matchId,queueId,Diff_LV,Diff_CS,Diff_jglCS,Diff-K,Diff-K-top,K-WIN-top,K-LOSE-top,Diff-K-jug,K-WIN-jug,K-LOSE-jug,Diff-K-mid,K-WIN-mid,K-LOSE-mid,Diff-K-ad,K-WIN-ad,K-LOSE-ad,Diff-K-sup,K-WIN-sup,K-LOSE-sup,invadeKill,Diff-A,Diff_WARDplaced,Diff-ControlWARDplaced,LOSE_controlWARDPlaced,WIN_controlWARDPlaced,Diff_WARDkill,Diff_Inhibitor,Diff_TOWERkill,Diff_FirstDRAGON,Diff_FirstHERALD,Diff_Firsttower,Diff_FirstBLOOD,dragonType,result
KR_6777109164,420,6,124,34,7,7,8,1,-1,1,2,4,4,0,-2,1,3,-1,0,1,0,-3,1,-1,10,9,5,0,1,1,1,1,1,3,1
KR_6777260164,420,1,31,23,4,6,7,1,-5,2,7,5,5,0,1,1,0,-3,0,3,0,0,-97,-1,6,5,-1,0,-1,1,1,-1,1,3,1
KR_6684456207,420,1,62,16,6,2,3,1,6,6,0,2,3,1,-3,0,3,-1,4,5,0,6,2,2,3,5,2,0,1,1,-1,1,1,2,1
KR_6718363220,420,1,42,5,8,-1,0,1,-1,1,2,6,7,1,3,3,0,1,4,3,0,14,11,0,4,4,6,0,0,1,-1,0,-1,5,1
KR_6769304724,420,0,-1,-25,-1,-2,0,2,-4,1,5,0,1,1,3,3,0,2,3,1,0,-1,-5,2,6,8,4,0,0,1,-1,1,1,2,1
KR_6759821468,420,6,37,18,12,7,7,0,4,4,0,0,2,2,1,4,3,0,0,0,0,9,9,9,4,13,-4,0,1,-1,1,1,1,2,1
KR_6773040100,420,0,10,41,0,-3,1,4,2,2,0,1,1,0,-1,1,2,1,3,2,0,-3,-12,-6,11,5,0,0,0,1,-1,0,1,4,1
KR_6775650347,420,7,70,41,12,-1,1,2,7,8,1,2,3,1,1,3,2,3,3,0,0,3,1,-4,8,4,2,0,1,1,1,1,1,4,1
KR_6775290402,440,-3,-51,-5,1,2,2,0,2,5,3,-1,0,1,-2,2,4,0,3,3,0,-1,-14,2,3,5,0,0,1,-1,1,1,1,4,1
KR_6768611353,420,0,10,1,2,-5,1,6,-2,2,4,4,6,2,2,5,3,3,4,1,0,10,-5,5,5,10,1,0,0,1,1,1,1,4,1
KR_6773578802,420,0,4,29,0,-1,0,1,-2,1,3,2,3,1,3,6,3,-2,1,3,0,4,-155,4,3,7,-4,0,0,1,-1,0,1,3,1
KR_6715734484,420,1,-5,-3,7,-1,0,1,6,8,2,0,3,3,2,4,2,0,1,1,0,8,5,2,7,9,2,0,0,-1,1,0,1,5,1
KR_6694163652,420,1,17,22,0,-4,1,5,-3,1,4,0,1,1,5,6,1,2,3,1,0,0,48,2,9,11,-5,0,0,1,1,1,-1,4,1
KR_6777733213,420,2,38,29,0,1,2,1,-1,2,3,1,3,2,-1,1,2,0,2,2,0,2,-49,0,8,8,17,0,0,1,1,1,1,3,1
KR_6765982425,420,-1,14,-12,-4,-6,0,6,2,3,1,-1,2,3,2,2,0,-1,0,1,0,1,-4,-5,10,5,7,0,0,1,-1,-1,1,4,1
KR_6771128610,420,2,13,7,3,0,3,3,-4,0,4,1,3,2,2,4,2,4,4,0,-1,-3,-3,-5,12,7,2,0,4,1,-1,1,-1,5,1
KR_6750174736,420,3,31,-9,6,-1,1,2,2,4,2,1,5,4,3,4,1,1,1,0,0,12,-7,1,5,6,6,0,0,-1,1,1,1,2,1
KR_6745999394,420,3,24,5,13,2,2,0,6,6,0,2,2,0,2,3,1,1,1,0,1,21,12,1,6,7,-4,0,1,1,1,1,1,1,1
KR_6769433281,420,4,-11,19,16,4,4,0,6,7,1,4,7,3,2,4,2,0,0,0,0,14,-3,1,7,8,-8,0,-1,1,-1,-1,1,1,1
KR_6740853092,420,3,41,40,5,1,3,2,7,8,1,-1,3,4,-3,3,6,1,2,1,1,7,-41,-5,10,5,6,0,0,-1,1,1,1,5,1
KR_6711607949,420,1,-5,-3,2,-1,1,2,0,7,7,1,2,1,4,8,4,-2,0,2,1,-3,-4,4,5,9,-2,0,-1,-1,-1,-1,1,5,1
KR_6726894674,440,0,42,4,2,1,1,0,2,3,1,-1,2,3,1,3,2,-1,1,2,0,2,-2,5,5,10,4,0,0,1,1,0,1,2,1
KR_6773131995,440,1,1,-40,5,2,2,0,-6,1,7,1,1,0,-1,1,2,9,10,1,0,6,-31,5,2,7,17,0,1,1,1,1,1,5,1
KR_6774656506,420,3,57,8,8,5,7,2,4,6,2,-4,1,5,1,3,2,2,2,0,0,3,2,5,4,9,-1,0,1,1,1,1,-1,1,1
KR_6714510043,420,-1,-24,-8,-5,-1,0,1,-2,2,4,1,3,2,-1,2,3,-2,1,3,0,-17,-8,1,7,8,-6,0,-1,1,-1,-1,-1,4,1
KR_6754622579,440,0,21,-12,1,5,5,0,3,6,3,-5,2,7,-1,1,2,-1,0,1,0,-4,-11,2,6,8,-3,0,0,1,-1,-1,-1,6,1
KR_6777336340,420,3,23,4,4,1,1,0,3,4,1,0,3,3,0,0,0,0,0,0,0,2,0,5,3,8,-4,0,1,1,1,1,1,6,1
KR_6770941854,420,6,82,0,7,3,4,1,0,1,1,1,1,0,0,2,2,3,4,1,0,7,6,-1,6,5,3,0,1,-1,-1,1,-1,4,1
KR_6744812460,420,1,25,44,4,-5,0,5,-1,1,2,-1,1,2,8,11,3,3,3,0,0,0,-6,-3,5,2,5,0,1,-1,1,1,1,5,1
KR_6763110713,420,4,64,50,9,0,1,1,9,11,2,2,5,3,-4,1,5,2,3,1,3,14,8,1,7,8,-3,0,2,1,1,1,1,3,1
KR_6757151257,420,1,56,6,1,1,1,0,1,2,1,0,6,6,-2,3,5,1,1,0,0,0,-57,-7,11,4,3,0,1,-1,1,1,1,5,1
KR_6756970144,440,6,91,-15,14,1,1,0,1,1,0,4,4,0,3,5,2,5,5,0,0,19,-1,-1,6,5,4,0,1,-1,-1,1,1,3,1
KR_6776510717,420,1,-9,13,3,2,2,0,2,3,1,0,0,0,-1,1,2,0,0,0,0,2,0,-1,4,3,2,0,0,1,-1,0,-1,3,1
KR_6772712330,420,4,14,10,4,2,4,2,-2,4,6,1,4,3,0,3,3,3,4,1,0,9,-3,-1,10,9,2,0,0,1,-1,-1,-1,6,1
KR_6676616292,420,-1,59,4,-5,0,2,2,-2,1,3,2,3,1,-1,2,3,-4,0,4,0,-16,59,-4,10,6,2,0,0,-1,1,1,-1,5,1
KR_6761816189,420,1,-71,49,-2,-2,0,2,1,4,3,1,2,1,-3,4,7,1,1,0,0,-7,1,3,8,11,4,0,0,1,1,0,1,3,1
KR_6755706761,420,1,41,48,-1,1,1,0,-2,3,5,-5,3,8,2,3,1,3,4,1,0,0,5,1,6,7,0,0,0,1,-1,-1,-1,2,1
KR_6684409397,420,4,99,-5,8,7,7,0,0,4,4,0,1,1,3,5,2,-2,1,3,2,5,7,-8,16,8,1,0,1,-1,1,-1,1,1,1
KR_6767873682,420,2,10,20,0,2,3,1,0,2,2,2,3,1,-3,0,3,-1,0,1,0,0,-11,-1,5,4,0,0,1,-1,1,1,-1,6,1
KR_6713150825,420,3,38,-5,12,11,11,0,-1,1,2,0,3,3,-2,2,4,4,4,0,0,7,-1,1,7,8,-1,0,2,1,1,1,1,6,1
KR_6768931749,420,6,62,34,8,2,3,1,3,4,1,-1,2,3,4,8,4,0,3,3,0,4,0,5,5,10,0,0,3,1,1,1,1,5,1
KR_6777762980,420,-2,7,-1,3,0,1,1,1,2,1,2,5,3,-1,0,1,1,2,1,0,8,-6,0,9,9,6,0,2,1,1,1,1,5,1
KR_6777844708,420,5,34,32,10,1,2,1,6,7,1,1,4,3,1,3,2,1,1,0,0,4,16,1,6,7,-2,0,1,1,1,1,1,2,1
KR_6695084140,420,-2,1,-2,-2,1,1,0,1,3,2,0,2,2,-1,2,3,-3,0,3,0,-15,37,1,8,9,2,0,-1,-1,1,-1,-1,6,1
KR_6676352922,420,6,45,33,8,3,3,0,2,5,3,5,5,0,0,2,2,-2,1,3,0,8,-3,-1,7,6,1,0,0,1,-1,1,1,5,1
KR_6775270272,420,2,3,-23,2,-1,3,4,-2,2,4,1,2,1,4,6,2,0,0,0,0,-1,-3,2,5,7,-7,0,1,-1,-1,1,-1,2,1
KR_6763726168,420,0,-34,7,1,6,8,2,-3,3,6,1,3,2,1,3,2,-4,2,6,0,-8,-5,-1,7,6,-1,0,-2,-1,1,-1,-1,1,1
KR_6776536948,420,3,-16,20,9,3,5,2,6,7,1,2,2,0,-2,1,3,0,0,0,0,7,1,-1,6,5,-5,0,1,-1,1,1,1,1,1
KR_6774171166,420,1,37,32,4,1,6,5,-1,1,2,3,3,0,-1,0,1,2,2,0,0,-1,14,5,5,10,-1,0,1,1,-1,1,1,5,1
KR_6772321990,420,1,2,-9,-2,-3,2,5,1,4,3,1,3,2,0,0,0,-1,0,1,-1,-7,5,-2,4,2,-1,0,-2,-1,-1,-1,-1,5,1
KR_6725966116,420,4,18,0,17,4,4,0,4,4,0,-3,3,6,11,12,1,1,2,1,0,21,6,1,5,6,0,0,3,1,1,1,1,2,1
KR_6771477272,420,5,41,-5,19,2,4,2,9,10,1,5,8,3,2,3,1,1,3,2,2,17,2,1,1,2,-1,0,0,1,1,1,1,3,1
KR_6775750207,420,0,-15,-1,6,2,2,0,0,2,2,3,4,1,1,1,0,0,0,0,0,2,1,-1,7,6,1,0,0,-1,1,0,1,1,1
KR_6769105206,420,-1,19,7,-4,1,1,0,-3,2,5,-5,0,5,3,4,1,0,0,0,0,5,6,1,5,6,1,0,0,1,-1,0,-1,1,1
KR_6769197258,420,-1,30,20,-1,1,2,1,-2,5,7,-5,2,7,4,8,4,1,2,1,1,-5,-5,-7,11,4,3,0,0,0,1,0,1,0,1
KR_6772363446,420,3,58,11,6,-5,2,7,3,3,0,5,6,1,2,4,2,1,2,1,0,15,-200,-5,11,6,0,0,0,1,-1,-1,1,6,1
KR_6775328967,420,0,3,8,6,3,4,1,1,6,5,2,4,2,0,3,3,0,0,0,-1,-4,1,0,6,6,-1,0,0,1,1,-1,1,2,1
KR_6772030943,420,5,79,27,7,-1,2,3,-2,0,2,4,7,3,4,5,1,2,4,2,0,7,-44,2,5,7,10,0,0,1,-1,1,1,6,1
KR_6770434128,420,-1,-38,4,-5,-2,2,4,-4,2,6,-1,0,1,2,3,1,0,0,0,0,-4,34,-4,12,8,-1,0,0,1,-1,-1,1,1,1
KR_6759577981,420,7,43,30,17,3,4,1,6,7,1,4,6,2,3,4,1,1,1,0,-1,27,8,-2,6,4,-2,0,4,1,-1,1,-1,4,1
KR_6769106154,420,5,71,46,4,7,7,0,1,3,2,2,5,3,-3,4,7,-3,0,3,0,-10,38,-1,4,3,-1,0,1,1,1,-1,1,2,1
KR_6777667075,420,-2,43,-12,3,6,6,0,-2,0,2,-2,0,2,-1,3,4,2,2,0,0,-4,-2,-2,7,5,0,0,-1,1,-1,1,-1,3,1
KR_6774202104,440,4,-11,44,2,1,2,1,3,5,2,-1,1,2,-1,2,3,0,0,0,0,0,1,1,5,6,2,0,3,-1,1,1,-1,6,1
KR_6770806760,420,1,79,19,-2,1,2,1,-4,1,5,-2,2,4,1,3,2,2,3,1,0,-10,-16,-2,6,4,-5,0,2,1,-1,1,1,6,1
KR_6709735230,420,3,66,31,4,2,3,1,-1,1,2,5,7,2,1,2,1,-3,2,5,-1,-2,-13,-2,11,9,3,0,1,-1,1,1,-1,5,1
KR_6776899644,420,2,-3,4,9,5,6,1,1,3,2,3,4,1,0,5,5,0,0,0,0,8,-3,1,6,7,-5,0,1,-1,-1,1,1,5,1
KR_6767490684,420,4,74,35,14,4,4,0,1,1,0,4,4,0,6,6,0,-1,0,1,0,14,-2,-6,11,5,11,0,0,1,-1,0,1,1,1
KR_6709858887,420,1,-11,24,-1,1,2,1,0,4,4,-1,3,4,-2,0,2,1,1,0,0,-3,7,5,5,10,-4,0,-1,1,-1,-1,1,2,1
KR_6777355898,420,4,39,15,8,1,2,1,9,10,1,1,2,1,-1,4,5,-2,1,3,1,15,-54,2,7,9,7,0,0,1,-1,0,1,2,1
KR_6740739897,420,2,0,16,7,0,2,2,2,4,2,0,1,1,5,5,0,0,1,1,0,12,40,5,3,8,-6,0,1,1,0,1,1,2,1
KR_6773817086,440,5,126,20,16,-1,2,3,9,11,2,1,1,0,6,7,1,1,4,3,1,22,-3,5,1,6,0,0,2,1,1,1,1,1,1
KR_6712024316,420,1,58,3,1,-2,1,3,5,9,4,-3,1,4,1,1,0,0,0,0,0,0,-160,-1,6,5,0,0,0,1,-1,1,1,1,1
KR_6771521942,420,6,-51,17,6,4,4,0,5,6,1,-2,2,4,-2,1,3,1,2,1,0,6,153,0,6,6,-4,0,2,-1,1,1,1,2,1
KR_6772609415,420,6,59,24,10,3,6,3,-2,3,5,1,1,0,8,9,1,0,0,0,-1,4,0,0,6,6,1,0,1,1,-1,1,-1,5,1
KR_6777349872,420,3,72,27,5,1,2,1,0,5,5,0,2,2,2,2,0,2,2,0,1,9,-1,0,4,4,0,0,0,1,1,1,1,5,1
KR_6684974101,420,1,1,13,-3,-2,1,3,-1,4,5,-2,2,4,1,4,3,1,2,1,-1,-9,-19,3,8,11,0,0,1,-1,1,1,-1,2,1
KR_6773990284,420,6,-10,48,8,2,3,1,6,7,1,3,4,1,0,4,4,-3,2,5,-1,8,27,1,7,8,1,0,0,1,0,1,-1,3,1
KR_6765439496,420,0,-52,10,6,1,5,4,3,4,1,2,5,3,2,4,2,-2,0,2,0,11,21,2,4,6,-6,0,0,-1,1,0,-1,2,1
KR_6774011450,420,1,14,-6,-6,1,2,1,-1,3,4,-4,4,8,-1,4,5,-1,1,2,-1,1,341,0,6,6,0,0,1,-1,-1,1,-1,5,1
KR_6736463090,420,3,25,-12,13,1,1,0,6,9,3,5,6,1,2,2,0,-1,1,2,0,11,7,4,3,7,0,0,3,1,-1,1,1,5,1
KR_6737707595,420,2,52,-15,7,1,3,2,1,4,3,0,2,2,2,2,0,3,3,0,1,11,36,-2,6,4,0,0,0,1,-1,-1,1,5,1
KR_6775990850,420,3,46,26,1,-2,1,3,-1,3,4,3,3,0,0,1,1,1,1,0,0,3,20,-4,7,3,5,0,1,1,1,1,1,3,1
KR_6777776325,420,6,35,-7,11,3,4,1,1,2,1,1,2,1,5,5,0,1,3,2,1,14,-17,-2,5,3,2,0,2,-1,-1,1,1,6,1
KR_6777069855,420,5,12,54,11,4,4,0,3,4,1,0,1,1,6,7,1,-2,0,2,0,11,4,3,7,10,-9,0,0,-1,1,1,1,2,1
KR_6763630837,440,-3,-25,-16,-3,0,1,1,1,1,0,-3,0,3,3,5,2,-4,0,4,0,-14,10,1,3,4,1,0,-1,1,-1,-1,-1,2,1
KR_6777240644,420,0,58,1,2,-2,0,2,2,3,1,2,2,0,0,5,5,0,0,0,0,0,16,2,6,8,4,0,-1,1,-1,-1,1,3,1
KR_6762839792,420,1,-1,-2,2,-4,2,6,6,8,2,3,5,2,-2,1,3,-1,1,2,-2,2,-38,-1,8,7,2,0,0,1,-1,-1,-1,4,1
KR_6684329157,420,3,34,16,6,3,4,1,3,7,4,1,6,5,2,4,2,-3,1,4,0,-5,-12,3,5,8,26,0,1,1,1,1,1,2,1
KR_6777152507,420,4,27,-9,13,0,2,2,-2,4,6,6,7,1,6,7,1,3,4,1,0,16,-114,2,7,9,3,0,-1,1,-1,-1,1,4,1
KR_6775872186,420,4,26,7,7,4,5,1,1,5,4,-1,1,2,2,2,0,1,1,0,0,0,44,-1,5,4,5,0,0,-1,1,1,1,3,1
KR_6773677935,420,2,25,44,8,-1,2,3,7,7,0,1,1,0,1,1,0,0,1,1,0,9,2,-1,6,5,-5,0,1,1,1,1,1,3,1
KR_6763045953,420,-1,27,17,-1,-1,2,3,0,1,1,-3,0,3,4,5,1,-1,0,1,0,-1,21,-5,10,5,0,0,1,-1,1,-1,-1,5,1
KR_6775797685,420,0,-1,5,8,0,2,2,3,6,3,5,6,1,1,1,0,-1,0,1,0,11,33,5,3,8,-1,0,0,1,1,1,-1,2,1
KR_6734793063,420,7,71,28,14,5,5,0,5,5,0,0,3,3,2,2,0,2,3,1,0,14,10,2,5,7,-8,0,2,-1,1,1,1,2,1
KR_6764839200,420,-1,31,-54,1,1,2,1,-3,2,5,5,5,0,-3,2,5,1,1,0,-2,-3,5,2,6,8,1,0,-1,-1,-1,-1,-1,2,1
KR_6770485029,420,3,42,19,4,-1,1,2,1,2,1,0,1,1,2,4,2,2,3,1,0,7,0,-1,10,9,6,0,0,1,-1,1,1,1,1
KR_6777667164,420,1,41,-23,6,5,5,0,4,6,2,2,2,0,-4,0,4,-1,0,1,0,10,0,-2,8,6,-2,0,-1,1,-1,-1,1,4,1
KR_6774522612,420,5,71,12,14,2,2,0,5,7,2,6,8,2,1,3,2,0,0,0,0,18,26,4,3,7,-2,0,4,1,1,1,1,5,1
KR_6775941075,420,2,18,-12,-3,2,3,1,-3,1,4,-2,0,2,1,1,0,-1,1,2,0,-6,-60,-3,10,7,22,0,2,-1,1,1,-1,6,1
KR_6666407020,420,3,22,-4,8,2,3,1,1,4,3,5,6,1,0,3,3,0,1,1,0,11,2,2,4,6,5,0,2,1,1,1,1,5,1
KR_6775615557,420,0,62,14,5,0,2,2,2,6,4,0,3,3,2,5,3,1,1,0,2,12,-1,0,6,6,4,0,0,1,1,1,1,5,1
KR_6730581955,420,0,3,11,3,-3,0,3,-2,0,2,4,4,0,3,4,1,1,1,0,0,9,15,3,4,7,0,0,2,1,1,1,1,1,1
KR_6776709663,420,7,189,8,11,3,3,0,4,4,0,2,2,0,2,4,2,0,0,0,0,12,-21,5,2,7,1,0,6,1,1,1,1,4,1
KR_6767965048,420,0,32,-16,0,-3,1,4,2,4,2,-1,2,3,2,6,4,0,0,0,0,4,6,1,6,7,-2,0,-1,-1,-1,-1,1,4,1
KR_6777084763,420,1,19,-2,16,1,3,2,-1,2,3,11,12,1,4,7,3,1,2,1,2,14,-10,-5,13,8,7,0,0,1,1,0,1,6,1
KR_6748728468,420,-2,12,20,0,-1,2,3,4,5,1,-2,1,3,-1,1,2,0,1,1,0,4,6,7,3,10,4,0,0,1,-1,0,1,6,1
KR_6777694064,420,2,86,-29,3,1,2,1,3,3,0,1,3,2,-4,1,5,2,4,2,0,7,-7,-1,8,7,6,0,0,1,1,0,1,2,1
KR_6752246189,420,2,17,-28,3,0,0,0,4,4,0,2,3,1,0,2,2,-3,0,3,0,2,0,2,6,8,4,0,0,1,1,0,1,5,1
KR_6774704861,420,0,-2,-9,-3,1,1,0,-4,1,5,-2,1,3,5,6,1,-3,0,3,1,0,-146,5,4,9,3,0,-3,1,-1,-1,1,3,1
KR_6768891520,420,1,-4,16,0,0,2,2,-2,3,5,3,4,1,-3,1,4,2,2,0,0,-7,-6,2,5,7,3,0,1,-1,1,1,-1,2,1
KR_6777195569,420,-1,22,-8,-11,-4,0,4,-1,2,3,-1,2,3,-3,3,6,-2,0,2,0,-6,-3,-1,8,7,-1,0,0,-1,-1,-1,-1,2,1
KR_6761601610,420,4,22,-23,8,-1,3,4,0,5,5,9,9,0,1,5,4,-1,1,2,0,12,1,6,5,11,8,0,2,1,1,1,-1,3,1
KR_6684289803,420,4,51,4,8,3,5,2,2,3,1,0,1,1,-1,2,3,4,4,0,0,4,6,3,4,7,3,0,1,1,-1,1,1,4,1
KR_6775199301,420,5,24,18,14,1,4,3,4,5,1,7,8,1,2,5,3,0,0,0,0,16,3,4,1,5,0,0,2,0,1,1,1,0,1
KR_6769887723,420,1,46,-19,7,2,2,0,-1,2,3,0,2,2,7,9,2,-1,0,1,0,6,2,4,6,10,8,0,1,1,-1,1,1,2,1
KR_6684315662,420,2,8,0,9,-2,4,6,6,8,2,0,1,1,2,3,1,3,3,0,0,21,4,1,3,4,1,0,1,1,-1,1,1,1,1
KR_6773927709,440,-4,-33,-6,-11,1,1,0,-7,8,15,-1,2,3,-1,3,4,-3,0,3,3,6,2,-2,4,2,3,0,-1,0,-1,-1,1,0,1
KR_6775877953,420,4,14,12,13,-4,0,4,1,3,2,14,14,0,2,2,0,0,0,0,0,6,42,4,4,8,-4,0,1,1,-1,1,1,4,1
KR_6775300030,440,4,-33,26,2,-2,0,2,4,5,1,2,3,1,-5,0,5,3,4,1,0,6,4,2,4,6,-4,0,1,0,1,1,-1,0,1
KR_6776206738,420,3,64,5,-1,2,2,0,2,4,2,-3,2,5,-2,3,5,0,0,0,0,-9,-28,1,6,7,3,0,1,-1,-1,1,1,3,1
KR_6698458526,420,1,17,13,7,1,3,2,5,7,2,-4,0,4,5,6,1,0,0,0,0,9,9,-6,10,4,6,0,3,1,1,1,-1,6,1
KR_6737581327,420,1,75,-22,3,2,5,3,-4,2,6,2,3,1,6,6,0,-3,1,4,0,-4,-80,2,8,10,32,0,1,1,-1,1,1,1,1
KR_6775068936,420,5,30,8,12,2,2,0,2,5,3,1,3,2,10,12,2,-3,2,5,0,17,-13,8,5,13,2,0,1,1,1,1,1,5,1
KR_6756298822,420,4,42,-6,13,-1,0,1,2,4,2,3,4,1,6,7,1,3,3,0,0,13,19,3,5,8,2,0,1,-1,1,1,1,1,1
KR_6774183983,420,2,-3,-13,4,0,0,0,4,4,0,-3,2,5,0,1,1,3,3,0,0,8,47,1,4,5,0,0,0,1,1,0,-1,6,1
KR_6777450859,420,0,-15,-34,5,-1,1,2,6,9,3,-1,0,1,1,2,1,0,0,0,0,11,4,0,4,4,0,0,1,1,1,1,1,3,1
KR_6754359612,420,-1,85,2,5,-1,4,5,2,6,4,2,4,2,0,4,4,2,2,0,0,3,32,3,7,10,1,0,0,1,-1,1,1,6,1
KR_6775851368,420,-2,-18,-6,2,1,3,2,-2,2,4,2,3,1,0,2,2,1,2,1,0,4,44,6,6,12,-1,0,1,-1,1,1,-1,3,1
KR_6774035220,420,5,75,35,17,6,6,0,3,4,1,2,6,4,3,3,0,3,4,1,1,16,22,5,3,8,3,0,3,0,1,1,1,0,1
KR_6767794444,440,1,-35,0,4,1,2,1,2,6,4,0,1,1,2,6,4,-1,0,1,2,3,-9,1,5,6,-1,0,0,-1,1,0,1,4,1
KR_6773237065,420,1,9,-3,7,0,2,2,2,4,2,-1,1,2,3,7,4,3,3,0,1,12,149,7,5,12,-1,0,1,0,-1,1,1,0,1
KR_6775461821,420,-3,-20,1,-8,-2,0,2,-6,1,7,2,4,2,-1,0,1,-1,0,1,0,-7,-20,-4,7,3,2,0,-1,0,1,-1,-1,0,1
KR_6773940618,420,1,-42,-15,4,2,3,1,-2,3,5,0,4,4,4,4,0,0,1,1,0,15,1,-1,8,7,-4,0,0,1,-1,0,-1,2,1
KR_6763475163,420,1,22,21,2,3,3,0,2,2,0,0,3,3,-4,2,6,1,1,0,0,2,0,1,7,8,-1,0,0,-1,1,1,1,4,1
KR_6764419900,420,1,13,-16,0,2,2,0,-1,4,5,2,3,1,-2,3,5,-1,1,2,0,-1,4,7,4,11,4,0,0,-1,1,1,1,6,1
KR_6777181444,420,1,-29,21,2,1,2,1,3,4,1,-1,2,3,-2,3,5,1,1,0,-1,5,-54,2,4,6,-6,0,1,-1,1,1,-1,6,1
KR_6769798961,420,1,28,-4,1,0,1,1,0,2,2,3,4,1,-4,2,6,2,2,0,0,-2,-9,-2,8,6,3,0,0,-1,1,0,1,2,1
KR_6755793473,420,3,8,19,11,2,3,1,2,5,3,-3,1,4,10,11,1,0,1,1,1,22,8,3,7,10,-1,0,2,1,1,1,1,2,1
KR_6736388514,420,2,-6,3,2,-1,0,1,-1,2,3,3,7,4,-2,2,4,3,4,1,0,6,11,0,4,4,4,0,0,1,-1,0,-1,2,1
KR_6746500632,420,1,63,-9,3,1,4,3,-5,1,6,1,2,1,6,7,1,0,0,0,-1,-10,2,-5,11,6,8,0,1,-1,-1,1,-1,6,1
KR_6773002194,420,-1,55,5,-1,3,6,3,-1,2,3,-1,2,3,-1,3,4,-1,1,2,1,-2,0,2,4,6,-4,0,2,-1,1,1,1,6,1
KR_6634543246,420,1,41,18,8,1,2,1,1,2,1,0,1,1,6,9,3,0,1,1,1,7,32,2,3,5,0,0,1,1,1,1,1,1,1
KR_6777777179,420,3,-20,13,9,4,6,2,3,4,1,3,4,1,-4,3,7,3,4,1,0,9,183,-4,13,9,-4,0,1,-1,1,-1,-1,6,1
KR_6769882955,420,1,-11,9,8,2,4,2,0,3,3,-1,1,2,5,5,0,2,2,0,0,7,12,1,7,8,-2,0,2,1,-1,1,1,6,1
KR_6770728901,420,-2,-32,2,-2,-2,0,2,-5,1,6,3,4,1,2,3,1,0,1,1,0,-5,11,4,4,8,-4,0,-1,-1,1,-1,-1,2,1
KR_6773438982,420,2,-5,28,5,2,3,1,-2,2,4,2,4,2,5,9,4,-2,1,3,0,9,9,5,5,10,1,0,1,1,1,1,1,5,1
KR_6766844684,420,0,-20,15,-7,-2,1,3,-5,1,6,0,1,1,1,3,2,-1,0,1,-1,-6,-1,-2,7,5,-1,0,1,1,-1,1,-1,4,1
KR_6775269720,420,4,15,17,11,-1,2,3,9,10,1,1,2,1,1,3,2,1,1,0,1,20,-21,3,4,7,10,0,0,1,-1,0,1,3,1
KR_6774570312,420,2,38,17,0,-2,1,3,0,4,4,-1,1,2,0,2,2,3,3,0,0,0,49,1,5,6,-14,0,0,1,-1,0,-1,4,1
KR_6743347412,420,2,7,8,3,0,2,2,3,6,3,-2,3,5,-1,1,2,3,3,0,0,8,0,-4,9,5,-3,0,1,-1,1,1,-1,1,1
KR_6708418840,420,-1,-8,6,0,-4,0,4,5,5,0,-1,2,3,1,3,2,-1,1,2,0,8,4,1,2,3,5,0,0,1,-1,-1,-1,5,1
KR_6764696494,420,0,-38,19,1,-2,2,4,0,1,1,4,4,0,-1,3,4,0,1,1,0,1,30,-2,5,3,-1,0,0,1,-1,-1,1,3,1
KR_6761922963,420,2,-18,13,9,-1,2,3,2,3,1,1,5,4,4,6,2,3,3,0,1,13,7,5,4,9,-1,0,2,1,1,1,1,3,1
KR_6772635971,420,0,12,7,0,-2,0,2,-4,3,7,3,5,2,3,4,1,0,3,3,0,1,15,1,3,4,1,0,1,1,-1,1,1,6,1
KR_6702684519,420,0,-24,22,1,-4,2,6,4,5,1,-2,3,5,1,5,4,2,3,1,0,6,10,-1,12,11,-4,0,1,1,1,1,1,6,1
KR_6774434046,420,6,61,16,14,1,2,1,7,8,1,3,5,2,-1,3,4,4,4,0,0,14,109,-3,9,6,4,0,3,1,1,1,1,1,1
KR_6774161677,420,3,36,15,14,1,2,1,-1,1,2,4,5,1,8,8,0,2,3,1,0,20,3,3,4,7,7,0,1,1,1,1,1,4,1
KR_6776423025,420,4,95,32,6,1,4,3,-3,0,3,0,5,5,6,7,1,2,3,1,1,4,0,-5,11,6,-1,0,0,1,-1,1,1,2,1
KR_6768471788,420,1,86,16,-1,0,1,1,-1,3,4,1,2,1,-1,6,7,0,1,1,0,-8,-7,3,6,9,7,0,0,-1,1,1,-1,5,1
KR_6777147768,420,1,-52,42,7,3,4,1,2,5,3,-2,1,3,3,4,1,1,2,1,0,17,-10,0,7,7,-4,0,3,1,1,1,-1,6,1
KR_6756851960,420,3,70,18,13,3,4,1,2,4,2,4,5,1,4,6,2,0,1,1,0,8,10,4,4,8,0,0,3,1,1,1,1,1,1
KR_6766954164,440,1,96,-13,3,-1,4,5,1,1,0,2,3,1,1,5,4,0,0,0,0,6,4,3,6,9,4,0,2,-1,1,1,1,6,1
KR_6777309571,420,3,43,12,3,2,3,1,-1,2,3,-1,2,3,0,1,1,3,3,0,0,6,-3,4,7,11,-8,0,1,1,1,1,1,4,1
KR_6764921546,420,4,67,-8,9,5,5,0,3,3,0,0,5,5,0,3,3,1,1,0,0,6,3,1,5,6,3,0,1,1,1,1,1,5,1
KR_6759371989,420,6,55,26,13,-1,2,3,6,6,0,3,5,2,2,6,4,3,4,1,2,19,-1,5,7,12,2,0,3,1,1,1,1,5,1
KR_6775825626,420,0,-61,32,3,-2,2,4,2,4,2,-1,2,3,3,5,2,1,2,1,0,7,55,4,2,6,-19,0,-1,1,-1,-1,-1,3,1
KR_6775400544,420,0,37,-42,5,2,5,3,-2,4,6,2,3,1,1,5,4,2,2,0,3,6,-6,2,6,8,4,0,1,1,-1,1,1,3,1
KR_6724276844,420,2,31,24,9,5,6,1,2,7,5,-5,1,6,7,10,3,0,0,0,1,10,5,0,6,6,-2,0,3,-1,1,1,-1,2,1
KR_6772437749,420,2,-24,-8,2,4,5,1,-5,2,7,0,0,0,3,6,3,0,2,2,0,1,-4,1,3,4,1,0,0,1,-1,0,1,1,1
KR_6761883251,440,2,-14,19,2,-5,2,7,3,3,0,4,6,2,-1,0,1,1,2,1,0,-10,0,-3,5,2,1,0,0,1,1,1,-1,6,1
KR_6761805115,420,-1,28,-58,0,4,4,0,1,2,1,-2,2,4,-3,1,4,0,1,1,0,-3,29,3,6,9,1,0,-1,-1,-1,-1,1,5,1
KR_6757984388,420,3,36,20,8,-4,0,4,0,3,3,1,2,1,9,11,2,2,2,0,-1,9,4,6,3,9,-6,0,2,1,1,1,-1,1,1
KR_6728421212,420,4,71,3,4,5,5,0,-2,1,3,2,3,1,0,2,2,-1,0,1,0,1,-13,3,8,11,-1,0,2,1,1,1,-1,1,1
KR_6777621284,440,7,54,-4,26,1,1,0,12,12,0,3,4,1,8,8,0,2,2,0,0,23,31,0,3,3,5,0,3,-1,1,1,1,3,1
KR_6754601911,420,1,25,-10,6,4,4,0,0,3,3,1,4,3,2,3,1,-1,0,1,0,3,36,6,4,10,-6,0,0,1,1,1,1,4,1
KR_6774708456,420,2,5,12,3,2,2,0,0,2,2,3,5,2,-1,0,1,-1,0,1,0,6,30,8,4,12,-10,0,-1,-1,-1,-1,1,2,1
KR_6772427108,420,1,-5,-2,2,0,3,3,3,5,2,-2,2,4,1,3,2,0,1,1,0,0,38,1,4,5,-2,0,-1,1,-1,-1,-1,3,1
KR_6768842691,420,3,21,1,3,-4,0,4,-3,1,4,3,3,0,6,6,0,1,1,0,0,2,-5,-1,7,6,0,0,1,1,1,1,1,3,1
KR_6765720844,420,-1,12,1,0,2,2,0,-1,1,2,-4,2,6,3,6,3,0,0,0,0,1,10,4,4,8,-5,0,1,-1,1,1,1,3,1
KR_6770916261,420,2,45,-2,6,4,7,3,-2,2,4,2,3,1,2,6,4,0,0,0,1,3,-26,-4,8,4,0,0,3,1,1,1,-1,3,1
KR_6768538597,420,-1,13,-5,-1,-1,0,1,-3,0,3,0,4,4,-1,4,5,4,5,1,-1,3,-5,1,3,4,0,0,0,1,1,0,-1,3,1
KR_6677184036,420,3,12,-14,0,0,1,1,1,2,1,-1,1,2,0,1,1,0,0,0,0,1,4,-1,9,8,0,0,-1,-1,-1,-1,-1,2,1
KR_6660663300,420,1,46,-16,11,1,1,0,7,8,1,1,2,1,2,6,4,0,1,1,0,18,-7,0,6,6,6,0,2,1,1,1,-1,4,1
KR_6775078480,420,1,-13,5,3,-2,3,5,0,3,3,-1,1,2,1,2,1,5,6,1,0,7,2,1,4,5,8,0,1,1,1,1,-1,6,1
KR_6769657466,420,-2,3,-4,-1,0,0,0,2,4,2,4,4,0,-5,1,6,-2,1,3,0,4,4,6,2,8,-2,0,0,-1,1,0,-1,6,1
KR_6777829058,420,7,49,65,14,2,3,1,3,5,2,5,5,0,3,5,2,1,4,3,0,14,3,-8,12,4,2,0,2,0,1,1,1,0,1
KR_6693205435,420,2,2,13,6,-1,1,2,3,6,3,4,5,1,0,2,2,0,1,1,0,6,34,0,7,7,-4,0,0,-1,-1,-1,-1,5,1
KR_6726150148,420,1,35,2,-8,-2,1,3,4,5,1,2,3,1,-9,2,11,-3,1,4,0,-5,-1,-6,9,3,4,0,1,1,-1,1,-1,3,1
KR_6772781565,420,5,43,-4,16,4,7,3,3,4,1,5,6,1,4,4,0,0,1,1,0,23,22,2,6,8,1,0,2,-1,1,1,-1,6,1
KR_6761128621,420,2,8,9,12,0,2,2,3,4,1,0,0,0,8,8,0,1,1,0,0,16,34,4,5,9,-6,0,0,1,-1,1,1,3,1
KR_6773212579,420,2,-11,28,1,-1,1,2,-1,3,4,5,5,0,0,0,0,-2,0,2,0,-1,-30,-4,6,2,-1,0,0,-1,-1,0,-1,4,1
KR_6777759307,420,0,27,4,-2,-1,3,4,-7,4,11,5,7,2,2,7,5,-1,2,3,0,2,-2,3,8,11,-1,0,-1,-1,-1,-1,1,1,1
KR_6746286261,420,1,1,-15,-1,0,0,0,-2,4,6,3,3,0,-1,3,4,-1,0,1,0,-2,-37,2,6,8,6,0,0,-1,1,1,1,1,1
KR_6772398904,420,2,26,20,1,2,3,1,2,3,1,-3,1,4,0,2,2,0,0,0,0,3,-21,-6,10,4,5,0,1,1,1,1,-1,6,1
KR_6777178465,420,-2,-50,6,-1,1,2,1,0,4,4,0,2,2,-1,3,4,-1,0,1,0,6,24,7,3,10,-1,0,-1,1,-1,-1,-1,3,1
KR_6666378673,420,2,31,60,-3,2,4,2,-2,3,5,0,3,3,-1,0,1,-2,0,2,0,-3,-7,-1,5,4,1,0,0,-1,1,1,-1,6,1
KR_6776437018,420,0,-22,13,3,-2,1,3,3,5,2,1,2,1,0,1,1,1,1,0,0,2,-5,-1,5,4,-4,0,-1,1,-1,-1,1,6,1
KR_6771135563,420,-3,-71,-47,-2,-1,3,4,-1,1,2,0,2,2,-3,0,3,3,3,0,-1,-3,-1,3,5,8,3,0,-2,1,1,-1,-1,5,1
KR_6769355942,420,3,15,17,4,1,3,2,4,4,0,0,3,3,-1,1,2,0,2,2,0,1,-3,2,5,7,-3,0,2,-1,1,1,-1,2,1
KR_6732423754,420,-2,-18,17,-5,-4,1,5,4,5,1,-2,0,2,-3,0,3,0,0,0,0,-3,1,3,4,7,-4,0,0,-1,1,1,1,5,1
KR_6770876258,420,8,84,44,5,0,4,4,0,1,1,-2,0,2,5,5,0,2,2,0,1,6,1,1,6,7,1,0,3,1,-1,1,1,2,1
KR_6739319025,420,3,3,-14,14,4,5,1,-2,2,4,3,5,2,6,6,0,3,3,0,0,11,-34,1,5,6,0,0,1,1,1,1,1,5,1
KR_6776491964,420,4,42,24,7,0,4,4,5,5,0,1,4,3,1,2,1,0,0,0,0,12,5,2,8,10,3,0,0,-1,-1,-1,1,6,1
KR_6750535270,420,1,18,-16,-4,1,2,1,0,2,2,0,2,2,-4,2,6,-1,0,1,0,-16,-62,-4,11,7,1,0,0,-1,-1,-1,1,6,1
KR_6727525760,420,5,154,42,5,3,6,3,-2,3,5,4,6,2,1,4,3,-1,1,2,0,-6,-2,2,6,8,-1,0,5,1,1,1,-1,1,1
KR_6739647352,420,3,65,40,15,6,6,0,5,6,1,0,3,3,5,6,1,-1,0,1,0,18,-6,4,2,6,1,0,3,1,1,1,1,4,1
KR_6770090691,420,3,24,8,5,1,2,1,2,7,5,-1,3,4,3,3,0,0,1,1,0,3,7,-4,7,3,0,0,2,1,1,1,1,6,1
KR_6767899312,420,3,24,27,5,2,3,1,3,5,2,-1,2,3,1,3,2,0,2,2,1,7,-2,-4,9,5,2,0,1,1,1,1,1,1,1
KR_6730950820,420,-3,-84,-2,-6,-1,1,2,-5,3,8,4,5,1,-3,4,7,-1,1,2,0,-8,-10,-2,8,6,2,0,-1,-1,1,1,1,3,1
KR_6776540703,420,2,0,6,4,-2,1,3,6,6,0,-1,1,2,0,2,2,1,5,4,0,-2,-14,-1,7,6,-4,0,2,1,1,1,1,1,1
KR_6770240615,420,-4,-56,-5,-7,-1,0,1,-4,2,6,-4,1,5,1,5,4,1,2,1,1,-11,20,-3,11,8,7,0,-1,1,-1,-1,1,6,1
KR_6773765033,420,0,-1,4,9,-2,1,3,3,3,0,-2,2,4,1,1,0,9,10,1,0,18,7,-5,7,2,5,0,1,1,-1,1,1,5,1
KR_6775403025,420,1,-35,18,9,1,2,1,-5,2,7,8,9,1,4,5,1,1,1,0,1,9,6,2,2,4,2,0,0,1,1,0,1,1,1
KR_6774074993,420,-3,-4,-18,-3,-3,1,4,-1,1,2,1,1,0,1,2,1,-1,2,3,0,0,2,4,5,9,1,0,-1,-1,-1,-1,1,1,1
KR_6776815962,420,0,5,-5,7,3,4,1,3,5,2,4,5,1,-2,0,2,-1,0,1,0,1,-31,2,4,6,-1,0,0,-1,1,0,1,3,1
KR_6693527239,420,1,-47,-20,6,-2,1,3,0,5,5,2,2,0,3,3,0,3,3,0,0,10,43,2,7,9,-1,0,-2,1,-1,-1,-1,4,1
KR_6747991823,420,2,14,16,8,1,3,2,3,3,0,0,2,2,2,3,1,2,2,0,0,3,-2,6,3,9,0,0,-1,1,1,-1,1,2,1
KR_6775798044,420,2,-4,25,1,-1,0,1,4,4,0,-4,1,5,4,6,2,-2,0,2,1,3,0,-1,8,7,-1,0,0,-1,1,0,1,2,1
KR_6776921935,420,-4,5,-4,1,-4,0,4,2,7,5,-3,2,5,3,8,5,3,4,1,2,-1,4,0,5,5,0,0,-1,1,-1,-1,1,4,1
KR_6775577915,420,4,74,-28,9,-1,1,2,2,3,1,3,3,0,4,8,4,1,1,0,0,6,2,0,8,8,5,0,2,1,-1,1,1,1,1
KR_6752941282,420,5,-25,36,11,3,3,0,6,6,0,1,2,1,1,3,2,0,0,0,0,10,7,1,4,5,-4,0,0,1,1,0,1,4,1
KR_6701876339,420,1,-1,9,-2,-3,2,5,0,5,5,0,1,1,3,3,0,-2,1,3,0,-3,18,-6,10,4,3,0,-1,-1,-1,-1,1,6,1
KR_6776066364,420,0,-50,-16,-1,2,3,1,-2,2,4,1,3,2,-1,1,2,-1,0,1,0,-2,2,0,7,7,-8,0,-1,-1,-1,-1,1,3,1
KR_6766924744,420,3,14,-6,5,-1,1,2,4,5,1,1,2,1,2,3,1,-1,0,1,0,19,-1,3,4,7,3,0,-1,-1,-1,-1,1,4,1
KR_6762836540,420,0,-30,4,-1,1,2,1,-1,0,1,4,4,0,-3,1,4,-2,0,2,0,2,12,0,7,7,-7,0,-1,-1,-1,-1,-1,3,1
KR_6757400878,420,1,45,18,4,-1,1,2,3,3,0,2,3,1,2,5,3,-2,0,2,0,13,5,-2,6,4,3,0,0,-1,1,1,1,6,1
KR_6686275049,420,6,12,36,14,0,2,2,10,10,0,0,2,2,4,6,2,0,1,1,0,21,27,-3,10,7,5,0,2,1,-1,1,-1,6,1
KR_6777742491,420,-4,-44,-16,-7,-1,1,2,-1,3,4,-1,1,2,-1,1,2,-3,0,3,0,-7,-10,-5,9,4,4,0,-1,-1,1,-1,1,5,1
KR_6775376686,420,0,-53,4,9,-1,0,1,8,9,1,-2,1,3,2,3,1,2,2,0,0,21,-10,2,5,7,-1,0,1,-1,1,1,1,3,1
KR_6719978507,420,5,57,36,12,3,3,0,2,4,2,2,3,1,2,3,1,3,3,0,0,11,-3,3,4,7,6,0,5,1,1,1,1,6,1
KR_6773156261,420,5,59,0,6,2,5,3,1,4,3,1,3,2,4,7,3,-2,0,2,1,8,5,0,6,6,7,0,0,1,1,0,1,2,1
KR_6758660501,420,3,63,-8,5,2,2,0,0,2,2,5,5,0,-2,1,3,0,1,1,0,1,-2,-5,7,2,2,0,1,-1,1,1,-1,4,1
KR_6739342004,420,2,11,31,0,5,12,7,2,4,2,0,2,2,-6,3,9,-1,0,1,0,-10,9,1,10,11,0,0,0,-1,1,-1,-1,3,1
KR_6757304852,420,-3,-2,-8,-1,0,0,0,-2,0,2,0,3,3,1,8,7,0,1,1,0,-4,7,-5,9,4,0,0,0,1,1,0,1,5,1
KR_6757732950,420,4,61,15,6,0,1,1,4,6,2,1,1,0,1,1,0,0,0,0,0,7,4,3,7,10,2,0,0,1,1,1,1,5,1
KR_6682803125,420,0,26,-42,-10,3,4,1,-9,1,10,1,1,0,-1,4,5,-4,3,7,1,-7,-1,0,6,6,-5,0,0,1,-1,1,1,6,1
KR_6770459025,420,3,57,-3,1,0,3,3,3,5,2,-1,2,3,-3,1,4,2,2,0,-2,4,5,3,2,5,0,0,0,1,1,0,-1,6,1
KR_6776946225,420,-2,38,8,-5,-1,0,1,-3,6,9,-1,0,1,-2,1,3,2,2,0,0,0,0,1,5,6,0,0,0,1,-1,0,1,2,1
KR_6767414199,420,2,40,5,7,0,1,1,5,5,0,5,5,0,-4,0,4,1,1,0,0,13,8,3,6,9,-1,0,0,-1,1,0,1,3,1
KR_6773168140,420,8,104,3,21,4,4,0,5,6,1,4,5,1,6,7,1,2,2,0,0,26,4,5,2,7,7,0,2,1,-1,1,-1,4,1
KR_6751535412,420,2,61,-19,0,-2,1,3,-2,2,4,5,7,2,1,3,2,-2,0,2,1,-8,2,1,4,5,4,0,-1,1,-1,-1,1,4,1
KR_6690606576,420,2,47,16,3,-2,0,2,-3,3,6,2,4,2,4,5,1,2,2,0,0,5,3,2,7,9,1,0,-1,1,1,1,-1,2,1
KR_6770134984,420,2,70,4,-2,4,5,1,4,5,1,-2,0,2,-3,0,3,-5,0,5,0,-3,5,2,7,9,-2,0,-1,1,-1,-1,-1,3,1
KR_6724627618,420,2,-5,5,0,-1,0,1,2,5,3,0,2,2,0,2,2,-1,0,1,0,4,-47,-5,10,5,7,0,-1,1,-1,-1,-1,6,1
KR_6762958067,420,-2,24,28,-6,-4,1,5,0,1,1,-3,0,3,3,7,4,-2,1,3,0,-23,2,-1,7,6,0,0,-1,1,-1,-1,1,6,1
KR_6745754134,420,0,-13,20,5,-1,1,2,3,3,0,-3,3,6,2,6,4,4,5,1,0,8,3,4,3,7,1,0,0,-1,1,0,1,4,1
KR_6770981169,420,2,37,32,10,3,4,1,7,7,0,0,0,0,0,3,3,0,1,1,0,10,-6,-3,10,7,5,0,1,1,1,1,1,6,1
KR_6773303525,440,3,72,-39,12,1,2,1,2,3,1,3,3,0,3,4,1,3,3,0,0,12,-160,0,4,4,-1,0,1,1,0,1,1,3,1
KR_6769090324,420,6,41,45,12,3,5,2,-1,4,5,6,7,1,2,4,2,2,2,0,0,1,122,0,7,7,-1,0,2,1,1,1,1,2,1
KR_6738111136,420,-2,21,-29,1,-1,0,1,4,5,1,-4,1,5,3,4,1,-1,2,3,0,2,-5,-8,13,5,0,0,1,1,1,1,1,4,1
KR_6752027803,420,3,98,28,11,-5,1,6,6,7,1,1,3,2,7,7,0,2,2,0,0,10,-1,-1,6,5,4,0,0,1,-1,1,1,2,1
KR_6759340184,420,3,23,24,8,5,5,0,-6,0,6,2,2,0,5,5,0,2,3,1,0,2,5,-3,6,3,5,0,1,1,-1,1,1,2,1
KR_6699542705,420,4,51,-27,6,2,2,0,2,3,1,0,0,0,2,3,1,0,1,1,0,6,-7,-2,8,6,6,0,0,1,1,0,1,5,1
KR_6749156916,420,0,26,12,1,1,3,2,0,1,1,-2,4,6,2,5,3,0,1,1,1,-4,3,8,2,10,-3,0,0,-1,-1,-1,1,3,1
KR_6769043004,420,3,34,-7,6,4,5,1,-1,3,4,3,5,2,0,3,3,0,1,1,1,2,67,6,2,8,-6,0,-1,1,1,1,1,5,1
KR_6738231599,420,2,26,32,-4,2,4,2,-2,0,2,-5,0,5,1,3,2,0,0,0,-2,-8,-10,0,6,6,1,0,-1,1,-1,-1,-1,4,1
KR_6758674775,420,2,14,-16,2,4,5,1,-1,2,3,-1,2,3,1,2,1,-1,0,1,0,3,-12,-5,10,5,6,0,0,1,-1,0,-1,1,1
KR_6696111643,420,-1,-58,8,1,-1,0,1,2,7,5,-1,3,4,2,2,0,-1,1,2,0,1,-2,0,7,7,-2,0,1,-1,1,1,1,6,1
KR_6727873837,420,4,47,18,7,2,5,3,4,4,0,2,3,1,0,2,2,-1,0,1,0,5,8,4,2,6,-1,0,1,1,1,1,-1,5,1
KR_6771437593,420,1,7,1,5,-1,0,1,-2,2,4,3,4,1,4,4,0,1,1,0,0,17,7,-2,9,7,2,0,1,1,1,1,-1,1,1
KR_6762775157,420,0,-12,-9,3,0,0,0,3,3,0,2,4,2,-1,4,5,-1,3,4,0,7,18,1,8,9,0,0,0,-1,-1,0,-1,1,1
KR_6735302181,420,1,59,-9,9,5,5,0,1,2,1,2,2,0,3,5,2,-2,2,4,0,4,-12,2,6,8,7,0,0,1,-1,1,1,5,1
KR_6775476777,420,1,-51,-15,9,-2,1,3,1,3,2,5,5,0,3,4,1,2,3,1,0,16,5,-1,7,6,0,0,0,1,-1,-1,1,5,1
KR_6750603383,420,3,-29,11,11,-1,3,4,3,3,0,5,5,0,2,3,1,2,2,0,0,18,15,6,2,8,0,0,1,1,1,1,-1,4,1
KR_6716482135,420,6,36,0,14,5,5,0,3,3,0,4,4,0,1,1,0,1,1,0,1,13,9,1,6,7,6,0,2,1,-1,1,1,5,1
KR_6775422138,420,-1,52,-40,-3,1,2,1,-3,1,4,-1,1,2,0,1,1,0,0,0,0,-8,-2,1,6,7,8,0,1,1,1,1,1,4,1
KR_6777580072,420,6,45,11,10,-1,1,2,1,2,1,4,6,2,5,5,0,1,1,0,0,17,0,-1,6,5,6,0,3,1,1,1,-1,4,1
KR_6772155818,440,1,20,-2,2,-2,2,4,2,5,3,4,6,2,-3,3,6,1,1,0,0,5,6,1,6,7,-5,0,0,0,0,1,1,0,1
KR_6728905245,420,-1,14,14,3,2,3,1,1,7,6,0,2,2,-1,3,4,1,1,0,0,1,-9,2,9,11,4,0,-1,-1,1,-1,1,3,1
KR_6733624562,420,-2,-11,-23,2,-2,0,2,3,3,0,3,4,1,-2,3,5,0,0,0,0,11,17,-1,5,4,3,0,0,1,-1,0,-1,2,1
KR_6712037869,420,1,16,-36,8,7,9,2,-1,3,4,2,2,0,0,1,1,0,0,0,0,8,-12,2,3,5,0,0,1,-1,1,1,-1,3,1
KR_6777026485,420,3,91,-25,4,3,3,0,1,2,1,1,6,5,0,5,5,-1,0,1,0,3,2,-1,9,8,5,0,0,1,1,1,1,5,1
KR_6775692002,420,-2,-23,2,-2,2,3,1,-1,1,2,-6,2,8,2,8,6,1,1,0,0,1,-149,-1,5,4,17,0,-1,-1,-1,-1,-1,6,1
KR_6775888765,420,2,43,3,5,1,3,2,4,5,1,4,5,1,-3,2,5,-1,1,2,0,1,-158,1,4,5,-2,0,-1,-1,1,1,1,4,1
KR_6759916958,420,2,9,-15,9,4,4,0,2,8,6,3,6,3,1,4,3,-1,1,2,0,9,31,4,6,10,-6,0,-1,0,-1,-1,1,0,1
KR_6774652953,420,1,9,-9,4,1,2,1,-3,0,3,1,2,1,3,4,1,2,3,1,0,2,-2,-1,7,6,0,0,1,1,1,1,1,6,1
KR_6737628137,420,1,-8,7,2,-4,2,6,4,4,0,2,4,2,0,0,0,0,1,1,0,8,-36,-4,10,6,5,0,-1,1,1,-1,1,3,1
KR_6765512611,440,2,-27,11,1,2,2,0,1,2,1,-4,0,4,2,2,0,0,0,0,0,4,15,-9,13,4,-1,0,2,1,1,1,1,4,1
KR_6772119062,440,2,52,33,0,1,2,1,1,4,3,0,0,0,-1,2,3,-1,1,2,-1,2,5,-1,4,3,2,0,2,-1,1,1,-1,2,1
KR_6708622082,420,2,23,25,2,2,3,1,1,2,1,-1,0,1,1,2,1,-1,0,1,1,-2,-11,3,6,9,-1,0,0,1,1,0,1,4,1
KR_6770544059,440,1,4,-11,4,1,1,0,0,2,2,2,3,1,1,3,2,0,0,0,0,3,40,6,2,8,-3,0,1,1,1,1,-1,4,1
KR_6757696389,420,4,28,18,5,1,2,1,5,5,0,-5,0,5,4,5,1,0,1,1,0,11,-12,3,5,8,6,0,1,-1,1,1,1,2,1
KR_6770534708,420,2,-19,21,6,-1,2,3,4,5,1,-1,2,3,1,2,1,3,3,0,0,7,1,1,3,4,-4,0,1,1,1,1,-1,3,1
KR_6747360884,420,-1,-9,-14,-7,1,3,2,-5,2,7,0,2,2,-4,0,4,1,1,0,0,-10,19,-4,8,4,-5,0,0,-1,-1,0,-1,3,1
KR_6763509701,420,2,4,12,5,-2,1,3,2,3,1,1,2,1,3,3,0,1,1,0,0,13,-2,-1,8,7,1,0,1,1,-1,1,1,2,1
KR_6765171146,420,-1,5,-1,-4,1,4,3,1,4,3,-7,0,7,0,3,3,1,1,0,0,3,1,-1,10,9,-3,0,0,1,-1,0,1,3,1
KR_6774958565,420,2,38,30,4,4,5,1,4,4,0,-2,1,3,-1,5,6,-1,2,3,-1,3,-7,-3,6,3,1,0,2,-1,1,1,-1,6,1
KR_6765360624,420,-1,-26,-14,8,2,4,2,2,2,0,3,4,1,2,4,2,-1,0,1,1,12,273,4,4,8,-4,0,0,1,1,1,1,4,1
KR_6745486969,420,0,11,-34,1,0,0,0,-1,2,3,2,4,2,3,7,4,-3,1,4,0,1,-1,-1,9,8,4,0,-1,1,-1,-1,-1,3,1
KR_6755681524,420,2,96,28,7,3,4,1,-2,1,3,0,2,2,6,6,0,0,0,0,1,4,-2,3,3,6,-3,0,1,1,-1,1,1,4,1
KR_6775064301,420,1,3,9,-2,-2,2,4,1,4,3,0,1,1,-1,1,2,0,0,0,0,-7,-8,1,4,5,0,0,1,1,-1,1,1,5,1
KR_6773723739,440,-3,-132,-3,-4,-1,2,3,1,7,6,2,3,1,-1,3,4,-5,1,6,-1,-2,26,6,1,7,-3,0,-2,0,1,-1,-1,0,1
KR_6774528408,420,1,-2,35,5,1,2,1,1,2,1,2,3,1,2,3,1,-1,0,1,0,8,-31,3,3,6,-1,0,1,-1,1,1,1,5,1
KR_6777196944,420,2,25,12,3,-7,0,7,2,4,2,5,7,2,2,2,0,1,1,0,0,6,41,2,7,9,3,0,-1,1,-1,-1,-1,3,1
KR_6768412998,420,-4,-23,-4,-6,0,1,1,-5,2,7,1,2,1,-1,2,3,-1,0,1,0,-13,-79,0,6,6,-1,0,1,1,1,1,-1,3,1
KR_6771653900,420,4,78,21,7,6,6,0,-6,1,7,3,4,1,2,5,3,2,2,0,1,6,-1,-2,6,4,4,0,2,1,1,1,1,1,1
KR_6772963300,420,3,17,27,4,3,3,0,-4,1,5,-1,3,4,6,6,0,0,0,0,0,-3,-8,-1,5,4,-4,0,1,1,-1,1,1,5,1
KR_6756218348,420,0,61,2,4,5,6,1,1,3,2,-3,4,7,0,2,2,1,1,0,1,3,0,-1,2,1,-2,0,0,-1,-1,-1,1,5,1
KR_6762015718,420,0,-22,28,5,3,3,0,3,3,0,0,4,4,-1,1,2,0,0,0,0,9,-24,0,6,6,2,0,1,1,1,1,1,4,1
KR_6769121173,420,6,37,20,13,1,2,1,3,5,2,5,5,0,4,5,1,0,0,0,1,12,122,2,5,7,-2,0,0,1,1,0,1,3,1
KR_6774091300,420,-1,-12,5,-2,-3,2,5,1,6,5,-1,3,4,2,6,4,-1,1,2,0,-5,19,0,5,5,-1,0,-1,1,-1,-1,1,4,1
KR_6774550980,420,-4,-16,-7,-7,0,2,2,0,3,3,-2,1,3,-3,1,4,-2,0,2,0,-11,-1,-1,7,6,0,0,-1,-1,-1,-1,1,3,1
KR_6777480517,420,0,17,8,-1,-1,0,1,4,6,2,-3,1,4,1,6,5,-2,0,2,0,9,-1,3,7,10,4,0,0,1,-1,0,1,3,1
KR_6746366445,420,11,118,52,25,5,7,2,10,10,0,4,7,3,4,4,0,2,2,0,2,28,-56,2,6,8,5,0,4,1,1,1,1,4,1
KR_6739190965,440,3,43,43,9,0,3,3,-1,2,3,0,2,2,10,11,1,0,1,1,0,4,-1,6,2,8,1,0,2,1,1,1,1,4,1
KR_6775961992,420,0,57,3,4,1,3,2,2,2,0,6,7,1,-6,1,7,1,1,0,0,1,-42,3,4,7,-1,0,-2,1,-1,-1,1,1,1
KR_6673721790,420,3,62,-11,1,3,5,2,3,3,0,-2,2,4,-2,0,2,-1,0,1,0,4,2,-5,6,1,0,0,0,1,0,0,1,3,1
KR_6755605323,420,3,-16,7,11,2,2,0,1,2,1,5,6,1,3,3,0,0,1,1,0,9,-10,6,2,8,1,0,0,1,1,0,1,4,1
KR_6772030783,440,2,30,7,3,0,2,2,-3,1,4,9,9,0,0,2,2,-3,0,3,1,1,-5,0,5,5,1,0,1,1,-1,1,1,5,1
KR_6738267082,440,2,27,-5,5,4,5,1,-4,5,9,2,3,1,-1,0,1,4,4,0,0,-3,-202,-2,4,2,0,0,2,1,-1,-1,-1,3,1
KR_6777344330,420,0,8,-7,3,2,3,1,0,2,2,1,3,2,4,6,2,-4,0,4,0,4,-2,-3,7,4,2,0,-1,1,1,1,1,1,1
KR_6766533010,420,6,16,22,12,5,5,0,0,2,2,4,7,3,3,5,2,0,1,1,0,12,2,0,5,5,-3,0,0,-1,1,-1,1,1,1
KR_6773952305,420,-1,62,8,-2,0,1,1,-5,1,6,1,2,1,1,2,1,1,2,1,0,-8,-8,1,7,8,4,0,1,1,-1,1,-1,3,1
KR_6735072934,420,0,5,-7,-4,-4,0,4,-1,3,4,1,2,1,0,4,4,0,0,0,0,4,2,-1,6,5,4,0,-1,1,-1,-1,-1,6,1
KR_6776492621,420,0,-66,-2,4,1,2,1,-2,2,4,4,5,1,-3,1,4,4,6,2,-1,0,-38,0,10,10,15,0,0,1,-1,0,-1,2,1
KR_6773892718,440,1,93,34,-2,0,2,2,1,6,5,-3,3,6,1,3,2,-1,0,1,0,-5,0,-1,7,6,5,0,2,1,1,1,-1,6,1
KR_6774332066,420,3,18,13,2,2,3,1,0,3,3,0,3,3,1,3,2,-1,0,1,0,-2,257,-3,6,3,5,0,0,-1,1,0,1,6,1
KR_6739032576,420,-1,39,20,-1,2,4,2,1,4,3,-6,0,6,1,3,2,1,1,0,0,1,-4,3,3,6,1,0,0,1,-1,1,-1,6,1
KR_6749331138,420,4,40,14,8,1,2,1,5,5,0,1,4,3,1,2,1,0,1,1,0,4,0,-1,5,4,1,0,1,0,1,1,1,0,1
KR_6737051424,420,5,71,-8,9,2,4,2,4,6,2,-1,0,1,3,3,0,1,1,0,0,9,-111,-3,6,3,2,0,2,1,1,1,1,6,1
KR_6686459341,420,-3,14,-14,5,4,4,0,-3,5,8,1,3,2,1,4,3,2,3,1,1,-2,22,5,6,11,-5,0,0,1,-1,0,1,3,1
KR_6701496548,420,0,-80,37,-3,-2,1,3,-3,1,4,-4,1,5,5,9,4,1,2,1,0,3,-5,-8,11,3,0,0,-2,1,-1,-1,-1,5,1
KR_6769987595,420,2,13,-4,2,1,1,0,-2,2,4,0,2,2,4,7,3,-1,3,4,3,0,21,2,8,10,-2,0,1,-1,1,1,1,5,1
KR_6776778658,420,4,45,1,11,3,6,3,3,4,1,4,4,0,2,3,1,-1,0,1,0,7,6,1,3,4,-3,0,0,1,1,1,1,1,1
KR_6767856394,420,1,52,-6,-2,-3,1,4,2,5,3,-1,4,5,0,3,3,0,0,0,1,3,-5,1,6,7,2,0,0,-1,-1,0,1,5,1
KR_6770390139,440,2,74,24,3,-1,0,1,-1,1,2,4,9,5,2,4,2,-1,1,2,1,0,-2,-1,8,7,6,0,2,-1,1,1,1,1,1
KR_6748965554,420,-2,4,-17,8,-1,3,4,0,1,1,-1,0,1,7,10,3,3,3,0,1,19,-3,0,4,4,4,0,0,1,1,0,1,3,1
KR_6763174284,420,0,-51,-5,5,-1,1,2,1,2,1,1,2,1,2,3,1,2,2,0,1,5,-6,1,6,7,5,0,-1,-1,1,-1,1,1,1
KR_6750927793,440,2,48,8,8,4,4,0,0,1,1,1,2,1,3,5,2,0,1,1,0,11,-1,-6,8,2,4,0,-1,1,-1,-1,1,3,1
KR_6772882632,440,1,-8,20,-3,-3,0,3,3,4,1,-7,1,8,3,5,2,1,1,0,0,3,3,-2,3,1,0,0,0,-1,-1,0,-1,1,1
KR_6777086497,420,8,121,29,7,-2,2,4,6,7,1,0,3,3,-1,0,1,4,5,1,0,6,18,3,3,6,-4,0,1,1,0,1,-1,5,1
KR_6766668811,420,1,-64,16,9,0,2,2,1,3,2,4,5,1,4,7,3,0,3,3,2,12,4,-1,4,3,0,0,1,1,-1,1,1,3,1
KR_6744843328,440,4,31,24,-2,-1,1,2,-1,2,3,0,3,3,-3,3,6,3,5,2,-1,-10,-5,-1,5,4,2,0,0,1,1,1,-1,4,1
KR_6743327168,420,0,-8,-14,-2,3,3,0,2,5,3,-6,0,6,1,4,3,-2,0,2,0,-5,120,-2,7,5,1,0,0,-1,-1,-1,-1,2,1
KR_6767895135,420,-4,24,-31,0,1,2,1,-1,2,3,-3,4,7,2,5,3,1,3,2,2,-4,-10,-6,10,4,3,0,0,1,-1,0,1,3,1
KR_6736741230,420,1,-3,-2,2,1,2,1,2,2,0,0,1,1,-2,2,4,1,3,2,0,5,148,2,4,6,-6,0,1,1,1,1,-1,1,1
KR_6777543184,420,-2,6,-44,2,0,2,2,-1,2,3,1,2,1,2,4,2,0,3,3,-2,3,8,-4,8,4,-11,0,1,-1,-1,1,1,1,1
KR_6777026748,420,3,13,23,0,1,3,2,-1,4,5,4,4,0,-4,2,6,0,1,1,0,-2,-7,-5,7,2,2,0,0,-1,1,-1,-1,6,1
KR_6769379063,440,2,72,-23,9,-2,0,2,8,8,0,4,6,2,-3,1,4,2,3,1,0,11,9,0,4,4,1,0,-1,-1,1,-1,1,3,1
KR_6744901718,420,-1,-39,-6,-1,1,2,1,-1,2,3,-1,2,3,1,2,1,-1,1,2,0,2,11,-1,7,6,2,0,0,-1,1,0,1,2,1
KR_6693205998,420,4,70,46,5,3,4,1,1,4,3,0,1,1,2,2,0,-1,0,1,0,3,-8,-7,9,2,6,0,2,1,1,1,-1,1,1
KR_6761053934,420,2,55,1,8,-2,2,4,1,1,0,3,5,2,5,5,0,1,1,0,0,13,8,-4,9,5,2,0,-1,1,-1,-1,-1,1,1
KR_6719922471,420,-1,9,12,-4,-2,1,3,-1,2,3,7,7,0,-6,0,6,-2,0,2,0,-10,-7,1,6,7,4,0,-1,-1,-1,1,-1,1,1
KR_6679710181,420,0,20,18,-3,1,3,2,-4,5,9,1,6,5,-2,0,2,1,2,1,1,4,-32,2,4,6,-4,0,-1,1,-1,-1,1,2,1
KR_6774877758,420,3,77,-10,11,-1,1,2,5,5,0,2,5,3,4,4,0,1,2,1,0,10,13,7,2,9,-3,0,2,1,-1,1,1,1,1
KR_6727729056,420,1,-6,0,6,2,2,0,1,4,3,0,6,6,-2,3,5,5,6,1,3,-1,5,-6,9,3,-5,0,2,1,1,1,1,3,1
KR_6758280027,420,1,-34,-21,7,1,1,0,-1,4,5,2,2,0,3,6,3,2,2,0,0,13,2,4,6,10,2,0,0,-1,-1,0,1,5,1
KR_6747290163,420,2,22,-6,7,3,3,0,1,2,1,1,4,3,3,3,0,-1,0,1,0,9,8,3,3,6,2,0,1,1,1,1,-1,4,1
KR_6768912133,420,1,69,-1,2,2,2,0,4,4,0,-2,0,2,-2,5,7,0,4,4,-1,-7,2,3,1,4,-2,0,2,-1,1,1,-1,5,1
KR_6777217620,420,2,29,8,6,0,5,5,4,4,0,7,7,0,-4,3,7,-1,1,2,1,11,-6,1,6,7,3,0,1,1,-1,1,1,5,1
KR_6773050360,420,3,38,10,13,1,1,0,6,10,4,2,2,0,3,3,0,1,3,2,0,15,33,1,3,4,1,0,2,1,1,1,-1,6,1
KR_6651817258,420,3,-1,30,6,-4,0,4,3,5,2,4,6,2,4,6,2,-1,1,2,0,11,4,0,4,4,2,0,0,1,1,-1,-1,3,1
KR_6775246933,420,4,-33,22,5,-1,0,1,3,4,1,0,1,1,1,4,3,2,3,1,0,7,10,7,3,10,-7,0,1,1,1,1,1,6,1
KR_6746452595,420,5,36,22,8,5,5,0,0,3,3,5,6,1,0,4,4,-2,1,3,0,1,-9,0,4,4,2,0,1,1,1,1,1,4,1
KR_6767358705,420,4,35,4,7,1,1,0,5,8,3,2,6,4,-1,1,2,0,0,0,0,1,2,1,5,6,-4,0,0,-1,-1,0,1,1,1
KR_6616820295,420,1,-1,1,4,2,2,0,0,5,5,1,3,2,3,3,0,-2,2,4,0,6,6,7,2,9,1,0,1,1,-1,-1,1,5,1
KR_6777243188,440,2,-2,8,1,3,3,0,0,2,2,-1,1,2,0,1,1,-1,2,3,0,0,-6,0,5,5,4,0,0,1,1,0,-1,1,1
KR_6670308500,440,-1,8,-1,-3,0,2,2,-3,0,3,3,4,1,-2,1,3,-1,0,1,0,-7,-21,8,2,10,-1,0,0,1,1,0,1,3,1
KR_6766445235,420,-5,-24,-15,-9,-2,2,4,-3,2,5,-2,1,3,-1,2,3,-1,2,3,-1,2,-193,-4,7,3,-1,0,-1,-1,1,-1,-1,3,1
KR_6686558419,420,2,-4,16,5,0,1,1,3,6,3,2,2,0,1,5,4,-1,1,2,0,11,9,2,4,6,-7,0,0,1,1,0,1,5,1
KR_6775120233,420,4,96,1,6,2,2,0,-1,1,2,2,3,1,3,4,1,0,1,1,0,12,-10,3,4,7,1,0,2,1,1,1,1,6,1
KR_6734770273,420,2,27,15,-3,3,3,0,-3,0,3,1,3,2,-5,0,5,1,1,0,0,-7,1,-1,5,4,-1,0,0,-1,1,1,1,6,1
KR_6775950504,420,6,95,56,11,1,4,3,5,6,1,1,3,2,3,4,1,1,1,0,0,14,-2,1,5,6,7,0,3,1,0,1,-1,3,1
KR_6767737728,440,1,3,26,1,2,4,2,-4,1,5,5,7,2,-1,1,2,-1,0,1,0,-8,-7,-1,5,4,1,0,2,1,1,1,1,5,1
KR_6760169209,420,-1,-64,-24,2,-1,3,4,-2,3,5,3,7,4,-1,1,2,3,5,2,-2,1,48,2,4,6,-2,0,-1,0,1,-1,-1,0,1
KR_6767464843,420,-1,-27,13,3,-4,1,5,3,5,2,3,4,1,-1,2,3,2,3,1,2,9,-14,6,3,9,0,0,1,0,1,1,1,0,1
KR_6675631359,440,1,35,17,3,0,2,2,4,5,1,0,1,1,3,3,0,-4,0,4,-1,7,11,4,5,9,-2,0,1,1,1,1,-1,3,1
KR_6776463348,420,-4,-7,-20,-6,-4,1,5,5,5,0,-2,4,6,-4,2,6,-1,1,2,0,-9,-27,1,5,6,5,0,-2,1,-1,-1,1,4,1
KR_6775247540,420,-2,9,-4,1,0,1,1,1,5,4,-2,0,2,3,4,1,-1,0,1,0,2,7,4,5,9,0,0,0,1,1,0,1,6,1
KR_6773973150,440,1,35,8,1,-1,1,2,-1,1,2,0,1,1,0,2,2,3,4,1,0,-5,-18,0,5,5,0,0,0,-1,0,-1,-1,6,1
KR_6763105937,420,5,74,12,3,2,3,1,3,10,7,-2,3,5,3,4,1,-3,0,3,0,8,-7,-3,7,4,-1,0,0,1,-1,0,-1,1,1
KR_6770466050,420,3,52,-14,7,0,3,3,-1,3,4,5,6,1,4,7,3,-1,0,1,0,9,6,-1,7,6,1,0,2,0,1,1,1,0,1
KR_6674203650,420,4,-7,8,14,1,2,1,7,7,0,5,7,2,1,2,1,0,0,0,0,19,7,3,3,6,-2,0,1,1,1,1,1,6,1
KR_6766738585,420,2,22,-8,3,6,8,2,-2,0,2,0,1,1,-2,0,2,1,2,1,0,-3,-27,2,3,5,-2,0,1,-1,1,1,1,6,1
KR_6757164220,420,2,5,8,8,5,5,0,-3,0,3,1,4,3,4,5,1,1,1,0,0,14,1,4,2,6,1,0,0,1,1,1,-1,1,1
KR_6776271808,420,-1,50,-37,-1,2,4,2,-7,0,7,4,4,0,-1,1,2,1,1,0,1,-2,-224,0,3,3,2,0,0,1,1,1,1,5,1
KR_6685347919,420,2,39,16,2,-1,2,3,4,5,1,1,3,2,-1,2,3,-1,1,2,0,-3,-1,2,5,7,0,0,0,-1,-1,-1,1,3,1
KR_6775945117,420,6,15,25,12,3,3,0,-5,2,7,4,6,2,6,6,0,4,5,1,1,11,4,0,5,5,1,0,0,1,-1,0,1,1,1
KR_6773250526,420,3,-45,-8,4,-1,2,3,7,10,3,2,5,3,-3,1,4,-1,1,2,0,3,-11,-3,9,6,0,0,-1,-1,1,-1,1,6,1
KR_6775267382,420,-1,-39,5,2,0,1,1,1,3,2,5,7,2,-6,0,6,2,2,0,0,-1,-3,1,6,7,-3,0,0,1,1,-1,1,1,1
KR_6765936241,440,3,1,-21,14,-2,1,3,2,2,0,9,11,2,5,8,3,0,2,2,3,29,-2,-1,6,5,-2,0,0,1,-1,0,1,4,1
KR_6773004115,420,2,5,1,6,-1,3,4,1,2,1,0,2,2,9,11,2,-3,0,3,0,11,-25,4,4,8,1,0,0,1,-1,1,1,4,1
KR_6642115274,420,3,18,32,10,0,1,1,7,8,1,-1,0,1,4,5,1,0,0,0,0,15,101,4,5,9,-3,0,1,1,1,1,1,5,1
KR_6756167736,420,8,32,27,20,4,5,1,1,4,3,7,9,2,8,10,2,0,0,0,1,21,-315,4,2,6,2,0,2,1,1,1,1,5,1
KR_6774438480,420,0,-54,-12,1,-2,1,3,3,4,1,-1,5,6,0,3,3,1,1,0,0,-3,12,0,4,4,3,0,0,1,-1,0,1,3,1
KR_6771731399,420,3,12,20,4,1,1,0,4,5,1,-2,3,5,0,3,3,1,2,1,0,10,27,-4,7,3,3,0,0,1,-1,-1,1,2,1
KR_6773986559,420,1,-9,19,0,7,7,0,-1,4,5,-1,2,3,-5,0,5,0,0,0,0,-8,0,1,4,5,1,0,2,-1,1,1,1,5,1
KR_6733848168,420,4,-21,-11,14,-1,2,3,5,6,1,2,3,1,7,8,1,1,1,0,0,17,-3,-1,7,6,-3,0,0,1,1,1,-1,5,1
KR_6720430674,420,0,25,-13,5,4,5,1,0,2,2,1,3,2,0,4,4,0,0,0,1,-1,10,6,4,10,-5,0,0,0,1,1,1,0,1
KR_6764747577,420,1,32,27,4,0,2,2,6,7,1,1,3,2,1,3,2,-4,0,4,1,5,79,3,6,9,10,0,1,-1,1,1,1,1,1
KR_6777661767,420,4,48,-2,4,1,3,2,6,7,1,-1,2,3,-3,2,5,1,2,1,-3,-7,-12,4,7,11,-5,0,0,1,-1,-1,-1,6,1
KR_6776621651,420,-5,-65,-24,-13,-1,1,2,-1,0,1,-10,0,10,1,2,1,-2,0,2,0,-12,1,3,4,7,2,0,-2,1,1,-1,-1,1,1
KR_6737369330,420,3,61,5,4,-1,1,2,0,4,4,0,2,2,3,5,2,2,3,1,0,3,137,3,4,7,4,0,2,0,1,1,1,0,1
KR_6777768425,440,-4,16,-4,-5,2,3,1,-6,1,7,3,3,0,-1,2,3,-3,1,4,0,-12,6,3,3,6,-3,0,0,-1,1,1,1,2,1
KR_6776632578,420,0,15,-7,2,9,10,1,-4,0,4,-4,2,6,-1,3,4,2,3,1,0,-3,-45,0,5,5,-6,0,1,-1,1,1,1,2,1
KR_6733089656,420,3,18,4,9,2,3,1,9,10,1,-1,2,3,-2,1,3,1,1,0,3,4,6,3,5,8,-4,0,2,-1,1,1,1,3,1
KR_6758819632,420,2,105,9,4,1,3,2,2,5,3,-7,0,7,8,10,2,0,1,1,0,4,10,-1,10,9,-8,0,1,-1,-1,1,1,4,1
KR_6760038932,440,3,41,-12,0,-1,4,5,3,4,1,-4,1,5,2,3,1,0,2,2,0,-1,-11,3,4,7,-1,0,2,-1,1,1,-1,2,1
KR_6766800833,420,4,36,34,8,5,7,2,2,6,4,0,5,5,1,6,5,0,1,1,1,-2,6,-2,8,6,-1,0,1,1,1,1,1,3,1
KR_6774940425,420,1,-1,1,0,-4,0,4,0,0,0,-3,1,4,5,6,1,2,3,1,0,4,-22,-2,4,2,4,0,2,1,1,1,1,3,1
KR_6772148202,420,-4,-45,-7,-4,4,6,2,-1,3,4,-3,1,4,-4,1,5,0,1,1,0,-10,3,-1,5,4,2,0,0,1,-1,0,1,5,1
KR_6772851361,420,-2,5,-2,-1,4,5,1,-3,1,4,1,4,3,-2,7,9,-1,1,2,0,-6,11,2,5,7,-3,0,0,1,-1,-1,-1,5,1
KR_6776547570,420,5,18,24,8,2,4,2,-2,0,2,-1,0,1,4,4,0,5,5,0,0,9,-12,-1,4,3,6,0,0,-1,1,0,1,3,1
KR_6694086248,420,2,20,-2,3,-3,1,4,0,2,2,4,4,0,1,4,3,1,1,0,0,13,41,2,7,9,-9,0,0,1,1,0,-1,6,1
KR_6766226129,420,5,73,-1,11,0,1,1,1,2,1,4,5,1,5,8,3,1,1,0,0,10,7,-1,6,5,-1,0,1,1,1,1,1,4,1
KR_6745292889,420,1,40,6,6,-1,2,3,2,2,0,2,3,1,3,3,0,0,1,1,0,14,5,4,1,5,4,0,2,1,1,1,1,1,1
KR_6766842872,420,-3,-3,-12,-4,-2,2,4,-1,3,4,-1,1,2,0,4,4,0,0,0,0,-5,5,1,5,6,0,0,1,1,1,1,-1,5,1
KR_6776615814,420,1,22,-9,7,1,5,4,7,8,1,0,2,2,-1,4,5,0,1,1,0,9,15,-3,8,5,6,0,1,-1,1,1,1,4,1
KR_6776393365,420,3,-8,12,0,-2,2,4,1,5,4,-1,1,2,2,6,4,0,0,0,0,2,-5,-2,5,3,0,0,0,-1,1,0,1,6,1
KR_6773936758,440,3,75,1,9,2,2,0,0,2,2,0,0,0,0,4,4,7,7,0,0,9,-1,-1,7,6,-3,0,0,1,-1,0,1,2,1
KR_6773044259,420,1,11,8,3,-1,2,3,-2,0,2,0,1,1,4,4,0,2,3,1,0,7,-18,-1,8,7,5,0,-1,1,-1,-1,1,6,1
KR_6767238895,420,2,14,12,6,1,2,1,2,4,2,2,4,2,0,2,2,1,1,0,0,8,-29,-2,6,4,13,0,0,1,-1,0,1,6,1
KR_6771325545,420,1,39,32,4,3,3,0,-1,3,4,2,5,3,0,2,2,0,2,2,0,-4,0,2,4,6,-3,0,1,1,-1,1,1,5,1
KR_6777321433,420,2,28,22,-4,2,3,1,-6,0,6,2,4,2,-3,3,6,1,1,0,-1,-17,28,-6,9,3,10,0,-1,1,-1,-1,-1,4,1
KR_6768069831,420,5,1,-28,10,7,8,1,0,1,1,4,4,0,-1,2,3,0,0,0,0,5,-14,1,3,4,5,0,1,-1,1,1,1,6,1
KR_6773960757,420,2,17,33,-5,1,3,2,-3,4,7,-1,0,1,-2,0,2,0,0,0,0,-5,-4,-7,12,5,4,0,0,-1,-1,1,-1,1,1
KR_6770501851,420,6,65,17,20,2,6,4,10,13,3,1,3,2,4,5,1,3,4,1,1,7,11,1,6,7,-1,0,3,1,1,1,1,4,1
KR_6776958367,420,0,52,16,-2,0,2,2,3,6,3,0,5,5,-3,0,3,-2,1,3,3,-2,-18,-6,9,3,1,0,0,1,-1,0,1,2,1
KR_6771207875,420,2,77,20,2,-3,2,5,0,2,2,0,3,3,4,6,2,1,1,0,1,4,-52,-4,7,3,4,0,1,1,-1,1,1,2,1
KR_6689672606,420,5,39,15,7,1,2,1,4,5,1,3,5,2,-1,2,3,0,0,0,0,15,-2,7,7,14,1,0,1,1,-1,1,1,6,1
KR_6772195440,440,5,66,39,17,-4,0,4,7,14,7,1,5,4,10,12,2,3,6,3,3,8,7,2,4,6,0,0,2,1,1,1,1,5,1
KR_6774891643,420,-3,9,5,-10,-2,2,4,-3,2,5,-2,2,4,-1,6,7,-2,1,3,0,-15,-15,-2,7,5,4,0,-1,-1,1,1,-1,5,1
KR_6773833658,440,4,27,-8,1,1,4,3,6,6,0,1,1,0,-2,6,8,-5,4,9,-1,-14,-6,-1,2,1,-1,0,-1,-1,-1,-1,-1,4,1
KR_6773715192,420,1,27,13,0,-3,1,4,-4,0,4,3,4,1,1,2,1,3,3,0,0,1,-1,-5,10,5,-1,0,1,1,1,1,-1,2,1
KR_6731375005,420,4,45,8,17,2,5,3,5,9,4,1,2,1,9,10,1,0,2,2,2,11,5,5,2,7,-2,0,2,1,1,1,1,4,1
KR_6750017272,420,3,64,35,9,4,5,1,0,2,2,3,4,1,0,4,4,2,3,1,1,14,-5,1,5,6,-1,0,1,1,1,1,1,4,1
KR_6768472179,420,0,-8,-21,4,1,3,2,0,0,0,3,4,1,-1,1,2,1,2,1,0,4,1,-1,6,5,-5,0,0,-1,1,0,1,4,1
KR_6744956252,420,1,3,19,1,-2,1,3,2,2,0,-1,4,5,-1,3,4,3,5,2,0,8,-103,9,3,12,-6,0,-1,1,-1,-1,-1,4,1
KR_6770549578,420,4,42,3,6,3,4,1,1,3,2,4,4,0,3,7,4,-5,0,5,0,8,2,2,3,5,5,0,0,-1,1,0,1,5,1
KR_6763143123,420,-2,-22,-12,-1,3,3,0,0,2,2,-4,0,4,-2,6,8,2,3,1,0,-4,-172,-5,11,6,11,0,0,0,1,-1,1,0,1
KR_6777160741,440,1,-64,0,6,-3,3,6,4,6,2,0,1,1,0,3,3,5,7,2,-1,15,5,4,2,6,-4,0,-2,1,-1,-1,-1,2,1
KR_6713453258,420,-1,12,-30,-1,-1,0,1,-1,0,1,0,1,1,1,2,1,0,2,2,0,-1,-18,-1,7,6,3,0,0,-1,-1,0,1,6,1
KR_6775888225,420,1,8,17,-1,-1,1,2,0,3,3,0,0,0,0,1,1,0,0,0,0,-2,-1,-1,5,4,1,0,0,-1,1,0,-1,5,1
KR_6745806112,420,2,38,11,11,0,4,4,3,3,0,5,5,0,2,2,0,1,2,1,0,10,-5,7,1,8,4,0,0,-1,-1,0,-1,4,1
KR_6755077555,420,2,14,15,10,0,2,2,3,6,3,3,3,0,4,4,0,0,0,0,1,14,43,5,5,10,3,0,-1,1,-1,-1,1,3,1
KR_6776190335,420,3,42,34,7,-2,0,2,6,7,1,0,0,0,1,2,1,2,2,0,0,14,58,3,5,8,1,0,0,1,-1,0,1,5,1
KR_6758892653,420,7,53,52,11,-1,0,1,7,7,0,1,6,5,3,8,5,1,1,0,0,18,14,2,6,8,2,0,0,1,-1,-1,1,5,1
KR_6756099851,420,1,23,33,-2,-1,1,2,-2,0,2,-2,2,4,2,3,1,1,1,0,0,2,42,-2,8,6,-32,0,0,1,-1,1,-1,4,1
KR_6767579507,420,5,63,44,8,1,3,2,2,7,5,2,2,0,0,4,4,3,6,3,0,7,-7,-4,9,5,1,0,1,1,1,1,1,5,1
KR_6770447265,420,1,117,-7,1,3,4,1,-1,0,1,-1,2,3,-1,1,2,1,1,0,0,-2,-2,-1,4,3,2,0,0,1,-1,1,-1,1,1
KR_6765889151,440,0,-3,-8,5,0,0,0,4,4,0,0,4,4,2,4,2,-1,2,3,0,5,8,2,7,9,0,0,-1,1,-1,-1,1,4,1
KR_6776631894,420,2,31,26,-2,-6,0,6,2,3,1,4,4,0,-3,1,4,1,3,2,0,3,-51,-2,4,2,11,0,0,-1,1,1,-1,3,1
KR_6757642023,420,2,41,27,0,-2,2,4,-1,2,3,1,3,2,0,1,1,2,2,0,0,-1,-3,-1,8,7,4,0,-1,1,-1,-1,-1,4,1
KR_6751794042,420,4,41,-26,1,1,3,2,1,3,2,0,4,4,-1,3,4,0,0,0,0,-3,-42,1,5,6,20,0,1,-1,1,1,-1,5,1
KR_6634286320,420,3,103,39,4,0,2,2,8,9,1,0,1,1,-3,3,6,-1,1,2,0,8,-33,-3,13,10,4,0,0,1,-1,1,1,3,1
KR_6700308578,420,0,-11,7,-9,2,3,1,-2,2,4,-7,1,8,-3,2,5,1,2,1,-1,-19,-5,-3,7,4,-3,0,0,-1,1,0,-1,5,1
KR_6686735386,420,-3,-28,-22,-3,-1,1,2,-1,5,6,0,1,1,-2,0,2,1,1,0,0,-1,2,-1,9,8,-5,0,-1,-1,1,-1,-1,6,1
KR_6764046506,420,2,28,-13,3,-1,2,3,0,3,3,4,6,2,0,2,2,0,0,0,0,-1,-149,6,2,8,-1,0,1,-1,-1,1,-1,5,1
KR_6770447968,440,5,70,36,12,3,5,2,1,4,3,5,6,1,1,4,3,2,4,2,0,7,8,4,2,6,4,0,3,1,1,1,-1,3,1
KR_6775007044,420,-4,20,-13,-1,4,4,0,-4,0,4,-3,0,3,4,7,3,-2,0,2,0,1,-4,0,4,4,3,0,2,1,1,1,1,4,1
KR_6776078371,420,2,4,-4,2,-2,1,3,-3,1,4,3,5,2,1,6,5,3,3,0,0,-3,9,5,7,12,-3,0,0,1,-1,-1,1,4,1
KR_6763595665,440,0,59,16,-3,3,3,0,-1,0,1,-2,2,4,-2,0,2,-1,0,1,0,-5,-18,-2,9,7,3,0,0,1,-1,0,1,6,1
KR_6775994052,420,3,72,7,3,1,2,1,3,5,2,0,2,2,0,2,2,-1,0,1,0,1,0,-2,6,4,0,0,-1,1,-1,-1,1,4,1
KR_6738684974,420,2,-12,-3,2,1,1,0,1,2,1,0,2,2,0,3,3,0,1,1,0,4,3,0,8,8,3,0,0,1,-1,1,-1,3,1
KR_6677034176,420,4,65,-5,10,-1,2,3,0,2,2,5,6,1,5,6,1,1,1,0,0,7,-6,-4,12,8,5,0,1,1,-1,1,1,6,1
KR_6775565769,420,-1,24,0,-6,-1,0,1,0,1,1,-3,3,6,-1,1,2,-1,0,1,0,4,-15,-4,4,0,3,0,-1,-1,-1,-1,-1,6,1
KR_6773382543,420,-1,-55,27,-4,-1,0,1,0,3,3,-2,1,3,-4,1,5,3,3,0,0,-6,-288,-2,6,4,10,0,-1,-1,-1,-1,-1,1,1
KR_6740278510,420,0,-5,16,1,0,2,2,-1,2,3,-2,1,3,4,6,2,0,0,0,0,1,4,6,5,11,-9,0,1,1,-1,-1,1,3,1
KR_6775209955,420,-3,-33,-5,0,-2,0,2,-4,0,4,5,5,0,1,1,0,0,0,0,0,0,-11,-6,9,3,5,0,-1,-1,-1,-1,1,2,1
KR_6775339484,420,2,39,-48,8,2,2,0,3,3,0,5,5,0,-1,1,2,-1,0,1,0,11,-6,-4,5,1,-2,0,2,-1,1,1,1,1,1
KR_6774694163,420,-2,17,-13,2,1,2,1,2,6,4,-3,0,3,0,0,0,2,3,1,0,3,-31,1,8,9,2,0,0,-1,1,0,1,3,1
KR_6767440830,440,-3,-23,0,-7,-1,1,2,-4,1,5,-3,1,4,0,2,2,1,2,1,0,-6,-18,-6,8,2,-6,0,0,-1,-1,1,-1,4,1
KR_6726936631,440,0,-7,-7,1,-2,0,2,-4,0,4,4,4,0,4,4,0,-1,0,1,0,-1,-3,0,6,6,3,0,0,1,1,1,1,2,1
KR_6775306930,420,-2,-23,-14,0,-4,1,5,0,3,3,2,3,1,-1,2,3,3,4,1,3,10,-197,-3,8,5,3,0,0,-1,-1,0,1,3,1
KR_6774016513,420,1,36,18,5,3,3,0,3,5,2,-2,0,2,-1,1,2,2,2,0,1,10,-11,-3,8,5,-3,0,1,-1,1,1,1,6,1
KR_6775917624,440,6,112,16,8,3,4,1,-4,1,5,-1,1,2,0,1,1,10,10,0,0,9,0,-4,5,1,1,0,1,1,-1,1,-1,4,1
KR_6768891078,420,2,49,17,5,3,3,0,3,4,1,2,2,0,-2,2,4,-1,0,1,0,6,-5,0,5,5,7,0,2,-1,1,1,-1,6,1
KR_6737244161,420,4,25,-24,13,1,2,1,3,3,0,3,4,1,5,6,1,1,2,1,0,18,38,3,3,6,-3,0,1,-1,1,1,1,6,1
KR_6768689883,420,2,58,26,-1,-2,0,2,-2,5,7,2,3,1,1,1,0,0,1,1,0,12,-8,-2,6,4,1,0,0,1,0,0,-1,3,1
KR_6616800304,420,1,11,15,6,2,2,0,4,7,3,0,3,3,-2,0,2,2,2,0,-1,14,9,4,4,8,-1,0,1,-1,1,1,-1,2,1
KR_6769938590,440,1,-8,-20,3,4,5,1,3,8,5,1,1,0,-1,3,4,-4,1,5,0,4,11,-3,5,2,5,0,0,1,0,0,-1,1,1
KR_6773206000,420,-1,1,-10,-2,0,1,1,-1,4,5,-1,1,2,-1,0,1,1,1,0,0,-3,-6,-4,8,4,1,0,0,-1,-1,0,-1,6,1
KR_6757084269,420,0,-7,-11,-6,-3,1,4,-2,2,4,-1,0,1,2,7,5,-2,0,2,0,-3,2,2,4,6,0,0,0,-1,1,0,1,2,1
KR_6763541365,420,3,36,31,4,3,4,1,0,2,2,1,3,2,-2,1,3,2,2,0,0,1,5,1,7,8,-1,0,2,-1,1,1,1,5,1
KR_6776663730,420,3,31,-3,4,2,3,1,-3,2,5,-5,1,6,10,11,1,0,0,0,-1,9,39,-3,9,6,1,0,0,1,-1,1,-1,3,1
KR_6674295576,420,2,43,-9,9,7,7,0,0,4,4,0,2,2,1,2,1,1,2,1,0,5,-33,-2,9,7,2,0,1,1,1,1,1,4,1
KR_6692665735,440,-4,-24,-16,3,0,1,1,-1,1,2,1,1,0,3,4,1,0,0,0,0,6,-7,3,3,6,-1,0,1,1,1,1,1,3,1
KR_6772925502,420,1,42,5,2,-1,1,2,-2,1,3,6,6,0,-2,3,5,1,1,0,0,4,1,2,6,8,-1,0,2,1,1,1,1,3,1
KR_6739468119,420,4,43,6,8,1,4,3,1,5,4,3,6,3,3,7,4,0,1,1,0,18,-19,1,4,5,0,0,0,1,-1,0,-1,1,1
KR_6737412405,420,2,-49,4,16,1,1,0,9,10,1,0,2,2,5,6,1,1,1,0,0,30,3,4,5,9,4,0,1,1,1,1,1,6,1
KR_6776065631,420,-1,-25,8,3,0,3,3,0,2,2,-3,2,5,7,8,1,-1,0,1,0,5,2,3,4,7,-2,0,0,-1,-1,0,1,6,1
KR_6735834183,420,-2,3,-11,-5,-1,2,3,-2,1,3,0,2,2,-2,0,2,0,0,0,0,-4,30,1,7,8,-24,0,-2,-1,1,-1,1,6,1
KR_6766019897,420,2,15,5,8,0,2,2,7,9,2,2,2,0,-2,0,2,1,1,0,0,9,302,6,2,8,1,0,1,1,1,1,-1,4,1
KR_6756517485,420,6,79,39,7,1,1,0,4,5,1,2,3,1,-1,2,3,1,1,0,0,7,6,3,5,8,2,0,1,1,1,1,1,1,1
KR_6763896161,420,-1,55,-36,-2,1,3,2,-1,3,4,1,3,2,-3,1,4,0,0,0,1,-5,15,4,4,8,-6,0,0,-1,-1,0,1,5,1
KR_6644403578,420,4,63,35,9,1,1,0,2,4,2,0,2,2,2,4,2,4,4,0,0,10,8,6,7,13,-7,0,0,-1,1,0,1,5,1
KR_6770192907,420,1,-25,32,9,7,10,3,4,7,3,1,3,2,-3,1,4,0,2,2,0,13,188,4,5,9,0,0,0,-1,1,-1,1,1,1
KR_6767699196,420,5,6,4,8,0,1,1,2,6,4,2,8,6,1,2,1,3,3,0,1,7,37,1,7,8,-3,0,0,1,-1,0,-1,6,1
KR_6755753114,420,1,-22,8,0,-1,2,3,2,2,0,0,2,2,4,4,0,-5,0,5,0,-2,-6,3,5,8,2,0,0,-1,-1,0,1,3,1
KR_6760494755,420,3,57,25,7,-4,0,4,5,6,1,2,2,0,3,4,1,1,2,1,0,16,34,4,4,8,3,0,0,1,1,1,-1,4,1
KR_6765022475,420,-1,-34,-27,-3,0,1,1,2,2,0,-2,3,5,3,6,3,-6,0,6,0,-3,22,-4,6,2,-1,0,0,-1,-1,-1,-1,4,1
KR_6774814500,420,2,-69,-4,6,2,3,1,-2,3,5,0,3,3,4,7,3,2,2,0,0,16,30,3,4,7,-3,0,-1,-1,-1,-1,1,5,1
KR_6661707446,420,0,-22,-12,9,0,1,1,3,4,1,0,1,1,6,6,0,0,0,0,-1,11,-6,5,2,7,3,0,1,1,1,1,-1,3,1
KR_6777099102,420,3,-29,-28,3,0,1,1,0,2,2,-1,3,4,4,4,0,0,1,1,-1,14,1,1,5,6,1,0,0,-1,-1,1,-1,1,1
KR_6727572280,420,4,90,16,6,0,2,2,2,3,1,-4,2,6,1,2,1,7,7,0,2,12,-5,1,7,8,4,0,3,1,-1,1,1,1,1
KR_6767486229,420,0,58,-28,-2,2,3,1,0,2,2,-1,2,3,0,3,3,-3,0,3,0,-15,-40,-1,5,4,1,0,-1,-1,1,-1,-1,3,1
KR_6746932673,420,3,63,8,3,2,4,2,-2,1,3,1,2,1,0,2,2,2,2,0,0,7,-60,0,6,6,2,0,1,1,1,1,1,1,1
KR_6767734093,420,1,31,-2,5,1,2,1,-2,0,2,0,2,2,6,8,2,0,1,1,0,13,3,-2,8,6,1,0,2,1,1,1,1,3,1
KR_6767686426,420,2,37,-16,5,3,4,1,2,6,4,0,3,3,2,3,1,-2,1,3,0,8,-5,-4,9,5,5,0,0,-1,-1,-1,1,1,1
KR_6777575037,420,0,6,-3,4,-3,1,4,2,3,1,3,6,3,0,1,1,2,2,0,0,5,4,4,6,10,-2,0,0,-1,1,-1,-1,2,1
KR_6716515155,420,-2,-37,15,-2,-1,0,1,1,2,1,-2,0,2,0,2,2,0,0,0,0,-1,18,1,6,7,0,0,-1,-1,1,-1,-1,4,1
KR_6777106173,420,2,34,28,4,-3,0,3,1,7,6,5,6,1,1,7,6,0,0,0,0,11,0,-4,6,2,0,0,3,-1,1,1,-1,5,1
KR_6764594503,420,0,2,-8,8,0,1,1,0,2,2,16,17,1,-7,2,9,-1,1,2,2,6,11,1,4,5,3,0,0,1,1,1,1,3,1
KR_6695488888,420,0,-58,28,3,1,5,4,2,5,3,-2,1,3,1,6,5,1,1,0,0,-2,10,1,10,11,-7,0,0,1,1,1,1,1,1
KR_6763380965,420,1,47,-4,6,6,6,0,-1,0,1,-2,0,2,5,7,2,-2,1,3,1,1,-11,-1,4,3,5,0,2,-1,1,1,1,1,1
KR_6752710099,420,0,10,4,6,1,2,1,-3,1,4,6,11,5,1,3,2,1,3,2,1,12,34,7,5,12,3,0,2,-1,1,-1,1,2,1
KR_6737710271,420,5,36,13,13,7,8,1,1,3,2,6,7,1,1,4,3,-2,0,2,1,5,15,-1,7,6,1,0,-1,1,-1,1,1,3,1
KR_6772086706,420,5,35,-20,4,2,3,1,2,5,3,2,3,1,0,4,4,-2,0,2,0,6,13,0,4,4,-2,0,1,-1,-1,1,1,6,1
KR_6644215689,420,2,44,14,7,0,2,2,-2,1,3,1,3,2,3,4,1,5,5,0,-1,9,-2,-3,8,5,6,0,0,1,-1,1,-1,4,1
KR_6775389451,420,1,25,9,3,5,6,1,0,2,2,-1,3,4,0,2,2,-1,0,1,0,0,-5,0,6,6,2,0,-1,1,-1,-1,-1,5,1
KR_6771331802,420,2,4,3,6,-4,1,5,7,7,0,-2,1,3,-1,1,2,6,6,0,0,-1,9,1,6,7,3,0,0,-1,1,1,1,6,1
KR_6777563771,420,5,91,9,8,0,1,1,4,5,1,4,6,2,-1,1,2,1,1,0,0,5,-10,-2,7,5,6,0,2,-1,1,1,1,2,1
KR_6776265677,420,2,28,47,2,2,4,2,3,4,1,-3,2,5,1,2,1,-1,0,1,0,-9,6,0,9,9,9,0,2,1,1,1,-1,6,1
KR_6774704218,420,4,29,21,21,3,5,2,4,5,1,9,9,0,5,6,1,0,1,1,1,19,0,4,3,7,2,0,1,1,1,1,1,5,1
KR_6775320371,420,1,-4,42,-2,1,1,0,-2,2,4,0,2,2,-1,4,5,0,0,0,0,-11,-14,-7,11,4,5,0,1,-1,1,1,-1,4,1
KR_6761281387,420,-3,-51,-4,-5,-2,1,3,-2,1,3,0,1,1,-2,0,2,1,1,0,0,-2,12,-1,6,5,2,0,0,1,1,0,1,5,1
KR_6661875537,420,1,8,22,7,0,2,2,1,4,3,2,2,0,4,4,0,0,1,1,0,5,-36,1,6,7,16,0,-1,-1,-1,-1,-1,2,1
KR_6771467968,440,3,-46,-21,6,1,2,1,6,8,2,4,4,0,-4,5,9,-1,0,1,-1,6,-15,3,4,7,-4,0,-1,-1,1,-1,-1,2,1
KR_6770538130,420,-3,-5,-3,-6,2,5,3,-7,1,8,0,3,3,2,5,3,-3,0,3,0,-7,-23,0,8,8,0,0,-1,1,-1,-1,1,3,1
KR_6768744384,420,-1,-64,-32,2,0,1,1,4,7,3,3,3,0,-1,2,3,-4,0,4,0,8,-4,2,9,11,3,0,0,-1,1,0,-1,2,1
KR_6659954529,420,3,26,-13,10,3,5,2,5,5,0,3,5,2,-1,3,4,0,1,1,0,17,-120,0,3,3,3,0,2,1,1,1,1,2,1
KR_6676824682,420,5,121,24,11,5,5,0,4,4,0,-2,2,4,4,6,2,0,0,0,0,5,3,-1,7,6,-3,0,1,1,-1,1,1,2,1
KR_6768036689,420,1,13,19,2,3,3,0,0,2,2,-5,0,5,0,6,6,4,5,1,0,7,-27,1,4,5,0,0,0,-1,1,0,-1,1,1
KR_6776356580,420,1,55,22,7,0,2,2,5,9,4,0,2,2,0,2,2,2,2,0,1,4,5,0,8,8,0,0,1,1,-1,1,1,3,1
KR_6773085297,420,1,-13,-2,4,-1,0,1,-4,0,4,6,8,2,3,5,2,0,1,1,0,3,23,1,7,8,-1,0,-1,1,-1,-1,-1,6,1
KR_6747929662,440,2,10,5,5,-1,1,2,-1,0,1,-1,1,2,3,3,0,5,5,0,0,10,7,-1,7,6,3,0,0,1,1,0,1,4,1
KR_6773150998,420,4,45,38,9,-1,2,3,2,2,0,4,5,1,6,8,2,-2,0,2,0,6,7,6,2,8,-3,0,1,1,1,1,-1,5,1
KR_6674491656,420,-1,-8,31,-1,-3,1,4,-1,6,7,5,6,1,-2,4,6,0,1,1,0,-1,-1,0,9,9,3,0,0,1,-1,0,-1,2,1
KR_6769248433,420,4,109,14,9,0,0,0,2,3,1,1,2,1,1,2,1,5,5,0,0,13,6,1,1,2,0,0,4,1,-1,1,1,6,1
KR_6771562296,420,9,117,82,11,0,2,2,1,2,1,7,7,0,3,4,1,0,0,0,0,3,-14,1,3,4,2,0,4,1,1,1,1,3,1
KR_6752749811,420,1,-12,-1,7,-2,0,2,2,4,2,2,4,2,2,4,2,3,3,0,0,14,-54,-9,13,4,30,0,0,1,-1,-1,-1,5,1
KR_6770042493,420,1,10,12,7,0,0,0,6,7,1,3,4,1,-1,7,8,-1,0,1,1,16,-249,4,4,8,1,0,2,1,1,1,1,5,1
KR_6777477819,420,-1,-2,-5,4,-2,1,3,3,6,3,-3,1,4,2,5,3,4,4,0,-1,7,35,-1,5,4,-20,0,0,-1,1,0,-1,5,1
KR_6773544195,420,-1,-8,16,5,1,1,0,1,2,1,-1,0,1,5,5,0,-1,0,1,0,11,7,6,4,10,-1,0,1,1,1,1,1,3,1
KR_6770904350,420,-2,-21,24,-4,-7,0,7,-4,2,6,5,5,0,-1,1,2,3,3,0,0,-13,-249,1,4,5,2,0,0,-1,1,1,-1,6,1
KR_6690501035,420,1,-6,21,0,1,2,1,0,2,2,-2,0,2,1,3,2,0,1,1,0,-2,3,3,6,9,5,0,0,1,1,-1,1,1,1
KR_6776349471,420,2,34,-11,-2,1,3,2,-5,0,5,0,4,4,4,9,5,-2,2,4,1,-11,-3,-4,6,2,4,0,0,-1,-1,0,1,3,1
KR_6775080494,420,4,30,6,5,2,3,1,-1,2,3,-1,0,1,6,7,1,-1,1,2,0,6,38,-4,7,3,-12,0,1,1,1,1,1,4,1
KR_6775163532,420,2,-12,24,1,-2,0,2,-3,1,4,0,5,5,2,3,1,4,4,0,-1,8,-3,0,9,9,-3,0,2,1,1,1,-1,5,1
KR_6767199442,420,8,68,21,10,4,4,0,4,5,1,1,6,5,0,1,1,1,1,0,0,4,16,-6,8,2,4,0,3,1,1,1,1,6,1
KR_6774768785,420,0,6,23,0,-1,3,4,5,6,1,-1,2,3,-1,1,2,-2,5,7,0,5,213,0,5,5,7,0,1,-1,-1,1,1,1,1
KR_6774341641,420,3,7,27,2,2,3,1,-1,2,3,-1,2,3,0,0,0,2,2,0,1,5,-127,0,6,6,0,0,0,-1,-1,1,1,2,1
KR_6745133111,420,3,28,17,6,0,1,1,5,6,1,3,5,2,-3,1,4,1,2,1,0,11,4,3,6,9,-5,0,0,-1,1,-1,-1,6,1
KR_6757125193,420,1,-3,-27,6,-3,1,4,-3,0,3,4,5,1,7,10,3,1,1,0,0,8,-4,-1,5,4,2,0,0,1,-1,1,1,5,1
KR_6764917391,420,0,-37,16,7,-2,1,3,4,5,1,0,0,0,5,5,0,0,1,1,0,13,-2,-3,9,6,-3,0,0,-1,-1,-1,1,1,1
KR_6769926499,420,0,68,-6,6,-3,2,5,6,7,1,-3,3,6,4,7,3,2,5,3,1,6,-2,0,4,4,1,0,1,-1,1,1,1,2,1
KR_6733513590,420,7,79,40,13,-1,0,1,2,7,5,8,10,2,5,6,1,-1,0,1,0,28,15,-7,11,4,5,0,2,1,1,1,-1,1,1
KR_6730579631,420,2,13,-8,8,4,5,1,4,6,2,-2,2,4,1,2,1,1,1,0,0,3,3,2,5,7,1,0,-1,-1,1,-1,1,5,1
KR_6708422043,420,-1,-70,6,2,0,0,0,-7,2,9,5,5,0,2,4,2,2,2,0,0,6,-40,-4,12,8,9,0,-1,1,-1,-1,1,2,1
KR_6727675823,420,2,37,-1,8,-2,0,2,3,9,6,4,5,1,2,5,3,1,1,0,0,4,2,6,2,8,3,0,2,1,1,1,-1,3,1
KR_6773070744,420,2,71,-19,4,-2,2,4,1,1,0,2,3,1,0,1,1,3,4,1,0,13,1,2,3,5,2,0,3,0,1,1,-1,0,1
KR_6770311943,420,-2,-19,-32,-3,0,1,1,-4,1,5,2,4,2,-1,3,4,0,1,1,0,-7,4,-2,10,8,-4,0,0,1,-1,-1,1,1,1
KR_6684583735,420,5,91,3,6,1,4,3,1,1,0,0,0,0,2,2,0,2,2,0,0,14,3,4,5,9,-3,0,2,-1,1,1,1,2,1
KR_6766773904,420,1,-3,-9,11,3,4,1,1,3,2,0,1,1,8,9,1,-1,0,1,0,14,-7,-2,4,2,-2,0,3,1,1,1,-1,4,1
KR_6776113037,440,0,38,36,-2,0,1,1,-2,6,8,1,3,2,-2,3,5,1,2,1,0,-2,21,-2,9,7,2,0,-1,-1,1,-1,-1,2,1
KR_6775607079,420,-2,-9,-11,-5,-6,0,6,-2,1,3,1,2,1,1,3,2,1,1,0,0,0,-20,-1,9,8,4,0,-1,-1,-1,-1,-1,2,1
KR_6642996417,420,1,-7,12,5,0,1,1,7,7,0,1,3,2,-3,1,4,0,0,0,0,14,9,2,3,5,2,0,2,1,1,1,1,5,1
KR_6768304916,420,3,20,-6,3,8,8,0,3,3,0,-4,1,5,-4,1,5,0,0,0,1,0,-39,-3,7,4,0,0,0,-1,-1,-1,1,3,1
KR_6774986034,420,3,-13,-6,7,1,1,0,3,5,2,-2,1,3,1,4,3,4,4,0,0,8,-2,1,5,6,0,0,1,-1,1,1,-1,5,1
KR_6774854182,420,-1,13,-5,-4,-4,1,5,-3,1,4,1,1,0,1,2,1,1,3,2,0,-7,-3,-1,5,4,-3,0,1,-1,-1,1,-1,4,1
KR_6764927576,420,1,17,24,0,1,1,0,4,6,2,-2,2,4,-1,1,2,-2,0,2,0,1,-13,0,9,9,-4,0,1,1,1,1,-1,3,1
KR_6761774556,420,4,49,31,3,3,3,0,1,5,4,0,3,3,0,1,1,-1,0,1,0,5,1,0,7,7,1,0,0,1,1,1,-1,6,1
KR_6763944939,420,-2,48,4,-6,-3,3,6,-1,2,3,3,4,1,-5,0,5,0,0,0,-1,-6,17,0,7,7,-3,0,0,1,-1,1,-1,3,1
KR_6775611429,420,6,137,19,15,3,3,0,4,5,1,-2,2,4,9,9,0,1,3,2,0,14,211,3,4,7,-2,0,4,1,1,1,1,6,1
KR_6776899548,420,1,-6,-6,6,0,2,2,5,5,0,-3,0,3,4,5,1,0,2,2,0,2,-6,-2,8,6,7,0,1,1,1,1,-1,1,1
KR_6777539498,440,3,26,1,6,0,0,0,1,1,0,-1,1,2,5,5,0,1,4,3,0,7,68,4,0,4,-18,0,1,1,-1,1,1,2,1
KR_6756345937,420,4,74,-12,10,3,3,0,2,4,2,3,3,0,3,7,4,-1,0,1,0,17,-16,2,5,7,5,0,0,-1,1,1,1,1,1
KR_6772636495,420,8,129,74,21,1,2,1,2,3,1,6,8,2,11,11,0,1,2,1,1,13,-5,1,2,3,-2,0,4,1,1,1,1,3,1
KR_6706167534,420,-2,-13,5,2,0,1,1,1,3,2,3,4,1,-1,2,3,-1,0,1,0,8,1,-3,6,3,0,0,-1,1,0,-1,-1,3,1
KR_6756393536,420,5,100,4,13,6,7,1,1,4,3,5,9,4,0,4,4,1,3,2,0,9,-33,-6,11,5,6,0,3,1,1,1,-1,2,1
KR_6764738769,420,-1,-2,1,-5,-3,0,3,-2,0,2,1,1,0,-2,2,4,1,1,0,0,-11,-20,-2,9,7,1,0,-2,-1,-1,-1,-1,2,1
KR_6777046208,420,-2,-30,24,-9,-5,0,5,0,2,2,-1,2,3,-3,2,5,0,0,0,-1,-10,-20,-3,6,3,0,0,-1,-1,-1,-1,-1,3,1
KR_6697663761,420,1,-11,-6,4,1,2,1,3,7,4,2,3,1,-1,2,3,-1,0,1,0,11,61,1,6,7,7,0,-1,-1,1,-1,-1,6,1
KR_6734037324,420,1,70,-7,6,1,2,1,4,6,2,6,6,0,-4,0,4,-1,1,2,0,4,-210,5,4,9,7,0,1,1,1,1,-1,5,1
KR_6772279358,440,1,45,-15,7,0,1,1,2,6,4,4,6,2,1,4,3,0,0,0,0,3,-2,3,5,8,-3,0,0,-1,1,0,-1,6,1
KR_6759145868,420,-2,3,-12,-10,0,2,2,-3,1,4,-1,5,6,-2,4,6,-4,1,5,0,-7,-2,4,6,10,5,0,-1,-1,1,-1,-1,5,1
KR_6720355668,420,-2,-28,-12,-4,-1,2,3,2,3,1,-2,1,3,-3,2,5,0,0,0,0,3,-37,1,9,10,6,0,-1,-1,1,-1,-1,5,1
KR_6744697967,420,-5,-40,-10,-8,-2,0,2,-5,1,6,-2,4,6,0,2,2,1,1,0,0,-12,-54,-5,7,2,-2,0,0,1,1,1,1,2,1
KR_6712209159,420,3,25,22,0,2,2,0,3,7,4,-2,0,2,0,2,2,-3,0,3,0,-1,56,0,7,7,-4,0,2,1,1,1,-1,6,1
KR_6749201995,440,1,62,-2,-5,0,2,2,-2,0,2,-4,3,7,1,7,6,0,4,4,1,-3,-4,-2,8,6,3,0,1,1,1,1,1,2,1
KR_6731465451,420,3,56,-12,8,-1,0,1,3,5,2,2,4,2,2,3,1,2,2,0,0,9,-39,0,6,6,4,0,1,1,-1,1,1,5,1
KR_6765373148,440,0,40,16,-1,0,1,1,0,4,4,-3,0,3,-3,3,6,5,8,3,0,-1,1,5,3,8,4,0,2,-1,1,1,-1,2,1
KR_6725696179,420,4,65,36,9,2,2,0,1,3,2,2,2,0,4,5,1,0,0,0,0,10,-1,5,5,10,0,0,2,-1,1,1,1,1,1
KR_6773555864,420,-2,-8,3,-2,0,3,3,2,2,0,-1,3,4,-2,4,6,-1,0,1,0,-4,-6,1,4,5,0,0,0,1,-1,0,-1,4,1
KR_6773512691,420,-2,13,3,-1,-5,0,5,0,1,1,3,3,0,0,0,0,1,1,0,1,3,11,3,5,8,-4,0,1,1,-1,1,1,2,1
KR_6758933793,420,4,81,-24,14,-1,1,2,3,6,3,5,7,2,4,7,3,3,4,1,0,2,4,1,4,5,-1,0,4,1,1,1,1,3,1
KR_6774162052,420,-1,11,8,-6,-2,1,3,-2,2,4,1,1,0,-3,4,7,0,4,4,0,-10,-4,-4,7,3,2,0,0,-1,-1,0,1,4,1
KR_6769359155,420,2,37,3,9,2,3,1,0,1,1,0,1,1,7,9,2,0,1,1,0,15,-40,-2,8,6,20,0,-2,1,-1,-1,1,5,1
KR_6707870714,420,5,11,11,9,1,4,3,2,3,1,5,5,0,2,5,3,-1,1,2,0,12,-2,0,6,6,3,0,0,-1,1,1,-1,1,1
KR_6771410893,420,-2,12,21,0,-2,0,2,-3,3,6,4,7,3,2,3,1,-1,1,2,0,-5,13,2,9,11,-5,0,0,1,-1,-1,-1,2,1
KR_6692953290,420,-1,14,0,-5,2,2,0,-1,1,2,-1,0,1,-6,0,6,1,1,0,0,-6,-26,4,7,11,-6,0,1,-1,1,1,1,4,1
KR_6697724624,420,-2,-11,-29,3,-1,4,5,6,6,0,-3,0,3,1,4,3,0,1,1,0,5,-56,3,5,8,12,0,0,-1,-1,-1,1,5,1
KR_6709178568,420,4,81,16,8,2,2,0,1,5,4,-1,3,4,3,6,3,3,3,0,-1,15,3,2,5,7,3,0,1,-1,0,1,-1,4,1
KR_6767216351,440,3,16,-1,7,3,4,1,-4,1,5,5,5,0,3,6,3,0,1,1,0,0,-30,5,5,10,2,0,1,1,1,1,1,6,1
KR_6769249259,440,0,9,2,-3,-4,1,5,2,3,1,-1,3,4,1,3,2,-1,1,2,0,5,-1,0,4,4,1,0,0,1,-1,-1,-1,1,1
KR_6769080083,420,0,-38,28,1,-1,1,2,-1,2,3,4,6,2,-1,1,2,0,3,3,1,5,5,5,5,10,1,0,0,1,1,1,1,3,1
KR_6766483320,420,2,18,0,8,3,4,1,-1,3,4,2,3,1,1,5,4,3,4,1,-1,6,-7,-1,7,6,2,0,1,-1,1,1,-1,5,1
KR_6629076271,420,0,31,-12,-5,3,3,0,-6,3,9,-1,2,3,-2,4,6,1,1,0,-1,-2,35,2,7,9,2,0,0,1,-1,0,-1,4,1
KR_6774375159,420,4,93,-12,6,-1,2,3,-2,1,3,3,3,0,5,7,2,1,1,0,1,8,-83,4,4,8,-1,0,1,1,-1,1,1,4,1
KR_6772478286,420,0,33,-31,1,0,1,1,0,2,2,4,7,3,-5,2,7,2,3,1,0,-4,3,-2,7,5,11,0,2,-1,1,1,-1,6,1
KR_6675859176,440,4,48,15,11,3,6,3,0,2,2,9,9,0,0,0,0,-1,0,1,0,14,8,3,4,7,0,0,2,1,1,1,1,4,1
KR_6764162272,440,1,-59,11,0,-2,0,2,-1,2,3,0,0,0,1,2,1,2,2,0,0,6,7,0,7,7,-5,0,0,-1,1,-1,-1,1,1
KR_6777718637,420,4,40,23,8,3,4,1,3,6,3,1,2,1,2,5,3,-1,0,1,0,8,-1,1,8,9,-2,0,1,1,1,1,1,3,1
KR_6777689676,420,4,28,28,6,1,4,3,2,3,1,-1,0,1,4,6,2,0,0,0,0,8,-6,-2,6,4,1,0,0,1,-1,0,1,5,1
KR_6773088450,420,-1,28,3,5,0,0,0,1,3,2,-2,1,3,6,9,3,0,1,1,2,12,-1,0,7,7,3,0,0,1,-1,0,1,1,1
KR_6720769778,420,0,60,-1,2,4,4,0,-2,1,3,0,2,2,1,2,1,-1,0,1,-1,1,5,0,7,7,3,0,1,-1,1,1,-1,5,1
KR_6694910874,420,5,-8,63,10,1,3,2,1,2,1,2,2,0,1,3,2,5,5,0,-1,8,-5,-2,10,8,2,0,1,1,1,1,-1,2,1
KR_6775297467,420,1,15,8,0,-1,1,2,1,4,3,-2,3,5,1,3,2,1,1,0,0,3,-2,-2,6,4,1,0,-2,1,-1,-1,-1,3,1
KR_6772290903,420,0,3,9,0,2,2,0,1,3,2,-1,0,1,1,1,0,-3,0,3,0,4,8,5,4,9,1,0,2,-1,1,1,1,4,1
KR_6775290366,420,6,162,-17,13,3,3,0,6,9,3,-1,1,2,3,6,3,2,2,0,0,19,-15,4,4,8,-1,0,4,1,-1,1,1,4,1
KR_6690916547,440,10,155,35,24,7,7,0,6,6,0,5,5,0,6,10,4,0,2,2,0,23,7,5,1,6,1,0,2,1,1,1,1,6,1
KR_6758889639,420,1,50,-8,3,2,4,2,-1,4,5,0,2,2,3,4,1,-1,0,1,0,6,11,2,4,6,2,0,0,-1,-1,-1,-1,3,1
KR_6767826906,420,3,-1,20,3,6,6,0,-4,2,6,-3,3,6,3,5,2,1,2,1,0,-3,2,-1,5,4,1,0,1,-1,1,1,1,5,1
KR_6776777213,420,1,-28,0,-1,2,3,1,2,4,2,4,4,0,-7,0,7,-2,0,2,0,-6,5,3,6,9,-1,0,0,0,1,1,-1,0,1
KR_6710534286,420,2,-19,-13,-1,-3,0,3,1,1,0,1,2,1,-1,1,2,1,1,0,0,5,-22,5,3,8,-6,0,0,1,-1,0,-1,4,1
KR_6755616544,420,3,16,4,6,1,2,1,0,3,3,2,3,1,2,4,2,1,2,1,-1,2,42,-4,10,6,-9,0,1,-1,1,1,-1,1,1
KR_6776767906,420,6,118,3,15,9,9,0,2,4,2,-1,6,7,3,5,2,2,2,0,1,9,19,2,3,5,-1,0,3,1,1,1,1,2,1
KR_6765417970,420,1,-8,-12,-1,-1,3,4,1,2,1,-2,2,4,1,1,0,0,1,1,-2,-1,-245,1,7,8,0,0,-1,1,-1,-1,-1,4,1
KR_6672856235,420,1,-30,11,8,0,0,0,5,5,0,1,1,0,1,2,1,1,2,1,0,20,60,-2,8,6,7,0,0,1,-1,1,1,5,1
KR_6776724240,420,1,-24,4,3,2,3,1,6,9,3,-3,1,4,-2,3,5,0,0,0,0,11,11,3,8,11,-5,0,1,1,-1,1,-1,5,1
KR_6767881272,420,2,31,16,-2,0,2,2,-1,4,5,1,3,2,-5,1,6,3,3,0,0,-1,36,-2,8,6,1,0,3,-1,-1,1,1,3,1
KR_6741695959,420,-2,39,-32,4,0,2,2,3,4,1,1,2,1,1,2,1,-1,0,1,0,9,0,0,8,8,4,0,1,-1,1,1,-1,6,1
KR_6757095933,420,-3,-14,-26,-8,-4,1,5,-1,4,5,-2,2,4,2,5,3,-3,0,3,0,1,-2,-2,6,4,-3,0,-2,-1,-1,-1,-1,1,1
KR_6738345389,420,2,25,5,2,-1,1,2,2,3,1,2,4,2,-2,2,4,1,2,1,-1,1,10,-1,5,4,-3,0,0,-1,1,0,-1,6,1
KR_6773487795,420,2,17,16,5,-1,2,3,2,4,2,1,2,1,3,4,1,0,0,0,-1,9,1,3,3,6,-4,0,1,1,-1,1,-1,6,1
KR_6737689093,420,-1,-14,-12,5,0,2,2,-1,2,3,0,2,2,-2,2,4,8,8,0,0,5,-22,1,6,7,0,0,1,-1,1,-1,-1,2,1
KR_6735662113,440,4,-40,27,9,3,4,1,2,4,2,2,2,0,3,5,2,-1,0,1,0,7,1,-1,7,6,-6,0,0,1,1,1,-1,4,1
KR_6734171269,420,4,40,22,16,4,4,0,3,4,1,2,7,5,4,6,2,3,4,1,0,16,8,-8,12,4,3,0,2,1,1,1,-1,1,1
KR_6774321314,420,0,43,16,3,3,4,1,-1,0,1,4,6,2,-3,1,4,0,1,1,0,-7,-45,-1,8,7,3,0,1,1,-1,1,1,2,1
KR_6773344690,420,-1,-18,12,-4,2,3,1,-1,1,2,1,5,4,-5,2,7,-1,0,1,0,1,2,-3,8,5,-1,0,-2,-1,-1,-1,-1,2,1
KR_6777537766,420,-2,6,-1,-9,-4,0,4,0,4,4,0,2,2,-5,1,6,0,0,0,1,-4,6,-9,13,4,-3,0,-1,1,1,-1,1,6,1
KR_6744976942,440,0,81,-11,-3,0,3,3,-3,0,3,1,1,0,-1,1,2,0,0,0,0,-5,-11,-3,7,4,2,0,1,-1,1,1,1,3,1
KR_6774764133,420,3,49,19,2,-3,5,8,2,4,2,0,2,2,2,4,2,1,1,0,0,7,1,2,5,7,-5,0,1,1,-1,1,1,2,1
KR_6765187985,420,3,4,33,2,2,2,0,3,4,1,0,2,2,-3,2,5,0,0,0,0,1,-34,2,4,6,1,0,0,1,1,-1,1,1,1
KR_6771119290,420,4,45,28,10,-3,5,8,5,8,3,1,4,3,1,3,2,6,6,0,0,3,5,2,6,8,2,0,0,1,0,1,1,4,1
KR_6776795590,420,1,26,-7,5,2,2,0,4,5,1,3,5,2,-2,1,3,-2,0,2,0,11,20,4,1,5,1,0,1,1,1,1,1,2,1
KR_6772889319,420,3,71,13,0,-2,2,4,1,3,2,1,4,3,0,3,3,0,0,0,0,3,33,0,6,6,1,0,1,1,-1,1,-1,1,1
KR_6747158543,420,8,72,23,16,3,5,2,6,6,0,2,5,3,6,6,0,-1,1,2,0,20,-1,7,2,9,2,0,2,1,1,1,-1,5,1
KR_6777739139,440,1,38,11,2,1,2,1,-3,0,3,3,4,1,0,0,0,1,1,0,0,-8,-5,-1,8,7,6,0,0,-1,1,-1,-1,2,1
KR_6736673544,420,1,13,-20,4,2,3,1,-2,0,2,-2,0,2,3,4,1,3,3,0,0,10,-3,-6,8,2,7,0,1,1,-1,1,-1,4,1
KR_6759953553,420,3,7,-4,6,4,6,2,2,4,2,0,3,3,2,3,1,-2,1,3,0,6,-34,-1,6,5,21,0,0,1,1,0,-1,4,1
KR_6749283556,440,1,11,-8,-4,-1,2,3,-5,2,7,-2,2,4,1,5,4,3,3,0,0,-3,36,1,6,7,-10,0,1,1,0,1,1,5,1
KR_6760970178,420,-1,40,-21,0,6,6,0,-1,1,2,-6,0,6,0,1,1,1,1,0,0,0,-7,3,4,7,4,0,1,1,1,1,1,4,1
KR_6684144110,420,-1,-11,24,2,3,4,1,0,2,2,-2,1,3,0,2,2,1,2,1,0,4,10,7,2,9,-3,0,1,-1,1,1,1,2,1
KR_6773890926,440,4,-8,4,8,0,1,1,4,8,4,1,2,1,-2,3,5,5,5,0,0,4,-13,1,2,3,-1,0,1,1,1,1,-1,4,1
KR_6760859339,420,1,16,-8,-3,1,5,4,-4,1,5,-2,4,6,1,5,4,1,6,5,0,-7,-13,1,7,8,-8,0,1,-1,1,1,-1,1,1
KR_6730649166,420,4,40,23,11,5,7,2,-2,3,5,0,2,2,8,8,0,0,0,0,1,18,-4,-4,7,3,2,0,3,1,1,1,1,3,1
KR_6695333160,420,1,23,-7,5,-3,1,4,1,2,1,5,7,2,5,5,0,-3,1,4,0,5,37,-1,7,6,2,0,1,-1,1,1,1,2,1
KR_6774392606,420,-2,-57,-13,2,-1,3,4,0,2,2,0,1,1,2,2,0,1,1,0,0,9,-12,6,3,9,0,0,0,1,-1,-1,-1,2,1
KR_6773941723,420,1,73,12,6,6,7,1,1,2,1,4,4,0,-4,1,5,-1,2,3,0,12,0,1,4,5,4,0,2,1,-1,1,-1,5,1
KR_6767552874,420,3,40,-25,17,0,1,1,12,13,1,6,8,2,3,4,1,-4,1,5,0,19,2,7,0,7,-1,0,1,-1,-1,1,1,2,1
KR_6776773845,420,2,28,15,-2,-1,1,2,-8,3,11,-1,2,3,3,5,2,5,5,0,0,1,3,0,4,4,0,0,0,-1,0,0,-1,5,1
KR_6776184832,420,2,59,16,2,1,1,0,0,2,2,1,4,3,0,0,0,0,1,1,3,4,-3,-5,8,3,-5,0,1,1,1,1,1,2,1
KR_6768522479,420,2,22,-4,1,2,3,1,-1,1,2,0,1,1,0,1,1,0,1,1,0,6,48,2,7,9,-7,0,0,1,-1,1,-1,3,1
KR_6775942899,420,4,58,-8,9,1,1,0,-2,2,4,3,6,3,7,8,1,0,0,0,0,12,-3,-3,8,5,4,0,0,-1,-1,-1,1,4,1
KR_6750550835,440,3,13,20,6,2,3,1,0,1,1,1,3,2,0,5,5,3,4,1,0,2,-305,7,3,10,-30,0,0,1,1,1,1,1,1
KR_6774290179,420,4,3,19,7,4,6,2,1,3,2,1,2,1,1,2,1,0,1,1,-1,15,108,1,6,7,2,0,-2,1,1,-1,1,2,1
KR_6771595363,420,4,16,-11,4,3,4,1,1,4,3,3,4,1,-3,1,4,0,0,0,0,-2,-4,2,5,7,7,0,1,1,1,1,1,3,1
KR_6764000732,420,-2,-8,1,-7,0,0,0,-2,3,5,-1,4,5,-4,2,6,0,0,0,-1,-2,-13,-2,5,3,1,0,-1,1,-1,-1,-1,3,1
KR_6773429820,420,7,19,24,16,2,3,1,12,13,1,1,2,1,0,4,4,1,1,0,1,21,31,5,5,10,4,0,2,1,1,1,1,4,1
KR_6652179609,420,4,69,0,7,1,2,1,1,3,2,3,6,3,0,3,3,2,3,1,0,4,1,-1,6,5,3,0,2,-1,1,1,1,2,1
KR_6777551346,420,0,30,-10,-4,-5,0,5,0,2,2,-4,0,4,4,5,1,1,1,0,0,2,-53,-6,8,2,-4,0,-1,-1,-1,-1,1,4,1
KR_6777000545,420,6,135,-2,15,6,6,0,10,12,2,-2,2,4,0,1,1,1,1,0,-1,10,-8,2,4,6,7,0,1,1,1,1,-1,2,1
KR_6774509447,420,3,24,10,-1,-5,1,6,0,0,0,-3,2,5,7,10,3,0,1,1,-1,3,-11,-1,7,6,1,0,-2,1,-1,-1,-1,2,1
KR_6767282074,420,3,96,24,3,3,5,2,1,3,2,2,4,2,-2,1,3,-1,1,2,0,-2,3,-1,5,4,2,0,0,-1,1,-1,1,1,1
KR_6697339423,420,2,14,32,8,-1,2,3,8,9,1,2,3,1,-2,0,2,1,2,1,1,7,46,4,4,8,2,0,1,1,1,1,1,5,1
KR_6697659549,420,0,-1,12,2,0,3,3,-2,1,3,3,5,2,2,6,4,-1,1,2,0,0,1,-4,10,6,2,0,0,1,1,0,-1,5,1
KR_6753231575,420,-3,4,-5,-9,-1,0,1,-5,2,7,-1,5,6,-1,6,7,-1,1,2,0,-9,-8,-2,8,6,2,0,0,-1,1,0,1,1,1
KR_6764377486,420,-3,-77,20,-9,-5,0,5,-4,1,5,4,7,3,-3,0,3,-1,1,2,0,-3,2,1,7,8,1,0,-1,1,1,-1,-1,3,1
KR_6776731486,420,6,25,48,5,1,3,2,1,2,1,1,4,3,2,3,1,0,0,0,0,9,2,4,2,6,3,0,3,1,1,1,-1,2,1
KR_6763652827,420,-2,32,-20,-3,1,2,1,0,1,1,-1,0,1,-4,1,5,1,1,0,0,-8,-46,-2,9,7,46,0,0,-1,1,1,-1,5,1
KR_6709555643,420,-2,-57,7,-1,-1,0,1,-7,1,8,3,5,2,1,2,1,3,4,1,0,3,12,1,5,6,2,0,-1,1,-1,-1,1,3,1
KR_6774502430,420,-2,-55,-33,-6,0,2,2,1,3,2,-3,0,3,-5,1,6,1,2,1,0,4,49,-2,5,3,0,0,-2,-1,-1,-1,-1,1,1
KR_6774203180,420,-4,-14,-2,-12,-1,4,5,-3,1,4,-1,2,3,-5,0,5,-2,1,3,-1,-16,-1,-1,6,5,-9,0,0,1,-1,-1,-1,5,1
KR_6772547491,420,8,85,38,17,4,7,3,6,7,1,-1,3,4,9,12,3,-1,1,2,0,4,-16,5,3,8,-6,0,4,-1,1,1,1,3,1
KR_6775411391,420,3,35,5,6,4,4,0,2,4,2,-2,2,4,1,4,3,1,2,1,0,-2,25,4,4,8,-4,0,0,-1,1,0,-1,4,1
KR_6773817120,420,3,20,24,8,-2,0,2,0,2,2,3,3,0,5,6,1,2,2,0,0,4,-20,-2,9,7,3,0,-1,1,1,-1,1,1,1
KR_6769112988,420,0,-20,5,0,3,4,1,-2,0,2,-2,1,3,2,2,0,-1,0,1,0,1,3,-2,8,6,-4,0,-1,-1,1,-1,1,6,1
KR_6777054311,420,7,66,-2,14,4,5,1,1,2,1,2,3,1,8,11,3,-1,0,1,0,16,-1,0,6,6,-1,0,1,0,1,1,1,0,1
KR_6745425922,420,-1,-3,-30,0,0,2,2,-1,1,2,-1,2,3,2,5,3,0,4,4,0,2,20,5,2,7,-4,0,0,1,-1,-1,-1,1,1
KR_6775228460,440,4,133,1,9,3,3,0,1,3,2,5,5,0,-2,1,3,2,4,2,0,4,2,2,2,4,0,0,2,-1,-1,1,1,4,1
KR_6744729580,420,4,40,45,7,0,1,1,6,7,1,1,2,1,0,1,1,0,1,1,0,16,-125,-3,9,6,8,0,1,-1,1,1,1,6,1
KR_6776555942,420,-3,-81,9,-8,-1,3,4,3,3,0,-7,1,8,-4,1,5,1,1,0,0,-4,-10,-5,7,2,-5,0,-1,1,1,-1,-1,1,1
KR_6775973640,420,1,17,15,-1,-2,1,3,-4,1,5,0,1,1,5,5,0,0,2,2,0,0,1,3,5,8,-2,0,0,1,0,0,-1,4,1
KR_6774840538,420,4,58,8,1,4,4,0,-4,0,4,3,5,2,-2,0,2,0,1,1,0,4,3,1,7,8,-4,0,1,1,-1,1,1,1,1
KR_6775804784,420,1,-10,-7,5,-3,2,5,0,1,1,0,1,1,7,8,1,1,1,0,0,9,-2,-1,6,5,3,0,2,1,-1,1,-1,3,1
KR_6776359349,420,1,-35,17,-9,2,2,0,-2,2,4,0,0,0,-5,1,6,-4,1,5,0,-10,-5,-5,9,4,6,0,0,-1,-1,-1,-1,4,1
KR_6733379075,420,0,-26,-36,3,1,2,1,3,5,2,-1,1,2,0,3,3,0,1,1,0,10,14,4,5,9,-2,0,1,0,-1,1,-1,0,1
KR_6777618892,420,0,52,10,4,-2,0,2,1,4,3,2,3,1,4,7,3,-1,2,3,0,2,-3,-2,7,5,6,0,-1,1,-1,-1,-1,1,1
KR_6775846084,420,2,-28,-13,2,-5,1,6,2,3,1,-1,1,2,6,6,0,0,0,0,0,16,19,2,4,6,-4,0,-1,0,-1,-1,-1,0,1
KR_6774994566,440,0,21,7,-3,-5,2,7,2,5,3,-1,0,1,2,4,2,-1,0,1,-1,-8,29,0,3,3,0,0,1,-1,1,1,-1,3,1
KR_6761797150,420,4,7,-19,14,3,5,2,6,6,0,0,3,3,4,5,1,1,1,0,0,15,7,0,4,4,3,0,3,1,-1,1,1,1,1
KR_6766116930,420,1,21,-25,-1,4,6,2,-2,0,2,-4,2,6,2,5,3,-1,0,1,-1,1,6,3,2,5,-2,0,0,-1,1,0,-1,4,1
KR_6766807225,420,3,44,2,-1,2,2,0,-5,2,7,0,4,4,3,3,0,-1,1,2,0,-4,3,3,7,10,3,0,1,-1,1,1,-1,6,1
KR_6764447562,420,4,28,18,5,1,1,0,1,4,3,0,3,3,1,1,0,2,3,1,-1,-1,-3,3,8,11,4,0,0,1,-1,1,-1,4,1
KR_6661951795,420,2,4,20,0,1,2,1,-1,2,3,0,2,2,0,3,3,0,1,1,0,-3,6,2,6,8,-2,0,-1,1,-1,-1,1,4,1
KR_6668682620,440,3,8,35,3,1,2,1,0,2,2,3,6,3,-3,1,4,2,2,0,0,2,28,-2,9,7,5,0,1,-1,1,1,-1,2,1
KR_6763697559,420,1,63,7,2,1,1,0,0,3,3,0,4,4,-1,6,7,2,3,1,0,1,-29,-3,8,5,4,0,1,1,1,1,1,1,1
KR_6777012371,420,0,19,14,-5,3,3,0,-3,0,3,-1,1,2,-2,2,4,-2,0,2,0,-4,-4,-2,9,7,4,0,0,-1,-1,-1,-1,2,1
KR_6769395816,420,-2,-55,8,0,2,3,1,1,3,2,-2,3,5,-3,2,5,2,2,0,-1,-9,0,0,5,5,0,0,-2,1,1,-1,-1,2,1
KR_6777472405,420,-1,-54,-16,2,-2,1,3,-1,1,2,0,3,3,2,5,3,3,3,0,1,10,-7,-2,6,4,3,0,-1,1,0,-1,1,3,1
KR_6775852439,420,0,-27,17,1,2,3,1,4,7,3,2,3,1,-7,0,7,0,0,0,0,4,-12,-5,6,1,8,0,1,-1,1,-1,1,2,1
KR_6741584894,420,0,-11,-16,6,-2,1,3,2,4,2,1,4,3,4,5,1,1,1,0,0,9,19,3,4,7,-1,0,0,1,-1,0,1,6,1
KR_6777435114,420,3,43,16,8,5,5,0,-1,2,3,3,6,3,0,1,1,1,2,1,0,7,113,2,5,7,-3,0,1,1,-1,1,1,5,1
KR_6777302122,440,5,39,8,16,2,3,1,3,5,2,0,1,1,11,11,0,0,1,1,0,10,17,5,3,8,-4,0,1,-1,1,1,1,1,1
KR_6772770436,420,4,26,0,10,0,1,1,3,6,3,2,2,0,4,6,2,1,1,0,0,14,6,2,8,10,2,0,0,1,-1,0,1,6,1
KR_6745904388,420,1,51,27,-5,2,4,2,-4,0,4,1,6,5,-4,2,6,0,1,1,-1,-11,-4,-9,13,4,8,0,2,1,1,1,-1,2,1
KR_6773656465,420,1,36,-1,0,2,2,0,-2,2,4,-1,1,2,3,4,1,-2,0,2,-1,-3,-19,2,3,5,2,0,1,-1,1,1,-1,2,1
KR_6772842185,420,7,121,16,14,9,9,0,2,4,2,3,3,0,0,1,1,0,1,1,0,12,8,0,6,6,-1,0,3,1,1,1,1,5,1
KR_6747181573,420,0,-34,1,5,1,2,1,6,7,1,2,4,2,-3,3,6,-1,0,1,0,22,4,-3,12,9,4,0,-1,-1,-1,-1,1,5,1
KR_6776629893,440,-1,52,-7,-3,3,3,0,4,6,2,-3,1,4,-1,2,3,-6,0,6,0,-6,-205,1,3,4,1,0,0,-1,1,0,-1,1,1
KR_6776918218,420,2,68,-3,3,6,6,0,1,2,1,-4,1,5,1,1,0,-1,1,2,0,-1,23,-2,8,6,6,0,3,1,1,1,-1,5,1
KR_6776881127,420,-2,81,-31,-5,4,4,0,-3,1,4,-1,2,3,-4,2,6,-1,0,1,0,-12,-10,-3,6,3,3,0,0,-1,1,-1,-1,6,1
KR_6773128062,420,0,-1,4,-3,3,3,0,1,2,1,-2,2,4,-2,1,3,-3,1,4,0,0,-47,-1,4,3,-2,0,1,1,1,1,1,4,1
KR_6775073050,420,-5,-69,-9,2,-1,0,1,-2,3,5,0,7,7,3,3,0,2,2,0,0,-4,-7,0,4,4,3,0,0,1,-1,-1,-1,1,1
KR_6745126268,420,3,48,-4,9,4,4,0,-1,3,4,6,7,1,-3,4,7,3,3,0,0,5,1,6,5,11,-1,0,2,1,1,1,-1,6,1
KR_6660505493,420,0,11,16,3,-5,0,5,0,7,7,5,5,0,2,5,3,1,2,1,0,15,-1,2,6,8,5,0,-1,-1,-1,1,1,4,1
KR_6776346987,420,-2,-51,-19,-4,0,2,2,-2,2,4,-1,3,4,-1,3,4,0,1,1,0,-5,1,2,5,7,-1,0,2,-1,1,1,1,2,1
KR_6774101287,440,3,53,-16,4,1,3,2,0,0,0,3,5,2,0,2,2,0,3,3,0,0,-1,4,3,7,-1,0,0,-1,1,0,1,3,1
KR_6768675802,420,3,62,16,5,0,0,0,-5,2,7,1,3,2,9,9,0,0,1,1,1,14,43,-2,4,2,-6,0,4,0,1,1,1,0,1
KR_6769996751,420,1,55,-24,-1,-1,1,2,-1,2,3,-2,0,2,3,3,0,0,1,1,0,-4,5,3,5,8,0,0,0,1,-1,0,-1,6,1
KR_6766435789,420,2,13,8,5,3,4,1,0,3,3,1,1,0,1,4,3,0,1,1,-1,4,-3,-4,9,5,3,0,1,-1,1,1,-1,4,1
KR_6775773592,420,2,109,-20,4,-3,0,3,-1,2,3,3,5,2,3,3,0,2,3,1,0,1,5,2,7,9,3,0,0,-1,-1,0,-1,4,1
KR_6769271762,420,5,39,18,13,4,4,0,13,14,1,3,4,1,-3,1,4,-4,0,4,0,14,33,1,5,6,1,0,0,0,1,1,-1,0,1
KR_6698535676,420,-1,27,20,-3,-2,0,2,-2,4,6,0,2,2,0,3,3,1,3,2,0,-3,34,0,6,6,-1,0,1,-1,1,1,-1,3,1
KR_6763660602,440,0,-19,-3,5,-1,1,2,3,5,2,0,0,0,9,11,2,-6,0,6,0,3,0,0,4,4,-3,0,1,1,1,1,1,4,1
KR_6772168022,420,3,36,16,3,0,1,1,-1,1,2,0,2,2,5,6,1,-1,0,1,0,1,5,0,6,6,-5,0,0,1,-1,1,-1,2,1
KR_6769059923,420,6,-14,16,7,0,1,1,4,5,1,4,4,0,-3,2,5,2,3,1,-1,11,-2,0,5,5,1,0,1,1,1,1,-1,5,1
KR_6773102975,420,0,29,0,3,1,2,1,-1,7,8,-1,3,4,7,10,3,-3,0,3,1,9,5,-2,7,5,1,0,2,1,1,1,1,3,1
KR_6773075104,420,2,29,8,9,0,2,2,-3,0,3,3,5,2,5,6,1,4,4,0,0,5,34,3,3,6,-2,0,2,1,1,1,1,3,1
KR_6652102338,420,0,-33,23,-3,2,3,1,-2,0,2,-4,0,4,0,2,2,1,1,0,0,1,-6,3,3,6,-1,0,1,1,1,1,1,2,1
KR_6676736718,420,5,73,25,11,8,9,1,3,5,2,-2,7,9,0,3,3,2,3,1,0,3,1,-2,7,5,2,0,2,0,1,1,1,0,1
KR_6775302046,420,3,-6,21,-1,-5,0,5,0,1,1,4,7,3,-1,2,3,1,2,1,0,-2,-3,-3,8,5,4,0,0,1,-1,0,1,1,1
KR_6753363043,420,3,68,44,7,6,7,1,-5,4,9,-2,1,3,2,2,0,6,6,0,0,2,-1,3,4,7,-1,0,2,1,1,1,-1,3,1
KR_6754516286,420,0,-26,-22,9,4,5,1,-3,0,3,-1,2,3,9,12,3,0,2,2,0,9,0,5,4,9,-1,0,1,-1,-1,1,1,3,1
KR_6724746148,420,2,102,-24,11,6,7,1,2,4,2,1,3,2,2,3,1,0,1,1,1,7,12,3,5,8,-3,0,2,1,1,1,1,5,1
KR_6769127230,420,5,92,2,9,2,3,1,2,5,3,0,1,1,4,5,1,1,1,0,-1,13,-10,-1,8,7,5,0,3,1,-1,1,-1,2,1
KR_6761384575,420,-1,-56,19,-4,-2,0,2,-4,2,6,3,5,2,1,3,2,-2,0,2,0,-4,-6,-3,7,4,5,0,-1,1,1,-1,1,6,1
KR_6766618588,420,3,35,-32,12,0,1,1,10,10,0,2,3,1,0,2,2,0,1,1,0,14,2,4,6,10,-2,0,1,-1,1,1,1,3,1
KR_6674296890,420,3,40,50,2,-1,2,3,0,2,2,2,2,0,1,2,1,0,0,0,0,5,-8,-2,11,9,-3,0,0,1,-1,0,1,3,1
KR_6767557886,420,3,35,-11,16,8,8,0,3,3,0,0,1,1,6,7,1,-1,0,1,0,17,-22,4,4,8,1,0,2,1,1,1,1,6,1
KR_6706591810,420,0,2,0,2,0,0,0,0,4,4,2,5,3,2,3,1,-2,0,2,0,6,-19,0,8,8,-4,0,1,-1,1,1,-1,5,1
KR_6674907375,420,-1,-66,10,0,1,2,1,1,4,3,-2,2,4,-2,4,6,2,2,0,1,4,-1,-2,8,6,-4,0,-1,1,1,-1,1,4,1
KR_6776345922,420,1,58,16,3,5,5,0,0,2,2,-2,0,2,1,2,1,-1,0,1,0,1,8,4,5,9,1,0,1,1,1,1,1,2,1
KR_6761643216,420,1,-3,17,-2,0,1,1,-1,1,2,-4,0,4,2,3,1,1,1,0,-1,-2,40,1,7,8,-3,0,0,1,1,0,-1,6,1
KR_6766926381,420,5,64,0,6,2,2,0,-1,4,5,-1,1,2,2,4,2,4,5,1,0,4,3,3,5,8,-1,0,0,-1,-1,1,1,2,1
KR_6695244907,420,-2,-50,7,4,-2,1,3,-2,2,4,3,5,2,5,6,1,0,1,1,0,1,12,-2,7,5,4,0,1,1,-1,1,-1,3,1
KR_6774351652,420,3,104,1,7,1,1,0,2,2,0,3,7,4,2,4,2,-1,0,1,0,4,33,-4,9,5,-16,0,0,-1,1,1,1,5,1
KR_6775393087,420,0,41,-13,1,1,3,2,0,2,2,0,2,2,-2,0,2,2,2,0,0,6,21,-5,10,5,1,0,0,1,-1,1,1,1,1
KR_6731693438,420,-1,-63,-24,1,0,2,2,-1,1,2,1,2,1,3,4,1,-2,1,3,0,6,0,1,6,7,1,0,1,-1,1,1,-1,1,1
KR_6775937429,420,6,46,-9,6,3,3,0,1,6,5,1,3,2,0,5,5,1,1,0,-1,5,-1,-3,8,5,-5,0,1,1,1,1,-1,6,1
KR_6758779976,420,-1,-4,28,-9,0,3,3,-4,2,6,-1,2,3,-2,3,5,-2,2,4,-1,-15,-14,-2,7,5,-1,0,2,1,1,1,-1,3,1
KR_6777879339,420,4,66,42,9,3,3,0,2,5,3,3,4,1,-1,1,2,2,3,1,0,12,38,1,3,4,-1,0,2,1,1,1,-1,1,1
KR_6746142742,420,2,-5,37,7,2,2,0,4,7,3,3,5,2,-2,0,2,0,0,0,0,6,51,1,3,4,1,0,2,1,1,1,1,4,1
KR_6775364552,420,4,42,-15,7,2,3,1,2,6,4,2,2,0,1,1,0,0,2,2,-1,7,-18,-2,7,5,4,0,2,-1,1,1,-1,4,1
KR_6711052131,420,2,68,4,2,0,2,2,1,5,4,0,4,4,2,5,3,-1,1,2,0,-4,9,4,6,10,-6,0,3,-1,1,1,-1,1,1
KR_6773620303,420,3,-2,44,8,3,3,0,2,3,1,2,4,2,1,4,3,0,3,3,0,2,-1,3,3,6,1,0,0,1,-1,0,1,4,1
KR_6776120165,420,0,-38,-12,-4,-2,1,3,-2,4,6,4,4,0,-2,2,4,-2,0,2,1,-1,1,2,5,7,4,0,-1,0,-1,-1,1,0,1
KR_6774681414,420,3,38,9,10,0,1,1,1,2,1,2,4,2,6,6,0,1,2,1,2,15,3,1,4,5,1,0,3,1,1,1,1,5,1
KR_6770162546,420,-1,27,4,4,-3,0,3,0,3,3,7,9,2,1,5,4,-1,0,1,0,24,2,0,8,8,-4,0,0,-1,-1,-1,1,6,1
KR_6770820935,420,4,101,8,9,4,6,2,2,4,2,0,3,3,2,5,3,1,1,0,0,7,-2,8,2,10,4,0,2,1,-1,1,-1,2,1
KR_6777843833,420,1,8,-4,1,-3,2,5,0,4,4,3,4,1,1,3,2,0,1,1,0,-3,0,-4,6,2,0,0,0,-1,-1,0,-1,5,1
KR_6704475808,420,0,-26,8,-1,-1,0,1,-1,1,2,4,5,1,-2,1,3,-1,0,1,0,-4,40,-2,8,6,0,0,0,1,1,-1,-1,6,1
KR_6640039904,440,1,4,22,4,0,2,2,-1,3,4,-2,1,3,2,3,1,5,5,0,0,8,10,2,5,7,1,0,1,1,1,1,1,6,1
KR_6772319303,420,7,50,32,10,0,0,0,0,2,2,7,7,0,4,5,1,-1,2,3,0,6,7,5,4,9,-1,0,4,-1,1,1,1,2,1
KR_6773290003,420,-1,-42,-9,1,0,1,1,5,5,0,-2,1,3,-2,1,3,0,0,0,0,8,16,5,5,10,-9,0,1,1,1,1,1,1,1
KR_6757350270,420,4,28,-3,9,4,4,0,3,4,1,-3,0,3,5,6,1,0,1,1,1,7,29,2,5,7,5,0,-1,1,-1,-1,1,4,1
KR_6768853346,420,2,-19,0,5,3,5,2,3,5,2,-3,2,5,3,6,3,-1,1,2,0,13,10,5,3,8,-2,0,1,1,-1,1,1,3,1
KR_6774781324,420,3,38,20,-3,0,3,3,0,6,6,1,1,0,-1,1,2,-3,1,4,-2,-8,-5,2,4,6,5,0,-2,1,-1,-1,1,5,1
KR_6754784044,420,1,-9,22,-1,4,4,0,-3,3,6,-3,1,4,1,5,4,0,3,3,0,-4,21,0,7,7,4,0,-1,1,-1,1,-1,4,1
KR_6694562349,420,4,59,12,9,3,5,2,-2,2,4,1,3,2,6,6,0,1,2,1,0,10,6,2,4,6,-2,0,4,-1,1,1,-1,3,1
KR_6698550385,420,1,50,16,2,3,3,0,-2,0,2,2,5,3,5,6,1,-6,0,6,0,-3,42,1,3,4,4,0,2,-1,1,1,-1,4,1
KR_6716697777,420,4,48,19,8,2,2,0,1,4,3,-1,1,2,4,5,1,2,2,0,-1,13,-24,-2,10,8,-3,0,1,-1,1,1,-1,5,1
KR_6771174710,420,-3,-36,-1,-8,0,1,1,-8,0,8,-1,2,3,1,3,2,0,1,1,0,-13,-1,-3,9,6,5,0,1,1,-1,1,1,5,1
KR_6776138513,420,1,12,0,7,0,3,3,5,7,2,-1,2,3,2,6,4,1,2,1,2,9,4,3,3,6,0,0,2,1,1,1,1,6,1
KR_6770247439,420,3,50,2,11,4,5,1,2,2,0,2,3,1,2,3,1,1,2,1,0,16,2,5,2,7,2,0,2,1,1,1,1,3,1
KR_6759444061,420,0,28,-28,-1,1,2,1,-6,0,6,0,1,1,2,5,3,2,2,0,2,-7,8,0,7,7,1,0,1,-1,-1,1,1,2,1
KR_6767589399,420,-3,2,-15,-6,-4,0,4,-3,2,5,2,2,0,-1,4,5,0,2,2,0,-4,-314,-1,5,4,-3,0,0,-1,1,0,-1,5,1
KR_6676326997,420,-2,15,-24,-3,2,3,1,0,3,3,-3,0,3,-2,0,2,0,0,0,0,-7,-84,-2,9,7,34,0,-1,1,-1,-1,1,1,1
KR_6712005170,420,2,48,29,3,-1,1,2,-3,1,4,3,5,2,3,4,1,1,1,0,1,1,1,2,5,7,4,0,1,1,1,1,1,4,1
KR_6774612445,420,-1,46,-44,3,-1,1,2,1,3,2,1,1,0,1,2,1,1,1,0,0,4,24,3,4,7,1,0,0,-1,1,1,1,4,1
KR_6728593213,440,4,-1,16,3,-1,1,2,0,3,3,1,4,3,2,3,1,1,2,1,-1,9,53,-5,7,2,-21,0,0,1,-1,1,-1,4,1
KR_6761688586,420,2,68,-19,7,0,2,2,3,5,2,3,6,3,1,1,0,0,0,0,0,7,-20,1,6,7,5,0,2,1,1,1,1,1,1
KR_6768618043,420,3,44,-16,10,1,1,0,0,1,1,7,8,1,4,4,0,-2,0,2,0,4,34,3,5,8,3,0,1,0,1,1,1,0,1
KR_6691585577,420,0,13,0,7,0,2,2,3,5,2,3,5,2,1,4,3,0,1,1,0,19,-9,2,5,7,-1,0,0,1,1,0,-1,4,1
KR_6753847066,420,2,33,16,6,2,3,1,2,3,1,0,2,2,1,2,1,1,2,1,0,8,19,1,6,7,-1,0,1,1,1,1,1,5,1
KR_6777668084,420,1,-23,16,-3,3,5,2,4,5,1,-8,1,9,0,3,3,-2,0,2,0,11,4,-1,8,7,-2,0,-2,1,1,-1,-1,1,1
KR_6693191044,420,4,61,1,15,1,1,0,8,9,1,4,6,2,2,7,5,0,1,1,0,15,7,5,6,11,3,0,1,1,1,1,1,1,1
KR_6745054934,440,4,44,7,7,0,1,1,-2,1,3,4,4,0,8,8,0,-3,4,7,1,6,36,-4,8,4,-18,0,1,0,1,1,1,0,1
KR_6771874361,420,-1,-10,-21,-4,-8,0,8,0,4,4,-2,1,3,2,4,2,4,5,1,1,14,9,-1,3,2,-1,0,1,-1,1,1,1,4,1
KR_6775149219,420,2,-51,-3,1,1,1,0,0,2,2,0,1,1,-2,0,2,2,2,0,0,3,12,7,3,10,-6,0,0,1,-1,0,-1,6,1
KR_6775175746,440,6,86,24,14,6,6,0,3,6,3,0,1,1,1,2,1,4,4,0,0,14,36,5,2,7,1,0,1,1,1,1,1,1,1
KR_6777769909,420,0,-25,11,5,-3,1,4,5,5,0,1,3,2,0,3,3,2,2,0,0,2,-10,-1,8,7,3,0,0,-1,1,0,1,1,1
KR_6767783965,420,4,0,-13,14,2,4,2,0,3,3,1,6,5,9,9,0,2,2,0,1,15,-7,3,5,8,4,0,1,1,1,1,1,5,1
KR_6743812225,420,0,21,-8,0,-2,2,4,4,7,3,-4,0,4,2,3,1,0,2,2,0,2,111,5,3,8,3,0,1,1,1,1,1,5,1
KR_6773992884,420,3,51,10,11,3,4,1,4,7,3,3,4,1,2,2,0,-1,1,2,0,8,-35,4,4,8,2,0,2,1,1,1,1,2,1
KR_6776043844,420,-3,-1,-40,3,0,3,3,1,3,2,0,3,3,4,4,0,-2,1,3,0,1,0,-4,7,3,-2,0,-1,-1,1,1,-1,3,1
KR_6771218795,420,1,-11,-5,8,5,6,1,1,2,1,1,3,2,-2,5,7,3,3,0,0,1,15,1,6,7,-1,0,2,1,1,1,1,4,1
KR_6771507668,420,2,31,4,4,5,5,0,-2,1,3,-1,2,3,3,6,3,-1,1,2,0,-2,43,-4,7,3,-17,0,-1,1,-1,-1,1,4,1
KR_6769420262,420,4,26,12,18,3,5,2,8,9,1,7,8,1,1,2,1,-1,1,2,1,26,2,-1,5,4,1,0,2,-1,1,1,1,5,1
KR_6771852133,420,0,-1,6,8,1,3,2,-1,2,3,4,4,0,3,3,0,1,2,1,-1,10,-35,1,6,7,2,0,0,-1,1,0,-1,2,1
KR_6720535020,420,2,72,4,17,-1,1,2,2,3,1,9,12,3,6,9,3,1,2,1,1,36,8,3,7,10,13,0,0,1,-1,1,1,1,1
KR_6774204024,420,5,35,17,12,4,5,1,4,4,0,2,2,0,1,2,1,1,3,2,0,13,48,2,5,7,3,0,0,1,1,0,1,2,1
KR_6749084012,420,-2,-36,4,-4,5,5,0,-3,2,5,-1,2,3,-4,1,5,-1,1,2,0,0,2,-2,13,11,4,0,-1,-1,-1,-1,-1,6,1
KR_6755996596,420,7,99,7,11,2,3,1,3,5,2,3,4,1,4,5,1,-1,0,1,0,7,21,6,4,10,1,0,3,1,-1,1,-1,3,1
KR_6755269013,420,-1,33,16,-5,1,3,2,-2,2,4,-2,2,4,0,2,2,-2,1,3,0,-7,-5,-1,7,6,-1,0,-1,1,-1,-1,-1,2,1
KR_6712848967,420,2,-5,-2,1,0,1,1,1,4,3,0,2,2,0,0,0,0,0,0,1,5,-15,-2,8,6,2,0,0,1,1,0,1,2,1
KR_6762751191,420,1,34,-12,1,2,3,1,0,3,3,-1,3,4,0,3,3,0,1,1,0,3,-33,-2,5,3,1,0,0,1,-1,0,1,3,1
KR_6774044604,420,3,31,16,4,3,3,0,2,2,0,-3,4,7,1,2,1,1,1,0,0,4,148,1,6,7,2,0,1,1,-1,1,1,5,1
KR_6773391818,420,2,20,12,3,1,1,0,0,4,4,0,3,3,4,5,1,-2,0,2,0,1,-1,1,5,6,-2,0,0,1,-1,1,1,2,1
KR_6773632389,420,5,95,-4,9,4,4,0,4,7,3,1,1,0,0,2,2,0,0,0,0,4,4,3,7,10,-8,0,0,1,1,0,1,2,1
KR_6776108618,420,3,44,39,9,1,1,0,2,4,2,7,7,0,0,1,1,-1,1,2,0,17,35,0,5,5,1,0,1,-1,-1,1,-1,5,1
KR_6766247291,420,4,151,-15,8,3,8,5,1,4,3,0,2,2,3,4,1,1,4,3,1,-1,-7,-3,4,1,6,0,4,1,1,1,1,4,1
KR_6770189771,420,0,-69,17,-1,-3,0,3,0,1,1,-1,2,3,2,4,2,1,2,1,0,4,-1,1,3,4,-2,0,0,1,-1,1,1,6,1
KR_6774697804,420,3,15,-12,15,2,2,0,0,5,5,5,7,2,6,8,2,2,2,0,0,12,3,5,3,8,3,0,2,1,1,1,1,1,1
KR_6711208070,420,3,97,-5,11,3,3,0,2,4,2,5,6,1,2,3,1,-1,0,1,0,16,5,-4,13,9,9,0,2,-1,1,1,1,6,1
KR_6775689599,420,2,-14,14,9,0,2,2,3,5,2,-1,0,1,4,6,2,3,4,1,0,10,10,1,5,6,0,0,1,1,1,1,-1,5,1
KR_6767059746,420,3,-4,16,4,1,2,1,6,8,2,-1,4,5,-3,1,4,1,2,1,0,1,7,2,1,3,2,0,0,-1,-1,-1,-1,3,1
KR_6776248397,420,-2,-14,-19,1,-2,1,3,-4,2,6,1,4,3,5,7,2,1,2,1,1,8,28,3,5,8,-2,0,0,1,1,1,1,5,1
KR_6773405644,420,4,6,-3,9,1,2,1,7,7,0,2,2,0,1,3,2,-2,0,2,0,16,3,3,5,8,2,0,1,1,1,1,-1,1,1
KR_6767215665,440,4,48,-8,11,2,3,1,5,8,3,0,2,2,5,8,3,-1,0,1,2,15,6,4,5,9,4,0,0,-1,-1,1,1,4,1
KR_6773085278,420,-4,-45,15,-5,1,2,1,-3,0,3,-3,1,4,0,3,3,0,2,2,0,-3,22,1,5,6,-4,0,-1,1,-1,-1,-1,6,1
KR_6770402099,420,3,45,-33,4,3,3,0,4,5,1,-2,2,4,-1,1,2,0,0,0,0,-1,13,3,7,10,1,0,1,1,1,1,1,3,1
KR_6776188033,420,0,-17,-1,1,0,0,0,0,3,3,3,4,1,-2,1,3,0,2,2,0,-5,76,-2,6,4,-5,0,-1,-1,1,-1,1,6,1
KR_6773978779,420,4,57,33,9,1,1,0,5,7,2,-2,2,4,1,4,3,4,5,1,2,10,-7,-1,5,4,3,0,1,-1,1,1,1,5,1
KR_6771010728,440,3,27,8,14,1,2,1,4,7,3,5,5,0,4,5,1,0,1,1,0,9,-4,-3,7,4,3,0,1,-1,1,-1,-1,3,1
KR_6776598490,420,-2,27,8,-5,-4,1,5,-3,5,8,-1,3,4,4,4,0,-1,1,2,0,-4,-3,1,4,5,4,0,0,1,1,-1,1,5,1
KR_6766192988,420,0,-17,2,-1,0,2,2,1,3,2,-1,1,2,1,4,3,-2,0,2,1,-6,0,-1,7,6,2,0,0,1,-1,0,1,1,1
KR_6767144817,420,2,55,2,9,4,4,0,4,4,0,3,3,0,-2,4,6,0,0,0,0,2,2,0,7,7,6,0,1,1,-1,1,-1,1,1
KR_6777458962,420,5,87,8,8,12,12,0,-3,0,3,-1,1,2,1,2,1,-1,0,1,0,-4,-18,0,5,5,1,0,1,1,-1,1,1,5,1
KR_6745319325,420,-2,-22,-12,0,0,3,3,0,3,3,-2,3,5,1,3,2,1,1,0,0,-3,-3,2,5,7,-2,0,1,-1,1,1,1,2,1
KR_6730211904,440,3,26,6,3,1,5,4,-1,2,3,6,6,0,-3,0,3,0,0,0,0,-3,17,1,2,3,-1,0,2,1,1,1,1,4,1
KR_6772372279,420,3,10,-38,4,1,4,3,1,4,3,4,5,1,-2,1,3,0,1,1,0,2,2,-2,6,4,5,0,1,-1,-1,1,1,5,1
KR_6741687842,420,4,51,28,10,2,3,1,-3,4,7,-1,1,2,8,12,4,4,4,0,0,14,-8,-11,11,0,4,0,0,-1,-1,1,1,2,1
KR_6775307132,420,3,72,-21,10,4,5,1,1,4,3,0,3,3,1,2,1,4,4,0,1,16,32,2,7,9,2,0,3,-1,1,1,1,1,1
KR_6768902689,420,-1,31,0,-3,-2,1,3,0,3,3,0,3,3,-2,4,6,1,2,1,-1,-2,4,0,8,8,6,0,0,1,-1,1,-1,3,1
KR_6774169935,420,-1,-52,-4,1,-1,1,2,3,4,1,-1,1,2,-1,0,1,1,2,1,0,5,-1,-1,2,1,-2,0,-1,-1,1,-1,-1,4,1
KR_6664919237,420,2,35,31,3,2,3,1,1,3,2,-2,2,4,4,6,2,-2,1,3,0,4,-8,3,7,10,5,0,1,-1,1,1,1,3,1
KR_6769152200,420,0,-30,4,4,0,0,0,2,4,2,-2,1,3,6,9,3,-2,1,3,2,8,-29,6,1,7,-4,0,-2,1,-1,-1,1,1,1
KR_6720398488,420,-1,-23,-8,3,-4,0,4,2,4,2,1,3,2,3,3,0,1,1,0,0,11,-7,-2,7,5,5,0,-1,1,-1,-1,1,1,1
KR_6730045631,420,-2,-33,-12,-6,-1,1,2,1,2,1,-1,1,2,-3,2,5,-2,2,4,0,-11,-3,-5,9,4,-3,0,-1,-1,1,-1,-1,2,1
KR_6697199920,420,1,11,10,3,2,2,0,1,2,1,-4,1,5,4,5,1,0,0,0,0,6,-3,3,6,9,1,0,0,1,1,0,1,2,1
KR_6776755028,420,2,25,-20,9,1,1,0,2,4,2,1,2,1,4,6,2,1,1,0,0,6,11,4,4,8,0,0,1,1,1,1,1,3,1
KR_6750106512,420,3,18,6,9,7,7,0,-1,2,3,2,4,2,1,3,2,0,2,2,0,10,77,-2,8,6,3,0,0,1,1,0,-1,6,1
KR_6766857556,420,-2,35,12,-4,-2,1,3,-3,1,4,9,9,0,0,4,4,-8,0,8,0,3,-2,2,2,4,-1,0,1,1,-1,-1,-1,2,1
KR_6749606113,420,3,12,24,8,-2,1,3,4,5,1,1,4,3,5,6,1,0,0,0,0,8,10,5,6,11,-5,0,2,1,1,1,1,2,1
KR_6750159078,420,2,83,-15,8,4,6,2,-1,3,4,4,5,1,6,6,0,-5,1,6,0,13,8,7,4,11,1,0,2,1,-1,1,1,5,1
KR_6776648581,420,5,75,-16,15,-1,1,2,3,3,0,4,4,0,9,11,2,0,0,0,0,23,2,1,7,8,7,0,4,1,1,1,1,1,1
KR_6771676380,420,-1,-84,0,-7,-5,1,6,1,5,4,-1,1,2,-3,2,5,1,1,0,0,-5,-4,0,4,4,0,0,-1,1,1,-1,-1,2,1
KR_6773283901,420,1,15,0,3,3,3,0,-2,2,4,2,5,3,1,3,2,-1,0,1,0,3,6,-1,5,4,1,0,1,-1,1,1,1,4,1
KR_6777303861,420,0,2,-35,-2,3,5,2,0,2,2,-2,3,5,-6,1,7,3,3,0,1,3,-5,3,3,6,2,0,0,1,-1,-1,1,1,1
KR_6715425530,440,1,-24,73,-9,-5,0,5,-3,6,9,-1,2,3,-1,0,1,1,2,1,-1,-9,11,-4,6,2,-1,0,0,1,-1,-1,-1,6,1
KR_6771309930,420,-1,-27,0,4,2,3,1,-3,1,4,2,3,1,3,4,1,0,1,1,0,5,3,0,9,9,-6,0,1,1,-1,1,1,6,1
KR_6767426270,440,2,-19,-12,8,4,4,0,-2,0,2,4,5,1,4,5,1,-2,4,6,-1,4,-4,-2,6,4,2,0,0,-1,1,-1,-1,2,1
KR_6773422986,420,-3,50,2,2,0,3,3,-1,3,4,-2,0,2,5,6,1,0,1,1,0,2,1,-2,6,4,-6,0,0,0,-1,0,1,0,1
KR_6775961492,420,2,1,-7,4,2,5,3,-2,4,6,2,4,2,2,2,0,0,2,2,0,-2,-30,1,7,8,-2,0,2,-1,1,1,-1,5,1
KR_6768196978,420,2,23,21,10,0,2,2,2,5,3,5,7,2,1,4,3,2,3,1,1,12,-1,-1,8,7,2,0,2,1,1,1,1,5,1
KR_6772804831,420,3,17,14,4,2,2,0,-1,0,1,0,0,0,2,6,4,1,1,0,0,-2,2,-2,7,5,0,0,1,1,-1,1,-1,1,1
KR_6764354910,420,5,80,-25,3,-2,1,3,-3,1,4,2,3,1,4,6,2,2,5,3,0,6,0,-1,5,4,2,0,2,1,1,1,-1,4,1
KR_6776574572,420,4,138,6,15,3,3,0,2,4,2,2,2,0,7,8,1,1,1,0,1,12,155,0,8,8,1,0,2,1,1,1,1,6,1
KR_6774108263,420,0,66,1,4,-1,1,2,-2,2,4,5,5,0,1,3,2,1,1,0,0,4,9,7,3,10,1,0,1,1,1,1,1,1,1
KR_6733560037,420,1,-10,22,-3,-3,2,5,0,5,5,0,2,2,0,2,2,0,1,1,1,-8,-11,-4,7,3,3,0,2,-1,1,1,1,1,1
KR_6694289314,420,3,13,19,8,-2,1,3,1,6,5,3,3,0,6,8,2,0,0,0,0,10,-26,0,9,9,0,0,0,1,-1,0,-1,2,1
KR_6721515426,420,2,-4,5,12,7,7,0,-3,2,5,7,8,1,0,3,3,1,1,0,0,17,-6,3,3,6,4,0,1,1,1,1,1,3,1
KR_6774072567,440,3,43,4,-1,-1,4,5,-11,1,12,7,8,1,1,1,0,3,3,0,0,6,57,1,4,5,-16,0,-1,1,-1,-1,-1,5,1
KR_6771979659,440,-2,-6,11,-5,-4,0,4,-2,1,3,3,4,1,1,1,0,-3,2,5,0,-17,106,-3,5,2,0,0,-1,1,-1,-1,-1,2,1
KR_6773935047,420,1,7,19,-1,2,2,0,1,4,3,-1,0,1,-2,1,3,-1,0,1,0,-10,-3,-3,10,7,3,0,0,-1,-1,0,-1,2,1
KR_6761888219,420,4,32,-9,1,0,3,3,3,4,1,1,2,1,-1,1,2,-2,0,2,0,-5,12,3,3,6,-8,0,0,-1,1,1,1,6,1
KR_6771193481,420,3,28,-2,5,2,3,1,2,3,1,1,3,2,0,1,1,0,1,1,0,1,-52,5,2,7,26,0,1,1,1,1,1,3,1
KR_6766994494,420,4,29,24,12,7,7,0,2,4,2,2,4,2,2,7,5,-1,1,2,1,15,-11,-1,6,5,4,0,1,1,1,1,1,2,1
KR_6775790991,420,2,-8,24,0,1,2,1,-1,3,4,0,0,0,0,0,0,0,1,1,0,2,1,4,6,10,2,0,1,1,-1,1,1,5,1
KR_6776100152,420,0,-19,17,-5,0,1,1,-2,1,3,-2,1,3,-2,2,4,1,1,0,0,-12,-4,-4,9,5,2,0,0,-1,1,-1,1,1,1
KR_6773197388,420,-2,8,16,2,-2,1,3,1,1,0,-1,1,2,4,4,0,0,0,0,1,7,-12,3,3,6,-6,0,0,1,1,0,1,4,1
KR_6777021781,420,3,44,13,5,2,2,0,3,7,4,-4,1,5,4,4,0,0,2,2,0,9,3,4,6,10,0,0,3,1,1,1,-1,6,1
KR_6768706334,420,1,19,-10,1,3,3,0,-2,0,2,-3,2,5,2,3,1,1,1,0,0,-2,3,5,6,11,-3,0,2,-1,1,1,1,6,1
KR_6771272706,420,2,34,20,4,1,2,1,4,5,1,0,2,2,-1,1,2,0,1,1,1,5,-6,0,6,6,-6,0,0,1,-1,-1,1,1,1
KR_6640086315,440,4,23,12,16,4,4,0,3,3,0,3,5,2,3,3,0,3,3,0,0,25,-44,-2,7,5,6,0,0,1,1,1,1,2,1
KR_6697194115,420,1,-67,28,8,5,5,0,1,5,4,0,2,2,0,4,4,2,3,1,0,-1,3,3,4,7,-6,0,3,1,1,1,1,1,1
KR_6768152956,440,1,18,-14,-1,0,1,1,1,2,1,5,6,1,-4,1,5,-3,1,4,0,-1,-62,0,4,4,2,0,1,1,1,1,1,2,1
KR_6768087510,420,0,10,1,3,-2,1,3,1,4,3,1,2,1,0,3,3,3,4,1,0,10,27,-2,9,7,-1,0,1,-1,-1,1,1,3,1
KR_6775214405,420,2,-33,-11,11,4,4,0,3,3,0,2,3,1,-1,0,1,3,4,1,0,7,-24,4,4,8,-2,0,0,1,1,1,1,5,1
KR_6773744994,420,1,21,34,-3,-1,1,2,-3,1,4,-1,4,5,1,2,1,1,4,3,-2,-10,-6,1,7,8,-2,0,0,1,-1,0,-1,1,1
KR_6769729562,420,2,20,-3,6,2,2,0,2,2,0,0,2,2,4,5,1,-2,0,2,0,8,25,-4,6,2,3,0,1,-1,1,1,-1,5,1
KR_6766064646,440,1,51,5,6,4,4,0,4,5,1,-2,1,3,0,1,1,0,2,2,1,12,2,1,2,3,-3,0,1,1,-1,-1,1,3,1
KR_6764987189,420,0,12,-34,8,0,1,1,3,4,1,2,4,2,3,6,3,0,0,0,1,15,8,3,4,7,-1,0,2,-1,1,1,1,4,1
KR_6768574310,420,0,54,-15,-2,-1,1,2,-3,1,4,-2,2,4,2,4,2,2,3,1,-1,-5,-31,-6,14,8,-4,0,2,-1,1,1,-1,2,1
KR_6749412413,440,0,-33,-15,2,-1,1,2,-1,1,2,-1,2,3,-2,6,8,7,9,2,2,2,-9,3,4,7,5,0,0,1,-1,-1,1,1,1
KR_6773283463,420,7,64,38,14,3,3,0,6,6,0,2,3,1,3,3,0,0,1,1,0,18,-1,-1,5,4,6,0,1,-1,-1,1,1,6,1
KR_6746114442,420,1,0,-35,-1,-2,0,2,0,4,4,-2,1,3,4,8,4,-1,0,1,-1,-3,5,5,6,11,2,0,-1,1,-1,-1,-1,4,1
KR_6767295166,440,2,56,-16,7,6,6,0,-2,0,2,2,3,1,-1,0,1,2,3,1,0,12,-1,-4,7,3,5,0,2,1,1,1,-1,6,1
KR_6773937348,420,4,42,19,7,-1,1,2,1,3,2,2,6,4,1,2,1,4,4,0,0,6,-32,1,7,8,0,0,1,1,-1,1,1,2,1
KR_6772394672,420,0,-15,-4,7,4,4,0,-1,0,1,2,3,1,-1,4,5,3,4,1,0,5,6,-2,5,3,2,0,2,-1,1,1,1,6,1
KR_6766150940,420,0,8,28,9,0,3,3,6,7,1,-1,5,6,2,4,2,2,4,2,2,12,3,7,3,10,-2,0,0,1,1,-1,1,2,1
KR_6775537935,420,5,66,12,18,5,8,3,4,6,2,1,5,4,6,8,2,2,3,1,0,9,7,5,6,11,-6,0,0,1,1,1,1,2,1
KR_6725305045,420,3,55,11,1,0,2,2,0,2,2,2,4,2,-3,0,3,2,2,0,1,3,2,-1,6,5,0,0,0,-1,1,0,1,1,1
KR_6768929292,420,1,5,4,-3,4,4,0,-4,2,6,-2,2,4,-1,4,5,0,2,2,0,-3,-3,-1,6,5,0,0,0,-1,1,1,-1,2,1
KR_6769926684,420,1,0,15,6,1,2,1,1,4,3,1,1,0,5,6,1,-2,0,2,0,4,129,2,4,6,0,0,0,-1,1,0,1,1,1
KR_6724649356,420,7,102,11,17,0,2,2,2,4,2,8,8,0,5,5,0,2,2,0,0,12,-7,2,7,9,9,0,0,1,-1,1,1,2,1
KR_6775859525,420,2,-5,13,6,0,2,2,4,5,1,3,3,0,0,1,1,-1,0,1,0,5,-3,0,7,7,2,0,0,-1,1,0,1,1,1
KR_6769348636,420,2,23,7,4,0,1,1,7,8,1,-3,1,4,-1,3,4,1,2,1,0,6,17,1,3,4,1,0,1,1,-1,1,-1,4,1
KR_6765041060,420,0,-8,-40,2,2,3,1,-3,3,6,2,2,0,-1,2,3,2,2,0,0,5,12,1,3,4,-1,0,0,-1,-1,0,1,1,1
KR_6763388892,420,2,45,1,4,4,4,0,-3,1,4,-1,3,4,0,3,3,4,4,0,0,1,7,5,4,9,-1,0,0,-1,1,0,-1,4,1
KR_6767286926,420,0,-1,17,2,0,0,0,5,6,1,-3,3,6,-4,1,5,4,4,0,1,2,20,2,5,7,0,0,-1,-1,1,1,1,2,1
KR_6729384974,420,1,-16,1,4,-6,0,6,5,6,1,2,5,3,4,5,1,-1,0,1,0,12,-32,1,6,7,5,0,0,1,1,-1,1,5,1
KR_6777149257,420,2,39,4,2,-2,1,3,3,3,0,1,4,3,-1,0,1,1,1,0,0,5,-4,2,2,4,2,0,0,1,1,1,1,1,1
KR_6777706029,420,3,16,1,2,2,3,1,2,5,3,2,2,0,-2,0,2,-2,0,2,0,1,3,0,6,6,3,0,0,-1,1,1,1,5,1
KR_6773741596,420,4,12,0,6,-1,1,2,5,6,1,-2,1,3,3,5,2,1,1,0,0,5,46,3,4,7,-7,0,0,1,-1,-1,1,3,1
KR_6703275467,420,-3,18,-24,-1,-2,1,3,5,5,0,3,3,0,-2,2,4,-5,0,5,-3,-2,-8,0,4,4,2,0,-1,1,-1,-1,-1,2,1
KR_6765465596,440,1,39,-9,3,8,9,1,-2,2,4,-1,3,4,1,2,1,-3,2,5,-1,1,17,5,4,9,5,0,1,-1,-1,1,-1,4,1
KR_6679484006,420,6,29,27,11,5,5,0,3,4,1,3,4,1,-1,0,1,1,1,0,0,9,7,4,5,9,0,0,1,-1,1,1,1,3,1
KR_6720410935,420,6,41,-1,13,3,4,1,6,8,2,3,4,1,1,2,1,0,0,0,0,18,5,3,4,7,2,0,2,1,1,1,1,2,1
KR_6769946712,420,4,40,17,8,1,1,0,-5,0,5,9,13,4,2,4,2,1,2,1,0,9,14,-6,10,4,6,0,-1,-1,-1,-1,-1,1,1
KR_6707571306,420,1,20,-4,4,3,4,1,-1,2,3,1,4,3,2,2,0,-1,0,1,0,3,-13,-2,8,6,0,0,0,1,-1,-1,1,2,1
KR_6776208930,420,-1,3,-24,1,-5,0,5,2,4,2,5,7,2,3,7,4,-4,0,4,0,-4,-9,-1,9,8,2,0,-1,-1,-1,-1,-1,1,1
KR_6733231470,420,0,55,28,-3,-1,1,2,-1,1,2,-2,0,2,3,4,1,-2,0,2,0,-13,-7,-1,6,5,2,0,1,-1,1,1,-1,2,1
KR_6716484690,420,3,13,16,4,3,3,0,1,2,1,2,2,0,0,2,2,-2,0,2,0,-1,14,2,4,6,-4,0,2,1,1,1,-1,6,1
KR_6759915119,420,4,49,-5,7,1,3,2,4,6,2,4,6,2,-1,2,3,-1,1,2,0,7,-7,0,6,6,4,0,1,0,-1,1,1,0,1
KR_6771730610,440,-2,14,-2,2,1,2,1,2,6,4,-1,1,2,0,3,3,0,1,1,0,5,6,-2,4,2,-6,0,0,-1,1,0,1,4,1
KR_6768251415,420,2,-52,23,8,3,3,0,8,10,2,-4,0,4,-1,3,4,2,2,0,0,17,8,1,5,6,-2,0,1,-1,1,1,1,2,1
KR_6770277973,440,1,54,-24,-2,-1,3,4,0,2,2,0,3,3,-2,0,2,1,2,1,0,1,2,-1,5,4,3,0,0,-1,-1,1,-1,1,1
KR_6735142400,420,1,86,19,2,2,3,1,0,2,2,1,5,4,0,4,4,-1,3,4,0,-2,-17,-1,8,7,-1,0,1,1,1,1,1,2,1
KR_6664959348,420,5,24,-28,5,-1,0,1,-1,1,2,4,4,0,3,7,4,0,0,0,0,5,68,-2,8,6,0,0,1,1,1,1,1,6,1
KR_6777116746,420,0,57,-12,10,3,4,1,2,6,4,-2,0,2,6,7,1,1,2,1,4,18,7,-1,6,5,-1,0,1,1,1,1,1,5,1
KR_6775611862,420,4,55,17,7,6,6,0,-3,1,4,5,6,1,1,2,1,-2,1,3,0,1,-70,4,7,11,38,0,4,1,1,1,1,2,1
KR_6696217713,420,1,1,7,-4,3,6,3,1,3,2,-3,4,7,-6,0,6,1,2,1,-1,2,-6,-2,9,7,0,0,1,-1,1,1,-1,4,1
KR_6755922200,420,1,48,-6,2,5,5,0,-3,3,6,-5,1,6,5,7,2,0,0,0,2,-4,0,-1,7,6,-3,0,1,-1,1,1,1,5,1
KR_6768941163,420,-2,-11,13,-5,-1,0,1,0,2,2,-1,0,1,-2,0,2,-1,0,1,0,-7,27,-4,9,5,-26,0,1,1,1,1,1,5,1
KR_6775101894,420,0,16,-15,-2,0,0,0,2,3,1,1,4,3,-2,0,2,-3,0,3,0,-6,12,4,3,7,-9,0,1,1,1,1,1,4,1
KR_6776645079,420,5,53,5,12,2,4,2,6,8,2,2,3,1,3,3,0,-1,0,1,0,14,-1,1,4,5,3,0,2,-1,1,1,1,5,1
KR_6773746952,420,3,25,6,14,-1,2,3,4,7,3,1,3,2,11,13,2,-1,0,1,1,12,-7,1,3,4,4,0,2,1,1,1,1,6,1
KR_6776994516,420,5,21,15,7,1,4,3,3,5,2,1,5,4,3,5,2,-1,0,1,1,15,6,1,4,5,2,0,0,1,-1,0,1,5,1
KR_6777657804,420,1,11,4,2,-4,1,5,1,2,1,4,5,1,3,4,1,-2,0,2,0,1,15,-1,8,7,2,0,0,1,-1,0,1,2,1
KR_6697567587,420,7,88,46,18,1,2,1,3,8,5,11,11,0,2,5,3,1,3,2,0,16,14,5,4,9,-1,0,2,1,-1,1,1,2,1
KR_6776428432,420,4,57,3,12,-1,2,3,3,5,2,3,3,0,3,4,1,4,5,1,0,8,16,3,1,4,0,0,1,1,-1,1,1,4,1
KR_6716571115,420,4,21,40,12,3,4,1,3,5,2,3,4,1,4,8,4,-1,0,1,0,18,3,2,6,8,1,0,1,1,1,1,1,6,1
KR_6739532379,440,3,20,28,5,2,3,1,1,3,2,1,3,2,3,3,0,-2,0,2,-1,-4,34,-2,8,6,-2,0,0,1,1,0,-1,2,1
KR_6771867535,420,1,1,12,3,0,1,1,6,6,0,-4,0,4,-1,2,3,2,2,0,0,1,0,-3,7,4,-3,0,1,1,1,1,1,4,1
KR_6746892731,420,2,21,3,4,-6,2,8,7,7,0,0,0,0,1,5,4,2,2,0,1,15,2,2,8,10,3,0,1,1,-1,-1,1,5,1
KR_6768762208,420,2,7,21,2,0,3,3,1,4,3,-1,2,3,2,2,0,0,0,0,0,8,21,2,8,10,-4,0,-1,0,-1,-1,-1,0,1
KR_6775261763,420,5,57,26,16,1,1,0,7,8,1,1,1,0,7,8,1,0,3,3,0,13,38,6,5,11,2,0,1,1,1,1,1,4,1
KR_6758891624,420,-1,-9,-25,7,3,3,0,-3,1,4,3,4,1,4,7,3,0,1,1,0,9,-12,-2,4,2,2,0,1,-1,1,1,1,3,1
KR_6728558114,420,4,21,17,15,-2,1,3,5,5,0,6,6,0,4,9,5,2,3,1,0,21,73,2,7,9,3,0,-2,1,-1,-1,1,6,1
KR_6653247554,420,6,136,12,8,2,2,0,0,3,3,3,5,2,3,3,0,0,2,2,1,8,11,1,3,4,-1,0,1,1,1,1,1,4,1
KR_6765619988,420,2,40,-27,6,-1,2,3,0,1,1,3,5,2,1,5,4,3,4,1,0,10,-6,-4,10,6,7,0,2,1,-1,1,1,6,1
KR_6773340766,420,0,33,-3,0,-1,1,2,-1,2,3,4,5,1,0,2,2,-2,0,2,0,5,0,1,6,7,-2,0,2,-1,1,1,1,2,1
KR_6776316747,420,1,-11,9,3,3,5,2,-3,0,3,0,2,2,5,6,1,-2,0,2,0,9,23,1,6,7,3,0,-2,1,-1,-1,-1,6,1
KR_6777160270,420,3,-45,15,7,1,2,1,0,2,2,4,4,0,1,1,0,1,1,0,0,11,16,2,3,5,2,0,1,1,1,1,1,1,1
KR_6767439253,420,1,-30,20,-2,-1,0,1,-3,0,3,-1,0,1,4,5,1,-1,1,2,0,3,0,0,8,8,-6,0,2,1,-1,1,1,6,1
KR_6774578278,420,1,-23,16,2,1,3,2,3,6,3,3,4,1,-1,1,2,-4,0,4,1,5,-7,-2,6,4,-1,0,0,1,1,-1,1,4,1
KR_6775511852,420,1,83,-32,1,-2,0,2,-1,2,3,2,3,1,1,4,3,1,1,0,0,3,-47,2,4,6,-1,0,0,-1,-1,0,1,3,1
KR_6774845003,420,3,19,14,2,2,5,3,-2,1,3,0,2,2,1,2,1,1,1,0,0,0,12,0,5,5,4,0,1,-1,1,1,-1,3,1
KR_6749371537,420,-1,23,16,-5,3,4,1,-4,2,6,-8,1,9,3,5,2,1,1,0,0,-12,-8,-2,7,5,4,0,0,1,-1,-1,-1,6,1
KR_6736527523,420,9,103,1,16,-1,1,2,5,7,2,3,7,4,7,8,1,2,3,1,-1,11,12,2,5,7,5,0,2,1,-1,1,-1,3,1
KR_6775118405,420,-1,28,-12,-4,0,0,0,2,2,0,-2,2,4,-3,1,4,-1,2,3,-1,-5,1,2,5,7,0,0,0,-1,1,0,-1,5,1
KR_6767379884,420,-1,-41,-37,1,3,4,1,2,4,2,0,5,5,1,6,5,-5,0,5,2,3,195,8,4,12,-3,0,0,1,-1,-1,1,6,1
KR_6774819256,420,1,81,15,7,0,2,2,1,3,2,3,6,3,2,8,6,1,1,0,1,7,-9,1,7,8,4,0,0,1,1,1,1,1,1
KR_6743886499,420,-3,47,-11,4,-2,1,3,1,3,2,4,7,3,2,4,2,-1,1,2,0,6,6,4,5,9,7,0,1,1,1,1,1,4,1
KR_6769608964,420,2,29,-2,9,1,3,2,-2,2,4,3,6,3,5,5,0,2,2,0,0,5,9,4,3,7,1,0,2,1,1,1,1,5,1
KR_6756110163,420,0,11,13,6,3,4,1,3,3,0,2,4,2,-2,2,4,0,1,1,0,3,-7,-3,6,3,0,0,0,1,1,1,-1,1,1
KR_6750420547,420,3,27,13,5,-1,2,3,3,7,4,0,4,4,4,4,0,-1,0,1,0,10,10,-2,9,7,-7,0,3,-1,1,1,-1,3,1
KR_6770516962,420,1,-3,7,-6,-2,0,2,-1,3,4,0,1,1,-2,0,2,-1,0,1,0,-10,10,1,8,9,-5,0,-1,1,-1,-1,-1,6,1
KR_6776642904,420,2,87,2,2,3,4,1,-2,2,4,-5,3,8,5,5,0,1,2,1,0,-8,-39,-4,9,5,2,0,2,1,-1,1,1,5,1
KR_6777828714,420,2,20,35,9,3,3,0,9,9,0,-1,1,2,-3,2,5,1,1,0,1,4,-10,0,7,7,0,0,1,1,1,1,1,5,1
KR_6745142127,420,6,54,30,13,2,6,4,5,5,0,2,6,4,2,3,1,2,3,1,0,10,-21,2,6,8,0,0,2,1,-1,1,-1,2,1
KR_6756443383,420,0,-31,12,-4,2,4,2,-1,1,2,-1,3,4,-3,1,4,-1,1,2,-1,-6,-6,0,7,7,6,0,-1,1,1,-1,-1,1,1
KR_6732828513,420,1,33,24,5,-1,3,4,3,3,0,2,2,0,2,2,0,-1,0,1,0,3,21,-3,10,7,2,0,0,-1,1,0,1,2,1
KR_6774947025,420,0,-43,23,-2,-1,1,2,3,5,2,-6,0,6,-2,2,4,4,4,0,0,1,4,1,6,7,-6,0,-1,1,1,-1,1,2,1
KR_6771721339,420,3,79,35,7,1,2,1,4,7,3,-1,1,2,3,5,2,0,1,1,1,13,9,3,4,7,10,0,2,1,1,1,1,5,1
KR_6764614634,420,0,74,16,2,-2,3,5,-2,0,2,1,1,0,2,2,0,3,3,0,0,4,11,5,1,6,-2,0,1,1,1,1,1,3,1
KR_6774404219,420,0,26,12,-3,-3,3,6,-3,0,3,3,3,0,0,2,2,0,0,0,-1,-1,-36,0,6,6,3,0,0,1,-1,0,-1,3,1
KR_6776489292,420,1,41,4,1,1,1,0,-2,3,5,3,3,0,-1,4,5,0,3,3,0,5,2,-1,6,5,3,0,-1,1,-1,-1,1,1,1
KR_6774555155,420,0,-11,6,2,-1,1,2,-2,3,5,0,5,5,4,7,3,1,1,0,0,23,13,-6,11,5,0,0,0,1,1,1,-1,2,1
KR_6777663133,420,-2,-22,-7,-3,-1,3,4,-2,1,3,-3,0,3,3,4,1,0,1,1,0,-4,-34,-1,6,5,2,0,-1,1,-1,-1,-1,5,1
KR_6751426009,420,-1,17,-8,-7,-1,4,5,-1,0,1,-4,1,5,-1,0,1,0,0,0,-1,-9,-43,-5,10,5,16,0,0,-1,1,-1,-1,3,1
KR_6771645690,420,-1,29,-36,-1,3,4,1,-2,2,4,3,3,0,-3,3,6,-2,1,3,0,-5,7,3,6,9,1,0,0,-1,-1,0,1,6,1
KR_6773008163,420,2,-4,12,9,3,4,1,1,3,2,-1,1,2,2,5,3,4,4,0,0,14,-36,0,6,6,1,0,1,-1,1,1,-1,4,1
KR_6776467192,420,5,30,11,14,2,4,2,5,6,1,2,4,2,3,4,1,2,2,0,0,23,2,1,6,7,5,0,2,1,1,1,1,3,1
KR_6756297398,420,0,-22,17,-3,1,3,2,-1,2,3,-1,2,3,-2,4,6,0,1,1,0,3,-9,-2,9,7,0,0,-1,1,-1,-1,-1,4,1
KR_6777420916,420,-2,-21,11,4,-1,0,1,4,6,2,-2,3,5,2,3,1,1,1,0,0,17,-15,-1,5,4,40,0,1,1,1,1,1,6,1
KR_6767389376,420,-1,69,-20,-1,5,6,1,0,3,3,-3,2,5,-5,2,7,2,3,1,0,-3,3,1,6,7,-2,0,-1,-1,1,1,1,4,1
KR_6758630503,420,1,18,8,-4,-1,0,1,-7,2,9,2,3,1,3,3,0,-1,0,1,-1,-14,-22,-2,8,6,3,0,1,1,-1,1,-1,4,1
KR_6770513279,420,0,-18,-23,-3,-1,1,2,1,3,2,-2,4,6,1,7,6,-2,0,2,0,-4,4,2,6,8,-4,0,-1,-1,-1,-1,-1,2,1
KR_6757656989,420,4,72,15,11,1,2,1,2,2,0,3,4,1,3,4,1,2,2,0,0,17,-5,5,4,9,8,0,1,1,1,1,1,3,1
KR_6769543228,420,0,39,10,-6,-2,0,2,-3,1,4,-2,2,4,0,5,5,1,1,0,0,-13,-30,0,6,6,4,0,0,-1,1,0,-1,4,1
KR_6748791845,420,3,8,-8,11,3,3,0,1,6,5,3,3,0,2,3,1,2,3,1,0,11,-11,-2,7,5,2,0,1,1,-1,1,-1,6,1
KR_6767279891,440,0,31,-20,-6,0,1,1,-3,1,4,-6,0,6,3,4,1,0,0,0,0,-7,-5,1,8,9,5,0,0,1,-1,0,-1,1,1
KR_6768509231,440,0,-65,9,0,4,4,0,3,4,1,-1,2,3,-6,0,6,0,0,0,0,3,2,-2,12,10,-4,0,0,-1,1,1,-1,6,1
KR_6747447948,420,4,7,4,6,2,2,0,-2,3,5,3,3,0,3,3,0,0,0,0,0,10,13,6,6,12,2,0,1,1,1,1,-1,1,1
KR_6714611296,420,4,15,27,10,0,4,4,5,5,0,4,4,0,0,6,6,1,1,0,2,12,7,2,6,8,0,0,0,1,-1,1,-1,5,1
KR_6652719501,420,0,7,-3,7,-5,0,5,7,7,0,-1,3,4,4,4,0,2,3,1,0,11,2,-1,6,5,-2,0,0,1,1,1,1,5,1
KR_6776462545,420,3,52,23,0,-1,2,3,-4,2,6,2,4,2,3,4,1,0,0,0,0,-4,-221,-3,9,6,4,0,1,1,-1,1,1,2,1
KR_6777054647,420,-1,-6,38,1,4,4,0,-2,3,5,0,3,3,-2,0,2,1,2,1,0,-8,12,7,6,13,-5,0,1,1,1,1,1,6,1
KR_6774980397,420,2,56,8,6,-4,1,5,2,5,3,3,4,1,3,4,1,2,2,0,0,20,1,1,5,6,3,0,0,1,-1,-1,1,1,1
KR_6746736921,420,2,13,4,4,3,4,1,3,4,1,-3,0,3,0,0,0,1,1,0,1,3,-35,-1,8,7,8,0,1,1,1,1,1,5,1
KR_6765901039,440,2,18,-3,1,1,4,3,1,3,2,-1,0,1,-2,2,4,2,3,1,0,-4,6,3,4,7,-2,0,1,-1,1,1,1,6,1
KR_6775126514,440,0,-23,-12,10,0,1,1,5,6,1,1,1,0,2,5,3,2,2,0,0,17,4,2,2,4,0,0,1,1,1,1,1,4,1
KR_6770664936,420,-3,46,-9,-4,-2,2,4,0,3,3,-1,2,3,-1,4,5,0,1,1,0,-8,45,-1,4,3,-24,0,0,-1,-1,1,-1,6,1
KR_6774792973,440,0,-26,6,-2,-2,0,2,-1,0,1,4,6,2,-1,0,1,-2,0,2,0,-3,119,2,6,8,3,0,0,0,1,0,-1,0,1
KR_6764340738,420,3,34,29,6,4,4,0,1,4,3,0,4,4,1,2,1,0,0,0,0,1,13,5,3,8,0,0,0,-1,1,1,-1,5,1
KR_6691494161,420,4,72,19,6,1,3,2,0,1,1,-4,0,4,6,6,0,3,4,1,2,5,-3,4,4,8,-2,0,2,1,1,1,1,5,1
KR_6777272631,420,-1,-22,17,7,0,1,1,1,2,1,4,6,2,0,2,2,2,2,0,1,20,-4,2,4,6,-5,0,1,1,0,1,1,2,1
KR_6775295259,420,3,18,4,11,-1,1,2,5,9,4,2,2,0,2,3,1,3,3,0,-1,10,-10,-10,13,3,6,0,1,-1,1,1,-1,4,1
KR_6773395420,420,-1,23,-16,-3,6,6,0,4,7,3,-6,0,6,-6,2,8,-1,0,1,0,-10,-1,-3,6,3,1,0,1,-1,1,1,-1,6,1
KR_6721418528,440,0,93,28,-6,-3,4,7,3,5,2,-2,1,3,-4,3,7,0,0,0,0,-9,-176,4,2,6,1,0,2,1,1,1,1,5,1
KR_6744196512,420,1,10,-32,7,2,3,1,5,10,5,-3,1,4,1,3,2,2,3,1,0,2,7,5,5,10,-1,0,0,1,-1,-1,1,1,1
KR_6776671394,420,1,31,-4,1,2,2,0,-1,1,2,-3,1,4,4,5,1,-1,1,2,1,-1,1,-3,8,5,4,0,0,-1,-1,0,1,3,1
KR_6769788083,420,1,-1,25,0,4,5,1,-1,3,4,-3,0,3,1,2,1,-1,0,1,0,-4,2,1,5,6,-1,0,0,-1,1,0,-1,2,1
KR_6777868220,440,6,-9,14,11,3,3,0,4,4,0,-4,2,6,6,6,0,2,3,1,0,8,-21,5,3,8,-2,0,0,1,1,1,-1,6,1
KR_6770910046,420,3,33,-6,6,1,2,1,4,5,1,2,3,1,-1,2,3,0,0,0,0,2,-58,4,3,7,2,0,-1,-1,1,-1,1,4,1
KR_6766042089,440,12,212,69,22,12,12,0,2,2,0,3,3,0,5,7,2,0,0,0,1,20,7,1,3,4,1,0,3,0,0,1,1,0,1
KR_6745907627,420,-1,-70,8,-9,-1,1,2,1,5,4,-6,0,6,-3,1,4,0,1,1,0,-1,-119,-1,5,4,3,0,-2,1,-1,-1,-1,1,1
KR_6761540255,420,5,54,18,18,-2,1,3,3,5,2,7,7,0,6,7,1,4,4,0,1,33,5,1,5,6,5,0,3,1,1,1,1,6,1
KR_6749224394,420,0,18,16,1,2,3,1,2,2,0,0,4,4,-1,3,4,-2,3,5,1,1,35,-1,5,4,4,0,1,1,1,1,1,2,1
KR_6765851026,420,7,85,60,11,2,2,0,4,7,3,2,4,2,2,5,3,1,1,0,1,15,3,1,4,5,-3,0,2,-1,1,1,1,6,1
KR_6756308885,420,-1,4,-15,-5,-2,2,4,5,5,0,-3,1,4,2,3,1,-7,0,7,-1,-1,-6,-4,5,1,5,0,-2,-1,-1,-1,-1,1,1
KR_6767676686,420,1,59,-29,6,3,3,0,1,1,0,-3,2,5,5,5,0,0,0,0,0,13,-49,0,7,7,21,0,-1,-1,-1,-1,1,3,1
KR_6770326836,420,2,29,1,14,9,10,1,2,2,0,4,8,4,-1,3,4,0,0,0,1,21,-6,1,5,6,-3,0,0,1,1,1,1,3,1
KR_6775940511,420,3,-45,31,6,0,1,1,0,5,5,0,2,2,4,8,4,2,2,0,3,15,-3,0,5,5,7,0,0,1,1,1,1,4,1
KR_6673004008,420,-1,-10,32,-5,0,3,3,-2,4,6,-4,0,4,0,2,2,1,2,1,-1,-11,-14,-3,10,7,2,0,0,1,1,1,-1,2,1
KR_6777774720,420,0,-63,-4,6,-2,1,3,6,8,2,2,6,4,2,3,1,-2,1,3,0,12,10,5,1,6,-4,0,0,1,1,0,1,6,1
KR_6775495490,420,1,-29,5,1,3,3,0,3,5,2,4,5,1,-7,3,10,-2,0,2,-1,8,-6,-1,5,4,4,0,0,1,1,-1,-1,4,1
KR_6769631528,420,3,62,-5,9,3,3,0,3,7,4,3,4,1,-1,1,2,1,2,1,1,9,-6,5,4,9,2,0,1,1,1,1,1,2,1
KR_6740455839,440,-2,45,-16,-3,-1,1,2,-1,2,3,2,3,1,-1,3,4,-2,1,3,-1,-4,-4,1,4,5,9,0,1,-1,-1,1,-1,3,1
KR_6770623009,420,1,110,-1,9,3,5,2,0,2,2,0,3,3,4,4,0,2,2,0,0,8,3,6,3,9,3,0,2,-1,-1,1,1,2,1
KR_6723061054,420,-5,-43,-12,-5,-1,4,5,-4,1,5,1,5,4,-1,0,1,0,0,0,-3,-13,8,2,5,7,-6,0,0,-1,1,-1,-1,2,1
KR_6771230382,420,4,31,24,4,2,3,1,4,6,2,1,2,1,-3,1,4,0,0,0,0,-1,1,-1,5,4,7,0,1,1,1,1,1,1,1
KR_6757369674,420,-2,-5,-3,-1,1,2,1,-2,4,6,-2,0,2,2,3,1,0,3,3,0,0,-41,0,4,4,26,0,0,-1,1,-1,-1,6,1
KR_6746057421,420,5,18,12,17,6,6,0,3,6,3,8,10,2,0,4,4,0,0,0,0,19,-13,-1,6,5,6,0,2,1,1,1,1,5,1
KR_6694110566,420,5,31,47,5,0,0,0,-4,2,6,0,0,0,9,10,1,0,0,0,0,7,-9,-1,8,7,5,0,2,1,1,1,1,6,1
KR_6652001057,420,-2,-4,-10,-11,-1,2,3,-3,1,4,-2,0,2,-1,2,3,-4,0,4,0,-14,-7,-2,8,6,3,0,0,1,-1,0,-1,2,1
KR_6770215291,420,4,60,8,15,5,5,0,12,12,0,3,3,0,-2,4,6,-3,0,3,0,15,7,4,4,8,-1,0,1,0,1,1,1,0,1
KR_6735107384,420,0,-14,0,4,2,2,0,0,2,2,0,0,0,2,2,0,0,1,1,0,3,-3,0,7,7,-8,0,0,1,1,0,1,4,1
KR_6760370584,420,4,17,25,6,0,3,3,-2,1,3,0,1,1,8,8,0,0,2,2,0,5,3,-1,8,7,0,0,1,1,-1,1,1,3,1
KR_6773858360,420,5,15,16,10,3,3,0,4,4,0,2,2,0,5,5,0,-4,0,4,0,5,29,-4,7,3,0,0,0,1,-1,0,1,2,1
KR_6772247604,420,2,72,24,-7,0,1,1,-2,4,6,0,2,2,-3,1,4,-2,0,2,0,-11,-5,3,4,7,4,0,-1,1,-1,-1,-1,2,1
KR_6702906997,420,2,-64,27,9,-2,1,3,6,6,0,5,8,3,-3,4,7,3,3,0,1,22,7,-4,8,4,4,0,1,0,1,1,1,0,1
KR_6777162526,420,1,9,8,5,-1,4,5,5,7,2,-1,0,1,2,2,0,0,0,0,0,16,3,2,4,6,-1,0,1,1,1,1,-1,6,1
KR_6684626521,420,1,-6,24,1,-3,0,3,2,6,4,0,6,6,1,3,2,1,1,0,-1,4,32,-4,9,5,6,0,2,1,1,1,-1,3,1
KR_6776172343,440,-2,38,-5,-4,0,3,3,-1,1,2,-2,1,3,0,5,5,-1,1,2,0,-6,7,1,3,4,4,0,-1,1,-1,-1,1,2,1
KR_6759082894,420,2,8,36,7,2,2,0,2,3,1,1,3,2,0,2,2,2,2,0,0,9,1,2,5,7,5,0,-1,1,-1,-1,-1,4,1
KR_6684097940,420,0,-50,17,-3,-4,1,5,1,2,1,-3,2,5,2,2,0,1,2,1,0,0,4,-5,10,5,4,0,0,1,-1,1,1,3,1
KR_6752515734,420,0,-11,-21,3,1,3,2,-1,3,4,1,2,1,2,3,1,0,0,0,0,4,-35,2,3,5,-2,0,1,1,-1,1,1,5,1
KR_6774520895,420,2,36,25,8,2,2,0,2,2,0,-1,4,5,3,3,0,2,2,0,0,7,-5,3,3,6,7,0,3,1,1,1,1,4,1
KR_6776612342,420,6,59,17,15,4,6,2,5,5,0,1,3,2,3,3,0,2,2,0,0,17,-8,0,8,8,10,0,2,1,0,1,1,4,1
KR_6736208411,420,0,-26,13,-2,-3,3,6,0,4,4,-2,2,4,3,3,0,0,3,3,1,-2,-6,-3,6,3,-2,0,0,-1,-1,-1,1,6,1
KR_6768759560,420,6,32,4,12,3,4,1,4,4,0,3,4,1,0,2,2,2,2,0,0,12,3,6,4,10,4,0,1,1,1,1,1,4,1
KR_6774210289,420,-1,-1,26,-1,2,5,3,-1,5,6,-1,0,1,-1,2,3,0,1,1,-1,-7,8,-3,4,1,-2,0,-2,1,-1,-1,-1,1,1
KR_6672168486,420,-1,29,-20,-10,-5,0,5,-4,2,6,1,3,2,-2,3,5,0,2,2,-1,-19,-14,-3,10,7,-4,0,0,-1,-1,1,-1,5,1
KR_6769177828,420,4,9,16,13,1,1,0,1,3,2,6,7,1,4,5,1,1,2,1,0,9,10,3,3,6,-3,0,0,1,1,1,1,1,1
KR_6773047150,420,1,-10,2,4,0,0,0,5,6,1,0,2,2,1,3,2,-2,0,2,0,10,12,10,3,13,-4,0,1,-1,1,1,1,5,1
KR_6744835927,420,1,-16,8,4,-1,3,4,3,4,1,3,5,2,1,2,1,-2,0,2,0,1,7,7,7,14,3,0,1,-1,1,1,1,1,1
KR_6652891484,420,2,46,-8,1,1,2,1,1,4,3,-1,1,2,-1,1,2,1,2,1,0,3,-60,3,5,8,-1,0,2,-1,1,1,1,4,1
KR_6765311978,420,-1,55,-42,-1,-2,1,3,-4,2,6,-1,2,3,6,6,0,0,1,1,0,-1,31,1,8,9,8,0,1,1,-1,1,-1,2,1
KR_6734874497,420,-1,-23,-8,-1,-1,0,1,1,5,4,3,4,1,-4,0,4,0,0,0,0,0,5,0,5,5,-1,0,0,1,-1,0,-1,6,1
KR_6759963833,420,0,-9,20,2,2,3,1,1,4,3,2,4,2,-3,0,3,0,0,0,-1,9,20,1,6,7,-4,0,0,1,1,0,-1,4,1
KR_6731515160,420,2,82,-20,1,-5,0,5,0,1,1,2,2,0,5,7,2,-1,0,1,0,6,-4,-7,7,0,1,0,1,1,-1,1,-1,3,1
KR_6769846090,420,-2,-29,-4,-8,2,3,1,0,3,3,-3,3,6,-1,1,2,-6,0,6,0,-3,-10,3,4,7,-3,0,-1,-1,1,-1,-1,4,1
KR_6773478279,420,4,-14,30,7,2,2,0,0,4,4,3,3,0,0,5,5,2,3,1,0,4,8,-3,7,4,4,0,0,1,-1,0,1,2,1
KR_6775906864,420,-1,31,-15,1,1,2,1,4,6,2,-4,1,5,-2,2,4,2,3,1,0,2,-4,-2,5,3,1,0,0,-1,1,0,1,6,1
KR_6774046186,420,4,26,37,5,3,3,0,-4,0,4,2,2,0,2,2,0,2,3,1,0,0,-41,-2,7,5,-2,0,-1,1,-1,-1,1,6,1
KR_6757525463,420,4,72,10,11,1,2,1,1,4,3,3,5,2,-1,4,5,7,7,0,0,10,-49,0,6,6,4,0,2,1,1,1,1,5,1
KR_6767408021,420,3,56,-4,9,4,5,1,1,3,2,-1,1,2,3,6,3,2,2,0,0,13,7,5,3,8,0,0,2,-1,-1,1,1,3,1
KR_6741272043,420,7,92,12,21,4,4,0,0,2,2,7,7,0,9,10,1,1,1,0,1,17,9,5,2,7,0,0,5,1,1,1,1,5,1
KR_6766523326,420,-3,7,-15,-5,-1,3,4,-2,1,3,-2,2,4,1,4,3,-1,1,2,-1,-3,7,3,4,7,-2,0,1,-1,-1,1,-1,4,1
KR_6777718282,440,4,64,25,5,-1,0,1,0,2,2,1,2,1,3,3,0,2,7,5,0,5,1,3,5,8,3,0,2,-1,1,1,1,2,1
KR_6675726673,440,1,-13,-12,2,-1,0,1,2,2,0,-1,3,4,2,3,1,0,0,0,-1,-4,-185,-2,5,3,2,0,-1,1,-1,1,-1,6,1
KR_6776632579,420,-1,-9,-3,3,2,4,2,1,3,2,-2,0,2,3,5,2,-1,1,2,0,1,-2,3,5,8,1,0,-1,-1,-1,-1,1,4,1
KR_6776252535,440,0,60,11,-2,-4,1,5,0,3,3,1,3,2,1,2,1,0,0,0,0,-1,-20,0,6,6,8,0,1,1,0,1,-1,5,1
KR_6777483087,420,2,36,16,5,0,1,1,4,7,3,0,0,0,0,1,1,1,1,0,0,8,13,2,5,7,3,0,1,1,-1,1,-1,3,1
KR_6774023692,420,2,55,11,5,-1,2,3,4,5,1,2,2,0,2,2,0,-2,0,2,0,9,14,2,3,5,4,0,1,1,-1,1,-1,4,1
KR_6749905010,420,-3,-25,-12,-4,1,3,2,-1,3,4,-4,0,4,-2,1,3,2,3,1,0,2,4,5,2,7,-7,0,2,-1,1,1,-1,3,1
KR_6773466283,420,3,17,37,10,2,2,0,2,6,4,4,6,2,2,3,1,0,0,0,3,17,5,5,4,9,-2,0,0,1,1,0,1,3,1
KR_6775774881,420,2,-5,-5,-1,-1,1,2,-2,3,5,1,3,2,0,0,0,1,1,0,0,3,299,-3,5,2,1,0,-2,1,-1,-1,-1,1,1
KR_6751362007,420,3,24,-5,7,3,4,1,2,3,1,0,2,2,3,4,1,-1,0,1,0,9,4,-3,6,3,2,0,0,-1,-1,0,1,1,1
KR_6770145311,440,1,-11,-12,3,0,2,2,-2,3,5,1,4,3,5,9,4,-1,1,2,-1,3,39,3,2,5,-4,0,0,1,1,1,1,4,1
KR_6769287949,440,-3,-71,-1,-8,2,2,0,-6,2,8,-5,1,6,2,6,4,-1,0,1,-2,-14,-14,-5,8,3,1,0,-1,1,-1,-1,-1,1,1
KR_6658379599,420,5,30,18,2,3,4,1,0,4,4,-3,1,4,2,3,1,0,2,2,0,6,27,-6,7,1,5,0,1,-1,1,1,-1,5,1
KR_6775086284,420,2,75,-56,4,2,5,3,-1,0,1,0,0,0,4,4,0,-1,0,1,1,0,-10,-2,5,3,4,0,0,-1,-1,0,1,5,1
KR_6720989167,420,3,3,23,6,-1,1,2,-1,3,4,5,6,1,1,2,1,2,3,1,0,7,6,6,3,9,1,0,1,1,1,1,-1,3,1
KR_6764594367,440,2,21,0,1,-2,1,3,5,6,1,-2,1,3,-1,2,3,1,1,0,0,3,77,5,5,10,1,0,-1,1,1,-1,-1,3,1
KR_6739081495,420,-1,-40,5,2,1,2,1,2,4,2,0,2,2,-1,3,4,0,0,0,1,-3,0,4,5,9,0,0,1,1,1,1,1,4,1
KR_6767520823,420,4,20,22,4,2,6,4,1,5,4,-1,1,2,3,5,2,-1,0,1,0,6,103,2,6,8,2,0,2,1,-1,1,-1,6,1
KR_6737210654,420,-1,13,-33,0,4,5,1,-5,0,5,0,5,5,2,6,4,-1,2,3,0,4,1,2,4,6,2,0,-1,-1,-1,-1,-1,2,1
KR_6725863121,420,8,186,29,18,1,3,2,7,10,3,2,2,0,7,8,1,1,2,1,0,17,34,9,1,10,-2,0,3,1,1,1,-1,6,1
KR_6765729294,420,-1,-25,-19,0,-1,0,1,2,2,0,0,3,3,1,4,3,-2,0,2,0,1,-6,-2,6,4,-1,0,-1,-1,-1,-1,1,3,1
KR_6739506571,420,1,5,7,7,2,4,2,-2,1,3,4,5,1,4,6,2,-1,0,1,0,-1,6,4,0,4,-5,0,0,1,-1,-1,1,3,1
KR_6753811766,420,7,97,-21,16,1,4,3,1,4,3,7,8,1,6,6,0,1,1,0,0,15,2,0,8,8,4,0,1,-1,1,1,-1,4,1
KR_6773695045,420,3,24,38,7,4,4,0,1,3,2,4,4,0,-2,3,5,0,2,2,0,2,-2,2,8,10,-1,0,1,-1,1,1,1,5,1
KR_6743084183,420,2,7,-3,7,6,6,0,1,4,3,0,2,2,1,2,1,-1,0,1,2,15,6,5,4,9,0,0,2,-1,1,1,1,5,1
KR_6760887664,420,4,50,21,9,2,3,1,1,1,0,3,5,2,-1,1,2,4,4,0,-1,14,21,-2,7,5,6,0,2,1,1,1,-1,3,1
KR_6768680011,440,-3,-95,-19,-5,-5,0,5,-3,1,4,1,3,2,3,4,1,-1,1,2,0,8,-7,-3,6,3,4,0,0,1,-1,-1,-1,1,1
KR_6775196734,420,1,21,17,2,0,3,3,4,4,0,3,4,1,-1,3,4,-4,1,5,0,-2,6,2,5,7,0,0,1,1,-1,1,1,2,1
KR_6775116409,420,3,-17,13,3,2,3,1,2,5,3,2,2,0,1,1,0,-4,0,4,0,3,36,-1,7,6,8,0,-1,1,1,-1,1,1,1
KR_6768753142,420,0,21,11,-3,1,1,0,-1,1,2,-2,0,2,-2,2,4,1,2,1,-1,-2,-8,0,7,7,8,0,1,-1,1,1,-1,3,1
KR_6733856043,420,4,6,31,6,4,4,0,-1,2,3,1,2,1,0,0,0,2,2,0,1,-2,35,-1,5,4,-1,0,2,-1,-1,1,1,6,1
KR_6739150149,420,1,24,13,4,3,5,2,-2,2,4,4,4,0,0,4,4,-1,1,2,0,5,-5,-2,8,6,3,0,1,1,1,1,1,5,1
KR_6775270585,420,3,-16,0,8,1,1,0,3,4,1,-1,1,2,3,4,1,2,4,2,0,4,19,3,5,8,3,0,-1,1,1,-1,1,6,1
KR_6721531807,420,1,24,20,6,4,4,0,2,6,4,0,0,0,1,3,2,-1,0,1,0,3,-10,1,7,8,-2,0,1,1,1,1,1,3,1
KR_6670223130,440,1,2,12,2,3,4,1,0,5,5,2,2,0,0,2,2,-3,2,5,0,5,122,-4,6,2,1,0,0,0,1,1,-1,0,1
KR_6771583200,420,1,-25,22,3,0,1,1,1,5,4,0,3,3,1,1,0,1,1,0,0,5,-4,-4,11,7,10,0,0,1,1,0,-1,6,1
KR_6770570074,420,9,128,64,26,6,7,1,5,6,1,6,7,1,9,11,2,0,2,2,1,22,3,-1,5,4,7,1,3,0,1,1,1,0,1
KR_6774935117,420,-2,-21,-7,-2,-2,0,2,2,4,2,-1,1,2,-1,2,3,0,0,0,0,-5,-5,2,3,5,-1,0,-1,1,-1,-1,-1,5,1
KR_6771172443,420,3,27,37,14,-1,1,2,6,7,1,-2,2,4,7,10,3,4,4,0,0,23,7,-2,7,5,2,0,1,1,1,1,1,6,1
KR_6695666898,420,-3,-33,5,-7,-4,1,5,-2,1,3,2,2,0,-3,5,8,0,2,2,0,-11,-2,-3,10,7,1,0,-2,-1,1,-1,-1,4,1
KR_6774393417,420,2,87,20,-2,-4,1,5,-2,3,5,2,3,1,1,2,1,1,1,0,0,-6,-1,0,4,4,5,0,1,1,1,1,-1,1,1
KR_6770052567,420,2,29,10,9,1,2,1,1,3,2,5,6,1,4,5,1,-2,0,2,0,7,-55,6,3,9,24,0,0,1,-1,-1,1,1,1
KR_6735035613,420,3,34,37,7,0,1,1,2,9,7,0,1,1,4,4,0,1,2,1,0,-4,5,0,9,9,1,0,1,1,1,1,1,4,1
KR_6770469491,440,3,16,12,8,10,11,1,1,4,3,1,1,0,1,2,1,-5,0,5,0,-1,35,1,6,7,1,0,-1,-1,1,1,1,1,1
KR_6777021488,440,10,177,25,15,0,2,2,3,3,0,-1,2,3,6,6,0,7,7,0,0,8,1,4,7,11,3,0,5,1,1,1,1,4,1
KR_6772654533,420,-3,-78,-24,-8,-3,0,3,-2,4,6,-1,3,4,-3,2,5,1,2,1,-1,-7,-44,-1,5,4,-2,0,-1,-1,-1,-1,-1,3,1
KR_6766104760,420,1,80,-16,4,0,1,1,2,5,3,2,5,3,0,2,2,0,1,1,-1,7,4,4,6,10,9,0,1,1,1,1,-1,4,1
KR_6760019832,420,0,-4,-1,3,0,1,1,2,3,1,-1,2,3,1,3,2,1,1,0,0,4,16,0,8,8,-2,0,0,-1,-1,0,-1,6,1
KR_6740906860,420,3,-4,30,9,3,3,0,1,1,0,7,8,1,-3,1,4,1,1,0,0,11,-17,1,5,6,3,0,0,1,1,0,1,4,1
KR_6749915729,420,4,42,44,4,0,1,1,3,5,2,0,2,2,1,2,1,0,1,1,1,8,40,1,4,5,0,0,2,1,-1,1,1,3,1
KR_6755950929,420,7,103,3,13,5,5,0,3,5,2,0,1,1,3,5,2,2,2,0,0,16,-29,12,1,13,13,0,3,0,1,1,1,0,1
KR_6634494664,420,6,69,35,15,0,2,2,5,6,1,5,5,0,4,7,3,1,1,0,3,17,3,3,5,8,2,0,4,1,1,1,1,4,1
KR_6663321000,420,-1,-20,-10,-3,1,1,0,0,1,1,-4,2,6,-2,1,3,2,2,0,0,-15,0,3,10,13,4,0,1,-1,1,1,1,6,1
KR_6755424283,420,2,-22,33,9,-1,3,4,2,3,1,4,4,0,4,8,4,0,0,0,0,9,46,1,6,7,-3,0,0,1,-1,1,-1,3,1
KR_6775561499,420,1,-13,14,-3,-4,2,6,-2,3,5,3,3,0,1,2,1,-1,0,1,2,8,-4,1,3,4,18,0,-1,1,-1,-1,1,6,1
KR_6768614343,420,6,-17,24,12,3,4,1,7,9,2,0,3,3,1,1,0,1,1,0,1,20,45,4,4,8,-2,0,4,-1,-1,1,1,3,1
KR_6774785127,420,-4,-24,-17,-5,4,6,2,1,1,0,-4,2,6,-2,0,2,-4,0,4,0,-2,31,-1,8,7,-2,0,0,-1,0,-1,1,5,1
KR_6777123135,420,4,50,12,8,3,3,0,-3,4,7,2,2,0,7,8,1,-1,0,1,0,4,-6,-6,10,4,0,0,1,-1,1,1,1,1,1
KR_6773622941,420,1,16,-32,-2,0,2,2,-3,3,6,0,3,3,5,6,1,-4,0,4,-1,-4,26,3,4,7,-7,0,1,1,1,1,1,5,1
KR_6706236199,420,4,34,-12,6,3,3,0,3,5,2,-1,1,2,1,1,0,0,1,1,0,11,37,1,5,6,5,0,0,0,-1,-1,1,0,1
KR_6694464852,420,3,9,25,0,0,2,2,2,2,0,-2,1,3,0,2,2,0,1,1,0,2,7,3,5,8,1,0,0,1,-1,0,-1,1,1
KR_6764236503,420,0,1,16,5,4,4,0,2,5,3,0,1,1,0,1,1,-1,0,1,1,4,43,5,5,10,-11,0,0,1,-1,1,1,6,1
KR_6746901156,420,2,73,29,1,5,5,0,0,3,3,-5,3,8,1,1,0,0,0,0,0,0,3,-3,7,4,3,0,1,1,1,1,1,2,1
KR_6769391232,420,-3,0,8,-6,2,4,2,-5,2,7,-1,2,3,-4,1,5,2,3,1,2,2,-4,4,3,7,0,0,-2,1,-1,-1,1,2,1
KR_6686053632,440,0,-117,-28,0,-1,0,1,-2,2,4,1,4,3,0,3,3,2,2,0,1,11,-89,-2,5,3,-3,0,0,1,-1,-1,1,5,1
KR_6763384961,420,0,80,19,-5,-1,3,4,0,4,4,-1,3,4,-1,2,3,-2,0,2,1,-9,-3,3,8,11,2,0,0,1,-1,-1,1,3,1
KR_6776726716,420,4,-13,-15,15,3,6,3,2,4,2,6,8,2,-3,1,4,7,7,0,0,13,0,3,3,6,-1,0,0,1,-1,-1,1,4,1
KR_6768777689,420,1,35,0,9,3,5,2,2,7,5,0,2,2,2,3,1,2,3,1,0,15,-10,-5,7,2,7,0,0,1,-1,0,1,5,1
KR_6776382082,420,5,101,33,15,6,6,0,3,5,2,1,4,3,4,7,3,1,2,1,2,25,1,-4,10,6,0,0,1,1,1,1,1,2,1
KR_6774846251,420,-2,27,-19,-4,-4,0,4,-4,1,5,1,3,2,2,3,1,1,1,0,0,1,-4,0,8,8,-1,0,2,-1,1,1,1,5,1
KR_6666150335,420,4,73,3,5,1,2,1,8,9,1,-1,2,3,-5,2,7,2,3,1,0,9,27,-7,10,3,4,0,0,1,-1,1,-1,6,1
KR_6751660418,420,8,82,0,13,-1,3,4,6,7,1,3,4,1,6,6,0,-1,0,1,1,16,-6,-4,8,4,3,0,1,1,-1,1,1,1,1
KR_6769782658,440,2,18,-3,-1,0,1,1,0,1,1,-6,1,7,2,4,2,3,5,2,0,-4,39,1,3,4,-11,0,0,0,0,0,1,0,1
KR_6776578677,420,8,154,40,9,-2,0,2,6,6,0,1,5,4,3,4,1,1,1,0,1,6,41,-2,7,5,-1,0,1,1,1,1,1,3,1
KR_6774322357,420,0,7,-25,8,0,2,2,4,4,0,2,3,1,3,4,1,-1,0,1,-1,9,3,-1,6,5,4,0,0,-1,-1,1,-1,5,1
KR_6739278357,420,0,-7,11,-1,0,3,3,-1,4,5,1,5,4,0,2,2,-1,1,2,-1,-1,-4,-2,9,7,-5,0,-1,-1,-1,-1,-1,1,1
KR_6776957247,420,2,8,6,4,4,4,0,2,4,2,-5,1,6,-2,2,4,5,5,0,0,8,2,-8,11,3,3,0,0,-1,1,1,-1,6,1
KR_6707487026,420,1,27,28,-1,0,1,1,3,4,1,-2,0,2,-2,2,4,0,2,2,0,-6,3,2,6,8,-6,0,1,-1,1,1,1,1,1
KR_6715485720,440,7,80,54,12,3,4,1,2,2,0,0,3,3,5,6,1,2,2,0,0,8,10,-4,6,2,2,0,2,0,0,1,1,0,1
KR_6735271767,420,-2,7,-31,3,-2,0,2,2,4,2,2,3,1,2,5,3,-1,1,2,0,4,4,3,5,8,-3,0,-2,1,-1,-1,1,2,1
KR_6673620673,420,7,116,72,13,2,2,0,5,7,2,2,4,2,5,6,1,-1,0,1,0,8,21,-4,8,4,3,0,4,1,1,1,-1,5,1
KR_6768681370,420,1,-25,-19,9,2,2,0,3,4,1,-1,1,2,3,5,2,2,2,0,0,17,17,7,4,11,-1,0,1,1,-1,1,1,3,1
KR_6757704303,420,-6,-25,-49,-7,-3,2,5,-4,1,5,0,0,0,-1,1,2,1,2,1,0,-9,-16,-2,6,4,8,0,-1,-1,-1,-1,-1,4,1
KR_6772288591,440,2,41,-12,8,0,1,1,3,5,2,2,2,0,4,5,1,-1,2,3,1,4,2,3,2,5,-3,0,1,-1,1,1,1,5,1
KR_6683855368,420,5,43,12,11,1,4,3,4,7,3,3,5,2,3,6,3,0,2,2,0,13,155,6,1,7,-1,0,3,1,1,1,-1,2,1
KR_6774126042,420,2,-4,-41,8,0,1,1,-2,1,3,3,6,3,7,7,0,0,0,0,0,12,-7,2,3,5,-1,0,1,1,-1,1,1,6,1
KR_6770511459,420,-2,68,-13,-2,1,4,3,2,3,1,-3,2,5,-2,3,5,0,1,1,2,-4,-3,-1,8,7,5,0,1,1,-1,1,1,3,1
KR_6737821586,420,3,-13,3,6,0,0,0,5,6,1,-1,3,4,1,1,0,1,2,1,0,17,-12,4,3,7,1,0,-1,1,-1,-1,1,4,1
KR_6773092766,420,4,-8,0,1,1,3,2,-1,2,3,0,3,3,0,3,3,1,1,0,0,-2,-3,1,6,7,-1,0,0,1,-1,-1,1,2,1
KR_6719719228,420,4,13,-5,12,2,2,0,2,4,2,3,3,0,5,5,0,0,3,3,0,14,-46,7,3,10,2,0,1,1,-1,1,1,1,1
KR_6774875970,420,4,-10,-7,8,0,0,0,3,3,0,0,2,2,3,5,2,2,3,1,0,7,-1,-1,6,5,-3,0,1,1,-1,1,1,1,1
KR_6755041082,420,0,13,-1,-1,1,2,1,-4,2,6,2,4,2,-3,3,6,3,3,0,-1,-11,-27,2,6,8,1,0,1,1,-1,1,-1,6,1
KR_6772901912,420,0,47,-9,2,0,1,1,-2,1,3,3,5,2,0,3,3,1,1,0,0,-1,6,-4,10,6,4,0,0,1,1,-1,-1,3,1
KR_6772509305,420,1,40,3,3,1,2,1,3,5,2,-1,1,2,1,6,5,-1,0,1,0,-1,-21,-4,8,4,2,0,0,1,-1,-1,-1,3,1
KR_6737091231,420,4,56,19,3,3,4,1,4,5,1,-6,2,8,1,3,2,1,1,0,2,8,21,6,7,13,-5,0,3,1,-1,1,-1,2,1
KR_6750502096,420,0,3,-13,1,-1,1,2,-2,5,7,3,5,2,3,5,2,-2,1,3,0,-6,3,0,6,6,-5,0,1,-1,1,1,1,6,1
KR_6771359403,420,-2,0,34,-3,-4,1,5,0,3,3,-3,1,4,2,4,2,2,3,1,0,-4,3,-2,8,6,2,0,1,1,1,1,-1,4,1
KR_6771692355,420,0,-24,7,-1,2,2,0,2,3,1,1,6,5,-5,1,6,-1,0,1,-2,3,-7,0,10,10,-1,0,-2,-1,1,-1,-1,1,1
KR_6774114849,420,2,15,12,7,1,4,3,7,9,2,1,3,2,1,4,3,-3,0,3,2,19,13,-4,11,7,0,0,1,-1,1,1,1,3,1
KR_6772479546,420,1,31,28,2,1,5,4,3,6,3,0,0,0,1,2,1,-3,1,4,-1,5,28,1,8,9,2,0,0,0,1,-1,-1,0,1
KR_6773004230,420,0,10,-4,7,2,4,2,6,6,0,-2,2,4,0,2,2,1,4,3,-1,9,-4,-1,6,5,3,0,0,-1,1,0,1,1,1
KR_6768127762,420,-1,39,4,-4,-2,2,4,-5,1,6,-1,4,5,4,5,1,0,2,2,0,-15,13,0,7,7,-11,0,0,1,-1,0,-1,2,1
KR_6752769643,420,3,9,4,10,-2,2,4,8,8,0,5,6,1,-2,2,4,1,1,0,0,21,6,-2,10,8,0,0,1,1,1,1,1,6,1
KR_6711722146,420,4,13,-11,7,3,4,1,-6,2,8,4,8,4,8,9,1,-2,0,2,0,-1,17,5,3,8,-5,0,1,1,1,1,1,4,1
KR_6767927174,440,-2,-49,-23,2,4,4,0,-4,3,7,3,4,1,-1,0,1,0,0,0,0,2,11,3,4,7,-4,0,-1,1,1,-1,1,3,1
KR_6692937990,420,2,26,-11,17,4,5,1,2,7,5,3,6,3,3,4,1,5,5,0,1,19,15,3,4,7,-3,0,1,1,1,1,1,5,1
KR_6760011124,420,3,-7,41,10,-4,0,4,7,7,0,4,5,1,1,3,2,2,3,1,0,7,17,-4,10,6,0,0,3,1,-1,1,1,5,1
KR_6757593565,420,0,-24,-4,-1,4,4,0,-1,1,2,-2,2,4,-1,2,3,-1,0,1,0,1,-6,-3,6,3,2,0,0,1,1,-1,-1,4,1
KR_6719656446,420,6,82,24,13,-3,2,5,2,4,2,1,3,2,11,14,3,2,2,0,1,9,-2,-1,5,4,7,0,2,1,1,1,1,5,1
KR_6774485230,420,2,41,-4,5,-1,1,2,-2,2,4,3,7,4,7,8,1,-2,0,2,0,8,5,0,6,6,0,0,0,-1,1,1,1,5,1
KR_6762968162,420,2,37,-5,4,0,2,2,1,5,4,-1,3,4,4,4,0,0,2,2,0,-2,12,5,8,13,0,0,2,1,-1,1,-1,6,1
KR_6725746133,420,1,42,15,4,-3,0,3,3,5,2,1,1,0,2,2,0,1,1,0,0,8,3,0,5,5,5,0,1,1,-1,1,1,2,1
KR_6775995160,420,1,13,-8,0,2,2,0,-2,2,4,1,3,2,-3,2,5,2,2,0,1,-4,53,-6,9,3,3,0,-1,1,-1,-1,1,6,1
KR_6770364868,420,-4,2,-10,0,-1,2,3,-2,3,5,1,3,2,1,3,2,1,1,0,0,0,4,3,2,5,2,0,1,1,1,1,1,2,1
KR_6769886677,420,2,27,1,14,1,2,1,2,3,1,4,4,0,-1,4,5,8,9,1,1,15,-37,1,5,6,8,0,2,1,1,1,1,6,1
KR_6774743724,420,3,43,5,4,-1,2,3,-2,2,4,2,3,1,7,7,0,-2,0,2,0,7,32,0,9,9,-4,0,0,1,-1,1,-1,4,1
KR_6768042199,420,6,99,8,8,3,3,0,4,5,1,1,3,2,0,2,2,0,0,0,0,5,37,-3,7,4,-25,0,0,1,-1,1,1,4,1
KR_6768272296,420,4,19,12,10,1,2,1,6,8,2,5,5,0,1,3,2,-3,1,4,0,18,0,1,7,8,1,0,0,1,-1,0,-1,5,1
KR_6766817542,420,6,28,31,15,1,1,0,6,7,1,3,3,0,5,9,4,0,1,1,1,19,4,4,6,10,-2,0,0,-1,1,1,1,3,1
KR_6744876312,420,-1,-73,-8,3,-2,1,3,1,4,3,3,4,1,2,4,2,-1,0,1,0,6,-36,4,6,10,3,0,0,-1,1,1,1,2,1
KR_6755835961,420,3,41,3,2,2,2,0,1,3,2,0,2,2,-1,2,3,0,1,1,0,3,18,-4,8,4,-1,0,1,0,-1,1,-1,0,1
KR_6756695078,420,3,84,4,4,5,5,0,1,5,4,2,4,2,-4,0,4,0,0,0,0,-1,11,1,5,6,-6,0,1,-1,1,1,1,3,1
KR_6776791590,420,2,-11,23,5,-5,0,5,0,3,3,1,5,4,9,11,2,0,1,1,-1,2,8,1,5,6,-2,0,1,1,-1,1,-1,3,1
KR_6765079643,420,4,-4,14,6,1,1,0,2,2,0,2,3,1,3,5,2,-2,0,2,0,10,-2,0,7,7,-1,0,0,1,-1,-1,-1,6,1
KR_6748775231,420,2,29,5,11,-2,0,2,1,5,4,2,2,0,11,11,0,-1,0,1,0,12,3,3,4,7,5,0,2,1,-1,1,1,6,1
KR_6703454572,440,-2,-23,3,-3,0,0,0,-2,4,6,-2,1,3,3,5,2,-2,0,2,2,4,-39,2,7,9,23,0,-1,1,-1,-1,1,6,1
KR_6634605855,420,1,9,-4,-1,1,2,1,-1,1,2,0,2,2,-1,2,3,0,0,0,-1,-7,1,5,6,11,2,0,1,1,1,1,-1,3,1
KR_6776210501,420,-4,-74,-48,-1,-1,1,2,2,3,1,-2,2,4,4,5,1,-4,0,4,0,5,-148,1,6,7,1,0,-2,1,-1,-1,1,2,1
KR_6720585275,420,6,36,25,8,4,5,1,1,3,2,0,1,1,3,3,0,0,1,1,0,2,13,8,3,11,-2,0,2,1,1,1,-1,3,1
KR_6775497400,420,-1,50,1,2,1,2,1,0,2,2,-3,0,3,4,4,0,0,1,1,0,6,2,1,8,9,2,0,-1,1,-1,1,1,5,1
KR_6766976469,420,2,52,-13,6,3,3,0,1,4,3,0,1,1,0,1,1,2,2,0,0,3,-30,0,6,6,-1,0,1,1,-1,1,-1,4,1
KR_6740463524,420,1,0,4,-3,-3,3,6,4,8,4,-2,1,3,-2,1,3,0,3,3,-1,0,11,0,7,7,6,0,0,1,1,1,-1,4,1
KR_6738480831,420,2,27,-32,7,1,2,1,9,10,1,-1,0,1,-2,0,2,0,0,0,0,7,-7,5,2,7,2,0,1,-1,1,1,1,5,1
KR_6751795835,420,3,61,20,10,1,3,2,-1,4,5,3,4,1,4,4,0,3,3,0,0,15,-6,-3,10,7,10,0,1,1,-1,1,-1,2,1
KR_6775372024,420,3,32,20,1,6,8,2,-1,0,1,-1,0,1,0,2,2,-3,0,3,0,-9,-115,4,5,9,-4,0,1,-1,1,1,1,3,1
KR_6767070279,420,3,79,-11,11,0,2,2,4,6,2,2,3,1,4,6,2,1,1,0,0,16,12,4,5,9,-1,0,1,1,-1,-1,1,3,1
KR_6691109852,420,2,1,6,6,7,7,0,4,5,1,0,2,2,-2,2,4,-3,1,4,0,-1,-6,4,6,10,1,0,0,-1,-1,1,1,2,1
KR_6748634589,420,5,31,28,8,1,2,1,0,4,4,7,7,0,0,0,0,0,0,0,0,5,-3,2,6,8,4,0,0,1,1,1,1,1,1
KR_6736388961,420,4,96,7,6,1,5,4,2,2,0,-2,1,3,5,6,1,0,1,1,0,3,-18,3,5,8,6,0,0,1,-1,1,-1,3,1
KR_6684678356,420,1,55,29,-1,2,2,0,-4,2,6,-1,1,2,2,4,2,0,1,1,0,2,4,-4,9,5,7,0,2,1,1,1,-1,5,1
KR_6777535397,420,6,88,1,19,3,3,0,5,6,1,2,3,1,4,7,3,5,6,1,0,17,-2,-4,9,5,3,0,3,1,1,1,1,1,1
KR_6662340108,420,1,47,0,-3,-1,2,3,1,4,3,-5,1,6,0,2,2,2,2,0,0,6,-32,-3,10,7,5,0,0,1,1,0,1,3,1
KR_6713121755,420,1,21,-12,8,-1,3,4,6,7,1,3,3,0,-1,1,2,1,1,0,0,18,1,-1,5,4,2,0,1,1,1,1,1,2,1
KR_6755979737,420,3,4,8,6,1,2,1,-2,3,5,5,7,2,0,2,2,2,2,0,0,9,14,-2,5,3,1,0,1,-1,1,1,1,3,1
KR_6755959381,420,3,16,18,7,1,1,0,3,4,1,3,7,4,0,2,2,0,1,1,0,5,168,-7,10,3,7,0,2,1,-1,1,-1,3,1
KR_6777523009,420,-1,35,-16,6,0,0,0,-1,4,5,1,1,0,6,7,1,0,1,1,0,3,3,0,9,9,4,0,1,1,1,1,1,5,1
KR_6734795483,420,-2,-48,28,3,0,2,2,3,4,1,0,3,3,0,0,0,0,0,0,0,8,-6,-2,5,3,-2,0,0,1,1,0,-1,3,1
KR_6776007000,420,3,13,-10,9,2,3,1,0,0,0,-2,0,2,5,5,0,4,4,0,0,9,1,0,4,4,0,0,3,1,1,1,1,4,1
KR_6767879644,420,3,9,7,10,5,6,1,3,5,2,-2,2,4,4,5,1,0,1,1,0,6,2,3,3,6,-3,0,1,-1,1,1,1,6,1
KR_6713174872,420,-1,42,17,-1,4,5,1,1,2,1,-5,3,8,-1,0,1,0,1,1,0,0,39,2,5,7,0,0,1,1,1,1,1,2,1
KR_6685605327,420,4,98,3,17,6,6,0,6,7,1,2,2,0,5,8,3,-2,2,4,2,19,7,6,4,10,5,0,3,0,1,1,1,0,1
KR_6744429774,420,0,-8,5,-2,-3,0,3,3,4,1,-2,1,3,-6,0,6,6,6,0,0,-1,-4,-1,7,6,4,0,-2,1,1,-1,1,5,1
KR_6773870272,420,1,19,-9,8,-1,0,1,1,1,0,8,8,0,2,5,3,-2,2,4,1,9,0,5,4,9,-5,0,1,1,1,1,1,6,1
KR_6774290556,420,3,17,25,4,4,4,0,2,2,0,0,0,0,-2,2,4,0,0,0,0,5,-9,-1,7,6,-3,0,0,-1,1,1,-1,3,1
KR_6773338299,420,1,-49,19,10,2,3,1,2,5,3,1,2,1,2,5,3,3,3,0,0,12,2,-1,10,9,11,0,-1,1,-1,-1,-1,3,1
KR_6769385638,420,3,12,4,11,-2,0,2,-1,2,3,2,3,1,8,8,0,4,5,1,0,20,-32,-1,6,5,0,0,0,1,-1,1,1,1,1
KR_6772620013,420,2,-4,15,6,-1,1,2,8,9,1,-1,1,2,1,2,1,-1,1,2,0,5,50,2,4,6,-2,0,1,-1,1,1,-1,6,1
KR_6748556399,420,0,44,27,-3,-1,2,3,2,5,3,-2,1,3,0,4,4,-2,1,3,0,-10,-7,-3,10,7,6,0,2,1,1,1,1,1,1
KR_6684539064,420,3,-2,14,4,0,2,2,1,2,1,1,4,3,2,5,3,0,0,0,0,4,9,0,6,6,-3,0,0,-1,-1,0,-1,3,1
KR_6770814174,420,1,53,24,0,0,3,3,-4,0,4,-1,0,1,1,4,3,4,5,1,0,-3,-6,-1,6,5,-2,0,-1,-1,0,-1,-1,6,1
KR_6766536980,420,1,1,-21,3,-5,0,5,-2,2,4,2,2,0,6,9,3,2,3,1,-1,2,-20,-4,9,5,7,0,1,1,-1,-1,-1,4,1
KR_6661770857,420,4,52,11,12,-2,3,5,0,2,2,1,3,2,7,7,0,6,6,0,1,11,-16,-1,11,10,7,0,2,1,1,1,1,3,1
KR_6663266368,420,0,27,0,0,-1,1,2,2,3,1,-1,0,1,-1,0,1,1,1,0,0,-1,-11,2,8,10,5,0,0,1,1,0,-1,6,1
KR_6686920264,420,0,11,1,0,0,2,2,3,7,4,-1,2,3,-2,2,4,0,0,0,0,-1,-22,-3,10,7,3,0,0,1,1,0,1,2,1
KR_6770610656,420,1,-23,-29,3,1,1,0,-5,0,5,-2,1,3,5,8,3,4,4,0,1,9,9,4,6,10,2,0,1,-1,1,1,1,3,1
KR_6738498793,420,3,-39,9,15,1,1,0,3,5,2,1,2,1,3,5,2,7,7,0,0,27,1,-4,11,7,4,0,1,1,1,1,1,4,1
KR_6702841177,420,2,-32,37,-2,1,1,0,-1,2,3,4,5,1,-4,0,4,-2,0,2,0,-1,-10,-1,6,5,4,0,-1,-1,1,-1,-1,1,1
KR_6737862314,420,3,27,-4,7,-1,1,2,0,1,1,3,4,1,4,7,3,1,1,0,0,-5,9,2,4,6,2,0,0,1,-1,0,1,3,1
KR_6674845471,440,2,39,-10,4,1,1,0,6,7,1,4,4,0,-5,1,6,-2,0,2,1,10,5,6,4,10,4,0,0,1,1,-1,1,4,1
KR_6718898330,420,0,67,4,-1,3,3,0,0,1,1,-5,0,5,0,3,3,1,2,1,1,-1,1,-3,7,4,0,0,1,-1,-1,1,1,6,1
KR_6774711235,420,1,33,3,3,3,4,1,-3,2,5,5,5,0,-2,2,4,0,0,0,0,-4,-18,4,4,8,-5,0,2,1,1,1,-1,2,1
KR_6774062422,420,0,43,-21,2,-4,0,4,1,5,4,4,6,2,4,4,0,-3,2,5,-2,-1,28,6,2,8,3,0,0,1,-1,-1,-1,3,1
KR_6770759432,420,2,52,-5,3,0,0,0,-1,2,3,1,5,4,2,2,0,1,1,0,0,2,-2,3,2,5,2,0,0,1,1,0,1,3,1
KR_6771161833,420,2,39,-11,17,-1,4,5,1,3,2,3,3,0,14,16,2,0,0,0,0,33,-35,5,4,9,2,0,1,1,1,1,1,5,1
KR_6719561131,420,4,-5,32,5,4,4,0,3,6,3,-1,0,1,-1,1,2,0,0,0,0,3,69,1,3,4,-1,0,0,1,-1,-1,-1,1,1
KR_6776110878,420,0,29,29,2,0,1,1,6,6,0,-1,2,3,-2,2,4,-1,1,2,0,6,6,-2,8,6,1,0,0,1,-1,0,-1,6,1
KR_6772312940,420,1,42,-29,7,3,3,0,-1,1,2,2,3,1,1,1,0,2,2,0,0,6,2,3,4,7,1,0,2,1,-1,1,1,6,1
KR_6769768388,420,2,-7,-24,2,1,1,0,0,1,1,1,4,3,0,3,3,0,1,1,0,5,-14,0,6,6,-1,0,0,1,-1,1,1,4,1
KR_6776048696,420,4,71,33,12,4,5,1,-2,0,2,6,7,1,2,4,2,2,3,1,0,10,8,4,5,9,-3,0,1,1,1,1,1,3,1
KR_6720507054,420,0,-38,-21,7,0,2,2,2,6,4,4,7,3,1,2,1,0,1,1,0,10,-15,-3,9,6,6,0,0,1,-1,-1,-1,4,1
KR_6722442904,420,1,2,-1,5,0,1,1,6,8,2,6,6,0,-7,0,7,0,1,1,-1,7,-7,4,9,13,4,0,-1,-1,1,-1,-1,3,1
KR_6758712390,420,2,2,3,3,0,0,0,2,6,4,1,2,1,-1,2,3,1,2,1,1,10,9,7,3,10,-1,0,1,1,1,1,1,1,1
KR_6750006503,420,0,-3,3,-1,1,1,0,-4,2,6,5,6,1,0,5,5,-3,0,3,0,2,-4,-7,9,2,1,0,0,-1,-1,-1,1,4,1
KR_6739361921,420,4,71,16,6,-3,3,6,1,3,2,1,3,2,8,8,0,-1,1,2,0,2,10,3,4,7,-2,0,2,1,-1,1,-1,2,1
KR_6772390725,440,0,-8,6,3,-1,2,3,5,7,2,-1,2,3,1,4,3,-1,0,1,0,2,17,-1,4,3,-2,0,0,0,-1,0,-1,0,1
KR_6696241283,420,1,29,53,2,2,3,1,0,1,1,0,4,4,1,3,2,-1,0,1,0,1,10,-2,5,3,1,0,0,1,-1,1,-1,2,1
KR_6763585812,420,2,55,-28,4,0,1,1,2,4,2,3,3,0,-1,1,2,0,1,1,0,7,-3,0,8,8,5,0,0,-1,1,0,1,1,1
KR_6774122115,420,3,43,19,9,2,4,2,4,4,0,-1,4,5,4,5,1,0,0,0,0,8,-1,0,7,7,1,0,0,1,-1,1,1,5,1
KR_6775358373,420,4,57,-24,13,0,2,2,3,3,0,8,9,1,3,5,2,-1,1,2,1,7,8,0,7,7,2,0,1,1,-1,1,-1,4,1
KR_6746012724,420,0,19,0,2,-1,1,2,4,5,1,-2,0,2,0,2,2,1,1,0,0,2,-11,-1,7,6,9,0,-1,1,1,-1,1,4,1
KR_6764128833,420,2,22,66,2,-2,1,3,5,7,2,0,1,1,1,4,3,-2,1,3,0,1,15,6,2,8,-1,0,1,1,1,1,-1,1,1
KR_6771450787,420,2,75,20,9,-3,0,3,2,6,4,-1,2,3,8,8,0,3,3,0,0,16,16,2,3,5,5,0,1,1,1,1,1,5,1
KR_6756933094,420,0,18,6,0,0,2,2,1,2,1,1,3,2,-2,0,2,0,1,1,0,-8,2,-1,8,7,-4,0,1,1,-1,1,1,5,1
KR_6711085486,420,1,-6,-1,4,-2,1,3,7,7,0,2,2,0,-3,3,6,0,0,0,-1,4,3,-6,10,4,0,0,0,-1,1,1,-1,5,1
KR_6772921846,420,-3,36,3,-12,-3,1,4,-7,0,7,-3,2,5,1,3,2,0,0,0,-3,-27,-35,-1,5,4,-2,0,-1,1,-1,-1,-1,2,1
KR_6757334124,420,2,18,-1,7,2,4,2,1,2,1,4,5,1,1,1,0,-1,0,1,0,7,-8,1,4,5,7,0,0,1,-1,1,-1,4,1
KR_6763717365,420,2,-7,-12,7,0,1,1,-2,1,3,5,6,1,1,3,2,3,3,0,0,7,-4,1,6,7,1,0,2,1,1,1,1,1,1
KR_6769816855,420,1,-42,-12,5,-1,1,2,3,4,1,1,1,0,2,2,0,0,0,0,0,9,7,-1,6,5,-2,0,0,1,1,0,1,3,1
KR_6705967586,420,0,-22,6,-1,-7,0,7,1,3,2,1,2,1,6,8,2,-2,0,2,-1,8,2,0,8,8,4,0,1,1,-1,-1,-1,2,1
KR_6756208033,420,0,7,-12,2,1,1,0,-5,1,6,6,7,1,3,5,2,-3,1,4,0,4,31,7,5,12,-6,0,-1,-1,-1,-1,-1,6,1
KR_6772290807,420,1,38,-8,3,2,6,4,5,6,1,0,4,4,0,2,2,-4,0,4,0,-1,36,4,7,11,0,0,1,1,1,-1,-1,2,1
KR_6749239772,420,0,-33,0,3,-3,1,4,-2,0,2,5,6,1,2,3,1,1,1,0,0,7,-43,-4,5,1,0,0,0,-1,-1,0,-1,5,1
KR_6777614229,420,2,68,23,7,7,7,0,-3,1,4,2,2,0,0,1,1,1,1,0,0,1,-33,5,5,10,5,0,0,-1,1,1,-1,3,1
KR_6776312336,420,3,60,-4,16,0,1,1,2,4,2,4,5,1,8,8,0,2,4,2,1,17,7,4,2,6,0,0,1,1,1,1,1,5,1
KR_6772565419,420,2,50,-15,5,-3,0,3,2,3,1,0,0,0,5,6,1,1,1,0,0,6,49,1,5,6,-3,0,1,1,-1,1,1,2,1
KR_6754758690,420,2,-2,21,3,3,3,0,-2,2,4,4,4,0,-4,1,5,2,4,2,-1,3,0,-1,7,6,2,0,0,1,0,-1,-1,4,1
KR_6734535435,420,-5,-10,19,-15,4,7,3,-2,1,3,0,1,1,-5,0,5,-12,0,12,-1,-18,-6,3,2,5,-2,0,-2,-1,-1,-1,-1,3,1
KR_6769540738,420,1,-51,16,3,-1,3,4,3,6,3,-2,0,2,0,2,2,3,4,1,-1,13,186,-2,11,9,2,0,-2,1,-1,-1,-1,5,1
KR_6776967933,420,1,-3,16,1,0,2,2,1,2,1,3,5,2,-2,0,2,-1,0,1,-1,4,16,1,9,10,-22,0,2,-1,1,1,-1,4,1
KR_6777490845,420,4,-10,9,8,4,4,0,2,4,2,1,3,2,-1,1,2,2,2,0,0,2,1,2,6,8,0,0,0,1,1,0,-1,5,1
KR_6764177294,420,-1,-2,-20,-1,2,4,2,0,1,1,-5,2,7,2,3,1,0,2,2,0,-7,-3,0,5,5,-3,0,-1,-1,-1,-1,-1,5,1
KR_6667910968,420,-1,13,1,-3,0,0,0,0,2,2,0,1,1,-1,1,2,-2,0,2,-1,-1,14,4,3,7,-3,0,0,-1,1,0,-1,2,1
KR_6764895685,420,5,59,5,13,4,5,1,3,3,0,5,7,2,1,2,1,0,0,0,0,4,6,2,6,8,1,0,1,1,1,1,1,1,1
KR_6774900946,420,5,72,-1,16,4,5,1,3,7,4,3,6,3,7,7,0,-1,0,1,1,29,33,4,3,7,0,0,3,1,1,1,1,3,1
KR_6765328666,440,3,-20,14,4,-3,0,3,-1,2,3,7,8,1,-1,2,3,2,2,0,0,9,0,-1,7,6,1,0,-1,1,-1,-1,-1,2,1
KR_6764027376,420,-1,9,16,-6,1,4,3,-4,2,6,-1,2,3,2,3,1,-4,0,4,0,-9,5,3,5,8,-3,0,1,1,0,1,-1,6,1
KR_6758069741,420,1,41,5,3,1,2,1,1,2,1,0,4,4,0,1,1,1,1,0,1,1,-1,1,5,6,-3,0,0,1,-1,1,1,1,1
KR_6777164120,420,1,31,17,-3,3,3,0,-3,2,5,0,2,2,-2,1,3,-1,0,1,0,-7,-6,-5,6,1,0,0,1,-1,1,1,1,1,1
KR_6699056197,420,1,29,1,-1,1,1,0,-4,1,5,2,3,1,-1,1,2,1,3,2,0,-1,38,-3,9,6,-29,0,1,-1,1,1,-1,4,1
KR_6768641532,440,3,-10,20,4,4,5,1,2,3,1,0,2,2,-2,2,4,0,1,1,0,8,-12,-9,12,3,5,0,1,0,1,1,-1,0,1
KR_6752639095,420,-1,-18,-13,-4,0,1,1,0,2,2,2,3,1,-1,2,3,-5,1,6,0,-5,-3,4,6,10,-3,0,0,-1,-1,-1,-1,2,1
KR_6775947494,420,2,-23,-8,5,-5,1,6,7,12,5,-3,1,4,8,11,3,-2,0,2,1,11,1,4,3,7,3,0,0,1,1,0,1,4,1
KR_6774111810,420,-1,7,10,2,5,5,0,-3,0,3,-2,2,4,3,5,2,-1,0,1,0,-2,-6,4,2,6,0,0,1,-1,-1,1,-1,6,1
KR_6693377369,420,3,2,-4,7,1,1,0,5,5,0,-2,3,5,3,4,1,0,0,0,0,17,-1,2,7,9,0,0,0,1,1,0,1,6,1
KR_6754627671,440,4,25,26,12,1,2,1,-1,1,2,9,9,0,5,7,2,-2,0,2,0,11,-3,-1,4,3,0,0,-1,1,-1,-1,1,5,1
KR_6744885816,420,2,-31,10,-1,2,3,1,1,3,2,2,2,0,-1,2,3,-5,2,7,-1,-3,17,-4,8,4,-1,0,-1,-1,1,-1,-1,6,1
KR_6775660629,420,2,76,-24,7,1,3,2,2,3,1,0,1,1,4,5,1,0,3,3,-1,4,-6,-1,6,5,3,0,1,1,1,1,-1,6,1
KR_6777064224,420,1,3,0,8,2,3,1,2,5,3,-2,4,6,7,9,2,-1,0,1,4,18,-1,0,3,3,-1,0,1,1,1,1,1,3,1
KR_6736838008,420,1,59,25,6,1,2,1,0,2,2,0,1,1,3,3,0,2,2,0,0,4,36,1,8,9,-1,0,0,1,1,1,1,4,1
KR_6739705930,420,0,6,-31,-1,0,2,2,-7,1,8,3,3,0,2,3,1,1,2,1,0,-5,121,0,6,6,1,0,0,-1,-1,0,-1,1,1
KR_6620292845,420,3,32,16,6,-4,0,4,4,4,0,3,4,1,3,4,1,0,0,0,0,6,0,4,5,9,0,0,1,1,1,1,1,6,1
KR_6772187917,420,4,18,36,6,0,0,0,2,3,1,1,4,3,3,4,1,0,0,0,0,8,-1,-1,6,5,-3,0,1,1,1,1,1,6,1
KR_6761116113,420,3,-36,-9,1,-1,2,3,1,4,3,0,2,2,-1,3,4,2,3,1,0,6,0,1,7,8,2,0,0,-1,0,0,-1,1,1
KR_6748891518,420,2,31,9,0,0,0,0,-5,0,5,4,4,0,3,5,2,-2,0,2,0,5,13,1,6,7,-5,0,-1,-1,1,-1,-1,3,1
KR_6776883769,420,4,40,23,10,0,2,2,0,2,2,5,6,1,5,5,0,0,0,0,0,14,109,1,5,6,5,0,2,1,1,1,-1,5,1
KR_6753462815,420,1,27,24,5,1,2,1,0,3,3,3,5,2,0,2,2,1,2,1,0,7,9,2,7,9,-2,0,-1,1,-1,1,1,6,1
KR_6774768006,420,-3,-25,-12,0,-1,0,1,-5,0,5,4,4,0,6,8,2,-4,0,4,1,1,8,1,6,7,2,0,0,1,1,0,1,6,1
KR_6777246084,420,4,78,9,11,5,6,1,4,7,3,1,3,2,2,3,1,-1,2,3,0,10,5,3,5,8,-1,0,2,1,1,1,-1,3,1
KR_6768112308,420,7,44,23,10,-3,0,3,0,2,2,2,2,0,9,14,5,2,3,1,0,21,1,-1,8,7,3,0,1,1,-1,1,1,6,1
KR_6775434327,420,0,-32,-7,-5,-1,2,3,0,3,3,0,2,2,-4,0,4,0,1,1,0,3,-2,2,3,5,-1,0,0,1,1,0,-1,1,1
KR_6774676802,420,0,20,-30,1,2,2,0,-4,2,6,1,6,5,3,4,1,-1,1,2,1,-3,-14,-6,12,6,9,0,0,-1,1,1,1,5,1
KR_6718299993,420,2,-12,6,8,1,2,1,2,3,1,-2,3,5,6,6,0,1,3,2,0,10,19,3,6,9,-1,0,2,1,1,1,1,4,1
KR_6776786792,420,2,74,-14,1,-1,1,2,3,3,0,1,4,3,-1,2,3,-1,0,1,0,0,4,2,8,10,6,0,1,-1,-1,1,1,6,1
KR_6773852822,420,0,11,-11,6,-2,3,5,5,5,0,1,2,1,2,3,1,0,0,0,0,8,0,-1,8,7,0,0,-1,1,-1,-1,-1,6,1
KR_6774652322,420,2,-21,16,3,-1,2,3,0,2,2,-1,1,2,3,4,1,2,2,0,1,5,-7,-1,6,5,2,0,1,1,1,-1,1,6,1
KR_6708508232,420,0,15,2,0,4,4,0,-4,2,6,-4,0,4,2,5,3,2,3,1,0,6,13,-1,7,6,0,0,-1,1,-1,-1,1,2,1
KR_6703368440,440,4,36,12,10,1,1,0,2,6,4,1,4,3,5,7,2,1,1,0,0,11,-15,1,6,7,0,0,1,1,-1,1,-1,6,1
KR_6753012767,420,0,-22,-12,1,0,1,1,-2,2,4,0,3,3,-1,1,2,4,4,0,0,5,-4,1,5,6,4,0,1,1,-1,1,1,1,1
KR_6775410964,420,4,43,-20,12,5,5,0,5,7,2,5,7,2,0,1,1,-3,2,5,1,8,5,3,6,9,-4,0,2,0,1,1,1,0,1
KR_6773310842,420,3,33,12,4,2,4,2,-2,1,3,1,1,0,4,5,1,-1,3,4,0,-1,4,3,4,7,-3,0,0,1,1,0,1,1,1
KR_6767794176,420,-1,-23,10,3,0,2,2,3,6,3,1,3,2,-1,1,2,0,1,1,0,8,6,6,4,10,2,0,0,-1,1,0,-1,1,1
KR_6740342621,420,1,-49,18,-6,2,4,2,-3,1,4,-1,1,2,-2,2,4,-2,1,3,0,-5,-1,-3,8,5,-2,0,0,1,-1,1,1,3,1
KR_6766399758,420,3,20,20,2,2,3,1,3,4,1,-3,0,3,0,0,0,0,0,0,1,7,10,2,5,7,-4,0,-1,1,-1,-1,1,3,1
KR_6775055402,420,-2,-4,-10,-5,-2,1,3,-3,3,6,0,3,3,1,3,2,-1,1,2,0,-2,2,5,5,10,-5,0,0,-1,-1,0,1,4,1
KR_6773634927,440,4,42,-13,19,0,2,2,4,5,1,1,3,2,8,8,0,6,6,0,0,23,4,3,3,6,4,0,2,0,-1,1,1,0,1
KR_6775948530,420,-2,-28,26,-4,-2,3,5,0,3,3,2,3,1,-3,0,3,-1,0,1,0,-4,3,1,3,4,-6,0,0,1,1,0,-1,5,1
KR_6776092987,420,7,56,76,9,3,3,0,1,2,1,1,3,2,1,5,4,3,3,0,0,9,-4,-1,7,6,-3,0,2,-1,1,1,-1,2,1
KR_6776912744,420,1,5,15,5,-5,0,5,6,6,0,2,3,1,1,3,2,1,3,2,0,9,-6,0,5,5,7,0,-1,1,-1,-1,1,2,1
KR_6758387900,420,0,78,-24,3,2,2,0,0,4,4,3,4,1,2,4,2,-4,2,6,1,3,-7,-2,7,5,1,0,0,-1,-1,1,1,4,1
KR_6775812898,420,2,42,9,5,3,4,1,3,6,3,5,7,2,-6,2,8,0,0,0,0,10,8,-1,8,7,5,0,1,1,1,1,-1,5,1
KR_6672257012,420,7,150,22,14,2,3,1,8,9,1,4,4,0,4,5,1,-4,1,5,0,14,22,4,4,8,3,0,3,1,1,1,1,6,1
KR_6756570400,420,-1,-34,6,-3,1,3,2,-1,0,1,0,1,1,-2,1,3,-1,0,1,0,-4,-5,-2,7,5,-3,0,0,-1,1,1,-1,5,1
KR_6663847589,420,1,32,-15,-1,1,3,2,0,3,3,-3,2,5,-2,1,3,3,3,0,0,-6,-6,0,6,6,2,0,1,-1,1,1,1,1,1
KR_6773632025,420,5,17,-3,13,2,3,1,3,4,1,3,5,2,5,5,0,0,0,0,0,15,2,8,2,10,4,0,1,1,-1,1,-1,2,1
KR_6776540404,420,1,14,-21,3,3,4,1,4,7,3,-1,2,3,-1,4,5,-2,1,3,0,0,4,-1,7,6,4,0,-1,-1,1,-1,-1,1,1
KR_6770443659,440,1,61,5,3,2,4,2,6,6,0,1,3,2,-6,0,6,0,1,1,0,11,3,-2,5,3,0,0,0,-1,1,1,-1,6,1
KR_6769201202,420,1,-12,-10,4,-2,2,4,3,7,4,6,8,2,-4,1,5,1,1,0,0,-2,10,2,8,10,1,0,0,-1,1,-1,-1,3,1
KR_6776072468,420,2,-9,-13,4,-1,1,2,0,2,2,4,4,0,-1,1,2,2,2,0,0,6,0,-2,6,4,2,0,-1,-1,-1,-1,-1,6,1
KR_6749616846,420,3,72,12,6,0,2,2,4,5,1,0,1,1,-1,1,2,3,3,0,0,9,6,0,7,7,-2,0,2,1,1,1,1,6,1
KR_6748988896,420,2,-5,32,6,0,0,0,2,2,0,2,3,1,2,2,0,0,0,0,0,10,0,-5,10,5,7,0,0,1,1,0,1,3,1
KR_6773872343,420,2,-9,8,-1,0,2,2,-2,1,3,2,3,1,-2,1,3,1,1,0,0,1,-36,-1,6,5,1,0,-1,1,-1,-1,1,5,1
KR_6743141284,420,1,-23,28,-3,0,3,3,-3,0,3,2,4,2,-1,3,4,-1,0,1,0,-3,80,-8,12,4,4,0,0,1,1,-1,-1,1,1
KR_6774199010,420,2,43,-11,7,0,2,2,4,8,4,2,4,2,-1,1,2,2,2,0,0,12,2,2,5,7,1,0,0,-1,1,0,1,6,1
KR_6772284474,420,6,61,44,9,5,5,0,1,2,1,3,5,2,-3,1,4,3,3,0,0,5,0,-1,4,3,2,0,5,1,1,1,1,3,1
KR_6737471687,420,6,5,16,11,2,2,0,5,6,1,0,0,0,3,6,3,1,2,1,0,15,-7,-2,5,3,1,0,3,1,-1,1,1,3,1
KR_6711965684,420,0,14,-4,2,-3,1,4,3,4,1,1,1,0,0,0,0,1,1,0,0,6,-21,-2,9,7,7,0,1,1,-1,1,-1,3,1
KR_6757815071,420,0,9,21,-1,-1,0,1,2,2,0,0,2,2,-2,2,4,0,0,0,0,-2,3,7,5,12,-2,0,1,1,1,1,1,2,1
KR_6776816935,420,3,77,4,12,-2,0,2,5,6,1,8,9,1,0,2,2,1,1,0,0,18,-1,4,5,9,9,0,0,1,-1,1,1,5,1
KR_6694175042,420,3,-13,34,6,0,1,1,-2,2,4,2,2,0,4,6,2,2,2,0,0,4,-1,0,7,7,-2,0,0,1,-1,1,1,1,1
KR_6743422907,420,2,0,-5,7,0,1,1,-1,3,4,6,9,3,2,2,0,0,0,0,0,16,2,-1,7,6,-1,0,1,1,1,1,1,2,1
KR_6757287488,420,-2,30,-13,-6,0,1,1,-9,0,9,5,9,4,-1,3,4,-1,1,2,2,-13,-1,2,9,11,4,0,0,-1,1,1,1,2,1
KR_6770460444,420,0,-47,-10,-6,-5,0,5,1,6,5,-1,2,3,-1,3,4,0,1,1,0,-7,3,-2,8,6,-1,0,0,1,-1,0,-1,3,1
KR_6733071209,420,0,41,-5,2,2,2,0,3,5,2,-1,2,3,-2,2,4,0,2,2,0,-2,1,1,4,5,-4,0,0,1,-1,0,-1,6,1
KR_6711839335,420,0,-28,-8,7,-4,1,5,3,5,2,0,1,1,6,8,2,2,2,0,0,18,38,3,3,6,-26,0,0,-1,-1,0,-1,3,1
KR_6708466603,420,6,100,44,9,0,0,0,-2,2,4,10,10,0,2,5,3,-1,0,1,1,12,-171,4,4,8,-1,0,4,1,1,1,1,4,1
KR_6772053135,420,0,18,-2,-1,3,3,0,-2,1,3,-1,0,1,-1,0,1,0,0,0,0,-4,18,3,4,7,2,0,0,1,1,0,-1,4,1
KR_6745426731,420,1,33,-28,5,1,3,2,0,1,1,3,5,2,2,3,1,-1,0,1,0,10,-46,0,6,6,8,0,0,1,-1,-1,-1,3,1
KR_6737406989,420,-1,-19,-25,3,0,4,4,0,4,4,-3,1,4,6,6,0,0,1,1,0,5,-71,1,7,8,3,0,0,1,-1,0,1,2,1
KR_6689110120,420,3,68,4,6,-2,0,2,6,7,1,1,2,1,2,4,2,-1,0,1,0,11,-2,2,9,11,7,0,2,1,1,1,-1,5,1
KR_6772002608,440,-1,22,28,-2,0,0,0,2,5,3,-1,0,1,-1,0,1,-2,1,3,0,-6,-22,-5,8,3,2,0,0,1,-1,-1,-1,5,1
KR_6756805743,420,1,-30,-4,10,-1,3,4,3,3,0,-2,2,4,10,10,0,0,0,0,0,14,-2,-3,7,4,-7,0,-1,-1,-1,-1,-1,3,1
KR_6685471969,420,4,22,21,9,0,5,5,0,6,6,2,2,0,4,6,2,3,3,0,0,13,2,4,6,10,1,0,1,1,-1,1,1,3,1
KR_6745200652,420,1,53,28,7,-4,1,5,-1,4,5,4,6,2,6,9,3,2,2,0,-1,-9,8,0,8,8,1,0,2,1,1,1,-1,6,1
KR_6776895560,420,0,-8,4,2,0,2,2,2,3,1,-2,2,4,2,3,1,0,0,0,0,9,-5,-1,10,9,7,0,1,1,1,1,1,5,1
KR_6775891545,420,-1,37,8,0,1,3,2,-2,1,3,0,1,1,-1,1,2,2,3,1,1,3,0,2,5,7,0,0,1,1,1,1,1,5,1
KR_6691922339,440,5,141,32,12,4,4,0,-1,4,5,8,8,0,0,2,2,1,2,1,0,2,1,1,4,5,5,0,0,1,0,1,1,2,1
KR_6777324726,420,0,-23,4,1,1,3,2,-1,3,4,-1,0,1,2,2,0,0,0,0,0,-6,0,-2,5,3,-1,0,0,-1,1,0,1,3,1
KR_6756257981,420,1,35,-32,-2,3,3,0,-2,5,7,-1,1,2,0,3,3,-2,1,3,-1,-9,1,0,7,7,-7,0,1,-1,1,1,-1,3,1
KR_6765389767,420,-2,-28,4,-3,-1,0,1,0,0,0,1,1,0,-4,3,7,1,1,0,0,-6,-10,-2,10,8,5,0,-1,1,1,-1,1,2,1
KR_6777320228,420,-2,14,-7,-11,1,3,2,-2,2,4,-5,0,5,-4,1,5,-1,0,1,0,-11,5,0,3,3,-2,0,0,-1,1,1,-1,3,1
KR_6774936488,420,1,47,-8,4,-1,1,2,-1,4,5,2,2,0,4,6,2,0,0,0,0,5,-1,4,5,9,3,0,1,1,-1,-1,1,6,1
KR_6776579408,420,-1,-24,9,-1,0,2,2,-3,1,4,0,2,2,2,4,2,0,0,0,1,5,3,3,7,10,-4,0,0,0,1,-1,1,0,1
KR_6764924972,420,1,16,-17,4,1,2,1,0,2,2,1,2,1,2,3,1,0,1,1,0,3,6,2,6,8,-3,0,0,-1,1,0,1,3,1
KR_6777871937,420,0,-38,-21,3,-3,1,4,3,4,1,1,1,0,1,4,3,1,3,2,-1,11,-5,-7,11,4,-4,0,1,-1,-1,1,-1,3,1
KR_6775085175,420,2,26,20,-2,-4,0,4,4,4,0,-3,0,3,0,2,2,1,1,0,0,0,6,5,4,9,-3,0,0,-1,1,1,1,3,1
KR_6758725976,420,4,-22,25,6,3,4,1,2,4,2,0,0,0,1,4,3,0,1,1,0,6,-6,1,7,8,4,0,0,1,1,1,-1,5,1
KR_6671954386,420,0,65,8,4,-2,1,3,1,1,0,4,5,1,0,1,1,1,1,0,1,1,-3,-2,9,7,-3,0,1,1,1,1,1,3,1
KR_6768147333,420,3,50,4,6,3,3,0,4,5,1,0,2,2,-2,2,4,1,1,0,0,4,3,3,8,11,0,0,0,-1,1,0,1,6,1
KR_6749024933,420,-2,-12,-58,4,0,2,2,2,5,3,1,2,1,0,4,4,1,2,1,2,13,14,5,4,9,-3,0,0,-1,1,1,-1,5,1
KR_6721240092,420,2,-4,13,7,1,2,1,6,6,0,1,2,1,-1,0,1,0,2,2,0,2,-33,3,6,9,0,0,2,1,1,1,1,4,1
KR_6763646474,420,2,12,49,6,0,1,1,-3,0,3,4,7,3,2,3,1,3,3,0,0,2,-29,4,3,7,-6,0,3,1,1,1,1,6,1
KR_6773861521,440,-3,4,-28,1,2,2,0,-3,2,5,4,4,0,-2,2,4,0,0,0,0,1,-2,2,3,5,-5,0,-1,-1,0,-1,1,1,1
KR_6771627947,420,-1,61,-13,0,-1,1,2,-3,1,4,1,4,3,0,4,4,3,5,2,0,-4,-17,-4,8,4,2,0,1,1,-1,1,-1,5,1
KR_6770942308,420,3,23,-4,3,1,1,0,1,3,2,0,1,1,1,1,0,0,0,0,0,2,-3,-1,5,4,6,0,1,-1,1,1,1,4,1
KR_6771207397,420,3,33,16,5,-1,0,1,1,1,0,2,3,1,2,3,1,1,2,1,0,8,12,-2,6,4,5,0,0,0,-1,0,-1,0,1
KR_6777393663,420,-1,-23,-40,2,4,5,1,3,5,2,1,1,0,-6,1,7,0,0,0,0,1,-136,0,6,6,-3,0,-1,1,-1,-1,-1,6,1
KR_6649033127,420,0,-30,-13,-2,-2,0,2,-3,1,4,3,5,2,-2,2,4,2,2,0,0,-1,-6,-4,9,5,0,0,-1,1,-1,-1,1,5,1
KR_6766118746,420,3,-4,28,3,2,2,0,1,2,1,0,2,2,0,2,2,0,0,0,0,-2,-13,-5,10,5,5,0,0,1,0,0,1,6,1
KR_6772249439,420,2,27,4,5,2,2,0,2,3,1,-1,3,4,1,3,2,1,3,2,0,11,4,-2,5,3,-2,0,-1,1,-1,-1,1,3,1
KR_6775153758,420,0,-5,6,5,0,1,1,-1,1,2,6,6,0,4,4,0,-4,4,8,0,14,11,1,8,9,4,0,-1,1,-1,-1,1,5,1
KR_6770015508,420,0,1,-2,2,2,3,1,1,1,0,0,4,4,2,2,0,-3,0,3,0,9,3,0,6,6,-1,0,-1,1,-1,-1,1,6,1
KR_6749965333,420,4,45,20,9,0,2,2,4,6,2,0,1,1,3,6,3,2,2,0,0,16,3,-2,7,5,1,0,2,1,1,1,-1,5,1
KR_6746045848,420,3,3,-12,0,5,6,1,-3,1,4,-5,0,5,2,5,3,1,1,0,0,9,-30,-1,5,4,0,0,1,-1,-1,-1,1,6,1
KR_6770640929,420,2,12,-24,3,0,2,2,1,3,2,0,1,1,1,3,2,1,1,0,0,5,7,0,4,4,6,0,-1,1,-1,-1,1,5,1
KR_6769057412,420,5,110,11,10,-1,0,1,0,1,1,6,6,0,3,4,1,2,2,0,1,8,-21,5,5,10,4,0,1,1,-1,1,1,4,1
KR_6768377596,420,-1,8,-5,-7,-1,1,2,-3,0,3,3,5,2,-7,0,7,1,2,1,-2,-14,-14,-6,11,5,-4,0,-1,-1,-1,-1,-1,5,1
KR_6725706796,420,4,22,-16,10,3,4,1,-3,0,3,3,10,7,4,4,0,3,4,1,-1,10,58,-4,7,3,2,0,1,1,1,1,-1,2,1
KR_6775836107,420,4,67,12,4,3,4,1,3,4,1,-1,2,3,-1,1,2,0,0,0,0,-5,0,3,5,8,7,0,1,1,1,1,1,2,1
KR_6768316760,420,3,64,-15,9,2,2,0,1,2,1,2,5,3,2,4,2,2,2,0,0,4,23,3,1,4,2,0,2,1,-1,1,1,6,1
KR_6713434982,420,3,-7,25,10,1,2,1,7,8,1,0,3,3,2,3,1,0,2,2,0,18,-102,-1,4,3,1,0,-1,1,-1,-1,-1,4,1
KR_6760659502,420,-1,10,-2,-2,2,2,0,-2,4,6,-2,1,3,1,4,3,-1,0,1,0,-2,5,2,7,9,0,0,-1,-1,-1,-1,1,6,1
KR_6775684460,420,-2,-43,23,0,-3,1,4,2,4,2,-1,1,2,3,4,1,-1,2,3,0,1,-36,2,5,7,-5,0,1,1,1,1,1,3,1
KR_6730364943,420,1,51,-9,-5,-6,1,7,-5,4,9,-5,0,5,4,5,1,7,8,1,-1,-9,5,-1,6,5,-5,0,1,1,1,1,-1,6,1
KR_6758595186,420,1,50,10,2,2,4,2,0,4,4,0,1,1,0,4,4,0,2,2,0,-1,-4,-6,11,5,5,0,1,1,1,1,1,4,1
KR_6769769427,420,2,-6,-13,1,0,0,0,-1,2,3,2,2,0,0,2,2,0,0,0,0,0,-2,3,5,8,5,0,0,1,-1,0,1,6,1
KR_6760757224,420,-1,57,-16,1,3,4,1,-2,1,3,-1,3,4,2,2,0,-1,0,1,0,-3,-31,-2,8,6,0,0,1,-1,1,1,1,5,1
KR_6775890601,420,0,-64,-8,3,-3,2,5,-1,5,6,-2,0,2,6,8,2,3,3,0,0,13,17,0,9,9,-7,0,0,-1,1,1,1,1,1
KR_6766447762,420,1,-34,-28,3,0,2,2,4,6,2,-1,2,3,0,5,5,0,0,0,0,7,12,3,4,7,5,0,1,-1,1,1,-1,5,1
KR_6773148064,420,4,14,0,5,3,3,0,9,10,1,-6,0,6,-1,4,5,0,1,1,-1,7,1,2,4,6,1,0,1,-1,-1,1,-1,2,1
KR_6697286129,420,1,-1,1,6,0,3,3,0,5,5,1,3,2,5,7,2,0,1,1,0,8,34,2,4,6,-8,0,1,-1,1,1,-1,6,1
KR_6769704048,420,-1,39,0,-4,-5,1,6,-4,5,9,0,2,2,2,7,5,3,6,3,0,11,-4,1,9,10,-1,0,-2,1,-1,-1,1,5,1
KR_6767989671,420,0,-49,1,-2,0,1,1,2,7,5,-2,3,5,-1,3,4,-1,1,2,0,6,-7,7,4,11,3,0,0,-1,0,0,-1,2,1
KR_6764363182,420,4,46,-13,11,1,3,2,5,8,3,2,2,0,3,7,4,0,1,1,1,7,4,0,7,7,-2,0,0,1,1,0,1,6,1
KR_6661479244,420,-1,1,-44,7,2,4,2,0,2,2,3,4,1,2,3,1,0,1,1,0,14,2,1,6,7,3,0,0,1,1,0,-1,4,1
KR_6766961017,420,-1,9,-9,-3,2,3,1,1,2,1,-1,3,4,-4,1,5,-1,0,1,0,-4,-6,1,8,9,-2,0,0,1,1,-1,-1,4,1
KR_6647182333,420,1,13,4,2,0,2,2,0,3,3,1,2,1,2,3,1,-1,2,3,0,6,22,4,2,6,0,0,1,1,-1,1,1,6,1
KR_6754703601,420,2,15,17,5,-1,0,1,3,4,1,0,4,4,4,4,0,-1,2,3,0,6,34,3,5,8,-2,0,2,-1,1,1,1,3,1
KR_6767563782,420,2,-73,12,12,2,2,0,3,4,1,0,2,2,5,7,2,2,2,0,2,14,120,3,5,8,0,0,1,-1,1,1,1,5,1
KR_6770410552,420,-1,36,15,3,-4,0,4,2,2,0,-3,0,3,9,9,0,-1,0,1,0,6,-27,0,4,4,4,0,0,1,-1,-1,1,5,1
KR_6767529650,420,0,69,-51,4,1,2,1,1,3,2,3,4,1,-1,1,2,0,0,0,0,9,-2,3,3,6,6,0,1,1,-1,1,1,3,1
KR_6772536086,420,-1,20,-5,-2,0,0,0,-4,3,7,-1,2,3,2,4,2,1,1,0,0,-4,-3,-5,13,8,0,0,0,1,-1,-1,1,5,1
KR_6774608887,420,7,50,12,8,7,8,1,2,4,2,0,1,1,0,0,0,-1,2,3,0,8,-1,-4,8,4,-3,0,2,1,1,1,1,5,1
KR_6768619523,440,4,21,-24,10,1,2,1,0,1,1,2,3,1,6,9,3,1,1,0,0,9,31,5,5,10,2,0,0,1,-1,0,-1,4,1
KR_6776543208,420,-4,-21,-32,-3,-2,0,2,-2,2,4,0,1,1,1,2,1,0,0,0,-2,-13,1,3,4,7,0,0,0,1,-1,0,-1,6,1
KR_6776719670,420,5,61,-11,14,2,3,1,5,8,3,0,0,0,5,6,1,2,6,4,0,9,27,6,3,9,-4,0,1,1,1,1,1,3,1
KR_6677056388,420,2,16,21,2,1,3,2,1,6,5,-1,1,2,0,1,1,1,2,1,0,-3,15,9,7,16,-5,0,1,-1,1,1,-1,4,1
KR_6684485293,420,4,-18,-7,8,2,3,1,2,8,6,3,5,2,3,6,3,-2,0,2,0,6,-18,2,7,9,-2,0,0,-1,1,-1,-1,1,1
KR_6770080011,420,-1,60,-11,3,2,3,1,2,3,1,0,2,2,-1,2,3,0,1,1,0,1,2,7,3,10,3,0,1,-1,1,1,1,4,1
KR_6765940670,420,2,-25,13,10,1,3,2,9,10,1,-2,1,3,2,4,2,0,0,0,-1,9,-2,3,5,8,-1,0,1,1,1,1,-1,2,1
KR_6766534407,420,2,-33,-4,10,2,3,1,6,7,1,0,1,1,1,5,4,1,1,0,-1,1,-40,-1,7,6,9,0,0,1,-1,1,-1,4,1
KR_6776133007,420,0,26,5,5,0,1,1,0,4,4,-1,0,1,6,6,0,0,1,1,0,8,5,-1,6,5,-1,0,3,1,1,1,1,5,1
KR_6777819237,420,0,-12,14,5,1,2,1,6,9,3,-1,0,1,-1,1,2,0,1,1,0,8,-11,0,7,7,1,0,0,-1,1,0,-1,2,1
KR_6754321868,420,7,90,33,17,2,3,1,0,1,1,-1,3,4,14,17,3,2,3,1,0,16,28,2,5,7,2,0,4,-1,1,1,-1,1,1
KR_6720713490,420,0,-25,-44,2,0,4,4,2,3,1,0,1,1,1,3,2,-1,0,1,0,9,2,4,2,6,0,0,0,1,-1,0,1,1,1
KR_6722071938,420,2,17,-12,6,2,6,4,0,3,3,-2,2,4,7,10,3,-1,1,2,0,8,8,7,3,10,0,0,1,1,1,1,1,3,1
KR_6773414442,420,5,52,-4,8,-1,1,2,3,8,5,4,7,3,2,3,1,0,3,3,2,7,0,3,4,7,3,0,-1,-1,-1,1,1,6,1
KR_6777108390,420,2,60,0,8,2,3,1,3,6,3,-5,1,6,8,8,0,0,0,0,0,13,31,-1,7,6,6,0,1,1,1,1,1,6,1
KR_6777171972,420,3,18,47,10,1,3,2,5,5,0,2,4,2,2,2,0,0,1,1,0,11,40,1,6,7,1,0,1,1,1,1,1,5,1
KR_6776993782,420,4,53,19,-1,1,1,0,1,5,4,-2,3,5,-1,0,1,0,0,0,0,-1,-1,-3,9,6,0,0,1,-1,1,1,-1,1,1
KR_6776546758,420,2,-1,2,2,-3,1,4,1,1,0,0,2,2,4,4,0,0,1,1,0,8,-21,1,7,8,4,0,-1,1,-1,-1,1,6,1
KR_6743637104,420,3,-10,29,4,0,2,2,-2,2,4,1,2,1,2,6,4,3,3,0,0,4,2,0,9,9,5,0,1,-1,-1,1,1,5,1
KR_6761818845,440,3,54,4,5,0,2,2,1,4,3,4,4,0,0,5,5,0,0,0,2,5,0,-4,9,5,-1,0,0,1,1,1,1,2,1
KR_6771574739,420,-2,47,-46,4,3,6,3,6,7,1,0,3,3,-1,1,2,-4,0,4,0,3,-5,6,1,7,5,0,1,0,1,1,-1,0,1
KR_6760469699,420,-3,-52,-16,0,1,4,3,0,2,2,-2,3,5,3,3,0,-2,0,2,0,10,14,-1,6,5,-4,0,0,0,1,1,1,0,1
KR_6772284609,420,4,66,-7,3,0,1,1,0,5,5,3,5,2,1,2,1,-1,1,2,0,12,2,1,6,7,5,0,0,1,-1,0,-1,5,1
KR_6772196726,420,2,-34,28,7,3,4,1,3,6,3,3,3,0,-4,0,4,2,2,0,1,5,1,0,5,5,1,0,0,1,1,-1,1,2,1
KR_6769763381,420,1,21,1,7,2,2,0,2,3,1,2,4,2,0,1,1,1,2,1,0,17,8,5,5,10,-4,0,3,1,1,1,-1,5,1
KR_6707318391,420,0,54,-16,4,-5,0,5,0,3,3,3,4,1,3,6,3,3,3,0,0,11,18,-4,10,6,-1,0,-1,1,-1,-1,1,6,1
KR_6771409361,420,1,44,-28,10,-1,3,4,3,4,1,3,6,3,5,7,2,0,1,1,0,5,46,1,4,5,-21,0,0,1,-1,-1,1,3,1
KR_6777179707,440,-2,63,-16,-8,-4,1,5,0,2,2,-2,2,4,-3,6,9,1,2,1,-1,-5,2,-3,5,2,0,0,1,-1,-1,1,-1,2,1
KR_6737312080,420,2,9,20,6,3,4,1,4,8,4,-4,2,6,0,2,2,3,3,0,0,11,30,-1,6,5,4,0,0,1,0,0,1,1,1
KR_6777372311,420,-1,-34,24,4,-3,1,4,0,3,3,4,5,1,3,4,1,0,0,0,0,8,2,4,6,10,-3,0,-1,-1,1,-1,1,1,1
KR_6776310568,420,-3,9,-17,-3,1,1,0,-1,2,3,0,2,2,-3,0,3,0,0,0,0,-6,-36,2,4,6,3,0,0,1,1,0,-1,6,1
KR_6777287973,420,5,34,24,12,7,7,0,0,1,1,5,6,1,0,3,3,0,0,0,0,2,36,-1,6,5,0,0,2,-1,1,1,-1,3,1
KR_6775371739,420,2,-9,19,4,5,5,0,-3,0,3,3,5,2,-1,1,2,0,0,0,0,4,-10,-2,8,6,3,0,2,1,1,1,-1,3,1
KR_6768569073,440,3,48,8,3,1,1,0,4,6,2,1,2,1,-3,0,3,0,0,0,0,-3,0,2,7,9,-1,0,1,1,1,1,-1,6,1
KR_6748363685,420,2,59,18,-1,3,4,1,-5,0,5,3,5,2,-1,5,6,-1,0,1,0,-8,-28,-2,7,5,6,0,0,1,-1,1,1,5,1
KR_6767422624,420,2,8,-16,8,-2,1,3,-1,4,5,6,6,0,3,6,3,2,3,1,0,11,-99,3,5,8,-3,0,0,1,-1,-1,1,3,1
KR_6679596438,420,4,5,-4,10,-3,1,4,4,4,0,5,7,2,5,5,0,-1,1,2,0,14,-3,-1,6,5,-4,0,2,1,1,1,-1,1,1
KR_6760699381,420,1,24,7,3,4,5,1,-1,2,3,2,5,3,2,2,0,-4,4,8,0,3,-7,-4,8,4,4,0,0,-1,0,1,1,6,1
KR_6755764269,420,1,50,-15,-2,3,4,1,-2,1,3,-3,0,3,0,4,4,0,0,0,0,-8,24,-1,3,2,-5,0,3,-1,1,1,-1,4,1
KR_6771100905,420,5,81,-4,13,6,6,0,3,3,0,-1,1,2,3,5,2,2,3,1,3,9,-1,4,3,7,-2,0,2,-1,-1,1,1,2,1
KR_6768361339,420,3,56,38,0,1,1,0,0,2,2,2,3,1,-3,0,3,0,1,1,0,-1,25,1,7,8,-4,0,-1,-1,1,-1,1,5,1
KR_6736496157,420,5,31,-27,9,1,3,2,5,6,1,1,6,5,1,2,1,1,2,1,1,19,-63,5,1,6,-2,0,2,1,1,1,1,5,1
KR_6758696458,420,-1,-26,-6,-2,-1,0,1,0,2,2,2,6,4,-1,1,2,-2,1,3,0,-8,20,1,6,7,-6,0,0,-1,-1,0,1,4,1
KR_6756707804,420,2,16,47,3,2,2,0,2,4,2,-1,2,3,0,3,3,0,2,2,0,-4,-2,-2,6,4,6,0,0,1,-1,0,1,3,1
KR_6772532383,420,4,9,0,8,1,1,0,3,6,3,5,7,2,0,1,1,-1,0,1,0,5,-18,-1,8,7,1,0,2,1,1,1,1,4,1
KR_6772162344,420,3,33,-8,7,0,1,1,3,8,5,4,4,0,1,3,2,-1,0,1,0,8,5,1,7,8,-1,0,-1,1,-1,-1,-1,1,1
KR_6661691073,420,-2,37,17,-6,-1,4,5,-4,0,4,2,3,1,-1,0,1,-2,0,2,0,-3,-2,-3,8,5,-6,0,-1,-1,1,-1,-1,2,1
KR_6764986818,420,3,54,-10,5,0,0,0,-2,1,3,0,4,4,6,6,0,1,2,1,0,1,21,1,4,5,4,0,0,1,-1,0,1,6,1
KR_6773372280,420,1,3,-13,5,1,2,1,2,2,0,3,3,0,0,3,3,-1,0,1,0,6,50,-6,10,4,-5,0,0,1,1,0,-1,2,1
KR_6737078310,420,1,-15,26,-2,1,1,0,1,4,3,-4,4,8,-2,2,4,2,3,1,0,-3,6,4,8,12,-1,0,0,-1,1,1,-1,1,1
KR_6736299181,420,5,110,25,11,-1,2,3,-1,3,4,5,8,3,8,8,0,0,1,1,0,18,83,4,0,4,-2,0,4,1,1,1,-1,3,1
KR_6727904369,420,-2,35,-20,5,4,5,1,1,3,2,-2,1,3,0,4,4,2,3,1,0,-1,-19,1,6,7,-2,0,1,-1,-1,1,-1,4,1
KR_6754683698,420,1,5,-17,2,0,3,3,-1,4,5,4,6,2,-2,2,4,1,2,1,1,14,-3,2,5,7,0,0,0,-1,1,-1,1,3,1
KR_6777001817,420,6,138,28,12,6,7,1,2,2,0,-1,1,2,7,9,2,-2,1,3,0,11,-1,4,3,7,-2,0,2,1,-1,1,1,6,1
KR_6772830675,420,4,50,12,9,3,4,1,-1,0,1,3,6,3,3,4,1,1,1,0,0,17,4,1,8,9,2,0,0,-1,1,-1,1,1,1
KR_6770399985,440,2,21,-24,1,-4,1,5,4,5,1,-3,2,5,4,4,0,0,2,2,0,6,-61,-2,10,8,0,0,0,-1,-1,1,-1,6,1
KR_6775386809,420,2,101,33,12,-1,0,1,4,7,3,8,9,1,-1,5,6,2,2,0,1,25,2,2,3,5,2,0,2,1,1,1,1,6,1
KR_6764436520,420,-1,4,10,-3,-2,0,2,1,2,1,-2,2,4,-2,2,4,2,2,0,0,-7,31,-2,12,10,-1,0,-1,-1,1,1,1,5,1
KR_6693220624,420,-2,-50,3,-4,-5,0,5,3,5,2,-3,1,4,2,8,6,-1,0,1,0,5,70,0,8,8,2,0,-1,1,-1,-1,1,4,1
KR_6776065633,420,2,-13,19,9,2,2,0,5,7,2,2,2,0,2,3,1,-2,0,2,0,12,2,-2,7,5,0,0,2,1,1,1,-1,6,1
KR_6772834139,420,5,45,10,6,2,2,0,2,3,1,2,2,0,1,4,3,-1,1,2,0,7,-4,0,6,6,6,0,0,-1,-1,0,-1,6,1
KR_6776147566,440,-1,22,2,-1,4,4,0,-1,0,1,-3,2,5,-1,0,1,0,0,0,0,-7,-19,2,3,5,0,0,-1,1,-1,1,1,5,1
KR_6776069127,420,0,1,-8,6,2,2,0,9,9,0,-2,1,3,-3,2,5,0,2,2,-2,-1,14,4,7,11,-7,0,1,1,1,1,-1,5,1
KR_6775540461,420,1,4,-24,7,1,3,2,2,4,2,9,10,1,-4,2,6,-1,0,1,0,10,-44,-1,7,6,9,0,0,1,-1,-1,-1,1,1
KR_6685161847,420,-5,-9,-42,-6,-1,1,2,-3,1,4,-2,2,4,3,3,0,-3,0,3,0,-1,-8,-1,5,4,1,0,0,-1,1,0,-1,4,1
KR_6774778280,420,4,3,11,15,4,4,0,1,3,2,7,9,2,3,6,3,0,0,0,0,24,3,0,7,7,0,0,1,1,-1,1,-1,1,1
KR_6752002946,420,0,-46,-7,7,0,1,1,1,5,4,0,1,1,5,5,0,1,3,2,0,8,-35,3,7,10,0,0,-1,1,-1,1,-1,5,1
KR_6765389360,420,2,39,-8,4,2,2,0,3,3,0,-2,1,3,2,8,6,-1,1,2,1,11,15,1,5,6,-2,0,1,-1,1,1,1,1,1
KR_6770535701,420,3,-16,24,-1,-4,0,4,-3,2,5,6,7,1,1,2,1,-1,1,2,0,-1,-4,-1,6,5,6,0,2,1,1,1,-1,2,1
KR_6678473787,420,-2,14,-21,-3,1,2,1,-4,0,4,3,3,0,-1,1,2,-2,0,2,0,-2,-13,-1,3,2,-1,0,0,-1,1,0,1,3,1
KR_6769849499,420,1,65,-32,6,2,2,0,-2,1,3,1,3,2,2,5,3,3,3,0,0,7,6,3,4,7,1,0,1,-1,1,1,-1,2,1
KR_6773963950,420,4,18,21,3,-2,1,3,2,3,1,-1,2,3,5,8,3,-1,2,3,0,6,5,2,6,8,-3,0,-1,1,-1,-1,1,2,1
KR_6745199743,420,3,94,12,8,5,8,3,0,1,1,-4,1,5,6,6,0,1,1,0,2,7,-25,3,6,9,8,0,1,1,-1,1,1,4,1
KR_6767277375,440,2,3,0,12,1,2,1,3,4,1,4,4,0,5,5,0,-1,0,1,0,11,4,-1,5,4,5,0,3,1,1,1,1,2,1
KR_6745777436,420,2,16,6,7,1,3,2,4,5,1,1,2,1,2,3,1,-1,1,2,1,11,36,3,3,6,-8,0,0,1,-1,1,1,3,1
KR_6721658415,420,4,22,68,-2,1,3,2,-4,3,7,0,2,2,1,3,2,0,0,0,0,-9,7,-3,7,4,3,0,0,1,-1,1,-1,1,1
KR_6695817171,420,2,15,8,5,-4,1,5,9,12,3,1,3,2,0,3,3,-1,0,1,0,12,-16,-2,7,5,-1,0,0,1,-1,0,-1,1,1
KR_6769807909,420,1,17,20,0,-4,2,6,0,4,4,-1,2,3,5,5,0,0,1,1,1,13,1,-1,6,5,0,0,-1,1,-1,-1,1,4,1
KR_6735441564,420,-3,5,16,-4,-2,1,3,4,7,3,-3,0,3,0,4,4,-3,0,3,2,3,-14,0,9,9,6,0,0,1,1,-1,1,4,1
KR_6760200685,420,1,36,5,-2,-1,4,5,-8,1,9,4,5,1,-1,5,6,4,4,0,2,-6,-31,-3,9,6,-3,0,-1,-1,-1,-1,1,6,1
KR_6773967319,420,4,114,4,15,2,2,0,1,5,4,-1,0,1,12,15,3,1,2,1,0,15,16,5,2,7,-5,0,3,1,-1,1,1,5,1
KR_6768763503,420,-2,0,9,-5,5,5,0,1,5,4,-3,2,5,-2,3,5,-6,2,8,0,-9,2,-1,4,3,1,0,0,-1,1,1,-1,3,1
KR_6769462019,440,-1,-33,-4,3,1,3,2,2,3,1,-1,2,3,1,2,1,0,0,0,0,6,-6,0,4,4,2,0,-1,-1,1,-1,-1,4,1
KR_6768385586,420,6,87,22,15,1,5,4,4,6,2,0,3,3,4,5,1,6,6,0,1,8,4,3,3,6,3,0,2,-1,1,1,1,5,1
KR_6772090656,440,4,27,-2,8,2,3,1,-1,1,2,-1,3,4,0,0,0,8,8,0,0,3,-36,-1,7,6,5,0,1,1,-1,1,-1,5,1
KR_6773791721,420,-1,41,-8,-1,4,4,0,-2,1,3,1,2,1,-2,2,4,-2,0,2,0,-6,2,3,5,8,-1,0,1,-1,1,1,1,1,1
KR_6777747124,420,-2,13,-18,0,-1,3,4,2,6,4,-2,9,11,3,4,1,-2,1,3,0,-12,13,4,5,9,3,0,0,-1,-1,0,1,3,1
KR_6775374319,420,0,-2,12,0,2,4,2,-3,0,3,1,1,0,1,5,4,-1,0,1,0,2,3,2,6,8,1,0,1,-1,1,1,1,4,1
KR_6769339312,440,5,88,-4,14,0,1,1,6,11,5,2,3,1,1,4,3,5,6,1,0,9,2,6,2,8,1,0,1,1,1,1,1,5,1
KR_6755831532,420,3,-15,16,7,-1,1,2,3,4,1,3,3,0,2,2,0,0,1,1,0,3,3,1,4,5,3,0,0,1,0,0,1,3,1
KR_6755008209,420,1,40,-22,3,0,0,0,5,8,3,1,1,0,-1,1,2,-2,1,3,0,3,-4,-1,9,8,5,0,0,-1,1,0,-1,3,1
KR_6769639229,420,1,26,-18,7,-4,0,4,6,8,2,1,2,1,2,3,1,2,3,1,0,9,-21,4,1,5,-2,0,0,1,1,0,-1,4,1
KR_6776870738,440,0,-10,8,11,6,7,1,1,3,2,2,4,2,2,3,1,0,1,1,1,18,5,1,5,6,1,0,1,1,1,1,1,3,1
KR_6737771485,420,1,-28,32,2,0,5,5,1,3,2,3,3,0,-1,1,2,-1,1,2,0,-1,-5,-6,9,3,3,0,-1,1,1,-1,1,3,1
KR_6645824560,420,0,-66,6,-1,1,1,0,2,4,2,0,3,3,-5,2,7,1,1,0,0,-2,-6,3,6,9,3,0,0,1,1,0,-1,3,1
KR_6745350528,420,4,19,19,8,3,5,2,-1,5,6,0,1,1,6,10,4,0,2,2,0,5,9,7,4,11,-4,0,1,1,1,1,1,3,1
KR_6776522232,440,-4,-33,7,-11,0,1,1,-1,1,2,0,8,8,-8,0,8,-2,1,3,0,-5,7,2,5,7,1,0,-1,-1,1,1,1,6,1
KR_6776002572,420,-1,-28,-19,4,2,2,0,0,1,1,2,4,2,2,4,2,-2,2,4,0,4,7,2,6,8,0,0,0,1,-1,0,1,2,1
KR_6755694483,420,-2,-15,9,3,1,1,0,-1,3,4,0,2,2,3,4,1,0,0,0,0,6,4,-1,8,7,0,0,0,1,1,0,-1,2,1
KR_6743094349,440,-1,42,-6,2,0,1,1,7,9,2,-2,3,5,-2,1,3,-1,0,1,0,5,11,8,1,9,-1,0,0,1,1,0,-1,6,1
KR_6777417459,420,0,45,12,1,2,2,0,1,4,3,0,1,1,0,2,2,-2,0,2,0,3,-8,-3,6,3,3,0,0,-1,-1,-1,-1,3,1
KR_6775415090,420,1,4,10,4,-6,1,7,5,6,1,0,0,0,6,7,1,-1,0,1,0,8,30,-1,7,6,3,0,1,1,1,1,-1,5,1
KR_6776448228,440,7,7,60,13,-1,2,3,1,3,2,2,2,0,8,12,4,3,3,0,0,13,11,1,6,7,-5,0,0,-1,-1,1,-1,6,1
KR_6766182998,440,-1,-35,11,3,0,1,1,-1,1,2,-2,4,6,3,4,1,3,3,0,0,3,16,-2,10,8,4,0,-1,1,1,-1,-1,1,1
KR_6767478440,420,2,-15,20,8,4,4,0,-1,3,4,1,6,5,2,3,1,2,3,1,0,7,7,-2,6,4,-3,0,0,1,1,1,1,6,1
KR_6767611442,420,3,28,5,6,-3,2,5,11,11,0,-5,2,7,-1,1,2,4,4,0,0,5,214,-5,6,1,6,0,2,1,-1,1,1,6,1
KR_6770774845,420,3,35,24,8,1,3,2,4,7,3,1,3,2,0,2,2,2,3,1,0,18,-1,-2,8,6,2,0,0,1,1,-1,1,3,1
KR_6776337194,420,1,65,8,0,-2,1,3,3,5,2,1,2,1,-1,4,5,-1,1,2,0,0,-21,7,4,11,-4,0,1,1,-1,1,1,3,1
KR_6775028220,420,3,17,12,8,-1,1,2,6,6,0,0,2,2,4,7,3,-1,1,2,0,22,6,-3,7,4,4,0,1,1,1,1,1,4,1
KR_6711360523,420,0,26,-32,2,3,4,1,-3,1,4,-2,4,6,4,4,0,0,2,2,0,0,34,3,5,8,-2,0,1,1,1,1,1,5,1
KR_6768822924,420,1,-17,0,10,-5,0,5,4,5,1,6,6,0,5,8,3,0,1,1,0,21,-2,0,5,5,-3,0,1,0,1,1,1,0,1
KR_6677038956,420,6,48,65,7,2,4,2,7,8,1,-2,4,6,-1,1,2,1,2,1,0,0,-3,-5,7,2,-4,0,-1,1,0,1,-1,2,1
KR_6777026420,420,2,38,33,-3,0,1,1,1,2,1,0,3,3,-4,1,5,0,2,2,0,-6,-37,-2,8,6,-3,0,0,1,-1,0,1,3,1
KR_6774678039,420,6,39,20,12,1,2,1,4,4,0,6,7,1,1,4,3,0,1,1,0,12,35,8,1,9,3,0,0,1,1,1,-1,1,1
KR_6735266039,420,3,3,28,7,-1,1,2,6,9,3,1,2,1,2,3,1,-1,0,1,0,13,24,6,4,10,1,0,1,1,-1,1,-1,3,1
KR_6749171705,420,2,65,12,3,-2,3,5,0,1,1,0,1,1,4,5,1,1,1,0,1,4,-16,2,6,8,1,0,-1,1,-1,-1,1,5,1
KR_6747113927,420,-1,59,-12,-7,-4,1,5,-3,6,9,-2,0,2,1,4,3,1,2,1,0,-6,3,3,6,9,3,0,1,1,-1,1,1,5,1
KR_6753654158,420,2,46,-20,9,2,2,0,5,7,2,-5,1,6,7,7,0,0,1,1,0,3,7,3,6,9,0,0,0,-1,-1,0,-1,1,1
KR_6774013979,420,3,11,0,10,-1,0,1,4,5,1,5,6,1,1,1,0,1,1,0,0,15,-19,-1,5,4,1,0,2,1,1,1,1,2,1
KR_6777825067,420,3,64,-24,1,1,1,0,1,3,2,0,1,1,-1,1,2,0,1,1,0,2,-2,2,5,7,2,0,1,-1,1,1,1,3,1
KR_6741713460,420,0,37,-9,0,-2,0,2,2,3,1,-1,3,4,0,2,2,1,1,0,0,12,50,-4,9,5,8,0,1,1,-1,1,-1,6,1
KR_6767559055,420,-3,16,6,-4,0,1,1,-2,0,2,-2,1,3,0,3,3,0,1,1,1,-11,8,1,3,4,2,0,0,-1,0,0,1,5,1
KR_6757327378,420,2,27,16,4,-4,0,4,-1,3,4,2,4,2,6,8,2,1,2,1,0,10,-19,5,7,12,-1,0,0,1,-1,-1,-1,2,1
KR_6685448330,420,1,67,-16,1,-1,2,3,0,3,3,2,3,1,1,2,1,-1,0,1,0,4,11,6,3,9,5,0,0,1,-1,1,1,1,1
KR_6772882224,420,0,-14,4,2,1,2,1,-1,4,5,0,0,0,1,2,1,1,2,1,0,-6,4,0,6,6,3,0,-1,1,-1,-1,-1,6,1
KR_6767840187,440,2,59,4,1,1,3,2,-2,1,3,-4,0,4,4,5,1,2,2,0,0,2,2,2,3,5,-1,0,0,-1,1,1,1,2,1
KR_6746071381,420,2,20,-1,7,-1,1,2,11,13,2,-2,3,5,1,1,0,-2,1,3,0,7,4,-4,8,4,-7,0,2,1,1,1,-1,1,1
KR_6742421892,420,4,74,-5,8,-1,1,2,3,4,1,2,3,1,3,3,0,1,1,0,0,9,12,-1,9,8,0,0,1,-1,1,1,-1,3,1
KR_6774617221,420,1,-18,15,11,5,5,0,3,4,1,2,3,1,-1,1,2,2,3,1,0,9,1,-1,5,4,3,0,1,-1,1,1,1,6,1
KR_6764223107,420,-4,-28,-37,4,0,0,0,0,4,4,2,4,2,2,4,2,0,1,1,0,5,2,-2,7,5,4,0,0,0,1,1,1,0,1
KR_6759667131,420,1,66,-15,5,4,5,1,0,5,5,0,3,3,2,3,1,-1,1,2,0,6,6,8,4,12,-1,0,-1,-1,-1,-1,1,3,1
KR_6694465251,420,0,-58,4,7,-4,0,4,10,10,0,0,1,1,2,3,1,-1,0,1,0,17,8,3,5,8,-3,0,0,0,1,-1,1,0,1
KR_6700303211,440,0,-24,-8,7,3,4,1,2,5,3,-3,0,3,2,5,3,3,3,0,0,15,-7,-5,7,2,1,0,0,-1,1,1,-1,5,1
KR_6721573253,420,-1,28,37,3,-4,0,4,1,5,4,5,7,2,1,2,1,0,2,2,0,6,10,0,7,7,-4,0,-1,1,-1,-1,1,5,1
KR_6757482532,420,-2,21,16,-6,-1,1,2,0,2,2,0,3,3,-7,0,7,2,2,0,0,-11,-1,-6,9,3,1,0,1,1,1,1,-1,2,1
KR_6756389457,420,1,-58,2,6,1,2,1,0,2,2,2,5,3,1,4,3,2,2,0,0,17,6,-1,8,7,-3,0,3,-1,1,1,1,2,1
KR_6744961366,420,0,51,24,1,-3,1,4,-2,1,3,2,2,0,0,2,2,4,4,0,0,4,14,2,4,6,-1,0,1,1,1,1,1,1,1
KR_6773905426,420,-1,65,-18,10,1,1,0,2,4,2,0,4,4,5,5,0,2,3,1,3,24,-5,0,9,9,7,0,2,1,-1,1,1,3,1
KR_6661548912,420,3,23,16,3,3,3,0,0,5,5,1,3,2,-1,1,2,0,1,1,0,1,-3,-1,8,7,1,0,1,1,-1,1,1,6,1
KR_6771244433,420,-2,-18,-23,-1,3,4,1,-3,2,5,2,2,0,-2,1,3,-1,4,5,0,-3,10,7,1,8,-4,0,0,-1,1,0,1,1,1
KR_6767465012,420,2,64,29,7,2,2,0,-1,2,3,-1,0,1,7,9,2,0,0,0,0,9,153,4,5,9,-8,0,0,1,-1,1,1,1,1
KR_6697318474,420,6,83,25,13,7,8,1,4,5,1,-4,0,4,5,6,1,1,1,0,0,4,-110,4,7,11,3,0,1,1,1,1,1,5,1
KR_6753017403,420,0,-5,-2,7,3,5,2,-4,2,6,2,6,4,0,2,2,6,6,0,0,15,2,3,6,9,0,0,2,1,-1,1,1,3,1
KR_6759450261,420,-1,-18,-3,1,4,4,0,1,2,1,-1,0,1,-3,0,3,0,0,0,1,-6,-1,3,4,7,-7,0,0,1,1,1,1,3,1
KR_6686385809,420,1,-10,0,-4,3,3,0,-5,2,7,1,2,1,-3,1,4,0,2,2,0,-7,1,3,4,7,-3,0,-1,-1,-1,-1,-1,4,1
KR_6776931730,420,3,5,-1,10,-3,0,3,3,5,2,3,3,0,8,9,1,-1,1,2,2,18,-13,-6,9,3,4,0,1,1,-1,1,1,4,1
KR_6776639317,420,1,-23,-4,9,1,2,1,6,7,1,4,7,3,-2,2,4,0,0,0,-2,22,-2,4,5,9,3,0,0,-1,-1,0,-1,6,1
KR_6773234994,420,-3,-54,-15,2,5,7,2,-1,6,7,0,2,2,1,4,3,-3,0,3,0,8,-6,-3,7,4,1,0,-2,-1,1,-1,1,4,1
KR_6776016145,420,-1,13,-17,8,3,3,0,-4,0,4,3,5,2,4,7,3,2,2,0,0,10,-10,1,7,8,2,0,0,1,1,-1,1,2,1
KR_6765178633,420,-2,8,3,-1,4,4,0,-1,1,2,0,1,1,-2,1,3,-2,0,2,0,-12,-6,0,7,7,2,0,0,1,1,1,1,6,1
KR_6745552796,420,1,53,4,3,0,2,2,5,5,0,1,2,1,-2,1,3,-1,1,2,0,8,10,3,5,8,2,0,0,1,-1,0,1,4,1
KR_6777219686,420,0,-42,-24,3,2,5,3,0,2,2,2,4,2,0,3,3,-1,0,1,-2,10,3,3,5,8,-5,0,0,1,-1,0,-1,3,1
KR_6774474086,420,4,-44,7,7,-3,0,3,2,4,2,4,6,2,3,4,1,1,1,0,1,23,16,3,5,8,-5,0,0,1,-1,-1,1,5,1
KR_6725237210,420,3,75,-12,4,0,3,3,-1,0,1,1,2,1,4,5,1,0,4,4,0,4,5,-2,6,4,0,0,1,0,-1,1,1,0,1
KR_6775428330,420,6,99,-12,13,6,6,0,1,5,4,0,1,1,6,11,5,0,1,1,1,20,-1,0,5,5,-4,0,2,-1,1,1,1,2,1
KR_6766379455,420,3,-5,31,7,-1,0,1,2,3,1,4,5,1,2,2,0,0,1,1,0,8,-280,3,5,8,46,0,0,1,-1,0,1,4,1
KR_6725460705,420,1,34,3,3,1,1,0,1,3,2,2,3,1,0,3,3,-1,0,1,0,2,-82,-1,5,4,7,0,1,1,1,1,1,6,1
KR_6719803093,420,1,59,-21,-1,3,3,0,-2,0,2,-1,1,2,-1,3,4,0,1,1,-1,-4,-20,-5,9,4,5,0,2,-1,1,1,-1,6,1
KR_6767695757,420,-3,-23,9,-3,0,2,2,-2,1,3,0,0,0,-1,4,5,0,1,1,0,0,0,1,6,7,-2,0,-1,1,-1,-1,1,2,1
KR_6775302729,420,0,10,-14,5,2,4,2,2,4,2,0,4,4,0,4,4,1,1,0,0,9,-69,-3,8,5,-1,0,-1,1,-1,-1,1,1,1
KR_6768205897,420,-3,-35,-24,-3,1,2,1,-3,0,3,-4,0,4,1,2,1,2,2,0,0,-2,-39,-3,8,5,-3,0,-1,1,-1,-1,-1,6,1
KR_6766713468,420,-2,21,2,-1,3,4,1,-3,0,3,-3,1,4,2,2,0,0,0,0,1,-2,3,0,8,8,-2,0,1,-1,1,1,1,6,1
KR_6770582226,420,3,44,3,11,-1,3,4,3,4,1,5,5,0,3,4,1,1,1,0,0,10,219,-1,6,5,8,0,1,1,-1,1,-1,4,1
KR_6737617001,420,7,85,36,22,2,4,2,6,7,1,9,9,0,2,2,0,3,3,0,0,27,45,5,3,8,2,0,2,1,1,1,1,1,1
KR_6775000924,420,-1,-8,-14,1,-1,0,1,3,4,1,-1,1,2,0,1,1,0,1,1,0,2,14,4,4,8,-4,0,1,-1,1,1,1,2,1
KR_6673018681,420,9,72,45,16,2,3,1,3,6,3,4,4,0,6,7,1,1,2,1,0,17,16,-1,5,4,-2,0,2,1,1,1,1,5,1
KR_6751584108,420,1,-22,-35,3,0,3,3,3,7,4,0,1,1,0,1,1,0,0,0,0,3,-2,0,4,4,-2,0,0,1,-1,1,1,6,1
KR_6775680845,420,2,2,-14,10,6,6,0,0,2,2,2,3,1,2,3,1,0,1,1,0,21,-36,2,4,6,3,0,1,-1,1,1,1,5,1
KR_6772035231,440,4,23,24,13,4,5,1,-2,1,3,5,5,0,5,9,4,1,2,1,0,11,-2,2,4,6,1,0,1,-1,1,1,1,6,1
KR_6745912770,420,-2,-58,-7,-2,-6,0,6,0,2,2,-2,3,5,-2,2,4,8,8,0,0,3,22,-1,6,5,-1,0,-1,-1,-1,-1,1,3,1
KR_6736049224,420,6,71,44,11,4,6,2,4,5,1,0,1,1,3,4,1,0,0,0,0,13,7,-1,5,4,4,0,0,1,-1,1,1,3,1
KR_6776947011,420,3,35,64,0,2,2,0,-1,0,1,-1,1,2,1,2,1,-1,1,2,0,1,2,0,7,7,-1,0,1,1,-1,1,-1,6,1
KR_6770167677,420,1,-1,20,-2,1,2,1,-3,2,5,-5,0,5,4,5,1,1,2,1,0,-3,-9,-5,11,6,3,0,0,-1,-1,0,-1,5,1
KR_6773741526,420,5,45,20,12,4,5,1,4,5,1,0,3,3,3,3,0,1,1,0,0,16,-10,0,6,6,4,0,0,1,1,1,1,3,1
KR_6759806301,420,-2,-49,-3,0,-3,0,3,0,1,1,6,6,0,-3,5,8,0,1,1,0,4,0,-1,7,6,1,0,1,-1,1,1,-1,3,1
KR_6660264751,420,8,65,17,16,4,5,1,7,7,0,2,4,2,2,2,0,1,2,1,0,18,-1,3,5,8,3,0,0,1,1,1,1,5,1
KR_6775826663,440,2,-1,16,9,1,2,1,3,6,3,2,5,3,0,3,3,3,3,0,0,5,22,4,3,7,-3,0,0,1,1,0,-1,1,1
KR_6776178890,420,3,1,1,7,-1,0,1,1,5,4,2,4,2,3,5,2,2,4,2,1,11,4,4,4,8,-8,0,1,-1,1,1,1,1,1
KR_6766636470,420,2,98,7,10,3,5,2,5,5,0,-1,1,2,2,4,2,1,2,1,0,6,39,-2,8,6,-1,0,1,1,1,1,1,2,1
KR_6738084593,440,5,143,-3,7,1,3,2,1,2,1,1,3,2,5,5,0,-1,0,1,0,4,-10,0,6,6,-2,0,2,1,-1,1,1,6,1
KR_6662366963,420,6,128,20,12,4,6,2,0,1,1,5,6,1,1,3,2,2,2,0,0,11,-5,-2,9,7,6,0,4,1,1,1,1,3,1
KR_6775415410,420,4,95,59,7,4,5,1,2,4,2,0,1,1,-1,4,5,2,3,1,1,-2,-249,3,5,8,-5,0,6,-1,1,1,1,3,1
KR_6771237657,420,1,22,4,9,0,5,5,6,9,3,-1,2,3,3,3,0,1,3,2,-1,10,9,-1,6,5,1,0,2,1,1,1,-1,4,1
KR_6773617874,420,1,-38,18,15,-1,0,1,7,8,1,4,5,1,2,5,3,3,3,0,0,24,-3,-3,6,3,5,0,2,1,1,1,1,5,1
KR_6758307043,420,2,41,-20,11,5,5,0,3,4,1,6,7,1,-3,3,6,0,0,0,1,10,1,3,4,7,2,0,2,1,1,1,1,1,1
KR_6771112802,420,0,59,22,-14,2,4,2,-5,0,5,-6,1,7,-5,3,8,0,0,0,-1,-26,28,-1,10,9,-3,0,-1,-1,-1,-1,-1,5,1
KR_6773064019,420,1,20,24,-3,-3,0,3,-2,3,5,-2,1,3,0,2,2,4,4,0,0,-12,-2,-2,9,7,6,0,0,1,-1,-1,-1,2,1
KR_6777808335,440,2,-45,1,4,3,3,0,-2,0,2,4,6,2,4,4,0,-5,1,6,0,10,-4,1,3,4,1,0,0,1,1,1,1,6,1
KR_6745045672,420,0,-39,3,1,-1,0,1,2,5,3,0,4,4,1,5,4,-1,0,1,-1,8,9,-2,11,9,-7,0,0,1,-1,0,-1,3,1
KR_6773897869,420,-3,-8,-10,-8,-7,0,7,-5,1,6,-1,2,3,4,4,0,1,1,0,0,-4,-9,-7,10,3,-20,0,0,1,1,1,-1,5,1
KR_6767337748,420,4,7,31,6,-2,0,2,2,6,4,5,8,3,-1,1,2,2,2,0,0,10,-4,-2,9,7,3,0,1,-1,1,1,1,4,1
KR_6762465808,420,4,67,4,3,4,6,2,-2,0,2,0,0,0,0,1,1,1,1,0,0,-6,-2,2,4,6,1,0,1,1,-1,1,-1,2,1
KR_6770155978,420,2,82,0,6,2,3,1,-3,2,5,2,5,3,7,7,0,-2,1,3,0,9,1,2,4,6,-3,0,1,-1,1,1,1,6,1
KR_6772279572,420,0,-20,-17,-7,-3,0,3,-3,3,6,-1,1,2,2,3,1,-2,1,3,0,-6,24,3,5,8,-2,0,0,-1,-1,0,-1,4,1
KR_6675798943,420,3,52,4,6,4,4,0,3,5,2,-3,2,5,2,2,0,0,1,1,0,6,5,5,6,11,3,0,1,-1,1,1,1,4,1
KR_6777750356,420,1,-12,-24,10,2,3,1,2,2,0,0,5,5,3,5,2,3,4,1,0,13,11,6,6,12,-8,0,1,1,-1,1,1,2,1
KR_6713463063,420,0,34,-24,10,0,4,4,4,6,2,2,3,1,7,7,0,-3,1,4,0,16,6,7,7,14,0,0,1,1,-1,1,-1,1,1
KR_6721614788,420,-2,20,-40,3,-2,0,2,4,5,1,0,1,1,1,4,3,0,0,0,1,9,-16,2,8,10,5,0,1,-1,1,1,1,5,1
KR_6756823056,420,-1,-22,1,-1,0,0,0,1,5,4,-1,1,2,1,2,1,-2,0,2,0,8,-10,-1,7,6,5,0,0,-1,1,0,1,6,1
KR_6773700485,420,5,48,53,12,2,4,2,3,3,0,3,3,0,4,5,1,0,0,0,1,12,13,2,10,12,-2,0,3,1,1,1,1,4,1
KR_6760512679,420,2,14,3,2,-2,0,2,0,0,0,1,2,1,1,1,0,2,2,0,0,5,-27,6,2,8,-3,0,2,1,1,1,-1,6,1
KR_6690516969,420,1,-6,-3,-1,-1,0,1,0,4,4,-1,0,1,0,3,3,1,1,0,0,1,16,3,12,15,-5,0,1,1,1,1,-1,3,1
KR_6664970576,420,-1,-10,20,-4,-6,0,6,6,6,0,-1,1,2,-1,1,2,-2,0,2,-1,-2,1,3,3,6,1,0,-2,1,-1,-1,-1,4,1
KR_6751840168,420,0,-81,30,5,-2,0,2,5,5,0,-1,0,1,0,6,6,3,3,0,0,7,-6,-1,6,5,-1,0,0,1,1,1,1,1,1
KR_6743402851,420,5,50,4,11,-1,2,3,3,5,2,5,5,0,4,7,3,0,1,1,0,12,-142,3,3,6,1,0,0,1,-1,-1,1,4,1
KR_6682735364,420,-2,-24,-4,0,4,4,0,1,3,2,-1,0,1,-2,6,8,-2,0,2,0,-8,5,3,4,7,1,0,0,1,1,-1,1,6,1
KR_6736425859,420,3,23,47,8,0,2,2,3,8,5,0,1,1,5,5,0,0,0,0,1,8,-4,-4,6,2,2,0,1,1,1,1,1,3,1
KR_6700926732,420,1,50,55,5,-2,3,5,5,6,1,6,6,0,-1,4,5,-3,0,3,1,14,-13,-11,16,5,3,0,4,1,1,1,1,3,1
KR_6763625293,420,4,74,20,10,4,4,0,-1,3,4,2,6,4,4,5,1,1,3,2,-1,12,-1,-2,8,6,3,0,1,1,1,1,-1,1,1
KR_6729670445,420,2,36,20,5,3,4,1,-2,2,4,2,3,1,2,6,4,0,1,1,0,10,32,-3,10,7,8,0,2,1,-1,1,1,6,1
KR_6763297722,420,-1,-4,6,-4,-1,0,1,4,6,2,-3,1,4,-3,0,3,-1,1,2,0,-7,1,-1,7,6,-1,0,0,1,1,0,1,5,1
KR_6745880656,420,0,-82,-1,-1,-2,2,4,1,4,3,0,3,3,-2,1,3,2,3,1,0,-4,-86,-1,6,5,-1,0,-1,1,-1,-1,-1,3,1
KR_6771627372,420,4,59,8,9,3,5,2,4,5,1,-1,1,2,5,6,1,-2,0,2,0,4,18,2,2,4,-1,0,2,-1,-1,1,1,6,1
KR_6755932696,420,1,22,-23,0,-1,1,2,3,3,0,-3,1,4,2,5,3,-1,0,1,0,-1,10,4,4,8,0,0,-1,1,1,-1,-1,4,1
KR_6769903002,440,5,-28,28,17,2,6,4,7,10,3,1,1,0,-1,2,3,8,8,0,3,21,-1,4,0,4,1,0,0,1,1,1,-1,4,1
KR_6772297989,440,-2,-30,20,-2,0,0,0,4,6,2,-4,1,5,-3,0,3,1,1,0,0,0,-8,1,4,5,1,0,0,-1,-1,-1,-1,1,1
KR_6755805926,420,3,38,11,2,0,2,2,-1,3,4,-1,1,2,7,7,0,-3,0,3,0,9,-24,1,8,9,3,0,1,1,-1,1,1,3,1
KR_6766469592,420,1,15,-7,1,0,2,2,0,5,5,1,2,1,1,2,1,-1,0,1,0,2,-6,5,6,11,2,0,0,1,1,0,1,4,1
KR_6775274782,420,1,-16,25,0,-1,1,2,2,3,1,-1,2,3,1,5,4,-1,1,2,0,8,-6,2,4,6,2,0,1,-1,1,1,-1,1,1
KR_6761367545,420,0,17,8,4,-2,0,2,0,3,3,4,4,0,2,3,1,0,0,0,0,9,13,0,4,4,-4,0,0,1,-1,0,-1,4,1
KR_6770074414,420,1,92,-20,0,1,1,0,-2,2,4,0,3,3,-3,0,3,4,4,0,0,-3,11,-1,6,5,-9,0,0,-1,0,0,1,6,1
KR_6768724086,420,6,48,5,14,2,3,1,5,6,1,3,4,1,4,8,4,0,1,1,0,13,2,8,1,9,1,0,1,1,-1,1,-1,6,1
KR_6686368765,420,4,72,-14,20,4,5,1,1,2,1,2,5,3,10,12,2,3,3,0,2,27,18,2,7,9,8,0,1,1,1,1,1,5,1
KR_6691958319,440,-4,-34,-4,-3,0,1,1,1,1,0,-6,2,8,5,6,1,-3,0,3,-1,-1,-8,0,4,4,-2,0,0,0,-1,0,-1,0,1
KR_6768028570,420,1,-29,-18,4,2,2,0,5,8,3,2,5,3,-3,4,7,-2,0,2,4,12,3,3,8,11,-7,0,0,-1,1,1,1,6,1
KR_6772709578,420,1,-4,4,-1,1,4,3,0,2,2,1,4,3,-4,1,5,1,2,1,0,-10,30,-1,4,3,-17,0,0,-1,-1,1,-1,1,1
KR_6776807672,420,2,-4,33,1,0,1,1,4,6,2,0,0,0,-2,1,3,-1,0,1,0,-3,2,3,5,8,-5,0,3,1,1,1,-1,6,1
KR_6770102093,420,-1,16,3,-3,-5,0,5,-1,2,3,2,3,1,1,2,1,0,0,0,0,0,3,0,9,9,-3,0,0,1,1,0,1,6,1
KR_6768327616,420,6,46,25,9,3,4,1,4,6,2,3,3,0,-1,2,3,0,0,0,0,5,-9,-6,10,4,3,0,0,1,1,1,-1,6,1
KR_6727456697,420,2,0,-6,11,4,4,0,2,3,1,1,1,0,5,6,1,-1,1,2,0,17,19,3,4,7,-3,0,0,1,1,1,1,3,1
KR_6771200618,420,5,16,44,10,-2,1,3,2,4,2,8,8,0,1,3,2,1,1,0,0,6,10,2,3,5,0,0,1,0,1,1,-1,0,1
KR_6629004278,420,-3,-29,-17,-7,1,1,0,-6,1,7,4,4,0,-8,1,9,2,3,1,0,1,-2,-2,9,7,2,0,0,-1,1,-1,-1,1,1
KR_6765873945,420,1,57,4,-3,-1,1,2,-1,0,1,-3,1,4,1,3,2,1,2,1,-2,-5,-114,-4,9,5,3,0,1,-1,-1,1,-1,2,1
KR_6694483309,420,0,26,5,-1,2,4,2,-2,5,7,1,4,3,-2,3,5,0,2,2,0,2,-8,-4,10,6,6,0,1,-1,1,1,1,4,1
KR_6709713937,420,0,-16,3,0,2,5,3,-4,1,5,1,3,2,-1,1,2,2,2,0,0,-1,-4,4,6,10,5,0,0,1,-1,0,1,3,1
KR_6767745986,420,1,-40,27,3,2,2,0,1,2,1,-2,6,8,3,8,5,-1,1,2,1,-10,-8,-4,11,7,2,0,0,-1,-1,1,1,6,1
KR_6767237124,420,0,20,-36,4,1,1,0,-2,1,3,1,3,2,4,5,1,0,1,1,0,6,-4,3,6,9,-2,0,0,-1,1,0,1,4,1
KR_6777680137,420,6,60,8,11,5,5,0,2,2,0,2,3,1,3,3,0,-1,0,1,0,6,28,3,3,6,3,0,1,1,1,1,-1,1,1
KR_6773745047,420,4,41,4,6,4,4,0,2,2,0,-1,1,2,2,2,0,-1,0,1,0,7,37,-5,11,6,-5,0,0,-1,-1,1,1,5,1
KR_6719580625,420,3,75,6,10,0,2,2,5,8,3,6,8,2,0,1,1,-1,0,1,0,8,15,6,3,9,-4,0,2,-1,1,1,-1,2,1
KR_6768921152,420,2,2,26,4,0,0,0,3,6,3,2,4,2,0,3,3,-1,3,4,0,9,-2,0,3,3,1,0,2,-1,1,1,-1,5,1
KR_6772153164,420,3,-34,10,3,2,5,3,4,5,1,2,4,2,-5,0,5,0,0,0,0,2,2,4,6,10,-2,0,1,1,-1,1,1,3,1
KR_6763425747,440,3,-12,12,13,7,7,0,4,4,0,1,3,2,4,5,1,-3,1,4,0,4,-5,3,8,11,-3,0,1,1,1,1,1,6,1
KR_6775028823,420,1,-33,1,3,-2,0,2,6,7,1,3,3,0,-6,0,6,2,3,1,0,-5,2,-1,7,6,0,0,-1,1,0,-1,1,3,1
KR_6773142486,420,5,69,23,13,-1,0,1,-2,1,3,9,9,0,7,7,0,0,0,0,0,11,9,3,2,5,1,0,0,1,0,0,1,1,1
KR_6774903115,420,2,-29,25,9,2,2,0,4,5,1,0,1,1,2,3,1,1,2,1,0,9,-2,4,5,9,3,0,0,-1,1,1,1,5,1
KR_6775996527,420,-1,-10,4,5,1,2,1,3,4,1,1,1,0,1,1,0,-1,1,2,0,7,19,1,9,10,-7,0,1,-1,1,1,1,1,1
KR_6762932105,420,1,-7,-8,-2,0,2,2,-2,2,4,0,1,1,2,2,0,-2,1,3,0,-7,14,1,5,6,6,0,-1,1,-1,1,-1,4,1
KR_6766211515,420,7,77,11,14,2,3,1,2,2,0,3,5,2,5,5,0,2,2,0,0,12,21,6,4,10,-3,0,2,1,-1,1,1,6,1
KR_6766000959,420,1,6,17,6,6,6,0,-1,2,3,-1,0,1,2,5,3,0,1,1,1,9,19,6,6,12,7,0,0,1,1,-1,1,4,1
KR_6766169252,420,1,-35,-4,9,1,1,0,2,2,0,4,5,1,2,2,0,0,0,0,0,10,3,2,4,6,1,0,0,1,1,0,1,2,1
KR_6720007003,420,4,38,9,16,0,2,2,7,7,0,6,7,1,3,3,0,0,1,1,0,20,12,7,2,9,-2,0,2,1,1,1,1,1,1
KR_6758306478,420,0,50,-27,-2,1,2,1,-8,0,8,3,4,1,-1,1,2,3,3,0,0,-16,-9,-3,6,3,3,0,1,1,-1,1,1,2,1
KR_6776481937,420,1,53,29,1,4,5,1,-2,3,5,0,2,2,-1,6,7,0,1,1,0,0,142,1,4,5,1,0,0,-1,1,1,1,2,1
KR_6719963446,420,0,24,30,3,2,5,3,3,3,0,-4,1,5,0,2,2,2,3,1,1,-4,59,-6,9,3,-5,0,1,-1,-1,1,1,1,1
KR_6773068081,420,0,-20,4,4,0,2,2,0,5,5,5,10,5,-1,3,4,0,1,1,1,0,-19,0,6,6,-1,0,1,1,-1,-1,1,4,1
KR_6673176318,420,2,8,9,4,1,3,2,-1,2,3,-2,1,3,2,5,3,4,5,1,-1,2,8,8,5,13,1,0,-2,1,1,-1,1,5,1
KR_6749349240,440,2,-5,0,11,7,8,1,1,4,3,4,6,2,1,3,2,-2,1,3,2,5,5,0,3,3,-9,0,1,1,-1,1,-1,5,1
KR_6760264005,420,-1,-8,-26,-2,-3,1,4,0,1,1,-4,2,6,4,8,4,1,1,0,0,-7,12,3,4,7,-3,0,-1,-1,-1,1,1,1,1
KR_6756446476,420,-3,-25,-34,-3,5,5,0,-6,2,8,-4,2,6,0,6,6,2,4,2,0,0,-22,-2,7,5,-2,0,1,1,-1,1,-1,5,1
KR_6752085253,420,4,57,27,5,2,3,1,3,6,3,0,1,1,-4,3,7,4,5,1,1,0,10,-1,9,8,7,0,1,1,1,1,1,1,1
KR_6686091695,440,1,19,-8,4,-2,2,4,2,2,0,-1,0,1,6,7,1,-1,4,5,0,4,3,-4,8,4,1,0,-2,1,-1,-1,-1,4,1
KR_6775774857,420,3,135,-13,0,0,2,2,-3,2,5,-2,2,4,4,4,0,1,1,0,0,7,5,2,6,8,0,0,0,1,-1,1,-1,5,1
KR_6771746815,420,0,-20,8,-3,0,2,2,1,3,2,0,1,1,-2,0,2,-2,0,2,0,0,5,-1,6,5,-2,0,-1,1,-1,-1,-1,3,1
KR_6768370504,420,-1,-18,5,1,4,5,1,1,4,3,1,3,2,-5,2,7,0,1,1,0,4,-1,1,5,6,-3,0,1,1,1,1,1,1,1
KR_6721438179,440,2,38,52,3,-3,1,4,1,4,3,6,8,2,-1,4,5,0,1,1,0,-2,143,3,6,9,-3,0,-1,1,-1,-1,-1,1,1
KR_6750445239,420,5,51,9,14,1,4,3,0,5,5,5,5,0,7,7,0,1,2,1,0,16,10,2,4,6,2,0,3,1,-1,1,1,3,1
KR_6740402358,420,-1,-1,-16,0,2,3,1,-2,3,5,-2,2,4,1,4,3,1,3,2,0,-11,3,0,4,4,6,0,-1,1,0,-1,1,3,1
KR_6743403577,420,2,-14,38,3,-1,1,2,-2,1,3,6,7,1,1,1,0,-1,1,2,0,-5,30,-2,7,5,2,0,0,1,1,-1,1,6,1
KR_6730958218,420,5,0,24,8,1,1,0,2,5,3,-1,2,3,5,9,4,1,1,0,0,4,20,-2,8,6,9,0,0,1,-1,0,1,3,1
KR_6663164578,420,4,47,64,2,1,2,1,4,4,0,-4,3,7,1,4,3,0,0,0,0,-1,1,-1,8,7,-1,0,2,1,-1,1,1,2,1
KR_6721701452,420,2,10,4,2,1,3,2,0,2,2,0,6,6,0,2,2,1,2,1,-1,8,-7,-1,8,7,-3,0,0,1,1,0,1,6,1
KR_6775515282,420,3,-20,20,9,-4,0,4,2,6,4,-1,1,2,10,10,0,2,3,1,0,8,4,2,3,5,4,0,1,1,1,1,1,3,1
KR_6775620982,420,-1,-5,-22,-6,-2,0,2,2,4,2,0,2,2,-2,2,4,-4,2,6,0,-8,-11,-1,7,6,4,0,-1,1,1,-1,-1,5,1
KR_6775819490,420,6,82,-1,12,4,4,0,6,7,1,3,5,2,-2,6,8,1,2,1,0,14,15,6,5,11,0,0,2,-1,1,1,1,1,1
KR_6774461077,420,2,40,-12,1,2,5,3,-1,1,2,2,3,1,-1,1,2,-1,1,2,0,2,-34,0,9,9,3,0,-1,-1,1,-1,1,5,1
KR_6764209209,420,-4,-52,-14,-2,0,2,2,-4,1,5,1,1,0,2,7,5,-1,3,4,0,1,45,2,5,7,-2,0,-1,-1,-1,-1,-1,1,1
KR_6775400266,420,6,50,23,9,6,6,0,2,4,2,3,4,1,-2,2,4,0,2,2,0,4,-2,-2,6,4,5,0,1,1,-1,1,-1,6,1
KR_6767187336,420,0,21,16,4,-2,0,2,5,6,1,-3,2,5,2,3,1,2,4,2,1,9,3,5,4,9,4,0,1,-1,1,1,1,6,1
KR_6730936177,420,1,-7,-18,16,0,1,1,9,12,3,6,6,0,1,2,1,0,1,1,2,18,3,2,3,5,0,0,1,1,1,1,1,3,1
KR_6753232914,420,1,-6,23,3,3,3,0,1,2,1,2,3,1,-2,1,3,-1,1,2,1,1,-10,1,8,9,-2,0,0,-1,-1,-1,1,6,1
KR_6774051530,420,2,21,18,3,-4,2,6,6,7,1,2,4,2,0,2,2,-1,0,1,0,1,11,-2,6,4,0,0,0,0,1,-1,-1,0,1
KR_6777173306,420,1,58,-16,2,1,1,0,0,4,4,1,2,1,-2,1,3,2,3,1,0,5,2,4,7,11,3,0,0,-1,1,0,1,1,1
KR_6773154711,420,0,43,-42,3,3,3,0,-1,1,2,-1,3,4,2,3,1,0,1,1,0,3,-39,-1,5,4,27,0,1,-1,1,1,1,3,1
KR_6774252643,420,6,98,39,11,5,5,0,3,5,2,3,5,2,-1,2,3,1,1,0,0,1,5,3,5,8,4,0,2,-1,1,1,1,5,1
KR_6765189851,420,2,-9,16,7,2,2,0,2,4,2,5,6,1,-1,3,4,-1,0,1,2,13,7,5,6,11,0,0,0,1,1,0,1,2,1
KR_6763749766,420,1,-15,1,3,3,5,2,-1,1,2,1,4,3,-4,1,5,4,6,2,-1,5,-2,-3,10,7,-4,0,1,-1,1,1,1,4,1
KR_6772508137,420,0,29,8,9,3,4,1,4,6,2,4,5,1,0,2,2,-2,2,4,2,10,239,4,2,6,-3,0,2,1,1,1,1,2,1
KR_6684556337,420,4,82,11,6,-1,1,2,-3,2,5,4,4,0,7,9,2,-1,0,1,0,3,0,1,6,7,1,0,1,1,1,1,1,5,1
KR_6777651847,420,-1,-17,4,3,5,5,0,-6,2,8,1,2,1,0,3,3,3,3,0,0,-2,-19,3,7,10,-6,0,2,1,1,1,-1,6,1
KR_6770934782,420,-1,-48,-7,-3,2,3,1,0,4,4,-2,3,5,-2,3,5,-1,1,2,0,-11,6,-5,10,5,-9,0,-1,1,-1,-1,1,6,1
KR_6736967676,420,3,111,-16,9,1,2,1,4,5,1,7,9,2,-2,5,7,-1,0,1,1,2,-13,6,7,13,3,0,0,1,1,1,1,3,1
KR_6767246131,420,6,85,19,14,1,1,0,5,8,3,3,5,2,7,8,1,-2,3,5,0,9,10,4,4,8,-4,0,2,1,-1,1,1,2,1
KR_6775158285,420,4,84,21,8,0,1,1,2,4,2,2,2,0,2,6,4,2,2,0,0,8,9,0,7,7,-1,0,2,1,1,1,1,3,1
KR_6763739058,420,1,71,-16,6,5,6,1,1,1,0,-2,2,4,2,6,4,0,1,1,0,13,56,0,5,5,-7,0,0,1,-1,1,1,5,1
KR_6709139976,420,4,64,-11,9,-1,1,2,4,6,2,-1,2,3,3,6,3,4,5,1,0,10,-8,5,4,9,6,0,2,1,-1,1,1,4,1
KR_6775252153,440,2,53,5,8,-2,3,5,7,8,1,0,1,1,-1,2,3,4,5,1,-1,15,-3,-6,9,3,2,0,1,0,1,1,-1,0,1
KR_6775184070,420,5,49,19,16,3,4,1,3,4,1,1,2,1,8,10,2,1,2,1,0,18,2,2,5,7,6,0,2,1,1,1,-1,1,1
KR_6770470742,420,7,78,44,18,-1,1,2,6,8,2,5,6,1,3,3,0,5,5,0,0,6,19,10,3,13,-2,0,1,0,1,1,1,0,1
KR_6768266038,420,3,-2,0,8,3,4,1,6,7,1,2,4,2,-2,1,3,-1,0,1,1,9,29,1,4,5,1,0,0,1,-1,1,1,1,1
KR_6711031847,420,-1,-13,13,-3,2,2,0,1,2,1,3,7,4,0,0,0,-9,2,11,0,-5,-196,2,4,6,-4,0,0,-1,1,-1,1,4,1
KR_6774634971,420,3,-39,5,9,3,6,3,-2,2,4,0,1,1,7,8,1,1,1,0,0,6,11,3,4,7,-9,0,2,1,1,1,1,2,1
KR_6776052851,420,-2,33,-35,-6,-1,1,2,-1,1,2,-5,0,5,0,6,6,1,1,0,0,-1,-32,-1,6,5,2,0,0,1,-1,0,-1,6,1
KR_6774168363,420,7,127,25,20,8,9,1,1,3,2,0,1,1,8,11,3,3,4,1,0,17,13,1,7,8,6,0,2,0,0,1,1,0,1
KR_6748324711,420,3,72,21,8,-1,2,3,2,2,0,4,6,2,3,5,2,0,3,3,0,7,0,4,4,8,0,0,0,1,-1,1,1,1,1
KR_6770742483,420,2,31,16,0,1,1,0,-6,0,6,0,2,2,4,4,0,1,2,1,0,-3,1,1,4,5,-3,0,0,1,-1,0,1,3,1
KR_6776031416,420,2,-42,32,1,-3,0,3,3,9,6,1,3,2,-1,2,3,1,1,0,0,-5,5,-3,6,3,2,0,1,1,-1,1,-1,5,1
KR_6773212003,420,-1,20,8,-2,-1,1,2,0,1,1,-5,0,5,6,11,5,-2,0,2,-2,-1,-6,4,5,9,3,0,0,-1,-1,0,1,3,1
KR_6776350003,440,5,7,15,8,-1,3,4,2,2,0,-1,1,2,3,5,2,5,5,0,-1,11,4,0,4,4,0,0,1,0,0,1,-1,0,1
KR_6714617580,420,1,91,-6,1,4,8,4,0,4,4,3,4,1,-1,2,3,-5,1,6,0,-3,118,4,2,6,1,0,0,-1,1,1,1,4,1
KR_6774729503,420,-1,-18,-1,4,-2,1,3,2,3,1,2,3,1,2,5,3,0,1,1,0,7,32,1,6,7,-4,0,1,1,-1,1,1,2,1
KR_6763731996,420,5,45,19,7,4,5,1,-3,1,4,3,6,3,2,4,2,1,3,2,0,3,6,-2,8,6,-3,0,2,1,1,1,-1,5,1
KR_6777484748,420,1,59,-3,2,1,3,2,0,1,1,2,4,2,-1,3,4,0,0,0,0,4,-169,-1,5,4,1,0,1,1,1,1,1,2,1
KR_6725511003,420,4,35,40,10,1,1,0,3,5,2,1,4,3,3,5,2,2,2,0,0,8,34,-3,9,6,9,0,2,-1,1,1,-1,4,1
KR_6773954025,440,1,13,16,10,2,6,4,3,6,3,5,5,0,-4,0,4,4,7,3,0,8,10,0,7,7,-9,0,2,1,1,1,-1,3,1
KR_6763707813,420,-2,46,23,-8,-10,0,10,1,3,2,-3,0,3,4,5,1,0,0,0,0,5,2,1,5,6,-3,0,2,1,1,1,1,2,1
KR_6777379107,420,-3,45,-5,-7,2,3,1,-3,1,4,-6,0,6,1,3,2,-1,0,1,0,-10,-136,-4,5,1,-23,0,1,-1,-1,1,1,5,1
KR_6776553919,420,0,22,-13,-1,-1,0,1,0,2,2,1,2,1,-2,5,7,1,1,0,0,-5,12,1,7,8,1,0,0,-1,1,0,1,6,1
KR_6725451318,420,-1,-27,-1,-1,-3,1,4,-2,2,4,1,5,4,3,3,0,0,1,1,0,0,26,-6,13,7,0,0,-2,1,-1,-1,-1,5,1
KR_6728496811,440,4,107,12,2,1,4,3,2,5,3,2,2,0,-1,0,1,-2,0,2,0,-2,1,0,6,6,-3,0,2,-1,1,1,-1,2,1
KR_6679668487,420,2,51,7,6,0,5,5,2,6,4,5,6,1,-2,1,3,1,1,0,-1,12,5,0,5,5,0,0,1,-1,1,1,-1,2,1
KR_6772409600,440,2,19,-19,3,1,2,1,0,1,1,1,1,0,1,2,1,0,2,2,0,2,-17,2,1,3,-6,0,1,1,1,1,1,4,1
KR_6773727926,440,-3,-8,-8,1,2,5,3,1,2,1,-5,0,5,3,4,1,0,0,0,0,-4,-31,4,2,6,-3,0,1,-1,1,1,1,1,1
KR_6777328078,420,2,-45,11,-3,-1,0,1,1,1,0,-1,0,1,-2,1,3,0,0,0,0,-4,-5,-1,7,6,1,0,0,-1,-1,0,-1,3,1
KR_6762207443,420,-1,-20,11,-1,-1,1,2,1,6,5,0,4,4,0,3,3,-1,0,1,0,-4,20,-4,8,4,3,0,1,1,1,1,1,3,1
KR_6759784779,420,-4,-68,2,-4,-1,0,1,0,4,4,-3,3,6,-2,1,3,2,2,0,0,-4,2,-3,8,5,-1,0,-1,1,-1,-1,-1,5,1
KR_6769065757,420,3,24,19,10,0,1,1,4,5,1,3,4,1,4,5,1,-1,0,1,1,14,6,3,3,6,-2,0,1,-1,1,1,1,5,1
KR_6765818283,440,2,128,13,6,1,2,1,-4,1,5,7,7,0,3,4,1,-1,0,1,0,-10,1,0,6,6,2,0,3,1,1,1,1,2,1
KR_6775997841,420,0,15,1,1,0,4,4,3,6,3,-2,2,4,2,3,1,-2,0,2,1,-1,0,-1,8,7,3,0,0,1,1,1,1,2,1
KR_6776159820,420,3,75,19,0,5,5,0,2,5,3,-3,0,3,-2,0,2,-2,0,2,0,-9,-21,1,5,6,3,0,0,-1,1,0,1,1,1
KR_6770874515,420,-3,35,1,-4,3,3,0,0,4,4,-3,0,3,-3,1,4,-1,0,1,0,-14,256,4,5,9,-2,0,3,1,1,1,-1,5,1
KR_6766801233,420,0,61,-18,-1,0,0,0,2,2,0,0,3,3,-1,2,3,-2,1,3,0,-2,29,5,5,10,-3,0,-1,-1,1,-1,-1,6,1
KR_6776930683,420,2,78,2,0,0,1,1,-3,2,5,0,0,0,2,2,0,1,1,0,0,2,203,-2,5,3,3,0,2,-1,1,1,1,2,1
KR_6739792346,420,2,-18,29,2,0,1,1,0,7,7,-1,2,3,2,3,1,1,1,0,0,0,4,0,5,5,0,0,0,1,-1,0,1,3,1
KR_6777722908,420,1,-61,-3,3,0,3,3,-3,3,6,3,6,3,5,8,3,-2,2,4,0,13,1,0,8,8,-1,0,-1,-1,-1,-1,-1,2,1
KR_6775502249,420,0,15,-16,4,0,0,0,-1,3,4,1,3,2,3,6,3,1,1,0,0,11,-21,3,4,7,0,0,0,-1,1,1,1,6,1
KR_6777767270,420,5,45,28,12,5,6,1,0,1,1,3,3,0,4,5,1,0,3,3,0,9,11,1,3,4,3,0,1,0,1,1,1,0,1
KR_6644083603,420,0,38,-11,2,3,4,1,0,6,6,1,3,2,0,1,1,-2,0,2,-1,-3,-23,-2,9,7,4,0,0,-1,1,0,-1,4,1
KR_6683582275,420,0,26,5,6,6,6,0,1,3,2,0,1,1,-1,1,2,0,0,0,0,3,-31,0,6,6,3,0,1,-1,1,1,1,4,1
KR_6775283810,420,1,-11,0,-2,-2,3,5,3,4,1,0,3,3,-3,1,4,0,0,0,0,-4,3,-1,9,8,7,0,-1,1,1,-1,1,1,1
KR_6764674039,420,-2,-32,38,2,-3,2,5,2,4,2,8,9,1,-4,2,6,-1,1,2,0,-5,-43,-1,9,8,3,0,-1,1,1,-1,1,3,1
KR_6776939150,420,0,25,-21,10,4,4,0,-1,4,5,7,7,0,-2,1,3,2,3,1,0,10,-1,0,4,4,-4,0,1,1,1,1,-1,1,1
KR_6727082232,420,3,-8,4,4,6,7,1,2,6,4,0,1,1,-4,1,5,0,0,0,0,-2,-4,4,6,10,-2,0,1,1,1,1,1,4,1
KR_6768092913,420,3,15,-13,0,1,1,0,0,2,2,-1,2,3,-1,1,2,1,4,3,0,0,4,2,5,7,0,0,0,1,-1,0,-1,6,1
KR_6774192013,420,3,35,20,4,-3,1,4,-1,3,4,2,2,0,2,2,0,4,4,0,0,14,5,0,6,6,-5,0,0,1,1,0,-1,4,1
KR_6774787510,420,4,35,35,1,0,2,2,-4,1,5,5,7,2,2,3,1,-2,0,2,0,6,-43,-4,7,3,5,0,1,1,-1,1,-1,1,1
KR_6770820780,420,1,16,6,0,2,4,2,5,8,3,-7,1,8,0,6,6,0,1,1,0,-6,16,-2,8,6,0,0,0,1,-1,1,1,2,1
KR_6662971759,420,-4,-45,-8,-8,-4,0,4,0,4,4,-3,3,6,-2,0,2,1,1,0,0,-14,-39,-2,9,7,-3,0,0,-1,1,0,-1,4,1
KR_6772251937,420,6,104,34,5,2,3,1,3,3,0,-3,1,4,3,3,0,0,1,1,2,10,6,4,5,9,0,0,0,1,-1,1,1,3,1
KR_6775426225,420,-2,-25,-13,-8,-2,1,3,-3,0,3,-2,3,5,-1,3,4,0,2,2,-1,-11,-3,-5,10,5,1,0,0,-1,1,-1,1,4,1
KR_6776807124,420,2,25,-48,6,1,2,1,3,4,1,2,2,0,0,1,1,0,2,2,0,8,39,3,5,8,-1,0,0,-1,1,1,-1,1,1
KR_6776418847,420,-2,4,-21,-4,0,1,1,-1,0,1,0,0,0,1,4,3,-4,1,5,0,0,-47,2,3,5,20,0,-2,1,-1,-1,1,6,1
KR_6758479167,420,1,-5,-6,4,1,2,1,2,4,2,1,2,1,2,3,1,-2,1,3,0,6,-16,0,7,7,7,0,-1,1,-1,-1,-1,3,1
KR_6776979508,420,2,62,-2,6,7,7,0,-1,1,2,0,2,2,1,4,3,-1,0,1,2,8,-121,1,7,8,-3,0,-1,-1,-1,-1,1,2,1
KR_6775723368,420,2,10,8,3,0,1,1,2,5,3,0,2,2,2,2,0,-1,0,1,0,6,9,1,4,5,2,0,-1,1,-1,-1,1,2,1
KR_6756802763,420,2,5,19,1,-1,3,4,3,5,2,-4,2,6,2,2,0,1,1,0,0,3,19,-3,5,2,4,0,-1,1,-1,-1,-1,5,1
KR_6773558873,420,4,71,18,0,-2,0,2,0,0,0,2,3,1,2,4,2,-2,2,4,0,2,-5,1,3,4,-1,0,0,1,-1,-1,-1,5,1
KR_6772120177,420,1,9,-6,0,3,5,2,-3,2,5,-2,1,3,2,3,1,0,1,1,1,-3,6,0,8,8,-2,0,2,-1,1,1,1,6,1
KR_6719827939,420,7,47,-11,15,1,5,4,5,5,0,4,5,1,3,5,2,2,4,2,0,10,-1,2,2,4,-4,0,2,1,1,1,1,6,1
KR_6740804788,420,3,35,-21,-1,2,4,2,5,7,2,-7,4,11,0,4,4,-1,0,1,0,12,16,5,3,8,-4,0,0,1,1,0,1,3,1
KR_6773126074,420,3,43,-44,6,-1,0,1,2,4,2,0,1,1,2,3,1,3,3,0,1,10,-16,-2,12,10,8,0,1,1,-1,1,1,4,1
KR_6733120048,420,-1,22,-6,-6,-5,0,5,-3,3,6,3,4,1,0,1,1,-1,0,1,0,-10,-11,-4,7,3,-2,0,-1,1,-1,-1,1,5,1
KR_6774855750,420,2,-15,-11,4,-2,1,3,2,3,1,3,3,0,0,1,1,1,1,0,0,10,0,-1,3,2,-1,0,-1,-1,1,-1,-1,4,1
KR_6746634793,420,3,-7,-8,7,4,4,0,2,3,1,1,1,0,-2,1,3,2,3,1,0,3,-8,0,7,7,3,0,1,-1,1,1,1,1,1
KR_6765023364,420,1,34,3,2,0,1,1,-1,3,4,1,4,3,3,4,1,-1,0,1,0,8,6,-2,10,8,2,0,0,1,-1,1,-1,5,1
KR_6673130052,420,6,78,-12,18,2,2,0,1,4,3,7,9,2,6,8,2,2,2,0,0,31,2,3,4,7,7,0,2,1,1,1,-1,6,1
KR_6773295149,420,3,24,4,9,4,5,1,2,6,4,-1,0,1,3,4,1,1,1,0,0,9,0,-2,6,4,5,0,1,1,-1,1,1,5,1
KR_6693055785,420,3,58,19,5,0,0,0,2,5,3,3,4,1,-1,0,1,1,2,1,0,5,-9,-3,8,5,2,0,0,1,-1,0,1,2,1
KR_6660002055,420,0,-8,42,3,1,2,1,-1,5,6,1,4,3,2,4,2,0,2,2,0,-3,-7,-4,8,4,4,0,0,-1,1,-1,-1,4,1
KR_6766865219,420,-3,-22,7,-6,0,3,3,1,4,3,0,1,1,-5,1,6,-2,0,2,0,-1,-18,2,5,7,-5,0,0,-1,1,-1,1,2,1
KR_6747204811,420,4,72,-12,13,4,5,1,0,3,3,5,8,3,4,6,2,0,1,1,0,16,64,4,2,6,1,0,0,1,1,1,1,5,1
KR_6679246867,420,1,57,-17,7,-1,1,2,2,5,3,3,5,2,4,6,2,-1,0,1,0,7,-9,5,4,9,-6,0,-1,-1,-1,-1,-1,4,1
KR_6671535770,420,-4,-18,3,-4,-1,0,1,-3,2,5,-2,1,3,2,5,3,0,0,0,1,-4,-42,-5,12,7,3,0,-1,-1,1,-1,-1,2,1
KR_6774166819,420,0,-11,-23,4,0,2,2,4,6,2,2,3,1,-2,1,3,0,0,0,1,5,-8,-3,9,6,3,0,-1,-1,-1,-1,1,4,1
KR_6745061340,420,3,88,-13,15,6,7,1,6,6,0,0,0,0,2,4,2,1,2,1,0,18,10,2,6,8,-3,0,2,1,1,1,1,6,1
KR_6773983316,420,4,56,8,10,3,3,0,-1,2,3,-3,0,3,10,12,2,1,2,1,0,11,11,4,7,11,0,0,1,1,1,1,1,5,1
KR_6766829832,420,0,-34,21,-2,1,1,0,-1,3,4,-2,2,4,1,1,0,-1,0,1,0,-3,-4,0,6,6,0,0,0,1,1,0,-1,3,1
KR_6729142270,420,6,-15,28,5,0,1,1,1,2,1,11,11,0,-5,1,6,-2,0,2,0,-6,-18,-1,8,7,0,0,2,1,1,1,-1,5,1
KR_6759839709,420,0,20,-4,1,1,1,0,-1,3,4,-1,4,5,4,7,3,-2,0,2,1,6,-5,-2,7,5,5,0,1,1,-1,1,1,1,1
KR_6771131309,420,4,-39,-12,8,-3,1,4,5,5,0,2,6,4,5,6,1,-1,0,1,0,21,-3,-4,10,6,6,0,0,1,-1,0,1,4,1
KR_6756072551,420,0,38,8,-4,1,2,1,1,2,1,0,1,1,-2,0,2,-4,2,6,0,-5,-3,-1,7,6,7,0,2,1,-1,1,1,5,1
KR_6764556130,420,1,-7,-19,10,4,4,0,2,2,0,0,2,2,6,7,1,-2,0,2,0,15,78,-4,10,6,3,0,1,1,-1,1,1,6,1
KR_6773881412,420,1,67,-9,3,2,3,1,2,3,1,-3,2,5,2,3,1,0,2,2,1,-3,5,4,5,9,1,0,0,1,-1,1,1,5,1
KR_6776920859,420,1,34,-12,-2,1,2,1,-4,3,7,1,2,1,0,4,4,0,0,0,0,-6,-23,4,11,15,3,0,1,1,-1,1,1,4,1
KR_6740977930,420,1,55,18,0,3,4,1,-1,2,3,-1,1,2,-2,1,3,1,1,0,0,-10,18,4,3,7,1,0,2,-1,1,1,-1,4,1
KR_6773579568,420,0,5,28,-1,0,4,4,-3,4,7,1,3,2,-4,1,5,5,5,0,0,-6,-9,-1,6,5,0,0,2,-1,1,1,1,3,1
KR_6674042414,420,1,116,-7,8,-1,1,2,-2,2,4,4,5,1,5,5,0,2,2,0,1,12,4,0,5,5,1,0,2,1,-1,1,1,3,1
KR_6776497220,420,3,37,16,8,0,3,3,6,6,0,3,4,1,1,3,2,-2,2,4,0,11,-1,2,5,7,3,0,0,1,-1,0,1,2,1
KR_6703493360,420,1,35,29,12,1,2,1,1,4,3,6,8,2,4,5,1,0,0,0,0,12,-106,4,5,9,4,0,0,1,-1,1,1,3,1
KR_6776613405,420,0,48,-7,-3,3,5,2,-3,1,4,-1,5,6,-1,0,1,-1,0,1,-1,-5,-27,3,0,3,2,0,1,1,-1,1,-1,4,1
KR_6760832400,420,-1,23,-17,-2,1,2,1,-2,2,4,5,5,0,-4,4,8,-2,0,2,0,-6,31,5,3,8,-6,0,-1,1,1,1,-1,2,1
KR_6776139495,420,0,-86,8,-2,-1,1,2,1,2,1,-2,1,3,-2,1,3,2,2,0,-1,-2,1,-1,4,3,0,0,-1,0,1,-1,-1,0,1
KR_6768812116,420,3,53,6,4,0,1,1,1,3,2,1,1,0,2,2,0,0,0,0,0,8,3,0,7,7,2,0,1,1,-1,1,1,4,1
KR_6765345725,420,-1,26,15,-1,-1,0,1,3,7,4,1,4,3,-2,1,3,-2,1,3,0,2,-1,-1,8,7,0,0,2,-1,1,1,1,4,1
KR_6673423993,420,3,104,-41,5,3,4,1,0,2,2,0,3,3,4,6,2,-2,0,2,0,1,1,2,7,9,4,0,1,1,-1,1,1,3,1
KR_6738255022,420,5,24,-2,9,6,8,2,3,4,1,2,3,1,-1,1,2,-1,0,1,0,2,130,1,6,7,-1,0,0,1,-1,0,-1,4,1
KR_6775927191,420,1,44,-26,2,-2,0,2,5,6,1,0,1,1,-1,3,4,0,1,1,0,1,8,8,3,11,1,0,1,-1,1,1,1,5,1
KR_6776726369,420,2,4,-12,4,-3,1,4,3,6,3,0,3,3,3,3,0,1,1,0,0,7,-11,-2,11,9,1,0,0,1,-1,1,-1,2,1
KR_6777228700,420,-3,28,4,-4,0,3,3,4,6,2,-4,0,4,-3,1,4,-1,0,1,0,-10,25,1,7,8,2,0,0,-1,1,0,1,1,1
KR_6769769370,420,1,20,19,-2,6,8,2,0,4,4,-4,0,4,-3,0,3,-1,0,1,0,-3,2,4,4,8,3,0,-2,-1,1,-1,1,3,1
KR_6768596707,420,1,-4,3,-4,-4,1,5,-1,1,2,0,1,1,0,1,1,1,1,0,0,-2,118,-3,5,2,3,0,2,-1,1,1,-1,4,1
KR_6774293565,420,8,106,17,15,0,0,0,7,9,2,4,7,3,-1,2,3,5,6,1,0,20,38,4,1,5,6,1,5,1,1,1,-1,2,1
KR_6738856485,420,3,29,-24,15,2,2,0,0,3,3,4,9,5,6,6,0,3,3,0,0,31,51,2,7,9,-4,0,2,-1,1,1,-1,3,1
KR_6775822521,420,8,45,59,17,2,3,1,8,8,0,1,3,2,5,7,2,1,2,1,-1,17,-15,1,3,4,5,0,1,1,1,1,-1,2,1
KR_6775395503,420,4,49,12,12,3,3,0,0,2,2,3,5,2,4,5,1,2,2,0,0,7,-14,3,2,5,-2,0,1,1,1,1,1,2,1
KR_6774250024,420,1,32,-9,-2,2,4,2,0,2,2,-1,0,1,-2,1,3,-1,0,1,0,-5,2,2,7,9,-2,0,-2,1,-1,-1,-1,6,1
KR_6773031018,420,5,-33,28,5,1,1,0,0,1,1,0,2,2,3,3,0,1,1,0,0,6,41,3,7,10,-5,0,0,1,1,1,1,5,1
KR_6695057929,420,-2,-13,8,-4,-3,1,4,1,5,4,-4,4,8,0,5,5,2,3,1,0,-7,-22,-8,12,4,1,0,-2,0,-1,-1,-1,0,1
KR_6771958631,420,2,8,4,1,2,2,0,0,2,2,0,2,2,-1,2,3,0,1,1,-1,-3,-2,-2,4,2,0,0,1,-1,1,1,-1,1,1
KR_6743317223,420,3,83,9,4,3,4,1,-1,3,4,2,3,1,0,2,2,0,0,0,0,-2,-6,0,6,6,-2,0,2,1,-1,1,1,3,1
KR_6684182747,420,1,46,-36,5,0,0,0,-1,2,3,7,7,0,-1,4,5,0,0,0,0,5,69,1,7,8,0,0,0,1,-1,0,1,1,1
KR_6749265593,420,1,14,-5,6,-2,0,2,5,5,0,-4,1,5,0,0,0,7,8,1,0,3,-63,2,5,7,-3,0,1,-1,-1,1,1,5,1
KR_6776472207,440,3,-2,18,12,4,4,0,1,3,2,0,2,2,4,4,0,3,3,0,0,16,-2,-1,10,9,-1,0,1,1,-1,1,1,2,1
KR_6775019216,420,0,-35,-14,1,4,9,5,2,6,4,0,1,1,-3,0,3,-2,0,2,-1,3,2,-1,10,9,3,0,-1,-1,-1,-1,-1,2,1
KR_6764497178,420,0,32,-25,0,2,2,0,-1,1,2,-3,0,3,1,5,4,1,2,1,0,-4,-41,-6,10,4,3,0,0,1,-1,-1,1,2,1
KR_6777700256,420,1,15,25,3,3,5,2,2,3,1,1,1,0,-2,3,5,-1,0,1,0,1,17,-1,5,4,2,0,0,-1,1,0,1,1,1
KR_6680581641,420,1,18,15,5,0,2,2,2,3,1,1,4,3,4,5,1,-2,0,2,0,7,0,1,3,4,3,0,0,1,-1,0,1,3,1
KR_6767542513,420,5,6,30,9,4,4,0,4,6,2,3,4,1,-2,1,3,0,1,1,0,14,214,-3,6,3,6,0,1,1,-1,1,1,3,1
KR_6775328321,420,-1,32,35,-6,-4,1,5,3,4,1,0,3,3,-5,1,6,0,0,0,0,-1,36,0,5,5,0,0,1,-1,-1,1,1,3,1
KR_6758695069,420,4,-12,16,11,1,2,1,-1,2,3,7,12,5,3,4,1,1,2,1,1,19,12,-1,9,8,-2,0,1,1,1,1,1,6,1
KR_6777145556,420,-2,-30,0,1,0,1,1,0,3,3,2,3,1,0,3,3,-1,1,2,0,2,-25,0,6,6,5,0,0,1,1,0,1,2,1
KR_6768451241,420,4,56,-8,4,2,3,1,0,4,4,3,4,1,-1,3,4,0,2,2,0,4,20,-2,7,5,0,0,2,-1,-1,1,-1,5,1
KR_6758259094,420,6,110,10,13,5,7,2,4,7,3,-4,0,4,8,8,0,0,0,0,1,17,6,2,3,5,1,0,3,1,0,1,1,2,1
KR_6770430121,420,3,53,20,9,1,1,0,5,5,0,2,3,1,0,0,0,1,1,0,0,11,4,0,3,3,3,0,1,1,1,1,1,2,1
KR_6776419120,420,1,16,27,5,-1,2,3,2,4,2,2,3,1,2,7,5,0,0,0,-1,4,-28,2,6,8,-1,0,0,1,-1,1,-1,3,1
KR_6735464295,420,2,13,12,5,3,4,1,-1,1,2,3,3,0,1,2,1,-1,1,2,-1,10,18,1,5,6,6,0,1,1,-1,-1,-1,2,1
KR_6761292508,420,-1,28,-36,3,0,3,3,-2,2,4,2,2,0,2,3,1,1,1,0,0,6,0,0,7,7,-3,0,0,1,-1,0,1,2,1
KR_6776940640,420,6,24,0,9,0,3,3,6,6,0,3,4,1,0,0,0,0,1,1,0,8,39,3,7,10,2,0,1,1,1,1,-1,2,1
KR_6772180648,420,4,28,6,0,1,1,0,0,2,2,-1,3,4,-2,0,2,2,4,2,-1,-3,8,5,2,7,-4,0,0,-1,-1,0,-1,2,1
KR_6770550196,420,4,7,18,4,2,3,1,0,3,3,3,4,1,1,5,4,-2,2,4,0,-2,1,-5,6,1,5,0,1,1,1,1,-1,5,1
KR_6660203852,420,1,85,-25,3,0,0,0,2,5,3,1,3,2,1,2,1,-1,0,1,0,10,5,-1,10,9,-8,0,0,-1,1,1,-1,5,1
KR_6745944652,420,0,-15,-5,4,0,1,1,-1,2,3,2,4,2,1,3,2,2,3,1,0,12,6,1,6,7,-1,0,0,-1,-1,-1,1,6,1
KR_6767248786,420,5,53,34,6,4,4,0,-3,2,5,5,6,1,0,3,3,0,0,0,0,4,1,3,4,7,4,0,2,1,1,1,1,3,1
KR_6686126198,420,5,58,6,9,2,3,1,0,1,1,0,2,2,6,6,0,1,1,0,0,17,1,-2,6,4,1,0,2,1,-1,1,1,2,1
KR_6776590834,420,-1,-59,-8,5,0,0,0,0,4,4,-1,0,1,4,7,3,2,6,4,0,5,21,0,9,9,-2,0,1,1,-1,1,1,2,1
KR_6772327126,420,0,24,3,0,3,4,1,-4,2,6,1,3,2,-3,4,7,3,3,0,0,-10,-46,4,1,5,27,0,1,-1,1,1,1,2,1
KR_6717754049,420,5,37,10,5,2,2,0,-1,4,5,0,3,3,4,5,1,0,0,0,0,3,14,5,4,9,0,0,2,0,1,1,-1,0,1
KR_6751267219,420,1,18,18,4,2,2,0,-2,1,3,0,1,1,3,4,1,1,1,0,0,3,-4,0,6,6,-1,0,1,1,1,1,1,1,1
KR_6772023299,420,2,55,8,2,2,3,1,2,2,0,-1,2,3,-2,3,5,1,2,1,0,-2,-2,2,2,4,3,0,2,1,1,1,-1,4,1
KR_6776836965,420,6,24,75,5,2,3,1,-1,2,3,2,3,1,2,3,1,0,0,0,0,-2,-1,7,2,9,-4,0,0,-1,-1,0,1,4,1
KR_6731358284,420,-2,-64,15,0,0,4,4,-1,1,2,0,1,1,1,5,4,0,0,0,0,13,235,3,6,9,0,0,-2,1,-1,1,-1,3,1
KR_6707545259,420,1,25,2,-1,0,1,1,3,6,3,-3,0,3,-2,2,4,1,3,2,1,-6,139,-2,8,6,-1,0,2,1,1,1,1,4,1
KR_6763675846,420,-1,-70,0,6,6,7,1,-2,0,2,3,4,1,0,3,3,-1,0,1,0,1,3,0,7,7,-1,0,0,1,1,-1,-1,4,1
KR_6777845467,440,6,1,40,10,1,3,2,-1,2,3,4,5,1,6,9,3,0,0,0,0,14,18,0,6,6,-1,0,1,1,0,-1,1,5,1
KR_6745641212,420,0,-56,16,4,0,2,2,4,4,0,-2,0,2,2,4,2,0,1,1,0,6,9,1,5,6,9,0,1,1,1,1,-1,2,1
KR_6755620751,420,6,69,48,9,3,5,2,3,5,2,3,3,0,-3,0,3,3,4,1,0,4,76,1,4,5,-22,0,2,1,1,1,1,5,1
KR_6730277713,420,2,2,28,13,3,4,1,1,4,3,0,3,3,2,2,0,7,7,0,0,17,-1,0,8,8,8,0,1,1,1,1,1,1,1
KR_6716071921,420,-1,-60,-1,-3,-2,3,5,0,3,3,1,1,0,-2,0,2,0,2,2,-1,-6,26,-6,9,3,8,0,1,-1,1,-1,-1,2,1
KR_6775857904,420,3,-19,-4,6,0,1,1,2,2,0,-5,0,5,5,5,0,4,4,0,0,9,1,2,2,4,1,0,1,1,-1,1,1,5,1
KR_6727697906,420,4,-17,25,12,2,2,0,7,9,2,0,2,2,2,4,2,1,1,0,0,16,4,2,4,6,2,0,1,1,1,1,-1,5,1
KR_6776110098,440,1,-6,-14,8,3,3,0,-4,0,4,1,2,1,4,5,1,4,6,2,-1,2,-32,-3,8,5,-1,0,1,0,0,1,-1,0,1
KR_6776644237,420,-1,13,-3,-1,0,1,1,-2,0,2,0,3,3,2,5,3,-1,1,2,0,-2,3,3,6,9,-6,0,0,-1,1,0,1,6,1
KR_6771502696,420,4,54,48,10,5,5,0,4,4,0,1,3,2,1,3,2,-1,0,1,0,13,-3,-1,8,7,1,0,3,1,1,1,1,1,1
KR_6766245177,420,1,22,7,5,0,0,0,4,5,1,-1,3,4,1,5,4,1,1,0,0,11,-5,4,5,9,4,0,0,1,1,0,1,1,1
KR_6775363001,420,0,44,-56,0,-1,4,5,-2,0,2,1,2,1,5,8,3,-3,2,5,-1,5,-41,5,4,9,1,0,1,-1,-1,-1,-1,3,1
KR_6719458001,420,2,13,0,4,-2,1,3,4,5,1,0,2,2,2,3,1,0,0,0,0,4,87,-1,9,8,4,0,0,1,-1,-1,-1,1,1
KR_6774105019,420,1,-18,-18,7,-1,2,3,2,4,2,2,3,1,1,1,0,3,4,1,0,9,6,4,5,9,1,0,0,1,1,0,-1,1,1
KR_6733017563,420,5,105,4,8,6,7,1,0,5,5,0,2,2,1,2,1,1,1,0,0,3,5,3,2,5,5,0,2,1,1,1,-1,1,1
KR_6777803954,440,-3,3,-24,-2,-4,0,4,-4,2,6,-1,0,1,7,7,0,0,0,0,0,8,13,2,4,6,-1,0,0,1,-1,1,1,1,1
KR_6768312482,420,-2,-11,0,5,1,3,2,-1,5,6,4,4,0,1,2,1,0,0,0,0,0,12,-4,12,8,3,0,0,0,0,0,1,0,1
KR_6742346948,420,-2,-36,12,2,-1,0,1,-3,2,5,4,6,2,1,5,4,1,1,0,1,-5,2,4,7,11,-4,0,-1,1,-1,-1,1,6,1
KR_6774093413,420,12,207,31,11,2,2,0,3,3,0,2,2,0,4,4,0,0,0,0,0,12,11,0,6,6,2,1,7,1,1,1,1,1,1
KR_6766652099,420,3,99,6,3,3,4,1,-6,0,6,2,2,0,4,6,2,0,0,0,0,-2,-17,0,8,8,2,0,1,1,-1,1,1,5,1
KR_6773917609,420,6,55,8,20,3,3,0,0,3,3,9,10,1,-1,5,6,9,9,0,1,20,42,9,4,13,-4,0,2,1,1,1,1,4,1
KR_6691638037,420,2,26,4,10,1,4,3,3,4,1,1,3,2,3,3,0,2,2,0,-1,9,5,0,8,8,-2,0,1,1,1,1,-1,1,1
KR_6777817114,420,3,61,-20,10,0,2,2,4,7,3,-1,1,2,-1,2,3,8,10,2,0,9,0,-2,8,6,8,0,1,1,1,1,1,2,1
KR_6756393841,420,2,-59,32,-3,-3,2,5,-3,2,5,1,3,2,1,1,0,1,1,0,0,3,50,5,3,8,-21,0,1,-1,1,1,-1,3,1
KR_6691502918,420,1,12,28,6,3,3,0,1,5,4,-6,1,7,7,9,2,1,2,1,2,11,-17,2,5,7,-2,0,2,1,1,1,1,6,1
KR_6776430206,420,3,30,16,5,0,3,3,1,3,2,-1,3,4,4,5,1,1,4,3,0,-3,5,-4,8,4,0,0,1,1,-1,1,1,6,1
KR_6768919891,420,4,70,-18,18,1,1,0,6,10,4,4,5,1,7,9,2,0,2,2,0,19,-6,3,5,8,3,0,1,0,1,1,1,0,1
KR_6675155624,420,4,63,-41,17,2,3,1,10,11,1,2,2,0,3,6,3,0,2,2,0,17,2,2,2,4,0,0,3,1,-1,1,1,6,1
KR_6777143199,420,3,43,-9,6,1,4,3,3,3,0,-2,0,2,2,4,2,2,2,0,0,7,3,4,4,8,-4,0,0,-1,-1,0,1,1,1
KR_6770522751,420,5,-33,55,2,3,3,0,0,0,0,4,4,0,-4,1,5,-1,1,2,0,1,7,-2,6,4,-2,0,1,1,1,1,-1,4,1
KR_6755600557,420,-2,17,-8,-7,-1,0,1,-6,0,6,-3,2,5,1,3,2,2,2,0,0,-8,0,1,4,5,1,0,0,1,-1,-1,-1,3,1
KR_6756691883,420,2,-12,-6,1,-1,2,3,1,4,3,1,3,2,-1,2,3,1,1,0,-1,-8,-29,-1,8,7,-5,0,-1,-1,-1,-1,-1,6,1
KR_6722535480,420,3,-13,-24,8,1,2,1,3,6,3,2,3,1,0,0,0,2,3,1,0,9,3,3,4,7,-5,0,1,1,1,1,-1,1,1
KR_6773458222,420,0,-11,33,2,3,3,0,-1,0,1,2,2,0,3,5,2,-5,1,6,0,-3,37,5,2,7,-7,0,2,-1,1,1,1,3,1
KR_6748894618,420,5,66,8,18,4,5,1,-1,1,2,4,7,3,6,8,2,5,5,0,0,12,13,1,7,8,4,0,1,1,0,1,1,2,1
KR_6719631280,420,6,56,-3,13,3,4,1,2,4,2,2,3,1,8,9,1,-2,0,2,-1,17,3,3,5,8,2,0,0,-1,-1,1,-1,2,1
KR_6755784900,420,-1,1,18,-7,2,3,1,-3,4,7,0,1,1,-4,1,5,-2,0,2,0,-8,-2,8,2,10,-9,0,-1,-1,1,-1,-1,4,1
KR_6674882249,420,5,133,-16,15,1,1,0,6,7,1,1,4,3,7,7,0,0,2,2,0,13,4,4,4,8,5,0,0,1,-1,1,1,4,1
KR_6745753316,420,2,69,-7,-3,-3,0,3,4,5,1,-1,1,2,-2,2,4,-1,0,1,0,-8,-1,4,6,10,-2,0,1,1,1,1,-1,4,1
KR_6749641642,420,1,-1,8,2,-4,0,4,3,4,1,2,3,1,1,4,3,0,2,2,0,1,18,-6,8,2,2,0,1,1,1,1,1,4,1
KR_6749945530,420,1,25,0,2,-2,0,2,1,5,4,-2,2,4,4,6,2,1,1,0,0,8,48,-4,6,2,2,0,-1,1,-1,-1,-1,2,1
KR_6777053607,420,4,47,19,12,5,6,1,4,6,2,5,5,0,0,1,1,-2,1,3,1,4,-42,-5,7,2,8,0,2,1,1,1,1,2,1
KR_6773964003,420,4,12,0,11,-2,2,4,5,6,1,3,4,1,-1,0,1,6,6,0,0,10,-30,5,5,10,1,0,0,1,-1,-1,1,4,1
KR_6763282190,420,6,103,17,11,4,4,0,2,5,3,6,6,0,-1,0,1,0,1,1,0,7,7,4,2,6,2,0,3,1,-1,1,-1,3,1
KR_6753055549,420,-1,39,46,-4,-1,0,1,-1,3,4,-2,1,3,1,2,1,-1,0,1,-1,-4,4,-1,10,9,-1,0,0,1,-1,0,-1,2,1
KR_6755931886,420,3,28,25,7,2,4,2,0,3,3,3,3,0,2,2,0,0,3,3,0,4,-4,-2,7,5,2,0,1,1,1,1,1,6,1
KR_6768859687,420,4,9,2,13,0,0,0,6,7,1,5,5,0,2,3,1,0,1,1,0,16,-8,-2,3,1,4,0,1,1,1,1,1,6,1
KR_6733008882,420,3,7,9,10,2,3,1,1,4,3,6,7,1,-1,4,5,2,2,0,0,6,18,5,3,8,1,0,0,1,1,1,-1,5,1
KR_6745997296,420,4,96,14,15,1,2,1,-1,4,5,5,6,1,10,13,3,0,1,1,0,11,10,5,4,9,-2,1,5,1,1,1,-1,2,1
KR_6769305142,420,2,-2,12,-1,-1,1,2,1,3,2,-3,1,4,3,4,1,-1,0,1,0,4,10,5,5,10,-4,0,0,-1,1,0,1,6,1
KR_6776547889,420,0,35,15,-3,3,3,0,-4,1,5,1,1,0,-1,1,2,-2,1,3,0,-3,5,1,8,9,4,0,0,1,-1,-1,-1,5,1
KR_6771283391,420,1,-18,13,8,3,3,0,5,6,1,0,0,0,0,1,1,0,0,0,1,7,-3,0,4,4,5,0,0,1,1,-1,1,6,1
KR_6719847342,420,4,37,24,7,2,2,0,0,2,2,4,5,1,2,4,2,-1,0,1,0,10,1,0,7,7,1,0,2,1,1,1,-1,5,1
KR_6739762282,420,3,72,4,8,2,3,1,4,6,2,3,4,1,1,1,0,-2,0,2,1,11,-22,0,6,6,0,0,2,-1,1,1,-1,4,1
KR_6776597779,420,-1,-47,11,-4,1,2,1,-1,2,3,3,3,0,-6,1,7,-1,0,1,0,-4,24,-5,11,6,0,0,-1,1,1,-1,-1,5,1
KR_6745845559,440,1,21,-12,6,-6,1,7,3,5,2,-1,3,4,10,11,1,0,1,1,0,11,3,1,4,5,2,0,1,1,0,1,-1,2,1
KR_6734767998,420,-2,2,-11,-10,0,1,1,-4,2,6,-5,1,6,-4,0,4,3,5,2,0,-9,5,2,8,10,-3,0,-1,-1,-1,-1,-1,6,1
KR_6773976886,420,-1,42,-2,8,4,6,2,-2,1,3,4,8,4,1,3,2,1,1,0,0,9,3,-1,7,6,-1,0,1,1,1,1,-1,3,1
KR_6759170709,420,4,57,35,14,-4,1,5,2,4,2,6,7,1,10,12,2,0,1,1,0,13,16,3,6,9,-1,0,0,1,0,1,1,1,1
KR_6742399110,420,5,60,48,12,-2,1,3,3,6,3,3,4,1,4,6,2,4,4,0,-1,13,-6,1,6,7,5,0,1,-1,1,1,-1,1,1
KR_6758327868,420,1,14,1,-3,-2,2,4,-1,2,3,-1,2,3,0,5,5,1,1,0,0,-5,3,-1,7,6,1,0,-2,1,-1,-1,-1,5,1
KR_6739312078,440,0,-39,54,4,-1,0,1,2,4,2,2,4,2,1,4,3,0,1,1,1,4,31,5,3,8,6,0,1,1,1,1,1,4,1
KR_6773628053,420,4,11,20,13,2,3,1,7,7,0,2,2,0,1,1,0,1,3,2,0,16,48,6,3,9,0,0,1,1,1,1,1,4,1
KR_6736463151,420,0,1,13,-3,-5,1,6,0,1,1,0,1,1,3,4,1,-1,0,1,-2,-2,-218,-3,6,3,-5,0,1,-1,-1,1,-1,6,1
KR_6763830629,420,6,71,15,13,0,2,2,2,3,1,2,2,0,6,7,1,3,3,0,0,20,1,-2,7,5,4,0,2,1,-1,1,1,1,1
KR_6774388186,420,1,29,8,7,3,3,0,-1,2,3,2,3,1,2,2,0,1,2,1,0,9,-2,2,5,7,2,0,0,1,1,0,1,1,1
KR_6720284749,420,5,4,19,13,0,1,1,2,4,2,10,11,1,0,4,4,1,2,1,-1,16,-6,-2,8,6,1,0,1,1,-1,1,-1,5,1
KR_6661930095,420,1,40,32,-2,2,2,0,-1,2,3,-5,0,5,1,2,1,1,1,0,-1,0,-9,-3,6,3,5,0,1,-1,-1,-1,-1,6,1
KR_6725906545,420,-3,-20,-1,2,-3,1,4,1,2,1,-1,1,2,4,9,5,1,4,3,0,9,3,-5,11,6,3,0,0,1,1,1,1,6,1
KR_6767288143,420,5,51,32,13,-3,2,5,5,8,3,4,6,2,3,4,1,4,4,0,0,3,-6,0,6,6,2,0,1,1,-1,1,-1,2,1
KR_6740864303,420,3,-14,20,3,-2,2,4,1,2,1,3,8,5,1,9,8,0,1,1,0,8,-2,4,5,9,0,0,0,-1,1,1,-1,2,1
KR_6771968326,440,1,43,28,0,1,1,0,-1,3,4,1,1,0,1,3,2,-2,1,3,0,-4,111,-2,7,5,6,0,0,-1,1,0,1,1,1
KR_6768143252,420,1,9,32,-3,-4,0,4,-1,1,2,-1,1,2,2,3,1,1,1,0,-1,4,63,0,4,4,5,0,0,1,1,0,-1,1,1
KR_6752306767,420,1,8,19,4,1,2,1,1,2,1,-1,3,4,2,4,2,1,2,1,0,5,2,4,3,7,-1,0,1,-1,1,1,1,5,1
KR_6737567488,420,2,29,32,4,-1,1,2,3,4,1,5,5,0,-3,0,3,0,1,1,0,9,425,-2,7,5,2,0,0,1,1,1,1,1,1
KR_6766894868,440,0,-48,24,-3,-4,0,4,7,7,0,-4,1,5,0,4,4,-2,1,3,0,2,-5,1,5,6,-3,0,-1,1,1,-1,1,1,1
KR_6775122640,420,4,66,19,12,2,3,1,3,3,0,6,8,2,2,4,2,-1,1,2,0,12,8,4,2,6,-1,0,1,1,1,1,1,3,1
KR_6756064859,420,1,9,-12,3,3,3,0,0,1,1,1,3,2,-2,1,3,1,2,1,0,7,12,-2,7,5,2,0,1,-1,-1,1,1,4,1
KR_6776622734,420,-2,-14,25,-7,-1,0,1,2,5,3,-3,0,3,-1,2,3,-4,0,4,0,-12,-7,-2,8,6,-1,0,1,-1,-1,-1,-1,6,1
KR_6698425617,420,1,2,26,-2,-7,1,8,6,6,0,-2,1,3,1,1,0,0,0,0,0,-2,7,2,5,7,-6,0,1,1,1,1,1,1,1
KR_6763508064,440,5,82,-8,9,3,4,1,1,2,1,4,4,0,1,1,0,0,0,0,0,7,12,2,4,6,1,0,1,1,-1,1,1,6,1
KR_6754564426,420,4,73,36,9,1,2,1,-1,2,3,4,5,1,4,6,2,1,1,0,0,11,5,4,5,9,3,0,2,1,-1,1,1,4,1
KR_6777269036,420,0,21,-25,4,-1,2,3,1,3,2,-1,2,3,5,6,1,0,0,0,0,-2,0,0,6,6,-3,0,1,-1,1,1,1,5,1
KR_6774974653,420,2,60,15,3,0,0,0,1,2,1,-1,1,2,3,4,1,0,2,2,0,6,12,-5,9,4,7,0,-1,1,-1,-1,-1,5,1
KR_6771870449,420,8,116,32,13,5,5,0,6,7,1,0,3,3,-1,1,2,3,3,0,0,19,-4,0,6,6,5,0,3,1,1,1,1,1,1
KR_6769553704,420,0,-37,17,-2,-1,0,1,0,3,3,3,5,2,-4,1,5,0,1,1,-2,-7,-21,-6,10,4,-4,0,0,-1,1,0,-1,2,1
KR_6711563203,420,3,63,8,-3,0,2,2,-2,5,7,-2,1,3,1,3,2,0,2,2,0,3,133,-1,5,4,-2,0,0,-1,-1,1,-1,1,1
KR_6777141061,420,-1,-24,0,1,0,0,0,-6,1,7,3,4,1,4,5,1,0,3,3,1,3,59,2,5,7,-1,0,1,-1,1,1,1,5,1
KR_6773812955,440,3,76,5,6,3,4,1,-1,3,4,-1,1,2,8,10,2,-3,2,5,0,-9,-2,-3,8,5,-2,0,2,1,1,1,-1,2,1
KR_6776137396,420,-1,61,6,5,-1,0,1,-3,2,5,5,8,3,3,6,3,1,1,0,0,3,-7,-3,8,5,3,0,3,1,1,1,1,3,1
KR_6776747221,420,0,39,-48,2,-1,1,2,9,9,0,0,3,3,-2,0,2,-4,0,4,0,10,-3,0,6,6,5,0,0,-1,-1,1,-1,5,1
KR_6777508521,420,1,-41,15,3,3,3,0,-1,1,2,-2,0,2,3,5,2,0,0,0,0,6,-2,2,8,10,1,0,-1,1,-1,-1,1,2,1
KR_6773239821,420,3,78,-8,13,2,3,1,7,10,3,2,2,0,2,4,2,0,0,0,3,14,-30,2,8,10,4,0,1,1,-1,1,1,2,1
KR_6777592887,440,1,-21,8,5,3,4,1,1,3,2,-1,1,2,2,3,1,0,0,0,0,-1,10,2,5,7,-1,0,0,1,1,0,-1,4,1
KR_6773011858,420,2,45,12,8,5,6,1,0,1,1,2,2,0,0,0,0,1,1,0,1,13,0,5,4,9,-4,0,1,1,-1,1,1,3,1
KR_6700855796,420,5,66,19,11,0,2,2,-3,2,5,0,2,2,7,10,3,7,7,0,2,15,8,3,8,11,4,0,2,1,-1,1,1,2,1
KR_6756049923,420,3,-7,47,4,3,6,3,3,3,0,0,0,0,-2,0,2,0,0,0,0,6,5,-2,9,7,1,0,1,1,-1,1,1,2,1
KR_6777580791,420,4,-17,23,12,-1,1,2,3,4,1,8,9,1,0,0,0,2,2,0,0,19,2,0,4,4,4,0,1,1,1,1,-1,3,1
KR_6760004975,440,3,16,4,9,6,6,0,4,6,2,1,3,2,0,1,1,-2,0,2,0,7,7,2,6,8,-3,0,1,-1,1,1,1,2,1
KR_6771873172,420,3,-11,-4,8,3,4,1,3,6,3,0,6,6,0,3,3,2,2,0,0,6,16,-5,10,5,4,0,1,-1,1,1,1,6,1
KR_6758747879,420,0,-8,-14,-4,-1,1,2,1,4,3,-3,2,5,1,1,0,-2,1,3,0,-8,37,1,5,6,-4,0,-2,-1,1,-1,-1,4,1
KR_6767366285,440,3,16,-17,10,2,5,3,-1,0,1,7,8,1,-1,4,5,3,3,0,-1,9,29,3,4,7,-2,0,3,1,-1,1,-1,5,1
KR_6751648766,420,3,6,24,4,0,2,2,5,6,1,-1,0,1,-1,1,2,1,2,1,1,3,44,-1,8,7,6,0,1,-1,1,1,1,4,1
KR_6774370652,420,3,-18,3,10,-3,1,4,5,5,0,2,2,0,5,5,0,1,1,0,0,30,40,-4,11,7,0,0,0,1,-1,-1,-1,5,1
KR_6774021486,420,3,9,29,4,3,3,0,-3,2,5,2,2,0,2,2,0,0,0,0,0,1,6,4,2,6,-2,0,1,-1,1,1,1,6,1
KR_6762425361,420,0,40,8,-1,-2,1,3,3,3,0,1,5,4,-4,1,5,1,1,0,0,10,50,3,4,7,-25,0,0,1,1,1,-1,4,1
KR_6774947121,420,2,22,19,13,3,5,2,-1,2,3,0,2,2,11,12,1,0,1,1,1,16,9,-1,7,6,1,0,2,1,0,1,1,3,1
KR_6710021278,420,4,69,4,7,1,3,2,-1,1,2,6,9,3,1,3,2,0,2,2,0,8,8,3,6,9,1,0,2,-1,1,1,1,4,1
KR_6768664426,420,9,120,79,20,7,8,1,8,10,2,3,10,7,3,5,2,-1,1,2,0,15,12,3,4,7,0,0,1,0,0,1,1,0,1
KR_6767523548,440,1,18,-9,6,0,1,1,1,2,1,0,0,0,-4,5,9,9,9,0,0,10,-1,-3,4,1,-1,0,1,-1,-1,1,-1,2,1
KR_6752659799,420,2,98,4,2,0,2,2,-2,0,2,0,7,7,2,4,2,2,5,3,1,7,15,3,6,9,-3,0,2,1,-1,1,1,1,1
KR_6774701357,420,7,91,21,11,0,1,1,2,3,1,3,4,1,4,6,2,2,2,0,0,14,-1,0,7,7,3,0,3,1,1,1,1,1,1
KR_6773445602,420,0,43,-4,-4,3,3,0,-1,1,2,-3,2,5,-3,0,3,0,2,2,-2,-8,-74,-5,5,0,2,0,-2,-1,1,1,-1,6,1
KR_6741892574,420,-4,24,4,-9,-1,1,2,2,3,1,-3,4,7,-1,3,4,-6,0,6,0,-11,-1,-2,7,5,-3,0,1,-1,-1,-1,-1,6,1
KR_6770264202,440,2,21,14,2,1,2,1,-4,3,7,0,1,1,2,4,2,3,3,0,-1,-4,-24,-4,7,3,0,0,0,-1,-1,0,-1,1,1
KR_6675567894,440,0,30,-22,0,-5,0,5,0,2,2,0,0,0,3,5,2,2,2,0,0,4,2,-1,6,5,5,0,1,0,-1,1,-1,0,1
KR_6760068437,420,2,47,12,2,-1,2,3,-1,2,3,0,1,1,3,4,1,1,1,0,0,6,31,-3,9,6,5,0,0,1,-1,-1,1,4,1
KR_6759448242,420,3,91,-11,5,-1,2,3,1,3,2,-1,3,4,7,7,0,-1,1,2,0,8,5,6,0,6,-6,0,2,-1,-1,1,-1,3,1
KR_6720865979,420,5,47,-3,13,0,1,1,5,7,2,8,9,1,2,4,2,-2,0,2,2,17,1,0,5,5,3,0,1,-1,1,1,1,3,1
KR_6774344509,420,2,2,8,8,3,4,1,-4,1,5,3,3,0,2,3,1,4,4,0,0,8,7,0,7,7,-3,0,0,-1,-1,0,1,3,1
KR_6729726018,420,4,-14,56,12,3,4,1,4,4,0,0,1,1,2,4,2,3,4,1,0,5,-4,8,3,11,4,0,1,0,1,1,1,0,1
KR_6771189689,420,2,54,-1,10,1,2,1,6,8,2,1,6,5,1,4,3,1,1,0,0,6,20,3,3,6,-1,0,0,1,1,0,1,1,1
KR_6771478748,420,2,-15,5,7,0,2,2,3,5,2,1,4,3,4,5,1,-1,0,1,0,13,-3,-5,10,5,1,0,1,1,-1,1,-1,6,1
KR_6775933566,420,2,-9,-4,0,1,1,0,-2,1,3,-2,0,2,4,5,1,-1,2,3,0,-5,-4,1,6,7,-3,0,1,-1,1,1,-1,4,1
KR_6777509355,420,1,6,-2,3,-2,1,3,0,2,2,3,3,0,2,2,0,0,0,0,0,6,-6,-1,8,7,13,0,1,-1,-1,1,1,3,1
KR_6774094857,420,0,-28,1,-2,-6,0,6,-3,1,4,0,1,1,2,2,0,5,5,0,0,0,99,0,8,8,2,0,1,1,-1,1,1,3,1
KR_6776502302,420,0,61,3,-5,-1,0,1,-1,4,5,-5,1,6,2,3,1,0,1,1,0,5,-52,-4,9,5,4,0,1,-1,1,1,1,4,1
KR_6684283364,420,0,17,-16,7,1,2,1,2,5,3,5,6,1,-1,2,3,0,1,1,1,8,17,0,4,4,0,0,0,1,-1,-1,1,5,1
KR_6720143826,440,1,6,-12,5,0,0,0,3,6,3,1,3,2,8,8,0,-7,3,10,0,7,1,5,2,7,1,0,-1,-1,-1,-1,1,2,1
KR_6755858092,420,2,29,0,9,4,4,0,2,6,4,-1,3,4,4,5,1,0,0,0,1,-2,-35,1,9,10,10,0,0,1,1,0,1,1,1
KR_6741570792,440,2,-30,-8,6,4,5,1,1,2,1,1,4,3,0,4,4,0,0,0,0,9,-3,-2,3,1,-3,0,1,-1,1,1,1,1,1
KR_6775852966,420,0,47,-17,6,1,2,1,-1,3,4,2,3,1,3,3,0,1,2,1,0,3,-105,3,5,8,-1,0,0,0,-1,0,1,0,1
KR_6776990014,440,4,73,8,6,0,1,1,3,4,1,0,3,3,3,5,2,0,2,2,0,3,-8,11,2,13,-1,0,2,1,1,1,-1,6,1
KR_6756901755,420,2,13,13,8,1,2,1,3,5,2,4,6,2,-1,2,3,1,1,0,0,9,-1,0,4,4,-2,0,1,-1,-1,1,1,4,1
KR_6775958995,420,0,-28,4,-3,-1,2,3,-3,1,4,1,3,2,-2,2,4,2,3,1,0,-1,-9,-2,7,5,-2,0,-2,1,-1,-1,-1,6,1
KR_6761478873,440,4,71,-16,7,2,2,0,0,3,3,-2,6,8,6,6,0,1,2,1,0,7,-40,3,3,6,-4,0,1,1,-1,1,1,1,1
KR_6667910275,420,7,103,34,9,3,4,1,4,6,2,2,4,2,0,2,2,0,1,1,0,3,-35,4,6,10,-7,0,4,1,1,1,1,2,1
KR_6768350695,420,4,81,42,10,4,6,2,8,9,1,-4,2,6,2,6,4,0,2,2,0,6,-50,-2,8,6,5,0,2,1,1,1,-1,6,1
KR_6760958170,420,2,52,32,3,-4,0,4,5,7,2,-2,3,5,5,6,1,-1,0,1,0,9,2,6,4,10,-4,0,0,1,-1,0,-1,6,1
KR_6766996644,420,-2,-2,6,0,3,3,0,-1,0,1,0,2,2,-3,0,3,1,1,0,1,-4,-37,-1,7,6,6,0,0,-1,1,0,1,2,1
KR_6689153168,420,-1,-5,3,4,1,1,0,-2,1,3,3,5,2,2,3,1,0,0,0,1,3,9,1,9,10,1,0,0,1,0,0,1,5,1
KR_6773688326,440,2,30,0,8,2,4,2,1,4,3,-1,0,1,4,4,0,2,2,0,0,7,-141,0,2,2,0,0,3,1,1,1,1,4,1
KR_6770786579,420,6,108,38,11,1,1,0,6,8,2,0,1,1,4,5,1,0,0,0,0,11,37,0,5,5,5,0,2,1,-1,1,1,1,1
KR_6634718458,420,7,66,28,20,6,6,0,5,5,0,3,5,2,5,9,4,1,1,0,1,29,1,-5,9,4,3,0,3,1,1,1,1,6,1
KR_6775515842,420,5,152,14,8,0,2,2,8,10,2,-3,2,5,1,7,6,2,4,2,0,12,-1,5,4,9,6,0,2,1,0,1,-1,5,1
KR_6775357996,420,3,-32,-5,6,1,2,1,-4,2,6,4,6,2,1,4,3,4,4,0,0,9,-19,-5,8,3,4,0,2,0,1,1,1,0,1
KR_6770763872,420,2,1,32,7,-2,0,2,3,5,2,-1,1,2,7,9,2,0,3,3,0,5,-4,-1,6,5,-1,0,-1,1,-1,-1,1,2,1
KR_6750230182,420,1,-35,8,2,-1,0,1,5,5,0,1,1,0,-3,0,3,0,1,1,0,3,33,3,5,8,-1,0,1,1,1,1,-1,5,1
KR_6768515495,420,2,9,-16,0,2,4,2,2,5,3,2,4,2,-2,2,4,-4,0,4,0,0,-231,1,4,5,-4,0,2,-1,1,1,1,5,1
KR_6756299128,420,1,41,-15,3,1,1,0,1,5,4,1,1,0,-1,3,4,1,1,0,1,7,165,3,3,6,2,0,2,1,1,1,1,3,1
KR_6642729203,420,-1,-58,-18,0,0,1,1,1,5,4,1,2,1,0,3,3,-2,0,2,-1,6,8,0,10,10,-5,0,-2,1,-1,-1,-1,5,1
KR_6734128802,420,2,-54,5,8,-3,0,3,3,3,0,5,6,1,2,3,1,1,1,0,0,12,12,-4,9,5,-9,0,1,1,-1,1,1,3,1
KR_6777888419,440,4,59,1,9,1,2,1,0,0,0,-1,0,1,7,8,1,2,3,1,0,7,2,-4,7,3,0,0,1,0,-1,1,1,0,1
KR_6745822318,420,-1,52,-4,4,-1,0,1,4,5,1,3,3,0,1,5,4,-3,0,3,0,2,82,0,6,6,0,0,-1,1,-1,-1,1,5,1
KR_6707745156,420,2,33,15,2,-2,0,2,-1,2,3,0,1,1,4,4,0,1,2,1,0,-1,24,-6,9,3,3,0,1,-1,1,1,1,5,1
KR_6771462294,420,0,13,-40,2,-2,1,3,-1,2,3,1,2,1,2,3,1,2,2,0,0,7,6,1,7,8,-2,0,0,1,-1,0,-1,2,1
KR_6777436415,420,4,83,0,7,4,4,0,-3,1,4,-1,1,2,6,8,2,1,3,2,0,3,-3,-6,9,3,1,0,3,-1,1,1,-1,4,1
KR_6714164460,420,3,-1,26,2,5,6,1,-4,2,6,0,1,1,0,4,4,1,1,0,0,-2,1,1,8,9,-3,0,1,1,1,1,-1,1,1
KR_6776050194,420,-2,32,7,-3,-1,1,2,-1,1,2,-1,2,3,-1,2,3,1,1,0,0,-5,2,-3,8,5,-1,0,0,1,1,0,-1,1,1
KR_6777292166,420,0,-54,16,4,1,1,0,-1,3,4,-1,3,4,6,7,1,-1,0,1,0,10,36,0,6,6,0,0,-1,1,1,-1,1,5,1
KR_6692202976,420,2,7,27,5,1,5,4,1,1,0,1,2,1,2,3,1,0,2,2,0,15,4,5,3,8,1,0,0,1,1,1,1,4,1
KR_6774907714,420,4,12,15,13,-2,1,3,4,6,2,3,4,1,6,6,0,2,3,1,0,22,47,2,4,6,-2,0,2,1,-1,1,1,2,1
KR_6776457308,420,1,-52,24,2,-1,0,1,1,8,7,0,2,2,2,2,0,0,1,1,0,7,2,2,5,7,1,0,-1,1,1,-1,1,1,1
KR_6776504087,420,5,91,-25,11,2,2,0,4,7,3,1,3,2,3,4,1,1,2,1,0,14,-2,0,6,6,0,0,1,-1,1,1,1,3,1
KR_6720369241,420,4,68,32,11,2,2,0,1,4,3,6,6,0,1,1,0,1,1,0,1,10,30,0,7,7,7,0,2,1,1,1,1,1,1
KR_6775901436,420,0,-7,-28,-4,-3,0,3,-2,0,2,-1,2,3,3,8,5,-1,0,1,0,-8,3,1,5,6,2,0,0,-1,-1,-1,-1,6,1
KR_6711857578,420,5,49,60,8,5,5,0,3,4,1,0,2,2,0,2,2,0,0,0,0,7,16,-4,9,5,6,0,1,1,0,1,1,4,1
KR_6710073292,420,2,32,22,6,-1,2,3,5,6,1,1,2,1,2,3,1,-1,0,1,0,2,0,-1,8,7,5,0,1,1,1,-1,1,6,1
KR_6704157388,420,6,56,25,18,3,3,0,4,5,1,1,1,0,7,7,0,3,4,1,1,24,14,6,3,9,-4,0,1,1,1,1,1,4,1
KR_6739212378,420,-1,12,-22,2,1,1,0,2,4,2,-4,8,12,4,6,2,-1,0,1,0,-6,-8,2,8,10,-7,0,1,1,1,1,-1,5,1
KR_6758359770,420,-1,13,-8,-4,-3,0,3,0,0,0,4,6,2,-6,1,7,1,2,1,0,-4,1,-4,11,7,3,0,1,-1,-1,1,-1,5,1
KR_6730196746,420,3,37,28,3,3,3,0,1,4,3,1,1,0,-2,1,3,0,0,0,0,0,9,3,4,7,1,0,1,1,-1,1,-1,2,1
KR_6771445996,420,0,1,-4,2,3,5,2,2,5,3,-3,1,4,1,3,2,-1,0,1,-1,1,35,-3,11,8,-8,0,0,1,-1,-1,-1,1,1
KR_6668751443,440,4,38,16,8,-1,0,1,2,3,1,0,4,4,5,5,0,2,2,0,0,5,-12,2,6,8,-2,0,1,1,1,1,1,1,1
KR_6769999839,420,2,-66,48,-3,-1,2,3,4,4,0,-3,0,3,-2,1,3,-1,1,2,0,-4,7,3,3,6,-5,0,0,-1,1,0,-1,1,1
KR_6770519619,420,-3,20,-16,-3,3,4,1,5,8,3,-8,1,9,-1,3,4,-2,2,4,0,-3,-45,0,6,6,12,0,-1,-1,-1,-1,1,2,1
KR_6673875755,420,5,49,-23,-5,-3,3,6,-2,2,4,-2,0,2,2,3,1,0,1,1,0,-6,10,-4,10,6,1,0,1,1,1,1,1,2,1
KR_6777705921,420,2,34,-4,1,1,3,2,-2,2,4,3,3,0,-2,1,3,1,1,0,0,-4,-7,-3,7,4,5,0,0,1,-1,0,1,2,1
KR_6761556378,420,2,47,0,4,-4,1,5,1,2,1,4,4,0,0,1,1,3,4,1,0,0,4,1,5,6,-3,0,1,1,-1,1,-1,6,1
KR_6766076387,420,3,18,-4,1,2,2,0,-1,1,2,3,3,0,0,5,5,-3,0,3,0,-4,-79,0,6,6,0,0,0,0,1,1,1,0,1
KR_6769864915,420,-1,25,4,-1,2,2,0,-5,1,6,0,0,0,1,3,2,1,1,0,1,-5,-6,-5,9,4,2,0,-1,1,-1,-1,1,4,1
KR_6777083823,420,1,65,-12,6,2,3,1,1,4,3,1,2,1,-1,5,6,3,3,0,0,6,-35,-1,6,5,2,0,2,1,1,1,1,1,1
KR_6774199857,420,3,57,-11,3,-2,0,2,2,2,0,3,5,2,0,4,4,0,1,1,0,3,2,-3,7,4,7,0,-1,1,-1,-1,1,2,1
KR_6768716725,420,0,37,-42,2,-3,0,3,-3,2,5,0,1,1,6,9,3,2,2,0,0,4,-57,0,6,6,25,0,-1,1,-1,1,1,5,1
KR_6763065734,420,1,-18,27,4,2,4,2,0,1,1,1,3,2,2,2,0,-1,0,1,0,9,5,6,5,11,0,0,-1,1,1,-1,-1,2,1
KR_6755754626,420,3,75,-8,12,1,1,0,3,3,0,3,5,2,2,5,3,3,4,1,0,14,-29,-3,7,4,4,0,1,1,-1,1,1,5,1
KR_6759531460,420,-1,13,-8,5,-2,0,2,5,9,4,1,2,1,3,3,0,-2,0,2,0,7,9,3,5,8,0,0,0,-1,1,-1,1,6,1
KR_6693729797,420,3,19,8,3,-4,0,4,4,6,2,3,3,0,-1,1,2,1,1,0,1,6,-2,-2,6,4,2,0,1,1,-1,1,1,4,1
KR_6775061433,420,1,-48,12,4,-1,0,1,2,3,1,0,0,0,-1,1,2,4,5,1,0,6,6,1,5,6,-7,0,0,1,-1,0,1,2,1
KR_6736773764,420,-1,48,-11,0,0,1,1,-2,4,6,-3,1,4,5,7,2,0,0,0,1,7,-35,6,2,8,2,0,-1,1,-1,-1,1,5,1
KR_6765577564,420,3,32,24,9,3,4,1,1,4,3,5,6,1,2,7,5,-2,0,2,0,9,53,3,5,8,-25,0,1,1,1,1,-1,2,1
KR_6768825481,420,0,26,4,-1,-1,3,4,1,1,0,-2,1,3,4,4,0,-3,0,3,0,-9,5,-3,9,6,-1,0,1,1,-1,1,1,3,1
KR_6767596355,420,7,75,56,15,1,2,1,4,6,2,0,2,2,9,9,0,1,1,0,2,35,27,-1,6,5,-1,0,1,1,1,1,1,3,1
KR_6771722088,420,-1,-11,4,0,-1,1,2,-2,2,4,-1,1,2,4,5,1,0,1,1,0,4,12,4,4,8,-2,0,-1,1,-1,-1,-1,4,1
KR_6775429247,420,2,29,-1,5,2,2,0,4,5,1,3,3,0,-3,1,4,-1,0,1,0,1,-2,-1,8,7,6,0,0,-1,1,-1,1,2,1
KR_6753093304,420,2,-9,-24,5,1,3,2,5,5,0,0,1,1,0,4,4,-1,0,1,-2,7,10,0,6,6,1,0,1,-1,-1,1,-1,4,1
KR_6775100121,420,0,-30,17,5,0,1,1,4,6,2,1,1,0,-1,2,3,1,1,0,0,8,-17,2,7,9,-4,0,-1,1,1,-1,-1,1,1
KR_6768556557,420,1,74,-19,1,-1,0,1,-1,3,4,2,4,2,1,2,1,0,0,0,0,-2,5,2,4,6,-2,0,-1,1,-1,-1,-1,1,1
KR_6704899014,420,0,8,-5,0,-4,1,5,3,6,3,0,3,3,3,3,0,-2,0,2,0,9,-2,0,8,8,7,0,1,1,-1,1,1,6,1
KR_6760620238,420,-1,-77,-21,-4,-8,0,8,1,5,4,3,5,2,-2,2,4,2,2,0,-1,-7,-1,-1,3,2,-1,0,-1,-1,1,-1,-1,2,1
KR_6772383194,420,5,-7,20,23,1,1,0,12,15,3,2,5,3,2,3,1,6,7,1,0,20,188,5,2,7,3,0,1,1,1,1,1,6,1
KR_6765411148,420,3,53,9,4,3,3,0,1,4,3,2,3,1,-2,3,5,0,0,0,0,0,10,-2,5,3,4,0,2,1,1,1,1,6,1
KR_6774623939,420,0,6,4,-9,-1,3,4,-3,1,4,-1,4,5,0,1,1,-4,0,4,0,-8,1,3,6,9,-1,0,-2,-1,-1,-1,1,5,1
KR_6768400410,420,2,-48,-16,9,1,3,2,0,2,2,3,4,1,3,3,0,2,5,3,1,5,10,0,5,5,-4,0,1,1,1,1,-1,1,1
KR_6735359106,420,3,25,0,3,0,2,2,0,4,4,1,2,1,0,1,1,2,2,0,0,-1,-15,-1,8,7,-3,0,-1,-1,-1,1,1,3,1
KR_6659214684,440,1,20,9,1,0,2,2,0,1,1,0,3,3,4,4,0,-3,0,3,0,-11,-1,0,10,10,1,0,1,1,1,1,1,4,1
KR_6720883197,420,-1,-24,-18,1,1,1,0,-1,1,2,-4,1,5,4,4,0,1,2,1,0,5,-11,-2,9,7,6,0,0,-1,-1,-1,-1,1,1
KR_6763584011,420,2,46,19,5,3,4,1,-2,0,2,4,7,3,1,3,2,-1,0,1,0,5,23,1,5,6,-3,0,0,1,1,1,-1,4,1
KR_6771027950,420,4,7,39,9,-1,3,4,1,2,1,6,6,0,2,5,3,1,1,0,2,13,-9,5,4,9,1,0,2,1,1,1,1,6,1
KR_6770957589,420,2,26,1,8,2,2,0,6,7,1,-1,0,1,2,5,3,-1,0,1,0,3,6,8,2,10,1,0,0,1,1,1,1,3,1
KR_6765144716,420,5,24,28,9,0,0,0,1,2,1,2,5,3,5,6,1,1,1,0,0,5,-36,3,2,5,-3,0,2,1,1,1,1,6,1
KR_6693154349,420,5,34,0,10,9,9,0,3,5,2,4,6,2,-3,1,4,-3,0,3,0,17,-15,-3,10,7,4,0,0,1,-1,0,-1,3,1
KR_6766627328,420,1,-21,19,2,1,3,2,-1,3,4,0,2,2,3,6,3,-1,2,3,0,-1,5,-3,10,7,-1,0,1,-1,-1,1,-1,1,1
KR_6775245905,420,1,58,13,-3,2,5,3,-5,3,8,0,5,5,-1,2,3,1,1,0,0,-6,-2,0,10,10,2,0,2,1,-1,1,-1,1,1
KR_6774595438,420,1,0,-1,5,1,2,1,3,5,2,4,5,1,-4,1,5,1,1,0,0,8,15,8,4,12,-2,0,0,1,-1,-1,1,4,1
KR_6777746391,420,4,34,-19,13,-1,3,4,1,2,1,2,3,1,10,12,2,1,1,0,1,18,6,5,5,10,1,0,0,1,-1,1,1,4,1
KR_6777238958,420,0,-33,6,4,-1,0,1,5,6,1,1,3,2,-2,1,3,1,1,0,0,6,0,0,8,8,8,0,0,1,1,0,-1,1,1
KR_6760850050,420,-1,-39,11,-1,4,5,1,-2,1,3,2,3,1,-4,0,4,-1,0,1,-1,-1,-3,1,4,5,-5,0,0,1,1,-1,-1,2,1
KR_6761846451,420,0,15,-4,-3,-5,0,5,0,0,0,-2,2,4,4,8,4,0,0,0,0,0,-20,2,2,4,-4,0,0,1,-1,0,-1,6,1
KR_6766043407,420,5,14,6,8,2,2,0,2,8,6,4,8,4,0,2,2,0,1,1,0,8,3,-3,8,5,5,0,1,1,1,1,-1,2,1
KR_6771414539,420,5,91,20,11,7,7,0,2,4,2,1,1,0,0,2,2,1,1,0,0,11,-19,0,4,4,4,0,1,-1,1,1,1,5,1
KR_6745122598,440,6,63,7,13,6,6,0,5,8,3,3,3,0,-3,3,6,2,4,2,0,8,19,-4,9,5,0,0,0,-1,1,-1,-1,2,1
KR_6777330147,420,1,-34,16,9,2,3,1,4,8,4,-2,1,3,4,5,1,1,3,2,0,5,-10,1,7,8,-2,0,-1,1,1,-1,1,3,1
KR_6713531774,420,0,53,-11,2,-5,0,5,5,9,4,3,4,1,-1,3,4,0,2,2,-1,13,-3,-2,8,6,3,0,1,-1,-1,1,-1,3,1
KR_6673812500,420,3,74,37,-3,2,2,0,2,4,2,0,1,1,-3,2,5,-4,1,5,0,-14,8,7,2,9,-5,0,1,1,1,1,-1,3,1
KR_6775346992,420,1,28,-9,3,2,5,3,1,4,3,1,2,1,0,1,1,-1,0,1,0,7,-36,-1,8,7,-4,0,1,-1,1,1,1,1,1
KR_6693273324,420,-1,-2,-9,1,1,4,3,1,3,2,0,1,1,-3,0,3,2,2,0,0,1,4,-1,6,5,-4,0,0,1,1,0,1,5,1
KR_6772200232,420,2,21,24,7,-2,0,2,9,9,0,0,1,1,0,2,2,0,2,2,0,10,1,2,5,7,4,0,1,0,1,1,-1,0,1
KR_6774451481,420,4,29,14,11,2,4,2,5,5,0,3,4,1,2,2,0,-1,0,1,1,13,9,1,6,7,4,0,0,1,-1,1,1,1,1
KR_6776253994,420,3,82,1,-4,0,1,1,-1,1,2,-1,2,3,1,6,5,-3,1,4,0,-1,4,0,8,8,-2,0,-1,1,-1,-1,-1,1,1
KR_6763527896,420,4,59,14,8,-1,2,3,4,6,2,3,4,1,1,4,3,1,1,0,0,9,7,-2,6,4,4,0,1,1,1,1,-1,3,1
KR_6772157711,440,-1,64,32,-3,-3,1,4,0,0,0,0,2,2,1,2,1,-1,0,1,1,1,3,-4,8,4,4,0,0,1,-1,-1,1,1,1
KR_6770449558,440,-1,-14,-28,0,2,2,0,0,1,1,-3,0,3,-1,3,4,2,2,0,0,3,-11,-4,9,5,2,0,0,0,-1,-1,1,0,1
KR_6774655991,420,1,-29,1,7,3,3,0,5,6,1,0,2,2,-4,2,6,3,3,0,0,3,0,2,5,7,0,0,-2,1,-1,-1,1,4,1
KR_6756569332,420,0,-91,42,3,2,4,2,-1,3,4,-1,1,2,3,5,2,0,1,1,0,4,16,6,4,10,-7,0,0,1,1,0,-1,1,1
KR_6696850487,420,3,29,52,5,-1,1,2,4,4,0,0,4,4,-1,2,3,3,3,0,-1,8,-25,-5,8,3,1,0,1,1,-1,1,-1,3,1
KR_6770014478,420,1,-22,9,3,3,3,0,0,2,2,-1,4,5,-1,1,2,2,4,2,0,1,3,-1,8,7,0,0,1,-1,1,1,1,2,1
KR_6770818591,420,4,22,29,6,0,2,2,3,5,2,0,1,1,3,3,0,0,0,0,0,7,150,3,6,9,4,0,1,1,1,1,-1,4,1
KR_6773117486,420,1,38,25,0,1,3,2,0,3,3,-3,0,3,0,1,1,2,2,0,0,1,113,0,7,7,4,0,0,-1,1,-1,1,6,1
KR_6777652346,420,5,53,0,13,3,4,1,3,4,1,0,3,3,7,7,0,0,0,0,0,11,-42,-5,9,4,10,0,1,-1,1,1,1,3,1
KR_6777186637,420,-2,37,-19,-3,-2,1,3,-6,1,7,2,6,4,1,7,6,2,2,0,-1,-5,4,2,6,8,1,0,-1,1,-1,-1,-1,3,1
KR_6753830232,420,4,49,6,12,1,1,0,9,10,1,2,5,3,0,5,5,0,1,1,0,14,3,2,4,6,-1,0,1,1,1,1,-1,1,1
KR_6739431195,420,4,47,21,10,-4,1,5,6,7,1,6,7,1,2,2,0,0,1,1,0,18,17,7,3,10,-2,0,1,1,-1,1,1,6,1
KR_6774434931,420,1,-57,-14,2,0,4,4,-2,1,3,0,2,2,5,5,0,-1,0,1,0,-4,11,-5,10,5,0,0,-1,-1,0,-1,1,3,1
KR_6775335459,420,3,14,8,8,0,0,0,5,6,1,4,5,1,0,1,1,-1,0,1,0,14,-1,-2,8,6,3,0,0,1,1,1,-1,5,1
KR_6761470332,420,0,-46,14,8,2,2,0,-2,2,4,3,5,2,7,8,1,-2,0,2,0,19,20,3,6,9,10,0,-2,1,-1,-1,-1,2,1
KR_6769663903,420,1,36,10,8,3,4,1,-1,2,3,2,2,0,7,7,0,-3,0,3,0,0,-2,0,6,6,0,0,1,-1,1,1,1,3,1
KR_6755940840,420,2,69,50,5,1,4,3,-1,2,3,7,8,1,-2,2,4,0,1,1,0,2,-5,-5,6,1,0,0,2,1,1,1,1,5,1
KR_6776129294,420,-2,41,7,-2,-2,1,3,1,4,3,0,2,2,0,2,2,-1,1,2,1,-6,16,-4,13,9,-1,0,0,-1,1,1,1,2,1
KR_6749298415,420,3,68,13,3,-2,2,4,0,2,2,1,3,2,2,2,0,2,2,0,0,4,10,-2,9,7,0,0,1,1,-1,1,-1,2,1
KR_6755533705,420,7,17,44,16,1,2,1,5,6,1,5,5,0,1,1,0,4,4,0,0,25,49,-1,6,5,1,0,3,1,1,1,1,2,1
KR_6770982307,420,0,-30,5,-3,-3,1,4,-3,1,4,8,8,0,-3,3,6,-2,2,4,-1,2,30,-3,8,5,3,0,-1,1,-1,-1,-1,4,1
KR_6721673913,420,2,6,-16,5,-1,0,1,5,7,2,0,0,0,-1,0,1,2,2,0,0,9,18,1,6,7,-1,0,0,1,-1,0,1,1,1
KR_6729652464,420,5,39,24,8,0,2,2,-3,1,4,6,7,1,2,3,1,3,3,0,0,7,2,-2,8,6,-4,0,-1,1,1,1,-1,4,1
KR_6757869240,420,4,6,31,10,5,6,1,-4,5,9,4,4,0,5,9,4,0,1,1,0,10,3,5,3,8,3,0,1,1,1,1,-1,1,1
KR_6763449590,420,1,-7,20,-5,1,3,2,-2,3,5,-2,4,6,0,1,1,-2,0,2,-1,-8,10,0,5,5,-2,0,1,-1,1,1,-1,5,1
KR_6696135349,420,-2,32,7,-3,0,0,0,0,3,3,4,6,2,-9,0,9,2,2,0,0,-10,15,-2,10,8,-7,0,0,-1,-1,0,-1,4,1
KR_6659876186,420,3,16,11,4,1,1,0,1,2,1,2,3,1,3,3,0,-3,0,3,0,10,34,0,9,9,-1,0,2,-1,1,1,-1,1,1
KR_6721409788,420,0,3,24,-6,1,4,3,-1,4,5,-3,2,5,-2,5,7,-1,1,2,-1,-2,-7,-6,11,5,0,0,1,1,1,1,-1,1,1
KR_6705119330,420,4,5,32,5,1,4,3,3,6,3,2,2,0,-1,4,5,0,1,1,0,6,5,1,7,8,3,0,-1,1,-1,-1,-1,2,1
KR_6654096773,420,-1,2,4,-5,-2,1,3,-1,2,3,0,2,2,-2,1,3,0,0,0,1,-6,-9,-8,10,2,0,0,0,-1,1,0,1,2,1
KR_6766853915,420,1,-52,34,6,-1,0,1,1,2,1,3,3,0,2,3,1,1,2,1,1,11,6,-4,10,6,1,0,1,-1,1,1,1,2,1
KR_6743767124,420,4,96,-16,15,-1,2,3,9,10,1,6,6,0,1,3,2,0,2,2,0,22,42,2,4,6,2,0,1,-1,1,1,1,4,1
KR_6761379025,420,-1,-4,-13,-11,1,4,3,-5,1,6,-4,2,6,1,2,1,-4,0,4,1,-9,-8,-4,9,5,1,0,0,-1,-1,0,1,6,1
KR_6772144057,420,1,13,-9,2,3,6,3,-4,1,5,3,4,1,0,2,2,0,2,2,0,2,48,-4,11,7,0,0,0,-1,1,0,1,3,1
KR_6760919202,420,-2,-3,9,-2,-6,0,6,-5,3,8,6,7,1,0,2,2,3,5,2,0,-12,-28,1,6,7,-3,0,0,1,-1,-1,-1,2,1
KR_6765127655,420,-3,-41,-22,-5,1,1,0,-4,1,5,-3,1,4,2,3,1,-1,1,2,0,-5,19,-2,7,5,-2,0,-1,-1,-1,-1,1,2,1
KR_6772709857,420,0,-9,24,-6,1,2,1,4,5,1,-7,0,7,-4,1,5,0,1,1,1,-14,-105,2,4,6,-1,0,1,-1,1,1,1,1,1
KR_6771382002,420,-1,35,5,-1,-5,1,6,4,4,0,-2,1,3,2,3,1,0,0,0,0,1,100,0,6,6,2,0,1,1,1,1,-1,6,1
KR_6773968635,420,6,8,50,7,0,0,0,5,5,0,4,4,0,-2,0,2,0,1,1,0,8,5,6,4,10,5,0,0,-1,1,1,-1,1,1
KR_6724002649,420,4,102,59,9,-1,1,2,0,3,3,6,10,4,4,10,6,0,0,0,0,9,-10,3,7,10,-1,0,2,1,1,1,1,2,1
KR_6775438833,420,6,67,55,11,4,4,0,3,3,0,1,1,0,3,3,0,0,1,1,0,9,8,3,3,6,1,0,3,1,1,1,1,6,1
KR_6772647463,420,3,93,35,7,9,9,0,2,7,5,-1,1,2,-1,3,4,-2,0,2,2,-6,26,6,6,12,-4,0,1,1,-1,1,1,6,1
KR_6661908666,420,2,-12,-15,10,-1,0,1,0,2,2,-1,1,2,11,13,2,1,1,0,0,12,1,1,5,6,2,0,1,1,1,1,1,2,1
KR_6770839907,420,5,29,24,12,1,2,1,10,10,0,3,3,0,-2,3,5,0,0,0,0,18,36,9,2,11,1,0,0,1,1,1,1,6,1
KR_6777331762,420,1,-19,2,-3,-4,1,5,0,3,3,4,4,0,-3,1,4,0,1,1,0,4,-19,-10,14,4,0,0,-1,1,-1,-1,-1,1,1
KR_6741032972,420,-1,-26,-10,2,1,2,1,1,2,1,-1,1,2,1,3,2,0,0,0,0,5,-46,-5,8,3,-3,0,0,-1,-1,0,1,5,1
KR_6751376206,420,0,61,9,0,3,4,1,1,3,2,-5,1,6,1,1,0,0,1,1,-1,-4,13,0,4,4,-1,0,0,1,-1,1,-1,3,1
KR_6777784754,440,-3,-19,-9,-5,-3,0,3,0,1,1,-2,0,2,1,2,1,-1,0,1,0,-5,8,1,5,6,-4,0,0,1,-1,-1,-1,6,1
KR_6773206379,420,7,100,52,15,5,6,1,7,8,1,1,3,2,1,2,1,1,2,1,2,8,4,6,2,8,6,0,1,1,1,1,1,5,1
KR_6773982128,420,0,-21,-19,-3,-4,3,7,3,6,3,-1,1,2,0,2,2,-1,0,1,0,4,31,-1,8,7,1,0,-1,1,-1,-1,1,5,1
KR_6777475492,420,7,74,8,13,3,5,2,6,7,1,1,4,3,0,3,3,3,3,0,1,34,28,-2,8,6,4,0,0,-1,1,1,1,5,1
KR_6767393521,420,0,1,36,-1,3,3,0,-2,2,4,-2,3,5,-1,2,3,1,4,3,0,-8,1,-2,8,6,-3,0,2,1,1,1,-1,2,1
KR_6764313478,420,1,23,-24,1,-2,1,3,3,3,0,0,2,2,-2,0,2,2,3,1,0,-10,-26,6,6,12,11,0,0,-1,1,0,1,1,1
KR_6773873466,420,2,16,-12,2,0,1,1,-4,3,7,5,5,0,1,3,2,0,1,1,1,5,9,5,2,7,-3,0,1,1,1,1,1,1,1
KR_6755422721,420,3,-18,16,7,-1,0,1,0,3,3,4,5,1,4,4,0,0,0,0,1,9,-10,5,3,8,1,0,0,1,-1,0,1,1,1
KR_6773663129,420,-3,-56,20,-1,-1,0,1,1,4,3,-1,2,3,1,4,3,-1,0,1,0,2,-10,-4,9,5,5,0,0,1,1,0,1,3,1
KR_6720447475,420,4,-14,5,10,7,7,0,-3,5,8,-3,0,3,6,6,0,3,4,1,0,6,-1,6,2,8,4,0,2,1,1,1,1,5,1
KR_6748355088,420,2,-20,3,2,-2,1,3,-2,2,4,5,5,0,0,1,1,1,4,3,0,7,-256,-6,10,4,4,0,-1,-1,-1,-1,-1,2,1
KR_6777264260,420,5,47,8,8,2,3,1,1,4,3,-1,2,3,6,7,1,0,0,0,0,10,-10,-2,10,8,0,0,1,-1,-1,1,-1,3,1
KR_6766034182,420,2,42,-12,5,-10,0,10,3,5,2,6,9,3,6,6,0,0,1,1,0,11,-214,-2,7,5,3,0,1,1,-1,1,1,1,1
KR_6760299357,420,3,43,9,6,3,4,1,2,5,3,2,6,4,1,2,1,-2,0,2,0,5,15,0,5,5,24,0,2,1,1,1,1,6,1
KR_6768656790,420,4,54,1,10,1,1,0,4,5,1,4,5,1,2,3,1,-1,3,4,0,13,2,4,4,8,-3,0,1,1,1,1,1,5,1
KR_6775770428,420,-1,-9,21,0,0,1,1,0,2,2,0,1,1,2,4,2,-2,0,2,1,2,-13,-3,11,8,-1,0,-1,-1,1,1,1,1,1
KR_6762417179,420,3,19,27,1,0,0,0,-2,3,5,2,3,1,0,2,2,1,1,0,0,0,-5,-1,9,8,3,0,1,1,1,1,-1,4,1
KR_6763153510,420,-2,-17,-4,0,2,3,1,-1,5,6,-1,2,3,0,1,1,0,2,2,-2,-1,-34,3,5,8,0,0,0,1,-1,0,-1,5,1
KR_6737464149,420,6,43,54,15,1,2,1,7,10,3,5,6,1,3,6,3,-1,0,1,1,14,24,2,6,8,10,0,2,-1,1,1,1,1,1
KR_6764874349,420,4,28,56,6,-5,1,6,5,10,5,3,3,0,0,1,1,3,4,1,-1,8,8,3,2,5,-4,0,3,1,1,1,-1,5,1
KR_6757560599,420,1,66,12,1,-1,1,2,1,3,2,3,5,2,-3,0,3,1,1,0,0,-4,-27,0,7,7,3,0,0,1,1,-1,1,3,1
KR_6768196426,420,1,-40,18,-2,-1,0,1,-3,0,3,-1,1,2,2,5,3,1,1,0,0,-3,-3,-4,10,6,5,0,1,1,-1,1,1,6,1
KR_6776016402,420,-1,11,11,-7,0,4,4,3,5,2,0,2,2,-9,1,10,-1,2,3,0,-5,-6,0,5,5,5,0,-1,-1,-1,-1,1,1,1
KR_6769346516,420,2,40,-46,8,-2,1,3,-1,1,2,3,3,0,9,9,0,-1,1,2,0,11,1,1,3,4,4,0,0,1,-1,1,1,1,1
KR_6770492581,420,3,115,20,5,-1,1,2,1,2,1,1,5,4,0,2,2,4,5,1,0,6,-26,0,4,4,5,0,2,1,1,1,1,1,1
KR_6746665163,420,0,-4,-8,5,0,0,0,2,5,3,4,4,0,0,3,3,-1,0,1,0,12,-12,0,8,8,2,0,-1,1,-1,-1,-1,3,1
KR_6772984667,420,3,36,12,7,0,0,0,3,3,0,4,6,2,-2,1,3,2,5,3,0,5,-8,1,7,8,-1,0,1,1,1,1,-1,6,1
KR_6776075544,440,11,180,56,19,5,5,0,4,5,1,2,3,1,6,7,1,2,2,0,0,22,7,8,4,12,-2,0,6,-1,1,1,1,5,1
KR_6770451486,440,-2,23,8,-3,1,1,0,-1,0,1,-4,1,5,2,2,0,-1,0,1,0,-6,-2,-4,7,3,3,0,0,-1,1,0,1,5,1
KR_6685660506,420,1,21,8,2,-2,1,3,3,6,3,-2,2,4,1,3,2,2,2,0,-2,3,3,-2,7,5,3,0,1,-1,1,1,-1,5,1
KR_6758405459,440,6,53,-17,15,6,7,1,4,6,2,5,7,2,0,6,6,0,1,1,0,3,-31,-2,8,6,15,0,1,-1,-1,1,1,5,1
KR_6758008287,420,3,119,25,6,2,3,1,2,4,2,0,1,1,4,4,0,-2,1,3,1,8,312,6,2,8,1,0,0,1,1,1,1,1,1
KR_6650884677,420,1,-5,0,7,-1,3,4,0,3,3,4,5,1,2,2,0,2,2,0,0,8,2,-5,9,4,4,0,1,1,1,1,1,1,1
KR_6719493233,420,1,8,0,0,-2,1,3,-6,1,7,5,6,1,4,5,1,-1,1,2,-2,-2,8,-1,4,3,-5,0,0,-1,1,1,-1,5,1
KR_6745947668,420,5,28,20,6,1,1,0,8,8,0,-2,1,3,0,1,1,-1,0,1,0,5,-16,-1,4,3,6,0,0,1,1,0,1,3,1
KR_6776556369,420,0,16,37,5,1,5,4,3,3,0,3,4,1,-2,2,4,0,0,0,0,-2,2,-1,4,3,-1,0,1,0,-1,1,1,0,1
KR_6768663623,420,3,-22,47,3,-1,3,4,1,3,2,4,5,1,-2,0,2,1,1,0,0,2,-7,-9,13,4,4,0,0,1,1,0,1,5,1
KR_6759862563,420,2,9,-8,6,4,5,1,3,3,0,2,3,1,-3,1,4,0,0,0,0,0,-421,3,5,8,2,0,1,-1,1,1,1,2,1
KR_6768014536,420,2,-2,2,7,1,2,1,-2,0,2,2,2,0,5,6,1,1,3,2,0,7,-5,1,3,4,4,0,2,1,1,1,1,6,1
KR_6726242421,420,4,-43,38,5,0,2,2,2,3,1,-1,3,4,3,9,6,1,4,3,-1,6,4,-1,9,8,-1,0,2,-1,1,1,-1,5,1
KR_6773745392,440,4,44,-26,7,-1,2,3,4,6,2,3,6,3,1,2,1,0,1,1,0,9,-11,6,4,10,0,0,0,-1,1,1,-1,3,1
KR_6674877793,420,5,13,16,11,2,3,1,3,5,2,6,6,0,1,2,1,-1,0,1,0,11,2,3,8,11,3,0,1,1,1,1,1,4,1
KR_6776019472,420,2,21,17,8,2,3,1,-1,3,4,10,10,0,-4,1,5,1,1,0,2,13,1,-2,7,5,-4,0,0,1,-1,0,1,6,1
KR_6767896548,420,1,-16,-24,3,1,3,2,3,6,3,-1,6,7,0,3,3,0,1,1,0,12,0,-1,5,4,2,0,0,-1,1,0,1,1,1
KR_6776564329,420,3,30,14,3,0,0,0,-1,2,3,0,1,1,1,2,1,3,3,0,0,-1,-1,5,4,9,3,0,0,1,-1,0,1,4,1
KR_6753920435,420,0,22,-33,-3,0,2,2,0,3,3,-2,3,5,-2,4,6,1,2,1,0,-6,0,-3,8,5,2,0,1,-1,-1,1,1,4,1
KR_6652850780,420,-2,-16,-1,-2,-2,1,3,2,5,3,5,5,0,-4,1,5,-3,1,4,0,3,106,-3,9,6,-2,0,-1,1,-1,-1,1,6,1
KR_6768491619,420,5,63,20,8,0,1,1,0,2,2,1,1,0,0,2,2,7,11,4,0,2,31,-2,7,5,-3,0,1,0,-1,1,-1,0,1
KR_6771739310,440,2,19,-29,5,-2,0,2,0,9,9,1,1,0,5,6,1,1,3,2,0,3,-1,0,8,8,4,0,1,1,-1,1,1,4,1
KR_6772754738,420,4,19,86,13,-1,1,2,5,10,5,0,2,2,5,7,2,4,4,0,2,5,-13,-3,11,8,7,0,3,1,1,1,1,4,1
KR_6693131988,420,-2,-54,11,-10,3,5,2,2,6,4,-4,2,6,-11,0,11,0,1,1,-2,-20,-63,3,3,6,16,0,-2,1,-1,-1,-1,4,1
KR_6768185112,420,5,46,24,7,-2,0,2,7,9,2,0,2,2,1,2,1,1,1,0,0,12,-2,-2,11,9,3,0,1,-1,1,1,1,5,1
KR_6758612277,420,0,-19,11,-1,1,3,2,0,4,4,-6,3,9,2,2,0,2,2,0,0,10,-10,-2,6,4,9,0,0,1,-1,-1,1,2,1
KR_6694036577,420,2,-5,20,2,0,2,2,-2,3,5,3,3,0,0,2,2,1,1,0,0,0,-21,1,5,6,0,0,-1,1,1,-1,-1,5,1
KR_6770873252,420,1,4,4,7,1,2,1,4,5,1,0,2,2,-2,3,5,4,5,1,-1,10,5,0,3,3,2,0,1,0,1,1,-1,0,1
KR_6768941035,420,6,65,38,13,3,3,0,6,6,0,6,6,0,-5,1,6,3,4,1,0,12,-5,-2,4,2,-1,0,2,1,1,1,1,4,1
KR_6768721363,420,2,35,16,4,-4,0,4,3,3,0,1,3,2,4,4,0,0,1,1,0,7,4,2,3,5,0,0,0,1,-1,1,-1,3,1
KR_6776639918,420,1,39,8,4,3,5,2,0,2,2,0,3,3,1,4,3,0,1,1,0,3,-13,2,5,7,4,0,1,1,1,-1,-1,1,1
KR_6764187208,420,1,-6,19,5,3,5,2,5,6,1,0,2,2,-3,1,4,0,1,1,0,3,-224,-1,7,6,-2,0,-1,1,-1,-1,-1,1,1
KR_6775067659,420,-2,-28,7,-11,2,4,2,-3,2,5,-7,1,8,-3,1,4,0,0,0,0,-7,20,0,5,5,-12,0,0,-1,1,0,-1,4,1
KR_6777780150,420,1,37,0,5,-1,2,3,3,4,1,5,8,3,-1,3,4,-1,1,2,0,3,7,3,6,9,1,0,1,-1,1,1,1,4,1
KR_6760080260,420,5,29,-6,8,3,4,1,6,7,1,0,1,1,-3,0,3,2,2,0,0,10,-39,6,2,8,9,0,1,-1,1,1,-1,5,1
KR_6736185578,420,3,26,-8,9,1,4,3,0,6,6,4,6,2,4,7,3,0,1,1,2,10,-8,-7,13,6,6,0,3,0,-1,1,-1,0,1
KR_6730223313,420,-3,-11,-51,0,-1,0,1,-2,3,5,0,6,6,1,3,2,2,2,0,0,8,5,4,5,9,3,0,1,-1,1,-1,1,6,1
KR_6765299311,420,2,37,-1,12,1,2,1,8,11,3,-3,0,3,5,5,0,1,2,1,2,14,12,4,4,8,-2,0,1,1,1,1,1,5,1
KR_6769825534,420,6,146,58,13,5,5,0,6,8,2,2,4,2,0,3,3,0,0,0,0,24,1,0,4,4,9,0,3,1,1,1,-1,2,1
KR_6763068183,420,3,20,4,9,0,0,0,2,6,4,6,6,0,2,5,3,-1,2,3,1,13,-7,-2,7,5,4,0,0,1,1,0,1,2,1
KR_6777579056,420,2,22,9,7,2,3,1,3,4,1,3,3,0,0,0,0,-1,0,1,0,6,-107,-1,7,6,2,0,0,1,1,1,1,1,1
KR_6692299164,420,3,27,49,12,8,9,1,-1,2,3,2,3,1,4,6,2,-1,2,3,-1,4,7,7,5,12,-2,0,1,1,1,1,-1,3,1
KR_6758264014,420,2,-38,39,4,-2,1,3,-2,2,4,8,9,1,0,2,2,0,1,1,0,13,9,-5,9,4,4,0,0,1,1,0,-1,6,1
KR_6690363000,420,-2,-70,33,-7,0,0,0,-1,2,3,-1,3,4,-2,1,3,-3,0,3,0,-2,-8,0,11,11,2,0,-1,-1,-1,-1,-1,4,1
KR_6773452363,440,1,-24,-1,8,0,0,0,4,5,1,0,4,4,3,4,1,1,2,1,0,15,-1,3,5,8,2,0,0,-1,1,0,1,2,1
KR_6777289998,420,-3,42,25,-1,1,4,3,-3,0,3,1,4,3,0,5,5,0,1,1,0,-7,9,0,5,5,-5,0,0,1,-1,0,-1,1,1
KR_6761451160,420,1,-19,1,-1,-3,1,4,-2,1,3,-1,2,3,5,6,1,0,3,3,-1,-4,28,0,4,4,0,0,1,1,-1,1,-1,1,1
KR_6685967303,420,2,71,-13,2,0,0,0,-1,3,4,0,0,0,4,5,1,-1,1,2,3,6,-8,1,6,7,6,0,3,1,-1,1,1,4,1
KR_6774556905,420,1,-42,1,1,0,1,1,0,3,3,-1,2,3,2,3,1,0,2,2,-1,7,3,-3,9,6,-8,0,1,-1,1,1,-1,1,1
KR_6755426180,420,4,-10,-8,10,-1,1,2,7,9,2,2,2,0,0,0,0,2,2,0,0,14,-29,1,3,4,-3,0,0,1,1,1,-1,2,1
KR_6706646415,420,2,6,19,5,1,2,1,0,3,3,1,1,0,5,5,0,-2,0,2,0,6,-4,0,6,6,9,0,0,1,1,1,1,5,1
KR_6774947573,420,2,8,16,10,0,2,2,4,5,1,6,8,2,1,3,2,-1,3,4,0,12,-3,2,4,6,-2,0,0,-1,1,1,-1,4,1
KR_6776275689,420,1,10,-24,4,2,4,2,-3,1,4,4,6,2,2,2,0,-1,0,1,1,7,-2,-1,7,6,1,0,1,-1,-1,1,1,3,1
KR_6760365730,420,-3,23,-13,-5,0,0,0,-6,1,7,-3,2,5,5,6,1,-1,1,2,1,-12,-25,-1,7,6,-2,0,1,1,1,1,1,3,1
KR_6777750969,420,2,70,20,1,3,3,0,0,2,2,-2,0,2,2,6,4,-2,0,2,1,-1,2,0,6,6,-4,0,1,1,1,1,1,3,1
KR_6772973908,420,2,21,16,4,2,2,0,3,6,3,-4,0,4,1,2,1,2,2,0,0,2,0,3,5,8,5,0,0,-1,-1,0,1,2,1
KR_6777200305,420,2,-18,5,8,0,1,1,-4,2,6,-1,2,3,9,9,0,4,5,1,0,7,4,-3,10,7,3,0,0,-1,-1,1,1,5,1
KR_6776988137,420,2,44,16,-2,3,6,3,4,7,3,-2,1,3,-7,1,8,0,0,0,-2,-4,0,-2,10,8,5,0,2,1,1,1,-1,3,1
KR_6728956076,420,5,75,8,10,4,5,1,4,6,2,-1,1,2,-1,3,4,4,6,2,0,12,0,4,5,9,-1,0,0,1,-1,1,-1,6,1
KR_6776525323,420,-1,-8,20,-7,-2,0,2,1,3,2,-5,2,7,-4,1,5,3,3,0,0,-3,1,-4,11,7,-2,0,0,1,1,0,1,4,1
KR_6772070505,420,4,110,4,9,3,4,1,4,6,2,1,2,1,0,1,1,1,1,0,0,10,-3,1,7,8,7,0,2,1,1,1,1,4,1
KR_6777445118,420,2,-46,6,6,0,2,2,0,1,1,1,1,0,3,3,0,2,2,0,0,9,-40,0,5,5,-2,0,0,1,-1,0,1,6,1
KR_6762543478,420,3,21,9,2,4,4,0,-4,1,5,1,4,3,-1,2,3,2,4,2,0,1,29,0,6,6,-4,0,0,1,1,0,-1,2,1
KR_6774078512,440,3,-43,25,2,1,3,2,-1,1,2,0,4,4,2,3,1,0,0,0,0,12,33,-1,6,5,2,0,-1,1,-1,-1,-1,1,1
KR_6767537121,420,-1,-13,-10,-6,2,2,0,-3,2,5,-3,4,7,-1,3,4,-1,2,3,0,-9,-4,-4,6,2,-3,0,1,1,-1,1,-1,5,1
KR_6770672934,420,1,46,-3,3,2,3,1,-3,3,6,-1,0,1,4,5,1,1,2,1,0,6,-2,-3,9,6,-1,0,1,1,-1,1,-1,6,1
KR_6663346130,420,5,-8,0,14,3,3,0,5,6,1,2,2,0,2,2,0,2,3,1,0,14,13,2,8,10,6,0,2,-1,1,1,1,2,1
KR_6636186844,420,0,3,-9,-3,-2,0,2,-5,0,5,-1,2,3,5,8,3,0,2,2,0,4,-3,-3,9,6,4,0,0,1,-1,-1,1,5,1
KR_6776812930,420,8,80,24,15,1,3,2,4,6,2,4,5,1,2,3,1,4,4,0,0,18,-2,-3,6,3,-2,0,3,1,-1,1,-1,3,1
KR_6772482304,420,3,66,64,9,3,4,1,-1,3,4,1,2,1,2,6,4,4,4,0,4,13,196,2,4,6,7,0,2,-1,1,1,1,1,1
KR_6745103359,420,1,40,4,-4,-1,1,2,0,1,1,-1,1,2,-1,1,2,-1,0,1,0,-5,21,-6,10,4,4,0,-1,1,-1,-1,1,5,1
KR_6734102348,420,4,32,9,16,5,5,0,7,7,0,1,2,1,4,6,2,-1,1,2,1,14,-10,-1,9,8,5,0,1,1,1,1,1,3,1
KR_6652746568,420,1,65,15,-3,1,2,1,-6,2,8,0,2,2,3,5,2,-1,0,1,1,-10,-26,-7,11,4,0,0,0,1,-1,-1,1,4,1
KR_6761286471,420,1,-18,5,8,-1,2,3,-3,1,4,3,4,1,8,9,1,1,1,0,1,10,6,-1,8,7,3,0,2,1,1,1,1,4,1
KR_6775280638,420,2,33,-53,11,1,1,0,3,5,2,4,7,3,2,3,1,1,2,1,0,12,10,-2,7,5,3,0,1,-1,1,1,1,6,1
KR_6692353894,420,3,25,-6,6,2,3,1,-1,3,4,3,3,0,1,4,3,1,1,0,0,4,-9,0,9,9,9,0,0,-1,1,0,1,6,1
KR_6686359192,420,4,44,32,8,0,2,2,3,7,4,0,3,3,9,9,0,-4,1,5,-2,9,-2,1,6,7,-5,0,2,1,1,1,-1,1,1
KR_6719885569,420,0,-53,11,1,-1,2,3,2,8,6,4,5,1,-3,2,5,-1,1,2,0,-4,0,3,6,9,0,0,1,1,1,1,-1,2,1
KR_6763756739,420,5,42,-2,21,6,7,1,2,3,1,4,6,2,8,10,2,1,2,1,1,18,26,5,0,5,4,0,2,1,1,1,1,4,1
KR_6757969625,420,2,5,48,2,0,1,1,2,3,1,0,3,3,-1,0,1,1,1,0,0,11,-2,-2,4,2,-1,0,0,1,1,1,1,3,1
KR_6771350862,420,-2,-15,-40,4,-3,2,5,3,4,1,1,2,1,2,2,0,1,1,0,0,6,6,-4,7,3,4,0,-1,1,-1,-1,1,5,1
KR_6720536482,420,2,80,7,7,0,2,2,6,7,1,1,2,1,-1,1,2,1,1,0,0,9,36,2,3,5,-27,0,1,1,1,1,-1,4,1
KR_6777595368,420,0,25,9,1,0,2,2,-1,0,1,-1,2,3,3,3,0,0,0,0,0,-1,-36,1,8,9,19,0,0,1,-1,0,1,1,1
KR_6765635424,420,1,54,-4,11,-1,0,1,1,3,2,7,9,2,3,5,2,1,2,1,0,18,1,6,5,11,-3,0,1,1,1,1,1,6,1
KR_6771928570,440,-2,-50,-8,-4,-5,0,5,-3,2,5,-2,0,2,2,2,0,4,4,0,0,-4,-17,1,4,5,4,0,1,-1,1,1,-1,2,1
KR_6768150693,420,4,64,-21,6,2,3,1,3,4,1,1,3,2,0,6,6,0,0,0,0,1,5,1,5,6,1,0,1,-1,-1,1,1,3,1
KR_6691656909,420,4,43,55,10,6,6,0,6,6,0,0,3,3,-2,0,2,0,2,2,1,8,4,6,2,8,0,0,1,-1,1,-1,1,3,1
KR_6753171640,420,4,49,-1,9,3,4,1,4,6,2,1,2,1,1,4,3,0,1,1,1,11,-7,0,3,3,3,0,1,-1,1,1,1,6,1
KR_6757101569,420,2,42,-37,9,3,3,0,-1,2,3,8,9,1,2,4,2,-3,0,3,-1,7,-14,3,4,7,-1,0,1,-1,1,1,-1,6,1
KR_6775166263,420,4,53,20,3,0,2,2,-3,5,8,1,2,1,7,9,2,-2,0,2,0,4,12,4,6,10,-7,0,2,1,1,1,1,1,1
KR_6673996210,420,5,39,19,0,-1,0,1,0,1,1,-1,0,1,2,2,0,0,0,0,0,3,11,0,4,4,2,0,1,1,1,1,-1,3,1
KR_6696046985,420,2,32,16,4,-1,2,3,-2,1,3,2,3,1,4,5,1,1,1,0,0,11,-2,-4,8,4,2,0,1,1,1,1,1,3,1
KR_6777619980,420,-1,-22,-12,3,0,3,3,2,5,3,1,1,0,-2,4,6,2,2,0,-1,1,-22,2,7,9,2,0,0,1,1,-1,-1,6,1
KR_6775136216,420,-1,44,0,-1,-2,1,3,-1,4,5,1,5,4,2,2,0,-1,1,2,0,3,3,-1,8,7,-1,0,0,-1,-1,0,-1,4,1
KR_6751679121,420,-1,-41,-25,-6,-1,0,1,-1,5,6,-2,5,7,-1,5,6,-1,0,1,-1,-20,-38,3,5,8,-2,0,0,-1,-1,-1,-1,6,1
KR_6773939724,420,0,32,-12,-1,-3,2,5,3,3,0,-4,2,6,2,5,3,1,1,0,1,8,-39,-1,10,9,4,0,0,1,1,0,1,3,1
KR_6738608477,420,1,-1,69,3,1,1,0,6,10,4,-2,1,3,-2,5,7,0,1,1,1,2,-87,2,7,9,-4,0,1,-1,1,1,1,5,1
KR_6777144120,420,-3,-34,-18,-7,-3,1,4,-5,3,8,0,0,0,1,4,3,0,2,2,0,-3,37,0,3,3,-8,0,-1,1,1,1,1,3,1
KR_6750689629,440,0,-28,-9,6,-2,0,2,1,2,1,5,6,1,2,2,0,0,0,0,0,5,-6,0,4,4,-1,0,-1,1,-1,-1,1,4,1
KR_6774265267,420,3,74,-11,11,1,1,0,2,4,2,1,3,2,5,5,0,2,3,1,1,11,9,10,1,11,-4,0,2,-1,1,1,1,2,1
KR_6776654327,420,-1,-70,1,4,2,2,0,1,1,0,-4,0,4,3,5,2,2,3,1,1,1,43,0,7,7,-4,0,0,1,-1,-1,1,3,1
KR_6775609255,420,0,5,36,3,-2,2,4,2,4,2,1,2,1,2,5,3,0,2,2,2,10,6,2,6,8,-5,0,-1,1,1,-1,1,6,1
KR_6767881036,440,-2,8,28,-2,0,2,2,0,3,3,-2,1,3,3,4,1,-3,1,4,0,-2,33,2,2,4,-2,0,-1,1,0,-1,1,6,1
KR_6776582073,420,3,-20,1,3,1,1,0,0,4,4,-2,1,3,5,8,3,-1,0,1,0,3,10,5,7,12,-3,0,1,1,1,1,1,4,1
KR_6765470607,420,4,17,4,10,1,2,1,6,6,0,-4,1,5,5,9,4,2,2,0,1,16,1,-8,14,6,-2,0,1,-1,-1,1,1,2,1
KR_6774246230,420,1,12,-9,4,1,2,1,4,6,2,-4,0,4,2,3,1,1,1,0,0,5,20,4,6,10,-1,0,1,-1,1,1,-1,3,1
KR_6712184688,420,3,77,-16,12,2,2,0,3,4,1,-2,0,2,7,9,2,2,2,0,0,12,11,2,6,8,-3,0,3,1,-1,1,1,6,1
KR_6777833952,440,0,-25,-4,2,2,3,1,0,1,1,-1,0,1,3,3,0,-2,0,2,0,0,8,6,4,10,2,0,0,-1,1,0,1,6,1
KR_6746608448,420,-2,21,-16,-5,-3,0,3,1,2,1,-5,0,5,2,2,0,0,0,0,0,-2,-14,-6,10,4,-3,0,1,-1,1,1,1,2,1
KR_6768867178,420,4,94,-1,6,0,1,1,1,1,0,-1,0,1,2,3,1,4,4,0,1,13,12,-2,7,5,6,0,0,1,1,0,1,4,1
KR_6773974647,420,-2,-11,-12,7,3,4,1,-2,3,5,-2,0,2,8,9,1,0,0,0,-1,12,-25,-1,10,9,11,0,2,1,-1,1,-1,4,1
KR_6763609795,440,4,43,7,3,3,3,0,-2,0,2,1,2,1,1,2,1,0,0,0,0,0,-20,-3,7,4,9,0,0,1,-1,0,-1,3,1
KR_6760637925,420,1,51,4,3,0,1,1,-1,3,4,1,2,1,4,4,0,-1,0,1,0,4,46,7,0,7,-6,0,1,1,1,1,-1,6,1
KR_6755488994,420,-1,-91,4,4,-1,1,2,2,3,1,-3,2,5,4,5,1,2,2,0,0,6,-6,1,5,6,-3,0,0,1,-1,0,1,1,1
KR_6772169344,420,2,-43,-28,6,2,3,1,2,2,0,-1,4,5,1,1,0,2,3,1,0,5,-10,-2,7,5,1,0,-2,1,1,-1,1,2,1
KR_6774336169,420,4,67,26,6,-2,3,5,7,10,3,-1,1,2,2,6,4,0,2,2,0,10,-14,1,6,7,3,0,1,-1,1,-1,1,1,1
KR_6734731368,420,4,21,19,4,-1,1,2,3,4,1,-2,0,2,1,2,1,3,3,0,0,4,-31,1,6,7,3,0,0,1,-1,0,1,4,1
KR_6742005398,420,4,23,23,7,-2,1,3,4,4,0,-2,2,4,7,7,0,0,0,0,1,15,6,-2,9,7,2,0,0,1,1,1,1,6,1
KR_6763835957,420,3,58,5,9,1,1,0,2,5,3,1,3,2,5,8,3,0,3,3,-1,2,198,2,3,5,-2,0,1,1,-1,1,-1,2,1
KR_6776256843,420,2,-10,-1,15,-1,1,2,5,7,2,3,3,0,4,4,0,4,4,0,0,24,7,4,5,9,2,0,2,1,1,1,1,6,1
KR_6753273631,420,1,26,5,5,2,3,1,-1,2,3,1,2,1,1,7,6,2,2,0,0,3,0,-1,10,9,-4,0,0,1,-1,1,-1,5,1
KR_6739267430,420,2,-3,0,-6,0,1,1,-1,5,6,-3,0,3,-2,2,4,0,1,1,0,-14,-5,-1,5,4,1,0,-1,-1,1,-1,-1,4,1
KR_6746611794,420,1,14,12,9,2,2,0,4,7,3,2,3,1,0,0,0,1,1,0,1,14,0,-1,7,6,-5,0,2,-1,1,1,1,3,1
KR_6774026896,420,0,31,16,-6,1,2,1,-4,0,4,-1,4,5,-1,3,4,-1,2,3,0,-17,-18,3,4,7,-1,0,1,-1,1,1,-1,4,1
KR_6738188037,420,-1,-10,-3,-4,0,2,2,-1,2,3,0,1,1,-3,2,5,0,1,1,0,3,-7,-4,7,3,4,0,-1,-1,-1,-1,-1,4,1
KR_6754181674,440,2,9,19,6,-4,0,4,6,6,0,8,9,1,-3,2,5,-1,0,1,0,9,-12,1,3,4,-1,0,-2,1,-1,-1,1,1,1
KR_6751707324,420,1,-1,-33,3,-1,0,1,-3,0,3,1,2,1,6,6,0,0,0,0,0,5,12,3,5,8,-3,0,0,1,-1,1,1,1,1
KR_6776521315,420,4,69,12,11,2,3,1,1,1,0,1,1,0,4,7,3,3,3,0,0,12,-4,2,5,7,4,0,2,1,1,1,-1,1,1
KR_6733009383,420,6,72,24,16,3,3,0,10,10,0,-1,3,4,7,7,0,-3,0,3,0,9,31,0,8,8,-2,0,1,1,1,1,1,5,1
KR_6650343713,420,3,94,-18,6,1,2,1,2,5,3,6,8,2,2,6,4,-5,0,5,-2,0,25,7,1,8,-3,0,2,1,1,1,-1,4,1
KR_6686000302,420,6,114,-12,7,7,8,1,2,6,4,-1,2,3,3,4,1,-4,2,6,0,2,-12,2,6,8,7,0,1,-1,1,1,1,5,1
KR_6776278443,420,0,71,-3,6,1,2,1,1,4,3,9,12,3,-2,3,5,-3,0,3,1,5,23,3,5,8,1,0,0,1,1,1,1,2,1
KR_6761719023,420,4,61,-20,10,3,3,0,3,5,2,1,3,2,2,3,1,1,2,1,0,11,9,3,3,6,5,0,0,1,-1,1,1,2,1
KR_6697257641,420,1,-16,4,2,4,7,3,2,4,2,6,7,1,-9,3,12,-1,0,1,1,11,5,-1,7,6,-5,0,-1,1,-1,-1,1,5,1
KR_6775405578,420,3,21,10,7,6,7,1,4,5,1,1,2,1,-4,0,4,0,2,2,0,7,-26,3,4,7,1,0,2,1,1,1,-1,6,1
KR_6768558475,420,-2,27,10,0,1,3,2,-1,2,3,-2,1,3,1,2,1,1,1,0,0,-2,-10,2,5,7,19,0,0,1,-1,0,1,4,1
KR_6660570418,420,0,-13,1,8,2,3,1,1,2,1,0,2,2,4,7,3,1,1,0,1,9,2,2,5,7,2,0,1,-1,1,1,1,2,1
KR_6773991725,420,-2,-12,15,-2,0,0,0,3,3,0,-1,2,3,-3,5,8,-1,0,1,0,-7,0,3,4,7,-5,0,1,1,1,1,1,2,1
KR_6731308494,420,3,59,4,7,1,1,0,-2,1,3,1,3,2,3,5,2,4,4,0,0,10,1,-2,9,7,0,0,2,1,1,1,-1,1,1
KR_6777094272,440,0,57,4,5,-1,2,3,4,4,0,2,2,0,0,1,1,0,0,0,0,8,-5,6,3,9,1,0,1,1,1,1,1,6,1
KR_6727805098,420,1,-31,3,2,4,5,1,2,2,0,-1,3,4,-3,0,3,0,0,0,0,4,27,-5,9,4,-1,0,0,-1,-1,-1,-1,4,1
KR_6766575040,420,3,32,12,11,1,1,0,8,9,1,4,4,0,-2,3,5,0,1,1,0,17,127,4,4,8,-4,0,1,1,1,1,1,6,1
KR_6753494314,420,4,16,25,12,1,2,1,4,5,1,7,8,1,0,5,5,0,0,0,1,23,20,1,8,9,4,0,1,-1,1,1,1,3,1
KR_6698509259,420,8,59,28,15,2,3,1,5,5,0,3,4,1,4,4,0,1,1,0,0,15,51,4,4,8,1,0,2,1,1,1,1,2,1
KR_6711085977,420,3,-40,4,4,1,3,2,4,10,6,0,3,3,0,6,6,-1,1,2,-2,4,53,-1,8,7,-1,0,-1,1,-1,-1,-1,3,1
KR_6769235948,440,7,111,-7,22,5,5,0,-1,2,3,8,8,0,10,10,0,0,2,2,0,11,1,1,5,6,-6,0,3,1,1,1,1,3,1
KR_6767406232,420,1,7,-3,11,-1,0,1,3,3,0,2,2,0,6,8,2,1,3,2,0,13,5,3,4,7,-5,0,0,1,-1,1,1,1,1
KR_6776500431,420,0,55,13,2,3,3,0,0,3,3,0,4,4,2,6,4,-3,0,3,0,-4,-171,3,1,4,-3,0,0,1,1,0,1,2,1
KR_6776625071,420,2,60,-18,2,-1,0,1,2,5,3,3,3,0,-2,0,2,0,1,1,-2,-4,289,2,6,8,0,0,1,1,1,1,-1,1,1
KR_6761747514,420,3,26,30,5,1,2,1,3,5,2,3,4,1,-3,0,3,1,1,0,0,1,-6,7,3,10,-1,0,0,1,1,1,1,5,1
KR_6771899490,440,-1,33,-4,-1,4,5,1,-7,1,8,3,3,0,0,4,4,-1,0,1,0,-1,11,0,3,3,0,0,0,-1,1,1,-1,1,1
KR_6777050491,440,6,90,-8,19,0,1,1,9,10,1,3,4,1,3,4,1,4,5,1,0,20,12,8,3,11,8,0,3,1,1,1,1,5,1
KR_6746585932,420,5,-4,-28,11,-2,2,4,1,2,1,9,9,0,4,5,1,-1,0,1,0,8,8,2,6,8,0,0,0,-1,-1,1,1,2,1
KR_6774451888,420,1,16,-31,0,5,5,0,-1,2,3,0,1,1,-2,3,5,-2,0,2,0,-5,-1,1,4,5,-2,0,1,-1,1,1,-1,3,1
KR_6776101307,420,3,57,24,-6,-1,3,4,0,2,2,3,4,1,-7,1,8,-1,0,1,0,-14,-2,2,4,6,0,0,1,-1,1,1,1,3,1
KR_6679110906,420,0,-10,0,1,-1,2,3,5,8,3,-2,1,3,0,3,3,-1,0,1,0,3,0,6,5,11,-2,0,0,-1,-1,-1,-1,1,1
KR_6769958919,420,6,53,24,14,7,7,0,6,6,0,0,1,1,0,1,1,1,1,0,0,13,19,2,8,10,-5,0,2,1,1,1,1,3,1
KR_6704420217,420,0,-3,8,0,2,2,0,-1,3,4,-1,1,2,-1,0,1,1,1,0,0,8,-3,-1,7,6,6,0,0,-1,1,0,-1,2,1
KR_6774109414,420,-1,-81,-19,-2,1,3,2,1,3,2,1,2,1,-5,0,5,0,1,1,1,-2,-8,-1,8,7,-3,0,-1,1,-1,-1,1,2,1
KR_6756832654,440,-3,-9,12,4,2,2,0,3,4,1,-2,1,3,1,2,1,0,6,6,1,8,33,3,3,6,2,0,0,1,1,1,1,5,1
KR_6765385065,420,0,32,-14,0,-3,0,3,-2,3,5,1,1,0,2,3,1,2,3,1,0,4,0,0,6,6,-3,0,-2,1,-1,-1,1,2,1
KR_6774670972,420,3,67,-5,11,8,8,0,0,2,2,5,7,2,2,6,4,-4,0,4,2,7,-24,7,4,11,6,0,1,1,1,1,1,6,1
KR_6746026022,420,1,25,8,4,-1,1,2,0,4,4,5,5,0,0,2,2,0,0,0,0,1,-27,-2,8,6,-5,0,1,1,-1,1,-1,2,1
KR_6733715637,420,-1,-19,-11,2,0,0,0,0,2,2,1,1,0,0,2,2,1,2,1,-1,6,-107,-5,7,2,3,0,0,-1,1,-1,-1,3,1
KR_6759650386,420,3,22,7,4,0,2,2,1,3,2,1,4,3,2,4,2,0,0,0,0,7,43,-3,8,5,1,0,0,-1,-1,0,1,1,1
KR_6721804428,420,3,26,25,7,2,4,2,1,2,1,6,6,0,-2,5,7,0,1,1,0,7,-7,-1,11,10,-2,0,1,1,1,1,1,5,1
KR_6748968026,420,6,68,9,19,5,6,1,1,1,0,2,2,0,9,10,1,2,4,2,0,21,3,0,6,6,2,0,3,-1,1,1,1,2,1
KR_6777853750,420,-2,-11,4,-3,-1,0,1,-2,2,4,2,6,4,-1,1,2,-1,0,1,0,-3,-12,-4,8,4,-3,0,-1,-1,1,-1,-1,6,1
KR_6774402568,420,-3,-24,-14,-5,-1,1,2,-4,1,5,0,0,0,-1,0,1,1,1,0,0,-2,-1,-1,4,3,4,0,0,-1,1,0,-1,6,1
KR_6740056879,420,2,-13,7,12,0,2,2,2,5,3,2,2,0,8,9,1,0,0,0,0,19,4,3,5,8,-1,0,0,1,1,1,1,3,1
KR_6750701158,420,3,38,-20,6,1,2,1,0,1,1,1,1,0,5,5,0,-1,0,1,0,7,56,2,4,6,-7,0,1,-1,1,1,-1,2,1
KR_6767439547,420,0,-21,-1,1,2,2,0,-2,4,6,-1,3,4,3,4,1,-1,0,1,0,-1,-16,1,7,8,-3,0,0,0,1,0,1,0,1
KR_6735319607,420,7,128,24,20,7,9,2,3,6,3,8,10,2,3,7,4,-1,0,1,1,12,8,3,6,9,-1,0,0,1,1,1,1,1,1
KR_6774175687,440,-1,-26,23,-2,5,6,1,-4,2,6,0,1,1,-4,0,4,1,1,0,2,-4,-1,-4,9,5,3,0,0,1,1,-1,1,6,1
KR_6704820956,420,4,-10,3,13,1,3,2,6,7,1,1,5,4,2,5,3,3,3,0,0,16,146,-3,7,4,2,0,1,1,-1,1,-1,2,1
KR_6776606327,420,4,12,-9,9,0,3,3,3,7,4,1,2,1,5,7,2,0,0,0,0,14,-18,5,2,7,0,0,-1,1,-1,-1,1,2,1
KR_6762366323,420,-2,-45,0,3,-1,2,3,0,2,2,1,2,1,2,5,3,1,2,1,0,6,5,-4,10,6,0,0,0,1,-1,0,1,2,1
KR_6777425361,420,2,20,9,5,-1,0,1,5,6,1,1,2,1,0,3,3,0,2,2,0,6,39,1,8,9,-6,0,0,1,1,1,-1,6,1
KR_6690557886,420,0,-4,5,-1,-4,0,4,1,2,1,1,1,0,0,3,3,1,1,0,0,0,7,5,7,12,-3,0,-1,-1,-1,-1,-1,6,1
KR_6754471524,420,2,109,9,1,2,5,3,2,4,2,-3,2,5,3,6,3,-3,1,4,-1,-4,64,-1,7,6,-18,0,1,0,-1,1,-1,0,1
KR_6739378922,420,1,42,16,4,0,2,2,-3,1,4,2,5,3,3,3,0,2,2,0,0,9,2,2,4,6,4,0,0,1,-1,1,-1,6,1
KR_6769480950,420,2,48,-13,1,-2,0,2,1,5,4,1,2,1,2,2,0,-1,2,3,0,0,-158,-1,7,6,2,0,-1,1,-1,-1,-1,2,1
KR_6776649253,420,1,31,-11,4,-1,1,2,1,5,4,1,2,1,2,5,3,1,5,4,1,3,44,5,6,11,-1,0,0,1,1,1,1,6,1
KR_6772017792,420,-1,29,-18,1,0,2,2,1,5,4,1,3,2,-1,1,2,0,0,0,-1,-1,-11,-3,7,4,0,0,-1,-1,-1,-1,-1,5,1
KR_6620186261,420,8,96,31,18,4,4,0,1,6,5,7,7,0,4,4,0,2,4,2,0,15,7,-6,10,4,1,0,4,1,-1,1,-1,3,1
KR_6749591133,420,-3,-34,-8,0,0,4,4,1,5,4,-2,1,3,-1,3,4,2,2,0,3,2,-10,5,2,7,1,0,1,1,0,1,1,2,1
KR_6774270973,420,-1,-45,23,-6,-1,0,1,0,2,2,-2,2,4,-1,2,3,-2,0,2,-1,-4,-14,-11,14,3,3,0,0,1,1,0,-1,5,1
KR_6749550507,420,3,109,0,2,2,3,1,0,2,2,-4,1,5,3,4,1,1,1,0,0,-3,0,-1,6,5,-1,0,1,1,1,1,-1,5,1
KR_6777819834,420,2,44,15,5,1,1,0,3,4,1,1,2,1,1,4,3,-1,0,1,0,9,1,-3,10,7,7,0,1,-1,1,1,1,5,1
KR_6777004560,420,4,6,11,14,7,8,1,1,4,3,-1,1,2,2,4,2,5,6,1,1,11,-6,5,5,10,-3,0,0,-1,1,1,1,4,1
KR_6764261845,420,1,4,-8,5,-2,1,3,1,4,3,4,4,0,1,2,1,1,2,1,0,12,7,0,6,6,-6,0,1,1,1,1,1,4,1
KR_6775025631,420,-1,20,-14,-3,-2,1,3,1,7,6,0,1,1,-3,1,4,1,2,1,0,-5,-8,-2,9,7,5,0,0,-1,1,1,1,3,1
KR_6749371773,420,-1,-15,-4,3,0,3,3,-2,0,2,-1,0,1,3,6,3,3,4,1,0,4,0,-1,6,5,-1,0,-1,1,-1,1,-1,6,1
KR_6768615376,420,0,9,31,-4,-3,0,3,-3,5,8,2,4,2,0,1,1,0,0,0,-1,3,-29,2,4,6,-4,0,-1,1,-1,-1,-1,5,1
KR_6770302480,420,-5,-117,-12,-7,-6,0,6,-2,2,4,4,5,1,-2,2,4,-1,0,1,0,7,3,-2,7,5,-3,0,-1,1,1,-1,-1,6,1
KR_6674386070,420,2,26,12,3,-4,0,4,5,6,1,1,3,2,2,4,2,-1,1,2,0,5,5,1,7,8,-6,0,2,1,1,1,-1,3,1
KR_6710016393,420,-1,-37,2,1,-3,1,4,-2,1,3,6,6,0,-2,3,5,2,2,0,0,4,-4,3,3,6,-2,0,0,-1,-1,0,1,4,1
KR_6746965107,420,0,23,-27,1,0,1,1,0,1,1,-2,1,3,0,3,3,3,4,1,0,1,-33,-2,9,7,0,0,1,-1,1,1,1,4,1
KR_6743283180,420,1,0,0,10,0,1,1,5,7,2,-2,2,4,7,7,0,0,2,2,0,16,-27,3,5,8,5,0,1,1,1,1,1,5,1
KR_6733265839,420,3,77,12,4,-2,0,2,3,4,1,1,5,4,2,2,0,0,1,1,-1,9,-30,2,4,6,1,0,2,1,-1,1,-1,3,1
KR_6762337446,420,-1,-5,7,4,-1,1,2,4,5,1,0,2,2,2,3,1,-1,0,1,0,11,-36,-4,6,2,19,0,0,0,1,0,-1,0,1
KR_6776825810,420,2,-1,6,-1,-3,2,5,2,4,2,2,3,1,-1,0,1,-1,0,1,0,5,-48,3,6,9,17,0,0,1,1,1,-1,3,1
KR_6771226467,420,-2,47,-16,-2,0,1,1,0,2,2,2,3,1,-3,1,4,-1,1,2,0,-4,-4,-2,6,4,-1,0,1,-1,1,1,-1,3,1
KR_6774396762,420,3,17,-24,4,2,3,1,0,2,2,4,5,1,-3,3,6,1,2,1,0,4,6,2,6,8,-5,0,0,-1,1,1,-1,1,1
KR_6740922539,420,-2,-22,-12,-7,-3,2,5,-4,1,5,-1,2,3,2,4,2,-1,1,2,1,-3,4,1,8,9,1,0,-1,-1,1,1,1,4,1
KR_6735072688,420,-1,-33,8,4,-1,0,1,2,7,5,2,2,0,0,1,1,1,1,0,1,3,-2,-1,6,5,-5,0,0,1,1,0,1,5,1
KR_6774008937,420,3,35,26,7,0,1,1,3,4,1,-5,0,5,8,9,1,1,1,0,0,6,-30,-4,9,5,2,0,3,1,1,1,1,5,1
KR_6653058766,420,2,25,-5,10,7,7,0,2,6,4,2,3,1,-1,2,3,0,0,0,-1,7,-5,-5,9,4,0,0,1,-1,1,1,-1,1,1
KR_6676977951,420,-1,-3,-13,-6,1,2,1,0,2,2,-6,0,6,-1,6,7,0,1,1,-5,-22,-12,-2,9,7,1,0,1,-1,1,1,-1,3,1
KR_6771354227,420,0,-65,-7,0,-2,0,2,-3,0,3,6,6,0,-1,2,3,0,0,0,0,0,28,2,6,8,-11,0,-1,1,1,-1,1,1,1
KR_6760411067,420,5,52,1,9,1,3,2,5,5,0,2,2,0,1,3,2,0,2,2,0,8,123,3,2,5,-1,0,1,1,1,1,-1,5,1
KR_6773136034,420,0,28,28,6,4,6,2,-3,2,5,2,4,2,1,3,2,2,2,0,1,-3,15,1,6,7,0,0,0,1,1,1,1,5,1
KR_6772205932,420,0,-37,11,-4,0,1,1,-2,2,4,-3,2,5,2,7,5,-1,0,1,0,1,156,-1,5,4,3,0,0,1,-1,1,1,3,1
KR_6766801017,420,1,-19,29,4,1,2,1,-4,1,5,7,8,1,-1,4,5,1,2,1,0,1,-10,-2,9,7,9,0,2,-1,1,1,1,2,1
KR_6777208509,420,2,42,8,7,3,3,0,-2,0,2,-1,2,3,7,9,2,0,2,2,0,5,7,2,3,5,0,0,1,1,1,1,1,1,1
KR_6736737720,420,6,19,7,13,1,3,2,4,4,0,-1,0,1,7,7,0,2,3,1,0,18,5,-2,8,6,-2,0,4,1,1,1,1,6,1
KR_6768174440,420,-1,-45,-8,-5,2,2,0,-7,2,9,-3,2,5,-1,1,2,4,4,0,0,-7,5,3,3,6,-3,0,-1,-1,-1,-1,-1,1,1
KR_6749475990,420,7,61,22,17,2,2,0,1,2,1,3,5,2,7,9,2,4,4,0,2,24,3,3,4,7,3,0,4,1,1,1,1,5,1
KR_6770022096,420,2,87,1,16,0,3,3,5,9,4,5,6,1,9,11,2,-3,0,3,1,15,9,5,1,6,0,0,4,1,-1,1,1,6,1
KR_6766867170,420,1,46,-24,2,5,5,0,-2,1,3,-2,4,6,1,1,0,0,0,0,0,0,-2,3,7,10,-5,0,1,-1,0,1,1,1,1
KR_6738850113,420,4,71,3,10,2,2,0,2,7,5,1,2,1,3,3,0,2,2,0,2,8,-31,-2,7,5,7,0,1,-1,1,1,1,5,1
KR_6775960239,420,1,45,-7,10,0,2,2,1,3,2,1,2,1,7,9,2,1,2,1,0,6,-45,4,6,10,0,0,1,1,-1,1,1,6,1
KR_6770498190,420,5,36,-16,6,-1,0,1,8,9,1,3,3,0,-5,3,8,1,1,0,0,14,0,2,6,8,-1,0,0,-1,1,0,1,3,1
KR_6741193705,420,1,64,-7,0,1,2,1,1,6,5,1,1,0,-1,3,4,-2,0,2,0,-5,-8,1,6,7,5,0,0,-1,1,0,-1,4,1
KR_6774570228,420,1,41,15,4,2,3,1,4,6,2,2,3,1,-3,2,5,-1,0,1,0,2,2,1,6,7,-3,0,1,1,1,1,1,4,1
KR_6776751629,440,0,-34,-7,2,0,0,0,3,4,1,2,4,2,-4,1,5,1,3,2,0,3,-23,0,3,3,-3,0,0,0,-1,0,1,0,1
KR_6758203781,420,0,13,-11,1,0,1,1,0,5,5,3,3,0,-1,2,3,-1,1,2,0,1,-5,3,4,7,-8,0,0,-1,-1,-1,1,4,1
KR_6764993243,420,-3,-1,-3,-6,0,1,1,-2,2,4,-5,0,5,2,2,0,-1,0,1,0,-3,2,2,6,8,1,0,-2,-1,-1,-1,1,1,1
KR_6777881576,420,4,45,17,6,3,3,0,-1,1,2,0,3,3,1,1,0,3,4,1,0,10,6,-3,9,6,0,0,1,1,1,1,1,2,1
KR_6746153930,420,3,13,4,10,2,5,3,3,6,3,3,3,0,1,3,2,1,2,1,0,3,1,-4,9,5,4,0,1,1,1,1,1,6,1
KR_6770853396,420,-1,-2,4,6,1,3,2,2,2,0,-2,1,3,4,8,4,1,1,0,0,10,6,0,5,5,-1,0,0,-1,-1,-1,1,5,1
KR_6718497996,420,1,37,17,8,-8,0,8,3,4,1,2,2,0,2,2,0,9,9,0,0,16,-4,-6,9,3,1,0,0,-1,-1,-1,-1,1,1
KR_6775118586,420,0,-60,4,5,0,2,2,1,5,4,2,5,3,2,2,0,0,0,0,0,5,3,-1,6,5,-1,0,0,1,1,1,-1,6,1
KR_6721688912,420,2,7,-32,14,3,5,2,4,6,2,6,8,2,3,6,3,-2,1,3,2,17,13,0,6,6,4,0,1,1,-1,1,1,2,1
KR_6755974366,420,3,31,11,5,-3,1,4,6,6,0,1,3,2,2,3,1,-1,0,1,1,10,1,3,2,5,0,0,0,-1,1,-1,1,5,1
KR_6731469837,420,1,62,-1,3,-4,1,5,2,4,2,2,7,5,1,3,2,2,3,1,0,6,-57,2,8,10,1,0,2,-1,-1,1,-1,5,1
KR_6777849437,420,2,67,-18,11,0,4,4,2,4,2,7,8,1,1,3,2,1,1,0,0,17,6,3,7,10,1,0,2,1,1,1,-1,6,1
KR_6740749376,420,9,79,27,17,4,6,2,5,7,2,2,3,1,-1,2,3,7,7,0,0,17,2,-1,4,3,-9,0,2,1,1,1,1,2,1
KR_6774136033,420,3,121,14,6,3,3,0,-2,2,4,0,4,4,3,7,4,2,4,2,0,-1,3,5,1,6,0,0,3,1,1,1,1,4,1
KR_6729591435,420,1,42,6,5,-1,6,7,2,3,1,3,4,1,4,6,2,-3,0,3,0,12,12,0,6,6,5,0,1,1,-1,-1,1,6,1
KR_6672531535,420,1,-24,-21,4,3,5,2,-1,4,5,2,3,1,-1,2,3,1,1,0,2,12,-10,3,8,11,8,0,0,1,-1,0,1,1,1
KR_6773357283,420,4,57,5,8,4,5,1,0,1,1,6,7,1,-3,3,6,1,1,0,0,1,210,2,5,7,3,0,1,1,1,1,1,3,1
KR_6730968482,420,1,4,3,2,1,3,2,-1,2,3,4,4,0,-3,1,4,1,2,1,0,-6,-23,2,6,8,-3,0,0,1,1,1,1,5,1
KR_6767665739,420,4,64,23,6,4,6,2,-1,0,1,1,2,1,3,3,0,-1,0,1,0,0,-18,0,7,7,4,0,1,1,1,1,1,5,1
KR_6758984454,420,-4,22,-1,-8,-7,0,7,2,5,3,-3,1,4,1,3,2,-1,0,1,-1,-1,4,5,1,6,-6,0,-1,1,-1,-1,-1,4,1
KR_6768879463,420,-4,-12,0,3,0,2,2,1,3,2,-2,1,3,6,7,1,-2,0,2,0,10,13,1,7,8,-6,0,1,1,-1,-1,1,1,1
KR_6761402930,420,0,-21,-20,2,3,5,2,-1,1,2,3,4,1,-3,0,3,0,1,1,-2,1,-10,3,4,7,4,0,0,-1,1,0,-1,4,1
KR_6693083622,420,0,-49,-24,4,3,4,1,2,2,0,-1,1,2,0,1,1,0,0,0,0,5,0,1,4,5,-2,0,0,-1,-1,0,-1,6,1
KR_6686802716,420,5,115,-23,9,-1,1,2,6,10,4,3,7,4,1,2,1,0,3,3,0,7,6,1,5,6,4,0,3,1,-1,1,-1,1,1
KR_6737668441,420,3,70,23,5,0,4,4,6,8,2,-1,0,1,-1,0,1,1,1,0,0,16,-28,2,5,7,1,0,2,1,1,1,1,5,1
KR_6741915340,420,-1,26,-24,7,2,2,0,1,4,3,-3,0,3,6,6,0,1,2,1,0,12,-24,3,4,7,2,0,1,1,-1,1,1,2,1
KR_6777130779,420,3,22,16,4,2,4,2,1,4,3,-3,0,3,3,4,1,1,3,2,0,-3,-25,6,5,11,0,0,2,-1,1,1,1,2,1
KR_6772614233,420,7,122,38,10,3,3,0,4,6,2,-4,0,4,4,7,3,3,4,1,0,15,-17,-4,8,4,1,0,3,1,-1,1,-1,3,1
KR_6754761063,420,0,17,-2,9,-2,2,4,0,1,1,1,3,2,11,11,0,-1,1,2,0,7,232,1,4,5,-2,0,0,1,-1,-1,1,6,1
KR_6757031928,420,1,4,20,-2,-8,1,9,5,6,1,1,3,2,2,3,1,-2,2,4,0,5,-5,8,1,9,-4,0,-2,1,-1,-1,-1,2,1
KR_6673928675,420,4,65,16,14,1,2,1,6,9,3,5,5,0,4,4,0,-2,0,2,0,17,-10,-9,14,5,5,0,1,0,1,1,1,0,1
KR_6767764697,420,2,52,-6,7,-1,2,3,2,3,1,4,6,2,3,4,1,-1,0,1,0,11,8,0,5,5,-3,0,1,1,1,1,1,4,1
KR_6777242060,420,0,7,-1,7,2,4,2,1,2,1,4,4,0,1,2,1,-1,0,1,1,7,1,4,6,10,1,0,0,1,-1,0,1,2,1
KR_6774922992,420,2,39,16,1,1,3,2,-3,1,4,1,4,3,1,2,1,1,3,2,0,-7,46,2,4,6,1,0,0,1,-1,0,1,2,1
KR_6774791949,420,-3,-52,-18,1,2,2,0,1,3,2,-2,1,3,2,5,3,-2,0,2,0,-1,-12,-6,10,4,6,0,1,1,-1,1,1,4,1
KR_6774723547,420,0,23,16,0,-2,1,3,0,2,2,1,3,2,1,3,2,0,0,0,0,7,4,0,11,11,0,0,-1,-1,-1,-1,-1,6,1
KR_6775031866,420,-1,-13,18,2,0,3,3,-2,1,3,3,4,1,1,2,1,0,0,0,0,3,47,5,5,10,-6,0,0,-1,1,1,1,1,1
KR_6763763614,420,2,105,9,1,7,7,0,3,7,4,-3,0,3,-3,0,3,-3,1,4,0,-15,-11,-10,12,2,-4,0,1,-1,1,1,-1,1,1
KR_6702763989,420,2,21,-17,4,2,2,0,-1,4,5,-1,1,2,5,8,3,-1,0,1,2,4,7,4,2,6,-1,0,0,0,-1,0,1,0,1
KR_6762561221,420,4,5,31,8,1,3,2,1,5,4,1,3,2,3,4,1,2,2,0,0,9,29,-2,7,5,-11,0,0,-1,1,1,1,1,1
KR_6740348805,420,0,12,4,0,-4,0,4,4,7,3,0,1,1,0,1,1,0,0,0,0,2,23,-1,8,7,3,0,0,1,-1,-1,1,2,1
KR_6776835744,420,-1,20,17,-4,-1,1,2,-2,0,2,-1,0,1,2,3,1,-2,0,2,0,-6,-17,0,4,4,3,0,-1,1,-1,-1,1,3,1
KR_6766387218,420,0,-29,-10,1,-3,0,3,0,1,1,4,5,1,0,2,2,0,0,0,0,5,-9,4,3,7,14,0,-1,-1,1,-1,-1,2,1
KR_6771550407,420,-2,16,16,-3,-1,0,1,2,4,2,-4,0,4,1,2,1,-1,2,3,0,-9,10,-4,11,7,5,0,0,1,-1,0,-1,2,1
KR_6774461836,420,-2,24,-20,-2,0,4,4,-1,0,1,-3,2,5,0,3,3,2,2,0,0,-3,-27,1,4,5,2,0,-1,1,-1,-1,1,2,1
KR_6766354538,420,3,-16,8,7,3,5,2,1,2,1,3,4,1,3,3,0,-3,0,3,0,10,11,8,2,10,-1,0,1,1,-1,1,1,6,1
KR_6774474892,420,-1,-41,-21,0,2,3,1,-5,3,8,-2,1,3,4,5,1,1,1,0,0,-3,3,1,3,4,1,0,0,-1,1,-1,-1,5,1
KR_6769626551,420,4,40,34,12,3,3,0,1,5,4,3,4,1,4,6,2,1,2,1,0,17,-3,5,5,10,-4,0,3,1,-1,1,1,1,1
KR_6767696654,420,3,64,18,9,0,1,1,3,4,1,1,2,1,5,6,1,0,0,0,1,12,43,2,5,7,-16,0,0,1,-1,1,1,4,1
KR_6777872467,420,2,6,-4,9,0,2,2,4,6,2,1,1,0,1,2,1,3,3,0,0,17,-64,-2,8,6,-6,0,-1,1,1,-1,-1,1,1
KR_6776131563,420,1,34,32,3,4,5,1,-1,0,1,2,4,2,-3,3,6,1,3,2,0,0,-23,1,6,7,1,0,0,1,1,-1,-1,5,1
KR_6724786582,420,0,33,-15,1,3,3,0,4,9,5,-4,2,6,0,2,2,-2,2,4,1,2,-10,-1,7,6,0,0,0,-1,-1,-1,-1,3,1
KR_6767107719,420,-1,3,-9,1,-2,0,2,-1,2,3,-3,1,4,5,5,0,2,2,0,-1,0,10,0,5,5,-9,0,0,-1,-1,0,-1,4,1
KR_6684370353,420,4,101,32,8,5,5,0,3,7,4,0,3,3,2,3,1,-2,0,2,1,2,6,7,5,12,-3,0,3,1,1,1,1,5,1
KR_6740833779,420,7,52,3,16,3,5,2,6,6,0,4,5,1,2,3,1,1,1,0,0,21,16,3,4,7,-1,0,1,1,-1,1,1,1,1
KR_6761193779,420,0,-18,31,1,1,2,1,-1,1,2,-1,1,2,2,6,4,0,1,1,0,1,-5,0,9,9,-1,0,1,1,1,1,-1,1,1
KR_6774079499,420,3,53,21,4,-2,1,3,5,6,1,3,8,5,3,3,0,-5,0,5,0,5,-4,-2,7,5,3,0,3,1,-1,1,1,6,1
KR_6730083910,420,-4,-16,-24,-9,2,4,2,-5,1,6,-4,1,5,-1,2,3,-1,0,1,0,-5,-19,6,1,7,-2,0,0,-1,-1,0,-1,3,1
KR_6769897340,420,2,-11,19,3,0,1,1,5,5,0,-2,4,6,0,2,2,0,1,1,0,5,-1,0,3,3,-1,0,0,1,-1,-1,1,6,1
KR_6735663233,420,1,36,25,5,3,6,3,5,5,0,-1,1,2,-3,1,4,1,2,1,0,1,42,1,7,8,-3,0,2,0,1,1,1,0,1
KR_6721608411,420,4,29,-6,10,-3,0,3,3,5,2,7,7,0,5,5,0,-2,0,2,0,16,3,-2,6,4,-1,0,0,1,1,-1,1,3,1
KR_6760097862,420,1,29,16,3,0,1,1,0,4,4,-5,1,6,8,9,1,0,1,1,2,5,-7,-4,7,3,3,0,1,1,1,1,1,2,1
KR_6775392457,420,0,46,-17,3,-1,1,2,3,9,6,3,4,1,-2,1,3,0,1,1,1,-2,0,-2,7,5,2,0,1,1,-1,1,1,4,1
KR_6759109231,420,2,-1,26,4,0,4,4,2,4,2,3,4,1,1,3,2,-2,0,2,-1,2,5,0,4,4,6,0,2,0,1,1,-1,0,1
KR_6770838902,420,0,-28,22,2,0,1,1,0,1,1,3,6,3,-2,2,4,1,1,0,0,1,290,1,6,7,1,0,0,1,0,0,1,1,1
KR_6736632386,420,1,59,28,8,5,5,0,0,7,7,1,2,1,0,1,1,2,2,0,1,5,-93,1,3,4,-1,0,1,1,-1,1,1,2,1
KR_6777460119,420,1,-22,-4,5,-2,0,2,1,3,2,-2,2,4,6,6,0,2,2,0,1,18,32,-5,8,3,-1,0,0,1,1,1,1,2,1
KR_6772837208,420,3,26,1,4,-4,0,4,1,1,0,1,3,2,4,4,0,2,2,0,1,4,-32,-5,10,5,9,0,0,1,-1,1,1,3,1
KR_6749430145,420,2,-4,23,3,-1,2,3,2,3,1,3,3,0,0,1,1,-1,0,1,0,3,-4,-2,9,7,4,0,1,1,1,1,1,6,1
KR_6722826700,420,4,-43,52,10,6,9,3,1,1,0,1,2,1,3,5,2,-1,1,2,0,5,12,5,4,9,-6,0,0,1,-1,-1,1,5,1
KR_6733127876,420,-2,36,-4,0,-1,1,2,-8,0,8,5,7,2,1,2,1,3,3,0,0,-13,1,4,6,10,2,0,-1,1,-1,1,1,4,1
KR_6758261535,420,5,6,-2,8,0,1,1,1,2,1,3,3,0,4,5,1,0,0,0,0,12,0,0,11,11,1,0,1,1,-1,1,1,2,1
KR_6732649030,420,-3,8,-5,-6,-1,1,2,1,5,4,3,6,3,-7,0,7,-2,0,2,0,-10,-143,-3,9,6,-2,0,-1,1,0,-1,-1,1,1
KR_6775159072,420,7,78,66,12,3,4,1,1,2,1,2,2,0,5,6,1,1,1,0,0,29,-111,3,3,6,4,0,2,1,1,1,-1,1,1
KR_6767500603,420,-1,-11,-7,1,-1,1,2,0,0,0,-2,2,4,-1,1,2,5,5,0,0,3,22,0,7,7,8,0,0,0,1,0,-1,0,1
KR_6772050487,440,1,15,47,-3,0,1,1,-1,0,1,-3,1,4,-1,2,3,2,2,0,-2,-15,0,-2,6,4,0,0,0,-1,1,0,-1,5,1
KR_6774947987,420,0,-10,1,8,-1,1,2,-3,0,3,5,5,0,6,10,4,1,2,1,2,13,6,3,5,8,-5,0,1,1,-1,1,1,3,1
KR_6777656459,420,0,26,-32,6,2,2,0,-1,3,4,2,4,2,4,5,1,-1,2,3,0,6,-15,5,4,9,-2,0,1,1,-1,1,1,2,1
KR_6769687109,420,-1,-2,19,0,0,1,1,0,3,3,-3,2,5,5,6,1,-2,1,3,1,1,0,2,8,10,0,0,0,1,1,1,1,5,1
KR_6777294421,420,1,-24,3,3,0,1,1,-1,4,5,0,1,1,4,4,0,0,1,1,-1,8,-12,-1,8,7,8,0,2,1,1,1,-1,2,1
KR_6772917058,420,0,7,-8,-2,-5,3,8,0,1,1,0,2,2,3,4,1,0,1,1,0,7,3,-3,8,5,2,0,2,1,1,1,1,2,1
KR_6775981549,420,-1,12,-24,-2,2,4,2,-7,0,7,-1,2,3,3,6,3,1,1,0,0,-8,-25,-1,6,5,0,0,-1,-1,-1,-1,1,2,1
KR_6773531782,420,0,-44,-32,9,2,2,0,2,3,1,1,5,4,3,3,0,1,3,2,0,18,136,5,3,8,0,0,0,1,1,1,1,4,1
KR_6776084654,420,1,12,-4,2,3,3,0,-1,2,3,0,0,0,1,1,0,-1,0,1,0,-1,-17,-1,5,4,9,0,1,1,1,1,1,5,1
KR_6703978476,420,5,23,-12,18,3,4,1,6,9,3,4,5,1,4,6,2,1,2,1,0,30,47,8,3,11,-6,0,1,-1,1,1,1,2,1
KR_6685109288,440,6,45,32,8,2,3,1,5,5,0,-1,2,3,1,6,5,1,2,1,0,10,1,3,3,6,3,0,2,-1,1,1,-1,3,1
KR_6776305165,420,1,3,4,1,-3,0,3,1,2,1,2,5,3,2,2,0,-1,0,1,0,2,4,2,2,4,-1,0,1,1,-1,1,-1,2,1
KR_6774523742,420,0,-20,-19,1,0,0,0,0,3,3,-1,1,2,2,3,1,0,0,0,0,3,1,3,7,10,2,0,0,1,0,0,-1,3,1
KR_6671605382,420,3,125,24,10,5,6,1,0,3,3,5,9,4,-1,2,3,1,1,0,0,-5,13,1,1,2,0,0,3,1,1,1,1,6,1
KR_6739578733,440,1,50,8,-4,1,1,0,-1,2,3,1,3,2,-2,2,4,-3,4,7,0,-17,-14,-2,5,3,-1,0,-1,0,1,1,1,0,1
KR_6775297907,420,4,24,1,8,0,2,2,0,2,2,1,2,1,6,6,0,1,1,0,0,8,53,-2,7,5,-26,0,2,1,1,1,1,4,1
KR_6698393863,420,5,56,21,16,0,2,2,7,9,2,4,4,0,5,5,0,0,2,2,0,17,1,2,6,8,1,0,0,1,-1,1,1,1,1
KR_6713434268,420,4,111,18,5,3,3,0,0,1,1,2,4,2,-3,3,6,3,3,0,1,-2,22,4,8,12,-4,0,1,1,1,1,1,2,1
KR_6652701529,420,3,15,24,5,-2,2,4,-1,3,4,4,4,0,3,4,1,1,2,1,0,-2,-3,3,5,8,0,0,1,1,1,1,1,4,1
KR_6776549010,420,3,6,8,6,0,2,2,-1,1,2,3,5,2,5,7,2,-1,0,1,0,7,8,4,4,8,0,0,1,1,-1,1,1,3,1
KR_6777477761,440,-1,-52,-32,5,2,6,4,-5,0,5,3,5,2,3,3,0,2,2,0,0,16,86,0,4,4,2,0,2,1,-1,1,1,3,1
KR_6776001161,420,1,-15,9,-1,0,2,2,2,2,0,-1,1,2,-1,1,2,-1,0,1,0,2,-5,-2,5,3,-7,0,0,-1,-1,0,-1,6,1
KR_6696928027,420,4,63,10,2,-1,2,3,-4,0,4,2,3,1,4,8,4,1,4,3,1,3,-41,8,3,11,9,0,0,1,-1,1,1,1,1
KR_6702755056,420,7,71,23,21,5,5,0,1,5,4,3,5,2,10,11,1,2,2,0,0,16,14,2,7,9,-3,0,2,1,0,1,1,2,1
KR_6752584551,420,4,3,19,6,2,2,0,2,3,1,0,1,1,0,2,2,2,2,0,0,7,2,-1,10,9,-9,0,1,1,-1,1,-1,4,1
KR_6761222921,420,3,23,13,4,4,5,1,-1,1,2,-3,1,4,4,5,1,0,1,1,0,8,11,4,3,7,3,0,1,1,1,1,1,6,1
KR_6776540819,420,5,25,-6,9,5,5,0,3,4,1,1,1,0,1,4,3,-1,1,2,0,10,6,-1,8,7,-4,0,1,-1,-1,1,-1,2,1
KR_6775561582,440,-1,11,-6,-6,-3,1,4,-1,3,4,-3,2,5,1,1,0,0,1,1,0,0,72,0,5,5,-1,0,1,-1,1,1,1,3,1
KR_6769587132,420,2,28,22,7,-2,2,4,6,6,0,1,7,6,3,4,1,-1,0,1,0,10,6,3,6,9,-2,0,2,1,1,1,-1,6,1
KR_6772266335,420,3,8,56,1,3,4,1,4,7,3,3,7,4,-8,2,10,-1,2,3,2,-7,3,-1,4,3,-3,0,1,1,1,1,1,4,1
KR_6765238463,420,-3,12,-15,-10,1,1,0,-4,2,6,2,5,3,-4,1,5,-5,0,5,-1,-12,-1,-3,6,3,-1,0,-1,-1,-1,-1,-1,3,1
KR_6746875264,420,3,44,38,0,0,1,1,-2,2,4,1,1,0,2,3,1,-1,1,2,0,-4,6,-3,10,7,5,0,0,1,-1,0,-1,3,1
KR_6775178160,420,2,64,19,6,-2,0,2,-2,1,3,-1,2,3,10,14,4,1,2,1,0,-1,14,2,8,10,0,0,0,1,1,1,1,5,1
KR_6775271867,440,2,-35,-8,11,0,1,1,3,4,1,7,7,0,1,5,4,0,0,0,0,13,8,6,2,8,-2,0,0,-1,0,0,1,1,1
KR_6774232583,420,3,4,-11,11,2,2,0,0,2,2,4,4,0,4,4,0,1,2,1,0,14,18,-3,7,4,3,0,1,1,-1,1,-1,4,1
KR_6767934528,420,2,50,13,2,2,2,0,-1,0,1,1,1,0,0,2,2,0,0,0,0,2,28,0,4,4,4,0,-1,-1,-1,-1,-1,1,1
KR_6768502599,420,6,90,27,6,3,4,1,0,2,2,-4,0,4,8,10,2,-1,1,2,0,5,6,2,5,7,-3,0,1,1,-1,1,-1,4,1
KR_6768206243,420,2,25,-30,7,-2,1,3,-1,1,2,4,5,1,6,6,0,0,0,0,0,11,91,3,7,10,-2,0,1,1,1,1,-1,6,1
KR_6775445552,420,0,-7,11,0,2,2,0,1,2,1,1,4,3,-3,1,4,-1,2,3,0,2,4,2,7,9,-4,0,-1,-1,1,-1,-1,4,1
KR_6777192895,420,2,58,8,-3,2,3,1,-1,1,2,-4,0,4,-1,3,4,1,1,0,0,-11,-7,-4,10,6,0,0,1,-1,1,1,1,5,1
KR_6666425075,420,-2,34,-12,-5,-4,3,7,-2,1,3,2,3,1,0,4,4,-1,0,1,0,-1,-7,-4,5,1,3,0,-1,-1,-1,-1,1,4,1
KR_6761273431,420,4,52,-20,14,1,2,1,-2,2,4,8,9,1,3,5,2,4,4,0,0,6,3,-2,6,4,-1,0,2,1,-1,1,1,3,1
KR_6771878699,420,4,-33,65,3,-2,1,3,4,5,1,1,3,2,-1,2,3,1,1,0,0,0,-2,-2,5,3,-1,0,0,1,1,1,-1,1,1
KR_6777181815,420,-1,-28,-2,-1,-2,3,5,1,1,0,2,2,0,-3,6,9,1,1,0,0,3,-3,-6,12,6,-2,0,0,1,-1,-1,1,4,1
KR_6761725296,440,-1,-27,12,-3,1,3,2,-3,1,4,-3,3,6,4,5,1,-2,4,6,3,7,0,1,6,7,1,0,0,1,-1,-1,1,3,1
KR_6772260596,420,1,-42,-12,5,0,2,2,1,4,3,0,3,3,2,5,3,2,2,0,0,10,-11,-3,9,6,2,0,1,1,1,1,-1,6,1
KR_6668394902,420,8,79,11,12,3,4,1,4,4,0,3,4,1,2,4,2,0,0,0,1,4,48,4,5,9,-2,0,4,1,1,1,1,5,1
KR_6776006877,420,0,85,21,3,3,7,4,-2,3,5,3,5,2,-1,3,4,0,0,0,1,-2,-6,-2,6,4,-8,0,0,1,-1,-1,-1,3,1
KR_6775689694,420,4,34,-19,6,3,3,0,0,2,2,2,3,1,0,1,1,1,2,1,0,1,98,1,5,6,9,0,1,1,-1,1,1,6,1
KR_6770759422,420,-1,-25,-17,2,4,4,0,-3,4,7,-1,2,3,2,9,7,0,1,1,0,4,-28,-6,12,6,10,0,-2,-1,1,-1,1,5,1
KR_6730328123,420,0,11,-13,1,3,3,0,-2,1,3,-2,1,3,2,2,0,0,0,0,0,3,6,3,3,6,4,0,0,1,-1,0,1,2,1
KR_6764137606,420,1,51,10,3,2,4,2,4,5,1,-1,4,5,-2,0,2,0,0,0,0,1,-13,-5,8,3,-3,0,1,1,1,1,1,4,1
KR_6728962486,420,1,11,-26,1,0,3,3,1,4,3,-1,4,5,1,1,0,0,0,0,0,5,-66,3,5,8,1,0,0,1,-1,0,-1,5,1
KR_6628954203,420,-1,23,12,-4,2,2,0,-1,1,2,-1,2,3,-4,1,5,0,0,0,0,-6,31,-1,5,4,-3,0,-1,-1,-1,-1,1,5,1
KR_6777846162,420,1,-8,-31,7,4,4,0,2,2,0,-2,2,4,4,7,3,-1,0,1,0,9,20,-4,8,4,-2,0,3,-1,1,1,1,2,1
KR_6676905076,420,4,20,33,3,-4,0,4,6,7,1,4,4,0,-4,2,6,1,2,1,0,-3,0,5,5,10,0,0,0,1,1,1,1,1,1
KR_6665127308,420,5,4,21,5,1,1,0,5,5,0,2,2,0,-1,2,3,-2,0,2,0,2,1,-2,6,4,0,0,0,1,-1,0,-1,3,1
KR_6771981922,440,2,68,0,9,4,4,0,0,3,3,1,2,1,6,8,2,-2,2,4,2,12,88,1,6,7,3,0,-1,-1,-1,-1,1,1,1
KR_6772251222,420,5,11,-9,5,0,3,3,5,6,1,-2,2,4,2,2,0,0,0,0,0,6,39,4,4,8,0,0,1,1,-1,1,1,6,1
KR_6776941589,420,-2,-25,4,-2,-2,1,3,-1,2,3,2,3,1,1,2,1,-2,0,2,0,0,0,-4,12,8,3,0,-1,-1,1,-1,-1,4,1
KR_6762853996,420,2,-1,-2,0,6,6,0,-1,0,1,-1,0,1,-2,1,3,-2,0,2,0,-1,43,-4,7,3,4,0,1,-1,-1,-1,1,1,1
KR_6777616510,420,7,104,29,15,3,3,0,7,10,3,2,3,1,3,3,0,0,0,0,1,11,-18,0,5,5,5,0,4,1,1,1,1,5,1
KR_6748287857,420,-1,-51,28,4,0,2,2,2,4,2,2,3,1,0,1,1,0,1,1,0,8,7,0,6,6,14,0,0,1,1,1,-1,5,1
KR_6766454852,420,0,56,17,-4,-1,1,2,-1,5,6,-1,0,1,-1,4,5,0,2,2,0,-7,110,-3,7,4,1,0,0,-1,-1,1,-1,3,1
KR_6624429645,420,-1,-24,-14,5,1,2,1,1,1,0,6,9,3,-2,3,5,-1,1,2,0,1,4,8,5,13,-3,0,0,1,-1,0,-1,2,1
KR_6776379283,440,7,91,43,17,8,8,0,1,1,0,5,6,1,3,5,2,0,0,0,0,21,9,6,4,10,-3,0,3,1,1,1,1,2,1
KR_6776729431,420,1,44,38,-1,3,6,3,-3,0,3,2,8,6,-4,3,7,1,1,0,-2,-10,-7,-3,9,6,5,0,1,-1,-1,1,-1,1,1
KR_6768048405,420,1,57,-28,8,4,4,0,3,4,1,2,5,3,2,2,0,-3,0,3,0,7,52,4,2,6,-22,0,1,1,-1,1,1,1,1
KR_6750333218,420,6,8,22,12,2,2,0,3,4,1,0,2,2,8,9,1,-1,1,2,0,14,3,1,6,7,7,0,2,1,1,1,1,2,1
KR_6777155075,420,6,117,12,15,2,2,0,3,5,2,3,4,1,6,8,2,1,4,3,0,14,14,-3,10,7,-4,0,1,-1,1,1,1,3,1
KR_6737330695,420,4,18,16,16,0,2,2,5,7,2,6,7,1,5,7,2,0,2,2,0,14,-24,0,8,8,-3,0,1,1,1,1,1,2,1
KR_6760027725,420,1,-38,-18,8,2,3,1,0,2,2,4,5,1,1,3,2,1,1,0,0,9,-17,0,4,4,1,0,0,1,-1,0,-1,4,1
KR_6776553187,420,1,43,33,3,2,3,1,-5,3,8,3,3,0,3,4,1,0,0,0,1,-8,9,-2,10,8,-3,0,3,1,1,1,-1,6,1
KR_6751093435,420,4,51,10,8,5,5,0,0,2,2,7,7,0,-3,1,4,-1,0,1,1,14,5,2,2,4,3,0,2,1,1,1,1,3,1
KR_6775564178,420,2,7,16,5,0,1,1,-1,1,2,4,5,1,1,1,0,1,1,0,0,8,-6,-2,6,4,3,0,0,1,1,0,1,5,1
KR_6764674371,420,0,20,-32,2,-1,0,1,1,3,2,2,4,2,0,3,3,0,2,2,0,4,8,-2,8,6,1,0,0,1,-1,-1,-1,4,1
KR_6720009214,420,4,57,-14,8,1,2,1,2,4,2,2,5,3,1,7,6,2,2,0,2,4,8,8,1,9,1,0,1,1,1,1,1,5,1
KR_6772670384,420,2,-14,-17,-1,0,1,1,0,3,3,2,5,3,-2,2,4,-1,0,1,2,3,-23,0,8,8,-2,0,-1,1,-1,-1,1,5,1
KR_6760063134,420,2,-22,-16,8,4,4,0,5,5,0,1,3,2,-2,4,6,0,2,2,0,9,-7,-3,8,5,5,0,1,1,1,1,-1,6,1
KR_6710817630,420,-1,36,25,4,-2,1,3,0,4,4,2,2,0,4,7,3,0,0,0,0,1,-2,-2,7,5,4,0,1,1,-1,1,-1,1,1
KR_6683290260,420,8,75,-16,15,1,2,1,4,4,0,6,6,0,4,6,2,0,1,1,0,24,7,6,2,8,0,0,0,1,-1,1,-1,6,1
KR_6752079531,420,3,24,42,5,0,1,1,4,5,1,1,2,1,-1,1,2,1,1,0,0,4,40,-4,10,6,6,0,1,1,1,1,1,5,1
KR_6728001111,440,0,6,-57,1,10,10,0,-4,0,4,-1,2,3,-3,1,4,-1,4,5,0,-2,-20,-1,6,5,2,0,2,-1,1,1,1,5,1
KR_6773517233,420,0,-35,-13,-5,-2,0,2,-3,2,5,0,4,4,0,1,1,0,1,1,0,-6,2,-1,5,4,0,0,0,-1,-1,-1,-1,1,1
KR_6776312131,440,2,7,15,2,0,2,2,3,4,1,-3,5,8,3,4,1,-1,2,3,1,8,6,1,7,8,3,0,0,0,0,0,1,0,1
KR_6776057825,420,1,31,0,4,-1,3,4,-3,2,5,-1,1,2,8,9,1,1,1,0,0,16,32,1,5,6,5,0,1,1,-1,-1,1,1,1
KR_6766202281,420,4,30,24,7,3,5,2,1,3,2,2,2,0,1,4,3,0,0,0,0,1,288,-4,11,7,3,0,-1,1,-1,-1,-1,5,1
KR_6771620632,420,2,48,4,1,3,3,0,0,4,4,-1,4,5,-2,0,2,1,1,0,0,-7,1,3,7,10,2,0,0,1,1,1,-1,1,1
KR_6777009379,420,1,-23,-17,3,1,2,1,2,3,1,-1,3,4,0,2,2,1,1,0,0,2,33,-2,6,4,-10,0,2,-1,1,1,1,4,1
KR_6741891381,420,0,-28,17,2,-1,3,4,4,5,1,-2,1,3,1,5,4,0,1,1,-1,1,0,-3,7,4,0,0,0,1,1,0,-1,3,1
KR_6772324650,420,-2,-15,-27,-3,2,2,0,0,5,5,-2,1,3,-1,2,3,-2,0,2,0,0,8,2,5,7,3,0,0,-1,1,0,-1,4,1
KR_6760234158,420,-1,13,8,3,1,3,2,3,4,1,-3,1,4,2,4,2,0,1,1,0,1,4,1,3,4,3,0,2,1,1,1,1,4,1
KR_6774171331,420,-2,29,-12,4,2,3,1,0,1,1,-1,2,3,3,4,1,0,1,1,1,5,-309,-1,7,6,3,0,-1,1,-1,-1,1,5,1
KR_6771773219,440,-2,36,-10,-5,0,0,0,0,6,6,-4,2,6,1,3,2,-2,0,2,0,-12,7,2,5,7,0,0,0,1,-1,0,-1,4,1
KR_6762992106,420,3,-9,28,5,2,3,1,6,9,3,1,2,1,-4,2,6,0,1,1,0,6,1,3,4,7,-1,0,1,1,-1,1,-1,5,1
KR_6773035292,420,4,75,-1,2,0,0,0,-3,1,4,-1,7,8,3,6,3,3,3,0,0,-2,38,0,5,5,-21,0,0,1,1,1,1,2,1
KR_6678104386,420,0,55,2,5,0,3,3,-1,1,2,1,1,0,4,4,0,1,1,0,0,3,6,7,4,11,0,0,-1,1,-1,-1,1,6,1
KR_6774343961,420,5,66,50,5,1,1,0,1,3,2,2,4,2,0,4,4,1,2,1,0,8,-12,-3,6,3,6,0,1,1,1,1,1,4,1
KR_6776622842,420,2,28,30,8,4,5,1,8,8,0,-2,1,3,-3,1,4,1,3,2,0,-3,1,4,3,7,-3,0,-1,1,-1,-1,1,3,1
KR_6740765231,420,0,-8,-20,9,6,6,0,2,5,3,3,3,0,-2,6,8,0,0,0,2,18,-4,2,6,8,-2,0,0,1,-1,0,1,5,1
KR_6777453628,420,-1,-4,-4,-5,1,2,1,-2,1,3,-1,1,2,-3,0,3,0,0,0,0,-17,-4,0,5,5,1,0,-1,1,1,-1,-1,3,1
KR_6776998706,420,3,-6,-6,15,2,3,1,4,4,0,3,3,0,3,3,0,3,3,0,0,18,-19,4,3,7,-3,0,3,1,1,1,1,1,1
KR_6768984737,420,3,5,15,5,-1,0,1,0,3,3,2,6,4,3,4,1,1,1,0,-1,3,169,-1,8,7,-1,0,1,1,-1,1,-1,4,1
KR_6771092047,420,3,75,37,8,4,4,0,2,3,1,-1,6,7,3,3,0,0,0,0,1,9,13,6,4,10,0,0,1,1,1,1,1,2,1
KR_6681333606,420,3,25,29,5,5,5,0,3,3,0,-1,2,3,-1,2,3,-1,0,1,0,6,45,4,6,10,0,0,0,-1,1,1,-1,6,1
KR_6775158889,420,2,-12,-1,6,2,2,0,0,2,2,0,0,0,2,2,0,2,2,0,0,8,55,-1,4,3,6,0,2,1,1,1,1,5,1
KR_6775356102,420,1,7,-3,5,0,1,1,4,5,1,-1,2,3,1,3,2,1,2,1,0,5,-14,-3,5,2,7,0,0,1,-1,-1,1,4,1
KR_6766973548,420,0,59,14,0,3,3,0,4,8,4,-8,1,9,2,4,2,-1,0,1,0,-3,-14,-7,12,5,10,0,1,-1,1,1,-1,3,1
KR_6693195688,420,0,32,5,0,1,2,1,1,3,2,-1,1,2,-4,1,5,3,3,0,0,0,7,3,6,9,1,0,0,0,1,1,-1,0,1
KR_6726873003,440,4,78,23,11,-1,1,2,0,3,3,5,6,1,6,7,1,1,1,0,0,12,24,1,3,4,1,0,3,1,1,1,-1,6,1
KR_6771002977,420,5,59,-6,9,4,4,0,4,4,0,0,3,3,0,1,1,1,1,0,0,4,-19,4,2,6,3,0,1,-1,-1,1,1,4,1
KR_6772032312,440,2,51,-16,3,3,3,0,8,9,1,-2,1,3,-2,0,2,-4,1,5,2,4,41,9,4,13,-18,0,0,-1,1,1,1,5,1
KR_6776497449,420,1,19,20,6,4,4,0,3,10,7,-1,2,3,0,2,2,0,1,1,0,4,5,1,2,3,-6,0,1,1,1,1,-1,6,1
KR_6721171056,420,4,-3,8,7,1,1,0,-2,5,7,8,8,0,1,5,4,-1,0,1,0,-3,44,4,9,13,-2,0,1,1,-1,1,1,6,1
KR_6772333971,420,1,13,-12,4,1,3,2,0,3,3,3,5,2,-1,2,3,1,1,0,0,15,-8,-5,9,4,1,0,0,-1,1,0,-1,1,1
KR_6772389661,420,3,-14,8,5,3,4,1,0,3,3,-1,3,4,3,7,4,0,1,1,-1,7,17,4,5,9,-2,0,0,1,-1,1,-1,1,1
KR_6713466205,420,5,8,28,6,2,2,0,4,7,3,3,6,3,0,1,1,-3,1,4,0,-6,-90,-5,9,4,1,0,2,1,1,1,-1,2,1
KR_6764539467,420,5,45,-16,16,6,7,1,4,5,1,-1,2,3,7,7,0,0,0,0,0,23,2,2,3,5,0,0,2,1,1,1,1,3,1
KR_6772832273,420,1,-25,-10,2,0,1,1,3,4,1,-1,2,3,2,3,1,-2,1,3,-1,7,12,4,4,8,2,0,0,-1,-1,0,-1,5,1
KR_6748331539,420,2,53,-4,0,-1,0,1,2,4,2,-3,0,3,0,1,1,2,2,0,0,-3,8,3,5,8,3,0,2,-1,1,1,1,1,1
KR_6765259152,420,3,56,10,3,-4,0,4,1,1,0,2,2,0,4,4,0,0,0,0,0,4,-46,0,4,4,2,0,1,1,1,1,-1,6,1
KR_6634346243,420,2,11,7,5,2,2,0,2,5,3,0,0,0,0,1,1,1,1,0,0,3,6,-1,8,7,-4,0,1,1,-1,1,1,5,1
KR_6773844969,420,3,73,1,6,1,1,0,2,3,1,0,1,1,4,4,0,-1,0,1,0,6,9,0,3,3,-3,0,1,1,1,1,1,6,1
KR_6763005266,440,1,58,16,5,2,2,0,0,2,2,-2,0,2,1,2,1,4,6,2,0,4,-2,1,6,7,2,0,-1,-1,1,1,-1,1,1
KR_6721659236,420,9,98,19,14,2,3,1,1,3,2,3,4,1,6,7,1,2,2,0,0,17,16,-2,9,7,4,0,3,1,-1,1,-1,5,1
KR_6777779221,420,7,67,16,19,2,4,2,4,6,2,6,12,6,7,10,3,0,1,1,2,32,-9,-4,6,2,1,0,0,1,1,1,1,2,1
KR_6777875258,420,5,71,18,13,5,7,2,5,6,1,0,1,1,2,6,4,1,1,0,0,20,-2,-4,10,6,5,0,2,1,1,1,-1,5,1
KR_6771291162,420,2,7,2,2,2,2,0,-7,1,8,4,7,3,3,5,2,0,1,1,0,6,-21,1,6,7,-4,0,2,-1,-1,1,-1,6,1
KR_6752253698,420,3,11,-16,9,-1,0,1,2,5,3,0,0,0,5,10,5,3,4,1,0,10,-34,7,5,12,14,0,1,1,1,1,1,4,1
KR_6776197197,420,2,-21,15,4,2,3,1,1,2,1,2,3,1,-1,0,1,0,0,0,0,6,-95,-1,5,4,2,0,0,-1,1,1,-1,5,1
KR_6774518661,420,3,6,16,8,2,5,3,3,6,3,0,3,3,6,7,1,-3,2,5,-1,4,-14,-1,7,6,-3,0,-1,1,-1,-1,-1,3,1
KR_6752601187,420,2,-42,6,7,3,3,0,1,2,1,0,0,0,0,1,1,3,3,0,0,13,4,3,2,5,4,0,1,1,1,1,-1,1,1
KR_6774102642,420,2,70,3,-6,3,4,1,-3,3,6,-6,0,6,-1,4,5,1,2,1,0,-18,-47,-3,7,4,5,0,1,-1,1,1,1,6,1
KR_6738861264,420,5,64,16,15,-2,0,2,9,10,1,0,5,5,6,6,0,2,3,1,0,12,13,0,6,6,2,0,3,1,1,1,-1,3,1
KR_6771981726,420,-1,66,7,1,-1,6,7,-2,3,5,-2,2,4,5,5,0,1,4,3,1,5,17,6,1,7,-6,0,4,1,1,1,1,5,1
KR_6776260120,420,3,15,9,11,2,2,0,5,6,1,3,5,2,5,6,1,-4,0,4,0,12,4,1,6,7,5,0,0,1,1,1,-1,5,1
KR_6761739863,420,1,-33,14,4,-1,0,1,0,2,2,7,7,0,1,5,4,-3,0,3,-2,9,-7,-3,7,4,4,0,0,1,1,1,-1,3,1
KR_6775403162,420,3,19,15,4,0,0,0,0,5,5,2,2,0,1,3,2,1,1,0,0,1,13,3,7,10,-4,0,1,1,-1,1,1,4,1
KR_6759640032,420,3,71,-10,10,0,1,1,3,4,1,6,6,0,1,3,2,0,1,1,0,14,7,2,7,9,0,0,0,-1,1,1,1,5,1
KR_6744969951,420,-1,-16,-32,3,0,2,2,-2,4,6,3,5,2,2,2,0,0,0,0,0,10,11,0,8,8,3,0,1,1,-1,-1,-1,6,1
KR_6759298995,420,-3,-10,0,0,-4,1,5,2,5,3,4,6,2,-2,0,2,0,1,1,0,11,-3,0,8,8,6,0,1,1,1,1,1,4,1
KR_6766790726,420,5,90,15,6,-2,2,4,4,6,2,3,6,3,0,1,1,1,1,0,0,6,-4,-4,9,5,5,0,1,1,1,1,1,4,1
KR_6756370760,420,4,99,-15,18,1,2,1,4,4,0,1,2,1,10,10,0,2,3,1,0,28,3,5,3,8,0,0,0,1,-1,1,1,4,1
KR_6701858340,420,-1,34,-3,-5,-2,0,2,-1,4,5,0,3,3,1,4,3,-3,1,4,-2,-11,7,-3,6,3,2,0,2,1,-1,1,-1,1,1
KR_6775210136,420,1,-26,-15,0,1,4,3,2,5,3,5,6,1,-2,2,4,-6,0,6,-1,-2,4,3,4,7,-5,0,0,-1,1,1,-1,3,1
KR_6725784902,420,0,39,-16,1,3,3,0,-4,2,6,-2,0,2,3,4,1,1,2,1,0,-3,0,0,6,6,0,0,2,1,1,1,1,2,1
KR_6770982928,420,0,57,2,-4,-4,1,5,-1,4,5,2,3,1,1,6,5,-2,0,2,-2,-10,-2,-1,7,6,3,0,0,1,-1,0,-1,1,1
KR_6767440503,420,2,-26,-16,11,-1,1,2,-1,1,2,8,8,0,3,4,1,2,2,0,0,14,-3,1,4,5,4,0,0,1,-1,0,-1,5,1
KR_6673824832,420,4,15,23,12,0,2,2,7,7,0,0,2,2,1,4,3,4,4,0,0,18,-9,3,6,9,2,0,1,1,1,1,1,2,1
KR_6775388272,420,2,-10,-25,5,6,6,0,-1,2,3,-1,1,2,2,4,2,-1,0,1,0,13,-11,5,3,8,2,0,-1,-1,-1,-1,-1,3,1
KR_6763703825,420,9,104,8,23,8,8,0,3,3,0,4,4,0,4,5,1,4,4,0,0,14,0,1,3,4,0,0,2,1,1,1,1,1,1
KR_6776314240,420,0,-12,24,2,2,2,0,3,7,4,-1,1,2,-1,1,2,-1,0,1,0,6,-313,0,3,3,7,0,-1,-1,1,1,1,1,1
KR_6742910459,420,0,20,-3,0,-2,2,4,-1,3,4,-2,3,5,5,6,1,0,0,0,1,-1,-1,7,4,11,-4,0,1,1,-1,-1,1,5,1
KR_6745367259,420,2,61,14,-6,-1,2,3,-3,0,3,-2,1,3,0,4,4,0,1,1,-1,-13,-9,-3,10,7,4,0,1,-1,1,1,1,2,1
KR_6634140178,420,1,7,4,1,5,6,1,0,2,2,-3,0,3,1,6,5,-2,0,2,0,7,1,-1,5,4,0,0,0,-1,1,1,1,5,1
KR_6772700992,420,2,-48,24,8,1,3,2,0,2,2,6,7,1,2,3,1,-1,1,2,0,22,10,5,3,8,-4,0,0,1,0,0,1,4,1
KR_6747692219,420,1,-54,5,0,-1,2,3,4,5,1,-1,0,1,-3,4,7,1,3,2,-1,9,3,6,4,10,-6,0,0,1,-1,-1,-1,1,1
KR_6753123229,420,3,3,25,2,1,1,0,-5,1,6,2,3,1,3,3,0,1,1,0,1,2,5,2,6,8,-6,0,0,1,-1,0,1,1,1
KR_6641022304,420,3,69,6,7,1,5,4,0,4,4,5,5,0,1,3,2,0,3,3,0,-9,113,-3,8,5,2,0,1,1,1,1,1,5,1
KR_6674679798,420,-1,9,8,3,-2,0,2,0,3,3,0,3,3,1,1,0,4,5,1,1,15,-50,5,6,11,2,0,-1,1,-1,1,1,2,1
KR_6773870286,420,1,36,-15,4,0,1,1,1,1,0,0,1,1,3,3,0,0,0,0,0,11,-16,2,7,9,-1,0,0,1,-1,0,1,6,1
KR_6753303791,420,3,9,11,3,-2,2,4,1,3,2,0,0,0,5,7,2,-1,0,1,0,6,-34,4,6,10,2,0,0,1,1,0,-1,4,1
KR_6737907732,420,4,19,0,9,1,2,1,-2,3,5,5,5,0,4,5,1,1,4,3,0,17,-2,-8,13,5,6,0,1,-1,1,1,1,1,1
KR_6675070721,420,0,-27,24,5,1,2,1,-2,1,3,0,2,2,2,4,2,4,6,2,0,12,36,-1,7,6,4,0,1,1,1,1,-1,1,1
KR_6766466296,420,0,78,-22,-3,4,4,0,-4,3,7,-4,6,10,2,4,2,-1,0,1,0,3,-13,-2,7,5,2,0,0,1,-1,0,-1,6,1
KR_6686075744,440,2,50,-3,2,2,3,1,1,1,0,-4,0,4,-4,1,5,7,9,2,-1,5,-26,-1,5,4,3,0,0,1,1,1,-1,3,1
KR_6776487725,420,5,17,17,6,-2,4,6,3,4,1,3,5,2,2,2,0,0,0,0,0,13,4,-3,8,5,-4,0,1,1,1,1,-1,4,1
KR_6775310178,420,-1,31,20,1,-1,1,2,-1,5,6,1,1,0,1,4,3,1,1,0,0,0,18,3,3,6,1,0,0,1,-1,0,-1,1,1
KR_6774577504,420,-1,36,8,3,0,2,2,4,5,1,2,8,6,-1,0,1,-2,0,2,1,4,21,6,2,8,-3,0,0,1,1,1,1,4,1
KR_6774119250,420,4,30,-2,7,3,3,0,-3,2,5,2,4,2,3,5,2,2,2,0,0,16,1,3,1,4,3,0,3,1,1,1,-1,1,1
KR_6776819449,420,5,47,-7,8,-3,1,4,16,16,0,0,2,2,-3,2,5,-2,0,2,1,11,29,2,5,7,-4,0,1,1,1,1,1,1,1
KR_6775254422,420,3,-18,12,9,3,3,0,2,4,2,1,3,2,2,6,4,1,2,1,0,6,5,1,7,8,-5,0,1,1,0,1,1,4,1
KR_6773190941,420,4,50,-5,13,4,4,0,2,4,2,1,2,1,6,8,2,0,0,0,0,18,-205,6,4,10,-9,0,2,1,1,1,1,2,1
KR_6772878726,420,2,44,8,8,3,4,1,-1,1,2,-1,0,1,2,4,2,5,5,0,0,10,-317,6,2,8,1,0,1,-1,1,1,1,2,1
KR_6776434425,420,-1,-7,-17,-6,-1,2,3,-2,2,4,5,6,1,-6,3,9,-2,0,2,1,0,9,3,6,9,-5,0,0,1,-1,0,1,1,1
KR_6749030148,420,5,44,-19,18,-5,0,5,2,2,0,7,9,2,10,11,1,4,4,0,0,26,1,2,4,6,-3,0,1,1,-1,1,1,4,1
KR_6763577924,420,0,25,32,1,-2,1,3,7,9,2,1,3,2,-3,1,4,-2,0,2,1,6,25,-5,8,3,3,0,0,1,-1,0,1,5,1
KR_6747870292,440,2,-8,40,7,1,1,0,1,2,1,1,1,0,4,5,1,0,1,1,0,6,0,2,7,9,6,0,0,1,1,0,1,5,1
KR_6772983302,420,2,22,-4,0,1,2,1,-1,2,3,1,3,2,-1,1,2,0,1,1,0,-6,-15,-3,9,6,1,0,0,1,-1,0,-1,5,1
KR_6776005921,420,0,-6,9,5,2,3,1,-1,2,3,-1,1,2,5,7,2,0,0,0,0,-2,2,0,9,9,-6,0,2,-1,1,1,1,6,1
KR_6775218208,440,0,-17,0,1,-4,0,4,2,4,2,0,2,2,4,5,1,-1,2,3,0,0,-2,0,7,7,6,0,-1,1,-1,-1,-1,6,1
KR_6746677978,420,1,66,-13,11,-2,0,2,2,4,2,1,4,3,9,11,2,1,2,1,0,13,-29,8,3,11,16,0,2,1,-1,1,1,2,1
KR_6754453680,420,-2,35,19,-3,0,1,1,-1,1,2,1,3,2,-3,0,3,0,0,0,0,0,2,-2,7,5,-2,0,-1,-1,-1,-1,-1,3,1
KR_6760038951,420,1,3,16,-4,2,4,2,-1,1,2,0,5,5,-4,0,4,-1,2,3,1,-16,-14,-4,8,4,5,0,-2,1,-1,-1,1,4,1
KR_6770531317,420,2,65,41,-2,2,2,0,-4,1,5,-2,2,4,4,8,4,-2,1,3,0,-1,10,4,2,6,0,0,1,-1,1,1,1,4,1
KR_6711142042,420,2,-16,8,3,1,1,0,0,2,2,3,3,0,-2,3,5,1,1,0,0,2,-3,-7,9,2,3,0,1,-1,1,1,1,4,1
KR_6750773232,420,-2,-58,-25,2,2,4,2,-3,0,3,10,10,0,-6,2,8,-1,0,1,-1,5,-53,0,7,7,6,0,0,-1,1,-1,1,4,1
KR_6746983814,420,1,8,-10,-3,1,2,1,-1,3,4,-1,3,4,-1,1,2,-1,0,1,0,-2,-2,-1,7,6,3,0,2,-1,1,1,-1,3,1
KR_6776706587,420,6,68,47,4,2,4,2,0,2,2,-3,2,5,2,4,2,3,3,0,1,6,7,4,5,9,0,0,2,1,1,1,1,2,1
KR_6775039745,420,-3,-60,-48,-5,-5,1,6,2,2,0,-1,1,2,2,4,2,-3,1,4,0,5,-11,-4,8,4,1,0,0,1,1,-1,1,5,1
KR_6745258243,420,7,87,29,14,-2,2,4,10,11,1,3,4,1,4,4,0,-1,0,1,1,25,4,7,3,10,-1,0,3,1,1,-1,1,6,1
KR_6762858539,420,2,10,-2,9,-4,2,6,9,13,4,4,6,2,1,1,0,-1,1,2,0,5,225,1,5,6,-3,0,1,-1,1,1,-1,4,1
KR_6734977262,420,5,-5,15,14,-1,2,3,6,6,0,3,8,5,6,6,0,0,0,0,-1,23,8,5,3,8,-8,0,1,-1,-1,1,-1,5,1
KR_6767976661,420,-1,-5,-3,2,0,3,3,-3,1,4,-1,1,2,3,4,1,3,4,1,0,5,12,4,4,8,-4,0,1,-1,1,1,-1,4,1
KR_6771340765,420,-3,-12,-20,-8,0,5,5,-4,2,6,1,2,1,-4,0,4,-1,1,2,0,-7,-8,-4,7,3,-2,0,0,-1,-1,-1,1,5,1
KR_6737841607,420,4,4,11,5,2,3,1,-1,2,3,-2,1,3,4,7,3,2,2,0,-2,9,-21,4,2,6,-3,0,0,1,-1,1,-1,6,1
KR_6765081791,420,5,75,8,12,0,1,1,3,4,1,5,6,1,-2,4,6,6,7,1,0,13,10,1,7,8,3,0,1,1,-1,1,1,2,1
KR_6739055137,420,4,60,-28,16,6,6,0,2,2,0,5,6,1,3,3,0,0,2,2,0,10,20,2,7,9,0,0,1,1,1,1,1,6,1
KR_6775225296,420,1,26,6,3,1,2,1,0,1,1,0,1,1,3,6,3,-1,2,3,-3,1,-64,1,5,6,27,0,0,1,1,0,1,6,1
KR_6758788102,420,-2,3,-8,2,-1,0,1,-4,2,6,5,7,2,1,6,5,1,1,0,0,-1,-10,-3,6,3,-4,0,-1,-1,-1,-1,1,2,1
KR_6770006188,420,2,95,-3,9,0,0,0,2,3,1,2,3,1,6,7,1,-1,0,1,1,13,-38,-1,6,5,1,0,1,1,-1,1,1,5,1
KR_6701588045,420,-1,-46,-9,0,-2,1,3,-3,4,7,5,7,2,-1,1,2,1,3,2,0,-8,-74,-4,9,5,0,0,-1,1,-1,-1,-1,1,1
KR_6776199887,420,1,7,-2,8,0,1,1,4,4,0,4,6,2,-1,2,3,1,2,1,0,10,-2,1,5,6,0,0,0,1,1,0,1,2,1
KR_6767611414,420,-3,-39,-26,-5,0,2,2,1,5,4,0,2,2,-2,0,2,-4,0,4,-1,1,36,0,9,9,1,0,-1,1,-1,-1,-1,5,1
KR_6652704854,420,-1,-43,0,0,0,0,0,-1,2,3,-1,1,2,1,3,2,1,1,0,0,3,-14,-1,5,4,4,0,0,1,1,-1,-1,5,1
KR_6744260222,440,0,60,-3,-7,4,5,1,-3,2,5,-2,1,3,-4,1,5,-2,0,2,0,-12,-43,-9,13,4,-3,0,2,-1,1,1,-1,4,1
KR_6708376956,420,1,31,-23,3,-4,0,4,1,3,2,2,3,1,3,3,0,1,2,1,0,11,-1,-2,8,6,-1,0,1,-1,1,1,1,3,1
KR_6768721105,420,-1,-30,4,-2,-1,0,1,0,2,2,-3,0,3,2,2,0,0,2,2,0,-1,18,2,5,7,3,0,0,1,-1,-1,-1,3,1
KR_6775937664,420,0,23,15,2,2,2,0,-3,2,5,1,2,1,2,4,2,0,0,0,0,3,7,4,6,10,2,0,0,1,1,1,1,1,1
KR_6770816478,420,1,3,7,5,2,2,0,3,6,3,1,2,1,0,1,1,-1,0,1,0,8,-3,2,5,7,0,0,0,-1,1,0,1,1,1
KR_6769480499,420,-2,-21,34,-3,0,2,2,-1,2,3,-3,1,4,1,3,2,0,1,1,0,-5,4,1,7,8,-2,0,1,1,1,1,1,4,1
KR_6746836805,420,2,8,-7,2,1,4,3,1,4,3,2,7,5,-4,3,7,2,2,0,0,0,255,0,8,8,-1,0,1,0,1,1,-1,0,1
KR_6685024668,440,-3,-48,0,-9,0,3,3,-5,4,9,2,3,1,-2,3,5,-4,2,6,1,-12,-8,-1,6,5,1,0,0,-1,1,1,-1,5,1
KR_6775860768,420,1,-5,-8,1,-1,2,3,1,4,3,1,4,3,0,2,2,0,0,0,0,-3,1,-2,6,4,-5,0,1,-1,1,1,-1,6,1
KR_6771575322,420,6,17,19,18,5,6,1,-1,3,4,9,10,1,4,7,3,1,2,1,2,16,-3,2,6,8,5,0,3,-1,1,1,1,2,1
KR_6719991347,420,2,13,13,5,-3,0,3,3,3,0,2,11,9,3,4,1,0,1,1,0,3,5,9,4,13,-3,0,2,1,-1,1,1,4,1
KR_6770880451,420,3,62,-16,-1,-1,0,1,8,8,0,-7,2,9,-2,1,3,1,1,0,0,3,11,-1,8,7,1,0,1,0,-1,1,1,0,1
KR_6749424952,420,1,-7,19,3,6,8,2,4,6,2,1,1,0,-7,3,10,-1,2,3,1,-6,6,4,5,9,-3,0,1,-1,-1,1,1,2,1
KR_6767532962,420,-1,16,31,-5,0,2,2,-2,4,6,1,6,5,-5,1,6,1,2,1,0,-15,34,-2,3,1,3,0,3,0,1,1,-1,0,1
KR_6777745309,420,-2,22,-15,4,-2,2,4,2,3,1,6,6,0,-2,1,3,0,2,2,0,6,12,2,6,8,3,0,0,1,-1,0,1,6,1
KR_6762745078,420,3,48,32,6,1,3,2,2,5,3,-3,2,5,5,6,1,1,1,0,0,3,-4,3,5,8,3,0,1,-1,1,1,1,5,1
KR_6770896644,420,3,56,25,11,1,1,0,2,4,2,4,4,0,3,4,1,1,1,0,0,8,-10,-1,6,5,3,0,1,1,1,1,1,1,1
KR_6776574005,420,3,10,-7,7,1,1,0,0,0,0,5,6,1,3,4,1,-2,0,2,0,13,-11,0,8,8,2,0,-1,1,-1,-1,1,5,1
KR_6771795004,420,0,17,-10,-1,1,1,0,0,1,1,-4,0,4,1,2,1,1,2,1,0,-2,1,1,6,7,-4,0,1,1,-1,1,-1,6,1
KR_6768420224,420,1,6,4,1,3,6,3,3,3,0,-3,0,3,-3,0,3,1,1,0,0,-1,-16,3,11,14,-2,0,2,-1,1,1,-1,4,1
KR_6662303453,420,5,32,30,7,5,5,0,3,4,1,2,4,2,-2,1,3,-1,0,1,0,6,7,6,4,10,-7,0,0,1,1,1,-1,1,1
KR_6777543767,420,2,9,-21,-1,-2,3,5,1,4,3,-5,2,7,3,5,2,2,2,0,0,0,-4,2,5,7,6,0,0,1,-1,0,-1,4,1
KR_6774554934,420,4,11,17,14,4,4,0,4,7,3,2,3,1,1,2,1,3,3,0,0,25,-1,-6,9,3,3,0,0,1,1,0,-1,2,1
KR_6665006218,420,4,-15,25,8,2,3,1,4,5,1,-1,1,2,5,5,0,-2,0,2,0,13,8,-1,6,5,-1,0,1,1,-1,1,1,2,1
KR_6771061013,420,1,29,-25,2,0,2,2,1,4,3,-1,2,3,-3,3,6,5,5,0,-1,5,6,1,5,6,3,0,0,-1,-1,-1,-1,5,1
KR_6776376385,440,4,-25,28,7,-2,0,2,4,5,1,3,3,0,0,1,1,2,2,0,0,18,-35,-1,6,5,24,0,-1,1,1,-1,1,3,1
KR_6777819709,420,7,89,39,8,1,4,3,0,3,3,1,2,1,6,8,2,0,0,0,0,6,7,1,7,8,0,0,2,-1,1,1,-1,5,1
KR_6756928730,420,7,102,27,14,4,4,0,1,2,1,2,5,3,1,5,4,6,7,1,0,6,10,-2,6,4,3,1,4,1,1,1,-1,1,1
KR_6724956833,420,-1,-34,-10,-2,0,2,2,4,7,3,-1,2,3,-5,1,6,0,1,1,-1,-2,4,1,4,5,-5,0,0,-1,1,-1,-1,2,1
KR_6777226415,420,7,39,18,19,3,3,0,0,3,3,9,10,1,4,4,0,3,4,1,0,13,14,4,5,9,-2,0,2,1,-1,1,1,4,1
KR_6777481917,420,1,2,-8,5,1,1,0,2,3,1,0,2,2,1,4,3,1,1,0,0,10,-4,3,4,7,2,0,0,1,1,0,1,3,1
KR_6732605252,420,3,41,8,3,3,5,2,2,3,1,-1,2,3,3,4,1,-4,0,4,0,0,1,7,5,12,-4,0,0,1,-1,-1,1,1,1
KR_6742651341,420,1,27,-8,7,2,3,1,-1,2,3,2,3,1,3,8,5,1,2,1,2,3,-3,1,9,10,3,0,2,-1,1,1,1,2,1
KR_6757194997,420,3,31,10,5,4,4,0,0,2,2,2,4,2,-1,3,4,0,0,0,-1,0,2,1,7,8,2,0,0,-1,-1,0,-1,1,1
KR_6745265495,420,1,12,-6,10,4,4,0,1,3,2,1,1,0,4,6,2,0,0,0,0,15,48,2,5,7,-1,0,1,-1,1,1,1,2,1
KR_6753844399,420,1,-11,-7,5,2,2,0,2,4,2,4,8,4,-4,2,6,1,2,1,-2,5,33,1,6,7,-5,0,-1,1,-1,-1,1,3,1
KR_6775080523,420,6,23,11,9,4,4,0,2,3,1,3,4,1,1,2,1,-1,0,1,0,10,11,3,4,7,-1,0,2,1,-1,1,1,6,1
KR_6775670075,420,1,-7,-7,6,0,1,1,1,4,3,2,2,0,3,3,0,0,1,1,0,10,-8,-4,10,6,7,0,0,1,-1,0,1,1,1
KR_6763242913,420,1,23,-5,2,3,3,0,2,5,3,-3,0,3,-1,2,3,1,2,1,0,0,4,-1,7,6,-1,0,0,1,1,1,1,6,1
KR_6768763052,420,0,-10,-8,0,-3,0,3,0,4,4,-3,4,7,5,5,0,1,3,2,0,-4,-6,1,6,7,1,0,0,-1,1,0,1,5,1
KR_6770647811,420,4,74,8,8,5,5,0,-1,0,1,4,4,0,1,4,3,-1,0,1,0,6,-2,-2,8,6,4,0,2,-1,1,1,1,4,1
KR_6745975318,420,5,10,14,18,1,1,0,7,8,1,3,3,0,3,3,0,4,4,0,0,17,0,6,4,10,-2,0,1,1,1,1,1,5,1
KR_6731363134,420,6,38,52,16,4,6,2,4,4,0,1,5,4,9,10,1,-2,0,2,1,13,0,3,5,8,3,0,3,-1,1,1,1,6,1
KR_6759771256,440,0,-96,-22,1,0,4,4,6,7,1,4,5,1,-7,0,7,-2,1,3,0,0,1,7,4,11,-3,0,-1,-1,1,-1,-1,5,1
KR_6773303272,420,1,-31,-20,7,-1,3,4,5,5,0,-3,3,6,0,3,3,6,6,0,0,8,10,6,4,10,1,0,2,1,1,1,1,4,1
KR_6763668758,420,3,73,36,4,-3,0,3,0,3,3,2,5,3,6,10,4,-1,1,2,0,9,0,-2,11,9,-2,0,2,1,-1,1,-1,6,1
KR_6767370196,420,7,68,22,4,1,2,1,-1,1,2,3,5,2,1,6,5,0,0,0,0,1,-9,4,9,13,7,0,3,-1,1,1,-1,2,1
KR_6774441066,420,1,2,9,3,-1,1,2,1,2,1,4,4,0,-1,2,3,0,1,1,0,0,5,2,7,9,-1,0,2,1,1,1,1,2,1
KR_6766134162,420,3,51,16,5,2,3,1,0,2,2,8,10,2,-3,0,3,-2,0,2,0,1,429,-4,9,5,2,0,0,1,1,1,1,2,1
KR_6776502951,420,7,36,18,15,0,0,0,7,7,0,2,3,1,5,5,0,1,1,0,0,20,24,1,4,5,1,0,1,1,-1,1,1,6,1
KR_6756938000,420,0,-40,35,1,-1,1,2,2,3,1,1,2,1,-2,0,2,1,3,2,0,1,0,-4,8,4,1,0,0,-1,1,0,-1,6,1
KR_6772951545,420,0,29,24,1,1,2,1,3,7,4,0,1,1,-2,2,4,-1,1,2,1,-4,5,1,5,6,-3,0,0,-1,1,1,1,6,1
KR_6776431628,420,0,-41,-8,-3,4,4,0,-6,0,6,-5,1,6,3,6,3,1,4,3,0,-8,-15,-2,8,6,0,0,-1,-1,-1,-1,1,4,1
KR_6766128981,420,-1,4,-20,3,-1,0,1,-3,1,4,3,6,3,6,7,1,-2,0,2,0,1,-1,-2,6,4,3,0,0,1,1,0,-1,3,1
KR_6767001272,420,0,16,-8,2,5,5,0,-2,1,3,-4,0,4,3,3,0,0,0,0,0,2,-1,4,5,9,-1,0,1,1,1,1,1,2,1
KR_6773287236,420,4,85,36,7,2,2,0,5,6,1,3,4,1,-3,1,4,0,3,3,-1,5,9,0,5,5,3,0,2,1,-1,1,-1,5,1
KR_6751031876,420,4,87,-7,10,1,2,1,5,6,1,5,6,1,1,2,1,-2,2,4,0,14,14,0,9,9,1,0,0,1,-1,1,1,3,1
KR_6686518867,420,-1,-5,-5,1,1,2,1,-2,2,4,2,3,1,2,2,0,-2,0,2,1,6,7,-1,9,8,1,0,2,-1,1,1,1,5,1
KR_6773957504,440,4,9,25,10,-2,2,4,0,3,3,1,3,2,6,6,0,5,5,0,0,7,5,-3,6,3,1,0,2,1,-1,1,-1,3,1
KR_6733280912,420,-1,-42,-16,-4,0,1,1,1,2,1,-3,2,5,-3,0,3,1,1,0,1,6,-2,2,5,7,0,0,0,-1,1,0,1,3,1
KR_6760897267,420,2,59,19,4,3,3,0,1,1,0,0,2,2,-1,1,2,1,1,0,0,9,39,3,6,9,3,0,0,1,-1,0,1,4,1
KR_6775344823,420,5,20,-12,13,-5,3,8,8,10,2,2,4,2,4,5,1,4,4,0,0,23,-1,0,5,5,2,0,3,1,1,1,1,5,1
KR_6666806722,420,6,-49,32,10,1,2,1,4,4,0,0,2,2,4,7,3,1,2,1,0,14,7,2,5,7,-1,0,0,1,-1,-1,1,4,1
KR_6716327456,420,1,-14,-15,4,1,2,1,2,4,2,-1,1,2,0,4,4,2,2,0,0,3,1,6,6,12,-8,0,1,-1,1,1,1,1,1
KR_6777695127,420,-1,-20,-24,2,0,3,3,-2,3,5,2,2,0,1,2,1,1,2,1,0,4,142,-1,7,6,-6,0,0,1,1,1,-1,1,1
KR_6775317618,420,3,12,39,6,0,0,0,5,6,1,3,5,2,-1,3,4,-1,1,2,0,6,-114,-3,8,5,3,0,1,1,1,1,1,4,1
KR_6777841759,420,6,109,19,8,0,4,4,1,3,2,3,5,2,5,7,2,-1,1,2,0,14,28,4,3,7,1,0,3,-1,1,1,1,4,1
KR_6737165444,420,5,59,25,9,6,8,2,2,4,2,5,9,4,-5,0,5,1,1,0,0,-1,5,3,6,9,-6,0,1,1,1,1,-1,5,1
KR_6695585206,420,-3,-35,-4,-5,-1,0,1,-2,3,5,0,4,4,-4,2,6,2,2,0,0,-12,0,0,8,8,-4,0,-1,-1,-1,-1,1,1,1
KR_6767580423,420,2,32,35,-6,3,3,0,-1,3,4,-5,1,6,0,0,0,-3,1,4,0,-4,1,-5,8,3,3,0,0,1,-1,0,-1,1,1
KR_6765392294,420,2,0,8,-1,-3,0,3,0,7,7,0,3,3,3,3,0,-1,1,2,0,8,0,0,4,4,-1,0,-1,-1,-1,-1,-1,4,1
KR_6766216732,420,2,46,-9,-2,-1,2,3,0,0,0,-3,1,4,1,3,2,1,2,1,0,-3,-2,-5,10,5,2,0,1,1,-1,1,1,1,1
KR_6751323060,420,3,22,-20,5,2,3,1,4,8,4,-2,3,5,0,3,3,1,1,0,0,7,-15,5,3,8,1,0,0,-1,1,0,1,6,1
KR_6726928019,420,0,-11,4,2,1,2,1,0,3,3,1,1,0,1,2,1,-1,1,2,1,-1,37,-3,8,5,3,0,0,1,1,1,-1,4,1
KR_6775981133,420,4,52,-16,4,1,4,3,-2,2,4,1,2,1,3,4,1,1,1,0,0,4,-1,3,4,7,2,0,0,1,-1,1,1,3,1
KR_6753316863,420,3,76,10,13,7,7,0,3,6,3,3,4,1,-2,3,5,2,3,1,0,10,111,0,5,5,-1,0,0,-1,1,1,-1,2,1
KR_6740834590,420,-1,-24,-23,8,-3,1,4,7,8,1,-1,4,5,3,3,0,2,2,0,1,14,35,4,6,10,1,0,2,1,1,1,1,6,1
KR_6745399783,440,1,-39,-4,4,4,6,2,1,5,4,-3,1,4,1,4,3,1,2,1,0,2,-10,-5,5,0,2,0,-2,1,-1,-1,1,6,1
KR_6756192540,420,-4,39,-43,-10,1,1,0,-5,3,8,1,7,6,-6,2,8,-1,1,2,0,-10,116,-2,8,6,18,0,1,-1,-1,-1,1,1,1
KR_6739147718,440,1,87,-18,4,1,2,1,5,7,2,-1,2,3,-1,2,3,0,0,0,1,3,2,-2,9,7,4,0,0,1,-1,0,1,3,1
KR_6770958963,420,0,25,-10,1,0,2,2,-1,1,2,6,6,0,-3,4,7,-1,0,1,0,-2,1,2,6,8,-2,0,0,1,-1,0,-1,1,1
KR_6771001527,420,-4,5,-6,-6,-4,1,5,-3,1,4,-1,2,3,1,3,2,1,1,0,0,-10,31,1,3,4,-1,0,1,1,1,1,1,5,1
KR_6742246212,420,1,13,-13,0,-3,1,4,4,5,1,3,4,1,-3,0,3,-1,0,1,0,-3,5,-2,7,5,-4,0,0,0,-1,0,1,0,1
KR_6719775374,420,2,23,19,1,3,4,1,3,7,4,-2,1,3,-3,4,7,0,1,1,0,0,-12,-2,7,5,-3,0,1,-1,-1,1,1,2,1
KR_6617763423,420,4,49,8,7,1,2,1,-1,3,4,4,4,0,0,4,4,3,4,1,0,4,0,1,6,7,-2,0,1,1,1,1,-1,5,1
KR_6774664544,420,-2,-66,-16,-4,-3,1,4,-5,0,5,6,6,0,-6,2,8,4,4,0,0,-4,-5,0,8,8,-1,0,-2,1,1,-1,-1,1,1
KR_6775644683,420,5,57,23,5,2,2,0,6,7,1,-2,1,3,-1,3,4,0,1,1,1,4,8,3,6,9,-5,0,1,1,1,1,1,2,1
KR_6768946725,440,0,32,-37,4,3,4,1,-3,5,8,-1,1,2,5,6,1,0,6,6,1,9,-24,7,1,8,1,0,0,1,0,0,1,4,1
KR_6777530218,420,2,24,-15,9,1,1,0,2,5,3,4,5,1,3,6,3,-1,0,1,0,11,16,-7,12,5,-4,0,1,1,1,1,1,3,1
KR_6762215789,420,3,90,-13,7,1,1,0,5,7,2,1,1,0,1,3,2,-1,0,1,0,9,14,0,9,9,11,0,2,1,1,1,1,4,1
KR_6757185817,420,-4,-15,-20,1,2,4,2,0,6,6,-4,0,4,2,3,1,1,3,2,0,3,-6,-1,6,5,-6,0,1,-1,-1,-1,-1,6,1
KR_6760050364,420,4,49,26,12,2,4,2,0,3,3,2,3,1,7,8,1,1,1,0,3,14,24,1,6,7,-1,0,1,1,-1,1,1,2,1
KR_6769765174,420,1,7,44,1,3,4,1,-2,4,6,1,4,3,-1,2,3,0,0,0,0,-5,8,1,4,5,5,0,2,1,1,1,1,4,1
KR_6773208055,420,3,-13,-5,-1,-2,1,3,-5,0,5,3,5,2,3,3,0,0,0,0,0,6,-32,-2,5,3,3,0,2,1,-1,1,-1,3,1
KR_6720306737,420,4,7,20,-1,-1,1,2,1,7,6,1,3,2,-2,5,7,0,0,0,1,4,5,3,5,8,3,0,-1,-1,-1,-1,1,3,1
KR_6725874013,420,1,-13,-22,8,0,2,2,0,3,3,4,4,0,0,6,6,4,5,1,1,16,-5,4,6,10,0,0,0,1,1,-1,1,5,1
KR_6756144052,420,2,10,-25,5,3,5,2,-1,3,4,-2,2,4,4,5,1,1,1,0,2,13,-17,0,7,7,4,0,0,-1,-1,1,1,3,1
KR_6775591541,420,3,22,40,10,0,1,1,9,9,0,2,3,1,1,4,3,-2,2,4,-1,8,-15,0,8,8,0,0,0,1,1,1,-1,3,1
KR_6745607924,420,0,50,-7,-4,-2,1,3,-2,4,6,1,6,5,0,6,6,-1,2,3,-1,-6,-2,-4,8,4,1,0,-1,0,-1,-1,-1,0,1
KR_6768630385,420,2,11,4,8,4,4,0,5,5,0,-1,2,3,1,9,8,-1,1,2,1,13,14,-1,7,6,-4,0,0,-1,1,1,1,4,1
KR_6640012506,440,3,-44,1,20,4,4,0,1,2,1,3,3,0,13,14,1,-1,3,4,1,33,9,-1,6,5,4,0,0,1,1,1,1,6,1
KR_6772142885,420,2,2,-24,-2,-1,3,4,-2,1,3,-3,1,4,3,6,3,1,1,0,-1,-3,-7,-2,8,6,2,0,-1,-1,-1,-1,-1,6,1
KR_6776093307,420,-1,17,35,0,2,3,1,1,6,5,-3,2,5,0,2,2,0,2,2,0,-2,10,8,0,8,-6,0,1,0,1,1,-1,0,1
KR_6773658742,440,1,50,-25,3,-1,4,5,4,5,1,2,2,0,2,3,1,-4,1,5,0,-4,1,-1,7,6,-1,0,0,1,0,0,1,6,1
KR_6673138565,420,2,8,12,8,0,3,3,6,7,1,1,1,0,1,5,4,0,2,2,0,12,9,6,5,11,2,0,0,-1,1,1,1,2,1
KR_6711952443,420,4,51,25,10,6,6,0,3,4,1,-3,1,4,4,4,0,0,0,0,0,15,35,-2,12,10,1,0,1,1,1,1,1,6,1
KR_6756870534,420,-2,24,-27,1,2,4,2,-2,1,3,0,3,3,0,1,1,1,2,1,0,-1,-10,-2,9,7,9,0,1,1,1,1,1,5,1
KR_6676673713,420,1,-34,-4,5,-5,1,6,1,1,0,3,3,0,6,7,1,0,1,1,0,17,-12,-2,9,7,9,0,0,-1,1,1,1,2,1
KR_6764171307,420,6,91,19,18,4,4,0,5,7,2,4,7,3,4,4,0,1,1,0,0,20,22,8,4,12,-3,0,3,1,1,1,1,3,1
KR_6691047174,420,1,8,-4,3,2,4,2,-3,3,6,1,3,2,1,1,0,2,2,0,0,10,9,3,6,9,-1,0,0,1,-1,-1,1,4,1
KR_6762910896,420,-1,-7,-36,6,-3,2,5,3,6,3,4,5,1,2,4,2,0,0,0,0,3,-3,2,3,5,-1,0,0,-1,1,1,-1,5,1
KR_6776198932,420,2,48,-1,2,6,7,1,2,2,0,-2,2,4,0,5,5,-4,1,5,0,1,-2,1,3,4,-2,0,2,1,1,1,1,5,1
KR_6758147107,420,1,9,-19,3,-2,0,2,-1,2,3,-2,2,4,4,5,1,4,4,0,0,11,12,-2,5,3,2,0,0,1,-1,-1,-1,6,1
KR_6744157830,420,-4,-27,-24,0,3,5,2,-4,1,5,3,4,1,0,4,4,-2,1,3,1,-1,5,4,4,8,-1,0,0,1,1,1,1,2,1
KR_6771479826,420,1,-30,1,1,2,4,2,0,4,4,1,4,3,-2,1,3,0,1,1,0,-4,4,1,7,8,0,0,1,-1,1,1,1,3,1
KR_6749348848,420,1,21,37,1,2,2,0,2,3,1,-3,2,5,-2,2,4,2,3,1,0,-3,6,3,5,8,-2,0,0,1,1,1,-1,1,1
KR_6775248735,420,6,41,53,7,4,4,0,-2,4,6,1,1,0,4,5,1,0,0,0,0,17,-28,0,8,8,27,0,1,1,1,1,-1,2,1
KR_6767463014,420,-2,-6,-14,6,-1,1,2,2,4,2,2,6,4,3,8,5,0,0,0,2,20,-2,1,4,5,-2,0,0,1,-1,-1,1,2,1
KR_6697999250,420,1,45,9,0,2,4,2,2,3,1,-1,1,2,0,0,0,-3,0,3,0,-3,-4,-2,9,7,1,0,0,1,-1,0,1,5,1
KR_6684593556,420,-1,21,-1,-5,3,3,0,-7,2,9,-3,0,3,3,4,1,-1,1,2,0,-23,-6,-4,10,6,4,0,1,-1,1,1,1,6,1
KR_6698499494,420,3,66,8,10,3,3,0,4,5,1,5,5,0,-1,1,2,-1,0,1,0,16,9,-4,8,4,4,0,0,-1,1,1,-1,4,1
KR_6776971161,420,0,14,-8,4,1,3,2,1,5,4,4,4,0,-1,6,7,-1,1,2,0,-3,4,-3,10,7,4,0,0,1,1,1,-1,4,1
KR_6749570825,420,-3,27,-4,-6,-2,1,3,-1,6,7,0,0,0,-2,1,3,-1,3,4,0,-7,30,-3,6,3,-17,0,-1,-1,-1,-1,-1,2,1
KR_6756437845,420,3,41,28,6,3,5,2,2,5,3,-1,2,3,1,3,2,1,1,0,0,-2,-9,-2,6,4,-1,0,0,-1,-1,0,1,6,1
KR_6698657726,420,1,-30,-27,3,-2,1,3,1,4,3,4,7,3,-1,3,4,1,2,1,0,7,1,1,9,10,6,0,-1,1,-1,-1,1,3,1
KR_6764839274,420,0,7,-1,-1,-1,1,2,0,1,1,-3,0,3,3,5,2,0,0,0,0,1,40,1,8,9,0,0,0,1,1,1,-1,4,1
KR_6770954576,420,1,1,18,6,5,6,1,1,2,1,-1,0,1,0,2,2,1,1,0,0,4,4,2,7,9,9,0,0,0,1,1,1,0,1
KR_6762844727,420,1,-14,-4,2,-1,2,3,5,8,3,-3,2,5,2,5,3,-1,0,1,0,10,3,5,3,8,6,0,-1,1,-1,-1,-1,6,1
KR_6770484080,440,3,-20,16,10,3,3,0,-1,2,3,5,5,0,0,1,1,3,3,0,0,8,1,-5,12,7,7,0,1,1,1,1,1,2,1
KR_6761656242,420,4,30,22,8,3,3,0,3,4,1,0,0,0,2,3,1,0,0,0,0,9,44,-1,6,5,-20,0,0,1,1,-1,1,4,1
KR_6773900523,420,1,15,19,7,3,4,1,-2,0,2,-1,1,2,6,6,0,1,2,1,0,13,9,-6,12,6,-9,0,1,1,-1,1,1,5,1
KR_6774856473,420,-1,50,-16,-3,1,3,2,-1,3,4,-1,1,2,-1,1,2,-1,1,2,0,-10,-6,-3,11,8,6,0,1,-1,1,1,-1,2,1
KR_6720460914,420,3,78,12,15,6,7,1,10,13,3,0,3,3,0,3,3,-1,0,1,3,20,37,-2,8,6,-2,0,2,1,1,1,1,2,1
KR_6742866848,420,2,19,-18,2,2,2,0,2,3,1,-5,1,6,3,3,0,0,1,1,-1,-2,7,4,4,8,1,0,1,-1,1,1,-1,2,1
KR_6616768859,420,0,33,-1,10,2,2,0,2,2,0,0,2,2,7,8,1,-1,1,2,0,9,-4,2,10,12,4,0,-1,1,-1,-1,1,2,1
KR_6774015721,440,4,12,16,10,2,3,1,6,6,0,-1,2,3,0,4,4,3,3,0,2,13,23,-1,7,6,2,0,0,1,1,-1,1,1,1
KR_6758330660,420,0,17,41,-4,-2,3,5,1,3,2,-2,1,3,0,2,2,-1,0,1,0,-6,26,1,8,9,1,0,1,-1,-1,1,-1,4,1
KR_6768099664,420,2,53,23,5,2,2,0,0,1,1,0,0,0,4,5,1,-1,0,1,0,2,17,3,4,7,-5,0,1,-1,1,1,-1,4,1
KR_6756386004,420,1,0,45,8,-3,1,4,5,7,2,2,5,3,3,6,3,1,2,1,0,12,-3,0,8,8,4,0,1,-1,1,1,1,5,1
KR_6771930638,440,3,32,20,2,0,2,2,1,3,2,3,7,4,-1,3,4,-1,0,1,0,5,2,3,2,5,-2,0,-1,1,-1,-1,-1,1,1
KR_6776598711,420,4,46,2,4,-4,1,5,1,4,3,3,6,3,3,5,2,1,5,4,0,5,3,5,7,12,-8,0,1,-1,-1,1,1,5,1
KR_6699111894,420,0,19,-3,4,-3,2,5,4,4,0,-4,1,5,6,8,2,1,2,1,0,1,21,-1,8,7,-3,0,2,1,-1,1,1,6,1
KR_6752733925,420,-1,-1,16,0,1,3,2,-3,2,5,-1,1,2,5,6,1,-2,0,2,0,-2,10,6,4,10,-1,0,2,-1,1,1,1,6,1
KR_6774078957,420,-1,27,-7,5,-2,0,2,-1,1,2,2,2,0,-2,0,2,8,8,0,0,15,14,1,6,7,-3,0,1,-1,1,1,-1,2,1
KR_6775401583,420,3,97,-12,9,6,8,2,-1,2,3,-2,4,6,2,6,4,4,4,0,0,2,-4,-1,8,7,3,0,1,1,1,1,1,1,1
KR_6741715737,420,3,4,-4,2,2,3,1,-2,3,5,1,1,0,0,3,3,1,1,0,0,-6,20,2,5,7,-5,0,-1,1,-1,-1,-1,6,1
KR_6766710688,420,4,37,28,5,2,3,1,4,6,2,-3,3,6,0,0,0,2,3,1,0,1,8,2,4,6,1,0,3,1,1,1,-1,1,1
KR_6773535772,420,0,1,5,5,3,4,1,-1,2,3,-1,2,3,3,4,1,1,1,0,0,5,27,-3,9,6,6,0,0,1,-1,0,1,5,1
KR_6774534147,420,3,42,32,12,0,1,1,3,5,2,6,6,0,4,6,2,-1,0,1,1,17,-4,-3,7,4,4,0,1,1,1,1,1,5,1
KR_6767391418,420,3,46,-14,1,0,2,2,1,4,3,-1,0,1,0,2,2,1,1,0,0,-2,-5,-5,11,6,-6,0,0,-1,1,0,1,2,1
KR_6725363417,420,0,31,-8,3,-3,0,3,3,4,1,-1,1,2,2,3,1,2,2,0,0,11,-36,-1,7,6,4,0,1,0,-1,1,-1,0,1
KR_6753204934,420,6,83,22,7,0,5,5,0,2,2,5,7,2,0,3,3,2,2,0,0,10,-6,1,6,7,1,0,0,0,1,0,-1,0,1
KR_6761973515,440,3,19,-25,5,0,1,1,-3,2,5,3,6,3,3,3,0,2,3,1,0,8,-13,2,9,11,0,0,1,1,-1,1,1,1,1
KR_6719406890,420,4,52,17,13,8,8,0,-1,0,1,6,9,3,2,5,3,-2,0,2,0,9,5,0,9,9,8,0,2,1,1,1,-1,4,1
KR_6764653385,440,0,-15,11,0,-3,4,7,0,2,2,4,5,1,-1,4,5,0,2,2,0,7,29,5,4,9,-6,0,-1,1,1,-1,-1,1,1
KR_6773178377,420,3,39,16,7,0,2,2,3,3,0,2,2,0,3,4,1,-1,0,1,0,11,2,1,6,7,0,0,1,1,1,1,-1,6,1
KR_6776394818,420,5,50,39,14,1,2,1,0,4,4,4,5,1,7,8,1,2,4,2,0,21,6,-3,8,5,7,0,2,1,-1,1,1,6,1
KR_6712030701,420,8,78,49,17,5,5,0,1,2,1,3,6,3,7,7,0,1,1,0,1,22,7,4,3,7,0,0,2,1,1,1,1,4,1
KR_6770865838,420,1,26,-8,3,4,4,0,-2,2,4,-2,0,2,3,4,1,0,0,0,1,3,-3,-2,7,5,5,0,1,1,1,1,1,3,1
KR_6777367258,420,-1,0,9,2,4,5,1,-3,2,5,-1,2,3,1,5,4,1,2,1,1,-1,5,2,4,6,-5,0,0,-1,1,0,-1,3,1
KR_6723832186,420,2,41,21,-7,3,4,1,-2,4,6,-3,1,4,-3,5,8,-2,0,2,0,-7,59,4,6,10,-28,0,1,-1,1,1,-1,1,1
KR_6761626294,420,3,113,-4,4,5,7,2,1,2,1,-1,1,2,1,1,0,-2,0,2,0,0,230,-10,13,3,10,0,1,1,1,1,1,3,1
KR_6766229068,420,9,80,18,9,-3,0,3,7,7,0,3,5,2,1,4,3,1,1,0,-1,13,-66,0,3,3,18,0,0,1,-1,-1,-1,4,1
KR_6772095617,420,2,-28,-16,5,0,1,1,1,1,0,-1,0,1,4,4,0,1,1,0,1,13,19,4,4,8,-2,0,0,1,-1,0,1,1,1
KR_6768477691,420,6,133,14,9,0,0,0,3,5,2,0,2,2,-4,0,4,10,10,0,0,-2,3,3,4,7,-1,0,2,1,1,1,1,6,1
KR_6776246795,420,-2,27,-37,-1,2,3,1,-4,3,7,0,1,1,0,4,4,1,2,1,-1,-11,8,-2,10,8,-7,0,0,1,-1,0,-1,3,1
KR_6768062199,420,2,-18,6,8,0,1,1,-2,3,5,0,2,2,5,6,1,5,5,0,0,8,19,1,6,7,2,0,0,-1,1,1,-1,3,1
KR_6707711257,420,1,-11,-22,4,0,2,2,5,6,1,2,6,4,-3,1,4,0,0,0,0,4,15,4,2,6,-4,0,2,1,1,1,1,1,1
KR_6650919123,420,-1,39,12,7,0,2,2,4,8,4,-2,2,4,1,5,4,4,6,2,0,10,-16,0,8,8,2,0,1,-1,-1,1,-1,4,1
KR_6735743253,420,4,49,41,3,-4,0,4,5,6,1,1,2,1,1,1,0,0,0,0,0,2,30,-2,6,4,2,0,0,1,-1,1,1,3,1
KR_6773927056,440,-2,-20,-17,-5,-1,3,4,-11,1,12,2,2,0,2,6,4,3,4,1,0,1,-29,-5,11,6,4,0,-1,1,-1,-1,1,2,1
KR_6752116622,420,3,45,0,5,-1,1,2,3,4,1,3,3,0,0,5,5,0,0,0,0,3,0,0,7,7,4,0,1,-1,1,1,1,3,1
KR_6770912124,420,1,22,3,7,0,1,1,-1,1,2,2,3,1,6,6,0,0,1,1,0,11,-3,1,5,6,0,0,1,1,1,1,1,4,1
KR_6773096780,420,4,73,24,8,3,4,1,2,5,3,0,3,3,2,5,3,1,1,0,0,4,8,5,7,12,2,0,0,0,1,-1,1,0,1
KR_6770512673,420,1,-12,-11,-4,-3,2,5,2,6,4,-5,0,5,0,1,1,2,2,0,-1,-6,-36,2,3,5,-3,0,-1,-1,-1,-1,-1,4,1
KR_6765337857,420,4,-26,-9,8,-1,1,2,1,3,2,8,8,0,0,3,3,0,0,0,0,9,28,-1,7,6,6,0,0,1,1,0,1,2,1
KR_6774040865,420,0,55,-16,-5,1,2,1,-2,4,6,-6,3,9,1,3,2,1,2,1,0,-11,-6,0,7,7,-5,0,0,1,-1,0,-1,6,1
KR_6771981085,420,-2,6,-8,-7,1,2,1,-7,1,8,0,4,4,1,6,5,-2,1,3,0,-3,-11,-2,7,5,5,0,0,-1,1,-1,-1,3,1
KR_6774347461,420,1,39,21,0,-3,1,4,-2,4,6,5,5,0,-1,2,3,1,2,1,0,-2,21,-2,8,6,1,0,2,-1,1,1,-1,6,1
KR_6761587067,420,5,7,38,6,4,4,0,0,2,2,1,4,3,0,3,3,1,2,1,0,8,24,2,6,8,6,0,1,1,1,1,-1,3,1
KR_6735354283,420,0,16,2,1,0,2,2,-1,5,6,0,0,0,0,3,3,2,2,0,0,1,11,2,5,7,-3,0,0,1,1,0,1,2,1
KR_6772764567,440,1,7,40,-4,-4,1,5,3,3,0,0,1,1,0,0,0,-3,0,3,0,-6,1,2,3,5,-4,0,0,-1,1,0,-1,5,1
KR_6777114440,420,2,12,-14,5,6,6,0,-2,4,6,4,5,1,-3,1,4,0,1,1,0,6,28,-1,5,4,3,0,1,0,1,1,-1,0,1
KR_6776487897,420,2,4,7,8,2,2,0,0,2,2,2,3,1,2,2,0,2,2,0,0,12,-6,-2,9,7,3,0,1,-1,1,1,1,2,1
KR_6765423306,420,0,-8,4,1,3,3,0,1,2,1,4,4,0,-7,1,8,0,0,0,-1,3,-11,-2,6,4,1,0,-1,-1,-1,-1,-1,5,1
KR_6695516672,420,3,-14,40,10,1,3,2,3,5,2,3,4,1,6,8,2,-3,0,3,0,9,-1,3,5,8,3,0,0,1,1,0,-1,3,1
KR_6776284769,420,3,79,17,3,1,1,0,1,6,5,5,6,1,-3,0,3,-1,1,2,0,4,-5,-1,7,6,-2,0,2,1,1,1,-1,4,1
KR_6768461735,420,3,74,16,10,5,5,0,3,4,1,1,1,0,1,2,1,0,1,1,0,6,44,1,5,6,-1,0,1,1,-1,1,1,3,1
KR_6763754522,420,0,13,12,-3,-4,1,5,4,4,0,-1,1,2,-1,0,1,-1,1,2,0,1,4,1,5,6,0,0,0,-1,-1,0,-1,3,1
KR_6684398034,420,10,162,34,1,1,2,1,2,3,1,-4,0,4,2,3,1,0,1,1,-1,5,-33,-2,6,4,6,0,3,1,-1,1,-1,2,1
KR_6774153510,420,2,37,-6,16,1,1,0,4,7,3,6,6,0,1,7,6,4,6,2,0,15,218,8,5,13,0,0,0,1,1,1,1,1,1
KR_6775569278,420,4,-15,-3,8,2,4,2,4,5,1,2,4,2,-2,1,3,2,2,0,0,7,8,4,6,10,-10,0,0,1,-1,0,-1,6,1
KR_6777114527,420,2,19,-15,6,0,2,2,2,4,2,4,4,0,1,2,1,-1,0,1,0,5,2,-3,7,4,-2,0,0,-1,1,0,-1,2,1
KR_6775827486,420,3,-4,-8,11,0,1,1,4,5,1,2,3,1,2,3,1,3,5,2,2,15,7,2,4,6,1,0,1,1,1,1,1,1,1
KR_6688011305,420,0,58,6,-3,1,2,1,0,2,2,-3,1,4,0,4,4,-1,0,1,0,-1,-48,-4,10,6,-3,0,1,1,1,1,-1,6,1
KR_6644476999,420,-2,-6,21,0,-3,0,3,-3,0,3,0,1,1,6,6,0,0,0,0,0,4,2,0,5,5,-2,0,1,1,1,1,1,6,1
KR_6743082605,420,3,63,5,1,-3,1,4,6,7,1,0,5,5,1,4,3,-3,0,3,1,1,51,-2,9,7,4,0,0,1,-1,1,1,1,1
KR_6736668478,420,-2,-14,4,-6,-2,0,2,1,2,1,2,4,2,-6,1,7,-1,1,2,-1,-11,-13,-9,13,4,0,0,1,-1,1,-1,-1,2,1
KR_6772261277,420,0,14,24,3,0,3,3,2,3,1,-1,3,4,-1,3,4,3,3,0,1,1,-64,4,2,6,2,0,2,-1,1,1,1,5,1
KR_6758383177,420,-3,-14,-9,1,2,2,0,-4,3,7,1,2,1,1,3,2,1,1,0,0,-1,37,-2,6,4,-3,0,0,-1,1,0,-1,6,1
KR_6775906134,420,7,94,25,15,10,11,1,2,4,2,1,4,3,6,6,0,-4,1,5,2,16,2,5,5,10,2,0,2,1,1,1,1,2,1
KR_6774412750,420,4,18,-9,14,10,15,5,0,4,4,1,3,2,4,7,3,-1,0,1,0,15,-10,1,6,7,-2,0,2,1,1,1,1,4,1
KR_6759446159,420,0,-65,5,3,1,2,1,-1,1,2,1,4,3,3,8,5,-1,1,2,0,4,-5,-2,9,7,3,0,0,1,-1,-1,1,4,1
KR_6770596184,420,5,4,-4,15,6,8,2,2,7,5,2,5,3,1,7,6,4,6,2,1,27,16,10,1,11,-2,0,1,1,1,1,1,3,1
KR_6708950599,420,-1,-9,1,0,-1,0,1,-2,2,4,0,1,1,1,2,1,2,3,1,0,4,-19,2,7,9,-1,0,0,-1,1,0,-1,3,1
KR_6777807370,420,2,32,17,0,2,2,0,3,4,1,2,3,1,-2,0,2,-5,1,6,0,0,1,-1,7,6,-1,0,-2,1,-1,-1,-1,2,1
KR_6768714818,420,3,21,-30,15,7,7,0,-2,1,3,6,7,1,2,3,1,2,2,0,0,21,32,4,3,7,0,0,2,1,1,1,1,1,1
KR_6775151198,420,2,5,5,-2,-6,0,6,6,6,0,-2,1,3,-4,1,5,4,4,0,0,-10,-3,-5,10,5,1,0,0,-1,-1,-1,-1,2,1
KR_6771467773,420,3,47,-7,10,1,2,1,5,6,1,3,6,3,1,2,1,0,0,0,0,11,2,1,7,8,3,0,0,1,-1,1,1,3,1
KR_6776034193,420,-2,-5,-16,-1,0,1,1,-2,2,4,-1,1,2,2,4,2,0,0,0,0,-5,8,2,5,7,-4,0,0,-1,-1,0,1,1,1
KR_6770023394,420,0,-8,14,4,-4,1,5,2,4,2,1,3,2,6,7,1,-1,0,1,0,11,37,4,4,8,-2,0,0,1,-1,0,1,4,1
KR_6754450026,420,4,33,12,12,3,3,0,8,12,4,0,0,0,2,5,3,-1,0,1,0,11,7,5,3,8,0,0,1,1,1,1,-1,4,1
KR_6685062700,420,4,51,43,10,5,6,1,-2,1,3,4,7,3,3,3,0,0,0,0,3,9,-4,-5,7,2,6,0,4,1,1,1,1,5,1
KR_6744009159,420,2,29,7,5,-3,1,4,1,3,2,1,2,1,3,4,1,3,3,0,-1,5,71,5,4,9,-24,0,1,1,1,1,-1,3,1
KR_6769272828,420,1,31,-6,6,-6,1,7,1,1,0,1,5,4,9,10,1,1,1,0,0,16,-4,-1,8,7,6,0,1,-1,-1,1,1,2,1
KR_6758971625,420,0,-5,29,1,-6,1,7,1,3,2,-2,2,4,6,8,2,2,2,0,-1,16,42,-4,8,4,-4,0,-1,1,1,-1,-1,3,1
KR_6775062095,420,5,69,10,21,2,2,0,2,3,1,9,12,3,8,8,0,0,0,0,0,16,9,1,4,5,-1,0,0,1,-1,0,1,1,1
KR_6760959644,420,3,-4,29,-2,0,2,2,2,3,1,-7,3,10,1,3,2,2,2,0,0,-2,1,-4,8,4,-2,0,-2,-1,-1,-1,1,5,1
KR_6775209097,420,4,115,9,-4,1,3,2,-2,1,3,2,4,2,-4,0,4,-1,4,5,0,-14,22,7,1,8,-2,0,2,-1,-1,1,-1,6,1
KR_6743513964,420,4,72,18,10,1,3,2,2,4,2,2,4,2,5,5,0,0,0,0,0,13,1,3,4,7,2,0,2,-1,1,1,1,5,1
KR_6762528411,420,0,-21,11,6,-2,0,2,2,7,5,2,2,0,4,6,2,0,0,0,0,5,1,1,7,8,-5,0,0,-1,1,0,-1,5,1
KR_6774032034,420,0,-36,-3,3,7,11,4,2,3,1,-5,1,6,0,1,1,-1,1,2,-1,4,-10,-10,10,0,5,0,-1,1,1,-1,-1,1,1
KR_6686677844,420,-5,-63,-33,-8,-1,1,2,-6,4,10,3,4,1,-5,0,5,1,1,0,-2,-19,-29,0,7,7,-4,0,-2,-1,-1,-1,-1,5,1
KR_6768606106,420,1,47,27,-3,1,1,0,-1,2,3,-1,1,2,-3,0,3,1,2,1,0,-3,13,-5,8,3,2,0,1,1,1,1,-1,5,1
KR_6733761142,420,3,29,-2,7,4,5,1,0,3,3,4,4,0,-1,1,2,0,0,0,1,5,-22,2,1,3,2,0,2,-1,1,1,1,5,1
KR_6771073446,420,1,55,-10,-3,0,1,1,-5,0,5,4,5,1,-3,0,3,1,1,0,0,1,-4,-4,11,7,1,0,1,-1,1,1,-1,3,1
KR_6700515435,420,5,62,-2,8,6,6,0,-9,0,9,-1,0,1,11,13,2,1,1,0,-1,3,0,8,5,13,0,0,3,-1,1,1,-1,5,1
KR_6775754183,420,0,5,5,-3,0,2,2,-4,2,6,4,4,0,-1,2,3,-2,0,2,0,-7,-33,-1,7,6,2,0,-2,1,1,-1,-1,2,1
KR_6769128443,420,6,34,-4,15,4,4,0,6,7,1,4,4,0,2,4,2,-1,1,2,0,28,4,4,1,5,-2,0,2,-1,1,1,1,1,1
KR_6776050010,420,0,-22,-15,2,0,0,0,0,5,5,1,1,0,1,5,4,0,2,2,0,2,31,-1,5,4,-1,0,-1,1,-1,-1,1,4,1
KR_6745757709,440,-4,-79,-17,-14,3,4,1,-11,0,11,2,4,2,-8,1,9,0,2,2,0,-13,-136,-4,6,2,-2,0,0,-1,0,-1,-1,6,1
KR_6773813155,420,2,8,4,1,-1,1,2,5,6,1,0,2,2,-1,0,1,-2,0,2,0,3,2,1,5,6,-2,0,1,1,1,1,-1,6,1
KR_6777389540,420,1,40,-19,8,3,6,3,0,3,3,3,4,1,5,5,0,-3,1,4,0,10,1,-5,10,5,3,0,3,1,1,1,1,5,1
KR_6769345289,420,0,33,-18,3,-2,1,3,1,3,2,2,2,0,0,2,2,2,2,0,0,10,28,-1,4,3,-3,0,0,-1,1,0,-1,2,1
KR_6739016177,420,6,95,43,8,6,6,0,1,4,3,0,3,3,1,1,0,0,0,0,0,3,11,1,3,4,-3,0,2,1,1,1,1,2,1
KR_6774113662,420,3,74,23,3,4,5,1,-6,2,8,4,4,0,1,4,3,0,1,1,0,1,-18,3,4,7,1,0,0,1,1,-1,-1,3,1
KR_6767193782,440,1,47,40,3,-2,4,6,-1,2,3,1,3,2,4,4,0,1,1,0,0,17,-219,-8,9,1,4,0,-1,1,-1,-1,1,5,1
KR_6704141497,420,4,-15,-19,16,3,3,0,1,3,2,4,7,3,9,9,0,-1,1,2,0,24,9,1,5,6,-2,0,2,1,-1,1,-1,1,1
KR_6770644967,420,4,9,22,9,3,4,1,5,7,2,-1,2,3,3,3,0,-1,0,1,-1,4,48,-3,6,3,-7,0,1,-1,1,1,-1,2,1
KR_6769115589,420,0,-45,-12,1,3,3,0,-1,4,5,4,4,0,-2,0,2,-3,0,3,1,2,5,1,2,3,4,0,0,1,1,0,1,1,1
KR_6723858024,420,1,-12,26,1,3,3,0,3,4,1,-1,0,1,-3,1,4,-1,0,1,-1,-2,2,3,4,7,-1,0,0,-1,1,1,-1,3,1
KR_6769404658,420,4,70,43,11,2,2,0,7,8,1,3,5,2,2,5,3,-3,0,3,0,7,34,1,4,5,-3,0,1,-1,1,1,1,1,1
KR_6769673211,420,5,90,0,8,-1,2,3,2,3,1,4,6,2,2,4,2,1,1,0,1,19,7,0,10,10,2,0,0,1,-1,-1,1,6,1
KR_6749292745,420,-3,-9,-23,0,-2,3,5,0,1,1,4,4,0,-2,3,5,0,1,1,0,4,-49,3,3,6,5,0,-1,1,1,-1,1,5,1
KR_6769986620,420,1,-29,-27,5,0,2,2,0,1,1,3,5,2,3,4,1,-1,0,1,0,7,-4,1,6,7,1,0,-1,1,-1,-1,-1,5,1
KR_6772994674,440,0,14,12,-1,-1,1,2,5,7,2,-1,2,3,-2,0,2,-2,0,2,0,-3,10,2,6,8,-1,0,1,-1,1,1,1,3,1
KR_6774482940,420,0,-2,7,0,-1,3,4,-2,3,5,0,2,2,3,4,1,0,1,1,0,-4,-163,-8,11,3,-3,0,1,-1,-1,1,-1,6,1
KR_6772750162,420,2,-18,-3,-1,0,3,3,-1,5,6,2,3,1,1,3,2,-3,0,3,-1,-4,3,-4,11,7,-4,0,0,-1,-1,0,-1,2,1
KR_6760020778,440,1,2,1,2,4,6,2,-1,0,1,1,3,2,0,2,2,-2,2,4,-3,-9,19,5,2,7,-2,0,1,0,1,-1,-1,0,1
KR_6771804659,420,3,49,8,1,0,1,1,2,3,1,0,1,1,-1,1,2,0,0,0,0,-2,50,1,8,9,-2,0,2,-1,1,1,1,1,1
KR_6775276668,420,2,1,-16,6,-3,1,4,-1,1,2,7,7,0,2,2,0,1,2,1,0,7,2,1,6,7,-1,0,0,1,1,0,1,1,1
KR_6760738981,420,2,27,-16,6,1,4,3,-1,3,4,2,5,3,3,3,0,1,1,0,1,6,-12,0,7,7,-4,0,0,-1,1,1,1,3,1
KR_6771105959,440,2,65,-16,6,1,1,0,1,4,3,4,6,2,-3,2,5,3,3,0,0,1,-11,4,4,8,-3,0,2,-1,1,1,-1,2,1
KR_6710114762,420,2,28,28,11,-2,1,3,0,2,2,2,2,0,12,13,1,-1,0,1,0,12,7,3,4,7,7,0,2,1,1,1,1,5,1
KR_6764725438,440,0,-6,-17,1,-1,3,4,4,6,2,-1,0,1,2,5,3,-3,0,3,1,-3,0,-4,7,3,-6,0,1,1,-1,1,1,5,1
KR_6764471719,420,5,96,-8,7,2,2,0,-1,3,4,-1,0,1,6,7,1,1,1,0,0,12,16,-2,12,10,-2,0,1,1,-1,1,1,4,1
KR_6775770035,420,0,-6,4,-4,2,3,1,-3,2,5,0,3,3,-3,0,3,0,2,2,1,-1,0,1,8,9,2,0,0,-1,1,0,1,4,1
KR_6735177498,420,-2,2,-23,7,-1,0,1,0,1,1,4,4,0,4,5,1,0,1,1,1,8,2,4,5,9,5,0,2,1,-1,1,1,4,1
KR_6777098181,420,7,47,50,11,1,1,0,5,8,3,3,3,0,1,3,2,1,1,0,0,14,7,4,5,9,-3,0,1,1,1,1,-1,5,1
KR_6777752108,440,1,0,23,-2,-1,0,1,4,5,1,-4,1,5,-2,0,2,1,2,1,0,-4,-23,-1,4,3,2,0,0,0,1,0,-1,0,1
KR_6776640792,420,0,-19,15,-4,1,2,1,0,1,1,-2,1,3,-3,2,5,0,0,0,0,-6,-6,-1,8,7,1,0,0,-1,1,0,-1,2,1
KR_6767877607,420,-1,-41,16,8,2,4,2,1,4,3,1,2,1,1,6,5,3,3,0,-1,11,-1,0,5,5,-1,0,0,1,1,0,-1,6,1
KR_6732783676,420,8,92,39,15,7,7,0,2,4,2,6,6,0,1,3,2,-1,0,1,0,9,-31,-3,6,3,4,0,4,-1,1,1,1,1,1
KR_6767432450,420,5,-1,20,9,1,4,3,8,10,2,2,2,0,-2,1,3,0,0,0,0,10,3,1,7,8,4,0,2,1,-1,1,1,1,1
KR_6777640927,420,3,-30,4,11,-4,2,6,4,5,1,1,6,5,5,8,3,5,5,0,1,20,23,-4,9,5,2,0,1,1,-1,1,-1,2,1
KR_6734819293,420,3,-19,-8,1,-3,0,3,-1,4,5,4,5,1,-1,4,5,2,2,0,-1,1,-5,0,7,7,-5,0,0,-1,-1,0,-1,5,1
KR_6771059282,420,3,20,6,4,1,4,3,1,5,4,1,2,1,0,3,3,1,2,1,0,1,-125,-1,5,4,6,0,0,-1,1,1,-1,4,1
KR_6777248942,420,0,-27,-3,2,-1,1,2,2,4,2,-2,3,5,2,6,4,1,1,0,0,15,-49,-4,8,4,3,0,2,0,-1,1,-1,0,1
KR_6705630403,420,0,23,6,0,-2,1,3,-2,2,4,2,2,0,1,2,1,1,2,1,0,3,-2,-3,9,6,2,0,1,1,1,1,1,4,1
KR_6769804741,420,5,13,9,4,7,7,0,-4,3,7,-1,2,3,3,4,1,-1,0,1,-1,5,47,-3,6,3,-23,0,0,-1,-1,1,-1,6,1
KR_6632646019,420,0,-19,5,5,1,3,2,1,4,3,-2,0,2,3,4,1,2,2,0,2,9,0,-5,8,3,3,0,0,1,1,1,1,2,1
KR_6775641551,420,-1,-28,4,-1,0,1,1,1,3,2,1,2,1,-3,1,4,0,1,1,0,-2,-12,-1,7,6,8,0,0,-1,1,0,-1,5,1
KR_6771580693,420,0,27,-18,-1,-3,0,3,-4,1,5,2,4,2,4,6,2,0,1,1,0,-2,0,3,2,5,-3,0,0,1,-1,0,1,4,1
KR_6775132656,440,1,-12,40,4,6,7,1,0,2,2,-1,2,3,-2,1,3,1,1,0,0,-2,4,3,2,5,-3,0,1,1,1,1,1,6,1
KR_6701988985,420,1,7,12,7,1,3,2,3,6,3,1,3,2,1,2,1,1,1,0,0,6,38,2,5,7,2,0,2,1,1,1,1,1,1
KR_6737505658,420,-3,6,-23,-4,3,5,2,-8,0,8,4,7,3,-2,6,8,-1,1,2,0,-8,-14,3,6,9,3,0,0,-1,1,-1,1,2,1
KR_6692407052,440,3,37,-16,4,-3,0,3,8,10,2,-3,2,5,4,6,2,-2,1,3,-1,6,-79,2,4,6,-5,0,0,0,-1,-1,-1,0,1
KR_6770812809,440,2,-7,25,11,5,7,2,1,3,2,-4,1,5,9,10,1,0,1,1,-1,16,-9,2,1,3,0,0,0,-1,1,1,-1,5,1
KR_6768306922,420,3,-19,16,14,-2,1,3,7,7,0,2,4,2,6,6,0,1,1,0,0,27,1,3,2,5,0,0,1,1,1,-1,1,4,1
KR_6689770671,420,2,-77,-17,1,0,0,0,1,2,1,1,3,2,-3,1,4,2,2,0,0,6,1,-2,5,3,-5,0,-1,-1,-1,-1,-1,3,1
KR_6772940760,420,3,17,-5,16,4,5,1,2,3,1,7,7,0,3,5,2,0,0,0,0,13,3,-3,6,3,-4,0,-1,1,-1,-1,1,5,1
KR_6731417259,420,-2,10,-16,-4,2,2,0,-1,3,4,-3,1,4,-2,2,4,0,2,2,0,1,11,1,7,8,-1,0,0,-1,-1,0,-1,4,1
KR_6754422523,420,0,18,-13,8,2,2,0,-2,0,2,-1,1,2,10,10,0,-1,1,2,0,8,68,-2,10,8,3,0,2,1,1,1,1,4,1
KR_6622380599,420,1,3,-4,9,2,4,2,5,6,1,-2,2,4,4,6,2,0,1,1,0,11,-2,-3,7,4,4,0,0,1,1,0,-1,5,1
KR_6776486700,440,0,-22,-12,1,0,0,0,3,5,2,2,2,0,-3,2,5,-1,4,5,0,5,3,3,4,7,-2,0,0,-1,0,1,-1,2,1
KR_6669585436,420,0,22,-14,2,0,1,1,-1,2,3,-2,0,2,4,6,2,1,1,0,1,9,-8,-3,8,5,4,0,-1,1,-1,1,1,1,1
KR_6775545848,420,5,124,4,13,2,4,2,3,5,2,1,5,4,6,8,2,1,3,2,0,4,13,4,1,5,-5,0,3,1,1,1,1,6,1
KR_6759926648,420,0,21,15,-5,3,4,1,-7,0,7,-2,0,2,1,5,4,0,0,0,-1,-7,-4,4,4,8,-1,0,0,-1,-1,0,-1,2,1
KR_6777535836,440,6,115,4,7,2,3,1,4,6,2,2,5,3,-1,2,3,0,0,0,-2,-3,77,-6,13,7,-9,0,2,1,1,1,-1,1,1
KR_6663241845,420,4,23,34,5,1,3,2,-3,1,4,6,9,3,0,2,2,1,3,2,0,9,24,1,7,8,-5,0,0,1,1,1,-1,4,1
KR_6773812892,440,-2,-52,12,-3,3,4,1,-3,2,5,-3,2,5,0,3,3,0,1,1,0,1,-1,-3,8,5,3,0,-2,-1,-1,-1,-1,3,1
KR_6770501360,420,-2,-18,-2,-2,0,4,4,0,4,4,-2,1,3,1,1,0,-1,1,2,0,-1,-11,-5,7,2,-2,0,-1,-1,-1,-1,-1,1,1
KR_6776498574,420,2,12,32,4,4,4,0,-2,2,4,4,5,1,-1,1,2,-1,0,1,0,-2,-25,0,6,6,-5,0,1,1,1,1,-1,5,1
KR_6773200316,420,1,-35,7,12,-1,1,2,3,6,3,9,9,0,0,2,2,1,2,1,0,23,-6,4,4,8,6,0,1,-1,1,1,-1,4,1
KR_6757618058,420,0,27,16,3,0,1,1,-2,6,8,0,2,2,7,9,2,-2,1,3,2,16,57,4,6,10,-2,0,1,1,-1,1,1,5,1
KR_6758413321,420,5,117,-24,6,2,2,0,0,1,1,1,2,1,0,4,4,3,4,1,0,9,65,1,4,5,-2,0,2,1,1,1,1,2,1
KR_6758649200,420,2,-1,-16,6,1,2,1,3,6,3,-2,1,3,5,7,2,-1,0,1,-4,-2,-4,-2,8,6,1,0,1,1,-1,1,-1,1,1
KR_6774983260,420,1,46,32,2,0,1,1,-3,3,6,3,3,0,1,2,1,1,1,0,0,4,1,-1,7,6,-2,0,1,-1,1,1,-1,1,1
KR_6768964097,420,0,-10,-6,4,-1,1,2,2,3,1,4,6,2,-1,1,2,0,0,0,0,5,-1,1,4,5,4,0,0,1,1,0,-1,3,1
KR_6763183776,420,3,-2,5,9,2,4,2,5,7,2,2,2,0,0,2,2,0,1,1,0,11,1,0,6,6,10,0,1,1,1,1,-1,4,1
KR_6776892886,420,3,63,17,7,-1,0,1,6,6,0,1,5,4,0,0,0,1,1,0,0,11,40,2,7,9,7,0,1,1,1,1,-1,3,1
KR_6757125574,420,4,54,5,6,1,3,2,1,2,1,3,3,0,0,7,7,1,1,0,-3,-1,38,1,9,10,4,0,0,1,1,0,-1,5,1
KR_6711605341,420,-2,-24,-28,-1,-4,0,4,-1,4,5,1,1,0,0,4,4,3,3,0,-1,4,118,-3,9,6,2,0,1,-1,1,1,-1,6,1
KR_6773930477,420,2,-15,25,1,1,3,2,-1,1,2,-1,4,5,4,6,2,-2,1,3,0,-1,4,6,7,13,1,0,0,-1,1,-1,1,4,1
KR_6766234214,420,2,50,-10,4,7,8,1,1,5,4,-1,2,3,-1,1,2,-2,0,2,1,0,-121,1,4,5,-1,0,1,-1,-1,1,1,3,1
KR_6745580690,420,1,-6,9,8,-1,3,4,2,2,0,5,6,1,1,2,1,1,1,0,1,5,21,-2,5,3,-2,0,1,1,1,1,1,2,1
KR_6769192234,420,0,63,4,-9,-6,2,8,-2,0,2,-3,1,4,2,5,3,0,1,1,0,-17,54,2,4,6,0,0,2,1,-1,-1,-1,6,1
KR_6773790177,440,-1,-12,-4,-5,-2,1,3,-2,0,2,2,4,2,-4,1,5,1,2,1,0,-7,-3,-1,6,5,-2,0,-2,-1,-1,-1,-1,5,1
KR_6765997095,440,7,98,19,18,9,9,0,1,3,2,1,2,1,4,4,0,3,4,1,0,7,-2,-3,4,1,2,0,2,1,-1,1,1,1,1
KR_6762974126,420,-2,-60,4,-11,-5,0,5,-2,2,4,-2,1,3,-1,2,3,-1,0,1,0,-12,9,6,2,8,-6,0,0,0,-1,0,-1,0,1
KR_6776984652,420,9,124,54,18,4,5,1,9,11,2,0,2,2,5,6,1,0,0,0,0,22,32,0,6,6,5,0,4,1,1,1,1,3,1
KR_6771160572,420,1,-15,-11,7,0,3,3,2,6,4,4,4,0,1,5,4,0,3,3,0,12,6,1,4,5,3,0,-2,1,-1,-1,-1,6,1
KR_6776424031,440,8,143,44,14,6,6,0,4,5,1,0,3,3,3,4,1,1,1,0,0,14,4,4,5,9,0,0,2,1,1,1,-1,5,1
KR_6775248597,420,1,10,16,3,2,2,0,0,1,1,0,1,1,0,1,1,1,3,2,0,2,5,-4,8,4,-3,0,1,1,1,1,1,5,1
KR_6770382948,440,2,11,2,0,0,2,2,0,0,0,0,3,3,-2,5,7,2,2,0,0,-13,-4,2,4,6,-3,0,1,-1,-1,1,1,5,1
KR_6767562483,420,3,20,-18,10,3,4,1,8,11,3,0,1,1,-2,0,2,1,1,0,0,8,-2,-2,7,5,-3,0,1,1,1,1,1,3,1
KR_6749389621,420,1,-6,5,0,0,1,1,-3,2,5,-1,0,1,2,6,4,2,3,1,0,3,13,-4,10,6,1,0,1,-1,-1,1,-1,1,1
KR_6694300663,420,1,0,16,6,0,2,2,-2,1,3,-1,1,2,7,7,0,2,2,0,-1,5,5,7,4,11,3,0,0,1,1,1,-1,2,1
KR_6777239966,420,4,63,4,13,2,5,3,0,2,2,1,3,2,6,8,2,4,5,1,0,16,-65,2,6,8,10,0,3,1,1,1,1,3,1
KR_6777203947,420,2,112,0,2,1,2,1,3,5,2,0,0,0,-1,2,3,-1,1,2,0,-4,-24,2,4,6,33,0,0,1,-1,1,1,5,1
KR_6776071163,420,-1,32,27,-7,4,7,3,-3,0,3,-1,1,2,-3,4,7,-4,3,7,-1,-9,-23,2,7,9,2,0,1,-1,1,1,-1,2,1
KR_6773059957,420,0,10,25,4,-1,0,1,-2,5,7,3,5,2,4,5,1,0,0,0,0,-1,-2,4,4,8,-3,0,-1,1,1,-1,1,3,1
KR_6763317346,420,2,82,5,3,2,2,0,0,5,5,3,3,0,-2,2,4,0,1,1,0,2,-7,3,4,7,2,0,2,-1,1,1,1,4,1
KR_6777616139,420,1,25,23,-2,1,1,0,-3,1,4,3,3,0,-3,0,3,0,0,0,0,-9,153,-3,7,4,-3,0,0,-1,1,0,-1,6,1
KR_6711272409,420,3,29,11,6,-2,1,3,4,4,0,3,4,1,1,2,1,0,0,0,1,19,2,-1,5,4,4,0,0,-1,1,0,1,6,1
KR_6723872075,420,2,13,17,6,-2,1,3,-4,3,7,3,3,0,7,9,2,2,3,1,0,7,29,3,9,12,-4,0,1,1,1,1,1,1,1
KR_6720320201,420,6,30,36,8,0,0,0,5,6,1,2,4,2,2,6,4,-1,0,1,0,10,33,-3,9,6,-12,0,2,1,1,1,1,2,1
KR_6777643925,420,3,58,10,9,0,1,1,2,4,2,4,5,1,1,2,1,2,2,0,1,9,18,6,4,10,1,0,0,1,-1,0,1,5,1
KR_6760044871,420,10,90,21,26,2,3,1,0,1,1,12,13,1,8,10,2,4,4,0,-2,15,-13,4,2,6,1,0,2,1,1,1,-1,4,1
KR_6774906943,420,2,-26,35,1,1,4,3,-2,0,2,2,4,2,1,5,4,-1,0,1,2,-3,-163,1,5,6,-2,0,-1,-1,1,-1,1,2,1
KR_6767252082,420,4,88,-7,7,3,3,0,1,4,3,0,1,1,2,2,0,1,1,0,0,7,47,6,5,11,-4,0,3,-1,1,1,1,6,1
KR_6761169575,420,2,38,-3,3,-1,0,1,0,2,2,3,5,2,1,1,0,0,1,1,0,11,3,0,4,4,0,0,1,1,-1,1,1,2,1
KR_6775386356,420,3,19,-16,13,1,2,1,7,8,1,1,3,2,4,7,3,0,1,1,0,18,4,2,4,6,1,0,0,-1,-1,0,-1,3,1
KR_6773816879,420,2,65,-4,4,-4,0,4,-3,3,6,6,9,3,3,3,0,2,3,1,0,3,-10,5,4,9,2,0,2,-1,-1,1,1,1,1
KR_6749260649,420,-2,-30,4,3,-1,0,1,-1,4,5,3,5,2,1,2,1,1,1,0,0,0,12,5,4,9,-2,0,1,1,1,1,1,1,1
KR_6757486471,420,6,41,37,11,8,10,2,-2,2,4,2,4,2,3,3,0,0,0,0,0,2,5,1,8,9,2,0,1,1,1,1,1,4,1
KR_6755557173,420,-1,63,1,-3,2,3,1,2,3,1,-5,3,8,-1,1,2,-1,0,1,0,-9,34,-2,7,5,2,0,1,1,1,1,-1,5,1
KR_6740372031,420,-1,-22,-8,3,0,2,2,2,6,4,2,3,1,-1,2,3,0,1,1,0,-3,-5,7,4,11,-9,0,0,1,1,0,1,3,1
KR_6698497536,420,-1,-1,12,-4,-1,0,1,4,4,0,1,1,0,-8,1,9,0,1,1,0,-2,6,1,7,8,-2,0,0,1,-1,0,-1,2,1
KR_6773485025,420,-1,-1,20,-1,-3,2,5,-2,3,5,7,7,0,-3,1,4,0,0,0,0,-2,1,0,7,7,-2,0,-2,1,1,-1,-1,4,1
KR_6674373887,420,-1,6,-13,3,-2,0,2,3,6,3,0,3,3,0,2,2,2,2,0,1,7,-1,-3,10,7,4,0,-1,1,-1,-1,1,3,1
KR_6774140516,420,1,93,-29,8,2,4,2,2,4,2,1,2,1,0,2,2,3,4,1,0,8,-23,5,3,8,8,0,1,1,1,1,1,6,1
KR_6759287706,420,-2,-33,-4,0,0,2,2,0,2,2,0,4,4,-1,1,2,1,1,0,0,5,2,2,4,6,-5,0,1,-1,1,1,-1,5,1
KR_6774798725,420,3,20,15,7,2,4,2,1,2,1,3,3,0,1,2,1,0,1,1,1,3,35,3,4,7,0,0,0,1,1,0,1,3,1
KR_6777679410,420,7,95,41,12,2,2,0,4,6,2,3,3,0,1,3,2,2,2,0,1,17,-1,-2,5,3,-1,0,3,1,-1,1,1,3,1
KR_6764572390,440,-2,11,-29,-11,0,1,1,1,3,2,-5,0,5,-6,1,7,-1,0,1,0,-7,-5,2,5,7,-1,0,-2,-1,1,-1,1,4,1
KR_6767625081,420,0,-12,-7,-3,0,1,1,0,3,3,-3,2,5,0,2,2,0,1,1,-1,1,-32,6,3,9,2,0,-1,-1,-1,-1,-1,2,1
KR_6765668732,440,3,60,-7,6,0,4,4,6,8,2,-1,0,1,1,4,3,0,1,1,0,1,5,5,3,8,-5,0,1,-1,1,1,1,1,1
KR_6775495863,420,1,15,6,-3,-1,0,1,-1,3,4,-2,0,2,0,2,2,1,1,0,1,-5,0,-1,8,7,-3,0,1,1,-1,1,1,3,1
KR_6650875682,420,1,-7,-32,7,3,4,1,0,2,2,4,4,0,3,4,1,-3,0,3,1,13,1,6,3,9,-6,0,2,1,1,1,1,5,1
KR_6776031229,420,1,25,11,9,-4,0,4,5,7,2,5,6,1,-1,4,5,4,5,1,0,9,12,5,4,9,-3,0,0,0,1,1,-1,0,1
KR_6666430199,420,-1,1,8,1,0,1,1,0,2,2,4,6,2,-2,1,3,-1,0,1,0,6,-9,2,5,7,0,0,0,1,1,1,-1,3,1
KR_6684349910,420,1,45,-7,6,0,1,1,1,4,3,3,4,1,1,5,4,1,1,0,0,6,54,1,4,5,2,0,2,1,-1,1,-1,2,1
KR_6766518327,420,0,-8,-26,2,0,2,2,-6,1,7,5,5,0,3,4,1,0,0,0,-1,4,11,8,4,12,-4,0,1,1,-1,1,-1,6,1
KR_6772982285,420,5,38,28,10,5,5,0,-1,1,2,2,2,0,5,7,2,-1,1,2,0,8,-109,-1,7,6,8,0,0,1,-1,0,1,1,1
KR_6766741274,420,1,28,10,-2,-2,1,3,7,11,4,-6,1,7,1,4,3,-2,0,2,0,-2,7,1,5,6,0,0,-1,1,-1,-1,-1,4,1
KR_6711152677,420,0,-16,11,0,1,2,1,0,1,1,0,1,1,-1,2,3,0,1,1,0,-3,1,3,7,10,0,0,0,1,-1,1,-1,1,1
KR_6775409289,420,6,-17,31,11,-2,2,4,4,4,0,4,4,0,2,3,1,3,3,0,0,9,32,0,5,5,-2,0,1,1,-1,1,1,3,1
KR_6772826564,420,6,33,0,14,4,4,0,2,2,0,7,8,1,3,5,2,-2,0,2,1,9,124,1,6,7,3,0,4,1,1,1,1,1,1
KR_6678264895,420,6,125,0,13,7,8,1,-3,1,4,-1,6,7,3,3,0,7,7,0,0,4,12,0,6,6,5,0,3,1,1,1,1,2,1
KR_6759370253,420,1,-23,-12,1,-2,0,2,0,1,1,3,5,2,-1,1,2,1,1,0,0,3,14,-1,9,8,-6,0,1,1,1,1,-1,4,1
KR_6749456505,420,-1,38,-19,-1,2,4,2,-5,1,6,2,4,2,3,9,6,-3,1,4,1,-8,77,3,8,11,-4,0,0,1,-1,0,1,6,1
KR_6770352548,420,3,70,28,12,-2,2,4,9,11,2,3,4,1,2,3,1,0,2,2,3,14,55,4,5,9,-5,0,1,1,1,1,1,5,1
KR_6776947073,420,1,25,0,2,-2,0,2,2,3,1,1,2,1,3,3,0,-2,1,3,-1,0,10,2,4,6,5,0,2,-1,1,1,-1,3,1
KR_6771559809,420,5,73,8,7,1,2,1,4,8,4,0,4,4,2,4,2,0,3,3,-1,6,3,-2,5,3,6,0,0,-1,-1,-1,-1,1,1
KR_6777091993,420,-1,-35,8,0,3,3,0,-2,2,4,2,4,2,-4,1,5,1,2,1,0,-1,-168,0,3,3,-5,0,1,1,1,1,-1,1,1
KR_6712051948,420,-1,-88,-36,-7,-5,0,5,-3,1,4,4,5,1,-5,3,8,2,2,0,0,-7,-27,3,4,7,-7,0,-2,-1,-1,-1,1,5,1
KR_6707832428,420,3,73,-8,8,1,2,1,-4,1,5,-1,2,3,5,8,3,7,7,0,0,16,-7,-5,11,6,7,0,1,1,1,1,1,1,1
KR_6776462094,440,4,38,-8,10,4,5,1,2,4,2,3,6,3,0,0,0,1,1,0,0,4,23,1,4,5,2,0,2,1,1,1,1,4,1
KR_6777372497,420,6,51,13,18,2,3,1,9,11,2,1,2,1,6,6,0,0,0,0,1,29,-98,2,6,8,1,0,1,1,1,1,1,2,1
KR_6652730796,420,0,40,39,-4,-1,1,2,-4,5,9,0,2,2,-2,2,4,3,3,0,0,-10,5,-6,10,4,-2,0,1,-1,-1,1,1,1,1
KR_6752324283,420,-2,1,-10,-1,-4,0,4,0,1,1,0,1,1,4,4,0,-1,0,1,0,4,17,0,3,3,-17,0,-1,0,-1,-1,1,0,1
KR_6758219150,420,2,-14,10,5,-1,0,1,7,8,1,0,2,2,-1,1,2,0,0,0,0,4,6,3,3,6,2,0,0,1,-1,0,1,1,1
KR_6703015273,420,4,1,37,6,-4,0,4,0,2,2,0,1,1,6,6,0,4,6,2,0,11,6,2,4,6,3,0,2,1,-1,1,-1,6,1
KR_6735103758,420,6,70,28,15,0,1,1,9,11,2,1,5,4,3,6,3,2,4,2,2,18,3,3,9,12,5,0,1,1,1,1,1,5,1
KR_6717586263,420,4,41,1,3,3,3,0,-1,1,2,3,4,1,-5,3,8,3,4,1,0,8,14,2,4,6,-2,0,-1,-1,-1,-1,1,5,1
KR_6663296012,420,1,21,-7,7,5,5,0,4,7,3,-4,3,7,2,2,0,0,1,1,0,6,47,7,5,12,-5,0,1,1,1,1,1,1,1
KR_6772435635,420,2,64,27,1,0,1,1,-2,3,5,-1,3,4,4,5,1,0,0,0,0,3,-8,1,5,6,0,0,0,1,1,1,-1,1,1
KR_6775841038,420,1,49,-37,3,4,4,0,2,3,1,-1,3,4,-2,3,5,0,2,2,0,-1,18,-2,6,4,-1,0,0,-1,-1,-1,1,3,1
KR_6772597941,420,0,-25,-4,6,0,4,4,0,1,1,0,2,2,7,7,0,-1,1,2,0,3,-3,0,3,3,-3,0,2,-1,1,1,1,1,1
KR_6745697139,420,-1,-16,-1,-2,-3,3,6,-2,0,2,-2,1,3,6,8,2,-1,1,2,0,-1,-6,-3,8,5,2,0,0,1,-1,-1,-1,3,1
KR_6747532600,420,2,1,-9,1,-2,1,3,1,3,2,-1,1,2,3,3,0,0,0,0,0,3,5,2,4,6,-6,0,1,1,1,1,1,4,1
KR_6776635861,420,4,69,10,14,4,5,1,0,1,1,6,10,4,3,4,1,1,1,0,0,24,2,-2,11,9,5,0,1,1,-1,1,1,1,1
KR_6740618731,420,3,19,36,4,4,4,0,-2,3,5,3,8,5,-2,1,3,1,1,0,-1,5,-51,-1,6,5,5,0,1,1,1,1,-1,6,1
KR_6763562167,440,-1,21,-4,0,2,3,1,1,3,2,2,2,0,-4,0,4,-1,0,1,0,-8,-1,1,5,6,0,0,0,-1,1,1,1,3,1
KR_6763380369,420,2,21,31,8,1,1,0,2,3,1,1,3,2,3,4,1,1,1,0,0,12,25,4,5,9,-39,0,0,1,1,0,1,5,1
KR_6776946914,420,-1,15,-24,7,-1,0,1,3,5,2,2,8,6,3,3,0,0,0,0,0,11,-8,-5,10,5,5,0,0,-1,1,0,1,4,1
KR_6768892587,420,4,48,27,7,1,3,2,1,2,1,2,2,0,2,3,1,1,2,1,0,6,-31,1,2,3,1,0,2,-1,1,1,1,2,1
KR_6678170572,420,0,-23,-15,2,-1,1,2,-2,2,4,-2,2,4,5,5,0,2,2,0,0,5,-7,-3,11,8,11,0,0,1,1,0,1,6,1
KR_6712718505,420,1,47,-1,3,-1,2,3,2,5,3,0,2,2,3,6,3,-1,0,1,0,8,4,1,10,11,6,0,1,1,-1,1,1,2,1
KR_6769991652,420,2,24,-6,6,2,3,1,1,2,1,4,4,0,-2,2,4,1,1,0,0,6,128,2,5,7,-8,0,-1,-1,-1,-1,1,4,1
KR_6776911644,420,0,52,4,0,-1,1,2,-1,3,4,2,2,0,1,1,0,-1,0,1,0,-3,21,1,6,7,-11,0,0,0,-1,0,-1,0,1
KR_6775202449,420,3,54,24,6,5,5,0,3,4,1,0,4,4,1,2,1,-3,0,3,0,3,35,-1,6,5,3,0,1,1,-1,1,-1,1,1
KR_6764473836,440,6,56,40,16,5,7,2,3,3,0,4,4,0,7,7,0,-3,1,4,0,9,2,-1,8,7,5,0,2,1,1,1,1,3,1
KR_6749611009,420,3,-34,22,10,-1,1,2,7,7,0,4,6,2,0,2,2,0,2,2,0,15,-3,1,5,6,-3,0,1,1,1,1,-1,3,1
KR_6728699772,420,4,75,36,7,2,3,1,12,12,0,2,2,0,-6,0,6,-3,1,4,0,6,111,2,5,7,1,0,1,1,1,1,1,6,1
KR_6651078350,420,-1,-33,0,-4,4,4,0,-3,1,4,-2,0,2,-3,0,3,0,0,0,0,-5,4,2,6,8,-7,0,0,-1,1,-1,1,4,1
KR_6766817996,440,4,-57,30,-1,-5,2,7,-2,4,6,0,1,1,2,4,2,4,7,3,-1,-2,3,2,4,6,-3,0,0,1,-1,-1,-1,4,1
KR_6772065683,420,2,11,-3,5,-1,3,4,4,5,1,0,5,5,0,4,4,2,5,3,2,5,1,-3,6,3,0,0,-2,1,-1,-1,1,6,1
KR_6765129638,420,-2,9,-38,0,1,2,1,-2,5,7,-2,0,2,4,7,3,-1,2,3,0,4,11,7,2,9,-4,0,1,1,1,1,1,1,1
KR_6776972199,420,0,-52,-12,6,2,2,0,2,4,2,2,2,0,0,4,4,0,1,1,-1,4,19,2,4,6,1,0,-1,1,-1,-1,-1,2,1
KR_6743369354,420,6,55,4,24,1,2,1,10,10,0,7,7,0,7,11,4,-1,0,1,2,24,-4,0,4,4,7,0,2,1,-1,1,1,5,1
KR_6759236201,420,-1,35,-14,2,1,4,3,0,1,1,-1,2,3,0,1,1,2,2,0,0,5,-14,-3,5,2,3,0,0,0,-1,0,1,0,1
KR_6768671224,420,2,31,-8,3,0,2,2,-1,3,4,-1,3,4,4,5,1,1,2,1,1,4,-7,2,6,8,2,0,1,1,-1,-1,1,3,1
KR_6761097146,420,4,52,7,2,2,5,3,2,3,1,0,1,1,-1,1,2,-1,1,2,0,6,96,-1,6,5,-18,0,1,-1,-1,1,-1,6,1
KR_6739594062,420,2,-41,5,0,2,4,2,1,4,3,-2,0,2,0,1,1,-1,0,1,0,2,0,-1,8,7,-1,0,1,-1,1,1,-1,5,1
KR_6764286454,420,1,-6,-5,1,2,3,1,1,5,4,2,2,0,-5,1,6,1,1,0,-1,-3,-10,-5,10,5,3,0,0,-1,1,0,-1,4,1
KR_6741822002,420,6,93,12,13,0,2,2,4,4,0,0,1,1,9,9,0,0,0,0,0,15,-32,3,5,8,6,0,2,1,1,1,1,4,1
KR_6741031168,420,1,16,28,0,0,3,3,-3,1,4,6,7,1,-1,1,2,-2,2,4,0,-2,-8,-3,9,6,-1,0,2,-1,1,1,1,6,1
KR_6745791073,420,0,-8,4,3,3,3,0,0,1,1,-1,2,3,1,2,1,0,0,0,1,0,69,-1,7,6,9,0,0,1,-1,-1,1,6,1
KR_6775834809,420,-1,47,6,-4,0,1,1,1,1,0,0,3,3,-4,4,8,-1,0,1,0,0,29,0,6,6,-9,0,0,1,-1,0,-1,3,1
KR_6734646474,420,1,68,-12,-1,-2,2,4,-3,0,3,2,3,1,3,5,2,-1,2,3,0,-2,3,5,5,10,2,0,2,-1,1,1,1,6,1
KR_6774389951,420,3,65,-10,2,5,6,1,-4,0,4,2,2,0,-1,1,2,0,0,0,0,0,0,3,6,9,6,0,0,-1,1,0,-1,6,1
KR_6762531915,420,-1,-51,-8,2,-1,0,1,4,5,1,0,2,2,1,2,1,-2,0,2,0,5,-5,4,3,7,-1,0,0,1,-1,0,1,5,1
KR_6743604847,420,5,15,19,10,6,6,0,-2,1,3,5,7,2,1,1,0,0,4,4,-1,12,-4,4,5,9,3,0,0,1,1,1,-1,2,1
KR_6767802662,420,1,15,-6,1,3,5,2,-1,1,2,0,1,1,-3,0,3,2,3,1,0,1,7,-1,6,5,-2,0,2,1,1,1,1,3,1
KR_6776058236,420,-1,9,-7,-1,3,4,1,2,7,5,0,4,4,-4,2,6,-2,0,2,0,-11,0,1,4,5,1,0,1,-1,1,1,-1,6,1
KR_6758434876,420,2,15,6,5,-2,0,2,4,5,1,-1,1,2,2,2,0,2,2,0,0,13,-3,2,4,6,-1,0,0,1,-1,0,1,5,1
KR_6769916888,420,3,27,50,-3,-2,4,6,-4,0,4,3,6,3,2,5,3,-2,0,2,0,-9,-7,-5,7,2,2,0,1,1,1,1,1,2,1
KR_6773388332,420,1,124,-3,-3,-7,0,7,2,3,1,-1,5,6,5,8,3,-2,2,4,2,9,7,-8,13,5,3,0,1,1,-1,1,1,6,1
KR_6773390062,440,3,35,-36,8,2,6,4,5,11,6,-2,2,4,2,3,1,1,3,2,1,9,-3,2,0,2,-1,0,1,-1,0,-1,1,1,1
KR_6725812310,420,3,46,-12,6,1,2,1,-1,1,2,2,2,0,2,3,1,2,2,0,0,3,-95,-2,10,8,4,0,1,1,1,1,1,2,1
KR_6765290875,420,4,50,20,8,2,4,2,6,7,1,1,2,1,1,4,3,-2,0,2,1,8,-7,2,5,7,5,0,0,1,1,1,1,2,1
KR_6772383485,420,0,84,14,6,8,10,2,-2,2,4,1,4,3,0,0,0,-1,0,1,0,-1,-3,-3,10,7,5,0,2,1,1,1,1,4,1
KR_6711430321,420,6,93,-12,7,-1,2,3,4,7,3,4,5,1,-1,2,3,1,2,1,-2,2,-3,2,7,9,4,0,1,0,1,1,1,0,1
KR_6743243147,420,0,-19,-16,1,0,1,1,3,4,1,-4,0,4,-1,3,4,3,5,2,0,-2,71,-2,9,7,-4,0,-1,1,-1,-1,-1,2,1
KR_6693127621,420,6,31,20,15,3,3,0,2,2,0,4,5,1,5,5,0,1,1,0,0,8,-36,3,5,8,2,0,0,-1,0,0,1,1,1
KR_6752096711,420,2,-3,11,6,0,3,3,1,4,3,2,2,0,1,4,3,2,2,0,1,5,83,6,4,10,2,0,1,1,1,1,1,5,1
KR_6749724692,420,2,9,10,3,1,4,3,-2,0,2,4,5,1,-2,1,3,2,2,0,0,-1,66,1,5,6,1,0,-2,-1,1,1,-1,1,1
KR_6768389235,420,1,29,9,0,-1,3,4,-1,3,4,0,1,1,1,2,1,1,1,0,0,1,26,2,2,4,2,0,-1,-1,-1,-1,-1,3,1
KR_6775978211,420,7,54,9,23,3,5,2,10,10,0,1,4,3,8,10,2,1,2,1,1,27,2,2,6,8,6,0,1,-1,1,1,1,1,1
KR_6738416557,420,6,98,12,16,0,3,3,0,3,3,3,4,1,10,13,3,3,3,0,0,20,7,8,5,13,4,0,3,1,-1,1,-1,6,1
KR_6772926066,420,2,4,3,8,1,3,2,2,5,3,5,5,0,-1,3,4,1,2,1,2,6,-32,5,4,9,18,0,0,-1,1,-1,1,4,1
KR_6775167830,440,1,-14,-24,5,-1,1,2,0,3,3,-3,1,4,7,9,2,2,3,1,0,5,3,3,3,6,3,0,1,1,-1,1,-1,6,1
KR_6770421881,440,-2,80,4,-8,1,2,1,-5,1,6,-3,1,4,0,1,1,-1,0,1,0,-10,-10,-2,7,5,0,0,-1,-1,-1,-1,1,3,1
KR_6678143359,420,0,-29,-20,-3,-4,0,4,-2,2,4,1,4,3,1,2,1,1,3,2,0,1,-38,-1,8,7,-1,0,-1,1,-1,-1,-1,6,1
KR_6774230009,420,5,73,-13,14,-1,3,4,6,9,3,4,8,4,3,8,5,2,2,0,0,21,30,2,7,9,3,0,0,-1,1,1,-1,4,1
KR_6773685347,420,3,42,-15,2,1,1,0,3,6,3,-2,2,4,2,3,1,-2,0,2,0,4,7,5,2,7,0,0,0,1,-1,0,-1,5,1
KR_6773214870,420,3,54,52,3,0,4,4,5,6,1,-2,2,4,1,4,3,-1,0,1,0,-1,4,3,6,9,-1,0,1,1,1,1,1,4,1
KR_6629063729,420,0,41,-39,-3,4,5,1,-3,1,4,-2,3,5,-2,0,2,0,1,1,0,-7,-9,-1,10,9,6,0,0,1,1,1,1,4,1
KR_6764323486,420,-1,-14,-3,1,1,3,2,1,2,1,1,1,0,-2,1,3,0,0,0,0,-5,-3,1,7,8,-4,0,-2,-1,-1,-1,1,1,1
KR_6699671371,420,6,139,4,8,5,5,0,-3,1,4,0,3,3,5,5,0,1,1,0,0,11,-24,-2,8,6,1,0,3,1,1,1,1,4,1
KR_6768221800,420,1,-24,15,6,1,3,2,2,4,2,0,0,0,-2,2,4,5,6,1,0,8,-9,1,7,8,6,0,1,1,-1,1,-1,2,1
KR_6766675369,420,3,8,21,7,3,3,0,5,7,2,-1,2,3,-2,2,4,2,2,0,1,12,-1,8,5,13,-6,0,0,1,1,1,1,5,1
KR_6666436862,420,3,60,19,1,3,3,0,3,3,0,-1,3,4,-3,1,4,-1,0,1,-1,-4,-36,-4,9,5,3,0,2,0,1,1,-1,0,1
KR_6765332200,420,8,89,47,15,2,2,0,6,8,2,2,4,2,4,4,0,1,1,0,0,24,3,-2,7,5,3,0,2,1,1,1,1,5,1
KR_6704972223,420,3,69,11,4,5,5,0,1,3,2,3,3,0,-6,3,9,1,1,0,0,0,1,-3,9,6,-1,0,1,1,-1,-1,1,4,1
KR_6774433917,420,4,18,13,8,6,6,0,-1,0,1,2,2,0,1,5,4,0,0,0,0,7,-3,1,7,8,-1,0,0,-1,1,-1,1,6,1
KR_6776097150,420,1,-16,13,1,-2,0,2,-1,1,2,3,3,0,1,5,4,0,0,0,0,0,4,6,2,8,-6,0,0,1,1,0,-1,4,1
KR_6777030349,420,4,-14,-11,18,2,2,0,10,11,1,-1,1,2,2,3,1,5,5,0,0,23,28,8,3,11,-4,0,3,1,-1,1,1,4,1
KR_6765996497,420,-1,13,-3,-7,1,4,3,1,7,6,-1,2,3,-4,1,5,-4,0,4,0,-9,-28,6,7,13,-4,0,-1,-1,-1,-1,-1,2,1
KR_6763613849,420,0,19,-60,1,2,3,1,-2,2,4,-1,0,1,1,4,3,1,1,0,-1,-1,-32,2,6,8,0,0,0,-1,-1,0,-1,6,1
KR_6756554110,420,5,66,16,13,7,8,1,4,7,3,0,1,1,0,1,1,2,3,1,0,1,-27,4,4,8,-5,0,2,1,1,1,1,1,1
KR_6774823123,420,0,7,0,2,-2,0,2,2,3,1,0,1,1,2,2,0,0,0,0,0,5,-17,0,7,7,6,0,-1,-1,1,-1,-1,3,1
KR_6777832392,420,0,-20,10,5,-3,0,3,3,3,0,2,2,0,0,0,0,3,4,1,-1,8,31,-5,9,4,2,0,-1,1,1,-1,-1,2,1
KR_6772905144,420,0,5,13,0,0,1,1,3,5,2,-2,1,3,0,3,3,-1,0,1,0,-1,-117,3,5,8,-1,0,0,-1,1,0,1,2,1
KR_6691528336,420,3,27,-8,5,1,2,1,1,5,4,-1,1,2,4,4,0,0,1,1,0,-2,60,-3,6,3,3,0,0,1,1,0,1,1,1
KR_6765286785,440,-1,21,-1,-3,0,4,4,-4,0,4,0,1,1,0,1,1,1,3,2,0,2,-17,6,6,12,2,0,0,-1,0,0,-1,4,1
KR_6746769218,420,1,35,26,0,0,0,0,0,4,4,1,4,3,-1,0,1,0,0,0,1,0,0,0,10,10,2,0,-1,1,-1,-1,1,3,1
KR_6767531835,420,-1,68,-20,-2,-1,2,3,-3,3,6,3,3,0,0,2,2,-1,0,1,2,-9,-5,-1,4,3,-7,0,1,1,-1,1,1,2,1
KR_6775657398,420,6,84,28,6,3,3,0,4,5,1,-3,0,3,2,2,0,0,0,0,0,3,-3,-4,5,1,7,0,0,1,1,1,-1,1,1
KR_6737735535,420,5,58,9,6,1,2,1,3,4,1,5,6,1,0,1,1,-3,0,3,0,5,-17,0,5,5,0,0,0,1,-1,0,1,5,1
KR_6705369021,420,-1,25,-8,-1,0,1,1,-2,2,4,4,5,1,1,4,3,-4,1,5,0,-2,6,1,10,11,2,0,2,1,1,1,1,1,1
KR_6776502169,420,-1,-20,14,1,1,1,0,3,4,1,-6,0,6,2,3,1,1,3,2,0,5,14,4,3,7,0,0,2,1,1,1,1,2,1
KR_6775150534,420,3,32,4,2,3,3,0,-2,0,2,2,5,3,0,2,2,-1,1,2,0,5,3,2,6,8,1,0,0,1,-1,0,1,1,1
KR_6776418066,420,0,28,17,-1,-4,1,5,-1,2,3,-1,3,4,7,7,0,-2,1,3,0,2,-7,2,7,9,8,0,-1,1,-1,-1,1,3,1
KR_6772721920,420,-1,-9,-24,-7,-3,0,3,-3,2,5,1,4,3,2,5,3,-4,0,4,1,-3,-11,1,5,6,6,0,-2,1,-1,-1,1,3,1
KR_6774918748,420,0,21,16,-4,1,2,1,-2,1,3,3,3,0,-8,2,10,2,2,0,0,-4,-10,-2,7,5,6,0,-1,-1,-1,-1,-1,3,1
KR_6758024293,440,2,35,23,3,0,3,3,0,0,0,4,4,0,0,1,1,-1,9,10,1,11,-9,0,3,3,1,0,0,0,-1,0,1,0,1
KR_6727602995,420,4,12,44,10,-1,2,3,0,3,3,12,12,0,-1,2,3,0,1,1,0,14,35,7,2,9,1,0,1,1,1,1,1,5,1
KR_6689834651,420,0,13,-11,-5,1,1,0,0,5,5,-6,1,7,1,3,2,-1,1,2,0,1,1,-4,8,4,0,0,-2,1,-1,-1,-1,5,1
KR_6753218464,420,1,75,9,-2,-1,0,1,-2,4,6,0,2,2,0,4,4,1,1,0,-1,-9,-14,-4,8,4,3,0,1,-1,1,1,-1,4,1
KR_6755730158,420,-2,-30,-25,-6,3,3,0,2,2,0,-4,0,4,-6,3,9,-1,0,1,0,-6,-2,-5,6,1,-2,0,-1,1,-1,-1,1,2,1
KR_6765071907,420,1,-20,-7,8,0,3,3,1,5,4,5,7,2,1,1,0,1,1,0,0,18,-2,1,6,7,8,0,0,1,1,1,1,3,1
KR_6772931186,420,0,36,28,-5,-2,0,2,1,2,1,-1,3,4,-1,1,2,-2,0,2,0,-8,-2,-3,6,3,2,0,1,-1,-1,1,-1,3,1
KR_6770372332,420,2,36,12,14,3,3,0,6,7,1,1,3,2,5,7,2,-1,0,1,-1,15,3,-1,9,8,-1,0,0,1,1,0,-1,5,1
KR_6777275822,420,-1,-67,0,-4,3,4,1,-1,2,3,-2,0,2,-3,1,4,-1,0,1,1,-3,-24,0,6,6,4,0,0,-1,-1,-1,1,6,1
KR_6746168024,420,3,67,16,6,1,1,0,-3,0,3,-1,0,1,9,9,0,0,0,0,1,12,9,9,2,11,2,0,0,1,-1,0,1,1,1
KR_6776300751,440,6,128,23,8,-2,3,5,4,5,1,0,2,2,2,5,3,4,4,0,-1,19,11,2,7,9,4,0,2,-1,1,1,-1,1,1
KR_6770995379,420,7,101,13,14,7,8,1,1,3,2,2,3,1,1,3,2,3,3,0,-1,8,3,-1,7,6,-2,0,0,1,1,-1,-1,6,1
KR_6708274098,420,-1,-2,-32,4,0,2,2,2,4,2,-1,3,4,1,5,4,2,2,0,0,10,2,1,5,6,-4,0,0,-1,-1,0,-1,5,1
KR_6706397851,420,4,60,50,4,1,2,1,2,3,1,0,3,3,0,2,2,1,2,1,0,-5,-7,-6,10,4,-2,0,1,-1,1,1,1,3,1
KR_6750107056,420,-1,25,2,-7,0,3,3,1,2,1,-2,2,4,-5,1,6,-1,2,3,0,-17,8,0,6,6,-3,0,0,-1,-1,0,-1,4,1
KR_6777748646,420,4,14,14,14,4,4,0,5,7,2,2,5,3,3,5,2,0,2,2,0,9,3,1,7,8,2,0,0,1,1,1,-1,4,1
KR_6743611889,420,-2,-22,1,-4,0,2,2,1,3,2,0,1,1,0,0,0,-5,0,5,0,-2,4,6,3,9,0,0,-1,-1,-1,-1,1,1,1
KR_6777116977,420,3,52,9,9,3,3,0,2,6,4,0,7,7,2,5,3,2,3,1,0,14,-9,-5,8,3,4,0,0,-1,-1,1,1,1,1
KR_6650002291,420,0,-32,-27,1,5,5,0,-4,0,4,2,3,1,-1,3,4,-1,1,2,0,8,52,8,6,14,-4,0,0,-1,1,-1,1,6,1
KR_6767658874,420,3,29,-4,8,-1,2,3,-2,3,5,3,5,2,8,9,1,0,0,0,0,10,5,9,2,11,0,0,2,-1,1,1,1,1,1
KR_6773218923,420,-2,-10,-18,-1,-2,3,5,-2,2,4,2,5,3,1,4,3,0,1,1,0,-8,-28,2,3,5,3,0,0,-1,-1,1,1,4,1
KR_6776590942,420,4,24,0,4,1,1,0,-2,2,4,1,1,0,4,4,0,0,0,0,0,2,-3,-3,9,6,5,0,0,1,-1,0,1,2,1
KR_6767560172,420,-1,-2,21,-9,0,2,2,-4,1,5,2,2,0,-4,0,4,-3,0,3,0,-13,-35,4,4,8,20,0,0,1,1,-1,-1,5,1
KR_6725257283,420,2,57,26,13,3,4,1,-1,5,6,5,5,0,5,7,2,1,2,1,0,15,11,1,8,9,-2,0,2,1,1,1,1,4,1
KR_6777625404,440,1,19,5,6,0,4,4,-2,2,4,2,2,0,8,8,0,-2,0,2,0,0,-6,1,3,4,3,0,0,0,0,-1,1,0,1
KR_6776936714,420,4,-12,38,7,0,1,1,3,4,1,2,4,2,-1,0,1,3,4,1,1,10,36,3,3,6,-2,0,2,1,1,1,1,1,1
KR_6774275458,420,3,21,51,-3,3,3,0,-3,2,5,1,2,1,-2,3,5,-2,0,2,0,-11,-28,-4,7,3,-3,0,0,-1,1,1,1,2,1
KR_6763597043,420,-3,23,-4,-5,1,3,2,-1,1,2,0,3,3,-6,0,6,1,1,0,0,-9,20,-1,5,4,6,0,0,-1,1,0,1,6,1
KR_6775246542,420,3,43,0,5,1,3,2,-1,2,3,5,5,0,-1,1,2,1,1,0,0,6,-3,-2,6,4,2,0,0,1,-1,0,-1,4,1
KR_6750518540,420,-1,-22,17,4,0,0,0,4,5,1,-3,0,3,1,1,0,2,2,0,-1,3,-71,2,13,15,0,0,0,-1,1,0,-1,3,1
KR_6773947316,420,7,106,25,10,4,5,1,1,2,1,2,4,2,2,2,0,1,1,0,0,6,-3,1,5,6,0,0,3,1,1,1,1,1,1
KR_6709689968,420,1,43,-17,2,4,4,0,-1,2,3,0,0,0,-1,1,2,0,0,0,0,1,-11,-2,7,5,0,0,-1,-1,-1,-1,-1,2,1
KR_6777757774,420,2,-3,9,4,1,4,3,2,3,1,2,3,1,-2,1,3,1,1,0,0,10,-6,0,8,8,3,0,1,1,1,-1,1,2,1
KR_6719587836,420,1,23,9,6,-1,2,3,5,7,2,-1,1,2,3,5,2,0,0,0,0,9,34,-1,8,7,1,0,1,1,1,1,1,2,1
KR_6774994136,420,0,17,15,5,-1,3,4,4,6,2,-3,0,3,4,5,1,1,1,0,2,10,9,-2,7,5,2,0,1,-1,-1,1,-1,3,1
KR_6717851774,420,4,77,44,3,3,3,0,0,2,2,0,1,1,-1,2,3,1,2,1,0,4,-20,-5,8,3,-2,0,1,1,1,1,-1,3,1
KR_6737760342,420,-1,21,-32,5,-2,1,3,2,5,3,1,1,0,3,3,0,1,1,0,0,12,5,-4,11,7,-3,0,0,1,-1,1,-1,5,1
KR_6771634051,420,7,11,21,16,4,4,0,0,2,2,4,6,2,7,8,1,1,1,0,0,15,5,6,5,11,2,0,1,1,-1,1,1,5,1
KR_6776715665,420,3,-1,33,9,2,3,1,4,4,0,-4,2,6,6,6,0,1,1,0,0,22,0,4,4,8,-3,0,1,-1,1,1,-1,4,1
KR_6774065052,420,0,-14,0,7,2,2,0,1,1,0,3,3,0,-1,1,2,2,2,0,0,15,68,2,3,5,-5,0,1,1,1,1,1,2,1
KR_6754082855,440,-2,-90,-2,-4,-2,0,2,-1,3,4,-2,2,4,3,3,0,-2,0,2,0,3,8,-1,5,4,3,0,-1,1,-1,-1,-1,5,1
KR_6776974669,420,0,-22,16,5,1,2,1,1,3,2,-1,2,3,3,5,2,1,2,1,0,6,-2,-1,5,4,0,0,1,1,-1,1,1,6,1
KR_6776087588,420,1,-32,26,-3,2,4,2,2,2,0,1,2,1,-7,1,8,-1,0,1,0,-8,-8,-1,10,9,-2,0,0,1,-1,-1,-1,4,1
KR_6748600141,420,2,44,-25,4,4,4,0,1,3,2,3,5,2,-3,0,3,-1,0,1,0,0,-18,4,2,6,-4,0,0,-1,1,1,1,6,1
KR_6774024820,420,3,53,35,0,1,3,2,0,2,2,1,8,7,-2,4,6,0,2,2,0,-4,-30,-2,5,3,1,0,2,1,1,1,1,1,1
KR_6726958937,440,5,63,7,16,5,7,2,3,3,0,1,7,6,4,6,2,3,3,0,1,23,-2,2,3,5,1,0,1,-1,1,1,1,2,1
KR_6710286194,420,-2,-29,5,-6,-2,3,5,-4,3,7,0,3,3,1,1,0,-1,4,5,0,-5,-1,1,4,5,-1,0,-1,-1,-1,-1,1,6,1
KR_6770115640,440,-3,-54,-28,-6,0,1,1,-1,0,1,2,2,0,-7,1,8,0,1,1,0,-4,-7,2,3,5,0,0,0,-1,0,-1,-1,2,1
KR_6770770711,420,3,57,-8,10,0,3,3,8,8,0,-1,1,2,2,2,0,1,1,0,0,13,129,1,5,6,1,0,1,1,1,1,1,6,1
KR_6719037689,420,0,17,3,10,-3,1,4,3,3,0,3,5,2,4,4,0,3,4,1,0,14,-31,-5,9,4,2,0,1,1,1,1,1,4,1
KR_6767366148,420,8,112,22,17,3,3,0,1,1,0,2,4,2,10,10,0,1,1,0,0,22,16,2,6,8,4,0,3,1,1,1,1,6,1
KR_6774910386,420,1,19,14,-3,-5,1,6,1,2,1,3,5,2,-1,3,4,-1,1,2,1,1,4,4,7,11,-1,0,0,1,-1,0,1,2,1
KR_6708667812,420,0,7,-4,-2,3,3,0,-1,2,3,-4,1,5,0,4,4,0,0,0,-1,-6,-7,2,7,9,2,0,1,1,-1,1,-1,3,1
KR_6680232591,420,0,60,-3,-4,1,3,2,-2,3,5,0,0,0,-4,3,7,1,2,1,0,-7,2,-3,8,5,-2,0,1,1,-1,1,1,1,1
KR_6737900665,420,4,37,-1,3,4,6,2,-1,3,4,1,1,0,-1,1,2,0,0,0,0,4,-7,0,7,7,-2,0,0,-1,-1,-1,-1,4,1
KR_6775449286,420,2,-69,21,8,0,1,1,6,7,1,0,4,4,1,1,0,1,1,0,0,11,67,2,6,8,3,0,1,1,1,-1,1,3,1
KR_6777329229,420,0,33,-3,-6,5,5,0,-5,0,5,-6,1,7,-1,0,1,1,2,1,-1,-14,-3,-3,6,3,8,0,0,-1,-1,1,-1,5,1
KR_6771868355,420,-1,68,-15,-2,-3,2,5,0,2,2,-1,1,2,2,3,1,0,0,0,0,-1,-1,2,8,10,4,0,2,-1,1,1,1,6,1
KR_6774068999,420,2,-1,20,4,0,2,2,0,3,3,4,4,0,-2,1,3,2,3,1,0,9,7,1,7,8,-6,0,0,1,-1,1,-1,6,1
KR_6714251080,420,4,-5,44,12,-1,0,1,8,8,0,1,3,2,2,3,1,2,2,0,-1,14,-16,1,2,3,6,0,2,1,1,1,-1,4,1
KR_6765511690,420,-1,-26,-25,1,1,2,1,-4,0,4,-1,1,2,1,4,3,4,4,0,0,4,6,4,4,8,-3,0,-1,1,-1,-1,1,1,1
KR_6777087651,420,2,-7,4,-1,-2,0,2,-3,2,5,4,4,0,-1,4,5,1,2,1,0,-1,-15,-8,11,3,3,0,0,-1,1,0,1,3,1
KR_6773291364,420,-1,33,18,3,-2,2,4,3,6,3,4,4,0,-1,2,3,-1,0,1,0,7,0,0,5,5,4,0,1,1,1,1,-1,6,1
KR_6674441823,420,1,-1,18,3,1,4,3,-1,2,3,2,2,0,-2,2,4,3,3,0,0,9,6,2,6,8,-1,0,1,1,-1,1,-1,2,1
KR_6745198290,420,7,41,13,14,6,6,0,4,4,0,-3,2,5,6,7,1,1,1,0,-1,18,4,1,6,7,2,0,0,1,-1,0,-1,1,1
KR_6775292054,440,3,8,19,3,-3,0,3,1,4,3,4,5,1,1,2,1,0,0,0,1,11,5,2,6,8,-3,0,0,1,-1,0,1,4,1
KR_6773432442,420,3,-36,14,10,-1,2,3,7,8,1,-3,1,4,5,8,3,2,2,0,1,19,-6,-2,9,7,4,0,1,-1,1,1,1,6,1
KR_6745197399,420,6,13,-14,20,2,3,1,5,6,1,3,3,0,7,7,0,3,4,1,0,30,3,-2,8,6,5,0,4,1,1,1,1,2,1
KR_6745663951,420,6,99,40,20,3,4,1,8,10,2,5,5,0,1,8,7,3,3,0,0,23,8,9,1,10,-1,0,3,1,1,1,1,4,1
KR_6715169041,420,2,6,8,9,1,1,0,2,5,3,2,4,2,2,3,1,2,3,1,0,6,-4,2,7,9,9,0,0,-1,1,1,-1,4,1
KR_6773050919,420,2,84,4,10,0,2,2,4,5,1,1,2,1,5,5,0,0,0,0,0,21,2,3,2,5,4,0,2,1,1,1,1,2,1
KR_6766864942,440,-1,-57,40,0,-1,1,2,1,3,2,0,2,2,1,2,1,-1,1,2,-1,-1,-9,-1,7,6,1,0,0,-1,1,0,-1,4,1
KR_6740003245,420,-1,36,0,-4,-1,2,3,3,6,3,-5,1,6,0,5,5,-1,0,1,-1,-15,-3,0,10,10,7,0,0,1,-1,0,-1,2,1
KR_6773125552,420,2,76,23,9,3,4,1,0,4,4,4,6,2,3,3,0,-1,0,1,0,4,-15,-2,10,8,10,0,1,-1,1,1,1,5,1
KR_6744270869,440,0,18,16,-2,-1,3,4,-2,0,2,2,3,1,-2,4,6,1,1,0,0,-2,-5,-3,5,2,-2,0,0,1,1,-1,-1,3,1
KR_6774436163,420,3,78,28,10,-1,2,3,4,5,1,4,4,0,1,2,1,2,2,0,0,14,9,2,4,6,2,0,2,1,1,1,1,4,1
KR_6743806259,440,1,-23,27,-2,0,1,1,2,8,6,-1,1,2,-4,2,6,1,1,0,-1,-9,-1,-1,5,4,-3,0,1,-1,1,1,-1,2,1
KR_6731412378,420,0,0,9,0,-1,0,1,2,4,2,3,3,0,0,2,2,-4,0,4,0,-7,2,1,5,6,-1,0,1,1,1,1,1,1,1
KR_6775334766,420,1,78,-10,2,0,0,0,1,2,1,1,1,0,1,5,4,-1,1,2,1,1,-24,1,4,5,1,0,0,1,-1,0,1,4,1
KR_6768012630,420,2,52,-9,0,1,2,1,-2,3,5,2,2,0,-1,1,2,0,0,0,0,-1,34,1,6,7,-2,0,0,1,-1,0,-1,6,1
KR_6760779751,420,1,6,-16,3,-1,3,4,2,6,4,4,5,1,-2,2,4,0,0,0,0,3,7,-5,11,6,11,0,1,-1,1,1,-1,4,1
KR_6761764294,440,4,76,5,0,1,2,1,-5,1,6,1,3,2,2,5,3,1,1,0,2,-5,5,-5,9,4,-1,0,1,1,1,1,1,4,1
KR_6691999714,420,4,41,3,8,2,2,0,0,4,4,-1,1,2,0,0,0,7,7,0,0,17,5,2,6,8,-7,0,2,1,-1,1,-1,3,1
KR_6774625319,420,1,-42,-2,8,4,4,0,0,3,3,0,3,3,4,5,1,0,0,0,0,8,-55,-4,7,3,11,0,1,-1,1,1,1,3,1
KR_6773246567,420,2,29,14,5,1,2,1,4,6,2,1,3,2,-1,1,2,0,1,1,0,9,-3,9,4,13,5,0,1,-1,1,1,1,2,1
KR_6770492816,420,0,-58,40,0,3,5,2,4,7,3,-3,2,5,-4,2,6,0,3,3,0,5,26,3,2,5,-2,0,-1,0,-1,-1,-1,0,1
KR_6705252538,420,0,-4,35,-3,0,2,2,-1,0,1,-1,3,4,-4,2,6,3,4,1,0,-11,-74,-6,8,2,-1,0,1,1,1,1,1,5,1
KR_6775511516,420,4,77,11,3,2,3,1,-1,2,3,2,2,0,-1,2,3,1,1,0,0,11,-8,-4,9,5,10,0,2,1,1,1,-1,1,1
KR_6775290887,420,0,34,32,-5,0,1,1,-5,2,7,0,1,1,-2,1,3,2,2,0,0,-4,1,-1,5,4,-1,0,0,-1,-1,0,1,2,1
KR_6749252349,420,5,14,-14,12,1,3,2,2,3,1,0,1,1,9,9,0,0,0,0,1,10,-8,0,7,7,2,0,1,1,-1,1,1,4,1
KR_6704746540,420,0,3,-13,9,2,2,0,3,5,2,3,4,1,1,4,3,0,2,2,0,19,8,0,7,7,-3,0,0,1,-1,1,1,5,1
KR_6773002972,420,2,-74,28,6,-2,2,4,5,5,0,3,4,1,1,4,3,-1,4,5,-1,8,16,-2,8,6,-5,0,0,-1,1,0,-1,6,1
KR_6777591076,420,0,23,-11,-1,2,2,0,1,1,0,0,5,5,0,2,2,-4,1,5,1,2,-48,-5,10,5,2,0,-2,-1,-1,-1,1,1,1
KR_6761826379,420,0,-49,-1,4,1,1,0,2,3,1,-2,2,4,5,8,3,-2,0,2,0,2,-2,0,5,5,-5,0,0,-1,1,-1,1,4,1
KR_6775689913,420,1,19,-4,2,-1,1,2,4,5,1,1,4,3,-3,4,7,1,2,1,1,5,30,2,1,3,-2,0,0,-1,-1,1,1,6,1
KR_6755506803,420,0,71,8,11,3,4,1,6,11,5,4,5,1,-2,4,6,0,0,0,0,13,29,-2,7,5,-4,0,2,1,-1,1,1,3,1
KR_6734008644,420,0,-6,10,-2,1,3,2,-4,2,6,1,4,3,4,5,1,-4,1,5,1,-6,3,0,7,7,-8,0,-2,-1,-1,-1,1,3,1
KR_6773075411,420,3,85,10,5,2,3,1,-4,3,7,4,4,0,2,2,0,1,1,0,0,0,12,3,4,7,0,0,1,-1,-1,1,1,2,1
KR_6767750492,420,1,7,26,5,1,1,0,5,8,3,0,2,2,0,1,1,-1,1,2,0,3,-36,1,4,5,17,0,1,1,1,1,-1,2,1
KR_6777340018,440,3,114,4,8,2,2,0,2,4,2,5,5,0,-1,1,2,0,2,2,0,3,13,-3,7,4,4,0,1,-1,1,1,-1,6,1
KR_6774122176,420,3,16,8,7,1,3,2,1,3,2,2,2,0,2,3,1,1,1,0,0,8,1,6,4,10,0,0,0,1,0,0,1,1,1
KR_6735674330,420,0,39,5,2,-2,1,3,3,10,7,1,5,4,1,3,2,-1,2,3,1,3,0,-2,6,4,4,0,-1,1,-1,-1,1,5,1
KR_6772111262,420,6,49,8,9,3,4,1,0,3,3,3,3,0,2,5,3,1,3,2,0,11,-16,3,4,7,-1,0,1,0,1,1,-1,0,1
KR_6771946730,420,-2,-92,8,4,0,2,2,5,6,1,-2,0,2,-1,1,2,2,3,1,0,8,-46,1,4,5,32,0,-1,1,-1,-1,1,6,1
KR_6768002436,420,1,14,16,-1,-1,0,1,0,3,3,0,1,1,-3,4,7,3,3,0,0,1,1,-3,9,6,-4,0,0,1,-1,-1,-1,5,1
KR_6775455498,420,2,22,-14,11,3,3,0,0,2,2,1,3,2,4,4,0,3,4,1,0,21,4,0,6,6,7,0,2,-1,1,1,-1,1,1
KR_6767149582,420,-1,-25,15,4,-2,1,3,3,6,3,3,4,1,0,4,4,0,1,1,0,3,1,1,7,8,5,0,-1,-1,1,-1,1,5,1
KR_6766765107,440,3,40,24,2,-1,1,2,7,7,0,-1,2,3,-2,2,4,-1,1,2,0,8,5,3,5,8,-1,0,0,1,-1,0,-1,3,1
KR_6773144662,420,4,55,18,6,4,6,2,-1,4,5,3,6,3,1,5,4,-1,0,1,-1,-6,3,-7,9,2,-4,0,0,-1,1,1,-1,1,1
KR_6737375513,420,3,60,-1,8,-2,0,2,2,7,5,2,2,0,4,5,1,2,3,1,1,8,-3,-2,7,5,5,0,1,1,1,1,1,1,1
KR_6775227521,440,2,-9,12,7,-2,0,2,-4,2,6,1,2,1,3,3,0,9,9,0,0,10,-24,-2,7,5,2,0,2,1,-1,1,1,3,1
KR_6748790031,420,9,162,39,17,4,4,0,2,3,1,6,6,0,1,2,1,4,4,0,1,17,11,5,2,7,2,1,6,1,1,1,1,3,1
KR_6759261351,420,4,7,-6,15,1,2,1,2,5,3,6,10,4,7,8,1,-1,2,3,1,23,4,-2,10,8,2,0,1,1,1,1,1,1,1
KR_6768494281,440,5,58,-16,12,0,0,0,0,2,2,5,5,0,3,6,3,4,5,1,0,9,6,3,4,7,2,0,1,-1,-1,1,1,3,1
KR_6768052420,420,2,44,-27,6,1,2,1,3,8,5,2,3,1,1,3,2,-1,2,3,0,2,-9,-1,8,7,2,0,2,1,1,1,1,1,1
KR_6776498511,440,0,-41,-8,-2,-2,0,2,-4,0,4,2,2,0,2,3,1,0,1,1,0,-5,-11,-2,9,7,-2,0,0,0,1,0,1,0,1
KR_6685531977,420,6,13,8,13,-4,0,4,15,15,0,-2,2,4,5,10,5,-1,2,3,-2,22,26,-5,10,5,7,0,1,-1,-1,1,-1,2,1
KR_6758965843,420,-1,55,-15,-8,0,2,2,-8,0,8,1,2,1,0,1,1,-1,3,4,-1,-15,-7,-4,10,6,2,0,0,-1,-1,1,-1,4,1
KR_6776051069,420,2,29,-20,7,1,1,0,1,3,2,5,5,0,1,4,3,-1,0,1,0,9,42,1,4,5,-17,0,2,-1,1,1,1,6,1
KR_6719530549,420,-2,-6,-24,-2,0,2,2,-2,2,4,2,2,0,-2,0,2,0,0,0,0,-1,-3,-3,7,4,3,0,-1,1,1,-1,-1,2,1
KR_6768054017,420,-1,20,12,-4,-1,1,2,-1,1,2,2,4,2,-4,0,4,0,1,1,0,-2,25,-4,9,5,2,0,1,-1,1,1,1,6,1
KR_6776442893,420,2,23,-12,7,5,6,1,3,5,2,0,2,2,2,2,0,-3,0,3,0,-2,-5,0,7,7,1,0,1,1,1,1,1,2,1
KR_6736436310,420,2,76,19,14,-2,1,3,-2,2,4,12,12,0,3,5,2,3,3,0,0,13,0,5,2,7,2,0,1,1,1,1,1,1,1
KR_6728489001,420,2,73,33,3,2,3,1,-4,1,5,2,5,3,3,4,1,0,2,2,0,-5,-1,-3,7,4,4,0,0,-1,1,1,1,4,1
KR_6775652725,420,-1,22,-5,-1,-2,0,2,-1,1,2,-1,2,3,3,3,0,0,1,1,-1,5,0,0,6,6,0,0,1,-1,1,1,-1,3,1
KR_6770115726,420,-1,3,-15,0,1,2,1,0,4,4,-2,3,5,1,1,0,0,1,1,0,8,215,3,5,8,-3,0,2,-1,1,1,-1,1,1
KR_6696160533,420,1,2,16,-4,0,2,2,-2,4,6,6,6,0,-7,0,7,-1,3,4,1,-5,-2,-7,10,3,0,0,-1,-1,1,-1,1,5,1
KR_6764468183,420,1,20,7,1,1,2,1,0,4,4,-1,1,2,3,3,0,-2,0,2,0,-8,-23,0,5,5,10,0,0,1,1,1,1,6,1
KR_6686423431,420,-1,-36,18,-6,-2,1,3,-8,1,9,1,3,2,2,5,3,1,2,1,1,-9,-5,0,10,10,1,0,0,-1,1,1,1,4,1
KR_6756793188,420,3,70,12,4,1,2,1,2,8,6,-1,2,3,1,2,1,1,1,0,1,-1,-10,-3,7,4,5,0,1,1,1,1,1,2,1
KR_6776431057,440,-1,-30,-7,2,1,4,3,1,2,1,2,6,4,-2,1,3,0,1,1,0,4,-384,1,5,6,5,0,1,0,1,1,-1,0,1
KR_6726391239,420,2,1,-5,5,4,6,2,0,3,3,-2,1,3,3,3,0,0,0,0,0,3,-8,-4,8,4,-4,0,2,1,1,1,-1,4,1
KR_6716191497,420,0,-17,-23,1,4,5,1,-1,1,2,3,3,0,-4,1,5,-1,1,2,0,-1,27,-1,8,7,3,0,-1,-1,1,1,-1,3,1
KR_6768250096,420,0,1,5,2,-1,1,2,1,5,4,3,5,2,-1,3,4,0,1,1,0,-1,7,-3,8,5,4,0,0,1,1,0,1,5,1
KR_6770988534,420,0,46,-12,8,0,1,1,4,5,1,3,3,0,1,1,0,0,0,0,0,8,8,6,2,8,-4,0,0,1,1,1,-1,2,1
KR_6774477698,420,2,15,-4,3,0,2,2,-1,4,5,0,2,2,4,6,2,0,1,1,0,10,4,-1,8,7,2,0,2,1,-1,1,-1,2,1
KR_6660719946,420,-2,-3,-39,-5,-1,3,4,0,3,3,-3,2,5,-2,0,2,1,2,1,0,-3,-25,1,6,7,-1,0,-1,1,-1,-1,1,2,1
KR_6764868971,420,3,10,2,14,7,8,1,1,6,5,1,2,1,4,5,1,1,1,0,-1,23,-12,-3,8,5,2,0,1,1,1,1,-1,5,1
KR_6698530773,420,-1,16,6,-3,0,2,2,5,6,1,-3,2,5,-4,2,6,-1,0,1,0,-16,-2,1,3,4,-4,0,1,1,1,1,1,1,1
KR_6735029108,420,6,105,12,15,9,10,1,2,2,0,1,4,3,3,4,1,0,3,3,1,11,7,1,6,7,0,0,2,1,1,1,1,5,1
KR_6770572264,420,0,-4,-7,9,0,2,2,5,9,4,1,2,1,1,4,3,2,2,0,1,18,2,3,7,10,1,0,-1,1,-1,-1,1,1,1
KR_6776465680,420,6,65,-1,4,1,2,1,1,5,4,-4,0,4,4,5,1,2,3,1,0,-3,-10,-4,9,5,1,0,0,1,-1,1,1,4,1
KR_6726565624,440,0,-15,-14,5,1,4,3,-1,1,2,3,6,3,3,4,1,-1,1,2,-2,6,8,-1,5,4,4,0,-1,1,0,-1,-1,6,1
KR_6773512411,420,4,54,-5,8,2,3,1,0,5,5,1,1,0,3,5,2,2,3,1,0,8,34,2,5,7,3,0,1,1,1,1,1,5,1
KR_6740353474,420,4,72,20,3,1,2,1,-3,2,5,3,4,1,1,3,2,1,1,0,0,-3,-33,3,2,5,19,0,4,1,1,1,-1,5,1
KR_6777178595,420,1,13,3,2,-4,0,4,1,3,2,3,5,2,2,3,1,0,1,1,0,10,-4,-1,8,7,7,0,0,1,-1,0,1,6,1
KR_6776463832,420,4,43,-8,8,-3,1,4,8,8,0,-3,1,4,7,9,2,-1,0,1,0,8,11,-2,9,7,-5,0,0,-1,-1,0,-1,5,1
KR_6775259535,420,2,42,-7,8,2,2,0,-1,0,1,-2,1,3,10,11,1,-1,0,1,1,9,-29,0,7,7,-8,0,1,-1,1,1,1,1,1
KR_6773485360,420,-1,33,-8,0,-4,0,4,3,3,0,1,2,1,-1,0,1,1,6,5,-1,6,-1,1,6,7,-1,0,1,1,-1,1,-1,1,1
KR_6737090636,420,8,99,80,5,0,1,1,1,2,1,1,2,1,3,4,1,0,0,0,0,4,-7,2,4,6,0,0,4,-1,1,1,1,2,1
KR_6763414387,420,-3,-5,4,-15,0,1,1,-6,1,7,-4,2,6,-4,1,5,-1,0,1,-1,-20,1,4,5,9,0,0,-1,-1,-1,-1,-1,2,1
KR_6758659051,420,0,-49,8,1,-2,2,4,4,9,5,-4,2,6,4,11,7,-1,0,1,-2,-2,5,2,10,12,-1,0,-1,-1,-1,-1,-1,5,1
KR_6687012909,420,4,101,4,12,2,5,3,6,6,0,2,3,1,2,3,1,0,0,0,0,10,-1,-1,7,6,0,0,1,1,1,1,1,1,1
KR_6777883453,420,0,53,4,4,0,1,1,-2,3,5,3,4,1,4,5,1,-1,0,1,0,7,309,-4,7,3,8,0,0,1,1,0,1,3,1
KR_6775016548,420,2,5,16,6,9,9,0,-2,6,8,0,2,2,0,3,3,-1,0,1,0,8,4,0,6,6,-1,0,0,1,1,0,1,2,1
KR_6772933554,440,0,-31,-20,-3,0,2,2,0,0,0,3,5,2,-2,3,5,-4,1,5,-1,-7,-26,0,6,6,2,0,0,0,1,0,-1,0,1
KR_6705464126,420,0,53,-2,-3,-2,2,4,-2,3,5,2,2,0,0,3,3,-1,1,2,0,-1,24,6,4,10,-2,0,0,1,1,0,-1,5,1
KR_6772323723,440,-1,-44,19,-6,4,6,2,-2,3,5,0,6,6,-5,1,6,-3,0,3,0,-9,3,2,5,7,-2,0,0,-1,1,-1,-1,6,1
KR_6777547905,420,3,51,11,4,4,5,1,2,6,4,2,2,0,-2,0,2,-2,0,2,0,1,6,-1,7,6,3,0,0,1,-1,1,-1,2,1
KR_6766959571,420,1,-37,12,7,-1,0,1,5,7,2,3,4,1,0,3,3,0,0,0,-1,13,46,2,7,9,3,0,0,0,1,-1,-1,0,1
KR_6775144564,420,3,-18,4,10,1,3,2,1,4,3,-1,2,3,5,7,2,4,5,1,0,18,5,-1,5,4,1,0,-1,-1,1,-1,1,2,1
KR_6777055911,420,2,39,10,10,0,0,0,4,6,2,2,3,1,1,4,3,3,4,1,0,11,20,3,3,6,0,0,0,-1,1,1,1,2,1
KR_6777881840,420,0,15,-4,-1,1,2,1,1,1,0,-3,2,5,2,6,4,-2,1,3,-1,-2,-11,-3,10,7,1,0,2,-1,-1,1,-1,6,1
KR_6776181393,420,3,-13,1,2,-1,2,3,3,6,3,1,1,0,-1,2,3,0,0,0,0,-2,230,2,5,7,8,0,2,1,1,1,1,2,1
KR_6768436734,420,1,64,31,2,3,5,2,1,6,5,-1,1,2,-1,2,3,0,1,1,0,3,-5,-4,6,2,8,0,1,1,-1,1,1,6,1
KR_6738550506,420,2,-9,15,0,0,4,4,2,2,0,-4,0,4,4,5,1,-2,0,2,0,3,-5,-3,12,9,6,0,1,1,-1,1,1,3,1
KR_6724369169,420,0,63,-4,-2,0,2,2,2,3,1,-2,1,3,-2,0,2,0,1,1,0,-5,-30,-4,8,4,2,0,1,1,1,1,-1,3,1
KR_6767664962,420,2,29,6,7,1,1,0,4,5,1,0,2,2,-2,5,7,4,4,0,0,10,-6,-1,6,5,3,0,1,-1,1,1,1,6,1
KR_6754393442,420,5,36,23,10,4,4,0,2,5,3,4,7,3,1,2,1,-1,0,1,1,5,20,3,4,7,-1,0,2,-1,1,1,1,1,1
KR_6769734341,420,2,-31,13,11,-1,2,3,9,11,2,4,5,1,-1,2,3,0,1,1,0,8,-13,-1,6,5,-2,0,0,1,1,-1,1,6,1
KR_6771308614,420,0,-44,22,0,-1,1,2,6,7,1,-1,1,2,1,2,1,-5,1,6,1,2,-1,3,5,8,-2,0,0,1,1,0,1,4,1
KR_6769606226,420,1,1,28,8,0,2,2,6,8,2,3,3,0,-4,7,11,3,4,1,-2,-1,-5,-3,8,5,2,0,1,1,1,1,-1,1,1
KR_6694559956,420,-1,16,-15,1,0,1,1,8,8,0,-2,0,2,-3,1,4,-2,0,2,0,9,-8,-2,12,10,12,0,0,1,-1,0,1,2,1
KR_6777363091,420,1,19,1,6,1,1,0,4,5,1,-1,0,1,2,4,2,0,1,1,0,13,12,9,3,12,-6,0,0,-1,-1,0,-1,6,1
KR_6757154060,420,3,6,11,6,5,5,0,-2,1,3,3,3,0,2,6,4,-2,0,2,2,6,29,7,4,11,-1,0,1,1,1,1,1,2,1
KR_6774789263,420,-1,-83,-24,-1,1,3,2,-3,3,6,2,3,1,-1,1,2,0,0,0,0,1,4,1,5,6,-3,0,0,-1,-1,-1,1,4,1
KR_6776050205,440,6,37,16,15,1,3,2,3,4,1,6,6,0,3,5,2,2,3,1,0,17,-4,0,7,7,4,0,2,-1,-1,1,1,4,1
KR_6773324446,420,-1,12,-5,5,4,6,2,1,4,3,-2,2,4,1,5,4,1,1,0,0,1,-27,-1,6,5,-1,0,1,1,-1,1,1,6,1
KR_6775348767,420,4,38,-20,9,0,1,1,-1,2,3,0,2,2,7,10,3,3,3,0,0,17,4,1,6,7,2,0,0,1,-1,-1,1,4,1
KR_6768221357,420,3,118,35,6,0,2,2,-1,0,1,4,6,2,5,6,1,-2,0,2,0,-1,2,3,5,8,-1,0,2,-1,1,1,-1,1,1
KR_6665220001,420,1,78,-3,0,-1,0,1,2,3,1,-3,1,4,4,4,0,-2,0,2,0,1,2,8,3,11,0,0,1,1,1,1,-1,3,1
KR_6773166917,420,2,-2,-11,3,0,1,1,1,1,0,-4,1,5,6,8,2,0,0,0,0,5,-33,1,5,6,0,0,0,-1,1,-1,1,2,1
KR_6770283267,420,3,33,20,13,6,7,1,0,3,3,1,2,1,4,5,1,2,3,1,1,22,112,2,3,5,2,0,-1,1,1,1,1,2,1
KR_6766151698,440,-2,13,0,4,-1,0,1,-1,2,3,3,3,0,2,2,0,1,2,1,0,3,-24,2,5,7,3,0,1,-1,1,1,-1,3,1
KR_6774236142,420,0,-11,14,-2,-1,0,1,-2,3,5,0,1,1,0,2,2,1,1,0,0,-4,5,-3,7,4,2,0,2,-1,1,1,-1,5,1
KR_6776971263,420,7,118,42,14,9,11,2,-1,2,3,5,5,0,1,2,1,0,2,2,0,6,-11,1,3,4,-2,0,0,1,1,1,1,1,1
KR_6773885486,420,3,37,40,6,2,4,2,0,3,3,4,5,1,1,2,1,-1,0,1,0,9,-5,6,3,9,-1,0,2,1,1,1,1,3,1
KR_6746258011,420,-2,-58,25,-8,-1,2,3,-6,0,6,3,6,3,-4,2,6,0,1,1,0,-11,-14,-9,10,1,1,0,-1,1,-1,-1,-1,4,1
KR_6714672980,420,1,-56,-4,3,1,1,0,1,2,1,0,2,2,1,4,3,0,3,3,0,12,3,2,3,5,-1,0,1,-1,1,1,-1,6,1
KR_6772859397,420,-2,-72,-5,6,2,3,1,-1,3,4,0,6,6,3,5,2,2,3,1,0,7,17,0,6,6,0,0,-1,1,1,-1,1,5,1
KR_6767375823,420,1,-20,-12,-3,0,2,2,0,2,2,1,1,0,-4,1,5,0,0,0,0,-4,-11,1,5,6,-1,0,-1,-1,1,-1,-1,6,1
KR_6769094824,420,0,69,17,2,6,6,0,-4,4,8,-1,2,3,1,4,3,0,2,2,-1,-4,-6,0,6,6,6,0,1,-1,1,1,-1,2,1
KR_6775280277,420,1,6,-13,-4,-1,1,2,-1,1,2,1,2,1,-3,1,4,0,1,1,0,-9,-20,-2,5,3,5,0,1,1,-1,1,-1,6,1
KR_6774774318,420,2,-46,21,4,2,2,0,2,3,1,-1,3,4,0,5,5,1,2,1,0,2,25,3,5,8,-6,0,1,0,1,1,1,0,1
KR_6775697754,420,0,-27,-14,2,1,2,1,3,6,3,0,3,3,-1,1,2,-1,0,1,-1,-2,6,-1,6,5,-1,0,-1,-1,-1,-1,-1,6,1
KR_6704668041,420,0,4,-13,-2,4,4,0,-7,2,9,2,4,2,0,4,4,-1,1,2,0,-10,15,1,6,7,5,0,0,-1,1,1,-1,5,1
KR_6765067488,420,0,31,-32,5,4,4,0,4,4,0,-2,0,2,1,4,3,-2,0,2,1,5,-6,4,3,7,-1,0,0,0,-1,-1,1,0,1
KR_6688868015,420,6,75,13,15,-2,2,4,7,7,0,0,3,3,9,9,0,1,2,1,1,23,58,3,3,6,-17,0,3,1,-1,1,1,5,1
KR_6765776756,440,2,38,16,1,1,2,1,3,5,2,-2,1,3,1,3,2,-2,1,3,1,5,0,-1,3,2,2,0,0,-1,1,0,1,5,1
KR_6721205000,420,-3,-95,1,6,1,3,2,3,3,0,1,5,4,3,5,2,-2,2,4,2,11,-22,3,8,11,4,0,0,1,1,-1,1,5,1
KR_6758320021,420,-2,42,13,-4,0,1,1,3,6,3,-4,0,4,-3,3,6,0,2,2,0,-5,-1,0,8,8,6,0,0,-1,1,-1,1,4,1
KR_6763476287,440,6,55,32,12,6,7,1,2,3,1,-2,1,3,5,7,2,1,2,1,-1,6,-1,1,6,7,-3,0,1,1,-1,1,-1,3,1
KR_6766753878,420,-1,-32,-12,1,0,1,1,-1,5,6,1,5,4,3,4,1,-2,0,2,0,-1,3,0,3,3,-2,0,-2,-1,1,-1,1,1,1
KR_6776063061,420,2,-3,-9,10,1,3,2,5,7,2,3,4,1,0,2,2,1,2,1,0,10,-19,1,2,3,4,0,-1,-1,1,-1,1,6,1
KR_6774882258,420,-3,-34,-15,-4,1,3,2,2,3,1,-7,0,7,0,0,0,0,0,0,0,-3,6,0,6,6,-4,0,0,-1,-1,0,1,1,1
KR_6777767887,420,2,106,56,-1,1,1,0,3,3,0,1,1,0,-5,1,6,-1,0,1,0,-5,7,7,3,10,-2,0,0,1,1,1,-1,4,1
KR_6777477778,420,-1,-46,-13,-8,-5,1,6,-1,5,6,-3,1,4,4,8,4,-3,1,4,-1,-2,-240,3,7,10,-1,0,-2,-1,-1,-1,-1,6,1
KR_6745182545,420,2,20,-2,9,-2,2,4,1,4,3,2,2,0,8,9,1,0,0,0,0,21,56,-5,8,3,8,0,0,1,-1,1,1,5,1
KR_6776599077,420,2,27,-9,0,0,1,1,1,2,1,1,1,0,-2,0,2,0,0,0,0,2,34,4,8,12,1,0,1,1,1,1,-1,1,1
KR_6777030756,420,6,-17,28,15,0,0,0,5,6,1,4,4,0,5,6,1,1,1,0,0,18,6,5,4,9,5,0,0,-1,1,1,-1,5,1
KR_6711509815,420,4,52,15,7,5,5,0,3,5,2,-1,5,6,3,3,0,-3,2,5,0,11,2,2,7,9,4,0,0,-1,1,0,-1,2,1
KR_6767593169,420,-3,-20,-8,-10,-2,3,5,-3,3,6,0,2,2,-1,5,6,-4,2,6,-1,-2,-37,-2,7,5,2,0,0,-1,-1,0,-1,6,1
KR_6709964269,420,2,23,9,6,-2,1,3,4,5,1,3,4,1,1,4,3,0,1,1,0,4,6,3,8,11,0,0,1,1,-1,1,1,2,1
KR_6704161280,420,6,72,23,9,1,3,2,4,4,0,1,5,4,1,5,4,2,2,0,1,11,25,2,5,7,2,0,2,1,1,1,1,4,1
KR_6755304570,420,4,157,1,15,5,5,0,4,4,0,2,2,0,1,1,0,3,3,0,0,10,14,4,0,4,2,0,4,1,1,1,1,4,1
KR_6707463659,420,4,36,24,9,4,4,0,-1,2,3,4,6,2,1,5,4,1,1,0,-1,6,8,4,6,10,0,0,1,1,1,1,-1,5,1
KR_6767939051,420,-1,10,21,-7,-3,2,5,-3,2,5,-3,0,3,2,4,2,0,1,1,0,-7,13,-2,6,4,1,0,-1,1,-1,-1,-1,2,1
KR_6733403246,420,7,69,10,15,4,5,1,-3,4,7,-1,1,2,3,4,1,12,12,0,0,22,3,1,4,5,10,0,2,-1,-1,1,1,2,1
KR_6703068097,420,-1,26,6,0,-2,0,2,-1,2,3,0,2,2,4,6,2,-1,0,1,1,4,-1,-1,8,7,-1,0,0,1,-1,1,1,4,1
KR_6711007106,420,5,82,24,10,0,0,0,3,5,2,2,3,1,1,3,2,4,4,0,0,17,12,1,5,6,1,0,2,1,1,1,1,6,1
KR_6774146624,420,2,-11,40,-4,-3,1,4,-1,3,4,1,3,2,-3,1,4,2,2,0,0,-1,-18,-7,10,3,4,0,1,1,-1,1,-1,6,1
KR_6774977183,420,1,76,-16,0,2,2,0,-1,2,3,2,2,0,-4,1,5,1,1,0,0,-4,-9,0,7,7,7,0,-1,-1,1,-1,1,1,1
KR_6777817079,420,5,29,19,8,3,4,1,-1,2,3,1,3,2,3,4,1,2,2,0,0,3,19,-1,7,6,-5,0,1,-1,1,1,1,4,1
KR_6770975666,440,2,56,-2,7,6,6,0,-3,0,3,-1,0,1,3,3,0,2,2,0,0,5,3,-1,3,2,0,0,2,-1,1,1,1,4,1
KR_6744102323,420,2,38,-20,7,-1,0,1,4,7,3,-3,1,4,6,6,0,1,3,2,0,19,5,4,4,8,0,0,-1,1,-1,-1,-1,5,1
KR_6769541495,420,3,-29,4,7,4,5,1,-2,0,2,-1,2,3,2,5,3,4,5,1,0,7,-2,0,6,6,-3,0,0,1,1,1,-1,4,1
KR_6758316136,420,0,-17,-6,5,-2,1,3,6,7,1,-1,2,3,0,1,1,2,3,1,0,6,-1,1,7,8,-6,0,-1,1,-1,-1,1,3,1
KR_6726778549,420,1,-11,-7,8,0,2,2,0,2,2,4,6,2,4,4,0,0,0,0,-1,6,7,0,10,10,-5,0,-1,-1,-1,-1,-1,3,1
KR_6774167266,420,-1,2,-13,5,4,5,1,-4,6,10,2,4,2,2,4,2,1,1,0,0,8,-1,-4,9,5,1,0,2,1,-1,1,1,1,1
KR_6777302374,420,-3,-12,-32,-3,0,1,1,-7,0,7,-1,0,1,4,5,1,1,1,0,-1,-7,-17,-2,9,7,3,0,0,-1,-1,0,-1,6,1
KR_6653103235,420,0,73,-12,0,5,7,2,-7,1,8,-2,2,4,5,6,1,-1,1,2,1,-5,28,1,4,5,3,0,1,-1,1,1,1,5,1
KR_6738012404,420,1,88,4,-3,-1,0,1,-1,0,1,-4,0,4,2,4,2,1,1,0,0,-4,-59,1,8,9,0,0,1,1,-1,1,1,2,1
KR_6774177373,420,5,44,22,12,3,3,0,9,10,1,6,6,0,-6,1,7,0,2,2,0,3,-7,3,2,5,5,0,2,-1,1,1,1,3,1
KR_6774640914,420,-2,-63,-6,0,-2,2,4,0,1,1,-3,2,5,4,4,0,1,2,1,0,7,13,-4,10,6,1,0,0,1,-1,-1,1,6,1
KR_6777718673,420,-1,-7,-44,1,0,3,3,3,6,3,1,3,2,-3,1,4,0,1,1,0,7,-2,1,5,6,0,0,0,-1,1,-1,-1,6,1
KR_6737347599,420,1,-9,17,6,1,4,3,5,8,3,2,3,1,-1,4,5,-1,1,2,2,11,35,-2,5,3,0,0,0,1,1,1,1,6,1
KR_6756328831,420,2,0,30,4,3,3,0,-1,1,2,-2,2,4,4,5,1,0,1,1,0,5,7,1,5,6,-6,0,1,1,1,1,-1,2,1
KR_6776388439,420,2,66,-13,10,2,3,1,0,1,1,1,1,0,7,8,1,0,2,2,0,7,-3,8,1,9,3,0,1,1,-1,1,-1,4,1
KR_6773386647,420,3,31,68,7,1,2,1,2,5,3,4,5,1,0,1,1,0,3,3,0,8,0,6,6,12,-3,0,0,1,1,-1,1,5,1
KR_6766098717,420,0,8,19,-1,0,2,2,1,6,5,1,4,3,-1,0,1,-2,0,2,-1,-3,49,-1,6,5,-20,0,0,1,1,0,-1,3,1
KR_6775080912,420,2,15,14,1,0,2,2,-1,5,6,0,1,1,1,2,1,1,1,0,0,-1,-14,-1,5,4,1,0,-1,-1,-1,1,1,5,1
KR_6774508776,420,2,7,1,3,0,2,2,3,3,0,0,1,1,1,2,1,-1,3,4,-1,3,39,3,5,8,-9,0,3,1,1,1,-1,6,1
KR_6776061256,420,2,23,-15,3,1,2,1,0,3,3,-2,0,2,2,4,2,2,2,0,0,0,-6,-5,10,5,5,0,0,1,-1,-1,1,1,1
KR_6729549802,420,6,152,18,12,-1,1,2,12,15,3,-2,3,5,3,3,0,0,2,2,0,11,-38,0,5,5,5,0,3,1,1,1,1,4,1
KR_6769827306,440,-2,-82,29,-10,-3,0,3,2,5,3,-1,2,3,-9,2,11,1,1,0,-1,-9,-2,0,5,5,-5,0,-1,1,1,-1,-1,6,1
KR_6776759166,420,0,8,29,5,6,6,0,3,5,2,-2,2,4,-3,2,5,1,3,2,1,10,14,3,5,8,-1,0,-1,1,-1,-1,1,1,1
KR_6734792974,420,4,75,2,7,4,4,0,2,3,1,2,3,1,0,6,6,-1,0,1,0,7,-17,-2,6,4,6,0,2,1,1,1,-1,1,1
KR_6725197901,420,-2,-35,43,-2,-5,1,6,-1,3,4,3,6,3,2,4,2,-1,2,3,0,0,12,4,3,7,-1,0,-1,1,1,-1,1,3,1
KR_6767566547,420,4,69,41,10,-1,4,5,8,8,0,-2,1,3,3,5,2,2,3,1,1,2,4,4,0,4,-1,0,4,1,1,1,1,6,1
KR_6774531698,420,4,18,35,7,2,2,0,4,5,1,1,2,1,2,4,2,-2,0,2,0,11,5,3,6,9,4,0,1,1,1,1,1,1,1
KR_6747322159,420,1,-18,-10,3,2,3,1,5,5,0,2,4,2,0,0,0,-6,0,6,-2,4,-12,5,2,7,0,0,1,1,1,1,-1,4,1
KR_6763610326,420,1,67,-7,2,2,3,1,-2,1,3,1,3,2,1,3,2,0,2,2,0,2,-2,-3,5,2,0,0,0,-1,1,0,-1,2,1
KR_6774747055,420,4,15,-2,13,5,6,1,4,5,1,5,5,0,0,5,5,-1,3,4,0,21,-10,0,8,8,4,0,3,1,-1,1,1,5,1
KR_6754627870,440,2,50,2,4,2,2,0,2,2,0,0,4,4,-2,3,5,2,5,3,0,-1,2,1,4,5,2,0,1,-1,0,1,1,3,1
KR_6769887840,420,-1,-11,-20,-4,-1,2,3,-2,1,3,-1,1,2,1,5,4,-1,0,1,-1,-6,4,2,5,7,-1,0,0,-1,1,0,-1,4,1
KR_6774352347,420,2,-35,-15,-1,0,1,1,1,2,1,-3,0,3,-5,1,6,6,6,0,0,4,32,4,5,9,-2,0,0,-1,-1,0,1,4,1
KR_6643127315,420,4,57,28,0,-2,0,2,-1,3,4,2,2,0,1,2,1,0,1,1,0,6,-8,-1,7,6,3,0,1,1,1,1,1,5,1
KR_6777223015,420,0,-42,-8,0,1,1,0,4,5,1,-4,0,4,-2,0,2,1,1,0,0,2,-11,0,4,4,-5,0,0,-1,-1,-1,-1,6,1
KR_6766064416,420,1,22,21,6,1,2,1,-2,2,4,5,5,0,2,3,1,0,0,0,0,13,19,-1,5,4,0,0,1,1,1,1,1,1,1
KR_6776167663,420,1,13,-22,4,-1,1,2,1,3,2,0,3,3,6,8,2,-2,0,2,0,5,2,0,6,6,2,0,2,1,1,1,1,5,1
KR_6773565456,440,2,75,-11,5,2,3,1,-3,3,6,1,1,0,3,4,1,2,3,1,-2,8,-12,-1,6,5,4,0,0,1,-1,0,1,2,1
KR_6733112022,420,-2,-57,10,-1,-1,0,1,8,8,0,1,4,3,-6,1,7,-3,1,4,0,-5,-2,1,5,6,-1,0,0,-1,1,0,1,2,1
KR_6776753937,420,3,29,10,8,-2,2,4,4,4,0,5,6,1,2,3,1,-1,0,1,0,18,11,4,2,6,-7,0,-1,1,-1,-1,-1,2,1
KR_6776247467,420,3,28,29,10,2,2,0,0,2,2,2,5,3,6,7,1,0,1,1,0,14,45,0,8,8,-3,0,0,1,1,0,-1,3,1
KR_6776624502,420,-2,-73,9,-2,-1,1,2,0,3,3,0,1,1,0,2,2,-1,2,3,0,2,7,1,6,7,-3,0,0,1,1,-1,-1,1,1
KR_6751165019,420,0,-19,-5,-3,2,4,2,1,3,2,-4,0,4,-2,1,3,0,0,0,0,-13,-4,3,7,10,-2,0,1,-1,1,1,1,2,1
KR_6765010921,420,6,85,-13,15,3,4,1,2,3,1,1,5,4,3,4,1,6,6,0,0,13,10,1,4,5,0,0,1,0,-1,1,1,0,1
KR_6767856647,420,2,24,-18,14,-2,3,5,6,6,0,2,3,1,8,8,0,0,1,1,3,18,5,3,4,7,-3,0,2,1,1,1,1,2,1
KR_6773946358,420,3,-31,28,8,0,2,2,4,4,0,3,3,0,1,3,2,0,0,0,0,7,-3,2,7,9,-1,0,0,1,1,-1,-1,1,1
KR_6744646646,420,2,5,0,9,6,6,0,1,3,2,0,2,2,3,4,1,-1,4,5,-1,10,4,1,4,5,3,0,0,1,1,1,-1,5,1
KR_6775555826,420,0,17,4,-1,-1,2,3,1,4,3,-1,3,4,0,2,2,0,0,0,0,4,-16,2,3,5,3,0,0,1,1,0,-1,6,1
KR_6768726610,440,3,63,17,6,-1,0,1,1,2,1,3,3,0,1,4,3,2,3,1,0,4,-7,1,3,4,1,0,0,1,1,-1,-1,6,1
KR_6706244093,420,4,91,-6,13,0,1,1,5,6,1,6,6,0,2,2,0,0,1,1,0,20,19,4,4,8,3,0,2,1,1,1,-1,1,1
KR_6766561070,420,1,43,20,9,0,3,3,6,8,2,4,4,0,2,3,1,-3,0,3,0,6,2,4,8,12,-7,0,0,1,1,0,1,5,1
KR_6769150712,420,2,2,-7,7,-2,1,3,-4,2,6,1,2,1,13,14,1,-1,0,1,0,13,6,2,4,6,1,0,0,1,-1,1,1,6,1
KR_6775370972,420,3,55,28,2,4,5,1,0,2,2,0,5,5,-1,3,4,-1,0,1,0,-7,5,6,4,10,-1,0,2,1,1,1,-1,3,1
KR_6765851194,420,2,32,32,4,-2,1,3,0,3,3,4,4,0,1,3,2,1,2,1,0,9,36,-3,8,5,0,0,0,1,1,1,1,5,1
KR_6777390627,420,0,-52,32,-2,1,1,0,-1,5,6,0,2,2,-3,1,4,1,1,0,0,-2,-16,-1,9,8,7,0,-1,-1,-1,-1,-1,3,1
KR_6774481502,420,2,7,5,4,1,1,0,5,7,2,-2,0,2,-1,1,2,1,1,0,0,7,-319,-6,11,5,-2,0,-1,-1,-1,-1,1,3,1
KR_6772119705,440,5,56,-1,8,-1,0,1,-3,0,3,4,4,0,5,9,4,3,3,0,0,2,1,-4,8,4,5,0,1,-1,1,1,1,6,1
KR_6707841840,420,1,34,-4,9,4,5,1,3,4,1,2,5,3,-2,0,2,2,2,0,-2,3,12,1,7,8,-5,0,0,1,-1,0,-1,2,1
KR_6693632768,420,3,50,4,4,3,3,0,-1,2,3,0,3,3,3,3,0,-1,0,1,0,-5,-31,6,5,11,5,0,1,-1,1,1,-1,5,1
KR_6776521747,420,2,14,22,8,-1,2,3,5,6,1,5,5,0,-1,2,3,0,0,0,1,12,-7,-5,7,2,5,0,1,1,1,1,1,6,1
KR_6776707039,420,6,26,44,13,0,1,1,8,9,1,4,4,0,1,4,3,0,1,1,0,15,11,4,4,8,-4,0,0,-1,1,1,1,4,1
KR_6757673679,420,0,7,2,8,8,9,1,6,10,4,-2,2,4,-6,1,7,2,2,0,1,15,-4,3,1,4,5,0,-1,1,-1,-1,1,5,1
KR_6693861309,420,-2,-16,-10,-3,1,2,1,1,2,1,-3,0,3,-2,2,4,0,0,0,0,-6,42,-3,9,6,-27,0,0,-1,1,0,1,5,1
KR_6776436002,420,-2,6,-4,0,1,1,0,0,4,4,0,3,3,1,2,1,-2,0,2,0,-1,-3,-2,12,10,5,0,0,1,-1,0,-1,1,1
KR_6764766808,420,0,2,8,-6,-3,2,5,4,5,1,-1,2,3,-6,0,6,0,0,0,0,-4,-13,-1,8,7,2,0,-1,-1,-1,-1,-1,6,1
KR_6719666373,420,4,39,10,8,4,5,1,0,4,4,1,3,2,-2,0,2,5,5,0,-1,10,47,-3,8,5,0,0,2,1,1,1,-1,1,1
KR_6777363363,420,-2,31,-21,-3,-2,1,3,-1,2,3,0,0,0,0,3,3,0,1,1,0,0,6,0,3,3,0,0,2,-1,1,1,-1,2,1
KR_6777447805,420,0,29,4,4,0,2,2,4,5,1,0,4,4,0,1,1,0,0,0,0,10,34,6,4,10,4,0,0,-1,-1,0,-1,4,1
KR_6761025712,420,-2,31,23,3,1,4,3,1,3,2,0,1,1,0,1,1,1,1,0,0,3,-144,1,4,5,1,0,1,1,1,1,1,3,1
KR_6777684378,420,0,-9,14,-1,2,3,1,-1,3,4,-6,2,8,2,3,1,2,2,0,0,-7,136,-3,8,5,-1,0,-1,-1,-1,1,1,1,1
KR_6768124891,420,1,-10,0,3,-1,0,1,1,2,1,4,4,0,0,1,1,-1,1,2,1,-1,-14,2,5,7,2,0,-1,1,-1,-1,1,6,1
KR_6740419812,420,3,35,-8,11,0,1,1,6,7,1,1,5,4,2,4,2,2,2,0,0,21,-27,3,4,7,-5,0,2,1,1,1,1,1,1
KR_6775396135,420,1,-28,-24,5,-2,1,3,3,5,2,2,3,1,-1,0,1,3,3,0,0,7,-11,3,4,7,0,0,0,-1,1,1,-1,3,1
KR_6766074593,420,-3,13,-2,-4,0,2,2,-3,3,6,0,2,2,-4,2,6,3,3,0,0,-10,4,0,7,7,-1,0,0,1,-1,0,1,4,1
KR_6776081611,420,2,39,36,6,-1,2,3,4,4,0,-3,0,3,4,5,1,2,3,1,1,2,-71,-3,8,5,9,0,1,1,1,1,1,1,1
KR_6764085977,440,1,28,24,-1,-2,1,3,0,2,2,1,1,0,0,4,4,0,1,1,0,1,-20,-5,11,6,7,0,-1,-1,1,-1,-1,1,1
KR_6766686962,420,-1,-85,1,8,-4,2,6,2,3,1,4,5,1,5,5,0,1,2,1,0,21,7,6,5,11,-4,0,0,1,1,0,1,1,1
KR_6751556271,420,-1,7,-1,8,-1,2,3,-1,0,1,-2,0,2,11,11,0,1,2,1,0,9,13,8,1,9,-1,0,1,1,1,-1,1,4,1
KR_6700996379,420,9,193,29,21,8,8,0,5,8,3,5,6,1,4,4,0,-1,0,1,0,14,12,6,2,8,6,3,6,1,1,1,-1,3,1
KR_6772767441,420,-1,-3,2,-3,-3,0,3,1,5,4,-2,1,3,0,4,4,1,3,2,0,1,8,4,11,15,2,0,1,1,1,1,1,6,1
KR_6776652628,420,-3,-53,-1,-7,0,2,2,4,4,0,2,5,3,-12,0,12,-1,2,3,0,-12,0,-1,7,6,1,0,-2,1,-1,-1,-1,3,1
KR_6773915578,440,-3,-54,8,-11,-8,3,11,2,3,1,-5,0,5,-2,0,2,2,4,2,0,-1,-6,2,2,4,-3,0,-3,-1,-1,-1,-1,3,1
KR_6762929129,420,5,38,-3,19,3,4,1,-2,0,2,5,6,1,13,13,0,0,2,2,0,18,1,1,4,5,2,0,1,1,1,1,-1,2,1
KR_6753812354,420,-4,-53,8,-9,1,2,1,0,8,8,-1,2,3,-5,2,7,-4,1,5,2,-3,-44,-5,9,4,-4,0,-1,1,-1,-1,-1,4,1
KR_6685912792,420,2,62,-1,7,2,3,1,4,6,2,-1,2,3,3,4,1,-1,1,2,0,8,-88,1,7,8,5,0,0,-1,1,1,1,4,1
KR_6694925549,420,2,37,7,12,4,6,2,-1,2,3,-2,2,4,9,9,0,2,3,1,0,5,40,-1,7,6,-1,0,2,1,1,1,-1,5,1
KR_6771358652,420,4,52,21,6,-1,0,1,6,7,1,-1,3,4,0,3,3,2,2,0,1,6,6,2,3,5,-2,0,1,1,-1,1,1,5,1
KR_6756320753,420,1,51,-4,-5,-1,2,3,-3,4,7,0,1,1,0,5,5,-1,0,1,0,-10,-20,0,8,8,1,0,1,1,-1,1,-1,1,1
KR_6766434066,420,2,12,24,1,2,3,1,3,4,1,0,2,2,-4,0,4,0,0,0,0,-3,-4,-3,6,3,2,0,0,1,1,-1,-1,4,1
KR_6690458627,420,4,94,5,7,3,3,0,1,6,5,1,1,0,2,6,4,0,0,0,0,12,7,1,9,10,5,0,1,-1,1,1,1,1,1
KR_6776107301,420,0,-54,-11,2,-2,1,3,5,7,2,0,1,1,-1,3,4,0,1,1,0,2,0,-3,5,2,3,0,-1,1,-1,-1,-1,6,1
KR_6775021506,420,2,2,-26,8,4,5,1,-1,2,3,1,2,1,4,5,1,0,1,1,0,19,30,3,6,9,4,0,1,1,1,1,1,5,1
KR_6765398059,420,5,82,33,3,0,2,2,-1,1,2,1,4,3,1,2,1,2,2,0,0,3,-26,-2,6,4,2,0,0,1,-1,0,1,5,1
KR_6750233628,420,-1,4,-1,1,-2,1,3,1,4,3,1,4,3,0,2,2,1,3,2,0,5,-34,1,8,9,3,0,1,-1,-1,1,-1,2,1
KR_6767619952,420,2,47,24,5,2,4,2,2,2,0,1,3,2,-1,1,2,1,1,0,0,16,-29,-5,9,4,-2,0,0,1,-1,0,1,3,1
KR_6766415721,420,2,6,-15,10,5,6,1,2,3,1,0,2,2,2,3,1,1,2,1,0,7,12,4,4,8,-1,0,0,1,-1,0,1,1,1
KR_6769381834,420,10,112,49,19,3,6,3,4,6,2,8,8,0,3,4,1,1,2,1,0,10,46,2,10,12,5,0,2,1,1,1,-1,2,1
KR_6772293870,440,3,62,31,6,0,0,0,-1,0,1,6,7,1,2,5,3,-1,3,4,0,7,35,1,4,5,-13,0,1,1,-1,1,-1,4,1
KR_6775830423,420,0,62,16,7,4,4,0,-1,2,3,2,3,1,2,2,0,0,2,2,0,6,18,1,5,6,4,0,2,1,1,1,-1,3,1
KR_6773961464,440,2,68,-16,7,-1,1,2,2,3,1,0,1,1,4,4,0,2,4,2,0,2,23,3,3,6,-5,0,0,0,0,0,-1,0,1
KR_6768893943,420,1,22,-32,2,3,3,0,-2,2,4,3,7,4,0,2,2,-2,1,3,0,-5,5,-3,6,3,-2,0,1,0,-1,1,1,0,1
KR_6772773250,420,0,-44,-32,4,3,4,1,1,3,2,-1,0,1,-2,1,3,3,4,1,1,9,-261,3,7,10,-2,0,0,-1,-1,-1,1,2,1
KR_6620483831,420,1,15,28,-5,0,2,2,-1,3,4,-2,3,5,0,7,7,-2,0,2,1,-1,0,1,6,7,-3,0,0,-1,1,-1,1,1,1
KR_6777673862,440,8,42,28,16,5,9,4,0,1,1,3,4,1,3,4,1,5,5,0,0,8,-2,4,3,7,7,0,2,1,1,1,1,2,1
KR_6737311606,420,1,21,12,9,3,4,1,1,2,1,7,8,1,-3,2,5,1,1,0,0,12,10,6,2,8,-3,0,3,-1,1,1,-1,3,1
KR_6770241097,420,1,12,6,3,0,3,3,-1,1,2,6,7,1,-1,1,2,-1,1,2,0,3,24,2,5,7,-3,0,-2,-1,-1,-1,-1,5,1
KR_6776969211,420,2,70,-4,-1,1,3,2,1,2,1,-3,0,3,0,0,0,0,0,0,0,0,-9,-3,6,3,-4,0,1,0,-1,1,1,0,1
KR_6777464913,420,-1,-38,16,0,4,5,1,-2,1,3,-1,3,4,-1,2,3,0,0,0,2,-6,12,2,1,3,-3,0,2,1,1,1,1,4,1
KR_6740768178,420,6,36,8,15,5,6,1,5,5,0,7,9,2,-2,3,5,0,2,2,0,24,-6,1,6,7,-2,0,1,1,1,1,1,3,1
KR_6745106190,420,2,34,-25,7,4,4,0,1,10,9,3,3,0,1,1,0,-2,1,3,0,4,-11,1,8,9,7,0,0,1,-1,1,1,6,1
KR_6773705916,420,1,50,-11,6,-2,1,3,4,5,1,1,5,4,3,6,3,0,2,2,2,12,96,0,9,9,4,0,2,1,1,1,1,2,1
KR_6753255571,420,-1,-4,-12,-2,-1,1,2,-1,1,2,3,3,0,-2,6,8,-1,0,1,0,2,31,1,6,7,0,0,0,1,1,1,1,3,1
KR_6759530981,420,-1,77,11,5,0,4,4,6,8,2,-1,0,1,-1,3,4,1,2,1,1,9,4,0,7,7,3,0,1,-1,1,1,1,2,1
KR_6770288752,420,4,66,16,11,3,4,1,1,3,2,3,5,2,1,3,2,3,3,0,0,7,142,9,2,11,-3,0,0,1,1,1,1,2,1
KR_6765267368,420,2,27,12,-2,-6,0,6,-3,1,4,8,8,0,1,4,3,-2,0,2,0,2,42,3,5,8,-5,0,1,1,1,1,1,5,1
KR_6770853072,420,3,56,1,6,8,8,0,-2,1,3,3,4,1,-5,0,5,2,5,3,0,-2,5,1,8,9,-2,0,1,1,1,1,-1,2,1
KR_6660060451,420,1,-4,8,5,2,3,1,-3,1,4,3,3,0,0,2,2,3,4,1,0,4,4,-2,8,6,0,0,1,1,1,1,-1,1,1
KR_6768852176,420,-2,29,2,-2,-4,0,4,6,9,3,-5,0,5,4,6,2,-3,0,3,0,-8,-3,0,7,7,-5,0,1,1,-1,1,1,5,1
KR_6772405226,440,4,9,21,10,3,3,0,4,7,3,2,2,0,-1,2,3,2,2,0,0,9,10,3,2,5,1,0,0,-1,1,1,1,5,1
KR_6763743072,420,2,-17,15,2,4,6,2,-2,7,9,3,4,1,1,5,4,-4,0,4,0,5,-44,0,5,5,0,0,0,-1,-1,1,1,1,1
KR_6774819324,420,1,1,-63,4,2,3,1,1,2,1,-4,1,5,5,7,2,0,1,1,1,5,-6,2,5,7,1,0,1,-1,1,1,1,6,1
KR_6660876992,420,1,-42,26,7,1,1,0,-3,1,4,3,3,0,6,7,1,0,1,1,0,11,40,1,7,8,-22,0,1,1,1,1,1,2,1
KR_6777847450,420,1,-2,9,7,-3,2,5,3,6,3,2,4,2,4,4,0,1,1,0,2,21,-246,7,2,9,0,0,-1,1,-1,-1,1,3,1
KR_6772006363,440,1,29,-14,7,5,5,0,2,5,3,-2,3,5,3,6,3,-1,4,5,1,10,4,0,5,5,-2,0,2,0,1,1,1,0,1
KR_6712651867,420,3,57,-4,7,2,3,1,2,4,2,1,3,2,0,1,1,2,3,1,0,5,-1,4,10,14,2,0,1,1,1,1,-1,1,1
KR_6770343753,420,1,-28,-12,-1,3,3,0,-2,1,3,-1,3,4,0,3,3,-1,0,1,0,4,-4,2,3,5,6,0,-1,1,-1,-1,-1,3,1
KR_6744006198,420,4,27,24,11,4,6,2,0,2,2,0,2,2,2,5,3,5,5,0,0,6,2,2,3,5,-1,0,2,1,1,1,1,4,1
KR_6776202462,440,8,56,12,16,3,5,2,0,0,0,3,3,0,11,12,1,-1,1,2,0,16,-32,6,3,9,0,0,2,-1,1,1,-1,1,1
KR_6706882120,420,1,9,-5,2,-1,1,2,0,3,3,1,3,2,4,5,1,-2,0,2,1,9,-17,0,4,4,-3,0,3,1,1,1,1,4,1
KR_6777491801,420,-2,12,-11,-7,-3,0,3,3,4,1,-1,0,1,-7,1,8,1,1,0,0,-6,-2,-7,9,2,0,0,-1,-1,-1,-1,-1,5,1
KR_6746763071,420,2,-11,-16,6,-3,1,4,4,5,1,1,3,2,3,5,2,1,1,0,0,17,20,-1,10,9,2,0,0,1,-1,-1,-1,5,1
KR_6768548598,420,3,-40,24,1,-2,1,3,-1,4,5,4,6,2,0,0,0,0,1,1,-1,6,10,3,7,10,-4,0,0,1,-1,0,-1,5,1
KR_6770402250,420,-3,-17,8,-5,1,1,0,0,1,1,-3,0,3,-3,0,3,0,1,1,0,-3,-68,0,10,10,-6,0,-1,-1,1,-1,-1,6,1
KR_6772147915,440,2,26,21,4,3,4,1,-2,0,2,-3,0,3,2,3,1,4,4,0,0,0,-5,0,4,4,1,0,0,0,1,1,1,0,1
KR_6770011643,440,4,96,45,0,-6,0,6,6,9,3,0,0,0,1,1,0,-1,0,1,0,6,150,-2,6,4,2,0,1,1,1,1,1,5,1
KR_6774664117,420,-1,14,-26,7,1,2,1,-5,0,5,8,8,0,5,6,1,-2,1,3,1,7,12,6,5,11,-5,0,0,1,-1,0,1,6,1
KR_6769429048,420,5,92,24,5,-4,0,4,1,5,4,4,7,3,2,4,2,2,3,1,0,15,8,0,7,7,2,0,0,1,1,1,-1,5,1
KR_6760553302,420,1,82,-14,-1,5,6,1,-5,1,6,-1,2,3,0,3,3,0,2,2,0,-6,-12,2,6,8,1,0,2,-1,1,1,1,1,1
KR_6759882244,440,1,20,4,1,-6,1,7,0,0,0,2,2,0,6,6,0,-1,1,2,0,-3,-95,1,2,3,8,0,0,-1,1,0,1,1,1
KR_6663057867,420,7,88,25,16,5,7,2,1,2,1,0,2,2,6,6,0,4,4,0,-1,16,1,3,4,7,7,0,3,1,1,1,-1,1,1
KR_6694334923,420,-2,15,-6,2,1,2,1,-4,1,5,2,3,1,-1,3,4,4,5,1,0,3,-8,0,6,6,-5,0,1,0,1,1,-1,0,1
KR_6769459205,420,4,71,45,1,1,4,3,0,3,3,0,0,0,-1,4,5,1,2,1,0,-1,6,-10,11,1,8,0,0,1,1,0,-1,6,1
KR_6735596991,420,1,-5,15,6,-2,2,4,5,6,1,-3,2,5,6,6,0,0,1,1,0,8,2,-2,9,7,3,0,3,1,-1,1,1,6,1
KR_6776867458,420,1,1,4,5,0,4,4,-1,1,2,2,3,1,3,4,1,1,1,0,2,10,0,1,7,8,6,0,0,1,-1,0,1,2,1
KR_6773440470,420,0,-16,8,-5,0,1,1,-5,3,8,-3,2,5,3,4,1,0,3,3,0,-5,-32,-5,7,2,-1,0,0,-1,-1,-1,1,3,1
KR_6766862056,420,0,85,15,-6,2,3,1,-5,4,9,-6,1,7,2,6,4,1,2,1,0,-10,-5,0,6,6,8,0,2,1,-1,1,-1,4,1
KR_6734594156,420,3,28,-1,7,-2,1,3,2,4,2,2,2,0,4,4,0,1,1,0,0,11,3,-2,10,8,2,0,-1,1,-1,-1,1,1,1
KR_6747339777,420,2,-54,6,2,2,4,2,1,1,0,-4,1,5,1,3,2,2,2,0,0,2,-295,-3,8,5,2,0,0,1,1,0,-1,1,1
KR_6758469077,420,4,0,-13,12,3,3,0,0,3,3,2,5,3,2,7,5,5,5,0,1,12,-3,4,4,8,2,0,-1,-1,-1,-1,1,4,1
KR_6773979522,420,2,28,-7,1,2,2,0,0,5,5,1,1,0,-2,1,3,0,0,0,0,3,0,-3,8,5,4,0,0,-1,1,1,-1,2,1
KR_6684459544,420,4,21,28,3,-2,1,3,1,5,4,4,4,0,2,3,1,-2,1,3,0,13,6,4,8,12,3,0,2,1,-1,1,-1,2,1
KR_6689988593,420,3,-7,-8,7,-1,1,2,0,3,3,4,5,1,1,1,0,3,3,0,0,7,1,2,7,9,3,0,-1,1,-1,-1,-1,5,1
KR_6733948639,420,4,79,16,10,3,4,1,2,3,1,3,3,0,3,3,0,-1,0,1,2,13,-9,-2,7,5,5,0,1,-1,-1,1,1,6,1
KR_6774750349,420,1,-3,-7,6,1,3,2,5,5,0,-1,0,1,0,2,2,1,1,0,0,9,-5,1,6,7,10,0,1,1,1,1,1,2,1
KR_6767513092,420,-1,17,2,-4,5,6,1,-4,0,4,-5,0,5,-2,0,2,2,2,0,-1,2,-2,3,6,9,1,0,0,-1,-1,0,-1,2,1
KR_6771169132,420,4,86,-3,4,8,8,0,-2,1,3,-1,2,3,1,4,3,-2,1,3,0,-3,7,6,4,10,-6,0,2,1,1,1,1,5,1
KR_6771513879,420,2,45,16,-6,-4,0,4,0,2,2,-1,1,2,1,2,1,-2,0,2,0,-3,-2,-5,11,6,-1,0,0,-1,-1,0,-1,2,1
KR_6768575938,420,1,29,-8,4,-3,1,4,4,4,0,2,2,0,0,1,1,1,2,1,0,8,4,1,7,8,-4,0,-1,1,-1,-1,1,5,1
KR_6755031938,420,0,-49,-1,10,1,1,0,5,6,1,2,5,3,1,7,6,1,1,0,-2,2,-34,4,4,8,1,0,0,1,1,1,-1,1,1
KR_6684438935,420,0,-34,11,2,1,1,0,0,1,1,-1,1,2,1,3,2,1,1,0,0,4,2,-2,9,7,3,0,1,1,-1,1,-1,2,1
KR_6765109417,420,1,63,-36,-4,-1,1,2,-4,1,5,-4,1,5,4,7,3,1,2,1,1,-9,4,4,5,9,-2,0,-1,-1,-1,1,1,4,1
KR_6776096379,420,2,64,-3,4,6,6,0,-2,2,4,2,4,2,-1,1,2,-1,0,1,0,-6,2,5,6,11,1,0,0,-1,1,1,-1,1,1
KR_6773157141,420,6,64,18,7,0,2,2,1,2,1,4,5,1,2,2,0,0,0,0,0,8,-6,-5,11,6,-1,0,2,1,1,1,1,4,1
KR_6770808575,420,3,-11,-4,10,5,6,1,1,3,2,-1,0,1,4,4,0,1,1,0,0,9,-27,-1,6,5,4,0,1,1,1,1,1,4,1
KR_6776934723,420,4,-20,26,7,2,2,0,3,4,1,2,2,0,1,2,1,-1,0,1,0,6,-4,-3,7,4,3,0,1,1,1,1,1,2,1
KR_6711102459,420,2,31,-16,5,1,3,2,-2,1,3,1,1,0,1,5,4,4,5,1,0,10,-5,0,6,6,1,0,0,1,1,0,-1,4,1
KR_6721758455,420,-1,-17,-23,-1,0,2,2,0,1,1,6,6,0,-7,1,8,0,0,0,1,-1,-288,1,9,10,-5,0,0,-1,-1,0,1,6,1
KR_6758440327,420,3,-1,-21,10,4,4,0,-1,3,4,1,2,1,-6,2,8,12,13,1,-1,14,0,-4,9,5,1,0,0,-1,1,1,-1,4,1
KR_6775929094,440,4,69,-4,7,-2,1,3,6,6,0,3,5,2,-3,1,4,3,4,1,2,5,10,3,3,6,-3,0,1,1,0,1,-1,2,1
KR_6768209404,420,2,3,43,0,1,3,2,0,3,3,1,4,3,-1,3,4,-1,0,1,-1,-6,-22,1,8,9,4,0,-1,1,1,1,-1,1,1
KR_6748910485,420,0,67,-38,-1,1,2,1,0,2,2,0,0,0,2,2,0,-4,0,4,0,-1,-5,-3,8,5,-3,0,-2,-1,-1,-1,1,2,1
KR_6776478306,420,-1,-20,-8,-1,0,1,1,-1,2,3,-4,2,6,4,8,4,0,0,0,-1,-3,8,0,6,6,-6,0,-2,1,-1,-1,-1,5,1
KR_6769034834,420,0,18,28,-3,-2,2,4,1,4,3,1,2,1,-1,2,3,-2,0,2,0,0,0,6,4,10,-1,0,1,-1,1,1,-1,6,1
KR_6777218615,420,1,32,15,3,4,4,0,-2,2,4,-3,1,4,3,5,2,1,1,0,0,-3,16,0,11,11,-1,0,1,1,1,1,1,6,1
KR_6755534251,420,0,25,47,-6,-1,2,3,0,2,2,-4,1,5,-2,1,3,1,1,0,0,-9,-120,2,2,4,2,0,0,-1,1,0,1,4,1
KR_6775011932,420,2,-5,-23,12,1,2,1,3,3,0,3,3,0,2,3,1,3,3,0,0,25,7,6,4,10,-4,0,2,1,1,1,1,5,1
KR_6739635537,440,2,-4,27,6,3,4,1,1,5,4,0,1,1,3,7,4,-1,1,2,2,14,9,4,5,9,2,0,1,0,1,1,1,0,1
KR_6774087458,420,5,58,42,7,-1,0,1,2,3,1,-1,1,2,5,5,0,2,2,0,0,7,-3,2,7,9,-1,0,0,1,1,1,-1,1,1
KR_6775725642,420,-1,-45,-5,-3,-2,1,3,-3,3,6,1,1,0,0,1,1,1,1,0,0,-1,-221,0,5,5,-4,0,0,-1,-1,0,-1,1,1
KR_6777002983,420,8,73,74,6,0,2,2,2,6,4,2,3,1,3,4,1,-1,0,1,0,3,64,5,3,8,-14,0,2,1,1,1,1,3,1
KR_6684507971,420,-2,-49,4,-6,1,4,3,-4,1,5,4,5,1,-5,1,6,-2,1,3,0,-20,147,-1,8,7,4,0,0,-1,1,0,-1,5,1
KR_6756994477,420,1,-10,15,-1,2,4,2,-1,2,3,1,2,1,-2,1,3,-1,1,2,0,-3,6,-1,5,4,0,0,1,-1,1,1,-1,3,1
KR_6772456255,420,2,17,26,9,1,2,1,-1,5,6,4,4,0,3,5,2,2,2,0,0,14,1,4,6,10,6,0,0,1,-1,1,-1,1,1
KR_6768218519,420,0,-13,-12,6,1,3,2,1,3,2,-3,0,3,7,7,0,0,1,1,1,11,-7,-1,7,6,1,0,0,1,-1,1,1,4,1
KR_6772586706,420,-2,-49,-10,-1,0,2,2,1,3,2,-1,1,2,-1,1,2,0,0,0,0,-8,-43,-1,10,9,3,0,0,-1,1,0,1,4,1
KR_6775764650,420,0,-14,47,4,-1,1,2,6,6,0,1,2,1,-3,2,5,1,1,0,0,6,-21,3,7,10,-5,0,1,1,1,1,1,5,1
KR_6719868527,420,10,137,-29,18,2,5,3,4,4,0,5,5,0,5,10,5,2,2,0,0,21,22,2,7,9,1,0,4,1,-1,1,1,4,1
KR_6768308581,420,3,-4,2,8,4,4,0,0,2,2,3,7,4,2,3,1,-1,1,2,0,15,-2,-1,5,4,1,0,1,-1,-1,1,-1,5,1
KR_6773935048,420,3,-10,0,15,1,5,4,2,4,2,4,4,0,4,8,4,4,4,0,0,17,213,-4,7,3,3,0,1,1,-1,1,-1,6,1
KR_6771539956,420,1,5,6,5,-1,0,1,0,4,4,7,8,1,3,6,3,-4,0,4,0,7,19,2,5,7,5,0,-2,-1,1,-1,-1,3,1
KR_6777211142,420,3,112,18,8,0,1,1,-5,1,6,4,6,2,7,8,1,2,4,2,0,7,270,-1,6,5,5,0,2,1,-1,1,-1,4,1
KR_6760443462,420,-1,1,8,-5,0,0,0,-2,1,3,1,3,2,-4,4,8,0,3,3,0,-6,4,5,4,9,4,0,1,-1,1,1,1,6,1
KR_6774292808,420,1,-24,9,13,7,7,0,-2,2,4,-4,3,7,10,11,1,2,3,1,2,12,2,-3,11,8,5,0,1,-1,1,1,-1,1,1
KR_6697018840,420,1,13,-11,10,0,1,1,5,10,5,1,4,3,1,4,3,3,3,0,0,13,12,2,7,9,0,0,0,-1,1,1,-1,3,1
KR_6773187493,420,-2,-76,-22,1,0,6,6,-2,2,4,3,3,0,2,6,4,-2,0,2,0,8,4,2,7,9,0,0,0,-1,1,-1,-1,1,1
KR_6717646241,420,3,104,0,7,9,9,0,-4,1,5,-1,3,4,2,5,3,1,1,0,0,3,-3,2,4,6,2,0,1,1,-1,1,-1,2,1
KR_6762511632,420,0,25,15,-2,5,5,0,-2,5,7,-3,2,5,1,3,2,-3,0,3,0,-7,-35,-4,9,5,3,0,1,1,-1,1,-1,3,1
KR_6755446453,420,3,-8,18,4,3,4,1,0,4,4,1,3,2,-1,2,3,1,1,0,0,4,-43,5,2,7,0,0,-1,-1,-1,1,1,5,1
KR_6769444585,420,-1,-4,-4,0,-4,1,5,1,2,1,1,2,1,1,1,0,1,2,1,0,5,-17,-4,8,4,3,0,0,1,-1,1,-1,1,1
KR_6775896279,420,0,17,27,-6,-2,0,2,-3,0,3,3,5,2,-3,0,3,-1,0,1,0,-14,1,-1,9,8,4,0,0,1,-1,0,-1,4,1
KR_6652596527,440,2,21,1,3,-4,1,5,2,5,3,10,11,1,-4,0,4,-1,3,4,1,-3,-3,0,7,7,4,0,0,1,-1,1,1,2,1
KR_6775190796,420,-1,-13,-24,1,2,3,1,1,3,2,-1,0,1,0,2,2,-1,0,1,0,0,10,8,5,13,-4,0,0,-1,-1,0,-1,2,1
KR_6774150607,420,0,51,12,-1,0,1,1,0,3,3,-2,1,3,1,7,6,0,0,0,3,-2,-23,7,3,10,3,0,1,1,1,1,1,1,1
KR_6773937045,440,3,-21,23,3,3,3,0,-3,1,4,1,2,1,2,4,2,0,1,1,0,2,-34,-2,7,5,12,0,2,1,1,1,-1,5,1
KR_6774452104,420,0,-27,4,-4,-3,1,4,0,2,2,0,1,1,-1,1,2,0,1,1,0,-2,-2,1,5,6,5,0,0,1,-1,0,-1,1,1
KR_6652621597,440,3,36,-3,10,5,5,0,5,6,1,1,2,1,-1,4,5,0,1,1,0,16,2,3,2,5,-1,0,0,1,1,-1,1,5,1
KR_6774307548,420,3,39,35,7,1,1,0,1,4,3,0,1,1,3,6,3,2,2,0,3,1,-3,1,4,5,3,0,0,1,1,1,1,6,1
KR_6740948852,420,2,37,7,3,1,1,0,4,5,1,1,4,3,-3,0,3,0,1,1,0,7,12,1,7,8,-1,0,0,-1,1,0,1,1,1
KR_6772215620,420,0,-37,0,3,0,1,1,2,4,2,3,3,0,-4,1,5,2,2,0,0,8,37,-1,6,5,0,0,0,-1,1,0,1,1,1
KR_6767545514,420,0,-23,-2,6,1,1,0,7,9,2,0,0,0,-2,2,4,0,0,0,0,9,-43,3,3,6,23,0,0,1,1,0,1,2,1
KR_6761104822,420,1,13,15,1,0,3,3,-3,0,3,0,3,3,0,0,0,4,5,1,0,0,2,-3,6,3,-2,0,0,-1,1,0,1,3,1
KR_6772038295,420,1,11,-10,6,-1,1,2,-2,1,3,1,2,1,7,7,0,1,1,0,0,7,9,0,5,5,-2,0,0,1,-1,-1,-1,5,1
KR_6737420706,420,5,8,32,5,1,1,0,-5,2,7,8,8,0,1,2,1,0,1,1,0,4,1,1,6,7,2,0,1,-1,1,1,-1,6,1
KR_6771611560,420,1,-94,-40,6,0,1,1,0,1,1,-2,1,3,6,10,4,2,2,0,2,10,-19,2,7,9,1,0,-1,1,-1,-1,1,1,1
KR_6754859010,420,2,-32,13,0,-5,0,5,4,4,0,0,1,1,0,0,0,1,2,1,-1,0,24,0,6,6,-3,0,1,-1,-1,-1,-1,5,1
KR_6774764328,420,5,-15,6,6,5,7,2,0,0,0,2,5,3,-1,0,1,0,2,2,0,10,6,0,5,5,-1,0,0,1,-1,1,1,3,1
KR_6669627400,420,1,-47,15,-2,0,1,1,-1,2,3,-2,0,2,-2,4,6,3,3,0,0,-1,9,-1,4,3,1,0,0,1,1,0,-1,6,1
KR_6775306120,420,5,108,18,14,2,3,1,2,3,1,7,7,0,2,2,0,1,1,0,0,17,-2,6,5,11,2,0,1,1,1,1,1,4,1
KR_6774105575,420,2,35,15,3,-1,3,4,-5,4,9,4,5,1,5,5,0,0,0,0,0,-1,15,-2,6,4,6,0,0,1,1,0,-1,6,1
KR_6776837204,420,2,-51,37,-1,4,7,3,-2,4,6,3,5,2,-6,1,7,0,2,2,-3,-12,5,0,8,8,-3,0,0,-1,1,-1,-1,3,1
KR_6777807481,420,12,104,80,19,3,3,0,4,4,0,5,5,0,7,7,0,0,0,0,0,20,56,8,1,9,-5,0,4,1,1,1,1,5,1
KR_6720749166,420,5,61,38,10,0,2,2,3,5,2,-3,0,3,3,4,1,7,7,0,1,10,65,3,4,7,-23,0,0,1,-1,1,1,2,1
KR_6769395730,440,-3,-2,-30,-7,2,2,0,-9,1,10,2,2,0,-5,2,7,3,3,0,0,-16,-33,-5,6,1,4,0,-2,-1,-1,-1,-1,1,1
KR_6727737994,420,0,-13,0,4,-1,0,1,0,3,3,3,5,2,0,3,3,2,2,0,0,7,3,-2,6,4,2,0,1,-1,1,1,1,3,1
KR_6776267376,440,1,22,-4,1,1,3,2,0,2,2,-2,2,4,3,6,3,-1,0,1,0,7,-1,4,4,8,5,0,2,0,1,1,-1,0,1
KR_6766079789,440,4,72,22,3,0,2,2,-3,0,3,1,4,3,1,2,1,4,5,1,0,-1,5,1,3,4,-1,0,1,1,-1,1,1,1,1
KR_6770758147,420,-1,-50,15,-2,-1,2,3,2,2,0,-3,2,5,3,4,1,-3,0,3,0,5,7,3,3,6,3,0,1,0,-1,1,-1,0,1
KR_6771401136,420,1,-16,16,-1,1,4,3,4,4,0,-3,3,6,-1,2,3,-2,1,3,0,1,8,2,4,6,-2,0,-1,-1,1,1,1,5,1
KR_6773547568,440,3,-15,-13,-1,1,2,1,0,4,4,2,3,1,-7,2,9,3,4,1,0,-7,4,-1,8,7,-2,0,1,-1,1,1,1,1,1
KR_6769464402,420,3,50,-31,7,1,3,2,3,5,2,0,3,3,2,5,3,1,2,1,1,13,-2,-1,7,6,1,0,1,-1,1,1,1,5,1
KR_6774858489,420,0,40,-15,-6,3,3,0,-3,0,3,-5,2,7,1,2,1,-2,0,2,0,-16,-1,-2,7,5,-4,0,1,-1,-1,1,1,1,1
KR_6773372747,420,6,-1,12,12,3,4,1,1,2,1,4,5,1,6,7,1,-2,0,2,0,10,-3,7,2,9,1,0,3,1,1,1,1,6,1
KR_6639810623,420,-1,-27,0,3,0,0,0,2,4,2,-1,3,4,1,5,4,1,3,2,0,6,-2,-2,7,5,3,0,0,1,1,0,-1,2,1
KR_6775939681,420,2,9,25,1,2,3,1,3,6,3,-2,0,2,-2,1,3,0,1,1,0,3,1,-1,6,5,-6,0,2,-1,1,1,1,5,1
KR_6694237891,420,2,88,49,4,2,3,1,-1,4,5,1,3,2,1,2,1,1,1,0,0,3,0,0,5,5,4,0,-1,-1,1,1,1,1,1
KR_6776121009,420,7,36,28,12,5,5,0,0,1,1,6,6,0,0,1,1,1,1,0,0,9,35,0,7,7,-4,0,3,-1,1,1,1,6,1
KR_6737587039,420,2,94,20,3,-4,1,5,5,5,0,0,2,2,3,4,1,-1,0,1,-1,8,-4,1,8,9,13,0,1,1,-1,1,-1,3,1
KR_6754796309,420,-1,18,-5,9,0,3,3,1,2,1,6,6,0,0,0,0,2,2,0,0,18,25,3,6,9,4,0,0,1,1,1,1,1,1
KR_6774747548,420,3,91,-3,7,2,5,3,0,2,2,6,7,1,1,5,4,-2,1,3,1,-4,-7,6,3,9,-5,0,2,-1,1,1,1,2,1
KR_6736416831,420,1,-24,30,9,-1,1,2,-1,1,2,5,5,0,3,4,1,3,3,0,1,19,5,4,4,8,1,0,1,1,1,1,1,6,1
KR_6775980563,420,3,7,12,10,5,5,0,4,7,3,4,5,1,0,1,1,-3,0,3,0,14,-13,0,7,7,0,0,2,1,1,1,-1,4,1
KR_6773233889,420,4,56,4,8,3,4,1,1,3,2,3,5,2,1,3,2,0,0,0,0,14,42,2,4,6,2,0,1,1,1,1,1,1,1
KR_6770933139,420,-3,-56,4,0,-3,0,3,2,4,2,-1,1,2,2,6,4,0,0,0,0,3,3,2,8,10,-5,0,0,1,-1,-1,1,1,1
KR_6765260029,420,3,-12,36,8,-1,1,2,4,4,0,1,2,1,4,4,0,0,0,0,-1,15,0,2,6,8,2,0,0,1,-1,1,-1,1,1
KR_6772410587,420,3,70,49,2,-3,1,4,6,9,3,-1,4,5,0,4,4,0,0,0,0,-10,2,1,5,6,0,0,3,1,-1,1,-1,1,1
KR_6700355448,420,1,49,23,3,2,2,0,-5,0,5,2,4,2,2,3,1,2,2,0,0,7,-2,-1,9,8,-2,0,0,-1,1,1,1,5,1
KR_6735528877,420,1,11,-8,6,2,3,1,0,2,2,5,5,0,-1,3,4,0,0,0,0,9,12,9,4,13,-5,0,-1,1,-1,-1,-1,2,1
KR_6769079306,420,5,-10,31,17,0,3,3,5,5,0,-2,0,2,11,14,3,3,3,0,-1,25,-36,5,5,10,14,0,-1,1,-1,-1,-1,1,1
KR_6766695961,420,6,54,5,13,1,2,1,2,3,1,-1,2,3,7,7,0,4,5,1,0,9,-13,4,4,8,-2,0,2,1,1,1,1,6,1
KR_6677094840,420,2,30,1,5,3,5,2,0,3,3,0,2,2,2,4,2,0,0,0,0,3,-5,-3,8,5,-1,0,1,0,-1,1,1,0,1
KR_6722146413,420,0,-27,16,1,-2,2,4,1,2,1,8,8,0,-2,2,4,-4,0,4,0,-2,7,-1,8,7,2,0,0,0,1,1,-1,0,1
KR_6774617139,440,4,47,24,10,4,5,1,0,2,2,7,7,0,-2,3,5,1,1,0,0,4,28,-3,8,5,2,0,2,1,1,1,1,4,1
KR_6752538554,420,2,-28,1,9,-2,1,3,5,6,1,3,3,0,2,4,2,1,2,1,0,15,9,-2,7,5,1,0,1,0,1,1,-1,0,1
KR_6721020390,420,2,33,27,0,3,4,1,-5,1,6,0,1,1,3,5,2,-1,2,3,0,3,1,0,6,6,6,0,1,1,0,1,1,2,1
KR_6684338283,420,5,9,-11,15,3,5,2,-1,2,3,6,6,0,6,7,1,1,2,1,1,13,22,5,3,8,-1,0,1,1,1,1,1,5,1
KR_6777447235,420,7,92,16,14,2,3,1,7,8,1,3,5,2,2,6,4,0,0,0,1,15,0,-2,5,3,2,0,-1,1,-1,-1,1,5,1
KR_6759190404,420,-1,-66,-6,-2,-5,1,6,4,5,1,-1,0,1,-2,0,2,2,2,0,0,1,28,3,8,11,-8,0,0,-1,1,1,-1,6,1
KR_6719795535,420,-1,2,26,-3,5,6,1,0,3,3,-2,1,3,-6,0,6,0,1,1,0,-9,2,-3,7,4,-4,0,1,-1,1,1,-1,3,1
KR_6777103730,420,0,-36,8,2,4,6,2,5,5,0,-5,0,5,0,5,5,-2,0,2,-2,-5,23,8,3,11,-10,0,0,1,1,-1,1,5,1
KR_6757653315,420,4,-5,-5,4,-1,0,1,3,4,1,1,3,2,1,3,2,0,1,1,1,9,-3,-3,7,4,3,0,1,-1,1,1,1,6,1
KR_6775978756,420,1,58,-4,6,4,5,1,3,5,2,1,5,4,-1,2,3,-1,0,1,1,5,-46,0,4,4,21,0,2,-1,1,1,1,6,1
KR_6753201744,420,2,37,9,7,1,2,1,3,3,0,2,3,1,0,0,0,1,1,0,0,1,0,2,3,5,2,0,2,1,1,1,1,2,1
KR_6639871343,420,4,92,32,4,1,2,1,2,7,5,0,4,4,2,3,1,-1,0,1,0,3,10,5,6,11,0,0,1,1,-1,1,-1,5,1
KR_6774621620,420,1,-13,31,6,3,3,0,1,2,1,1,2,1,-1,1,2,2,2,0,0,3,0,3,5,8,1,0,0,-1,1,0,1,3,1
KR_6737677304,420,6,75,33,12,-1,2,3,2,4,2,1,3,2,7,7,0,3,3,0,0,13,-8,-3,9,6,7,0,2,-1,1,1,1,1,1
KR_6727776110,420,-1,6,-33,4,-1,3,4,0,2,2,6,6,0,0,2,2,-1,0,1,0,8,-54,5,3,8,-2,0,-1,1,1,-1,-1,5,1
KR_6733889880,420,4,64,10,-1,-3,2,5,2,5,3,2,4,2,-1,2,3,-1,2,3,0,-7,38,-5,7,2,0,0,0,1,1,1,1,4,1
KR_6729541717,420,7,84,5,19,3,4,1,8,10,2,5,7,2,5,6,1,-2,0,2,0,19,5,3,4,7,4,0,3,1,1,1,-1,1,1
KR_6776771390,420,-3,-32,-28,-7,-3,0,3,2,3,1,-3,1,4,-1,1,2,-2,1,3,0,-12,14,3,7,10,-3,0,-1,-1,-1,-1,-1,4,1
KR_6766123444,420,2,33,9,3,-2,2,4,6,8,2,2,4,2,-2,2,4,-1,0,1,-1,9,-266,7,5,12,-2,0,0,1,-1,1,1,5,1
KR_6768027967,420,3,84,10,7,2,4,2,3,4,1,1,1,0,2,4,2,-1,0,1,-1,-1,96,-1,7,6,2,0,0,1,1,1,-1,4,1
KR_6752215542,420,3,46,9,2,-1,1,2,-4,0,4,3,5,2,3,4,1,1,2,1,0,8,133,2,4,6,-2,0,1,1,-1,1,-1,4,1
KR_6776575937,420,5,48,31,9,0,1,1,0,1,1,-2,0,2,5,6,1,6,6,0,0,5,10,7,3,10,-8,0,2,-1,1,1,-1,2,1
KR_6676997895,420,6,124,-1,16,4,4,0,-3,2,5,8,9,1,9,12,3,-2,0,2,0,22,16,4,3,7,-2,0,3,1,1,1,1,5,1
KR_6777381474,420,2,64,-28,7,4,4,0,0,3,3,7,8,1,1,2,1,-5,0,5,-1,2,2,0,6,6,3,0,-1,-1,-1,-1,-1,6,1
KR_6674097878,420,3,29,20,7,-2,1,3,5,8,3,-1,1,2,4,4,0,1,2,1,1,6,32,4,4,8,-5,0,1,1,-1,1,1,4,1
KR_6765831634,440,5,99,20,6,-1,3,4,0,3,3,1,1,0,2,3,1,4,4,0,0,5,4,0,5,5,2,0,1,1,0,1,1,2,1
KR_6768447618,420,0,20,-44,-1,3,4,1,-2,1,3,-1,1,2,-2,1,3,1,2,1,0,0,4,2,6,8,1,0,-1,1,-1,-1,1,4,1
KR_6663278656,420,3,43,5,10,-2,2,4,7,8,1,2,2,0,3,5,2,0,1,1,1,13,-12,-8,14,6,8,0,1,-1,1,1,1,3,1
KR_6666236575,420,-1,-49,4,3,2,3,1,5,5,0,-1,1,2,-2,0,2,-1,0,1,0,7,-3,-2,8,6,-2,0,0,1,1,1,1,5,1
KR_6770323479,420,0,12,-26,9,0,2,2,9,9,0,0,1,1,-2,1,3,2,2,0,0,14,17,5,4,9,-4,0,1,1,1,1,-1,1,1
KR_6734748936,420,-4,-57,-10,-2,-3,1,4,0,3,3,1,2,1,1,3,2,-1,2,3,2,0,-14,-7,11,4,6,0,-1,1,-1,-1,1,5,1
KR_6776300476,420,1,-3,4,4,2,2,0,-2,3,5,0,0,0,1,3,2,3,3,0,0,7,-2,-1,5,4,4,0,0,-1,-1,0,-1,2,1
KR_6777193816,420,2,-31,20,-4,1,3,2,-1,1,2,-2,0,2,-3,1,4,1,1,0,0,-8,-63,1,4,5,29,0,-3,1,-1,-1,-1,4,1
KR_6772143556,420,3,34,12,9,5,5,0,2,3,1,1,3,2,0,0,0,1,1,0,1,11,-39,-4,6,2,25,0,1,1,-1,1,1,3,1
KR_6772999841,420,1,1,20,2,0,0,0,-4,1,5,2,2,0,1,3,2,3,3,0,0,6,-7,5,4,9,4,0,0,-1,1,1,1,5,1
KR_6768337078,420,-1,-30,12,-10,-5,0,5,1,4,3,1,5,4,-5,3,8,-2,0,2,0,2,-3,-4,10,6,1,0,0,1,-1,-1,-1,1,1
KR_6777251652,420,5,148,21,14,1,1,0,5,8,3,0,2,2,7,9,2,1,2,1,1,10,6,1,8,9,5,0,4,1,1,1,1,5,1
KR_6672975091,420,6,112,6,6,4,4,0,3,3,0,1,1,0,1,5,4,-3,1,4,0,-2,-30,-2,5,3,3,0,1,-1,1,1,-1,2,1
KR_6766235795,420,0,-49,7,1,0,2,2,3,6,3,0,4,4,-2,0,2,0,0,0,0,4,44,-1,12,11,2,0,-3,-1,1,-1,-1,4,1
KR_6758850261,420,1,51,7,1,1,2,1,-4,0,4,2,2,0,2,2,0,0,0,0,0,-3,5,0,8,8,-6,0,1,1,1,1,1,2,1
KR_6774116350,420,2,31,35,11,-2,1,3,7,8,1,2,4,2,4,5,1,0,1,1,0,7,0,0,3,3,-2,0,0,1,1,1,1,5,1
KR_6763580242,420,-1,29,-53,4,2,5,3,-2,4,6,-5,2,7,7,7,0,2,3,1,1,6,-17,4,5,9,1,0,-1,1,-1,-1,1,1,1
KR_6695670488,420,2,40,22,14,3,4,1,3,3,0,4,5,1,5,6,1,-1,2,3,0,16,19,1,5,6,8,0,0,-1,1,1,-1,1,1
KR_6744236578,440,0,-59,10,-2,-3,1,4,0,4,4,0,1,1,7,9,2,-6,0,6,-1,-3,-15,-1,6,5,4,0,-1,0,0,-1,-1,0,1
KR_6777725136,420,-3,-60,7,-7,-3,0,3,-2,1,3,-2,0,2,1,3,2,-1,2,3,0,-2,315,-2,10,8,-2,0,0,1,1,0,-1,1,1
KR_6706780906,420,2,42,-4,6,3,4,1,3,7,4,3,3,0,0,1,1,-3,2,5,1,2,-2,3,8,11,6,0,1,1,-1,1,1,5,1
KR_6755768853,420,-1,-8,-5,-3,0,3,3,-1,3,4,0,2,2,-1,1,2,-1,1,2,0,0,33,2,4,6,-1,0,-1,-1,0,-1,-1,1,1
KR_6774272063,420,0,23,5,3,-2,1,3,3,5,2,1,2,1,-2,2,4,3,3,0,0,13,-120,-1,6,5,-5,0,-1,1,0,-1,-1,1,1
KR_6697220222,420,6,28,27,17,-1,3,4,4,6,2,5,5,0,10,11,1,-1,1,2,1,23,-123,1,4,5,1,0,2,1,-1,1,1,6,1
KR_6775190944,420,0,2,-12,5,-4,1,5,6,6,0,3,5,2,1,2,1,-1,0,1,0,17,-5,-2,8,6,3,0,1,1,-1,1,1,1,1
KR_6771846242,420,-1,17,19,0,-1,0,1,2,5,3,1,3,2,-2,2,4,0,1,1,0,0,-16,-1,8,7,2,0,2,-1,1,1,1,1,1
KR_6777813334,420,6,-8,-36,21,5,6,1,3,5,2,2,4,2,8,9,1,3,4,1,3,18,38,2,7,9,-5,0,1,1,-1,1,1,2,1
KR_6693993138,420,-1,-47,11,1,-5,0,5,0,4,4,3,4,1,1,6,5,2,3,1,0,2,6,3,6,9,-6,0,0,1,1,1,1,5,1
KR_6743156720,440,0,4,14,2,-1,1,2,1,2,1,-2,0,2,4,6,2,0,2,2,0,5,-71,-1,5,4,2,0,0,1,1,0,1,2,1
KR_6711126294,420,3,39,10,7,-1,1,2,0,3,3,1,3,2,7,8,1,0,2,2,-1,3,22,-5,10,5,2,0,0,1,-1,1,-1,3,1
KR_6776422226,440,0,30,-14,1,2,2,0,0,2,2,1,1,0,1,2,1,-3,0,3,0,-1,2,6,2,8,1,0,0,1,-1,0,1,2,1
KR_6765385763,420,5,48,23,9,0,2,2,-1,3,4,1,2,1,4,7,3,5,8,3,-1,4,12,3,5,8,0,0,2,1,1,1,-1,6,1
KR_6776207063,420,5,76,16,13,0,0,0,6,8,2,3,4,1,3,7,4,1,2,1,0,18,-5,-2,7,5,3,0,2,1,-1,1,1,5,1
KR_6739256267,440,-2,-3,28,-2,-1,2,3,1,2,1,-1,0,1,1,4,3,-2,1,3,0,-3,-38,0,7,7,3,0,2,-1,1,1,1,4,1
KR_6739085671,420,7,132,28,11,2,2,0,9,10,1,2,3,1,-1,0,1,-1,0,1,-1,4,7,2,5,7,2,0,3,-1,1,1,-1,4,1
KR_6773896848,420,-1,1,-4,-7,6,6,0,-10,1,11,0,1,1,-4,1,5,1,1,0,0,-8,2,-2,6,4,2,0,1,-1,-1,1,-1,4,1
KR_6777754321,420,4,52,2,2,6,6,0,-4,0,4,-1,0,1,1,1,0,0,0,0,0,-2,-24,5,5,10,-1,0,2,-1,1,1,1,1,1
KR_6776661416,420,4,69,40,3,-1,2,3,5,8,3,1,4,3,-2,1,3,0,0,0,0,6,-7,-1,8,7,4,0,1,1,1,1,1,5,1
KR_6766384718,420,4,46,30,14,-3,2,5,9,10,1,1,1,0,6,9,3,1,2,1,1,19,13,4,3,7,2,0,1,1,1,-1,1,2,1
KR_6714768694,420,2,-21,-11,2,4,4,0,-2,1,3,0,2,2,-3,2,5,3,3,0,0,3,-9,-1,6,5,3,0,0,-1,1,1,-1,6,1
KR_6777825549,420,0,3,-10,2,3,4,1,-1,0,1,0,0,0,0,1,1,0,2,2,1,-3,-32,2,5,7,-4,0,1,1,1,1,1,5,1
KR_6773789858,420,5,22,47,14,-1,1,2,2,5,3,5,6,1,8,13,5,0,0,0,1,25,-135,2,7,9,7,0,1,1,-1,1,1,1,1
KR_6750366551,420,-1,11,5,-5,0,1,1,2,5,3,-1,2,3,-3,3,6,-3,2,5,0,3,103,1,5,6,2,0,-1,0,0,-1,-1,0,1
KR_6776769960,440,2,-13,-1,10,-2,2,4,6,6,0,0,5,5,5,7,2,1,3,2,3,22,13,3,4,7,-2,0,1,1,1,-1,1,2,1
KR_6775287821,420,3,43,-5,6,1,1,0,4,5,1,0,2,2,2,2,0,-1,0,1,0,3,2,5,6,11,4,0,1,1,1,1,1,3,1
KR_6733467117,420,-1,14,-12,1,-3,1,4,7,10,3,0,3,3,-1,5,6,-2,1,3,2,18,10,0,6,6,3,0,-1,1,1,1,1,4,1
KR_6739149264,420,2,13,15,3,3,3,0,2,3,1,2,3,1,-4,3,7,0,1,1,0,-8,7,0,8,8,0,0,0,-1,1,-1,1,3,1
KR_6712787039,420,-4,-29,-23,4,-5,0,5,2,4,2,1,3,2,5,5,0,1,2,1,0,14,-9,2,5,7,0,0,1,1,-1,-1,-1,6,1
KR_6772256281,440,2,37,12,2,0,3,3,2,2,0,-2,3,5,2,7,5,0,0,0,1,-6,-11,-3,9,6,6,0,1,-1,1,1,1,1,1
KR_6775818780,420,6,18,0,11,1,2,1,6,6,0,1,2,1,2,2,0,1,2,1,0,16,8,-2,8,6,3,0,0,1,-1,0,1,4,1
KR_6761499013,420,4,36,7,14,0,1,1,7,8,1,3,4,1,5,7,2,-1,1,2,1,18,-14,3,4,7,3,0,0,1,-1,1,-1,2,1
KR_6666470382,420,1,10,5,10,2,7,5,4,5,1,6,6,0,2,7,5,-4,0,4,3,5,-3,7,0,7,-3,0,3,1,1,1,1,6,1
KR_6770508044,440,4,-5,-8,13,2,3,1,1,3,2,8,8,0,1,3,2,1,1,0,0,16,-10,1,4,5,5,0,1,1,-1,1,1,4,1
KR_6775917877,420,-3,-49,2,-7,-2,1,3,-1,2,3,3,4,1,-5,2,7,-2,0,2,0,-2,8,4,5,9,-6,0,-1,-1,-1,-1,-1,4,1
KR_6775702969,420,4,101,-20,10,3,3,0,-7,0,7,5,5,0,8,10,2,1,1,0,0,4,8,4,3,7,-1,0,1,-1,-1,1,1,5,1
KR_6770705300,420,2,20,49,-3,-2,0,2,0,1,1,2,5,3,0,6,6,-3,0,3,0,-4,6,2,3,5,-1,0,1,1,-1,-1,-1,1,1
KR_6714729293,420,0,56,0,-2,-6,1,7,0,2,2,1,2,1,3,3,0,0,0,0,0,-1,-12,-4,8,4,5,0,0,1,-1,1,1,4,1
KR_6774034905,420,2,-3,-19,3,-2,1,3,1,2,1,2,2,0,0,2,2,2,2,0,0,7,-36,-5,8,3,-1,0,0,1,1,0,-1,3,1
KR_6777327578,420,3,-4,16,12,3,4,1,12,12,0,1,1,0,-3,3,6,-1,2,3,0,9,6,7,4,11,-7,0,-1,1,1,-1,1,4,1
KR_6730805924,420,2,37,-17,6,2,5,3,3,7,4,-2,3,5,2,4,2,1,2,1,0,7,12,1,6,7,-4,0,2,-1,-1,1,-1,3,1
KR_6768733566,420,2,0,31,3,-1,0,1,-3,0,3,3,5,2,0,4,4,4,4,0,1,4,-9,1,5,6,-1,0,0,-1,1,1,1,3,1
KR_6775786464,420,-1,56,-12,2,-2,0,2,-3,1,4,2,2,0,4,5,1,1,2,1,0,7,-27,2,7,9,-5,0,1,1,1,1,-1,3,1
KR_6715204786,420,1,46,-3,1,2,2,0,3,5,2,-1,2,3,-3,3,6,0,1,1,0,-4,8,4,2,6,-6,0,0,1,-1,0,-1,1,1
KR_6756042326,420,-2,-9,-28,-1,-1,3,4,-3,1,4,2,4,2,0,1,1,1,1,0,0,0,214,0,6,6,2,0,0,-1,-1,0,-1,3,1
KR_6645749552,420,3,9,-23,6,0,0,0,0,1,1,-1,1,2,7,10,3,0,0,0,0,12,6,4,7,11,0,0,0,-1,1,1,1,6,1
KR_6713195013,420,0,53,12,3,2,3,1,2,5,3,3,4,1,-2,2,4,-2,0,2,1,-3,-25,2,6,8,-1,0,0,1,-1,0,1,2,1
KR_6773388569,420,2,-26,21,12,7,8,1,4,4,0,5,5,0,-4,1,5,0,0,0,1,13,45,2,2,4,-2,0,0,1,1,0,1,3,1
KR_6774378562,420,-2,-33,-20,0,-1,2,3,-3,1,4,2,2,0,2,3,1,0,0,0,0,1,-5,5,3,8,2,0,0,1,1,-1,1,6,1
KR_6774065868,420,-4,-1,-21,-3,-2,1,3,-2,2,4,-2,0,2,3,5,2,0,0,0,0,3,-18,0,6,6,-2,0,1,1,-1,1,-1,3,1
KR_6741543593,420,1,-7,-15,2,0,3,3,4,9,5,1,2,1,-1,3,4,-2,1,3,0,5,0,0,7,7,2,0,1,-1,1,1,1,3,1
KR_6776394008,420,-2,33,19,-13,-2,0,2,-2,1,3,-7,1,8,-1,2,3,-1,0,1,0,-7,-10,-3,11,8,-1,0,0,1,-1,0,-1,5,1
KR_6776349397,440,1,13,-12,5,-5,0,5,7,10,3,0,2,2,4,5,1,-1,0,1,0,9,-8,7,2,9,-7,0,0,1,1,1,1,6,1
KR_6673028904,420,4,31,0,9,4,4,0,2,5,3,1,2,1,1,5,4,1,1,0,0,13,0,4,7,11,5,0,1,-1,-1,-1,1,3,1
KR_6771612903,420,-1,70,-13,-4,0,0,0,-4,1,5,-1,1,2,1,4,3,0,0,0,0,-11,1,-1,5,4,0,0,0,-1,1,0,1,5,1
KR_6758710801,420,0,-74,40,1,1,1,0,4,5,1,1,1,0,-5,1,6,0,2,2,0,-1,40,-1,5,4,5,0,0,1,-1,0,1,3,1
KR_6720790791,420,3,-8,32,11,0,4,4,3,4,1,5,5,0,2,3,1,1,1,0,0,13,-3,-4,8,4,0,0,2,-1,1,1,1,4,1
KR_6773626359,440,2,2,20,2,-1,0,1,0,2,2,-1,6,7,3,4,1,1,1,0,0,12,26,4,2,6,-2,0,0,-1,-1,1,-1,5,1
KR_6776452974,440,1,-22,12,1,0,1,1,0,3,3,0,1,1,3,9,6,-2,0,2,0,3,-2,6,8,14,2,0,0,1,1,0,-1,6,1
KR_6777721313,420,2,29,-8,12,3,3,0,4,5,1,-1,4,5,4,6,2,2,2,0,0,19,-6,8,1,9,-2,0,0,-1,1,1,1,1,1
KR_6767469680,420,-2,-80,16,-1,4,4,0,2,3,1,-3,1,4,-6,0,6,2,3,1,1,-3,-2,1,7,8,-6,0,0,-1,1,1,1,1,1
KR_6767361337,420,1,-40,-4,-1,-2,1,3,2,4,2,-1,1,2,-2,0,2,2,2,0,-1,-6,-1,-2,8,6,1,0,1,-1,-1,1,-1,5,1
KR_6765801868,420,7,87,20,12,-1,0,1,0,1,1,4,6,2,10,12,2,-1,0,1,0,9,1,-8,13,5,0,0,3,1,1,1,1,2,1
KR_6775877670,420,1,68,-15,5,-2,1,3,1,4,3,4,6,2,2,2,0,0,1,1,0,1,22,3,5,8,-6,0,-1,1,-1,-1,1,6,1
KR_6776516317,420,-1,6,-36,-3,2,3,1,-2,1,3,3,3,0,-3,1,4,-3,0,3,0,-9,8,2,2,4,-4,0,-1,-1,-1,-1,-1,6,1
KR_6771001394,420,3,32,0,3,0,2,2,3,3,0,1,2,1,-1,2,3,0,0,0,0,10,15,4,4,8,1,0,1,-1,1,1,-1,4,1
KR_6766153327,420,2,43,15,0,-2,0,2,0,3,3,-1,2,3,2,3,1,1,2,1,0,0,-7,2,4,6,3,0,0,1,-1,0,-1,6,1
KR_6735796545,420,2,35,8,4,5,5,0,4,5,1,-4,0,4,-1,2,3,0,1,1,0,7,15,-3,8,5,-2,0,0,-1,1,0,1,5,1
KR_6751276964,420,-2,-25,-13,-2,2,3,1,-2,0,2,-1,2,3,1,4,3,-2,0,2,0,-3,-1,-3,7,4,-1,0,3,-1,1,1,1,2,1
KR_6722294302,420,4,-29,4,1,3,3,0,-3,3,6,-2,1,3,5,7,2,-2,1,3,0,-2,0,1,9,10,-3,0,1,-1,1,1,1,6,1
KR_6666365455,420,1,85,-20,3,0,4,4,2,3,1,0,2,2,4,4,0,-3,0,3,0,4,3,1,6,7,-3,0,1,1,-1,1,1,6,1
KR_6777555841,420,1,13,0,-1,0,3,3,2,4,2,-1,1,2,2,4,2,-4,0,4,0,7,-6,-1,9,8,-2,0,-2,1,-1,-1,-1,5,1
KR_6773646585,420,4,7,6,10,4,4,0,0,2,2,0,1,1,6,6,0,0,3,3,0,6,14,3,4,7,4,0,0,1,1,0,1,2,1
KR_6775826809,420,0,-21,-24,2,-6,0,6,4,5,1,0,1,1,4,4,0,0,0,0,0,10,38,7,4,11,-4,0,0,1,1,-1,1,3,1
KR_6775246733,440,1,96,12,-3,-4,0,4,-2,0,2,-1,1,2,0,2,2,4,4,0,0,-4,2,-2,4,2,4,0,0,1,-1,-1,-1,6,1
KR_6771347858,420,-2,-28,-1,-3,-5,1,6,2,5,3,-1,0,1,1,2,1,0,0,0,0,4,9,1,6,7,-7,0,0,-1,-1,1,-1,3,1
KR_6767639722,420,1,5,-38,2,-2,0,2,-1,3,4,3,3,0,2,9,7,0,1,1,0,0,10,4,3,7,-6,0,1,-1,-1,1,1,2,1
KR_6770013689,420,4,-6,-12,8,-2,2,4,0,5,5,2,2,0,3,6,3,5,7,2,0,6,-19,8,2,10,1,0,0,-1,-1,0,1,6,1
KR_6776368064,420,4,24,-2,11,-2,2,4,5,9,4,2,4,2,6,9,3,0,1,1,0,9,8,-3,9,6,0,0,1,1,1,1,-1,5,1
KR_6756909781,440,3,110,-20,0,2,6,4,0,2,2,0,3,3,-3,1,4,1,1,0,-1,0,-7,0,3,3,4,0,1,0,0,1,-1,0,1
KR_6754689353,420,-4,7,-16,-8,3,5,2,-3,1,4,-2,2,4,-3,2,5,-3,0,3,0,-6,2,1,6,7,-7,0,0,-1,1,1,1,2,1
KR_6767569189,420,1,-39,-8,5,-1,2,3,3,3,0,1,3,2,5,6,1,-3,0,3,0,15,-15,1,3,4,4,0,1,1,1,1,1,3,1
KR_6772482665,420,3,11,23,12,-1,1,2,2,3,1,3,3,0,8,10,2,0,0,0,0,15,-171,-1,4,3,20,0,-2,1,-1,-1,1,4,1
KR_6772115202,420,6,72,-9,19,5,5,0,3,3,0,5,6,1,5,5,0,1,1,0,0,12,9,2,2,4,4,0,3,0,1,1,1,0,1
KR_6649066648,420,2,58,35,7,2,2,0,2,3,1,2,4,2,-1,1,2,2,3,1,1,12,26,4,2,6,6,0,2,1,1,1,1,5,1
KR_6745060071,420,0,11,16,-1,0,3,3,-1,4,5,-3,2,5,2,5,3,1,1,0,-1,-3,3,-6,10,4,2,0,0,0,-1,0,-1,0,1
KR_6764719634,420,0,-36,-24,6,0,1,1,8,9,1,0,5,5,-1,4,5,-1,0,1,1,13,6,-1,7,6,-3,0,1,-1,1,1,1,2,1
KR_6661509912,420,-1,-53,-14,5,3,3,0,3,5,2,1,2,1,-2,2,4,0,0,0,0,7,4,-1,5,4,-1,0,1,-1,1,1,-1,5,1
KR_6776159476,420,5,2,9,9,4,4,0,1,4,3,4,5,1,0,4,4,0,0,0,0,2,-4,-5,9,4,-1,0,2,-1,1,1,1,6,1
KR_6775907681,420,4,54,7,5,1,3,2,3,7,4,-2,4,6,1,4,3,2,3,1,1,1,10,0,8,8,7,0,0,1,1,1,1,6,1
KR_6773062477,440,4,43,12,5,-1,1,2,-1,2,3,7,8,1,1,5,4,-1,1,2,-1,1,24,4,4,8,-3,0,0,0,0,1,-1,0,1
KR_6777201275,420,2,32,-19,4,8,9,1,-3,3,6,-1,2,3,0,4,4,0,0,0,0,0,147,6,3,9,-7,0,0,1,-1,-1,-1,2,1
KR_6770381623,420,-1,-1,8,-5,0,4,4,0,3,3,-2,1,3,-4,2,6,1,3,2,2,2,-42,4,3,7,1,0,0,-1,1,1,1,4,1
KR_6698633083,420,8,143,31,15,0,2,2,12,12,0,2,3,1,2,3,1,-1,0,1,0,6,-13,2,3,5,4,0,3,1,1,1,1,2,1
KR_6771391570,420,-2,-17,16,-5,3,5,2,-2,2,4,-5,2,7,0,3,3,-1,3,4,0,4,14,4,7,11,-9,0,-2,1,-1,-1,1,5,1
KR_6763512764,420,2,0,9,-1,2,4,2,3,5,2,-1,3,4,-5,2,7,0,1,1,-1,-3,0,-1,7,6,2,0,-1,-1,-1,-1,-1,5,1
KR_6752720983,420,1,3,-6,-2,-2,0,2,1,1,0,-3,0,3,3,6,3,-1,0,1,0,-6,5,3,6,9,1,0,1,1,1,1,1,2,1
KR_6777005169,420,2,-34,-13,-1,2,2,0,4,4,0,-1,1,2,-7,1,8,1,2,1,0,1,3,-4,11,7,-1,0,0,-1,1,0,-1,4,1
KR_6745800475,420,0,46,19,-1,6,6,0,-2,0,2,-2,1,3,-2,5,7,-1,1,2,-1,-5,-5,-3,9,6,1,0,0,-1,-1,1,-1,4,1
KR_6765002264,420,-1,-19,-16,-7,-3,0,3,6,8,2,-5,0,5,-5,2,7,0,2,2,0,-2,2,-2,8,6,3,0,-1,-1,-1,-1,1,3,1
KR_6777810869,420,2,47,37,-4,0,2,2,1,2,1,-1,0,1,-1,0,1,-3,0,3,1,-1,-13,-1,8,7,0,0,0,1,1,0,1,3,1
KR_6774520579,420,-1,-21,-12,0,-1,1,2,-1,1,2,1,2,1,1,1,0,0,1,1,0,3,6,6,6,12,-4,0,0,1,1,0,1,4,1
KR_6774402201,420,1,29,13,1,-3,0,3,1,3,2,3,5,2,-1,2,3,1,2,1,-2,-3,-32,3,6,9,1,0,2,1,1,1,-1,5,1
KR_6775337894,420,1,42,16,7,7,8,1,-1,5,6,-2,1,3,-2,2,4,5,7,2,0,-1,2,0,6,6,1,0,3,-1,1,1,1,3,1
KR_6777264118,440,1,-40,8,0,2,3,1,3,6,3,0,1,1,0,1,1,-5,2,7,0,2,9,2,4,6,-2,0,0,0,1,0,-1,0,1
KR_6768290773,420,2,37,-36,5,0,1,1,0,1,1,6,7,1,0,0,0,-1,0,1,0,2,3,2,4,6,8,0,2,-1,1,1,-1,4,1
KR_6754121597,420,1,25,25,2,0,2,2,-3,2,5,5,6,1,1,6,5,-1,0,1,0,-6,-38,-6,10,4,16,0,1,1,1,1,1,4,1
KR_6776662120,420,3,5,7,11,3,5,2,4,4,0,3,6,3,0,4,4,1,2,1,1,9,35,2,6,8,9,0,2,1,1,1,1,4,1
KR_6776856913,420,4,80,20,10,-4,1,5,2,3,1,2,3,1,10,10,0,0,1,1,0,9,15,5,2,7,-5,0,1,1,1,1,1,2,1
KR_6767065059,420,1,-6,-8,3,3,3,0,-1,3,4,-1,1,2,3,4,1,-1,0,1,1,6,0,-2,5,3,2,0,0,1,-1,0,1,5,1
KR_6767314814,420,-1,-51,24,1,3,5,2,0,3,3,-3,1,4,2,3,1,-1,0,1,1,6,4,0,5,5,5,0,0,1,1,-1,1,6,1
KR_6773318877,420,7,58,33,10,-4,0,4,6,6,0,1,1,0,7,11,4,0,2,2,2,14,9,2,4,6,3,0,2,0,1,1,1,0,1
KR_6768620610,420,-3,-15,2,-3,1,5,4,-1,2,3,2,2,0,-6,0,6,1,3,2,-1,-3,26,-1,9,8,-1,0,-1,-1,1,1,-1,3,1
KR_6721367165,440,10,177,47,15,1,2,1,4,5,1,2,4,2,1,2,1,7,8,1,0,17,-9,3,4,7,2,0,4,1,-1,1,1,4,1
KR_6775908785,420,2,-37,-9,-3,4,4,0,-5,0,5,-4,1,5,4,6,2,-2,1,3,0,2,-6,-1,5,4,-5,0,0,1,-1,0,-1,6,1
KR_6699408863,420,5,17,-1,11,8,9,1,2,5,3,-1,2,3,3,3,0,-1,2,3,0,17,-218,0,6,6,-2,0,1,1,1,1,1,5,1
KR_6769669045,420,1,30,24,1,-2,0,2,-1,1,2,2,2,0,3,4,1,-1,0,1,0,9,4,5,5,10,2,0,0,1,1,0,1,5,1
KR_6730762623,420,2,20,5,13,2,4,2,4,6,2,5,6,1,1,4,3,1,2,1,0,13,4,3,4,7,0,0,1,-1,1,-1,1,5,1
KR_6749532492,420,0,67,-2,-1,3,4,1,1,6,5,0,1,1,-5,2,7,0,1,1,0,-5,-4,-4,9,5,3,0,0,-1,1,0,-1,2,1
KR_6773972825,420,5,90,34,10,-1,1,2,6,8,2,2,2,0,0,3,3,3,3,0,0,10,22,0,6,6,1,0,1,1,-1,1,1,4,1
KR_6775319670,420,-2,-34,8,-1,0,2,2,-1,1,2,-1,1,2,1,4,3,0,0,0,0,3,-21,5,3,8,1,0,-1,1,1,-1,-1,6,1
KR_6664950011,420,7,49,64,12,2,2,0,0,3,3,2,2,0,6,7,1,2,2,0,0,12,-1,3,7,10,5,0,0,1,-1,0,-1,2,1
KR_6754282701,420,1,-59,8,2,-1,1,2,0,5,5,-2,2,4,3,3,0,2,3,1,0,5,-11,-3,8,5,-2,0,0,1,-1,0,1,6,1
KR_6701965435,420,10,111,75,15,2,2,0,9,11,2,-1,1,2,2,4,2,3,3,0,0,15,7,2,5,7,-2,0,5,1,1,1,1,5,1
KR_6698335012,420,0,-70,13,7,-1,1,2,2,6,4,7,9,2,-1,1,2,0,1,1,1,6,-5,1,8,9,3,0,-1,-1,1,-1,1,1,1
KR_6772766545,420,0,54,15,-1,-3,0,3,-1,4,5,0,1,1,2,4,2,1,1,0,0,-1,3,1,4,5,2,0,1,1,1,1,-1,3,1
KR_6769017849,420,6,55,6,16,0,3,3,1,7,6,11,11,0,2,4,2,2,2,0,2,17,-154,6,5,11,3,0,2,1,1,-1,1,2,1
KR_6762719710,420,-1,8,-11,4,4,5,1,0,4,4,0,1,1,2,3,1,-2,0,2,0,2,-1,3,10,13,-2,0,0,1,-1,-1,1,3,1
KR_6769357113,420,4,110,64,4,-4,0,4,7,7,0,0,3,3,2,4,2,-1,1,2,0,1,7,2,3,5,3,0,0,1,1,1,-1,4,1
KR_6765417250,440,0,1,5,-7,-1,2,3,-2,2,4,0,2,2,0,1,1,-4,1,5,0,-9,0,-1,7,6,4,0,-2,0,-1,-1,1,0,1
KR_6762065603,420,1,32,30,-6,0,2,2,-6,3,9,3,6,3,1,3,2,-4,0,4,0,-3,-167,2,3,5,-1,0,-1,1,-1,-1,1,2,1
KR_6757439543,420,-2,-60,-45,-4,-1,3,4,4,9,5,3,4,1,-10,3,13,0,3,3,0,-3,-25,-6,9,3,1,0,-3,-1,1,-1,-1,6,1
KR_6624359428,420,2,-11,-11,5,2,3,1,1,3,2,-2,3,5,2,3,1,2,2,0,-1,12,-3,-1,8,7,-2,0,1,1,1,1,-1,6,1
KR_6736904716,420,0,-25,-29,-3,-5,0,5,-2,0,2,2,2,0,2,2,0,0,1,1,0,1,10,1,6,7,-1,0,-1,-1,-1,-1,1,1,1
KR_6737127774,420,1,28,1,6,3,4,1,0,2,2,3,3,0,-1,2,3,1,1,0,-1,4,30,0,6,6,-2,0,0,-1,1,0,-1,3,1
KR_6692428773,420,6,14,45,11,4,6,2,9,10,1,1,2,1,-5,2,7,2,3,1,1,9,-9,-3,8,5,3,0,2,1,1,1,1,1,1
KR_6757026709,420,6,93,19,13,7,8,1,-1,0,1,8,8,0,-1,2,3,0,2,2,0,1,-2,-4,8,4,2,0,3,1,1,1,-1,6,1
KR_6767337117,420,4,43,21,5,3,4,1,1,3,2,1,2,1,0,6,6,0,4,4,0,3,8,3,2,5,2,0,2,-1,1,1,-1,2,1
KR_6745843238,420,0,4,19,3,6,7,1,8,9,1,-4,1,5,-8,0,8,1,1,0,0,-6,22,-1,8,7,3,0,2,1,1,1,1,3,1
KR_6774595715,420,2,40,43,3,1,2,1,2,4,2,0,1,1,0,2,2,0,1,1,0,1,-4,0,5,5,0,0,0,1,-1,0,1,4,1
KR_6774579055,420,2,-32,13,6,3,4,1,7,8,1,0,2,2,-2,1,3,-2,0,2,0,9,-11,-4,10,6,8,0,1,-1,1,1,1,3,1
KR_6700735459,420,2,-49,-7,6,3,3,0,6,9,3,-4,1,5,0,2,2,1,1,0,0,2,-10,-7,14,7,7,0,1,1,1,1,1,3,1
KR_6694106826,420,5,11,40,7,1,3,2,6,6,0,3,3,0,-3,3,6,0,0,0,0,6,-5,-4,11,7,3,0,2,1,1,1,1,4,1
KR_6746475073,420,3,42,0,4,0,0,0,4,5,1,-1,0,1,1,3,2,0,1,1,0,9,-19,-1,6,5,2,0,0,1,1,0,1,2,1
KR_6750194888,420,1,76,28,4,-2,0,2,3,6,3,-2,3,5,5,7,2,0,0,0,0,-4,55,4,4,8,-4,0,3,1,1,1,1,5,1
KR_6777256112,440,-1,10,-28,-5,-2,3,5,-6,1,7,1,2,1,4,5,1,-2,2,4,0,-9,13,0,3,3,2,0,0,1,-1,-1,-1,3,1
KR_6725272385,420,1,10,-14,9,-2,1,3,1,5,4,1,1,0,8,10,2,1,1,0,1,15,-8,2,3,5,6,0,2,1,-1,1,1,6,1
KR_6775213794,440,0,-8,-8,3,0,2,2,4,6,2,-1,2,3,-1,4,5,1,2,1,0,13,2,-5,8,3,1,0,-1,1,-1,-1,-1,6,1
KR_6773303014,420,2,-11,9,1,4,4,0,1,3,2,-1,0,1,-3,1,4,0,0,0,0,2,-9,-5,10,5,5,0,-1,1,-1,-1,-1,1,1
KR_6666353139,420,2,57,24,5,0,1,1,-1,0,1,2,3,1,4,6,2,0,0,0,0,8,4,1,7,8,2,0,2,1,1,1,1,4,1
KR_6775352501,420,0,-2,23,-4,-2,0,2,-1,3,4,2,2,0,-3,2,5,0,1,1,0,0,-1,-4,8,4,6,0,-1,1,-1,-1,-1,1,1
KR_6776572479,420,-4,55,-1,-5,3,4,1,-6,2,8,0,1,1,-1,0,1,-1,0,1,0,-16,-27,0,7,7,0,0,-1,-1,-1,-1,1,5,1
KR_6761377322,440,3,38,-3,7,2,2,0,-1,3,4,1,4,3,6,6,0,-1,0,1,0,3,1,4,2,6,-2,0,0,0,-1,0,1,0,1
KR_6727497566,420,3,-17,8,7,-2,0,2,2,5,3,4,5,1,3,6,3,0,1,1,0,14,3,3,4,7,3,0,2,-1,1,1,1,4,1
KR_6721381309,440,4,67,1,5,5,6,1,-1,8,9,1,1,0,-1,5,6,1,2,1,0,1,8,2,3,5,-1,0,1,1,-1,-1,-1,1,1
KR_6636081658,420,-2,9,-35,-2,-4,0,4,1,5,4,6,9,3,-3,1,4,-2,0,2,0,0,-2,-3,9,6,3,0,0,-1,1,0,-1,3,1
KR_6761774859,440,-1,-18,-9,3,0,3,3,4,8,4,2,2,0,1,7,6,-4,1,5,-2,-3,-5,-2,5,3,1,0,0,1,1,-1,-1,3,1
KR_6776631877,420,-2,60,-16,-1,6,6,0,-4,0,4,-3,0,3,0,0,0,0,0,0,0,0,-10,-1,6,5,-2,0,0,1,1,-1,1,2,1
KR_6717770467,420,4,7,46,6,-1,1,2,8,8,0,1,2,1,-1,3,4,-1,1,2,0,8,-8,3,3,6,4,0,0,1,-1,0,1,4,1
KR_6771086873,420,0,16,-18,8,5,5,0,3,7,4,0,3,3,1,5,4,-1,1,2,0,9,21,4,2,6,-3,0,0,-1,-1,-1,-1,2,1
KR_6743273452,420,0,7,24,3,2,2,0,-2,6,8,2,3,1,-1,4,5,2,2,0,0,0,-9,1,5,6,6,0,0,1,-1,0,-1,5,1
KR_6774117233,420,2,79,32,7,-1,2,3,4,4,0,0,0,0,5,7,2,-1,0,1,1,13,-1,-2,3,1,-1,0,0,1,1,1,1,4,1
KR_6777290536,420,4,-1,-4,6,0,2,2,0,7,7,3,3,0,0,1,1,3,3,0,1,17,33,-4,8,4,1,0,1,-1,1,1,1,6,1
KR_6746988174,420,0,6,-24,1,3,3,0,2,2,0,-5,1,6,1,2,1,0,0,0,-1,4,0,-3,6,3,7,0,0,-1,1,-1,-1,6,1
KR_6709522036,420,0,-45,6,0,1,1,0,-3,1,4,1,3,2,1,4,3,0,2,2,0,-1,-7,3,7,10,1,0,0,-1,-1,0,-1,1,1
KR_6774713741,420,4,39,28,17,2,3,1,3,5,2,1,4,3,9,9,0,2,2,0,0,19,4,-2,12,10,2,0,0,0,0,1,1,0,1
KR_6763739904,420,-3,29,-26,4,1,1,0,-1,6,7,2,3,1,0,5,5,2,2,0,0,3,6,-1,9,8,-1,0,0,1,-1,0,-1,4,1
KR_6774731868,420,1,-42,-13,8,1,1,0,5,9,4,5,7,2,-4,4,8,1,2,1,1,11,3,1,6,7,-1,0,0,-1,-1,1,1,6,1
KR_6763452484,420,3,-43,19,10,0,3,3,0,4,4,-1,2,3,10,11,1,1,2,1,0,13,-43,2,4,6,-1,0,1,1,1,1,-1,2,1
KR_6772537666,420,0,59,-20,0,3,3,0,-2,4,6,0,4,4,2,6,4,-3,0,3,1,-1,8,3,6,9,-5,0,2,-1,1,1,1,3,1
KR_6772066629,440,1,68,-3,1,5,5,0,-4,0,4,3,4,1,-4,1,5,1,2,1,0,-7,-18,0,5,5,1,0,0,-1,1,1,-1,1,1
KR_6773550654,420,1,-69,28,-1,-2,0,2,-6,1,7,2,5,3,5,5,0,0,0,0,0,3,37,2,7,9,-8,0,-1,-1,1,-1,1,6,1
KR_6774102284,420,2,-3,18,0,3,3,0,-3,0,3,3,3,0,-3,0,3,0,0,0,0,-4,34,-3,5,2,-5,0,0,-1,-1,0,-1,3,1
KR_6720570288,420,4,32,36,8,0,2,2,1,3,2,6,6,0,0,5,5,1,2,1,0,8,32,1,7,8,-1,0,2,0,1,1,1,0,1
KR_6774459612,420,1,-18,-38,2,0,3,3,1,3,2,3,3,0,-2,0,2,0,0,0,0,1,-133,3,5,8,-8,0,0,1,-1,0,1,3,1
KR_6736263053,420,0,21,16,5,-4,0,4,3,6,3,1,3,2,5,6,1,0,1,1,0,13,-5,3,3,6,3,0,0,0,-1,1,1,0,1
KR_6761691896,420,0,-7,1,6,3,4,1,2,4,2,3,6,3,-3,0,3,1,1,0,0,5,-15,4,3,7,-4,0,1,1,-1,1,1,1,1
KR_6732710991,420,0,13,19,-6,-2,0,2,-1,1,2,-2,2,4,-1,0,1,0,0,0,0,-7,27,4,6,10,-5,0,0,1,1,0,-1,6,1
KR_6767224419,420,3,32,-1,4,-1,1,2,0,3,3,-2,0,2,5,5,0,2,2,0,0,3,17,0,7,7,1,0,2,-1,1,1,1,5,1
KR_6774650665,440,0,-34,4,-5,-1,4,5,0,4,4,-1,1,2,-5,0,5,2,5,3,0,-4,5,2,6,8,-7,0,0,0,-1,-1,-1,0,1
KR_6772713322,420,3,61,9,1,0,1,1,-2,2,4,3,5,2,0,4,4,0,1,1,0,-6,164,1,4,5,2,0,0,-1,1,1,1,4,1
KR_6772750944,420,-1,-22,3,-1,-2,1,3,-1,2,3,4,4,0,-3,0,3,1,1,0,0,-4,-10,-4,10,6,3,0,-1,1,-1,-1,-1,6,1
KR_6767645605,420,3,54,8,9,-3,0,3,1,2,1,4,4,0,7,7,0,0,2,2,0,9,5,1,6,7,3,0,0,1,1,1,1,4,1
KR_6733687405,420,2,24,16,4,-1,1,2,0,5,5,0,1,1,4,6,2,1,1,0,-1,1,-6,-1,6,5,1,0,1,-1,1,1,-1,6,1
KR_6777046035,420,6,33,13,17,3,3,0,3,4,1,6,7,1,4,8,4,1,3,2,0,14,6,-2,4,2,2,0,2,1,1,1,1,1,1
KR_6731473401,420,5,105,48,13,4,5,1,4,6,2,6,6,0,3,4,1,-4,0,4,2,19,-10,3,1,4,-3,0,0,1,1,1,1,5,1
KR_6764879564,420,3,31,10,0,0,2,2,-2,1,3,1,2,1,1,2,1,0,0,0,-1,3,-14,-1,9,8,11,0,-1,1,1,-1,-1,6,1
KR_6763681887,420,1,19,-4,4,4,4,0,-1,1,2,2,2,0,0,1,1,-1,0,1,0,-1,-19,-9,13,4,5,0,1,1,1,1,1,5,1
KR_6776390501,420,1,15,34,5,0,1,1,-1,2,3,2,4,2,3,5,2,1,1,0,0,9,-16,3,5,8,5,0,1,1,1,1,-1,1,1
KR_6763238626,420,1,39,9,-2,-1,1,2,3,5,2,-2,0,2,-1,3,4,-1,1,2,0,-3,11,5,1,6,-6,0,0,1,-1,-1,1,2,1
KR_6754790076,420,-2,55,10,-4,-1,5,6,2,3,1,0,1,1,-5,0,5,0,0,0,0,-7,3,-1,5,4,0,0,-1,1,1,-1,1,3,1
KR_6752404716,420,1,-19,7,-3,-1,3,4,-1,3,4,2,3,1,-1,2,3,-2,0,2,0,-6,16,4,8,12,1,0,2,1,1,1,-1,6,1
KR_6715387027,440,1,64,16,-6,0,3,3,-2,0,2,-2,2,4,-2,1,3,0,0,0,0,-5,-12,3,3,6,-32,0,1,1,-1,1,-1,1,1
KR_6776556518,440,-3,-21,-16,-6,1,2,1,4,6,2,0,0,0,-5,0,5,-6,0,6,-1,-1,1,-3,8,5,-1,0,0,1,-1,-1,-1,2,1
KR_6772478507,420,2,-22,41,-1,1,2,1,1,2,1,-4,2,6,0,3,3,1,2,1,0,7,38,3,3,6,-2,0,1,-1,1,1,1,6,1
KR_6729764148,420,3,89,15,5,4,4,0,-2,1,3,2,2,0,-1,2,3,2,2,0,0,1,-2,1,6,7,5,0,2,1,-1,1,1,1,1
KR_6771527442,420,2,38,-38,1,3,4,1,-6,0,6,5,5,0,-1,1,2,0,0,0,0,-2,2,0,4,4,2,0,0,-1,-1,1,1,3,1
KR_6745230674,420,-2,-26,-4,1,-2,0,2,0,5,5,-1,4,5,5,7,2,-1,0,1,-2,13,7,3,7,10,-4,0,-1,1,-1,-1,-1,2,1
KR_6773347298,420,0,-10,33,9,-1,1,2,2,3,1,1,6,5,7,9,2,0,2,2,2,16,3,1,6,7,2,0,1,1,1,1,1,1,1
KR_6773873124,440,-1,20,4,-6,-3,1,4,-4,0,4,3,4,1,-3,1,4,1,3,2,0,0,16,4,7,11,-1,0,1,1,-1,1,-1,4,1
KR_6758367117,420,5,34,-4,9,1,4,3,1,3,2,3,4,1,2,4,2,2,3,1,0,13,0,1,6,7,4,0,0,1,-1,1,1,5,1
KR_6758554439,420,1,22,-20,9,-3,1,4,2,6,4,4,4,0,4,4,0,2,3,1,1,11,16,2,3,5,-1,0,0,1,-1,1,1,4,1
KR_6693923547,420,3,-10,-6,0,-1,1,2,2,4,2,0,2,2,0,0,0,-1,0,1,0,-1,-69,2,4,6,-3,0,0,1,-1,0,1,1,1
KR_6758576061,420,-1,10,12,6,-2,0,2,-1,6,7,3,6,3,4,7,3,2,2,0,0,12,10,2,2,4,1,0,0,1,-1,0,1,6,1
KR_6745873244,420,1,9,4,1,-2,1,3,-1,2,3,1,4,3,2,3,1,1,3,2,2,7,-11,-6,8,2,0,0,-1,-1,-1,-1,1,4,1
KR_6774788970,420,0,-32,-8,5,3,5,2,3,6,3,0,3,3,-1,6,7,0,1,1,0,10,10,4,2,6,-2,0,-1,1,1,-1,1,2,1
KR_6774479832,420,2,-16,53,5,-1,1,2,6,7,1,2,4,2,-2,4,6,0,1,1,0,6,-48,8,5,13,9,0,1,1,1,1,-1,4,1
KR_6729356138,420,4,16,-15,7,4,4,0,0,2,2,5,7,2,-2,4,6,0,1,1,1,3,-17,2,5,7,3,0,-1,1,-1,-1,1,4,1
KR_6754549260,420,1,39,-9,4,1,1,0,-3,1,4,3,6,3,4,4,0,-1,1,2,0,11,-3,-3,6,3,2,0,0,-1,1,0,-1,6,1
KR_6742603967,420,4,119,28,3,0,4,4,0,2,2,0,3,3,2,2,0,1,2,1,1,9,10,4,3,7,0,0,3,1,1,1,1,1,1
KR_6661730963,420,7,113,48,18,6,6,0,3,6,3,4,6,2,4,4,0,1,1,0,2,14,5,2,4,6,0,0,3,1,1,1,1,2,1
KR_6776257100,420,1,22,9,2,4,5,1,0,3,3,1,2,1,-3,2,5,0,0,0,0,3,0,-4,8,4,2,0,-1,-1,1,-1,1,3,1
KR_6746196872,420,3,61,-5,8,2,4,2,-2,1,3,4,4,0,4,7,3,0,0,0,0,7,-5,3,5,8,4,0,2,1,-1,1,1,3,1
KR_6716424265,420,-2,-16,20,0,0,1,1,-3,3,6,3,5,2,-3,1,4,3,3,0,0,0,-4,-5,9,4,0,0,0,-1,1,0,1,5,1
KR_6769127782,420,0,19,3,-3,2,2,0,-1,3,4,-1,0,1,-2,2,4,-1,1,2,0,-2,-1,-3,6,3,0,0,0,1,1,0,1,5,1
KR_6745886505,440,0,-23,0,2,0,1,1,2,5,3,-2,0,2,0,3,3,2,2,0,-1,0,9,0,9,9,-2,0,-1,1,1,-1,-1,1,1
KR_6758416599,420,-1,59,12,-5,-5,0,5,-4,2,6,0,2,2,4,4,0,0,0,0,0,0,9,-2,10,8,0,0,0,1,-1,-1,1,6,1
KR_6760925373,420,3,35,39,6,3,3,0,-4,1,5,6,8,2,-2,1,3,3,4,1,0,4,-4,-1,7,6,-2,0,0,1,1,1,1,1,1
KR_6773346944,420,-1,-46,-29,3,-1,1,2,-2,2,4,2,3,1,3,4,1,1,3,2,0,7,-2,1,5,6,1,0,0,0,1,-1,1,0,1
KR_6772840705,420,3,5,9,6,0,2,2,4,6,2,1,1,0,2,2,0,-1,0,1,0,7,-34,2,4,6,28,0,1,-1,1,1,1,2,1
KR_6700954998,420,4,33,8,9,1,2,1,3,5,2,-1,4,5,4,4,0,2,4,2,1,4,20,2,6,8,0,0,3,1,1,1,1,2,1
KR_6770025413,420,0,-61,28,-4,1,3,2,-1,6,7,-3,2,5,0,3,3,-1,0,1,-2,-13,-18,3,3,6,0,0,-1,-1,1,-1,-1,3,1
KR_6762741660,420,-2,-42,-6,-1,5,6,1,-3,0,3,-5,0,5,5,7,2,-3,1,4,0,5,9,4,6,10,-6,0,2,-1,1,1,-1,4,1
KR_6661863831,420,4,17,14,7,0,0,0,2,4,2,4,6,2,1,3,2,0,0,0,0,5,56,6,9,15,-6,0,0,1,1,0,-1,5,1
KR_6666112631,420,5,122,7,13,0,2,2,7,8,1,3,4,1,5,5,0,-2,0,2,0,19,356,2,5,7,4,0,3,1,1,1,1,3,1
KR_6770558016,420,3,2,-9,8,4,5,1,-2,1,3,3,4,1,3,4,1,0,0,0,0,19,-10,0,3,3,5,0,0,1,-1,0,-1,6,1
KR_6776738953,420,5,51,21,0,-6,1,7,1,2,1,-3,3,6,4,6,2,4,6,2,1,7,-6,10,2,12,-8,0,1,1,1,1,1,5,1
KR_6773659480,440,4,61,-3,5,5,5,0,-1,3,4,0,0,0,-4,0,4,5,7,2,0,6,99,-7,11,4,5,0,2,1,1,1,1,6,1
KR_6692077335,420,0,19,8,-4,2,4,2,1,1,0,-2,1,3,-4,0,4,-1,0,1,0,-11,26,2,8,10,-3,0,0,-1,1,0,-1,2,1
KR_6768412890,440,2,-6,-12,10,4,6,2,4,4,0,-5,0,5,6,8,2,1,3,2,0,7,8,4,3,7,-2,0,0,-1,1,1,1,3,1
KR_6766053401,420,6,83,28,9,9,11,2,-1,2,3,-1,0,1,1,4,3,1,2,1,0,-8,178,4,4,8,-3,0,2,-1,1,1,1,3,1
KR_6777060453,420,-1,8,-9,3,0,3,3,2,4,2,-1,1,2,1,1,0,1,3,2,0,5,121,2,5,7,0,0,-1,-1,-1,1,1,6,1
KR_6756022141,420,3,15,12,12,3,5,2,0,4,4,5,7,2,2,5,3,2,3,1,2,20,-2,3,3,6,1,0,1,1,1,1,1,3,1
KR_6687067805,420,4,-15,63,6,-1,0,1,1,3,2,6,8,2,0,3,3,0,2,2,0,8,50,2,6,8,3,0,0,1,1,1,-1,4,1
KR_6772234301,440,-1,-24,-8,-4,-1,1,2,1,1,0,-4,3,7,-1,2,3,1,1,0,0,-5,-4,-2,6,4,3,0,1,1,0,1,-1,5,1
KR_6769965774,420,1,73,14,-5,0,1,1,-3,2,5,-4,0,4,2,2,0,0,0,0,0,-2,-18,-2,9,7,1,0,2,-1,1,1,-1,2,1
KR_6752475511,420,1,-10,-4,8,4,4,0,-3,2,5,5,6,1,0,4,4,2,4,2,0,8,169,2,4,6,1,0,0,0,0,-1,1,0,1
KR_6776132858,420,0,-22,-8,7,0,1,1,4,4,0,2,4,2,-1,0,1,2,5,3,0,8,18,-2,5,3,-6,0,-1,1,1,-1,1,4,1
KR_6771770296,420,2,-30,42,3,-2,0,2,5,6,1,4,4,0,0,3,3,-4,0,4,-1,4,-255,-1,5,4,2,0,-1,1,-1,-1,-1,3,1
KR_6771735736,420,0,6,7,0,4,4,0,0,1,1,1,3,2,-2,0,2,-3,0,3,0,-2,-6,0,6,6,-2,0,0,-1,1,0,-1,5,1
KR_6774394382,420,-1,3,-33,0,-1,2,3,2,2,0,1,1,0,-2,1,3,0,1,1,0,3,4,-3,6,3,7,0,0,-1,1,0,1,3,1
KR_6774142160,420,4,25,-6,9,7,7,0,7,8,1,-3,0,3,0,1,1,-2,0,2,0,1,16,3,5,8,-4,0,2,-1,1,1,-1,4,1
KR_6773440007,420,2,66,-14,4,-2,2,4,4,6,2,2,6,4,0,3,3,0,0,0,-1,2,11,1,6,7,2,0,2,1,1,1,-1,4,1
KR_6766080883,420,2,14,9,0,1,3,2,0,4,4,-1,1,2,0,0,0,0,1,1,0,-3,3,-3,6,3,4,0,0,-1,-1,0,-1,6,1
KR_6717726203,420,3,76,-12,10,4,4,0,-1,3,4,5,5,0,4,5,1,-2,0,2,-1,2,1,0,6,6,-1,0,1,1,1,1,-1,1,1
KR_6772168327,420,0,42,9,-3,-1,0,1,-2,3,5,1,1,0,-1,3,4,0,0,0,0,-3,1,2,8,10,0,0,0,-1,-1,0,-1,2,1
KR_6772527183,420,4,68,24,-1,0,2,2,0,3,3,2,5,3,-3,0,3,0,0,0,0,-8,39,2,4,6,-13,0,1,-1,1,1,1,2,1
KR_6687738565,420,2,33,-9,12,1,3,2,5,6,1,1,2,1,4,6,2,1,1,0,0,27,-36,-6,10,4,2,0,2,-1,1,1,1,5,1
KR_6772522943,420,0,14,2,5,10,10,0,0,4,4,-1,0,1,-4,0,4,0,0,0,0,-1,10,6,3,9,-1,0,1,-1,-1,1,1,5,1
KR_6756978114,420,3,29,10,8,3,5,2,2,4,2,2,6,4,3,5,2,-2,0,2,0,7,-5,-2,9,7,-1,0,2,1,-1,1,1,2,1
KR_6769430167,420,4,28,24,11,3,4,1,5,8,3,0,3,3,1,3,2,2,5,3,0,11,19,-3,8,5,-2,0,1,1,1,1,1,4,1
KR_6686374982,420,3,57,-12,8,-1,1,2,4,4,0,0,0,0,2,6,4,3,3,0,0,9,-38,6,5,11,2,0,1,1,-1,1,1,4,1
KR_6770491489,440,0,-57,6,9,2,3,1,-1,3,4,3,3,0,2,3,1,3,4,1,-2,6,-2,-3,10,7,3,0,0,-1,-1,0,-1,4,1
KR_6653002655,420,3,59,20,5,2,4,2,1,5,4,-2,0,2,4,4,0,0,0,0,-1,3,2,3,5,8,3,0,2,-1,1,1,-1,2,1
KR_6768401958,440,4,17,23,3,-2,1,3,-2,1,3,1,2,1,5,5,0,1,1,0,1,10,-8,5,2,7,6,0,-1,1,-1,-1,1,5,1
KR_6771882701,420,3,2,25,6,3,5,2,4,6,2,-2,0,2,1,3,2,0,1,1,-1,-1,-3,3,3,6,3,0,1,1,1,1,-1,2,1
KR_6770053610,420,-1,0,0,3,-1,3,4,0,1,1,5,7,2,0,3,3,-1,0,1,0,10,-8,-3,9,6,-4,0,0,1,-1,0,-1,1,1
KR_6767343346,420,-3,17,0,-6,0,1,1,-1,2,3,0,2,2,-3,2,5,-2,0,2,0,-8,19,-3,10,7,-2,0,-1,-1,1,-1,-1,2,1
KR_6764143228,420,3,85,20,1,3,3,0,-1,3,4,0,0,0,0,1,1,-1,2,3,0,-2,9,7,3,10,-2,0,0,1,1,0,1,2,1
KR_6775364902,420,5,21,9,9,4,5,1,0,2,2,1,2,1,4,5,1,0,1,1,0,1,7,-2,7,5,3,0,2,1,1,1,-1,5,1
KR_6734700839,420,10,184,26,11,1,2,1,7,8,1,2,2,0,-1,2,3,2,3,1,0,10,32,1,3,4,1,0,4,1,1,1,1,6,1
KR_6722145802,420,5,69,20,15,4,4,0,-2,2,4,4,4,0,5,5,0,4,5,1,0,10,25,6,2,8,2,0,3,1,1,1,-1,3,1
KR_6683338611,420,3,87,8,6,1,1,0,5,9,4,-2,1,3,2,2,0,0,0,0,0,16,-38,1,6,7,3,0,0,-1,-1,0,-1,4,1
KR_6776157135,420,1,11,-17,8,-1,1,2,2,4,2,5,5,0,1,2,1,1,1,0,0,8,-22,2,5,7,-5,0,0,1,-1,0,-1,3,1
KR_6776142172,440,-1,21,-35,-1,-2,2,4,-2,0,2,-1,2,3,4,9,5,0,2,2,0,10,2,1,3,4,0,0,0,1,-1,0,-1,3,1
KR_6774615863,420,0,-42,-16,-1,2,2,0,-2,2,4,1,1,0,-2,1,3,0,0,0,-1,-6,-3,5,5,10,-6,0,1,-1,1,1,-1,2,1
KR_6774166939,420,3,56,-4,9,-3,2,5,2,3,1,4,4,0,8,9,1,-2,1,3,0,12,-5,0,6,6,2,0,0,1,-1,-1,-1,2,1
KR_6762254090,420,3,18,42,3,4,4,0,2,4,2,0,1,1,-2,0,2,-1,1,2,0,-4,7,0,9,9,0,0,0,-1,1,1,1,5,1
KR_6756335859,420,1,52,16,2,-6,0,6,0,1,1,2,3,1,6,7,1,0,0,0,0,4,-1,2,7,9,2,0,0,1,-1,1,1,6,1
KR_6775717305,420,-1,-46,24,1,-2,0,2,1,8,7,-2,4,6,4,4,0,0,3,3,1,3,-33,2,8,10,2,0,0,1,1,1,1,2,1
KR_6751950141,420,2,32,6,6,1,1,0,-5,1,6,8,10,2,4,4,0,-2,0,2,0,0,-1,-2,5,3,6,0,0,1,1,0,1,2,1
KR_6771184216,440,-2,-13,-10,-4,1,3,2,0,1,1,-6,0,6,3,3,0,-2,1,3,0,-5,-1,-6,7,1,-3,0,0,-1,0,-1,1,4,1
KR_6777863918,420,-2,10,11,-3,-3,0,3,-3,0,3,3,4,1,1,3,2,-1,0,1,1,-1,-6,-2,6,4,2,0,0,-1,1,1,1,5,1
KR_6696830660,420,2,46,-6,4,3,3,0,-3,1,4,-1,1,2,5,5,0,0,2,2,0,6,9,2,2,4,11,0,3,-1,1,1,1,2,1
KR_6745294605,420,3,45,-25,9,-2,2,4,1,2,1,3,3,0,5,7,2,2,5,3,0,18,8,0,8,8,2,0,4,-1,1,1,1,2,1
KR_6770775048,420,1,-46,-6,5,2,3,1,3,5,2,-2,2,4,-1,0,1,3,4,1,0,8,-2,-2,7,5,4,0,1,-1,1,1,-1,1,1
KR_6757154919,420,3,67,21,8,3,6,3,-2,6,8,3,7,4,4,4,0,0,2,2,0,0,5,-2,10,8,7,0,2,1,-1,1,-1,4,1
KR_6776250983,440,12,186,64,23,8,8,0,0,3,3,4,5,1,11,11,0,0,1,1,0,24,15,-3,12,9,1,0,4,1,1,1,1,5,1
KR_6773890139,420,3,-5,20,8,3,4,1,-4,3,7,4,6,2,4,5,1,1,2,1,0,9,17,3,6,9,0,0,0,1,-1,-1,-1,4,1
KR_6767549573,420,3,29,-4,12,6,8,2,2,4,2,-4,1,5,4,5,1,4,4,0,0,15,40,3,7,10,-3,0,2,1,1,1,1,1,1
KR_6755202702,440,-1,-15,-9,3,-3,1,4,3,4,1,2,4,2,1,1,0,0,1,1,0,7,-9,-3,6,3,2,0,0,1,1,0,-1,2,1
KR_6770578516,420,6,9,75,11,-3,1,4,7,9,2,8,11,3,3,5,2,-4,1,5,-1,23,-2,4,5,9,4,0,2,1,1,1,-1,6,1
KR_6716458425,420,-1,-1,-2,1,3,4,1,-3,1,4,2,2,0,-1,1,2,0,0,0,0,1,-2,-6,10,4,4,0,0,1,-1,-1,-1,2,1
KR_6698569939,420,2,-22,-16,7,6,6,0,0,6,6,-3,2,5,4,4,0,0,0,0,0,19,21,0,7,7,5,0,0,-1,-1,0,-1,3,1
KR_6765352160,420,2,95,-2,12,2,3,1,1,2,1,-2,1,3,9,10,1,2,2,0,1,21,8,1,7,8,7,0,2,1,1,1,1,4,1
KR_6768113017,420,3,7,22,8,5,6,1,1,5,4,-1,1,2,3,4,1,0,0,0,1,4,-23,4,3,7,0,0,2,1,-1,1,1,2,1
KR_6704806026,420,-1,32,-22,0,-2,0,2,2,5,3,-5,0,5,5,6,1,0,1,1,0,4,-1,-1,7,6,0,0,2,1,-1,1,-1,6,1
KR_6774548897,420,0,-25,-13,5,-3,1,4,-2,2,4,8,8,0,0,1,1,2,4,2,0,3,-52,-1,8,7,2,0,-1,1,-1,-1,1,3,1
KR_6765584419,420,1,20,-4,8,-1,1,2,4,4,0,3,4,1,5,6,1,-3,1,4,1,18,-34,2,7,9,-3,0,2,-1,1,1,1,5,1
KR_6743267095,420,3,80,-1,2,7,7,0,-3,2,5,-6,3,9,4,4,0,0,1,1,1,4,0,5,2,7,0,0,2,-1,1,1,1,2,1
KR_6777864088,440,-1,21,-15,7,-1,3,4,1,1,0,-2,3,5,5,6,1,4,5,1,0,13,39,-5,9,4,-17,0,0,-1,0,-1,1,4,1
KR_6764405334,420,1,58,16,-1,-3,0,3,3,4,1,2,4,2,-1,2,3,-2,0,2,0,-3,-35,2,5,7,4,0,0,1,1,1,1,2,1
KR_6775197955,420,0,-26,-21,3,0,2,2,3,4,1,3,3,0,0,2,2,-3,2,5,0,5,-21,-4,11,7,14,0,0,1,-1,0,1,1,1
KR_6684314187,420,1,25,19,2,-2,0,2,2,2,0,-1,0,1,0,0,0,3,3,0,0,5,10,-4,10,6,-2,0,0,1,1,0,1,1,1
KR_6772357595,420,4,55,32,7,1,3,2,4,6,2,0,3,3,2,4,2,0,0,0,0,6,31,0,6,6,1,0,0,1,1,1,-1,6,1
KR_6775274897,420,0,34,-44,-4,-2,2,4,-1,3,4,-3,0,3,2,5,3,0,1,1,0,-2,2,0,6,6,2,0,0,-1,-1,1,1,4,1
KR_6737340538,420,0,-25,-21,1,2,4,2,-3,3,6,0,2,2,0,0,0,2,2,0,0,-5,-125,2,3,5,0,0,1,-1,1,1,-1,5,1
KR_6679627525,420,1,7,-24,-2,3,4,1,2,3,1,-1,1,2,-3,1,4,-3,1,4,-1,-3,28,-1,5,4,0,0,1,-1,1,1,-1,3,1
KR_6733254058,420,3,-19,39,6,3,6,3,0,5,5,2,2,0,0,3,3,1,3,2,-1,6,-6,3,3,6,-4,0,0,1,1,-1,-1,5,1
KR_6771968747,420,3,19,-9,7,2,3,1,4,4,0,-1,0,1,2,3,1,0,0,0,1,10,-2,-2,8,6,3,0,1,-1,1,1,-1,4,1
KR_6770706646,420,3,-3,27,4,-1,0,1,0,0,0,4,4,0,1,2,1,0,0,0,0,4,-4,1,4,5,4,0,0,1,1,1,-1,4,1
KR_6775459517,420,-2,34,12,-6,-4,0,4,-2,5,7,1,4,3,0,2,2,-1,1,2,0,-3,12,0,5,5,0,0,0,1,-1,0,-1,1,1
KR_6737543195,420,0,5,-12,4,3,5,2,0,3,3,1,5,4,0,1,1,0,1,1,0,11,247,-4,8,4,2,0,2,-1,1,1,1,2,1
KR_6768085322,420,0,31,3,1,0,2,2,2,4,2,-1,1,2,2,4,2,-2,0,2,1,8,-19,3,5,8,2,0,0,1,-1,0,1,6,1
KR_6765237526,420,10,118,16,20,1,1,0,10,10,0,1,3,2,4,5,1,4,4,0,0,25,44,6,1,7,-6,0,4,0,1,1,1,0,1
KR_6771517715,420,2,42,8,3,1,2,1,3,5,2,-3,1,4,1,4,3,1,1,0,0,-5,17,-4,10,6,-3,0,0,1,-1,0,1,3,1
KR_6761096031,420,2,22,15,2,0,2,2,2,7,5,0,0,0,3,3,0,-3,1,4,0,0,-1,3,5,8,-3,0,1,1,1,1,-1,3,1
KR_6772907381,420,4,37,20,7,0,2,2,1,1,0,2,3,1,4,4,0,0,0,0,0,4,9,-2,9,7,0,0,2,1,-1,1,1,4,1
KR_6767345184,440,1,22,-17,8,3,3,0,2,3,1,2,5,3,2,6,4,-1,5,6,2,13,15,5,4,9,-5,0,-1,1,-1,-1,1,6,1
KR_6774040927,420,1,-34,18,1,0,1,1,-3,2,5,0,1,1,2,5,3,2,3,1,0,2,10,2,5,7,-4,0,0,-1,1,0,-1,3,1
KR_6774307157,420,3,61,17,6,-2,3,5,5,8,3,0,1,1,3,3,0,0,2,2,0,12,-3,4,7,11,0,0,0,1,-1,-1,1,3,1
KR_6749324420,420,-1,-49,11,1,2,3,1,-2,0,2,-1,0,1,2,3,1,0,0,0,0,2,-56,-1,7,6,32,0,-1,1,-1,-1,-1,4,1
KR_6776082731,420,1,17,27,0,2,2,0,3,5,2,0,1,1,-4,0,4,-1,0,1,0,-5,-16,-1,7,6,3,0,0,-1,1,0,-1,6,1
KR_6763534837,420,1,3,9,5,3,4,1,3,5,2,1,3,2,-2,0,2,0,1,1,0,7,13,-5,8,3,3,0,2,-1,1,1,-1,1,1
KR_6775991269,420,3,38,20,4,2,3,1,7,9,2,-4,0,4,-1,2,3,0,0,0,0,4,2,3,4,7,2,0,0,1,-1,0,1,6,1
KR_6755083800,420,1,-8,-7,2,1,1,0,-3,2,5,3,5,2,1,5,4,0,0,0,0,6,-19,-3,9,6,4,0,0,-1,1,0,-1,5,1
KR_6741591667,420,1,73,-7,-1,0,2,2,4,6,2,-1,2,3,-2,0,2,-2,0,2,0,1,-42,1,7,8,1,0,0,-1,-1,0,-1,6,1
KR_6770508936,420,1,-55,12,-2,0,2,2,-2,5,7,2,3,1,-3,1,4,1,1,0,0,-13,22,-2,5,3,0,0,0,-1,-1,-1,-1,1,1
KR_6774119081,420,2,49,-10,5,4,5,1,3,5,2,1,3,2,4,5,1,-7,0,7,3,6,-23,-2,5,3,6,0,1,0,-1,1,1,0,1
KR_6760769089,440,5,109,8,6,1,3,2,1,3,2,0,2,2,2,3,1,2,2,0,0,10,1,4,4,8,3,0,0,1,-1,1,1,4,1
KR_6773895209,420,-1,44,3,0,-1,2,3,2,6,4,1,5,4,-2,0,2,0,1,1,0,-9,-40,3,4,7,1,0,0,1,1,1,1,4,1
KR_6775180874,420,10,155,60,17,3,4,1,6,8,2,0,1,1,5,6,1,3,3,0,1,23,-9,3,4,7,2,0,4,1,1,1,1,5,1
KR_6758416810,420,4,120,8,10,0,1,1,0,3,3,3,3,0,10,10,0,-3,1,4,1,10,44,-1,6,5,-21,0,1,1,-1,1,1,4,1
KR_6717687183,420,3,14,5,11,0,2,2,6,7,1,-2,1,3,5,6,1,2,4,2,0,10,-116,-1,8,7,-7,0,1,-1,1,1,-1,5,1
KR_6747106947,420,1,70,-9,8,-2,0,2,2,2,0,1,2,1,7,8,1,0,0,0,0,12,-4,-4,10,6,6,0,2,-1,-1,1,1,5,1
KR_6767606122,420,1,21,-4,5,3,3,0,1,3,2,-1,0,1,1,5,4,1,1,0,0,3,-12,0,6,6,3,0,1,1,1,1,1,4,1
KR_6674252393,420,6,96,1,8,1,3,2,-3,3,6,4,4,0,6,8,2,0,0,0,0,7,-10,4,4,8,-2,0,3,-1,1,1,1,4,1
KR_6777835702,420,0,5,-4,-4,2,3,1,-5,1,6,-5,4,9,4,6,2,0,1,1,0,3,10,1,6,7,-6,0,-1,-1,-1,-1,-1,6,1
KR_6775344346,420,3,100,-2,10,4,5,1,5,7,2,0,6,6,0,2,2,1,2,1,0,19,-9,3,10,13,3,0,1,1,1,1,1,4,1
KR_6746115457,420,5,26,29,6,-4,0,4,3,5,2,7,7,0,-1,2,3,1,2,1,0,8,18,0,5,5,0,0,0,1,-1,1,-1,3,1
KR_6775007128,420,4,42,-17,9,4,4,0,-1,2,3,2,2,0,5,6,1,-1,1,2,-1,7,-24,5,6,11,0,0,-2,1,1,-1,-1,1,1
KR_6762071731,420,2,14,17,1,3,6,3,-1,1,2,-3,1,4,2,3,1,0,1,1,0,2,-18,0,4,4,1,0,0,1,-1,-1,-1,3,1
KR_6766011694,440,3,-1,-4,6,3,8,5,4,5,1,-2,1,3,0,1,1,1,3,2,0,5,-1,3,2,5,6,0,0,-1,0,0,1,2,1
KR_6762324700,420,4,32,51,6,1,2,1,3,5,2,-1,0,1,1,3,2,2,2,0,0,4,9,0,3,3,0,0,5,1,1,1,1,2,1
KR_6776908858,420,1,-61,4,-3,3,5,2,-4,1,5,-2,0,2,1,2,1,-1,1,2,0,-10,-11,-5,11,6,2,0,-2,-1,1,-1,-1,4,1
KR_6777223666,420,1,11,-4,4,0,2,2,2,5,3,0,2,2,2,4,2,0,0,0,0,0,-37,0,6,6,0,0,-1,1,-1,-1,1,3,1
KR_6693650787,420,1,-10,-24,5,2,3,1,-1,1,2,-1,1,2,4,6,2,1,2,1,0,0,1,-1,8,7,-3,0,-1,-1,-1,-1,-1,2,1
KR_6769425863,440,4,25,0,11,-3,0,3,10,10,0,0,4,4,7,8,1,-3,3,6,1,9,-8,-3,6,3,4,0,1,-1,-1,1,-1,2,1
KR_6769548692,420,-1,-36,12,-1,1,2,1,6,9,3,-1,1,2,-2,1,3,-5,2,7,0,-1,6,3,6,9,-5,0,0,-1,1,0,-1,5,1
KR_6773995018,420,1,7,2,4,4,6,2,0,2,2,-1,2,3,1,2,1,0,1,1,0,5,-12,0,6,6,4,0,1,1,-1,1,-1,3,1
KR_6766693947,440,0,-21,4,9,-2,0,2,1,4,3,9,12,3,2,5,3,-1,1,2,0,9,-21,-5,7,2,6,0,0,1,1,1,1,4,1
KR_6774851009,420,-1,0,-4,4,2,3,1,-3,1,4,2,3,1,3,5,2,0,0,0,0,10,-4,1,4,5,3,0,-1,1,-1,-1,1,3,1
KR_6774531095,420,0,23,-20,4,3,4,1,-1,3,4,3,4,1,1,2,1,-2,0,2,0,3,5,3,7,10,-3,0,0,-1,1,0,-1,2,1
KR_6775447424,420,2,16,31,1,6,7,1,2,4,2,0,2,2,-7,0,7,0,0,0,0,-12,-31,2,8,10,-1,0,0,1,-1,-1,1,1,1
KR_6758686111,420,1,3,2,4,4,4,0,0,2,2,0,1,1,0,1,1,0,0,0,0,7,-21,3,7,10,-2,0,0,0,1,0,1,0,1
KR_6716734396,420,3,21,24,8,1,1,0,2,4,2,7,7,0,-2,1,3,0,0,0,0,8,11,1,7,8,6,0,2,1,1,1,1,1,1
KR_6674037858,420,-2,-28,-5,-3,0,2,2,4,7,3,-1,0,1,-5,0,5,-1,1,2,1,0,3,-1,5,4,1,0,2,-1,1,1,1,6,1
KR_6774462539,420,1,3,-20,5,1,2,1,0,2,2,3,4,1,1,2,1,0,0,0,0,7,10,4,3,7,-3,0,1,1,1,1,-1,6,1
KR_6773539942,420,-1,26,-7,1,1,3,2,0,3,3,-2,1,3,3,4,1,-1,0,1,0,-5,-34,1,6,7,3,0,1,-1,1,1,1,6,1
KR_6776642204,420,6,49,12,5,2,5,3,1,3,2,2,2,0,-1,1,2,1,4,3,0,7,-1,1,6,7,4,0,3,1,-1,1,-1,2,1
KR_6776587361,420,2,84,-22,11,3,3,0,-1,1,2,2,2,0,7,10,3,0,2,2,3,18,-49,-3,7,4,7,0,1,1,-1,1,1,2,1
KR_6775717182,420,7,43,48,12,0,1,1,1,1,0,4,4,0,3,4,1,4,4,0,0,11,12,5,2,7,1,0,1,1,1,1,1,2,1
KR_6764235127,420,1,4,12,12,2,3,1,7,7,0,-3,1,4,5,7,2,1,2,1,0,9,-8,-1,6,5,4,0,2,1,1,1,1,5,1
KR_6774380413,420,5,28,-7,15,4,4,0,5,5,0,0,0,0,4,4,0,2,2,0,0,12,4,2,3,5,-5,0,2,1,1,1,1,1,1
KR_6772753925,420,3,10,3,1,2,3,1,4,4,0,0,1,1,-6,2,8,1,1,0,0,-1,-27,-5,8,3,2,0,-1,1,1,-1,-1,5,1
KR_6716590606,420,5,35,33,15,2,3,1,3,5,2,5,6,1,3,6,3,2,4,2,3,21,-1,1,7,8,-1,0,0,1,1,1,1,1,1
KR_6777508248,420,-4,-59,-13,-1,-2,1,3,3,4,1,-3,1,4,0,1,1,1,2,1,0,-4,-2,-1,7,6,-3,0,0,-1,1,-1,1,5,1
KR_6739266299,420,4,12,28,13,1,2,1,1,6,5,6,7,1,5,7,2,0,1,1,2,13,12,7,6,13,-6,0,2,1,-1,1,1,2,1
KR_6714098755,420,3,79,31,-1,0,3,3,-2,0,2,5,5,0,-4,1,5,0,0,0,0,-17,-21,3,6,9,-3,0,1,1,1,1,-1,6,1
KR_6693360655,420,2,80,3,3,-2,0,2,-1,4,5,1,2,1,4,5,1,1,2,1,0,5,-6,-6,11,5,7,0,0,1,-1,-1,-1,1,1
KR_6763441167,420,4,61,11,2,2,2,0,-6,0,6,-4,1,5,4,5,1,6,6,0,-1,-3,1,-4,6,2,0,0,3,-1,1,1,-1,2,1
KR_6774217782,420,-2,-10,9,-3,-1,2,3,-2,2,4,2,4,2,0,3,3,-2,1,3,-2,-10,-9,-2,5,3,-1,0,0,-1,1,-1,-1,2,1
KR_6774119920,420,-1,10,-16,2,1,1,0,0,7,7,0,1,1,-3,1,4,4,4,0,0,1,7,3,4,7,-2,0,1,1,1,1,1,2,1
KR_6749119154,420,2,94,19,-3,2,3,1,-3,2,5,-2,3,5,1,1,0,-1,0,1,0,-3,3,0,5,5,-1,0,1,-1,1,1,-1,3,1
KR_6707678926,420,1,7,-16,-1,0,1,1,-3,2,5,1,3,2,0,4,4,1,1,0,0,1,-2,0,8,8,1,0,0,1,-1,0,-1,3,1
KR_6767613590,420,0,-32,12,0,-2,1,3,-3,0,3,1,2,1,2,2,0,2,2,0,0,1,0,-2,7,5,1,0,-1,1,-1,-1,1,1,1
KR_6768519041,420,2,-18,-24,11,2,3,1,4,7,3,3,5,2,4,5,1,-2,0,2,0,10,4,5,3,8,-4,0,1,1,1,1,1,5,1
KR_6774972250,420,0,41,-64,3,1,2,1,1,3,2,-1,1,2,3,4,1,-1,0,1,-1,1,-7,-1,9,8,1,0,1,-1,1,1,-1,2,1
KR_6767475945,420,2,15,20,8,0,1,1,2,3,1,2,7,5,4,5,1,0,0,0,0,10,6,5,6,11,-4,0,0,1,1,1,1,3,1
KR_6767745652,420,0,3,-7,5,0,1,1,-2,2,4,-1,0,1,7,8,1,1,1,0,0,7,-295,5,4,9,-2,0,0,1,-1,0,1,3,1
KR_6769911970,420,1,-4,5,6,-1,1,2,0,3,3,2,2,0,4,6,2,1,1,0,0,5,-167,-2,6,4,5,0,-1,-1,-1,-1,1,4,1
KR_6754213462,420,2,2,36,-2,3,5,2,-3,2,5,-1,3,4,-3,2,5,2,3,1,0,1,-20,-2,9,7,1,0,0,-1,1,1,-1,1,1
KR_6753149113,420,2,-14,19,8,-5,1,6,3,4,1,5,5,0,4,6,2,1,2,1,0,20,-24,-3,10,7,2,0,0,0,1,1,1,0,1
KR_6765230525,420,5,15,23,13,3,4,1,2,4,2,4,7,3,5,7,2,-1,1,2,0,20,115,-2,9,7,2,0,1,1,1,1,1,1,1
KR_6694411936,420,2,7,32,11,-1,3,4,9,11,2,0,2,2,3,5,2,0,0,0,3,12,2,4,6,10,5,0,0,-1,1,0,-1,5,1
KR_6772351860,420,6,2,49,13,10,10,0,3,5,2,1,3,2,-2,3,5,1,1,0,0,15,12,1,6,7,-2,0,4,1,1,1,1,1,1
KR_6775368697,420,-2,9,-25,-5,1,1,0,3,6,3,0,2,2,-3,3,6,-6,2,8,-1,-5,-10,1,7,8,-3,0,0,-1,-1,-1,-1,2,1
KR_6776131052,420,3,71,-12,2,2,2,0,-4,2,6,-2,0,2,4,5,1,2,3,1,0,7,22,2,7,9,-19,0,0,-1,-1,0,1,3,1
KR_6775132326,420,-1,15,-48,1,1,2,1,-2,7,9,2,3,1,1,3,2,-1,1,2,0,-1,-3,-2,5,3,3,0,1,-1,1,1,1,4,1
KR_6768232093,440,1,32,-20,6,-2,1,3,0,1,1,3,5,2,0,1,1,5,5,0,1,5,5,0,4,4,3,0,1,-1,1,1,1,5,1
KR_6732150568,420,2,14,6,4,-1,0,1,-2,1,3,2,5,3,5,11,6,0,1,1,0,2,27,-1,9,8,8,0,3,1,1,1,-1,1,1
KR_6777206508,420,0,59,9,-2,2,3,1,-3,1,4,-1,1,2,2,6,4,-2,1,3,0,-8,-11,-1,8,7,2,0,0,1,-1,1,-1,5,1
KR_6777267012,420,0,-15,-11,0,1,1,0,-3,2,5,0,2,2,2,4,2,0,1,1,0,7,-2,-3,8,5,-3,0,-1,-1,-1,-1,1,2,1
KR_6777204990,440,6,22,29,10,3,3,0,-3,4,7,1,5,4,5,5,0,4,5,1,0,15,10,1,3,4,-4,0,2,1,1,1,-1,5,1
KR_6774254445,420,4,2,-36,14,3,3,0,2,5,3,2,2,0,-1,2,3,8,9,1,0,8,-8,1,4,5,6,0,0,1,1,1,1,2,1
KR_6774609522,420,5,32,8,12,-1,2,3,4,5,1,3,7,4,2,2,0,4,4,0,0,8,8,-1,5,4,1,0,3,1,1,1,1,2,1
KR_6674152605,420,1,-13,-16,5,0,1,1,3,3,0,2,4,2,1,2,1,-1,1,2,-1,9,7,4,7,11,-9,0,-1,-1,-1,-1,-1,5,1
KR_6777005755,420,4,112,-14,12,1,2,1,2,6,4,1,3,2,6,12,6,2,2,0,1,18,3,1,7,8,4,0,0,1,-1,0,1,2,1
KR_6760064286,420,0,36,3,4,-1,1,2,0,4,4,5,5,0,2,3,1,-2,0,2,0,-2,-22,-5,9,4,5,0,1,1,1,1,1,3,1
KR_6771946752,420,5,21,12,5,0,1,1,0,2,2,1,3,2,5,8,3,-1,0,1,0,5,-3,4,5,9,-2,0,1,1,1,1,-1,6,1
KR_6772900332,420,1,37,9,4,-2,0,2,-1,1,2,7,8,1,2,3,1,-2,0,2,0,4,-30,10,3,13,0,0,0,-1,-1,0,1,6,1
KR_6743936956,420,3,-36,12,11,7,7,0,5,5,0,0,2,2,0,1,1,-1,1,2,0,17,4,3,6,9,2,0,0,-1,1,1,1,2,1
KR_6773441206,440,3,52,21,4,3,3,0,0,1,1,-1,2,3,-1,3,4,3,5,2,1,4,-34,2,2,4,34,0,0,0,1,0,1,0,1
KR_6682648826,440,-2,-89,-4,0,-5,1,6,7,7,0,-2,0,2,0,3,3,0,1,1,0,8,5,1,8,9,0,0,1,-1,1,1,-1,4,1
KR_6742604174,420,3,70,33,8,5,5,0,0,3,3,3,3,0,-1,3,4,1,2,1,1,8,-8,6,5,11,3,0,1,1,1,1,1,3,1
KR_6671326760,420,5,36,-25,10,3,3,0,2,4,2,-4,0,4,7,7,0,2,2,0,0,8,3,-1,9,8,-1,0,1,1,-1,1,1,1,1
KR_6745713949,420,-1,-35,-1,1,0,3,3,3,6,3,0,4,4,-3,5,8,1,1,0,0,-2,4,-7,10,3,1,0,-2,1,-1,-1,1,2,1
KR_6727952391,440,4,63,32,14,0,2,2,9,13,4,1,2,1,5,7,2,-1,0,1,1,11,-27,6,4,10,0,0,2,1,0,1,1,3,1
KR_6751914072,420,-1,-13,-9,7,-1,1,2,4,5,1,5,6,1,-3,3,6,2,3,1,0,14,36,4,3,7,-1,0,1,1,-1,1,1,1,1
KR_6763556650,420,-1,42,6,-1,1,1,0,0,2,2,-3,0,3,-1,1,2,2,2,0,0,-4,11,3,4,7,0,0,-1,1,-1,-1,1,2,1
KR_6777779039,420,3,-29,-11,1,2,3,1,2,3,1,-4,1,5,-1,2,3,2,3,1,0,1,41,2,5,7,-2,0,0,-1,1,1,-1,4,1
KR_6739092981,420,5,67,3,12,1,2,1,2,3,1,2,3,1,3,3,0,4,6,2,2,9,-15,5,2,7,4,0,2,1,1,1,1,6,1
KR_6763291753,420,6,80,40,5,3,3,0,-4,2,6,1,2,1,7,8,1,-2,0,2,0,-4,-4,4,5,9,-3,0,2,1,1,1,1,5,1
KR_6773234808,420,1,-15,24,-1,2,3,1,-3,1,4,3,3,0,-3,4,7,0,0,0,0,-4,2,3,4,7,0,0,0,1,1,0,-1,2,1
KR_6675390621,420,3,59,3,10,3,4,1,3,6,3,1,3,2,4,9,5,-1,0,1,1,2,8,3,5,8,-1,0,1,1,1,1,1,5,1
KR_6753260180,420,0,18,0,-3,-2,1,3,0,1,1,-4,2,6,2,2,0,1,1,0,0,-4,-8,4,5,9,-3,0,1,1,1,1,1,4,1
KR_6744235885,420,3,55,16,4,-2,0,2,7,7,0,-1,2,3,-1,7,8,1,2,1,0,-1,-1,2,5,7,-1,0,2,-1,1,-1,1,5,1
KR_6769104756,420,2,22,-11,0,-1,0,1,0,2,2,2,4,2,-1,0,1,0,0,0,-2,0,51,0,4,4,1,0,0,-1,1,0,-1,2,1
KR_6620524383,420,-1,30,-8,-2,2,3,1,-4,2,6,-1,2,3,2,3,1,-1,0,1,0,-3,-27,-3,10,7,6,0,-1,1,-1,-1,1,5,1
KR_6725743456,420,4,109,12,6,5,8,3,2,3,1,0,3,3,-2,3,5,1,1,0,1,6,8,4,3,7,3,0,0,1,1,1,1,4,1
KR_6775604901,420,1,44,-27,1,2,2,0,-1,2,3,2,4,2,-1,1,2,-1,1,2,0,-3,36,1,7,8,2,0,1,-1,1,1,1,1,1
KR_6774043043,440,-2,-14,29,3,4,5,1,0,1,1,1,2,1,1,3,2,-3,2,5,0,8,-4,1,4,5,8,0,-2,-1,-1,-1,1,2,1
KR_6776110661,420,6,49,52,15,0,2,2,7,8,1,3,6,3,5,7,2,0,2,2,-1,6,-3,-8,9,1,1,0,3,1,1,1,-1,5,1
KR_6691158902,420,-2,-48,-11,0,-1,1,2,-2,3,5,2,3,1,0,2,2,1,1,0,0,5,-1,-1,8,7,1,0,0,-1,1,-1,-1,2,1
KR_6774143629,420,2,-13,-11,9,-1,1,2,5,5,0,1,2,1,4,6,2,0,0,0,0,7,-15,-3,8,5,-5,0,1,-1,1,1,1,1,1
KR_6735080307,420,1,1,29,0,2,2,0,-4,1,5,2,4,2,-1,0,1,1,1,0,0,-5,-15,0,7,7,5,0,0,1,1,1,1,1,1
KR_6691552060,420,1,1,4,12,7,7,0,4,7,3,-4,1,5,5,8,3,0,3,3,2,6,11,10,4,14,0,0,-1,1,-1,-1,1,6,1
KR_6712033802,420,5,15,-3,11,0,0,0,0,3,3,0,2,2,8,9,1,3,4,1,1,9,5,2,5,7,1,0,2,1,1,1,1,1,1
KR_6777605833,420,2,63,19,8,-1,2,3,0,3,3,5,6,1,3,6,3,1,1,0,1,14,-17,0,6,6,-2,0,1,1,-1,1,1,4,1
KR_6776317949,420,5,15,13,6,0,1,1,-2,1,3,3,5,2,3,8,5,2,2,0,0,15,-3,3,5,8,2,0,0,1,1,1,1,6,1
KR_6774308495,420,1,22,0,3,2,2,0,-3,1,4,-1,4,5,3,6,3,2,3,1,0,-1,6,5,3,8,4,0,1,1,1,1,-1,6,1
KR_6743033799,420,5,9,-3,13,1,2,1,5,6,1,3,3,0,4,6,2,0,1,1,0,14,-3,-1,9,8,2,0,1,1,1,1,-1,6,1
KR_6761070800,420,4,65,-28,6,2,2,0,0,4,4,0,2,2,2,5,3,2,2,0,0,5,1,-3,8,5,1,0,1,1,1,1,-1,2,1
KR_6773771122,420,-1,-29,28,3,5,6,1,-3,2,5,2,2,0,1,1,0,-2,0,2,0,-2,6,1,5,6,1,0,1,-1,1,1,1,4,1
KR_6775883854,420,1,25,-7,0,0,3,3,0,1,1,1,3,2,-1,2,3,0,0,0,0,1,-43,4,4,8,10,0,1,1,-1,-1,1,4,1
KR_6775075435,420,3,4,5,4,3,3,0,1,1,0,-1,0,1,0,1,1,1,1,0,0,5,-17,-3,5,2,-1,0,2,-1,1,1,1,2,1
KR_6761759004,420,5,30,8,15,2,3,1,-5,0,5,7,7,0,9,10,1,2,2,0,0,17,-112,-3,10,7,3,0,2,1,1,1,1,6,1
KR_6773562540,420,-1,40,-4,-3,-5,2,7,2,5,3,1,1,0,0,1,1,-1,0,1,0,-3,14,2,3,5,0,0,0,-1,1,1,-1,1,1
KR_6751680357,420,0,11,0,8,1,3,2,5,7,2,2,3,1,0,3,3,0,0,0,0,8,1,-1,10,9,-3,0,0,-1,-1,0,1,4,1
KR_6760819538,440,1,64,12,1,0,4,4,0,0,0,-1,3,4,0,3,3,2,3,1,0,3,0,2,1,3,-3,0,1,0,0,1,-1,0,1
KR_6775237749,420,2,-10,20,-2,1,1,0,-3,3,6,1,1,0,-2,1,3,1,1,0,0,-5,3,2,6,8,-7,0,-1,1,1,-1,1,4,1
KR_6733715043,420,4,-16,33,-1,2,3,1,2,2,0,1,3,2,-6,1,7,0,1,1,0,-1,-4,-3,9,6,1,0,0,1,1,-1,1,3,1
KR_6775087758,420,3,27,4,0,1,1,0,1,1,0,0,1,1,-1,2,3,-1,0,1,0,-1,-57,2,4,6,14,0,1,1,1,1,1,4,1
KR_6777817846,420,5,53,11,16,9,11,2,3,4,1,3,5,2,2,4,2,-1,1,2,1,14,40,6,4,10,5,0,1,1,1,1,1,5,1
KR_6750170612,420,1,17,24,-3,1,1,0,0,3,3,0,2,2,-3,7,10,-1,1,2,1,-8,19,-3,6,3,0,0,2,-1,1,1,-1,2,1
KR_6763690035,420,0,61,-4,2,0,3,3,2,6,4,-1,1,2,-1,2,3,2,3,1,0,-4,-14,-5,12,7,4,0,0,-1,-1,1,1,1,1
KR_6773313725,420,2,37,24,7,5,5,0,-1,4,5,1,3,2,1,2,1,1,1,0,0,1,-15,0,5,5,4,0,0,1,1,0,1,6,1
KR_6775343382,420,0,-46,20,6,2,4,2,-1,1,2,2,5,3,-1,3,4,4,6,2,0,7,3,-1,5,4,2,0,-1,-1,-1,-1,-1,2,1
KR_6685569452,420,-1,-3,8,4,2,5,3,2,6,4,-3,2,5,2,2,0,1,1,0,0,0,12,2,6,8,-7,0,0,1,1,1,1,2,1
KR_6771959663,420,4,1,13,9,2,4,2,0,2,2,3,7,4,3,3,0,1,1,0,0,9,4,5,4,9,-1,0,1,1,1,1,1,6,1
KR_6737595320,420,2,-42,16,1,1,4,3,-1,1,2,0,4,4,-2,2,4,3,3,0,0,2,-14,-5,10,5,2,0,-2,-1,0,-1,1,6,1
KR_6775944998,420,2,-61,12,6,3,3,0,5,8,3,1,1,0,0,2,2,-3,0,3,0,10,-4,-4,8,4,-1,0,0,-1,1,1,-1,4,1
KR_6777680711,420,4,5,20,9,5,6,1,2,4,2,2,3,1,-1,3,4,1,1,0,0,7,-23,-4,8,4,1,0,1,-1,1,1,1,5,1
KR_6775480674,420,2,78,-7,4,-1,1,2,1,2,1,1,3,2,0,2,2,3,3,0,0,10,2,4,6,10,-2,0,1,1,1,1,-1,5,1
KR_6766666246,420,1,1,32,1,-4,1,5,2,5,3,-3,2,5,6,8,2,0,0,0,0,-2,52,0,8,8,-2,0,-1,1,-1,-1,-1,2,1
KR_6768156378,420,2,-1,-2,6,1,2,1,4,5,1,1,1,0,0,1,1,0,0,0,0,6,0,1,7,8,-2,0,0,1,1,0,-1,6,1
KR_6766661724,420,-2,24,-6,0,3,4,1,1,3,2,-4,2,6,3,4,1,-3,0,3,0,0,0,4,4,8,-2,0,0,1,1,0,-1,3,1
KR_6742872722,420,-1,4,12,-2,0,1,1,1,7,6,-2,3,5,-1,3,4,0,3,3,0,5,1,2,6,8,2,0,1,-1,1,1,1,6,1
KR_6756891967,420,2,68,18,13,8,9,1,0,1,1,4,5,1,1,5,4,0,0,0,1,3,-23,1,7,8,3,0,2,1,1,1,1,3,1
KR_6698363484,420,4,48,27,2,2,4,2,-1,0,1,-1,2,3,2,3,1,0,1,1,0,1,9,-1,8,7,6,0,0,-1,-1,1,-1,1,1
KR_6773079930,420,-2,-81,-10,-1,-3,1,4,0,3,3,2,3,1,-1,3,4,1,2,1,-1,1,11,-3,7,4,5,0,0,-1,1,0,-1,1,1
KR_6776549758,420,1,38,14,-4,0,2,2,-2,3,5,-1,1,2,-2,3,5,1,2,1,-1,-3,-4,-4,8,4,0,0,1,-1,1,1,-1,5,1
KR_6724947420,420,-3,-13,20,-6,-1,1,2,-2,3,5,-3,0,3,0,1,1,0,0,0,0,-9,-76,-7,12,5,8,0,0,-1,-1,0,-1,5,1
KR_6777642429,420,-1,28,-8,4,3,4,1,-2,4,6,-1,3,4,4,8,4,0,1,1,0,2,3,-5,10,5,-4,0,2,1,1,1,1,2,1
KR_6776790056,420,0,28,-12,5,2,2,0,4,5,1,2,2,0,-3,2,5,0,0,0,0,9,-37,5,4,9,24,0,0,1,1,1,1,1,1
KR_6772004993,420,4,44,-2,9,0,0,0,7,7,0,-2,0,2,4,6,2,0,1,1,0,13,14,1,6,7,-1,0,1,1,-1,1,-1,5,1
KR_6676875614,420,12,108,32,22,4,6,2,5,5,0,2,2,0,9,11,2,2,3,1,0,31,18,1,3,4,3,0,3,1,1,1,-1,2,1
KR_6739179317,420,3,24,16,2,-1,2,3,0,6,6,-1,2,3,1,1,0,3,3,0,0,3,7,0,5,5,-1,0,0,1,-1,1,1,5,1
KR_6775421789,420,3,13,20,8,3,3,0,4,9,5,2,5,3,-2,1,3,1,2,1,0,7,-1,-2,6,4,-1,0,1,-1,1,1,1,3,1
KR_6708357055,420,3,43,25,7,-1,0,1,1,6,5,-1,1,2,8,8,0,0,2,2,1,6,6,3,5,8,-2,0,0,1,1,1,1,4,1
KR_6657506860,420,3,-1,20,-1,2,2,0,0,3,3,-1,1,2,-6,1,7,4,4,0,0,-8,37,-6,10,4,-15,0,1,-1,1,1,1,1,1
KR_6777860148,420,0,-80,-33,4,1,2,1,0,0,0,-3,1,4,7,7,0,-1,1,2,0,5,81,4,5,9,-4,0,-1,1,-1,-1,-1,2,1
KR_6700755642,420,1,37,-4,8,3,4,1,0,2,2,1,2,1,4,4,0,0,0,0,0,11,9,2,6,8,4,0,1,1,-1,1,1,6,1
KR_6776569465,420,5,47,28,8,5,6,1,1,3,2,3,4,1,-2,1,3,1,2,1,0,8,5,10,3,13,1,0,1,1,1,1,1,2,1
KR_6683772394,420,0,58,-7,-2,-1,0,1,1,3,2,-1,4,5,-1,1,2,0,0,0,0,-3,3,-2,9,7,-2,0,0,1,-1,-1,-1,3,1
KR_6747117469,420,-1,32,-5,0,5,6,1,-1,2,3,-2,0,2,-2,1,3,0,2,2,0,0,-4,-4,7,3,0,0,-1,-1,1,-1,1,2,1
KR_6738604326,420,2,16,23,-3,3,5,2,0,2,2,0,3,3,-6,1,7,0,0,0,0,-8,-22,-3,5,2,2,0,0,-1,1,1,-1,5,1
KR_6770212529,440,1,0,-4,8,2,2,0,6,7,1,7,7,0,-5,0,5,-2,0,2,0,8,-7,3,3,6,0,0,-1,1,1,-1,1,1,1
KR_6763517212,440,1,15,-8,0,-3,0,3,2,7,5,2,6,4,0,4,4,-1,1,2,0,9,3,1,3,4,-1,0,0,1,-1,-1,-1,1,1
KR_6768203596,420,5,59,-14,9,2,2,0,0,2,2,6,6,0,2,8,6,-1,2,3,2,0,-52,4,6,10,-3,0,2,1,1,1,1,1,1
KR_6657565344,420,6,81,15,19,3,5,2,9,12,3,2,2,0,3,3,0,2,3,1,1,31,35,5,2,7,-3,0,4,1,1,1,1,6,1
KR_6774370295,420,7,34,23,7,-1,2,3,4,4,0,5,6,1,-1,3,4,0,0,0,-1,6,25,-1,7,6,0,0,1,1,1,1,-1,3,1
KR_6773234959,420,5,3,23,12,5,6,1,-2,1,3,3,6,3,2,4,2,4,4,0,0,14,-5,3,8,11,5,0,0,1,1,0,1,2,1
KR_6777168566,420,0,0,9,-1,-2,1,3,0,3,3,-1,1,2,2,3,1,0,0,0,0,0,34,0,7,7,-4,0,0,1,-1,-1,1,3,1
KR_6756606489,420,2,97,-29,14,2,3,1,5,5,0,1,4,3,5,6,1,1,1,0,0,21,144,3,3,6,5,0,0,1,1,1,1,4,1
KR_6755361785,420,0,23,-13,1,2,2,0,0,3,3,-2,1,3,1,6,5,0,1,1,1,0,8,0,7,7,-4,0,0,1,-1,0,1,4,1
KR_6739243141,420,2,56,20,6,0,0,0,1,2,1,7,7,0,0,1,1,-2,1,3,0,4,-17,1,9,10,-3,0,0,1,-1,1,1,3,1
KR_6769524898,420,1,-46,0,10,1,1,0,8,8,0,-4,2,6,3,4,1,2,2,0,1,16,-2,2,7,9,1,0,0,1,-1,-1,1,1,1
KR_6750092074,420,7,71,63,9,3,3,0,1,1,0,0,3,3,4,6,2,1,1,0,0,11,-24,2,8,10,8,0,4,-1,1,1,-1,5,1
KR_6774571145,420,1,-10,-16,3,1,2,1,4,4,0,-1,2,3,-2,1,3,1,1,0,0,1,84,-2,8,6,0,0,0,1,-1,0,1,4,1
KR_6748885501,420,3,85,0,10,2,4,2,1,3,2,2,4,2,2,4,2,3,3,0,0,6,-4,-2,7,5,4,0,3,1,-1,1,-1,2,1
KR_6685418006,420,4,-24,0,15,-2,3,5,7,8,1,8,10,2,2,4,2,0,1,1,1,20,4,3,5,8,1,0,-1,1,-1,-1,1,2,1
KR_6774498276,420,2,-3,2,8,-1,1,2,-1,2,3,8,8,0,1,2,1,1,1,0,1,12,-46,-1,7,6,0,0,0,1,1,1,1,4,1
KR_6769451731,420,2,31,-11,5,2,2,0,-3,0,3,6,6,0,-1,1,2,1,2,1,0,5,13,-4,8,4,3,0,0,-1,1,0,1,2,1
KR_6773745469,420,-1,-1,-8,2,1,1,0,0,5,5,2,2,0,-1,0,1,0,2,2,0,7,1,0,6,6,-2,0,1,-1,1,1,1,1,1
KR_6683711576,420,7,121,16,16,0,1,1,4,4,0,0,2,2,12,12,0,0,0,0,-1,13,2,2,4,6,2,0,2,1,1,1,-1,1,1
KR_6772514618,420,5,25,-15,13,13,13,0,-5,1,6,4,4,0,0,5,5,1,1,0,1,6,23,5,2,7,-3,0,0,1,1,1,1,6,1
KR_6680611336,420,-2,-7,0,-4,-2,1,3,-3,4,7,-1,0,1,2,7,5,0,1,1,-1,-7,3,3,6,9,0,0,2,1,1,1,-1,2,1
KR_6770855017,420,3,79,1,10,0,5,5,3,4,1,5,7,2,2,3,1,0,2,2,1,9,-32,-6,11,5,2,0,2,1,-1,1,1,4,1
KR_6727058446,420,0,-13,16,-4,2,2,0,5,8,3,-3,4,7,-6,0,6,-2,0,2,-1,-4,21,3,8,11,2,0,1,1,1,-1,-1,1,1
KR_6768606353,420,-2,-14,3,-2,-2,0,2,2,5,3,3,3,0,0,5,5,-5,1,6,0,0,-11,-8,10,2,3,0,-1,1,-1,-1,1,6,1
KR_6769018265,420,-3,-50,-10,-2,-1,3,4,1,6,5,-1,1,2,-1,2,3,0,2,2,-1,-5,-25,-2,7,5,2,0,-2,1,1,-1,1,6,1
KR_6775376137,420,2,56,-26,3,0,1,1,2,2,0,-2,2,4,5,5,0,-2,0,2,0,0,1,8,3,11,1,0,0,1,1,1,-1,4,1
KR_6759071969,420,-2,76,-12,-4,4,6,2,-3,3,6,-1,3,4,-3,1,4,-1,0,1,0,-5,-112,-1,5,4,-2,0,0,-1,1,0,-1,1,1
KR_6768634005,420,3,74,0,6,4,5,1,3,5,2,0,2,2,2,4,2,-3,2,5,1,13,6,6,2,8,-4,0,2,1,-1,1,1,5,1
KR_6768138912,420,4,63,-23,9,-1,2,3,3,6,3,3,3,0,4,5,1,0,1,1,0,18,56,1,5,6,-10,0,2,1,1,1,1,1,1
KR_6767135268,420,-1,28,-16,-2,1,2,1,-3,2,5,0,1,1,0,2,2,0,1,1,0,-9,-1,-2,8,6,3,0,0,-1,1,1,-1,6,1
KR_6774067156,420,3,21,22,8,4,4,0,0,0,0,2,4,2,1,3,2,1,1,0,0,9,1,1,4,5,2,0,2,-1,1,1,1,5,1
KR_6754615629,420,4,22,8,4,0,1,1,0,0,0,1,2,1,-2,0,2,5,5,0,0,5,-9,1,7,8,3,0,3,1,1,1,1,2,1
KR_6666483469,420,-1,28,14,9,1,1,0,7,8,1,3,5,2,-2,3,5,0,1,1,0,14,50,-2,8,6,-2,0,1,1,1,1,1,2,1
KR_6760095634,420,6,72,41,14,2,3,1,11,11,0,-1,1,2,2,3,1,0,0,0,1,13,3,2,3,5,3,0,2,1,1,1,1,4,1
KR_6776546094,420,-2,72,-31,0,0,2,2,3,7,4,-3,0,3,3,4,1,-3,0,3,1,1,-3,2,5,7,5,0,-1,-1,-1,-1,1,3,1
KR_6726618855,420,0,61,37,2,2,3,1,0,3,3,2,3,1,0,1,1,-2,1,3,1,4,8,1,6,7,-1,0,0,1,-1,0,1,4,1
KR_6707752447,420,-2,16,17,-6,3,3,0,1,5,4,-5,0,5,-2,2,4,-3,3,6,0,-11,-15,0,6,6,-3,0,1,-1,1,1,-1,1,1
KR_6774406873,420,5,15,2,5,1,2,1,4,6,2,-1,2,3,1,1,0,0,0,0,0,10,6,2,4,6,1,0,0,-1,1,0,1,4,1
KR_6776151868,420,3,16,12,10,0,4,4,0,2,2,3,3,0,9,13,4,-2,0,2,1,13,318,4,5,9,-2,0,0,1,1,1,1,3,1
KR_6777531580,420,3,-37,15,-1,-4,1,5,3,4,1,0,1,1,0,1,1,0,0,0,0,-1,32,-2,7,5,3,0,-1,1,-1,-1,-1,6,1
KR_6761535030,420,-1,-28,-33,-7,1,2,1,-1,3,4,5,6,1,1,4,3,-13,0,13,-2,-9,21,0,7,7,-5,0,-2,-1,-1,-1,-1,4,1
KR_6756902272,440,-1,-31,-4,1,2,3,1,-1,2,3,2,3,1,-2,1,3,0,2,2,0,-4,14,1,5,6,2,0,0,1,1,-1,-1,3,1
KR_6767851012,420,3,27,27,4,0,3,3,4,6,2,3,4,1,-2,0,2,-1,0,1,0,0,4,-4,8,4,2,0,0,-1,1,0,-1,4,1
KR_6770873019,420,2,1,7,8,0,2,2,3,4,1,4,5,1,2,5,3,-1,0,1,0,11,-392,-3,9,6,3,0,1,-1,1,1,-1,2,1
KR_6776900250,420,6,33,24,10,2,3,1,2,4,2,6,8,2,-2,6,8,2,3,1,-1,1,5,-2,7,5,-2,0,2,1,1,1,-1,1,1
KR_6776078469,420,1,6,2,7,1,3,2,2,3,1,-1,2,3,3,4,1,2,2,0,0,-1,38,1,6,7,0,0,0,-1,1,0,1,1,1
KR_6713479228,420,4,21,12,6,3,3,0,2,3,1,1,1,0,1,3,2,-1,0,1,0,0,-135,-1,6,5,5,0,2,-1,1,1,1,3,1
KR_6769419999,420,5,-2,28,9,3,4,1,4,4,0,-2,1,3,2,3,1,2,4,2,0,10,5,1,6,7,2,0,2,-1,1,1,1,4,1
KR_6770996081,440,1,-11,8,9,1,6,5,4,5,1,6,8,2,0,1,1,-2,1,3,0,1,-19,6,1,7,-2,0,0,0,1,1,1,0,1
KR_6674914927,440,2,26,7,2,0,2,2,1,3,2,2,5,3,-3,3,6,2,2,0,0,-2,8,1,4,5,1,0,1,-1,1,1,1,1,1
KR_6769758117,420,2,42,-1,-3,3,4,1,0,4,4,0,1,1,-5,1,6,-1,2,3,0,-15,13,1,5,6,7,0,0,-1,1,0,-1,6,1
KR_6628860760,420,2,18,-29,-1,0,2,2,-3,2,5,1,4,3,1,2,1,0,1,1,-2,-4,0,1,5,6,2,0,0,1,1,0,-1,6,1
KR_6704683949,420,7,30,12,18,1,2,1,2,2,0,1,5,4,9,9,0,5,5,0,0,20,15,5,3,8,-3,0,2,1,-1,1,-1,1,1
KR_6696038384,420,3,21,27,4,3,3,0,5,7,2,0,1,1,-5,3,8,1,2,1,0,4,5,3,5,8,6,0,1,1,1,1,1,3,1
KR_6766565969,420,0,4,-1,3,5,6,1,-1,4,5,-2,2,4,1,2,1,0,0,0,0,-9,0,-5,10,5,-2,0,0,1,-1,-1,1,1,1
KR_6776429552,420,2,-25,-8,5,3,3,0,1,3,2,0,1,1,-2,1,3,3,3,0,1,7,-19,-2,9,7,-3,0,1,-1,1,1,1,2,1
KR_6731640660,420,0,42,16,-8,1,3,2,-4,0,4,-1,2,3,-3,2,5,-1,2,3,0,-16,-3,3,3,6,0,0,1,-1,1,1,1,1,1
KR_6661577705,420,2,13,26,5,3,5,2,4,6,2,-3,0,3,-1,0,1,2,4,2,0,6,-138,-4,9,5,-3,0,0,1,1,0,-1,1,1
KR_6760478234,420,3,-39,-11,3,-1,1,2,6,8,2,-2,3,5,0,1,1,0,1,1,-1,7,19,2,3,5,1,0,-1,-1,1,1,-1,6,1
KR_6684264728,420,10,80,22,16,3,3,0,-1,2,3,3,4,1,8,9,1,3,4,1,0,17,13,3,3,6,1,0,3,1,1,1,1,1,1
KR_6770167281,420,4,10,20,8,5,5,0,0,2,2,4,4,0,1,2,1,-2,1,3,0,7,-5,-1,8,7,5,0,1,1,-1,1,1,2,1
KR_6675538275,420,-2,-55,-12,1,-2,0,2,6,8,2,-1,2,3,-2,2,4,0,0,0,0,9,14,-3,7,4,0,0,2,1,1,1,1,3,1
KR_6777155230,420,0,-32,-15,1,-1,1,2,-1,2,3,1,1,0,3,6,3,-1,2,3,0,-5,-8,1,5,6,2,0,-1,-1,-1,-1,-1,2,1
KR_6744799256,420,1,-52,4,13,0,3,3,2,3,1,8,9,1,2,4,2,1,1,0,0,9,-10,5,3,8,1,0,0,1,-1,0,1,6,1
KR_6728383040,420,3,-5,-12,5,2,3,1,3,4,1,1,3,2,1,4,3,-2,0,2,0,8,0,1,7,8,2,0,1,-1,1,1,-1,2,1
KR_6775129975,420,1,-28,10,-2,2,3,1,3,3,0,-2,2,4,-5,1,6,0,0,0,0,-10,75,-1,6,5,-8,0,0,-1,-1,-1,-1,4,1
KR_6767776238,420,2,6,-36,8,2,2,0,3,6,3,1,2,1,3,3,0,-1,0,1,0,17,1,1,6,7,3,0,0,-1,-1,0,1,3,1
KR_6776616119,420,3,4,-20,15,8,10,2,2,4,2,1,4,3,4,6,2,0,0,0,1,16,16,0,8,8,0,0,1,1,-1,1,1,5,1
KR_6776739128,420,2,7,17,2,2,4,2,2,3,1,-3,1,4,1,3,2,0,0,0,0,0,153,0,8,8,-1,0,0,0,1,1,1,0,1
KR_6772044794,420,4,25,44,11,-1,0,1,6,7,1,4,5,1,2,3,1,0,0,0,0,14,-7,-2,6,4,7,0,2,1,-1,1,1,3,1
KR_6773424794,420,2,21,-7,-1,0,1,1,-1,4,5,2,3,1,-3,0,3,1,2,1,0,-4,89,-2,9,7,4,0,1,1,1,1,1,3,1
KR_6775566596,420,2,39,19,9,2,3,1,-2,2,4,1,4,3,5,8,3,3,4,1,0,8,5,1,3,4,-1,0,0,-1,-1,1,1,2,1
KR_6770439876,420,-1,-29,-8,3,0,1,1,-1,1,2,-1,0,1,4,4,0,1,1,0,0,-1,-2,1,5,6,2,0,-1,1,-1,-1,1,5,1
KR_6757621926,420,5,59,7,13,11,11,0,2,3,1,1,2,1,-2,0,2,1,1,0,0,3,1,1,4,5,3,0,3,1,1,1,1,5,1
KR_6704512458,420,5,96,3,9,4,4,0,-1,3,4,5,7,2,3,5,2,-2,0,2,0,1,-4,3,4,7,-1,0,2,1,-1,1,1,4,1
KR_6774716111,420,0,41,4,3,0,1,1,1,3,2,2,2,0,-2,4,6,2,2,0,0,1,-17,1,4,5,1,0,2,1,-1,1,-1,4,1
KR_6767209456,420,1,-3,8,5,-1,0,1,6,7,1,0,4,4,2,3,1,-2,0,2,-2,6,11,1,8,9,1,0,-1,1,-1,-1,-1,1,1
KR_6769875291,420,3,6,-12,9,2,2,0,2,4,2,-1,1,2,4,5,1,2,5,3,1,10,-13,2,6,8,3,0,1,1,1,1,1,1,1
KR_6670128131,440,0,-9,-32,13,0,0,0,7,7,0,4,5,1,2,3,1,0,0,0,0,17,2,6,4,10,-5,0,2,1,-1,1,-1,5,1
KR_6765279532,420,-1,40,13,-7,-1,2,3,-2,1,3,0,0,0,-2,4,6,-2,0,2,0,-5,6,-5,10,5,-4,0,0,-1,1,0,-1,5,1
KR_6724672679,420,3,34,19,2,3,3,0,-6,0,6,2,3,1,2,2,0,1,2,1,-1,-3,-25,-1,8,7,4,0,0,-1,1,0,-1,1,1
KR_6774049294,420,-1,0,12,3,3,5,2,-1,1,2,1,1,0,1,1,0,-1,2,3,0,3,8,3,3,6,-3,0,0,1,1,0,1,4,1
KR_6643018134,420,0,38,-41,3,1,2,1,3,4,1,2,2,0,-3,3,6,0,1,1,0,11,-22,2,6,8,-1,0,0,-1,-1,0,1,5,1
KR_6759478753,420,2,16,25,3,4,5,1,-1,2,3,1,4,3,0,2,2,-1,0,1,0,-4,-6,7,2,9,-6,0,1,1,-1,1,-1,3,1
KR_6755150358,440,0,18,22,-5,-11,2,13,0,1,1,5,6,1,1,4,3,0,0,0,1,-2,7,2,4,6,-5,0,0,1,1,1,1,3,1
KR_6777246617,420,1,-11,-1,0,1,3,2,-5,0,5,-2,2,4,7,8,1,-1,2,3,0,-5,-9,-3,7,4,6,0,0,1,-1,1,1,6,1
KR_6775535479,420,3,82,12,4,1,4,3,3,3,0,2,3,1,-2,1,3,0,0,0,0,6,8,2,3,5,-1,0,2,1,1,1,1,2,1
KR_6737432375,420,-1,10,-17,9,1,5,4,-1,2,3,0,0,0,8,8,0,1,1,0,0,13,7,2,4,6,-3,0,1,1,-1,1,1,6,1
KR_6777191675,420,-1,-84,-16,4,0,0,0,-2,2,4,-1,1,2,5,7,2,2,3,1,0,11,2,3,3,6,2,0,1,1,1,1,-1,4,1
KR_6772944595,420,5,37,0,11,3,3,0,3,4,1,4,4,0,-1,1,2,2,2,0,1,17,120,4,2,6,1,0,0,1,-1,0,1,6,1
KR_6767502555,420,2,29,29,4,2,3,1,-3,1,4,2,6,4,3,4,1,0,1,1,0,7,2,1,6,7,3,0,1,1,1,1,1,5,1
KR_6745924896,420,0,-46,8,5,3,4,1,-1,9,10,1,4,3,2,4,2,0,1,1,0,5,1,0,9,9,4,0,2,-1,-1,1,-1,5,1
KR_6746548946,420,2,72,18,2,-1,2,3,0,4,4,3,3,0,-1,4,5,1,1,0,0,8,32,3,7,10,3,0,0,-1,1,1,-1,6,1
KR_6734446991,420,-1,16,-4,8,1,3,2,3,5,2,0,3,3,3,5,2,1,1,0,0,8,-49,0,7,7,1,0,-1,1,-1,-1,1,1,1
KR_6677058787,420,3,15,51,6,0,1,1,2,3,1,3,3,0,0,0,0,1,1,0,0,6,35,1,7,8,-4,0,-1,1,1,1,1,6,1
KR_6765159062,420,2,92,13,2,1,3,2,-1,1,2,-1,1,2,3,5,2,0,2,2,0,5,16,-1,6,5,7,0,1,1,-1,1,1,4,1
KR_6750948191,420,2,-37,5,1,3,4,1,2,5,3,2,4,2,-5,1,6,-1,0,1,-1,0,36,1,5,6,3,0,0,-1,1,0,-1,1,1
KR_6776722396,420,-3,53,-20,-4,1,2,1,-5,2,7,-2,1,3,3,4,1,-1,0,1,1,-4,4,-4,9,5,5,0,-1,1,-1,1,1,4,1
KR_6765734383,440,6,-20,-11,12,1,1,0,0,1,1,3,4,1,0,1,1,8,9,1,0,18,-457,0,3,3,0,0,0,-1,1,1,1,2,1
KR_6777750993,420,-1,4,-9,-2,2,3,1,-1,1,2,1,1,0,-6,1,7,2,2,0,0,-6,11,-1,8,7,-2,0,0,-1,1,1,1,1,1
KR_6773380538,420,2,19,-1,3,5,5,0,1,2,1,-2,0,2,-1,2,3,0,0,0,-1,2,39,-2,9,7,7,0,0,1,-1,0,1,6,1
KR_6763633536,440,4,-3,36,2,4,4,0,3,4,1,1,4,3,-5,0,5,-1,2,3,0,-3,5,-2,6,4,-4,0,0,1,1,1,-1,4,1
KR_6776057129,440,1,29,-5,3,1,2,1,-1,3,4,-2,1,3,2,3,1,3,3,0,0,3,2,2,5,7,0,0,0,1,-1,0,1,5,1
KR_6766094627,440,0,52,-9,1,0,2,2,-3,0,3,0,1,1,3,3,0,1,2,1,-1,6,-19,-1,6,5,0,0,1,-1,1,1,-1,5,1
KR_6758741557,420,-3,-7,-9,-15,1,3,2,-5,4,9,-2,4,6,-10,4,14,1,1,0,0,-13,-1,-3,5,2,-4,0,-1,-1,-1,-1,-1,4,1
KR_6772115685,420,1,27,-5,5,4,5,1,0,1,1,-2,3,5,1,4,3,2,2,0,0,14,-8,-4,8,4,3,0,2,-1,1,1,1,5,1
KR_6707793246,420,3,-6,18,8,2,2,0,6,6,0,-1,1,2,2,2,0,-1,2,3,0,4,3,3,7,10,-2,0,0,1,-1,1,1,6,1
KR_6773877753,420,2,12,13,1,2,3,1,-3,2,5,3,3,0,-1,2,3,0,0,0,0,-7,27,1,3,4,1,0,-1,1,1,1,-1,6,1
KR_6774352735,420,0,10,0,0,5,5,0,0,1,1,-1,2,3,-5,0,5,1,1,0,0,0,9,1,4,5,2,0,1,1,1,1,-1,6,1
KR_6775929370,420,-1,55,-10,0,-2,2,4,2,4,2,-2,5,7,3,6,3,-1,1,2,0,-7,-45,-1,11,10,0,0,0,-1,-1,-1,-1,2,1
KR_6777248483,420,1,35,17,-4,-3,5,8,2,2,0,-4,0,4,-1,1,2,2,2,0,0,-3,1,-1,7,6,1,0,1,-1,1,1,-1,3,1
KR_6763449481,420,-1,-11,-13,2,1,4,3,0,3,3,0,4,4,1,3,2,0,4,4,-1,6,22,-2,5,3,4,0,0,1,-1,-1,-1,5,1
KR_6756967191,420,2,34,44,2,1,1,0,6,6,0,0,3,3,-6,2,8,1,3,2,2,6,-4,-6,11,5,6,0,0,-1,1,1,1,3,1
KR_6764796934,420,4,66,47,10,4,4,0,4,5,1,-1,3,4,4,5,1,-1,0,1,2,7,1,3,3,6,-1,0,2,-1,1,1,1,3,1
KR_6768793192,420,1,49,12,1,-7,1,8,-1,1,2,9,12,3,-2,3,5,2,2,0,1,8,8,2,6,8,-4,0,0,1,-1,-1,1,2,1
KR_6755824719,420,5,80,24,12,2,4,2,4,8,4,0,1,1,4,5,1,2,3,1,3,9,41,2,1,3,-5,0,3,1,1,1,1,3,1
KR_6760065666,420,0,-9,-8,16,4,4,0,3,7,4,10,11,1,-2,2,4,1,1,0,1,12,-38,-1,6,5,10,0,1,1,1,1,1,2,1
KR_6735883481,420,3,-3,31,8,-1,1,2,4,4,0,6,6,0,-1,3,4,0,2,2,0,11,24,4,7,11,-5,0,0,1,-1,0,1,4,1
KR_6772201948,420,1,-6,24,2,0,1,1,0,3,3,-2,2,4,4,6,2,0,1,1,0,3,50,7,2,9,-7,0,2,-1,1,1,1,6,1
KR_6769642477,420,-1,6,-16,-3,0,2,2,-2,1,3,1,2,1,-2,1,3,0,0,0,0,0,0,-3,9,6,-3,0,-1,-1,-1,-1,-1,2,1
KR_6769295039,440,1,-20,48,-2,-1,0,1,-2,2,4,4,4,0,-6,0,6,3,5,2,0,-6,13,-5,8,3,4,0,0,-1,0,0,1,5,1
KR_6775976792,440,1,38,9,2,1,1,0,2,2,0,-1,1,2,1,4,3,-1,0,1,0,1,-4,2,6,8,4,0,0,1,1,0,-1,5,1
KR_6749501979,420,1,3,-17,6,1,3,2,-3,0,3,1,4,3,7,7,0,0,1,1,1,5,-2,1,5,6,-1,0,2,1,-1,1,1,4,1
KR_6777221526,420,0,-23,7,4,2,3,1,-1,3,4,1,3,2,0,4,4,2,3,1,0,5,12,-2,8,6,-3,0,2,-1,1,1,-1,2,1
KR_6775199201,440,1,-54,-20,1,0,3,3,4,5,1,-4,1,5,2,2,0,-1,0,1,1,12,1,9,2,11,-3,0,0,1,-1,-1,1,4,1
KR_6773288164,420,2,11,-4,3,-1,3,4,2,3,1,2,5,3,1,3,2,-1,0,1,0,1,-21,4,4,8,-7,0,2,-1,-1,-1,-1,3,1
KR_6777274628,420,2,37,23,5,2,2,0,-3,2,5,1,3,2,4,5,1,1,2,1,1,10,-12,-2,8,6,4,0,0,1,1,0,1,4,1
KR_6776908717,420,-4,-28,-8,-9,1,3,2,-3,1,4,-2,3,5,-4,2,6,-1,0,1,0,-9,41,-4,8,4,-21,0,-1,-1,1,-1,-1,4,1
KR_6772714945,420,1,-26,-10,3,2,2,0,2,2,0,1,2,1,2,5,3,-4,0,4,0,-3,6,-3,9,6,-6,0,-1,1,1,-1,1,4,1
KR_6723579564,420,4,-51,42,7,6,7,1,-5,2,7,6,7,1,1,4,3,-1,1,2,-1,0,-296,2,9,11,-3,0,1,-1,1,1,-1,6,1
KR_6703156949,420,-2,33,-13,-4,-3,2,5,-1,2,3,0,3,3,0,1,1,0,0,0,0,1,-36,4,3,7,-2,0,-1,1,-1,-1,1,2,1
KR_6721845499,420,-3,-71,-1,-4,-1,0,1,-3,2,5,-1,2,3,1,2,1,0,0,0,0,-2,40,-1,9,8,-6,0,-1,1,-1,-1,-1,4,1
KR_6721737675,420,0,-16,4,6,-1,0,1,6,6,0,1,3,2,-2,1,3,2,3,1,0,2,-9,2,4,6,-2,0,0,1,1,1,1,5,1
KR_6775214588,420,3,19,-1,3,-6,0,6,6,8,2,0,0,0,1,2,1,2,2,0,0,14,-35,2,5,7,-2,0,-1,1,-1,-1,-1,2,1
KR_6771426224,420,1,25,16,-4,0,3,3,-1,0,1,-1,0,1,-3,1,4,1,2,1,0,-2,-265,-2,8,6,-5,0,1,1,1,1,-1,2,1
KR_6754737182,420,-2,-3,-4,-3,-3,0,3,-1,1,2,-2,2,4,4,7,3,-1,0,1,0,1,-5,-7,10,3,2,0,0,-1,-1,-1,-1,3,1
KR_6742392892,420,2,83,7,5,0,2,2,4,13,9,3,3,0,-2,3,5,0,1,1,0,1,-8,-2,8,6,13,0,0,1,1,1,1,4,1
KR_6758758231,420,3,31,-7,3,2,3,1,-1,2,3,0,4,4,3,4,1,-1,2,3,0,-5,-9,3,5,8,0,0,-1,1,-1,-1,1,6,1
KR_6756552154,420,0,9,12,0,-5,0,5,0,2,2,4,7,3,0,3,3,1,1,0,0,8,6,5,2,7,1,0,1,1,-1,1,-1,6,1
KR_6662261235,420,5,42,-4,7,4,5,1,1,1,0,-3,3,6,5,5,0,0,0,0,0,15,-5,1,8,9,7,0,1,1,-1,1,1,6,1
KR_6773453829,420,2,72,3,6,6,6,0,-1,1,2,0,4,4,1,2,1,0,1,1,1,3,14,-3,7,4,3,0,0,-1,1,1,1,5,1
KR_6737632740,420,6,70,-1,11,-5,0,5,5,6,1,1,4,3,8,8,0,2,2,0,0,14,1,0,5,5,6,0,2,-1,-1,1,1,5,1
KR_6717035110,420,0,60,12,6,0,1,1,3,4,1,2,4,2,2,8,6,-1,1,2,0,14,2,1,5,6,4,0,0,-1,1,0,1,6,1
KR_6767570459,420,3,69,27,15,5,7,2,5,5,0,4,6,2,1,1,0,0,2,2,0,16,-30,1,4,5,10,0,2,1,1,1,1,2,1
KR_6642837407,420,4,-3,53,9,0,4,4,4,4,0,1,3,2,4,6,2,0,0,0,-2,14,5,2,5,7,-1,0,0,1,1,1,-1,1,1
KR_6770765957,420,3,107,11,4,0,4,4,-3,1,4,4,4,0,5,7,2,-2,0,2,1,-1,-7,-7,12,5,6,0,1,1,-1,1,1,6,1
KR_6774538637,420,3,22,29,5,0,1,1,2,4,2,2,2,0,1,2,1,0,0,0,0,3,-6,2,6,8,-5,0,1,1,1,1,1,1,1
KR_6775416456,420,1,25,-20,8,2,2,0,1,3,2,2,2,0,2,2,0,1,1,0,0,5,4,2,2,4,0,0,0,1,-1,0,1,6,1
KR_6774784413,420,1,18,20,-1,0,3,3,-1,1,2,0,4,4,0,2,2,0,1,1,1,1,-10,-4,9,5,-2,0,0,1,1,0,1,5,1
KR_6776194832,440,4,84,13,6,3,3,0,1,2,1,-3,3,6,3,3,0,2,2,0,-1,3,-45,3,5,8,-14,0,3,0,1,1,-1,0,1
KR_6777651370,420,3,70,-12,12,1,1,0,3,6,3,1,2,1,6,9,3,1,1,0,0,17,-10,-2,8,6,6,0,1,1,-1,1,1,4,1
KR_6773066594,420,1,58,28,-2,2,3,1,0,2,2,-4,3,7,0,1,1,0,1,1,0,-12,-2,-1,8,7,1,0,-1,1,-1,-1,1,4,1
KR_6750462053,420,2,5,-5,9,3,4,1,0,2,2,4,5,1,2,6,4,0,2,2,1,15,-19,-1,5,4,-1,0,1,1,1,1,1,3,1
KR_6758204584,420,0,7,11,0,0,2,2,4,4,0,-5,1,6,1,4,3,0,2,2,0,1,1,1,4,5,3,0,-2,-1,-1,-1,1,4,1
KR_6763491295,420,2,24,6,9,2,2,0,-2,2,4,7,9,2,4,4,0,-2,0,2,0,6,-12,-2,10,8,13,0,0,1,-1,-1,-1,4,1
KR_6760941735,420,5,-10,30,6,3,3,0,2,5,3,0,1,1,0,6,6,1,1,0,0,3,-11,-2,7,5,6,0,0,1,1,0,-1,5,1
KR_6771213114,420,1,2,20,-5,-1,1,2,0,4,4,-1,0,1,0,5,5,-3,1,4,0,-4,341,-1,4,3,3,0,-1,1,-1,-1,1,5,1
KR_6768647262,420,3,49,-15,3,1,2,1,1,3,2,1,2,1,0,2,2,0,1,1,-1,1,16,3,4,7,-3,0,2,1,1,1,-1,4,1
KR_6770780158,420,3,-39,23,-5,-7,2,9,8,11,3,-7,0,7,-4,0,4,5,5,0,-1,4,-5,0,3,3,0,0,-1,1,-1,-1,-1,4,1
KR_6776142030,420,-1,-10,-4,2,4,4,0,1,5,4,-1,2,3,-1,3,4,-1,0,1,0,2,4,7,2,9,-2,0,-1,-1,-1,-1,-1,4,1
KR_6770960877,420,1,25,13,4,1,4,3,0,4,4,2,2,0,1,2,1,0,0,0,0,-1,6,1,7,8,5,0,2,-1,1,1,1,3,1
KR_6776674125,440,5,14,24,8,-2,2,4,1,5,4,3,3,0,3,5,2,3,3,0,0,10,3,0,4,4,2,0,1,1,1,-1,-1,4,1
KR_6776738264,420,0,-29,14,-1,0,1,1,-4,1,5,4,7,3,-1,1,2,0,0,0,0,-6,-2,-5,10,5,5,0,0,-1,-1,0,1,5,1
KR_6746879481,420,2,-2,-29,5,-1,4,5,1,2,1,4,4,0,1,3,2,0,0,0,1,11,4,3,4,7,-1,0,0,1,-1,-1,1,4,1
KR_6775556263,420,1,60,-4,-2,1,1,0,1,4,3,1,2,1,-4,0,4,-1,0,1,0,-9,5,2,6,8,-1,0,1,-1,-1,1,1,1,1
KR_6733169522,420,3,99,8,8,1,4,3,0,3,3,3,3,0,5,9,4,-1,0,1,0,13,36,1,3,4,2,0,0,0,1,1,-1,0,1
KR_6709156079,420,3,11,9,1,-2,1,3,0,2,2,0,2,2,2,5,3,1,1,0,0,7,-6,0,5,5,0,0,2,1,-1,1,-1,6,1
KR_6775378650,420,1,4,-1,-2,-2,3,5,-1,3,4,0,2,2,-1,3,4,2,3,1,0,-11,-4,-3,10,7,-5,0,1,-1,-1,-1,1,3,1
KR_6708827587,420,10,186,44,16,6,6,0,3,3,0,4,6,2,3,6,3,0,1,1,0,6,10,3,1,4,2,2,10,1,1,1,1,3,1
KR_6726369099,420,5,38,5,16,0,0,0,11,11,0,1,2,1,6,6,0,-2,0,2,1,28,5,2,4,6,2,0,1,1,1,1,1,6,1
KR_6774244058,420,2,40,9,14,3,3,0,3,6,3,-1,2,3,7,8,1,2,4,2,1,14,6,1,1,2,1,0,1,1,1,1,1,5,1
KR_6763637425,420,2,-7,24,-2,0,7,7,0,1,1,0,1,1,3,6,3,-5,0,5,0,1,-16,0,8,8,1,0,2,1,1,1,1,3,1
KR_6722184804,420,-2,18,6,0,0,2,2,0,2,2,1,3,2,-1,1,2,0,0,0,0,-1,-3,-2,7,5,-1,0,0,1,-1,0,1,4,1
KR_6691258152,420,2,-5,5,-1,-4,2,6,3,5,2,-1,0,1,2,2,0,-1,0,1,0,3,41,2,6,8,-2,0,1,-1,1,1,-1,6,1
KR_6759203897,420,7,91,28,3,1,2,1,3,3,0,-1,1,2,2,3,1,-2,1,3,0,3,9,1,6,7,0,0,1,1,1,1,-1,2,1
KR_6774489990,420,1,-5,-3,11,2,3,1,2,3,1,-3,2,5,4,6,2,6,6,0,1,18,3,6,5,11,5,0,0,1,-1,0,1,4,1
KR_6732645554,420,-4,0,-16,-2,-1,5,6,5,6,1,1,2,1,-6,0,6,-1,1,2,0,-17,-1,0,4,4,-3,0,0,-1,1,1,1,5,1
KR_6731945484,420,3,78,25,8,3,3,0,1,4,3,2,3,1,1,5,4,1,1,0,0,5,9,1,9,10,-1,0,0,1,1,1,-1,5,1
KR_6773025720,420,-5,-9,-4,-4,0,1,1,-3,5,8,-3,1,4,-1,4,5,3,5,2,0,-1,-42,-5,10,5,-3,0,0,1,-1,0,1,3,1
KR_6777608860,420,0,-27,19,1,0,3,3,4,5,1,-3,3,6,-1,6,7,1,3,2,2,0,-14,0,10,10,3,0,0,1,-1,0,1,2,1
KR_6746483256,440,1,60,12,-1,1,2,1,0,3,3,-3,3,6,1,1,0,0,1,1,0,-1,-25,5,3,8,4,0,0,0,1,0,1,0,1
KR_6771113897,420,3,74,-2,1,-1,1,2,1,3,2,0,2,2,0,4,4,1,2,1,1,-1,15,5,4,9,-1,0,0,1,-1,0,1,4,1
KR_6759069154,420,5,47,75,6,2,3,1,1,4,3,1,3,2,1,5,4,1,2,1,0,9,33,3,6,9,-1,0,-1,1,1,1,1,3,1
KR_6673388654,420,1,87,18,1,-3,1,4,3,5,2,4,5,1,1,3,2,-4,0,4,0,5,2,3,4,7,0,0,0,-1,1,1,-1,3,1
KR_6738167718,420,5,97,37,18,6,8,2,5,8,3,2,3,1,3,5,2,2,2,0,1,19,3,3,4,7,-1,0,3,1,1,1,1,3,1
KR_6776587890,420,1,-26,-2,6,4,6,2,-1,1,2,7,9,2,-3,2,5,-1,1,2,0,12,8,3,6,9,-6,0,1,1,1,1,1,1,1
KR_6776639401,420,3,43,20,9,-1,1,2,0,1,1,4,4,0,1,4,3,5,6,1,1,21,11,5,5,10,2,0,0,1,1,0,1,3,1
KR_6700097285,420,-2,-26,-3,1,-2,1,3,-4,1,5,1,1,0,3,4,1,3,3,0,0,5,3,2,8,10,4,0,2,1,1,1,1,4,1
KR_6777069897,420,0,-25,-9,-2,0,1,1,-1,1,2,-2,4,6,1,3,2,0,0,0,0,-2,-5,-1,3,2,2,0,0,1,-1,-1,1,3,1
KR_6775512731,420,4,-12,1,14,1,1,0,3,4,1,5,8,3,5,5,0,0,0,0,1,20,74,3,3,6,-1,0,0,0,0,0,1,0,1
KR_6744791763,440,2,58,-17,4,1,2,1,1,3,2,0,1,1,0,1,1,2,2,0,1,7,259,4,4,8,0,0,2,-1,1,1,1,4,1
KR_6766082395,420,4,43,27,11,2,3,1,5,5,0,1,1,0,4,5,1,-1,3,4,0,13,170,1,7,8,6,0,1,1,-1,1,1,3,1
KR_6762856935,420,0,-9,0,5,-1,2,3,-2,2,4,2,5,3,1,5,4,5,5,0,0,13,5,3,6,9,-4,0,-1,1,-1,-1,-1,3,1
KR_6759216364,420,0,-14,-6,1,-3,2,5,-1,1,2,-1,1,2,5,5,0,1,2,1,0,10,44,4,7,11,8,0,1,1,1,1,1,3,1
KR_6777417975,420,2,-12,10,8,6,6,0,-1,2,3,3,5,2,0,3,3,0,1,1,0,7,-15,7,5,12,4,0,2,1,1,1,-1,3,1
KR_6774055007,420,7,16,40,14,2,4,2,0,4,4,7,9,2,5,8,3,0,0,0,0,10,-10,-2,4,2,6,0,2,1,1,1,1,4,1
KR_6698599664,420,1,49,-1,-2,1,2,1,0,4,4,0,1,1,-4,4,8,1,2,1,0,-7,-14,-2,7,5,5,0,0,-1,1,0,1,1,1
KR_6769583963,420,2,20,-6,12,3,5,2,-1,1,2,2,5,3,4,5,1,4,7,3,2,21,2,-3,6,3,1,0,0,1,1,0,-1,1,1
KR_6775625082,420,2,3,20,8,-3,2,5,3,3,0,5,5,0,3,4,1,0,1,1,0,8,39,0,5,5,0,0,0,1,1,1,-1,3,1
KR_6752338750,420,1,50,0,-2,-1,3,4,-3,3,6,1,5,4,0,2,2,1,1,0,-1,1,10,-5,6,1,3,0,-1,-1,1,1,-1,6,1
KR_6769649745,440,2,43,42,6,4,5,1,-2,4,6,4,5,1,-1,1,2,1,2,1,1,2,23,2,4,6,-2,0,1,1,-1,1,1,1,1
KR_6771094083,420,2,26,17,8,2,5,3,6,8,2,5,5,0,-5,0,5,0,1,1,0,0,281,1,4,5,-2,0,2,-1,1,1,-1,4,1
KR_6774390109,420,-1,49,1,1,0,3,3,1,2,1,1,1,0,-1,2,3,0,2,2,0,-1,-2,2,6,8,3,0,0,1,1,0,1,3,1
KR_6777863097,420,2,11,7,4,-1,0,1,5,5,0,-3,1,4,-2,3,5,5,5,0,0,7,16,2,6,8,-1,0,0,1,-1,-1,-1,1,1
KR_6777766474,420,4,-7,38,18,3,5,2,6,7,1,6,6,0,2,4,2,1,2,1,0,14,6,-1,8,7,2,0,3,1,1,1,1,4,1
KR_6775591300,420,5,35,32,11,1,1,0,7,11,4,1,2,1,1,3,2,1,3,2,0,13,-6,-1,7,6,3,0,1,1,-1,1,-1,4,1
KR_6776581487,420,0,-44,28,3,-1,1,2,-4,0,4,-1,1,2,7,7,0,2,2,0,0,1,5,-3,8,5,2,0,1,1,1,1,1,5,1
KR_6735569792,420,-2,-8,28,-5,-2,1,3,-3,0,3,-1,1,2,4,5,1,-3,0,3,0,-12,-14,-3,8,5,-5,0,-1,-1,1,-1,-1,2,1
KR_6776386234,420,2,72,17,2,-5,1,6,0,1,1,1,1,0,6,8,2,0,2,2,0,-3,-2,0,6,6,1,0,2,1,-1,1,-1,4,1
KR_6761893764,420,-2,-32,1,0,-8,0,8,6,7,1,4,4,0,-2,3,5,0,0,0,0,-1,27,-2,8,6,3,0,-1,-1,1,-1,-1,4,1
KR_6774291472,420,3,19,37,7,1,3,2,4,5,1,3,6,3,-2,3,5,1,2,1,1,14,-46,0,4,4,1,0,1,-1,1,1,1,5,1
KR_6764483480,420,0,9,-40,3,2,2,0,-3,2,5,6,6,0,0,3,3,-2,1,3,0,2,-120,-2,7,5,-6,0,2,-1,1,-1,1,1,1
KR_6745925718,440,-1,60,-11,-5,0,1,1,-5,3,8,3,3,0,0,2,2,-3,1,4,0,-10,-43,-5,7,2,6,0,1,-1,-1,1,1,1,1
KR_6770009180,420,-1,10,22,1,-1,3,4,1,2,1,0,1,1,1,4,3,0,0,0,1,6,4,1,5,6,2,0,-1,1,-1,-1,1,6,1
KR_6773368609,420,5,35,60,13,0,3,3,7,8,1,0,2,2,4,5,1,2,2,0,0,10,-48,-2,7,5,-30,0,3,1,1,1,-1,3,1
KR_6733685975,420,3,39,-19,11,-1,1,2,1,1,0,8,9,1,3,3,0,0,0,0,2,18,45,1,6,7,-8,0,0,1,1,1,1,2,1
KR_6768545368,420,-1,26,18,-4,-1,5,6,-3,1,4,-2,5,7,5,7,2,-3,0,3,-2,-16,-20,-4,7,3,4,0,1,1,1,1,-1,5,1
KR_6775808438,420,-1,-12,-7,5,-2,2,4,5,5,0,1,1,0,0,2,2,1,1,0,0,15,46,3,6,9,-1,0,0,1,1,1,-1,6,1
KR_6754476556,420,3,-10,36,10,-1,0,1,2,2,0,3,4,1,4,5,1,2,2,0,0,16,11,5,4,9,-1,0,0,1,1,1,1,5,1
KR_6774638525,420,4,79,28,8,5,5,0,-1,1,2,-1,1,2,3,4,1,2,2,0,1,6,-2,-4,10,6,1,0,1,-1,-1,1,1,1,1
KR_6776477920,420,1,39,16,5,0,3,3,2,3,1,0,3,3,2,4,2,1,2,1,0,8,-9,1,7,8,5,0,1,-1,1,1,1,3,1
KR_6757125467,420,-1,46,-32,-2,1,2,1,0,4,4,-3,1,4,0,1,1,0,1,1,0,-3,1,3,5,8,-3,0,1,-1,1,1,1,5,1
KR_6769727557,420,3,71,0,8,3,4,1,-1,1,2,3,4,1,3,3,0,0,0,0,2,13,12,3,5,8,1,0,0,1,-1,0,1,5,1
KR_6702659689,420,2,2,-24,5,0,1,1,2,3,1,1,2,1,3,5,2,-1,0,1,0,8,6,7,6,13,3,0,0,-1,-1,-1,-1,1,1
KR_6660322334,420,2,19,0,7,-1,1,2,6,8,2,4,6,2,-3,0,3,1,3,2,0,2,30,-2,7,5,-2,0,-1,1,-1,-1,-1,3,1
KR_6763398056,420,-1,35,-10,-1,-1,2,3,0,1,1,0,4,4,-2,1,3,2,4,2,-2,1,-29,-1,9,8,5,0,1,-1,-1,1,-1,2,1
KR_6774039842,440,0,12,18,5,2,2,0,-1,2,3,2,2,0,0,1,1,2,3,1,2,6,-7,-2,8,6,2,0,0,1,1,0,1,5,1
KR_6766183795,420,0,4,-7,5,-2,1,3,5,5,0,2,3,1,0,1,1,0,1,1,0,4,-102,-1,8,7,-4,0,1,-1,1,1,1,2,1
KR_6775935298,420,-2,3,-12,-1,0,2,2,-4,1,5,1,3,2,2,4,2,0,0,0,1,0,11,0,8,8,-3,0,1,-1,1,1,1,6,1
KR_6730364356,420,-1,-52,14,-3,-1,1,2,-1,5,6,1,1,0,-2,2,4,0,2,2,0,-2,-109,-3,6,3,-24,0,-2,1,-1,-1,-1,5,1
KR_6772373599,420,3,87,-28,13,0,1,1,5,6,1,1,2,1,5,5,0,2,6,4,0,16,-326,-1,6,5,1,0,2,1,-1,1,1,4,1
KR_6753676468,420,11,86,13,23,1,2,1,6,8,2,7,9,2,6,6,0,3,3,0,1,31,75,5,2,7,1,0,1,1,1,1,1,1,1
KR_6770427102,440,0,18,-10,6,2,3,1,3,5,2,3,4,1,-2,3,5,0,1,1,0,1,15,6,3,9,4,0,0,-1,1,1,1,2,1
KR_6757169698,420,1,21,4,0,1,4,3,0,3,3,2,2,0,-2,0,2,-1,0,1,0,-4,-19,-3,8,5,3,0,1,1,1,1,1,6,1
KR_6768516280,420,0,-14,56,-3,2,4,2,1,2,1,-2,0,2,-2,0,2,-2,0,2,1,3,33,1,5,6,-10,0,-2,-1,1,1,1,5,1
KR_6698668426,420,-2,-94,14,0,-1,2,3,0,2,2,-2,2,4,2,5,3,1,1,0,0,8,-28,-6,11,5,-4,0,0,1,1,1,-1,6,1
KR_6757762911,420,2,33,-7,11,7,8,1,2,3,1,2,3,1,-1,2,3,1,2,1,0,1,-30,-5,7,2,2,0,0,-1,1,1,1,6,1
KR_6663107397,420,1,5,12,4,0,4,4,1,3,2,0,1,1,2,4,2,1,1,0,2,4,41,2,5,7,-1,0,1,1,1,1,1,6,1
KR_6773325248,420,-1,-58,25,-7,-1,1,2,-1,2,3,-4,1,5,-2,0,2,1,1,0,0,-5,-10,-3,7,4,0,0,0,1,1,0,-1,1,1
KR_6772895700,420,7,52,27,17,1,2,1,3,4,1,8,8,0,2,4,2,3,6,3,1,6,-39,0,2,2,19,0,2,1,-1,1,1,4,1
KR_6775991158,420,-1,-11,-3,1,-2,1,3,3,4,1,4,4,0,-3,0,3,-1,0,1,0,3,-6,-6,10,4,1,0,-2,-1,-1,-1,1,5,1
KR_6770221502,420,2,26,-8,12,4,4,0,-2,3,5,3,4,1,6,6,0,1,4,3,1,9,11,3,2,5,-2,0,1,-1,1,1,1,4,1
KR_6764739311,420,-1,-29,3,-3,-1,2,3,-1,2,3,-2,2,4,2,2,0,-1,0,1,-1,-5,-19,-3,5,2,2,0,-1,1,-1,-1,-1,4,1
KR_6767580410,420,0,-31,-28,0,-1,2,3,3,4,1,-4,3,7,1,4,3,1,3,2,-1,-2,-371,4,1,5,-3,0,-2,-1,1,1,-1,4,1
KR_6774951717,420,0,19,-20,-2,3,4,1,2,3,1,3,3,0,-10,0,10,0,0,0,0,-2,-5,-1,6,5,4,0,1,-1,1,1,-1,2,1
KR_6769666821,420,1,40,20,-1,2,4,2,0,4,4,3,9,6,-7,2,9,1,1,0,-3,2,-3,-6,7,1,6,0,0,-1,-1,-1,1,5,1
KR_6724807829,420,1,11,-16,4,4,5,1,1,5,4,-1,4,5,1,4,3,-1,2,3,0,0,56,3,4,7,-20,0,2,1,1,1,1,4,1
KR_6713490625,420,2,48,-23,10,0,3,3,0,2,2,4,5,1,6,6,0,0,0,0,0,14,1,-2,7,5,3,0,1,1,-1,-1,1,4,1
KR_6742464655,420,-1,-52,61,-8,-1,0,1,-4,1,5,-2,0,2,0,1,1,-1,0,1,0,-9,-1,1,6,7,2,0,0,-1,1,0,-1,2,1
KR_6690732205,420,1,21,19,2,3,5,2,-2,2,4,-1,1,2,2,3,1,0,2,2,0,5,16,0,4,4,-1,0,0,1,1,-1,-1,5,1
KR_6770337388,420,1,14,27,6,1,2,1,5,8,3,-2,1,3,3,4,1,-1,0,1,0,0,1,-1,6,5,3,0,1,1,-1,1,1,2,1
KR_6753321622,420,2,11,-11,-1,4,4,0,-2,1,3,0,1,1,0,5,5,-3,0,3,1,-1,-23,2,8,10,24,0,-1,1,-1,-1,-1,3,1
KR_6776762047,420,4,58,16,7,3,3,0,1,4,3,0,5,5,4,5,1,-1,1,2,-1,10,-2,6,3,9,-3,0,0,1,-1,0,-1,2,1
KR_6753341451,420,3,13,24,1,2,3,1,0,1,1,-1,0,1,1,1,0,-1,0,1,0,-1,1,1,3,4,-6,0,-1,-1,1,-1,1,5,1
KR_6771576366,440,3,46,-17,1,2,2,0,5,6,1,0,2,2,-5,3,8,-1,2,3,0,-3,-20,3,2,5,-2,0,0,-1,-1,-1,-1,1,1
KR_6760026537,420,4,47,24,2,-4,0,4,0,2,2,0,4,4,4,5,1,2,5,3,0,2,24,3,2,5,7,0,1,1,1,1,-1,4,1
KR_6748675457,440,2,-18,8,7,-1,3,4,4,5,1,4,4,0,-1,3,4,1,2,1,0,3,14,-3,5,2,-2,0,1,1,1,1,-1,6,1
KR_6777052305,420,2,-7,-22,2,0,2,2,-2,2,4,2,6,4,1,3,2,1,1,0,1,0,-6,-3,8,5,-2,0,0,-1,1,1,1,4,1
KR_6776042760,420,0,53,-4,-1,0,0,0,1,2,1,1,3,2,-3,0,3,0,0,0,0,-3,-45,0,7,7,1,0,1,1,-1,1,1,2,1
KR_6700013295,420,4,33,31,9,3,4,1,3,5,2,5,5,0,-1,4,5,-1,0,1,0,16,0,4,5,9,0,0,1,1,1,1,-1,2,1
KR_6770516722,420,6,35,16,17,-2,0,2,9,10,1,5,7,2,5,8,3,0,1,1,0,24,19,4,5,9,3,0,1,-1,1,1,1,5,1
KR_6661816124,420,-1,-24,2,-2,-1,1,2,1,1,0,-3,1,4,1,2,1,0,0,0,0,-4,27,-1,10,9,-3,0,0,1,-1,0,1,4,1
KR_6740481719,420,0,19,2,-3,1,2,1,1,1,0,-3,3,6,-1,2,3,-1,0,1,0,-1,-40,-2,7,5,0,0,0,1,-1,1,-1,6,1
KR_6762521021,420,2,22,-2,5,3,5,2,2,3,1,1,2,1,-1,2,3,0,2,2,0,1,7,-1,5,4,-4,0,-1,-1,1,-1,-1,2,1
KR_6735581859,440,2,65,-4,0,4,6,2,0,3,3,-5,0,5,0,3,3,1,1,0,-1,3,12,3,4,7,0,0,2,-1,1,1,-1,2,1
KR_6774082813,440,4,90,-12,13,3,3,0,-1,2,3,4,5,1,8,8,0,-1,0,1,0,5,-209,1,2,3,1,0,2,1,-1,1,1,4,1
KR_6776649344,420,0,-13,-12,0,-6,1,7,1,3,2,0,2,2,5,7,2,0,1,1,0,5,-3,-2,7,5,4,0,-2,1,-1,-1,1,4,1
KR_6774108503,420,6,68,-3,16,3,6,3,7,9,2,4,5,1,1,5,4,1,1,0,0,17,-16,-2,5,3,5,0,1,1,0,1,1,2,1
KR_6773622552,420,2,7,16,5,2,5,3,-1,3,4,2,4,2,1,4,3,1,2,1,0,7,19,1,8,9,3,0,0,1,1,1,-1,6,1
KR_6766405053,420,1,-17,-6,9,0,0,0,0,1,1,7,8,1,2,4,2,0,0,0,1,14,-15,1,7,8,2,0,1,1,1,1,1,2,1
KR_6776406245,420,-2,24,-6,4,0,3,3,2,3,1,1,2,1,1,1,0,0,0,0,0,12,9,-3,8,5,2,0,1,1,1,1,1,3,1
KR_6775897091,420,4,32,33,7,1,1,0,0,5,5,3,4,1,2,4,2,1,2,1,0,8,15,3,4,7,-5,0,1,1,1,1,1,4,1
KR_6777161336,420,-1,-24,-17,6,-6,0,6,4,4,0,2,4,2,5,5,0,1,1,0,0,8,0,0,5,5,-4,0,-1,-1,1,-1,-1,2,1
KR_6777337145,420,-1,-46,-16,-8,-7,1,8,0,3,3,-5,1,6,5,7,2,-1,0,1,0,-9,-228,-4,8,4,-1,0,-1,-1,-1,-1,1,2,1
KR_6773666850,420,7,89,-9,15,3,3,0,5,7,2,2,4,2,2,2,0,3,3,0,-1,15,44,-1,8,7,4,0,1,1,-1,1,-1,6,1
KR_6753876691,420,9,112,22,17,2,3,1,3,3,0,0,2,2,10,10,0,2,2,0,2,12,-8,4,2,6,-3,0,3,1,1,1,1,6,1
KR_6766143791,420,-2,13,-3,-5,-2,1,3,-1,1,2,-1,2,3,1,3,2,-2,0,2,0,1,0,-1,6,5,4,0,-1,-1,-1,-1,-1,5,1
KR_6772196641,440,-1,-7,-32,-4,-2,3,5,2,2,0,1,1,0,-5,0,5,0,1,1,0,-6,5,3,2,5,-6,0,0,-1,0,0,-1,6,1
KR_6767386281,420,3,41,-8,4,1,2,1,1,2,1,1,2,1,1,5,4,0,1,1,1,11,-2,0,6,6,2,0,-1,1,-1,-1,1,3,1
KR_6776427850,420,-1,-11,-10,1,0,0,0,0,3,3,-2,1,3,3,3,0,0,0,0,0,7,-7,5,2,7,0,0,0,1,-1,-1,1,3,1
KR_6776006062,420,3,70,4,10,3,3,0,0,1,1,3,4,1,4,4,0,0,0,0,0,5,14,0,5,5,4,0,2,1,1,1,1,5,1
KR_6769892427,420,5,108,-16,17,5,5,0,4,4,0,0,2,2,3,4,1,5,5,0,0,12,6,4,4,8,2,0,2,0,1,1,1,0,1
KR_6738664739,420,0,20,13,1,5,5,0,-1,2,3,-1,2,3,-2,0,2,0,0,0,0,-1,1,2,7,9,3,0,1,1,-1,1,1,6,1
KR_6775701110,420,0,-38,-14,-4,1,2,1,3,5,2,-4,0,4,-7,1,8,3,3,0,0,2,-164,-4,5,1,-2,0,-1,-1,-1,-1,-1,4,1
KR_6732081654,420,2,14,-20,5,3,4,1,3,4,1,-3,2,5,-2,2,4,4,4,0,-1,5,231,-2,8,6,-7,0,0,1,-1,0,-1,4,1
KR_6776572674,420,-1,-26,3,9,3,4,1,3,4,1,-1,0,1,2,5,3,2,2,0,0,14,8,-3,6,3,1,0,0,1,-1,1,1,2,1
KR_6776660504,420,2,-17,13,5,-1,1,2,1,5,4,4,5,1,2,4,2,-1,1,2,0,3,2,1,7,8,-1,0,2,1,0,1,1,2,1
KR_6711812714,420,0,-15,-36,11,1,4,3,5,6,1,0,3,3,4,6,2,1,2,1,0,24,5,4,6,10,-5,0,0,-1,-1,0,1,4,1
KR_6777038747,420,-1,-4,24,6,2,4,2,3,3,0,2,3,1,0,3,3,-1,1,2,0,4,246,-5,12,7,-4,0,1,1,1,1,1,2,1
KR_6770556429,440,3,71,-23,11,1,2,1,2,2,0,6,6,0,2,5,3,0,2,2,0,6,3,0,6,6,-1,0,1,1,1,-1,1,6,1
KR_6617494328,420,8,61,47,11,2,3,1,0,1,1,3,4,1,6,6,0,0,0,0,1,8,3,2,2,4,4,0,5,1,1,1,1,5,1
KR_6738128137,420,4,38,14,16,1,2,1,3,6,3,9,9,0,5,10,5,-2,0,2,0,24,-22,2,6,8,4,0,1,1,-1,1,-1,6,1
KR_6762480097,420,0,36,11,0,-4,1,5,-2,1,3,4,4,0,-4,0,4,6,7,1,1,2,-5,-7,12,5,5,0,3,1,1,1,1,3,1
KR_6774409188,420,2,105,-12,12,6,6,0,4,6,2,3,4,1,0,1,1,-1,0,1,0,11,-2,8,3,11,6,0,2,-1,1,1,1,2,1
KR_6669746126,420,6,60,47,13,2,6,4,3,4,1,4,4,0,6,7,1,-2,1,3,0,13,9,4,2,6,2,0,1,1,-1,1,1,2,1
KR_6765102270,420,1,19,59,-1,1,2,1,0,2,2,-2,1,3,1,1,0,-1,0,1,0,-4,5,3,2,5,1,0,0,1,1,1,-1,3,1
KR_6679748091,420,1,46,-23,7,-1,3,4,3,5,2,3,5,2,2,3,1,0,0,0,0,14,12,1,6,7,-3,0,0,1,1,0,1,4,1
KR_6745231581,420,2,20,-12,5,0,1,1,1,3,2,6,7,1,-3,1,4,1,1,0,0,-3,2,4,4,8,1,0,0,1,1,-1,1,1,1
KR_6776652688,440,-2,40,-4,-4,1,3,2,1,1,0,0,3,3,-2,1,3,-4,0,4,0,-7,-4,-1,4,3,2,0,-1,1,1,-1,1,4,1
KR_6774400394,420,0,12,4,-2,-2,0,2,-1,4,5,-3,2,5,3,6,3,1,2,1,-1,-9,4,3,5,8,2,0,-1,-1,-1,-1,1,3,1
KR_6777661077,420,-2,29,16,-10,-3,3,6,0,3,3,-5,0,5,-2,0,2,0,0,0,-1,-16,-12,2,2,4,-3,0,0,-1,-1,0,-1,5,1
KR_6733569659,420,1,22,-10,0,-1,3,4,-4,1,5,1,3,2,4,4,0,0,0,0,0,-3,-1,-1,8,7,1,0,2,1,1,1,1,6,1
KR_6773614179,420,0,43,-12,1,2,3,1,-3,1,4,0,2,2,4,4,0,-2,0,2,-2,-1,-21,1,7,8,-4,0,0,1,1,0,-1,6,1
KR_6773713130,420,3,37,-6,-1,0,3,3,0,3,3,1,3,2,0,4,4,-2,1,3,0,-4,-5,-1,6,5,4,0,1,1,0,1,1,3,1
KR_6757603441,420,-2,7,40,-3,2,4,2,-3,1,4,1,4,3,-2,3,5,-1,0,1,0,-5,-40,-3,8,5,4,0,-1,-1,1,1,-1,3,1
KR_6760321826,420,2,19,15,18,4,4,0,5,9,4,3,4,1,5,5,0,1,1,0,0,23,43,0,6,6,-6,0,1,1,1,1,1,5,1
KR_6775352435,420,1,4,-21,6,3,5,2,0,3,3,1,3,2,-1,3,4,3,3,0,0,-1,13,2,5,7,-3,0,0,1,1,1,1,1,1
KR_6765012638,420,4,104,41,3,2,3,1,-2,0,2,-4,0,4,4,4,0,3,3,0,0,-9,0,0,4,4,-5,0,3,1,1,1,1,3,1
KR_6764998482,420,1,-19,-16,-1,-1,0,1,0,3,3,0,0,0,0,4,4,0,1,1,0,-3,6,-2,9,7,2,0,0,1,-1,0,-1,1,1
KR_6766244750,420,2,-5,-10,6,-7,1,8,4,6,2,1,2,1,8,11,3,0,2,2,-1,1,-5,-2,11,9,2,0,2,-1,1,1,-1,2,1
KR_6776266249,440,0,-31,32,-2,1,3,2,1,1,0,-4,1,5,-2,7,9,2,3,1,0,-3,105,0,5,5,3,0,-1,1,-1,-1,1,1,1
KR_6773839030,420,5,74,1,7,5,5,0,2,5,3,1,2,1,0,0,0,-1,1,2,0,1,7,-2,8,6,-3,0,1,1,1,1,1,6,1
KR_6758707957,420,1,77,28,6,2,4,2,-2,2,4,3,5,2,3,5,2,0,0,0,0,3,39,4,8,12,-3,0,2,1,1,1,1,6,1
KR_6766407143,420,-3,-103,7,-8,2,3,1,-2,2,4,-1,1,2,-4,1,5,-3,0,3,0,-11,-2,-2,6,4,-7,0,-2,-1,-1,-1,1,2,1
KR_6692575565,440,-1,-37,-12,-3,3,5,2,-1,1,2,-4,2,6,-1,1,2,0,1,1,0,-7,-1,0,5,5,-5,0,0,-1,1,0,-1,1,1
KR_6727845315,420,3,28,50,7,2,2,0,8,9,1,0,1,1,-2,0,2,-1,0,1,0,5,33,-2,7,5,-4,0,0,-1,1,1,1,3,1
KR_6767955891,420,-2,-11,-15,-3,0,1,1,-1,3,4,-1,1,2,1,4,3,-2,0,2,1,-7,-2,1,5,6,-1,0,0,1,-1,-1,1,2,1
KR_6769653058,420,-1,-4,-34,4,-1,0,1,0,2,2,5,5,0,1,1,0,-1,0,1,0,7,-6,-3,7,4,2,0,0,-1,1,0,1,6,1
KR_6675435127,420,0,-33,8,-2,0,0,0,2,6,4,2,4,2,-6,2,8,0,1,1,0,2,-2,1,4,5,-3,0,-1,-1,1,-1,-1,4,1
KR_6763563814,420,-1,21,5,-1,-1,1,2,4,6,2,1,3,2,-3,1,4,-2,0,2,0,0,2,4,4,8,3,0,-1,-1,0,-1,-1,3,1
KR_6691564252,420,2,-33,21,4,-5,0,5,-3,0,3,5,6,1,7,7,0,0,1,1,0,7,1,1,7,8,3,0,-1,1,-1,-1,1,3,1
KR_6767600296,420,4,61,58,4,2,3,1,2,5,3,3,4,1,0,2,2,-3,0,3,1,-3,36,1,4,5,-4,0,1,0,1,1,1,0,1
KR_6732247040,420,-1,-11,-4,-2,-2,1,3,-1,1,2,0,0,0,0,6,6,1,2,1,0,1,5,4,5,9,-3,0,0,1,-1,1,1,1,1
KR_6733301135,420,2,76,-4,1,0,3,3,2,5,3,0,2,2,-1,2,3,0,1,1,-1,-2,127,4,5,9,5,0,2,-1,1,1,-1,2,1
KR_6666530692,420,1,51,-14,-3,-3,3,6,-6,0,6,5,6,1,0,2,2,1,2,1,0,-2,1,4,6,10,4,0,0,-1,-1,0,-1,5,1
KR_6777078153,420,3,-19,32,8,1,4,3,0,3,3,5,7,2,1,1,0,1,3,2,0,11,-11,-4,10,6,2,0,1,1,-1,1,1,6,1
KR_6723214113,420,-1,-14,-28,3,-1,2,3,-3,7,10,3,3,0,2,3,1,2,2,0,0,6,26,-1,6,5,0,0,1,1,1,1,1,6,1
KR_6756636020,420,1,-48,19,2,-1,3,4,5,6,1,2,4,2,-6,2,8,2,2,0,-1,2,7,1,5,6,-3,0,-1,-1,1,-1,-1,2,1
KR_6771494056,420,3,9,16,5,-1,1,2,0,3,3,-1,2,3,4,5,1,3,3,0,0,14,7,-3,6,3,2,0,1,1,-1,1,-1,1,1
KR_6774130198,420,4,-26,36,13,-1,1,2,7,9,2,-1,1,2,4,6,2,4,4,0,0,24,38,-3,8,5,6,0,2,1,1,1,1,5,1
KR_6774808362,420,1,27,21,-1,-3,4,7,0,2,2,0,0,0,2,3,1,0,1,1,0,2,38,0,7,7,-4,0,1,1,-1,1,1,3,1
KR_6667681316,420,3,29,-20,6,1,2,1,4,5,1,0,2,2,3,5,2,-2,1,3,0,5,5,6,4,10,1,0,0,1,-1,0,-1,2,1
KR_6777803489,420,1,-50,6,-1,0,0,0,1,4,3,-1,1,2,-1,5,6,0,0,0,0,4,0,-2,7,5,0,0,0,-1,1,0,-1,5,1
KR_6776025464,420,1,43,-21,4,-1,0,1,1,3,2,0,2,2,5,5,0,-1,0,1,0,3,12,6,2,8,-2,0,1,1,1,1,1,5,1
KR_6757011827,420,7,84,53,17,5,6,1,6,7,1,3,4,1,2,5,3,1,1,0,0,15,-4,4,3,7,4,0,2,1,1,1,1,3,1
KR_6758253635,420,1,8,-19,3,0,4,4,2,4,2,-1,4,5,1,4,3,1,2,1,0,1,2,-2,12,10,-3,0,1,1,-1,1,1,6,1
KR_6731313584,420,3,-11,6,4,2,3,1,-1,4,5,-2,1,3,5,7,2,0,1,1,0,10,13,5,2,7,-5,0,-1,1,-1,-1,-1,4,1
KR_6736055858,420,3,17,13,4,0,1,1,2,4,2,-3,2,5,2,2,0,3,3,0,0,10,7,-4,10,6,-4,0,1,-1,1,1,-1,1,1
KR_6766175550,420,2,41,-19,6,-2,2,4,1,5,4,4,7,3,0,6,6,3,3,0,0,5,12,0,6,6,7,0,-1,0,-1,-1,-1,0,1
KR_6774509721,420,2,4,-16,10,1,3,2,2,4,2,8,8,0,-1,2,3,0,3,3,0,14,-4,2,3,5,3,0,0,1,0,0,-1,2,1
KR_6652928397,420,3,108,38,4,4,6,2,0,1,1,2,3,1,0,3,3,-2,1,3,0,-9,217,-2,4,2,1,0,1,1,-1,1,1,2,1
KR_6777183934,420,3,-2,-28,6,1,1,0,1,4,3,2,3,1,2,2,0,0,0,0,0,6,86,1,4,5,-4,0,-1,-1,-1,-1,-1,5,1
KR_6776579526,420,-2,75,12,-7,0,1,1,-3,1,4,-4,2,6,-1,3,4,1,1,0,0,-19,-44,-3,10,7,5,0,2,1,1,1,1,5,1
KR_6773893602,420,-1,-29,20,-3,4,4,0,-1,1,2,-2,1,3,-4,1,5,0,1,1,0,-9,2,-1,6,5,5,0,1,-1,1,1,-1,5,1
KR_6775400857,420,2,23,39,12,4,4,0,5,5,0,4,4,0,0,6,6,-1,1,2,1,12,-99,0,8,8,4,0,1,1,1,1,1,2,1
KR_6772998763,420,4,68,6,12,7,7,0,1,2,1,7,10,3,-1,1,2,-2,1,3,0,10,7,-1,6,5,-2,0,1,1,0,1,1,5,1
KR_6757690730,420,1,36,-20,8,-2,0,2,-1,3,4,9,9,0,-1,1,2,3,3,0,0,9,0,3,6,9,0,0,2,1,-1,1,1,5,1
KR_6712019994,420,5,78,18,12,1,1,0,1,4,3,5,5,0,2,5,3,3,3,0,0,14,3,4,5,9,2,0,3,1,1,1,1,5,1
KR_6767781378,420,0,37,-5,4,0,1,1,3,6,3,-1,2,3,3,4,1,-1,0,1,0,7,32,1,7,8,-5,0,0,-1,1,1,1,6,1
KR_6775323158,420,-1,31,20,-2,-1,1,2,-3,3,6,-1,3,4,6,9,3,-3,0,3,1,-6,-12,3,5,8,2,0,0,1,-1,1,1,2,1
KR_6745211715,420,1,-22,-7,4,-1,0,1,4,6,2,2,3,1,0,4,4,-1,2,3,0,5,-64,1,9,10,-2,0,0,1,1,0,-1,4,1
KR_6763537041,420,4,28,25,13,9,10,1,7,8,1,-1,1,2,-1,3,4,-1,0,1,0,11,2,5,2,7,1,0,3,1,1,1,1,6,1
KR_6693612365,420,6,105,16,13,3,3,0,6,9,3,1,1,0,3,6,3,0,0,0,0,16,27,-1,6,5,5,0,2,1,-1,1,-1,1,1
KR_6768079425,420,0,-13,-35,2,4,4,0,-2,2,4,4,5,1,-4,0,4,0,1,1,0,-1,109,1,6,7,1,0,1,-1,1,1,-1,3,1
KR_6776252264,420,0,44,-8,6,6,8,2,-4,1,5,2,3,1,2,3,1,0,3,3,0,-7,-9,3,2,5,-2,0,1,1,-1,1,1,5,1
KR_6775656925,420,1,-25,-3,11,-4,0,4,4,8,4,9,9,0,3,10,7,-1,0,1,2,14,2,0,7,7,-4,0,2,1,1,1,1,2,1
KR_6763963600,420,3,-5,30,4,-2,1,3,3,7,4,6,7,1,-2,4,6,-1,0,1,0,12,39,-3,10,7,3,0,1,1,1,1,1,6,1
KR_6774418947,420,0,17,-12,-2,-4,2,6,-1,2,3,1,3,2,1,4,3,1,1,0,0,0,-13,-1,5,4,-4,0,-1,1,-1,-1,-1,2,1
KR_6767875689,420,1,45,-24,6,1,2,1,2,2,0,-3,4,7,6,6,0,0,1,1,0,5,6,-4,9,5,6,0,0,1,-1,0,1,3,1
KR_6776955768,440,6,103,-11,9,2,3,1,3,5,2,3,4,1,1,4,3,0,0,0,0,8,-25,7,5,12,1,0,2,-1,1,1,1,4,1
KR_6697310388,420,7,97,10,13,5,5,0,3,6,3,4,6,2,1,3,2,0,0,0,2,8,13,7,3,10,4,0,3,1,1,1,1,3,1
KR_6777645887,440,-1,25,-20,5,0,1,1,0,2,2,6,8,2,0,1,1,-1,6,7,0,5,5,5,4,9,3,0,-1,1,-1,-1,1,6,1
KR_6756226733,420,5,77,23,13,4,8,4,-3,0,3,4,4,0,8,8,0,0,0,0,1,18,-8,4,4,8,5,0,3,1,1,1,1,2,1
KR_6759730172,420,1,9,-18,8,3,4,1,0,3,3,2,4,2,2,4,2,1,1,0,0,4,-11,2,6,8,-1,0,0,-1,-1,1,-1,5,1
KR_6772755360,420,5,3,4,18,2,2,0,1,1,0,3,5,2,7,9,2,5,5,0,0,19,2,6,3,9,1,0,1,1,1,1,1,5,1
KR_6721728215,420,1,30,-28,4,7,9,2,1,3,2,0,3,3,-2,0,2,-2,1,3,0,-1,20,3,5,8,-4,0,0,-1,1,0,1,1,1
KR_6775254810,440,2,80,-16,6,-1,0,1,1,2,1,7,7,0,-1,0,1,0,0,0,0,3,1,3,3,6,-2,0,0,1,-1,1,1,4,1
KR_6693581631,420,0,-10,0,5,-2,1,3,0,7,7,0,1,1,6,9,3,1,3,2,1,7,-32,-1,7,6,1,0,1,1,1,1,1,4,1
KR_6739965040,420,5,-24,48,10,-5,0,5,5,5,0,4,6,2,6,7,1,0,0,0,0,21,-9,4,4,8,-2,0,1,1,-1,1,-1,3,1
KR_6664933271,420,0,-8,-2,6,2,4,2,3,7,4,1,3,2,-1,1,2,1,2,1,0,-3,15,10,1,11,8,0,2,1,1,1,1,4,1
KR_6725174901,420,1,40,24,-5,-2,1,3,-2,4,6,1,3,2,-3,4,7,1,1,0,0,3,-2,-5,7,2,3,0,0,1,-1,-1,-1,2,1
KR_6777568458,420,1,46,-8,7,1,2,1,1,4,3,1,2,1,3,3,0,1,1,0,0,11,46,-2,8,6,3,0,1,-1,1,1,1,3,1
KR_6768110041,420,4,10,20,13,3,4,1,1,2,1,6,6,0,4,4,0,-1,1,2,0,18,-4,-2,6,4,3,0,2,1,1,1,1,2,1
KR_6771108053,420,2,-50,7,6,-3,0,3,5,6,1,0,0,0,1,4,3,3,3,0,0,10,-23,1,4,5,3,0,1,1,1,1,-1,4,1
KR_6776958189,420,-4,-13,-4,-8,-4,1,5,-4,1,5,4,4,0,-6,2,8,2,2,0,-1,-10,-13,-2,7,5,2,0,-1,-1,-1,-1,-1,6,1
KR_6772237206,440,0,-51,0,1,-1,1,2,2,4,2,0,4,4,1,6,5,-1,0,1,0,10,-25,1,5,6,0,0,0,-1,-1,-1,-1,1,1
KR_6755553205,420,3,22,0,11,6,7,1,1,3,2,1,3,2,1,5,4,2,2,0,0,17,-11,1,5,6,7,0,2,1,-1,1,-1,3,1
KR_6730734214,420,3,2,16,2,2,2,0,4,6,2,-2,1,3,0,5,5,-2,0,2,0,-1,-2,-3,7,4,4,0,1,1,1,1,-1,2,1
KR_6775181808,420,1,26,-11,1,1,2,1,1,2,1,0,1,1,2,4,2,-3,0,3,0,-3,7,2,5,7,0,0,1,1,1,1,-1,4,1
KR_6769386276,420,1,0,8,3,0,1,1,-1,2,3,-2,3,5,5,5,0,1,1,0,0,8,-143,-6,10,4,0,0,1,1,1,1,1,4,1
KR_6776134028,420,0,3,-16,1,0,1,1,5,7,2,-1,1,2,-3,2,5,0,0,0,0,7,-9,1,7,8,4,0,0,-1,1,1,-1,6,1
KR_6750291212,420,2,37,17,8,2,5,3,5,7,2,-2,2,4,1,5,4,2,2,0,0,5,-20,1,4,5,0,0,1,1,-1,1,1,2,1
KR_6769705304,420,1,-2,-24,-7,0,3,3,-3,2,5,-1,1,2,-2,10,12,-1,2,3,-1,-13,-3,-1,7,6,3,0,0,-1,1,-1,-1,3,1
KR_6772198426,420,2,36,3,4,-1,1,2,-2,2,4,4,5,1,3,4,1,0,1,1,-1,6,-8,-4,6,2,6,0,1,1,-1,-1,-1,3,1
KR_6775568369,420,2,-27,-4,7,-1,1,2,1,4,3,5,7,2,2,2,0,0,3,3,0,6,15,-3,8,5,-5,0,1,0,-1,1,-1,0,1
KR_6767708423,420,7,87,13,10,1,3,2,3,4,1,2,3,1,3,3,0,1,1,0,0,17,30,4,7,11,3,0,0,1,-1,1,-1,5,1
KR_6772420490,440,-1,-18,36,-2,0,3,3,1,3,2,-1,2,3,-1,0,1,-1,0,1,1,-3,-11,0,6,6,1,0,0,1,0,0,1,3,1
KR_6764984477,420,2,27,18,13,2,3,1,0,1,1,-1,0,1,8,10,2,4,4,0,1,8,18,3,2,5,4,0,1,1,1,1,1,4,1
KR_6772877976,420,1,-7,11,-2,1,4,3,-2,3,5,1,1,0,-2,2,4,0,1,1,0,-7,12,-2,5,3,-3,0,-1,1,1,1,-1,5,1
KR_6774032961,420,1,1,4,-1,-1,2,3,1,1,0,0,3,3,0,3,3,-1,1,2,0,5,-51,-2,7,5,4,0,-1,1,-1,-1,-1,3,1
KR_6760899148,420,0,17,25,-2,3,4,1,-1,2,3,-2,5,7,-2,1,3,0,1,1,0,-2,-17,-8,10,2,5,0,1,1,1,1,1,4,1
KR_6774015349,440,-3,-19,-12,-6,3,3,0,-1,1,2,-3,0,3,-4,2,6,-1,2,3,0,-6,0,-1,4,3,0,0,0,-1,1,-1,-1,3,1
KR_6771595577,420,3,48,-30,7,5,6,1,-2,3,5,3,4,1,2,2,0,-1,1,2,0,0,-11,3,2,5,2,0,1,-1,1,1,1,6,1
KR_6761835509,440,-1,-47,-16,-1,0,2,2,-1,1,2,-4,0,4,2,3,1,2,2,0,0,-1,-4,-2,7,5,1,0,-1,-1,0,-1,-1,6,1
KR_6741486298,420,3,0,62,9,-2,0,2,7,9,2,3,5,2,-1,3,4,2,2,0,0,20,9,8,7,15,-4,0,2,-1,1,1,1,6,1
KR_6740873855,420,1,-19,12,2,-1,2,3,-1,3,4,-1,1,2,5,6,1,0,3,3,0,2,-3,1,6,7,3,0,1,1,1,1,-1,5,1
KR_6764936911,420,2,40,14,1,3,5,2,1,4,3,0,3,3,-1,2,3,-2,2,4,1,-4,2,7,5,12,-6,0,0,0,1,0,1,0,1
KR_6763728374,420,0,29,32,1,-1,2,3,-2,2,4,3,4,1,1,5,4,0,0,0,-1,-1,11,0,9,9,2,0,1,1,-1,1,-1,1,1
KR_6719878823,420,-2,43,-5,-9,-3,0,3,0,1,1,-4,1,5,-1,2,3,-1,0,1,0,-7,-31,-1,10,9,3,0,0,-1,-1,-1,-1,3,1
KR_6727106477,420,1,17,11,1,-2,1,3,4,6,2,0,6,6,-3,0,3,2,2,0,0,-10,24,3,3,6,1,0,1,-1,-1,1,-1,5,1
KR_6767111480,420,3,47,-7,11,9,9,0,2,5,3,-1,2,3,-1,1,2,2,2,0,0,11,13,0,4,4,-4,0,2,1,-1,1,-1,4,1
KR_6777090978,420,4,40,54,6,8,9,1,0,2,2,-1,3,4,-1,5,6,0,1,1,0,-5,-4,0,6,6,3,0,0,1,1,1,1,3,1
KR_6770498602,420,2,63,13,6,7,7,0,2,2,0,2,3,1,-4,3,7,-1,1,2,0,8,-115,-3,7,4,8,0,1,1,-1,1,1,1,1
KR_6751725992,420,4,7,35,7,-3,1,4,4,6,2,6,6,0,-3,4,7,3,6,3,-1,8,71,-4,8,4,-32,0,1,1,1,1,-1,5,1
KR_6773206727,420,0,30,33,-5,-1,1,2,1,3,2,-1,1,2,-4,0,4,0,1,1,0,-12,-35,-6,8,2,3,0,1,1,1,1,-1,6,1
KR_6720244601,420,-2,39,18,-5,-2,0,2,-1,2,3,1,3,2,-1,1,2,-2,0,2,0,-6,14,7,3,10,-7,0,1,-1,1,1,-1,2,1
KR_6776962645,420,5,24,21,15,2,3,1,4,4,0,8,9,1,0,1,1,1,1,0,0,9,-31,1,2,3,5,0,1,1,1,1,1,4,1
KR_6764253985,420,2,-15,-31,6,2,2,0,2,3,1,4,6,2,-2,1,3,0,1,1,0,5,-11,1,4,5,5,0,0,-1,-1,0,1,2,1
KR_6777411479,420,1,-36,12,1,-1,2,3,-3,4,7,5,7,2,2,3,1,-2,0,2,-2,3,71,-1,6,5,-1,0,0,-1,1,0,-1,4,1
KR_6755662125,420,2,-31,6,-1,0,1,1,2,5,3,-3,1,4,-1,1,2,1,3,2,0,-6,57,-3,5,2,-30,0,1,1,-1,1,-1,5,1
KR_6692145109,420,1,-5,-5,10,-1,1,2,12,15,3,3,5,2,-3,3,6,-1,0,1,0,9,-4,4,3,7,-1,0,2,-1,1,1,-1,6,1
KR_6771145524,420,5,45,16,16,4,4,0,2,2,0,2,2,0,6,6,0,2,3,1,0,21,5,1,7,8,1,0,2,1,1,1,1,6,1
KR_6741757032,440,6,103,26,14,6,6,0,2,3,1,6,7,1,-2,2,4,2,3,1,0,12,4,0,8,8,-1,0,2,0,1,1,1,0,1
KR_6721773601,420,5,-7,9,21,11,11,0,-6,1,7,0,3,3,9,10,1,7,8,1,1,12,11,2,5,7,3,0,-1,1,1,1,1,6,1
KR_6744614446,420,3,77,14,-3,4,4,0,-5,0,5,-5,2,7,2,3,1,1,1,0,0,-8,4,0,9,9,-2,0,1,1,-1,1,1,1,1
KR_6742092576,420,-1,-58,-16,1,0,2,2,3,3,0,-2,2,4,-1,2,3,1,1,0,0,6,-1,5,5,10,0,0,-1,-1,-1,-1,-1,6,1
KR_6757069298,420,3,-9,25,3,-2,2,4,2,3,1,2,4,2,1,5,4,0,0,0,0,5,1,-3,7,4,0,0,0,1,1,-1,1,3,1
KR_6756675746,420,2,16,18,-1,0,2,2,0,2,2,2,3,1,-1,3,4,-2,0,2,1,-4,9,3,7,10,3,0,0,-1,1,1,1,1,1
KR_6739187740,420,-1,1,11,0,-3,1,4,0,3,3,4,4,0,3,5,2,-4,1,5,0,4,9,-6,8,2,-6,0,2,1,1,1,-1,6,1
KR_6685511874,420,4,32,28,10,1,3,2,-1,2,3,4,4,0,3,3,0,3,3,0,0,17,8,6,6,12,2,0,2,1,1,-1,1,5,1
KR_6753826329,420,-1,-7,9,-1,4,4,0,0,4,4,-3,1,4,-1,1,2,-1,1,2,0,-1,1,0,6,6,-7,0,1,0,1,1,1,0,1
KR_6769182333,420,4,97,8,6,2,2,0,-2,2,4,4,4,0,2,3,1,0,2,2,1,6,21,-1,5,4,0,0,2,1,1,1,1,1,1
KR_6730027198,420,-3,-27,-21,-5,-1,0,1,-3,1,4,3,3,0,-1,2,3,-3,0,3,-1,-8,9,-6,9,3,1,0,-1,-1,-1,-1,-1,5,1
KR_6752686861,420,3,13,23,8,4,4,0,4,7,3,3,3,0,-3,2,5,0,1,1,0,5,-5,0,6,6,0,0,0,1,1,1,-1,3,1
KR_6775391898,420,-1,18,2,2,-2,2,4,-4,0,4,2,5,3,6,8,2,0,1,1,0,2,-16,-1,7,6,2,0,-1,-1,-1,-1,1,4,1
KR_6775205930,420,4,13,12,12,1,2,1,2,4,2,2,3,1,0,6,6,7,10,3,0,12,3,4,3,7,-3,0,1,1,-1,1,1,4,1
KR_6767042054,420,3,-13,8,6,0,0,0,-1,1,2,3,4,1,4,5,1,0,1,1,0,12,0,3,6,9,-1,0,0,1,-1,0,-1,1,1
KR_6775541804,420,1,62,5,3,-1,1,2,-1,2,3,0,1,1,5,7,2,0,0,0,0,6,-267,-3,9,6,1,0,1,1,1,1,1,3,1
KR_6772559864,420,-1,-3,2,1,4,4,0,2,6,4,0,0,0,-2,4,6,-3,0,3,1,3,-9,0,6,6,21,0,1,-1,1,1,1,5,1
KR_6759568808,420,1,61,0,2,4,5,1,-3,4,7,-4,2,6,3,7,4,2,4,2,0,-13,-3,2,6,8,5,0,1,1,1,1,1,6,1
KR_6767058588,420,0,61,-5,1,0,1,1,-2,3,5,1,3,2,1,2,1,1,2,1,1,0,5,1,3,4,3,0,0,1,0,1,1,5,1
KR_6754728055,420,2,39,12,0,1,1,0,-2,1,3,2,5,3,0,2,2,-1,1,2,-1,2,-15,-3,10,7,-3,0,2,1,-1,1,-1,1,1
KR_6767838523,420,5,84,-12,13,5,6,1,2,7,5,3,3,0,5,6,1,-2,0,2,0,11,-7,1,6,7,5,0,2,1,-1,-1,1,1,1
KR_6685119259,420,2,19,-4,5,6,7,1,0,2,2,-1,1,2,2,4,2,-2,0,2,0,6,-6,6,3,9,5,0,0,0,1,1,1,0,1
KR_6725751374,420,0,-84,52,2,-2,0,2,7,7,0,1,3,2,-4,0,4,0,1,1,0,4,-1,-1,7,6,6,0,-1,1,1,-1,1,1,1
KR_6731310288,420,0,-2,23,-5,1,2,1,-5,2,7,0,4,4,-2,2,4,1,1,0,0,-11,-16,-4,10,6,3,0,0,1,-1,0,1,4,1
KR_6770669586,420,0,-22,0,3,0,2,2,1,3,2,-1,4,5,2,5,3,1,1,0,0,11,7,2,7,9,4,0,0,0,1,0,-1,0,1
KR_6776780166,440,0,39,-5,5,3,3,0,4,5,1,5,5,0,-5,2,7,-2,2,4,1,-3,-1,-2,5,3,5,0,1,-1,1,1,1,1,1
KR_6775175293,440,0,4,-6,-5,-2,3,5,1,3,2,-5,0,5,1,4,3,0,2,2,0,-14,-52,-4,6,2,0,0,0,-1,-1,0,-1,4,1
KR_6731009505,420,4,38,8,14,4,5,1,8,8,0,0,2,2,1,2,1,1,2,1,0,22,45,0,6,6,-2,0,4,1,-1,1,1,5,1
KR_6767072663,420,4,38,20,10,8,8,0,2,2,0,-1,0,1,2,3,1,-1,0,1,0,8,40,-4,8,4,1,0,2,1,1,1,1,4,1
KR_6767465543,420,5,50,16,4,1,3,2,-2,4,6,-2,1,3,3,6,3,4,5,1,0,-3,41,3,5,8,-2,0,1,1,1,1,1,6,1
KR_6774450897,420,2,16,-27,12,-2,0,2,6,6,0,2,2,0,5,5,0,1,1,0,0,20,27,6,5,11,1,0,2,1,1,1,1,4,1
KR_6753853193,420,3,22,72,-1,1,5,4,-5,4,9,2,5,3,0,3,3,1,3,2,-1,-1,31,-7,10,3,-9,0,1,1,1,1,-1,4,1
KR_6777191628,420,0,-19,13,0,0,1,1,1,1,0,2,3,1,-1,2,3,-2,1,3,0,-1,-122,-4,8,4,-5,0,0,-1,-1,0,-1,5,1
KR_6664896890,420,1,38,14,1,-1,3,4,0,1,1,0,1,1,-1,5,6,3,4,1,0,-12,3,-1,7,6,-4,0,2,1,1,1,1,4,1
KR_6777143130,420,2,27,6,3,-2,0,2,4,8,4,-4,4,8,4,4,0,1,2,1,0,-1,9,-1,10,9,1,0,2,1,1,1,-1,2,1
KR_6770087196,420,1,22,14,3,-1,2,3,0,4,4,-2,3,5,5,7,2,1,3,2,0,4,2,-2,8,6,-3,0,1,-1,1,-1,1,1,1
KR_6754479639,420,3,40,9,8,1,1,0,3,6,3,0,4,4,4,4,0,0,1,1,0,15,6,2,4,6,1,0,2,1,1,1,1,2,1
KR_6764082314,420,5,73,19,4,2,2,0,2,4,2,0,1,1,-1,2,3,1,1,0,0,2,18,3,4,7,1,0,1,-1,-1,1,-1,3,1
KR_6758227876,420,-1,25,33,-8,-2,0,2,-1,1,2,-2,0,2,-1,3,4,-2,0,2,0,-13,2,-5,9,4,-3,0,-1,-1,1,-1,-1,3,1
KR_6767490017,420,-2,-7,-8,-2,1,4,3,0,3,3,2,3,1,-5,0,5,0,1,1,0,-12,8,3,4,7,-4,0,0,1,1,1,-1,6,1
KR_6774036825,420,1,22,38,3,-2,1,3,1,3,2,1,3,2,4,5,1,-1,3,4,0,9,0,-2,7,5,5,0,0,1,-1,-1,1,3,1
KR_6755823861,420,3,83,21,4,-1,1,2,1,2,1,-5,2,7,9,9,0,0,1,1,0,8,-9,0,6,6,6,0,2,-1,1,1,1,1,1
KR_6754795369,420,-3,-72,-2,-1,0,3,3,0,2,2,-1,0,1,0,2,2,0,0,0,0,-1,8,1,5,6,-2,0,1,-1,1,1,1,3,1
KR_6766744624,420,3,76,4,-2,7,8,1,-3,1,4,1,1,0,-3,2,5,-4,0,4,0,-16,-14,-4,7,3,1,0,2,-1,1,1,-1,1,1
KR_6711489897,420,2,-2,-30,6,0,0,0,4,8,4,5,5,0,0,3,3,-3,1,4,0,0,-36,-3,6,3,-2,0,2,-1,1,1,1,2,1
KR_6775582248,420,1,-44,15,7,0,0,0,3,5,2,3,5,2,1,6,5,0,0,0,0,0,-11,-3,6,3,3,0,0,1,1,0,1,6,1
KR_6774085929,420,-2,4,11,-2,-5,0,5,1,3,2,0,1,1,3,3,0,-1,0,1,0,-6,-39,0,8,8,4,0,-1,1,-1,-1,1,4,1
KR_6746198601,420,-2,14,-12,-3,5,6,1,-6,0,6,0,3,3,-2,2,4,0,0,0,0,-8,-10,-2,5,3,-2,0,0,1,-1,0,1,5,1
KR_6682851826,420,5,46,-20,8,4,4,0,3,3,0,1,4,3,1,5,4,-1,1,2,2,20,0,0,2,2,1,0,2,1,-1,1,1,2,1
KR_6747730426,420,5,129,29,5,1,5,4,0,3,3,1,4,3,5,5,0,-2,0,2,0,6,9,-1,4,3,7,0,2,-1,1,1,1,3,1
KR_6771060650,420,2,42,-21,3,0,1,1,3,4,1,-1,4,5,-3,1,4,4,5,1,1,3,16,-3,10,7,1,0,1,0,-1,1,-1,0,1
KR_6776021622,420,1,66,8,4,0,1,1,3,3,0,-4,1,5,3,3,0,2,2,0,0,3,4,2,5,7,-4,0,1,1,-1,1,-1,3,1
KR_6775652833,420,0,-3,9,9,1,2,1,4,5,1,4,4,0,0,4,4,0,0,0,0,9,7,4,6,10,2,0,0,-1,1,-1,1,1,1
KR_6768948321,420,2,12,27,5,1,4,3,-1,1,2,1,2,1,4,4,0,0,0,0,0,6,-1,-5,8,3,3,0,1,-1,1,1,-1,3,1
KR_6777610891,420,2,73,-13,9,-2,1,3,0,0,0,4,6,2,2,4,2,5,5,0,1,8,11,5,4,9,-4,0,0,1,-1,-1,1,2,1
KR_6774248932,420,3,45,-4,3,5,6,1,-5,0,5,2,3,1,0,4,4,1,1,0,1,-2,1,5,1,6,-1,0,2,1,-1,1,1,3,1
KR_6720120126,440,0,-65,12,1,2,2,0,-1,2,3,2,3,1,-1,4,5,-1,0,1,0,2,-37,4,7,11,16,0,0,-1,1,0,-1,3,1
KR_6768622598,420,6,64,13,12,0,1,1,5,6,1,5,6,1,2,3,1,0,0,0,0,7,-23,0,4,4,0,0,1,1,-1,1,-1,2,1
KR_6770821775,420,-1,-41,-3,-2,2,3,1,-3,2,5,3,4,1,-4,2,6,0,2,2,0,-1,-2,-6,10,4,0,0,-1,-1,1,-1,-1,4,1
KR_6757030189,420,3,97,-20,2,4,7,3,-2,0,2,3,4,1,-3,1,4,0,0,0,1,-3,-5,1,2,3,3,0,-1,-1,-1,-1,1,4,1
KR_6750320166,420,-2,-25,-5,-6,0,0,0,5,10,5,-1,3,4,-9,0,9,-1,1,2,0,-5,-7,-6,9,3,2,0,-2,-1,-1,-1,-1,1,1
KR_6764781245,440,7,28,32,12,1,1,0,1,2,1,6,9,3,3,4,1,1,1,0,0,10,-19,-3,9,6,9,0,1,-1,1,1,1,4,1
KR_6772896179,420,1,-15,12,-1,2,2,0,-2,1,3,-1,0,1,-1,3,4,1,2,1,0,-2,-1,-3,5,2,-3,0,1,-1,1,1,-1,3,1
KR_6758949068,420,-1,-13,-12,1,5,5,0,-3,1,4,1,1,0,-2,1,3,0,1,1,0,-3,26,-6,13,7,6,0,0,-1,1,1,1,4,1
KR_6769554390,420,3,21,53,5,1,4,3,-2,1,3,2,2,0,1,3,2,3,4,1,1,1,4,1,10,11,1,0,1,-1,1,1,1,3,1
KR_6756896095,420,5,-30,21,15,0,3,3,5,6,1,8,9,1,2,2,0,0,2,2,4,19,-5,1,2,3,4,0,2,-1,1,1,1,2,1
KR_6662357442,420,2,7,19,7,3,3,0,2,4,2,-2,1,3,4,4,0,0,0,0,0,11,28,1,7,8,7,0,2,1,1,1,1,6,1
KR_6744978665,420,-2,36,-6,-4,0,2,2,-2,1,3,0,1,1,-1,1,2,-1,0,1,0,-8,3,0,7,7,1,0,1,1,-1,1,1,1,1
KR_6739291875,420,4,82,29,8,0,3,3,1,1,0,2,3,1,4,4,0,1,3,2,1,5,94,1,4,5,0,0,2,1,1,1,1,6,1
KR_6725022028,420,-4,-57,-7,-4,-5,0,5,2,4,2,-2,0,2,1,1,0,0,0,0,0,-4,3,1,6,7,0,0,-1,-1,-1,-1,1,5,1
KR_6769824394,420,-1,28,-23,-6,5,6,1,-4,1,5,-1,1,2,-3,3,6,-3,0,3,-1,-7,-29,1,4,5,-4,0,0,-1,-1,-1,1,6,1
KR_6774338070,420,-1,-54,-5,-10,-6,0,6,2,4,2,0,1,1,-2,8,10,-4,1,5,0,-11,0,-1,3,2,-1,0,0,-1,1,-1,1,3,1
KR_6772810834,440,2,25,-12,4,-2,1,3,0,1,1,9,9,0,-2,1,3,-1,1,2,0,4,-3,2,3,5,0,0,0,1,1,-1,1,1,1
KR_6772238655,420,1,22,17,6,0,3,3,-1,5,6,0,0,0,4,8,4,3,5,2,0,-1,3,1,7,8,1,0,0,1,1,0,-1,3,1
KR_6709095187,420,0,-7,20,-4,-2,0,2,-1,2,3,-8,0,8,6,9,3,1,1,0,-1,-1,37,0,5,5,1,0,1,-1,1,1,-1,6,1
KR_6777864036,420,1,-43,-19,-1,3,3,0,0,1,1,-1,0,1,-3,1,4,0,0,0,0,-2,-10,-4,8,4,-1,0,-1,1,-1,-1,1,3,1
KR_6775917760,420,4,-19,8,2,1,1,0,-2,2,4,1,2,1,-1,2,3,3,3,0,0,3,8,2,3,5,-2,0,0,-1,1,0,-1,3,1
KR_6620421663,420,3,64,15,17,3,3,0,4,5,1,1,3,2,6,9,3,3,3,0,0,16,14,4,7,11,-3,0,2,1,1,1,1,1,1
KR_6767527945,420,0,47,11,-2,-6,2,8,0,2,2,0,4,4,3,4,1,1,1,0,0,3,4,2,5,7,-6,0,1,1,-1,1,1,3,1
KR_6773033951,420,-1,45,19,-8,4,7,3,-4,1,5,-3,2,5,-2,1,3,-3,1,4,0,-16,2,2,6,8,-4,0,0,-1,1,1,-1,5,1
KR_6773006808,420,-1,-8,0,-6,3,6,3,-1,6,7,-3,1,4,-1,3,4,-4,0,4,0,-7,-5,0,4,4,-4,0,0,-1,1,0,-1,6,1
KR_6774095749,420,6,128,13,15,6,6,0,0,0,0,1,3,2,4,6,2,4,4,0,0,6,6,3,3,6,0,0,3,1,1,1,1,6,1
KR_6750169766,420,2,50,1,10,2,4,2,2,4,2,3,5,2,2,3,1,1,1,0,0,16,-9,0,4,4,2,0,2,-1,1,1,1,3,1
KR_6709737256,420,3,23,23,10,2,2,0,5,5,0,1,2,1,3,3,0,-1,0,1,0,15,3,-1,9,8,4,0,2,1,-1,1,1,4,1
KR_6777336139,420,-1,-4,-1,2,2,4,2,-2,2,4,3,6,3,-1,1,2,0,2,2,0,2,-12,3,5,8,0,0,0,-1,-1,-1,-1,2,1
KR_6725612756,420,-3,40,-15,-5,-3,0,3,2,2,0,2,4,2,-2,1,3,-4,0,4,0,-13,0,-1,7,6,-1,0,0,1,1,1,1,6,1
KR_6774500234,420,2,-5,-13,1,1,1,0,3,6,3,0,1,1,-4,0,4,1,1,0,0,-2,1,1,6,7,1,0,1,-1,-1,1,1,6,1
KR_6776949420,420,2,63,-32,13,5,5,0,-2,1,3,10,11,1,0,2,2,0,1,1,0,13,16,5,6,11,1,0,3,0,1,1,1,0,1
KR_6748964238,420,0,26,20,-2,-3,0,3,-1,2,3,2,3,1,1,3,2,-1,0,1,-1,1,3,2,6,8,-6,0,0,1,-1,1,-1,1,1
KR_6673733270,420,1,-13,4,3,-1,3,4,0,5,5,1,2,1,2,3,1,1,1,0,0,-3,9,4,4,8,-4,0,1,-1,1,1,-1,2,1
KR_6739359287,420,0,-5,-18,1,0,2,2,3,5,2,2,3,1,-1,1,2,-3,0,3,0,2,-9,-3,9,6,3,0,0,1,-1,1,1,6,1
KR_6692209512,420,1,19,-8,4,-2,1,3,1,3,2,1,4,3,3,5,2,1,2,1,0,8,9,2,5,7,1,0,1,1,-1,1,-1,2,1
KR_6764133153,440,0,-59,9,6,1,4,3,-3,0,3,4,4,0,0,1,1,4,4,0,0,13,39,4,8,12,0,0,0,-1,1,-1,1,1,1
KR_6773031199,420,1,-15,-4,-4,-2,0,2,0,2,2,1,1,0,-2,3,5,-1,0,1,0,2,-39,1,2,3,21,0,-1,1,1,-1,-1,6,1
KR_6756670140,420,0,-4,-4,5,1,2,1,-1,0,1,4,4,0,0,0,0,1,2,1,0,8,3,0,6,6,5,0,1,1,1,1,-1,2,1
KR_6766435805,420,3,51,-7,6,1,3,2,1,12,11,3,5,2,3,6,3,-2,1,3,1,11,9,2,6,8,0,0,1,1,1,1,1,5,1
KR_6729312074,420,3,47,10,10,3,5,2,4,4,0,1,4,3,2,2,0,0,1,1,0,10,-8,-2,6,4,-2,0,1,-1,1,1,1,1,1
KR_6767693665,420,4,80,30,10,3,5,2,3,3,0,2,2,0,1,1,0,1,2,1,0,7,10,5,2,7,0,0,2,1,1,1,1,2,1
KR_6730475640,420,4,51,23,6,3,4,1,-1,4,5,2,2,0,2,4,2,0,0,0,0,6,19,8,2,10,-6,0,0,-1,1,1,1,5,1
KR_6704716756,420,4,31,-32,13,3,3,0,5,7,2,1,2,1,2,5,3,2,2,0,0,28,-3,7,4,11,-3,0,2,1,1,1,1,1,1
KR_6767444580,420,6,162,32,15,2,4,2,8,13,5,2,4,2,3,5,2,0,1,1,3,9,33,-2,5,3,1,0,4,1,-1,1,1,5,1
KR_6702982518,420,4,74,7,6,0,3,3,7,9,2,1,1,0,1,3,2,-3,0,3,0,13,-1,-4,6,2,7,0,1,-1,1,1,-1,6,1
KR_6773167770,420,-2,-30,1,-3,-1,2,3,-4,0,4,4,5,1,-1,1,2,-1,5,6,0,-2,-7,0,4,4,1,0,-2,1,-1,-1,-1,4,1
KR_6770415842,440,-2,-50,-8,-1,2,2,0,1,2,1,0,2,2,-3,0,3,-1,1,2,0,-3,-36,-1,6,5,24,0,0,0,1,0,-1,0,1
KR_6776916451,420,2,11,3,2,-4,2,6,3,6,3,1,3,2,3,4,1,-1,0,1,1,16,6,8,2,10,-2,0,1,-1,1,1,1,1,1
KR_6770936400,420,0,36,-20,1,-2,0,2,-1,4,5,4,5,1,3,6,3,-3,0,3,0,8,-2,2,7,9,-5,0,-1,-1,-1,-1,-1,6,1
KR_6757451239,420,-2,12,-12,1,-1,2,3,0,0,0,3,5,2,0,4,4,-1,1,2,2,8,0,3,3,6,-4,0,1,1,1,1,1,1,1
KR_6688329090,420,-3,-14,-37,-5,-2,1,3,2,4,2,-7,3,10,1,5,4,1,1,0,0,-1,8,4,4,8,-5,0,0,1,-1,-1,-1,4,1
KR_6777087022,420,0,64,-6,-5,1,2,1,1,4,3,2,3,1,-7,0,7,-2,0,2,0,-12,-31,1,6,7,1,0,0,1,1,1,-1,5,1
KR_6770480856,420,4,62,12,4,3,3,0,1,4,3,3,6,3,-1,5,6,-2,1,3,0,-10,-7,2,4,6,5,0,0,1,1,-1,-1,5,1
KR_6773063588,420,1,-50,13,-6,2,4,2,-4,2,6,0,3,3,-3,0,3,-1,1,2,0,-5,19,-1,7,6,-5,0,0,1,1,1,-1,1,1
KR_6766231166,440,1,-40,-8,2,0,1,1,9,10,1,-2,1,3,-3,2,5,-2,1,3,0,-2,4,-3,7,4,-1,0,1,1,1,1,-1,2,1
KR_6777877401,420,4,14,15,10,3,3,0,-3,1,4,0,2,2,6,8,2,4,5,1,0,16,16,5,5,10,-3,0,1,1,-1,1,1,4,1
KR_6662023821,420,1,9,-5,4,3,4,1,1,4,3,0,3,3,-1,0,1,1,1,0,0,4,7,6,5,11,-1,0,2,1,1,1,1,1,1
KR_6733278381,420,2,101,-4,2,9,9,0,-1,4,5,1,4,3,-6,2,8,-1,0,1,0,-5,-121,-6,10,4,7,0,3,1,1,1,1,3,1
KR_6759225528,420,1,49,10,-2,3,4,1,-3,3,6,0,3,3,-3,0,3,1,2,1,0,2,0,-2,9,7,2,0,2,1,-1,1,-1,6,1
KR_6771830195,440,-1,-28,22,-3,-4,1,5,3,6,3,0,2,2,3,5,2,-5,0,5,0,1,-10,-1,6,5,3,0,-2,1,-1,-1,-1,6,1
KR_6773914180,440,6,48,-12,5,-4,1,5,2,5,3,0,3,3,5,6,1,2,2,0,0,0,11,-1,4,3,2,0,0,0,-1,0,-1,0,1
KR_6751472300,420,4,14,-19,17,8,10,2,4,4,0,1,1,0,2,4,2,2,2,0,1,17,6,4,7,11,-1,0,0,-1,1,1,1,3,1
KR_6770618677,420,2,29,14,4,2,2,0,2,3,1,1,1,0,-1,0,1,0,0,0,0,2,-18,4,5,9,-5,0,0,-1,1,1,1,4,1
KR_6712831814,420,3,34,52,2,2,3,1,-2,1,3,-2,1,3,5,5,0,-1,0,1,0,2,14,3,6,9,-5,0,1,1,1,1,-1,4,1
KR_6764965353,420,-5,-36,-3,-9,-5,0,5,0,2,2,-7,1,8,4,4,0,-1,0,1,0,3,13,-1,5,4,0,0,-1,1,-1,-1,-1,6,1
KR_6746378466,440,-1,-110,8,-1,-6,2,8,-2,0,2,1,7,6,2,4,2,4,6,2,-1,-5,-7,-6,7,1,-1,0,0,0,0,0,-1,0,1
KR_6711245827,420,1,19,-5,-3,0,2,2,0,2,2,-7,2,9,4,5,1,0,0,0,0,1,-1,-1,8,7,3,0,1,1,-1,1,-1,3,1
KR_6763746278,420,5,32,-16,7,0,1,1,0,5,5,0,1,1,8,9,1,-1,1,2,-1,15,5,-1,9,8,2,0,0,1,-1,0,-1,3,1
KR_6769126540,440,0,-10,24,4,-3,1,4,2,3,1,3,6,3,0,7,7,2,3,1,0,8,-6,-2,5,3,3,0,1,1,1,1,-1,1,1
KR_6766340517,420,1,-22,-8,6,1,2,1,1,4,3,3,4,1,4,7,3,-3,0,3,0,8,43,3,5,8,1,0,1,1,1,1,1,5,1
KR_6769313537,420,4,42,2,8,0,3,3,4,4,0,0,6,6,1,2,1,3,3,0,0,15,40,0,4,4,-1,0,2,0,1,1,1,0,1
KR_6727618987,420,1,-68,6,5,1,3,2,5,6,1,-5,2,7,1,5,4,3,3,0,-1,12,-8,-1,8,7,3,0,0,0,1,0,-1,0,1
KR_6757919158,420,2,34,8,-1,3,3,0,1,3,2,-1,0,1,1,1,0,-5,0,5,0,1,-1,-3,7,4,5,0,0,1,-1,0,1,4,1
KR_6770176471,420,4,47,5,16,1,3,2,0,2,2,6,7,1,9,14,5,0,1,1,0,18,5,7,6,13,3,0,1,1,1,1,1,4,1
KR_6768416684,420,3,-23,45,1,-3,1,4,3,4,1,0,3,3,0,3,3,1,1,0,0,5,-6,-5,10,5,1,0,0,-1,1,0,1,3,1
KR_6772821830,420,4,105,2,3,0,1,1,-2,2,4,2,2,0,1,2,1,2,3,1,0,1,0,1,7,8,7,0,-1,1,-1,-1,-1,4,1
KR_6770908916,420,3,19,3,7,1,3,2,6,7,1,-3,1,4,2,5,3,1,1,0,0,12,5,1,7,8,-4,0,2,-1,-1,1,-1,3,1
KR_6746033036,420,4,76,-9,9,2,3,1,3,3,0,0,1,1,3,3,0,1,2,1,0,9,-2,4,4,8,5,0,0,-1,1,0,1,6,1
KR_6772249430,440,0,22,8,-4,-2,0,2,2,2,0,-7,0,7,1,1,0,2,4,2,0,-10,-10,-3,6,3,-4,0,0,-1,1,-1,-1,6,1
KR_6771311745,420,3,7,16,7,3,5,2,2,4,2,7,8,1,-4,0,4,-1,2,3,0,11,40,-4,8,4,0,0,2,1,-1,1,1,5,1
KR_6770080568,420,1,38,1,6,-2,1,3,7,7,0,1,2,1,0,0,0,0,0,0,0,6,-115,1,5,6,0,0,2,0,1,1,1,0,1
KR_6769565502,420,1,-41,12,7,-1,2,3,1,4,3,5,5,0,2,10,8,0,0,0,3,14,51,-1,6,5,0,0,-1,-1,1,-1,1,2,1
KR_6761789549,420,1,66,12,2,1,2,1,-2,0,2,-5,1,6,8,11,3,0,2,2,0,2,2,4,4,8,-1,0,-1,1,-1,-1,1,4,1
KR_6771681700,420,6,68,16,12,1,3,2,1,1,0,7,9,2,2,2,0,1,1,0,0,23,-7,-2,9,7,10,0,1,1,1,1,1,3,1
KR_6773633327,420,1,-22,-3,3,-1,2,3,1,2,1,4,5,1,0,7,7,-1,1,2,0,3,38,-3,6,3,1,0,0,-1,1,-1,1,6,1
KR_6769109259,420,3,-17,-16,8,4,5,1,2,6,4,4,4,0,-1,0,1,-1,0,1,0,8,-7,-2,4,2,-3,0,0,-1,1,0,1,3,1
KR_6745860345,420,2,45,14,7,3,4,1,-1,1,2,3,4,1,4,4,0,-2,0,2,0,4,292,1,4,5,1,0,0,1,-1,-1,1,5,1
KR_6739751157,420,2,9,43,-2,3,3,0,1,4,3,-3,0,3,-2,3,5,-1,1,2,0,-13,0,0,8,8,1,0,1,-1,1,1,-1,3,1
KR_6739628569,420,2,43,-31,9,3,4,1,1,3,2,0,3,3,4,6,2,1,4,3,-1,6,-6,0,6,6,5,0,0,1,-1,0,-1,1,1
KR_6729512021,420,6,7,7,14,4,4,0,6,7,1,-2,3,5,5,5,0,1,1,0,0,17,-13,-3,6,3,6,0,1,1,-1,1,1,4,1
KR_6735544877,420,-2,-9,-16,-5,-2,1,3,2,5,3,0,2,2,-4,0,4,-1,0,1,0,-6,-20,-5,10,5,2,0,0,-1,-1,0,-1,1,1
KR_6737612713,420,3,64,23,4,-2,1,3,3,5,2,1,3,2,2,3,1,0,1,1,0,6,2,7,4,11,5,0,2,1,1,1,1,2,1
KR_6772862177,420,3,18,-13,17,0,1,1,3,5,2,5,6,1,3,5,2,6,6,0,2,20,19,-4,7,3,3,0,2,1,-1,1,1,1,1
KR_6743213760,440,1,-32,16,6,4,4,0,1,2,1,0,2,2,0,0,0,1,1,0,1,6,4,5,2,7,-3,0,1,0,1,1,1,0,1
KR_6775965324,440,2,35,15,3,4,4,0,1,3,2,-4,1,5,3,4,1,-1,1,2,0,2,0,-2,5,3,-2,0,-1,1,-1,-1,-1,3,1
KR_6762513668,420,5,71,16,13,2,3,1,3,4,1,2,2,0,6,7,1,0,2,2,1,18,-12,6,2,8,-2,0,2,1,1,1,1,5,1
KR_6763699927,420,-2,45,11,0,0,1,1,-5,3,8,-1,1,2,2,3,1,4,4,0,0,5,1,-2,6,4,3,0,0,1,-1,1,-1,2,1
KR_6777810205,420,3,62,16,9,2,3,1,0,3,3,1,4,3,5,6,1,1,1,0,0,9,-3,1,3,4,1,0,0,1,1,1,1,5,1
KR_6762929046,420,10,133,4,20,7,8,1,3,5,2,-2,1,3,5,5,0,7,7,0,0,16,10,3,4,7,6,0,3,1,1,1,1,1,1
KR_6768957833,440,-7,-71,27,-10,-5,1,6,1,4,3,-1,2,3,-5,3,8,0,1,1,1,-8,-2,-3,9,6,-1,0,0,0,1,1,1,0,1
KR_6616840459,420,0,24,20,6,-3,0,3,5,7,2,-3,2,5,7,9,2,0,0,0,0,16,-77,6,3,9,3,0,0,1,1,1,-1,4,1
KR_6774884748,420,5,31,31,12,1,4,3,6,8,2,-1,0,1,3,4,1,3,3,0,0,16,-118,-3,8,5,3,0,1,0,0,1,1,0,1
KR_6776568086,420,0,25,-13,3,-1,0,1,1,2,1,-2,2,4,1,3,2,4,4,0,0,-6,-41,0,8,8,5,0,0,-1,1,1,1,5,1
KR_6776530659,420,2,36,-4,5,4,6,2,0,1,1,2,3,1,0,4,4,-1,0,1,0,5,22,-4,8,4,0,0,1,-1,1,1,-1,5,1
KR_6767715830,420,1,13,12,10,0,0,0,4,4,0,1,2,1,4,4,0,1,1,0,0,19,12,12,1,13,-4,0,1,-1,1,1,1,6,1
KR_6758159784,420,4,30,13,16,0,1,1,0,4,4,5,5,0,9,11,2,2,3,1,1,16,61,-5,7,2,2,0,3,1,1,1,-1,6,1
KR_6693306010,420,2,30,26,6,4,4,0,-1,3,4,-4,1,5,9,9,0,-2,0,2,0,-3,37,1,6,7,4,0,1,1,1,1,1,5,1
KR_6769496973,420,0,49,20,-7,1,1,0,-1,3,4,-4,0,4,-4,1,5,1,2,1,0,-9,-1,0,4,4,-5,0,-1,1,-1,-1,1,3,1
KR_6776189998,420,0,-69,13,4,0,0,0,0,2,2,2,3,1,1,3,2,1,1,0,0,7,6,-1,8,7,-6,0,0,1,-1,0,1,3,1
KR_6748864076,420,2,-5,11,6,3,4,1,0,3,3,4,4,0,-1,2,3,0,1,1,0,6,-40,3,4,7,2,0,0,-1,-1,-1,1,2,1
KR_6746495250,420,-3,-17,-16,-3,-3,2,5,1,4,3,0,0,0,-1,4,5,0,1,1,0,-2,-6,1,8,9,2,0,0,1,-1,-1,1,4,1
KR_6775327555,420,-3,-77,4,-6,-2,1,3,-2,3,5,-4,1,5,0,3,3,2,2,0,0,-8,16,-4,6,2,0,0,0,1,1,0,-1,6,1
KR_6739706219,420,4,19,-2,7,3,6,3,-2,0,2,4,5,1,1,3,2,1,1,0,0,19,24,1,4,5,1,0,1,1,1,1,-1,1,1
KR_6770437968,420,2,26,6,9,3,4,1,5,6,1,-2,0,2,0,1,1,3,4,1,1,4,-8,-3,6,3,0,0,0,1,1,0,1,3,1
KR_6772410531,420,-1,-10,47,-2,-2,1,3,1,3,2,3,4,1,-3,0,3,-1,0,1,1,-1,14,8,1,9,-6,0,1,-1,1,1,1,4,1
KR_6733208449,420,2,-13,6,2,-1,0,1,3,5,2,-3,1,4,1,5,4,2,3,1,0,4,10,0,8,8,0,0,1,1,1,1,1,3,1
KR_6742975950,420,5,-11,16,9,0,1,1,0,3,3,3,3,0,5,6,1,1,2,1,0,8,10,0,6,6,1,0,1,-1,1,1,1,2,1
KR_6767008838,420,3,27,28,2,1,1,0,3,3,0,3,3,0,-4,0,4,-1,0,1,-2,3,0,1,4,5,-2,0,0,1,-1,1,-1,4,1
KR_6684262110,420,5,74,34,12,1,3,2,2,8,6,4,5,1,3,4,1,2,2,0,0,11,7,0,6,6,3,0,2,1,1,1,1,4,1
KR_6759347939,420,1,67,5,6,3,3,0,1,3,2,3,5,2,0,3,3,-1,0,1,0,1,4,1,5,6,3,0,1,0,1,1,1,0,1
KR_6770362891,420,1,-36,9,3,-2,1,3,1,5,4,2,3,1,1,1,0,1,1,0,0,7,30,-4,7,3,-1,0,0,-1,-1,0,-1,2,1
KR_6755821787,420,0,-4,0,10,1,3,2,2,4,2,0,0,0,4,6,2,3,3,0,0,12,102,2,3,5,0,0,-1,1,-1,-1,1,5,1
KR_6650865666,420,3,-4,28,7,-5,0,5,4,6,2,5,5,0,3,4,1,0,1,1,0,8,-6,-11,11,0,5,0,1,-1,1,1,-1,5,1
KR_6758382570,420,6,111,-10,16,6,6,0,3,3,0,4,4,0,3,4,1,0,2,2,-2,18,233,-1,7,6,4,0,3,1,1,1,-1,4,1
KR_6765273450,420,3,114,3,5,1,1,0,1,3,2,6,6,0,0,3,3,-3,0,3,0,5,16,6,4,10,1,0,0,1,-1,-1,1,1,1
KR_6735903017,420,1,19,5,3,-4,2,6,-1,2,3,3,3,0,3,3,0,2,2,0,-1,3,12,2,4,6,5,0,1,1,-1,-1,-1,3,1
KR_6743944277,420,3,9,12,12,5,5,0,8,8,0,0,2,2,-1,3,4,0,0,0,0,18,3,-1,6,5,2,0,2,1,1,1,1,3,1
KR_6777769146,420,1,-12,-4,2,-2,3,5,2,5,3,-3,3,6,3,7,4,2,2,0,0,6,-20,-2,7,5,6,0,1,-1,1,1,-1,4,1
KR_6690843774,420,3,39,20,9,2,4,2,-1,4,5,4,4,0,2,2,0,2,2,0,0,14,-6,-2,10,8,5,0,1,1,1,1,1,3,1
KR_6742671423,420,0,-48,-11,7,-2,1,3,3,5,2,6,6,0,1,3,2,-1,2,3,0,1,5,0,7,7,2,0,1,1,1,1,1,1,1
KR_6761654173,440,3,79,-19,7,7,7,0,-5,0,5,4,4,0,0,3,3,1,2,1,0,0,52,1,2,3,-19,0,1,-1,1,1,1,5,1
KR_6684906678,420,4,-30,-4,10,4,4,0,2,4,2,2,4,2,3,4,1,-1,0,1,0,15,7,7,5,12,-4,0,2,1,1,1,1,4,1
KR_6666560697,420,0,-37,34,1,2,2,0,-2,3,5,3,3,0,-2,1,3,0,0,0,1,0,2,1,5,6,1,0,0,1,1,1,1,4,1
KR_6700528002,420,2,-45,-5,7,1,2,1,-1,4,5,3,4,1,1,5,4,3,3,0,0,6,15,3,7,10,-6,0,1,-1,1,1,-1,6,1
KR_6746070323,420,-3,12,16,-7,-1,0,1,-2,2,4,-1,3,4,-4,2,6,1,2,1,0,-3,-9,-2,5,3,-6,0,0,1,1,0,1,1,1
KR_6777384561,420,1,13,-4,4,2,5,3,-1,2,3,1,1,0,3,4,1,-1,1,2,0,10,-1,-1,8,7,-1,0,-1,1,-1,-1,-1,1,1
KR_6766473112,420,4,42,30,9,-1,3,4,4,6,2,4,4,0,2,4,2,0,1,1,0,19,7,3,2,5,-1,0,-1,1,-1,-1,-1,2,1
KR_6694386811,420,5,83,26,13,3,3,0,0,0,0,5,6,1,2,4,2,3,4,1,1,16,6,5,5,10,4,0,2,1,1,1,1,6,1
KR_6777399397,440,2,14,-40,2,-1,1,2,-6,0,6,4,4,0,2,7,5,3,3,0,-2,4,3,-3,8,5,2,0,0,1,0,0,-1,6,1
KR_6777849356,420,-1,57,-25,-5,1,3,2,-3,1,4,-2,2,4,2,3,1,-3,1,4,0,-6,36,2,7,9,0,0,0,1,-1,-1,-1,6,1
KR_6764533158,440,3,-62,3,4,-2,1,3,-2,0,2,1,1,0,6,6,0,1,1,0,0,7,-3,2,5,7,0,0,0,-1,1,1,1,3,1
KR_6768410394,420,-1,29,0,1,-1,1,2,4,6,2,0,2,2,-1,5,6,-1,0,1,1,-1,7,4,6,10,1,0,-1,-1,1,-1,1,6,1
KR_6728646914,420,1,46,-24,13,0,2,2,1,4,3,2,3,1,9,10,1,1,3,2,2,23,3,-4,12,8,10,0,0,1,-1,-1,1,5,1
KR_6774142037,420,4,53,-26,15,5,6,1,2,4,2,-2,2,4,8,11,3,2,2,0,1,15,8,2,3,5,2,0,2,1,-1,1,1,5,1
KR_6753293659,420,4,53,21,8,3,3,0,5,9,4,1,3,2,-1,6,7,0,0,0,-1,-5,-7,-3,8,5,9,0,2,1,1,1,1,4,1
KR_6770226294,440,4,24,8,13,7,7,0,3,3,0,2,3,1,5,5,0,-4,0,4,-1,13,0,2,3,5,-1,0,1,1,1,1,-1,3,1
KR_6775212720,420,3,51,54,12,2,4,2,6,7,1,1,5,4,2,4,2,1,1,0,3,21,3,2,4,6,2,0,2,1,1,1,1,3,1
KR_6716275979,420,2,-22,5,8,1,1,0,7,7,0,4,4,0,-2,2,4,-2,0,2,0,9,-19,-4,11,7,5,0,0,-1,1,0,-1,6,1
KR_6672878931,420,0,11,20,-3,0,1,1,3,4,1,1,3,2,-6,1,7,-1,1,2,0,-4,18,-1,6,5,-3,0,0,-1,-1,0,1,3,1
KR_6769815906,420,4,-12,-3,15,0,1,1,4,7,3,8,8,0,2,4,2,1,1,0,0,26,29,-2,8,6,3,0,1,-1,1,1,1,2,1
KR_6645706140,420,2,16,4,8,-1,0,1,3,7,4,1,4,3,2,4,2,3,3,0,0,12,2,-1,9,8,5,0,1,1,1,1,1,5,1
KR_6776029652,440,-1,-7,-21,-5,3,4,1,-4,1,5,-4,0,4,1,6,5,-1,0,1,1,-7,3,0,6,6,1,0,1,1,1,1,1,1,1
KR_6756822266,420,-1,-8,-23,-2,-2,0,2,-1,2,3,-1,0,1,-1,1,2,3,3,0,0,1,2,-4,7,3,1,0,1,1,-1,-1,-1,6,1
KR_6743186554,420,-2,37,-11,3,0,3,3,0,3,3,-1,1,2,2,3,1,2,2,0,0,7,-47,-5,10,5,6,0,1,1,-1,1,-1,4,1
KR_6711768045,420,2,-7,7,7,1,2,1,2,6,4,1,2,1,2,4,2,1,1,0,0,15,4,2,4,6,-1,0,1,-1,1,1,1,5,1
KR_6756096669,420,1,-22,-24,5,-2,0,2,2,3,1,3,4,1,3,6,3,-1,1,2,1,5,9,-4,6,2,7,0,0,-1,1,0,1,3,1
KR_6756643955,420,4,43,12,12,-3,0,3,5,6,1,1,5,4,3,5,2,6,6,0,0,13,12,8,3,11,-1,0,1,1,-1,1,-1,3,1
KR_6772583355,420,-1,-53,20,1,1,1,0,3,6,3,-5,1,6,1,2,1,1,3,2,-1,4,9,4,6,10,6,0,0,1,-1,0,-1,6,1
KR_6766535442,420,2,75,42,-3,-2,0,2,-3,3,6,1,2,1,1,3,2,0,1,1,0,-6,6,3,5,8,-6,0,1,-1,1,1,-1,2,1
KR_6712147129,420,3,63,12,18,2,2,0,7,9,2,-4,2,6,2,4,2,11,11,0,0,16,-12,-3,5,2,1,0,0,1,1,1,-1,3,1
KR_6768862786,420,-2,-42,-12,-4,-2,2,4,6,7,1,3,3,0,-7,2,9,-4,0,4,0,-13,-14,1,8,9,-6,0,-1,-1,1,-1,-1,6,1
KR_6766055458,420,6,72,37,14,4,4,0,3,5,2,9,9,0,-2,4,6,0,0,0,0,14,11,6,0,6,2,0,3,1,1,1,1,2,1
KR_6740388874,420,0,-10,-36,3,1,3,2,4,7,3,0,3,3,0,3,3,-2,0,2,0,8,2,1,6,7,-5,0,0,1,-1,1,-1,4,1
KR_6777112790,420,1,-38,40,4,1,1,0,2,2,0,-1,0,1,2,3,1,0,1,1,0,10,-14,-2,8,6,1,0,0,1,1,1,-1,4,1
KR_6768921862,420,-1,50,-7,-9,0,1,1,0,2,2,-3,1,4,-6,2,8,0,1,1,0,-12,-4,-2,6,4,2,0,-1,-1,1,-1,-1,3,1
KR_6734741662,420,-1,-20,-23,2,1,2,1,2,2,0,-4,4,8,3,4,1,0,0,0,-1,9,-40,-1,7,6,1,0,-1,1,1,-1,-1,1,1
KR_6735049801,420,6,85,14,19,2,2,0,3,4,1,4,9,5,6,6,0,4,4,0,0,21,1,2,5,7,1,0,0,1,1,1,-1,6,1
KR_6776448629,420,3,46,13,4,3,4,1,1,2,1,3,3,0,-2,1,3,-1,0,1,1,1,-4,0,7,7,-1,0,1,1,1,1,1,5,1
KR_6773534128,440,-1,-42,22,-1,0,2,2,0,1,1,-1,0,1,0,5,5,0,0,0,0,-2,-14,1,3,4,-2,0,0,1,-1,0,-1,4,1
KR_6706351228,420,4,1,16,7,5,6,1,2,2,0,2,5,3,-1,1,2,-1,1,2,0,11,11,1,6,7,-3,0,0,1,-1,-1,1,6,1
KR_6757062512,420,-1,15,-3,-8,-1,3,4,-1,3,4,-1,1,2,-6,3,9,1,1,0,0,-13,-8,3,6,9,-3,0,1,-1,1,1,1,3,1
KR_6777407885,420,7,28,31,12,4,7,3,6,6,0,1,2,1,-1,1,2,2,2,0,-1,16,5,3,5,8,7,0,3,1,1,1,-1,2,1
KR_6726744297,420,-1,20,-14,1,0,2,2,-1,0,1,-2,2,4,2,6,4,2,4,2,0,-3,-4,-1,9,8,5,0,0,-1,-1,0,1,2,1
KR_6777427462,420,1,-37,0,-1,0,0,0,1,5,4,2,3,1,-3,2,5,-1,1,2,0,0,175,-3,5,2,0,0,0,1,1,0,-1,3,1
KR_6745978752,420,4,60,23,10,8,8,0,0,1,1,2,3,1,2,5,3,-2,0,2,0,1,6,2,6,8,1,0,3,1,1,1,1,4,1
KR_6685239588,440,2,72,-4,2,0,0,0,4,5,1,-3,1,4,0,3,3,1,3,2,0,4,1,-1,7,6,-1,0,1,-1,1,1,-1,1,1
KR_6761037422,420,0,-36,14,3,5,7,2,0,1,1,4,6,2,-5,1,6,-1,0,1,-1,0,-12,-2,6,4,-6,0,1,-1,1,1,-1,2,1
KR_6766555415,420,2,37,12,-2,2,2,0,-1,2,3,-2,1,3,-3,0,3,2,2,0,0,-4,4,3,3,6,-6,0,0,1,-1,0,-1,4,1
KR_6758659593,420,6,108,24,13,6,9,3,3,4,1,2,4,2,0,1,1,2,2,0,0,14,19,5,2,7,0,0,1,1,1,1,-1,3,1
KR_6768870487,420,2,23,7,7,1,3,2,0,0,0,3,3,0,1,1,0,2,2,0,0,19,4,6,4,10,1,0,0,1,1,0,1,5,1
KR_6776657919,420,4,27,20,8,0,0,0,5,7,2,1,3,2,2,3,1,0,2,2,0,4,2,2,7,9,1,0,2,1,1,1,-1,3,1
KR_6769117224,420,1,32,15,-2,-2,1,3,-2,2,4,1,2,1,1,5,4,0,1,1,0,-4,4,0,5,5,1,0,0,1,1,1,-1,1,1
KR_6769757463,420,4,62,20,9,0,2,2,4,7,3,2,4,2,1,1,0,2,2,0,0,3,10,0,6,6,0,0,3,1,1,1,1,4,1
KR_6773110667,420,-2,-8,15,-2,0,3,3,-1,2,3,0,2,2,-1,2,3,0,1,1,0,-4,17,0,7,7,-6,0,0,-1,1,-1,1,4,1
KR_6759878832,420,-1,45,-16,3,1,2,1,1,1,0,2,2,0,0,2,2,-1,1,2,1,4,121,1,4,5,0,0,1,1,1,1,1,1,1
KR_6744918421,420,-3,-13,-35,-1,1,1,0,-3,4,7,-1,1,2,2,3,1,0,1,1,1,-2,-3,2,6,8,1,0,0,-1,-1,-1,1,1,1
KR_6769493728,420,2,21,14,11,2,2,0,3,5,2,1,2,1,3,4,1,2,2,0,0,15,-92,2,6,8,-7,0,1,1,-1,1,1,6,1
KR_6735876903,420,1,-58,33,4,0,3,3,4,4,0,0,2,2,1,2,1,-1,0,1,0,4,8,2,4,6,-5,0,1,1,1,1,-1,1,1
KR_6768820838,420,0,2,11,-4,-2,1,3,-5,2,7,-1,0,1,2,7,5,2,4,2,0,-8,-2,-2,7,5,4,0,1,-1,-1,1,-1,5,1
KR_6775252521,440,0,31,14,4,-1,1,2,0,3,3,-1,1,2,7,7,0,-1,0,1,0,5,15,-2,6,4,0,0,1,-1,1,1,1,4,1
KR_6693971908,420,-2,-10,-7,-3,-6,0,6,8,10,2,0,2,2,1,4,3,-6,0,6,-2,4,8,1,10,11,-4,0,-1,-1,1,-1,-1,2,1
KR_6741476252,440,2,14,4,3,2,5,3,3,3,0,-2,2,4,1,2,1,-1,3,4,0,5,-21,0,4,4,2,0,2,1,1,1,1,6,1
KR_6699098804,420,4,32,45,8,-1,0,1,1,1,0,4,6,2,2,2,0,2,3,1,0,8,-6,0,5,5,-1,0,1,-1,1,1,1,1,1
KR_6769635675,420,0,-7,-8,10,0,3,3,6,9,3,2,2,0,3,5,2,-1,0,1,0,15,-2,0,9,9,-7,0,2,1,-1,1,1,5,1
KR_6738655229,420,5,12,42,7,1,2,1,-1,3,4,4,4,0,4,7,3,-1,1,2,0,10,-5,1,5,6,3,0,-1,-1,-1,-1,1,3,1
KR_6756046672,420,1,-49,-5,2,6,6,0,-3,3,6,2,2,0,-4,1,5,1,1,0,1,-6,-5,-7,8,1,2,0,0,-1,-1,-1,1,1,1
KR_6745858221,420,6,55,7,9,4,4,0,4,5,1,3,3,0,-3,0,3,1,1,0,0,6,28,0,7,7,3,0,-1,1,-1,-1,1,5,1
KR_6760666322,420,5,66,-11,13,5,6,1,0,4,4,0,1,1,9,9,0,-1,0,1,2,13,6,3,4,7,1,0,3,1,1,1,1,1,1
KR_6742366040,420,8,70,16,12,4,4,0,5,7,2,1,5,4,0,2,2,2,3,1,0,19,0,0,8,8,5,0,1,-1,-1,1,-1,3,1
KR_6776602483,420,1,-1,4,-1,2,3,1,2,2,0,-2,2,4,1,4,3,-4,2,6,0,-9,250,-1,6,5,-6,0,0,1,1,0,1,1,1
KR_6686020630,420,1,-11,17,5,4,4,0,0,0,0,2,5,3,-4,2,6,3,5,2,0,0,43,1,6,7,-11,0,3,1,1,1,1,6,1
KR_6775402347,420,2,-36,-7,14,3,3,0,2,3,1,5,5,0,3,7,4,1,1,0,2,18,-19,4,4,8,9,0,1,-1,1,1,1,6,1
KR_6731654865,440,1,-15,-24,4,0,2,2,0,0,0,4,6,2,1,6,5,-1,1,2,0,8,-112,0,6,6,1,0,0,-1,-1,0,-1,4,1
KR_6764278283,420,2,87,-11,3,-2,0,2,2,2,0,3,5,2,-2,3,5,2,2,0,0,0,-49,4,6,10,11,0,1,-1,1,1,1,3,1
KR_6767513821,420,6,84,2,11,-1,0,1,5,5,0,5,5,0,2,5,3,0,1,1,-2,11,48,4,2,6,3,0,5,1,1,1,-1,1,1
KR_6777687543,420,5,31,17,11,3,3,0,5,5,0,2,2,0,1,5,4,0,1,1,0,5,2,-5,9,4,3,0,1,0,1,1,1,0,1
KR_6770792463,420,11,80,122,19,5,5,0,6,8,2,3,4,1,3,4,1,2,2,0,0,17,5,-1,1,0,0,0,4,0,1,1,1,0,1
KR_6769225916,420,3,-2,38,-2,-5,0,5,5,6,1,-1,1,2,1,6,5,-2,0,2,0,-4,-10,0,8,8,7,0,0,1,-1,0,1,3,1
KR_6770606020,420,2,0,17,0,-1,2,3,1,2,1,-7,1,8,7,7,0,0,0,0,0,0,30,4,4,8,0,0,1,-1,1,1,1,1,1
KR_6767983000,420,2,75,-31,3,-3,2,5,2,4,2,0,5,5,3,3,0,1,2,1,-1,8,14,2,6,8,-3,0,0,1,-1,1,-1,4,1
KR_6644005745,420,5,25,29,9,2,2,0,1,2,1,3,4,1,4,4,0,-1,0,1,0,10,-8,3,5,8,5,0,3,1,1,1,-1,5,1
KR_6734744001,420,2,43,-4,5,4,7,3,2,4,2,1,2,1,-4,1,5,2,2,0,0,1,-48,2,5,7,16,0,-1,1,-1,1,1,3,1
KR_6769719325,420,-2,-26,-3,-1,-3,0,3,0,4,4,-1,2,3,2,2,0,1,1,0,1,5,2,3,5,8,-2,0,1,-1,1,1,1,5,1
KR_6763594886,420,1,36,-8,6,-1,1,2,3,3,0,0,5,5,2,2,0,2,2,0,0,13,13,-1,7,6,-2,0,1,-1,1,1,-1,2,1
KR_6774612093,420,0,-13,-7,-1,4,4,0,3,3,0,-3,2,5,-3,4,7,-2,1,3,1,-1,27,5,5,10,-13,0,1,-1,1,1,1,2,1
KR_6723009480,420,4,38,-28,12,1,2,1,4,5,1,4,4,0,1,2,1,2,2,0,0,11,2,6,3,9,-3,0,2,-1,1,1,-1,4,1
KR_6767347030,420,2,-62,19,-5,2,2,0,-2,1,3,-2,2,4,-3,1,4,0,1,1,0,-5,-9,-3,8,5,1,0,-1,1,-1,-1,-1,2,1
KR_6777749015,420,3,29,15,7,5,6,1,0,3,3,1,1,0,1,3,2,0,1,1,0,6,-12,0,5,5,-1,0,2,1,-1,1,1,1,1
KR_6730097732,420,9,140,19,16,3,4,1,3,5,2,4,4,0,5,5,0,1,1,0,1,12,5,0,5,5,1,0,3,1,1,1,1,5,1
KR_6769913284,420,2,35,4,8,2,3,1,5,6,1,-2,1,3,3,6,3,0,2,2,0,10,61,5,1,6,-1,0,1,1,-1,1,1,4,1
KR_6722246759,420,0,82,-10,3,2,3,1,-1,5,6,1,4,3,-1,6,7,2,2,0,2,1,1,0,9,9,5,0,1,-1,1,1,1,2,1
KR_6765803939,420,2,-17,-11,3,2,2,0,2,4,2,-1,2,3,-2,1,3,2,3,1,0,12,64,-1,6,5,-1,0,1,1,-1,1,1,4,1
KR_6746725716,420,5,57,35,10,4,5,1,0,1,1,0,3,3,5,7,2,1,1,0,0,14,-15,-1,6,5,6,0,1,0,1,1,-1,0,1
KR_6698457738,420,2,98,16,4,1,2,1,1,5,4,1,2,1,5,9,4,-4,0,4,0,-1,5,4,2,6,6,0,1,1,-1,1,1,6,1
KR_6720659757,420,1,30,15,-4,-4,1,5,-5,0,5,4,4,0,0,1,1,1,1,0,0,-6,-19,-5,9,4,4,0,0,1,1,0,-1,3,1
KR_6772971605,420,4,48,-2,11,2,3,1,3,3,0,6,6,0,0,1,1,0,1,1,0,10,-2,-1,5,4,2,0,1,1,1,1,1,3,1
KR_6751698863,420,0,9,-10,-2,3,5,2,-1,2,3,-1,1,2,-6,4,10,3,3,0,-4,-7,6,-2,10,8,-1,0,1,-1,1,-1,-1,2,1
KR_6774002767,420,7,111,28,16,2,3,1,2,4,2,2,2,0,9,10,1,1,2,1,0,20,47,1,6,7,-3,0,2,1,1,1,1,6,1
KR_6774205318,420,2,47,9,9,0,1,1,1,2,1,1,4,3,7,10,3,0,0,0,0,17,8,3,4,7,1,0,1,1,1,1,-1,1,1
KR_6685176074,440,2,5,10,1,2,4,2,6,10,4,-1,2,3,-3,1,4,-3,1,4,0,2,7,0,10,10,-1,0,0,-1,1,-1,1,5,1
KR_6775590222,440,1,26,-16,3,1,2,1,2,3,1,0,1,1,0,4,4,0,0,0,0,1,0,0,5,5,-1,0,1,1,-1,1,-1,3,1
KR_6774969025,420,3,32,-12,8,3,3,0,1,6,5,3,7,4,-1,2,3,2,2,0,0,15,-48,3,5,8,-1,0,-1,-1,1,-1,-1,1,1
KR_6764903270,420,2,-10,-6,3,-1,1,2,-1,3,4,2,3,1,3,5,2,0,2,2,0,4,4,2,6,8,-4,0,1,-1,1,1,1,5,1
KR_6771284278,420,1,11,4,0,-2,2,4,1,2,1,0,0,0,1,3,2,0,1,1,0,4,-3,2,5,7,2,0,-1,1,1,-1,-1,6,1
KR_6773325540,420,2,5,12,3,-1,2,3,4,5,1,2,7,5,-1,6,7,-1,0,1,-2,3,193,1,8,9,-5,0,1,-1,1,1,-1,2,1
KR_6758026661,420,2,25,16,4,1,1,0,1,2,1,-2,0,2,4,6,2,0,0,0,0,5,10,-5,10,5,-1,0,0,-1,1,-1,-1,4,1
KR_6767710702,420,0,5,-2,2,-1,1,2,0,2,2,-1,2,3,1,1,0,3,3,0,0,2,-1,1,4,5,3,0,1,-1,1,1,1,4,1
KR_6642185290,420,3,54,25,5,-1,1,2,1,7,6,1,1,0,1,5,4,3,3,0,0,11,2,4,6,10,-1,0,1,1,-1,1,-1,4,1
KR_6767743798,420,3,66,-9,15,4,6,2,2,7,5,3,4,1,9,9,0,-3,0,3,2,7,38,4,4,8,4,0,3,1,1,1,1,6,1
KR_6735287122,420,2,40,0,2,3,4,1,-1,5,6,-1,2,3,0,1,1,1,2,1,0,1,-12,1,7,8,2,0,0,1,-1,-1,-1,4,1
KR_6742302569,420,2,-29,-4,1,-4,1,5,1,2,1,3,5,2,0,2,2,1,1,0,0,16,2,3,7,10,1,0,-1,-1,-1,-1,1,5,1
KR_6774064025,420,1,-13,21,7,-1,0,1,2,7,5,0,2,2,4,8,4,2,3,1,-1,-1,0,-1,7,6,-2,0,1,1,1,1,-1,5,1
KR_6774114780,420,1,-20,-1,4,10,10,0,-3,1,4,0,0,0,-3,1,4,0,0,0,0,-4,8,4,5,9,-13,0,2,1,1,1,1,3,1
KR_6639944711,420,2,14,-7,1,3,3,0,1,4,3,-4,1,5,3,5,2,-2,2,4,0,1,-49,3,6,9,28,0,0,1,1,0,-1,1,1
KR_6769896714,420,3,14,-5,4,3,3,0,1,2,1,2,4,2,-3,1,4,1,1,0,0,-4,-38,0,5,5,2,0,0,1,1,0,-1,2,1
KR_6774358671,420,1,50,16,-2,4,4,0,-3,2,5,-5,1,6,2,8,6,0,1,1,-1,-16,1,-4,7,3,6,0,1,-1,1,1,-1,3,1
KR_6774289117,420,2,1,-6,6,2,4,2,1,2,1,5,5,0,-1,0,1,-1,1,2,-1,-1,-3,5,5,10,-5,0,-1,-1,-1,-1,-1,1,1
KR_6774167091,420,2,5,-9,11,-2,0,2,-1,1,2,2,4,2,7,8,1,5,6,1,0,16,10,4,5,9,-2,0,2,1,-1,1,1,5,1
KR_6766896408,440,3,53,19,9,2,4,2,0,3,3,4,4,0,3,4,1,0,1,1,0,13,-30,4,3,7,-1,0,1,-1,0,1,1,6,1
KR_6758381091,420,3,52,11,10,-1,3,4,3,4,1,0,4,4,3,7,4,5,6,1,-3,6,7,-1,5,4,1,0,3,1,1,1,-1,2,1
KR_6770462330,420,5,-3,32,16,4,4,0,-1,3,4,0,2,2,4,6,2,9,9,0,0,7,11,2,1,3,-1,0,3,1,1,1,1,2,1
KR_6774330784,420,1,36,-14,7,3,4,1,2,4,2,2,2,0,1,4,3,-1,1,2,0,7,6,9,2,11,0,0,1,-1,1,1,1,6,1
KR_6777624109,420,6,61,2,19,3,3,0,2,5,3,10,10,0,2,4,2,2,2,0,0,15,7,5,1,6,-4,0,3,1,1,1,1,1,1
KR_6712624140,420,7,61,44,10,0,0,0,3,4,1,4,5,1,1,5,4,2,2,0,-1,4,-2,-1,8,7,7,0,1,-1,1,1,-1,1,1
KR_6773536233,420,-2,15,-4,4,-1,0,1,3,6,3,0,2,2,2,2,0,0,0,0,0,9,-4,-1,10,9,7,0,-1,1,1,-1,1,1,1
KR_6768279992,420,2,-18,18,10,4,4,0,2,2,0,-2,1,3,1,2,1,5,5,0,-1,11,74,2,3,5,-2,0,2,1,1,1,-1,4,1
KR_6725699040,420,-2,4,-16,-8,5,5,0,-4,3,7,-7,2,9,-1,0,1,-1,0,1,0,-16,35,6,4,10,-5,0,1,-1,1,1,-1,1,1
KR_6673984115,420,1,45,17,5,-2,1,3,5,7,2,-4,4,8,4,5,1,2,2,0,1,19,1,-4,10,6,3,0,0,-1,-1,1,-1,3,1
KR_6732097168,420,2,66,13,12,3,5,2,2,6,4,0,3,3,2,6,4,5,5,0,0,11,1,2,6,8,4,0,0,1,1,0,1,3,1
KR_6726043474,420,5,62,20,9,0,1,1,6,7,1,1,1,0,6,6,0,-4,1,5,1,9,25,1,6,7,5,0,4,1,1,1,1,6,1
KR_6756184532,420,5,56,2,18,3,4,1,8,8,0,1,4,3,5,6,1,1,2,1,0,20,-9,-1,7,6,5,0,0,1,1,1,1,3,1
KR_6771359869,420,4,24,32,6,-1,3,4,3,7,4,-1,1,2,5,8,3,0,1,1,-1,2,13,3,8,11,-8,0,1,1,1,1,-1,2,1
KR_6763627327,420,1,15,12,5,-3,2,5,4,6,2,2,4,2,2,3,1,0,1,1,0,9,52,7,2,9,-24,0,0,1,-1,-1,1,2,1
KR_6768370442,420,1,66,4,4,1,3,2,5,7,2,2,2,0,-2,3,5,-2,0,2,0,2,11,0,7,7,-2,0,1,-1,1,1,1,4,1
KR_6753077912,420,1,43,4,3,0,1,1,-2,0,2,2,2,0,4,5,1,-1,0,1,0,0,-1,-6,11,5,1,0,1,1,1,1,1,6,1
KR_6733181053,420,2,16,24,2,3,4,1,-3,3,6,2,5,3,-1,3,4,1,1,0,0,1,-18,4,7,11,1,0,1,-1,-1,1,1,1,1
KR_6775038379,420,0,-22,-8,3,2,3,1,-1,4,5,-2,3,5,2,3,1,2,2,0,0,2,-5,1,6,7,-6,0,-1,1,-1,-1,-1,3,1
KR_6724201382,420,1,22,15,7,3,4,1,-2,1,3,0,2,2,6,7,1,0,3,3,0,8,-23,-3,8,5,2,0,0,1,-1,0,1,6,1
KR_6720620036,420,1,69,20,-1,3,4,1,-1,1,2,-1,0,1,-1,0,1,-1,0,1,0,-8,-8,-1,8,7,8,0,0,1,1,1,1,1,1
KR_6741787486,420,2,38,14,6,0,2,2,2,5,3,-1,3,4,3,6,3,2,3,1,2,12,-4,2,8,10,1,0,0,1,-1,1,-1,2,1
KR_6628905482,420,-1,3,-11,1,1,2,1,0,2,2,-1,1,2,1,4,3,0,2,2,0,3,16,4,10,14,-4,0,1,1,1,1,-1,2,1
KR_6754739276,420,-3,-20,-38,1,-1,0,1,0,3,3,-2,3,5,5,8,3,-1,2,3,0,0,-16,-1,7,6,4,0,0,1,-1,0,-1,2,1
KR_6776028472,420,1,39,12,1,2,3,1,0,3,3,1,1,0,-2,4,6,0,0,0,0,-6,-3,1,6,7,0,0,1,1,1,1,1,2,1
KR_6758929389,420,-3,-44,4,-6,2,2,0,-2,0,2,-1,2,3,-4,1,5,-1,0,1,0,-8,-26,-1,8,7,4,0,-1,1,-1,-1,-1,2,1
KR_6759724850,420,-2,-13,-44,1,2,2,0,2,3,1,-2,2,4,0,4,4,-1,0,1,0,7,-31,-3,8,5,8,0,-1,-1,-1,-1,1,6,1
KR_6771783962,440,0,40,-1,-6,0,1,1,0,1,1,0,5,5,-3,1,4,-3,1,4,1,6,3,-1,4,3,-2,0,1,-1,1,1,1,6,1
KR_6730323289,420,2,36,7,6,-1,2,3,-1,4,5,4,6,2,2,3,1,2,2,0,-1,8,16,3,8,11,-37,0,0,1,1,1,-1,2,1
KR_6703556186,420,5,22,0,5,6,6,0,4,6,2,1,5,4,-4,0,4,-2,2,4,-1,2,1,-6,11,5,6,0,0,-1,0,1,-1,3,1
KR_6775325260,420,-3,0,0,0,-2,0,2,1,2,1,3,5,2,-1,4,5,-1,2,3,2,6,16,14,0,14,-7,0,-2,-1,-1,-1,1,1,1
KR_6745885639,420,5,77,30,1,1,2,1,2,4,2,1,1,0,-4,1,5,1,1,0,0,2,2,1,8,9,1,0,1,0,-1,1,-1,0,1
KR_6775869266,420,1,8,-19,-2,-1,0,1,-6,0,6,2,3,1,3,5,2,0,0,0,0,-6,0,-5,10,5,3,0,0,-1,-1,-1,1,5,1
KR_6699617669,440,-1,24,-15,-1,-4,1,5,-1,1,2,-1,4,5,5,6,1,0,0,0,0,4,8,3,5,8,1,0,0,1,-1,1,-1,6,1
KR_6772939570,420,2,2,14,3,3,4,1,4,6,2,-4,1,5,2,4,2,-2,1,3,-2,-9,16,2,7,9,-4,0,1,1,1,1,-1,4,1
KR_6761179798,440,0,56,17,6,0,1,1,1,2,1,-1,1,2,3,4,1,3,4,1,0,8,-8,2,3,5,1,0,1,1,1,1,1,1,1
KR_6682710675,440,2,-48,0,13,1,2,1,8,8,0,5,5,0,-1,1,2,0,3,3,-1,15,-35,-1,9,8,28,0,-1,1,-1,-1,-1,2,1
KR_6776290423,420,4,18,26,8,3,3,0,3,4,1,1,3,2,0,2,2,1,1,0,1,11,-8,2,5,7,3,0,1,1,1,1,1,5,1
KR_6711898197,420,2,-2,51,5,1,1,0,-1,3,4,1,2,1,4,5,1,0,1,1,0,11,5,3,1,4,-1,0,1,1,1,1,1,6,1
KR_6775261933,420,1,3,5,5,-2,2,4,1,2,1,6,7,1,1,2,1,-1,1,2,-1,11,-3,1,7,8,5,0,1,-1,-1,1,-1,1,1
KR_6716242240,420,1,64,-6,0,2,2,0,-2,4,6,1,2,1,-1,1,2,0,0,0,0,-2,22,0,9,9,2,0,1,1,-1,1,1,2,1
KR_6747825272,420,5,23,-9,6,1,1,0,3,3,0,-1,1,2,2,6,4,1,1,0,0,11,8,1,4,5,4,0,0,1,-1,1,-1,2,1
KR_6774746894,440,0,-21,11,3,-5,1,6,2,5,3,-1,1,2,9,11,2,-2,1,3,0,13,5,-1,7,6,1,0,-2,-1,-1,-1,-1,6,1
KR_6777785498,420,2,-1,16,5,2,4,2,0,1,1,1,4,3,1,3,2,1,2,1,0,10,28,0,8,8,2,0,2,-1,1,1,-1,6,1
KR_6722121368,420,2,30,24,4,1,2,1,2,8,6,-1,0,1,3,3,0,-1,0,1,0,0,36,-2,7,5,-2,0,1,1,1,1,1,2,1
KR_6773755722,420,-3,-19,1,-5,2,2,0,-3,0,3,-2,3,5,-2,1,3,0,1,1,0,-9,-5,-3,9,6,0,0,-1,1,1,-1,-1,3,1
KR_6774020399,420,-1,-8,14,-1,3,3,0,-1,4,5,-1,0,1,-2,3,5,0,0,0,0,-8,9,5,3,8,-5,0,0,-1,1,0,1,2,1
KR_6774777406,420,0,-17,1,2,-1,2,3,3,5,2,1,4,3,-2,1,3,1,1,0,0,-7,-8,0,7,7,1,0,-1,1,1,-1,1,4,1
KR_6760418903,420,1,16,-1,3,1,1,0,2,2,0,2,3,1,-1,0,1,-1,0,1,0,5,-39,0,4,4,3,0,-1,-1,-1,-1,1,2,1
KR_6775938094,420,1,11,-30,6,6,7,1,1,5,4,-3,0,3,1,6,5,1,1,0,0,8,-1,0,7,7,5,0,2,-1,1,1,-1,1,1
KR_6666452046,420,-1,-29,-42,6,3,3,0,0,0,0,-2,2,4,2,4,2,3,5,2,0,7,2,3,4,7,2,0,1,1,1,1,1,3,1
KR_6684492864,420,3,4,-6,12,0,2,2,-1,4,5,10,11,1,0,4,4,3,3,0,0,16,18,1,5,6,-2,0,1,0,1,1,1,0,1
KR_6735639344,420,0,83,8,5,3,3,0,-1,2,3,3,5,2,0,1,1,0,1,1,0,3,-7,-5,7,2,3,0,0,1,-1,1,-1,4,1
KR_6755261547,420,1,-19,8,3,0,2,2,-2,1,3,1,2,1,1,3,2,3,3,0,0,9,15,-3,9,6,2,0,0,1,-1,1,-1,2,1
KR_6759020138,420,-1,11,-12,1,0,1,1,-1,4,5,-1,4,5,3,4,1,0,0,0,0,9,2,3,4,7,0,0,0,1,1,0,1,5,1
KR_6777775287,420,3,94,15,5,0,2,2,3,5,2,-1,1,2,4,5,1,-1,1,2,0,4,5,6,6,12,3,0,0,1,1,1,1,4,1
KR_6691212539,420,1,23,36,-1,0,1,1,-3,1,4,2,3,1,0,3,3,0,3,3,2,-2,-18,-2,8,6,6,0,2,-1,1,1,1,1,1
KR_6715245189,420,0,-9,17,1,0,0,0,7,7,0,-8,1,9,1,4,3,1,1,0,0,6,7,0,5,5,0,0,0,1,1,-1,1,4,1
KR_6690769599,420,-1,22,16,5,-1,0,1,2,4,2,1,2,1,2,4,2,1,1,0,0,12,-266,-3,7,4,-2,0,0,-1,0,0,-1,6,1
KR_6776734238,420,7,97,32,12,-5,1,6,1,1,0,0,2,2,16,16,0,0,0,0,0,20,2,-1,4,3,4,0,5,1,1,1,1,1,1
KR_6767328380,440,1,2,-8,3,0,1,1,0,1,1,1,2,1,0,1,1,2,2,0,0,3,-34,1,7,8,3,0,0,-1,1,1,1,3,1
KR_6737545793,420,5,88,41,3,5,6,1,1,1,0,0,2,2,-4,0,4,1,2,1,0,-8,15,2,5,7,-4,0,2,-1,1,1,-1,6,1
KR_6766742622,420,-2,-24,9,0,1,2,1,0,3,3,-1,3,4,-1,0,1,1,1,0,0,-5,-16,-3,8,5,1,0,1,-1,1,1,1,5,1
KR_6775732731,420,2,40,-4,6,0,3,3,-3,4,7,4,7,3,4,5,1,1,2,1,0,12,-7,1,5,6,0,0,0,1,-1,-1,-1,5,1
KR_6772955372,420,3,28,47,9,4,4,0,1,4,3,6,8,2,-2,0,2,0,0,0,0,10,4,2,4,6,-3,0,1,-1,1,1,-1,6,1
KR_6763139551,420,2,52,23,4,4,8,4,4,4,0,-5,0,5,1,3,2,0,1,1,0,3,-27,-1,4,3,0,0,1,1,1,1,-1,1,1
KR_6777419460,420,-1,43,-8,3,1,2,1,0,2,2,1,1,0,0,2,2,1,2,1,0,1,68,1,4,5,-31,0,-1,-1,1,-1,-1,1,1
KR_6767947792,420,3,40,38,8,-1,0,1,0,3,3,2,3,1,2,4,2,5,5,0,0,2,2,3,3,6,2,0,3,1,1,1,1,2,1
KR_6767515106,420,2,45,-1,0,0,0,0,2,4,2,1,3,2,-2,2,4,-1,1,2,0,3,-8,1,7,8,0,0,-1,1,-1,-1,-1,4,1
KR_6742634703,420,3,-14,15,6,-1,1,2,2,3,1,0,6,6,3,5,2,2,3,1,0,5,-11,-4,10,6,-3,0,1,1,1,1,1,3,1
KR_6671471647,420,1,-5,17,0,0,1,1,0,1,1,0,5,5,0,5,5,0,0,0,1,-13,4,4,5,9,-8,0,2,1,1,1,1,1,1
KR_6708682966,420,0,32,7,2,-2,0,2,0,1,1,6,8,2,-3,2,5,1,1,0,0,3,-9,0,5,5,3,0,0,-1,1,0,1,2,1
KR_6776082756,420,4,71,-15,10,0,1,1,3,5,2,1,3,2,5,5,0,1,1,0,0,16,17,8,3,11,-2,0,0,1,1,0,1,2,1
KR_6734029452,420,5,-36,19,16,0,3,3,4,5,1,5,7,2,6,7,1,1,1,0,-1,30,20,-1,7,6,0,0,0,1,1,0,-1,4,1
KR_6776190873,420,1,16,16,-1,-2,1,3,6,8,2,2,4,2,-4,0,4,-3,0,3,-1,-2,-6,1,5,6,0,0,0,-1,-1,0,-1,4,1
KR_6773738711,420,2,-5,-18,4,-2,2,4,3,7,4,1,4,3,0,1,1,2,2,0,-1,8,254,1,8,9,-1,0,1,1,1,1,-1,5,1
KR_6775306067,420,7,40,31,16,0,3,3,3,5,2,9,10,1,2,2,0,2,2,0,0,21,341,2,5,7,0,0,1,1,1,1,1,6,1
KR_6745729020,420,9,107,79,16,0,2,2,3,3,0,1,2,1,8,8,0,4,4,0,1,19,7,1,3,4,8,0,3,1,1,1,1,4,1
KR_6757601179,420,1,-23,-12,9,5,7,2,2,3,1,-1,0,1,0,1,1,3,5,2,0,11,0,0,4,4,5,0,2,-1,1,1,-1,5,1
KR_6774086718,420,-1,54,1,-2,-1,1,2,0,2,2,4,6,2,-2,3,5,-3,0,3,0,0,-43,-3,8,5,3,0,1,-1,-1,1,-1,6,1
KR_6776798366,420,1,5,-32,1,0,2,2,1,1,0,-3,1,4,-1,1,2,4,4,0,-1,-1,3,-6,11,5,6,0,0,-1,1,1,-1,2,1
KR_6773543470,420,2,18,-23,9,0,1,1,0,6,6,2,4,2,4,4,0,3,4,1,0,7,-75,5,4,9,31,0,1,-1,1,-1,1,4,1
KR_6773717977,420,1,-9,19,1,4,5,1,-2,3,5,0,0,0,1,2,1,-2,0,2,0,-3,2,-1,6,5,-7,0,0,1,-1,0,-1,4,1
KR_6775764134,420,3,-16,11,5,2,3,1,-1,1,2,6,8,2,-2,1,3,0,0,0,0,3,42,-1,9,8,-25,0,1,-1,1,1,1,1,1
KR_6771627176,420,-2,38,7,-3,1,2,1,-2,2,4,0,4,4,-3,0,3,1,1,0,0,-3,85,0,4,4,2,0,1,0,1,1,-1,0,1
KR_6774316296,420,1,-2,17,-5,3,4,1,-3,1,4,-3,2,5,-2,3,5,0,1,1,0,-21,28,-2,5,3,1,0,1,1,1,1,-1,4,1
KR_6772717222,420,3,27,-26,2,5,5,0,-3,0,3,1,3,2,-3,1,4,2,2,0,0,-2,5,-1,5,4,4,0,0,1,-1,-1,1,2,1
KR_6767818691,420,2,21,-21,7,0,1,1,6,8,2,-2,0,2,3,3,0,0,0,0,0,7,-7,-3,9,6,6,0,1,0,-1,1,1,0,1
KR_6697503401,420,2,19,8,9,3,3,0,2,5,3,3,5,2,0,3,3,1,2,1,0,9,13,7,0,7,1,0,2,1,1,1,1,1,1
KR_6775192786,420,2,18,13,2,1,2,1,-3,1,4,1,1,0,1,2,1,2,2,0,0,3,-3,1,5,6,4,0,1,1,1,1,1,5,1
KR_6772499176,420,1,-54,-3,6,6,6,0,-3,0,3,2,3,1,1,2,1,0,3,3,0,8,8,-1,4,3,0,0,-1,0,1,-1,1,0,1
KR_6766794830,420,1,-24,-4,4,1,1,0,-2,2,4,0,5,5,6,6,0,-1,0,1,1,12,5,-3,7,4,-1,0,1,1,-1,1,1,1,1
KR_6773468100,420,4,19,12,2,-1,2,3,1,2,1,1,2,1,0,1,1,1,4,3,0,6,-1,1,7,8,4,0,1,-1,1,1,1,5,1
KR_6740112319,420,3,48,1,7,3,3,0,0,5,5,3,3,0,-1,3,4,2,2,0,1,5,15,0,5,5,2,0,1,-1,-1,1,1,6,1
KR_6774373176,420,3,21,22,7,1,2,1,-2,0,2,3,4,1,7,8,1,-2,1,3,0,5,14,6,4,10,-1,0,1,1,-1,1,1,1,1
KR_6772954077,420,2,41,39,1,0,3,3,-1,2,3,0,2,2,1,3,2,1,2,1,0,-4,-3,0,4,4,0,0,3,-1,1,1,1,1,1
KR_6746375740,420,1,8,-44,6,-3,0,3,6,8,2,0,1,1,2,3,1,1,1,0,0,9,-10,2,5,7,1,0,1,-1,-1,1,1,3,1
KR_6774213878,420,-6,-45,11,-8,-4,0,4,-3,0,3,2,4,2,-4,0,4,1,3,2,0,-6,3,-2,5,3,-3,0,-1,1,-1,-1,1,3,1
KR_6771046297,440,3,77,-16,2,5,6,1,3,5,2,-1,1,2,-7,0,7,2,2,0,1,2,1,2,3,5,5,0,-1,1,-1,-1,1,1,1
KR_6774543496,420,3,38,14,5,1,4,3,1,3,2,-1,1,2,4,4,0,0,0,0,0,14,-2,1,3,4,-4,0,2,-1,1,1,-1,2,1
KR_6765675060,420,3,47,27,2,-2,2,4,0,3,3,3,5,2,0,2,2,1,1,0,0,8,12,1,5,6,5,0,1,-1,1,1,1,6,1
KR_6776888814,420,4,113,-7,6,2,3,1,7,11,4,2,4,2,-5,0,5,0,1,1,0,1,12,-3,8,5,2,0,3,-1,1,1,-1,6,1
KR_6774043323,420,4,25,4,4,0,3,3,2,2,0,0,2,2,1,2,1,1,2,1,0,6,-107,8,4,12,-8,0,1,1,-1,-1,-1,1,1
KR_6773777546,420,4,54,13,10,1,3,2,6,7,1,-2,1,3,5,5,0,0,0,0,0,6,-5,-1,5,4,3,0,1,1,-1,1,1,2,1
KR_6762263708,420,-3,20,-16,-2,1,1,0,-1,4,5,-3,0,3,-2,0,2,3,6,3,0,-7,-3,1,6,7,4,0,1,-1,1,1,-1,1,1
KR_6735835542,420,-1,15,17,-1,5,6,1,1,2,1,-2,2,4,-4,4,8,-1,2,3,0,-6,17,-1,7,6,-4,0,2,-1,1,1,-1,6,1
KR_6720634631,420,5,69,1,15,6,6,0,3,6,3,2,2,0,3,4,1,1,1,0,0,19,13,2,5,7,-4,0,2,1,1,1,-1,4,1
KR_6765069606,420,5,81,16,12,3,3,0,4,8,4,4,5,1,0,1,1,1,2,1,0,9,10,5,3,8,-1,0,3,1,-1,1,1,4,1
KR_6693535922,420,1,32,-16,-1,-2,0,2,-2,3,5,1,5,4,2,2,0,0,1,1,0,3,-1,-6,8,2,1,0,-1,-1,-1,-1,-1,6,1
KR_6756121561,420,-3,-77,-6,-14,-2,1,3,-3,1,4,-3,3,6,-3,1,4,-3,0,3,0,-16,27,-3,7,4,0,0,-1,-1,-1,-1,-1,2,1
KR_6775928132,420,4,30,7,11,3,4,1,3,5,2,0,2,2,3,9,6,2,4,2,0,9,146,5,4,9,-4,0,2,1,1,1,-1,6,1
KR_6694367223,420,6,110,4,20,4,6,2,6,7,1,1,4,3,9,9,0,0,0,0,0,22,17,2,4,6,1,0,5,1,1,1,1,1,1
KR_6767761971,440,-2,-20,-28,5,-1,3,4,-1,3,4,8,10,2,0,1,1,-1,0,1,0,7,59,2,3,5,-3,0,0,-1,1,0,1,2,1
KR_6774187922,420,4,54,16,4,-3,1,4,1,1,0,3,3,0,3,5,2,0,0,0,0,10,29,-1,8,7,-1,0,1,-1,1,1,1,4,1
KR_6775480329,420,0,19,-15,4,-6,0,6,5,5,0,4,5,1,2,5,3,-1,1,2,1,10,3,2,6,8,2,0,2,0,1,1,1,0,1
KR_6774216795,420,-2,-53,3,3,3,3,0,-5,1,6,-1,2,3,2,5,3,4,6,2,0,5,-9,0,6,6,4,0,0,1,-1,0,1,6,1
KR_6692751311,440,0,-79,13,-1,4,4,0,-2,0,2,-4,2,6,2,4,2,-1,0,1,0,1,-4,0,5,5,-1,0,-2,1,-1,-1,-1,3,1
KR_6774101993,440,-1,10,0,5,1,2,1,-1,4,5,-3,0,3,5,6,1,3,4,1,0,10,37,-5,9,4,-24,0,1,1,-1,1,1,6,1
KR_6774327829,420,1,-1,-15,-1,-5,0,5,0,2,2,0,3,3,2,2,0,2,2,0,0,3,-4,-3,8,5,4,0,-2,1,-1,-1,1,3,1
KR_6711174172,420,8,120,33,17,4,4,0,6,7,1,2,4,2,5,6,1,0,1,1,0,16,-11,2,5,7,7,0,1,1,1,1,1,5,1
KR_6678264339,420,4,35,48,5,-2,1,3,4,6,2,2,3,1,0,1,1,1,1,0,0,15,2,5,1,6,-1,0,0,1,1,-1,1,1,1
KR_6741818008,420,3,-30,13,13,5,5,0,2,5,3,-2,1,3,9,11,2,-1,0,1,0,13,54,0,6,6,-6,0,1,1,-1,1,1,6,1
KR_6772031246,420,-1,19,-11,-10,2,3,1,0,2,2,-7,0,7,-5,0,5,0,1,1,0,-13,17,-2,6,4,0,0,2,1,1,1,-1,4,1
KR_6675554778,420,4,13,40,11,-4,1,5,7,9,2,6,8,2,-1,0,1,3,3,0,1,18,1,-3,9,6,6,0,0,1,1,1,1,3,1
KR_6764612156,420,1,1,15,0,3,3,0,-2,1,3,-1,1,2,0,2,2,0,0,0,0,0,1,1,7,8,1,0,0,-1,1,0,-1,1,1
KR_6637450389,420,2,39,-14,10,-1,0,1,2,4,2,1,1,0,9,9,0,-1,0,1,0,16,86,3,4,7,0,0,0,1,-1,0,-1,3,1
KR_6774364039,420,-3,-74,-4,-7,0,2,2,2,5,3,-3,0,3,-5,3,8,-1,0,1,2,1,14,-2,8,6,4,0,-1,1,-1,-1,-1,6,1
KR_6744683650,420,1,39,12,1,2,4,2,2,3,1,0,5,5,-2,1,3,-1,0,1,-1,-5,-12,0,8,8,5,0,0,-1,-1,-1,-1,2,1
KR_6705197927,420,7,89,28,17,10,11,1,2,3,1,3,7,4,2,7,5,0,0,0,0,6,4,2,3,5,2,0,3,-1,1,1,1,3,1
KR_6745917088,420,1,2,-33,-3,1,3,2,-3,3,6,-2,2,4,3,7,4,-2,0,2,2,4,-9,1,6,7,-2,0,2,-1,-1,1,1,1,1
KR_6775805954,420,4,22,-1,8,2,3,1,-2,1,3,3,4,1,4,6,2,1,1,0,0,9,4,1,6,7,-2,0,0,1,1,0,-1,1,1
KR_6775946083,440,1,111,4,-5,-1,0,1,0,1,1,-2,0,2,-1,1,2,-1,0,1,0,-4,-12,-1,6,5,2,0,2,1,-1,1,-1,4,1
KR_6769976516,420,1,83,-10,7,-1,1,2,3,4,1,2,3,1,4,5,1,-1,2,3,0,10,-2,-1,8,7,7,0,0,1,1,-1,-1,2,1
KR_6735224249,420,0,19,3,2,1,3,2,0,4,4,2,2,0,1,1,0,-2,0,2,1,11,6,7,3,10,-2,0,1,-1,1,1,1,4,1
KR_6746935715,420,1,1,-7,7,3,3,0,2,4,2,4,4,0,-1,2,3,-1,1,2,0,-1,-2,-1,7,6,4,0,0,1,1,1,1,6,1
KR_6642794316,420,1,-13,-4,0,2,3,1,-4,1,5,-2,3,5,3,4,1,1,2,1,0,6,-35,-1,6,5,0,0,0,1,-1,0,1,4,1
KR_6777381049,420,0,-15,-8,6,0,2,2,1,2,1,-1,0,1,5,5,0,1,1,0,0,7,8,2,4,6,1,0,1,1,-1,1,1,6,1
KR_6768164440,440,-1,20,0,-1,-2,1,3,-3,2,5,2,6,4,1,3,2,1,3,2,0,2,-1,1,2,3,3,0,0,1,-1,0,-1,6,1
KR_6772988733,420,1,24,8,0,-2,2,4,0,2,2,1,2,1,1,2,1,0,1,1,0,-1,0,0,5,5,3,0,2,1,1,1,-1,3,1
KR_6770496330,420,5,50,0,9,2,2,0,6,7,1,3,5,2,-1,1,2,-1,0,1,-1,15,-33,-1,6,5,5,0,1,-1,1,1,-1,6,1
KR_6754923375,420,4,40,35,9,2,2,0,0,4,4,-2,4,6,8,11,3,1,1,0,0,8,0,5,5,10,-2,0,0,-1,1,1,1,4,1
KR_6774142088,420,2,27,-8,-1,0,4,4,-2,5,7,1,2,1,-2,2,4,2,2,0,0,-4,1,-4,7,3,-2,0,0,-1,-1,1,-1,6,1
KR_6740052883,420,4,67,12,11,6,7,1,-1,4,5,-1,3,4,7,8,1,0,1,1,1,13,7,5,5,10,-2,0,1,1,1,1,1,4,1
KR_6768227497,420,0,44,1,0,-3,0,3,4,4,0,-1,0,1,0,0,0,0,0,0,0,4,10,1,4,5,-1,0,0,1,-1,0,-1,2,1
KR_6744686775,420,4,39,40,8,4,5,1,3,4,1,1,2,1,1,3,2,-1,1,2,0,4,2,0,6,6,0,0,0,1,1,1,1,4,1
KR_6768216850,420,0,15,14,-5,2,2,0,-3,5,8,1,3,2,-4,3,7,-1,1,2,0,0,36,0,6,6,-4,0,0,-1,1,0,-1,4,1
KR_6756355958,420,2,28,13,6,-2,1,3,-1,2,3,6,6,0,2,2,0,1,2,1,0,6,2,0,6,6,-3,0,0,1,-1,0,-1,6,1
KR_6772867111,420,0,48,-13,4,0,2,2,1,1,0,0,2,2,2,3,1,1,1,0,0,5,7,3,7,10,-2,0,0,-1,1,1,1,6,1
KR_6763652502,420,3,-43,-4,5,2,2,0,5,6,1,1,3,2,-1,0,1,-2,0,2,0,3,-25,-5,8,3,5,0,0,1,1,0,1,2,1
KR_6775033467,420,-2,13,7,-2,-2,1,3,-1,1,2,-2,1,3,5,6,1,-2,0,2,0,3,-43,1,8,9,0,0,-1,1,-1,-1,-1,6,1
KR_6759860930,420,4,34,4,10,0,3,3,0,0,0,2,2,0,6,8,2,2,3,1,0,13,1,1,6,7,-1,0,0,-1,1,1,1,3,1
KR_6758148950,420,2,70,14,5,0,1,1,7,7,0,-3,0,3,2,4,2,-1,0,1,0,11,-5,2,4,6,3,0,2,1,1,1,1,5,1
KR_6774445923,420,3,-5,20,7,1,2,1,7,8,1,-4,0,4,2,2,0,1,2,1,0,8,-1,-2,9,7,2,0,0,-1,-1,0,-1,2,1
KR_6617372790,420,2,29,-4,4,-1,1,2,6,7,1,-2,0,2,-1,1,2,2,2,0,0,2,-2,0,5,5,-3,0,0,1,1,1,-1,6,1
KR_6775355388,420,2,40,-8,1,0,1,1,0,2,2,0,2,2,0,2,2,1,2,1,0,-6,4,4,5,9,-3,0,1,-1,1,1,1,2,1
KR_6766432651,420,2,21,20,6,4,4,0,1,1,0,0,3,3,1,2,1,0,0,0,0,10,2,5,3,8,1,0,2,1,1,1,-1,1,1
KR_6777652654,440,4,18,15,7,3,6,3,5,6,1,-1,0,1,0,5,5,0,0,0,0,16,5,4,6,10,-2,0,0,1,-1,-1,1,6,1
KR_6769144549,420,0,0,12,-4,-1,0,1,-2,5,7,0,2,2,0,4,4,-1,1,2,0,-3,-37,-3,6,3,4,0,0,-1,-1,0,-1,6,1
KR_6672936301,420,1,34,-12,4,0,0,0,5,8,3,-1,0,1,-1,0,1,1,1,0,0,7,13,5,4,9,-4,0,0,1,-1,0,-1,3,1
KR_6730966724,420,3,59,23,8,1,3,2,1,3,2,10,10,0,-2,0,2,-2,2,4,0,-2,14,-1,4,3,5,0,2,1,1,1,1,6,1
KR_6773261663,420,1,21,-22,4,-1,2,3,0,2,2,1,1,0,4,6,2,0,0,0,2,5,16,0,5,5,4,0,0,-1,1,-1,1,6,1
KR_6763552417,440,5,131,38,16,0,0,0,1,5,4,3,5,2,12,12,0,0,2,2,0,9,5,-1,7,6,4,0,2,1,1,1,1,2,1
KR_6703939993,420,2,-56,3,11,2,2,0,2,4,2,-1,2,3,7,7,0,1,2,1,0,18,69,3,5,8,4,0,1,1,1,1,1,1,1
KR_6777566262,420,0,13,30,-1,1,2,1,6,8,2,-6,1,7,-3,3,6,1,1,0,0,-10,-12,-2,8,6,-4,0,0,1,1,0,1,6,1
KR_6764575331,420,2,78,16,2,5,6,1,-1,1,2,-8,2,10,3,4,1,3,4,1,0,-6,-96,5,4,9,-1,0,0,-1,-1,0,1,3,1
KR_6770501879,440,6,94,2,7,3,4,1,-4,1,5,-1,3,4,7,7,0,2,2,0,0,6,-3,-1,6,5,5,0,1,-1,-1,-1,1,2,1
KR_6748697957,420,1,-2,-33,3,2,4,2,0,0,0,-3,2,5,5,9,4,-1,3,4,0,1,-16,3,10,13,-4,0,1,-1,1,1,1,3,1
KR_6766205706,420,1,-1,17,-3,-2,0,2,1,6,5,-5,1,6,0,1,1,3,3,0,0,-6,104,1,4,5,-2,0,-1,1,-1,-1,-1,2,1
KR_6773813579,420,-3,-49,4,-10,-4,0,4,-5,4,9,5,7,2,-5,2,7,-1,3,4,-1,-20,-11,1,6,7,-7,0,-1,1,1,-1,-1,1,1
KR_6757549766,420,4,38,-4,20,4,4,0,5,6,1,3,3,0,8,8,0,0,1,1,2,25,-196,2,4,6,5,0,-1,-1,-1,-1,1,1,1
KR_6776429260,440,4,93,14,2,-1,1,2,2,5,3,-1,0,1,2,4,2,0,0,0,0,7,4,0,8,8,6,0,1,1,-1,1,-1,5,1
KR_6774706780,420,5,70,50,9,2,2,0,0,2,2,-2,1,3,6,7,1,3,3,0,0,4,18,7,1,8,-12,0,2,1,-1,1,-1,3,1
KR_6771880735,420,2,67,24,8,5,6,1,1,3,2,-1,2,3,-2,2,4,5,5,0,0,2,-5,4,3,7,7,0,-1,1,-1,-1,-1,5,1
KR_6777807875,420,3,29,26,4,1,1,0,-3,4,7,1,3,2,6,7,1,-1,0,1,0,-5,-112,-1,9,8,5,0,0,1,1,0,-1,6,1
KR_6772575371,420,1,22,0,4,-1,1,2,0,2,2,8,8,0,-1,5,6,-2,0,2,1,-1,-6,6,5,11,3,0,1,-1,1,1,1,4,1
KR_6772085572,440,-2,-24,12,-3,1,2,1,0,0,0,-3,1,4,0,4,4,-1,2,3,0,0,2,-4,7,3,2,0,0,0,1,0,1,0,1
KR_6774652670,420,2,18,20,3,-1,0,1,0,2,2,1,2,1,-1,1,2,4,4,0,0,3,-11,-4,9,5,4,0,0,1,1,0,-1,3,1
KR_6768166819,420,2,67,19,12,-1,2,3,1,1,0,7,7,0,5,6,1,0,0,0,0,14,7,4,3,7,2,0,-1,-1,1,1,1,4,1
KR_6763229005,420,2,6,-16,9,3,4,1,-3,2,5,1,2,1,8,9,1,0,1,1,4,12,4,0,7,7,0,0,1,-1,1,1,1,4,1
KR_6777580958,420,2,19,-19,1,0,1,1,-1,1,2,4,7,3,0,1,1,-2,0,2,-1,-4,39,0,7,7,2,0,0,-1,-1,0,-1,6,1
KR_6713136106,420,-1,41,1,-1,0,0,0,0,4,4,-1,0,1,0,1,1,0,0,0,0,-5,-6,-4,9,5,3,0,1,1,-1,1,-1,3,1
KR_6764909528,420,1,46,17,7,1,3,2,1,4,3,2,4,2,3,4,1,0,1,1,0,2,9,3,4,7,0,0,1,0,1,1,1,0,1
KR_6750058895,420,5,166,12,18,3,3,0,2,6,4,6,7,1,7,10,3,0,2,2,2,15,-56,5,5,10,0,0,1,1,1,1,1,3,1
KR_6770362151,420,2,57,20,2,1,5,4,0,2,2,-1,1,2,5,6,1,-3,0,3,0,4,-3,1,6,7,-1,0,0,1,-1,0,1,4,1
KR_6747072788,420,2,23,14,4,0,0,0,-1,2,3,3,3,0,1,2,1,1,2,1,0,2,0,0,4,4,5,0,0,1,1,1,1,2,1
KR_6711619437,420,0,-30,-12,4,3,5,2,1,5,4,2,4,2,-2,1,3,0,1,1,0,-4,-23,0,9,9,3,0,0,-1,1,0,1,3,1
KR_6776734339,420,3,-38,-8,7,-2,0,2,10,11,1,-1,1,2,1,5,4,-1,1,2,0,13,27,0,8,8,0,0,1,-1,1,1,1,6,1
KR_6777815059,420,-1,23,-11,-5,1,1,0,-2,1,3,-4,2,6,0,2,2,0,0,0,0,-12,-4,-2,8,6,3,0,0,1,-1,0,1,2,1
KR_6769682648,420,0,-17,-28,10,0,0,0,3,3,0,6,10,4,2,2,0,-1,1,2,0,21,14,-3,6,3,-6,0,-1,1,-1,-1,-1,4,1
KR_6776750711,420,0,-27,-21,-5,-3,1,4,1,2,1,2,3,1,-3,1,4,-2,0,2,-3,-14,-9,-5,10,5,0,0,0,1,-1,0,-1,1,1
KR_6777875528,420,-1,-22,-12,2,-1,3,4,0,3,3,-1,2,3,2,4,2,2,2,0,-1,3,5,2,3,5,-2,0,0,1,1,1,-1,1,1
KR_6758958800,420,2,32,7,4,2,7,5,2,7,5,1,5,4,-2,0,2,1,1,0,1,3,-31,-6,9,3,-1,0,1,1,-1,1,1,6,1
KR_6768626003,420,2,50,28,9,1,1,0,3,5,2,3,5,2,2,7,5,0,1,1,2,7,6,3,7,10,3,0,0,-1,1,0,1,1,1
KR_6736660837,420,1,8,-8,0,2,2,0,1,6,5,0,2,2,-1,1,2,-2,0,2,0,-3,2,0,7,7,4,0,0,-1,1,0,-1,4,1
KR_6774699364,420,2,26,5,4,3,5,2,-2,3,5,1,1,0,2,3,1,0,0,0,0,0,26,2,5,7,5,0,2,1,-1,1,-1,2,1
KR_6766400863,420,-1,-37,4,6,2,4,2,-2,2,4,-1,3,4,6,7,1,1,3,2,0,9,151,5,3,8,-5,0,1,1,1,1,1,4,1
KR_6774026515,420,4,15,15,3,0,1,1,7,9,2,-4,2,6,1,4,3,-1,0,1,-1,-11,-12,-6,9,3,7,0,1,-1,0,1,-1,1,1
KR_6766848498,420,2,13,30,8,0,0,0,4,4,0,0,1,1,1,4,3,3,3,0,0,8,3,7,5,12,-5,0,1,1,1,1,1,5,1
KR_6723930545,420,4,-10,-8,4,4,6,2,-1,1,2,1,3,2,-2,2,4,2,3,1,0,0,-12,0,9,9,3,0,1,-1,-1,1,-1,6,1
KR_6651886587,420,1,3,4,2,-1,3,4,2,7,5,-3,0,3,4,7,3,0,0,0,0,9,33,5,3,8,-4,0,-1,-1,1,1,1,5,1
KR_6767060297,420,-3,-42,-14,-5,4,4,0,-6,2,8,-5,2,7,0,3,3,2,2,0,1,-4,46,4,6,10,-9,0,1,-1,-1,1,1,4,1
KR_6775529256,420,3,56,13,13,-1,0,1,5,6,1,6,7,1,5,8,3,-2,0,2,0,18,52,3,7,10,-1,0,3,-1,1,1,-1,2,1
KR_6773975577,420,-3,-69,-16,5,1,4,3,1,3,2,1,2,1,1,2,1,1,3,2,1,8,-6,-2,5,3,3,0,-1,-1,0,-1,1,6,1
KR_6709816180,420,0,-47,20,-2,-3,2,5,1,5,4,7,9,2,-6,1,7,-1,2,3,-1,-3,0,-11,14,3,0,0,2,1,1,1,1,2,1
KR_6776308423,420,4,29,23,5,2,3,1,2,4,2,-5,0,5,6,6,0,0,0,0,0,8,-24,4,3,7,6,0,0,1,1,1,-1,1,1
KR_6770413170,420,1,12,3,-2,-6,0,6,-4,0,4,5,5,0,1,3,2,2,2,0,0,-12,-38,-3,7,4,2,0,0,-1,-1,0,-1,4,1
KR_6776379971,420,3,14,17,1,-3,1,4,1,2,1,1,3,2,0,0,0,2,2,0,0,3,-16,2,3,5,-4,0,0,-1,1,1,-1,1,1
KR_6757897102,420,1,69,9,1,2,2,0,-5,1,6,4,4,0,0,3,3,0,0,0,1,-3,-2,1,7,8,1,0,0,1,1,1,1,6,1
KR_6673475594,420,-3,32,-5,0,1,1,0,-1,1,2,0,1,1,1,3,2,-1,0,1,0,-5,34,-5,11,6,-28,0,-1,1,-1,1,1,4,1
KR_6764979049,420,0,-21,19,3,2,3,1,4,6,2,-3,1,4,-1,6,7,1,1,0,0,3,0,0,8,8,-1,0,0,1,1,0,1,5,1
KR_6766379315,440,7,69,31,15,3,3,0,2,4,2,2,6,4,10,13,3,-2,0,2,1,7,3,1,2,3,2,0,2,-1,1,1,1,1,1
KR_6773355642,420,0,3,5,4,-2,1,3,4,5,1,3,7,4,0,2,2,-1,0,1,0,9,30,-1,5,4,-4,0,1,1,1,1,-1,3,1
KR_6674608738,420,0,-29,5,-3,-4,0,4,3,4,1,-1,1,2,-3,1,4,2,2,0,0,6,0,4,4,8,-2,0,-1,1,-1,-1,-1,6,1
KR_6755563641,420,2,15,6,0,2,2,0,-1,2,3,-2,1,3,1,4,3,0,0,0,0,-3,-7,-2,7,5,-4,0,0,-1,1,0,-1,4,1
KR_6741043858,420,-1,-47,11,-1,1,2,1,1,2,1,3,6,3,-5,0,5,-1,1,2,2,0,-1,-1,8,7,-5,0,0,1,-1,0,1,2,1
KR_6756465826,420,1,10,-4,5,-2,1,3,5,5,0,1,2,1,1,1,0,0,0,0,0,9,-9,-5,11,6,-1,0,-1,-1,1,-1,1,5,1
KR_6768362093,420,4,56,-28,15,2,4,2,7,7,0,0,3,3,6,6,0,0,1,1,1,24,9,3,5,8,5,0,1,1,1,1,1,2,1
KR_6776938083,420,7,32,-1,19,8,8,0,4,8,4,3,3,0,2,6,4,2,2,0,1,13,-41,-1,6,5,30,0,1,1,-1,1,1,5,1
KR_6777136861,440,4,51,52,14,6,7,1,-6,3,9,5,5,0,7,9,2,2,2,0,1,22,6,1,1,2,3,0,3,0,1,1,1,0,1
KR_6768304110,420,0,13,15,1,-6,1,7,0,3,3,5,6,1,1,3,2,1,2,1,2,-2,-11,-1,8,7,8,0,3,-1,1,1,1,1,1
KR_6756228982,420,5,42,40,8,3,3,0,4,5,1,2,2,0,0,2,2,-1,2,3,0,11,6,6,2,8,-3,0,3,1,1,1,1,3,1
KR_6769874850,420,-1,-3,-10,-2,-2,0,2,-4,2,6,8,9,1,-3,1,4,-1,0,1,-1,1,113,5,4,9,-4,0,0,-1,-1,0,-1,2,1
KR_6772186125,440,1,39,-28,5,-1,0,1,0,2,2,0,1,1,7,7,0,-1,0,1,0,-1,-30,-2,9,7,4,0,0,1,1,1,1,1,1
KR_6760960511,420,5,77,45,10,2,4,2,4,5,1,2,2,0,1,4,3,1,3,2,0,5,14,4,3,7,-2,0,3,1,1,1,1,4,1
KR_6721831006,420,-2,-14,-1,-2,0,1,1,-2,2,4,-2,1,3,2,3,1,0,1,1,-2,-6,-31,2,4,6,7,0,0,1,-1,1,-1,2,1
KR_6750129945,420,5,60,31,5,0,1,1,-2,0,2,2,3,1,5,5,0,0,0,0,0,3,-8,2,6,8,5,0,2,1,1,1,1,2,1
KR_6769669016,420,0,-19,-8,-4,4,6,2,-3,4,7,-2,1,3,-5,0,5,2,3,1,0,-8,-4,2,5,7,3,0,0,-1,1,1,-1,3,1
KR_6777101178,420,6,14,20,6,2,2,0,2,3,1,1,6,5,0,1,1,1,1,0,1,12,10,3,4,7,-3,0,1,1,1,1,1,1,1
KR_6756745697,420,3,95,-23,5,1,2,1,0,0,0,5,8,3,2,2,0,-3,0,3,0,7,23,1,4,5,-2,0,1,1,-1,1,1,1,1
KR_6758035605,420,1,12,11,2,1,1,0,1,1,0,4,7,3,-3,0,3,-1,0,1,0,6,-26,-1,10,9,-5,0,0,1,1,1,-1,5,1
KR_6750370778,420,0,-15,-12,-1,1,2,1,-3,2,5,-2,1,3,2,4,2,1,2,1,0,-4,-345,4,3,7,2,0,2,-1,1,1,1,2,1
KR_6777272418,420,1,17,12,9,5,6,1,-1,3,4,0,1,1,0,2,2,5,5,0,0,10,40,1,6,7,2,0,0,1,-1,0,1,4,1
KR_6773989288,440,2,13,2,5,3,7,4,-2,1,3,1,4,3,3,6,3,0,3,3,0,12,4,3,2,5,-4,0,0,-1,0,-1,-1,6,1
KR_6743031433,440,0,-27,21,-2,1,2,1,-1,0,1,-1,1,2,0,0,0,-1,0,1,0,-7,4,2,2,4,-5,0,0,-1,0,1,1,1,1
KR_6707135766,420,1,9,-14,1,-2,3,5,3,7,4,1,3,2,4,5,1,-5,0,5,-1,3,-9,-5,11,6,5,0,1,-1,-1,1,-1,6,1
KR_6762253739,420,3,-3,31,1,2,4,2,1,5,4,-1,0,1,0,1,1,-1,1,2,-2,-2,7,0,4,4,3,0,3,1,1,1,-1,4,1
KR_6771160745,420,6,127,-13,14,7,7,0,2,3,1,0,1,1,6,6,0,-1,0,1,0,14,22,5,4,9,4,0,2,-1,1,1,1,1,1
KR_6751265460,420,-1,-59,11,3,2,4,2,1,2,1,3,4,1,-3,2,5,0,0,0,0,0,-6,-1,7,6,-4,0,-1,-1,1,-1,1,4,1
KR_6733519251,420,4,0,3,12,4,6,2,4,7,3,-2,0,2,3,4,1,3,4,1,0,11,-25,0,4,4,2,0,1,1,1,1,1,5,1
KR_6777625881,420,0,-23,-13,-1,-2,2,4,0,2,2,1,1,0,1,4,3,-1,0,1,1,4,-113,-8,11,3,-2,0,-2,-1,-1,-1,1,2,1
KR_6772930988,420,5,67,1,21,3,4,1,10,10,0,0,2,2,3,4,1,5,6,1,0,25,47,-1,7,6,-3,0,3,0,1,1,1,0,1
KR_6765007319,420,0,59,-12,-5,4,4,0,0,1,1,-4,2,6,-5,2,7,0,5,5,-1,-8,5,0,8,8,0,0,0,-1,-1,1,-1,4,1
KR_6768725497,420,2,26,-17,6,-2,0,2,2,5,3,0,2,2,7,8,1,-1,0,1,0,11,-36,6,3,9,4,0,2,-1,1,1,1,5,1
KR_6777646531,420,7,84,-13,11,2,2,0,4,6,2,0,1,1,5,7,2,0,1,1,1,14,22,1,6,7,3,0,2,1,-1,1,1,3,1
KR_6774378031,420,2,1,26,8,3,6,3,-2,2,4,4,4,0,1,4,3,2,3,1,0,5,28,1,3,4,7,0,-1,1,-1,-1,-1,4,1
KR_6719937441,420,1,1,-24,4,-3,1,4,1,3,2,0,1,1,4,4,0,2,2,0,0,9,-5,-1,8,7,5,0,1,-1,-1,1,-1,5,1
KR_6721431262,420,5,74,28,10,2,5,3,0,3,3,-1,1,2,5,5,0,4,4,0,0,8,27,6,5,11,-5,0,2,1,1,1,1,5,1
KR_6737395619,420,0,12,-7,3,-1,2,3,-1,3,4,3,4,1,0,1,1,2,3,1,0,12,-1,-1,8,7,4,0,-1,1,-1,-1,-1,5,1
KR_6774147521,420,1,29,-17,9,2,4,2,1,1,0,0,1,1,4,5,1,2,5,3,0,9,14,8,1,9,-3,0,1,1,-1,-1,1,5,1
KR_6727217729,420,0,-10,35,1,-3,1,4,1,2,1,-2,1,3,5,9,4,0,0,0,1,5,-30,3,4,7,0,0,-2,1,-1,-1,1,1,1
KR_6775251622,440,1,33,0,4,2,6,4,0,1,1,1,3,2,1,3,2,0,0,0,0,5,18,0,5,5,3,0,0,1,-1,1,1,6,1
KR_6767912660,440,4,53,-23,7,5,5,0,5,7,2,-3,0,3,-2,1,3,2,2,0,0,8,-5,3,4,7,3,0,2,-1,0,1,-1,6,1
KR_6767603365,420,2,15,-20,4,0,1,1,1,2,1,-2,2,4,4,4,0,1,2,1,0,13,30,1,5,6,3,0,0,1,-1,0,1,6,1
KR_6726537725,420,0,-26,-4,5,-1,1,2,0,4,4,2,2,0,5,7,2,-1,0,1,0,7,-4,5,7,12,-3,0,1,-1,1,1,1,2,1
KR_6775844093,420,3,45,48,8,4,4,0,1,5,4,-2,3,5,5,8,3,0,0,0,0,3,4,0,7,7,5,0,0,-1,1,1,1,6,1
KR_6777272052,420,-1,38,-14,3,2,2,0,-1,1,2,2,5,3,0,1,1,0,0,0,1,2,-20,3,4,7,5,0,1,1,1,1,1,6,1
KR_6727532095,420,-4,-67,35,-5,-3,2,5,2,5,3,-3,2,5,-1,0,1,0,0,0,0,-6,-5,2,4,6,-1,0,0,1,-1,0,-1,2,1
KR_6758854312,420,3,78,28,10,0,0,0,0,4,4,2,6,4,8,10,2,0,0,0,1,2,40,2,5,7,-15,0,2,1,1,1,1,5,1
KR_6707894568,420,0,-13,0,-5,-1,1,2,-7,2,9,10,11,1,-5,1,6,-2,1,3,0,-7,-7,-4,9,5,6,0,-2,1,1,-1,1,6,1
KR_6712904476,420,3,33,20,7,2,3,1,4,4,0,5,6,1,-3,1,4,-1,2,3,0,13,39,-1,9,8,-21,0,-1,-1,-1,-1,-1,1,1
KR_6722735890,420,1,72,-26,6,0,2,2,0,6,6,5,5,0,1,3,2,0,0,0,0,9,29,1,6,7,-9,0,1,1,-1,1,-1,5,1
KR_6720804020,420,1,-4,20,1,0,4,4,1,6,5,-2,5,7,1,2,1,1,1,0,0,-2,4,-3,8,5,1,0,1,1,1,1,-1,4,1
KR_6620444556,420,4,35,13,8,1,2,1,2,4,2,-1,0,1,5,5,0,1,2,1,1,11,5,-6,9,3,2,0,1,1,1,1,1,4,1
KR_6697262226,420,-1,13,-12,-4,1,2,1,-4,0,4,3,3,0,-3,0,3,-1,0,1,0,-6,-4,-1,6,5,-4,0,-2,-1,1,-1,1,2,1
KR_6765206573,420,8,108,39,19,5,5,0,8,9,1,3,8,5,3,4,1,0,1,1,2,21,165,1,4,5,-1,0,3,1,1,1,1,1,1
KR_6742864604,420,2,72,4,-1,-1,1,2,3,3,0,-2,0,2,-2,1,3,1,1,0,0,-2,-3,-5,8,3,-6,0,1,1,1,1,1,6,1
KR_6774828326,420,0,7,-20,5,0,2,2,1,5,4,0,1,1,4,5,1,0,1,1,0,5,7,-1,6,5,-3,0,-1,1,1,1,-1,1,1
KR_6775489197,420,4,96,19,10,0,1,1,3,3,0,5,5,0,3,3,0,-1,0,1,0,7,-14,-2,6,4,8,0,2,1,1,1,1,4,1
KR_6711711363,420,2,53,-18,6,-3,1,4,2,6,4,4,5,1,0,4,4,3,3,0,0,11,8,5,5,10,5,0,0,1,-1,1,-1,5,1
KR_6777851795,420,-1,-53,-8,-3,0,2,2,1,6,5,-3,1,4,2,5,3,-3,0,3,1,5,1,-1,7,6,2,0,0,-1,1,1,1,2,1
KR_6712041487,420,1,46,1,2,1,4,3,0,4,4,-3,0,3,1,3,2,3,3,0,0,-4,-18,-3,8,5,5,0,-1,1,-1,-1,-1,2,1
KR_6770089479,440,12,198,112,18,4,4,0,5,9,4,1,2,1,4,7,3,4,7,3,4,27,19,3,2,5,1,1,5,1,1,1,1,3,1
KR_6763320534,420,7,99,9,14,6,6,0,0,6,6,1,3,2,6,7,1,1,2,1,-1,13,-14,3,5,8,2,0,2,1,-1,1,-1,4,1
KR_6777546666,420,3,37,7,4,2,4,2,2,5,3,1,2,1,-3,2,5,2,3,1,-1,-3,-29,-1,6,5,-1,0,1,1,-1,1,-1,6,1
KR_6661655627,420,2,26,19,8,-1,2,3,5,9,4,3,10,7,1,4,3,0,1,1,0,2,0,5,6,11,-2,0,2,1,1,1,1,3,1
KR_6777046927,420,1,-53,3,-1,-2,1,3,-3,0,3,3,4,1,-2,0,2,3,4,1,0,-6,56,-2,7,5,0,0,0,-1,1,1,-1,2,1
KR_6676796305,420,-1,-26,42,-4,2,3,1,-3,0,3,-2,2,4,0,3,3,-1,0,1,0,-5,-5,-3,9,6,-6,0,0,1,1,-1,-1,4,1
KR_6773623259,440,2,89,20,0,1,3,2,2,4,2,3,6,3,-6,2,8,0,3,3,0,2,-9,-8,9,1,4,0,1,-1,1,1,1,1,1
KR_6777409340,420,1,35,56,-3,-1,0,1,-1,2,3,-1,2,3,1,1,0,-1,0,1,0,-8,-26,-5,7,2,5,0,2,-1,1,1,-1,2,1
KR_6742981506,440,0,76,-32,9,2,2,0,7,7,0,1,1,0,-2,1,3,1,2,1,1,14,4,0,8,8,1,0,0,1,-1,0,1,1,1
KR_6765999088,420,2,42,-1,3,1,1,0,-1,3,4,0,1,1,3,4,1,0,0,0,0,5,0,-3,10,7,-2,0,1,1,1,1,1,3,1
KR_6775006325,420,0,-22,2,0,-7,0,7,5,7,2,-4,2,6,3,6,3,3,3,0,0,5,24,-1,6,5,-11,0,1,1,-1,1,-1,2,1
KR_6768292401,420,0,79,28,0,1,3,2,1,1,0,2,2,0,-4,0,4,0,0,0,0,1,-4,-2,5,3,3,0,0,1,-1,0,1,1,1
KR_6665182203,420,2,37,-12,6,6,6,0,-2,1,3,1,7,6,1,2,1,0,1,1,1,-2,-6,-1,4,3,2,0,1,-1,1,1,1,2,1
KR_6711866028,420,6,20,17,15,4,4,0,4,4,0,0,2,2,5,8,3,2,2,0,0,21,-4,3,4,7,-1,0,1,1,1,1,-1,5,1
KR_6735003015,420,2,-15,9,7,2,3,1,1,2,1,1,1,0,3,3,0,0,1,1,0,5,-4,-6,9,3,0,0,0,-1,-1,0,1,2,1
KR_6673936450,420,2,14,1,8,-1,7,8,2,4,2,6,6,0,0,4,4,1,1,0,0,12,7,1,6,7,-1,0,-1,1,-1,-1,1,4,1
KR_6773099871,420,4,30,38,7,6,8,2,2,5,3,0,5,5,0,3,3,-1,0,1,1,2,9,5,6,11,-9,0,1,1,-1,-1,1,3,1
KR_6760165052,420,5,45,22,7,3,4,1,1,3,2,3,5,2,1,1,0,-1,1,2,0,2,-11,-3,7,4,6,0,1,-1,-1,1,-1,5,1
KR_6711178870,420,3,54,7,8,1,2,1,2,3,1,5,5,0,1,5,4,-1,2,3,0,14,0,4,4,8,11,0,2,1,1,1,1,2,1
KR_6772346686,420,-1,-59,-25,-6,-4,1,5,1,3,2,-1,4,5,1,6,5,-3,1,4,0,-1,29,-4,9,5,0,0,-1,-1,1,-1,-1,4,1
KR_6767020101,420,6,82,26,14,9,10,1,4,8,4,0,2,2,2,4,2,-1,0,1,0,8,7,3,1,4,-2,0,2,1,1,1,1,6,1
KR_6756364277,420,0,17,-36,3,-2,2,4,-2,2,4,0,2,2,6,6,0,1,1,0,-1,7,7,2,3,5,3,0,1,1,-1,1,-1,6,1
KR_6777213067,420,4,68,-4,16,0,3,3,4,5,1,1,1,0,5,7,2,6,6,0,0,22,-2,-5,9,4,4,0,1,1,-1,1,1,4,1
KR_6741633305,420,1,49,-31,1,-1,1,2,0,4,4,-2,3,5,4,6,2,0,3,3,1,6,-115,-1,11,10,-1,0,-2,1,-1,-1,1,4,1
KR_6776932156,440,5,103,35,9,8,9,1,0,2,2,0,1,1,0,2,2,1,1,0,0,7,2,2,10,12,5,0,1,1,1,1,-1,6,1
KR_6747138922,420,2,-23,12,7,2,2,0,1,4,3,1,2,1,5,5,0,-2,2,4,0,12,28,-2,8,6,-2,0,1,-1,1,1,-1,4,1
KR_6724218433,420,-2,-2,4,2,-1,0,1,1,6,5,1,4,3,3,5,2,-2,1,3,0,13,9,6,3,9,2,0,-1,-1,-1,-1,1,4,1
KR_6728905933,420,4,55,42,6,-1,2,3,5,6,1,0,5,5,2,3,1,0,1,1,1,10,1,2,7,9,3,0,1,-1,1,1,1,3,1
KR_6758620304,420,3,63,-8,6,0,4,4,2,3,1,2,3,1,2,2,0,0,0,0,0,10,6,-2,5,3,-2,0,3,-1,1,1,1,4,1
KR_6744776119,420,3,107,-3,2,3,4,1,-2,2,4,-2,4,6,1,2,1,2,2,0,0,-1,0,1,6,7,-3,0,0,1,-1,1,-1,6,1
KR_6768545253,440,-2,-8,-24,-2,0,1,1,-5,3,8,3,4,1,0,7,7,0,2,2,-1,4,4,2,2,4,-4,0,-1,0,-1,-1,-1,0,1
KR_6772171566,420,-2,42,-53,2,0,0,0,0,4,4,0,2,2,1,3,2,1,1,0,1,4,4,3,6,9,-3,0,0,-1,-1,0,1,5,1
KR_6684231343,420,-1,62,-43,3,-2,2,4,4,7,3,-3,3,6,5,7,2,-1,1,2,-1,-8,41,-1,7,6,-19,0,0,-1,-1,-1,-1,5,1
KR_6721558279,420,8,51,11,15,1,2,1,2,4,2,5,6,1,6,7,1,1,1,0,1,18,9,7,3,10,1,0,3,-1,1,1,1,2,1
KR_6769561255,420,5,45,20,12,2,3,1,1,2,1,8,8,0,2,3,1,-1,1,2,0,3,2,-4,8,4,4,0,2,1,1,1,1,6,1
KR_6684483108,420,5,54,0,20,2,4,2,3,3,0,4,4,0,12,13,1,-1,1,2,0,21,-2,1,4,5,3,0,5,-1,1,1,-1,6,1
KR_6768663707,420,1,-1,-4,-1,0,0,0,-4,2,6,1,2,1,1,1,0,1,1,0,0,0,-9,-4,9,5,-3,0,0,-1,-1,0,-1,6,1
KR_6777164921,420,-3,-39,6,-6,-2,0,2,1,2,1,-5,0,5,0,1,1,0,1,1,0,-5,-20,1,5,6,0,0,0,-1,1,0,-1,6,1
KR_6776611677,420,-1,36,-20,1,-1,0,1,1,3,2,-1,1,2,3,3,0,-1,2,3,0,2,-6,-1,7,6,1,0,0,1,0,0,1,3,1
KR_6704505364,420,7,66,51,16,5,6,1,5,7,2,0,2,2,5,5,0,1,1,0,1,22,13,5,1,6,-1,0,1,1,1,1,1,2,1
KR_6769976576,420,3,-30,13,3,-1,3,4,2,3,1,-2,2,4,3,3,0,1,1,0,0,12,-16,-1,7,6,1,0,-1,1,-1,-1,-1,6,1
KR_6777868979,420,4,43,-4,11,2,2,0,-1,3,4,6,7,1,3,3,0,1,4,3,0,18,-72,7,2,9,2,0,3,1,1,1,-1,6,1
KR_6775904288,420,-1,-17,8,1,-4,1,5,6,9,3,1,4,3,-2,1,3,0,1,1,-1,8,1,0,4,4,2,0,-1,1,-1,-1,-1,5,1
KR_6775420053,420,2,-14,17,5,0,0,0,2,2,0,3,6,3,-1,1,2,1,1,0,0,6,5,0,6,6,1,0,-1,1,-1,-1,1,4,1
KR_6753274977,420,1,47,25,-2,1,1,0,-1,5,6,3,4,1,-6,2,8,1,3,2,-1,-2,6,-5,10,5,4,0,1,-1,-1,1,-1,4,1
KR_6725423646,420,4,31,29,2,3,3,0,-3,4,7,2,6,4,-1,3,4,1,2,1,0,-1,2,-6,9,3,4,0,1,1,1,1,1,3,1
KR_6757129637,420,1,-77,44,1,-1,2,3,0,3,3,6,8,2,1,3,2,-5,0,5,0,5,-15,5,2,7,-2,0,-1,1,0,-1,-1,2,1
KR_6770215895,420,-1,-24,5,0,0,3,3,5,7,2,1,5,4,-5,1,6,-1,2,3,0,-2,29,-4,13,9,-4,0,1,-1,1,1,1,6,1
KR_6744867333,420,-2,-26,-17,2,4,6,2,-1,4,5,1,3,2,-1,1,2,-1,0,1,0,-4,-4,3,7,10,-6,0,0,0,0,0,1,0,1
KR_6668113307,420,-2,4,-22,2,0,1,1,3,5,2,-1,1,2,0,4,4,0,1,1,0,2,2,-4,10,6,-2,0,0,-1,1,0,-1,6,1
KR_6777649827,420,3,10,8,6,1,1,0,-7,0,7,4,4,0,4,5,1,4,5,1,0,10,-10,5,3,8,2,0,0,1,1,0,-1,1,1
KR_6776041779,420,6,-12,50,9,3,4,1,2,3,1,5,6,1,2,3,1,-3,0,3,0,7,0,-4,7,3,-3,0,2,-1,1,1,-1,3,1
KR_6776310238,420,5,23,-9,12,3,4,1,3,6,3,5,6,1,0,0,0,1,1,0,0,14,38,-1,8,7,4,0,0,-1,-1,1,1,1,1
KR_6757549703,420,1,77,-19,8,1,2,1,-1,1,2,2,2,0,4,4,0,2,3,1,1,15,6,6,1,7,0,0,1,1,-1,1,1,4,1
KR_6739336821,420,9,117,28,17,3,3,0,7,7,0,-2,0,2,9,9,0,0,1,1,1,14,35,1,5,6,6,0,3,0,1,1,1,0,1
KR_6771927446,440,4,39,4,9,-4,0,4,4,4,0,5,6,1,2,6,4,2,2,0,0,21,-3,-1,6,5,1,0,2,-1,1,1,-1,6,1
KR_6740790115,420,3,46,26,6,-2,1,3,1,6,5,-1,4,5,3,4,1,5,5,0,0,13,-1,-7,8,1,0,0,2,1,-1,1,1,3,1
KR_6672798718,420,3,49,7,6,0,2,2,3,5,2,4,4,0,0,1,1,-1,0,1,0,8,2,2,3,5,4,0,2,0,1,1,-1,0,1
KR_6755420792,420,0,62,4,8,4,4,0,-2,1,3,8,10,2,-2,2,4,0,2,2,-1,-3,-11,-1,12,11,-1,0,1,-1,1,1,-1,1,1
KR_6770835727,420,-2,-22,12,-4,-2,3,5,1,1,0,-1,1,2,-2,1,3,0,3,3,0,-7,-8,-4,8,4,-8,0,-1,-1,1,-1,1,6,1
KR_6768538181,420,6,43,14,8,1,3,2,-1,2,3,10,10,0,-2,0,2,0,0,0,0,7,-4,-3,7,4,6,0,3,1,1,1,-1,2,1
KR_6684280033,420,6,98,1,10,3,3,0,5,5,0,2,4,2,0,3,3,0,0,0,0,8,38,1,5,6,5,0,1,1,-1,1,-1,3,1
KR_6772084095,420,2,26,4,5,4,5,1,-2,0,2,-3,0,3,2,3,1,4,4,0,0,1,-5,-1,8,7,4,0,0,-1,-1,0,1,4,1
KR_6773997751,420,-1,-60,13,-4,-3,1,4,1,5,4,-2,1,3,2,2,0,-2,1,3,-1,1,-11,-7,11,4,6,0,0,-1,1,0,-1,3,1
KR_6693413000,420,0,-34,-13,7,5,5,0,2,3,1,-3,0,3,4,7,3,-1,0,1,1,8,45,4,3,7,-1,0,2,-1,1,1,1,2,1
KR_6770631090,420,2,-14,-8,1,0,2,2,0,1,1,-1,2,3,2,7,5,0,0,0,0,3,29,3,2,5,-3,0,1,1,-1,1,1,1,1
KR_6757640858,420,2,14,13,2,0,3,3,8,8,0,-6,2,8,1,3,2,-1,1,2,0,4,19,1,8,9,-4,0,1,-1,-1,1,-1,6,1
KR_6620228674,420,0,-60,35,-2,0,1,1,2,3,1,-1,1,2,-5,2,7,2,2,0,0,-4,-4,-2,6,4,-2,0,-2,-1,-1,-1,1,1,1
KR_6777821355,420,1,32,8,-1,1,2,1,0,4,4,-3,1,4,1,2,1,0,1,1,0,-1,32,0,7,7,-15,0,0,-1,1,0,-1,3,1
KR_6766723226,440,4,129,-24,12,4,7,3,-3,3,6,4,4,0,5,6,1,2,3,1,0,5,1,2,6,8,2,0,1,-1,-1,1,1,4,1
KR_6747309831,420,4,74,12,9,1,3,2,5,6,1,2,3,1,1,2,1,0,1,1,0,7,3,6,3,9,1,0,2,1,1,1,-1,1,1
KR_6758466052,420,-1,30,-4,-6,0,1,1,-2,1,3,-5,0,5,2,3,1,-1,1,2,1,-9,2,-3,12,9,-4,0,0,-1,-1,-1,1,1,1
KR_6692149806,420,-2,-3,-4,-10,0,1,1,-7,3,10,-4,0,4,1,1,0,0,1,1,0,-22,13,-1,7,6,3,0,-2,-1,1,-1,-1,1,1
KR_6775975546,420,-2,37,-14,-8,-2,1,3,0,5,5,2,2,0,-3,2,5,-5,2,7,-2,-4,4,4,3,7,0,0,0,1,-1,0,-1,6,1
KR_6762754050,440,0,-37,28,-1,-4,3,7,0,3,3,1,1,0,-1,1,2,3,4,1,0,1,-4,-2,8,6,3,0,0,1,0,0,-1,1,1
KR_6741650744,440,1,101,8,1,-2,2,4,3,4,1,0,3,3,-2,4,6,2,3,1,0,4,-4,-6,9,3,1,0,0,1,1,0,1,4,1
KR_6759055030,420,1,61,-8,2,0,1,1,1,3,2,0,5,5,1,4,3,0,1,1,0,0,3,-1,9,8,2,0,1,-1,1,1,1,6,1
KR_6719425110,420,-1,75,-20,-5,0,1,1,1,3,2,-3,1,4,-3,1,4,0,0,0,0,-3,4,-2,9,7,0,0,2,-1,1,1,1,2,1
KR_6777780728,420,-1,28,-12,-3,3,3,0,-2,2,4,0,1,1,-3,2,5,-1,1,2,0,-3,6,0,8,8,4,0,-1,1,-1,1,-1,3,1
KR_6764750045,420,2,-35,-8,3,0,3,3,2,2,0,2,2,0,-1,0,1,0,0,0,0,-2,1,0,5,5,-1,0,0,1,1,0,1,5,1
KR_6767741241,440,0,34,24,-5,0,2,2,-2,1,3,2,2,0,-5,1,6,0,1,1,-1,-13,18,4,4,8,-14,0,1,-1,1,1,-1,2,1
KR_6673365222,420,2,20,18,6,0,1,1,-3,1,4,1,2,1,6,8,2,2,2,0,0,8,9,2,7,9,0,0,1,1,1,1,1,4,1
KR_6761301929,420,-2,7,-7,-10,2,4,2,-1,2,3,-6,1,7,-5,2,7,0,0,0,0,-11,-5,-1,5,4,0,0,-1,-1,-1,-1,1,4,1
KR_6733209806,420,0,0,-4,-1,-1,0,1,1,3,2,1,1,0,-1,2,3,-1,0,1,0,-1,-4,-4,10,6,3,0,1,-1,1,1,-1,6,1
KR_6723765346,420,6,97,79,16,-1,2,3,8,9,1,7,8,1,2,4,2,0,0,0,1,25,8,6,1,7,1,0,4,1,1,1,1,3,1
KR_6676964055,420,2,18,6,4,2,2,0,2,4,2,0,2,2,-1,2,3,1,1,0,0,2,42,-2,8,6,-5,0,0,1,1,1,1,1,1
KR_6723790319,420,3,49,1,10,5,7,2,4,6,2,-1,2,3,3,4,1,-1,0,1,-1,4,15,3,4,7,-1,0,0,1,1,0,-1,4,1
KR_6769896742,420,5,73,31,0,4,4,0,-1,8,9,0,2,2,-2,2,4,-1,0,1,0,-5,14,-1,6,5,4,0,1,-1,1,1,1,4,1
KR_6776508467,420,4,82,8,4,1,2,1,0,4,4,1,2,1,0,0,0,2,2,0,0,9,6,-1,7,6,9,0,1,1,1,1,1,1,1
KR_6772992490,420,-2,41,5,-7,1,3,2,0,4,4,-6,1,7,-2,2,4,0,0,0,0,-12,2,0,4,4,2,0,0,-1,-1,0,1,1,1
KR_6775840958,420,1,33,-25,0,-2,2,4,2,3,1,0,2,2,0,1,1,0,0,0,0,5,-104,-3,8,5,2,0,0,1,-1,0,-1,6,1
KR_6775278150,420,3,92,-16,3,1,2,1,1,2,1,0,1,1,1,5,4,0,3,3,0,5,3,-3,7,4,1,0,0,-1,-1,1,1,5,1
KR_6769049283,420,1,-32,-28,2,0,2,2,-2,4,6,5,5,0,-1,2,3,0,2,2,0,6,113,0,5,5,2,0,0,-1,1,0,1,6,1
KR_6774496812,420,4,30,12,7,-2,0,2,4,5,1,2,2,0,1,1,0,2,2,0,0,13,4,-2,5,3,2,0,2,1,-1,1,1,6,1
KR_6756280680,420,0,36,-1,7,-2,2,4,8,10,2,1,1,0,1,5,4,-1,1,2,0,7,55,4,5,9,-5,0,2,0,1,1,1,0,1
KR_6774540795,420,1,36,10,-3,0,1,1,-1,3,4,-3,0,3,1,3,2,0,2,2,-1,-5,-6,-3,11,8,7,0,1,1,1,1,-1,1,1
KR_6761345425,420,-1,-5,9,2,2,4,2,7,9,2,-4,1,5,2,3,1,-5,0,5,0,-1,3,5,3,8,-2,0,1,1,1,1,1,3,1
KR_6754954869,420,2,41,21,2,1,2,1,1,2,1,4,5,1,-5,1,6,1,1,0,0,-4,-11,-1,7,6,3,0,1,1,1,-1,-1,2,1
KR_6767489593,420,4,29,46,12,5,7,2,2,2,0,0,1,1,5,6,1,0,0,0,1,11,14,7,3,10,-1,0,2,1,1,1,1,2,1
KR_6777664882,420,4,69,53,4,2,3,1,3,7,4,-2,1,3,0,2,2,1,3,2,1,-1,21,-1,9,8,2,0,1,1,1,1,1,3,1
KR_6759764085,420,3,60,-7,8,2,2,0,3,5,2,0,4,4,3,4,1,0,1,1,0,13,-1,-4,8,4,4,0,1,1,1,1,1,6,1
KR_6776520168,420,3,10,-19,12,-1,1,2,1,3,2,7,9,2,6,7,1,-1,0,1,0,23,1,1,7,8,-2,0,-1,1,-1,-1,-1,6,1
KR_6773996691,440,7,97,0,13,2,3,1,5,8,3,2,4,2,4,4,0,0,0,0,0,8,5,3,6,9,-2,0,0,-1,1,1,1,5,1
KR_6776461985,420,1,-10,47,6,-1,0,1,2,4,2,2,3,1,0,2,2,3,3,0,1,9,10,4,5,9,-5,0,0,1,1,0,1,4,1
KR_6768118347,420,2,-15,28,0,2,3,1,0,2,2,2,3,1,-3,0,3,-1,1,2,0,-4,-7,4,3,7,1,0,0,1,1,-1,1,1,1
KR_6776107278,420,3,17,11,8,2,3,1,-2,4,6,8,8,0,-2,0,2,2,2,0,0,2,1,-2,6,4,-1,0,0,1,1,1,1,6,1
KR_6762459212,420,-1,-3,12,0,-1,0,1,0,1,1,1,3,2,1,3,2,-1,0,1,1,-4,-1,1,6,7,0,0,-1,-1,1,-1,1,1,1
KR_6737768740,420,3,72,12,6,2,2,0,0,3,3,2,2,0,3,5,2,-1,0,1,0,5,4,2,7,9,3,0,2,-1,1,1,1,1,1
KR_6776309465,420,2,-1,10,-1,1,2,1,-1,1,2,-2,0,2,1,3,2,0,0,0,0,0,38,1,3,4,-36,0,0,-1,1,0,-1,4,1
KR_6704365961,420,8,57,47,12,4,4,0,3,3,0,2,4,2,2,6,4,1,2,1,0,16,3,4,5,9,0,0,2,1,1,1,1,5,1
KR_6777468954,420,0,-19,13,0,-3,1,4,1,2,1,0,1,1,1,1,0,1,2,1,0,6,-4,1,7,8,4,0,0,1,-1,-1,-1,3,1
KR_6773211838,420,1,30,25,3,0,0,0,5,6,1,-1,0,1,-1,1,2,0,1,1,0,13,18,0,10,10,-1,0,1,-1,1,1,1,1,1
KR_6738712239,420,5,3,12,13,5,5,0,3,6,3,6,6,0,-2,0,2,1,1,0,0,11,-6,1,5,6,2,0,1,1,1,1,1,5,1
KR_6776299997,420,-2,-41,8,-10,1,3,2,1,3,2,-3,2,5,-4,0,4,-5,1,6,0,-11,13,1,6,7,-5,0,-1,-1,1,-1,1,6,1
KR_6776331223,420,-2,-64,12,9,0,1,1,1,3,2,3,4,1,1,3,2,4,5,1,1,9,-28,4,8,12,13,0,1,1,1,1,1,5,1
KR_6777733696,440,0,-52,-11,0,0,5,5,-3,2,5,-3,1,4,7,10,3,-1,1,2,0,-4,-15,-7,11,4,6,0,-1,-1,-1,-1,-1,3,1
KR_6772544745,420,5,74,13,13,2,4,2,8,8,0,2,3,1,1,4,3,0,0,0,0,21,45,1,4,5,3,0,3,0,1,1,1,0,1
KR_6768748581,420,2,-3,16,13,3,4,1,-5,1,6,5,8,3,6,7,1,4,4,0,0,8,-6,-1,4,3,2,0,1,1,-1,1,1,1,1
KR_6771036301,420,2,24,-19,8,-1,0,1,6,8,2,1,2,1,3,3,0,-1,0,1,1,9,-107,4,4,8,-3,0,0,-1,1,1,1,1,1
KR_6750398258,420,0,12,4,2,-5,1,6,1,2,1,4,4,0,2,4,2,0,0,0,0,3,1,-3,8,5,10,0,1,1,-1,1,1,1,1
KR_6684837257,420,3,59,-32,3,2,4,2,-2,0,2,1,2,1,3,6,3,-1,0,1,0,1,-62,1,5,6,-4,0,1,-1,-1,1,1,5,1
KR_6698731773,420,3,52,-19,7,6,6,0,-1,2,3,2,4,2,0,2,2,0,2,2,0,4,2,3,5,8,0,0,2,-1,1,1,-1,4,1
KR_6766486927,420,2,-18,-23,9,3,4,1,1,4,3,0,2,2,3,3,0,2,2,0,0,9,4,-2,9,7,-5,0,2,1,1,1,1,3,1
KR_6755469459,420,6,54,38,9,2,3,1,3,4,1,1,3,2,4,5,1,-1,0,1,0,10,5,0,7,7,0,0,1,-1,1,1,1,3,1
KR_6755742883,420,-1,0,-19,-7,0,1,1,-9,1,10,-2,1,3,3,5,2,1,2,1,-1,-8,1,-4,10,6,-1,0,-2,-1,-1,-1,-1,6,1
KR_6720570379,420,-1,12,-13,-5,2,2,0,-5,1,6,0,2,2,-4,2,6,2,3,1,0,0,-3,-2,11,9,13,0,0,0,1,1,1,0,1
KR_6775445258,420,-1,8,-1,4,-1,2,3,3,5,2,-1,1,2,1,5,4,2,2,0,0,8,25,1,4,5,-2,0,1,-1,1,1,1,5,1
KR_6763556018,420,2,22,13,1,0,1,1,4,6,2,-1,5,6,-4,1,5,2,3,1,0,0,-1,-4,7,3,1,0,1,1,1,1,-1,6,1
KR_6777359564,420,-2,12,1,-5,-1,4,5,-1,1,2,2,4,2,-2,0,2,-3,0,3,0,0,35,3,6,9,-7,0,0,0,-1,0,-1,0,1
KR_6775838736,420,1,-48,7,-1,0,2,2,-1,3,4,5,5,0,-6,0,6,1,2,1,0,2,-9,2,7,9,-1,0,-1,-1,1,-1,-1,6,1
KR_6762035259,420,3,22,18,11,4,4,0,5,6,1,0,3,3,2,6,4,0,0,0,0,13,-11,1,4,5,-2,0,1,1,-1,1,1,6,1
KR_6731269111,420,-1,101,-52,2,3,5,2,0,6,6,0,3,3,0,3,3,-1,1,2,2,-8,-9,2,4,6,0,0,1,-1,1,1,1,2,1
KR_6769117728,420,2,53,-11,1,-4,0,4,8,8,0,1,1,0,-2,1,3,-2,0,2,0,4,7,0,6,6,-4,0,0,-1,1,1,-1,6,1
KR_6704835926,420,-2,-38,23,-4,-2,0,2,2,5,3,-1,2,3,-3,2,5,0,0,0,0,-1,8,-4,10,6,-2,0,-1,1,-1,-1,-1,2,1
KR_6763520277,420,3,17,47,2,-2,0,2,3,7,4,-2,2,4,1,3,2,2,2,0,-1,9,39,-1,7,6,4,0,0,1,-1,-1,-1,3,1
KR_6774008485,420,-1,52,-23,-3,1,2,1,-1,3,4,0,2,2,2,4,2,-5,0,5,0,-1,-7,-3,9,6,2,0,0,-1,-1,1,-1,4,1
KR_6734545106,420,3,26,2,5,-3,2,5,3,5,2,3,4,1,0,2,2,2,2,0,0,9,13,-2,8,6,-4,0,1,-1,1,-1,-1,1,1
KR_6773197234,420,2,-21,-14,2,-1,0,1,2,5,3,0,6,6,1,5,4,0,5,5,0,1,1,-1,8,7,-3,0,0,0,1,-1,1,0,1
KR_6756423130,420,4,75,9,15,-1,1,2,11,11,0,6,8,2,1,4,3,-2,0,2,3,11,-35,6,5,11,3,0,2,1,-1,1,1,6,1
KR_6733915099,420,1,12,21,4,4,5,1,1,6,5,4,6,2,-4,1,5,-1,0,1,0,0,15,2,7,9,0,0,0,1,1,-1,1,2,1
KR_6768782071,420,-4,-26,-10,0,-3,1,4,3,7,4,0,1,1,0,4,4,0,2,2,-2,3,3,-4,11,7,-6,0,-2,-1,1,-1,-1,2,1
KR_6760397424,420,0,-13,-48,-2,0,2,2,2,4,2,-3,2,5,1,3,2,-2,3,5,0,-8,20,-2,7,5,2,0,1,-1,1,1,-1,5,1
KR_6775326765,440,-2,45,-4,-2,1,3,2,-2,2,4,-2,0,2,0,1,1,1,1,0,0,5,5,0,3,3,0,0,1,1,-1,1,-1,3,1
KR_6776344295,420,0,18,-16,-1,3,3,0,3,4,1,-4,0,4,-3,0,3,0,1,1,0,-6,0,2,7,9,-1,0,1,-1,1,1,1,6,1
KR_6774123854,420,3,36,28,8,3,4,1,-3,2,5,5,8,3,2,4,2,1,1,0,0,1,-6,6,4,10,-3,0,0,0,-1,1,-1,0,1
KR_6777024106,420,7,43,15,15,4,5,1,4,6,2,5,5,0,1,4,3,1,1,0,0,20,-17,0,7,7,4,0,1,1,1,1,1,1,1
KR_6773704350,420,3,37,16,6,1,1,0,1,5,4,0,2,2,2,5,3,2,2,0,0,7,0,-1,8,7,-4,0,1,1,1,1,1,1,1
KR_6760789621,420,-3,9,0,-2,-4,0,4,-1,1,2,0,1,1,2,2,0,1,1,0,0,-2,-1,0,8,8,2,0,0,1,-1,0,-1,6,1
KR_6768348046,420,-3,-14,2,-12,-7,0,7,-4,0,4,1,2,1,-2,0,2,0,1,1,0,-5,-25,2,6,8,5,0,-2,-1,-1,-1,-1,3,1
KR_6772043903,420,2,55,16,0,5,6,1,1,4,3,-2,2,4,-3,1,4,-1,0,1,0,-2,34,-1,6,5,-27,0,2,-1,1,1,-1,4,1
KR_6758914118,420,2,40,5,12,3,3,0,2,2,0,3,3,0,4,4,0,0,0,0,0,16,28,2,4,6,3,0,0,1,1,1,1,3,1
KR_6757594753,420,2,39,13,1,-5,2,7,-2,3,5,3,4,1,4,4,0,1,1,0,0,-7,-34,-4,6,2,0,0,-1,1,-1,-1,-1,1,1
KR_6707293508,420,4,41,8,10,1,5,4,1,2,1,1,3,2,4,4,0,3,3,0,0,20,11,8,3,11,2,0,2,1,-1,-1,1,3,1
KR_6771622216,420,0,-53,-7,-3,-2,1,3,0,4,4,-3,0,3,3,4,1,-1,2,3,0,1,10,-2,8,6,-1,0,-1,-1,-1,-1,-1,6,1
KR_6645884176,420,0,-8,14,2,-3,2,5,3,6,3,1,1,0,1,2,1,0,0,0,0,4,58,-3,6,3,-25,0,0,-1,1,-1,-1,6,1
KR_6771656227,420,-1,-12,7,5,-2,0,2,1,6,5,5,5,0,2,5,3,-1,1,2,0,5,4,6,4,10,-2,0,1,1,1,1,1,1,1
KR_6774450905,420,5,38,27,7,6,6,0,-1,2,3,0,2,2,0,0,0,2,2,0,2,6,53,2,4,6,2,0,1,1,1,1,1,5,1
KR_6678317543,420,3,73,87,0,0,1,1,5,6,1,0,3,3,-5,0,5,0,1,1,0,1,-8,-4,8,4,4,0,0,1,1,0,-1,3,1
KR_6641996733,420,1,-22,36,-1,1,2,1,-3,1,4,1,1,0,-1,1,2,1,1,0,0,0,4,1,10,11,-2,0,0,-1,1,0,-1,5,1
KR_6740498928,420,3,24,-15,10,2,3,1,-1,3,4,2,5,3,6,6,0,1,3,2,0,21,8,6,4,10,3,0,0,1,1,0,1,5,1
KR_6727886110,420,2,1,6,4,-1,0,1,2,4,2,3,4,1,-1,3,4,1,2,1,0,8,17,-7,11,4,6,0,0,1,1,1,1,6,1
KR_6733350700,420,1,22,7,12,0,1,1,5,5,0,2,2,0,3,3,0,2,2,0,1,20,31,3,5,8,-3,0,0,0,1,0,1,0,1
KR_6765608412,420,1,76,-24,3,0,3,3,-3,1,4,1,4,3,4,4,0,1,1,0,0,5,-7,4,5,9,8,0,0,1,-1,0,-1,6,1
KR_6777265193,420,1,83,-1,0,2,3,1,-4,0,4,1,4,3,0,3,3,1,1,0,0,-7,-10,-7,12,5,-3,0,-1,-1,-1,1,-1,1,1
KR_6697612531,420,2,87,-16,9,1,2,1,5,7,2,-4,2,6,2,2,0,5,5,0,1,13,-3,-3,8,5,1,0,0,1,-1,-1,1,3,1
KR_6742003606,420,0,-6,5,2,-2,1,3,1,2,1,1,3,2,2,3,1,0,0,0,0,7,-7,-5,9,4,-2,0,1,-1,1,1,1,4,1
KR_6743446484,420,3,10,17,-2,0,0,0,-1,3,4,3,5,2,-4,5,9,0,1,1,-1,-10,-28,-1,6,5,5,0,1,-1,1,1,-1,2,1
KR_6733196798,420,1,56,17,3,-4,2,6,4,4,0,2,3,1,4,8,4,-3,1,4,0,6,-13,-1,7,6,-1,0,2,1,-1,1,-1,5,1
KR_6694338812,420,0,-37,12,-2,2,2,0,-2,3,5,1,1,0,-2,1,3,-1,0,1,0,-7,-17,1,6,7,0,0,0,-1,-1,-1,-1,2,1
KR_6775099269,420,-1,19,-16,-7,-5,0,5,-2,1,3,-5,0,5,-2,0,2,7,8,1,0,2,6,-2,7,5,-3,0,0,0,-1,-1,1,0,1
KR_6762006880,420,4,24,-12,14,5,5,0,7,7,0,3,3,0,-1,0,1,0,0,0,0,12,14,3,4,7,0,0,4,1,1,1,1,4,1
KR_6642763546,420,4,82,21,7,3,3,0,-1,5,6,-1,3,4,4,5,1,2,2,0,0,2,1,5,7,12,2,0,3,1,1,1,1,4,1
KR_6776216067,420,-2,47,5,-2,-1,0,1,4,5,1,-4,2,6,0,2,2,-1,1,2,0,-7,37,-4,10,6,-25,0,1,1,1,1,-1,4,1
KR_6774201553,420,-1,-26,0,-2,3,3,0,1,1,0,-3,1,4,-3,1,4,0,0,0,0,-2,25,0,7,7,0,0,-1,-1,-1,-1,-1,2,1
KR_6718159070,420,0,4,4,-2,0,1,1,-5,4,9,-2,1,3,4,5,1,1,1,0,0,5,5,0,7,7,5,0,0,-1,1,0,-1,6,1
KR_6776485506,420,2,16,-29,3,0,3,3,1,2,1,2,5,3,-1,9,10,1,1,0,0,13,-13,2,6,8,-2,0,-1,1,-1,-1,1,1,1
KR_6760181429,420,1,37,-2,-2,2,4,2,-2,2,4,-4,0,4,2,3,1,0,0,0,0,-3,2,-3,9,6,-5,0,0,-1,-1,-1,1,5,1
KR_6765809362,420,2,64,28,6,-1,0,1,2,3,1,2,2,0,3,6,3,0,0,0,0,3,-9,3,5,8,2,0,0,1,1,0,-1,6,1
KR_6719079486,420,1,47,-39,-2,0,2,2,-2,1,3,0,3,3,-1,0,1,1,1,0,0,1,-3,-3,8,5,4,0,0,-1,-1,0,1,6,1
KR_6774717811,420,0,-45,13,5,-2,0,2,2,6,4,4,4,0,3,4,1,-2,0,2,0,5,-27,2,8,10,6,0,0,1,1,0,1,6,1
KR_6777768194,420,-1,-37,16,-3,-1,1,2,2,3,1,-2,2,4,-1,0,1,-1,0,1,0,-2,4,0,5,5,0,0,0,-1,1,-1,-1,4,1
KR_6748472783,420,2,2,39,2,-5,1,6,0,3,3,7,7,0,1,3,2,-1,0,1,0,0,47,-2,7,5,-15,0,1,-1,1,1,1,1,1
KR_6768937855,420,3,14,-19,15,4,4,0,9,10,1,0,2,2,1,4,3,1,1,0,0,13,2,4,2,6,-5,0,1,-1,1,1,1,4,1
KR_6766870243,420,-1,20,-10,2,0,3,3,-1,4,5,3,4,1,0,4,4,0,0,0,0,-10,-5,2,7,9,-5,0,0,-1,1,1,1,6,1
KR_6777086258,420,1,3,-7,8,5,6,1,-5,3,8,7,7,0,2,2,0,-1,1,2,0,18,-8,0,4,4,-3,0,-1,1,1,-1,1,4,1
KR_6769087135,420,2,55,2,6,3,5,2,1,4,3,-2,3,5,4,5,1,0,1,1,0,15,11,4,2,6,-3,0,1,0,1,1,-1,0,1
KR_6743563275,420,-1,-30,-7,4,1,1,0,1,5,4,8,9,1,-2,2,4,-4,0,4,-1,0,9,4,3,7,2,0,0,1,1,0,-1,2,1
KR_6730320384,420,2,-31,21,8,2,2,0,-1,3,4,3,3,0,3,7,4,1,1,0,-1,6,5,4,4,8,-3,0,0,-1,1,0,-1,3,1
KR_6773665353,420,4,34,-1,5,-4,3,7,9,10,1,-1,1,2,2,3,1,-1,0,1,0,9,-346,1,6,7,2,0,0,1,-1,1,1,2,1
KR_6753323835,420,6,124,16,10,6,6,0,3,4,1,3,5,2,0,0,0,-2,0,2,0,4,-43,-1,7,6,2,0,3,1,1,1,1,2,1
KR_6746599884,420,1,-23,9,-1,1,1,0,-1,2,3,-2,0,2,1,3,2,0,1,1,0,-4,-2,-1,7,6,2,0,1,1,-1,1,1,3,1
KR_6777874521,420,0,56,-15,-4,1,2,1,-5,0,5,-2,0,2,4,6,2,-2,1,3,0,-10,6,-3,7,4,0,0,1,-1,-1,1,-1,1,1
KR_6775952890,420,1,58,51,-6,0,0,0,2,5,3,1,2,1,-7,2,9,-2,0,2,1,-16,22,-3,7,4,-3,0,-1,1,-1,-1,1,3,1
KR_6702986005,420,-3,-25,-7,-4,-5,0,5,6,8,2,-2,1,3,-4,2,6,1,1,0,0,-1,-6,-12,14,2,1,0,0,1,1,1,-1,5,1
KR_6766228752,420,2,-12,5,15,6,7,1,0,0,0,4,5,1,3,7,4,2,3,1,1,15,-32,4,2,6,-5,0,0,1,-1,0,1,3,1
KR_6759959286,420,-3,-31,-20,-8,2,3,1,0,4,4,-2,0,2,-3,3,6,-5,1,6,0,-13,-12,1,9,10,2,0,-1,-1,1,-1,1,2,1
KR_6756650177,420,0,29,12,5,0,1,1,-1,1,2,0,2,2,4,6,2,2,2,0,0,3,4,3,3,6,-3,0,2,-1,1,1,1,4,1
KR_6777811032,420,-2,0,0,-2,-1,1,2,2,2,0,-1,5,6,-1,0,1,-1,0,1,1,3,35,1,4,5,7,0,1,1,1,1,1,1,1
KR_6749075032,420,4,14,32,7,-4,1,5,2,3,1,1,2,1,8,9,1,0,0,0,0,17,-4,-2,7,5,3,0,1,1,1,1,1,4,1
KR_6762797272,420,2,42,8,0,0,2,2,1,3,2,-2,0,2,0,3,3,1,3,2,0,-8,-30,-1,8,7,9,0,1,1,1,1,1,1,1
KR_6672721742,420,2,19,15,4,2,4,2,-4,1,5,4,6,2,1,3,2,1,1,0,0,3,4,-1,9,8,4,0,0,-1,1,1,-1,5,1
KR_6680168579,420,0,12,19,-2,-2,2,4,-2,2,4,1,2,1,0,1,1,1,1,0,0,0,-7,-7,11,4,3,0,0,1,-1,1,1,4,1
KR_6776618586,420,2,30,-32,8,1,2,1,5,6,1,0,0,0,0,1,1,2,3,1,0,10,75,4,6,10,-1,0,1,1,-1,1,-1,2,1
KR_6747364997,420,2,27,40,1,0,1,1,1,2,1,-2,2,4,1,1,0,1,1,0,1,-3,9,0,7,7,1,0,1,1,1,1,1,4,1
KR_6686234778,420,-1,5,-7,-4,0,1,1,-1,3,4,-1,5,6,-2,4,6,0,0,0,0,-4,-5,2,7,9,2,0,0,1,1,0,1,6,1
KR_6755485166,420,2,23,4,6,-2,0,2,2,3,1,0,2,2,4,5,1,2,4,2,1,15,-1,-6,11,5,-1,0,0,1,-1,1,1,3,1
KR_6775496232,420,-1,-13,-14,1,-1,1,2,6,8,2,-3,2,5,0,3,3,-1,0,1,-1,-9,-354,-3,8,5,-6,0,0,-1,-1,-1,-1,6,1
KR_6776172031,420,-2,-86,-26,0,-2,1,3,2,5,3,-3,1,4,2,5,3,1,1,0,0,3,27,3,4,7,2,0,0,1,1,-1,1,1,1
KR_6772348016,420,1,36,-18,0,-2,1,3,3,5,2,0,1,1,-2,2,4,1,2,1,0,0,-9,-8,9,1,5,0,1,-1,1,1,1,4,1
KR_6777491818,420,-3,-14,-3,-9,-2,2,4,-6,0,6,-1,4,5,0,3,3,0,2,2,0,-7,-9,-2,7,5,-5,0,0,-1,-1,-1,1,1,1
KR_6777863129,420,2,94,-14,6,0,0,0,4,4,0,2,3,1,-1,1,2,1,2,1,0,7,-10,4,7,11,-4,0,0,-1,1,1,1,6,1
KR_6773482267,420,-1,2,-15,0,0,1,1,-1,0,1,2,2,0,0,2,2,-1,0,1,0,-2,-9,-5,9,4,4,0,0,-1,1,0,-1,5,1
KR_6775436047,420,0,70,-18,0,1,4,3,2,2,0,-1,1,2,-1,1,2,-1,0,1,0,-4,-8,-1,7,6,1,0,1,-1,-1,1,1,1,1
KR_6774916214,420,-1,25,16,-4,-2,1,3,0,4,4,-1,1,2,-2,1,3,1,1,0,0,-6,6,4,7,11,-2,0,1,1,1,1,-1,2,1
KR_6777101149,420,0,75,23,4,1,2,1,0,4,4,-1,0,1,3,4,1,1,2,1,0,7,-3,-2,8,6,6,0,1,1,1,1,1,5,1
KR_6772754728,420,0,32,-7,-1,5,6,1,-5,3,8,0,1,1,-1,1,2,0,1,1,1,-2,28,0,6,6,1,0,0,-1,-1,0,1,5,1
KR_6755816122,420,3,-13,12,13,1,2,1,0,2,2,3,3,0,8,10,2,1,3,2,0,20,-5,2,8,10,0,0,-2,-1,-1,-1,-1,5,1
KR_6760948309,420,2,-13,-16,10,4,6,2,1,2,1,1,3,2,4,6,2,0,1,1,0,10,6,4,4,8,5,0,1,1,-1,1,1,1,1
KR_6691606880,420,1,-37,-36,9,1,1,0,4,4,0,-2,0,2,7,7,0,-1,1,2,1,14,14,-6,10,4,-2,0,-1,0,-1,-1,1,0,1
KR_6774462541,420,3,91,5,5,-2,1,3,-1,2,3,1,4,3,6,7,1,1,2,1,0,2,1,4,1,5,2,0,3,1,1,1,1,6,1
KR_6693687519,420,7,105,44,20,4,7,3,7,7,0,4,5,1,4,6,2,1,3,2,0,17,-16,2,4,6,9,0,1,1,1,1,1,1,1
KR_6775313867,420,1,4,-4,5,1,1,0,0,2,2,1,2,1,0,3,3,3,3,0,0,6,-40,3,4,7,1,0,1,-1,1,1,-1,5,1
KR_6777762431,420,0,17,-15,10,1,2,1,2,3,1,2,2,0,3,3,0,2,2,0,0,11,5,2,3,5,1,0,0,1,-1,0,1,6,1
KR_6774204709,420,2,13,20,7,0,2,2,2,4,2,1,2,1,2,3,1,2,3,1,0,17,-3,-1,5,4,2,0,1,1,1,1,1,3,1
KR_6705585284,420,5,42,28,9,-4,2,6,5,5,0,3,5,2,2,4,2,3,3,0,0,13,11,4,3,7,-3,0,1,1,0,1,-1,5,1
KR_6761489998,420,3,1,-2,11,1,1,0,3,4,1,4,5,1,2,2,0,1,1,0,0,12,5,0,4,4,-2,0,1,0,-1,1,1,0,1
KR_6714004953,420,2,28,2,5,9,10,1,-5,1,6,-4,0,4,8,11,3,-3,3,6,0,2,-7,-4,10,6,4,0,3,1,1,1,1,6,1
KR_6663304914,420,-1,7,-14,8,0,0,0,10,11,1,1,5,4,-3,1,4,0,1,1,3,10,-9,1,6,7,2,0,2,1,1,1,1,1,1
KR_6735194857,420,2,7,-4,1,-3,6,9,-2,2,4,-4,2,6,6,6,0,4,4,0,1,10,-10,4,5,9,3,0,-1,-1,-1,-1,1,5,1
KR_6730023128,440,5,148,-17,6,3,3,0,1,1,0,1,4,3,2,2,0,-1,0,1,0,6,14,1,5,6,-1,0,2,1,-1,1,1,4,1
KR_6739747826,420,-3,-20,27,-12,-8,1,9,0,1,1,-3,0,3,-1,3,4,0,0,0,0,-12,-6,-3,8,5,3,0,-2,1,-1,-1,-1,5,1
KR_6721401548,440,0,66,7,2,1,2,1,4,8,4,3,5,2,-1,1,2,-5,0,5,1,2,-5,1,2,3,-6,0,1,1,1,1,1,2,1
KR_6772015873,420,1,37,1,2,1,2,1,2,4,2,-2,0,2,1,2,1,0,0,0,0,4,13,0,5,5,-2,0,1,1,1,1,1,4,1
KR_6664930548,420,-1,51,-24,1,1,2,1,-5,0,5,1,3,2,2,3,1,2,3,1,0,-4,-35,2,3,5,-1,0,1,1,1,1,1,6,1
KR_6759785675,420,5,71,28,9,3,4,1,4,4,0,3,3,0,-2,2,4,1,2,1,0,7,2,3,4,7,0,0,1,1,1,1,-1,1,1
KR_6766351644,420,0,-24,21,-5,2,3,1,-3,0,3,-3,2,5,-1,2,3,0,1,1,0,-10,0,-1,5,4,1,0,0,-1,1,0,-1,1,1
KR_6661612219,420,2,34,23,0,-1,0,1,0,2,2,1,1,0,-2,1,3,2,2,0,0,1,4,5,3,8,5,0,0,-1,-1,-1,1,3,1
KR_6693503068,420,-1,61,-22,8,1,1,0,2,3,1,1,3,2,3,3,0,1,1,0,0,6,16,2,5,7,-6,0,2,-1,1,1,1,5,1
KR_6770857263,440,-1,4,1,-6,-3,1,4,-6,0,6,-4,2,6,5,6,1,2,2,0,0,4,-5,-1,6,5,-1,0,-1,1,-1,1,1,1,1
KR_6773412404,420,0,-7,45,2,0,1,1,2,3,1,-2,0,2,2,3,1,0,1,1,0,3,2,-1,5,4,-1,0,1,1,1,1,1,5,1
KR_6777290728,420,1,-47,17,7,0,2,2,5,8,3,0,2,2,0,2,2,2,2,0,0,18,3,-1,4,3,1,0,2,-1,1,1,1,5,1
KR_6777089885,420,-2,-14,-9,-5,-2,2,4,-3,0,3,-2,0,2,1,4,3,1,1,0,0,3,28,1,5,6,-2,0,-1,-1,-1,-1,-1,4,1
KR_6777516558,440,-3,-12,-40,-4,1,3,2,-3,1,4,-1,1,2,-1,2,3,0,0,0,0,-7,-3,4,1,5,-2,0,0,-1,1,0,1,3,1
KR_6644543769,420,2,18,-16,8,2,3,1,0,2,2,4,4,0,1,1,0,1,1,0,0,12,-2,2,5,7,-4,0,0,-1,0,0,1,5,1
KR_6772543114,420,-3,-2,-5,3,5,5,0,1,2,1,-1,2,3,-2,0,2,0,1,1,0,1,-10,-1,5,4,-2,0,-1,1,1,-1,1,5,1
KR_6774002329,420,6,87,36,5,1,3,2,5,6,1,4,5,1,-2,4,6,-3,0,3,0,3,-14,3,6,9,4,0,2,1,1,1,-1,4,1
KR_6776499406,420,2,40,34,0,0,3,3,-2,2,4,0,1,1,2,3,1,0,0,0,0,-2,12,2,2,4,-2,0,-1,1,-1,-1,1,6,1
KR_6757649865,420,1,-20,-9,8,1,2,1,2,3,1,4,6,2,0,1,1,1,1,0,0,10,26,0,8,8,6,0,2,1,1,1,1,5,1
KR_6767558830,420,2,106,-37,3,1,1,0,-4,0,4,1,3,2,4,6,2,1,1,0,0,2,8,0,4,4,2,0,2,-1,0,1,-1,4,1
KR_6759874307,420,-1,-28,-12,1,0,1,1,2,7,5,2,4,2,0,2,2,-3,0,3,0,12,0,-3,7,4,-1,0,-1,-1,-1,-1,-1,6,1
KR_6775987060,420,-1,-22,13,-2,1,3,2,0,3,3,1,1,0,2,2,0,-6,0,6,1,-2,-7,2,6,8,0,0,-1,1,1,-1,1,2,1
KR_6750343198,420,-3,-3,-11,-1,2,2,0,-4,0,4,5,7,2,-5,0,5,1,1,0,0,-2,-60,4,3,7,-4,0,1,0,1,1,1,0,1
KR_6776222843,420,3,-5,-36,12,3,3,0,7,11,4,0,2,2,2,4,2,0,0,0,0,22,-61,5,2,7,28,0,0,1,-1,0,1,1,1
KR_6777638820,420,5,71,7,5,1,3,2,0,4,4,-1,5,6,5,10,5,0,1,1,0,3,21,-2,6,4,7,0,1,-1,1,1,1,5,1
KR_6691579245,420,-1,-30,19,-3,3,3,0,2,5,3,-6,6,12,-2,3,5,0,3,3,0,-5,-7,-7,9,2,4,0,0,-1,1,0,1,4,1
KR_6774543191,420,2,41,0,4,-1,0,1,1,8,7,0,3,3,2,4,2,2,3,1,0,1,39,3,4,7,0,0,0,0,1,1,1,0,1
KR_6773253620,420,-2,-30,-22,2,1,2,1,6,8,2,-5,3,8,0,5,5,0,1,1,0,9,-322,-5,10,5,-2,0,-2,-1,-1,-1,-1,4,1
KR_6770905842,420,3,22,-25,8,4,7,3,0,1,1,6,7,1,-2,2,4,0,1,1,0,4,-23,5,6,11,2,0,2,1,1,1,-1,5,1
KR_6777111821,420,0,7,4,-3,0,2,2,-2,1,3,-4,2,6,2,4,2,1,1,0,0,-3,1,-1,7,6,1,0,0,-1,-1,0,1,2,1
KR_6757025504,440,3,-27,1,5,0,2,2,0,6,6,0,0,0,9,9,0,-4,5,9,1,-3,-10,-6,7,1,2,0,2,-1,1,1,1,2,1
KR_6761861867,420,0,51,14,-1,-1,1,2,-4,1,5,-3,1,4,5,6,1,2,2,0,0,-2,16,2,5,7,-6,0,1,-1,-1,1,1,4,1
KR_6767977138,420,2,27,-4,11,1,3,2,-3,1,4,0,2,2,8,10,2,5,5,0,0,12,0,3,3,6,-3,0,1,1,1,1,-1,2,1
KR_6755661748,420,3,-29,5,3,4,5,1,1,6,5,-5,2,7,2,5,3,1,1,0,-1,8,4,1,6,7,-4,0,-1,-1,1,-1,-1,4,1
KR_6772385587,420,1,40,7,-3,0,1,1,-5,0,5,-4,1,5,6,6,0,0,2,2,0,-2,1,7,2,9,-2,0,0,1,1,0,-1,3,1
KR_6777864398,420,5,113,29,17,2,2,0,-1,2,3,7,9,2,7,8,1,2,2,0,3,16,14,0,5,5,3,0,3,1,1,1,1,1,1
KR_6760544354,420,-1,10,-9,-1,-3,1,4,0,5,5,-1,4,5,1,4,3,2,5,3,-1,0,24,-2,5,3,1,0,1,1,-1,-1,-1,6,1
KR_6707374432,420,3,21,21,13,2,3,1,1,6,5,9,10,1,1,6,5,0,2,2,3,15,6,7,8,15,-6,0,2,1,-1,1,1,1,1
KR_6774061060,440,-4,-105,-4,-1,4,4,0,-2,1,3,-2,0,2,-5,0,5,4,4,0,0,-3,-211,1,6,7,-2,0,0,1,1,-1,1,1,1
KR_6767678031,420,3,50,4,2,1,2,1,-7,2,9,0,2,2,7,7,0,1,1,0,0,2,-3,4,6,10,1,0,1,-1,-1,1,1,6,1
KR_6694935714,420,2,94,30,11,5,6,1,-5,3,8,4,4,0,6,7,1,1,1,0,1,15,6,1,9,10,1,0,3,1,-1,1,1,5,1
KR_6731538790,420,1,15,16,3,0,0,0,1,2,1,2,3,1,-2,2,4,2,2,0,0,-2,4,1,5,6,3,0,1,-1,1,1,1,3,1
KR_6764707743,440,2,99,-20,7,1,1,0,1,5,4,-1,4,5,3,4,1,3,3,0,1,7,29,-1,5,4,-9,0,2,-1,1,1,1,1,1
KR_6771158389,420,1,50,-12,12,4,5,1,4,5,1,6,6,0,2,2,0,-4,0,4,-1,15,-3,0,3,3,4,0,1,1,1,1,-1,4,1
KR_6763229638,420,4,67,-24,13,4,4,0,2,5,3,1,4,3,6,7,1,0,0,0,0,9,10,-1,6,5,-1,0,1,1,-1,1,1,2,1
KR_6761761883,420,0,32,18,6,1,2,1,3,6,3,0,2,2,2,3,1,0,1,1,0,7,-22,3,5,8,-2,0,0,1,-1,0,1,2,1
KR_6727627910,420,5,56,27,22,0,1,1,13,16,3,0,1,1,6,6,0,3,5,2,4,45,10,3,5,8,0,0,2,0,1,1,1,0,1
KR_6755353900,420,5,13,20,8,0,1,1,8,9,1,1,1,0,-1,1,2,0,0,0,0,7,1,0,5,5,1,0,2,1,1,1,-1,2,1
KR_6734086142,420,4,51,0,13,5,5,0,4,4,0,1,3,2,4,5,1,-1,0,1,0,9,9,4,4,8,-4,0,1,1,1,1,1,1,1
KR_6775529536,420,-4,-1,-15,-2,3,6,3,-1,3,4,-1,0,1,-1,3,4,-2,1,3,0,-17,-5,2,7,9,-1,0,0,-1,1,-1,1,6,1
KR_6764160822,420,2,63,11,11,2,5,3,3,7,4,0,2,2,6,12,6,0,0,0,2,26,-10,-6,15,9,7,0,3,-1,1,1,1,6,1
KR_6743849367,420,0,-1,8,-1,-1,1,2,0,0,0,2,3,1,-1,1,2,-1,0,1,0,-4,15,-2,6,4,-4,0,0,1,-1,0,-1,4,1
KR_6771041531,420,0,9,-27,4,-1,1,2,4,8,4,7,8,1,-6,0,6,0,0,0,0,1,-8,0,6,6,7,0,0,-1,1,0,1,3,1
KR_6777455690,420,0,23,13,6,-3,0,3,6,8,2,2,3,1,0,2,2,1,1,0,0,10,24,0,5,5,3,0,-1,-1,1,-1,1,5,1
KR_6758439730,420,6,61,12,13,1,1,0,3,3,0,2,2,0,6,7,1,1,2,1,0,19,-33,0,8,8,4,0,3,0,-1,1,1,0,1
KR_6777708570,440,-1,-17,-16,-5,-7,2,9,5,7,2,-1,2,3,0,2,2,-2,2,4,0,1,1,-1,6,5,-1,0,1,0,1,1,1,0,1
KR_6742611973,420,-2,-37,-12,1,0,3,3,2,5,3,-3,1,4,4,5,1,-2,0,2,0,0,-3,-2,6,4,1,0,1,1,-1,1,1,2,1
KR_6764434131,420,5,112,6,14,5,5,0,9,10,1,2,5,3,0,3,3,-2,1,3,0,22,29,7,3,10,-5,0,4,1,1,1,-1,2,1
KR_6774649169,420,3,12,19,7,2,3,1,-4,0,4,1,4,3,5,7,2,3,5,2,0,11,-209,4,6,10,-5,0,2,1,1,1,1,6,1
KR_6694185655,420,2,50,1,11,4,5,1,2,2,0,2,2,0,2,2,0,1,2,1,0,10,2,0,8,8,5,0,1,1,1,1,1,1,1
KR_6775995681,420,5,88,36,13,-1,0,1,3,4,1,5,7,2,6,7,1,0,0,0,1,18,1,1,6,7,1,0,1,1,1,1,1,1,1
KR_6770558619,420,3,71,12,8,0,0,0,3,4,1,3,4,1,0,0,0,2,2,0,0,11,-50,-4,8,4,4,0,0,-1,-1,0,1,3,1
KR_6762974816,420,1,-24,16,3,-2,0,2,3,7,4,-2,3,5,3,3,0,1,1,0,1,4,42,-5,11,6,0,0,0,-1,1,1,1,6,1
KR_6774833398,420,1,-16,12,2,-3,1,4,1,4,3,-1,0,1,4,4,0,1,1,0,0,4,211,3,4,7,-13,0,0,-1,-1,0,1,4,1
KR_6764306403,420,2,-12,12,3,0,1,1,-1,0,1,3,4,1,0,1,1,1,1,0,0,6,34,2,8,10,1,0,0,1,-1,0,1,5,1
KR_6773836437,420,1,7,-12,-5,2,3,1,-1,3,4,1,2,1,-5,2,7,-2,0,2,-2,-5,-11,-5,10,5,-1,0,1,-1,-1,1,-1,5,1
KR_6774214244,420,2,-11,16,2,-2,1,3,0,4,4,8,9,1,-2,1,3,-2,0,2,0,-4,6,1,5,6,-1,0,-1,1,1,-1,1,4,1
KR_6775188895,440,0,-60,-7,0,0,1,1,2,2,0,1,3,2,-5,0,5,2,2,0,0,3,-3,1,5,6,-3,0,0,1,1,0,-1,3,1
KR_6734699546,420,0,-34,0,-3,2,3,1,0,3,3,-5,1,6,0,2,2,0,0,0,0,1,-1,2,6,8,3,0,1,-1,1,1,-1,4,1
KR_6750853049,420,4,74,-9,17,5,6,1,3,5,2,3,5,2,5,5,0,1,1,0,0,14,-7,5,1,6,-4,0,1,-1,1,1,1,3,1
KR_6742502927,420,3,-50,20,2,-1,2,3,3,4,1,-1,2,3,1,2,1,0,0,0,0,7,-4,-6,10,4,0,0,0,1,-1,0,1,4,1
KR_6775295265,420,1,15,10,7,-2,0,2,-1,0,1,8,10,2,0,2,2,2,3,1,0,4,3,2,5,7,0,0,1,1,1,1,-1,6,1
KR_6767107076,420,3,9,-28,8,5,5,0,1,1,0,1,3,2,1,6,5,0,0,0,0,9,12,7,5,12,4,0,0,0,-1,0,1,0,1
KR_6777884198,420,1,4,-1,5,2,3,1,0,3,3,1,2,1,2,6,4,0,3,3,0,0,-2,-1,12,11,-1,0,0,1,-1,-1,-1,2,1
KR_6727801492,420,-5,-72,-10,-6,-7,0,7,-3,2,5,0,2,2,6,7,1,-2,0,2,0,7,6,-1,6,5,-2,0,-1,1,-1,-1,1,1,1
KR_6769700757,420,1,21,5,-2,-1,1,2,1,3,2,4,6,2,-3,2,5,-3,1,4,0,-3,-7,-4,8,4,3,0,1,-1,1,1,-1,5,1
KR_6691876719,440,2,-29,3,3,-4,1,5,3,4,1,5,8,3,-1,4,5,0,0,0,-1,5,50,0,6,6,-24,0,0,1,1,1,-1,5,1
KR_6773145659,420,1,-8,24,13,6,7,1,2,2,0,1,2,1,4,8,4,0,0,0,0,16,-232,6,3,9,-1,0,2,1,1,1,-1,2,1
KR_6777351059,420,0,38,0,1,0,2,2,-2,0,2,-1,4,5,4,6,2,0,1,1,0,4,229,-1,9,8,6,0,0,-1,-1,1,-1,3,1
KR_6777261913,420,4,9,13,6,0,4,4,0,1,1,3,3,0,1,1,0,2,3,1,0,4,7,1,5,6,-2,0,0,-1,-1,0,-1,1,1
KR_6757580404,420,4,54,-9,8,2,3,1,0,0,0,5,6,1,1,3,2,0,0,0,0,8,1,3,5,8,-1,0,1,1,1,1,-1,6,1
KR_6773824161,420,3,46,-42,2,-6,2,8,0,5,5,0,4,4,1,1,0,7,7,0,2,15,-54,0,8,8,1,0,-1,-1,-1,-1,1,5,1
KR_6765014191,420,4,37,20,-2,6,6,0,1,5,4,-2,0,2,-6,2,8,-1,1,2,-1,-2,12,3,6,9,-6,0,0,-1,-1,1,-1,2,1
KR_6737464388,420,5,78,28,7,2,4,2,4,5,1,2,4,2,-2,2,4,1,1,0,0,5,38,-7,10,3,2,0,2,-1,1,1,1,5,1
KR_6757537631,420,-1,11,9,-4,-1,1,2,-4,2,6,-1,3,4,2,5,3,0,3,3,0,-6,5,-5,8,3,0,0,-1,1,-1,-1,-1,2,1
KR_6764979833,420,6,44,10,12,4,4,0,-1,1,2,5,5,0,2,3,1,2,2,0,0,3,-23,3,5,8,1,0,2,1,1,1,1,2,1
KR_6762385420,420,3,28,-5,5,4,4,0,2,4,2,-1,0,1,1,4,3,-1,1,2,0,9,4,4,6,10,13,0,1,1,-1,1,1,4,1
KR_6668428412,420,2,-34,33,3,0,1,1,0,3,3,1,3,2,0,3,3,2,2,0,0,0,4,4,10,14,1,0,1,-1,1,1,1,1,1
KR_6773507671,420,2,-32,13,0,1,2,1,2,4,2,-1,2,3,1,2,1,-3,0,3,0,1,-17,-4,9,5,8,0,0,1,1,-1,-1,1,1
KR_6773160240,420,5,41,1,16,1,3,2,1,2,1,2,3,1,9,12,3,3,3,0,0,14,9,3,5,8,2,0,1,1,1,1,1,2,1
KR_6775763173,420,5,49,-9,12,6,6,0,0,1,1,2,4,2,4,5,1,0,1,1,0,16,-1,5,6,11,1,0,2,-1,1,1,1,6,1
KR_6776209113,440,2,-26,-15,1,1,2,1,-2,1,3,2,5,3,1,1,0,-1,0,1,0,2,8,3,4,7,-4,0,-2,-1,1,-1,-1,6,1
KR_6776072322,420,0,-9,-1,8,2,3,1,2,4,2,-3,3,6,6,8,2,1,3,2,-1,10,3,2,5,7,0,0,1,-1,-1,1,-1,2,1
KR_6774299843,420,2,26,32,8,1,2,1,0,2,2,4,4,0,1,2,1,2,2,0,0,8,-232,3,6,9,8,0,0,1,1,0,-1,6,1
KR_6773089316,420,2,37,5,10,0,1,1,7,10,3,2,2,0,2,4,2,-1,0,1,0,12,-20,-1,8,7,7,0,0,1,1,1,1,6,1
KR_6666186940,420,0,10,18,-1,0,1,1,-2,4,6,1,2,1,1,1,0,-1,0,1,0,-6,-2,-1,6,5,-2,0,0,1,-1,1,1,1,1
KR_6732243413,420,2,-1,-6,3,2,4,2,3,3,0,-2,1,3,1,2,1,-1,0,1,0,-1,-8,1,4,5,4,0,1,1,1,1,-1,4,1
KR_6775227102,420,1,39,-23,-2,-4,0,4,-2,2,4,2,3,1,-1,0,1,3,4,1,0,3,3,-6,8,2,-2,0,1,-1,1,1,1,3,1
KR_6766956777,420,4,1,-4,12,5,5,0,3,5,2,3,4,1,-1,1,2,2,2,0,0,13,-3,0,7,7,6,0,1,1,1,1,-1,6,1
KR_6767007754,440,-1,-44,-24,-4,0,1,1,-5,1,6,1,2,1,0,5,5,0,1,1,1,-3,94,-8,9,1,-1,0,-1,1,0,-1,1,1,1
KR_6774722587,440,-2,-17,-9,-6,5,5,0,-4,2,6,-1,3,4,-3,1,4,-3,0,3,0,-19,-1,0,6,6,1,0,0,1,-1,0,1,2,1
KR_6693327205,420,1,64,7,-3,2,4,2,-4,1,5,-1,4,5,0,2,2,0,2,2,1,-9,252,3,4,7,-7,0,0,1,1,-1,1,3,1
KR_6766213456,420,-1,-14,0,-3,-2,2,4,0,3,3,-2,0,2,1,4,3,0,0,0,0,-3,0,-1,8,7,-2,0,0,1,-1,0,-1,3,1
KR_6772541174,420,6,84,-12,13,-1,1,2,3,4,1,3,3,0,8,8,0,0,0,0,0,23,0,1,5,6,6,0,1,1,-1,1,1,6,1
KR_6771612601,420,5,31,38,3,1,1,0,0,2,2,0,0,0,0,2,2,2,2,0,0,1,-10,-3,9,6,3,0,1,1,1,1,1,2,1
KR_6770345114,420,3,8,5,8,4,5,1,3,6,3,1,3,2,1,1,0,-1,0,1,0,7,-27,-4,10,6,25,0,1,-1,1,1,1,3,1
KR_6764947467,420,0,-23,16,-3,0,3,3,0,3,3,1,3,2,-3,3,6,-1,3,4,-1,-1,2,5,3,8,1,0,-2,1,-1,-1,-1,3,1
KR_6743568579,420,1,-11,19,5,1,1,0,2,3,1,3,3,0,0,0,0,-1,0,1,0,3,-125,-3,10,7,2,0,1,-1,1,1,1,2,1
KR_6761471967,420,2,32,-8,8,2,6,4,5,6,1,3,3,0,3,5,2,-5,0,5,3,10,25,0,6,6,6,0,1,1,0,1,1,5,1
KR_6776572720,420,0,-13,19,0,0,4,4,0,2,2,1,2,1,-2,3,5,1,1,0,0,-3,3,-3,10,7,-3,0,0,1,1,1,1,4,1
KR_6673669788,420,5,43,14,3,-1,2,3,0,2,2,0,2,2,5,5,0,-1,0,1,-1,1,10,-1,4,3,-1,0,0,1,-1,1,-1,6,1
KR_6764553213,420,10,55,83,16,-4,1,5,5,5,0,7,9,2,6,6,0,2,3,1,0,19,18,7,3,10,1,0,3,1,1,1,1,1,1
KR_6747773423,420,3,11,7,3,-1,1,2,4,6,2,-2,2,4,1,4,3,1,2,1,0,1,10,0,4,4,-2,0,-1,1,-1,-1,-1,1,1
KR_6750607679,440,0,72,13,-2,-1,2,3,-2,1,3,2,2,0,0,0,0,-1,0,1,0,-6,0,4,4,8,4,0,-1,1,-1,-1,1,6,1
KR_6776348504,420,3,53,9,1,2,2,0,-2,1,3,2,4,2,0,2,2,-1,0,1,1,6,-7,-2,7,5,7,0,0,1,-1,0,1,6,1
KR_6755967019,420,4,-22,26,7,1,2,1,0,1,1,5,5,0,0,4,4,1,3,2,0,14,3,1,6,7,2,0,0,0,1,-1,1,0,1
KR_6761057123,420,7,0,40,13,2,2,0,5,5,0,4,4,0,2,4,2,0,2,2,0,14,27,0,5,5,-1,0,2,1,1,1,1,2,1
KR_6701980255,420,3,25,0,5,1,2,1,3,7,4,2,5,3,-2,1,3,1,2,1,0,5,-12,-5,10,5,-1,0,1,-1,1,1,-1,3,1
KR_6774038872,420,2,67,26,5,5,5,0,-1,1,2,0,1,1,1,1,0,0,0,0,0,1,-3,0,7,7,-2,0,1,1,1,1,-1,2,1
KR_6773241885,420,-2,8,12,-6,0,0,0,-3,2,5,-2,3,5,1,3,2,-2,1,3,0,-8,-14,5,3,8,0,0,-1,-1,1,-1,1,3,1
KR_6775576646,420,1,14,29,8,-5,0,5,4,6,2,4,7,3,4,4,0,1,2,1,1,10,7,1,6,7,-3,0,-2,1,-1,-1,1,3,1
KR_6771441189,420,-1,-35,8,-4,2,4,2,0,0,0,-2,2,4,-4,3,7,0,1,1,-2,-4,0,0,6,6,-3,0,0,1,-1,-1,-1,4,1
KR_6728700571,440,2,117,-12,-1,0,1,1,0,3,3,5,5,0,-1,0,1,-5,0,5,0,-5,15,2,3,5,5,0,1,1,-1,1,1,4,1
KR_6775164059,420,1,23,51,2,-3,0,3,2,5,3,3,4,1,-1,2,3,1,3,2,0,4,-2,4,6,10,5,0,1,1,1,1,-1,6,1
KR_6768531885,420,-1,15,-19,3,1,3,2,-1,2,3,1,2,1,2,4,2,0,1,1,0,4,3,2,7,9,8,0,1,-1,1,1,1,6,1
KR_6776581130,420,-3,-94,8,-8,-2,1,3,1,1,0,1,5,4,-4,2,6,-4,0,4,0,-6,28,2,5,7,-3,0,1,1,1,1,-1,6,1
KR_6776779116,420,-1,-15,-24,-1,0,0,0,-2,1,3,-1,1,2,2,4,2,0,0,0,0,0,-37,0,4,4,28,0,0,-1,-1,-1,1,6,1
KR_6776625261,420,-3,13,-16,-5,0,2,2,-5,1,6,1,4,3,-1,3,4,0,2,2,-1,-5,-4,-2,7,5,-2,0,-1,-1,-1,-1,-1,6,1
KR_6682688238,420,3,50,10,13,-2,0,2,10,12,2,1,2,1,4,6,2,0,0,0,0,17,6,4,5,9,-5,0,2,1,1,-1,1,6,1
KR_6746162145,420,0,-26,-12,-2,-3,0,3,-5,0,5,2,2,0,1,2,1,3,4,1,-1,4,-10,-3,8,5,1,0,0,-1,-1,0,-1,2,1
KR_6736893795,420,5,-4,28,14,7,9,2,3,5,2,2,4,2,2,4,2,0,0,0,0,21,79,5,4,9,0,0,3,-1,1,1,1,6,1
KR_6770805643,420,3,16,24,3,-2,1,3,1,5,4,2,2,0,1,4,3,1,1,0,0,6,42,-5,9,4,3,0,-1,1,-1,-1,-1,4,1
KR_6736218065,420,-1,-96,-19,-5,-4,2,6,0,5,5,0,2,2,-1,2,3,0,2,2,-2,-8,5,-5,8,3,4,0,1,0,1,1,-1,0,1
KR_6745998612,420,1,26,-33,9,0,1,1,5,6,1,-2,1,3,6,9,3,0,1,1,0,1,-15,1,5,6,-4,0,1,-1,1,1,-1,2,1
KR_6745933412,420,2,17,6,9,0,3,3,2,4,2,-2,2,4,6,9,3,3,3,0,0,8,14,6,2,8,-3,0,2,-1,-1,1,-1,1,1
KR_6765953726,420,5,29,10,8,-2,0,2,2,2,0,1,2,1,7,8,1,0,2,2,0,10,-16,1,5,6,3,0,1,-1,1,1,-1,3,1
KR_6777577171,420,-1,-31,-45,1,-3,0,3,1,4,3,1,3,2,2,2,0,0,1,1,0,7,-201,1,4,5,-4,0,0,-1,-1,-1,-1,6,1
KR_6776130150,420,0,-51,32,0,1,1,0,0,3,3,2,4,2,-1,4,5,-2,1,3,0,3,6,1,5,6,-3,0,0,0,1,1,1,0,1
KR_6734798248,420,6,25,22,13,1,2,1,5,5,0,-1,2,3,7,8,1,1,1,0,2,14,22,1,4,5,-1,0,1,1,1,1,1,5,1
KR_6767736660,420,2,26,20,4,0,2,2,1,3,2,-2,1,3,4,5,1,1,2,1,0,-4,18,-2,7,5,7,0,3,-1,1,1,1,6,1
KR_6775122398,420,-1,-5,-5,6,2,4,2,3,4,1,4,5,1,-1,2,3,-2,2,4,0,2,-20,6,4,10,0,0,-1,-1,1,-1,-1,5,1
KR_6769065253,420,0,21,-51,-1,1,3,2,0,1,1,1,3,2,-2,4,6,-1,0,1,0,-3,-2,-4,11,7,6,0,0,-1,-1,-1,1,5,1
KR_6698608187,420,-2,19,-7,-2,-4,0,4,1,2,1,-2,1,3,2,3,1,1,4,3,2,-3,-2,1,9,10,4,0,0,1,-1,0,1,6,1
KR_6663208748,420,5,-20,31,13,3,3,0,6,6,0,2,3,1,2,3,1,0,0,0,1,14,-6,-5,9,4,8,0,0,1,1,1,1,5,1
KR_6777300987,420,0,22,8,6,-2,1,3,4,5,1,-1,0,1,0,3,3,5,5,0,0,8,1,-3,7,4,6,0,2,1,1,1,1,3,1
KR_6770798736,420,5,110,36,7,3,3,0,4,4,0,1,2,1,0,4,4,-1,0,1,0,11,5,-1,4,3,-2,0,1,1,-1,1,1,1,1
KR_6764060209,420,2,47,-8,1,2,3,1,-1,1,2,1,2,1,-1,3,4,0,2,2,0,-1,-7,0,8,8,6,0,-2,1,-1,-1,1,2,1
KR_6772698868,420,2,42,1,4,1,2,1,5,6,1,-3,2,5,1,2,1,0,1,1,0,1,141,6,4,10,-1,0,0,1,1,1,-1,1,1
KR_6756059756,420,2,3,17,-2,1,1,0,1,1,0,-4,1,5,-2,1,3,2,2,0,0,-1,-19,-1,8,7,1,0,1,0,1,1,-1,0,1
KR_6750243249,420,0,6,3,3,0,0,0,3,6,3,2,6,4,1,2,1,-3,0,3,0,6,36,-5,8,3,-2,0,-1,-1,1,-1,1,3,1
KR_6764936439,420,8,89,51,16,8,8,0,1,4,3,0,2,2,3,4,1,4,5,1,0,13,25,3,2,5,0,0,3,1,1,1,1,4,1
KR_6759234673,420,6,52,4,8,3,4,1,-1,2,3,5,7,2,2,3,1,-1,2,3,1,3,-1,6,4,10,0,0,2,1,-1,1,1,4,1
KR_6777511037,420,1,15,-10,5,0,1,1,0,2,2,4,5,1,0,1,1,1,1,0,0,12,-8,2,3,5,7,0,1,1,1,1,1,4,1
KR_6720667601,420,5,97,-12,4,1,1,0,4,5,1,-2,2,4,0,1,1,1,2,1,-1,4,-3,-2,6,4,2,0,2,1,1,1,1,3,1
KR_6764835512,420,3,37,28,10,1,2,1,7,9,2,-5,1,6,7,7,0,0,1,1,0,18,9,4,4,8,-1,0,1,1,-1,1,-1,2,1
KR_6771488092,420,3,-3,4,5,3,5,2,2,5,3,-1,1,2,0,0,0,1,1,0,0,3,-134,1,3,4,1,0,2,1,1,1,1,1,1
KR_6746391425,420,5,44,19,16,2,4,2,4,5,1,7,12,5,2,3,1,1,2,1,1,26,-138,-6,13,7,5,0,1,1,1,1,1,1,1
KR_6634026762,420,3,41,4,8,3,3,0,4,5,1,2,3,1,-1,3,4,0,1,1,0,14,10,4,7,11,2,0,1,1,1,1,1,3,1
KR_6775225081,420,1,1,-16,4,2,2,0,1,1,0,0,0,0,1,1,0,0,0,0,0,4,23,5,3,8,-3,0,-1,-1,-1,-1,1,4,1
KR_6774878168,440,0,-20,-4,7,-3,0,3,2,4,2,0,2,2,8,8,0,0,1,1,0,9,-2,2,5,7,6,0,0,1,1,0,-1,6,1
KR_6774353990,420,-3,10,-9,-5,-3,0,3,-1,1,2,2,4,2,0,2,2,-3,0,3,0,2,0,-1,4,3,3,0,0,1,1,1,-1,3,1
KR_6666356328,420,4,26,30,9,-1,0,1,3,5,2,5,5,0,1,1,0,1,1,0,0,12,-1,1,5,6,3,0,0,1,1,0,1,1,1
KR_6765950430,420,0,-1,-4,3,5,5,0,1,2,1,-1,3,4,-1,2,3,-1,0,1,0,2,5,5,3,8,-2,0,0,1,-1,1,1,2,1
KR_6722365905,420,2,19,-15,10,0,0,0,6,6,0,0,6,6,5,5,0,-1,0,1,0,16,-87,-2,6,4,2,0,-1,1,-1,-1,-1,3,1
KR_6774947194,420,2,53,7,3,-2,0,2,4,4,0,2,3,1,0,0,0,-1,0,1,0,3,0,0,7,7,5,0,1,1,-1,1,1,6,1
KR_6775855228,420,-2,-34,5,-9,2,4,2,-4,3,7,-1,1,2,-7,0,7,1,1,0,0,-15,24,-3,9,6,0,0,0,-1,1,1,-1,4,1
KR_6746443410,420,-1,10,16,-1,1,3,2,0,4,4,-2,2,4,-1,1,2,1,3,2,0,3,155,-8,10,2,-2,0,1,-1,1,1,1,5,1
KR_6757764614,420,4,34,28,8,3,4,1,2,5,3,3,4,1,2,5,3,-2,0,2,1,2,-40,1,6,7,35,0,0,1,0,0,1,2,1
KR_6773743568,420,2,-28,11,11,2,2,0,3,4,1,1,4,3,4,5,1,1,1,0,0,15,14,5,4,9,2,0,0,1,1,0,1,6,1
KR_6677112087,420,3,31,-12,5,-3,2,5,1,2,1,4,4,0,2,4,2,1,1,0,0,11,-5,0,7,7,6,0,0,1,-1,1,1,3,1
KR_6773529446,420,2,-30,20,1,0,1,1,3,4,1,-2,0,2,0,2,2,0,0,0,0,1,-5,-1,7,6,1,0,0,-1,-1,0,-1,5,1
KR_6644307693,420,1,-19,-42,4,-2,0,2,0,2,2,3,7,4,2,4,2,1,2,1,0,10,2,3,6,9,-2,0,-2,-1,-1,-1,1,5,1
KR_6772071947,420,1,7,4,4,-3,1,4,2,5,3,0,1,1,2,2,0,3,4,1,0,6,35,-1,5,4,-5,0,0,1,-1,-1,1,5,1
KR_6770481869,420,1,-13,-21,8,-1,2,3,0,2,2,1,2,1,5,6,1,3,4,1,0,10,26,6,1,7,1,0,0,1,1,1,-1,6,1
KR_6756197257,420,1,51,6,1,2,4,2,-2,2,4,-2,1,3,2,3,1,1,1,0,0,-2,-2,-2,5,3,6,0,2,1,-1,1,-1,1,1
KR_6756327762,420,2,39,0,0,2,2,0,-4,4,8,1,2,1,3,5,2,-2,0,2,0,2,11,2,6,8,-4,0,0,1,-1,0,-1,4,1
KR_6767899858,420,3,19,-15,9,2,3,1,0,6,6,5,5,0,0,2,2,2,3,1,0,0,4,6,4,10,-2,0,0,1,1,1,1,5,1
KR_6746344047,420,3,-42,16,9,3,4,1,4,5,1,2,3,1,2,2,0,-2,0,2,0,10,1,3,3,6,-3,0,1,-1,1,1,1,6,1
KR_6772694425,420,1,-27,1,4,-1,0,1,2,4,2,2,2,0,-1,2,3,2,3,1,0,1,-9,2,4,6,1,0,2,1,1,1,-1,6,1
KR_6740813092,420,6,93,-10,13,2,2,0,4,9,5,5,6,1,3,4,1,-1,0,1,-2,16,-42,1,5,6,5,0,1,-1,-1,1,-1,4,1
KR_6732353522,420,2,15,51,2,-2,0,2,3,6,3,2,5,3,0,6,6,-1,3,4,0,2,1,2,9,11,4,0,0,1,-1,-1,1,2,1
KR_6777599928,420,1,-19,-26,2,0,1,1,0,6,6,4,4,0,-2,1,3,0,0,0,0,3,-9,-1,7,6,3,0,0,-1,1,0,-1,1,1
KR_6726838216,440,7,89,3,16,3,4,1,1,5,4,2,3,1,10,13,3,0,0,0,0,16,8,7,2,9,2,0,2,1,1,1,1,6,1
KR_6755838942,420,2,-12,4,2,1,2,1,0,2,2,-5,2,7,5,6,1,1,1,0,0,6,213,0,3,3,-1,0,-1,1,-1,-1,-1,4,1
KR_6704296445,420,0,57,-25,-5,-3,0,3,-1,6,7,2,3,1,-3,1,4,0,2,2,1,-5,0,2,7,9,2,0,1,-1,-1,1,1,3,1
KR_6763414638,440,-2,19,-7,-5,-6,1,7,-1,0,1,-3,0,3,3,6,3,2,2,0,0,2,5,2,4,6,4,0,1,1,-1,-1,-1,5,1
KR_6757059325,420,3,-17,16,13,-1,4,5,2,2,0,1,3,2,8,8,0,3,4,1,1,21,32,2,6,8,3,0,3,1,-1,1,1,2,1
KR_6776862112,420,3,-6,21,6,-1,0,1,3,4,1,0,3,3,4,4,0,0,0,0,0,7,129,1,5,6,4,0,0,1,-1,1,-1,4,1
KR_6774274229,420,-1,6,-33,-3,1,4,3,-1,1,2,-1,2,3,-2,0,2,0,0,0,0,-5,-1,-1,7,6,2,0,0,-1,1,0,1,5,1
KR_6772805146,420,5,37,1,7,0,4,4,4,5,1,1,2,1,3,5,2,-1,1,2,0,11,8,1,2,3,1,0,0,1,-1,0,1,1,1
KR_6633618009,420,2,5,22,4,-1,1,2,1,2,1,2,2,0,2,2,0,0,0,0,0,11,-15,-7,9,2,9,0,0,-1,-1,0,-1,6,1
KR_6760848135,420,0,30,6,2,0,0,0,2,2,0,-1,0,1,0,1,1,1,1,0,0,5,40,-4,6,2,-42,0,0,1,-1,0,1,4,1
KR_6759097303,420,0,7,14,-1,2,6,4,-1,2,3,-2,3,5,-1,1,2,1,2,1,-3,6,-28,1,8,9,1,0,-1,-1,1,-1,-1,4,1
KR_6774489184,420,7,78,5,17,9,9,0,2,3,1,-1,4,5,9,11,2,-2,0,2,1,22,18,3,5,8,0,0,4,1,-1,1,1,1,1
KR_6740428970,420,0,-2,25,-3,-2,0,2,-2,2,4,1,5,4,0,3,3,0,1,1,-1,-9,12,0,6,6,-2,0,0,1,0,1,-1,6,1
KR_6770049682,420,1,-5,-15,7,-1,0,1,3,5,2,7,7,0,-1,4,5,-1,2,3,1,7,24,3,6,9,0,0,1,1,1,1,1,6,1
KR_6773102888,420,1,-36,-33,1,-2,1,3,5,7,2,3,5,2,-5,2,7,0,1,1,-1,-3,-21,-2,7,5,5,0,-2,-1,1,-1,-1,1,1
KR_6756146141,420,7,40,4,8,5,5,0,1,4,3,-2,1,3,3,6,3,1,2,1,0,11,-2,3,2,5,16,0,1,1,-1,1,1,1,1
KR_6766541880,420,3,29,-7,15,3,3,0,5,7,2,2,3,1,4,6,2,1,2,1,0,18,7,3,4,7,-2,0,1,1,-1,-1,1,4,1
KR_6776010731,420,6,68,20,9,1,3,2,6,6,0,0,0,0,2,5,3,0,0,0,1,11,20,0,6,6,-1,0,2,1,1,1,1,5,1
KR_6773887305,420,2,-27,-5,10,0,3,3,7,10,3,2,3,1,1,3,2,0,1,1,0,22,-14,-4,13,9,14,0,0,-1,1,1,1,3,1
KR_6673732733,420,1,23,36,-2,-3,0,3,3,6,3,1,2,1,-2,1,3,-1,1,2,0,-1,-3,-1,7,6,2,0,1,-1,-1,1,1,1,1
KR_6761998977,420,-3,-102,19,-3,-1,1,2,-3,2,5,0,3,3,1,2,1,0,1,1,0,2,6,-1,5,4,5,0,0,-1,1,0,-1,6,1
KR_6765462617,420,5,20,35,20,2,2,0,2,5,3,0,2,2,16,16,0,0,1,1,1,23,6,4,3,7,-1,0,3,1,1,1,1,5,1
KR_6737536479,420,1,15,4,2,0,1,1,-2,4,6,-1,6,7,6,9,3,-1,0,1,-1,6,-5,-6,13,7,3,0,0,1,0,0,-1,5,1
KR_6767411465,420,1,3,-4,5,-2,2,4,6,7,1,0,4,4,1,3,2,0,1,1,0,9,3,3,5,8,4,0,0,0,1,1,1,0,1
KR_6748842249,420,4,0,15,8,1,1,0,0,2,2,1,3,2,5,8,3,1,1,0,0,13,0,3,2,5,-2,0,3,1,1,1,-1,3,1
KR_6775713554,420,4,63,-15,4,0,1,1,1,4,3,5,7,2,-1,1,2,-1,0,1,0,8,2,0,6,6,-4,0,0,1,1,1,-1,6,1
KR_6687706165,420,5,77,13,1,-1,2,3,0,5,5,3,6,3,0,1,1,-1,1,2,0,-3,43,-1,7,6,2,0,1,1,1,1,-1,1,1
KR_6777870411,420,4,75,-3,18,5,5,0,3,4,1,3,6,3,6,9,3,1,2,1,0,21,-37,1,6,7,11,0,1,1,1,-1,1,2,1
KR_6764893942,420,6,5,39,10,2,3,1,9,11,2,-1,2,3,1,6,5,-1,1,2,-1,12,-5,-4,8,4,-3,0,1,1,-1,1,-1,4,1
KR_6717848227,420,3,19,1,6,-1,1,2,4,4,0,2,3,1,1,3,2,0,1,1,0,9,0,-6,9,3,1,0,2,-1,1,1,1,6,1
KR_6739433279,420,7,46,23,14,4,4,0,5,7,2,6,7,1,-2,1,3,1,1,0,0,11,4,-2,11,9,7,0,3,-1,1,1,-1,4,1
KR_6777546561,420,5,43,3,7,2,3,1,0,2,2,-2,0,2,0,3,3,7,7,0,0,2,-1,0,6,6,7,0,1,-1,1,1,-1,4,1
KR_6776006922,420,1,56,-5,4,-1,1,2,-2,0,2,6,7,1,1,1,0,0,2,2,0,2,2,2,4,6,-2,0,0,1,-1,0,-1,5,1
KR_6776221984,420,1,43,0,6,6,7,1,-2,1,3,1,3,2,3,4,1,-2,2,4,0,9,11,0,5,5,0,0,1,1,-1,1,1,2,1
KR_6768269213,420,0,91,-8,6,1,3,2,4,8,4,-1,6,7,0,3,3,2,3,1,1,3,-24,3,4,7,6,0,2,1,1,1,1,2,1
KR_6774631405,420,-1,-28,-4,4,-1,1,2,0,3,3,4,4,0,3,5,2,-2,2,4,0,9,1,1,7,8,1,0,1,-1,-1,1,-1,5,1
KR_6771460978,420,-1,-4,5,10,0,3,3,-1,3,4,5,6,1,6,7,1,0,0,0,0,16,-47,1,6,7,21,0,0,-1,-1,0,-1,6,1
KR_6774766046,420,4,24,15,11,-1,0,1,4,4,0,1,3,2,6,8,2,1,2,1,0,11,32,-3,7,4,2,0,2,1,1,1,1,6,1
KR_6769807035,420,1,-23,19,-7,-1,0,1,2,5,3,-4,3,7,-4,2,6,0,0,0,0,-7,9,4,6,10,2,0,0,-1,1,0,-1,4,1
KR_6764240763,420,7,13,56,8,4,5,1,2,2,0,-1,2,3,2,3,1,1,1,0,0,2,-1,-2,4,2,4,0,1,-1,1,1,1,2,1
KR_6675496130,420,5,54,38,16,1,3,2,4,5,1,5,5,0,4,5,1,2,2,0,1,19,0,-4,7,3,2,0,2,1,1,1,1,1,1
KR_6773541343,440,1,21,7,6,3,5,2,1,3,2,2,2,0,-2,0,2,2,3,1,1,-2,-12,-4,7,3,3,0,0,-1,1,0,-1,3,1
KR_6775550656,420,3,86,40,6,1,2,1,-1,4,5,-2,4,6,7,10,3,1,2,1,0,4,6,-2,6,4,-2,0,2,1,1,1,1,3,1
KR_6775660495,420,-3,2,-7,-4,0,1,1,2,3,1,-2,4,6,0,1,1,-4,1,5,0,-3,-118,3,5,8,-8,0,-2,1,-1,-1,1,6,1
KR_6740271110,420,-1,-58,-15,-2,-1,1,2,-1,2,3,-1,1,2,2,3,1,-1,1,2,-1,1,1,-2,10,8,-3,0,1,1,1,1,-1,5,1
KR_6770903724,420,1,-7,0,4,1,1,0,6,7,1,-4,1,5,1,3,2,0,0,0,0,6,8,2,5,7,0,0,0,-1,0,0,-1,5,1
KR_6776550210,420,2,-10,16,8,-1,0,1,4,5,1,4,4,0,2,2,0,-1,0,1,0,17,-6,4,5,9,12,0,1,1,1,1,-1,1,1
KR_6750291726,420,-1,33,10,1,0,2,2,2,3,1,0,1,1,-1,2,3,0,2,2,0,5,23,1,4,5,4,0,2,0,1,1,-1,0,1
KR_6747183871,420,7,115,39,13,0,1,1,8,8,0,2,2,0,4,6,2,-1,1,2,1,11,3,4,3,7,1,0,2,-1,1,1,1,2,1
KR_6733985890,420,1,15,-8,4,3,3,0,3,4,1,1,4,3,-6,4,10,3,3,0,1,4,2,-6,10,4,-4,0,1,1,1,1,1,6,1
KR_6768405589,420,3,58,11,6,0,0,0,4,7,3,2,4,2,2,3,1,-2,1,3,1,15,-206,-3,7,4,7,0,-1,1,-1,-1,1,5,1
KR_6689970362,420,-4,-24,-9,-6,-2,0,2,-2,5,7,0,1,1,-3,1,4,1,2,1,0,-3,-49,4,8,12,10,0,-2,-1,1,-1,-1,5,1
KR_6770089861,420,1,43,8,0,1,3,2,-6,0,6,0,2,2,2,3,1,3,4,1,0,5,10,-1,7,6,-9,0,0,1,-1,1,1,2,1
KR_6764095578,420,0,-24,20,-3,1,3,2,0,4,4,0,4,4,-2,5,7,-2,0,2,1,-2,26,-9,15,6,0,0,2,1,1,1,-1,2,1
KR_6666238042,420,-2,39,6,-5,1,3,2,-2,3,5,-1,1,2,-1,1,2,-2,0,2,0,-13,5,2,5,7,1,0,1,-1,1,1,1,5,1
KR_6738546390,420,-1,-17,13,11,7,7,0,3,7,4,5,5,0,-4,2,6,0,1,1,2,12,15,1,6,7,-4,0,1,-1,1,-1,1,4,1
KR_6730133229,420,4,25,83,3,-2,1,3,2,7,5,3,6,3,-1,2,3,1,3,2,0,5,-1,-4,8,4,1,0,0,1,1,0,-1,2,1
KR_6762810190,420,-1,-7,25,1,1,4,3,-2,1,3,2,4,2,0,5,5,0,0,0,1,0,-3,-1,5,4,3,0,-1,1,-1,-1,1,5,1
KR_6776781566,420,2,11,-11,-4,1,2,1,3,5,2,-2,3,5,-4,1,5,-2,3,5,-1,-9,-34,-5,12,7,4,0,0,0,-1,0,-1,0,1
KR_6768178328,440,1,33,0,5,-1,1,2,3,6,3,3,5,2,1,2,1,-1,1,2,0,4,3,2,4,6,3,0,1,-1,-1,1,-1,4,1
KR_6690434434,420,4,52,54,3,0,1,1,4,5,1,2,2,0,-3,2,5,0,0,0,0,2,6,-1,9,8,-5,0,2,1,1,1,1,6,1
KR_6775351361,420,3,-5,0,12,-1,0,1,-1,1,2,4,5,1,8,9,1,2,3,1,1,21,72,1,5,6,4,0,1,1,-1,1,1,3,1
KR_6759259957,420,4,82,-6,8,3,3,0,-2,2,4,2,3,1,1,3,2,4,4,0,0,6,13,4,4,8,2,0,2,1,0,1,1,2,1
KR_6757315165,420,2,-13,73,1,-5,0,5,4,4,0,5,6,1,-3,2,5,0,1,1,0,7,-22,1,6,7,2,0,-1,1,1,-1,-1,6,1
KR_6760081918,420,-1,-9,24,-4,-5,0,5,-1,2,3,0,1,1,1,1,0,1,2,1,0,5,-15,7,5,12,-1,0,-1,1,1,-1,-1,2,1
KR_6753736526,420,4,46,19,9,5,8,3,-2,4,6,4,5,1,0,2,2,2,4,2,0,7,7,0,8,8,3,0,-1,1,-1,-1,1,2,1
KR_6775943821,420,0,-16,-19,2,1,2,1,4,6,2,0,2,2,-3,2,5,0,0,0,1,0,14,9,3,12,-2,0,1,1,1,1,1,4,1
KR_6730977405,420,3,92,15,5,-1,3,4,0,2,2,1,3,2,3,3,0,2,3,1,1,6,12,5,4,9,0,0,0,1,-1,0,1,2,1
KR_6773776336,420,1,19,-16,9,-2,2,4,3,4,1,1,1,0,5,5,0,2,2,0,1,16,14,5,2,7,-3,0,1,1,1,1,1,2,1
KR_6776104088,420,-2,30,2,-1,0,1,1,-1,5,6,3,4,1,-4,2,6,1,1,0,-1,-9,-4,-3,8,5,0,0,1,1,1,1,-1,5,1
KR_6774007269,420,0,86,-16,5,-2,0,2,-2,1,3,2,2,0,5,7,2,2,2,0,0,-1,-7,-8,11,3,10,0,1,-1,-1,-1,1,4,1
KR_6764666281,420,5,31,-3,6,-1,1,2,4,4,0,-3,1,4,5,6,1,1,2,1,1,10,41,3,7,10,1,0,0,1,-1,0,-1,4,1
KR_6726895095,420,-3,-121,-24,-3,1,5,4,0,3,3,-2,1,3,-2,0,2,0,1,1,0,3,-7,1,5,6,-4,0,-3,1,-1,-1,-1,5,1
KR_6751498188,420,-2,-74,32,7,-1,3,4,2,5,3,-2,1,3,8,9,1,0,0,0,1,15,1,1,5,6,0,0,0,1,1,0,1,1,1
KR_6744836067,420,3,-4,4,4,2,2,0,5,6,1,1,1,0,-4,2,6,0,2,2,0,6,-18,-1,7,6,0,0,1,-1,-1,1,1,3,1
KR_6727825944,420,3,70,5,0,1,4,3,-2,0,2,3,5,2,1,4,3,-3,0,3,0,-2,11,-1,6,5,6,0,0,-1,1,1,-1,6,1
KR_6771477381,420,3,68,-12,6,-4,0,4,1,1,0,0,1,1,6,6,0,3,3,0,0,12,11,2,7,9,0,0,-1,1,-1,1,1,1,1
KR_6708759392,420,4,-6,35,8,5,5,0,1,6,5,2,3,1,-1,1,2,1,2,1,0,14,-3,5,5,10,2,0,1,-1,1,1,-1,6,1
KR_6764273978,420,-1,37,-12,3,-1,0,1,-1,1,2,0,2,2,6,6,0,-1,0,1,0,1,5,0,6,6,2,0,0,-1,-1,0,1,6,1
KR_6775522329,420,1,20,-8,2,-2,0,2,-1,1,2,4,6,2,2,6,4,-1,3,4,0,3,-3,-2,7,5,2,0,2,-1,1,1,-1,5,1
KR_6775777457,420,2,27,-15,0,1,2,1,1,2,1,3,5,2,1,3,2,-6,0,6,0,6,-2,1,6,7,3,0,1,1,-1,1,1,4,1
KR_6759860465,420,4,43,14,16,-2,0,2,11,15,4,6,8,2,0,2,2,1,2,1,2,13,0,3,4,7,2,0,2,1,1,1,1,3,1
KR_6773593015,420,3,-24,23,8,1,3,2,3,6,3,0,1,1,0,0,0,4,4,0,0,9,-3,0,3,3,1,0,-1,-1,1,-1,1,5,1
KR_6712148241,420,1,6,-1,2,2,4,2,2,4,2,1,2,1,-1,4,5,-2,1,3,0,1,6,7,3,10,-6,0,3,-1,1,1,1,2,1
KR_6772097893,420,2,11,7,3,2,3,1,4,7,3,-2,5,7,-1,1,2,0,1,1,-2,-10,24,0,7,7,-2,0,1,1,1,1,1,1,1
KR_6764149360,420,0,-13,25,-2,4,6,2,-1,3,4,-1,1,2,-3,0,3,-1,1,2,0,-1,-8,2,5,7,1,0,1,-1,1,1,1,1,1
KR_6777790979,420,6,76,25,18,10,10,0,1,3,2,1,1,0,4,8,4,2,2,0,0,18,7,5,4,9,-1,0,1,1,1,1,-1,2,1
KR_6761868316,420,0,11,23,0,-3,1,4,-2,1,3,4,4,0,1,3,2,0,2,2,0,8,209,-4,9,5,1,0,1,-1,1,1,1,3,1
KR_6761487424,420,5,52,25,12,1,6,5,4,4,0,3,3,0,2,5,3,2,7,5,0,8,41,9,5,14,-6,0,3,1,1,1,1,2,1
KR_6671373010,420,0,14,-22,-2,0,1,1,-4,1,5,-3,1,4,4,5,1,1,1,0,0,-4,-1,1,4,5,-1,0,2,-1,-1,1,1,3,1
KR_6758845856,420,2,30,-16,4,4,6,2,0,2,2,5,6,1,-5,5,10,0,1,1,1,5,-1,2,3,5,2,0,1,-1,1,1,1,2,1
KR_6771970174,420,0,11,4,1,5,8,3,-2,1,3,-1,1,2,-1,1,2,0,0,0,0,0,212,-3,7,4,2,0,-1,-1,1,-1,-1,5,1
KR_6719916622,420,5,26,42,18,5,5,0,1,2,1,5,7,2,6,6,0,1,1,0,1,19,-5,-1,6,5,0,0,4,1,1,1,1,4,1
KR_6776553275,420,1,-3,2,3,1,2,1,1,4,3,1,1,0,0,1,1,0,2,2,-1,5,1,-6,12,6,-4,0,0,1,-1,0,-1,4,1
KR_6707849478,420,4,102,19,2,0,5,5,-1,5,6,-1,4,5,2,4,2,2,2,0,0,3,30,-7,8,1,4,0,3,-1,1,1,1,5,1
KR_6730534566,420,-1,-59,2,-1,-4,3,7,7,7,0,0,2,2,-3,4,7,-1,1,2,0,2,198,4,2,6,-4,0,-2,-1,-1,-1,-1,3,1
KR_6776990215,420,1,63,-19,2,3,3,0,-1,1,2,0,2,2,2,4,2,-2,0,2,0,4,7,5,2,7,-6,0,0,1,1,1,1,1,1
KR_6730744180,420,1,-4,17,3,-2,1,3,-3,4,7,1,4,3,4,4,0,3,3,0,1,10,2,2,9,11,8,0,2,1,1,1,1,5,1
KR_6776056468,420,9,120,9,16,-2,1,3,4,4,0,11,11,0,2,2,0,1,1,0,0,18,9,1,5,6,0,0,2,1,1,1,1,1,1
KR_6771404122,420,1,27,-3,-1,0,0,0,1,1,0,1,4,3,-4,0,4,1,2,1,0,-8,-8,-8,12,4,-1,0,1,1,1,1,-1,4,1
KR_6758942136,420,3,89,4,7,-2,5,7,2,3,1,2,5,3,5,5,0,0,0,0,0,9,-5,-3,7,4,9,0,2,1,-1,1,-1,2,1
KR_6741161140,420,-1,28,-16,2,-2,0,2,0,2,2,1,2,1,1,3,2,2,2,0,0,3,0,-1,7,6,-5,0,0,1,-1,0,-1,2,1
KR_6770119609,420,2,-16,-32,0,-2,2,4,-1,6,7,3,4,1,0,2,2,0,1,1,-1,-2,-5,3,5,8,-2,0,-1,1,1,-1,-1,5,1
KR_6774127275,420,4,67,3,6,0,0,0,4,8,4,-2,4,6,0,1,1,4,5,1,0,14,9,0,5,5,3,0,0,1,-1,0,-1,2,1
KR_6633919490,420,0,14,9,2,-1,3,4,0,3,3,-3,1,4,2,2,0,4,5,1,0,1,-33,6,5,11,-2,0,0,1,-1,-1,1,3,1
KR_6761201138,420,-2,-53,27,1,1,4,3,5,5,0,0,1,1,-4,1,5,-1,2,3,0,3,10,0,9,9,-5,0,-1,-1,1,-1,-1,1,1
KR_6774111437,420,-3,-23,-18,-8,-3,1,4,-5,0,5,-1,2,3,0,0,0,1,1,0,0,-6,-22,0,4,4,3,0,-1,-1,-1,-1,-1,3,1
KR_6767464165,420,1,-16,-8,4,2,3,1,-4,1,5,3,3,0,-1,1,2,4,5,1,1,4,0,3,2,5,-3,0,0,1,1,-1,1,3,1
KR_6767297836,420,0,29,-8,-6,-1,1,2,-3,0,3,-1,1,2,-1,2,3,0,0,0,0,-4,-23,-4,10,6,1,0,1,-1,-1,1,1,4,1
KR_6771954104,420,1,-3,20,1,0,4,4,0,3,3,7,9,2,-6,4,10,0,2,2,0,4,8,3,2,5,-1,0,-2,1,-1,-1,1,6,1
KR_6777817601,420,1,25,-25,1,-2,1,3,2,4,2,0,2,2,3,4,1,-2,0,2,0,3,-2,4,5,9,1,0,1,1,1,1,1,2,1
KR_6768786365,420,4,-1,-20,10,4,5,1,0,1,1,-1,3,4,7,9,2,0,1,1,1,8,10,4,4,8,0,0,1,0,1,1,1,0,1
KR_6777256786,420,6,7,19,12,4,5,1,1,3,2,2,2,0,4,6,2,1,1,0,0,27,21,0,5,5,12,0,0,1,-1,0,1,2,1
KR_6650945213,420,5,50,12,15,10,11,1,2,4,2,3,3,0,0,4,4,0,1,1,0,10,22,8,1,9,-1,0,1,1,1,1,1,2,1
KR_6772672439,420,0,14,-1,7,-2,1,3,-1,1,2,3,4,1,11,15,4,-4,0,4,0,6,-5,-1,5,4,2,0,1,1,1,1,1,3,1
KR_6663358720,420,0,-10,-12,5,-1,2,3,0,3,3,1,2,1,1,1,0,4,4,0,1,11,-17,1,6,7,2,0,0,-1,1,0,1,3,1
KR_6766178640,420,1,42,-14,3,-2,4,6,5,5,0,0,3,3,1,2,1,-1,0,1,-1,8,40,4,3,7,-2,0,0,1,1,1,-1,4,1
KR_6777664014,420,-1,-22,-2,0,-1,0,1,0,3,3,2,2,0,1,2,1,-2,0,2,0,-5,2,2,6,8,1,0,1,1,-1,1,-1,6,1
KR_6634413943,420,0,31,-3,11,1,2,1,0,3,3,11,13,2,2,7,5,-3,0,3,0,27,-41,-1,8,7,7,0,3,-1,1,1,1,4,1
KR_6768684432,420,4,90,8,5,5,8,3,1,3,2,2,5,3,-2,0,2,-1,0,1,0,4,6,2,4,6,2,0,2,1,1,1,-1,6,1
KR_6761676905,420,-2,-53,7,-3,1,2,1,2,2,0,-1,3,4,-3,2,5,-2,0,2,-1,-5,21,-2,11,9,-2,0,-1,1,1,-1,-1,2,1
KR_6766373292,420,1,8,-3,11,-1,1,2,1,3,2,4,4,0,5,7,2,2,4,2,0,13,-86,1,4,5,2,0,1,-1,1,1,-1,2,1
KR_6777592152,420,-2,-26,11,4,0,2,2,0,3,3,4,7,3,-2,2,4,2,2,0,0,5,-6,-3,4,1,2,0,0,1,1,0,1,6,1
KR_6776056918,420,5,155,20,12,3,3,0,10,12,2,2,2,0,1,3,2,-4,0,4,0,1,-2,-1,8,7,2,0,1,1,1,1,1,4,1
KR_6774073276,420,1,-23,24,-3,1,1,0,-1,3,4,-4,5,9,0,1,1,1,2,1,-1,-4,15,2,5,7,-1,0,0,1,1,0,-1,2,1
KR_6736103374,420,0,-91,-18,4,-1,2,3,-6,1,7,10,15,5,-1,4,5,2,2,0,-1,6,3,3,3,6,3,0,1,1,1,1,1,3,1
KR_6764063405,420,7,66,51,6,1,3,2,-1,1,2,3,5,2,3,3,0,0,0,0,0,5,13,0,5,5,-1,0,2,1,1,1,-1,3,1
KR_6777694838,420,2,11,34,3,1,2,1,3,5,2,-2,2,4,0,5,5,1,2,1,2,6,9,5,4,9,0,0,0,1,-1,1,1,3,1
KR_6757094629,420,1,30,-32,11,4,5,1,-1,0,1,2,2,0,3,5,2,3,4,1,0,8,-33,3,3,6,5,0,0,-1,1,0,1,2,1
KR_6760335470,420,-1,65,9,-3,-2,3,5,-3,1,4,-1,2,3,-1,4,5,4,6,2,-1,-1,10,4,2,6,0,0,0,1,1,0,-1,2,1
KR_6770243317,420,-2,-54,15,-9,-3,1,4,-4,0,4,-3,0,3,1,4,3,0,0,0,-1,-9,19,0,7,7,-1,0,-2,1,-1,-1,-1,2,1
KR_6712024985,420,-3,-24,-19,-2,2,4,2,0,6,6,1,1,0,-3,0,3,-2,1,3,1,-2,-32,0,8,8,6,0,0,1,1,0,1,5,1
KR_6699577524,420,4,36,22,1,3,4,1,-1,2,3,0,5,5,0,5,5,-1,0,1,0,-12,31,0,6,6,4,0,1,-1,1,1,-1,1,1
KR_6771773350,420,1,23,17,5,-6,1,7,3,4,1,0,1,1,6,6,0,2,2,0,0,9,-11,0,4,4,5,0,-1,1,-1,-1,1,1,1
KR_6770274316,420,-1,-47,-13,0,-2,1,3,0,1,1,-2,1,3,4,6,2,0,0,0,-1,6,-29,-4,8,4,3,0,0,1,-1,0,-1,3,1
KR_6764751515,420,4,12,40,10,-1,0,1,4,7,3,3,4,1,4,6,2,0,1,1,0,13,-144,-3,7,4,1,0,-1,1,1,-1,-1,1,1
KR_6756030596,420,-2,-15,-4,2,-2,0,2,2,5,3,2,3,1,-2,2,4,2,4,2,2,7,2,-1,6,5,-7,0,0,-1,1,1,1,3,1
KR_6773983064,420,2,87,4,4,2,2,0,2,4,2,0,2,2,0,3,3,0,0,0,0,-3,16,-2,9,7,-4,0,2,1,1,1,1,2,1
KR_6777522675,420,4,19,3,7,0,3,3,2,2,0,1,3,2,0,4,4,4,5,1,0,6,0,-5,7,2,-1,0,2,1,1,1,1,4,1
KR_6774097250,440,1,19,12,0,-1,5,6,1,3,2,-1,0,1,1,5,4,0,2,2,1,6,47,1,6,7,-6,0,-2,-1,1,1,1,2,1
KR_6676650916,420,1,68,-16,7,0,2,2,4,6,2,1,3,2,-1,0,1,3,3,0,0,10,3,1,3,4,-1,0,1,1,1,1,1,5,1
KR_6758769216,420,0,-4,1,3,0,2,2,1,2,1,0,0,0,1,3,2,1,2,1,0,6,1,1,6,7,-2,0,0,1,-1,-1,-1,2,1
KR_6775051222,420,-1,17,-23,-3,-5,1,6,3,3,0,-3,1,4,1,7,6,1,1,0,0,-5,-15,0,6,6,-3,0,-1,-1,-1,-1,-1,4,1
KR_6757890893,420,1,46,-28,0,-1,0,1,-2,2,4,1,5,4,2,4,2,0,1,1,0,-2,-6,3,3,6,-3,0,1,1,-1,1,1,5,1
KR_6776457757,440,3,24,4,18,-1,1,2,2,2,0,7,7,0,5,5,0,5,5,0,0,32,12,2,7,9,6,0,0,-1,-1,0,1,1,1
KR_6769593902,440,5,78,16,7,3,4,1,4,4,0,-1,2,3,5,6,1,-4,0,4,0,10,181,-3,7,4,5,0,2,1,1,1,-1,1,1
KR_6653588533,420,3,20,9,8,2,3,1,5,5,0,0,1,1,0,3,3,1,2,1,0,11,-11,5,5,10,25,0,3,1,1,1,1,1,1
KR_6731417081,420,3,13,49,4,0,2,2,1,3,2,2,3,1,1,4,3,0,1,1,1,3,4,2,4,6,2,0,1,1,1,1,1,1,1
KR_6755614402,420,4,40,15,11,3,3,0,4,4,0,0,2,2,4,5,1,0,2,2,0,9,3,1,5,6,4,0,0,1,-1,1,1,6,1
KR_6776392078,420,3,-2,-8,7,-1,1,2,2,3,1,3,3,0,3,6,3,0,1,1,0,16,-6,4,5,9,-2,0,0,1,-1,0,-1,6,1
KR_6737622891,420,3,25,-4,6,2,2,0,5,7,2,-2,0,2,1,6,5,0,0,0,0,5,30,1,7,8,-4,0,0,1,-1,0,1,2,1
KR_6752182493,420,2,6,7,6,0,2,2,6,8,2,1,1,0,-2,1,3,1,1,0,0,9,-24,3,4,7,4,0,2,1,1,1,1,5,1
KR_6776210145,420,0,41,1,-4,-1,1,2,0,1,1,-5,0,5,2,8,6,0,3,3,0,-1,-36,4,5,9,2,0,0,-1,1,0,1,4,1
KR_6767968794,420,9,105,73,13,8,8,0,4,4,0,2,4,2,-1,1,2,0,0,0,0,4,4,-3,7,4,-1,1,3,1,1,1,1,1,1
KR_6768870394,420,0,59,-12,6,2,2,0,0,4,4,3,3,0,3,3,0,-2,0,2,0,1,-57,-2,6,4,2,0,1,1,1,1,1,6,1
KR_6652687090,420,-2,-43,-12,-1,-3,1,4,1,2,1,-1,1,2,-2,2,4,4,5,1,0,-1,3,0,7,7,0,0,-1,1,-1,-1,-1,3,1
KR_6652973521,420,1,-1,0,8,5,6,1,0,2,2,1,2,1,3,4,1,-1,2,3,0,6,5,-1,6,5,1,0,1,1,1,1,-1,4,1
KR_6756687985,420,4,54,5,4,2,2,0,-1,2,3,3,4,1,2,2,0,-2,1,3,0,3,10,-1,7,6,1,0,1,1,-1,1,-1,1,1
KR_6756256597,420,1,35,10,5,1,3,2,4,5,1,1,3,2,-1,2,3,0,1,1,0,-4,11,4,4,8,-3,0,2,-1,1,1,1,3,1
KR_6776519683,440,3,45,1,11,6,6,0,5,5,0,-2,0,2,-1,2,3,3,3,0,0,8,1,-4,9,5,-1,0,1,1,-1,1,-1,5,1
KR_6715997185,420,0,35,-25,5,3,3,0,-3,3,6,0,1,1,-2,1,3,7,8,1,1,6,-38,6,5,11,1,0,1,1,-1,1,1,2,1
KR_6771434263,420,3,18,-15,5,3,3,0,1,4,3,-2,3,5,2,4,2,1,1,0,0,15,3,6,5,11,3,0,0,-1,-1,0,1,6,1
KR_6773083698,420,0,-14,-8,-1,0,3,3,-1,1,2,-1,0,1,3,6,3,-2,0,2,0,-5,-1,-1,7,6,-2,0,0,-1,1,0,1,6,1
KR_6767287611,420,-2,-57,-11,-2,-5,1,6,2,4,2,0,2,2,-1,1,2,2,2,0,1,5,16,1,4,5,4,0,-1,1,1,-1,1,1,1
KR_6693751098,420,-1,-51,14,-5,-5,0,5,-3,1,4,1,3,2,0,3,3,2,2,0,0,-4,-5,-2,6,4,4,0,-3,1,-1,-1,-1,2,1
KR_6745407395,420,-3,-40,29,-4,0,1,1,-1,2,3,2,4,2,-6,0,6,1,1,0,1,-6,-13,2,3,5,-1,0,0,1,1,0,1,2,1
KR_6714814495,420,-1,-7,-67,1,1,6,5,-2,1,3,1,5,4,1,10,9,0,2,2,1,5,-26,-2,9,7,2,0,-1,-1,-1,-1,1,1,1
KR_6667926902,420,2,2,9,11,-1,1,2,6,7,1,0,2,2,7,8,1,-1,0,1,-1,21,1,-5,8,3,2,0,2,1,-1,1,-1,5,1
KR_6733347274,420,3,5,36,7,1,1,0,1,4,3,3,4,1,1,6,5,1,1,0,0,13,60,1,5,6,-1,0,1,1,1,1,1,2,1
KR_6776031413,420,1,-6,-19,5,1,1,0,0,4,4,-1,3,4,2,5,3,3,3,0,0,10,-30,7,1,8,-4,0,0,1,-1,0,-1,2,1
KR_6777806061,420,0,38,-20,-3,2,5,3,1,4,3,1,3,2,-6,2,8,-1,2,3,0,-4,11,-1,6,5,2,0,-1,-1,-1,-1,-1,1,1
KR_6773303727,420,1,36,-8,-1,1,1,0,-2,4,6,-1,3,4,2,3,1,-1,1,2,0,2,-129,-4,10,6,2,0,0,1,-1,0,1,1,1
KR_6767634752,420,5,39,36,14,-1,2,3,3,5,2,2,5,3,7,10,3,3,3,0,0,10,7,2,6,8,-2,0,0,1,1,1,1,4,1
KR_6767943022,420,6,37,24,12,0,0,0,1,1,0,6,6,0,6,7,1,-1,0,1,0,15,9,2,3,5,3,0,2,1,1,1,1,4,1
KR_6773348767,440,-1,25,5,-1,0,0,0,0,4,4,0,0,0,0,1,1,-1,0,1,0,-1,-7,-3,6,3,2,0,0,-1,1,0,-1,3,1
KR_6777650458,420,0,-16,10,2,-1,2,3,1,4,3,2,2,0,1,4,3,-1,0,1,0,1,-8,2,6,8,5,0,1,1,1,1,-1,3,1
KR_6762572485,420,2,7,50,1,1,1,0,-2,2,4,2,3,1,-1,4,5,1,1,0,0,5,5,3,6,9,0,0,0,-1,1,0,-1,1,1
KR_6764190146,420,4,51,56,1,-1,1,2,2,5,3,2,4,2,-3,4,7,1,1,0,0,1,7,-4,8,4,1,0,2,1,0,1,1,5,1
KR_6767962476,420,8,119,22,10,-2,1,3,4,4,0,2,3,1,6,6,0,0,1,1,0,15,-36,-4,8,4,19,0,3,1,1,1,1,2,1
KR_6769147857,420,0,-9,17,1,6,6,0,-2,2,4,5,5,0,-7,0,7,-1,0,1,1,-1,1,5,6,11,0,0,0,1,-1,0,1,1,1
KR_6707824827,420,1,54,12,-4,-2,0,2,-1,4,5,-2,3,5,0,2,2,1,1,0,0,0,41,1,7,8,5,0,0,1,-1,0,1,5,1
KR_6777813743,420,4,9,27,2,0,1,1,3,6,3,3,5,2,-3,1,4,-1,0,1,0,2,-7,5,4,9,-3,0,-1,1,-1,-1,-1,1,1
KR_6770810163,420,1,7,32,0,3,3,0,0,4,4,1,3,2,-1,6,7,-3,1,4,-1,-1,-1,1,6,7,-4,0,3,1,1,1,-1,4,1
KR_6768197715,420,1,-54,34,2,-2,0,2,3,3,0,-4,1,5,3,3,0,2,2,0,0,5,39,1,7,8,-4,0,0,1,-1,0,-1,4,1
KR_6768663466,420,0,-25,-14,-2,-1,0,1,5,9,4,-7,0,7,1,2,1,0,0,0,0,1,6,2,6,8,-1,0,-2,1,-1,-1,1,6,1
KR_6777551295,420,1,-12,54,-1,1,3,2,0,1,1,1,3,2,-1,0,1,-2,0,2,0,6,-56,-4,10,6,-2,0,-1,-1,-1,-1,-1,3,1
KR_6768773976,420,0,-6,24,-6,1,3,2,3,4,1,-2,0,2,-8,0,8,0,0,0,0,-10,-4,-1,8,7,-1,0,2,1,1,1,-1,2,1
KR_6776643402,420,2,-15,19,9,-1,2,3,2,5,3,5,6,1,1,2,1,2,2,0,0,17,14,0,7,7,1,0,0,-1,1,1,1,6,1
KR_6774629284,420,5,35,9,3,4,4,0,-5,2,7,-1,1,2,4,7,3,1,1,0,0,0,5,1,6,7,4,0,1,-1,1,1,-1,3,1
KR_6759285377,420,-4,-13,-5,-12,-5,1,6,-2,1,3,3,4,1,-6,0,6,-2,0,2,0,-10,15,0,6,6,3,0,0,-1,1,0,-1,3,1
KR_6728932598,420,6,48,4,18,-1,1,2,6,6,0,10,10,0,2,3,1,1,1,0,1,25,-233,1,4,5,1,0,2,1,-1,1,1,6,1
KR_6772272395,420,6,75,28,13,0,3,3,3,3,0,5,6,1,2,4,2,3,4,1,2,10,-20,5,2,7,0,0,3,1,1,1,1,1,1
KR_6769228831,420,3,-3,7,6,0,0,0,-1,3,4,1,3,2,6,8,2,0,4,4,1,3,11,5,4,9,-4,0,1,1,1,1,1,3,1
KR_6766940836,440,-2,-58,-4,0,-1,2,3,-1,3,4,-1,2,3,3,4,1,0,1,1,1,-4,-2,-1,7,6,-5,0,-2,-1,-1,-1,1,3,1
KR_6766914769,420,1,2,-10,4,-1,2,3,2,2,0,1,1,0,1,3,2,1,2,1,0,10,-3,3,5,8,4,0,-1,-1,-1,-1,-1,2,1
KR_6765117056,420,2,63,1,2,1,1,0,-1,0,1,-2,0,2,5,5,0,-1,0,1,0,2,-6,0,7,7,2,0,0,-1,-1,0,-1,6,1
KR_6691611596,420,9,54,36,14,5,5,0,7,7,0,3,4,1,0,0,0,-1,0,1,0,13,9,3,3,6,1,0,3,1,1,1,1,6,1
KR_6775874453,420,4,82,4,14,0,2,2,3,6,3,4,7,3,5,5,0,2,2,0,0,16,5,-2,10,8,0,0,1,1,1,1,1,1,1
KR_6743301472,420,0,-4,-32,5,1,1,0,4,6,2,-1,0,1,0,1,1,1,1,0,0,5,-6,7,3,10,-2,0,0,-1,-1,0,1,5,1
KR_6764038830,420,0,30,29,0,-1,0,1,-2,0,2,3,3,0,1,7,6,-1,2,3,0,-1,199,-1,8,7,-2,0,0,-1,1,0,-1,5,1
KR_6697316305,420,1,42,-3,1,-2,1,3,1,2,1,1,3,2,4,5,1,-3,5,8,0,-6,21,3,4,7,0,0,1,1,-1,1,-1,3,1
KR_6771594913,420,3,42,8,13,3,6,3,4,5,1,1,5,4,3,4,1,2,2,0,0,25,0,0,3,3,4,0,2,-1,-1,1,-1,3,1
KR_6746911389,420,4,7,7,8,1,1,0,3,5,2,1,1,0,3,3,0,0,0,0,1,17,7,5,6,11,0,0,0,-1,1,0,1,4,1
KR_6683475909,420,1,-28,17,2,-1,0,1,4,4,0,-3,1,4,4,8,4,-2,0,2,0,6,0,6,4,10,3,0,-1,1,-1,-1,-1,5,1
KR_6766608277,420,2,22,12,7,0,1,1,4,6,2,-2,2,4,3,5,2,2,3,1,0,4,6,2,7,9,3,0,1,-1,1,1,1,5,1
KR_6734102927,420,3,-23,36,5,1,2,1,0,2,2,-2,0,2,5,7,2,1,2,1,0,5,7,0,7,7,2,0,3,1,-1,1,-1,4,1
KR_6775548466,420,-2,-41,-20,-2,2,2,0,2,8,6,-3,0,3,0,1,1,-3,0,3,0,3,26,3,4,7,-4,0,0,1,-1,-1,-1,3,1
KR_6776540877,420,-3,-42,11,-4,-3,0,3,-2,1,3,1,2,1,2,7,5,-2,0,2,-2,-4,-1,6,8,14,-6,0,1,1,1,1,-1,2,1
KR_6776497298,420,0,-4,10,2,-2,1,3,6,8,2,0,2,2,-1,2,3,-1,1,2,0,0,-18,3,3,6,-1,0,0,1,1,0,1,1,1
KR_6770542656,420,7,93,15,11,3,4,1,2,4,2,0,2,2,4,7,3,2,2,0,0,6,-12,4,3,7,-1,0,2,1,-1,1,-1,5,1
KR_6768923809,420,2,-33,15,9,0,2,2,1,3,2,2,4,2,4,8,4,2,2,0,0,9,8,1,3,4,-3,0,2,-1,1,1,1,2,1
KR_6737330255,420,-2,-41,-15,1,-2,0,2,2,6,4,6,7,1,-2,3,5,-3,1,4,1,0,-22,4,4,8,0,0,-1,-1,1,-1,-1,6,1
KR_6771616728,420,4,-15,14,13,3,3,0,1,4,3,5,5,0,3,4,1,1,1,0,-1,13,-21,3,4,7,-2,0,1,-1,1,1,-1,2,1
KR_6759057003,420,1,62,4,1,-7,1,8,4,5,1,0,1,1,2,2,0,2,2,0,0,10,3,0,6,6,5,0,0,1,-1,-1,-1,3,1
KR_6772472203,420,2,40,-8,9,0,1,1,7,8,1,-1,2,3,1,5,4,2,3,1,0,1,155,1,3,4,4,0,0,-1,1,1,1,3,1
KR_6759084044,420,2,53,-18,13,2,3,1,2,4,2,3,5,2,5,9,4,1,2,1,0,18,-27,8,5,13,-3,0,0,1,-1,1,1,6,1
KR_6686045916,420,2,57,30,-1,6,10,4,-1,2,3,-3,2,5,2,4,2,-5,1,6,0,-15,-6,-5,9,4,-3,0,2,-1,1,1,1,2,1
KR_6762908416,420,2,9,20,9,2,2,0,1,6,5,4,6,2,0,0,0,2,3,1,0,3,5,0,6,6,-1,0,0,-1,1,1,1,5,1
KR_6773891602,420,0,37,32,-1,0,1,1,-4,3,7,-4,1,5,4,7,3,3,3,0,2,-1,-6,-1,5,4,4,0,0,-1,-1,0,1,6,1
KR_6768803271,420,-2,-24,12,-1,-2,1,3,3,5,2,-2,1,3,2,7,5,-2,1,3,0,-2,-9,-4,5,1,-2,0,0,-1,-1,-1,-1,2,1
KR_6775940790,420,0,-43,-5,1,2,2,0,-1,1,2,1,2,1,-1,4,5,0,0,0,0,-4,4,-1,8,7,-5,0,0,1,1,0,-1,6,1
KR_6765380603,420,-1,-12,-5,6,-1,1,2,2,3,1,2,3,1,2,4,2,1,1,0,0,12,7,6,3,9,0,0,2,1,-1,1,1,2,1
KR_6773826204,420,2,77,58,-6,-2,1,3,-2,3,5,1,3,2,-1,4,5,-2,0,2,0,-9,-4,-1,5,4,4,0,1,-1,-1,1,-1,1,1
KR_6767832010,420,-3,-98,-4,-8,-8,0,8,2,2,0,1,3,2,-1,2,3,-2,0,2,0,4,3,4,4,8,-6,0,-2,-1,-1,-1,-1,2,1
KR_6742052398,440,2,-1,3,4,-1,0,1,0,2,2,1,2,1,1,1,0,3,3,0,0,6,-6,-2,6,4,5,0,0,-1,1,0,-1,6,1
KR_6772328811,420,5,53,-29,9,8,9,1,-1,2,3,3,5,2,0,3,3,-1,0,1,0,18,-3,-3,6,3,4,0,2,1,-1,1,1,3,1
KR_6772915844,420,-2,47,-16,-1,1,2,1,-1,5,6,0,3,3,-1,0,1,0,1,1,0,0,4,2,5,7,3,0,2,-1,1,1,-1,4,1
KR_6758812679,420,7,78,20,12,7,7,0,-3,1,4,0,1,1,7,8,1,1,1,0,0,10,2,0,6,6,5,0,1,1,-1,1,1,4,1
KR_6730115224,420,-2,-2,6,-6,-1,1,2,-3,2,5,0,2,2,-1,1,2,-1,0,1,0,-9,-3,2,4,6,1,0,0,-1,1,0,-1,5,1
KR_6768268141,420,1,-25,5,0,2,2,0,1,1,0,0,3,3,-2,2,4,-1,0,1,0,-3,-1,-1,5,4,0,0,-1,-1,1,-1,1,1,1
KR_6773944577,420,6,86,52,16,0,0,0,0,7,7,3,4,1,10,10,0,3,3,0,1,18,2,1,10,11,6,0,3,-1,1,1,1,5,1
KR_6773885807,440,0,50,-5,-3,0,2,2,6,8,2,-4,0,4,-6,1,7,1,3,2,0,-6,6,-1,5,4,-1,0,0,1,1,1,1,4,1
KR_6739224944,420,5,53,-4,13,3,3,0,4,5,1,5,6,1,0,2,2,1,2,1,0,7,-30,0,6,6,-4,0,1,1,1,1,1,1,1
KR_6755074836,420,-3,-29,1,-4,-2,0,2,0,2,2,2,3,1,-2,1,3,-2,0,2,1,-5,15,-2,7,5,4,0,0,1,1,-1,1,6,1
KR_6757514988,420,1,46,20,7,2,3,1,5,7,2,-2,2,4,3,6,3,-1,0,1,0,3,-2,0,4,4,-1,0,0,1,1,0,1,6,1
KR_6777671212,440,5,54,21,18,0,3,3,12,14,2,-1,0,1,7,7,0,0,0,0,0,14,-18,-3,5,2,3,0,1,1,1,1,-1,5,1
KR_6733132725,420,3,-20,11,11,0,1,1,2,4,2,3,5,2,5,6,1,1,1,0,0,8,46,1,4,5,-21,0,1,1,-1,1,1,2,1
KR_6774122855,420,4,60,-7,16,1,2,1,7,10,3,1,2,1,4,7,3,3,3,0,0,21,-4,4,0,4,0,0,1,1,-1,1,-1,4,1
KR_6688885095,420,1,17,-10,2,1,1,0,3,4,1,-1,1,2,0,3,3,-1,0,1,1,5,2,0,9,9,-6,0,1,1,-1,1,1,5,1
KR_6730630401,420,0,-16,6,8,5,5,0,4,4,0,1,1,0,0,1,1,-2,1,3,0,8,-2,6,4,10,-1,0,-3,1,-1,-1,1,4,1
KR_6702712981,420,0,6,15,1,-1,0,1,4,6,2,-1,1,2,-1,1,2,0,1,1,0,2,21,-3,9,6,-2,0,0,1,-1,0,1,2,1
KR_6772829978,420,1,11,-13,7,5,6,1,-1,3,4,1,5,4,0,3,3,2,2,0,0,11,-35,-2,7,5,5,0,1,1,1,1,1,4,1
KR_6713200395,420,2,32,-12,9,3,5,2,5,8,3,-1,2,3,2,4,2,0,1,1,0,5,-102,1,5,6,5,0,3,-1,1,1,1,2,1
KR_6772612912,420,7,117,46,11,0,0,0,3,4,1,3,4,1,4,5,1,1,1,0,0,16,10,3,5,8,2,0,2,1,1,1,1,5,1
KR_6756658481,420,3,48,16,7,3,3,0,5,9,4,-2,1,3,0,3,3,1,1,0,1,12,-6,2,5,7,4,0,0,1,1,0,1,3,1
KR_6693193200,420,5,76,20,10,0,2,2,3,5,2,1,1,0,3,3,0,3,3,0,0,10,2,0,7,7,8,0,2,-1,-1,1,1,3,1
KR_6756438918,420,1,84,-25,4,4,4,0,4,7,3,-3,1,4,-2,2,4,1,1,0,0,-3,3,-5,12,7,-5,0,1,1,1,1,1,6,1
KR_6720506100,420,0,63,-23,2,3,3,0,0,3,3,-1,1,2,0,2,2,0,0,0,1,-6,-12,-2,4,2,5,0,-1,1,1,1,1,5,1
KR_6761578317,420,-3,-39,4,-7,1,1,0,-6,4,10,-2,1,3,2,4,2,-2,2,4,-2,-9,-17,0,4,4,1,0,1,-1,1,1,-1,6,1
KR_6763053872,420,-1,1,-6,0,0,2,2,-3,0,3,0,1,1,4,5,1,-1,0,1,0,0,-5,-1,7,6,2,0,1,-1,1,1,-1,3,1
KR_6762789608,420,0,24,16,4,-4,0,4,1,5,4,0,1,1,6,9,3,1,2,1,1,4,68,-3,8,5,-3,0,0,-1,1,1,-1,6,1
KR_6771721442,420,-2,1,4,-4,-1,1,2,-2,0,2,0,1,1,-1,3,4,0,0,0,0,-4,-150,-5,12,7,12,0,-1,1,-1,-1,-1,4,1
KR_6725806429,420,8,121,106,14,6,9,3,4,4,0,-2,3,5,4,4,0,2,3,1,1,14,-146,3,0,3,0,2,7,1,1,1,1,1,1
KR_6713142786,420,2,17,22,-1,1,7,6,-4,0,4,2,2,0,1,2,1,-1,0,1,0,-8,38,2,8,10,-5,0,3,1,1,1,-1,6,1
KR_6745045423,420,4,29,-5,9,3,3,0,0,2,2,2,4,2,4,4,0,0,0,0,0,3,3,5,4,9,-3,0,0,1,1,1,1,5,1
KR_6776330348,440,-1,-43,27,3,2,4,2,0,2,2,-2,1,3,1,2,1,2,3,1,0,2,12,-1,8,7,1,0,0,1,1,0,1,3,1
KR_6705133512,420,3,24,-14,14,1,1,0,3,7,4,3,5,2,3,4,1,4,5,1,1,20,-7,-2,7,5,5,0,1,1,-1,1,1,5,1
KR_6685243788,420,0,14,-24,-5,1,2,1,-3,1,4,-1,1,2,-3,3,6,1,1,0,-1,-6,-26,-3,6,3,4,0,1,1,-1,1,-1,6,1
KR_6774309834,420,1,30,-23,3,2,3,1,1,5,4,-4,0,4,4,5,1,0,2,2,1,5,-19,5,2,7,-5,0,0,0,1,1,1,0,1
KR_6737397240,420,2,26,-8,9,4,6,2,0,4,4,1,3,2,4,6,2,0,1,1,1,7,-35,4,2,6,3,0,0,-1,-1,1,1,5,1
KR_6775207314,420,4,1,7,11,4,4,0,2,3,1,1,4,3,3,4,1,1,1,0,0,6,236,1,6,7,28,0,0,1,1,0,1,3,1
KR_6776844868,420,2,47,0,7,0,1,1,2,4,2,1,3,2,4,5,1,0,2,2,0,12,9,3,5,8,-7,0,0,1,-1,1,1,5,1
KR_6746334482,420,-3,6,-8,-12,3,3,0,-2,2,4,-3,0,3,-9,1,10,-1,0,1,0,-21,-1,-6,10,4,-1,0,1,-1,1,1,1,6,1
KR_6706714443,420,5,25,28,6,1,1,0,1,1,0,4,4,0,2,2,0,-2,0,2,0,8,-11,-2,7,5,4,0,1,1,1,1,-1,6,1
KR_6776056485,420,7,49,24,11,3,3,0,-1,2,3,9,10,1,0,2,2,0,1,1,0,8,53,1,6,7,-18,0,2,1,1,1,-1,2,1
KR_6745277145,420,-1,-16,17,-4,0,0,0,1,3,2,-3,3,6,-2,3,5,0,0,0,0,-6,-10,-6,10,4,-1,0,-1,-1,-1,-1,1,1,1
KR_6750857556,440,2,-11,-10,0,3,4,1,-1,5,6,0,3,3,-4,2,6,2,3,1,0,-3,8,1,6,7,-2,0,0,-1,-1,0,-1,3,1
KR_6744179496,420,4,88,39,5,3,4,1,2,3,1,0,3,3,0,3,3,0,1,1,0,9,41,-3,8,5,-22,1,4,1,0,1,-1,1,1
KR_6761917477,420,5,39,38,10,3,3,0,1,5,4,4,6,2,2,4,2,0,0,0,0,5,22,5,4,9,1,0,2,1,1,1,-1,6,1
KR_6706776418,420,7,51,-8,13,7,7,0,2,4,2,-1,2,3,-3,1,4,8,8,0,0,7,-109,1,5,6,2,0,1,-1,1,1,1,4,1
KR_6769849648,420,5,68,24,7,0,1,1,-2,2,4,7,8,1,2,4,2,0,0,0,0,1,34,-3,8,5,1,0,2,1,1,1,1,5,1
KR_6774961759,420,1,35,11,3,3,3,0,-1,0,1,0,5,5,0,4,4,1,1,0,0,3,-14,-4,12,8,10,0,-1,1,1,-1,1,5,1
KR_6774670851,420,3,29,-23,8,3,3,0,0,2,2,0,1,1,3,6,3,2,2,0,0,8,-1,0,9,9,2,0,1,1,1,1,1,2,1
KR_6774923055,420,0,-7,8,7,4,6,2,0,5,5,1,2,1,0,3,3,2,2,0,0,7,-7,-3,8,5,4,0,-1,-1,1,-1,-1,2,1
KR_6763742507,420,10,201,80,15,2,2,0,11,11,0,-1,0,1,3,6,3,0,1,1,0,14,-52,10,2,12,-1,1,5,-1,1,1,1,1,1
KR_6671425094,420,2,5,9,-2,3,6,3,-3,5,8,-3,1,4,1,2,1,0,0,0,0,-3,-8,0,7,7,-5,0,0,1,1,1,-1,2,1
KR_6776503115,420,0,36,-3,-2,-2,5,7,6,6,0,2,5,3,0,3,3,-8,1,9,0,-6,-6,5,4,9,3,0,0,-1,-1,1,1,2,1
KR_6776663477,420,2,-2,29,9,-1,1,2,-2,4,6,11,11,0,2,5,3,-1,0,1,0,13,1,2,7,9,6,0,-1,1,-1,-1,-1,4,1
KR_6707638600,420,5,36,24,8,1,2,1,1,4,3,3,4,1,6,7,1,-3,0,3,0,12,-6,5,5,10,4,0,2,-1,1,1,1,2,1
KR_6776534411,420,-1,-34,34,-1,0,3,3,2,6,4,3,4,1,-7,0,7,1,1,0,0,-8,-4,0,10,10,1,0,0,1,1,0,1,4,1
KR_6746199559,420,2,45,-28,4,5,6,1,2,6,4,-1,1,2,-1,0,1,-1,1,2,0,-8,226,1,6,7,2,0,3,1,1,1,-1,1,1
KR_6774434876,420,-1,15,12,-5,2,4,2,-5,1,6,-4,1,5,1,1,0,1,2,1,0,1,4,3,0,3,0,0,-2,-1,-1,-1,1,2,1
KR_6776719550,420,0,38,0,10,2,3,1,1,1,0,4,6,2,3,6,3,0,1,1,1,14,14,10,0,10,0,0,1,1,1,1,1,2,1
KR_6620366102,420,1,24,6,4,2,3,1,-3,3,6,4,5,1,5,5,0,-4,0,4,0,-2,-114,-2,5,3,-5,0,1,1,1,1,1,3,1
KR_6777494330,420,2,30,-15,8,1,1,0,6,9,3,2,2,0,-1,2,3,0,0,0,0,2,-3,3,3,6,-4,0,-1,1,-1,-1,1,5,1
KR_6772651562,420,-2,-6,-4,5,-1,2,3,1,3,2,1,4,3,4,5,1,0,1,1,-1,13,154,2,2,4,-3,0,-1,1,-1,-1,-1,5,1
KR_6737412357,420,1,57,-8,4,2,3,1,-2,2,4,1,6,5,3,6,3,0,4,4,0,0,-7,-5,9,4,8,0,2,1,1,1,1,1,1
KR_6761326362,420,-1,-4,-17,-1,-2,0,2,3,5,2,-4,1,5,3,4,1,-1,2,3,0,7,13,1,2,3,-1,0,0,0,-1,0,1,0,1
KR_6769198748,440,1,33,32,8,-3,0,3,1,2,1,5,9,4,5,6,1,0,1,1,0,-1,-5,-1,7,6,-1,0,1,1,1,1,1,1,1
KR_6768007426,420,0,-2,3,-5,1,4,3,-1,2,3,-2,0,2,-4,2,6,1,1,0,-1,-12,1,1,5,6,0,0,0,-1,1,1,-1,1,1
KR_6775208475,420,-6,-55,-30,-8,-4,0,4,-5,2,7,0,2,2,3,5,2,-2,0,2,0,-7,-3,1,2,3,-1,0,-1,-1,1,-1,-1,5,1
KR_6771148937,420,1,33,-4,3,0,1,1,-1,1,2,3,5,2,2,3,1,-1,3,4,0,2,84,1,5,6,-4,0,1,1,-1,1,1,6,1
KR_6723191468,420,1,41,-29,8,-1,1,2,4,8,4,0,4,4,4,4,0,1,1,0,0,9,-17,3,2,5,3,0,0,0,-1,0,1,0,1
KR_6773912766,420,2,-38,10,9,2,4,2,-1,0,1,4,4,0,4,5,1,0,0,0,0,12,2,5,3,8,-2,0,0,-1,1,-1,1,3,1
KR_6734764078,420,0,-7,-23,0,3,5,2,0,2,2,-2,2,4,-2,1,3,1,1,0,0,-3,32,-5,9,4,-1,0,0,-1,1,1,1,2,1
KR_6770356846,440,1,13,-2,8,1,6,5,1,4,3,5,7,2,-5,1,6,6,7,1,0,3,4,3,4,7,-1,0,3,1,1,1,1,3,1
KR_6734967747,420,5,9,3,3,-1,1,2,1,3,2,5,5,0,-2,2,4,0,4,4,-1,-1,-1,-5,11,6,0,0,1,1,-1,1,-1,1,1
KR_6739700230,440,5,-12,47,13,-1,0,1,-2,2,4,9,10,1,5,7,2,2,3,1,0,17,-16,8,2,10,2,0,1,1,1,1,1,3,1
KR_6636252930,420,1,-23,39,3,1,2,1,2,4,2,-1,1,2,0,4,4,1,2,1,0,11,-1,1,4,5,3,0,0,1,1,-1,1,3,1
KR_6776992139,420,2,-9,13,5,2,3,1,-1,2,3,-1,2,3,3,5,2,2,2,0,0,7,11,1,3,4,-7,0,-1,0,1,-1,-1,0,1
KR_6776914185,420,-2,43,-21,-1,-2,2,4,0,1,1,1,2,1,2,2,0,-2,0,2,0,0,4,-1,6,5,2,0,-1,-1,1,-1,-1,4,1
KR_6772428246,420,4,42,58,3,-1,0,1,1,3,2,-4,1,5,-1,3,4,8,8,0,1,-3,3,-2,8,6,2,0,2,1,1,1,1,1,1
KR_6769299539,420,-1,3,-29,5,1,1,0,2,3,1,2,5,3,1,3,2,-1,1,2,0,5,-2,4,4,8,-1,0,0,-1,1,0,1,2,1
KR_6777471497,420,0,2,8,1,0,3,3,1,1,0,0,1,1,0,3,3,0,1,1,0,6,7,0,3,3,-7,0,0,-1,1,1,1,3,1
KR_6777322505,420,2,0,19,0,1,2,1,0,3,3,3,5,2,-2,2,4,-2,0,2,0,-3,-6,-2,6,4,2,0,0,1,-1,1,1,3,1
KR_6696190692,420,1,37,-2,-2,0,0,0,-3,0,3,-1,0,1,3,8,5,-1,1,2,-3,-10,3,0,9,9,-1,0,0,-1,-1,-1,-1,4,1
KR_6772515154,420,1,24,12,3,2,3,1,3,4,1,0,3,3,1,4,3,-3,2,5,0,4,6,2,6,8,6,0,0,1,1,1,-1,5,1
KR_6772714631,420,1,0,-16,8,-2,1,3,2,5,3,3,5,2,3,4,1,2,3,1,0,10,238,-3,7,4,4,0,1,1,-1,-1,1,1,1
KR_6662312286,420,4,51,36,10,2,2,0,4,5,1,1,2,1,2,5,3,1,1,0,0,13,15,0,9,9,6,0,1,1,1,1,1,5,1
KR_6777026503,420,1,-6,21,5,0,1,1,2,8,6,0,0,0,4,4,0,-1,0,1,0,9,1,2,4,6,3,0,0,-1,-1,0,-1,2,1
KR_6774532689,420,6,28,73,15,3,4,1,8,8,0,3,5,2,-1,2,3,2,2,0,0,16,11,2,5,7,6,0,2,1,1,1,1,6,1
KR_6740262735,420,0,3,1,-2,1,2,1,3,5,2,-2,1,3,-3,1,4,-1,1,2,0,2,8,-2,8,6,0,0,0,-1,1,0,-1,2,1
KR_6769566543,420,1,25,0,-4,-1,2,3,-5,2,7,-2,0,2,2,5,3,2,3,1,0,-6,-8,-2,8,6,3,0,0,1,-1,1,1,1,1
KR_6768631549,420,10,138,30,16,5,8,3,1,3,2,4,4,0,6,7,1,0,1,1,0,4,-1,4,5,9,1,0,3,1,1,1,1,5,1
KR_6768011724,420,-1,-16,-2,-4,1,1,0,-4,0,4,-2,1,3,1,2,1,0,0,0,-1,-14,-7,-2,7,5,2,0,1,-1,1,1,-1,6,1
KR_6744228144,420,5,-3,7,12,0,3,3,-3,2,5,2,5,3,12,16,4,1,1,0,0,6,-1,0,6,6,4,0,1,1,-1,-1,-1,5,1
KR_6771872586,420,0,-3,9,-1,5,6,1,1,6,5,-3,0,3,-5,1,6,1,1,0,0,-8,2,-3,8,5,2,0,0,1,1,1,-1,3,1
KR_6771816583,440,2,27,-39,3,-1,1,2,-2,1,3,-1,2,3,3,8,5,4,4,0,0,7,25,2,4,6,-5,0,1,0,-1,1,-1,0,1
KR_6776023151,420,6,-45,3,10,0,1,1,0,4,4,4,5,1,6,6,0,0,0,0,0,9,6,2,2,4,1,0,1,-1,1,1,1,3,1
KR_6754873927,420,3,33,1,2,1,1,0,-2,1,3,8,9,1,0,3,3,-5,0,5,-2,4,-46,6,3,9,-6,0,0,1,1,0,-1,3,1
KR_6727778669,420,5,59,71,11,1,2,1,3,4,1,4,5,1,1,3,2,2,4,2,-2,4,36,-1,8,7,4,0,1,1,1,1,-1,1,1
KR_6769593209,420,3,18,20,4,1,2,1,1,1,0,1,2,1,2,5,3,-1,0,1,0,2,-1,0,6,6,-1,0,1,1,1,1,-1,1,1
KR_6711299487,420,3,29,39,5,-3,1,4,6,6,0,2,6,4,2,4,2,-2,0,2,0,8,15,5,6,11,-3,0,1,1,1,1,1,2,1
KR_6756987068,420,-1,-23,18,1,-1,1,2,-2,3,5,3,4,1,2,3,1,-1,1,2,-1,3,-11,4,2,6,1,0,1,1,1,1,-1,2,1
KR_6773795507,420,1,21,10,9,1,2,1,1,1,0,3,3,0,4,4,0,0,1,1,0,9,-1,2,7,9,5,0,1,1,-1,-1,-1,4,1
KR_6773998534,420,2,12,13,7,-2,1,3,1,5,4,0,2,2,5,6,1,3,3,0,1,11,14,4,4,8,6,0,1,1,1,1,-1,6,1
KR_6768766269,440,1,33,3,5,10,10,0,-2,2,4,3,4,1,-1,1,2,-5,0,5,0,5,5,-1,4,3,3,0,-1,-1,1,-1,1,1,1
KR_6777786913,420,-3,26,-16,0,1,3,2,-3,0,3,-1,1,2,2,4,2,1,3,2,0,-2,-1,-1,4,3,1,0,0,-1,1,1,-1,3,1
KR_6771439448,420,4,14,-4,14,2,5,3,4,5,1,3,4,1,4,5,1,1,2,1,0,21,1,-2,9,7,-5,0,-2,1,-1,-1,1,4,1
KR_6774130229,420,2,39,-17,12,0,0,0,3,3,0,6,7,1,2,2,0,1,2,1,0,22,-45,-5,8,3,8,0,0,1,-1,-1,1,4,1
KR_6775364121,420,-2,-10,-28,0,1,2,1,3,6,3,-1,2,3,-3,4,7,0,1,1,1,-7,-9,-8,10,2,6,0,0,1,-1,0,1,3,1
KR_6678237131,420,0,17,-1,0,-3,2,5,1,1,0,1,2,1,1,2,1,0,0,0,0,5,-1,4,1,5,2,0,1,1,1,1,-1,1,1
KR_6772084467,420,7,62,35,7,2,3,1,1,4,3,4,7,3,-1,3,4,1,1,0,-1,2,-15,1,6,7,-2,0,0,1,1,1,-1,2,1
KR_6756975824,440,2,48,26,-2,-1,3,4,-3,0,3,5,5,0,0,2,2,-3,5,8,0,-5,-3,0,4,4,-1,0,0,1,-1,-1,1,3,1
KR_6766234400,420,3,-96,-15,4,2,2,0,1,2,1,-3,2,5,4,4,0,0,0,0,0,16,7,0,4,4,-7,0,-1,1,-1,-1,1,4,1
KR_6773201426,420,3,62,-2,7,-1,0,1,4,11,7,3,4,1,0,2,2,1,1,0,-1,10,-128,4,3,7,-5,0,1,-1,-1,1,-1,2,1
KR_6771962687,420,4,82,5,4,1,1,0,4,5,1,-4,0,4,0,2,2,3,3,0,0,5,-12,-5,9,4,7,0,2,1,1,1,-1,1,1
KR_6772801576,420,2,77,24,6,2,2,0,0,3,3,3,5,2,1,2,1,0,2,2,0,11,-3,-2,7,5,6,0,2,1,1,1,-1,3,1
KR_6753535859,420,3,17,-5,0,1,1,0,0,3,3,-2,1,3,0,3,3,1,1,0,0,1,-87,-3,7,4,1,0,0,-1,1,0,1,4,1
KR_6706656920,420,4,16,79,9,2,3,1,2,4,2,0,3,3,4,6,2,1,1,0,0,21,0,-3,9,6,4,0,2,1,1,1,1,1,1
KR_6768048386,420,0,39,-29,3,2,2,0,1,2,1,3,4,1,-3,2,5,0,0,0,0,5,8,4,3,7,-3,0,0,-1,1,0,1,6,1
KR_6710063185,420,9,80,22,16,5,6,1,4,5,1,5,5,0,2,3,1,0,0,0,-1,13,-3,5,6,11,7,0,3,1,1,1,-1,1,1
KR_6777490299,420,-1,-5,-6,3,2,3,1,1,5,4,-1,3,4,1,2,1,0,1,1,0,0,0,-1,5,4,1,0,0,1,1,1,-1,1,1
KR_6769908281,420,3,51,12,4,0,0,0,2,2,0,0,0,0,1,3,2,1,2,1,0,6,-26,3,4,7,0,0,0,-1,1,0,1,5,1
KR_6776402959,440,4,59,27,9,-1,1,2,4,4,0,5,6,1,0,0,0,1,2,1,0,12,8,8,3,11,-4,0,1,1,1,1,1,6,1
KR_6777585996,420,0,5,35,10,1,2,1,-1,0,1,7,8,1,1,5,4,2,3,1,0,21,1,-3,7,4,0,0,2,-1,1,1,1,1,1
KR_6768451557,420,3,33,-8,8,1,2,1,0,0,0,1,4,3,-3,0,3,9,11,2,0,12,29,0,6,6,2,0,1,1,-1,1,1,3,1
KR_6774789289,420,3,21,3,8,1,1,0,5,5,0,2,5,3,1,1,0,-1,0,1,0,10,-11,-4,8,4,8,0,0,-1,-1,-1,-1,1,1
KR_6774875302,420,2,9,0,1,4,5,1,-3,1,4,-2,1,3,1,2,1,1,2,1,-1,1,0,1,6,7,1,0,2,1,-1,1,-1,4,1
KR_6777072342,420,7,78,9,15,1,2,1,6,7,1,2,4,2,4,5,1,2,2,0,1,18,3,4,6,10,1,0,0,1,-1,1,1,2,1
KR_6764557633,420,1,-22,6,1,-3,0,3,1,5,4,-1,4,5,4,4,0,0,0,0,-1,17,29,4,5,9,-5,0,-2,-1,-1,-1,-1,5,1
KR_6725401184,420,6,95,8,18,7,8,1,3,4,1,4,8,4,2,6,4,2,3,1,0,6,-7,3,5,8,-1,0,3,-1,1,1,1,3,1
KR_6699766926,420,-3,11,-8,-2,-1,1,2,0,3,3,-1,2,3,0,2,2,0,0,0,0,0,116,1,5,6,-4,0,-1,1,-1,-1,1,2,1
KR_6761638556,420,0,-2,9,2,1,1,0,2,2,0,-3,6,9,0,1,1,2,2,0,0,-2,7,-8,12,4,1,0,0,1,1,0,1,4,1
KR_6747087480,420,4,33,-11,9,5,6,1,3,6,3,-2,2,4,2,2,0,1,1,0,0,12,-4,5,4,9,-1,0,1,1,1,1,-1,2,1
KR_6774096902,420,2,-38,13,5,2,2,0,0,3,3,-1,1,2,0,4,4,4,4,0,-1,1,-1,0,4,4,2,0,2,-1,1,1,-1,4,1
KR_6662887078,420,1,32,0,3,2,2,0,-2,4,6,3,4,1,-2,3,5,2,3,1,0,5,-8,-1,9,8,7,0,1,-1,1,1,1,3,1
KR_6746688429,420,-4,16,26,-12,-1,0,1,-5,1,6,-3,1,4,-3,1,4,0,0,0,0,-20,5,1,3,4,-3,0,0,-1,1,0,1,3,1
KR_6767842635,420,-1,-9,-1,-5,-2,3,5,2,6,4,0,2,2,-7,3,10,2,3,1,0,0,14,2,5,7,-2,0,0,-1,1,1,-1,6,1
KR_6763513236,420,0,39,-4,1,-1,1,2,-4,1,5,-2,0,2,9,9,0,-1,0,1,0,5,-33,-1,9,8,3,0,1,1,1,1,-1,6,1
KR_6756512159,420,2,26,-20,-2,-1,1,2,-1,6,7,-1,4,5,-1,2,3,2,2,0,0,1,-14,2,5,7,-2,0,-1,1,1,1,-1,2,1
KR_6776394330,420,-1,63,-5,-2,1,3,2,1,3,2,-3,2,5,-1,1,2,0,0,0,1,-6,-5,-6,11,5,-1,0,1,-1,1,1,1,5,1
KR_6776649039,420,1,22,1,-1,1,2,1,0,6,6,-3,1,4,0,3,3,1,1,0,0,-3,-4,-4,8,4,2,0,-1,-1,1,-1,-1,2,1
KR_6773555292,440,2,30,7,7,2,2,0,-2,0,2,2,3,1,0,1,1,5,7,2,0,12,-6,-2,8,6,-1,0,0,1,-1,0,1,1,1
KR_6768746805,420,3,51,-17,9,3,4,1,3,4,1,-2,2,4,3,4,1,2,3,1,0,2,14,3,5,8,-2,0,0,1,1,0,1,3,1
KR_6692929484,420,3,17,-3,9,2,3,1,-2,2,4,4,5,1,5,6,1,0,1,1,2,8,10,0,8,8,1,0,1,1,-1,1,1,1,1
KR_6774853163,420,5,34,36,12,-2,1,3,7,8,1,12,13,1,-5,3,8,0,0,0,0,21,3,-4,8,4,-2,0,1,1,1,1,1,5,1
KR_6771134636,420,4,68,37,-3,-3,0,3,1,3,2,1,2,1,-3,0,3,1,3,2,0,-5,2,2,8,10,-1,0,-1,1,1,1,1,6,1
KR_6777785196,420,-1,32,-28,-6,-3,0,3,-7,2,9,-1,1,2,5,6,1,0,0,0,0,-6,-3,-9,13,4,-19,0,1,1,-1,1,1,2,1
KR_6758134407,420,0,-6,5,-4,-3,0,3,0,1,1,-2,2,4,0,2,2,1,1,0,0,-1,-13,-3,5,2,6,0,-1,-1,-1,-1,-1,1,1
KR_6739696643,420,5,105,-7,17,9,10,1,1,2,1,3,5,2,4,5,1,0,2,2,0,11,14,5,4,9,0,0,3,1,1,1,1,2,1
KR_6767572430,420,6,89,30,16,3,6,3,4,6,2,0,2,2,5,10,5,4,4,0,-1,11,42,5,5,10,4,0,3,-1,1,1,-1,5,1
KR_6771574565,420,2,106,-16,7,2,4,2,2,4,2,2,2,0,-2,3,5,3,4,1,0,6,-4,6,2,8,0,0,2,1,-1,1,-1,2,1
KR_6771535367,420,-2,-36,-16,-1,-1,2,3,5,7,2,-4,2,6,1,2,1,-2,0,2,0,0,8,-2,7,5,-3,0,1,-1,-1,1,1,5,1
KR_6767579579,420,-1,-7,-5,5,-1,0,1,3,4,1,-1,2,3,4,5,1,0,1,1,0,14,15,3,5,8,5,0,0,-1,1,0,1,6,1
KR_6745249531,420,2,7,12,4,0,3,3,4,5,1,2,2,0,-2,1,3,0,0,0,0,0,-4,1,7,8,3,0,1,1,1,1,-1,3,1
KR_6774314320,420,1,11,-22,5,4,5,1,2,2,0,1,2,1,1,2,1,-3,2,5,0,12,5,7,3,10,3,0,0,-1,1,0,1,6,1
KR_6711181914,420,8,98,31,10,2,2,0,-1,1,2,5,5,0,5,5,0,-1,0,1,1,12,18,5,0,5,-1,0,2,1,1,1,1,6,1
KR_6733979770,420,3,74,-15,7,-1,1,2,1,1,0,2,5,3,5,8,3,0,1,1,-1,11,6,7,1,8,-2,0,2,1,1,1,-1,1,1
KR_6749846486,420,3,15,2,11,3,3,0,6,6,0,-2,4,6,3,5,2,1,2,1,0,15,12,3,5,8,1,0,2,1,1,1,-1,4,1
KR_6711140390,420,2,19,5,8,-2,2,4,4,6,2,4,4,0,4,5,1,-2,0,2,0,3,0,3,5,8,-5,0,1,-1,1,1,1,2,1
KR_6770425438,420,6,51,13,11,2,3,1,4,6,2,2,4,2,5,7,2,-2,1,3,0,17,14,1,7,8,6,0,1,1,-1,1,1,6,1
KR_6652699109,420,3,39,-4,9,3,3,0,3,7,4,3,5,2,-1,1,2,1,1,0,0,7,17,0,5,5,-1,0,0,-1,1,-1,1,5,1
KR_6763604430,420,1,-21,45,2,2,3,1,-1,1,2,3,4,1,-2,2,4,0,1,1,0,-7,35,0,6,6,-3,0,1,-1,1,1,1,5,1
KR_6762722435,420,-1,-28,-11,-2,1,1,0,-2,0,2,3,7,4,-1,1,2,-3,0,3,0,-6,135,1,7,8,-6,0,-2,1,-1,-1,-1,6,1
KR_6709674473,420,4,86,16,3,1,3,2,0,2,2,2,2,0,3,4,1,-3,0,3,0,-2,-15,-1,6,5,2,0,0,1,-1,-1,-1,2,1
KR_6773096693,420,2,17,0,9,-2,1,3,4,4,0,7,10,3,0,0,0,0,0,0,0,9,2,2,3,5,-1,0,0,-1,1,1,1,1,1
KR_6774277240,420,-1,-3,8,0,6,6,0,0,3,3,0,0,0,-4,3,7,-2,1,3,1,-6,-114,1,8,9,-2,0,0,-1,1,1,1,5,1
KR_6761149001,420,-1,-6,9,-5,1,1,0,0,1,1,-4,2,6,-1,0,1,-1,1,2,0,-10,-2,-1,5,4,-2,0,0,0,1,0,-1,0,1
KR_6750770583,440,-2,-12,16,-3,3,5,2,4,5,1,-5,2,7,-1,3,4,-4,0,4,0,-3,-11,8,5,13,-1,0,0,-1,1,1,-1,3,1
KR_6744205025,420,5,-12,20,13,0,2,2,8,10,2,5,6,1,0,1,1,0,0,0,1,13,-15,7,5,12,3,0,2,1,1,1,1,5,1
KR_6770818612,420,-1,-17,-10,-7,2,2,0,-2,3,5,-7,1,8,2,4,2,-2,0,2,-1,-19,-26,7,4,11,-1,0,0,-1,-1,0,-1,4,1
KR_6771045755,420,4,8,1,13,5,5,0,0,1,1,3,3,0,-1,2,3,6,6,0,0,12,3,4,2,6,1,0,1,1,1,1,1,5,1
KR_6772500631,420,-3,-13,-5,-5,1,3,2,-1,3,4,1,4,3,2,2,0,-8,0,8,0,-7,-6,1,7,8,5,0,0,1,-1,0,1,3,1
KR_6768390337,420,4,39,-1,11,-1,2,3,3,8,5,5,6,1,3,7,4,1,2,1,0,11,-231,7,1,8,-3,0,2,0,-1,1,-1,0,1
KR_6668343247,420,0,22,-20,1,-1,0,1,-5,1,6,-3,0,3,10,11,1,0,1,1,-1,1,-119,2,6,8,-6,0,3,1,-1,1,-1,1,1
KR_6728323168,420,5,60,14,7,4,5,1,4,10,6,-1,1,2,0,2,2,0,2,2,0,5,-18,0,6,6,3,0,1,0,1,1,-1,0,1
KR_6774140654,420,3,24,59,9,2,2,0,4,7,3,-1,1,2,4,4,0,0,0,0,0,15,10,0,5,5,3,0,2,1,-1,1,1,4,1
KR_6776134325,420,3,-23,20,4,1,1,0,0,1,1,3,3,0,3,6,3,-3,2,5,-2,-2,-10,0,7,7,10,0,1,1,1,1,-1,3,1
KR_6725160550,420,-3,17,-11,-3,1,2,1,-2,2,4,-2,0,2,0,1,1,0,0,0,0,0,0,-2,8,6,-2,0,-2,1,-1,-1,1,1,1
KR_6773137016,420,0,23,0,-6,0,3,3,-2,5,7,-3,4,7,-2,2,4,1,3,2,0,-1,-233,-1,4,3,-2,0,0,-1,0,0,1,5,1
KR_6730650833,420,-1,0,7,0,2,2,0,0,2,2,-2,1,3,0,2,2,0,1,1,0,-1,-23,3,4,7,-8,0,0,-1,1,0,-1,4,1
KR_6771468254,420,2,-23,-4,6,-4,0,4,2,2,0,-1,2,3,4,6,2,5,5,0,0,13,128,1,5,6,-1,0,1,1,1,1,1,1,1
KR_6772499659,420,0,-6,0,0,0,3,3,-3,0,3,-3,2,5,4,5,1,2,3,1,0,9,-4,-2,6,4,6,0,0,1,1,0,-1,1,1
KR_6718987789,420,0,57,9,-2,-2,0,2,-1,2,3,2,3,1,1,1,0,-2,2,4,0,6,-54,4,4,8,-2,0,0,0,-1,0,-1,0,1
KR_6699952460,420,3,2,20,6,3,3,0,-1,2,3,0,2,2,3,4,1,1,2,1,0,0,73,4,7,11,-2,0,1,1,1,1,1,4,1
KR_6776391729,440,2,-23,6,8,3,4,1,-1,1,2,-1,0,1,4,5,1,3,3,0,0,3,-6,-2,10,8,2,0,0,1,1,0,1,1,1
KR_6765012146,420,3,70,0,10,-1,1,2,-1,1,2,4,4,0,6,7,1,2,2,0,0,7,-2,-1,8,7,3,0,0,-1,1,1,1,4,1
KR_6766291420,420,-1,-19,-21,2,1,2,1,7,8,1,-2,1,3,-4,1,5,0,0,0,0,2,8,0,5,5,2,0,-1,1,-1,-1,1,1,1
KR_6772564874,420,0,-80,16,5,5,5,0,-5,1,6,3,3,0,2,2,0,0,1,1,0,5,8,4,5,9,-2,0,1,1,1,1,1,1,1
KR_6776579435,420,1,61,15,1,-4,2,6,0,2,2,-1,1,2,6,8,2,0,2,2,3,7,-5,0,5,5,-3,0,1,1,-1,1,1,6,1
KR_6770707792,420,0,24,12,-5,5,5,0,-3,1,4,-5,1,6,-2,3,5,0,1,1,0,-15,-44,-3,9,6,3,0,-1,-1,-1,-1,1,5,1
KR_6750252170,420,1,32,20,-1,-4,1,5,0,2,2,1,4,3,0,2,2,2,2,0,0,0,2,6,3,9,-6,0,0,1,-1,-1,-1,1,1
KR_6774718849,420,4,-62,22,10,5,5,0,4,5,1,4,5,1,-1,2,3,-2,0,2,0,16,1,2,4,6,-2,0,-1,1,-1,-1,1,4,1
KR_6739470728,420,2,-4,38,7,-1,1,2,-1,1,2,1,1,0,2,3,1,6,7,1,0,9,2,-2,7,5,2,0,0,1,-1,1,1,3,1
KR_6731519871,420,4,29,9,13,0,2,2,1,3,2,8,8,0,2,3,1,2,2,0,0,13,-1,0,5,5,2,0,2,1,1,1,-1,6,1
KR_6735190869,420,2,1,1,2,-1,0,1,1,3,2,2,2,0,-3,1,4,3,3,0,-1,9,5,7,6,13,-10,0,0,-1,1,0,-1,3,1
KR_6774779448,420,3,9,20,7,0,2,2,-1,1,2,3,5,2,5,6,1,0,0,0,0,6,-90,1,3,4,-1,0,-1,1,1,-1,1,4,1
KR_6776524181,420,1,9,17,0,0,3,3,1,2,1,-2,1,3,3,4,1,-2,0,2,0,10,-307,5,3,8,1,0,-2,-1,-1,-1,-1,4,1
KR_6764643887,440,4,105,32,11,-1,0,1,8,9,1,0,2,2,4,5,1,0,1,1,0,1,-31,2,0,2,-1,0,3,0,1,1,1,0,1
KR_6773718923,420,4,67,31,13,0,1,1,1,2,1,4,4,0,6,7,1,2,3,1,0,13,21,4,2,6,4,0,1,1,-1,1,1,4,1
KR_6769090500,440,1,8,36,6,-1,1,2,2,3,1,0,1,1,3,4,1,2,2,0,0,7,1,1,2,3,2,0,0,1,1,0,-1,2,1
KR_6732329431,420,-1,-59,-2,-6,3,3,0,-2,0,2,-5,0,5,1,3,2,-3,0,3,0,-1,20,-1,9,8,-3,0,0,-1,1,-1,-1,3,1
KR_6768446788,420,0,12,-24,10,4,5,1,2,3,1,0,0,0,3,6,3,1,1,0,0,7,-5,-1,7,6,-7,0,-1,1,-1,-1,1,4,1
KR_6761719922,420,2,-24,27,2,-1,2,3,2,5,3,1,2,1,0,2,2,0,0,0,0,0,-14,-1,7,6,29,0,0,1,1,0,1,1,1
KR_6757142463,420,7,61,14,16,5,5,0,2,5,3,1,3,2,8,9,1,0,1,1,0,23,7,-1,6,5,-7,0,2,1,1,1,-1,1,1
KR_6721096014,420,5,90,9,10,-1,2,3,-1,3,4,-2,1,3,12,12,0,2,2,0,1,3,5,2,6,8,-3,0,2,-1,-1,1,1,4,1
KR_6722319801,420,3,8,-4,4,0,3,3,-1,6,7,3,5,2,5,12,7,-3,0,3,0,1,-7,0,3,3,-1,0,1,-1,1,1,-1,5,1
KR_6777767124,420,3,34,24,3,4,6,2,0,2,2,2,4,2,-3,1,4,0,1,1,0,-6,16,-2,8,6,0,0,1,-1,1,1,1,2,1
KR_6777726873,420,3,21,29,5,-2,0,2,-1,4,5,-1,1,2,6,10,4,3,4,1,3,18,3,2,4,6,4,0,0,1,1,1,1,2,1
KR_6774446251,440,-1,28,5,-6,0,2,2,-2,1,3,-4,2,6,0,3,3,0,1,1,0,-4,2,-3,6,3,4,0,0,1,1,0,-1,5,1
KR_6745314278,420,2,34,21,4,2,4,2,5,7,2,-3,0,3,0,4,4,0,0,0,0,1,11,4,5,9,-2,0,2,1,-1,1,1,4,1
KR_6693184023,420,-1,6,15,2,1,1,0,0,1,1,1,3,2,0,1,1,0,0,0,0,11,2,2,6,8,2,0,0,1,1,0,1,4,1
KR_6775415866,420,0,-25,39,1,3,3,0,0,3,3,-2,2,4,-1,2,3,1,1,0,1,0,10,4,2,6,1,0,3,-1,1,1,1,2,1
KR_6775034080,420,2,12,-1,2,4,5,1,2,4,2,-6,0,6,0,4,4,2,2,0,0,-3,108,1,4,5,4,0,0,1,1,1,-1,4,1
KR_6771078866,420,1,35,8,6,0,1,1,6,7,1,3,5,2,-2,3,5,-1,1,2,0,-1,47,4,3,7,-3,0,1,0,1,1,1,0,1
KR_6620391515,420,3,68,0,8,0,2,2,3,4,1,1,2,1,4,6,2,0,1,1,1,16,3,4,5,9,2,0,2,1,1,1,1,3,1
KR_6746808988,420,-2,-21,-21,-5,1,3,2,-3,4,7,-2,1,3,-1,0,1,0,0,0,-2,-5,113,5,7,12,2,0,0,-1,1,0,-1,5,1
KR_6735940102,420,3,86,12,10,1,3,2,-2,1,3,3,4,1,11,12,1,-3,0,3,4,15,2,3,5,8,-1,0,3,1,1,1,1,5,1
KR_6759559904,420,4,54,2,10,1,1,0,1,2,1,2,4,2,5,6,1,1,1,0,0,11,5,6,3,9,-4,0,1,1,1,1,1,1,1
KR_6761730048,420,-1,-78,23,-5,0,3,3,-2,1,3,3,6,3,-6,3,9,0,0,0,-1,-8,5,-2,7,5,-6,0,-1,-1,1,1,-1,6,1
KR_6729455545,420,0,-22,24,4,-1,3,4,-1,3,4,-4,1,5,10,10,0,0,2,2,2,7,12,3,8,11,-2,0,1,1,1,1,1,6,1
KR_6777840930,420,1,65,1,5,4,4,0,-1,1,2,1,3,2,3,3,0,-2,0,2,0,0,1,2,3,5,-2,0,2,-1,1,1,-1,1,1
KR_6721610813,420,-2,7,-5,-6,1,2,1,-2,2,4,2,4,2,-8,0,8,1,2,1,0,-9,-8,-2,9,7,-2,0,-2,-1,-1,-1,-1,1,1
KR_6684760470,420,2,3,8,4,5,5,0,4,7,3,-2,1,3,-3,1,4,0,1,1,2,14,-29,-4,12,8,6,0,0,-1,-1,0,1,5,1
KR_6757100447,420,3,89,29,-1,0,2,2,-3,2,5,2,2,0,1,2,1,-1,0,1,0,-5,19,3,4,7,-4,0,1,1,1,1,1,4,1
KR_6711934146,420,5,34,33,8,2,2,0,-1,0,1,4,10,6,0,0,0,3,4,1,0,11,-7,-4,9,5,1,0,2,-1,1,1,1,5,1
KR_6774063722,420,2,29,17,3,-2,1,3,0,5,5,-1,2,3,7,8,1,-1,0,1,0,9,13,0,6,6,3,0,1,1,-1,1,1,1,1
KR_6768087387,420,-4,1,-14,1,-4,1,5,-3,1,4,4,4,0,2,3,1,2,2,0,0,6,-3,-5,9,4,-3,0,-1,0,1,-1,1,0,1
KR_6755912986,420,-1,11,8,5,0,3,3,-2,1,3,3,3,0,1,2,1,3,3,0,0,5,13,2,6,8,-1,0,0,1,1,1,-1,3,1
KR_6750064217,420,-1,-10,12,-4,-2,2,4,3,6,3,1,2,1,-3,4,7,-3,0,3,-1,-10,-8,2,6,8,-3,0,-1,1,-1,-1,-1,4,1
KR_6772212061,440,4,-11,44,10,1,1,0,0,3,3,2,3,1,0,2,2,7,9,2,0,16,4,4,2,6,4,0,2,0,-1,1,-1,0,1
KR_6761205386,420,2,49,-4,2,-1,2,3,-1,1,2,3,4,1,1,3,2,0,0,0,0,5,-52,-1,6,5,21,0,-1,1,-1,-1,-1,3,1
KR_6776104125,440,0,21,0,5,1,2,1,-4,0,4,3,3,0,4,6,2,1,1,0,1,9,-8,3,5,8,4,0,1,1,1,1,1,3,1
KR_6769107301,420,-1,11,-19,-3,1,1,0,-4,2,6,1,1,0,-2,0,2,1,1,0,0,-6,-14,-1,8,7,-2,0,-1,-1,1,-1,-1,6,1
KR_6744258596,420,3,50,26,5,-2,1,3,-1,2,3,2,2,0,3,3,0,3,3,0,2,14,1,1,4,5,-1,0,2,-1,1,1,1,3,1
KR_6776605784,420,1,40,-25,-2,1,4,3,-2,3,5,-3,2,5,0,1,1,2,2,0,0,-1,-3,3,3,6,2,0,0,-1,1,0,1,4,1
KR_6764168219,420,1,2,-12,7,0,4,4,0,3,3,4,4,0,4,7,3,-1,0,1,0,7,21,-3,8,5,0,0,1,1,1,1,-1,4,1
KR_6752257258,420,2,13,-8,1,1,2,1,1,4,3,-4,2,6,1,3,2,2,3,1,1,5,3,2,9,11,-1,0,1,-1,1,1,1,6,1
KR_6769146802,420,1,29,-10,2,0,2,2,-1,1,2,0,3,3,2,4,2,1,1,0,0,0,-105,-2,5,3,3,0,0,0,0,0,-1,0,1
KR_6777269748,420,3,28,17,5,2,4,2,3,5,2,1,2,1,0,3,3,-1,1,2,0,0,-192,-1,5,4,1,0,2,1,1,1,1,4,1
KR_6746824488,420,1,6,28,8,-1,1,2,2,4,2,2,2,0,3,5,2,2,3,1,0,6,-6,3,5,8,3,0,1,1,1,1,1,5,1
KR_6771737622,440,0,29,-4,-2,6,6,0,-6,1,7,2,2,0,-2,2,4,-2,0,2,0,-15,3,-4,8,4,-5,0,1,-1,1,1,1,3,1
KR_6775976410,420,3,36,20,12,2,2,0,0,4,4,7,8,1,1,2,1,2,2,0,0,14,8,6,2,8,6,0,0,1,1,1,1,3,1
KR_6700513177,420,2,-9,-10,5,-1,4,5,-2,2,4,6,6,0,1,7,6,1,1,0,0,1,-15,0,6,6,1,0,2,-1,1,1,1,3,1
KR_6707382518,420,6,28,43,13,6,6,0,3,5,2,5,5,0,0,5,5,-1,0,1,0,2,10,0,4,4,1,0,0,-1,1,1,1,3,1
KR_6768303158,420,5,57,9,9,-1,2,3,3,5,2,2,3,1,7,8,1,-2,0,2,2,9,8,4,1,5,-1,0,3,-1,1,1,1,4,1
KR_6772850023,420,0,5,-8,8,0,2,2,1,5,4,6,6,0,1,4,3,0,1,1,1,5,-7,-2,8,6,6,0,-1,1,-1,-1,-1,2,1
KR_6751953643,420,3,-26,33,4,-3,0,3,3,4,1,0,1,1,3,5,2,1,3,2,0,12,-5,-1,9,8,3,0,1,0,1,1,1,0,1
KR_6763002650,420,1,51,-20,6,6,6,0,-1,3,4,4,5,1,-2,4,6,-1,0,1,2,8,0,2,4,6,2,0,-2,-1,1,-1,1,6,1
KR_6770279115,420,-1,-5,-4,-2,3,5,2,-6,0,6,2,4,2,-2,1,3,1,1,0,0,-7,1,0,7,7,-1,0,0,1,-1,0,1,5,1
KR_6772349040,420,1,47,-21,4,-7,3,10,4,7,3,2,2,0,4,4,0,1,2,1,0,13,269,0,5,5,2,0,1,1,1,1,-1,3,1
KR_6776079910,420,3,11,37,9,1,3,2,4,6,2,4,4,0,0,5,5,0,1,1,0,7,-5,2,4,6,2,0,1,1,1,1,1,6,1
KR_6769151785,420,3,7,10,5,1,1,0,4,5,1,2,3,1,-4,2,6,2,2,0,0,-1,204,5,4,9,-1,0,1,-1,1,-1,-1,3,1
KR_6770800370,420,-2,-5,-4,-2,0,6,6,-4,2,6,-2,4,6,1,5,4,3,4,1,1,-2,-36,-2,6,4,-3,0,0,-1,1,-1,1,4,1
KR_6684506666,420,3,38,-15,7,1,2,1,1,1,0,-1,0,1,4,6,2,2,2,0,0,10,31,0,7,7,2,0,1,1,-1,1,-1,4,1
KR_6730988185,420,3,-3,25,1,-1,2,3,2,4,2,1,2,1,-1,1,2,0,1,1,0,-4,-4,3,3,6,5,0,0,-1,1,-1,1,5,1
KR_6762915908,420,5,8,32,8,-3,0,3,11,14,3,1,3,2,-1,0,1,0,0,0,0,9,25,3,3,6,4,0,1,-1,1,1,-1,3,1
KR_6774114000,420,-1,-101,-15,-3,-2,1,3,-1,3,4,1,3,2,-1,1,2,0,0,0,1,0,0,3,5,8,3,0,0,-1,-1,-1,1,1,1
KR_6690942212,420,-1,29,-7,-1,-2,2,4,1,2,1,-2,0,2,2,3,1,0,0,0,0,0,-28,-1,8,7,1,0,1,1,-1,1,-1,6,1
KR_6770079097,420,2,-4,-24,5,2,2,0,0,3,3,6,8,2,-1,0,1,-2,1,3,0,7,2,2,4,6,-3,0,0,1,0,-1,1,2,1
KR_6755851078,420,2,16,-16,8,2,4,2,3,4,1,2,4,2,0,3,3,1,3,2,0,5,6,8,2,10,-2,0,1,-1,1,1,1,2,1
KR_6771640193,440,-3,0,-3,-3,1,1,0,-1,2,3,-1,3,4,-2,1,3,0,0,0,0,-5,-28,-1,4,3,14,0,1,-1,1,1,1,3,1
KR_6774253708,420,0,-9,-31,6,-2,1,3,-1,4,5,5,6,1,4,5,1,0,0,0,0,8,2,-3,7,4,2,0,0,-1,-1,0,1,5,1
KR_6777521626,420,1,23,5,6,2,4,2,1,4,3,5,5,0,-4,1,5,2,3,1,-1,5,3,-2,8,6,1,0,1,1,-1,1,-1,6,1
KR_6775377927,420,4,75,-10,10,6,6,0,3,3,0,1,1,0,0,1,1,0,0,0,1,10,24,-4,8,4,4,0,1,1,-1,1,1,3,1
KR_6773531859,420,3,24,-14,13,1,2,1,2,5,3,1,4,3,10,10,0,-1,0,1,0,6,3,2,7,9,3,0,1,-1,1,1,1,4,1
KR_6770478389,440,3,32,8,11,5,6,1,-2,2,4,3,4,1,6,7,1,-1,0,1,1,14,8,2,6,8,-1,0,2,-1,-1,1,1,4,1
KR_6737361100,420,5,67,21,10,2,2,0,2,3,1,2,4,2,3,4,1,1,1,0,0,9,15,5,5,10,-1,0,0,1,-1,1,1,5,1
KR_6775892306,420,3,35,30,5,6,6,0,1,2,1,-2,1,3,0,2,2,0,1,1,0,-5,-29,-1,6,5,11,0,1,1,1,1,1,5,1
KR_6661723782,420,6,-20,33,10,4,4,0,-2,1,3,5,6,1,2,2,0,1,1,0,0,5,5,-4,6,2,-1,0,0,1,1,0,1,1,1
KR_6671901008,420,4,142,4,7,3,4,1,-4,2,6,3,3,0,6,6,0,-1,4,5,1,-2,4,3,4,7,-4,0,3,1,1,1,1,3,1
KR_6775320531,420,3,-24,1,5,1,2,1,1,2,1,2,2,0,1,2,1,0,0,0,0,5,-28,-2,7,5,-2,0,1,1,-1,1,1,2,1
KR_6733975552,420,0,8,-9,5,-1,1,2,4,6,2,1,1,0,5,7,2,-4,1,5,0,13,-48,0,8,8,9,0,-2,-1,-1,-1,1,1,1
KR_6653170273,420,2,-31,16,3,2,3,1,-3,4,7,3,6,3,1,3,2,0,1,1,-1,6,4,-1,10,9,2,0,1,-1,1,1,-1,3,1
KR_6675925802,420,1,30,7,2,3,3,0,-1,0,1,0,0,0,-2,6,8,2,2,0,0,-4,-2,2,4,6,-3,0,0,-1,-1,-1,1,6,1
KR_6686602810,420,1,47,-30,8,3,4,1,3,4,1,2,4,2,0,4,4,0,0,0,0,16,35,1,7,8,0,0,1,1,1,1,-1,5,1
KR_6634669570,420,5,67,27,10,2,3,1,3,3,0,4,5,1,1,2,1,0,1,1,0,9,12,4,3,7,-3,0,2,1,1,1,1,5,1
KR_6762861737,420,4,48,-24,9,1,1,0,4,6,2,4,6,2,0,3,3,0,0,0,0,6,-2,-3,10,7,6,0,0,1,1,0,1,4,1
KR_6760708307,420,7,72,16,13,3,4,1,8,9,1,0,3,3,0,4,4,2,2,0,0,7,-2,-2,7,5,-7,0,0,1,1,1,1,6,1
KR_6716632872,420,0,-13,32,-2,-3,0,3,-1,3,4,1,7,6,3,3,0,-2,0,2,0,-6,42,0,6,6,3,0,1,-1,-1,-1,-1,6,1
KR_6768415717,420,5,94,9,12,1,2,1,2,4,2,6,8,2,2,2,0,1,1,0,0,15,10,0,4,4,-1,0,1,1,1,1,-1,6,1
KR_6772700891,420,2,1,12,1,0,1,1,-2,1,3,7,8,1,-1,1,2,-3,0,3,0,6,16,3,7,10,-7,0,-2,1,-1,-1,-1,6,1
KR_6767384856,420,1,36,18,4,1,3,2,0,2,2,1,3,2,4,4,0,-2,1,3,0,4,43,1,9,10,-2,0,1,1,1,1,1,4,1
KR_6770123441,420,-1,25,2,5,-3,1,4,2,5,3,1,4,3,8,9,1,-3,0,3,0,2,1,3,2,5,-2,0,0,-1,-1,1,1,2,1
KR_6777870624,440,6,52,4,14,3,3,0,4,4,0,0,2,2,6,11,5,1,2,1,0,9,95,2,1,3,3,0,3,-1,1,1,1,2,1
KR_6761957159,420,1,10,-4,9,2,5,3,2,3,1,5,5,0,-3,0,3,3,4,1,0,16,6,-3,8,5,-1,0,1,1,-1,1,1,1,1
KR_6771949964,420,3,26,7,9,5,5,0,2,3,1,0,1,1,3,3,0,-1,0,1,0,4,-40,3,3,6,8,0,0,-1,1,1,1,5,1
KR_6756296808,420,3,62,-4,12,2,4,2,8,10,2,5,6,1,-1,1,2,-2,0,2,0,1,-16,8,5,13,-4,0,2,1,1,1,-1,5,1
KR_6768110690,420,1,52,-15,0,0,0,0,-2,2,4,1,2,1,5,5,0,-4,2,6,0,7,3,5,3,8,2,0,1,-1,0,1,1,5,1
KR_6775831999,420,0,97,14,0,-1,2,3,-1,4,5,2,3,1,1,4,3,-1,0,1,1,-3,-48,1,10,11,5,0,0,1,-1,1,1,2,1
KR_6775252834,420,0,43,-24,1,-1,2,3,2,2,0,1,2,1,-1,1,2,0,3,3,0,3,6,5,4,9,2,0,0,0,-1,0,-1,0,1
KR_6777400284,420,-2,-52,-6,-6,-2,2,4,3,5,2,-2,2,4,-4,0,4,-1,0,1,0,-8,-10,-4,8,4,3,0,-2,-1,-1,-1,-1,4,1
KR_6771639352,420,-1,-15,-33,8,0,1,1,6,6,0,-4,1,5,4,7,3,2,4,2,1,13,-1,1,4,5,-3,0,1,1,1,1,1,3,1
KR_6739490175,420,2,64,1,-3,0,1,1,-5,0,5,3,3,0,-1,2,3,0,0,0,0,-9,16,-2,10,8,5,0,1,-1,-1,1,-1,6,1
KR_6737471909,420,-1,13,25,-2,1,3,2,-5,1,6,1,3,2,1,5,4,0,1,1,0,-5,26,2,3,5,-32,0,0,1,-1,1,1,6,1
KR_6772693390,420,6,77,20,12,6,7,1,5,6,1,1,6,5,-2,1,3,2,5,3,2,8,5,2,3,5,1,0,1,1,1,1,1,3,1
KR_6770599127,420,-1,-5,25,-2,-4,2,6,-1,5,6,-6,0,6,7,8,1,2,2,0,1,3,-2,-4,10,6,5,0,0,-1,1,1,1,2,1
KR_6768848242,420,0,64,-15,6,-1,0,1,3,5,2,2,3,1,1,4,3,1,2,1,0,3,8,9,3,12,-4,0,1,1,1,1,1,1,1
KR_6776180364,420,-1,64,24,-1,2,2,0,0,2,2,-1,0,1,4,7,3,-6,2,8,0,-2,23,1,5,6,-1,0,0,-1,1,1,-1,5,1
KR_6773700094,440,2,31,-4,10,5,5,0,2,3,1,2,3,1,0,3,3,1,3,2,0,11,-3,-4,11,7,4,0,1,0,1,1,1,0,1
KR_6777053553,420,-3,-80,5,0,0,4,4,-1,2,3,-2,2,4,5,6,1,-2,0,2,0,0,-31,3,4,7,16,0,1,1,-1,1,-1,6,1
KR_6762818602,420,0,32,-28,-1,-3,3,6,2,3,1,1,6,5,1,4,3,-2,1,3,1,0,5,-4,9,5,0,0,0,-1,-1,0,1,3,1
KR_6724875402,420,1,51,-8,2,-3,0,3,-1,2,3,0,0,0,6,7,1,0,0,0,0,10,6,-2,11,9,2,0,1,1,-1,1,-1,6,1
KR_6763990279,420,1,-25,19,4,1,2,1,0,0,0,0,4,4,3,6,3,0,0,0,0,7,27,-2,6,4,-7,0,0,1,1,1,-1,2,1
KR_6770708688,420,3,-9,8,3,-4,1,5,0,3,3,2,2,0,5,5,0,0,0,0,0,-4,-37,3,10,13,4,0,-1,-1,-1,-1,-1,5,1
KR_6720860071,420,2,-10,20,6,0,4,4,1,4,3,0,6,6,4,8,4,1,1,0,0,2,4,-4,11,7,-10,0,2,-1,1,1,-1,5,1
KR_6750402752,420,5,79,20,13,3,3,0,5,7,2,0,0,0,5,8,3,0,2,2,0,12,-5,4,4,8,10,0,1,1,1,1,1,2,1
KR_6731564950,420,0,-13,-20,4,0,0,0,1,1,0,2,2,0,2,7,5,-1,0,1,-1,1,3,3,3,6,-5,0,-1,1,-1,-1,-1,2,1
KR_6773278906,420,-3,-40,-7,-2,2,4,2,1,4,3,-1,1,2,-1,2,3,-3,0,3,0,-7,-3,0,6,6,-4,0,1,-1,1,1,1,1,1
KR_6768249705,420,-2,-76,8,-5,3,4,1,-4,3,7,-4,1,5,-1,3,4,1,3,2,-1,-2,8,-3,7,4,-7,0,-2,-1,-1,-1,-1,3,1
KR_6772268417,420,0,-38,15,-5,1,4,3,-1,6,7,-5,1,6,0,2,2,0,1,1,0,-1,-11,-1,9,8,-3,0,0,1,-1,-1,-1,2,1
KR_6720417978,420,5,34,0,4,-2,0,2,2,4,2,4,5,1,-1,2,3,1,2,1,0,2,14,3,7,10,0,0,1,1,1,1,1,5,1
KR_6672035920,420,1,31,28,0,-1,1,2,-3,1,4,2,4,2,0,1,1,2,2,0,0,-3,32,2,3,5,-2,0,1,1,1,1,1,3,1
KR_6777086021,420,-1,-59,2,5,-3,0,3,3,4,1,2,3,1,3,6,3,0,2,2,0,7,-385,0,5,5,-1,0,0,-1,-1,0,-1,6,1
KR_6777293990,420,3,5,32,4,1,5,4,-4,1,5,-1,2,3,7,9,2,1,3,2,0,6,-13,-1,5,4,3,0,0,-1,-1,0,-1,1,1
KR_6777411406,420,3,80,-1,-6,1,3,2,-2,1,3,-5,3,8,0,3,3,0,2,2,0,-12,-29,-5,10,5,1,0,2,-1,1,1,-1,6,1
KR_6659284123,440,0,-12,28,4,1,5,4,0,1,1,5,6,1,0,1,1,-2,0,2,0,7,-6,-2,6,4,4,0,0,1,1,-1,-1,6,1
KR_6718896066,420,1,17,11,-2,0,4,4,0,3,3,0,1,1,-1,1,2,-1,0,1,0,-6,-10,-3,6,3,5,0,1,-1,1,1,-1,2,1
KR_6737387993,420,4,10,8,5,0,1,1,2,2,0,-8,1,9,8,9,1,3,3,0,2,7,-8,4,9,13,0,0,2,-1,1,1,1,6,1
KR_6774898947,420,2,-24,0,4,2,3,1,0,1,1,2,2,0,0,1,1,0,0,0,0,2,2,1,3,4,-2,0,0,-1,1,0,-1,3,1
KR_6776525988,420,1,-2,22,-4,-3,0,3,-5,1,6,2,3,1,0,2,2,2,3,1,0,-2,7,-4,8,4,-8,0,-2,-1,-1,-1,-1,3,1
KR_6767394057,440,6,19,-11,23,7,8,1,10,11,1,1,2,1,2,3,1,3,3,0,2,34,-5,-2,6,4,4,0,1,1,-1,1,1,3,1
KR_6777596659,420,2,-19,14,6,-3,0,3,-1,0,1,7,8,1,2,2,0,1,1,0,-1,19,0,0,6,6,-8,0,0,1,-1,-1,-1,2,1
KR_6774664862,420,0,-10,24,1,-2,3,5,-4,2,6,5,6,1,4,4,0,-2,0,2,0,2,-7,0,5,5,3,0,0,1,1,0,-1,6,1
KR_6684304191,420,0,17,5,-2,1,1,0,0,4,4,-3,3,6,2,5,3,-2,0,2,0,-5,-4,-6,11,5,8,0,1,1,1,1,-1,6,1
KR_6769477708,420,1,22,27,3,0,1,1,1,3,2,-1,0,1,1,2,1,2,3,1,0,5,-25,5,4,9,3,0,0,1,-1,0,1,3,1
KR_6751663636,420,9,120,48,14,3,3,0,5,5,0,4,4,0,2,3,1,0,0,0,0,17,5,1,3,4,1,0,2,1,1,1,1,1,1
KR_6774111416,420,8,83,44,11,-1,3,4,1,2,1,2,4,2,5,11,6,4,4,0,1,11,6,-3,9,6,-1,0,1,1,-1,1,1,3,1
KR_6761885982,420,0,-71,9,6,0,0,0,4,5,1,-2,0,2,2,5,3,2,2,0,0,9,-2,3,3,6,-2,0,-1,1,-1,-1,1,2,1
KR_6768105686,420,3,6,-25,8,2,2,0,-3,3,6,9,10,1,0,3,3,0,2,2,0,8,7,-1,5,4,-2,0,1,-1,1,1,1,5,1
KR_6777258570,420,-2,4,-8,6,3,3,0,-1,2,3,2,3,1,4,4,0,-2,0,2,3,9,5,8,5,13,-4,0,0,-1,1,0,1,6,1
KR_6763586794,420,3,38,18,4,2,3,1,2,4,2,-1,1,2,1,3,2,0,1,1,0,1,3,2,3,5,3,0,0,-1,1,1,-1,2,1
KR_6775736261,420,3,23,-12,2,0,1,1,2,4,2,0,1,1,-1,3,4,1,3,2,0,10,1,0,6,6,3,0,1,1,1,1,-1,4,1
KR_6661494169,420,3,4,51,-1,2,3,1,1,4,3,2,4,2,-7,0,7,1,1,0,0,-7,24,-2,8,6,-7,0,-1,-1,-1,-1,-1,1,1
KR_6768363563,420,4,68,32,5,2,2,0,0,2,2,3,4,1,0,1,1,0,1,1,0,-4,-13,-1,7,6,0,0,0,1,1,0,1,5,1
KR_6736229622,420,1,64,-18,-2,-2,0,2,2,4,2,-4,1,5,2,4,2,0,0,0,0,-1,-32,-2,7,5,-1,0,1,1,-1,1,1,6,1
KR_6776335944,420,5,-6,57,7,-2,1,3,1,5,4,6,7,1,3,5,2,-1,1,2,0,10,2,-1,5,4,1,0,0,-1,1,0,-1,1,1
KR_6777316733,420,0,8,23,0,1,3,2,2,7,5,0,1,1,-1,0,1,-2,0,2,0,-4,35,-4,8,4,-2,0,0,1,1,0,1,3,1
KR_6725997847,420,8,121,19,20,7,7,0,0,1,1,4,5,1,9,10,1,0,0,0,0,25,9,4,1,5,1,0,2,1,1,1,1,2,1
KR_6674537815,420,1,3,-5,6,2,2,0,-1,2,3,4,6,2,0,1,1,1,1,0,0,2,2,1,7,8,7,0,2,1,1,1,-1,4,1
KR_6767920614,420,2,61,-15,5,0,5,5,1,3,2,-1,3,4,4,5,1,1,1,0,-1,9,11,0,3,3,3,0,1,0,-1,1,-1,0,1
KR_6775228241,420,1,47,-10,0,2,3,1,-4,0,4,0,1,1,4,4,0,-2,1,3,0,-2,-5,-2,7,5,-5,0,-1,-1,-1,-1,1,4,1
KR_6735200382,420,4,25,28,5,0,2,2,1,1,0,2,5,3,-2,1,3,4,4,0,0,9,2,1,5,6,-2,0,1,1,1,1,1,4,1
KR_6620463782,420,3,45,3,15,3,3,0,-2,1,3,6,6,0,5,7,2,3,4,1,0,12,3,0,7,7,3,0,1,1,-1,1,1,1,1
KR_6756074265,420,5,42,-4,8,-1,1,2,0,1,1,9,11,2,-1,0,1,1,1,0,0,6,-2,0,6,6,5,0,3,-1,1,1,1,1,1
KR_6770944335,440,1,7,12,9,1,2,1,0,6,6,0,3,3,8,10,2,0,1,1,2,10,-1,1,3,4,5,0,1,1,1,1,1,1,1
KR_6768924500,420,6,26,33,11,1,2,1,3,5,2,2,4,2,5,6,1,0,2,2,-1,9,-2,2,8,10,-5,0,1,1,1,1,-1,4,1
KR_6716381006,420,1,10,-1,10,0,0,0,2,4,2,1,1,0,5,5,0,2,3,1,1,16,16,-1,6,5,-4,0,1,1,1,1,1,3,1
KR_6754296916,420,0,-12,-41,2,-1,1,2,-3,4,7,-2,1,3,7,10,3,1,2,1,0,3,-5,6,4,10,4,0,-2,-1,-1,1,1,5,1
KR_6775379306,420,0,-37,20,1,0,1,1,1,3,2,0,0,0,1,3,2,-1,0,1,0,4,5,-1,8,7,-4,0,-1,1,-1,-1,-1,3,1
KR_6777039310,420,0,-11,-39,4,-1,2,3,5,5,0,2,2,0,-2,4,6,0,1,1,0,7,8,6,6,12,1,0,0,1,1,0,-1,5,1
KR_6764693682,420,1,56,9,2,5,5,0,1,3,2,-4,1,5,2,3,1,-2,0,2,0,2,-2,-2,8,6,1,0,1,1,1,1,-1,3,1
