matchId,queueId,Diff_LV,Diff_CS,Diff_jglCS,Diff-K,Diff-K-top,K-WIN-top,K-LOSE-top,Diff-K-jug,K-WIN-jug,K-LOSE-jug,Diff-K-mid,K-WIN-mid,K-LOSE-mid,Diff-K-ad,K-WIN-ad,K-LOSE-ad,Diff-K-sup,K-WIN-sup,K-LOSE-sup,invadeKill,Diff-A,Diff_WARDplaced,Diff-ControlWARDplaced,LOSE_controlWARDPlaced,WIN_controlWARDPlaced,Diff_WARDkill,Diff_Inhibitor,Diff_TOWERkill,Diff_FirstDRAGON,Diff_FirstHERALD,Diff_Firsttower,Diff_FirstBLOOD,dragonType,result
KR_6721321230,420,1,12,-8,0,-1,1,2,2,3,1,-2,4,6,0,6,6,1,3,2,0,-3,-14,-8,9,1,3,0,0,1,-1,1,-1,5,1
KR_6767470085,420,0,-23,16,5,0,2,2,0,2,2,2,2,0,3,5,2,0,0,0,0,6,-6,-4,6,2,0,0,0,1,0,0,1,5,1
KR_6720994185,420,2,-5,21,3,-1,0,1,5,5,0,0,1,1,-2,0,2,1,1,0,0,1,4,0,4,4,-2,0,1,-1,1,1,1,4,1
KR_6690305376,420,4,39,31,1,-2,2,4,-3,0,3,8,8,0,0,2,2,-2,1,3,0,6,-2,7,5,12,1,0,0,-1,-1,-1,-1,4,1
KR_6767685143,420,2,45,-12,8,1,2,1,3,7,4,-2,3,5,6,8,2,0,4,4,-1,-2,10,-1,6,5,2,0,2,-1,1,1,-1,3,1
KR_6759883322,440,0,-17,-32,4,4,6,2,3,4,1,-2,1,3,-1,2,3,0,4,4,0,7,-12,-5,7,2,0,0,1,-1,-1,1,-1,5,1
KR_6718407588,440,0,-7,20,1,-5,1,6,2,6,4,4,4,0,0,1,1,0,0,0,-1,0,-35,0,7,7,11,0,-1,-1,1,-1,-1,3,1
KR_6758525148,420,4,46,4,8,-4,1,5,2,4,2,6,6,0,3,5,2,1,1,0,-1,13,33,-3,6,3,4,0,4,1,1,1,-1,3,1
KR_6700458363,420,6,30,55,17,-1,5,6,-1,0,1,6,6,0,13,13,0,0,1,1,1,28,5,0,6,6,0,0,3,1,1,1,1,5,1
KR_6742032649,440,0,-12,26,-1,-1,2,3,-1,3,4,4,5,1,-1,2,3,-2,0,2,0,-6,-214,3,6,9,2,0,0,1,1,1,1,6,1
KR_6672233349,440,-1,-26,-4,-7,-3,0,3,0,3,3,-2,2,4,-3,1,4,1,4,3,-2,-11,-125,-5,8,3,-2,0,-1,1,-1,-1,-1,3,1
KR_6751606846,420,4,63,-4,6,6,7,1,3,3,0,-1,2,3,-2,0,2,0,0,0,0,0,-4,1,4,5,-1,0,2,-1,1,1,-1,6,1
KR_6759488689,420,0,31,-4,0,1,1,0,-3,2,5,1,1,0,1,3,2,0,1,1,0,-3,-18,4,4,8,-2,0,0,-1,1,0,1,2,1
KR_6764553533,440,0,41,-12,1,-3,0,3,3,5,2,1,2,1,2,6,4,-2,0,2,0,2,3,-1,8,7,-1,0,0,1,-1,1,1,5,1
KR_6669580933,420,2,17,-10,7,2,2,0,3,4,1,3,3,0,-1,1,2,0,0,0,0,13,2,3,6,9,2,0,0,1,1,0,-1,2,1
KR_6710240722,420,-3,-28,-11,-5,1,2,1,0,4,4,0,2,2,-3,0,3,-3,0,3,0,-6,10,4,6,10,-12,0,-1,1,-1,-1,-1,5,1
KR_6764108806,420,1,-42,16,-3,-1,0,1,-1,4,5,2,3,1,-4,4,8,1,2,1,0,-3,-6,-2,10,8,2,0,0,1,-1,0,-1,2,1
KR_6618977646,420,-1,-15,18,3,-1,0,1,0,1,1,3,3,0,1,4,3,0,1,1,0,-1,-3,-2,5,3,4,0,0,1,1,0,-1,6,1
KR_6719363243,420,0,5,20,-3,2,3,1,-2,1,3,1,1,0,-3,2,5,-1,0,1,-1,-8,5,4,2,6,-6,0,1,1,1,1,-1,6,1
KR_6696370131,420,1,43,-8,-4,0,2,2,0,2,2,2,4,2,-5,2,7,-1,0,1,0,-4,0,1,3,4,0,0,2,-1,1,1,-1,6,1
KR_6692791022,420,-2,-24,0,4,1,4,3,1,2,1,2,2,0,-1,2,3,1,1,0,-1,4,36,0,7,7,0,0,0,1,1,1,-1,6,1
KR_6761592785,440,-3,-56,-5,-8,-5,1,6,-7,2,9,-2,0,2,6,7,1,0,3,3,0,-8,13,3,6,9,-2,0,-2,1,-1,-1,-1,6,1
KR_6765629536,420,0,23,7,7,2,2,0,4,5,1,-5,0,5,5,6,1,1,3,2,0,2,1,5,3,8,0,0,0,1,-1,1,1,4,1
KR_6752802417,420,4,17,-14,9,3,3,0,4,6,2,0,2,2,2,3,1,0,0,0,0,6,476,2,5,7,1,0,2,0,1,1,1,0,1
KR_6704461477,420,1,21,0,4,5,5,0,-3,2,5,2,2,0,0,1,1,0,1,1,0,0,8,1,4,5,0,0,1,-1,1,1,1,1,1
KR_6659833050,420,5,40,24,2,-1,3,4,1,3,2,3,5,2,0,4,4,-1,1,2,-2,0,2,-1,6,5,-3,0,2,1,-1,1,-1,6,1
KR_6690638120,420,0,37,-25,-6,-4,1,5,0,3,3,-2,0,2,1,4,3,-1,1,2,0,1,-5,0,6,6,3,0,0,-1,-1,-1,-1,5,1
KR_6762225507,420,0,5,30,1,1,2,1,-1,0,1,2,4,2,-3,2,5,2,3,1,0,0,0,-3,5,2,-2,0,1,0,1,1,-1,0,1
KR_6689093401,420,2,22,10,-2,-4,0,4,1,3,2,0,2,2,1,4,3,0,1,1,0,0,-21,-4,7,3,4,0,1,1,-1,-1,-1,1,1
KR_6739059912,420,0,35,-10,2,1,3,2,-1,3,4,2,3,1,1,1,0,-1,0,1,0,0,-3,5,4,9,6,0,0,-1,1,1,1,1,1
KR_6764542297,420,2,9,-28,10,3,3,0,5,6,1,-2,2,4,7,7,0,-3,0,3,0,16,6,1,6,7,-4,0,1,-1,1,1,-1,2,1
KR_6625328129,420,1,5,-9,-2,4,5,1,-3,0,3,-2,3,5,0,1,1,-1,1,2,0,-7,-24,8,1,9,-6,0,-1,-1,1,1,-1,3,1
KR_6753775015,420,2,13,13,3,-2,1,3,7,10,3,-3,1,4,0,3,3,1,3,2,1,18,4,0,5,5,-6,0,1,1,1,1,1,4,1
KR_6759631942,420,2,-11,20,1,0,2,2,2,4,2,-1,2,3,-2,2,4,2,2,0,0,-6,-5,-2,6,4,2,0,1,1,1,1,1,2,1
KR_6759070904,420,0,-21,12,1,-1,0,1,2,2,0,3,5,2,-1,1,2,-2,0,2,0,-2,111,-5,9,4,2,0,-1,1,1,-1,1,1,1
KR_6762358936,420,1,19,5,3,2,3,1,-4,0,4,5,6,1,0,1,1,0,1,1,0,-1,-3,-2,10,8,2,0,0,1,1,1,1,5,1
KR_6594680989,420,3,38,12,3,-4,0,4,4,6,2,-1,1,2,4,5,1,0,0,0,1,13,86,4,7,11,-14,0,1,-1,1,1,1,6,1
KR_6760889674,420,2,28,-15,1,1,1,0,0,2,2,0,2,2,2,7,5,-2,1,3,1,4,13,4,5,9,-3,0,1,-1,1,1,1,6,1
KR_6744705187,420,-2,-5,-9,-4,2,3,1,3,3,0,0,4,4,-7,0,7,-2,0,2,0,-7,-3,1,3,4,-1,0,-1,-1,-1,-1,-1,1,1
KR_6756831948,420,3,85,8,12,4,4,0,1,5,4,0,4,4,4,4,0,3,3,0,0,15,2,-1,7,6,4,0,3,1,1,1,1,6,1
KR_6650404639,420,8,4,29,14,-1,1,2,3,5,2,3,3,0,6,6,0,3,4,1,0,13,16,2,4,6,-1,0,0,1,1,1,1,3,1
KR_6761227347,420,2,28,0,2,0,0,0,0,2,2,0,2,2,0,3,3,2,2,0,0,-5,6,-6,12,6,0,0,0,1,1,0,1,3,1
KR_6749229190,420,4,-1,8,9,-1,1,2,1,4,3,3,3,0,3,5,2,3,3,0,-1,7,1,-2,6,4,2,0,0,1,-1,-1,-1,6,1
KR_6689391079,420,-1,-81,0,0,3,3,0,2,5,3,-2,2,4,-6,3,9,3,5,2,0,2,37,0,3,3,-3,0,-1,0,1,-1,1,0,1
KR_6693971836,420,2,-41,31,12,-1,1,2,6,7,1,5,6,1,4,5,1,-2,2,4,0,22,-5,2,4,6,0,0,1,1,1,1,-1,5,1
KR_6726392479,420,0,-20,-3,5,-3,1,4,0,7,7,3,5,2,4,5,1,1,1,0,1,14,-11,1,7,8,-5,0,-2,1,-1,-1,1,1,1
KR_6767746682,420,2,-17,20,1,0,3,3,3,5,2,-2,2,4,-2,0,2,2,2,0,0,9,-1,-1,4,3,-2,0,1,-1,1,1,1,3,1
KR_6724981646,420,1,15,8,3,0,1,1,4,6,2,0,2,2,-1,4,5,0,2,2,0,5,-4,-5,11,6,1,0,1,1,-1,1,-1,2,1
KR_6680782155,420,2,9,7,3,-1,0,1,1,2,1,3,4,1,0,0,0,0,0,0,0,4,4,-1,7,6,8,0,0,1,1,0,-1,4,1
KR_6674119229,420,3,52,-13,3,3,3,0,0,1,1,3,4,1,-2,1,3,-1,2,3,0,2,5,2,2,4,-2,0,-1,1,-1,1,1,3,1
KR_6762757724,420,3,20,4,5,4,5,1,-2,2,4,4,8,4,1,3,2,-2,0,2,1,1,5,-1,4,3,-1,0,1,1,-1,1,1,3,1
KR_6669193784,420,1,41,-8,5,2,2,0,0,5,5,-1,0,1,2,4,2,2,2,0,0,2,2,4,6,10,-4,0,-1,1,-1,-1,1,4,1
KR_6640567303,420,0,22,-7,0,-3,0,3,2,3,1,2,5,3,-1,2,3,0,1,1,0,-3,8,-2,6,4,-3,0,0,1,1,0,1,4,1
KR_6765241909,420,1,40,-16,3,1,1,0,2,2,0,1,1,0,-2,4,6,1,2,1,0,1,9,3,4,7,-2,0,0,-1,-1,-1,-1,1,1
KR_6759608285,420,1,8,-16,-2,-2,0,2,1,2,1,0,2,2,1,3,2,-2,3,5,1,1,-2,-2,6,4,1,0,0,-1,0,0,1,1,1
KR_6740604496,440,5,82,24,12,2,4,2,3,7,4,0,1,1,8,10,2,-1,1,2,0,17,306,2,3,5,7,0,1,1,1,1,1,3,1
KR_6685919990,420,-1,32,5,-2,4,6,2,-2,2,4,-4,1,5,0,3,3,0,0,0,-1,-7,0,-1,7,6,0,0,1,-1,1,1,-1,3,1
KR_6704643022,420,3,-8,-46,12,5,6,1,6,7,1,1,6,5,1,2,1,-1,2,3,2,15,-3,3,5,8,-4,0,1,-1,1,1,1,6,1
KR_6764379075,420,3,58,41,2,3,4,1,2,2,0,3,5,2,-9,1,10,3,3,0,0,-6,-3,6,2,8,-4,0,1,1,1,1,1,5,1
KR_6716791797,440,1,16,23,3,-1,1,2,-4,3,7,1,3,2,7,7,0,0,1,1,1,8,5,2,4,6,-1,0,0,1,-1,1,1,1,1
KR_6756102868,420,1,15,-5,8,-1,2,3,5,6,1,4,4,0,1,4,3,-1,1,2,0,13,-8,1,3,4,0,0,0,1,-1,-1,1,3,1
KR_6760587881,420,5,81,67,17,2,3,1,3,4,1,1,2,1,10,11,1,1,2,1,1,21,-4,-3,7,4,3,0,2,0,1,1,1,0,1
KR_6696511583,420,1,10,22,-3,3,4,1,-2,0,2,1,2,1,-3,2,5,-2,0,2,0,-10,-41,-2,8,6,-1,0,1,1,1,1,1,3,1
KR_6688409736,420,2,20,-5,2,3,3,0,1,3,2,-4,1,5,1,6,5,1,3,2,0,3,6,1,1,2,-4,0,1,1,-1,1,-1,3,1
KR_6647678969,440,1,52,-5,-1,2,2,0,1,3,2,-3,0,3,-4,0,4,3,4,1,0,-5,-7,-1,6,5,2,0,0,1,-1,0,1,5,1
KR_6747531927,420,1,-24,-14,11,0,0,0,4,7,3,0,2,2,5,7,2,2,2,0,2,23,4,3,4,7,-3,0,0,1,-1,0,1,3,1
KR_6693698232,420,2,-13,17,7,3,4,1,4,8,4,0,3,3,1,4,3,-1,0,1,0,10,-31,-5,8,3,3,0,1,1,-1,1,1,5,1
KR_6685757811,420,2,21,14,6,-1,3,4,3,4,1,1,2,1,3,3,0,0,0,0,0,10,-34,-2,5,3,6,0,0,1,1,1,-1,1,1
KR_6744227059,420,4,6,-15,4,1,1,0,-2,1,3,6,6,0,-2,2,4,1,1,0,0,8,-14,1,7,8,-7,0,0,-1,1,1,-1,6,1
KR_6741438006,420,4,13,-3,3,4,4,0,-2,5,7,-2,1,3,0,0,0,3,3,0,0,-1,0,-3,9,6,-3,0,0,1,-1,-1,1,3,1
KR_6689926076,420,2,39,-16,4,2,4,2,1,5,4,2,5,3,1,2,1,-2,1,3,1,14,-5,4,0,4,-3,0,1,1,-1,1,1,5,1
KR_6690645621,420,5,7,37,7,0,0,0,0,5,5,3,4,1,5,7,2,-1,2,3,0,2,16,3,5,8,-3,0,0,1,1,0,-1,6,1
KR_6761717604,420,3,5,-3,12,2,4,2,2,5,3,5,7,2,4,6,2,-1,2,3,1,18,6,2,2,4,5,0,0,-1,1,0,-1,5,1
KR_6689390658,420,5,25,23,15,1,3,2,2,2,0,6,6,0,6,6,0,0,2,2,-1,20,1,2,3,5,3,0,3,1,1,1,-1,3,1
KR_6741898903,420,2,5,8,1,4,4,0,1,4,3,-3,1,4,4,6,2,-5,0,5,0,4,5,6,4,10,0,0,1,1,-1,1,-1,5,1
KR_6763020025,420,3,67,-10,0,4,6,2,-9,1,10,0,1,1,3,3,0,2,3,1,0,-12,93,3,8,11,-8,0,0,1,-1,1,1,4,1
KR_6767216397,420,4,33,1,11,1,2,1,1,5,4,2,4,2,4,5,1,3,3,0,0,14,-1,3,4,7,-1,0,1,-1,1,1,1,4,1
KR_6680036770,420,4,-18,-10,9,4,4,0,4,5,1,1,2,1,1,3,2,-1,0,1,-1,6,-21,0,6,6,-4,0,0,-1,1,0,-1,1,1
KR_6601260934,420,-1,-12,20,-5,-1,1,2,1,6,5,-2,0,2,-3,0,3,0,0,0,-1,-5,-4,-4,6,2,-3,0,-1,-1,1,1,-1,3,1
KR_6719823606,420,0,-42,12,0,2,2,0,2,3,1,1,2,1,-4,1,5,-1,0,1,0,-2,3,1,3,4,0,0,-1,1,1,-1,1,3,1
KR_6680484136,420,3,19,14,7,7,7,0,-3,3,6,1,1,0,2,6,4,0,0,0,1,10,16,3,5,8,1,0,0,1,-1,1,1,5,1
KR_6735766824,440,4,19,55,16,0,1,1,-5,1,6,8,9,1,13,14,1,0,1,1,0,8,0,2,3,5,3,0,0,1,-1,1,1,4,1
KR_6733291522,420,1,98,-7,4,-3,1,4,-1,3,4,0,3,3,5,5,0,3,3,0,0,5,-13,3,3,6,0,0,0,1,1,0,-1,1,1
KR_6695182999,420,2,49,-19,7,2,3,1,1,3,2,2,8,6,0,5,5,2,2,0,-2,4,-1,5,3,8,2,0,1,1,1,1,-1,3,1
KR_6767784125,420,1,46,15,0,1,3,2,-2,2,4,2,3,1,-4,1,5,3,3,0,0,-6,-56,0,4,4,2,0,3,1,1,1,1,5,1
KR_6692767947,420,2,10,8,2,1,2,1,0,2,2,2,5,3,-3,3,6,2,2,0,-1,0,-34,-1,4,3,27,0,1,-1,0,1,-1,3,1
KR_6751007585,420,-1,-7,-13,-8,1,3,2,-3,5,8,-4,0,4,-2,1,3,0,0,0,-3,-16,30,2,5,7,-6,0,1,-1,1,1,-1,4,1
KR_6756734790,420,0,-16,-11,3,-3,1,4,2,7,5,-1,1,2,4,7,3,1,2,1,1,5,3,-1,8,7,-6,0,1,-1,1,1,-1,4,1
KR_6693749852,420,0,1,-7,2,0,3,3,5,5,0,-2,4,6,-1,0,1,0,0,0,0,3,-24,-3,9,6,3,0,0,-1,1,0,1,3,1
KR_6679502867,420,4,65,39,11,0,2,2,-2,6,8,1,3,2,8,11,3,4,4,0,1,5,13,3,3,6,-3,0,0,1,1,1,1,5,1
KR_6758223683,420,2,30,13,5,5,8,3,-1,1,2,0,3,3,2,5,3,-1,1,2,-1,-1,26,4,6,10,-4,0,2,1,-1,1,-1,1,1
KR_6760957855,420,0,-77,8,-7,-1,1,2,-1,4,5,3,4,1,-4,1,5,-4,2,6,0,-10,140,-3,7,4,-3,0,1,-1,1,1,-1,6,1
KR_6756138613,420,2,-6,12,0,0,0,0,0,3,3,-2,1,3,2,3,1,0,1,1,0,7,-2,3,4,7,-3,0,0,1,1,0,-1,2,1
KR_6764186986,420,3,56,23,3,0,1,1,5,6,1,-4,0,4,2,2,0,0,2,2,0,7,-4,0,6,6,6,0,1,0,1,1,-1,0,1
KR_6764458089,420,-3,-12,-10,-4,1,2,1,-6,0,6,2,5,3,-1,5,6,0,1,1,0,-3,-1,5,5,10,3,0,-1,-1,-1,-1,-1,3,1
KR_6738761999,420,1,-10,9,6,0,0,0,-1,4,5,5,6,1,2,3,1,0,0,0,0,9,-6,-3,9,6,4,0,0,-1,1,0,1,1,1
KR_6760971355,440,0,-10,-16,2,2,5,3,2,3,1,-3,0,3,3,4,1,-2,0,2,0,4,-10,-4,8,4,5,0,-1,0,0,-1,1,0,1
KR_6764414511,420,5,-1,25,15,3,3,0,-3,1,4,9,11,2,5,6,1,1,2,1,0,12,6,-1,6,5,-2,0,1,1,1,1,1,1,1
KR_6679836216,420,0,25,28,-6,0,1,1,-6,2,8,0,2,2,-3,2,5,3,4,1,0,-12,-16,-5,12,7,2,0,0,1,-1,-1,-1,3,1
KR_6766140011,420,-3,-57,-9,-2,-4,0,4,0,2,2,2,2,0,0,3,3,0,0,0,0,2,11,-8,12,4,1,0,-1,1,-1,-1,-1,3,1
KR_6764064641,420,3,46,-16,6,0,1,1,-1,2,3,3,4,1,6,7,1,-2,0,2,0,14,-136,4,4,8,1,0,1,-1,-1,1,-1,4,1
KR_6713059111,420,-1,11,4,-2,1,1,0,0,7,7,-3,3,6,-1,0,1,1,1,0,4,4,-68,-7,11,4,-6,0,1,-1,-1,-1,1,1,1
KR_6720859623,420,2,-48,13,8,-2,3,5,2,3,1,0,1,1,3,7,4,5,5,0,0,9,-35,-4,9,5,9,0,-1,1,1,-1,1,1,1
KR_6764696258,420,4,57,40,6,2,2,0,1,5,4,2,3,1,-1,1,2,2,2,0,0,5,-7,-3,6,3,5,0,1,-1,1,1,1,2,1
KR_6755652769,420,4,27,22,9,-6,2,8,5,6,1,2,3,1,8,9,1,0,0,0,0,15,-6,1,4,5,1,0,2,1,1,1,1,1,1
KR_6753811126,420,3,71,24,13,4,6,2,4,6,2,6,6,0,-1,5,6,0,0,0,1,22,8,6,2,8,4,0,0,1,1,1,1,2,1
KR_6767457991,420,0,-5,-5,0,3,4,1,-1,2,3,-3,3,6,1,2,1,0,1,1,0,3,0,2,4,6,3,0,0,1,1,0,-1,1,1
KR_6766938240,420,5,86,20,11,3,4,1,-6,1,7,3,5,2,7,10,3,4,4,0,1,9,-16,-6,10,4,6,0,3,-1,1,1,1,5,1
KR_6767261895,440,0,-14,10,-5,2,3,1,-5,1,6,-3,2,5,0,4,4,1,1,0,0,-5,2,1,3,4,-6,0,-2,-1,-1,-1,1,4,1
KR_6726644451,440,0,15,0,-4,0,1,1,0,3,3,0,4,4,-4,1,5,0,0,0,0,5,-3,1,5,6,-1,0,0,0,-1,0,1,0,1
KR_6655167401,420,-1,-52,-1,-1,2,3,1,3,10,7,-6,3,9,1,2,1,-1,0,1,-1,-9,-2,-5,11,6,3,0,0,-1,1,-1,-1,5,1
KR_6766523201,420,4,15,19,2,3,3,0,2,4,2,-8,0,8,1,2,1,4,4,0,0,8,5,2,6,8,-4,0,0,1,-1,0,-1,5,1
KR_6653473666,440,6,16,-8,12,5,5,0,1,2,1,3,6,3,0,2,2,3,5,2,1,11,15,5,3,8,-1,0,2,1,0,1,1,4,1
KR_6735564205,420,4,71,-4,19,3,5,2,2,4,2,5,7,2,2,4,2,7,7,0,0,11,0,1,3,4,2,0,2,-1,-1,1,1,1,1
KR_6740658887,420,5,53,42,9,4,6,2,5,7,2,4,4,0,-5,2,7,1,1,0,0,-3,-13,2,7,9,1,0,3,1,-1,1,-1,4,1
KR_6710507478,420,0,0,24,4,-1,1,2,4,5,1,1,1,0,0,2,2,0,0,0,0,2,-41,2,4,6,-3,0,-1,1,1,-1,1,6,1
KR_6726274356,420,5,8,29,18,1,3,2,6,8,2,9,11,2,1,2,1,1,2,1,1,15,27,1,6,7,1,0,1,1,1,1,1,5,1
KR_6759704490,420,1,9,32,1,1,2,1,0,5,5,5,6,1,-1,1,2,-4,1,5,0,-4,12,4,4,8,-6,0,-1,1,-1,-1,1,2,1
KR_6693747564,420,4,88,-20,5,4,4,0,-5,3,8,6,7,1,-1,0,1,1,2,1,0,4,2,1,5,6,0,0,1,-1,1,1,1,3,1
KR_6749374651,420,3,44,0,-2,0,5,5,-4,0,4,1,3,2,2,2,0,-1,0,1,0,4,9,-8,9,1,-1,0,2,-1,1,1,-1,3,1
KR_6655163188,420,0,-9,2,6,-2,1,3,7,8,1,0,1,1,0,1,1,1,1,0,0,7,4,3,8,11,-7,0,0,-1,1,1,-1,5,1
KR_6767813711,420,2,-2,44,0,1,4,3,3,5,2,-3,0,3,-2,2,4,1,1,0,0,3,-3,3,6,9,0,0,-1,1,1,-1,-1,3,1
KR_6759611723,420,5,124,20,11,1,3,2,4,4,0,-1,4,5,3,4,1,4,4,0,0,17,15,6,1,7,5,0,2,1,1,1,1,1,1
KR_6676656361,420,0,-44,20,-4,0,1,1,0,1,1,0,2,2,-3,3,6,-1,0,1,0,-6,-20,-2,7,5,6,0,0,1,-1,0,-1,2,1
KR_6768009053,420,5,60,19,8,1,3,2,2,6,4,2,3,1,6,7,1,-3,0,3,3,1,-2,-1,9,8,-1,0,0,-1,-1,-1,1,2,1
KR_6764956739,420,2,49,5,-1,1,1,0,-1,1,2,2,4,2,-3,1,4,0,1,1,-1,-4,-7,-2,9,7,4,0,0,1,-1,0,-1,3,1
KR_6766776322,420,-1,-33,8,2,1,2,1,-2,1,3,-1,1,2,0,0,0,4,4,0,0,0,-3,-2,7,5,2,0,-1,1,1,-1,1,4,1
KR_6707377928,420,4,12,42,8,6,6,0,1,4,3,-1,3,4,0,2,2,2,2,0,-1,0,182,-1,7,6,11,0,2,-1,1,1,-1,6,1
KR_6762998200,440,3,52,8,8,1,2,1,0,5,5,6,9,3,-2,2,4,3,7,4,-1,5,6,-2,7,5,2,0,3,-1,1,1,-1,3,1
KR_6710119600,420,1,70,-12,-2,3,3,0,-2,3,5,-2,2,4,0,5,5,-1,1,2,0,-2,-7,-6,9,3,4,0,0,1,1,1,1,5,1
KR_6762685248,420,2,18,-16,6,1,2,1,2,3,1,3,4,1,0,0,0,0,0,0,0,5,62,7,4,11,-22,0,0,1,-1,1,1,3,1
KR_6663814724,420,1,-8,2,5,3,3,0,0,2,2,0,1,1,1,5,4,1,1,0,0,3,-273,2,5,7,-28,0,2,-1,1,1,1,1,1
KR_6677691283,420,7,95,-8,14,2,3,1,1,2,1,6,6,0,4,4,0,1,2,1,0,9,11,2,4,6,3,0,3,1,1,1,1,5,1
KR_6715600074,420,4,31,17,4,-2,1,3,6,8,2,-3,1,4,3,5,2,0,2,2,0,16,85,-2,8,6,4,0,1,-1,1,1,-1,1,1
KR_6756615224,420,2,34,39,2,1,1,0,3,3,0,2,3,1,0,0,0,-4,0,4,0,-4,-124,4,5,9,-2,0,0,-1,1,0,-1,2,1
KR_6743352195,440,4,-29,32,3,-2,0,2,2,3,1,0,1,1,3,4,1,0,2,2,0,-2,10,5,1,6,-4,0,1,1,-1,1,1,5,1
KR_6766881243,420,3,35,21,4,0,0,0,4,8,4,1,1,0,1,2,1,-2,1,3,0,-5,-3,1,7,8,-1,0,2,1,1,1,1,4,1
KR_6759337009,420,4,-37,19,2,1,1,0,1,3,2,-2,2,4,4,8,4,-2,1,3,-1,-4,11,-2,7,5,3,0,0,1,1,1,-1,1,1
KR_6764362983,440,-1,51,23,-1,-1,0,1,0,1,1,-4,1,5,6,10,4,-2,2,4,1,-1,-48,2,5,7,9,0,-1,1,-1,-1,1,5,1
KR_6757763431,440,4,39,-15,13,-1,2,3,6,9,3,0,3,3,8,9,1,0,2,2,-3,11,-23,9,0,9,22,0,-1,1,0,1,-1,3,1
KR_6668954165,420,1,26,-19,4,3,3,0,0,2,2,-3,0,3,1,6,5,3,3,0,0,4,-1,-2,7,5,-1,0,1,-1,1,1,1,3,1
KR_6731055738,420,0,-26,-28,4,0,2,2,3,3,0,-1,4,5,3,5,2,-1,1,2,0,1,4,-2,8,6,-1,0,1,-1,1,1,1,3,1
KR_6707044561,440,3,70,4,11,4,4,0,2,5,3,0,0,0,4,6,2,1,2,1,0,14,5,3,6,9,3,0,2,1,1,1,1,5,1
KR_6767955390,420,-1,-2,-9,5,1,2,1,0,3,3,4,4,0,0,2,2,0,0,0,1,3,-3,1,5,6,0,0,0,-1,1,0,1,1,1
KR_6663004606,420,-1,29,-11,-2,1,2,1,-2,1,3,1,2,1,-4,3,7,2,3,1,0,-6,111,-4,10,6,2,0,-1,1,-1,-1,-1,5,1
KR_6569771946,420,-1,4,41,-1,1,3,2,-3,3,6,3,4,1,-1,0,1,-1,0,1,0,2,-3,0,3,3,6,0,-1,1,-1,-1,-1,6,1
KR_6755259714,420,5,93,23,13,5,5,0,0,1,1,6,7,1,3,5,2,-1,0,1,1,5,-13,-3,6,3,9,0,2,1,1,1,1,5,1
KR_6584800037,420,4,33,24,11,-1,0,1,-2,0,2,3,3,0,10,10,0,1,1,0,0,12,-18,-1,6,5,2,0,1,1,-1,1,1,4,1
KR_6739203058,420,2,20,4,13,1,1,0,3,5,2,4,4,0,5,6,1,0,0,0,0,9,-8,4,2,6,3,0,0,1,-1,0,1,6,1
KR_6766147749,420,2,60,10,-2,-2,0,2,1,5,4,0,2,2,-1,3,4,0,1,1,0,6,122,3,8,11,8,0,0,1,-1,0,-1,3,1
KR_6689103801,420,4,40,28,15,7,7,0,2,4,2,3,6,3,1,6,5,2,3,1,2,13,109,-2,6,4,4,0,0,1,1,1,1,1,1
KR_6703682369,420,1,57,6,6,1,1,0,-3,1,4,2,4,2,3,5,2,3,3,0,2,6,2,2,7,9,4,0,1,1,1,-1,1,2,1
KR_6749505583,440,2,21,-4,11,5,6,1,2,2,0,0,3,3,0,1,1,4,4,0,2,11,3,2,4,6,-2,0,1,1,1,1,1,2,1
KR_6691115916,420,5,62,22,8,2,6,4,2,5,3,1,1,0,2,2,0,1,1,0,0,16,7,3,4,7,0,0,0,1,1,1,1,5,1
KR_6604013888,420,4,129,22,7,3,3,0,0,1,1,3,3,0,0,2,2,1,3,2,0,2,11,4,5,9,-1,0,2,1,-1,1,-1,6,1
KR_6758547497,420,1,26,-16,-10,-2,0,2,0,2,2,-7,0,7,0,4,4,-1,1,2,-3,-11,4,-2,7,5,0,0,-1,-1,-1,-1,-1,6,1
KR_6687899592,420,7,63,57,11,2,3,1,3,7,4,6,8,2,1,3,2,-1,0,1,0,11,-8,-3,5,2,1,0,1,1,1,1,1,5,1
KR_6748945517,420,2,21,0,2,-2,2,4,-1,2,3,0,0,0,5,7,2,0,0,0,0,7,0,1,2,3,1,0,0,1,-1,0,-1,6,1
KR_6761096682,420,5,60,14,14,1,1,0,5,7,2,8,9,1,2,3,1,-2,0,2,0,11,-1,0,4,4,0,0,1,-1,1,1,1,3,1
KR_6757600052,420,3,63,-6,8,2,3,1,6,7,1,-1,0,1,1,1,0,0,2,2,1,11,1,4,5,9,3,0,1,1,1,1,1,4,1
KR_6716716845,420,-1,-16,16,-1,0,3,3,-2,3,5,-4,4,8,5,7,2,0,2,2,2,1,-16,-5,7,2,4,0,0,-1,-1,1,1,2,1
KR_6495831233,420,-2,37,-11,-4,0,3,3,-5,1,6,-1,2,3,0,1,1,2,2,0,0,-5,-3,-6,8,2,2,0,-1,-1,-1,-1,-1,6,1
KR_6731359036,420,1,-33,-16,2,-1,2,3,-2,5,7,1,2,1,3,3,0,1,1,0,0,0,-1,1,6,7,-3,0,0,-1,-1,0,-1,3,1
KR_6718485007,420,-1,-26,12,-5,-4,0,4,4,4,0,-3,0,3,-4,0,4,2,2,0,0,1,18,1,4,5,0,0,-1,1,-1,-1,-1,5,1
KR_6740684841,420,0,2,19,-2,2,3,1,2,4,2,-6,0,6,-1,2,3,1,2,1,0,-9,4,-1,5,4,-4,0,1,1,-1,-1,1,6,1
KR_6661125097,440,2,16,22,7,7,7,0,3,3,0,1,2,1,-4,1,5,0,2,2,0,8,-8,-3,6,3,4,0,0,1,0,1,1,4,1
KR_6745962383,420,3,-27,-37,9,2,3,1,6,7,1,0,0,0,2,3,1,-1,1,2,0,10,46,9,3,12,-3,0,1,-1,1,-1,-1,6,1
KR_6631974585,420,1,70,51,0,2,2,0,3,4,1,-2,3,5,-2,2,4,-1,0,1,0,2,35,0,8,8,-5,0,1,-1,1,1,1,6,1
KR_6742089604,420,-1,-55,-8,9,4,4,0,7,11,4,-9,0,9,3,6,3,4,4,0,-1,24,145,4,3,7,-1,0,0,1,-1,-1,-1,3,1
KR_6764309648,440,0,54,-12,-1,0,4,4,-1,1,2,-1,1,2,1,2,1,0,1,1,0,-10,9,0,7,7,-2,0,1,-1,-1,1,-1,4,1
KR_6675252544,420,1,7,24,0,0,1,1,-6,2,8,2,4,2,3,4,1,1,1,0,-1,-9,-4,-5,8,3,5,0,2,1,1,1,-1,3,1
KR_6679711000,420,1,5,26,-3,0,1,1,3,5,2,-3,2,5,-2,0,2,-1,0,1,-1,-6,4,-2,7,5,0,0,0,1,1,1,-1,3,1
KR_6703826415,420,4,96,12,5,2,3,1,1,3,2,5,5,0,-4,0,4,1,2,1,0,3,0,1,6,7,1,0,1,1,-1,1,1,1,1
KR_6683202941,440,2,74,-8,7,1,4,3,1,2,1,2,2,0,3,3,0,0,0,0,0,7,-8,-3,5,2,4,0,1,0,1,1,1,0,1
KR_6735298048,420,4,5,34,8,1,2,1,7,7,0,1,1,0,-1,3,4,0,0,0,0,11,-2,-1,4,3,2,0,0,1,1,0,1,2,1
KR_6763113242,420,3,15,3,10,0,0,0,3,3,0,2,2,0,3,5,2,2,3,1,0,12,8,2,4,6,1,0,1,1,1,1,1,5,1
KR_6609852336,420,6,59,19,12,0,1,1,6,6,0,3,4,1,3,7,4,0,1,1,3,29,5,-3,9,6,0,0,1,1,-1,1,-1,4,1
KR_6766762695,420,-1,16,28,1,-1,3,4,2,4,2,3,4,1,-2,3,5,-1,0,1,0,5,8,2,5,7,-4,0,-1,1,-1,-1,-1,1,1
KR_6767223776,420,1,-19,15,3,1,1,0,0,1,1,1,3,2,2,3,1,-1,2,3,0,0,-3,-4,9,5,12,0,0,0,-1,0,-1,0,1
KR_6758897525,420,3,41,1,6,3,3,0,3,4,1,1,2,1,-1,2,3,0,2,2,0,14,6,3,4,7,0,0,2,1,1,1,1,6,1
KR_6744752067,420,1,-4,16,2,1,1,0,1,5,4,0,4,4,1,1,0,-1,0,1,0,10,-18,2,5,7,0,0,0,1,1,0,1,1,1
KR_6662570643,420,0,36,10,1,1,2,1,-1,4,5,2,5,3,2,2,0,-3,1,4,-1,-5,3,-5,7,2,1,0,1,1,-1,1,-1,2,1
KR_6711639385,440,2,53,-3,-2,3,6,3,0,0,0,1,4,3,1,2,1,-7,0,7,-2,-6,-25,-6,8,2,1,0,1,1,1,1,-1,5,1
KR_6714389009,420,0,6,0,1,-1,3,4,-1,0,1,5,6,1,-2,2,4,0,0,0,0,-2,2,1,7,8,4,0,-1,1,-1,-1,-1,1,1
KR_6762113215,420,4,119,20,-3,2,2,0,-3,0,3,-5,0,5,4,4,0,-1,1,2,0,-7,-7,0,6,6,-3,0,3,-1,-1,1,1,5,1
KR_6759443364,420,0,20,-4,-3,1,3,2,2,2,0,-2,0,2,-3,3,6,-1,0,1,0,-9,-7,-3,7,4,6,0,0,-1,1,0,1,2,1
KR_6679079514,440,-1,-32,0,4,-1,3,4,-1,2,3,3,4,1,3,6,3,0,1,1,0,8,0,-1,6,5,-1,0,-2,1,1,-1,1,6,1
KR_6765692450,440,2,14,5,4,0,1,1,2,2,0,2,4,2,-2,0,2,2,5,3,0,2,0,0,6,6,2,0,1,-1,1,1,1,1,1
KR_6756079215,420,3,44,-14,8,2,3,1,4,5,1,-5,0,5,5,7,2,2,3,1,0,10,46,0,6,6,3,0,2,1,-1,1,-1,6,1
KR_6730118982,420,2,40,15,3,0,1,1,0,4,4,5,5,0,-3,0,3,1,2,1,0,-5,-16,-1,8,7,4,0,1,1,1,1,-1,2,1
KR_6760496940,420,-1,23,-5,2,-4,1,5,4,4,0,3,3,0,-1,2,3,0,0,0,0,5,0,-2,8,6,-3,0,-1,1,1,-1,-1,6,1
KR_6762083981,420,6,49,40,16,2,4,2,0,2,2,5,5,0,8,9,1,1,1,0,0,20,-373,0,4,4,6,0,1,1,1,1,-1,1,1
KR_6740926074,420,-1,-3,0,-2,-1,1,2,1,3,2,0,4,4,-1,4,5,-1,0,1,-1,0,-1,-1,6,5,6,0,-1,1,1,-1,-1,6,1
KR_6764758490,420,2,-14,5,1,0,1,1,0,0,0,-2,2,4,3,4,1,0,1,1,0,2,0,-3,10,7,1,0,-1,1,-1,-1,-1,2,1
KR_6730265830,420,-2,-31,-9,0,-1,1,2,1,4,3,-1,2,3,0,4,4,1,2,1,0,0,37,-1,6,5,-14,0,2,-1,1,1,1,3,1
KR_6766229402,420,2,76,2,1,2,3,1,-2,3,5,0,2,2,2,3,1,-1,2,3,-1,2,7,6,2,8,-3,0,1,-1,1,1,-1,6,1
KR_6748914422,420,2,37,23,5,-2,0,2,8,9,1,0,1,1,0,2,2,-1,0,1,1,12,45,2,6,8,3,0,1,1,-1,1,1,4,1
KR_6768052184,420,3,72,23,9,3,5,2,2,4,2,-1,1,2,3,4,1,2,4,2,0,7,10,3,3,6,-9,0,0,1,1,1,1,5,1
KR_6679016101,440,2,8,17,0,1,5,4,2,2,0,-1,0,1,5,7,2,-7,7,14,-2,-8,30,-1,4,3,-6,0,2,-1,-1,1,-1,6,1
KR_6761712659,420,5,78,15,13,2,3,1,0,1,1,7,7,0,0,1,1,4,5,1,0,20,1,-4,7,3,-1,0,1,1,1,1,1,1,1
KR_6674867222,420,2,-49,25,7,0,1,1,1,3,2,2,2,0,4,4,0,0,0,0,0,7,-1,-1,7,6,5,0,1,-1,1,1,1,6,1
KR_6720759492,420,-2,1,-11,-3,3,4,1,-6,2,8,-3,3,6,5,5,0,-2,0,2,-1,-6,-1,5,3,8,4,0,1,-1,1,1,-1,4,1
KR_6674526730,420,-2,-67,-10,4,0,3,3,2,4,2,-1,1,2,4,4,0,-1,0,1,0,9,-6,-3,7,4,-1,0,1,-1,1,-1,1,1,1
KR_6707585093,440,3,39,8,2,6,7,1,0,3,3,-4,3,7,0,5,5,0,1,1,3,2,-6,1,7,8,-1,0,3,1,1,1,1,4,1
KR_6652936145,420,3,-4,13,4,5,5,0,4,5,1,3,4,1,-7,1,8,-1,1,2,0,1,228,-1,5,4,-1,0,-1,1,1,1,-1,2,1
KR_6764665383,420,3,29,-13,13,1,1,0,6,6,0,-2,1,3,7,7,0,1,1,0,0,24,12,4,4,8,0,0,2,1,1,1,1,2,1
KR_6765598008,420,2,-33,16,5,1,2,1,6,10,4,1,3,2,-2,2,4,-1,0,1,2,7,7,-2,7,5,5,0,1,-1,1,1,1,3,1
KR_6737271024,420,1,-19,-3,0,3,3,0,0,3,3,-1,2,3,-2,0,2,0,1,1,0,3,1,6,2,8,-6,0,2,1,1,1,1,6,1
KR_6685783159,420,4,-39,-12,11,-4,0,4,8,8,0,2,3,1,4,4,0,1,3,2,-1,26,1,-2,6,4,3,0,1,0,-1,1,-1,0,1
KR_6653853861,420,0,27,-19,-2,-5,0,5,2,3,1,0,3,3,0,4,4,1,1,0,0,1,-20,1,5,6,4,0,-1,-1,1,-1,-1,4,1
KR_6685834927,420,1,5,-9,2,2,4,2,1,4,3,0,3,3,1,1,0,-2,0,2,0,-2,-19,-6,10,4,-1,0,-1,1,1,1,1,5,1
KR_6637897173,420,2,15,-6,4,-4,1,5,1,3,2,0,5,5,7,9,2,0,0,0,-1,9,5,4,5,9,2,0,0,1,-1,1,-1,4,1
KR_6764824131,420,0,-34,4,6,-4,1,5,3,3,0,3,5,2,6,10,4,-2,2,4,0,13,5,2,3,5,-1,0,0,1,1,1,-1,1,1
KR_6601393033,420,1,-34,13,-1,0,1,1,-1,1,2,0,1,1,-1,1,2,1,1,0,0,0,-21,-3,7,4,-6,0,0,1,1,0,1,3,1
KR_6674438297,420,5,64,10,14,4,4,0,-1,1,2,3,3,0,8,9,1,0,1,1,2,10,-17,1,4,5,5,0,4,-1,1,1,1,6,1
KR_6678072351,420,0,24,-11,-2,-5,0,5,2,2,0,1,4,3,0,3,3,0,4,4,1,-6,-16,4,4,8,-2,0,-2,-1,-1,-1,1,2,1
KR_6738585553,440,-2,22,-20,-4,0,2,2,-3,0,3,-3,2,5,2,2,0,0,0,0,-1,-3,-31,5,2,7,3,0,0,-1,-1,0,-1,1,1
KR_6754725946,420,3,21,-8,3,3,4,1,-3,0,3,-1,2,3,2,5,3,2,3,1,0,6,10,1,4,5,-3,0,1,-1,1,1,1,1,1
KR_6711704647,420,4,48,-5,7,2,2,0,1,2,1,4,4,0,-1,1,2,1,1,0,0,7,4,2,4,6,3,0,3,-1,1,1,1,4,1
KR_6631196237,420,-2,-36,-15,-2,1,2,1,-3,1,4,-1,2,3,2,4,2,-1,4,5,1,1,49,1,8,9,3,0,0,-1,1,0,1,1,1
KR_6696505067,420,-2,72,8,-11,-1,1,2,1,4,3,-5,1,6,-5,3,8,-1,0,1,0,-3,234,-3,8,5,2,0,0,1,1,1,1,3,1
KR_6679485310,420,4,20,4,7,1,4,3,6,8,2,-2,1,3,-1,3,4,3,3,0,0,7,31,4,4,8,-5,0,-1,0,-1,1,1,0,1
KR_6620242052,420,8,112,32,21,5,7,2,4,8,4,10,10,0,1,2,1,1,1,0,-1,8,1,3,2,5,4,0,3,1,1,1,-1,4,1
KR_6765092480,420,3,52,-28,7,1,2,1,2,5,3,4,4,0,2,6,4,-2,1,3,0,14,276,-3,7,4,5,0,1,1,1,1,1,1,1
KR_6639763641,420,1,8,-5,-2,0,0,0,-3,0,3,-1,1,2,1,2,1,1,1,0,-1,-2,-58,-2,6,4,2,0,1,-1,1,1,-1,2,1
KR_6765501845,420,1,-12,9,13,-1,2,3,1,4,3,8,8,0,5,6,1,0,2,2,0,24,-47,2,7,9,23,0,-2,1,-1,-1,-1,3,1
KR_6763683593,420,3,-6,32,9,6,7,1,1,6,5,0,2,2,1,5,4,1,1,0,0,6,8,5,1,6,2,0,1,0,1,1,-1,0,1
KR_6670983498,420,0,29,-9,1,0,0,0,2,5,3,-1,3,4,-1,2,3,1,1,0,0,-4,9,3,3,6,0,0,1,1,1,1,1,1,1
KR_6763478947,420,2,19,-17,7,4,7,3,-2,2,4,0,1,1,3,6,3,2,2,0,1,4,7,0,6,6,0,0,0,1,-1,1,1,3,1
KR_6742242148,420,3,47,27,6,0,2,2,2,7,5,2,3,1,2,3,1,0,0,0,1,11,5,6,5,11,1,0,1,1,-1,1,1,2,1
KR_6764255760,420,7,96,16,8,2,3,1,3,5,2,-1,2,3,3,6,3,1,1,0,0,10,-18,-3,6,3,4,0,0,1,-1,0,1,2,1
KR_6691997729,420,-1,18,13,-5,-1,2,3,0,6,6,-4,0,4,1,3,2,-1,0,1,-1,-4,0,-2,7,5,-2,0,0,1,-1,1,-1,1,1
KR_6630485284,420,0,-12,-24,3,0,1,1,0,1,1,0,0,0,1,7,6,2,3,1,0,6,-3,-1,6,5,-3,0,0,1,1,0,-1,4,1
KR_6645710354,420,1,16,12,3,1,2,1,-2,2,4,0,1,1,3,3,0,1,1,0,0,4,8,5,6,11,-1,0,0,1,1,0,1,1,1
KR_6662343212,420,3,140,-6,3,-3,0,3,0,4,4,1,1,0,5,5,0,0,0,0,0,5,-13,5,4,9,-3,0,3,1,1,1,1,2,1
KR_6622682683,420,7,135,59,14,0,1,1,4,5,1,3,7,4,5,5,0,2,2,0,0,9,6,8,3,11,6,0,2,1,1,1,1,6,1
KR_6686776147,420,-1,-80,-7,2,2,2,0,-2,3,5,3,4,1,-1,0,1,0,0,0,0,4,-24,-2,8,6,-1,0,0,-1,1,-1,-1,4,1
KR_6766890226,420,1,-4,17,1,1,1,0,-1,2,3,0,1,1,0,0,0,1,1,0,0,-1,-6,0,4,4,-4,0,0,1,-1,0,-1,5,1
KR_6767843938,420,1,-32,-8,9,0,3,3,2,4,2,3,4,1,3,5,2,1,1,0,0,16,2,-1,4,3,2,0,1,-1,-1,-1,1,4,1
KR_6691148200,420,0,27,16,8,-1,0,1,4,5,1,4,5,1,2,5,3,-1,1,2,1,5,0,4,4,8,-1,0,2,-1,1,1,1,5,1
KR_6686890590,420,-2,2,8,0,-4,1,5,2,4,2,1,1,0,2,5,3,-1,1,2,0,4,16,0,9,9,-3,0,-1,1,-1,-1,-1,1,1
KR_6728098519,420,2,92,5,3,1,1,0,0,3,3,-2,2,4,4,4,0,0,0,0,0,4,-12,1,2,3,26,0,2,0,1,1,1,0,1
KR_6755210151,420,2,43,20,1,4,5,1,1,3,2,-1,3,4,-1,3,4,-2,0,2,1,-7,-4,-1,6,5,0,0,2,-1,1,1,1,4,1
KR_6740921324,420,5,27,28,14,2,4,2,1,3,2,3,4,1,6,7,1,2,3,1,-1,14,1,-2,7,5,0,0,2,-1,1,1,-1,1,1
KR_6626020741,420,-1,31,-26,-1,2,5,3,-8,3,11,2,4,2,4,5,1,-1,1,2,0,1,-1,-1,6,5,-2,0,1,1,-1,1,-1,5,1
KR_6684963443,420,2,78,-15,9,1,4,3,1,4,3,4,5,1,5,8,3,-2,1,3,0,4,0,6,3,9,0,0,1,1,1,1,1,2,1
KR_6690255669,420,-1,13,-12,-1,6,9,3,-6,1,7,1,6,5,-1,1,2,-1,0,1,0,-14,-2,-2,7,5,-6,0,2,-1,0,1,-1,2,1
KR_6678475591,420,4,41,1,12,2,2,0,1,5,4,6,6,0,2,3,1,1,2,1,0,19,-30,-1,7,6,12,0,-1,1,-1,-1,-1,1,1
KR_6765288256,440,-3,-14,-28,-8,-2,1,3,-1,2,3,-4,3,7,-1,0,1,0,0,0,-1,-7,-23,0,3,3,2,0,-1,-1,-1,-1,-1,4,1
KR_6732802138,420,3,24,16,4,8,8,0,-3,1,4,0,1,1,-2,0,2,1,1,0,1,-1,-20,0,6,6,-1,0,1,1,1,1,1,3,1
KR_6760720248,420,4,12,52,0,-2,1,3,5,8,3,0,2,2,-2,2,4,-1,1,2,0,2,0,-1,5,4,1,0,0,-1,1,1,-1,1,1
KR_6763973873,420,0,3,9,-5,-2,0,2,2,2,0,-2,2,4,-2,2,4,-1,0,1,0,-4,-12,0,5,5,4,0,1,-1,0,1,-1,3,1
KR_6689255693,420,7,73,54,10,5,5,0,8,8,0,0,4,4,2,2,0,-5,0,5,1,15,6,1,7,8,3,0,2,1,1,1,1,3,1
KR_6767468215,420,0,38,-2,1,0,1,1,2,5,3,2,5,3,-1,3,4,-2,1,3,0,-13,-4,-5,9,4,2,0,0,0,0,1,1,0,1
KR_6758740855,420,4,13,16,9,0,1,1,2,2,0,3,3,0,4,4,0,0,0,0,0,13,66,5,4,9,0,0,0,1,1,-1,1,5,1
KR_6665304319,420,3,42,16,11,1,3,2,4,5,1,4,5,1,4,7,3,-2,0,2,0,14,-4,5,4,9,8,0,0,1,-1,1,1,2,1
KR_6764809433,420,5,63,44,7,-2,1,3,2,3,1,6,6,0,1,3,2,0,0,0,0,7,5,4,1,5,-1,0,1,1,0,1,1,2,1
KR_6763707278,440,4,15,-8,11,-1,0,1,-2,1,3,11,12,1,2,5,3,1,4,3,0,12,5,2,3,5,3,0,2,-1,1,1,-1,5,1
KR_6767154170,420,1,22,11,9,-2,0,2,8,11,3,-1,2,3,2,3,1,2,2,0,1,5,-1,-4,8,4,6,0,0,1,-1,-1,1,6,1
KR_6718656151,420,3,42,30,9,1,1,0,4,4,0,3,3,0,1,1,0,0,1,1,0,7,54,-1,6,5,0,0,0,1,1,0,-1,2,1
KR_6766662807,420,-1,-51,-20,-3,-1,2,3,-1,2,3,1,2,1,-2,0,2,0,0,0,0,1,1,2,5,7,-1,0,-1,-1,-1,-1,-1,6,1
KR_6674376086,420,4,2,0,10,-5,1,6,3,5,2,6,8,2,3,5,2,3,3,0,0,17,16,3,6,9,4,0,0,-1,-1,1,-1,5,1
KR_6756458377,420,0,85,-17,4,2,3,1,3,3,0,-1,4,5,1,1,0,-1,0,1,0,-1,121,-1,8,7,5,0,0,1,-1,0,1,6,1
KR_6711677360,420,10,136,17,20,6,6,0,4,5,1,3,4,1,4,9,5,3,3,0,0,14,-1,1,6,7,2,0,5,1,1,1,1,1,1
KR_6767303609,440,-1,-58,-5,1,-1,1,2,5,6,1,1,5,4,-4,1,5,0,2,2,1,3,3,0,3,3,2,0,0,0,1,-1,1,0,1
KR_6704113984,420,6,39,6,17,-1,0,1,1,2,1,18,18,0,-2,2,4,1,3,2,1,17,9,0,1,1,-2,0,5,1,1,1,1,5,1
KR_6604100036,420,2,71,4,4,1,2,1,0,1,1,0,1,1,1,3,2,2,3,1,0,3,0,-1,7,6,7,0,1,1,-1,1,-1,1,1
KR_6707734283,440,1,-36,15,8,3,5,2,3,7,4,-1,3,4,1,1,0,2,2,0,0,18,-11,3,4,7,2,0,0,1,1,0,1,3,1
KR_6698028974,420,1,70,-16,6,3,3,0,-1,1,2,2,3,1,0,1,1,2,3,1,0,7,-37,-4,9,5,8,0,0,-1,1,1,1,3,1
KR_6766041573,420,-1,16,-6,6,1,1,0,5,7,2,1,1,0,-1,4,5,0,1,1,1,8,0,0,6,6,6,0,1,1,1,1,1,4,1
KR_6687965965,420,2,76,-18,11,5,5,0,3,4,1,-3,1,4,5,6,1,1,3,2,1,14,0,-1,9,8,-5,0,2,1,-1,1,1,5,1
KR_6707247000,420,-2,-12,-24,-4,2,2,0,-3,0,3,4,5,1,-3,0,3,-4,0,4,0,-3,-24,-3,7,4,0,0,-1,-1,-1,-1,-1,5,1
KR_6751821619,420,1,-13,16,9,4,6,2,0,0,0,4,5,1,0,4,4,1,2,1,0,13,2,2,4,6,3,0,1,-1,1,1,1,1,1
KR_6650467016,420,1,-10,16,-1,5,5,0,-3,1,4,-5,0,5,0,2,2,2,2,0,0,-4,-2,-1,4,3,0,0,-1,-1,-1,-1,1,1,1
KR_6744566454,420,5,74,5,9,2,4,2,7,8,1,4,7,3,-3,2,5,-1,3,4,3,10,0,1,2,3,2,0,2,1,1,1,1,5,1
KR_6767134239,420,0,42,-20,-3,-4,0,4,1,2,1,2,3,1,-5,0,5,3,3,0,0,4,64,2,4,6,-6,0,-1,-1,-1,-1,-1,6,1
KR_6765953076,420,7,77,-12,13,4,6,2,1,3,2,5,5,0,3,4,1,0,1,1,0,10,-142,-3,5,2,5,0,2,1,1,1,-1,4,1
KR_6748172769,420,0,9,-3,3,2,2,0,2,2,0,-2,1,3,1,2,1,0,1,1,0,2,57,3,2,5,-2,0,0,1,1,1,1,4,1
KR_6698742232,420,-1,-15,43,-6,1,2,1,-1,1,2,-3,1,4,0,6,6,-3,0,3,0,-9,43,0,5,5,-23,0,0,1,-1,0,-1,4,1
KR_6737611936,420,-1,25,-19,4,5,5,0,-3,2,5,3,4,1,0,4,4,-1,1,2,4,7,-8,-3,7,4,-1,0,0,1,-1,0,1,2,1
KR_6751421056,420,3,-29,-2,5,-2,1,3,2,3,1,0,4,4,3,5,2,2,3,1,-1,5,6,4,4,8,-1,0,1,1,1,1,-1,6,1
KR_6762635801,420,-1,-4,7,-2,1,2,1,-1,1,2,-2,3,5,2,4,2,-2,1,3,0,6,0,-2,9,7,2,0,-1,1,-1,-1,1,6,1
KR_6610811029,420,1,-2,20,-3,-2,0,2,-1,6,7,-2,0,2,0,5,5,2,3,1,2,0,0,-1,9,8,8,0,1,1,-1,1,1,3,1
KR_6759847248,420,1,-72,8,9,1,1,0,5,6,1,1,3,2,-2,3,5,4,5,1,0,10,3,4,4,8,-6,0,1,1,-1,1,-1,6,1
KR_6758803711,420,6,42,34,2,1,2,1,2,4,2,-2,2,4,2,4,2,-1,1,2,0,0,-19,-3,6,3,2,0,1,-1,1,1,-1,6,1
KR_6763708771,420,-6,-30,-21,-10,-1,0,1,-7,0,7,1,2,1,-4,2,6,1,2,1,0,-11,-5,0,4,4,2,0,0,1,-1,-1,-1,5,1
KR_6714586241,420,-1,-19,-14,5,1,1,0,1,4,3,1,2,1,3,4,1,-1,0,1,0,3,4,3,5,8,3,0,1,1,-1,1,1,3,1
KR_6663737102,420,1,-14,-14,6,2,2,0,3,3,0,2,2,0,-2,1,3,1,1,0,0,0,-5,3,3,6,5,0,0,-1,1,0,1,3,1
KR_6751908349,420,-4,-1,-57,-5,-3,1,4,-5,0,5,-2,1,3,2,2,0,3,3,0,1,-2,-40,0,4,4,-4,0,1,-1,1,1,1,1,1
KR_6659324279,420,2,-2,9,3,-2,1,3,-2,2,4,1,4,3,5,6,1,1,3,2,0,13,14,-4,10,6,-1,0,-1,1,0,-1,-1,1,1
KR_6689025482,420,0,-23,4,0,0,1,1,4,6,2,3,4,1,-6,3,9,-1,0,1,0,2,-4,2,5,7,-3,0,0,-1,1,-1,1,5,1
KR_6739085821,420,1,19,15,3,-2,2,4,2,6,4,4,6,2,-1,1,2,0,1,1,0,0,-24,5,4,9,2,0,-1,1,-1,-1,-1,5,1
KR_6730927396,420,1,0,-20,7,-4,0,4,2,3,1,1,2,1,8,10,2,0,1,1,0,11,-2,3,2,5,1,0,0,-1,1,1,1,2,1
KR_6690092330,420,4,97,48,10,2,2,0,6,6,0,0,6,6,1,3,2,1,2,1,0,7,11,3,5,8,5,0,3,1,1,1,1,2,1
KR_6723607837,420,-1,13,9,-4,-3,0,3,-2,5,7,1,1,0,3,6,3,-3,0,3,1,-3,47,0,5,5,5,0,-1,1,-1,-1,-1,1,1
KR_6751497012,420,4,-15,41,5,2,3,1,-2,3,5,5,7,2,0,1,1,0,1,1,0,-1,14,3,6,9,-8,0,2,1,-1,1,1,4,1
KR_6630529218,440,2,-16,-12,2,-2,1,3,3,4,1,2,4,2,3,6,3,-4,0,4,0,-1,15,8,1,9,-5,0,2,1,1,1,1,1,1
KR_6637379115,420,0,10,6,-3,0,2,2,1,3,2,0,3,3,-2,3,5,-2,0,2,0,-3,12,-1,6,5,-3,0,-1,0,0,-1,-1,0,1
KR_6762154251,420,0,1,15,3,0,1,1,-1,1,2,4,4,0,1,1,0,-1,0,1,0,3,-30,1,6,7,3,0,-1,1,-1,-1,-1,5,1
KR_6743803329,440,-1,2,-15,-2,1,1,0,0,5,5,0,2,2,-1,2,3,-2,0,2,1,-3,-20,-4,9,5,6,0,1,0,1,1,1,0,1
KR_6762397835,420,3,35,28,3,0,1,1,2,4,2,0,2,2,0,3,3,1,1,0,0,1,26,5,3,8,-4,0,0,1,1,0,1,6,1
KR_6763213281,420,6,100,21,12,1,2,1,2,2,0,2,3,1,5,5,0,2,2,0,0,23,-2,4,4,8,0,0,2,1,-1,1,1,1,1
KR_6766814006,440,1,20,-22,-3,0,5,5,1,2,1,-6,1,7,3,6,3,-1,0,1,-2,0,-7,-2,7,5,2,0,0,-1,-1,-1,-1,6,1
KR_6760875855,420,-2,-1,-3,-3,1,2,1,-2,5,7,-1,0,1,-1,1,2,0,1,1,0,3,7,0,5,5,0,0,0,1,-1,1,-1,6,1
KR_6634313950,440,2,69,20,7,0,1,1,2,2,0,-1,3,4,7,10,3,-1,1,2,0,14,23,-1,4,3,-1,0,2,1,1,1,-1,3,1
KR_6759282860,420,1,52,12,-3,-1,1,2,-1,1,2,-1,4,5,1,2,1,-1,1,2,0,-9,-21,-7,9,2,2,0,0,-1,1,1,1,4,1
KR_6429011973,420,-1,68,-10,6,2,2,0,5,5,0,1,3,2,0,2,2,-2,1,3,0,6,-41,-1,7,6,5,0,2,1,1,1,1,4,1
KR_6767237662,420,0,17,8,0,0,0,0,0,4,4,1,2,1,0,2,2,-1,3,4,0,0,-6,0,4,4,2,0,1,1,1,1,-1,5,1
KR_6617052881,420,-1,-29,2,1,0,2,2,0,3,3,-3,0,3,4,8,4,0,1,1,0,5,-24,2,7,9,7,0,0,-1,1,1,1,6,1
KR_6679218121,420,1,4,-3,1,1,4,3,-4,3,7,-1,1,2,5,5,0,0,1,1,0,-1,4,-1,6,5,-1,0,0,-1,1,0,1,6,1
KR_6702851369,420,4,12,12,8,5,5,0,0,3,3,1,3,2,2,5,3,0,2,2,0,4,17,5,3,8,-3,0,0,-1,1,0,1,1,1
KR_6677064701,420,2,62,13,0,1,3,2,5,10,5,-2,2,4,-3,2,5,-1,0,1,0,-1,5,2,8,10,4,0,0,1,-1,0,1,3,1
KR_6703537671,420,3,25,11,11,2,6,4,1,2,1,6,8,2,1,2,1,1,1,0,0,8,-5,-2,6,4,5,0,0,1,-1,0,1,5,1
KR_6697154547,420,5,59,24,10,4,5,1,0,3,3,2,4,2,3,6,3,1,2,1,1,11,-8,-6,11,5,6,0,2,1,-1,1,1,3,1
KR_6749214414,420,2,34,17,9,-2,0,2,3,5,2,1,2,1,5,6,1,2,4,2,0,11,-28,0,7,7,6,0,0,1,1,1,-1,3,1
KR_6625615980,420,3,-13,21,8,5,5,0,3,4,1,2,4,2,0,2,2,-2,0,2,0,10,-3,0,4,4,4,0,0,-1,1,1,1,1,1
KR_6656458091,420,6,88,32,9,4,5,1,2,2,0,3,6,3,-1,1,2,1,2,1,0,7,4,1,6,7,-1,0,2,-1,1,1,-1,2,1
KR_6659993254,420,4,72,18,11,7,7,0,5,6,1,-1,3,4,1,1,0,-1,0,1,0,15,-41,3,4,7,4,0,0,-1,1,1,1,4,1
KR_6766779809,420,3,57,-2,6,-1,0,1,0,3,3,3,3,0,1,4,3,3,3,0,0,10,-5,-2,6,4,3,0,1,1,-1,1,-1,1,1
KR_6704927357,420,1,67,-8,3,5,5,0,2,4,2,-3,0,3,-2,1,3,1,1,0,0,3,-2,3,4,7,-3,0,-1,1,-1,-1,1,2,1
KR_6698724850,420,4,32,40,12,3,5,2,3,3,0,0,3,3,6,8,2,0,2,2,2,11,-1,-2,10,8,4,0,1,1,1,1,1,5,1
KR_6758384186,420,1,60,20,-8,-2,0,2,-4,4,8,-5,0,5,3,5,2,0,0,0,0,-10,-175,3,6,9,-4,0,0,1,-1,0,-1,6,1
KR_6690285286,420,-3,-18,1,-3,-1,0,1,-1,3,4,-3,0,3,3,5,2,-1,1,2,0,2,-3,-2,11,9,-4,0,-1,1,-1,-1,-1,3,1
KR_6720879186,420,-3,14,21,-7,1,4,3,-4,3,7,1,1,0,-4,0,4,-1,1,2,1,-7,-2,-2,7,5,6,0,-1,1,-1,-1,1,5,1
KR_6759511751,420,-1,52,-1,-5,0,2,2,-7,2,9,-1,0,1,2,3,1,1,1,0,0,-6,189,1,4,5,3,0,0,1,0,1,-1,4,1
KR_6651253391,420,2,-15,29,4,1,1,0,5,7,2,1,3,2,-3,0,3,0,0,0,0,0,2,0,2,2,-1,0,0,1,1,0,-1,6,1
KR_6767660952,420,4,54,-18,0,1,3,2,1,4,3,1,5,4,-4,1,5,1,3,2,-1,-9,-2,2,5,7,4,0,0,1,-1,1,1,1,1
KR_6689786067,440,6,34,15,16,-1,0,1,7,9,2,0,2,2,8,9,1,2,3,1,1,10,5,4,5,9,0,0,0,1,1,-1,-1,2,1
KR_6766195998,420,1,65,24,5,4,4,0,4,9,5,-2,1,3,1,7,6,-2,0,2,1,13,40,6,4,10,-1,0,0,-1,1,0,1,1,1
KR_6604108346,420,2,8,22,-1,-6,1,7,2,3,1,0,2,2,2,3,1,1,3,2,0,-5,7,4,4,8,-3,0,0,1,-1,1,-1,4,1
KR_6767524566,420,1,32,9,5,2,3,1,-1,0,1,1,1,0,1,4,3,2,2,0,3,15,14,0,5,5,-5,0,1,0,1,1,1,0,1
KR_6759129213,420,0,1,-29,2,3,3,0,1,2,1,2,3,1,-4,0,4,0,0,0,2,2,17,3,4,7,2,0,0,-1,1,-1,1,1,1
KR_6761785054,440,3,48,28,5,6,6,0,-3,2,5,4,5,1,-2,0,2,0,1,1,0,-1,0,2,4,6,-1,0,2,-1,-1,1,-1,6,1
KR_6735348260,440,2,56,-4,8,0,1,1,1,2,1,-1,1,2,8,10,2,0,0,0,0,9,-21,-5,6,1,4,0,0,1,-1,1,-1,1,1
KR_6722474359,420,-1,56,-8,3,-1,2,3,5,7,2,0,1,1,0,0,0,-1,1,2,0,6,8,5,2,7,-5,0,1,-1,1,1,-1,6,1
KR_6767029438,440,-1,16,29,9,4,4,0,-2,1,3,0,1,1,5,7,2,2,2,0,0,11,-3,4,4,8,5,0,1,-1,1,1,1,4,1
KR_6762535482,420,0,-12,8,1,0,0,0,1,3,2,2,2,0,-1,3,4,-1,0,1,0,-1,103,6,5,11,-6,0,-1,0,-1,-1,1,0,1
KR_6759259318,420,0,142,-13,5,12,13,1,-2,3,5,-1,0,1,-2,3,5,-2,1,3,1,-7,-1,-1,5,4,1,1,5,-1,1,1,1,5,1
KR_6720088540,420,-5,-52,-21,-9,-9,0,9,-5,0,5,5,5,0,0,2,2,0,2,2,-1,-4,-4,-2,7,5,9,0,-1,1,-1,-1,-1,5,1
KR_6678022980,420,-2,-35,-10,0,-1,3,4,-2,4,6,0,2,2,1,2,1,2,2,0,0,10,55,-4,9,5,0,0,0,-1,-1,-1,1,3,1
KR_6595034421,440,7,122,15,20,3,4,1,11,11,0,2,5,3,1,3,2,3,4,1,0,15,-6,-2,6,4,7,0,4,1,1,1,1,6,1
KR_6760462252,420,-2,-69,40,4,6,7,1,0,2,2,-2,1,3,0,1,1,0,0,0,0,5,-3,-2,5,3,-1,0,-1,1,1,-1,1,1,1
KR_6721555671,420,4,-6,28,9,2,3,1,4,5,1,-1,0,1,3,5,2,1,1,0,0,18,-7,-3,6,3,2,0,0,1,1,1,-1,1,1
KR_6647589592,420,4,57,19,7,4,4,0,-1,2,3,0,3,3,3,4,1,1,1,0,1,13,56,-2,9,7,1,0,1,0,1,1,1,0,1
KR_6718520244,420,1,52,13,-1,-1,1,2,2,2,0,-5,1,6,3,3,0,0,0,0,0,-7,-7,9,3,12,-7,0,1,1,-1,1,1,5,1
KR_6680832558,420,6,31,16,20,-1,1,2,7,8,1,7,8,1,4,4,0,3,3,0,0,20,-254,-6,8,2,2,0,1,1,-1,1,-1,1,1
KR_6703751102,420,0,32,-8,6,-2,1,3,3,4,1,1,1,0,5,6,1,-1,0,1,0,15,4,1,5,6,-4,0,1,-1,-1,-1,1,2,1
KR_6639536002,420,1,-20,-22,6,-3,1,4,-3,1,4,5,7,2,6,7,1,1,1,0,0,16,13,4,2,6,-5,0,1,-1,-1,1,-1,2,1
KR_6704342139,420,5,65,5,12,-3,0,3,2,3,1,1,2,1,12,13,1,0,0,0,0,13,13,3,6,9,-6,0,1,1,1,1,1,2,1
KR_6765906434,420,1,-2,11,-7,-3,2,5,-2,3,5,-3,2,5,1,1,0,0,1,1,0,-4,-12,-4,11,7,-2,0,0,-1,-1,1,-1,6,1
KR_6673714263,420,2,-9,15,5,1,1,0,3,5,2,-3,2,5,3,3,0,1,2,1,3,7,8,-1,4,3,-4,0,0,0,1,0,1,0,1
KR_6744421010,420,3,70,46,4,-2,1,3,-1,2,3,-2,2,4,6,7,1,3,5,2,0,6,-7,-1,7,6,-1,0,4,1,1,1,1,1,1
KR_6693386929,420,8,37,13,23,6,6,0,2,3,1,5,8,3,4,6,2,6,6,0,0,21,13,3,1,4,4,0,3,1,1,1,1,2,1
KR_6766010514,440,1,72,21,-5,5,5,0,-4,3,7,-1,1,2,-3,0,3,-2,0,2,0,-9,3,0,2,2,2,0,0,-1,1,1,-1,6,1
KR_6749371278,420,-3,-10,0,-2,-2,1,3,-5,2,7,3,5,2,5,5,0,-3,1,4,-1,-2,9,-5,8,3,-6,0,-2,1,-1,-1,-1,6,1
KR_6755356073,440,-1,-46,-4,2,4,5,1,3,4,1,-5,0,5,0,3,3,0,1,1,0,-8,-14,-7,13,6,6,0,1,0,1,1,-1,0,1
KR_6685364532,420,0,36,16,-4,-3,0,3,-1,2,3,2,4,2,1,3,2,-3,1,4,0,-4,-32,-2,8,6,3,0,-1,1,-1,-1,-1,4,1
KR_6741035527,420,4,76,2,11,0,1,1,4,7,3,4,5,1,3,6,3,0,0,0,0,15,4,3,5,8,1,0,1,1,1,1,1,1,1
KR_6767978585,420,3,92,-28,3,1,2,1,0,1,1,-1,2,3,2,2,0,1,1,0,0,6,2,0,2,2,-1,0,-1,1,-1,-1,1,4,1
KR_6743502426,420,6,73,16,15,2,3,1,-1,1,2,11,11,0,3,4,1,0,1,1,0,12,57,-1,7,6,3,1,5,1,1,1,1,6,1
KR_6668077858,420,2,6,3,-2,1,2,1,2,3,1,-4,1,5,0,1,1,-1,0,1,-1,-3,-7,0,3,3,-1,0,1,-1,-1,1,-1,2,1
KR_6644718471,420,3,31,-3,5,3,6,3,3,3,0,4,4,0,-4,1,5,-1,1,2,0,4,152,6,4,10,-2,0,2,-1,1,1,-1,3,1
KR_6758311444,420,2,8,12,5,2,3,1,5,6,1,-4,0,4,2,4,2,0,1,1,0,9,6,2,3,5,0,0,-2,-1,-1,-1,-1,6,1
KR_6644721074,420,3,55,24,5,4,5,1,-1,3,4,3,3,0,-1,1,2,0,0,0,0,-2,-9,-4,9,5,4,0,2,-1,1,1,1,3,1
KR_6639030425,420,1,30,0,5,1,4,3,4,7,3,-2,1,3,3,3,0,-1,1,2,0,-1,32,1,6,7,1,0,1,-1,1,1,1,5,1
KR_6767608775,420,6,56,44,16,1,2,1,-1,3,4,9,11,2,4,5,1,3,3,0,0,16,-4,1,6,7,5,0,1,1,1,1,1,1,1
KR_6752181222,420,-3,-60,12,-7,-5,2,7,-1,1,2,1,2,1,1,4,3,-3,0,3,0,-4,-2,4,4,8,-6,0,-2,1,-1,-1,-1,3,1
KR_6760527418,420,2,51,0,8,1,1,0,0,2,2,0,1,1,7,7,0,0,0,0,0,12,-3,-1,6,5,9,0,1,1,-1,1,1,3,1
KR_6725613923,420,1,-21,12,4,0,2,2,3,3,0,1,2,1,-1,3,4,1,2,1,0,8,11,1,4,5,-1,0,-1,0,-1,-1,1,0,1
KR_6752799613,420,3,28,-13,5,3,3,0,4,5,1,1,2,1,-2,1,3,-1,0,1,1,2,-1,4,3,7,-2,0,3,1,1,1,1,2,1
KR_6742417093,420,-3,-58,-14,-3,2,2,0,-8,1,9,-3,1,4,5,5,0,1,1,0,0,-9,125,3,6,9,3,0,-1,1,1,-1,1,2,1
KR_6726022504,420,0,6,-8,-1,0,3,3,-2,2,4,-1,1,2,1,5,4,1,1,0,0,-1,-27,-4,9,5,-1,0,1,1,-1,1,1,6,1
KR_6756014592,420,2,-15,20,4,5,5,0,7,8,1,-1,3,4,-7,1,8,0,1,1,1,11,231,2,6,8,-6,0,1,-1,1,-1,1,5,1
KR_6756630515,440,2,14,7,9,2,2,0,-1,1,2,2,5,3,8,11,3,-2,1,3,4,18,-33,-3,5,2,3,0,0,1,1,1,1,4,1
KR_6736175843,420,4,11,-8,5,0,1,1,-1,0,1,2,2,0,0,2,2,4,5,1,1,0,0,1,6,7,5,0,1,1,1,1,1,2,1
KR_6765155164,420,0,22,20,2,4,5,1,-2,2,4,0,1,1,1,3,2,-1,0,1,0,0,-3,-2,5,3,1,0,0,1,1,0,-1,2,1
KR_6753894642,420,3,20,-8,8,-4,0,4,7,11,4,2,2,0,2,7,5,1,1,0,-1,18,5,4,4,8,-3,0,0,1,1,0,-1,4,1
KR_6690315630,420,4,26,35,5,1,1,0,2,5,3,1,2,1,-2,2,4,3,3,0,0,2,-58,3,4,7,-1,0,1,1,1,1,-1,4,1
KR_6664000938,420,2,-10,3,4,2,2,0,-2,3,5,-1,0,1,5,5,0,0,0,0,0,15,-21,1,6,7,0,0,1,-1,1,1,-1,2,1
KR_6751392803,420,-1,-55,4,-4,1,1,0,1,5,4,-3,1,4,-2,2,4,-1,1,2,-1,-3,-4,-3,7,4,-1,0,0,-1,1,-1,-1,2,1
KR_6764607803,440,-2,13,0,-5,-3,2,5,4,5,1,-6,0,6,-3,2,5,3,4,1,1,-1,-2,5,6,11,0,0,0,-1,-1,-1,1,4,1
KR_6644830176,420,4,61,-4,9,-1,3,4,1,2,1,8,8,0,0,0,0,1,1,0,0,7,145,5,4,9,-6,0,3,0,1,1,1,0,1
KR_6762124585,420,4,81,44,10,4,5,1,3,3,0,-4,1,5,7,7,0,0,3,3,2,5,-3,4,6,10,-1,0,3,1,-1,1,1,6,1
KR_6719429375,420,1,41,-2,6,9,9,0,1,3,2,-1,1,2,1,2,1,-4,1,5,0,2,8,6,4,10,-7,0,-1,-1,1,1,-1,3,1
KR_6745143531,420,1,12,-12,6,-1,2,3,1,2,1,-3,1,4,8,9,1,1,1,0,0,7,2,2,8,10,3,0,1,1,1,1,-1,3,1
KR_6728090879,420,2,51,0,7,1,2,1,-3,2,5,1,3,2,9,9,0,-1,0,1,0,14,95,2,5,7,2,0,3,-1,-1,1,1,2,1
KR_6766186142,420,3,85,13,5,3,4,1,0,1,1,-1,1,2,1,2,1,2,2,0,0,1,8,0,6,6,-3,0,1,1,0,1,1,1,1
KR_6762153817,420,3,53,-5,12,-2,0,2,8,10,2,3,3,0,0,0,0,3,4,1,2,20,2,4,5,9,2,0,1,1,-1,1,1,6,1
KR_6703577628,420,-1,86,-12,0,0,3,3,0,1,1,1,3,2,-1,1,2,0,0,0,1,2,35,4,3,7,-1,0,0,1,-1,0,1,6,1
KR_6680055559,420,5,31,13,15,2,3,1,2,3,1,7,7,0,2,2,0,2,4,2,0,12,-102,-1,4,3,4,0,1,1,1,1,1,1,1
KR_6755163116,420,2,2,-16,4,0,0,0,-1,1,2,2,2,0,3,5,2,0,1,1,2,9,-173,0,5,5,2,0,0,-1,-1,0,1,2,1
KR_6768017946,420,2,33,-14,7,0,1,1,5,10,5,-1,1,2,3,4,1,0,0,0,0,6,1,1,5,6,-5,0,-1,-1,-1,-1,1,5,1
KR_6741007957,420,2,-19,44,0,-3,0,3,1,3,2,1,2,1,-1,3,4,2,2,0,0,-3,4,0,5,5,-3,0,2,1,-1,1,-1,5,1
KR_6703363633,420,4,125,34,7,2,3,1,-2,2,4,1,4,3,6,6,0,0,0,0,0,9,9,4,4,8,2,0,1,1,-1,1,1,2,1
KR_6766654377,420,1,40,12,5,2,4,2,2,5,3,-3,1,4,4,6,2,0,0,0,-2,9,-3,3,9,12,-2,0,0,1,1,0,-1,4,1
KR_6738080678,420,-2,-11,28,-3,1,2,1,1,3,2,-1,1,2,-3,3,6,-1,0,1,0,2,16,-1,8,7,-1,0,0,-1,1,1,-1,5,1
KR_6690587880,420,4,108,-20,6,2,2,0,-1,2,3,1,1,0,3,5,2,1,1,0,0,17,-14,-1,7,6,5,0,0,-1,-1,1,-1,3,1
KR_6766600825,420,2,16,34,2,3,4,1,1,2,1,-1,1,2,-1,2,3,0,0,0,0,1,17,-1,7,6,-4,0,0,-1,1,-1,-1,3,1
KR_6754128447,420,4,55,-5,17,1,3,2,3,5,2,7,7,0,4,4,0,2,3,1,0,25,1,0,5,5,3,0,0,-1,1,1,1,3,1
KR_6663804390,440,3,-7,13,-1,-1,0,1,4,6,2,-1,3,4,-3,1,4,0,1,1,0,0,4,2,3,5,2,0,2,-1,1,1,-1,4,1
KR_6703792286,420,4,12,61,5,0,2,2,5,5,0,4,5,1,-4,0,4,0,0,0,0,9,7,3,2,5,5,0,4,1,1,1,-1,5,1
KR_6630844597,420,0,25,-24,-2,2,2,0,-1,1,2,-3,2,5,0,1,1,0,1,1,0,-1,-3,1,5,6,1,0,0,1,-1,1,-1,1,1
KR_6764530751,420,0,30,-15,5,2,6,4,-3,1,4,1,3,2,4,5,1,1,1,0,0,7,7,7,0,7,-2,0,1,1,1,1,1,6,1
KR_6747253253,420,-4,-84,-7,-14,-6,1,7,-5,1,6,-1,3,4,-3,3,6,1,2,1,0,-20,-262,-4,8,4,-2,0,0,1,-1,-1,-1,2,1
KR_6751205006,420,-3,-38,-4,-3,1,2,1,0,4,4,-4,0,4,0,1,1,0,0,0,0,-2,-13,2,5,7,1,0,0,-1,1,0,1,6,1
KR_6630088102,420,7,42,23,12,0,2,2,9,10,1,4,6,2,0,2,2,-1,0,1,0,18,2,-5,10,5,-1,0,1,1,1,1,-1,6,1
KR_6735030924,420,3,22,25,7,1,3,2,-4,0,4,0,4,4,8,8,0,2,2,0,1,15,19,-2,8,6,0,0,0,-1,1,1,1,4,1
KR_6693418707,420,-3,-5,1,0,-1,1,2,4,5,1,-3,0,3,-1,2,3,1,3,2,0,2,-35,-4,12,8,6,0,-1,1,-1,-1,1,5,1
KR_6730038539,440,3,48,3,4,2,4,2,1,3,2,-2,2,4,-2,1,3,5,6,1,0,-1,-9,-5,7,2,3,0,3,-1,1,1,-1,1,1
KR_6747332791,420,1,38,8,2,1,3,2,0,2,2,1,2,1,-1,1,2,1,1,0,1,6,-26,-5,11,6,10,0,0,1,-1,0,1,4,1
KR_6756831706,420,3,60,-7,8,3,3,0,4,6,2,-1,1,2,2,3,1,0,0,0,0,13,40,2,3,5,4,0,0,-1,1,0,1,6,1
KR_6766549835,420,-2,30,-31,-2,-2,1,3,-2,2,4,2,4,2,2,3,1,-2,0,2,0,-4,34,4,4,8,-2,0,0,0,-1,1,1,0,1
KR_6680734293,420,3,28,-16,6,10,11,1,3,4,1,-1,1,2,-8,7,15,2,2,0,-1,7,4,3,7,10,-6,0,0,1,-1,1,1,5,1
KR_6687698481,420,0,-21,-36,2,2,2,0,-3,4,7,-2,1,3,4,5,1,1,1,0,0,7,-6,3,5,8,4,0,0,-1,1,0,1,3,1
KR_6735168977,420,4,65,16,9,2,2,0,3,7,4,-2,1,3,3,4,1,3,4,1,0,7,3,3,4,7,5,0,1,1,1,1,1,1,1
KR_6714963313,420,0,-39,-4,1,-7,0,7,3,4,1,0,0,0,5,5,0,0,0,0,0,4,-65,7,3,10,13,0,-1,1,-1,-1,1,3,1
KR_6761740857,440,6,76,52,10,-2,0,2,-1,6,7,2,2,0,5,5,0,6,7,1,0,5,-27,-5,9,4,2,0,1,0,-1,1,-1,0,1
KR_6719347152,420,2,21,25,2,-3,0,3,3,4,1,1,5,4,-1,2,3,2,2,0,0,7,48,-4,6,2,1,0,0,1,1,1,-1,6,1
KR_6740871141,420,5,47,22,9,4,7,3,2,4,2,4,4,0,-1,0,1,0,3,3,0,-1,26,-2,5,3,7,0,2,1,1,1,1,2,1
KR_6728948215,420,3,38,16,9,0,2,2,5,6,1,3,6,3,1,1,0,0,1,1,0,13,5,-1,5,4,3,0,0,1,-1,0,1,3,1
KR_6762440068,420,2,-8,0,0,2,2,0,2,4,2,2,3,1,-4,1,5,-2,1,3,0,0,6,0,5,5,0,0,0,-1,1,0,-1,4,1
KR_6714438270,420,1,5,12,5,-2,3,5,6,8,2,-2,0,2,4,4,0,-1,0,1,0,9,28,-2,10,8,-1,0,0,1,1,0,-1,5,1
KR_6676878368,420,3,26,18,8,0,1,1,3,7,4,5,6,1,1,3,2,-1,0,1,0,10,9,2,5,7,8,0,2,-1,1,1,1,6,1
KR_6704763982,420,3,71,12,9,2,3,1,6,6,0,2,2,0,0,6,6,-1,0,1,0,5,1,-3,6,3,1,0,1,1,1,1,1,3,1
KR_6649395090,420,1,-10,-16,9,-1,1,2,3,4,1,3,4,1,4,5,1,0,1,1,0,8,-5,0,5,5,1,0,0,1,-1,0,1,2,1
KR_6637155711,420,6,11,19,14,0,2,2,4,6,2,4,4,0,1,4,3,5,6,1,1,12,10,-1,7,6,2,0,1,1,-1,1,1,2,1
KR_6767760947,420,0,-78,37,1,1,1,0,0,2,2,1,4,3,1,2,1,-2,0,2,0,0,-3,0,6,6,-9,0,0,0,1,0,-1,0,1
KR_6668102745,420,4,76,21,7,3,4,1,4,5,1,2,3,1,-1,1,2,-1,0,1,0,6,-22,3,3,6,-1,0,1,-1,-1,1,1,6,1
KR_6688809342,420,1,-33,35,-4,-2,1,3,3,4,1,-5,0,5,0,3,3,0,1,1,0,-10,3,0,7,7,-4,0,-1,1,-1,-1,-1,3,1
KR_6766572441,420,2,9,24,2,3,6,3,3,3,0,-2,1,3,-2,2,4,0,1,1,1,1,8,7,5,12,-2,0,0,0,1,1,-1,0,1
KR_6759787363,420,0,-8,-16,2,2,2,0,-1,1,2,2,3,1,-1,3,4,0,1,1,0,-6,0,4,3,7,0,0,0,1,1,0,1,6,1
KR_6704508864,420,1,13,22,4,1,2,1,0,3,3,-1,1,2,2,3,1,2,2,0,1,3,-7,-5,11,6,5,0,0,1,1,1,1,2,1
KR_6729388413,420,1,39,-20,7,5,5,0,1,2,1,1,2,1,0,2,2,0,0,0,0,8,26,-2,8,6,-2,0,0,1,-1,0,1,4,1
KR_6656171384,420,5,47,4,11,7,7,0,-3,0,3,1,6,5,6,6,0,0,1,1,0,6,12,4,8,12,6,0,1,1,1,1,1,1,1
KR_6735403287,420,2,-25,16,-1,0,1,1,-1,1,2,0,1,1,-2,1,3,2,2,0,0,-8,-7,0,5,5,-4,0,0,-1,1,0,-1,1,1
KR_6767572425,420,3,80,8,10,1,3,2,10,10,0,-2,3,5,0,5,5,1,2,1,0,11,15,1,6,7,1,0,1,1,-1,1,1,2,1
KR_6766002032,420,2,-27,-4,5,-3,0,3,1,2,1,1,3,2,4,5,1,2,2,0,0,14,72,2,2,4,5,0,0,-1,1,1,1,5,1
KR_6763660933,420,3,89,41,3,2,3,1,-1,4,5,-1,2,3,3,3,0,0,1,1,0,1,4,5,1,6,-3,0,1,1,1,1,1,1,1
KR_6733588041,420,2,5,12,4,2,4,2,4,5,1,1,3,2,-2,2,4,-1,1,2,0,5,4,3,4,7,2,0,1,-1,1,1,1,3,1
KR_6762419956,420,-2,-47,11,-6,-3,3,6,3,4,1,2,2,0,-6,1,7,-2,1,3,0,-3,-6,-2,6,4,-5,0,0,0,-1,-1,-1,0,1
KR_6752232115,420,5,91,-12,9,2,2,0,5,7,2,4,5,1,-2,2,4,0,1,1,0,14,1,4,5,9,3,0,1,-1,1,1,1,1,1
KR_6752796781,420,-3,-42,-50,-3,1,3,2,-2,4,6,-4,2,6,1,3,2,1,1,0,1,-5,-20,0,5,5,-1,0,1,-1,1,1,1,3,1
KR_6731854809,420,-3,-32,-13,-6,-1,0,1,-1,2,3,-2,2,4,-1,1,2,-1,2,3,0,-2,60,-5,7,2,2,0,-1,1,-1,-1,-1,2,1
KR_6767145273,420,-1,-33,8,-13,1,3,2,-3,2,5,-1,1,2,-7,0,7,-3,0,3,0,-27,-26,-4,8,4,-4,0,-1,-1,1,-1,1,1,1
KR_6751808026,420,3,19,8,8,-1,2,3,0,2,2,0,2,2,9,9,0,0,2,2,-1,5,-1,-2,6,4,0,0,1,-1,1,1,-1,6,1
KR_6766141919,440,1,27,8,-5,7,9,2,-2,3,5,-4,0,4,-6,0,6,0,1,1,-1,-11,7,3,7,10,2,0,-2,-1,-1,-1,-1,5,1
KR_6741499490,420,0,-2,-4,2,-2,0,2,-1,4,5,3,5,2,0,5,5,2,2,0,0,-4,-8,0,4,4,1,0,0,1,-1,1,1,1,1
KR_6684698149,420,-1,-29,-20,8,2,3,1,2,6,4,0,6,6,4,4,0,0,3,3,-1,9,10,8,3,11,-3,0,0,1,1,1,-1,3,1
KR_6752278170,420,0,-17,-20,7,-2,1,3,6,8,2,2,4,2,1,3,2,0,0,0,1,8,-6,-3,4,1,8,0,0,1,1,0,1,2,1
KR_6620042717,420,-1,4,-20,-5,2,3,1,0,3,3,-3,3,6,-3,1,4,-1,0,1,-1,-9,-29,7,9,16,2,0,-1,-1,1,-1,1,4,1
KR_6741542247,420,2,43,-2,13,1,1,0,7,9,2,5,7,2,-1,1,2,1,2,1,0,12,-33,-1,6,5,6,0,1,-1,1,1,1,6,1
KR_6676401302,420,2,102,0,12,-1,3,4,-5,1,6,4,6,2,15,16,1,-1,0,1,0,8,-109,4,4,8,-1,0,1,-1,1,1,-1,3,1
KR_6763233735,420,2,20,10,3,3,4,1,-3,1,4,0,2,2,5,12,7,-2,0,2,2,-6,1,-4,9,5,1,0,2,1,1,1,1,4,1
KR_6650150846,420,3,43,5,7,1,4,3,8,9,1,-2,0,2,0,3,3,0,2,2,0,11,-4,2,5,7,1,0,2,1,1,1,1,4,1
KR_6672483503,420,3,2,19,6,1,2,1,3,4,1,2,3,1,-2,1,3,2,2,0,0,5,37,-5,8,3,0,0,1,-1,1,1,-1,1,1
KR_6750744970,420,-3,-36,-25,-1,0,1,1,-3,1,4,4,6,2,-5,0,5,3,3,0,0,-4,16,0,7,7,1,0,0,1,1,-1,-1,3,1
KR_6702444659,420,7,33,33,7,2,3,1,-1,2,3,5,6,1,2,4,2,-1,0,1,0,4,43,-2,9,7,-16,0,3,1,1,1,-1,5,1
KR_6767261715,420,3,41,11,-3,-1,3,4,1,1,0,-4,2,6,1,5,4,0,3,3,-2,-14,-17,3,6,9,6,0,1,1,1,1,-1,2,1
KR_6759051226,420,-1,-63,28,3,4,4,0,-3,1,4,-1,2,3,2,6,4,1,1,0,-1,3,-7,-3,8,5,3,0,0,1,1,0,-1,2,1
KR_6625397200,420,4,96,16,5,3,3,0,-2,2,4,1,2,1,6,7,1,-3,1,4,1,5,12,2,9,11,-4,0,1,1,1,1,1,4,1
KR_6764905095,420,2,51,-26,7,4,7,3,-1,2,3,5,7,2,3,4,1,-4,1,5,0,-4,7,0,2,2,-1,0,3,-1,1,1,1,1,1
KR_6761927886,440,1,-23,-1,8,1,2,1,0,0,0,2,2,0,0,1,1,5,5,0,0,6,-6,-1,4,3,2,0,0,-1,-1,-1,1,2,1
KR_6762256654,420,1,-3,5,4,2,4,2,-2,1,3,-3,2,5,5,6,1,2,2,0,0,-2,-32,4,4,8,2,0,-1,1,1,-1,1,6,1
KR_6752164206,420,1,-31,-3,-1,-3,0,3,-1,0,1,1,2,1,0,1,1,2,3,1,0,3,-13,0,6,6,3,0,0,1,1,0,-1,4,1
KR_6688582232,420,5,36,-18,12,0,1,1,4,5,1,4,5,1,0,2,2,4,5,1,0,22,11,1,4,5,-2,0,0,-1,1,1,-1,6,1
KR_6669609858,420,1,-29,17,-2,3,3,0,-1,3,4,-2,0,2,-3,0,3,1,1,0,0,-6,-43,-8,13,5,6,0,-1,1,-1,-1,-1,3,1
KR_6752238166,420,3,91,-22,6,1,2,1,-2,1,3,3,3,0,5,10,5,-1,1,2,0,10,-9,-3,10,7,4,0,0,1,-1,0,1,6,1
KR_6766686512,420,2,-77,5,8,2,3,1,3,3,0,0,2,2,2,6,4,1,2,1,0,9,22,-4,6,2,-5,0,1,1,-1,1,1,5,1
KR_6745383549,420,3,21,-7,1,2,2,0,0,3,3,1,3,2,-4,0,4,2,3,1,0,-4,-6,1,3,4,4,0,0,1,-1,0,-1,1,1
KR_6738367205,420,0,-8,-14,4,-3,3,6,2,2,0,0,1,1,3,4,1,2,2,0,0,4,-75,-2,6,4,9,0,-1,1,-1,-1,-1,4,1
KR_6700153735,420,3,48,-19,7,-1,1,2,3,5,2,-2,2,4,7,9,2,0,1,1,0,11,33,1,2,3,-14,0,-2,1,-1,-1,-1,1,1
KR_6708500342,420,1,109,23,1,1,2,1,0,5,5,-2,1,3,5,8,3,-3,2,5,-1,-1,2,1,5,6,1,0,1,1,-1,1,-1,1,1
KR_6711837266,420,4,17,60,14,1,2,1,12,15,3,0,5,5,1,3,2,0,1,1,2,19,9,1,6,7,-6,0,0,1,1,1,-1,6,1
KR_6746682769,420,0,12,14,-3,1,1,0,1,3,2,2,3,1,-6,1,7,-1,0,1,0,-2,15,4,8,12,-1,0,1,-1,1,1,-1,3,1
KR_6765850552,420,1,58,8,6,4,5,1,4,4,0,-2,0,2,2,6,4,-2,0,2,0,2,-12,4,3,7,-5,0,1,1,1,1,-1,4,1
KR_6699622284,420,-1,8,-1,5,0,1,1,-2,3,5,4,5,1,4,6,2,-1,1,2,0,9,13,5,4,9,-6,0,2,1,1,1,1,6,1
KR_6755385431,420,3,-63,-8,8,-3,0,3,4,5,1,6,7,1,1,3,2,0,4,4,1,11,7,3,4,7,3,0,1,1,-1,1,1,1,1
KR_6756017407,420,1,-44,4,3,2,2,0,2,3,1,-4,1,5,5,5,0,-2,2,4,0,5,12,1,4,5,3,0,0,-1,1,-1,1,2,1
KR_6742070822,420,5,11,12,8,4,4,0,2,3,1,2,3,1,0,5,5,0,0,0,0,9,27,-2,8,6,2,0,0,1,-1,0,1,4,1
KR_6755099528,420,2,-31,10,1,0,1,1,6,6,0,-4,1,5,-1,2,3,0,0,0,0,4,36,2,4,6,-3,0,-1,1,-1,-1,-1,3,1
KR_6766494009,420,1,47,17,1,4,4,0,1,3,2,0,0,0,-1,1,2,-3,0,3,0,1,2,1,4,5,1,0,0,1,-1,0,1,4,1
KR_6753522800,420,-3,32,-3,-2,1,2,1,-1,2,3,2,5,3,-3,2,5,-1,1,2,0,-1,-10,-4,7,3,1,0,0,0,-1,-1,1,0,1
KR_6766951266,420,1,111,12,3,2,3,1,-2,0,2,1,1,0,1,1,0,1,1,0,0,2,-16,1,2,3,5,0,0,1,-1,0,-1,6,1
KR_6606521027,420,-3,2,-24,-1,0,2,2,1,3,2,-2,1,3,-1,3,4,1,1,0,0,-3,-2,0,6,6,3,0,-1,-1,-1,-1,-1,5,1
KR_6743936595,420,-2,-67,-8,-1,-6,1,7,9,10,1,-6,1,7,3,5,2,-1,0,1,0,14,-17,-4,9,5,0,0,-2,-1,-1,-1,-1,2,1
KR_6684313867,420,9,87,23,25,6,6,0,9,9,0,6,8,2,3,7,4,1,1,0,2,18,9,4,3,7,5,0,3,-1,1,1,1,6,1
KR_6696597334,420,3,61,1,4,3,4,1,4,7,3,0,0,0,-2,2,4,-1,0,1,1,-11,-15,-6,10,4,9,0,1,-1,1,1,1,5,1
KR_6704653359,420,5,53,4,14,4,5,1,2,3,1,5,6,1,3,5,2,0,0,0,0,17,1,8,2,10,0,0,2,-1,1,1,1,3,1
KR_6759272123,440,3,47,4,6,4,4,0,0,2,2,1,7,6,1,7,6,0,1,1,-3,1,-9,5,1,6,-1,0,4,0,1,1,-1,0,1
KR_6668280800,420,2,14,31,8,2,2,0,2,5,3,-1,4,5,0,3,3,5,5,0,2,16,6,3,3,6,2,0,1,1,1,1,1,1,1
KR_6694718409,420,1,-32,-3,5,-1,1,2,2,7,5,0,2,2,2,3,1,2,2,0,0,7,0,3,3,6,1,0,1,1,-1,1,-1,5,1
KR_6720651482,420,1,15,-2,4,-1,2,3,1,6,5,0,3,3,5,6,1,-1,1,2,0,8,2,-3,8,5,2,0,2,1,1,1,-1,4,1
KR_6620120153,420,1,12,20,2,-4,1,5,0,4,4,2,3,1,4,7,3,0,3,3,1,8,-3,5,3,8,0,0,0,1,1,0,1,1,1
KR_6738604434,440,4,23,24,9,3,3,0,-1,2,3,3,3,0,2,2,0,2,2,0,1,8,8,4,7,11,3,0,1,-1,1,1,1,1,1
KR_6767050409,420,3,52,-3,8,4,4,0,1,4,3,-3,0,3,4,4,0,2,2,0,0,4,-115,6,4,10,-2,0,2,1,1,1,1,3,1
KR_6738241041,420,1,48,7,4,1,2,1,1,4,3,0,3,3,3,5,2,-1,3,4,0,8,2,-3,6,3,-4,0,0,1,1,0,-1,1,1
KR_6758788846,420,3,39,24,9,2,2,0,4,5,1,0,4,4,3,4,1,0,2,2,0,7,2,3,3,6,-1,0,1,1,1,1,-1,6,1
KR_6659196230,420,2,32,11,2,-3,1,4,7,8,1,2,4,2,-3,3,6,-1,0,1,-1,-2,0,-2,8,6,0,0,-2,-1,-1,-1,-1,1,1
KR_6613342196,420,-2,-5,-16,1,1,2,1,1,4,3,1,2,1,-1,3,4,-1,0,1,2,3,140,-2,7,5,3,0,0,-1,-1,0,1,4,1
KR_6762341074,420,0,21,-15,-3,2,3,1,-6,0,6,-1,0,1,1,1,0,1,1,0,-1,-6,3,3,4,7,-2,0,1,1,-1,1,-1,3,1
KR_6673356730,420,5,13,-13,8,5,5,0,-4,0,4,2,2,0,5,6,1,0,1,1,0,11,-25,0,9,9,27,0,2,1,1,1,1,5,1
KR_6766222255,420,1,0,14,7,0,3,3,3,6,3,0,2,2,6,7,1,-2,2,4,1,10,-11,-1,3,2,8,0,-1,-1,1,-1,1,3,1
KR_6730786420,420,-2,-56,-16,0,-1,0,1,1,5,4,-2,1,3,4,4,0,-2,1,3,0,1,-1,-3,5,2,0,0,-1,-1,-1,-1,-1,6,1
KR_6702593081,420,1,4,-29,5,3,4,1,5,6,1,-2,1,3,0,0,0,-1,1,2,0,4,13,3,3,6,-5,0,1,-1,1,1,1,5,1
KR_6704498984,420,5,39,16,16,5,5,0,0,4,4,0,3,3,4,6,2,7,7,0,2,21,6,-1,5,4,1,0,2,1,-1,1,1,2,1
KR_6746750733,420,0,-49,7,1,-2,0,2,-1,1,2,3,6,3,0,1,1,1,1,0,0,0,-6,0,6,6,-3,0,0,1,-1,-1,-1,1,1
KR_6767526931,420,4,-23,32,10,-1,2,3,0,3,3,4,4,0,6,6,0,1,2,1,0,13,-14,-2,7,5,-3,0,2,1,1,1,1,6,1
KR_6766113436,420,0,42,-25,7,4,5,1,4,5,1,-8,1,9,5,6,1,2,2,0,0,13,-114,3,4,7,7,0,2,-1,1,1,1,5,1
KR_6704131691,420,4,26,7,14,1,2,1,3,5,2,-2,1,3,4,6,2,8,8,0,0,19,19,3,9,12,6,0,0,1,1,1,1,2,1
KR_6677014766,420,3,-23,-7,-1,-4,2,6,5,5,0,0,4,4,-7,0,7,5,6,1,-1,9,5,0,7,7,-3,0,1,1,1,1,-1,3,1
KR_6688100303,420,0,-39,8,-6,-3,1,4,1,1,0,-2,1,3,-2,2,4,0,1,1,0,-5,-2,-5,10,5,-1,0,-2,-1,-1,-1,-1,2,1
KR_6677800654,440,3,16,26,0,-3,0,3,1,2,1,3,6,3,1,3,2,-2,0,2,0,-1,23,3,4,7,-2,0,2,1,1,1,-1,3,1
KR_6715252496,420,4,130,5,9,-1,2,3,0,2,2,5,6,1,5,6,1,0,0,0,0,5,2,-3,7,4,3,0,2,0,1,1,1,0,1
KR_6740025675,420,2,10,9,-3,3,4,1,-1,3,4,-1,1,2,-4,0,4,0,0,0,0,-11,5,-4,9,5,-2,0,0,1,1,0,-1,5,1
KR_6766615654,420,1,37,14,-2,-2,1,3,3,4,1,0,0,0,-3,1,4,0,2,2,0,-2,-19,-3,8,5,6,0,0,-1,1,1,-1,4,1
KR_6662873366,420,0,7,-21,3,4,5,1,-4,0,4,3,3,0,-1,2,3,1,1,0,0,-7,54,-2,8,6,-28,0,1,-1,1,1,1,6,1
KR_6731018795,420,0,-31,-10,0,-1,4,5,0,2,2,0,3,3,1,3,2,0,0,0,0,-6,1,4,3,7,-5,0,-1,1,1,-1,-1,6,1
KR_6732902646,420,-2,-25,-2,1,2,2,0,-6,3,9,-1,1,2,6,6,0,0,4,4,1,3,-18,-7,7,0,2,0,0,1,-1,-1,1,6,1
KR_6718834906,420,-2,20,11,-4,-1,3,4,3,4,1,-8,2,10,-1,2,3,3,4,1,-1,-7,15,3,6,9,-2,0,-1,-1,-1,-1,-1,2,1
KR_6681046125,420,4,18,1,6,1,3,2,2,4,2,-3,1,4,6,7,1,0,0,0,0,14,36,3,3,6,3,0,1,-1,-1,1,-1,4,1
KR_6694749911,420,4,11,-9,7,4,4,0,0,2,2,1,2,1,2,5,3,0,0,0,0,1,-16,3,3,6,-1,0,1,1,1,1,1,4,1
KR_6680723131,420,4,0,-2,4,-2,1,3,6,7,1,0,4,4,1,1,0,-1,0,1,0,15,-3,-2,8,6,3,0,-1,1,-1,-1,-1,4,1
KR_6697015609,420,2,14,12,4,2,2,0,1,4,3,-1,0,1,2,3,1,0,0,0,0,1,-1,2,10,12,6,0,1,1,1,1,1,5,1
KR_6684133347,420,2,71,-20,3,6,6,0,-3,1,4,-1,1,2,-1,2,3,2,2,0,1,-2,7,0,5,5,-6,0,1,1,-1,1,1,5,1
KR_6762698450,420,0,45,-8,2,-1,1,2,-3,2,5,1,3,2,5,5,0,0,0,0,0,1,19,2,3,5,2,0,1,1,-1,1,-1,2,1
KR_6591308583,420,-4,-18,-21,-4,-2,0,2,-5,1,6,1,3,2,-1,0,1,3,4,1,0,-3,2,0,3,3,-1,0,-2,1,-1,-1,1,5,1
KR_6709673444,420,2,57,-3,2,-1,1,2,0,1,1,2,3,1,2,2,0,-1,0,1,1,1,14,4,2,6,-2,0,2,1,1,1,1,2,1
KR_6734541741,420,10,97,92,21,10,10,0,4,4,0,3,4,1,2,2,0,2,2,0,0,13,1,-1,3,2,0,1,4,1,1,1,1,3,1
KR_6767558362,420,0,72,18,12,0,1,1,1,3,2,5,5,0,4,6,2,2,4,2,0,17,-4,3,4,7,3,0,3,1,1,1,1,2,1
KR_6764151750,420,-1,33,5,-3,-2,2,4,-5,1,6,1,1,0,2,3,1,1,1,0,-2,-7,-50,-2,8,6,15,0,-1,1,1,1,-1,3,1
KR_6734129826,420,-3,-46,8,-5,-1,0,1,-1,5,6,1,4,3,-3,2,5,-1,2,3,0,3,7,-1,7,6,-2,0,0,1,-1,-1,1,6,1
KR_6731421213,420,8,94,21,17,7,7,0,5,10,5,4,4,0,1,2,1,0,0,0,0,11,96,6,3,9,10,0,3,1,1,1,1,2,1
KR_6738847852,420,2,41,-16,6,-2,0,2,1,2,1,4,4,0,3,3,0,0,0,0,0,8,-190,1,2,3,0,0,2,1,1,1,1,6,1
KR_6748657511,420,8,230,15,14,3,3,0,0,4,4,0,0,0,7,7,0,4,4,0,0,21,26,3,3,6,7,1,3,1,1,1,1,6,1
KR_6736590021,420,5,64,31,6,0,3,3,4,6,2,-4,4,8,6,9,3,0,1,1,0,16,-14,2,5,7,-1,0,1,1,1,1,1,4,1
KR_6730565295,420,2,-44,-11,0,0,1,1,1,1,0,-2,2,4,0,2,2,1,1,0,0,0,14,-4,9,5,22,0,-2,1,-1,-1,-1,4,1
KR_6765379933,420,0,42,16,-2,-1,1,2,-5,2,7,0,0,0,3,4,1,1,2,1,0,1,-2,-3,6,3,3,0,0,1,-1,-1,1,3,1
KR_6756951868,420,2,3,15,6,2,3,1,0,4,4,7,7,0,-4,1,5,1,1,0,0,-2,23,-2,11,9,-9,0,0,-1,-1,1,-1,1,1
KR_6662791815,420,-3,-40,-31,3,4,5,1,1,3,2,-1,2,3,2,2,0,-3,0,3,0,1,-13,-6,10,4,1,0,0,-1,-1,0,1,1,1
KR_6763895707,420,0,3,-21,4,3,4,1,-1,1,2,-3,0,3,4,6,2,1,2,1,2,10,-2,5,2,7,-3,0,0,1,-1,-1,1,6,1
KR_6710267995,420,2,-15,27,9,1,1,0,-1,3,4,1,4,3,5,6,1,3,5,2,0,6,-39,0,3,3,21,0,2,1,1,1,1,6,1
KR_6742457787,420,-2,-22,-11,0,0,2,2,-2,2,4,3,3,0,-1,2,3,0,1,1,0,0,6,3,4,7,0,0,1,1,-1,1,-1,3,1
KR_6705959906,420,1,-1,-5,0,-6,0,6,2,4,2,6,7,1,-2,0,2,0,1,1,0,-1,-9,-5,11,6,1,0,1,-1,-1,-1,1,4,1
KR_6653576432,420,-1,10,-4,-2,-3,3,6,5,6,1,-5,1,6,1,2,1,0,2,2,2,8,5,5,5,10,-9,0,0,1,-1,1,1,1,1
KR_6758973152,420,1,-9,13,6,3,4,1,5,5,0,-1,2,3,1,3,2,-2,1,3,1,1,1,3,6,9,-2,0,1,1,1,1,1,3,1
KR_6679125253,420,7,56,36,13,-3,2,5,3,4,1,9,9,0,1,5,4,3,3,0,-1,13,-5,3,3,6,5,0,2,-1,1,1,-1,3,1
KR_6638248653,420,1,24,31,-3,-4,0,4,2,5,3,0,0,0,0,2,2,-1,2,3,0,-6,-40,0,5,5,0,0,0,-1,-1,-1,-1,3,1
KR_6758382804,420,-1,-43,7,5,-1,1,2,1,2,1,2,3,1,2,5,3,1,1,0,0,6,-2,-3,10,7,-1,0,-1,-1,1,-1,1,6,1
KR_6676312126,420,4,-2,24,1,-3,0,3,3,6,3,1,1,0,0,0,0,0,0,0,0,6,21,5,3,8,0,0,0,1,0,0,-1,4,1
KR_6758838655,420,-7,-32,-8,-11,-5,0,5,-5,3,8,-7,0,7,4,4,0,2,5,3,0,-6,19,3,4,7,-1,0,0,1,1,0,1,2,1
KR_6765085901,420,4,22,44,8,3,4,1,1,4,3,-2,3,5,7,7,0,-1,1,2,0,7,-61,5,2,7,-1,0,2,1,1,1,-1,5,1
KR_6601988277,420,-5,-55,-8,-7,-3,0,3,-1,1,2,2,2,0,-2,0,2,-3,0,3,0,-9,21,2,4,6,-6,0,-1,-1,1,1,-1,3,1
KR_6714059957,420,3,73,22,9,2,3,1,0,2,2,3,4,1,5,7,2,-1,0,1,-1,5,14,5,4,9,2,0,1,1,1,1,-1,1,1
KR_6738463704,420,1,8,37,0,2,3,1,2,3,1,-4,3,7,0,1,1,0,1,1,0,-1,9,5,3,8,-8,0,1,-1,1,1,-1,3,1
KR_6706898458,440,-1,-11,-1,-1,2,3,1,1,1,0,-3,4,7,5,6,1,-6,1,7,0,1,-7,0,6,6,-1,0,0,1,-1,-1,-1,1,1
KR_6704489912,420,9,72,52,13,2,3,1,4,4,0,5,5,0,1,2,1,1,1,0,0,13,76,2,2,4,-1,0,4,0,1,1,1,0,1
KR_6748613229,420,2,28,-12,7,-2,0,2,1,3,2,2,5,3,5,7,2,1,3,2,0,6,12,-1,5,4,-1,0,1,0,1,1,1,0,1
KR_6724580856,420,-3,-55,-19,-7,-2,1,3,0,3,3,-3,3,6,-2,2,4,0,2,2,0,-1,-1,0,4,4,-4,0,0,-1,-1,-1,-1,6,1
KR_6690204733,420,1,12,-16,16,-1,2,3,4,6,2,5,6,1,8,9,1,0,1,1,3,33,5,3,7,10,1,0,0,1,-1,1,1,5,1
KR_6606285864,420,3,99,-14,4,4,5,1,-2,1,3,1,2,1,0,2,2,1,1,0,0,0,-2,2,6,8,-2,0,2,-1,1,1,1,4,1
KR_6688266773,420,-1,1,8,0,2,3,1,-4,0,4,3,3,0,1,2,1,-2,0,2,0,-4,3,1,6,7,-3,0,1,1,1,1,-1,1,1
KR_6694422125,420,-1,9,-10,-2,-4,0,4,0,4,4,-3,6,9,2,4,2,3,3,0,0,4,13,9,4,13,-5,0,0,1,1,1,-1,1,1
KR_6758166328,420,1,32,11,1,-2,1,3,1,2,1,6,8,2,0,3,3,-4,1,5,0,-2,-7,0,7,7,6,0,0,1,1,0,-1,2,1
KR_6657683598,420,2,-15,-18,9,3,3,0,5,5,0,1,5,4,-1,2,3,1,1,0,1,22,10,4,1,5,-1,0,1,-1,1,1,1,3,1
KR_6666119525,420,-1,13,22,0,-2,3,5,0,2,2,-3,3,6,6,7,1,-1,0,1,0,-8,6,-2,7,5,0,0,-1,1,-1,-1,1,2,1
KR_6682908456,420,1,78,-27,6,4,5,1,1,3,2,1,2,1,-1,0,1,1,2,1,0,5,-13,-1,6,5,5,0,0,-1,-1,0,-1,2,1
KR_6646147391,420,-2,-64,-13,4,-1,1,2,-4,0,4,-1,1,2,6,11,5,4,4,0,0,7,2,-2,7,5,-2,0,-1,-1,-1,-1,1,6,1
KR_6767370213,420,3,91,23,1,0,3,3,5,10,5,0,1,1,-5,2,7,1,1,0,0,-6,1,3,4,7,7,0,2,1,1,1,1,2,1
KR_6593982085,420,7,104,10,14,1,1,0,6,10,4,5,5,0,2,4,2,0,0,0,0,10,6,3,6,9,6,0,3,1,1,1,1,1,1
KR_6715328639,420,4,7,20,9,3,6,3,5,6,1,3,4,1,-4,1,5,2,3,1,1,3,1,0,5,5,7,0,0,0,1,0,1,0,1
KR_6765408778,440,0,33,21,-3,-2,1,3,1,1,0,4,6,2,0,1,1,-6,1,7,0,-4,-3,-2,4,2,2,0,0,-1,1,1,1,1,1
KR_6763303691,420,0,29,11,-2,1,2,1,0,1,1,-2,1,3,-3,1,4,2,2,0,0,-8,-11,-2,10,8,4,0,0,1,-1,0,-1,5,1
KR_6759083127,420,1,3,-14,2,0,4,4,0,2,2,2,3,1,0,0,0,0,0,0,0,-4,-5,-2,5,3,0,0,-1,1,-1,-1,1,1,1
KR_6747709745,420,0,88,-30,1,-2,0,2,1,6,5,-1,4,5,1,7,6,2,2,0,1,9,-58,4,5,9,-1,0,1,-1,-1,1,1,4,1
KR_6680353378,420,2,-4,8,5,-1,1,2,3,3,0,1,2,1,2,5,3,0,1,1,0,10,36,-1,9,8,-13,0,2,1,1,1,-1,1,1
KR_6751536126,420,-3,-27,-20,-2,-2,0,2,0,2,2,2,2,0,-1,3,4,-1,2,3,0,-2,-3,2,4,6,5,0,-1,1,-1,-1,-1,3,1
KR_6684730746,420,3,22,-4,8,5,6,1,1,4,3,0,2,2,0,2,2,2,2,0,0,7,-6,-3,9,6,-2,0,2,1,1,1,-1,1,1
KR_6761035477,420,-1,-20,11,-5,7,7,0,-7,2,9,0,2,2,-5,1,6,0,1,1,0,-9,-21,5,3,8,0,0,-1,1,1,1,-1,6,1
KR_6762793786,420,1,92,22,8,-2,2,4,2,4,2,-1,1,2,7,8,1,2,2,0,0,8,-116,0,3,3,0,0,1,1,1,1,1,1,1
KR_6764036459,440,1,31,0,-1,2,2,0,2,3,1,1,3,2,-4,0,4,-2,0,2,0,-8,325,-3,5,2,-2,0,0,1,-1,-1,-1,4,1
KR_6730975786,420,6,53,-12,13,1,1,0,7,9,2,0,2,2,6,6,0,-1,1,2,0,9,8,4,4,8,0,0,1,1,-1,1,1,1,1
KR_6715032428,420,1,-17,33,-1,-2,0,2,1,1,0,0,1,1,-2,6,8,2,3,1,1,-1,125,1,7,8,-6,0,1,-1,-1,1,1,2,1
KR_6756788143,420,6,43,48,10,1,1,0,0,6,6,8,8,0,1,2,1,0,0,0,0,17,-6,-2,5,3,5,0,1,1,1,1,-1,5,1
KR_6762729404,440,-2,-51,-5,-5,-3,1,4,-2,1,3,-5,0,5,4,4,0,1,1,0,0,1,2,-1,4,3,-1,0,-2,1,-1,-1,-1,3,1
KR_6639135229,420,0,50,-13,8,2,3,1,0,4,4,3,3,0,1,3,2,2,2,0,0,8,-10,-2,9,7,5,0,-1,0,-1,-1,-1,0,1
KR_6765506055,420,1,4,-15,5,2,2,0,1,3,2,-1,2,3,2,3,1,1,1,0,-1,3,-17,3,3,6,-1,0,1,1,1,1,-1,6,1
KR_6697745005,420,0,35,-6,5,0,1,1,0,2,2,2,4,2,0,5,5,3,3,0,0,5,6,5,1,6,-1,0,2,-1,1,1,1,1,1
KR_6765324160,420,1,66,51,0,-1,0,1,1,4,3,2,3,1,-2,1,3,0,2,2,1,2,-37,1,6,7,25,0,1,1,1,1,1,6,1
KR_6688838761,420,1,-14,5,7,1,1,0,4,8,4,0,2,2,3,3,0,-1,2,3,0,0,-1,2,6,8,-1,0,0,1,-1,1,1,5,1
KR_6619838856,420,3,-27,27,4,3,6,3,1,3,2,1,4,3,-1,1,2,0,1,1,0,6,-19,0,4,4,-1,0,3,1,1,1,-1,5,1
KR_6720057540,420,4,73,43,10,3,3,0,8,9,1,3,4,1,-4,1,5,0,0,0,0,6,32,-4,8,4,3,0,1,1,1,1,1,3,1
KR_6764613732,420,1,30,-4,-3,-2,0,2,1,5,4,0,4,4,-2,0,2,0,1,1,0,-11,38,-4,12,8,-16,0,0,1,-1,1,1,1,1
KR_6767841931,420,4,51,-12,6,0,2,2,-2,4,6,3,4,1,5,5,0,0,2,2,0,11,-2,2,6,8,3,0,1,1,0,1,-1,3,1
KR_6558452532,420,0,16,-16,9,1,2,1,3,5,2,-2,2,4,6,7,1,1,3,2,-1,15,-2,-2,8,6,1,0,0,-1,-1,0,-1,5,1
KR_6657110640,420,-1,23,-4,3,-2,1,3,3,4,1,0,2,2,2,3,1,0,0,0,0,3,0,0,5,5,0,0,0,-1,1,0,1,5,1
KR_6622681169,420,5,76,-4,11,3,3,0,2,3,1,3,4,1,2,3,1,1,1,0,0,13,19,3,4,7,0,1,3,1,1,1,1,2,1
KR_6767982488,420,-2,-57,-11,1,-2,1,3,2,2,0,0,1,1,1,3,2,0,0,0,1,8,-2,0,4,4,7,0,-2,-1,-1,-1,1,4,1
KR_6744044611,420,6,24,26,12,3,4,1,6,6,0,1,1,0,3,4,1,-1,0,1,0,11,10,1,5,6,4,0,2,-1,1,1,1,6,1
KR_6739692274,420,7,51,-4,12,1,2,1,-2,1,3,4,6,2,6,9,3,3,4,1,0,18,111,1,5,6,9,0,2,1,-1,1,-1,4,1
KR_6623410647,420,3,66,31,6,-1,1,2,2,8,6,-1,3,4,3,9,6,3,3,0,0,-1,7,-3,4,1,0,0,1,1,1,1,1,4,1
KR_6727499059,420,4,18,67,8,5,5,0,1,3,2,-2,1,3,2,3,1,2,2,0,0,1,-8,-1,8,7,7,0,0,1,1,1,1,4,1
KR_6706752161,420,1,10,8,4,1,2,1,0,4,4,-1,2,3,1,5,4,3,3,0,0,5,12,3,4,7,-12,0,0,1,0,1,-1,2,1
KR_6767247772,440,-2,-2,-12,-5,-1,2,3,4,6,2,1,1,0,-6,0,6,-3,1,4,0,-10,-4,1,6,7,-3,0,0,-1,-1,0,1,1,1
KR_6718462204,420,3,57,20,8,1,3,2,2,4,2,-1,4,5,4,5,1,2,2,0,0,0,39,6,3,9,-4,0,1,1,1,1,1,1,1
KR_6764658701,420,0,30,0,0,-1,3,4,0,2,2,-1,2,3,2,3,1,0,0,0,0,-2,-7,-4,8,4,7,0,0,-1,1,1,-1,6,1
KR_6742159968,420,1,34,-8,-1,3,4,1,-2,4,6,2,2,0,-2,1,3,-2,0,2,0,-5,6,4,4,8,-5,0,-1,-1,-1,-1,-1,5,1
KR_6767696962,420,2,27,-1,6,4,6,2,-3,1,4,1,3,2,6,7,1,-2,0,2,0,2,3,-1,7,6,0,0,-1,1,-1,-1,1,6,1
KR_6738443146,440,2,77,-4,4,0,3,3,1,3,2,3,7,4,0,2,2,0,1,1,-1,5,0,-4,9,5,3,0,2,-1,1,1,-1,5,1
KR_6746486039,440,4,71,23,13,2,3,1,1,2,1,2,4,2,11,12,1,-3,2,5,1,11,6,2,4,6,-1,0,2,1,-1,1,1,2,1
KR_6767151503,420,-1,-9,20,-5,0,2,2,-2,0,2,3,4,1,-5,0,5,-1,0,1,-1,-15,6,1,6,7,0,0,0,1,1,0,1,6,1
KR_6664194067,420,4,49,24,10,2,4,2,3,4,1,3,3,0,0,5,5,2,2,0,1,7,-193,0,8,8,-10,0,2,-1,1,1,1,3,1
KR_6738540359,420,1,45,8,6,1,1,0,-1,4,5,2,4,2,2,2,0,2,3,1,0,1,279,0,7,7,3,0,2,1,1,1,-1,5,1
KR_6663916392,420,-5,-25,-7,-10,-4,0,4,-6,2,8,2,3,1,-1,2,3,-1,0,1,0,-16,-11,-4,11,7,1,0,-2,1,-1,-1,-1,6,1
KR_6720511549,420,4,70,5,4,2,3,1,-2,2,4,-1,3,4,2,2,0,3,4,1,-1,3,-27,-2,5,3,0,0,2,0,-1,1,-1,0,1
KR_6614925647,440,8,101,41,16,3,5,2,13,14,1,0,3,3,2,5,3,-2,0,2,2,5,20,-1,2,1,0,0,3,1,1,1,1,1,1
KR_6766730286,440,-2,-36,7,-4,-1,0,1,1,2,1,-1,0,1,0,0,0,-3,1,4,0,-4,-14,-1,6,5,3,0,0,1,-1,0,-1,3,1
KR_6619780338,420,5,-58,2,14,1,1,0,0,2,2,-1,1,2,1,2,1,13,13,0,0,15,-52,-1,5,4,28,0,-1,1,1,1,1,2,1
KR_6711405526,420,0,2,-5,3,-4,1,5,3,5,2,-3,1,4,3,5,2,4,4,0,0,10,-18,7,5,12,-4,0,0,1,1,1,-1,5,1
KR_6762885790,420,3,-19,52,4,-2,1,3,5,7,2,2,2,0,1,4,3,-2,0,2,1,8,-4,6,3,9,1,0,0,-1,1,-1,-1,4,1
KR_6703030519,420,-1,27,-5,2,3,3,0,0,3,3,0,4,4,0,2,2,-1,0,1,-1,3,-2,-3,7,4,1,0,-1,-1,1,-1,-1,3,1
KR_6705711456,440,5,51,35,11,-2,2,4,6,6,0,2,4,2,5,6,1,0,1,1,1,12,51,2,5,7,3,0,2,1,-1,-1,1,3,1
KR_6740315023,420,1,47,26,-1,3,6,3,1,2,1,-3,3,6,-1,2,3,-1,0,1,0,-9,-4,-1,6,5,2,0,0,-1,1,1,1,6,1
KR_6767609233,420,2,42,-16,6,-2,0,2,-1,2,3,-2,3,5,11,12,1,0,1,1,0,13,-27,2,1,3,3,0,0,-1,1,1,1,1,1
KR_6651541762,420,-3,-40,-25,0,3,3,0,-5,1,6,1,2,1,1,2,1,0,1,1,0,-4,20,3,4,7,-6,0,0,1,-1,-1,-1,6,1
KR_6764844857,420,5,61,-5,9,7,7,0,1,1,0,-1,1,2,0,2,2,2,4,2,0,5,1,0,6,6,0,0,2,1,1,1,-1,6,1
KR_6764800142,420,-2,-40,32,-5,-1,1,2,1,2,1,0,1,1,-6,0,6,1,1,0,0,-5,-8,-4,8,4,1,0,0,1,1,0,-1,3,1
KR_6710629116,420,-2,-46,-8,-3,0,1,1,-2,2,4,0,0,0,-1,0,1,0,0,0,0,1,-1,-1,7,6,-4,0,0,1,-1,-1,-1,6,1
KR_6675756487,420,-1,-8,-4,0,0,3,3,-1,3,4,-5,0,5,5,5,0,1,1,0,0,1,7,4,7,11,1,0,0,0,1,0,-1,0,1
KR_6766929680,420,0,-24,-27,4,-1,3,4,5,7,2,0,2,2,-2,3,5,2,2,0,0,-1,15,-3,8,5,-2,0,-1,-1,-1,-1,1,4,1
KR_6766567003,420,2,-35,26,7,5,5,0,3,4,1,0,3,3,-2,3,5,1,1,0,0,7,5,8,4,12,-4,0,0,-1,1,1,1,5,1
KR_6716062162,440,-2,-33,-18,-7,-1,0,1,1,5,4,-1,1,2,-5,0,5,-1,0,1,-1,-11,-9,-4,8,4,28,0,-1,1,-1,-1,-1,5,1
KR_6710631905,420,4,63,17,15,10,11,1,1,2,1,4,4,0,3,4,1,-3,0,3,0,12,21,4,3,7,-2,0,1,1,-1,1,1,1,1
KR_6730793957,420,4,34,-8,8,5,6,1,2,7,5,0,2,2,1,2,1,0,0,0,0,19,19,5,6,11,3,0,1,-1,1,1,1,4,1
KR_6640445055,420,5,63,44,6,0,2,2,2,7,5,5,6,1,3,4,1,-4,0,4,1,1,32,4,5,9,-3,0,1,1,-1,1,1,3,1
KR_6766821974,440,0,-35,-6,0,-1,1,2,-2,0,2,6,7,1,-1,0,1,-2,2,4,0,0,-2,-6,8,2,5,0,0,0,-1,1,-1,0,1
KR_6721629514,440,2,37,8,1,3,3,0,2,5,3,1,1,0,-1,1,2,-4,0,4,0,3,-9,1,5,6,2,0,1,1,1,1,1,4,1
KR_6743795028,440,2,37,-10,5,5,6,1,4,5,1,1,2,1,-5,1,6,0,0,0,0,2,-2,1,4,5,3,0,0,-1,-1,-1,-1,1,1
KR_6640491408,420,2,28,-4,7,-2,1,3,2,6,4,4,4,0,4,7,3,-1,0,1,0,6,27,-4,7,3,-2,0,2,1,-1,1,1,6,1
KR_6746769096,420,1,-29,27,-2,-1,0,1,3,5,2,-1,5,6,-1,4,5,-2,0,2,0,-7,115,2,8,10,-5,0,1,1,1,1,-1,3,1
KR_6651427349,420,0,87,5,-6,-1,0,1,-1,3,4,-2,0,2,2,2,0,-4,1,5,0,-12,19,1,8,9,-8,0,0,-1,1,1,1,4,1
KR_6767493048,420,-1,7,3,5,1,1,0,3,6,3,-1,3,4,2,6,4,0,0,0,1,7,-2,-2,7,5,2,0,1,1,-1,1,1,4,1
KR_6732619832,420,1,28,8,5,1,2,1,-1,2,3,2,4,2,3,5,2,0,0,0,0,1,6,2,8,10,-1,0,2,1,-1,1,1,4,1
KR_6765468624,420,0,25,-36,4,2,3,1,-2,4,6,1,2,1,2,3,1,1,1,0,0,3,-5,-3,7,4,3,0,1,-1,1,1,1,5,1
KR_6704064900,420,0,5,40,-2,2,3,1,2,3,1,2,3,1,-7,0,7,-1,1,2,0,-6,3,4,3,7,0,0,-1,1,1,-1,-1,5,1
KR_6761746909,420,6,68,14,16,6,9,3,1,5,4,3,3,0,1,2,1,5,5,0,2,15,-22,3,3,6,3,0,2,-1,1,1,1,5,1
KR_6761979684,440,-1,-22,-7,-1,2,2,0,7,7,0,-3,7,10,-2,1,3,-5,1,6,0,-8,16,-1,5,4,3,0,1,1,1,-1,-1,4,1
KR_6690266145,420,2,21,9,10,-2,0,2,1,3,2,5,5,0,6,7,1,0,0,0,0,12,4,3,7,10,0,0,1,1,1,1,1,1,1
KR_6763698817,420,4,71,-14,9,10,10,0,-1,1,2,-1,1,2,2,3,1,-1,0,1,0,7,14,5,4,9,3,0,1,1,-1,1,1,3,1
KR_6767028465,420,0,-4,-28,0,4,4,0,0,2,2,-4,1,5,3,5,2,-3,0,3,0,-4,-40,-5,10,5,25,0,0,1,-1,0,-1,5,1
KR_6750662716,420,2,-9,-5,-1,0,1,1,-1,2,3,4,4,0,-4,0,4,0,2,2,-1,1,-2,0,7,7,-1,0,-1,1,-1,-1,-1,5,1
KR_6614801025,440,-1,-49,0,8,-1,2,3,6,10,4,3,6,3,0,1,1,0,0,0,0,9,1,0,6,6,-1,0,-1,1,1,-1,-1,6,1
KR_6695390756,420,-4,-84,-29,-3,-3,2,5,0,3,3,1,4,3,0,2,2,-1,0,1,0,5,-9,0,5,5,0,0,-1,-1,-1,-1,1,4,1
KR_6704554044,420,4,14,19,11,1,1,0,7,10,3,2,3,1,-2,3,5,3,3,0,0,17,123,0,4,4,4,0,1,-1,1,1,-1,3,1
KR_6764163091,420,5,21,24,10,5,5,0,2,4,2,2,3,1,1,2,1,0,0,0,0,9,-3,4,4,8,2,0,1,1,-1,1,1,4,1
KR_6671021693,420,4,2,23,13,-1,2,3,10,12,2,-2,1,3,5,5,0,1,2,1,0,25,-1,4,4,8,3,0,1,-1,0,1,-1,6,1
KR_6655743760,420,2,0,19,-2,-6,1,7,1,4,3,-6,0,6,4,4,0,5,6,1,0,8,0,-2,7,5,-6,0,1,1,-1,1,-1,2,1
KR_6649140607,420,2,11,28,6,1,2,1,4,5,1,0,4,4,3,5,2,-2,0,2,0,12,-7,-2,7,5,6,0,0,1,1,1,1,6,1
KR_6758770416,420,5,54,19,14,-2,0,2,13,13,0,3,4,1,-1,1,2,1,2,1,4,27,-95,7,7,14,-2,0,1,1,-1,1,1,1,1
KR_6762208789,420,2,22,32,1,3,3,0,-2,1,3,3,4,1,-3,1,4,0,0,0,0,-9,-13,0,6,6,1,0,1,-1,1,1,1,5,1
KR_6766229709,420,2,45,8,4,2,2,0,1,3,2,2,4,2,-6,0,6,5,6,1,0,3,0,1,6,7,-2,0,2,1,1,1,-1,4,1
KR_6696008782,420,1,5,36,2,0,1,1,2,4,2,-3,4,7,2,4,2,1,1,0,0,1,4,-1,7,6,0,0,0,1,1,0,1,6,1
KR_6767339414,420,-5,-44,-4,-6,-6,1,7,2,3,1,1,6,5,-2,3,5,-1,0,1,0,2,-339,1,5,6,2,0,-1,1,1,-1,-1,1,1
KR_6767718938,420,3,64,6,3,0,2,2,0,0,0,0,1,1,-2,1,3,5,6,1,0,-2,41,2,4,6,2,0,3,1,-1,1,-1,3,1
KR_6752448966,420,-2,-17,-8,-4,-1,2,3,-6,0,6,0,2,2,2,5,3,1,1,0,1,-3,-6,-6,10,4,7,0,0,1,1,-1,1,2,1
KR_6736678526,420,5,55,35,4,4,5,1,3,5,2,1,4,3,-4,1,5,0,0,0,1,-9,2,0,7,7,2,0,1,-1,1,1,1,3,1
KR_6767774616,420,0,24,-8,-1,2,3,1,-3,0,3,-1,1,2,0,1,1,1,1,0,0,-6,2,1,5,6,1,0,0,1,-1,0,-1,1,1
KR_6759149130,420,0,-10,-24,8,1,1,0,1,6,5,6,6,0,-1,4,5,1,1,0,0,2,3,4,5,9,-4,0,2,1,1,1,1,6,1
KR_6762396697,420,3,11,25,6,0,3,3,2,2,0,4,4,0,1,4,3,-1,0,1,0,7,6,2,3,5,8,0,2,1,1,1,1,2,1
KR_6753476443,420,1,-29,-4,5,-3,0,3,-1,3,4,0,1,1,8,9,1,1,1,0,0,16,-4,-1,5,4,3,0,0,1,-1,-1,-1,5,1
KR_6729612972,420,0,-22,17,-2,-2,0,2,4,4,0,-5,2,7,0,4,4,1,3,2,1,7,4,4,4,8,0,0,0,1,-1,1,1,2,1
KR_6752965826,420,1,-3,-13,-3,-2,2,4,3,4,1,-1,3,4,-4,4,8,1,2,1,-1,-2,4,-1,2,1,-5,0,1,-1,1,1,-1,5,1
KR_6724546118,420,2,-4,20,2,-1,1,2,1,3,2,0,3,3,3,4,1,-1,2,3,0,7,-16,-3,6,3,0,0,2,1,1,1,-1,3,1
KR_6650404741,420,8,72,17,19,1,3,2,2,4,2,11,13,2,4,6,2,1,3,2,1,22,30,1,7,8,24,0,2,1,-1,-1,1,4,1
KR_6767984436,420,0,-34,-7,5,3,5,2,1,3,2,0,3,3,1,4,3,0,1,1,0,6,-83,5,3,8,21,0,0,1,1,-1,1,2,1
KR_6710649501,420,6,56,0,10,4,5,1,2,4,2,4,5,1,2,7,5,-2,1,3,-3,3,19,-1,5,4,2,0,4,-1,1,1,-1,6,1
KR_6651751615,420,0,6,20,1,1,2,1,-6,1,7,4,6,2,2,3,1,0,0,0,0,2,-20,1,7,8,3,0,0,0,-1,0,1,0,1
KR_6684152679,420,2,13,-15,8,1,3,2,4,5,1,3,5,2,3,5,2,-3,2,5,-3,14,-10,1,4,5,4,0,1,-1,1,1,-1,2,1
KR_6632201418,420,1,101,29,4,3,3,0,3,4,1,-2,3,5,-3,2,5,3,3,0,0,-8,-2,4,4,8,5,0,1,1,1,1,-1,6,1
KR_6650087205,420,3,84,-1,7,1,1,0,2,2,0,6,6,0,-1,2,3,-1,1,2,0,11,6,7,2,9,-3,0,1,1,1,1,1,4,1
KR_6668438714,420,-1,-18,-6,-8,3,4,1,-3,3,6,-1,1,2,-3,2,5,-4,0,4,0,-11,-4,-6,7,1,-2,0,0,-1,-1,-1,1,3,1
KR_6767608768,420,2,4,5,5,0,0,0,7,7,0,0,1,1,-3,0,3,1,1,0,1,5,-65,-1,8,7,4,0,0,1,1,0,1,1,1
KR_6720610642,420,-2,17,12,-4,3,3,0,-2,2,4,-4,2,6,0,2,2,-1,0,1,0,2,-6,1,8,9,5,0,0,-1,1,0,-1,1,1
KR_6640811589,420,1,12,9,3,-1,1,2,0,3,3,-1,0,1,4,6,2,1,2,1,0,6,8,6,4,10,-5,0,0,1,-1,0,1,3,1
KR_6710707355,420,-1,23,-2,5,-2,0,2,-1,2,3,1,2,1,5,5,0,2,4,2,1,7,3,3,4,7,1,0,2,1,1,1,1,3,1
KR_6687473829,420,2,-59,32,0,-2,2,4,2,3,1,-2,3,5,0,3,3,2,2,0,0,2,3,-1,9,8,0,0,1,1,-1,1,-1,4,1
KR_6762734708,440,3,34,7,9,4,4,0,-1,0,1,0,2,2,5,6,1,1,1,0,0,7,-5,-2,7,5,7,0,0,-1,1,1,1,6,1
KR_6733584552,420,3,83,-15,6,3,3,0,-2,0,2,4,5,1,-1,0,1,2,2,0,0,2,-71,-1,6,5,-3,0,0,-1,1,1,1,2,1
KR_6766945110,420,-2,-24,9,4,4,4,0,-1,8,9,-1,2,3,2,4,2,0,1,1,1,4,11,6,1,7,5,0,1,-1,1,1,1,4,1
KR_6734478829,420,0,30,-51,3,-1,0,1,-1,1,2,4,4,0,0,1,1,1,3,2,0,1,36,-3,5,2,-7,0,1,-1,-1,1,-1,5,1
KR_6750624587,420,3,40,36,2,-5,2,7,2,3,1,2,4,2,3,3,0,0,1,1,0,0,-20,0,4,4,6,0,2,1,1,1,-1,1,1
KR_6705138885,440,6,15,41,17,-1,3,4,7,10,3,4,4,0,7,7,0,0,1,1,0,25,-293,2,4,6,1,0,2,-1,1,1,1,6,1
KR_6767592127,420,3,17,-9,7,5,6,1,-2,2,4,5,6,1,-2,1,3,1,2,1,1,6,-11,-1,8,7,9,0,0,-1,-1,1,1,6,1
KR_6767041151,440,5,48,20,7,5,7,2,-1,2,3,2,3,1,1,6,5,0,1,1,0,0,2,-1,4,3,1,0,0,-1,1,0,-1,3,1
KR_6674199720,420,5,18,-24,9,0,0,0,3,3,0,1,3,2,6,6,0,-1,0,1,0,6,4,-1,6,5,0,0,1,1,-1,1,1,6,1
KR_6744401133,420,1,58,0,5,0,1,1,0,2,2,3,4,1,0,2,2,2,2,0,0,1,-5,4,5,9,5,0,1,-1,1,1,1,2,1
KR_6622880205,420,9,82,21,17,7,7,0,5,7,2,1,2,1,4,5,1,0,0,0,1,7,-14,4,6,10,-1,0,3,-1,1,1,1,2,1
KR_6749533529,440,2,-15,-12,5,-2,0,2,-1,0,1,8,8,0,0,0,0,0,0,0,0,0,-47,-5,7,2,28,0,-1,1,0,1,1,4,1
KR_6638883725,420,2,-6,11,6,2,2,0,2,4,2,0,6,6,2,5,3,0,0,0,0,10,40,2,5,7,-5,0,1,-1,1,1,1,5,1
KR_6703320902,420,0,-55,7,-3,2,2,0,-2,2,4,-1,0,1,-1,3,4,-1,0,1,0,1,12,5,2,7,-5,0,0,1,1,-1,-1,3,1
KR_6684302874,420,5,-4,33,12,5,5,0,4,6,2,-4,1,5,6,6,0,1,1,0,1,18,-17,-2,6,4,0,0,1,1,-1,1,1,5,1
KR_6715163173,420,9,90,38,16,-1,1,2,11,11,0,-2,1,3,5,7,2,3,4,1,0,29,-23,3,4,7,8,0,5,1,1,1,1,6,1
KR_6676641087,420,5,78,-12,8,-1,1,2,3,4,1,3,4,1,4,5,1,-1,2,3,0,7,9,-1,6,5,-1,0,2,1,-1,1,-1,1,1
KR_6703703178,420,2,23,8,9,3,5,2,-2,0,2,6,6,0,2,3,1,0,0,0,0,7,10,0,5,5,5,0,2,1,-1,1,1,6,1
KR_6761343107,440,0,63,15,-5,-1,2,3,-4,1,5,0,2,2,1,4,3,-1,2,3,0,-6,2,0,3,3,1,0,1,1,1,1,-1,1,1
KR_6662654834,420,-1,1,-8,-10,0,2,2,0,3,3,-4,2,6,-4,1,5,-2,0,2,0,-12,-40,-3,7,4,-1,0,-1,-1,1,-1,1,1,1
KR_6706440997,420,2,5,0,15,1,4,3,3,4,1,4,5,1,6,7,1,1,1,0,1,24,5,5,3,8,5,0,1,1,-1,1,1,6,1
KR_6760256766,420,2,74,-13,5,4,4,0,-3,0,3,-1,1,2,3,4,1,2,2,0,0,9,3,2,3,5,0,0,1,1,-1,1,1,5,1
KR_6654934479,420,6,69,23,9,9,9,0,3,4,1,-1,4,5,1,1,0,-3,2,5,1,6,12,5,6,11,0,0,2,1,1,1,1,5,1
KR_6763600722,440,0,58,4,5,-3,1,4,0,3,3,4,5,1,1,1,0,3,3,0,0,2,-21,-3,5,2,-3,0,0,0,0,0,1,0,1
KR_6693584672,420,-2,10,21,-3,6,7,1,-5,0,5,2,4,2,-5,0,5,-1,2,3,0,-19,3,1,8,9,-5,0,0,-1,1,1,-1,1,1
KR_6749563520,440,4,30,-12,9,5,7,2,-3,2,5,0,3,3,5,5,0,2,3,1,0,6,113,6,2,8,-3,0,0,-1,1,0,1,3,1
KR_6765387627,420,4,32,29,6,0,2,2,-4,4,8,6,6,0,2,4,2,2,2,0,0,5,13,1,3,4,-2,0,1,1,-1,1,-1,3,1
KR_6761862136,440,6,46,56,9,1,1,0,0,1,1,6,6,0,-3,0,3,5,6,1,0,8,34,-1,7,6,7,0,0,1,1,0,-1,1,1
KR_6702017457,420,0,-23,9,-1,1,1,0,-8,1,9,-2,2,4,4,6,2,4,4,0,0,4,117,2,6,8,1,0,0,-1,-1,0,-1,1,1
KR_6700347648,420,4,49,4,3,0,1,1,1,3,2,-2,2,4,5,9,4,-1,0,1,0,12,6,0,8,8,1,0,1,1,-1,1,-1,2,1
KR_6717335484,420,0,-78,24,-2,-3,2,5,3,4,1,-6,0,6,1,2,1,3,3,0,0,4,-54,-2,5,3,31,0,-1,1,-1,-1,1,3,1
KR_6557884146,420,2,14,14,1,0,0,0,0,4,4,2,2,0,-1,4,5,0,0,0,0,-3,-26,-1,6,5,7,0,0,-1,1,0,-1,1,1
KR_6761262083,420,0,-86,1,2,0,2,2,0,2,2,3,5,2,0,2,2,-1,1,2,0,6,58,3,2,5,-3,0,-1,-1,-1,-1,-1,5,1
KR_6758805187,420,3,7,0,3,2,2,0,-3,1,4,2,3,1,1,2,1,1,1,0,0,-3,112,-4,7,3,7,0,0,-1,-1,0,1,1,1
KR_6679338315,420,5,82,22,14,3,5,2,6,8,2,-2,0,2,5,10,5,2,2,0,1,6,30,3,3,6,1,0,1,1,1,1,1,1,1
KR_6766596967,420,-1,55,18,-4,-1,2,3,1,2,1,-5,3,8,2,7,5,-1,0,1,0,-8,40,-3,8,5,-26,0,1,1,1,1,1,6,1
KR_6690284073,420,2,-11,44,11,4,4,0,-3,3,6,9,11,2,0,2,2,1,1,0,0,15,25,-2,6,4,3,0,0,1,1,1,-1,2,1
KR_6760253718,420,-1,-45,-3,5,0,2,2,-5,1,6,-3,4,7,12,13,1,1,2,1,1,22,-4,-1,5,4,2,0,0,1,-1,1,1,4,1
KR_6761762301,440,1,33,-56,2,3,5,2,-2,0,2,4,5,1,-3,0,3,0,1,1,-1,7,3,-2,7,5,1,0,0,1,-1,-1,-1,1,1
KR_6752121944,420,5,16,0,16,1,4,3,3,3,0,7,9,2,4,6,2,1,1,0,0,19,14,0,5,5,2,0,2,1,1,1,1,2,1
KR_6731675790,420,1,-23,8,2,2,2,0,1,3,2,0,1,1,-1,3,4,0,1,1,0,2,0,3,5,8,-1,0,1,1,1,1,-1,2,1
KR_6764477353,420,4,60,9,4,2,2,0,2,5,3,1,4,3,2,5,3,-3,1,4,0,-4,-3,3,6,9,2,0,1,-1,1,1,-1,3,1
KR_6755628906,420,0,4,-12,0,0,0,0,0,2,2,2,3,1,2,2,0,-4,0,4,0,-6,-9,-3,6,3,-3,0,0,1,1,0,1,4,1
KR_6718635568,420,3,-4,-9,9,0,1,1,5,7,2,2,5,3,1,2,1,1,1,0,0,10,-9,2,5,7,-1,0,1,-1,1,1,1,3,1
KR_6757270817,420,1,36,9,3,2,2,0,2,4,2,-5,1,6,0,2,2,4,4,0,0,0,-2,1,5,6,-2,0,-1,1,-1,-1,-1,5,1
KR_6726747479,440,2,3,12,3,3,3,0,3,7,4,1,3,2,0,1,1,-4,0,4,0,-2,-56,1,3,4,-3,0,0,-1,1,0,1,6,1
KR_6727819459,420,3,-7,30,4,0,1,1,0,3,3,-1,1,2,6,7,1,-1,2,3,0,2,136,-4,12,8,10,0,0,1,-1,1,-1,4,1
KR_6759244065,440,2,-11,11,6,0,2,2,-1,2,3,-1,3,4,4,5,1,4,4,0,0,15,1,-5,6,1,6,0,-1,1,1,1,1,2,1
KR_6762682868,420,1,37,-18,1,-2,1,3,1,3,2,2,3,1,0,6,6,0,0,0,0,6,-10,-3,6,3,3,0,-1,0,1,-1,1,0,1
KR_6647615849,440,-1,53,4,-1,2,5,3,1,2,1,-2,2,4,0,2,2,-2,3,5,0,-3,-16,2,4,6,6,0,1,-1,0,1,1,5,1
KR_6760265096,420,0,6,28,8,-4,1,5,1,9,8,6,6,0,4,4,0,1,3,2,0,5,-5,0,5,5,3,0,0,-1,-1,1,-1,2,1
KR_6757298822,420,1,38,-21,-2,3,4,1,-6,3,9,1,1,0,1,4,3,-1,1,2,0,-3,-6,-7,9,2,-1,0,1,-1,1,1,-1,6,1
KR_6765954006,420,4,86,12,4,0,0,0,1,4,3,2,3,1,2,3,1,-1,1,2,-1,4,3,4,5,9,3,0,0,1,-1,0,-1,2,1
KR_6762742983,420,5,58,24,7,0,3,3,0,1,1,2,5,3,5,6,1,0,1,1,0,16,10,-2,10,8,1,0,1,-1,1,1,-1,6,1
KR_6716136480,420,1,33,39,1,-3,0,3,0,1,1,3,4,1,1,3,2,0,1,1,1,4,53,-1,7,6,-4,0,0,1,-1,-1,1,3,1
KR_6749925518,420,-1,13,36,5,3,4,1,-6,3,9,0,3,3,6,8,2,2,3,1,2,-4,3,1,7,8,-3,0,1,-1,1,1,-1,6,1
KR_6710604830,420,-1,-2,-34,-5,-1,2,3,-4,1,5,0,3,3,-2,4,6,2,2,0,0,-5,3,6,3,9,-2,0,-2,-1,-1,-1,1,6,1
KR_6731949753,420,-1,73,-3,-1,2,2,0,2,3,1,-2,0,2,1,4,3,-4,1,5,0,-6,-95,2,3,5,-4,0,1,1,-1,1,-1,6,1
KR_6715022912,420,4,45,2,5,-3,2,5,1,2,1,4,4,0,2,2,0,1,1,0,0,-3,-1,0,4,4,-1,0,2,1,1,1,1,4,1
KR_6687944734,420,-4,2,-41,-2,2,4,2,-2,0,2,1,3,2,-3,2,5,0,0,0,1,2,-47,-1,5,4,30,0,0,1,1,-1,1,5,1
KR_6763975291,420,6,31,-1,14,3,3,0,5,8,3,3,3,0,2,3,1,1,1,0,0,9,-30,-2,5,3,2,0,1,0,1,1,-1,0,1
KR_6766885859,420,-3,-15,19,-8,1,1,0,-5,2,7,0,4,4,-4,1,5,0,0,0,0,-19,1,-1,6,5,5,0,-1,-1,-1,-1,-1,6,1
KR_6744043208,440,3,-10,-14,6,-1,0,1,0,3,3,7,7,0,1,1,0,-1,2,3,0,2,1,1,5,6,-1,0,-1,1,-1,-1,-1,3,1
KR_6758847663,420,3,37,-21,3,-3,0,3,0,1,1,2,3,1,6,7,1,-2,0,2,0,10,-6,1,4,5,7,0,1,1,-1,1,1,5,1
KR_6684004322,420,0,28,0,2,0,2,2,3,8,5,-2,1,3,1,3,2,0,1,1,0,-4,15,4,1,5,-1,0,-1,1,-1,-1,1,4,1
KR_6620174593,420,1,-3,-6,6,4,4,0,-4,2,6,-2,1,3,6,6,0,2,2,0,1,10,3,-1,7,6,2,0,1,1,1,1,1,6,1
KR_6766123201,420,-2,-46,17,-9,-1,2,3,-6,0,6,-2,0,2,1,4,3,-1,0,1,0,-9,2,3,4,7,-3,0,-1,1,1,-1,-1,1,1
KR_6703469528,420,3,41,-19,4,3,4,1,2,5,3,0,4,4,-1,1,2,0,0,0,0,3,-144,1,4,5,4,0,0,1,1,0,-1,2,1
KR_6686828797,420,0,-48,13,-2,-2,1,3,-2,3,5,1,6,5,1,1,0,0,0,0,-2,-7,-11,0,11,11,1,0,-1,-1,1,-1,-1,1,1
KR_6731606782,420,2,14,35,2,-2,0,2,4,5,1,6,6,0,-6,1,7,0,0,0,0,-2,0,0,7,7,0,0,0,0,1,0,1,0,1
KR_6739406699,420,5,1,45,12,-3,1,4,5,5,0,4,6,2,6,10,4,0,2,2,1,17,-20,10,3,13,4,0,0,1,1,0,1,2,1
KR_6721236097,420,2,35,20,1,-2,3,5,2,4,2,1,2,1,0,3,3,0,1,1,0,4,8,0,6,6,-2,0,-2,0,-1,-1,1,0,1
KR_6706182012,420,1,-5,11,-3,-1,2,3,-3,0,3,-4,0,4,0,4,4,5,6,1,0,-7,-1,3,3,6,3,0,0,1,-1,-1,-1,1,1
KR_6766756699,420,5,-28,22,5,-1,0,1,2,2,0,0,1,1,1,1,0,3,3,0,0,7,29,3,5,8,4,0,1,1,1,1,-1,5,1
KR_6655645488,420,1,9,33,3,-3,4,7,-1,6,7,2,3,1,7,8,1,-2,1,3,1,6,6,-6,10,4,-4,0,0,-1,-1,1,1,2,1
KR_6748207850,420,7,134,17,18,8,8,0,4,4,0,5,7,2,3,4,1,-2,1,3,2,17,-23,5,3,8,4,0,4,1,1,1,1,1,1
KR_6752182005,420,0,-15,15,-2,0,2,2,-3,3,6,2,3,1,-1,4,5,0,0,0,0,-3,-17,-5,8,3,2,0,0,1,1,1,1,1,1
KR_6750615494,420,-2,8,12,6,-1,2,3,1,7,6,2,3,1,3,7,4,1,1,0,0,7,-9,0,7,7,3,0,0,1,1,0,1,3,1
KR_6745589356,420,1,-29,-16,6,4,4,0,2,4,2,2,2,0,-3,3,6,1,1,0,-1,8,10,0,4,4,-6,0,0,-1,1,1,-1,2,1
KR_6739336056,420,5,39,16,14,2,3,1,1,5,4,1,3,2,10,12,2,0,3,3,1,12,5,-1,4,3,0,0,3,-1,1,1,1,6,1
KR_6767167659,420,0,38,27,-7,-5,0,5,-5,3,8,2,4,2,1,6,5,0,1,1,0,-16,-8,-6,10,4,1,0,-1,1,-1,1,1,4,1
KR_6716573391,440,3,-21,10,10,2,2,0,3,3,0,2,6,4,3,9,6,0,1,1,2,22,20,1,6,7,1,0,3,1,-1,1,1,3,1
KR_6765355473,420,3,0,16,3,0,1,1,2,3,1,-1,3,4,3,4,1,-1,1,2,0,6,-3,-7,10,3,7,0,1,1,-1,1,1,5,1
KR_6626129209,420,1,21,0,-5,-2,1,3,3,3,0,0,1,1,-4,2,6,-2,0,2,0,-1,99,-3,7,4,-1,0,0,-1,-1,0,1,4,1
KR_6727970151,420,0,-41,4,1,1,4,3,2,4,2,-2,0,2,0,3,3,0,1,1,1,2,-1,5,7,12,4,0,0,1,1,1,1,5,1
KR_6756288331,420,-1,-30,9,-2,-1,4,5,-1,0,1,-1,1,2,1,7,6,0,0,0,0,1,30,-1,7,6,-1,0,-1,1,0,-1,-1,5,1
KR_6709248910,420,-1,-19,-30,1,1,3,2,-4,1,5,3,3,0,2,5,3,-1,0,1,0,2,-2,2,6,8,-1,0,-1,-1,-1,-1,-1,1,1
KR_6766772130,420,3,-25,-29,7,1,4,3,1,3,2,-2,2,4,6,6,0,1,1,0,0,19,-180,-1,3,2,-1,0,-1,1,-1,-1,1,6,1
KR_6626799663,420,6,147,-2,9,1,2,1,3,4,1,-2,2,4,7,7,0,0,1,1,0,7,-34,-2,7,5,6,0,3,1,-1,1,1,4,1
KR_6625615240,420,1,44,20,3,3,3,0,-5,4,9,0,3,3,1,1,0,4,4,0,0,0,-2,5,5,10,0,0,1,0,1,1,-1,0,1
KR_6713669088,420,7,-1,12,18,5,5,0,6,6,0,4,4,0,0,2,2,3,3,0,0,19,-9,3,0,3,-1,0,1,1,1,1,1,3,1
KR_6763161434,420,2,-24,-25,0,2,4,2,-8,0,8,-2,2,4,7,7,0,1,2,1,0,3,-16,-4,7,3,5,0,-1,-1,1,-1,-1,5,1
KR_6703810714,420,1,34,-4,2,-3,1,4,-2,3,5,1,1,0,5,6,1,1,1,0,0,4,5,-5,10,5,2,0,1,1,1,1,1,5,1
KR_6707559337,440,-2,-66,-8,-2,1,2,1,3,5,2,1,2,1,-9,0,9,2,3,1,0,-7,-6,-3,5,2,-1,0,-1,-1,1,-1,1,5,1
KR_6681117818,420,2,31,-8,6,1,5,4,-1,1,2,3,5,2,3,4,1,0,1,1,0,5,3,-4,8,4,1,0,1,1,-1,1,-1,5,1
KR_6654206237,420,1,-21,40,0,0,2,2,0,2,2,2,2,0,0,2,2,-2,1,3,0,-4,7,5,4,9,-6,0,0,1,1,0,-1,2,1
KR_6741478630,420,2,-33,29,5,0,2,2,3,6,3,1,3,2,0,2,2,1,3,2,0,2,1,4,0,4,4,0,3,1,1,1,1,2,1
KR_6764121849,420,2,19,16,2,0,3,3,1,3,2,-4,2,6,5,5,0,0,0,0,0,11,-1,-1,6,5,1,0,0,-1,1,0,-1,1,1
KR_6671674974,420,1,1,-4,4,0,2,2,2,4,2,-3,0,3,3,4,1,2,2,0,0,5,3,2,7,9,-1,0,0,1,1,0,1,5,1
KR_6726181506,440,5,48,28,16,-1,1,2,0,3,3,5,5,0,6,6,0,6,6,0,1,16,7,6,0,6,-2,0,3,1,1,1,1,1,1
KR_6747196430,420,2,48,-7,10,2,4,2,3,5,2,1,2,1,11,12,1,-7,0,7,-1,6,12,3,6,9,4,0,4,-1,1,1,1,4,1
KR_6766178817,420,-1,-12,-8,1,-2,0,2,2,5,3,-2,2,4,3,4,1,0,1,1,0,0,-5,3,5,8,2,0,1,1,1,1,-1,5,1
KR_6767432392,420,4,59,-12,16,3,4,1,0,1,1,2,3,1,10,11,1,1,2,1,0,20,9,0,5,5,0,0,1,-1,1,1,1,5,1
KR_6718575799,420,2,-14,-7,1,-1,3,4,-4,4,8,3,6,3,3,4,1,0,2,2,0,8,0,0,7,7,-4,0,0,1,-1,-1,-1,5,1
KR_6765065868,420,0,-12,0,-1,0,0,0,-4,1,5,-2,1,3,3,4,1,2,2,0,0,-2,-18,0,6,6,3,0,0,-1,1,0,1,4,1
KR_6749315757,420,5,88,25,9,1,3,2,1,2,1,6,7,1,0,4,4,1,1,0,0,0,-33,-5,9,4,2,0,3,1,1,1,-1,3,1
KR_6676863621,420,0,38,-9,4,-1,3,4,4,4,0,-1,2,3,0,1,1,2,2,0,0,0,2,2,6,8,8,0,0,-1,1,-1,1,6,1
KR_6763972080,420,0,-12,-4,8,0,1,1,3,4,1,-1,1,2,7,8,1,-1,1,2,1,16,9,2,5,7,2,0,1,1,1,1,1,4,1
KR_6715254374,420,5,73,9,16,4,4,0,4,5,1,2,7,5,6,6,0,0,2,2,0,13,6,4,3,7,-4,0,2,-1,1,1,1,6,1
KR_6696514337,420,3,19,0,7,3,4,1,-2,2,4,0,3,3,4,5,1,2,2,0,0,8,9,0,8,8,2,0,1,1,0,1,-1,6,1
KR_6721372900,420,0,21,8,5,1,3,2,0,0,0,0,2,2,4,8,4,0,1,1,1,4,5,7,3,10,0,0,0,1,1,1,1,2,1
KR_6710458423,420,2,19,12,0,2,2,0,2,3,1,-3,1,4,-3,5,8,2,3,1,0,-5,11,1,3,4,-8,0,1,-1,1,1,1,4,1
KR_6694778858,420,8,126,7,19,4,4,0,1,2,1,9,10,1,2,3,1,3,5,2,3,28,-29,6,3,9,5,0,2,1,1,1,1,1,1
KR_6648725930,420,0,17,-8,-5,-3,0,3,-1,2,3,-5,2,7,6,6,0,-2,0,2,0,3,-6,0,6,6,-1,0,-1,-1,-1,-1,1,4,1
KR_6758583340,420,-4,-77,-15,-6,0,1,1,-1,1,2,-8,1,9,2,5,3,1,1,0,-1,-5,-20,-2,7,5,0,0,1,-1,1,1,-1,5,1
KR_6716766602,420,-2,32,4,-6,2,2,0,-1,3,4,1,1,0,-7,1,8,-1,2,3,0,-9,0,-2,7,5,5,0,-1,-1,-1,-1,-1,4,1
KR_6714934778,420,-6,-27,-43,-9,-1,1,2,-5,3,8,2,7,5,-3,2,5,-2,0,2,0,-1,3,3,3,6,1,0,-1,1,0,-1,-1,2,1
KR_6738291337,420,0,33,4,-5,0,1,1,-2,1,3,4,5,1,-5,0,5,-2,0,2,0,-7,10,1,5,6,-5,0,-1,-1,1,-1,-1,1,1
KR_6690481669,420,3,59,12,1,1,3,2,-3,1,4,5,6,1,-2,0,2,0,0,0,0,-9,12,-1,5,4,-3,0,1,1,-1,1,1,1,1
KR_6712182731,420,-3,-29,-16,-3,-1,0,1,2,3,1,-8,0,8,1,2,1,3,3,0,-1,-6,-1,-4,8,4,-1,0,0,-1,1,1,-1,4,1
KR_6555458019,440,4,68,-1,10,1,4,3,0,2,2,4,5,1,1,3,2,4,4,0,0,11,12,-3,8,5,3,0,1,0,1,1,-1,0,1
KR_6761971201,440,3,-19,-35,5,3,3,0,6,8,2,-2,0,2,-2,0,2,0,0,0,0,10,-61,-1,6,5,2,0,-1,-1,-1,-1,-1,1,1
KR_6762481933,420,0,2,-3,0,5,6,1,-3,1,4,5,5,0,-6,1,7,-1,0,1,0,-4,-5,-4,12,8,8,0,0,-1,1,-1,-1,2,1
KR_6758577317,440,0,-41,14,6,2,2,0,4,5,1,0,1,1,0,1,1,0,0,0,0,4,108,3,2,5,-3,0,0,1,1,1,1,2,1
KR_6704824157,420,-2,-25,-8,-1,-1,0,1,1,6,5,-4,1,5,3,4,1,0,0,0,1,2,-12,0,6,6,1,0,0,1,1,1,1,3,1
KR_6761767233,420,3,-13,-23,5,2,4,2,0,1,1,1,5,4,2,2,0,0,0,0,0,18,13,3,6,9,-1,0,0,1,-1,1,1,4,1
KR_6674795643,420,3,22,32,4,-2,1,3,3,3,0,5,5,0,-3,2,5,1,1,0,1,19,-7,0,6,6,6,0,1,-1,1,1,1,1,1
KR_6730885787,420,-1,-56,13,4,1,2,1,1,3,2,0,5,5,0,1,1,2,2,0,0,3,-52,1,4,5,0,0,0,1,1,0,1,1,1
KR_6767580030,420,1,5,-20,9,-1,1,2,5,7,2,-1,2,3,5,6,1,1,2,1,2,12,-1,-3,8,5,0,0,2,1,1,1,1,3,1
KR_6678897576,420,-1,-12,-8,0,1,3,2,-4,3,7,1,1,0,1,2,1,1,1,0,0,-2,4,6,4,10,-5,0,1,-1,1,1,-1,5,1
KR_6681909988,420,-4,-58,-31,-13,-4,1,5,-2,4,6,-3,1,4,-3,3,6,-1,0,1,0,-7,-29,0,7,7,-3,0,0,1,-1,-1,-1,5,1
KR_6708083985,420,2,18,-8,5,0,1,1,3,4,1,-1,3,4,1,3,2,2,3,1,0,4,159,4,5,9,-4,0,0,1,-1,0,1,4,1
KR_6767834650,420,-1,8,-18,-9,-2,3,5,-2,2,4,0,1,1,-3,1,4,-2,3,5,0,-7,-10,-2,6,4,1,0,-2,-1,1,-1,-1,1,1
KR_6765919413,420,6,102,13,11,-2,1,3,6,11,5,5,5,0,0,1,1,2,3,1,0,2,13,2,6,8,1,0,3,1,1,1,1,5,1
KR_6659081627,420,6,37,2,9,3,5,2,3,6,3,-1,2,3,4,7,3,0,0,0,0,17,12,1,6,7,5,0,1,1,1,1,1,4,1
KR_6694809539,420,5,81,-45,7,1,2,1,2,3,1,0,1,1,3,4,1,1,2,1,0,14,42,9,3,12,-3,0,1,1,-1,1,1,5,1
KR_6767244170,420,2,-36,12,1,2,2,0,3,6,3,-2,1,3,1,3,2,-3,0,3,0,5,2,-7,12,5,1,0,0,1,0,0,1,3,1
KR_6706226416,420,0,40,-20,3,-1,3,4,5,6,1,1,2,1,-3,1,4,1,1,0,0,6,8,2,4,6,1,0,0,1,1,0,1,1,1
KR_6733300115,420,-1,-57,16,2,-5,1,6,4,7,3,2,5,3,1,1,0,0,2,2,0,6,-4,3,4,7,-2,0,-1,-1,-1,1,-1,2,1
KR_6732552555,420,-2,-10,-8,-2,1,3,2,1,4,3,1,3,2,-3,1,4,-2,0,2,-4,-12,-25,1,6,7,0,0,-1,-1,-1,-1,-1,5,1
KR_6606270206,420,5,24,48,10,2,3,1,5,5,0,-1,2,3,7,8,1,-3,0,3,0,10,8,-3,7,4,4,0,0,1,1,1,1,6,1
KR_6688883968,420,4,102,17,9,1,3,2,0,3,3,4,6,2,2,4,2,2,2,0,-1,1,-4,5,5,10,1,0,2,1,1,1,1,5,1
KR_6757107741,420,5,45,9,13,0,1,1,9,10,1,3,3,0,3,4,1,-2,0,2,0,20,15,4,4,8,-4,0,0,1,-1,0,1,5,1
KR_6663260759,440,-1,76,-12,4,4,4,0,2,5,3,-3,0,3,3,4,1,-2,1,3,0,1,10,1,4,5,2,0,0,-1,1,0,1,1,1
KR_6702638194,420,1,82,3,2,0,2,2,4,6,2,-4,1,5,0,1,1,2,2,0,0,-1,2,4,5,9,0,0,-1,1,-1,-1,-1,5,1
KR_6657425522,420,3,-28,-3,11,1,2,1,-1,1,2,3,4,1,8,12,4,0,0,0,1,15,16,-5,9,4,2,0,-1,1,-1,-1,1,3,1
KR_6661098512,420,-1,13,-36,-8,-3,0,3,-1,5,6,-5,1,6,0,1,1,1,1,0,0,-8,-28,-2,8,6,-1,0,0,-1,-1,0,-1,5,1
KR_6673489209,420,6,22,44,10,1,1,0,1,6,5,2,4,2,4,6,2,2,2,0,1,21,8,7,4,11,4,0,2,1,1,1,1,4,1
KR_6625675597,420,-1,32,38,4,0,1,1,1,5,4,0,4,4,-1,3,4,4,4,0,0,7,-2,1,4,5,6,0,1,-1,1,1,1,1,1
KR_6712673900,420,2,51,-19,6,2,3,1,-3,4,7,4,4,0,2,5,3,1,2,1,1,10,120,7,6,13,1,0,1,-1,-1,1,1,1,1
KR_6753247695,420,-4,-67,-17,-15,2,3,1,0,2,2,-7,1,8,-10,0,10,0,1,1,0,-13,-4,1,3,4,-1,0,-2,-1,-1,-1,-1,4,1
KR_6729896298,420,0,-16,27,-1,-2,2,4,1,2,1,-1,1,2,2,2,0,-1,2,3,0,3,55,-2,8,6,-11,0,0,1,1,1,-1,4,1
KR_6765496103,420,0,-40,4,1,0,1,1,1,1,0,1,4,3,1,5,4,-2,1,3,0,3,6,-3,8,5,4,0,1,-1,1,1,1,5,1
KR_6681140375,420,1,10,-18,4,0,1,1,-3,2,5,4,6,2,1,2,1,2,2,0,0,4,1,4,2,6,-1,0,0,1,-1,0,1,6,1
KR_6765192202,420,1,-14,-39,2,-3,1,4,-1,5,6,2,6,4,3,4,1,1,1,0,0,6,-31,4,6,10,0,0,1,-1,-1,1,-1,4,1
KR_6703118511,420,2,76,8,-3,2,2,0,-2,0,2,-2,2,4,-1,0,1,0,2,2,0,-4,-3,0,7,7,7,0,1,-1,0,1,-1,3,1
KR_6764762712,420,2,46,-19,7,5,5,0,2,2,0,0,1,1,-1,0,1,1,1,0,0,5,-36,-4,5,1,-4,0,1,-1,-1,1,1,3,1
KR_6737301931,420,1,-2,11,2,0,1,1,1,3,2,1,3,2,1,1,0,-1,0,1,0,2,4,3,3,6,3,0,0,1,-1,0,-1,3,1
KR_6756398820,420,0,37,-8,2,3,6,3,-1,1,2,0,1,1,3,4,1,-3,2,5,0,3,-8,3,2,5,2,0,1,-1,1,1,1,6,1
KR_6599964968,420,6,43,16,12,1,1,0,10,10,0,1,4,3,1,3,2,-1,0,1,0,7,-9,-5,7,2,7,0,1,-1,1,1,1,5,1
KR_6655173971,420,4,17,14,10,0,1,1,3,4,1,5,5,0,2,2,0,0,1,1,0,7,24,4,7,11,-4,0,0,1,1,0,1,4,1
KR_6697959490,420,-2,-30,3,-6,4,6,2,-10,2,12,1,5,4,-1,1,2,0,2,2,1,-9,-1,-3,6,3,-1,0,-2,-1,1,-1,1,6,1
KR_6766736531,420,3,70,-16,8,9,9,0,-2,3,5,-3,0,3,0,2,2,4,5,1,0,-2,-6,-1,3,2,6,0,1,-1,1,1,1,1,1
KR_6675369596,420,2,35,0,1,-4,1,5,2,4,2,2,6,4,6,6,0,-5,0,5,0,0,-8,0,5,5,1,0,1,1,-1,1,1,1,1
KR_6704292323,420,0,-7,-14,3,0,0,0,-4,1,5,4,7,3,-1,1,2,4,4,0,0,0,-18,0,6,6,-5,0,-1,1,1,-1,-1,3,1
KR_6636993420,440,6,91,5,8,2,3,1,0,2,2,2,4,2,3,3,0,1,1,0,0,4,44,1,7,8,-3,0,0,1,-1,1,1,1,1
KR_6680428311,420,-1,54,-24,-2,3,4,1,0,2,2,-2,0,2,-3,1,4,0,0,0,0,-1,-4,-3,7,4,8,0,0,1,-1,1,1,4,1
KR_6663302621,420,2,10,39,2,-2,1,3,2,4,2,-2,0,2,4,7,3,0,2,2,0,-1,3,6,3,9,-5,0,0,1,-1,1,1,3,1
KR_6764626680,420,-3,-54,15,-6,-3,1,4,0,4,4,-5,1,6,2,3,1,0,0,0,1,1,-11,-2,6,4,4,0,-1,1,-1,-1,1,1,1
KR_6728485371,420,3,14,23,11,0,2,2,3,4,1,2,2,0,5,6,1,1,1,0,0,14,-5,0,3,3,3,0,1,1,1,1,1,1,1
KR_6766034455,420,-3,14,6,-11,-2,1,3,-5,1,6,-2,2,4,-3,2,5,1,2,1,0,-8,33,0,7,7,-2,0,0,0,-1,-1,-1,0,1
KR_6757342877,420,3,10,-2,11,-1,3,4,-3,1,4,8,8,0,6,9,3,1,1,0,0,11,-1,0,5,5,6,0,2,1,1,1,1,2,1
KR_6689719675,440,4,34,1,5,1,1,0,0,1,1,1,1,0,2,2,0,1,3,2,0,5,-1,0,10,10,7,0,1,1,-1,1,1,2,1
KR_6703800349,420,1,1,15,1,3,3,0,1,3,2,0,3,3,-4,2,6,1,2,1,0,-5,-1,-5,8,3,1,0,0,1,-1,0,-1,1,1
KR_6654212735,420,0,14,-23,5,0,2,2,5,5,0,2,3,1,-2,2,4,0,1,1,0,5,-4,4,6,10,1,0,1,1,1,1,-1,1,1
KR_6746723878,420,1,53,3,6,0,1,1,4,5,1,0,3,3,5,6,1,-3,0,3,1,4,-4,2,4,6,-3,0,1,1,1,1,1,1,1
KR_6704154220,420,3,47,-20,4,2,3,1,1,3,2,-2,2,4,1,4,3,2,2,0,0,-1,-1,-2,9,7,0,0,1,1,-1,1,1,5,1
KR_6767803970,420,3,6,33,8,0,2,2,-1,2,3,-2,4,6,11,12,1,0,2,2,-1,-3,2,0,5,5,4,0,0,1,0,1,-1,4,1
KR_6663611999,420,7,94,37,9,-1,3,4,-6,0,6,-1,2,3,15,16,1,2,2,0,1,8,9,3,4,7,0,0,3,1,-1,1,1,3,1
KR_6679934194,420,2,56,-8,8,0,1,1,3,6,3,0,2,2,2,4,2,3,4,1,0,15,0,0,4,4,2,0,0,1,1,1,1,3,1
KR_6764923625,420,1,-20,33,12,-1,0,1,1,3,2,4,4,0,2,3,1,6,7,1,0,16,-6,-3,8,5,2,0,2,1,1,1,1,1,1
KR_6619039949,420,1,6,-11,9,0,1,1,2,8,6,-1,1,2,5,6,1,3,3,0,0,12,10,1,5,6,-2,0,2,1,1,1,1,5,1
KR_6753602753,420,2,55,8,0,5,5,0,-1,0,1,-3,0,3,1,1,0,-2,0,2,0,-6,-2,1,6,7,-2,0,1,1,1,1,-1,2,1
KR_6675651411,420,2,87,19,5,0,0,0,2,5,3,0,3,3,0,1,1,3,3,0,1,6,-9,-3,5,2,5,0,1,-1,1,1,1,4,1
KR_6601336124,420,5,81,32,16,6,7,1,2,6,4,5,6,1,4,5,1,-1,0,1,2,13,-8,-1,6,5,4,0,2,1,1,1,1,3,1
KR_6662825732,420,4,76,23,10,3,4,1,5,6,1,2,2,0,1,2,1,-1,0,1,0,11,-8,0,6,6,5,0,2,1,1,1,1,4,1
KR_6704071953,420,1,51,-4,15,5,5,0,4,4,0,2,5,3,2,4,2,2,2,0,0,13,-55,-2,7,5,13,0,0,0,-1,0,1,0,1
KR_6766870458,420,8,86,28,13,4,5,1,3,3,0,2,4,2,2,6,4,2,2,0,1,6,12,5,3,8,-3,0,1,1,1,1,1,2,1
KR_6725802842,420,2,-12,2,7,3,4,1,-1,7,8,5,5,0,0,0,0,0,1,1,2,16,-3,2,4,6,5,0,0,1,-1,-1,-1,1,1
KR_6753683972,420,0,-19,-1,3,0,0,0,2,3,1,-3,2,5,2,4,2,2,4,2,0,8,-14,1,6,7,0,0,0,1,-1,0,1,6,1
KR_6767562753,420,2,9,10,7,-1,1,2,3,4,1,10,10,0,-3,2,5,-2,0,2,0,-3,-19,-4,9,5,3,0,1,1,-1,1,1,3,1
KR_6756843577,420,-1,-55,-16,4,2,5,3,-5,2,7,4,5,1,2,2,0,1,1,0,-2,0,-48,-5,9,4,12,0,0,0,0,0,-1,0,1
KR_6768066311,420,0,19,-27,-5,-4,0,4,7,8,1,-6,1,7,-1,3,4,-1,0,1,1,4,247,0,3,3,3,0,0,-1,-1,-1,-1,5,1
KR_6715316733,420,1,-51,21,1,0,1,1,-3,0,3,2,2,0,-2,3,5,4,5,1,0,-6,27,-2,10,8,0,0,1,1,-1,1,1,4,1
KR_6746713180,420,2,46,12,0,0,1,1,5,7,2,0,1,1,-4,2,6,-1,0,1,-1,4,2,1,4,5,0,0,2,-1,-1,1,-1,4,1
KR_6690222501,420,3,62,8,7,0,1,1,0,5,5,5,6,1,1,2,1,1,3,2,0,11,14,5,4,9,1,0,1,0,1,1,-1,0,1
KR_6710704052,420,8,162,1,19,6,7,1,-2,2,4,1,3,2,9,9,0,5,5,0,0,20,18,3,4,7,-2,0,2,1,1,1,1,5,1
KR_6767343840,420,1,108,-4,1,1,2,1,0,2,2,-4,1,5,2,4,2,2,2,0,0,0,6,0,6,6,4,0,0,-1,-1,0,-1,6,1
KR_6750674194,420,2,-40,0,14,3,4,1,5,10,5,-2,1,3,8,8,0,0,2,2,0,12,-12,-1,9,8,4,0,0,1,-1,-1,1,5,1
KR_6632054786,420,1,-21,3,1,2,5,3,1,3,2,1,1,0,-4,0,4,1,2,1,0,-3,19,-1,7,6,-7,0,0,0,1,0,-1,0,1
KR_6767184783,440,1,53,-4,-1,3,4,1,-1,2,3,-1,2,3,-3,2,5,1,2,1,0,-8,-3,0,2,2,1,0,3,0,1,1,-1,0,1
KR_6751866982,420,0,-42,-17,0,1,5,4,1,3,2,2,3,1,-3,2,5,-1,1,2,-1,1,-1,-5,6,1,4,0,0,-1,1,1,-1,2,1
KR_6703633941,420,0,14,29,0,1,3,2,5,7,2,-5,0,5,1,5,4,-2,1,3,0,2,3,2,5,7,-2,0,2,-1,1,1,-1,4,1
KR_6753925103,420,3,26,-23,9,2,5,3,0,1,1,2,4,2,5,5,0,0,2,2,1,14,-10,4,4,8,5,0,1,1,-1,1,1,3,1
KR_6761793490,420,0,-32,-1,4,-2,2,4,4,5,1,5,9,4,2,3,1,-5,0,5,0,5,-29,-5,8,3,0,0,-1,1,1,-1,-1,5,1
KR_6634173400,420,7,73,24,7,3,3,0,3,6,3,2,2,0,2,2,0,-3,2,5,0,6,122,3,3,6,-2,0,3,1,1,1,-1,4,1
KR_6670283337,420,3,64,13,10,-2,2,4,5,8,3,3,4,1,1,2,1,3,3,0,0,15,6,6,3,9,7,0,2,1,-1,1,-1,2,1
KR_6686649968,420,0,90,-14,0,2,2,0,2,3,1,-2,3,5,-2,1,3,0,2,2,0,9,-7,-4,10,6,3,0,0,-1,-1,0,-1,5,1
KR_6764823249,440,-1,7,-15,-1,1,3,2,-2,0,2,1,1,0,-2,0,2,1,1,0,0,-1,-9,-6,7,1,-5,0,1,-1,-1,1,-1,6,1
KR_6758075784,440,2,20,26,-2,0,1,1,-2,1,3,-2,2,4,2,2,0,0,4,4,0,-9,-11,-6,7,1,4,0,0,-1,1,0,1,2,1
KR_6687643544,420,0,83,14,3,1,1,0,0,0,0,-2,3,5,-1,1,2,5,5,0,-1,-1,-6,0,8,8,2,0,1,1,-1,1,-1,5,1
KR_6764222029,420,0,-15,-19,2,-3,0,3,1,4,3,3,4,1,-1,4,5,2,3,1,0,1,-6,-2,7,5,-2,0,0,-1,-1,0,-1,2,1
KR_6764457356,420,1,16,16,2,3,3,0,-5,2,7,4,8,4,-2,1,3,2,4,2,0,3,-115,-1,4,3,-2,0,1,-1,-1,1,-1,4,1
KR_6757085011,420,5,47,65,13,5,5,0,-1,2,3,6,8,2,6,8,2,-3,0,3,0,12,69,2,7,9,2,0,0,-1,1,0,-1,2,1
KR_6595680780,420,0,-80,8,6,1,3,2,1,3,2,-2,2,4,7,8,1,-1,2,3,0,14,12,2,5,7,2,0,-1,-1,1,-1,1,6,1
KR_6688798929,420,1,-17,12,3,-1,1,2,2,6,4,1,3,2,0,0,0,1,3,2,0,-2,13,-3,9,6,-4,0,0,1,-1,-1,1,1,1
KR_6710605940,420,-2,-9,-35,-3,1,2,1,-3,0,3,0,7,7,-3,3,6,2,2,0,1,-6,-1,4,4,8,1,0,2,-1,1,-1,1,1,1
KR_6758197921,420,4,64,-1,4,2,3,1,-2,1,3,5,6,1,-2,3,5,1,1,0,0,6,-2,-1,6,5,0,0,0,1,-1,1,1,6,1
KR_6765380206,420,2,13,21,11,6,8,2,3,3,0,1,1,0,2,4,2,-1,1,2,1,14,-1,3,2,5,1,0,1,1,1,1,1,5,1
KR_6741567415,440,-3,5,-12,-5,3,3,0,-3,0,3,-1,0,1,-2,0,2,-2,0,2,0,-7,14,-3,7,4,4,0,-1,1,-1,-1,1,1,1
KR_6763312045,420,-3,-22,3,-13,-4,2,6,-2,2,4,-3,0,3,-2,2,4,-2,1,3,0,-12,168,-7,9,2,0,0,-2,1,-1,-1,1,1,1
KR_6720614126,420,3,9,32,7,1,5,4,4,6,2,0,1,1,-1,0,1,3,3,0,0,11,13,0,5,5,5,0,1,1,0,1,-1,4,1
KR_6697708668,420,4,-18,24,7,-2,1,3,9,9,0,-1,5,6,1,1,0,0,3,3,0,4,-8,4,6,10,9,0,0,-1,-1,0,1,1,1
KR_6665305991,420,1,56,25,-9,-3,2,5,0,2,2,-5,0,5,1,3,2,-2,1,3,0,-6,0,3,2,5,2,0,1,1,1,1,-1,1,1
KR_6704332255,420,3,29,9,10,6,8,2,5,5,0,-9,1,10,3,5,2,5,5,0,0,12,115,1,8,9,2,0,0,1,-1,1,-1,6,1
KR_6761321806,440,5,45,25,11,-2,0,2,0,1,1,1,4,3,8,8,0,4,5,1,0,9,40,-3,7,4,-24,0,1,1,-1,1,1,1,1
KR_6749542371,440,5,11,5,12,2,2,0,7,7,0,-1,0,1,4,4,0,0,1,1,0,12,23,8,1,9,0,0,0,0,0,1,1,0,1
KR_6679786782,420,0,67,-1,4,2,3,1,-5,1,6,4,5,1,3,10,7,0,1,1,1,-4,-100,-2,7,5,3,0,1,-1,1,1,-1,4,1
KR_6670200593,420,0,43,-15,2,2,2,0,-4,0,4,2,3,1,0,0,0,2,2,0,0,3,-2,-3,7,4,3,0,0,1,-1,0,-1,6,1
KR_6767908853,420,4,32,31,7,1,2,1,4,4,0,2,2,0,-3,2,5,3,3,0,-1,2,59,-4,8,4,0,0,2,1,1,1,-1,4,1
KR_6665476933,420,5,27,12,8,0,2,2,0,6,6,1,3,2,8,8,0,-1,0,1,0,10,5,1,4,5,-4,0,1,-1,1,1,-1,3,1
KR_6759800005,420,2,48,20,-1,-6,1,7,4,7,3,-2,2,4,4,6,2,-1,0,1,2,0,42,-7,10,3,-15,0,-1,-1,-1,-1,1,5,1
KR_6763746132,420,2,20,-12,1,2,3,1,0,2,2,-2,1,3,2,3,1,-1,0,1,0,-1,-29,-1,4,3,0,0,1,1,1,1,-1,4,1
KR_6624627762,420,3,34,27,9,2,2,0,3,5,2,0,1,1,5,7,2,-1,2,3,1,13,2,5,3,8,-2,0,1,-1,1,1,1,5,1
KR_6732679935,420,3,26,28,8,2,3,1,5,5,0,0,2,2,-1,3,4,2,2,0,0,10,-14,-4,8,4,12,0,-1,1,1,-1,-1,2,1
KR_6767830659,420,1,26,-11,0,4,5,1,-4,1,5,2,2,0,-2,0,2,0,0,0,-1,-2,-6,0,8,8,4,0,0,-1,1,1,-1,5,1
KR_6750927905,440,-1,115,22,-1,-6,1,7,3,4,1,-1,1,2,6,7,1,-3,1,4,0,-8,-16,2,2,4,-1,0,2,-1,1,1,1,6,1
KR_6723173060,420,6,42,51,14,1,2,1,2,6,4,3,3,0,5,5,0,3,4,1,0,13,8,0,7,7,-1,0,2,-1,1,1,1,2,1
KR_6624918659,420,0,-10,-9,2,0,2,2,0,3,3,1,3,2,2,2,0,-1,0,1,0,-4,-12,-1,6,5,-2,0,0,-1,-1,1,1,2,1
KR_6762612553,440,2,34,22,-4,-5,0,5,1,4,3,1,2,1,0,3,3,-1,2,3,0,-3,33,4,4,8,-11,0,3,1,-1,1,-1,3,1
KR_6765901904,420,3,28,16,3,1,1,0,-2,3,5,1,1,0,2,3,1,1,2,1,0,0,-1,0,7,7,5,0,1,1,-1,1,-1,6,1
KR_6726116715,420,2,58,15,3,0,2,2,2,5,3,-2,1,3,3,3,0,0,1,1,0,1,6,0,6,6,-1,0,3,1,-1,1,1,5,1
KR_6638025227,420,3,77,-6,5,0,2,2,2,5,3,2,2,0,-1,2,3,2,2,0,0,9,0,3,3,6,-1,0,0,1,1,1,-1,4,1
KR_6689437722,420,1,62,-4,-1,2,2,0,1,1,0,0,4,4,-3,1,4,-1,0,1,0,-3,-35,-4,8,4,6,0,1,-1,1,1,-1,4,1
KR_6746741602,420,1,61,0,4,-2,2,4,-2,3,5,3,3,0,6,6,0,-1,1,2,0,5,5,5,4,9,-3,0,3,1,-1,1,1,4,1
KR_6667378134,420,-1,5,-16,0,-1,2,3,3,6,3,1,3,2,-2,1,3,-1,1,2,0,0,-7,-4,7,3,2,0,0,1,1,1,1,2,1
KR_6705759588,420,-1,-26,-59,9,1,1,0,7,12,5,2,2,0,-1,1,2,0,1,1,0,15,0,-5,8,3,-1,0,0,0,-1,0,1,0,1
KR_6729556003,420,1,-6,-9,8,-1,1,2,-1,2,3,0,2,2,6,6,0,4,4,0,0,13,-8,-3,7,4,3,0,-2,1,-1,-1,1,5,1
KR_6620137906,420,0,2,6,1,0,0,0,-2,0,2,4,5,1,-2,2,4,1,1,0,0,-2,-2,0,6,6,3,0,0,1,-1,0,-1,5,1
KR_6761577938,440,-2,-20,-28,0,1,3,2,-1,0,1,0,0,0,-3,0,3,3,4,1,0,4,-2,0,1,1,1,0,0,-1,0,0,1,5,1
KR_6766903931,440,2,11,-4,-3,2,3,1,-2,6,8,-3,2,5,-2,5,7,2,4,2,-2,-5,-5,1,3,4,3,0,0,-1,1,1,-1,1,1
KR_6756043154,420,0,-12,8,-4,-1,2,3,-2,2,4,0,1,1,0,2,2,-1,0,1,0,-7,-22,-3,9,6,6,0,1,-1,1,1,1,6,1
KR_6747389102,420,0,-54,-4,-1,0,4,4,-5,0,5,-2,0,2,4,4,0,2,3,1,0,3,4,-1,4,3,0,0,-2,1,-1,-1,1,6,1
KR_6557824381,420,3,14,1,9,1,1,0,6,8,2,-1,1,2,-1,0,1,4,6,2,0,7,-25,-5,8,3,-2,0,2,-1,1,1,1,1,1
KR_6728946385,420,-2,49,-9,-6,2,4,2,0,0,0,-3,0,3,-5,1,6,0,2,2,0,-12,13,-3,8,5,-2,0,-1,-1,1,-1,1,3,1
KR_6690347390,420,0,24,-13,4,-2,1,3,-3,3,6,2,2,0,5,6,1,2,2,0,0,10,-28,0,8,8,12,0,-1,1,-1,1,-1,4,1
KR_6756171055,420,0,25,-13,0,2,2,0,-1,3,4,-2,4,6,1,3,2,0,0,0,0,1,13,3,3,6,0,0,0,1,-1,-1,-1,5,1
KR_6766888337,420,3,34,-24,2,0,2,2,-1,2,3,0,1,1,2,4,2,1,2,1,0,0,-24,-1,8,7,2,0,0,1,-1,0,-1,6,1
KR_6735460969,420,2,-40,-15,9,-1,0,1,-1,4,5,4,5,1,5,6,1,2,3,1,0,14,12,-3,7,4,1,0,0,-1,-1,-1,1,1,1
KR_6738431887,420,1,-38,27,1,3,3,0,1,4,3,0,1,1,-6,1,7,3,3,0,0,-6,28,-8,12,4,-20,0,0,-1,-1,-1,-1,2,1
KR_6697670520,420,7,88,12,18,3,3,0,3,5,2,7,7,0,3,4,1,2,2,0,0,14,-5,4,2,6,1,0,2,-1,1,1,1,1,1
KR_6694704113,420,5,-36,-23,15,-4,1,5,8,10,2,1,7,6,5,7,2,5,6,1,-1,24,8,1,4,5,2,0,2,-1,1,1,-1,6,1
KR_6684949694,440,1,18,-41,2,-3,0,3,2,2,0,1,1,0,-1,0,1,3,3,0,0,-1,-2,7,4,11,0,0,0,1,-1,0,1,6,1
KR_6764984366,420,-3,-54,-12,1,-2,0,2,2,4,2,-4,1,5,-1,6,7,6,7,1,0,15,-3,0,6,6,-4,0,-2,0,-1,-1,1,0,1
KR_6633386961,420,3,13,41,0,-3,1,4,-3,4,7,0,2,2,5,6,1,1,2,1,0,-2,-13,-6,11,5,8,0,2,-1,1,1,-1,2,1
KR_6714866141,440,6,87,5,9,2,2,0,0,2,2,4,5,1,1,2,1,2,3,1,0,-2,-2,1,5,6,-2,0,2,0,1,1,-1,0,1
KR_6685552805,420,7,66,32,18,5,5,0,3,4,1,8,8,0,-3,2,5,5,5,0,1,11,10,6,3,9,-10,0,2,1,-1,1,1,3,1
KR_6701964055,420,-1,-9,-1,1,1,3,2,-1,5,6,0,2,2,1,3,2,0,1,1,0,4,258,3,4,7,-2,0,1,1,1,1,-1,5,1
KR_6582379434,420,0,-27,0,4,-1,1,2,2,5,3,1,1,0,3,6,3,-1,0,1,0,10,28,0,8,8,-1,0,0,1,1,1,1,6,1
KR_6725529945,420,-4,-11,-17,-8,-7,0,7,2,5,3,-3,4,7,4,7,3,-4,2,6,-1,-15,21,4,3,7,3,0,-2,1,-1,-1,-1,5,1
KR_6663160121,420,0,-23,-12,3,1,2,1,1,4,3,2,4,2,-1,3,4,0,1,1,1,5,-8,-2,8,6,-1,0,0,-1,-1,0,1,6,1
KR_6722014719,420,7,45,3,15,-1,0,1,9,9,0,4,6,2,2,3,1,1,2,1,0,21,-2,0,3,3,0,0,1,1,1,1,1,1,1
KR_6642252549,420,1,36,5,6,3,5,2,3,6,3,1,3,2,-2,2,4,1,1,0,2,5,13,2,3,5,2,0,-1,-1,1,-1,1,4,1
KR_6714011282,420,1,-4,-8,10,-2,0,2,4,6,2,3,4,1,2,3,1,3,3,0,0,9,-144,-4,7,3,-1,0,1,-1,-1,1,1,2,1
KR_6762755505,420,3,75,16,3,-2,0,2,4,4,0,1,2,1,-2,4,6,2,4,2,0,-3,2,-2,4,2,5,0,2,-1,1,1,-1,3,1
KR_6680306240,420,0,-9,17,0,-5,0,5,1,3,2,-2,2,4,9,9,0,-3,0,3,0,0,-6,-2,9,7,3,0,0,-1,1,-1,-1,3,1
KR_6759026874,420,-1,87,-10,-1,5,7,2,-2,2,4,-3,2,5,4,6,2,-5,0,5,2,-6,3,-1,6,5,3,0,1,-1,1,1,1,1,1
KR_6740182328,420,-1,-6,-9,-4,-4,1,5,-1,4,5,0,2,2,0,1,1,1,1,0,0,2,-3,1,7,8,3,0,0,1,-1,1,-1,1,1
KR_6667614193,420,2,35,0,8,0,1,1,2,2,0,1,2,1,4,7,3,1,2,1,0,23,39,-6,11,5,-1,0,0,1,1,0,-1,4,1
KR_6766110592,420,2,65,0,4,4,7,3,-1,1,2,0,2,2,0,1,1,1,1,0,1,-3,1,-1,5,4,0,0,1,-1,1,1,1,6,1
KR_6698278584,420,7,57,56,13,1,4,3,1,3,2,1,4,3,10,10,0,0,1,1,1,27,49,1,5,6,2,0,1,1,-1,1,1,6,1
KR_6763261045,420,3,9,15,10,1,3,2,1,3,2,3,3,0,5,5,0,0,0,0,1,10,11,5,2,7,1,0,0,1,-1,1,1,4,1
KR_6690897655,420,-3,-37,-23,2,2,3,1,0,3,3,1,1,0,-3,1,4,2,2,0,0,-1,4,2,6,8,6,0,0,-1,1,-1,-1,6,1
KR_6694363049,440,0,0,-7,2,2,7,5,-2,2,4,-1,2,3,3,3,0,0,2,2,-1,-1,-6,-3,4,1,3,0,0,-1,1,-1,-1,1,1
KR_6757412669,420,2,21,-35,12,-1,3,4,1,3,2,0,2,2,8,8,0,4,4,0,0,20,-19,1,3,4,2,0,1,1,1,-1,-1,3,1
KR_6764781408,420,-1,-30,5,-5,-2,1,3,-3,3,6,0,3,3,0,1,1,0,1,1,1,-3,-13,-5,8,3,1,0,0,1,1,0,1,1,1
KR_6673975919,420,-1,27,4,-2,1,2,1,5,9,4,-9,1,10,2,3,1,-1,0,1,0,-1,14,6,6,12,-1,0,1,1,1,1,1,1,1
KR_6690938501,420,5,43,20,9,3,3,0,0,2,2,3,6,3,3,7,4,0,1,1,-2,2,7,3,6,9,2,0,1,1,-1,1,-1,5,1
KR_6732598484,420,-1,-41,1,1,-4,0,4,4,5,1,-1,2,3,3,4,1,-1,0,1,0,6,-2,-2,7,5,10,0,0,1,1,1,1,2,1
KR_6739995518,440,1,42,-12,5,-1,1,2,4,4,0,-1,3,4,0,2,2,3,3,0,0,10,-30,1,5,6,9,0,1,-1,-1,1,-1,5,1
KR_6746715610,420,5,28,43,9,2,4,2,4,5,1,0,2,2,2,4,2,1,1,0,0,7,2,3,9,12,0,0,1,-1,1,1,1,1,1
KR_6677163124,420,3,42,0,2,-5,2,7,4,8,4,0,0,0,1,3,2,2,2,0,0,3,2,2,5,7,3,0,0,1,-1,0,1,3,1
KR_6720797767,420,4,47,3,6,-4,0,4,1,1,0,5,6,1,2,4,2,2,2,0,0,6,5,6,2,8,-4,0,1,1,-1,1,1,5,1
KR_6757971072,420,7,34,32,18,10,10,0,2,4,2,-1,1,2,2,2,0,5,6,1,0,14,-4,-6,12,6,8,0,2,-1,1,1,1,3,1
KR_6685491530,420,4,33,3,4,3,3,0,3,5,2,-1,2,3,-1,1,2,0,0,0,0,6,14,-5,11,6,-4,0,0,-1,1,0,1,3,1
KR_6668574248,420,5,91,-28,11,2,4,2,6,7,1,1,2,1,3,3,0,-1,0,1,0,8,7,8,3,11,-1,0,3,1,1,1,1,6,1
KR_6767926185,420,3,35,3,4,0,3,3,-1,2,3,1,4,3,3,3,0,1,1,0,0,7,-48,-1,7,6,8,0,0,-1,1,1,-1,3,1
KR_6754765732,420,5,39,24,21,4,4,0,10,10,0,2,2,0,5,8,3,0,1,1,2,27,5,7,2,9,6,0,0,-1,-1,-1,1,1,1
KR_6608206849,440,3,54,47,8,0,2,2,0,3,3,-1,1,2,6,6,0,3,3,0,2,17,-5,0,4,4,0,0,1,1,1,1,1,1,1
KR_6759375419,420,1,56,-18,5,0,1,1,1,3,2,0,2,2,2,6,4,2,2,0,0,12,3,-5,8,3,0,0,0,1,-1,1,1,1,1
KR_6762481926,420,1,-30,-19,5,2,4,2,1,4,3,3,5,2,-2,4,6,1,2,1,0,10,-7,-1,11,10,3,0,0,1,1,0,1,6,1
KR_6734068625,420,3,-39,-29,11,2,4,2,5,6,1,1,2,1,0,3,3,3,3,0,-1,11,-10,0,4,4,4,0,0,1,0,0,-1,2,1
KR_6753639889,420,3,-9,-10,6,1,1,0,2,5,3,1,1,0,2,2,0,0,0,0,0,3,-41,-2,9,7,29,0,-1,-1,1,-1,1,3,1
KR_6667293711,420,0,-72,3,-4,1,1,0,-3,3,6,-2,1,3,-1,1,2,1,4,3,0,-4,5,2,5,7,-4,0,0,-1,0,0,1,3,1
KR_6704140942,420,-3,-22,7,-2,-3,0,3,0,2,2,-1,2,3,0,2,2,2,2,0,-1,-7,-7,-3,7,4,0,0,0,-1,-1,0,-1,4,1
KR_6625455534,420,2,-5,1,11,3,6,3,-2,0,2,5,6,1,5,6,1,0,0,0,0,12,26,-3,8,5,1,0,0,1,1,-1,1,4,1
KR_6741561691,440,3,9,16,3,2,3,1,0,3,3,-1,3,4,2,3,1,0,2,2,0,-5,-1,-2,7,5,6,0,0,1,1,1,1,4,1
KR_6762672293,420,1,-27,11,-3,0,0,0,-1,2,3,-4,1,5,2,6,4,0,0,0,0,-5,64,4,4,8,0,0,-2,1,-1,-1,1,5,1
KR_6757824030,440,0,-18,20,2,0,2,2,1,5,4,3,4,1,-2,2,4,0,1,1,0,-1,-8,-4,7,3,-4,0,-1,-1,1,-1,-1,5,1
KR_6742348942,440,0,24,-1,1,1,3,2,2,8,6,2,5,3,-2,0,2,-2,1,3,2,12,-10,-1,7,6,-2,0,-1,-1,-1,-1,-1,4,1
KR_6619872276,420,-1,-48,11,-3,2,3,1,1,5,4,2,3,1,-7,0,7,-1,0,1,0,-7,-4,-4,8,4,0,0,-1,-1,1,-1,-1,3,1
KR_6761276968,420,5,80,3,6,4,4,0,0,1,1,2,5,3,0,1,1,0,0,0,0,3,2,5,4,9,3,0,1,-1,1,1,1,5,1
KR_6756321838,420,-2,-4,8,-6,-4,1,5,0,7,7,2,5,3,-3,1,4,-1,0,1,0,-13,-16,-1,8,7,0,0,0,1,-1,-1,-1,6,1
KR_6604864727,420,0,-1,3,-4,-3,0,3,2,4,2,-2,1,3,0,2,2,-1,0,1,0,2,0,-1,5,4,2,0,-1,1,-1,-1,-1,4,1
KR_6698962215,420,3,-15,16,10,3,4,1,3,6,3,0,2,2,5,7,2,-1,1,2,0,21,4,1,7,8,2,0,2,1,1,1,1,3,1
KR_6761351308,420,1,-41,5,-3,-4,1,5,0,5,5,5,9,4,-4,1,5,0,2,2,0,-3,-14,1,3,4,-3,0,0,1,-1,-1,-1,6,1
KR_6614490881,440,2,-34,16,9,11,12,1,0,0,0,0,1,1,0,2,2,-2,0,2,0,6,-10,-1,5,4,4,0,-1,1,1,1,-1,4,1
KR_6757624811,420,2,28,29,4,8,8,0,2,3,1,1,1,0,-5,1,6,-2,0,2,0,4,12,0,4,4,-2,0,1,1,1,1,1,6,1
KR_6760880598,420,5,24,16,4,2,3,1,0,4,4,4,4,0,0,3,3,-2,0,2,0,2,-1,-4,6,2,1,0,0,-1,1,0,1,1,1
KR_6727289890,420,4,60,5,5,3,7,4,3,6,3,1,2,1,-1,3,4,-1,0,1,0,2,1,1,4,5,0,0,1,1,-1,1,-1,4,1
KR_6738556275,420,0,37,-4,1,-1,1,2,-3,0,3,3,5,2,1,1,0,1,1,0,0,0,48,-1,5,4,-9,0,1,1,-1,1,-1,5,1
KR_6767505822,420,6,81,-8,16,6,6,0,-2,1,3,5,7,2,2,4,2,5,5,0,0,19,116,-1,4,3,6,0,1,1,1,1,1,2,1
KR_6704694458,420,3,14,12,6,-2,1,3,4,5,1,1,3,2,2,4,2,1,1,0,0,11,-3,2,7,9,4,0,1,1,1,1,1,4,1
KR_6752696249,420,0,39,12,2,-1,1,2,-1,2,3,1,3,2,2,3,1,1,4,3,0,-3,3,-1,4,3,-4,0,3,1,1,1,1,5,1
KR_6701249312,420,1,-21,-23,5,-1,0,1,0,3,3,6,6,0,-1,3,4,1,1,0,0,3,34,-1,6,5,-1,0,0,-1,1,1,1,4,1
KR_6758531955,420,0,71,5,1,-2,4,6,2,3,1,-5,3,8,7,8,1,-1,0,1,0,1,-3,3,3,6,4,0,3,1,1,1,-1,5,1
KR_6661872987,440,4,77,-21,9,1,2,1,1,6,5,2,4,2,-1,3,4,6,8,2,-1,14,17,3,0,3,-1,0,2,1,1,1,-1,1,1
KR_6757837590,420,0,47,4,-1,1,2,1,-5,1,6,1,4,3,3,4,1,-1,0,1,1,6,2,0,6,6,7,0,1,1,-1,1,1,1,1
KR_6738840176,420,-4,9,-32,-6,2,5,3,-6,1,7,2,2,0,-1,1,2,-3,0,3,0,-14,1,-6,9,3,2,0,0,-1,1,1,1,4,1
KR_6767536690,420,1,-10,-20,8,0,3,3,0,3,3,3,3,0,1,1,0,4,4,0,2,16,15,2,2,4,-6,0,2,1,1,1,1,5,1
KR_6766685894,420,2,36,-2,5,0,2,2,2,3,1,-1,2,3,3,3,0,1,2,1,0,5,-39,2,5,7,18,0,1,1,-1,1,-1,1,1
KR_6688059805,420,3,0,19,8,-1,0,1,2,8,6,-2,1,3,11,13,2,-2,1,3,0,10,50,6,3,9,-5,0,0,1,1,0,1,1,1
KR_6767490865,420,1,-50,14,3,-5,0,5,-2,0,2,1,3,2,9,9,0,0,0,0,0,7,2,0,2,2,-1,0,-1,1,-1,1,-1,1,1
KR_6758860817,420,1,12,13,4,-1,0,1,7,8,1,-1,1,2,1,2,1,-2,0,2,0,11,12,-1,8,7,5,0,1,1,1,1,1,6,1
KR_6766241702,420,1,0,-15,6,-6,0,6,5,6,1,2,4,2,5,6,1,0,2,2,0,13,-5,1,4,5,-1,0,0,1,-1,-1,1,2,1
KR_6675683290,420,5,8,22,9,6,6,0,1,5,4,1,3,2,5,7,2,-4,2,6,0,9,2,4,5,9,-1,0,1,0,1,1,-1,0,1
KR_6681170472,420,-3,-98,-24,-4,-3,0,3,1,3,2,0,2,2,1,4,3,-3,1,4,0,0,-4,-1,6,5,-5,0,-3,-1,-1,-1,-1,3,1
KR_6756635432,420,2,15,12,0,1,2,1,3,4,1,-1,1,2,-5,1,6,2,2,0,2,2,9,-1,6,5,-4,0,0,1,1,0,1,4,1
KR_6749606388,420,4,19,-12,9,-2,1,3,1,4,3,0,2,2,7,9,2,3,3,0,-1,6,7,5,1,6,-3,0,1,-1,1,1,-1,4,1
KR_6767049654,420,3,19,-4,11,4,6,2,3,4,1,4,5,1,1,3,2,-1,0,1,1,19,7,7,4,11,0,0,0,1,-1,1,1,1,1
KR_6766525691,420,1,3,-1,-1,3,3,0,-2,0,2,2,4,2,-4,1,5,0,1,1,0,-4,-4,2,4,6,4,0,-1,1,-1,-1,1,2,1
KR_6753830489,420,2,-2,7,6,0,1,1,-1,3,4,1,4,3,8,8,0,-2,1,3,0,14,14,0,7,7,-1,0,1,1,1,1,-1,4,1
KR_6714239125,420,3,85,-19,1,0,2,2,5,6,1,-3,4,7,-4,1,5,3,4,1,0,8,-10,-5,10,5,6,0,0,1,-1,0,1,3,1
KR_6616360452,420,5,14,14,10,0,1,1,-1,3,4,8,8,0,2,3,1,1,1,0,-2,7,4,7,3,10,3,0,1,1,1,1,-1,4,1
KR_6762128023,420,1,28,-32,3,5,5,0,-1,0,1,-2,0,2,1,2,1,0,0,0,0,-1,-6,0,5,5,1,0,1,-1,-1,1,1,5,1
KR_6768078173,440,1,-46,10,5,-2,1,3,4,4,0,-2,1,3,3,5,2,2,3,1,0,10,1,5,0,5,-2,0,0,1,1,0,-1,2,1
KR_6684005629,420,0,19,4,9,1,2,1,2,7,5,4,4,0,0,1,1,2,3,1,1,7,19,5,2,7,-5,0,1,1,1,1,1,2,1
KR_6605882697,420,3,18,9,5,2,5,3,2,4,2,-2,1,3,3,3,0,0,0,0,0,9,24,2,7,9,-4,0,-1,1,-1,-1,-1,2,1
KR_6680710336,420,0,11,-16,0,-3,0,3,2,2,0,-1,3,4,0,1,1,2,2,0,0,-1,2,-4,10,6,-3,0,0,1,-1,0,1,2,1
KR_6690411160,420,3,32,5,2,6,6,0,0,1,1,-1,3,4,-1,2,3,-2,0,2,0,-3,52,-2,7,5,-1,0,1,1,1,1,-1,1,1
KR_6751784004,420,2,8,-5,5,2,3,1,4,6,2,-2,2,4,5,6,1,-4,0,4,0,5,-13,2,4,6,2,0,0,-1,1,0,-1,4,1
KR_6660976432,440,3,69,28,9,0,2,2,3,4,1,5,5,0,4,4,0,-3,1,4,0,5,3,2,5,7,2,0,-1,1,-1,1,1,2,1
KR_6755711687,420,1,88,-4,2,1,2,1,-1,2,3,-4,1,5,6,10,4,0,3,3,0,4,11,2,4,6,1,0,1,1,-1,1,1,4,1
KR_6715759318,420,4,28,21,0,1,4,3,3,5,2,-1,1,2,-4,1,5,1,2,1,0,-7,-9,3,6,9,-1,0,1,-1,1,1,-1,6,1
KR_6701794232,440,-1,-33,8,2,2,4,2,0,4,4,-1,1,2,2,3,1,-1,3,4,0,1,56,3,3,6,-2,0,0,-1,-1,0,1,5,1
KR_6679178022,420,2,49,-9,11,0,1,1,-1,3,4,4,6,2,9,9,0,-1,0,1,0,8,19,2,2,4,-18,0,1,1,1,1,1,1,1
KR_6634622737,440,3,72,23,3,-1,1,2,0,1,1,0,0,0,4,7,3,0,0,0,0,-1,-86,3,7,10,4,0,0,1,1,0,-1,1,1
KR_6765421875,420,-1,23,4,1,1,1,0,-2,4,6,1,4,3,0,3,3,1,2,1,0,12,-35,5,4,9,2,0,0,0,1,1,-1,0,1
KR_6709201484,420,2,-3,3,-3,-2,1,3,-8,0,8,0,2,2,6,8,2,1,2,1,-1,2,-14,2,5,7,-2,0,-1,1,-1,1,1,5,1
KR_6747733031,420,0,-6,-4,3,0,1,1,4,7,3,1,2,1,-3,2,5,1,3,2,0,1,-3,-2,6,4,2,0,0,1,1,0,1,2,1
KR_6696635564,420,-1,34,-4,0,-1,2,3,-1,2,3,3,4,1,4,5,1,-5,1,6,0,0,107,1,8,9,5,0,0,1,-1,1,1,4,1
KR_6689825777,420,0,11,-16,-4,-2,5,7,-4,1,5,2,2,0,1,3,2,-1,1,2,0,2,-16,-3,7,4,15,0,0,-1,-1,-1,-1,1,1
KR_6764753005,420,3,5,8,7,1,1,0,-2,3,5,4,6,2,4,6,2,0,1,1,0,6,-7,-2,7,5,2,0,0,-1,1,1,-1,6,1
KR_6768027871,420,3,13,-4,3,1,3,2,0,2,2,1,4,3,0,2,2,1,2,1,0,1,2,1,3,4,-3,0,0,1,-1,0,-1,4,1
KR_6718534740,420,4,29,28,13,-3,0,3,2,3,1,3,3,0,9,10,1,2,2,0,1,20,15,9,0,9,-1,0,1,1,-1,1,1,4,1
KR_6669744183,420,0,-19,-27,1,0,3,3,-1,4,5,0,2,2,0,1,1,2,2,0,-1,11,-159,2,5,7,5,0,0,-1,0,0,-1,3,1
KR_6710233032,420,4,21,14,5,4,6,2,0,5,5,1,1,0,-2,0,2,2,2,0,0,2,0,2,5,7,9,0,0,1,-1,1,1,1,1
KR_6705936908,420,1,43,-16,-2,0,0,0,-5,3,8,4,5,1,-2,3,5,1,4,3,0,-3,-37,3,6,9,20,0,0,1,-1,0,1,3,1
KR_6768026060,420,1,23,6,6,-1,1,2,6,8,2,2,4,2,-2,2,4,1,1,0,0,-1,0,1,4,5,-1,0,0,1,1,0,1,4,1
KR_6762220010,420,2,33,32,7,1,3,2,2,3,1,0,0,0,4,6,2,0,1,1,1,9,1,2,6,8,-2,0,0,1,1,0,1,6,1
KR_6752533558,420,0,-14,-4,5,0,2,2,0,2,2,2,5,3,0,1,1,3,6,3,0,4,38,4,2,6,0,0,1,-1,1,1,1,6,1
KR_6603968530,420,4,-11,12,-1,1,1,0,-1,4,5,3,5,2,-3,2,5,-1,0,1,-3,-4,-10,-3,10,7,2,0,-1,-1,1,-1,-1,2,1
KR_6752883164,420,0,-38,7,9,-3,0,3,6,6,0,3,4,1,2,4,2,1,1,0,0,8,16,0,3,3,0,0,1,0,0,1,1,0,1
KR_6732398693,420,8,115,-4,15,7,7,0,-4,1,5,0,2,2,13,14,1,-1,1,2,0,9,-28,-7,11,4,6,0,1,1,0,1,1,2,1
KR_6765466281,420,4,51,20,8,-2,0,2,5,5,0,3,4,1,3,3,0,-1,0,1,0,8,1,4,3,7,2,0,0,-1,-1,0,1,4,1
KR_6767794475,420,-1,5,21,-1,-7,0,7,1,4,3,0,2,2,5,6,1,0,0,0,0,1,0,1,3,4,-1,0,0,1,-1,-1,1,2,1
KR_6434118224,420,0,-6,-31,1,3,3,0,-7,2,9,1,5,4,4,5,1,0,2,2,0,6,-1,-5,11,6,2,0,0,1,-1,0,-1,2,1
KR_6761805654,440,2,10,9,5,-1,0,1,1,4,3,1,1,0,2,6,4,2,4,2,0,10,13,2,5,7,-1,0,0,1,1,1,1,4,1
KR_6694739136,420,-2,64,18,-13,0,0,0,2,2,0,-7,0,7,-5,2,7,-3,0,3,0,-20,23,3,4,7,-6,0,0,-1,-1,0,-1,2,1
KR_6757978008,420,4,27,-4,9,-1,1,2,5,5,0,4,5,1,1,4,3,0,2,2,1,7,-2,-1,5,4,3,0,0,1,-1,1,1,3,1
KR_6625752468,420,8,24,69,13,2,3,1,3,3,0,5,5,0,0,1,1,3,3,0,0,14,3,2,3,5,2,0,3,1,1,1,-1,1,1
KR_6763380507,420,3,54,16,8,3,3,0,0,2,2,4,6,2,0,1,1,1,1,0,0,7,1,1,1,2,0,0,5,-1,1,1,1,4,1
KR_6759637934,420,-4,-40,0,-3,-4,1,5,1,3,2,2,3,1,-1,4,5,-1,1,2,0,5,-12,-6,11,5,2,0,-2,1,-1,-1,-1,4,1
KR_6761002734,420,1,24,-4,5,6,7,1,-1,2,3,-3,2,5,1,2,1,2,6,4,0,4,10,0,6,6,7,0,0,1,1,0,1,2,1
KR_6747278497,420,1,10,-4,8,1,2,1,2,2,0,4,4,0,0,1,1,1,1,0,0,7,-3,1,4,5,4,0,1,1,1,1,1,4,1
KR_6668491404,420,-2,0,-15,2,-1,1,2,3,9,6,1,2,1,0,1,1,-1,0,1,0,-3,3,0,5,5,3,0,0,-1,-1,1,1,1,1
KR_6759121683,420,4,38,0,6,1,4,3,2,3,1,2,3,1,1,1,0,0,0,0,0,8,19,4,5,9,3,0,0,-1,-1,1,1,4,1
KR_6763740335,440,1,-10,-36,-1,1,4,3,5,7,2,-5,1,6,-2,1,3,0,2,2,-4,-15,107,4,4,8,1,0,-1,-1,-1,-1,-1,2,1
KR_6597313632,420,-3,5,10,-1,5,5,0,-6,10,16,0,2,2,-6,3,9,6,7,1,0,-6,41,-1,5,4,-13,0,-1,1,-1,1,1,6,1
KR_6763396795,420,1,-21,20,3,3,4,1,2,4,2,-4,1,5,-2,1,3,4,5,1,0,-7,-2,0,4,4,-1,0,0,-1,1,1,-1,4,1
KR_6761327088,420,2,64,-17,1,4,5,1,-4,4,8,-2,2,4,2,4,2,1,2,1,-1,1,-25,2,3,5,1,0,0,-1,1,1,-1,4,1
KR_6653695507,420,2,14,56,1,-2,3,5,-3,1,4,1,1,0,5,8,3,0,0,0,0,-7,-5,-1,7,6,1,0,0,1,1,1,-1,1,1
KR_6765058065,420,4,-10,-17,6,-2,2,4,6,7,1,1,3,2,0,2,2,1,1,0,0,7,5,2,5,7,0,0,0,-1,1,-1,-1,4,1
KR_6556625544,420,2,-22,-40,3,2,3,1,2,5,3,0,1,1,-1,4,5,0,0,0,0,4,-6,0,6,6,1,0,0,-1,1,1,1,2,1
KR_6700153079,420,5,14,12,11,1,4,3,5,5,0,1,6,5,1,3,2,3,4,1,2,13,11,4,5,9,-4,0,1,1,1,1,-1,1,1
KR_6688003385,420,0,16,-16,1,2,3,1,-4,3,7,2,4,2,1,4,3,0,2,2,0,-4,6,4,3,7,-2,0,0,-1,1,1,1,3,1
KR_6720945432,420,-3,5,18,-2,-3,2,5,1,3,2,-2,3,5,-1,1,2,3,3,0,0,-4,-34,-6,10,4,-2,0,-2,1,-1,-1,-1,2,1
KR_6721408122,420,2,83,40,9,4,4,0,6,7,1,-3,2,5,3,4,1,-1,1,2,0,7,-4,-3,7,4,2,0,1,1,1,1,-1,5,1
KR_6761710295,420,4,19,44,6,0,1,1,0,2,2,2,4,2,4,5,1,0,2,2,0,10,-18,-1,7,6,-2,0,2,-1,1,1,-1,3,1
KR_6760912319,440,-1,-20,-1,-2,-1,2,3,1,6,5,-3,0,3,-2,0,2,3,5,2,0,6,-3,4,4,8,-2,0,0,1,-1,1,1,2,1
KR_6673810286,420,4,108,-20,11,2,2,0,1,2,1,-2,0,2,7,8,1,3,3,0,0,12,-18,3,3,6,2,0,2,-1,1,1,1,4,1
KR_6730987344,420,2,69,0,2,2,5,3,-2,0,2,0,2,2,1,3,2,1,4,3,0,1,5,0,10,10,-2,0,0,1,-1,1,1,5,1
KR_6657227338,420,2,80,20,-3,2,5,3,-4,1,5,2,4,2,-2,2,4,-1,0,1,0,-8,-12,-2,6,4,1,0,1,1,1,1,1,2,1
KR_6624120940,420,-1,-8,2,-3,-4,0,4,0,4,4,0,1,1,1,4,3,0,0,0,0,-9,-10,-4,11,7,2,0,-1,-1,-1,-1,-1,1,1
KR_6747146376,420,2,43,20,4,3,3,0,-2,4,6,-2,2,4,1,2,1,4,5,1,0,9,7,3,5,8,2,0,0,0,1,1,1,0,1
KR_6673879111,420,3,16,48,1,1,3,2,3,3,0,1,2,1,-1,3,4,-3,2,5,0,-1,-39,6,2,8,14,0,1,-1,1,1,-1,5,1
KR_6668150484,420,5,45,9,6,-1,1,2,1,5,4,0,5,5,3,3,0,3,5,2,0,14,11,-6,11,5,3,0,2,-1,-1,1,-1,6,1
KR_6677154582,420,-2,-7,6,-1,-3,2,5,2,5,3,1,1,0,-3,2,5,2,3,1,1,-2,-14,-8,11,3,5,0,0,1,-1,0,1,6,1
KR_6677871163,420,6,-15,-23,14,4,4,0,-4,2,6,8,9,1,4,8,4,2,2,0,1,16,-9,-4,8,4,1,0,1,1,-1,1,1,4,1
KR_6668192777,420,4,25,3,2,0,2,2,2,2,0,5,6,1,2,5,3,-7,1,8,0,-8,2,0,5,5,-1,0,2,1,1,1,-1,2,1
KR_6738882742,420,0,5,12,-4,0,3,3,-3,4,7,-1,2,3,1,2,1,-1,0,1,0,-9,40,3,6,9,-8,0,0,1,1,1,1,4,1
KR_6684171376,420,0,-4,-48,-2,2,2,0,-1,6,7,0,3,3,-3,2,5,0,1,1,-1,-9,39,6,5,11,-7,0,0,-1,-1,0,-1,3,1
KR_6705716291,420,0,4,-8,2,2,3,1,-3,0,3,-3,3,6,5,7,2,1,2,1,0,-1,16,-1,6,5,-2,0,0,1,-1,0,1,5,1
KR_6762328738,420,3,44,31,-6,-5,2,7,0,2,2,-3,3,6,1,4,3,1,1,0,0,1,-3,-4,6,2,0,0,-1,-1,0,1,-1,2,1
KR_6714019866,420,3,28,17,4,0,3,3,3,5,2,1,2,1,0,0,0,0,0,0,0,2,8,7,3,10,2,0,0,1,-1,0,-1,2,1
KR_6720537752,420,3,20,8,8,-1,3,4,8,9,1,1,1,0,-1,3,4,1,2,1,0,9,1,3,4,7,5,0,-1,1,1,-1,-1,1,1
KR_6758121411,420,1,54,-7,-2,-2,1,3,-1,1,2,0,0,0,-1,1,2,2,2,0,0,-5,-40,1,4,5,0,0,-1,1,-1,-1,1,1,1
KR_6684073586,420,2,5,20,3,-2,1,3,-4,0,4,3,4,1,7,9,2,-1,0,1,0,7,-4,5,5,10,3,0,1,1,1,1,-1,5,1
KR_6697105303,420,3,50,35,9,1,2,1,-3,2,5,4,6,2,8,8,0,-1,1,2,0,15,-6,-4,10,6,4,0,2,-1,1,1,-1,3,1
KR_6630443155,420,-3,9,-16,3,-2,1,3,1,4,3,1,1,0,0,2,2,3,3,0,0,5,-7,1,9,10,7,0,0,1,1,0,1,3,1
KR_6743512040,440,1,13,44,9,1,1,0,0,3,3,0,1,1,6,11,5,2,4,2,1,3,-30,3,6,9,3,0,1,-1,1,1,1,1,1
KR_6752864929,420,-4,-68,0,-1,2,4,2,2,2,0,-3,1,4,-1,2,3,-1,1,2,1,1,5,2,4,6,-3,0,0,1,1,-1,1,3,1
KR_6678345240,420,4,23,-4,-1,-1,1,2,0,3,3,-2,1,3,1,5,4,1,2,1,-1,-6,5,1,5,6,-5,0,1,1,1,1,-1,5,1
KR_6766625817,420,3,60,16,4,1,2,1,-1,2,3,0,1,1,5,8,3,-1,1,2,0,9,0,0,6,6,7,0,0,-1,-1,1,-1,6,1
KR_6741543452,440,3,68,8,4,2,2,0,0,3,3,-1,2,3,3,6,3,0,0,0,1,5,-4,6,4,10,7,0,0,1,1,0,1,3,1
KR_6654690680,420,3,79,2,4,6,7,1,0,1,1,-3,2,5,0,2,2,1,1,0,0,-4,-27,-4,7,3,-1,0,2,1,1,1,1,6,1
KR_6658795985,420,-1,22,13,-6,-1,1,2,-3,2,5,2,2,0,-4,1,5,0,1,1,0,-8,-8,-7,11,4,4,0,1,-1,1,1,-1,1,1
KR_6706622951,440,5,27,-7,13,0,2,2,-2,1,3,4,5,1,10,11,1,1,2,1,0,9,-13,5,4,9,-3,0,1,1,-1,1,-1,1,1
KR_6766188123,420,0,-32,-12,2,-1,3,4,3,4,1,2,4,2,-1,0,1,-1,0,1,0,4,47,0,5,5,4,0,0,1,1,0,-1,1,1
KR_6726683732,420,-1,15,-32,1,0,2,2,-4,1,5,2,6,4,-2,1,3,5,9,4,3,12,-10,-1,3,2,2,0,2,-1,-1,1,1,3,1
KR_6760275512,420,-1,25,-11,1,0,3,3,2,4,2,1,1,0,-2,2,4,0,0,0,0,3,7,7,4,11,-2,0,-2,1,1,-1,-1,1,1
KR_6684017985,420,2,4,-8,8,3,3,0,5,7,2,-2,1,3,0,2,2,2,2,0,0,13,4,4,4,8,-2,0,0,-1,1,1,1,6,1
KR_6758600552,420,2,14,-7,3,3,4,1,-3,1,4,-2,3,5,0,3,3,5,5,0,0,-1,-34,0,7,7,1,0,0,-1,1,0,1,2,1
KR_6763482605,420,3,24,9,10,4,4,0,1,3,2,3,3,0,1,1,0,1,1,0,0,9,-70,-4,10,6,2,0,0,1,1,0,1,2,1
KR_6767599513,420,4,42,0,7,4,4,0,1,2,1,3,5,2,-2,1,3,1,2,1,0,3,6,2,3,5,-7,0,1,1,1,1,1,2,1
KR_6716623007,420,6,4,5,15,5,5,0,3,6,3,2,5,3,5,6,1,0,0,0,0,12,-3,-2,3,1,0,0,1,-1,1,1,1,1,1
KR_6730446746,440,4,61,12,4,4,4,0,0,2,2,1,3,2,-1,1,2,0,2,2,0,-5,57,0,5,5,-22,0,1,1,1,-1,1,4,1
KR_6647406862,420,0,15,-24,-5,-2,2,4,0,2,2,3,3,0,-2,0,2,-4,0,4,-1,-3,7,3,4,7,-4,0,0,1,-1,0,-1,6,1
KR_6721027243,420,1,14,37,1,-4,0,4,1,2,1,2,6,4,-2,1,3,4,5,1,0,6,6,3,4,7,-7,0,1,-1,1,1,1,2,1
KR_6728378745,420,2,27,-8,0,0,1,1,1,4,3,-2,1,3,-1,2,3,2,2,0,0,-3,-44,-3,11,8,12,0,0,-1,-1,0,1,2,1
KR_6723553990,420,-1,22,-24,-2,-2,2,4,6,6,0,-6,1,7,1,3,2,-1,0,1,0,0,2,3,3,6,2,0,0,-1,-1,0,1,1,1
KR_6687582140,420,-2,39,-8,-8,1,2,1,3,4,1,-12,4,16,-1,3,4,1,1,0,0,-10,27,1,2,3,3,0,0,-1,-1,-1,-1,1,1
KR_6712638997,420,4,109,-11,16,7,8,1,2,5,3,5,6,1,1,3,2,1,1,0,-1,10,18,-6,10,4,4,0,1,0,0,1,-1,0,1
KR_6764873794,420,1,3,8,5,1,3,2,1,7,6,-1,3,4,1,3,2,3,4,1,0,9,-5,0,4,4,2,0,1,1,1,1,1,6,1
KR_6602315603,420,4,105,-8,9,0,0,0,10,13,3,1,3,2,2,3,1,-4,0,4,0,5,-4,2,7,9,3,0,2,-1,1,1,1,1,1
KR_6577146019,420,5,97,-7,4,6,6,0,3,4,1,-3,0,3,-2,1,3,0,0,0,-2,-4,2,2,7,9,5,0,1,-1,1,1,-1,4,1
KR_6681090306,420,1,-4,8,1,-1,0,1,1,2,1,0,1,1,1,4,3,0,1,1,0,4,8,5,6,11,-1,0,0,1,-1,-1,-1,4,1
KR_6750157269,420,5,64,-3,8,4,4,0,-1,3,4,4,6,2,0,1,1,1,2,1,0,3,-16,0,5,5,5,0,0,1,1,0,1,5,1
KR_6715570166,420,1,-3,-8,6,-2,2,4,7,7,0,1,3,2,-1,3,4,1,1,0,0,8,26,0,5,5,0,0,1,1,1,1,-1,5,1
KR_6707605636,420,3,1,31,12,3,6,3,2,3,1,4,6,2,2,6,4,1,2,1,0,14,-18,3,4,7,5,0,1,1,1,1,1,6,1
KR_6668188943,420,0,13,1,1,-1,0,1,4,6,2,1,2,1,-2,0,2,-1,1,2,0,7,-32,1,5,6,3,0,0,-1,-1,1,-1,1,1
KR_6727792380,420,-1,-20,-14,1,-1,0,1,4,7,3,2,2,0,-3,2,5,-1,0,1,-1,-2,-14,2,6,8,8,0,0,-1,-1,0,-1,4,1
KR_6765878330,420,0,-13,-10,4,4,5,1,-2,0,2,1,4,3,-1,3,4,2,3,1,0,-2,-40,2,3,5,20,0,0,-1,1,1,1,3,1
KR_6764423698,420,2,-1,8,6,1,1,0,1,3,2,1,2,1,1,4,3,2,2,0,1,11,-25,-3,9,6,11,0,0,1,-1,0,1,5,1
KR_6712604446,420,4,3,19,7,1,2,1,-3,3,6,4,4,0,2,4,2,3,3,0,0,12,3,0,7,7,-2,0,1,-1,1,1,1,6,1
KR_6766976476,420,2,30,33,10,0,1,1,1,4,3,1,3,2,9,10,1,-1,2,3,0,8,3,3,5,8,-1,0,1,1,1,1,1,4,1
KR_6708144037,420,2,21,22,2,-1,0,1,-4,1,5,6,7,1,1,1,0,0,1,1,0,4,-17,0,3,3,-5,0,0,1,1,0,-1,1,1
KR_6726294855,420,3,-9,9,7,2,3,1,4,6,2,3,5,2,-2,3,5,0,1,1,0,10,2,-3,9,6,2,0,3,1,1,1,-1,4,1
KR_6751299128,420,-1,5,21,-3,3,7,4,-3,2,5,-4,1,5,2,3,1,-1,0,1,0,-5,17,1,5,6,-2,0,1,1,-1,-1,-1,2,1
KR_6766742069,420,-2,-24,-2,-5,-4,1,5,-4,1,5,-3,0,3,5,7,2,1,1,0,0,-9,15,-1,7,6,1,0,-1,-1,-1,-1,1,6,1
KR_6695898131,420,4,-8,15,7,0,1,1,2,3,1,4,7,3,0,2,2,1,2,1,0,8,-8,1,5,6,4,0,0,-1,1,1,1,3,1
KR_6746519965,440,-2,17,7,-6,-6,1,7,4,5,1,-4,0,4,-1,3,4,1,2,1,0,-1,-4,-3,8,5,3,0,-1,1,-1,-1,-1,1,1
KR_6713142690,420,1,-4,2,4,3,6,3,5,6,1,-1,3,4,-2,0,2,-1,0,1,0,3,34,-2,5,3,-2,0,0,1,-1,-1,1,3,1
KR_6728813686,420,2,-68,-8,5,-4,0,4,7,10,3,-3,1,4,7,9,2,-2,1,3,-1,7,-3,-2,6,4,-2,0,-1,-1,1,-1,-1,6,1
KR_6764793551,420,4,35,17,10,1,4,3,2,3,1,0,3,3,6,6,0,1,1,0,0,17,2,0,6,6,4,0,2,1,1,1,1,6,1
KR_6663633861,420,8,81,-8,13,2,3,1,3,5,2,4,7,3,2,2,0,2,2,0,0,22,21,3,6,9,3,1,8,1,1,1,1,5,1
KR_6754992453,420,0,43,-5,2,-2,0,2,2,4,2,0,1,1,1,5,4,1,1,0,0,4,-2,-3,7,4,2,0,1,1,1,1,-1,2,1
KR_6671847255,420,2,-35,13,-3,0,1,1,-4,4,8,1,1,0,-1,2,3,1,2,1,0,-7,14,0,8,8,8,0,0,1,1,0,-1,5,1
KR_6664847653,420,0,85,33,5,1,1,0,3,4,1,-2,3,5,6,11,5,-3,0,3,0,0,20,2,6,8,-3,0,3,1,1,1,1,1,1
KR_6742804733,420,0,17,-6,0,1,2,1,-3,1,4,1,2,1,0,2,2,1,1,0,0,-4,-134,0,4,4,1,0,1,-1,1,1,-1,3,1
KR_6709760977,420,0,-26,-5,-1,1,3,2,-3,1,4,-2,3,5,1,3,2,2,3,1,0,-4,-29,1,2,3,-2,0,0,1,1,0,1,5,1
KR_6689287467,420,0,28,40,-6,-3,0,3,3,6,3,-4,3,7,-2,0,2,0,2,2,0,-3,0,0,5,5,-2,0,0,-1,-1,-1,1,2,1
KR_6686785986,420,0,-26,9,-1,0,2,2,0,5,5,-1,2,3,-3,1,4,3,4,1,0,-1,5,5,2,7,-1,0,-1,1,-1,-1,-1,2,1
KR_6741939230,420,-2,85,-5,-18,-2,0,2,-9,1,10,1,1,0,-3,1,4,-5,0,5,0,-18,-11,-5,7,2,2,0,-1,-1,1,-1,-1,6,1
KR_6763343607,420,3,29,3,14,2,2,0,0,2,2,7,7,0,2,7,5,3,3,0,0,14,4,0,6,6,0,0,2,-1,1,1,1,4,1
KR_6654031717,420,-2,19,-41,0,3,4,1,0,2,2,-1,4,5,1,4,3,-3,0,3,0,5,1,2,8,10,2,0,0,0,-1,0,1,0,1
KR_6718775686,420,0,2,-7,-3,3,5,2,-3,1,4,0,2,2,-2,2,4,-1,0,1,-1,-3,14,-5,12,7,-10,0,-1,-1,1,-1,-1,4,1
KR_6761212428,440,-1,-51,-13,-1,2,4,2,3,4,1,3,7,4,-9,0,9,0,0,0,0,-1,-26,4,3,7,19,0,0,-1,-1,-1,-1,3,1
KR_6755730261,420,3,-1,26,6,-3,1,4,1,3,2,-2,3,5,9,11,2,1,2,1,0,7,176,1,3,4,5,0,1,1,1,1,1,5,1
KR_6765494096,420,2,-22,18,9,1,1,0,1,2,1,6,8,2,-1,2,3,2,3,1,0,1,-35,3,3,6,22,0,0,1,-1,-1,-1,5,1
KR_6761174024,420,1,18,15,3,-2,1,3,5,5,0,1,2,1,-2,5,7,1,1,0,0,3,-1,-1,5,4,1,0,1,1,1,1,1,1,1
KR_6750748531,420,-2,12,-9,-2,-2,2,4,4,4,0,-3,0,3,-2,4,6,1,2,1,0,-4,-1,-1,9,8,4,0,1,1,-1,1,1,3,1
KR_6709749857,420,1,9,16,-2,1,2,1,4,7,3,-2,0,2,-4,0,4,-1,1,2,0,-2,-5,2,5,7,-1,0,1,-1,1,1,-1,3,1
KR_6731854944,440,0,21,-12,2,-2,1,3,4,6,2,-1,2,3,-1,1,2,2,3,1,0,11,-4,-2,6,4,2,0,-1,0,1,-1,-1,0,1
KR_6620293552,420,3,-18,-1,13,-1,2,3,3,3,0,6,9,3,1,2,1,4,4,0,0,18,6,1,5,6,-2,0,-1,1,1,-1,-1,4,1
KR_6767748033,420,-2,-74,4,-2,0,1,1,-2,1,3,4,5,1,-3,0,3,-1,1,2,0,-2,-31,-1,7,6,-2,0,0,-1,1,0,-1,5,1
KR_6675722718,420,1,12,38,6,3,5,2,2,2,0,5,5,0,-5,0,5,1,2,1,0,2,-4,2,6,8,3,0,0,1,1,-1,-1,5,1
KR_6753042173,420,2,0,8,5,0,0,0,4,8,4,4,7,3,-3,2,5,0,2,2,4,6,-156,0,6,6,-2,0,1,1,1,1,-1,1,1
KR_6698375497,420,7,86,12,17,4,4,0,0,6,6,2,4,2,3,4,1,8,9,1,2,23,18,5,2,7,-8,0,0,1,-1,1,1,2,1
KR_6661040964,440,6,27,36,16,6,6,0,3,5,2,4,5,1,6,6,0,-3,4,7,1,17,8,4,3,7,1,0,2,1,1,1,1,5,1
KR_6765069000,420,5,31,10,7,2,3,1,-2,5,7,3,4,1,4,6,2,0,0,0,1,5,23,1,4,5,4,0,1,-1,1,1,1,2,1
KR_6598475202,420,4,24,40,8,-1,1,2,2,2,0,5,9,4,1,4,3,1,1,0,0,11,2,0,7,7,1,0,0,1,-1,0,1,6,1
KR_6718415774,420,3,55,27,7,7,7,0,1,2,1,-1,2,3,-2,2,4,2,3,1,0,3,-9,-2,3,1,3,0,1,-1,1,1,1,2,1
KR_6767787946,420,-3,-13,-16,-5,2,4,2,-2,0,2,-4,0,4,0,3,3,-1,0,1,0,1,0,1,7,8,0,0,0,-1,1,1,1,6,1
KR_6720742635,420,2,83,-22,5,8,8,0,0,4,4,-1,2,3,-1,3,4,-1,0,1,-1,2,-5,0,4,4,3,0,1,1,1,1,1,1,1
KR_6673784761,420,1,3,4,1,0,2,2,3,6,3,1,4,3,-4,1,5,1,1,0,0,0,3,5,4,9,1,0,1,-1,1,1,-1,3,1
KR_6753500524,420,2,-6,8,-1,2,3,1,-3,2,5,-1,3,4,0,1,1,1,1,0,0,-5,21,0,4,4,1,0,2,-1,1,1,1,3,1
KR_6733419658,420,6,145,4,15,4,6,2,3,4,1,2,3,1,5,8,3,1,1,0,3,17,-83,4,5,9,4,0,3,1,1,1,1,5,1
KR_6723817435,420,1,22,46,2,3,4,1,-2,3,5,1,2,1,-2,1,3,2,2,0,0,-3,2,3,3,6,1,0,1,1,1,1,-1,3,1
KR_6761701483,440,1,51,0,-3,1,1,0,-3,1,4,3,4,1,1,7,6,-5,2,7,-2,6,34,-4,10,6,-14,0,1,-1,0,1,1,6,1
KR_6634036976,420,-3,16,-16,2,1,2,1,3,5,2,-4,0,4,2,3,1,0,1,1,0,8,40,0,5,5,-2,0,0,-1,1,0,1,6,1
KR_6751363873,420,4,71,-15,12,2,3,1,4,8,4,4,6,2,2,4,2,0,1,1,0,8,10,3,6,9,0,0,1,1,1,1,1,6,1
KR_6695481480,420,0,-19,-17,-2,2,2,0,1,2,1,0,1,1,0,3,3,-5,0,5,0,2,-1,1,7,8,-2,0,0,-1,1,-1,-1,2,1
KR_6736554670,420,0,33,-5,3,1,1,0,-2,1,3,-1,0,1,7,8,1,-2,1,3,0,0,2,0,7,7,1,0,1,1,-1,1,1,1,1
KR_6768096548,420,3,16,16,3,2,2,0,-3,3,6,0,1,1,2,5,3,2,2,0,0,7,-6,-2,8,6,2,0,-1,1,-1,-1,-1,5,1
KR_6705857449,420,-3,24,-32,-8,4,5,1,-2,0,2,-5,0,5,-1,2,3,-4,0,4,0,-8,-3,-9,12,3,-5,0,-1,0,-1,-1,-1,0,1
KR_6687047601,420,2,3,35,4,-4,0,4,4,5,1,2,2,0,2,2,0,0,2,2,0,9,35,2,6,8,-10,0,1,-1,1,1,1,5,1
KR_6766957159,420,-1,10,5,-4,0,0,0,0,4,4,-2,0,2,-2,1,3,0,0,0,0,-7,100,0,6,6,-5,0,0,1,1,0,-1,1,1
KR_6764437692,420,3,21,23,8,1,4,3,-4,1,5,8,10,2,3,5,2,0,0,0,0,12,2,1,7,8,2,0,2,1,-1,1,1,1,1
KR_6739136141,420,3,60,8,5,0,2,2,-1,2,3,-1,1,2,1,2,1,6,6,0,0,6,-105,7,2,9,2,0,1,1,-1,1,-1,1,1
KR_6734950775,420,10,94,24,25,2,5,3,12,12,0,3,3,0,6,9,3,2,3,1,0,18,-41,-2,8,6,24,0,2,-1,1,1,1,6,1
KR_6767739527,420,1,46,-8,0,3,3,0,-4,3,7,0,4,4,3,4,1,-2,0,2,0,1,-1,-1,4,3,1,0,1,-1,1,1,1,2,1
KR_6680744511,420,-1,42,3,-1,0,1,1,-4,4,8,3,3,0,0,3,3,0,1,1,0,-5,1,2,5,7,-2,0,0,1,-1,0,1,5,1
KR_6767366568,420,2,16,22,0,1,1,0,4,6,2,0,4,4,-3,2,5,-2,1,3,1,-3,-10,2,6,8,-1,0,2,1,1,1,1,1,1
KR_6725892436,420,4,-8,23,8,0,1,1,-1,3,4,3,3,0,9,9,0,-3,0,3,0,6,-34,-4,9,5,37,0,1,1,1,1,-1,6,1
KR_6758094888,420,2,38,27,2,-1,3,4,-4,0,4,0,5,5,8,9,1,-1,1,2,-1,-1,-3,-2,8,6,0,0,0,-1,0,1,1,6,1
KR_6715130478,420,0,43,-4,5,7,8,1,1,6,5,-1,2,3,-1,8,9,-1,1,2,0,4,0,-2,8,6,0,0,0,1,-1,1,1,5,1
KR_6692255935,440,-2,14,8,-7,-1,0,1,-2,1,3,-1,0,1,-4,4,8,1,1,0,0,-7,-84,1,4,5,0,0,1,0,-1,1,-1,0,1
KR_6686930940,420,5,63,20,3,-2,0,2,0,2,2,4,4,0,0,4,4,1,1,0,0,7,7,2,6,8,-1,0,0,1,-1,0,-1,1,1
KR_6767929592,420,4,12,-2,9,2,3,1,9,10,1,1,3,2,0,6,6,-3,2,5,1,9,59,2,5,7,-30,0,1,-1,1,1,1,5,1
KR_6695517416,420,5,27,32,12,6,6,0,1,3,2,2,3,1,1,4,3,2,4,2,0,8,-2,0,3,3,0,0,0,-1,1,0,1,2,1
KR_6668146549,420,2,31,-20,1,-1,0,1,3,5,2,1,5,4,-1,0,1,-1,0,1,0,2,8,6,1,7,-2,0,2,1,1,1,-1,5,1
KR_6766120858,420,3,27,43,-1,-1,1,2,-1,2,3,7,7,0,-6,1,7,0,0,0,-1,-5,136,2,6,8,1,0,1,1,1,1,-1,2,1
KR_6742672737,420,4,132,-24,14,2,3,1,8,10,2,3,3,0,5,5,0,-4,1,5,2,12,-107,4,2,6,2,0,2,0,-1,-1,1,0,1
KR_6702044408,420,3,0,9,5,-1,0,1,-1,1,2,6,6,0,0,6,6,1,1,0,-1,2,12,2,6,8,3,0,0,0,1,-1,-1,0,1
KR_6644633849,420,1,-85,27,-2,-1,0,1,-2,3,5,-2,2,4,2,2,0,1,1,0,0,-2,-25,-2,7,5,-1,0,-1,1,-1,-1,-1,6,1
KR_6758627544,420,5,20,23,7,3,4,1,6,7,1,1,5,4,-2,1,3,-1,1,2,0,2,-11,-3,6,3,3,0,-1,1,0,-1,-1,6,1
KR_6692879754,420,2,7,-8,6,-1,3,4,0,2,2,4,6,2,1,3,2,2,3,1,0,15,-158,-2,6,4,0,0,-1,1,-1,-1,1,4,1
KR_6766081355,420,0,52,-7,5,1,1,0,0,1,1,3,4,1,0,3,3,1,2,1,0,5,15,1,5,6,4,0,0,1,-1,1,1,1,1
KR_6764388336,420,2,14,-13,6,-2,2,4,2,6,4,3,4,1,2,5,3,1,2,1,0,10,-7,-3,6,3,1,0,0,1,-1,1,-1,5,1
KR_6750189859,420,-2,58,2,-5,4,5,1,-5,0,5,2,2,0,-6,0,6,0,1,1,0,-8,-5,0,6,6,3,0,0,-1,1,1,-1,6,1
KR_6704652677,420,-2,-82,6,-1,-2,1,3,-1,1,2,6,8,2,-4,3,7,0,2,2,0,4,13,7,4,11,-2,0,0,-1,-1,-1,-1,2,1
KR_6726143929,420,0,-43,0,1,-1,1,2,2,4,2,-1,0,1,1,2,1,0,1,1,0,5,6,4,3,7,-4,0,1,1,1,1,1,4,1
KR_6758793446,440,-4,-37,-16,-3,0,3,3,5,7,2,-5,1,6,-2,0,2,-1,0,1,0,-1,14,0,6,6,6,0,0,0,1,0,-1,0,1
KR_6654039996,420,-2,-25,-2,0,-1,2,3,-1,2,3,-1,2,3,2,3,1,1,1,0,0,-1,-16,-4,8,4,5,0,0,1,-1,1,-1,3,1
KR_6764857446,420,6,39,19,11,3,3,0,4,4,0,2,2,0,1,1,0,1,2,1,2,8,6,2,3,5,1,0,1,1,1,1,1,3,1
KR_6754268178,440,0,11,2,0,5,5,0,2,3,1,-3,0,3,-5,5,10,1,2,1,0,-7,-1,1,9,10,5,0,2,0,1,1,-1,0,1
KR_6704915875,420,3,41,37,6,0,2,2,2,4,2,-2,2,4,5,6,1,1,4,3,0,3,44,0,7,7,-15,0,1,1,1,1,-1,3,1
KR_6739170088,420,4,2,20,3,-2,0,2,1,3,2,-1,0,1,1,2,1,4,4,0,0,1,-229,-5,9,4,-6,0,1,1,-1,1,-1,3,1
KR_6705699915,440,0,29,0,9,3,4,1,1,3,2,-2,1,3,6,8,2,1,1,0,0,8,1,0,4,4,1,0,0,1,1,1,-1,3,1
KR_6765627752,440,-1,8,-29,3,0,1,1,5,8,3,-3,1,4,1,1,0,0,2,2,0,11,-22,-1,6,5,2,0,0,1,0,0,-1,2,1
KR_6765375765,420,-3,-19,21,-2,0,2,2,2,2,0,0,2,2,-3,1,4,-1,2,3,0,-6,2,2,3,5,-4,0,-1,-1,1,-1,1,3,1
KR_6678433655,420,1,-18,52,10,-3,0,3,3,3,0,10,11,1,0,3,3,0,1,1,0,8,4,-3,6,3,-3,0,0,1,1,1,-1,3,1
KR_6763360760,420,1,-6,1,6,1,2,1,1,4,3,-2,1,3,5,7,2,1,1,0,0,5,169,5,2,7,-2,0,0,-1,1,0,1,5,1
KR_6730851165,420,2,16,16,6,7,7,0,-3,4,7,-2,2,4,4,6,2,0,2,2,0,5,20,2,3,5,4,0,-1,1,1,1,1,1,1
KR_6696593506,420,2,42,-4,2,-2,1,3,-2,2,4,0,2,2,4,5,1,2,2,0,0,5,-2,-3,8,5,2,0,0,-1,1,0,-1,1,1
KR_6703821599,420,6,34,11,8,3,4,1,3,4,1,1,4,3,0,1,1,1,2,1,0,5,24,2,4,6,1,0,2,1,1,1,-1,2,1
KR_6766869628,420,6,41,27,18,4,5,1,0,2,2,2,3,1,10,10,0,2,2,0,0,21,4,1,7,8,5,0,1,1,1,1,1,3,1
KR_6751374070,440,-1,-12,20,-2,-1,1,2,-1,0,1,1,3,2,1,4,3,-2,1,3,0,-3,-6,-2,6,4,1,0,0,1,-1,0,1,3,1
KR_6765833877,420,1,45,0,1,-1,1,2,-1,2,3,1,2,1,2,3,1,0,0,0,0,0,6,2,4,6,-4,0,1,1,-1,1,1,6,1
KR_6630924424,440,1,-42,-12,6,-6,0,6,1,4,3,2,5,3,8,9,1,1,3,2,-2,7,0,4,1,5,-1,0,1,-1,1,1,-1,1,1
KR_6754795875,420,5,64,2,13,0,3,3,3,5,2,2,4,2,5,7,2,3,3,0,1,21,12,4,2,6,-2,0,0,1,1,1,1,5,1
KR_6765666051,440,0,68,4,-3,-3,0,3,0,1,1,8,11,3,-7,0,7,-1,2,3,1,-6,1,2,2,4,-2,0,0,0,0,0,1,0,1
KR_6761509703,440,-1,-27,0,-1,-5,1,6,4,5,1,7,7,0,-6,1,7,-1,1,2,-1,6,-2,2,3,5,-2,0,0,0,-1,-1,-1,0,1
KR_6691109852,420,2,1,6,6,7,7,0,4,5,1,0,2,2,-2,2,4,-3,1,4,0,-1,-6,4,6,10,1,0,0,-1,-1,1,1,2,1
KR_6689944641,420,3,34,22,8,5,5,0,5,5,0,4,5,1,-4,3,7,-2,0,2,0,1,3,3,3,6,3,0,2,-1,1,1,1,1,1
KR_6622082233,420,0,-6,19,1,2,4,2,1,2,1,2,5,3,-4,2,6,0,0,0,0,0,-26,5,5,10,4,0,2,-1,1,1,1,1,1
KR_6679124034,440,7,10,7,20,9,9,0,1,1,0,4,4,0,0,0,0,6,6,0,0,19,-5,3,0,3,-1,0,0,1,-1,-1,1,3,1
KR_6765273528,420,1,-18,24,0,2,4,2,-3,0,3,0,1,1,1,4,3,0,1,1,0,0,2,3,5,8,-2,0,-1,1,-1,-1,-1,3,1
KR_6738214646,440,2,41,16,3,-1,2,3,0,1,1,5,7,2,-1,2,3,0,0,0,0,2,10,1,5,6,-2,0,2,1,-1,-1,1,2,1
KR_6725690024,420,1,66,1,6,3,3,0,3,5,2,2,3,1,1,3,2,-3,0,3,0,4,-18,4,3,7,3,0,0,1,1,1,1,6,1
KR_6759525878,440,2,47,10,-3,4,6,2,0,1,1,-1,1,2,-3,3,6,-3,3,6,-2,-8,8,3,1,4,-4,0,2,1,1,1,-1,3,1
KR_6757429758,420,2,27,12,2,-2,0,2,-4,0,4,3,5,2,3,4,1,2,2,0,0,2,1,-1,6,5,-2,0,1,1,-1,1,1,3,1
KR_6637569838,420,8,102,30,22,1,2,1,14,16,2,3,4,1,3,7,4,1,1,0,0,27,19,3,3,6,1,0,3,0,1,1,-1,0,1
KR_6767290783,420,2,3,24,4,4,7,3,-2,2,4,0,2,2,0,6,6,2,2,0,1,-3,4,4,7,11,1,0,2,1,1,1,1,4,1
KR_6663640617,420,0,3,-13,-2,1,4,3,1,2,1,1,1,0,-5,0,5,0,0,0,1,-1,22,1,8,9,2,0,0,-1,1,1,1,3,1
KR_6660993616,420,1,-4,33,4,1,3,2,1,3,2,1,4,3,1,1,0,0,2,2,0,8,10,1,8,9,1,0,0,1,-1,0,1,6,1
KR_6645656171,420,3,46,10,3,-2,2,4,0,3,3,0,2,2,6,6,0,-1,1,2,0,13,-4,-5,10,5,1,0,0,1,-1,0,-1,1,1
KR_6617767915,420,3,36,7,1,1,1,0,-1,3,4,4,7,3,1,1,0,-4,0,4,0,8,115,0,6,6,-1,0,1,-1,1,1,-1,4,1
KR_6739734607,420,2,-17,8,11,3,3,0,6,6,0,0,2,2,4,5,1,-2,1,3,0,10,11,6,2,8,-6,0,-1,1,1,1,1,5,1
KR_6761595283,420,2,21,11,2,-5,0,5,0,5,5,1,2,1,5,7,2,1,2,1,0,1,37,-6,9,3,8,0,0,-1,1,1,1,2,1
KR_6759566646,420,5,91,27,11,2,3,1,0,6,6,6,6,0,2,2,0,1,1,0,0,6,5,-2,11,9,5,0,1,1,-1,1,-1,5,1
KR_6763499738,420,4,19,0,4,1,3,2,4,5,1,-1,2,3,-2,3,5,2,2,0,0,7,4,0,7,7,0,0,0,-1,1,0,-1,1,1
KR_6706830785,420,9,118,32,17,2,3,1,11,13,2,3,4,1,1,3,2,0,0,0,0,19,42,0,5,5,2,0,2,-1,-1,1,1,3,1
KR_6767443053,420,2,54,-31,3,6,7,1,2,2,0,-1,2,3,-3,2,5,-1,2,3,0,-2,-5,1,6,7,-2,0,1,-1,1,1,1,6,1
KR_6662450997,420,2,4,-5,11,-1,3,4,3,6,3,0,2,2,7,7,0,2,2,0,0,21,6,0,5,5,0,0,1,-1,-1,-1,1,6,1
KR_6758366452,420,0,-34,40,-3,-4,1,5,-1,2,3,4,6,2,-2,6,8,0,1,1,-1,-7,4,0,3,3,1,0,-1,1,-1,-1,-1,6,1
KR_6728731957,420,2,-2,-7,7,0,2,2,3,6,3,-2,2,4,5,7,2,1,1,0,0,6,-17,-6,12,6,4,0,0,1,1,0,1,6,1
KR_6732254672,420,-1,78,13,-5,-3,2,5,1,3,2,0,4,4,-3,4,7,0,1,1,0,-7,-12,0,9,9,5,0,0,0,1,0,-1,0,1
KR_6759372059,420,7,91,22,9,2,3,1,0,3,3,1,4,3,7,10,3,-1,0,1,0,15,0,1,7,8,2,0,1,1,-1,1,1,4,1
KR_6732538026,440,2,-22,32,1,1,2,1,-2,1,3,0,1,1,2,3,1,0,0,0,0,0,-6,1,6,7,1,0,1,1,1,1,-1,2,1
KR_6763757819,420,3,70,-1,9,1,2,1,-1,0,1,4,6,2,6,10,4,-1,0,1,1,9,52,-3,7,4,2,0,2,1,1,1,1,2,1
KR_6693658548,420,4,55,18,12,-2,2,4,7,7,0,4,5,1,2,2,0,1,1,0,1,18,0,3,6,9,-1,0,0,1,-1,1,1,2,1
KR_6724835259,420,6,49,23,13,3,4,1,0,1,1,3,4,1,4,5,1,3,4,1,0,23,4,6,3,9,5,0,1,1,1,1,1,1,1
KR_6763298234,420,2,21,-8,11,1,1,0,5,5,0,0,2,2,4,5,1,1,2,1,0,17,-4,-6,10,4,9,0,0,-1,0,0,-1,2,1
KR_6719720094,420,1,32,0,10,1,1,0,4,4,0,0,3,3,5,6,1,0,0,0,1,14,-9,-3,6,3,6,0,0,1,1,1,1,4,1
KR_6763153722,420,-2,-44,-8,-1,1,2,1,-4,0,4,1,1,0,1,3,2,0,1,1,0,-3,3,1,7,8,-1,0,-1,-1,-1,-1,-1,1,1
KR_6763308256,420,0,9,4,2,2,4,2,2,4,2,-3,0,3,2,4,2,-1,0,1,0,9,5,6,2,8,-1,0,1,-1,1,1,-1,5,1
KR_6705387871,440,-2,-55,31,-6,-3,1,4,-1,0,1,3,5,2,-7,1,8,2,2,0,-1,-6,-9,1,3,4,0,0,-1,-1,1,-1,-1,2,1
KR_6715173699,420,3,37,2,8,1,2,1,5,7,2,3,5,2,0,4,4,-1,0,1,0,1,-1,1,7,8,2,0,2,1,-1,1,1,6,1
KR_6678239386,420,-2,1,22,-2,3,3,0,-1,2,3,-4,1,5,0,4,4,0,0,0,0,-3,-171,2,4,6,2,0,0,-1,1,0,1,2,1
KR_6764238353,420,4,45,-12,6,0,1,1,3,5,2,1,1,0,4,4,0,-2,0,2,0,5,5,0,6,6,6,0,1,1,1,1,1,3,1
KR_6758841049,420,0,-13,7,-2,-5,1,6,0,3,3,-2,1,3,2,3,1,3,4,1,0,3,-56,-4,9,5,17,0,-1,1,1,-1,-1,4,1
KR_6730934988,420,3,-2,20,3,-2,1,3,3,3,0,-1,1,2,0,4,4,3,3,0,0,4,4,-4,10,6,-2,0,0,1,1,-1,-1,5,1
KR_6688506091,420,2,33,4,4,4,6,2,0,2,2,1,2,1,0,1,1,-1,1,2,0,2,-14,-3,9,6,2,0,-1,-1,1,-1,1,2,1
KR_6697056699,420,2,61,24,2,1,1,0,5,6,1,0,3,3,-4,2,6,0,2,2,1,4,-5,-3,11,8,7,0,0,-1,1,1,1,2,1
KR_6641028882,420,3,37,11,7,3,5,2,0,3,3,2,3,1,3,4,1,-1,0,1,-1,10,2,0,6,6,1,0,3,1,-1,1,-1,5,1
KR_6764865485,420,-2,0,-28,-3,-5,0,5,2,6,4,1,2,1,-1,3,4,0,0,0,2,7,-3,0,4,4,3,0,-2,-1,-1,-1,1,2,1
KR_6720596365,420,1,-13,36,5,3,4,1,-1,3,4,2,5,3,0,2,2,1,1,0,0,10,-4,-6,10,4,7,0,0,1,1,0,-1,6,1
KR_6692628073,420,5,65,27,9,4,4,0,6,8,2,4,6,2,-5,2,7,0,1,1,0,5,9,3,3,6,-4,0,2,1,1,1,1,6,1
KR_6730966870,420,-2,14,-43,-4,0,3,3,-3,0,3,-3,0,3,3,3,0,-1,0,1,-1,-6,-32,4,3,7,1,0,-1,0,-1,-1,-1,0,1
KR_6690061798,420,6,32,17,9,2,3,1,-1,0,1,1,2,1,4,6,2,3,4,1,0,9,0,4,0,4,5,0,1,1,1,1,1,6,1
KR_6766599874,420,-1,32,-11,-3,1,2,1,4,5,1,-6,1,7,-2,5,7,0,1,1,0,-4,-44,-2,6,4,3,0,0,1,-1,0,-1,2,1
KR_6429447922,420,2,26,-17,1,-2,0,2,-1,0,1,-1,2,3,4,6,2,1,1,0,0,3,-3,-3,8,5,6,0,1,-1,1,1,1,1,1
KR_6762672121,440,3,2,24,-2,0,5,5,-5,1,6,-3,0,3,-2,2,4,8,9,1,0,-6,-20,1,8,9,-3,0,0,-1,1,1,-1,1,1
KR_6688131236,420,2,56,16,7,2,2,0,2,3,1,4,5,1,0,5,5,-1,1,2,0,3,7,0,6,6,6,0,1,1,1,1,1,4,1
KR_6743453968,420,2,9,-11,3,0,0,0,-2,4,6,0,2,2,1,2,1,4,4,0,0,8,7,2,5,7,4,0,2,1,1,1,1,4,1
KR_6757606727,420,1,-9,0,-2,-1,0,1,-2,3,5,2,2,0,-2,0,2,1,1,0,0,-5,-25,-5,8,3,1,0,0,1,-1,0,1,4,1
KR_6717921457,420,-1,51,30,0,4,7,3,0,3,3,-4,2,6,0,3,3,0,1,1,1,-9,-23,-1,3,2,0,0,1,-1,-1,1,1,1,1
KR_6714157000,420,1,23,0,5,-1,2,3,-2,3,5,4,5,1,3,4,1,1,1,0,0,10,29,11,5,16,-12,0,1,-1,-1,1,1,2,1
KR_6704699749,420,2,40,2,3,4,5,1,0,5,5,-1,3,4,1,3,2,-1,0,1,0,7,10,-1,8,7,11,0,1,1,1,1,-1,5,1
KR_6696554863,420,1,12,-9,-4,0,3,3,-3,5,8,-7,0,7,5,7,2,1,2,1,-3,-15,-19,-2,6,4,3,0,1,1,1,1,-1,3,1
KR_6763773435,420,-1,-46,-10,-3,-2,1,3,2,3,1,1,2,1,-5,1,6,1,2,1,0,-8,409,-1,7,6,3,0,-1,1,-1,-1,-1,4,1
KR_6683436938,420,3,77,-3,10,3,3,0,3,4,1,0,2,2,4,4,0,0,0,0,0,7,-12,1,7,8,2,0,2,1,-1,1,-1,1,1
KR_6760374280,420,6,53,-8,13,4,4,0,5,5,0,-1,0,1,4,6,2,1,3,2,0,15,5,6,1,7,1,0,2,1,1,1,1,6,1
KR_6705334923,420,5,-30,17,10,7,9,2,3,3,0,4,4,0,0,2,2,-4,0,4,0,11,36,-6,9,3,1,0,-1,-1,-1,-1,1,3,1
KR_6753413651,420,0,-38,4,3,2,3,1,-2,1,3,0,1,1,1,5,4,2,3,1,0,-5,2,-4,6,2,2,0,1,1,1,1,-1,4,1
KR_6740324248,420,5,24,-16,11,6,7,1,4,6,2,2,3,1,-1,0,1,0,0,0,0,11,10,-2,5,3,1,0,2,1,1,1,-1,5,1
KR_6766231360,420,-3,-44,-15,1,4,4,0,-3,3,6,0,3,3,-1,1,2,1,1,0,0,6,-5,-1,7,6,3,0,0,-1,1,1,-1,2,1
KR_6625567236,420,2,49,18,1,4,4,0,0,2,2,3,3,0,-5,0,5,-1,0,1,0,-4,2,-3,7,4,-4,0,1,1,1,1,-1,5,1
KR_6766469148,420,0,-7,-8,-1,-3,0,3,2,3,1,3,3,0,-2,1,3,-1,0,1,0,1,6,1,5,6,-3,0,0,-1,1,0,1,2,1
KR_6642172525,420,1,-10,12,4,-2,2,4,1,4,3,0,3,3,5,7,2,0,1,1,0,5,-1,-3,7,4,-1,0,2,1,1,1,1,3,1
KR_6767204487,420,1,3,16,8,0,1,1,2,4,2,1,1,0,5,6,1,0,1,1,0,13,2,3,5,8,-1,0,1,1,-1,1,1,1,1
KR_6766484992,420,3,92,-28,15,1,1,0,0,0,0,6,6,0,6,8,2,2,4,2,0,11,-6,7,3,10,1,0,2,-1,1,1,1,2,1
KR_6704164536,420,6,7,0,15,1,1,0,11,13,2,5,6,1,-2,1,3,0,0,0,1,11,1,0,6,6,1,0,1,-1,1,1,1,2,1
KR_6693826875,420,2,35,-10,5,4,5,1,-2,2,4,0,2,2,0,2,2,3,3,0,1,7,6,2,4,6,8,0,2,1,1,1,1,3,1
KR_6717798966,420,4,56,25,11,2,5,3,2,3,1,8,8,0,0,3,3,-1,0,1,0,5,-178,4,2,6,-1,0,2,1,1,1,-1,5,1
KR_6761924779,440,3,73,17,5,4,5,1,2,3,1,-2,3,5,1,2,1,0,0,0,0,7,47,1,7,8,-1,0,0,1,-1,1,1,2,1
KR_6677007462,420,2,1,-19,4,2,4,2,0,7,7,-3,0,3,0,1,1,5,7,2,1,5,-3,1,5,6,3,0,1,-1,1,-1,1,3,1
KR_6750129839,420,-3,17,-32,-4,-1,2,3,0,3,3,-1,2,3,-3,2,5,1,1,0,0,-4,15,-1,5,4,9,0,0,-1,1,0,-1,5,1
KR_6764862617,420,0,28,-12,4,-2,0,2,0,3,3,2,4,2,4,4,0,0,1,1,0,14,24,2,4,6,-1,0,0,1,1,0,-1,3,1
KR_6703763712,420,4,23,15,10,3,4,1,2,3,1,0,1,1,5,6,1,0,0,0,0,12,0,7,3,10,2,0,1,1,1,1,1,3,1
KR_6715257800,420,3,72,-29,7,1,8,7,3,6,3,1,2,1,1,5,4,1,3,2,1,-2,1,5,2,7,3,0,1,1,-1,-1,1,5,1
KR_6717518672,420,5,-31,32,7,-2,1,3,7,9,2,2,2,0,0,2,2,0,1,1,1,8,71,0,6,6,-5,0,1,1,-1,1,1,3,1
KR_6669840723,420,0,-8,-20,-4,1,3,2,-1,1,2,-2,1,3,0,4,4,-2,3,5,-2,-11,-9,1,5,6,-1,0,0,1,-1,0,-1,3,1
KR_6750838008,420,3,45,-9,2,0,1,1,-1,1,2,-1,0,1,3,3,0,1,1,0,0,3,-44,3,4,7,1,0,0,1,-1,0,1,6,1
KR_6606552790,420,0,-10,9,0,1,3,2,4,5,1,1,1,0,-5,0,5,-1,0,1,0,-8,-8,-1,8,7,-20,0,0,1,-1,1,-1,1,1
KR_6760953122,420,-1,74,2,-6,-1,0,1,-4,4,8,-1,2,3,2,3,1,-2,0,2,0,-11,-82,-6,9,3,5,0,-1,-1,-1,-1,1,3,1
KR_6741628409,420,2,5,28,1,3,4,1,1,1,0,-3,1,4,-1,0,1,1,1,0,0,0,7,1,4,5,1,0,1,1,1,1,1,3,1
KR_6624662314,420,4,47,30,7,-1,0,1,-5,0,5,3,3,0,8,10,2,2,2,0,0,4,-2,1,5,6,2,0,2,1,-1,1,-1,5,1
KR_6661450357,420,4,57,-14,10,5,5,0,2,5,3,2,2,0,-1,1,2,2,2,0,0,12,-6,6,2,8,-1,0,-1,1,-1,-1,1,6,1
KR_6703373469,440,4,59,4,1,2,2,0,1,2,1,1,2,1,-1,5,6,-2,0,2,-1,-6,-20,-7,9,2,-4,0,1,-1,0,1,-1,5,1
KR_6720639344,420,1,-5,32,3,0,4,4,1,3,2,0,2,2,2,3,1,0,2,2,1,3,6,1,5,6,-3,0,0,-1,1,0,1,6,1
KR_6690194705,420,2,58,-16,4,0,4,4,0,2,2,0,1,1,2,2,0,2,3,1,-2,4,-116,2,5,7,2,0,0,-1,-1,0,-1,5,1
KR_6763562326,440,3,60,46,14,-4,2,6,1,2,1,6,6,0,8,8,0,3,3,0,0,13,254,-2,6,4,4,0,-1,1,1,1,1,1,1
KR_6741285092,420,1,3,36,2,0,2,2,2,6,4,4,5,1,-3,0,3,-1,1,2,0,-3,28,0,5,5,5,0,1,1,1,1,1,3,1
KR_6714512873,420,0,39,-10,4,1,2,1,1,2,1,-1,2,3,3,3,0,0,1,1,0,0,5,5,5,10,-1,0,1,1,1,1,-1,1,1
KR_6758662592,440,9,56,28,30,14,14,0,16,16,0,0,4,4,3,3,0,-3,0,3,-1,25,-2,5,1,6,-1,0,2,1,1,1,-1,6,1
KR_6756130512,420,3,4,8,6,-2,0,2,5,6,1,3,4,1,2,2,0,-2,1,3,0,11,4,3,5,8,6,0,1,1,-1,1,-1,3,1
KR_6661315918,420,4,58,13,10,-3,1,4,0,6,6,5,8,3,6,6,0,2,3,1,0,0,14,0,6,6,2,0,1,1,-1,1,1,5,1
KR_6677019230,420,3,-17,23,10,-2,0,2,2,3,1,-1,3,4,9,10,1,2,2,0,0,15,52,-1,6,5,2,0,0,1,-1,0,1,4,1
KR_6755801273,440,-1,15,-52,6,0,0,0,7,8,1,1,5,4,-1,2,3,-1,1,2,0,11,9,1,5,6,-1,0,2,1,1,1,1,4,1
KR_6755177223,420,0,16,4,1,2,2,0,1,3,2,-4,0,4,2,2,0,0,1,1,0,7,-28,3,4,7,-1,0,0,1,1,0,-1,5,1
KR_6766715442,420,-1,-21,-8,-1,0,1,1,-1,2,3,3,5,2,-2,3,5,-1,2,3,-1,3,-10,-5,9,4,1,0,0,1,-1,-1,-1,6,1
KR_6723622186,420,7,125,0,13,5,6,1,3,4,1,8,9,1,-2,2,4,-1,0,1,0,13,3,2,4,6,0,0,1,-1,1,1,-1,3,1
KR_6681981639,420,0,7,49,7,1,4,3,7,7,0,-1,1,2,-2,5,7,2,2,0,0,9,0,-3,7,4,2,0,2,-1,1,1,-1,5,1
KR_6767162081,420,2,83,4,1,6,7,1,1,2,1,-1,3,4,-2,2,4,-3,0,3,2,4,2,3,3,6,-4,0,2,-1,1,1,1,3,1
KR_6740867706,420,0,5,14,-7,-3,2,5,1,3,2,-2,1,3,-2,2,4,-1,2,3,0,1,79,-1,8,7,2,0,-2,-1,1,-1,1,5,1
KR_6705166900,420,3,52,2,5,3,3,0,7,8,1,1,3,2,-5,2,7,-1,0,1,1,4,-4,-4,10,6,8,0,0,1,-1,1,1,1,1
KR_6708218727,420,7,102,40,17,5,5,0,7,7,0,1,2,1,5,7,2,-1,1,2,0,13,0,3,6,9,7,0,2,1,1,1,1,2,1
KR_6654697275,420,2,-7,-2,11,2,2,0,4,5,1,4,6,2,-2,1,3,3,3,0,1,11,28,3,5,8,-4,0,1,1,1,1,1,4,1
KR_6767349050,420,3,39,28,7,-2,2,4,-2,1,3,6,6,0,4,5,1,1,2,1,0,9,1,3,2,5,2,0,2,1,1,1,1,4,1
KR_6764225362,440,1,-24,16,3,-1,1,2,5,6,1,1,2,1,-2,0,2,0,1,1,0,9,4,-2,8,6,5,0,1,1,1,1,1,5,1
KR_6697215418,420,0,-20,24,0,0,1,1,1,2,1,4,6,2,-1,4,5,-4,0,4,0,-5,-7,-1,7,6,6,0,-1,-1,1,-1,1,1,1
KR_6766167447,420,-1,-52,-12,-2,-2,1,3,6,6,0,-4,0,4,2,5,3,-4,0,4,-1,-3,8,-2,6,4,-5,0,0,-1,-1,0,-1,5,1
KR_6713703629,420,4,42,-12,10,1,1,0,5,7,2,-1,1,2,3,4,1,2,2,0,0,9,-11,2,5,7,-1,0,3,1,-1,1,1,3,1
KR_6752116460,420,2,5,-20,5,-1,0,1,2,3,1,0,0,0,0,3,3,4,5,1,0,11,7,1,6,7,-5,0,1,1,-1,1,-1,1,1
KR_6749379711,420,6,-9,-4,15,5,5,0,1,2,1,11,15,4,-4,4,8,2,2,0,0,10,5,-1,6,5,0,0,2,1,1,1,-1,6,1
KR_6763495792,420,5,7,23,10,-2,2,4,6,8,2,4,5,1,3,5,2,-1,2,3,1,11,4,4,1,5,-4,0,0,1,-1,-1,1,5,1
KR_6644663302,420,1,4,8,-1,1,3,2,3,4,1,0,2,2,1,1,0,-6,1,7,1,-6,4,2,7,9,-5,0,1,-1,1,1,1,2,1
KR_6763648984,420,5,84,-20,14,3,5,2,2,4,2,8,9,1,1,1,0,0,0,0,0,7,5,4,3,7,0,0,0,-1,1,1,1,3,1
KR_6764826911,420,0,-72,-18,6,1,3,2,2,4,2,0,1,1,1,2,1,2,3,1,0,3,-1,-2,6,4,0,0,0,-1,1,0,1,4,1
KR_6684284893,420,4,62,0,10,5,5,0,1,3,2,2,3,1,1,3,2,1,1,0,0,9,4,3,4,7,-1,0,0,-1,1,0,1,2,1
KR_6673616001,420,-1,-53,34,2,-3,0,3,1,5,4,3,3,0,-1,1,2,2,5,3,0,-1,-8,-5,10,5,7,0,0,1,1,1,1,5,1
KR_6743205333,420,-2,-10,20,-3,-4,2,6,1,3,2,0,1,1,0,1,1,0,0,0,0,-5,5,-3,5,2,-1,0,-1,1,-1,-1,1,4,1
KR_6738820778,420,3,-9,21,6,3,5,2,3,3,0,-2,1,3,2,3,1,0,1,1,0,3,13,3,6,9,-2,0,-1,1,-1,-1,-1,6,1
KR_6735512703,420,4,45,20,21,4,7,3,-2,0,2,2,2,0,15,16,1,2,2,0,1,28,-22,-1,5,4,2,0,2,-1,1,1,1,2,1
KR_6758669776,420,0,2,36,3,3,3,0,2,9,7,-1,3,4,0,4,4,-1,1,2,2,8,1,-2,5,3,-1,0,-1,1,-1,-1,1,6,1
KR_6766476895,420,0,-45,-38,1,1,3,2,-2,2,4,1,2,1,0,1,1,1,1,0,0,6,31,-8,13,5,5,0,0,-1,1,-1,-1,4,1
KR_6758746203,420,2,27,-3,17,2,3,1,8,10,2,2,5,3,4,5,1,1,2,1,4,25,11,5,0,5,-1,0,2,1,1,1,1,2,1
KR_6674831209,420,-3,-78,8,-4,0,2,2,-1,3,4,-1,4,5,-1,5,6,-1,2,3,1,0,16,1,6,7,1,0,-1,-1,1,-1,1,6,1
KR_6750974677,420,0,57,-14,-8,2,2,0,-3,1,4,-6,2,8,-2,4,6,1,1,0,-2,-13,-139,-7,8,1,2,0,-1,-1,-1,-1,1,6,1
KR_6675283951,420,2,64,-22,8,4,5,1,-1,1,2,3,4,1,1,1,0,1,1,0,0,5,-3,-3,8,5,-1,0,0,1,-1,0,-1,5,1
KR_6766373588,420,3,39,0,10,1,4,3,3,4,1,3,3,0,2,2,0,1,1,0,2,15,0,0,8,8,6,0,0,1,-1,0,1,4,1
KR_6625415567,420,5,48,24,4,2,4,2,0,2,2,4,5,1,-3,1,4,1,1,0,1,6,0,-1,8,7,6,0,0,1,1,1,1,2,1
KR_6582704788,420,1,-31,-7,7,0,0,0,2,3,1,0,3,3,5,5,0,0,0,0,3,6,-8,0,7,7,-1,0,1,1,1,1,1,2,1
KR_6732157288,440,3,16,-5,6,0,0,0,3,4,1,-1,1,2,2,2,0,2,2,0,0,13,37,0,6,6,-2,0,0,-1,1,0,-1,3,1
KR_6651613767,420,1,-51,9,9,-1,0,1,4,7,3,2,3,1,3,5,2,1,1,0,0,18,-1,-2,10,8,4,0,0,1,-1,1,1,4,1
KR_6762573086,420,-1,21,-12,3,2,2,0,-2,0,2,2,5,3,-1,3,4,2,2,0,0,-3,-8,-3,7,4,-2,0,0,-1,1,0,1,2,1
KR_6758493222,420,6,83,-5,17,6,6,0,3,4,1,3,4,1,6,7,1,-1,2,3,1,20,-40,2,5,7,5,0,2,1,1,1,1,4,1
KR_6766223932,420,3,48,0,10,-1,0,1,2,5,3,3,5,2,5,6,1,1,2,1,1,15,-3,-2,9,7,7,0,1,1,-1,1,1,5,1
KR_6750775161,420,8,94,23,18,5,6,1,3,4,1,3,3,0,6,6,0,1,1,0,2,21,43,8,0,8,-8,1,2,-1,1,1,1,2,1
KR_6705971773,420,10,134,51,10,2,2,0,-2,5,7,6,6,0,1,3,2,3,5,2,-1,10,29,2,1,3,0,1,4,1,1,1,-1,6,1
KR_6767410177,420,1,-2,-6,8,1,3,2,0,1,1,2,3,1,3,6,3,2,2,0,0,8,-6,-2,6,4,2,0,0,1,1,0,1,5,1
KR_6719414951,420,4,48,-4,7,3,7,4,8,8,0,-6,1,7,2,4,2,0,0,0,0,1,4,3,7,10,0,0,3,1,1,1,1,1,1
KR_6720857820,420,7,51,39,10,-3,1,4,3,3,0,8,8,0,1,3,2,1,1,0,0,7,1,1,2,3,0,0,2,1,1,1,-1,1,1
KR_6721528641,420,7,39,10,15,-1,2,3,5,5,0,1,1,0,7,9,2,3,3,0,0,25,-33,1,3,4,-2,0,2,1,1,1,-1,6,1
KR_6734655168,420,-4,1,-26,-5,0,3,3,-3,0,3,-1,1,2,-1,4,5,0,0,0,0,-6,-2,2,2,4,-4,0,-2,1,-1,-1,-1,4,1
KR_6606750513,420,3,12,64,4,0,0,0,0,2,2,5,6,1,7,8,1,-8,2,10,3,3,-13,6,5,11,-3,0,1,-1,1,1,-1,3,1
KR_6752703484,420,0,28,4,5,4,4,0,3,4,1,-2,2,4,1,1,0,-1,1,2,1,1,35,2,5,7,-1,0,1,0,-1,1,1,0,1
KR_6684630654,420,1,15,52,4,3,4,1,3,4,1,-1,3,4,2,3,1,-3,0,3,0,7,-8,-4,7,3,-3,0,1,1,1,1,1,3,1
KR_6760442693,420,-1,55,20,0,-4,1,5,2,4,2,-1,2,3,4,6,2,-1,2,3,0,2,5,3,3,6,3,0,1,1,0,1,1,1,1
KR_6705846494,420,-3,34,-24,-8,-5,1,6,-4,3,7,-2,0,2,3,3,0,0,1,1,-1,-6,0,1,3,4,1,0,-2,-1,-1,-1,-1,3,1
KR_6751630062,420,2,38,19,-1,1,2,1,-2,0,2,0,2,2,-1,1,2,1,2,1,0,-3,6,1,5,6,-5,0,2,1,1,1,1,1,1
KR_6762264444,420,0,-9,-7,-4,-1,2,3,-2,1,3,-2,4,6,1,2,1,0,2,2,-2,-4,1,-3,6,3,1,0,-1,-1,1,-1,-1,6,1
KR_6751129911,440,2,31,12,3,-1,0,1,-2,4,6,-2,0,2,9,9,0,-1,0,1,0,3,11,2,4,6,3,0,1,1,-1,1,1,1,1
KR_6724957010,420,-2,6,1,-6,-2,1,3,-1,2,3,1,4,3,0,3,3,-4,1,5,0,-12,-14,-1,8,7,-3,0,0,1,-1,-1,-1,4,1
KR_6763267473,420,2,68,11,1,2,5,3,-2,2,4,0,1,1,1,2,1,0,0,0,0,-1,41,-1,8,7,-10,0,1,1,1,1,1,5,1
KR_6767359545,440,0,-39,-11,0,-3,0,3,-8,1,9,2,2,0,9,10,1,0,0,0,0,5,-7,-7,9,2,0,0,1,-1,1,1,-1,1,1
KR_6765299200,420,2,45,-36,-1,0,1,1,-1,1,2,-1,0,1,-1,2,3,2,2,0,0,4,-7,-5,9,4,6,0,1,1,-1,1,-1,4,1
KR_6697169284,420,-1,33,-8,-2,2,5,3,-2,0,2,-3,1,4,3,3,0,-2,0,2,0,-4,5,-1,7,6,-4,0,0,1,0,0,1,3,1
KR_6750884691,420,0,57,9,0,-3,0,3,1,5,4,1,1,0,1,4,3,0,1,1,-1,-4,-59,-2,4,2,4,0,0,1,1,1,-1,3,1
KR_6675615540,420,0,25,-3,3,0,1,1,2,2,0,4,8,4,4,5,1,-7,0,7,-3,-7,-1,-2,8,6,-1,0,-1,1,-1,-1,-1,1,1
KR_6611060714,420,1,15,17,2,2,2,0,-1,6,7,1,3,2,0,2,2,0,0,0,0,0,16,-1,9,8,-4,0,2,1,1,1,-1,2,1
KR_6760855098,420,1,24,3,-2,-4,1,5,0,2,2,2,9,7,-2,2,4,2,3,1,0,1,-3,-2,6,4,0,0,0,0,-1,0,1,0,1
KR_6739224587,420,1,1,27,4,1,1,0,1,5,4,2,2,0,0,1,1,0,0,0,0,1,0,1,3,4,5,0,-1,1,-1,-1,1,3,1
KR_6729563008,420,3,42,24,2,2,3,1,2,5,3,-2,0,2,-1,1,2,1,3,2,0,-2,-14,-7,11,4,5,0,1,1,-1,1,1,6,1
KR_6751587557,420,4,2,15,4,-1,1,2,5,5,0,-2,2,4,-1,2,3,3,6,3,0,7,-128,4,4,8,-3,0,0,-1,1,0,1,5,1
KR_6767853002,420,4,-5,49,8,2,3,1,7,7,0,0,2,2,-2,1,3,1,1,0,0,5,3,-1,5,4,-5,0,0,1,-1,1,-1,3,1
KR_6737324447,420,8,137,59,14,4,5,1,3,4,1,3,5,2,4,4,0,0,1,1,0,13,8,2,3,5,6,0,1,1,-1,1,1,6,1
KR_6755768304,440,4,65,3,10,3,4,1,4,6,2,2,7,5,-2,2,4,3,3,0,1,15,-32,1,5,6,6,0,0,1,-1,1,1,1,1
KR_6768008613,440,3,99,20,9,2,3,1,0,3,3,6,6,0,-2,1,3,3,3,0,1,-1,-100,-3,6,3,2,0,3,1,1,1,1,3,1
KR_6747590405,420,2,-14,36,2,1,2,1,-2,0,2,1,3,2,3,7,4,-1,0,1,0,-2,8,3,3,6,3,0,0,1,1,1,-1,4,1
KR_6617522733,420,6,61,8,14,3,3,0,1,2,1,1,1,0,7,7,0,2,2,0,0,14,-20,6,2,8,1,0,0,-1,-1,1,1,6,1
KR_6767436932,420,5,70,6,11,2,2,0,5,9,4,5,6,1,1,2,1,-2,0,2,0,6,21,4,5,9,7,0,4,-1,1,1,1,5,1
KR_6737859680,420,5,53,23,9,0,1,1,1,2,1,0,1,1,7,9,2,1,1,0,0,9,40,-2,6,4,-23,0,2,1,1,1,1,6,1
KR_6715492455,420,2,2,4,1,2,3,1,0,2,2,2,4,2,-3,1,4,0,0,0,0,-11,-20,1,5,6,4,0,1,-1,1,1,1,4,1
KR_6652062339,420,-1,-56,0,-3,0,2,2,2,3,1,-1,2,3,-4,1,5,0,1,1,0,-7,2,0,7,7,0,0,0,-1,1,-1,-1,3,1
KR_6729012738,420,0,12,14,-1,-1,1,2,4,8,4,3,5,2,-7,4,11,0,1,1,0,-9,7,5,3,8,-1,0,2,1,1,1,-1,4,1
KR_6766565988,420,-4,-106,-34,1,0,2,2,2,4,2,1,4,3,-3,2,5,1,1,0,1,3,6,-2,6,4,-3,0,-2,-1,1,-1,1,4,1
KR_6709884086,420,9,103,20,22,5,5,0,4,4,0,4,5,1,9,11,2,0,2,2,0,25,8,1,3,4,1,0,5,1,1,1,1,1,1
KR_6686723940,420,-1,9,-34,-5,2,2,0,-4,0,4,-3,3,6,0,2,2,0,0,0,0,-5,-2,3,4,7,0,0,1,-1,1,-1,-1,3,1
KR_6762607771,420,4,56,28,13,2,2,0,4,8,4,4,4,0,3,5,2,0,0,0,1,23,159,2,7,9,5,0,1,1,-1,1,1,3,1
KR_6761236849,420,0,11,-9,7,2,5,3,2,3,1,2,4,2,1,3,2,0,0,0,1,4,1,1,5,6,-1,0,-1,1,-1,-1,1,5,1
KR_6758522620,420,1,2,-27,0,6,7,1,-3,6,9,-2,0,2,-1,2,3,0,1,1,0,-5,3,-4,8,4,2,0,0,-1,0,-1,1,5,1
KR_6762614283,420,1,-43,16,1,0,0,0,-3,1,4,-4,2,6,5,5,0,3,4,1,0,3,3,4,4,8,-7,0,0,1,1,0,-1,6,1
KR_6763180240,440,5,54,4,19,-3,0,3,2,5,3,5,5,0,7,10,3,8,8,0,0,13,38,-2,3,1,1,0,2,1,0,1,1,1,1
KR_6757948457,420,3,40,7,6,-1,1,2,1,4,3,3,3,0,4,5,1,-1,0,1,0,16,1,3,3,6,5,0,0,1,-1,0,1,6,1
KR_6710638438,440,3,65,20,2,-6,0,6,2,5,3,0,0,0,4,7,3,2,3,1,0,-5,7,-1,7,6,5,0,0,-1,1,1,-1,2,1
KR_6731176776,420,1,-61,12,6,2,2,0,-1,2,3,3,7,4,2,7,5,0,0,0,0,4,-52,-10,13,3,38,0,0,1,1,1,1,5,1
KR_6725214926,420,2,3,-8,2,1,2,1,-1,4,5,-4,1,5,5,5,0,1,1,0,0,0,21,-2,9,7,1,0,1,-1,1,1,-1,2,1
KR_6750025567,420,1,-23,8,9,1,2,1,7,10,3,-2,4,6,1,4,3,2,3,1,0,13,21,6,4,10,-6,0,1,1,1,1,-1,2,1
KR_6726087194,420,-1,10,-20,5,4,4,0,1,3,2,3,3,0,-1,2,3,-2,1,3,0,-6,-3,0,8,8,0,0,2,-1,1,1,1,2,1
KR_6755071419,420,2,-25,17,6,-3,1,4,2,5,3,2,5,3,4,5,1,1,1,0,0,12,22,-2,6,4,1,0,1,1,-1,-1,1,6,1
KR_6660687374,440,0,25,-18,1,3,4,1,0,5,5,1,1,0,-2,1,3,-1,2,3,2,1,20,-1,7,6,0,0,0,-1,-1,-1,1,3,1
KR_6699711126,420,-2,-19,-51,-2,3,3,0,-2,0,2,-3,4,7,-1,4,5,1,2,1,0,1,4,3,5,8,-2,0,-1,-1,-1,-1,1,1,1
KR_6762885080,420,0,91,31,-4,2,4,2,3,6,3,-5,0,5,-4,0,4,0,1,1,-1,-10,-3,0,6,6,-4,0,0,-1,1,1,-1,2,1
KR_6609588023,420,2,-34,-3,2,0,1,1,-1,3,4,3,4,1,1,2,1,-1,3,4,-1,-5,11,-1,3,2,-2,0,1,-1,1,1,-1,4,1
KR_6689804713,440,1,-19,-3,5,6,9,3,-1,2,3,-4,3,7,0,3,3,4,5,1,1,3,15,-1,3,2,1,0,1,-1,1,1,1,4,1
KR_6758576992,420,5,52,6,8,3,4,1,3,4,1,1,2,1,0,0,0,1,1,0,0,7,7,-1,5,4,1,0,2,1,1,1,1,2,1
KR_6767092552,440,0,41,32,0,1,2,1,-1,2,3,-2,0,2,3,3,0,-1,0,1,0,3,22,4,2,6,4,0,0,-1,1,0,-1,4,1
KR_6680167826,420,6,115,20,11,0,0,0,1,2,1,3,5,2,6,6,0,1,1,0,0,11,10,1,4,5,-4,0,3,0,-1,1,1,0,1
KR_6765352444,420,2,-14,14,4,4,4,0,1,5,4,-3,2,5,-2,3,5,4,5,1,1,0,3,1,7,8,-1,0,0,-1,1,1,1,2,1
KR_6745247761,420,4,43,-4,4,0,1,1,4,6,2,0,4,4,0,1,1,0,1,1,0,7,172,-5,9,4,2,0,1,-1,1,1,1,1,1
KR_6662952385,420,3,-9,1,5,4,4,0,-1,2,3,2,5,3,1,4,3,-1,0,1,0,8,38,-8,11,3,-6,0,1,1,-1,1,-1,4,1
KR_6682670188,420,2,18,12,-3,-3,1,4,-1,2,3,0,2,2,0,2,2,1,2,1,0,-1,2,-2,7,5,5,0,0,1,-1,-1,-1,1,1
KR_6601403518,420,0,38,17,4,-2,0,2,3,4,1,0,1,1,2,4,2,1,2,1,0,8,-6,0,5,5,2,0,0,-1,-1,-1,1,5,1
KR_6763621564,440,4,2,-14,10,3,3,0,-1,3,4,4,4,0,3,6,3,1,2,1,0,20,10,-2,8,6,-4,0,1,-1,1,1,1,5,1
KR_6619813261,420,6,97,10,12,0,2,2,3,4,1,5,5,0,2,2,0,2,2,0,0,5,-11,-2,5,3,1,0,2,0,-1,1,1,0,1
KR_6701397181,420,2,3,6,3,0,4,4,2,5,3,0,1,1,1,3,2,0,1,1,-1,3,-3,-2,9,7,-1,0,2,-1,1,1,-1,4,1
KR_6602264866,420,1,-5,0,5,0,2,2,4,6,2,-2,1,3,4,6,2,-1,0,1,1,11,-35,5,6,11,3,0,-1,1,-1,-1,1,3,1
KR_6682380025,420,0,55,15,2,7,7,0,-1,4,5,-1,2,3,-1,0,1,-2,0,2,0,-7,9,-2,6,4,4,0,0,1,-1,1,1,1,1
KR_6581212153,420,8,42,22,17,0,4,4,12,14,2,2,5,3,4,5,1,-1,1,2,0,19,17,7,3,10,2,0,3,0,1,1,-1,0,1
KR_6767292045,420,1,-15,12,-1,2,4,2,-1,2,3,-3,0,3,2,4,2,-1,0,1,0,0,4,5,3,8,-2,0,0,1,0,0,-1,6,1
KR_6759029949,420,2,-40,-8,7,-1,1,2,7,7,0,-3,0,3,4,4,0,0,1,1,2,16,32,-1,5,4,-6,0,0,1,-1,1,1,4,1
KR_6679089085,440,8,127,33,14,1,4,3,4,4,0,2,3,1,4,4,0,3,6,3,0,7,20,2,3,5,-1,0,0,1,1,1,-1,3,1
KR_6754091231,420,2,-3,10,6,1,2,1,2,7,5,1,3,2,3,3,0,-1,1,2,1,11,-2,5,8,13,1,0,1,1,1,1,1,1,1
KR_6766026347,420,0,14,-5,0,-3,3,6,-3,2,5,3,4,1,4,4,0,-1,0,1,1,0,5,2,4,6,5,0,0,1,-1,1,1,2,1
KR_6730803363,420,-1,43,-3,-3,0,1,1,2,6,4,-1,2,3,-2,2,4,-2,0,2,0,-5,4,3,5,8,-5,0,-1,1,-1,-1,-1,2,1
KR_6762196815,420,4,23,-2,17,7,8,1,0,4,4,5,5,0,3,3,0,2,2,0,0,12,-3,3,4,7,2,0,3,-1,-1,1,1,3,1
KR_6766202215,420,0,-63,33,2,3,3,0,-2,2,4,2,6,4,0,1,1,-1,1,2,0,3,-1,1,5,6,5,0,-1,-1,1,-1,-1,2,1
KR_6690018938,420,3,20,46,3,0,0,0,0,3,3,1,2,1,0,2,2,2,2,0,0,-1,6,1,7,8,2,0,2,1,1,1,1,6,1
KR_6667827865,420,7,108,-14,13,3,3,0,7,7,0,4,6,2,0,4,4,-1,0,1,1,9,-1,1,7,8,0,0,1,1,1,1,1,4,1
KR_6675004642,420,0,30,-14,4,1,3,2,1,3,2,3,3,0,0,3,3,-1,3,4,0,0,16,3,4,7,-3,0,0,-1,-1,1,-1,6,1
KR_6757786011,420,0,-41,-8,8,2,2,0,4,6,2,0,1,1,3,6,3,-1,1,2,0,1,-1,-3,9,6,-6,0,-1,-1,0,-1,-1,2,1
KR_6712766122,420,4,71,6,5,4,6,2,3,4,1,2,5,3,-5,3,8,1,2,1,-1,-9,3,-1,7,6,3,0,0,-1,1,1,1,4,1
KR_6762389126,420,4,10,28,9,-2,2,4,4,5,1,5,6,1,3,4,1,-1,0,1,0,11,-11,-8,12,4,11,0,-1,1,-1,-1,-1,1,1
KR_6766696333,420,-3,-30,-26,-13,-10,0,10,-4,3,7,5,5,0,-6,2,8,2,2,0,0,-9,-21,-2,6,4,-4,0,-1,0,-1,-1,-1,0,1
KR_6706137894,420,7,65,33,15,8,8,0,1,2,1,5,6,1,2,3,1,-1,0,1,2,10,1,-1,5,4,5,0,3,1,1,1,1,1,1
KR_6766492110,420,1,-1,40,1,0,0,0,0,2,2,-1,1,2,1,4,3,1,2,1,2,1,-30,-2,6,4,1,0,1,1,1,1,1,6,1
KR_6665339733,420,-4,-66,17,-8,-6,0,6,-1,2,3,1,3,2,-1,4,5,-1,0,1,0,0,-251,-3,6,3,0,0,-1,-1,1,-1,-1,4,1
KR_6759535289,420,2,64,5,-1,3,3,0,-1,1,2,3,3,0,-7,4,11,1,3,2,0,-3,13,2,6,8,0,0,0,-1,-1,0,1,4,1
KR_6703994446,420,1,68,6,6,-2,2,4,1,4,3,2,3,1,7,9,2,-2,2,4,1,10,-109,0,5,5,1,0,4,1,1,1,-1,5,1
KR_6698869173,420,1,6,16,-2,1,3,2,-4,3,7,-4,0,4,4,6,2,1,2,1,0,-5,3,0,5,5,-7,0,0,-1,-1,0,1,1,1
KR_6752586250,420,6,49,0,14,6,8,2,-4,0,4,3,5,2,7,8,1,2,2,0,0,21,0,-2,9,7,4,0,2,1,1,1,1,1,1
KR_6699811880,420,0,11,20,0,0,3,3,4,5,1,2,3,1,-3,2,5,-3,0,3,0,-1,12,-3,7,4,-1,0,1,-1,1,1,-1,1,1
KR_6760501693,420,-2,19,8,-5,0,1,1,-2,2,4,-2,1,3,-1,3,4,0,1,1,0,-10,-3,-2,8,6,2,0,0,-1,-1,0,-1,3,1
KR_6766514218,420,0,-12,4,3,2,3,1,0,3,3,-3,1,4,4,7,3,0,0,0,2,17,34,6,5,11,-1,0,0,-1,-1,-1,1,1,1
KR_6761485648,420,2,62,12,0,3,4,1,1,5,4,-3,1,4,3,4,1,-4,1,5,1,2,1,-1,3,2,-1,0,0,1,-1,1,1,4,1
KR_6746909274,420,2,15,31,-4,-1,2,3,0,2,2,0,4,4,0,2,2,-3,1,4,-2,-5,168,4,6,10,-2,0,0,1,1,0,-1,6,1
KR_6765938173,440,-2,-9,28,-3,1,1,0,-3,1,4,0,3,3,-2,4,6,1,1,0,0,-4,-123,2,6,8,-3,0,1,1,1,1,1,5,1
KR_6740366255,420,4,12,18,10,-1,0,1,3,5,2,6,6,0,2,3,1,0,2,2,0,9,26,4,1,5,4,0,0,0,1,0,1,0,1
KR_6742951105,420,-1,-13,-7,-8,-2,0,2,-4,0,4,-7,0,7,5,6,1,0,2,2,0,-4,-5,-1,8,7,-1,0,1,-1,-1,1,1,5,1
KR_6766128023,420,0,-62,25,0,0,1,1,-2,7,9,6,7,1,1,3,2,-5,0,5,-2,1,-13,-5,12,7,5,0,-1,-1,1,-1,-1,5,1
KR_6697547308,420,2,-37,-16,5,1,3,2,-1,2,3,0,2,2,5,7,2,0,1,1,0,8,-2,4,6,10,-2,0,0,1,-1,0,-1,1,1
KR_6750854681,420,-2,12,-11,-2,-1,1,2,1,3,2,0,2,2,0,3,3,-2,0,2,2,3,-17,9,3,12,0,0,0,-1,1,1,1,4,1
KR_6767079801,420,1,37,-21,3,2,4,2,2,5,3,1,3,2,1,2,1,-3,0,3,0,3,32,3,4,7,-3,0,0,-1,-1,1,-1,6,1
KR_6742535591,420,5,63,5,13,-1,1,2,3,5,2,3,6,3,8,10,2,0,0,0,0,8,-46,-1,5,4,0,0,4,1,1,1,1,6,1
KR_6750989890,440,5,34,12,15,1,2,1,9,9,0,0,0,0,1,2,1,4,5,1,0,19,13,1,2,3,-1,0,0,1,1,0,1,4,1
KR_6682767864,420,7,144,43,16,1,2,1,5,7,2,4,5,1,1,2,1,5,6,1,0,14,3,5,3,8,4,0,3,1,1,1,1,4,1
KR_6703168252,420,0,9,3,4,-3,0,3,0,1,1,-2,0,2,7,8,1,2,2,0,0,7,-7,2,6,8,6,0,1,-1,1,1,-1,3,1
KR_6681079580,420,2,32,-25,3,4,4,0,-2,3,5,2,3,1,0,2,2,-1,1,2,1,-6,2,4,4,8,0,0,1,0,1,1,1,0,1
KR_6705824790,420,2,21,15,3,5,7,2,0,2,2,1,3,2,-1,1,2,-2,0,2,0,-3,14,2,5,7,-2,0,1,1,1,1,1,3,1
KR_6703976684,420,2,16,9,6,2,3,1,-4,2,6,8,8,0,-2,0,2,2,2,0,0,4,-3,0,6,6,3,0,0,1,1,0,1,2,1
KR_6718479075,420,-1,-19,-51,1,-1,2,3,0,2,2,1,2,1,0,2,2,1,1,0,0,3,-107,-2,6,4,0,0,0,-1,1,0,-1,6,1
KR_6707826420,420,3,57,-4,6,0,1,1,1,2,1,0,2,2,6,7,1,-1,1,2,0,5,-26,7,8,15,2,0,1,1,1,1,1,2,1
KR_6662701039,420,-3,-6,-10,-10,-1,4,5,-2,4,6,-8,0,8,0,1,1,1,1,0,0,-7,-3,-5,6,1,2,0,-1,-1,-1,-1,1,1,1
KR_6727440954,420,3,52,-6,7,2,3,1,2,4,2,-4,0,4,4,8,4,3,5,2,0,11,5,1,4,5,4,0,1,1,-1,1,-1,6,1
KR_6679131498,440,4,13,31,6,2,4,2,2,3,1,1,3,2,-3,1,4,4,9,5,0,5,1,2,3,5,3,0,2,-1,1,1,-1,6,1
KR_6673934115,420,-2,-18,37,3,1,3,2,0,4,4,-2,1,3,3,7,4,1,2,1,0,-3,114,-6,10,4,-1,0,0,1,-1,1,-1,6,1
KR_6721550553,420,-1,-15,-1,2,-1,2,3,-6,1,7,3,3,0,5,6,1,1,2,1,0,0,26,-2,8,6,-1,0,-1,1,0,-1,1,1,1
KR_6678868256,420,-1,-9,26,-5,-4,0,4,-3,1,4,-2,0,2,3,3,0,1,1,0,0,-4,-33,-2,6,4,14,0,1,1,-1,-1,-1,5,1
KR_6678881264,440,4,37,26,13,2,2,0,-1,1,2,6,8,2,5,6,1,1,1,0,1,15,9,1,4,5,1,0,1,1,1,1,1,3,1
KR_6750793569,440,1,-5,2,5,5,5,0,5,9,4,2,3,1,-6,0,6,-1,2,3,0,15,21,-2,7,5,-1,0,0,0,-1,-1,1,0,1
KR_6766737506,420,2,10,-5,4,-3,0,3,3,3,0,1,3,2,1,1,0,2,2,0,0,9,-11,6,3,9,4,0,-1,1,-1,-1,1,3,1
KR_6696685866,420,3,50,28,8,0,1,1,-1,2,3,3,4,1,3,3,0,3,4,1,0,4,-72,0,5,5,7,0,2,1,1,1,1,3,1
KR_6617849058,420,3,105,4,8,5,5,0,0,0,0,-1,0,1,4,9,5,0,2,2,1,11,16,2,5,7,-3,0,2,1,-1,1,-1,4,1
KR_6683375913,440,1,18,-12,3,0,1,1,3,6,3,2,3,1,-3,0,3,1,1,0,0,6,-84,-4,6,2,3,0,0,-1,1,0,1,5,1
KR_6738160006,420,6,88,-9,14,1,3,2,0,3,3,2,3,1,10,10,0,1,2,1,0,13,-1,1,6,7,4,0,2,1,-1,1,-1,4,1
KR_6764401512,420,0,-3,3,-1,1,2,1,-1,2,3,2,2,0,-1,0,1,-2,1,3,0,1,-3,0,9,9,6,0,0,0,1,0,1,0,1
KR_6766153886,420,-2,-85,12,-6,-2,1,3,1,3,2,-2,3,5,-1,4,5,-2,0,2,0,-6,-4,-1,8,7,-4,0,-1,1,-1,-1,-1,6,1
KR_6724355194,420,3,33,13,1,2,4,2,0,2,2,2,5,3,-6,0,6,3,3,0,0,2,2,-1,7,6,-6,0,1,1,1,1,-1,1,1
KR_6428866574,420,2,23,-18,6,1,2,1,5,5,0,0,0,0,1,2,1,-1,1,2,0,6,0,1,5,6,5,0,1,-1,1,1,1,1,1
KR_6759471158,420,1,-34,7,7,0,2,2,2,3,1,4,5,1,2,3,1,-1,1,2,0,5,-8,2,4,6,-2,0,-2,1,-1,-1,1,2,1
KR_6738705169,440,7,54,18,19,4,4,0,3,5,2,1,2,1,7,7,0,4,4,0,1,18,9,1,5,6,5,0,1,1,1,1,1,5,1
KR_6760902005,420,-3,-37,-20,-1,0,3,3,3,9,6,-3,0,3,-2,0,2,1,2,1,0,-5,-40,1,4,5,-6,0,0,-1,1,0,1,4,1
KR_6764912107,420,4,7,20,4,-2,1,3,10,10,0,1,1,0,-3,0,3,-2,1,3,0,5,40,5,2,7,-15,0,1,1,1,1,-1,3,1
KR_6759847229,440,1,-30,-3,5,-3,0,3,3,3,0,-1,0,1,0,3,3,6,6,0,0,6,-3,0,7,7,0,0,-1,1,1,1,-1,6,1
KR_6740639106,420,0,-24,24,0,-2,0,2,-2,2,4,-4,1,5,5,5,0,3,5,2,0,5,29,1,3,4,1,0,-1,1,-1,-1,1,3,1
KR_6684806981,420,1,-24,-2,4,0,1,1,6,6,0,-2,0,2,0,0,0,0,0,0,0,4,124,9,2,11,-4,0,0,1,1,0,1,5,1
KR_6766457125,420,1,27,10,4,-2,0,2,2,4,2,3,4,1,0,3,3,1,1,0,3,12,13,0,9,9,-1,0,-1,-1,-1,-1,1,4,1
KR_6754088477,440,1,-25,-22,3,-3,1,4,0,2,2,4,5,1,1,3,2,1,2,1,0,12,-33,0,6,6,17,0,0,1,0,-1,1,6,1
KR_6687362459,420,-2,-16,-40,2,0,0,0,-2,1,3,5,5,0,-1,1,2,0,0,0,0,3,8,5,5,10,-5,0,1,-1,0,1,1,6,1
KR_6684079428,420,-2,20,1,-3,-3,1,4,-2,1,3,1,3,2,4,6,2,-3,2,5,0,-11,-5,-2,7,5,-2,0,1,-1,1,1,1,4,1
KR_6765679357,420,8,132,4,19,3,4,1,1,5,4,2,4,2,10,12,2,3,3,0,4,27,35,3,3,6,3,0,2,1,-1,1,1,3,1
KR_6711859614,440,0,-14,3,0,-4,1,5,-1,0,1,4,4,0,1,2,1,0,2,2,0,3,-2,3,4,7,-1,0,-1,1,-1,-1,-1,6,1
KR_6737629076,420,1,15,-3,12,2,3,1,2,5,3,1,2,1,5,5,0,2,2,0,0,13,46,-1,6,5,3,0,1,1,-1,1,1,1,1
KR_6669765644,420,-3,-43,-48,-3,1,2,1,1,5,4,-1,0,1,-2,2,4,-2,0,2,0,-9,8,4,5,9,-4,0,0,-1,-1,-1,-1,2,1
KR_6756981136,420,-1,-13,16,0,1,2,1,-1,3,4,3,9,6,-3,1,4,0,1,1,0,8,259,-1,9,8,-5,0,0,1,1,0,-1,3,1
KR_6704048432,420,4,55,37,4,-1,1,2,-3,1,4,9,9,0,-1,2,3,0,1,1,0,8,4,-1,2,1,-1,1,4,1,-1,1,1,5,1
KR_6767162239,420,2,13,-2,5,-1,0,1,1,3,2,3,6,3,3,6,3,-1,1,2,0,11,11,4,6,10,-2,0,2,-1,1,1,1,4,1
KR_6681003586,420,2,37,23,9,1,2,1,0,5,5,3,3,0,1,2,1,4,4,0,0,3,-2,-1,5,4,2,0,1,1,1,1,-1,1,1
KR_6647309890,420,1,-7,-12,2,0,1,1,-5,2,7,5,6,1,2,3,1,0,0,0,0,1,4,2,5,7,-2,0,1,0,0,1,-1,0,1
KR_6704921949,420,4,63,-12,-2,-1,2,3,0,2,2,2,2,0,-2,0,2,-1,0,1,0,-4,-6,1,5,6,2,0,1,1,-1,1,-1,5,1
KR_6765457877,440,3,-6,-18,1,-2,1,3,2,5,3,2,2,0,-1,1,2,0,0,0,0,1,-4,-2,5,3,0,0,-1,-1,0,-1,-1,3,1
KR_6639718921,420,3,32,45,9,0,3,3,4,6,2,-1,3,4,3,4,1,3,4,1,0,9,2,3,7,10,-1,0,1,1,1,1,-1,6,1
KR_6749033638,420,-1,48,-9,-2,3,3,0,-1,0,1,-5,1,6,0,3,3,1,1,0,0,-14,-2,0,8,8,-5,0,0,1,-1,0,1,1,1
KR_6721420474,420,4,50,12,11,4,4,0,5,5,0,2,2,0,-1,0,1,1,1,0,0,9,-24,0,6,6,4,0,1,-1,1,1,1,2,1
KR_6751482574,420,1,-15,13,7,0,2,2,1,5,4,5,7,2,0,2,2,1,2,1,0,9,36,-6,10,4,1,0,1,-1,0,1,-1,4,1
KR_6717946263,420,0,31,5,-7,-2,1,3,-3,4,7,0,2,2,-3,1,4,1,1,0,-5,-17,-5,-3,8,5,2,0,-1,1,-1,-1,-1,6,1
KR_6748652282,440,0,-7,18,5,2,2,0,5,6,1,-1,1,2,0,4,4,-1,0,1,0,1,5,1,5,6,2,0,0,0,1,0,1,0,1
KR_6722583441,440,0,71,-9,-7,-1,1,2,-2,1,3,-3,0,3,2,7,5,-3,0,3,0,-11,-3,2,6,8,-2,0,-1,-1,-1,-1,1,6,1
KR_6747407716,420,4,15,2,8,-3,2,5,4,6,2,2,2,0,5,6,1,0,0,0,0,13,-11,-7,11,4,4,0,1,1,1,1,1,4,1
KR_6673801405,420,3,40,12,7,4,5,1,-3,4,7,3,5,2,0,3,3,3,3,0,0,7,-26,0,8,8,-1,0,1,1,-1,1,1,4,1
KR_6717353475,420,2,40,11,5,-1,0,1,2,2,0,2,4,2,5,7,2,-3,0,3,0,6,13,2,6,8,1,0,2,1,1,1,-1,2,1
KR_6723759633,420,0,39,-2,7,6,10,4,-2,3,5,-3,1,4,3,3,0,3,3,0,1,-1,-22,4,3,7,-2,0,0,-1,1,1,1,1,1
KR_6758402315,420,-1,-12,0,-1,-1,0,1,-1,3,4,2,4,2,2,5,3,-3,0,3,0,-4,8,4,4,8,0,0,2,1,1,1,1,5,1
KR_6719001454,420,0,6,-12,4,2,4,2,3,4,1,-2,0,2,1,2,1,0,0,0,0,3,-4,1,6,7,4,0,-1,-1,-1,-1,-1,6,1
KR_6760352562,420,0,20,-15,0,-2,1,3,-1,0,1,-1,0,1,4,7,3,0,2,2,-2,1,0,-8,14,6,-4,0,0,1,0,0,-1,1,1
KR_6743643815,420,4,81,-11,11,4,4,0,-1,6,7,2,3,1,5,5,0,1,2,1,0,14,10,5,5,10,-2,0,2,1,-1,1,-1,6,1
KR_6575323482,420,-1,-38,-17,2,-6,0,6,-7,0,7,2,5,3,12,14,2,1,1,0,-2,-4,4,-4,10,6,-2,0,-1,1,-1,1,-1,3,1
KR_6722461797,440,0,-62,-5,-2,-3,1,4,3,5,2,8,10,2,-2,0,2,-8,0,8,1,8,12,2,5,7,1,0,-1,-1,1,-1,1,3,1
KR_6730538736,440,5,7,-8,18,6,6,0,1,4,3,6,7,1,3,6,3,2,2,0,0,7,20,5,5,10,0,0,2,0,1,1,1,0,1
KR_6762571522,440,2,12,20,7,0,1,1,3,3,0,2,4,2,3,6,3,-1,1,2,0,6,-124,3,4,7,2,0,0,-1,1,0,-1,3,1
KR_6719466760,420,5,60,-4,8,6,6,0,1,4,3,2,4,2,-2,1,3,1,1,0,0,8,-14,4,3,7,0,0,1,1,1,1,1,4,1
KR_6743958977,440,2,-21,-7,10,-1,1,2,4,4,0,4,4,0,5,10,5,-2,0,2,0,18,-13,2,5,7,-1,0,-1,-1,-1,-1,1,6,1
KR_6753063251,440,4,75,19,8,1,3,2,-3,4,7,6,8,2,3,3,0,1,3,2,0,6,-5,0,5,5,-2,0,0,0,-1,0,1,0,1
KR_6759947418,420,4,53,24,2,0,0,0,1,5,4,4,6,2,0,1,1,-3,1,4,-1,-1,188,3,6,9,-1,0,-1,1,-1,-1,-1,4,1
KR_6699666372,420,5,37,42,11,5,5,0,2,4,2,7,7,0,-3,2,5,0,1,1,0,9,-46,1,5,6,1,0,0,-1,1,-1,-1,5,1
KR_6756147040,420,-1,24,-27,3,3,3,0,-3,0,3,-4,0,4,7,8,1,0,0,0,0,3,-8,0,5,5,4,0,0,1,-1,0,1,5,1
KR_6650250017,420,2,29,-20,6,1,1,0,0,2,2,-2,1,3,2,2,0,5,5,0,0,9,-5,1,5,6,-1,0,0,-1,1,1,1,2,1
KR_6677483486,420,-1,-31,-5,5,-3,1,4,2,3,1,1,3,2,5,6,1,0,1,1,0,7,0,5,7,12,-1,0,0,1,-1,0,1,4,1
KR_6764274470,420,2,8,7,4,6,6,0,0,1,1,-2,1,3,2,5,3,-2,0,2,0,-2,-19,1,7,8,-4,0,1,-1,1,1,-1,2,1
KR_6743967104,440,2,18,30,1,-3,0,3,1,4,3,4,5,1,-2,1,3,1,1,0,0,3,8,-1,6,5,-4,0,1,-1,1,1,-1,3,1
KR_6741401932,420,0,-48,31,-1,0,3,3,4,5,1,-2,1,3,-1,3,4,-2,0,2,0,0,2,5,4,9,-5,0,-1,1,1,-1,-1,5,1
KR_6735733238,440,0,-54,28,-1,3,5,2,4,6,2,0,1,1,-8,1,9,0,1,1,0,-2,15,1,6,7,-5,0,-1,1,1,1,-1,5,1
KR_6671857821,420,3,21,-8,8,-3,0,3,3,5,2,3,6,3,6,10,4,-1,0,1,0,12,30,9,1,10,0,0,2,1,1,1,-1,1,1
KR_6685083966,420,1,23,8,12,1,2,1,3,8,5,3,5,2,3,6,3,2,2,0,0,7,-6,-3,9,6,1,0,0,-1,1,1,1,3,1
KR_6749820065,420,0,-41,0,1,-1,2,3,1,2,1,0,1,1,0,2,2,1,2,1,0,6,22,0,7,7,-3,0,-1,1,-1,-1,-1,4,1
KR_6767508504,420,-2,-1,-6,-8,0,6,6,0,3,3,-1,1,2,-4,2,6,-3,0,3,0,0,2,0,2,2,3,0,-1,1,-1,-1,-1,6,1
KR_6743014222,420,-2,25,-30,-4,0,2,2,-4,1,5,0,2,2,0,4,4,0,0,0,0,-9,-36,1,6,7,0,0,-1,-1,-1,-1,1,5,1
KR_6723649470,420,5,28,24,3,7,8,1,1,4,3,-2,1,3,-1,1,2,-2,2,4,0,-2,-12,2,4,6,-1,0,0,1,-1,0,1,2,1
KR_6756711385,440,2,4,-6,0,-5,1,6,6,7,1,1,4,3,-1,3,4,-1,0,1,0,0,4,7,3,10,0,0,0,1,1,1,-1,5,1
KR_6756850960,420,2,45,8,6,-4,0,4,3,4,1,2,2,0,7,7,0,-2,0,2,-1,14,20,-1,5,4,-1,0,2,1,1,1,-1,6,1
KR_6766704491,420,2,-15,11,8,2,2,0,-3,1,4,6,9,3,5,5,0,-2,0,2,0,14,1,2,5,7,4,0,-1,0,0,1,-1,0,1
KR_6760314524,420,0,10,-17,2,1,2,1,-1,3,4,1,2,1,1,1,0,0,0,0,0,-1,43,5,2,7,0,0,1,1,1,1,-1,2,1
KR_6707652710,420,3,107,-1,4,2,2,0,4,5,1,-1,1,2,0,2,2,-1,0,1,0,3,-14,1,5,6,4,0,2,1,-1,1,-1,2,1
KR_6636798860,440,3,15,11,4,2,2,0,2,2,0,0,0,0,1,2,1,-1,0,1,0,2,4,-1,9,8,2,0,0,1,-1,1,-1,3,1
KR_6759605773,420,2,-26,24,-5,5,6,1,-2,2,4,-1,1,2,-7,0,7,0,0,0,-1,-16,15,-4,8,4,1,0,2,-1,1,1,-1,6,1
KR_6704042051,420,0,8,18,5,-2,0,2,4,4,0,3,3,0,1,2,1,-1,0,1,0,4,29,0,7,7,-1,0,0,-1,1,1,1,1,1
KR_6765447378,420,1,-1,0,-2,-1,1,2,1,2,1,1,2,1,-3,1,4,0,2,2,0,2,-5,-2,7,5,0,0,-1,1,-1,-1,-1,5,1
KR_6767466789,420,2,38,-1,2,2,3,1,-1,2,3,0,1,1,2,4,2,-1,3,4,0,1,-8,-2,8,6,-2,0,-1,-1,1,-1,1,4,1
KR_6693860684,420,3,59,9,6,1,2,1,1,4,3,1,2,1,1,3,2,2,3,1,1,11,2,-2,8,6,0,0,1,1,1,1,1,2,1
KR_6760724295,420,4,7,11,4,1,2,1,3,5,2,1,4,3,3,3,0,-4,0,4,0,-3,-4,-5,7,2,-1,0,0,1,1,1,1,2,1
KR_6658594171,420,1,24,36,1,2,4,2,-3,3,6,0,5,5,-2,1,3,4,4,0,1,6,2,0,6,6,1,0,0,1,1,0,1,1,1
KR_6738812358,420,1,-6,16,3,3,3,0,4,6,2,-1,0,1,-2,1,3,-1,1,2,0,7,-9,2,3,5,-1,0,2,-1,1,1,1,5,1
KR_6750739457,440,2,16,-8,9,6,7,1,1,2,1,-2,1,3,4,6,2,0,0,0,0,9,-9,1,2,3,-1,0,1,-1,1,1,1,4,1
KR_6750172283,420,0,-15,44,-9,2,2,0,2,2,0,-4,2,6,0,2,2,-9,0,9,0,-10,-9,-6,8,2,3,0,0,-1,1,-1,1,5,1
KR_6698405774,420,-2,-26,-46,-1,0,2,2,5,5,0,-1,1,2,-4,1,5,-1,1,2,1,-1,-112,6,3,9,-2,0,0,-1,-1,-1,1,5,1
KR_6765958608,420,3,33,17,9,0,3,3,4,4,0,7,9,2,-2,0,2,0,0,0,0,10,130,3,4,7,-1,0,1,1,1,1,-1,4,1
KR_6767818286,420,2,54,50,3,-2,1,3,1,2,1,1,1,0,2,4,2,1,1,0,0,8,-3,-1,6,5,3,0,0,1,-1,0,1,6,1
KR_6668403589,420,5,47,1,16,3,3,0,6,9,3,1,1,0,1,4,3,5,5,0,1,13,-8,-2,5,3,3,0,0,1,1,1,1,1,1
KR_6614641884,440,2,35,12,1,0,0,0,1,3,2,-5,2,7,5,5,0,0,0,0,0,12,-18,-1,3,2,2,0,0,1,-1,0,-1,5,1
KR_6758405124,420,6,78,33,9,1,1,0,7,8,1,1,4,3,-2,2,4,2,3,1,1,13,119,1,7,8,0,0,1,1,-1,1,1,4,1
KR_6700299723,420,0,65,-2,4,3,3,0,-2,2,4,3,3,0,0,4,4,0,0,0,0,1,1,4,0,4,-2,0,0,0,-1,1,-1,0,1
KR_6495726654,420,1,30,16,10,8,8,0,3,3,0,3,4,1,-3,0,3,-1,0,1,0,5,0,1,5,6,6,0,2,1,1,1,1,5,1
KR_6671957912,440,2,-36,59,3,-4,0,4,-1,0,1,-2,3,5,10,14,4,0,1,1,-1,3,68,4,4,8,-1,0,0,1,-1,0,-1,6,1
KR_6765869917,440,2,61,4,10,3,4,1,3,4,1,1,2,1,3,6,3,0,2,2,0,1,3,3,4,7,2,0,1,1,1,1,1,1,1
KR_6748677889,420,3,5,15,7,-5,1,6,3,4,1,1,4,3,8,9,1,0,1,1,1,10,-6,-3,6,3,-2,0,0,1,-1,1,1,2,1
KR_6669495028,420,2,48,-6,-1,1,1,0,-2,0,2,1,2,1,-1,0,1,0,0,0,0,1,-7,1,3,4,-2,0,1,1,-1,1,1,3,1
KR_6694255807,420,3,52,-6,5,-1,2,3,1,2,1,5,6,1,-2,3,5,2,2,0,0,3,-10,-2,6,4,3,0,1,1,1,1,-1,1,1
KR_6673847972,420,6,3,-7,9,4,5,1,3,4,1,4,4,0,-3,3,6,1,1,0,-3,12,8,6,4,10,-2,0,0,-1,-1,-1,-1,2,1
KR_6758494259,420,3,21,12,5,0,2,2,0,3,3,2,4,2,3,3,0,0,1,1,0,6,-4,-4,9,5,-2,0,1,1,-1,1,1,3,1
KR_6767805726,420,3,44,11,7,1,4,3,4,5,1,-1,2,3,0,4,4,3,3,0,0,9,-15,0,5,5,4,0,1,1,-1,1,-1,4,1
KR_6720546840,420,0,-24,-4,4,0,2,2,-2,1,3,3,3,0,1,2,1,2,3,1,0,1,-11,-1,7,6,1,0,0,1,1,0,1,2,1
KR_6668904216,420,2,106,8,11,1,1,0,4,6,2,2,3,1,5,5,0,-1,0,1,1,12,-5,3,2,5,3,0,0,1,1,0,1,5,1
KR_6651362131,420,2,33,-16,1,-2,1,3,2,4,2,2,2,0,-1,1,2,0,0,0,0,10,15,3,5,8,-2,0,-1,1,-1,-1,1,1,1
KR_6701213689,420,-3,-42,-20,-3,4,4,0,-4,4,8,-4,0,4,1,2,1,0,2,2,0,0,-2,-5,10,5,3,0,-1,-1,1,-1,-1,6,1
KR_6738130752,420,2,14,29,6,2,2,0,0,2,2,1,5,4,3,3,0,0,0,0,0,11,22,2,3,5,-2,0,0,1,1,0,-1,4,1
KR_6767316039,420,2,-20,12,2,0,2,2,0,2,2,1,3,2,0,5,5,1,1,0,0,6,116,-2,7,5,-2,0,2,-1,1,1,1,4,1
KR_6667713079,440,1,60,29,0,-1,1,2,0,3,3,-1,4,5,1,3,2,1,1,0,0,2,9,-1,4,3,4,0,0,1,-1,0,-1,5,1
KR_6675673455,420,4,71,9,6,2,2,0,-3,2,5,0,2,2,6,9,3,1,1,0,0,10,2,4,5,9,7,0,1,1,1,1,-1,1,1
KR_6767246150,420,0,-22,8,9,3,4,1,-1,1,2,2,3,1,4,6,2,1,2,1,1,16,102,-1,7,6,-5,0,0,1,-1,1,1,1,1
KR_6697791487,440,-1,-42,-4,-6,1,5,4,3,4,1,-7,2,9,-1,2,3,-2,2,4,0,-8,-6,2,1,3,-1,0,0,1,0,0,-1,2,1
KR_6720300448,420,3,26,13,9,3,3,0,2,4,2,2,2,0,2,4,2,0,0,0,0,7,0,3,4,7,-2,0,2,-1,-1,1,1,4,1
KR_6766883042,420,0,6,15,5,-1,1,2,0,3,3,4,5,1,2,6,4,0,0,0,0,8,-1,2,4,6,3,0,0,-1,1,0,1,2,1
KR_6759084438,420,1,25,30,-1,3,5,2,5,6,1,-4,1,5,-1,4,5,-4,0,4,2,2,21,2,6,8,-4,0,-1,1,-1,-1,1,1,1
KR_6677421191,420,1,8,1,7,1,2,1,2,4,2,7,8,1,0,1,1,-3,1,4,1,15,8,2,3,5,-1,0,0,1,1,1,-1,3,1
KR_6754640682,420,0,-55,4,2,0,2,2,3,4,1,-2,1,3,0,2,2,1,2,1,0,7,17,4,2,6,-3,0,0,-1,1,-1,1,5,1
KR_6694252868,420,5,51,41,5,-2,2,4,-2,2,4,7,9,2,1,5,4,1,3,2,1,4,96,-8,11,3,9,0,3,1,-1,1,1,3,1
KR_6684066674,420,-2,-44,0,-6,-4,1,5,2,3,1,2,2,0,-6,0,6,0,2,2,0,-7,-32,-6,7,1,5,0,-1,-1,-1,-1,-1,6,1
KR_6733968118,420,2,82,4,3,2,4,2,-1,1,2,4,4,0,-2,2,4,0,0,0,2,-4,7,5,7,12,-1,0,0,-1,1,1,1,5,1
KR_6715048325,420,-1,-64,-13,1,-1,3,4,-2,3,5,0,1,1,1,4,3,3,5,2,2,14,4,5,7,12,1,0,-1,1,1,-1,1,3,1
KR_6674064577,420,6,37,-2,15,4,4,0,-2,1,3,5,5,0,8,8,0,0,1,1,0,18,-7,-3,9,6,7,0,2,1,1,1,1,2,1
KR_6695417862,440,3,89,-12,13,-2,1,3,2,2,0,3,6,3,10,10,0,0,0,0,0,19,6,3,1,4,0,0,0,1,1,1,1,5,1
KR_6693610278,420,-1,2,0,-3,-2,2,4,-2,2,4,-1,0,1,3,4,1,-1,0,1,0,6,24,0,8,8,-1,0,2,1,1,1,-1,2,1
KR_6577761131,420,6,0,51,13,1,2,1,11,14,3,3,7,4,-3,1,4,1,1,0,0,20,8,5,5,10,1,0,2,-1,1,1,-1,3,1
KR_6620035551,420,0,25,2,10,3,4,1,7,11,4,3,4,1,0,3,3,-3,0,3,3,19,0,1,4,5,4,0,1,-1,1,1,1,2,1
KR_6696250718,420,4,47,16,7,1,2,1,8,11,3,2,4,2,-4,4,8,0,1,1,0,11,12,8,2,10,-7,0,2,1,1,1,1,2,1
KR_6698276261,420,0,11,-8,6,-2,0,2,4,6,2,5,6,1,-2,3,5,1,2,1,0,20,3,2,5,7,2,0,0,1,1,0,1,5,1
KR_6765006773,420,1,18,4,13,-1,0,1,5,5,0,1,4,3,8,9,1,0,0,0,0,10,-1,1,4,5,-2,0,1,-1,-1,1,-1,1,1
KR_6758169140,420,1,40,13,-1,0,0,0,-3,1,4,-3,0,3,4,4,0,1,1,0,0,-1,1,-3,7,4,0,0,0,0,-1,0,1,0,1
KR_6711824307,440,4,49,26,5,1,3,2,3,3,0,-4,2,6,6,7,1,-1,3,4,0,1,-3,-4,9,5,5,0,5,1,1,1,1,6,1
KR_6717016685,420,4,48,-20,8,2,4,2,4,9,5,3,5,2,0,3,3,-1,0,1,-1,20,-1,-2,5,3,3,0,3,1,1,1,-1,4,1
KR_6764708332,420,2,25,5,3,-1,3,4,0,1,1,2,3,1,0,2,2,2,2,0,0,-1,-10,-5,6,1,-1,0,-1,-1,-1,-1,-1,4,1
KR_6717508867,420,0,-19,12,4,0,1,1,2,5,3,0,2,2,2,3,1,0,0,0,0,10,30,2,5,7,3,0,0,1,1,1,1,3,1
KR_6760691509,420,3,34,-2,15,-2,2,4,1,4,3,14,14,0,4,6,2,-2,1,3,-1,17,14,0,5,5,0,0,1,1,-1,1,-1,4,1
KR_6765878785,440,4,124,4,6,2,2,0,2,4,2,-3,1,4,2,3,1,3,3,0,0,8,2,3,1,4,3,0,0,0,0,0,-1,0,1
KR_6758463312,420,5,129,3,13,4,5,1,4,4,0,-1,1,2,4,5,1,2,2,0,0,20,38,1,6,7,6,0,0,-1,1,1,1,4,1
KR_6761656717,420,3,40,28,5,-2,1,3,4,5,1,-4,0,4,3,4,1,4,6,2,2,18,38,2,5,7,6,0,1,1,-1,1,1,6,1
KR_6704376825,420,1,26,-5,6,-1,0,1,0,2,2,1,3,2,6,6,0,0,0,0,0,5,11,2,6,8,2,0,0,1,-1,1,1,6,1
KR_6730322180,440,2,-7,50,0,-1,1,2,5,5,0,1,2,1,-5,5,10,0,1,1,-2,5,-3,0,3,3,0,0,1,1,1,1,-1,2,1
KR_6766234441,420,3,10,35,4,2,3,1,0,2,2,-1,2,3,4,6,2,-1,0,1,0,-2,11,2,5,7,-1,0,0,-1,1,0,1,6,1
KR_6749029392,420,4,30,-1,12,4,4,0,0,1,1,6,6,0,1,2,1,1,2,1,0,10,0,1,5,6,2,0,0,1,1,0,1,4,1
KR_6753502060,420,4,106,-15,10,2,3,1,4,6,2,2,4,2,2,3,1,0,0,0,0,8,0,-1,6,5,6,0,1,-1,1,1,-1,5,1
KR_6429487968,420,4,4,18,12,0,4,4,5,6,1,4,6,2,2,3,1,1,1,0,0,15,6,0,8,8,-1,0,0,-1,1,1,-1,6,1
KR_6640967958,420,0,15,-40,3,2,2,0,5,6,1,-2,1,3,-2,0,2,0,2,2,0,-3,-122,4,5,9,-5,0,1,-1,1,1,1,5,1
KR_6720245421,420,1,-8,-19,1,-4,1,5,3,3,0,0,4,4,4,6,2,-2,0,2,0,12,-154,1,3,4,-2,0,-2,1,-1,-1,-1,1,1
KR_6767588223,420,0,36,4,3,1,3,2,4,6,2,0,1,1,-1,2,3,-1,0,1,0,-6,-10,0,4,4,2,0,2,-1,1,1,1,3,1
KR_6721287057,420,4,66,24,9,2,2,0,-1,4,5,4,5,1,3,6,3,1,3,2,1,7,-6,1,3,4,5,0,1,1,0,1,1,1,1
KR_6718550375,420,3,-26,27,6,3,3,0,1,3,2,-1,1,2,1,5,4,2,2,0,0,5,2,0,5,5,-1,0,1,1,1,1,1,4,1
KR_6758657030,420,-2,-28,31,-12,-5,2,7,-7,1,8,-2,1,3,1,3,2,1,3,2,0,-13,-6,-8,8,0,3,0,-1,-1,-1,1,-1,1,1
KR_6718212035,440,0,25,-4,7,2,3,1,0,1,1,6,8,2,-1,4,5,0,1,1,-1,4,9,0,6,6,-1,0,0,-1,0,0,-1,4,1
KR_6768037925,420,2,62,-12,-2,2,4,2,-7,2,9,-3,1,4,5,5,0,1,2,1,-1,-13,-3,-4,9,5,1,0,1,1,0,1,-1,6,1
KR_6674342408,420,1,-18,13,12,2,2,0,-1,2,3,5,6,1,4,8,4,2,3,1,0,13,-1,1,2,3,0,0,1,1,1,1,1,6,1
KR_6759550811,420,3,65,29,8,2,3,1,1,4,3,-1,1,2,5,8,3,1,1,0,0,14,-11,-1,8,7,11,0,1,1,-1,-1,1,4,1
KR_6761075625,420,3,34,12,5,1,3,2,0,5,5,3,5,2,0,1,1,1,1,0,0,2,6,2,4,6,2,0,1,1,-1,1,-1,2,1
KR_6747826594,420,8,64,60,12,1,1,0,3,4,1,6,7,1,3,4,1,-1,0,1,1,16,-38,0,3,3,24,0,3,1,1,1,1,4,1
KR_6698520623,420,0,6,18,1,0,1,1,2,5,3,1,3,2,-3,1,4,1,1,0,0,0,0,0,6,6,6,0,0,1,-1,0,1,5,1
KR_6695011251,420,-1,24,-3,1,3,3,0,1,4,3,-3,0,3,0,5,5,0,1,1,0,1,12,-1,4,3,4,0,1,-1,1,1,1,2,1
KR_6765722900,420,3,71,32,3,2,4,2,1,4,3,-1,2,3,-2,1,3,3,4,1,0,-2,6,4,3,7,-5,0,1,-1,1,1,1,2,1
KR_6757371228,420,-2,-7,-36,-5,2,3,1,-4,3,7,-2,0,2,0,1,1,-1,1,2,0,-5,4,0,3,3,0,0,0,1,-1,0,1,1,1
KR_6766228121,440,3,90,-25,-1,2,3,1,-1,2,3,-1,4,5,-1,2,3,0,0,0,0,1,-74,-1,5,4,2,0,-1,-1,-1,1,-1,2,1
KR_6766891259,420,-5,-80,-5,0,-2,1,3,-1,1,2,5,6,1,-3,1,4,1,2,1,0,13,-5,-3,8,5,0,0,0,1,-1,-1,-1,2,1
KR_6754202120,440,5,22,36,8,4,4,0,2,5,3,-1,0,1,1,3,2,2,3,1,0,8,7,-1,7,6,2,0,0,1,-1,0,1,1,1
KR_6652241026,420,0,42,-4,3,3,5,2,0,3,3,-2,0,2,2,3,1,0,0,0,0,0,2,3,6,9,-2,0,1,-1,1,1,-1,2,1
KR_6766173943,420,7,83,35,12,6,6,0,3,6,3,1,3,2,0,5,5,2,3,1,0,9,3,4,1,5,-3,0,2,0,1,1,1,0,1
KR_6762308684,420,6,28,-7,9,2,4,2,1,5,4,3,3,0,2,4,2,1,1,0,1,14,-61,5,6,11,1,0,2,1,0,1,-1,1,1
KR_6732308333,420,4,74,8,8,-1,0,1,7,7,0,3,4,1,-1,2,3,0,1,1,0,3,0,0,7,7,-1,0,2,-1,1,1,1,2,1
KR_6705686231,440,-2,21,9,-6,-2,0,2,1,2,1,-5,1,6,1,5,4,-1,3,4,0,-4,8,2,1,3,-3,0,0,1,-1,1,-1,4,1
KR_6730016612,420,0,10,-8,-2,1,1,0,1,5,4,-3,0,3,0,0,0,-1,0,1,0,-3,-2,1,5,6,2,0,1,-1,1,1,-1,3,1
KR_6757848372,420,1,5,-13,6,-5,1,6,-3,0,3,12,12,0,2,2,0,0,2,2,0,3,-123,0,4,4,-3,0,1,0,1,1,-1,0,1
KR_6767489884,420,6,27,43,6,-1,0,1,1,4,3,0,4,4,7,8,1,-1,1,2,-1,8,13,-2,5,3,3,0,1,1,-1,1,-1,6,1
KR_6751876001,420,5,25,33,13,5,6,1,3,5,2,2,4,2,3,4,1,0,1,1,0,3,18,4,2,6,0,0,0,1,1,1,1,1,1
KR_6742784419,420,4,126,-1,15,5,5,0,-1,3,4,6,6,0,4,4,0,1,1,0,1,13,-7,1,5,6,4,0,3,-1,1,1,1,2,1
KR_6705511033,420,3,20,11,4,-1,1,2,-2,2,4,4,6,2,2,4,2,1,1,0,0,14,4,4,1,5,-1,0,1,1,1,1,1,1,1
KR_6684086508,420,-2,-44,26,-5,-2,0,2,-1,3,4,0,0,0,-2,0,2,0,1,1,0,-6,-15,-9,14,5,2,0,0,1,1,0,-1,2,1
KR_6766833196,440,-1,5,16,-6,0,1,1,-5,2,7,-1,4,5,1,6,5,-1,2,3,2,2,1,-2,5,3,-2,0,-2,1,-1,1,1,3,1
KR_6685434094,420,8,64,52,11,1,3,2,6,6,0,-1,2,3,5,5,0,0,0,0,0,10,117,-1,6,5,1,0,2,1,1,1,1,2,1
KR_6665012884,420,0,-8,0,-2,-2,2,4,-1,1,2,4,4,0,0,1,1,-3,0,3,0,-4,1,5,4,9,-4,0,0,1,-1,0,-1,2,1
KR_6686901882,420,2,98,34,7,5,5,0,7,9,2,-2,1,3,-1,0,1,-2,0,2,2,6,-107,8,2,10,0,0,1,1,1,1,1,2,1
KR_6663575547,420,2,-32,-4,3,-1,2,3,-1,2,3,6,6,0,-1,2,3,0,0,0,0,4,5,2,5,7,-3,0,0,1,-1,0,1,6,1
KR_6767851404,420,3,68,-29,10,1,1,0,0,4,4,2,3,1,6,8,2,1,1,0,0,8,3,0,2,2,3,0,1,-1,-1,1,-1,6,1
KR_6616215797,420,3,7,23,9,-1,4,5,8,8,0,1,2,1,0,4,4,1,1,0,0,11,0,-5,10,5,2,0,1,-1,1,1,1,1,1
KR_6745000575,420,3,50,27,13,3,4,1,3,4,1,2,3,1,5,6,1,0,1,1,1,13,-1,-1,3,2,7,0,0,1,-1,0,1,1,1
KR_6680201595,420,-2,-16,10,-6,-2,2,4,-2,5,7,-2,2,4,-4,5,9,4,4,0,2,-8,1,1,8,9,-2,0,-2,1,1,-1,-1,5,1
KR_6705605937,420,2,-11,-3,3,-3,1,4,2,3,1,1,1,0,3,4,1,0,0,0,0,5,10,2,8,10,2,0,0,1,-1,0,-1,1,1
KR_6760133832,420,6,110,43,7,4,5,1,-2,1,3,4,6,2,0,2,2,1,1,0,1,1,13,2,1,3,2,0,3,1,1,1,1,3,1
KR_6625686918,420,0,21,-22,9,-3,0,3,3,4,1,0,1,1,5,6,1,4,4,0,1,15,-3,-3,7,4,4,0,3,-1,1,1,1,2,1
KR_6754473134,420,1,47,-11,2,1,3,2,0,1,1,2,3,1,-1,1,2,0,0,0,0,1,1,0,7,7,2,0,0,-1,1,0,1,2,1
KR_6679444240,420,2,82,-5,4,0,1,1,1,3,2,0,3,3,2,3,1,1,2,1,0,5,-2,0,5,5,3,0,0,1,-1,1,1,3,1
KR_6751479962,420,1,8,4,6,3,3,0,6,9,3,0,3,3,-3,0,3,0,0,0,0,2,-26,4,5,9,24,0,0,-1,1,-1,1,6,1
KR_6642189005,420,1,-16,-26,-1,0,0,0,-3,3,6,1,1,0,2,4,2,-1,0,1,0,-7,4,-4,9,5,-5,0,0,1,-1,0,1,4,1
KR_6599904420,420,1,31,4,1,3,3,0,-2,2,4,-3,3,6,3,3,0,0,0,0,0,-4,11,2,7,9,-4,0,1,1,1,1,1,2,1
KR_6625419749,420,6,46,30,11,-2,0,2,3,5,2,3,5,2,8,8,0,-1,0,1,1,18,16,7,3,10,3,0,1,1,1,1,1,2,1
KR_6736479069,420,4,48,-3,7,1,2,1,4,7,3,-3,0,3,3,6,3,2,3,1,0,-1,39,1,4,5,-19,0,0,-1,1,0,1,5,1
KR_6766645003,420,3,84,-4,4,1,3,2,1,1,0,0,3,3,1,4,3,1,1,0,0,6,-10,3,7,10,-3,0,2,-1,1,1,1,3,1
KR_6693758800,420,3,50,-12,15,1,3,2,6,6,0,4,5,1,2,2,0,2,2,0,0,27,3,-1,5,4,2,0,2,-1,1,1,1,1,1
KR_6599223718,420,-6,-58,-21,-7,-1,0,1,-2,3,5,1,2,1,-2,1,3,-3,1,4,0,-9,1,-1,8,7,-3,0,1,-1,1,1,1,3,1
KR_6711856038,420,-1,50,-1,5,-1,1,2,5,6,1,-1,2,3,2,3,1,0,2,2,0,2,10,-1,3,2,-1,0,1,1,1,1,1,2,1
KR_6720652198,420,-2,80,18,-6,-4,0,4,0,2,2,-3,1,4,-1,1,2,2,2,0,0,-6,-58,-5,7,2,0,0,2,-1,-1,-1,-1,2,1
KR_6759712286,440,4,-5,23,5,0,1,1,1,1,0,2,3,1,1,1,0,1,4,3,0,7,-23,3,4,7,-5,0,1,-1,1,1,-1,3,1
KR_6731503527,420,4,33,13,8,0,1,1,1,3,2,3,4,1,4,5,1,0,0,0,1,14,3,-2,9,7,5,0,0,1,-1,0,1,2,1
KR_6767065686,420,4,23,28,2,1,2,1,-1,2,3,2,3,1,1,4,3,-1,0,1,0,-6,2,3,4,7,0,0,1,1,1,1,-1,1,1
KR_6762407825,420,3,89,-15,15,4,4,0,4,4,0,7,7,0,0,1,1,0,0,0,0,11,-1,0,7,7,-1,0,3,-1,1,1,1,2,1
KR_6758065025,440,3,25,40,8,5,6,1,-3,2,5,2,5,3,3,3,0,1,3,2,0,11,-4,-1,4,3,8,0,1,1,1,1,1,2,1
KR_6721180329,420,0,-17,-14,-1,2,7,5,2,4,2,-2,3,5,-1,0,1,-2,0,2,-1,-10,0,-3,5,2,6,0,-1,-1,1,-1,-1,1,1
KR_6746486375,420,1,35,30,-5,-1,1,2,-4,2,6,4,5,1,-2,3,5,-2,0,2,0,-10,20,3,4,7,2,0,-2,-1,1,-1,-1,3,1
KR_6767615184,420,1,-2,-21,-1,3,5,2,3,3,0,-6,1,7,-1,1,2,0,2,2,0,3,-12,-1,8,7,3,0,1,-1,1,1,-1,4,1
KR_6718926310,420,6,-31,18,18,2,3,1,6,8,2,4,6,2,2,5,3,4,5,1,0,19,-12,1,5,6,10,0,1,1,1,1,-1,2,1
KR_6767945699,420,1,-31,-7,9,2,2,0,2,3,1,0,3,3,4,7,3,1,1,0,0,15,-8,3,4,7,-1,0,0,1,-1,0,1,2,1
KR_6758177037,420,0,32,-15,-1,-2,2,4,-1,1,2,0,6,6,4,7,3,-2,1,3,-1,-3,-5,-4,13,9,-1,0,-1,1,-1,-1,-1,3,1
KR_6640550693,420,3,17,7,8,2,4,2,5,5,0,1,3,2,1,2,1,-1,0,1,0,5,-82,-2,7,5,-2,0,0,1,1,1,1,6,1
KR_6767400335,440,2,-8,4,6,-1,2,3,2,4,2,4,6,2,1,6,5,0,2,2,0,21,-8,2,4,6,1,0,1,1,-1,-1,1,3,1
KR_6767481379,420,-3,13,11,-2,0,2,2,-2,0,2,0,5,5,0,2,2,0,0,0,0,-5,-11,3,3,6,3,0,0,-1,1,-1,1,6,1
KR_6730723410,420,-1,35,40,-8,3,3,0,-2,0,2,-4,0,4,-3,1,4,-2,0,2,0,-10,-18,-2,7,5,-1,0,-1,1,-1,-1,1,6,1
KR_6698803838,420,4,-49,-13,10,1,1,0,1,1,0,7,7,0,1,3,2,0,1,1,0,9,-16,4,6,10,6,0,-1,-1,1,-1,-1,6,1
KR_6744379547,420,0,19,-10,5,-2,0,2,4,5,1,-1,0,1,0,5,5,4,6,2,0,5,-38,-2,8,6,-4,0,1,0,-1,1,-1,0,1
KR_6738011883,420,2,32,8,10,1,2,1,5,7,2,-1,2,3,5,5,0,0,0,0,0,14,2,1,6,7,4,0,0,1,-1,1,1,3,1
KR_6585276015,420,0,-3,-9,0,1,2,1,-5,1,6,-4,1,5,10,13,3,-2,0,2,0,-5,-5,0,5,5,5,0,0,-1,-1,-1,-1,6,1
KR_6694994012,420,0,26,-13,5,3,4,1,2,5,3,-2,3,5,1,3,2,1,1,0,0,4,-21,-5,12,7,0,0,0,-1,1,0,1,6,1
KR_6761533492,420,0,10,12,-2,2,3,1,-1,2,3,1,3,2,-3,2,5,-1,0,1,0,-4,2,5,4,9,-5,0,1,1,-1,1,1,3,1
KR_6748655340,420,1,-25,46,-2,-1,1,2,1,4,3,6,8,2,-5,3,8,-3,0,3,-1,5,20,-2,8,6,1,0,0,-1,1,1,1,4,1
KR_6754819883,420,0,-88,1,8,1,2,1,3,8,5,-3,1,4,3,6,3,4,7,3,0,18,10,-1,9,8,-1,0,-1,1,1,-1,1,4,1
KR_6758299262,420,1,34,6,3,0,1,1,2,5,3,1,1,0,0,1,1,0,1,1,-1,4,12,0,4,4,0,0,-1,1,1,-1,-1,2,1
KR_6679667566,420,8,53,55,19,2,3,1,4,4,0,5,5,0,5,5,0,3,3,0,0,25,24,-1,6,5,0,0,2,1,-1,1,1,6,1
KR_6608321519,420,2,34,13,7,4,4,0,-3,2,5,1,2,1,4,5,1,1,1,0,0,9,6,4,3,7,-5,0,0,-1,1,0,1,6,1
KR_6672099385,440,5,98,26,10,1,4,3,9,11,2,1,1,0,0,3,3,-1,0,1,0,9,-65,-1,4,3,2,0,0,0,1,0,1,0,1
KR_6648333913,440,6,113,46,16,2,2,0,7,8,1,4,7,3,2,2,0,1,2,1,0,7,-217,7,0,7,1,0,0,1,1,1,1,4,1
KR_6655474086,420,2,-22,26,2,0,2,2,-1,4,5,0,1,1,1,2,1,2,2,0,-1,-1,275,1,7,8,-1,0,0,1,1,0,-1,4,1
KR_6704282204,420,5,89,48,14,1,3,2,5,6,1,2,4,2,6,8,2,0,2,2,0,11,-4,3,3,6,6,0,2,-1,1,1,1,6,1
KR_6730981695,420,2,24,9,5,-2,1,3,0,2,2,3,3,0,3,3,0,1,1,0,0,9,36,2,4,6,2,0,1,1,1,1,1,3,1
KR_6766078084,420,-3,-14,8,-2,1,3,2,-1,4,5,2,4,2,-1,4,5,-3,2,5,1,3,1,-1,7,6,4,0,-1,-1,-1,-1,1,4,1
KR_6753159656,440,1,43,-20,0,1,1,0,3,4,1,2,3,1,-3,1,4,-3,0,3,0,1,-9,-2,5,3,0,0,0,1,-1,0,1,2,1
KR_6593932687,420,3,19,5,7,0,2,2,7,7,0,2,3,1,-3,0,3,1,3,2,0,8,-11,-3,7,4,7,0,2,-1,1,1,-1,2,1
KR_6762964708,420,7,59,29,16,6,7,1,-3,2,5,-3,1,4,7,9,2,9,10,1,0,13,3,-3,6,3,7,0,2,-1,1,1,1,5,1
KR_6751535700,420,2,91,55,3,6,7,1,2,4,2,-4,0,4,-2,5,7,1,1,0,0,1,-15,-1,6,5,-2,0,2,1,1,1,1,4,1
KR_6739446602,420,2,28,-24,7,5,6,1,4,5,1,-1,0,1,-1,0,1,0,0,0,0,10,0,-2,5,3,-2,0,0,-1,1,-1,1,1,1
KR_6708020196,420,2,33,8,6,-3,0,3,-1,0,1,3,6,3,8,9,1,-1,0,1,0,11,-73,-3,6,3,6,0,1,1,1,1,1,3,1
KR_6752545662,420,7,84,31,12,5,6,1,3,4,1,1,1,0,5,7,2,-2,0,2,0,14,2,5,3,8,0,0,1,1,1,1,1,1,1
KR_6758568436,420,0,43,-11,5,0,3,3,-2,1,3,7,7,0,-2,0,2,2,2,0,0,0,-7,-1,5,4,1,0,1,1,1,1,1,2,1
KR_6762832511,420,0,31,41,2,2,5,3,-4,1,5,3,4,1,1,1,0,0,1,1,0,5,-23,-4,11,7,11,0,1,1,1,1,1,1,1
KR_6752842422,420,-1,25,24,4,-5,0,5,1,3,2,2,3,1,5,5,0,1,2,1,0,9,2,-1,8,7,-3,0,3,1,-1,1,-1,5,1
KR_6768002954,420,2,20,-53,8,1,2,1,1,3,2,0,0,0,4,4,0,2,2,0,0,6,-8,1,2,3,5,0,3,-1,1,1,1,3,1
KR_6654127775,420,-2,7,20,1,0,0,0,-2,4,6,-2,1,3,4,5,1,1,2,1,0,-4,-2,-3,8,5,1,0,0,1,1,1,1,1,1
KR_6691200045,420,0,40,36,-3,2,2,0,-3,1,4,-2,1,3,-3,0,3,3,4,1,0,4,85,-2,8,6,-4,0,0,1,-1,0,-1,6,1
KR_6749960092,420,3,43,5,16,7,7,0,4,6,2,2,4,2,2,4,2,1,1,0,0,17,35,5,5,10,4,0,2,1,1,1,1,1,1
KR_6630602682,420,4,-44,16,5,1,3,2,0,3,3,0,2,2,2,5,3,2,2,0,0,4,2,3,6,9,1,0,1,1,1,1,-1,2,1
KR_6713079357,420,7,57,34,12,2,3,1,3,4,1,3,4,1,4,4,0,0,0,0,0,19,-4,0,6,6,4,0,3,1,1,1,1,3,1
KR_6767636575,420,1,-19,2,3,-2,2,4,-3,1,4,3,3,0,6,6,0,-1,0,1,0,8,-85,-2,6,4,3,0,0,1,1,1,-1,3,1
KR_6593877148,420,3,30,-21,6,-2,0,2,2,5,3,5,5,0,1,5,4,0,0,0,-1,6,-1,-1,3,2,-3,0,0,-1,1,1,-1,6,1
KR_6589144711,420,1,-11,49,-5,-1,2,3,6,8,2,-4,0,4,-6,0,6,0,1,1,-1,-1,-20,-5,10,5,2,0,0,-1,-1,-1,-1,1,1
KR_6719242768,420,-2,-4,26,-5,-4,0,4,4,6,2,0,2,2,-1,4,5,-4,0,4,0,-6,-16,-5,9,4,7,0,1,-1,1,1,1,1,1
KR_6711526679,440,-3,-13,-8,-3,2,2,0,-3,1,4,-2,1,3,-2,0,2,2,2,0,0,-3,6,4,4,8,-5,0,-1,1,-1,-1,1,1,1
KR_6705755488,440,0,-50,1,-1,-7,0,7,-1,0,1,-1,3,4,7,8,1,1,1,0,0,0,0,0,5,5,2,0,-2,1,-1,-1,-1,3,1
KR_6755127479,420,4,25,32,8,3,4,1,0,1,1,-1,1,2,6,6,0,0,0,0,0,11,-5,3,4,7,2,0,0,0,0,0,1,0,1
KR_6682503276,420,2,13,-10,9,6,6,0,3,6,3,0,2,2,1,4,3,-1,0,1,0,8,-8,-1,11,10,-4,0,0,1,-1,-1,-1,6,1
KR_6715980472,420,3,1,61,7,-3,1,4,8,10,2,4,6,2,-2,1,3,0,0,0,1,10,-1,-1,6,5,-1,0,1,1,1,1,1,6,1
KR_6759334533,440,0,44,-17,6,-1,1,2,2,3,1,2,4,2,2,5,3,1,2,1,0,11,136,6,5,11,-4,0,3,0,1,1,1,0,1
KR_6701337920,420,3,61,5,5,-5,0,5,1,1,0,2,4,2,1,4,3,6,6,0,0,13,6,-3,4,1,3,0,-1,1,-1,-1,1,2,1
KR_6757296098,420,0,31,5,0,3,5,2,0,1,1,-5,2,7,3,3,0,-1,0,1,0,0,3,-1,7,6,3,0,1,-1,1,1,1,6,1
KR_6622960626,420,3,54,36,-1,0,2,2,0,5,5,2,3,1,-1,1,2,-2,3,5,0,6,4,-6,10,4,6,0,1,1,-1,1,1,4,1
KR_6753704330,420,-1,45,36,1,1,2,1,0,5,5,-1,5,6,1,2,1,0,1,1,0,2,-6,-1,6,5,3,0,1,1,1,1,1,1,1
KR_6758124439,420,5,56,8,15,3,6,3,1,2,1,3,4,1,7,7,0,1,1,0,2,22,0,3,5,8,0,0,2,1,1,1,1,6,1
KR_6576642114,420,2,14,-15,5,-3,1,4,0,4,4,5,6,1,4,6,2,-1,1,2,0,10,106,6,7,13,8,0,-1,1,-1,-1,-1,3,1
KR_6719581312,420,4,70,-15,6,1,4,3,1,2,1,-2,2,4,4,5,1,2,3,1,0,15,-3,2,4,6,0,0,0,-1,-1,1,-1,1,1
KR_6707437343,420,4,-11,35,8,0,2,2,5,5,0,-2,4,6,4,6,2,1,1,0,0,8,-16,1,7,8,1,0,2,1,1,1,-1,6,1
KR_6702623972,420,1,11,26,4,-1,0,1,6,9,3,-2,0,2,0,5,5,1,1,0,0,-2,-28,-1,7,6,4,0,1,1,0,1,-1,3,1
KR_6663750206,420,8,95,24,10,-2,0,2,7,8,1,4,4,0,1,2,1,0,0,0,0,17,4,2,4,6,-2,0,1,1,1,1,1,4,1
KR_6683950204,420,4,83,26,9,2,4,2,3,4,1,2,4,2,-2,3,5,4,5,1,0,11,3,8,4,12,5,0,1,1,1,1,-1,3,1
KR_6628337131,420,1,-42,6,9,-3,1,4,2,4,2,1,2,1,6,7,1,3,4,1,1,8,-7,-1,7,6,4,0,1,1,1,1,-1,3,1
KR_6756332846,420,1,-19,-15,9,6,6,0,1,1,0,-3,1,4,-4,1,5,9,11,2,0,9,-3,2,5,7,1,0,0,-1,1,-1,1,6,1
KR_6756164530,420,4,42,-10,0,0,2,2,-3,1,4,3,4,1,2,4,2,-2,2,4,0,-1,0,-4,7,3,2,0,-1,1,-1,-1,1,6,1
KR_6618106094,420,-2,34,-10,-1,-1,0,1,0,4,4,-1,3,4,2,3,1,-1,0,1,0,1,4,2,4,6,3,0,0,-1,1,0,1,3,1
KR_6703655511,420,1,44,-23,5,3,3,0,-4,2,6,3,4,1,0,4,4,3,3,0,0,-1,-6,-3,8,5,9,0,0,1,-1,0,1,4,1
KR_6625673338,420,2,56,-3,6,1,2,1,4,5,1,-1,1,2,2,3,1,0,3,3,0,10,6,2,6,8,0,0,0,-1,1,0,1,2,1
KR_6764878517,440,0,-4,-8,0,1,2,1,-2,1,3,3,4,1,-2,1,3,0,0,0,0,4,-10,-1,7,6,2,0,-1,-1,-1,-1,-1,2,1
KR_6767146990,420,4,40,-1,6,0,5,5,2,3,1,-3,1,4,4,6,2,3,3,0,0,13,4,-5,9,4,7,0,1,1,1,1,-1,1,1
KR_6675828029,420,3,41,12,3,2,3,1,-2,1,3,1,3,2,-1,1,2,3,3,0,0,-1,10,4,4,8,3,0,1,1,-1,1,1,1,1
KR_6767331063,420,3,-12,19,8,-3,1,4,3,3,0,4,4,0,1,3,2,3,3,0,1,11,0,0,5,5,-3,0,0,1,-1,-1,1,1,1
KR_6760345909,420,5,106,27,10,-4,0,4,0,2,2,6,8,2,8,8,0,0,0,0,0,14,6,9,4,13,1,0,-1,1,-1,1,1,1,1
KR_6692385347,420,4,26,53,10,3,3,0,5,9,4,1,6,5,1,3,2,0,0,0,4,13,-2,0,7,7,2,0,2,1,1,1,1,5,1
KR_6749751225,420,0,27,-1,4,2,4,2,2,5,3,-1,3,4,1,5,4,0,1,1,0,-5,-1,-1,5,4,3,0,1,1,1,1,1,1,1
KR_6710319154,420,-1,33,-18,8,4,5,1,3,4,1,-3,1,4,4,4,0,0,1,1,1,11,10,9,1,10,-1,0,0,-1,1,1,1,2,1
KR_6695440041,420,2,-9,-7,6,-2,1,3,3,3,0,2,3,1,2,2,0,1,1,0,0,10,-186,-1,8,7,4,0,1,1,1,1,1,4,1
KR_6753544895,420,1,-7,9,1,1,4,3,-3,2,5,0,3,3,5,6,1,-2,1,3,0,5,-7,-5,11,6,5,0,-1,1,-1,-1,1,2,1
KR_6766122013,420,2,123,31,5,0,0,0,-1,1,2,-1,0,1,7,7,0,0,1,1,0,1,-6,-5,9,4,7,0,4,1,1,1,1,2,1
KR_6765333089,420,3,18,-4,7,0,0,0,2,5,3,2,3,1,0,1,1,3,4,1,0,6,-37,3,2,5,1,0,1,1,1,1,1,2,1
KR_6686004407,440,-1,-41,-6,-3,2,2,0,1,2,1,2,3,1,-5,0,5,-3,1,4,0,-10,6,3,3,6,-2,0,1,-1,1,1,1,3,1
KR_6658897629,420,5,3,-6,11,-2,2,4,4,5,1,0,1,1,3,3,0,6,6,0,0,8,-29,4,3,7,0,0,-1,1,-1,1,-1,3,1
KR_6625246634,420,3,39,-22,5,9,9,0,-1,6,7,1,4,3,-1,4,5,-3,1,4,1,-3,-34,-1,8,7,2,0,-1,-1,-1,-1,1,5,1
KR_6742901398,420,3,3,26,4,0,3,3,3,4,1,1,3,2,-1,0,1,1,1,0,0,2,-4,0,6,6,1,0,1,1,1,1,-1,4,1
KR_6697630073,420,4,67,-7,6,0,3,3,2,3,1,1,3,2,2,2,0,1,1,0,0,10,0,-1,8,7,5,0,2,1,1,1,-1,3,1
KR_6664250608,420,-1,0,-15,0,0,2,2,3,4,1,-3,3,6,1,2,1,-1,2,3,1,-1,10,2,10,12,2,0,-1,-1,1,-1,-1,3,1
KR_6738869982,420,-3,-45,0,-2,0,2,2,2,6,4,4,4,0,-10,0,10,2,3,1,0,-1,20,-5,9,4,-3,0,-1,1,1,-1,1,5,1
KR_6727629223,420,0,22,-3,-3,3,3,0,-3,3,6,1,3,2,-1,1,2,-3,0,3,0,-8,0,3,7,10,2,0,0,-1,1,0,-1,5,1
KR_6764893653,420,3,-5,11,8,1,4,3,1,3,2,6,6,0,-1,3,4,1,1,0,0,11,-5,-1,5,4,10,0,0,1,1,-1,-1,2,1
KR_6749146556,420,0,-18,-31,5,-1,2,3,-1,0,1,5,8,3,1,4,3,1,1,0,-1,4,109,-1,9,8,5,0,1,1,1,1,-1,5,1
KR_6767987292,420,2,18,13,4,5,7,2,1,2,1,-1,2,3,-3,1,4,2,2,0,1,0,124,5,3,8,-1,0,2,0,1,1,1,0,1
KR_6685693424,420,2,31,-10,0,1,1,0,2,3,1,0,1,1,-3,0,3,0,1,1,0,-5,-1,10,3,13,-7,0,0,-1,1,0,1,1,1
KR_6737150630,440,2,12,3,3,-1,1,2,-1,2,3,0,1,1,1,2,1,4,4,0,0,4,6,1,5,6,-5,0,1,-1,1,1,-1,2,1
KR_6741701352,420,1,38,34,0,0,3,3,0,1,1,-1,0,1,0,3,3,1,1,0,0,-1,-11,-3,8,5,6,0,0,1,-1,0,-1,2,1
KR_6752012110,420,1,-6,-9,7,2,3,1,0,3,3,3,3,0,-1,5,6,3,3,0,2,17,2,-2,10,8,0,0,0,-1,1,0,1,6,1
KR_6735303970,420,1,48,13,0,2,5,3,2,4,2,-1,3,4,-2,2,4,-1,1,2,0,4,16,3,5,8,-6,0,1,1,1,1,-1,1,1
KR_6762962094,440,0,-45,8,7,2,5,3,3,3,0,1,2,1,2,2,0,-1,0,1,0,7,-3,0,8,8,2,0,0,1,1,1,1,5,1
KR_6763980716,420,5,36,49,5,3,5,2,0,4,4,4,6,2,-2,3,5,0,0,0,0,6,33,5,3,8,-3,0,1,-1,1,1,1,1,1
KR_6765919025,420,4,54,4,10,3,5,2,3,4,1,3,4,1,5,6,1,-4,0,4,1,6,13,1,7,8,7,0,2,0,1,1,1,0,1
KR_6766731585,420,2,7,-21,6,4,5,1,1,3,2,0,2,2,0,4,4,1,1,0,0,4,25,-3,10,7,-15,0,1,1,1,1,-1,6,1
KR_6614092007,420,1,76,5,7,2,4,2,-3,3,6,3,3,0,5,10,5,0,0,0,0,1,-52,-2,8,6,-20,0,0,1,-1,-1,1,6,1
KR_6735117932,420,5,59,27,12,2,2,0,5,6,1,2,2,0,2,5,3,1,4,3,0,9,7,4,1,5,-2,0,1,1,1,1,1,6,1
KR_6764256578,440,-3,-13,2,-5,-2,0,2,1,1,0,-1,1,2,-2,2,4,-1,1,2,0,-7,-3,-5,8,3,-2,0,0,1,-1,0,-1,4,1
KR_6730531090,420,-1,4,9,3,-1,0,1,0,2,2,0,0,0,3,5,2,1,2,1,0,8,8,-5,8,3,-1,0,0,1,-1,0,-1,6,1
KR_6718540120,440,-1,-74,8,2,-1,0,1,-1,0,1,0,2,2,0,4,4,4,4,0,0,13,-43,-4,6,2,24,0,-1,-1,1,-1,-1,2,1
KR_6763732174,440,1,57,12,-6,-1,3,4,0,5,5,-2,1,3,-2,3,5,-1,1,2,0,3,2,2,1,3,3,0,2,1,1,1,-1,4,1
KR_6701040524,420,-1,-34,3,-1,-1,1,2,-3,3,6,-2,1,3,5,7,2,0,0,0,0,0,-4,0,7,7,-1,0,0,-1,1,0,-1,6,1
KR_6699909280,420,2,25,25,7,2,5,3,3,5,2,2,5,3,2,4,2,-2,0,2,-1,3,17,2,5,7,-6,0,2,1,1,1,-1,2,1
KR_6673771681,420,1,-26,4,-1,-2,1,3,-3,3,6,1,3,2,4,4,0,-1,2,3,0,5,-17,-2,8,6,9,0,0,-1,-1,1,1,4,1
KR_6737325540,420,0,-39,16,-2,-2,1,3,1,1,0,5,6,1,-6,0,6,0,1,1,0,-1,-5,-1,7,6,-1,0,0,-1,0,0,-1,3,1
KR_6644554798,420,1,-5,18,4,1,2,1,0,6,6,0,1,1,1,7,6,2,2,0,0,16,8,8,4,12,-1,0,0,-1,1,1,1,5,1
KR_6766739527,420,5,52,7,10,1,3,2,-1,3,4,1,2,1,4,6,2,5,5,0,0,10,-7,-1,4,3,0,0,1,1,1,1,1,1,1
KR_6601489932,420,5,29,0,9,2,3,1,3,5,2,7,7,0,-3,1,4,0,0,0,0,9,-2,3,6,9,0,0,0,-1,-1,1,1,1,1
KR_6767631405,420,-1,-44,28,-6,-4,1,5,2,2,0,-2,0,2,-3,0,3,1,2,1,0,-5,82,1,7,8,-26,0,-1,-1,1,-1,-1,1,1
KR_6713389859,420,0,13,-4,0,1,3,2,0,2,2,1,4,3,-3,0,3,1,4,3,1,-2,-235,-2,6,4,4,0,1,1,1,1,1,2,1
KR_6765328430,420,1,20,-12,0,-1,1,2,7,8,1,-1,3,4,-4,1,5,-1,0,1,0,4,10,3,2,5,0,0,0,1,-1,0,-1,4,1
KR_6749878552,420,2,-26,43,5,1,2,1,0,3,3,2,2,0,3,3,0,-1,0,1,0,11,3,-2,4,2,0,0,0,1,1,1,1,1,1
KR_6664816608,420,2,6,-4,6,-1,0,1,10,11,1,2,6,4,-3,2,5,-2,1,3,0,3,-330,4,7,11,-3,0,3,0,1,1,-1,0,1
KR_6736682633,420,-4,-8,-9,-11,-2,0,2,0,2,2,-5,0,5,-2,5,7,-2,1,3,0,-17,-10,-5,8,3,1,0,-1,-1,-1,-1,-1,6,1
KR_6738147418,440,-1,-22,-8,0,2,3,1,2,2,0,-2,0,2,-3,0,3,1,1,0,0,4,-1,0,6,6,2,0,1,1,1,1,-1,3,1
KR_6702097434,420,0,-45,16,0,1,3,2,0,3,3,5,7,2,-6,0,6,0,1,1,1,-1,0,3,7,10,0,0,1,1,1,1,1,5,1
KR_6752316385,420,-2,-39,-28,2,-4,1,5,4,6,2,2,4,2,2,5,3,-2,0,2,0,-2,-5,1,4,5,3,0,1,1,1,1,-1,3,1
KR_6740162296,420,0,39,4,-3,-2,2,4,3,4,1,-2,0,2,-2,2,4,0,0,0,0,-7,6,1,3,4,-2,0,0,1,1,1,1,5,1
KR_6757843280,420,2,82,6,6,1,2,1,-1,0,1,4,6,2,2,2,0,0,0,0,0,1,0,-3,8,5,0,0,2,-1,1,1,1,3,1
KR_6760203158,420,-1,-13,16,-3,1,2,1,-3,2,5,0,1,1,0,2,2,-1,0,1,0,-7,0,-4,8,4,-1,0,1,1,-1,-1,1,3,1
KR_6762821990,420,-3,11,-10,-2,4,7,3,-6,0,6,0,2,2,-1,0,1,1,2,1,1,-14,-2,-1,5,4,-1,0,0,1,1,1,1,3,1
KR_6742364048,420,1,7,-1,5,0,3,3,-2,3,5,2,3,1,7,8,1,-2,0,2,1,15,0,1,5,6,-4,0,0,1,0,1,1,6,1
KR_6755307058,420,-1,27,4,3,-2,0,2,5,6,1,5,5,0,-1,2,3,-4,0,4,0,-2,-28,3,2,5,5,0,1,1,1,1,-1,6,1
KR_6768088646,420,1,-6,20,0,2,4,2,1,4,3,-1,1,2,-2,2,4,0,1,1,0,-4,17,-2,10,8,0,0,0,1,1,0,1,5,1
KR_6663273623,420,3,-15,29,3,1,3,2,1,1,0,3,3,0,-2,3,5,0,1,1,0,7,15,1,5,6,0,0,0,1,1,-1,-1,5,1
KR_6765899503,420,2,-26,-1,6,0,4,4,2,2,0,5,5,0,1,4,3,-2,3,5,-1,-2,22,-1,7,6,-4,0,1,-1,1,1,-1,2,1
KR_6694276367,420,5,113,-3,8,3,5,2,2,3,1,-2,3,5,1,2,1,4,4,0,0,10,9,2,6,8,1,0,1,1,1,1,1,2,1
KR_6708145535,420,1,-52,15,13,9,10,1,4,4,0,1,4,3,-3,1,4,2,2,0,0,14,-12,1,8,9,3,0,0,-1,1,1,-1,1,1
KR_6727693902,420,4,50,16,4,0,2,2,-2,0,2,1,2,1,-1,2,3,6,6,0,0,7,-1,5,4,9,1,0,0,1,1,0,-1,6,1
KR_6704844975,420,1,28,-13,-3,-2,2,4,2,6,4,0,1,1,0,4,4,-3,0,3,-1,-1,-21,8,6,14,-5,0,2,1,-1,1,-1,2,1
KR_6765895823,420,2,35,23,-3,-1,1,2,2,5,3,0,1,1,0,3,3,-4,0,4,0,-5,-21,1,3,4,-5,0,1,-1,1,1,1,2,1
KR_6699599986,420,2,-13,9,-2,1,2,1,-2,2,4,-2,2,4,0,1,1,1,2,1,0,0,2,-3,9,6,1,0,0,1,-1,0,-1,5,1
KR_6763970906,420,-4,-37,-36,1,2,4,2,3,5,2,-2,0,2,-1,3,4,-1,0,1,0,7,-42,7,1,8,15,0,-1,-1,1,-1,1,3,1
KR_6667526197,440,-2,-38,8,2,-3,0,3,0,3,3,5,5,0,3,6,3,-3,1,4,-1,3,40,1,4,5,-16,0,1,1,1,1,-1,1,1
KR_6760113494,420,-2,-17,-6,1,3,3,0,3,4,1,-3,1,4,-2,1,3,0,1,1,0,-1,-31,2,7,9,0,0,1,-1,1,1,1,2,1
KR_6656782297,420,0,-10,29,-3,5,7,2,-3,0,3,-4,6,10,-2,0,2,1,2,1,0,-13,-2,-6,6,0,-1,0,2,-1,1,1,-1,3,1
KR_6737917142,420,4,66,-3,-1,-2,0,2,-1,1,2,6,7,1,-3,0,3,-1,1,2,0,0,-5,-2,8,6,9,0,1,1,-1,1,-1,1,1
KR_6759703450,420,1,-9,20,2,-4,0,4,1,4,3,3,4,1,0,3,3,2,2,0,2,12,89,-1,2,1,3,0,1,0,1,1,1,0,1
KR_6762825800,420,1,10,-2,7,1,3,2,1,1,0,1,6,5,3,5,2,1,3,2,0,11,0,-4,6,2,4,0,1,1,1,1,-1,2,1
KR_6765783613,440,4,9,9,8,-3,0,3,2,4,2,0,0,0,5,5,0,4,4,0,0,10,3,1,5,6,-2,0,1,1,1,1,1,2,1
KR_6680133349,420,4,21,0,2,4,5,1,-2,5,7,2,3,1,-2,1,3,0,0,0,1,-1,35,2,3,5,1,0,0,1,1,1,1,5,1
KR_6763383815,420,0,26,4,-5,0,3,3,1,3,2,1,2,1,-4,1,5,-3,0,3,-1,-4,3,3,4,7,2,0,-1,1,-1,-1,-1,2,1
KR_6667445647,420,4,10,24,15,2,3,1,5,6,1,1,1,0,5,6,1,2,2,0,0,26,1,-1,6,5,1,0,2,1,1,1,1,4,1
KR_6762454417,420,0,17,-28,4,5,5,0,0,1,1,-2,1,3,1,3,2,0,0,0,0,3,4,3,4,7,3,0,1,1,1,1,-1,3,1
KR_6764578621,420,-1,-15,-18,2,4,5,1,-6,1,7,4,6,2,2,3,1,-2,1,3,0,3,20,1,6,7,-1,0,1,1,0,1,1,2,1
KR_6684848446,440,3,25,16,14,1,2,1,11,11,0,0,2,2,1,3,2,1,2,1,2,25,-1,-1,6,5,3,0,0,1,1,0,1,3,1
KR_6633151014,420,0,45,-12,6,3,4,1,6,7,1,0,1,1,-3,4,7,0,1,1,0,3,23,-1,5,4,0,0,2,1,1,1,1,6,1
KR_6673419076,420,1,1,-13,6,1,1,0,0,4,4,0,5,5,3,5,2,2,2,0,0,16,-9,-2,11,9,-3,0,1,1,-1,1,1,4,1
KR_6713290064,420,1,-15,-10,7,4,4,0,4,5,1,1,1,0,0,0,0,-2,0,2,0,1,-1,0,4,4,6,0,1,1,1,1,1,4,1
KR_6758608233,420,5,78,-26,10,3,3,0,4,4,0,-1,0,1,3,8,5,1,1,0,0,10,2,0,6,6,4,0,0,-1,-1,1,1,5,1
KR_6747203173,440,1,25,8,3,0,2,2,1,2,1,0,0,0,2,5,3,0,0,0,0,3,-37,-4,7,3,41,0,0,-1,1,0,-1,4,1
KR_6752622028,420,3,42,17,6,3,4,1,0,2,2,0,2,2,2,2,0,1,2,1,0,4,247,3,2,5,2,0,1,-1,1,1,1,6,1
KR_6730410431,420,2,63,4,6,4,4,0,1,5,4,1,3,2,2,3,1,-2,1,3,-1,0,-61,-2,5,3,3,0,1,1,1,1,-1,6,1
KR_6732297550,420,0,51,-8,-1,-1,1,2,1,5,4,-3,1,4,-1,1,2,3,3,0,0,1,1,2,3,5,-1,0,-1,-1,-1,-1,1,5,1
KR_6765801161,440,2,-29,19,1,-4,1,5,0,2,2,3,4,1,2,5,3,0,1,1,0,1,-11,0,8,8,1,0,-1,1,-1,-1,1,5,1
KR_6696251114,420,0,-3,28,-8,-5,1,6,-8,1,9,2,3,1,4,4,0,-1,0,1,-1,-3,8,1,6,7,-1,0,0,1,1,-1,-1,2,1
KR_6746010788,420,5,39,0,16,8,8,0,3,4,1,3,3,0,1,3,2,1,2,1,0,13,-4,-2,6,4,7,0,1,1,1,1,1,5,1
KR_6767622379,420,3,60,17,4,1,1,0,0,4,4,1,2,1,3,3,0,-1,0,1,0,2,27,-2,7,5,-3,0,-1,-1,-1,-1,-1,4,1
KR_6692382365,420,-3,9,22,-7,-1,1,2,4,5,1,-4,1,5,-4,1,5,-2,0,2,0,-5,-128,-2,8,6,-1,0,0,-1,1,0,-1,4,1
KR_6720292276,420,5,75,9,13,0,2,2,4,4,0,6,6,0,2,5,3,1,2,1,1,20,-27,3,3,6,2,0,2,1,-1,1,1,2,1
KR_6697258047,420,3,28,40,8,3,5,2,4,8,4,3,3,0,-2,1,3,0,1,1,1,6,-22,5,6,11,-4,0,-1,1,1,-1,1,6,1
KR_6707871315,420,-1,-3,-46,3,6,7,1,-2,1,3,-1,2,3,1,4,3,-1,1,2,0,2,282,6,4,10,-2,0,0,-1,1,0,1,5,1
KR_6711757473,420,-1,-70,-10,4,-1,2,3,1,1,0,4,6,2,-2,1,3,2,4,2,0,11,6,-1,5,4,-2,0,0,-1,1,-1,-1,6,1
KR_6700096781,420,6,-28,28,11,4,4,0,1,4,3,4,5,1,2,5,3,0,3,3,0,16,-24,0,7,7,1,0,2,-1,1,1,1,5,1
KR_6739160869,420,2,23,-5,3,6,7,1,1,3,2,-6,4,10,2,3,1,0,2,2,-1,-1,9,0,5,5,-4,0,1,1,-1,1,-1,4,1
KR_6690332373,420,-2,-23,1,0,-1,1,2,-3,2,5,0,0,0,1,3,2,3,4,1,-1,5,-107,-3,7,4,3,0,0,-1,1,0,-1,2,1
KR_6714841174,420,7,133,36,25,5,5,0,11,11,0,4,6,2,6,6,0,-1,0,1,1,33,32,4,3,7,-3,2,8,-1,1,1,1,2,1
KR_6718480315,440,0,41,24,-3,2,2,0,-1,3,4,2,4,2,-2,4,6,-4,0,4,0,-3,-38,0,7,7,0,0,0,1,1,0,1,3,1
KR_6732522907,420,3,72,0,12,1,5,4,3,5,2,-1,3,4,7,7,0,2,3,1,0,9,6,7,3,10,-1,0,3,1,1,1,1,5,1
KR_6767469985,420,1,-40,4,7,3,5,2,0,1,1,-2,0,2,2,3,1,4,6,2,0,5,-8,-2,5,3,2,0,1,-1,1,1,1,6,1
KR_6688342367,420,3,61,6,14,6,6,0,3,4,1,1,4,3,2,3,1,2,4,2,0,11,29,3,3,6,0,0,1,-1,-1,1,1,3,1
KR_6696982617,420,0,1,1,3,-3,1,4,-2,4,6,3,3,0,4,4,0,1,1,0,0,0,7,2,4,6,-2,0,0,-1,1,0,-1,6,1
KR_6723659129,420,3,68,36,6,-1,0,1,8,8,0,-3,3,6,3,3,0,-1,1,2,0,13,-22,-1,9,8,-3,0,1,-1,1,1,1,3,1
KR_6688519626,420,-2,-36,0,2,-4,0,4,-2,4,6,3,3,0,5,5,0,0,0,0,0,11,-5,2,4,6,-1,0,0,1,1,0,-1,4,1
KR_6661821978,440,4,47,13,3,0,1,1,-1,1,2,5,7,2,-4,1,5,3,4,1,0,10,-39,0,5,5,2,0,2,1,1,1,-1,5,1
KR_6768046585,420,1,-7,35,2,0,1,1,2,3,1,3,5,2,-1,3,4,-2,2,4,0,9,12,2,5,7,4,0,1,-1,1,1,-1,5,1
KR_6763718913,420,8,84,26,13,3,5,2,2,4,2,5,6,1,3,4,1,0,0,0,0,14,11,6,2,8,1,0,4,1,1,1,-1,5,1
KR_6669525118,420,1,-40,36,3,3,4,1,8,9,1,0,5,5,-6,1,7,-2,0,2,0,0,2,3,4,7,2,0,1,1,1,1,-1,3,1
KR_6685826822,420,3,-30,24,3,-1,1,2,3,6,3,1,2,1,0,3,3,0,1,1,1,-1,-5,0,3,3,2,0,-1,-1,-1,1,1,1,1
KR_6766404981,420,-1,-45,15,-1,-1,0,1,3,3,0,-1,5,6,-2,2,4,0,1,1,0,-11,22,-3,8,5,1,0,0,1,1,0,-1,5,1
KR_6716905926,420,-1,47,9,-5,-4,1,5,0,1,1,3,4,1,-3,1,4,-1,1,2,0,-1,-28,1,4,5,-2,0,0,1,1,1,-1,6,1
KR_6757835042,420,-4,-55,-32,-7,1,4,3,-1,1,2,-1,4,5,-4,1,5,-2,0,2,0,-6,5,1,3,4,-2,0,-1,-1,-1,-1,1,3,1
KR_6761998179,440,1,-4,28,3,4,5,1,-1,1,2,-4,1,5,6,6,0,-2,0,2,0,7,43,4,5,9,-4,0,1,1,1,1,-1,3,1
KR_6680764226,420,10,197,43,10,3,3,0,3,3,0,0,0,0,3,5,2,1,1,0,0,15,10,3,2,5,1,1,5,1,1,1,-1,6,1
KR_6761506332,420,2,7,28,2,1,1,0,4,6,2,-4,0,4,-1,5,6,2,3,1,0,1,-9,2,4,6,-1,0,0,1,1,0,1,2,1
KR_6735387633,420,3,-11,5,7,2,2,0,1,7,6,6,8,2,-3,1,4,1,2,1,1,14,-7,0,8,8,5,0,1,-1,-1,1,1,1,1
KR_6661727433,440,0,33,24,8,-6,0,6,6,6,0,2,6,4,-1,1,2,7,7,0,-1,1,6,0,7,7,-1,0,0,1,-1,1,-1,1,1
KR_6619920426,420,4,9,24,7,7,7,0,-4,1,5,2,3,1,2,4,2,0,0,0,1,6,1,1,10,11,6,0,-1,1,-1,-1,1,1,1
KR_6676442394,420,3,3,0,9,2,2,0,6,8,2,0,2,2,1,5,4,0,1,1,0,18,10,4,4,8,-2,0,2,-1,1,1,-1,3,1
KR_6754588122,420,2,-16,48,9,0,2,2,5,8,3,5,5,0,-1,3,4,0,1,1,0,9,26,4,2,6,-2,0,0,1,1,1,-1,6,1
KR_6757293917,420,-1,11,-35,4,-3,2,5,2,2,0,0,2,2,4,6,2,1,2,1,1,5,-25,-1,7,6,1,0,0,-1,1,0,1,6,1
KR_6679822033,420,0,-9,-22,3,-4,3,7,5,5,0,2,3,1,6,6,0,-6,0,6,0,11,18,6,3,9,-3,0,1,1,-1,1,1,5,1
KR_6697782544,420,3,71,19,3,-2,0,2,3,6,3,4,4,0,-2,3,5,0,0,0,1,7,0,0,7,7,6,0,0,1,-1,0,1,2,1
KR_6709959811,420,0,-9,13,0,4,4,0,-4,3,7,-2,0,2,2,2,0,0,0,0,0,1,0,5,6,11,2,0,0,-1,-1,-1,-1,5,1
KR_6621586653,420,1,23,5,1,-1,0,1,-5,0,5,0,3,3,5,8,3,2,4,2,1,14,17,2,5,7,0,0,1,-1,1,1,1,5,1
KR_6766122099,440,0,-3,-4,6,-1,1,2,2,3,1,-3,0,3,8,9,1,0,1,1,0,7,5,3,7,10,-2,0,1,1,0,1,1,2,1
KR_6697265697,420,0,-40,11,-3,-1,0,1,-2,3,5,1,2,1,0,5,5,-1,0,1,-1,-2,14,-3,7,4,8,0,1,-1,1,1,-1,4,1
KR_6758724463,420,4,115,-11,9,0,2,2,2,4,2,-2,3,5,8,8,0,1,1,0,0,7,4,3,4,7,0,0,2,-1,1,1,1,6,1
KR_6731007336,420,2,40,-7,13,0,2,2,5,5,0,2,3,1,3,5,2,3,3,0,0,16,1,6,5,11,-1,0,1,1,-1,1,1,1,1
KR_6680805797,420,3,40,-20,5,2,2,0,-3,2,5,0,2,2,3,3,0,3,4,1,0,7,3,2,6,8,8,0,0,1,1,1,-1,3,1
KR_6705923447,420,-3,-12,52,-7,1,2,1,-4,1,5,-2,2,4,1,3,2,-3,0,3,0,-11,-46,0,7,7,-1,0,0,1,1,0,-1,5,1
KR_6694476179,440,1,9,-8,6,3,3,0,1,4,3,-2,2,4,1,2,1,3,4,1,-1,3,11,1,4,5,-5,0,1,1,0,1,-1,6,1
KR_6762561141,420,-1,-12,-4,0,-1,3,4,1,1,0,-2,1,3,1,1,0,1,1,0,0,4,4,-6,8,2,-4,0,1,1,1,1,-1,5,1
KR_6757168635,420,2,12,0,4,0,3,3,-1,1,2,3,5,2,5,5,0,-3,0,3,0,0,-12,-1,5,4,3,0,0,1,-1,1,1,2,1
KR_6695473773,440,-1,-25,-36,0,-1,4,5,0,1,1,0,2,2,0,2,2,1,2,1,1,1,2,1,4,5,1,0,-1,1,-1,-1,1,6,1
KR_6760119981,420,3,54,8,9,5,5,0,-1,4,5,4,5,1,2,2,0,-1,1,2,0,6,-24,0,8,8,10,0,1,0,1,1,1,0,1
KR_6740843591,420,-1,27,22,4,-1,2,3,5,5,0,-2,0,2,1,3,2,1,2,1,0,9,2,2,4,6,3,0,0,1,1,0,1,1,1
KR_6766764161,420,0,-25,7,4,-3,1,4,7,7,0,1,3,2,-2,1,3,1,1,0,0,8,2,5,7,12,-11,0,1,-1,1,1,1,6,1
KR_6695204044,420,1,66,-4,11,4,5,1,2,3,1,5,6,1,1,2,1,-1,0,1,1,13,23,-3,10,7,5,0,2,1,1,1,1,4,1
KR_6767235162,420,2,45,1,4,5,8,3,-1,1,2,-1,1,2,1,2,1,0,0,0,2,4,145,3,5,8,0,0,1,1,-1,1,1,5,1
KR_6641135226,420,5,86,4,6,-1,1,2,-1,3,4,3,4,1,5,6,1,0,1,1,0,12,4,2,10,12,2,0,1,-1,-1,1,-1,3,1
KR_6766796323,420,3,55,12,12,2,4,2,5,5,0,1,5,4,1,1,0,3,3,0,1,14,-11,-3,8,5,4,0,1,-1,1,1,1,4,1
KR_6766008097,420,2,-14,-12,11,4,5,1,0,3,3,2,3,1,4,5,1,1,2,1,0,14,-353,-1,7,6,0,0,0,-1,-1,-1,-1,4,1
KR_6698336814,420,4,4,27,7,-1,2,3,8,10,2,1,4,3,1,5,4,-2,0,2,1,21,6,3,6,9,1,0,0,1,1,1,1,6,1
KR_6687682293,420,6,30,46,15,3,4,1,9,9,0,-1,1,2,3,4,1,1,2,1,0,12,37,2,4,6,-1,0,1,0,1,1,1,0,1
KR_6731388120,420,-4,-102,-10,-10,-3,1,4,-6,0,6,-1,2,3,5,8,3,-5,2,7,0,-5,0,-1,7,6,1,0,-2,1,-1,-1,1,5,1
KR_6621786811,420,-3,-33,-9,-5,-1,2,3,0,4,4,-2,3,5,-2,1,3,0,0,0,0,5,8,5,7,12,-5,0,-2,1,-1,-1,1,3,1
KR_6728744038,420,3,-4,21,7,7,7,0,-1,1,2,2,6,4,-2,2,4,1,1,0,0,3,1,5,3,8,-5,0,-1,1,-1,-1,1,6,1
KR_6767069509,420,1,18,25,7,4,4,0,3,4,1,2,4,2,-3,5,8,1,2,1,0,10,9,-2,8,6,2,0,2,1,1,1,1,1,1
KR_6736625964,420,4,35,16,5,1,1,0,0,3,3,2,3,1,1,4,3,1,1,0,0,1,-93,1,8,9,-1,0,1,1,1,1,1,1,1
KR_6767522059,420,1,-4,19,0,-1,1,2,2,5,3,1,2,1,-1,2,3,-1,0,1,0,-3,-7,-1,5,4,6,0,0,1,-1,0,1,1,1
KR_6638481730,420,1,-48,15,5,-1,0,1,5,5,0,0,0,0,1,1,0,0,0,0,0,8,11,2,3,5,-3,0,0,1,1,0,1,2,1
KR_6663597243,420,2,86,-7,11,-1,2,3,-4,0,4,2,3,1,12,12,0,2,2,0,-1,18,38,3,2,5,-1,0,2,-1,-1,1,-1,1,1
KR_6754606651,420,2,-33,-11,8,-3,0,3,1,1,0,1,2,1,8,8,0,1,1,0,0,12,-7,0,5,5,0,0,0,1,-1,-1,1,4,1
KR_6761685804,440,2,53,-22,8,2,3,1,4,8,4,-4,2,6,5,6,1,1,1,0,0,8,1,1,7,8,1,0,2,-1,1,1,1,3,1
KR_6717059152,420,5,29,14,11,4,4,0,1,4,3,2,5,3,4,8,4,0,0,0,0,9,9,1,6,7,1,0,0,1,-1,0,1,3,1
KR_6746716860,420,-1,28,-1,3,-3,3,6,-2,1,3,0,0,0,6,7,1,2,2,0,0,3,-4,-1,8,7,3,0,-1,1,-1,-1,1,1,1
KR_6689139604,420,3,78,-23,8,1,2,1,3,4,1,2,4,2,1,2,1,1,1,0,-1,6,12,4,4,8,1,0,0,-1,1,1,-1,4,1
KR_6681887521,420,1,22,21,2,-1,0,1,-1,1,2,4,5,1,-2,0,2,2,2,0,0,4,-1,0,6,6,8,0,0,1,-1,0,1,2,1
KR_6762936692,420,-1,-47,7,1,1,3,2,0,2,2,1,5,4,-2,1,3,1,2,1,0,-4,-51,-5,9,4,-1,0,-1,1,1,-1,1,5,1
KR_6712487074,420,2,45,11,4,4,4,0,3,5,2,1,4,3,1,2,1,-5,1,6,0,-1,-16,5,5,10,2,0,1,-1,1,1,-1,5,1
KR_6750291638,420,6,47,-8,15,8,9,1,1,4,3,3,5,2,2,5,3,1,1,0,3,20,8,6,3,9,1,0,2,1,1,1,1,5,1
KR_6768073671,420,-1,11,-33,5,1,3,2,1,2,1,-2,1,3,4,5,1,1,1,0,1,9,-7,-2,4,2,0,0,0,0,-1,-1,1,0,1
KR_6727167480,420,2,43,12,13,4,4,0,6,6,0,3,4,1,1,3,2,-1,1,2,1,11,15,-1,4,3,-2,0,0,-1,1,0,1,1,1
KR_6728998756,420,-1,33,27,0,2,5,3,-5,1,6,2,4,2,3,3,0,-2,0,2,1,6,10,4,3,7,0,0,0,1,-1,0,1,1,1
KR_6761510198,440,3,-3,27,6,-1,1,2,6,7,1,0,3,3,1,5,4,0,2,2,0,-3,57,3,1,4,-16,0,1,-1,-1,1,-1,5,1
KR_6664481944,420,5,20,1,12,1,1,0,4,4,0,4,4,0,1,2,1,2,2,0,0,15,-12,1,6,7,-1,0,1,-1,1,1,1,6,1
KR_6759608585,420,1,20,-20,4,2,3,1,5,6,1,0,2,2,-3,0,3,0,0,0,0,-1,114,5,4,9,0,0,1,-1,1,1,1,5,1
KR_6674969533,420,5,66,38,11,3,3,0,4,6,2,3,4,1,0,3,3,1,1,0,0,-2,0,-2,7,5,4,0,0,1,1,0,1,4,1
KR_6725074087,440,-4,-36,8,-10,4,5,1,-6,3,9,4,6,2,-12,2,14,0,1,1,-1,-24,-2,1,4,5,0,0,-1,-1,0,1,-1,6,1
KR_6724998475,420,0,50,8,0,1,2,1,0,3,3,-3,1,4,1,3,2,1,2,1,1,-3,-18,-2,5,3,3,0,0,-1,1,0,1,6,1
KR_6693518111,420,2,-12,11,11,2,5,3,0,5,5,3,4,1,5,7,2,1,1,0,2,19,-2,-1,8,7,0,0,1,1,1,1,1,1,1
KR_6762809972,420,-3,21,17,-9,-2,0,2,-2,1,3,-6,3,9,-2,0,2,3,3,0,0,-10,-2,1,2,3,5,0,1,-1,1,1,-1,1,1
KR_6723367847,420,0,-9,49,-1,1,1,0,-4,1,5,0,1,1,1,1,0,1,2,1,0,-1,4,3,4,7,-5,0,0,-1,1,0,1,2,1
KR_6765013781,420,2,32,-6,11,-1,1,2,2,5,3,6,6,0,3,3,0,1,2,1,0,16,-33,3,4,7,5,0,1,1,-1,1,1,1,1
KR_6721521542,420,4,50,43,9,1,1,0,3,3,0,2,3,1,-2,2,4,5,7,2,2,13,4,-1,8,7,2,0,-1,1,1,1,1,6,1
KR_6698916961,420,0,16,7,2,-4,1,5,0,1,1,1,1,0,4,4,0,1,1,0,0,4,26,0,8,8,-1,0,2,1,1,1,1,2,1
KR_6741575766,420,5,16,20,9,1,2,1,-1,2,3,2,2,0,5,5,0,2,2,0,0,12,7,4,3,7,-5,0,1,1,-1,-1,1,5,1
KR_6768026693,420,1,-8,12,-3,-3,0,3,0,1,1,-1,2,3,0,1,1,1,1,0,0,5,6,-2,10,8,4,0,-1,1,-1,-1,1,6,1
KR_6764734130,440,5,39,11,7,0,1,1,-2,0,2,2,3,1,7,7,0,0,1,1,0,11,0,0,5,5,3,0,1,0,1,1,-1,0,1
KR_6735888665,440,7,53,25,15,7,7,0,1,5,4,2,5,3,-1,1,2,6,6,0,0,15,24,4,5,9,-2,0,1,1,-1,1,1,5,1
KR_6670724282,420,1,-13,10,3,4,4,0,2,4,2,-2,1,3,-2,1,3,1,1,0,0,4,13,5,6,11,-1,0,-1,1,-1,-1,1,4,1
KR_6731002396,420,3,91,-28,5,0,3,3,-4,3,7,3,5,2,4,6,2,2,3,1,3,13,4,-1,9,8,0,0,2,1,1,1,1,5,1
KR_6763893729,420,-2,-63,7,2,-1,2,3,4,6,2,1,5,4,-2,1,3,0,0,0,0,-1,175,-2,6,4,0,0,-1,1,1,-1,-1,2,1
KR_6728774900,420,3,88,15,6,1,2,1,4,8,4,-1,1,2,1,3,2,1,1,0,0,4,3,-2,5,3,3,0,3,-1,1,1,-1,5,1
KR_6730564916,420,7,83,36,23,2,2,0,11,12,1,6,8,2,5,7,2,-1,0,1,1,30,26,-2,6,4,4,0,2,1,1,1,1,6,1
KR_6767966033,420,0,61,4,-1,1,3,2,1,2,1,-1,1,2,-3,4,7,1,1,0,0,-7,-24,0,6,6,7,0,0,-1,-1,0,1,4,1
KR_6678973631,420,0,23,-23,4,5,5,0,1,4,3,-1,2,3,-1,0,1,0,0,0,0,6,38,5,7,12,2,0,1,-1,1,1,1,4,1
KR_6681323145,420,7,48,23,13,1,2,1,2,4,2,2,2,0,8,11,3,0,0,0,-1,17,8,5,1,6,2,0,2,1,1,1,-1,6,1
KR_6730716647,420,2,93,-4,4,2,3,1,1,4,3,2,4,2,-2,0,2,1,1,0,1,4,-60,-2,7,5,3,0,1,-1,1,1,1,2,1
KR_6730178878,420,4,14,56,6,4,4,0,-1,1,2,0,2,2,2,3,1,1,2,1,0,7,30,1,5,6,-4,0,0,1,-1,0,1,6,1
KR_6750553677,420,4,62,41,5,2,4,2,3,6,3,3,4,1,-3,2,5,0,1,1,-1,-5,1,-5,11,6,-2,0,3,1,1,1,-1,4,1
KR_6663032469,420,7,96,36,13,1,3,2,2,7,5,3,6,3,5,5,0,2,2,0,1,13,20,12,3,15,0,0,4,1,1,1,1,3,1
KR_6737126464,420,2,31,12,6,2,4,2,1,3,2,-3,2,5,4,6,2,2,3,1,0,8,-10,0,6,6,6,0,1,-1,1,1,1,3,1
KR_6685351958,420,-1,53,7,-2,1,4,3,2,5,3,-3,0,3,-1,1,2,-1,0,1,0,-6,-38,0,4,4,3,0,0,1,1,0,1,3,1
KR_6751578317,420,2,56,8,6,0,3,3,4,4,0,-1,1,2,2,2,0,1,1,0,0,10,-22,2,4,6,2,0,1,0,1,1,-1,0,1
KR_6752753893,440,4,68,1,14,-1,4,5,1,2,1,1,3,2,14,15,1,-1,0,1,0,13,4,-1,2,1,0,0,0,1,-1,1,1,3,1
KR_6766535199,420,0,8,0,2,3,4,1,-5,3,8,2,5,3,1,5,4,1,2,1,0,3,-31,1,8,9,-4,0,1,1,1,1,1,1,1
KR_6680801409,420,1,25,-24,6,2,6,4,-2,2,4,1,1,0,3,3,0,2,3,1,0,2,27,5,5,10,1,0,2,1,1,1,1,4,1
KR_6755992620,420,2,-12,-7,7,-1,1,2,2,4,2,2,5,3,4,5,1,0,0,0,0,5,-45,6,5,11,28,0,-1,1,-1,1,-1,4,1
KR_6716137509,420,-1,-16,1,-4,-6,0,6,0,1,1,1,4,3,3,5,2,-2,1,3,1,-3,-2,2,5,7,-2,0,-1,1,1,-1,1,3,1
KR_6765761115,420,6,51,33,10,2,5,3,5,5,0,4,4,0,-2,1,3,1,1,0,0,8,5,-2,6,4,0,0,2,1,1,1,1,3,1
KR_6692487022,440,2,76,-12,8,2,4,2,7,8,1,0,4,4,0,2,2,-1,1,2,0,-4,-23,-3,6,3,5,0,1,0,0,-1,1,0,1
KR_6754029067,440,3,2,-1,7,0,0,0,0,1,1,1,2,1,6,9,3,0,0,0,0,5,28,2,4,6,-1,0,0,1,1,0,1,4,1
KR_6758475578,420,2,32,-20,10,4,5,1,0,2,2,1,4,3,4,4,0,1,2,1,0,7,2,1,5,6,4,0,2,0,0,1,1,0,1
KR_6679141941,420,-2,18,3,-3,-3,0,3,0,3,3,0,3,3,-1,0,1,1,1,0,0,1,-8,-2,7,5,0,0,-1,1,1,-1,1,6,1
KR_6670632351,420,0,19,-3,0,-1,2,3,0,1,1,3,5,2,-1,1,2,-1,1,2,2,-7,7,5,4,9,-2,0,1,-1,1,1,1,5,1
KR_6702464671,420,4,79,22,9,-6,2,8,5,5,0,6,6,0,1,3,2,3,3,0,0,10,1,-4,9,5,1,0,0,1,-1,1,1,5,1
KR_6739564517,420,0,-65,32,1,-1,0,1,2,3,1,1,3,2,-1,1,2,0,0,0,0,0,-8,-5,6,1,4,0,-1,1,-1,-1,-1,4,1
KR_6689188764,420,2,-11,-6,5,3,3,0,-2,3,5,1,3,2,2,5,3,1,1,0,0,6,-3,-1,6,5,2,0,0,-1,1,1,1,1,1
KR_6764557277,420,5,62,8,3,2,3,1,1,6,5,1,2,1,1,1,0,-2,0,2,0,0,13,5,2,7,0,0,1,1,1,1,-1,4,1
KR_6728189615,420,1,-22,6,-1,-3,3,6,-1,3,4,3,6,3,2,6,4,-2,1,3,0,4,9,2,4,6,-4,0,-1,1,1,-1,1,1,1
KR_6697798903,420,3,70,12,13,5,5,0,4,7,3,0,3,3,-2,3,5,6,6,0,0,4,24,-5,6,1,2,0,4,-1,1,1,-1,3,1
KR_6767086128,420,0,36,-10,1,0,0,0,1,4,3,0,1,1,2,3,1,-2,3,5,0,-8,41,1,4,5,-2,0,2,-1,1,1,1,6,1
KR_6642025344,420,-2,-14,4,-4,-1,0,1,-2,1,3,-1,2,3,3,7,4,-3,1,4,-1,-2,-32,0,6,6,-5,0,-2,-1,1,-1,1,2,1
KR_6680091421,420,-2,-4,8,0,-1,0,1,0,2,2,2,4,2,1,4,3,-2,0,2,0,-1,12,-3,7,4,-8,0,0,-1,1,0,-1,2,1
KR_6765816261,420,0,29,12,0,-5,0,5,1,4,3,-1,0,1,6,7,1,-1,0,1,0,3,-42,-1,8,7,0,0,1,1,-1,1,-1,5,1
KR_6749367263,420,3,17,6,10,-4,2,6,1,1,0,5,6,1,6,6,0,2,2,0,0,19,-2,1,3,4,4,0,2,-1,-1,1,1,4,1
KR_6704977522,420,0,13,15,-1,-1,1,2,-1,1,2,-3,0,3,3,5,2,1,2,1,-1,0,-4,-1,6,5,0,0,-1,1,-1,-1,-1,1,1
KR_6680430629,420,-2,17,-5,-1,-2,0,2,-1,3,4,2,2,0,0,0,0,0,0,0,0,5,-28,-1,3,2,2,0,-1,1,1,1,1,3,1
KR_6693603530,420,3,28,15,6,1,1,0,3,7,4,1,4,3,2,5,3,-1,0,1,-1,16,15,-3,11,8,5,0,1,1,-1,1,1,1,1
KR_6604185415,420,7,84,9,21,1,4,3,5,8,3,11,12,1,3,4,1,1,3,2,0,15,3,2,4,6,2,0,3,1,1,1,-1,6,1
KR_6758019627,440,1,30,-6,2,4,4,0,-6,2,8,3,4,1,2,3,1,-1,0,1,0,2,-2,1,5,6,-1,0,1,-1,1,1,1,1,1
KR_6556540398,420,0,67,-28,-2,-5,1,6,0,3,3,-1,2,3,2,4,2,2,3,1,1,0,11,3,5,8,-2,0,0,1,-1,-1,1,3,1
KR_6622163841,420,-1,-5,9,0,-2,1,3,3,3,0,1,3,2,-2,0,2,0,0,0,0,2,69,2,6,8,2,0,0,-1,1,-1,-1,6,1
KR_6755318950,420,0,24,24,4,4,6,2,3,4,1,-4,4,8,0,0,0,1,1,0,0,6,-12,-1,8,7,5,0,2,1,1,1,1,2,1
KR_6767151968,420,1,17,-30,3,4,4,0,0,3,3,-2,0,2,1,2,1,0,0,0,0,2,-4,3,4,7,-3,0,2,1,1,1,1,6,1
KR_6702751524,420,-3,6,-26,2,-4,1,5,0,4,4,0,4,4,6,8,2,0,2,2,-1,12,27,4,3,7,-25,0,-1,1,-1,-1,-1,4,1
KR_6741553832,420,-2,-10,-28,-3,0,3,3,0,2,2,-3,1,4,3,4,1,-3,0,3,0,2,19,0,6,6,-1,0,1,-1,1,1,-1,5,1
KR_6699358201,420,1,54,-40,0,0,2,2,-1,1,2,-1,2,3,1,5,4,1,4,3,0,6,17,2,6,8,3,0,1,1,1,1,1,6,1
KR_6716822928,420,-1,-28,8,0,-2,0,2,2,4,2,2,4,2,-1,3,4,-1,0,1,0,3,8,0,10,10,-5,0,0,1,1,-1,1,6,1
KR_6684908195,420,0,57,-11,5,0,0,0,-2,1,3,2,2,0,5,5,0,0,0,0,0,2,-4,3,3,6,6,0,1,-1,1,1,1,2,1
KR_6761862828,440,0,76,-42,-2,-1,2,3,-2,0,2,5,7,2,-4,0,4,0,0,0,0,3,-10,0,6,6,0,0,2,-1,1,1,-1,3,1
KR_6663866916,420,4,44,10,8,0,1,1,9,10,1,-2,0,2,0,2,2,1,2,1,0,11,10,0,5,5,0,0,2,1,-1,1,-1,6,1
KR_6740398695,420,3,-32,11,-3,0,2,2,-1,3,4,-2,2,4,-1,1,2,1,3,2,-1,-3,1,1,5,6,-6,0,-1,-1,-1,-1,-1,2,1
KR_6677174562,420,-3,-31,-26,-8,-2,2,4,3,4,1,-5,4,9,-3,0,3,-1,1,2,-1,-9,-1,-4,7,3,-1,0,-1,-1,-1,-1,-1,6,1
KR_6759726373,420,4,0,27,13,-1,1,2,-2,2,4,2,4,2,11,12,1,3,5,2,0,12,1,4,3,7,2,0,2,1,1,1,-1,2,1
KR_6718275961,440,-1,8,-12,0,1,2,1,-2,3,5,0,0,0,1,2,1,0,0,0,0,-1,-4,-3,6,3,3,0,0,-1,1,0,1,1,1
KR_6671620365,420,1,1,-20,1,-2,0,2,4,6,2,-3,2,5,1,6,5,1,2,1,0,-1,-106,-3,9,6,4,0,1,-1,1,1,-1,2,1
KR_6633053186,420,5,74,1,13,3,4,1,4,5,1,1,1,0,6,6,0,-1,1,2,0,11,7,2,2,4,3,0,0,1,1,1,1,4,1
KR_6732914905,420,1,27,12,0,0,1,1,-2,1,3,1,3,2,0,3,3,1,1,0,0,6,6,3,7,10,-5,0,1,-1,1,1,-1,6,1
KR_6766787788,420,4,23,43,9,-1,1,2,4,7,3,1,3,2,2,6,4,3,3,0,0,15,36,-5,8,3,3,0,4,1,1,1,1,5,1
KR_6638044988,420,-1,64,-1,2,-2,1,3,-2,4,6,1,2,1,6,8,2,-1,1,2,1,5,-28,-3,11,8,2,0,0,1,-1,1,1,3,1
KR_6698696222,420,1,42,7,0,0,1,1,1,2,1,-5,0,5,3,8,5,1,1,0,0,-7,5,-1,7,6,2,0,0,1,-1,1,1,6,1
KR_6764258373,420,5,50,1,10,3,6,3,3,4,1,0,1,1,5,10,5,-1,0,1,0,9,12,7,4,11,-3,0,1,1,1,1,-1,2,1
KR_6655084278,420,0,48,-1,2,0,2,2,6,8,2,-2,2,4,-3,2,5,1,1,0,1,0,6,0,7,7,-10,0,2,-1,1,1,1,4,1
KR_6738977571,420,4,12,0,8,3,4,1,4,6,2,4,5,1,-3,1,4,0,0,0,0,5,-38,3,2,5,-1,0,2,-1,1,1,1,5,1
KR_6666916151,420,2,30,24,-5,-1,0,1,1,5,4,-6,2,8,-4,0,4,5,5,0,1,-3,51,-3,5,2,-21,0,-2,1,-1,-1,1,4,1
KR_6747189631,440,-2,-9,4,-5,2,2,0,-3,1,4,-5,1,6,0,3,3,1,2,1,0,-3,-20,3,7,10,4,0,0,1,1,0,-1,4,1
KR_6741256727,420,1,32,2,-5,1,3,2,-1,2,3,-5,2,7,0,3,3,0,2,2,0,-3,-38,-5,10,5,6,0,1,1,-1,1,1,3,1
KR_6714886378,420,1,-6,-6,10,-1,2,3,6,7,1,2,3,1,0,2,2,3,4,1,0,16,-28,0,4,4,2,0,1,1,-1,1,1,2,1
KR_6672165982,420,1,-33,-3,5,-1,0,1,1,3,2,1,3,2,4,10,6,0,2,2,0,14,6,-2,8,6,-5,0,-2,-1,-1,-1,1,3,1
KR_6767978992,420,2,51,14,4,-5,1,6,3,5,2,1,2,1,2,6,4,3,4,1,3,8,8,0,7,7,-3,0,3,1,1,1,1,3,1
KR_6606395205,420,4,46,-2,10,1,4,3,-1,5,6,5,5,0,3,4,1,2,4,2,0,3,39,3,6,9,-8,0,2,-1,1,1,1,2,1
KR_6763278825,420,1,44,16,2,1,4,3,2,5,3,0,1,1,4,5,1,-5,0,5,2,-1,-5,4,3,7,-1,0,0,1,-1,0,1,5,1
KR_6585772497,420,4,45,-6,12,1,2,1,12,13,1,3,5,2,-2,1,3,-2,0,2,1,15,13,9,2,11,1,0,0,1,-1,0,1,6,1
KR_6697332525,420,4,64,-11,4,3,4,1,-2,1,3,3,5,2,1,1,0,-1,1,2,0,5,4,0,7,7,5,0,1,1,1,1,1,4,1
KR_6656368648,420,2,-23,-4,7,1,3,2,0,3,3,3,4,1,2,4,2,1,4,3,0,4,33,2,9,11,-4,0,2,1,1,1,1,6,1
KR_6694868691,420,7,24,-4,16,4,5,1,5,5,0,0,2,2,4,6,2,3,3,0,0,15,3,-1,5,4,-2,0,1,1,-1,1,-1,1,1
KR_6667498690,420,-2,94,-2,3,-1,1,2,1,4,3,1,4,3,2,3,1,0,0,0,0,-5,-8,1,4,5,0,0,1,1,-1,1,1,2,1
KR_6765785904,420,5,22,-4,12,2,5,3,0,1,1,4,5,1,6,9,3,0,0,0,0,11,-2,-1,8,7,6,0,1,1,1,1,-1,1,1
KR_6649465078,420,0,-7,-29,2,-2,0,2,7,7,0,4,7,3,-3,1,4,-4,0,4,0,6,-29,6,2,8,-9,0,0,-1,1,0,-1,4,1
KR_6734169733,420,2,-25,-12,2,1,1,0,0,2,2,2,4,2,-4,1,5,3,5,2,-1,-2,3,4,1,5,-2,0,0,0,1,0,-1,0,1
KR_6689910488,420,1,2,11,10,1,2,1,3,5,2,0,1,1,4,6,2,2,2,0,0,11,6,3,2,5,-2,0,2,-1,1,1,1,1,1
KR_6710622674,440,-2,-5,9,-8,3,4,1,-3,5,8,-5,1,6,0,3,3,-3,1,4,0,-17,3,3,4,7,-6,0,-1,1,1,-1,-1,5,1
KR_6714621756,420,0,19,0,2,1,5,4,-2,2,4,0,1,1,1,3,2,2,2,0,1,0,-25,-1,8,7,5,0,0,-1,1,-1,1,2,1
KR_6752669576,440,-1,-35,20,-4,-1,0,1,1,4,3,-3,1,4,-1,2,3,0,1,1,0,-5,2,-1,5,4,-5,0,0,-1,0,0,1,6,1
KR_6674445761,440,0,34,-7,4,1,2,1,1,5,4,5,6,1,-4,1,5,1,2,1,0,7,-3,3,3,6,-3,0,0,0,0,0,1,0,1
KR_6685440880,420,4,73,0,7,1,1,0,2,5,3,1,3,2,2,5,3,1,1,0,0,8,4,-2,7,5,1,0,1,1,-1,1,-1,6,1
KR_6760182545,420,1,28,20,-4,-2,0,2,1,3,2,-7,3,10,2,4,2,2,2,0,0,0,-22,-4,8,4,4,0,1,1,-1,-1,-1,1,1
KR_6765326849,440,0,18,18,1,1,4,3,0,3,3,0,4,4,0,2,2,0,1,1,0,-5,-1,0,2,2,2,0,1,1,-1,1,1,5,1
KR_6679770589,420,-2,-13,-31,2,2,3,1,0,3,3,-2,2,4,1,2,1,1,2,1,0,10,-4,-3,9,6,2,0,2,-1,1,1,1,4,1
KR_6743095320,420,2,22,12,8,3,3,0,-1,2,3,3,6,3,4,6,2,-1,0,1,0,12,1,2,4,6,3,0,1,1,1,1,-1,3,1
KR_6759195540,420,3,38,-15,12,2,3,1,-2,1,3,4,5,1,8,9,1,0,1,1,1,15,2,3,5,8,0,0,1,1,-1,1,1,4,1
KR_6698407843,420,0,36,-11,-3,-4,0,4,1,4,3,-2,3,5,1,2,1,1,1,0,0,2,3,0,5,5,-2,0,-1,1,-1,-1,-1,3,1
KR_6765501967,420,4,-15,16,15,8,8,0,1,2,1,3,4,1,-1,4,5,4,4,0,0,12,211,4,3,7,0,0,2,-1,1,1,1,2,1
KR_6685036257,420,2,21,-7,11,0,1,1,6,7,1,1,1,0,4,4,0,0,2,2,0,24,11,2,5,7,-4,0,1,1,1,1,1,4,1
KR_6656509830,420,2,15,-21,3,2,2,0,2,5,3,-1,2,3,0,0,0,0,1,1,1,2,2,3,4,7,-1,0,1,-1,-1,1,1,6,1
KR_6622895959,420,2,64,8,4,3,4,1,-2,2,4,-1,1,2,3,5,2,1,2,1,0,5,6,3,3,6,1,0,2,-1,1,1,1,2,1
KR_6706742014,420,1,47,-8,5,1,2,1,-1,2,3,0,4,4,5,5,0,0,1,1,1,4,2,1,9,10,7,0,2,-1,1,1,1,6,1
KR_6740347052,420,6,76,8,17,4,5,1,5,9,4,8,8,0,2,4,2,-2,0,2,3,15,0,3,2,5,-2,0,2,1,1,1,1,5,1
KR_6682274781,420,4,65,28,11,0,1,1,2,5,3,5,6,1,-1,2,3,5,7,2,0,12,-6,0,7,7,2,0,3,1,-1,1,1,4,1
KR_6756936662,420,0,32,-25,6,-3,2,5,0,3,3,-1,1,2,7,9,2,3,3,0,2,14,0,1,3,4,-4,0,2,-1,1,1,1,3,1
KR_6727817884,420,0,35,-12,1,2,3,1,-2,2,4,-3,2,5,5,5,0,-1,0,1,0,1,22,-3,9,6,7,0,0,0,1,0,-1,0,1
KR_6569656992,420,6,20,31,7,3,4,1,7,8,1,0,2,2,-4,1,5,1,2,1,0,9,3,-1,5,4,-1,0,1,1,-1,1,-1,2,1
KR_6710644087,420,2,83,-3,4,1,2,1,-5,3,8,2,3,1,7,10,3,-1,1,2,2,0,46,5,4,9,-4,0,0,1,1,1,1,1,1
KR_6766451627,420,10,115,17,27,5,6,1,4,7,3,7,8,1,10,11,1,1,1,0,2,27,-20,4,3,7,2,0,3,1,1,1,1,2,1
KR_6673957120,420,3,35,-2,6,4,6,2,-3,3,6,4,5,1,1,2,1,0,2,2,0,0,0,4,2,6,0,0,2,-1,1,1,-1,1,1
KR_6760390749,420,-3,4,-27,-3,-2,0,2,-3,2,5,2,2,0,1,3,2,-1,0,1,-2,-4,-29,-3,7,4,-2,0,0,-1,-1,-1,-1,4,1
KR_6659242406,420,1,55,-2,4,3,4,1,2,4,2,-1,2,3,-1,1,2,1,1,0,0,2,-2,-2,10,8,2,0,0,-1,-1,-1,1,1,1
KR_6709630239,420,4,61,8,6,1,5,4,3,4,1,3,4,1,-1,3,4,0,0,0,0,-1,8,-6,7,1,0,0,1,1,1,1,-1,4,1
KR_6765189161,420,-3,-76,16,-6,-1,1,2,-1,1,2,-3,1,4,-2,5,7,1,1,0,0,-9,-6,1,3,4,2,0,-1,-1,1,-1,-1,5,1
KR_6754183704,420,-1,41,-1,5,5,5,0,1,2,1,2,6,4,-1,3,4,-2,0,2,0,1,3,4,4,8,-4,0,1,-1,1,1,-1,5,1
KR_6749118859,420,5,33,-12,19,4,5,1,7,8,1,9,9,0,-1,5,6,0,1,1,1,24,-66,3,5,8,-5,0,3,1,1,1,-1,1,1
KR_6704678265,420,0,10,-35,2,0,2,2,2,3,1,0,4,4,-2,2,4,2,4,2,0,4,6,4,4,8,1,0,-1,-1,-1,-1,1,2,1
KR_6630063235,420,-1,11,4,-1,2,2,0,1,2,1,0,1,1,-4,1,5,0,0,0,0,-6,5,-2,5,3,-2,0,1,-1,-1,1,1,1,1
KR_6753673565,420,1,23,-12,9,-2,1,3,0,2,2,4,4,0,7,8,1,0,0,0,0,18,0,2,6,8,2,0,-1,1,-1,-1,1,1,1
KR_6687506876,420,1,-21,-15,6,1,3,2,3,3,0,1,2,1,0,1,1,1,3,2,0,14,-22,0,5,5,1,0,0,0,-1,0,-1,0,1
KR_6763978391,420,-1,36,25,-1,0,2,2,-4,1,5,3,3,0,1,4,3,-1,0,1,1,2,-41,0,6,6,-3,0,1,1,1,1,1,4,1
KR_6764190164,440,3,-4,-8,12,1,1,0,5,6,1,2,2,0,3,4,1,1,1,0,0,20,-34,6,2,8,-1,0,1,1,-1,1,1,1,1
KR_6688963278,420,1,32,14,5,2,2,0,1,3,2,0,4,4,3,4,1,-1,1,2,0,16,6,14,2,16,0,0,0,1,-1,-1,1,2,1
KR_6586793249,420,4,20,40,1,1,1,0,1,3,2,1,2,1,-1,1,2,-1,0,1,0,1,8,0,6,6,-4,0,2,1,1,1,1,5,1
KR_6720851221,420,9,110,40,18,3,4,1,4,4,0,6,6,0,-1,4,5,6,6,0,1,20,7,4,1,5,2,1,4,1,1,1,1,1,1
KR_6699741439,420,3,59,12,1,7,7,0,-2,1,3,-1,2,3,-2,2,4,-1,1,2,0,-8,-3,-1,8,7,2,0,2,-1,1,1,1,2,1
KR_6752643795,420,-2,10,12,-7,3,4,1,-7,4,11,-1,0,1,-1,3,4,-1,0,1,-2,-11,38,2,5,7,-3,0,-1,1,-1,-1,-1,3,1
KR_6693306784,420,-4,-123,-4,2,1,1,0,-2,2,4,3,8,5,-1,5,6,1,1,0,0,7,0,-4,9,5,-4,0,1,1,1,1,-1,2,1
KR_6763525563,420,5,40,31,7,-1,0,1,3,5,2,0,5,5,2,4,2,3,3,0,0,0,127,5,5,10,5,0,1,1,1,1,1,3,1
KR_6655546628,420,4,37,12,11,0,2,2,2,3,1,2,2,0,3,7,4,4,5,1,0,13,-369,-1,8,7,8,0,0,1,1,1,1,6,1
KR_6713896811,420,2,24,17,6,2,3,1,8,8,0,-1,1,2,-4,2,6,1,1,0,0,2,32,3,3,6,-1,0,1,1,-1,1,1,5,1
KR_6759740675,420,1,-24,39,0,2,3,1,2,6,4,-1,1,2,-4,3,7,1,2,1,1,-7,3,-2,6,4,1,0,0,1,1,1,1,1,1
KR_6582455514,420,0,-2,12,0,-2,1,3,-1,3,4,-1,3,4,6,9,3,-2,2,4,0,6,-9,2,4,6,2,0,-2,-1,0,-1,-1,2,1
KR_6625250198,420,4,90,-11,7,1,3,2,4,8,4,2,4,2,2,6,4,-2,0,2,2,12,8,2,4,6,2,0,4,-1,1,1,1,6,1
KR_6746422265,440,-2,4,45,-3,-5,3,8,-2,1,3,-2,2,4,5,9,4,1,2,1,0,-2,-238,0,5,5,-5,0,-1,-1,-1,-1,-1,2,1
KR_6750287766,420,1,-18,24,3,-4,1,5,4,4,0,-1,2,3,4,4,0,0,0,0,1,7,6,-1,5,4,3,0,1,1,1,1,1,6,1
KR_6705638630,440,3,71,-44,9,6,7,1,3,5,2,2,3,1,0,2,2,-2,0,2,-1,8,-39,3,4,7,22,0,1,1,-1,1,-1,3,1
KR_6765445078,420,1,7,45,4,-2,1,3,1,3,2,0,1,1,2,2,0,3,3,0,0,7,119,3,5,8,1,0,-1,1,1,1,1,2,1
KR_6702593693,420,1,-19,4,8,4,5,1,-3,3,6,3,5,2,2,2,0,2,3,1,0,8,-1,-4,10,6,-7,0,0,1,1,1,1,2,1
KR_6655581160,420,3,18,9,10,1,4,3,5,6,1,0,2,2,2,4,2,2,2,0,2,13,4,-1,7,6,-3,0,1,-1,1,1,1,5,1
KR_6687662632,420,3,45,36,2,1,3,2,3,5,2,-2,2,4,0,2,2,0,0,0,0,2,-6,-1,6,5,1,0,1,-1,1,1,1,4,1
KR_6766060051,420,3,92,4,-1,-4,0,4,-1,4,5,-1,3,4,3,4,1,2,2,0,0,-5,-21,1,8,9,9,0,0,0,-1,1,1,0,1
KR_6741642250,440,-2,-25,31,-4,-1,0,1,0,2,2,-5,2,7,0,2,2,2,2,0,0,5,0,1,5,6,-4,0,1,-1,1,1,1,1,1
KR_6675618205,420,1,4,-8,2,-1,2,3,-1,1,2,1,3,2,2,2,0,1,1,0,2,8,14,4,5,9,0,0,0,1,0,0,1,2,1
KR_6738830998,420,4,64,21,8,2,5,3,6,7,1,-1,2,3,2,3,1,-1,1,2,0,1,-1,-2,6,4,8,0,0,1,-1,0,-1,2,1
KR_6745609886,420,0,3,-28,0,4,4,0,0,1,1,-3,1,4,-1,2,3,0,0,0,0,0,-34,-2,5,3,2,0,1,-1,1,1,1,1,1
KR_6716308592,420,0,-38,11,-1,3,4,1,-1,3,4,-2,0,2,-1,0,1,0,0,0,0,-7,2,-1,4,3,-4,0,1,1,-1,-1,-1,2,1
KR_6710950143,420,1,34,42,6,2,3,1,4,6,2,-3,3,6,1,4,3,2,2,0,0,3,-4,-2,9,7,2,0,2,1,1,1,1,2,1
KR_6658676785,420,-1,-85,-32,9,-3,0,3,1,3,2,7,9,2,0,1,1,4,5,1,0,20,5,-3,11,8,-2,0,0,-1,1,1,1,3,1
KR_6713084235,420,-3,-24,-36,0,-5,2,7,0,2,2,1,2,1,3,4,1,1,1,0,0,12,-55,0,8,8,23,0,-2,-1,-1,-1,-1,2,1
KR_6705225963,420,4,43,-1,9,3,4,1,9,9,0,-3,1,4,1,6,5,-1,0,1,1,2,-2,2,7,9,2,0,0,-1,1,0,1,5,1
KR_6765100683,420,5,58,21,6,-2,0,2,-2,1,3,-3,0,3,3,6,3,10,10,0,0,3,9,0,8,8,1,0,2,1,1,1,1,5,1
KR_6716721727,420,1,43,1,3,6,6,0,3,4,1,-6,0,6,1,1,0,-1,0,1,0,0,5,-1,8,7,-2,0,2,-1,1,1,1,2,1
KR_6610733814,420,2,45,17,-1,1,2,1,1,5,4,-2,2,4,1,4,3,-2,0,2,0,2,-21,0,5,5,-4,0,0,0,1,-1,-1,0,1
KR_6762434510,440,2,52,30,8,-1,3,4,5,6,1,-2,0,2,7,13,6,-1,1,2,1,7,-1,1,3,4,1,0,0,1,-1,1,1,3,1
KR_6766045056,440,2,71,29,6,3,4,1,4,4,0,1,4,3,0,1,1,-2,1,3,0,0,30,6,4,10,-5,0,1,1,1,1,-1,6,1
KR_6708696931,420,1,-4,32,4,-2,0,2,0,2,2,2,3,1,4,5,1,0,1,1,0,1,24,0,6,6,2,0,0,1,1,1,1,5,1
KR_6751223898,420,2,45,25,8,-3,0,3,3,3,0,6,7,1,3,3,0,-1,0,1,0,0,-15,-5,6,1,5,0,1,1,1,1,1,5,1
KR_6664948144,420,1,32,9,-2,1,2,1,2,2,0,-2,0,2,0,0,0,-3,0,3,0,-3,32,2,6,8,2,0,1,-1,1,1,1,1,1
KR_6701900528,420,1,35,-13,10,0,2,2,0,1,1,3,5,2,6,6,0,1,1,0,0,8,-29,3,4,7,2,0,2,-1,1,1,1,3,1
KR_6731251793,420,1,27,8,2,1,3,2,-1,3,4,2,2,0,0,4,4,0,2,2,1,1,154,-4,9,5,1,0,0,-1,-1,0,1,2,1
KR_6758769307,420,4,-4,25,6,-2,1,3,2,7,5,-2,1,3,6,6,0,2,5,3,-3,8,0,1,7,8,2,0,0,1,-1,0,1,1,1
KR_6765583180,420,-1,10,15,-6,1,3,2,-1,1,2,-7,0,7,2,4,2,-1,0,1,0,-9,-5,0,4,4,0,0,-1,1,-1,-1,-1,4,1
KR_6746851159,420,-1,-12,12,-5,-8,0,8,-2,2,4,0,0,0,4,4,0,1,2,1,0,-1,14,3,4,7,-7,0,0,1,-1,-1,-1,1,1
KR_6715321222,420,-2,77,-48,0,0,2,2,-2,2,4,2,5,3,1,3,2,-1,0,1,0,3,-134,-6,12,6,4,0,0,0,-1,1,1,0,1
KR_6712604764,420,4,-46,40,11,0,0,0,1,3,2,4,6,2,3,3,0,3,3,0,0,9,44,2,4,6,-2,0,2,1,1,1,1,2,1
KR_6753577902,420,1,-38,-13,8,3,6,3,3,3,0,2,2,0,2,5,3,-2,0,2,1,9,-13,-1,7,6,-3,0,1,-1,1,1,1,1,1
KR_6767284754,420,-1,-27,13,0,2,4,2,-1,2,3,0,2,2,-1,2,3,0,0,0,-1,-1,5,-1,9,8,-7,0,0,1,1,0,-1,1,1
KR_6693649619,420,2,-30,10,-2,-6,2,8,2,3,1,4,6,2,-2,5,7,0,5,5,-1,6,-31,2,7,9,1,0,-2,1,-1,-1,-1,1,1
KR_6765391605,420,-1,18,-31,-2,-3,1,4,1,2,1,-1,4,5,-2,1,3,3,3,0,0,-2,-8,-5,9,4,3,0,0,1,1,0,-1,1,1
KR_6767575988,420,0,-16,15,0,7,8,1,-2,1,3,-3,0,3,-3,2,5,1,2,1,-1,0,7,-3,8,5,-2,0,1,1,1,1,-1,5,1
KR_6690852976,420,5,70,12,16,8,8,0,3,4,1,3,5,2,-1,1,2,3,3,0,0,9,-7,1,7,8,1,0,1,1,1,1,1,1,1
KR_6751602515,420,-2,-46,-29,-1,-3,1,4,1,6,5,2,4,2,-1,1,2,0,1,1,0,3,-20,-5,7,2,-2,0,1,-1,-1,1,-1,6,1
KR_6666188282,420,3,-23,17,8,-3,0,3,2,5,3,6,6,0,2,4,2,1,2,1,0,9,23,0,7,7,5,0,0,1,-1,0,-1,4,1
KR_6763188845,440,1,19,-4,8,2,5,3,3,4,1,1,1,0,2,4,2,0,1,1,0,5,-19,-5,6,1,2,0,-1,1,-1,-1,-1,3,1
KR_6726358268,420,0,-8,9,7,0,2,2,7,8,1,2,2,0,-3,2,5,1,1,0,-1,16,11,3,4,7,-3,0,1,-1,1,1,-1,3,1
KR_6692612979,420,1,63,-10,0,5,5,0,-3,4,7,-5,1,6,4,6,2,-1,1,2,0,-6,6,-1,6,5,0,0,1,-1,1,1,1,6,1
KR_6747443192,420,2,-11,46,2,-2,1,3,-1,4,5,2,5,3,1,2,1,2,2,0,0,3,-8,-6,10,4,-6,0,1,-1,1,1,1,2,1
KR_6703720234,420,3,46,1,1,1,3,2,-1,1,2,-2,2,4,4,6,2,-1,0,1,0,4,-2,-1,11,10,5,0,1,-1,-1,1,-1,2,1
KR_6759291431,420,2,-31,13,1,2,2,0,5,6,1,-2,1,3,-2,2,4,-2,3,5,0,-5,-1,-1,7,6,-2,0,-1,-1,-1,-1,-1,5,1
KR_6710667116,420,5,46,5,9,-1,2,3,-2,0,2,4,5,1,4,4,0,4,5,1,0,7,-38,2,4,6,26,0,1,1,1,-1,1,5,1
KR_6721638309,420,5,80,4,7,4,5,1,4,4,0,3,3,0,-3,1,4,-1,1,2,0,-2,5,1,3,4,3,0,1,1,1,1,-1,6,1
KR_6766215730,420,0,19,-20,1,4,5,1,-1,0,1,-3,0,3,0,1,1,1,1,0,0,-3,-12,-2,7,5,6,0,1,-1,1,1,1,3,1
KR_6745146026,420,3,-52,1,8,1,4,3,2,3,1,0,5,5,5,6,1,0,1,1,0,13,-15,4,4,8,6,0,1,-1,1,1,1,4,1
KR_6766044241,420,0,17,-1,4,1,2,1,-1,3,4,2,2,0,2,4,2,0,2,2,1,4,12,7,0,7,-3,0,2,0,1,1,1,0,1
KR_6767857379,420,0,-45,15,9,0,0,0,-2,1,3,-1,1,2,6,7,1,6,6,0,0,8,-5,5,5,10,-5,0,1,-1,1,1,1,4,1
KR_6661162469,420,-2,20,32,-4,-3,0,3,4,6,2,-3,0,3,3,5,2,-5,0,5,0,-2,-5,0,6,6,0,0,-1,1,-1,-1,1,3,1
KR_6693973022,420,7,143,50,17,7,7,0,15,16,1,0,4,4,-3,2,5,-2,0,2,1,18,40,2,8,10,-2,0,4,1,1,1,1,4,1
KR_6624272591,420,2,27,1,3,-2,1,3,1,3,2,3,4,1,-2,2,4,3,4,1,0,3,37,-7,10,3,2,0,1,-1,1,1,-1,5,1
KR_6594087756,420,-1,6,16,-9,0,4,4,-8,4,12,-1,0,1,1,3,2,-1,2,3,0,-12,15,-5,9,4,-2,0,0,-1,-1,-1,-1,5,1
KR_6741274397,420,0,3,9,6,1,2,1,7,7,0,1,3,2,-4,1,5,1,1,0,0,11,25,5,4,9,0,0,0,1,-1,0,-1,5,1
KR_6684842088,420,1,-8,0,-1,-3,0,3,0,3,3,0,1,1,2,2,0,0,0,0,0,-6,-6,0,5,5,-1,0,0,-1,1,0,1,2,1
KR_6763938530,420,2,35,-5,2,3,3,0,0,4,4,-4,1,5,2,2,0,1,2,1,0,-6,-32,-2,9,7,5,0,1,1,1,1,1,4,1
KR_6714012592,420,3,17,55,4,-3,0,3,2,4,2,-1,1,2,5,5,0,1,1,0,-1,7,4,-2,10,8,4,0,1,1,1,1,-1,3,1
KR_6720554952,420,2,-13,10,8,-1,1,2,-1,5,6,3,7,4,5,5,0,2,4,2,2,10,-4,2,4,6,1,0,0,1,-1,-1,1,5,1
KR_6705197623,420,4,25,15,6,-1,2,3,-2,4,6,1,1,0,5,11,6,3,3,0,0,7,-66,3,3,6,-2,0,0,-1,1,0,-1,4,1
KR_6755210598,420,0,24,-2,0,2,3,1,-2,1,3,2,4,2,-1,1,2,-1,1,2,1,0,-29,-6,12,6,4,0,1,-1,-1,-1,1,6,1
KR_6748387578,420,-3,-50,-10,-5,-2,2,4,1,2,1,0,2,2,-4,1,5,0,1,1,0,-4,-8,-4,5,1,4,0,0,-1,-1,0,-1,3,1
KR_6762752591,420,0,-25,12,7,-1,1,2,2,5,3,2,3,1,5,6,1,-1,2,3,0,14,6,4,1,5,-1,0,0,1,1,1,-1,2,1
KR_6698896852,420,3,56,-1,10,6,6,0,2,4,2,1,3,2,1,2,1,0,1,1,2,8,-7,-2,8,6,-1,0,2,1,1,1,1,6,1
KR_6633687004,420,3,-14,-21,13,3,3,0,1,2,1,7,9,2,3,3,0,-1,0,1,1,17,4,0,3,3,3,0,0,1,-1,0,1,4,1
KR_6766886947,440,0,-2,0,0,1,3,2,-2,2,4,0,4,4,-3,0,3,4,4,0,0,-4,-13,-1,5,4,6,0,1,1,1,1,-1,5,1
KR_6759224628,420,5,26,6,13,4,6,2,-1,4,5,7,8,1,1,2,1,2,2,0,1,8,7,0,5,5,5,0,1,1,1,1,1,4,1
KR_6766805858,420,4,14,16,5,-5,0,5,7,7,0,-1,0,1,4,5,1,0,0,0,0,12,1,0,5,5,8,0,0,1,-1,-1,-1,1,1
KR_6719100914,420,5,7,-5,7,5,6,1,3,5,2,-2,0,2,0,2,2,1,1,0,0,6,35,2,8,10,-3,0,0,-1,1,1,1,1,1
KR_6639089980,420,7,75,24,18,4,4,0,4,4,0,7,7,0,3,3,0,0,0,0,0,27,-13,3,4,7,19,0,3,1,1,1,1,1,1
KR_6761678630,420,0,-1,-27,5,2,2,0,1,2,1,0,1,1,2,3,1,0,0,0,0,10,6,2,5,7,3,0,1,1,-1,1,1,3,1
KR_6751574078,420,1,11,38,2,0,1,1,-4,3,7,5,5,0,-1,0,1,2,3,1,0,8,123,2,5,7,-1,0,-1,0,-1,1,1,0,1
KR_6703413735,420,-1,-46,-31,9,-2,1,3,6,6,0,4,6,2,1,5,4,0,0,0,0,23,-40,0,8,8,3,0,-1,1,-1,-1,-1,3,1
KR_6767199958,420,-1,-19,3,-1,1,1,0,-3,2,5,-1,1,2,3,6,3,-1,0,1,1,-3,-110,5,4,9,3,0,0,-1,0,0,1,6,1
KR_6763671756,440,1,-2,-4,0,-2,3,5,-3,4,7,-3,3,6,5,7,2,3,4,1,0,5,-50,-1,5,4,-7,0,-1,1,0,-1,-1,1,1
KR_6764903657,420,-1,-21,-3,2,1,4,3,-3,4,7,0,4,4,2,3,1,2,2,0,0,6,12,0,6,6,2,0,0,1,-1,-1,-1,6,1
KR_6720782179,420,-2,23,-12,-5,3,3,0,2,4,2,-5,3,8,-5,1,6,0,0,0,0,-6,1,1,5,6,0,0,0,-1,1,0,-1,1,1
KR_6756171208,420,3,73,-8,8,-3,2,5,10,10,0,0,0,0,1,3,2,0,0,0,0,14,8,3,2,5,1,0,1,1,1,1,1,4,1
KR_6753507005,420,0,44,37,0,2,4,2,1,2,1,3,6,3,-5,2,7,-1,1,2,0,-1,-7,-3,6,3,5,0,1,-1,0,1,-1,3,1
KR_6695951027,420,8,140,21,15,3,4,1,0,5,5,4,6,2,5,9,4,3,6,3,1,5,6,3,4,7,0,0,3,1,1,1,1,6,1
KR_6728204004,420,3,3,10,10,2,4,2,1,2,1,1,3,2,5,7,2,1,1,0,0,7,-23,-2,7,5,3,0,0,-1,1,-1,1,2,1
KR_6748264202,420,3,85,6,-1,-1,3,4,-1,2,3,2,4,2,-1,3,4,0,0,0,0,-4,-6,-3,6,3,4,0,2,-1,-1,1,1,5,1
KR_6758181699,420,1,47,-9,0,3,4,1,-3,0,3,0,0,0,0,0,0,0,0,0,1,-4,13,-2,9,7,9,0,0,1,-1,0,1,1,1
KR_6758139208,440,0,38,1,1,3,3,0,-7,0,7,1,2,1,2,3,1,2,3,1,0,-7,14,-3,9,6,-2,0,2,1,1,1,-1,6,1
KR_6767600165,420,3,22,13,2,1,2,1,0,2,2,0,4,4,0,3,3,1,2,1,0,-2,17,4,3,7,2,0,2,1,-1,1,1,1,1
KR_6767502753,420,-4,5,-17,-10,2,5,3,-1,1,2,1,2,1,-10,1,11,-2,0,2,0,-12,-3,-4,7,3,4,0,-2,1,-1,-1,-1,3,1
KR_6758513202,420,0,12,40,-5,2,4,2,4,5,1,-6,0,6,2,2,0,-7,1,8,0,-5,0,4,6,10,-1,0,1,-1,1,1,-1,1,1
KR_6712153329,420,2,-2,24,-3,-2,1,3,0,5,5,2,4,2,-3,1,4,0,2,2,-2,-13,25,1,9,10,-3,0,0,-1,1,0,1,5,1
KR_6644841648,420,1,-69,-20,-1,-6,0,6,-3,1,4,1,2,1,0,1,1,7,8,1,0,7,-3,2,4,6,4,0,-1,1,-1,-1,-1,3,1
KR_6748223139,420,4,46,-11,10,5,5,0,0,1,1,1,3,2,4,5,1,0,0,0,0,10,25,-4,10,6,11,0,0,-1,1,1,1,2,1
KR_6694206147,420,4,29,40,12,2,2,0,2,3,1,5,5,0,2,4,2,1,2,1,0,17,202,3,5,8,0,0,2,1,1,1,1,1,1
KR_6703766946,420,3,54,-15,6,5,6,1,5,7,2,-3,0,3,-2,4,6,1,1,0,0,3,-3,2,7,9,3,0,1,-1,1,1,-1,2,1
KR_6760316956,420,7,67,53,12,-2,0,2,7,8,1,0,0,0,4,5,1,3,3,0,-1,10,3,4,5,9,1,0,1,1,1,1,-1,4,1
KR_6766904009,420,4,0,12,4,0,0,0,1,5,4,4,7,3,0,2,2,-1,0,1,0,-1,5,4,2,6,-3,0,1,1,1,1,-1,5,1
KR_6753097363,420,1,-14,12,3,3,5,2,-1,0,1,2,4,2,-4,3,7,3,3,0,0,-3,43,3,4,7,-17,0,-1,1,-1,1,1,3,1
KR_6765224610,420,-1,-28,24,-5,2,3,1,-2,2,4,-3,1,4,-2,5,7,0,0,0,0,0,2,1,4,5,-2,0,-1,-1,-1,-1,1,3,1
KR_6744114825,420,7,71,15,16,-2,0,2,4,5,1,5,5,0,6,7,1,3,3,0,2,20,-2,-2,5,3,2,0,1,1,-1,1,1,5,1
KR_6757433658,420,-2,29,5,1,-3,0,3,-1,0,1,0,1,1,5,5,0,0,1,1,0,3,9,-3,3,0,-3,0,0,1,1,1,1,2,1
KR_6740132071,420,1,11,32,6,1,4,3,4,5,1,1,2,1,1,3,2,-1,0,1,0,8,2,-4,8,4,0,0,0,1,-1,1,1,1,1
KR_6765286663,420,7,95,23,16,5,5,0,4,4,0,1,3,2,7,9,2,-1,0,1,3,19,-8,-5,9,4,5,0,2,1,1,1,1,1,1
KR_6743181068,420,2,-10,36,6,-2,1,3,5,7,2,0,1,1,1,4,3,2,2,0,1,6,3,-8,11,3,4,0,0,-1,1,0,1,2,1
KR_6729683945,420,3,7,0,0,-4,0,4,1,2,1,3,3,0,1,1,0,-1,1,2,0,-2,-137,5,1,6,-5,0,0,1,-1,0,1,5,1
KR_6674191227,420,2,2,-40,7,1,5,4,-1,4,5,0,2,2,5,6,1,2,3,1,0,15,-6,-4,10,6,1,0,-1,1,-1,1,-1,2,1
KR_6714952690,420,3,72,22,6,-1,2,3,1,2,1,-1,2,3,6,6,0,1,1,0,0,3,41,4,4,8,-1,0,0,1,-1,1,1,4,1
KR_6748713072,420,-1,-17,-10,-2,2,4,2,-2,3,5,-1,2,3,-1,1,2,0,0,0,0,-3,32,-5,10,5,5,0,0,-1,-1,0,-1,6,1
KR_6730790975,420,0,9,4,3,-2,0,2,2,4,2,2,2,0,1,2,1,0,0,0,0,3,6,0,6,6,-1,0,1,-1,1,1,1,3,1
KR_6764547375,420,1,47,4,2,-1,1,2,3,5,2,-1,1,2,0,2,2,1,2,1,0,1,0,-1,9,8,-1,0,1,1,1,1,1,6,1
KR_6639772389,420,0,7,-21,-3,2,4,2,-5,0,5,-4,1,5,3,3,0,1,1,0,1,6,-8,1,3,4,3,0,1,1,-1,1,1,1,1
KR_6668262427,420,2,80,-10,9,4,4,0,3,3,0,-3,3,6,3,6,3,2,3,1,0,7,-27,6,2,8,4,0,3,-1,1,1,-1,2,1
KR_6749620540,420,4,50,-4,-1,-2,0,2,-5,0,5,3,7,4,4,6,2,-1,0,1,-1,-7,46,-2,7,5,-18,0,0,-1,-1,0,-1,4,1
KR_6644184804,420,4,102,24,18,-2,2,4,5,6,1,5,5,0,5,5,0,5,5,0,0,15,-15,3,3,6,2,0,0,1,1,1,1,5,1
KR_6765791051,420,3,57,36,7,1,1,0,3,4,1,4,7,3,2,4,2,-3,0,3,0,9,2,1,5,6,2,0,0,1,1,1,-1,5,1
KR_6728917277,420,5,74,24,12,2,2,0,5,6,1,2,4,2,4,7,3,-1,1,2,1,16,-91,1,9,10,3,0,1,1,-1,1,1,4,1
KR_6639686453,420,1,0,0,0,-1,1,2,4,6,2,-1,0,1,-2,2,4,0,0,0,0,1,-1,-2,6,4,7,0,-1,-1,1,-1,1,4,1
KR_6766397579,420,5,26,-4,9,-1,1,2,5,6,1,-3,0,3,6,7,1,2,2,0,0,20,6,2,4,6,2,0,2,1,1,1,1,3,1
KR_6718405868,420,4,24,-17,9,1,2,1,2,5,3,2,5,3,-1,2,3,5,6,1,1,8,4,-7,7,0,4,0,2,-1,1,1,1,2,1
KR_6761420367,440,2,-2,-11,3,0,2,2,6,7,1,-1,5,6,-1,0,1,-1,1,2,0,11,-7,-1,8,7,-1,0,0,1,0,0,-1,6,1
KR_6766945410,420,5,33,22,9,4,4,0,1,2,1,3,5,2,1,3,2,0,0,0,1,9,6,-2,8,6,3,0,1,1,1,1,1,3,1
KR_6760079935,440,-5,-11,12,-7,-1,1,2,0,3,3,-2,3,5,-7,2,9,3,4,1,-1,-6,-2,-1,5,4,0,0,-1,-1,-1,-1,-1,3,1
KR_6767664131,420,0,17,21,-6,-3,0,3,0,4,4,-2,2,4,0,4,4,-1,3,4,0,-5,-3,-5,10,5,-7,0,-3,-1,1,-1,-1,5,1
KR_6698640994,420,-2,5,7,1,-3,0,3,-3,2,5,1,2,1,6,7,1,0,4,4,1,7,7,0,8,8,0,0,0,1,-1,1,1,2,1
KR_6757720717,440,5,29,14,11,5,6,1,1,2,1,-1,1,2,5,8,3,1,2,1,0,15,4,0,4,4,1,0,2,1,-1,1,-1,4,1
KR_6725119190,440,3,105,-37,8,4,4,0,1,2,1,0,3,3,3,5,2,0,0,0,0,7,1,0,4,4,2,0,2,0,-1,1,1,0,1
KR_6742893096,420,5,15,7,8,-3,0,3,2,4,2,1,5,4,9,10,1,-1,2,3,0,8,-3,1,6,7,5,0,0,1,1,1,-1,6,1
KR_6741821114,420,1,-1,19,4,2,5,3,3,4,1,-1,0,1,0,1,1,0,0,0,0,4,-115,0,6,6,-2,0,0,1,1,0,1,4,1
KR_6758494187,420,4,54,18,7,0,4,4,1,6,5,3,3,0,1,4,3,2,2,0,1,11,1,-3,7,4,3,0,2,1,-1,1,1,1,1
KR_6717587350,420,5,85,5,5,3,3,0,0,2,2,6,6,0,-4,2,6,0,2,2,0,6,-23,5,3,8,-2,0,1,1,1,1,1,5,1
KR_6758247807,420,2,44,8,7,0,1,1,3,6,3,-1,1,2,2,4,2,3,4,1,-1,7,-10,2,3,5,6,0,2,0,1,1,-1,0,1
KR_6631339125,420,4,43,8,4,-2,1,3,0,5,5,-5,1,6,8,9,1,3,3,0,0,-7,2,-1,6,5,-5,0,0,1,1,1,-1,4,1
KR_6680236532,420,0,14,9,5,-3,3,6,4,4,0,1,4,3,5,6,1,-2,0,2,0,14,0,-2,5,3,-3,0,-1,-1,1,-1,1,3,1
KR_6764004401,420,1,1,-13,7,6,7,1,1,5,4,2,4,2,-3,1,4,1,1,0,-1,6,-11,-3,8,5,-2,0,-3,1,-1,-1,-1,6,1
KR_6764721402,420,2,18,9,3,2,3,1,-4,1,5,1,5,4,4,5,1,0,0,0,1,11,7,5,4,9,3,0,2,-1,1,1,1,2,1
KR_6756347715,420,0,-72,-12,0,2,3,1,0,2,2,-3,2,5,3,5,2,-2,0,2,1,5,-41,-2,6,4,1,0,1,0,0,1,1,0,1
KR_6751309093,420,2,14,24,0,2,2,0,-2,2,4,1,2,1,0,1,1,-1,0,1,0,-1,-5,2,5,7,-2,0,0,-1,1,1,-1,2,1
KR_6767226391,420,1,-19,32,-2,-1,1,2,0,1,1,1,3,2,0,2,2,-2,0,2,0,1,5,2,3,5,-1,0,1,1,1,1,-1,3,1
KR_6759479552,440,0,-50,11,4,1,1,0,4,5,1,-1,3,4,0,2,2,0,3,3,0,7,-39,-1,4,3,0,0,0,1,-1,0,-1,4,1
KR_6749864839,420,2,-27,23,5,-2,2,4,-1,4,5,2,3,1,4,5,1,2,2,0,-1,8,0,1,2,3,0,0,1,1,1,1,-1,5,1
KR_6198860533,420,0,-27,2,-2,-1,0,1,1,3,2,-3,1,4,0,3,3,1,1,0,0,1,34,-1,7,6,-3,0,-2,-1,-1,-1,1,5,1
KR_6755241524,420,1,-11,9,4,-2,1,3,4,8,4,0,1,1,0,2,2,2,2,0,-1,-4,55,-3,8,5,-2,0,0,-1,-1,-1,1,1,1
KR_6758345981,420,5,64,-12,11,5,5,0,0,3,3,0,1,1,6,6,0,0,2,2,0,14,67,1,7,8,4,0,2,1,-1,1,-1,1,1
KR_6679947771,440,-1,-43,16,3,0,1,1,2,4,2,-2,0,2,1,3,2,2,2,0,0,6,24,0,3,3,0,0,1,1,1,1,1,6,1
KR_6757657354,420,-1,9,23,-3,-2,2,4,4,5,1,-4,1,5,-1,1,2,0,1,1,0,2,-5,-2,6,4,4,0,1,-1,1,1,-1,5,1
KR_6704440618,420,-5,-124,4,-10,-6,1,7,-3,3,6,-4,1,5,3,5,2,0,1,1,0,5,-9,-5,8,3,3,0,-1,1,1,-1,-1,2,1
KR_6678573502,420,5,53,4,6,1,2,1,0,5,5,3,6,3,4,6,2,-2,0,2,0,0,6,-3,7,4,1,0,2,1,-1,1,-1,5,1
KR_6743967811,440,4,-18,15,6,-3,1,4,2,4,2,3,3,0,4,5,1,0,1,1,0,14,12,0,7,7,-1,0,0,1,1,-1,1,3,1
KR_6767622015,420,5,-13,8,4,0,1,1,0,1,1,-1,1,2,5,6,1,0,0,0,0,5,-3,-6,11,5,1,0,0,-1,-1,0,-1,2,1
KR_6661221646,420,3,78,-28,8,3,3,0,1,3,2,-1,3,4,5,6,1,0,2,2,0,10,-13,1,8,9,9,0,2,-1,-1,1,1,6,1
KR_6684986849,420,4,30,24,15,-3,1,4,9,12,3,3,3,0,6,7,1,0,1,1,1,31,-234,7,4,11,2,0,1,1,-1,1,1,3,1
KR_6766082902,420,4,57,44,9,7,8,1,3,3,0,2,3,1,-2,1,3,-1,1,2,0,12,44,3,3,6,-2,0,2,1,1,1,1,6,1
KR_6763096616,420,-2,-10,10,-1,0,0,0,0,1,1,0,3,3,-1,2,3,0,2,2,0,-5,-36,-7,10,3,1,0,-1,1,-1,-1,-1,1,1
KR_6748960006,420,2,38,-19,4,-3,0,3,1,3,2,-4,0,4,9,11,2,1,2,1,0,6,8,0,5,5,1,0,0,1,-1,-1,1,6,1
KR_6754229948,420,2,-36,36,-3,-1,1,2,2,4,2,-1,6,7,-3,0,3,0,0,0,0,-5,18,3,4,7,-3,0,0,1,1,0,-1,3,1
KR_6759696059,420,-5,-2,-45,-2,0,1,1,-3,0,3,-1,2,3,1,3,2,1,1,0,0,1,-2,5,2,7,2,0,0,-1,1,0,-1,4,1
KR_6758559514,420,-2,-11,-28,1,1,3,2,-1,0,1,0,1,1,1,3,2,0,1,1,1,3,-13,1,3,4,-4,0,1,-1,1,1,1,6,1
KR_6766838902,420,0,17,27,-6,-3,0,3,0,5,5,-1,1,2,-2,4,6,0,0,0,0,1,2,1,5,6,3,0,1,-1,1,1,-1,1,1
KR_6759340314,440,0,-37,24,2,0,1,1,-2,0,2,2,4,2,3,4,1,-1,0,1,0,5,3,2,1,3,3,0,-1,1,0,-1,-1,6,1
KR_6727759747,420,1,18,21,7,-1,1,2,0,2,2,5,6,1,3,5,2,0,3,3,0,6,-8,1,5,6,5,0,1,1,1,1,1,2,1
KR_6727240098,420,4,-54,-8,9,-1,2,3,1,5,4,4,4,0,5,6,1,0,1,1,1,8,59,2,4,6,4,0,-1,1,-1,-1,1,4,1
KR_6741403367,440,2,29,-13,7,1,2,1,2,4,2,3,3,0,0,2,2,1,2,1,0,11,-9,-1,8,7,6,0,1,0,1,1,1,0,1
KR_6767229821,420,1,24,-7,-4,-1,1,2,2,6,4,-3,1,4,-3,2,5,1,1,0,0,-4,4,-3,10,7,3,0,0,1,-1,0,-1,4,1
KR_6657680212,420,-1,38,8,-4,0,0,0,-1,3,4,-8,0,8,6,8,2,-1,0,1,-1,-9,-8,-1,6,5,4,0,2,1,-1,1,-1,4,1
KR_6767411841,420,-1,9,-26,1,1,3,2,-1,0,1,-3,1,4,2,2,0,2,2,0,0,3,-6,1,6,7,0,0,0,0,1,0,1,0,1
KR_6763358193,440,2,58,21,4,-1,1,2,-1,2,3,5,11,6,2,4,2,-1,0,1,1,-4,-1,-2,7,5,5,0,2,0,1,1,1,0,1
KR_6760787104,420,1,-7,-8,6,2,3,1,0,5,5,2,2,0,3,5,2,-1,1,2,1,6,1,3,4,7,-2,0,0,1,-1,0,1,1,1
KR_6734007819,420,3,72,-17,3,5,8,3,2,3,1,2,4,2,-5,1,6,-1,0,1,0,-15,3,-1,6,5,0,0,4,-1,1,1,1,3,1
KR_6746710393,420,9,32,9,13,3,4,1,3,4,1,-1,2,3,6,6,0,2,2,0,0,14,0,0,6,6,-1,0,1,1,1,1,1,2,1
KR_6759674987,420,1,67,14,9,9,9,0,-1,3,4,2,6,4,-1,4,5,0,1,1,0,1,-21,1,4,5,1,0,1,-1,1,1,1,3,1
KR_6495899601,420,1,15,-1,3,2,2,0,-2,1,3,0,2,2,-1,4,5,4,4,0,1,5,66,-2,7,5,1,0,1,1,-1,1,1,1,1
KR_6708006610,420,6,36,41,6,1,1,0,1,3,2,4,6,2,0,2,2,0,0,0,0,3,-16,1,7,8,5,0,0,-1,1,0,-1,1,1
KR_6746740434,420,3,17,14,13,4,4,0,3,6,3,5,10,5,1,1,0,0,1,1,0,16,5,-3,9,6,-2,0,0,0,-1,1,1,0,1
KR_6745100797,420,-2,-33,4,1,0,1,1,-2,3,5,-3,0,3,4,8,4,2,3,1,0,-4,-4,1,5,6,4,0,0,-1,1,0,1,4,1
KR_6755495928,420,2,53,-6,4,9,10,1,2,4,2,1,2,1,-6,3,9,-2,1,3,-1,-7,47,2,3,5,-2,0,2,-1,1,1,-1,4,1
KR_6720324308,420,3,1,14,6,-1,1,2,3,4,1,1,2,1,2,2,0,1,1,0,0,7,-2,-3,8,5,-2,0,0,1,-1,0,1,4,1
KR_6713657013,420,4,73,28,6,2,4,2,3,3,0,4,5,1,-4,4,8,1,2,1,0,-1,-77,0,7,7,16,0,0,1,1,1,1,4,1
KR_6674581510,420,2,36,-11,6,0,3,3,3,4,1,0,6,6,3,3,0,0,1,1,0,9,12,4,2,6,1,0,0,1,1,-1,1,6,1
KR_6763527868,420,1,80,-4,-3,0,4,4,-1,6,7,0,1,1,-2,0,2,0,1,1,0,3,55,4,5,9,-17,0,2,1,1,1,1,1,1
KR_6649474441,420,1,64,13,6,2,5,3,-2,3,5,5,6,1,-1,1,2,2,2,0,0,4,-5,-2,6,4,3,0,0,1,1,1,1,4,1
KR_6765955274,420,0,-28,7,-2,0,1,1,-4,1,5,-1,1,2,3,3,0,0,0,0,0,0,-10,-4,9,5,5,0,0,1,-1,0,-1,5,1
KR_6750920974,420,-1,-12,9,0,1,3,2,0,3,3,2,3,1,-4,0,4,1,1,0,3,-1,34,3,6,9,0,0,-1,1,1,-1,1,2,1
KR_6704802946,420,3,2,16,9,3,3,0,7,8,1,-2,3,5,3,7,4,-2,0,2,0,21,4,-3,10,7,0,0,0,-1,1,-1,-1,4,1
KR_6628657194,420,1,50,3,1,-1,3,4,0,2,2,-2,0,2,3,5,2,1,2,1,0,2,-12,-2,7,5,-1,0,1,1,-1,-1,1,4,1
KR_6763217292,420,0,8,5,3,0,2,2,0,2,2,3,4,1,4,4,0,-4,0,4,1,5,-3,2,6,8,6,0,1,1,1,1,1,5,1
KR_6753634955,420,0,37,16,-5,-1,3,4,-1,1,2,-3,2,5,0,3,3,0,0,0,0,-6,-3,-2,6,4,-4,0,0,1,1,0,-1,6,1
KR_6703797143,420,5,84,8,18,3,5,2,4,5,1,4,6,2,7,10,3,0,2,2,1,15,-5,2,6,8,1,0,3,1,1,1,1,5,1
KR_6758518403,420,3,42,3,11,-1,1,2,3,5,2,4,6,2,4,5,1,1,1,0,0,19,31,-1,5,4,3,0,0,1,-1,-1,1,3,1
KR_6740584540,420,6,71,40,13,3,3,0,6,9,3,5,5,0,3,3,0,-4,2,6,1,15,38,1,6,7,2,0,1,1,1,1,1,1,1
KR_6765044349,420,2,67,-5,6,0,1,1,5,6,1,-2,0,2,2,2,0,1,1,0,0,7,5,-2,8,6,5,0,0,0,1,0,1,0,1
KR_6763897167,420,-2,-28,-21,-5,-4,2,6,-3,2,5,0,3,3,2,5,3,0,1,1,0,-3,9,4,4,8,-1,0,-1,1,-1,-1,1,5,1
KR_6685671745,420,-2,-37,1,-2,-4,0,4,1,2,1,2,3,1,-1,1,2,0,0,0,0,-1,8,2,5,7,-7,0,1,-1,1,1,1,5,1
KR_6701335060,420,6,66,53,15,3,3,0,0,4,4,7,7,0,3,7,4,2,2,0,0,21,-15,0,4,4,5,0,1,1,-1,1,1,1,1
KR_6696592271,420,-3,-84,-41,3,-5,1,6,3,7,4,0,2,2,0,3,3,5,5,0,0,14,-5,2,5,7,7,0,0,1,-1,-1,1,2,1
KR_6764659093,420,2,1,20,5,5,5,0,2,5,3,0,2,2,0,4,4,-2,2,4,0,5,23,1,3,4,-3,0,0,-1,-1,0,1,4,1
KR_6735676463,440,1,-9,-4,2,-3,0,3,3,6,3,5,6,1,1,3,2,-4,0,4,0,14,-60,-1,8,7,11,0,-2,-1,-1,-1,1,4,1
KR_6720804440,420,2,22,4,5,-3,0,3,8,11,3,-1,2,3,0,2,2,1,1,0,0,10,-3,-1,6,5,2,0,0,1,-1,-1,1,4,1
KR_6705787887,420,1,53,24,1,4,4,0,-1,0,1,1,3,2,-3,2,5,0,2,2,0,-4,2,1,2,3,1,0,0,1,-1,0,1,4,1
KR_6690776424,420,-2,-30,20,-5,-5,0,5,-4,4,8,4,5,1,0,2,2,0,0,0,-1,-5,-2,-4,10,6,-3,0,-1,-1,1,-1,-1,6,1
KR_6759689943,420,3,29,-2,4,-1,0,1,-1,3,4,5,5,0,1,1,0,0,0,0,0,-2,15,1,5,6,2,0,0,-1,1,0,-1,6,1
KR_6710745827,420,0,7,39,0,0,0,0,-1,3,4,-1,3,4,1,2,1,1,1,0,0,3,-89,2,4,6,-1,0,0,-1,-1,0,-1,5,1
KR_6695295046,420,2,-12,12,5,2,2,0,5,6,1,-1,0,1,0,2,2,-1,0,1,0,6,11,2,7,9,-4,0,0,-1,1,1,-1,5,1
KR_6758170543,420,2,66,-10,3,2,4,2,1,2,1,1,1,0,-2,0,2,1,1,0,0,-1,-184,-1,8,7,-4,0,0,1,-1,1,-1,3,1
KR_6697084794,420,0,-42,-24,-1,2,2,0,0,1,1,1,1,0,-5,1,6,1,1,0,0,-5,-1,-1,7,6,-1,0,0,-1,1,0,-1,4,1
KR_6707477569,440,0,32,8,2,2,3,1,1,3,2,1,2,1,-3,0,3,1,1,0,0,-3,-4,0,3,3,2,0,1,1,1,1,1,5,1
KR_6679756942,420,3,47,17,5,1,2,1,-4,1,5,1,3,2,3,7,4,4,5,1,-1,-2,11,3,4,7,0,0,-1,1,1,1,-1,3,1
KR_6644300250,420,7,105,60,13,1,2,1,4,6,2,4,6,2,2,5,3,2,2,0,0,9,44,-2,6,4,5,0,2,1,1,1,-1,3,1
KR_6764020125,420,2,25,24,3,0,2,2,0,1,1,2,2,0,2,2,0,-1,1,2,-1,1,-221,-1,4,3,3,0,1,-1,-1,1,-1,3,1
KR_6651390991,420,1,-17,3,-1,-1,0,1,3,4,1,-1,2,3,-2,1,3,0,0,0,0,-6,1,0,7,7,-3,0,-1,-1,1,-1,1,1,1
KR_6715787204,440,3,8,17,0,3,5,2,-1,0,1,-1,0,1,-1,1,2,0,0,0,0,-5,-30,0,3,3,-1,0,-1,0,-1,-1,-1,0,1
KR_6767549819,420,-1,6,0,1,0,4,4,2,2,0,-3,2,5,1,3,2,1,1,0,0,0,-8,-2,4,2,-4,0,1,-1,1,1,1,6,1
KR_6749331572,420,4,5,10,8,0,2,2,4,4,0,0,1,1,3,3,0,1,1,0,0,7,2,2,4,6,1,0,2,-1,-1,1,1,5,1
KR_6656564749,420,1,21,11,2,3,4,1,-1,4,5,-3,1,4,3,5,2,0,1,1,0,5,-209,-3,7,4,1,0,-1,1,-1,-1,-1,6,1
KR_6767868417,420,1,28,-25,1,-4,0,4,2,3,1,-1,2,3,3,9,6,1,2,1,0,5,4,0,8,8,5,0,0,1,-1,1,1,5,1
KR_6703772997,420,0,42,-12,6,9,10,1,-4,1,5,1,3,2,0,4,4,0,1,1,0,-2,-9,-1,6,5,4,0,2,-1,-1,1,1,1,1
KR_6767280898,420,3,40,23,5,-1,0,1,4,5,1,1,1,0,2,5,3,-1,0,1,0,8,11,5,4,9,1,0,1,1,1,1,-1,3,1
KR_6649030103,420,3,59,11,4,0,1,1,3,4,1,1,2,1,0,1,1,0,0,0,0,10,43,1,5,6,-12,0,1,-1,1,1,-1,3,1
KR_6766803607,420,-3,-44,0,-3,2,2,0,-1,0,1,0,2,2,-4,1,5,0,1,1,0,-3,-13,-5,9,4,4,0,0,-1,-1,0,1,1,1
KR_6763265451,440,2,-1,33,1,5,5,0,-6,2,8,-4,1,5,4,6,2,2,2,0,0,-4,113,7,1,8,2,0,1,1,1,1,1,6,1
KR_6732910721,440,0,38,15,5,2,3,1,-1,4,5,5,6,1,2,5,3,-3,4,7,1,-12,2,6,3,9,0,0,0,0,0,-1,1,0,1
KR_6758542219,420,3,22,-18,8,0,0,0,2,3,1,1,1,0,4,5,1,1,1,0,0,12,32,0,3,3,1,0,0,1,1,1,1,1,1
KR_6765253556,440,4,137,-4,15,4,6,2,4,4,0,7,8,1,-1,2,3,1,1,0,0,13,-1,3,2,5,3,0,2,-1,1,1,1,2,1
KR_6763735479,420,-2,0,-5,-4,0,0,0,-4,1,5,-1,0,1,0,2,2,1,1,0,0,-2,2,4,3,7,5,0,0,1,1,1,1,4,1
KR_6767487144,420,1,-25,29,-5,-3,0,3,-2,5,7,-1,1,2,0,0,0,1,1,0,0,-2,-38,0,5,5,20,0,-1,1,1,1,-1,1,1
KR_6717686663,420,5,39,24,9,1,2,1,2,4,2,6,7,1,2,4,2,-2,0,2,0,8,-7,-5,7,2,2,0,2,-1,1,1,-1,6,1
KR_6686866892,420,-2,-66,-22,-2,-1,1,2,-7,1,8,-2,1,3,4,7,3,4,6,2,-1,-7,-28,-1,4,3,-4,0,-4,-1,-1,-1,-1,1,1
KR_6760490553,420,0,32,20,8,-4,0,4,6,8,2,4,8,4,1,2,1,1,1,0,2,13,26,-1,5,4,3,0,1,1,1,1,-1,2,1
KR_6716213274,420,2,15,-9,2,-1,0,1,3,3,0,-2,1,3,2,4,2,0,1,1,0,9,-32,0,7,7,-1,0,1,1,-1,1,1,3,1
KR_6750750520,420,5,95,16,6,-1,2,3,3,3,0,2,3,1,3,5,2,-1,1,2,-1,9,-11,-1,6,5,5,0,0,1,1,1,-1,1,1
KR_6664237243,420,2,64,-14,7,2,3,1,2,3,1,5,8,3,-2,0,2,0,0,0,0,-1,-4,-5,9,4,6,0,2,1,1,1,1,6,1
KR_6755714835,420,1,-2,-4,8,0,0,0,-2,1,3,4,4,0,5,6,1,1,1,0,0,9,16,-3,9,6,-2,0,1,-1,0,1,1,1,1
KR_6696692046,420,2,2,8,-2,-2,0,2,-1,5,6,-3,2,5,3,3,0,1,1,0,1,1,-4,-2,7,5,1,0,0,1,-1,0,1,4,1
KR_6715178312,420,3,33,22,0,-3,1,4,-2,3,5,3,3,0,1,2,1,1,2,1,0,3,12,6,3,9,0,0,-1,1,-1,1,1,1,1
KR_6655727551,420,7,61,29,10,3,3,0,5,7,2,1,3,2,3,6,3,-2,1,3,0,8,27,7,3,10,-2,0,0,1,-1,1,-1,4,1
KR_6764333253,420,8,92,28,22,7,7,0,2,3,1,5,8,3,8,10,2,0,0,0,0,20,7,3,2,5,-2,0,2,1,1,1,1,4,1
KR_6761555548,420,5,52,8,7,2,6,4,-3,1,4,1,2,1,4,5,1,3,4,1,0,1,11,-1,5,4,3,0,1,1,-1,1,-1,2,1
KR_6705068892,420,7,41,9,13,2,2,0,1,3,2,5,5,0,8,12,4,-3,0,3,1,8,3,1,4,5,2,0,3,1,1,1,1,4,1
KR_6659352298,440,1,16,0,8,3,5,2,4,5,1,2,5,3,1,2,1,-2,1,3,0,13,-29,4,5,9,1,0,1,-1,1,1,1,4,1
KR_6750796673,420,2,28,0,2,2,3,1,1,4,3,-1,1,2,2,5,3,-2,1,3,0,-5,-7,2,6,8,6,0,2,0,1,1,1,0,1
KR_6700068113,420,1,35,1,6,8,8,0,-2,1,3,-1,0,1,-1,3,4,2,4,2,0,7,-11,-6,10,4,4,0,1,0,-1,1,1,0,1
KR_6764612594,420,4,12,-7,7,6,6,0,2,3,1,-2,1,3,0,5,5,1,1,0,0,11,16,6,4,10,0,0,-1,1,-1,-1,-1,3,1
KR_6765202635,420,3,45,20,3,0,2,2,0,5,5,2,4,2,-1,4,5,2,2,0,0,7,-18,3,6,9,-8,0,1,1,1,1,-1,4,1
KR_6696548196,420,5,72,40,2,4,5,1,-5,3,8,2,4,2,1,1,0,0,0,0,0,-5,-41,4,3,7,25,0,3,1,1,1,1,3,1
KR_6756254431,420,4,-16,-36,5,2,3,1,4,4,0,5,6,1,-5,0,5,-1,1,2,0,3,-2,-1,4,3,-2,0,0,0,1,1,-1,0,1
KR_6763202133,420,2,-13,-20,2,4,7,3,-2,2,4,1,5,4,-4,1,5,3,3,0,0,-2,-6,1,6,7,2,0,3,-1,1,1,-1,2,1
KR_6680721798,420,-1,-43,41,-1,-3,1,4,-2,3,5,3,4,1,-1,3,4,2,5,3,0,7,-1,3,6,9,6,0,1,1,1,1,1,1,1
KR_6764423788,420,0,-1,-16,5,0,2,2,1,5,4,-2,1,3,5,5,0,1,1,0,0,2,16,2,4,6,-5,0,1,1,1,1,-1,5,1
KR_6762751158,420,0,-20,8,5,1,2,1,2,3,1,2,2,0,0,3,3,0,2,2,1,9,125,4,3,7,0,0,-1,1,-1,-1,1,5,1
KR_6762628796,420,3,21,7,11,-1,2,3,1,2,1,0,1,1,8,9,1,3,4,1,0,15,-19,0,6,6,7,0,0,1,-1,0,-1,2,1
KR_6738292822,440,4,77,0,3,6,7,1,-3,2,5,0,1,1,1,3,2,-1,1,2,0,-5,118,2,5,7,-2,0,2,0,1,1,1,0,1
KR_6659882904,420,2,24,-13,4,2,3,1,-1,0,1,5,8,3,-2,2,4,0,2,2,0,-7,-42,-1,7,6,19,0,0,1,1,1,1,3,1
KR_6633976812,420,-2,-41,-18,-7,-5,0,5,-2,2,4,0,5,5,1,2,1,-1,2,3,0,-10,-4,3,4,7,3,0,0,0,-1,0,1,0,1
KR_6762687718,420,-3,3,-35,-2,2,2,0,-3,1,4,3,3,0,-5,1,6,1,1,0,0,-6,-1,-3,8,5,-1,0,0,-1,-1,0,1,5,1
KR_6641135998,420,1,17,17,-1,3,4,1,-6,1,7,0,2,2,1,2,1,1,1,0,-1,-6,29,-1,8,7,3,0,1,-1,1,1,-1,1,1
KR_6704724791,420,4,61,7,11,8,8,0,-1,0,1,0,2,2,3,4,1,1,1,0,0,22,4,0,4,4,5,0,2,1,1,1,1,5,1
KR_6765451726,420,6,12,-3,13,0,1,1,2,4,2,7,8,1,2,2,0,2,2,0,0,15,34,-4,9,5,2,0,3,0,-1,1,1,0,1
KR_6767770879,420,0,25,35,-1,0,2,2,-2,1,3,5,6,1,-3,1,4,-1,3,4,-1,-12,136,0,6,6,-3,0,1,1,-1,1,-1,5,1
KR_6711594294,420,1,0,0,-2,-1,2,3,-2,3,5,2,2,0,0,4,4,-1,1,2,2,5,7,-3,11,8,9,0,0,-1,1,-1,1,3,1
KR_6753089973,420,1,34,28,6,0,3,3,4,5,1,1,2,1,3,4,1,-2,0,2,0,5,-13,4,5,9,6,0,2,1,1,1,1,2,1
KR_6706698323,440,0,18,-19,3,2,3,1,1,5,4,-2,0,2,0,2,2,2,3,1,0,0,-14,-4,5,1,18,0,1,0,0,1,-1,0,1
KR_6676821530,440,2,63,16,1,-1,0,1,3,4,1,1,1,0,-2,3,5,0,2,2,0,-2,-2,4,5,9,4,0,0,1,1,0,1,4,1
KR_6767559398,420,2,31,-8,0,-3,1,4,-2,3,5,1,3,2,4,6,2,0,0,0,0,6,-8,8,1,9,-3,0,-1,1,-1,-1,1,6,1
KR_6664850987,420,0,27,9,8,2,2,0,1,3,2,0,2,2,4,4,0,1,1,0,0,7,-24,5,2,7,-2,0,1,1,1,1,1,2,1
KR_6750327398,420,1,72,8,6,4,4,0,2,2,0,2,3,1,-2,1,3,0,0,0,0,1,27,2,5,7,-4,0,1,-1,1,1,1,5,1
KR_6765395363,420,1,48,23,9,3,4,1,0,3,3,4,4,0,1,3,2,1,1,0,0,5,10,6,1,7,2,0,1,1,1,1,1,4,1
KR_6755720138,440,3,7,27,2,-2,2,4,-2,1,3,1,1,0,3,5,2,2,4,2,0,-2,-2,-3,6,3,3,0,-1,1,-1,-1,1,5,1
KR_6755415678,420,5,1,-7,9,1,2,1,3,3,0,3,5,2,1,2,1,1,1,0,0,12,15,-3,6,3,2,0,-1,-1,1,1,1,1,1
KR_6745215004,420,3,61,36,5,-2,1,3,3,4,1,4,6,2,-1,0,1,1,2,1,0,8,6,2,3,5,-1,0,1,-1,1,1,1,2,1
KR_6738003351,420,5,-5,7,16,2,2,0,2,2,0,8,11,3,1,3,2,3,3,0,0,18,0,2,3,5,-1,0,2,1,1,1,1,2,1
KR_6668044622,420,-2,-20,8,-8,-4,1,5,-3,2,5,0,4,4,-2,6,8,1,2,1,-1,-3,-1,-1,8,7,-5,0,-1,-1,1,-1,-1,1,1
KR_6767492123,440,3,63,22,14,2,3,1,8,9,1,-1,0,1,5,8,3,0,6,6,1,17,17,-5,9,4,5,0,3,1,1,1,1,6,1
KR_6767979328,420,5,1,11,6,-2,0,2,4,4,0,1,1,0,3,4,1,0,2,2,-1,13,11,-1,6,5,5,0,3,-1,1,1,-1,4,1
KR_6757720578,420,3,26,-3,7,0,0,0,5,5,0,2,4,2,1,2,1,-1,2,3,0,7,9,1,2,3,1,0,1,1,1,1,1,1,1
KR_6758269702,420,-1,11,-33,3,-4,0,4,-4,3,7,5,8,3,6,11,5,0,1,1,0,-2,-34,7,4,11,-8,0,2,1,-1,1,-1,2,1
KR_6716579539,440,2,-17,-5,3,0,2,2,4,5,1,1,2,1,-1,3,4,-1,2,3,0,3,38,4,5,9,-1,0,-1,-1,1,-1,-1,5,1
KR_6672865944,420,0,37,-36,0,-1,0,1,-2,3,5,2,3,1,-1,4,5,2,2,0,0,0,5,1,2,3,-1,0,0,-1,0,0,1,5,1
KR_6737886700,420,4,25,-8,7,0,1,1,3,5,2,-2,0,2,7,9,2,-1,0,1,0,9,126,-4,8,4,3,0,0,1,1,1,1,4,1
KR_6641202734,420,4,-13,23,8,2,3,1,2,3,1,2,4,2,2,3,1,0,0,0,0,0,2,-2,5,3,-4,0,2,1,1,1,1,1,1
KR_6675230266,420,1,23,-17,6,-1,2,3,-1,2,3,7,8,1,2,4,2,-1,1,2,0,9,-32,4,5,9,-1,0,2,-1,1,1,-1,6,1
KR_6761652229,440,4,30,14,2,-1,3,4,1,1,0,1,2,1,0,4,4,1,2,1,1,10,49,-1,7,6,4,0,1,1,-1,1,1,1,1
KR_6762903538,420,1,-32,14,10,0,4,4,3,6,3,4,6,2,3,6,3,0,1,1,0,6,-7,5,3,8,1,0,1,1,0,1,1,3,1
KR_6743239703,420,5,61,8,8,3,3,0,4,5,1,1,2,1,0,2,2,0,0,0,0,11,24,0,9,9,1,0,0,-1,1,1,-1,3,1
KR_6733704309,420,7,74,24,14,0,1,1,5,6,1,10,13,3,-1,0,1,0,0,0,0,11,5,3,1,4,1,0,2,1,1,1,1,4,1
KR_6743610869,440,3,56,12,10,3,3,0,-3,3,6,3,5,2,9,10,1,-2,2,4,0,11,-5,3,3,6,-1,0,1,-1,1,1,1,1,1
KR_6764772082,420,2,6,4,2,0,0,0,1,6,5,3,5,2,-3,2,5,1,2,1,1,6,21,0,6,6,4,0,-1,-1,1,-1,1,2,1
KR_6687497802,420,6,127,40,8,2,3,1,7,9,2,3,6,3,-4,1,5,0,0,0,0,4,5,-1,6,5,4,0,2,1,1,1,1,5,1
KR_6658317295,420,-2,-56,5,-5,0,0,0,-7,0,7,5,7,2,-3,1,4,0,0,0,0,-7,13,-2,4,2,-2,0,0,1,1,1,-1,2,1
KR_6758833622,420,-2,-46,11,-4,0,0,0,-6,1,7,1,2,1,1,6,5,0,2,2,0,-6,-10,-1,5,4,2,0,-1,-1,-1,-1,1,2,1
KR_6745118525,440,-1,57,-1,-2,-1,1,2,-1,3,4,-1,1,2,1,5,4,0,0,0,0,-9,0,-3,9,6,9,0,0,1,-1,1,-1,4,1
KR_6748359270,420,7,63,19,2,3,3,0,-3,1,4,4,7,3,-2,2,4,0,1,1,0,6,2,0,2,2,1,0,4,1,1,1,1,6,1
KR_6758594013,440,5,71,29,9,1,1,0,-1,0,1,3,3,0,4,6,2,2,2,0,1,9,-102,7,1,8,3,0,3,1,1,1,1,2,1
KR_6723939716,420,3,-1,3,3,-3,1,4,1,2,1,-1,1,2,6,6,0,0,1,1,0,9,19,-1,5,4,-3,0,0,-1,-1,0,-1,1,1
KR_6679515765,440,2,-10,35,2,-1,2,3,2,2,0,0,1,1,-1,2,3,2,2,0,0,5,31,-2,8,6,-2,0,1,0,1,1,1,0,1
KR_6606317405,420,1,37,11,-2,-2,0,2,-5,1,6,0,1,1,2,2,0,3,4,1,0,-2,21,-4,6,2,-1,0,0,1,-1,0,-1,2,1
KR_6763372998,440,1,-8,22,3,4,5,1,2,4,2,0,2,2,0,2,2,-3,3,6,1,-9,7,-4,8,4,-1,0,1,1,1,1,1,3,1
KR_6766981842,420,0,-41,-28,10,-1,0,1,5,5,0,2,2,0,3,3,0,1,2,1,0,16,-31,-2,9,7,6,0,1,1,1,1,1,4,1
KR_6604195643,420,0,2,12,-5,2,3,1,-1,1,2,0,1,1,-5,1,6,-1,1,2,1,-8,-25,-3,7,4,2,0,-1,1,1,-1,1,4,1
KR_6762883696,420,1,-6,-7,9,-1,0,1,2,3,1,1,2,1,4,4,0,3,3,0,-1,13,-10,-2,6,4,-2,0,1,1,1,1,-1,4,1
KR_6731429083,420,0,15,-19,2,3,5,2,-1,0,1,-3,0,3,1,4,3,2,2,0,0,4,-8,-7,11,4,9,0,-1,-1,-1,-1,1,3,1
KR_6743508485,420,1,25,-4,-6,1,1,0,-4,2,6,0,1,1,-3,4,7,0,2,2,-1,-9,-5,-4,10,6,-1,0,0,1,-1,0,-1,6,1
KR_6706975166,440,0,-16,4,5,1,2,1,-1,1,2,1,3,2,3,5,2,1,1,0,0,8,8,4,6,10,3,0,0,1,-1,0,1,6,1
KR_6762814003,420,-1,12,5,-7,-3,0,3,-4,2,6,0,5,5,-2,2,4,2,2,0,-1,-15,-9,2,4,6,2,0,-2,1,-1,-1,-1,5,1
KR_6748939702,420,1,0,-24,5,0,2,2,-1,4,5,2,3,1,4,8,4,0,1,1,0,5,2,1,5,6,5,0,0,1,-1,-1,1,2,1
KR_6765700843,420,0,-14,24,0,-4,1,5,1,2,1,0,1,1,2,3,1,1,1,0,0,5,-7,1,5,6,-1,0,-1,1,1,-1,1,3,1
KR_6753927304,420,4,6,-5,14,10,10,0,2,3,1,2,3,1,1,2,1,-1,1,2,0,3,-31,-6,11,5,3,0,1,1,1,1,1,4,1
KR_6760946206,420,3,36,-23,14,2,3,1,4,5,1,3,6,3,7,8,1,-2,1,3,0,15,-5,3,4,7,-2,0,1,1,-1,-1,1,4,1
KR_6732751475,420,2,61,19,7,2,5,3,-2,1,3,-1,1,2,8,10,2,0,2,2,0,18,-3,5,3,8,-2,0,2,1,-1,1,-1,3,1
KR_6601926925,420,4,-7,22,9,0,3,3,4,6,2,4,9,5,1,3,2,0,1,1,0,10,5,1,7,8,8,0,2,1,1,1,1,4,1
KR_6714697462,420,0,9,14,1,0,1,1,-1,4,5,0,3,3,0,2,2,2,2,0,0,0,15,-4,11,7,3,0,1,1,1,1,-1,5,1
KR_6689603603,420,2,25,-16,3,0,2,2,1,7,6,-2,0,2,5,5,0,-1,2,3,0,6,-1,2,6,8,6,0,0,1,-1,-1,1,5,1
KR_6761611942,420,6,16,40,4,0,4,4,2,4,2,-1,3,4,3,8,5,0,1,1,0,4,2,-2,8,6,3,0,-1,1,1,-1,1,2,1
KR_6717276755,420,2,-82,6,5,-1,0,1,6,12,6,-4,3,7,2,3,1,2,3,1,0,18,130,-4,7,3,2,0,0,1,-1,0,-1,1,1
KR_6765435025,440,0,87,-30,2,0,2,2,-2,1,3,-1,5,6,5,9,4,0,1,1,0,3,-78,-2,5,3,3,0,0,-1,1,0,-1,1,1
KR_6761367310,420,0,39,26,-6,-1,2,3,2,4,2,-4,0,4,-2,6,8,-1,0,1,0,-21,8,3,3,6,-7,0,0,1,-1,1,-1,5,1
KR_6674059359,420,1,18,8,4,2,2,0,-2,1,3,1,5,4,2,2,0,1,1,0,0,6,9,5,5,10,-8,0,0,-1,-1,1,-1,1,1
KR_6740406012,420,0,6,-20,5,-2,0,2,-2,0,2,0,3,3,7,8,1,2,2,0,1,9,11,-2,4,2,1,0,-1,-1,1,-1,1,6,1
KR_6766603041,420,0,37,24,4,5,5,0,2,5,3,1,2,1,-2,2,4,-2,0,2,0,-1,-3,2,1,3,5,0,1,1,1,1,1,4,1
KR_6620220824,420,1,62,-8,-7,0,2,2,0,2,2,-3,1,4,-3,3,6,-1,0,1,0,-8,30,2,4,6,2,0,1,-1,-1,1,1,2,1
KR_6625033192,420,3,25,-28,2,7,7,0,0,2,2,0,1,1,-3,3,6,-2,1,3,1,-8,-253,3,4,7,0,0,1,1,1,1,1,2,1
KR_6616484035,420,7,103,49,5,-1,3,4,6,9,3,1,1,0,1,3,2,-2,2,4,0,6,36,0,10,10,3,0,2,1,1,1,-1,3,1
KR_6762840885,420,2,70,33,-1,1,4,3,7,7,0,-7,2,9,-1,5,6,-1,0,1,0,-3,2,2,5,7,-4,0,3,-1,1,1,-1,5,1
KR_6697616176,420,0,-81,11,2,0,1,1,5,6,1,-1,2,3,-3,0,3,1,2,1,0,2,55,-5,8,3,1,0,0,1,1,0,1,5,1
KR_6676271087,420,0,68,4,5,0,2,2,7,8,1,-3,0,3,3,4,1,-2,0,2,0,4,2,5,4,9,0,0,-1,1,1,-1,1,1,1
KR_6706784987,420,5,15,35,9,1,2,1,5,6,1,4,5,1,-2,3,5,1,2,1,0,11,-2,0,10,10,-4,0,-1,1,-1,-1,-1,2,1
KR_6691675090,420,2,92,4,10,2,3,1,3,7,4,-1,0,1,5,6,1,1,1,0,0,8,1,4,6,10,4,0,2,-1,1,1,1,1,1
KR_6767217911,420,-1,-28,18,-3,-4,0,4,4,5,1,-2,2,4,-2,0,2,1,2,1,-1,-5,8,-2,7,5,3,0,0,-1,1,0,-1,6,1
KR_6644554935,420,5,128,-27,3,3,4,1,0,4,4,-7,0,7,8,11,3,-1,0,1,-1,-4,5,3,5,8,1,0,2,-1,1,1,1,5,1
KR_6765961732,420,0,-4,4,-7,-3,0,3,1,5,4,-2,2,4,-4,0,4,1,2,1,0,-1,-2,0,7,7,-1,0,-2,1,-1,-1,-1,4,1
KR_6718455896,420,1,99,-7,0,4,4,0,1,5,4,-1,0,1,0,2,2,-4,0,4,2,2,0,1,4,5,2,0,1,1,-1,1,1,1,1
KR_6766459358,420,2,-5,9,8,5,6,1,0,1,1,0,3,3,3,6,3,0,0,0,0,6,-38,-2,8,6,18,0,2,-1,1,1,1,6,1
KR_6659676160,420,2,-8,33,5,5,7,2,1,7,6,-2,1,3,0,5,5,1,1,0,0,5,6,-3,9,6,-4,0,2,-1,1,1,1,6,1
KR_6760954225,420,2,98,8,6,5,6,1,-1,0,1,4,5,1,-2,2,4,0,1,1,0,3,7,2,4,6,-2,0,2,1,1,1,1,5,1
KR_6663236950,420,3,57,28,7,-1,1,2,3,3,0,2,3,1,2,5,3,1,2,1,0,9,-19,-1,7,6,3,0,1,1,1,1,-1,2,1
KR_6701472340,440,0,16,-7,5,2,2,0,-1,1,2,0,1,1,4,5,1,0,1,1,1,9,3,3,4,7,1,0,0,-1,1,1,1,6,1
KR_6719307530,420,0,-59,-16,-3,2,6,4,-1,0,1,0,3,3,-2,2,4,-2,0,2,0,-1,33,-6,12,6,-2,0,0,1,1,0,-1,6,1
KR_6766826886,420,0,25,-16,0,0,1,1,-2,2,4,0,2,2,1,1,0,1,2,1,0,1,16,-1,4,3,0,0,0,0,1,0,-1,0,1
KR_6689317946,420,0,36,2,-2,4,6,2,-3,2,5,1,3,2,-4,0,4,0,1,1,0,-14,-19,3,4,7,-5,0,0,-1,-1,0,1,3,1
KR_6734393644,420,3,41,17,5,0,2,2,4,6,2,1,3,2,1,2,1,-1,0,1,0,2,5,-1,5,4,6,0,1,1,1,1,-1,4,1
KR_6764584352,420,-3,2,-23,-8,-1,1,2,-1,1,2,-3,1,4,-3,1,4,0,0,0,0,-7,3,-1,7,6,-8,0,-1,1,-1,-1,1,4,1
KR_6742277471,420,2,-25,46,-4,4,4,0,-3,4,7,0,2,2,-7,2,9,2,5,3,0,-11,2,-1,7,6,-2,0,1,1,1,-1,-1,4,1
KR_6674755822,420,5,30,0,7,-2,0,2,-1,1,2,3,4,1,6,7,1,1,1,0,0,7,23,3,4,7,2,0,1,1,1,1,1,6,1
KR_6602070026,420,3,11,24,8,-1,2,3,7,8,1,3,3,0,-3,2,5,2,2,0,0,21,19,4,5,9,0,0,0,1,1,0,-1,2,1
KR_6681206362,420,3,24,16,1,3,5,2,-1,2,3,-1,1,2,0,1,1,0,0,0,0,-2,-7,0,5,5,3,0,1,-1,1,1,-1,1,1
KR_6672320598,420,7,53,-5,13,1,1,0,4,4,0,5,5,0,2,6,4,1,2,1,1,15,70,3,2,5,0,0,1,1,1,1,1,3,1
KR_6731956842,420,2,-11,14,8,4,6,2,-1,4,5,3,4,1,2,3,1,0,0,0,0,5,26,1,6,7,-1,0,1,-1,1,1,1,2,1
KR_6765577893,440,0,-16,-12,9,0,3,3,1,3,2,3,4,1,7,8,1,-2,1,3,0,6,2,1,4,5,-2,0,0,-1,-1,1,1,1,1
KR_6762718165,420,2,11,25,3,0,0,0,2,5,3,1,4,3,0,4,4,0,0,0,-1,9,67,0,6,6,-2,0,0,1,-1,1,-1,5,1
KR_6747291587,420,5,39,-14,9,1,3,2,7,9,2,4,5,1,-2,0,2,-1,1,2,0,15,19,-1,4,3,-3,0,2,0,0,1,-1,0,1
KR_6726182041,420,3,12,28,4,-3,0,3,1,5,4,2,3,1,4,5,1,0,0,0,1,15,-25,1,3,4,0,0,0,1,1,1,1,2,1
KR_6710208311,420,0,49,5,5,4,4,0,2,4,2,0,2,2,0,1,1,-1,0,1,0,10,-35,3,7,10,18,0,2,-1,1,1,1,2,1
KR_6743855920,420,-2,-11,-1,-3,-1,1,2,-4,2,6,2,4,2,-2,2,4,2,3,1,0,5,5,1,4,5,0,0,1,-1,1,1,1,5,1
KR_6766601295,420,1,51,4,-1,2,4,2,-1,3,4,-1,2,3,-3,2,5,2,2,0,0,-5,-2,-1,9,8,-2,0,0,-1,-1,1,-1,5,1
KR_6738342646,440,-2,-80,-32,1,0,2,2,-1,0,1,2,2,0,-1,3,4,1,2,1,0,4,6,7,3,10,-3,0,0,-1,1,1,1,5,1
KR_6720467312,420,1,-21,20,2,0,3,3,5,6,1,1,4,3,1,6,5,-5,1,6,1,8,-3,-5,7,2,2,0,-1,-1,1,-1,1,4,1
KR_6720503331,420,4,86,1,5,-2,1,3,4,6,2,1,3,2,1,1,0,1,1,0,0,-3,57,-4,8,4,-1,0,1,1,1,1,1,1,1
KR_6704992725,420,-1,-45,3,-1,1,2,1,1,6,5,1,3,2,-5,0,5,1,1,0,0,2,4,2,6,8,-4,0,0,-1,1,0,1,1,1
KR_6639632375,420,2,34,23,0,-1,1,2,1,2,1,-1,4,5,0,3,3,1,2,1,0,-3,9,2,5,7,-1,0,0,-1,1,1,-1,1,1
KR_6703541885,440,1,100,-7,3,-2,1,3,4,5,1,5,6,1,-2,0,2,-2,1,3,0,9,5,1,6,7,0,0,0,0,1,1,-1,0,1
KR_6754601319,420,2,54,8,3,2,2,0,-1,3,4,-1,2,3,3,8,5,0,1,1,0,7,-5,-1,8,7,3,0,1,1,-1,1,-1,3,1
KR_6728467313,420,1,31,13,2,0,1,1,-2,2,4,1,3,2,5,6,1,-2,0,2,0,4,130,1,8,9,-44,0,0,-1,1,0,-1,3,1
KR_6688538208,420,6,77,14,16,2,2,0,5,6,1,3,4,1,5,8,3,1,4,3,0,18,281,5,2,7,-1,0,1,1,-1,1,1,3,1
KR_6649868351,420,2,3,0,4,-3,0,3,4,7,3,2,3,1,1,2,1,0,0,0,0,7,2,-1,7,6,4,0,0,-1,1,0,-1,3,1
KR_6767838782,420,-1,13,1,0,-4,2,6,-3,2,5,-1,0,1,10,12,2,-2,1,3,0,-4,0,-2,7,5,0,0,2,-1,1,1,-1,5,1
KR_6710659776,420,-2,5,-20,0,-1,2,3,-1,1,2,2,3,1,-3,0,3,3,3,0,0,3,13,1,6,7,1,0,-1,1,-1,-1,1,6,1
KR_6739571231,440,3,-26,12,1,-1,1,2,-4,1,5,5,5,0,1,2,1,0,1,1,0,-5,-2,3,4,7,-3,0,0,1,-1,1,-1,5,1
KR_6720968141,420,1,23,-1,8,-5,0,5,3,3,0,5,7,2,2,4,2,3,4,1,0,8,2,1,4,5,0,0,2,1,1,1,1,1,1
KR_6740604078,420,-1,-37,-28,0,0,2,2,-2,6,8,-3,1,4,2,4,2,3,3,0,0,3,-14,3,7,10,-2,0,0,-1,-1,-1,-1,3,1
KR_6688904772,420,4,24,4,4,0,1,1,0,1,1,3,5,2,1,6,5,0,2,2,-1,8,-1,4,6,10,3,0,-1,1,-1,1,-1,1,1
KR_6687995391,420,4,-7,-28,16,5,8,3,4,10,6,6,8,2,0,3,3,1,2,1,1,23,-1,3,3,6,7,0,2,1,1,1,-1,6,1
KR_6689785083,420,6,53,37,8,4,5,1,-1,1,2,-1,0,1,2,6,4,4,5,1,-1,7,3,4,7,11,2,0,2,1,1,1,-1,6,1
KR_6760722866,420,0,25,15,5,3,3,0,0,4,4,4,6,2,0,4,4,-2,0,2,-1,3,-2,-2,7,5,5,0,-1,1,-1,-1,-1,4,1
KR_6765230875,420,3,52,-23,6,2,2,0,2,5,3,5,6,1,-3,3,6,0,1,1,-1,7,-14,4,4,8,-5,0,2,1,-1,1,-1,4,1
KR_6699705971,420,0,-20,-9,4,0,1,1,1,5,4,0,3,3,-2,2,4,5,6,1,0,12,2,0,5,5,1,0,0,-1,1,1,-1,5,1
KR_6759144456,420,-2,27,-32,4,0,0,0,3,5,2,1,5,4,-3,1,4,3,3,0,0,0,5,-1,5,4,-2,0,0,-1,-1,-1,-1,3,1
KR_6766186745,420,-1,-50,-11,-2,-4,1,5,4,7,3,-1,4,5,-3,2,5,2,3,1,0,4,105,3,6,9,2,0,-2,-1,0,-1,1,4,1
KR_6767792786,420,-1,-7,-17,-3,1,2,1,-2,0,2,3,6,3,-4,0,4,-1,0,1,0,-8,-23,-1,6,5,2,0,-1,-1,1,-1,-1,1,1
KR_6613377636,420,2,68,-20,5,0,1,1,0,1,1,2,4,2,3,3,0,0,0,0,0,8,6,4,5,9,2,0,-1,-1,-1,-1,-1,3,1
KR_6623463512,420,0,-7,5,1,-4,1,5,3,7,4,1,2,1,-1,2,3,2,2,0,0,8,2,-8,10,2,-3,0,0,-1,1,0,-1,3,1
KR_6758545548,420,5,23,43,9,0,1,1,-1,3,4,2,4,2,6,6,0,2,3,1,0,4,8,3,6,9,-3,0,2,1,1,1,1,6,1
KR_6688863052,420,6,98,6,5,2,4,2,5,7,2,-2,1,3,0,1,1,0,0,0,-1,2,-11,-4,11,7,4,0,1,-1,1,1,-1,2,1
KR_6670936190,420,2,44,-26,4,1,1,0,-2,3,5,0,2,2,2,2,0,3,3,0,0,10,-1,1,6,7,1,0,1,1,1,1,-1,4,1
KR_6717675197,420,4,42,-15,11,0,2,2,1,5,4,1,4,3,7,7,0,2,2,0,-1,8,182,0,6,6,-2,0,0,1,-1,0,-1,2,1
KR_6755625494,420,3,42,37,8,4,5,1,4,4,0,5,5,0,-6,1,7,1,3,2,0,4,-76,1,4,5,1,0,0,1,-1,-1,1,6,1
KR_6735355063,420,2,19,-12,3,2,2,0,0,1,1,1,4,3,-1,3,4,1,3,2,0,0,-18,3,5,8,2,0,0,-1,-1,0,1,3,1
KR_6694615023,420,3,1,-1,4,0,4,4,1,4,3,1,2,1,1,1,0,1,4,3,1,3,3,0,5,5,0,0,1,1,-1,1,1,3,1
KR_6749845253,420,-1,-1,-41,1,0,1,1,2,3,1,-2,3,5,0,4,4,1,2,1,0,7,10,4,6,10,2,0,-1,-1,-1,-1,1,2,1
KR_6692826843,420,2,-35,8,6,3,4,1,0,2,2,2,4,2,1,3,2,0,0,0,0,-2,-21,0,7,7,-3,0,-2,-1,1,-1,1,1,1
KR_6766650043,420,5,52,14,12,2,2,0,4,4,0,0,1,1,7,8,1,-1,1,2,0,9,12,-5,8,3,2,0,0,-1,1,1,1,6,1
KR_6730634417,420,1,-10,-20,3,8,8,0,0,3,3,-1,0,1,-4,2,6,0,1,1,0,2,0,5,4,9,6,0,0,-1,1,1,1,6,1
KR_6761850529,440,-1,13,31,-5,-1,1,2,1,1,0,-4,0,4,-1,0,1,0,2,2,0,-3,-5,-1,5,4,-3,0,-1,1,-1,-1,-1,2,1
KR_6716319970,440,1,1,56,0,2,3,1,0,2,2,-2,0,2,0,0,0,0,0,0,0,-1,16,-3,6,3,1,0,1,1,-1,1,1,4,1
KR_6735989662,420,1,40,-3,6,-1,1,2,4,5,1,3,6,3,3,4,1,-3,0,3,0,13,18,3,5,8,2,0,0,-1,1,0,-1,5,1
KR_6765434593,420,0,18,28,-2,-4,1,5,0,4,4,5,5,0,-4,0,4,1,2,1,-2,-1,-215,1,6,7,1,0,0,1,-1,0,-1,2,1
KR_6760234004,420,-1,24,-7,1,0,0,0,1,3,2,-1,1,2,1,2,1,0,0,0,0,1,-8,-5,9,4,-1,0,0,-1,-1,0,1,2,1
KR_6744910658,420,4,48,-11,9,3,4,1,1,7,6,2,3,1,3,5,2,0,0,0,0,7,0,1,8,9,6,0,0,1,1,1,1,4,1
KR_6630485814,440,4,17,41,11,-1,0,1,9,9,0,5,6,1,-3,2,5,1,3,2,1,8,0,3,4,7,-2,0,1,1,1,1,1,5,1
KR_6766623577,420,4,-22,-27,10,7,9,2,6,7,1,-4,1,5,-2,3,5,3,3,0,0,14,142,-1,6,5,-1,0,2,-1,1,1,1,3,1
KR_6673688170,420,0,-14,-19,9,2,2,0,-2,4,6,4,8,4,6,6,0,-1,0,1,1,6,2,1,6,7,3,0,0,-1,1,1,1,3,1
KR_6739021511,420,2,6,16,13,-4,2,6,3,4,1,6,7,1,4,4,0,4,4,0,0,12,117,1,3,4,0,0,2,-1,1,1,1,5,1
KR_6700382000,420,6,40,37,11,1,4,3,5,6,1,1,3,2,0,2,2,4,4,0,0,22,7,1,2,3,-1,0,1,1,1,1,1,5,1
KR_6759130425,420,-1,-12,-17,2,0,2,2,-1,0,1,-2,1,3,4,4,0,1,1,0,0,4,-28,-3,8,5,2,0,-1,1,-1,-1,-1,6,1
KR_6694137826,420,1,18,12,-1,1,3,2,2,3,1,2,4,2,-4,4,8,-2,1,3,0,-1,3,0,5,5,-2,0,0,1,-1,0,-1,6,1
KR_6759382655,440,-4,-22,-24,-9,-2,0,2,-4,0,4,5,5,0,-4,2,6,-4,0,4,-1,-4,3,-2,6,4,-8,0,0,-1,-1,-1,-1,6,1
KR_6760165473,420,3,78,8,12,6,7,1,-4,0,4,4,4,0,6,6,0,0,0,0,0,15,4,-7,10,3,2,0,1,-1,1,1,1,1,1
KR_6758943304,420,-1,-3,24,-4,-1,3,4,-3,3,6,-2,2,4,3,4,1,-1,1,2,2,-3,13,6,5,11,-5,0,0,1,1,0,1,2,1
KR_6718502723,420,4,19,-24,8,1,1,0,2,6,4,-1,0,1,-1,3,4,7,7,0,0,14,0,0,5,5,2,0,0,1,-1,1,1,6,1
KR_6760257607,420,-3,-58,5,-4,1,1,0,1,3,2,0,2,2,-3,1,4,-3,1,4,0,1,26,-6,12,6,4,0,0,-1,1,0,1,5,1
KR_6676099190,420,0,15,-40,-1,2,3,1,-3,2,5,2,2,0,-2,0,2,0,0,0,0,-4,33,-3,8,5,-29,0,1,-1,1,1,-1,4,1
KR_6641183420,420,7,98,28,16,3,4,1,3,5,2,5,7,2,5,7,2,0,0,0,1,13,3,0,5,5,2,0,2,1,1,1,1,4,1
KR_6743566237,420,3,117,9,9,1,2,1,3,6,3,4,6,2,2,7,5,-1,2,3,0,15,-10,-2,7,5,1,0,2,1,1,1,1,3,1
KR_6762116058,420,5,26,7,4,2,2,0,-2,1,3,1,1,0,3,4,1,0,0,0,-1,9,-1,-1,8,7,9,0,2,1,1,1,-1,3,1
KR_6719196251,420,-1,-45,-17,-1,-2,1,3,2,3,1,-2,4,6,0,2,2,1,5,4,0,3,-6,-7,9,2,8,0,1,1,1,1,-1,6,1
KR_6680657970,420,4,55,24,3,4,4,0,-4,4,8,-2,1,3,6,6,0,-1,0,1,1,2,1,-8,11,3,4,0,1,-1,-1,1,1,6,1
KR_6744435331,420,-1,-37,24,6,-1,0,1,-1,1,2,4,6,2,5,6,1,-1,1,2,0,-3,-5,0,4,4,1,0,0,1,-1,1,1,3,1
KR_6684562419,420,3,41,38,6,-2,2,4,2,4,2,2,3,1,4,4,0,0,1,1,1,3,-24,1,4,5,7,0,2,1,1,1,1,2,1
KR_6629835413,420,-1,-46,-2,0,-4,0,4,1,1,0,-5,1,6,4,4,0,4,5,1,1,7,5,4,8,12,-5,0,-1,1,-1,-1,1,2,1
KR_6710651120,420,3,9,27,9,0,1,1,1,5,4,1,2,1,4,6,2,3,3,0,0,21,124,4,5,9,-3,0,1,1,-1,1,1,3,1
KR_6753459137,420,-2,-4,-19,0,-1,0,1,-1,3,4,-1,0,1,3,4,1,0,0,0,0,3,-1,0,4,4,-4,0,0,-1,1,1,1,6,1
KR_6702009289,420,2,41,23,7,3,4,1,5,5,0,-3,4,7,2,4,2,0,2,2,1,17,14,5,4,9,3,0,0,1,1,1,1,6,1
KR_6644817075,420,-3,-1,-15,4,1,3,2,-4,1,5,5,6,1,-1,3,4,3,5,2,1,8,69,4,3,7,-2,0,-1,1,-1,-1,1,2,1
KR_6764691403,420,4,21,-13,0,2,3,1,-3,2,5,-2,0,2,3,3,0,0,0,0,0,-7,-1,0,7,7,5,0,2,1,1,1,1,4,1
KR_6740374092,420,2,-26,36,-6,-5,0,5,-2,1,3,-3,3,6,2,4,2,2,2,0,0,-6,3,-1,6,5,-3,0,-1,1,1,-1,-1,3,1
KR_6755971780,420,1,-30,-20,3,7,8,1,3,7,4,-4,3,7,-1,4,5,-2,1,3,0,-3,12,3,7,10,-2,0,0,-1,-1,0,1,5,1
KR_6767587734,420,0,-4,-5,-1,-1,1,2,-3,0,3,-1,0,1,6,10,4,-2,2,4,-2,-14,-5,-6,8,2,7,0,0,1,-1,0,-1,3,1
KR_6689680083,440,1,-28,1,0,-1,2,3,-2,2,4,3,6,3,1,2,1,-1,1,2,0,-3,-5,-4,6,2,2,0,0,1,-1,0,-1,4,1
KR_6767493977,420,0,-35,25,-1,-1,2,3,0,5,5,2,4,2,-2,0,2,0,1,1,0,-2,2,-4,8,4,-5,0,-1,1,-1,-1,-1,3,1
KR_6767423862,420,4,16,0,10,4,6,2,2,4,2,3,3,0,-1,1,2,2,2,0,0,10,3,-3,10,7,3,0,0,1,0,0,1,2,1
KR_6714339892,420,7,89,34,4,0,0,0,2,4,2,-1,0,1,3,4,1,0,1,1,0,1,12,4,4,8,-3,0,2,1,-1,1,1,4,1
KR_6728865460,420,-3,-5,-16,0,3,5,2,-4,2,6,-2,2,4,2,6,4,1,4,3,-2,-3,44,-1,6,5,2,0,0,1,-1,-1,-1,1,1
KR_6767524287,440,3,-8,20,12,3,5,2,3,4,1,-1,4,5,6,8,2,1,1,0,3,11,11,-3,6,3,0,0,0,1,0,0,1,6,1
KR_6597264485,420,1,-3,5,7,-3,3,6,1,6,5,6,6,0,1,4,3,2,3,1,0,14,-2,2,6,8,4,0,2,1,1,1,1,6,1
KR_6637248844,420,2,62,46,8,0,2,2,2,4,2,7,9,2,1,5,4,-2,0,2,2,24,-3,3,3,6,6,0,2,1,1,1,1,5,1
KR_6757960451,420,3,-19,20,10,1,1,0,4,5,1,1,3,2,2,2,0,2,2,0,0,18,5,5,2,7,-2,0,1,1,1,1,1,2,1
KR_6707648987,420,5,66,16,9,-1,1,2,5,7,2,2,2,0,0,4,4,3,3,0,0,10,-28,-2,10,8,8,0,2,1,1,1,1,2,1
KR_6759984355,440,-2,-55,15,-3,4,7,3,3,7,4,-5,0,5,-5,1,6,0,2,2,1,-16,-18,1,4,5,0,0,-1,-1,0,-1,1,1,1
KR_6727968937,420,-2,-1,-11,1,-2,0,2,2,4,2,1,3,2,-1,1,2,1,2,1,-1,-2,-3,-1,8,7,-2,0,-2,-1,-1,-1,-1,4,1
KR_6716560554,420,4,33,20,1,5,7,2,-3,1,4,-2,1,3,2,4,2,-1,0,1,0,5,-11,-2,6,4,6,0,1,1,-1,1,-1,2,1
KR_6751240123,440,-1,5,3,-4,0,4,4,-3,0,3,-3,1,4,-1,3,4,3,5,2,0,-3,3,-1,3,2,-3,0,-1,-1,-1,-1,1,4,1
KR_6740737443,420,2,19,20,4,1,6,5,1,1,0,-1,1,2,3,3,0,0,1,1,0,12,-4,1,5,6,0,0,0,1,1,1,1,4,1
KR_6681387407,420,3,-71,9,9,7,7,0,-4,3,7,1,3,2,5,8,3,0,2,2,0,0,10,9,4,13,-4,0,1,1,1,1,1,2,1
KR_6670786987,420,4,20,24,7,2,3,1,1,3,2,2,5,3,0,2,2,2,3,1,0,14,1,-1,9,8,0,0,1,1,1,1,1,4,1
KR_6654278016,420,4,50,-10,8,-1,0,1,4,7,3,1,2,1,3,4,1,1,1,0,0,19,12,-2,9,7,3,0,2,1,-1,1,1,5,1
KR_6753885102,420,1,43,24,-2,-1,2,3,-1,1,2,0,3,3,1,2,1,-1,2,3,0,-4,0,-2,5,3,-2,0,0,-1,1,0,-1,6,1
KR_6752676176,420,1,19,16,-1,0,1,1,1,4,3,-3,2,5,0,1,1,1,1,0,0,4,369,1,3,4,-2,0,0,1,-1,0,1,3,1
KR_6726544146,440,0,-46,-7,-1,-4,0,4,2,3,1,0,0,0,0,3,3,1,2,1,1,7,-148,1,3,4,-2,0,0,1,1,1,1,6,1
KR_6716564246,420,-1,72,16,-1,-1,0,1,0,4,4,-1,2,3,-1,6,7,2,2,0,0,2,1,-1,6,5,2,0,-1,1,1,-1,1,1,1
KR_6671809701,420,4,101,35,3,4,4,0,1,4,3,1,4,3,-2,1,3,-1,1,2,0,6,-164,0,7,7,-3,0,1,1,1,1,1,1,1
KR_6664309975,420,-2,10,-35,2,5,6,1,-8,1,9,3,4,1,4,6,2,-2,1,3,0,8,-64,7,5,12,2,0,0,1,1,0,1,1,1
KR_6733296395,420,2,29,17,11,6,6,0,2,4,2,-2,2,4,6,8,2,-1,1,2,0,16,10,-2,5,3,0,0,1,1,1,1,-1,5,1
KR_6729415219,420,1,13,20,1,3,5,2,0,4,4,-2,1,3,-1,2,3,1,2,1,0,-6,9,-4,8,4,5,0,1,-1,1,1,-1,1,1
KR_6753047268,420,1,33,-12,5,0,1,1,0,2,2,-1,1,2,7,12,5,-1,0,1,0,10,-7,2,2,4,5,0,1,-1,1,1,1,5,1
KR_6683136350,440,1,4,27,2,-5,0,5,3,6,3,1,2,1,-1,2,3,4,5,1,0,3,-6,-2,5,3,2,0,-1,1,-1,-1,-1,1,1
KR_6753774861,420,-1,-42,-4,3,5,5,0,3,5,2,-1,2,3,-3,0,3,-1,0,1,1,5,45,4,3,7,-2,0,1,1,1,1,1,1,1
KR_6756310352,420,2,-20,0,5,1,2,1,0,3,3,-4,4,8,5,6,1,3,3,0,-1,6,10,0,4,4,-2,0,0,-1,1,-1,-1,2,1
KR_6760124951,420,-3,5,-18,-5,-1,3,4,0,1,1,-2,0,2,2,5,3,-4,2,6,1,-4,-7,-6,7,1,3,0,0,-1,1,1,1,4,1
KR_6618297863,420,0,62,-5,-1,1,3,2,-1,3,4,-5,0,5,2,2,0,2,3,1,0,0,-3,1,4,5,0,0,1,-1,1,1,-1,6,1
KR_6764928069,420,2,-10,8,3,3,3,0,2,2,0,-2,2,4,0,5,5,0,0,0,0,5,7,3,5,8,-3,0,0,-1,-1,0,-1,2,1
KR_6679166275,420,6,44,0,13,7,8,1,0,3,3,4,5,1,2,4,2,0,3,3,0,10,127,8,3,11,2,0,0,1,1,1,1,6,1
KR_6700418738,420,0,30,4,3,1,3,2,0,2,2,4,5,1,-3,0,3,1,2,1,0,-2,4,-2,8,6,3,0,1,1,1,1,1,5,1
KR_6681042887,420,1,-30,25,11,1,1,0,-1,4,5,5,7,2,4,7,3,2,3,1,0,6,2,3,5,8,2,0,0,-1,1,0,-1,3,1
KR_6763162331,420,0,-3,13,1,-2,1,3,0,3,3,2,4,2,0,3,3,1,2,1,0,-8,109,2,5,7,5,0,-2,0,-1,-1,-1,0,1
KR_6705851061,420,2,54,4,2,-1,2,3,-1,4,5,-2,1,3,8,10,2,-2,0,2,0,8,8,2,3,5,-1,0,0,-1,-1,1,-1,4,1
KR_6759814752,420,3,111,-8,12,3,4,1,3,5,2,3,4,1,2,5,3,1,1,0,1,12,31,-3,8,5,5,0,1,0,-1,1,1,0,1
KR_6758354368,420,1,53,-11,5,0,2,2,0,5,5,0,2,2,2,3,1,3,3,0,0,13,22,1,7,8,2,0,0,1,-1,1,-1,1,1
KR_6691693797,420,-5,-57,19,-11,-6,0,6,-8,2,10,1,3,2,2,5,3,0,1,1,0,-19,24,2,6,8,-2,0,0,1,1,0,1,1,1
KR_6709214809,420,1,-3,36,0,2,2,0,-3,2,5,1,3,2,1,5,4,-1,1,2,1,-5,7,2,8,10,-2,0,-1,1,-1,-1,1,1,1
KR_6705431733,440,0,-56,16,2,-1,0,1,2,2,0,2,7,5,1,1,0,-2,0,2,0,3,10,4,3,7,0,0,0,0,1,0,1,0,1
KR_6760937000,420,-2,-1,-8,-4,0,4,4,-5,0,5,-1,4,5,1,2,1,1,1,0,0,-3,-7,2,7,9,-3,0,0,1,1,-1,-1,4,1
KR_6726786489,440,2,26,-2,0,-1,2,3,3,6,3,-1,1,2,0,3,3,-1,1,2,0,7,-51,-1,3,2,2,0,0,1,1,1,-1,1,1
KR_6617554786,420,3,42,10,8,5,5,0,4,6,2,-3,0,3,2,3,1,0,1,1,0,9,46,10,0,10,-26,0,0,1,-1,0,-1,1,1
KR_6690381274,420,-3,-62,-8,1,0,2,2,3,7,4,2,8,6,-3,4,7,-1,0,1,-1,-1,19,2,6,8,-5,0,0,-1,-1,-1,-1,3,1
KR_6733462423,420,5,45,21,11,3,3,0,4,4,0,2,3,1,1,1,0,1,1,0,0,11,11,1,2,3,3,0,1,1,1,1,1,5,1
KR_6697865302,420,-1,-13,9,0,5,5,0,-1,3,4,-2,1,3,-4,2,6,2,3,1,0,7,1,3,8,11,6,0,-1,1,-1,-1,-1,3,1
KR_6738442196,420,2,39,28,10,4,4,0,0,1,1,4,6,2,3,5,2,-1,0,1,0,9,11,2,5,7,-2,0,0,1,-1,0,1,2,1
KR_6730512467,420,3,-30,3,10,1,2,1,1,2,1,2,2,0,5,5,0,1,1,0,0,12,76,-4,9,5,-1,0,-1,1,-1,-1,1,1,1
KR_6706867668,420,0,11,-11,2,4,6,2,-3,2,5,1,4,3,-1,3,4,1,2,1,0,11,-261,4,7,11,2,0,2,1,-1,1,1,1,1
KR_6755486206,420,3,54,8,13,1,1,0,1,4,3,2,3,1,8,8,0,1,3,2,0,15,-4,-4,8,4,-3,0,1,1,1,1,1,4,1
KR_6752319746,420,2,-5,-16,14,7,7,0,4,6,2,-1,3,4,0,2,2,4,5,1,0,0,38,0,6,6,1,0,0,-1,1,0,1,3,1
KR_6693810862,420,5,107,-9,14,2,4,2,2,5,3,5,6,1,5,5,0,0,0,0,3,18,8,1,4,5,3,0,2,1,-1,1,1,2,1
KR_6763689576,420,0,6,1,4,3,4,1,-2,3,5,-1,1,2,4,6,2,0,2,2,0,6,-7,5,6,11,6,0,1,1,1,1,1,3,1
KR_6763921320,420,5,44,22,11,1,5,4,0,1,1,0,2,2,9,9,0,1,1,0,0,7,0,3,2,5,2,0,2,1,-1,1,1,5,1
KR_6762621838,420,1,1,0,2,-1,1,2,0,4,4,0,4,4,0,3,3,3,3,0,0,3,16,0,6,6,7,0,1,1,-1,1,1,3,1
KR_6639503587,420,4,-18,7,10,1,1,0,2,5,3,0,3,3,7,8,1,0,1,1,-1,16,13,4,1,5,-5,0,-1,-1,-1,-1,-1,5,1
KR_6716753154,420,7,28,26,13,-3,0,3,3,5,2,5,7,2,7,8,1,1,2,1,0,17,13,5,4,9,-3,0,2,1,0,1,-1,2,1
KR_6759649397,420,1,71,-40,8,5,6,1,0,6,6,1,2,1,-4,2,6,6,6,0,1,7,-1,0,5,5,6,0,1,-1,1,1,1,5,1
KR_6766048998,420,4,18,5,13,4,5,1,11,12,1,-2,1,3,2,3,1,-2,0,2,1,4,234,-2,7,5,3,0,2,1,1,1,1,3,1
KR_6619631789,420,4,-47,16,1,0,1,1,-4,1,5,3,4,1,3,6,3,-1,0,1,0,2,-1,-5,9,4,0,0,0,1,1,0,-1,3,1
KR_6756057934,420,0,-10,5,-4,4,4,0,-1,1,2,-2,0,2,-5,2,7,0,0,0,0,-7,-10,1,5,6,-2,0,0,-1,1,1,1,2,1
KR_6582321246,420,2,-5,-2,4,-2,2,4,5,6,1,2,4,2,-1,0,1,0,0,0,0,10,-240,1,6,7,-4,0,0,1,-1,1,1,3,1
KR_6713584890,420,5,44,11,13,1,4,3,10,11,1,-2,3,5,1,4,3,3,3,0,-1,20,24,-1,6,5,6,0,2,1,-1,1,-1,6,1
KR_6749556678,440,3,61,4,13,-1,1,2,7,9,2,8,8,0,2,3,1,-3,1,4,0,13,11,0,5,5,-1,0,1,1,-1,1,1,3,1
KR_6664391167,420,3,18,21,1,1,5,4,-6,1,7,4,5,1,1,3,2,1,1,0,1,1,21,4,3,7,0,0,0,1,1,1,1,6,1
KR_6711240900,420,4,60,0,5,4,4,0,0,2,2,-4,0,4,3,3,0,2,2,0,0,6,3,0,6,6,0,0,3,0,1,1,-1,0,1
KR_6755436907,420,-2,-38,-15,-4,1,2,1,-3,5,8,-1,1,2,0,1,1,-1,0,1,0,-14,-21,-9,14,5,7,0,0,-1,1,1,-1,5,1
KR_6753257574,420,2,-2,32,0,-4,0,4,-2,4,6,0,3,3,7,7,0,-1,3,4,0,2,0,2,7,9,4,0,0,1,1,1,1,3,1
KR_6628708343,420,-1,-41,-24,6,0,0,0,5,7,2,1,1,0,1,4,3,-1,0,1,0,8,-35,7,3,10,4,0,1,1,1,1,1,2,1
KR_6609396596,420,3,9,-4,9,1,1,0,1,4,3,-2,0,2,2,4,2,7,7,0,0,9,-47,-1,8,7,28,0,1,1,-1,1,1,1,1
KR_6685948144,420,1,15,5,0,0,2,2,1,1,0,5,7,2,-5,1,6,-1,0,1,1,-6,1,3,5,8,-6,0,-1,-1,1,1,1,6,1
KR_6679223165,420,2,65,-22,12,1,5,4,-5,0,5,5,7,2,11,11,0,0,1,1,0,13,0,2,3,5,0,0,2,0,1,1,-1,0,1
KR_6761525123,420,4,61,-5,11,5,5,0,2,2,0,-2,0,2,5,7,2,1,1,0,0,2,2,0,7,7,6,0,0,-1,1,1,1,3,1
KR_6701729849,440,-1,-27,0,0,-3,0,3,0,1,1,0,3,3,-2,2,4,5,8,3,0,5,0,0,5,5,3,0,-1,-1,1,-1,1,3,1
KR_6739253710,420,4,2,3,2,1,1,0,2,6,4,0,5,5,-4,0,4,3,3,0,0,6,22,-4,8,4,1,0,0,-1,-1,-1,-1,4,1
KR_6708665260,420,8,67,32,10,3,4,1,-1,3,4,6,7,1,2,5,3,0,0,0,0,13,14,-2,8,6,-1,0,1,1,1,1,1,1,1
KR_6762672228,420,-1,-18,-32,4,0,0,0,-2,3,5,6,6,0,3,6,3,-3,3,6,0,1,-240,0,6,6,-2,0,-1,1,-1,-1,-1,4,1
KR_6761721075,440,3,5,9,3,5,5,0,-2,0,2,2,4,2,0,3,3,-2,0,2,0,2,4,3,2,5,-2,0,1,-1,1,1,-1,6,1
KR_6754043081,420,-3,-75,-65,0,-3,2,5,5,7,2,1,2,1,-3,0,3,0,0,0,0,4,-24,0,6,6,-1,0,-1,1,-1,-1,-1,6,1
KR_6671738128,420,2,61,-1,12,0,3,3,6,6,0,1,3,2,2,4,2,3,4,1,0,10,7,7,6,13,2,0,1,-1,1,1,-1,6,1
KR_6762159140,420,4,43,0,15,8,9,1,-1,1,2,7,7,0,1,3,2,0,1,1,0,11,-6,3,4,7,-4,0,2,1,1,1,1,1,1
KR_6676462101,420,3,27,1,9,1,2,1,3,4,1,0,3,3,2,4,2,3,3,0,-2,8,2,1,5,6,-2,0,-1,1,1,-1,-1,2,1
KR_6766852801,420,3,64,27,9,3,4,1,4,5,1,2,4,2,0,4,4,0,1,1,0,11,14,-1,7,6,2,0,0,0,1,1,1,0,1
KR_6766523410,420,-2,49,-27,-12,1,1,0,-5,2,7,-3,1,4,-3,1,4,-2,0,2,-1,-20,-3,-1,6,5,1,0,-1,-1,0,-1,-1,5,1
KR_6764200632,420,-3,42,17,-11,-1,2,3,-3,2,5,-2,0,2,-2,1,3,-3,1,4,0,-17,12,2,5,7,-7,0,-1,1,-1,-1,-1,2,1
KR_6767646482,420,2,71,-11,11,1,6,5,0,3,3,1,2,1,7,9,2,2,2,0,-1,9,-42,2,5,7,17,0,2,1,1,1,-1,2,1
KR_6753841535,420,4,-31,46,9,1,2,1,4,6,2,1,2,1,2,4,2,1,2,1,-1,9,-7,-3,8,5,7,0,1,1,1,1,-1,2,1
KR_6727648712,420,1,40,9,3,6,6,0,-1,2,3,1,2,1,0,2,2,-3,0,3,0,-7,-5,3,2,5,2,0,1,-1,-1,1,1,1,1
KR_6758986155,420,3,49,2,2,1,2,1,2,2,0,2,5,3,-2,1,3,-1,0,1,0,-4,24,1,4,5,1,0,1,1,1,1,1,4,1
KR_6765442906,420,1,17,-27,2,1,2,1,8,8,0,-4,0,4,-2,3,5,-1,0,1,0,3,-3,-4,8,4,2,0,1,1,-1,1,-1,5,1
KR_6753165507,420,3,55,-9,3,6,8,2,0,1,1,-4,0,4,-1,4,5,2,3,1,1,2,-438,0,4,4,2,0,1,-1,1,1,1,1,1
KR_6725515137,420,4,43,36,9,2,3,1,0,2,2,-1,2,3,3,6,3,5,5,0,-2,6,3,1,3,4,0,0,2,0,1,1,-1,0,1
KR_6755094505,420,3,42,52,2,-1,1,2,-1,2,3,0,1,1,2,4,2,2,3,1,0,1,-35,0,5,5,3,0,0,-1,1,1,1,1,1
KR_6674471796,420,5,91,28,12,3,4,1,6,6,0,1,1,0,2,2,0,0,0,0,0,10,13,5,0,5,-5,0,3,1,1,1,-1,2,1
KR_6709170427,420,-3,13,0,-8,-2,0,2,0,1,1,0,3,3,-6,0,6,0,0,0,1,-10,22,-1,5,4,-22,0,0,-1,-1,0,1,5,1
KR_6759247504,420,1,35,28,2,-1,2,3,2,5,3,0,2,2,0,1,1,1,2,1,1,1,-37,-4,7,3,1,0,1,-1,1,1,1,6,1
KR_6733949503,420,2,8,7,3,2,4,2,-2,1,3,6,7,1,-1,4,5,-2,0,2,-2,-11,10,1,7,8,-5,0,1,-1,1,1,-1,6,1
KR_6743278652,420,2,31,7,2,3,4,1,-2,3,5,3,6,3,-3,2,5,1,1,0,0,6,106,-4,11,7,8,0,0,-1,0,0,-1,2,1
KR_6763544038,420,1,-31,20,-8,2,2,0,-2,2,4,3,3,0,-10,1,11,-1,0,1,0,-15,-30,1,4,5,-1,0,1,-1,1,1,-1,4,1
KR_6761667330,420,-3,-11,-8,-5,-3,0,3,-1,3,4,-3,2,5,0,3,3,2,2,0,0,-1,-116,0,3,3,1,0,0,-1,1,0,-1,6,1
KR_6752593202,420,-3,-2,-24,-5,-4,2,6,-6,0,6,1,3,2,4,6,2,0,1,1,0,-2,2,-1,4,3,2,0,-1,-1,-1,-1,1,2,1
KR_6767634600,420,-2,-22,31,-4,-1,1,2,-3,2,5,-3,2,5,2,3,1,1,2,1,0,-9,18,-1,7,6,-2,0,0,-1,1,0,-1,1,1
KR_6759132233,420,3,7,-13,1,2,2,0,-2,1,3,-1,0,1,0,2,2,2,3,1,0,-3,-4,2,4,6,-2,0,2,-1,1,1,1,2,1
KR_6655598808,420,1,0,-2,0,-3,3,6,6,10,4,-1,2,3,-3,0,3,1,1,0,0,9,-194,-1,7,6,-1,0,0,-1,-1,1,1,4,1
KR_6764759216,420,-2,-35,23,-3,2,2,0,3,4,1,-5,0,5,2,3,1,-5,0,5,0,-3,0,1,4,5,2,0,1,1,1,1,1,3,1
KR_6768013304,420,1,22,17,3,2,3,1,0,2,2,-3,1,4,5,7,2,-1,2,3,0,2,-27,2,5,7,3,0,1,1,-1,1,-1,4,1
KR_6755327787,420,4,27,-5,12,3,4,1,1,4,3,9,9,0,-1,1,2,0,0,0,0,9,-18,3,2,5,0,0,1,1,1,1,1,5,1
KR_6693099827,420,-1,-36,0,0,1,1,0,-4,3,7,-1,1,2,1,4,3,3,3,0,0,-4,18,0,5,5,-2,0,0,-1,1,0,-1,5,1
KR_6699527478,420,-2,-2,-35,0,4,6,2,-4,1,5,0,2,2,1,2,1,-1,0,1,-1,3,-14,-4,8,4,7,0,1,-1,1,1,-1,5,1
KR_6750502036,420,-1,4,15,-10,-1,0,1,-3,3,6,0,3,3,-3,1,4,-3,0,3,0,-12,-17,2,8,10,-5,0,1,1,1,1,-1,2,1
KR_6662844793,420,0,-35,30,-6,3,4,1,-4,0,4,-1,1,2,-3,0,3,-1,0,1,0,-9,-11,-5,12,7,1,0,-2,1,-1,-1,-1,3,1
KR_6689458544,420,0,32,33,-1,1,2,1,3,6,3,-4,0,4,0,2,2,-1,0,1,0,-3,-12,0,4,4,0,0,1,1,1,1,-1,6,1
KR_6736567200,420,5,-34,14,12,6,6,0,2,3,1,1,3,2,3,6,3,0,0,0,0,17,-8,-1,7,6,3,0,1,1,1,1,-1,2,1
KR_6720552685,420,3,12,-14,12,0,2,2,3,6,3,3,3,0,7,9,2,-1,1,2,0,14,-2,0,4,4,2,0,1,1,-1,1,-1,5,1
KR_6766644719,420,1,-25,4,-3,-3,0,3,-4,1,5,3,3,0,1,3,2,0,0,0,0,2,-2,-6,8,2,-1,0,-1,1,-1,-1,-1,1,1
KR_6657237459,420,4,-3,26,3,5,9,4,-1,2,3,-2,0,2,-1,4,5,2,2,0,0,11,-10,1,7,8,-3,0,0,1,-1,-1,-1,4,1
KR_6752049134,420,3,90,-2,4,3,5,2,0,3,3,-2,4,6,5,6,1,-2,0,2,0,-1,0,2,6,8,1,0,1,1,-1,-1,1,2,1
KR_6766432920,420,0,-21,18,-1,1,4,3,0,1,1,-3,1,4,3,5,2,-2,1,3,0,-4,1,-2,7,5,-4,0,-1,-1,1,-1,1,1,1
KR_6692737249,420,2,-43,12,2,0,3,3,3,3,0,1,3,2,-1,3,4,-1,0,1,0,2,-11,-5,11,6,7,0,1,-1,1,1,1,5,1
KR_6705240732,420,0,18,30,1,3,6,3,3,7,4,-1,1,2,-3,2,5,-1,1,2,1,-5,-14,-5,11,6,6,0,0,1,1,0,1,6,1
KR_6761440845,420,1,27,-3,3,6,6,0,-2,3,5,0,2,2,-1,1,2,0,1,1,0,9,-37,0,3,3,4,0,0,-1,1,1,-1,3,1
KR_6768076017,420,-5,-31,-22,-16,-4,0,4,-2,1,3,1,3,2,-8,1,9,-3,0,3,-2,-15,35,-8,10,2,0,0,-1,1,-1,-1,-1,1,1
KR_6647791011,440,3,45,-4,2,1,3,2,2,3,1,-5,1,6,3,5,2,1,3,2,-2,-1,-16,3,2,5,28,0,0,-1,-1,0,-1,1,1
KR_6710647247,440,2,113,40,6,5,6,1,-1,0,1,1,2,1,1,7,6,0,0,0,0,2,9,-1,9,8,5,0,2,1,1,1,1,2,1
KR_6762739723,420,1,23,37,-2,3,6,3,-6,2,8,4,4,0,-1,2,3,-2,0,2,-1,-9,0,-3,7,4,-3,0,2,1,1,1,-1,4,1
KR_6767396300,420,0,-35,-25,13,2,3,1,4,6,2,2,2,0,2,3,1,3,3,0,0,13,-1,-6,13,7,-4,0,1,-1,1,1,1,4,1
KR_6732926894,420,0,63,8,2,3,5,2,0,1,1,-2,2,4,1,3,2,0,1,1,2,-1,0,0,4,4,-2,0,0,1,-1,1,1,2,1
KR_6732961579,420,1,9,11,-2,-2,0,2,1,4,3,-1,3,4,1,2,1,-1,0,1,-1,2,14,-5,9,4,1,0,0,-1,-1,0,-1,4,1
KR_6759856106,420,0,-36,2,0,1,1,0,-2,2,4,1,1,0,1,3,2,-1,0,1,0,-3,38,5,2,7,3,0,-1,1,-1,-1,1,4,1
KR_6702483187,420,1,9,1,3,2,2,0,2,5,3,3,3,0,-3,0,3,-1,1,2,0,3,-3,3,2,5,1,0,3,1,1,1,1,1,1
KR_6759248013,420,6,100,53,14,1,2,1,1,2,1,6,6,0,3,3,0,3,3,0,1,13,23,3,3,6,1,0,2,1,1,1,1,4,1
KR_6763124696,440,1,-8,-16,8,1,2,1,5,5,0,-2,1,3,5,6,1,-1,0,1,0,11,4,-4,9,5,1,0,1,1,1,1,1,3,1
KR_6755271049,420,1,49,4,1,1,2,1,1,5,4,0,2,2,-2,4,6,1,4,3,1,3,-11,-3,12,9,4,0,0,-1,1,0,1,6,1
KR_6669141916,420,1,-21,-9,-3,-2,1,3,-5,0,5,7,7,0,-1,5,6,-2,3,5,-1,-8,21,0,5,5,-1,0,-1,-1,-1,-1,-1,1,1
KR_6676980022,420,-1,27,32,1,-1,0,1,0,3,3,-1,1,2,10,10,0,-7,0,7,1,4,-18,4,4,8,2,0,1,1,1,1,1,2,1
KR_6696437187,420,-1,10,-12,-1,2,2,0,1,7,6,-2,1,3,-2,1,3,0,0,0,0,-10,-13,0,4,4,1,0,1,-1,-1,1,-1,5,1
KR_6702367232,420,-3,-20,-19,-5,0,2,2,-3,2,5,4,7,3,-4,1,5,-2,0,2,-3,-15,4,-1,3,2,-3,0,-1,-1,1,-1,-1,2,1
KR_6751134975,420,1,-20,-1,-8,-1,2,3,-3,1,4,-1,2,3,-4,1,5,1,1,0,0,-1,-35,-1,8,7,1,0,0,-1,1,1,-1,5,1
KR_6644022012,420,-4,8,-12,-3,1,2,1,-2,5,7,-1,1,2,0,1,1,-1,0,1,0,-13,-4,-1,7,6,-1,0,-1,-1,-1,-1,-1,5,1
KR_6763858935,420,3,-4,14,8,-1,1,2,0,1,1,5,6,1,4,8,4,0,0,0,0,2,-8,-3,9,6,8,0,0,1,1,1,-1,2,1
KR_6668076489,420,-2,38,-8,1,-1,2,3,1,4,3,2,2,0,-4,1,5,3,4,1,0,-2,-4,4,2,6,3,0,-1,1,1,-1,1,6,1
KR_6638420214,420,0,38,15,1,1,2,1,0,1,1,0,3,3,0,0,0,0,0,0,0,3,0,-2,6,4,6,0,0,1,-1,0,1,4,1
KR_6739061699,420,-4,-74,0,-4,-2,1,3,-4,2,6,0,3,3,2,6,4,0,0,0,0,3,12,1,7,8,-3,0,0,-1,-1,0,1,3,1
KR_6761507774,420,6,50,35,5,-2,0,2,0,3,3,0,3,3,6,7,1,1,1,0,0,8,47,0,8,8,-21,0,1,1,1,1,1,3,1
KR_6712208618,420,1,27,22,7,3,5,2,5,6,1,-1,0,1,0,2,2,0,0,0,0,6,2,-1,6,5,3,0,0,1,-1,0,1,1,1
KR_6669658250,420,0,-12,10,-1,0,1,1,-4,0,4,1,3,2,1,2,1,1,1,0,0,-1,-6,-5,9,4,4,0,0,1,-1,0,-1,3,1
KR_6759550057,420,2,47,-12,2,1,1,0,-3,0,3,1,6,5,2,5,3,1,3,2,0,-1,-66,-5,7,2,4,0,0,-1,1,1,1,4,1
KR_6707031160,420,2,73,0,4,3,3,0,1,3,2,1,2,1,-2,1,3,1,1,0,0,0,-2,0,5,5,4,0,1,1,1,1,-1,3,1
KR_6750565883,420,0,35,-12,-1,-3,1,4,2,3,1,2,2,0,-2,4,6,0,1,1,0,2,-11,4,6,10,3,0,3,-1,1,1,1,2,1
KR_6748768822,420,-3,-28,-22,-8,0,2,2,-2,0,2,-1,5,6,-5,0,5,0,0,0,-1,-15,-3,-1,6,5,-1,0,-1,-1,-1,-1,-1,3,1
KR_6762866700,420,1,34,-8,7,4,6,2,-1,3,4,1,2,1,4,4,0,-1,0,1,0,8,38,4,2,6,4,0,1,1,-1,1,1,4,1
KR_6766362738,420,2,29,-4,-1,0,1,1,1,3,2,-5,0,5,2,6,4,1,2,1,-1,-9,4,1,7,8,1,0,0,1,-1,1,-1,3,1
KR_6766948571,420,5,26,62,-4,2,2,0,1,1,0,2,2,0,-8,1,9,-1,0,1,0,-5,10,5,3,8,1,0,1,1,1,1,-1,2,1
KR_6755339674,420,0,9,11,1,0,1,1,1,4,3,0,2,2,0,4,4,0,1,1,0,-1,-1,2,5,7,-5,0,-1,-1,-1,-1,1,2,1
KR_6767027872,420,3,-1,4,7,0,2,2,4,6,2,3,4,1,0,3,3,0,0,0,0,10,-1,2,4,6,9,0,1,-1,-1,1,-1,3,1
KR_6765418969,420,1,85,-20,-1,1,1,0,1,1,0,0,0,0,-3,1,4,0,2,2,0,-3,24,5,2,7,3,0,1,-1,1,1,-1,5,1
KR_6750797530,440,2,-14,32,6,2,4,2,-3,0,3,1,2,1,6,8,2,0,2,2,0,4,11,3,8,11,0,0,0,1,-1,1,1,6,1
KR_6716782464,420,2,-40,17,0,-2,2,4,-1,2,3,4,6,2,-1,0,1,0,0,0,0,-8,-8,-3,6,3,-1,0,0,-1,-1,-1,1,3,1
KR_6745098161,420,2,32,15,6,1,3,2,-2,1,3,2,3,1,4,6,2,1,4,3,0,5,2,-3,7,4,-1,0,0,1,1,1,1,2,1
KR_6735384923,440,3,53,36,7,4,6,2,2,6,4,-1,0,1,1,4,3,1,1,0,1,-6,20,-6,10,4,4,0,1,-1,0,1,1,6,1
KR_6759358981,420,0,40,4,-2,-2,1,3,-3,3,6,3,4,1,1,3,2,-1,1,2,0,6,-2,-1,5,4,-1,0,0,1,-1,1,-1,2,1
KR_6653020904,420,1,32,13,4,7,9,2,2,3,1,1,4,3,-5,1,6,-1,1,2,1,-3,-92,7,3,10,-1,0,2,-1,1,-1,-1,5,1
KR_6698838768,420,3,-19,-8,6,1,1,0,8,8,0,-1,5,6,-1,3,4,-1,0,1,0,9,10,5,5,10,-6,0,0,1,-1,1,1,1,1
KR_6759311743,420,3,26,17,4,1,1,0,0,2,2,2,2,0,4,5,1,-3,0,3,0,5,-13,-4,11,7,8,0,0,-1,-1,0,-1,2,1
KR_6717604884,420,0,28,-28,3,-3,1,4,5,7,2,-1,1,2,2,2,0,0,0,0,0,7,6,3,4,7,-4,0,2,1,1,1,1,6,1
KR_6737280623,420,7,77,12,11,3,3,0,2,2,0,-1,2,3,6,6,0,1,2,1,0,15,-1,1,6,7,0,0,2,1,-1,-1,-1,1,1
KR_6594614119,420,2,29,17,5,1,3,2,0,4,4,0,3,3,3,4,1,1,1,0,0,5,-7,-1,6,5,5,0,1,1,-1,1,-1,4,1
KR_6765387745,440,1,63,8,2,0,2,2,1,1,0,0,2,2,1,3,2,0,1,1,1,-8,2,-2,4,2,2,0,1,1,-1,1,1,2,1
KR_6650328392,420,1,24,-22,3,0,2,2,-1,1,2,3,4,1,1,2,1,0,1,1,0,5,6,6,5,11,8,0,0,-1,1,1,1,6,1
KR_6751531878,420,4,75,2,8,7,7,0,-2,1,3,0,4,4,1,2,1,2,3,1,0,9,1,3,5,8,5,0,3,1,1,1,1,3,1
KR_6767048663,420,1,16,-20,10,2,4,2,7,9,2,1,1,0,-2,5,7,2,2,0,0,12,154,1,5,6,-25,0,2,1,1,1,-1,4,1
KR_6766556958,420,2,27,16,5,-1,0,1,7,8,1,1,2,1,-2,1,3,0,0,0,0,13,2,0,7,7,-1,0,1,-1,1,1,1,4,1
KR_6754167025,440,1,46,-10,8,-1,0,1,4,4,0,2,3,1,4,6,2,-1,1,2,0,9,4,0,7,7,-2,0,1,-1,1,1,1,2,1
KR_6759963000,440,0,34,-22,-4,4,5,1,-1,0,1,1,3,2,-7,3,10,-1,2,3,0,-13,4,0,2,2,3,0,0,0,-1,0,1,0,1
KR_6767738057,420,1,22,-8,-1,-2,1,3,-1,1,2,-1,2,3,1,3,2,2,3,1,1,8,35,4,4,8,0,0,0,-1,1,-1,1,5,1
KR_6687532214,420,4,72,-30,11,2,3,1,4,4,0,2,3,1,2,2,0,1,1,0,0,13,2,-5,7,2,1,0,1,1,-1,1,1,5,1
KR_6756191705,420,5,23,-28,17,2,2,0,4,6,2,5,6,1,5,6,1,1,3,2,0,19,-28,2,7,9,1,0,1,-1,1,1,-1,5,1
KR_6618880266,420,0,-16,10,0,6,6,0,-2,0,2,-2,4,6,-1,2,3,-1,0,1,0,-9,-12,-5,11,6,-1,0,0,1,1,1,1,6,1
KR_6675328847,420,-2,-48,-20,-7,0,0,0,-5,1,6,0,5,5,-2,1,3,0,1,1,0,-7,7,3,6,9,-1,0,0,-1,1,0,-1,4,1
KR_6728726183,440,1,-20,7,1,1,4,3,1,4,3,2,2,0,-3,3,6,0,0,0,0,0,-10,-3,6,3,1,0,2,-1,1,1,-1,6,1
KR_6708459497,420,2,52,8,6,2,4,2,1,4,3,-2,1,3,5,6,1,0,1,1,0,9,-44,-1,7,6,2,0,0,1,-1,0,1,1,1
KR_6740453913,420,2,-31,24,10,2,4,2,-1,3,4,0,1,1,8,8,0,1,1,0,0,14,7,-2,10,8,2,0,1,1,1,1,1,4,1
KR_6724509518,420,5,54,-4,3,2,3,1,-1,2,3,-2,0,2,0,5,5,4,4,0,0,6,-12,2,5,7,1,0,1,1,1,1,1,6,1
KR_6643355251,420,-2,69,-8,4,7,8,1,-5,0,5,8,8,0,-6,3,9,0,1,1,2,-6,-11,-1,8,7,1,0,1,0,1,1,1,0,1
KR_6764879005,420,-3,-40,-7,-4,0,2,2,0,1,1,-1,0,1,-2,8,10,-1,0,1,0,-4,4,-1,3,2,-1,0,2,-1,1,1,1,3,1
KR_6768049385,420,2,22,12,8,-1,2,3,5,5,0,0,2,2,2,2,0,2,2,0,0,8,-14,-2,4,2,-1,0,1,1,1,1,1,2,1
KR_6766429229,420,5,89,0,0,-3,1,4,-1,2,3,4,8,4,2,4,2,-2,0,2,0,10,8,-1,8,7,2,0,1,1,1,1,-1,1,1
KR_6748873992,420,3,27,26,7,1,3,2,2,3,1,3,4,1,1,5,4,0,2,2,0,2,29,3,5,8,1,0,-1,0,1,-1,1,0,1
KR_6690238205,420,3,99,-23,8,4,4,0,4,6,2,-3,3,6,5,6,1,-2,1,3,0,8,-29,-2,6,4,7,0,1,1,-1,1,-1,5,1
KR_6703012204,440,5,67,9,5,3,3,0,3,3,0,2,2,0,1,3,2,-4,1,5,-1,4,-4,-1,5,4,4,0,0,1,-1,1,-1,3,1
KR_6644686395,420,2,16,45,5,0,1,1,1,2,1,1,3,2,2,2,0,1,2,1,0,-1,10,4,4,8,-1,0,1,1,1,1,1,4,1
KR_6644745584,420,4,62,16,4,2,3,1,-2,1,3,1,3,2,2,2,0,1,4,3,0,1,6,6,4,10,2,0,0,-1,-1,1,1,2,1
KR_6701092373,420,0,-36,3,3,0,2,2,5,7,2,3,3,0,-4,0,4,-1,0,1,0,5,3,2,4,6,1,0,0,1,1,-1,1,5,1
KR_6756337151,420,-1,2,-21,0,-1,2,3,-3,2,5,4,4,0,1,4,3,-1,0,1,0,0,3,2,5,7,1,0,0,0,-1,0,1,0,1
KR_6753794133,420,3,85,15,7,1,1,0,4,7,3,3,3,0,-1,3,4,0,1,1,1,11,0,-5,8,3,3,0,1,1,1,1,1,6,1
KR_6752353068,420,5,21,8,14,2,2,0,1,4,3,6,7,1,5,8,3,0,1,1,0,9,-6,2,4,6,4,0,0,0,1,1,1,0,1
KR_6697192238,420,0,67,-2,1,-2,0,2,0,1,1,2,2,0,1,2,1,0,0,0,0,7,-52,1,3,4,-1,0,0,1,-1,1,1,3,1
KR_6644307177,420,1,7,29,5,-1,0,1,1,3,2,3,3,0,4,5,1,-2,0,2,0,13,-25,-3,7,4,5,0,0,-1,1,1,-1,5,1
KR_6753689962,440,2,73,0,0,1,4,3,-2,1,3,-1,1,2,2,3,1,0,0,0,0,-1,-8,1,3,4,3,0,2,1,1,1,-1,4,1
KR_6759627125,420,5,88,1,10,2,3,1,3,6,3,0,0,0,5,6,1,0,2,2,0,22,20,7,5,12,-2,0,2,1,1,1,-1,1,1
KR_6737702120,420,4,31,-5,12,6,7,1,6,7,1,1,2,1,-1,2,3,0,4,4,-1,7,-12,2,3,5,1,0,2,-1,1,1,-1,1,1
KR_6731689655,420,2,48,34,-1,-1,2,3,2,6,4,7,7,0,-7,3,10,-2,1,3,2,-3,-2,0,5,5,2,0,0,1,1,1,1,1,1
KR_6698977145,420,4,83,7,12,5,9,4,1,4,3,0,2,2,5,5,0,1,1,0,0,11,2,0,6,6,6,0,2,-1,1,1,-1,4,1
KR_6756301567,420,1,-22,7,14,3,4,1,1,7,6,5,6,1,9,10,1,-4,2,6,2,19,-3,1,6,7,1,0,1,1,1,1,1,3,1
KR_6430218843,420,2,25,-20,8,-2,0,2,1,3,2,2,6,4,6,6,0,1,2,1,0,15,14,3,5,8,-5,0,1,1,-1,1,1,6,1
KR_6732549825,420,3,36,56,9,1,2,1,6,9,3,3,5,2,0,3,3,-1,1,2,2,11,18,4,5,9,9,0,0,1,1,1,1,3,1
KR_6728129064,420,4,26,27,5,1,1,0,2,5,3,3,3,0,0,4,4,-1,0,1,-1,12,0,3,3,6,8,0,0,1,1,1,-1,5,1
KR_6711418444,420,0,43,15,1,3,4,1,-1,3,4,2,4,2,-4,2,6,1,1,0,0,4,-47,-3,7,4,32,0,2,-1,1,1,1,2,1
KR_6732592075,420,2,66,24,4,1,4,3,-1,2,3,4,6,2,1,5,4,-1,0,1,1,-4,-37,1,7,8,1,0,3,0,1,1,1,0,1
KR_6653947624,420,1,76,29,-1,-2,0,2,1,2,1,-1,1,2,4,4,0,-3,0,3,0,3,-13,-3,9,6,4,0,0,1,1,0,1,3,1
KR_6765310710,420,0,-37,23,-2,-3,1,4,3,4,1,-1,2,3,-2,4,6,1,2,1,0,6,0,-2,8,6,-4,0,2,-1,1,1,1,6,1
KR_6579343569,420,-1,-13,16,-3,-2,2,4,-2,4,6,2,2,0,0,3,3,-1,0,1,0,2,-3,-8,12,4,2,0,0,-1,-1,-1,1,3,1
KR_6688530767,420,2,14,24,3,-2,3,5,4,4,0,1,4,3,0,3,3,0,1,1,0,16,-3,-5,8,3,3,0,0,1,-1,1,1,2,1
KR_6699899412,420,2,42,-12,2,1,1,0,3,3,0,1,4,3,-4,3,7,1,1,0,-2,3,-7,-1,7,6,0,0,-1,-1,-1,-1,-1,2,1
KR_6716700638,420,7,64,-8,16,5,7,2,3,4,1,0,2,2,6,9,3,2,2,0,-1,20,3,-5,8,3,8,0,0,1,-1,-1,-1,5,1
KR_6761680045,420,0,-3,28,2,-5,0,5,3,4,1,-3,1,4,3,3,0,4,4,0,0,3,-87,0,4,4,-4,0,0,1,-1,1,1,2,1
KR_6731288621,440,1,-40,26,2,-3,1,4,4,4,0,4,5,1,-4,4,8,1,3,2,-1,0,9,0,6,6,-3,0,1,1,1,1,-1,3,1
KR_6762727726,420,3,8,15,2,1,3,2,3,4,1,1,1,0,0,2,2,-3,0,3,0,0,-10,-3,8,5,-2,0,0,-1,1,1,-1,5,1
KR_6762616992,420,-1,59,-4,1,0,1,1,2,2,0,3,3,0,-4,1,5,0,1,1,-1,7,-11,-1,6,5,4,0,-1,1,1,-1,-1,4,1
KR_6702765196,420,4,-22,30,10,0,0,0,-1,3,4,6,8,2,4,6,2,1,2,1,0,11,-1,-1,5,4,3,0,0,-1,1,0,1,2,1
KR_6649274340,420,1,10,24,-1,5,5,0,-6,3,9,0,2,2,-1,0,1,1,2,1,-1,-11,4,2,6,8,-1,0,0,1,1,-1,-1,6,1
KR_6635701977,420,0,-54,-17,-4,-1,1,2,-4,1,5,1,3,2,4,5,1,-4,4,8,-1,-3,149,1,7,8,-3,0,2,1,1,-1,-1,5,1
KR_6695078001,420,5,16,-2,10,5,6,1,-1,2,3,1,4,3,2,6,4,3,3,0,0,15,-4,1,5,6,-1,0,2,1,1,1,-1,1,1
KR_6748822088,420,1,-15,24,8,-1,2,3,2,5,3,1,7,6,5,6,1,1,1,0,0,12,-11,-2,8,6,6,0,0,1,1,0,-1,2,1
KR_6666007720,420,-1,-51,-25,3,-2,1,3,0,5,5,0,6,6,5,5,0,0,0,0,0,1,-12,0,9,9,-5,0,0,-1,-1,-1,-1,2,1
KR_6702597421,420,1,16,-13,3,6,8,2,1,2,1,-1,1,2,-1,4,5,-2,1,3,0,3,1,1,6,7,4,0,-1,-1,0,-1,-1,2,1
KR_6749930765,420,4,16,12,8,3,4,1,-1,5,6,1,7,6,5,8,3,0,0,0,0,22,4,-1,8,7,-7,0,-1,-1,-1,-1,1,6,1
KR_6723874765,420,2,23,24,4,8,8,0,-2,3,5,-1,0,1,-3,3,6,2,2,0,0,-1,-9,1,6,7,-4,0,1,1,-1,1,1,3,1
KR_6696374949,420,0,21,16,-2,-1,2,3,-4,0,4,0,0,0,1,4,3,2,2,0,0,-5,4,-1,3,2,-1,0,-1,1,-1,1,-1,2,1
KR_6754964777,420,0,9,4,12,5,6,1,-1,4,5,9,10,1,-2,2,4,1,3,2,0,4,3,-1,6,5,-1,0,0,1,1,1,1,6,1
KR_6723040343,420,3,28,-8,8,1,3,2,3,4,1,3,3,0,2,5,3,-1,0,1,1,10,7,-2,9,7,-3,0,0,-1,1,0,1,1,1
KR_6766158469,420,0,-4,10,5,-2,1,3,-2,1,3,1,2,1,9,10,1,-1,1,2,0,7,-2,-3,7,4,-3,0,0,-1,0,-1,1,1,1
KR_6692703851,420,4,48,25,7,5,5,0,-2,3,5,3,6,3,0,1,1,1,1,0,0,7,-2,0,5,5,-2,0,3,-1,1,1,1,5,1
KR_6765991105,420,0,25,40,-3,-1,2,3,-2,1,3,1,3,2,-1,1,2,0,1,1,0,-7,-1,-3,8,5,1,0,1,-1,1,1,-1,2,1
KR_6753573033,420,-1,12,-4,2,-2,1,3,-1,2,3,0,4,4,5,8,3,0,0,0,0,-3,-3,1,3,4,1,0,0,-1,1,1,1,1,1
KR_6767953535,420,5,34,8,6,1,3,2,5,7,2,0,5,5,0,2,2,0,0,0,0,3,27,-4,9,5,7,0,1,1,1,1,1,5,1
KR_6730895200,420,3,9,-4,9,2,2,0,-1,3,4,1,2,1,3,4,1,4,5,1,0,16,-18,0,5,5,9,0,0,1,0,0,1,2,1
KR_6750263910,420,1,-68,8,4,-1,0,1,2,4,2,2,2,0,-1,4,5,2,2,0,1,8,91,-2,9,7,1,0,0,1,-1,-1,1,5,1
KR_6671450871,420,7,110,28,12,2,2,0,0,2,2,5,6,1,4,4,0,1,3,2,-1,12,76,-2,6,4,2,0,2,1,1,1,-1,6,1
KR_6662549932,420,0,29,-12,-1,0,2,2,1,6,5,-2,1,3,-1,0,1,1,2,1,3,2,-30,-3,7,4,4,0,0,-1,-1,0,1,4,1
KR_6694755681,420,4,56,20,13,0,0,0,5,7,2,2,2,0,5,6,1,1,3,2,0,15,-92,5,1,6,-2,0,0,1,-1,1,1,4,1
KR_6759376892,420,3,2,32,8,1,3,2,-1,2,3,2,2,0,6,7,1,0,0,0,0,5,15,5,3,8,-6,0,1,1,1,1,1,1,1
KR_6706186517,420,3,67,13,7,3,3,0,-4,0,4,1,2,1,5,5,0,2,2,0,0,6,40,-1,4,3,-18,0,1,1,1,1,-1,6,1
KR_6762267593,420,3,25,20,-2,1,2,1,2,3,1,-1,2,3,-3,1,4,-1,0,1,0,-5,-6,-1,7,6,0,0,-1,-1,1,-1,-1,6,1
KR_6698184828,420,3,33,-12,2,-4,1,5,0,3,3,4,4,0,-1,3,4,3,4,1,-1,3,0,1,6,7,-5,0,1,1,-1,1,-1,4,1
KR_6673369430,420,1,-45,30,7,1,1,0,10,11,1,1,1,0,-5,1,6,0,0,0,0,-1,7,-4,10,6,0,0,0,-1,1,0,-1,4,1
KR_6688987640,420,4,48,12,7,1,4,3,2,7,5,3,5,2,1,4,3,0,0,0,0,8,5,1,9,10,-2,0,0,1,-1,1,-1,4,1
KR_6662214497,440,5,78,6,10,3,5,2,3,6,3,2,2,0,-4,0,4,6,7,1,0,11,-1,2,3,5,-1,0,2,0,0,1,1,0,1
KR_6609323703,420,3,11,27,6,2,4,2,6,8,2,1,3,2,0,4,4,-3,0,3,2,11,36,2,2,4,-1,0,1,-1,1,1,1,1,1
KR_6635621374,420,2,9,-8,8,4,5,1,-5,1,6,2,3,1,7,7,0,0,2,2,0,10,4,1,7,8,0,0,1,1,-1,1,1,2,1
KR_6656432365,420,3,40,22,5,1,2,1,2,3,1,1,2,1,-2,1,3,3,3,0,0,9,-2,-1,7,6,3,0,0,1,1,1,1,6,1
KR_6767332245,420,3,66,-24,5,2,2,0,1,4,3,-1,1,2,2,2,0,1,1,0,0,2,6,-1,7,6,-1,0,1,-1,1,1,-1,3,1
KR_6756757452,420,0,51,20,-3,-4,0,4,1,2,1,2,5,3,0,4,4,-2,0,2,0,-7,-1,0,5,5,1,0,-1,1,-1,-1,1,5,1
KR_6760652173,420,1,19,19,0,-1,0,1,-2,1,3,-7,3,10,7,7,0,3,3,0,1,6,-11,-2,6,4,2,0,1,1,1,1,1,4,1
KR_6720669000,420,8,125,7,23,1,2,1,9,9,0,3,3,0,9,10,1,1,1,0,2,30,146,4,2,6,-5,0,2,1,1,1,1,2,1
KR_6767383860,420,1,14,7,6,4,5,1,-2,1,3,5,6,1,0,1,1,-1,1,2,0,2,1,4,3,7,-2,0,2,1,1,1,1,3,1
KR_6680483461,420,4,34,39,6,1,2,1,4,5,1,4,4,0,-2,2,4,-1,1,2,1,5,114,4,3,7,0,0,0,-1,1,1,1,6,1
KR_6759506429,440,0,50,12,1,-3,1,4,0,0,0,2,5,3,3,7,4,-1,0,1,0,8,1,2,1,3,-1,0,1,1,1,1,-1,3,1
KR_6766977016,420,4,19,30,7,5,5,0,4,9,5,2,3,1,-4,3,7,0,0,0,2,12,-8,-2,8,6,1,0,0,1,-1,1,-1,1,1
KR_6766177133,440,7,83,12,5,0,0,0,2,2,0,0,0,0,0,1,1,3,4,1,0,3,-28,0,6,6,2,0,1,1,-1,1,1,5,1
KR_6497148708,420,7,88,57,15,0,4,4,6,10,4,7,8,1,2,3,1,0,1,1,1,8,60,0,4,4,-6,0,2,1,1,1,1,5,1
KR_6709718272,420,3,31,19,2,0,1,1,1,3,2,0,1,1,1,2,1,0,1,1,0,-2,-4,-1,7,6,-3,0,0,0,-1,1,1,0,1
KR_6625299502,420,-2,-40,-19,6,2,3,1,0,3,3,-2,1,3,3,4,1,3,3,0,0,10,-264,-1,11,10,7,0,1,1,-1,1,-1,4,1
KR_6765384047,420,-1,-21,-19,-3,-1,1,2,4,4,0,-4,1,5,-3,0,3,1,2,1,0,1,-5,-1,5,4,3,0,0,-1,1,0,1,1,1
KR_6767754944,420,6,36,19,11,3,4,1,6,6,0,0,1,1,0,0,0,2,2,0,0,10,10,4,5,9,4,0,1,1,1,1,1,2,1
KR_6765455386,420,5,58,44,10,3,5,2,4,5,1,1,1,0,3,4,1,-1,0,1,0,11,3,2,5,7,1,0,1,1,1,1,1,3,1
KR_6702378754,420,9,116,50,15,-3,2,5,2,5,3,7,7,0,3,3,0,6,6,0,1,8,10,1,7,8,-2,1,5,1,1,1,1,2,1
KR_6725991783,420,0,-7,16,1,-1,3,4,5,7,2,5,6,1,-7,4,11,-1,0,1,-1,-2,-7,4,3,7,-2,0,0,1,1,1,-1,2,1
KR_6760184089,420,-1,-69,-8,1,-3,0,3,0,5,5,1,2,1,6,7,1,-3,1,4,0,2,-1,1,4,5,2,0,-1,1,-1,-1,-1,6,1
KR_6621591302,420,-6,19,-56,-2,-5,0,5,1,6,5,-1,0,1,1,1,0,2,2,0,0,-1,-8,2,3,5,-3,0,-1,1,-1,-1,1,4,1
KR_6697050171,420,-3,-52,10,-3,0,1,1,-2,1,3,0,0,0,-1,0,1,0,1,1,0,-1,0,3,8,11,-1,0,-2,-1,-1,-1,1,2,1
KR_6728064218,420,5,17,-2,8,-2,1,3,1,4,3,2,4,2,3,5,2,4,4,0,0,14,-1,-7,11,4,10,0,1,-1,-1,-1,-1,2,1
KR_6674164351,420,3,35,14,6,0,1,1,-2,2,4,2,6,4,5,7,2,1,1,0,0,11,-20,3,7,10,0,0,0,-1,-1,1,1,5,1
KR_6688804459,420,-2,27,-2,-4,2,2,0,3,7,4,-4,2,6,-2,2,4,-3,0,3,0,-16,1,-1,6,5,-5,0,1,1,-1,1,1,6,1
KR_6764596380,420,2,71,-16,4,2,3,1,4,8,4,-2,0,2,0,2,2,0,1,1,0,7,7,4,4,8,1,0,0,1,-1,0,-1,6,1
KR_6764415878,420,2,38,16,2,4,4,0,-3,0,3,1,1,0,0,3,3,0,0,0,1,0,8,1,6,7,-5,0,1,-1,-1,1,1,2,1
KR_6718810763,420,1,-30,36,14,-1,2,3,1,3,2,6,8,2,3,4,1,5,5,0,2,15,11,3,5,8,2,0,2,1,1,1,1,1,1
KR_6767477145,440,1,38,11,3,-1,0,1,2,3,1,-4,2,6,5,5,0,1,1,0,0,7,-7,-2,7,5,1,0,1,1,-1,1,-1,3,1
KR_6766084787,420,2,99,11,4,0,3,3,3,4,1,3,4,1,1,2,1,-3,0,3,0,1,20,-4,7,3,-1,0,1,0,1,1,-1,0,1
KR_6719411663,420,-3,-40,-32,-4,-3,1,4,0,2,2,0,3,3,-2,2,4,1,1,0,0,2,-9,-1,9,8,-2,0,0,-1,1,0,1,5,1
KR_6741977084,440,7,22,7,17,2,5,3,4,5,1,9,10,1,2,5,3,0,2,2,-1,12,120,-3,7,4,4,0,2,1,1,1,-1,2,1
KR_6762857938,420,0,11,-4,3,-6,0,6,4,5,1,2,4,2,2,4,2,1,1,0,0,-9,-36,0,7,7,-1,0,0,1,1,1,1,6,1
KR_6711502480,420,3,-21,1,13,7,8,1,6,6,0,2,5,3,-2,3,5,0,1,1,0,21,72,-1,8,7,3,0,-1,1,-1,-1,1,2,1
KR_6748547355,420,3,69,15,4,0,1,1,1,2,1,0,4,4,4,4,0,-1,0,1,-1,4,-48,-3,9,6,6,0,-1,-1,-1,-1,-1,4,1
KR_6742562351,420,2,55,-2,3,-1,2,3,1,4,3,0,4,4,1,3,2,2,2,0,0,7,43,2,3,5,-28,0,2,1,-1,1,-1,5,1
KR_6722812568,440,-3,-3,-39,1,-1,1,2,-1,2,3,-2,2,4,5,6,1,0,2,2,0,3,-2,2,3,5,0,0,-1,1,-1,-1,1,4,1
KR_6761051715,420,-1,19,0,-8,1,2,1,-3,1,4,-1,1,2,-5,2,7,0,1,1,-1,-11,-14,1,6,7,1,0,-1,1,-1,-1,-1,1,1
KR_6704111852,420,5,100,21,13,5,6,1,2,2,0,3,6,3,0,2,2,3,4,1,0,5,-47,3,3,6,-2,0,0,1,1,1,1,4,1
KR_6762084486,420,2,2,35,2,-1,1,2,-4,2,6,-1,2,3,8,10,2,0,0,0,-1,0,-4,4,4,8,-1,0,2,1,1,1,-1,4,1
KR_6672017482,440,1,-22,3,4,-3,3,6,0,2,2,4,4,0,3,3,0,0,4,4,0,8,190,-1,5,4,1,0,-1,1,-1,-1,-1,4,1
KR_6766582731,420,2,47,-35,7,2,2,0,0,2,2,1,1,0,4,4,0,0,0,0,0,3,9,4,3,7,-2,0,0,0,-1,0,1,0,1
KR_6740072921,420,0,4,-36,3,1,1,0,-3,5,8,-2,3,5,5,5,0,2,3,1,1,6,-9,-3,6,3,1,0,1,-1,1,-1,1,5,1
KR_6634669017,420,1,-16,11,7,0,2,2,-1,3,4,0,1,1,5,7,2,3,3,0,0,13,-13,-1,4,3,1,0,2,1,1,1,1,3,1
KR_6576592543,420,2,45,3,4,3,3,0,1,5,4,1,7,6,2,5,3,-3,1,4,0,-1,0,-1,7,6,5,0,1,1,1,1,-1,5,1
KR_6694781817,420,4,90,27,16,3,3,0,5,7,2,5,9,4,4,4,0,-1,0,1,1,20,52,4,3,7,0,0,3,-1,1,1,1,3,1
KR_6767991892,420,2,17,-6,7,1,2,1,1,7,6,3,4,1,-1,2,3,3,3,0,0,8,4,-1,5,4,-3,0,1,1,-1,1,-1,2,1
KR_6714695569,420,3,95,11,3,3,4,1,-3,3,6,2,5,3,0,2,2,1,3,2,0,-2,-40,1,3,4,3,0,1,-1,1,1,1,6,1
KR_6768027383,420,3,74,-5,11,3,4,1,4,5,1,-2,2,4,6,7,1,0,1,1,0,6,6,3,2,5,-1,0,2,1,1,1,-1,5,1
KR_6763128741,420,4,12,-23,12,-1,2,3,6,8,2,5,5,0,1,3,2,1,1,0,0,10,2,4,2,6,1,0,1,1,-1,1,1,2,1
KR_6702039146,420,7,112,14,12,4,4,0,3,6,3,5,6,1,1,2,1,-1,1,2,-1,10,4,-2,7,5,6,0,2,1,1,1,-1,1,1
KR_6756168742,420,2,54,-7,5,1,3,2,2,5,3,3,5,2,2,3,1,-3,1,4,1,4,32,-4,13,9,-4,0,1,1,1,1,1,2,1
KR_6732517019,420,2,43,9,3,0,0,0,0,2,2,2,2,0,2,3,1,-1,1,2,0,-2,38,3,3,6,-6,0,1,1,-1,1,1,5,1
KR_6767579521,420,10,64,50,21,1,3,2,5,5,0,2,4,2,9,11,2,4,5,1,0,20,1,0,3,3,3,0,3,1,1,1,1,5,1
KR_6763112375,440,1,-53,20,5,4,5,1,1,2,1,1,2,1,2,3,1,-3,4,7,1,6,1,-4,7,3,4,0,1,-1,-1,1,1,1,1
KR_6766664233,420,2,61,16,12,-2,0,2,8,8,0,7,7,0,0,2,2,-1,0,1,1,11,15,4,2,6,-1,0,2,1,1,1,1,5,1
KR_6700215756,420,2,40,2,5,3,3,0,0,4,4,4,6,2,-2,0,2,0,0,0,0,4,-29,4,1,5,0,0,1,1,1,1,1,1,1
KR_6614865692,440,0,31,15,0,4,4,0,-6,0,6,-2,1,3,1,3,2,3,3,0,0,2,6,0,4,4,-15,0,0,1,-1,0,-1,2,1
KR_6746842829,420,3,43,30,1,2,4,2,0,2,2,-3,2,5,1,1,0,1,1,0,0,0,16,1,7,8,-2,0,0,1,-1,-1,1,5,1
KR_6732256495,440,3,33,-3,11,0,2,2,6,7,1,2,2,0,7,7,0,-4,1,5,0,13,-18,-2,10,8,-1,0,1,1,1,1,1,6,1
KR_6684292882,420,0,28,-19,5,9,9,0,0,2,2,1,3,2,-1,1,2,-4,1,5,0,-7,2,-1,4,3,-4,0,2,-1,1,1,-1,1,1
KR_6710629695,420,2,-1,0,3,-2,0,2,1,3,2,5,7,2,2,3,1,-3,0,3,0,5,-49,-5,10,5,7,0,0,1,1,1,-1,4,1
KR_6738202051,420,2,-31,36,5,3,4,1,2,5,3,-2,3,5,2,3,1,0,0,0,0,5,1,0,5,5,3,0,1,1,1,1,-1,3,1
KR_6735269693,420,1,-3,-7,3,1,3,2,-2,3,5,0,2,2,3,6,3,1,2,1,2,4,-10,3,5,8,3,0,1,1,1,1,1,4,1
KR_6683999983,420,5,60,-2,19,2,2,0,3,5,2,6,8,2,7,7,0,1,2,1,0,14,-4,3,3,6,7,0,2,1,1,1,-1,5,1
KR_6766038760,420,1,-7,16,6,2,4,2,3,4,1,-1,1,2,2,4,2,0,1,1,0,2,-25,5,6,11,2,0,0,-1,1,0,1,4,1
KR_6643253773,420,3,-26,17,2,-1,0,1,0,2,2,-3,2,5,6,7,1,0,0,0,0,3,9,5,5,10,-7,0,-1,-1,-1,-1,1,5,1
KR_6697296501,420,1,0,-24,4,-4,0,4,-1,2,3,1,2,1,4,5,1,4,4,0,-1,10,190,-3,10,7,7,0,-2,1,-1,-1,-1,4,1
KR_6752980064,440,-1,63,-1,4,5,5,0,1,1,0,1,3,2,-3,2,5,0,0,0,0,-3,0,3,5,8,2,0,-1,1,-1,-1,1,2,1
KR_6759475496,440,5,53,-18,5,2,2,0,2,4,2,0,1,1,1,2,1,0,1,1,0,6,5,2,3,5,0,0,1,1,1,1,-1,6,1
KR_6760270797,420,7,65,-12,10,2,5,3,2,3,1,1,4,3,3,5,2,2,2,0,0,9,-8,5,2,7,1,0,2,-1,1,1,1,4,1
KR_6708914553,420,-2,27,-23,-2,2,4,2,-5,2,7,1,3,2,-1,2,3,1,1,0,0,-2,-170,-3,9,6,3,0,0,-1,-1,0,-1,5,1
KR_6731818272,440,8,60,6,13,3,5,2,5,5,0,2,2,0,3,5,2,0,2,2,0,17,47,1,7,8,-3,0,2,1,-1,1,1,1,1
KR_6752004658,420,2,2,12,3,3,6,3,0,3,3,0,3,3,0,0,0,0,0,0,0,9,-4,-1,2,1,-2,0,1,1,-1,1,-1,1,1
KR_6762580236,420,3,3,18,4,2,4,2,2,5,3,1,8,7,-3,0,3,2,4,2,0,12,10,0,6,6,1,0,1,1,-1,1,-1,5,1
KR_6762729178,420,0,22,-8,0,0,2,2,1,3,2,-2,1,3,2,4,2,-1,0,1,0,3,10,5,4,9,-4,0,0,1,-1,0,-1,5,1
KR_6680421539,420,1,-65,8,-4,0,2,2,-1,2,3,-1,1,2,-2,2,4,0,2,2,-1,-1,-5,-5,7,2,-1,0,1,-1,1,1,-1,1,1
KR_6732459375,420,3,37,32,1,0,1,1,-7,1,8,4,6,2,3,3,0,1,1,0,1,2,4,2,6,8,1,0,2,1,-1,1,1,6,1
KR_6696614989,420,4,87,20,12,7,8,1,2,8,6,2,2,0,1,2,1,0,0,0,0,8,7,-3,7,4,1,0,2,1,1,1,-1,3,1
KR_6651502729,420,4,82,12,10,2,2,0,7,9,2,0,3,3,-1,3,4,2,2,0,0,12,3,-1,8,7,4,0,3,1,-1,1,-1,4,1
KR_6764365416,420,0,-46,-4,4,-1,1,2,1,2,1,2,3,1,1,3,2,1,2,1,0,8,1,-2,8,6,0,0,0,-1,-1,-1,1,6,1
KR_6763593391,440,-2,-54,7,1,-5,1,6,-1,1,2,2,3,1,5,6,1,0,2,2,0,4,8,4,3,7,-1,0,1,1,-1,1,-1,4,1
KR_6664210237,420,-1,23,-1,-5,-1,1,2,-6,2,8,0,3,3,3,4,1,-1,0,1,0,-1,-5,-1,7,6,2,0,-1,1,-1,-1,-1,5,1
KR_6726747562,420,-4,-13,-5,-1,-3,0,3,-4,2,6,5,8,3,1,5,4,0,1,1,1,7,19,-1,8,7,-7,0,0,1,-1,-1,1,6,1
KR_6628324180,420,0,63,-46,2,-1,1,2,6,7,1,0,2,2,0,2,2,-3,0,3,1,9,38,3,3,6,-3,0,0,1,1,1,1,4,1
KR_6707808552,440,0,6,8,6,1,1,0,-1,3,4,6,6,0,-2,2,4,2,2,0,0,1,9,3,4,7,-2,0,0,1,1,1,1,4,1
KR_6709154398,420,6,53,11,15,5,6,1,4,5,1,0,2,2,3,11,8,3,3,0,0,23,-1,0,9,9,0,0,3,-1,1,1,1,4,1
KR_6764519224,440,1,23,-1,2,2,6,4,-2,1,3,-1,3,4,0,3,3,3,5,2,0,4,-28,-4,6,2,6,0,3,0,-1,1,-1,0,1
KR_6676392780,420,1,5,7,-2,-3,2,5,0,2,2,3,4,1,-3,0,3,1,1,0,0,-2,4,-1,6,5,-1,0,-1,1,1,-1,-1,6,1
KR_6766480260,420,5,47,-31,25,4,6,2,0,2,2,6,7,1,15,16,1,0,0,0,0,32,-2,-1,7,6,3,0,3,0,0,1,1,0,1
KR_6744527846,420,-2,-32,16,-5,0,3,3,2,4,2,1,3,2,-5,2,7,-3,0,3,0,-9,-6,-1,6,5,1,0,0,-1,1,1,-1,4,1
KR_6767867803,420,-3,-31,-10,2,-4,0,4,5,5,0,6,6,0,-4,3,7,-1,1,2,0,3,37,3,5,8,6,0,1,1,-1,1,1,4,1
KR_6700411414,420,0,24,15,0,2,2,0,-2,2,4,2,3,1,-3,1,4,1,1,0,0,-3,74,-2,7,5,2,0,0,1,-1,0,-1,1,1
KR_6728246373,420,8,69,20,15,3,3,0,2,5,3,6,8,2,1,5,4,3,4,1,0,7,142,-3,7,4,4,0,2,1,1,1,1,2,1
KR_6702931517,420,1,48,-14,6,6,6,0,4,5,1,4,4,0,-8,2,10,0,0,0,0,7,4,-1,9,8,-7,0,-1,-1,-1,-1,-1,5,1
KR_6610271021,420,3,12,1,5,-1,0,1,3,5,2,2,2,0,1,6,5,0,0,0,0,5,9,4,7,11,0,0,1,-1,1,1,1,5,1
KR_6671652561,420,-1,-2,19,-5,1,2,1,-5,1,6,-1,3,4,0,1,1,0,0,0,0,-11,-249,-6,9,3,-2,0,0,1,-1,0,-1,2,1
KR_6694147004,420,4,-24,6,7,1,3,2,1,3,2,3,4,1,1,2,1,1,1,0,0,10,6,6,1,7,-3,0,0,1,1,1,1,1,1
KR_6750664080,420,3,29,16,-4,1,3,2,1,2,1,-3,1,4,-3,3,6,0,1,1,0,-4,-12,3,5,8,-5,0,1,-1,1,1,-1,2,1
KR_6698250944,420,3,13,19,2,-3,1,4,-1,3,4,-1,1,2,2,3,1,5,5,0,1,2,-53,5,3,8,-4,0,0,-1,1,0,1,3,1
KR_6696326729,420,0,5,-44,1,-6,2,8,2,4,2,0,2,2,2,3,1,3,3,0,0,2,7,5,3,8,-2,0,0,1,-1,-1,1,3,1
KR_6736924154,420,5,58,2,11,9,9,0,2,3,1,-1,8,9,1,7,6,0,0,0,-1,15,-16,-1,6,5,3,0,1,0,1,1,1,0,1
KR_6594239223,420,4,63,-5,12,0,1,1,-1,5,6,5,6,1,4,6,2,4,5,1,2,26,28,9,3,12,-3,0,1,-1,1,1,1,3,1
KR_6751958028,420,1,0,-34,9,0,2,2,-2,1,3,7,7,0,2,6,4,2,2,0,0,3,-6,-1,7,6,0,0,2,1,1,1,1,3,1
KR_6636876831,440,2,44,26,6,2,3,1,-1,3,4,9,9,0,-2,3,5,-2,0,2,0,1,-4,2,6,8,1,0,1,1,1,1,1,6,1
KR_6765285908,420,1,36,-7,4,-2,1,3,3,3,0,0,0,0,3,4,1,0,0,0,0,10,31,-4,10,6,9,0,0,-1,1,1,-1,6,1
KR_6765749340,440,2,52,-6,-3,-1,2,3,-4,1,5,2,2,0,1,1,0,-1,1,2,0,-7,297,2,4,6,2,0,1,1,-1,1,-1,3,1
KR_6766245463,420,3,7,14,5,0,0,0,-1,8,9,2,5,3,2,3,1,2,2,0,1,10,3,-3,7,4,9,0,0,1,-1,1,1,1,1
KR_6194450133,420,1,37,4,5,-1,2,3,0,2,2,1,4,3,9,9,0,-4,1,5,0,1,-7,5,7,12,8,0,1,1,1,1,1,3,1
KR_6747934911,420,-1,23,-20,-8,1,2,1,-5,0,5,-1,4,5,-3,0,3,0,1,1,-1,-11,-30,-2,6,4,-2,0,0,1,-1,1,-1,5,1
KR_6763026361,440,1,-63,12,0,1,2,1,2,2,0,-1,0,1,3,3,0,-5,0,5,0,2,221,2,4,6,-4,0,0,-1,1,0,-1,2,1
KR_6629418971,440,-1,-30,58,-8,-1,0,1,-2,3,5,4,5,1,-8,1,9,-1,0,1,0,-9,-1,-3,3,0,1,0,0,1,-1,0,-1,4,1
KR_6763454028,420,5,64,12,5,4,5,1,1,2,1,-1,3,4,0,3,3,1,1,0,-2,-2,10,6,4,10,-2,0,2,1,1,1,-1,3,1
KR_6665049268,420,1,58,-16,7,4,5,1,0,2,2,2,3,1,4,4,0,-3,1,4,0,6,-40,0,5,5,-2,0,2,1,1,1,1,3,1
KR_6750823704,420,1,74,26,-2,-1,2,3,-6,4,10,1,3,2,5,7,2,-1,1,2,1,-7,3,1,8,9,-16,0,1,-1,1,1,-1,6,1
KR_6745372896,420,3,19,-8,9,2,3,1,3,4,1,0,0,0,3,3,0,1,2,1,0,11,0,0,5,5,-1,0,0,1,-1,0,1,4,1
KR_6766075988,420,0,20,-2,3,2,3,1,-3,3,6,2,3,1,2,2,0,0,3,3,0,1,10,0,4,4,3,0,1,1,-1,1,-1,3,1
KR_6763951212,420,3,-12,0,3,-2,1,3,3,5,2,0,3,3,0,0,0,2,2,0,0,8,-6,-4,8,4,3,0,2,1,1,1,-1,4,1
KR_6759933202,440,4,25,27,11,0,3,3,3,4,1,4,5,1,5,5,0,-1,0,1,1,9,-43,1,5,6,20,0,1,1,1,1,1,6,1
KR_6644805174,420,4,43,41,13,-1,1,2,3,5,2,0,2,2,8,10,2,3,4,1,0,10,19,6,2,8,4,0,1,1,-1,1,1,6,1
KR_6627699861,420,-2,-44,-25,-5,0,3,3,-3,6,9,-2,4,6,1,3,2,-1,2,3,-1,-5,227,-5,7,2,3,0,-1,-1,-1,-1,-1,4,1
KR_6676869662,420,6,72,34,9,3,4,1,2,5,3,4,6,2,0,1,1,0,2,2,0,12,3,1,9,10,6,0,2,1,1,1,1,5,1
KR_6719300106,420,3,-22,36,7,-1,2,3,1,5,4,6,7,1,-3,1,4,4,5,1,2,16,-4,8,1,9,-6,0,2,1,1,1,-1,1,1
KR_6763406598,420,-3,-4,5,-4,1,2,1,-1,2,3,-4,0,4,2,3,1,-2,0,2,0,-7,-3,1,4,5,-1,0,-2,1,-1,-1,1,3,1
KR_6742525805,420,3,70,26,9,1,2,1,1,1,0,0,4,4,6,6,0,1,1,0,1,14,67,2,2,4,3,0,1,1,-1,1,1,1,1
KR_6743969404,420,1,39,-35,-1,-6,0,6,0,1,1,2,5,3,3,4,1,0,1,1,0,-2,-1,-2,7,5,2,0,2,-1,1,1,-1,6,1
KR_6672922290,420,3,44,1,7,2,3,1,-4,1,5,2,5,3,5,6,1,2,2,0,0,12,1,0,6,6,0,0,1,-1,-1,-1,1,6,1
KR_6762518498,420,-1,12,27,-5,-1,1,2,-5,2,7,1,2,1,1,1,0,-1,0,1,0,-8,35,-3,7,4,1,0,0,0,-1,0,1,0,1
KR_6760460392,420,1,-37,-8,4,-2,0,2,-1,1,2,3,3,0,5,6,1,-1,0,1,0,9,0,-3,7,4,0,0,0,1,-1,0,1,3,1
KR_6594155362,420,1,33,13,5,-3,2,5,-1,4,5,5,6,1,3,4,1,1,1,0,0,6,-3,5,6,11,4,0,1,1,-1,1,1,3,1
KR_6738742482,420,4,51,-2,10,2,3,1,1,3,2,2,3,1,5,5,0,0,1,1,0,17,31,-2,5,3,5,0,0,-1,1,0,1,6,1
KR_6733642517,420,5,108,37,17,10,11,1,3,4,1,5,6,1,0,0,0,-1,0,1,1,12,10,5,1,6,6,0,3,1,1,1,1,4,1
KR_6736597696,420,4,-12,30,10,1,1,0,5,7,2,1,5,4,0,1,1,3,5,2,0,15,5,3,6,9,-3,0,1,1,1,1,1,2,1
KR_6716484926,440,1,5,8,3,6,6,0,-3,3,6,1,3,2,-1,3,4,0,0,0,1,5,-2,2,4,6,-1,0,0,1,0,0,1,5,1
KR_6680543218,420,0,7,-32,-4,-1,1,2,-2,0,2,2,4,2,-3,5,8,0,1,1,0,-4,-6,4,5,9,-1,0,-1,-1,-1,-1,1,5,1
KR_6745983279,420,1,-1,9,-1,-2,2,4,3,6,3,-2,3,5,1,1,0,-1,0,1,1,7,-125,-1,8,7,-5,0,0,1,1,1,1,1,1
KR_6765634698,420,0,94,-16,-5,-1,3,4,1,4,3,-2,1,3,-1,2,3,-2,0,2,0,-14,9,0,5,5,-3,0,1,-1,0,1,1,1,1
KR_6742324419,420,0,17,-9,-4,-1,2,3,-1,3,4,-3,1,4,2,7,5,-1,2,3,2,11,-7,5,7,12,1,0,2,-1,1,1,1,4,1
KR_6759740609,420,5,23,-14,10,6,7,1,1,3,2,4,7,3,0,2,2,-1,1,2,0,3,-6,-6,11,5,2,0,1,-1,1,1,-1,5,1
KR_6767067870,420,7,107,7,16,-1,1,2,8,10,2,-4,0,4,13,13,0,0,0,0,0,17,5,8,1,9,-2,0,3,1,1,1,-1,2,1
KR_6765990065,440,1,-16,28,-1,3,4,1,-4,1,5,0,3,3,0,2,2,0,0,0,0,-4,0,-1,5,4,0,0,0,-1,1,0,-1,1,1
KR_6756880126,420,4,49,2,8,3,4,1,2,5,3,0,1,1,5,5,0,-2,0,2,0,12,6,4,3,7,-3,0,-1,-1,-1,-1,1,1,1
KR_6757899255,420,2,51,-5,15,5,7,2,5,7,2,1,3,2,5,7,2,-1,2,3,2,15,3,-4,6,2,4,0,3,1,1,1,1,4,1
KR_6634737840,420,-1,-25,11,-1,-1,1,2,1,6,5,4,4,0,-5,2,7,0,0,0,0,0,-201,-4,9,5,5,0,-1,1,1,-1,-1,6,1
KR_6695788850,420,7,40,53,17,5,5,0,5,9,4,8,8,0,0,5,5,-1,0,1,2,23,4,-2,9,7,-1,0,0,1,1,1,1,2,1
KR_6727323394,420,3,51,20,4,2,2,0,1,3,2,2,2,0,-1,0,1,0,1,1,0,6,-4,-3,8,5,8,0,0,0,1,0,1,0,1
KR_6743982861,440,0,29,-13,-3,-4,0,4,-3,2,5,-4,1,5,7,10,3,1,1,0,1,-4,-1,3,4,7,-6,0,-1,0,-1,-1,1,0,1
KR_6715377025,420,1,24,27,7,1,2,1,3,4,1,6,9,3,-2,3,5,-1,1,2,0,5,11,1,3,4,-2,0,0,-1,1,1,1,3,1
KR_6760570573,420,-2,-31,2,-2,1,2,1,0,6,6,-2,2,4,-2,2,4,1,2,1,0,-2,14,3,6,9,-5,0,0,-1,1,1,-1,2,1
KR_6718509987,420,2,11,25,1,1,1,0,1,3,2,-3,1,4,2,3,1,0,2,2,0,10,14,5,3,8,-3,0,1,1,1,1,-1,2,1
KR_6766866160,420,-1,-14,12,-11,-2,2,4,0,3,3,-3,1,4,-4,2,6,-2,1,3,-1,-4,119,2,4,6,-1,0,0,-1,-1,-1,-1,3,1
KR_6692740645,420,6,82,4,13,0,2,2,0,1,1,3,5,2,7,7,0,3,3,0,0,13,0,-1,7,6,2,0,2,1,1,1,1,5,1
KR_6654698177,420,2,35,18,8,0,4,4,1,4,3,0,1,1,5,5,0,2,2,0,0,-4,5,5,3,8,0,0,0,1,-1,1,1,5,1
KR_6767088470,420,3,8,45,10,2,3,1,3,4,1,3,4,1,2,4,2,0,1,1,1,16,-1,1,8,9,3,0,1,1,1,1,1,6,1
KR_6687677837,420,-1,66,-6,-5,-2,1,3,0,1,1,0,1,1,-3,1,4,0,0,0,0,-7,7,-1,5,4,-2,0,3,-1,-1,1,-1,2,1
KR_6743058170,420,-4,-61,-3,-7,-1,2,3,-4,0,4,-4,2,6,2,4,2,0,1,1,0,-6,3,-3,8,5,1,0,-1,0,1,-1,1,0,1
KR_6764133587,440,1,4,-12,4,-4,0,4,-2,2,4,3,3,0,1,5,4,6,6,0,-1,-1,123,-5,9,4,-1,0,1,1,-1,1,-1,6,1
KR_6733725343,420,4,86,-10,10,0,0,0,3,5,2,4,5,1,2,2,0,1,1,0,0,16,9,0,6,6,2,0,1,1,-1,1,-1,4,1
KR_6756931673,420,4,56,28,8,5,6,1,-4,3,7,0,1,1,5,7,2,2,2,0,0,5,1,4,6,10,0,0,1,1,1,1,-1,5,1
KR_6674841658,420,0,62,-27,9,6,8,2,-1,3,4,1,3,2,1,2,1,2,4,2,0,0,-2,-1,4,3,1,0,3,1,1,1,1,4,1
KR_6648713131,420,-3,-45,-17,0,3,3,0,-4,1,5,0,2,2,0,2,2,1,1,0,0,1,-2,4,1,5,3,0,-1,-1,-1,-1,-1,5,1
KR_6671736716,420,1,38,-8,5,9,10,1,0,1,1,-4,1,5,2,4,2,-2,1,3,0,-3,-2,1,5,6,-3,0,1,1,-1,1,1,5,1
KR_6618345777,420,1,2,-8,-2,2,3,1,-3,2,5,0,4,4,0,4,4,-1,0,1,0,-11,-3,-1,7,6,2,0,0,-1,1,0,-1,1,1
KR_6764554868,440,-2,5,-28,0,3,4,1,-1,2,3,2,5,3,-3,2,5,-1,1,2,-2,-10,-13,2,8,10,-2,0,-2,1,-1,-1,-1,1,1
KR_6738027570,420,3,29,52,4,-4,0,4,4,6,2,3,4,1,2,2,0,-1,0,1,1,7,75,-1,7,6,-30,0,1,-1,1,1,1,4,1
KR_6748458491,420,1,55,7,2,2,2,0,2,5,3,0,2,2,-2,1,3,0,0,0,0,1,-14,2,5,7,-1,0,1,1,-1,1,1,3,1
KR_6730078885,420,1,-6,-27,5,-1,2,3,5,8,3,-1,3,4,2,5,3,0,3,3,0,8,43,6,5,11,-21,0,1,1,1,1,1,6,1
KR_6763884057,420,3,21,0,12,4,7,3,3,7,4,6,6,0,-1,1,2,0,1,1,0,16,-6,9,2,11,0,0,1,1,1,1,-1,2,1
KR_6757924414,420,6,-5,45,12,0,3,3,5,5,0,3,5,2,2,8,6,2,2,0,0,13,1,0,5,5,-1,0,0,1,1,1,-1,1,1
KR_6762802856,420,5,52,7,10,2,2,0,2,3,1,3,3,0,3,6,3,0,1,1,0,12,16,-1,7,6,6,0,1,-1,1,1,1,2,1
KR_6732366431,420,6,56,51,13,4,4,0,2,4,2,1,2,1,5,7,2,1,3,2,0,13,-26,0,4,4,3,0,2,-1,1,1,1,3,1
KR_6761610962,440,-1,56,15,2,-1,1,2,-2,2,4,5,8,3,0,3,3,0,1,1,0,1,7,0,8,8,-3,0,0,1,-1,0,-1,4,1
KR_6765347458,420,1,55,9,6,3,3,0,2,3,1,-1,1,2,2,7,5,0,3,3,-1,6,28,1,8,9,-3,0,2,-1,1,1,-1,2,1
KR_6688029362,420,-1,-31,-5,-3,0,4,4,1,4,3,-2,3,5,0,3,3,-2,2,4,-1,-8,-48,-1,7,6,5,0,-2,-1,-1,-1,-1,2,1
KR_6758089818,440,-2,26,26,4,1,2,1,2,5,3,2,3,1,0,0,0,-1,0,1,0,0,-168,1,3,4,-6,0,-1,-1,1,-1,1,3,1
KR_6767286593,420,5,62,19,8,1,2,1,-2,1,3,7,9,2,2,6,4,0,2,2,0,12,9,1,6,7,6,0,4,1,-1,1,-1,3,1
KR_6620314746,420,1,7,6,-3,-3,0,3,0,5,5,1,3,2,0,2,2,-1,0,1,0,-1,50,1,4,5,-19,0,0,-1,-1,0,-1,3,1
KR_6696637454,420,0,52,12,-3,-3,1,4,1,3,2,3,3,0,-3,8,11,-1,0,1,-1,-14,41,4,4,8,-22,0,0,1,-1,-1,-1,3,1
KR_6743392954,440,3,76,20,8,5,5,0,5,5,0,3,3,0,-4,0,4,-1,0,1,0,4,4,2,6,8,-1,0,0,-1,1,-1,1,5,1
KR_6767618354,420,3,42,31,7,0,1,1,4,6,2,0,1,1,3,4,1,0,2,2,0,7,-3,0,4,4,6,0,2,1,1,1,-1,3,1
KR_6761587582,420,-2,-87,23,-7,0,2,2,-1,2,3,0,1,1,-4,2,6,-2,1,3,0,-7,-5,2,5,7,-6,0,0,0,1,0,-1,0,1
KR_6759922993,420,-2,25,-24,-4,-1,0,1,1,3,2,-3,3,6,-2,1,3,1,2,1,0,0,13,3,6,9,-6,0,0,1,-1,0,-1,2,1
KR_6758401422,420,-1,-13,-20,-5,0,1,1,3,3,0,-2,0,2,-5,2,7,-1,0,1,0,-7,19,6,2,8,-1,0,-2,1,-1,-1,1,3,1
KR_6620365008,420,3,-2,0,12,-4,0,4,-2,3,5,6,8,2,9,10,1,3,3,0,0,20,1,1,6,7,3,0,2,1,1,-1,1,5,1
KR_6753664528,420,-1,6,24,6,6,6,0,4,7,3,-3,1,4,-1,2,3,0,0,0,3,12,6,5,4,9,-2,0,0,-1,1,0,1,6,1
KR_6744595220,420,-1,13,9,-5,0,4,4,-1,3,4,-4,3,7,-2,3,5,2,2,0,-1,1,-23,-9,9,0,-2,0,1,-1,-1,-1,-1,1,1
KR_6767970647,420,1,26,-13,3,-5,2,7,-1,2,3,4,4,0,4,5,1,1,1,0,-2,-5,30,-1,7,6,-1,0,0,1,-1,-1,-1,1,1
KR_6711223582,420,5,118,-8,10,0,1,1,5,9,4,-2,2,4,5,7,2,2,2,0,2,4,-1,-1,6,5,0,0,2,1,1,1,1,2,1
KR_6696098202,420,-2,27,-11,-2,-1,1,2,0,4,4,2,4,2,-2,1,3,-1,1,2,0,-6,-36,-1,6,5,0,0,-1,1,-1,-1,1,5,1
KR_6737992059,420,4,-1,33,5,2,3,1,5,6,1,-1,3,4,-1,0,1,0,0,0,1,10,29,4,3,7,2,0,1,0,1,1,1,0,1
KR_6714204326,420,-2,-10,-7,-1,-2,2,4,4,6,2,-8,0,8,6,8,2,-1,0,1,1,15,2,-2,8,6,5,0,1,1,1,1,1,6,1
KR_6766203369,440,-3,6,18,-3,0,2,2,-3,2,5,2,2,0,0,4,4,-2,1,3,0,-2,4,3,6,9,2,0,-1,1,-1,1,-1,3,1
KR_6738645562,420,-2,-44,-15,-8,-3,0,3,-1,1,2,-2,1,3,-1,2,3,-1,3,4,0,-12,4,-4,9,5,-8,0,0,-1,1,0,-1,2,1
KR_6766462011,420,-4,-11,-32,-11,-3,2,5,0,3,3,2,2,0,-12,0,12,2,2,0,0,-13,-6,-2,6,4,0,0,-1,1,0,-1,-1,5,1
KR_6754338764,440,6,72,11,15,3,5,2,0,2,2,4,5,1,7,9,2,1,4,3,1,18,1,0,7,7,-4,0,1,1,1,1,1,2,1
KR_6760935598,420,-4,0,-2,-10,-1,1,2,-3,5,8,-4,0,4,-2,5,7,0,0,0,0,-13,-24,-5,10,5,4,0,1,1,-1,1,1,3,1
KR_6767780188,420,0,-56,9,4,0,1,1,5,8,3,1,1,0,-8,0,8,6,6,0,0,5,-2,1,8,9,-9,0,1,-1,1,1,1,2,1
KR_6765270805,420,-3,-40,-9,-9,-1,3,4,-4,2,6,-1,2,3,-2,2,4,-1,2,3,-1,-21,-7,-1,7,6,9,0,0,1,1,0,-1,2,1
KR_6757148014,420,-3,-53,7,-4,4,4,0,2,2,0,-4,4,8,-5,1,6,-1,0,1,0,-9,143,-2,9,7,0,0,0,1,1,1,1,5,1
KR_6628394929,420,3,-30,23,6,2,2,0,-5,2,7,2,3,1,9,9,0,-2,0,2,0,11,-46,-6,13,7,26,0,0,-1,-1,-1,-1,5,1
KR_6655322939,420,2,41,-8,-2,2,3,1,3,6,3,-1,3,4,-5,1,6,-1,0,1,-2,-16,-6,3,7,10,-3,0,0,-1,-1,-1,-1,5,1
KR_6730638750,420,1,34,20,0,-2,1,3,-1,3,4,0,3,3,2,4,2,1,2,1,0,-8,63,7,1,8,1,0,-1,-1,-1,-1,1,2,1
KR_6767807585,420,-2,-49,-8,-4,-3,0,3,-4,0,4,4,4,0,-3,1,4,2,3,1,0,-1,-26,1,4,5,-1,0,-1,1,-1,-1,-1,6,1
KR_6695207970,420,1,53,17,0,3,5,2,2,3,1,1,2,1,-2,3,5,-4,1,5,1,0,24,-1,8,7,3,0,0,-1,1,1,1,1,1
KR_6662762436,420,3,8,-4,6,2,2,0,-2,3,5,0,1,1,4,4,0,2,4,2,-1,5,-1,-2,7,5,-1,0,1,1,-1,1,-1,3,1
KR_6693709171,420,4,62,28,12,1,2,1,4,5,1,0,2,2,3,4,1,4,4,0,0,8,40,1,3,4,0,0,3,1,1,1,1,3,1
KR_6556445475,420,1,-24,-11,9,1,4,3,4,4,0,3,6,3,3,4,1,-2,2,4,2,10,36,5,4,9,-1,0,1,1,-1,1,1,4,1
KR_6644846944,420,2,62,15,7,5,5,0,1,2,1,2,3,1,-1,1,2,0,0,0,0,3,-181,7,3,10,-3,0,1,-1,1,1,1,4,1
KR_6767500496,420,-1,-24,-29,-1,1,1,0,-1,1,2,-1,1,2,1,4,3,-1,0,1,0,-3,239,3,3,6,3,0,0,1,-1,0,-1,3,1
KR_6758975560,420,0,22,20,3,-1,1,2,1,2,1,0,3,3,3,8,5,0,1,1,0,9,-6,1,7,8,1,0,0,1,-1,0,1,5,1
KR_6161538155,420,2,30,13,2,-5,1,6,-4,0,4,6,7,1,4,7,3,1,3,2,1,-3,4,8,2,10,-1,0,1,-1,1,1,1,1,1
KR_6732216616,420,3,73,-25,6,-1,1,2,5,7,2,1,1,0,3,5,2,-2,0,2,0,4,-152,-1,7,6,13,0,0,1,-1,-1,-1,6,1
KR_6766172260,420,0,-37,-1,5,0,2,2,0,3,3,5,7,2,0,1,1,0,1,1,1,8,12,4,4,8,-1,0,-2,-1,-1,-1,1,4,1
KR_6704390279,420,4,54,-12,12,3,4,1,6,7,1,0,2,2,3,4,1,0,0,0,2,11,224,-1,7,6,5,0,3,1,1,1,1,2,1
KR_6759737354,420,0,16,10,0,2,2,0,-1,4,5,0,3,3,0,5,5,-1,0,1,0,-3,-26,3,5,8,1,0,0,1,-1,0,1,6,1
KR_6745356789,440,3,70,-1,9,2,2,0,-1,0,1,-2,2,4,8,9,1,2,2,0,0,12,4,1,4,5,5,0,0,-1,-1,0,1,1,1
KR_6618426667,420,5,118,5,6,7,7,0,0,2,2,0,3,3,-2,3,5,1,1,0,1,6,-3,-5,9,4,8,0,1,1,-1,1,1,5,1
KR_6704652866,420,2,65,8,9,0,2,2,1,2,1,5,8,3,2,6,4,1,1,0,0,3,65,0,3,3,-30,0,-1,1,-1,-1,-1,4,1
KR_6764471525,420,0,2,4,-4,-1,0,1,0,2,2,-4,3,7,-3,0,3,4,4,0,0,1,6,3,5,8,0,0,0,-1,-1,-1,1,1,1
KR_6763831710,420,2,1,-3,6,0,2,2,1,3,2,1,1,0,4,5,1,0,0,0,1,6,18,-3,9,6,3,0,0,-1,1,0,1,2,1
KR_6764697139,420,1,61,20,1,0,1,1,-6,1,7,3,5,2,5,5,0,-1,1,2,0,1,4,6,6,12,-2,0,0,1,1,1,-1,3,1
KR_6754351259,420,-1,22,17,2,6,6,0,-2,3,5,-1,0,1,-2,1,3,1,1,0,0,-2,-5,1,5,6,2,0,1,0,1,1,1,0,1
KR_6766689140,420,3,65,16,-4,0,0,0,0,1,1,-1,1,2,-4,1,5,1,1,0,0,-5,0,-6,9,3,-3,0,0,1,-1,1,1,2,1
KR_6701667977,440,1,44,12,0,1,2,1,3,5,2,2,6,4,-3,0,3,-3,0,3,0,-8,9,2,7,9,-7,0,-1,-1,1,-1,-1,5,1
KR_6678809707,420,-1,-37,-16,0,-2,2,4,1,4,3,3,3,0,-4,1,5,2,3,1,0,-2,0,-1,4,3,1,0,-1,-1,1,-1,1,1,1
KR_6675911710,420,-3,1,-6,-5,-2,0,2,0,5,5,-1,3,4,-3,1,4,1,1,0,0,-4,6,1,3,4,0,0,0,1,-1,0,1,6,1
KR_6756503935,420,3,-39,0,1,0,2,2,0,2,2,2,5,3,0,3,3,-1,0,1,0,-4,11,5,1,6,1,0,-1,1,-1,-1,-1,4,1
KR_6747913019,420,2,-2,20,0,-1,0,1,-2,1,3,2,4,2,1,5,4,0,1,1,0,-7,-8,-3,9,6,1,0,-1,1,1,-1,-1,2,1
KR_6751989383,420,0,3,-12,-3,0,0,0,-4,0,4,7,8,1,-3,1,4,-3,0,3,0,-7,-11,-2,10,8,-2,0,0,1,1,1,-1,3,1
KR_6726632708,440,4,-56,5,9,1,3,2,0,1,1,5,6,1,1,1,0,2,2,0,0,11,-6,2,3,5,3,0,0,1,1,1,1,1,1
KR_6728894042,420,1,26,4,9,1,4,3,1,4,3,-3,0,3,3,7,4,7,7,0,0,13,14,2,5,7,6,0,3,1,1,1,1,2,1
KR_6723763725,420,5,98,4,11,7,9,2,-4,2,6,4,4,0,4,6,2,0,2,2,0,9,4,6,3,9,-3,0,2,1,1,1,1,1,1
KR_6762264914,420,3,126,3,7,1,4,3,1,4,3,4,5,1,2,4,2,-1,0,1,0,8,-16,-1,6,5,0,0,2,1,-1,1,1,1,1
KR_6690167711,420,1,-21,29,-3,2,4,2,-2,2,4,-1,1,2,-1,2,3,-1,1,2,0,0,-17,0,5,5,-4,0,0,1,1,1,-1,6,1
KR_6681487136,440,4,59,22,13,0,7,7,-1,4,5,7,11,4,5,7,2,2,3,1,3,21,-10,-5,7,2,1,0,2,-1,1,1,1,4,1
KR_6767276370,420,3,83,24,4,2,4,2,-1,1,2,3,5,2,-2,3,5,2,2,0,0,2,120,-2,7,5,1,0,2,1,1,1,1,6,1
KR_6656158242,420,4,88,28,11,4,5,1,4,5,1,2,3,1,-1,4,5,2,3,1,0,15,15,9,2,11,1,0,1,1,1,1,-1,4,1
KR_6702685318,420,-2,-16,-27,-1,-7,0,7,-4,1,5,3,3,0,4,5,1,3,4,1,-2,-7,-43,3,4,7,-3,0,1,1,1,1,-1,3,1
KR_6761838255,440,1,9,8,3,1,3,2,-1,1,2,-1,2,3,4,6,2,0,2,2,0,3,-2,3,4,7,6,0,1,-1,1,1,-1,2,1
KR_6759160224,420,3,62,-8,7,0,0,0,2,4,2,6,6,0,-2,1,3,1,1,0,0,2,1,2,4,6,3,0,1,-1,1,1,1,1,1
KR_6679076285,420,3,75,-16,4,4,5,1,-4,4,8,3,4,1,0,3,3,1,3,2,-2,4,-63,3,5,8,5,0,1,-1,1,1,-1,1,1
KR_6767367965,420,1,71,16,-1,5,5,0,-2,2,4,0,1,1,-3,0,3,-1,2,3,0,1,4,0,7,7,5,0,-1,-1,-1,1,-1,1,1
KR_6683607360,420,0,68,-12,-7,3,6,3,0,2,2,1,3,2,-8,3,11,-3,1,4,-3,-10,-30,1,4,5,5,0,1,-1,1,1,-1,1,1
KR_6744025509,440,-2,-30,-36,0,5,5,0,1,3,2,-4,1,5,0,0,0,-2,0,2,1,0,0,1,6,7,-3,0,1,-1,1,1,1,1,1
KR_6765977152,440,0,-20,10,5,1,3,2,5,9,4,0,2,2,1,3,2,-2,1,3,1,8,-22,0,1,1,2,0,0,-1,1,1,1,2,1
KR_6750890835,420,0,-50,24,2,-3,1,4,0,2,2,0,2,2,1,3,2,4,4,0,-1,1,-2,2,6,8,1,0,1,1,0,1,-1,4,1
KR_6720130083,420,-2,-35,-20,-2,-2,4,6,-1,4,5,-2,2,4,2,4,2,1,1,0,0,-4,-8,4,5,9,2,0,0,1,-1,-1,-1,2,1
KR_6766842311,420,3,14,-7,4,-1,0,1,4,6,2,1,3,2,1,3,2,-1,3,4,-1,7,3,-1,4,3,2,0,0,1,-1,1,-1,2,1
KR_6738782060,420,2,-32,-4,0,-2,0,2,5,6,1,-5,1,6,1,1,0,1,1,0,0,5,10,3,6,9,-4,0,0,-1,-1,0,1,4,1
KR_6630518723,420,6,69,21,12,4,7,3,-1,2,3,4,7,3,2,2,0,3,3,0,0,6,2,4,6,10,-1,0,2,-1,1,1,1,4,1
KR_6721359473,420,4,75,-24,13,-1,2,3,2,4,2,5,5,0,8,8,0,-1,0,1,0,11,-1,2,2,4,2,0,3,0,1,1,1,0,1
KR_6679908969,440,0,33,25,4,-1,1,2,0,4,4,0,1,1,5,5,0,0,2,2,0,0,0,2,2,4,21,0,0,0,1,0,1,0,1
KR_6714352272,420,3,-23,-16,3,-1,2,3,-2,1,3,1,1,0,4,6,2,1,1,0,0,12,-7,-4,10,6,-1,0,1,1,-1,1,-1,5,1
KR_6728275452,420,-1,0,52,-2,-3,2,5,-6,0,6,4,6,2,3,4,1,0,1,1,0,5,18,0,7,7,-6,0,0,1,-1,0,1,2,1
KR_6764285473,420,1,23,-14,3,0,1,1,5,6,1,-1,1,2,0,4,4,-1,0,1,0,3,4,2,5,7,2,0,0,1,-1,1,-1,3,1
KR_6705896727,420,7,87,0,18,6,7,1,5,6,1,8,10,2,1,4,3,-2,0,2,0,12,2,3,3,6,1,0,2,-1,1,1,1,5,1
KR_6763006995,420,-2,-41,-12,0,-1,0,1,0,4,4,-1,1,2,4,4,0,-2,0,2,0,3,2,1,8,9,-3,0,0,-1,-1,0,-1,2,1
KR_6760838782,420,1,-29,3,3,0,0,0,1,3,2,0,1,1,3,3,0,-1,1,2,0,1,28,4,6,10,-9,0,0,-1,1,0,-1,2,1
KR_6763237870,440,5,86,52,22,4,5,1,3,6,3,1,4,3,3,3,0,11,13,2,0,24,5,2,5,7,-1,0,3,1,1,1,1,1,1
KR_6747991038,420,4,71,26,7,2,2,0,4,4,0,6,10,4,-4,2,6,-1,0,1,0,5,13,0,6,6,-4,0,1,1,1,1,-1,5,1
KR_6732361638,420,3,-40,16,1,-3,0,3,1,3,2,3,3,0,2,5,3,-2,1,3,0,6,-19,-3,5,2,1,0,-2,1,-1,-1,-1,1,1
KR_6637697579,420,3,6,-12,6,-6,0,6,8,8,0,0,4,4,-1,2,3,5,5,0,0,5,-385,3,2,5,2,0,-1,-1,-1,-1,-1,6,1
KR_6689073347,420,3,-4,10,4,3,3,0,3,5,2,-1,2,3,-2,1,3,1,2,1,0,1,-27,0,6,6,1,0,1,1,1,1,1,2,1
KR_6684690439,440,2,16,35,8,6,6,0,-2,3,5,2,4,2,0,1,1,2,2,0,3,14,15,4,5,9,-6,0,-1,1,-1,-1,1,5,1
KR_6751556308,420,2,60,15,6,2,3,1,0,2,2,0,2,2,2,4,2,2,2,0,1,8,2,3,5,8,-1,0,0,1,1,1,1,3,1
KR_6703632922,420,4,51,17,9,1,2,1,1,3,2,4,5,1,1,4,3,2,3,1,2,14,9,7,3,10,-1,0,0,1,0,0,1,6,1
KR_6683349328,420,2,37,0,2,0,3,3,2,4,2,-2,0,2,-1,1,2,3,3,0,0,-1,9,0,8,8,-7,0,1,1,-1,1,1,6,1
KR_6710022927,420,1,3,10,7,1,5,4,0,2,2,2,7,5,2,4,2,2,2,0,0,12,28,7,4,11,-1,0,1,-1,1,1,1,2,1
KR_6609780347,420,0,66,7,3,-2,2,4,4,5,1,1,1,0,3,3,0,-3,0,3,0,4,-7,-3,11,8,4,0,0,1,-1,-1,1,4,1
KR_6594019201,420,1,-6,31,-1,-4,1,5,0,2,2,1,3,2,3,5,2,-1,1,2,0,3,-21,-1,6,5,7,0,0,1,-1,0,-1,3,1
KR_6682879429,420,1,-44,0,2,2,4,2,0,2,2,2,4,2,-1,2,3,-1,2,3,1,11,13,6,5,11,1,0,0,1,-1,-1,1,3,1
KR_6696195048,420,3,109,27,5,0,0,0,4,5,1,1,2,1,0,2,2,0,2,2,0,7,3,1,7,8,3,0,1,-1,-1,1,-1,1,1
KR_6766241684,420,2,49,-1,4,-1,3,4,1,2,1,5,5,0,-1,2,3,0,1,1,0,5,-2,4,1,5,-2,0,2,-1,1,1,-1,6,1
KR_6740769242,420,1,17,8,2,1,1,0,0,3,3,-2,3,5,4,5,1,-1,2,3,0,4,10,3,3,6,-4,0,0,1,1,-1,1,4,1
KR_6767883323,420,-2,-25,-36,-2,3,3,0,-4,3,7,0,2,2,-2,1,3,1,1,0,0,-3,48,-2,7,5,-4,0,-1,-1,-1,-1,1,2,1
KR_6695700016,420,4,-5,21,8,-3,0,3,5,6,1,0,0,0,5,7,2,1,2,1,0,11,118,-1,9,8,4,0,0,1,0,0,-1,4,1
KR_6688868702,420,2,-8,4,4,1,3,2,0,3,3,0,2,2,2,2,0,1,1,0,0,15,0,-3,9,6,4,0,0,1,-1,-1,1,6,1
KR_6657534558,420,-2,-60,-2,-4,1,2,1,-6,2,8,0,1,1,1,1,0,0,2,2,-1,1,17,4,4,8,-1,0,0,-1,1,1,-1,5,1
KR_6751378210,420,0,33,2,-2,2,5,3,2,6,4,-1,3,4,-4,0,4,-1,2,3,-2,-9,8,7,4,11,2,0,0,1,-1,-1,-1,5,1
KR_6683013886,420,1,65,-5,8,0,4,4,0,3,3,2,4,2,6,6,0,0,2,2,0,15,17,3,4,7,2,0,0,1,1,1,1,5,1
KR_6709271250,420,3,15,31,4,2,3,1,0,3,3,4,4,0,2,3,1,-4,1,5,0,-3,33,-3,7,4,8,0,0,1,1,1,1,4,1
KR_6758678950,440,5,47,12,12,6,6,0,0,3,3,3,3,0,0,1,1,3,4,1,0,8,17,3,2,5,-4,0,4,1,1,1,1,1,1
KR_6755727630,440,0,26,-24,8,3,5,2,-1,0,1,2,3,1,3,5,2,1,6,5,1,16,-127,5,2,7,1,0,0,-1,1,1,1,3,1
KR_6766224797,420,4,58,4,4,1,1,0,2,4,2,3,3,0,-2,0,2,0,0,0,1,1,-11,-2,7,5,4,0,1,0,1,1,1,0,1
KR_6591492021,420,1,14,-19,6,1,2,1,0,4,4,2,2,0,-1,1,2,4,5,1,0,8,-13,-2,8,6,1,0,-1,0,-1,-1,1,0,1
KR_6766196811,440,0,82,-28,3,2,3,1,-5,0,5,3,5,2,6,6,0,-3,0,3,-1,1,-37,-2,7,5,6,0,0,-1,-1,0,-1,1,1
KR_6678086104,420,2,55,-12,5,-3,1,4,5,5,0,2,2,0,-2,0,2,3,3,0,0,6,-18,0,6,6,1,0,-1,1,-1,-1,1,1,1
KR_6766490619,420,6,96,20,11,4,4,0,1,4,3,1,1,0,6,7,1,-1,2,3,0,9,10,6,4,10,6,0,2,1,0,1,1,1,1
KR_6716658361,440,-4,-85,-31,-4,-2,2,4,-1,1,2,1,3,2,-1,2,3,-1,0,1,0,-7,-1,1,5,6,1,0,-1,1,-1,-1,-1,5,1
KR_6761253015,420,5,64,19,11,5,6,1,1,1,0,3,3,0,1,5,4,1,3,2,0,16,38,4,3,7,-1,0,1,-1,1,1,1,3,1
KR_6677690421,420,3,-53,4,3,0,3,3,2,4,2,-3,1,4,2,3,1,2,4,2,1,5,-5,2,3,5,1,0,1,1,-1,1,1,6,1
KR_6740089435,420,3,50,-11,0,2,3,1,1,4,3,-3,3,6,0,5,5,0,0,0,0,-4,-17,-2,7,5,1,0,2,1,1,1,1,5,1
KR_6744784548,420,3,56,-4,14,3,3,0,-1,3,4,3,3,0,9,9,0,0,0,0,0,18,29,2,3,5,-27,0,1,1,1,1,1,4,1
KR_6685732878,420,2,-27,-12,6,1,1,0,-1,5,6,3,7,4,3,4,1,0,1,1,1,0,13,2,5,7,-2,0,0,-1,1,1,1,6,1
KR_6732424893,440,1,39,-24,3,1,2,1,3,5,2,2,6,4,-3,3,6,0,2,2,0,7,8,1,7,8,5,0,0,-1,1,0,1,1,1
KR_6694340151,420,1,12,-15,7,3,3,0,8,8,0,-2,0,2,-3,5,8,1,1,0,0,7,-37,3,5,8,7,0,1,-1,-1,1,1,1,1
KR_6766835476,420,-1,12,27,0,-2,0,2,2,5,3,1,2,1,-3,0,3,2,2,0,0,-2,65,-4,9,5,1,0,-1,1,-1,-1,1,6,1
KR_6766497779,420,1,-37,11,4,-3,3,6,1,4,3,0,2,2,7,8,1,-1,1,2,1,11,-8,2,4,6,1,0,0,-1,0,1,1,3,1
KR_6756444249,420,6,65,8,10,4,4,0,1,3,2,9,10,1,-3,1,4,-1,0,1,0,3,-140,-3,11,8,2,0,4,1,1,1,-1,4,1
KR_6714040758,420,4,16,42,2,-2,0,2,1,2,1,2,2,0,2,3,1,-1,0,1,0,1,-18,-2,7,5,2,0,0,-1,1,0,1,2,1
KR_6640982223,420,0,-86,0,2,-2,1,3,2,4,2,1,3,2,1,3,2,0,0,0,0,4,-12,5,3,8,-2,0,0,-1,1,-1,1,3,1
KR_6715376082,420,1,62,-1,3,1,1,0,6,6,0,-2,1,3,-2,1,3,0,1,1,0,3,-15,0,8,8,3,0,1,1,-1,1,-1,4,1
KR_6692211094,420,1,-13,3,10,-3,0,3,6,6,0,3,5,2,3,3,0,1,2,1,0,18,136,7,1,8,-1,0,0,0,1,0,1,0,1
KR_6684788973,420,4,52,12,9,8,8,0,1,2,1,4,6,2,-4,1,5,0,0,0,0,9,43,0,8,8,-12,0,0,-1,1,1,1,6,1
KR_6762098816,420,3,94,11,4,2,2,0,-2,1,3,1,2,1,1,1,0,2,3,1,1,8,-34,3,3,6,11,0,2,-1,1,1,1,2,1
KR_6766866086,420,1,16,-25,6,5,5,0,0,1,1,1,2,1,2,3,1,-2,0,2,0,1,-37,0,6,6,-3,0,0,-1,1,1,1,6,1
KR_6716469617,420,5,0,28,8,1,3,2,6,8,2,1,2,1,0,2,2,0,1,1,-1,11,5,5,6,11,1,0,1,-1,1,1,-1,2,1
KR_6704622384,420,3,68,15,9,2,3,1,-2,4,6,6,8,2,0,3,3,3,5,2,2,3,6,0,8,8,-1,0,2,0,1,-1,1,0,1
KR_6669076205,420,6,80,32,4,0,1,1,4,4,0,0,3,3,0,1,1,0,0,0,0,3,-2,1,4,5,5,0,1,-1,1,1,1,1,1
KR_6768049036,420,2,-19,14,13,1,4,3,3,4,1,3,3,0,4,7,3,2,3,1,0,18,-22,4,7,11,6,0,0,-1,1,1,1,5,1
KR_6760760955,420,2,-8,16,10,4,5,1,3,3,0,-2,2,4,4,5,1,1,1,0,3,18,30,1,4,5,6,0,2,1,1,1,1,5,1
KR_6739035116,420,0,54,-16,0,3,3,0,-2,1,3,1,1,0,1,3,2,-3,2,5,0,-2,-9,5,5,10,-3,0,1,-1,1,1,1,5,1
KR_6755690808,420,3,18,-1,12,3,3,0,5,5,0,-3,0,3,-1,1,2,8,8,0,0,13,9,0,6,6,2,0,1,1,1,1,1,4,1
KR_6766513761,420,4,72,-12,5,0,2,2,-5,0,5,3,4,1,8,9,1,-1,0,1,0,-4,-26,4,3,7,-3,0,1,1,0,1,-1,3,1
KR_6739474800,420,0,15,-7,-2,0,2,2,0,3,3,0,2,2,-1,3,4,-1,0,1,0,2,-14,-4,6,2,6,0,-1,-1,-1,-1,1,1,1
KR_6663651680,420,1,29,0,7,4,4,0,1,1,0,-2,1,3,4,5,1,0,1,1,0,13,-3,1,5,6,4,0,1,1,1,1,1,6,1
KR_6680620497,420,0,44,3,2,0,0,0,2,4,2,1,2,1,1,4,3,-2,0,2,0,-1,-66,-3,5,2,1,0,2,1,1,1,1,1,1
KR_6756799707,420,-1,-7,-24,-4,-6,0,6,-1,3,4,0,2,2,2,5,3,1,1,0,0,-5,58,3,5,8,-20,0,0,-1,1,0,-1,3,1
KR_6762688246,440,5,76,45,7,1,1,0,5,6,1,3,3,0,-2,3,5,0,0,0,1,6,9,5,5,10,-2,0,2,1,-1,1,1,1,1
KR_6741209188,420,-1,-4,-15,-2,4,4,0,-2,1,3,-1,2,3,-1,0,1,-2,0,2,0,-6,37,-3,5,2,-21,0,-1,-1,-1,-1,-1,5,1
KR_6761648146,440,6,76,57,14,0,1,1,6,7,1,3,3,0,5,5,0,0,0,0,0,17,-2,-2,2,0,2,0,0,1,0,0,1,1,1
KR_6738125906,420,5,61,21,5,0,2,2,7,8,1,0,2,2,-3,4,7,1,2,1,0,11,17,-3,9,6,3,0,-1,1,-1,-1,1,3,1
KR_6601496608,420,2,16,-10,7,0,1,1,1,4,3,4,4,0,1,2,1,1,1,0,0,8,-6,6,3,9,-3,0,0,-1,-1,0,1,6,1
KR_6685486092,420,-2,-50,-3,-6,-4,2,6,4,8,4,-2,3,5,-2,4,6,-2,1,3,0,8,38,1,8,9,-2,0,-2,-1,-1,-1,-1,5,1
KR_6762763057,420,1,-28,35,-1,-4,3,7,-5,3,8,2,2,0,5,6,1,1,1,0,1,-9,-4,0,6,6,6,0,0,1,-1,1,1,2,1
KR_6751446065,420,-2,-28,7,-4,2,4,2,-2,4,6,-4,1,5,0,4,4,0,0,0,1,4,6,4,6,10,-1,0,-1,1,1,-1,1,6,1
KR_6749018148,420,1,43,-14,3,0,2,2,1,4,3,2,3,1,0,1,1,0,1,1,-2,-3,-22,-7,12,5,-2,0,-1,-1,-1,-1,-1,2,1
KR_6761089805,420,1,-17,-20,5,4,5,1,2,6,4,2,4,2,-1,0,1,-2,1,3,0,3,-5,-2,5,3,3,0,1,-1,1,1,1,3,1
KR_6732259292,420,3,-24,10,7,2,4,2,4,5,1,-5,3,8,3,5,2,3,4,1,1,7,11,2,1,3,-2,0,2,-1,1,1,1,6,1
KR_6710356109,420,-1,1,5,-3,-2,0,2,1,3,2,0,2,2,0,3,3,-2,0,2,0,-3,0,1,4,5,-3,0,0,1,-1,0,-1,6,1
KR_6754839977,420,2,69,-20,1,2,2,0,0,2,2,1,1,0,-2,1,3,0,1,1,0,-3,26,2,7,9,-5,0,1,1,1,1,1,6,1
KR_6645869664,420,1,-2,19,7,1,3,2,3,7,4,0,0,0,2,4,2,1,2,1,0,8,8,4,8,12,-8,0,0,1,1,0,-1,3,1
KR_6724355734,420,-2,-39,19,-4,-4,1,5,0,2,2,0,0,0,2,4,2,-2,2,4,0,2,37,0,6,6,0,0,0,0,-1,-1,-1,0,1
KR_6762257687,420,0,-2,36,8,2,3,1,2,7,5,0,2,2,6,9,3,-2,0,2,2,5,57,1,4,5,-1,0,0,-1,1,-1,1,4,1
KR_6766552011,420,-4,-46,-16,-7,1,4,3,-2,1,3,0,1,1,-4,4,8,-2,0,2,0,-11,41,2,4,6,-2,0,-1,1,1,-1,-1,1,1
KR_6725071029,420,4,56,-27,10,3,5,2,5,5,0,0,0,0,0,2,2,2,3,1,0,7,10,7,2,9,2,0,1,-1,1,1,1,3,1
KR_6629183040,420,5,91,15,13,-2,2,4,5,7,2,4,4,0,5,6,1,1,1,0,0,19,-21,0,10,10,-1,0,1,1,1,1,1,1,1
KR_6606617959,420,0,-5,19,-1,-2,3,5,3,5,2,-2,0,2,2,2,0,-2,0,2,0,-1,-4,-2,5,3,-2,0,0,0,1,-1,-1,0,1
KR_6701408790,440,4,112,40,4,3,3,0,1,7,6,0,3,3,1,2,1,-1,0,1,1,11,-35,-1,7,6,-3,0,2,1,1,1,1,6,1
KR_6729613806,420,0,79,31,3,0,1,1,3,3,0,-2,1,3,2,2,0,0,0,0,0,4,9,-2,6,4,3,0,0,1,1,0,1,1,1
KR_6692185249,420,1,-34,15,5,0,2,2,0,3,3,3,4,1,3,3,0,-1,0,1,0,12,-20,2,5,7,-2,0,0,1,-1,-1,1,2,1
KR_6767783707,420,-2,-21,10,-2,-2,2,4,-1,0,1,-2,6,8,3,7,4,0,1,1,0,-2,-8,2,6,8,2,0,-2,-1,-1,-1,-1,5,1
KR_6711669350,420,1,7,-12,5,0,1,1,1,5,4,0,1,1,4,5,1,0,0,0,0,7,0,-2,9,7,1,0,0,1,1,1,-1,5,1
KR_6758044848,420,2,-8,12,4,0,1,1,-2,1,3,1,1,0,4,6,2,1,1,0,0,6,6,-2,6,4,-2,0,1,1,-1,1,1,4,1
KR_6705285938,420,3,29,-16,10,4,4,0,3,5,2,2,2,0,2,2,0,-1,0,1,0,12,-17,6,3,9,3,0,3,1,1,1,1,3,1
KR_6698722701,420,3,35,5,10,2,4,2,1,4,3,2,2,0,-1,2,3,6,8,2,2,1,32,1,2,3,0,0,1,-1,1,1,1,3,1
KR_6763353945,420,3,17,3,15,3,6,3,0,1,1,5,5,0,3,6,3,4,4,0,0,11,5,3,1,4,2,0,2,1,-1,1,-1,2,1
KR_6704052566,420,3,-3,17,3,2,3,1,-2,5,7,0,2,2,4,6,2,-1,2,3,-1,2,91,-3,10,7,8,0,2,1,1,1,-1,1,1
KR_6740795989,420,-1,-9,-5,1,-1,2,3,2,2,0,1,3,2,1,2,1,-2,1,3,0,0,0,-6,11,5,-2,0,-2,1,-1,-1,1,2,1
KR_6766567574,420,-5,-38,18,-6,-1,0,1,1,3,2,-1,0,1,-3,2,5,-2,0,2,0,-7,77,-1,6,5,-38,0,1,-1,1,1,1,5,1
KR_6681236226,420,6,63,-29,18,2,3,1,2,4,2,4,6,2,7,7,0,3,4,1,0,21,10,0,6,6,-2,0,4,1,1,1,1,2,1
KR_6705779626,440,0,9,8,9,4,4,0,0,1,1,3,3,0,2,3,1,0,1,1,0,5,1,1,4,5,0,0,1,1,1,1,1,3,1
KR_6753240242,440,4,42,24,7,1,4,3,-4,1,5,3,5,2,6,8,2,1,3,2,-1,5,-6,-3,8,5,0,0,2,-1,1,1,-1,6,1
KR_6751960607,420,1,-22,36,3,4,4,0,-5,3,8,4,4,0,0,3,3,0,0,0,0,4,37,7,7,14,-2,0,0,1,-1,-1,-1,3,1
KR_6755408426,440,0,36,1,6,-1,1,2,-4,2,6,2,3,1,7,7,0,2,4,2,0,6,25,8,2,10,-4,0,2,-1,1,1,1,6,1
KR_6759863376,420,-1,-29,-4,0,2,3,1,6,7,1,-5,3,8,-4,0,4,1,1,0,0,-5,-7,-5,7,2,2,0,-1,-1,1,-1,-1,1,1
KR_6707776102,440,-1,21,-14,-4,2,5,3,-1,2,3,-4,3,7,2,4,2,-3,1,4,0,-4,-12,0,4,4,4,0,-1,1,-1,-1,1,2,1
KR_6663255144,420,3,7,-8,11,-1,2,3,8,9,1,-3,2,5,7,9,2,0,0,0,-1,18,-47,2,6,8,-3,0,2,0,1,1,-1,0,1
KR_6743589767,420,4,41,25,5,0,0,0,3,3,0,4,5,1,-2,0,2,0,0,0,0,7,11,1,7,8,3,0,1,1,1,1,1,5,1
KR_6654698659,420,0,-81,-43,0,-4,2,6,3,7,4,0,3,3,2,3,1,-1,1,2,0,16,-2,-2,5,3,1,0,-2,1,-1,-1,1,5,1
KR_6757094808,420,-1,22,28,-9,0,0,0,-4,4,8,1,2,1,-5,2,7,-1,0,1,0,-19,-4,-6,11,5,0,0,0,0,-1,-1,-1,0,1
KR_6757090131,420,1,3,-3,2,-2,3,5,4,6,2,1,2,1,-3,2,5,2,2,0,0,9,-6,-8,9,1,7,0,-1,1,-1,-1,-1,5,1
KR_6635612159,420,6,45,52,11,4,4,0,2,4,2,1,4,3,5,7,2,-1,0,1,0,7,-9,-2,8,6,6,0,0,1,1,1,1,4,1
KR_6710775377,420,8,119,8,3,0,0,0,1,3,2,3,3,0,0,0,0,-1,0,1,0,0,9,4,1,5,6,0,7,1,1,1,1,6,1
KR_6741786719,420,2,10,0,5,-1,4,5,-1,0,1,4,4,0,3,6,3,0,0,0,-1,9,13,9,3,12,0,0,-1,-1,1,-1,-1,1,1
KR_6761820268,420,-2,-44,-12,2,-4,0,4,6,7,1,0,3,3,1,4,3,-1,0,1,0,7,-24,-1,6,5,1,0,-1,-1,1,-1,1,3,1
KR_6729921418,440,1,72,2,7,-1,3,4,6,7,1,5,6,1,-5,1,6,2,2,0,0,2,16,7,1,8,0,0,2,-1,1,1,1,2,1
KR_6760263484,420,2,17,0,-5,1,2,1,-3,2,5,1,1,0,-1,2,3,-3,0,3,0,-4,0,2,4,6,-4,0,0,-1,1,-1,-1,5,1
KR_6736760406,420,6,47,-15,13,4,5,1,2,6,4,3,3,0,1,2,1,3,3,0,0,9,-3,-2,7,5,2,0,1,-1,1,1,1,6,1
KR_6765450560,420,0,6,-20,3,2,3,1,-4,1,5,1,1,0,1,4,3,3,3,0,0,7,55,2,5,7,-31,0,1,1,-1,1,1,2,1
KR_6620237677,420,-1,11,10,-1,2,2,0,3,5,2,-1,4,5,-4,0,4,-1,0,1,0,3,20,0,5,5,-2,0,-1,-1,-1,-1,1,4,1
KR_6688026768,420,3,65,20,12,1,1,0,2,6,4,3,4,1,5,5,0,1,1,0,0,15,0,4,3,7,6,0,2,1,1,1,1,6,1
KR_6736414036,420,6,117,72,16,4,4,0,2,4,2,6,6,0,3,4,1,1,2,1,0,10,11,0,5,5,0,0,6,1,-1,1,-1,2,1
KR_6763654073,420,0,-37,-1,0,3,5,2,1,1,0,-7,0,7,3,5,2,0,0,0,0,7,2,1,6,7,1,0,0,1,1,0,1,6,1
KR_6730987928,420,4,64,14,10,0,3,3,7,7,0,2,2,0,1,1,0,0,0,0,-1,14,-18,6,4,10,-2,0,0,1,1,1,-1,3,1
KR_6757461175,420,2,14,20,8,4,5,1,-4,4,8,0,2,2,4,8,4,4,4,0,2,8,2,-3,5,2,4,0,3,1,1,1,1,6,1
KR_6744788184,420,4,3,-36,10,5,5,0,0,1,1,3,5,2,0,1,1,2,2,0,0,13,-13,0,6,6,2,0,0,1,1,0,1,2,1
KR_6760815927,420,0,-41,7,0,-1,4,5,4,5,1,-2,1,3,-1,2,3,0,1,1,0,3,12,2,3,5,-3,0,0,-1,-1,0,1,2,1
KR_6765746113,440,2,-1,1,6,0,1,1,-2,0,2,1,1,0,7,7,0,0,0,0,-1,10,-6,1,3,4,2,0,0,0,0,0,-1,0,1
KR_6702494690,420,2,0,49,1,-3,3,6,5,8,3,0,2,2,-2,1,3,1,2,1,0,2,41,4,7,11,1,0,0,1,1,0,-1,2,1
KR_6710740045,420,4,45,7,5,-1,0,1,0,3,3,4,5,1,2,4,2,0,2,2,0,3,4,-5,8,3,-1,0,2,1,-1,1,-1,6,1
KR_6680765334,420,2,4,-12,13,1,2,1,8,10,2,1,2,1,3,5,2,0,1,1,1,21,1,10,2,12,-2,0,0,1,-1,0,1,4,1
KR_6767532538,420,2,26,-7,3,2,2,0,-4,2,6,4,5,1,1,5,4,0,2,2,-1,4,7,3,6,9,4,0,2,1,-1,1,-1,3,1
KR_6762794761,420,4,51,24,1,1,3,2,-5,2,7,2,5,3,2,4,2,1,1,0,-1,0,5,0,5,5,1,0,0,1,-1,1,-1,6,1
KR_6750243248,420,2,1,0,7,3,5,2,2,2,0,-3,3,6,5,6,1,0,0,0,-1,13,1,-1,7,6,0,0,1,1,1,1,-1,6,1
KR_6759539340,420,0,-26,14,4,0,2,2,1,3,2,1,3,2,0,3,3,2,2,0,0,7,-42,1,6,7,26,0,-1,1,1,-1,1,6,1
KR_6653632729,420,9,53,50,16,3,3,0,3,6,3,4,4,0,2,5,3,4,5,1,0,12,135,-2,6,4,-1,0,3,1,-1,1,1,1,1
KR_6762861292,420,2,-20,-4,2,-3,1,4,1,6,5,0,2,2,6,6,0,-2,0,2,1,5,-253,-2,7,5,2,0,0,1,-1,0,1,6,1
KR_6582530241,420,4,60,-6,7,2,3,1,1,3,2,4,6,2,1,8,7,-1,0,1,-1,7,3,-3,9,6,1,0,1,1,-1,1,-1,2,1
KR_6673940581,440,1,-13,-4,1,4,6,2,2,4,2,1,1,0,-7,1,8,1,2,1,0,-2,25,3,3,6,3,0,1,-1,1,1,1,3,1
KR_6766876852,420,-1,-6,-22,4,2,4,2,-4,1,5,-2,0,2,8,8,0,0,0,0,1,10,-15,7,8,15,-1,0,2,1,-1,1,1,6,1
KR_6758956836,440,5,12,32,6,2,2,0,1,4,3,-1,2,3,4,7,3,0,0,0,-1,11,62,4,3,7,-6,0,0,1,1,1,-1,3,1
KR_6765900191,420,2,61,33,3,2,3,1,1,3,2,2,2,0,1,4,3,-3,0,3,0,1,-31,1,3,4,-2,0,0,1,-1,0,-1,1,1
KR_6731298608,420,3,44,-11,6,0,2,2,1,2,1,0,0,0,5,5,0,0,0,0,0,7,4,0,8,8,4,0,1,1,-1,1,1,4,1
KR_6763420382,420,0,44,10,3,0,2,2,-4,5,9,3,3,0,5,7,2,-1,0,1,0,2,-119,1,6,7,3,0,1,1,-1,1,-1,2,1
KR_6738207559,420,-1,-1,-8,0,-1,2,3,0,2,2,1,2,1,0,3,3,0,0,0,0,2,-69,-1,4,3,3,0,0,1,-1,0,-1,5,1
KR_6740719174,420,4,-9,10,9,2,2,0,2,6,4,0,0,0,-1,1,2,6,6,0,0,-1,14,1,3,4,-1,0,1,-1,1,1,1,3,1
KR_6766238731,420,3,14,0,10,6,6,0,6,8,2,0,3,3,-2,0,2,0,1,1,0,19,0,-1,9,8,-1,0,2,-1,1,1,1,3,1
KR_6737814562,420,7,103,14,11,3,3,0,-1,0,1,3,3,0,5,5,0,1,2,1,1,16,3,3,3,6,2,0,2,1,1,1,1,5,1
KR_6755153707,420,1,30,-19,2,3,4,1,0,3,3,-3,3,6,-4,1,5,6,6,0,-2,5,-9,-4,9,5,3,0,2,-1,1,1,1,1,1
KR_6690247764,420,1,9,3,7,1,1,0,1,1,0,0,6,6,4,8,4,1,1,0,0,14,148,-4,6,2,-2,0,1,1,-1,1,1,3,1
KR_6705531273,440,1,43,-14,3,-1,0,1,-1,0,1,3,6,3,3,5,2,-1,2,3,0,5,-4,-1,7,6,2,0,0,1,-1,1,1,4,1
KR_6594776003,420,-2,-46,24,-6,0,2,2,0,3,3,-1,1,2,-4,0,4,-1,0,1,0,-8,8,0,8,8,-3,0,-1,-1,-1,-1,-1,3,1
KR_6668442398,420,3,-22,43,11,-2,1,3,5,7,2,4,6,2,1,4,3,3,3,0,0,20,-4,-2,5,3,-1,0,2,-1,1,1,1,2,1
KR_6767725129,420,2,8,25,0,-4,1,5,0,2,2,0,2,2,3,5,2,1,2,1,0,1,5,4,3,7,-2,0,0,1,-1,1,1,2,1
KR_6762138697,420,1,49,8,-1,-2,2,4,0,4,4,0,1,1,1,5,4,0,0,0,0,3,-25,1,5,6,4,0,0,-1,1,1,-1,3,1
KR_6767726744,420,1,15,-36,-3,-1,0,1,2,5,3,-4,2,6,-1,2,3,1,4,3,0,-3,-41,-7,12,5,2,0,1,-1,1,1,1,3,1
KR_6767718285,420,3,16,8,9,2,3,1,1,4,3,1,3,2,6,8,2,-1,0,1,0,9,-4,-3,8,5,4,0,0,1,1,-1,1,4,1
KR_6740574541,440,0,82,-4,1,1,1,0,0,1,1,-2,4,6,3,7,4,-1,1,2,0,-1,-16,0,2,2,0,0,1,-1,1,1,1,2,1
KR_6758831627,440,0,38,13,1,-1,1,2,-1,3,4,2,3,1,4,11,7,-3,0,3,0,-5,25,-6,9,3,1,0,0,0,-1,1,1,0,1
KR_6767933869,420,1,12,5,7,-1,1,2,0,2,2,2,4,2,9,9,0,-3,1,4,0,9,9,7,3,10,1,0,0,1,1,0,-1,2,1
KR_6656417274,420,0,48,-20,2,2,2,0,-3,2,5,1,1,0,3,3,0,-1,0,1,0,13,19,-7,12,5,4,0,-1,1,-1,-1,-1,1,1
KR_6749590123,440,3,37,41,0,-4,1,5,-1,1,2,2,2,0,3,3,0,0,0,0,0,1,-25,-5,6,1,4,0,1,1,-1,1,1,6,1
KR_6739217652,420,3,10,10,4,1,1,0,3,4,1,-1,2,3,0,2,2,1,1,0,0,-4,0,4,4,8,1,0,1,1,-1,1,1,2,1
KR_6766698166,420,1,8,3,11,3,4,1,7,7,0,-1,0,1,2,3,1,0,3,3,0,9,3,1,7,8,-1,0,1,1,1,1,1,6,1
KR_6705413478,420,1,-57,7,3,-5,0,5,3,5,2,-1,0,1,6,6,0,0,1,1,0,16,37,-1,7,6,-11,0,-1,1,-1,-1,-1,3,1
KR_6640703368,420,-3,33,-28,-1,-2,0,2,-4,0,4,4,5,1,1,4,3,0,0,0,0,-6,37,-3,7,4,-16,0,3,-1,1,1,1,1,1
KR_6688295091,420,0,-16,0,4,1,3,2,-1,1,2,-4,1,5,8,10,2,0,1,1,0,10,11,4,6,10,-7,0,1,1,1,-1,-1,1,1
KR_6756716480,420,2,45,-10,12,2,4,2,1,3,2,5,9,4,3,7,4,1,2,1,2,13,6,4,2,6,-2,0,1,1,1,1,1,4,1
KR_6766626650,420,5,68,7,15,1,1,0,2,3,1,1,2,1,8,10,2,3,4,1,0,17,1,2,7,9,3,0,1,1,-1,1,1,2,1
KR_6745193486,440,1,-4,1,2,-1,2,3,1,1,0,-1,1,2,1,1,0,2,2,0,0,4,-33,-2,7,5,4,0,0,1,-1,0,-1,3,1
KR_6744393116,420,3,50,-11,8,5,5,0,1,2,1,-3,1,4,4,5,1,1,1,0,0,4,18,1,3,4,-1,0,1,-1,1,1,1,2,1
KR_6749574877,440,8,88,67,10,0,0,0,1,2,1,5,7,2,0,2,2,4,4,0,2,6,8,-2,6,4,2,0,3,1,1,1,1,1,1
KR_6556332053,420,4,69,24,9,3,4,1,2,4,2,-1,2,3,2,3,1,3,3,0,0,7,-44,1,5,6,3,0,0,-1,1,1,1,1,1
KR_6684255004,420,2,13,3,3,3,4,1,4,5,1,-2,0,2,-3,1,4,1,2,1,1,-3,-4,2,9,11,0,0,1,1,-1,1,1,5,1
KR_6764569952,420,6,108,4,22,9,9,0,2,7,5,6,7,1,6,6,0,-1,0,1,2,27,1,-3,6,3,4,0,3,1,1,1,1,6,1
KR_6728863707,420,5,34,-2,5,-5,1,6,1,2,1,3,5,2,4,8,4,2,2,0,-1,3,-27,-1,5,4,1,0,2,1,1,1,-1,1,1
KR_6756794115,440,6,56,17,17,5,5,0,4,5,1,2,3,1,4,5,1,2,2,0,0,19,-31,5,2,7,13,0,0,1,-1,1,1,6,1
KR_6764317804,420,0,30,-3,0,2,2,0,0,4,4,-4,1,5,1,2,1,1,2,1,0,-7,-41,-7,8,1,5,0,0,-1,-1,0,1,3,1
KR_6766551235,420,1,74,12,8,6,7,1,0,1,1,1,2,1,4,7,3,-3,1,4,-1,5,3,4,4,8,3,0,0,1,1,1,-1,3,1
KR_6767915011,420,2,31,-16,1,-2,1,3,3,5,2,4,5,1,-4,4,8,0,1,1,0,-2,-90,-1,6,5,0,0,1,-1,-1,1,-1,6,1
KR_6687850336,420,5,75,3,13,8,8,0,7,8,1,1,5,4,-2,4,6,-1,0,1,5,18,-37,2,4,6,1,0,3,1,1,1,-1,1,1
KR_6680365728,420,1,45,-24,6,2,2,0,1,5,4,-2,0,2,5,6,1,0,0,0,0,0,-12,-6,10,4,6,0,1,1,1,1,1,3,1
KR_6703723240,420,-1,-22,-31,4,2,2,0,2,4,2,2,6,4,-1,1,2,-1,0,1,0,3,4,4,2,6,2,0,0,1,1,0,1,5,1
KR_6690008000,420,0,18,21,-4,-4,0,4,5,7,2,-3,1,4,-3,1,4,1,3,2,0,-6,-42,-5,7,2,21,0,-1,1,-1,-1,1,6,1
KR_6736838728,420,-4,-95,-12,-11,1,2,1,-8,2,10,-3,3,6,-1,4,5,0,1,1,0,-20,-2,-1,9,8,1,0,0,1,1,-1,-1,4,1
KR_6764734231,420,1,29,-3,-3,6,7,1,-6,0,6,2,3,1,-3,0,3,-2,0,2,0,-3,-19,-2,6,4,-1,0,3,-1,1,1,1,3,1
KR_6752705260,420,1,25,-6,2,0,1,1,2,5,3,1,2,1,1,4,3,-2,1,3,0,1,6,3,4,7,1,0,0,-1,1,1,1,6,1
KR_6750169766,420,2,50,1,10,2,4,2,2,4,2,3,5,2,2,3,1,1,1,0,0,16,-9,0,4,4,2,0,2,-1,1,1,1,3,1
KR_6695447066,420,1,-18,8,5,-1,4,5,0,2,2,1,1,0,0,3,3,5,5,0,2,14,6,-2,5,3,0,0,-1,1,1,-1,1,1,1
KR_6664449730,420,-4,-55,-11,-9,-9,2,11,0,4,4,-1,2,3,2,4,2,-1,0,1,0,-6,-12,0,6,6,2,0,0,-1,1,1,-1,5,1
KR_6749514588,420,0,-56,-20,-1,0,1,1,-2,3,5,6,6,0,-2,2,4,-3,0,3,0,-5,209,8,1,9,-6,0,1,1,-1,-1,1,6,1
KR_6754175146,420,3,55,23,6,1,2,1,-1,3,4,5,7,2,1,3,2,0,0,0,0,4,10,1,5,6,7,0,0,1,1,0,1,3,1
KR_6664324514,420,1,35,45,3,1,2,1,3,6,3,-2,2,4,0,3,3,1,2,1,0,4,-33,-3,6,3,-1,0,0,1,1,0,1,2,1
KR_6696713117,420,4,89,17,12,1,2,1,-2,0,2,1,1,0,13,15,2,-1,1,2,0,15,-2,1,4,5,0,0,4,1,1,1,-1,3,1
KR_6619148393,420,1,-16,5,3,-3,1,4,2,3,1,5,9,4,1,7,6,-2,0,2,0,14,-2,-3,7,4,3,0,0,-1,-1,1,-1,4,1
KR_6707297179,420,0,12,-25,1,2,2,0,-1,2,3,0,2,2,1,2,1,-1,0,1,-1,0,-13,0,7,7,-2,0,-1,-1,-1,-1,-1,2,1
KR_6701037409,420,3,50,0,8,4,5,1,2,6,4,1,2,1,-1,1,2,2,2,0,0,10,2,3,4,7,0,0,0,-1,-1,1,1,4,1
KR_6680098568,420,0,2,10,5,3,4,1,0,4,4,2,5,3,1,4,3,-1,2,3,1,5,5,1,6,7,-2,0,-1,1,-1,-1,1,3,1
KR_6730283406,420,4,41,-6,11,0,2,2,-3,1,4,1,3,2,11,11,0,2,3,1,0,10,5,3,2,5,-2,0,0,1,-1,1,1,4,1
KR_6766757108,420,-2,4,-32,3,-1,0,1,-3,1,4,3,4,1,1,2,1,3,3,0,0,6,0,-1,11,10,1,0,1,1,1,1,1,6,1
KR_6682764129,420,1,9,2,0,4,4,0,2,5,3,-4,2,6,-3,0,3,1,1,0,0,2,7,0,4,4,-1,0,1,-1,1,1,-1,2,1
KR_6718563812,420,2,18,32,5,-3,1,4,9,9,0,0,1,1,1,3,2,-2,0,2,1,12,3,0,6,6,-2,0,1,1,-1,-1,1,3,1
KR_6753577726,420,2,26,20,6,-1,3,4,3,4,1,-2,0,2,2,2,0,4,4,0,1,11,-23,-1,6,5,4,0,1,1,1,1,1,6,1
KR_6731074568,420,4,31,-5,8,8,9,1,1,2,1,3,5,2,-1,1,2,-3,1,4,1,8,1,-1,8,7,6,0,1,-1,1,1,1,1,1
KR_6750829218,440,3,39,-20,3,-1,2,3,2,3,1,-1,1,2,3,5,2,0,1,1,-1,5,1,1,2,3,-1,0,0,1,-1,-1,-1,1,1
KR_6677752900,420,3,-11,-4,11,5,5,0,8,10,2,0,6,6,-1,1,2,-1,1,2,0,14,-11,0,5,5,1,0,0,-1,0,0,-1,1,1
KR_6763046582,420,4,47,82,1,0,1,1,-3,4,7,5,6,1,0,1,1,-1,1,2,0,1,129,3,4,7,-1,0,2,1,-1,1,-1,2,1
KR_6766345337,420,1,59,-19,3,-1,1,2,-2,0,2,5,5,0,1,2,1,0,0,0,0,2,7,5,5,10,-5,0,0,1,1,0,1,3,1
KR_6743081392,440,4,44,52,5,-1,0,1,2,4,2,0,6,6,-2,0,2,6,7,1,1,4,2,-2,5,3,0,0,1,1,1,1,1,3,1
KR_6693642043,420,0,2,-1,-1,0,2,2,-1,3,4,-5,0,5,-1,1,2,6,8,2,0,-1,-1,-3,8,5,1,0,-1,-1,1,-1,-1,6,1
KR_6766405814,420,1,-18,-3,0,3,5,2,-2,2,4,-4,2,6,1,5,4,2,2,0,0,-4,9,2,5,7,-2,0,-1,-1,-1,-1,-1,1,1
KR_6696722938,420,0,41,-51,0,1,3,2,-3,1,4,1,2,1,1,1,0,0,0,0,0,-2,12,5,6,11,-5,0,0,-1,-1,0,1,6,1
KR_6740628499,420,2,-18,-7,2,0,3,3,-4,4,8,1,2,1,5,5,0,0,1,1,-1,8,-40,2,3,5,22,0,1,-1,1,1,-1,5,1
KR_6742478505,420,-1,-61,16,0,-1,1,2,3,5,2,1,3,2,0,1,1,-3,1,4,0,1,110,-1,6,5,-4,0,-1,-1,-1,-1,-1,5,1
KR_6764244050,420,3,79,-6,13,2,2,0,5,6,1,4,5,1,4,5,1,-2,1,3,0,19,6,5,2,7,0,0,1,1,-1,1,1,1,1
KR_6764639973,420,-1,3,4,-1,0,1,1,-3,3,6,0,1,1,1,3,2,1,1,0,0,5,-240,3,6,9,-9,0,1,1,1,1,1,5,1
KR_6667871331,420,-4,-51,-8,-1,1,1,0,2,6,4,-4,1,5,0,2,2,0,1,1,0,6,-9,-4,8,4,3,0,0,-1,1,1,1,5,1
KR_6684740162,420,3,15,29,7,-1,2,3,1,1,0,4,7,3,4,6,2,-1,1,2,0,7,16,3,5,8,8,0,0,1,-1,1,1,3,1
KR_6761416426,440,3,-14,0,8,1,3,2,1,2,1,2,4,2,1,1,0,3,5,2,0,12,-9,4,6,10,-4,0,0,1,-1,1,-1,5,1
KR_6729428309,420,0,35,27,1,2,4,2,-1,5,6,4,6,2,-3,1,4,-1,0,1,1,1,20,2,4,6,-2,0,0,1,-1,-1,1,6,1
KR_6742680637,420,2,-23,-13,8,2,3,1,3,4,1,4,5,1,-1,1,2,0,1,1,-1,11,-19,2,4,6,3,0,1,1,-1,1,-1,2,1
KR_6703714675,420,6,55,23,8,1,2,1,0,3,3,6,8,2,0,1,1,1,2,1,0,3,10,-3,4,1,-5,0,1,1,1,1,-1,1,1
KR_6767917851,420,3,14,11,7,-2,1,3,6,7,1,0,1,1,3,4,1,0,0,0,0,14,-3,-4,7,3,1,0,2,1,1,1,-1,1,1
KR_6721112386,420,2,70,-23,4,1,1,0,2,6,4,-1,0,1,1,4,3,1,1,0,0,6,37,-1,6,5,0,0,1,1,-1,1,1,3,1
KR_6764977440,420,1,1,15,6,1,2,1,5,5,0,-2,2,4,2,5,3,0,2,2,0,9,-2,5,3,8,7,0,1,-1,1,1,1,2,1
KR_6724892417,420,1,-5,51,-8,4,4,0,-2,4,6,-4,1,5,-5,2,7,-1,2,3,-1,-11,-3,1,6,7,-4,0,-1,-1,1,-1,-1,1,1
KR_6720347562,420,-2,-18,-18,7,3,4,1,4,5,1,0,1,1,4,5,1,-4,1,5,1,4,-37,6,3,9,32,0,0,-1,1,0,1,3,1
KR_6766062783,420,-3,-32,-21,-3,-2,5,7,-5,1,6,2,5,3,0,0,0,2,2,0,0,-12,9,2,3,5,0,0,0,-1,1,1,-1,4,1
KR_6761507610,420,6,91,5,14,-2,2,4,-1,5,6,6,6,0,3,3,0,8,9,1,1,12,12,-2,6,4,1,0,3,1,-1,1,-1,5,1
KR_6654989135,420,2,33,24,3,4,6,2,3,6,3,1,1,0,-4,0,4,-1,1,2,0,4,41,-3,7,4,-2,0,2,-1,1,1,-1,2,1
KR_6765824406,420,-4,-53,0,-4,1,5,4,-1,3,4,-2,4,6,-4,0,4,2,2,0,0,-8,12,5,3,8,-7,0,0,-1,1,0,-1,4,1
KR_6767936857,420,2,6,0,8,3,3,0,8,9,1,-3,0,3,0,2,2,0,1,1,0,6,10,2,4,6,-4,0,0,-1,1,0,1,4,1
KR_6688834151,420,3,11,12,-1,2,4,2,6,8,2,-2,2,4,-5,0,5,-2,2,4,0,8,1,0,5,5,-6,0,1,0,1,1,-1,0,1
KR_6761451201,420,0,-27,3,-1,0,1,1,5,5,0,-1,5,6,-4,1,5,-1,1,2,0,-5,-26,-2,6,4,3,0,1,0,1,1,1,0,1
KR_6711372742,420,-3,-22,-33,-1,-4,0,4,3,4,1,1,4,3,-3,3,6,2,2,0,0,4,-24,3,5,8,4,0,0,1,-1,0,-1,1,1
KR_6766299293,420,0,17,8,-6,-2,1,3,1,5,4,1,2,1,-4,0,4,-2,0,2,0,-6,6,2,6,8,-1,0,1,-1,1,1,-1,1,1
KR_6703580176,420,5,164,-16,8,2,2,0,0,3,3,4,6,2,2,5,3,0,2,2,1,10,47,10,3,13,-20,0,2,1,1,1,1,6,1
KR_6606405299,420,3,22,0,10,-2,0,2,2,2,0,8,8,0,1,2,1,1,1,0,0,19,201,5,5,10,-3,0,1,1,1,1,-1,3,1
KR_6698245915,420,3,20,46,10,0,0,0,2,5,3,4,5,1,4,4,0,0,0,0,0,9,33,4,2,6,0,0,0,1,1,1,1,5,1
KR_6738205111,420,0,8,11,2,1,1,0,-2,1,3,1,3,2,0,1,1,2,2,0,0,9,7,1,6,7,-1,0,0,1,1,1,-1,6,1
KR_6704088058,420,4,62,45,10,7,8,1,1,2,1,0,3,3,0,4,4,2,3,1,-1,2,-44,-2,13,11,-5,0,1,-1,1,1,-1,4,1
KR_6767565515,420,0,39,10,3,2,4,2,-3,1,4,0,2,2,2,6,4,2,3,1,-1,8,6,3,4,7,0,0,1,-1,-1,1,-1,2,1
KR_6744683499,440,-3,-107,-12,-1,-3,2,5,6,10,4,-3,1,4,1,5,4,-2,0,2,-2,-9,2,4,1,5,1,0,-1,1,1,-1,-1,2,1
KR_6727668201,420,4,-12,-14,12,2,3,1,2,4,2,0,3,3,8,9,1,0,0,0,-1,14,-3,2,5,7,7,0,1,-1,1,1,-1,6,1
KR_6763612957,420,3,28,20,3,-1,2,3,2,3,1,1,4,3,-1,2,3,2,3,1,0,6,4,5,2,7,-2,0,-1,-1,-1,-1,1,6,1
KR_6646047078,420,0,-34,15,0,2,4,2,-1,4,5,-1,1,2,2,2,0,-2,0,2,0,4,-16,-2,10,8,3,0,0,-1,1,1,-1,1,1
KR_6723710913,420,4,49,1,8,3,4,1,1,2,1,7,10,3,-2,0,2,-1,0,1,0,5,0,-4,6,2,1,0,1,-1,1,1,1,1,1
KR_6663272206,420,1,93,7,1,1,2,1,1,4,3,0,4,4,-1,3,4,0,1,1,1,1,1,2,2,4,5,0,2,-1,1,1,1,3,1
KR_6735204588,420,6,5,76,17,3,4,1,2,4,2,3,3,0,4,5,1,5,6,1,-1,16,-56,-1,4,3,30,0,2,1,1,1,-1,4,1
KR_6750832530,420,2,38,21,1,-2,0,2,2,2,0,-1,2,3,1,6,5,1,1,0,0,4,-8,-3,9,6,4,0,1,1,1,1,-1,6,1
KR_6767485838,420,0,3,32,1,1,3,2,4,8,4,-6,1,7,2,4,2,0,0,0,0,10,41,-3,10,7,-9,0,-1,-1,-1,-1,-1,3,1
KR_6739212487,420,1,6,28,-1,-2,4,6,4,4,0,-1,2,3,-1,2,3,-1,0,1,0,2,1,3,1,4,1,0,0,0,1,1,-1,0,1
KR_6698567729,420,6,61,22,7,-1,3,4,1,4,3,4,4,0,2,3,1,1,3,2,0,17,7,-3,5,2,3,0,3,1,1,1,1,5,1
KR_6698521316,440,9,78,63,19,5,7,2,8,9,1,-3,2,5,2,7,5,7,11,4,1,19,10,3,0,3,0,0,3,1,0,1,1,4,1
KR_6767622422,420,1,-41,12,7,1,2,1,3,5,2,8,9,1,-4,2,6,-1,0,1,0,2,-9,-5,8,3,7,0,0,1,1,0,1,6,1
KR_6728806278,440,1,28,12,5,6,6,0,-1,2,3,3,6,3,-5,0,5,2,5,3,1,7,21,3,5,8,-2,0,0,1,1,-1,1,6,1
KR_6712636708,420,1,13,12,-1,-1,3,4,0,5,5,0,2,2,0,3,3,0,1,1,0,0,-6,-5,8,3,-2,0,1,-1,1,1,-1,1,1
KR_6662286012,440,-1,24,-16,-2,-3,1,4,-1,3,4,0,3,3,-3,2,5,5,5,0,0,-1,-20,1,6,7,6,0,0,1,-1,-1,1,4,1
KR_6758354209,420,-3,28,8,3,2,2,0,3,6,3,2,4,2,-5,1,6,1,1,0,0,-3,0,0,5,5,-1,0,0,-1,-1,1,-1,4,1
KR_6697839698,420,2,37,-15,5,2,3,1,2,5,3,-2,1,3,3,5,2,0,0,0,0,7,18,0,6,6,-2,0,0,-1,1,1,1,4,1
KR_6689056229,420,2,26,2,4,-1,2,3,9,10,1,2,3,1,-5,1,6,-1,3,4,0,2,36,3,7,10,3,0,1,1,1,1,-1,5,1
KR_6758634396,440,1,17,-5,7,-4,1,5,4,6,2,-3,1,4,7,7,0,3,6,3,0,6,-9,-5,6,1,5,0,0,1,1,-1,-1,1,1
KR_6694843256,440,0,-54,-24,2,3,4,1,-3,1,4,1,3,2,-2,3,5,3,3,0,0,9,-7,-3,5,2,-3,0,0,-1,1,1,-1,5,1
KR_6690105054,420,7,48,37,13,8,8,0,3,5,2,4,5,1,-3,1,4,1,1,0,0,6,3,1,5,6,4,0,2,0,1,1,1,0,1
KR_6716921801,420,2,66,63,0,2,2,0,4,6,2,-2,1,3,0,6,6,-4,1,5,-2,-7,-31,5,6,11,-9,0,2,0,1,1,-1,0,1
KR_6758221330,420,1,12,11,3,-1,0,1,3,4,1,4,5,1,-1,0,1,-2,0,2,0,2,13,5,3,8,-3,0,1,1,1,1,-1,3,1
KR_6718612215,420,2,72,-4,4,1,1,0,-1,5,6,2,4,2,3,7,4,-1,0,1,0,-6,-31,1,5,6,-1,0,2,-1,1,1,1,5,1
KR_6764320707,420,1,-24,-23,3,-1,0,1,0,2,2,4,4,0,-2,4,6,2,2,0,0,4,-33,5,7,12,2,0,0,-1,-1,0,-1,4,1
KR_6744366834,420,9,92,35,18,1,1,0,3,3,0,5,7,2,3,5,2,6,6,0,1,11,3,-3,6,3,6,0,2,1,-1,1,1,6,1
KR_6740925307,420,-1,23,-35,0,1,1,0,3,4,1,-4,0,4,1,3,2,-1,1,2,0,3,121,-1,4,3,3,0,0,-1,-1,1,-1,6,1
KR_6663223158,420,1,22,-24,15,1,2,1,0,2,2,6,6,0,6,7,1,2,2,0,1,23,-9,-5,11,6,3,0,2,1,1,1,1,5,1
KR_6766773739,420,2,57,-1,7,1,2,1,4,6,2,3,4,1,2,4,2,-3,0,3,1,4,26,3,5,8,-5,0,1,-1,1,1,1,3,1
KR_6649828344,420,-2,5,0,-5,-2,1,3,10,10,0,-11,1,12,-1,3,4,-1,0,1,0,-2,2,0,5,5,-3,0,-1,1,-1,-1,1,1,1
KR_6767026099,420,2,-27,8,5,-3,0,3,1,4,3,1,4,3,5,5,0,1,1,0,0,11,2,1,6,7,4,0,0,-1,1,1,1,3,1
KR_6764331870,440,4,11,6,9,1,2,1,3,4,1,-1,2,3,5,5,0,1,1,0,0,9,-103,2,4,6,3,0,-1,0,1,-1,1,0,1
KR_6767226929,420,-1,-44,-13,1,-1,1,2,3,6,3,0,2,2,0,2,2,-1,0,1,0,8,-10,-4,7,3,2,0,0,1,-1,1,-1,1,1
KR_6764777485,420,1,-35,6,2,1,3,2,3,5,2,1,1,0,-4,0,4,1,3,2,0,5,0,-7,9,2,0,0,0,0,1,0,-1,0,1
KR_6766403017,420,5,131,15,15,9,9,0,2,4,2,8,8,0,-2,4,6,-2,1,3,1,3,-6,2,3,5,2,1,3,1,1,1,1,6,1
KR_6767689409,420,3,33,16,11,5,5,0,3,8,5,0,1,1,0,2,2,3,3,0,0,15,17,-3,5,2,8,0,2,-1,1,1,1,1,1
KR_6642038053,420,-2,-2,-21,-2,0,2,2,0,3,3,-2,1,3,0,1,1,0,1,1,0,-3,-47,-5,7,2,5,0,1,-1,1,1,1,6,1
KR_6762554512,420,2,64,14,8,-1,2,3,4,5,1,1,1,0,4,4,0,0,2,2,0,8,-29,4,5,9,7,0,0,1,1,1,1,1,1
KR_6743835717,440,4,31,-5,5,2,4,2,1,2,1,-1,0,1,3,5,2,0,0,0,0,8,7,1,4,5,-2,0,1,-1,1,1,-1,2,1
KR_6740590766,440,2,107,-19,2,4,7,3,1,3,2,1,4,3,-1,4,5,-3,0,3,0,-4,-39,0,5,5,4,0,1,0,1,1,1,0,1
KR_6690130070,420,3,-51,0,7,3,4,1,2,2,0,2,7,5,0,1,1,0,1,1,0,12,5,1,7,8,-3,0,0,1,1,0,1,3,1
KR_6657652429,420,0,12,-6,6,1,1,0,6,8,2,2,5,3,-2,2,4,-1,0,1,-1,9,4,-4,11,7,-4,0,0,1,-1,0,-1,4,1
KR_6720052161,420,3,13,-6,2,0,1,1,2,3,1,0,1,1,1,3,2,-1,0,1,0,0,-3,-2,7,5,0,0,0,-1,1,0,-1,6,1
KR_6758213620,420,1,0,4,6,-2,0,2,3,3,0,4,5,1,0,3,3,1,2,1,0,10,-36,-3,8,5,9,0,0,1,-1,-1,1,4,1
KR_6663184514,420,0,60,-26,-4,4,4,0,-2,0,2,-4,2,6,-1,1,2,-1,0,1,0,-4,-8,-4,10,6,2,0,0,-1,-1,1,-1,5,1
KR_6715079422,420,7,69,13,10,2,4,2,4,5,1,1,2,1,2,4,2,1,1,0,0,11,-1,-1,5,4,4,0,2,1,1,1,1,3,1
KR_6655108984,420,4,100,3,2,-1,1,2,0,2,2,0,1,1,1,1,0,2,2,0,0,3,-4,0,6,6,5,0,1,1,1,1,-1,1,1
KR_6694208213,420,7,68,24,11,3,5,2,2,4,2,-5,3,8,7,7,0,4,4,0,0,2,-7,4,8,12,10,0,2,1,1,1,1,4,1
KR_6692361718,440,1,8,-6,5,3,3,0,3,5,2,-4,1,5,1,2,1,2,2,0,1,8,1,-3,8,5,-1,0,0,-1,1,0,1,1,1
KR_6756241815,420,0,-42,16,-1,0,3,3,2,4,2,-2,2,4,-1,1,2,0,1,1,1,9,-2,0,6,6,3,0,-1,-1,1,-1,1,1,1
KR_6765969857,440,-1,-17,23,-3,0,3,3,-2,1,3,2,2,0,-4,1,5,1,1,0,0,4,61,0,5,5,1,0,-1,0,-1,-1,-1,0,1
KR_6680719607,420,5,0,24,3,2,3,1,-2,1,3,2,3,1,1,1,0,0,0,0,0,5,-25,2,7,9,26,0,0,-1,1,1,1,4,1
KR_6756214330,420,4,-46,40,10,1,1,0,-1,2,3,3,4,1,6,8,2,1,1,0,0,9,-4,3,8,11,-4,0,1,1,1,1,1,4,1
KR_6662894161,420,-1,13,-10,9,0,0,0,5,7,2,1,2,1,3,5,2,0,0,0,1,19,11,3,2,5,0,0,0,-1,1,1,1,2,1
KR_6739512427,420,6,88,36,10,5,5,0,-1,3,4,2,3,1,2,4,2,2,2,0,1,15,-5,1,5,6,5,0,2,1,-1,1,1,1,1
KR_6668606698,420,0,9,-20,-3,-1,0,1,5,10,5,-2,0,2,-1,5,6,-4,1,5,0,-3,0,0,11,11,4,0,-1,-1,-1,-1,1,5,1
KR_6765464803,440,4,8,1,10,0,1,1,0,2,2,3,3,0,5,5,0,2,2,0,0,11,6,2,2,4,-3,0,0,1,-1,0,1,2,1
KR_6762187884,420,6,72,13,14,0,1,1,1,2,1,7,9,2,5,5,0,1,1,0,0,18,-18,-3,9,6,5,0,0,0,-1,0,1,0,1
KR_6747526480,420,2,-24,-23,8,0,1,1,-3,3,6,4,5,1,5,5,0,2,2,0,0,8,-18,1,9,10,4,0,0,1,1,1,-1,1,1
KR_6665763902,420,-2,3,1,3,5,5,0,2,3,1,-5,0,5,1,1,0,0,0,0,0,0,0,4,3,7,5,0,0,1,1,0,1,4,1
KR_6697242747,420,2,-5,4,1,-2,0,2,0,2,2,4,6,2,0,3,3,-1,0,1,0,-5,5,6,2,8,2,0,0,1,1,1,1,6,1
KR_6712776368,420,5,32,24,8,1,1,0,4,4,0,2,3,1,2,3,1,-1,0,1,0,9,81,3,5,8,0,0,1,1,1,1,1,4,1
KR_6664807106,420,0,-22,25,-4,-4,1,5,3,4,1,-3,0,3,1,2,1,-1,0,1,0,0,8,2,4,6,-2,0,0,1,1,1,1,4,1
KR_6694056978,420,6,2,7,4,2,3,1,0,2,2,-1,0,1,0,0,0,3,3,0,0,3,-6,0,6,6,2,0,1,1,-1,1,-1,5,1
KR_6767390907,420,2,29,-6,14,5,6,1,7,9,2,0,1,1,4,8,4,-2,0,2,2,14,-119,3,7,10,8,0,1,1,1,1,1,5,1
KR_6761388478,440,1,49,-12,-2,1,2,1,-2,2,4,0,3,3,3,4,1,-4,1,5,-1,-8,42,4,2,6,-25,0,0,-1,0,1,-1,1,1
KR_6705535294,420,3,-11,25,3,0,0,0,-3,0,3,3,3,0,2,2,0,1,1,0,0,3,211,4,3,7,3,0,0,1,-1,0,-1,5,1
KR_6759939963,440,0,56,58,-5,1,3,2,-5,1,6,0,5,5,0,4,4,-1,2,3,0,-9,-3,-3,4,1,2,0,0,-1,0,-1,-1,3,1
KR_6706805331,440,-2,29,-28,-1,0,3,3,-6,1,7,0,1,1,3,5,2,2,2,0,0,4,-6,5,5,10,0,0,0,1,-1,1,-1,5,1
KR_6640405756,420,1,-20,31,2,-4,1,5,2,4,2,3,3,0,2,4,2,-1,0,1,0,-7,-4,3,3,6,1,0,0,-1,1,0,1,4,1
KR_6685181203,420,3,25,23,8,0,2,2,-2,3,5,-1,1,2,6,8,2,5,5,0,0,6,24,5,2,7,1,0,0,1,1,-1,1,2,1
KR_6747179675,420,1,15,-33,6,4,5,1,4,4,0,1,2,1,-3,2,5,0,2,2,1,7,-4,-2,6,4,0,0,0,1,1,0,1,4,1
KR_6735379342,420,1,-17,4,4,2,3,1,3,4,1,0,0,0,0,0,0,-1,1,2,0,5,-25,-1,5,4,1,0,0,-1,-1,1,-1,2,1
KR_6738137002,420,0,-34,-32,-3,2,2,0,1,8,7,-3,0,3,-1,2,3,-2,2,4,-1,2,-13,0,6,6,1,0,1,-1,-1,1,-1,3,1
KR_6757907204,420,-1,25,13,-2,0,1,1,-1,2,3,2,5,3,0,3,3,-3,0,3,0,-1,-18,4,7,11,3,0,1,-1,-1,1,-1,3,1
KR_6682463694,420,-1,-15,17,3,5,5,0,-1,3,4,-3,2,5,2,2,0,0,2,2,0,1,24,2,4,6,-1,0,0,-1,1,-1,1,2,1
KR_6689607352,440,2,61,10,-1,3,5,2,-4,0,4,-2,0,2,0,1,1,2,2,0,0,7,4,-2,8,6,-1,0,1,1,-1,1,-1,6,1
KR_6656475831,420,0,-13,13,0,6,6,0,-2,4,6,0,1,1,-4,0,4,0,0,0,0,-7,-5,1,5,6,5,0,1,-1,1,1,1,1,1
KR_6622662552,420,-3,-10,11,-3,-2,2,4,-4,1,5,1,2,1,1,3,2,1,2,1,0,-5,-6,-6,12,6,4,0,-1,-1,1,-1,-1,5,1
KR_6684122898,420,2,-27,8,-1,-2,0,2,-1,2,3,-1,0,1,2,5,3,1,1,0,0,-6,5,-2,4,2,6,0,0,1,-1,0,1,2,1
KR_6766095176,420,3,50,13,9,2,2,0,4,5,1,0,5,5,2,5,3,1,1,0,0,5,-1,-2,9,7,0,0,1,-1,1,1,-1,4,1
KR_6742548409,420,2,55,13,7,3,3,0,0,3,3,3,3,0,2,3,1,-1,1,2,0,5,25,6,2,8,-2,0,2,1,1,1,1,1,1
KR_6768006404,420,3,-14,-28,3,1,2,1,0,2,2,1,3,2,0,1,1,1,2,1,0,2,-36,0,8,8,0,0,-1,1,-1,-1,-1,5,1
KR_6767927063,420,1,-46,8,-1,4,4,0,3,6,3,0,4,4,-8,0,8,0,0,0,1,3,-5,-2,7,5,-1,0,0,-1,-1,0,-1,4,1
KR_6703244664,420,-2,8,-12,-3,0,0,0,2,4,2,-4,0,4,1,1,0,-2,1,3,0,-6,13,5,3,8,-3,0,0,1,-1,0,-1,5,1
KR_6688743415,420,6,34,26,17,1,3,2,2,5,3,3,3,0,5,6,1,6,7,1,0,19,-5,1,4,5,5,0,1,1,-1,1,1,1,1
KR_6698553421,440,0,-14,-30,0,-2,0,2,-4,3,7,3,6,3,2,7,5,1,2,1,0,11,27,-4,5,1,2,0,0,1,-1,0,-1,3,1
KR_6764292944,440,1,-6,-18,5,2,2,0,-1,2,3,1,2,1,2,5,3,1,2,1,0,8,-41,-1,5,4,24,0,0,1,-1,-1,-1,2,1
KR_6748694426,420,4,-16,40,11,2,2,0,4,8,4,3,5,2,-1,3,4,3,3,0,-1,15,-21,11,2,13,24,0,1,1,1,1,-1,2,1
KR_6766899641,420,2,7,1,4,-1,1,2,3,7,4,4,5,1,-1,2,3,-1,1,2,0,7,5,-4,9,5,-1,0,0,-1,-1,-1,1,6,1
KR_6758454162,420,1,113,-35,-4,4,4,0,-5,0,5,-1,1,2,-2,1,3,0,1,1,0,-10,13,-3,7,4,-5,0,1,-1,-1,1,-1,2,1
KR_6684917813,420,2,28,32,2,1,1,0,-2,3,5,2,6,4,2,3,1,-1,2,3,0,-6,-84,-4,9,5,-1,0,0,1,1,0,-1,2,1
KR_6732431228,420,0,-83,1,-5,0,0,0,-4,2,6,-2,1,3,0,2,2,1,1,0,0,-3,7,2,3,5,-6,0,1,-1,1,1,-1,2,1
KR_6763141498,420,4,56,19,2,1,2,1,-3,2,5,5,7,2,1,4,3,-2,2,4,1,5,-113,-1,9,8,1,0,0,1,0,0,1,1,1
KR_6762804796,420,4,48,10,4,2,3,1,-2,2,4,0,2,2,5,5,0,-1,0,1,0,4,6,-2,6,4,2,0,1,1,-1,1,1,2,1
KR_6715242629,420,4,26,20,-1,-3,1,4,4,6,2,-3,0,3,1,4,3,0,0,0,0,0,-29,-2,10,8,5,0,1,0,1,1,-1,0,1
KR_6710627190,420,1,74,-5,8,3,7,4,-2,2,4,1,3,2,4,5,1,2,4,2,0,4,103,-7,11,4,4,0,2,-1,1,1,-1,1,1
KR_6765925521,420,0,-7,11,-4,2,2,0,2,4,2,-3,4,7,-2,2,4,-3,0,3,-1,-8,-9,-3,5,2,0,0,0,-1,1,1,-1,6,1
KR_6742345060,440,4,62,3,10,0,1,1,5,6,1,1,1,0,4,5,1,0,1,1,0,4,-2,0,5,5,-2,0,1,1,1,1,-1,6,1
KR_6764849444,420,2,18,8,0,0,2,2,0,4,4,1,3,2,-1,1,2,0,0,0,0,-2,1,1,7,8,-2,0,1,1,-1,1,1,2,1
KR_6428967582,420,4,63,-13,10,2,5,3,5,7,2,-1,2,3,-2,0,2,6,8,2,1,4,4,6,3,9,-1,0,1,1,1,1,1,3,1
KR_6734915983,420,3,77,-16,2,3,5,2,-2,1,3,0,3,3,1,1,0,0,0,0,0,-5,-129,0,6,6,4,0,2,-1,1,1,-1,2,1
KR_6605560346,420,3,1,16,2,0,2,2,0,2,2,0,1,1,1,3,2,1,1,0,1,3,2,-3,8,5,2,0,-1,1,-1,-1,1,2,1
KR_6767569085,420,6,40,94,6,-2,0,2,2,3,1,2,2,0,2,3,1,2,2,0,1,8,12,4,1,5,-1,0,1,1,1,1,1,4,1
KR_6740610810,420,0,23,0,6,4,4,0,2,7,5,1,3,2,0,2,2,-1,0,1,0,6,-20,0,7,7,1,0,0,-1,1,1,-1,2,1
KR_6766485591,420,0,38,2,4,2,3,1,-3,2,5,-1,1,2,3,6,3,3,3,0,0,5,-27,5,5,10,7,0,0,0,1,0,1,0,1
KR_6749809949,420,3,31,4,9,-1,2,3,3,6,3,3,4,1,3,3,0,1,1,0,0,9,-99,5,4,9,2,0,1,1,1,1,1,6,1
KR_6761968500,440,2,54,8,11,0,1,1,0,0,0,0,3,3,10,10,0,1,2,1,-1,11,1,2,1,3,-2,0,1,1,1,1,-1,6,1
KR_6701487757,420,2,37,27,2,2,2,0,0,3,3,0,2,2,0,2,2,0,1,1,0,-10,11,-3,10,7,-7,0,0,1,1,-1,-1,6,1
KR_6698795843,420,3,71,38,5,0,2,2,1,7,6,1,4,3,4,6,2,-1,0,1,0,1,9,3,4,7,-4,0,1,1,-1,1,1,4,1
KR_6684801200,420,1,53,-3,3,0,2,2,0,4,4,0,4,4,2,2,0,1,3,2,0,5,4,-2,7,5,2,0,1,1,-1,-1,-1,1,1
KR_6751427883,420,0,-36,3,4,-2,1,3,0,3,3,5,7,2,1,3,2,0,1,1,3,11,-5,3,4,7,-1,0,-1,1,-1,-1,-1,3,1
KR_6766680721,420,5,87,44,10,-3,0,3,0,1,1,5,6,1,7,7,0,1,2,1,1,14,-3,1,6,7,4,0,4,1,-1,1,1,6,1
KR_6719163506,420,3,61,25,4,-3,1,4,2,7,5,-3,2,5,8,10,2,0,2,2,0,10,-61,3,4,7,0,0,0,-1,-1,0,1,6,1
KR_6731107809,420,1,75,7,1,-1,1,2,7,8,1,-2,1,3,-2,0,2,-1,0,1,0,5,-31,-3,8,5,2,0,0,-1,-1,0,-1,4,1
KR_6766496637,420,0,21,13,-2,-3,1,4,1,3,2,-2,0,2,1,3,2,1,4,3,0,2,6,1,3,4,0,0,0,1,0,0,1,4,1
KR_6759840098,440,4,22,13,4,-3,0,3,-2,1,3,4,7,3,3,6,3,2,4,2,0,10,-6,3,2,5,-5,0,2,1,1,1,-1,5,1
KR_6759902850,420,-2,42,19,1,-2,0,2,-1,1,2,-1,0,1,3,4,1,2,2,0,0,2,0,2,5,7,3,0,0,-1,1,0,1,2,1
KR_6757713988,420,-1,-43,3,-4,-1,0,1,-1,4,5,-3,0,3,2,5,3,-1,0,1,0,-9,-8,-2,7,5,-3,0,0,1,-1,-1,-1,3,1
KR_6663786735,420,1,0,-30,10,-3,1,4,2,3,1,6,6,0,9,9,0,-4,1,5,1,9,-1,3,5,8,0,0,1,1,1,1,1,3,1
KR_6766888672,420,0,-48,34,0,1,2,1,4,6,2,0,6,6,-7,0,7,2,3,1,0,-2,2,-4,7,3,1,0,1,1,1,1,-1,1,1
KR_6766155046,420,2,-2,25,2,1,3,2,0,3,3,-3,2,5,3,5,2,1,3,2,0,6,2,-4,5,1,-1,0,1,-1,1,1,-1,1,1
KR_6765022012,420,0,10,19,-4,-3,1,4,1,2,1,-2,1,3,4,8,4,-4,0,4,0,-12,7,-2,7,5,0,0,1,-1,1,-1,1,1,1
KR_6690228021,420,1,-4,21,4,-2,0,2,1,1,0,4,4,0,4,5,1,-3,2,5,0,6,-33,-5,9,4,1,0,2,1,1,1,-1,1,1
KR_6729706713,420,3,37,4,6,2,2,0,4,7,3,1,2,1,-1,1,2,0,1,1,-1,7,8,1,9,10,0,0,0,-1,1,0,-1,2,1
KR_6740606917,440,1,76,-5,12,-1,3,4,7,7,0,2,2,0,5,5,0,-1,2,3,1,8,6,4,3,7,2,0,1,1,0,1,1,1,1
KR_6750091634,420,0,55,7,0,3,4,1,-3,1,4,0,1,1,0,0,0,0,0,0,0,-3,-2,-1,8,7,6,0,0,1,1,1,-1,6,1
KR_6761342540,420,0,-18,44,-2,-3,3,6,-3,1,4,7,8,1,-1,0,1,-2,1,3,0,-9,62,2,5,7,-20,0,0,1,1,1,1,5,1
KR_6751191991,420,-3,-50,-16,-1,-2,1,3,-2,1,3,0,3,3,4,5,1,-1,0,1,0,-1,0,-6,7,1,3,0,1,-1,-1,-1,-1,6,1
KR_6753095838,420,1,-5,-19,5,2,3,1,-3,0,3,3,3,0,3,4,1,0,0,0,0,8,2,1,4,5,8,0,0,-1,1,0,1,5,1
KR_6689980724,420,1,3,20,3,0,1,1,1,3,2,1,2,1,0,4,4,1,1,0,0,-5,2,-1,7,6,3,0,-1,1,1,-1,1,3,1
KR_6689710944,420,-1,1,12,0,1,4,3,-1,2,3,2,3,1,-4,3,7,2,2,0,-1,-2,2,2,3,5,-4,0,-1,-1,1,-1,-1,3,1
KR_6745352756,440,2,16,52,4,2,2,0,2,3,1,1,1,0,0,3,3,-1,1,2,0,3,-3,1,3,4,0,0,2,1,1,1,-1,1,1
KR_6765695796,420,3,-17,40,8,2,2,0,0,0,0,1,4,3,5,5,0,0,0,0,0,15,-7,1,4,5,2,0,1,1,1,1,1,1,1
KR_6694850965,420,0,-12,12,1,1,2,1,-1,3,4,-3,1,4,-1,1,2,5,10,5,1,-1,-58,0,6,6,-1,0,0,-1,1,-1,-1,3,1
KR_6671378221,420,-1,2,-8,-2,3,3,0,-3,2,5,2,2,0,-4,0,4,0,1,1,0,-9,7,2,3,5,-6,0,0,-1,-1,0,1,1,1
KR_6749421548,420,0,10,8,0,2,2,0,0,3,3,2,3,1,-3,0,3,-1,0,1,0,0,10,1,8,9,3,0,0,1,1,0,1,6,1
KR_6623099710,420,5,55,5,9,4,5,1,4,4,0,4,5,1,-2,3,5,-1,1,2,0,7,0,0,7,7,1,0,2,-1,1,1,-1,2,1
KR_6705070865,420,-1,15,-8,-5,-2,0,2,1,6,5,-3,0,3,2,4,2,-3,2,5,0,0,2,2,3,5,-2,0,0,0,-1,0,1,0,1
KR_6662432166,440,2,8,44,7,0,0,0,2,3,1,1,1,0,3,4,1,1,4,3,2,15,5,2,3,5,0,0,0,1,1,1,1,3,1
KR_6767999194,440,3,41,31,14,6,6,0,2,4,2,-1,1,2,2,3,1,5,6,1,1,7,2,-4,9,5,6,0,2,-1,1,1,1,3,1
KR_6698896442,420,2,47,14,4,-1,2,3,-3,3,6,1,2,1,6,7,1,1,2,1,2,10,-7,-2,8,6,2,0,0,1,-1,0,1,4,1
KR_6701999135,420,2,44,1,3,5,5,0,-1,0,1,-1,1,2,-2,3,5,2,3,1,0,5,-1,-3,6,3,3,0,0,1,1,1,1,1,1
KR_6688010882,420,3,6,28,9,2,2,0,5,6,1,1,3,2,1,4,3,0,0,0,-1,13,-2,-3,6,3,3,0,-1,1,-1,-1,-1,6,1
KR_6768016946,420,-3,-23,2,-2,-1,0,1,1,3,2,-2,2,4,2,3,1,-2,0,2,0,-2,-3,-1,7,6,-2,0,0,1,-1,0,1,3,1
KR_6738370140,440,-1,53,-44,-3,1,2,1,0,2,2,-2,0,2,0,4,4,-2,2,4,0,-2,-4,-5,9,4,3,0,0,-1,1,1,1,4,1
KR_6706607911,420,5,120,42,3,2,2,0,-4,1,5,4,5,1,0,4,4,1,2,1,0,-5,7,-1,7,6,3,0,3,-1,1,1,1,5,1
KR_6760339047,420,2,18,-12,4,1,3,2,4,5,1,2,5,3,-3,4,7,0,0,0,0,-5,-2,3,3,6,-1,0,0,-1,1,1,1,3,1
KR_6762916029,440,3,1,8,3,3,4,1,-1,1,2,-3,2,5,0,2,2,4,5,1,0,1,-21,-3,8,5,2,0,1,1,-1,1,-1,5,1
KR_6748842878,420,2,-4,-3,8,4,5,1,0,3,3,1,6,5,2,4,2,1,2,1,0,-1,-7,-3,8,5,1,0,0,1,1,0,1,5,1
KR_6684956861,420,3,94,0,3,2,4,2,0,4,4,1,2,1,0,1,1,0,1,1,0,3,4,2,3,5,1,0,0,1,1,1,-1,3,1
KR_6714074508,420,4,3,12,2,1,1,0,1,6,5,3,3,0,-3,0,3,0,0,0,0,0,-31,-2,7,5,-1,0,0,1,-1,0,-1,5,1
KR_6739315650,420,-1,-2,-19,0,-6,2,8,3,5,2,-2,3,5,3,3,0,2,3,1,-1,6,-4,-1,5,4,1,0,1,1,-1,-1,-1,6,1
KR_6764264295,420,0,-21,-18,4,-2,2,4,2,4,2,2,3,1,1,5,4,1,1,0,2,11,7,1,9,10,1,0,2,1,1,1,1,2,1
KR_6762708443,420,0,3,11,-5,-3,1,4,0,3,3,-4,4,8,-1,4,5,3,3,0,0,-11,0,3,3,6,-6,0,2,-1,1,1,1,4,1
KR_6652476497,420,0,22,-14,7,1,2,1,-1,4,5,3,4,1,3,4,1,1,1,0,0,7,14,4,1,5,0,0,0,1,-1,-1,1,4,1
KR_6749129642,420,1,-53,7,3,2,3,1,2,5,3,-1,1,2,-1,2,3,1,1,0,0,4,-3,-4,9,5,1,0,0,1,0,0,-1,6,1
KR_6644834385,420,4,48,21,6,5,5,0,4,4,0,-2,2,4,-3,0,3,2,2,0,0,3,3,3,4,7,0,0,0,1,1,0,1,4,1
KR_6676806164,440,9,158,19,21,0,4,4,4,4,0,7,7,0,7,7,0,3,3,0,0,28,1,5,2,7,4,0,3,-1,1,1,1,6,1
KR_6680807718,420,8,104,-3,17,-2,0,2,-1,3,4,4,5,1,15,16,1,1,2,1,0,25,2,-2,8,6,2,0,4,1,1,1,-1,6,1
KR_6667513767,420,2,36,28,-3,2,2,0,-2,1,3,-1,3,4,-2,3,5,0,1,1,0,-10,1,1,6,7,0,0,0,1,1,0,-1,6,1
KR_6651465068,420,2,38,18,7,1,2,1,2,2,0,2,2,0,3,3,0,-1,1,2,0,6,14,-1,6,5,3,0,1,-1,1,1,1,1,1
KR_6739570529,420,-2,26,-41,-9,-3,3,6,-3,0,3,2,2,0,-4,3,7,-1,2,3,0,-13,3,1,5,6,3,0,1,1,-1,-1,-1,4,1
KR_6693569310,420,5,63,47,1,-2,1,3,2,2,0,-3,1,4,3,4,1,1,2,1,0,-1,13,7,3,10,-4,0,2,1,1,1,-1,6,1
KR_6762802842,440,6,40,36,15,3,3,0,6,6,0,4,5,1,2,2,0,0,3,3,0,19,0,0,4,4,4,0,0,1,1,1,1,3,1
KR_6766366078,420,-1,-13,11,1,0,3,3,-2,2,4,2,3,1,3,6,3,-2,4,6,-2,-8,15,-5,10,5,5,0,0,-1,1,1,-1,1,1
KR_6765760577,420,2,-9,-5,-6,0,1,1,-1,1,2,-6,2,8,1,3,2,0,1,1,-1,-8,-31,-4,7,3,-1,0,0,-1,1,0,-1,6,1
KR_6680811153,420,5,28,40,9,3,5,2,-1,3,4,3,3,0,2,3,1,2,3,1,0,7,0,-1,5,4,1,0,1,1,1,1,-1,2,1
KR_6687622708,420,0,-10,-52,5,4,4,0,0,1,1,1,2,1,-1,1,2,1,1,0,0,14,25,1,3,4,-2,0,1,-1,1,1,1,4,1
KR_6766446731,420,0,32,-7,6,5,7,2,-4,2,6,2,2,0,3,3,0,0,0,0,1,14,-7,2,5,7,9,0,1,1,1,1,1,1,1
KR_6765378686,440,5,25,20,15,-1,0,1,0,1,1,6,7,1,1,5,4,9,9,0,0,14,6,0,6,6,-2,0,1,0,1,1,1,0,1
KR_6703789020,420,-1,-34,20,1,0,1,1,4,4,0,1,3,2,-4,0,4,0,2,2,0,1,30,-2,8,6,1,0,0,1,-1,0,-1,4,1
KR_6766737693,420,1,42,11,0,2,3,1,-1,2,3,-2,1,3,2,5,3,-1,0,1,-1,3,-7,0,5,5,3,0,0,-1,1,1,-1,1,1
KR_6741425735,420,1,22,16,4,2,4,2,5,5,0,-1,2,3,0,3,3,-2,0,2,-1,-1,-92,-2,8,6,4,0,0,1,1,1,-1,1,1
KR_6765995350,440,4,3,16,2,0,1,1,2,3,1,-4,1,5,2,2,0,2,3,1,0,8,-30,-1,7,6,4,0,0,1,-1,0,-1,1,1
KR_6707446107,420,-2,4,19,-11,0,3,3,-4,3,7,-2,2,4,-5,0,5,0,0,0,1,-10,-2,-2,8,6,5,0,0,1,1,1,1,3,1
KR_6602570191,420,4,44,16,12,-2,2,4,7,9,2,3,4,1,6,7,1,-2,0,2,1,20,49,-1,8,7,3,0,1,-1,-1,1,1,5,1
KR_6712691005,420,0,49,-32,4,-1,0,1,2,3,1,-1,0,1,3,4,1,1,3,2,0,6,8,6,2,8,0,0,2,1,-1,1,1,6,1
KR_6697118667,420,4,47,-28,6,0,2,2,0,3,3,2,3,1,3,3,0,1,1,0,0,1,4,3,3,6,-2,0,0,1,0,1,1,3,1
KR_6679459546,420,4,29,21,8,6,7,1,0,4,4,-2,2,4,3,6,3,1,2,1,0,13,0,3,6,9,1,0,4,-1,1,1,1,2,1
KR_6757312008,420,4,38,25,4,0,2,2,1,2,1,3,3,0,1,2,1,-1,0,1,0,0,46,7,2,9,0,0,2,1,1,1,1,4,1
KR_6663649231,420,1,-25,12,2,-1,2,3,5,7,2,-2,1,3,-1,1,2,1,1,0,0,12,275,4,5,9,-4,0,-2,-1,-1,-1,-1,6,1
KR_6730494612,420,0,-53,27,-8,-7,0,7,0,1,1,4,4,0,-6,2,8,1,3,2,-1,-8,105,-11,12,1,2,0,-1,1,-1,-1,-1,2,1
KR_6763473030,420,2,47,14,4,-6,0,6,0,2,2,5,6,1,3,5,2,2,3,1,-1,3,50,2,5,7,-24,0,-1,1,-1,1,-1,3,1
KR_6739643884,440,-3,-50,18,-7,-4,2,6,-1,1,2,-2,0,2,0,3,3,0,1,1,0,-4,-7,0,4,4,-2,0,-1,0,-1,-1,-1,0,1
KR_6742523360,420,0,33,-31,5,3,3,0,0,3,3,1,3,2,2,2,0,-1,0,1,0,0,-111,0,9,9,-4,0,0,-1,1,0,1,4,1
KR_6765974495,440,1,47,31,2,-6,0,6,2,2,0,4,5,1,4,4,0,-2,0,2,0,-5,6,-1,5,4,1,0,1,1,-1,1,1,5,1
KR_6704192220,420,3,47,-7,7,1,1,0,0,2,2,-2,0,2,6,8,2,2,2,0,2,2,115,-3,7,4,6,0,1,0,1,1,1,0,1
KR_6738666848,420,10,154,61,17,2,5,3,2,4,2,8,8,0,4,6,2,1,1,0,1,13,21,4,3,7,-3,0,6,1,1,1,1,1,1
KR_6758103020,420,7,137,28,17,2,3,1,6,8,2,2,3,1,5,6,1,2,2,0,2,16,10,4,3,7,7,0,2,1,1,1,1,2,1
KR_6732320967,420,4,43,25,1,-1,2,3,0,1,1,0,4,4,3,8,5,-1,1,2,0,-3,-7,-6,10,4,-1,0,-1,1,-1,-1,1,4,1
KR_6760298147,420,2,15,-18,11,2,3,1,0,2,2,5,6,1,4,4,0,0,1,1,0,15,22,3,4,7,1,0,1,1,1,1,1,5,1
KR_6767564172,420,0,25,16,1,-2,1,3,4,4,0,-1,1,2,1,6,5,-1,1,2,1,4,10,-3,8,5,3,0,2,1,1,1,1,3,1
KR_6682320114,420,5,104,36,6,4,5,1,-4,3,7,2,2,0,3,6,3,1,1,0,0,-5,-9,-1,6,5,1,0,1,1,1,1,-1,3,1
KR_6690192963,420,4,35,5,12,2,4,2,7,7,0,-3,2,5,7,9,2,-1,1,2,-1,10,2,4,5,9,-3,0,0,1,1,1,-1,3,1
KR_6701849556,440,3,1,-4,2,1,1,0,0,2,2,1,4,3,5,7,2,-5,0,5,0,-1,-16,-2,7,5,4,0,0,0,-1,0,1,0,1
KR_6639148002,420,4,115,31,3,-1,5,6,4,5,1,1,2,1,-1,3,4,0,0,0,0,1,11,-1,5,4,-1,0,1,1,1,1,1,5,1
KR_6698401257,420,1,-1,-16,9,5,6,1,-2,1,3,0,3,3,6,7,1,0,1,1,0,12,5,4,2,6,-6,0,1,-1,-1,1,-1,5,1
KR_6766207908,420,1,47,25,4,-2,0,2,2,3,1,0,1,1,-1,0,1,5,5,0,0,5,-12,2,5,7,5,0,2,1,1,1,1,2,1
KR_6648938194,420,5,37,37,3,1,4,3,0,1,1,1,3,2,1,4,3,0,1,1,0,-3,-2,0,6,6,-1,0,1,-1,1,1,-1,5,1
KR_6690551026,440,1,62,8,-1,1,2,1,-2,2,4,0,1,1,-1,2,3,1,1,0,0,-6,0,-4,6,2,7,0,0,-1,1,1,1,5,1
KR_6764734223,420,2,45,-2,9,2,2,0,1,3,2,1,4,3,4,7,3,1,3,2,0,9,-47,-2,4,2,2,0,-1,-1,1,-1,1,6,1
KR_6758457281,420,2,7,0,-6,0,1,1,-3,1,4,0,2,2,-4,3,7,1,2,1,0,-8,-88,-3,5,2,2,0,0,-1,1,0,-1,6,1
KR_6763809362,420,3,117,23,8,4,4,0,5,6,1,0,2,2,-1,2,3,0,0,0,0,4,7,5,3,8,-3,0,3,1,1,1,1,5,1
KR_6761757521,440,4,14,19,9,2,2,0,-2,1,3,2,2,0,2,5,3,5,6,1,0,5,1,5,3,8,-2,0,2,1,1,1,1,3,1
KR_6628358015,420,6,51,12,5,6,6,0,0,4,4,1,2,1,-1,4,5,-1,0,1,0,-5,2,0,7,7,0,0,0,1,-1,0,1,4,1
KR_6752617901,440,6,92,12,9,0,2,2,3,5,2,2,4,2,1,2,1,3,3,0,-1,11,-15,1,4,5,-1,0,2,-1,1,1,-1,4,1
KR_6695838185,420,3,-3,28,2,-4,0,4,1,2,1,6,7,1,-1,3,4,0,2,2,-1,5,-4,-5,10,5,3,0,1,1,-1,1,-1,3,1
KR_6728161197,420,2,16,-12,2,-2,1,3,2,3,1,2,3,1,-2,2,4,2,3,1,0,4,-5,-2,5,3,6,0,-1,1,-1,-1,1,1,1
KR_6758349265,420,3,43,-3,5,0,3,3,4,7,3,1,1,0,0,1,1,0,2,2,0,4,-1,5,4,9,-2,0,1,-1,1,1,1,5,1
KR_6719352972,420,-3,-45,0,0,-1,1,2,3,6,3,-2,0,2,-2,1,3,2,2,0,1,-4,125,1,2,3,-3,0,1,1,1,1,1,2,1
KR_6765542332,420,2,55,-13,9,2,3,1,0,5,5,7,7,0,0,2,2,0,2,2,0,2,-3,-3,6,3,0,0,2,1,1,1,1,5,1
KR_6758508186,420,-2,50,16,-1,0,0,0,-2,0,2,0,4,4,1,3,2,0,0,0,0,-2,-32,1,9,10,-3,0,0,1,-1,-1,-1,3,1
KR_6680799225,420,3,91,-9,8,-1,1,2,7,9,2,-1,1,2,2,6,4,1,3,2,0,2,-12,-6,13,7,8,0,0,0,0,0,1,0,1
KR_6694106164,420,0,3,29,1,5,6,1,-3,2,5,0,1,1,-1,0,1,0,0,0,0,2,-29,2,6,8,-1,0,2,1,1,1,-1,5,1
KR_6761730653,420,1,48,3,2,-5,1,6,2,4,2,0,2,2,4,7,3,1,2,1,1,7,14,7,5,12,-8,0,2,-1,-1,1,1,2,1
KR_6747334073,420,0,-94,-36,2,-2,0,2,0,3,3,-2,1,3,2,3,1,4,4,0,0,7,13,0,5,5,-1,0,0,-1,-1,1,1,5,1
KR_6767129186,420,0,5,-4,2,-1,0,1,2,4,2,0,2,2,1,4,3,0,0,0,0,8,-48,1,8,9,-3,0,0,1,-1,-1,1,5,1
KR_6695645468,420,3,1,20,8,2,4,2,8,10,2,1,1,0,0,4,4,-3,1,4,1,11,2,-2,6,4,4,0,1,1,-1,1,1,4,1
KR_6694872813,420,4,52,22,6,-7,0,7,5,5,0,5,5,0,2,3,1,1,1,0,1,13,19,0,9,9,1,0,1,1,1,1,1,1,1
KR_6764916969,420,0,-19,-10,1,0,2,2,0,1,1,0,0,0,1,3,2,0,0,0,1,2,-1,-2,9,7,8,0,0,1,-1,0,1,5,1
KR_6757158226,420,0,19,26,2,1,5,4,1,3,2,1,3,2,1,1,0,-2,0,2,0,-2,44,0,7,7,-3,0,0,1,1,1,-1,1,1
KR_6753522755,420,4,25,-3,1,-3,1,4,4,5,1,-1,1,2,4,4,0,-3,1,4,0,11,6,1,6,7,0,0,1,-1,-1,-1,1,6,1
KR_6644698284,420,7,44,59,10,5,6,1,-1,1,2,6,6,0,-1,1,2,1,1,0,0,5,1,5,2,7,7,0,1,1,-1,1,1,1,1
KR_6656601530,420,4,34,31,10,1,4,3,-1,4,5,0,2,2,6,9,3,4,5,1,-2,7,4,4,3,7,2,0,2,-1,1,1,-1,1,1
KR_6746622096,420,3,56,-29,6,1,2,1,6,6,0,0,2,2,-1,0,1,0,1,1,0,7,-11,-1,3,2,-1,0,0,-1,1,0,-1,4,1
KR_6764312808,420,4,45,51,0,-7,0,7,4,4,0,0,2,2,-1,0,1,4,4,0,-1,3,-5,-6,10,4,-7,0,3,-1,1,1,-1,4,1
KR_6664137113,420,11,54,56,16,9,9,0,1,2,1,2,6,4,3,8,5,1,2,1,-2,8,4,4,4,8,-4,0,2,1,1,1,-1,5,1
KR_6680637723,420,-1,-27,4,7,1,2,1,1,3,2,4,6,2,1,4,3,0,0,0,0,10,-1,2,4,6,-2,0,0,1,1,1,1,4,1
KR_6768056177,420,-3,0,17,-8,-6,0,6,1,3,2,1,2,1,-4,1,5,0,1,1,0,-3,-1,-4,8,4,-4,0,-1,1,-1,-1,-1,2,1
KR_6762492087,420,1,23,12,6,-3,0,3,5,6,1,7,7,0,-4,2,6,1,1,0,0,5,24,-3,4,1,-5,0,2,1,1,1,1,2,1
KR_6736620685,420,4,105,12,11,4,7,3,7,12,5,-1,0,1,1,4,3,0,2,2,2,13,6,-1,7,6,-1,0,3,1,1,1,1,1,1
KR_6716769654,420,0,-10,3,0,0,4,4,-3,2,5,2,4,2,0,5,5,1,2,1,0,0,7,4,6,10,-2,0,-3,1,-1,-1,-1,5,1
KR_6656730994,420,5,21,28,18,1,3,2,5,8,3,3,5,2,5,5,0,4,5,1,1,16,21,-4,7,3,4,0,2,1,1,1,-1,1,1
KR_6765513119,420,3,17,0,6,1,3,2,-1,3,4,4,6,2,2,5,3,0,0,0,0,7,22,4,4,8,-2,0,1,1,-1,1,1,3,1
KR_6767896322,420,2,71,-2,4,1,2,1,6,7,1,-3,1,4,-1,1,2,1,1,0,0,4,-4,-2,7,5,1,0,0,1,1,0,1,3,1
KR_6748594027,420,2,-2,29,3,4,4,0,-1,0,1,-3,1,4,0,4,4,3,3,0,0,3,-9,-2,6,4,3,0,0,1,1,1,-1,1,1
KR_6668113213,420,4,57,-10,4,0,0,0,3,5,2,-2,1,3,3,3,0,0,0,0,0,7,16,1,4,5,2,0,1,-1,1,1,-1,1,1
KR_6762002401,420,3,46,44,-4,-1,1,2,0,4,4,-4,0,4,0,3,3,1,2,1,0,4,-111,0,8,8,2,0,0,1,1,0,-1,4,1
KR_6762858659,420,2,47,8,11,1,1,0,7,10,3,-3,4,7,9,11,2,-3,0,3,0,12,-115,5,4,9,4,0,1,0,-1,1,-1,0,1
KR_6744111585,440,-2,30,8,-5,-3,0,3,0,2,2,0,2,2,-2,0,2,0,5,5,0,-3,25,1,6,7,-8,0,1,-1,1,1,1,1,1
KR_6694540954,420,5,88,15,17,6,6,0,3,6,3,6,6,0,2,3,1,0,2,2,2,24,6,6,3,9,-3,0,1,1,1,1,1,5,1
KR_6734511048,420,2,32,35,-4,0,1,1,1,3,2,1,2,1,-5,0,5,-1,0,1,0,-13,17,-3,5,2,-2,0,0,-1,-1,0,-1,6,1
KR_6761235180,420,5,50,19,9,0,0,0,1,1,0,1,1,0,3,5,2,4,5,1,0,9,2,2,5,7,0,0,0,1,-1,1,1,3,1
KR_6760222856,420,3,-34,21,7,2,2,0,-1,0,1,1,3,2,5,6,1,0,0,0,0,8,-6,1,6,7,3,0,0,1,1,0,1,4,1
KR_6620699135,420,1,9,2,-1,3,5,2,-4,2,6,0,1,1,2,3,1,-2,0,2,0,-6,248,1,3,4,1,0,0,-1,1,1,-1,3,1
KR_6644487105,420,1,35,55,1,1,3,2,2,5,3,0,3,3,-3,1,4,1,1,0,3,9,3,0,7,7,-3,0,1,1,1,1,1,2,1
KR_6665265634,420,3,-10,10,1,-2,0,2,0,5,5,-2,4,6,5,5,0,0,1,1,0,7,-3,0,6,6,8,0,0,1,-1,-1,-1,3,1
KR_6668236796,420,0,30,-27,9,-3,1,4,2,2,0,1,3,2,7,8,1,2,2,0,0,15,-3,1,6,7,-1,0,2,1,1,1,1,1,1
KR_6677260374,420,-1,-24,3,-1,-1,2,3,-1,1,2,-1,0,1,0,1,1,2,2,0,0,-2,-111,-1,6,5,0,0,0,1,-1,-1,-1,5,1
KR_6766599856,420,4,121,-2,10,0,1,1,1,2,1,5,5,0,7,8,1,-3,0,3,0,13,-41,2,3,5,25,0,4,1,-1,1,1,3,1
KR_6758545343,420,1,55,11,10,1,2,1,2,3,1,0,3,3,5,8,3,2,3,1,0,20,43,-2,5,3,3,0,2,1,1,1,1,1,1
KR_6751690725,420,3,1,-4,7,3,5,2,0,3,3,2,2,0,2,3,1,0,1,1,1,4,18,-1,8,7,-1,0,0,1,1,1,1,2,1
KR_6745905137,420,-2,-50,-28,3,-1,4,5,2,4,2,2,2,0,2,4,2,-2,2,4,0,12,235,4,3,7,-17,0,-1,-1,1,-1,1,5,1
KR_6639315315,420,3,64,36,6,1,1,0,4,6,2,2,2,0,-1,2,3,0,0,0,0,5,18,3,4,7,-1,0,0,-1,1,1,-1,6,1
KR_6692526713,420,2,19,21,0,-3,1,4,1,4,3,-1,1,2,4,5,1,-1,0,1,0,1,3,2,4,6,3,0,1,1,-1,1,1,5,1
KR_6668391088,420,2,11,-6,3,5,6,1,-1,3,4,1,3,2,0,2,2,-2,1,3,0,3,0,3,3,6,-3,0,2,-1,1,1,1,6,1
KR_6737701831,440,6,29,30,15,3,3,0,1,3,2,3,4,1,4,7,3,4,5,1,0,23,15,-1,3,2,3,0,2,1,0,1,1,3,1
KR_6728977094,420,2,55,16,6,2,2,0,4,8,4,1,2,1,-1,0,1,0,1,1,0,5,40,-2,6,4,-1,0,3,1,1,1,-1,3,1
KR_6761577908,420,3,48,12,3,-1,2,3,2,3,1,3,4,1,0,1,1,-1,0,1,0,-2,-104,1,5,6,-7,0,0,-1,1,1,1,3,1
KR_6762678131,420,0,11,6,-4,1,1,0,0,2,2,1,2,1,-4,5,9,-2,0,2,0,-9,-7,-2,6,4,0,0,0,-1,1,1,-1,6,1
KR_6711366564,420,5,67,5,8,7,7,0,-1,2,3,3,4,1,2,3,1,-3,0,3,-1,9,-28,5,3,8,-4,0,3,1,1,1,-1,2,1
KR_6751942639,420,0,48,-16,-1,-1,3,4,-2,0,2,-2,0,2,5,6,1,-1,0,1,0,1,18,1,6,7,-3,0,1,-1,1,1,1,5,1
KR_6674598908,420,0,-39,-52,12,-2,4,6,7,7,0,2,3,1,6,7,1,-1,3,4,1,23,-5,2,4,6,0,0,0,-1,-1,-1,1,2,1
KR_6755585473,420,-1,-3,9,1,6,6,0,1,6,5,1,5,4,-7,0,7,0,1,1,0,-13,-16,6,3,9,-1,0,0,-1,1,-1,1,4,1
KR_6429075333,420,5,17,23,16,2,2,0,7,9,2,2,5,3,5,5,0,0,1,1,0,13,4,2,5,7,6,0,1,1,-1,1,1,4,1
KR_6738457395,440,2,47,-28,4,1,3,2,0,3,3,2,3,1,5,6,1,-4,0,4,0,10,-3,2,5,7,1,0,0,-1,-1,1,-1,2,1
KR_6765702724,440,1,13,1,6,2,2,0,7,8,1,-1,4,5,-3,2,5,1,3,2,2,12,3,3,3,6,-2,0,1,-1,1,1,1,2,1
KR_6762799780,420,1,-22,0,5,1,1,0,3,4,1,3,4,1,-3,1,4,1,2,1,-1,7,-3,-3,7,4,0,0,-1,1,-1,-1,-1,5,1
KR_6761790774,420,-3,41,-27,-7,-5,0,5,-2,3,5,-2,2,4,1,3,2,1,1,0,-1,-4,3,2,5,7,-1,0,-2,-1,-1,-1,-1,2,1
KR_6762620332,420,-2,24,10,-8,0,0,0,5,5,0,0,1,1,-12,0,12,-1,1,2,0,-14,3,2,5,7,0,0,-1,-1,-1,-1,-1,5,1
KR_6767488872,440,3,27,20,5,0,3,3,1,3,2,-3,1,4,7,7,0,0,0,0,0,15,1,2,4,6,5,0,2,1,1,1,-1,6,1
KR_6697851905,420,3,74,-23,14,3,4,1,3,4,1,5,5,0,0,3,3,3,3,0,0,28,8,4,3,7,-2,0,1,1,-1,1,1,3,1
KR_6737864881,420,2,11,31,11,1,3,2,3,4,1,7,7,0,0,5,5,0,0,0,0,9,1,2,4,6,3,0,0,-1,1,1,-1,5,1
KR_6694718028,420,0,-6,33,1,1,2,1,0,3,3,-2,3,5,2,2,0,0,3,3,0,-4,2,0,7,7,-1,0,0,1,1,1,1,3,1
KR_6744088717,440,2,36,23,6,0,1,1,1,1,0,5,7,2,0,0,0,0,0,0,0,10,-1,-3,7,4,9,0,1,-1,-1,1,1,6,1
KR_6766861306,420,2,59,9,1,-2,0,2,-1,5,6,1,1,0,2,4,2,1,1,0,0,-1,7,1,6,7,5,0,2,1,1,1,1,4,1
KR_6726191470,420,3,29,-7,5,3,4,1,-4,0,4,1,1,0,2,3,1,3,3,0,1,6,32,0,4,4,2,0,0,1,1,1,1,3,1
KR_6740749008,420,1,88,8,-2,-1,1,2,4,6,2,-1,1,2,-3,1,4,-1,2,3,-2,-7,107,-4,10,6,6,0,1,1,-1,1,-1,5,1
KR_6687505152,420,1,9,42,-6,0,1,1,0,2,2,-7,1,8,0,2,2,1,3,2,0,-5,-1,4,4,8,3,0,0,1,1,0,1,2,1
KR_6756355457,420,4,22,24,3,0,1,1,-1,4,5,2,3,1,-2,2,4,4,5,1,0,-2,-26,0,6,6,2,0,0,1,-1,0,-1,3,1
KR_6749392041,420,4,61,-10,10,1,2,1,1,3,2,-1,2,3,6,7,1,3,3,0,0,11,-232,1,6,7,2,0,1,-1,1,1,-1,1,1
KR_6716395841,420,6,70,33,5,4,5,1,2,6,4,0,0,0,-5,2,7,4,4,0,0,10,-24,-2,10,8,6,0,1,1,-1,1,-1,1,1
KR_6605794845,420,2,67,11,5,1,3,2,5,5,0,1,2,1,1,2,1,-3,0,3,-1,0,6,1,3,4,-1,0,0,1,1,0,-1,4,1
KR_6767985669,420,2,25,-16,-1,1,3,2,2,4,2,-2,2,4,-2,5,7,0,0,0,-1,-3,-6,-1,10,9,1,0,-1,1,-1,-1,-1,3,1
KR_6767909657,420,0,-15,9,3,-1,3,4,1,2,1,0,2,2,2,3,1,1,1,0,0,8,3,4,4,8,-1,0,0,-1,1,0,1,1,1
KR_6729678403,420,0,19,-8,-7,3,3,0,0,1,1,-7,1,8,0,2,2,-3,0,3,0,2,3,0,3,3,4,0,0,-1,1,0,-1,5,1
KR_6755787594,420,-3,-43,25,-7,-2,1,3,-2,2,4,-1,1,2,1,2,1,-3,0,3,0,-9,-8,-1,6,5,-2,0,0,1,-1,0,-1,6,1
KR_6584957337,420,3,31,14,2,-2,1,3,3,5,2,-3,0,3,4,4,0,0,1,1,0,8,-12,-6,8,2,3,0,0,-1,-1,0,-1,4,1
KR_6759839908,420,2,12,24,1,3,3,0,3,5,2,-6,1,7,3,3,0,-2,1,3,0,-1,153,-2,7,5,6,0,1,1,-1,1,-1,1,1
KR_6662738945,420,1,16,-4,1,0,2,2,3,6,3,0,2,2,1,3,2,-3,1,4,0,-4,-3,0,4,4,3,0,0,-1,0,0,1,2,1
KR_6724154380,440,-2,36,-20,-4,-1,0,1,-2,5,7,0,1,1,0,4,4,-1,0,1,0,-6,2,2,4,6,-3,0,-1,1,-1,-1,1,4,1
KR_6659344391,420,0,-9,4,10,-2,0,2,-1,1,2,10,11,1,-1,2,3,4,6,2,0,11,8,0,8,8,2,0,0,1,-1,0,1,5,1
KR_6683694863,420,-2,-21,4,-5,-3,1,4,-2,1,3,-1,3,4,0,3,3,1,5,4,-1,2,-9,4,8,12,9,0,0,1,-1,0,1,1,1
KR_6751956203,420,1,40,28,-1,2,3,1,-1,1,2,1,4,3,-3,1,4,0,1,1,0,-10,-3,-1,3,2,3,0,0,-1,0,0,1,2,1
KR_6764686048,420,3,-7,31,6,0,2,2,2,4,2,2,3,1,1,2,1,1,3,2,1,7,8,4,3,7,1,0,0,1,1,1,1,2,1
KR_6721174559,420,1,30,24,4,1,4,3,-1,5,6,4,5,1,1,6,5,-1,0,1,0,12,7,2,6,8,3,0,0,1,1,-1,-1,6,1
KR_6639063751,420,1,93,9,9,1,2,1,6,7,1,3,3,0,0,2,2,-1,0,1,0,12,7,5,5,10,-2,0,0,1,1,0,1,6,1
KR_6686866040,420,7,-2,41,16,1,2,1,7,8,1,4,6,2,0,1,1,4,4,0,0,20,44,3,3,6,2,0,1,1,1,1,1,3,1
KR_6721577317,420,3,64,4,9,3,4,1,-1,2,3,2,4,2,3,5,2,2,4,2,0,7,19,2,4,6,1,0,1,-1,1,1,-1,6,1
KR_6619969402,420,-1,-7,-11,-4,3,4,1,-5,0,5,0,2,2,0,2,2,-2,0,2,0,-12,234,-4,9,5,2,0,-1,1,1,-1,1,5,1
KR_6763310346,440,1,101,-8,-7,2,3,1,-3,1,4,-2,4,6,-4,1,5,0,2,2,0,-8,-4,-2,6,4,2,0,0,0,-1,-1,-1,0,1
KR_6725984541,420,1,76,4,6,6,6,0,-3,5,8,0,3,3,4,4,0,-1,0,1,0,-7,-7,4,5,9,6,0,0,-1,1,1,1,4,1
KR_6765765193,420,0,52,-27,0,3,3,0,-1,3,4,-3,2,5,2,4,2,-1,0,1,0,2,2,-5,8,3,3,0,2,-1,1,1,-1,4,1
KR_6674919661,420,2,-1,5,2,0,3,3,3,4,1,3,4,1,-4,1,5,0,3,3,0,7,4,-3,8,5,-2,0,1,-1,1,1,-1,4,1
KR_6669705829,420,5,79,-1,9,10,10,0,-2,4,6,-2,0,2,2,5,3,1,1,0,0,-4,4,1,7,8,-6,0,1,-1,1,1,1,5,1
KR_6586768481,420,2,40,-23,0,2,3,1,-6,0,6,0,1,1,2,3,1,2,2,0,0,-1,23,-7,10,3,4,0,0,1,-1,0,-1,3,1
KR_6739633754,420,1,-2,7,-1,0,0,0,-6,1,7,-1,2,3,4,4,0,2,2,0,0,4,-9,-1,11,10,0,0,1,-1,1,1,1,5,1
KR_6765337461,420,1,-11,12,1,3,3,0,-3,0,3,-1,1,2,5,6,1,-3,0,3,0,5,-25,1,4,5,2,0,-1,1,1,-1,-1,2,1
KR_6735323146,420,3,57,6,9,2,2,0,3,7,4,5,5,0,-2,2,4,1,1,0,0,6,3,0,4,4,4,0,2,1,1,1,1,1,1
KR_6694252958,420,3,42,27,3,4,8,4,0,1,1,-2,0,2,1,2,1,0,0,0,0,5,21,-3,8,5,0,0,0,1,-1,-1,-1,1,1
KR_6689979738,420,1,59,28,3,-4,0,4,5,7,2,-3,2,5,0,1,1,5,5,0,-2,6,-1,-1,4,3,4,0,0,-1,1,1,-1,5,1
KR_6684944222,420,-4,-52,2,-10,0,1,1,-2,1,3,-3,0,3,-4,0,4,-1,1,2,-1,-15,310,-7,7,0,1,0,-1,-1,-1,-1,-1,3,1
KR_6634389373,440,1,-41,24,0,-1,2,3,-3,3,6,-2,0,2,2,4,2,4,6,2,0,2,7,-2,6,4,-2,0,1,1,1,1,-1,2,1
KR_6696446968,420,1,-15,29,0,-2,2,4,2,3,1,1,2,1,-1,0,1,0,1,1,0,5,1,3,5,8,-3,0,0,-1,-1,0,-1,5,1
KR_6759420747,420,1,-103,1,-2,-3,0,3,4,5,1,1,2,1,-3,0,3,-1,0,1,0,-4,6,-3,6,3,-1,0,-1,-1,1,-1,-1,1,1
KR_6767893389,420,1,28,-31,2,2,3,1,-4,1,5,0,2,2,2,3,1,2,4,2,-1,2,-4,-3,8,5,0,0,1,-1,-1,1,-1,2,1
KR_6756858373,440,0,-34,-4,-1,-2,3,5,-6,1,7,0,0,0,5,5,0,2,2,0,0,4,-17,0,3,3,-1,0,1,0,0,1,-1,0,1
KR_6750422683,420,1,35,20,-2,5,5,0,1,6,5,-1,2,3,-4,3,7,-3,0,3,1,-10,-12,0,5,5,8,0,2,-1,1,1,1,5,1
KR_6744676176,420,6,27,11,18,3,5,2,-1,3,4,4,4,0,9,11,2,3,3,0,0,14,1,-4,8,4,4,0,0,1,1,1,1,1,1
KR_6703953814,420,4,111,22,6,5,5,0,0,5,5,-1,3,4,2,4,2,0,1,1,0,-1,8,3,4,7,0,0,3,-1,-1,1,1,3,1
KR_6753006968,420,4,64,0,1,2,4,2,-2,6,8,1,4,3,-1,0,1,1,2,1,-1,-5,3,2,5,7,-1,0,2,-1,-1,1,-1,1,1
KR_6748606741,420,2,18,-15,5,4,5,1,3,3,0,1,3,2,-3,1,4,0,2,2,0,5,10,-1,11,10,-6,0,-1,1,-1,-1,1,4,1
KR_6601290362,420,0,-31,24,1,-2,0,2,0,4,4,0,3,3,5,7,2,-2,0,2,0,3,3,1,5,6,-3,0,-1,1,-1,-1,1,3,1
KR_6765824068,420,-2,-52,-29,-6,2,3,1,1,1,0,-4,1,5,-2,1,3,-3,2,5,0,-1,3,-1,5,4,2,0,0,-1,1,-1,1,5,1
KR_6756566905,420,3,84,-14,0,1,1,0,0,3,3,-2,2,4,0,6,6,1,2,1,2,-1,-2,1,3,4,3,0,2,1,-1,1,1,5,1
KR_6760709922,420,2,64,13,4,-3,1,4,1,3,2,4,4,0,1,2,1,1,1,0,1,0,22,3,4,7,6,0,2,1,1,1,1,1,1
KR_6730847569,420,0,10,12,2,-1,1,2,2,4,2,1,1,0,0,1,1,0,0,0,0,7,-25,2,4,6,4,0,0,1,0,0,-1,2,1
KR_6693504359,420,2,14,60,6,-3,1,4,6,7,1,1,4,3,1,6,5,1,2,1,0,6,-1,4,3,7,5,0,0,1,1,0,1,3,1
KR_6747796536,420,3,32,-21,8,1,1,0,7,9,2,-2,1,3,3,3,0,-1,0,1,1,8,10,8,2,10,-4,0,1,1,-1,1,1,4,1
KR_6752590010,420,3,72,9,8,-2,0,2,0,1,1,5,5,0,2,3,1,3,3,0,0,8,-9,-3,8,5,3,0,1,1,1,1,-1,1,1
KR_6728031683,420,0,48,0,4,1,4,3,4,4,0,-1,2,3,0,3,3,0,0,0,0,1,8,4,2,6,-4,0,0,0,-1,-1,1,0,1
KR_6676742348,440,4,68,35,6,0,3,3,4,5,1,1,2,1,2,5,3,-1,1,2,0,15,7,5,1,6,-2,0,1,1,1,1,1,3,1
KR_6670550678,420,4,40,32,10,2,2,0,-2,2,4,6,9,3,5,6,1,-1,1,2,0,10,-13,-5,10,5,9,0,1,1,1,1,1,3,1
KR_6748508490,420,4,53,20,4,1,3,2,0,4,4,0,3,3,3,4,1,0,1,1,0,2,-110,0,8,8,-1,0,0,-1,1,1,-1,1,1
KR_6749731175,420,3,10,12,12,2,2,0,9,10,1,-5,1,6,7,9,2,-1,0,1,1,27,15,7,3,10,-18,0,3,1,1,1,1,4,1
KR_6756025791,420,1,-17,19,4,2,4,2,-2,4,6,0,0,0,4,4,0,0,0,0,0,-4,-51,0,4,4,19,0,-1,1,1,-1,1,2,1
KR_6716759554,440,1,-1,-25,10,4,5,1,-2,1,3,1,1,0,4,4,0,3,4,1,1,12,7,0,7,7,-5,0,0,-1,-1,1,1,2,1
KR_6680487383,420,0,32,22,1,1,2,1,6,6,0,2,3,1,-3,3,6,-5,0,5,0,3,3,-2,5,3,1,0,-1,1,-1,-1,1,1,1
KR_6679621558,420,-2,-34,20,-2,2,4,2,-1,1,2,-6,1,7,1,5,4,2,4,2,2,-4,-5,-2,5,3,-3,0,1,-1,1,1,1,5,1
KR_6747587761,420,4,-1,15,8,0,1,1,3,3,0,-1,1,2,6,8,2,0,0,0,0,17,11,1,7,8,-4,0,0,1,-1,1,1,5,1
KR_6764511982,420,0,15,-27,8,2,4,2,0,4,4,-3,1,4,7,7,0,2,3,1,0,11,-292,-1,8,7,6,0,1,-1,1,1,1,1,1
KR_6677878817,420,-3,-51,32,-14,-2,0,2,-5,4,9,-1,3,4,-5,1,6,-1,0,1,-1,-17,-4,-2,6,4,-3,0,0,-1,1,0,-1,2,1
KR_6728614893,420,-1,-41,12,-1,-2,2,4,0,2,2,-1,1,2,3,3,0,-1,0,1,0,-2,6,-1,4,3,-1,0,0,-1,1,0,1,1,1
KR_6656168406,420,6,56,3,20,7,7,0,1,4,3,4,4,0,4,4,0,4,4,0,0,13,-31,2,4,6,10,0,2,1,1,1,1,2,1
KR_6669669233,420,2,-25,33,6,-3,0,3,2,5,3,10,11,1,-3,3,6,0,2,2,0,5,115,-2,7,5,6,0,-1,1,-1,-1,-1,1,1
KR_6700179530,440,5,60,33,10,0,1,1,2,3,1,-1,0,1,6,6,0,3,5,2,0,12,4,7,4,11,1,0,0,-1,1,1,1,1,1
KR_6620453250,420,0,-6,16,5,4,6,2,-1,4,5,-2,0,2,4,4,0,0,0,0,0,11,-4,3,5,8,1,0,0,1,1,0,-1,3,1
KR_6764931394,420,6,52,40,13,-1,1,2,3,4,1,1,2,1,7,7,0,3,3,0,0,14,8,2,5,7,-3,0,1,1,-1,1,-1,3,1
KR_6735916824,420,0,39,17,1,1,3,2,2,6,4,1,4,3,-4,0,4,1,2,1,0,2,-10,-1,8,7,0,0,0,-1,1,0,1,2,1
KR_6664837706,420,1,1,7,4,-3,0,3,6,7,1,1,2,1,-2,0,2,2,2,0,0,2,-56,-2,5,3,29,0,0,1,-1,0,-1,3,1
KR_6664052925,420,-1,3,-29,0,1,1,0,-4,2,6,-1,2,3,3,6,3,1,1,0,0,-2,14,4,9,13,-5,0,1,1,1,1,-1,4,1
KR_6712064587,420,5,1,28,15,6,7,1,2,3,1,-1,4,5,7,8,1,1,1,0,3,19,7,8,2,10,-4,0,1,1,1,1,1,2,1
KR_6679638265,420,2,44,-8,0,1,2,1,-4,1,5,-2,4,6,4,5,1,1,2,1,0,1,7,-1,5,4,1,0,0,1,-1,0,1,5,1
KR_6767937199,420,-1,25,-32,-1,0,1,1,-3,1,4,2,2,0,-2,0,2,2,2,0,0,0,4,-4,8,4,4,0,1,1,1,1,1,6,1
KR_6749452657,420,4,19,12,14,3,3,0,4,7,3,1,6,5,3,4,1,3,3,0,0,10,0,3,3,6,0,0,2,0,-1,1,-1,0,1
KR_6686021685,420,8,146,61,17,5,7,2,3,3,0,2,2,0,3,4,1,4,5,1,0,13,3,1,5,6,3,0,1,1,1,1,1,2,1
KR_6753537216,420,0,-37,5,4,-3,1,4,3,6,3,0,2,2,4,4,0,0,0,0,0,12,2,-1,4,3,6,0,0,1,1,-1,1,4,1
KR_6757707250,420,-2,-28,8,-7,-8,0,8,0,3,3,6,7,1,-4,0,4,-1,1,2,2,3,-99,-3,7,4,2,0,0,-1,1,0,1,6,1
KR_6764435547,440,4,26,-11,7,-1,1,2,4,4,0,0,1,1,3,7,4,1,2,1,0,5,4,7,3,10,-4,0,2,1,1,1,1,6,1
KR_6753987725,420,4,47,9,0,5,5,0,4,5,1,-3,1,4,-5,1,6,-1,0,1,0,-10,-4,-2,7,5,-1,0,1,-1,1,1,-1,3,1
KR_6756175927,420,-4,-10,4,-9,1,2,1,-8,2,10,-4,2,6,2,4,2,0,0,0,0,-7,-7,-1,9,8,6,0,0,-1,1,0,1,5,1
KR_6669092520,420,2,1,-10,5,5,5,0,3,3,0,-2,1,3,-1,1,2,0,0,0,0,-2,0,-1,5,4,-1,0,0,-1,1,1,1,2,1
KR_6764617205,420,6,56,31,-1,-2,0,2,2,5,3,0,1,1,-1,3,4,0,0,0,0,-1,-7,-1,6,5,10,0,1,-1,-1,1,-1,2,1
KR_6765045118,420,-1,29,2,2,0,1,1,4,5,1,2,4,2,-3,4,7,-1,1,2,2,5,18,-1,4,3,4,0,0,1,-1,0,1,5,1
KR_6749892146,420,-3,-35,-20,-5,1,4,3,-4,2,6,-4,1,5,1,5,4,1,1,0,-1,-5,16,-3,6,3,-1,0,-1,-1,-1,-1,-1,5,1
KR_6747741869,420,1,-26,-2,3,1,3,2,-1,0,1,0,1,1,2,2,0,1,2,1,0,4,15,-3,8,5,0,0,1,1,-1,1,1,5,1
KR_6765844870,440,2,35,-28,6,0,0,0,4,7,3,1,3,2,2,2,0,-1,1,2,0,8,43,2,5,7,-19,0,1,1,1,1,-1,2,1
KR_6688065120,420,2,-29,20,5,-1,1,2,3,3,0,3,3,0,-4,0,4,4,5,1,0,3,7,1,5,6,3,0,1,1,1,1,-1,3,1
KR_6655286337,420,2,3,1,0,1,2,1,0,1,1,-2,2,4,1,4,3,0,2,2,-2,-3,0,2,5,7,5,0,0,-1,1,1,-1,6,1
KR_6767581203,420,5,23,36,6,3,3,0,2,3,1,-2,3,5,3,3,0,0,0,0,0,7,5,-2,7,5,6,0,0,1,-1,-1,1,2,1
KR_6725561342,420,-2,13,4,-6,3,4,1,-5,1,6,-2,0,2,-1,5,6,-1,2,3,0,-11,-17,3,3,6,0,0,0,-1,1,1,1,6,1
KR_6750008899,420,2,5,15,7,6,7,1,5,5,0,3,4,1,-4,2,6,-3,0,3,0,2,3,-5,11,6,-2,0,1,-1,-1,1,-1,5,1
KR_6724638286,420,0,49,12,6,2,3,1,1,5,4,7,9,2,-4,0,4,0,1,1,0,0,-113,1,5,6,3,0,1,-1,1,1,1,6,1
KR_6745919981,420,-1,33,-28,2,1,3,2,0,2,2,-1,1,2,2,4,2,0,0,0,0,7,-9,-3,6,3,-1,0,1,-1,-1,1,1,3,1
KR_6699694507,420,5,75,4,13,2,3,1,3,4,1,3,3,0,3,5,2,2,2,0,0,19,-8,5,3,8,1,0,2,1,1,1,-1,2,1
KR_6656476303,420,2,1,4,4,1,2,1,6,6,0,-2,2,4,-3,2,5,2,2,0,0,14,-20,0,5,5,2,0,0,-1,1,-1,-1,3,1
KR_6765279326,420,0,-8,-4,-5,-6,0,6,0,1,1,1,2,1,0,1,1,0,0,0,0,-2,-28,3,6,9,3,0,-1,1,-1,-1,-1,1,1
KR_6679189183,420,3,0,9,8,3,5,2,1,5,4,5,8,3,0,4,4,-1,0,1,0,6,32,-4,12,8,0,0,2,-1,-1,1,-1,5,1
KR_6608577399,420,6,69,3,18,4,4,0,3,8,5,4,4,0,5,7,2,2,2,0,0,22,29,2,4,6,-1,0,1,-1,1,1,-1,2,1
KR_6658257432,420,0,-48,0,1,1,1,0,0,4,4,0,3,3,0,3,3,0,0,0,0,-1,8,12,3,15,-3,0,0,1,-1,0,-1,4,1
KR_6606099792,420,-1,2,-34,-1,-1,2,3,-1,1,2,2,3,1,0,1,1,-1,0,1,1,-1,-2,-4,8,4,2,0,0,-1,-1,-1,1,1,1
KR_6766416276,420,4,33,-11,8,-2,1,3,4,5,1,2,3,1,5,6,1,-1,0,1,0,13,5,4,4,8,-10,0,0,1,1,0,-1,1,1
KR_6699493965,420,3,42,16,3,2,4,2,2,6,4,-1,1,2,2,3,1,-2,0,2,-1,3,-1,1,5,6,-1,0,0,1,1,0,-1,2,1
KR_6767518726,420,1,-17,8,3,5,6,1,-5,0,5,-2,2,4,4,6,2,1,1,0,0,0,3,4,3,7,-1,0,2,1,1,1,-1,3,1
KR_6707701063,440,-3,-104,-4,0,-4,1,5,-5,2,7,0,2,2,8,10,2,1,3,2,0,-5,7,4,2,6,-3,0,-2,0,-1,-1,1,0,1
KR_6688303223,420,5,23,0,14,4,4,0,-3,0,3,9,9,0,5,6,1,-1,1,2,0,14,-1,1,3,4,1,0,0,-1,1,1,1,2,1
KR_6763925144,420,-1,-40,6,-2,-1,0,1,2,3,1,2,4,2,-1,1,2,-4,0,4,0,-2,4,0,5,5,-1,0,-1,1,-1,-1,1,4,1
KR_6761762474,440,5,64,2,8,1,1,0,9,9,0,-1,1,2,-2,3,5,1,1,0,0,17,17,0,6,6,6,0,0,1,0,1,1,1,1
KR_6702897509,420,0,-45,33,-3,0,0,0,0,1,1,-3,0,3,0,3,3,0,0,0,0,-4,114,-4,6,2,7,0,0,-1,1,0,-1,3,1
KR_6720504402,420,-1,23,4,-4,1,2,1,-10,0,10,1,3,2,0,3,3,4,4,0,0,0,-19,2,3,5,2,0,0,-1,1,0,-1,5,1
KR_6745990360,420,4,-10,-4,11,1,2,1,1,2,1,6,7,1,3,8,5,0,1,1,0,10,-1,0,4,4,-6,0,-1,1,1,-1,-1,6,1
KR_6729484822,420,2,-12,16,0,0,0,0,0,3,3,3,4,1,-2,0,2,-1,1,2,0,-1,12,2,3,5,-7,0,0,1,1,-1,1,2,1
KR_6766232419,420,1,-23,4,3,3,3,0,1,1,0,-5,0,5,3,5,2,1,1,0,0,4,14,4,5,9,-5,0,2,-1,1,1,1,6,1
KR_6740425747,420,2,-63,0,1,0,1,1,1,2,1,1,2,1,-2,6,8,1,2,1,-1,2,-2,-1,6,5,1,0,-1,1,-1,-1,-1,6,1
KR_6625075566,420,3,-7,9,7,2,3,1,2,4,2,1,2,1,1,3,2,1,2,1,0,5,-7,-2,8,6,3,0,2,1,-1,1,1,6,1
KR_6712703543,420,-1,-51,-5,-2,-2,0,2,-1,2,3,1,5,4,-1,1,2,1,3,2,0,-7,-11,2,3,5,-1,0,0,1,-1,-1,1,4,1
KR_6706786696,440,5,-8,7,8,2,4,2,3,4,1,3,7,4,0,1,1,0,2,2,0,3,0,3,3,6,1,0,0,0,-1,0,1,0,1
KR_6713162767,440,0,26,24,-7,-2,2,4,-2,3,5,2,4,2,-5,1,6,0,0,0,-1,-6,-9,-1,5,4,1,0,-1,1,0,-1,-1,2,1
KR_6656623038,420,3,7,4,3,2,3,1,0,1,1,1,3,2,-1,1,2,1,1,0,0,1,-4,-3,8,5,3,0,2,-1,1,1,1,1,1
KR_6687877495,420,-1,-32,-12,-8,-3,1,4,0,2,2,-3,2,5,-2,5,7,0,0,0,0,-21,-1,-3,12,9,-2,0,-1,1,-1,-1,-1,5,1
KR_6759695988,420,0,26,12,-6,0,0,0,1,3,2,3,6,3,-3,1,4,-7,1,8,-1,-13,-14,-4,8,4,3,0,0,1,0,1,-1,5,1
KR_6698446176,420,4,11,47,-2,-1,1,2,-2,0,2,0,0,0,2,5,3,-1,0,1,0,-6,6,-2,5,3,1,0,0,0,1,0,-1,0,1
KR_6761221385,420,3,2,24,1,3,5,2,-1,1,2,-1,3,4,2,3,1,-2,0,2,0,1,12,1,6,7,2,0,1,-1,1,1,-1,4,1
KR_6751111951,420,1,-16,28,6,2,2,0,3,5,2,-1,1,2,2,7,5,0,0,0,0,9,-8,-2,9,7,-1,0,1,1,1,1,1,2,1
KR_6758522957,420,3,-15,-8,4,0,1,1,-1,1,2,1,2,1,2,4,2,2,2,0,0,6,-16,2,4,6,-1,0,1,-1,1,1,1,5,1
KR_6602137708,420,0,-41,2,3,0,2,2,2,3,1,1,3,2,0,1,1,0,3,3,0,10,22,-6,14,8,-1,0,1,-1,1,1,1,4,1
KR_6698656356,420,1,-9,12,8,5,5,0,-2,3,5,-1,3,4,4,5,1,2,4,2,1,13,-5,1,5,6,-5,0,2,1,1,1,1,2,1
KR_6761711140,420,1,-4,46,4,-1,2,3,3,4,1,0,1,1,2,6,4,0,1,1,1,6,-6,3,4,7,0,0,0,1,1,0,1,2,1
KR_6753786254,420,0,26,0,2,2,3,1,-2,1,3,1,4,3,0,0,0,1,1,0,1,0,0,4,2,6,-1,0,0,-1,1,1,1,1,1
KR_6695989848,420,4,-20,-16,15,5,7,2,3,5,2,0,4,4,5,5,0,2,4,2,0,8,-4,5,7,12,-2,0,3,-1,1,1,1,3,1
KR_6760152976,420,6,37,44,15,3,3,0,2,2,0,6,6,0,3,4,1,1,1,0,0,12,-4,4,3,7,3,0,1,1,1,1,1,2,1
KR_6762825115,420,2,18,40,0,3,4,1,0,3,3,0,3,3,-1,3,4,-2,0,2,2,0,8,7,4,11,-2,0,1,1,1,1,1,4,1
KR_6695740312,420,1,19,13,-1,1,2,1,1,2,1,-5,2,7,2,3,1,0,0,0,0,3,-3,-2,6,4,-4,0,1,-1,1,1,-1,6,1
KR_6744567575,420,2,-14,0,-6,0,1,1,0,5,5,-4,0,4,1,3,2,-3,1,4,0,-7,-5,-6,9,3,4,0,1,-1,-1,-1,1,6,1
KR_6749480969,440,4,69,3,4,3,8,5,0,0,0,-3,1,4,4,6,2,0,4,4,-1,-2,-3,1,8,9,0,0,2,1,0,1,-1,1,1
KR_6656529497,420,-1,-6,10,0,2,2,0,0,3,3,1,1,0,-1,2,3,-2,0,2,0,-3,-2,-1,5,4,3,0,0,1,1,-1,1,5,1
KR_6696717881,420,-1,-80,16,-2,0,2,2,1,3,2,0,1,1,-2,3,5,-1,0,1,-1,6,-2,-3,8,5,5,0,1,1,-1,1,-1,6,1
KR_6753201677,420,3,-13,-1,7,0,1,1,1,3,2,2,3,1,4,4,0,0,0,0,0,16,1,2,4,6,-3,0,1,-1,1,1,1,4,1
KR_6747546954,420,0,36,7,-6,2,5,3,0,3,3,-2,2,4,-5,3,8,-1,0,1,-1,-6,-4,-7,9,2,8,0,2,1,1,1,-1,5,1
KR_6755937853,420,3,16,-23,9,-2,0,2,3,3,0,5,5,0,2,2,0,1,1,0,0,12,-19,7,2,9,18,0,1,1,1,1,1,1,1
KR_6757324430,420,3,40,20,8,-3,2,5,1,4,3,2,4,2,7,9,2,1,1,0,3,19,14,3,3,6,0,0,1,1,-1,1,1,4,1
KR_6760297685,420,5,67,12,11,1,1,0,-1,1,2,5,12,7,6,7,1,0,2,2,0,19,-20,4,4,8,6,0,2,1,1,1,1,3,1
KR_6751162912,420,-1,-3,19,-5,-1,5,6,0,4,4,-1,1,2,-3,0,3,0,0,0,-1,-13,-47,1,7,8,5,0,1,1,1,1,-1,4,1
KR_6654615176,420,0,-18,-36,0,-1,1,2,2,6,4,0,2,2,-3,1,4,2,2,0,0,9,-21,-4,10,6,37,0,-1,-1,1,1,1,6,1
KR_6706492132,420,-3,-5,-8,4,1,1,0,2,4,2,3,4,1,-1,1,2,-1,0,1,0,6,-50,4,3,7,3,0,1,-1,1,1,-1,6,1
KR_6711815126,420,1,-9,20,7,-2,2,4,5,6,1,3,3,0,4,7,3,-3,1,4,0,11,-1,0,4,4,0,0,0,1,-1,1,1,3,1
KR_6736970306,420,-3,-52,0,-2,-2,0,2,-4,1,5,1,4,3,0,1,1,3,4,1,0,-4,-1,-3,7,4,2,0,-1,1,-1,-1,1,4,1
KR_6679912999,420,3,67,-15,5,4,5,1,1,4,3,1,2,1,1,8,7,-2,0,2,0,0,10,8,2,10,0,0,2,1,1,1,1,4,1
KR_6762735616,440,3,45,15,9,1,2,1,-6,0,6,6,6,0,7,7,0,1,1,0,1,14,0,1,4,5,0,0,1,0,0,1,1,0,1
KR_6699553920,420,-1,5,-7,1,-2,1,3,-1,2,3,2,5,3,2,2,0,0,1,1,-1,-7,-5,-2,6,4,4,0,0,0,1,0,-1,0,1
KR_6763655217,440,2,66,-16,8,2,2,0,-3,3,6,0,2,2,1,5,4,8,10,2,0,10,48,1,3,4,-30,0,2,1,-1,1,-1,1,1
KR_6761339014,440,0,16,20,1,-1,2,3,1,2,1,4,4,0,-4,3,7,1,1,0,0,1,-10,-6,12,6,5,0,-1,1,0,-1,-1,5,1
KR_6606363427,420,6,53,36,14,2,2,0,5,5,0,1,1,0,6,6,0,0,0,0,2,23,0,1,6,7,5,0,2,1,-1,1,1,3,1
KR_6705635737,420,-1,2,12,-2,0,2,2,-4,0,4,0,1,1,-1,0,1,3,3,0,0,-5,-5,-4,8,4,1,0,0,1,-1,0,1,6,1
KR_6646543028,420,0,-3,-20,3,-1,1,2,-2,1,3,2,3,1,4,4,0,0,0,0,1,10,7,1,2,3,0,0,0,1,-1,0,1,2,1
KR_6767513479,420,6,47,49,10,1,1,0,4,4,0,2,2,0,3,4,1,0,0,0,0,10,-12,0,5,5,0,0,2,1,1,1,1,3,1
KR_6675611576,420,4,51,-9,13,1,4,3,0,2,2,1,1,0,12,12,0,-1,1,2,0,22,35,-3,7,4,-12,0,2,1,-1,1,1,2,1
KR_6767658873,420,1,4,4,1,-2,1,3,-1,4,5,1,2,1,3,3,0,0,1,1,1,1,16,-2,6,4,2,0,-1,1,-1,-1,1,1,1
KR_6740049751,440,-1,-18,20,-1,-1,1,2,0,5,5,-1,1,2,1,5,4,0,1,1,0,4,-10,-7,9,2,-4,0,-1,0,-1,-1,-1,0,1
KR_6623171021,420,5,40,12,8,3,4,1,1,3,2,4,4,0,1,2,1,-1,0,1,0,6,24,-4,11,7,-18,0,2,-1,-1,1,1,6,1
KR_6751891076,420,0,-49,-12,1,3,4,1,4,5,1,-8,1,9,2,4,2,0,1,1,-2,4,-8,-2,5,3,4,0,-1,1,-1,-1,-1,5,1
KR_6703418119,420,2,101,20,2,4,4,0,-1,2,3,-2,3,5,0,4,4,1,3,2,0,1,-12,-4,7,3,0,0,1,-1,-1,1,1,3,1
KR_6758048151,420,4,99,16,9,2,3,1,0,3,3,3,8,5,2,2,0,2,3,1,1,15,-4,0,6,6,-1,0,2,1,-1,1,1,6,1
KR_6736425897,420,1,-8,24,4,-4,1,5,4,6,2,2,3,1,2,4,2,0,1,1,0,0,4,2,4,6,-1,0,0,-1,1,1,-1,5,1
KR_6720288216,420,3,16,-29,7,1,4,3,-1,1,2,1,3,2,0,4,4,6,6,0,0,10,-6,-3,8,5,2,0,0,-1,-1,0,1,3,1
KR_6736601821,420,2,19,8,4,-3,2,5,0,5,5,4,6,2,1,3,2,2,3,1,0,10,17,-4,8,4,-1,0,1,1,-1,1,1,4,1
KR_6702483430,420,5,65,0,9,5,5,0,1,1,0,5,5,0,-2,0,2,0,0,0,0,11,9,4,3,7,-3,0,1,1,1,1,1,4,1
KR_6712136081,420,3,48,4,6,2,4,2,1,2,1,3,6,3,0,0,0,0,0,0,0,-3,27,-1,4,3,0,0,1,1,-1,1,1,4,1
KR_6694415661,440,2,-15,-4,12,-1,3,4,4,5,1,2,4,2,0,1,1,7,8,1,0,15,2,-3,8,5,-1,0,1,-1,-1,1,-1,3,1
KR_6739238545,420,1,-35,12,8,1,2,1,0,1,1,6,6,0,1,3,2,0,1,1,-1,6,14,4,4,8,-1,0,0,-1,1,0,-1,2,1
KR_6703764390,420,2,21,-12,5,0,1,1,1,5,4,-1,0,1,-1,4,5,6,10,4,0,11,-7,1,6,7,-1,0,2,-1,1,1,1,1,1
KR_6694040031,420,1,-8,29,0,-2,2,4,2,4,2,-3,1,4,2,2,0,1,1,0,0,4,9,-1,4,3,-1,0,0,1,-1,0,-1,3,1
KR_6748882404,420,-2,-17,-7,-1,1,1,0,-2,1,3,-2,2,4,1,2,1,1,1,0,0,-1,16,5,2,7,-1,0,0,-1,-1,0,-1,4,1
KR_6758247890,420,5,52,12,8,5,6,1,6,8,2,-3,1,4,0,2,2,0,1,1,0,5,-164,0,4,4,29,0,1,-1,1,1,-1,2,1
KR_6735305824,440,5,60,36,14,-1,2,3,8,8,0,6,7,1,2,5,3,-1,0,1,1,25,22,3,3,6,4,0,1,1,-1,1,1,2,1
KR_6602333000,420,0,19,8,-1,0,1,1,4,5,1,-2,2,4,-3,3,6,0,0,0,0,-1,-28,-2,7,5,6,0,0,-1,-1,-1,1,2,1
KR_6765080896,420,5,-6,22,10,0,2,2,-3,1,4,5,6,1,5,7,2,3,3,0,0,9,-13,3,5,8,5,0,1,1,1,1,1,3,1
KR_6765161436,420,-2,4,-33,-5,0,1,1,-5,1,6,-4,3,7,5,5,0,-1,2,3,0,0,5,2,3,5,-6,0,-2,-1,-1,-1,-1,6,1
KR_6696323055,420,2,51,41,0,-1,0,1,1,5,4,-1,2,3,3,3,0,-2,0,2,0,3,-222,2,6,8,6,0,-1,1,-1,-1,-1,6,1
KR_6717943394,420,4,-67,20,8,3,3,0,4,5,1,1,2,1,-3,1,4,3,3,0,1,15,-13,-7,10,3,5,0,1,-1,1,1,1,4,1
KR_6716724121,420,-1,11,-4,3,0,0,0,3,5,2,2,4,2,0,4,4,-2,1,3,-1,4,-5,-6,9,3,1,0,0,1,-1,0,-1,4,1
KR_6761000788,420,1,-1,22,-2,3,3,0,-1,0,1,-2,2,4,-3,3,6,1,1,0,0,-2,-9,-3,6,3,3,0,0,-1,-1,-1,-1,5,1
KR_6749558965,440,0,-31,9,0,2,4,2,0,2,2,8,8,0,-8,1,9,-2,0,2,-1,-8,14,-2,4,2,-1,0,1,1,-1,1,-1,4,1
KR_6716724869,420,0,-20,-8,-1,-1,1,2,4,4,0,-3,0,3,-1,2,3,0,0,0,0,7,1,1,3,4,-1,0,1,1,1,1,1,5,1
KR_6756197659,420,2,81,5,5,1,1,0,3,6,3,5,7,2,-2,2,4,-2,0,2,1,10,17,4,4,8,4,0,2,1,-1,1,1,3,1
KR_6690497311,420,4,22,-9,12,3,4,1,1,2,1,2,4,2,-1,0,1,7,8,1,0,0,0,-5,9,4,1,0,2,-1,1,1,-1,6,1
KR_6655378628,420,2,-15,21,3,2,3,1,1,3,2,0,3,3,-2,0,2,2,2,0,0,-1,183,-1,4,3,0,0,1,1,1,1,-1,1,1
KR_6682528875,420,-1,45,13,3,2,4,2,4,5,1,-2,2,4,-1,3,4,0,0,0,0,9,8,2,10,12,0,0,1,1,1,1,1,2,1
KR_6766691679,420,4,90,-1,6,5,6,1,-1,2,3,-1,2,3,6,6,0,-3,0,3,0,3,3,12,1,13,-1,0,1,1,1,1,1,2,1
KR_6735138107,420,-3,9,-28,0,1,1,0,3,4,1,-1,5,6,-1,0,1,-2,2,4,0,2,3,7,1,8,-3,0,0,-1,1,0,1,2,1
KR_6733221976,420,2,-6,7,3,4,5,1,1,3,2,0,2,2,0,1,1,-2,0,2,0,7,-115,-4,11,7,2,0,-2,1,-1,-1,1,1,1
KR_6698297195,420,1,-24,-23,4,0,1,1,1,4,3,0,1,1,1,3,2,2,3,1,0,0,-31,1,7,8,-1,0,0,-1,-1,0,-1,6,1
KR_6760655073,420,3,15,28,9,4,4,0,-2,4,6,2,3,1,3,4,1,2,3,1,1,5,22,-1,7,6,3,0,1,0,1,1,-1,0,1
KR_6689557722,420,6,-14,5,21,3,4,1,6,6,0,4,6,2,1,2,1,7,8,1,0,23,-16,6,4,10,9,0,2,1,1,1,1,6,1
KR_6766063733,420,1,8,-26,-3,1,3,2,-5,0,5,-2,1,3,3,5,2,0,1,1,1,5,-3,-5,9,4,7,0,0,-1,-1,0,1,2,1
KR_6763024051,420,0,20,-17,3,-4,0,4,4,5,1,1,2,1,2,3,1,0,1,1,0,7,12,0,7,7,-5,0,0,-1,1,0,1,3,1
KR_6743462461,440,3,78,2,11,0,0,0,2,2,0,0,0,0,5,5,0,4,4,0,1,13,6,0,8,8,-1,0,1,-1,0,1,1,5,1
KR_6646566757,420,2,58,-35,8,1,5,4,6,8,2,1,4,3,-1,2,3,1,3,2,0,10,13,9,4,13,-3,0,2,1,1,1,1,1,1
KR_6668559919,420,4,66,-12,10,3,3,0,-9,1,10,4,5,1,12,12,0,0,1,1,0,13,7,4,4,8,3,0,3,-1,1,1,1,6,1
KR_6680818204,420,2,31,-12,7,-5,1,6,8,8,0,-2,0,2,5,6,1,1,1,0,0,11,8,3,2,5,3,0,2,1,-1,1,-1,6,1
KR_6705746594,420,1,99,-12,4,6,6,0,-5,0,5,4,6,2,-3,3,6,2,5,3,0,3,-1,-4,5,1,2,0,0,-1,-1,1,1,3,1
KR_6710645991,420,4,66,31,9,3,3,0,2,7,5,3,4,1,2,2,0,-1,0,1,-1,11,1,0,4,4,0,0,1,0,1,1,-1,0,1
KR_6767926151,420,1,-35,10,4,-1,0,1,7,10,3,3,4,1,-2,2,4,-3,0,3,0,5,3,-5,9,4,6,0,0,-1,1,0,1,4,1
KR_6766793998,420,1,22,15,5,0,1,1,1,3,2,-1,2,3,3,4,1,2,2,0,0,13,11,1,4,5,6,0,3,1,1,1,-1,4,1
KR_6730345119,440,0,83,-3,-2,3,4,1,-2,0,2,-1,2,3,1,1,0,-3,3,6,0,-2,9,0,6,6,-5,0,1,-1,1,1,1,2,1
KR_6761200587,420,2,69,-2,10,3,3,0,2,4,2,2,5,3,3,3,0,0,0,0,0,4,39,-2,5,3,-38,0,1,1,-1,1,1,6,1
KR_6682431147,420,6,9,38,8,-2,2,4,0,7,7,1,2,1,8,9,1,1,2,1,2,16,0,3,5,8,5,0,1,1,1,1,1,6,1
KR_6710602864,440,3,7,29,5,1,3,2,3,3,0,1,1,0,-1,1,2,1,2,1,0,3,14,-3,7,4,3,0,1,-1,1,1,1,5,1
KR_6684819953,420,1,9,11,1,0,0,0,-1,1,2,1,1,0,2,2,0,-1,0,1,0,3,20,-6,10,4,1,0,-1,-1,1,-1,-1,3,1
KR_6767479597,420,-1,-75,-32,7,-3,0,3,-3,3,6,1,1,0,12,12,0,0,0,0,0,21,-10,2,1,3,2,0,-1,1,-1,-1,1,6,1
KR_6644392011,420,4,87,-11,10,0,1,1,1,2,1,-1,2,3,6,6,0,4,4,0,0,15,-9,5,2,7,3,0,2,1,-1,1,1,6,1
KR_6683291526,440,0,-36,19,5,-1,3,4,2,4,2,-2,0,2,4,4,0,2,2,0,0,7,-1,2,3,5,-1,0,0,1,-1,-1,1,2,1
KR_6739385137,420,2,-61,-5,0,-1,1,2,2,2,0,2,5,3,-3,0,3,0,0,0,-1,1,0,-2,8,6,0,0,-1,-1,-1,-1,-1,6,1
KR_6697063159,420,4,71,12,5,2,4,2,-1,1,2,4,4,0,1,1,0,-1,0,1,0,0,-4,-2,7,5,7,0,1,1,1,1,1,4,1
KR_6723434946,420,-1,3,-8,2,-4,0,4,2,3,1,0,2,2,3,7,4,1,1,0,0,3,9,6,5,11,-4,0,-2,1,-1,-1,1,6,1
KR_6767816130,420,4,82,-4,13,2,3,1,4,4,0,1,1,0,4,4,0,2,2,0,0,14,-107,-2,6,4,42,0,2,1,-1,1,1,1,1
KR_6766610963,440,5,37,11,14,5,6,1,3,4,1,11,11,0,-5,1,6,0,2,2,0,0,-373,-1,1,0,18,0,1,1,1,1,1,4,1
KR_6762242309,420,1,60,-24,0,-4,0,4,1,2,1,-1,3,4,5,9,4,-1,0,1,-1,-5,-2,-4,9,5,2,0,1,1,-1,-1,-1,3,1
KR_6747495850,420,2,0,24,7,-1,0,1,3,5,2,-1,1,2,6,7,1,0,0,0,0,10,-39,-1,5,4,43,0,0,1,-1,0,1,3,1
KR_6767468290,420,7,70,10,10,3,4,1,-1,1,2,0,0,0,4,5,1,4,4,0,0,10,-110,2,4,6,-15,0,3,1,1,1,-1,5,1
KR_6753777157,420,0,-23,-3,0,1,1,0,-2,1,3,-2,1,3,6,8,2,-3,0,3,-1,0,18,4,6,10,1,0,1,1,1,1,-1,3,1
KR_6687111826,420,2,54,12,4,-1,0,1,0,4,4,0,2,2,2,3,1,3,4,1,0,0,-5,-3,5,2,0,0,2,1,1,1,1,3,1
KR_6756294512,420,4,69,32,7,7,8,1,4,7,3,-6,1,7,4,11,7,-2,2,4,2,0,-2,-4,12,8,1,0,3,1,1,1,1,4,1
KR_6702413832,420,4,92,-1,10,4,4,0,1,3,2,1,5,4,2,4,2,2,2,0,0,2,8,4,4,8,5,0,1,-1,-1,1,1,5,1
KR_6701819666,420,2,26,20,2,4,4,0,-3,2,5,0,1,1,-1,1,2,2,2,0,0,-3,-9,0,6,6,12,0,1,1,1,1,1,2,1
KR_6594921673,440,6,31,24,22,3,4,1,-2,0,2,2,5,3,18,21,3,1,2,1,1,21,143,1,5,6,-1,0,1,-1,1,1,-1,5,1
KR_6685508989,420,0,26,1,0,-2,0,2,-3,3,6,2,2,0,5,11,6,-2,1,3,0,0,-113,2,6,8,-3,0,1,1,-1,1,1,6,1
KR_6687552815,420,0,-3,17,6,-6,0,6,4,4,0,4,4,0,0,4,4,4,5,1,-1,15,-17,-7,8,1,2,0,-1,1,-1,-1,1,6,1
KR_6767454150,440,3,56,-21,4,-1,3,4,1,1,0,0,2,2,3,9,6,1,2,1,0,7,26,-1,7,6,-5,0,1,-1,1,1,-1,5,1
KR_6712106727,420,2,-1,23,2,3,3,0,0,2,2,-5,1,6,4,4,0,0,0,0,0,4,62,0,3,3,0,0,0,1,-1,0,1,6,1
KR_6764762259,420,0,50,5,4,2,3,1,3,5,2,-2,5,7,-1,5,6,2,2,0,2,2,6,4,6,10,-2,0,2,-1,1,1,1,6,1
KR_6623253084,420,-1,-69,4,-3,0,1,1,2,4,2,-5,2,7,1,3,2,-1,1,2,0,-2,11,3,6,9,-3,0,1,1,1,1,1,6,1
KR_6658747407,420,5,76,9,11,0,2,2,-1,2,3,2,3,1,9,9,0,1,1,0,0,14,-5,-2,7,5,1,0,1,1,1,1,1,6,1
KR_6691499617,420,5,28,18,4,0,3,3,4,6,2,-3,1,4,1,3,2,2,4,2,0,-9,19,2,5,7,-5,0,1,-1,1,1,1,1,1
KR_6702991997,420,2,53,-19,9,3,5,2,0,2,2,0,3,3,5,8,3,1,1,0,0,15,35,7,2,9,-2,0,2,1,-1,1,-1,3,1
KR_6703469136,440,-2,-35,-1,1,1,1,0,4,4,0,-4,1,5,0,3,3,0,0,0,0,8,1,-1,7,6,4,0,-1,-1,-1,-1,-1,4,1
KR_6767438808,420,2,58,7,9,4,5,1,-3,3,6,4,4,0,3,4,1,1,1,0,0,0,-5,-3,6,3,-1,0,1,1,1,1,1,4,1
KR_6768051272,420,1,-57,-2,10,2,3,1,1,6,5,10,10,0,1,2,1,-4,0,4,0,17,5,-2,6,4,-1,0,-1,-1,-1,-1,1,3,1
KR_6765409590,420,4,23,-6,8,3,3,0,3,5,2,0,1,1,2,4,2,0,0,0,0,3,1,0,6,6,2,0,1,1,1,1,1,1,1
KR_6765536982,420,7,47,-6,12,1,3,2,0,1,1,4,5,1,5,7,2,2,2,0,0,9,-14,6,1,7,1,0,0,-1,1,1,-1,3,1
KR_6740225678,420,-1,-33,12,11,-1,2,3,-1,2,3,-1,1,2,10,10,0,4,5,1,0,8,-3,-1,6,5,2,0,1,-1,-1,1,1,5,1
KR_6691510983,420,4,-22,16,11,2,2,0,-2,2,4,5,6,1,6,8,2,0,2,2,1,11,-2,0,6,6,-2,0,1,1,-1,1,1,1,1
KR_6693369073,420,-2,0,-23,-1,0,1,1,1,4,3,-2,1,3,-1,3,4,1,1,0,-1,-9,15,0,8,8,7,0,-1,-1,1,-1,-1,4,1
KR_6766799122,420,3,55,14,3,0,1,1,4,4,0,2,5,3,-5,1,6,2,4,2,1,-5,-2,3,3,6,0,0,2,-1,1,1,1,3,1
KR_6759783265,420,3,24,38,5,-4,2,6,0,2,2,3,5,2,1,1,0,5,5,0,0,9,-7,-6,8,2,-1,0,2,1,0,1,1,6,1
KR_6647728915,440,0,-40,14,5,-4,2,6,1,3,2,4,5,1,3,6,3,1,2,1,0,10,3,1,2,3,1,0,0,1,1,0,1,5,1
KR_6760840477,420,4,14,4,9,-1,2,3,0,2,2,5,5,0,4,5,1,1,2,1,4,15,-2,0,5,5,3,0,1,1,-1,1,1,5,1
KR_6700120450,420,3,71,-8,1,1,3,2,6,7,1,-2,0,2,-4,0,4,0,0,0,0,2,-11,1,6,7,1,0,2,-1,1,1,-1,6,1
KR_6759525686,420,3,62,-12,4,3,4,1,3,7,4,-2,1,3,0,2,2,0,0,0,0,2,-23,-7,11,4,0,0,1,1,-1,1,1,4,1
KR_6601866225,420,3,44,-16,6,2,3,1,-1,1,2,7,8,1,-2,0,2,0,1,1,0,-1,-5,-1,5,4,3,0,2,1,1,1,-1,4,1
KR_6729481751,420,1,-10,23,-2,2,3,1,-4,0,4,0,0,0,0,2,2,0,1,1,0,-8,9,-3,9,6,0,0,1,1,1,1,1,3,1
KR_6761585484,420,0,-17,-24,6,7,7,0,-2,3,5,0,3,3,-1,2,3,2,4,2,0,1,-35,-2,7,5,1,0,0,-1,1,1,-1,1,1
KR_6762700496,440,8,64,28,14,7,8,1,1,2,1,4,5,1,2,2,0,0,2,2,0,11,5,-1,5,4,2,0,1,1,1,1,1,2,1
KR_6688795448,420,3,39,-12,8,2,4,2,-1,3,4,3,4,1,4,4,0,0,0,0,-1,5,10,4,5,9,-4,0,0,1,-1,1,-1,2,1
KR_6707480901,420,1,-54,8,1,-3,0,3,3,3,0,-1,4,5,3,3,0,-1,0,1,0,5,-275,-2,5,3,1,0,0,-1,1,0,1,6,1
KR_6764292284,420,8,20,56,14,0,0,0,4,5,1,2,2,0,8,10,2,0,1,1,0,9,3,1,3,4,-2,0,1,1,1,1,1,4,1
KR_6710542754,420,6,103,4,16,1,1,0,5,7,2,6,7,1,2,3,1,2,2,0,0,16,-3,5,5,10,-2,0,1,1,-1,1,1,4,1
KR_6721160462,420,1,-31,16,5,-4,0,4,3,4,1,4,6,2,0,5,5,2,2,0,-1,12,31,1,4,5,-24,0,1,1,1,1,-1,2,1
KR_6688874087,420,10,125,34,18,4,5,1,4,7,3,1,2,1,6,6,0,3,4,1,2,19,-1,0,8,8,7,0,4,1,1,1,1,3,1
KR_6764733068,420,2,-13,5,7,5,6,1,4,5,1,-2,2,4,0,2,2,0,0,0,-1,14,33,-3,7,4,2,0,1,0,1,1,-1,0,1
KR_6640592261,420,3,10,-5,3,0,0,0,4,5,1,1,4,3,-4,0,4,2,4,2,1,5,-19,-2,5,3,0,0,1,1,1,1,1,3,1
KR_6762190055,420,0,41,-7,1,0,1,1,-2,3,5,1,4,3,2,3,1,0,3,3,0,-4,5,-3,5,2,8,0,1,1,1,1,-1,4,1
KR_6739535413,420,3,88,-6,8,1,2,1,3,6,3,1,3,2,0,2,2,3,3,0,1,7,17,-1,5,4,0,0,1,0,-1,1,1,0,1
KR_6695241564,420,0,-6,19,0,0,2,2,-4,0,4,3,3,0,0,1,1,1,1,0,0,-2,-9,1,4,5,-1,0,-2,1,-1,-1,-1,4,1
KR_6727578906,420,0,68,24,-2,0,3,3,2,2,0,-1,0,1,-1,3,4,-2,0,2,0,-4,-10,-11,13,2,7,0,1,1,1,1,-1,2,1
KR_6678804644,420,4,17,19,5,3,3,0,2,5,3,0,1,1,0,1,1,0,0,0,0,-1,-50,-1,8,7,16,0,0,1,1,0,1,4,1
KR_6688889895,420,0,2,8,4,1,2,1,2,3,1,-4,1,5,5,6,1,0,1,1,0,7,44,6,4,10,0,0,1,-1,-1,1,-1,2,1
KR_6752228822,420,-1,-47,-17,1,2,3,1,-5,1,6,2,2,0,2,4,2,0,1,1,0,1,24,-7,9,2,7,0,0,-1,1,1,1,2,1
KR_6714404700,440,-1,-51,12,-3,3,3,0,4,4,0,-6,0,6,-5,0,5,1,1,0,0,-7,80,4,1,5,-2,0,0,1,1,-1,-1,5,1
KR_6737105337,440,1,46,-1,7,1,1,0,-1,2,3,-1,2,3,7,8,1,1,1,0,1,9,6,5,5,10,0,0,2,1,-1,1,1,6,1
KR_6767131758,420,2,40,-16,6,0,0,0,3,3,0,0,1,1,2,4,2,1,1,0,0,11,-78,-4,9,5,5,0,1,1,1,1,1,5,1
KR_6706733247,420,4,67,22,12,6,6,0,4,7,3,-1,3,4,4,7,3,-1,1,2,1,7,39,1,3,4,0,0,3,1,1,1,1,4,1
KR_6668133217,420,0,42,-8,3,2,3,1,0,3,3,6,10,4,-5,0,5,0,0,0,0,3,10,1,4,5,-1,0,1,1,1,1,-1,4,1
KR_6749430975,420,-1,-77,-5,1,2,3,1,0,1,1,-3,2,5,2,2,0,0,0,0,0,3,-46,2,4,6,0,0,0,-1,-1,0,-1,1,1
KR_6652967450,420,-1,19,34,-2,5,5,0,-1,4,5,-4,2,6,-3,0,3,1,2,1,1,7,-1,-1,7,6,0,0,1,-1,1,1,1,1,1
KR_6758653863,420,4,72,1,9,2,3,1,8,8,0,2,2,0,-1,1,2,-2,2,4,0,5,7,3,3,6,-1,0,0,1,1,0,-1,6,1
KR_6677000487,420,-3,-53,21,-3,1,3,2,-1,4,5,-3,2,5,0,1,1,0,2,2,0,-9,9,-2,8,6,-8,0,-1,1,1,-1,-1,5,1
KR_6669051042,420,5,52,8,10,-2,2,4,4,4,0,4,4,0,3,5,2,1,1,0,-1,15,9,0,7,7,2,0,1,1,1,1,-1,1,1
KR_6739371184,420,2,-38,4,6,1,1,0,4,7,3,0,1,1,0,2,2,1,1,0,0,5,-2,1,3,4,-5,0,0,0,1,0,1,0,1
KR_6626293427,420,3,2,-19,9,2,3,1,3,5,2,-1,2,3,5,7,2,0,0,0,0,20,56,-3,5,2,2,0,0,1,-1,1,-1,3,1
KR_6595720618,420,3,0,43,8,-1,1,2,6,6,0,4,5,1,-1,2,3,0,0,0,0,11,-3,3,5,8,2,0,2,1,1,-1,1,6,1
KR_6694667526,420,1,10,19,6,-1,1,2,1,2,1,5,5,0,0,2,2,1,1,0,0,16,36,0,11,11,5,0,0,1,1,0,1,5,1
KR_6619114473,420,4,103,-24,11,-1,2,3,5,7,2,4,7,3,4,8,4,-1,0,1,-1,8,20,3,4,7,1,0,3,-1,-1,1,-1,3,1
KR_6767904174,420,0,-13,-2,-6,1,3,2,0,1,1,-3,1,4,-1,2,3,-3,0,3,0,-4,1,-3,8,5,0,0,0,-1,-1,0,-1,5,1
KR_6756994874,440,1,-36,8,3,1,3,2,3,4,1,0,1,1,1,2,1,-2,0,2,0,2,4,1,3,4,-2,0,0,1,1,0,1,2,1
KR_6676652531,440,2,51,16,-2,3,3,0,-1,0,1,-2,2,4,-1,1,2,-1,1,2,-1,-6,-2,-3,4,1,1,0,1,0,1,1,-1,0,1
KR_6631036002,440,6,66,31,9,3,6,3,8,9,1,-3,0,3,-2,1,3,3,5,2,-1,19,10,-4,7,3,5,0,2,1,1,1,-1,1,1
KR_6729470579,440,-3,41,-34,1,-4,1,5,-1,0,1,6,6,0,0,1,1,0,2,2,-1,4,-3,3,3,6,2,0,0,1,-1,0,-1,2,1
KR_6768031098,420,3,10,4,6,1,2,1,3,5,2,2,2,0,-2,2,4,2,2,0,0,8,-19,1,5,6,-2,0,1,-1,1,1,-1,2,1
KR_6605920208,420,6,69,55,17,2,3,1,7,7,0,-1,0,1,7,7,0,2,3,1,0,15,2,0,8,8,6,0,0,1,1,1,-1,2,1
KR_6701494795,440,-1,11,-39,-2,1,1,0,1,4,3,-5,0,5,1,1,0,0,2,2,0,-12,1,1,4,5,0,0,0,-1,-1,-1,1,5,1
KR_6762436397,420,0,-14,4,3,1,1,0,3,3,0,0,2,2,-2,3,5,1,1,0,-1,5,0,-1,6,5,2,0,0,-1,1,0,1,4,1
KR_6731140225,420,4,39,-9,13,2,4,2,2,4,2,5,5,0,7,8,1,-3,0,3,0,5,106,5,3,8,-2,0,2,1,1,1,1,4,1
KR_6765310383,420,10,104,34,22,2,6,4,10,10,0,2,4,2,5,6,1,3,3,0,0,14,42,3,3,6,0,1,4,1,1,1,1,3,1
KR_6738661312,440,5,72,6,8,3,4,1,0,1,1,5,6,1,2,2,0,-2,0,2,0,1,-4,-3,5,2,-2,0,2,-1,1,1,1,4,1
KR_6750043658,420,1,59,-49,4,-1,1,2,-4,2,6,7,9,2,2,3,1,0,0,0,0,9,13,-1,10,9,4,0,1,-1,1,1,1,1,1
KR_6756999223,420,3,77,-4,5,-2,0,2,3,4,1,1,3,2,1,3,2,2,2,0,0,6,-7,-3,9,6,10,0,1,-1,1,1,1,4,1
KR_6766063059,420,4,26,24,5,0,2,2,-1,2,3,2,4,2,0,2,2,4,4,0,0,8,4,-7,11,4,2,0,1,1,1,1,1,6,1
KR_6596273312,420,2,-1,18,4,-1,2,3,3,3,0,3,4,1,-1,0,1,0,0,0,0,7,17,-1,5,4,1,0,0,1,-1,1,1,5,1
KR_6758320401,420,1,-48,-4,4,0,1,1,1,1,0,1,4,3,5,5,0,-3,1,4,-1,16,13,7,3,10,-5,0,1,0,1,1,-1,0,1
KR_6766283948,420,3,74,-4,9,0,1,1,3,4,1,3,3,0,2,3,1,1,2,1,0,14,4,2,4,6,2,0,1,1,1,1,1,6,1
KR_6686427799,420,1,57,-24,6,1,3,2,4,6,2,-3,5,8,6,11,5,-2,1,3,0,3,46,0,5,5,-21,0,3,-1,-1,1,1,2,1
KR_6765985857,420,2,3,24,4,-1,2,3,-2,0,2,0,1,1,5,5,0,2,2,0,1,10,197,2,8,10,6,0,-2,1,-1,-1,1,1,1
KR_6494490639,440,2,106,1,-2,4,6,2,0,4,4,0,2,2,-4,2,6,-2,0,2,1,-14,6,3,4,7,3,0,2,-1,1,1,1,3,1
KR_6644097499,420,3,-5,24,11,-1,2,3,0,4,4,4,4,0,4,6,2,4,6,2,1,9,-8,1,4,5,-2,0,-1,1,-1,-1,1,5,1
KR_6762838226,420,-2,-43,-4,-6,2,4,2,-1,1,2,2,4,2,-9,1,10,0,4,4,0,-10,13,-2,7,5,-4,0,-1,-1,1,-1,1,2,1
KR_6671661190,420,-2,31,-6,1,5,5,0,-3,0,3,0,2,2,-1,3,4,0,1,1,0,2,-4,0,4,4,0,0,0,1,1,-1,1,5,1
KR_6656345535,420,5,66,22,10,2,3,1,4,12,8,1,1,0,1,2,1,2,2,0,0,10,3,-1,6,5,1,0,0,1,1,1,1,1,1
KR_6696839721,420,-1,-12,-8,-1,0,0,0,-1,2,3,-1,1,2,-1,2,3,2,2,0,0,-1,-14,0,7,7,1,0,0,1,-1,0,-1,3,1
KR_6757372309,420,4,17,36,16,3,4,1,3,4,1,4,5,1,6,8,2,0,1,1,0,13,69,7,1,8,18,0,2,1,1,1,-1,4,1
KR_6665134804,420,2,52,0,1,1,2,1,-4,2,6,1,4,3,2,6,4,1,1,0,0,-2,-49,-1,9,8,-6,0,0,1,-1,0,1,2,1
KR_6767407169,420,4,7,16,5,1,2,1,-2,0,2,0,1,1,6,7,1,0,1,1,0,8,0,1,4,5,-1,0,0,0,-1,1,1,0,1
KR_6765835472,420,4,87,16,12,7,8,1,2,2,0,1,1,0,2,4,2,0,1,1,1,14,41,3,3,6,2,0,0,0,1,1,1,0,1
KR_6766985651,420,0,27,1,5,1,2,1,1,4,3,0,3,3,1,3,2,2,3,1,0,1,-3,-2,7,5,-4,0,0,-1,1,0,1,1,1
KR_6718891266,420,0,-7,6,0,1,2,1,0,5,5,-3,0,3,2,3,1,0,3,3,-1,-7,-32,-5,9,4,6,0,0,1,1,0,-1,1,1
KR_6683957113,440,1,-1,-7,5,-1,0,1,3,3,0,0,2,2,2,6,4,1,1,0,-1,7,2,-1,6,5,4,0,0,1,0,1,-1,4,1
KR_6625471367,420,-1,15,15,-1,-6,2,8,-4,3,7,1,2,1,3,3,0,5,5,0,0,4,13,3,5,8,-3,0,0,-1,1,1,-1,6,1
KR_6765427899,420,-2,-16,-17,6,3,4,1,2,5,3,-3,3,6,4,8,4,0,2,2,2,17,-23,1,1,2,1,0,1,0,1,1,1,0,1
KR_6753180870,420,6,96,16,12,-1,1,2,4,5,1,5,7,2,4,5,1,0,1,1,-1,17,8,2,7,9,2,0,1,0,-1,1,-1,0,1
KR_6574479149,420,2,-19,12,7,0,0,0,5,7,2,1,5,4,2,3,1,-1,1,2,0,18,11,3,7,10,-1,0,0,-1,1,0,1,2,1
KR_6767631746,420,3,23,41,1,5,5,0,-2,4,6,-2,2,4,-2,0,2,2,3,1,0,0,0,2,5,7,0,0,2,1,1,1,-1,1,1
KR_6767107372,420,6,43,16,16,-3,0,3,9,12,3,5,6,1,2,2,0,3,3,0,0,16,-7,-3,7,4,12,0,1,1,-1,1,1,1,1
KR_6680331464,420,4,77,1,6,0,2,2,2,3,1,3,3,0,0,4,4,1,1,0,0,6,-9,-1,5,4,5,0,0,-1,1,1,-1,1,1
KR_6707841332,420,5,60,-2,9,4,4,0,1,5,4,0,2,2,4,5,1,0,1,1,1,8,5,-2,7,5,-7,0,1,1,1,1,1,1,1
KR_6741329930,420,5,111,-8,13,4,4,0,3,4,1,4,4,0,2,3,1,0,0,0,0,13,0,-1,8,7,13,0,1,1,1,1,1,3,1
KR_6759762338,440,3,29,27,9,5,5,0,1,1,0,0,2,2,3,5,2,0,4,4,1,10,-12,-4,8,4,5,0,1,1,1,1,1,4,1
KR_6709260495,420,-1,64,-10,5,0,0,0,1,4,3,1,3,2,2,3,1,1,2,1,1,11,10,3,3,6,3,0,0,1,-1,0,1,5,1
KR_6765938504,420,0,-11,3,5,0,1,1,1,2,1,4,6,2,-1,1,2,1,1,0,0,5,-6,-4,7,3,1,0,0,1,1,0,1,1,1
KR_6641672485,420,1,-8,2,6,-1,2,3,1,5,4,3,4,1,1,1,0,2,2,0,3,17,65,1,6,7,-3,0,0,1,-1,-1,1,5,1
KR_6758935600,420,-2,-30,33,-3,-2,2,4,0,4,4,2,3,1,1,6,5,-4,0,4,0,0,5,2,2,4,-5,0,0,1,-1,0,-1,2,1
KR_6727211728,440,2,-27,4,-4,4,4,0,-2,3,5,1,4,3,-5,2,7,-2,0,2,0,-7,15,-3,8,5,0,0,-1,0,-1,-1,-1,0,1
KR_6703262748,420,7,109,5,18,1,5,4,8,11,3,4,4,0,4,5,1,1,1,0,0,18,15,-1,6,5,4,0,1,-1,1,1,1,5,1
KR_6751369201,420,2,36,15,1,-1,1,2,3,6,3,-4,2,6,1,1,0,2,5,3,0,1,-14,3,5,8,3,0,0,1,1,1,1,3,1
KR_6750880289,440,2,44,-4,2,2,3,1,-5,0,5,1,2,1,5,6,1,-1,0,1,0,-1,-2,10,4,14,1,0,0,1,0,0,-1,6,1
KR_6729495182,420,2,-29,63,4,4,5,1,4,5,1,-4,1,5,1,2,1,-1,0,1,1,4,-3,-1,4,3,-3,0,1,1,1,1,1,3,1
KR_6681007815,420,7,65,25,16,2,3,1,3,5,2,3,3,0,7,7,0,1,1,0,0,20,10,5,6,11,1,0,5,1,1,1,-1,3,1
KR_6751510945,420,0,-5,-12,0,1,3,2,2,4,2,2,2,0,-4,0,4,-1,0,1,0,-2,23,-3,5,2,1,0,0,1,-1,-1,1,3,1
KR_6674346822,420,0,36,-8,-2,-4,0,4,-1,2,3,1,1,0,0,1,1,2,2,0,0,-3,-203,0,6,6,0,0,0,1,-1,0,-1,3,1
KR_6742440700,420,-2,38,12,-6,-1,1,2,-5,2,7,1,2,1,-1,3,4,0,2,2,0,-8,2,5,6,11,0,0,1,1,-1,1,1,3,1
KR_6733210047,420,8,126,-5,17,4,5,1,2,2,0,5,7,2,3,3,0,3,3,0,1,18,10,2,4,6,6,0,1,1,1,1,1,5,1
KR_6688453132,420,4,19,16,7,-2,2,4,6,8,2,0,1,1,4,5,1,-1,0,1,1,14,5,1,5,6,2,0,2,1,1,1,1,5,1
KR_6761148868,420,0,8,32,-3,-1,2,3,0,2,2,-2,4,6,0,3,3,0,0,0,0,-6,59,0,2,2,-1,0,0,1,-1,1,-1,1,1
KR_6651468637,420,4,75,8,11,4,5,1,0,7,7,0,3,3,5,6,1,2,3,1,0,12,13,2,5,7,1,0,2,1,-1,1,1,1,1
KR_6706533923,420,1,25,-26,-1,-4,1,5,1,3,2,3,4,1,-2,2,4,1,1,0,0,-8,-114,-4,11,7,5,0,0,1,-1,-1,-1,5,1
KR_6743766431,440,0,71,-16,2,0,2,2,3,3,0,1,2,1,0,3,3,-2,2,4,1,4,-6,-1,5,4,7,0,1,1,1,1,1,5,1
KR_6767242876,420,7,90,-3,20,2,5,3,4,6,2,11,13,2,1,1,0,2,3,1,0,12,8,0,5,5,3,0,2,1,1,1,-1,1,1
KR_6740077165,420,0,26,12,0,-1,3,4,2,4,2,1,3,2,-1,0,1,-1,0,1,0,3,-39,-3,5,2,5,0,1,-1,1,1,-1,3,1
KR_6645938726,420,0,23,0,-2,-4,0,4,3,3,0,-4,2,6,3,6,3,0,1,1,0,-4,-1,3,7,10,2,0,0,1,1,0,-1,3,1
KR_6766496630,420,3,18,23,-3,-1,4,5,0,0,0,-2,2,4,1,7,6,-1,0,1,0,-2,4,3,4,7,-2,0,0,1,1,1,-1,1,1
KR_6683555360,420,7,40,20,15,2,3,1,5,6,1,1,5,4,5,5,0,2,3,1,2,24,15,0,6,6,2,0,1,1,-1,1,1,6,1
KR_6730419285,440,2,46,24,5,-3,1,4,-1,4,5,3,3,0,6,6,0,0,0,0,0,2,-11,1,4,5,-1,0,0,1,-1,-1,1,1,1
KR_6767750921,420,2,17,-6,4,-2,1,3,0,1,1,2,3,1,1,2,1,3,4,1,0,5,91,4,3,7,2,0,2,-1,1,1,1,5,1
KR_6701611719,440,1,-2,-10,7,4,4,0,2,9,7,-2,1,3,2,5,3,1,2,1,0,-3,0,-3,9,6,1,0,3,-1,1,1,1,4,1
KR_6758885953,420,7,155,32,6,1,6,5,4,4,0,2,3,1,0,3,3,-1,2,3,2,-1,11,6,1,7,-4,0,2,1,-1,1,1,1,1
KR_6605437377,420,3,6,3,5,1,1,0,4,5,1,-1,0,1,0,1,1,1,1,0,0,10,-14,-3,9,6,5,0,2,1,1,1,-1,2,1
KR_6655233608,420,3,21,-16,14,5,6,1,-2,2,4,3,4,1,7,8,1,1,1,0,0,17,-21,-3,6,3,3,0,0,1,-1,0,1,4,1
KR_6758871274,440,3,43,28,4,1,2,1,-4,0,4,2,6,4,3,5,2,2,2,0,0,1,-22,-1,8,7,-4,0,1,0,1,1,-1,0,1
KR_6676434468,420,0,-11,6,0,-6,0,6,1,7,6,-2,1,3,6,9,3,1,1,0,0,5,-34,-3,9,6,-4,0,0,1,-1,1,-1,1,1
KR_6750782996,420,0,-3,15,-1,-1,3,4,0,2,2,1,5,4,0,3,3,-1,0,1,0,2,4,-1,3,2,-1,0,0,1,-1,1,1,1,1
KR_6768098750,420,-1,8,-20,5,2,7,5,0,1,1,3,4,1,0,4,4,0,1,1,0,8,230,-1,8,7,4,0,0,1,-1,0,1,6,1
KR_6742519153,420,1,20,22,-1,-1,3,4,-4,3,7,-1,4,5,4,5,1,1,4,3,-2,-3,40,-1,5,4,0,0,1,1,-1,1,-1,3,1
KR_6709237824,420,4,1,3,8,0,1,1,2,3,1,8,11,3,-1,1,2,-1,1,2,0,8,-9,0,4,4,6,0,1,-1,1,1,1,5,1
KR_6714279139,420,3,18,-6,9,2,5,3,1,1,0,6,8,2,-1,2,3,1,4,3,-1,6,4,-1,7,6,-4,0,-1,1,-1,-1,-1,1,1
KR_6764701484,440,1,70,14,7,0,1,1,1,1,0,0,1,1,2,3,1,4,4,0,0,8,-6,-2,7,5,3,0,0,1,-1,0,1,6,1
KR_6638085823,420,4,57,-13,9,2,3,1,4,6,2,3,5,2,0,2,2,0,1,1,0,19,-44,0,5,5,0,0,1,-1,1,1,-1,5,1
KR_6704338374,420,2,7,12,5,-3,0,3,-2,0,2,7,7,0,1,2,1,2,3,1,0,10,8,3,5,8,-4,0,1,1,1,1,-1,6,1
KR_6740645987,420,4,73,-1,5,5,5,0,0,2,2,-2,4,6,4,4,0,-2,0,2,0,4,-14,0,6,6,23,0,3,-1,1,1,1,1,1
KR_6750380207,420,2,57,20,6,2,4,2,4,4,0,1,2,1,-2,2,4,1,2,1,0,3,-13,3,3,6,3,0,0,-1,-1,1,1,5,1
KR_6758642489,420,2,8,7,1,-2,0,2,-2,5,7,4,5,1,1,3,2,0,0,0,0,3,7,-4,10,6,-1,0,-1,1,1,-1,-1,6,1
KR_6721600465,420,1,-25,-7,2,1,1,0,-1,5,6,0,1,1,4,8,4,-2,0,2,0,7,5,-2,8,6,4,0,0,1,-1,0,1,5,1
KR_6757491842,420,2,7,13,3,4,4,0,-3,0,3,1,2,1,1,3,2,0,0,0,0,-3,-1,-3,6,3,-1,0,0,1,1,-1,-1,4,1
KR_6756217037,420,-1,-8,33,2,5,5,0,-4,0,4,3,7,4,-4,0,4,2,3,1,0,1,1,1,3,4,-1,0,-1,1,1,-1,1,6,1
KR_6724441790,420,4,25,24,10,4,4,0,-2,2,4,3,3,0,1,3,2,4,5,1,0,7,-44,2,4,6,20,0,1,1,-1,1,1,1,1
KR_6761008782,420,4,-24,13,13,6,6,0,4,5,1,0,2,2,2,3,1,1,2,1,1,17,-12,4,4,8,-1,0,0,1,-1,-1,1,6,1
KR_6615007631,420,1,-7,1,8,3,3,0,2,3,1,1,4,3,3,3,0,-1,0,1,0,14,38,0,8,8,-20,0,0,1,1,1,1,3,1
KR_6669542568,420,-1,20,4,-1,0,2,2,4,8,4,-1,2,3,-1,1,2,-3,0,3,0,-10,-6,1,6,7,5,0,0,1,1,1,-1,1,1
KR_6741100079,420,2,-1,1,6,1,3,2,2,5,3,5,6,1,-2,1,3,0,1,1,0,3,6,1,4,5,5,0,0,1,1,0,1,3,1
KR_6766571156,440,-1,24,-25,0,0,1,1,-1,1,2,0,0,0,-1,1,2,2,3,1,0,0,-3,5,1,6,-3,0,0,0,0,0,1,0,1
KR_6759930069,420,-2,-10,7,-5,5,7,2,1,6,5,-6,2,8,-4,2,6,-1,1,2,1,3,23,0,7,7,-1,0,0,1,1,-1,1,3,1
KR_6740777361,420,0,32,-7,-3,0,0,0,-3,3,6,-1,3,4,3,7,4,-2,1,3,0,-1,-63,1,7,8,-4,0,-1,1,-1,-1,-1,6,1
KR_6684197079,420,7,108,1,17,0,4,4,7,8,1,6,7,1,5,6,1,-1,0,1,0,21,6,5,5,10,-1,0,2,1,1,1,-1,3,1
KR_6681055863,420,4,26,29,6,3,4,1,4,5,1,2,3,1,-2,1,3,-1,0,1,0,2,24,-1,6,5,4,0,1,1,1,1,-1,4,1
KR_6730965721,420,1,78,-10,8,-1,0,1,5,8,3,2,2,0,1,2,1,1,2,1,0,18,4,4,1,5,4,0,0,-1,1,1,1,6,1
KR_6719724021,420,2,5,-5,6,1,3,2,0,3,3,10,10,0,-5,0,5,0,0,0,0,1,2,2,6,8,4,0,1,-1,1,1,1,1,1
KR_6765205924,420,2,57,-32,5,6,6,0,3,3,0,0,1,1,-2,0,2,-2,1,3,0,-3,2,5,6,11,1,0,1,-1,1,1,1,1,1
KR_6716657878,420,1,-13,-10,6,1,2,1,1,4,3,3,7,4,-6,2,8,7,8,1,2,12,-10,-2,6,4,-1,0,0,1,-1,-1,1,5,1
KR_6766944167,420,0,35,4,7,-3,2,5,2,3,1,1,2,1,6,6,0,1,1,0,1,18,2,0,6,6,-1,0,-1,-1,1,1,1,1,1
KR_6526987476,420,-1,45,-1,-1,3,4,1,-3,3,6,2,4,2,-2,1,3,-1,1,2,0,-3,6,0,6,6,4,0,1,1,1,1,1,5,1
KR_6722057070,420,1,25,-5,1,0,1,1,-4,2,6,3,4,1,3,4,1,-1,1,2,0,-7,-6,-1,7,6,4,0,0,-1,-1,-1,1,4,1
KR_6676618222,420,1,37,-29,9,1,2,1,-2,1,3,4,5,1,7,10,3,-1,0,1,0,19,11,5,3,8,4,0,0,1,1,1,-1,2,1
KR_6679696132,420,0,73,15,5,3,6,3,-1,1,2,6,6,0,-2,0,2,-1,0,1,2,8,4,-2,6,4,4,0,0,-1,1,1,1,4,1
KR_6737247439,420,-2,-53,1,5,2,4,2,-1,2,3,-1,4,5,3,5,2,2,2,0,1,4,-33,2,6,8,17,0,0,1,-1,-1,1,5,1
KR_6617397672,420,0,65,16,0,0,4,4,-4,3,7,4,6,2,4,7,3,-4,0,4,-1,-8,-53,-2,10,8,22,0,1,1,-1,1,-1,4,1
KR_6748870475,420,0,-33,-36,-3,-1,1,2,2,4,2,1,1,0,0,2,2,-5,0,5,0,3,5,3,4,7,-6,0,-1,1,-1,-1,-1,6,1
KR_6717725496,420,4,-8,27,6,-2,0,2,0,3,3,1,2,1,4,5,1,3,3,0,0,10,-12,-5,9,4,5,0,-1,1,1,-1,-1,5,1
KR_6732023549,420,0,4,-8,8,0,1,1,3,5,2,1,2,1,5,6,1,-1,0,1,0,12,53,3,3,6,0,0,1,1,1,1,1,4,1
KR_6765850223,420,1,22,-27,2,4,5,1,-1,2,3,2,4,2,-4,3,7,1,1,0,-1,3,295,3,7,10,-2,0,-1,-1,-1,-1,-1,3,1
KR_6753024504,420,-2,21,-7,0,-1,1,2,3,5,2,-1,1,2,1,1,0,-2,0,2,0,4,0,0,7,7,-1,0,0,1,-1,0,1,6,1
KR_6695119235,420,5,92,39,15,1,1,0,4,7,3,3,5,2,5,6,1,2,2,0,1,22,20,3,4,7,2,0,0,-1,-1,1,1,3,1
KR_6767120876,420,3,-1,32,8,1,3,2,6,7,1,0,3,3,2,3,1,-1,0,1,0,8,-79,2,5,7,-5,0,-1,0,-1,-1,-1,0,1
KR_6668237534,420,-4,-36,-3,-8,1,3,2,-7,2,9,1,1,0,-4,0,4,1,1,0,-2,-3,4,-2,6,4,-4,0,0,1,-1,-1,-1,1,1
KR_6705805405,420,5,39,-28,15,4,4,0,2,6,4,-1,4,5,9,9,0,1,1,0,1,12,-41,-1,6,5,10,0,3,0,1,1,1,0,1
KR_6727134045,420,-1,-21,-1,-2,0,2,2,1,7,6,1,3,2,-3,5,8,-1,0,1,0,3,-5,3,3,6,-3,0,-1,-1,1,-1,1,2,1
KR_6655073299,420,-3,-61,16,-11,-1,2,3,-5,4,9,-2,3,5,-2,1,3,-1,0,1,0,-13,-22,-5,11,6,-3,0,-1,1,1,1,-1,4,1
KR_6760955949,420,0,40,40,4,1,3,2,-2,2,4,1,3,2,0,3,3,4,4,0,0,-5,120,-2,7,5,5,0,2,1,1,1,1,3,1
KR_6725707438,420,0,50,-5,0,1,5,4,-2,2,4,-1,0,1,4,5,1,-2,0,2,0,3,55,5,1,6,-10,0,1,-1,-1,1,1,2,1
KR_6688611195,420,1,-43,-28,1,-2,0,2,-2,1,3,0,4,4,2,3,1,3,5,2,0,2,3,1,5,6,-1,0,-1,-1,-1,-1,1,3,1
KR_6764070080,420,3,12,-12,7,-1,2,3,3,7,4,2,3,1,2,2,0,1,2,1,2,12,-213,2,3,5,-2,0,-1,1,-1,-1,1,6,1
KR_6706278557,420,2,23,5,11,3,5,2,3,3,0,3,5,2,1,2,1,1,3,2,1,15,0,9,2,11,0,0,3,-1,1,1,1,2,1
KR_6766149683,420,2,62,-16,3,2,2,0,0,1,1,1,2,1,-1,2,3,1,2,1,0,9,7,1,5,6,-2,0,0,0,-1,-1,1,0,1
KR_6766580280,420,8,44,32,12,4,4,0,3,5,2,4,4,0,0,2,2,1,2,1,1,14,8,3,7,10,1,0,2,1,-1,1,1,6,1
KR_6758893475,420,0,-58,36,4,0,2,2,1,3,2,3,5,2,-1,2,3,1,1,0,0,-4,-202,0,9,9,0,0,0,1,1,-1,1,1,1
KR_6765546206,420,-1,12,-31,7,1,4,3,1,5,4,1,2,1,4,4,0,0,1,1,0,4,143,3,4,7,-1,0,1,-1,-1,1,1,5,1
KR_6674699965,420,1,-7,17,0,0,1,1,0,2,2,-1,3,4,1,3,2,0,0,0,0,-2,11,4,7,11,-9,0,1,0,1,1,-1,0,1
KR_6763576652,440,4,-45,-6,13,6,8,2,4,4,0,1,1,0,2,4,2,0,0,0,0,5,-37,4,1,5,25,0,1,0,1,1,1,0,1
KR_6716484731,420,1,4,15,3,1,2,1,1,6,5,-1,1,2,1,5,4,1,1,0,0,1,7,-4,11,7,4,0,0,-1,1,-1,-1,1,1
KR_6714955267,420,3,34,4,3,-3,1,4,0,1,1,0,1,1,4,4,0,2,2,0,0,3,12,-3,7,4,7,0,0,1,-1,0,1,5,1
KR_6758507508,420,0,2,8,4,-4,1,5,1,4,3,1,2,1,7,8,1,-1,0,1,0,16,27,-5,6,1,1,0,1,-1,1,1,-1,2,1
KR_6746379619,420,3,63,8,1,-5,1,6,4,8,4,0,4,4,1,3,2,1,3,2,0,11,-5,1,5,6,-2,0,0,1,1,0,-1,1,1
KR_6680031424,440,1,-15,35,-9,-3,0,3,-1,3,4,0,2,2,-3,0,3,-2,0,2,-1,-14,-45,-3,9,6,-2,0,0,-1,1,0,-1,6,1
KR_6767182573,420,2,25,27,0,-1,1,2,1,5,4,0,1,1,0,0,0,0,0,0,0,-4,-17,-5,8,3,-6,0,-1,0,1,1,1,0,1
KR_6749563429,420,0,100,-39,-3,0,0,0,-2,2,4,-3,4,7,2,5,3,0,1,1,0,1,-3,-2,9,7,7,0,0,1,-1,1,-1,5,1
KR_6637975483,420,1,-52,-17,5,-3,1,4,3,4,1,-1,0,1,6,8,2,0,0,0,0,7,-1,-1,6,5,1,0,-1,1,1,-1,1,3,1
KR_6732460046,420,3,29,28,6,-1,1,2,-4,2,6,2,5,3,7,7,0,2,2,0,0,0,14,0,6,6,-3,0,3,1,1,1,-1,5,1
KR_6762549098,420,3,11,11,4,1,3,2,-1,2,3,1,4,3,1,2,1,2,2,0,0,3,-12,0,6,6,-1,0,1,-1,1,1,1,1,1
KR_6738060661,420,6,87,32,10,-3,1,4,6,8,2,1,1,0,5,6,1,1,3,2,1,15,-10,-3,8,5,0,0,1,1,1,1,1,6,1
KR_6679728313,420,1,23,4,0,3,3,0,0,3,3,2,3,1,-3,0,3,-2,0,2,0,-3,-44,1,6,7,5,0,0,1,1,0,-1,3,1
KR_6704735737,420,2,-20,32,3,1,3,2,6,7,1,-5,4,9,1,1,0,0,1,1,1,12,-4,3,4,7,9,0,-1,1,-1,-1,1,1,1
KR_6756727156,420,-1,28,-4,0,4,4,0,-1,3,4,-1,3,4,-2,2,4,0,0,0,0,-7,1,-1,4,3,-2,0,0,1,1,0,-1,5,1
KR_6670498698,420,2,50,8,1,0,2,2,4,5,1,-1,3,4,-2,3,5,0,1,1,-1,3,2,-1,8,7,1,0,0,1,-1,0,-1,4,1
KR_6690016589,420,7,128,26,15,6,6,0,1,2,1,6,7,1,1,2,1,1,1,0,0,3,-167,0,5,5,3,0,1,1,-1,-1,1,3,1
KR_6757998513,420,1,26,-16,0,-3,2,5,1,5,4,-2,3,5,3,3,0,1,1,0,0,4,-8,0,5,5,-2,0,1,-1,1,1,1,6,1
KR_6715441949,420,-1,-43,9,2,0,2,2,2,5,3,-1,2,3,-2,1,3,3,4,1,0,-1,-4,-2,6,4,0,0,-1,-1,1,-1,-1,1,1
KR_6681088608,420,2,7,7,5,1,1,0,0,1,1,-1,0,1,4,6,2,1,1,0,0,9,-113,0,6,6,-3,0,0,-1,-1,0,1,4,1
KR_6719140746,420,5,53,22,14,4,4,0,6,9,3,-2,0,2,3,4,1,3,4,1,0,23,11,3,3,6,-3,0,1,1,-1,1,1,5,1
KR_6663500295,420,5,-19,4,11,3,5,2,3,3,0,1,3,2,2,2,0,2,3,1,0,7,128,1,5,6,-2,0,0,-1,1,1,1,5,1
KR_6732437722,420,2,43,8,-2,1,1,0,-1,4,5,2,2,0,-3,3,6,-1,1,2,1,1,-1,-3,10,7,4,0,0,1,-1,0,1,4,1
KR_6700644277,420,1,59,1,5,4,4,0,3,3,0,-6,1,7,2,5,3,2,3,1,2,10,-12,-3,9,6,-5,0,2,1,-1,1,1,5,1
KR_6740638745,420,2,36,10,5,4,5,1,3,3,0,2,2,0,-4,1,5,0,1,1,0,3,-4,4,4,8,1,0,0,1,1,0,1,2,1
KR_6767456068,420,3,8,16,7,1,5,4,0,4,4,2,3,1,1,4,3,3,4,1,0,7,-2,0,9,9,-3,0,2,1,1,1,-1,3,1
KR_6765568248,420,1,-14,-22,3,2,2,0,4,6,2,-1,0,1,0,3,3,-2,1,3,0,2,-6,3,6,9,5,0,1,-1,-1,1,-1,6,1
KR_6720739293,420,1,21,-10,4,-3,1,4,3,3,0,-1,1,2,7,8,1,-2,0,2,0,1,-10,1,3,4,-2,0,-2,1,-1,-1,1,4,1
KR_6678530285,420,0,-41,-4,-2,-1,1,2,3,3,0,0,1,1,-3,2,5,-1,1,2,0,-3,-3,-4,6,2,-5,0,0,1,0,-1,1,4,1
KR_6691673435,420,0,38,-27,-1,-1,0,1,-4,2,6,3,3,0,2,3,1,-1,2,3,0,-9,-4,0,8,8,5,0,1,1,1,1,1,4,1
KR_6679970813,420,8,106,1,22,6,7,1,10,12,2,1,4,3,3,6,3,2,2,0,0,19,11,3,3,6,-1,0,1,1,1,1,1,2,1
KR_6682324412,420,1,73,-5,10,2,2,0,2,3,1,1,1,0,8,9,1,-3,0,3,1,11,6,2,5,7,1,0,2,1,-1,1,1,1,1
KR_6756114663,420,2,35,28,5,3,6,3,2,5,3,1,2,1,3,6,3,-4,0,4,-2,6,-5,0,6,6,0,0,0,1,-1,1,-1,3,1
KR_6750719197,440,3,54,20,3,-1,2,3,6,7,1,-2,1,3,3,6,3,-3,0,3,1,-3,35,1,5,6,1,0,1,1,1,1,1,1,1
KR_6716721034,440,2,41,-17,8,-2,0,2,2,4,2,3,5,2,4,4,0,1,3,2,0,10,-10,0,5,5,0,0,0,-1,-1,1,-1,6,1
KR_6713103932,420,6,85,37,15,-2,2,4,4,6,2,6,6,0,8,8,0,-1,1,2,0,15,11,7,3,10,-2,1,4,1,1,1,-1,6,1
KR_6668817435,420,-2,30,-18,2,0,1,1,5,6,1,-1,2,3,-1,3,4,-1,0,1,-1,-1,-16,-1,8,7,8,0,1,0,1,1,-1,0,1
KR_6750705029,420,4,38,12,5,9,9,0,-2,5,7,2,5,3,-3,1,4,-1,1,2,0,-8,-12,1,6,7,-3,0,2,1,1,1,-1,4,1
KR_6703297063,420,6,46,-1,10,2,4,2,1,4,3,4,5,1,3,3,0,0,0,0,0,17,14,4,2,6,2,0,4,1,1,1,1,2,1
KR_6726544735,420,0,40,9,-1,4,4,0,-2,2,4,0,3,3,1,2,1,-4,0,4,1,-12,-10,0,7,7,0,0,-1,-1,1,-1,1,1,1
KR_6732052226,440,-2,-4,-34,-2,3,4,1,1,5,4,-6,0,6,0,1,1,0,1,1,0,-4,30,-7,13,6,2,0,-1,-1,-1,-1,-1,3,1
KR_6664958593,420,3,8,17,9,2,3,1,4,5,1,1,1,0,3,4,1,-1,1,2,0,7,-24,3,5,8,1,0,1,1,1,1,1,2,1
KR_6755516050,420,-3,-36,16,-7,-2,1,3,-4,3,7,0,0,0,-1,1,2,0,1,1,0,-8,-9,-9,13,4,-5,0,0,1,-1,-1,-1,1,1
KR_6767518626,420,3,44,44,3,6,7,1,0,2,2,-2,3,5,-1,2,3,0,1,1,1,-2,26,-6,13,7,3,0,2,-1,-1,1,1,3,1
KR_6765714292,420,2,-30,7,2,3,3,0,0,1,1,-2,3,5,1,2,1,0,5,5,0,-3,6,-4,9,5,3,0,1,0,1,1,1,0,1
KR_6702813930,420,5,37,36,8,2,3,1,3,4,1,3,3,0,0,1,1,0,0,0,0,11,-1,1,5,6,-1,0,2,1,1,1,1,6,1
KR_6700446481,420,11,200,116,15,5,6,1,1,2,1,5,6,1,4,4,0,0,2,2,1,11,8,4,2,6,-6,0,3,1,1,1,1,4,1
KR_6655329541,420,7,117,40,21,1,4,3,10,10,0,2,2,0,2,5,3,6,7,1,0,25,11,4,7,11,1,0,2,1,1,1,1,2,1
KR_6686622180,420,-3,-81,-12,1,-2,3,5,1,2,1,1,3,2,1,3,2,0,1,1,0,5,13,-1,8,7,3,0,0,-1,1,1,1,4,1
KR_6690300064,420,2,52,23,7,0,2,2,1,3,2,1,4,3,3,3,0,2,3,1,0,11,1,-2,6,4,-1,0,2,0,1,1,-1,0,1
KR_6758462807,420,-4,-33,-2,3,-3,0,3,3,3,0,-1,1,2,3,5,2,1,1,0,0,-1,69,-4,10,6,-22,0,1,1,-1,1,1,6,1
KR_6765976110,420,0,-3,19,3,2,3,1,4,4,0,-4,0,4,0,1,1,1,1,0,0,6,-3,1,6,7,3,0,0,1,-1,0,1,4,1
KR_6688448040,420,2,56,9,2,-3,1,4,6,7,1,-4,0,4,4,4,0,-1,0,1,0,8,45,-1,8,7,-9,0,1,1,-1,1,1,2,1
KR_6692524604,420,4,1,12,5,0,2,2,-8,0,8,4,5,1,4,5,1,5,5,0,0,7,8,-2,9,7,-1,0,1,1,1,1,-1,6,1
KR_6762500231,440,2,4,-24,3,0,1,1,-2,7,9,1,2,1,1,5,4,3,4,1,0,9,277,-7,9,2,2,0,-1,-1,-1,-1,-1,2,1
KR_6628895102,420,6,81,44,13,4,4,0,-1,2,3,3,4,1,6,8,2,1,2,1,1,8,-34,-2,6,4,1,0,2,1,-1,1,1,5,1
KR_6714104916,420,-4,-46,20,-4,0,3,3,-2,2,4,1,4,3,-3,0,3,0,1,1,0,-8,-13,-6,8,2,8,0,-1,1,-1,-1,1,5,1
KR_6740634817,420,0,-95,-4,7,1,1,0,3,3,0,-2,0,2,4,5,1,1,1,0,0,8,-12,-3,8,5,9,0,0,1,-1,-1,-1,3,1
KR_6759388225,420,2,9,20,6,-2,3,5,2,2,0,1,2,1,5,5,0,0,0,0,0,10,14,5,5,10,0,0,0,1,1,1,1,4,1
KR_6763129457,420,5,16,32,7,4,4,0,-2,2,4,2,3,1,1,1,0,2,2,0,0,12,0,-9,11,2,3,0,1,1,1,1,-1,2,1
KR_6619277047,420,7,106,28,13,-2,1,3,8,8,0,1,3,2,3,6,3,3,3,0,0,11,16,3,5,8,3,0,3,1,-1,1,1,4,1
KR_6748525547,420,1,46,13,-6,0,2,2,-4,1,5,-2,0,2,-2,1,3,2,2,0,0,-14,3,-2,6,4,-1,0,1,1,1,1,1,1,1
KR_6692187557,440,3,58,32,2,-1,1,2,0,3,3,0,3,3,2,4,2,1,1,0,1,-1,-5,-5,10,5,2,0,2,-1,1,1,1,6,1
KR_6742544311,420,6,69,-1,9,0,1,1,0,1,1,1,4,3,7,7,0,1,1,0,0,15,1,1,2,3,-1,0,2,-1,1,1,-1,6,1
KR_6625132655,420,2,1,36,0,-1,1,2,3,3,0,2,4,2,-2,2,4,-2,0,2,1,0,-2,-1,6,5,-4,0,-1,-1,1,-1,1,2,1
KR_6741611070,420,1,42,-12,8,5,6,1,2,5,3,0,1,1,2,2,0,-1,0,1,0,0,-11,-1,8,7,5,0,1,-1,1,1,1,1,1
KR_6759370909,420,-2,-1,-14,0,-3,0,3,-3,3,6,5,6,1,0,0,0,1,1,0,0,0,8,-1,6,5,1,0,-1,1,-1,-1,-1,2,1
KR_6717991555,420,-1,24,9,-1,-1,2,3,2,6,4,0,3,3,-2,1,3,0,0,0,0,-9,-4,2,5,7,-2,0,-1,-1,-1,-1,1,4,1
KR_6724512449,440,1,30,-20,3,3,4,1,-1,1,2,0,2,2,0,1,1,1,2,1,0,2,-40,-4,10,6,18,0,0,-1,1,1,1,3,1
KR_6715227655,420,6,124,9,16,6,6,0,3,4,1,6,6,0,2,5,3,-1,0,1,0,9,156,0,8,8,4,0,1,1,-1,1,-1,6,1
KR_6654713041,420,3,20,-9,-2,-1,1,2,4,6,2,-4,2,6,-1,1,2,0,0,0,0,-2,0,-1,7,6,2,0,0,1,1,1,-1,6,1
KR_6765028840,420,4,52,-6,13,0,1,1,2,4,2,3,3,0,4,5,1,4,5,1,0,14,9,-4,6,2,-1,0,3,1,1,1,1,4,1
KR_6762224713,420,1,-16,51,1,0,0,0,1,3,2,1,3,2,-1,0,1,0,1,1,0,-2,-91,-1,10,9,3,0,1,1,1,1,-1,6,1
KR_6767362674,420,-1,-1,-22,-2,0,0,0,-3,4,7,1,3,2,0,3,3,0,0,0,0,-5,-10,-3,7,4,-1,0,0,-1,1,0,-1,3,1
KR_6696717457,420,4,50,24,14,5,8,3,5,6,1,-1,3,4,1,1,0,4,4,0,-1,10,13,0,8,8,0,0,1,1,1,1,-1,1,1
KR_6739885769,440,4,38,25,5,-3,1,4,1,2,1,-2,2,4,6,6,0,3,4,1,0,9,181,-5,7,2,-12,0,0,1,-1,1,1,5,1
KR_6638245897,420,3,53,-4,7,-1,1,2,3,4,1,3,5,2,-1,1,2,3,3,0,0,0,7,0,4,4,0,0,0,1,1,1,1,4,1
KR_6725679418,420,0,-31,15,2,-2,0,2,5,6,1,-4,1,5,1,1,0,2,4,2,0,12,7,2,5,7,2,0,0,1,1,0,1,3,1
KR_6763817499,420,2,1,20,-5,1,2,1,-4,1,5,-4,1,5,4,8,4,-2,0,2,0,-6,5,3,3,6,1,0,-1,-1,-1,-1,1,3,1
KR_6690129757,420,6,92,39,11,4,5,1,5,7,2,3,5,2,-1,2,3,0,1,1,0,4,27,1,3,4,5,0,2,1,1,1,1,2,1
KR_6679745560,420,2,47,21,-1,1,3,2,1,4,3,-1,1,2,-1,0,1,-1,0,1,0,-3,-28,1,9,10,-2,0,-1,1,-1,-1,-1,6,1
KR_6696737393,420,5,43,76,7,1,3,2,5,5,0,-2,2,4,2,4,2,1,3,2,-1,7,-3,1,2,3,2,0,0,1,-1,1,-1,1,1
KR_6594860699,440,5,92,7,13,6,6,0,-1,2,3,4,7,3,4,4,0,0,4,4,0,18,-18,1,5,6,4,0,1,1,1,-1,1,1,1
KR_6749182013,420,4,9,-2,11,3,3,0,6,7,1,0,1,1,1,4,3,1,1,0,0,17,3,4,4,8,4,0,0,-1,1,-1,-1,1,1
KR_6696664546,420,1,8,0,-3,-1,3,4,-1,2,3,-2,3,5,1,2,1,0,0,0,0,4,-6,2,6,8,3,0,0,-1,-1,-1,-1,5,1
KR_6764149811,420,5,16,5,9,3,5,2,3,3,0,-2,2,4,4,6,2,1,3,2,1,7,2,8,1,9,-2,0,1,1,1,1,1,6,1
KR_6666681343,420,3,46,16,10,-2,0,2,7,9,2,3,3,0,1,3,2,1,1,0,0,16,-2,5,6,11,2,0,1,-1,-1,1,1,3,1
KR_6666344219,420,2,-2,40,2,-2,2,4,3,3,0,3,5,2,-2,2,4,0,1,1,0,6,-46,-2,3,1,17,0,0,1,1,0,1,5,1
KR_6768076961,420,4,24,3,10,1,2,1,6,8,2,3,3,0,-3,1,4,3,3,0,0,7,-227,2,2,4,-4,0,1,1,1,1,-1,3,1
KR_6704957074,420,-1,1,-9,3,1,2,1,2,3,1,1,5,4,-2,4,6,1,1,0,0,15,-26,3,3,6,0,0,0,-1,-1,1,1,6,1
KR_6604167530,420,7,69,4,17,5,5,0,5,6,1,4,4,0,3,4,1,0,0,0,0,12,31,5,2,7,4,0,2,1,1,1,1,3,1
KR_6688219800,420,3,19,-4,0,1,3,2,0,3,3,1,3,2,-2,5,7,0,2,2,-2,-3,-4,2,7,9,2,0,2,-1,1,1,-1,4,1
KR_6689473460,420,0,-1,26,0,0,5,5,-3,2,5,-1,5,6,3,4,1,1,1,0,-2,-1,9,1,8,9,-6,0,0,-1,1,0,-1,5,1
KR_6766476190,420,-1,17,24,-1,-1,1,2,-2,2,4,0,2,2,1,3,2,1,1,0,1,-1,104,-3,5,2,3,0,1,1,1,1,1,2,1
KR_6576552853,420,2,31,13,-3,-1,1,2,0,3,3,2,2,0,-4,2,6,0,0,0,0,0,-3,-1,9,8,3,0,0,1,-1,1,-1,1,1
KR_6691355522,420,2,-39,8,9,2,4,2,5,9,4,2,6,4,-1,2,3,1,2,1,-1,7,121,-2,8,6,3,0,-2,1,-1,-1,-1,3,1
KR_6717067151,420,1,17,17,-2,-2,0,2,0,2,2,1,2,1,-1,0,1,0,1,1,0,0,0,3,3,6,2,0,-1,1,1,-1,-1,4,1
KR_6706773544,420,8,133,24,13,1,2,1,1,3,2,5,7,2,3,4,1,3,4,1,0,6,-12,3,1,4,5,0,5,-1,-1,1,-1,6,1
KR_6706507526,420,1,-37,-8,6,-1,2,3,5,5,0,3,3,0,0,2,2,-1,2,3,0,10,10,1,6,7,-3,0,1,-1,1,1,1,3,1
KR_6735581508,440,3,-7,1,6,-2,1,3,4,7,3,1,1,0,0,1,1,3,3,0,0,6,-3,3,6,9,7,0,-1,1,-1,-1,1,2,1
KR_6748988323,420,2,-1,10,4,1,1,0,3,4,1,4,4,0,-2,2,4,-2,0,2,0,3,19,1,4,5,0,0,0,1,1,1,-1,3,1
KR_6763257928,420,2,-19,-1,3,2,3,1,4,7,3,-2,0,2,-1,0,1,0,0,0,0,0,-4,-1,5,4,2,0,-1,1,-1,-1,1,4,1
KR_6735360953,420,6,61,8,6,3,3,0,2,3,1,0,2,2,1,1,0,0,0,0,0,1,31,2,3,5,1,0,0,1,-1,0,1,4,1
KR_6749985822,420,0,-25,-20,2,0,2,2,-1,3,4,1,3,2,3,5,2,-1,0,1,0,0,-26,5,6,11,0,0,-1,1,-1,-1,1,2,1
KR_6766207012,420,3,65,-7,4,4,4,0,-3,2,5,1,1,0,3,6,3,-1,0,1,0,5,3,11,1,12,-5,0,1,1,-1,1,1,4,1
KR_6696181950,420,5,16,35,10,1,2,1,-6,6,12,5,6,1,5,7,2,5,5,0,0,10,13,2,4,6,-2,0,2,1,-1,1,1,1,1
KR_6744072180,440,0,13,-11,11,4,7,3,3,6,3,3,3,0,0,3,3,1,5,4,1,20,-5,-3,9,6,4,0,2,1,1,1,1,3,1
KR_6760955514,420,4,78,20,2,0,2,2,5,6,1,-2,2,4,-1,3,4,0,1,1,-1,0,-23,-5,8,3,4,0,1,1,-1,1,-1,3,1
KR_6763978940,440,3,43,-28,14,7,8,1,-1,1,2,0,2,2,6,6,0,2,2,0,0,13,11,2,1,3,3,0,1,-1,0,1,1,2,1
KR_6766564482,420,2,32,-25,5,3,5,2,-1,3,4,0,4,4,-1,1,2,4,5,1,0,8,-30,-3,10,7,-2,0,0,-1,1,0,1,3,1
KR_6694780121,420,2,-5,5,9,2,3,1,1,4,3,1,1,0,8,9,1,-3,0,3,1,4,3,5,3,8,2,0,-1,1,1,1,1,3,1
KR_6766139555,440,1,3,12,1,3,4,1,-5,0,5,0,1,1,2,2,0,1,2,1,0,4,21,0,7,7,0,0,0,-1,-1,0,1,6,1
KR_6764625360,440,2,39,-11,2,0,0,0,2,2,0,2,3,1,-3,4,7,1,1,0,0,-1,1,1,4,5,2,0,0,1,1,0,1,5,1
KR_6756667983,420,3,-16,-8,9,-1,1,2,2,2,0,0,3,3,6,12,6,2,3,1,-2,15,-46,-3,12,9,1,0,1,1,-1,1,-1,6,1
KR_6756076309,420,2,53,2,6,2,2,0,-1,0,1,2,3,1,3,3,0,0,3,3,0,3,0,1,6,7,-4,0,1,1,1,1,1,2,1
KR_6762326456,420,-1,-52,11,0,2,3,1,2,4,2,-4,0,4,-1,1,2,1,3,2,-1,-2,-7,-6,7,1,-2,0,0,1,-1,0,-1,5,1
KR_6693980286,420,1,43,4,3,0,1,1,1,3,2,-1,1,2,3,5,2,0,1,1,1,4,8,2,5,7,-1,0,0,1,0,0,1,3,1
KR_6727739657,420,-1,-52,-25,5,-1,1,2,4,5,1,1,1,0,-1,2,3,2,4,2,0,5,58,0,7,7,-14,0,2,-1,1,1,1,3,1
KR_6738748385,420,2,27,8,3,4,5,1,3,3,0,-1,3,4,-5,5,10,2,2,0,-1,-2,3,3,6,9,6,0,0,1,-1,0,-1,1,1
KR_6713271502,420,5,57,-7,16,2,4,2,3,7,4,1,4,3,4,4,0,6,7,1,0,21,-43,2,6,8,27,0,1,1,0,1,-1,2,1
KR_6761577961,420,-3,-43,-26,2,-1,0,1,1,2,1,0,3,3,3,4,1,-1,1,2,0,9,4,2,4,6,2,0,0,1,-1,-1,1,6,1
KR_6761620259,420,-2,2,15,-3,1,1,0,-4,0,4,0,0,0,0,1,1,0,0,0,1,-5,4,-2,5,3,-2,0,1,1,1,1,1,6,1
KR_6672138708,440,0,68,9,-4,-4,0,4,-3,1,4,3,3,0,-3,4,7,3,5,2,-3,-16,9,-3,6,3,0,0,1,-1,1,1,-1,6,1
KR_6700019427,420,3,5,56,7,4,4,0,3,6,3,0,4,4,1,4,3,-1,1,2,0,-1,-3,4,2,6,3,0,1,1,1,1,-1,5,1
KR_6744240528,420,-1,-8,-4,4,4,5,1,-1,2,3,1,1,0,0,3,3,0,3,3,0,9,7,-1,7,6,1,0,0,-1,1,0,-1,5,1
KR_6767389145,420,3,0,43,3,1,7,6,3,4,1,0,1,1,-2,1,3,1,1,0,0,7,11,0,7,7,-5,0,0,-1,1,1,-1,2,1
KR_6616275550,420,-1,-12,-12,0,-1,6,7,1,2,1,2,2,0,-1,4,5,-1,1,2,1,-4,-1,-1,7,6,-4,0,1,-1,1,-1,-1,6,1
KR_6679719794,420,5,30,17,18,0,1,1,2,2,0,6,6,0,2,3,1,8,8,0,0,26,14,2,4,6,-1,0,2,1,-1,1,1,1,1
KR_6757996950,420,3,54,-3,5,2,2,0,2,3,1,0,3,3,3,5,2,-2,0,2,0,4,-10,4,4,8,-2,0,0,1,1,1,1,1,1
KR_6624206265,420,5,38,10,13,6,7,1,3,8,5,3,4,1,1,3,2,0,2,2,0,11,4,-1,7,6,1,0,0,1,1,1,-1,5,1
KR_6760178547,420,-1,19,8,2,-3,0,3,3,3,0,1,3,2,3,5,2,-2,1,3,0,2,21,1,2,3,-1,0,2,1,1,1,1,3,1
KR_6767462927,440,3,14,-3,2,-1,3,4,0,4,4,1,2,1,-1,3,4,3,3,0,1,8,5,-3,9,6,0,0,0,-1,-1,0,1,4,1
KR_6741449410,440,2,-20,-3,7,-2,0,2,3,5,2,1,1,0,3,3,0,2,3,1,0,17,136,0,8,8,2,0,0,1,-1,-1,-1,4,1
KR_6766876677,420,-2,-32,-36,-5,3,3,0,-2,3,5,-2,1,3,-1,2,3,-3,1,4,0,-9,-3,4,5,9,-5,0,-2,-1,-1,-1,-1,1,1
KR_6680474361,420,1,-17,21,-3,0,1,1,2,4,2,1,3,2,-4,2,6,-2,0,2,-3,-8,-9,-7,10,3,3,0,0,-1,-1,-1,-1,2,1
KR_6765708572,420,3,91,-5,8,0,2,2,1,4,3,1,1,0,3,3,0,3,3,0,1,5,-3,-3,5,2,3,0,1,1,-1,1,1,6,1
KR_6697671539,420,1,14,-12,-1,-1,2,3,-4,0,4,-1,1,2,4,4,0,1,3,2,0,2,-1,2,5,7,3,0,-1,-1,-1,-1,-1,4,1
KR_6752890852,440,5,60,43,10,2,4,2,2,2,0,3,4,1,6,7,1,-3,1,4,0,-1,-2,-1,3,2,0,0,1,1,-1,1,1,1,1
KR_6752172898,420,2,-13,37,3,2,4,2,2,5,3,2,2,0,-1,0,1,-2,0,2,0,-2,27,-1,8,7,2,0,-1,-1,1,-1,-1,6,1
KR_6744362278,420,0,13,20,6,2,3,1,6,8,2,-3,1,4,0,2,2,1,2,1,1,5,9,4,3,7,-1,0,1,1,1,1,1,4,1
KR_6753154464,420,2,-41,-4,6,0,2,2,1,3,2,5,6,1,-1,2,3,1,1,0,0,13,3,3,2,5,-1,0,0,-1,1,1,1,6,1
KR_6671207260,420,1,50,-16,-3,-1,0,1,-3,0,3,2,4,2,2,6,4,-3,1,4,0,-1,-16,-5,10,5,7,0,-3,1,-1,-1,-1,2,1
KR_6703739808,420,6,14,32,6,3,4,1,1,5,4,-1,2,3,1,3,2,2,2,0,0,6,8,2,6,8,-5,0,1,-1,1,1,1,6,1
KR_6741258690,440,0,-20,27,-5,-1,1,2,3,5,2,1,1,0,-8,1,9,0,1,1,0,-5,6,-2,4,2,-6,0,-1,1,1,1,-1,2,1
KR_6665081571,420,-5,-68,4,-7,-2,0,2,-2,2,4,-3,0,3,0,4,4,0,1,1,0,-1,-5,-3,6,3,0,0,-2,1,1,-1,1,3,1
KR_6707729605,420,2,23,9,0,3,4,1,-3,2,5,1,4,3,-3,4,7,2,2,0,0,-2,2,4,4,8,7,0,1,1,1,1,1,1,1
KR_6678499528,420,-1,-44,10,-5,2,3,1,0,2,2,1,4,3,-6,1,7,-2,1,3,-1,-10,31,2,3,5,-3,0,0,-1,1,1,-1,5,1
KR_6625276925,420,8,100,96,19,1,1,0,8,9,1,2,2,0,8,9,1,0,0,0,0,27,26,1,6,7,7,0,4,1,1,1,1,1,1
KR_6753631626,420,3,58,40,9,6,6,0,3,6,3,0,1,1,1,5,4,-1,0,1,5,10,-7,3,4,7,4,0,1,-1,1,1,1,5,1
KR_6743014155,420,2,17,-38,10,-2,0,2,2,3,1,5,9,4,4,5,1,1,1,0,0,22,-41,2,4,6,0,0,-1,1,-1,-1,1,6,1
KR_6767383718,420,3,48,23,12,3,3,0,-1,2,3,7,8,1,3,8,5,0,0,0,2,13,2,-2,7,5,0,0,2,-1,1,1,1,2,1
KR_6698394074,420,4,-7,32,3,-2,1,3,5,6,1,-1,0,1,0,2,2,1,1,0,0,8,9,0,8,8,-12,0,0,-1,-1,1,1,6,1
KR_6759531370,420,2,9,-24,0,1,3,2,-2,3,5,0,2,2,1,4,3,0,0,0,0,-2,19,-6,12,6,-1,0,1,1,-1,1,-1,4,1
KR_6706683378,420,5,31,5,18,3,5,2,5,5,0,4,4,0,2,3,1,4,5,1,0,20,120,3,3,6,-2,0,1,-1,1,1,1,1,1
KR_6701926959,420,3,84,28,4,3,4,1,-3,2,5,1,2,1,3,4,1,0,0,0,0,4,7,3,3,6,1,0,1,1,-1,1,1,6,1
KR_6750827654,420,4,23,-11,15,2,4,2,6,9,3,9,9,0,-3,2,5,1,2,1,0,19,-14,2,5,7,-1,0,1,1,1,-1,1,3,1
KR_6766103278,440,-1,15,41,-3,-2,0,2,-2,1,3,0,0,0,-2,2,4,3,4,1,0,-5,27,0,6,6,4,0,0,-1,-1,-1,-1,3,1
KR_6711538754,420,2,31,-14,8,1,2,1,-1,3,4,3,4,1,5,6,1,0,0,0,2,9,-4,-4,9,5,6,0,1,1,1,1,1,4,1
KR_6704881658,420,3,90,42,8,2,3,1,3,7,4,5,6,1,1,2,1,-3,0,3,0,-8,-125,4,6,10,5,0,0,1,1,0,1,1,1
KR_6761705660,420,0,64,-3,5,-1,2,3,0,1,1,-1,3,4,3,5,2,4,4,0,-1,-4,5,-1,6,5,1,0,0,1,-1,1,-1,5,1
KR_6634986046,440,1,-34,-9,4,1,3,2,-1,1,2,5,7,2,1,1,0,-2,0,2,0,6,3,4,7,11,5,0,1,-1,1,1,1,4,1
KR_6768061614,420,5,53,26,5,1,4,3,3,4,1,1,3,2,0,2,2,0,2,2,0,6,-3,4,3,7,-1,0,1,1,-1,1,-1,4,1
KR_6624701457,420,1,-33,-20,6,5,6,1,-2,1,3,5,6,1,-1,1,2,-1,2,3,-2,-8,0,0,5,5,-3,0,0,0,1,1,-1,0,1
KR_6693906311,420,-1,-70,29,-3,2,2,0,-5,2,7,-3,5,8,1,3,2,2,2,0,0,-2,0,-4,6,2,3,0,-1,-1,-1,-1,-1,2,1
KR_6683074548,420,4,79,20,10,1,2,1,0,1,1,-2,2,4,11,11,0,0,1,1,0,12,4,-1,8,7,7,0,2,1,-1,1,1,1,1
KR_6693536459,420,3,15,15,0,0,1,1,-2,1,3,0,2,2,-6,1,7,8,11,3,-3,-10,-11,0,7,7,6,0,0,1,-1,0,-1,4,1
KR_6698903273,420,4,25,19,11,2,2,0,9,10,1,2,2,0,-2,1,3,0,0,0,0,5,-7,3,3,6,1,0,1,1,1,1,1,5,1
KR_6733808475,440,2,83,-4,3,4,6,2,-3,1,4,1,2,1,1,2,1,0,1,1,0,-2,6,3,3,6,1,0,0,1,1,1,-1,2,1
KR_6763638618,440,5,115,24,12,5,6,1,5,6,1,2,4,2,-1,3,4,1,1,0,1,9,-214,5,2,7,-2,0,1,0,1,1,1,0,1
KR_6765291646,420,3,45,24,12,3,5,2,5,8,3,2,4,2,2,7,5,0,2,2,2,16,-8,1,5,6,4,0,2,-1,1,1,1,4,1
KR_6711901845,440,4,17,28,12,3,4,1,9,11,2,-1,2,3,2,2,0,-1,0,1,2,19,33,6,5,11,0,0,-1,1,1,1,1,6,1
KR_6755517042,420,5,34,5,13,-1,2,3,1,1,0,6,6,0,6,8,2,1,3,2,0,21,6,3,4,7,6,0,0,-1,-1,-1,1,5,1
KR_6735498330,420,0,9,20,0,-3,0,3,5,8,3,4,5,1,-4,1,5,-2,0,2,1,-5,58,2,4,6,-3,0,2,1,1,1,1,3,1
KR_6764516783,420,2,20,18,7,1,2,1,2,5,3,0,1,1,3,3,0,1,2,1,0,7,-2,3,3,6,8,0,2,1,1,1,-1,2,1
KR_6730827796,420,0,24,-4,-4,-1,1,2,2,6,4,-3,0,3,0,1,1,-2,1,3,0,-4,-76,-5,9,4,2,0,-1,-1,1,-1,-1,6,1
KR_6749700876,420,1,-15,-16,7,0,3,3,3,4,1,0,1,1,3,5,2,1,1,0,-1,5,0,0,4,4,3,0,1,-1,1,1,-1,5,1
KR_6693221938,420,-2,-77,14,3,0,3,3,-2,2,4,-1,2,3,4,4,0,2,3,1,0,11,18,5,5,10,-2,0,-1,1,-1,-1,1,1,1
KR_6709905788,420,1,-19,4,4,2,2,0,1,4,3,-4,3,7,6,8,2,-1,0,1,1,5,-44,1,7,8,26,0,0,-1,-1,0,1,1,1
KR_6767434375,420,1,25,11,1,0,3,3,1,2,1,4,5,1,-5,2,7,1,1,0,0,5,-19,0,5,5,2,0,0,1,-1,1,-1,1,1
KR_6757958732,420,-2,-5,-28,-1,-1,1,2,2,4,2,-1,0,1,0,1,1,-1,0,1,0,2,-22,-1,7,6,6,0,0,-1,-1,0,-1,2,1
KR_6726330055,420,4,14,4,5,1,3,2,2,5,3,-3,5,8,7,7,0,-2,3,5,-1,-5,16,1,6,7,2,0,-1,1,-1,-1,-1,3,1
KR_6646253359,420,0,-25,15,-3,-4,2,6,2,7,5,0,1,1,0,1,1,-1,0,1,0,-1,21,0,7,7,-4,0,-1,1,1,-1,-1,4,1
KR_6760985111,420,-3,-41,-37,-8,2,4,2,-5,0,5,0,1,1,-3,1,4,-2,0,2,1,-15,0,1,6,7,-2,0,-1,-1,1,-1,1,6,1
KR_6692829954,420,1,34,23,3,-4,1,5,0,6,6,1,4,3,3,5,2,3,3,0,0,5,7,1,6,7,0,0,-1,1,-1,-1,1,1,1
KR_6751312896,420,2,59,13,4,0,1,1,-1,2,3,1,3,2,3,4,1,1,1,0,0,7,5,-2,9,7,3,0,1,1,-1,1,1,4,1
KR_6656299326,420,2,-13,24,1,0,2,2,0,3,3,0,0,0,2,5,3,-1,0,1,0,0,-11,-2,10,8,-1,0,0,-1,1,0,-1,1,1
KR_6710650719,420,0,66,3,-1,-3,0,3,2,4,2,-2,2,4,1,5,4,1,1,0,0,-7,-21,-1,9,8,8,0,2,1,-1,1,1,4,1
KR_6642193919,420,6,48,39,17,6,7,1,3,7,4,2,2,0,4,5,1,2,2,0,0,18,222,4,3,7,2,0,3,1,1,1,-1,2,1
KR_6726039768,420,8,59,29,12,6,8,2,5,7,2,1,2,1,1,2,1,-1,2,3,0,10,6,0,5,5,-3,0,0,1,-1,1,1,2,1
KR_6698611781,420,5,65,24,-4,-3,3,6,-2,4,6,2,2,0,0,3,3,-1,0,1,-2,-6,9,7,4,11,-3,0,2,1,1,1,-1,1,1
KR_6707681165,440,3,11,-4,9,5,7,2,2,4,2,4,6,2,-3,2,5,1,2,1,0,10,-43,-3,5,2,14,0,0,1,-1,-1,1,2,1
KR_6765936493,440,-1,-45,-13,1,0,0,0,-1,1,2,1,2,1,1,2,1,0,0,0,0,6,-23,-1,4,3,5,0,-1,1,-1,-1,1,1,1
KR_6764003562,420,2,6,-20,9,3,3,0,-3,1,4,4,4,0,4,4,0,1,2,1,0,10,16,2,7,9,9,0,0,1,-1,1,1,2,1
KR_6696621256,420,-1,29,-18,-2,1,2,1,-7,2,9,1,5,4,3,5,2,0,0,0,0,3,21,-2,7,5,-2,0,1,-1,-1,1,-1,5,1
KR_6764592360,420,0,25,0,5,-1,1,2,1,2,1,1,2,1,5,8,3,-1,0,1,-1,8,-180,-2,7,5,-1,0,-1,1,-1,-1,-1,6,1
KR_6690086032,420,2,76,-19,7,-2,0,2,1,2,1,-2,0,2,8,10,2,2,2,0,3,16,6,4,4,8,1,0,3,1,1,1,-1,5,1
KR_6738741318,420,4,49,-4,12,3,4,1,3,6,3,6,6,0,-1,4,5,1,1,0,0,24,-30,-1,6,5,5,0,-1,1,1,-1,1,3,1
KR_6624671809,420,3,31,8,4,2,2,0,1,5,4,1,2,1,-2,2,4,2,2,0,0,1,-26,-3,8,5,4,0,2,1,0,1,1,5,1
KR_6768033584,420,-2,35,-13,1,-1,1,2,2,5,3,-3,1,4,0,3,3,3,4,1,0,-4,-27,2,6,8,3,0,1,1,-1,1,1,2,1
KR_6644775009,420,0,32,22,-6,-1,0,1,3,5,2,-3,1,4,-3,4,7,-2,0,2,0,-6,-1,3,3,6,2,0,0,-1,1,0,-1,2,1
KR_6679649498,420,4,-23,16,8,1,2,1,2,4,2,2,3,1,3,4,1,0,2,2,0,16,11,-3,8,5,2,0,2,1,-1,1,1,5,1
KR_6608135279,440,3,-2,36,7,1,1,0,6,8,2,1,2,1,-1,1,2,0,2,2,0,10,49,-1,5,4,-3,0,2,1,1,1,-1,6,1
KR_6765850266,440,2,-62,8,9,0,0,0,5,5,0,2,3,1,0,0,0,2,2,0,0,15,6,-3,9,6,1,0,0,1,1,0,1,1,1
KR_6663539854,420,2,34,-14,0,3,3,0,5,5,0,-1,1,2,-5,0,5,-2,0,2,0,-3,5,6,3,9,-4,0,2,-1,1,1,-1,4,1
KR_6556865898,420,5,123,-14,17,2,4,2,11,11,0,1,2,1,5,5,0,-2,1,3,0,8,-41,-6,12,6,11,0,2,1,1,1,1,5,1
KR_6767064485,420,1,-47,29,0,1,1,0,3,4,1,0,0,0,-5,2,7,1,1,0,0,-1,193,3,4,7,-2,0,0,-1,-1,-1,-1,3,1
KR_6767577878,420,7,79,92,2,2,2,0,1,1,0,-1,1,2,0,2,2,0,1,1,0,-1,15,2,6,8,-2,0,2,1,1,1,-1,6,1
KR_6738856028,420,0,-37,14,-3,-1,0,1,0,0,0,1,3,2,-3,0,3,0,1,1,0,-4,42,4,3,7,-4,0,0,1,1,0,1,2,1
KR_6738843826,420,0,6,-2,0,0,2,2,4,4,0,-3,3,6,1,7,6,-2,1,3,1,5,-2,2,6,8,-1,0,0,-1,1,0,1,4,1
KR_6755574717,420,1,10,23,8,3,5,2,1,1,0,4,4,0,0,2,2,0,0,0,0,13,-4,1,6,7,-5,0,-1,1,-1,-1,-1,6,1
KR_6733790690,420,3,42,8,8,-4,0,4,8,9,1,2,4,2,3,3,0,-1,2,3,0,18,0,4,3,7,-1,0,1,1,1,1,-1,6,1
KR_6649096643,420,4,48,35,7,2,3,1,-2,2,4,4,5,1,1,1,0,2,3,1,0,2,-15,-4,11,7,10,0,3,1,1,1,-1,1,1
KR_6641742776,420,6,62,-4,7,2,5,3,3,4,1,1,3,2,0,5,5,1,2,1,-1,1,17,-4,7,3,-2,0,0,-1,1,-1,-1,4,1
KR_6746647687,420,0,-29,2,-2,0,1,1,-3,1,4,4,4,0,-2,1,3,-1,0,1,0,-1,-6,3,6,9,2,0,0,1,-1,0,-1,1,1
KR_6694839036,420,2,-23,-7,1,3,3,0,-1,2,3,-2,3,5,1,1,0,0,1,1,0,0,-27,4,5,9,-3,0,0,1,-1,-1,1,1,1
KR_6756164786,420,2,61,-28,-4,3,3,0,3,4,1,-5,1,6,-3,2,5,-2,0,2,0,-10,7,5,7,12,-8,0,0,-1,-1,0,-1,6,1
KR_6757539654,420,0,42,-1,-4,-2,0,2,-2,1,3,0,4,4,0,4,4,0,1,1,0,-9,-5,-2,8,6,-4,0,0,0,-1,0,1,0,1
KR_6682396682,420,4,61,9,11,3,5,2,5,5,0,-5,1,6,7,9,2,1,3,2,0,19,4,1,3,4,1,0,3,0,0,1,-1,0,1
KR_6652162238,420,2,42,-11,-1,0,0,0,-1,1,2,1,4,3,-1,5,6,0,1,1,0,-5,22,4,4,8,2,0,1,-1,1,1,-1,1,1
KR_6767006433,420,1,37,2,1,3,3,0,0,3,3,-3,1,4,0,1,1,1,1,0,0,1,5,0,3,3,0,0,-1,1,-1,-1,1,1,1
KR_6711756805,420,-1,28,12,-3,2,3,1,0,5,5,0,1,1,-4,0,4,-1,1,2,0,-6,7,0,8,8,-1,0,1,-1,-1,1,1,2,1
KR_6732980604,420,7,55,30,11,6,7,1,2,5,3,0,2,2,3,3,0,0,1,1,1,4,5,2,4,6,-4,0,1,1,1,1,1,6,1
KR_6765604887,420,0,40,2,5,0,1,1,2,4,2,-1,1,2,2,2,0,2,3,1,0,8,-15,0,5,5,5,0,1,1,-1,-1,-1,4,1
KR_6703757152,420,1,48,1,4,2,2,0,3,3,0,-2,4,6,0,2,2,1,2,1,1,6,-4,4,6,10,-2,0,0,1,-1,-1,1,6,1
KR_6713019752,420,-1,-30,-52,1,-3,1,4,2,4,2,2,3,1,-1,2,3,1,1,0,0,-4,-9,4,4,8,-1,0,-2,1,-1,-1,-1,1,1
KR_6756774380,420,3,31,9,7,1,3,2,3,3,0,0,1,1,0,1,1,3,3,0,1,8,41,-4,7,3,1,0,0,0,1,0,1,0,1
KR_6749982444,420,4,27,8,14,-1,0,1,3,5,2,12,12,0,-2,1,3,2,2,0,0,11,18,-2,5,3,-1,0,2,1,1,1,1,4,1
KR_6763415766,420,2,14,32,-1,0,4,4,-4,0,4,5,7,2,-2,2,4,0,1,1,0,-9,1,-1,5,4,-2,0,0,0,1,-1,1,0,1
KR_6736523379,420,-1,6,-15,3,-1,3,4,4,5,1,0,4,4,0,0,0,0,1,1,0,10,-2,2,4,6,1,0,0,1,1,0,1,4,1
KR_6669948142,420,1,53,-33,5,2,3,1,-2,3,5,5,6,1,0,1,1,0,0,0,0,7,20,3,6,9,1,0,2,-1,1,1,1,3,1
KR_6692660295,420,-1,-36,36,-6,-2,2,4,-2,4,6,0,3,3,-2,1,3,0,0,0,-1,-9,1,-1,4,3,1,0,0,1,-1,-1,-1,3,1
KR_6625251060,420,5,27,9,15,4,4,0,4,6,2,1,4,3,6,6,0,0,0,0,0,8,-40,2,3,5,23,0,4,1,-1,1,1,2,1
KR_6668321587,420,4,25,-21,10,5,6,1,-3,1,4,7,8,1,3,4,1,-2,1,3,-1,4,277,4,4,8,1,0,1,1,1,1,-1,2,1
KR_6744151107,420,1,24,2,-2,-2,0,2,4,7,3,-2,1,3,-1,1,2,-1,1,2,0,-2,6,2,4,6,0,0,-2,1,-1,-1,1,5,1
KR_6619202547,420,4,13,20,8,3,3,0,1,3,2,4,6,2,0,0,0,0,0,0,0,12,16,4,6,10,-6,0,0,1,1,1,1,1,1
KR_6576458886,420,1,41,-35,6,2,2,0,4,5,1,1,2,1,-1,2,3,0,0,0,0,8,4,1,6,7,-1,0,1,1,-1,1,-1,4,1
KR_6751034434,420,0,31,20,2,-5,0,5,2,4,2,0,2,2,2,6,4,3,4,1,0,7,7,0,5,5,1,0,2,-1,1,1,-1,5,1
KR_6759301561,420,-1,-26,27,0,-6,0,6,2,6,4,1,3,2,2,5,3,1,1,0,0,11,6,4,7,11,10,0,0,-1,1,1,-1,3,1
KR_6690181078,420,-1,-46,1,-2,3,3,0,5,7,2,-3,0,3,-4,1,5,-3,1,4,0,3,3,3,3,6,-2,0,-1,-1,1,-1,-1,6,1
KR_6665354802,420,3,9,7,11,-2,0,2,6,6,0,3,4,1,5,6,1,-1,2,3,0,13,66,-1,10,9,3,0,2,1,1,1,1,5,1
KR_6614162361,420,9,95,53,23,5,6,1,6,9,3,3,5,2,8,11,3,1,1,0,2,32,18,-1,8,7,1,0,4,1,1,1,1,3,1
KR_6757143638,420,1,18,8,-8,-2,2,4,2,5,3,0,2,2,-5,4,9,-3,2,5,-3,-10,17,0,5,5,4,0,0,-1,0,1,-1,2,1
KR_6606032206,420,2,-21,22,6,2,2,0,6,7,1,-2,2,4,1,3,2,-1,0,1,0,16,-3,1,9,10,3,0,0,1,1,1,1,3,1
KR_6754133113,420,4,-8,-28,4,1,2,1,1,2,1,3,4,1,0,4,4,-1,0,1,0,5,-1,1,7,8,-2,0,0,1,-1,0,1,3,1
KR_6674267726,420,4,54,11,12,1,3,2,-1,3,4,2,3,1,8,9,1,2,2,0,0,11,3,3,5,8,3,0,3,1,1,1,1,6,1
KR_6748501735,420,-1,28,-16,8,0,4,4,0,1,1,4,5,1,2,4,2,2,2,0,1,7,-2,0,6,6,-3,0,0,1,1,1,1,4,1
KR_6716392573,420,4,13,67,7,2,4,2,2,6,4,1,1,0,2,3,1,0,1,1,0,5,97,-5,10,5,3,0,1,1,-1,1,1,2,1
KR_6757974258,420,0,6,0,2,2,3,1,-2,1,3,-2,0,2,3,3,0,1,1,0,0,3,0,-1,4,3,-1,0,0,-1,1,1,-1,5,1
KR_6761116687,420,2,106,20,1,-1,2,3,4,6,2,-4,0,4,4,6,2,-2,1,3,0,2,-10,-1,6,5,1,0,0,1,0,1,-1,3,1
KR_6749598715,440,1,-47,-35,-1,0,1,1,2,6,4,-5,0,5,3,7,4,-1,2,3,0,-4,2,-5,7,2,2,0,0,-1,1,1,-1,4,1
KR_6710654654,440,9,51,28,18,1,4,3,4,6,2,7,9,2,5,6,1,1,2,1,0,15,-7,2,4,6,2,0,2,1,1,1,1,6,1
KR_6767553282,420,3,64,4,7,2,2,0,1,4,3,3,3,0,4,6,2,-3,2,5,0,11,-2,1,3,4,5,0,5,1,-1,1,-1,2,1
KR_6701995271,420,-2,-79,-12,2,2,3,1,0,0,0,-1,1,2,1,3,2,0,1,1,1,-3,-1,-2,6,4,-4,0,0,-1,-1,-1,1,4,1
KR_6606377174,420,-2,29,24,-2,-3,1,4,-4,3,7,10,12,2,-4,1,5,-1,1,2,1,-5,-8,-7,10,3,4,0,-2,1,-1,-1,1,5,1
KR_6765055141,440,3,72,12,8,-1,6,7,10,11,1,2,8,6,0,4,4,-3,1,4,2,8,1,4,4,8,4,0,1,-1,1,1,1,3,1
KR_6762147610,420,6,73,24,19,1,2,1,8,10,2,3,6,3,1,5,4,6,6,0,1,23,31,3,2,5,-3,0,-1,0,1,1,1,0,1
KR_6688466621,420,2,10,12,6,2,2,0,1,4,3,1,5,4,1,4,3,1,2,1,0,6,129,0,8,8,10,0,1,1,1,1,1,2,1
KR_6757126859,420,3,-2,-9,6,-1,2,3,3,8,5,1,3,2,1,2,1,2,2,0,0,12,-4,4,6,10,1,0,0,-1,-1,0,-1,5,1
KR_6661660531,440,4,100,41,10,3,7,4,-3,0,3,6,6,0,1,1,0,3,3,0,0,7,-252,-1,7,6,1,0,1,1,1,1,-1,6,1
KR_6747462468,420,0,43,-18,-1,1,1,0,0,2,2,-3,0,3,0,2,2,1,1,0,0,0,-13,-5,9,4,14,0,1,0,-1,1,1,0,1
KR_6690234997,420,1,-14,24,3,0,2,2,-1,1,2,-1,3,4,5,5,0,0,0,0,0,11,20,-3,6,3,4,0,-2,-1,1,-1,1,3,1
KR_6767479574,420,0,54,-8,5,2,4,2,1,4,3,2,6,4,-1,3,4,1,3,2,1,-6,-26,0,5,5,6,0,1,-1,1,1,1,3,1
KR_6758510938,420,-1,-13,-8,1,-1,2,3,3,6,3,-1,1,2,-1,1,2,1,1,0,1,9,37,-2,9,7,1,0,0,1,-1,-1,1,4,1
KR_6755753656,420,2,48,-24,6,-2,3,5,0,2,2,-2,2,4,10,11,1,0,1,1,2,7,-3,-3,8,5,1,0,1,1,-1,1,1,2,1
KR_6631283299,420,2,22,27,7,0,2,2,1,5,4,2,5,3,5,6,1,-1,1,2,0,14,16,9,4,13,-2,0,1,1,1,1,1,1,1
KR_6763731361,420,3,84,4,9,1,2,1,-2,3,5,5,5,0,3,4,1,2,2,0,0,8,203,2,3,5,0,0,1,1,-1,1,1,3,1
KR_6664176947,420,1,-4,40,-11,-3,1,4,-6,2,8,-1,0,1,0,3,3,-1,1,2,-1,-16,-4,-1,8,7,-4,0,-1,-1,-1,-1,-1,1,1
KR_6644782597,420,4,31,-18,7,-1,1,2,0,2,2,2,2,0,4,4,0,2,2,0,0,9,-48,-3,12,9,4,0,-1,1,-1,-1,-1,1,1
KR_6674542187,440,0,-8,4,8,1,2,1,3,4,1,0,2,2,4,5,1,0,1,1,0,7,-1,-2,7,5,-2,0,1,1,1,1,1,1,1
KR_6601779979,420,0,-6,18,5,-3,2,5,4,6,2,-1,3,4,4,4,0,1,1,0,0,0,-146,2,6,8,-3,0,2,1,1,1,1,2,1
KR_6682949703,420,4,82,14,8,-3,1,4,5,8,3,3,5,2,2,3,1,1,2,1,0,8,-1,0,5,5,1,0,0,1,1,1,1,2,1
KR_6685631082,420,3,86,-8,5,-1,0,1,2,5,3,1,2,1,0,2,2,3,3,0,0,13,6,0,4,4,5,0,1,1,-1,1,-1,6,1
KR_6732869788,420,0,-29,-3,-1,-3,0,3,2,3,1,1,2,1,-1,2,3,0,0,0,0,9,13,2,5,7,1,0,-1,1,-1,-1,1,4,1
KR_6765513622,420,-2,-47,11,-5,1,1,0,3,3,0,-2,0,2,-6,2,8,-1,1,2,-2,-11,2,1,5,6,0,0,-1,-1,1,-1,-1,5,1
KR_6664830394,420,1,12,-3,2,1,1,0,-3,2,5,1,3,2,2,2,0,1,2,1,0,-2,125,1,5,6,2,0,1,1,1,1,-1,5,1
KR_6760371936,420,2,-7,33,-1,1,2,1,2,9,7,-5,4,9,1,2,1,0,1,1,0,5,127,-1,7,6,-6,0,2,1,-1,1,-1,5,1
KR_6699975850,420,2,41,22,8,2,3,1,0,4,4,6,7,1,0,3,3,0,1,1,0,11,-1,1,6,7,-3,0,0,1,1,0,1,4,1
KR_6767450219,420,0,-41,30,4,1,2,1,-5,1,6,8,9,1,-1,3,4,1,1,0,1,7,-1,1,6,7,-1,0,0,1,-1,1,1,1,1
KR_6726166958,420,6,50,32,9,2,3,1,2,6,4,1,1,0,3,5,2,1,4,3,0,7,11,2,4,6,5,0,1,1,1,1,1,2,1
KR_6557080347,420,-1,55,-17,9,3,6,3,-6,3,9,6,6,0,-2,1,3,8,10,2,3,7,-3,0,7,7,0,0,0,1,-1,-1,1,2,1
KR_6744688211,420,-2,-12,-8,2,1,2,1,2,5,3,-2,0,2,-1,0,1,2,2,0,0,2,-5,-2,5,3,5,0,1,1,1,1,1,5,1
KR_6750072602,420,1,33,16,1,2,3,1,1,4,3,-2,1,3,0,1,1,0,1,1,0,2,7,-1,8,7,1,0,0,-1,-1,1,-1,4,1
KR_6764430582,440,2,0,-7,-3,-1,3,4,-3,6,9,7,7,0,3,3,0,-9,0,9,0,0,-142,6,3,9,0,0,0,-1,1,1,-1,4,1
KR_6755944987,420,1,12,23,2,3,4,1,2,2,0,-4,0,4,1,2,1,0,1,1,0,-2,49,3,7,10,-19,0,1,-1,1,1,-1,5,1
KR_6759002812,440,3,56,24,7,5,6,1,3,3,0,1,2,1,-2,3,5,0,0,0,0,7,8,-2,5,3,-1,0,1,-1,1,1,1,5,1
KR_6750697762,420,-2,-52,-15,-2,2,4,2,0,1,1,1,3,2,-3,3,6,-2,3,5,1,-2,0,0,3,3,2,0,1,-1,1,-1,1,2,1
KR_6618284456,420,0,71,-15,2,0,2,2,0,0,0,0,0,0,1,4,3,1,3,2,0,2,39,4,5,9,1,0,2,-1,1,1,1,6,1
KR_6644812394,420,4,14,20,10,3,3,0,1,3,2,2,3,1,3,5,2,1,1,0,0,6,43,-2,5,3,4,0,1,1,1,1,-1,3,1
KR_6714074312,420,8,72,20,20,9,9,0,5,6,1,2,2,0,1,3,2,3,3,0,0,20,34,-2,7,5,7,0,3,-1,1,1,1,5,1
KR_6766588404,420,7,53,37,13,6,7,1,7,7,0,0,2,2,3,3,0,-3,1,4,0,10,-1,-1,5,4,2,0,1,0,1,1,-1,0,1
KR_6648670736,420,-3,-25,15,-5,-6,0,6,0,1,1,-1,3,4,2,2,0,0,1,1,0,0,4,-1,5,4,-4,0,0,1,-1,1,-1,3,1
KR_6678203082,420,0,23,-13,-1,2,2,0,-3,5,8,3,4,1,-4,1,5,1,1,0,0,2,2,0,6,6,-1,0,0,1,-1,0,-1,4,1
KR_6765166957,420,3,44,-20,3,-1,1,2,0,3,3,3,4,1,-1,4,5,2,3,1,1,7,-28,-1,5,4,4,0,-1,1,-1,-1,1,3,1
KR_6767845071,420,0,-10,-3,2,1,4,3,2,3,1,-3,1,4,-2,1,3,4,4,0,1,7,3,-6,11,5,-9,0,0,1,-1,0,1,6,1
KR_6760151848,420,2,27,-1,5,2,4,2,1,2,1,1,6,5,-1,7,8,2,2,0,1,11,-34,0,4,4,-1,0,1,1,-1,1,1,4,1
KR_6639716434,420,5,84,-3,2,3,4,1,-3,3,6,1,1,0,0,0,0,1,2,1,0,0,9,3,2,5,-4,0,2,1,1,1,-1,5,1
KR_6755223598,440,6,-13,15,8,3,3,0,1,1,0,0,3,3,1,4,3,3,4,1,0,4,-4,-2,5,3,2,0,3,1,-1,1,-1,6,1
KR_6754744809,420,-1,-6,-11,-3,3,4,1,-2,1,3,0,1,1,-3,1,4,-1,0,1,-1,-8,41,1,6,7,1,0,-2,-1,-1,-1,-1,6,1
KR_6705964150,420,3,20,2,8,3,4,1,2,3,1,-2,2,4,1,1,0,4,4,0,0,10,26,0,4,4,1,0,2,1,1,1,-1,4,1
KR_6728890113,440,1,37,-8,-1,0,1,1,-1,2,3,4,5,1,2,2,0,-6,2,8,-1,-1,6,3,2,5,-4,0,0,1,0,0,-1,4,1
KR_6682427923,420,4,26,19,2,4,5,1,0,0,0,-4,1,5,1,5,4,1,2,1,2,7,7,-1,8,7,-6,0,1,1,-1,1,1,4,1
KR_6679520851,420,2,-8,-2,3,-3,2,5,0,4,4,6,6,0,-1,2,3,1,3,2,1,8,-11,0,7,7,8,0,-2,1,-1,-1,1,3,1
KR_6428920744,420,0,25,7,0,-1,1,2,5,8,3,-3,0,3,-3,1,4,2,2,0,-1,4,-37,8,4,12,-3,0,-1,1,-1,-1,-1,4,1
KR_6752820842,440,3,27,-9,7,2,3,1,3,4,1,-1,0,1,3,3,0,0,0,0,0,9,-32,0,6,6,15,0,1,-1,0,1,1,5,1
KR_6695136657,420,4,51,-4,13,1,3,2,2,5,3,8,10,2,1,3,2,1,1,0,1,21,6,1,8,9,2,0,1,-1,1,1,1,1,1
KR_6753132572,420,0,-3,29,2,0,5,5,0,2,2,5,5,0,-2,2,4,-1,2,3,0,4,5,4,3,7,-1,0,0,-1,1,0,1,5,1
KR_6593777640,420,2,57,-3,0,-2,1,3,-1,1,2,5,8,3,-2,1,3,0,0,0,0,-5,3,-3,7,4,3,0,1,-1,1,1,-1,5,1
KR_6764921354,420,-1,-2,-5,-2,-2,1,3,-3,0,3,2,2,0,3,5,2,-2,0,2,-1,2,1,-1,4,3,0,0,0,0,-1,0,-1,0,1
KR_6758620014,440,3,83,28,1,-3,0,3,2,3,1,1,3,2,0,1,1,1,1,0,0,0,2,-2,6,4,-3,0,2,-1,1,1,-1,2,1
KR_6637541696,420,6,52,35,18,5,7,2,8,9,1,2,6,4,2,4,2,1,1,0,0,14,30,-1,5,4,1,0,1,1,1,1,1,4,1
KR_6693694917,420,-2,-62,-13,3,9,11,2,-8,0,8,-2,0,2,3,4,1,1,2,1,2,5,37,4,8,12,-6,0,-1,1,1,1,1,5,1
KR_6694418071,420,-1,4,-20,5,2,3,1,-3,2,5,1,3,2,5,7,2,0,1,1,0,2,-6,2,6,8,-7,0,1,1,-1,1,1,3,1
KR_6764771966,440,-2,-58,3,-9,-1,1,2,0,2,2,0,4,4,-8,0,8,0,2,2,0,-9,60,1,5,6,0,0,-2,-1,0,-1,1,6,1
KR_6749857158,420,5,-8,16,5,0,1,1,8,9,1,-1,2,3,-3,2,5,1,2,1,0,10,7,-3,8,5,-3,0,1,-1,1,1,-1,1,1
KR_6656261125,420,0,3,9,-1,2,2,0,-3,2,5,2,6,4,-1,1,2,-1,0,1,0,-11,-23,-9,10,1,1,0,1,-1,1,1,1,4,1
KR_6756051800,420,6,37,1,11,3,5,2,4,6,2,1,2,1,4,7,3,-1,0,1,0,11,-391,1,5,6,6,0,1,1,1,1,1,6,1
KR_6730944697,420,-1,41,-36,8,-1,3,4,0,1,1,4,7,3,3,4,1,2,2,0,0,12,9,0,5,5,4,0,0,-1,1,1,1,1,1
KR_6752890672,420,4,42,4,3,1,2,1,1,1,0,1,2,1,0,1,1,0,0,0,0,0,4,2,3,5,4,0,0,1,1,1,1,2,1
KR_6764377795,420,4,35,-19,16,0,0,0,2,3,1,1,4,3,10,11,1,3,4,1,3,14,-11,3,7,10,4,0,1,1,-1,1,1,4,1
KR_6761860562,440,-2,-21,-6,-1,3,4,1,-4,1,5,3,4,1,1,4,3,-4,0,4,0,3,17,-2,6,4,3,0,0,1,0,-1,1,5,1
KR_6738133058,420,-1,-70,22,-3,-1,1,2,0,2,2,-3,2,5,3,3,0,-2,1,3,-1,1,-21,-8,12,4,-4,0,0,-1,-1,0,-1,4,1
KR_6767081670,420,-1,-26,0,-1,0,1,1,2,3,1,2,3,1,-6,0,6,1,1,0,0,4,-3,-3,7,4,-4,0,0,-1,1,0,-1,6,1
KR_6693337254,420,0,12,3,-1,-2,3,5,1,3,2,3,5,2,-3,1,4,0,1,1,0,0,-265,6,4,10,-4,0,0,1,1,0,1,2,1
KR_6662651742,420,5,78,38,4,1,1,0,7,11,4,-3,1,4,0,4,4,-1,0,1,0,6,8,-1,6,5,0,0,3,-1,1,1,1,2,1
KR_6720698359,420,4,107,-9,13,3,4,1,1,5,4,3,5,2,0,1,1,6,8,2,0,11,6,-3,7,4,-12,0,2,1,0,1,1,2,1
KR_6766375908,420,7,120,23,13,2,2,0,5,6,1,4,5,1,1,6,5,1,1,0,0,16,35,-4,9,5,-17,0,3,1,1,1,1,6,1
KR_6767439705,440,5,26,10,8,-1,0,1,0,2,2,-1,1,2,3,3,0,7,8,1,0,9,-8,-4,6,2,4,0,1,-1,1,1,-1,6,1
KR_6717895312,420,-2,-33,-33,1,-2,1,3,-1,4,5,1,1,0,2,5,3,1,2,1,0,4,-18,-2,7,5,0,0,0,1,-1,0,1,6,1
KR_6726780760,440,3,-15,32,14,3,3,0,5,5,0,0,4,4,6,6,0,0,2,2,1,17,-4,-1,4,3,5,0,1,1,1,1,1,6,1
KR_6765079016,420,2,29,-12,6,0,0,0,3,4,1,5,6,1,-2,3,5,0,0,0,0,12,9,0,6,6,1,0,1,-1,1,1,-1,2,1
KR_6670108517,420,2,19,32,4,1,2,1,-1,1,2,4,6,2,1,6,5,-1,0,1,1,-4,15,4,7,11,6,0,1,1,1,1,1,1,1
KR_6673303819,420,-1,1,6,-1,1,1,0,2,4,2,-3,2,5,-1,3,4,0,0,0,0,-4,-9,2,4,6,6,0,0,1,1,1,-1,2,1
KR_6685556742,420,1,-65,16,2,4,4,0,5,5,0,-3,1,4,-6,3,9,2,2,0,-1,2,6,8,2,10,-5,0,0,1,-1,-1,-1,6,1
KR_6766780768,420,1,37,-16,-3,-1,4,5,-3,0,3,-1,0,1,4,7,3,-2,2,4,-1,-6,-9,2,6,8,-2,0,-2,-1,-1,-1,1,1,1
KR_6765737846,420,3,45,-15,2,-1,0,1,3,3,0,8,8,0,-1,4,5,-7,2,9,0,3,-29,-5,8,3,2,0,-1,1,-1,-1,-1,6,1
KR_6684885140,420,4,-23,4,8,-1,2,3,1,4,3,2,5,3,8,9,1,-2,0,2,-1,12,43,2,4,6,-2,0,2,1,1,1,-1,6,1
KR_6743836234,440,2,19,-8,6,-2,1,3,6,6,0,1,5,4,0,2,2,1,1,0,0,4,-3,4,5,9,1,0,0,1,0,0,1,6,1
KR_6744182736,420,-2,-6,1,-3,-3,0,3,1,4,3,1,4,3,-3,2,5,1,1,0,0,-8,-10,-4,10,6,-2,0,-1,1,1,-1,-1,3,1
KR_6617705583,420,0,-20,-3,6,0,1,1,7,9,2,-2,2,4,1,4,3,0,2,2,2,11,26,1,5,6,1,0,0,1,1,1,1,5,1
KR_6705495263,420,3,14,-12,9,0,3,3,0,4,4,8,8,0,-1,0,1,2,3,1,-1,3,15,4,2,6,-3,0,0,-1,1,1,-1,3,1
KR_6740488635,420,0,28,4,-4,1,5,4,-1,2,3,-2,1,3,-3,0,3,1,1,0,0,-6,-180,-3,6,3,-6,0,1,1,-1,1,1,3,1
KR_6752933343,420,1,-6,-4,-2,1,1,0,0,4,4,0,3,3,-5,3,8,2,2,0,0,2,156,4,4,8,6,0,0,1,-1,-1,1,5,1
KR_6723187364,420,-1,39,-20,1,-3,1,4,2,3,1,1,1,0,0,2,2,1,1,0,0,3,-12,-4,7,3,5,0,-1,-1,-1,-1,-1,4,1
KR_6725529309,420,5,13,26,11,2,3,1,1,4,3,4,4,0,1,2,1,3,4,1,0,17,23,5,3,8,-4,0,-1,-1,1,1,-1,3,1
KR_6765530983,420,3,57,-7,1,-3,2,5,-2,4,6,2,2,0,4,4,0,0,0,0,0,2,-23,1,6,7,-3,0,1,-1,1,1,1,1,1
KR_6605695004,420,2,56,0,7,5,6,1,-4,1,5,5,6,1,3,3,0,-2,0,2,0,2,-1,-4,9,5,0,0,2,1,1,1,1,4,1
KR_6763708729,440,6,-12,27,14,-2,1,3,0,2,2,2,5,3,7,7,0,7,7,0,0,7,2,-2,7,5,-1,0,2,-1,1,1,1,5,1
KR_6751280402,440,3,20,3,9,4,4,0,2,7,5,1,2,1,4,4,0,-2,0,2,0,3,-7,2,4,6,5,0,1,0,-1,1,1,0,1
KR_6683508843,420,1,-3,-16,0,2,3,1,-2,1,3,-3,1,4,1,3,2,2,3,1,0,4,22,-2,6,4,-3,0,0,-1,-1,-1,-1,2,1
KR_6765479331,420,-4,24,-7,-6,-2,1,3,0,5,5,-1,0,1,0,1,1,-3,2,5,0,-7,-2,6,3,9,-2,0,0,1,-1,1,-1,5,1
KR_6766281241,420,3,21,77,1,-1,2,3,2,3,1,1,1,0,-4,1,5,3,3,0,1,7,18,2,4,6,6,0,-1,1,1,-1,1,2,1
KR_6685669234,420,0,-5,12,1,1,2,1,3,6,3,-2,1,3,0,2,2,-1,0,1,0,6,-87,7,3,10,-5,0,-1,1,1,1,1,6,1
KR_6679610651,420,4,43,13,12,2,2,0,0,1,1,8,9,1,2,2,0,0,0,0,0,14,5,2,5,7,2,0,1,1,1,1,1,4,1
KR_6697121994,420,7,99,40,9,5,6,1,3,4,1,1,3,2,-1,2,3,1,4,3,-1,-4,-11,-6,11,5,10,0,1,1,-1,1,-1,6,1
KR_6763291370,420,1,-39,19,0,1,1,0,3,4,1,2,2,0,-6,0,6,0,2,2,0,-3,17,0,4,4,0,0,0,-1,1,1,-1,1,1
KR_6767980106,420,1,-33,-3,8,-3,1,4,1,4,3,1,3,2,5,6,1,4,4,0,0,15,2,0,6,6,-1,0,0,1,1,0,1,4,1
KR_6601441765,420,2,-68,-11,6,1,3,2,4,5,1,-1,3,4,-2,0,2,4,4,0,0,15,12,1,3,4,-3,0,-1,1,-1,-1,1,5,1
KR_6618215255,420,2,4,0,10,0,1,1,-2,5,7,3,3,0,7,7,0,2,2,0,0,10,10,4,2,6,-2,0,1,1,-1,1,1,5,1
KR_6718566821,420,-2,-7,8,-5,-5,1,6,-1,2,3,-3,0,3,4,4,0,0,1,1,0,-5,-11,-2,7,5,1,0,-2,1,-1,-1,-1,5,1
KR_6760995774,420,1,23,-35,6,2,2,0,3,3,0,-3,0,3,4,4,0,0,0,0,0,3,39,1,4,5,-3,0,0,1,-1,1,1,5,1
KR_6767961808,420,0,-57,14,1,-1,0,1,3,3,0,3,5,2,-5,2,7,1,2,1,0,5,-17,4,3,7,0,0,1,1,1,1,-1,2,1
KR_6759083062,420,1,29,27,1,-4,0,4,-2,4,6,-1,2,3,4,4,0,4,4,0,0,3,-3,0,4,4,2,0,0,1,1,1,1,4,1
KR_6750571911,420,1,23,-2,0,2,4,2,1,3,2,3,3,0,-3,6,9,-3,0,3,-1,10,-34,0,6,6,-3,0,1,1,-1,1,1,4,1
KR_6763703454,420,3,78,-14,13,-1,1,2,2,2,0,3,4,1,9,9,0,0,0,0,0,15,0,6,4,10,6,0,2,1,1,1,1,2,1
KR_6746761342,420,1,77,31,0,1,2,1,-3,1,4,1,3,2,2,5,3,-1,1,2,0,-2,-5,2,4,6,2,0,0,1,-1,-1,1,5,1
KR_6576443296,420,-2,-21,0,-5,0,0,0,-1,3,4,-1,2,3,0,3,3,-3,0,3,0,-8,-11,0,8,8,-3,0,-1,1,-1,-1,1,5,1
KR_6684314081,420,2,11,39,-1,-1,3,4,-1,5,6,-1,1,2,3,4,1,-1,2,3,0,-5,21,-2,7,5,5,0,1,1,-1,1,-1,6,1
KR_6766647642,420,3,110,28,1,4,5,1,2,4,2,-4,2,6,-1,2,3,0,0,0,0,-2,-7,-4,10,6,4,0,0,1,-1,1,1,2,1
KR_6759605806,420,0,-28,-16,6,0,2,2,1,3,2,1,2,1,3,4,1,1,2,1,1,15,-5,2,5,7,-1,0,1,1,1,-1,1,5,1
KR_6766703518,420,3,68,-20,1,-2,1,3,-4,1,5,-1,2,3,8,10,2,0,0,0,-4,3,-4,-3,8,5,3,0,1,-1,-1,1,-1,2,1
KR_6743640386,440,5,61,38,4,7,7,0,0,3,3,1,4,3,-5,6,11,1,2,1,-3,-10,109,-5,7,2,0,0,1,1,1,1,-1,6,1
KR_6688477552,420,5,89,11,2,-1,0,1,2,5,3,-3,1,4,4,5,1,0,0,0,1,5,4,-4,7,3,-1,0,1,1,-1,1,-1,5,1
KR_6767304698,420,-1,-3,-21,-2,5,6,1,-2,0,2,1,2,1,-3,2,5,-3,0,3,0,-2,4,2,4,6,-4,0,1,-1,1,1,-1,5,1
KR_6715734759,420,8,103,23,12,-2,1,3,0,3,3,3,3,0,10,10,0,1,1,0,0,19,-3,1,2,3,5,0,2,1,1,1,-1,3,1
KR_6742913639,420,2,32,-4,4,0,2,2,3,6,3,4,4,0,-1,1,2,-2,0,2,0,7,-31,0,6,6,7,0,-1,1,-1,-1,1,4,1
KR_6740626208,420,6,61,25,18,2,2,0,3,4,1,0,3,3,8,8,0,5,5,0,0,21,134,-6,10,4,6,0,1,1,-1,1,1,4,1
KR_6704745995,420,5,97,-4,9,-2,1,3,3,5,2,7,8,1,1,2,1,0,0,0,0,6,5,2,2,4,0,0,2,1,1,1,1,5,1
KR_6689839288,420,0,-13,8,4,2,4,2,6,8,2,-1,0,1,-3,1,4,0,1,1,0,0,-2,-2,6,4,4,0,3,1,1,1,1,5,1
KR_6764183804,420,-3,-8,-28,0,1,1,0,-2,1,3,1,5,4,2,4,2,-2,0,2,0,3,-5,1,5,6,5,0,0,-1,1,1,-1,1,1
KR_6765271210,420,4,28,53,13,5,5,0,5,7,2,0,3,3,5,6,1,-2,0,2,0,13,6,4,4,8,0,0,1,1,1,1,1,1,1
KR_6752498361,420,-2,-26,-20,-4,1,1,0,-1,2,3,-4,4,8,0,3,3,0,0,0,0,-8,-8,1,3,4,2,0,-1,-1,0,-1,1,5,1
KR_6689672848,420,4,33,3,7,1,2,1,4,6,2,2,2,0,0,0,0,0,1,1,1,9,236,7,4,11,-1,0,1,1,1,1,1,2,1
KR_6761688623,440,3,42,5,9,10,10,0,2,4,2,-3,1,4,3,5,2,-3,2,5,0,10,6,8,4,12,-1,0,2,0,1,1,1,0,1
KR_6759235318,420,0,40,-10,-3,5,7,2,-2,1,3,-2,2,4,-4,2,6,0,1,1,0,-6,0,1,2,3,1,0,1,-1,1,1,1,4,1
KR_6719861363,420,2,17,-12,2,-4,1,5,-2,1,3,5,9,4,2,4,2,1,2,1,-1,13,2,0,7,7,-1,0,1,-1,-1,1,-1,6,1
KR_6728293805,420,0,6,20,-3,1,4,3,2,3,1,-7,0,7,0,1,1,1,1,0,0,-4,-33,-1,4,3,2,0,0,1,1,1,-1,1,1
KR_6752915897,420,0,-4,28,0,1,3,2,0,5,5,-2,1,3,2,3,1,-1,0,1,0,0,-3,-1,7,6,0,0,1,1,-1,1,1,6,1
KR_6692323261,420,3,18,-1,4,1,2,1,0,1,1,1,5,4,3,3,0,-1,1,2,0,11,13,0,5,5,-4,0,1,1,-1,1,1,1,1
KR_6694660301,420,0,-37,12,2,0,2,2,-2,5,7,0,2,2,4,6,2,0,1,1,0,3,-1,-2,9,7,0,0,1,-1,1,1,1,2,1
KR_6681427008,420,-1,-9,14,-6,-3,4,7,2,3,1,0,1,1,-5,0,5,0,0,0,-1,-3,0,2,5,7,2,0,-1,-1,-1,-1,-1,2,1
KR_6763693913,420,-1,-10,12,-2,0,2,2,-5,1,6,3,3,0,0,3,3,0,1,1,1,1,-37,-1,4,3,8,0,0,1,-1,0,1,1,1
KR_6676689459,440,4,54,-20,16,1,1,0,2,2,0,6,6,0,0,2,2,7,7,0,0,14,-14,-3,9,6,-1,0,0,1,1,1,1,4,1
KR_6767812569,420,1,8,4,3,1,1,0,0,3,3,0,1,1,1,2,1,1,1,0,0,6,-4,0,8,8,2,0,0,1,-1,0,1,6,1
KR_6644296195,420,0,37,-9,-2,0,0,0,-5,0,5,1,1,0,2,4,2,0,0,0,0,-10,8,5,3,8,-6,0,0,-1,-1,1,1,2,1
KR_6663226190,440,0,53,28,-2,-2,1,3,1,4,3,3,3,0,-1,0,1,-3,2,5,0,-2,-2,1,2,3,-2,0,0,1,-1,0,-1,3,1
KR_6765025458,420,0,-50,0,3,-1,1,2,6,8,2,-1,3,4,-2,3,5,1,1,0,0,-2,185,-2,8,6,-8,0,-1,-1,-1,-1,-1,4,1
KR_6735309973,420,-2,5,-4,-3,4,4,0,-2,0,2,-2,1,3,-1,6,7,-2,1,3,0,-9,106,6,1,7,-3,0,1,-1,-1,1,1,3,1
KR_6742295457,440,3,64,57,6,1,1,0,0,4,4,4,5,1,0,3,3,1,2,1,-1,3,3,0,4,4,-6,0,2,1,1,1,-1,2,1
KR_6747866128,420,1,-20,-12,3,-3,1,4,5,5,0,-2,3,5,3,4,1,0,2,2,1,12,8,6,2,8,-1,0,1,-1,-1,1,1,1,1
KR_6644790349,420,0,-17,-14,2,4,4,0,-1,2,3,-3,5,8,2,2,0,0,0,0,0,10,-5,-7,11,4,-1,0,0,1,-1,0,-1,3,1
KR_6765639417,420,2,28,21,3,0,3,3,4,9,5,0,4,4,-4,2,6,3,4,1,-1,4,3,-2,9,7,8,0,0,1,1,1,-1,6,1
KR_6709182466,420,1,-5,-3,7,-2,2,4,4,6,2,-5,0,5,7,7,0,3,3,0,0,20,135,-1,10,9,3,0,1,-1,1,1,-1,1,1
KR_6764692123,420,1,-23,8,-3,-4,0,4,-2,4,6,-2,0,2,3,3,0,2,2,0,0,6,37,-1,5,4,-23,0,-1,1,-1,-1,-1,3,1
KR_6738510033,440,-1,-51,-36,-7,-5,1,6,-1,0,1,-3,0,3,2,2,0,0,3,3,0,-13,10,2,5,7,-6,0,-1,-1,-1,-1,-1,6,1
KR_6760391801,420,1,15,33,-2,-3,1,4,1,3,2,1,2,1,0,3,3,-1,1,2,0,-2,5,5,2,7,-3,0,1,-1,1,1,-1,4,1
KR_6687936876,420,2,-18,7,5,2,4,2,0,0,0,1,5,4,2,2,0,0,0,0,0,3,13,6,0,6,-5,0,0,1,1,1,-1,5,1
KR_6757769931,420,3,16,0,1,2,2,0,-2,1,3,-1,0,1,1,3,2,1,1,0,0,-4,-2,2,6,8,0,0,0,-1,-1,0,-1,6,1
KR_6733171457,420,-1,35,-2,-5,0,2,2,4,9,5,-9,1,10,3,3,0,-3,0,3,3,-9,-1,1,8,9,-1,0,1,1,-1,1,-1,2,1
KR_6758153469,440,-2,-29,-17,2,-2,0,2,2,4,2,6,7,1,-4,0,4,0,2,2,0,-3,15,5,4,9,0,0,0,1,0,-1,1,5,1
KR_6676901789,420,1,75,12,6,0,2,2,2,5,3,-1,2,3,6,7,1,-1,0,1,0,1,1,3,3,6,1,0,1,1,0,1,1,5,1
KR_6683858974,420,9,88,53,17,4,5,1,-1,5,6,9,10,1,4,4,0,1,5,4,2,24,50,5,2,7,-3,0,4,1,1,1,1,3,1
KR_6681008625,420,4,28,1,11,1,2,1,3,4,1,3,4,1,5,8,3,-1,1,2,-1,7,1,0,3,3,0,0,1,1,-1,1,-1,1,1
KR_6732792947,420,2,5,19,8,-2,0,2,1,1,0,1,3,2,6,7,1,2,2,0,0,9,-14,-7,10,3,1,0,1,1,-1,1,-1,6,1
KR_6767942487,420,1,61,4,-1,2,3,1,1,4,3,-5,1,6,-1,0,1,2,2,0,0,1,-7,5,3,8,0,0,1,-1,1,1,-1,4,1
KR_6747352281,420,5,47,12,6,0,0,0,2,3,1,-2,0,2,2,2,0,4,5,1,1,16,-2,2,5,7,-2,0,1,1,1,1,1,1,1
KR_6765634955,420,0,-11,-13,5,-1,1,2,3,4,1,-3,2,5,4,5,1,2,4,2,0,9,-2,1,5,6,6,0,0,1,1,1,1,3,1
KR_6696439275,420,-2,-11,-11,-5,-1,3,4,-2,1,3,-5,3,8,3,3,0,0,0,0,0,-18,2,-3,8,5,1,0,0,0,-1,-1,1,0,1
KR_6630559145,420,2,26,0,3,4,4,0,-1,4,5,1,2,1,-1,2,3,0,3,3,-1,-2,1,-1,7,6,0,0,0,-1,-1,1,-1,5,1
KR_6756556942,420,4,58,9,7,-3,3,6,1,2,1,5,5,0,3,4,1,1,2,1,0,8,2,6,3,9,1,0,2,1,1,1,1,1,1
KR_6606421036,420,-2,41,21,-3,-3,0,3,2,4,2,-2,3,5,0,3,3,0,0,0,0,1,3,-2,7,5,2,0,0,1,-1,-1,-1,4,1
KR_6663516424,420,2,43,35,6,-1,2,3,-3,2,5,3,4,1,-1,0,1,8,8,0,0,-1,7,6,1,7,-3,0,0,1,-1,1,-1,3,1
KR_6700985460,420,3,-10,27,9,0,1,1,3,6,3,3,4,1,2,4,2,1,1,0,0,6,15,2,6,8,-2,0,1,-1,1,1,1,3,1
KR_6698838419,420,5,-2,24,9,9,9,0,0,1,1,3,4,1,-2,3,5,-1,0,1,-1,4,3,-1,8,7,-5,0,2,1,1,1,-1,1,1
KR_6704342278,420,3,41,13,5,1,4,3,-2,0,2,1,2,1,3,3,0,2,2,0,0,2,38,1,7,8,-2,0,2,1,1,1,-1,1,1
KR_6601217502,420,1,45,32,-1,-2,0,2,4,5,1,2,3,1,-5,1,6,0,0,0,0,-2,0,-1,7,6,-3,0,-1,-1,1,-1,-1,5,1
KR_6645797697,420,1,5,12,2,-1,2,3,-2,2,4,1,2,1,-3,0,3,7,7,0,-2,-2,-90,-2,6,4,6,0,0,1,1,0,-1,2,1
KR_6760316621,420,3,-13,15,5,-2,0,2,6,6,0,1,1,0,1,1,0,-1,0,1,-1,9,-1,5,3,8,0,0,0,-1,1,1,-1,3,1
KR_6763815648,420,1,35,4,7,1,3,2,2,4,2,0,1,1,5,8,3,-1,0,1,0,10,-4,2,3,5,-1,0,0,1,1,1,-1,3,1
KR_6735267517,420,-1,-6,-28,5,-2,2,4,1,4,3,4,8,4,1,3,2,1,1,0,0,5,-21,2,4,6,-2,0,0,-1,1,1,1,4,1
KR_6764606862,420,5,43,24,7,5,5,0,3,4,1,1,3,2,-2,3,5,0,0,0,0,8,24,-1,5,4,4,0,1,1,-1,1,1,4,1
KR_6748636150,420,2,48,-20,11,0,2,2,0,2,2,7,7,0,4,7,3,0,0,0,2,8,-7,-5,8,3,1,0,2,1,-1,1,1,5,1
KR_6705874003,420,2,20,34,7,0,1,1,3,7,4,0,3,3,2,3,1,2,2,0,0,11,34,3,3,6,-1,0,0,1,1,0,1,2,1
KR_6746680748,420,1,-23,5,4,2,2,0,0,1,1,-1,3,4,3,5,2,0,2,2,0,1,-29,-3,7,4,3,0,1,-1,1,1,1,1,1
KR_6759311594,440,3,12,-4,13,2,5,3,-2,4,6,9,10,1,2,6,4,2,3,1,0,5,14,4,2,6,-5,0,2,-1,1,1,1,3,1
KR_6714656532,420,7,48,19,12,3,3,0,5,5,0,5,5,0,0,3,3,-1,0,1,0,16,24,2,5,7,-2,0,0,-1,1,-1,1,5,1
KR_6697213088,420,-2,-51,-33,-1,0,4,4,1,6,5,-2,3,5,-4,1,5,4,4,0,1,14,-1,1,7,8,2,0,0,1,-1,-1,1,1,1
KR_6761720385,440,5,38,49,0,-7,1,8,8,9,1,1,3,2,-1,3,4,-1,0,1,0,-8,0,-2,7,5,6,0,-1,1,-1,-1,-1,4,1
KR_6735009094,420,2,-50,23,1,-3,0,3,3,6,3,1,2,1,0,2,2,0,2,2,0,-5,14,3,4,7,-7,0,-1,1,1,-1,1,4,1
KR_6714320696,420,2,82,-4,2,-1,1,2,-2,2,4,4,4,0,1,3,2,0,3,3,-1,-2,2,0,7,7,-5,0,0,1,-1,0,-1,3,1
KR_6753695867,420,3,14,21,7,3,3,0,1,3,2,0,2,2,1,2,1,2,2,0,0,1,-1,5,3,8,3,0,1,1,1,1,1,4,1
KR_6763962162,440,-1,80,-56,5,7,7,0,-6,0,6,-2,0,2,4,5,1,2,2,0,0,-6,11,-1,2,1,2,0,1,-1,0,1,1,2,1
KR_6674957613,420,1,11,-2,4,1,2,1,0,4,4,4,5,1,0,2,2,-1,0,1,0,7,0,3,5,8,4,0,0,-1,-1,0,1,6,1
KR_6729953605,420,1,7,6,5,2,4,2,-1,2,3,2,3,1,-1,2,3,3,4,1,2,10,9,0,9,9,-2,0,0,1,1,1,1,1,1
KR_6758862987,420,0,-27,11,-3,2,3,1,-6,3,9,-1,2,3,3,3,0,-1,0,1,0,-9,-298,-3,6,3,3,0,0,-1,1,1,-1,6,1
KR_6698298792,420,0,-4,29,2,-3,0,3,-1,1,2,-1,1,2,6,8,2,1,1,0,0,4,38,4,4,8,0,0,0,1,1,1,1,4,1
KR_6627844036,420,1,40,-4,3,2,2,0,3,5,2,-1,1,2,-2,3,5,1,1,0,-2,9,0,0,5,5,-2,0,1,-1,1,1,1,4,1
KR_6758641014,440,3,109,-21,5,0,2,2,-1,1,2,1,1,0,5,5,0,0,1,1,0,5,-111,2,3,5,-1,0,2,1,-1,1,1,5,1
KR_6705325431,420,2,23,8,1,-1,1,2,3,4,1,1,1,0,-2,2,4,0,3,3,0,2,3,-3,7,4,-1,0,3,1,1,1,1,1,1
KR_6657152925,420,-1,9,-9,-2,-3,1,4,0,5,5,-1,1,2,3,3,0,-1,1,2,-1,3,3,-6,12,6,-2,0,-1,-1,-1,1,-1,3,1
KR_6700054006,420,0,-20,-19,5,4,7,3,1,4,3,0,4,4,0,3,3,0,0,0,0,4,9,-3,8,5,0,0,1,-1,-1,1,1,6,1
KR_6753597994,420,3,1,-18,9,1,3,2,2,3,1,0,2,2,3,5,2,3,4,1,0,11,9,1,3,4,-1,0,2,-1,1,1,1,3,1
KR_6708058545,420,4,6,8,2,4,4,0,-3,0,3,3,4,1,-5,0,5,3,4,1,0,-21,-10,-1,5,4,2,0,1,1,1,1,1,6,1
KR_6659640313,420,3,81,-12,2,2,3,1,2,3,1,0,1,1,-1,2,3,-1,0,1,0,-4,-2,-2,7,5,-1,0,0,1,-1,-1,1,3,1
KR_6766978192,420,4,74,3,10,5,6,1,-1,4,5,5,7,2,-6,1,7,7,7,0,0,7,60,-3,10,7,-5,0,1,1,-1,1,1,5,1
KR_6763572616,420,4,23,28,0,1,3,2,1,3,2,-1,2,3,-2,1,3,1,1,0,-1,-4,0,-5,7,2,5,0,1,1,1,1,-1,1,1
KR_6765845069,440,3,44,8,11,-6,0,6,0,2,2,4,5,1,10,10,0,3,3,0,1,18,1,0,5,5,2,0,1,1,1,1,1,1,1
KR_6654883116,420,5,37,4,10,3,6,3,-2,0,2,6,8,2,3,3,0,0,1,1,-1,13,-34,-1,4,3,6,0,1,1,-1,1,-1,1,1
KR_6747625867,420,3,64,-9,12,7,7,0,1,7,6,3,5,2,1,2,1,0,1,1,0,7,10,3,5,8,-2,0,1,-1,1,1,-1,6,1
KR_6738694364,420,2,60,21,8,4,4,0,-4,2,6,2,5,3,5,7,2,1,1,0,1,12,-6,-6,8,2,6,0,1,1,1,1,1,3,1
KR_6705305753,420,3,-31,47,1,-4,0,4,1,5,4,2,3,1,1,6,5,1,1,0,0,8,3,-2,4,2,4,0,-1,1,-1,-1,-1,6,1
KR_6762652443,420,1,39,-13,3,2,3,1,-5,1,6,3,4,1,1,2,1,2,3,1,0,3,-19,6,2,8,6,0,0,1,1,1,1,1,1
KR_6749947701,420,-1,21,-19,-5,0,2,2,-2,2,4,-4,0,4,4,6,2,-3,0,3,-3,-8,-382,0,3,3,1,0,0,-1,0,0,-1,2,1
KR_6767077889,420,3,27,30,7,2,3,1,6,7,1,0,1,1,-1,0,1,0,1,1,0,7,143,1,7,8,4,0,1,0,1,1,-1,0,1
KR_6763318205,420,-1,26,-20,-2,3,5,2,-1,4,5,0,1,1,-3,2,5,-1,0,1,0,-3,-40,0,6,6,1,0,1,-1,-1,1,-1,6,1
KR_6679108827,420,1,11,-23,1,1,1,0,1,2,1,-1,2,3,1,3,2,-1,1,2,0,2,1,2,10,12,0,0,1,-1,1,1,1,1,1
KR_6679347328,420,-3,23,-20,-3,-4,1,5,8,9,1,-3,1,4,-5,1,6,1,1,0,0,-10,8,-7,9,2,4,0,0,0,-1,-1,-1,0,1
KR_6708235147,420,1,-40,8,8,2,2,0,5,8,3,-1,2,3,3,5,2,-1,1,2,0,20,78,3,6,9,3,0,0,-1,1,0,1,1,1
KR_6701787270,420,2,-18,18,11,1,2,1,6,8,2,2,4,2,1,2,1,1,2,1,1,23,0,-3,4,1,-1,0,-1,1,-1,-1,1,6,1
KR_6658193651,420,1,-3,16,0,4,6,2,-1,1,2,-3,2,5,0,2,2,0,0,0,0,-15,-7,-1,6,5,4,0,1,1,1,1,1,1,1
KR_6749587702,420,1,70,37,3,-2,0,2,1,4,3,-1,1,2,6,8,2,-1,0,1,0,11,1,0,4,4,2,0,0,1,-1,1,1,6,1
KR_6654139488,420,3,20,-18,8,2,4,2,1,4,3,3,3,0,2,5,3,0,0,0,0,4,-3,2,3,5,-6,0,1,1,-1,1,1,1,1
KR_6725090872,440,0,-48,20,-1,0,1,1,6,6,0,-2,2,4,-3,0,3,-2,1,3,0,0,-11,-3,6,3,-3,0,-1,0,1,-1,-1,0,1
KR_6693683249,420,0,2,12,2,2,3,1,0,3,3,3,4,1,-2,1,3,-1,1,2,0,8,0,2,5,7,-8,0,-1,-1,-1,-1,-1,2,1
KR_6758009575,420,2,-24,24,9,1,1,0,5,6,1,-3,0,3,0,2,2,6,8,2,-1,8,53,3,5,8,-2,0,1,0,1,1,-1,0,1
KR_6767951434,420,2,8,20,3,0,2,2,4,6,2,0,1,1,-2,5,7,1,2,1,0,-2,0,-3,8,5,-7,0,-1,-1,1,1,-1,1,1
KR_6765976883,420,3,67,9,4,-1,2,3,1,1,0,-2,1,3,4,4,0,2,3,1,0,4,194,1,5,6,1,0,1,1,1,1,1,4,1
KR_6627974132,420,3,13,15,4,0,2,2,3,4,1,2,2,0,-2,1,3,1,1,0,0,9,-6,2,5,7,7,0,-1,-1,-1,-1,-1,5,1
KR_6747241577,440,1,29,0,3,-3,1,4,5,7,2,-2,0,2,3,7,4,0,0,0,-1,2,27,4,2,6,-2,0,0,0,0,0,-1,0,1
KR_6755990548,420,3,28,-30,7,6,6,0,4,6,2,-1,0,1,-1,2,3,-1,0,1,0,1,-96,2,6,8,-2,0,1,1,1,1,1,3,1
KR_6752007783,420,1,65,-38,8,1,4,3,-1,3,4,5,6,1,1,2,1,2,2,0,0,4,183,2,3,5,5,0,0,1,-1,1,-1,4,1
KR_6637649756,420,0,13,-9,2,1,1,0,2,3,1,-4,0,4,3,4,1,0,2,2,0,7,-47,2,6,8,-2,0,1,-1,-1,1,1,4,1
KR_6705404690,420,3,46,17,7,4,5,1,1,5,4,3,3,0,0,4,4,-1,0,1,0,2,-18,1,5,6,1,0,2,1,-1,1,1,1,1
KR_6767910842,420,3,40,51,12,3,6,3,1,7,6,7,9,2,-2,0,2,3,3,0,1,6,8,2,7,9,2,0,2,1,1,1,1,3,1
KR_6762191404,420,-2,-3,22,-6,1,2,1,4,5,1,-2,1,3,-4,3,7,-5,0,5,-2,-9,5,0,4,4,5,0,2,1,1,1,-1,1,1
KR_6685675246,420,6,86,46,10,1,2,1,4,4,0,1,4,3,4,4,0,0,0,0,0,12,-3,-3,7,4,7,0,2,1,-1,1,1,6,1
KR_6761529044,420,1,-76,-3,10,-3,1,4,6,6,0,7,7,0,1,3,2,-1,1,2,0,16,2,-2,8,6,-2,0,0,1,-1,-1,-1,2,1
KR_6707449242,420,-2,-8,1,1,0,1,1,0,2,2,-1,4,5,1,1,0,1,2,1,1,-1,1,0,6,6,-3,0,0,-1,1,1,1,4,1
KR_6689156773,420,6,67,9,8,-1,0,1,0,0,0,4,4,0,2,3,1,3,4,1,-1,6,17,4,2,6,-3,0,0,1,1,1,-1,1,1
KR_6688823028,420,3,40,8,11,1,3,2,6,6,0,2,2,0,1,1,0,1,3,2,0,12,-4,0,7,7,4,0,2,1,-1,1,1,2,1
KR_6738385709,420,-1,-14,-12,-3,4,5,1,1,2,1,0,0,0,-8,0,8,0,1,1,0,-7,-23,3,5,8,5,0,-1,1,-1,1,1,4,1
KR_6674928890,420,5,30,12,10,4,4,0,5,6,1,0,3,3,1,4,3,0,0,0,0,10,-250,3,4,7,1,0,0,1,1,1,1,3,1
KR_6766513260,420,3,-11,1,4,-3,0,3,3,4,1,3,3,0,1,2,1,0,0,0,0,6,-7,-2,5,3,-6,0,0,1,1,1,1,1,1
KR_6768023353,440,4,38,-36,7,0,1,1,-2,1,3,4,5,1,4,4,0,1,1,0,0,8,-2,-1,6,5,2,0,0,1,1,0,1,3,1
KR_6759207971,420,0,27,-2,-1,3,3,0,-1,1,2,-2,1,3,-1,2,3,0,0,0,0,-6,-109,2,5,7,2,0,1,1,-1,1,1,6,1
KR_6767229532,440,-2,33,3,-4,5,6,1,-5,1,6,3,4,1,-5,0,5,-2,0,2,-1,-10,6,4,3,7,-4,0,-1,-1,0,-1,-1,2,1
KR_6764649348,420,-3,-14,-27,-8,3,5,2,-4,0,4,-5,1,6,-4,2,6,2,3,1,0,-17,-17,2,4,6,-2,0,1,-1,-1,1,1,5,1
KR_6768099416,420,5,101,6,8,6,9,3,-1,2,3,-4,2,6,7,7,0,0,1,1,-1,2,6,5,1,6,-7,0,2,1,1,1,-1,5,1
KR_6766100626,420,3,20,0,8,2,2,0,3,5,2,2,4,2,2,3,1,-1,1,2,1,9,27,2,7,9,1,0,1,0,0,1,1,0,1
KR_6747658672,420,4,34,0,18,4,5,1,3,5,2,4,4,0,3,5,2,4,4,0,0,20,26,4,6,10,4,0,2,0,1,1,1,0,1
KR_6765899637,440,-1,-9,6,4,-7,1,8,4,4,0,4,4,0,3,5,2,0,0,0,0,9,0,5,0,5,-1,0,0,1,-1,0,1,1,1
KR_6762351753,420,-2,-33,12,-8,-1,2,3,-4,2,6,-3,0,3,0,1,1,0,0,0,0,-16,-8,-2,5,3,4,0,-2,1,-1,-1,-1,2,1
KR_6767850578,420,3,18,-8,1,-3,1,4,-1,3,4,3,4,1,2,2,0,0,2,2,0,1,1,4,6,10,-4,0,0,1,-1,-1,-1,5,1
KR_6686585327,420,0,74,21,-3,1,2,1,-2,4,6,-4,1,5,1,2,1,1,3,2,0,-10,17,-2,6,4,3,0,-1,1,-1,1,1,4,1
KR_6678013121,440,1,6,12,0,0,1,1,1,6,5,-1,2,3,-2,0,2,2,3,1,0,0,-5,1,2,3,1,0,0,1,1,0,-1,2,1
KR_6656271642,420,-2,8,21,-3,-3,0,3,-1,1,2,-1,1,2,0,2,2,2,3,1,-2,-4,-42,0,7,7,-2,0,-2,-1,1,-1,-1,1,1
KR_6758030776,440,0,44,53,6,4,4,0,2,2,0,-2,2,4,3,3,0,-1,0,1,0,2,54,0,8,8,-10,0,3,1,1,1,1,3,1
KR_6764263660,420,4,102,6,11,1,3,2,4,6,2,-1,1,2,5,7,2,2,3,1,0,9,-171,2,2,4,-1,0,0,1,-1,1,1,2,1
KR_6727927840,420,4,37,-3,5,7,7,0,-3,2,5,1,1,0,-2,2,4,2,3,1,0,7,5,1,8,9,0,0,2,1,-1,1,1,2,1
KR_6720740423,420,-2,-45,-16,-3,-1,1,2,-1,4,5,2,4,2,-1,1,2,-2,1,3,0,-6,-12,-1,6,5,5,0,-2,1,-1,-1,-1,1,1
KR_6742406424,420,4,44,20,4,-3,0,3,2,5,3,-1,1,2,1,2,1,5,6,1,0,8,12,-2,8,6,1,0,2,1,-1,1,1,3,1
KR_6761523874,440,2,14,2,1,0,1,1,-1,2,3,2,3,1,-1,2,3,1,2,1,0,0,-17,-2,8,6,3,0,0,-1,1,0,1,1,1
KR_6743250356,420,5,64,12,17,5,5,0,-1,1,2,6,6,0,7,7,0,0,1,1,0,18,-1,0,5,5,3,0,2,1,-1,1,1,2,1
KR_6756582089,420,6,19,28,12,3,3,0,9,9,0,-2,1,3,2,2,0,0,0,0,0,18,20,0,5,5,-1,0,2,-1,1,1,1,6,1
KR_6691546022,420,3,-1,10,4,3,3,0,0,2,2,0,2,2,-1,3,4,2,2,0,0,2,5,2,5,7,2,0,0,1,1,0,1,4,1
KR_6764615361,420,-1,-1,-6,-8,-1,0,1,-3,3,6,-1,0,1,-2,0,2,-1,0,1,0,-6,49,0,6,6,-27,0,1,-1,-1,-1,1,5,1
KR_6711879977,420,6,71,20,9,2,4,2,2,6,4,1,2,1,4,7,3,0,1,1,0,7,-2,-1,8,7,2,0,0,1,-1,-1,1,6,1
KR_6653759144,420,4,37,5,13,10,10,0,3,5,2,-2,1,3,2,2,0,0,1,1,1,1,19,-1,4,3,0,0,2,-1,1,1,1,1,1
KR_6761865362,420,3,-17,32,2,-1,4,5,0,2,2,2,7,5,2,3,1,-1,0,1,0,-2,-7,-3,10,7,2,0,0,-1,1,1,1,1,1
KR_6761224473,440,-1,54,-5,-8,-3,0,3,0,1,1,0,3,3,-4,4,8,-1,1,2,1,4,-2,2,1,3,1,0,0,0,1,1,1,0,1
KR_6698205665,420,4,42,28,5,0,3,3,1,3,2,0,1,1,1,4,3,3,3,0,0,13,5,2,3,5,-2,0,0,1,-1,0,1,4,1
KR_6763268476,420,3,17,-4,12,2,2,0,2,3,1,1,1,0,4,5,1,3,4,1,0,16,0,4,1,5,2,0,2,-1,1,1,1,1,1
KR_6756972232,420,2,35,-4,9,2,2,0,-2,1,3,7,7,0,2,5,3,0,1,1,0,10,15,5,6,11,1,0,1,1,-1,1,-1,6,1
KR_6751145371,440,3,49,15,6,2,8,6,1,1,0,0,0,0,-1,1,2,4,5,1,1,0,4,-1,6,5,0,0,1,-1,-1,1,1,5,1
KR_6735365067,420,4,28,32,4,3,3,0,-2,4,6,-1,1,2,4,6,2,0,1,1,2,4,-18,-6,13,7,10,0,1,-1,1,1,1,6,1
KR_6714115671,420,5,106,5,11,3,4,1,2,5,3,5,8,3,3,5,2,-2,0,2,0,10,3,5,5,10,2,0,2,1,1,1,-1,4,1
KR_6680543027,420,2,16,32,8,-2,1,3,7,8,1,4,7,3,-2,3,5,1,2,1,0,10,11,5,3,8,-4,0,1,-1,1,1,1,2,1
KR_6619740083,420,2,40,26,3,4,4,0,5,5,0,0,1,1,-3,1,4,-3,0,3,0,-1,-2,-1,7,6,2,0,1,1,1,1,1,1,1
KR_6596340448,420,0,-64,20,5,0,0,0,5,8,3,3,3,0,-4,0,4,1,3,2,0,0,5,-4,10,6,-3,0,0,-1,1,1,1,2,1
KR_6705847296,420,2,25,20,4,-2,1,3,-2,2,4,6,9,3,0,3,3,2,3,1,0,7,0,4,7,11,-7,0,2,1,1,1,1,2,1
KR_6676768877,440,8,64,31,7,2,3,1,4,8,4,-1,2,3,-2,2,4,4,4,0,-2,-4,-1,7,2,9,0,0,0,0,1,1,-1,0,1
KR_6766631691,420,-1,-8,32,-6,-2,0,2,0,2,2,-4,2,6,0,4,4,0,1,1,0,-8,-10,4,2,6,1,0,0,1,-1,-1,-1,5,1
KR_6732132070,420,4,19,66,12,1,3,2,4,6,2,1,2,1,5,6,1,1,1,0,2,17,199,4,3,7,1,0,3,1,1,1,1,2,1
KR_6711577505,420,5,22,32,4,0,1,1,4,5,1,-6,0,6,7,9,2,-1,1,2,0,2,-1,-7,10,3,0,0,2,-1,0,1,1,2,1
KR_6753474352,420,5,62,36,8,7,9,2,0,1,1,-1,2,3,3,3,0,-1,0,1,-1,10,-2,-4,5,1,0,0,3,1,-1,1,-1,5,1
KR_6759552704,440,1,-11,28,4,3,3,0,-3,0,3,-1,1,2,3,3,0,2,2,0,0,2,-3,-4,7,3,-1,0,0,-1,1,0,1,5,1
KR_6711712033,440,-2,-51,-19,-5,-1,0,1,0,2,2,-2,2,4,-2,0,2,0,1,1,0,-1,-2,-2,4,2,-1,0,0,-1,-1,-1,1,1,1
KR_6766096660,420,2,-22,5,8,3,3,0,3,4,1,-2,2,4,1,2,1,3,3,0,0,18,-1,4,5,9,5,0,1,1,1,1,-1,2,1
KR_6765128649,420,0,10,13,10,-2,1,3,2,2,0,7,7,0,2,7,5,1,1,0,0,15,3,2,3,5,2,0,-2,1,-1,-1,-1,4,1
KR_6761765984,420,1,43,3,7,3,3,0,2,4,2,-1,2,3,2,3,1,1,1,0,0,8,13,4,4,8,3,0,0,1,1,1,1,4,1
KR_6739484996,420,3,-3,-12,16,3,5,2,2,6,4,2,4,2,8,14,6,1,1,0,2,14,7,1,5,6,1,0,1,1,1,1,1,3,1
KR_6764271927,420,2,24,-4,9,4,5,1,1,4,3,0,4,4,3,8,5,1,1,0,0,21,-6,0,5,5,-1,0,-2,-1,-1,-1,-1,1,1
KR_6764001967,440,0,-18,7,-5,-7,2,9,4,5,1,0,5,5,-3,0,3,1,2,1,-2,-7,-14,-1,5,4,-1,0,-1,-1,1,-1,-1,3,1
KR_6638543690,420,5,29,44,13,7,7,0,3,4,1,0,0,0,3,3,0,0,1,1,1,10,10,3,5,8,-2,0,1,1,1,1,1,3,1
KR_6766548272,420,-2,72,-13,-2,-1,0,1,-5,1,6,-2,1,3,6,8,2,0,1,1,0,-4,7,-2,5,3,-3,0,0,-1,-1,1,1,4,1
KR_6749775592,420,1,35,3,-6,-1,2,3,-4,1,5,-3,1,4,-1,1,2,3,4,1,0,-9,-2,-4,7,3,3,0,-1,1,-1,-1,-1,5,1
KR_6755315093,440,2,55,-5,0,-1,2,3,-1,1,2,-1,1,2,3,4,1,0,1,1,0,-4,8,2,4,6,2,0,0,0,-1,0,-1,0,1
KR_6767522387,420,3,35,-10,10,3,4,1,3,5,2,0,2,2,2,3,1,2,2,0,0,6,23,5,3,8,0,0,1,1,1,1,1,6,1
KR_6766927082,420,3,58,28,2,3,3,0,-3,1,4,1,1,0,1,2,1,0,0,0,0,-1,-9,-7,10,3,2,0,0,1,-1,0,1,6,1
KR_6728030973,420,4,9,13,2,0,2,2,4,6,2,-2,3,5,0,1,1,0,1,1,1,7,-4,-3,8,5,-2,0,0,1,-1,-1,1,4,1
KR_6677112196,420,4,5,24,3,1,4,3,3,3,0,1,1,0,-1,3,4,-1,0,1,0,2,-13,2,6,8,1,0,1,-1,-1,-1,-1,3,1
KR_6766978294,420,0,-15,8,-5,-5,0,5,5,5,0,-1,2,3,-2,1,3,-2,0,2,0,-2,-39,-1,7,6,-2,0,-2,1,1,-1,-1,3,1
KR_6756484590,420,-1,-6,-2,5,-2,2,4,5,6,1,3,3,0,0,1,1,-1,0,1,0,6,5,2,6,8,-2,0,0,-1,-1,-1,-1,1,1
KR_6737989241,420,7,66,21,3,-3,0,3,1,1,0,3,4,1,3,4,1,-1,0,1,0,5,-4,-2,8,6,0,0,2,1,1,1,-1,4,1
KR_6703782302,420,-2,16,-16,-4,-2,0,2,0,2,2,-3,1,4,2,6,4,-1,0,1,0,-1,21,-3,9,6,1,0,-1,1,-1,-1,1,1,1
KR_6756095818,420,-3,-51,-25,6,1,3,2,-3,3,6,-1,3,4,8,9,1,1,2,1,0,11,82,-4,12,8,6,0,0,-1,0,0,-1,4,1
KR_6728676823,420,3,33,36,6,0,4,4,-5,3,8,6,6,0,5,8,3,0,0,0,3,10,5,6,3,9,-3,0,1,1,1,1,1,5,1
KR_6698678092,420,0,-10,44,-5,1,2,1,1,3,2,-4,2,6,-5,1,6,2,2,0,0,-9,-7,-2,10,8,1,0,0,-1,0,0,-1,2,1
KR_6669141515,420,0,-6,19,0,0,3,3,1,5,4,1,3,2,1,1,0,-3,2,5,0,1,94,-3,6,3,-2,0,2,-1,1,1,-1,3,1
KR_6766436695,420,4,85,-7,7,4,6,2,-1,2,3,2,4,2,2,2,0,0,0,0,0,8,9,6,1,7,-1,0,1,1,-1,1,-1,5,1
KR_6754415309,420,4,75,29,-1,-1,2,3,10,10,0,-2,2,4,-8,0,8,0,1,1,0,8,-2,0,8,8,3,0,1,1,1,1,1,1,1
KR_6747438733,420,5,1,-18,8,-3,1,4,1,2,1,4,6,2,5,6,1,1,2,1,-1,21,-3,1,8,9,2,0,-1,-1,-1,-1,-1,6,1
KR_6664414228,420,-1,25,-20,-4,3,6,3,-1,1,2,-1,3,4,-3,0,3,-2,0,2,0,0,-10,-1,6,5,1,0,-3,-1,-1,-1,1,1,1
KR_6763707768,420,3,33,28,2,-3,0,3,3,5,2,1,3,2,1,5,4,0,0,0,0,9,-29,-4,10,6,16,0,-1,-1,0,-1,-1,4,1
KR_6735536943,420,-1,-4,-25,5,0,3,3,-3,0,3,5,5,0,0,1,1,3,3,0,0,6,19,-5,12,7,4,0,0,-1,-1,1,-1,4,1
KR_6764886567,420,4,-18,3,18,-1,0,1,5,7,2,3,3,0,8,8,0,3,4,1,0,20,183,2,2,4,1,0,2,1,1,1,1,1,1
KR_6767979669,420,-1,2,5,6,2,3,1,-2,1,3,2,5,3,2,4,2,2,5,3,4,10,-1,2,2,4,-6,0,2,1,1,1,1,4,1
KR_6705705351,420,2,84,-9,6,2,4,2,4,5,1,0,2,2,2,5,3,-2,0,2,0,7,3,2,5,7,4,0,0,-1,1,0,1,3,1
KR_6708616924,420,3,69,9,11,2,3,1,4,8,4,2,2,0,4,5,1,-1,0,1,0,14,-5,9,1,10,-2,0,3,1,1,1,1,1,1
KR_6751769391,420,6,80,6,1,4,6,2,-5,0,5,3,4,1,-1,2,3,0,1,1,0,-12,-4,-5,11,6,10,0,0,-1,1,1,1,1,1
KR_6739968629,420,3,51,6,15,3,6,3,5,5,0,3,6,3,1,7,6,3,3,0,2,16,11,-2,5,3,-3,0,3,1,1,1,1,2,1
KR_6760632641,420,3,70,-12,9,2,2,0,0,4,4,8,8,0,4,6,2,-5,0,5,1,7,3,3,1,4,4,0,2,1,1,1,1,3,1
KR_6730976230,420,1,-3,9,14,-1,2,3,-2,4,6,6,7,1,8,8,0,3,3,0,1,9,13,3,6,9,-3,0,0,1,-1,1,1,5,1
KR_6714882850,440,-3,-56,0,-3,2,5,3,-3,1,4,-2,3,5,-1,2,3,1,4,3,2,1,3,-3,7,4,-1,0,-1,-1,-1,-1,1,5,1
KR_6761689608,420,4,44,4,7,6,6,0,-2,2,4,3,5,2,0,2,2,0,1,1,0,-1,-19,2,4,6,3,0,3,-1,1,1,1,5,1
KR_6760686434,420,5,49,9,8,2,5,3,0,5,5,4,4,0,2,4,2,0,2,2,1,17,-1,6,2,8,7,0,4,-1,1,1,1,1,1
KR_6688886606,420,2,48,8,0,4,5,1,0,6,6,-1,0,1,-2,2,4,-1,0,1,0,0,-30,0,6,6,2,0,1,1,1,1,-1,5,1
KR_6689985995,420,3,37,45,3,-2,0,2,3,5,2,2,3,1,0,1,1,0,1,1,0,2,-139,-3,8,5,-6,0,-2,1,-1,-1,-1,5,1
KR_6731973647,420,9,80,38,21,1,3,2,9,13,4,6,8,2,2,6,4,3,4,1,3,21,5,4,7,11,1,0,1,1,1,1,1,2,1
KR_6767643641,420,6,39,78,3,-2,1,3,0,4,4,3,5,2,1,3,2,1,2,1,0,-3,0,2,4,6,0,0,0,1,1,-1,1,5,1
KR_6723625682,420,4,61,25,5,2,3,1,0,3,3,-1,3,4,6,8,2,-2,0,2,0,-2,-10,-3,5,2,10,0,1,1,1,1,1,2,1
KR_6647781020,440,3,-3,18,11,4,4,0,3,4,1,2,2,0,1,6,5,1,1,0,0,12,-4,4,4,8,2,0,0,1,-1,1,1,3,1
KR_6765011158,420,1,51,30,5,-1,1,2,2,2,0,2,2,0,0,1,1,2,3,1,0,6,15,3,6,9,4,0,0,1,1,1,1,4,1
KR_6761135120,420,3,27,5,8,6,6,0,4,4,0,0,1,1,-3,1,4,1,1,0,0,4,-35,2,4,6,19,0,0,1,-1,1,1,6,1
KR_6643211085,420,3,33,-5,7,2,2,0,4,5,1,2,2,0,-1,3,4,0,0,0,0,13,1,1,5,6,4,0,0,-1,1,0,-1,3,1
KR_6765890936,440,1,-16,-13,5,2,5,3,2,2,0,1,1,0,2,4,2,-2,0,2,0,2,-7,4,2,6,2,0,-1,-1,1,1,1,2,1
KR_6654307413,420,5,119,4,12,9,10,1,2,2,0,0,1,1,0,0,0,1,1,0,0,12,-11,0,6,6,0,0,1,1,-1,1,1,6,1
KR_6703800467,420,0,-26,-3,1,-3,0,3,3,5,2,-2,1,3,4,5,1,-1,0,1,1,6,12,4,6,10,1,0,0,1,-1,0,1,1,1
KR_6764867052,420,0,29,7,-5,0,3,3,-4,0,4,-2,1,3,4,6,2,-3,1,4,0,-8,-9,-2,6,4,2,0,1,-1,1,1,-1,2,1
KR_6725354138,420,4,67,22,-1,1,2,1,1,3,2,0,2,2,-1,3,4,-2,1,3,0,4,1,1,4,5,-6,0,1,1,-1,1,1,6,1
KR_6744968163,420,1,-29,32,-2,0,3,3,-6,2,8,0,2,2,3,7,4,1,1,0,1,-4,42,3,8,11,-19,0,1,-1,1,1,1,4,1
KR_6752954669,420,2,-31,11,2,3,3,0,-1,1,2,3,5,2,-4,2,6,1,2,1,0,-4,9,-3,9,6,4,0,0,1,1,1,1,4,1
KR_6709136016,420,3,28,4,7,1,1,0,0,1,1,8,9,1,-2,0,2,0,0,0,0,12,2,-3,7,4,2,0,1,1,-1,1,1,1,1
KR_6766010140,420,-1,-6,5,-3,4,5,1,-2,1,3,-1,1,2,-3,0,3,-1,2,3,0,-8,-11,-2,7,5,2,0,0,-1,1,-1,-1,3,1
KR_6691175813,420,1,-5,10,5,0,2,2,6,7,1,0,3,3,-3,1,4,2,3,1,0,4,8,-4,10,6,-6,0,1,-1,1,1,-1,5,1
KR_6763922874,440,4,27,6,3,1,4,3,2,5,3,-1,0,1,2,4,2,-1,0,1,0,1,-27,-5,6,1,1,0,1,1,1,1,-1,1,1
KR_6758278391,420,0,-7,-20,4,-2,3,5,2,3,1,5,5,0,1,1,0,-2,0,2,0,6,-10,-7,10,3,-1,0,0,1,-1,-1,1,6,1
KR_6725604308,420,-2,8,3,-4,4,5,1,-1,0,1,-3,3,6,-5,0,5,1,2,1,-1,-19,-5,-2,6,4,5,0,-2,-1,-1,-1,-1,5,1
KR_6732491276,420,3,76,-16,15,10,10,0,3,4,1,-2,1,3,0,2,2,4,4,0,0,18,1,-1,4,3,2,0,1,1,1,1,1,6,1
KR_6696547650,420,0,9,-14,5,-2,0,2,1,7,6,1,2,1,2,2,0,3,4,1,1,3,12,-2,8,6,3,0,2,-1,1,1,1,3,1
KR_6700353771,420,6,42,12,8,-2,0,2,2,4,2,0,1,1,8,8,0,0,0,0,0,9,-1,-2,5,3,3,0,-1,1,-1,-1,-1,5,1
KR_6644482616,420,0,2,-4,1,2,2,0,-1,1,2,1,4,3,3,4,1,-4,1,5,0,1,114,4,4,8,-7,0,0,1,1,0,-1,1,1
KR_6721500481,420,6,23,12,10,-1,0,1,4,7,3,1,1,0,3,4,1,3,4,1,0,13,45,2,5,7,-18,0,0,1,1,1,1,2,1
KR_6668124479,420,0,43,-7,4,-2,0,2,-1,1,2,2,3,1,4,7,3,1,2,1,1,13,10,3,4,7,0,0,2,1,1,1,1,2,1
KR_6689196949,420,5,-34,-28,10,3,4,1,2,6,4,3,4,1,1,2,1,1,1,0,2,12,4,0,6,6,-1,0,0,-1,0,-1,1,6,1
KR_6767381597,420,1,-36,-15,2,-4,0,4,1,1,0,-2,2,4,6,7,1,1,1,0,0,6,-11,-2,7,5,-1,0,-1,1,-1,-1,1,3,1
KR_6761565480,420,1,-1,-15,6,3,5,2,-1,2,3,1,2,1,1,4,3,2,2,0,0,4,-13,-4,8,4,5,0,1,1,-1,1,-1,4,1
KR_6697761244,420,2,-23,9,0,1,3,2,0,1,1,-1,1,2,1,2,1,-1,0,1,-1,-3,4,2,4,6,-4,0,0,1,-1,-1,-1,2,1
KR_6684120733,420,3,45,-17,8,1,3,2,3,3,0,1,3,2,4,6,2,-1,0,1,0,8,-9,-6,10,4,3,0,2,1,-1,1,1,5,1
KR_6757352520,420,2,25,13,2,0,3,3,3,5,2,-3,0,3,-1,4,5,3,3,0,1,-1,11,-1,9,8,1,0,0,0,1,1,1,0,1
KR_6704098491,420,4,74,21,5,4,4,0,4,5,1,1,3,2,-5,0,5,1,1,0,0,-1,-1,1,5,6,-1,0,2,1,-1,1,1,1,1
KR_6728815510,420,2,129,42,5,2,4,2,0,3,3,6,7,1,-4,0,4,1,1,0,0,-5,-398,-2,7,5,4,0,3,1,1,1,1,6,1
KR_6758418810,420,3,35,22,4,-1,0,1,-1,1,2,4,4,0,2,5,3,0,0,0,0,12,-7,0,7,7,11,0,1,-1,-1,1,-1,5,1
KR_6756151366,420,4,70,9,11,0,1,1,5,5,0,8,9,1,0,3,3,-2,1,3,0,10,8,4,2,6,-4,0,-1,1,-1,-1,1,2,1
KR_6664076511,420,-2,-30,-22,0,-1,2,3,-1,3,4,2,5,3,1,2,1,-1,0,1,0,7,-21,-1,5,4,6,0,0,-1,-1,-1,1,5,1
KR_6684900069,420,5,60,60,16,3,5,2,7,7,0,-3,1,4,10,10,0,-1,1,2,2,9,5,4,4,8,3,0,3,1,1,1,-1,3,1
KR_6759986628,420,4,15,21,1,-3,1,4,6,8,2,1,4,3,0,4,4,-3,0,3,0,0,131,-8,11,3,4,0,0,1,1,-1,-1,2,1
KR_6767615183,420,-1,4,-53,-2,0,1,1,-2,1,3,-1,1,2,2,2,0,-1,1,2,0,-4,2,1,6,7,-1,0,0,1,1,1,-1,3,1
KR_6696232825,420,1,-29,-1,7,3,3,0,1,2,1,0,0,0,1,4,3,2,3,1,0,8,-26,3,2,5,14,0,2,1,1,1,1,2,1
KR_6766605365,420,2,29,-11,5,3,3,0,-1,0,1,2,6,4,0,2,2,1,3,2,0,2,-4,0,3,3,1,0,1,-1,1,1,1,5,1
KR_6757671483,420,-1,29,25,4,3,4,1,1,4,3,3,5,2,-4,2,6,1,2,1,0,0,-5,2,3,5,4,0,1,-1,1,1,1,5,1
KR_6763865593,420,1,21,14,0,2,2,0,1,4,3,-2,6,8,-5,1,6,4,4,0,0,10,-15,4,4,8,2,0,1,-1,1,1,-1,6,1
KR_6672239022,420,1,-1,0,5,-2,1,3,-3,0,3,3,4,1,5,6,1,2,3,1,0,7,-22,-2,6,4,10,0,1,1,-1,1,1,5,1
KR_6759386011,440,-1,-58,1,2,0,3,3,4,5,1,0,4,4,-1,1,2,-1,0,1,0,7,-56,2,3,5,0,0,-1,1,-1,-1,1,6,1
KR_6697205853,420,1,40,-38,3,1,1,0,2,5,3,-1,0,1,2,2,0,-1,1,2,0,5,2,-1,4,3,-1,0,0,1,-1,0,1,6,1
KR_6717876480,420,2,5,21,-2,0,2,2,-4,3,7,0,2,2,4,7,3,-2,0,2,1,-1,18,0,5,5,-2,0,0,-1,1,0,1,4,1
KR_6692448435,420,2,23,21,9,-2,0,2,4,6,2,2,4,2,-1,4,5,6,6,0,0,25,11,1,4,5,-2,0,1,1,-1,1,1,3,1
KR_6713008621,420,5,71,48,5,2,3,1,3,4,1,2,2,0,-1,0,1,-1,0,1,0,1,7,0,5,5,-4,0,0,1,1,1,-1,5,1
KR_6761757180,420,3,-46,12,4,-1,0,1,-1,1,2,2,5,3,2,2,0,2,2,0,0,12,-5,-3,5,2,6,0,1,1,-1,1,-1,5,1
KR_6765569740,440,1,81,-12,2,-2,3,5,-2,2,4,0,4,4,7,7,0,-1,0,1,0,-2,-2,-3,7,4,-1,0,0,0,-1,0,-1,0,1
KR_6720908000,420,2,4,18,1,3,3,0,3,7,4,-5,0,5,0,2,2,0,1,1,0,-6,11,-5,8,3,-1,0,1,1,1,1,-1,4,1
KR_6768097598,420,1,45,-16,-2,-2,1,3,0,0,0,1,3,2,-1,2,3,0,0,0,0,1,-23,0,4,4,-2,0,0,1,-1,1,1,6,1
KR_6685191989,420,4,30,31,14,6,7,1,3,3,0,3,7,4,2,4,2,0,2,2,1,16,-3,3,3,6,4,0,1,1,1,1,1,6,1
KR_6767506308,440,0,75,-23,5,-1,4,5,5,5,0,3,4,1,-1,1,2,-1,2,3,0,3,13,1,3,4,-1,0,1,0,1,1,1,0,1
KR_6707097477,440,-2,-19,8,-5,-5,0,5,1,2,1,-1,1,2,0,0,0,0,1,1,0,-4,51,5,5,10,-24,0,-1,1,-1,-1,-1,1,1
KR_6766451264,420,-2,-17,-7,-2,1,4,3,-1,1,2,-2,0,2,-4,2,6,4,4,0,1,-6,-2,7,4,11,-3,0,0,1,-1,0,1,1,1
KR_6734663335,420,2,-18,30,8,5,6,1,1,3,2,3,5,2,0,3,3,-1,0,1,0,12,37,2,5,7,2,0,0,1,-1,1,-1,4,1
KR_6761890953,440,2,10,0,7,-2,0,2,2,2,0,8,8,0,-3,0,3,2,2,0,0,15,27,0,7,7,-4,0,0,-1,-1,0,-1,1,1
KR_6712080739,420,3,85,-3,9,2,3,1,1,4,3,-1,2,3,5,6,1,2,3,1,1,10,5,2,4,6,0,0,3,1,1,1,1,1,1
KR_6735093001,420,2,28,3,3,4,4,0,1,5,4,0,4,4,-2,3,5,0,0,0,0,1,-10,-2,6,4,6,0,0,0,-1,1,1,0,1
KR_6623156927,420,-1,4,-19,2,-2,0,2,4,5,1,-1,1,2,0,3,3,1,1,0,0,5,0,3,4,7,1,0,0,0,1,1,1,0,1
KR_6680573781,420,1,18,-45,1,2,4,2,-3,3,6,0,4,4,2,4,2,0,2,2,0,-4,-6,0,6,6,5,0,2,-1,1,1,1,2,1
KR_6758911709,440,0,-12,0,7,9,10,1,0,3,3,-2,2,4,-2,1,3,2,2,0,0,12,7,-2,4,2,3,0,0,0,1,1,1,0,1
KR_6662390384,420,0,-23,-2,3,-1,1,2,3,4,1,3,3,0,-1,3,4,-1,0,1,0,4,2,2,7,9,3,0,0,1,1,0,1,5,1
KR_6761435957,420,0,24,8,-2,-2,1,3,0,3,3,-3,4,7,3,4,1,0,0,0,0,1,-49,3,4,7,-1,0,0,0,-1,0,1,0,1
KR_6748224647,420,-1,-28,-4,1,2,8,6,0,2,2,1,4,3,2,3,1,-4,2,6,1,5,-104,1,7,8,-7,0,0,1,1,1,1,3,1
KR_6762287454,420,-1,51,-26,-1,1,2,1,-1,2,3,2,4,2,-2,1,3,-1,1,2,1,-5,-13,-2,7,5,2,0,0,1,-1,0,1,6,1
KR_6688414878,420,5,11,33,10,1,2,1,2,4,2,1,2,1,5,7,2,1,1,0,0,19,20,0,5,5,1,0,1,1,1,1,1,2,1
KR_6721663750,440,-3,-37,-12,-3,2,3,1,-4,4,8,-2,2,4,2,7,5,-1,0,1,3,1,-3,6,5,11,-1,0,1,-1,1,1,1,2,1
KR_6712850303,420,4,17,14,14,4,4,0,6,8,2,1,1,0,1,4,3,2,2,0,-1,12,10,-3,9,6,3,0,2,-1,1,1,-1,6,1
KR_6724948830,420,1,-34,6,8,-1,1,2,-1,1,2,4,4,0,4,5,1,2,3,1,-1,2,42,-4,11,7,-1,0,0,1,-1,-1,-1,6,1
KR_6747706672,420,2,41,8,6,2,2,0,0,1,1,-1,5,6,1,5,4,4,4,0,0,3,0,-2,5,3,3,0,0,-1,-1,0,1,4,1
KR_6732031138,420,-1,7,5,-3,-2,0,2,2,4,2,-7,1,8,3,3,0,1,1,0,0,-4,-34,-1,9,8,6,0,0,1,-1,0,-1,1,1
KR_6705194523,420,1,19,34,0,-1,1,2,1,6,5,2,4,2,-3,1,4,1,1,0,0,-6,-288,-3,9,6,1,0,0,1,-1,0,-1,2,1
KR_6715441043,420,1,22,-4,1,2,3,1,0,5,5,3,6,3,-4,3,7,0,1,1,1,2,-5,-9,12,3,-2,0,1,1,-1,1,-1,5,1
KR_6732344095,420,-3,2,32,-7,0,3,3,-4,1,5,3,3,0,-5,1,6,-1,1,2,0,-9,1,-1,4,3,0,0,-2,1,-1,-1,-1,3,1
KR_6704278424,420,3,53,20,6,5,5,0,4,6,2,-1,2,3,-2,3,5,0,0,0,-2,3,-2,-5,7,2,1,0,1,1,1,1,-1,3,1
KR_6687487330,420,6,28,31,13,6,6,0,9,9,0,-1,1,2,-2,0,2,1,2,1,0,7,5,3,5,8,-3,0,2,1,1,1,-1,3,1
KR_6688916735,420,0,-65,25,-4,-5,0,5,-1,0,1,2,3,1,-2,2,4,2,3,1,-1,-3,-27,8,5,13,5,0,0,1,1,0,-1,2,1
KR_6692467265,420,-1,7,31,-1,-1,3,4,-1,0,1,3,6,3,0,3,3,-2,0,2,0,19,8,4,5,9,5,0,0,1,-1,1,-1,3,1
KR_6767128259,440,0,-4,-18,7,2,3,1,3,7,4,2,2,0,-1,4,5,1,5,4,1,17,-133,7,4,11,-6,0,2,1,0,1,1,1,1
KR_6724217863,440,0,-5,-25,4,1,2,1,0,1,1,2,2,0,0,2,2,1,1,0,0,2,13,1,3,4,-8,0,0,-1,1,0,1,2,1
KR_6744635755,440,-1,-42,9,-11,2,2,0,1,3,2,-6,3,9,-5,3,8,-3,1,4,-1,-16,-9,-2,3,1,1,0,-2,-1,1,-1,-1,1,1
KR_6753612039,420,-1,10,-29,9,0,0,0,5,5,0,2,3,1,0,3,3,2,2,0,0,10,-6,1,10,11,8,0,0,1,1,0,1,2,1
KR_6761791826,440,0,-31,-7,-3,-1,2,3,2,2,0,2,3,1,-5,1,6,-1,2,3,0,-4,-42,1,5,6,-2,0,-1,1,-1,-1,-1,3,1
KR_6759793987,420,1,63,0,3,1,3,2,-2,1,3,0,2,2,2,3,1,2,2,0,0,5,-78,0,6,6,6,0,-1,1,-1,1,-1,1,1
KR_6768030753,420,4,32,-20,15,6,6,0,4,8,4,2,2,0,4,4,0,-1,0,1,0,15,62,5,6,11,-19,0,1,1,1,1,-1,4,1
KR_6761556618,420,1,9,-20,10,1,2,1,9,9,0,4,8,4,-1,1,2,-3,1,4,0,4,33,3,4,7,-4,0,0,1,1,1,-1,2,1
KR_6738743678,440,1,56,-8,10,-1,2,3,0,4,4,-1,4,5,9,9,0,3,3,0,0,14,-22,3,4,7,-3,0,0,0,-1,1,1,0,1
KR_6766208775,420,0,-31,-5,0,-2,2,4,0,0,0,0,1,1,4,4,0,-2,0,2,-1,1,12,-3,7,4,-12,0,-1,1,-1,-1,-1,6,1
KR_6759796337,420,-2,-22,-16,1,1,3,2,2,3,1,-2,1,3,-2,3,5,2,2,0,-1,0,-4,-1,4,3,0,0,1,0,1,1,-1,0,1
KR_6758141431,420,5,105,32,17,1,2,1,6,6,0,7,8,1,2,3,1,1,1,0,2,23,-5,3,7,10,5,0,1,1,1,1,1,5,1
KR_6767234348,420,1,-45,13,0,2,2,0,5,7,2,3,4,1,-9,1,10,-1,0,1,-1,7,30,-1,9,8,-2,0,-1,-1,1,-1,-1,4,1
KR_6731151906,420,4,67,16,7,0,2,2,1,2,1,3,4,1,0,4,4,3,3,0,0,1,-32,4,5,9,-2,0,0,1,1,1,1,2,1
KR_6737321181,420,4,-5,6,9,5,5,0,1,1,0,2,2,0,1,3,2,0,1,1,0,7,3,1,4,5,-3,0,0,1,-1,-1,1,1,1
KR_6750706969,420,3,50,-8,11,2,3,1,0,0,0,5,5,0,5,7,2,-1,0,1,0,7,-28,2,6,8,4,0,2,1,-1,1,1,4,1
KR_6766830892,420,3,8,4,10,1,1,0,6,6,0,1,2,1,3,5,2,-1,0,1,0,17,-2,-1,6,5,3,0,1,1,1,1,-1,4,1
KR_6765106605,420,-1,4,-48,7,4,6,2,-1,2,3,0,3,3,3,8,5,1,1,0,-1,8,3,5,4,9,-6,0,0,1,1,1,-1,2,1
KR_6763925708,420,0,38,-11,-1,4,4,0,-3,0,3,2,4,2,-3,2,5,-1,0,1,0,-10,4,1,4,5,-2,0,1,-1,1,1,1,6,1
KR_6694843502,420,4,91,32,6,1,1,0,4,7,3,-3,2,5,7,7,0,-3,1,4,0,1,-5,2,4,6,-3,0,1,-1,1,1,-1,3,1
KR_6682326857,420,5,57,10,19,3,4,1,5,6,1,3,5,2,7,7,0,1,2,1,0,21,11,5,3,8,-4,0,3,-1,1,1,1,4,1
KR_6765866278,420,3,66,27,5,3,7,4,1,2,1,-1,0,1,2,4,2,0,0,0,0,2,-14,1,5,6,5,0,1,1,1,1,-1,3,1
KR_6720250512,420,1,32,-14,-1,2,2,0,3,5,2,-1,1,2,-5,2,7,0,2,2,0,-7,6,0,4,4,1,0,0,1,1,-1,1,2,1
KR_6659759833,420,2,14,17,7,-1,0,1,-2,1,3,3,4,1,5,5,0,2,2,0,0,10,19,0,8,8,0,0,-1,-1,-1,1,1,3,1
KR_6667587803,420,1,3,16,10,4,5,1,1,1,0,2,4,2,1,5,4,2,3,1,1,17,-60,-7,10,3,20,0,0,-1,1,1,1,2,1
KR_6766728431,420,2,-32,17,3,-1,2,3,2,2,0,3,4,1,-2,1,3,1,2,1,0,8,-1,-2,8,6,3,0,1,1,-1,1,1,1,1
KR_6691624485,420,2,-1,9,12,-1,0,1,7,8,1,3,4,1,3,4,1,0,1,1,0,17,6,1,10,11,-4,0,1,1,1,1,1,3,1
KR_6674875904,420,3,-10,-2,9,4,5,1,2,3,1,1,1,0,5,6,1,-3,1,4,0,6,-43,0,4,4,11,0,0,1,-1,-1,-1,6,1
KR_6696606560,420,0,11,13,0,-3,2,5,1,2,1,2,5,3,1,2,1,-1,1,2,0,-7,9,0,6,6,-5,0,0,1,-1,0,1,2,1
KR_6699760939,420,2,-21,3,5,-1,2,3,3,6,3,2,3,1,-1,3,4,2,2,0,0,1,1,3,8,11,0,0,0,-1,1,0,1,1,1
KR_6709115820,420,7,154,65,16,0,0,0,-1,5,6,2,3,1,12,12,0,3,4,1,1,10,7,-1,9,8,0,0,2,1,1,1,1,3,1
KR_6767495202,420,0,59,-4,3,1,3,2,1,2,1,-4,2,6,4,4,0,1,2,1,0,7,1,2,4,6,-1,0,1,1,1,1,1,4,1
KR_6738374069,440,-2,-123,4,-2,-1,1,2,-1,3,4,-1,0,1,3,5,2,-2,2,4,0,3,-237,-2,10,8,4,0,-1,1,-1,-1,1,3,1
KR_6764598405,420,8,119,-27,15,2,3,1,3,4,1,7,10,3,1,3,2,2,5,3,0,12,-11,1,2,3,1,0,2,-1,-1,1,1,6,1
KR_6714461928,420,4,40,28,7,0,2,2,1,6,5,6,7,1,0,3,3,0,1,1,-1,8,-12,-1,8,7,4,0,0,1,-1,-1,-1,2,1
KR_6767186841,440,3,62,28,8,-7,0,7,5,5,0,6,6,0,4,7,3,0,2,2,0,7,14,5,4,9,-2,0,2,1,1,-1,1,6,1
KR_6690069573,420,7,74,-7,12,4,6,2,0,1,1,8,9,1,0,1,1,0,0,0,1,6,-1,1,7,8,8,0,3,-1,1,1,1,6,1
KR_6760551285,420,1,35,16,-4,-2,0,2,1,4,3,-1,3,4,-1,2,3,-1,2,3,0,0,20,-2,7,5,10,0,1,-1,1,1,1,2,1
KR_6680374738,420,8,115,18,12,3,3,0,2,3,1,0,1,1,2,3,1,5,7,2,0,1,-24,-3,5,2,0,0,3,-1,1,1,-1,1,1
KR_6673535453,420,-1,14,-26,-3,1,1,0,-2,2,4,0,1,1,-4,2,6,2,2,0,-1,-4,-35,-12,12,0,4,0,-1,1,-1,-1,-1,3,1
KR_6766174857,440,2,-21,44,7,0,0,0,-1,0,1,-1,0,1,3,8,5,6,6,0,0,-2,-3,0,9,9,6,0,0,-1,1,1,1,5,1
KR_6637310425,420,5,68,-16,14,5,6,1,3,3,0,3,3,0,3,3,0,0,0,0,0,10,6,5,0,5,-1,0,2,1,1,1,1,1,1
KR_6661162488,440,2,-44,23,3,1,2,1,-1,3,4,1,2,1,2,5,3,0,0,0,0,-1,-14,-2,6,4,-3,0,0,0,1,0,-1,0,1
KR_6742550738,420,4,54,15,5,-2,1,3,2,5,3,0,2,2,4,5,1,1,1,0,0,13,14,9,3,12,-4,0,2,1,1,1,-1,3,1
KR_6759641430,440,3,-19,14,2,-2,0,2,3,7,4,2,3,1,0,4,4,-1,1,2,0,3,9,1,5,6,-9,0,0,0,-1,0,-1,0,1
KR_6761497525,440,0,52,0,0,-2,1,3,2,2,0,-1,1,2,0,2,2,1,1,0,0,-5,17,0,4,4,-3,0,1,-1,1,1,-1,3,1
KR_6767870956,420,4,3,24,8,1,2,1,2,4,2,3,8,5,3,5,2,-1,0,1,0,1,4,-7,9,2,-3,0,4,1,1,1,1,5,1
KR_6760228467,420,0,-47,2,2,0,1,1,2,4,2,-4,3,7,5,6,1,-1,0,1,2,12,-19,9,3,12,-4,0,1,-1,1,1,1,3,1
KR_6765363069,420,4,17,4,9,2,2,0,-2,3,5,6,6,0,4,5,1,-1,1,2,1,15,26,3,4,7,-1,0,2,1,-1,1,1,5,1
KR_6688560634,420,-1,-9,12,-1,3,4,1,0,2,2,-5,0,5,1,3,2,0,1,1,0,5,4,-1,4,3,1,0,1,1,-1,1,1,1,1
KR_6680997017,420,-1,-36,-33,-3,-4,2,6,-4,2,6,-5,0,5,7,9,2,3,3,0,-1,1,-19,0,9,9,-2,0,0,-1,1,-1,-1,2,1
KR_6730959597,420,-1,-52,-2,0,1,2,1,-1,4,5,-2,1,3,1,5,4,1,2,1,-2,-4,-24,1,5,6,0,0,-2,1,-1,-1,-1,6,1
KR_6687591918,420,0,-67,53,0,-1,0,1,2,2,0,2,5,3,-1,2,3,-2,0,2,-1,0,-8,1,2,3,-1,0,-3,0,1,-1,-1,0,1
KR_6764654463,440,1,21,-15,7,0,3,3,2,3,1,1,3,2,5,8,3,-1,1,2,0,4,-2,1,4,5,2,0,0,1,1,-1,-1,2,1
KR_6701037245,420,3,26,7,2,-4,0,4,0,1,1,7,8,1,0,3,3,-1,0,1,0,0,8,1,6,7,-1,0,1,1,1,1,-1,3,1
KR_6666498853,420,3,85,1,10,2,5,3,1,2,1,3,3,0,1,3,2,3,3,0,1,14,10,5,4,9,1,0,2,1,1,1,1,3,1
KR_6754452623,420,1,-27,16,8,0,3,3,3,3,0,0,1,1,3,4,1,2,2,0,0,12,29,3,3,6,-2,0,0,1,-1,0,1,5,1
KR_6601667551,420,6,133,-3,12,0,2,2,1,1,0,3,3,0,7,7,0,1,1,0,0,20,29,3,5,8,8,0,2,1,1,1,-1,3,1
KR_6762908957,420,6,8,30,4,0,2,2,-3,1,4,2,2,0,5,6,1,0,3,3,0,1,-3,-6,9,3,0,0,1,1,-1,1,-1,6,1
KR_6750947247,420,1,41,-8,1,1,2,1,-1,3,4,-2,0,2,2,3,1,1,2,1,0,1,-263,6,2,8,-2,0,0,-1,-1,0,-1,6,1
KR_6742360316,420,2,20,-8,7,0,5,5,4,5,1,0,2,2,0,2,2,3,3,0,0,11,-9,3,5,8,4,0,-1,1,-1,-1,-1,3,1
KR_6751574981,420,-2,-25,-16,-2,-5,1,6,0,4,4,1,2,1,1,2,1,1,1,0,0,0,-2,6,3,9,-5,0,1,-1,0,1,1,5,1
KR_6684590707,420,1,-7,35,5,-2,1,3,1,1,0,6,6,0,0,3,3,0,0,0,0,22,43,-1,4,3,2,0,0,1,-1,-1,-1,6,1
KR_6763853752,420,2,-2,17,3,-1,2,3,1,1,0,5,5,0,0,3,3,-2,0,2,0,0,173,1,6,7,-3,0,0,1,1,1,1,3,1
KR_6715496062,420,0,-40,4,-3,-1,1,2,-2,2,4,0,2,2,-1,1,2,1,2,1,0,2,-2,2,5,7,-2,0,0,-1,-1,0,1,4,1
KR_6740964122,420,4,-12,-7,5,0,3,3,2,4,2,2,2,0,1,3,2,0,0,0,0,10,54,5,2,7,0,0,1,1,1,1,1,5,1
KR_6674510230,420,-1,-38,-18,-1,0,1,1,2,4,2,-1,2,3,-2,2,4,0,0,0,0,-2,-7,-4,6,2,1,0,-1,1,-1,-1,1,3,1
KR_6683942600,420,2,65,-12,5,0,1,1,0,4,4,-1,1,2,5,5,0,1,2,1,0,15,-2,0,3,3,3,0,0,1,1,1,1,2,1
KR_6762465346,420,2,-7,25,-2,-2,1,3,-1,3,4,-1,0,1,3,3,0,-1,0,1,0,0,-10,-1,4,3,2,0,-1,1,-1,1,1,5,1
KR_6739119013,420,3,2,4,2,3,4,1,1,3,2,2,2,0,0,3,3,-4,0,4,0,3,-115,-4,8,4,-4,0,1,-1,-1,-1,1,2,1
KR_6767333780,420,3,12,33,3,-1,1,2,-5,0,5,4,4,0,6,7,1,-1,1,2,0,2,4,-1,8,7,4,0,0,1,-1,0,-1,2,1
KR_6708101852,420,-1,2,31,-5,0,1,1,3,6,3,-6,0,6,-3,1,4,1,1,0,0,-9,-21,-4,8,4,7,0,1,-1,-1,1,1,3,1
KR_6601716812,420,2,45,37,7,-1,0,1,7,7,0,-1,0,1,0,1,1,2,2,0,0,9,-18,2,5,7,1,0,1,1,1,1,1,2,1
KR_6759419575,440,2,14,-35,10,6,6,0,-4,0,4,-2,3,5,10,12,2,0,1,1,3,15,3,0,3,3,-1,0,1,-1,-1,-1,1,3,1
KR_6766241764,420,0,-6,-34,-4,-1,3,4,1,3,2,-1,3,4,-1,4,5,-2,1,3,0,2,-5,-4,8,4,1,0,0,1,-1,-1,-1,5,1
KR_6759789908,440,1,44,22,4,-2,0,2,0,4,4,4,4,0,1,2,1,1,2,1,0,2,-5,0,7,7,8,0,2,1,1,1,1,4,1
KR_6761126254,420,-1,33,-8,0,-3,1,4,3,4,1,-1,1,2,1,2,1,0,1,1,2,9,7,3,4,7,1,0,0,1,-1,0,1,6,1
KR_6742939127,420,3,-31,-27,2,-3,0,3,2,6,4,2,2,0,1,3,2,0,0,0,0,10,25,2,3,5,-1,0,0,-1,1,0,1,1,1
KR_6686789422,420,4,38,8,7,-2,0,2,2,3,1,-1,1,2,6,6,0,2,2,0,0,9,8,-1,5,4,0,0,2,-1,1,1,1,2,1
KR_6653165341,420,1,33,-20,1,-2,3,5,2,3,1,-1,2,3,3,3,0,-1,0,1,0,3,-294,2,3,5,-8,0,-1,-1,-1,-1,1,1,1
KR_6645727329,420,3,51,32,4,4,6,2,2,5,3,-2,1,3,0,2,2,0,0,0,0,-1,20,0,9,9,1,0,1,1,1,1,1,6,1
KR_6676169118,420,0,25,9,-2,-1,1,2,2,3,1,2,5,3,-5,2,7,0,0,0,0,-11,-2,-1,7,6,1,0,1,1,1,1,-1,2,1
KR_6742497742,420,-1,-22,-18,-3,-1,1,2,-2,3,5,0,1,1,0,4,4,0,2,2,0,-4,-2,1,5,6,4,0,0,1,-1,-1,-1,5,1
KR_6764946195,420,1,-36,3,8,-3,0,3,4,12,8,3,3,0,2,5,3,2,3,1,2,9,-2,-4,7,3,-2,0,0,-1,1,0,1,1,1
KR_6671907065,420,0,10,-16,5,-2,0,2,3,4,1,-2,2,4,4,5,1,2,2,0,3,14,-19,-4,9,5,3,0,-1,1,1,-1,1,2,1
KR_6662706847,420,-2,12,-57,-3,0,3,3,-4,0,4,2,2,0,-2,1,3,1,1,0,0,-3,-14,-3,10,7,6,0,-1,-1,-1,-1,-1,3,1
KR_6753100465,420,1,11,18,6,6,7,1,0,6,6,3,5,2,-3,1,4,0,1,1,0,-3,3,-3,4,1,1,0,0,-1,-1,-1,1,5,1
KR_6751599187,420,0,41,34,1,0,0,0,4,6,2,-2,2,4,0,3,3,-1,0,1,0,-3,-27,2,4,6,2,0,2,1,1,1,1,2,1
KR_6711306807,420,6,75,28,10,4,6,2,3,8,5,1,2,1,3,4,1,-1,2,3,0,10,308,-2,5,3,3,0,0,-1,-1,1,1,2,1
KR_6686767071,420,3,32,-20,10,4,4,0,2,4,2,6,6,0,-2,3,5,0,1,1,0,8,12,2,5,7,4,0,0,1,-1,0,1,2,1
KR_6756660488,420,-1,64,4,9,4,4,0,1,3,2,-5,1,6,9,9,0,0,2,2,0,4,-38,2,5,7,-1,0,2,1,1,1,1,1,1
KR_6725005466,420,9,82,52,22,8,10,2,5,5,0,7,7,0,2,2,0,0,0,0,0,9,19,7,2,9,2,0,2,1,1,1,1,1,1
KR_6687420984,420,-1,-15,14,0,5,5,0,4,6,2,-2,1,3,-6,2,8,-1,1,2,-3,-9,42,-3,4,1,1,0,1,-1,1,1,-1,1,1
KR_6766519933,420,1,38,-12,8,1,3,2,0,4,4,5,6,1,1,3,2,1,5,4,2,11,10,5,4,9,0,0,1,1,-1,1,1,5,1
KR_6680392047,420,1,2,-27,6,1,2,1,3,5,2,-3,0,3,7,7,0,-2,1,3,0,14,11,2,3,5,-1,0,0,1,-1,-1,1,4,1
KR_6719513750,420,3,38,-9,11,0,4,4,7,8,1,6,7,1,-3,0,3,1,2,1,0,6,13,-1,9,8,-3,0,1,-1,1,1,1,5,1
KR_6757711277,420,2,59,-28,0,4,5,1,-5,0,5,-1,1,2,2,3,1,0,0,0,0,-5,13,3,3,6,6,0,2,-1,1,1,-1,6,1
KR_6759179682,420,2,3,14,-1,0,1,1,-1,5,6,-1,0,1,-2,1,3,3,5,2,-1,0,18,-2,5,3,-6,0,0,-1,1,1,-1,5,1
KR_6681991339,420,1,16,8,4,1,4,3,5,6,1,-1,0,1,0,2,2,-1,0,1,0,3,-11,0,5,5,-2,0,0,-1,1,1,-1,6,1
KR_6756976700,420,4,-43,9,11,5,6,1,3,5,2,3,4,1,-1,5,6,1,3,2,1,5,-2,-1,8,7,3,0,2,1,1,1,1,2,1
KR_6683875211,440,2,19,-18,6,0,1,1,2,2,0,3,3,0,4,4,0,-3,0,3,0,14,59,3,3,6,1,0,0,1,-1,0,-1,4,1
KR_6725033739,420,-1,-20,1,4,-2,2,4,4,7,3,3,3,0,-3,5,8,2,3,1,0,9,3,-1,6,5,2,0,0,1,-1,0,-1,6,1
KR_6765597606,420,-1,-71,-16,-4,-2,0,2,1,3,2,-1,1,2,1,1,0,-3,0,3,0,-2,17,2,7,9,-9,0,-1,-1,-1,-1,-1,4,1
KR_6756954785,420,1,6,5,5,2,3,1,-1,3,4,0,5,5,3,3,0,1,1,0,0,-2,21,6,2,8,-3,0,1,1,1,1,-1,1,1
KR_6750521216,420,0,54,-7,6,1,2,1,-1,2,3,-1,0,1,3,3,0,4,5,1,0,4,-41,0,9,9,0,0,1,1,1,1,1,4,1
KR_6762850910,420,4,35,24,4,1,2,1,3,5,2,-1,2,3,-1,0,1,2,4,2,0,-1,-5,-2,7,5,5,0,1,0,0,1,1,0,1
KR_6757765400,420,1,19,-20,3,4,6,2,-3,1,4,2,4,2,0,1,1,0,0,0,0,4,27,3,5,8,-7,0,1,-1,-1,1,1,1,1
KR_6720321316,420,2,-14,16,7,1,1,0,4,5,1,1,3,2,-2,5,7,3,3,0,2,18,0,3,5,8,5,0,0,1,1,0,1,1,1
KR_6765691875,420,0,-6,0,2,4,4,0,0,1,1,1,3,2,-2,2,4,-1,1,2,1,9,-5,-3,10,7,0,0,0,1,1,0,1,3,1
KR_6711233004,420,3,-5,20,3,-2,2,4,0,4,4,3,4,1,5,5,0,-3,3,6,0,8,3,-2,8,6,8,0,1,1,1,1,-1,6,1
KR_6765970760,420,5,73,20,7,3,3,0,1,5,4,-1,2,3,4,5,1,0,3,3,0,1,27,-2,6,4,2,0,1,1,-1,1,1,6,1
KR_6669586702,420,-1,9,3,5,-4,0,4,5,5,0,3,3,0,1,2,1,0,0,0,0,11,1,4,5,9,-2,0,1,1,1,1,-1,4,1
KR_6757924623,420,1,-23,31,1,0,2,2,-1,2,3,1,5,4,0,2,2,1,1,0,0,7,-40,3,3,6,-2,0,1,1,1,1,1,5,1
KR_6766118995,420,2,54,13,2,4,4,0,-1,3,4,-2,2,4,1,2,1,0,1,1,0,-4,2,3,3,6,1,0,1,0,1,1,1,0,1
KR_6767156586,420,2,25,40,5,-1,1,2,0,2,2,-1,1,2,6,9,3,1,1,0,0,4,11,4,2,6,-1,0,2,1,0,1,1,2,1
KR_6732406529,420,0,13,8,1,3,4,1,3,4,1,-2,2,4,0,2,2,-3,3,6,1,4,-25,4,5,9,7,0,1,-1,1,1,1,4,1
KR_6703234966,440,2,34,4,10,5,6,1,0,4,4,3,3,0,1,3,2,1,1,0,0,7,14,2,5,7,-3,0,2,-1,1,1,1,1,1
KR_6765940370,420,5,29,35,5,-1,2,3,2,4,2,3,3,0,1,1,0,0,0,0,0,8,0,-3,8,5,6,0,0,1,-1,0,-1,3,1
KR_6694862499,440,1,24,2,3,3,4,1,1,6,5,-4,3,7,2,4,2,1,2,1,0,7,41,0,1,1,2,0,1,0,1,1,-1,0,1
KR_6680378233,440,0,-12,-22,10,-4,1,5,3,4,1,10,11,1,-2,1,3,3,3,0,1,1,-1,2,3,5,-2,0,1,-1,1,1,1,5,1
KR_6733746575,420,1,68,3,10,1,2,1,5,7,2,2,5,3,0,2,2,2,2,0,0,7,41,4,3,7,4,0,2,1,1,1,1,4,1
KR_6699849726,420,2,-75,20,9,1,2,1,-1,1,2,1,1,0,4,5,1,4,4,0,0,8,-96,-1,3,2,-3,0,0,1,-1,1,-1,2,1
KR_6732810796,420,0,-30,3,0,0,1,1,-1,3,4,4,7,3,-5,0,5,2,3,1,1,2,25,-4,6,2,3,0,-1,-1,1,-1,1,3,1
KR_6628617347,420,2,70,33,3,4,4,0,-2,1,3,1,2,1,0,0,0,0,0,0,0,0,-24,-1,6,5,-4,0,1,1,1,1,-1,3,1
KR_6495426233,420,4,89,12,7,3,4,1,2,4,2,-3,1,4,6,7,1,-1,0,1,0,0,6,-4,7,3,5,0,4,1,1,1,1,5,1
KR_6766032224,420,3,72,24,3,-2,0,2,1,6,5,0,3,3,3,4,1,1,1,0,0,-1,-1,1,5,6,0,0,1,1,-1,1,1,2,1
KR_6699623650,420,0,-48,8,6,1,2,1,2,2,0,8,8,0,-5,3,8,0,0,0,1,14,9,1,7,8,-1,0,1,1,1,1,1,1,1
KR_6764821165,420,-5,-15,-16,-1,-7,0,7,1,3,2,4,5,1,0,3,3,1,2,1,0,5,0,-6,9,3,6,0,0,1,-1,-1,-1,1,1
KR_6758571386,420,2,7,11,1,0,2,2,-2,2,4,1,3,2,3,6,3,-1,0,1,0,-6,-211,-1,8,7,-1,0,-1,1,-1,-1,-1,2,1
KR_6760225327,420,-1,31,-12,1,4,6,2,-4,5,9,5,7,2,-3,5,8,-1,1,2,0,-8,-15,-7,9,2,4,0,0,1,-1,1,1,2,1
KR_6761946753,440,0,61,-4,-4,-4,0,4,0,0,0,4,7,3,-1,1,2,-3,2,5,-1,1,-37,0,9,9,8,0,1,-1,1,1,-1,6,1
KR_6730398465,420,6,-3,6,19,5,7,2,6,8,2,2,4,2,1,2,1,5,5,0,0,12,29,4,4,8,-6,0,1,-1,1,1,1,6,1
KR_6758994267,420,1,2,-32,3,0,1,1,-1,1,2,2,3,1,3,5,2,-1,0,1,0,2,8,4,4,8,-1,0,0,-1,1,0,1,4,1
KR_6763669901,420,4,16,16,6,4,5,1,4,6,2,0,2,2,-2,2,4,0,0,0,0,3,10,3,3,6,-4,0,1,1,1,1,1,4,1
KR_6760988881,420,2,44,8,6,2,2,0,6,6,0,1,3,2,0,3,3,-3,0,3,0,2,8,4,6,10,0,0,0,-1,1,1,-1,1,1
KR_6622936122,420,5,17,1,7,0,2,2,-2,1,3,11,13,2,-2,4,6,0,3,3,-1,9,-3,3,3,6,4,0,1,1,1,1,1,5,1
KR_6767817642,420,1,25,10,-2,-3,1,4,1,3,2,-1,0,1,2,3,1,-1,1,2,0,-1,2,0,7,7,4,0,2,1,-1,1,1,5,1
KR_6764746474,420,-3,-45,26,-8,0,3,3,-4,0,4,-5,0,5,1,3,2,0,0,0,0,-8,-3,1,4,5,-2,0,2,-1,1,1,-1,1,1
KR_6767850605,420,1,15,-12,-2,3,3,0,-1,1,2,3,3,0,-7,1,8,0,1,1,0,-7,1,0,3,3,1,0,-1,-1,1,-1,1,3,1
KR_6763393747,420,4,65,16,2,2,4,2,-1,1,2,1,4,3,0,3,3,0,2,2,0,4,3,1,3,4,2,0,0,-1,-1,1,-1,1,1
KR_6614749127,440,0,7,15,1,1,1,0,0,3,3,-1,1,2,0,4,4,1,1,0,0,-2,42,-1,6,5,-1,0,0,1,1,0,1,6,1
KR_6627380750,420,6,80,13,15,12,13,1,1,3,2,4,4,0,-3,1,4,1,1,0,0,15,-2,3,2,5,5,0,2,1,1,1,1,6,1
KR_6757134348,420,-1,24,-3,-3,4,6,2,0,1,1,-3,0,3,-2,1,3,-2,0,2,0,-9,236,-4,8,4,-1,0,3,-1,1,1,-1,1,1
KR_6757968637,420,-2,-15,26,-5,-1,1,2,2,3,1,-1,0,1,-4,0,4,-1,0,1,1,-5,-34,-4,9,5,2,0,0,-1,-1,-1,1,4,1
KR_6758565017,420,4,45,41,8,2,2,0,4,5,1,1,4,3,0,1,1,1,1,0,1,21,-75,-2,5,3,-2,0,-1,1,-1,-1,1,6,1
KR_6713257660,420,2,66,6,0,1,1,0,0,2,2,0,3,3,-4,2,6,3,3,0,0,-6,-1,-1,6,5,0,0,1,1,-1,1,1,5,1
KR_6764811583,420,3,71,10,3,2,4,2,3,4,1,-2,3,5,2,3,1,-2,1,3,0,-4,3,-3,8,5,4,0,0,0,-1,0,-1,0,1
KR_6692922309,420,1,13,-6,10,-2,0,2,5,6,1,-2,2,4,4,6,2,5,5,0,0,20,1,3,4,7,2,0,2,1,1,1,1,6,1
KR_6760457907,420,1,52,59,-2,1,1,0,-4,3,7,5,5,0,-6,4,10,2,2,0,0,-6,2,-3,7,4,1,0,1,1,1,-1,1,6,1
KR_6692562308,420,2,34,16,8,-1,2,3,1,2,1,2,3,1,6,6,0,0,0,0,0,13,-157,3,4,7,4,0,3,1,-1,1,1,1,1
KR_6495352310,420,-1,-47,8,5,3,3,0,-3,3,6,3,3,0,0,1,1,2,2,0,0,2,-3,1,5,6,-4,0,0,-1,1,-1,-1,6,1
KR_6684274241,420,-1,42,32,-2,-3,0,3,0,3,3,-2,1,3,0,1,1,3,4,1,0,0,-3,0,6,6,6,0,1,1,1,1,1,1,1
KR_6764976008,420,0,40,31,1,-4,0,4,7,10,3,2,3,1,-2,4,6,-2,1,3,0,-2,-14,-2,9,7,11,0,2,-1,1,1,1,6,1
KR_6753863840,420,-1,5,12,-2,3,3,0,-3,4,7,-1,1,2,1,1,0,-2,1,3,0,-2,-28,2,4,6,0,0,-2,-1,0,-1,-1,2,1
KR_6747472817,420,3,9,28,9,-3,0,3,5,6,1,1,3,2,6,7,1,0,0,0,0,19,-4,3,4,7,1,0,1,1,1,1,-1,5,1
KR_6688849451,420,1,18,-12,1,3,3,0,-1,5,6,3,3,0,-3,4,7,-1,1,2,0,1,5,4,4,8,-4,0,0,-1,1,0,-1,6,1
KR_6622643592,420,1,-31,-1,3,-1,4,5,1,1,0,1,4,3,2,2,0,0,0,0,1,7,-8,-4,8,4,5,0,1,1,-1,1,1,4,1
KR_6764534668,420,2,30,36,3,1,2,1,1,2,1,0,1,1,1,3,2,0,1,1,0,7,-23,-1,8,7,3,0,0,1,1,1,-1,1,1
KR_6724095094,420,3,16,4,9,1,1,0,3,4,1,4,6,2,2,4,2,-1,1,2,0,10,9,7,1,8,1,0,1,1,1,1,-1,4,1
KR_6763510830,440,-1,-17,0,-2,-3,1,4,1,2,1,1,1,0,0,3,3,-1,0,1,0,-6,41,-1,7,6,-25,0,2,-1,1,1,-1,4,1
KR_6762009803,420,5,49,-4,15,5,7,2,10,11,1,-3,1,4,4,4,0,-1,0,1,0,24,-7,5,3,8,5,0,0,1,-1,1,1,5,1
KR_6761590069,440,0,89,4,4,1,3,2,4,4,0,0,2,2,-1,4,5,0,1,1,1,-4,12,1,5,6,0,0,0,-1,1,0,1,2,1
KR_6692045888,420,4,-27,47,10,3,3,0,5,5,0,-2,3,5,3,5,2,1,3,2,0,12,-3,-1,4,3,-1,0,1,1,1,1,1,5,1
KR_6691842960,420,2,38,-5,6,0,2,2,7,9,2,0,1,1,-2,2,4,1,3,2,0,3,11,2,3,5,5,0,0,-1,1,1,1,4,1
KR_6746736120,420,10,77,40,13,0,2,2,2,3,1,6,6,0,6,6,0,-1,0,1,0,8,170,0,4,4,-1,0,2,1,1,1,1,5,1
KR_6744819889,420,-2,-13,-43,2,3,6,3,-4,1,5,-1,1,2,4,4,0,0,0,0,0,5,6,-2,9,7,4,0,0,1,-1,-1,-1,4,1
KR_6767840630,420,1,-24,8,3,1,1,0,0,1,1,3,4,1,-1,2,3,0,1,1,0,5,43,3,7,10,-9,0,-2,1,-1,-1,1,5,1
KR_6664253292,420,0,-9,-23,3,3,4,1,0,3,3,-2,1,3,3,8,5,-1,1,2,0,10,1,5,2,7,-2,0,0,1,1,0,1,5,1
KR_6744697616,420,2,2,12,-1,2,4,2,2,4,2,-2,3,5,-2,2,4,-1,1,2,0,-1,8,4,5,9,3,0,1,1,1,1,-1,6,1
KR_6678156773,420,2,-2,16,11,2,4,2,5,7,2,2,3,1,2,4,2,0,1,1,-1,11,1,-1,6,5,-6,0,2,-1,1,1,-1,4,1
KR_6765593752,420,6,62,15,11,4,4,0,6,7,1,4,4,0,-3,1,4,0,1,1,0,9,-35,0,4,4,17,0,0,1,1,0,1,3,1
KR_6710703941,420,2,-5,-15,8,-4,1,5,4,6,2,3,3,0,4,6,2,1,1,0,-2,7,2,1,6,7,6,0,0,1,-1,-1,-1,5,1
KR_6767434166,420,1,37,-8,-2,-2,1,3,-3,1,4,0,1,1,2,2,0,1,1,0,0,-6,-2,-6,7,1,-1,0,1,-1,1,1,-1,5,1
KR_6761884967,440,0,-51,8,-3,-1,1,2,4,5,1,-1,3,4,-2,1,3,-3,2,5,0,6,4,1,4,5,-2,0,0,-1,1,-1,1,4,1
KR_6644383472,420,6,29,42,14,2,5,3,6,6,0,6,9,3,2,3,1,-2,1,3,0,12,4,7,3,10,0,0,2,1,1,1,1,5,1
KR_6767299264,420,2,-3,1,3,-2,0,2,1,3,2,1,3,2,2,5,3,1,1,0,0,8,-6,-2,9,7,3,0,0,1,-1,0,-1,1,1
KR_6763969266,420,0,-8,8,1,2,2,0,-4,1,5,4,5,1,-3,0,3,2,4,2,1,3,19,7,2,9,-9,0,1,1,-1,1,1,5,1
KR_6762678254,420,2,65,-16,3,-1,2,3,-1,1,2,2,2,0,3,3,0,0,0,0,0,4,-38,1,5,6,1,0,0,1,-1,0,-1,4,1
KR_6759281396,420,7,45,12,4,-2,3,5,1,2,1,1,2,1,2,3,1,2,3,1,0,4,-20,-4,10,6,4,0,0,1,1,1,-1,3,1
KR_6716216725,440,4,36,11,4,2,2,0,-1,3,4,3,4,1,0,0,0,0,1,1,-1,1,60,1,5,6,0,0,2,-1,1,1,-1,2,1
KR_6674257955,420,4,18,-2,7,7,7,0,-1,1,2,-2,1,3,3,6,3,0,2,2,0,8,-15,-3,5,2,1,0,1,1,1,1,1,2,1
KR_6761816082,420,1,-19,0,4,1,4,3,5,7,2,1,3,2,0,3,3,-3,0,3,0,6,-14,3,2,5,4,0,-1,0,-1,-1,1,0,1
KR_6750038889,420,5,31,-6,4,-1,0,1,6,7,1,2,2,0,-4,2,6,1,1,0,-2,12,-247,1,6,7,-3,0,0,-1,-1,-1,-1,2,1
KR_6736552461,420,8,106,19,15,4,5,1,4,5,1,2,3,1,-2,0,2,7,7,0,0,16,3,-2,7,5,6,0,2,1,-1,1,1,4,1
KR_6740565458,420,3,-14,35,18,2,2,0,5,8,3,10,11,1,1,3,2,0,0,0,2,22,45,-8,10,2,5,0,1,1,-1,1,1,4,1
KR_6696716147,420,-1,-37,0,9,-5,1,6,7,8,1,2,5,3,0,1,1,5,5,0,0,30,4,0,6,6,0,0,0,-1,-1,0,-1,1,1
KR_6696593598,420,5,39,1,12,0,2,2,4,8,4,2,4,2,4,5,1,2,2,0,0,23,38,3,5,8,-11,0,3,1,1,1,1,6,1
KR_6765964931,440,6,59,45,7,-1,1,2,0,4,4,4,5,1,0,1,1,4,4,0,0,1,5,-2,5,3,4,0,0,-1,1,1,1,1,1
KR_6765101340,420,3,-26,-14,6,2,3,1,1,4,3,2,5,3,-1,1,2,2,2,0,0,5,5,2,6,8,-9,0,1,1,1,1,1,2,1
KR_6749830137,420,0,-25,7,-8,-9,2,11,5,7,2,0,3,3,-3,1,4,-1,2,3,-2,-16,-5,-2,7,5,-2,0,-2,-1,-1,-1,-1,6,1
KR_6703608948,420,4,50,-2,6,2,5,3,-1,2,3,1,2,1,5,7,2,-1,0,1,-1,1,7,6,1,7,-6,0,2,1,1,1,-1,1,1
KR_6693631513,420,-1,36,3,-3,0,0,0,1,7,6,2,4,2,0,1,1,-6,0,6,0,-4,13,6,6,12,-5,0,0,1,1,0,1,1,1
KR_6764442728,420,-1,-35,-5,1,-3,0,3,2,5,3,2,2,0,0,3,3,0,1,1,0,4,-10,-2,5,3,7,0,-1,-1,-1,-1,1,2,1
KR_6697959997,420,6,44,28,11,0,1,1,8,9,1,0,1,1,1,5,4,2,3,1,0,14,-11,-1,6,5,3,0,1,-1,1,1,-1,6,1
KR_6681095678,420,0,-26,2,0,-1,1,2,-4,2,6,5,5,0,0,1,1,0,2,2,0,2,-49,-4,9,5,21,0,0,1,1,0,-1,2,1
KR_6761678869,440,0,1,15,-2,0,2,2,-1,1,2,0,3,3,-1,2,3,0,1,1,0,2,41,1,3,4,-4,0,0,1,-1,0,-1,3,1
KR_6685612561,420,3,17,-9,10,-1,1,2,4,4,0,4,5,1,4,5,1,-1,1,2,0,16,3,1,6,7,0,0,3,1,1,1,-1,5,1
KR_6765995740,420,1,60,12,4,0,3,3,2,6,4,1,1,0,2,3,1,-1,1,2,0,11,3,4,3,7,-3,0,0,1,1,1,1,1,1
KR_6710637977,420,5,70,6,11,11,11,0,1,4,3,2,5,3,-1,2,3,-2,1,3,0,2,7,5,4,9,0,0,1,1,1,1,-1,1,1
KR_6716634726,420,0,-50,-1,3,2,2,0,-5,1,6,1,2,1,2,4,2,3,3,0,0,-4,-2,2,6,8,5,0,1,-1,1,1,1,5,1
KR_6763075446,440,-1,-29,12,3,-7,1,8,3,8,5,3,3,0,4,5,1,0,0,0,0,10,10,-1,6,5,3,0,-2,1,-1,-1,-1,2,1
KR_6666211137,420,-1,11,-28,-6,1,3,2,2,3,1,0,3,3,-6,1,7,-3,0,3,-1,-8,-1,0,5,5,-1,0,-1,-1,-1,-1,-1,3,1
KR_6688604976,420,4,35,28,6,5,6,1,-2,2,4,0,0,0,1,3,2,2,2,0,0,3,-8,2,4,6,7,0,1,1,1,1,-1,6,1
KR_6750089595,420,10,97,8,17,4,6,2,6,6,0,2,4,2,3,4,1,2,2,0,0,24,6,1,4,5,6,0,3,1,1,1,1,4,1
KR_6761717875,440,0,-29,12,0,1,1,0,-2,0,2,1,1,0,2,3,1,-2,0,2,0,1,25,6,2,8,4,0,0,1,0,0,-1,6,1
KR_6738453635,440,2,29,1,7,1,3,2,-2,5,7,2,3,1,3,5,2,3,4,1,0,6,2,2,5,7,-6,0,1,-1,1,1,1,4,1
KR_6725423114,420,8,82,-5,17,7,8,1,7,7,0,2,3,1,-2,1,3,3,3,0,0,8,-2,1,4,5,2,0,2,1,1,1,1,1,1
KR_6703998088,420,-1,69,16,0,-1,1,2,2,3,1,-2,1,3,3,3,0,-2,0,2,0,-1,-8,2,8,10,4,0,0,-1,1,0,1,5,1
KR_6653330496,420,3,-11,32,15,1,5,4,3,5,2,8,12,4,9,9,0,-6,0,6,0,13,-24,3,5,8,-3,0,2,1,-1,1,-1,6,1
KR_6765588913,420,-2,-12,-32,2,-2,2,4,-1,1,2,2,4,2,6,7,1,-3,1,4,-1,11,5,-3,10,7,3,0,2,-1,1,1,-1,3,1
KR_6760804073,420,0,46,-8,-5,-3,2,5,-2,0,2,0,3,3,3,3,0,-3,1,4,0,-9,-10,1,4,5,0,0,0,-1,-1,0,1,2,1
KR_6712528111,420,-2,15,-7,-9,2,3,1,-4,2,6,-1,4,5,-2,1,3,-4,0,4,0,-10,12,7,3,10,-2,0,1,0,1,1,-1,0,1
KR_6696176272,420,2,81,20,9,-4,0,4,3,4,1,3,6,3,7,7,0,0,0,0,0,12,2,1,7,8,3,0,3,1,1,1,1,6,1
KR_6632021177,420,5,20,1,14,4,5,1,1,4,3,-1,0,1,10,11,1,0,1,1,0,16,-2,0,7,7,4,0,3,1,1,1,1,4,1
KR_6683799434,440,3,54,11,6,1,1,0,-1,3,4,-1,0,1,6,6,0,1,1,0,0,3,-4,-2,8,6,0,0,1,1,-1,1,-1,6,1
KR_6738465270,420,-3,-1,16,-1,-3,1,4,-2,4,6,1,4,3,1,5,4,2,2,0,1,5,-110,-1,7,6,0,0,1,1,1,1,1,2,1
KR_6731152082,420,3,80,16,7,-1,1,2,5,6,1,7,8,1,-1,1,2,-3,0,3,1,12,-1,-3,7,4,7,0,1,1,-1,1,1,6,1
KR_6637922535,420,4,51,43,8,4,5,1,-2,0,2,6,8,2,2,2,0,-2,0,2,0,5,4,1,5,6,-1,0,2,1,1,1,1,6,1
KR_6759053545,440,2,58,12,-1,2,4,2,0,3,3,-3,2,5,1,3,2,-1,1,2,0,-9,-64,1,2,3,0,0,0,1,-1,1,-1,1,1
KR_6719148651,420,5,26,8,17,-1,2,3,8,10,2,7,7,0,4,5,1,-1,1,2,4,23,12,1,6,7,3,0,0,1,1,1,1,2,1
KR_6768083281,420,1,-11,-8,2,2,4,2,-1,5,6,-1,2,3,4,7,3,-2,1,3,0,6,-37,-4,7,3,6,0,1,-1,1,1,-1,2,1
KR_6691760379,420,0,-7,-13,-3,3,3,0,-2,4,6,-2,0,2,-1,2,3,-1,0,1,0,-2,-13,-4,11,7,2,0,-1,-1,-1,-1,1,2,1
KR_6681263843,420,1,7,9,2,3,4,1,-1,1,2,0,0,0,0,3,3,0,1,1,0,-2,0,-1,6,5,0,0,0,-1,1,0,1,2,1
KR_6726349048,420,3,-6,8,4,5,6,1,-2,4,6,-1,1,2,2,3,1,0,0,0,0,9,-30,-2,9,7,6,0,1,1,-1,1,-1,2,1
KR_6710604216,420,4,13,42,1,3,3,0,1,2,1,1,4,3,-3,1,4,-1,0,1,0,-5,-12,1,6,7,-3,0,2,1,-1,1,1,5,1
KR_6740641886,420,2,64,0,-2,2,3,1,2,3,1,-7,0,7,2,2,0,-1,0,1,0,2,6,2,4,6,3,0,1,1,1,1,1,6,1
KR_6699716817,420,2,78,3,12,2,2,0,3,5,2,7,8,1,-2,0,2,2,2,0,0,11,-27,-2,10,8,6,0,2,-1,1,1,1,3,1
KR_6739739650,440,0,18,-7,8,3,5,2,-4,2,6,5,6,1,3,4,1,1,3,2,0,7,-30,-1,5,4,-2,0,0,1,0,1,1,6,1
KR_6738265084,420,1,63,18,7,0,2,2,11,12,1,2,2,0,-1,6,7,-5,0,5,1,4,0,0,4,4,2,0,0,1,-1,1,1,2,1
KR_6654033994,420,2,1,15,0,0,1,1,-3,0,3,1,2,1,3,4,1,-1,0,1,0,-4,5,2,4,6,1,0,1,1,1,1,-1,1,1
KR_6711310731,420,6,69,26,8,5,5,0,0,3,3,-1,4,5,4,6,2,0,2,2,-1,12,146,3,3,6,2,0,2,-1,1,1,-1,2,1
KR_6761327988,420,-1,-19,23,-5,-1,0,1,0,2,2,-3,2,5,-1,2,3,0,1,1,0,-2,-6,-5,11,6,8,0,0,-1,1,0,1,5,1
KR_6758633157,420,1,5,11,13,-1,1,2,3,9,6,2,5,3,7,8,1,2,2,0,0,14,26,-2,6,4,1,0,1,-1,1,1,1,4,1
KR_6642217868,420,0,-7,10,0,0,2,2,-1,4,5,-3,1,4,3,4,1,1,1,0,1,2,9,1,9,10,-2,0,0,1,1,0,1,3,1
KR_6677219011,420,3,54,23,-2,3,3,0,-2,3,5,-1,2,3,-3,1,4,1,2,1,0,-8,2,4,3,7,-1,0,1,-1,-1,1,1,5,1
KR_6726083341,420,5,100,-7,16,3,3,0,4,4,0,1,1,0,8,9,1,0,0,0,0,18,64,7,3,10,-39,0,2,1,1,1,1,6,1
KR_6693728266,420,0,13,12,1,-1,0,1,0,1,1,1,4,3,-2,0,2,3,4,1,0,1,27,-1,6,5,2,0,0,1,1,0,1,6,1
KR_6761003429,420,2,15,10,3,1,2,1,1,3,2,0,1,1,1,3,2,0,1,1,0,-1,-35,1,3,4,22,0,-1,1,-1,-1,1,1,1
KR_6765235811,420,-4,-17,-8,-5,-3,0,3,1,2,1,-3,0,3,5,6,1,-5,1,6,0,1,-39,0,7,7,-4,0,0,0,-1,-1,1,0,1
KR_6763852217,420,3,10,30,4,3,3,0,0,2,2,-4,5,9,2,6,4,3,3,0,1,-2,8,2,2,4,2,0,1,1,1,1,1,3,1
KR_6706584226,420,5,91,8,10,0,2,2,4,5,1,5,7,2,0,4,4,1,1,0,-1,10,-5,1,7,8,-4,0,0,1,-1,1,-1,5,1
KR_6682692508,420,2,11,-9,0,-1,1,2,3,6,3,-2,1,3,-2,2,4,2,4,2,-1,0,17,3,4,7,-6,0,-1,1,-1,-1,-1,1,1
KR_6760395872,420,3,72,8,15,5,8,3,4,5,1,-2,4,6,8,9,1,0,3,3,2,18,8,5,4,9,2,0,2,-1,-1,1,1,6,1
KR_6747539515,440,-3,41,-15,-1,-1,4,5,3,6,3,-1,1,2,-2,4,6,0,0,0,0,-4,9,1,4,5,0,0,0,0,-1,1,1,0,1
KR_6707635226,440,3,52,-4,8,5,5,0,2,4,2,6,8,2,-5,0,5,0,1,1,0,6,15,-3,7,4,6,0,3,-1,1,1,1,2,1
KR_6656169519,420,1,51,18,2,-4,2,6,-1,1,2,0,3,3,8,10,2,-1,1,2,1,11,336,-4,9,5,5,0,0,1,-1,-1,-1,5,1
KR_6758052935,420,1,15,-11,-3,-1,0,1,-1,2,3,-1,2,3,-1,1,2,1,1,0,0,-4,-36,-3,8,5,2,0,0,-1,-1,0,-1,2,1
KR_6749987574,420,4,101,2,4,-1,1,2,4,4,0,-3,2,5,4,5,1,0,0,0,3,0,11,4,1,5,-3,0,1,-1,1,1,1,1,1
KR_6767003120,420,1,-2,4,3,1,1,0,0,1,1,1,1,0,0,1,1,1,1,0,0,2,12,-2,6,4,0,0,0,1,-1,0,-1,4,1
KR_6723576838,420,6,105,39,12,6,7,1,-2,0,2,1,3,2,7,12,5,0,1,1,0,-3,-13,2,5,7,2,0,3,1,1,1,1,1,1
KR_6743941345,440,3,86,30,10,2,3,1,2,3,1,-1,2,3,7,7,0,0,3,3,1,13,10,9,4,13,-1,0,2,1,1,1,1,1,1
KR_6687539583,420,1,5,15,8,-5,0,5,10,11,1,-2,1,3,5,6,1,0,0,0,0,14,39,0,8,8,-17,0,1,-1,1,1,1,5,1
KR_6755671291,420,0,-45,12,5,-1,2,3,1,5,4,4,5,1,3,4,1,-2,2,4,0,6,7,3,4,7,-7,0,0,1,1,0,1,1,1
KR_6684475534,420,1,12,44,1,-2,1,3,-2,1,3,2,4,2,1,3,2,2,4,2,0,6,2,5,1,6,-2,0,0,1,-1,0,-1,1,1
KR_6625013165,420,2,38,34,2,3,4,1,-2,5,7,-5,0,5,4,9,5,2,2,0,0,-1,1,5,4,9,2,0,1,-1,-1,1,-1,1,1
KR_6758137921,420,2,47,-4,4,3,4,1,4,9,5,-2,2,4,0,1,1,-1,2,3,0,-4,6,1,5,6,-3,0,1,-1,1,1,1,2,1
KR_6759356618,420,-2,-12,22,-6,3,4,1,-5,3,8,-1,2,3,-3,0,3,0,2,2,1,-7,18,-7,10,3,-4,0,-2,1,1,-1,1,4,1
KR_6495765963,420,3,67,-9,6,2,4,2,3,6,3,-2,1,3,3,4,1,0,1,1,0,-6,-3,2,3,5,5,0,0,-1,1,1,1,2,1
KR_6733248226,420,0,-19,-8,3,-1,0,1,0,1,1,0,2,2,2,5,3,2,2,0,0,11,124,1,7,8,4,0,-1,-1,1,-1,1,3,1
KR_6751454607,420,2,21,21,9,-2,1,3,-1,1,2,7,9,2,6,6,0,-1,0,1,-1,6,-10,-1,6,5,0,0,1,1,-1,1,-1,4,1
KR_6703187184,420,7,87,13,12,1,1,0,7,8,1,3,3,0,1,2,1,0,0,0,0,13,22,2,3,5,0,0,2,1,1,1,1,5,1
KR_6628866654,420,3,62,28,8,-2,0,2,2,7,5,3,5,2,5,6,1,0,0,0,0,20,-26,3,6,9,10,0,3,1,1,1,-1,4,1
KR_6751457828,420,4,57,1,5,2,3,1,2,3,1,3,3,0,0,2,2,-2,1,3,-2,3,-9,1,7,8,3,0,0,-1,1,0,-1,2,1
KR_6661286784,420,2,43,12,7,-1,2,3,4,6,2,1,1,0,3,4,1,0,2,2,0,9,6,6,2,8,1,0,0,1,-1,0,-1,1,1
KR_6767408094,420,1,-9,-4,10,0,4,4,-3,2,5,13,13,0,0,2,2,0,1,1,0,11,31,0,4,4,-2,0,1,1,1,1,-1,4,1
KR_6738621769,420,3,20,-14,7,0,0,0,5,5,0,-1,2,3,3,5,2,0,1,1,0,6,8,3,6,9,-2,0,1,1,-1,1,1,4,1
KR_6666337111,420,-1,-32,0,1,2,4,2,2,3,1,0,2,2,0,5,5,-3,2,5,-2,-5,42,-1,4,3,-23,0,0,1,-1,0,-1,5,1
KR_6719622865,420,1,-50,7,0,-4,0,4,0,5,5,2,3,1,2,3,1,0,1,1,-1,-1,-39,0,4,4,13,0,-1,1,-1,-1,-1,4,1
KR_6761442371,420,0,-64,16,1,-1,2,3,2,4,2,-5,0,5,4,6,2,1,2,1,1,4,-5,-1,2,1,0,0,-1,1,-1,-1,-1,2,1
KR_6724445217,420,5,-27,12,9,3,3,0,7,8,1,1,3,2,-1,0,1,-1,1,2,0,13,23,3,5,8,2,0,1,1,-1,1,-1,4,1
KR_6692762508,420,2,-2,23,4,3,4,1,1,4,3,2,3,1,-1,0,1,-1,1,2,0,1,4,3,5,8,1,0,0,-1,1,0,1,2,1
KR_6750318249,420,3,56,-17,6,-1,2,3,2,2,0,-1,2,3,7,8,1,-1,0,1,0,10,-4,7,6,13,-1,0,1,1,-1,1,1,5,1
KR_6639485339,420,-1,13,-15,-2,1,4,3,-2,1,3,-1,0,1,-4,1,5,4,4,0,0,-5,0,3,4,7,2,0,0,-1,1,0,1,4,1
KR_6767762950,420,1,10,-9,-2,1,2,1,-1,4,5,1,4,3,-2,3,5,-1,1,2,0,-5,14,0,5,5,-4,0,-1,-1,-1,-1,-1,4,1
KR_6658964685,420,-1,-24,-12,5,-1,1,2,0,4,4,0,2,2,5,9,4,1,2,1,0,3,-4,2,4,6,-1,0,-1,-1,-1,-1,1,3,1
KR_6762393732,420,-1,-71,-24,-1,1,2,1,-4,3,7,3,3,0,-3,0,3,2,3,1,0,-8,75,-3,8,5,-2,0,-2,0,-1,-1,-1,0,1
KR_6753547768,420,4,6,-8,9,2,4,2,0,1,1,0,0,0,7,8,1,0,0,0,0,16,4,3,7,10,-1,0,2,1,0,1,-1,4,1
KR_6766822468,420,1,-10,5,1,-2,0,2,0,4,4,0,1,1,3,7,4,0,1,1,0,2,14,-1,8,7,0,0,1,1,-1,1,1,2,1
KR_6764907029,420,1,47,-5,3,5,5,0,-3,2,5,-4,2,6,4,5,1,1,2,1,-2,0,6,1,5,6,0,0,1,1,-1,1,-1,4,1
KR_6668088268,420,1,31,20,1,-5,1,6,8,9,1,0,3,3,-1,2,3,-1,0,1,0,-3,-34,-1,8,7,0,0,-2,-1,-1,-1,1,2,1
KR_6759856538,420,6,98,27,8,-1,2,3,1,2,1,3,7,4,4,9,5,1,3,2,0,4,10,3,6,9,3,0,1,-1,1,1,1,3,1
KR_6743172703,420,-3,6,6,-6,-2,0,2,-2,1,3,-2,5,7,2,3,1,-2,0,2,0,3,-41,-4,6,2,-3,0,-1,1,-1,1,-1,3,1
KR_6749467935,420,3,17,16,2,0,1,1,0,1,1,1,2,1,1,1,0,0,1,1,0,6,-3,1,4,5,-1,0,1,1,-1,1,1,5,1
KR_6688833148,420,-1,20,16,4,3,3,0,2,3,1,-4,0,4,3,6,3,0,1,1,0,-6,-2,-3,7,4,-5,0,1,1,1,1,1,5,1
KR_6638086667,420,0,18,0,-4,-4,3,7,-2,2,4,-3,0,3,2,3,1,3,6,3,1,-3,9,8,3,11,-4,0,1,1,1,1,1,2,1
KR_6755999359,420,-2,-42,15,-1,2,4,2,-1,1,2,3,7,4,-2,5,7,-3,0,3,2,0,13,-1,8,7,-4,0,-1,-1,0,-1,1,6,1
KR_6725033090,440,-1,-1,-24,6,3,3,0,-2,0,2,2,6,4,1,1,0,2,4,2,0,8,100,2,5,7,2,0,1,1,0,1,-1,2,1
KR_6767748901,420,4,4,3,20,5,6,1,3,5,2,3,5,2,6,9,3,3,4,1,0,23,1,-1,9,8,0,0,1,1,1,1,1,6,1
KR_6687733596,420,0,-3,4,5,3,5,2,0,2,2,-2,1,3,4,5,1,0,2,2,-1,8,0,-4,7,3,5,0,0,1,0,1,-1,2,1
KR_6763336514,420,2,-51,16,11,3,4,1,3,4,1,-2,3,5,2,7,5,5,5,0,0,15,-334,2,3,5,-1,0,1,1,1,1,1,3,1
KR_6764959666,420,4,49,16,7,-3,2,5,2,4,2,2,5,3,5,9,4,1,1,0,0,-2,-23,5,4,9,0,0,0,1,0,1,-1,6,1
KR_6644372305,420,4,-7,-1,11,4,4,0,-1,3,4,1,1,0,3,3,0,4,4,0,1,15,4,6,5,11,4,0,0,1,1,1,1,3,1
KR_6728378737,420,3,39,48,7,5,5,0,0,3,3,2,2,0,0,1,1,0,0,0,0,4,2,0,8,8,2,0,0,1,-1,0,1,3,1
KR_6678187455,420,1,-10,1,7,1,3,2,1,4,3,1,2,1,4,5,1,0,1,1,0,10,-2,-2,7,5,2,0,0,-1,1,0,-1,6,1
KR_6761782643,440,1,7,-4,2,-1,0,1,-1,1,2,-2,1,3,5,6,1,1,1,0,0,5,1,-3,5,2,-4,0,1,1,-1,1,1,2,1
KR_6694356252,420,6,121,28,13,-3,0,3,5,7,2,2,3,1,1,2,1,8,8,0,0,9,32,-1,5,4,7,0,2,0,1,1,1,0,1
KR_6763312598,440,4,59,12,12,2,7,5,1,2,1,2,3,1,3,4,1,4,4,0,0,14,-43,1,7,8,21,0,-1,1,1,-1,-1,5,1
KR_6694809313,420,4,102,40,8,8,8,0,4,4,0,-1,2,3,-1,5,6,-2,0,2,0,6,17,8,2,10,-2,0,1,-1,-1,1,1,6,1
KR_6744448970,420,4,60,-14,11,2,3,1,5,6,1,1,3,2,1,3,2,2,2,0,0,12,209,4,6,10,0,0,2,-1,1,1,1,4,1
KR_6673883389,420,2,26,-30,15,0,2,2,4,7,3,5,5,0,4,6,2,2,2,0,0,20,2,0,3,3,0,0,0,1,-1,0,-1,6,1
KR_6766983373,420,1,58,-31,5,0,2,2,3,4,1,0,1,1,1,5,4,1,4,3,0,6,-4,6,2,8,-4,0,0,1,1,0,-1,5,1
KR_6715196836,420,0,76,23,1,0,1,1,-1,3,4,5,9,4,-3,3,6,0,2,2,0,-4,-47,-10,15,5,3,0,1,1,0,1,1,3,1
KR_6688179949,420,3,3,20,2,-1,0,1,1,3,2,3,4,1,-1,3,4,0,3,3,0,3,11,1,6,7,-1,0,0,1,-1,-1,-1,3,1
KR_6662395592,420,1,25,-1,3,3,3,0,3,5,2,-2,2,4,-1,2,3,0,1,1,0,2,-122,-2,7,5,-1,0,0,-1,1,0,-1,2,1
KR_6699318900,420,-2,8,-12,-3,-1,0,1,-1,2,3,2,2,0,-1,0,1,-2,0,2,-1,-6,2,-1,7,6,0,0,0,1,1,0,-1,2,1
KR_6696749519,420,2,73,4,2,5,6,1,0,2,2,-2,3,5,0,1,1,-1,0,1,-1,-10,-4,-4,8,4,1,0,-1,-1,-1,-1,-1,4,1
KR_6721054839,420,0,-22,15,4,0,1,1,4,6,2,0,3,3,0,4,4,0,2,2,0,4,-4,1,5,6,2,0,0,1,1,0,-1,2,1
KR_6710181951,420,-3,-9,-1,-4,3,3,0,-3,2,5,1,2,1,-1,6,7,-4,0,4,0,-2,-14,1,9,10,-1,0,-1,-1,-1,-1,1,4,1
KR_6766783833,440,4,36,4,9,2,2,0,7,7,0,-1,2,3,3,3,0,-2,0,2,0,13,2,2,4,6,2,0,0,1,1,0,1,1,1
KR_6696573244,420,4,98,24,8,2,2,0,1,4,3,-1,2,3,7,9,2,-1,0,1,1,12,15,2,6,8,-1,0,1,1,-1,1,1,4,1
KR_6766824749,420,0,26,4,2,4,5,1,1,3,2,-5,0,5,3,4,1,-1,0,1,1,4,-15,1,5,6,-2,0,1,1,1,1,1,3,1
KR_6713929775,420,-3,-21,-18,0,4,4,0,3,4,1,-3,4,7,-6,0,6,2,2,0,0,10,74,2,6,8,-6,0,-1,-1,1,-1,-1,3,1
KR_6625601699,420,-1,2,8,9,-4,0,4,-1,3,4,6,6,0,8,9,1,0,0,0,1,14,-4,-5,7,2,6,0,0,1,1,1,1,1,1
KR_6767473947,420,4,78,-3,9,4,6,2,0,3,3,0,2,2,9,9,0,-4,0,4,1,4,-32,3,5,8,-4,0,1,1,1,1,1,6,1
KR_6730272075,440,4,30,-20,6,2,3,1,2,4,2,1,4,3,1,3,2,0,0,0,0,13,-18,-7,9,2,6,0,0,-1,-1,0,1,3,1
KR_6766229966,420,-3,-6,-3,-7,2,4,2,-4,2,6,0,2,2,-4,1,5,-1,1,2,0,-14,-4,0,4,4,-2,0,-1,-1,-1,-1,1,6,1
KR_6649575949,420,2,-2,8,1,-1,1,2,7,9,2,-4,1,5,1,3,2,-2,1,3,-1,2,6,-1,7,6,0,0,0,-1,1,1,-1,5,1
KR_6687579511,420,3,-10,7,3,-2,1,3,4,5,1,1,4,3,0,2,2,0,0,0,0,7,31,5,4,9,-6,0,0,1,1,-1,1,1,1
KR_6764012102,420,2,-3,13,11,-3,1,4,0,2,2,1,2,1,11,14,3,2,2,0,0,17,10,1,4,5,-2,0,0,1,-1,1,-1,5,1
KR_6732064390,420,6,87,42,18,7,8,1,6,7,1,4,7,3,0,2,2,1,3,2,0,9,32,1,4,5,6,0,2,1,1,1,1,4,1
KR_6759747534,420,3,59,8,12,2,3,1,3,3,0,1,1,0,5,6,1,1,2,1,0,16,5,-1,3,2,-5,0,2,1,1,1,1,6,1
KR_6601350188,420,0,13,0,6,-3,2,5,5,6,1,1,1,0,4,5,1,-1,1,2,0,14,9,-5,9,4,-1,0,-2,-1,-1,-1,-1,6,1
KR_6659857154,420,3,-6,-20,9,0,1,1,6,10,4,5,5,0,0,3,3,-2,0,2,0,5,20,7,3,10,-8,0,0,-1,1,0,1,5,1
KR_6756779216,420,-3,-23,-4,-6,-3,2,5,0,2,2,-1,2,3,0,2,2,-2,1,3,0,-9,-5,2,2,4,1,0,0,1,-1,-1,-1,4,1
KR_6765419095,420,3,35,8,5,0,4,4,-2,2,4,1,2,1,8,10,2,-2,1,3,-1,7,-26,0,9,9,2,0,0,1,1,1,-1,4,1
KR_6760159083,420,2,65,33,7,2,4,2,2,6,4,0,2,2,2,3,1,1,1,0,0,1,-13,-1,9,8,7,0,1,1,1,1,1,5,1
KR_6747223918,420,0,-27,-23,4,-4,2,6,3,6,3,3,3,0,3,4,1,-1,0,1,-1,10,7,4,5,9,6,0,-1,-1,1,-1,-1,2,1
KR_6747776423,420,6,35,39,11,-1,0,1,4,7,3,2,4,2,4,7,3,2,3,1,0,9,50,4,5,9,1,0,1,1,0,1,-1,3,1
KR_6747610775,420,-1,-69,-33,-6,1,2,1,2,4,2,-4,0,4,-3,5,8,-2,1,3,2,3,-8,-4,12,8,-6,0,-1,-1,1,-1,1,6,1
KR_6695963528,420,7,79,17,18,3,5,2,7,8,1,0,1,1,7,8,1,1,1,0,1,11,2,2,7,9,5,0,2,-1,1,1,1,3,1
KR_6656569506,420,2,20,29,5,5,7,2,5,8,3,-2,1,3,-3,2,5,0,0,0,0,-6,8,-1,4,3,2,0,0,-1,1,1,1,3,1
KR_6651200230,420,1,6,2,8,2,2,0,2,4,2,-1,1,2,2,3,1,3,3,0,2,19,-8,0,8,8,6,0,0,-1,-1,-1,1,2,1
KR_6653803554,420,1,-11,-16,7,4,4,0,-1,3,4,1,2,1,3,5,2,0,0,0,0,13,-3,1,6,7,2,0,0,1,1,0,1,2,1
KR_6696548967,420,0,18,-4,3,6,8,2,1,2,1,-2,0,2,-1,1,2,-1,2,3,0,1,2,1,5,6,2,0,1,-1,1,1,-1,4,1
KR_6696649645,420,-4,5,14,-6,-3,0,3,1,2,1,-1,0,1,-2,0,2,-1,1,2,0,-9,16,4,4,8,-5,0,-1,-1,-1,-1,-1,6,1
KR_6704067699,420,1,-16,12,4,-1,1,2,1,3,2,1,2,1,1,1,0,2,3,1,0,11,-2,-9,12,3,-4,0,0,1,-1,0,1,2,1
KR_6707665867,420,-1,9,-10,6,0,3,3,5,5,0,1,1,0,1,5,4,-1,1,2,0,12,-6,-6,12,6,4,0,-1,1,-1,1,1,6,1
KR_6659686108,420,-2,22,-21,1,1,2,1,-2,3,5,4,5,1,0,3,3,-2,1,3,0,9,82,-1,5,4,9,0,-1,1,-1,-1,1,3,1
KR_6753966007,420,-1,-1,-32,3,-3,1,4,3,4,1,2,3,1,0,2,2,1,2,1,0,2,20,6,3,9,0,0,0,0,1,1,1,0,1
KR_6705210562,440,3,55,7,7,-1,2,3,4,4,0,4,6,2,3,7,4,-3,1,4,0,1,13,3,2,5,-5,0,1,-1,0,1,1,1,1
KR_6760718560,420,3,41,-16,-4,3,5,2,-1,1,2,-6,1,7,0,4,4,0,0,0,0,3,-23,-4,5,1,-1,0,0,0,0,-1,-1,0,1
KR_6685573808,420,-1,-49,17,0,-4,1,5,2,3,1,-1,1,2,1,2,1,2,3,1,-1,5,-26,3,5,8,-7,0,1,1,-1,-1,-1,1,1
KR_6750882998,420,0,21,11,6,-3,1,4,4,5,1,3,5,2,3,4,1,-1,0,1,1,9,-5,1,6,7,4,0,1,1,-1,1,1,6,1
KR_6753823615,440,1,9,11,-7,0,1,1,-4,0,4,0,7,7,-2,3,5,-1,1,2,0,-17,114,4,3,7,-1,0,0,1,-1,0,-1,5,1
KR_6765918720,420,1,8,-43,9,1,3,2,3,7,4,2,2,0,0,1,1,3,4,1,0,5,-3,-1,6,5,-4,0,0,0,-1,0,-1,0,1
KR_6761266276,420,4,23,17,14,8,8,0,3,4,1,6,6,0,-4,1,5,1,1,0,1,7,148,1,4,5,1,0,0,1,1,1,1,4,1
KR_6764758023,420,5,96,16,17,1,2,1,10,12,2,-6,1,7,9,11,2,3,3,0,1,21,11,2,3,5,1,0,4,1,1,1,1,4,1
KR_6765815159,440,-2,-19,0,-4,-2,0,2,-1,2,3,2,4,2,-2,0,2,-1,2,3,0,3,-8,1,4,5,1,0,-1,-1,1,-1,-1,2,1
KR_6731744973,420,5,67,44,9,2,2,0,4,5,1,3,3,0,-1,4,5,1,2,1,0,3,-215,-3,5,2,1,0,3,1,1,1,-1,6,1
KR_6677142013,420,-1,33,-6,-2,-4,0,4,1,6,5,1,3,2,-2,3,5,2,3,1,0,4,5,3,6,9,-1,0,1,1,-1,1,-1,4,1
KR_6698109364,420,1,9,20,10,1,2,1,3,5,2,1,4,3,2,3,1,3,3,0,2,3,42,-2,7,5,-3,0,1,1,1,1,1,4,1
KR_6704030364,420,2,34,20,1,3,3,0,-5,1,6,1,1,0,3,3,0,-1,1,2,0,-8,2,4,4,8,1,0,1,1,1,1,1,1,1
KR_6655275376,420,3,24,0,2,-1,2,3,3,7,4,-3,1,4,1,1,0,2,2,0,0,12,48,0,6,6,-3,0,0,-1,1,1,-1,6,1
KR_6677210718,420,1,48,-25,2,1,4,3,-2,1,3,1,2,1,2,3,1,0,1,1,1,6,-44,-2,8,6,1,0,0,1,-1,-1,1,1,1
KR_6656694084,420,4,42,-8,7,2,5,3,-1,0,1,-3,0,3,8,9,1,1,1,0,0,14,-33,-1,7,6,4,0,2,-1,1,1,1,5,1
KR_6766692902,420,2,12,20,3,0,1,1,4,4,0,2,6,4,2,3,1,-5,0,5,0,3,7,1,3,4,0,0,-1,1,1,-1,1,1,1
KR_6586809261,420,-2,-82,-1,3,-2,0,2,0,2,2,1,2,1,3,3,0,1,1,0,0,7,-7,-5,10,5,6,0,1,1,1,1,1,6,1
KR_6704854619,420,4,31,3,5,4,4,0,0,2,2,1,2,1,0,0,0,0,0,0,0,2,-3,-2,5,3,2,0,1,1,-1,1,1,5,1
KR_6751107135,420,2,5,17,3,3,3,0,1,1,0,3,3,0,0,0,0,-4,0,4,0,2,14,0,6,6,8,0,0,-1,1,0,-1,5,1
KR_6716803174,420,-2,-41,-26,-4,-1,1,2,2,4,2,0,1,1,-5,0,5,0,1,1,0,-5,-11,-7,10,3,-2,0,0,-1,1,-1,1,2,1
KR_6767509146,420,2,63,29,0,-1,1,2,-1,2,3,1,1,0,0,3,3,1,1,0,0,-3,4,4,4,8,0,0,0,1,-1,0,1,3,1
KR_6755810833,420,4,15,24,7,-1,0,1,2,3,1,3,4,1,4,4,0,-1,0,1,0,5,-1,-2,5,3,0,0,0,1,-1,0,-1,4,1
KR_6748008720,420,0,-40,20,7,0,1,1,4,5,1,1,2,1,1,2,1,1,1,0,0,14,6,5,4,9,0,0,0,1,-1,0,-1,5,1
KR_6751343906,420,-1,-3,2,-2,-3,0,3,2,6,4,0,0,0,1,3,2,-2,0,2,0,1,133,3,4,7,-1,0,-1,-1,-1,-1,-1,3,1
KR_6620403266,420,1,-14,4,2,1,5,4,5,7,2,1,6,5,-5,1,6,0,1,1,0,4,-2,1,3,4,2,0,1,1,-1,1,1,6,1
KR_6724471097,420,5,128,5,10,3,4,1,4,5,1,3,6,3,0,3,3,0,3,3,0,1,-23,1,6,7,0,0,2,0,1,1,1,0,1
KR_6761439783,420,4,-17,19,10,0,3,3,6,8,2,3,4,1,-2,1,3,3,3,0,0,8,6,-2,5,3,3,0,1,1,1,1,1,6,1
KR_6765621303,440,-1,-31,9,1,2,4,2,1,1,0,0,5,5,-2,1,3,0,3,3,0,4,223,-1,8,7,-3,0,0,-1,-1,0,1,6,1
KR_6724764565,420,1,21,9,2,-2,0,2,3,7,4,-1,5,6,1,3,2,1,1,0,0,8,2,1,4,5,-4,0,0,1,1,1,1,1,1
KR_6766994878,420,0,-26,1,-5,2,2,0,-2,3,5,-2,0,2,-3,2,5,0,0,0,0,-7,3,0,7,7,-7,0,0,-1,1,0,-1,1,1
KR_6620302719,440,2,-15,9,8,0,3,3,5,6,1,-3,3,6,3,4,1,3,4,1,1,12,10,2,6,8,-6,0,1,-1,1,1,1,3,1
KR_6428078597,420,-1,8,28,-5,2,3,1,-1,2,3,-6,2,8,-1,1,2,1,1,0,0,-13,13,4,7,11,1,0,1,-1,-1,1,1,5,1
KR_6767638745,420,0,5,-1,1,1,3,2,1,3,2,-1,1,2,1,1,0,-1,1,2,0,3,-26,4,6,10,-2,0,0,1,-1,0,1,2,1
KR_6758661866,420,-1,55,0,-2,0,2,2,-3,0,3,-5,4,9,6,6,0,0,0,0,0,-3,-2,-1,5,4,-2,0,0,1,-1,-1,-1,5,1
KR_6665251931,420,0,-1,4,2,4,6,2,-3,0,3,3,4,1,2,6,4,-4,0,4,0,5,1,4,5,9,3,0,0,0,1,1,1,0,1
KR_6764034652,420,5,98,-16,15,3,4,1,4,4,0,6,6,0,1,4,3,1,2,1,0,19,6,1,5,6,4,0,1,1,-1,1,-1,6,1
KR_6685828452,420,5,25,11,14,2,2,0,6,8,2,2,4,2,4,4,0,0,1,1,0,14,5,0,4,4,1,0,2,-1,-1,1,1,6,1
KR_6759415459,420,1,-64,12,5,-1,0,1,0,1,1,2,4,2,3,4,1,1,1,0,0,6,61,-1,4,3,4,0,-1,0,1,-1,1,0,1
KR_6749075792,420,3,37,9,12,2,4,2,2,7,5,6,6,0,0,2,2,2,2,0,0,2,0,-2,10,8,3,0,1,1,1,1,1,5,1
KR_6665409022,420,2,-24,6,3,-5,0,5,2,3,1,0,1,1,5,6,1,1,1,0,0,9,-6,-3,7,4,1,0,0,1,1,0,-1,3,1
KR_6764447812,420,1,33,2,4,0,1,1,0,4,4,5,5,0,1,6,5,-2,1,3,0,1,287,1,5,6,-1,0,-2,-1,1,-1,1,5,1
KR_6750030850,420,4,55,52,13,-1,0,1,5,5,0,-1,0,1,6,7,1,4,4,0,0,16,5,5,3,8,10,0,3,1,1,1,1,1,1
KR_6752290175,420,3,51,9,5,2,5,3,-5,1,6,1,3,2,6,6,0,1,2,1,1,4,5,3,3,6,0,0,1,1,1,1,1,2,1
KR_6764474777,420,1,35,1,6,1,1,0,-4,1,5,0,1,1,7,8,1,2,3,1,1,6,79,-4,8,4,9,0,2,1,1,1,1,3,1
KR_6685980924,420,1,20,-14,4,3,4,1,1,2,1,1,5,4,0,3,3,-1,0,1,0,-2,4,3,4,7,2,0,1,1,1,1,1,2,1
KR_6662434398,420,5,-13,19,13,1,1,0,1,3,2,5,5,0,7,9,2,-1,2,3,0,18,3,0,8,8,6,0,1,1,1,1,-1,6,1
KR_6745496791,420,1,-27,13,5,6,6,0,1,4,3,-2,2,4,0,6,6,0,1,1,0,4,4,0,7,7,-5,0,1,1,1,1,1,5,1
KR_6738144220,420,8,103,52,9,2,3,1,1,1,0,1,1,0,4,4,0,1,2,1,1,13,11,2,5,7,4,0,3,1,1,1,1,4,1
KR_6714907071,420,2,-6,34,-1,1,4,3,0,2,2,1,2,1,-3,1,4,0,0,0,0,-5,5,-1,7,6,-3,0,-1,1,1,-1,-1,2,1
KR_6716411578,440,-1,-36,20,1,1,3,2,4,4,0,-4,0,4,0,1,1,0,1,1,-1,-5,51,2,4,6,-1,0,2,-1,1,-1,-1,1,1
KR_6762435534,420,1,-11,20,6,3,3,0,0,3,3,4,4,0,-1,1,2,0,2,2,0,3,24,2,6,8,-11,0,1,-1,1,1,-1,5,1
KR_6755296670,420,4,37,-4,4,3,5,2,-2,2,4,2,2,0,-2,4,6,3,4,1,0,2,-5,-2,6,4,1,0,1,1,1,1,1,3,1
KR_6734277702,420,5,52,13,8,4,7,3,2,2,0,0,1,1,0,0,0,2,2,0,0,0,-3,-4,8,4,11,0,1,1,-1,1,1,2,1
KR_6690444640,420,2,48,12,3,4,7,3,-2,4,6,1,2,1,-1,0,1,1,1,0,0,2,3,-1,8,7,1,0,2,1,-1,1,1,4,1
KR_6729903643,420,3,-45,13,10,1,2,1,4,5,1,6,8,2,-1,2,3,0,1,1,0,11,-6,-1,4,3,1,0,1,0,1,-1,-1,0,1
KR_6689757420,440,3,22,12,4,3,4,1,0,1,1,-1,4,5,2,3,1,0,0,0,0,5,-1,0,5,5,1,0,0,0,1,0,-1,0,1
KR_6626299012,420,-3,-50,15,-8,-1,1,2,1,4,3,1,3,2,-6,5,11,-3,0,3,0,-7,-4,-3,6,3,0,0,-1,-1,1,-1,-1,1,1
KR_6720718216,420,2,39,10,0,-2,0,2,-2,1,3,-1,0,1,3,5,2,2,2,0,0,4,2,1,7,8,-2,0,0,1,1,1,-1,4,1
KR_6684044780,420,4,30,-17,10,2,3,1,-2,2,4,4,7,3,4,6,2,2,2,0,1,11,6,-1,8,7,6,0,2,1,1,1,1,2,1
KR_6767608011,420,4,74,24,6,2,2,0,-3,2,5,3,6,3,4,6,2,0,0,0,0,6,-4,1,7,8,-1,0,0,1,-1,0,1,4,1
KR_6697384912,420,2,12,14,1,-1,1,2,1,4,3,-1,1,2,2,4,2,0,3,3,0,-2,13,2,3,5,-3,0,0,1,-1,-1,1,2,1
KR_6760579730,420,1,-51,-15,4,2,2,0,3,5,2,-1,4,5,-1,3,4,1,7,6,0,12,35,3,3,6,0,0,0,1,-1,0,-1,6,1
KR_6763680054,420,4,16,0,14,0,1,1,3,7,4,8,9,1,2,5,3,1,1,0,0,14,-8,4,4,8,3,0,2,-1,1,1,-1,1,1
KR_6755533705,420,7,17,44,16,1,2,1,5,6,1,5,5,0,1,1,0,4,4,0,0,25,49,-1,6,5,1,0,3,1,1,1,1,2,1
KR_6766504163,420,-1,-5,-40,12,1,5,4,5,7,2,3,4,1,2,3,1,1,2,1,0,5,1,4,4,8,-1,0,1,1,-1,1,1,5,1
KR_6717652179,420,2,33,-1,2,3,5,2,0,1,1,2,2,0,-2,3,5,-1,1,2,0,0,4,3,5,8,-4,0,1,-1,-1,1,-1,6,1
KR_6758574886,420,3,-26,11,0,0,1,1,5,7,2,-3,2,5,-1,3,4,-1,1,2,0,11,2,4,4,8,-8,0,-1,0,-1,-1,-1,0,1
KR_6663285930,440,5,75,10,9,-1,3,4,2,4,2,3,4,1,0,0,0,5,8,3,0,5,-148,-3,7,4,6,0,1,1,1,1,1,1,1
KR_6767418881,420,3,39,-4,7,-3,1,4,4,5,1,2,5,3,4,5,1,0,0,0,0,15,3,-2,3,1,1,0,2,1,1,1,1,5,1
KR_6695563170,420,1,0,7,-2,-1,2,3,2,5,3,-1,0,1,1,5,4,-3,2,5,-1,1,2,5,4,9,3,0,0,1,1,-1,-1,4,1
KR_6684506625,420,1,20,-6,-4,-1,1,2,1,2,1,-2,2,4,-3,1,4,1,2,1,0,-6,56,7,0,7,-27,0,1,1,-1,1,-1,4,1
KR_6648612885,420,-1,36,-33,1,1,1,0,1,3,2,0,3,3,-1,2,3,0,3,3,0,-9,-1,0,8,8,1,0,0,-1,1,0,1,6,1
KR_6635089704,420,2,33,11,10,0,1,1,0,3,3,1,1,0,5,5,0,4,4,0,1,17,-33,3,6,9,34,0,1,1,1,1,1,3,1
KR_6761608461,420,4,9,0,-2,-2,0,2,3,7,4,-1,4,5,-1,1,2,-1,0,1,0,5,-3,-1,6,5,-1,0,-1,-1,-1,-1,-1,3,1
KR_6763387501,420,2,55,16,12,-1,1,2,6,6,0,4,4,0,4,7,3,-1,1,2,0,17,141,-1,5,4,3,0,0,1,1,1,1,1,1
KR_6741385911,420,6,114,31,15,3,3,0,1,3,2,3,4,1,8,9,1,0,1,1,0,29,-52,0,7,7,17,0,3,1,1,1,1,3,1
KR_6755684317,440,-2,-13,19,-2,-1,1,2,-2,1,3,1,1,0,0,3,3,0,1,1,0,-3,10,0,3,3,10,0,0,1,-1,0,1,2,1
KR_6767618135,420,2,8,8,2,0,1,1,0,0,0,3,3,0,-1,2,3,0,0,0,0,4,-12,-1,5,4,-1,0,-2,-1,-1,-1,-1,5,1
KR_6755165489,440,1,-21,-3,6,2,3,1,3,4,1,0,3,3,6,11,5,-5,1,6,0,2,-9,8,3,11,-1,0,1,1,-1,1,-1,3,1
KR_6728154633,420,2,-19,11,7,0,0,0,1,4,3,1,4,3,3,5,2,2,4,2,0,10,-15,-4,11,7,3,0,1,1,-1,1,-1,5,1
KR_6757584374,420,-1,-21,-31,5,-5,0,5,3,5,2,8,10,2,1,1,0,-2,0,2,0,2,1,0,4,4,1,0,0,1,1,1,1,5,1
KR_6764849554,420,-4,28,-20,-13,-3,2,5,-4,0,4,0,1,1,-3,0,3,-3,1,4,0,-17,-21,-2,9,7,-4,0,0,-1,-1,-1,1,4,1
KR_6707726575,440,1,27,-16,3,-2,2,4,2,6,4,-2,3,5,4,9,5,1,2,1,1,-8,-3,5,2,7,0,0,1,0,0,1,1,0,1
KR_6594269920,420,3,69,28,6,4,5,1,1,3,2,-1,0,1,-1,0,1,3,3,0,0,7,-202,0,4,4,3,0,0,1,-1,0,1,6,1
KR_6688046615,420,6,47,23,15,0,1,1,3,4,1,5,5,0,11,12,1,-4,0,4,0,19,0,-5,8,3,4,0,1,1,-1,1,-1,1,1
KR_6681257814,420,-2,12,6,-1,0,3,3,-4,2,6,4,5,1,-2,1,3,1,4,3,0,-5,3,-1,4,3,2,0,0,1,-1,1,1,2,1
KR_6766903822,420,3,37,36,7,1,3,2,3,4,1,0,2,2,3,4,1,0,0,0,0,5,-160,-3,7,4,2,0,0,1,1,0,-1,3,1
KR_6668175229,420,6,65,19,15,-2,1,3,7,9,2,0,2,2,7,9,2,3,3,0,0,23,286,2,3,5,0,0,1,1,1,1,-1,5,1
KR_6746958256,420,1,8,-33,-1,-4,0,4,1,2,1,-3,0,3,4,6,2,1,3,2,0,2,-3,0,6,6,2,0,-1,1,-1,-1,-1,1,1
KR_6762119933,420,-1,41,-6,-4,2,2,0,-2,0,2,-2,0,2,-2,0,2,0,1,1,0,-5,-4,-4,9,5,2,0,1,-1,1,1,-1,5,1
KR_6737069770,440,6,19,33,10,-1,0,1,8,10,2,1,2,1,1,1,0,1,2,1,0,11,9,5,6,11,8,0,1,-1,1,1,1,3,1
KR_6724036801,420,5,21,-22,16,6,6,0,3,5,2,2,2,0,4,4,0,1,3,2,0,26,3,6,1,7,2,0,3,1,1,1,1,2,1
KR_6747565529,420,6,12,40,7,3,6,3,3,5,2,1,4,3,0,1,1,0,1,1,-2,3,3,0,7,7,2,0,-1,-1,1,-1,1,3,1
KR_6679198049,420,0,-16,31,-1,-5,0,5,0,3,3,4,4,0,0,4,4,0,0,0,0,-5,7,3,2,5,-5,0,0,1,1,1,-1,5,1
KR_6757785659,420,-1,42,15,9,-1,1,2,4,4,0,2,3,1,7,9,2,-3,1,4,0,12,-59,1,6,7,23,0,0,1,1,1,1,3,1
KR_6753475731,420,1,111,16,-6,1,2,1,-1,4,5,-1,1,2,-4,1,5,-1,0,1,0,-14,22,0,6,6,-3,0,1,1,1,1,1,2,1
KR_6755325611,420,2,36,32,4,2,2,0,2,4,2,-2,0,2,1,2,1,1,1,0,0,3,-10,0,3,3,2,0,1,1,1,1,1,6,1
KR_6735427256,420,4,54,-22,9,3,4,1,2,3,1,3,3,0,0,2,2,1,3,2,0,13,35,-1,8,7,7,0,0,1,1,0,1,6,1
KR_6720043678,420,2,61,-40,6,3,3,0,0,4,4,-1,3,4,1,3,2,3,4,1,0,2,4,-1,4,3,-1,0,2,-1,1,1,1,1,1
KR_6762764177,420,1,1,32,0,4,5,1,-4,0,4,1,1,0,-1,1,2,0,0,0,1,-1,-9,1,6,7,-2,0,0,-1,0,0,1,2,1
KR_6702939483,440,1,26,-8,6,0,1,1,0,5,5,2,3,1,3,4,1,1,1,0,1,19,5,0,7,7,0,0,1,1,1,1,1,6,1
KR_6734283937,420,4,58,-20,9,0,2,2,2,6,4,-3,2,5,9,10,1,1,2,1,0,21,-5,-3,7,4,6,0,1,1,-1,1,-1,5,1
KR_6762645198,440,-3,30,9,-9,-4,1,5,1,3,2,-2,2,4,-4,3,7,0,0,0,0,-10,-10,0,6,6,-6,0,-2,1,-1,-1,1,3,1
KR_6697829689,420,1,71,-24,3,1,1,0,2,3,1,1,4,3,-1,2,3,0,0,0,0,0,4,3,4,7,-2,0,1,1,1,1,-1,1,1
KR_6741650480,420,5,18,50,17,3,4,1,-1,2,3,3,3,0,9,10,1,3,4,1,0,16,42,-1,6,5,-2,0,1,1,1,1,1,5,1
KR_6693930142,420,4,30,6,4,4,4,0,4,6,2,-1,1,2,-1,2,3,-2,1,3,0,1,6,6,5,11,6,0,0,1,1,1,-1,5,1
KR_6656142015,420,-1,33,8,2,-2,3,5,1,2,1,1,3,2,1,3,2,1,1,0,0,-1,4,0,6,6,3,0,0,1,1,0,1,3,1
KR_6693882563,420,3,-31,28,9,5,6,1,0,2,2,0,2,2,4,7,3,0,0,0,0,4,265,2,4,6,-2,0,2,1,1,1,-1,6,1
KR_6758174595,420,4,42,-8,6,2,4,2,1,4,3,-1,0,1,3,5,2,1,1,0,0,6,-8,-3,4,1,6,0,1,-1,1,1,1,2,1
KR_6767313923,420,3,-21,19,-4,-4,0,4,5,9,4,0,3,3,-8,1,9,3,3,0,0,-15,21,1,8,9,-15,0,0,1,1,-1,-1,1,1
KR_6692210712,420,2,27,-22,4,-2,1,3,1,2,1,0,2,2,6,9,3,-1,0,1,1,8,60,-1,5,4,-1,0,0,1,-1,-1,1,4,1
KR_6694853544,420,-1,-47,4,0,6,6,0,-8,2,10,4,6,2,-2,2,4,0,1,1,-1,-3,8,-1,7,6,2,0,2,-1,1,1,-1,3,1
KR_6667579764,440,3,32,-22,10,3,4,1,2,6,4,0,0,0,4,7,3,1,2,1,0,9,3,1,5,6,-7,0,0,1,1,1,1,2,1
KR_6767775726,420,1,17,0,-3,3,3,0,1,5,4,-1,5,6,-5,1,6,-1,2,3,0,-7,5,2,3,5,-2,0,0,1,-1,0,1,2,1
KR_6765822192,420,-1,-32,9,-3,-4,3,7,0,1,1,-6,0,6,3,6,3,4,5,1,0,-10,12,-5,10,5,1,0,1,1,1,1,1,3,1
KR_6718011157,420,1,4,-19,-5,-1,2,3,-1,4,5,-2,1,3,0,5,5,-1,2,3,0,1,-2,-5,7,2,-4,0,1,-1,1,-1,1,3,1
KR_6757295735,420,0,-8,-11,7,0,0,0,1,3,2,2,6,4,-2,1,3,6,8,2,0,4,-13,3,2,5,3,0,1,1,1,1,1,5,1
KR_6626863944,420,3,45,12,-1,2,4,2,4,6,2,-1,1,2,-5,2,7,-1,1,2,0,6,-9,-1,8,7,4,0,2,1,1,1,-1,5,1
KR_6743290220,420,-2,1,4,-2,-4,3,7,1,1,0,3,3,0,-3,1,4,1,2,1,0,-1,-2,-2,7,5,3,0,0,-1,-1,-1,-1,1,1
KR_6675566873,420,3,61,2,15,-1,1,2,6,7,1,4,5,1,3,4,1,3,3,0,2,20,16,0,6,6,3,0,2,1,-1,1,1,2,1
KR_6756236416,420,2,1,44,-3,1,1,0,-1,2,3,0,3,3,0,2,2,-3,1,4,0,-4,0,0,6,6,-1,0,1,1,-1,1,-1,1,1
KR_6747258622,420,2,12,17,2,2,4,2,3,4,1,1,2,1,-1,1,2,-3,0,3,0,-4,3,3,4,7,-4,0,1,1,1,1,-1,2,1
KR_6760359785,420,5,26,8,13,3,4,1,-1,0,1,4,6,2,7,8,1,0,1,1,0,16,41,8,3,11,2,0,2,1,1,1,-1,2,1
KR_6755251802,440,0,13,4,-12,4,5,1,0,2,2,-7,1,8,-7,2,9,-2,0,2,-1,-30,-8,-4,7,3,1,0,-1,-1,1,-1,-1,3,1
KR_6663971210,420,4,30,20,12,2,2,0,3,4,1,5,6,1,1,3,2,1,1,0,2,12,13,3,3,6,0,0,0,1,1,1,1,6,1
KR_6761997730,440,3,21,5,9,4,4,0,1,1,0,-1,1,2,5,6,1,0,1,1,0,16,0,-1,5,4,-3,0,0,1,-1,0,1,4,1
KR_6723589741,420,2,-7,9,3,-1,3,4,1,4,3,-1,2,3,3,6,3,1,2,1,1,-1,26,4,4,8,4,0,0,1,0,0,1,1,1
KR_6765478944,420,4,3,31,10,2,3,1,2,2,0,1,2,1,-4,2,6,9,9,0,0,11,-27,2,3,5,18,0,1,1,1,1,1,1,1
KR_6730532607,420,-2,-55,-8,2,3,4,1,0,5,5,-2,2,4,0,2,2,1,3,2,0,7,62,1,3,4,-2,0,1,1,1,1,1,4,1
KR_6625568919,420,3,68,14,3,2,4,2,2,5,3,-1,1,2,0,7,7,0,1,1,0,0,-2,-5,10,5,3,0,1,-1,1,1,-1,5,1
KR_6663700189,420,1,-32,-12,9,6,7,1,-1,4,5,0,1,1,2,3,1,2,3,1,0,5,12,2,4,6,-5,0,0,1,1,1,-1,2,1
KR_6686970612,420,-2,-2,-8,-6,-4,0,4,-1,2,3,-4,4,8,3,5,2,0,1,1,0,-8,14,0,9,9,-2,0,0,1,-1,1,-1,5,1
KR_6735821801,420,-2,-51,-28,-3,-3,0,3,5,10,5,-3,1,4,-1,1,2,-1,1,2,-3,-1,-5,0,5,5,-1,0,0,-1,-1,-1,-1,6,1
KR_6766225169,420,3,79,-28,5,1,5,4,-2,2,4,2,2,0,4,6,2,0,1,1,0,0,-5,-2,8,6,6,0,1,-1,-1,1,1,2,1
KR_6761787091,440,-2,-18,-18,-11,1,1,0,-6,2,8,-3,2,5,1,5,4,-4,1,5,0,-5,-7,-2,6,4,2,0,-1,1,0,-1,-1,4,1
KR_6716871089,420,0,-6,-36,-1,-2,2,4,0,4,4,5,7,2,0,1,1,-4,1,5,-1,-2,-5,-4,10,6,4,0,0,1,1,0,-1,6,1
KR_6766233918,440,3,1,30,3,-3,0,3,5,5,0,0,0,0,-2,2,4,3,3,0,0,2,20,0,5,5,0,0,1,1,1,1,1,1,1
KR_6752214011,420,1,40,-20,-11,-1,4,5,-4,0,4,-2,0,2,0,4,4,-4,0,4,-1,-15,-7,-6,10,4,2,0,0,-1,1,1,-1,3,1
KR_6705804249,420,1,70,8,5,-1,4,5,-1,2,3,3,5,2,4,8,4,0,0,0,0,-14,-12,-3,5,2,0,0,0,-1,1,1,1,6,1
KR_6721665873,420,1,0,-25,5,2,2,0,-1,3,4,6,7,1,-2,0,2,0,0,0,0,12,-2,2,5,7,-1,0,0,-1,-1,0,-1,1,1
KR_6627906863,420,0,24,18,8,1,2,1,7,8,1,0,3,3,1,4,3,-1,1,2,1,17,132,-1,4,3,5,0,2,1,1,1,1,5,1
KR_6732309603,440,1,11,1,2,0,3,3,-1,0,1,2,2,0,1,3,2,0,1,1,0,1,-20,-6,8,2,3,0,1,1,1,1,-1,5,1
KR_6745585150,420,0,62,-14,2,1,1,0,-2,1,3,1,6,5,0,1,1,2,2,0,0,5,-29,-3,5,2,23,0,1,1,-1,1,1,5,1
KR_6735825939,440,0,-20,0,2,0,2,2,1,4,3,0,0,0,0,4,4,1,1,0,-1,7,10,4,4,8,1,0,0,1,-1,-1,-1,1,1
KR_6767856484,420,-2,33,-3,6,1,2,1,-1,5,6,4,5,1,2,6,4,0,1,1,0,0,-48,0,5,5,21,0,0,1,-1,-1,-1,3,1
KR_6765594841,420,0,9,0,-2,-5,2,7,1,3,2,-3,2,5,1,5,4,4,5,1,-1,-2,2,1,4,5,-4,0,0,1,1,1,-1,4,1
KR_6498433513,420,0,-13,8,-1,-4,2,6,1,3,2,2,2,0,1,2,1,-1,0,1,0,3,-23,-3,9,6,1,0,1,1,1,1,1,4,1
KR_6679490829,440,4,32,11,11,-1,1,2,0,4,4,3,5,2,3,3,0,6,6,0,0,6,0,1,3,4,-2,0,1,1,-1,1,1,4,1
KR_6751204613,440,0,-13,-24,-2,-2,1,3,1,3,2,-6,1,7,3,6,3,2,2,0,0,0,-50,-2,5,3,19,0,1,-1,-1,1,-1,4,1
KR_6669182871,420,-1,16,-24,1,0,3,3,3,8,5,-2,1,3,0,4,4,0,0,0,0,3,-8,5,3,8,-2,0,0,1,-1,0,1,5,1
KR_6753236637,420,1,-34,0,3,-2,1,3,4,5,1,-1,1,2,2,4,2,0,0,0,0,7,-7,-6,8,2,-7,0,0,1,-1,-1,-1,4,1
KR_6661212835,440,7,-29,46,15,1,2,1,11,12,1,2,4,2,-2,1,3,3,3,0,0,8,0,-4,8,4,2,0,0,1,1,1,-1,5,1
KR_6766170647,420,1,15,19,6,1,3,2,3,5,2,0,2,2,5,7,2,-3,1,4,0,4,7,4,5,9,-8,0,3,-1,1,1,1,2,1
KR_6760308410,420,1,30,-6,1,1,1,0,-2,4,6,-1,2,3,4,5,1,-1,4,5,0,0,-38,-3,7,4,4,0,-1,0,-1,-1,-1,0,1
KR_6672172118,440,3,56,7,7,2,2,0,1,2,1,0,4,4,4,4,0,0,0,0,1,11,3,3,3,6,0,0,0,1,0,1,1,3,1
KR_6690216661,420,6,-26,29,17,1,3,2,6,7,1,1,4,3,7,7,0,2,2,0,1,25,8,8,4,12,1,0,2,1,1,1,1,6,1
KR_6665228210,420,1,53,11,0,2,2,0,-5,1,6,2,2,0,2,2,0,-1,1,2,1,-2,8,3,5,8,-7,0,0,-1,1,1,1,3,1
KR_6625531858,420,2,25,-9,10,5,5,0,5,9,4,2,3,1,-1,0,1,-1,0,1,0,10,2,1,3,4,-2,0,-1,-1,1,-1,1,3,1
KR_6644108440,420,2,15,31,2,-4,0,4,-3,0,3,-2,1,3,10,13,3,1,1,0,0,4,0,-1,6,5,0,0,2,1,1,1,-1,5,1
KR_6705055348,440,2,-8,16,9,1,3,2,1,5,4,1,5,4,6,8,2,0,1,1,0,11,-42,0,5,5,-2,0,1,0,1,1,1,0,1
KR_6671247344,420,0,27,-2,1,1,3,2,1,3,2,-1,1,2,-2,1,3,2,2,0,1,2,-60,1,6,7,5,0,2,1,-1,1,1,2,1
KR_6687459999,420,-2,-17,8,-2,3,4,1,-3,1,4,-3,0,3,0,2,2,1,3,2,0,-6,-22,-2,7,5,-3,0,0,-1,0,0,1,2,1
KR_6714059439,420,-1,11,0,-1,0,2,2,-3,4,7,3,5,2,1,5,4,-2,0,2,0,-1,19,-8,10,2,-3,0,0,-1,-1,1,1,2,1
KR_6764595845,440,1,17,25,2,1,3,2,-2,2,4,3,4,1,-2,0,2,2,2,0,0,-3,-4,-1,4,3,4,0,0,1,0,0,1,3,1
KR_6746815411,420,0,-28,-5,2,4,5,1,-3,1,4,7,8,1,-6,2,8,0,1,1,0,-6,-32,3,5,8,-4,0,0,1,1,1,-1,1,1
KR_6728689893,420,10,123,44,24,11,11,0,9,11,2,-2,0,2,3,3,0,3,3,0,1,12,9,1,6,7,3,1,6,1,1,1,1,6,1
KR_6695452126,420,1,-9,17,-5,3,3,0,4,7,3,-3,1,4,-8,0,8,-1,1,2,0,-6,-8,-4,7,3,5,0,-1,-1,-1,-1,-1,4,1
KR_6729684901,420,1,22,12,9,-1,0,1,0,1,1,6,6,0,4,4,0,0,0,0,1,12,-5,-4,6,2,3,0,0,1,-1,0,1,6,1
KR_6710169623,420,4,0,-4,10,3,5,2,-2,2,4,0,3,3,7,8,1,2,4,2,0,11,-2,2,6,8,-2,0,2,-1,1,1,1,1,1
KR_6644436403,420,9,69,76,9,4,5,1,3,4,1,1,2,1,2,3,1,-1,0,1,0,9,-1,2,6,8,-2,0,1,1,-1,1,1,2,1
KR_6755824307,440,-6,-83,-32,-6,-4,2,6,0,2,2,-5,1,6,2,3,1,1,1,0,0,9,1,5,2,7,-2,0,-1,-1,0,-1,1,4,1
KR_6715282733,420,6,57,19,15,5,5,0,2,2,0,1,1,0,6,6,0,1,1,0,0,20,-19,3,4,7,3,0,0,1,1,1,1,4,1
KR_6747289917,420,1,10,15,1,2,3,1,-3,6,9,2,3,1,0,1,1,0,0,0,1,0,-25,-1,6,5,1,0,0,1,1,1,1,6,1
KR_6697022332,420,2,7,16,7,3,4,1,1,3,2,0,2,2,2,2,0,1,1,0,0,9,1,-2,8,6,3,0,3,1,1,1,1,6,1
KR_6739928608,440,0,-47,11,8,5,5,0,6,9,3,-1,1,2,-2,3,5,0,0,0,0,4,-4,2,1,3,-2,0,1,1,1,1,1,4,1
KR_6674953030,420,6,113,7,16,2,4,2,2,3,1,2,3,1,7,7,0,3,4,1,0,25,31,1,4,5,2,0,2,1,1,1,1,3,1
KR_6758866587,420,0,19,29,-1,-1,0,1,-2,3,5,1,1,0,1,4,3,0,0,0,0,3,-5,-2,7,5,4,0,0,1,-1,0,-1,4,1
KR_6760307242,420,1,-59,13,7,0,1,1,5,5,0,-1,4,5,1,1,0,2,2,0,1,12,9,6,5,11,-1,0,0,1,1,0,1,2,1
KR_6730459208,440,4,32,16,4,-2,1,3,-1,1,2,2,2,0,3,8,5,2,4,2,0,11,26,0,5,5,1,0,2,-1,1,1,-1,1,1
KR_6715536875,420,3,-5,-4,4,0,2,2,0,6,6,5,9,4,-1,3,4,0,1,1,-1,7,-4,-3,9,6,4,0,0,1,1,1,-1,2,1
KR_6764360198,420,3,29,0,13,2,3,1,10,15,5,1,2,1,0,3,3,0,1,1,0,15,0,2,5,7,-1,0,0,1,0,0,1,6,1
KR_6704018305,420,7,60,23,17,1,2,1,6,8,2,2,3,1,7,7,0,1,1,0,0,22,-1,0,4,4,1,0,1,1,-1,1,1,5,1
KR_6761848790,420,1,7,15,0,1,3,2,1,3,2,-1,2,3,-4,1,5,3,3,0,0,4,-1,-2,10,8,3,0,0,1,-1,0,-1,6,1
KR_6749883636,420,0,62,-6,3,2,2,0,-1,0,1,0,3,3,3,7,4,-1,1,2,0,8,-18,-2,6,4,8,0,0,1,1,0,1,1,1
KR_6739641235,420,3,16,41,4,-1,1,2,6,7,1,2,2,0,-4,4,8,1,1,0,0,2,38,3,3,6,0,0,0,-1,1,1,-1,4,1
KR_6678939611,440,2,81,-6,5,4,4,0,0,3,3,3,3,0,-1,0,1,-1,2,3,0,5,-103,1,6,7,0,0,1,-1,-1,1,1,4,1
KR_6766087842,420,3,1,-3,10,3,4,1,5,10,5,6,6,0,-3,2,5,-1,0,1,0,12,2,0,7,7,0,0,-1,1,-1,-1,1,3,1
KR_6707654622,420,2,-39,-8,7,-2,3,5,6,7,1,3,3,0,-1,4,5,1,1,0,0,11,23,3,5,8,-5,0,-1,-1,1,-1,1,2,1
KR_6757163633,420,7,46,-4,15,3,3,0,9,9,0,-1,4,5,3,4,1,1,2,1,1,19,-25,3,2,5,8,0,2,1,1,1,1,3,1
KR_6723679737,420,6,91,14,14,1,3,2,2,5,3,3,6,3,6,6,0,2,2,0,1,20,20,0,4,4,1,0,1,-1,-1,1,1,3,1
KR_6606165439,420,0,9,-3,7,2,4,2,-3,2,5,1,6,5,7,7,0,0,1,1,0,5,-114,4,7,11,2,0,0,1,-1,1,1,6,1
KR_6756228719,420,5,49,13,18,-2,4,6,6,7,1,9,9,0,5,8,3,0,0,0,0,6,-2,-1,6,5,4,0,2,1,1,1,1,5,1
KR_6644024629,420,2,53,4,6,3,3,0,0,3,3,-2,2,4,3,9,6,2,3,1,0,2,-5,-6,7,1,1,0,-1,1,-1,-1,1,3,1
KR_6708120605,420,5,33,-14,15,2,2,0,5,5,0,6,8,2,2,3,1,0,2,2,0,13,4,0,5,5,2,0,3,1,1,1,1,5,1
KR_6753595809,420,0,-7,28,-4,0,3,3,-2,2,4,-1,1,2,-2,1,3,1,1,0,0,-7,1,-2,7,5,1,0,1,1,1,1,1,6,1
KR_6682296727,420,3,54,1,10,2,2,0,1,4,3,6,8,2,-1,3,4,2,5,3,-2,7,14,-5,6,1,-3,0,2,1,1,1,-1,2,1
KR_6684757730,440,8,94,40,13,1,3,2,5,9,4,6,6,0,0,1,1,1,1,0,0,17,-9,-3,7,4,6,0,2,1,1,1,1,1,1
KR_6641039189,420,0,-11,3,5,0,3,3,1,1,0,2,6,4,2,4,2,0,1,1,0,7,-12,0,8,8,4,0,0,1,-1,0,1,4,1
KR_6618207220,420,3,49,13,6,2,3,1,2,4,2,3,3,0,-3,1,4,2,2,0,0,7,241,1,8,9,-3,0,0,1,1,1,1,2,1
KR_6745409081,420,1,-14,12,3,1,1,0,6,7,1,0,2,2,-3,0,3,-1,1,2,0,3,1,-1,10,9,-6,0,0,1,-1,-1,1,5,1
KR_6631091644,420,-1,34,-9,-6,-1,1,2,-2,2,4,-4,3,7,-1,1,2,2,2,0,-1,-17,9,-1,6,5,-4,0,0,-1,1,0,-1,5,1
KR_6692256248,420,5,15,-1,9,-4,2,6,2,2,0,5,6,1,4,5,1,2,2,0,0,16,3,-2,4,2,8,0,1,1,1,1,1,1,1
KR_6638480108,420,4,1,31,8,0,2,2,2,3,1,4,4,0,1,2,1,1,1,0,0,12,18,1,5,6,-5,0,0,-1,1,0,-1,5,1
KR_6749526108,420,-3,-33,37,0,-2,0,2,3,4,1,-2,2,4,5,5,0,-4,1,5,1,3,-8,-3,9,6,10,0,-1,-1,-1,-1,1,4,1
KR_6698231315,420,4,-22,17,8,-2,0,2,-1,2,3,3,3,0,7,8,1,1,1,0,0,15,-19,3,6,9,-5,0,0,1,-1,-1,1,2,1
KR_6689973377,420,9,161,34,19,4,5,1,4,6,2,6,7,1,5,5,0,0,1,1,0,12,3,7,1,8,5,1,5,1,1,1,1,4,1
KR_6697663740,420,5,99,16,10,8,8,0,3,7,4,2,2,0,-2,2,4,-1,1,2,-1,3,1,0,8,8,-6,0,3,1,1,1,-1,2,1
KR_6739383714,420,-1,5,-4,-2,0,1,1,-1,2,3,-2,3,5,0,1,1,1,1,0,-2,9,-10,-1,9,8,2,0,0,1,1,0,1,1,1
KR_6749275346,420,-2,7,-11,-1,0,1,1,-2,2,4,-2,2,4,-1,1,2,4,6,2,0,8,-1,1,7,8,-1,0,0,1,-1,1,-1,5,1
KR_6666153736,420,2,37,17,5,1,6,5,0,1,1,5,6,1,0,5,5,-1,0,1,4,12,-2,2,3,5,1,0,2,1,-1,1,1,2,1
KR_6758873900,420,-1,-27,16,0,1,2,1,1,5,4,0,0,0,-2,5,7,0,2,2,0,-3,-31,2,6,8,-2,0,0,1,-1,0,1,2,1
KR_6751115721,420,1,28,16,4,2,4,2,4,5,1,-2,3,5,0,2,2,0,1,1,0,-2,3,-3,10,7,-6,0,0,-1,1,0,1,6,1
KR_6761948924,440,0,10,-44,3,0,2,2,0,1,1,-1,2,3,2,3,1,2,4,2,-1,1,-33,2,5,7,12,0,0,-1,1,0,-1,2,1
KR_6735845543,420,1,8,16,5,0,3,3,5,6,1,-1,0,1,-1,5,6,2,2,0,0,9,1,-2,7,5,5,0,0,-1,-1,0,1,6,1
KR_6661254832,420,7,41,55,14,-1,0,1,5,6,1,3,6,3,3,4,1,4,5,1,0,18,-2,-1,10,9,5,0,4,1,1,1,1,2,1
KR_6666288392,420,-3,8,-78,0,-4,1,5,0,2,2,-2,0,2,4,5,1,2,3,1,1,-5,2,-1,7,6,0,0,1,1,-1,1,1,4,1
KR_6692306023,420,1,-21,13,-1,4,5,1,4,7,3,1,1,0,-6,2,8,-4,2,6,0,-7,190,2,4,6,-3,0,-1,-1,1,-1,-1,5,1
KR_6726461067,420,3,75,-12,10,2,2,0,5,5,0,0,0,0,3,5,2,0,0,0,0,13,0,-3,8,5,3,0,0,1,1,0,1,6,1
KR_6714505702,440,-1,-2,12,-6,2,3,1,1,2,1,-4,0,4,0,4,4,-5,1,6,0,-11,-6,0,4,4,-2,0,-1,-1,1,-1,1,5,1
KR_6760328097,420,4,46,-2,16,2,3,1,1,1,0,7,10,3,6,7,1,0,1,1,0,11,24,1,6,7,1,0,1,1,1,1,1,2,1
KR_6723009260,420,6,32,28,8,0,1,1,4,4,0,3,5,2,2,2,0,-1,0,1,0,8,21,-3,7,4,0,0,2,-1,1,1,1,2,1
KR_6653539039,440,-5,-104,-40,-5,-8,0,8,-2,3,5,5,5,0,-3,0,3,3,5,2,0,2,113,2,3,5,-4,0,-2,1,-1,-1,-1,4,1
KR_6719498475,420,-1,-35,-20,-9,2,4,2,-7,6,13,0,2,2,-4,0,4,0,2,2,-1,-10,-8,-2,7,5,6,0,-1,1,-1,-1,-1,6,1
KR_6748774973,420,5,46,-15,7,1,1,0,2,3,1,3,3,0,2,2,0,-1,1,2,0,3,11,1,4,5,-5,0,0,1,1,0,-1,2,1
KR_6642568011,420,-1,-17,6,-2,4,4,0,-3,1,4,-1,1,2,-3,1,4,1,1,0,0,-11,6,3,9,12,-4,0,0,1,1,1,1,6,1
KR_6761824281,440,0,60,8,6,3,3,0,2,2,0,-1,0,1,2,2,0,0,0,0,1,8,-9,-2,7,5,-1,0,0,-1,1,0,1,6,1
KR_6765462290,420,1,14,-18,1,0,1,1,2,3,1,-1,1,2,-2,2,4,2,3,1,0,7,-124,2,3,5,0,0,1,-1,1,1,-1,2,1
KR_6698838052,420,0,-8,7,6,-1,2,3,7,8,1,2,4,2,2,3,1,-4,0,4,0,8,-2,1,3,4,2,0,-1,-1,1,-1,1,5,1
KR_6757779894,420,0,4,11,3,1,3,2,2,2,0,-5,3,8,5,6,1,0,1,1,3,4,-11,-4,7,3,3,0,-1,1,1,-1,1,5,1
KR_6761387592,420,-1,11,-4,0,-1,1,2,3,7,4,-4,1,5,2,5,3,0,0,0,0,-2,-39,-5,9,4,5,0,0,0,1,0,1,0,1
KR_6767459536,440,5,26,21,11,1,4,3,0,3,3,1,1,0,6,9,3,3,4,1,0,5,9,1,4,5,2,0,1,1,1,1,1,5,1
KR_6661688517,440,4,22,22,12,2,2,0,4,5,1,5,6,1,0,1,1,1,2,1,0,10,18,3,3,6,1,0,0,1,-1,1,1,5,1
KR_6621705395,420,5,46,32,8,6,8,2,-2,3,5,2,2,0,2,4,2,0,0,0,0,6,-9,0,5,5,7,0,2,-1,1,1,1,5,1
KR_6662513160,420,3,8,-1,9,2,3,1,1,3,2,1,1,0,4,5,1,1,1,0,0,7,0,-3,7,4,3,0,0,-1,1,0,1,4,1
KR_6685268569,420,3,53,34,4,2,4,2,5,5,0,1,6,5,-4,4,8,0,0,0,0,-1,-3,-4,7,3,0,0,0,1,1,1,-1,5,1
KR_6766193740,420,2,37,16,4,1,1,0,2,3,1,2,2,0,-1,1,2,0,0,0,0,2,-5,-5,10,5,2,0,0,1,-1,0,-1,3,1
KR_6762784087,440,-1,37,4,-1,0,0,0,0,1,1,3,4,1,-3,2,5,-1,0,1,0,7,-30,1,6,7,-2,0,-1,0,0,-1,-1,0,1
KR_6753570370,420,2,24,13,1,2,3,1,2,3,1,-1,2,3,1,2,1,-3,1,4,0,-2,15,4,3,7,3,0,0,1,-1,1,1,6,1
KR_6731036767,420,4,43,2,13,3,4,1,1,4,3,5,5,0,3,3,0,1,1,0,1,17,-216,4,5,9,6,0,0,1,-1,1,1,3,1
KR_6606226441,420,-1,26,-33,8,1,4,3,1,2,1,-1,0,1,5,7,2,2,2,0,1,17,-114,2,6,8,1,0,0,1,-1,0,1,6,1
KR_6740911054,420,3,35,3,1,0,3,3,1,2,1,-1,4,5,1,1,0,0,0,0,0,2,-17,1,3,4,4,0,0,-1,-1,1,1,2,1
KR_6690005307,420,2,-73,0,1,-3,1,4,0,3,3,0,1,1,-2,2,4,6,7,1,0,8,-12,2,6,8,2,0,1,-1,1,1,1,4,1
KR_6758058322,420,4,64,-27,4,-2,0,2,1,3,2,11,11,0,-7,1,8,1,1,0,0,-5,1,1,5,6,-2,0,2,0,-1,1,-1,0,1
KR_6767799187,420,4,12,-16,9,2,2,0,4,6,2,-2,0,2,6,8,2,-1,0,1,0,10,8,6,3,9,-2,0,0,1,-1,1,1,5,1
KR_6655125615,420,-2,-48,-16,-4,-2,0,2,-3,1,4,-3,0,3,6,6,0,-2,0,2,-1,-5,-29,-1,4,3,2,0,-2,1,-1,-1,-1,5,1
KR_6756122205,420,1,-12,4,8,6,7,1,2,5,3,1,1,0,-1,5,6,0,0,0,0,-1,-8,-3,7,4,-1,0,1,1,1,1,1,2,1
KR_6683932921,420,4,-18,16,6,2,3,1,3,3,0,3,4,1,-2,2,4,0,0,0,0,4,31,1,5,6,-4,0,2,-1,1,1,-1,1,1
KR_6748365847,420,7,38,4,10,6,6,0,2,6,4,5,7,2,-1,2,3,-2,1,3,0,13,12,-2,7,5,2,0,1,1,1,1,1,6,1
KR_6766419983,440,3,69,-21,6,-2,1,3,2,3,1,-3,3,6,3,4,1,6,6,0,0,6,26,-4,7,3,7,0,2,1,-1,1,-1,6,1
KR_6764556586,420,2,18,13,10,-1,3,4,2,5,3,1,2,1,7,10,3,1,2,1,0,7,4,2,5,7,0,0,2,-1,1,1,-1,1,1
KR_6758749717,420,-2,-2,-15,-2,-4,1,5,0,2,2,-2,2,4,3,3,0,1,2,1,0,3,1,0,6,6,5,0,-1,-1,-1,-1,1,6,1
KR_6692649377,440,0,-15,0,6,0,1,1,-2,1,3,5,5,0,1,2,1,2,2,0,0,9,13,-2,5,3,4,0,0,0,-1,0,-1,0,1
KR_6757544193,420,5,9,24,6,-2,1,3,5,6,1,4,4,0,2,6,4,-3,1,4,0,4,-5,-1,8,7,4,0,2,1,1,1,-1,6,1
KR_6747287386,440,-1,-40,4,-9,1,6,5,-1,1,2,-7,0,7,-1,0,1,-1,0,1,0,-11,-4,-2,5,3,0,0,-1,-1,1,-1,-1,5,1
KR_6747751784,440,2,-53,45,2,3,5,2,4,5,1,1,2,1,-4,0,4,-2,0,2,0,2,-368,-3,4,1,2,0,2,1,1,1,-1,5,1
KR_6672296963,420,2,29,1,3,3,4,1,-4,2,6,-2,1,3,7,8,1,-1,0,1,0,0,4,6,7,13,1,0,1,1,1,1,-1,4,1
KR_6696160920,420,0,43,6,-3,1,2,1,-2,2,4,-7,0,7,6,8,2,-1,1,2,1,4,15,2,4,6,-7,0,0,-1,1,1,1,4,1
KR_6680927338,420,3,8,24,-1,0,4,4,-2,3,5,3,4,1,-3,4,7,1,3,2,0,-1,-19,2,3,5,2,0,0,1,-1,0,-1,2,1
KR_6766213429,420,1,38,-1,-1,2,4,2,0,2,2,0,0,0,-3,1,4,0,0,0,0,0,-3,1,4,5,2,0,0,-1,1,0,1,5,1
KR_6741477111,420,-3,-36,0,-3,-3,2,5,-5,0,5,2,2,0,2,3,1,1,2,1,0,-1,0,-2,6,4,-1,0,-2,1,-1,-1,-1,1,1
KR_6738604463,420,2,45,12,12,4,7,3,0,3,3,5,5,0,3,4,1,0,3,3,1,5,6,-1,6,5,3,0,2,1,-1,1,1,5,1
KR_6765255201,420,-2,23,-32,-2,1,2,1,1,3,2,-4,0,4,1,3,2,-1,2,3,0,6,-19,2,6,8,0,0,0,1,-1,1,-1,3,1
KR_6704211723,420,0,79,-10,3,2,2,0,5,7,2,-4,1,5,1,2,1,-1,3,4,0,3,-8,-2,7,5,2,0,2,-1,1,1,1,5,1
KR_6656835895,420,0,96,-24,-3,4,5,1,-1,1,2,-2,1,3,-3,1,4,-1,0,1,0,-4,20,-4,8,4,5,0,-1,1,-1,-1,-1,4,1
KR_6766215673,420,8,136,48,17,4,6,2,3,7,4,9,9,0,1,2,1,0,1,1,1,19,-9,-5,8,3,0,0,3,1,1,1,1,5,1
KR_6686698571,420,3,51,5,9,2,2,0,0,4,4,3,5,2,3,7,4,1,1,0,-2,9,10,5,2,7,0,0,2,1,-1,1,-1,2,1
KR_6763425880,420,1,76,15,6,4,5,1,2,5,3,-4,0,4,5,5,0,-1,0,1,0,-1,12,-4,10,6,1,0,1,1,-1,1,1,4,1
KR_6760034488,420,2,-61,8,3,-1,2,3,3,3,0,2,4,2,-1,2,3,0,0,0,0,8,2,3,6,9,-1,0,0,1,1,1,-1,2,1
KR_6767772588,420,6,32,24,9,2,3,1,3,5,2,-1,0,1,7,7,0,-2,1,3,-1,11,39,3,6,9,2,0,2,1,1,1,-1,5,1
KR_6664981640,420,1,60,4,2,8,9,1,-1,2,3,-1,2,3,-2,0,2,-2,1,3,0,-2,-6,0,4,4,4,0,1,-1,1,1,1,2,1
KR_6663478135,420,1,13,-7,4,5,7,2,0,3,3,-1,0,1,0,3,3,0,0,0,2,1,-10,-4,8,4,2,0,-1,1,-1,-1,1,1,1
KR_6763426608,420,3,63,23,6,3,3,0,-1,1,2,-2,0,2,3,4,1,3,3,0,1,6,14,5,2,7,-1,0,2,1,-1,1,1,6,1
KR_6691081073,420,1,-30,-15,6,2,3,1,2,5,3,3,4,1,0,3,3,-1,1,2,0,15,80,1,6,7,3,0,1,1,1,1,-1,4,1
KR_6669485367,420,-1,11,-21,-2,-2,1,3,1,4,3,-2,2,4,2,3,1,-1,0,1,0,-5,7,6,5,11,0,0,2,1,1,1,1,5,1
KR_6758496659,420,2,4,-7,0,2,3,1,1,1,0,-2,1,3,1,3,2,-2,0,2,0,2,11,6,6,12,0,0,1,1,1,1,1,3,1
KR_6679853490,420,0,-41,-9,-4,-3,0,3,1,6,5,-4,2,6,1,1,0,1,1,0,1,4,8,2,5,7,-7,0,1,1,1,1,1,6,1
KR_6766961562,440,1,57,-9,1,-3,0,3,-2,3,5,2,4,2,1,6,5,3,3,0,0,8,10,2,2,4,0,0,0,1,-1,1,-1,5,1
KR_6764535838,420,3,97,5,10,1,1,0,3,6,3,2,3,1,3,3,0,1,1,0,0,5,-11,-11,13,2,4,0,3,1,1,1,1,6,1
KR_6711365099,420,1,-47,4,1,1,6,5,8,8,0,-2,0,2,-5,0,5,-1,0,1,0,4,-28,2,5,7,5,0,1,0,1,1,-1,0,1
KR_6729977922,420,0,-18,16,4,4,4,0,2,4,2,0,3,3,0,3,3,-2,0,2,0,-3,23,8,2,10,-6,0,0,-1,1,1,1,1,1
KR_6760015361,440,5,95,20,6,2,2,0,-2,0,2,3,3,0,4,4,0,-1,2,3,0,6,2,-3,6,3,-2,0,1,1,-1,1,-1,6,1
KR_6759952519,420,5,9,0,24,1,3,2,3,5,2,8,9,1,13,14,1,-1,1,2,1,30,24,0,3,3,1,0,0,1,1,1,1,6,1
KR_6719107792,420,4,22,11,4,2,3,1,0,3,3,2,2,0,-1,0,1,1,2,1,0,1,-1,0,8,8,-8,0,2,1,1,1,1,2,1
KR_6739805598,440,-1,-74,29,3,5,6,1,2,2,0,-2,0,2,0,0,0,-2,1,3,0,2,-15,3,4,7,-5,0,1,1,1,1,1,1,1
KR_6659138861,420,1,-64,8,3,-2,0,2,9,11,2,-3,3,6,0,3,3,-1,2,3,0,10,-27,4,1,5,1,0,-1,1,1,-1,-1,3,1
KR_6754364528,420,2,23,4,5,2,3,1,-1,0,1,-3,0,3,6,6,0,1,1,0,0,4,-17,1,4,5,4,0,1,-1,1,1,-1,5,1
KR_6741486151,420,3,66,-13,8,2,5,3,-1,3,4,3,4,1,1,3,2,3,3,0,-1,5,-132,-4,9,5,3,0,0,1,-1,1,-1,5,1
KR_6740976379,420,4,33,13,5,1,1,0,4,4,0,-4,3,7,4,5,1,0,1,1,0,6,9,-2,7,5,8,0,0,-1,1,1,-1,4,1
KR_6766459975,420,-2,-4,-8,0,0,2,2,2,3,1,0,5,5,-1,1,2,-1,0,1,0,0,12,-2,6,4,2,0,0,-1,-1,-1,1,4,1
KR_6725871869,420,0,65,-9,3,-2,2,4,2,3,1,2,2,0,0,2,2,1,2,1,0,4,-8,-2,5,3,3,0,0,-1,-1,0,1,4,1
KR_6618942170,420,3,20,14,-1,4,4,0,-2,3,5,2,2,0,-2,3,5,-3,0,3,0,-8,-6,1,3,4,-1,0,-1,1,1,-1,-1,5,1
KR_6763685430,420,5,33,9,7,-4,2,6,7,7,0,1,3,2,2,2,0,1,1,0,0,9,0,2,6,8,0,0,2,-1,1,1,1,4,1
KR_6767955195,420,1,-32,20,7,-2,1,3,2,3,1,3,3,0,1,2,1,3,3,0,0,9,8,3,5,8,-2,0,2,1,-1,1,1,6,1
KR_6749296948,420,3,66,-12,2,3,4,1,0,3,3,1,1,0,-2,0,2,0,1,1,0,-5,-2,1,2,3,5,0,-1,-1,-1,1,-1,6,1
KR_6760337620,420,1,35,-35,6,4,5,1,-4,0,4,3,4,1,2,2,0,1,1,0,0,4,-28,3,3,6,4,0,1,-1,-1,1,1,3,1
KR_6748464659,420,-1,-47,-7,-6,-6,1,7,-5,2,7,5,6,1,-1,0,1,1,1,0,0,-3,-5,2,5,7,4,0,-2,1,-1,-1,-1,5,1
KR_6765500442,420,5,13,28,15,3,3,0,4,7,3,3,3,0,4,5,1,1,2,1,0,15,6,4,3,7,2,0,1,0,1,1,1,0,1
KR_6700812262,420,7,65,24,16,3,4,1,7,9,2,2,4,2,3,4,1,1,1,0,1,14,27,1,8,9,1,0,1,1,1,1,1,4,1
KR_6749681615,420,-1,-14,-8,2,1,6,5,0,2,2,-3,1,4,2,7,5,2,4,2,0,12,4,3,4,7,3,0,0,-1,1,0,-1,1,1
KR_6766451761,440,3,88,20,3,2,2,0,4,4,0,-6,3,9,0,3,3,3,3,0,0,-1,19,-3,6,3,1,0,1,-1,0,1,1,2,1
KR_6703673609,420,0,-23,31,-3,-1,0,1,2,4,2,-1,1,2,-3,4,7,0,1,1,0,-1,-23,-4,6,2,3,0,0,0,0,-1,-1,0,1
KR_6662820081,420,7,53,-24,12,1,2,1,8,9,1,0,3,3,3,3,0,0,3,3,-1,19,-19,7,5,12,-2,0,0,1,-1,0,-1,5,1
KR_6767293807,440,2,34,8,7,6,6,0,2,3,1,-5,2,7,3,3,0,1,3,2,0,-3,-49,3,2,5,1,0,1,1,1,1,-1,6,1
KR_6662927014,420,-1,46,19,-4,-3,0,3,1,6,5,-1,1,2,0,2,2,-1,0,1,0,-11,29,-1,8,7,0,0,0,-1,-1,0,-1,6,1
KR_6718921474,420,3,79,-13,2,1,2,1,0,6,6,-1,1,2,1,2,1,1,2,1,0,1,1,-2,8,6,3,0,3,1,1,1,1,5,1
KR_6626234009,420,2,37,16,0,5,5,0,-4,2,6,1,2,1,-2,0,2,0,1,1,0,-11,-5,-10,13,3,-3,0,1,1,1,1,-1,1,1
KR_6625493455,420,-2,14,-40,-4,0,1,1,-4,0,4,0,1,1,1,1,0,-1,0,1,0,-4,95,-5,8,3,0,0,0,-1,-1,-1,1,3,1
KR_6693928153,420,1,-13,-16,5,-2,2,4,2,5,3,2,3,1,6,7,1,-3,1,4,0,4,4,2,5,7,-1,0,1,1,1,1,1,3,1
KR_6765675800,420,6,61,24,12,4,4,0,2,3,1,1,4,3,6,9,3,-1,0,1,0,13,-22,-1,4,3,-3,0,1,1,-1,1,-1,5,1
KR_6766519220,420,3,122,13,7,2,3,1,1,3,2,0,2,2,2,3,1,2,4,2,0,9,14,5,4,9,-5,0,1,1,-1,1,1,5,1
KR_6725850754,420,5,-22,8,11,2,3,1,5,6,1,0,0,0,4,4,0,0,1,1,0,13,57,-1,5,4,-1,0,1,1,1,1,1,2,1
KR_6687168846,420,2,6,17,5,1,4,3,1,4,3,2,5,3,1,4,3,0,0,0,0,9,41,8,5,13,-6,0,0,-1,-1,-1,1,6,1
KR_6750485542,420,1,57,26,0,-1,1,2,-1,4,5,2,4,2,-1,4,5,1,3,2,0,1,6,-1,6,5,-5,0,0,1,-1,-1,-1,6,1
KR_6696245880,420,-2,-30,19,-1,-3,1,4,3,5,2,-2,1,3,2,3,1,-1,1,2,1,10,2,0,5,5,0,0,-2,1,-1,-1,1,4,1
KR_6737847344,420,0,24,27,3,4,5,1,5,5,0,-3,0,3,-2,0,2,-1,0,1,0,-1,-35,-5,8,3,0,0,2,-1,1,-1,-1,3,1
KR_6707645496,440,3,32,8,8,-7,3,10,2,5,3,8,11,3,5,9,4,0,1,1,1,11,-6,-3,7,4,5,0,1,1,-1,-1,-1,4,1
KR_6738062468,420,1,26,50,0,-3,0,3,3,6,3,4,5,1,-6,1,7,2,2,0,0,-3,-10,-1,9,8,-6,0,-1,-1,1,1,-1,6,1
KR_6760170485,420,0,23,23,2,0,1,1,4,4,0,-4,2,6,0,1,1,2,4,2,0,2,-32,-2,8,6,-3,0,2,1,1,1,1,1,1
KR_6720488141,420,0,-34,-4,-4,-3,1,4,0,2,2,-3,2,5,3,5,2,-1,0,1,0,0,-18,-2,7,5,-1,0,-1,1,1,-1,-1,2,1
KR_6767143733,420,1,41,0,5,0,1,1,0,2,2,6,6,0,-1,0,1,0,0,0,0,6,8,-5,8,3,2,0,1,1,1,1,1,1,1
KR_6764725412,420,3,-33,8,7,6,7,1,1,2,1,-2,3,5,0,1,1,2,2,0,0,7,103,0,5,5,-1,0,-1,1,-1,-1,1,5,1
KR_6685866498,420,-3,-14,4,-9,-1,2,3,-2,3,5,0,2,2,-4,2,6,-2,1,3,1,-14,28,0,7,7,-1,0,1,-1,1,1,-1,2,1
KR_6723707276,420,1,-9,4,0,1,2,1,1,2,1,-1,3,4,1,1,0,-2,0,2,0,3,-1,-1,7,6,0,0,0,-1,-1,0,-1,1,1
KR_6763905376,440,4,-20,0,2,0,0,0,2,3,1,-1,1,2,1,3,2,0,2,2,0,3,-6,2,3,5,-1,0,1,1,0,1,1,3,1
KR_6763256752,440,1,-26,40,-2,-1,3,4,0,2,2,5,5,0,-2,0,2,-4,2,6,0,-4,-214,0,4,4,4,0,1,1,-1,1,-1,3,1
KR_6674232293,420,-2,-17,-4,1,2,2,0,0,2,2,-1,0,1,0,1,1,0,0,0,0,0,-12,2,6,8,0,0,-1,-1,-1,-1,1,4,1
KR_6671827915,420,-1,35,-7,3,4,5,1,4,4,0,-7,0,7,-1,0,1,3,3,0,0,-1,-2,-1,7,6,0,0,0,-1,-1,0,-1,5,1
KR_6751516673,420,6,146,40,14,-2,1,3,7,10,3,3,6,3,5,5,0,1,1,0,2,7,226,0,5,5,4,0,4,1,1,1,1,5,1
KR_6662731668,420,1,1,-3,-4,0,5,5,-7,0,7,2,6,4,0,1,1,1,2,1,-2,-3,2,-4,9,5,-4,0,1,1,-1,1,-1,1,1
KR_6748479328,420,5,59,8,12,9,10,1,1,3,2,-2,2,4,2,3,1,2,2,0,4,13,8,3,5,8,0,0,0,-1,1,1,1,6,1
KR_6735941418,420,-4,-12,3,-10,-6,0,6,-2,4,6,-3,2,5,1,2,1,0,2,2,0,-17,-16,-5,9,4,-2,0,0,-1,-1,0,-1,6,1
KR_6761458979,440,0,31,-18,1,-4,1,5,-1,2,3,1,2,1,3,4,1,2,3,1,1,14,-148,3,2,5,2,0,1,1,-1,1,1,2,1
KR_6680184417,420,0,-32,-9,0,-1,0,1,3,3,0,-1,2,3,1,2,1,-2,0,2,-1,1,-1,-1,5,4,-2,0,-1,-1,-1,-1,-1,6,1
KR_6651346622,420,2,13,-12,9,1,4,3,3,4,1,0,3,3,4,6,2,1,2,1,-1,13,2,7,2,9,-2,0,0,1,1,0,-1,1,1
KR_6728699786,420,5,13,-41,12,0,1,1,6,7,1,3,3,0,0,3,3,3,4,1,0,13,46,-4,6,2,-20,0,-1,-1,-1,-1,1,1,1
KR_6767335895,420,3,31,15,10,-2,1,3,6,9,3,5,8,3,1,2,1,0,0,0,0,19,-25,3,4,7,4,0,2,-1,-1,1,-1,5,1
KR_6767278092,420,-1,-55,2,0,-1,1,2,1,4,3,0,2,2,0,3,3,0,2,2,1,11,5,-3,9,6,0,0,0,1,-1,0,1,4,1
KR_6731008752,420,3,14,16,0,4,5,1,-2,1,3,-1,2,3,-1,1,2,0,1,1,0,1,-9,3,5,8,1,0,0,-1,1,1,-1,4,1
KR_6758782008,420,2,81,-11,-2,1,4,3,-4,2,6,3,6,3,-3,3,6,1,2,1,-3,-18,-1,-4,7,3,1,0,0,-1,1,1,-1,5,1
KR_6674605844,420,1,5,-6,10,1,1,0,3,5,2,3,3,0,3,4,1,0,2,2,0,16,2,-1,8,7,5,0,1,-1,1,1,1,2,1
KR_6764730352,420,-2,-40,-1,-3,-3,0,3,1,3,2,1,1,0,-3,0,3,1,1,0,-1,-7,2,3,8,11,3,0,0,1,-1,-1,-1,4,1
KR_6569718251,420,4,29,33,7,3,3,0,1,1,0,4,6,2,1,1,0,-2,0,2,0,4,-10,-4,9,5,2,0,3,1,-1,1,1,1,1
KR_6764814885,420,6,45,32,8,5,5,0,5,6,1,2,7,5,-2,1,3,-2,1,3,0,3,-19,-2,4,2,1,0,1,0,1,1,1,0,1
KR_6699252088,420,-1,2,18,-5,-4,0,4,3,4,1,-1,2,3,3,6,3,-6,0,6,4,6,-8,0,7,7,2,0,1,1,-1,1,1,2,1
KR_6718344799,440,2,-62,4,8,3,3,0,5,6,1,0,0,0,-2,5,7,2,3,1,0,10,0,-1,5,4,1,0,1,1,1,-1,1,4,1
KR_6747148033,440,4,53,1,12,4,4,0,4,5,1,1,2,1,1,4,3,2,4,2,1,17,-7,3,4,7,4,0,1,1,-1,1,1,4,1
KR_6715081706,420,2,73,-12,2,5,5,0,-3,2,5,0,1,1,-2,1,3,2,2,0,0,-6,4,0,7,7,0,0,1,1,-1,1,-1,5,1
KR_6670994865,420,-2,29,-24,4,4,4,0,0,1,1,1,1,0,0,2,2,-1,0,1,0,1,2,-2,6,4,-1,0,1,0,1,1,1,0,1
KR_6765523955,420,1,16,27,3,-3,0,3,4,5,1,1,4,3,1,8,7,0,0,0,-1,0,-8,1,5,6,-3,0,1,-1,1,1,-1,6,1
KR_6736794757,420,-5,-79,-16,-9,-1,2,3,-2,2,4,3,4,1,-7,0,7,-2,0,2,-1,-14,5,-1,7,6,1,0,1,-1,1,1,-1,2,1
KR_6763742533,440,0,-19,21,-4,-3,2,5,-4,3,7,-1,3,4,3,4,1,1,1,0,0,0,-16,1,4,5,-4,0,1,1,1,1,-1,1,1
KR_6676416635,420,1,25,16,2,1,2,1,-1,4,5,0,1,1,5,6,1,-3,0,3,0,5,-7,1,8,9,-2,0,2,1,1,1,1,1,1
KR_6582639217,420,6,62,35,15,6,7,1,5,5,0,3,5,2,1,3,2,0,2,2,0,16,18,4,3,7,2,0,2,1,1,1,1,2,1
KR_6606680104,420,-2,16,-19,3,-4,0,4,2,4,2,8,11,3,2,4,2,-5,0,5,1,-1,35,-1,7,6,3,0,-3,1,-1,-1,1,5,1
KR_6737669266,420,2,-47,-3,1,2,3,1,0,3,3,-2,0,2,5,7,2,-4,1,5,0,1,111,3,5,8,3,0,1,-1,-1,1,1,3,1
KR_6679675158,420,0,25,-28,3,5,5,0,-5,4,9,-1,2,3,5,5,0,-1,0,1,0,-4,-34,4,6,10,9,0,1,1,1,1,1,3,1
KR_6767221820,420,2,-31,11,-2,0,3,3,2,6,4,-1,4,5,-4,0,4,1,1,0,0,-2,-9,-2,6,4,9,0,0,-1,-1,1,1,1,1
KR_6735556102,440,1,11,9,-4,2,2,0,-2,1,3,1,5,4,-6,1,7,1,3,2,-1,-12,-215,-2,7,5,-3,0,0,1,-1,1,-1,3,1
KR_6584632266,420,2,-12,-2,1,3,4,1,0,2,2,-2,2,4,0,5,5,0,1,1,0,2,20,-1,7,6,-5,0,0,1,-1,1,1,3,1
KR_6760217960,420,6,15,15,9,5,6,1,-1,3,4,4,5,1,-1,2,3,2,4,2,0,1,9,2,4,6,2,0,0,1,1,1,1,3,1
KR_6697729128,420,10,148,32,1,-2,1,3,-2,0,2,0,1,1,6,6,0,-1,0,1,0,5,6,3,1,4,0,0,2,1,1,1,1,1,1
KR_6716144335,440,0,-14,0,-1,1,1,0,-3,0,3,0,1,1,1,1,0,0,1,1,0,2,38,-2,5,3,-3,0,0,-1,1,0,-1,4,1
KR_6764231191,420,1,20,-8,5,-2,0,2,2,3,1,4,5,1,0,2,2,1,1,0,0,12,0,0,5,5,5,0,0,1,-1,0,-1,1,1
KR_6755567083,420,5,-17,20,19,1,1,0,7,9,2,5,5,0,2,5,3,4,4,0,0,18,5,-3,7,4,3,0,2,1,-1,1,1,2,1
KR_6644177234,420,4,105,8,8,-5,0,5,4,6,2,4,8,4,5,5,0,0,1,1,0,2,12,1,5,6,-4,0,2,-1,1,1,-1,4,1
KR_6712808811,420,4,20,3,11,-1,1,2,2,2,0,5,5,0,3,4,1,2,2,0,0,11,-9,-3,9,6,6,0,2,1,1,1,1,1,1
KR_6686876397,420,2,12,-6,3,1,1,0,-4,2,6,-2,1,3,8,8,0,0,1,1,1,3,0,9,2,11,-1,0,0,-1,-1,1,1,5,1
KR_6758523418,420,1,15,-5,-2,3,4,1,0,1,1,-4,0,4,-3,1,4,2,2,0,0,-9,18,5,3,8,-7,0,-1,1,-1,-1,-1,5,1
KR_6678127230,420,-3,33,-8,-6,0,2,2,-4,3,7,0,1,1,-2,0,2,0,1,1,0,-7,1,-1,7,6,-2,0,-1,1,-1,-1,-1,4,1
KR_6748753080,420,2,19,22,4,-3,0,3,4,4,0,3,4,1,1,1,0,-1,0,1,0,16,-1,-1,7,6,6,0,0,1,1,1,1,6,1
KR_6735458302,420,4,37,18,9,5,6,1,2,3,1,0,2,2,3,4,1,-1,2,3,0,9,0,-2,6,4,1,0,1,-1,1,1,1,2,1
KR_6753559451,420,1,-3,12,5,-2,0,2,5,7,2,-3,0,3,4,4,0,1,1,0,0,10,3,3,1,4,-2,0,1,-1,-1,1,1,6,1
KR_6761411409,420,-1,-4,-11,4,4,4,0,1,3,2,2,2,0,-1,3,4,-2,0,2,3,2,205,0,3,3,0,0,0,1,1,1,-1,2,1
KR_6764765884,420,1,19,-8,4,2,3,1,2,5,3,0,2,2,-1,2,3,1,2,1,1,2,107,0,6,6,5,0,0,-1,1,1,1,3,1
KR_6680266854,420,2,64,-16,4,8,8,0,-2,0,2,1,4,3,0,1,1,-3,0,3,0,-6,-127,0,7,7,3,0,0,0,0,1,-1,0,1
KR_6642011109,420,3,-14,30,7,1,2,1,2,4,2,0,0,0,4,4,0,0,0,0,0,11,5,5,2,7,-2,0,0,1,-1,1,1,1,1
KR_6764714065,440,-2,42,0,-11,0,2,2,3,4,1,-5,1,6,-8,0,8,-1,0,1,-1,-13,4,-1,3,2,1,0,-1,1,0,-1,-1,1,1
KR_6739959042,420,0,-17,21,0,6,7,1,-3,2,5,0,1,1,-1,3,4,-2,0,2,-1,-9,-112,5,1,6,-3,0,-1,-1,-1,-1,-1,4,1
KR_6752060597,420,0,56,0,-4,2,2,0,-3,3,6,-6,2,8,1,2,1,2,2,0,1,-13,13,3,3,6,3,0,1,1,1,1,1,1,1
KR_6657115158,420,-3,-40,-5,-5,-3,0,3,2,4,2,-1,3,4,-2,2,4,-1,0,1,0,-3,6,3,6,9,-3,0,-1,1,-1,-1,1,6,1
KR_6667233585,420,0,46,7,-2,0,1,1,0,0,0,1,4,3,-1,0,1,-2,0,2,0,-3,-132,3,2,5,2,0,1,-1,1,1,-1,6,1
KR_6758002482,420,2,18,20,5,2,3,1,4,6,2,3,5,2,-1,5,6,-3,2,5,0,2,6,2,8,10,-4,0,0,1,-1,0,1,6,1
KR_6682260723,420,-1,-12,-4,-1,-1,1,2,2,5,3,-1,3,4,-1,0,1,0,1,1,0,2,-60,-1,7,6,4,0,0,-1,1,0,-1,4,1
KR_6684831131,420,1,-31,27,1,-4,2,6,0,3,3,-1,1,2,4,4,0,2,2,0,0,6,0,-1,5,4,-1,0,0,1,-1,-1,-1,6,1
KR_6765846580,420,-2,-11,-43,-3,3,3,0,-4,0,4,-2,1,3,0,3,3,0,0,0,-2,-11,-5,-6,10,4,0,0,-1,-1,0,-1,-1,5,1
KR_6760357475,420,2,84,-16,8,6,6,0,-1,1,2,0,3,3,2,5,3,1,2,1,0,4,5,3,4,7,1,0,0,1,-1,1,-1,5,1
KR_6759875932,420,3,51,-25,9,4,4,0,-3,1,4,1,4,3,6,7,1,1,2,1,2,4,45,1,6,7,1,0,1,-1,1,1,1,6,1
KR_6656327561,420,2,-37,16,8,1,2,1,3,5,2,-1,2,3,5,5,0,0,0,0,0,17,10,5,4,9,0,0,0,1,1,1,1,1,1
KR_6759437939,440,4,45,29,6,3,3,0,7,7,0,2,6,4,-5,1,6,-1,0,1,0,8,11,5,3,8,-5,0,2,1,1,1,-1,2,1
KR_6710692394,420,1,-29,23,5,-1,1,2,2,6,4,3,6,3,1,2,1,0,1,1,0,17,8,3,4,7,-3,0,0,1,-1,-1,-1,1,1
KR_6703354647,420,7,61,12,14,0,1,1,5,6,1,1,2,1,5,6,1,3,3,0,1,18,31,2,5,7,7,0,1,1,1,1,1,2,1
KR_6758436062,420,0,-12,-36,2,2,2,0,0,1,1,2,2,0,-1,1,2,-1,0,1,0,2,4,-1,7,6,1,0,1,1,1,1,-1,6,1
KR_6676951935,420,-2,-45,7,-3,-4,0,4,2,7,5,0,1,1,-2,4,6,1,1,0,0,0,-3,-3,7,4,0,0,0,1,0,1,1,6,1
KR_6766862696,440,3,64,33,12,1,3,2,1,3,2,5,5,0,4,6,2,1,2,1,0,10,155,-2,8,6,1,0,1,1,-1,1,-1,2,1
KR_6767228817,420,6,68,6,10,5,5,0,0,3,3,6,7,1,-2,1,3,1,1,0,-1,6,18,-1,9,8,-6,0,0,1,1,1,-1,5,1
KR_6704389409,420,-2,-29,-13,-3,0,0,0,3,3,0,1,3,2,-4,2,6,-3,0,3,0,1,12,3,2,5,-2,0,0,-1,1,1,1,6,1
KR_6693668614,420,3,-61,21,8,0,2,2,7,11,4,-4,0,4,1,4,3,4,5,1,0,9,-7,-1,5,4,4,0,0,1,-1,-1,1,4,1
KR_6685512120,420,3,13,11,7,-2,1,3,2,2,0,3,3,0,6,6,0,-2,0,2,0,10,3,6,3,9,-6,0,2,1,-1,1,1,1,1
KR_6721435657,420,2,41,-4,7,1,2,1,4,9,5,3,4,1,0,2,2,-1,0,1,0,4,-65,-5,7,2,6,0,2,-1,1,1,1,1,1
KR_6756233773,420,-1,-56,-7,-2,-2,0,2,-2,2,4,2,4,2,2,3,1,-2,1,3,0,1,-2,-7,10,3,9,0,-1,1,-1,-1,-1,6,1
KR_6759903513,420,-1,16,24,1,1,3,2,-2,3,5,3,3,0,-3,2,5,2,3,1,0,7,27,7,4,11,-10,0,0,1,1,0,1,6,1
KR_6762591048,420,2,-3,0,2,3,4,1,0,2,2,3,6,3,0,2,2,-4,0,4,0,-3,0,-5,7,2,-1,0,2,1,-1,1,1,5,1
KR_6739271297,420,-4,-46,-16,-7,-3,1,4,-2,3,5,0,3,3,-1,2,3,-1,1,2,0,-9,24,-9,14,5,3,0,1,-1,1,1,1,6,1
KR_6698359365,420,3,59,14,3,0,1,1,4,7,3,1,4,3,-2,3,5,0,0,0,2,3,-14,1,8,9,2,0,1,1,-1,1,1,3,1
KR_6720695080,420,-1,11,-12,1,-1,3,4,2,6,4,-4,2,6,4,6,2,0,0,0,0,7,-11,-2,10,8,-2,0,-1,1,-1,-1,-1,6,1
KR_6689751111,420,3,33,53,7,-1,0,1,0,1,1,10,11,1,-3,1,4,1,1,0,-2,-1,-8,-1,7,6,11,0,0,1,1,0,-1,3,1
KR_6742483199,420,-1,-57,-34,8,0,0,0,7,9,2,1,3,2,1,3,2,-1,1,2,0,18,15,-3,7,4,-3,0,0,-1,-1,0,1,2,1
KR_6695170645,420,5,61,23,11,3,3,0,3,5,2,3,3,0,0,5,5,2,3,1,0,9,29,-2,8,6,4,0,0,1,1,1,1,2,1
KR_6728851055,440,6,76,34,17,1,3,2,2,3,1,5,7,2,4,5,1,5,5,0,0,13,39,12,0,12,-2,0,2,1,1,1,1,4,1
KR_6713175050,440,6,56,17,14,2,2,0,9,11,2,4,5,1,-3,4,7,2,3,1,0,10,19,4,3,7,-5,0,1,1,-1,1,-1,4,1
