matchId,queueId,Diff_LV,Diff_CS,Diff_jglCS,Diff-K,Diff-K-top,K-WIN-top,K-LOSE-top,Diff-K-jug,K-WIN-jug,K-LOSE-jug,Diff-K-mid,K-WIN-mid,K-LOSE-mid,Diff-K-ad,K-WIN-ad,K-LOSE-ad,Diff-K-sup,K-WIN-sup,K-LOSE-sup,invadeKill,Diff-A,Diff_WARDplaced,Diff-ControlWARDplaced,LOSE_controlWARDPlaced,WIN_controlWARDPlaced,Diff_WARDkill,Diff_Inhibitor,Diff_TOWERkill,Diff_FirstDRAGON,Diff_FirstHERALD,Diff_Firsttower,Diff_FirstBLOOD,dragonType,result
KR_6764348017,420,0,22,-1,2,3,5,2,-1,2,3,1,2,1,-1,1,2,0,1,1,0,0,4,-1,3,2,-2,0,1,-1,-1,1,1,5,1
KR_6717534637,420,3,19,20,15,2,3,1,-1,0,1,10,12,2,5,5,0,-1,0,1,0,16,-2,-2,6,4,8,0,1,1,1,1,1,1,1
KR_6144706447,420,1,-14,-5,1,3,4,1,-3,1,4,-4,0,4,4,6,2,1,1,0,0,2,-3,0,4,4,0,0,1,1,-1,1,-1,4,1
KR_6659596541,440,0,-35,15,1,-2,1,3,2,3,1,5,5,0,-3,3,6,-1,0,1,0,-5,-4,2,1,3,1,0,0,1,0,0,-1,3,1
KR_6674320621,420,0,28,-1,2,2,2,0,4,7,3,1,4,3,-4,3,7,-1,1,2,0,1,5,3,4,7,0,0,1,-1,1,1,1,1,1
KR_6741991317,440,0,49,-4,4,4,5,1,0,3,3,2,2,0,-2,1,3,0,0,0,0,0,-3,1,4,5,-1,0,0,1,-1,0,1,6,1
KR_5996612206,440,-2,-49,28,0,-1,3,4,4,8,4,-3,1,4,-3,0,3,3,4,1,0,2,2,3,1,4,-1,0,0,1,0,0,-1,2,1
KR_6762145719,420,-1,-7,4,-6,-1,1,2,0,1,1,-4,1,5,-2,4,6,1,3,2,0,-2,26,0,2,2,0,0,0,0,0,0,-1,0,1
KR_6763278005,420,-2,-17,-20,-8,0,3,3,0,2,2,6,8,2,-14,1,15,0,0,0,-1,-16,-6,-2,6,4,3,0,0,1,1,1,-1,3,1
KR_6752158501,420,-4,-86,24,-9,1,1,0,-1,0,1,-4,1,5,-4,0,4,-1,0,1,-1,-9,15,-2,3,1,-8,0,-2,-1,-1,-1,-1,5,1
KR_6552176943,420,1,20,-4,5,2,4,2,0,4,4,-1,2,3,5,7,2,-1,0,1,0,6,-5,-1,4,3,2,0,1,1,0,1,1,5,1
KR_6757604378,440,4,59,-15,10,6,7,1,2,2,0,1,2,1,-3,3,6,4,4,0,1,10,0,3,3,6,3,0,1,-1,1,1,1,3,1
KR_6759824934,420,-1,-9,0,1,0,1,1,-5,0,5,2,4,2,5,6,1,-1,0,1,0,-6,-2,-1,3,2,1,0,0,1,1,0,1,1,1
KR_6684712070,420,1,45,48,-4,4,7,3,-3,1,4,-7,1,8,2,4,2,0,0,0,0,-6,1,-1,2,1,-1,0,0,1,1,-1,1,6,1
KR_6745895282,420,6,35,4,21,8,8,0,6,7,1,3,3,0,4,7,3,0,0,0,1,20,-15,1,1,2,2,0,2,1,1,1,1,4,1
KR_6579421689,420,2,13,31,1,0,0,0,0,4,4,7,9,2,-4,2,6,-2,0,2,0,-10,-10,-5,7,2,0,0,1,-1,0,1,-1,6,1
KR_6727792005,420,-3,-47,-20,-6,4,4,0,1,3,2,1,3,2,-10,1,11,-2,0,2,0,-8,-4,-2,5,3,2,0,-1,-1,1,-1,-1,6,1
KR_6622768071,440,1,51,-4,1,1,2,1,-1,3,4,-2,0,2,2,4,2,1,1,0,0,6,-5,-1,3,2,2,0,1,0,-1,1,1,0,1
KR_6634187975,420,1,53,-24,4,-1,0,1,1,2,1,0,1,1,3,3,0,1,1,0,-1,4,19,3,0,3,-1,0,0,1,-1,0,-1,4,1
KR_6421075865,420,3,75,1,5,6,7,1,4,6,2,-2,3,5,-3,2,5,0,1,1,1,-4,7,1,5,6,2,0,0,-1,-1,-1,1,6,1
KR_6348391634,420,0,35,28,0,-3,2,5,-1,1,2,-6,0,6,11,11,0,-1,1,2,-2,-1,-26,-2,4,2,-1,0,1,1,1,1,-1,5,1
KR_6605030253,420,0,43,16,7,0,2,2,0,1,1,7,10,3,1,2,1,-1,0,1,0,5,1,2,3,5,3,0,0,-1,0,-1,1,3,1
KR_6759089769,420,-4,1,-16,-2,-3,1,4,1,2,1,2,3,1,-1,0,1,-1,3,4,0,-4,-403,4,1,5,-1,0,-1,0,0,-1,-1,0,1
KR_6732868593,440,0,12,-8,0,-2,0,2,1,5,4,3,5,2,-3,2,5,1,1,0,1,-5,-7,-3,5,2,2,0,0,1,1,1,-1,2,1
KR_6680460835,420,2,-23,8,9,1,2,1,2,3,1,7,7,0,0,4,4,-1,1,2,1,6,10,6,2,8,0,0,-1,1,1,-1,1,6,1
KR_6708352437,440,5,-8,44,19,4,5,1,8,9,1,0,1,1,-1,2,3,8,8,0,-1,17,0,1,2,3,4,0,2,1,1,1,-1,5,1
KR_6756465405,420,4,12,20,10,-2,2,4,5,7,2,7,8,1,4,5,1,-4,1,5,0,2,45,4,0,4,-8,0,0,1,1,1,-1,6,1
KR_6734045373,440,0,6,-14,2,0,1,1,1,2,1,1,2,1,0,6,6,0,1,1,0,-4,-29,1,6,7,13,0,1,-1,1,1,1,6,1
KR_6584728476,420,1,41,0,6,-3,1,4,4,4,0,-3,2,5,8,9,1,0,1,1,0,11,2,4,0,4,0,0,1,1,1,1,-1,2,1
KR_6576908399,420,3,58,45,4,0,2,2,3,7,4,-2,3,5,2,3,1,1,2,1,0,10,-11,4,3,7,2,0,0,1,1,1,-1,2,1
KR_6638838500,420,6,80,-12,17,5,5,0,1,4,3,-2,1,3,12,12,0,1,1,0,0,20,17,0,3,3,4,0,1,1,1,1,1,2,1
KR_6720353278,420,0,13,7,8,1,2,1,7,8,1,-3,0,3,5,6,1,-2,1,3,3,12,-1,3,2,5,-1,0,0,1,1,0,1,4,1
KR_6642398320,420,2,42,0,13,0,2,2,7,7,0,0,0,0,4,5,1,2,2,0,0,11,4,1,4,5,0,0,0,1,-1,0,1,1,1
KR_6647503087,420,0,94,-12,5,2,4,2,0,1,1,-2,2,4,5,5,0,0,0,0,0,4,-2,1,3,4,0,0,0,1,-1,1,1,2,1
KR_6723996212,420,3,-15,4,4,6,6,0,-1,1,2,0,1,1,1,4,3,-2,1,3,0,1,14,3,0,3,-5,0,0,1,0,1,1,4,1
KR_6566349065,420,2,-15,16,7,-2,0,2,6,10,4,2,2,0,-1,0,1,2,2,0,0,11,-200,1,3,4,1,0,0,1,1,0,1,3,1
KR_6719425100,420,-1,0,-12,-1,-2,0,2,1,3,2,0,0,0,0,0,0,0,2,2,0,-3,-8,-2,6,4,1,0,1,1,-1,1,1,6,1
KR_6723694293,420,2,-10,-26,7,3,3,0,1,5,4,4,4,0,0,3,3,-1,0,1,1,7,-6,-2,2,0,-1,0,0,1,1,-1,1,5,1
KR_6605360426,420,-1,27,-24,0,-1,0,1,-1,2,3,-5,1,6,6,8,2,1,2,1,0,6,-170,1,5,6,-6,0,-1,1,-1,-1,1,1,1
KR_6743023669,440,2,79,-1,11,-3,5,8,2,3,1,3,4,1,5,6,1,4,4,0,0,8,-3,0,1,1,2,0,1,1,-1,1,-1,4,1
KR_6690032799,420,3,73,29,7,2,2,0,3,3,0,2,2,0,0,1,1,0,5,5,-1,1,-6,0,2,2,3,0,1,1,1,1,-1,2,1
KR_6756225564,420,-1,7,-32,-6,-1,0,1,-4,0,4,-2,1,3,3,7,4,-2,0,2,-1,-3,410,-2,4,2,0,0,1,-1,-1,1,-1,5,1
KR_6677405881,440,5,102,-4,15,3,3,0,2,5,3,5,5,0,4,7,3,1,2,1,4,19,3,1,5,6,4,0,1,1,1,1,1,4,1
KR_6764676932,420,-3,-29,-19,-2,-2,3,5,1,2,1,0,3,3,4,7,3,-5,0,5,-1,5,25,1,2,3,2,0,-2,1,0,1,-1,5,1
KR_6750253568,420,4,75,0,6,-2,1,3,4,6,2,3,3,0,-1,2,3,2,2,0,0,3,4,-2,5,3,-6,0,1,1,1,1,1,3,1
KR_6747748687,440,-1,13,-13,0,-1,1,2,-1,0,1,5,6,1,-3,3,6,0,0,0,0,1,-8,2,5,7,-3,0,0,-1,-1,0,-1,5,1
KR_6191370793,440,-1,-57,-1,-1,-4,1,5,5,6,1,4,4,0,-3,3,6,-3,0,3,-1,-2,2,0,2,2,2,0,-1,1,-1,-1,-1,3,1
KR_6724709136,420,2,87,4,8,3,4,1,-3,2,5,1,3,2,7,8,1,0,4,4,0,4,-3,-1,3,2,1,0,2,-1,1,1,1,3,1
KR_6760446107,420,2,11,28,7,3,3,0,-1,2,3,-1,0,1,3,7,4,3,3,0,0,6,18,3,0,3,0,0,0,0,-1,0,1,0,1
KR_6764216568,420,4,28,4,4,3,4,1,1,2,1,0,3,3,0,3,3,0,0,0,0,-1,1,-8,10,2,6,0,0,0,0,0,1,0,1
KR_6603047648,420,2,14,31,4,0,1,1,1,3,2,-6,1,7,8,8,0,1,1,0,0,10,1,-1,1,0,1,0,0,1,0,0,1,3,1
KR_6731921856,420,-1,-70,8,1,0,0,0,1,6,5,2,5,3,-3,2,5,1,3,2,0,2,1,1,2,3,0,0,0,1,1,0,-1,6,1
KR_6709760185,440,3,-19,12,9,-3,0,3,6,7,1,0,1,1,5,7,2,1,3,2,0,5,-409,2,2,4,2,0,0,0,-1,-1,1,0,1
KR_6660197556,420,4,82,4,2,3,4,1,4,4,0,-2,0,2,-4,2,6,1,2,1,0,1,13,-1,2,1,0,0,1,1,-1,1,1,5,1
KR_6723728170,440,6,72,29,11,-1,1,2,11,11,0,-1,2,3,2,4,2,0,0,0,3,12,-6,-5,7,2,3,0,1,-1,0,1,1,3,1
KR_6672267098,420,0,7,0,10,-1,3,4,0,1,1,5,6,1,0,2,2,6,6,0,0,9,-5,-1,2,1,0,0,1,1,1,1,1,2,1
KR_6762945111,420,-4,3,-96,-2,-1,1,2,1,3,2,-1,0,1,-1,1,2,0,1,1,0,4,8,4,0,4,-1,0,1,0,-1,1,-1,0,1
KR_6736307903,440,2,90,-16,5,0,2,2,3,3,0,1,1,0,-1,2,3,2,2,0,0,5,6,-3,5,2,0,0,1,0,1,1,1,0,1
KR_6723762617,440,2,-44,-8,3,-1,0,1,7,8,1,-1,2,3,-2,0,2,0,3,3,1,5,30,2,3,5,0,0,-1,1,-1,-1,1,6,1
KR_6751899461,440,2,2,0,7,0,2,2,7,7,0,1,3,2,-1,1,2,0,1,1,0,5,7,0,4,4,-4,0,0,1,0,0,1,6,1
KR_6620963514,440,1,37,10,-4,-1,1,2,2,3,1,-1,4,5,-3,1,4,-1,0,1,0,4,-4,-4,6,2,2,0,1,-1,-1,1,-1,3,1
KR_6748826184,440,0,17,-9,-8,-3,3,6,-2,0,2,0,2,2,-2,2,4,-1,0,1,0,-9,-26,-2,4,2,4,0,0,1,1,-1,-1,4,1
KR_6761802271,420,-1,-47,7,-1,0,3,3,9,9,0,-8,1,9,-2,2,4,0,1,1,1,5,-7,-4,8,4,4,0,0,1,0,0,1,5,1
KR_6620545213,420,3,78,52,4,5,7,2,5,6,1,-2,3,5,-4,2,6,0,2,2,-1,-8,-6,-1,6,5,4,0,1,1,-1,1,-1,5,1
KR_6758610093,420,1,23,-8,-2,0,2,2,0,0,0,1,3,2,-2,5,7,-1,0,1,0,-10,-12,-1,4,3,-1,0,0,-1,1,0,1,4,1
KR_6749820034,420,-3,-63,-4,-3,0,4,4,3,5,2,-3,2,5,-1,5,6,-2,0,2,0,1,-20,-1,3,2,2,0,-1,1,0,-1,-1,4,1
KR_6739443745,420,-4,-74,-43,-1,2,4,2,-5,1,6,3,3,0,0,1,1,-1,0,1,0,-2,3,4,1,5,-6,0,0,-1,1,0,1,6,1
KR_6691793024,440,1,31,4,1,1,3,2,3,3,0,-3,3,6,-6,0,6,6,7,1,0,-11,237,-1,8,7,4,0,0,-1,-1,0,1,6,1
KR_6636488424,420,2,22,28,-5,2,2,0,1,3,2,0,1,1,-8,0,8,0,2,2,0,-6,153,-1,4,3,-23,0,0,1,1,1,1,2,1
KR_6760497413,420,3,12,23,0,0,1,1,-3,0,3,4,5,1,2,5,3,-3,0,3,0,-4,45,5,4,9,-28,0,0,-1,1,1,-1,5,1
KR_6668411490,420,8,73,-7,18,-2,3,5,4,5,1,7,7,0,4,5,1,5,5,0,0,23,5,3,4,7,2,0,2,-1,1,1,1,2,1
KR_6567380657,420,0,-12,31,6,1,2,1,0,2,2,-1,0,1,3,4,1,3,4,1,1,7,-8,-1,4,3,6,0,0,1,-1,-1,1,6,1
KR_6374274826,420,7,76,12,11,4,4,0,7,9,2,1,3,2,-3,0,3,2,3,1,0,13,0,0,0,0,2,0,1,-1,0,1,-1,5,1
KR_6670583427,420,1,-45,25,5,2,3,1,-4,1,5,6,7,1,1,1,0,0,0,0,0,-3,-11,-6,7,1,3,0,2,0,-1,1,-1,0,1
KR_6505104602,420,4,28,8,2,1,3,2,-3,1,4,-1,3,4,2,4,2,3,4,1,0,-1,385,-2,5,3,1,0,2,1,1,1,-1,5,1
KR_6722925909,420,5,40,26,8,2,2,0,6,9,3,-1,0,1,1,1,0,0,0,0,2,7,348,-5,6,1,1,0,0,1,-1,1,1,2,1
KR_6709396028,420,3,6,-1,1,0,0,0,4,5,1,-6,0,6,5,7,2,-2,1,3,-1,10,1,2,2,4,2,0,0,1,-1,0,-1,4,1
KR_6746293627,420,4,98,16,5,7,8,1,0,1,1,1,4,3,-4,0,4,1,3,2,1,-3,315,-1,4,3,2,0,0,1,1,1,1,3,1
KR_6624411982,420,-3,-7,-47,-8,-3,0,3,-1,0,1,-10,1,11,5,5,0,1,2,1,0,3,4,0,1,1,3,0,0,1,0,-1,-1,6,1
KR_6560785173,420,6,61,52,15,-2,0,2,7,7,0,1,2,1,6,6,0,3,4,1,0,22,7,3,3,6,-1,0,1,1,-1,1,1,3,1
KR_6676376767,420,3,118,-92,13,2,3,1,-1,0,1,10,11,1,1,1,0,1,2,1,0,12,154,0,1,1,-1,0,3,-1,-1,1,1,2,1
KR_5535226422,420,-2,-10,4,-7,-6,0,6,-2,1,3,-1,1,2,4,4,0,-2,0,2,0,-6,-17,-3,3,0,1,0,-2,1,-1,-1,-1,3,1
KR_6652187849,420,3,2,16,0,3,4,1,0,1,1,-5,0,5,3,3,0,-1,0,1,0,-1,-1,1,2,3,1,0,1,0,0,1,1,0,1
KR_6734760409,440,1,45,8,0,2,3,1,-1,4,5,1,1,0,0,2,2,-2,0,2,0,1,-3,0,7,7,0,0,-1,-1,-1,-1,1,5,1
KR_6640178322,420,6,74,8,6,3,3,0,4,5,1,4,7,3,-4,0,4,-1,1,2,0,5,7,0,5,5,2,0,1,1,1,1,1,1,1
KR_6741152656,420,6,43,-20,15,1,4,3,14,15,1,2,4,2,-1,0,1,-1,1,2,0,5,-3,0,1,1,3,0,1,1,-1,1,-1,4,1
KR_6722701517,420,5,32,40,4,-2,1,3,0,3,3,-2,1,3,5,5,0,3,3,0,0,11,8,3,2,5,-2,0,1,1,-1,1,1,3,1
KR_6722679168,420,1,23,-12,11,0,2,2,-2,1,3,7,8,1,4,5,1,2,3,1,1,10,118,2,1,3,1,0,0,1,-1,0,1,3,1
KR_6762374730,420,-3,-24,3,-12,1,4,3,-9,0,9,0,2,2,-3,0,3,-1,0,1,0,-13,-4,-1,2,1,1,0,-1,1,0,1,1,4,1
KR_6736106564,420,2,87,-4,7,-2,1,3,3,5,2,5,5,0,0,2,2,1,2,1,0,13,-7,0,5,5,0,0,-1,1,1,-1,1,3,1
KR_6762288385,420,9,74,27,26,5,5,0,1,1,0,6,7,1,10,11,1,4,7,3,0,19,16,3,1,4,-2,0,7,1,1,1,1,5,1
KR_6650369592,420,-1,-41,27,3,0,3,3,4,4,0,2,2,0,-3,4,7,0,1,1,0,7,-22,4,2,6,1,0,0,1,1,1,1,4,1
KR_6734869990,420,4,36,-8,7,3,3,0,1,2,1,0,2,2,-3,2,5,6,7,1,-1,1,11,2,1,3,-6,0,1,1,-1,1,-1,2,1
KR_6746398030,420,2,0,3,2,-2,1,3,1,1,0,-1,1,2,0,4,4,4,4,0,0,7,-4,-1,2,1,-2,0,-1,1,-1,-1,-1,1,1
KR_6673355620,420,3,14,16,8,-3,2,5,3,5,2,4,7,3,3,6,3,1,3,2,1,11,-5,1,1,2,3,0,2,1,1,1,1,1,1
KR_6742475292,420,3,10,16,9,8,9,1,2,5,3,1,5,4,-2,1,3,0,2,2,0,7,-6,1,1,2,1,0,4,1,1,1,1,6,1
KR_6750093061,440,2,57,-16,1,2,2,0,4,5,1,-2,4,6,-1,0,1,-2,0,2,0,-2,-8,0,4,4,-1,0,0,1,-1,0,1,3,1
KR_6718731028,420,5,19,7,7,-3,3,6,2,2,0,1,4,3,7,7,0,0,0,0,0,6,35,4,0,4,-3,0,1,1,-1,1,-1,1,1
KR_6751598244,420,1,-30,-4,3,0,1,1,2,3,1,1,3,2,0,4,4,0,3,3,1,5,49,2,2,4,-11,0,-2,-1,1,-1,1,6,1
KR_6759360510,420,5,12,16,9,5,5,0,3,5,2,5,5,0,-4,2,6,0,2,2,-1,9,-1,-3,7,4,-4,0,0,1,1,0,-1,2,1
KR_6678714298,440,1,-43,13,5,3,4,1,-1,1,2,-2,1,3,3,4,1,2,3,1,1,2,191,-1,5,4,-11,0,2,1,0,1,1,2,1
KR_6760403021,420,8,75,11,11,3,3,0,5,5,0,1,2,1,1,2,1,1,2,1,0,6,7,0,3,3,6,0,1,1,0,1,1,5,1
KR_6726354960,420,-4,-120,-19,-5,-3,1,4,0,3,3,-3,1,4,2,5,3,-1,1,2,0,1,0,0,4,4,3,0,-1,1,0,-1,-1,5,1
KR_6508151367,420,-1,-60,-4,-4,-2,1,3,-9,1,10,4,5,1,2,3,1,1,2,1,0,8,-179,-3,6,3,-3,0,-1,1,-1,-1,1,1,1
KR_5797444704,420,-2,-13,8,-6,2,3,1,1,4,3,-2,0,2,-5,0,5,-2,1,3,0,-10,-2,-2,6,4,-3,0,1,1,1,1,-1,4,1
KR_6668991480,420,0,-3,-8,-1,0,1,1,2,3,1,1,4,3,-3,0,3,-1,0,1,2,3,-7,-7,8,1,1,0,-1,-1,-1,-1,1,5,1
KR_6612585861,420,3,84,-4,6,0,5,5,1,6,5,1,2,1,0,1,1,4,7,3,1,3,393,-5,6,1,7,0,1,1,0,-1,1,2,1
KR_6534532464,420,1,28,-12,6,0,1,1,-1,3,4,4,6,2,2,4,2,1,3,2,0,3,13,1,3,4,2,0,1,1,-1,1,1,6,1
KR_6700016032,440,1,17,-20,-1,2,3,1,1,1,0,-3,3,6,0,2,2,-1,1,2,0,-3,2,2,1,3,0,0,-1,0,-1,-1,1,0,1
KR_6758888679,420,7,110,37,3,5,5,0,1,1,0,2,2,0,-6,2,8,1,2,1,0,6,-17,0,4,4,0,0,1,-1,1,1,1,3,1
KR_6063955320,420,-4,-12,-16,-6,2,2,0,-2,1,3,-7,1,8,2,3,1,-1,0,1,0,-9,9,1,1,2,-4,0,-1,0,0,-1,1,0,1
KR_6595954962,420,3,27,11,3,0,1,1,2,4,2,-3,1,4,4,5,1,0,1,1,0,8,1,0,4,4,4,0,0,1,-1,1,1,6,1
KR_6330761622,420,4,5,-10,10,2,3,1,-1,2,3,3,7,4,6,6,0,0,0,0,0,9,4,-1,4,3,-2,0,1,-1,1,1,1,2,1
KR_6660837065,420,1,-8,7,9,0,0,0,8,8,0,1,3,2,1,3,2,-1,1,2,0,10,219,2,2,4,3,0,-1,-1,0,-1,1,1,1
KR_6683182393,440,5,72,11,11,1,1,0,1,3,2,1,2,1,8,8,0,0,1,1,0,1,9,0,2,2,-1,0,3,1,1,1,1,1,1
KR_6257096722,440,3,-10,24,2,3,4,1,-3,1,4,5,5,0,-1,3,4,-2,2,4,0,-2,6,2,4,6,-1,0,-2,1,1,-1,-1,5,1
KR_6601907444,420,3,-9,20,7,0,1,1,3,3,0,0,3,3,4,4,0,0,1,1,0,9,32,1,1,2,2,0,-1,1,-1,-1,1,5,1
KR_6567922561,420,5,55,14,16,3,3,0,5,7,2,1,3,2,5,6,1,2,3,1,2,17,428,-3,4,1,-10,0,2,1,1,1,1,3,1
KR_6758241050,440,3,71,21,8,-2,2,4,5,5,0,2,2,0,1,4,3,2,2,0,0,7,-2,-1,7,6,3,0,0,1,1,1,1,6,1
KR_6727668838,420,3,-47,-4,1,-5,1,6,1,3,2,-3,3,6,6,6,0,2,3,1,0,17,3,0,3,3,3,0,1,-1,-1,1,1,1,1
KR_6473348141,420,1,2,24,-1,2,5,3,-1,2,3,2,3,1,-3,2,5,-1,1,2,-2,-10,2,1,3,4,0,0,0,-1,1,0,-1,1,1
KR_6761574099,420,4,-28,24,11,1,1,0,4,4,0,4,5,1,1,1,0,1,1,0,0,12,1,5,2,7,-5,0,1,1,1,1,1,4,1
KR_6737799647,420,2,58,5,12,0,2,2,6,7,1,2,2,0,2,3,1,2,2,0,3,7,3,-2,3,1,6,0,0,0,-1,0,1,0,1
KR_6723268421,420,0,-18,-14,4,4,4,0,-1,1,2,1,1,0,0,4,4,0,1,1,0,-4,-9,2,5,7,-1,0,1,-1,1,1,1,1,1
KR_6608457303,420,2,44,12,1,2,3,1,0,2,2,1,4,3,-2,2,4,0,1,1,-2,-9,4,1,2,3,4,0,0,0,0,1,-1,0,1
KR_6752194843,420,2,-9,4,4,2,2,0,2,3,1,-2,1,3,-2,1,3,4,5,1,0,10,15,-1,7,6,5,0,0,0,1,0,-1,0,1
KR_6724627012,420,4,39,16,6,2,3,1,6,8,2,0,3,3,-1,2,3,-1,1,2,0,3,-3,1,2,3,-1,0,0,1,-1,0,-1,5,1
KR_6679105931,420,-2,-23,-26,-7,-7,0,7,1,3,2,-4,0,4,5,5,0,-2,1,3,0,-1,-3,0,4,4,-1,0,-1,-1,-1,-1,-1,6,1
KR_6756291100,420,-3,60,-20,-5,5,5,0,-7,1,8,-5,3,8,1,3,2,1,1,0,3,-1,-16,0,2,2,1,0,1,1,-1,1,1,4,1
KR_6660609877,420,-3,-50,16,-4,4,5,1,-2,0,2,-2,3,5,0,1,1,-4,2,6,-1,-2,-13,2,0,2,-1,0,0,1,-1,1,-1,4,1
KR_6745753550,420,1,27,8,2,-1,0,1,0,7,7,1,1,0,4,4,0,-2,1,3,1,2,9,0,4,4,1,0,0,1,-1,0,1,2,1
KR_6622877309,440,4,91,16,14,1,2,1,5,5,0,4,6,2,6,6,0,-2,1,3,1,13,-4,-1,3,2,-1,0,1,-1,0,1,1,4,1
KR_6696873058,420,-1,-2,-19,-1,-4,3,7,-1,1,2,1,2,1,2,3,1,1,1,0,0,6,-6,2,2,4,-2,0,-1,-1,-1,-1,-1,2,1
KR_6762670718,420,-2,-62,-10,-5,-1,0,1,-1,6,7,-3,1,4,2,2,0,-2,3,5,0,-1,9,1,1,2,2,0,-1,1,-1,-1,1,2,1
KR_6759185229,420,3,21,40,0,-2,0,2,5,5,0,-5,1,6,2,4,2,0,1,1,0,0,-16,-2,4,2,3,0,-1,1,-1,-1,-1,4,1
KR_6582212940,420,1,148,-43,11,3,4,1,0,1,1,0,5,5,0,3,3,8,9,1,1,10,-2,-1,3,2,1,0,0,1,1,1,1,3,1
KR_6743358798,420,-1,-33,8,5,0,3,3,0,1,1,4,5,1,1,4,3,0,1,1,0,6,-4,-5,5,0,2,0,0,-1,1,-1,1,3,1
KR_6762896340,420,3,-17,40,3,2,2,0,3,4,1,-2,3,5,1,4,3,-1,0,1,0,7,4,2,0,2,-4,0,1,1,1,-1,-1,2,1
KR_6583652618,420,5,32,45,2,1,2,1,-3,2,5,4,4,0,1,3,2,-1,1,2,0,5,8,-1,1,0,1,0,-2,1,-1,-1,1,6,1
KR_6759515402,420,0,33,0,7,-1,0,1,1,2,1,2,8,6,3,4,1,2,3,1,0,8,94,1,3,4,6,0,1,0,0,1,1,0,1
KR_6646354512,420,1,129,-3,-1,3,4,1,1,3,2,-8,1,9,3,3,0,0,0,0,0,1,-10,-5,5,0,1,0,0,1,-1,0,1,2,1
KR_6665813173,420,-2,-38,2,-2,-2,1,3,1,3,2,0,0,0,0,3,3,-1,0,1,0,-5,-9,-4,5,1,4,0,0,0,0,1,-1,0,1
KR_6647562354,440,-1,45,11,4,-1,0,1,-1,2,3,-3,3,6,6,6,0,3,3,0,0,11,14,5,0,5,-2,0,-1,1,-1,-1,1,1,1
KR_6586110484,420,1,-43,4,11,0,2,2,5,5,0,3,6,3,4,5,1,-1,1,2,0,18,-5,1,1,2,-3,0,1,1,1,1,1,6,1
KR_6759727870,440,-2,31,-7,-2,-4,1,5,-1,0,1,2,4,2,2,3,1,-1,1,2,-1,-3,167,-3,4,1,-5,0,0,1,0,-1,-1,5,1
KR_6581399277,420,3,23,62,4,-2,0,2,1,2,1,5,8,3,1,1,0,-1,0,1,0,-2,33,0,3,3,2,0,1,1,1,1,-1,5,1
KR_6529239802,420,1,42,17,3,-2,1,3,1,1,0,6,6,0,0,2,2,-2,1,3,-1,0,30,1,2,3,5,0,1,0,0,1,-1,0,1
KR_6736454221,440,5,52,24,9,1,4,3,-2,0,2,4,5,1,4,4,0,2,2,0,0,7,-1,-2,2,0,-1,0,1,1,1,1,1,5,1
KR_6703442026,420,5,50,8,6,6,8,2,2,2,0,2,2,0,-5,3,8,1,2,1,0,6,-5,0,0,0,0,0,4,1,0,1,1,6,1
KR_6647269865,440,-1,-59,6,-1,-3,1,4,5,5,0,1,2,1,-4,1,5,0,0,0,0,3,-2,1,6,7,-2,0,-1,-1,-1,-1,-1,6,1
KR_6763771529,420,-2,-84,-4,0,0,3,3,-2,1,3,1,3,2,2,7,5,-1,0,1,0,4,-3,-4,8,4,1,0,1,1,-1,1,1,4,1
KR_6508554390,420,1,81,30,3,-2,1,3,5,7,2,-1,3,4,-1,2,3,2,5,3,1,0,-169,-1,4,3,4,0,1,1,1,1,1,5,1
KR_6678788304,440,3,37,11,12,0,2,2,2,4,2,2,3,1,2,3,1,6,7,1,2,16,5,2,3,5,2,0,1,1,-1,1,1,1,1
KR_6728289813,420,6,109,33,24,3,4,1,2,2,0,5,5,0,13,15,2,1,2,1,1,20,-161,-3,6,3,-1,0,1,1,1,1,1,4,1
KR_6738120689,420,1,4,-7,-6,-5,1,6,-3,1,4,0,2,2,1,5,4,1,1,0,0,-1,-1,0,2,2,2,0,-1,1,1,1,-1,1,1
KR_6715337712,440,4,6,16,6,1,3,2,-1,2,3,2,4,2,4,4,0,0,0,0,0,5,-21,-2,4,2,7,0,-1,1,-1,-1,-1,1,1
KR_6762581122,420,-4,-21,-13,-6,-2,1,3,5,5,0,-2,1,3,-5,2,7,-2,0,2,0,-7,0,-1,3,2,0,0,0,1,-1,1,1,6,1
KR_6740942855,420,5,74,8,4,0,3,3,-5,5,10,4,7,3,2,3,1,3,5,2,0,12,368,2,1,3,-10,0,2,0,-1,1,1,0,1
KR_6759462022,420,3,28,-6,10,4,4,0,2,5,3,0,2,2,4,5,1,0,2,2,0,2,-2,-3,5,2,3,0,0,1,0,0,1,2,1
KR_6679052503,420,-2,-3,-24,2,-4,0,4,1,2,1,5,5,0,-2,0,2,2,2,0,0,3,0,2,5,7,1,0,0,-1,0,0,-1,2,1
KR_6627686387,420,1,14,9,2,1,1,0,-3,1,4,-3,0,3,4,4,0,3,3,0,0,7,22,-1,2,1,-3,0,0,1,0,0,1,2,1
KR_6421130766,420,2,-5,-11,13,-2,1,3,-1,1,2,4,4,0,9,10,1,3,3,0,0,18,32,0,5,5,-8,0,1,1,-1,1,1,4,1
KR_6747299566,420,2,-5,-24,9,3,5,2,1,1,0,7,8,1,-2,0,2,0,0,0,0,-1,-6,0,1,1,-1,0,-2,1,0,-1,1,4,1
KR_6747826274,420,5,124,-12,10,3,4,1,4,4,0,0,2,2,1,2,1,2,2,0,0,7,-4,2,1,3,5,0,1,1,1,1,1,4,1
KR_6348137673,440,3,25,-12,7,1,3,2,5,6,1,0,1,1,3,4,1,-2,1,3,0,12,13,0,4,4,1,0,0,-1,1,0,1,2,1
KR_6718039043,420,-1,29,8,3,5,5,0,-2,1,3,2,3,1,-1,4,5,-1,2,3,0,0,8,-4,6,2,-1,0,0,0,1,0,-1,0,1
KR_6751465018,420,5,26,20,9,1,3,2,5,5,0,4,4,0,-1,0,1,0,1,1,0,5,-137,4,2,6,0,0,4,1,1,1,1,2,1
KR_6718318703,440,2,-22,32,5,-2,0,2,3,5,2,2,6,4,1,4,3,1,2,1,3,13,-297,-1,4,3,1,0,0,0,0,-1,1,0,1
KR_6743587500,420,0,-49,-24,0,-1,2,3,0,2,2,2,2,0,0,0,0,-1,0,1,0,0,3,6,0,6,-2,0,0,1,0,0,1,3,1
KR_6611517191,420,-2,-30,-16,4,-1,1,2,1,2,1,1,4,3,3,5,2,0,2,2,2,11,9,2,0,2,-1,0,0,1,0,1,1,6,1
KR_6504376376,420,2,26,4,12,5,5,0,3,4,1,-3,1,4,8,8,0,-1,2,3,0,8,144,4,2,6,-3,0,2,1,1,1,1,5,1
KR_6705861844,420,2,45,-16,9,3,3,0,5,8,3,0,4,4,3,5,2,-2,2,4,0,5,43,0,4,4,-23,0,1,0,0,1,1,0,1
KR_6508125591,420,-3,-55,-20,-1,-2,3,5,0,3,3,2,3,1,0,1,1,-1,0,1,0,5,20,-2,4,2,-1,0,-1,-1,-1,-1,1,2,1
KR_6694709500,420,2,57,8,1,-1,1,2,-4,2,6,-2,5,7,4,4,0,4,5,1,0,5,5,-3,5,2,0,0,1,-1,0,1,-1,2,1
KR_6741237059,440,5,20,3,12,7,8,1,1,2,1,-4,0,4,7,7,0,1,1,0,0,15,53,-2,3,1,-6,0,2,1,1,1,1,6,1
KR_6584126978,420,0,-83,5,0,0,2,2,1,3,2,1,3,2,-2,1,3,0,1,1,0,5,-40,4,1,5,28,0,0,0,0,0,-1,0,1
KR_6105853598,420,-3,-49,-13,1,-2,0,2,3,7,4,-2,0,2,2,3,1,0,0,0,0,3,-7,-5,8,3,0,0,0,-1,1,0,1,4,1
KR_6432959589,420,6,43,9,11,-2,2,4,-3,1,4,10,10,0,7,8,1,-1,1,2,0,8,11,3,2,5,0,0,2,1,1,1,1,6,1
KR_6763772651,420,1,-2,16,-2,4,4,0,1,2,1,0,1,1,-1,1,2,-6,0,6,0,0,1,1,1,2,-2,0,-1,-1,1,1,1,4,1
KR_6701896318,420,-1,-22,-12,-5,-2,0,2,-7,0,7,-3,1,4,9,9,0,-2,1,3,0,-3,-285,2,0,2,1,0,0,0,1,-1,1,0,1
KR_6646123919,420,4,41,-4,13,3,3,0,0,2,2,5,5,0,2,4,2,3,3,0,0,12,-98,0,1,1,-2,0,2,-1,-1,1,1,4,1
KR_6526310002,420,3,32,14,3,5,5,0,4,4,0,-4,0,4,-1,6,7,-1,2,3,0,6,-41,1,3,4,20,0,2,1,1,1,1,5,1
KR_6664480582,420,2,22,6,13,8,8,0,2,2,0,1,4,3,3,3,0,-1,1,2,0,9,16,4,2,6,-1,0,0,1,1,1,1,1,1
KR_6720060987,420,3,95,10,4,0,1,1,0,4,4,-1,5,6,5,5,0,0,0,0,0,3,5,1,1,2,-1,0,4,1,1,1,1,5,1
KR_6754386867,420,5,-52,5,8,-1,1,2,3,5,2,3,4,1,2,2,0,1,3,2,0,8,-425,3,1,4,25,0,0,-1,-1,1,-1,6,1
KR_6751796521,420,-2,-67,-20,-1,0,1,1,0,2,2,-2,3,5,4,5,1,-3,1,4,0,-3,-417,-4,4,0,0,0,-1,-1,1,-1,-1,2,1
KR_6724933732,420,2,5,-23,10,2,3,1,3,4,1,3,6,3,0,3,3,2,3,1,0,7,8,2,1,3,3,0,2,0,0,1,1,0,1
KR_6720099499,420,-3,-44,-36,-4,1,1,0,1,2,1,-1,1,2,-3,1,4,-2,1,3,0,-4,-22,-2,4,2,4,0,-2,0,1,-1,-1,0,1
KR_6749046802,420,4,39,-9,8,-1,0,1,0,0,0,-2,3,5,8,8,0,3,3,0,0,4,-3,3,2,5,0,0,2,-1,1,1,1,3,1
KR_6734609342,420,-1,44,-2,-4,1,4,3,-1,3,4,-5,4,9,-1,1,2,2,3,1,1,3,2,-3,6,3,1,0,-1,0,-1,-1,1,0,1
KR_6621386243,420,2,44,-1,14,4,6,2,1,2,1,2,4,2,7,7,0,0,1,1,2,13,-83,-1,4,3,3,0,1,1,1,1,1,3,1
KR_6709987250,420,4,18,-2,9,-2,0,2,-1,3,4,10,10,0,4,5,1,-2,0,2,0,0,-5,1,3,4,2,0,1,0,1,1,-1,0,1
KR_6694776666,420,5,52,4,12,2,3,1,7,9,2,4,6,2,0,2,2,-1,1,2,-1,6,7,5,0,5,-2,0,1,0,1,1,-1,0,1
KR_6722838773,420,1,41,8,6,-1,2,3,-2,2,4,3,5,2,5,6,1,1,1,0,0,5,-4,-1,4,3,5,0,-1,1,-1,-1,1,1,1
KR_5968002782,420,1,-3,8,4,-3,0,3,2,6,4,-1,2,3,4,4,0,2,2,0,0,9,11,0,2,2,1,0,-1,0,-1,1,-1,0,1
KR_6461700907,420,-2,-56,17,-7,-2,5,7,-5,2,7,4,4,0,-5,0,5,1,2,1,0,0,20,2,4,6,-9,0,0,1,1,0,-1,1,1
KR_6692843600,420,0,-25,21,10,-3,1,4,1,3,2,8,9,1,4,4,0,0,1,1,0,16,147,-2,5,3,4,0,2,1,1,1,1,4,1
KR_6704877396,420,2,56,-34,11,1,2,1,-1,1,2,6,7,1,3,7,4,2,2,0,0,7,17,3,1,4,-4,0,3,0,-1,1,1,0,1
KR_6667897218,420,-1,-31,-32,1,-1,0,1,2,3,1,0,4,4,2,3,1,-2,0,2,0,8,5,2,2,4,0,0,-1,-1,1,-1,-1,2,1
KR_6595277018,420,1,-18,28,4,0,2,2,1,1,0,0,0,0,2,2,0,1,2,1,0,6,-206,2,1,3,2,0,0,1,1,0,1,6,1
KR_6763297301,420,0,-75,8,0,4,6,2,-3,0,3,0,2,2,-3,1,4,2,2,0,0,-3,434,-1,2,1,15,0,0,-1,1,-1,1,2,1
KR_6097363988,420,6,32,17,12,-1,3,4,6,6,0,2,4,2,1,2,1,4,4,0,0,20,3,3,2,5,2,0,2,1,0,1,1,5,1
KR_6763199523,420,-1,80,28,-4,0,3,3,-1,4,5,-4,2,6,2,4,2,-1,2,3,-1,1,38,0,2,2,-24,0,0,-1,-1,1,-1,5,1
KR_6762877157,440,0,-13,-20,5,-4,1,5,1,2,1,0,4,4,6,6,0,2,2,0,0,12,13,11,0,11,-5,0,0,0,-1,0,1,0,1
KR_6724841286,440,-2,-29,-4,-1,2,2,0,-1,2,3,2,2,0,-2,0,2,-2,0,2,0,0,22,4,3,7,2,0,-1,1,0,1,1,2,1
KR_6760100590,420,0,25,8,-2,-2,2,4,1,1,0,-2,2,4,0,1,1,1,3,2,0,1,-188,-2,4,2,0,0,1,-1,1,1,-1,4,1
KR_6744825070,440,2,39,-6,0,1,3,2,0,2,2,-2,1,3,-1,1,2,2,2,0,0,3,-58,-2,3,1,16,0,0,0,-1,-1,-1,0,1
KR_6742793012,440,1,64,16,-5,5,5,0,1,3,2,0,1,1,-9,1,10,-2,0,2,0,-11,39,2,2,4,-36,0,0,1,0,0,-1,3,1
KR_6620446966,420,1,-19,-2,8,-1,1,2,1,3,2,5,6,1,3,7,4,0,1,1,0,3,2,5,1,6,4,0,1,1,1,1,-1,3,1
KR_6548349046,420,1,-2,-2,5,-1,1,2,2,3,1,-4,1,5,3,4,1,5,5,0,0,7,14,3,2,5,2,0,1,1,-1,1,-1,1,1
KR_6733617473,420,5,52,-4,5,-1,2,3,-1,3,4,2,4,2,5,5,0,0,1,1,1,11,9,4,1,5,0,0,1,0,-1,1,1,0,1
KR_6658603226,420,-6,-23,-60,-15,-8,0,8,-4,1,5,2,5,3,-3,1,4,-2,0,2,0,-8,3,2,3,5,-1,0,-2,-1,-1,-1,1,4,1
KR_6444984951,420,-1,34,0,-6,-1,1,2,-1,1,2,-2,4,6,-1,1,2,-1,1,2,0,-9,-8,-4,8,4,1,0,0,-1,0,0,-1,2,1
KR_6684067126,420,2,-2,16,7,0,1,1,2,5,3,2,3,1,3,5,2,0,2,2,1,1,10,1,2,3,-5,0,1,1,1,1,1,1,1
KR_6759277052,420,0,79,-12,11,0,2,2,3,4,1,1,3,2,6,6,0,1,3,2,1,13,7,3,2,5,5,0,0,1,1,1,1,5,1
KR_6320797892,420,0,-2,18,1,5,5,0,2,6,4,-1,0,1,-4,0,4,-1,0,1,0,-4,-8,-4,6,2,0,0,1,-1,1,1,-1,5,1
KR_6709251365,420,0,-32,-24,4,6,6,0,0,2,2,1,3,2,0,2,2,-3,0,3,0,2,2,1,3,4,-1,0,1,-1,1,1,-1,3,1
KR_6673690056,420,0,111,8,-2,2,2,0,-2,0,2,-1,1,2,-1,0,1,0,0,0,0,-4,38,-1,5,4,-20,0,1,-1,1,1,-1,6,1
KR_6729223007,440,1,-35,-8,2,0,0,0,1,4,3,-1,1,2,-2,1,3,4,6,2,0,0,-3,2,6,8,1,0,0,1,1,0,-1,4,1
KR_6655331325,420,3,76,-4,-2,-1,1,2,0,1,1,-4,0,4,3,6,3,0,0,0,-3,-7,1,-2,6,4,-3,0,2,1,-1,1,-1,3,1
KR_6759354931,420,0,37,5,-8,-4,0,4,-1,5,6,-3,2,5,0,2,2,0,0,0,0,-8,9,6,0,6,-2,0,0,-1,0,0,1,3,1
KR_6130510565,420,2,-34,16,6,0,2,2,6,7,1,-2,3,5,1,1,0,1,1,0,0,6,-172,-3,5,2,-3,0,1,-1,1,1,1,5,1
KR_6649109394,420,1,1,0,3,2,4,2,-3,1,4,0,1,1,2,2,0,2,2,0,0,7,-2,-1,3,2,2,0,0,1,-1,1,1,5,1
KR_6740052901,420,3,35,30,10,6,7,1,2,5,3,2,4,2,1,4,3,-1,2,3,0,-1,-137,4,1,5,0,0,4,1,1,1,1,1,1
KR_6707115660,420,1,73,-15,3,6,7,1,2,3,1,-2,1,3,-2,0,2,-1,1,2,0,1,-7,1,3,4,4,0,0,1,0,1,1,5,1
KR_6731863088,420,0,-18,-18,-2,1,2,1,0,0,0,0,1,1,0,2,2,-3,2,5,-1,-3,-3,0,3,3,-4,0,0,-1,1,0,-1,2,1
KR_6654239891,420,-2,17,-24,5,0,3,3,-1,0,1,-1,2,3,5,5,0,2,3,1,0,4,11,2,1,3,-1,0,0,1,1,0,1,6,1
KR_6732772305,440,4,26,0,11,0,1,1,5,7,2,3,4,1,3,3,0,0,1,1,0,14,32,5,3,8,1,0,0,1,1,0,1,2,1
KR_6760696898,440,-1,-60,0,-4,-2,1,3,-4,0,4,-2,2,4,-1,2,3,5,6,1,0,-1,0,-1,4,3,1,0,0,0,0,0,-1,0,1
KR_6738588035,420,2,55,-3,3,2,3,1,0,4,4,1,4,3,2,3,1,-2,0,2,0,-8,47,1,0,1,-18,0,2,1,0,1,1,5,1
KR_6760335757,420,3,60,-1,16,6,6,0,-3,2,5,1,2,1,8,8,0,4,4,0,1,14,-31,-1,2,1,12,0,2,1,1,1,1,5,1
KR_6757367292,440,4,59,12,13,3,4,1,5,7,2,-1,1,2,5,6,1,1,3,2,0,16,-14,0,4,4,2,0,0,1,-1,0,-1,4,1
KR_6672177681,420,2,51,4,7,4,5,1,3,6,3,1,1,0,-3,0,3,2,2,0,0,11,-38,-1,4,3,30,0,2,1,-1,1,-1,6,1
KR_6604385543,420,3,68,8,4,2,2,0,-2,0,2,0,0,0,2,3,1,2,4,2,0,2,2,3,5,8,3,0,0,1,1,0,-1,5,1
KR_6710771704,420,2,103,-7,5,1,1,0,2,3,1,-3,1,4,4,5,1,1,2,1,0,3,323,0,2,2,1,0,1,1,1,1,-1,4,1
KR_6749427299,420,1,24,-3,8,3,6,3,-1,1,2,2,2,0,-3,2,5,7,7,0,0,-2,38,1,0,1,-12,0,2,1,1,1,-1,5,1
KR_6629127263,440,-1,28,4,-5,2,2,0,-1,2,3,-2,0,2,0,1,1,-4,2,6,-2,0,0,0,4,4,1,0,0,-1,0,0,-1,1,1
KR_6680749323,420,-2,-2,0,-6,-2,2,4,5,7,2,-7,2,9,-1,0,1,-1,0,1,-2,-5,1,2,4,6,1,0,-3,1,-1,-1,-1,4,1
KR_6696142448,420,4,68,-8,8,1,2,1,3,5,2,3,4,1,2,2,0,-1,0,1,1,5,6,-1,5,4,1,0,0,1,0,0,1,3,1
KR_6733758960,420,-2,11,-39,0,-2,0,2,-3,1,4,0,0,0,5,5,0,0,1,1,0,3,-8,-1,7,6,5,0,0,1,-1,0,1,3,1
KR_6596092277,420,0,-31,7,0,-1,0,1,2,7,5,2,5,3,-3,1,4,0,1,1,0,-7,0,0,3,3,-1,0,1,-1,1,1,-1,5,1
KR_6650180283,420,3,68,16,7,0,1,1,0,2,2,3,3,0,0,3,3,4,4,0,0,9,44,1,5,6,-9,0,1,1,0,1,1,6,1
KR_6713755820,440,-1,-50,-16,1,0,5,5,3,3,0,-3,0,3,-2,4,6,3,4,1,0,6,3,0,5,5,2,0,0,-1,1,-1,1,3,1
KR_6731965638,420,5,95,0,16,-2,2,4,1,3,2,9,11,2,6,6,0,2,2,0,0,11,-4,-4,4,0,5,0,4,1,1,1,1,6,1
KR_6695182415,420,1,73,1,1,1,3,2,3,3,0,-5,2,7,0,0,0,2,2,0,0,-2,4,2,5,7,1,0,1,1,1,1,-1,2,1
KR_6500006732,420,4,53,-1,4,0,1,1,-3,1,4,5,5,0,4,4,0,-2,0,2,0,0,35,5,1,6,-24,0,0,1,-1,0,1,5,1
KR_6711979476,420,-1,-2,7,-6,0,2,2,-3,0,3,5,7,2,-1,0,1,-7,1,8,-1,-3,476,1,1,2,-1,0,1,1,1,1,-1,3,1
KR_6588512093,420,-1,3,17,-4,0,2,2,-1,1,2,-1,1,2,-2,0,2,0,0,0,0,-10,-16,-1,4,3,2,0,1,1,-1,1,1,5,1
KR_6596347402,440,0,-39,8,2,0,1,1,-1,2,3,-2,1,3,4,5,1,1,2,1,0,-2,3,1,5,6,5,0,0,1,1,0,1,4,1
KR_6682439150,420,5,64,42,8,3,4,1,2,4,2,3,4,1,-1,2,3,1,2,1,0,3,6,0,2,2,1,0,1,1,-1,1,-1,6,1
KR_6650690870,420,1,24,22,6,-1,1,2,3,4,1,1,3,2,3,5,2,0,1,1,0,-3,19,8,1,9,-27,0,0,1,1,1,1,5,1
KR_6695499703,420,-2,5,-29,-1,2,3,1,0,4,4,2,5,3,-1,0,1,-4,0,4,-1,-3,-7,-2,4,2,5,0,-1,1,-1,-1,-1,4,1
KR_6613560656,440,-2,10,-8,-4,3,4,1,-3,1,4,0,1,1,0,4,4,-4,0,4,0,-8,97,-3,6,3,1,0,1,-1,1,1,-1,4,1
KR_6653285548,420,-3,-28,-36,-2,2,3,1,0,3,3,-3,0,3,4,4,0,-5,0,5,0,-1,-67,1,4,5,31,0,1,-1,-1,1,-1,6,1
KR_6720446357,420,0,25,-28,2,10,11,1,0,0,0,-7,0,7,-1,3,4,0,1,1,0,-3,1,0,2,2,4,0,1,1,-1,1,1,3,1
KR_6679201984,440,0,58,4,10,5,6,1,0,2,2,5,5,0,0,8,8,0,2,2,1,7,4,4,1,5,-2,0,2,-1,1,1,1,6,1
KR_6552812376,420,7,106,23,13,2,4,2,4,4,0,3,4,1,2,2,0,2,2,0,0,9,9,-2,4,2,3,0,1,1,1,1,1,6,1
KR_6105814144,420,0,15,-16,4,1,3,2,3,5,2,-3,1,4,2,3,1,1,2,1,0,3,7,-3,5,2,-2,0,1,-1,1,1,1,2,1
KR_6647697772,420,1,26,6,-4,0,0,0,-4,2,6,2,2,0,-2,2,4,0,1,1,0,-8,172,-1,4,3,4,0,1,1,-1,1,1,2,1
KR_6252279616,420,-1,40,0,1,-2,0,2,4,6,2,-2,1,3,-2,0,2,3,3,0,0,3,21,2,1,3,1,0,0,1,0,0,1,3,1
KR_6654392511,420,2,-3,-16,5,-1,3,4,0,2,2,2,2,0,3,6,3,1,1,0,0,7,6,5,4,9,0,0,-1,1,1,-1,1,3,1
KR_6738451201,420,0,28,7,-13,-3,0,3,-1,3,4,-1,1,2,-7,2,9,-1,1,2,-1,-22,15,-2,2,0,2,0,1,0,0,1,-1,0,1
KR_6733646560,420,-3,-2,-18,-2,4,5,1,0,4,4,-4,0,4,0,1,1,-2,0,2,0,0,7,4,1,5,2,0,-1,1,1,-1,1,6,1
KR_6754314951,420,6,112,32,17,3,5,2,-1,0,1,1,3,2,12,12,0,2,2,0,0,13,13,-1,3,2,-1,0,3,1,1,1,1,3,1
KR_6760328218,440,-3,-87,-32,4,4,5,1,2,6,4,-2,4,6,0,3,3,0,0,0,1,10,13,0,4,4,0,0,1,0,0,1,1,0,1
KR_6761637745,420,-2,34,0,-4,-2,3,5,0,1,1,4,6,2,-4,3,7,-2,3,5,0,-4,35,-4,6,2,-19,0,-1,-1,1,-1,-1,4,1
KR_6756161817,420,-2,-12,7,-6,-3,2,5,1,4,3,-1,0,1,3,4,1,-6,2,8,-3,-5,-46,3,2,5,13,0,-1,1,0,-1,-1,4,1
KR_6756510191,440,0,62,-4,2,1,1,0,-7,1,8,2,4,2,3,5,2,3,3,0,0,6,6,2,3,5,0,0,3,-1,1,1,1,5,1
KR_6681684572,440,4,37,20,9,4,5,1,4,6,2,2,2,0,-1,0,1,0,0,0,0,2,-22,0,4,4,-4,0,1,1,1,1,1,5,1
KR_6195404840,420,4,24,12,14,0,2,2,0,1,1,4,5,1,5,5,0,5,6,1,0,15,7,4,3,7,-4,0,3,1,1,1,1,1,1
KR_6655377405,420,6,80,4,9,2,4,2,5,5,0,2,2,0,0,2,2,0,1,1,0,2,46,5,1,6,-7,0,2,1,1,1,-1,2,1
KR_6670011693,420,1,-5,-12,2,-3,1,4,-2,1,3,3,7,4,3,6,3,1,2,1,0,1,-18,0,2,2,6,0,-1,1,1,-1,1,4,1
KR_6195109400,420,0,16,-1,8,2,3,1,2,3,1,3,5,2,1,2,1,0,2,2,0,11,2,1,6,7,0,0,2,1,1,1,1,2,1
KR_6347834444,420,4,108,48,9,4,4,0,4,5,1,-1,1,2,0,2,2,2,2,0,0,8,-7,0,6,6,-1,0,1,-1,1,1,1,6,1
KR_6687950781,420,5,60,20,8,-2,1,3,-1,1,2,3,7,4,4,6,2,4,5,1,1,6,5,-9,9,0,4,0,0,1,1,1,1,3,1
KR_6760645529,440,1,-19,28,1,-6,0,6,-4,0,4,1,8,7,7,8,1,3,3,0,0,8,-4,-3,4,1,4,0,0,1,0,-1,1,6,1
KR_6621932285,440,0,22,36,-2,-2,1,3,2,2,0,-3,0,3,1,2,1,0,0,0,0,4,45,1,3,4,-20,0,2,1,1,1,-1,3,1
KR_6709213726,420,-1,39,-5,2,0,3,3,2,2,0,1,3,2,-2,1,3,1,2,1,0,5,-132,-5,5,0,1,0,-1,1,-1,-1,-1,5,1
KR_6709364473,420,-1,40,0,-3,-2,1,3,0,3,3,-5,0,5,2,4,2,2,2,0,1,2,1,1,5,6,5,0,-1,1,-1,-1,1,3,1
KR_6668033289,420,2,21,56,1,-1,4,5,1,2,1,0,4,4,0,4,4,1,1,0,0,-6,-10,0,5,5,2,0,0,1,1,1,-1,6,1
KR_6700108200,420,0,46,4,0,3,3,0,0,1,1,-1,2,3,-1,1,2,-1,0,1,0,-3,2,-2,4,2,-2,0,0,-1,1,1,-1,2,1
KR_6751418364,420,4,73,9,9,3,4,1,-4,1,5,3,3,0,9,9,0,-2,0,2,0,10,-359,-1,6,5,-4,0,1,-1,0,1,-1,2,1
KR_6689332175,420,-1,2,11,6,-4,1,5,8,9,1,4,5,1,-1,0,1,-1,1,2,2,4,5,-1,2,1,0,0,1,1,-1,1,1,1,1
KR_6701080418,420,2,29,30,4,1,2,1,1,2,1,4,5,1,-1,1,2,-1,0,1,0,3,-4,3,2,5,-3,0,1,1,1,1,1,3,1
KR_6746663313,420,-1,1,4,-10,-2,1,3,-3,2,5,-7,1,8,3,3,0,-1,0,1,0,-5,262,-1,3,2,-3,0,-1,1,1,-1,-1,4,1
KR_6681505782,440,0,4,36,7,-1,1,2,3,4,1,-1,0,1,5,6,1,1,1,0,1,12,2,-1,5,4,0,0,2,-1,-1,1,1,1,1
KR_6097319988,440,0,1,0,2,1,1,0,1,4,3,-2,2,4,-1,5,6,3,4,1,0,1,21,2,1,3,-2,0,-1,0,0,-1,1,0,1
KR_6730289875,420,7,91,50,6,1,2,1,0,5,5,4,5,1,1,2,1,0,0,0,1,4,3,1,2,3,5,0,3,1,1,1,1,1,1
KR_6580695987,420,-1,26,1,6,0,2,2,4,5,1,-2,0,2,3,5,2,1,1,0,0,9,-5,-4,6,2,0,0,0,1,-1,0,1,5,1
KR_6684893946,420,6,101,9,8,1,5,4,4,5,1,4,4,0,0,2,2,-1,1,2,0,-4,113,-3,4,1,1,0,1,1,-1,1,1,4,1
KR_6496619759,420,-2,-97,0,-5,-4,1,5,-1,1,2,1,3,2,-1,1,2,0,2,2,0,0,-8,-1,2,1,3,0,-1,1,-1,-1,-1,5,1
KR_6757876517,420,5,43,17,5,5,5,0,5,7,2,-2,1,3,-1,8,9,-2,0,2,-1,0,1,0,1,1,0,0,0,0,1,1,-1,0,1
KR_6730675611,420,-3,-7,-4,-5,1,3,2,0,3,3,-4,2,6,-3,1,4,1,1,0,0,3,-13,-4,8,4,6,0,-1,1,1,-1,-1,1,1
KR_6624362119,420,4,29,22,7,-2,0,2,-1,3,4,9,10,1,0,1,1,1,1,0,0,1,67,5,0,5,-30,0,1,1,1,1,1,2,1
KR_6707320606,420,1,60,-8,1,1,2,1,-1,5,6,-3,1,4,-1,1,2,5,6,1,0,4,-5,1,3,4,3,0,1,-1,-1,1,-1,6,1
KR_6504028670,420,1,35,28,19,0,3,3,7,10,3,10,14,4,-1,0,1,3,4,1,2,14,8,5,0,5,2,0,2,-1,1,1,1,1,1
KR_6751121175,420,2,99,-20,2,-5,0,5,0,4,4,0,0,0,6,7,1,1,2,1,1,8,6,1,5,6,4,0,0,-1,1,-1,1,5,1
KR_6608512180,420,3,13,19,8,-4,0,4,1,3,2,11,11,0,0,1,1,0,0,0,0,4,44,2,2,4,-16,0,2,1,-1,1,1,3,1
KR_6620554232,420,9,158,33,14,-1,1,2,3,4,1,8,8,0,3,4,1,1,2,1,0,8,-2,-1,5,4,2,0,1,0,1,1,1,0,1
KR_6631110039,420,0,-17,0,2,1,3,2,1,3,2,1,2,1,2,3,1,-3,1,4,0,2,-7,0,2,2,1,0,0,0,0,0,-1,0,1
KR_6755959952,420,1,-3,-19,8,4,7,3,2,7,5,6,6,0,-1,2,3,-3,0,3,0,7,8,3,2,5,-2,0,0,1,0,0,1,5,1
KR_6756125014,420,-1,67,-36,-3,-1,1,2,-3,1,4,1,5,4,2,2,0,-2,1,3,0,4,53,-1,3,2,-19,0,0,0,-1,1,-1,0,1
KR_6755340827,440,-1,3,-16,1,-2,2,4,2,6,4,1,2,1,-1,3,4,1,2,1,0,-3,2,-2,3,1,-1,0,0,-1,-1,0,1,5,1
KR_6663762666,420,2,-21,34,4,0,1,1,-1,1,2,5,6,1,1,3,2,-1,0,1,0,1,3,0,3,3,0,0,0,-1,0,0,1,5,1
KR_6707587654,420,-2,-46,11,-5,0,3,3,-2,2,4,-3,1,4,0,0,0,0,0,0,0,-6,12,-6,6,0,2,0,-1,1,-1,-1,1,4,1
KR_6001965531,420,4,50,0,9,2,3,1,0,2,2,2,5,3,0,2,2,5,6,1,0,14,6,3,4,7,1,0,2,-1,1,1,1,4,1
KR_6627763940,420,5,23,25,4,3,4,1,-4,2,6,1,3,2,4,4,0,0,2,2,0,-1,-33,-1,3,2,0,0,2,1,1,1,1,1,1
KR_6693855515,420,3,-3,36,6,-1,0,1,-1,4,5,6,6,0,2,4,2,0,1,1,1,9,-9,-4,5,1,3,0,-1,1,1,-1,1,5,1
KR_6761755550,440,-1,-49,-24,7,3,4,1,-1,0,1,3,4,1,2,3,1,0,0,0,0,2,-268,0,4,4,-2,0,1,-1,-1,1,1,1,1
KR_6759467834,420,3,79,-32,17,4,5,1,9,9,0,1,3,2,2,5,3,1,2,1,0,14,5,-1,1,0,0,0,3,-1,1,1,1,2,1
KR_6721089058,420,8,122,19,14,4,7,3,2,3,1,5,8,3,1,3,2,2,2,0,0,8,361,0,3,3,3,0,2,1,1,1,-1,3,1
KR_6731842896,420,4,-32,15,6,2,2,0,3,3,0,-1,0,1,2,3,1,0,0,0,0,2,192,-1,3,2,0,0,1,-1,1,1,-1,6,1
KR_6630251103,420,3,36,-5,3,1,2,1,-1,2,3,-1,3,4,4,4,0,0,1,1,0,8,0,2,2,4,3,0,-1,-1,-1,-1,-1,3,1
KR_6675696639,440,7,-12,31,8,1,4,3,-1,4,5,9,12,3,0,1,1,-1,3,4,-1,4,55,1,2,3,-15,0,3,1,1,1,-1,5,1
KR_6227647980,420,2,12,-11,4,2,2,0,2,3,1,0,0,0,-1,1,2,1,1,0,0,2,-10,2,3,5,4,0,0,1,-1,0,1,1,1
KR_6501383154,420,1,34,-12,11,-1,1,2,1,2,1,2,3,1,8,8,0,1,1,0,0,14,-57,-2,2,0,-17,0,1,-1,0,1,1,1,1
KR_6725116502,420,1,27,20,-4,-1,3,4,1,5,4,-1,2,3,-3,0,3,0,1,1,0,0,1,0,4,4,1,0,0,0,1,0,-1,0,1
KR_6619955025,420,3,-31,21,-3,3,3,0,0,4,4,-1,2,3,-5,2,7,0,2,2,0,-14,9,4,0,4,0,0,0,1,-1,0,-1,3,1
KR_6709996847,440,0,97,21,-1,1,3,2,-3,2,5,4,6,2,-3,2,5,0,0,0,0,-3,6,6,0,6,-4,0,1,1,-1,1,-1,2,1
KR_6754988347,420,3,71,28,8,0,3,3,3,4,1,5,5,0,-3,2,5,3,3,0,0,10,-4,3,1,4,-2,0,1,1,1,1,1,3,1
KR_6756727072,420,1,-9,7,4,1,3,2,3,3,0,1,1,0,-2,2,4,1,1,0,0,4,-7,1,4,5,6,0,1,1,1,1,-1,4,1
KR_6763768431,420,1,-17,-23,10,0,1,1,4,4,0,0,2,2,0,1,1,6,7,1,1,11,-12,0,3,3,2,0,-1,-1,0,1,1,1,1
KR_6761499990,440,5,18,20,6,1,2,1,-1,3,4,6,6,0,1,3,2,-1,0,1,1,4,0,0,2,2,-1,0,1,0,-1,1,1,0,1
KR_6755135014,420,0,38,19,2,0,2,2,0,3,3,1,2,1,1,2,1,0,1,1,0,0,-44,0,3,3,22,0,0,0,1,0,-1,0,1
KR_6693746518,420,2,13,-8,10,0,0,0,0,3,3,3,5,2,3,3,0,4,4,0,0,4,143,-2,5,3,4,0,-1,1,0,-1,-1,2,1
KR_6606094984,420,4,-3,5,6,2,3,1,0,4,4,2,2,0,1,3,2,1,1,0,0,6,223,0,1,1,3,0,-1,-1,-1,-1,1,3,1
KR_6749735199,420,-1,-5,-8,-6,2,2,0,1,3,2,-7,0,7,0,0,0,-2,0,2,0,-6,-18,-1,4,3,2,0,0,-1,1,0,1,4,1
KR_6756881978,420,1,-82,40,8,-2,1,3,4,9,5,3,4,1,0,3,3,3,3,0,0,12,232,-2,6,4,-1,0,0,1,1,-1,-1,1,1
KR_6754762626,420,6,25,39,13,1,3,2,2,3,1,7,7,0,1,4,3,2,3,1,0,12,-2,0,3,3,1,0,0,1,1,1,1,4,1
KR_6413788675,420,-4,-75,-20,4,2,4,2,4,5,1,0,0,0,-2,0,2,0,0,0,0,2,145,-3,5,2,12,0,-2,-1,1,-1,-1,1,1
KR_6700283284,420,3,-7,8,9,-7,1,8,4,9,5,3,5,2,6,6,0,3,5,2,0,13,-11,1,1,2,-1,0,0,1,-1,-1,-1,1,1
KR_6673396391,420,6,68,8,9,4,4,0,4,4,0,3,4,1,-2,5,7,0,0,0,0,9,-17,1,3,4,5,0,1,1,1,1,-1,6,1
KR_6735980734,420,2,49,-9,3,6,7,1,4,4,0,-2,1,3,-4,2,6,-1,4,5,0,-2,322,2,1,3,-13,0,0,-1,0,0,-1,2,1
KR_6578650001,420,-1,37,-28,4,3,5,2,-4,0,4,0,2,2,0,3,3,5,5,0,0,2,13,5,3,8,-7,0,-1,-1,1,-1,1,4,1
KR_6651035856,420,0,-58,0,-1,4,4,0,3,4,1,0,2,2,-5,2,7,-3,0,3,0,-9,-44,-3,6,3,34,0,-1,1,-1,-1,-1,2,1
KR_6759989860,420,3,-27,2,1,-3,1,4,4,4,0,1,3,2,0,4,4,-1,0,1,0,1,-11,-5,8,3,4,0,0,-1,0,0,-1,3,1
KR_6755059776,440,6,40,4,11,2,3,1,-1,1,2,0,1,1,9,10,1,1,1,0,0,10,-2,-3,5,2,5,0,3,1,-1,1,1,2,1
KR_6718436851,420,7,57,38,1,4,4,0,4,4,0,-6,1,7,0,4,4,-1,2,3,0,1,323,3,3,6,3,0,1,1,1,1,1,3,1
KR_6616436569,420,5,77,25,16,7,8,1,2,2,0,-3,0,3,6,7,1,4,4,0,1,13,3,2,4,6,0,0,2,1,1,1,1,1,1
KR_6560647825,420,1,-19,8,-3,3,4,1,-2,1,3,-1,0,1,-2,0,2,-1,0,1,0,-12,1,-1,2,1,0,0,-1,-1,1,-1,1,6,1
KR_6752491539,420,1,-5,0,-5,-2,0,2,2,7,5,-1,2,3,-2,1,3,-2,0,2,-2,-12,-2,2,5,7,4,0,0,-1,1,0,-1,3,1
KR_6751106058,420,-1,28,-35,-6,-3,1,4,1,3,2,0,5,5,-1,2,3,-3,1,4,0,-5,-4,-4,5,1,1,0,0,-1,0,1,-1,4,1
KR_6624667279,420,5,66,15,21,1,3,2,8,8,0,10,12,2,2,4,2,0,1,1,0,18,-2,2,3,5,4,0,2,1,0,1,1,2,1
KR_6716435190,420,2,51,12,5,3,5,2,-2,2,4,2,2,0,3,4,1,-1,1,2,0,5,248,-1,2,1,-1,0,0,1,1,1,1,3,1
KR_6761917148,420,3,37,11,12,0,0,0,4,4,0,3,3,0,-1,0,1,6,7,1,0,16,-2,2,2,4,1,0,0,1,1,1,1,2,1
KR_6690554868,420,-2,99,-8,-4,0,2,2,-2,0,2,-6,1,7,5,5,0,-1,0,1,-1,0,2,0,3,3,-2,0,0,-1,-1,1,-1,4,1
KR_6758795858,420,1,33,24,-1,-2,1,3,0,1,1,2,5,3,0,1,1,-1,0,1,0,-3,-31,0,3,3,18,0,0,1,1,0,-1,4,1
KR_6705901146,420,5,71,17,11,1,5,4,2,2,0,8,8,0,4,5,1,-4,1,5,0,10,2,0,6,6,0,0,2,1,1,1,1,5,1
KR_6567445394,420,-1,-3,3,-4,-2,0,2,-1,2,3,-5,1,6,-2,2,4,6,6,0,0,-5,-1,-2,3,1,1,0,1,1,-1,-1,1,1,1
KR_6717943257,420,1,-23,8,0,0,3,3,0,1,1,-1,0,1,0,2,2,1,1,0,0,6,6,0,1,1,1,0,0,1,-1,1,1,6,1
KR_6416013896,420,4,84,16,10,1,2,1,2,3,1,1,3,2,3,4,1,3,5,2,2,8,3,3,1,4,1,0,1,1,1,1,1,1,1
KR_6648174257,420,2,-2,9,5,3,3,0,3,7,4,-2,2,4,1,1,0,0,0,0,0,10,-1,2,3,5,3,0,-1,1,-1,-1,1,1,1
KR_6613242067,420,3,74,32,5,0,0,0,-1,3,4,8,10,2,-2,2,4,0,1,1,0,-5,-194,1,1,2,5,0,1,1,0,1,1,3,1
KR_6738662428,420,4,20,12,14,-2,0,2,0,2,2,-1,2,3,4,6,2,13,16,3,0,20,7,3,0,3,-1,0,0,1,0,1,1,6,1
KR_6652106851,420,5,-9,24,18,1,3,2,2,4,2,0,3,3,8,10,2,7,7,0,0,24,-42,-5,8,3,8,0,0,1,-1,1,1,2,1
KR_6724884543,440,-2,19,3,-4,0,1,1,-5,0,5,4,6,2,-1,1,2,-2,0,2,0,-6,-259,-2,6,4,2,0,0,1,1,-1,1,3,1
KR_6304370691,440,5,64,11,7,3,3,0,1,2,1,4,4,0,-1,1,2,0,1,1,0,6,-29,0,1,1,2,0,1,-1,1,1,-1,1,1
KR_6729641821,420,1,-34,16,1,-2,0,2,1,5,4,6,6,0,-2,1,3,-2,0,2,0,-1,-17,3,2,5,-1,0,-1,-1,1,-1,1,2,1
KR_6663820039,420,1,-40,48,3,-1,1,2,-2,1,3,-3,3,6,9,11,2,0,0,0,0,4,-5,3,3,6,-2,0,0,1,1,1,-1,4,1
KR_6757885401,420,1,-18,13,1,0,2,2,0,3,3,2,2,0,0,2,2,-1,1,2,0,2,-3,-5,9,4,-2,0,0,1,1,0,-1,5,1
KR_6695181154,420,2,39,3,10,1,3,2,3,4,1,5,5,0,1,3,2,0,0,0,0,9,12,4,3,7,-3,0,0,-1,1,1,1,4,1
KR_6723880545,420,1,15,10,4,2,4,2,1,2,1,-1,2,3,2,3,1,0,0,0,0,5,-3,-1,6,5,2,0,2,1,-1,1,-1,1,1
KR_6760658936,420,0,70,6,1,0,2,2,-2,1,3,1,1,0,2,5,3,0,2,2,0,-4,5,-3,4,1,1,0,-1,-1,-1,-1,1,1,1
KR_6589344551,420,4,66,12,6,3,3,0,4,5,1,3,4,1,-4,2,6,0,0,0,-1,-1,-2,-4,6,2,2,0,0,1,1,1,-1,4,1
KR_6761339329,440,4,68,28,6,0,1,1,0,3,3,2,3,1,3,5,2,1,2,1,-1,-4,4,3,1,4,-1,0,0,1,1,0,-1,5,1
KR_6612916502,420,3,54,6,9,-2,0,2,-3,1,4,0,0,0,10,12,2,4,4,0,0,5,482,3,0,3,2,0,2,-1,1,1,1,4,1
KR_6754209384,420,2,20,-8,-1,1,2,1,0,1,1,-1,1,2,-2,2,4,1,2,1,0,-1,-9,-4,5,1,0,0,1,-1,1,-1,-1,3,1
KR_6471434870,420,3,88,12,0,2,3,1,3,3,0,0,2,2,-4,1,5,-1,0,1,0,-1,-1,-1,4,3,2,0,-1,-1,-1,-1,-1,5,1
KR_6650200319,420,2,43,1,5,5,5,0,-3,2,5,3,5,2,1,2,1,-1,1,2,0,-2,-4,0,2,2,-3,0,1,-1,1,1,1,6,1
KR_6609816206,420,-2,-62,32,-11,-6,0,6,-3,1,4,0,1,1,1,2,1,-3,0,3,0,-1,2,1,4,5,-1,0,-2,1,-1,-1,1,6,1
KR_6688091301,420,4,74,24,9,6,7,1,2,4,2,3,4,1,-3,3,6,1,2,1,0,2,118,-3,6,3,4,0,1,-1,1,1,1,2,1
KR_6724918492,420,1,78,-10,-4,0,2,2,0,0,0,-5,1,6,2,2,0,-1,4,5,0,1,329,2,1,3,-1,0,0,-1,-1,0,-1,5,1
KR_6636858312,420,1,8,8,2,-1,1,2,9,9,0,0,1,1,-4,1,5,-2,1,3,0,0,1,-2,3,1,2,0,0,1,1,1,1,1,1
KR_6683076950,420,7,107,33,20,8,10,2,-1,2,3,5,8,3,4,6,2,4,6,2,0,10,11,2,0,2,0,0,1,1,1,1,-1,2,1
KR_6764199258,420,4,48,36,11,3,3,0,1,6,5,0,2,2,7,8,1,0,0,0,0,10,-15,-1,4,3,0,0,1,1,-1,1,1,6,1
KR_6761567431,420,2,44,12,6,2,4,2,0,1,1,-1,3,4,4,5,1,1,2,1,0,9,-5,2,2,4,4,0,0,1,-1,1,1,6,1
KR_6672380964,420,2,-53,19,-2,-1,0,1,0,4,4,-2,1,3,2,5,3,-1,0,1,0,-1,9,1,5,6,2,0,0,1,0,0,1,1,1
KR_6761249910,440,8,76,56,11,4,4,0,2,2,0,0,1,1,5,7,2,0,1,1,0,8,-28,1,1,2,4,0,1,1,-1,1,1,2,1
KR_6752824619,420,4,99,-31,19,3,4,1,8,8,0,2,2,0,4,7,3,2,3,1,2,26,6,2,2,4,0,0,1,1,0,1,1,6,1
KR_6586458277,440,3,53,12,-1,2,3,1,-3,1,4,-1,4,5,2,5,3,-1,2,3,-1,-4,-23,-4,9,5,5,0,2,1,1,1,-1,5,1
KR_6708486641,420,2,15,41,4,0,1,1,0,5,5,-2,1,3,6,8,2,0,2,2,0,-4,341,1,3,4,0,0,1,1,1,1,1,6,1
KR_6609296977,420,2,72,12,10,-1,1,2,3,3,0,2,3,1,6,6,0,0,0,0,0,18,4,5,1,6,0,0,1,-1,1,1,1,5,1
KR_6756789126,440,8,109,36,30,3,4,1,13,13,0,5,5,0,5,8,3,4,5,1,0,30,16,-3,8,5,6,2,7,1,1,1,1,5,1
KR_6764255695,420,-1,-58,17,6,0,2,2,1,2,1,0,2,2,5,5,0,0,1,1,-1,12,-519,0,3,3,4,0,0,-1,1,-1,-1,1,1
KR_6741928080,420,1,10,-6,-5,2,2,0,-5,2,7,2,3,1,-2,2,4,-2,0,2,0,-12,-205,-5,6,1,1,0,0,-1,1,0,-1,2,1
KR_6422914040,420,-5,-87,8,-4,-2,1,3,0,2,2,0,3,3,1,2,1,-3,0,3,2,1,-44,-3,6,3,17,0,-1,1,-1,-1,-1,3,1
KR_6718466499,420,6,51,40,5,-2,1,3,1,2,1,6,7,1,0,1,1,0,0,0,0,1,94,0,1,1,-3,0,3,1,1,1,-1,4,1
KR_6065337133,420,2,60,-96,5,2,4,2,3,3,0,-4,3,7,1,3,2,3,4,1,0,5,3,-2,2,0,3,0,2,0,0,1,1,0,1
KR_6253356853,420,5,15,16,7,3,3,0,2,4,2,-2,0,2,5,7,2,-1,0,1,0,16,85,2,3,5,21,0,0,1,0,1,-1,2,1
KR_6375631692,420,-2,52,-4,-2,1,1,0,-3,1,4,-1,0,1,2,3,1,-1,0,1,0,-6,0,0,0,0,1,0,0,1,0,0,-1,6,1
KR_6675065036,440,7,72,0,17,2,4,2,5,5,0,2,4,2,5,7,2,3,5,2,0,18,7,-2,5,3,4,0,4,1,1,1,1,5,1
KR_6385353484,420,0,-36,4,0,-3,2,5,2,3,1,-2,1,3,3,4,1,0,1,1,0,2,40,-1,3,2,-21,0,0,0,-1,-1,-1,0,1
KR_6617564526,420,1,37,-16,1,-4,1,5,3,4,1,2,4,2,0,0,0,0,1,1,1,3,-3,-2,2,0,0,0,0,1,0,0,1,1,1
KR_6729259044,420,3,34,19,1,-1,3,4,-1,0,1,1,3,2,2,2,0,0,0,0,0,4,114,-3,3,0,2,0,0,-1,1,1,-1,1,1
KR_6746437749,420,3,16,24,13,1,1,0,2,5,3,-2,1,3,11,12,1,1,3,2,2,18,-13,0,0,0,-1,0,1,1,1,1,1,3,1
KR_6723489458,420,0,-15,6,4,1,5,4,0,2,2,1,5,4,3,8,5,-1,4,5,0,0,9,3,3,6,0,0,1,1,1,1,-1,3,1
KR_6737096966,420,1,15,12,5,-1,1,2,-1,2,3,7,8,1,1,2,1,-1,0,1,0,-2,-5,-2,3,1,2,0,2,0,1,1,1,0,1
KR_6728134221,440,5,14,35,6,-1,2,3,-2,2,4,3,6,3,5,5,0,1,1,0,0,10,-3,-6,6,0,2,0,1,1,1,1,-1,2,1
KR_6746514432,440,8,9,53,3,-2,1,3,6,6,0,-4,1,5,2,2,0,1,1,0,0,11,15,5,2,7,0,0,0,0,1,1,-1,0,1
KR_6077808724,420,1,58,13,-2,2,3,1,4,4,0,-1,3,4,-2,1,3,-5,0,5,0,-7,9,5,2,7,-2,0,2,-1,1,1,-1,1,1
KR_6391972618,420,1,-15,20,-2,1,1,0,-1,2,3,-2,0,2,0,1,1,0,0,0,0,0,-3,-2,4,2,-4,0,0,-1,1,0,-1,2,1
KR_6758042301,420,2,11,-16,-1,2,2,0,-1,1,2,1,2,1,0,1,1,-3,1,4,0,0,23,9,1,10,-4,0,-1,1,-1,-1,1,2,1
KR_6181977796,420,8,135,8,18,0,0,0,4,6,2,4,5,1,8,8,0,2,2,0,0,16,200,4,4,8,6,0,1,1,0,1,1,5,1
KR_6323471256,420,-4,-19,-23,-11,-2,1,3,-1,2,3,2,7,5,-8,1,9,-2,3,5,0,-8,-8,0,2,2,0,0,-1,1,1,-1,1,1,1
KR_6761119189,420,1,-17,10,6,1,2,1,2,3,1,6,9,3,-1,1,2,-2,0,2,0,5,246,1,3,4,5,0,1,-1,1,1,1,6,1
KR_6741114452,420,2,112,24,11,3,3,0,2,3,1,-2,1,3,6,7,1,2,3,1,0,10,1,2,1,3,2,0,2,1,0,1,-1,2,1
KR_6733537374,420,-1,26,-9,-4,-3,3,6,-2,3,5,0,1,1,1,3,2,0,0,0,-1,2,5,4,2,6,3,0,0,1,-1,0,-1,5,1
KR_6726514328,420,3,75,-4,11,6,6,0,1,3,2,3,5,2,1,2,1,0,0,0,0,8,1,2,3,5,3,0,1,-1,1,1,-1,6,1
KR_6739553590,420,0,8,-22,-1,-6,0,6,-4,5,9,9,9,0,1,4,3,-1,0,1,0,0,13,7,1,8,0,0,0,-1,1,1,-1,3,1
KR_6761021032,420,0,7,-12,5,7,7,0,0,1,1,0,4,4,-2,0,2,0,0,0,0,2,-2,-1,4,3,-1,0,-1,1,-1,1,-1,3,1
KR_6752429028,420,3,63,25,10,5,5,0,6,6,0,-5,1,6,5,5,0,-1,2,3,1,14,9,2,2,4,1,0,1,1,0,1,1,6,1
KR_5921253128,440,2,83,-23,4,0,0,0,2,3,1,2,2,0,0,1,1,0,0,0,1,1,3,0,4,4,3,0,1,-1,-1,1,1,4,1
KR_6668828588,440,0,-68,4,6,-1,1,2,5,8,3,-1,2,3,3,4,1,0,1,1,0,5,-5,1,3,4,-2,0,0,0,1,0,1,0,1
KR_6712578261,420,-1,34,-36,1,4,4,0,8,8,0,-11,0,11,1,1,0,-1,1,2,0,2,-8,1,0,1,-1,0,0,1,1,0,-1,4,1
KR_6484121685,420,-3,-35,23,-4,-1,2,3,2,5,3,0,3,3,-5,4,9,0,0,0,0,-4,4,2,1,3,-4,0,0,1,1,1,-1,5,1
KR_6593031728,420,3,-44,-8,8,4,4,0,2,3,1,1,1,0,-1,3,4,2,4,2,0,10,55,-2,4,2,4,0,0,1,-1,0,1,4,1
KR_6727429184,440,1,17,24,0,3,4,1,-4,1,5,-1,1,2,2,2,0,0,1,1,-1,-2,-230,0,2,2,-2,0,0,-1,-1,0,-1,4,1
KR_6753719404,420,0,0,0,-5,4,4,0,-6,2,8,-4,1,5,2,6,4,-1,1,2,-3,-8,-6,-7,7,0,3,0,1,-1,0,1,-1,1,1
KR_6594596527,420,1,-16,-18,9,5,5,0,3,3,0,2,2,0,0,1,1,-1,0,1,0,4,-3,1,3,4,2,0,1,0,1,1,1,0,1
KR_6752734641,420,1,4,-13,-4,2,5,3,0,1,1,-3,1,4,-1,2,3,-2,0,2,0,-6,-4,1,3,4,0,0,1,-1,0,1,1,2,1
KR_6710122325,420,5,50,3,0,-3,1,4,-2,0,2,3,5,2,5,6,1,-3,0,3,1,10,12,1,5,6,-3,0,3,1,1,1,1,5,1
KR_6748202664,420,4,68,-17,0,3,4,1,0,3,3,-4,0,4,1,1,0,0,0,0,0,4,17,3,3,6,0,0,0,1,1,1,1,4,1
KR_6673021527,420,0,-39,-4,8,-5,0,5,-1,1,2,15,16,1,-4,0,4,3,3,0,1,4,-3,-4,4,0,0,0,1,1,-1,1,1,3,1
KR_6724619634,420,1,4,4,4,1,2,1,-2,4,6,4,5,1,1,5,4,0,1,1,0,-1,0,-1,4,3,1,0,0,1,1,1,-1,1,1
KR_6670286452,420,5,67,22,11,1,1,0,7,7,0,0,1,1,2,3,1,1,1,0,0,7,37,2,2,4,-3,0,1,1,1,1,-1,1,1
KR_6764548344,420,5,84,-20,9,5,5,0,0,1,1,0,2,2,1,1,0,3,3,0,0,13,3,0,1,1,2,0,1,1,-1,1,1,1,1
KR_6720633792,420,4,29,19,8,-2,1,3,2,2,0,3,5,2,2,2,0,3,3,0,0,10,7,2,0,2,1,0,2,1,-1,1,1,1,1
KR_6719205851,420,3,84,-24,5,7,7,0,-2,1,3,2,3,1,-1,2,3,-1,1,2,-1,-5,7,0,3,3,-1,0,1,-1,-1,1,-1,6,1
KR_6531420778,420,1,-18,21,6,1,2,1,1,2,1,3,3,0,1,1,0,0,0,0,0,4,-6,0,2,2,4,0,0,1,0,0,1,3,1
KR_6737591208,420,2,0,16,-2,-4,2,6,1,2,1,1,1,0,3,4,1,-3,0,3,0,-2,-2,3,3,6,-3,0,0,-1,1,-1,1,6,1
KR_6613385755,420,5,59,13,10,5,5,0,2,2,0,2,5,3,-2,2,4,3,3,0,0,5,112,-3,6,3,4,0,1,0,1,1,1,0,1
KR_6641418577,420,4,17,-11,11,3,4,1,-1,3,4,3,5,2,3,3,0,3,5,2,0,4,4,2,4,6,1,0,1,1,1,1,1,3,1
KR_6096583069,420,3,32,-6,2,1,3,2,7,7,0,-7,0,7,0,2,2,1,1,0,1,10,3,6,1,7,4,0,0,0,-1,0,-1,0,1
KR_6706217597,440,4,34,-4,4,4,4,0,2,5,3,-2,4,6,0,4,4,0,2,2,0,8,10,-1,2,1,1,0,1,1,0,1,-1,5,1
KR_6746604653,420,3,50,-14,6,0,1,1,7,9,2,0,1,1,0,2,2,-1,0,1,-1,4,-4,3,2,5,2,0,1,0,0,1,-1,0,1
KR_6730803817,420,9,89,66,21,9,11,2,-1,2,3,0,1,1,12,14,2,1,3,2,0,8,-1,-2,4,2,-1,0,3,1,1,1,1,2,1
KR_6327771119,420,4,99,32,8,4,4,0,-1,1,2,4,5,1,-2,1,3,3,5,2,1,0,4,-2,2,0,0,0,2,1,1,1,1,6,1
KR_6508594603,420,1,-1,0,0,-1,0,1,-1,3,4,0,3,3,5,5,0,-3,0,3,0,0,4,3,1,4,0,0,0,-1,-1,0,-1,6,1
KR_6733825407,440,2,11,11,0,4,4,0,2,3,1,-2,3,5,-2,1,3,-2,0,2,0,1,22,8,1,9,-3,0,-1,-1,0,-1,-1,2,1
KR_6755923374,420,6,4,63,16,3,4,1,6,6,0,3,3,0,7,9,2,-3,1,4,0,12,-6,1,2,3,2,0,1,1,1,1,-1,4,1
KR_6685326213,420,-3,-26,-44,-4,0,0,0,0,1,1,2,4,2,-7,0,7,1,2,1,0,-2,144,3,1,4,0,0,-1,0,1,-1,1,0,1
KR_6729005421,420,0,49,19,8,-1,4,5,1,3,2,6,8,2,0,3,3,2,3,1,3,5,-3,2,0,2,-1,0,2,1,0,1,1,2,1
KR_6672289177,420,2,2,20,4,5,5,0,1,2,1,-2,0,2,-1,1,2,1,3,2,0,2,-33,3,2,5,8,0,0,1,1,0,1,5,1
KR_6647020512,420,1,-1,21,1,1,1,0,1,1,0,1,2,1,-2,0,2,0,0,0,0,-1,-6,0,2,2,2,0,1,1,1,1,1,2,1
KR_5799681970,420,4,-24,19,9,1,1,0,-1,3,4,5,5,0,3,5,2,1,1,0,0,8,58,1,6,7,2,0,0,1,1,1,1,3,1
KR_6526241911,420,4,74,9,10,-3,3,6,2,2,0,4,5,1,4,4,0,3,3,0,0,6,-24,2,1,3,3,0,-1,1,0,-1,1,6,1
KR_6733313199,420,-1,41,3,4,1,4,3,-1,1,2,3,4,1,1,1,0,0,1,1,0,6,-3,3,2,5,-2,0,0,-1,1,0,1,6,1
KR_6720534765,420,1,26,39,2,-1,1,2,2,4,2,4,4,0,-3,0,3,0,0,0,0,-3,-72,-1,1,0,-1,0,1,1,1,1,1,3,1
KR_6580565704,440,0,-22,-9,6,0,0,0,8,10,2,-4,1,5,0,2,2,2,2,0,0,13,26,-3,7,4,-4,0,0,1,0,0,1,4,1
KR_6760982344,420,-3,-44,-16,-3,4,4,0,-1,0,1,-3,4,7,-2,3,5,-1,2,3,0,-3,-19,5,1,6,-3,0,0,0,-1,0,-1,0,1
KR_6758706015,420,3,-4,-10,6,0,3,3,-1,1,2,2,3,1,5,6,1,0,0,0,0,7,-6,0,3,3,3,0,0,1,1,0,1,2,1
KR_6650834688,420,6,73,36,14,-1,0,1,11,11,0,2,3,1,1,2,1,1,3,2,1,10,12,7,0,7,-1,0,2,1,1,1,1,6,1
KR_6710219244,420,-2,33,-36,-4,-1,1,2,-1,6,7,-1,2,3,1,4,3,-2,1,3,2,1,-47,-2,3,1,16,0,0,1,1,1,1,5,1
KR_6746485935,420,3,25,61,5,4,5,1,1,4,3,-3,2,5,3,5,2,0,1,1,0,4,10,1,2,3,2,0,2,1,-1,1,-1,6,1
KR_6755709338,420,2,27,2,11,1,1,0,7,7,0,6,6,0,-2,2,4,-1,0,1,0,3,-3,1,4,5,-1,0,0,1,1,1,1,1,1
KR_6758178454,420,-1,26,-2,-5,2,3,1,2,2,0,1,1,0,-7,2,9,-3,0,3,0,-8,-7,0,1,1,-1,0,0,-1,-1,-1,1,5,1
KR_6724897417,420,5,90,-34,9,1,2,1,0,1,1,7,9,2,0,2,2,1,1,0,1,6,-32,1,1,2,-1,0,1,1,1,1,1,4,1
KR_6729886755,420,2,50,36,5,0,3,3,-7,1,8,10,11,1,4,7,3,-2,1,3,0,-4,7,2,2,4,2,0,1,-1,-1,1,1,5,1
KR_6733032478,420,4,6,4,7,3,3,0,0,4,4,1,2,1,1,5,4,2,2,0,0,7,6,1,4,5,-7,0,1,-1,1,1,-1,2,1
KR_6354819881,440,-1,42,10,5,-1,1,2,2,3,1,4,5,1,0,3,3,0,1,1,0,-1,0,0,0,0,2,0,0,0,0,0,-1,0,1
KR_6749176403,440,6,39,-12,16,1,2,1,2,2,0,6,6,0,5,5,0,2,2,0,0,16,18,1,0,1,1,0,1,0,1,1,-1,0,1
KR_6705675759,420,4,32,-9,8,-1,0,1,2,3,1,0,3,3,5,5,0,2,2,0,0,11,5,1,0,1,-1,0,1,1,1,1,1,4,1
KR_6741660261,420,0,1,12,4,0,2,2,4,5,1,0,1,1,0,2,2,0,1,1,0,3,6,1,3,4,-1,0,0,1,-1,0,-1,2,1
KR_6603068281,420,3,32,-3,6,0,1,1,4,5,1,2,4,2,0,3,3,0,3,3,0,9,-10,1,3,4,4,0,1,-1,1,1,-1,5,1
KR_6595005849,420,0,24,-4,5,0,1,1,0,3,3,0,3,3,4,5,1,1,2,1,0,10,-6,0,6,6,-1,0,-1,1,-1,-1,-1,2,1
KR_6689937800,420,-3,-44,8,-3,-5,0,5,1,4,3,-4,2,6,5,5,0,0,1,1,0,4,4,-2,4,2,-1,0,1,1,1,1,-1,2,1
KR_6673012570,420,2,21,0,5,1,1,0,-2,1,3,2,5,3,3,5,2,1,1,0,0,-1,-1,0,6,6,5,0,2,1,1,1,-1,6,1
KR_6605862030,420,4,10,12,4,4,4,0,1,4,3,-2,0,2,2,3,1,-1,1,2,0,5,3,-3,7,4,3,0,0,1,-1,-1,1,4,1
KR_6750223997,420,0,-10,-6,-4,1,1,0,-1,0,1,-1,2,3,-1,0,1,-2,6,8,0,-2,87,-1,5,4,0,0,0,-1,-1,0,-1,4,1
KR_6711453533,420,4,43,39,6,-5,0,5,9,9,0,-1,1,2,1,1,0,2,3,1,2,15,-26,1,2,3,1,0,3,-1,1,1,1,6,1
KR_6693341610,420,0,27,-5,3,-1,1,2,2,4,2,3,4,1,-1,1,2,0,0,0,0,-1,4,3,5,8,0,0,1,1,1,1,1,4,1
KR_6762218819,420,7,65,56,13,0,0,0,5,5,0,2,3,1,7,8,1,-1,0,1,0,13,-3,-2,5,3,4,0,1,0,-1,1,-1,0,1
KR_6377648177,420,1,54,24,-2,1,2,1,0,1,1,0,1,1,-3,0,3,0,1,1,0,-4,-15,1,3,4,4,0,1,0,1,1,-1,0,1
KR_6734580244,420,1,-17,33,2,-4,1,5,0,1,1,2,2,0,2,2,0,2,2,0,0,8,1,-1,4,3,3,0,0,0,0,0,-1,0,1
KR_6653178026,420,-2,41,-16,-6,-1,1,2,-3,1,4,-3,0,3,1,1,0,0,1,1,0,-6,4,0,3,3,0,0,0,1,-1,0,1,5,1
KR_6751306517,420,1,45,4,13,-1,2,3,2,4,2,8,8,0,1,2,1,3,3,0,0,11,-19,2,4,6,3,0,2,1,1,1,1,2,1
KR_6562296727,420,-1,-8,1,3,-2,0,2,2,5,3,4,5,1,1,4,3,-2,0,2,0,10,5,1,3,4,0,0,-1,1,0,-1,-1,4,1
KR_6375165963,420,4,35,8,0,2,3,1,-3,1,4,-2,2,4,3,4,1,0,1,1,0,-4,0,0,0,0,7,0,-1,1,1,-1,-1,3,1
KR_6621020144,440,8,192,-16,20,6,6,0,5,8,3,3,4,1,5,6,1,1,2,1,0,19,4,-1,5,4,1,0,2,0,1,1,1,0,1
KR_6762998092,420,-2,-30,-22,1,-1,1,2,0,4,4,-3,1,4,2,5,3,3,3,0,0,5,10,-3,5,2,0,0,0,0,0,0,1,0,1
KR_6745597527,420,3,42,19,3,1,2,1,0,2,2,3,4,1,-2,0,2,1,2,1,0,7,-41,3,0,3,28,0,0,1,-1,0,-1,1,1
KR_6755687764,420,0,8,20,3,3,4,1,-2,0,2,5,5,0,-3,3,6,0,1,1,0,-1,-113,2,2,4,0,0,0,-1,0,0,1,5,1
KR_6752294443,440,4,-54,42,16,2,3,1,3,3,0,-2,3,5,4,6,2,9,10,1,0,21,24,1,3,4,0,0,0,1,1,0,1,2,1
KR_6716376929,420,4,107,17,6,0,3,3,0,1,1,-4,1,5,1,2,1,9,10,1,0,2,44,1,2,3,-29,0,4,0,0,1,-1,0,1
KR_6681072983,420,2,43,-44,3,0,1,1,1,2,1,-1,3,4,2,3,1,1,3,2,0,2,6,2,4,6,-1,0,1,0,0,1,-1,0,1
KR_6601107632,420,0,28,0,4,0,2,2,3,4,1,0,2,2,1,3,2,0,0,0,0,10,-6,0,3,3,0,0,0,1,-1,0,1,5,1
KR_6709865077,420,2,88,-28,-2,-2,1,3,-5,1,6,4,7,3,2,3,1,-1,0,1,0,-4,-3,-2,4,2,1,0,-1,-1,-1,-1,-1,6,1
KR_6763417439,420,1,-31,8,-6,-1,0,1,-5,3,8,2,3,1,1,1,0,-3,0,3,0,-7,-35,-7,8,1,26,0,0,1,1,0,-1,4,1
KR_6702124460,420,1,-16,25,0,-1,1,2,1,5,4,-5,2,7,4,5,1,1,2,1,0,-1,194,2,0,2,-1,0,-1,1,-1,-1,-1,3,1
KR_6758502969,420,1,36,-8,4,-3,3,6,-1,2,3,1,4,3,3,3,0,4,4,0,-1,6,-4,0,3,3,4,0,0,-1,-1,0,-1,3,1
KR_6433407459,420,4,110,23,13,-2,2,4,4,4,0,5,6,1,5,6,1,1,1,0,0,4,22,4,1,5,2,0,1,1,1,1,-1,3,1
KR_6762328330,420,3,14,32,6,-1,2,3,2,2,0,-4,0,4,9,10,1,0,0,0,0,13,16,1,3,4,1,0,-1,1,-1,-1,1,6,1
KR_6758630614,420,0,-19,28,1,4,4,0,3,5,2,-2,1,3,-2,1,3,-2,1,3,2,-1,-39,0,0,0,30,0,0,1,0,0,1,6,1
KR_6624558761,420,2,-8,17,8,3,5,2,-2,1,3,3,5,2,1,1,0,3,3,0,1,11,-47,1,0,1,30,0,0,0,0,0,1,0,1
KR_6741016248,420,2,44,20,2,0,0,0,0,3,3,1,4,3,1,4,3,0,1,1,0,3,446,-3,5,2,-1,0,1,1,1,1,-1,4,1
KR_6696297604,420,3,-9,-10,2,3,3,0,0,1,1,3,5,2,-3,2,5,-1,0,1,0,1,8,0,6,6,2,0,0,-1,1,1,-1,4,1
KR_6681940672,440,0,-44,0,2,1,4,3,-1,2,3,1,3,2,3,4,1,-2,0,2,0,2,1,1,4,5,1,0,-1,1,-1,-1,-1,3,1
KR_6659938621,420,6,92,25,12,2,3,1,2,3,1,5,5,0,1,2,1,2,2,0,0,9,1,0,2,2,5,0,2,1,1,1,1,6,1
KR_6717557151,420,1,-15,12,4,0,2,2,4,5,1,-4,3,7,1,1,0,3,3,0,0,10,6,-3,5,2,-2,0,-1,1,-1,1,1,2,1
KR_6764497323,420,8,72,4,19,5,7,2,0,2,2,2,3,1,11,12,1,1,1,0,0,14,11,2,3,5,5,0,2,0,1,1,-1,0,1
KR_6670612328,420,4,-1,0,5,-2,2,4,5,7,2,2,2,0,-2,1,3,2,2,0,-2,5,-3,3,4,7,0,0,1,-1,1,1,-1,6,1
KR_6754664878,420,6,71,-5,12,3,4,1,4,4,0,0,2,2,4,4,0,1,1,0,0,14,-29,4,0,4,18,0,2,1,-1,1,-1,6,1
KR_6659090733,440,6,52,41,10,-4,0,4,10,11,1,4,4,0,0,1,1,0,0,0,0,10,36,8,2,10,2,0,1,1,1,1,1,4,1
KR_6681224482,420,5,85,-4,7,0,1,1,3,5,2,3,4,1,1,3,2,0,0,0,0,9,3,-2,5,3,-2,0,1,1,-1,1,1,1,1
KR_6709559234,420,0,-14,8,-1,-3,2,5,0,4,4,4,5,1,-6,2,8,4,4,0,1,2,-10,-4,5,1,2,0,-1,1,-1,-1,1,6,1
KR_6733769531,420,3,-8,52,5,1,3,2,1,2,1,2,4,2,3,3,0,-2,1,3,0,4,213,0,5,5,0,0,0,1,-1,0,-1,6,1
KR_6733915157,420,-1,19,-12,-3,0,1,1,-4,0,4,-5,2,7,3,4,1,3,3,0,0,11,-13,-1,3,2,-4,0,-1,-1,0,-1,-1,3,1
KR_6763881897,420,5,80,4,11,6,7,1,4,8,4,0,1,1,-1,0,1,2,3,1,0,10,0,4,1,5,-4,0,1,1,1,1,1,4,1
KR_6697213208,420,-2,-53,14,1,0,2,2,2,3,1,7,7,0,-7,2,9,-1,1,2,2,9,21,2,3,5,-2,0,0,-1,1,1,1,3,1
KR_6728732863,420,0,-49,-16,4,4,5,1,-2,2,4,0,2,2,4,5,1,-2,2,4,0,3,-1,0,3,3,-1,0,0,-1,-1,1,1,4,1
KR_6669632576,420,0,3,-4,-5,1,3,2,0,2,2,3,3,0,-11,0,11,2,2,0,0,-6,5,0,4,4,-5,0,0,1,1,-1,-1,5,1
KR_6711095297,420,7,73,46,14,5,8,3,1,3,2,5,7,2,2,3,1,1,1,0,0,2,437,-1,2,1,1,0,2,1,1,1,1,4,1
KR_6533775856,440,2,55,14,7,4,4,0,-3,1,4,0,1,1,5,6,1,1,1,0,0,3,-11,3,4,7,4,0,-1,1,-1,-1,1,2,1
KR_6571264445,420,5,37,17,10,3,5,2,0,3,3,-1,1,2,3,7,4,5,5,0,0,8,-17,0,1,1,0,0,3,1,-1,1,1,6,1
KR_6592242684,440,5,38,40,16,10,11,1,4,7,3,-2,2,4,4,4,0,0,3,3,0,8,4,-1,4,3,1,0,0,1,0,1,-1,2,1
KR_6584552795,420,2,-15,28,12,2,3,1,1,4,3,0,2,2,6,6,0,3,3,0,1,20,119,5,0,5,-3,0,2,1,1,1,1,5,1
KR_6386292777,420,3,-29,16,12,-3,4,7,5,5,0,3,7,4,5,7,2,2,2,0,3,15,21,2,2,4,7,0,0,1,1,1,-1,5,1
KR_6562229695,420,6,52,-11,5,3,4,1,-1,2,3,2,2,0,0,1,1,1,1,0,0,5,1,-3,5,2,1,0,1,-1,1,1,-1,2,1
KR_6668449814,420,0,-27,24,-2,1,3,2,8,12,4,1,4,3,-5,1,6,-7,1,8,0,-6,-1,4,1,5,-3,0,0,1,1,-1,-1,2,1
KR_6688111745,420,4,116,35,6,3,6,3,1,5,4,5,5,0,-3,0,3,0,0,0,-1,0,-2,2,2,4,0,0,1,1,1,1,-1,3,1
KR_6003422837,420,11,161,34,11,6,6,0,3,4,1,2,2,0,-1,2,3,1,1,0,-1,7,-87,5,0,5,-1,1,5,1,1,1,-1,2,1
KR_6653361951,420,1,21,-11,-6,-3,3,6,1,1,0,-2,2,4,1,2,1,-3,2,5,-1,-5,6,3,2,5,-4,0,0,1,0,1,1,1,1
KR_6758769425,420,0,84,-24,0,3,5,2,-1,3,4,0,1,1,-1,1,2,-1,0,1,0,-4,-5,1,3,4,-2,0,1,-1,-1,1,1,2,1
KR_6746165630,420,-1,36,-30,-2,-2,0,2,0,0,0,-2,2,4,1,4,3,1,1,0,-1,5,-16,-2,4,2,3,0,0,-1,-1,1,-1,3,1
KR_6763160324,420,-2,-27,-12,-4,2,2,0,-1,1,2,-6,1,7,0,0,0,1,2,1,0,-5,-8,-3,3,0,1,0,0,-1,-1,-1,1,4,1
KR_6327421549,420,3,94,4,-5,-2,1,3,-7,0,7,0,3,3,4,5,1,0,0,0,0,-8,-41,-4,6,2,0,0,2,0,-1,1,-1,0,1
KR_6716296311,440,-5,-21,-20,-14,2,2,0,0,3,3,-9,0,9,-5,1,6,-2,0,2,0,-16,12,4,3,7,-5,0,-1,-1,1,-1,-1,1,1
KR_6729521495,420,1,29,8,6,-1,1,2,5,7,2,0,1,1,2,2,0,0,2,2,0,5,6,4,2,6,-1,0,1,1,1,1,1,4,1
KR_6468268248,420,1,-47,25,-5,1,3,2,4,6,2,-9,0,9,-3,4,7,2,4,2,-1,-2,-121,5,3,8,1,0,-4,1,-1,-1,-1,1,1
KR_6644701806,440,2,119,-17,4,3,3,0,-4,4,8,0,3,3,1,2,1,4,4,0,1,-1,10,3,0,3,2,0,2,-1,1,1,1,2,1
KR_6606077722,420,0,-73,-4,0,-3,1,4,4,4,0,0,1,1,-2,1,3,1,2,1,0,8,-6,-4,4,0,2,0,1,-1,-1,1,1,6,1
KR_6762573865,420,1,-23,16,3,2,2,0,3,4,1,1,4,3,-4,2,6,1,1,0,0,9,-7,0,2,2,1,0,-2,1,1,-1,-1,4,1
KR_6422768188,420,0,-1,-21,8,0,1,1,0,3,3,2,6,4,-4,1,5,10,10,0,1,14,-2,-1,4,3,-4,0,-1,1,-1,-1,1,3,1
KR_6762412512,420,2,63,-8,2,1,4,3,-6,1,7,5,5,0,3,5,2,-1,0,1,0,-1,-4,0,2,2,-1,0,1,1,1,1,-1,1,1
KR_6669012524,440,5,54,32,18,-2,1,3,9,10,1,-2,0,2,6,7,1,7,8,1,-1,21,-5,-4,6,2,1,0,0,1,-1,-1,-1,2,1
KR_6763871682,420,-1,60,23,0,2,4,2,0,3,3,-3,4,7,0,2,2,1,1,0,1,0,15,-1,3,2,0,0,1,0,-1,1,1,0,1
KR_6622352306,420,-2,-5,-16,-3,-3,0,3,1,2,1,-3,2,5,1,2,1,1,2,1,0,-8,-2,-2,3,1,0,0,-1,1,-1,-1,1,4,1
KR_6761318320,440,3,32,-32,10,0,2,2,-2,0,2,6,6,0,5,6,1,1,1,0,0,10,-3,1,2,3,0,0,0,-1,1,1,1,1,1
KR_6738201470,420,-2,-3,-12,-4,4,5,1,-3,0,3,2,4,2,-6,0,6,-1,0,1,0,-5,-2,-4,5,1,1,0,0,-1,1,-1,1,1,1
KR_6744699703,420,4,42,8,12,2,4,2,3,4,1,5,7,2,-1,1,2,3,3,0,1,11,-11,0,5,5,5,0,1,1,1,1,1,5,1
KR_6716599871,420,3,10,-28,9,1,3,2,3,4,1,1,7,6,3,6,3,1,3,2,0,14,0,1,4,5,-3,0,0,1,1,0,1,3,1
KR_6682331009,420,1,87,18,2,1,3,2,3,4,1,-1,6,7,0,3,3,-1,0,1,0,-5,-23,2,4,6,-2,0,1,1,1,1,-1,6,1
KR_6746639861,440,2,83,-4,2,2,5,3,-2,0,2,-3,1,4,4,5,1,1,3,2,-1,1,254,-1,3,2,4,0,1,1,-1,1,-1,1,1
KR_6749174708,420,-2,-38,24,-4,3,3,0,-6,1,7,-6,0,6,4,5,1,1,2,1,-2,-1,-12,4,0,4,-3,0,0,-1,1,-1,-1,3,1
KR_6643137080,420,3,121,-4,9,2,2,0,3,5,2,1,1,0,0,2,2,3,4,1,0,5,-155,2,4,6,1,0,2,-1,1,1,1,1,1
KR_6729460606,420,2,-27,-37,6,-1,1,2,4,4,0,1,3,2,0,3,3,2,2,0,0,6,-35,2,2,4,35,0,0,-1,1,1,-1,3,1
KR_6679287344,440,3,66,-13,4,5,6,1,5,5,0,3,4,1,-8,0,8,-1,0,1,0,-2,-5,-3,8,5,4,0,2,-1,1,1,-1,1,1
KR_6404034581,420,4,85,-2,9,3,4,1,2,3,1,3,4,1,0,2,2,1,2,1,0,2,-5,-3,7,4,4,0,1,-1,-1,1,1,4,1
KR_6373669066,420,2,55,-17,5,3,3,0,-1,1,2,1,1,0,2,3,1,0,1,1,0,7,0,0,0,0,-3,0,0,-1,1,1,-1,2,1
KR_6762502731,420,5,100,18,13,10,11,1,-1,2,3,6,7,1,0,1,1,-2,1,3,0,1,-8,-1,3,2,1,0,1,1,1,1,1,1,1
KR_6731144602,420,2,46,27,5,3,3,0,0,2,2,0,2,2,1,2,1,1,1,0,0,1,-1,-1,5,4,-4,0,1,-1,1,1,-1,1,1
KR_6727707795,420,-1,-18,3,2,3,4,1,0,3,3,1,3,2,-2,1,3,0,2,2,0,1,-1,3,1,4,1,0,0,1,1,-1,1,2,1
KR_6711575951,420,2,-60,12,3,4,4,0,2,4,2,-2,1,3,-2,1,3,1,1,0,0,-1,4,-2,4,2,-1,0,0,1,1,1,1,1,1
KR_6740813447,420,1,11,3,-2,1,1,0,1,2,1,2,2,0,-6,0,6,0,0,0,0,-8,-6,-4,5,1,3,0,1,-1,0,1,-1,4,1
KR_6700074672,440,3,103,-12,4,2,3,1,3,3,0,1,5,4,-3,0,3,1,1,0,1,0,9,3,4,7,4,0,2,1,1,1,1,5,1
KR_6761418521,420,3,114,9,8,2,3,1,-2,0,2,0,1,1,8,9,1,0,0,0,1,9,1,1,3,4,3,0,3,1,1,1,1,2,1
KR_6580505239,440,-1,17,-22,7,0,2,2,1,3,2,0,2,2,6,8,2,0,0,0,0,16,-14,1,2,3,0,0,-1,1,-1,-1,1,3,1
KR_6730161883,420,-2,-45,4,-5,-2,1,3,-2,1,3,-3,2,5,0,1,1,2,3,1,0,-2,15,2,3,5,-1,0,2,-1,-1,1,-1,6,1
KR_6696592435,420,3,81,19,14,8,8,0,3,3,0,0,2,2,0,1,1,3,3,0,1,6,4,1,6,7,-1,0,2,1,1,1,1,3,1
KR_6617239400,420,4,84,-36,8,1,1,0,4,4,0,4,4,0,-1,0,1,0,0,0,0,9,263,4,1,5,3,0,1,1,1,1,1,2,1
KR_6690941278,440,1,14,20,5,1,2,1,0,2,2,5,5,0,1,4,3,-2,0,2,0,-2,3,9,3,12,5,0,1,1,1,1,1,4,1
KR_6744670046,420,2,39,-8,6,4,9,5,2,4,2,-3,3,6,0,2,2,3,3,0,0,14,240,2,2,4,0,0,0,-1,1,0,-1,3,1
KR_6317938955,420,0,-38,8,0,-2,1,3,1,1,0,-5,2,7,4,4,0,2,2,0,0,3,0,-4,5,1,-3,0,0,1,1,0,1,6,1
KR_6663291487,420,3,88,28,5,3,3,0,1,2,1,1,2,1,-3,4,7,3,4,1,0,2,-13,-2,4,2,3,0,2,1,1,1,-1,4,1
KR_6747180131,420,-2,-13,-9,2,2,2,0,0,2,2,0,3,3,0,4,4,0,0,0,0,0,1,1,1,2,2,0,0,0,0,0,-1,0,1
KR_6380828042,420,1,28,-17,8,1,1,0,-2,2,4,2,3,1,3,5,2,4,4,0,1,10,-4,-1,5,4,4,0,0,1,1,1,1,1,1
KR_6722646779,420,-3,18,-20,-7,-3,0,3,0,2,2,-6,1,7,1,5,4,1,2,1,-2,-10,-24,-1,5,4,0,0,0,-1,-1,0,-1,2,1
KR_6597314178,420,3,42,0,10,-3,3,6,6,9,3,1,3,2,1,2,1,5,5,0,0,15,-3,-1,3,2,3,0,0,1,0,1,-1,1,1
KR_6743928264,420,3,45,-8,5,2,5,3,-1,4,5,3,5,2,1,2,1,0,1,1,0,-1,-15,4,1,5,-2,0,0,0,1,1,1,0,1
KR_6762690417,420,3,90,28,8,1,1,0,1,4,3,3,3,0,1,2,1,2,4,2,0,9,-4,-1,4,3,4,0,3,1,1,1,1,5,1
KR_6602294866,420,4,92,6,15,8,9,1,2,3,1,1,4,3,4,5,1,0,1,1,0,9,1,1,5,6,4,0,3,1,-1,1,1,6,1
KR_6674358038,420,0,39,-5,0,-3,2,5,1,2,1,3,4,1,0,2,2,-1,1,2,0,1,-14,0,2,2,6,0,1,1,0,1,1,1,1
KR_6659595025,420,0,16,5,3,2,2,0,3,4,1,-2,1,3,-2,3,5,2,3,1,0,6,-163,1,1,2,2,0,1,-1,1,1,1,3,1
KR_6609173652,420,0,3,4,0,-1,0,1,2,6,4,4,5,1,-2,0,2,-3,0,3,0,0,-45,-2,5,3,6,0,1,1,1,1,-1,5,1
KR_6719397514,420,6,104,38,3,3,4,1,1,2,1,0,2,2,-1,2,3,0,0,0,-1,-1,-67,3,0,3,1,1,5,1,1,1,-1,6,1
KR_6760539519,420,2,20,-28,0,2,2,0,2,5,3,-3,1,4,-1,0,1,0,1,1,0,2,3,-1,5,4,0,0,1,-1,0,1,1,2,1
KR_6537603452,420,6,16,32,9,5,5,0,3,3,0,1,5,4,0,0,0,0,0,0,0,8,10,5,2,7,-6,0,0,-1,0,0,1,5,1
KR_6756042784,420,1,9,-16,7,2,2,0,0,2,2,6,8,2,1,3,2,-2,0,2,0,1,1,1,1,2,-2,0,0,-1,1,-1,1,6,1
KR_6678861212,440,-1,-18,-4,3,4,6,2,0,3,3,-6,3,9,3,3,0,2,2,0,-1,-4,2,2,3,5,4,0,1,-1,1,1,-1,1,1
KR_6760933710,420,3,48,4,7,2,2,0,0,1,1,3,6,3,4,7,3,-2,1,3,0,4,-8,6,2,8,4,0,1,1,1,1,1,6,1
KR_6480433429,420,2,41,-16,5,5,5,0,1,3,2,-7,2,9,3,6,3,3,4,1,1,-5,4,4,3,7,1,0,0,-1,1,1,-1,2,1
KR_6738365963,420,4,18,12,15,-1,1,2,6,6,0,4,4,0,5,6,1,1,1,0,0,18,4,-2,6,4,5,0,0,-1,-1,0,1,4,1
KR_6677523070,440,2,39,-16,11,0,0,0,4,5,1,5,8,3,0,2,2,2,2,0,1,23,-34,-1,4,3,17,0,1,0,-1,1,1,0,1
KR_6627588896,420,2,-58,16,3,-5,0,5,-2,1,3,2,4,2,6,6,0,2,2,0,0,8,15,-3,6,3,2,0,-2,1,-1,-1,-1,4,1
KR_6724631676,420,0,37,4,3,-2,1,3,3,3,0,6,7,1,-4,1,5,0,0,0,0,1,-34,1,1,2,2,0,0,0,1,1,1,0,1
KR_6695102505,420,5,67,28,9,1,3,2,2,2,0,6,6,0,-3,0,3,3,3,0,0,2,-33,2,2,4,3,0,2,1,1,1,-1,6,1
KR_6566394566,420,1,-68,4,2,4,6,2,4,5,1,0,0,0,-4,3,7,-2,1,3,-1,2,-3,-2,3,1,-1,0,-1,-1,1,-1,-1,5,1
KR_6715284399,420,1,-13,16,0,0,2,2,1,2,1,-6,0,6,3,3,0,2,3,1,0,5,-2,1,3,4,3,0,-1,-1,-1,-1,1,4,1
KR_6747406667,440,5,52,68,10,-4,0,4,6,7,1,5,5,0,2,5,3,1,1,0,1,12,2,-1,4,3,-1,0,0,1,1,0,1,1,1
KR_6730490681,420,1,25,-24,3,0,1,1,-1,3,4,-2,1,3,1,4,3,5,5,0,0,3,-16,0,1,1,0,0,1,1,-1,1,1,2,1
KR_6663336473,420,-2,-55,-32,-3,1,2,1,-4,0,4,-1,1,2,1,2,1,0,1,1,0,5,6,-3,5,2,6,0,-1,-1,0,-1,1,5,1
KR_6702279591,420,3,39,12,1,-1,2,3,-3,0,3,1,3,2,3,4,1,1,2,1,-3,3,4,-3,5,2,1,0,1,1,-1,1,1,4,1
KR_6595641099,420,4,44,12,12,3,3,0,1,1,0,5,5,0,4,4,0,-1,0,1,0,9,-8,3,1,4,2,0,1,1,1,1,1,3,1
KR_6692774500,420,1,-9,32,4,0,2,2,1,3,2,1,4,3,1,4,3,1,1,0,1,1,-136,1,5,6,-3,0,1,1,-1,1,1,5,1
KR_6710690970,420,1,16,-31,-1,3,4,1,0,1,1,1,3,2,-5,0,5,0,1,1,-1,-3,22,0,2,2,-1,0,0,1,-1,0,-1,4,1
KR_6660916138,420,4,55,4,8,9,9,0,0,1,1,-3,1,4,0,2,2,2,2,0,0,3,-9,0,4,4,4,0,2,1,1,1,1,1,1
KR_6652939324,440,-1,3,16,7,5,6,1,-6,0,6,2,2,0,4,6,2,2,3,1,0,4,-323,-1,2,1,4,0,1,1,1,1,1,5,1
KR_6501537360,420,4,86,15,11,4,5,1,2,3,1,-3,4,7,6,7,1,2,3,1,-1,12,-24,1,1,2,5,0,2,-1,1,1,-1,4,1
KR_6718845597,420,7,110,71,10,2,3,1,-1,0,1,10,13,3,-4,1,5,3,5,2,1,0,42,4,0,4,-17,0,0,1,1,1,1,1,1
KR_6688935209,420,0,-6,24,-7,0,2,2,-4,0,4,-1,1,2,-2,3,5,0,1,1,1,-14,4,-3,8,5,-2,0,0,1,-1,0,1,6,1
KR_6140330218,420,7,44,16,18,4,5,1,9,10,1,6,9,3,1,1,0,-2,1,3,0,15,-2,-1,5,4,-2,0,2,1,0,1,1,2,1
KR_6762475888,420,3,80,5,6,2,2,0,6,9,3,1,4,3,-5,1,6,2,2,0,0,-9,-4,0,1,1,2,0,0,0,0,1,-1,0,1
KR_6664427140,420,0,34,-22,4,-2,1,3,3,4,1,2,2,0,0,4,4,1,1,0,1,9,-1,0,2,2,1,0,0,1,1,0,1,4,1
KR_6568956775,420,1,44,21,0,2,2,0,-1,2,3,1,4,3,-3,2,5,1,1,0,1,-11,-295,-2,2,0,-4,0,2,-1,1,1,1,6,1
KR_6714438169,420,4,13,16,10,2,5,3,5,6,1,3,5,2,2,3,1,-2,0,2,2,12,24,-2,4,2,-2,0,0,1,1,0,-1,4,1
KR_6748425567,440,4,51,-30,13,0,3,3,-3,3,6,10,10,0,3,5,2,3,3,0,0,14,11,-3,5,2,1,0,1,-1,0,1,1,4,1
KR_6725566545,420,3,15,-15,9,1,1,0,3,3,0,2,3,1,-2,3,5,5,6,1,1,10,10,1,3,4,2,0,0,1,0,0,1,6,1
KR_6755769573,420,2,59,19,4,3,4,1,0,0,0,1,2,1,1,3,2,-1,0,1,0,4,1,1,2,3,2,0,0,-1,0,0,1,4,1
KR_6653491026,420,5,-8,14,14,6,7,1,3,6,3,-1,1,2,3,5,2,3,4,1,0,14,277,-1,4,3,-4,0,1,0,1,1,1,0,1
KR_6718476418,420,-3,-116,-8,-6,-3,0,3,-1,1,2,2,2,0,-5,0,5,1,2,1,0,-3,513,-2,5,3,-3,0,-1,1,0,-1,-1,3,1
KR_6690905483,440,2,61,14,-3,2,3,1,-3,1,4,-1,0,1,3,4,1,-4,0,4,0,-4,147,2,2,4,-4,0,1,0,1,1,1,0,1
KR_6747597371,420,4,79,0,11,6,6,0,2,3,1,-4,1,5,7,8,1,0,0,0,0,4,6,1,3,4,2,0,2,1,0,1,1,1,1
KR_6711036814,420,3,13,22,10,0,0,0,6,6,0,5,5,0,0,4,4,-1,2,3,0,9,3,2,3,5,1,0,0,1,1,1,-1,1,1
KR_6742876110,420,8,84,48,15,3,3,0,2,3,1,2,2,0,6,8,2,2,3,1,0,10,173,-1,2,1,1,0,4,1,1,1,1,2,1
KR_6585095135,420,0,72,-20,2,1,1,0,-2,1,3,-1,3,4,3,4,1,1,1,0,0,0,1,1,5,6,6,0,1,-1,1,1,1,2,1
KR_6753552040,440,-1,-61,8,-6,0,2,2,2,5,3,1,2,1,-9,1,10,0,1,1,1,-3,-1,-1,4,3,0,0,-1,-1,0,-1,1,3,1
KR_6470671290,420,5,53,1,8,1,3,2,-2,0,2,2,2,0,3,4,1,4,5,1,0,5,132,-1,4,3,1,0,2,1,-1,1,1,3,1
KR_6712784480,420,5,54,28,2,5,6,1,-4,0,4,0,1,1,1,3,2,0,1,1,0,-5,10,1,1,2,-1,0,0,1,0,1,1,1,1
KR_6742879981,440,7,116,20,-1,1,2,1,3,4,1,-1,2,3,-2,3,5,-2,1,3,0,3,20,7,1,8,-1,0,4,1,1,1,-1,5,1
KR_6643550699,420,5,68,15,5,2,3,1,1,2,1,0,1,1,2,6,4,0,1,1,0,6,6,-2,4,2,0,0,0,-1,-1,0,1,6,1
KR_6763694692,420,0,75,7,4,0,0,0,5,6,1,-2,0,2,-1,3,4,2,2,0,0,7,17,3,0,3,0,0,1,1,-1,1,1,2,1
KR_6742024568,440,6,43,15,17,1,2,1,9,10,1,0,5,5,2,3,1,5,7,2,1,14,-1,2,2,4,-4,0,2,-1,-1,1,1,4,1
KR_6512128282,420,2,38,-28,-3,-6,1,7,0,3,3,6,8,2,-3,0,3,0,0,0,-1,7,2,-3,5,2,-2,0,0,-1,-1,-1,1,1,1
KR_6257691723,420,0,-3,28,-2,1,2,1,-3,0,3,-1,1,2,1,2,1,0,0,0,0,-1,-17,1,1,2,-1,0,-2,1,1,-1,1,5,1
KR_6716939890,420,2,81,-20,3,-1,0,1,0,2,2,-1,3,4,4,6,2,1,2,1,0,4,-1,-2,4,2,2,0,2,0,1,1,-1,0,1
KR_6755389146,420,-1,-10,12,4,3,3,0,1,3,2,-4,0,4,2,2,0,2,2,0,0,6,-109,2,2,4,-2,0,0,1,1,0,1,2,1
KR_6679707734,420,1,-16,-25,10,2,2,0,1,9,8,6,10,4,4,7,3,-3,0,3,-1,16,-5,-1,3,2,2,0,-1,1,-1,-1,1,4,1
KR_6755055673,420,2,26,-5,2,0,1,1,3,4,1,-5,0,5,6,9,3,-2,2,4,-2,-5,4,2,1,3,-2,0,0,1,-1,0,-1,4,1
KR_6681541129,420,4,79,-1,3,6,9,3,1,3,2,1,3,2,-2,4,6,-3,1,4,0,-7,-23,-2,4,2,0,0,1,1,1,1,-1,5,1
KR_5913489583,420,8,142,44,12,3,4,1,0,1,1,1,2,1,5,7,2,3,3,0,1,5,-1,-3,4,1,7,0,2,1,0,1,1,3,1
KR_6633898490,420,4,16,4,9,3,3,0,4,4,0,5,6,1,0,3,3,-3,1,4,0,10,2,1,3,4,-1,0,-1,1,-1,-1,1,1,1
KR_6636087142,420,5,5,14,9,2,2,0,2,2,0,-7,3,10,11,13,2,1,2,1,0,10,33,-3,4,1,-13,0,0,1,1,0,-1,6,1
KR_6500027259,420,1,46,17,-3,-1,3,4,-3,0,3,0,2,2,1,2,1,0,1,1,-1,-2,-57,-4,5,1,-2,0,0,-1,1,0,-1,4,1
KR_6717720367,420,1,49,-16,4,4,5,1,0,2,2,0,2,2,0,2,2,0,0,0,0,6,0,0,2,2,5,0,1,-1,-1,1,1,3,1
KR_6567803644,420,0,-48,-8,-5,0,0,0,-2,2,4,-1,2,3,0,2,2,-2,0,2,0,-6,0,-1,3,2,-1,0,0,1,0,0,-1,3,1
KR_6720395153,420,3,24,12,6,1,2,1,3,6,3,-5,0,5,4,6,2,3,3,0,0,9,2,-1,4,3,0,0,-2,1,-1,-1,-1,2,1
KR_6734576635,420,6,102,-8,11,4,4,0,5,7,2,2,2,0,0,2,2,0,1,1,0,8,26,2,3,5,3,0,2,1,1,1,1,1,1
KR_6607339769,440,3,64,40,-2,1,3,2,-3,0,3,5,5,0,-3,0,3,-2,1,3,0,-3,105,-1,6,5,1,0,-1,1,-1,-1,1,1,1
KR_6733855411,440,3,-9,16,7,4,4,0,0,4,4,1,3,2,2,5,3,0,0,0,0,7,-284,0,2,2,-2,0,1,-1,1,1,1,5,1
KR_6693508848,420,4,50,5,9,5,5,0,3,4,1,-1,0,1,3,3,0,-1,1,2,0,2,-14,4,0,4,3,0,1,1,0,1,1,3,1
KR_6761921532,420,3,13,16,8,-1,0,1,5,6,1,-1,4,5,2,3,1,3,4,1,-1,11,2,-1,1,0,1,0,1,-1,0,1,-1,3,1
KR_6720426526,420,3,-18,23,6,0,1,1,1,1,0,5,5,0,0,1,1,0,1,1,0,5,-8,0,2,2,2,0,0,1,1,0,1,2,1
KR_6746138019,440,-5,-76,-22,-4,-3,2,5,2,3,1,-4,1,5,1,2,1,0,0,0,0,3,-115,2,5,7,1,0,-4,-1,-1,-1,1,1,1
KR_6650307342,420,2,7,8,12,0,2,2,1,1,0,0,3,3,8,8,0,3,3,0,0,15,12,-3,8,5,2,0,1,1,-1,1,1,3,1
KR_6567970391,420,0,24,6,-2,0,2,2,-1,2,3,0,2,2,0,0,0,-1,0,1,0,-8,49,1,2,3,-27,0,1,1,0,1,-1,4,1
KR_6634576548,420,-2,48,20,0,0,0,0,-5,0,5,0,0,0,3,4,1,2,2,0,0,0,6,3,2,5,-2,0,2,0,-1,1,-1,0,1
KR_6742147686,440,3,42,8,-6,2,4,2,0,1,1,-3,0,3,-6,6,12,1,1,0,-5,-14,16,4,2,6,-3,0,1,1,1,1,-1,1,1
KR_6712443007,420,4,20,25,2,-2,1,3,-7,1,8,1,2,1,7,8,1,3,3,0,0,2,-221,0,2,2,1,0,0,-1,1,1,1,5,1
KR_6760946931,440,0,-3,22,-2,-5,1,6,8,8,0,1,1,0,-4,1,5,-2,2,4,0,3,12,4,1,5,-2,0,2,1,-1,1,-1,2,1
KR_6760847431,420,0,-62,0,-3,-1,1,2,-1,1,2,2,4,2,-2,0,2,-1,1,2,0,-2,0,-1,4,3,2,0,-1,0,-1,-1,1,0,1
KR_6677191777,420,0,43,23,4,-1,1,2,2,2,0,3,4,1,0,1,1,0,1,1,0,-3,5,-1,4,3,0,0,1,-1,1,1,-1,6,1
KR_6667882441,420,2,4,8,-3,3,3,0,-3,0,3,-1,4,5,-1,0,1,-1,1,2,2,-1,2,-5,5,0,0,0,1,-1,1,1,1,3,1
KR_6726020604,420,1,36,0,-1,4,5,1,3,4,1,-5,1,6,-4,0,4,1,1,0,0,0,-1,-2,4,2,0,0,0,-1,0,0,1,5,1
KR_6654306475,420,2,55,-8,5,1,2,1,-3,0,3,4,4,0,2,3,1,1,1,0,0,2,1,0,3,3,5,0,0,1,1,1,1,1,1
KR_6716536373,440,-1,-144,-32,4,1,3,2,-3,1,4,-3,2,5,8,8,0,1,5,4,0,12,0,2,4,6,-2,0,-1,-1,-1,-1,1,4,1
KR_6750661809,420,5,82,11,6,-1,1,2,2,2,0,1,4,3,2,3,1,2,3,1,0,4,-97,2,1,3,-2,0,2,1,1,1,-1,6,1
KR_6749973446,420,1,16,-41,9,4,4,0,3,4,1,-2,5,7,4,4,0,0,0,0,0,9,336,-1,3,2,-3,0,1,1,1,1,1,5,1
KR_6496403488,420,9,41,65,25,0,2,2,17,17,0,2,5,3,4,4,0,2,3,1,0,14,48,4,3,7,0,0,3,0,1,1,-1,0,1
KR_6718712551,420,8,109,39,24,12,12,0,2,3,1,7,8,1,3,4,1,0,0,0,0,7,-47,-4,4,0,11,0,4,0,1,1,1,0,1
KR_6505078150,420,1,43,-13,7,2,4,2,1,4,3,-1,0,1,5,7,2,0,0,0,0,12,51,2,7,9,-28,0,1,-1,-1,1,-1,4,1
KR_6723738422,420,9,121,-8,15,3,3,0,1,2,1,5,6,1,3,3,0,3,3,0,0,10,-5,4,2,6,-1,0,3,1,1,1,1,1,1
KR_6704459343,420,1,-38,-6,5,7,7,0,-1,2,3,3,4,1,-2,4,6,-2,1,3,0,0,-290,-2,5,3,0,0,1,-1,1,1,1,6,1
KR_6729169773,420,5,77,11,6,2,6,4,-3,3,6,2,2,0,3,5,2,2,4,2,1,1,6,-3,5,2,-2,0,2,1,0,1,1,5,1
KR_6697852848,420,3,50,-1,6,6,8,2,-2,0,2,-3,1,4,5,6,1,0,1,1,-1,8,28,-2,3,1,-1,0,1,1,-1,1,-1,3,1
KR_6320981926,420,2,9,-4,2,-3,1,4,4,5,1,0,3,3,1,2,1,0,0,0,0,5,17,-2,6,4,-4,0,0,1,-1,-1,-1,4,1
KR_6672586824,420,-1,37,-12,4,0,2,2,5,6,1,-4,0,4,4,4,0,-1,0,1,0,0,340,2,3,5,4,0,0,1,-1,-1,-1,6,1
KR_6749393243,440,0,-11,-1,-4,0,1,1,-4,1,5,7,9,2,-3,0,3,-4,1,5,0,-12,232,3,2,5,-5,0,1,0,0,1,1,0,1
KR_6693866615,420,-2,-11,28,-3,1,2,1,1,2,1,-5,0,5,0,0,0,0,2,2,0,-8,5,2,0,2,-3,0,-1,1,1,-1,-1,2,1
KR_6746443603,420,-4,-64,-33,-15,0,2,2,-5,3,8,-7,0,7,-1,0,1,-2,2,4,0,-6,4,4,1,5,-2,0,-1,1,-1,-1,-1,1,1
KR_6735544026,440,4,146,20,8,-1,1,2,-1,2,3,3,6,3,5,8,3,2,2,0,1,11,62,6,2,8,-35,0,1,0,1,1,1,0,1
KR_6723843674,420,-1,9,0,-1,-5,0,5,4,5,1,-1,3,4,3,3,0,-2,0,2,1,10,18,0,3,3,2,0,-1,0,0,-1,1,0,1
KR_6731311752,420,8,67,24,15,2,5,3,5,5,0,0,2,2,7,8,1,1,1,0,1,18,-96,-3,8,5,2,0,2,1,1,1,1,4,1
KR_6617773079,420,1,4,0,-1,0,3,3,2,6,4,-1,2,3,-6,3,9,4,5,1,-2,-5,9,-1,5,4,0,0,-1,-1,1,-1,-1,3,1
KR_6571131358,420,6,36,-13,15,2,3,1,5,7,2,2,5,3,6,8,2,0,0,0,0,15,1,-1,4,3,6,0,0,1,0,1,-1,5,1
KR_6689728179,440,2,-36,20,-3,5,6,1,1,4,3,0,1,1,-4,0,4,-5,0,5,0,-10,3,0,6,6,-5,0,0,-1,1,-1,1,6,1
KR_6747817681,440,2,-2,1,6,4,5,1,0,1,1,-1,4,5,1,2,1,2,2,0,0,4,42,-1,3,2,-21,0,0,1,0,1,1,2,1
KR_6327953625,420,4,72,40,10,-1,1,2,-1,4,5,2,2,0,7,7,0,3,3,0,0,16,25,2,3,5,-1,0,1,1,1,1,1,6,1
KR_6613847526,440,3,10,19,12,-2,1,3,5,5,0,-1,2,3,7,9,2,3,3,0,0,19,27,3,0,3,-1,0,2,1,1,1,1,1,1
KR_6754559631,420,2,-2,-16,9,3,5,2,1,1,0,8,13,5,-3,0,3,0,1,1,2,4,-4,0,3,3,1,0,2,1,1,1,1,5,1
KR_6763354919,440,-2,-54,-4,5,0,3,3,1,4,3,-5,1,6,9,9,0,0,2,2,-1,12,102,1,4,5,-4,0,-2,1,-1,-1,-1,4,1
KR_6589421862,420,6,79,9,4,1,4,3,-2,2,4,0,3,3,4,5,1,1,3,2,1,3,10,2,3,5,-3,0,0,-1,1,-1,1,4,1
KR_6617680186,420,3,86,28,5,3,7,4,0,4,4,0,2,2,-1,3,4,3,4,1,0,1,12,-1,3,2,2,0,1,1,-1,1,-1,1,1
KR_6724935816,420,1,65,6,5,-2,1,3,-1,5,6,1,4,3,6,11,5,1,1,0,2,12,-8,-2,8,6,4,0,1,1,-1,-1,1,3,1
KR_6764691287,420,6,101,36,17,1,3,2,-1,1,2,4,4,0,5,5,0,8,8,0,0,15,0,1,3,4,-2,0,2,1,-1,1,1,5,1
KR_6630635068,420,4,59,32,6,2,3,1,7,8,1,-1,2,3,-1,2,3,-1,0,1,0,5,283,-2,4,2,1,0,2,1,1,1,1,4,1
KR_6624626150,420,-1,129,4,1,2,3,1,0,2,2,-1,0,1,1,4,3,-1,1,2,0,4,21,1,2,3,1,0,0,-1,1,0,1,1,1
KR_6715784764,420,-2,-13,-20,-6,1,1,0,6,6,0,-4,0,4,-8,0,8,-1,2,3,-1,-9,-10,2,3,5,1,0,0,-1,-1,0,-1,1,1
KR_6560594176,420,4,35,5,10,4,6,2,3,5,2,2,3,1,3,6,3,-2,2,4,1,12,0,-2,5,3,1,0,-1,1,1,-1,-1,3,1
KR_6682981271,420,2,47,24,14,7,7,0,-1,3,4,3,4,1,5,7,2,0,2,2,0,16,1,-3,4,1,1,0,0,1,0,0,1,2,1
KR_6761521208,420,3,-10,4,10,2,2,0,1,1,0,0,5,5,3,3,0,4,4,0,0,8,-3,0,4,4,-2,0,-1,1,0,-1,-1,2,1
KR_6622841694,420,1,98,78,4,0,1,1,3,4,1,-2,0,2,3,3,0,0,1,1,0,1,9,1,5,6,-1,0,1,1,1,1,1,1,1
KR_6593109093,420,3,58,28,7,5,6,1,0,5,5,3,4,1,2,6,4,-3,2,5,1,-4,2,-2,4,2,4,0,1,1,1,1,-1,2,1
KR_6582295534,420,1,28,45,-4,-5,0,5,-1,4,5,3,3,0,-1,2,3,0,1,1,0,-6,0,-1,7,6,5,0,0,1,1,0,-1,3,1
KR_6516013973,420,1,-57,-12,4,-3,2,5,3,4,1,7,8,1,-4,2,6,1,1,0,0,3,3,2,2,4,-1,0,0,-1,-1,-1,1,1,1
KR_6105823274,420,2,93,-4,6,-2,0,2,4,5,1,6,8,2,0,3,3,-2,0,2,0,1,-35,0,2,2,23,0,0,-1,1,1,1,4,1
KR_6763926820,420,1,51,27,6,1,4,3,-1,0,1,-3,0,3,1,3,2,8,10,2,1,6,30,1,1,2,-22,0,0,1,0,-1,1,1,1
KR_6740092132,420,3,43,-23,7,2,2,0,0,3,3,0,0,0,5,6,1,0,0,0,0,9,16,-3,6,3,3,0,1,-1,-1,1,-1,6,1
KR_6615917908,420,2,26,12,8,1,1,0,4,6,2,0,1,1,1,4,3,2,4,2,0,10,3,0,1,1,1,0,0,1,0,1,-1,1,1
KR_6638077000,420,-1,-30,-21,-5,0,1,1,0,3,3,5,7,2,-7,0,7,-3,0,3,0,0,-10,2,1,3,1,0,-1,-1,0,-1,-1,4,1
KR_6761525965,440,1,-24,27,10,-5,0,5,6,8,2,1,1,0,4,5,1,4,4,0,0,15,28,3,0,3,0,0,-1,0,0,-1,1,0,1
KR_6727144415,420,0,-22,25,0,-2,0,2,2,4,2,0,1,1,0,6,6,0,2,2,-1,4,0,-4,5,1,1,0,0,1,1,-1,-1,2,1
KR_6693391611,440,3,56,8,4,-1,3,4,1,4,3,-1,2,3,4,8,4,1,2,1,0,10,7,5,1,6,-2,0,0,0,0,0,1,0,1
KR_6761963028,420,0,18,-20,-2,0,0,0,5,9,4,-5,0,5,-2,1,3,0,1,1,0,-1,100,1,5,6,7,0,0,-1,0,0,-1,6,1
KR_6751900596,440,6,68,40,7,1,3,2,6,7,1,2,4,2,0,3,3,-2,2,4,0,6,3,0,1,1,1,0,2,1,1,1,1,6,1
KR_6645722468,420,-3,13,-4,-5,1,2,1,2,6,4,3,3,0,-6,0,6,-5,1,6,0,-9,-11,-2,4,2,1,0,0,0,0,-1,1,0,1
KR_6571093137,420,3,-22,12,3,2,2,0,2,2,0,1,2,1,0,4,4,-2,1,3,0,-2,126,0,5,5,-1,0,1,1,1,1,1,6,1
KR_6762144393,420,-1,-47,-7,-3,-2,1,3,-1,3,4,-3,0,3,2,3,1,1,3,2,0,7,-40,-4,7,3,6,0,0,1,-1,-1,1,5,1
KR_6710020602,420,1,89,12,-1,-3,0,3,7,8,1,-7,3,10,1,3,2,1,3,2,-1,-6,2,-4,7,3,5,0,2,1,-1,1,-1,2,1
KR_6726349579,420,3,33,16,3,0,2,2,1,2,1,1,1,0,1,2,1,0,1,1,0,4,8,4,2,6,2,0,0,1,1,0,-1,4,1
KR_6744068956,420,0,15,0,0,-2,0,2,-4,1,5,3,4,1,2,5,3,1,1,0,0,-1,-5,3,5,8,2,0,-1,1,1,-1,1,4,1
KR_6727437371,420,-2,60,-32,-5,1,1,0,-2,3,5,-1,1,2,-3,3,6,0,1,1,0,-6,-5,-3,4,1,0,0,1,1,1,1,-1,6,1
KR_6760069044,420,0,30,-24,1,0,2,2,-1,1,2,4,4,0,-2,3,5,0,1,1,0,1,3,4,1,5,5,0,0,-1,-1,0,-1,6,1
KR_6763223369,420,-1,-4,-3,1,2,2,0,-1,1,2,-1,4,5,1,1,0,0,0,0,0,1,0,0,1,1,2,0,0,1,0,0,-1,6,1
KR_6609329484,420,1,30,15,2,0,2,2,6,6,0,2,4,2,-6,1,7,0,0,0,0,0,-8,1,4,5,-5,0,1,1,1,1,-1,4,1
KR_6742267798,420,1,11,20,2,-5,0,5,4,7,3,1,4,3,1,1,0,1,1,0,0,10,0,-2,4,2,-2,0,-1,1,0,-1,-1,4,1
KR_6471608434,420,2,12,42,1,1,2,1,-2,4,6,1,3,2,2,3,1,-1,2,3,0,-2,9,-4,5,1,1,0,1,1,-1,1,-1,5,1
KR_6757392551,440,4,66,-4,10,2,3,1,5,5,0,1,1,0,3,4,1,-1,1,2,1,9,2,-3,5,2,0,0,1,0,-1,1,1,0,1
KR_6622792913,440,0,-10,-5,-1,-1,0,1,-4,1,5,2,2,0,2,2,0,0,0,0,1,4,6,1,2,3,-1,0,0,1,-1,-1,1,2,1
KR_6747714414,420,5,7,27,13,5,5,0,6,6,0,1,3,2,1,3,2,0,0,0,0,8,-32,0,3,3,16,0,0,1,0,0,1,6,1
KR_6759318233,420,3,62,20,3,-1,0,1,2,2,0,0,5,5,1,3,2,1,1,0,0,3,-17,4,4,8,-3,0,0,0,0,0,-1,0,1
KR_6733552142,420,7,65,39,20,7,9,2,5,5,0,5,7,2,0,6,6,3,4,1,0,18,2,-2,6,4,3,0,2,1,1,1,-1,2,1
KR_6722339583,420,6,203,-16,16,3,3,0,-1,0,1,10,10,0,4,5,1,0,1,1,0,13,14,3,0,3,0,0,3,1,1,1,1,6,1
KR_6752806893,420,4,21,44,7,3,4,1,4,4,0,0,2,2,1,4,3,-1,4,5,0,2,-5,-1,2,1,-1,0,0,1,1,0,1,2,1
KR_6648806412,420,1,1,-4,5,1,3,2,4,7,3,2,3,1,-1,1,2,-1,1,2,1,3,5,4,2,6,-1,0,0,1,-1,0,1,2,1
KR_6583604368,420,0,62,4,4,-3,1,4,6,6,0,-2,0,2,2,5,3,1,1,0,0,7,6,1,2,3,0,0,1,0,-1,1,1,0,1
KR_6587601511,420,4,20,102,4,1,3,2,-1,2,3,0,0,0,1,3,2,3,3,0,0,3,30,-3,4,1,-12,0,-1,1,1,1,1,3,1
KR_6474964560,420,8,114,-3,26,7,7,0,10,11,1,5,5,0,3,5,2,1,1,0,0,21,3,4,0,4,-1,0,3,-1,1,1,1,5,1
KR_5999750828,420,8,15,11,15,0,1,1,2,3,1,5,6,1,6,8,2,2,2,0,0,22,58,0,5,5,3,0,2,1,0,1,1,1,1
KR_6625238444,420,0,16,19,3,7,9,2,0,1,1,-4,1,5,5,7,2,-5,0,5,0,0,-5,-6,7,1,3,0,0,1,1,0,1,5,1
KR_6428300675,440,-1,-20,-18,-6,0,1,1,3,5,2,1,1,0,-7,0,7,-3,0,3,0,-10,7,2,3,5,1,0,0,0,-1,0,1,0,1
KR_6746815936,420,5,63,24,7,2,3,1,4,4,0,4,4,0,-3,0,3,0,0,0,0,0,-9,2,1,3,0,0,1,1,1,1,-1,4,1
KR_6658649099,420,3,44,15,12,5,6,1,2,7,5,2,2,0,0,1,1,3,3,0,0,12,-2,0,4,4,0,0,1,1,-1,1,-1,5,1
KR_6529662173,420,-2,20,-28,-7,-3,0,3,-2,2,4,0,1,1,0,3,3,-2,0,2,0,-8,3,0,4,4,2,0,0,-1,0,0,-1,6,1
KR_6550668269,440,4,10,44,7,-2,1,3,4,5,1,1,1,0,1,3,2,3,4,1,0,1,-32,4,1,5,-1,0,1,1,1,1,1,4,1
KR_6759712818,420,-2,7,16,-7,3,3,0,0,2,2,0,5,5,-6,0,6,-4,0,4,0,-14,-18,1,2,3,-3,0,0,-1,1,0,1,6,1
KR_6678153782,420,-2,-41,-5,3,-2,0,2,2,3,1,2,5,3,3,4,1,-2,0,2,-1,4,4,-4,8,4,-4,0,0,0,-1,0,-1,0,1
KR_6711912668,420,2,26,5,9,-1,2,3,0,3,3,0,1,1,2,3,1,8,8,0,0,10,144,-2,4,2,2,0,1,1,-1,1,1,6,1
KR_6752852103,420,4,29,11,11,2,3,1,5,5,0,4,5,1,3,3,0,-3,1,4,0,5,-1,1,1,2,-1,0,3,1,1,1,1,3,1
KR_6720459441,420,-1,28,4,-3,-5,0,5,-1,2,3,3,4,1,0,1,1,0,2,2,0,-5,13,-3,4,1,2,0,1,0,1,1,1,0,1
KR_6760929777,420,2,14,12,-1,5,6,1,1,2,1,-1,3,4,-1,1,2,-5,0,5,0,-4,-3,0,0,0,1,0,-1,1,1,-1,-1,4,1
KR_6695227549,420,0,-9,1,6,2,2,0,-3,4,7,0,4,4,2,5,3,5,5,0,2,8,-3,3,5,8,1,0,0,-1,1,1,1,1,1
KR_6761356448,420,6,137,32,17,5,6,1,1,1,0,3,6,3,1,1,0,7,9,2,1,7,-128,2,0,2,-1,0,3,1,0,1,1,1,1
KR_6548565501,420,-2,-33,0,1,-2,1,3,3,6,3,-4,0,4,1,4,3,3,3,0,0,6,-18,1,6,7,-6,0,0,1,-1,0,1,1,1
KR_6758619559,420,3,-35,-1,11,-2,2,4,5,5,0,1,1,0,4,4,0,3,4,1,0,19,-1,-1,4,3,6,0,0,1,0,0,1,5,1
KR_6108597283,440,4,40,-7,11,2,2,0,1,1,0,6,6,0,4,5,1,-2,0,2,0,0,-110,3,3,6,3,0,0,1,0,0,1,2,1
KR_6608558678,420,-2,-79,2,-6,-1,2,3,0,4,4,5,6,1,-5,1,6,-5,0,5,0,-5,-48,2,3,5,20,0,-2,-1,-1,-1,-1,4,1
KR_6519625596,420,-1,-13,-27,-2,-3,1,4,2,3,1,-1,0,1,-1,1,2,1,1,0,0,1,-1,-1,2,1,0,0,1,1,1,1,-1,1,1
KR_6575437598,420,0,-23,-11,-5,-5,0,5,1,2,1,1,3,2,1,1,0,-3,0,3,0,-2,45,0,2,2,-23,0,-1,1,-1,-1,-1,4,1
KR_6720081347,420,1,24,20,-1,-2,0,2,-2,1,3,1,2,1,3,5,2,-1,0,1,0,3,30,-4,5,1,3,0,0,1,-1,-1,-1,5,1
KR_6609772662,420,1,3,4,4,3,4,1,-4,0,4,-2,1,3,4,10,6,3,3,0,0,0,-17,-3,6,3,4,0,2,1,1,1,1,4,1
KR_6590447691,420,-3,-15,-8,-2,-2,0,2,-1,3,4,3,5,2,-2,1,3,0,1,1,0,-6,-39,2,2,4,20,0,0,1,-1,0,1,3,1
KR_6759040503,420,-3,-3,6,-1,-4,2,6,-1,4,5,3,4,1,2,3,1,-1,1,2,0,5,-2,2,1,3,-2,0,0,1,-1,-1,1,5,1
KR_6622576650,420,5,39,16,9,1,3,2,2,3,1,0,1,1,3,3,0,3,3,0,-1,10,4,0,3,3,6,0,0,1,-1,1,-1,4,1
KR_6757656653,440,3,-3,0,4,3,3,0,-3,7,10,2,4,2,2,3,1,0,0,0,0,4,-14,1,6,7,2,0,-1,1,-1,-1,-1,6,1
KR_6712420288,420,1,0,31,5,3,3,0,3,4,1,-1,0,1,0,4,4,0,4,4,0,4,-207,-1,4,3,-6,0,0,1,-1,0,-1,1,1
KR_6665395209,420,3,130,-20,7,5,5,0,10,11,1,2,3,1,-7,1,8,-3,3,6,0,1,-1,0,2,2,0,0,0,1,0,1,1,4,1
KR_6628072367,420,5,98,-16,9,3,5,2,-1,2,3,6,6,0,1,3,2,0,1,1,0,2,-50,1,2,3,4,0,2,0,1,1,1,0,1
KR_6764158310,420,-2,-31,-1,-5,1,2,1,-1,1,2,2,2,0,-5,0,5,-2,0,2,0,-7,-217,-1,7,6,-4,0,-1,-1,1,-1,-1,4,1
KR_6733463062,440,-3,-53,-24,-2,-2,2,4,3,6,3,-1,1,2,-6,2,8,4,4,0,-1,0,2,0,4,4,-1,0,-2,1,-1,-1,-1,2,1
KR_6754916084,420,1,-37,-16,3,1,2,1,-1,0,1,2,4,2,0,2,2,1,5,4,0,-6,-36,-3,5,2,-1,0,1,-1,-1,-1,-1,4,1
KR_6698322599,420,3,90,31,6,8,8,0,3,4,1,0,1,1,-5,2,7,0,0,0,0,-5,-2,-2,5,3,0,0,0,0,1,1,1,0,1
KR_6754133118,420,-1,53,13,1,0,0,0,0,4,4,1,4,3,0,0,0,0,0,0,0,-5,2,3,4,7,-2,0,0,0,1,1,1,0,1
KR_6669122340,420,4,34,0,6,3,3,0,-2,2,4,4,6,2,1,3,2,0,1,1,0,-3,1,-1,5,4,3,0,1,1,0,1,1,3,1
KR_6677077969,420,0,28,-36,-6,0,0,0,1,3,2,1,1,0,-6,2,8,-2,0,2,-1,-11,2,-1,4,3,1,0,0,1,-1,-1,-1,3,1
KR_6739798284,420,-1,42,-16,-2,1,1,0,-3,1,4,3,4,1,-3,0,3,0,1,1,0,-3,-3,3,2,5,-2,0,0,1,0,0,1,2,1
KR_6620154658,420,2,27,20,-2,4,4,0,-7,1,8,-1,2,3,2,4,2,0,1,1,0,-2,1,-3,4,1,-1,0,1,0,1,1,-1,0,1
KR_6739240266,420,0,20,5,-10,1,5,4,-6,2,8,1,2,1,-7,2,9,1,2,1,1,-22,-4,0,6,6,0,0,-1,-1,1,-1,1,6,1
KR_6618047261,420,1,39,-5,0,-2,3,5,-3,1,4,2,2,0,0,0,0,3,3,0,0,-1,49,-2,5,3,-22,0,1,0,1,1,1,0,1
KR_6603222036,420,0,17,-1,5,-2,1,3,3,4,1,-2,1,3,5,5,0,1,1,0,0,10,3,1,4,5,-1,0,1,0,1,1,-1,0,1
KR_6754786357,420,3,31,-6,12,3,5,2,5,5,0,1,3,2,2,2,0,1,1,0,1,8,92,1,3,4,0,0,3,0,1,1,1,0,1
KR_6762305628,420,6,8,20,19,3,3,0,3,5,2,4,4,0,6,6,0,3,3,0,0,21,20,3,2,5,-1,0,2,1,0,1,1,5,1
KR_6355711847,440,2,25,-14,4,0,2,2,0,1,1,1,5,4,2,4,2,1,1,0,0,-1,0,0,0,0,2,0,-1,-1,-1,-1,1,2,1
KR_6748191893,420,-3,-35,-49,-10,-7,0,7,-2,3,5,-3,0,3,2,3,1,0,1,1,0,3,-121,-3,4,1,-2,0,-3,-1,0,-1,-1,6,1
KR_6739148209,420,9,118,73,18,2,2,0,6,7,1,8,9,1,1,3,2,1,3,2,0,15,-96,4,4,8,-2,0,2,1,1,1,1,6,1
KR_6689599001,420,3,50,3,7,0,1,1,3,5,2,-1,0,1,1,3,2,4,4,0,0,9,-3,-2,5,3,3,0,1,1,0,1,1,5,1
KR_6695615192,440,0,79,-18,-2,3,4,1,3,5,2,3,3,0,-2,4,6,-9,3,12,1,-5,-1,5,1,6,0,0,1,1,-1,1,1,5,1
KR_6423089611,420,1,-8,-36,-2,0,1,1,-2,4,6,3,4,1,0,4,4,-3,0,3,-2,-5,-1,-2,6,4,3,0,0,-1,-1,0,-1,6,1
KR_6764203708,420,2,-46,40,6,-2,0,2,4,4,0,-1,2,3,8,9,1,-3,1,4,0,5,-22,-1,1,0,-1,0,0,1,1,1,1,4,1
KR_6688958065,420,2,52,0,6,2,2,0,-2,2,4,1,2,1,4,4,0,1,1,0,2,1,15,4,3,7,-5,0,1,1,0,1,1,5,1
KR_6591077377,420,9,129,43,23,8,8,0,2,3,1,2,2,0,12,13,1,-1,1,2,0,13,3,0,5,5,4,0,2,1,-1,1,1,1,1
KR_6422686887,420,4,61,-6,4,4,4,0,-1,3,4,5,5,0,-3,1,4,-1,0,1,0,0,6,2,4,6,2,0,1,1,-1,1,1,1,1
KR_6735267676,420,1,12,-10,4,1,3,2,3,5,2,-1,2,3,2,6,4,-1,0,1,0,6,6,-4,8,4,7,0,1,1,-1,1,1,6,1
KR_6753496367,440,6,72,-12,13,0,3,3,6,7,1,2,4,2,2,2,0,3,3,0,-1,17,-1,1,1,2,-1,0,1,1,-1,-1,-1,1,1
KR_6764204809,420,1,-22,0,9,0,0,0,6,9,3,2,4,2,2,2,0,-1,0,1,0,17,3,0,3,3,-1,0,0,1,1,0,1,6,1
KR_6589551749,420,6,39,20,7,5,5,0,-2,5,7,3,5,2,1,5,4,0,2,2,0,6,-4,-6,8,2,0,0,1,-1,1,1,1,6,1
KR_6754156244,420,-2,-39,-16,-5,-1,1,2,1,2,1,-1,3,4,-2,1,3,-2,0,2,1,0,-5,1,1,2,1,0,0,-1,-1,0,1,4,1
KR_6646042204,420,1,9,0,5,1,2,1,0,3,3,3,3,0,1,3,2,0,1,1,0,4,-1,2,2,4,3,0,1,1,-1,-1,-1,3,1
KR_6743437938,420,4,16,17,9,4,4,0,0,2,2,7,7,0,2,5,3,-4,0,4,1,1,3,2,2,4,-5,0,2,0,1,1,1,0,1
KR_6689450934,420,6,91,40,20,3,5,2,10,13,3,2,4,2,4,5,1,1,1,0,0,29,13,5,1,6,1,0,2,0,0,1,1,0,1
KR_6729515421,440,4,61,4,13,6,7,1,-1,2,3,6,7,1,-2,3,5,4,4,0,1,9,-9,1,6,7,7,0,3,-1,1,1,1,5,1
KR_6762124690,420,0,4,28,-2,-4,0,4,-2,0,2,0,1,1,3,3,0,1,1,0,0,0,13,1,3,4,-1,0,0,1,-1,-1,1,3,1
KR_6618865167,420,-2,-68,12,-4,-1,2,3,-2,2,4,3,5,2,-2,5,7,-2,0,2,2,-8,-6,-1,3,2,0,0,-1,-1,0,-1,1,1,1
KR_6759398577,420,1,-26,-4,5,1,5,4,-2,0,2,-1,1,2,4,5,1,3,3,0,1,6,3,0,1,1,5,0,1,1,1,1,1,3,1
KR_6727725618,440,3,44,-20,2,1,1,0,0,1,1,2,3,1,2,3,1,-3,1,4,0,1,7,4,1,5,0,0,0,-1,1,0,-1,2,1
KR_6764088357,420,5,61,-20,13,2,5,3,-1,0,1,10,10,0,1,4,3,1,3,2,0,3,-16,-2,5,3,3,0,1,1,1,1,1,3,1
KR_6602465505,420,1,100,-23,4,-2,1,3,6,9,3,-3,3,6,2,2,0,1,2,1,1,12,-29,4,1,5,1,0,1,-1,-1,1,1,2,1
KR_6746512386,440,-1,-29,28,-2,-3,0,3,2,4,2,-2,1,3,1,4,3,0,1,1,0,-3,45,-2,3,1,-32,0,-1,1,1,-1,-1,6,1
KR_6666673536,420,0,-39,4,-1,-3,1,4,1,1,0,0,1,1,0,1,1,1,1,0,0,-4,-355,-1,2,1,-1,0,0,1,-1,-1,-1,4,1
KR_6711774915,420,2,32,26,-1,3,6,3,-2,2,4,0,3,3,-3,1,4,1,2,1,0,-5,0,-4,5,1,1,0,2,1,1,1,1,2,1
KR_6706041868,420,2,7,20,8,2,2,0,1,1,0,3,5,2,2,3,1,0,1,1,0,5,11,-2,5,3,-5,0,-1,0,-1,-1,1,0,1
KR_6728461669,420,2,22,13,-4,3,3,0,-5,0,5,-2,1,3,-2,0,2,2,2,0,0,-7,111,-5,7,2,-3,0,-1,-1,-1,-1,-1,2,1
KR_6757950258,420,1,-19,-44,-1,0,1,1,-2,1,3,-2,2,4,3,5,2,0,1,1,-2,10,266,-1,1,0,3,0,0,1,1,-1,-1,6,1
KR_6732464212,440,3,55,0,0,-1,1,2,3,3,0,-3,0,3,2,2,0,-1,0,1,0,-2,12,4,1,5,2,0,1,1,1,1,-1,4,1
KR_6258927298,440,4,116,18,4,-1,2,3,-1,4,5,1,4,3,4,5,1,1,1,0,0,-6,1,4,4,8,3,0,0,0,0,1,1,0,1
KR_6552916286,420,1,-58,9,5,2,5,3,0,1,1,-2,2,4,5,5,0,0,2,2,0,9,-20,-3,5,2,-1,0,-1,1,-1,-1,1,1,1
KR_6594772335,440,6,74,12,15,1,2,1,3,6,3,4,6,2,4,5,1,3,3,0,0,14,11,1,2,3,3,0,1,1,1,1,1,4,1
KR_6700275142,440,8,49,4,21,3,4,1,6,10,4,-2,1,3,11,11,0,3,4,1,0,15,-1,-5,8,3,3,0,4,1,1,1,1,6,1
KR_6727443116,420,6,92,28,9,1,2,1,3,3,0,1,4,3,5,5,0,-1,0,1,0,6,334,1,0,1,1,0,1,1,1,1,1,3,1
KR_6758001177,420,2,47,3,1,2,4,2,1,4,3,-1,1,2,1,3,2,-2,0,2,-1,2,-1,0,5,5,0,0,-1,1,1,1,-1,1,1
KR_6640906783,420,2,55,46,6,1,1,0,3,4,1,3,5,2,-2,1,3,1,2,1,0,4,10,0,4,4,-1,0,1,1,1,1,-1,6,1
KR_6745248561,420,1,-37,4,-3,-1,4,5,-1,1,2,-3,1,4,1,1,0,1,1,0,0,3,24,0,2,2,-1,0,0,-1,1,0,-1,6,1
KR_6726088200,420,2,47,8,3,0,1,1,3,3,0,1,3,2,-1,0,1,0,1,1,0,-4,-6,-1,6,5,0,0,0,1,-1,0,1,1,1
KR_6758577726,420,-2,-24,0,-8,-4,0,4,0,3,3,-4,1,5,1,4,3,-1,4,5,0,8,3,-1,4,3,4,0,1,-1,-1,-1,-1,1,1
KR_6745205640,420,3,80,-16,12,7,7,0,-6,0,6,7,8,1,2,2,0,2,3,1,0,3,1,-2,3,1,1,0,1,-1,-1,1,1,1,1
KR_6723072427,420,2,80,2,2,5,5,0,-5,3,8,3,4,1,-2,2,4,1,2,1,0,0,-114,4,3,7,-3,0,1,1,1,1,1,5,1
KR_6754527883,420,0,-14,-7,-2,0,2,2,-2,2,4,1,5,4,-2,1,3,1,1,0,0,3,-21,0,3,3,25,0,-1,0,-1,-1,-1,0,1
KR_6760852816,420,1,73,-5,4,2,2,0,5,6,1,-1,1,2,0,1,1,-2,0,2,0,15,2,3,1,4,-1,0,-1,1,1,1,-1,3,1
KR_6763547122,440,-2,1,1,-6,-2,0,2,0,0,0,-3,1,4,0,1,1,-1,0,1,0,-5,-42,0,4,4,28,0,-2,1,-1,-1,1,2,1
KR_6316070636,420,7,85,29,12,-1,0,1,11,11,0,-1,1,2,4,4,0,-1,1,2,-1,10,7,4,1,5,2,0,2,1,1,1,-1,1,1
KR_6755323543,440,2,21,27,3,0,3,3,-2,1,3,1,3,2,4,10,6,0,0,0,-2,-4,9,1,1,2,-1,0,0,1,-1,0,-1,2,1
KR_6118916248,420,2,30,16,1,-2,0,2,3,5,2,-1,0,1,-2,0,2,3,3,0,0,1,34,-4,4,0,-17,0,1,0,-1,1,1,0,1
KR_6679732048,420,-2,26,8,-8,3,5,2,-4,0,4,-2,2,4,0,1,1,-5,0,5,0,-10,8,-5,7,2,0,0,-1,1,-1,-1,1,2,1
KR_6742944864,420,4,58,36,7,3,4,1,3,5,2,1,2,1,0,2,2,0,0,0,0,2,-22,-6,6,0,28,0,1,1,1,1,1,2,1
KR_6664937945,420,5,120,15,4,-2,1,3,0,2,2,5,6,1,-1,1,2,2,2,0,0,-4,1,1,2,3,-2,0,2,1,1,1,1,1,1
KR_6514211078,420,0,-21,-30,6,2,2,0,0,3,3,1,1,0,2,3,1,1,2,1,0,9,12,-2,2,0,1,0,0,1,-1,0,1,5,1
KR_6733028377,420,8,57,12,9,2,4,2,0,0,0,3,3,0,3,4,1,1,2,1,0,7,0,1,5,6,0,0,1,1,0,1,1,4,1
KR_6755181873,420,6,75,24,12,4,5,1,5,7,2,6,9,3,-1,1,2,-2,1,3,1,12,-125,3,0,3,1,0,1,1,1,1,1,3,1
KR_6746371814,420,1,39,-12,4,2,4,2,-1,2,3,3,4,1,0,0,0,0,0,0,0,1,54,3,1,4,-1,0,0,-1,-1,0,1,2,1
KR_6581463305,420,-3,2,31,-19,-2,0,2,-5,0,5,-2,2,4,-5,3,8,-5,1,6,0,-23,3,2,3,5,-1,0,-2,-1,-1,-1,1,6,1
KR_6754863248,440,3,36,-18,9,1,3,2,1,2,1,3,6,3,4,5,1,0,0,0,1,8,1,5,2,7,-3,0,1,-1,-1,1,1,6,1
KR_6682849530,440,-5,-60,-15,-9,-3,0,3,0,5,5,-8,0,8,2,3,1,0,0,0,0,-6,9,-2,5,3,-4,0,-1,-1,-1,-1,-1,1,1
KR_6639490421,420,0,-20,32,0,4,5,1,-2,2,4,-2,2,4,-1,3,4,1,1,0,0,-7,12,-2,5,3,-6,0,-1,0,0,-1,1,0,1
KR_6537447625,420,-1,-35,0,-5,1,3,2,1,4,3,-3,0,3,-5,0,5,1,1,0,0,-3,3,-1,5,4,2,0,0,-1,-1,-1,-1,6,1
KR_6762886904,420,3,50,-6,2,3,5,2,-5,1,6,4,7,3,-1,2,3,1,1,0,0,-13,3,-2,4,2,3,0,2,1,-1,1,-1,5,1
KR_6567359657,420,1,69,-20,0,1,1,0,-3,0,3,-2,0,2,2,3,1,2,3,1,0,-3,43,0,3,3,3,0,0,-1,1,0,-1,3,1
KR_6653966917,440,4,105,5,9,2,3,1,1,4,3,5,8,3,1,1,0,0,0,0,1,11,21,2,1,3,0,0,0,0,0,1,1,0,1
KR_6669830154,420,-2,-61,-4,-7,0,1,1,-4,0,4,0,2,2,-2,1,3,-1,0,1,0,-11,-6,1,2,3,2,0,0,1,1,0,1,5,1
KR_6757849435,420,3,-1,11,5,4,4,0,6,6,0,1,4,3,0,3,3,-6,0,6,-1,1,18,1,2,3,0,0,0,1,-1,0,-1,5,1
KR_6738428901,420,0,52,20,-1,-7,0,7,-1,0,1,3,8,5,6,8,2,-2,1,3,-1,-3,3,-1,3,2,-1,0,-1,1,-1,-1,-1,4,1
KR_6730359139,420,3,115,-20,1,-1,1,2,1,4,3,-1,0,1,4,4,0,-2,1,3,0,10,11,-1,2,1,3,0,1,0,1,1,1,0,1
KR_6722618960,420,4,46,-28,15,3,5,2,1,3,2,8,11,3,0,0,0,3,4,1,1,15,111,3,1,4,1,0,3,1,1,1,1,4,1
KR_6737162247,420,-1,-80,-20,1,-4,2,6,1,4,3,0,2,2,2,3,1,2,2,0,1,8,2,-1,3,2,3,0,-1,1,-1,-1,1,4,1
KR_6601170796,420,4,46,8,4,-2,2,4,0,2,2,3,6,3,4,5,1,-1,1,2,1,0,1,2,0,2,0,0,1,1,1,1,1,5,1
KR_6611677966,420,-2,-8,0,-9,-5,1,6,-1,2,3,3,6,3,1,2,1,-7,1,8,1,-6,5,0,1,1,0,0,-2,-1,-1,1,1,3,1
KR_6355819094,420,-1,-4,-8,0,-1,3,4,0,3,3,-2,1,3,1,2,1,2,2,0,0,6,0,0,0,0,-1,0,1,-1,1,1,1,5,1
KR_6717690489,420,-1,-35,28,-4,-3,0,3,-5,2,7,4,5,1,0,0,0,0,0,0,0,-4,-3,0,6,6,-2,0,-1,0,0,-1,-1,0,1
KR_6503687148,420,0,34,0,0,2,3,1,3,4,1,-1,0,1,-5,0,5,1,2,1,0,-2,-184,-3,3,0,0,0,-1,-1,1,-1,-1,2,1
KR_6733928237,440,4,64,-3,6,7,7,0,2,2,0,1,3,2,-3,3,6,-1,0,1,0,-9,4,2,1,3,-3,0,1,1,1,1,1,5,1
KR_6749728405,420,2,-53,8,8,1,1,0,-2,1,3,3,4,1,6,8,2,0,0,0,0,6,9,1,3,4,-4,0,1,0,1,1,-1,0,1
KR_6095295173,420,8,148,30,20,7,7,0,7,8,1,9,9,0,-3,1,4,0,1,1,1,4,150,5,0,5,-1,0,3,1,1,1,1,4,1
KR_6758847001,420,-3,-83,-19,-14,-13,0,13,2,5,3,-2,4,6,-2,0,2,1,1,0,-1,-3,6,-2,3,1,-1,0,-2,-1,-1,-1,-1,3,1
KR_6733704954,420,3,23,11,3,1,3,2,-1,1,2,3,3,0,1,1,0,-1,1,2,0,1,27,-7,7,0,3,0,0,-1,-1,0,-1,6,1
KR_6764201747,420,0,38,-31,-6,3,4,1,-2,2,4,-5,2,7,-3,0,3,1,3,2,-1,-4,6,-1,3,2,0,0,1,-1,0,1,-1,4,1
KR_6667885744,420,1,5,-24,4,2,2,0,1,1,0,1,3,2,-1,2,3,1,2,1,0,3,22,0,2,2,-1,0,0,-1,0,1,1,3,1
KR_6689330570,420,0,17,-4,3,-2,3,5,1,3,2,7,9,2,-1,2,3,-2,0,2,0,-4,-21,1,1,2,0,0,0,-1,-1,-1,1,5,1
KR_6738643480,420,3,35,28,5,1,2,1,4,5,1,-1,1,2,0,0,0,1,1,0,0,5,166,-6,7,1,1,0,0,1,-1,0,1,4,1
KR_6759653766,440,-3,11,13,-7,-2,1,3,-1,2,3,-3,1,4,2,5,3,-3,2,5,0,1,-7,5,1,6,-4,0,-1,0,0,-1,1,0,1
KR_6608052241,440,6,77,40,13,1,1,0,-2,5,7,7,8,1,7,8,1,0,0,0,0,5,3,1,4,5,3,0,0,-1,1,1,1,4,1
KR_6747193068,440,-3,-55,12,-2,-4,1,5,4,4,0,-2,1,3,-1,4,5,1,2,1,0,-4,-309,2,3,5,0,0,-2,1,-1,-1,1,4,1
KR_6733062488,420,2,108,-16,14,11,11,0,4,8,4,2,4,2,0,1,1,-3,1,4,1,6,-10,1,1,2,-1,0,1,1,1,1,1,4,1
KR_6711432418,420,-2,-73,-20,0,-3,0,3,11,12,1,-3,2,5,-5,1,6,0,3,3,0,0,-24,-5,8,3,0,0,-2,-1,-1,-1,-1,5,1
KR_6745998269,440,-3,-20,0,-2,-1,0,1,2,3,1,-4,0,4,1,3,2,0,2,2,0,1,28,4,0,4,-1,0,0,1,-1,0,1,1,1
KR_6618105739,420,6,31,44,8,6,6,0,3,4,1,-4,0,4,0,4,4,3,3,0,-1,3,4,3,4,7,3,0,0,1,-1,1,-1,5,1
KR_6687210829,420,1,-22,20,5,3,4,1,-2,1,3,4,4,0,0,1,1,0,1,1,0,3,4,1,3,4,-3,0,1,1,1,1,1,1,1
KR_6380918217,420,3,109,-4,10,2,2,0,-3,3,6,8,10,2,3,4,1,0,2,2,0,4,-6,2,3,5,1,0,1,1,-1,1,1,3,1
KR_6759445929,420,-3,-42,0,-7,0,1,1,-2,0,2,-2,0,2,-4,0,4,1,2,1,0,-8,-20,-5,10,5,1,0,0,-1,1,0,-1,4,1
KR_6751196549,420,0,12,4,6,4,4,0,-1,3,4,-3,0,3,3,6,3,3,4,1,0,3,1,-1,1,0,-4,0,0,-1,0,0,1,1,1
KR_6684163795,420,-3,-12,-4,-4,-1,1,2,0,2,2,-2,0,2,0,2,2,-1,0,1,0,-5,-2,0,4,4,2,0,0,-1,1,-1,1,1,1
KR_6764337586,420,2,16,16,4,3,4,1,6,8,2,0,0,0,-4,1,5,-1,1,2,0,-2,-13,1,3,4,3,0,0,1,1,0,1,3,1
KR_6761274987,420,-1,-103,16,-3,-1,0,1,-6,1,7,-1,0,1,4,6,2,1,1,0,-1,-7,10,4,1,5,1,0,0,1,-1,0,-1,1,1
KR_6748973137,440,4,-2,36,9,5,5,0,0,2,2,-1,3,4,5,9,4,0,2,2,0,6,0,-4,6,2,1,0,0,1,0,1,1,5,1
KR_6658066731,420,3,-21,-3,5,1,3,2,0,2,2,1,3,2,1,1,0,2,2,0,0,7,3,1,4,5,3,0,2,1,1,1,1,5,1
KR_6746993577,420,5,44,14,13,3,4,1,3,3,0,5,5,0,0,1,1,2,3,1,0,9,-39,5,2,7,28,0,0,1,0,0,1,2,1
KR_6670512155,420,-2,-20,-38,-5,5,5,0,-1,4,5,-8,0,8,-1,3,4,0,0,0,0,1,-14,-3,5,2,-3,0,-2,-1,-1,-1,-1,5,1
KR_6601294829,420,4,103,-12,6,0,0,0,2,3,1,-1,4,5,6,6,0,-1,0,1,0,7,4,-2,3,1,1,0,0,-1,0,1,1,6,1
KR_6729399491,420,8,28,38,12,2,4,2,0,2,2,5,6,1,4,4,0,1,1,0,0,5,-23,-3,4,1,2,0,0,0,-1,0,-1,0,1
KR_6646882949,420,0,-48,4,6,-6,0,6,-1,0,1,1,3,2,0,5,5,12,13,1,1,10,-8,-2,3,1,4,0,0,1,0,1,1,4,1
KR_6433470839,440,1,37,-20,8,0,1,1,2,6,4,4,4,0,-1,1,2,3,3,0,0,8,38,1,1,2,-25,0,1,1,1,1,1,6,1
KR_6719633713,420,5,9,44,7,0,1,1,2,4,2,1,4,3,2,4,2,2,2,0,0,5,3,-1,2,1,-3,0,0,1,-1,0,-1,3,1
KR_6641549173,420,2,58,-8,4,-2,0,2,1,2,1,2,3,1,3,3,0,0,0,0,0,5,10,-1,3,2,2,0,0,1,-1,0,-1,3,1
KR_6631569847,420,2,-109,104,-3,-2,0,2,3,7,4,1,3,2,-2,2,4,-3,0,3,0,-2,-21,-2,3,1,2,0,-2,1,0,-1,-1,4,1
KR_6732125459,420,2,15,16,2,1,2,1,2,2,0,2,3,1,-5,1,6,2,5,3,-2,1,2,-5,10,5,2,0,0,1,-1,0,-1,2,1
KR_6668532153,420,1,1,36,-3,3,6,3,0,3,3,4,5,1,-5,2,7,-5,0,5,0,-12,-13,-5,5,0,2,0,-1,1,-1,-1,-1,4,1
KR_6754504079,420,1,16,8,4,1,4,3,0,0,0,-1,1,2,3,3,0,1,2,1,0,10,5,2,3,5,-3,0,0,-1,1,0,1,1,1
KR_6695035165,440,5,90,6,11,-3,2,5,0,1,1,7,7,0,1,1,0,6,6,0,0,5,-221,-1,3,2,1,0,1,0,1,1,-1,0,1
KR_6737095305,440,8,84,28,7,-3,3,6,-3,1,4,6,8,2,0,4,4,7,9,2,-2,2,3,3,0,3,1,0,1,1,1,1,-1,6,1
KR_6657768794,420,1,13,-15,1,-3,0,3,8,11,3,4,5,1,-5,1,6,-3,0,3,0,0,11,1,2,3,1,0,0,1,0,0,-1,4,1
KR_6578327646,420,-1,78,-5,5,6,8,2,-1,2,3,-4,2,6,1,3,2,3,3,0,0,1,14,6,2,8,-2,0,2,1,1,1,-1,6,1
KR_6754606961,420,2,40,-31,7,1,3,2,1,4,3,1,4,3,4,5,1,0,0,0,0,11,-3,0,3,3,4,0,1,1,1,1,-1,5,1
KR_6495387178,420,-4,-55,-13,-3,0,1,1,0,5,5,-1,1,2,-3,1,4,1,1,0,0,-3,-18,-1,7,6,3,0,0,-1,1,0,-1,4,1
KR_5957003755,420,-3,-6,20,-2,0,3,3,0,1,1,3,6,3,-1,2,3,-4,0,4,0,-7,0,3,2,5,-1,0,-1,1,1,-1,1,2,1
KR_6680776340,420,3,96,9,10,0,2,2,0,0,0,7,7,0,-1,0,1,4,4,0,0,4,5,1,5,6,4,0,1,1,1,1,-1,3,1
KR_6595156573,420,-1,-5,-12,-7,-3,0,3,-2,0,2,4,5,1,-5,2,7,-1,1,2,0,-3,-274,-1,6,5,3,0,-1,-1,-1,-1,1,5,1
KR_6756591518,420,3,-8,12,3,-1,1,2,3,5,2,-3,0,3,3,4,1,1,1,0,0,12,24,-1,5,4,2,0,0,-1,-1,0,-1,1,1
KR_6420069597,420,3,-22,-8,12,5,5,0,6,6,0,-5,1,6,4,4,0,2,2,0,0,16,41,-3,4,1,-2,0,0,0,1,0,1,0,1
KR_6742828363,420,3,19,12,14,1,2,1,1,2,1,2,2,0,3,4,1,7,7,0,0,9,-28,-5,6,1,4,0,1,1,1,1,1,6,1
KR_6704559190,420,1,49,22,2,-2,1,3,-2,6,8,-1,1,2,4,6,2,3,4,1,0,-2,-21,0,4,4,0,0,1,-1,-1,1,-1,6,1
KR_6574700455,420,-1,1,0,0,-3,0,3,3,5,2,-2,2,4,-1,4,5,3,5,2,0,-3,-3,-3,4,1,0,0,0,1,1,0,-1,1,1
KR_6320879817,420,-2,-30,-47,-4,-3,0,3,1,3,2,0,3,3,-2,1,3,0,1,1,0,-5,2,-1,3,2,-1,0,-1,1,-1,-1,1,6,1
KR_6704443280,420,4,52,0,16,3,7,4,1,3,2,6,8,2,4,4,0,2,3,1,0,17,-10,0,2,2,2,0,0,1,0,0,-1,5,1
KR_6724809118,420,4,30,4,10,-1,1,2,3,3,0,1,2,1,7,7,0,0,1,1,0,14,-22,0,5,5,2,0,2,1,1,1,1,2,1
KR_6670818006,420,4,65,4,10,2,3,1,-2,1,3,-2,0,2,12,13,1,0,0,0,0,5,-2,1,3,4,-2,0,1,1,1,1,-1,5,1
KR_6729520957,420,-1,10,-26,-3,0,0,0,-1,0,1,7,7,0,-7,0,7,-2,0,2,0,-9,5,-1,2,1,2,0,0,-1,-1,0,1,5,1
KR_6754331237,420,-1,-34,-12,-9,2,3,1,1,2,1,0,2,2,-9,1,10,-3,2,5,0,-2,4,1,2,3,1,0,1,-1,0,1,-1,2,1
KR_6717158598,420,2,42,16,10,-3,0,3,-1,1,2,5,8,3,4,4,0,5,10,5,0,1,45,2,0,2,-22,0,0,-1,-1,1,1,6,1
KR_6763233399,440,0,-45,0,-1,-4,0,4,4,5,1,-1,2,3,2,7,5,-2,2,4,0,7,84,-2,3,1,20,0,0,0,-1,-1,-1,0,1
KR_6484071483,420,0,21,20,2,2,5,3,0,2,2,2,3,1,-1,1,2,-1,1,2,0,-2,2,2,2,4,0,0,-1,-1,-1,-1,1,6,1
KR_6730081344,420,4,27,20,12,2,3,1,9,10,1,2,5,3,2,4,2,-3,1,4,0,4,101,1,3,4,6,0,2,0,0,1,1,0,1
KR_6332419920,420,6,95,-4,12,3,3,0,3,4,1,6,6,0,1,3,2,-1,1,2,0,7,0,-1,3,2,-1,0,0,-1,1,1,1,3,1
KR_6742689016,440,0,-1,-12,1,-1,0,1,-3,0,3,-3,1,4,8,10,2,0,0,0,0,5,-3,1,2,3,-3,0,1,1,-1,1,-1,3,1
KR_6578436965,420,-2,-53,11,-5,0,1,1,-2,2,4,1,6,5,-1,0,1,-3,0,3,0,-9,23,0,1,1,-3,0,0,1,-1,1,-1,1,1
KR_6505170985,420,1,21,57,-2,-1,2,3,0,3,3,-2,6,8,0,2,2,1,1,0,1,-9,-11,-2,5,3,4,0,0,1,1,0,1,5,1
KR_6743900355,420,0,49,20,-2,7,8,1,3,3,0,-5,0,5,-7,1,8,0,1,1,-2,-4,4,3,1,4,-4,0,0,-1,1,1,-1,6,1
KR_6602078804,420,-1,43,18,0,2,2,0,-2,2,4,-1,1,2,5,6,1,-4,0,4,0,-1,-274,-2,2,0,4,0,0,1,-1,0,1,3,1
KR_6759066399,420,0,64,-36,11,-1,0,1,-1,2,3,0,1,1,10,11,1,3,6,3,0,15,56,-1,3,2,-4,0,1,-1,1,1,1,6,1
KR_6753145078,420,1,60,28,1,2,2,0,5,7,2,-1,2,3,-3,2,5,-2,0,2,0,-6,5,1,2,3,-1,0,0,1,-1,0,1,5,1
KR_6740644799,420,8,41,49,10,5,5,0,2,2,0,0,1,1,1,6,5,2,2,0,0,8,1,-1,1,0,1,0,3,1,0,1,1,4,1
KR_6552837404,420,2,73,36,3,-3,1,4,3,3,0,4,6,2,-1,4,5,0,1,1,0,2,8,6,0,6,-3,0,0,1,-1,-1,-1,1,1
KR_6088226832,420,-2,-29,9,-1,-2,0,2,1,5,4,-2,0,2,2,2,0,0,1,1,0,3,-69,-1,4,3,-3,0,0,1,1,0,1,2,1
KR_5540437459,440,2,-29,56,4,-1,1,2,5,5,0,-2,2,4,1,2,1,1,1,0,2,11,-6,1,6,7,12,0,1,1,1,1,1,3,1
KR_6755567686,420,5,38,4,13,0,0,0,4,8,4,4,5,1,3,4,1,2,4,2,0,13,8,0,4,4,-2,0,0,-1,1,1,1,6,1
KR_6450108989,440,-1,-1,6,-1,-4,1,5,2,2,0,-4,2,6,0,3,3,5,6,1,0,1,-15,-2,5,3,-1,0,0,1,-1,1,1,5,1
KR_6740997588,420,2,59,36,3,-7,0,7,1,1,0,0,4,4,8,9,1,1,2,1,0,6,13,1,1,2,0,0,0,0,0,1,-1,0,1
KR_6719573315,420,1,15,-12,6,5,5,0,-1,1,2,-1,3,4,2,4,2,1,1,0,-1,1,-356,3,2,5,-1,0,1,-1,1,1,-1,3,1
KR_6710137466,420,4,48,8,11,1,2,1,6,6,0,-1,1,2,4,4,0,1,1,0,0,9,-11,-1,6,5,0,0,1,-1,-1,1,1,1,1
KR_6668780429,420,0,0,24,0,-1,1,2,3,5,2,3,5,2,-5,0,5,0,2,2,0,0,42,-3,4,1,-21,0,-1,-1,1,-1,-1,3,1
KR_6373590675,420,9,123,56,23,2,4,2,14,15,1,3,3,0,2,3,1,2,3,1,0,19,0,0,0,0,0,0,2,1,1,1,1,3,1
KR_6729247539,440,6,16,-16,10,0,1,1,8,10,2,2,2,0,-3,0,3,3,4,1,0,12,-11,-2,3,1,2,0,1,0,0,1,1,0,1
KR_6590562879,420,0,2,20,1,-1,0,1,-1,5,6,6,8,2,-1,0,1,-2,0,2,-1,-4,-6,-1,2,1,1,0,0,1,-1,-1,-1,1,1
KR_6719156851,420,2,66,20,3,-1,0,1,0,2,2,4,7,3,2,2,0,-2,0,2,0,2,6,5,0,5,-1,0,1,1,1,1,-1,3,1
KR_6743616169,420,5,51,8,10,3,3,0,0,1,1,1,4,3,9,9,0,-3,1,4,1,8,4,-1,1,0,1,0,3,1,1,1,1,4,1
KR_6720639177,420,4,-5,40,9,7,9,2,6,8,2,-3,3,6,-1,1,2,0,2,2,0,1,0,-1,2,1,-1,0,2,-1,1,1,1,6,1
KR_6730393589,420,4,-1,-1,7,0,2,2,-3,2,5,7,7,0,2,4,2,1,3,2,1,4,11,2,1,3,-1,0,1,1,1,1,1,3,1
KR_6758698294,420,3,103,16,9,2,3,1,-1,1,2,7,7,0,2,3,1,-1,0,1,0,5,116,-1,4,3,0,0,2,1,1,1,-1,6,1
KR_6668854127,440,1,2,4,6,3,4,1,1,2,1,3,7,4,0,1,1,-1,0,1,0,-1,-2,2,1,3,2,0,1,1,1,1,1,5,1
KR_6721704440,420,3,66,0,6,1,2,1,0,2,2,-2,1,3,6,7,1,1,3,2,0,6,5,5,0,5,0,0,0,-1,-1,0,-1,5,1
KR_6722181470,420,0,47,-26,5,3,5,2,3,5,2,4,4,0,-3,3,6,-2,2,4,1,8,-1,6,3,9,7,0,0,1,1,1,1,4,1
KR_6185569488,420,9,49,64,23,1,1,0,5,5,0,3,3,0,13,14,1,1,1,0,2,21,-287,2,0,2,1,0,2,1,1,1,1,5,1
KR_6663251943,420,1,21,-16,3,0,1,1,4,4,0,-2,1,3,-1,1,2,2,2,0,0,5,9,-2,4,2,-1,0,1,1,1,1,1,2,1
KR_6567392485,420,-1,8,-12,-2,1,1,0,1,2,1,1,3,2,-5,7,12,0,0,0,0,6,-53,-6,10,4,26,0,-1,1,-1,-1,1,1,1
KR_6750468638,440,1,-86,12,1,-10,0,10,1,1,0,1,2,1,6,8,2,3,4,1,0,-1,-2,2,1,3,0,0,0,1,-1,-1,-1,5,1
KR_6729247180,420,1,48,-9,7,1,4,3,5,5,0,-3,3,6,-1,0,1,5,5,0,-1,3,9,0,3,3,-6,0,0,0,-1,0,-1,0,1
KR_6705211843,420,4,100,8,9,3,4,1,0,4,4,5,5,0,1,4,3,0,1,1,1,4,1,0,7,7,3,0,1,1,-1,1,1,3,1
KR_6508700512,420,2,58,8,4,-1,0,1,-3,1,4,1,2,1,6,8,2,1,2,1,0,1,15,-3,5,2,3,0,1,1,-1,1,1,4,1
KR_6601839656,420,7,69,24,14,0,1,1,1,1,0,3,4,1,6,7,1,4,4,0,1,12,0,0,3,3,0,0,2,1,1,1,1,3,1
KR_6645535678,420,0,-13,24,3,-6,1,7,-1,1,2,1,5,4,8,8,0,1,1,0,-1,14,1,-1,5,4,2,0,-1,-1,-1,-1,-1,3,1
KR_6715299702,440,6,59,36,14,5,5,0,6,6,0,4,6,2,0,0,0,-1,1,2,1,16,5,6,0,6,0,0,2,0,-1,1,1,0,1
KR_6753592470,440,4,41,23,5,1,3,2,-4,2,6,-2,2,4,4,7,3,6,6,0,1,-3,251,-1,4,3,-2,0,2,1,1,1,-1,4,1
KR_6727955828,420,0,-26,16,4,4,4,0,2,4,2,0,2,2,-4,1,5,2,3,1,-1,0,5,-5,8,3,-1,0,1,1,0,1,-1,6,1
KR_6753510247,440,2,82,-32,-3,5,5,0,0,3,3,-3,0,3,-6,0,6,1,1,0,0,-8,-35,-6,6,0,1,0,-2,-1,-1,-1,-1,3,1
KR_6756339765,420,4,46,-8,4,5,5,0,1,4,3,6,7,1,-7,0,7,-1,0,1,0,-8,182,1,5,6,-7,0,2,-1,1,1,-1,5,1
KR_6756858084,420,-3,11,-8,-5,-3,1,4,0,2,2,1,3,2,0,1,1,-3,4,7,0,-14,13,-3,5,2,-2,0,2,0,1,1,-1,0,1
KR_6732349521,440,6,82,31,13,0,3,3,10,12,2,1,1,0,-1,1,2,3,6,3,0,10,2,-1,4,3,2,0,1,-1,1,1,-1,5,1
KR_6381170173,420,-3,-12,-17,1,-1,0,1,-1,2,3,-1,2,3,2,3,1,2,2,0,0,7,-3,1,3,4,-1,0,2,-1,1,1,-1,2,1
KR_6431555903,420,0,9,20,2,-1,2,3,0,2,2,6,7,1,-1,1,2,-2,1,3,0,1,-6,1,2,3,0,0,1,1,1,1,1,1,1
KR_6566283502,420,7,61,69,9,0,1,1,6,8,2,1,2,1,-2,2,4,4,4,0,0,-2,-3,-4,6,2,2,0,2,0,1,1,-1,0,1
KR_6680672814,440,0,-45,37,0,1,4,3,1,1,0,-2,0,2,-2,2,4,2,3,1,0,0,-11,-3,5,2,1,0,-1,1,1,-1,1,2,1
KR_6681980354,440,2,49,0,3,0,5,5,3,4,1,1,4,3,-1,2,3,0,2,2,1,2,-4,1,2,3,3,0,0,1,0,0,1,4,1
KR_6495311793,420,2,-16,-12,6,1,2,1,2,4,2,2,3,1,1,4,3,0,1,1,0,6,4,2,2,4,0,0,0,-1,1,0,-1,1,1
KR_6703506483,420,0,-20,24,4,2,2,0,2,3,1,-1,1,2,2,4,2,-1,0,1,0,10,-1,0,3,3,2,0,0,-1,-1,0,-1,1,1
KR_6588612320,420,1,40,-12,3,2,4,2,0,1,1,-1,1,2,3,7,4,-1,0,1,0,-3,-2,3,0,3,1,0,1,-1,1,1,1,1,1
KR_6728253608,420,0,20,-22,3,1,2,1,-2,1,3,6,7,1,-2,0,2,0,2,2,0,4,2,7,1,8,0,0,0,-1,0,0,1,4,1
KR_6757343191,420,5,62,-2,11,2,3,1,1,1,0,3,4,1,5,7,2,0,1,1,1,7,-5,2,3,5,4,0,1,1,1,1,1,4,1
KR_6668591950,420,3,110,2,4,3,3,0,1,1,0,-1,1,2,1,4,3,0,0,0,0,2,-112,-1,7,6,4,0,0,-1,-1,0,1,1,1
KR_6459211144,420,3,22,31,8,4,4,0,3,4,1,1,4,3,1,5,4,-1,0,1,0,7,10,4,1,5,2,0,1,1,1,1,1,2,1
KR_6659166255,420,5,54,14,17,3,4,1,5,6,1,3,8,5,4,4,0,2,5,3,1,6,3,2,0,2,-1,0,2,-1,1,1,1,6,1
KR_6524015422,420,2,33,13,7,4,5,1,1,1,0,1,3,2,0,0,0,1,1,0,0,4,7,-1,5,4,5,0,2,-1,1,1,-1,6,1
KR_6571314596,420,3,-23,34,9,-1,0,1,10,10,0,-3,1,4,3,3,0,0,4,4,0,13,-39,1,3,4,32,0,0,1,0,-1,-1,4,1
KR_6675094902,440,1,72,-20,3,4,5,1,-10,1,11,0,2,2,10,12,2,-1,0,1,1,5,-243,3,3,6,2,0,1,-1,1,1,1,1,1
KR_6744704310,440,0,-60,-4,6,5,5,0,-1,3,4,-2,1,3,2,6,4,2,2,0,0,0,5,2,2,4,-4,0,0,-1,1,1,-1,6,1
KR_6707895364,440,0,72,8,-5,-2,0,2,0,1,1,1,1,0,-7,3,10,3,3,0,0,-4,2,0,2,2,7,0,2,-1,1,1,1,5,1
KR_6749803941,420,0,-48,24,2,-2,0,2,4,5,1,-1,0,1,1,2,1,0,0,0,-1,0,-6,2,4,6,-3,0,0,1,1,0,-1,6,1
KR_6730880076,420,2,43,12,2,-2,1,3,3,4,1,1,5,4,0,2,2,0,1,1,0,1,14,-3,6,3,5,0,0,0,0,1,-1,0,1
KR_6763315463,440,2,-9,24,13,-4,0,4,0,3,3,-1,0,1,17,18,1,1,1,0,0,11,-15,3,0,3,-2,0,-1,1,-1,1,1,2,1
KR_6761874799,420,1,-76,16,2,5,6,1,1,1,0,-2,4,6,0,0,0,-2,0,2,0,-2,4,2,1,3,0,0,1,1,1,1,-1,2,1
KR_6749782291,420,2,24,-33,7,3,4,1,-2,0,2,1,3,2,5,9,4,0,0,0,0,3,-13,-3,6,3,-3,0,0,-1,1,1,1,3,1
KR_6646938638,420,2,-21,32,-5,-3,1,4,-2,0,2,0,1,1,-2,1,3,2,4,2,0,-6,3,-3,5,2,0,0,1,-1,1,1,-1,6,1
KR_6729309764,420,-3,-92,-55,-9,-4,1,5,0,2,2,-10,3,13,6,7,1,-1,0,1,0,1,3,1,3,4,-3,0,-3,-1,-1,-1,-1,5,1
KR_6701847977,420,-2,26,-8,-8,-1,0,1,-1,2,3,-7,1,8,3,4,1,-2,0,2,0,-4,-2,-3,5,2,1,0,1,0,1,1,-1,0,1
KR_6669383461,420,3,60,-3,10,3,3,0,2,3,1,0,1,1,4,4,0,1,2,1,0,4,1,2,4,6,0,0,3,1,1,1,1,4,1
KR_6735969511,420,2,11,4,-4,-5,1,6,1,1,0,-3,1,4,1,3,2,2,3,1,-1,-3,1,-2,3,1,1,0,-1,1,0,-1,-1,5,1
KR_6744051878,420,2,37,56,2,-3,1,4,0,0,0,1,2,1,1,1,0,3,3,0,0,0,-1,0,2,2,1,0,0,1,-1,1,1,3,1
KR_6621058220,440,4,-39,23,8,0,2,2,-1,1,2,1,2,1,8,9,1,0,0,0,0,1,12,4,1,5,-1,0,0,-1,1,0,-1,3,1
KR_6584058231,420,0,51,-3,-3,0,1,1,4,7,3,-2,0,2,-3,3,6,-2,2,4,0,-13,221,1,1,2,-1,0,2,-1,1,1,-1,5,1
KR_6576268806,440,5,113,16,9,-2,1,3,1,5,4,7,8,1,3,3,0,0,0,0,0,15,37,1,2,3,-2,0,2,1,-1,1,1,3,1
KR_6731996570,420,0,-1,9,-2,-4,1,5,6,7,1,0,2,2,-4,3,7,0,1,1,0,4,110,2,2,4,0,0,1,1,1,1,1,1,1
KR_6453040692,420,1,60,27,4,2,2,0,3,6,3,-5,0,5,3,3,0,1,3,2,0,9,-16,-5,10,5,0,0,0,1,1,0,1,6,1
KR_6685755566,420,3,-1,20,6,4,4,0,2,3,1,-2,0,2,2,4,2,0,2,2,0,2,20,-1,6,5,4,0,1,1,1,1,1,1,1
KR_6674687523,420,2,-35,28,5,1,2,1,4,4,0,0,0,0,0,2,2,0,1,1,0,3,-13,-2,8,6,-2,0,0,1,1,0,1,1,1
KR_6565984868,420,3,82,4,3,2,4,2,-3,1,4,-2,2,4,6,7,1,0,0,0,1,4,17,3,1,4,-4,0,1,-1,-1,1,1,6,1
KR_6306015864,440,0,-19,-20,-1,0,4,4,0,3,3,0,1,1,-1,1,2,0,0,0,0,-3,40,1,0,1,2,0,0,-1,-1,0,1,3,1
KR_6690451221,420,-2,-43,13,-1,-1,1,2,-1,2,3,-1,2,3,-1,0,1,3,4,1,0,-1,-4,1,6,7,-2,0,1,1,1,1,1,4,1
KR_6747914446,420,-1,-84,4,0,-3,0,3,0,1,1,2,2,0,1,2,1,0,1,1,0,6,-36,1,2,3,27,0,-1,1,0,-1,1,2,1
KR_6711674491,420,-2,2,-22,4,2,2,0,5,5,0,-4,4,8,1,1,0,0,3,3,0,11,53,9,2,11,9,0,-2,0,-1,-1,1,0,1
KR_6725676803,420,1,0,-8,-4,5,5,0,-2,2,4,-4,1,5,-1,1,2,-2,1,3,-1,-10,-19,0,4,4,-4,0,-1,0,0,-1,-1,0,1
KR_6745838512,420,-1,-54,36,-4,-4,2,6,1,4,3,-2,2,4,2,4,2,-1,3,4,0,-3,7,-1,8,7,0,0,-1,1,0,-1,1,2,1
KR_6756146966,420,1,11,4,2,1,4,3,0,1,1,3,4,1,-1,2,3,-1,0,1,0,-2,344,0,1,1,1,0,0,-1,0,0,1,1,1
KR_6425477910,420,4,51,45,13,0,1,1,-1,0,1,11,15,4,2,5,3,1,1,0,0,10,7,3,2,5,0,0,1,-1,1,1,1,4,1
KR_6723563929,420,2,53,-1,13,4,4,0,2,3,1,-1,1,2,7,7,0,1,2,1,0,17,134,6,0,6,-2,0,2,1,1,1,1,2,1
KR_6731452456,420,3,26,-12,6,5,7,2,0,3,3,-1,0,1,1,2,1,1,1,0,0,3,6,1,3,4,1,0,1,-1,1,1,-1,2,1
KR_6695056628,420,-5,-66,-13,-11,-4,0,4,0,2,2,2,5,3,-4,2,6,-5,2,7,0,-3,43,-1,3,2,-10,0,-4,-1,-1,-1,-1,5,1
KR_6725690450,440,-1,-29,8,-1,1,2,1,-1,2,3,-1,3,4,-1,3,4,1,2,1,0,5,2,1,2,3,0,0,0,1,-1,0,-1,1,1
KR_6582170589,420,4,46,-2,5,2,5,3,2,6,4,4,9,5,-3,2,5,0,0,0,-3,0,29,0,2,2,-11,0,2,1,1,1,-1,3,1
KR_5528969774,420,4,-19,12,2,2,2,0,-9,0,9,14,14,0,-5,0,5,0,1,1,-2,-7,7,4,1,5,-2,0,1,1,1,1,-1,4,1
KR_6728106124,440,0,11,21,2,2,5,3,6,6,0,0,4,4,-1,2,3,-5,0,5,0,3,0,1,2,3,-4,0,1,1,1,1,1,5,1
KR_6760536651,420,1,9,-1,-1,-4,1,5,-1,2,3,-4,0,4,3,3,0,5,6,1,-1,0,-23,0,0,0,-1,0,1,0,-1,1,-1,0,1
KR_6755765026,420,-3,20,-56,-3,-2,0,2,2,2,0,-1,2,3,-1,0,1,-1,0,1,0,-4,-111,2,2,4,-5,0,0,-1,-1,-1,1,6,1
KR_6664971938,420,1,51,4,1,2,2,0,0,2,2,-2,2,4,3,4,1,-2,1,3,0,0,-6,2,3,5,-1,0,0,1,-1,0,-1,3,1
KR_6582105299,420,3,32,20,4,2,3,1,3,4,1,0,2,2,-1,1,2,0,0,0,0,0,21,2,2,4,-4,0,1,1,1,1,-1,6,1
KR_6671562630,420,4,22,5,6,0,1,1,3,3,0,4,6,2,-2,0,2,1,2,1,0,6,-6,2,0,2,5,0,1,1,1,1,1,4,1
KR_6624972772,420,-4,-35,-22,-5,-1,0,1,2,2,0,-2,0,2,-2,1,3,-2,0,2,0,-3,-1,-5,6,1,0,0,-1,-1,1,-1,1,3,1
KR_6061959580,440,-1,69,-21,-7,-1,1,2,-2,2,4,-2,0,2,-1,1,2,-1,2,3,0,-8,-129,-4,4,0,-1,0,0,0,-1,0,-1,0,1
KR_6711849179,420,4,32,32,14,1,3,2,2,4,2,3,4,1,9,11,2,-1,0,1,0,10,-89,-1,4,3,0,0,2,1,1,1,1,3,1
KR_6673130689,420,2,56,0,7,0,2,2,0,1,1,8,8,0,0,2,2,-1,2,3,0,-1,7,4,1,5,1,0,0,1,0,0,1,3,1
KR_6592304586,420,3,52,7,7,2,3,1,0,1,1,3,3,0,-1,2,3,3,3,0,0,2,307,4,0,4,1,0,1,1,-1,1,-1,6,1
KR_6759230470,440,1,76,4,4,0,1,1,2,2,0,-3,1,4,-1,0,1,6,7,1,0,9,5,5,2,7,-2,0,0,1,-1,-1,-1,6,1
KR_6761231198,440,0,2,0,6,-3,1,4,3,3,0,3,4,1,2,4,2,1,3,2,0,5,41,5,0,5,5,0,0,1,0,0,1,2,1
KR_6717375919,420,2,-42,-24,6,0,1,1,-2,1,3,7,9,2,2,4,2,-1,0,1,0,6,5,-3,5,2,1,0,0,0,1,0,1,0,1
KR_6737252787,420,1,71,8,0,4,5,1,-2,2,4,-3,0,3,0,1,1,1,4,3,0,4,-218,-2,4,2,15,0,0,-1,1,1,1,3,1
KR_6736483294,420,-1,-51,4,3,0,3,3,3,5,2,1,3,2,0,0,0,-1,1,2,0,5,15,-2,5,3,1,0,0,1,1,-1,1,3,1
KR_6757810940,420,2,23,27,0,-2,0,2,1,2,1,0,3,3,2,5,3,-1,0,1,0,-2,0,-1,5,4,-5,0,0,1,1,0,1,4,1
KR_6742540434,420,2,36,-14,7,-1,0,1,-2,2,4,3,5,2,1,3,2,6,6,0,0,4,12,4,0,4,1,0,0,-1,1,1,1,1,1
KR_6684381433,420,2,76,12,6,4,4,0,0,1,1,7,8,1,-5,1,6,0,0,0,0,-3,35,-2,5,3,-17,0,1,1,1,1,1,3,1
KR_6656439761,420,1,75,-36,10,-3,0,3,-2,2,4,6,6,0,6,7,1,3,3,0,0,10,44,1,2,3,-12,0,1,-1,-1,1,1,2,1
KR_6702790626,420,6,90,40,10,5,6,1,-1,2,3,5,6,1,0,2,2,1,1,0,0,3,42,2,2,4,-19,0,1,1,0,1,1,4,1
KR_6733650174,420,4,60,0,7,4,5,1,1,2,1,0,3,3,0,2,2,2,2,0,0,4,19,4,2,6,-9,0,2,1,-1,1,1,1,1
KR_6724547638,420,3,16,4,13,-2,1,3,3,5,2,5,5,0,6,6,0,1,2,1,0,13,-4,-4,8,4,2,0,0,1,1,0,1,3,1
KR_6718987272,420,11,109,72,25,3,6,3,2,2,0,9,9,0,13,13,0,-2,1,3,1,9,4,2,0,2,0,0,3,1,1,1,1,6,1
KR_6729263731,420,4,36,16,6,1,2,1,-1,2,3,8,8,0,-1,3,4,-1,1,2,0,4,9,1,2,3,1,0,0,1,-1,0,1,5,1
KR_6752428161,440,2,14,19,4,-1,1,2,0,1,1,1,1,0,1,1,0,3,3,0,0,4,-2,0,4,4,5,0,0,1,1,0,-1,3,1
KR_6435271990,420,2,82,15,4,1,1,0,1,3,2,6,6,0,-1,1,2,-3,0,3,0,3,-181,2,0,2,-2,0,0,1,1,1,1,3,1
KR_6537883708,420,4,-5,20,10,2,3,1,1,4,3,3,5,2,4,5,1,0,0,0,0,5,4,1,3,4,-3,0,0,1,1,0,-1,3,1
KR_6694776729,420,0,51,-17,3,-5,1,6,0,2,2,-1,1,2,7,7,0,2,2,0,0,7,35,0,2,2,-17,0,0,-1,-1,1,1,6,1
KR_6741208103,420,3,87,32,3,0,1,1,5,6,1,-1,2,3,-1,2,3,0,0,0,-1,3,352,-1,4,3,0,0,0,1,1,0,-1,2,1
KR_6419643824,420,0,10,43,1,2,3,1,1,3,2,1,6,5,-1,1,2,-2,0,2,0,-5,-151,1,1,2,1,0,2,1,1,1,-1,5,1
KR_6702041123,420,3,42,-4,10,1,2,1,4,6,2,-1,3,4,5,6,1,1,2,1,0,4,5,2,2,4,-2,0,0,0,-1,1,1,0,1
KR_6735234391,440,6,12,20,14,6,6,0,4,4,0,5,5,0,0,2,2,-1,2,3,0,16,-3,0,1,1,1,0,1,1,0,1,1,5,1
KR_6751940598,420,1,58,12,7,-1,1,2,1,3,2,1,2,1,1,8,7,5,6,1,-1,5,6,2,2,4,2,0,1,-1,1,1,-1,5,1
KR_6760962420,420,-3,67,22,-5,-2,2,4,-1,2,3,-2,2,4,0,0,0,0,0,0,0,-7,92,4,3,7,-1,0,0,0,1,1,1,0,1
KR_6480735278,420,2,63,16,8,4,4,0,3,3,0,0,4,4,2,3,1,-1,2,3,0,2,-44,2,1,3,24,0,1,-1,1,1,1,4,1
KR_6647103612,440,2,-4,3,4,-2,0,2,2,4,2,2,2,0,2,3,1,0,0,0,0,9,1,2,6,8,-1,0,-1,1,-1,-1,-1,5,1
KR_6760570687,440,3,47,4,4,2,3,1,0,2,2,1,1,0,2,2,0,-1,0,1,1,0,24,-2,4,2,0,0,0,1,-1,-1,1,2,1
KR_6631234664,420,3,29,20,5,5,6,1,0,2,2,1,3,2,-4,1,5,3,4,1,0,-5,10,2,3,5,-2,0,2,1,1,1,1,4,1
KR_6600993419,440,6,65,32,10,3,4,1,1,1,0,4,5,1,1,3,2,1,1,0,0,1,8,0,3,3,-4,0,2,1,-1,1,1,6,1
KR_6002161427,420,5,82,19,7,6,6,0,-1,2,3,-1,2,3,2,4,2,1,1,0,0,6,31,3,2,5,0,0,3,1,1,1,1,2,1
KR_6759149387,420,0,30,4,-3,-2,1,3,0,1,1,1,3,2,-3,0,3,1,1,0,0,0,98,-3,8,5,2,0,0,1,-1,0,1,1,1
KR_6659005740,440,1,22,-16,-8,2,2,0,-3,2,5,3,3,0,-4,2,6,-6,1,7,0,-22,2,3,2,5,0,0,-1,1,1,-1,-1,2,1
KR_6677234319,420,5,92,4,5,1,2,1,3,3,0,1,2,1,1,4,3,-1,0,1,0,6,-19,0,7,7,-1,0,1,1,1,1,1,1,1
KR_6733044636,420,3,156,19,5,6,7,1,-2,0,2,4,4,0,0,3,3,-3,0,3,0,-3,16,2,2,4,0,0,3,1,1,1,1,3,1
KR_6612425007,440,6,28,31,15,9,13,4,3,5,2,2,2,0,-1,1,2,2,3,1,1,10,1,-1,2,1,4,0,2,1,1,1,1,5,1
KR_6721185419,420,4,104,-7,14,2,4,2,-2,1,3,7,7,0,5,8,3,2,2,0,0,7,12,-1,1,0,0,0,1,1,1,1,-1,1,1
KR_6619554871,440,5,81,20,6,9,9,0,2,2,0,-5,0,5,0,3,3,0,0,0,0,5,0,1,1,2,-2,0,2,1,0,1,1,1,1
KR_6724336870,420,5,18,0,17,7,8,1,-1,2,3,6,8,2,5,7,2,0,0,0,0,19,17,6,0,6,1,0,-1,1,1,-1,1,2,1
KR_6757344457,420,5,73,-4,10,0,1,1,-1,1,2,4,5,1,6,7,1,1,1,0,0,3,-357,1,3,4,4,0,3,1,1,1,1,3,1
KR_6762964491,420,0,27,9,8,2,4,2,0,1,1,5,6,1,2,3,1,-1,1,2,1,10,-11,2,2,4,-4,0,0,1,1,1,1,6,1
KR_6751071754,440,0,26,0,0,-2,1,3,3,3,0,-5,0,5,-1,0,1,5,6,1,1,-9,7,3,3,6,-5,0,1,-1,-1,1,1,3,1
KR_6743198203,420,4,46,40,11,2,2,0,6,7,1,-2,1,3,5,5,0,0,1,1,0,14,-4,0,1,1,1,0,0,1,1,0,1,6,1
KR_6749686103,420,1,35,0,5,8,8,0,-2,0,2,1,1,0,2,5,3,-4,0,4,1,-1,0,0,1,1,-2,0,2,-1,1,1,1,1,1
KR_6618818228,420,3,35,24,10,3,4,1,4,4,0,-3,0,3,7,7,0,-1,0,1,0,7,-9,-1,3,2,-2,0,1,1,-1,1,1,5,1
KR_6755778822,420,0,-42,28,5,-2,0,2,1,2,1,2,5,3,2,2,0,2,2,0,2,9,4,4,1,5,1,0,0,1,1,0,1,2,1
KR_5542078129,420,-3,-7,14,-2,0,2,2,-3,0,3,-3,2,5,7,7,0,-3,1,4,0,-1,0,-1,4,3,-2,0,1,-1,1,1,1,3,1
KR_6683010660,420,-3,-57,-30,4,0,3,3,-2,2,4,5,7,2,1,5,4,0,2,2,0,-1,-5,-2,3,1,2,0,2,-1,-1,1,1,1,1
KR_6728556179,420,-1,14,17,0,-2,1,3,4,6,2,0,1,1,0,1,1,-2,0,2,0,-2,7,0,4,4,-6,0,-1,1,0,-1,-1,5,1
KR_6729242652,440,2,-20,48,6,-3,2,5,3,6,3,0,1,1,2,2,0,4,4,0,-1,5,15,1,1,2,1,0,-1,-1,-1,-1,-1,3,1
KR_6721980152,420,-1,-32,-51,0,-2,0,2,-3,1,4,8,8,0,0,2,2,-3,3,6,2,7,3,1,1,2,-1,0,0,0,1,1,1,0,1
KR_6764276536,420,0,12,-8,1,-1,1,2,1,3,2,-3,2,5,1,2,1,3,3,0,0,3,2,2,1,3,2,0,0,1,0,0,1,2,1
KR_6595703443,420,4,75,38,8,2,2,0,3,4,1,-2,0,2,1,2,1,4,4,0,0,5,20,1,1,2,-3,0,2,1,1,1,1,6,1
KR_5538601914,420,1,68,-4,3,7,9,2,-1,1,2,-1,1,2,-2,0,2,0,0,0,0,-6,-5,-2,4,2,3,0,1,1,1,1,1,2,1
KR_6755307155,440,6,117,42,17,1,2,1,6,7,1,-4,1,5,11,11,0,3,5,2,0,13,-28,3,0,3,-3,0,1,1,0,1,-1,3,1
KR_6636576915,420,-2,-2,-8,7,0,1,1,3,4,1,-1,2,3,3,5,2,2,2,0,0,10,-3,2,3,5,-1,0,0,1,1,0,-1,3,1
KR_6693439427,420,7,116,19,17,4,4,0,2,4,2,3,5,2,7,8,1,1,1,0,0,13,23,1,2,3,1,0,3,1,1,1,1,1,1
KR_6732501754,440,2,77,0,3,3,5,2,-1,0,1,4,5,1,-1,0,1,-2,0,2,0,3,58,7,0,7,-30,0,0,0,1,1,-1,0,1
KR_6764023738,420,2,54,-5,12,1,4,3,3,4,1,3,3,0,7,8,1,-2,0,2,1,9,3,4,1,5,0,0,1,1,1,1,1,2,1
KR_6691331269,440,1,27,28,-1,8,8,0,0,2,2,3,4,1,-8,2,10,-4,0,4,0,-15,-2,-5,7,2,0,0,0,-1,1,1,-1,1,1
KR_6744411049,420,-2,-49,13,0,-2,0,2,1,2,1,2,3,1,-3,3,6,2,2,0,0,3,1,4,1,5,0,0,-2,0,-1,-1,-1,0,1
KR_6651200283,420,-2,8,-13,-6,0,1,1,-6,0,6,0,0,0,-1,1,2,1,2,1,-2,-10,-309,1,4,5,2,0,0,-1,-1,0,-1,4,1
KR_6647083909,420,0,17,-20,5,1,1,0,1,2,1,8,9,1,-4,0,4,-1,0,1,0,5,5,2,2,4,3,0,1,1,0,1,1,3,1
KR_6693119223,420,2,48,-20,2,6,6,0,-3,0,3,5,6,1,-3,3,6,-3,0,3,1,0,-20,-4,4,0,1,0,0,1,-1,1,1,1,1
KR_6575724956,420,-1,-45,10,2,-1,0,1,-3,2,5,-1,1,2,4,5,1,3,4,1,0,8,-40,2,6,8,33,0,-1,1,0,-1,1,6,1
KR_6160196289,420,-2,-11,-17,-3,-2,1,3,-1,3,4,-2,0,2,1,4,3,1,2,1,0,7,2,2,3,5,0,0,0,-1,-1,-1,1,5,1
KR_6713104799,440,7,147,12,15,1,1,0,0,1,1,5,6,1,7,8,1,2,2,0,1,17,-11,6,1,7,-1,0,2,1,1,1,1,1,1
KR_6750239248,420,-2,6,-33,1,-1,1,2,8,9,1,-4,0,4,-2,0,2,0,2,2,0,12,1,0,1,1,-2,0,-1,-1,-1,-1,1,5,1
KR_6621599021,420,4,59,-24,13,3,3,0,-4,2,6,2,2,0,10,12,2,2,3,1,0,5,16,6,0,6,-4,0,0,1,-1,1,1,2,1
KR_6733771414,420,0,-10,-20,-3,-2,0,2,-2,1,3,3,5,2,0,2,2,-2,1,3,-1,-1,129,-5,7,2,4,0,0,1,-1,0,-1,2,1
KR_6589644550,440,6,79,20,7,1,2,1,7,7,0,-2,0,2,3,3,0,-2,2,4,0,6,1,-4,8,4,-4,0,0,-1,1,0,-1,2,1
KR_6729306952,420,8,18,79,13,3,3,0,10,10,0,0,1,1,-1,2,3,1,1,0,1,14,2,1,1,2,-3,0,4,1,1,1,1,5,1
KR_6719118392,440,2,67,36,5,0,1,1,2,3,1,1,2,1,0,1,1,2,2,0,0,3,4,2,2,4,2,0,1,0,-1,1,1,0,1
KR_6644367742,420,4,47,9,7,2,3,1,2,2,0,4,5,1,-1,1,2,0,0,0,0,12,4,0,3,3,1,0,0,1,-1,0,-1,5,1
KR_6689976497,440,0,28,2,-3,0,3,3,-3,1,4,-1,2,3,0,2,2,1,2,1,0,-3,7,-1,2,1,-2,0,1,-1,-1,1,1,6,1
KR_6374307338,420,2,94,-15,4,0,1,1,1,4,3,-1,1,2,3,3,0,1,1,0,0,2,0,0,0,0,0,0,3,1,1,1,1,3,1
KR_6742103518,420,0,14,-12,-2,5,5,0,-2,2,4,-2,1,3,-1,3,4,-2,2,4,0,-9,23,-2,6,4,-6,0,0,1,1,1,-1,1,1
KR_6632191520,420,-3,-40,-11,-4,-4,1,5,-1,2,3,-2,1,3,0,2,2,3,3,0,0,2,0,2,2,4,2,0,-1,-1,-1,-1,-1,4,1
KR_6653317992,420,-2,-60,24,-3,-6,1,7,1,3,2,3,5,2,1,1,0,-2,0,2,0,-1,-5,1,3,4,-1,0,0,1,-1,0,-1,2,1
KR_6647095153,420,0,-11,36,-10,-1,1,2,-4,0,4,-4,0,4,-2,0,2,1,2,1,0,-10,-9,-1,2,1,0,0,1,-1,1,1,-1,4,1
KR_6637992997,420,4,68,3,14,0,3,3,1,4,3,5,7,2,5,6,1,3,4,1,0,10,1,0,4,4,2,0,2,0,1,1,-1,0,1
KR_5998258528,440,6,91,24,12,0,3,3,7,8,1,-1,2,3,3,3,0,3,3,0,1,23,175,4,1,5,-9,0,1,1,1,1,1,4,1
KR_6649227342,420,-2,37,24,-6,-2,1,3,1,2,1,3,4,1,-4,5,9,-4,0,4,-1,-5,3,-1,2,1,0,0,1,1,-1,1,-1,1,1
KR_6756270795,420,3,-11,71,2,-3,2,5,2,2,0,1,6,5,-1,2,3,3,4,1,0,1,-85,0,3,3,-1,0,0,0,0,0,1,0,1
KR_6729207873,420,2,65,24,-1,0,1,1,-1,2,3,1,1,0,2,4,2,-3,1,4,0,-5,-310,-1,4,3,0,0,0,1,-1,0,1,6,1
KR_6680563557,420,1,4,-24,-3,2,3,1,-6,1,7,-2,0,2,0,2,2,3,3,0,0,-3,-121,0,1,1,2,0,1,-1,1,1,-1,2,1
KR_6647457675,420,6,69,-8,14,1,4,3,10,10,0,1,4,3,2,4,2,0,0,0,-1,12,-2,-2,4,2,3,0,1,1,1,1,-1,2,1
KR_6730832796,420,5,78,12,11,2,4,2,0,3,3,1,4,3,5,8,3,3,3,0,0,14,-2,2,2,4,8,0,1,1,0,1,1,1,1
KR_6695673188,420,1,27,13,-5,1,2,1,3,3,0,0,3,3,-7,0,7,-2,1,3,0,-6,9,-1,4,3,0,0,-1,1,1,-1,-1,4,1
KR_6751980769,440,0,-2,-12,3,-2,3,5,-1,1,2,-1,1,2,3,3,0,4,6,2,0,7,5,1,1,2,2,0,-1,0,-1,-1,1,0,1
KR_6738672397,440,4,62,32,11,1,1,0,8,8,0,0,2,2,-3,1,4,5,6,1,0,3,1,-1,6,5,-2,0,1,0,-1,1,1,0,1
KR_6741131668,440,2,68,40,-2,-2,1,3,6,6,0,-1,1,2,-6,2,8,1,1,0,1,2,-4,-1,2,1,5,0,1,1,-1,1,1,3,1
KR_6702024743,420,0,7,-12,0,2,5,3,1,2,1,-3,2,5,-1,3,4,1,1,0,0,8,11,2,3,5,-5,0,3,1,-1,1,1,1,1
KR_6727793327,420,-1,-17,8,7,0,1,1,1,2,1,2,2,0,1,2,1,3,4,1,0,8,11,-3,4,1,-1,0,0,1,1,0,1,1,1
KR_6728036197,440,2,121,-8,-2,-2,3,5,-1,0,1,-2,0,2,6,7,1,-3,2,5,-2,-8,1,-1,2,1,1,0,1,-1,0,1,-1,4,1
KR_6685202943,420,4,12,-28,2,1,2,1,-1,1,2,-5,2,7,6,6,0,1,1,0,0,11,-6,-4,6,2,1,0,0,1,-1,-1,1,3,1
KR_6724042018,440,9,109,20,14,1,2,1,4,5,1,2,4,2,1,3,2,6,6,0,0,7,20,5,0,5,-1,0,2,1,1,1,1,4,1
KR_6694308471,440,1,56,23,3,-4,0,4,-1,2,3,4,4,0,4,6,2,0,0,0,0,1,-20,2,4,6,0,0,0,1,0,0,1,2,1
KR_6760261314,440,3,-3,12,13,3,5,2,2,2,0,1,3,2,4,4,0,3,3,0,0,10,6,-1,1,0,-2,0,1,1,1,1,1,3,1
KR_6740959118,440,-2,-70,22,-5,-3,2,5,2,3,1,-1,0,1,-1,1,2,-2,2,4,0,-1,-12,0,1,1,-2,0,0,1,1,0,-1,5,1
KR_6707630422,420,6,12,8,16,1,2,1,4,4,0,5,5,0,4,4,0,2,2,0,0,18,3,0,1,1,2,0,3,1,1,1,1,5,1
KR_6750690420,440,4,34,24,8,3,5,2,3,4,1,-2,0,2,4,6,2,0,0,0,1,7,3,2,1,3,-1,0,2,1,1,1,1,4,1
KR_6705555152,420,5,17,0,12,2,4,2,0,3,3,3,4,1,6,6,0,1,1,0,0,7,-7,-4,7,3,1,0,0,1,1,0,1,6,1
KR_6735011132,420,-5,-38,-54,-1,-1,2,3,7,8,1,-3,2,5,-3,0,3,-1,0,1,0,0,100,0,2,2,-1,0,0,0,1,0,1,0,1
KR_6740808748,420,4,63,13,6,2,3,1,-2,3,5,4,5,1,-2,0,2,4,5,1,0,7,-298,3,0,3,-1,0,2,1,1,1,-1,4,1
KR_6674428937,440,3,72,40,12,4,4,0,0,2,2,1,2,1,6,7,1,1,2,1,0,8,-3,-1,4,3,-2,0,3,1,1,1,1,3,1
KR_6652382660,420,1,-7,0,3,1,3,2,-2,0,2,-4,0,4,4,6,2,4,6,2,1,-1,-21,-1,4,3,18,0,1,0,-1,1,1,0,1
KR_6745805556,420,2,-30,-19,16,7,8,1,1,1,0,2,5,3,8,9,1,-2,1,3,3,26,4,2,1,3,-1,0,1,1,1,1,1,1,1
KR_6513755292,420,2,-2,-4,11,0,1,1,8,10,2,1,4,3,2,4,2,0,0,0,0,11,6,6,0,6,-5,0,0,1,-1,1,1,2,1
KR_6742989621,440,4,18,29,3,-1,4,5,0,2,2,-4,0,4,6,8,2,2,3,1,0,9,21,4,1,5,5,0,1,1,1,1,1,5,1
KR_6713234637,420,2,50,-28,9,3,3,0,1,3,2,2,4,2,2,2,0,1,1,0,0,10,1,0,6,6,-2,0,0,1,1,0,1,5,1
KR_6397578525,420,2,40,10,4,1,2,1,2,6,4,5,5,0,-2,1,3,-2,0,2,0,-3,2,2,3,5,1,0,0,1,0,0,1,3,1
KR_6763597014,420,-1,-28,-16,0,-2,1,3,4,6,2,-2,1,3,1,4,3,-1,1,2,0,4,13,2,2,4,-1,0,1,1,1,1,-1,3,1
KR_6498961992,420,2,21,4,7,0,1,1,-3,1,4,4,4,0,5,6,1,1,1,0,0,6,24,6,2,8,-30,0,0,1,1,0,-1,4,1
KR_6421217457,420,3,12,23,6,-3,3,6,1,4,3,5,5,0,2,2,0,1,2,1,0,8,23,0,5,5,0,0,0,1,-1,1,-1,6,1
KR_6727506328,440,3,34,3,8,1,2,1,3,3,0,-3,1,4,6,8,2,1,1,0,0,13,0,-5,7,2,3,0,1,1,1,1,-1,3,1
KR_6077587682,420,2,-8,32,5,1,2,1,0,3,3,1,2,1,4,5,1,-1,2,3,0,1,4,1,4,5,1,0,1,-1,1,1,-1,3,1
KR_6728000844,420,6,85,-4,12,8,8,0,-1,3,4,6,6,0,0,2,2,-1,1,2,0,1,11,6,0,6,1,0,2,0,-1,1,-1,0,1
KR_6760989909,420,2,-33,2,7,1,1,0,4,4,0,5,5,0,-3,0,3,0,0,0,0,4,2,4,0,4,-2,0,1,-1,1,1,-1,1,1
KR_6730740089,420,3,33,8,4,-1,0,1,0,2,2,-3,1,4,8,8,0,0,1,1,0,6,123,2,2,4,-4,0,0,1,-1,0,-1,4,1
KR_6738526338,420,2,-2,4,5,1,2,1,0,3,3,-1,2,3,3,4,1,2,2,0,0,7,-14,-1,2,1,2,0,0,1,1,1,1,2,1
KR_6763778499,420,0,4,16,7,4,5,1,2,7,5,1,1,0,-1,1,2,1,1,0,0,6,-2,-2,3,1,0,0,3,-1,1,1,-1,4,1
KR_6759171097,440,0,42,-20,11,5,5,0,4,7,3,1,3,2,2,4,2,-1,0,1,1,12,-32,3,2,5,11,0,0,-1,0,0,1,4,1
KR_6677461231,420,0,19,30,3,1,3,2,-1,2,3,4,6,2,0,3,3,-1,4,5,0,-2,-3,-3,5,2,1,0,1,-1,1,1,1,3,1
KR_6630631024,420,4,-6,-7,5,1,1,0,8,8,0,2,3,1,-3,1,4,-3,0,3,0,2,4,1,4,5,-2,0,1,-1,1,1,1,4,1
KR_6655919195,420,2,81,-36,5,9,10,1,-4,0,4,-2,3,5,3,6,3,-1,0,1,1,-2,13,-1,2,1,1,0,1,1,1,1,1,4,1
KR_6678821764,440,1,-16,60,-9,6,7,1,-1,1,2,-2,1,3,-11,1,12,-1,0,1,-1,-17,-7,1,1,2,1,0,1,0,1,-1,-1,0,1
KR_6717544589,420,1,-67,-40,1,2,3,1,3,6,3,0,2,2,-2,1,3,-2,0,2,0,2,-3,0,2,2,1,0,0,-1,-1,0,-1,5,1
KR_6562158077,420,3,-37,25,7,-1,3,4,6,6,0,-1,0,1,1,1,0,2,2,0,0,7,395,3,1,4,0,0,0,1,1,1,1,3,1
KR_6749168493,420,8,92,85,12,-1,1,2,7,8,1,-1,1,2,6,6,0,1,1,0,0,10,11,3,1,4,0,0,2,0,1,1,1,0,1
KR_6484252112,420,2,-41,-4,6,-2,1,3,7,7,0,0,2,2,2,2,0,-1,0,1,0,16,183,3,2,5,-5,0,-1,1,1,-1,1,2,1
KR_6741087070,440,3,90,8,5,-3,0,3,-4,0,4,6,6,0,1,1,0,5,5,0,1,-3,-8,3,2,5,-2,0,-1,-1,0,1,1,6,1
KR_6757306596,420,-3,-24,-18,0,1,1,0,-2,1,3,-3,1,4,1,3,2,3,4,1,0,0,-108,2,4,6,1,0,-1,1,-1,-1,-1,6,1
KR_6716508646,420,1,-75,16,-4,1,2,1,0,3,3,-4,1,5,0,1,1,-1,1,2,0,-3,25,-1,6,5,-4,0,0,-1,1,0,-1,2,1
KR_6424377348,420,2,-6,0,3,1,2,1,5,6,1,0,1,1,-3,1,4,0,2,2,0,1,19,4,2,6,-3,0,0,-1,1,0,-1,5,1
KR_6669960069,440,-1,-12,0,11,4,5,1,5,7,2,1,1,0,3,4,1,-2,0,2,0,6,-2,0,3,3,0,0,0,1,1,0,1,4,1
KR_6706194469,420,4,65,12,8,1,2,1,4,4,0,2,2,0,1,5,4,0,1,1,0,3,1,1,0,1,2,0,1,1,-1,1,1,3,1
KR_6740166531,440,0,2,-24,0,0,0,0,-1,2,3,3,7,4,0,2,2,-2,0,2,0,-1,-27,1,3,4,1,0,0,-1,1,-1,1,4,1
KR_6622838557,440,6,42,27,-5,-7,0,7,4,5,1,-6,2,8,4,4,0,0,0,0,-1,3,2,1,0,1,0,0,1,1,1,1,-1,3,1
KR_6530521153,420,2,18,12,0,0,4,4,0,0,0,-1,3,4,1,2,1,0,1,1,0,-2,12,4,0,4,-1,0,1,1,1,1,1,2,1
KR_6727028364,420,2,4,26,1,1,1,0,3,3,0,-2,3,5,-2,2,4,1,2,1,0,-4,4,2,7,9,1,0,0,-1,1,1,-1,3,1
KR_6690995341,440,1,-51,20,-8,2,3,1,-5,3,8,0,3,3,-5,0,5,0,2,2,-1,-18,1,0,5,5,5,0,0,-1,-1,0,-1,4,1
KR_5538489086,420,2,80,18,4,0,1,1,1,1,0,1,4,3,2,3,1,0,1,1,0,2,-16,2,1,3,0,0,1,1,1,1,1,4,1
KR_6661081212,420,2,51,41,13,2,2,0,2,3,1,5,5,0,0,1,1,4,4,0,0,7,26,2,2,4,4,0,0,0,1,0,1,0,1
KR_6756220809,440,-3,-5,20,-2,0,1,1,0,0,0,-1,5,6,-5,0,5,4,5,1,0,-2,-11,0,1,1,0,0,-1,1,1,-1,-1,2,1
KR_6750079261,440,0,17,24,0,-4,0,4,-5,2,7,5,5,0,2,3,1,2,3,1,1,6,0,6,1,7,-3,0,1,1,1,1,1,6,1
KR_6724416572,420,-5,-92,-36,-3,-2,1,3,0,2,2,-1,1,2,1,2,1,-1,3,4,0,7,3,0,0,0,-7,0,0,-1,1,0,-1,2,1
KR_6756846063,420,0,28,12,-1,0,3,3,-2,0,2,-2,3,5,2,2,0,1,1,0,0,-1,126,2,3,5,-3,0,0,-1,1,1,1,2,1
KR_6606127029,420,0,15,16,-4,-2,1,3,0,2,2,0,3,3,-1,3,4,-1,0,1,0,-6,2,5,0,5,-3,0,1,-1,1,-1,-1,2,1
KR_6613761389,420,1,27,23,9,5,6,1,2,4,2,5,5,0,-1,2,3,-2,1,3,0,2,-1,-3,7,4,0,0,1,-1,1,1,-1,3,1
KR_6756487672,420,3,36,-16,8,1,5,4,-2,0,2,3,5,2,5,6,1,1,1,0,0,8,-8,-2,3,1,5,0,2,1,1,1,-1,4,1
KR_6534557663,420,4,73,-10,7,-3,1,4,0,2,2,-1,4,5,5,10,5,6,6,0,0,7,5,-2,4,2,1,0,0,-1,-1,1,1,1,1
KR_6510749631,420,7,127,-3,-1,-1,1,2,3,9,6,-4,0,4,0,0,0,1,2,1,0,1,-2,-1,5,4,1,0,3,-1,-1,1,1,3,1
KR_6729537140,440,-1,37,44,1,0,1,1,-1,1,2,3,4,1,1,1,0,-2,0,2,0,-1,-18,0,3,3,0,0,0,1,1,1,1,3,1
KR_6001515908,420,5,59,19,5,4,5,1,-5,0,5,3,4,1,3,4,1,0,1,1,-1,2,-9,-3,5,2,0,0,0,-1,1,0,-1,4,1
KR_6731723706,440,-1,33,-24,-7,0,2,2,0,2,2,0,1,1,1,2,1,-8,0,8,0,-6,39,-4,5,1,-21,0,0,1,1,0,-1,1,1
KR_6601278328,420,3,91,41,-1,-2,0,2,0,1,1,-4,0,4,6,6,0,-1,0,1,0,2,5,-4,6,2,1,0,0,1,0,0,1,6,1
KR_6605246537,420,5,10,20,1,1,2,1,-2,2,4,0,2,2,2,2,0,0,1,1,0,-5,15,3,3,6,-3,0,0,-1,1,0,-1,5,1
KR_6717852526,440,1,34,-31,5,-2,1,3,2,4,2,5,5,0,0,0,0,0,0,0,0,6,48,5,1,6,1,0,1,1,0,1,1,4,1
KR_6752135141,420,2,80,15,3,-3,0,3,1,2,1,4,5,1,1,2,1,0,0,0,0,0,-139,-3,5,2,2,0,1,1,-1,-1,1,3,1
KR_6744834834,420,4,83,-7,8,1,1,0,1,2,1,4,4,0,2,2,0,0,0,0,0,9,105,1,2,3,1,0,1,1,-1,1,1,2,1
KR_6732270922,440,0,-38,18,0,1,1,0,-5,1,6,2,3,1,1,1,0,1,2,1,0,-1,6,4,3,7,-3,0,0,0,1,1,1,0,1
KR_6710036156,420,2,6,-30,0,0,0,0,-1,2,3,1,2,1,0,3,3,0,2,2,0,0,-45,3,3,6,30,0,-1,1,-1,-1,-1,2,1
KR_6577956369,420,-1,32,-104,3,1,1,0,-1,0,1,9,11,2,-5,0,5,-1,0,1,0,-3,-23,0,2,2,0,0,-2,-1,-1,-1,-1,6,1
KR_6374431021,420,2,65,19,-1,0,1,1,-3,6,9,0,4,4,0,1,1,2,2,0,0,0,0,0,0,0,6,0,1,-1,1,1,1,5,1
KR_6674573488,420,3,5,-7,9,-1,0,1,-1,3,4,3,3,0,2,3,1,6,7,1,0,5,3,3,2,5,2,0,1,-1,1,1,1,3,1
KR_6753584492,440,3,43,17,7,4,4,0,-1,3,4,1,4,3,1,2,1,2,3,1,0,1,-115,5,2,7,-5,0,1,0,-1,1,1,0,1
KR_6733337871,420,1,-8,-8,6,5,6,1,1,4,3,1,1,0,-1,0,1,0,1,1,0,8,-11,0,3,3,1,0,-1,1,-1,-1,1,2,1
KR_6716971091,420,1,7,-4,-3,-1,1,2,-1,2,3,2,3,1,-2,3,5,-1,1,2,0,0,-313,-4,6,2,2,0,0,0,1,1,-1,0,1
KR_6276838835,420,3,64,17,17,3,4,1,2,3,1,11,11,0,2,2,0,-1,0,1,0,-2,-11,1,1,2,-4,0,3,1,1,1,1,5,1
KR_6739194077,420,1,52,-27,2,2,2,0,1,1,0,-2,2,4,1,1,0,0,0,0,0,4,37,-3,3,0,-18,0,2,-1,1,1,-1,4,1
KR_6622465954,420,0,-25,8,-2,4,6,2,-2,0,2,-3,2,5,-2,1,3,1,1,0,0,-4,-15,-6,7,1,3,0,1,0,0,1,1,0,1
KR_6551510647,420,2,5,4,4,0,0,0,2,5,3,1,3,2,0,0,0,1,1,0,0,9,160,3,1,4,1,0,0,1,-1,0,-1,2,1
KR_6749825780,440,-1,-22,-20,-1,1,2,1,-1,2,3,-3,0,3,3,5,2,-1,1,2,0,1,-31,0,4,4,23,0,-1,-1,-1,-1,-1,6,1
KR_6740968828,420,0,41,-4,-2,0,1,1,-2,2,4,-1,0,1,-2,0,2,3,4,1,0,-3,98,-4,6,2,2,0,0,0,-1,0,-1,0,1
KR_6679843186,420,0,-33,-17,-4,0,2,2,-7,1,8,1,4,3,-2,1,3,4,4,0,0,-3,-3,0,2,2,-1,0,1,-1,1,1,-1,1,1
KR_5967905840,420,1,33,0,1,3,3,0,-3,2,5,-2,1,3,3,4,1,0,1,1,0,-2,-15,-1,4,3,4,0,0,1,1,0,1,2,1
KR_6621313382,420,4,6,8,9,1,3,2,6,6,0,-2,4,6,2,4,2,2,2,0,0,10,110,-2,4,2,1,0,0,1,-1,0,1,5,1
KR_6756126249,420,0,-13,12,1,3,3,0,-2,1,3,3,4,1,-2,4,6,-1,2,3,0,-10,5,-4,6,2,0,0,1,-1,-1,1,-1,6,1
KR_6636959355,420,0,-76,0,2,3,6,3,-1,0,1,-1,0,1,3,5,2,-2,0,2,1,4,-25,1,0,1,-3,0,-1,0,1,-1,1,0,1
KR_6696220207,420,3,52,4,6,2,5,3,1,4,3,-2,1,3,3,4,1,2,4,2,0,7,393,-4,7,3,-1,0,0,1,0,1,1,6,1
KR_6754050243,420,-1,-53,26,0,-2,0,2,4,5,1,-3,2,5,0,3,3,1,2,1,0,7,4,3,2,5,0,0,1,-1,1,1,1,1,1
KR_6761983507,420,4,79,13,10,8,8,0,4,5,1,0,4,4,2,5,3,-4,0,4,0,4,1,4,2,6,2,0,-1,1,1,-1,1,2,1
KR_6595587956,420,4,55,14,11,3,4,1,6,7,1,1,5,4,1,1,0,0,1,1,-2,8,-2,0,2,2,0,0,2,-1,1,1,-1,3,1
KR_6595665062,420,4,56,3,8,0,4,4,1,4,3,2,5,3,4,4,0,1,2,1,1,9,-175,2,3,5,1,0,0,1,1,0,1,2,1
KR_6381282578,420,1,-30,56,1,1,1,0,0,4,4,2,3,1,-1,0,1,-1,0,1,0,-1,-5,0,5,5,-1,0,0,1,-1,1,1,5,1
KR_6659297613,420,5,77,24,8,0,2,2,-2,2,4,-4,1,5,14,14,0,0,1,1,1,11,3,3,1,4,2,0,2,1,1,1,1,4,1
KR_6658516517,420,3,93,21,7,0,1,1,3,5,2,1,2,1,3,6,3,0,1,1,0,3,7,4,2,6,4,0,1,1,1,1,1,6,1
KR_6700412728,420,0,11,7,1,2,3,1,2,3,1,-6,1,7,1,2,1,2,2,0,0,2,10,-1,5,4,5,0,1,1,1,1,-1,3,1
KR_6508117920,420,0,-18,0,-1,-3,0,3,1,1,0,3,4,1,-1,2,3,-1,0,1,0,0,376,2,2,4,-1,0,1,1,1,1,1,1,1
KR_6640621389,420,1,-3,16,5,2,3,1,1,1,0,1,3,2,0,1,1,1,1,0,0,6,3,-1,4,3,-2,0,0,1,1,1,1,4,1
KR_6667306284,420,2,52,0,1,1,1,0,-2,0,2,3,3,0,-1,0,1,0,0,0,0,-4,0,-2,5,3,5,0,0,0,-1,0,-1,0,1
KR_6485040536,420,0,87,-34,2,2,3,1,-1,4,5,-1,2,3,2,2,0,0,1,1,0,-2,-21,4,1,5,-1,0,1,1,1,1,1,1,1
KR_6593907707,420,3,46,0,9,3,5,2,9,9,0,2,3,1,-1,0,1,-4,0,4,0,7,-2,2,1,3,-2,0,1,1,1,1,1,3,1
KR_6113309111,420,5,-14,10,11,-1,0,1,3,5,2,-2,0,2,9,9,0,2,2,0,0,9,-20,10,3,13,-1,0,1,1,1,1,1,3,1
KR_6759646627,440,3,52,4,13,3,3,0,4,5,1,-1,0,1,5,6,1,2,2,0,0,15,-24,2,5,7,-4,0,0,0,1,0,-1,0,1
KR_6702301856,420,3,65,12,0,1,2,1,2,4,2,0,1,1,-2,1,3,-1,1,2,0,-4,-15,-3,6,3,2,0,0,1,-1,1,-1,6,1
KR_6726319346,420,-2,-30,-39,-6,-3,0,3,-3,1,4,2,5,3,-3,0,3,1,1,0,0,3,-17,-4,5,1,3,0,-1,-1,0,-1,1,2,1
KR_6736004367,420,2,70,-4,-1,6,6,0,-8,2,10,-4,1,5,4,5,1,1,2,1,0,0,2,3,1,4,-1,0,2,1,1,1,1,1,1
KR_6701519713,420,-1,-12,-24,6,-1,0,1,1,2,1,-1,1,2,4,8,4,3,4,1,0,14,-10,5,3,8,-1,0,0,1,-1,0,1,4,1
KR_6705148271,440,-3,-55,0,-4,-7,0,7,-4,0,4,4,4,0,2,2,0,1,1,0,1,1,56,4,1,5,-11,0,-1,1,1,-1,1,6,1
KR_6732659483,440,3,-36,13,9,4,5,1,3,3,0,4,5,1,0,2,2,-2,0,2,0,3,-11,-2,3,1,0,0,0,-1,1,-1,1,5,1
KR_6433228995,420,1,1,-5,-2,9,10,1,1,1,0,-1,0,1,-10,0,10,-1,0,1,-1,-11,-6,5,4,9,1,0,0,0,0,-1,-1,0,1
KR_6670166868,420,8,50,8,17,2,3,1,7,7,0,3,4,1,4,5,1,1,3,2,0,20,-43,2,2,4,24,0,1,-1,1,1,-1,6,1
KR_6497585409,420,0,-47,-12,7,-2,1,3,9,10,1,3,3,0,-1,4,5,-2,0,2,0,6,-40,2,3,5,11,0,0,-1,1,1,1,1,1
KR_6737524162,440,0,5,-2,6,1,3,2,0,3,3,0,4,4,7,7,0,-2,0,2,1,4,10,1,2,3,-3,0,1,-1,1,1,1,6,1
KR_6596855990,440,-1,23,8,0,-1,1,2,1,4,3,-3,2,5,3,7,4,0,0,0,0,1,268,2,2,4,-1,0,-1,1,1,-1,1,2,1
KR_6757684159,440,3,65,16,4,3,4,1,1,1,0,-2,0,2,-1,2,3,3,4,1,0,6,-7,2,3,5,-1,0,0,1,0,1,1,1,1
KR_6677569925,420,2,32,16,0,0,1,1,-1,1,2,5,9,4,-6,0,6,2,3,1,-1,-6,32,3,4,7,-2,0,0,1,1,0,-1,5,1
KR_6684989125,420,0,-64,19,1,-1,3,4,0,2,2,-1,4,5,1,4,3,2,2,0,0,2,5,-2,6,4,0,0,1,1,-1,1,-1,6,1
KR_6724818235,420,1,34,33,0,2,5,3,-2,0,2,-4,1,5,4,5,1,0,0,0,0,-3,4,-3,7,4,1,0,0,1,-1,-1,1,1,1
KR_6213436561,420,-1,1,24,-4,5,5,0,-2,2,4,1,2,1,-8,2,10,0,1,1,0,-6,-2,-6,8,2,4,0,-1,1,-1,-1,1,5,1
KR_6741871954,420,2,66,18,6,0,0,0,-5,0,5,8,9,1,3,4,1,0,2,2,1,8,6,-7,8,1,4,0,1,-1,0,1,1,3,1
KR_6113803285,420,7,32,40,15,2,5,3,3,3,0,7,7,0,1,1,0,2,4,2,0,9,-6,0,2,2,2,0,2,1,1,1,-1,1,1
KR_6740171332,420,2,-24,22,2,0,1,1,1,1,0,0,5,5,3,5,2,-2,0,2,0,4,-15,-2,5,3,0,0,0,-1,1,0,-1,1,1
KR_6735554443,420,3,66,-12,10,-2,3,5,-2,3,5,4,5,1,5,6,1,5,5,0,0,13,-74,-5,9,4,19,0,1,-1,-1,1,-1,5,1
KR_6757635476,440,0,21,-15,3,-1,3,4,-4,1,5,3,5,2,3,3,0,2,3,1,0,-3,6,2,2,4,0,0,1,1,1,1,1,5,1
KR_6605087205,420,-2,-108,8,-5,-3,0,3,1,6,5,-1,0,1,-1,1,2,-1,0,1,0,-6,-1,1,3,4,0,0,0,1,1,0,-1,3,1
KR_6433072154,420,4,5,1,8,3,5,2,3,3,0,3,5,2,-4,2,6,3,3,0,0,0,-334,-1,3,2,-1,0,1,1,-1,-1,1,3,1
KR_6755848545,440,4,26,13,9,0,1,1,2,5,3,9,11,2,-3,1,4,1,3,2,0,3,116,2,0,2,-2,0,0,1,1,0,1,2,1
KR_6723843345,420,5,94,12,16,6,7,1,2,2,0,5,5,0,1,8,7,2,2,0,0,12,26,0,5,5,0,0,2,1,1,1,1,4,1
KR_6754139409,420,2,-14,-4,8,1,2,1,3,4,1,2,3,1,0,1,1,2,2,0,0,6,14,4,2,6,2,0,1,1,-1,1,1,3,1
KR_6384292462,420,2,44,1,10,0,2,2,1,2,1,3,4,1,5,6,1,1,1,0,0,13,7,-1,5,4,0,0,1,1,1,1,1,2,1
KR_6750687102,420,0,-5,-4,2,2,3,1,-1,3,4,2,4,2,-1,2,3,0,0,0,0,1,6,3,6,9,1,0,0,1,-1,0,1,4,1
KR_5857629476,420,4,91,48,6,4,4,0,0,3,3,0,2,2,1,3,2,1,2,1,0,0,3,-1,3,2,1,0,1,1,0,1,1,5,1
KR_6267032995,420,2,-15,-4,5,3,3,0,3,6,3,-2,0,2,0,4,4,1,1,0,0,6,-2,-4,6,2,-3,0,1,0,1,1,1,0,1
KR_6740778624,420,2,51,11,8,0,2,2,3,4,1,1,2,1,4,6,2,0,1,1,-1,11,-1,1,2,3,-3,0,1,0,1,1,-1,0,1
KR_6609723608,420,3,-45,24,5,-1,0,1,2,4,2,-2,1,3,4,4,0,2,2,0,0,9,-20,0,4,4,5,0,0,1,1,1,1,3,1
KR_6739593655,420,-3,24,16,-12,-3,2,5,-1,4,5,-4,1,5,-4,0,4,0,1,1,0,-8,40,0,2,2,-13,0,1,0,0,1,-1,0,1
KR_6740409048,420,1,-43,23,6,5,5,0,-2,1,3,1,3,2,1,3,2,1,1,0,0,3,-1,-3,6,3,7,0,1,1,0,1,1,6,1
KR_6347773129,420,1,25,-24,0,0,3,3,1,1,0,0,4,4,0,2,2,-1,1,2,0,0,6,-1,5,4,2,0,1,-1,1,1,-1,3,1
KR_6754143029,420,1,29,36,5,3,5,2,-3,3,6,5,10,5,-4,1,5,4,4,0,-2,-1,1,1,0,1,-1,0,1,-1,1,1,-1,6,1
KR_6705833588,420,2,49,-16,11,1,2,1,1,3,2,3,4,1,4,6,2,2,2,0,1,4,7,-2,3,1,1,0,0,1,1,0,1,3,1
KR_6715243200,440,-2,-18,-12,-4,-3,3,6,-2,0,2,0,6,6,3,5,2,-2,1,3,0,-9,2,2,2,4,-2,0,-2,-1,-1,-1,-1,5,1
KR_6742513720,420,3,152,30,-3,-3,1,4,1,2,1,-1,2,3,-2,2,4,2,3,1,1,0,-4,-1,3,2,3,0,1,0,0,1,1,0,1
KR_6742779443,420,6,45,19,3,-2,1,3,-5,2,7,0,4,4,10,10,0,0,1,1,1,5,-7,-2,4,2,0,0,1,-1,-1,-1,1,3,1
KR_6327803414,420,-3,-49,-2,0,-2,2,4,3,3,0,0,2,2,3,7,4,-4,1,5,0,-3,-3,4,1,5,-2,0,-1,1,0,-1,1,1,1
KR_6755813547,420,8,134,-12,5,6,6,0,1,5,4,2,2,0,-2,2,4,-2,0,2,0,3,4,-2,6,4,-2,0,5,1,1,1,-1,4,1
KR_6722975109,420,-2,-38,-32,0,0,0,0,-4,0,4,-3,2,5,6,6,0,1,1,0,-1,5,231,2,4,6,0,0,-1,-1,1,-1,-1,1,1
KR_6756146525,420,5,27,69,5,-4,1,5,6,6,0,0,0,0,2,5,3,1,2,1,-1,1,1,-3,4,1,5,0,1,1,1,1,-1,1,1
KR_6742723106,420,3,24,15,-1,-3,0,3,0,4,4,-3,0,3,4,5,1,1,3,2,1,0,-12,-1,2,1,1,0,-1,0,0,-1,1,0,1
KR_6613354581,420,2,0,23,5,0,1,1,3,6,3,1,4,3,1,3,2,0,0,0,0,2,23,0,1,1,-3,0,1,-1,1,1,1,4,1
KR_6609428872,420,0,21,20,-5,0,2,2,-1,5,6,-3,2,5,-3,2,5,2,2,0,1,-3,9,4,1,5,-1,0,1,-1,0,1,1,5,1
KR_6719447225,420,1,70,-5,-3,1,2,1,-2,1,3,-4,0,4,0,3,3,2,2,0,0,5,4,-2,4,2,1,0,1,-1,1,1,1,4,1
KR_6435085607,420,-1,48,4,-1,0,1,1,0,0,0,-1,1,2,-3,3,6,3,4,1,0,0,-31,1,2,3,25,0,0,1,0,0,1,2,1
KR_6751154117,440,1,-30,0,-9,-2,2,4,5,6,1,0,3,3,-1,1,2,-11,0,11,-2,-8,1,4,2,6,3,0,1,-1,-1,1,-1,3,1
KR_6758089575,440,-1,-10,-8,-3,1,1,0,-2,0,2,1,2,1,0,1,1,-3,2,5,0,-1,148,2,4,6,-3,0,1,0,1,1,-1,0,1
KR_6751211663,420,-2,-122,-4,0,2,3,1,4,4,0,-2,0,2,-5,1,6,1,2,1,0,1,-9,2,3,5,0,0,0,-1,1,1,-1,1,1
KR_6680617363,420,3,-7,20,6,1,1,0,-1,1,2,4,4,0,2,6,4,0,0,0,0,7,3,-2,5,3,3,0,0,1,-1,0,1,5,1
KR_6746446259,420,-1,-12,-4,2,0,2,2,-1,2,3,-2,1,3,4,6,2,1,2,1,0,4,-22,-7,10,3,3,0,-1,1,-1,-1,-1,3,1
KR_6759732282,420,-1,11,-16,6,-4,1,5,-1,0,1,-3,1,4,4,7,3,10,10,0,0,12,-1,-4,6,2,4,0,1,1,-1,1,1,1,1
KR_6732567759,440,-1,-24,3,-5,3,4,1,-7,2,9,1,3,2,-5,2,7,3,3,0,-1,-5,47,-1,6,5,-6,0,0,-1,1,1,-1,4,1
KR_6576871218,440,3,-18,4,8,1,1,0,3,3,0,2,3,1,1,3,2,1,2,1,0,8,0,0,2,2,4,0,0,1,-1,0,1,5,1
KR_6622062007,420,6,125,33,18,4,5,1,5,6,1,2,2,0,5,7,2,2,3,1,1,13,315,1,1,2,2,0,4,1,1,1,1,2,1
KR_6753210454,420,1,-36,24,3,-1,3,4,1,2,1,3,5,2,3,3,0,-3,1,4,0,2,4,-2,4,2,-1,0,0,1,-1,1,1,6,1
KR_6667214151,420,4,5,56,7,2,3,1,2,5,3,1,2,1,2,3,1,0,0,0,0,3,6,-1,1,0,0,0,0,1,1,0,1,6,1
KR_6648726419,440,2,-10,134,1,0,4,4,2,2,0,-5,1,6,3,4,1,1,2,1,0,-1,-10,-5,6,1,0,0,-1,1,1,1,1,4,1
KR_6633778200,420,3,48,-4,8,-1,1,2,4,8,4,2,5,3,0,3,3,3,3,0,0,5,-18,4,3,7,-1,0,0,1,1,0,1,2,1
KR_6646001038,420,2,45,6,4,3,3,0,0,0,0,-1,6,7,3,4,1,-1,0,1,0,0,-15,0,5,5,-7,0,0,-1,0,0,1,4,1
KR_6695237317,420,4,44,20,-2,2,3,1,-4,1,5,3,4,1,-3,1,4,0,0,0,0,-9,22,2,2,4,-1,0,1,-1,-1,1,-1,5,1
KR_6762505119,420,0,-65,-4,2,-1,0,1,-7,1,8,5,5,0,2,4,2,3,4,1,0,7,-307,1,1,2,2,0,0,-1,0,0,1,5,1
KR_6763331172,420,-1,-18,-8,3,-1,1,2,1,3,2,4,6,2,-1,1,2,0,2,2,0,-2,-6,-3,9,6,3,0,1,-1,1,1,-1,3,1
KR_6526388337,420,1,-3,29,0,-1,3,4,5,7,2,1,5,4,-3,3,6,-2,0,2,1,2,-40,0,4,4,11,0,1,-1,1,1,-1,6,1
KR_6686639249,420,3,13,42,3,2,2,0,4,6,2,-3,0,3,0,1,1,0,0,0,0,4,-3,0,2,2,-3,0,1,1,1,1,-1,3,1
KR_6737672149,420,3,39,17,11,4,4,0,-1,0,1,0,5,5,9,10,1,-1,0,1,0,8,-24,4,2,6,-1,0,2,1,-1,1,-1,1,1
KR_6713141739,440,1,19,9,10,-3,0,3,1,1,0,5,7,2,6,7,1,1,1,0,0,13,-42,-1,2,1,3,0,1,1,1,1,1,6,1
KR_6763453060,440,-2,39,-22,-2,-10,0,10,-2,1,3,2,4,2,3,5,2,5,5,0,0,-3,10,5,1,6,0,0,-1,-1,1,-1,-1,6,1
KR_6689367096,420,1,-21,2,4,-1,1,2,3,4,1,-2,0,2,3,4,1,1,2,1,0,5,-5,2,5,7,3,0,0,1,0,0,1,6,1
KR_6742023841,440,5,104,4,12,3,3,0,0,0,0,4,8,4,3,3,0,2,2,0,0,8,0,0,2,2,3,0,3,1,1,1,1,2,1
KR_6755688339,420,0,-68,5,4,-3,2,5,3,5,2,1,2,1,1,3,2,2,2,0,0,5,-18,2,0,2,1,0,0,1,-1,0,1,4,1
KR_6567462080,440,-2,-44,-8,-5,4,4,0,-1,3,4,-4,1,5,0,4,4,-4,0,4,-1,-7,-9,-1,5,4,5,0,-1,-1,1,-1,-1,2,1
KR_6456245312,420,-3,-30,16,-8,-1,1,2,-3,1,4,-1,0,1,-1,3,4,-2,0,2,0,-5,18,3,1,4,2,0,-1,1,1,1,-1,3,1
KR_6749104788,420,1,27,4,5,2,2,0,3,5,2,0,1,1,0,3,3,0,1,1,0,9,-275,-2,4,2,1,0,0,-1,1,0,-1,4,1
KR_6759565054,420,6,71,20,7,2,4,2,4,6,2,-2,2,4,2,2,0,1,2,1,-1,9,-2,2,2,4,0,0,0,1,-1,1,-1,4,1
KR_6713654052,420,-2,29,-19,-4,-1,1,2,-5,0,5,6,6,0,-1,1,2,-3,1,4,0,-4,-48,1,1,2,14,0,-1,-1,-1,-1,1,4,1
KR_6692488232,420,3,15,16,14,0,2,2,2,2,0,4,4,0,3,4,1,5,6,1,1,10,6,-1,3,2,-1,0,0,1,1,0,1,6,1
KR_6658780495,420,0,-12,11,1,1,1,0,-1,0,1,1,1,0,0,1,1,0,1,1,0,-2,-2,-1,2,1,4,0,0,-1,1,0,1,1,1
KR_6599372452,420,-3,-12,-12,-2,-1,2,3,-1,0,1,1,5,4,-2,1,3,1,2,1,0,-3,-9,1,1,2,0,0,-1,0,0,-1,-1,0,1
KR_6713328665,420,2,58,16,10,3,3,0,3,4,1,-2,3,5,2,3,1,4,5,1,0,3,-44,0,1,1,16,0,0,1,1,-1,1,2,1
KR_6759127289,420,1,83,-42,3,3,3,0,-1,0,1,6,6,0,-2,0,2,-3,0,3,0,-1,9,0,3,3,0,0,2,-1,-1,1,1,4,1
KR_6371230226,420,2,-78,32,-3,-3,1,4,1,2,1,1,2,1,-2,2,4,0,2,2,0,-4,0,0,0,0,0,0,-1,1,1,-1,-1,5,1
KR_6493519343,440,-1,1,-23,-2,0,4,4,-7,1,8,4,8,4,-1,2,3,2,3,1,0,-7,3,0,3,3,0,0,-2,1,-1,-1,1,5,1
KR_6752738635,420,-1,8,-16,0,-1,3,4,-1,2,3,-2,4,6,4,4,0,0,1,1,1,-4,113,-1,4,3,-2,0,1,-1,-1,-1,1,4,1
KR_6620049309,420,1,-36,-12,1,1,2,1,-1,1,2,4,4,0,-3,0,3,0,0,0,0,0,-7,0,3,3,0,0,-1,1,1,-1,1,3,1
KR_6681112742,420,7,136,22,16,4,4,0,8,9,1,4,6,2,1,7,6,-1,1,2,0,4,9,-1,4,3,0,0,3,0,1,1,-1,0,1
KR_6123345473,440,-3,26,-16,-10,-1,2,3,1,2,1,-3,2,5,-4,2,6,-3,0,3,0,-16,-4,1,1,2,2,0,0,1,-1,0,-1,4,1
KR_6740266000,420,-3,-43,8,-1,-1,1,2,-1,2,3,1,3,2,-1,2,3,1,3,2,0,0,-4,-4,6,2,1,0,-2,-1,-1,-1,1,4,1
KR_6728700025,420,3,7,37,4,4,5,1,-2,1,3,2,6,4,-2,1,3,2,4,2,-1,-7,9,-3,5,2,0,0,0,1,1,1,-1,1,1
KR_6712866719,420,5,40,16,16,1,2,1,1,3,2,6,6,0,9,9,0,-1,0,1,0,14,10,-1,2,1,2,0,1,1,-1,1,1,5,1
KR_6708443787,420,0,54,-7,8,3,5,2,0,4,4,4,8,4,3,4,1,-2,2,4,-1,1,-6,4,5,9,3,0,1,-1,1,1,-1,5,1
KR_6746671066,440,4,27,20,12,0,2,2,4,6,2,2,6,4,2,5,3,4,5,1,0,14,-3,3,5,8,-2,0,1,-1,1,1,1,3,1
KR_6679426951,420,-1,-78,12,-2,1,1,0,3,3,0,-3,1,4,-3,1,4,0,0,0,-1,0,-21,1,3,4,-1,0,0,1,0,0,-1,3,1
KR_6745841125,420,0,-46,21,-2,1,3,2,0,2,2,-7,0,7,4,7,3,0,2,2,0,1,5,-4,5,1,-2,0,0,1,0,0,-1,4,1
KR_6695560265,440,3,19,24,5,8,8,0,-2,3,5,3,5,2,-2,2,4,-2,0,2,-1,0,-461,0,0,0,-1,0,3,-1,-1,1,-1,2,1
KR_6731646241,420,-1,3,32,-5,4,4,0,-2,2,4,-4,1,5,-3,0,3,0,0,0,0,-14,217,5,1,6,-7,0,1,-1,1,1,-1,6,1
KR_6567414063,420,2,4,4,8,3,3,0,-2,2,4,4,5,1,3,4,1,0,0,0,2,12,36,-4,5,1,-4,0,0,0,0,0,1,0,1
KR_6732558957,420,3,128,27,1,1,4,3,0,3,3,-4,2,6,2,3,1,2,3,1,-1,-9,42,-4,8,4,-5,0,3,1,1,1,-1,6,1
KR_6001680402,420,-1,5,-26,5,-1,2,3,0,2,2,1,1,0,3,4,1,2,4,2,0,1,-1,-6,7,1,2,0,0,1,-1,0,1,4,1
KR_6695483190,420,0,32,20,1,0,4,4,5,5,0,-2,2,4,-2,2,4,0,1,1,0,1,-6,1,2,3,-1,0,-1,-1,-1,-1,-1,4,1
KR_6621041645,440,1,-5,-15,8,4,4,0,-5,3,8,1,3,2,7,9,2,1,1,0,1,14,49,4,1,5,-18,0,1,1,-1,1,1,6,1
KR_6160221844,420,5,59,-24,9,1,4,3,1,4,3,9,9,0,0,3,3,-2,0,2,0,11,-9,0,5,5,4,0,2,1,1,1,1,1,1
KR_6759108621,420,4,33,52,3,0,2,2,2,2,0,0,3,3,0,1,1,1,1,0,0,3,20,3,1,4,-1,0,0,1,0,0,1,4,1
KR_6730567650,420,2,43,-12,4,1,1,0,0,3,3,0,3,3,1,4,3,2,7,5,0,7,-1,-3,7,4,4,0,1,-1,-1,1,1,5,1
KR_6607160346,420,8,166,35,18,6,8,2,1,3,2,8,9,1,1,2,1,2,3,1,0,7,15,1,0,1,0,0,5,1,1,1,1,3,1
KR_6755968642,420,3,-4,-20,11,1,3,2,-2,1,3,5,6,1,6,8,2,1,1,0,0,10,4,1,0,1,0,0,1,1,-1,1,1,3,1
KR_6758122311,420,1,49,-20,10,1,2,1,-1,2,3,3,4,1,6,7,1,1,1,0,0,10,0,2,2,4,-1,0,0,-1,1,1,1,1,1
KR_6714164705,420,3,44,13,6,-2,0,2,-3,1,4,2,3,1,4,4,0,5,6,1,0,7,37,-1,2,1,-1,0,2,1,-1,1,1,3,1
KR_6703802506,420,3,2,-4,15,0,2,2,2,4,2,10,12,2,2,2,0,1,1,0,3,13,13,2,3,5,-6,0,1,1,-1,1,1,2,1
KR_6687792745,420,2,-38,15,7,0,2,2,-2,2,4,11,13,2,0,4,4,-2,1,3,-2,1,-3,-5,6,1,0,0,1,-1,1,1,-1,5,1
KR_6725528544,420,2,118,-2,1,3,5,2,-1,2,3,-4,0,4,1,2,1,2,3,1,0,-7,0,1,3,4,-6,0,0,-1,1,1,1,3,1
KR_6715580992,420,5,106,24,6,-7,0,7,4,4,0,4,5,1,1,1,0,4,4,0,0,7,-134,6,1,7,-9,0,0,1,-1,0,-1,1,1
KR_6630555858,420,-2,14,18,-3,0,4,4,1,2,1,-5,0,5,1,2,1,0,0,0,0,1,-16,-4,6,2,-1,0,0,1,-1,-1,1,4,1
KR_6754072874,420,-2,-30,15,-1,-2,0,2,-4,1,5,6,8,2,0,1,1,-1,0,1,1,-5,-2,0,0,0,-1,0,0,1,0,0,1,5,1
KR_6667307509,420,0,53,17,1,-1,0,1,2,5,3,1,1,0,0,0,0,-1,0,1,0,3,-41,2,5,7,1,0,1,0,-1,1,-1,0,1
KR_6740340153,420,0,45,5,3,-5,0,5,2,4,2,5,5,0,1,5,4,0,1,1,0,4,0,-1,7,6,5,0,0,-1,-1,1,1,1,1
KR_6728736552,420,0,-22,44,0,-3,3,6,-1,2,3,2,2,0,-2,3,5,4,5,1,1,-6,9,3,1,4,1,0,-1,-1,-1,-1,1,1,1
KR_6659725893,420,-4,-35,-11,-6,4,7,3,-3,2,5,-3,0,3,-4,0,4,0,1,1,0,-12,2,-2,8,6,0,0,0,1,-1,1,-1,4,1
KR_6726582031,420,-2,-87,-9,-4,-2,2,4,3,5,2,0,1,1,-3,0,3,-2,1,3,0,2,33,-1,4,3,-31,0,-1,1,1,-1,-1,2,1
KR_6721934094,420,1,-15,41,2,-6,0,6,3,5,2,0,4,4,-1,3,4,6,6,0,0,-2,7,3,3,6,-1,0,1,1,-1,-1,1,6,1
KR_6599231632,420,1,-29,4,3,-4,0,4,1,2,1,2,4,2,-1,1,2,5,6,1,0,8,-10,4,2,6,2,0,0,1,1,0,-1,2,1
KR_6695681911,420,1,52,16,1,3,4,1,0,1,1,-1,2,3,0,2,2,-1,1,2,0,-2,-10,4,1,5,1,0,1,1,1,1,1,3,1
KR_6668069145,420,0,-7,-16,3,2,5,3,4,5,1,-1,0,1,-1,1,2,-1,0,1,0,4,13,5,1,6,-5,0,0,1,0,-1,-1,6,1
KR_6624975623,420,5,106,10,7,1,2,1,-2,0,2,6,9,3,1,4,3,1,1,0,1,-3,34,-1,4,3,1,0,1,-1,0,1,1,5,1
KR_6362484830,420,6,51,12,12,-1,1,2,2,7,5,7,8,1,4,6,2,0,1,1,0,17,0,0,0,0,0,0,1,0,-1,1,1,0,1
KR_6650538505,420,8,116,12,11,5,6,1,-1,2,3,4,6,2,0,3,3,3,3,0,1,7,18,2,1,3,1,0,3,0,-1,1,1,0,1
KR_6738182923,440,2,54,16,8,6,6,0,1,6,5,0,1,1,0,4,4,1,2,1,0,7,-5,1,4,5,2,0,1,1,1,1,-1,1,1
KR_6745907726,420,1,-14,-12,-2,0,2,2,-1,0,1,-1,0,1,-3,3,6,3,4,1,0,-4,-5,-3,7,4,4,0,0,0,0,0,-1,0,1
KR_6601332548,420,-1,-5,19,-3,-1,0,1,2,3,1,-1,4,5,-3,1,4,0,1,1,0,-4,-3,-1,6,5,1,0,1,-1,1,1,1,2,1
KR_6744937119,420,6,62,28,9,1,2,1,2,3,1,6,6,0,1,2,1,-1,0,1,0,9,-1,-6,9,3,4,0,1,1,1,1,1,1,1
KR_6690467879,420,3,70,8,5,0,4,4,0,2,2,-3,1,4,5,5,0,3,3,0,0,9,12,5,0,5,-3,0,1,-1,1,1,-1,5,1
KR_6762503740,420,3,42,-21,7,0,6,6,4,5,1,2,4,2,0,1,1,1,2,1,0,12,7,0,6,6,1,0,0,-1,1,1,-1,5,1
KR_6751709241,420,1,43,-39,-3,1,5,4,1,2,1,0,3,3,-5,1,6,0,0,0,-1,0,2,1,4,5,-1,0,2,1,1,1,1,4,1
KR_6726438670,420,5,76,23,4,2,2,0,3,4,1,4,5,1,-1,3,4,-4,3,7,1,2,139,2,2,4,3,0,2,1,1,1,1,6,1
KR_6604949927,420,4,74,-14,3,6,7,1,0,1,1,-3,1,4,-3,0,3,3,3,0,0,-1,-7,-3,4,1,4,0,1,1,1,1,1,3,1
KR_6707905577,420,1,60,20,1,1,1,0,-1,1,2,0,3,3,-1,2,3,2,3,1,0,4,-153,-3,7,4,2,0,0,1,1,-1,-1,6,1
KR_6714205865,420,3,142,31,16,1,1,0,1,3,2,9,10,1,0,0,0,5,6,1,1,5,-18,4,0,4,-2,0,3,1,1,1,1,6,1
KR_6712574357,420,3,93,8,-4,-1,2,3,1,2,1,-2,2,4,-2,1,3,0,2,2,-1,0,1,-2,5,3,5,0,1,-1,1,1,-1,3,1
KR_6678368914,420,-1,-40,48,-3,-5,1,6,-1,1,2,-2,3,5,2,4,2,3,4,1,0,-6,-2,-5,6,1,3,0,1,1,1,1,1,6,1
KR_6680646064,420,-1,-40,-40,-4,-4,0,4,-2,3,5,-2,3,5,3,4,1,1,1,0,0,1,256,-2,4,2,1,0,0,1,1,-1,1,2,1
KR_6571057336,420,-1,36,13,-2,-1,2,3,-1,0,1,3,6,3,-3,6,9,0,1,1,1,4,9,-2,3,1,-1,0,2,-1,1,1,1,4,1
KR_6552739176,420,0,-3,-28,-6,0,2,2,-5,1,6,-1,0,1,1,4,3,-1,2,3,0,-3,-37,1,3,4,1,0,0,1,0,0,1,1,1
KR_6699488780,420,1,71,44,-2,5,7,2,-3,1,4,-4,0,4,-2,0,2,2,2,0,1,-4,5,-1,5,4,0,0,1,1,-1,1,1,5,1
KR_6669281543,420,0,53,20,-2,5,7,2,-2,2,4,-3,2,5,-2,1,3,0,1,1,-1,-10,-192,-4,6,2,3,0,2,-1,1,1,-1,5,1
KR_6727520995,420,2,-23,17,12,-2,1,3,3,4,1,0,1,1,3,3,0,8,8,0,0,17,-26,1,4,5,15,0,1,-1,-1,1,1,5,1
KR_6748507144,420,4,75,-16,15,1,2,1,3,7,4,0,3,3,2,3,1,9,9,0,0,6,55,2,2,4,-19,0,1,-1,-1,1,1,6,1
KR_6760536518,420,2,81,24,5,-3,1,4,-1,2,3,3,5,2,5,5,0,1,2,1,-1,5,-336,2,2,4,0,0,0,1,-1,-1,-1,2,1
KR_6720487532,420,6,24,45,13,-2,1,3,3,3,0,3,6,3,9,13,4,0,3,3,0,7,-2,4,4,8,-1,0,0,1,-1,1,-1,6,1
KR_6607786728,420,-1,-27,5,5,0,0,0,1,2,1,1,4,3,0,3,3,3,4,1,0,1,3,2,3,5,0,0,0,0,1,-1,1,0,1
KR_6735055752,420,-1,-9,-4,-1,-2,0,2,-1,3,4,3,4,1,-2,0,2,1,3,2,0,1,19,4,1,5,-1,0,0,1,-1,0,-1,6,1
KR_6682479892,420,1,89,-20,10,2,4,2,1,1,0,1,2,1,6,8,2,0,2,2,1,13,-6,1,5,6,-1,0,2,1,1,1,1,4,1
KR_6665754133,440,1,-24,-12,1,0,0,0,-3,3,6,0,2,2,-3,0,3,7,9,2,0,4,-3,-3,5,2,1,0,-1,-1,-1,-1,-1,4,1
KR_6735064866,420,7,159,-15,15,1,4,3,1,1,0,7,7,0,5,6,1,1,2,1,-1,8,18,4,0,4,2,0,2,-1,0,1,-1,2,1
KR_6749369026,420,8,89,42,17,4,4,0,1,3,2,9,9,0,2,4,2,1,1,0,0,9,-6,-3,7,4,7,0,1,1,0,1,1,5,1
KR_6629885222,420,0,12,-27,3,0,3,3,-1,2,3,2,4,2,-1,5,6,3,4,1,0,1,-26,-3,4,1,1,0,0,-1,-1,-1,-1,5,1
KR_6750745080,420,0,64,-12,0,3,5,2,2,3,1,-6,0,6,0,2,2,1,1,0,0,1,15,4,3,7,4,0,1,-1,0,1,1,6,1
KR_6731722933,420,2,38,-16,7,4,4,0,3,3,0,-3,1,4,2,2,0,1,1,0,0,2,9,3,3,6,3,0,0,1,0,0,1,3,1
KR_6550631158,440,-3,8,0,-12,-3,0,3,-2,0,2,-7,1,8,0,1,1,0,0,0,0,-10,-4,-7,11,4,-1,0,-1,0,-1,-1,-1,0,1
KR_6751185653,420,1,-8,-32,9,-2,2,4,4,6,2,-1,1,2,7,7,0,1,1,0,3,19,26,4,2,6,-33,0,1,1,1,1,1,6,1
KR_6331189782,420,0,-40,25,2,0,2,2,2,5,3,-1,0,1,-1,0,1,2,2,0,0,-3,24,-1,5,4,2,0,0,1,1,0,1,3,1
KR_6761363555,420,-2,54,-43,0,0,0,0,-1,2,3,0,0,0,2,2,0,-1,1,2,0,4,2,1,4,5,2,0,0,-1,1,0,1,6,1
KR_6566227016,420,3,54,88,4,2,2,0,1,2,1,4,6,2,-2,2,4,-1,4,5,1,-1,0,-3,6,3,2,0,0,1,0,1,1,6,1
KR_6758908625,420,7,140,8,17,-1,1,2,0,1,1,5,7,2,13,14,1,0,2,2,-1,15,3,1,1,2,-3,0,1,1,0,1,-1,4,1
KR_6613868333,440,1,61,-8,3,3,3,0,-2,0,2,-5,1,6,4,4,0,3,3,0,0,8,-99,2,5,7,4,0,1,1,-1,1,-1,6,1
KR_6751813564,420,1,-29,-4,0,-2,0,2,0,3,3,-2,0,2,2,2,0,2,2,0,0,8,3,-2,8,6,2,0,0,1,-1,-1,-1,5,1
KR_6754265491,420,7,109,13,11,3,4,1,2,2,0,3,4,1,2,2,0,1,1,0,0,9,19,-3,5,2,3,0,3,-1,0,1,1,4,1
KR_6714868601,420,2,1,28,8,-1,1,2,3,5,2,1,5,4,2,4,2,3,3,0,0,6,-4,-3,5,2,2,0,1,1,-1,1,-1,3,1
KR_6736652733,420,4,60,36,13,2,4,2,4,7,3,2,3,1,5,7,2,0,1,1,1,5,-26,1,5,6,4,0,0,1,1,0,1,1,1
KR_6606213027,420,5,50,30,8,0,2,2,5,5,0,0,0,0,3,3,0,0,0,0,1,4,-7,-1,3,2,-2,0,3,1,1,1,1,6,1
KR_6748903761,420,-1,-51,8,-8,1,2,1,5,6,1,-5,1,6,-6,1,7,-3,3,6,1,-4,5,1,0,1,0,0,-2,0,0,-1,1,0,1
KR_6720105291,420,2,-15,-8,4,-3,4,7,-1,3,4,-2,2,4,7,8,1,3,4,1,-1,-2,7,4,1,5,-3,0,1,-1,-1,1,-1,5,1
KR_6704774981,420,4,60,-4,8,-1,0,1,-1,3,4,3,3,0,7,9,2,0,0,0,1,13,39,-2,6,4,-26,0,1,1,-1,1,1,1,1
KR_6693677869,440,2,-4,44,-1,2,3,1,4,6,2,-1,2,3,-4,0,4,-2,0,2,-1,-10,-21,-2,3,1,4,0,1,1,1,-1,-1,4,1
KR_6618563476,420,4,67,-2,10,-2,1,3,10,10,0,1,3,2,1,1,0,0,0,0,0,7,-22,3,1,4,1,0,3,-1,1,1,1,2,1
KR_6543787177,420,1,-70,11,6,-1,0,1,1,2,1,2,4,2,6,6,0,-2,0,2,0,11,248,-2,4,2,2,0,0,1,1,-1,1,3,1
KR_6693745396,420,-1,-12,-28,6,2,4,2,-2,0,2,2,3,1,1,1,0,3,3,0,1,5,11,4,1,5,-5,0,-1,-1,-1,-1,1,2,1
KR_6652853183,420,5,89,32,13,-1,1,2,-1,0,1,2,4,2,7,8,1,6,6,0,0,11,-7,1,2,3,3,0,1,1,-1,1,1,4,1
KR_6628573557,420,4,-7,4,10,1,2,1,-1,1,2,-1,3,4,10,11,1,1,1,0,0,12,7,2,3,5,0,0,0,1,-1,1,-1,4,1
KR_6672650090,420,2,37,13,9,3,3,0,4,4,0,-2,2,4,1,4,3,3,3,0,2,17,-65,7,2,9,-3,0,1,-1,-1,-1,1,5,1
KR_6693788934,420,1,-23,4,6,2,6,4,1,3,2,3,4,1,-1,1,2,1,2,1,0,1,8,3,2,5,0,0,1,1,1,1,1,4,1
KR_6755071833,420,2,-5,20,8,-1,4,5,1,3,2,2,3,1,3,6,3,3,4,1,1,9,1,-1,1,0,2,0,0,-1,-1,1,1,5,1
KR_6757528879,420,-1,21,-19,4,-2,0,2,4,5,1,2,3,1,0,2,2,0,1,1,1,13,51,4,3,7,-21,0,0,1,-1,0,1,6,1
KR_6332718651,440,3,-11,36,7,1,1,0,1,2,1,1,2,1,0,2,2,4,4,0,0,11,44,0,4,4,5,0,0,1,0,0,1,3,1
KR_6752396397,420,1,27,-5,5,-2,1,3,5,5,0,3,5,2,0,0,0,-1,0,1,0,6,-13,-6,8,2,5,0,1,1,1,1,-1,1,1
KR_6706175010,440,4,30,23,5,2,3,1,-1,2,3,1,2,1,3,3,0,0,0,0,0,0,-2,-2,2,0,-1,0,0,0,1,1,1,0,1
KR_6689653362,420,0,56,17,2,5,6,1,-7,0,7,3,4,1,1,2,1,0,0,0,-1,-8,-5,0,0,0,2,0,0,-1,0,0,-1,6,1
KR_6681090432,420,-4,-45,-9,-10,-2,3,5,-3,0,3,-6,1,7,1,2,1,0,0,0,0,-13,3,0,4,4,-2,0,0,0,-1,-1,1,0,1
KR_5797494022,420,-2,-14,1,-2,0,1,1,4,5,1,0,4,4,-2,2,4,-4,2,6,1,3,1,0,4,4,4,0,-2,1,0,-1,1,3,1
KR_6715970780,420,-1,9,15,-3,2,3,1,-3,1,4,-1,1,2,1,1,0,-2,3,5,1,-3,-12,-1,5,4,27,0,1,-1,1,1,1,3,1
KR_6610328028,420,5,12,24,7,2,4,2,-3,2,5,3,6,3,6,7,1,-1,2,3,0,10,-8,0,1,1,1,0,1,1,1,1,-1,1,1
KR_6633529741,420,4,-60,8,7,2,2,0,3,4,1,2,4,2,0,4,4,0,1,1,0,3,-8,3,4,7,1,0,0,1,1,0,1,5,1
KR_6660802591,420,-2,-60,-8,-2,-3,0,3,0,2,2,3,3,0,-1,1,2,-1,0,1,-1,-1,-7,4,0,4,3,0,0,0,0,0,-1,0,1
KR_6375133297,420,3,9,-16,11,-1,2,3,7,9,2,0,1,1,4,4,0,1,3,2,1,10,0,0,0,0,0,0,0,1,-1,-1,1,4,1
KR_6613827018,420,-3,-32,-20,-6,1,1,0,1,3,2,0,2,2,-3,3,6,-5,0,5,0,-6,11,-3,6,3,-1,0,0,0,0,0,-1,0,1
KR_6720605132,420,6,80,23,11,6,9,3,1,1,0,6,8,2,-3,2,5,1,2,1,1,3,-1,1,1,2,1,0,4,1,1,1,1,2,1
KR_6750106649,420,-2,-3,-7,-2,-2,1,3,-1,2,3,-3,1,4,2,4,2,2,3,1,0,-2,27,-4,6,2,-1,0,1,1,1,1,-1,1,1
KR_6737674785,420,3,7,29,6,0,1,1,4,7,3,5,5,0,-1,0,1,-2,0,2,0,1,339,-1,3,2,-3,0,1,1,1,1,1,4,1
KR_6690809803,420,-1,-39,-4,0,5,5,0,-1,2,3,-2,1,3,-1,2,3,-1,0,1,0,2,0,-3,3,0,1,0,0,1,-1,1,-1,6,1
KR_6763633938,420,-1,-58,-19,2,1,2,1,3,3,0,-3,1,4,0,2,2,1,1,0,0,4,-51,1,2,3,6,0,0,0,0,-1,1,0,1
KR_6611532129,420,1,76,-11,4,1,4,3,1,4,3,2,3,1,-1,1,2,1,1,0,0,3,1,-3,7,4,5,0,0,-1,-1,0,1,3,1
KR_6535833868,420,1,32,12,2,-1,1,2,3,4,1,0,3,3,0,1,1,0,1,1,0,6,-29,-2,7,5,-1,0,0,1,1,1,-1,4,1
KR_6679037900,420,0,-26,-12,-1,1,4,3,1,4,3,0,1,1,-2,1,3,-1,0,1,1,-3,-1,0,2,2,-2,0,1,-1,0,1,1,5,1
KR_6730951142,420,0,29,8,-2,6,9,3,-1,3,4,-4,1,5,-2,1,3,-1,0,1,0,-4,-3,3,1,4,-1,0,1,1,1,1,1,5,1
KR_6749956702,440,0,7,12,1,-4,0,4,2,3,1,3,3,0,1,3,2,-1,2,3,-1,7,2,0,6,6,-2,0,0,1,1,1,-1,5,1
KR_6649898612,420,4,67,5,5,-2,1,3,1,1,0,2,4,2,3,6,3,1,3,2,0,4,0,2,3,5,-2,0,0,0,1,0,1,0,1
KR_6740803021,420,1,14,4,4,-2,1,3,4,6,2,-3,1,4,3,3,0,2,4,2,-1,7,169,1,1,2,1,0,0,1,-1,-1,-1,3,1
KR_6687926750,420,5,93,8,8,0,1,1,1,1,0,0,2,2,7,7,0,0,2,2,0,7,40,0,1,1,-1,0,2,1,-1,1,1,5,1
KR_6716459975,420,-1,-55,-18,10,1,2,1,1,3,2,4,5,1,2,2,0,2,2,0,0,19,-6,4,3,7,1,0,0,1,1,1,-1,5,1
KR_6752294365,420,6,37,44,16,4,4,0,3,4,1,6,10,4,3,5,2,0,1,1,0,4,4,3,1,4,0,0,0,1,1,0,1,5,1
KR_6754257659,440,-3,28,-2,-7,-6,0,6,-3,1,4,2,2,0,-1,2,3,1,2,1,1,-4,-10,1,1,2,0,0,-1,0,0,1,1,0,1
KR_6615866964,420,-1,-46,-10,-5,1,3,2,-3,4,7,2,2,0,-3,0,3,-2,0,2,0,-9,2,-2,7,5,1,0,-1,1,1,-1,-1,2,1
KR_6759566176,440,0,-54,-1,2,-3,1,4,2,3,1,-3,1,4,4,6,2,2,3,1,0,7,-4,4,3,7,3,0,-1,1,-1,-1,1,1,1
KR_6710574286,420,-1,1,4,0,-1,2,3,-3,0,3,1,1,0,3,3,0,0,0,0,0,2,2,2,3,5,1,0,-1,1,1,-1,-1,5,1
KR_6754350775,440,2,50,-8,3,3,3,0,-1,0,1,-1,2,3,2,2,0,0,2,2,0,1,-6,4,6,10,2,0,1,1,1,1,-1,6,1
KR_6628328436,420,1,-16,7,-4,0,1,1,1,2,1,0,4,4,-5,0,5,0,0,0,0,-4,143,0,4,4,-1,0,1,-1,-1,1,1,4,1
KR_6755210775,420,-2,-87,8,1,-1,1,2,-3,1,4,3,5,2,0,2,2,2,2,0,0,-5,-1,0,4,4,-5,0,0,1,1,0,1,3,1
KR_6652961189,420,3,30,0,15,3,5,2,3,4,1,7,8,1,1,1,0,1,1,0,0,7,7,-2,3,1,3,0,0,1,1,1,1,3,1
KR_6754876060,420,7,94,41,12,4,4,0,-1,1,2,5,7,2,4,4,0,0,2,2,2,8,55,4,3,7,-20,0,0,1,1,1,1,3,1
KR_6723286689,420,3,50,12,8,5,6,1,0,2,2,3,4,1,0,0,0,0,0,0,0,3,-10,1,2,3,0,0,1,1,1,1,1,5,1
KR_6652306389,420,0,9,-3,1,1,1,0,-2,0,2,0,1,1,2,3,1,0,1,1,0,3,47,2,3,5,-22,0,0,1,0,0,-1,6,1
KR_6574879822,420,5,61,48,14,4,4,0,4,4,0,-1,0,1,6,6,0,1,1,0,0,13,-99,2,3,5,3,0,2,1,1,1,1,3,1
KR_6650383666,420,0,44,11,-5,4,4,0,-5,2,7,0,2,2,-5,0,5,1,1,0,-1,-9,-147,-5,9,4,-1,0,0,1,-1,-1,-1,4,1
KR_6636179812,420,1,27,-12,5,0,1,1,1,3,2,0,3,3,4,5,1,0,2,2,0,6,0,1,3,4,-1,0,1,1,-1,1,-1,3,1
KR_6678782069,440,3,58,-7,9,-3,1,4,3,3,0,-2,2,4,10,10,0,1,3,2,1,16,-5,1,2,3,0,0,0,1,-1,-1,1,4,1
KR_6761686587,420,-2,39,-12,-8,-5,0,5,-1,1,2,0,1,1,-3,3,6,1,1,0,0,-2,-6,-1,5,4,0,0,1,1,1,1,1,4,1
KR_6732124355,420,6,121,19,13,2,4,2,2,3,1,5,5,0,4,5,1,0,0,0,0,15,1,1,1,2,6,0,2,1,1,1,-1,3,1
KR_6704894743,420,3,83,24,-1,-2,1,3,-1,4,5,0,1,1,4,4,0,-2,0,2,0,-3,-6,3,0,3,-2,0,1,-1,1,1,-1,5,1
KR_6505515499,420,5,34,3,12,0,2,2,3,4,1,3,5,2,0,1,1,6,6,0,0,6,20,0,2,2,0,0,1,1,1,1,1,6,1
KR_6675558132,420,3,11,20,14,4,4,0,8,10,2,-4,1,5,4,6,2,2,2,0,1,11,-2,1,1,2,1,0,0,1,-1,0,1,5,1
KR_6700946926,440,5,114,13,13,4,5,1,-2,1,3,3,4,1,7,7,0,1,1,0,0,7,1,-2,5,3,-2,0,1,1,-1,1,-1,1,1
KR_6741079945,440,-3,-102,6,2,-6,0,6,7,7,0,5,9,4,-3,1,4,-1,0,1,0,12,-1,4,0,4,-1,0,-2,1,-1,-1,-1,1,1
KR_6510918511,420,-6,2,-96,7,-6,0,6,-4,0,4,2,4,2,7,7,0,8,9,1,-1,11,-225,0,1,1,-1,0,1,0,-1,1,-1,0,1
KR_6645813366,420,-1,-23,-34,-5,0,1,1,1,3,2,4,5,1,-10,0,10,0,0,0,-1,-7,-3,-2,5,3,1,0,-1,1,0,-1,-1,3,1
KR_6745829228,420,1,42,16,2,-3,0,3,0,2,2,4,7,3,0,1,1,1,1,0,0,0,0,-3,3,0,1,0,0,-1,1,1,-1,4,1
KR_6750600894,440,3,99,24,9,3,4,1,1,3,2,7,7,0,-2,1,3,0,1,1,0,11,1,-1,3,2,1,0,1,0,0,1,1,0,1
KR_6711597397,440,1,-24,8,6,1,2,1,3,9,6,-1,1,2,0,2,2,3,5,2,1,4,-4,-7,10,3,1,0,0,1,0,-1,1,5,1
KR_6705317555,420,-1,-47,12,-12,-3,2,5,-2,1,3,-5,0,5,-4,0,4,2,2,0,0,-10,6,2,2,4,-3,0,0,-1,1,0,-1,4,1
KR_6718056337,420,3,-2,29,15,6,7,1,-1,0,1,2,6,4,7,8,1,1,1,0,1,9,18,2,1,3,2,0,3,1,1,1,1,4,1
KR_6757719457,440,-5,-76,-8,-5,1,3,2,-4,0,4,0,5,5,-3,5,8,1,2,1,0,-6,4,1,4,5,-2,0,-1,-1,-1,-1,1,5,1
KR_6733829090,420,4,48,24,14,3,3,0,1,1,0,-1,1,2,-1,2,3,12,15,3,0,12,-2,-3,3,0,2,0,1,1,1,1,-1,5,1
KR_6673090530,420,8,78,52,9,2,2,0,5,7,2,2,4,2,-3,2,5,3,3,0,1,8,10,2,4,6,2,0,1,-1,-1,1,1,1,1
KR_6763229334,440,1,29,16,1,4,5,1,0,1,1,-5,1,6,2,7,5,0,0,0,-1,0,6,2,1,3,-2,0,0,1,-1,-1,-1,6,1
KR_6752652871,420,1,44,16,-2,2,2,0,-1,4,5,-1,6,7,1,4,3,-3,0,3,-1,-5,-7,0,3,3,1,0,0,1,-1,0,-1,1,1
KR_6750483209,440,1,-5,9,-2,0,0,0,0,3,3,-5,0,5,-1,1,2,4,5,1,0,-5,0,5,0,5,0,0,0,0,-1,0,-1,0,1
KR_6681048243,420,5,56,0,8,-6,2,8,0,0,0,5,6,1,5,5,0,4,4,0,1,14,8,1,3,4,0,0,0,1,-1,1,1,4,1
KR_6754510459,440,-7,-58,-16,-11,-6,0,6,-1,3,4,-3,1,4,-1,2,3,0,0,0,0,-3,-23,-1,6,5,2,0,0,-1,-1,0,-1,6,1
KR_6537350512,420,2,6,36,1,0,2,2,-4,0,4,4,4,0,0,0,0,1,2,1,0,-3,2,0,6,6,4,0,1,-1,1,1,-1,6,1
KR_6542137045,420,8,59,28,15,3,3,0,1,3,2,4,5,1,2,3,1,5,5,0,0,11,2,1,3,4,2,0,3,0,1,1,1,0,1
KR_6754002344,420,2,17,8,4,3,3,0,3,5,2,-3,1,4,1,1,0,0,0,0,0,-1,-10,-4,6,2,-1,0,0,1,-1,0,1,5,1
KR_5648437475,420,2,-13,4,4,3,4,1,1,4,3,3,3,0,-3,2,5,0,2,2,0,8,-12,0,4,4,0,0,0,1,0,-1,1,6,1
KR_6663074973,420,2,89,8,6,-3,0,3,2,2,0,1,1,0,4,4,0,2,2,0,0,8,2,1,1,2,2,0,1,-1,1,1,-1,6,1
KR_6695358334,420,5,69,8,12,0,4,4,0,1,1,3,5,2,9,9,0,0,1,1,0,17,-3,1,3,4,4,0,1,1,0,1,1,1,1
KR_6753532346,440,7,123,16,10,0,1,1,-2,2,4,4,4,0,6,7,1,2,2,0,-1,8,8,1,3,4,-3,0,2,1,1,1,-1,3,1
KR_6619565311,420,3,36,-3,8,3,5,2,2,4,2,2,5,3,0,1,1,1,2,1,0,5,49,3,2,5,-15,0,2,1,0,1,-1,4,1
KR_6749500064,440,4,62,-3,7,2,3,1,1,6,5,0,3,3,4,5,1,0,0,0,0,8,-265,3,2,5,-1,0,1,1,0,1,-1,2,1
KR_6730155039,420,-3,-90,0,-9,-1,2,3,-2,3,5,-3,3,6,-3,1,4,0,2,2,0,-10,49,2,3,5,-7,0,0,-1,0,-1,-1,5,1
KR_6764386283,440,1,37,-12,5,0,0,0,0,2,2,0,2,2,5,5,0,0,0,0,0,3,-8,-2,7,5,1,0,0,1,-1,0,1,4,1
KR_6735678674,440,0,11,-16,-2,0,1,1,0,2,2,0,0,0,-2,1,3,0,0,0,0,-2,2,-1,3,2,0,0,-1,1,-1,-1,-1,1,1
KR_6724539737,420,2,66,4,4,0,3,3,1,4,3,1,2,1,2,3,1,0,1,1,0,4,-12,6,0,6,-5,0,0,1,1,1,1,2,1
KR_6763627113,420,-1,25,-14,-4,0,4,4,-2,4,6,2,3,1,-5,1,6,1,1,0,0,-1,9,7,1,8,-1,0,0,-1,1,0,-1,1,1
KR_6724972488,440,2,53,32,4,3,5,2,-1,8,9,5,5,0,-3,2,5,0,1,1,2,3,5,0,3,3,4,0,3,1,1,1,1,4,1
KR_6695710576,420,1,79,-12,3,-1,0,1,-4,0,4,3,5,2,1,1,0,4,4,0,0,4,6,-4,6,2,1,0,1,1,-1,1,-1,5,1
KR_6315362875,440,2,54,25,-2,0,3,3,0,1,1,0,3,3,-4,1,5,2,2,0,0,0,-8,-3,4,1,3,0,0,1,-1,-1,1,5,1
KR_6760415241,420,-2,34,-44,-1,5,5,0,-1,1,2,0,3,3,-2,3,5,-3,1,4,0,-3,-2,4,2,6,5,0,0,-1,1,0,-1,3,1
KR_6751627220,420,4,98,-12,13,3,3,0,2,3,1,2,4,2,3,5,2,3,4,1,0,6,7,8,1,9,0,0,2,1,1,1,-1,4,1
KR_6763812000,420,1,0,-2,2,2,2,0,2,3,1,0,2,2,-2,0,2,0,0,0,0,4,22,5,2,7,-3,0,0,0,1,1,-1,0,1
KR_6716936149,420,5,115,8,8,3,3,0,2,3,1,1,2,1,3,5,2,-1,0,1,0,0,81,5,0,5,1,0,2,1,1,1,1,2,1
KR_6675707046,420,2,35,4,0,1,1,0,0,2,2,2,4,2,0,1,1,-3,0,3,0,-3,-178,1,4,5,2,0,2,1,1,1,-1,5,1
KR_6749176388,420,1,96,2,0,-5,0,5,-4,2,6,-1,2,3,10,10,0,0,1,1,0,-2,2,-3,4,1,-2,0,2,-1,1,1,1,1,1
KR_6762544039,420,4,72,31,14,-3,0,3,2,5,3,7,9,2,6,6,0,2,3,1,1,8,-9,-2,2,0,0,0,1,1,1,1,-1,5,1
KR_6660115672,420,1,16,4,2,-2,2,4,2,3,1,1,5,4,-1,0,1,2,2,0,0,-2,15,-1,2,1,0,0,1,1,-1,1,1,3,1
KR_6695773556,420,-2,60,-32,0,1,2,1,0,1,1,4,8,4,-3,2,5,-2,1,3,0,0,8,1,2,3,-3,0,-1,0,-1,-1,1,0,1
KR_6576733930,440,1,44,-16,12,1,5,4,2,2,0,-2,0,2,8,9,1,3,3,0,0,10,21,0,3,3,0,0,1,-1,1,1,1,2,1
KR_6757007594,420,0,9,8,7,-1,1,2,2,3,1,3,4,1,2,2,0,1,1,0,0,11,7,0,2,2,2,0,-1,1,0,-1,-1,4,1
KR_6391795351,420,-1,35,-20,-1,2,3,1,-1,1,2,0,1,1,-3,1,4,1,2,1,0,-6,3,-1,5,4,1,0,-1,1,-1,-1,1,1,1
KR_6759502886,440,-1,-87,-25,3,-2,2,4,1,5,4,0,4,4,5,7,2,-1,0,1,0,6,-4,2,3,5,-2,0,-1,-1,-1,-1,-1,4,1
KR_6685250822,420,3,15,-17,1,-1,2,3,-3,2,5,1,3,2,3,6,3,1,2,1,-1,3,32,1,3,4,1,0,0,0,1,-1,-1,0,1
KR_5535983336,420,2,-9,13,2,-2,2,4,-4,3,7,0,2,2,3,5,2,5,6,1,0,10,5,0,4,4,0,0,0,1,0,1,-1,4,1
KR_6533166838,420,2,16,29,14,3,4,1,3,4,1,8,8,0,1,1,0,-1,2,3,1,14,2,3,0,3,1,0,2,1,1,1,1,6,1
KR_6761024981,420,2,15,0,6,-1,1,2,5,6,1,2,5,3,0,1,1,0,2,2,0,14,-3,3,4,7,1,0,1,1,0,1,1,2,1
KR_6760642562,420,5,98,0,3,5,5,0,-2,2,4,2,4,2,-2,0,2,0,0,0,0,0,7,-2,4,2,1,1,2,-1,1,1,1,5,1
KR_6758183032,440,0,-41,24,8,-2,0,2,8,8,0,-2,1,3,3,3,0,1,1,0,0,12,35,-4,6,2,-4,0,0,1,1,1,-1,4,1
KR_6754659627,420,2,-13,63,3,-2,2,4,5,7,2,0,1,1,0,3,3,0,1,1,0,10,1,3,3,6,3,0,0,1,-1,-1,-1,6,1
KR_6726011143,420,-1,-44,15,1,0,0,0,3,3,0,4,7,3,-4,1,5,-2,1,3,0,1,0,0,2,2,-1,0,0,1,-1,0,1,5,1
KR_6674063060,420,-1,23,-62,-2,2,3,1,2,2,0,-2,2,4,-5,1,6,1,1,0,0,-5,-6,3,3,6,2,0,1,-1,1,1,-1,2,1
KR_6686940900,420,5,100,0,10,9,9,0,-1,2,3,3,3,0,1,1,0,-2,1,3,0,8,-1,3,4,7,0,0,0,-1,-1,-1,1,6,1
KR_6594836343,440,3,37,12,9,1,2,1,2,5,3,2,3,1,1,1,0,3,3,0,0,10,-1,-1,4,3,1,0,0,1,0,0,-1,4,1
KR_6728668327,420,0,-8,12,0,-4,0,4,-2,0,2,-2,2,4,1,2,1,7,8,1,0,1,-17,0,4,4,5,0,-1,1,1,-1,1,5,1
KR_6585871010,420,2,-26,4,-2,4,4,0,-3,1,4,2,3,1,-2,0,2,-3,0,3,0,-9,4,1,2,3,2,0,1,-1,1,1,-1,2,1
KR_6760595759,440,-1,15,16,-3,1,4,3,-3,0,3,0,5,5,2,2,0,-3,3,6,0,2,-330,-1,4,3,2,0,1,-1,1,1,-1,3,1
KR_6754092424,420,3,84,7,7,0,1,1,-1,0,1,3,3,0,4,4,0,1,4,3,0,5,10,0,3,3,0,0,1,1,-1,1,1,2,1
KR_6754955981,420,-2,-3,-15,-7,-7,1,8,1,1,0,2,4,2,-2,1,3,-1,0,1,0,-5,-8,3,2,5,-3,0,-2,0,-1,-1,-1,0,1
KR_6643339956,420,2,10,33,3,0,0,0,2,2,0,-2,0,2,-3,5,8,6,6,0,0,0,-2,1,1,2,-1,0,1,1,1,1,1,5,1
KR_6667382936,420,4,65,24,9,4,5,1,3,3,0,-3,0,3,1,5,4,4,5,1,0,-3,5,-1,4,3,2,0,0,-1,0,0,-1,4,1
KR_6718744626,420,0,71,-27,-3,-4,1,5,4,5,1,0,3,3,-2,1,3,-1,0,1,0,1,12,2,1,3,-10,0,0,0,-1,0,-1,0,1
KR_6760213057,440,0,11,-13,1,1,2,1,-3,5,8,4,4,0,-1,1,2,0,1,1,0,-3,-19,-1,3,2,1,0,0,0,-1,0,-1,0,1
KR_6732108140,420,0,-9,4,0,-4,0,4,2,3,1,0,1,1,1,2,1,1,1,0,0,2,3,0,2,2,2,0,0,-1,1,0,1,6,1
KR_6662998378,420,2,35,34,2,3,3,0,0,3,3,0,3,3,-2,1,3,1,2,1,0,3,1,-4,7,3,2,0,2,-1,1,1,-1,6,1
KR_5967999301,420,3,69,-28,5,0,1,1,5,7,2,-1,1,2,4,7,3,-3,0,3,0,9,7,0,8,8,2,0,1,1,-1,1,1,5,1
KR_6760609165,420,2,29,-24,1,-3,3,6,1,2,1,5,6,1,-2,1,3,0,1,1,0,-5,41,1,5,6,-14,0,1,-1,1,-1,-1,3,1
KR_6675002462,420,4,23,29,6,-2,3,5,6,7,1,2,3,1,0,2,2,0,1,1,0,11,6,-3,4,1,0,0,1,1,1,1,-1,6,1
KR_6735495291,420,5,67,10,18,1,2,1,2,3,1,10,11,1,3,6,3,2,2,0,0,15,1,5,1,6,-2,0,3,1,-1,1,1,2,1
KR_6531334872,420,1,19,31,1,5,5,0,-1,0,1,0,4,4,-3,3,6,0,0,0,0,-5,-19,-2,4,2,0,0,0,-1,1,0,1,6,1
KR_6738389722,420,-1,-10,-16,1,-2,0,2,-2,3,5,1,1,0,2,6,4,2,3,1,0,5,52,2,3,5,-20,0,0,1,-1,0,-1,2,1
KR_6757496191,420,0,44,-11,-3,2,4,2,0,4,4,1,2,1,-4,1,5,-2,0,2,0,-7,4,7,4,11,5,0,0,1,-1,0,1,6,1
KR_6747397058,420,-2,-67,-4,-5,-1,0,1,-2,2,4,4,5,1,-7,0,7,1,2,1,0,-8,-2,-4,6,2,-3,0,0,0,-1,0,-1,0,1
KR_6741495525,420,3,34,8,5,-1,2,3,1,1,0,4,4,0,0,2,2,1,1,0,0,3,-2,-4,5,1,1,0,0,0,1,0,-1,0,1
KR_6757375036,420,-3,-46,-59,-2,0,1,1,-3,0,3,-2,1,3,4,4,0,-1,0,1,0,0,123,-3,3,0,1,0,1,1,1,1,1,3,1
KR_6742170449,420,4,124,4,9,2,2,0,3,4,1,1,6,5,3,3,0,0,0,0,0,12,11,0,4,4,-1,0,3,1,0,1,1,1,1
KR_6532721304,420,0,88,-8,-3,1,3,2,-1,5,6,1,2,1,-1,2,3,-3,0,3,0,-1,6,-2,6,4,-2,0,2,-1,1,1,1,5,1
KR_6622624157,440,0,29,6,3,4,4,0,1,5,4,-1,1,2,0,2,2,-1,1,2,0,-2,-12,-1,2,1,0,0,2,-1,-1,1,1,4,1
KR_6659997062,420,0,45,-7,1,3,4,1,0,2,2,-1,1,2,3,4,1,-4,1,5,0,-2,299,-1,4,3,-2,0,0,1,-1,-1,1,5,1
KR_6702620570,420,1,44,10,9,2,3,1,5,6,1,1,3,2,-1,3,4,2,2,0,0,11,1,4,1,5,1,0,0,-1,0,0,1,3,1
KR_6756489003,420,4,7,32,12,3,4,1,-1,4,5,-1,2,3,9,11,2,2,6,4,0,3,3,2,4,6,-2,0,0,1,0,0,1,3,1
KR_6647484643,420,1,-15,-16,7,-3,2,5,3,4,1,6,7,1,1,1,0,0,5,5,0,2,239,-5,6,1,4,0,0,1,-1,1,-1,4,1
KR_6404294299,420,2,50,-8,1,2,3,1,2,2,0,5,6,1,-7,0,7,-1,1,2,-1,-9,-9,-4,4,0,0,0,2,-1,0,1,-1,1,1
KR_6082510159,440,0,-8,-54,1,-3,0,3,-3,3,6,1,2,1,5,6,1,1,2,1,0,9,-10,1,5,6,5,0,-2,-1,0,1,1,3,1
KR_6712161306,420,6,14,4,6,4,5,1,3,5,2,0,2,2,-4,0,4,3,4,1,-1,10,5,1,3,4,0,0,2,0,1,1,-1,0,1
KR_6762384464,420,5,53,18,15,3,5,2,3,3,0,3,3,0,2,7,5,4,4,0,2,8,4,-5,6,1,0,0,2,1,1,1,1,5,1
KR_6730931063,420,0,-36,24,-1,4,6,2,-1,3,4,-4,1,5,0,0,0,0,0,0,0,2,94,-3,4,1,3,0,-1,1,-1,-1,1,1,1
KR_6589482384,420,2,-21,-7,2,2,3,1,3,5,2,-4,0,4,2,6,4,-1,0,1,0,1,-212,-1,3,2,4,0,0,1,0,0,-1,2,1
KR_6592192679,420,2,52,10,7,1,5,4,6,7,1,2,4,2,-7,0,7,5,6,1,1,5,-15,0,5,5,3,0,3,1,1,1,1,2,1
KR_6756855660,420,0,36,-20,3,3,5,2,1,1,0,1,1,0,-1,4,5,-1,0,1,1,-3,32,4,2,6,-7,0,0,-1,0,0,1,1,1
KR_6739138379,420,8,24,28,17,6,6,0,4,6,2,9,11,2,-1,0,1,-1,1,2,0,11,-279,3,0,3,1,0,2,1,1,1,1,4,1
KR_6667854696,420,4,81,10,16,1,3,2,6,7,1,3,4,1,5,7,2,1,1,0,0,9,-37,5,0,5,18,0,3,-1,1,1,-1,2,1
KR_6689861726,420,8,88,29,14,-2,1,3,0,1,1,11,12,1,2,2,0,3,3,0,0,16,9,4,2,6,3,0,2,1,1,1,-1,6,1
KR_6715996816,420,4,80,-10,10,2,4,2,4,5,1,2,3,1,2,3,1,0,0,0,0,8,-7,-1,2,1,0,0,0,-1,1,0,1,3,1
KR_6397613538,420,2,47,13,4,4,4,0,-2,3,5,-1,1,2,0,2,2,3,3,0,0,2,23,0,3,3,-1,0,3,0,1,1,1,0,1
KR_6714494486,420,0,11,25,-1,1,2,1,0,1,1,-3,2,5,0,3,3,1,1,0,0,5,8,2,2,4,1,0,0,0,-1,0,-1,0,1
KR_6626312934,420,3,95,22,7,0,1,1,3,4,1,2,2,0,5,7,2,-3,0,3,0,4,3,2,2,4,-2,0,0,0,-1,1,1,0,1
KR_6741210448,440,1,15,23,-2,4,5,1,-3,3,6,-2,1,3,-1,2,3,0,1,1,1,4,-51,-2,4,2,29,0,-1,0,0,-1,1,0,1
KR_6762432720,420,-1,18,-4,7,1,6,5,2,2,0,2,2,0,2,2,0,0,0,0,1,6,-4,3,4,7,7,0,1,0,1,1,1,0,1
KR_6759468883,420,5,83,8,7,4,5,1,0,4,4,1,2,1,1,4,3,1,1,0,0,-1,-239,6,2,8,4,0,0,-1,1,0,-1,3,1
KR_6678611238,420,1,-59,8,9,0,4,4,-1,1,2,0,3,3,8,11,3,2,2,0,1,5,7,0,3,3,0,0,0,-1,-1,-1,1,1,1
KR_6656255461,420,0,30,-4,6,-1,1,2,5,7,2,-2,1,3,2,5,3,2,2,0,1,14,3,3,2,5,2,0,-1,1,-1,-1,1,2,1
KR_6638363889,420,-1,-45,52,-2,0,0,0,1,3,2,0,4,4,-3,3,6,0,4,4,0,-3,-1,-5,6,1,-2,0,-1,1,1,-1,-1,6,1
KR_6603106254,420,3,55,-19,6,2,4,2,1,3,2,2,5,3,-1,2,3,2,3,1,0,5,49,-1,3,2,-16,0,1,1,-1,1,1,1,1
KR_6755107365,440,1,-18,20,-4,-6,0,6,4,7,3,3,5,2,-6,3,9,1,1,0,0,8,5,0,1,1,-1,0,1,1,-1,-1,-1,6,1
KR_6720180434,420,1,28,8,5,4,4,0,6,6,0,-2,1,3,0,0,0,-3,1,4,0,0,8,3,0,3,0,0,1,1,1,1,1,1,1
KR_6568081350,440,1,-66,23,4,4,5,1,3,4,1,-1,1,2,-4,4,8,2,2,0,-1,-2,-10,0,5,5,-2,0,1,1,1,1,-1,2,1
KR_6647783181,420,-2,8,-1,0,-1,0,1,-2,1,3,-1,1,2,3,5,2,1,3,2,1,2,0,-1,1,0,0,0,-1,-1,1,-1,1,1,1
KR_6647197188,440,0,4,-32,1,3,3,0,-1,1,2,0,3,3,-1,0,1,0,0,0,0,3,57,-3,3,0,2,0,0,1,0,0,-1,5,1
KR_6715749127,420,4,75,1,12,4,5,1,1,3,2,7,9,2,2,2,0,-2,2,4,-1,3,15,6,0,6,-1,0,2,-1,-1,1,-1,5,1
KR_6604669887,420,1,28,-4,1,1,1,0,2,4,2,-2,1,3,1,2,1,-1,2,3,0,1,19,6,3,9,-1,0,1,0,1,1,1,0,1
KR_6653324979,420,2,28,24,1,-1,2,3,-3,2,5,4,5,1,0,5,5,1,5,4,0,-5,-193,3,3,6,1,0,0,1,-1,1,-1,4,1
KR_6621130294,440,2,38,16,-2,1,2,1,1,4,3,-2,0,2,2,3,1,-4,0,4,0,-7,-1,1,1,2,-4,0,0,-1,-1,1,-1,5,1
KR_6742912612,420,2,4,12,2,2,2,0,-2,3,5,1,2,1,3,8,5,-2,0,2,1,-3,4,3,1,4,-3,0,2,-1,1,1,1,1,1
KR_6763710631,420,5,58,0,11,-1,1,2,0,2,2,0,2,2,7,7,0,5,5,0,0,11,-11,3,0,3,-1,0,1,1,-1,1,-1,3,1
KR_6759539589,420,-5,-76,24,-6,-4,1,5,-1,2,3,3,3,0,-6,2,8,2,2,0,0,-3,3,-2,4,2,3,0,-2,-1,1,-1,1,2,1
KR_6747323909,420,8,49,56,13,7,7,0,-2,2,4,1,6,5,4,7,3,3,3,0,0,11,5,3,0,3,2,0,3,1,1,1,1,5,1
KR_6727813157,420,1,1,-11,0,-3,1,4,1,3,2,2,4,2,0,4,4,0,0,0,0,4,-1,2,4,6,5,0,0,1,-1,-1,-1,3,1
KR_6665148765,420,2,-14,12,3,6,6,0,-2,2,4,0,0,0,-1,2,3,0,1,1,0,5,-4,-4,5,1,1,0,-1,1,0,-1,1,6,1
KR_6764178384,420,6,46,28,11,-3,4,7,6,7,1,0,1,1,8,10,2,0,0,0,0,8,5,0,2,2,2,0,2,1,1,1,-1,2,1
KR_6715921464,420,5,102,48,8,3,3,0,1,2,1,5,6,1,-1,2,3,0,1,1,0,-2,-38,-2,4,2,24,0,1,-1,1,1,1,1,1
KR_6760448894,420,3,43,-3,10,1,6,5,2,5,3,7,10,3,0,4,4,0,0,0,0,11,28,2,2,4,-3,0,1,1,1,1,-1,5,1
KR_6621540175,420,-2,-27,4,-1,-5,1,6,-2,0,2,1,3,2,5,8,3,0,1,1,1,5,-1,-1,3,2,0,0,-1,-1,-1,-1,1,5,1
KR_6741015793,440,-1,-5,0,0,0,1,1,-1,2,3,2,3,1,4,7,3,-5,0,5,0,-1,8,1,2,3,0,0,-1,1,1,-1,-1,2,1
KR_6690031007,420,3,-3,7,-3,-3,4,7,-5,0,5,7,7,0,-5,1,6,3,3,0,1,-8,1,2,4,6,-3,0,1,0,-1,1,1,0,1
KR_6484218311,420,13,189,58,22,5,5,0,3,3,0,7,7,0,4,4,0,3,3,0,1,15,9,1,2,3,-1,1,7,1,1,1,1,3,1
KR_6736207387,420,-4,-2,5,-7,0,2,2,-5,2,7,0,1,1,-2,4,6,0,1,1,0,-16,-4,0,2,2,-2,0,0,-1,1,0,-1,1,1
KR_6643638245,440,4,4,24,7,3,3,0,0,2,2,1,5,4,1,3,2,2,4,2,0,0,1,2,0,2,-1,0,1,-1,1,1,1,2,1
KR_6576856570,420,4,55,40,4,4,4,0,2,7,5,1,3,2,-5,1,6,2,2,0,0,3,27,-2,5,3,-10,0,1,0,0,1,1,0,1
KR_6741059635,420,2,105,12,7,4,4,0,3,3,0,0,2,2,-1,0,1,1,2,1,0,5,7,2,1,3,3,0,1,1,1,1,1,3,1
KR_6613603503,420,3,84,50,10,3,3,0,1,2,1,-1,3,4,7,7,0,0,1,1,1,7,-10,-12,13,1,1,0,2,1,1,1,1,5,1
KR_6650233287,420,0,-29,9,11,-2,1,3,10,12,2,0,4,4,3,3,0,0,0,0,0,22,-4,2,1,3,3,0,1,1,1,1,-1,2,1
KR_6105808911,420,4,-7,24,6,0,0,0,5,9,4,0,1,1,0,4,4,1,1,0,0,15,0,-5,9,4,9,0,1,1,1,1,-1,5,1
KR_6752619286,420,-1,20,10,-3,-2,0,2,-1,1,2,0,3,3,1,3,2,-1,2,3,0,-5,18,0,2,2,-1,0,0,1,-1,0,-1,3,1
KR_6746886951,420,-2,32,-21,-5,1,3,2,-2,3,5,-4,3,7,1,3,2,-1,0,1,-1,-6,-2,2,3,5,-1,0,0,1,1,0,-1,4,1
KR_6689310069,420,-1,14,13,8,4,4,0,0,6,6,2,5,3,3,3,0,-1,1,2,0,1,-12,-4,8,4,2,0,0,-1,1,0,1,4,1
KR_6763677459,420,3,63,0,7,1,3,2,2,2,0,5,6,1,-3,0,3,2,5,3,1,2,9,-1,4,3,-3,0,1,-1,1,1,1,5,1
KR_6756194029,440,4,-8,9,9,4,4,0,8,9,1,2,4,2,-6,4,10,1,1,0,0,4,-133,4,0,4,-2,0,1,1,-1,1,-1,5,1
KR_6597232489,420,-1,-62,3,0,2,4,2,-1,1,2,2,5,3,-1,0,1,-2,0,2,-1,0,-1,0,1,1,0,0,-1,1,-1,-1,-1,2,1
KR_6690584467,420,5,60,21,13,5,7,2,4,6,2,4,5,1,0,2,2,0,0,0,0,8,35,6,0,6,4,0,3,0,1,1,1,0,1
KR_6742721390,440,8,123,-6,19,2,2,0,5,5,0,5,5,0,2,3,1,5,5,0,0,9,-137,0,3,3,1,0,1,1,-1,1,1,5,1
KR_6685083034,420,1,-24,4,7,3,3,0,1,1,0,1,1,0,2,3,1,0,0,0,0,8,0,1,4,5,-1,0,0,1,0,0,1,1,1
KR_6686503976,440,4,56,-7,9,3,4,1,4,5,1,4,5,1,0,3,3,-2,4,6,0,13,-22,0,2,2,3,0,1,-1,0,1,-1,4,1
KR_6701778083,420,4,50,-10,13,-3,0,3,0,0,0,7,9,2,7,9,2,2,2,0,2,3,-1,4,1,5,-1,0,2,1,1,1,1,4,1
KR_6762075785,420,4,84,20,9,1,3,2,4,4,0,2,6,4,1,1,0,1,2,1,0,6,1,2,1,3,2,0,1,0,0,1,1,0,1
KR_6760887948,420,2,41,8,1,-5,0,5,3,3,0,-2,1,3,5,5,0,0,2,2,-1,8,9,-5,5,0,2,0,2,1,-1,1,-1,1,1
KR_6088295137,420,3,7,50,-1,0,1,1,-1,4,5,1,2,1,-1,1,2,0,0,0,0,-3,116,2,3,5,3,0,0,-1,1,1,-1,5,1
KR_6762132130,420,-2,-95,28,-11,-2,1,3,-1,1,2,-7,0,7,0,1,1,-1,0,1,0,-8,243,-8,8,0,-5,0,0,1,0,0,-1,5,1
KR_6739257920,420,2,57,12,3,1,2,1,0,3,3,1,2,1,1,2,1,0,2,2,-1,0,-4,0,2,2,2,0,1,-1,-1,1,-1,2,1
KR_6749697213,420,2,34,-7,8,-3,3,6,1,1,0,3,4,1,6,8,2,1,1,0,1,3,20,-1,2,1,-1,0,1,-1,-1,1,1,2,1
KR_6695876036,420,4,43,28,8,1,1,0,-2,2,4,2,3,1,7,7,0,0,4,4,-1,5,17,3,2,5,1,0,2,1,1,1,-1,5,1
KR_6751288676,420,5,78,-24,7,-1,1,2,-1,3,4,1,3,2,6,8,2,2,3,1,0,1,11,4,1,5,2,0,2,1,1,1,1,4,1
KR_6613363190,420,5,-4,52,5,2,2,0,2,4,2,0,2,2,1,3,2,0,2,2,0,-1,-6,4,4,8,-3,0,1,-1,1,1,-1,6,1
KR_6607429259,440,6,30,20,17,2,5,3,6,6,0,2,6,4,7,7,0,0,2,2,0,8,109,1,3,4,-2,0,2,1,0,1,1,6,1
KR_6756113565,420,-2,-57,-11,-6,3,4,1,-2,1,3,-4,4,8,-2,1,3,-1,0,1,1,0,-10,-5,6,1,1,0,-2,1,1,-1,1,5,1
KR_6668589106,420,0,18,22,7,1,2,1,3,4,1,0,1,1,3,3,0,0,0,0,0,10,-31,-2,4,2,0,0,0,1,0,0,-1,3,1
KR_6650454530,420,1,-18,9,0,1,1,0,-1,0,1,-6,1,7,3,3,0,3,4,1,0,2,-2,-2,3,1,3,0,1,1,1,1,-1,2,1
KR_6753889137,420,2,-24,15,6,2,4,2,1,1,0,0,4,4,2,3,1,1,3,2,0,6,-23,5,0,5,-2,0,0,0,-1,0,1,0,1
KR_6702228678,420,-4,-45,-20,-1,-1,1,2,-2,1,3,-3,0,3,2,2,0,3,4,1,0,1,8,5,2,7,-4,0,0,-1,1,0,1,4,1
KR_6687993759,420,1,-25,11,5,2,5,3,2,4,2,4,4,0,-2,1,3,-1,0,1,0,1,9,2,3,5,2,0,2,1,1,1,1,3,1
KR_5872975365,420,1,-24,13,11,4,7,3,1,2,1,4,6,2,2,2,0,0,3,3,0,6,78,3,5,8,3,0,1,1,1,1,1,3,1
KR_6691319661,440,-2,-49,-12,4,-1,1,2,1,2,1,5,5,0,1,3,2,-2,0,2,1,0,-4,-1,5,4,-2,0,0,1,-1,0,1,2,1
KR_6441006501,420,-5,-134,8,-4,-2,1,3,7,9,2,-2,2,4,-6,1,7,-1,0,1,0,5,202,-3,5,2,3,0,-3,1,-1,-1,1,2,1
KR_6763157708,420,5,66,60,5,1,2,1,1,4,3,3,4,1,1,4,3,-1,1,2,-1,3,0,1,4,5,3,0,4,1,1,1,-1,1,1
KR_6753619893,440,1,46,3,6,2,2,0,0,4,4,0,2,2,4,4,0,0,1,1,0,1,-7,-1,4,3,5,0,0,1,-1,0,1,6,1
KR_6301129827,420,3,90,17,9,12,12,0,0,4,4,1,4,3,-1,2,3,-3,1,4,0,3,24,-1,9,8,-1,0,2,1,1,1,1,5,1
KR_6751735684,420,1,-2,12,1,0,1,1,2,4,2,-3,3,6,-1,4,5,3,3,0,0,0,-5,1,2,3,0,0,0,1,-1,1,-1,1,1
KR_6741149150,420,0,1,-5,6,0,0,0,0,2,2,4,4,0,0,2,2,2,2,0,0,0,-28,4,2,6,2,0,0,1,-1,0,1,6,1
KR_6648319627,420,-2,-55,-7,-4,-3,0,3,0,1,1,-2,1,3,2,3,1,-1,1,2,0,-5,176,2,4,6,0,0,-1,-1,-1,-1,1,6,1
KR_6375559460,420,1,28,-4,7,-1,0,1,6,8,2,0,1,1,2,2,0,0,1,1,0,8,0,0,0,0,2,0,0,-1,1,1,1,3,1
KR_6107104833,420,0,13,15,4,3,4,1,0,4,4,4,6,2,-2,1,3,-1,1,2,0,-1,1,4,3,7,-4,0,1,0,1,1,-1,0,1
KR_6596339036,420,2,18,4,5,0,2,2,-1,1,2,1,2,1,4,4,0,1,1,0,0,6,5,-3,7,4,2,0,1,-1,1,1,1,5,1
KR_6672968019,420,0,44,8,-1,-2,1,3,2,6,4,-1,2,3,0,0,0,0,0,0,0,-3,-5,-3,3,0,1,0,1,-1,-1,1,1,2,1
KR_6724335402,420,2,5,13,5,2,4,2,-2,0,2,6,7,1,-1,1,2,0,1,1,0,3,-15,3,2,5,-3,0,1,0,-1,1,1,0,1
KR_6705902505,420,1,78,0,2,7,7,0,-3,0,3,-2,0,2,-3,0,3,3,4,1,0,3,219,-1,1,0,3,0,3,-1,0,1,1,4,1
KR_6661138802,440,0,5,-8,-2,-3,0,3,-2,1,3,5,9,4,0,2,2,-2,0,2,0,-9,-180,1,0,1,4,0,1,-1,1,1,1,6,1
KR_6641452651,420,0,17,10,4,3,4,1,-3,1,4,1,3,2,3,3,0,0,1,1,0,8,-157,3,1,4,21,0,0,1,0,0,-1,6,1
KR_6740178207,420,0,0,-12,-4,2,2,0,-1,2,3,-2,3,5,-2,3,5,-1,1,2,0,-1,36,-4,7,3,-1,0,0,-1,-1,-1,-1,1,1
KR_6757244015,420,1,43,10,6,2,2,0,2,5,3,4,4,0,-3,2,5,1,4,3,0,0,10,-2,4,2,-1,0,0,1,-1,-1,1,2,1
KR_6410315605,420,3,-2,30,2,-7,0,7,1,4,3,3,3,0,3,4,1,2,2,0,0,1,-36,0,5,5,12,0,0,1,1,1,-1,3,1
KR_6749892565,420,1,23,4,4,6,7,1,1,3,2,-3,0,3,1,4,3,-1,0,1,0,5,8,5,0,5,-1,0,1,1,1,1,1,4,1
KR_6419995525,420,5,-47,5,16,-1,3,4,5,8,3,0,7,7,8,8,0,4,6,2,2,21,8,3,1,4,-2,0,-1,1,-1,-1,1,4,1
KR_6618160469,420,1,-24,16,-6,4,4,0,0,4,4,-1,2,3,-7,1,8,-2,0,2,0,-12,4,0,5,5,-1,0,0,1,1,1,-1,3,1
KR_6764109174,420,1,3,12,7,7,7,0,-3,1,4,-2,1,3,5,7,2,0,1,1,0,7,-235,-6,6,0,2,0,2,1,-1,1,1,3,1
KR_6764257089,420,1,27,16,11,-2,1,3,-2,1,3,4,6,2,11,11,0,0,2,2,0,22,9,0,2,2,1,0,3,-1,1,1,1,5,1
KR_6470293703,420,2,45,8,13,2,3,1,2,8,6,11,11,0,-1,4,5,-1,2,3,1,13,9,0,4,4,0,0,2,1,-1,1,1,5,1
KR_6746572839,420,2,4,28,7,0,4,4,-1,3,4,3,4,1,3,3,0,2,2,0,3,2,2,-3,4,1,0,0,1,0,0,1,1,0,1
KR_6732218989,440,0,59,-34,4,1,3,2,3,6,3,-2,0,2,2,7,5,0,2,2,0,-6,291,-1,4,3,-1,0,2,1,1,1,1,4,1
KR_6689274927,420,7,53,24,10,2,2,0,2,3,1,6,9,3,1,1,0,-1,0,1,1,11,-5,0,2,2,2,0,2,-1,-1,1,1,5,1
KR_6737480878,420,5,50,4,-2,-1,2,3,1,3,2,0,3,3,-1,2,3,-1,0,1,0,-3,276,-1,3,2,-1,0,1,1,1,1,-1,6,1
KR_6747281008,440,0,0,-7,0,1,1,0,-1,3,4,-1,1,2,0,2,2,1,1,0,0,-1,-1,0,3,3,-2,0,0,-1,1,0,1,2,1
KR_6624320463,420,0,-16,36,-4,-4,1,5,-4,5,9,5,7,2,-1,2,3,0,0,0,1,1,-10,-8,11,3,5,0,0,1,1,0,-1,5,1
KR_6748888891,440,2,14,36,4,-3,0,3,7,7,0,3,4,1,1,4,3,-4,0,4,0,6,60,2,1,3,3,0,-1,1,-1,-1,1,1,1
KR_6634115320,420,2,23,8,6,0,1,1,0,2,2,3,3,0,4,4,0,-1,0,1,0,3,-4,0,2,2,1,0,1,1,0,1,-1,6,1
KR_6471517906,420,4,79,0,9,1,3,2,2,3,1,2,3,1,4,4,0,0,0,0,0,8,-9,1,1,2,2,0,0,1,-1,0,1,3,1
KR_6682844838,420,-1,-2,-13,-3,-7,0,7,-1,2,3,2,4,2,5,8,3,-2,1,3,-2,-5,-4,4,1,5,-3,0,-2,-1,1,-1,-1,5,1
KR_6678984461,420,2,0,-12,4,2,4,2,-1,3,4,1,3,2,0,0,0,2,2,0,0,0,18,-3,7,4,4,0,0,-1,-1,0,-1,4,1
KR_6736012955,420,3,84,-3,10,-1,2,3,0,1,1,3,3,0,6,6,0,2,2,0,0,12,-5,0,1,1,1,0,0,1,1,1,1,1,1
KR_6764591799,420,1,60,-6,1,5,6,1,0,2,2,3,4,1,-2,0,2,-5,0,5,0,-6,-2,1,2,3,-4,0,-1,-1,1,-1,1,3,1
KR_6762438023,420,0,77,0,-2,1,2,1,1,2,1,0,4,4,0,1,1,-4,0,4,1,4,-29,-1,3,2,4,0,-1,1,1,-1,1,5,1
KR_6764145864,420,-1,-38,23,-5,1,2,1,-2,2,4,-1,0,1,-3,1,4,0,1,1,-1,-8,-15,-2,4,2,2,0,0,-1,1,0,-1,2,1
KR_6682019877,420,2,25,4,2,0,2,2,3,5,2,4,7,3,-8,0,8,3,4,1,1,6,23,4,3,7,-3,0,0,0,1,1,1,0,1
KR_6758756823,420,3,34,12,9,-2,2,4,3,5,2,3,7,4,5,7,2,0,1,1,-1,10,1,4,0,4,0,0,0,1,1,1,-1,1,1
KR_6725591133,420,2,3,23,-1,0,0,0,4,6,2,-2,1,3,-3,2,5,0,1,1,0,3,5,1,2,3,-2,0,0,1,-1,0,-1,6,1
KR_6727733402,420,1,-7,26,12,-1,1,2,3,4,1,5,6,1,2,3,1,3,3,0,0,13,-28,4,0,4,15,0,-1,0,1,-1,-1,0,1
KR_6132273984,440,2,21,-17,7,1,3,2,-2,3,5,2,3,1,9,10,1,-3,0,3,-1,16,9,4,3,7,-4,0,2,1,-1,1,-1,5,1
KR_6476459248,420,1,-17,15,4,-1,3,4,0,3,3,1,4,3,4,5,1,0,0,0,0,6,30,-1,5,4,-20,0,1,1,1,1,-1,2,1
KR_6649327615,420,0,73,16,1,3,3,0,2,3,1,1,2,1,-4,4,8,-1,1,2,0,-2,-4,2,3,5,-1,0,0,1,-1,-1,-1,2,1
KR_6635910025,420,2,53,-21,3,-2,0,2,4,5,1,2,4,2,0,2,2,-1,1,2,0,5,6,-2,4,2,0,0,1,1,1,1,-1,2,1
KR_6735292143,420,5,82,-4,5,3,3,0,1,1,0,7,7,0,-6,0,6,0,1,1,0,-4,212,0,3,3,-2,0,1,1,-1,1,1,3,1
KR_6704744023,440,4,2,8,10,1,4,3,5,6,1,0,2,2,5,7,2,-1,3,4,2,8,-4,-6,6,0,6,0,2,0,1,1,1,0,1
KR_6750422664,420,2,52,-17,4,1,2,1,-1,2,3,0,3,3,5,7,2,-1,1,2,0,0,-105,3,1,4,3,0,1,-1,1,1,1,3,1
KR_6743080562,440,0,12,55,-7,2,2,0,0,2,2,-1,0,1,-9,1,10,1,3,2,-2,-11,10,-2,3,1,-3,0,0,1,0,1,-1,4,1
KR_6652254635,420,5,50,9,12,6,6,0,3,5,2,4,5,1,2,2,0,-3,0,3,1,3,1,-1,5,4,4,0,3,-1,1,1,1,4,1
KR_6677058008,420,5,85,18,9,1,3,2,-2,2,4,2,3,1,6,7,1,2,3,1,3,8,5,2,0,2,0,0,5,-1,1,1,1,3,1
KR_6696981997,420,2,53,-17,5,1,1,0,-4,2,6,-4,0,4,4,5,1,8,9,1,0,11,1,2,2,4,-1,0,1,1,1,1,-1,1,1
KR_6756454347,420,-1,-63,10,3,-2,1,3,-3,0,3,4,7,3,1,5,4,3,3,0,1,-4,7,2,2,4,2,0,1,0,1,1,1,0,1
KR_6647759116,440,2,4,-16,2,1,3,2,-3,1,4,1,2,1,4,4,0,-1,0,1,0,5,9,5,1,6,1,0,1,1,-1,-1,-1,6,1
KR_6763060774,420,2,44,0,5,3,4,1,1,2,1,5,6,1,-2,5,7,-2,2,4,3,4,-6,-5,6,1,-2,0,0,-1,1,0,1,5,1
KR_6629574427,420,-2,0,12,-1,1,1,0,3,5,2,-5,4,9,-1,4,5,1,1,0,0,-2,-4,-4,7,3,-1,0,0,-1,1,0,1,3,1
KR_6712655222,420,4,67,20,15,3,4,1,13,15,2,-2,0,2,0,5,5,1,2,1,0,13,0,0,5,5,5,0,2,1,-1,1,1,3,1
KR_6751859253,420,1,10,-12,4,-2,1,3,3,4,1,4,5,1,-3,1,4,2,3,1,0,5,35,3,0,3,-1,0,0,1,1,0,1,1,1
KR_6722875436,420,-3,-46,-4,-6,2,4,2,-6,0,6,3,3,0,-5,2,7,0,1,1,0,-10,24,1,3,4,1,0,0,-1,1,1,1,6,1
KR_6688896723,420,3,13,57,2,1,2,1,0,0,0,-1,3,4,3,3,0,-1,0,1,0,2,7,-4,5,1,3,0,2,1,-1,1,1,6,1
KR_6617352887,420,10,147,8,22,5,6,1,0,3,3,0,4,4,14,14,0,3,3,0,-1,10,2,-1,4,3,-3,0,5,1,-1,1,-1,3,1
KR_6636345965,420,5,50,30,4,0,1,1,-1,1,2,2,4,2,-2,3,5,5,6,1,-1,4,295,2,2,4,0,0,1,1,1,1,-1,5,1
KR_5999732948,420,7,120,62,11,9,10,1,1,3,2,2,2,0,-1,0,1,0,0,0,0,-2,18,0,3,3,-1,0,1,1,1,1,1,1,1
KR_6576240316,440,1,-17,9,-4,-3,0,3,-5,1,6,7,9,2,-4,4,8,1,1,0,-1,-2,271,-3,4,1,30,0,0,-1,-1,-1,-1,6,1
KR_6733680828,420,2,52,16,9,2,3,1,-1,2,3,2,3,1,6,6,0,0,3,3,0,6,-1,4,1,5,-1,0,0,0,1,0,1,0,1
KR_6650984486,420,2,86,0,10,0,1,1,1,1,0,4,5,1,5,10,5,0,1,1,0,7,245,-2,4,2,1,0,3,1,1,1,-1,6,1
KR_6147489050,420,3,29,27,5,0,2,2,1,2,1,0,2,2,6,9,3,-2,0,2,1,6,1,1,7,8,4,0,0,0,1,1,1,0,1
KR_6319493097,420,3,-6,32,6,1,1,0,1,1,0,4,7,3,-1,2,3,1,2,1,0,4,21,3,0,3,-1,0,0,1,1,1,1,6,1
KR_6719420997,440,0,26,0,2,3,4,1,1,2,1,-4,0,4,1,3,2,1,1,0,0,5,0,-1,5,4,1,0,1,1,-1,1,1,4,1
KR_6700363976,420,2,65,-34,4,1,7,6,5,5,0,0,2,2,-2,2,4,0,0,0,-1,-5,4,0,2,2,2,0,0,1,-1,0,-1,2,1
KR_6533838702,420,2,78,-20,2,0,2,2,0,2,2,0,1,1,6,7,1,-4,0,4,0,8,2,4,2,6,2,0,1,1,1,1,1,2,1
KR_6570091827,420,2,-38,0,6,-1,0,1,2,2,0,3,4,1,1,4,3,1,2,1,1,10,34,-2,3,1,4,0,-1,1,1,-1,1,1,1
KR_6740355924,440,0,47,-12,3,3,4,1,-2,0,2,0,1,1,2,4,2,0,1,1,1,-2,-28,1,2,3,3,0,1,0,-1,1,1,0,1
KR_6428366220,440,4,64,12,3,2,3,1,4,7,3,-3,1,4,0,2,2,0,0,0,-1,-5,5,0,4,4,4,0,1,-1,1,1,-1,6,1
KR_6705184837,420,3,-35,-15,1,-4,1,5,6,6,0,1,3,2,-1,3,4,-1,1,2,-1,-2,-170,2,1,3,-3,0,0,-1,-1,-1,-1,1,1
KR_6701008554,440,-5,-93,-24,-12,-3,1,4,-1,3,4,-6,0,6,2,5,3,-4,1,5,0,-2,286,-2,3,1,-1,0,-2,0,0,-1,-1,0,1
KR_6759372070,440,3,13,-5,8,-2,0,2,3,5,2,3,3,0,3,5,2,1,2,1,0,13,14,5,0,5,-2,0,0,1,-1,0,1,2,1
KR_6711145564,420,-1,28,-4,9,1,4,3,0,2,2,6,8,2,2,2,0,0,0,0,0,10,-30,-2,4,2,6,0,0,0,0,-1,1,0,1
KR_6694736382,420,-1,-20,8,-1,0,2,2,-4,0,4,1,2,1,1,6,5,1,2,1,0,-2,0,-1,4,3,0,0,0,-1,1,-1,1,5,1
KR_6593576503,420,3,65,84,4,1,3,2,0,1,1,3,4,1,3,5,2,-3,0,3,0,3,-2,-1,4,3,2,0,2,1,1,1,-1,2,1
KR_6676127439,420,3,55,48,5,3,4,1,-2,3,5,7,7,0,-3,1,4,0,0,0,0,-3,87,-2,8,6,6,0,0,-1,-1,0,1,6,1
KR_6663471769,420,5,54,-28,2,0,0,0,4,4,0,2,5,3,-4,2,6,0,3,3,-2,-3,-23,-2,5,3,-1,0,0,1,-1,1,-1,1,1
KR_6740233293,420,-1,-10,50,4,0,0,0,1,4,3,3,3,0,2,2,0,-2,1,3,0,2,1,2,1,3,0,0,0,1,1,1,1,2,1
KR_6709021586,420,-1,32,-11,-1,0,1,1,-2,4,6,-3,1,4,6,7,1,-2,1,3,0,11,-107,-2,6,4,4,0,1,1,-1,1,-1,6,1
KR_6659202420,420,4,89,9,3,0,1,1,0,1,1,0,6,6,4,5,1,-1,0,1,0,4,-11,-7,7,0,1,0,0,1,-1,1,1,3,1
KR_6722249388,420,1,19,16,2,1,2,1,-1,2,3,2,3,1,-1,1,2,1,2,1,-1,4,-54,0,3,3,-1,0,0,1,-1,0,-1,6,1
KR_6693668441,420,4,8,15,7,2,5,3,2,4,2,1,2,1,2,2,0,0,0,0,0,9,1,-5,5,0,3,0,0,-1,0,1,1,5,1
KR_6338821721,420,-2,31,-39,5,3,3,0,-1,4,5,4,7,3,1,2,1,-2,0,2,0,-1,-8,4,2,6,-3,0,0,1,1,0,1,1,1
KR_6509820517,420,-2,-79,-36,-6,-1,1,2,1,1,0,-6,0,6,-1,1,2,1,1,0,0,1,1,0,4,4,1,0,-1,-1,-1,-1,1,6,1
KR_6651249210,420,12,129,24,11,7,10,3,-2,0,2,-1,2,3,9,9,0,-2,0,2,0,10,9,3,1,4,0,0,2,-1,1,1,1,5,1
KR_6732370733,440,-4,-51,0,-5,-2,0,2,2,3,1,-5,0,5,-1,0,1,1,2,1,0,-3,-17,-2,5,3,0,0,0,1,1,1,-1,2,1
KR_6744943302,420,6,32,33,6,2,3,1,2,3,1,1,2,1,1,1,0,0,0,0,0,2,12,4,0,4,-21,0,0,1,1,0,1,2,1
KR_6077795402,420,5,25,1,13,-1,0,1,5,6,1,5,5,0,3,3,0,1,1,0,0,18,229,3,2,5,2,0,1,-1,-1,1,1,5,1
KR_6647140137,440,-3,-16,-38,-4,0,1,1,0,1,1,3,3,0,-7,0,7,0,0,0,0,-7,-36,-5,5,0,3,0,-1,1,-1,-1,1,4,1
KR_6761271509,420,-2,22,-12,2,-1,0,1,3,4,1,0,1,1,-2,3,5,2,3,1,0,1,3,-4,6,2,-2,0,0,-1,1,1,-1,2,1
KR_6689143150,420,1,-12,12,3,-3,1,4,2,4,2,-1,0,1,2,4,2,3,3,0,0,6,41,3,4,7,-17,0,0,1,1,0,-1,1,1
KR_6602419153,420,1,-10,-28,6,-1,1,2,3,4,1,4,8,4,-1,1,2,1,2,1,1,2,-16,3,0,3,4,0,0,0,1,-1,1,0,1
KR_6673486003,420,3,35,-12,9,-2,1,3,1,5,4,2,4,2,9,11,2,-1,0,1,0,12,181,4,0,4,0,1,2,-1,1,1,-1,6,1
KR_6652185505,420,2,15,4,8,1,2,1,1,1,0,0,4,4,6,6,0,0,1,1,0,13,-1,5,0,5,1,0,0,1,1,0,1,3,1
KR_6647163397,440,6,32,24,15,5,5,0,4,5,1,1,4,3,3,6,3,2,5,3,0,16,-24,1,2,3,1,0,4,-1,1,1,1,6,1
KR_6756416506,420,0,22,-12,8,-1,2,3,0,4,4,1,1,0,6,6,0,2,2,0,0,10,0,0,0,0,3,0,0,1,-1,-1,1,3,1
KR_6752898801,420,1,-17,-20,8,4,4,0,6,6,0,-1,4,5,0,1,1,-1,1,2,0,9,29,-1,3,2,-23,0,1,-1,1,1,-1,3,1
KR_6335871810,420,4,-88,32,14,3,5,2,3,3,0,2,4,2,1,5,4,5,6,1,0,9,22,6,0,6,-1,0,-1,1,1,1,1,6,1
KR_6696964674,420,1,-1,12,0,3,5,2,1,6,5,-3,0,3,-2,2,4,1,2,1,0,2,-9,-1,4,3,4,0,1,-1,-1,1,-1,6,1
KR_6729209172,420,3,-42,-20,8,1,3,2,4,6,2,-4,1,5,6,6,0,1,1,0,0,19,-1,0,1,1,2,0,-1,-1,-1,-1,1,6,1
KR_6740295748,420,2,66,8,5,1,2,1,2,4,2,1,5,4,-2,4,6,3,3,0,0,-2,0,-1,7,6,-1,0,0,0,0,0,1,0,1
KR_6754884372,420,1,24,1,-3,2,4,2,-3,1,4,-2,3,5,1,6,5,-1,1,2,-1,-5,2,4,3,7,-3,0,1,1,-1,-1,1,6,1
KR_6686083536,420,-2,-12,0,-2,1,4,3,-1,3,4,0,1,1,-1,2,3,-1,0,1,-1,-10,4,3,2,5,-1,0,1,1,1,1,-1,3,1
KR_6651472284,420,-1,27,24,-3,-1,1,2,0,2,2,-1,3,4,1,3,2,-2,1,3,0,-2,230,0,5,5,1,0,0,0,-1,1,1,0,1
KR_6590522858,420,2,53,1,5,0,1,1,1,3,2,2,4,2,2,7,5,0,1,1,0,5,-1,-1,3,2,-2,0,0,-1,-1,1,1,6,1
KR_6673040228,420,-4,-27,-20,-2,-5,1,6,4,9,5,-2,0,2,1,3,2,0,2,2,0,6,-3,3,3,6,0,0,-1,1,0,-1,-1,5,1
KR_6425511114,420,7,90,45,15,3,4,1,-2,3,5,5,6,1,7,7,0,2,4,2,0,11,-3,-8,10,2,4,0,4,-1,1,1,1,5,1
KR_6596162618,420,-1,22,-19,-4,1,4,3,-5,0,5,-3,3,6,2,5,3,1,1,0,2,5,-302,-1,4,3,-1,0,1,0,0,1,1,0,1
KR_6729732110,420,3,55,20,12,-2,2,4,4,4,0,1,2,1,7,8,1,2,2,0,0,11,32,5,0,5,1,0,2,1,1,1,1,4,1
KR_5968260967,420,0,15,-17,-6,1,3,2,-3,2,5,0,2,2,-4,1,5,0,0,0,-2,-9,187,-4,5,1,1,0,-1,-1,-1,-1,-1,1,1
KR_6648134388,440,4,34,8,9,2,3,1,6,6,0,-1,0,1,1,1,0,1,4,3,0,11,36,0,5,5,4,0,0,0,0,1,-1,0,1
KR_6646102482,420,0,-24,-7,1,1,1,0,0,5,5,2,3,1,1,2,1,-3,0,3,0,2,-10,-1,3,2,0,0,0,1,-1,1,-1,1,1
KR_6552688560,420,2,57,-13,7,2,2,0,3,5,2,1,3,2,-2,2,4,3,3,0,0,4,255,5,0,5,-2,0,1,-1,-1,1,-1,1,1
KR_6692737771,440,0,25,37,-1,-3,0,3,2,3,1,0,1,1,0,1,1,0,0,0,0,1,16,7,1,8,3,0,0,1,-1,0,1,1,1
KR_6688875269,420,5,120,6,10,3,3,0,2,3,1,4,4,0,2,3,1,-1,0,1,0,8,3,0,2,2,0,0,4,1,1,1,1,3,1
KR_6753815656,420,3,12,-1,6,-1,1,2,7,10,3,5,5,0,-3,3,6,-2,0,2,0,-1,99,-3,3,0,1,0,1,1,1,1,1,2,1
KR_6759259372,420,5,62,65,4,0,0,0,2,2,0,2,4,2,0,0,0,0,0,0,0,8,-32,1,4,5,0,0,0,1,-1,0,-1,4,1
KR_6713351060,420,3,16,0,5,-3,1,4,-1,1,2,-1,3,4,4,4,0,6,6,0,1,10,-1,3,4,7,2,0,1,1,-1,-1,1,3,1
KR_6715348642,440,0,60,28,4,2,3,1,1,4,3,-5,0,5,3,4,1,3,4,1,1,0,12,1,4,5,-3,0,0,1,0,1,1,5,1
KR_6757918991,420,3,39,8,9,0,0,0,2,3,1,12,12,0,-4,1,5,-1,1,2,0,7,3,6,2,8,-5,0,2,1,1,1,1,5,1
KR_6603842876,440,-1,118,-16,-6,-1,3,4,-5,0,5,-1,0,1,1,5,4,0,2,2,0,1,-15,-3,5,2,4,0,-1,0,-1,-1,1,0,1
KR_6679324829,420,0,-32,-5,-4,-1,1,2,1,3,2,-6,1,7,2,2,0,0,1,1,0,0,82,-1,3,2,2,0,1,1,1,1,-1,2,1
KR_6566363573,420,1,-9,8,1,2,3,1,-2,2,4,-3,3,6,5,6,1,-1,3,4,0,-7,-214,3,3,6,-2,0,1,1,1,1,1,4,1
KR_6762533121,420,-1,-93,32,-2,2,3,1,1,1,0,3,6,3,-10,2,12,2,2,0,0,-8,22,3,1,4,-1,0,0,1,1,-1,-1,3,1
KR_6701659547,420,9,116,12,19,4,7,3,4,5,1,2,2,0,9,10,1,0,1,1,0,17,12,6,4,10,1,0,2,1,1,1,1,5,1
KR_6740344821,420,-1,43,-12,-2,0,3,3,-2,2,4,-2,0,2,0,1,1,2,5,3,0,-7,6,0,4,4,-6,0,0,1,-1,1,1,2,1
KR_6632153695,420,6,80,12,9,2,4,2,0,2,2,-3,0,3,11,15,4,-1,3,4,0,-3,-5,1,2,3,1,0,2,1,1,1,1,4,1
KR_6764645356,440,5,110,30,7,1,3,2,0,1,1,-1,2,3,6,7,1,1,3,2,0,-3,26,1,3,4,-5,0,2,1,-1,1,-1,4,1
KR_6743747508,420,-1,-14,-32,0,3,7,4,-2,2,4,-1,2,3,2,3,1,-2,0,2,-1,3,-2,0,5,5,1,0,1,1,1,1,-1,1,1
KR_6635559104,420,3,1,35,7,2,2,0,-4,0,4,4,7,3,5,6,1,0,1,1,0,9,20,-3,7,4,3,0,0,1,1,0,1,5,1
KR_6373622609,420,1,-3,24,6,-1,0,1,3,3,0,2,4,2,1,2,1,1,3,2,0,8,0,0,0,0,2,0,0,1,1,1,1,6,1
KR_6682600461,420,1,-78,12,2,1,2,1,2,3,1,-1,4,5,-1,2,3,1,2,1,0,2,-7,-1,3,2,-3,0,0,1,1,1,-1,4,1
KR_6480817751,420,5,48,47,8,0,2,2,3,3,0,4,4,0,-1,2,3,2,3,1,0,6,1,3,0,3,0,0,0,1,-1,0,-1,4,1
KR_6735750946,420,-2,-39,-11,-3,-3,0,3,0,4,4,1,2,1,1,1,0,-2,1,3,0,-1,-243,1,7,8,1,0,-2,0,-1,-1,-1,0,1
KR_6736953159,420,0,39,0,-5,0,3,3,-2,1,3,-2,0,2,1,2,1,-2,3,5,0,-1,1,0,4,4,0,0,0,1,-1,0,-1,2,1
KR_6605564564,420,2,38,50,-8,0,1,1,0,3,3,-1,2,3,-7,0,7,0,2,2,0,-20,-8,6,3,9,-41,0,1,1,1,1,1,2,1
KR_6752104018,420,1,25,-15,4,-2,0,2,2,2,0,0,3,3,6,6,0,-2,0,2,0,8,-5,1,4,5,3,0,0,-1,-1,-1,1,2,1
KR_6001669171,420,2,61,2,-1,0,2,2,-2,1,3,1,1,0,2,3,1,-2,0,2,0,-6,-69,-2,4,2,-4,0,1,-1,1,1,-1,5,1
KR_6763372550,420,2,34,22,4,1,2,1,-1,1,2,-1,1,2,4,4,0,1,1,0,0,1,-22,-2,4,2,-1,0,-1,1,-1,-1,1,4,1
KR_6573629655,440,5,97,6,5,3,3,0,-4,3,7,2,3,1,4,7,3,0,2,2,0,1,3,2,2,4,-1,0,1,-1,-1,1,-1,1,1
KR_6737204959,420,1,34,16,7,-3,0,3,6,9,3,-1,0,1,1,2,1,4,5,1,-1,2,6,-7,9,2,6,0,0,-1,0,0,-1,6,1
KR_6726157164,420,6,33,88,3,3,5,2,1,2,1,-1,2,3,0,0,0,0,0,0,0,-5,44,0,1,1,-31,0,2,0,1,1,1,0,1
KR_6747260255,420,3,50,2,3,-1,1,2,1,6,5,2,3,1,1,1,0,0,1,1,0,6,-4,0,4,4,-1,0,1,1,0,1,1,2,1
KR_6637280356,420,4,47,28,7,0,1,1,6,6,0,0,1,1,-3,1,4,4,5,1,0,5,225,0,1,1,2,0,0,1,1,0,1,3,1
KR_6729185656,440,1,-36,0,-3,-2,0,2,2,2,0,-1,1,2,-2,1,3,0,1,1,0,-2,2,-5,7,2,0,0,1,-1,1,1,-1,3,1
KR_6745664314,420,1,-37,-9,14,2,2,0,6,7,1,-2,2,4,9,9,0,-1,1,2,1,12,22,-2,3,1,0,0,0,1,1,0,1,5,1
KR_6760549802,420,5,107,44,12,3,5,2,-3,3,6,12,12,0,1,2,1,-1,1,2,0,1,-30,2,1,3,1,0,2,0,1,1,1,0,1
KR_6418828316,420,5,85,16,8,-1,1,2,3,4,1,9,10,1,-2,1,3,-1,0,1,0,-1,-13,-1,6,5,-1,0,0,1,1,1,1,2,1
KR_6618083945,420,1,36,-24,6,3,5,2,1,3,2,2,3,1,-1,4,5,1,1,0,0,3,-19,-3,5,2,5,0,0,-1,0,0,1,4,1
KR_6740749364,420,6,43,52,18,3,3,0,4,8,4,2,3,1,8,8,0,1,1,0,0,22,10,0,5,5,-1,0,2,1,1,1,1,2,1
KR_6748912745,420,2,110,9,0,0,2,2,0,1,1,0,3,3,0,0,0,0,0,0,0,-4,-8,-3,4,1,1,0,0,1,-1,0,1,4,1
KR_6764370681,420,2,33,1,11,6,7,1,3,6,3,0,6,6,1,2,1,1,2,1,-1,8,-5,-1,3,2,-1,0,-1,1,-1,-1,-1,5,1
KR_6671392548,420,1,30,-20,0,0,0,0,-2,2,4,-2,0,2,4,5,1,0,0,0,0,0,-16,2,3,5,1,0,0,-1,-1,0,-1,3,1
KR_6493500831,420,1,41,-4,0,1,3,2,-4,0,4,-1,2,3,5,9,4,-1,1,2,0,0,22,4,0,4,-4,0,0,1,1,1,1,6,1
KR_6699549181,420,6,61,16,15,8,8,0,3,3,0,0,2,2,1,2,1,3,3,0,0,14,14,1,3,4,-1,0,1,1,1,1,1,1,1
KR_6753425080,420,1,-22,-3,9,-2,2,4,-2,1,3,5,8,3,6,6,0,2,2,0,0,10,117,0,3,3,-1,0,1,1,1,1,-1,4,1
KR_6762610927,420,-1,17,-12,9,-2,1,3,9,9,0,1,2,1,1,4,3,0,1,1,0,13,-5,5,0,5,-1,0,-1,-1,1,-1,1,3,1
KR_6755950771,420,3,27,19,5,3,3,0,-2,2,4,0,4,4,-1,1,2,5,5,0,0,7,-102,2,2,4,-2,0,1,1,-1,1,-1,6,1
KR_6710178123,420,4,-3,10,12,4,4,0,2,2,0,3,6,3,-1,0,1,4,4,0,0,7,4,0,3,3,-1,0,-1,-1,-1,1,1,1,1
KR_6730737019,420,5,148,-24,9,3,5,2,1,2,1,-1,3,4,2,3,1,4,4,0,0,5,-3,-1,1,0,3,0,2,-1,1,1,1,6,1
KR_6757717171,420,1,14,18,2,-5,0,5,-1,2,3,3,4,1,5,7,2,0,1,1,0,1,-9,-3,6,3,0,0,0,1,-1,0,-1,5,1
KR_6705261940,440,-2,31,-40,-4,-2,2,4,-2,3,5,-1,2,3,-1,5,6,2,2,0,0,-3,10,1,3,4,0,0,-1,-1,-1,-1,1,5,1
KR_6736229155,420,3,21,-4,9,-1,0,1,3,5,2,4,5,1,2,3,1,1,3,2,-1,12,8,0,2,2,-3,0,0,0,-1,0,-1,0,1
KR_6740986746,420,4,76,18,10,2,3,1,1,3,2,5,6,1,1,3,2,1,1,0,0,6,-6,-3,6,3,3,0,3,1,1,1,1,6,1
KR_6724730979,420,4,107,21,10,3,3,0,2,4,2,0,4,4,4,6,2,1,3,2,2,2,5,3,2,5,0,0,2,1,-1,1,1,2,1
KR_6645172089,420,1,-3,14,-4,-2,0,2,2,6,4,0,3,3,-4,1,5,0,1,1,0,4,-5,-1,4,3,-2,0,0,1,-1,-1,-1,5,1
KR_6717825467,420,0,-67,-8,0,-5,0,5,2,2,0,1,3,2,2,2,0,0,0,0,-1,6,10,1,3,4,-1,0,-1,1,-1,-1,-1,5,1
KR_6747719127,420,3,9,47,0,2,2,0,-1,4,5,1,2,1,0,2,2,-2,0,2,0,-9,-3,0,3,3,-1,0,1,-1,1,1,1,5,1
KR_6599054158,440,-1,23,24,1,-4,1,5,1,6,5,5,6,1,-1,3,4,0,1,1,0,-5,-2,-2,3,1,2,0,0,0,0,0,-1,0,1
KR_6622008543,440,3,22,-16,4,-2,0,2,4,7,3,-2,2,4,3,4,1,1,1,0,0,5,38,0,4,4,0,0,1,1,1,1,-1,5,1
KR_6743030035,420,2,93,4,4,0,0,0,1,1,0,-1,3,4,2,4,2,2,2,0,0,6,1,0,0,0,4,0,0,1,-1,0,1,5,1
KR_6227726894,420,5,134,30,4,-2,0,2,1,4,3,1,2,1,2,4,2,2,2,0,0,6,-19,4,6,10,7,0,1,-1,1,1,1,3,1
KR_6674563869,420,2,63,28,12,7,7,0,6,6,0,-5,1,6,4,10,6,0,2,2,0,7,1,-2,3,1,1,0,1,1,1,1,1,6,1
KR_6691309082,440,3,6,6,7,2,5,3,2,3,1,0,3,3,0,2,2,3,3,0,0,0,5,0,6,6,4,0,1,1,1,1,-1,4,1
KR_6749937262,420,-1,28,-29,-3,6,6,0,0,1,1,-3,2,5,-2,1,3,-4,0,4,-2,-5,-5,0,2,2,4,0,-2,0,-1,-1,-1,0,1
KR_6668915407,440,-2,15,-21,-5,-1,0,1,-5,0,5,-7,0,7,5,5,0,3,4,1,0,-9,-212,-4,4,0,-19,0,0,0,-1,-1,1,0,1
KR_6675781646,420,-2,20,-43,-3,0,1,1,0,3,3,2,4,2,-4,0,4,-1,1,2,0,-1,2,2,7,9,2,0,0,-1,1,-1,1,5,1
KR_6749289457,440,1,50,12,4,-1,1,2,-1,2,3,0,3,3,0,2,2,6,7,1,-1,4,3,2,0,2,0,0,1,1,0,1,-1,4,1
KR_6667404826,420,-1,-62,11,1,-6,0,6,-4,1,5,5,5,0,5,6,1,1,1,0,0,5,0,-5,10,5,5,0,-1,-1,-1,-1,1,3,1
KR_6450177109,440,-2,-14,-28,-9,-1,1,2,-6,1,7,1,1,0,-5,11,16,2,2,0,1,0,268,1,5,6,-5,0,-1,-1,1,-1,1,4,1
KR_6347916516,420,7,113,-26,24,3,5,2,1,4,3,1,4,3,16,17,1,3,3,0,2,28,7,2,3,5,1,0,3,1,1,1,1,1,1
KR_6602781806,420,-1,39,-24,-2,0,3,3,0,2,2,-2,1,3,1,2,1,-1,0,1,0,-4,-34,-3,5,2,-1,0,0,-1,-1,0,1,1,1
KR_6755020974,420,-1,44,-12,-4,-2,1,3,-3,4,7,-1,1,2,3,5,2,-1,0,1,0,-2,-59,2,3,5,-1,0,0,-1,-1,-1,1,2,1
KR_6612220813,420,4,124,21,10,2,2,0,-1,2,3,2,3,1,4,4,0,3,5,2,0,5,0,2,4,6,1,0,1,1,0,1,1,6,1
KR_6663840502,420,-3,-12,-12,-2,-4,0,4,0,2,2,-4,3,7,6,9,3,0,0,0,0,-2,13,2,4,6,0,0,0,1,-1,-1,1,6,1
KR_6638799004,420,3,38,10,2,6,6,0,-3,2,5,0,3,3,-2,1,3,1,3,2,0,0,-175,1,5,6,-1,0,2,1,1,1,1,6,1
KR_6754276828,420,-1,10,-26,5,1,1,0,0,2,2,-1,0,1,2,4,2,3,3,0,0,10,-1,3,0,3,-2,0,0,1,-1,1,-1,1,1
KR_6749107067,420,-1,-50,9,0,3,4,1,-1,1,2,0,1,1,-3,1,4,1,1,0,0,-1,7,-2,3,1,4,0,0,-1,-1,1,-1,5,1
KR_6595745872,420,-2,39,-14,-8,1,1,0,-4,1,5,-4,2,6,1,2,1,-2,1,3,-2,-21,-17,0,2,2,0,0,-1,1,-1,-1,-1,4,1
KR_6421300999,420,4,65,-4,9,6,8,2,-1,1,2,4,6,2,1,1,0,-1,0,1,0,2,-10,-2,7,5,-1,0,-1,-1,-1,-1,1,5,1
KR_6258599073,420,9,36,20,21,4,5,1,0,2,2,3,3,0,9,10,1,5,5,0,1,16,-17,4,0,4,-1,0,4,0,1,1,1,0,1
KR_6689933819,440,1,-39,-16,-1,2,2,0,-2,0,2,8,8,0,-8,1,9,-1,1,2,1,1,-6,-2,3,1,-1,0,-1,1,1,-1,1,3,1
KR_6739752329,440,3,42,40,6,-3,2,5,3,4,1,5,5,0,1,4,3,0,1,1,-1,-1,-6,0,2,2,2,0,0,-1,1,1,-1,5,1
KR_6077752255,420,-3,-4,-43,6,1,3,2,0,1,1,0,0,0,5,7,2,0,1,1,0,9,-13,0,2,2,0,0,1,1,1,1,1,4,1
KR_6759843540,420,2,68,-32,9,-1,0,1,5,5,0,-2,2,4,5,5,0,2,2,0,0,12,3,-1,2,1,2,0,1,1,1,1,1,5,1
KR_6696537878,420,2,6,42,6,3,4,1,3,7,4,-3,1,4,4,4,0,-1,0,1,0,4,-12,0,5,5,1,0,-1,1,-1,-1,1,6,1
KR_6724055312,420,-1,17,9,-3,1,2,1,-7,3,10,-2,1,3,7,7,0,-2,0,2,0,-4,-1,2,6,8,2,0,0,1,1,1,-1,3,1
KR_6687262417,420,1,15,7,0,0,1,1,3,6,3,-1,1,2,-2,0,2,0,0,0,1,-1,324,-2,6,4,-2,0,0,1,0,0,1,4,1
KR_6763333551,440,2,64,15,-3,1,1,0,1,4,3,-5,1,6,0,2,2,0,2,2,0,-9,-470,3,2,5,0,0,1,0,1,1,-1,0,1
KR_6746383010,420,2,20,4,8,5,6,1,2,4,2,-1,3,4,3,6,3,-1,3,4,1,1,232,-1,5,4,1,0,2,1,1,1,1,1,1
KR_6762575445,420,2,-25,-15,1,-5,0,5,-2,0,2,4,4,0,-1,0,1,5,5,0,0,5,-4,-3,5,2,2,0,0,1,0,0,1,2,1
KR_6535935395,420,0,-47,-2,5,0,0,0,3,6,3,0,1,1,1,4,3,1,2,1,0,6,-1,1,5,6,2,0,0,1,0,0,-1,2,1
KR_6753826856,420,-3,-29,-21,-2,0,4,4,1,4,3,-2,3,5,-2,3,5,1,3,2,0,4,-8,-3,3,0,4,0,0,1,-1,1,1,5,1
KR_6602314762,420,2,123,0,3,3,3,0,-2,2,4,2,2,0,0,1,1,0,1,1,0,-1,11,0,2,2,-4,0,0,0,-1,0,1,0,1
KR_6707148866,420,3,6,0,3,-1,0,1,2,5,3,-1,0,1,2,2,0,1,1,0,0,7,9,3,5,8,0,0,1,1,-1,1,-1,2,1
KR_6697799760,420,0,52,-8,-4,-1,0,1,-5,0,5,0,1,1,-2,1,3,4,4,0,0,-3,38,5,2,7,-15,0,-1,1,-1,-1,-1,2,1
KR_6748211995,420,-1,41,7,5,-4,1,5,4,4,0,5,6,1,-1,5,6,1,1,0,0,2,34,-1,2,1,-15,0,1,1,1,1,-1,5,1
KR_6719866187,440,4,-12,62,8,8,8,0,3,5,2,0,1,1,-3,3,6,0,1,1,0,9,-271,-2,6,4,-1,0,2,-1,1,1,1,1,1
KR_6677544439,420,-1,-2,-6,-7,-5,0,5,0,2,2,-4,0,4,1,1,0,1,2,1,1,-6,-11,-2,6,4,0,0,0,1,0,-1,1,1,1
KR_6710522468,420,3,27,-1,11,-2,0,2,5,5,0,4,4,0,3,5,2,1,3,2,0,4,-46,1,3,4,1,0,1,1,1,1,1,6,1
KR_6763538855,420,6,118,40,0,-1,1,2,1,3,2,-1,1,2,1,3,2,0,0,0,0,1,1,-1,6,5,6,0,1,1,1,1,1,2,1
KR_6759644387,420,-3,34,-24,-2,-1,0,1,-1,1,2,0,6,6,2,2,0,-2,0,2,0,-5,-10,-7,9,2,-1,0,-1,-1,-1,-1,-1,1,1
KR_6724847822,420,-1,-3,14,1,2,3,1,0,1,1,1,4,3,-3,3,6,1,1,0,2,6,13,0,3,3,1,0,1,1,1,-1,1,6,1
KR_6739377965,420,4,14,6,6,5,5,0,-2,2,4,2,3,1,0,2,2,1,3,2,0,2,168,0,4,4,-20,0,0,1,-1,0,-1,3,1
KR_6484082543,420,-2,-5,9,-1,5,7,2,0,4,4,0,4,4,-2,0,2,-4,0,4,0,1,8,4,5,9,-2,0,1,1,1,1,1,6,1
KR_6611296603,420,1,53,-22,5,-2,0,2,-3,1,4,5,5,0,5,8,3,0,3,3,0,6,128,1,1,2,0,0,2,-1,1,1,-1,5,1
KR_6710125738,420,-1,47,12,1,4,5,1,-2,1,3,0,2,2,0,3,3,-1,1,2,0,2,-4,-3,4,1,5,0,0,-1,0,0,-1,6,1
KR_6580591621,420,-2,81,-17,1,0,1,1,1,3,2,1,3,2,0,3,3,-1,0,1,0,5,10,0,7,7,-3,0,-1,1,1,-1,-1,2,1
KR_6722342919,420,4,72,-20,15,-2,3,5,0,5,5,5,8,3,5,6,1,7,7,0,-1,20,4,3,1,4,-1,0,2,1,-1,1,-1,3,1
KR_6613516514,420,3,68,16,12,4,4,0,4,5,1,-1,4,5,3,3,0,2,2,0,0,7,127,1,0,1,1,0,0,-1,1,1,1,1,1
KR_6500128379,420,-2,2,-4,-5,-5,1,6,1,2,1,0,1,1,-3,2,5,2,3,1,-1,0,4,-3,4,1,0,0,1,1,1,1,-1,6,1
KR_6456287315,420,1,-14,-6,11,-1,2,3,-1,3,4,1,4,3,9,11,2,3,3,0,0,15,-10,2,2,4,-3,0,0,-1,-1,1,-1,6,1
KR_6739525639,440,5,43,24,10,6,6,0,-2,1,3,4,5,1,4,5,1,-2,0,2,0,4,-1,3,0,3,0,0,0,1,-1,1,1,5,1
KR_6449790745,420,5,57,28,5,1,2,1,-2,1,3,-1,0,1,3,4,1,4,4,0,0,1,-232,-3,4,1,3,0,0,0,0,-1,1,0,1
KR_6757774755,440,1,41,8,-1,0,3,3,6,9,3,-3,2,5,-1,1,2,-3,3,6,-1,-4,-3,-1,3,2,1,0,0,-1,-1,0,-1,1,1
KR_6763820029,420,1,21,-4,0,3,4,1,-1,3,4,2,2,0,-3,2,5,-1,1,2,0,0,9,-1,3,2,-1,0,0,-1,-1,0,1,3,1
KR_6384400420,420,2,1,-8,0,-2,0,2,0,1,1,1,3,2,-1,5,6,2,3,1,0,-5,-26,-1,5,4,-1,0,1,-1,1,1,-1,5,1
KR_6380954173,420,3,146,12,5,0,3,3,2,6,4,-6,2,8,9,10,1,0,1,1,0,2,8,1,0,1,3,0,3,1,0,1,-1,4,1
KR_6757813083,420,2,51,-8,3,1,2,1,4,5,1,0,3,3,-2,2,4,0,2,2,0,2,-4,-3,4,1,0,0,0,-1,1,0,-1,1,1
KR_6737582600,420,-2,-53,6,0,0,3,3,0,3,3,1,4,3,-2,3,5,1,2,1,0,5,16,5,4,9,-3,0,0,-1,0,-1,1,2,1
KR_6731341811,420,2,15,14,2,0,1,1,0,2,2,5,8,3,-3,0,3,0,2,2,0,-3,-2,-5,8,3,4,0,1,1,1,1,1,2,1
KR_6703569962,420,-1,5,40,-6,3,3,0,-1,3,4,-2,2,4,-4,4,8,-2,2,4,0,-11,0,-2,5,3,0,0,2,-1,-1,1,-1,4,1
KR_6750200122,420,4,92,7,3,-2,1,3,1,2,1,4,6,2,0,1,1,0,0,0,0,0,2,-2,2,0,0,0,-1,1,-1,-1,-1,5,1
KR_6744154679,420,5,97,58,4,3,5,2,1,2,1,-1,9,10,2,5,3,-1,1,2,0,6,2,3,2,5,-1,0,1,1,0,1,1,1,1
KR_6672600388,440,3,32,28,3,6,6,0,0,4,4,-2,0,2,4,6,2,-5,0,5,-1,1,-104,5,1,6,-4,0,-1,1,0,1,-1,4,1
KR_6604581120,420,2,73,1,8,5,5,0,2,6,4,2,4,2,-1,2,3,0,0,0,0,-2,-14,-4,6,2,1,0,1,-1,1,1,-1,6,1
KR_6648251099,420,3,37,0,10,4,5,1,3,8,5,-3,3,6,5,5,0,1,1,0,0,19,7,-1,4,3,2,0,0,-1,-1,1,1,1,1
KR_6740622361,420,4,96,60,8,0,0,0,-1,0,1,2,4,2,6,6,0,1,2,1,1,5,11,1,5,6,2,0,1,-1,0,1,1,2,1
KR_6744894285,420,2,29,28,3,-4,0,4,0,1,1,6,6,0,1,3,2,0,0,0,0,1,0,0,4,4,4,0,2,1,1,1,-1,2,1
KR_6733361906,420,-1,-47,-9,-2,-1,1,2,-5,0,5,-1,2,3,4,6,2,1,2,1,0,2,-47,-1,4,3,33,0,0,-1,-1,0,-1,5,1
KR_6700296765,440,-1,-48,38,-4,-3,0,3,2,4,2,-2,2,4,-1,2,3,0,0,0,0,-6,-3,-2,7,5,-1,0,-1,-1,-1,-1,-1,3,1
KR_6433014068,420,1,30,-12,5,-4,0,4,2,7,5,1,2,1,2,2,0,4,4,0,0,9,143,3,1,4,-3,0,1,-1,1,1,-1,2,1
KR_6730072840,420,3,58,4,14,-5,0,5,1,2,1,10,10,0,7,8,1,1,2,1,0,10,11,6,0,6,0,0,2,-1,1,1,1,5,1
KR_6704050430,440,3,108,13,5,2,2,0,2,6,4,2,2,0,-2,3,5,1,2,1,0,5,-2,-5,5,0,-1,0,1,-1,1,1,1,3,1
KR_6701314502,420,3,70,0,8,2,3,1,2,2,0,0,1,1,2,6,4,2,2,0,1,3,-4,1,4,5,3,0,1,-1,1,1,1,3,1
KR_6680408165,440,3,-22,28,9,3,4,1,7,7,0,-1,0,1,0,0,0,0,1,1,0,7,-25,-2,4,2,4,0,0,1,0,0,1,2,1
KR_6592119160,440,3,28,-9,6,-3,1,4,1,3,2,0,2,2,5,5,0,3,3,0,0,11,20,-3,7,4,-2,0,0,1,-1,-1,1,5,1
KR_6606201365,420,4,11,42,5,1,2,1,-1,1,2,4,6,2,-1,3,4,2,3,1,0,2,2,0,4,4,2,0,0,-1,1,1,1,5,1
KR_6676669677,420,0,-5,0,2,4,4,0,0,2,2,-2,5,7,0,2,2,0,0,0,0,8,-11,2,5,7,0,0,0,-1,1,1,1,3,1
KR_6748374541,440,-1,-19,-7,4,1,1,0,8,8,0,-2,1,3,-2,2,4,-1,0,1,-1,7,-4,-1,4,3,1,0,0,0,-1,0,-1,0,1
KR_6617849664,420,5,44,40,7,2,4,2,3,4,1,1,1,0,2,3,1,-1,0,1,-1,5,11,-1,7,6,1,0,1,1,1,1,-1,3,1
KR_6712685563,420,-1,36,-19,-1,1,1,0,4,8,4,-4,0,4,-2,0,2,0,5,5,0,4,92,-2,4,2,1,0,1,1,0,1,1,3,1
KR_6671813319,440,2,-25,-16,-4,-1,1,2,1,2,1,-6,0,6,-1,2,3,3,5,2,0,7,-13,1,3,4,0,0,0,-1,0,0,1,6,1
KR_6715549482,440,-3,40,-24,-2,1,1,0,-5,2,7,2,2,0,-3,1,4,3,4,1,0,7,-1,-2,4,2,1,0,0,-1,-1,-1,-1,5,1
KR_6704367172,420,2,17,8,6,6,6,0,6,8,2,2,3,1,-8,1,9,0,1,1,0,1,-2,-2,6,4,0,0,0,0,0,1,1,0,1
KR_6704975051,420,4,56,0,8,-1,1,2,-1,2,3,6,6,0,3,4,1,1,1,0,0,7,38,-1,5,4,-15,0,3,-1,1,1,-1,4,1
KR_6748669324,420,2,-42,16,2,0,1,1,0,4,4,5,5,0,-2,1,3,-1,1,2,0,-2,-1,3,1,4,0,0,0,1,1,0,-1,2,1
KR_6682342037,420,1,3,4,2,3,4,1,0,3,3,-2,3,5,4,6,2,-3,0,3,0,3,97,-4,7,3,4,0,1,1,-1,1,-1,4,1
KR_6603767088,440,-1,9,-16,2,6,7,1,2,4,2,0,4,4,-4,2,6,-2,1,3,1,1,0,0,5,5,1,0,0,-1,0,1,1,2,1
KR_6739673460,440,1,63,-12,8,0,3,3,1,3,2,0,4,4,5,6,1,2,2,0,1,9,-4,0,3,3,1,0,1,-1,-1,1,1,5,1
KR_6195321669,420,1,-15,20,3,0,2,2,1,2,1,2,3,1,0,4,4,0,2,2,0,6,10,3,4,7,3,0,0,1,1,0,-1,5,1
KR_6737458021,420,0,-5,-4,-5,-3,2,5,-2,2,4,4,5,1,-2,3,5,-2,0,2,0,-6,4,-2,4,2,0,0,0,1,1,-1,-1,5,1
KR_6740859970,440,-3,24,8,-1,1,2,1,4,7,3,-3,2,5,-3,0,3,0,0,0,1,-3,-7,0,2,2,1,0,1,0,1,1,1,0,1
KR_6750953169,420,5,115,44,12,3,4,1,1,1,0,8,8,0,3,4,1,-3,0,3,0,5,10,3,2,5,3,0,2,1,1,1,1,4,1
KR_6617399340,420,-2,6,-32,1,-3,0,3,1,1,0,1,1,0,1,2,1,1,2,1,0,6,9,0,1,1,-2,0,0,1,-1,-1,-1,4,1
KR_6700521618,420,2,64,-19,7,6,8,2,1,1,0,-3,2,5,5,7,2,-2,1,3,-1,0,-16,-2,4,2,1,0,0,-1,1,1,-1,4,1
KR_6716016966,420,1,34,4,5,-1,3,4,2,2,0,2,3,1,-1,3,4,3,3,0,0,8,7,5,1,6,2,0,1,1,1,1,-1,4,1
KR_6565977913,420,1,44,19,6,3,4,1,3,5,2,0,4,4,0,1,1,0,1,1,0,-4,-6,1,1,2,1,0,0,0,1,1,1,0,1
KR_6699507434,440,6,45,33,8,2,3,1,6,6,0,0,4,4,2,2,0,-2,1,3,0,6,1,-1,3,2,3,0,2,0,1,1,1,0,1
KR_6713713644,420,1,26,8,1,-2,2,4,-3,1,4,4,4,0,1,3,2,1,2,1,0,3,-24,-3,6,3,0,0,-1,-1,-1,-1,-1,1,1
KR_6643262972,420,-1,0,-9,0,-1,1,2,3,4,1,-3,1,4,-2,2,4,3,3,0,0,4,2,-4,4,0,-2,0,0,1,-1,0,-1,2,1
KR_6739319971,420,1,42,-16,5,3,5,2,7,8,1,-3,1,4,-3,4,7,1,1,0,-1,-7,323,2,1,3,-2,0,1,1,1,1,-1,5,1
KR_6001518630,420,3,39,31,5,-3,0,3,0,0,0,2,2,0,2,3,1,4,4,0,0,9,19,3,3,6,4,0,0,1,0,0,1,4,1
KR_6720756026,420,4,-78,35,3,-1,2,3,5,7,2,1,2,1,-1,1,2,-1,0,1,0,3,-3,-1,4,3,0,0,1,1,-1,1,-1,4,1
KR_6647504916,420,1,68,-4,1,-4,1,5,1,3,2,3,3,0,2,2,0,-1,0,1,0,6,-2,-3,5,2,0,0,0,-1,1,0,1,4,1
KR_6602349776,420,4,153,-17,1,1,2,1,2,2,0,0,2,2,2,5,3,-4,1,5,0,2,-3,1,2,3,-4,0,0,-1,0,0,1,5,1
KR_6683934294,420,1,-20,12,-1,-2,0,2,0,1,1,2,3,1,-1,1,2,0,2,2,0,-3,60,4,0,4,-17,0,0,1,-1,0,1,5,1
KR_6753880787,420,-2,-31,1,-1,4,6,2,3,3,0,-1,3,4,-3,0,3,-4,0,4,0,-3,-2,-2,2,0,-1,0,0,-1,1,1,-1,6,1
KR_6751872833,440,0,8,-26,6,3,4,1,0,1,1,0,1,1,-1,7,8,4,5,1,1,13,3,1,4,5,-4,0,0,-1,1,-1,-1,6,1
KR_6752078454,420,6,27,52,14,0,1,1,3,3,0,9,11,2,4,5,1,-2,0,2,0,1,29,5,0,5,6,0,2,1,1,1,1,3,1
KR_6748292873,440,2,36,18,3,-2,3,5,7,9,2,-1,2,3,3,5,2,-4,0,4,1,2,2,3,1,4,1,0,1,0,0,1,1,0,1
KR_6214603210,420,2,-11,26,-4,2,3,1,-2,3,5,-5,0,5,4,7,3,-3,2,5,0,-4,302,-2,3,1,1,0,0,1,1,1,1,3,1
KR_6693725199,420,3,23,35,8,5,6,1,-2,3,5,8,8,0,-3,4,7,0,4,4,0,6,0,2,0,2,0,0,0,1,1,-1,-1,3,1
KR_6683658757,440,1,69,-4,1,0,1,1,1,5,4,-2,0,2,1,1,0,1,3,2,0,-1,-7,1,4,5,0,0,0,0,0,0,-1,0,1
KR_6681133311,440,1,-5,-24,-1,7,7,0,-1,0,1,-3,0,3,-5,1,6,1,2,1,0,1,-8,1,4,5,0,0,1,-1,1,1,1,3,1
KR_6717941008,420,1,-1,8,-3,-1,3,4,3,4,1,-2,3,5,-1,3,4,-2,0,2,0,-4,-4,-3,5,2,-4,0,-2,-1,-1,-1,-1,5,1
KR_6708987754,420,-1,-15,-8,9,4,4,0,1,1,0,-2,2,4,6,6,0,0,1,1,1,14,-12,3,4,7,7,0,2,-1,1,1,1,2,1
KR_6758952154,420,4,79,9,13,0,2,2,1,2,1,0,1,1,8,10,2,4,6,2,-2,8,-1,3,0,3,2,0,2,-1,1,1,-1,5,1
KR_6577176302,420,2,5,-7,0,0,0,0,-2,1,3,3,4,1,-1,3,4,0,0,0,0,0,1,-1,7,6,-1,0,0,-1,-1,-1,-1,4,1
KR_6652926746,420,1,67,-8,6,6,6,0,1,1,0,-1,2,3,0,2,2,0,2,2,0,4,-10,-3,3,0,0,0,1,1,0,1,1,6,1
KR_6646490954,420,4,60,52,1,5,7,2,-5,3,8,4,4,0,-5,0,5,2,2,0,0,-5,38,-1,1,0,0,0,0,0,-1,1,-1,0,1
KR_6730001012,420,1,-2,-3,-1,-2,1,3,4,9,5,2,3,1,-1,3,4,-4,1,5,-1,-2,11,-1,3,2,-2,0,-2,-1,-1,-1,-1,6,1
KR_6750354828,420,1,68,-13,6,2,3,1,1,5,4,2,4,2,3,3,0,-2,0,2,0,-4,0,2,4,6,-2,0,0,1,-1,1,1,4,1
KR_6614670206,420,1,-26,7,7,1,3,2,-1,3,4,3,3,0,3,3,0,1,3,2,0,1,1,1,5,6,-2,0,-1,1,-1,-1,-1,1,1
KR_6610503680,420,1,6,9,6,2,5,3,0,1,1,-3,1,4,5,5,0,2,3,1,0,4,7,-2,2,0,-3,0,2,-1,1,1,1,1,1
KR_6653127505,420,5,74,7,14,3,3,0,4,4,0,3,5,2,7,10,3,-3,0,3,0,12,-5,2,0,2,2,0,1,1,0,1,1,2,1
KR_6570311469,420,2,16,-4,7,3,4,1,2,4,2,-1,0,1,2,2,0,1,1,0,0,6,4,6,0,6,-3,0,1,1,0,1,-1,4,1
KR_6732467579,420,4,4,8,8,4,5,1,1,3,2,-1,2,3,2,4,2,2,2,0,0,13,8,2,3,5,1,0,1,1,1,1,1,1,1
KR_6733449668,420,-1,-97,-8,-8,0,1,1,4,4,0,-8,2,10,-7,1,8,3,5,2,0,-5,-3,-1,4,3,2,0,-2,-1,1,-1,1,2,1
KR_6729654674,440,9,67,45,21,4,5,1,3,5,2,3,4,1,2,2,0,9,9,0,0,23,16,2,2,4,2,0,2,1,1,1,1,6,1
KR_6612483788,440,2,30,32,6,0,1,1,-2,1,3,6,7,1,2,4,2,0,0,0,0,5,0,1,4,5,3,0,0,1,1,0,1,4,1
KR_6589690734,420,4,95,0,8,-1,0,1,4,6,2,1,3,2,3,3,0,1,1,0,2,13,-7,2,4,6,4,0,0,1,0,0,1,3,1
KR_6673456788,420,3,-22,-12,3,4,4,0,-4,3,7,-2,2,4,4,5,1,1,1,0,0,0,-259,-3,3,0,-1,0,-1,-1,-1,-1,-1,6,1
KR_6756727486,420,1,32,-7,-6,-1,1,2,-2,1,3,3,4,1,-4,4,8,-2,0,2,-1,-5,-3,-8,8,0,0,0,3,-1,1,-1,-1,6,1
KR_6764674750,420,2,30,20,12,-1,0,1,0,1,1,13,13,0,0,0,0,0,0,0,0,3,8,0,5,5,1,0,2,0,1,1,1,0,1
KR_6743771236,440,-3,-34,-24,-6,0,2,2,-2,3,5,-5,2,7,-1,1,2,2,3,1,0,0,14,5,0,5,-2,0,0,-1,1,-1,-1,5,1
KR_6653414670,420,4,7,9,5,-4,1,5,0,4,4,2,4,2,7,7,0,0,2,2,0,11,1,-7,9,2,1,0,0,1,0,-1,1,4,1
KR_6725984545,420,2,25,45,3,-7,0,7,6,6,0,-1,0,1,4,5,1,1,1,0,1,9,4,-1,4,3,3,0,-1,1,-1,-1,1,3,1
KR_6487490441,420,5,59,40,6,6,6,0,-5,1,6,1,4,3,4,6,2,0,0,0,-1,0,-62,-5,6,1,22,0,0,1,1,1,-1,4,1
KR_6025780748,440,-2,-46,-25,-3,-4,1,5,4,5,1,3,5,2,-5,0,5,-1,0,1,-1,4,-134,-2,3,1,0,0,-2,1,0,-1,-1,4,1
KR_6717232304,440,-1,-4,-16,-4,0,1,1,-4,1,5,2,2,0,-2,4,6,0,1,1,0,-12,-6,3,5,8,-2,0,-1,-1,-1,-1,-1,1,1
KR_6682876252,440,3,63,16,-2,-3,2,5,2,3,1,-1,4,5,-7,0,7,7,7,0,0,-6,0,-2,4,2,3,0,0,1,-1,0,1,5,1
KR_6652362878,440,-3,17,-32,-8,1,2,1,-3,1,4,-3,1,4,-4,4,8,1,2,1,0,0,12,0,4,4,-2,0,0,0,-1,1,-1,0,1
KR_6763499976,420,-1,31,20,6,0,1,1,3,4,1,2,3,1,2,3,1,-1,1,2,0,11,16,5,3,8,-8,0,0,-1,1,1,-1,3,1
KR_6744040830,420,1,-63,-8,5,-1,4,5,3,5,2,1,1,0,4,5,1,-2,0,2,-1,5,-16,1,3,4,2,0,0,1,0,0,-1,2,1
KR_6362343733,440,2,58,4,8,1,1,0,-2,0,2,-2,1,3,2,2,0,9,9,0,0,7,0,0,0,0,0,0,0,1,0,0,1,3,1
KR_6733403430,440,-1,-20,8,-3,2,4,2,4,6,2,0,1,1,-7,0,7,-2,0,2,0,-9,187,-2,5,3,-3,0,1,-1,1,1,1,4,1
KR_6755744374,420,0,53,-25,2,0,1,1,2,4,2,0,1,1,1,3,2,-1,0,1,0,3,-2,-4,6,2,-2,0,-1,-1,-1,-1,1,3,1
KR_6578399199,420,-1,-19,16,-2,-2,0,2,3,5,2,-8,0,8,5,6,1,0,4,4,0,-1,169,2,1,3,1,0,2,1,0,1,1,1,1
KR_6692696730,440,3,30,0,9,2,3,1,0,2,2,2,2,0,3,6,3,2,3,1,0,9,22,7,3,10,-3,0,1,1,1,1,1,3,1
KR_6703538815,420,0,56,17,6,6,6,0,1,5,4,-1,1,2,0,3,3,0,3,3,0,1,-4,2,0,2,2,0,1,0,-1,1,1,0,1
KR_6680225717,420,0,1,3,7,-1,2,3,1,3,2,1,3,2,2,6,4,4,5,1,0,11,7,1,2,3,-1,0,1,0,1,1,1,0,1
KR_6580798295,420,0,-3,-4,5,1,1,0,0,2,2,3,4,1,2,3,1,-1,1,2,0,5,-9,3,2,5,-3,0,-2,1,-1,-1,1,3,1
KR_6672558819,420,1,65,-16,0,-2,1,3,0,2,2,1,2,1,1,2,1,0,1,1,0,3,10,3,1,4,-1,0,1,1,1,1,-1,5,1
KR_6763095210,420,0,53,-24,5,-2,2,4,0,2,2,7,8,1,0,1,1,0,1,1,0,5,-12,1,2,3,3,0,1,0,1,1,1,0,1
KR_6602426192,420,1,70,-32,5,0,1,1,2,3,1,2,3,1,1,2,1,0,2,2,1,5,1,3,1,4,8,0,1,1,1,1,1,1,1
KR_6753254468,440,5,36,-4,10,6,6,0,6,6,0,-5,0,5,1,3,2,2,2,0,0,8,-3,3,3,6,-4,0,0,1,0,0,-1,2,1
KR_6746412228,440,-1,-79,48,5,-3,0,3,-2,2,4,11,12,1,0,2,2,-1,0,1,0,5,-6,-1,2,1,4,0,0,1,1,1,-1,5,1
KR_6332469015,420,4,27,40,11,-1,1,2,3,4,1,5,8,3,3,4,1,1,1,0,3,16,-10,-4,7,3,8,0,1,-1,0,1,1,2,1
KR_6423003491,420,1,-11,-3,-3,-1,1,2,-2,2,4,-3,2,5,2,3,1,1,1,0,0,0,6,2,4,6,-6,0,0,0,0,0,1,0,1
KR_6729612208,420,4,89,11,6,4,6,2,-2,0,2,-2,2,4,6,6,0,0,0,0,1,4,14,1,4,5,1,0,0,-1,0,0,1,1,1
KR_6637371487,420,7,72,42,17,6,7,1,4,5,1,3,3,0,5,5,0,-1,0,1,0,11,0,-3,6,3,3,0,1,-1,1,1,-1,2,1
KR_6424662227,420,-6,-88,-32,-2,0,0,0,2,4,2,-6,1,7,0,3,3,2,2,0,-1,1,-8,-3,3,0,3,0,0,1,0,-1,-1,5,1
KR_6743500758,420,4,68,0,3,3,5,2,1,1,0,-6,1,7,6,6,0,-1,0,1,0,-1,-22,-1,5,4,-4,0,3,1,1,1,1,6,1
KR_6756318153,420,4,60,12,10,1,2,1,2,3,1,4,6,2,2,2,0,1,2,1,0,6,4,-1,2,1,-3,0,1,1,1,1,1,2,1
KR_6647090538,440,7,55,46,6,-1,0,1,0,7,7,3,7,4,4,6,2,0,1,1,-4,-11,31,4,1,5,1,0,2,0,1,1,-1,0,1
KR_6693803225,420,3,40,-6,4,6,7,1,-1,5,6,-2,0,2,3,5,2,-2,0,2,0,6,0,-1,3,2,0,0,-1,-1,1,1,1,4,1
KR_6602396327,420,-5,-32,-22,-5,0,1,1,-5,0,5,-3,0,3,5,5,0,-2,0,2,1,1,-27,-3,5,2,7,0,-1,1,-1,-1,1,1,1
KR_6764663678,440,3,95,28,10,0,1,1,2,4,2,4,5,1,5,6,1,-1,0,1,0,14,6,1,2,3,1,0,2,0,1,1,1,0,1
KR_6606803696,420,6,61,24,11,5,6,1,1,5,4,3,4,1,2,4,2,0,1,1,1,9,-35,-2,2,0,1,0,1,0,0,1,1,0,1
KR_6760493690,420,3,-12,20,7,-1,1,2,-1,5,6,3,4,1,1,3,2,5,5,0,0,1,4,-1,4,3,0,0,2,1,0,1,1,3,1
KR_6648676240,440,-1,80,15,-3,2,2,0,-3,1,4,1,4,3,-2,1,3,-1,0,1,0,-2,-4,7,0,7,-3,0,0,1,1,0,1,2,1
KR_6733908729,420,5,123,16,7,0,2,2,1,1,0,5,5,0,0,0,0,1,1,0,0,1,3,0,3,3,0,0,1,1,1,1,1,1,1
KR_6404199759,420,4,75,27,7,3,4,1,1,1,0,1,3,2,2,2,0,0,1,1,0,1,-25,-2,5,3,3,0,0,0,0,0,-1,0,1
KR_6604333344,420,2,19,10,-1,-3,1,4,1,1,0,0,2,2,0,2,2,1,1,0,0,-2,-6,-2,2,0,-1,0,0,0,1,-1,-1,0,1
KR_6737935086,440,2,31,0,3,4,6,2,2,2,0,1,3,2,-2,0,2,-2,1,3,0,3,-6,-1,5,4,1,0,-1,-1,-1,-1,1,3,1
KR_6686096865,420,0,39,4,2,4,4,0,-1,0,1,1,2,1,-2,0,2,0,0,0,0,-4,2,0,3,3,-1,0,0,1,1,1,1,4,1
KR_6761431451,440,7,100,27,18,-1,0,1,7,9,2,4,4,0,6,7,1,2,3,1,1,7,10,0,0,0,1,0,2,1,0,1,-1,4,1
KR_6607409273,420,3,37,5,6,9,9,0,1,2,1,1,2,1,-4,1,5,-1,2,3,0,-4,-3,0,3,3,-4,0,0,0,-1,-1,1,0,1
KR_6733543374,420,-1,-17,8,-3,1,1,0,1,4,3,-3,1,4,-2,2,4,0,1,1,-1,-1,-7,-2,6,4,1,0,0,1,-1,-1,-1,5,1
KR_5934002646,440,7,62,40,7,3,4,1,-1,2,3,-4,1,5,7,11,4,2,2,0,0,1,11,-6,7,1,3,0,2,1,0,1,-1,3,1
KR_6668698829,420,2,50,16,2,5,5,0,1,2,1,0,1,1,-3,2,5,-1,1,2,0,-1,-4,-5,6,1,3,0,0,1,-1,1,1,4,1
KR_6708543779,420,3,27,10,1,1,1,0,-6,2,8,0,2,2,4,4,0,2,3,1,0,-5,2,1,3,4,3,0,1,1,1,1,1,3,1
KR_6763710228,420,0,-7,22,-1,4,6,2,-2,2,4,-2,0,2,1,3,2,-2,0,2,0,-4,-2,6,2,8,-3,0,0,0,-1,0,1,0,1
KR_6653416206,420,5,-34,16,9,-2,1,3,-1,1,2,6,6,0,7,8,1,-1,0,1,1,9,17,-1,4,3,1,0,0,1,-1,1,1,6,1
KR_6685664210,420,-1,-28,10,-2,-1,1,2,2,2,0,-2,0,2,-3,2,5,2,4,2,1,-7,34,2,3,5,-5,0,0,0,-1,-1,1,0,1
KR_6755294241,420,-1,21,8,1,0,1,1,2,3,1,-3,0,3,2,2,0,0,0,0,0,8,4,0,4,4,-1,0,0,1,-1,0,-1,2,1
KR_6607916497,420,1,68,-28,7,-1,2,3,3,5,2,1,1,0,1,2,1,3,3,0,0,4,2,-2,4,2,1,0,1,1,1,1,1,2,1
KR_6617691298,420,-3,10,8,-4,-2,1,3,2,3,1,-2,1,3,1,3,2,-3,0,3,0,-4,6,-4,6,2,-1,0,-1,0,0,-1,1,0,1
KR_6613517653,420,-2,-57,-37,-5,-1,2,3,7,7,0,3,3,0,-12,1,13,-2,1,3,0,-5,4,1,0,1,-2,0,-1,-1,1,-1,-1,4,1
KR_6763734292,420,0,-40,8,-2,-1,1,2,0,4,4,0,3,3,1,6,5,-2,0,2,1,-1,7,0,3,3,-1,0,-1,-1,0,-1,1,1,1
KR_6743547118,440,0,10,8,2,-3,0,3,0,3,3,1,1,0,3,6,3,1,1,0,0,4,31,3,1,4,-1,0,1,1,0,1,1,3,1
KR_6723898043,420,0,64,23,-3,0,1,1,-1,2,3,3,3,0,-4,0,4,-1,0,1,0,-3,-1,0,3,3,-1,0,0,-1,-1,1,1,1,1
KR_6532680311,420,6,85,12,9,2,2,0,-2,1,3,5,7,2,1,2,1,3,5,2,-1,6,1,-2,4,2,3,0,2,1,-1,1,-1,5,1
KR_6661666257,420,-2,-38,-8,-6,-2,1,3,-2,0,2,-3,2,5,-1,5,6,2,2,0,0,-7,107,-2,4,2,0,0,0,1,1,1,-1,2,1
KR_6631292272,420,-1,-54,40,-3,-4,0,4,2,2,0,2,3,1,0,0,0,-3,1,4,0,-1,-111,-3,6,3,1,0,-1,0,-1,-1,-1,0,1
KR_6657875293,420,0,56,24,-5,1,2,1,-4,2,6,0,3,3,-2,0,2,0,2,2,0,-13,-16,1,3,4,6,0,1,1,1,1,1,4,1
KR_6602534968,420,3,61,39,12,3,4,1,0,2,2,4,6,2,4,6,2,1,1,0,1,12,12,4,0,4,0,0,1,-1,1,1,1,3,1
KR_6690994417,420,1,1,5,-8,-3,1,4,0,2,2,-5,2,7,2,6,4,-2,0,2,0,-1,-130,2,3,5,0,0,1,1,-1,1,-1,5,1
KR_6674226837,420,0,18,11,2,2,3,1,-7,0,7,2,3,1,3,4,1,2,2,0,0,2,-16,0,4,4,-5,0,0,1,-1,0,-1,3,1
KR_6754064211,420,-5,-13,-17,-8,-3,1,4,2,5,3,-3,1,4,-6,1,7,2,5,3,-1,-12,3,-4,5,1,1,0,-1,-1,-1,-1,-1,2,1
KR_6760334435,420,1,13,-8,7,-3,0,3,3,4,1,0,2,2,2,5,3,5,5,0,0,11,2,1,4,5,1,0,1,1,1,1,1,3,1
KR_6746514169,440,2,10,8,1,-4,0,4,2,3,1,-4,1,5,8,10,2,-1,1,2,0,-7,-54,-5,5,0,27,0,0,1,-1,0,-1,1,1
KR_6742859495,420,4,-32,0,11,2,3,1,2,4,2,1,2,1,4,4,0,2,2,0,0,11,-7,-3,4,1,5,0,0,1,0,0,1,2,1
KR_6747229922,420,3,38,-8,5,-1,1,2,-1,1,2,7,9,2,1,2,1,-1,0,1,0,3,-371,2,3,5,-1,0,0,1,0,0,1,1,1
KR_6709836535,420,-1,25,-20,-2,5,6,1,-5,1,6,0,2,2,-2,3,5,0,1,1,-1,0,-41,-1,5,4,23,0,0,-1,1,-1,-1,3,1
KR_6406543524,420,-1,-11,20,4,-7,1,8,0,3,3,2,2,0,3,3,0,6,6,0,0,6,11,-2,5,3,-1,0,0,1,-1,1,-1,2,1
KR_6710200362,420,-2,11,-28,-4,-1,0,1,-4,1,5,1,2,1,-2,3,5,2,2,0,1,-3,-161,-3,5,2,-2,0,0,1,1,-1,1,3,1
KR_6703745296,420,-2,-1,-6,3,-2,0,2,-3,1,4,8,8,0,0,3,3,0,0,0,1,3,-11,-3,4,1,2,0,-1,1,0,1,1,2,1
KR_6760679703,420,3,73,4,9,-2,0,2,-1,3,4,-4,0,4,14,15,1,2,3,1,0,10,257,4,1,5,3,0,0,0,-1,1,1,0,1
KR_6710073661,420,1,27,-35,3,2,2,0,-4,3,7,1,3,2,1,3,2,3,3,0,0,1,-25,-6,7,1,6,0,0,-1,1,1,-1,1,1
KR_6760947244,420,1,-12,24,4,1,4,3,1,2,1,1,3,2,2,3,1,-1,2,3,0,10,19,2,1,3,-1,0,-1,1,1,-1,1,4,1
KR_6743018279,440,1,-63,-5,-2,-2,1,3,-2,1,3,2,2,0,0,5,5,0,0,0,0,-1,-3,3,0,3,1,0,0,-1,1,0,-1,4,1
KR_6321397652,420,3,12,-4,16,7,7,0,3,3,0,4,6,2,0,0,0,2,2,0,1,6,156,0,2,2,3,0,2,-1,1,1,1,6,1
KR_6572930286,420,0,-5,-12,1,3,5,2,0,0,0,0,3,3,-1,2,3,-1,1,2,0,-3,7,-1,4,3,0,0,0,1,0,0,-1,3,1
KR_6763646873,420,-1,10,0,-2,8,8,0,-4,0,4,-6,1,7,2,3,1,-2,1,3,0,-6,347,-1,4,3,-3,0,0,1,1,0,-1,3,1
KR_6721216081,420,-1,2,-3,-2,-2,0,2,-5,1,6,-3,1,4,3,5,2,5,6,1,0,2,7,-2,6,4,4,0,2,1,-1,1,-1,3,1
KR_6689796415,440,2,57,12,8,-1,0,1,4,6,2,-3,0,3,4,4,0,4,4,0,0,10,-2,-1,5,4,0,0,1,1,-1,1,1,2,1
KR_6650279785,420,2,12,-18,5,-1,0,1,5,5,0,-3,2,5,1,3,2,3,3,0,0,6,284,-2,4,2,0,0,1,1,1,1,1,3,1
KR_6690967845,440,2,43,-2,10,2,2,0,1,2,1,-1,1,2,7,8,1,1,1,0,0,13,-8,1,4,5,0,0,1,1,-1,1,1,4,1
KR_6755463571,420,0,20,-1,1,4,6,2,1,1,0,0,2,2,-2,1,3,-2,0,2,0,-1,4,4,3,7,-1,0,1,1,1,1,1,6,1
KR_6681951076,420,-1,-33,4,2,-3,1,4,3,5,2,4,4,0,-3,0,3,1,1,0,0,8,-11,-3,5,2,-1,0,1,0,0,1,1,0,1
KR_6625014211,420,-2,-39,4,-1,-3,1,4,0,1,1,-1,3,4,2,6,4,1,2,1,0,2,2,0,3,3,2,0,-1,-1,1,-1,1,1,1
KR_6543077153,420,2,16,-23,7,2,3,1,2,6,4,2,2,0,0,3,3,1,2,1,0,7,-174,5,0,5,2,0,0,1,0,1,-1,6,1
KR_6740777383,420,-2,-42,19,-7,-3,0,3,-1,2,3,1,2,1,1,2,1,-5,0,5,0,-3,-18,0,1,1,-2,0,-1,-1,-1,-1,-1,4,1
KR_6679155715,440,1,37,4,4,2,4,2,-4,0,4,-4,1,5,10,10,0,0,0,0,0,9,-4,6,2,8,3,0,0,-1,1,1,-1,3,1
KR_6631463401,420,3,48,-8,12,4,4,0,4,5,1,0,1,1,4,5,1,0,2,2,0,7,185,6,0,6,-5,0,1,1,1,1,1,5,1
KR_6652900515,420,0,11,3,1,0,1,1,2,4,2,-3,2,5,0,3,3,2,4,2,-1,-1,-5,-1,3,2,0,0,0,1,-1,0,-1,3,1
KR_6724529106,420,3,37,12,7,-1,3,4,-1,1,2,-1,0,1,6,6,0,4,5,1,0,5,0,6,2,8,2,0,1,-1,-1,1,1,6,1
KR_6558957742,420,6,29,48,4,2,4,2,2,2,0,-1,1,2,1,1,0,0,0,0,1,1,1,6,1,7,0,0,0,1,0,1,1,4,1
KR_6696088617,420,4,23,11,7,-2,2,4,2,5,3,9,9,0,-2,0,2,0,1,1,-1,12,-202,0,3,3,7,0,1,-1,1,1,-1,2,1
KR_6678933968,440,2,54,-8,-2,4,5,1,-3,1,4,-2,4,6,1,4,3,-2,0,2,0,1,381,-1,4,3,-1,0,0,1,-1,1,-1,2,1
KR_6672863594,420,2,48,-6,1,4,6,2,-3,1,4,2,6,4,3,5,2,-5,2,7,-2,-6,-17,2,3,5,3,0,1,-1,1,1,1,6,1
KR_6707059028,420,1,-74,-20,0,0,0,0,0,2,2,5,5,0,-1,1,2,-4,1,5,0,-6,11,1,4,5,0,0,-1,0,-1,-1,-1,0,1
KR_6761808110,440,4,43,-20,3,-1,1,2,-1,1,2,2,4,2,0,3,3,3,4,1,0,3,-17,3,1,4,3,0,0,1,1,1,1,6,1
KR_6724236682,420,0,34,-12,3,2,2,0,4,4,0,1,2,1,1,1,0,-5,0,5,0,9,19,-1,1,0,3,0,0,0,1,0,1,0,1
KR_6731246396,420,1,9,30,6,2,2,0,1,1,0,3,5,2,0,2,2,0,1,1,1,1,111,-1,3,2,-4,0,0,1,1,1,1,1,1
KR_6652991074,420,2,59,1,6,-2,2,4,0,2,2,0,1,1,6,7,1,2,2,0,1,6,1,1,1,2,0,0,1,1,1,1,1,5,1
KR_6628520526,420,2,50,19,-1,-1,0,1,-3,0,3,4,6,2,0,2,2,-1,0,1,1,-2,50,1,5,6,-20,0,0,-1,-1,0,1,1,1
KR_6565270878,420,-5,-4,0,-2,-4,0,4,-3,0,3,3,4,1,3,4,1,-1,1,2,0,-3,-2,1,1,2,-2,0,-1,1,0,-1,1,2,1
KR_6568038398,420,3,10,16,8,1,3,2,2,4,2,-2,0,2,6,8,2,1,2,1,0,3,-1,0,4,4,1,0,1,1,1,1,1,6,1
KR_6741965245,420,1,17,-14,6,2,2,0,2,5,3,4,4,0,-4,1,5,2,2,0,0,7,17,-2,3,1,-1,0,0,1,0,0,1,1,1
KR_6743575600,420,0,-43,8,0,1,2,1,-2,2,4,3,3,0,0,3,3,-2,2,4,0,-4,20,5,3,8,-2,0,0,-1,1,1,-1,1,1
KR_6743343007,420,4,77,24,9,1,4,3,3,4,1,2,2,0,2,3,1,1,1,0,0,11,194,-1,2,1,4,0,1,1,1,1,1,3,1
KR_6545895666,420,2,-20,-4,5,-2,1,3,7,7,0,-1,1,2,0,3,3,1,2,1,-1,9,5,1,5,6,-2,0,-1,-1,-1,-1,-1,2,1
KR_6638333075,420,3,53,24,10,3,4,1,3,4,1,2,2,0,3,4,1,-1,1,2,0,8,24,7,1,8,-4,0,1,1,1,1,-1,3,1
KR_6739248206,420,6,10,8,8,4,4,0,4,5,1,5,6,1,-1,1,2,-4,1,5,0,3,-11,-3,6,3,2,0,0,-1,1,-1,1,1,1
KR_6539578632,420,1,-10,40,0,4,4,0,-2,0,2,1,4,3,-4,1,5,1,1,0,0,-1,3,-1,2,1,1,0,0,1,0,0,-1,4,1
KR_6757358582,420,2,29,28,2,-1,0,1,4,5,1,-3,1,4,2,4,2,0,1,1,2,14,-13,2,1,3,1,0,0,-1,-1,-1,1,3,1
KR_6639634737,420,-1,-67,0,3,-1,2,3,6,6,0,0,0,0,0,2,2,-2,0,2,0,0,5,-1,3,2,-7,0,1,1,1,-1,-1,5,1
KR_6723203812,420,0,65,-13,0,-3,0,3,-1,2,3,6,7,1,-4,2,6,2,3,1,0,-5,4,2,3,5,0,0,-1,-1,-1,-1,1,1,1
KR_6743987222,420,6,63,16,6,6,7,1,2,4,2,1,1,0,-3,2,5,0,1,1,0,-5,9,1,4,5,1,0,1,1,-1,1,-1,4,1
KR_6588584312,420,-3,53,-36,2,0,1,1,-2,3,5,1,1,0,4,5,1,-1,2,3,0,6,27,-4,7,3,-20,0,1,-1,1,1,1,6,1
KR_6716384897,440,5,29,21,5,-1,1,2,5,5,0,2,2,0,-5,1,6,4,5,1,0,13,41,-7,10,3,-1,0,-1,1,0,-1,-1,2,1
KR_6746435943,420,2,-12,0,9,1,2,1,5,7,2,-1,3,4,1,2,1,3,5,2,-1,11,20,-1,3,2,2,0,3,-1,1,1,-1,5,1
KR_6722243628,420,2,25,-16,4,-3,0,3,3,4,1,0,0,0,5,6,1,-1,0,1,0,3,279,-2,5,3,8,0,0,1,-1,0,-1,4,1
KR_6738269174,440,6,6,0,12,1,2,1,2,3,1,-2,4,6,6,6,0,5,6,1,1,12,-259,-2,2,0,0,0,1,1,-1,1,1,4,1
KR_6683512660,440,1,49,-7,4,4,6,2,-1,0,1,-1,2,3,2,3,1,0,0,0,0,-2,19,3,1,4,0,0,0,-1,-1,0,1,6,1
KR_6606587496,420,-2,-35,-16,-7,-1,1,2,-4,0,4,6,7,1,-8,1,9,0,0,0,0,-8,-4,0,2,2,-2,0,-2,0,0,-1,-1,0,1
KR_6679884815,420,6,97,-8,16,3,3,0,1,3,2,5,5,0,7,8,1,0,1,1,0,12,0,-2,6,4,-1,0,1,1,1,1,1,4,1
KR_6609369541,420,4,179,46,8,1,2,1,4,5,1,7,7,0,-2,0,2,-2,1,3,0,8,18,1,2,3,-1,0,3,1,1,1,1,4,1
KR_6656395627,420,8,70,76,11,1,1,0,7,9,2,4,4,0,-2,0,2,1,1,0,0,7,-2,4,3,7,7,0,2,1,1,1,1,1,1
KR_6755251647,420,4,12,32,13,-2,1,3,6,6,0,2,2,0,6,6,0,1,1,0,0,13,4,-1,3,2,0,0,1,1,1,1,1,2,1
KR_6435023623,420,2,64,12,9,-2,3,5,3,6,3,4,5,1,3,3,0,1,1,0,0,3,3,4,0,4,1,0,2,1,1,1,1,3,1
KR_6684388447,420,3,73,14,11,4,7,3,5,5,0,5,5,0,2,3,1,-5,0,5,1,9,3,-1,4,3,-1,0,0,-1,1,0,1,6,1
KR_6710023689,420,4,77,36,3,0,1,1,1,2,1,-2,1,3,2,2,0,2,4,2,0,9,8,4,2,6,-4,0,3,1,1,1,1,5,1
KR_6646075462,440,4,44,17,4,7,7,0,-2,2,4,-1,0,1,0,4,4,0,2,2,0,-3,0,-2,3,1,2,0,1,-1,1,1,1,1,1
KR_6646427644,420,3,28,-4,6,1,2,1,-3,1,4,7,8,1,4,5,1,-3,0,3,0,1,-4,2,1,3,2,0,0,0,1,0,1,0,1
KR_6683558469,420,1,14,23,-1,3,4,1,3,5,2,4,5,1,-5,1,6,-6,0,6,0,1,8,-2,5,3,-3,0,1,-1,0,1,-1,6,1
KR_6731743475,420,-1,-135,12,-4,-6,0,6,0,2,2,-4,0,4,5,9,4,1,1,0,1,-1,-6,-7,10,3,4,0,-1,-1,0,-1,-1,6,1
KR_6742819607,420,4,24,68,6,-1,1,2,2,3,1,-3,1,4,5,6,1,3,3,0,2,12,-7,1,4,5,1,0,-1,0,0,1,1,0,1
KR_6749234967,420,1,-12,40,3,-2,0,2,-2,2,4,-1,0,1,8,8,0,0,0,0,0,6,3,2,3,5,-5,0,0,1,-1,0,-1,6,1
KR_6754925951,420,2,82,-4,-7,1,1,0,-1,0,1,-6,1,7,1,4,3,-2,0,2,0,-5,9,4,0,4,1,0,1,1,0,1,1,2,1
KR_6667863617,420,-3,-8,-20,-8,0,2,2,-1,2,3,-5,0,5,-2,1,3,0,0,0,0,0,-3,-1,4,3,-2,0,1,1,-1,1,-1,3,1
KR_6462786194,420,-1,18,-4,1,-1,1,2,1,2,1,0,1,1,1,1,0,0,0,0,0,3,-4,1,3,4,1,0,0,-1,1,-1,1,1,1
KR_6729435220,420,-1,-59,-16,-2,-1,2,3,3,3,0,0,4,4,-4,2,6,0,2,2,2,7,-5,-3,8,5,-1,0,-2,1,-1,-1,-1,2,1
KR_6711215618,420,4,36,-9,10,5,7,2,1,1,0,0,1,1,4,6,2,0,1,1,0,5,9,0,5,5,-5,0,1,-1,1,1,1,1,1
KR_6757419895,420,-1,137,24,4,4,8,4,-3,2,5,2,4,2,1,4,3,0,2,2,0,-4,-4,-5,7,2,3,0,2,1,1,1,1,2,1
KR_6741813818,420,3,53,20,5,5,5,0,-3,4,7,1,1,0,2,3,1,0,2,2,0,3,3,1,6,7,0,0,0,-1,1,0,1,6,1
KR_6730971057,420,3,55,18,1,1,3,2,-3,1,4,-1,3,4,-3,2,5,7,7,0,0,2,-9,-5,7,2,3,0,0,1,1,1,1,2,1
KR_6672449411,420,5,98,-16,18,2,3,1,5,6,1,2,2,0,9,10,1,0,0,0,1,20,6,4,1,5,2,0,2,1,-1,1,1,6,1
KR_6600882916,420,8,129,45,22,4,5,1,7,8,1,7,8,1,3,3,0,1,1,0,2,13,-5,0,4,4,6,0,5,1,1,1,1,4,1
KR_6759621191,440,2,38,-23,7,1,2,1,4,4,0,-3,1,4,5,6,1,0,0,0,0,8,45,2,2,4,-32,0,1,1,-1,1,1,6,1
KR_6758968738,440,2,-5,-10,13,4,5,1,7,8,1,1,2,1,4,6,2,-3,0,3,1,13,-7,2,2,4,6,0,0,1,-1,1,1,4,1
KR_6671473079,420,6,69,12,17,3,3,0,2,2,0,1,4,3,10,11,1,1,1,0,1,16,-68,-2,6,4,6,0,1,1,-1,1,1,3,1
KR_6686103913,420,3,54,15,1,-3,3,6,3,6,3,1,2,1,-1,3,4,1,3,2,0,-1,5,6,1,7,1,0,2,-1,1,1,-1,1,1
KR_6647196548,440,1,32,-29,2,2,2,0,1,2,1,4,5,1,-6,2,8,1,2,1,0,11,7,1,4,5,3,0,0,1,0,0,1,2,1
KR_6637167477,420,1,52,-28,4,3,3,0,-2,2,4,5,5,0,-1,0,1,-1,0,1,0,-5,-31,-2,6,4,26,0,1,-1,-1,1,1,6,1
KR_6763782654,420,1,86,28,-2,-5,4,9,0,1,1,4,4,0,1,2,1,-2,0,2,0,-1,448,0,2,2,0,0,0,1,1,-1,1,6,1
KR_6756322224,440,2,119,13,12,0,3,3,-2,3,5,4,6,2,10,11,1,0,0,0,0,1,-5,2,0,2,0,0,3,1,1,1,-1,1,1
KR_6573265341,420,1,35,-8,5,0,3,3,0,5,5,3,3,0,0,1,1,2,2,0,0,6,3,2,3,5,0,0,0,-1,0,0,1,3,1
KR_6620510085,420,6,142,34,8,0,0,0,4,5,1,1,4,3,3,4,1,0,0,0,1,2,5,-4,7,3,2,0,2,1,1,1,1,6,1
KR_6732829778,440,1,55,32,5,1,2,1,5,5,0,1,3,2,0,1,1,-2,0,2,0,4,3,6,1,7,1,0,1,1,1,1,-1,4,1
KR_6704870598,420,3,7,35,6,-1,0,1,0,3,3,5,6,1,1,2,1,1,2,1,0,3,-4,0,3,3,1,0,0,1,0,0,-1,4,1
KR_6624385662,440,1,16,23,0,-2,2,4,0,4,4,2,2,0,0,5,5,0,2,2,1,7,-2,4,1,5,-1,0,1,1,1,1,1,5,1
KR_6723241430,420,3,-3,-4,5,-2,0,2,0,1,1,2,4,2,4,5,1,1,1,0,0,4,57,-1,4,3,4,0,2,1,1,1,1,3,1
KR_6579747238,420,0,-36,-7,-2,7,8,1,-5,2,7,-2,0,2,-2,2,4,0,1,1,0,0,-3,-3,4,1,1,0,1,-1,1,1,1,3,1
KR_6709722424,440,3,-36,52,13,6,8,2,1,2,1,4,4,0,1,4,3,1,4,3,1,24,1,0,3,3,0,0,2,1,0,1,1,2,1
KR_6634410346,420,-1,32,0,-4,2,3,1,2,4,2,3,4,1,-5,1,6,-6,1,7,0,-7,-10,-4,5,1,3,0,-2,1,-1,-1,1,5,1
KR_6760626718,420,4,31,12,13,0,4,4,3,4,1,3,4,1,3,4,1,4,4,0,1,23,-108,1,5,6,7,0,0,1,1,1,1,3,1
KR_6648012938,440,1,50,-28,0,9,9,0,0,4,4,2,3,1,-10,1,11,-1,2,3,0,-1,-13,-1,4,3,13,0,1,-1,-1,1,1,2,1
KR_6729562678,420,3,86,15,14,4,4,0,-1,3,4,2,3,1,6,7,1,3,3,0,0,9,176,-3,3,0,2,0,1,1,1,1,1,6,1
KR_6758599763,420,0,31,10,1,-3,0,3,3,3,0,-1,1,2,0,2,2,2,4,2,1,2,-6,-1,2,1,4,0,1,1,1,-1,1,1,1
KR_6752381263,440,2,-52,20,5,1,2,1,1,2,1,-1,2,3,0,2,2,4,4,0,0,9,4,-2,3,1,0,0,1,1,1,1,-1,4,1
KR_6662459119,420,4,44,8,8,1,1,0,-1,1,2,6,7,1,1,2,1,1,3,2,0,7,0,4,2,6,4,0,1,1,1,1,1,3,1
KR_6668867960,420,-1,2,-12,-2,2,3,1,-7,3,10,3,3,0,-1,2,3,1,1,0,0,-8,4,0,2,2,-3,0,-1,-1,0,-1,-1,2,1
KR_6667096096,420,2,53,12,-2,-1,1,2,1,2,1,-1,4,5,-1,2,3,0,1,1,0,5,-11,3,1,4,2,0,1,1,-1,1,-1,2,1
KR_6710084915,420,5,44,36,7,1,2,1,3,5,2,3,5,2,4,7,3,-4,0,4,0,-4,22,3,1,4,-19,0,1,-1,1,1,1,2,1
KR_6686569945,420,0,-20,38,3,-4,1,5,1,3,2,-3,0,3,3,3,0,6,6,0,0,8,2,-1,3,2,3,0,1,1,1,1,-1,5,1
KR_6728972834,420,7,39,36,7,5,6,1,4,4,0,-1,2,3,0,2,2,-1,1,2,0,1,-31,0,4,4,5,0,1,1,1,-1,-1,6,1
KR_6760687449,420,0,58,-4,1,2,2,0,-1,2,3,3,4,1,-2,1,3,-1,0,1,0,-6,-6,-4,7,3,-1,0,1,-1,1,1,-1,4,1
KR_6735108427,420,-1,107,-5,4,-1,2,3,1,3,2,-3,1,4,7,8,1,0,2,2,2,11,-8,-2,7,5,5,0,3,-1,1,1,1,1,1
KR_6652998622,420,0,3,11,-1,2,3,1,-1,2,3,-2,1,3,2,5,3,-2,2,4,0,0,-3,-2,2,0,2,0,0,0,1,0,1,0,1
KR_6694817542,420,2,-31,-4,1,-2,0,2,-1,1,2,-2,4,6,4,5,1,2,2,0,0,7,-7,4,4,8,0,0,1,1,-1,1,-1,3,1
KR_6698996022,420,0,-10,10,2,6,7,1,3,3,0,-2,2,4,-2,1,3,-3,1,4,-1,-3,1,0,1,1,-4,0,-2,-1,-1,-1,-1,1,1
KR_6718463485,420,4,-4,12,10,0,3,3,4,5,1,0,0,0,1,4,3,5,5,0,0,8,2,0,3,3,2,0,1,1,1,1,1,6,1
KR_6632549182,420,5,-26,35,13,0,1,1,4,5,1,5,6,1,1,1,0,3,5,2,0,14,2,-2,6,4,0,0,2,1,-1,1,1,3,1
KR_6679308428,420,4,30,-26,10,4,5,1,2,4,2,1,2,1,1,2,1,2,2,0,0,13,22,0,1,1,-1,0,3,1,-1,1,1,1,1
KR_6644322560,420,3,38,20,5,0,4,4,-1,2,3,7,9,2,0,1,1,-1,0,1,0,1,2,-3,5,2,-1,0,1,1,-1,1,1,3,1
KR_6714267636,420,2,101,11,3,0,1,1,4,4,0,-4,3,7,1,1,0,2,3,1,1,5,-6,-4,11,7,6,0,1,1,-1,1,1,6,1
KR_6636272255,420,1,-73,-4,7,0,4,4,4,4,0,-1,4,5,5,7,2,-1,2,3,0,10,1,1,2,3,0,0,0,1,-1,-1,1,6,1
KR_6720139982,420,1,-43,6,5,0,1,1,2,4,2,2,2,0,0,2,2,1,1,0,0,8,-2,-1,2,1,1,0,1,1,1,1,-1,6,1
KR_6692402113,420,1,65,9,6,3,3,0,3,6,3,2,2,0,-1,2,3,-1,0,1,0,5,6,-3,7,4,3,0,2,1,1,1,1,3,1
KR_6754405858,420,-5,-71,-54,-6,0,0,0,-2,0,2,0,0,0,1,4,3,-5,1,6,0,-5,177,3,2,5,-2,0,0,0,1,0,-1,0,1
KR_6739870146,420,1,15,8,3,-4,0,4,9,11,2,0,0,0,-4,1,5,2,2,0,0,-1,-5,-1,2,1,0,0,1,1,1,1,1,3,1
KR_6655953211,420,-2,-13,-8,5,3,3,0,-2,0,2,7,7,0,-1,2,3,-2,3,5,1,4,-240,1,1,2,2,0,-1,1,1,-1,1,1,1
KR_6707139242,420,2,41,49,2,-2,0,2,0,1,1,-2,3,5,2,3,1,4,6,2,2,7,2,3,2,5,-3,0,1,0,-1,-1,1,0,1
KR_6726016356,420,2,-55,16,4,3,4,1,7,8,1,-3,0,3,-2,3,5,-1,0,1,1,8,-10,0,1,1,-1,0,0,-1,0,0,1,3,1
KR_6257612891,420,5,77,40,8,5,5,0,-5,0,5,4,7,3,4,6,2,0,0,0,0,0,-179,1,3,4,2,0,0,0,0,0,-1,0,1
KR_6640643545,420,0,-26,15,0,0,2,2,-1,0,1,-1,1,2,2,4,2,0,2,2,0,-3,3,0,2,2,3,0,1,0,0,1,1,0,1
KR_6748321929,440,1,42,-7,8,4,4,0,-5,3,8,1,3,2,7,7,0,1,3,2,-1,5,-10,8,2,10,4,0,0,0,0,0,-1,0,1
KR_6625106473,420,0,10,16,3,-1,1,2,0,3,3,0,5,5,1,3,2,3,5,2,0,3,104,6,0,6,-1,0,0,0,1,1,1,0,1
KR_6759691983,420,-1,-14,32,2,1,2,1,5,5,0,-2,1,3,-2,1,3,0,1,1,0,6,8,3,2,5,1,0,-1,0,-1,-1,1,0,1
KR_6258749019,420,1,0,20,2,4,4,0,2,5,3,-5,2,7,1,3,2,0,0,0,0,2,-7,-6,9,3,1,0,2,0,0,1,1,0,1
KR_6710598333,420,2,50,-4,6,7,8,1,3,4,1,-4,1,5,-2,2,4,2,2,0,0,4,-2,-4,6,2,1,0,1,1,1,1,1,3,1
KR_6625308139,420,4,66,14,6,1,2,1,1,3,2,2,4,2,0,5,5,2,2,0,0,6,37,0,4,4,0,0,1,0,0,1,1,0,1
KR_6617513998,420,0,45,9,0,-1,3,4,3,6,3,-1,2,3,-3,1,4,2,2,0,0,-1,-215,3,3,6,2,0,0,1,1,1,1,3,1
KR_6762169011,420,3,31,46,2,1,1,0,1,3,2,-1,2,3,1,1,0,0,1,1,0,0,-7,-5,6,1,0,0,1,1,1,1,1,4,1
KR_6692640110,440,-1,32,21,0,1,3,2,-1,2,3,1,3,2,-2,1,3,1,2,1,0,-4,22,-1,4,3,3,0,0,1,-1,0,1,4,1
KR_6558891686,420,5,59,1,5,1,1,0,6,7,1,3,4,1,-1,1,2,-4,0,4,0,10,-259,4,5,9,-1,0,1,-1,1,1,-1,2,1
KR_6578419044,420,3,-56,12,14,-2,3,5,2,4,2,2,2,0,14,15,1,-2,2,4,0,27,-39,1,2,3,23,0,1,1,-1,-1,1,1,1
KR_6621190707,440,3,94,-16,8,0,0,0,0,0,0,5,5,0,3,3,0,0,0,0,0,7,33,3,0,3,-35,0,1,-1,0,1,1,3,1
KR_6638691998,420,1,-3,25,11,3,3,0,5,6,1,0,1,1,2,3,1,1,2,1,0,10,-6,0,2,2,-1,0,-1,1,0,-1,1,3,1
KR_6576823569,440,-1,-16,-12,0,2,6,4,4,6,2,-2,2,4,-2,0,2,-2,1,3,0,2,1,1,5,6,5,0,1,1,1,1,-1,3,1
KR_6424418017,420,2,14,2,12,1,1,0,5,6,1,-3,1,4,9,9,0,0,1,1,0,14,4,1,2,3,1,0,2,1,1,1,-1,1,1
KR_6740921604,420,4,146,10,9,3,3,0,1,2,1,2,4,2,2,2,0,1,1,0,3,12,5,4,2,6,5,0,0,1,1,0,1,1,1
KR_6751907501,420,1,13,-16,-2,0,2,2,-5,1,6,4,5,1,-1,1,2,0,0,0,0,-4,-330,-3,4,1,2,0,0,-1,1,0,-1,4,1
KR_6611416167,420,5,80,28,9,0,0,0,5,5,0,0,0,0,4,5,1,0,1,1,0,8,181,4,0,4,18,0,1,1,1,1,1,4,1
KR_6603554341,420,0,-14,0,6,0,0,0,0,2,2,2,4,2,4,6,2,0,0,0,0,9,212,-2,4,2,3,0,2,1,0,1,1,2,1
KR_6745793480,420,0,34,3,0,-3,1,4,-4,2,6,9,14,5,1,1,0,-3,0,3,0,-8,-1,-2,5,3,-3,0,1,-1,1,1,1,5,1
KR_6711734975,440,4,-5,26,9,4,5,1,2,2,0,2,4,2,1,3,2,0,1,1,2,11,11,3,3,6,-3,0,0,1,1,1,1,1,1
KR_6744301227,420,5,37,16,7,3,3,0,-2,1,3,6,6,0,0,3,3,0,1,1,1,2,6,-2,5,3,4,0,2,1,1,1,1,3,1
KR_6711963448,420,4,84,8,16,3,3,0,4,4,0,4,5,1,4,5,1,1,2,1,0,16,-303,4,1,5,16,0,2,1,1,1,1,2,1
KR_6763260039,420,-6,-13,-27,-7,0,1,1,-5,0,5,2,5,3,-2,1,3,-2,0,2,-1,-6,7,1,1,2,0,0,0,-1,1,0,-1,1,1
KR_6748189421,420,4,11,4,7,-2,0,2,5,5,0,0,1,1,3,4,1,1,1,0,0,5,51,-3,5,2,-4,0,-1,1,-1,-1,-1,1,1
KR_6734106882,420,3,47,-6,3,-3,0,3,0,0,0,-1,0,1,5,5,0,2,3,1,-1,8,13,2,2,4,-1,0,1,0,1,1,-1,0,1
KR_6756210478,420,5,39,9,10,2,2,0,0,3,3,5,7,2,4,5,1,-1,1,2,0,8,3,2,2,4,0,0,2,1,1,1,1,5,1
KR_6401364553,440,-1,-49,0,1,-2,0,2,8,8,0,-2,2,4,-2,2,4,-1,1,2,0,-3,-1,2,0,2,-1,0,0,0,1,0,1,0,1
KR_6614094959,420,1,23,-7,2,-4,1,5,3,7,4,3,4,1,0,3,3,0,1,1,-1,10,-8,-7,8,1,0,0,0,-1,-1,1,-1,6,1
KR_6760620477,420,1,6,11,1,3,5,2,2,2,0,-1,2,3,-5,4,9,2,3,1,0,2,5,0,2,2,2,0,-1,1,-1,-1,1,3,1
KR_6696528276,420,4,34,24,7,1,1,0,3,5,2,5,6,1,-2,3,5,0,2,2,0,10,-146,2,1,3,-1,0,0,1,0,-1,-1,1,1
KR_6741964377,440,3,8,28,11,-2,3,5,7,7,0,5,6,1,-1,3,4,2,4,2,0,8,-3,4,3,7,0,0,0,1,1,0,1,5,1
KR_6713285308,420,6,31,-8,14,3,3,0,2,6,4,5,5,0,2,4,2,2,2,0,1,18,10,0,4,4,3,0,3,-1,1,1,1,4,1
KR_6632141563,420,4,10,24,4,2,2,0,6,8,2,4,6,2,-8,0,8,0,0,0,0,4,19,-3,5,2,3,0,1,-1,1,1,1,4,1
KR_6673610590,420,-1,30,9,2,-4,0,4,2,5,3,4,9,5,-1,0,1,1,2,1,0,3,128,2,3,5,1,0,2,1,1,1,-1,2,1
KR_6252358129,420,10,91,52,24,2,5,3,3,6,3,4,5,1,14,14,0,1,1,0,0,21,4,5,1,6,1,0,3,1,1,1,1,1,1
KR_6711079693,420,5,-2,21,9,6,6,0,-1,2,3,4,5,1,1,5,4,-1,0,1,0,1,-107,-4,6,2,1,0,0,-1,1,1,1,3,1
KR_6496846326,420,-1,-6,3,-7,-3,0,3,0,6,6,-4,0,4,0,2,2,0,1,1,-1,-15,-19,0,4,4,-1,0,1,-1,-1,1,-1,6,1
KR_6725961091,420,0,-1,29,-2,-1,0,1,0,6,6,1,5,4,-1,0,1,-1,0,1,-1,-10,191,-1,5,4,2,0,1,1,0,1,-1,5,1
KR_6650957561,420,4,95,12,8,-2,1,3,6,6,0,0,1,1,4,9,5,0,1,1,-1,10,12,2,1,3,-1,0,0,0,1,1,-1,0,1
KR_6715219196,420,3,31,7,3,3,3,0,1,2,1,4,5,1,-2,1,3,-3,0,3,0,-4,-6,0,1,1,1,0,2,0,1,1,1,0,1
KR_6567340057,420,1,63,-4,10,6,8,2,-1,2,3,2,2,0,2,3,1,1,4,3,0,4,-8,-1,2,1,3,0,1,-1,1,1,1,4,1
KR_6733833827,420,3,-37,32,6,-2,1,3,1,4,3,4,5,1,3,3,0,0,0,0,0,4,12,4,1,5,-1,0,1,1,1,1,-1,5,1
KR_6726942509,420,2,-1,-1,4,1,4,3,0,3,3,3,4,1,0,2,2,0,1,1,0,1,243,0,3,3,2,0,0,0,1,-1,1,0,1
KR_6680986650,420,4,81,20,7,2,3,1,3,5,2,1,2,1,-1,1,2,2,2,0,0,5,1,3,1,4,6,0,1,1,1,1,-1,4,1
KR_6681176997,440,4,111,-17,13,1,1,0,5,5,0,4,6,2,1,2,1,2,4,2,0,12,-11,9,1,10,1,0,0,1,-1,0,1,3,1
KR_6757302641,440,2,21,-8,5,1,1,0,0,2,2,3,3,0,2,2,0,-1,0,1,0,5,7,1,3,4,0,0,3,-1,1,1,1,4,1
KR_6764546111,440,3,-50,29,7,-1,2,3,5,6,1,2,3,1,1,3,2,0,1,1,-1,-1,70,-5,9,4,-17,0,0,0,0,0,-1,0,1
KR_6729171187,420,-4,-38,16,-9,0,3,3,-4,3,7,0,1,1,-3,4,7,-2,0,2,1,-7,-12,2,2,4,3,0,0,-1,1,-1,1,2,1
KR_6322084241,420,6,108,-8,13,4,5,1,-3,1,4,3,3,0,7,8,1,2,3,1,0,9,-12,0,3,3,-1,0,2,1,1,1,1,1,1
KR_6759169387,420,4,22,32,11,5,6,1,4,4,0,0,3,3,1,3,2,1,1,0,0,7,8,-4,6,2,3,0,-1,1,1,-1,1,1,1
KR_6584462572,440,10,107,50,36,0,2,2,5,6,1,1,2,1,26,28,2,4,4,0,2,30,9,1,1,2,1,0,5,1,1,1,1,4,1
KR_6676758623,420,6,63,36,13,3,4,1,5,6,1,4,5,1,1,1,0,0,0,0,0,3,-4,1,2,3,-1,0,0,1,-1,1,1,4,1
KR_6665753117,420,-2,-22,-6,0,-1,0,1,0,2,2,2,5,3,-1,0,1,0,0,0,0,4,-317,-8,11,3,2,0,-1,-1,0,-1,1,4,1
KR_6715695083,420,1,97,12,9,6,6,0,-1,1,2,1,3,2,2,3,1,1,1,0,3,10,5,-1,4,3,2,0,1,1,0,1,1,5,1
KR_6508988806,420,3,-5,41,6,-2,0,2,-1,3,4,6,6,0,1,2,1,2,2,0,0,1,-11,1,3,4,0,0,1,1,1,1,1,4,1
KR_6718399298,420,1,58,3,-2,1,1,0,-2,0,2,-6,0,6,5,6,1,0,2,2,0,0,10,0,3,3,0,0,1,0,0,1,-1,0,1
KR_6761192479,440,1,7,-6,5,1,3,2,2,3,1,3,4,1,-1,1,2,0,0,0,0,2,-5,-8,10,2,0,0,1,-1,1,1,-1,2,1
KR_6718355460,420,0,33,-13,1,-2,0,2,-1,1,2,-1,1,2,5,7,2,0,0,0,2,4,7,4,3,7,0,0,-1,1,-1,1,1,1,1
KR_6658794044,420,3,-22,-10,4,3,3,0,4,4,0,-3,1,4,0,3,3,0,1,1,-2,7,-109,-4,5,1,3,0,1,-1,-1,1,-1,4,1
KR_6764569757,420,3,37,36,2,0,2,2,4,5,1,-2,0,2,-2,2,4,2,4,2,0,-6,4,-2,3,1,0,0,1,-1,1,1,1,2,1
KR_6618197701,420,0,23,-20,2,-2,1,3,3,6,3,2,2,0,1,1,0,-2,4,6,0,-1,12,2,2,4,1,0,2,1,-1,1,-1,3,1
KR_6621093410,440,2,-25,-36,4,4,4,0,0,2,2,-1,1,2,0,4,4,1,2,1,0,4,6,1,2,3,-1,0,-1,-1,-1,-1,1,6,1
KR_6553014442,420,4,57,27,10,2,3,1,5,7,2,1,6,5,-2,3,5,4,4,0,0,7,2,-3,4,1,1,0,2,1,1,1,1,3,1
KR_6740250335,420,-1,-31,-22,-1,2,2,0,-3,0,3,7,7,0,-6,0,6,-1,1,2,0,-5,7,4,0,4,2,0,-1,1,-1,-1,1,3,1
KR_6762286921,420,-4,-13,-47,-11,-3,2,5,-4,3,7,1,5,4,-4,1,5,-1,0,1,-3,-9,6,-4,7,3,3,0,-2,-1,1,-1,-1,4,1
KR_6755163218,420,3,141,16,1,-2,1,3,-1,2,3,1,4,3,3,5,2,0,0,0,0,-3,41,-1,3,2,-29,0,3,-1,0,1,1,4,1
KR_6444311138,420,1,57,-24,3,1,1,0,-2,2,4,4,5,1,1,2,1,-1,1,2,0,1,13,1,2,3,-2,0,0,-1,-1,0,1,4,1
KR_6737124767,420,5,110,-4,14,3,4,1,0,0,0,7,8,1,3,4,1,1,2,1,0,14,236,1,4,5,1,0,0,1,0,1,1,3,1
KR_6747327436,440,3,52,15,7,-1,2,3,2,3,1,1,1,0,5,8,3,0,0,0,0,4,-7,-1,1,0,0,0,0,0,0,1,-1,0,1
KR_6752177169,420,10,124,35,10,1,3,2,3,4,1,2,2,0,1,1,0,3,4,1,0,6,9,0,0,0,0,0,2,0,0,1,1,0,1
KR_6660832793,420,1,16,28,6,-1,0,1,2,3,1,1,3,2,3,5,2,1,1,0,0,9,-15,-2,3,1,-1,0,0,1,-1,-1,-1,1,1
KR_6718736273,420,7,161,65,7,-2,1,3,7,7,0,1,2,1,2,2,0,-1,0,1,0,8,12,3,4,7,3,0,4,0,1,1,1,0,1
KR_6096772055,420,2,17,36,1,2,4,2,-1,0,1,-3,1,4,2,5,3,1,2,1,0,-6,-1,-2,4,2,1,0,1,1,1,1,-1,3,1
KR_6749016312,440,-1,-6,1,3,-1,0,1,-1,0,1,4,5,1,0,1,1,1,1,0,0,4,-1,0,3,3,-2,0,0,0,0,0,1,0,1
KR_6586151383,420,1,82,-5,2,2,3,1,-8,1,9,8,9,1,1,2,1,-1,1,2,0,-5,42,6,0,6,-25,0,2,-1,1,1,1,1,1
KR_6689849117,440,3,18,-4,9,0,2,2,7,7,0,2,3,1,-2,4,6,2,2,0,0,2,-2,-2,6,4,3,0,0,1,1,0,-1,2,1
KR_5820379169,420,-1,-22,4,3,-2,1,3,-1,2,3,5,6,1,1,2,1,0,0,0,0,-7,4,-1,6,5,0,0,1,1,0,1,1,1,1
KR_6752212102,420,2,-82,8,-2,4,4,0,1,4,3,-8,3,11,-2,2,4,3,3,0,1,0,6,1,3,4,0,0,2,-1,1,1,1,1,1
KR_6762343459,420,2,-8,0,5,3,5,2,2,3,1,1,3,2,0,3,3,-1,2,3,0,7,1,2,3,5,0,0,1,-1,1,1,-1,3,1
KR_6618932324,420,1,-92,24,2,-4,1,5,5,5,0,0,3,3,0,0,0,1,1,0,0,5,3,1,1,2,0,0,1,1,1,1,1,3,1
KR_6683428899,440,3,71,4,8,0,2,2,0,1,1,5,7,2,3,3,0,0,0,0,0,10,3,-1,3,2,2,0,1,1,-1,1,1,5,1
KR_6602393585,420,4,79,13,10,0,2,2,2,4,2,8,9,1,1,4,3,-1,3,4,0,4,105,0,4,4,4,0,1,1,-1,1,1,6,1
KR_6748766654,420,1,85,-7,2,6,6,0,0,4,4,-1,2,3,-3,3,6,0,0,0,0,-2,-1,1,0,1,0,0,0,-1,-1,1,1,5,1
KR_6709233034,420,3,-58,-30,5,-1,1,2,0,2,2,2,2,0,2,3,1,2,2,0,0,7,-31,-4,6,2,24,0,1,1,-1,-1,1,4,1
KR_6756693120,420,-3,-8,0,-5,0,3,3,-1,3,4,1,4,3,-2,3,5,-3,1,4,1,-3,134,0,4,4,-3,0,-1,-1,1,-1,1,6,1
KR_6729698759,440,3,69,25,7,1,8,7,0,4,4,3,6,3,-4,0,4,7,9,2,1,0,4,7,0,7,-3,0,3,1,1,1,-1,3,1
KR_6730936192,420,4,22,40,2,-1,0,1,-3,1,4,2,4,2,4,6,2,0,2,2,-1,0,17,-1,6,5,-2,0,1,-1,1,1,-1,3,1
KR_6623824178,420,3,34,-28,12,3,3,0,1,3,2,1,2,1,7,10,3,0,1,1,1,9,8,1,6,7,1,0,1,-1,-1,1,1,4,1
KR_6741838254,420,1,5,-14,9,2,3,1,5,7,2,3,4,1,-1,2,3,0,1,1,0,3,17,1,6,7,-2,0,0,1,0,0,1,3,1
KR_6617673775,420,3,42,8,6,1,3,2,-2,1,3,1,1,0,5,6,1,1,1,0,1,2,-1,-1,4,3,2,0,1,-1,0,1,1,3,1
KR_6641372151,420,2,63,-1,9,1,3,2,-1,1,2,5,5,0,1,4,3,3,4,1,0,2,-15,-3,6,3,2,0,0,1,0,0,1,2,1
KR_6712347981,420,-1,-13,-4,0,-1,3,4,4,7,3,-3,1,4,2,2,0,-2,0,2,0,5,-55,0,3,3,23,0,1,-1,-1,1,-1,6,1
KR_6740151294,420,4,5,13,9,1,1,0,3,5,2,-3,0,3,1,2,1,7,8,1,0,4,-5,-3,4,1,3,0,3,-1,1,1,1,5,1
KR_6757917466,420,0,-44,48,6,0,2,2,5,5,0,2,3,1,-1,1,2,0,0,0,0,11,1,2,3,5,-1,0,0,1,1,0,1,2,1
KR_6512026913,420,1,15,-28,3,5,8,3,1,2,1,-1,2,3,3,3,0,-5,0,5,0,1,-158,4,1,5,-4,0,2,-1,1,1,1,5,1
KR_6617762384,420,1,55,11,7,1,5,4,-4,2,6,6,6,0,5,6,1,-1,1,2,-1,4,2,1,2,3,4,0,1,1,1,1,-1,2,1
KR_6613657729,420,0,-25,-4,5,0,1,1,4,4,0,1,2,1,0,2,2,0,1,1,1,7,3,1,4,5,2,0,0,1,0,0,1,5,1
KR_6639659206,420,0,-2,-14,1,2,2,0,-1,2,3,3,4,1,-3,1,4,0,0,0,0,3,-7,-4,5,1,-3,0,1,1,-1,1,-1,1,1
KR_6762170547,420,-1,37,-32,-7,-9,0,9,-3,1,4,2,4,2,3,3,0,0,2,2,0,0,-7,0,2,2,-1,0,-1,1,-1,-1,-1,4,1
KR_6668534425,420,4,121,4,6,3,5,2,-5,1,6,3,5,2,6,7,1,-1,1,2,0,1,-97,0,3,3,2,0,2,-1,1,1,1,1,1
KR_6612158565,420,2,-5,14,10,0,1,1,-1,3,4,3,3,0,6,7,1,2,4,2,0,13,1,3,0,3,-2,0,0,1,1,0,1,4,1
KR_6756323221,420,-1,-56,0,-1,3,3,0,3,4,1,-3,0,3,-3,3,6,-1,1,2,1,-5,5,2,0,2,-2,0,0,0,-1,0,1,0,1
KR_6756946856,420,-1,92,-11,-7,0,3,3,-4,0,4,-2,2,4,0,5,5,-1,1,2,-1,-9,51,-3,5,2,-22,0,1,-1,1,1,1,1,1
KR_6755861437,440,4,76,-1,12,6,7,1,-4,1,5,6,6,0,4,4,0,0,1,1,0,4,-1,2,2,4,0,0,1,1,1,1,1,1,1
KR_6160214078,420,5,114,15,12,9,9,0,-4,3,7,3,3,0,3,6,3,1,1,0,1,10,-2,-3,5,2,4,0,3,1,1,1,1,3,1
KR_5938002643,420,3,30,14,7,-2,0,2,0,4,4,5,6,1,2,2,0,2,3,1,0,15,32,3,2,5,2,0,1,1,-1,1,-1,5,1
KR_6720405866,420,1,-2,-4,2,0,2,2,1,4,3,-3,1,4,-1,4,5,5,5,0,1,6,-50,0,5,5,14,0,0,1,-1,0,1,5,1
KR_6401275904,440,8,122,6,21,3,5,2,6,7,1,6,7,1,4,6,2,2,2,0,0,15,222,1,0,1,0,0,2,1,-1,1,-1,1,1
KR_6713600684,420,1,-9,1,5,4,5,1,1,2,1,5,5,0,-7,1,8,2,2,0,0,3,17,3,2,5,0,0,1,1,1,1,-1,5,1
KR_6584536646,440,7,84,44,9,4,6,2,1,2,1,3,4,1,1,4,3,0,0,0,0,-2,39,1,3,4,-3,0,1,1,1,1,1,5,1
KR_6677370619,420,-1,2,3,2,-5,2,7,5,10,5,2,3,1,0,2,2,0,0,0,0,4,15,2,2,4,-2,0,0,1,1,1,1,1,1
KR_6764419630,420,3,-26,40,11,0,0,0,0,2,2,1,3,2,6,6,0,4,5,1,1,16,3,1,0,1,2,0,0,1,1,1,1,3,1
KR_6670543374,420,2,70,35,6,5,6,1,1,2,1,0,2,2,-2,2,4,2,2,0,-1,-1,-1,-4,8,4,1,0,1,1,-1,1,-1,4,1
KR_6750918187,420,3,26,5,6,4,5,1,4,4,0,-1,0,1,-1,0,1,0,0,0,0,4,8,5,0,5,-3,0,1,1,-1,1,1,2,1
KR_6679856211,420,4,-6,-8,12,3,3,0,2,4,2,5,5,0,0,2,2,2,3,1,1,9,-4,2,4,6,0,0,2,1,1,1,1,4,1
KR_6625380342,440,-1,-12,-26,-2,-2,1,3,-1,2,3,5,6,1,-5,1,6,1,1,0,0,-7,-4,0,3,3,1,0,-1,1,-1,-1,1,6,1
KR_6386215035,420,2,-18,3,8,2,4,2,2,3,1,5,6,1,-3,2,5,2,4,2,0,3,-48,1,4,5,11,0,1,-1,1,1,1,6,1
KR_6415958707,420,3,33,14,9,0,2,2,2,6,4,2,7,5,4,8,4,1,2,1,2,6,3,2,1,3,3,0,1,1,1,1,1,5,1
KR_6729137822,440,1,68,0,4,-3,1,4,4,4,0,0,3,3,3,3,0,0,1,1,2,8,-5,2,2,4,2,0,0,1,0,0,1,3,1
KR_6724593514,420,-2,-5,-12,-3,2,5,3,0,2,2,-3,2,5,1,3,2,-3,0,3,0,-11,7,0,7,7,-2,0,2,-1,1,1,1,3,1
KR_6726363440,420,-1,-30,3,0,0,3,3,-3,1,4,8,8,0,-3,2,5,-2,2,4,-1,0,352,-3,4,1,3,0,1,1,1,1,-1,2,1
KR_6672684695,440,2,39,-9,5,-6,0,6,3,4,1,2,6,4,5,5,0,1,2,1,-1,4,13,5,1,6,-4,0,1,1,0,1,-1,3,1
KR_6715302508,440,1,-1,8,13,1,3,2,9,12,3,1,3,2,3,4,1,-1,1,2,-1,15,-12,5,1,6,2,0,1,1,0,-1,-1,1,1
KR_5540542370,440,0,19,28,-5,-3,0,3,2,4,2,-4,1,5,0,3,3,0,1,1,1,-3,1,-3,4,1,-2,0,0,1,-1,-1,1,4,1
KR_6664988842,420,8,104,29,20,8,8,0,5,7,2,6,7,1,0,2,2,1,1,0,1,11,89,3,1,4,-2,0,3,1,1,1,-1,5,1
KR_6701373893,420,4,77,-3,8,1,5,4,2,3,1,3,3,0,1,2,1,1,1,0,0,8,0,-2,8,6,8,0,1,0,0,1,-1,0,1
KR_6703697227,420,4,-1,16,12,1,2,1,12,14,2,3,3,0,-2,2,4,-2,1,3,0,13,-13,4,3,7,17,0,0,1,1,-1,1,6,1
KR_6764363193,420,-1,-34,33,-8,-1,1,2,-9,1,10,2,4,2,0,2,2,0,1,1,-1,-4,-12,-2,4,2,0,0,1,0,1,1,-1,0,1
KR_6637375674,420,1,-34,-19,4,-4,2,6,4,4,0,-1,2,3,4,5,1,1,2,1,0,7,-34,0,3,3,20,0,-3,1,-1,-1,-1,3,1
KR_6733875701,420,-2,-1,-8,-1,-1,0,1,3,3,0,-3,3,6,-1,1,2,1,2,1,0,-4,184,-3,6,3,1,0,-1,-1,0,-1,-1,6,1
KR_6764124867,420,1,-47,24,6,-3,0,3,1,3,2,3,4,1,4,6,2,1,3,2,0,6,20,3,1,4,0,0,-1,-1,-1,-1,1,3,1
KR_6591130036,420,3,-16,-28,7,-1,2,3,2,3,1,2,2,0,4,5,1,0,0,0,1,14,-7,-2,4,2,3,0,-1,-1,1,-1,1,5,1
KR_6595936225,420,6,150,11,9,5,6,1,2,3,1,-4,2,6,2,6,4,4,5,1,2,6,3,-3,10,7,4,0,1,0,1,1,1,0,1
KR_6734713026,420,4,66,72,14,-2,1,3,5,6,1,0,2,2,9,10,1,2,2,0,0,11,44,4,1,5,-20,0,0,1,1,0,1,1,1
KR_6708253264,420,3,54,28,2,1,1,0,0,2,2,1,3,2,0,4,4,0,2,2,0,6,23,-3,4,1,-4,0,-1,-1,-1,-1,-1,6,1
KR_6696933451,420,1,22,12,4,-5,0,5,3,4,1,3,5,2,-1,2,3,4,7,3,1,6,-28,-5,5,0,2,0,1,1,1,1,1,5,1
KR_6636157518,420,3,70,4,6,4,5,1,2,2,0,0,1,1,0,0,0,0,0,0,0,4,-167,1,2,3,1,0,0,-1,1,0,1,6,1
KR_6112271965,420,2,9,-3,5,-1,2,3,4,6,2,2,3,1,-1,3,4,1,5,4,0,2,-4,-1,5,4,6,0,0,-1,0,-1,-1,4,1
KR_6751214384,420,-3,6,2,-9,-3,0,3,-2,2,4,0,2,2,-2,3,5,-2,0,2,0,-3,275,2,2,4,-4,0,1,-1,-1,-1,1,6,1
KR_6728458900,420,6,72,8,11,9,10,1,-3,1,4,6,9,3,1,5,4,-2,0,2,-4,-8,2,3,3,6,2,0,1,-1,1,1,-1,2,1
KR_6639793796,420,2,49,-2,-1,2,4,2,-4,1,5,3,3,0,-2,3,5,0,2,2,-1,-7,11,-6,8,2,3,0,1,-1,1,1,-1,3,1
KR_6757885009,420,4,-45,-16,14,5,5,0,0,4,4,4,4,0,3,4,1,2,4,2,0,13,-13,-6,8,2,-2,0,0,1,1,0,1,5,1
KR_6640000107,420,3,40,12,8,0,1,1,0,3,3,1,3,2,5,7,2,2,2,0,1,5,-1,0,6,6,3,0,0,1,-1,0,1,4,1
KR_6590452318,420,-2,26,-40,-7,2,2,0,-5,1,6,-2,0,2,-2,2,4,0,0,0,0,-8,-3,-2,4,2,1,0,0,1,-1,0,-1,4,1
KR_6760992815,420,-2,-3,27,-7,-4,1,5,-2,1,3,0,0,0,0,2,2,-1,0,1,0,-6,1,-5,5,0,-6,0,-1,-1,0,-1,-1,5,1
KR_6476480443,420,1,39,-7,3,2,3,1,4,4,0,-1,2,3,3,6,3,-5,0,5,0,-4,2,3,3,6,2,0,0,-1,1,0,1,1,1
KR_6687911979,420,7,105,11,19,11,11,0,3,4,1,1,3,2,5,6,1,-1,1,2,1,10,2,0,3,3,2,0,4,-1,1,1,1,3,1
KR_6617473490,420,2,-54,28,7,0,0,0,1,1,0,4,6,2,-1,5,6,3,4,1,-1,7,-282,1,2,3,30,0,1,0,1,1,-1,0,1
KR_6748414082,420,-1,-39,-29,3,5,5,0,-3,0,3,-1,2,3,0,6,6,2,3,1,-1,-2,5,0,1,1,-3,0,0,0,0,-1,-1,0,1
KR_6757781082,420,2,45,6,5,-2,0,2,4,4,0,3,5,2,-1,1,2,1,2,1,0,4,-2,-1,4,3,4,0,1,1,1,1,1,2,1
KR_6746557833,440,4,101,12,4,1,3,2,1,5,4,-2,3,5,5,9,4,-1,0,1,0,-2,3,1,2,3,1,0,1,1,0,1,1,6,1
KR_6616128053,420,2,34,-7,7,1,1,0,3,4,1,0,4,4,0,1,1,3,3,0,0,8,-7,0,2,2,3,0,1,1,1,1,1,3,1
KR_6758222136,420,0,119,-4,4,2,3,1,-2,0,2,-2,4,6,5,6,1,1,1,0,0,-5,40,4,0,4,-1,0,2,1,1,1,1,2,1
KR_6754446965,420,2,55,4,2,1,1,0,-1,0,1,1,1,0,1,3,2,0,1,1,0,4,-6,0,2,2,4,0,0,1,0,0,1,6,1
KR_6604447495,420,0,45,0,7,0,2,2,4,4,0,0,2,2,6,7,1,-3,0,3,0,9,-19,-4,8,4,4,0,0,0,1,0,1,0,1
KR_6729316135,420,1,36,-5,4,-1,0,1,5,6,1,3,4,1,-4,1,5,1,1,0,-1,1,256,-1,3,2,-1,0,0,0,1,-1,-1,0,1
KR_6690837785,440,-1,-32,-16,1,3,3,0,0,2,2,3,7,4,-3,1,4,-2,1,3,0,8,-3,1,2,3,-3,0,-1,-1,-1,-1,-1,2,1
KR_6633495606,420,3,4,-16,11,1,4,3,1,3,2,-1,4,5,0,2,2,10,10,0,0,8,77,2,2,4,2,0,4,-1,1,1,-1,6,1
KR_6742840772,420,7,119,14,12,6,6,0,1,2,1,2,5,3,4,4,0,-1,1,2,0,9,2,1,2,3,3,0,3,0,-1,1,-1,0,1
KR_6659889045,420,1,52,-24,2,-1,2,3,-2,1,3,-2,0,2,4,5,1,3,5,2,0,-2,-13,-5,8,3,4,0,1,-1,1,1,1,3,1
KR_6735669385,420,1,47,16,5,2,3,1,0,2,2,5,7,2,0,3,3,-2,2,4,0,-1,1,1,1,2,-2,0,1,0,1,1,1,0,1
KR_6615270538,420,2,-3,28,8,1,1,0,5,8,3,4,6,2,1,3,2,-3,0,3,0,1,2,1,2,3,1,0,0,0,0,1,-1,0,1
KR_6643092117,420,-1,7,-23,-1,2,2,0,-1,4,5,3,3,0,-3,2,5,-2,2,4,0,-8,-360,-2,3,1,-4,0,-1,-1,0,-1,-1,1,1
KR_6758276175,420,1,50,-8,3,3,3,0,-1,3,4,0,1,1,0,1,1,1,2,1,0,5,-7,2,0,2,-2,0,1,1,1,-1,1,3,1
KR_6629506079,420,3,14,12,3,1,3,2,0,3,3,6,8,2,-2,5,7,-2,2,4,-1,-6,-1,3,2,5,0,0,1,1,1,1,-1,5,1
KR_6694827482,440,9,152,52,24,1,1,0,9,9,0,1,4,3,6,10,4,7,7,0,0,26,247,3,0,3,-1,0,2,1,1,1,1,2,1
KR_6764100930,420,1,62,-44,-8,4,5,1,-6,1,7,2,2,0,-1,1,2,-7,1,8,0,-9,51,-4,6,2,-11,0,0,-1,1,1,-1,1,1
KR_6739111500,420,1,76,15,3,1,4,3,1,2,1,0,1,1,1,3,2,0,0,0,1,-5,-7,0,4,4,3,0,0,1,-1,0,1,1,1
KR_6609236724,420,2,10,-8,-1,0,1,1,0,3,3,2,4,2,-1,2,3,-2,1,3,-1,-7,-187,2,3,5,-1,0,0,1,-1,0,-1,2,1
KR_6113295076,420,-3,3,-58,-13,-3,1,4,-2,4,6,-1,2,3,-1,4,5,-6,0,6,0,-10,2,-6,8,2,4,0,-2,-1,-1,-1,-1,5,1
KR_6741139971,420,3,42,0,8,4,4,0,2,5,3,0,0,0,2,4,2,0,0,0,1,5,41,4,1,5,0,0,1,-1,1,1,1,2,1
KR_6629827691,420,1,68,48,0,3,3,0,-2,1,3,2,4,2,0,1,1,-3,1,4,0,-7,2,2,2,4,1,0,1,1,1,1,1,3,1
KR_6725905239,420,-1,32,-5,-2,2,2,0,-4,1,5,1,4,3,0,4,4,-1,2,3,-1,-2,5,-2,3,1,2,0,-1,-1,-1,-1,-1,5,1
KR_6747878655,440,1,6,18,-3,-1,0,1,0,3,3,-1,1,2,-2,1,3,1,4,3,0,-3,0,-1,5,4,1,0,0,-1,1,0,-1,1,1
KR_6738636008,420,3,100,-29,7,12,14,2,-2,4,6,-2,1,3,0,3,3,-1,1,2,1,-8,3,4,2,6,4,0,3,1,-1,1,1,4,1
KR_6762348865,420,-1,54,28,-1,-6,0,6,-2,0,2,2,3,1,3,3,0,2,4,2,0,-3,-3,4,0,4,0,0,1,0,1,1,1,0,1
KR_6699462879,440,2,-27,4,7,3,5,2,0,1,1,0,6,6,3,3,0,1,2,1,0,3,13,-1,3,2,2,0,1,0,1,1,-1,0,1
KR_6761638939,420,1,41,-1,9,-3,1,4,0,2,2,2,5,3,8,9,1,2,4,2,0,18,4,3,1,4,0,0,1,-1,1,1,1,3,1
KR_6612674215,420,0,-9,-12,-2,-2,2,4,3,4,1,-4,1,5,1,1,0,0,0,0,0,0,318,0,2,2,0,0,1,1,1,1,-1,5,1
KR_6691057869,440,0,77,-9,-3,1,3,2,1,5,4,-1,0,1,-3,1,4,-1,0,1,0,-5,-10,-6,6,0,0,0,1,1,-1,1,1,4,1
KR_6757548183,420,2,36,-4,2,1,1,0,-1,2,3,-1,6,7,0,6,6,3,3,0,0,3,21,-1,7,6,-5,0,1,-1,1,1,-1,2,1
KR_6620411758,420,4,-17,36,3,0,2,2,2,4,2,-4,1,5,3,6,3,2,3,1,0,-4,7,5,1,6,-2,0,0,1,1,1,1,2,1
KR_6704007998,440,9,66,32,11,6,6,0,4,7,3,0,2,2,2,4,2,-1,1,2,0,4,6,2,0,2,-1,0,1,1,1,1,-1,4,1
KR_6609628808,420,3,7,11,10,-2,0,2,5,7,2,0,2,2,6,9,3,1,1,0,0,11,10,2,3,5,0,0,1,1,-1,1,-1,5,1
KR_6760607561,420,4,49,26,18,2,5,3,9,9,0,8,8,0,-2,1,3,1,1,0,0,14,269,0,4,4,3,0,1,1,1,1,-1,1,1
KR_6764112139,420,4,29,-12,14,0,2,2,4,5,1,1,3,2,5,7,2,4,4,0,0,11,12,2,1,3,3,0,1,1,1,1,1,3,1
KR_6735717938,420,3,32,21,5,2,2,0,-1,0,1,0,1,1,0,4,4,4,4,0,0,0,-9,-5,6,1,2,0,1,1,-1,1,1,6,1
KR_6761784455,420,0,0,-7,6,2,3,1,1,2,1,0,1,1,3,6,3,0,1,1,0,4,-189,-2,5,3,4,0,0,-1,1,1,1,5,1
KR_6571297790,420,0,21,-16,2,1,1,0,0,1,1,1,4,3,0,0,0,0,0,0,0,0,11,1,5,6,-2,0,-1,-1,0,-1,1,5,1
KR_6744756177,440,-1,-63,-3,-1,-2,1,3,0,2,2,0,2,2,2,3,1,-1,0,1,0,2,117,-5,5,0,-1,0,-1,1,0,-1,-1,5,1
KR_6729361898,420,4,127,-34,10,1,3,2,1,3,2,4,7,3,5,8,3,-1,0,1,0,8,9,0,4,4,5,0,1,1,0,1,1,6,1
KR_6739238378,420,4,97,16,9,1,2,1,1,3,2,2,3,1,1,4,3,4,6,2,0,7,-11,-1,5,4,1,0,1,1,0,1,-1,5,1
KR_6547553917,440,2,-24,12,2,0,2,2,2,4,2,0,0,0,1,1,0,-1,1,2,1,4,21,1,7,8,-3,0,0,1,0,0,1,5,1
KR_6718674281,420,3,65,32,3,3,3,0,-1,0,1,-8,0,8,8,8,0,1,1,0,-1,3,-12,6,4,10,1,0,0,1,1,1,-1,2,1
KR_6764143836,420,1,-1,40,2,-3,0,3,1,2,1,1,2,1,0,2,2,3,3,0,1,5,2,-3,4,1,4,0,0,1,0,0,1,5,1
KR_6723691496,420,-1,47,11,0,-4,1,5,2,2,0,1,4,3,3,6,3,-2,0,2,0,4,-131,-3,5,2,4,0,1,1,1,-1,-1,2,1
KR_6758461972,420,5,38,16,6,0,1,1,-1,1,2,0,4,4,3,3,0,4,4,0,0,11,3,3,1,4,0,0,2,-1,1,1,1,5,1
KR_6761109565,420,2,52,-12,0,4,4,0,0,1,1,-5,0,5,0,1,1,1,2,1,1,-3,-6,1,1,2,3,0,0,-1,1,-1,1,2,1
KR_6750746801,440,2,39,33,10,-1,1,2,1,3,2,3,3,0,7,7,0,0,0,0,0,10,33,6,3,9,1,0,2,1,1,1,1,2,1
KR_6732041302,420,2,-32,12,7,-3,2,5,1,6,5,7,8,1,1,4,3,1,2,1,-1,8,110,-1,6,5,5,0,1,1,1,1,-1,5,1
KR_6757332946,420,4,52,-2,9,4,4,0,2,2,0,1,2,1,1,3,2,1,1,0,0,12,21,1,3,4,-2,0,1,1,1,1,1,2,1
KR_6756002682,420,0,49,-20,-7,2,2,0,-1,1,2,-1,3,4,-1,2,3,-6,5,11,-2,-8,353,-1,1,0,-7,0,1,0,0,1,-1,0,1
KR_6331481443,420,-1,-52,-8,2,3,4,1,0,1,1,-2,2,4,0,5,5,1,1,0,0,-5,-49,0,6,6,29,0,-1,1,-1,-1,1,4,1
KR_6653260398,420,3,39,33,3,-2,2,4,0,3,3,-3,1,4,1,1,0,7,8,1,0,5,32,-4,6,2,-28,0,3,1,-1,1,1,1,1
KR_6752758424,420,-2,68,0,9,6,7,1,2,5,3,0,1,1,0,4,4,1,3,2,2,1,-1,-3,5,2,-4,0,2,1,0,1,1,1,1
KR_6097803316,420,0,8,4,1,2,3,1,-3,2,5,2,5,3,1,1,0,-1,0,1,0,-1,1,-2,3,1,1,0,1,-1,1,1,1,5,1
KR_6726204938,420,-1,-49,-12,3,-3,0,3,1,2,1,2,3,1,3,7,4,0,1,1,0,8,-5,0,2,2,0,0,0,1,-1,-1,1,4,1
KR_6636671610,420,5,44,9,12,5,6,1,2,4,2,1,2,1,5,5,0,-1,0,1,1,6,-6,2,2,4,3,0,0,1,0,0,1,2,1
KR_6756232262,440,4,43,9,5,-1,0,1,-2,3,5,-3,0,3,6,7,1,5,5,0,0,6,-5,-5,7,2,8,0,0,0,1,-1,-1,0,1
KR_6749799055,440,4,124,16,9,6,6,0,2,3,1,-3,1,4,4,4,0,0,5,5,0,6,181,3,0,3,4,0,2,1,1,1,-1,5,1
KR_6740431334,440,1,21,27,0,0,3,3,0,2,2,-1,1,2,2,2,0,-1,0,1,0,0,-3,-3,4,1,-1,0,1,-1,1,1,1,5,1
KR_6622284394,420,1,35,13,-3,2,3,1,0,2,2,-2,0,2,-1,2,3,-2,2,4,1,-4,8,2,1,3,1,0,1,0,-1,1,1,0,1
KR_6529332317,420,8,153,16,18,7,7,0,1,3,2,2,3,1,7,7,0,1,1,0,0,15,-7,1,3,4,2,0,3,1,0,1,1,4,1
KR_6754850729,420,0,16,24,0,0,0,0,1,2,1,1,2,1,1,1,0,-3,0,3,1,3,-2,2,3,5,-1,0,1,0,0,1,1,0,1
KR_6621610364,420,2,43,-2,6,-3,1,4,2,4,2,4,5,1,3,6,3,0,1,1,-1,-4,0,-2,3,1,5,0,-1,-1,1,1,-1,2,1
KR_6714210663,420,3,52,44,4,0,1,1,1,2,1,1,1,0,-1,2,3,3,3,0,-1,5,295,0,3,3,-1,0,-1,1,1,1,-1,4,1
KR_6764107779,420,4,61,-31,12,5,9,4,3,3,0,3,4,1,0,1,1,1,1,0,0,7,-29,1,3,4,0,0,1,1,-1,1,-1,2,1
KR_6757782287,420,3,9,57,16,1,3,2,8,8,0,5,5,0,5,7,2,-3,3,6,1,16,-7,1,1,2,2,0,1,0,1,1,1,0,1
KR_6746990413,420,7,-26,20,5,-1,0,1,3,3,0,1,1,0,-1,3,4,3,3,0,0,15,22,5,0,5,-2,0,1,0,0,1,-1,0,1
KR_6725514426,420,-1,13,-4,4,1,5,4,-3,0,3,2,5,3,1,1,0,3,4,1,0,1,5,-2,3,1,0,0,0,1,-1,1,1,6,1
KR_6693644036,440,1,62,20,-2,0,1,1,3,7,4,1,2,1,-3,0,3,-3,0,3,0,-2,-44,-3,5,2,1,0,0,-1,1,1,1,6,1
KR_6728082603,440,5,106,0,2,3,3,0,-6,0,6,2,4,2,5,5,0,-2,0,2,0,-3,-3,3,0,3,0,0,1,0,1,1,1,0,1
KR_6720345747,420,-1,-75,19,-5,-2,0,2,2,3,1,-8,0,8,4,5,1,-1,0,1,0,0,-131,3,1,4,-4,0,-1,1,-1,-1,-1,4,1
KR_6709169842,420,2,33,56,1,3,3,0,0,3,3,0,3,3,-2,0,2,0,3,3,-1,-2,-59,0,4,4,2,0,0,-1,-1,0,-1,2,1
KR_6753597928,440,-2,42,-32,-3,2,2,0,1,1,0,-1,0,1,-4,0,4,-1,1,2,0,-4,-189,-3,6,3,1,0,1,-1,-1,1,1,3,1
KR_6630362327,420,1,13,4,2,0,0,0,2,6,4,0,3,3,-2,2,4,2,2,0,0,11,147,0,3,3,0,0,0,1,-1,0,1,2,1
KR_6674732793,420,3,83,-6,4,0,0,0,5,7,2,-1,3,4,1,3,2,-1,0,1,0,6,11,0,2,2,-1,0,2,0,0,1,1,0,1
KR_6750185339,420,4,77,20,6,0,0,0,2,6,4,-2,1,3,2,2,0,4,4,0,0,7,18,5,2,7,0,0,3,-1,1,1,1,5,1
KR_6760499151,420,2,67,48,2,-1,1,2,1,2,1,0,1,1,5,5,0,-3,0,3,0,5,-315,-1,3,2,-1,0,0,1,-1,1,-1,1,1
KR_6655856302,420,6,55,28,11,3,4,1,3,3,0,2,3,1,2,3,1,1,2,1,0,7,10,0,4,4,0,0,1,-1,1,1,1,6,1
KR_6675311963,420,-2,-33,45,-6,-1,0,1,1,1,0,2,3,1,-5,0,5,-3,0,3,0,-7,-34,1,1,2,2,0,0,-1,-1,0,1,5,1
KR_6617931333,420,2,81,-32,10,-1,1,2,6,6,0,6,6,0,-1,1,2,0,1,1,0,5,-16,2,1,3,-2,0,0,-1,1,1,1,1,1
KR_6605998359,420,2,85,-11,7,0,2,2,1,6,5,-4,1,5,7,7,0,3,3,0,-1,4,5,2,4,6,7,0,1,0,-1,1,-1,0,1
KR_6682227023,420,0,-47,11,1,0,0,0,2,3,1,2,2,0,-3,2,5,0,1,1,0,2,-2,4,1,5,-1,0,0,-1,0,0,1,1,1
KR_6749913326,420,2,27,19,1,1,1,0,0,1,1,0,1,1,-1,1,2,1,1,0,0,-1,9,2,2,4,0,0,0,1,0,0,1,6,1
KR_6621725295,420,0,44,4,0,-1,1,2,3,8,5,0,2,2,0,3,3,-2,0,2,1,0,14,1,2,3,-2,0,0,-1,-1,0,1,5,1
KR_6729304056,420,5,53,30,8,-2,1,3,1,3,2,6,7,1,2,2,0,1,2,1,0,4,7,3,2,5,-1,0,2,1,1,1,-1,4,1
KR_6700974650,420,4,96,24,9,0,0,0,2,3,1,4,4,0,4,4,0,-1,0,1,1,6,-2,-4,5,1,3,0,2,1,0,1,1,3,1
KR_6545419540,440,2,15,-8,10,6,7,1,2,2,0,7,7,0,-5,1,6,0,1,1,1,5,7,4,2,6,0,0,4,-1,-1,1,1,1,1
KR_6690013456,420,5,31,52,4,-1,1,2,4,4,0,-1,4,5,2,3,1,0,0,0,0,3,14,-2,6,4,2,0,0,1,1,0,-1,1,1
KR_6726780127,420,-2,-26,12,0,1,2,1,-2,3,5,1,2,1,5,5,0,-5,1,6,0,2,-4,-2,4,2,4,0,0,-1,1,0,-1,4,1
KR_6754269078,440,-1,1,27,-2,-2,2,4,-5,4,9,1,6,5,4,5,1,0,0,0,0,-4,-13,0,5,5,-1,0,0,-1,1,1,1,3,1
KR_6613475471,420,6,77,44,13,1,4,3,3,5,2,5,8,3,1,4,3,3,4,1,-1,1,396,0,1,1,-2,0,2,1,1,1,1,2,1
KR_6648759553,420,5,77,1,3,4,4,0,0,1,1,-2,0,2,1,2,1,0,0,0,0,2,12,1,0,1,1,0,1,1,0,1,-1,4,1
KR_6760350458,440,3,42,14,6,1,3,2,4,4,0,2,3,1,-2,1,3,1,3,2,1,9,4,-1,1,0,-1,0,0,-1,0,0,1,6,1
KR_6757250327,420,3,21,-20,7,-1,0,1,4,7,3,3,6,3,2,5,3,-1,2,3,-1,10,4,5,2,7,-1,0,1,0,1,1,-1,0,1
KR_6658137503,420,1,11,-12,2,0,1,1,1,1,0,1,4,3,1,2,1,-1,0,1,0,3,-8,3,2,5,1,0,0,1,-1,0,-1,2,1
KR_6690530886,420,3,23,-15,7,-3,2,5,0,1,1,-3,1,4,8,8,0,5,5,0,0,13,9,1,2,3,2,0,1,1,0,1,-1,1,1
KR_6752347166,440,5,29,24,6,2,4,2,2,2,0,4,6,2,2,4,2,-4,1,5,0,-3,4,5,0,5,1,0,1,0,1,-1,1,0,1
KR_6673659250,420,7,95,32,16,0,3,3,8,8,0,8,10,2,-1,2,3,1,2,1,2,13,7,-1,2,1,2,0,2,1,1,1,1,2,1
KR_6659676618,420,0,65,8,7,-3,3,6,-2,2,4,2,3,1,6,6,0,4,4,0,1,12,2,0,1,1,-3,0,1,0,0,1,1,0,1
KR_6609395355,420,5,72,4,13,1,2,1,2,4,2,4,6,2,4,4,0,2,2,0,0,12,3,0,2,2,1,0,0,1,1,0,-1,2,1
KR_6659541737,420,-1,-59,44,2,-8,1,9,2,3,1,1,1,0,8,8,0,-1,0,1,-1,12,-4,3,1,4,-2,0,0,-1,1,-1,-1,2,1
KR_6613113284,420,3,28,33,7,-1,1,2,2,4,2,0,1,1,6,6,0,0,0,0,0,8,-1,1,2,3,1,0,0,1,0,1,1,1,1
KR_6652873829,420,2,-31,12,5,2,3,1,2,4,2,1,3,2,1,3,2,-1,0,1,0,4,34,5,1,6,-20,0,0,1,0,0,1,1,1
KR_6683646046,440,-2,-39,-12,-3,-3,0,3,3,3,0,0,3,3,-1,3,4,-2,0,2,0,11,-280,-1,2,1,2,0,0,1,0,0,-1,4,1
KR_6705819419,420,0,29,-12,-2,-1,1,2,-1,0,1,3,3,0,-1,1,2,-2,1,3,0,-3,-2,0,4,4,-6,0,0,-1,-1,0,1,4,1
KR_6655792374,420,1,12,12,0,0,1,1,0,0,0,-5,2,7,3,5,2,2,2,0,0,-4,24,1,2,3,1,0,0,0,1,0,1,0,1
KR_6679322795,420,6,17,109,6,-1,0,1,1,2,1,-1,0,1,7,7,0,0,1,1,-2,4,26,0,3,3,-6,0,5,1,1,1,-1,6,1
KR_6687261651,420,7,120,36,10,1,1,0,4,5,1,5,5,0,1,1,0,-1,1,2,0,3,8,3,3,6,3,0,1,1,1,1,1,3,1
KR_6612250205,420,5,101,20,14,7,10,3,1,2,1,-3,2,5,7,8,1,2,3,1,0,5,23,-1,3,2,0,0,3,1,0,1,1,2,1
KR_6505936806,420,-1,10,9,-8,-3,0,3,-4,1,5,1,3,2,-2,2,4,0,0,0,-1,-13,4,-4,6,2,0,0,0,-1,-1,0,-1,2,1
KR_6348777428,420,-1,-12,2,0,1,3,2,-1,4,5,-2,3,5,6,7,1,-4,1,5,0,8,1,3,3,6,0,0,-1,1,0,-1,-1,6,1
KR_6757759020,420,-1,-86,-11,2,-1,2,3,1,6,5,-1,1,2,1,3,2,2,2,0,0,-1,1,-4,5,1,0,0,1,-1,1,1,1,3,1
KR_6147622789,420,0,35,12,7,4,4,0,-1,2,3,-3,1,4,6,6,0,1,2,1,-1,9,21,0,5,5,2,0,2,1,1,1,-1,2,1
KR_6763710184,420,4,70,24,10,2,2,0,4,4,0,1,3,2,0,1,1,3,3,0,-1,8,1,-3,3,0,0,0,0,1,0,0,1,2,1
KR_6687266337,420,6,64,12,5,2,3,1,2,2,0,-2,1,3,1,4,3,2,2,0,0,8,10,2,2,4,1,0,0,1,1,1,-1,6,1
KR_6733790992,440,-1,-19,15,2,2,3,1,4,5,1,-4,1,5,0,2,2,0,0,0,-1,0,343,1,3,4,3,0,0,1,-1,0,-1,4,1
KR_6673705553,420,0,-35,-16,0,-2,2,4,1,3,2,-1,1,2,-1,1,2,3,5,2,-1,3,7,0,3,3,-1,0,1,1,-1,1,-1,4,1
KR_6530486042,420,6,71,28,15,9,9,0,2,3,1,1,3,2,2,2,0,1,3,2,1,10,182,-1,3,2,0,0,2,1,1,1,1,1,1
KR_6692549258,420,2,-18,-15,7,3,4,1,5,10,5,0,2,2,-1,2,3,0,1,1,0,3,-2,4,3,7,1,0,1,-1,0,1,1,1,1
KR_6759216147,420,1,46,-12,4,0,1,1,5,6,1,-3,3,6,-1,4,5,3,3,0,0,10,1,-1,4,3,2,0,1,1,-1,1,1,4,1
KR_6645488016,440,8,119,36,9,5,8,3,-1,0,1,3,6,3,1,4,3,1,4,3,0,0,-3,-4,5,1,1,0,1,0,-1,1,-1,0,1
KR_6641461790,420,-1,9,16,-3,0,3,3,0,2,2,0,2,2,-5,0,5,2,2,0,0,-8,5,1,0,1,1,0,0,-1,-1,0,1,6,1
KR_6747653653,420,5,74,11,13,1,4,3,4,5,1,6,8,2,0,2,2,2,3,1,-2,16,3,2,0,2,0,0,3,1,-1,1,-1,3,1
KR_6621484565,420,5,54,0,15,0,0,0,11,13,2,4,7,3,1,4,3,-1,0,1,0,15,-244,5,0,5,-2,0,0,1,0,0,1,6,1
KR_6735611241,440,0,83,-8,4,2,2,0,6,8,2,0,2,2,-3,2,5,-1,2,3,0,10,-10,1,1,2,-6,0,1,1,0,1,-1,3,1
KR_6681042861,420,0,-20,16,8,1,1,0,-1,1,2,-1,2,3,6,7,1,3,3,0,0,10,-3,-1,2,1,2,0,0,1,-1,1,1,2,1
KR_5802234588,420,3,12,28,6,2,3,1,3,3,0,0,2,2,1,1,0,0,1,1,0,5,-3,1,3,4,5,0,1,1,1,1,1,4,1
KR_6760914207,420,6,20,107,5,0,2,2,2,3,1,-1,2,3,2,4,2,2,3,1,0,5,-12,-3,5,2,0,0,0,1,1,-1,-1,3,1
KR_6072637944,420,3,16,4,8,1,1,0,4,5,1,1,2,1,1,4,3,1,1,0,0,7,-129,-1,3,2,-1,0,0,1,1,1,-1,3,1
KR_6724998453,420,2,-2,10,7,5,5,0,1,2,1,0,3,3,1,4,3,0,0,0,0,11,-40,-3,8,5,20,0,2,1,1,1,1,5,1
KR_6643241669,420,-4,24,-4,-2,4,4,0,-5,1,6,-3,0,3,2,2,0,0,2,2,0,2,6,5,2,7,-1,0,0,1,1,0,-1,6,1
KR_6723957362,420,0,-29,23,7,0,2,2,0,2,2,-2,1,3,7,8,1,2,2,0,0,13,-6,0,6,6,2,0,0,1,1,1,-1,3,1
KR_6761453627,420,4,63,48,11,4,4,0,3,6,3,4,5,1,0,4,4,0,1,1,1,12,-33,3,1,4,20,0,3,1,1,1,1,2,1
KR_6580478918,420,-1,67,30,-5,-4,0,4,2,5,3,-2,3,5,1,3,2,-2,0,2,0,-8,-2,-1,6,5,-2,0,0,-1,-1,-1,1,5,1
KR_6757253302,420,-2,-39,-20,-1,-1,3,4,2,4,2,-1,0,1,0,4,4,-1,1,2,0,-4,1,-2,6,4,4,0,0,-1,-1,0,1,6,1
KR_6647060641,440,2,37,2,6,2,4,2,0,1,1,-1,2,3,7,8,1,-2,4,6,0,-3,-3,2,2,4,3,0,2,1,1,1,-1,6,1
KR_6596521054,440,6,50,35,14,-1,3,4,7,8,1,4,5,1,3,5,2,1,1,0,0,11,-290,3,1,4,0,0,1,1,-1,1,1,3,1
KR_6693716675,420,5,64,20,9,0,1,1,1,2,1,1,2,1,1,3,2,6,8,2,0,8,-9,1,2,3,0,0,0,1,-1,0,1,6,1
KR_6620517722,420,5,-99,20,6,0,2,2,1,2,1,1,3,2,3,5,2,1,1,0,-1,6,14,4,3,7,0,0,-1,1,1,-1,-1,3,1
KR_6756131052,420,4,105,23,8,0,1,1,2,7,5,4,6,2,0,1,1,2,4,2,0,14,8,4,4,8,-3,0,0,-1,1,0,1,1,1
KR_6762582893,420,1,-45,-4,7,1,1,0,4,4,0,3,4,1,-1,4,5,0,1,1,0,10,7,3,4,7,0,0,0,1,-1,0,-1,6,1
KR_6763721560,420,1,92,25,-3,0,3,3,0,3,3,2,4,2,-5,1,6,0,0,0,0,-3,-129,1,4,5,1,0,1,1,-1,1,1,5,1
KR_6648838551,420,4,118,57,8,2,4,2,0,3,3,5,5,0,4,5,1,-3,0,3,0,4,9,1,3,4,-3,0,2,1,-1,1,-1,1,1
KR_6727640528,440,1,2,-12,3,2,2,0,-1,1,2,-3,1,4,4,5,1,1,2,1,0,2,5,3,6,9,2,0,0,-1,-1,1,1,2,1
KR_6711637219,420,-1,15,-12,3,-1,1,2,6,6,0,2,2,0,0,2,2,-4,1,5,0,1,-77,-3,8,5,3,0,0,-1,1,-1,1,1,1
KR_6759437778,440,1,28,-23,2,3,5,2,-6,1,7,4,4,0,-3,4,7,4,4,0,1,7,-17,-2,4,2,-1,0,-1,0,-1,-1,1,0,1
KR_6684821561,420,2,-1,26,2,1,2,1,-2,2,4,-2,0,2,3,3,0,2,2,0,0,1,6,2,2,4,2,0,-1,0,-1,-1,1,0,1
KR_6760580597,420,2,62,4,-5,-5,0,5,2,4,2,-2,2,4,-2,0,2,2,2,0,0,0,10,1,5,6,-3,0,0,1,-1,0,-1,1,1
KR_6744998259,420,2,60,-7,5,1,1,0,0,3,3,5,6,1,2,3,1,-3,0,3,0,1,262,1,1,2,-3,0,1,-1,1,1,1,3,1
KR_6673480951,420,5,32,9,18,7,8,1,5,8,3,2,2,0,-3,4,7,7,7,0,0,17,9,5,0,5,-4,0,2,1,1,1,1,3,1
KR_6717495134,440,0,-17,28,0,5,6,1,0,2,2,2,2,0,-3,3,6,-4,1,5,-1,-2,4,-2,5,3,-6,0,0,0,1,0,-1,0,1
KR_6758697576,420,2,-25,8,10,0,3,3,2,4,2,-2,1,3,2,2,0,8,9,1,0,14,18,2,2,4,0,0,-1,-1,1,-1,-1,5,1
KR_6663144280,420,5,62,-1,9,1,1,0,3,5,2,1,1,0,3,3,0,1,1,0,1,15,-11,1,5,6,1,0,0,1,-1,1,1,4,1
KR_6743861929,420,8,127,35,10,0,0,0,3,3,0,4,6,2,0,3,3,3,3,0,0,0,22,2,3,5,-4,0,1,1,-1,1,1,5,1
KR_6734734707,440,4,55,15,7,2,4,2,4,7,3,1,1,0,0,3,3,0,2,2,0,8,10,7,0,7,0,0,1,1,0,1,1,2,1
KR_6750228726,420,4,79,4,17,2,5,3,7,8,1,7,7,0,0,3,3,1,5,4,0,6,324,-2,2,0,1,0,0,1,1,1,1,4,1
KR_6634526082,420,1,3,16,1,-1,1,2,2,2,0,-1,0,1,-1,1,2,2,2,0,1,6,4,6,3,9,-2,0,0,-1,-1,-1,1,6,1
KR_6741123485,440,4,35,47,11,-1,0,1,5,5,0,3,6,3,4,4,0,0,1,1,0,2,382,0,2,2,-1,0,1,-1,1,1,1,5,1
KR_6565847715,420,2,-34,0,7,3,4,1,2,3,1,2,7,5,1,2,1,-1,0,1,0,4,-12,0,2,2,6,0,2,-1,1,1,1,3,1
KR_6727018191,420,0,-97,-24,3,3,4,1,3,4,1,1,3,2,-4,2,6,0,0,0,0,10,-4,0,4,4,2,0,0,1,-1,-1,-1,4,1
KR_6725765005,440,-1,28,-20,2,0,2,2,-2,1,3,-1,0,1,4,4,0,1,3,2,1,2,40,2,3,5,-30,0,0,0,-1,0,1,0,1
KR_6715892157,440,1,-40,6,6,-3,0,3,4,4,0,1,1,0,3,3,0,1,1,0,0,8,-8,2,4,6,-3,0,1,-1,-1,1,1,5,1
KR_6764178080,420,2,80,32,-4,-2,0,2,-2,1,3,-3,4,7,-1,2,3,4,4,0,0,-8,7,2,0,2,0,0,0,0,0,0,1,0,1
KR_6760980080,420,0,-8,20,-1,-1,0,1,-1,2,3,-4,0,4,5,5,0,0,0,0,0,1,10,-5,6,1,1,0,-1,1,-1,-1,-1,5,1
KR_6741028549,440,0,52,9,1,1,2,1,1,3,2,-3,3,6,1,3,2,1,1,0,0,-1,12,4,2,6,-4,0,0,0,0,0,1,0,1
KR_6722527565,420,0,2,-4,-1,-2,0,2,-3,1,4,4,4,0,0,3,3,0,3,3,0,4,-274,0,1,1,1,0,-1,1,-1,-1,-1,4,1
KR_6646387544,420,4,55,35,2,2,3,1,4,4,0,1,3,2,-4,0,4,-1,1,2,1,-3,-31,4,2,6,-7,0,1,-1,1,-1,1,1,1
KR_6726629607,420,0,5,-6,4,0,0,0,2,5,3,2,4,2,-1,1,2,1,2,1,0,0,26,3,3,6,1,0,0,-1,-1,0,1,6,1
KR_6742382246,420,0,-1,24,-2,-2,0,2,4,6,2,-1,1,2,0,1,1,-3,1,4,0,5,9,3,4,7,2,0,-1,1,0,-1,1,1,1
KR_6727802161,420,1,59,0,2,0,2,2,0,0,0,6,7,1,-2,1,3,-2,0,2,0,-5,-1,-4,7,3,3,0,0,-1,-1,-1,1,5,1
KR_6723157540,420,0,10,-41,-1,6,7,1,-2,3,5,-2,0,2,-1,2,3,-2,1,3,1,-5,-19,0,4,4,1,0,2,-1,1,1,1,3,1
KR_6746616898,440,1,-8,-16,-1,0,2,2,3,3,0,0,3,3,-2,0,2,-2,0,2,0,-3,-1,-4,9,5,-1,0,2,-1,1,1,-1,3,1
KR_6700012718,420,2,40,14,7,1,1,0,3,5,2,-4,1,5,7,10,3,0,0,0,1,8,4,1,3,4,0,0,0,1,0,0,1,1,1
KR_6601242379,440,5,99,28,9,4,6,2,1,3,2,1,2,1,4,9,5,-1,0,1,-1,2,-3,-5,5,0,1,0,3,1,1,1,-1,6,1
KR_6683695395,420,-1,-59,-56,-4,-1,1,2,1,1,0,1,1,0,-3,0,3,-2,0,2,0,-3,-1,1,2,3,0,0,-1,1,1,-1,-1,6,1
KR_6571008750,420,3,113,-6,7,0,3,3,2,4,2,5,7,2,-1,3,4,1,2,1,0,-2,166,3,1,4,-16,0,1,1,-1,1,1,1,1
KR_6758785771,420,1,90,-6,2,2,2,0,-3,2,5,-3,2,5,1,4,3,5,6,1,1,2,33,-1,7,6,-5,0,1,1,-1,1,1,3,1
KR_6751021590,440,1,79,13,7,-3,2,5,-3,1,4,6,7,1,6,10,4,1,3,2,1,3,3,2,1,3,0,0,2,1,1,1,1,1,1
KR_6757275652,420,-3,23,-4,-8,-7,1,8,-1,2,3,0,2,2,0,5,5,0,2,2,0,-5,-3,1,0,1,0,0,-1,1,0,-1,1,2,1
KR_6683595776,420,3,97,36,1,-7,1,8,1,2,1,5,5,0,3,6,3,-1,1,2,0,10,46,3,4,7,-12,0,2,1,1,1,-1,1,1
KR_6644401285,420,2,-19,31,11,-2,0,2,9,10,1,-1,2,3,-2,3,5,7,7,0,0,4,0,3,4,7,3,0,0,1,0,1,-1,5,1
KR_6724802257,420,2,22,7,-4,-3,0,3,-2,2,4,1,2,1,1,2,1,-1,3,4,0,-7,1,0,3,3,2,0,-1,0,1,-1,-1,0,1
KR_6722915672,420,1,11,2,1,1,1,0,3,5,2,-2,0,2,0,2,2,-1,0,1,0,0,-12,-4,6,2,-3,0,-1,-1,-1,-1,1,5,1
KR_6761967586,420,1,-37,10,6,4,5,1,2,5,3,2,4,2,-1,1,2,-1,2,3,0,4,-1,2,3,5,-3,0,-1,-1,1,-1,1,6,1
KR_6118555384,440,1,-57,-2,4,-3,0,3,8,8,0,3,5,2,-2,0,2,-2,3,5,0,-4,-124,-2,2,0,2,0,-1,-1,1,1,1,2,1
KR_6694205587,440,6,78,0,-4,-2,1,3,-5,2,7,2,2,0,1,1,0,0,6,6,0,-6,6,3,0,3,0,0,1,1,1,1,1,4,1
KR_6720706293,420,4,56,18,7,3,5,2,3,4,1,0,3,3,1,3,2,0,1,1,0,0,-2,-2,5,3,4,0,1,-1,1,1,-1,6,1
KR_6715499530,440,2,-23,-4,5,0,0,0,4,5,1,-2,1,3,3,4,1,0,2,2,0,2,7,5,3,8,-5,0,1,1,1,1,-1,4,1
KR_6663916394,420,0,-53,14,-4,0,1,1,-1,1,2,-2,2,4,-1,2,3,0,2,2,0,-2,3,-3,4,1,1,0,1,-1,1,1,1,2,1
KR_6377659957,420,3,-66,16,6,1,1,0,2,3,1,5,6,1,-1,1,2,-1,1,2,0,2,-14,8,0,8,13,0,1,1,1,1,-1,1,1
KR_6213541201,420,4,65,-8,2,-1,1,2,-3,3,6,3,3,0,2,2,0,1,3,2,0,2,171,-1,5,4,2,0,1,1,-1,1,1,5,1
KR_6639524330,420,0,-30,-25,0,-1,0,1,3,5,2,1,3,2,0,4,4,-3,0,3,0,0,0,-3,3,0,-1,0,1,1,-1,1,1,5,1
KR_6725994051,420,5,69,16,9,2,5,3,2,3,1,3,3,0,2,2,0,0,2,2,0,6,-1,3,1,4,-1,0,1,1,0,1,1,1,1
KR_6750667142,440,1,-4,5,6,2,3,1,-1,2,3,-1,0,1,0,3,3,6,6,0,1,0,7,2,0,2,2,0,0,0,0,0,1,0,1
KR_6754429699,440,3,-32,7,10,-1,1,2,3,4,1,3,4,1,4,9,5,1,2,1,1,14,4,2,3,5,-1,0,1,0,1,1,1,0,1
KR_6735605214,420,1,13,19,6,0,2,2,-1,0,1,0,1,1,4,5,1,3,4,1,1,6,1,0,3,3,-1,0,0,-1,1,1,1,6,1
KR_6758583076,420,-2,-57,10,-11,-2,1,3,1,2,1,-4,1,5,-7,3,10,1,4,3,-2,-3,11,-2,3,1,-2,0,0,-1,1,-1,-1,3,1
KR_6746844519,420,1,-15,-12,5,3,3,0,-1,2,3,-3,0,3,4,5,1,2,2,0,0,5,-4,0,8,8,2,0,2,-1,1,1,-1,3,1
KR_6754174391,420,1,10,-12,1,4,5,1,-1,1,2,-1,3,4,0,6,6,-1,2,3,0,-7,-3,3,0,3,0,0,3,-1,1,1,1,4,1
KR_6761724572,420,3,101,11,7,5,5,0,0,2,2,-1,2,3,2,2,0,1,2,1,0,3,-15,2,3,5,3,0,1,-1,1,1,1,3,1
KR_6630864783,420,6,75,51,11,1,3,2,6,6,0,3,5,2,0,2,2,1,1,0,0,5,7,3,0,3,-1,0,4,1,1,1,1,5,1
KR_6692771570,440,2,18,-1,-3,0,4,4,1,1,0,1,1,0,-1,0,1,-4,1,5,0,-7,4,7,2,9,-2,0,1,1,1,1,1,6,1
KR_6648781128,420,2,-28,18,5,-4,1,5,2,3,1,0,0,0,0,4,4,7,7,0,2,12,1,0,2,2,-3,0,1,1,-1,-1,1,1,1
KR_6505065558,420,2,-1,10,6,-1,2,3,5,8,3,0,3,3,7,7,0,-5,2,7,0,11,27,1,3,4,-1,0,1,1,-1,1,1,1,1
KR_6123339406,440,2,-16,34,7,-3,1,4,10,10,0,-2,1,3,1,3,2,1,4,3,0,9,-4,-6,7,1,5,0,0,1,0,0,-1,2,1
KR_6665325919,420,-1,-26,-12,-3,4,5,1,-1,1,2,-1,2,3,-4,2,6,-1,1,2,-1,-3,-18,1,3,4,2,0,0,-1,-1,-1,-1,1,1
KR_6740403810,420,0,13,-8,0,-2,0,2,-2,0,2,1,1,0,2,2,0,1,1,0,0,0,-3,1,2,3,0,0,0,1,-1,0,-1,1,1
KR_6607551751,420,-4,-50,-22,-3,-2,1,3,3,7,4,-1,2,3,-2,2,4,-1,0,1,0,-3,-38,-2,4,2,23,0,-1,1,-1,-1,1,3,1
KR_6699544187,420,2,84,8,6,-1,2,3,1,1,0,-1,5,6,2,3,1,5,5,0,0,0,0,1,2,3,2,0,1,1,-1,1,1,1,1
KR_6684167951,420,0,40,39,-1,0,1,1,-1,3,4,3,4,1,-2,3,5,-1,4,5,0,-4,-6,-2,3,1,-1,0,1,-1,1,1,1,4,1
KR_6613415392,420,3,37,16,7,7,7,0,-1,0,1,-1,3,4,0,5,5,2,4,2,0,0,-111,3,4,7,0,0,1,-1,1,1,-1,5,1
KR_6763571355,420,3,53,-9,2,0,1,1,1,3,2,1,1,0,0,0,0,0,0,0,0,-2,-110,-2,2,0,2,0,1,1,1,1,-1,2,1
KR_6743932885,420,3,47,12,4,6,6,0,-1,1,2,-4,3,7,3,4,1,0,1,1,0,-2,-1,1,2,3,0,0,0,-1,1,0,-1,2,1
KR_6669069768,440,0,21,-3,1,-1,1,2,-1,1,2,0,1,1,1,5,4,2,3,1,0,7,-15,-5,5,0,0,0,0,0,-1,0,-1,0,1
KR_6763677900,420,5,16,47,9,3,4,1,2,3,1,2,3,1,3,5,2,-1,0,1,0,3,9,0,4,4,15,0,0,1,1,1,1,2,1
KR_6435168716,420,2,57,-4,2,0,2,2,0,8,8,-1,1,2,2,2,0,1,1,0,0,1,4,3,3,6,0,0,0,1,1,-1,1,3,1
KR_6717856064,420,-2,-55,-28,-8,0,2,2,-2,0,2,-5,1,6,0,1,1,-1,0,1,0,-2,18,1,6,7,-4,0,-1,-1,-1,-1,-1,5,1
KR_6682544735,420,-2,-9,0,2,1,2,1,-2,1,3,2,4,2,0,2,2,1,2,1,0,-5,5,2,3,5,2,0,0,1,1,0,1,4,1
KR_6571283762,420,-1,29,-18,2,1,4,3,0,1,1,-1,0,1,1,3,2,1,3,2,0,2,3,6,0,6,-4,0,2,0,1,1,-1,0,1
KR_6758332554,420,1,32,-8,-1,-1,1,2,-3,0,3,1,1,0,2,3,1,0,0,0,0,-2,-28,-3,7,4,-1,0,0,1,1,0,1,6,1
KR_6737992456,440,4,49,12,10,0,3,3,4,5,1,1,2,1,6,7,1,-1,2,3,0,11,8,-1,4,3,1,0,0,1,-1,1,1,4,1
KR_6340179140,440,3,46,16,5,6,6,0,1,3,2,-3,0,3,2,4,2,-1,0,1,1,4,50,2,3,5,-7,0,1,1,1,1,1,3,1
KR_6746573557,420,11,155,40,14,-3,0,3,3,4,1,8,8,0,4,4,0,2,3,1,2,12,59,3,0,3,-21,0,4,0,1,1,1,0,1
KR_6332782149,440,4,33,1,8,0,1,1,3,4,1,1,2,1,4,4,0,0,2,2,0,13,25,0,4,4,-30,0,2,1,0,1,1,2,1
KR_6082672546,440,2,3,-1,0,3,3,0,2,2,0,0,0,0,-4,0,4,-1,0,1,0,-2,7,3,1,4,-4,0,1,1,1,1,1,2,1
KR_6647901979,440,0,-54,0,1,-4,1,5,2,2,0,4,5,1,-1,1,2,0,3,3,-2,2,-2,-2,2,0,-1,0,0,0,0,0,-1,0,1
KR_6399686549,420,3,59,36,10,3,6,3,4,7,3,7,9,2,-5,0,5,1,2,1,0,4,-1,-4,4,0,1,0,3,1,1,1,-1,4,1
KR_6684156393,420,-3,-61,15,-6,-3,0,3,7,7,0,-5,0,5,-3,0,3,-2,0,2,-1,-3,6,2,3,5,2,0,-1,-1,-1,-1,-1,6,1
KR_6759370111,420,5,47,24,2,1,3,2,2,4,2,2,3,1,-4,2,6,1,1,0,0,3,11,1,1,2,1,0,1,1,1,1,-1,5,1
KR_6754687319,420,2,31,-29,4,-6,1,7,3,3,0,3,4,1,3,3,0,1,1,0,2,6,16,1,1,2,-3,0,0,1,-1,-1,1,2,1
KR_6763789993,420,3,63,-14,10,5,5,0,4,5,1,-2,0,2,3,3,0,0,0,0,0,10,0,0,2,2,0,0,1,1,0,1,1,5,1
KR_6724756909,420,1,9,20,-2,-3,0,3,0,1,1,0,3,3,1,1,0,0,0,0,0,0,-1,-2,4,2,0,0,0,-1,-1,0,-1,2,1
KR_6704135189,420,1,-32,84,-2,-3,1,4,-2,2,4,0,2,2,5,7,2,-2,1,3,1,0,2,3,1,4,0,0,-2,1,1,-1,1,1,1
KR_6699165052,420,2,-25,36,2,0,2,2,0,6,6,-2,0,2,2,4,2,2,3,1,0,3,-2,-6,7,1,-1,0,1,-1,1,1,1,6,1
KR_6757312155,420,1,-57,20,-1,1,1,0,0,2,2,4,4,0,-4,1,5,-2,2,4,0,0,7,4,1,5,-6,0,0,1,1,1,-1,1,1
KR_6761151488,440,1,-31,17,6,3,4,1,1,1,0,5,6,1,-1,0,1,-2,0,2,0,0,1,1,0,1,-1,0,1,1,0,1,1,4,1
KR_6741041230,420,2,50,12,5,-1,0,1,2,6,4,0,4,4,0,0,0,4,5,1,0,7,60,-5,8,3,4,0,1,1,-1,1,1,1,1
KR_6659783177,420,3,54,5,10,3,5,2,6,7,1,3,4,1,1,5,4,-3,2,5,0,8,-2,0,4,4,2,0,0,1,-1,0,1,2,1
KR_6758426019,440,4,51,8,12,5,5,0,-2,3,5,4,7,3,6,6,0,-1,0,1,1,16,-24,-2,4,2,0,0,0,1,-1,0,1,1,1
KR_6720400630,420,-1,49,32,-10,-2,1,3,-2,2,4,0,2,2,-6,0,6,0,0,0,0,-11,0,-2,6,4,4,0,1,1,1,1,-1,5,1
KR_6610562579,420,-2,-36,28,0,-1,1,2,1,5,4,-4,2,6,3,3,0,1,2,1,0,8,42,0,3,3,-15,0,-1,1,-1,-1,-1,6,1
KR_6604439443,420,5,-22,15,19,-1,2,3,9,9,0,7,7,0,3,5,2,1,1,0,0,21,28,5,1,6,-1,0,0,-1,-1,0,1,3,1
KR_6413722365,420,-1,-37,39,-3,-3,1,4,2,2,0,0,1,1,-2,1,3,0,1,1,0,-1,-126,-2,4,2,3,0,-1,-1,1,-1,-1,4,1
KR_6696895466,420,-2,-70,20,-1,-1,1,2,0,3,3,1,5,4,2,2,0,-3,0,3,0,-1,-172,-2,4,2,-1,0,1,-1,1,1,1,1,1
KR_6749868914,420,2,-17,32,2,3,3,0,-2,4,6,-3,1,4,5,6,1,-1,0,1,-1,-1,-8,0,4,4,-1,0,0,0,1,1,-1,0,1
KR_6736670731,420,2,35,15,2,-3,0,3,-2,3,5,2,2,0,3,3,0,2,2,0,1,9,5,0,2,2,-1,0,-1,1,-1,-1,1,3,1
KR_6746508864,420,7,112,-20,15,1,3,2,3,4,1,1,2,1,7,7,0,3,4,1,-1,11,133,-3,6,3,2,0,3,1,1,1,-1,5,1
KR_6678707443,420,1,2,8,5,2,4,2,-6,1,7,3,4,1,7,7,0,-1,0,1,0,7,-5,-1,4,3,2,0,1,-1,-1,1,1,2,1
KR_6720394166,420,8,72,91,17,8,8,0,5,5,0,1,2,1,3,4,1,0,4,4,2,9,13,0,1,1,0,1,4,1,1,1,1,5,1
KR_6756074927,420,-2,48,16,0,1,4,3,-3,3,6,-1,2,3,-1,2,3,4,4,0,-1,4,-20,1,5,6,1,0,1,1,0,1,-1,5,1
KR_6763279080,420,3,52,52,5,3,5,2,0,2,2,1,2,1,0,4,4,1,1,0,0,6,-2,-2,5,3,2,0,0,1,1,0,1,4,1
KR_6693136224,420,-4,-38,-49,-7,-3,0,3,-5,3,8,-2,2,4,1,5,4,2,3,1,0,-1,-403,-1,1,0,0,0,-1,-1,0,-1,1,3,1
KR_6693330844,440,6,68,15,4,-2,0,2,-1,1,2,3,4,1,3,4,1,1,1,0,0,6,-4,1,2,3,1,0,1,1,0,1,1,4,1
KR_6741973472,420,4,52,41,0,-3,1,4,-1,5,6,-1,2,3,5,7,2,0,1,1,0,6,-2,1,2,3,2,0,-1,1,0,-1,1,5,1
KR_6751634740,420,-4,-84,4,-3,1,2,1,-2,0,2,-4,4,8,3,3,0,-1,0,1,0,1,14,1,1,2,-2,0,-3,-1,-1,-1,1,6,1
KR_5542133744,420,2,54,11,7,4,4,0,-1,1,2,4,7,3,-1,0,1,1,3,2,1,9,3,0,3,3,-1,0,2,1,1,1,1,1,1
KR_6645628839,420,-1,11,16,-3,-2,1,3,-5,2,7,3,4,1,-2,1,3,3,3,0,0,3,-7,2,2,4,-4,0,0,-1,1,0,-1,2,1
KR_6675499068,420,0,31,-19,-5,0,3,3,-4,0,4,1,4,3,1,3,2,-3,0,3,0,-6,-40,0,2,2,3,0,1,0,0,1,-1,0,1
KR_6650280889,420,-1,-81,10,-1,1,2,1,3,5,2,-3,0,3,-3,0,3,1,1,0,0,2,213,0,1,1,-2,0,0,0,1,0,-1,0,1
KR_6548502145,420,4,111,-20,12,1,2,1,1,1,0,4,6,2,7,8,1,-1,0,1,0,16,-230,-1,7,6,3,0,3,-1,0,1,1,2,1
KR_6347872751,420,3,56,-24,13,1,1,0,0,1,1,7,7,0,0,2,2,5,5,0,0,16,-47,-2,4,2,35,0,1,1,0,1,1,5,1
KR_6650337733,420,-3,-40,-7,1,1,2,1,0,1,1,-2,3,5,1,1,0,1,1,0,0,4,-2,1,2,3,1,0,-1,1,-1,-1,1,3,1
KR_6656939091,440,-1,-58,1,-2,3,10,7,1,2,1,-2,1,3,-4,2,6,0,0,0,0,2,-4,-3,3,0,3,0,1,1,1,1,1,1,1
KR_6685152748,420,5,100,-9,13,1,2,1,8,10,2,4,5,1,-1,4,5,1,2,1,0,20,-2,-2,5,3,1,0,0,0,0,0,-1,0,1
KR_6508071847,420,0,22,4,-1,-3,0,3,-1,3,4,-2,0,2,5,5,0,0,1,1,0,-5,-53,-2,2,0,30,0,0,1,1,1,-1,3,1
KR_6756283094,420,2,21,6,-8,0,3,3,-1,0,1,-4,1,5,-2,3,5,-1,1,2,-1,-8,-10,3,2,5,0,0,0,-1,-1,1,-1,3,1
KR_6602577722,420,5,22,-16,13,4,7,3,3,4,1,1,4,3,2,2,0,3,3,0,0,15,1,1,0,1,-2,0,1,-1,1,1,1,5,1
KR_6738566796,420,1,-30,16,-7,2,3,1,-2,4,6,0,3,3,-7,2,9,0,1,1,0,-9,-3,-1,2,1,0,0,1,1,1,1,-1,1,1
KR_6673539063,420,2,3,32,0,3,3,0,6,6,0,-4,0,4,-2,2,4,-3,0,3,-1,-5,-18,-4,7,3,5,0,1,1,-1,1,-1,5,1
KR_6580701197,420,2,50,-12,3,1,2,1,-3,2,5,1,1,0,2,5,3,2,2,0,-1,0,3,4,4,8,-1,0,0,-1,0,0,-1,6,1
KR_6739191752,420,4,39,32,7,-4,1,5,1,4,3,3,4,1,6,8,2,1,3,2,1,12,-6,-1,3,2,3,0,1,0,-1,1,1,0,1
KR_6689907691,440,0,30,8,1,4,4,0,-1,2,3,-2,0,2,-2,2,4,2,6,4,-1,-6,12,3,2,5,-6,0,0,1,-1,0,-1,1,1
KR_6710464914,420,-2,-48,4,-4,-3,0,3,-2,5,7,0,1,1,0,4,4,1,1,0,0,-4,3,-1,6,5,0,0,0,1,-1,0,1,5,1
KR_6689507212,420,2,13,-6,3,-2,2,4,1,4,3,4,5,1,-1,1,2,1,2,1,0,8,17,-1,6,5,5,0,1,1,0,1,1,1,1
KR_6751175126,420,5,84,15,11,0,2,2,0,3,3,3,6,3,4,6,2,4,4,0,0,7,-91,-1,4,3,3,0,2,1,1,1,1,6,1
KR_6748957881,420,5,55,36,9,2,4,2,2,2,0,6,6,0,-1,2,3,0,0,0,0,2,12,2,1,3,-1,0,1,1,0,1,1,3,1
KR_6689917267,420,6,37,16,18,1,3,2,4,4,0,12,13,1,2,3,1,-1,0,1,0,11,6,2,1,3,2,0,1,1,1,1,1,3,1
KR_6704906909,440,1,62,-6,10,0,1,1,1,4,3,5,6,1,1,3,2,3,3,0,0,7,5,-1,2,1,1,0,0,1,-1,0,-1,5,1
KR_6721247489,420,1,15,20,10,-3,0,3,5,6,1,6,7,1,1,2,1,1,1,0,3,15,-1,4,2,6,1,0,-1,1,1,-1,1,4,1
KR_6725031036,440,3,46,4,7,4,6,2,4,4,0,1,1,0,0,4,4,-2,0,2,-1,0,2,-2,4,2,5,0,2,-1,1,1,-1,4,1
KR_6606658928,420,4,-2,12,5,2,2,0,3,5,2,4,6,2,-1,2,3,-3,1,4,0,8,23,2,6,8,0,0,0,0,-1,0,-1,0,1
KR_6761658535,420,3,17,32,4,0,1,1,-2,3,5,4,5,1,0,2,2,2,5,3,0,4,-259,-1,3,2,3,0,0,1,1,0,-1,5,1
KR_6497564571,420,5,56,13,15,2,3,1,8,10,2,-2,1,3,2,3,1,5,5,0,2,15,-2,2,1,3,1,0,2,0,0,1,1,0,1
KR_6756343314,420,6,66,-7,11,6,7,1,-4,0,4,1,3,2,7,10,3,1,2,1,0,4,5,1,2,3,-2,0,1,0,0,1,1,0,1
KR_6658751469,420,2,48,12,4,0,2,2,2,5,3,5,6,1,-1,4,5,-2,1,3,0,6,-152,-2,7,5,1,0,0,-1,1,1,1,5,1
KR_6689197619,420,2,-13,-4,3,-2,1,3,2,7,5,1,1,0,0,2,2,2,2,0,0,1,-10,-5,7,2,0,0,1,-1,-1,1,1,1,1
KR_6567996743,440,4,-28,20,13,3,5,2,2,3,1,1,5,4,0,2,2,7,7,0,-1,15,5,-3,6,3,-6,0,3,-1,1,1,-1,2,1
KR_6714052526,420,5,93,16,12,1,1,0,5,6,1,2,2,0,3,4,1,1,1,0,0,13,83,2,3,5,-1,0,2,1,1,1,1,6,1
KR_6685395055,420,1,10,32,0,-1,3,4,-3,2,5,3,5,2,1,2,1,0,0,0,0,-4,-6,-3,3,0,5,0,1,-1,-1,1,1,4,1
KR_6740809324,420,4,7,26,4,-2,1,3,-4,0,4,2,4,2,4,4,0,4,4,0,0,10,122,0,2,2,0,0,2,1,-1,1,-1,4,1
KR_6754256108,420,2,49,-4,1,4,7,3,-2,0,2,0,2,2,-2,1,3,1,1,0,0,-8,-22,-3,3,0,0,0,0,0,-1,0,1,0,1
KR_6732760947,440,3,31,12,10,4,5,1,1,3,2,1,4,3,3,5,2,1,1,0,0,8,-3,2,1,3,1,0,1,1,1,1,1,2,1
KR_6707012618,420,-1,-79,33,-4,-2,2,4,1,3,2,1,2,1,-2,0,2,-2,0,2,0,-2,36,2,1,3,-13,0,-1,1,1,-1,-1,3,1
KR_6710094405,420,0,41,-8,1,-1,0,1,4,4,0,1,6,5,-1,2,3,-2,1,3,1,0,3,3,3,6,1,0,2,1,1,1,1,1,1
KR_6704724415,420,2,-19,9,3,-2,0,2,2,4,2,3,3,0,0,3,3,0,0,0,1,5,8,0,4,4,1,0,0,-1,1,0,1,3,1
KR_6755831245,420,6,131,55,7,1,2,1,3,6,3,3,7,4,6,8,2,-6,0,6,-1,2,8,2,2,4,-1,0,3,1,1,1,-1,5,1
KR_6671636205,420,1,40,8,9,5,6,1,-2,2,4,0,1,1,5,5,0,1,1,0,1,5,3,-5,7,2,-1,0,-1,1,0,1,1,3,1
KR_6669054760,420,2,63,10,7,1,3,2,2,3,1,4,8,4,0,3,3,0,0,0,2,12,5,3,2,5,1,0,1,1,-1,1,1,6,1
KR_6763321266,420,9,105,41,22,7,7,0,2,2,0,0,2,2,8,9,1,5,5,0,0,17,223,3,1,4,1,0,2,1,0,1,1,4,1
KR_6762532375,420,2,47,12,0,-1,0,1,-3,0,3,5,5,0,0,6,6,-1,2,3,0,-5,23,-3,5,2,-4,0,1,-1,1,1,-1,3,1
KR_6717470530,420,-2,9,24,-11,-2,3,5,3,5,2,-7,2,9,-2,3,5,-3,0,3,-1,-8,185,-2,6,4,-1,0,2,-1,1,1,-1,4,1
KR_6716748365,440,3,106,-7,8,-1,0,1,3,6,3,5,7,2,1,2,1,0,1,1,0,6,472,-2,6,4,2,0,1,-1,1,1,1,3,1
KR_6613490483,420,4,92,20,9,5,5,0,4,5,1,6,6,0,-6,1,7,0,0,0,0,3,54,-3,4,1,-31,0,1,1,0,1,1,1,1
KR_6612743969,420,2,6,-4,-1,2,3,1,7,8,1,-5,2,7,0,3,3,-5,2,7,1,-3,13,0,1,1,2,0,2,-1,-1,1,1,4,1
KR_6746581525,440,0,1,9,0,-1,0,1,-5,0,5,5,5,0,1,2,1,0,0,0,0,-3,-22,-2,7,5,1,0,0,1,-1,0,1,2,1
KR_6640096381,420,3,18,5,11,7,8,1,3,5,2,-5,2,7,4,4,0,2,2,0,0,6,-4,3,1,4,4,0,-1,0,-1,1,1,0,1
KR_6567355065,420,4,36,57,10,4,4,0,-1,0,1,11,11,0,-2,2,4,-2,0,2,0,2,3,-1,3,2,2,0,1,1,1,1,1,2,1
KR_6763094155,420,2,19,3,1,0,3,3,1,2,1,1,5,4,-1,1,2,0,2,2,0,-1,-1,-4,5,1,2,0,-1,1,-1,-1,1,5,1
KR_6753571721,440,0,35,-15,-3,2,3,1,-2,2,4,-2,0,2,1,2,1,-2,2,4,0,1,-9,-4,4,0,3,0,-2,0,0,-1,1,0,1
KR_6725937007,420,-4,-14,1,-5,-3,3,6,-2,1,3,2,4,2,0,2,2,-2,0,2,0,-3,-1,-1,2,1,-2,0,0,1,-1,-1,1,2,1
KR_6660702224,420,1,41,4,3,-2,1,3,1,2,1,2,5,3,2,3,1,0,1,1,1,-6,5,3,2,5,0,0,0,1,1,1,1,2,1
KR_6751022694,440,1,35,7,8,1,1,0,-2,2,4,-1,1,2,8,8,0,2,2,0,0,10,-7,-2,5,3,4,0,0,1,1,0,1,4,1
KR_6645722679,440,4,-9,8,6,0,0,0,2,4,2,3,3,0,1,1,0,0,1,1,0,1,-12,-5,7,2,6,0,1,1,1,1,1,5,1
KR_6631076165,420,0,33,23,-4,0,0,0,-2,1,3,-2,0,2,-2,2,4,2,3,1,0,-11,20,3,2,5,-2,0,1,-1,0,1,-1,6,1
KR_6735324092,440,7,65,23,15,0,1,1,9,11,2,-3,1,4,4,5,1,5,7,2,0,6,4,2,4,6,0,0,0,-1,0,1,1,6,1
KR_6746399579,420,-5,-18,-4,-13,0,2,2,-2,2,4,-4,3,7,-3,1,4,-4,0,4,0,-13,3,1,3,4,-4,0,0,-1,-1,1,-1,4,1
KR_6640052577,420,5,48,34,17,8,9,1,-2,4,6,0,2,2,2,2,0,9,10,1,1,12,-47,3,2,5,10,0,2,1,-1,1,1,2,1
KR_6706844854,420,-1,76,20,2,-1,2,3,-1,2,3,2,3,1,1,3,2,1,1,0,0,-2,5,1,2,3,0,0,0,0,1,0,1,0,1
KR_6734651812,420,5,12,40,12,3,4,1,9,9,0,3,5,2,-2,3,5,-1,0,1,-1,1,-2,2,1,3,-4,0,1,1,1,1,-1,2,1
KR_6570919585,420,-2,-51,20,-6,0,1,1,0,2,2,-2,3,5,1,3,2,-5,0,5,0,-3,-4,3,4,7,-2,0,0,1,1,0,-1,6,1
KR_6758369245,420,3,56,20,9,2,2,0,1,5,4,5,5,0,2,6,4,-1,2,3,0,9,61,-1,5,4,0,0,0,1,1,1,-1,1,1
KR_6726742393,420,2,-20,12,8,2,2,0,-1,2,3,3,5,2,4,5,1,0,1,1,-2,6,9,-3,4,1,3,0,0,-1,1,1,-1,5,1
KR_6693670484,420,-2,-17,-4,-2,1,2,1,1,3,2,-1,1,2,-3,0,3,0,0,0,0,-3,1,0,4,4,2,0,-1,-1,0,-1,1,5,1
KR_6668265008,420,8,36,96,17,3,3,0,4,4,0,1,3,2,1,4,3,8,8,0,0,26,5,4,0,4,2,0,3,1,1,1,-1,3,1
KR_6661482700,420,-1,-20,13,-2,2,2,0,-3,1,4,-1,1,2,1,2,1,-1,0,1,0,-5,18,2,2,4,-4,0,1,-1,1,1,-1,6,1
KR_6569027493,420,-1,12,-11,-6,1,2,1,-5,0,5,-2,0,2,-1,0,1,1,1,0,0,-9,-18,-3,8,5,1,0,-1,-1,1,-1,-1,1,1
KR_6623003747,420,2,29,8,17,1,1,0,4,5,1,3,3,0,8,9,1,1,1,0,0,13,-17,1,5,6,0,0,0,1,1,1,1,1,1
KR_6709942852,420,-1,10,-16,1,0,2,2,2,3,1,-4,2,6,2,3,1,1,1,0,0,2,21,1,2,3,2,0,0,0,1,0,1,0,1
KR_6760604977,420,3,-37,9,8,2,3,1,1,4,3,6,7,1,-1,5,6,0,2,2,0,2,-1,0,4,4,3,0,0,0,1,1,-1,0,1
KR_6674814572,420,-2,-33,-8,4,0,1,1,1,3,2,1,4,3,1,2,1,1,4,3,0,-4,-6,-4,5,1,2,0,1,1,1,1,1,1,1
KR_6717632655,420,-3,-39,-12,0,-2,0,2,5,6,1,-2,5,7,1,5,4,-2,0,2,0,-5,262,2,1,3,1,0,0,1,1,1,-1,4,1
KR_6638280361,420,1,19,15,2,-2,0,2,5,8,3,-3,3,6,2,5,3,0,2,2,-1,-3,42,-1,5,4,-11,0,1,-1,1,1,-1,2,1
KR_6758225719,420,3,75,4,5,1,4,3,6,7,1,-6,0,6,3,5,2,1,3,2,0,6,-2,1,7,8,4,0,0,0,1,1,-1,0,1
KR_6625191930,420,1,20,-5,6,-3,2,5,2,5,3,6,6,0,1,2,1,0,0,0,0,9,-308,2,3,5,1,0,1,-1,1,1,1,1,1
KR_6717958296,440,-3,-25,-2,-9,0,2,2,-1,2,3,2,4,2,-9,2,11,-1,0,1,0,-13,-301,2,4,6,3,0,-2,-1,1,-1,-1,5,1
KR_6687978851,420,6,86,40,14,2,2,0,2,2,0,9,9,0,3,4,1,-2,0,2,0,8,-36,0,2,2,19,0,1,0,1,1,1,0,1
KR_6359794387,420,-3,-9,-4,-6,-3,4,7,3,5,2,-3,1,4,-1,3,4,-2,1,3,0,-12,0,0,0,0,3,0,-2,-1,-1,-1,-1,1,1
KR_6733443249,420,5,99,-4,6,-1,3,4,-2,3,5,3,3,0,3,3,0,3,3,0,2,6,1,2,3,5,4,0,2,1,1,1,1,1,1
KR_6758547509,420,-2,40,5,-6,0,2,2,-1,2,3,4,6,2,-9,0,9,0,0,0,-1,-7,11,-2,3,1,-1,0,-1,1,1,-1,-1,5,1
KR_6692511705,420,0,-52,-26,6,-1,3,4,6,9,3,0,2,2,1,2,1,0,3,3,1,19,229,4,2,6,1,0,0,0,0,0,1,0,1
KR_6139634382,420,3,37,-12,10,0,2,2,3,3,0,-1,1,2,6,6,0,2,3,1,0,15,-54,-3,5,2,0,0,2,1,1,1,1,1,1
KR_6623452338,420,2,-29,1,-1,-1,1,2,2,6,4,-1,5,6,0,2,2,-1,0,1,0,1,-8,-4,7,3,1,0,0,-1,1,0,-1,5,1
KR_6677828019,420,-3,22,-24,-6,1,5,4,-2,2,4,-4,0,4,-2,0,2,1,2,1,1,-7,-12,-1,4,3,7,0,0,-1,-1,0,1,4,1
KR_6703336389,420,-1,-8,-12,5,2,10,8,-2,1,3,1,4,3,2,2,0,2,2,0,0,1,-3,-2,3,1,1,0,1,1,1,1,1,6,1
KR_6687319527,420,2,72,-4,8,3,3,0,-1,1,2,1,2,1,4,7,3,1,2,1,2,11,8,1,0,1,-5,0,3,-1,1,1,1,3,1
KR_6734264357,420,9,110,48,16,3,3,0,6,6,0,3,4,1,1,1,0,3,4,1,0,12,-70,5,1,6,3,0,2,1,1,1,1,5,1
KR_6706986745,440,-2,35,20,3,8,8,0,5,7,2,-4,2,6,-5,3,8,-1,0,1,0,-3,8,0,4,4,1,0,-1,-1,0,-1,-1,5,1
KR_6634093217,420,3,-10,9,14,4,6,2,-6,1,7,6,6,0,7,8,1,3,3,0,0,3,-5,0,0,0,-1,0,-1,1,0,-1,1,2,1
KR_6483910914,420,7,55,52,10,2,2,0,4,5,1,6,6,0,1,5,4,-3,2,5,0,7,-1,-3,4,1,3,0,2,1,1,1,1,2,1
KR_6712772659,420,2,48,40,5,5,7,2,-1,0,1,2,5,3,-1,0,1,0,2,2,0,1,-4,1,1,2,7,0,2,1,1,1,1,5,1
KR_6764092522,440,4,-11,57,10,3,5,2,7,7,0,0,1,1,0,2,2,0,0,0,0,1,-34,9,0,9,-3,0,1,-1,1,1,1,2,1
KR_6643584228,420,-2,-27,0,-3,4,4,0,-2,2,4,-2,0,2,0,2,2,-3,1,4,0,-2,5,0,1,1,0,0,-1,1,0,-1,-1,5,1
KR_6738343424,420,1,-2,-26,1,-1,2,3,0,1,1,0,2,2,1,2,1,1,1,0,-1,3,-283,2,2,4,2,0,0,-1,1,0,-1,6,1
KR_6739294664,420,2,-12,8,9,0,1,1,4,5,1,0,2,2,-1,1,2,6,6,0,0,11,-2,1,5,6,7,0,0,-1,1,0,1,3,1
KR_6738370563,440,1,37,22,4,-4,1,5,-1,2,3,0,1,1,8,9,1,1,2,1,0,7,0,3,2,5,0,0,0,1,1,-1,-1,1,1
KR_6617285286,420,1,43,16,1,-4,0,4,0,2,2,6,6,0,-2,3,5,1,1,0,0,-2,2,-3,4,1,1,0,0,1,-1,0,1,4,1
KR_6737742529,420,-4,-30,4,-4,-1,2,3,-1,8,9,3,4,1,-5,3,8,0,0,0,2,-9,-5,0,2,2,-3,0,-1,1,1,-1,1,5,1
KR_6733605937,420,3,64,20,6,-4,2,6,2,3,1,8,8,0,-6,3,9,6,7,1,1,4,5,0,0,0,0,0,1,1,1,1,1,5,1
KR_6754934373,440,-2,10,-7,-6,-5,0,5,-4,0,4,-2,6,8,5,7,2,0,1,1,0,-5,40,2,2,4,-19,0,-1,1,0,1,-1,5,1
KR_6628994663,420,3,34,0,9,1,3,2,4,4,0,-3,0,3,5,5,0,2,2,0,0,12,-20,-3,6,3,4,0,1,1,-1,1,1,4,1
KR_6701974909,440,-2,-4,-10,-6,-1,3,4,-4,5,9,-1,0,1,1,1,0,-1,2,3,0,-4,-1,0,4,4,-1,0,1,0,0,1,-1,0,1
KR_6697273448,420,5,38,35,0,1,3,2,0,1,1,-4,0,4,0,1,1,3,4,1,0,-2,0,-3,4,1,1,0,0,1,0,0,-1,6,1
KR_6623683037,420,3,85,24,13,1,1,0,8,9,1,5,5,0,4,5,1,-5,0,5,3,23,32,3,2,5,1,0,2,1,0,1,1,2,1
KR_6756483297,440,0,-15,-8,3,1,2,1,0,1,1,-2,1,3,2,4,2,2,2,0,0,5,7,6,2,8,3,0,-1,-1,-1,-1,1,3,1
KR_6595765107,420,-1,63,7,2,1,3,2,6,7,1,-2,1,3,-1,3,4,-2,1,3,0,3,9,0,2,2,0,0,0,0,-1,0,-1,0,1
KR_6761588133,440,-1,21,0,-5,-3,2,5,-1,2,3,-5,0,5,4,4,0,0,3,3,0,2,-26,-1,6,5,5,0,0,-1,0,1,1,6,1
KR_6682933126,420,6,79,-24,17,8,8,0,4,4,0,3,3,0,3,5,2,-1,0,1,0,8,5,3,3,6,-2,0,3,1,1,1,1,3,1
KR_6626084320,420,-1,18,4,0,-1,2,3,2,2,0,0,1,1,0,2,2,-1,0,1,0,3,-3,-1,5,4,5,0,0,1,1,0,1,2,1
KR_6742960333,420,4,51,-8,7,3,4,1,1,4,3,3,3,0,-1,3,4,1,3,2,0,1,7,1,6,7,-2,0,1,1,-1,1,1,3,1
KR_6759997683,420,5,94,4,19,2,4,2,4,4,0,8,9,1,4,7,3,1,2,1,0,14,2,1,1,2,1,0,2,1,1,1,1,5,1
KR_6739626589,420,0,69,0,-5,6,7,1,0,1,1,-1,4,5,-8,0,8,-2,0,2,0,-12,2,-1,3,2,-3,0,1,-1,1,1,1,4,1
KR_6649910307,420,-2,-5,-12,-6,3,4,1,-1,1,2,-6,0,6,-1,2,3,-1,0,1,0,-10,-10,-6,10,4,10,0,0,-1,-1,1,-1,2,1
KR_6751145088,420,-4,-49,-8,-7,3,4,1,1,3,2,-5,0,5,-5,1,6,-1,0,1,0,-9,16,-1,3,2,-2,0,0,0,0,-1,1,0,1
KR_6717458196,420,1,22,44,-6,0,2,2,-1,4,5,3,5,2,-6,0,6,-2,2,4,0,-8,3,-2,2,0,2,0,0,0,0,1,-1,0,1
KR_6764042256,420,1,-15,32,3,0,0,0,1,1,0,1,2,1,2,5,3,-1,2,3,0,4,0,-2,5,3,4,0,-1,1,-1,-1,-1,1,1
KR_6762009338,420,2,14,0,4,-2,0,2,-2,1,3,4,5,1,2,4,2,2,5,3,0,5,-35,1,4,5,24,0,1,0,0,1,1,0,1
KR_6735847633,420,-2,24,20,-7,2,2,0,-3,1,4,-5,0,5,-1,2,3,0,1,1,0,-9,3,1,5,6,2,0,1,1,1,1,1,2,1
KR_6699690490,440,-4,-80,-17,-3,4,6,2,-4,3,7,-2,2,4,0,4,4,-1,0,1,0,0,0,-1,4,3,-3,0,-2,-1,-1,-1,1,3,1
KR_6747081270,440,2,112,28,0,4,6,2,-6,0,6,6,7,1,-3,0,3,-1,1,2,0,-8,-14,1,2,3,1,0,3,-1,0,1,-1,2,1
KR_6713610750,440,1,33,12,2,4,6,2,-1,1,2,-9,1,10,2,3,1,6,6,0,0,-1,-360,0,2,2,0,0,1,1,0,1,1,3,1
KR_5929329911,420,-1,-9,-15,-2,-1,2,3,0,4,4,-2,0,2,1,3,2,0,1,1,-1,6,2,-1,6,5,1,0,0,-1,1,0,-1,2,1
KR_6749186022,420,5,131,22,13,3,4,1,6,7,1,2,4,2,3,4,1,-1,4,5,0,11,-234,-1,6,5,3,0,1,1,-1,1,1,2,1
KR_6644753013,420,0,13,32,-4,-3,1,4,0,1,1,0,1,1,1,1,0,-2,1,3,0,-1,-5,-1,6,5,6,0,0,-1,0,0,-1,4,1
KR_6764330582,440,-2,43,-36,-10,-2,0,2,-1,1,2,-4,0,4,-2,1,3,-1,2,3,0,-17,44,3,0,3,-2,0,0,-1,1,-1,-1,5,1
KR_6737964660,420,4,77,31,9,-2,0,2,0,1,1,5,5,0,5,6,1,1,2,1,-1,3,-146,-1,2,1,-1,0,4,1,1,1,-1,5,1
KR_6606570032,420,2,23,-20,6,0,1,1,1,2,1,2,4,2,0,3,3,3,3,0,0,2,10,2,0,2,-1,0,0,-1,1,0,1,5,1
KR_6634410674,420,5,62,4,9,1,1,0,2,4,2,3,4,1,2,2,0,1,1,0,0,7,0,1,2,3,1,0,1,1,1,1,-1,2,1
KR_6701704768,420,3,54,14,4,-2,0,2,4,4,0,0,3,3,5,8,3,-3,2,5,-1,-4,5,0,2,2,1,0,2,0,1,1,-1,0,1
KR_6740524324,420,5,65,52,10,2,2,0,0,3,3,4,5,1,-2,1,3,6,9,3,1,10,1,0,2,2,1,0,0,1,1,1,1,5,1
KR_6609763325,420,0,-11,0,2,-2,0,2,0,2,2,0,2,2,-1,2,3,5,6,1,0,-5,-1,-4,4,0,1,0,0,0,0,0,-1,0,1
KR_6603629197,420,5,18,40,10,9,9,0,3,3,0,0,1,1,-2,0,2,0,0,0,0,8,-16,1,2,3,0,0,2,1,1,1,1,5,1
KR_6644608315,420,0,-33,-28,0,2,2,0,0,4,4,-2,4,6,2,5,3,-2,2,4,0,1,-126,4,1,5,-2,0,0,1,0,0,-1,1,1
KR_6750124810,420,1,58,-12,5,0,0,0,-1,1,2,3,6,3,3,3,0,0,0,0,0,4,-117,1,1,2,-3,0,1,-1,1,1,1,1,1
KR_6720596477,440,3,-27,32,3,1,3,2,1,3,2,0,2,2,1,6,5,0,0,0,-1,3,22,0,4,4,-6,0,-1,1,1,-1,-1,6,1
KR_6711481772,420,2,50,0,2,-2,0,2,-4,1,5,3,5,2,5,5,0,0,1,1,0,7,6,6,0,6,-5,0,1,-1,-1,1,-1,2,1
KR_6722657179,440,4,20,40,8,4,4,0,1,2,1,5,6,1,-1,4,5,-1,2,3,0,5,5,2,7,9,-2,0,1,1,1,1,1,4,1
KR_6594056732,420,-6,3,-31,-9,-4,1,5,-3,0,3,1,2,1,-1,2,3,-2,0,2,0,-9,-19,-4,5,1,2,0,-1,-1,-1,-1,-1,5,1
KR_6632187688,420,8,112,-4,15,8,9,1,1,2,1,4,4,0,2,3,1,0,0,0,0,6,-4,6,0,6,1,0,2,1,-1,1,1,3,1
KR_6756294077,420,-1,37,-28,-5,0,2,2,1,2,1,-2,0,2,-1,0,1,-3,1,4,0,-6,28,3,2,5,-1,0,0,-1,-1,1,1,4,1
KR_6678902250,420,0,10,16,-1,-1,1,2,1,2,1,-1,1,2,-1,1,2,1,1,0,0,1,-4,2,0,2,-1,0,0,1,1,0,1,4,1
KR_6751475070,420,1,46,-12,7,-3,1,4,1,2,1,8,8,0,3,4,1,-2,0,2,2,4,1,-1,4,3,2,0,0,-1,-1,0,-1,3,1
KR_6644715093,420,3,-4,17,9,3,3,0,1,3,2,-1,1,2,4,4,0,2,2,0,0,7,-6,-1,4,3,-2,0,1,0,1,1,1,0,1
KR_6661172556,420,2,-20,-4,14,4,4,0,4,9,5,4,5,1,3,4,1,-1,2,3,0,13,109,3,1,4,-2,0,1,1,1,1,1,2,1
KR_6751539375,420,3,59,-4,0,0,1,1,-6,1,7,5,8,3,-1,3,4,2,5,3,-1,-11,-3,0,3,3,0,0,0,0,0,0,-1,0,1
KR_6762487296,420,-1,-49,28,-2,-5,1,6,3,3,0,-1,4,5,1,5,4,0,2,2,0,-3,301,0,1,1,1,0,-1,1,-1,-1,1,4,1
KR_6550473019,420,1,36,4,3,-1,1,2,0,4,4,-2,1,3,6,8,2,0,0,0,0,-2,4,-2,4,2,-2,0,1,1,1,1,-1,5,1
KR_6735295836,420,2,28,0,0,8,8,0,1,2,1,-3,1,4,-5,2,7,-1,0,1,1,-2,-7,3,0,3,0,0,-1,-1,1,-1,1,3,1
KR_6753620227,420,3,97,32,5,-1,4,5,-2,1,3,3,7,4,5,5,0,0,1,1,0,4,-343,3,1,4,0,0,-1,1,-1,-1,1,1,1
KR_6646714199,420,1,-3,4,-1,1,2,1,-6,1,7,1,2,1,2,2,0,1,1,0,0,2,-30,-1,2,1,24,0,0,-1,-1,1,-1,5,1
KR_6736751121,420,-2,32,16,-10,-1,1,2,-2,1,3,-1,2,3,-2,2,4,-4,1,5,0,-10,6,-2,4,2,1,0,1,-1,-1,1,-1,5,1
KR_6729774248,420,0,81,-12,4,-3,1,4,2,3,1,2,3,1,3,4,1,0,1,1,0,-1,-8,-1,4,3,1,0,0,1,-1,-1,1,2,1
KR_6567005096,420,6,99,16,6,1,2,1,0,2,2,2,4,2,2,4,2,1,1,0,0,-3,4,2,2,4,4,0,2,1,1,1,1,1,1
KR_6748316620,420,0,-62,-12,7,-1,2,3,2,2,0,1,3,2,5,5,0,0,0,0,0,16,9,4,0,4,2,0,0,1,-1,-1,-1,5,1
KR_6646454970,420,-3,-5,16,2,-2,1,3,-1,2,3,7,8,1,-2,3,5,0,0,0,0,0,2,1,5,6,-1,0,0,-1,0,0,1,2,1
KR_6721121993,420,2,-33,37,0,-5,0,5,-2,0,2,4,7,3,0,2,2,3,3,0,0,0,202,2,3,5,2,0,0,0,1,1,-1,0,1
KR_6728354120,420,2,-21,24,5,-2,2,4,1,3,2,1,3,2,4,5,1,1,2,1,0,11,92,-3,6,3,-21,0,0,1,1,0,-1,4,1
KR_6732324053,420,4,106,39,2,1,1,0,-2,1,3,1,3,2,1,2,1,1,2,1,0,-4,-41,0,2,2,-1,0,1,1,-1,1,-1,4,1
KR_6745660271,420,1,36,-15,11,1,2,1,10,11,1,1,1,0,0,4,4,-1,1,2,0,15,-14,-2,6,4,10,0,1,1,1,1,1,5,1
KR_6653793214,420,0,31,10,1,0,1,1,-3,0,3,1,4,3,5,5,0,-2,0,2,0,-2,3,1,0,1,0,0,0,-1,-1,0,1,2,1
KR_6724701030,420,5,55,56,10,-1,0,1,2,5,3,9,10,1,-3,1,4,3,3,0,0,3,8,1,4,5,-1,0,2,1,1,1,-1,6,1
KR_6676145178,420,7,43,32,17,7,8,1,6,6,0,5,5,0,0,1,1,-1,2,3,0,13,-47,-4,5,1,20,0,3,1,1,1,1,2,1
KR_6621318650,440,9,-50,56,12,1,2,1,5,6,1,3,3,0,3,3,0,0,1,1,0,8,26,3,1,4,0,0,0,1,1,0,1,6,1
KR_6551966727,420,1,-11,8,4,1,3,2,2,3,1,2,6,4,1,2,1,-2,0,2,0,5,32,-3,5,2,-1,0,1,1,1,1,1,6,1
KR_6728747953,440,5,38,7,10,0,1,1,4,6,2,2,4,2,4,4,0,0,2,2,0,6,17,0,3,3,2,0,1,-1,-1,1,1,5,1
KR_6757986607,440,3,65,16,2,2,3,1,-4,2,6,4,4,0,-1,2,3,1,2,1,0,-3,-16,-1,2,1,0,0,1,1,1,1,1,3,1
KR_6631654067,420,2,5,-28,7,1,1,0,-6,2,8,1,1,0,11,13,2,0,0,0,0,8,3,0,6,6,-6,0,0,1,0,0,1,3,1
KR_6715541093,420,-1,21,51,0,1,2,1,3,3,0,-2,2,4,0,0,0,-2,1,3,0,2,44,3,1,4,-25,0,0,1,0,1,-1,3,1
KR_6711387467,420,0,-23,-12,4,5,5,0,-1,1,2,1,3,2,-1,2,3,0,0,0,0,2,8,5,1,6,2,0,0,1,1,1,1,6,1
KR_6701954925,440,4,30,10,16,6,7,1,6,9,3,-3,0,3,4,4,0,3,5,2,-1,14,5,-3,4,1,3,0,1,1,1,1,-1,4,1
KR_6724195726,440,2,33,25,2,2,3,1,2,4,2,1,3,2,-3,2,5,0,2,2,0,-2,2,6,2,8,5,0,0,0,0,0,1,0,1
KR_6744799288,440,4,98,0,7,4,6,2,-2,1,3,3,5,2,-1,0,1,3,4,1,0,1,3,-1,1,0,-1,0,1,1,1,1,-1,2,1
KR_6660074143,440,1,-5,12,6,3,3,0,1,3,2,-1,1,2,4,4,0,-1,0,1,1,2,4,-3,7,4,2,0,0,1,0,0,1,2,1
KR_6605279372,420,2,-22,8,1,-1,1,2,0,1,1,-1,2,3,3,3,0,0,0,0,0,5,53,2,0,2,-29,0,1,-1,1,1,1,6,1
KR_6614538144,420,-2,-67,-53,-4,-1,0,1,-3,1,4,2,4,2,-2,1,3,0,3,3,0,-7,-9,3,1,4,-2,0,0,1,-1,0,-1,3,1
KR_6759185849,420,2,91,-1,6,2,4,2,-3,0,3,1,1,0,6,8,2,0,3,3,0,8,2,2,0,2,1,0,0,1,1,1,1,4,1
KR_6726379517,420,1,-21,-4,0,4,5,1,-2,3,5,-2,2,4,0,0,0,0,0,0,0,0,38,3,2,5,-8,0,0,-1,-1,-1,1,6,1
KR_6603526911,420,3,26,30,6,-1,0,1,5,5,0,-1,3,4,2,4,2,1,1,0,0,8,-8,6,0,6,1,0,-1,1,1,1,-1,4,1
KR_6594125486,420,1,32,4,0,0,1,1,3,3,0,-2,1,3,-2,1,3,1,1,0,0,2,2,1,3,4,1,0,0,1,-1,0,-1,5,1
KR_6741149506,420,7,106,26,4,2,4,2,1,1,0,1,5,4,0,3,3,0,2,2,0,1,-15,-2,5,3,2,0,1,1,0,1,-1,3,1
KR_6578740302,420,-5,-67,-16,-7,-6,1,7,1,5,4,0,2,2,1,1,0,-3,0,3,0,-3,3,2,1,3,-4,0,0,1,0,-1,-1,4,1
KR_6762972636,440,4,60,16,8,-1,2,3,1,3,2,11,11,0,1,3,2,-4,0,4,1,11,6,-1,1,0,0,0,2,1,-1,1,1,4,1
KR_6695651558,420,0,68,-21,-1,6,6,0,-2,2,4,-5,2,7,-1,2,3,1,2,1,0,1,-8,-2,6,4,-1,0,3,-1,1,1,1,1,1
KR_6144122888,420,4,-10,20,9,-1,3,4,1,4,3,6,6,0,2,3,1,1,1,0,1,12,-223,0,4,4,4,0,0,1,-1,0,1,4,1
KR_6699966467,440,-1,-4,-25,-1,3,5,2,-3,3,6,-1,2,3,-3,4,7,3,4,1,2,2,-7,-6,6,0,0,0,0,1,-1,-1,1,4,1
KR_6694609753,440,3,69,32,8,6,6,0,-5,1,6,-2,1,3,11,11,0,-2,2,4,0,-1,-41,5,3,8,16,0,2,-1,-1,1,-1,1,1
KR_6645179850,420,0,50,-1,8,-2,0,2,0,1,1,6,7,1,2,3,1,2,2,0,0,10,5,-2,4,2,2,0,1,1,-1,1,1,3,1
KR_6747711902,420,1,58,4,1,-3,2,5,1,2,1,4,4,0,-1,2,3,0,1,1,-1,0,53,-3,4,1,-22,0,0,1,-1,0,-1,5,1
KR_6749070610,420,0,-20,4,-6,1,2,1,2,4,2,-7,0,7,-1,1,2,-1,0,1,-1,-14,-2,0,3,3,3,0,0,-1,0,0,-1,4,1
KR_6616799749,420,1,-11,28,4,1,1,0,4,4,0,-1,1,2,0,1,1,0,0,0,0,5,-4,2,0,2,1,0,0,-1,0,0,1,1,1
KR_6662789918,440,2,49,-4,15,4,4,0,1,2,1,1,3,2,7,9,2,2,3,1,0,11,0,-4,7,3,3,0,1,1,-1,1,1,1,1
KR_6689819177,420,0,-41,-20,0,1,2,1,-1,1,2,-2,2,4,1,2,1,1,1,0,0,0,-19,3,2,5,-1,0,0,1,-1,0,1,6,1
KR_6530914753,420,0,-43,-24,-3,-2,2,4,-3,3,6,1,6,5,-1,2,3,2,2,0,2,10,-307,1,0,1,2,0,-1,1,1,1,1,5,1
KR_6668451169,420,-1,-23,3,-2,1,1,0,2,2,0,-4,1,5,-1,1,2,0,1,1,1,1,-13,-1,3,2,1,0,0,-1,0,-1,1,5,1
KR_6731326545,420,-1,-22,-4,1,-6,1,7,6,6,0,3,5,2,-1,1,2,-1,0,1,0,-1,-3,-3,4,1,0,0,-1,-1,1,-1,-1,1,1
KR_6725610357,420,0,-5,8,7,3,4,1,0,4,4,2,5,3,1,2,1,1,1,0,1,11,242,-2,5,3,1,0,0,1,1,0,1,4,1
KR_6728596885,420,-1,49,16,-1,2,4,2,-2,1,3,-2,1,3,2,5,3,-1,4,5,0,3,2,3,0,3,-3,0,0,1,0,1,1,1,1
KR_6726435682,420,1,27,-11,7,0,1,1,1,1,0,4,6,2,5,7,2,-3,0,3,0,6,-57,2,2,4,14,0,1,1,1,1,-1,4,1
KR_6763146357,420,-1,-14,13,-7,-8,0,8,-1,0,1,1,1,0,0,0,0,1,1,0,0,-5,-27,-5,7,2,0,0,0,-1,-1,-1,-1,5,1
KR_6538125218,420,4,58,16,7,4,4,0,-1,0,1,3,5,2,1,2,1,0,0,0,0,-1,-26,-1,1,0,29,0,1,1,0,1,-1,5,1
KR_6658747241,440,6,159,55,10,5,5,0,0,1,1,5,6,1,-3,1,4,3,3,0,0,5,-8,0,1,1,-1,0,1,-1,0,1,1,5,1
KR_6649790437,420,-2,-67,0,0,1,5,4,0,3,3,-1,2,3,-2,1,3,2,3,1,0,8,0,1,4,5,4,0,-1,1,1,-1,1,5,1
KR_6759129404,420,-1,-20,24,-3,-2,0,2,-2,2,4,-4,2,6,5,9,4,0,2,2,0,3,-38,5,1,6,18,0,0,-1,1,0,1,4,1
KR_6752108362,420,5,97,-4,11,8,8,0,-2,2,4,2,2,0,1,1,0,2,2,0,0,6,1,0,6,6,-2,0,1,-1,1,1,1,3,1
KR_6735972520,440,2,71,4,3,0,1,1,-1,2,3,-1,4,5,4,5,1,1,1,0,0,-8,8,-2,4,2,-3,0,1,1,-1,1,1,6,1
KR_6610585966,440,4,7,-5,13,2,4,2,5,6,1,2,2,0,6,8,2,-2,1,3,0,10,1,2,3,5,1,0,0,1,-1,1,1,4,1
KR_6722155267,420,0,-3,0,-1,0,1,1,-2,2,4,-4,1,5,2,3,1,3,4,1,0,7,-26,2,3,5,16,0,0,1,0,-1,1,1,1
KR_6591860732,420,3,9,20,1,1,5,4,2,2,0,-1,0,1,0,4,4,-1,1,2,-1,0,3,1,0,1,-2,0,1,1,1,1,-1,1,1
KR_6141624094,420,-3,-21,-10,1,-3,1,4,3,6,3,2,5,3,-1,5,6,0,1,1,0,-1,5,1,3,4,-1,0,-1,1,-1,-1,-1,3,1
KR_6746440629,440,2,13,17,-1,0,3,3,-3,1,4,6,7,1,-5,0,5,1,2,1,1,-5,28,1,1,2,-5,0,1,1,1,1,1,1,1
KR_6753980161,440,4,25,20,4,0,4,4,2,3,1,2,3,1,-3,0,3,3,3,0,0,3,-11,-2,7,5,3,0,0,0,0,0,-1,0,1
KR_6431016569,420,3,7,33,9,1,2,1,-1,0,1,2,4,2,5,7,2,2,3,1,2,9,2,1,5,6,-2,0,2,1,0,1,-1,1,1
KR_6688731931,420,-3,-26,-56,-4,-1,0,1,2,2,0,2,4,2,-6,0,6,-1,0,1,0,-1,1,4,2,6,-1,0,-1,1,1,-1,1,3,1
KR_6601110816,420,6,81,23,14,3,4,1,1,1,0,4,4,0,5,5,0,1,1,0,0,9,1,-1,3,2,2,0,2,0,-1,1,1,0,1
KR_6538453078,420,5,96,28,8,2,3,1,-3,3,6,2,4,2,5,6,1,2,2,0,0,0,-114,2,0,2,1,0,1,1,1,1,1,6,1
KR_6633815557,420,2,-29,-16,5,2,4,2,0,4,4,0,3,3,2,3,1,1,3,2,0,4,-31,-1,6,5,5,0,-1,0,-1,-1,1,0,1
KR_6744584747,420,7,111,-8,15,2,4,2,6,6,0,5,7,2,2,7,5,0,1,1,0,10,0,3,4,7,3,0,2,-1,1,1,1,6,1
KR_6683215083,420,4,29,20,7,-3,1,4,2,4,2,5,6,1,2,4,2,1,1,0,-1,6,1,3,0,3,0,0,2,-1,0,1,-1,2,1
KR_6712776221,440,3,42,-8,19,4,4,0,2,6,4,0,3,3,7,7,0,6,7,1,2,19,21,-2,3,1,-2,0,2,-1,-1,1,1,5,1
KR_6679673021,420,2,50,-2,6,-2,1,3,3,4,1,2,3,1,1,5,4,2,2,0,0,11,2,-4,6,2,2,0,1,1,-1,1,1,1,1
KR_6684244829,420,4,123,-18,13,5,5,0,-1,2,3,3,4,1,2,2,0,4,5,1,0,2,-10,3,0,3,5,0,1,1,0,1,1,2,1
KR_6385493452,440,2,28,24,2,1,2,1,2,5,3,1,1,0,-3,1,4,1,1,0,1,-3,11,0,3,3,-8,0,1,1,1,1,1,4,1
KR_6763231778,440,3,87,-4,3,1,2,1,0,0,0,7,13,6,2,5,3,-7,1,8,-3,-13,17,0,6,6,3,0,3,1,1,1,-1,4,1
KR_6241758216,420,3,32,15,-1,0,2,2,3,4,1,-1,3,4,-2,0,2,-1,1,2,0,-2,13,6,0,6,-3,0,1,1,1,1,-1,4,1
KR_6750198646,420,2,-98,36,11,0,0,0,4,5,1,2,4,2,3,6,3,2,4,2,0,4,-33,0,5,5,31,0,1,0,1,1,1,0,1
KR_6138044661,420,-4,1,12,-7,-1,0,1,-2,2,4,-2,1,3,-5,1,6,3,3,0,-1,-8,2,1,2,3,-2,0,0,-1,-1,-1,-1,3,1
KR_6475403496,420,1,-81,16,1,4,5,1,-1,0,1,0,1,1,0,1,1,-2,0,2,0,-1,-7,-1,3,2,3,0,0,-1,1,0,-1,3,1
KR_6713545853,440,2,-25,27,5,1,3,2,2,2,0,-2,1,3,3,9,6,1,5,4,1,5,-342,3,1,4,0,0,1,1,0,1,1,1,1
KR_6734431242,440,2,66,16,0,0,4,4,2,4,2,-2,1,3,-1,3,4,1,1,0,1,-8,-7,-9,9,0,2,0,0,1,1,1,-1,3,1
KR_6745808216,420,-4,28,-12,-7,-4,3,7,0,3,3,0,0,0,0,0,0,-3,0,3,1,-6,-24,0,2,2,2,0,0,1,1,0,1,1,1
KR_6762347082,420,2,52,21,-1,-5,0,5,0,0,0,3,4,1,1,1,0,0,0,0,0,0,2,0,2,2,1,0,-1,1,0,-1,-1,4,1
KR_6669158385,420,1,44,-4,-3,4,6,2,-1,0,1,-2,3,5,-6,1,7,2,4,2,1,-4,-3,0,5,5,0,0,-1,1,-1,1,1,4,1
KR_6724179945,440,-3,-1,-4,1,-2,2,4,-3,0,3,1,1,0,3,3,0,2,2,0,0,1,-4,-3,4,1,2,0,-2,1,-1,-1,-1,1,1
KR_6744929083,420,-2,-50,-28,-2,-4,4,8,-2,0,2,1,1,0,4,4,0,-1,1,2,3,6,-123,-4,5,1,0,0,0,-1,-1,1,1,6,1
KR_6635978948,420,1,26,15,0,4,4,0,-3,0,3,-2,0,2,1,4,3,0,1,1,0,-4,-140,-1,2,1,3,0,1,-1,1,1,-1,2,1
KR_6665057217,420,0,11,32,1,1,2,1,-1,2,3,-5,1,6,6,6,0,0,1,1,0,4,-20,-2,3,1,3,0,1,1,1,1,1,6,1
KR_6525363540,420,2,113,-3,-9,-1,1,2,-2,5,7,-3,0,3,-1,4,5,-2,1,3,-3,-11,2,-1,3,2,1,0,0,-1,-1,1,-1,2,1
KR_6758080383,420,4,78,32,5,-3,0,3,0,5,5,2,4,2,4,8,4,2,2,0,0,1,-12,2,1,3,0,0,0,1,-1,0,1,3,1
KR_6759208410,440,4,24,-6,3,1,2,1,1,3,2,0,1,1,1,1,0,0,1,1,-1,4,-2,2,4,6,-1,0,0,1,-1,1,-1,6,1
KR_6735504966,440,-2,-69,-7,-5,0,3,3,-2,1,3,-1,3,4,-4,0,4,2,2,0,0,-5,-6,3,3,6,-6,0,-1,0,0,-1,-1,0,1
KR_6649741906,420,2,79,-16,7,3,3,0,3,5,2,1,1,0,0,2,2,0,0,0,0,4,16,1,0,1,1,0,0,1,1,0,1,2,1
KR_6760309859,420,2,17,33,-6,-2,2,4,5,6,1,-2,3,5,-4,0,4,-3,0,3,-3,-10,-4,-5,6,1,-4,0,1,-1,1,1,-1,6,1
KR_6687875025,440,-1,13,17,-2,0,1,1,-2,1,3,-2,3,5,1,1,0,1,1,0,0,6,31,-4,4,0,-1,0,-1,1,-1,-1,-1,4,1
KR_6762784254,420,-2,-70,28,-10,-1,0,1,0,1,1,-3,0,3,-4,7,11,-2,0,2,-1,-16,6,3,1,4,-4,0,0,1,0,-1,-1,1,1
KR_6676242599,420,-1,0,4,1,2,2,0,0,2,2,-2,2,4,1,4,3,0,1,1,0,1,-49,-3,4,1,17,0,-1,1,1,-1,1,5,1
KR_6753582567,420,3,106,19,5,0,0,0,-1,2,3,3,5,2,3,4,1,0,0,0,0,4,-1,0,3,3,2,0,0,-1,0,0,1,1,1
KR_6743389046,420,1,66,-16,10,-2,2,4,4,5,1,-1,1,2,7,7,0,2,3,1,1,3,-18,-1,6,5,11,0,1,1,1,1,1,2,1
KR_6738949625,420,1,-16,24,9,-4,0,4,7,8,1,-2,4,6,4,5,1,4,5,1,-2,6,-7,1,1,2,0,0,-2,1,-1,-1,-1,2,1
KR_6747159881,420,4,24,21,12,1,3,2,6,7,1,5,7,2,3,3,0,-3,0,3,1,4,-16,0,3,3,3,0,1,-1,1,1,1,5,1
KR_6751183075,420,5,98,14,9,-3,0,3,4,5,1,4,5,1,3,5,2,1,1,0,0,13,25,7,1,8,1,0,1,0,0,1,-1,0,1
KR_6643970785,420,3,25,44,8,9,10,1,5,6,1,0,4,4,-6,1,7,0,0,0,3,6,-1,1,0,1,-2,0,1,1,1,1,1,4,1
KR_6763337609,440,0,-57,2,-1,4,6,2,-1,2,3,2,3,1,-4,1,5,-2,1,3,1,2,-405,1,2,3,0,0,0,1,1,-1,1,5,1
KR_6697462127,420,1,54,-6,5,1,3,2,-2,6,8,4,5,1,1,2,1,1,1,0,2,-2,2,0,1,1,-2,0,3,1,-1,1,1,5,1
KR_6444974995,420,4,-27,20,6,1,1,0,0,1,1,5,6,1,-2,1,3,2,3,1,0,3,-4,-5,7,2,1,0,0,0,1,1,1,0,1
KR_6493355933,420,-3,-55,1,-3,0,1,1,-3,1,4,3,4,1,-3,1,4,0,0,0,0,-1,9,1,4,5,-4,0,0,0,1,0,1,0,1
KR_6707277767,420,0,29,-56,0,-5,0,5,-2,0,2,3,4,1,2,2,0,2,2,0,0,0,-17,-1,2,1,1,0,1,1,0,1,-1,6,1
KR_6719003941,420,3,-31,12,7,7,7,0,0,3,3,2,2,0,-2,3,5,0,4,4,0,-1,1,4,0,4,0,0,-1,1,-1,-1,-1,6,1
KR_6475473702,420,4,9,-13,10,-1,0,1,8,9,1,0,2,2,3,3,0,0,0,0,0,8,-11,2,3,5,4,0,0,1,1,0,-1,2,1
KR_5762015173,420,3,51,0,5,2,3,1,-8,1,9,7,8,1,4,4,0,0,2,2,0,1,-9,2,3,5,2,0,1,-1,0,1,-1,1,1
KR_6606816085,420,5,71,20,12,-1,2,3,2,2,0,8,8,0,3,3,0,0,1,1,0,8,5,-1,3,2,2,0,1,1,1,1,1,2,1
KR_6759665141,440,2,57,-6,4,1,2,1,0,4,4,2,4,2,0,1,1,1,1,0,0,9,1,1,3,4,-3,0,3,0,1,1,-1,0,1
KR_6745800623,420,0,-5,-28,-2,-2,0,2,-4,1,5,3,4,1,4,6,2,-3,4,7,0,0,-1,2,1,3,3,0,2,0,0,1,1,0,1
KR_6624513291,420,5,54,19,9,3,5,2,6,6,0,3,3,0,-2,1,3,-1,0,1,0,2,-1,1,2,3,1,0,2,1,0,1,1,3,1
KR_6749562003,420,3,-25,-12,9,1,2,1,7,7,0,-1,4,5,1,1,0,1,1,0,0,18,-24,2,2,4,20,0,-1,1,-1,-1,-1,3,1
KR_6722010589,420,5,57,24,9,1,2,1,1,2,1,0,1,1,1,2,1,6,6,0,1,5,2,4,3,7,2,0,0,1,1,1,1,3,1
KR_6759834650,420,3,88,-20,3,-2,0,2,7,7,0,7,7,0,-5,0,5,-4,0,4,0,-1,-13,1,0,1,4,0,2,-1,1,1,-1,1,1
KR_6706720688,420,4,45,29,-6,-6,0,6,-1,1,2,3,3,0,0,2,2,-2,2,4,0,-4,5,0,2,2,2,0,2,1,-1,1,1,3,1
KR_6737623640,420,2,-7,4,5,2,3,1,6,7,1,-1,4,5,-2,3,5,0,2,2,0,0,5,1,10,11,1,0,1,0,0,1,1,0,1
KR_6688836645,420,2,7,8,7,-1,2,3,2,4,2,3,3,0,1,5,4,2,3,1,1,6,-3,-3,7,4,3,0,0,1,-1,0,1,4,1
KR_6662080994,420,3,64,0,1,0,1,1,2,3,1,0,0,0,0,0,0,-1,0,1,0,0,-7,0,4,4,2,0,0,1,1,0,-1,5,1
KR_6714035161,420,7,95,56,5,1,2,1,1,1,0,3,3,0,-1,1,2,1,2,1,0,4,-287,-2,5,3,0,0,0,0,1,1,1,0,1
KR_6727101159,420,-1,34,-28,2,-5,0,5,-2,0,2,3,5,2,4,6,2,2,2,0,0,7,25,-5,8,3,-8,0,-1,-1,-1,-1,-1,5,1
KR_6598540084,420,4,121,27,9,4,4,0,1,3,2,2,2,0,1,1,0,1,2,1,0,6,18,2,2,4,-4,0,2,1,-1,1,1,4,1
KR_6638414880,420,-3,-3,-4,-4,-1,1,2,1,4,3,-3,0,3,-4,2,6,3,3,0,-1,-4,273,2,1,3,1,0,0,1,-1,0,-1,5,1
KR_6746882077,420,3,-26,12,5,-5,1,6,1,3,2,1,1,0,7,7,0,1,1,0,0,9,4,0,1,1,-1,0,-1,-1,-1,-1,-1,5,1
KR_6702561016,420,6,126,15,22,8,8,0,-2,3,5,6,6,0,8,8,0,2,3,1,3,30,6,3,1,4,-2,1,7,1,1,1,1,3,1
KR_6582465160,420,3,74,4,9,4,5,1,4,6,2,0,3,3,2,6,4,-1,0,1,-1,-6,-7,-1,4,3,1,0,1,1,1,1,-1,3,1
KR_6736904889,420,4,59,16,10,1,2,1,0,2,2,7,8,1,3,4,1,-1,0,1,0,5,41,-3,4,1,-22,0,1,1,1,1,1,1,1
KR_6726948778,420,0,25,3,-1,-3,0,3,1,6,5,-3,2,5,5,7,2,-1,1,2,0,-2,-323,-2,2,0,-5,0,1,-1,-1,1,-1,5,1
KR_6513385371,420,1,-8,24,4,-4,1,5,5,8,3,1,3,2,2,3,1,0,1,1,0,9,-14,-1,3,2,2,0,0,-1,1,0,1,5,1
KR_6753244009,420,4,56,12,1,-4,1,5,0,6,6,0,4,4,3,4,1,2,2,0,0,-1,-271,-1,2,1,4,0,0,-1,1,1,1,3,1
KR_6696650460,420,2,-59,-3,-4,-4,0,4,6,7,1,2,2,0,-7,1,8,-1,0,1,-1,-3,-24,2,2,4,0,0,-1,-1,-1,-1,-1,4,1
KR_6592541680,420,2,31,20,0,0,1,1,-1,2,3,1,3,2,0,5,5,0,2,2,0,0,-1,1,3,4,2,0,0,-1,1,-1,1,3,1
KR_6742473881,440,-1,-86,12,-5,-3,1,4,-3,0,3,-5,3,8,5,6,1,1,1,0,0,1,10,-4,7,3,-2,0,-1,0,0,-1,-1,0,1
KR_6533908896,420,1,46,-4,0,2,4,2,0,1,1,0,1,1,1,3,2,-3,0,3,0,0,124,2,7,9,-1,0,2,1,1,1,1,2,1
KR_6725905274,420,-1,22,30,-1,0,1,1,-1,1,2,-2,0,2,-1,2,3,3,3,0,0,-2,192,3,2,5,0,0,0,1,-1,0,-1,6,1
KR_6656651208,420,0,5,8,4,2,2,0,1,3,2,3,5,2,-1,4,5,-1,1,2,2,-2,106,-2,5,3,2,0,0,1,1,0,1,4,1
KR_6708831711,420,7,82,39,13,3,3,0,5,9,4,1,1,0,3,3,0,1,1,0,3,11,21,1,1,2,0,0,3,1,-1,1,1,4,1
KR_6751637621,420,2,87,17,12,3,5,2,0,2,2,1,6,5,8,8,0,0,2,2,1,10,1,-1,5,4,-2,0,1,0,0,1,1,0,1
KR_6676449971,420,1,-32,28,7,1,3,2,1,2,1,-2,1,3,7,8,1,0,1,1,0,4,5,-1,8,7,-7,0,0,1,1,0,-1,2,1
KR_6606532207,420,0,-13,-16,3,4,5,1,-2,2,4,-3,0,3,1,2,1,3,4,1,0,6,5,1,1,2,1,0,2,1,1,1,1,1,1
KR_6732117962,440,2,-3,4,-1,-1,5,6,-1,2,3,-1,3,4,-4,1,5,6,8,2,-2,-9,-5,4,1,5,-3,0,-1,-1,0,-1,-1,1,1
KR_6530313116,420,7,126,18,19,2,3,1,7,10,3,0,1,1,8,10,2,2,2,0,0,16,-12,6,1,7,3,0,3,1,1,1,1,2,1
KR_6695905484,440,-5,-47,-20,-7,0,4,4,-2,2,4,-7,0,7,0,2,2,2,2,0,0,-4,0,0,4,4,-3,0,-2,-1,-1,-1,1,5,1
KR_6659045365,420,1,-10,-4,2,0,1,1,0,1,1,0,5,5,1,2,1,1,1,0,-1,4,38,-3,4,1,2,0,0,1,1,0,-1,1,1
KR_6743907935,440,0,-29,8,3,1,1,0,6,10,4,1,1,0,-6,2,8,1,2,1,2,3,11,1,2,3,2,0,-1,1,1,1,1,6,1
KR_6740073501,420,0,-23,-12,6,3,4,1,3,5,2,0,2,2,1,3,2,-1,1,2,0,7,-490,6,2,8,10,0,0,1,1,0,-1,5,1
KR_6626294259,420,0,-61,3,4,-7,2,9,2,3,1,1,4,3,6,9,3,2,2,0,2,10,11,3,1,4,1,0,-1,-1,1,-1,1,3,1
KR_5896870667,440,2,42,-7,-3,-5,0,5,0,1,1,-1,1,2,1,1,0,2,2,0,0,-1,15,1,1,2,3,0,-1,-1,-1,-1,-1,4,1
KR_6760000588,420,-2,28,-32,-2,-2,2,4,-2,5,7,-1,1,2,2,3,1,1,2,1,0,-2,1,2,0,2,1,0,-1,-1,-1,1,1,6,1
KR_6729813051,440,3,128,-27,10,0,1,1,-2,2,4,4,5,1,7,7,0,1,1,0,2,2,10,0,5,5,-3,0,1,-1,-1,1,1,3,1
KR_6113946901,420,-1,-38,-24,0,-1,2,3,1,2,1,-1,0,1,2,2,0,-1,1,2,0,0,-1,-4,5,1,-4,0,0,1,-1,0,1,1,1
KR_6759364058,420,2,49,0,5,1,2,1,0,3,3,0,5,5,3,4,1,1,2,1,0,10,-45,3,0,3,26,0,0,0,0,0,1,0,1
KR_6642983550,420,-1,-73,12,-11,-4,0,4,-6,1,7,-2,0,2,0,4,4,1,2,1,-2,-6,-5,0,2,2,0,0,0,0,0,0,-1,0,1
KR_6750619101,420,1,27,12,2,4,4,0,4,5,1,-3,3,6,-1,4,5,-2,1,3,1,0,-41,1,1,2,28,0,0,0,1,0,1,0,1
KR_6689601560,420,-1,74,-4,-2,-2,2,4,-1,0,1,3,3,0,-3,0,3,1,2,1,-1,-7,0,-1,1,0,0,0,0,1,0,0,-1,3,1
KR_6705470859,420,0,-6,-6,1,-1,2,3,-1,1,2,2,5,3,1,1,0,0,0,0,-1,1,8,-1,1,0,-1,0,-1,-1,-1,-1,-1,2,1
KR_6760357752,420,3,39,-4,11,-1,0,1,3,5,2,-1,1,2,10,10,0,0,1,1,0,8,-344,1,3,4,-1,0,0,-1,1,0,1,3,1
KR_6675552168,420,2,-41,3,3,1,1,0,4,4,0,-4,1,5,1,1,0,1,3,2,0,9,0,-6,7,1,0,0,1,-1,1,1,-1,3,1
KR_6753595760,420,2,-2,8,-1,0,4,4,-1,1,2,1,3,2,5,6,1,-6,0,6,0,1,7,2,4,6,2,0,-1,1,1,-1,-1,5,1
KR_6097466386,420,0,5,0,3,2,3,1,2,3,1,3,4,1,1,2,1,-5,0,5,0,4,-3,1,4,5,-5,0,1,-1,-1,1,-1,5,1
KR_6503666703,420,3,66,2,3,2,3,1,3,5,2,-4,0,4,3,5,2,-1,0,1,2,0,48,7,0,7,-16,0,2,1,1,1,1,2,1
KR_6744825836,440,1,42,2,-8,-3,3,6,1,3,2,-5,1,6,0,3,3,-1,1,2,0,-7,-23,0,3,3,-4,0,0,1,-1,1,-1,1,1
KR_6662192760,420,1,-12,-13,0,2,2,0,-2,1,3,-1,4,5,-2,3,5,3,6,3,0,-4,-2,0,4,4,-2,0,0,0,1,1,-1,0,1
KR_6641783935,420,-1,51,0,-3,-3,0,3,0,5,5,-3,3,6,3,5,2,0,0,0,0,-3,-7,-1,2,1,1,0,1,1,1,1,1,5,1
KR_6762272274,440,1,-27,20,-2,-5,0,5,-1,0,1,5,8,3,-1,1,2,0,1,1,0,2,-2,-1,6,5,4,0,1,1,1,1,-1,2,1
KR_6738015248,420,2,-39,37,6,1,1,0,5,6,1,-1,1,2,1,3,2,0,1,1,0,3,5,-2,3,1,-3,0,0,0,1,0,1,0,1
KR_6658319693,440,5,64,28,8,1,1,0,3,3,0,4,6,2,2,3,1,-2,2,4,0,4,-1,-1,4,3,2,0,1,1,1,1,1,4,1
KR_6668824158,420,0,8,0,0,2,2,0,-2,3,5,2,3,1,0,2,2,-2,1,3,0,-3,5,1,2,3,-2,0,-1,0,0,-1,1,0,1
KR_6752004435,420,1,-2,0,5,1,3,2,0,2,2,1,3,2,2,6,4,1,2,1,-1,3,-27,-3,5,2,2,0,0,1,1,0,-1,3,1
KR_6763836562,420,-1,28,15,4,-4,0,4,6,6,0,3,4,1,0,0,0,-1,0,1,0,6,-488,0,1,1,-2,0,0,1,0,-1,1,1,1
KR_6731851187,420,1,-9,0,7,1,2,1,3,6,3,1,2,1,0,2,2,2,2,0,0,5,9,3,1,4,-1,0,0,1,1,1,1,4,1
KR_6711148391,420,1,42,-21,1,5,5,0,-3,1,4,0,1,1,0,4,4,-1,0,1,1,1,-34,-5,5,0,24,0,0,1,-1,-1,1,1,1
KR_6678216250,420,0,5,28,9,-3,1,4,0,2,2,-1,2,3,11,12,1,2,2,0,1,13,-2,-1,2,1,1,0,1,1,-1,1,-1,3,1
KR_6592217930,420,5,29,32,6,1,2,1,1,2,1,3,5,2,2,4,2,-1,2,3,0,2,14,0,1,1,0,0,2,-1,0,1,-1,4,1
KR_6605327772,420,2,11,26,7,-3,0,3,4,6,2,2,4,2,1,1,0,3,4,1,-3,5,-9,-6,7,1,3,0,0,1,-1,1,-1,1,1
KR_6659122190,420,-1,21,16,-9,-6,0,6,1,3,2,-1,1,2,-3,0,3,0,1,1,0,-10,2,1,5,6,1,0,0,1,-1,0,-1,3,1
KR_6758051024,440,-2,-85,-8,3,4,4,0,-2,0,2,3,7,4,-5,6,11,3,4,1,1,12,-310,-3,5,2,-2,0,-1,0,0,-1,1,0,1
KR_6741158688,440,5,105,4,10,6,6,0,4,5,1,4,6,2,-1,0,1,-3,1,4,0,4,276,5,1,6,15,0,0,1,1,1,1,6,1
KR_6723559241,420,3,56,32,9,5,7,2,5,5,0,0,2,2,-1,0,1,0,0,0,-1,2,-10,1,0,1,2,0,0,1,0,0,-1,4,1
KR_6610418998,420,-1,54,-20,3,0,1,1,1,3,2,-1,1,2,3,4,1,0,0,0,0,2,39,3,0,3,-27,0,1,1,0,1,1,4,1
KR_6607148273,420,-1,-10,-20,-4,4,4,0,3,6,3,-4,0,4,-6,0,6,-1,2,3,0,-2,25,2,0,2,-24,0,-1,0,0,-1,-1,0,1
KR_6750724598,420,1,-54,-28,1,0,3,3,5,5,0,0,2,2,-6,1,7,2,3,1,0,5,-356,-4,6,2,1,0,-1,-1,0,-1,-1,4,1
KR_6604293270,420,1,-31,-46,-1,-1,2,3,-1,3,4,1,3,2,0,0,0,0,0,0,0,-5,9,4,1,5,1,0,0,-1,1,0,-1,6,1
KR_6522759061,420,0,13,-24,-4,4,5,1,1,2,1,8,10,2,-13,1,14,-4,1,5,0,-5,-25,3,1,4,9,0,-1,1,1,-1,1,1,1
KR_6610644076,420,-1,14,-40,1,-2,0,2,2,5,3,0,4,4,0,2,2,1,1,0,-1,5,4,5,3,8,-4,0,-1,-1,-1,-1,-1,3,1
KR_6581661852,440,4,-2,43,16,9,10,1,2,4,2,1,2,1,2,2,0,2,4,2,1,14,148,4,4,8,-2,0,2,1,1,1,1,1,1
KR_6443739798,420,1,30,49,-2,-4,0,4,3,5,2,3,6,3,-2,3,5,-2,1,3,0,-6,3,6,2,8,-3,0,-1,1,-1,-1,1,6,1
KR_6764012335,420,0,69,0,3,-5,0,5,-1,0,1,0,3,3,8,10,2,1,1,0,0,4,2,1,0,1,1,0,1,-1,1,1,1,2,1
KR_6671237597,420,0,18,-40,5,4,4,0,0,0,0,-1,0,1,1,1,0,1,1,0,0,4,4,0,3,3,-3,0,1,-1,1,1,1,3,1
KR_6758028231,420,7,101,28,17,2,2,0,6,6,0,3,3,0,5,6,1,1,1,0,1,9,-10,-1,3,2,5,0,2,1,-1,1,1,5,1
KR_6676564370,420,3,55,-4,14,5,5,0,2,3,1,3,3,0,4,4,0,0,2,2,1,20,40,0,4,4,-1,0,3,-1,1,1,1,1,1
KR_6722281510,420,-1,-14,-8,-3,1,2,1,-3,3,6,-2,2,4,0,2,2,1,1,0,0,-1,-8,-5,8,3,1,0,0,-1,1,-1,-1,1,1
KR_6688820061,420,1,108,27,-1,3,3,0,-4,0,4,3,4,1,1,4,3,-4,1,5,0,-8,5,2,3,5,1,0,1,-1,1,1,-1,1,1
KR_6759890493,420,2,24,32,1,2,3,1,4,5,1,-1,3,4,-3,0,3,-1,0,1,0,-1,-47,0,3,3,24,0,1,0,1,1,-1,0,1
KR_6730109829,420,4,43,16,-2,-3,0,3,1,4,3,-1,2,3,1,4,3,0,1,1,-2,-7,11,5,1,6,-1,0,0,1,1,0,-1,5,1
KR_6658887031,420,2,-10,31,4,-7,0,7,2,4,2,0,5,5,10,10,0,-1,0,1,0,1,140,0,3,3,1,0,-1,1,1,-1,1,5,1
KR_6761353838,420,3,65,17,5,-1,0,1,1,5,4,2,2,0,3,5,2,0,1,1,0,0,-7,-5,8,3,-1,0,0,-1,-1,0,1,6,1
KR_6611890314,440,4,37,8,11,3,5,2,-1,3,4,9,10,1,0,2,2,0,2,2,0,2,-4,2,4,6,2,0,2,1,-1,1,1,2,1
KR_6548122170,420,1,-20,32,-3,1,2,1,-2,6,8,-1,0,1,-3,2,5,2,2,0,0,-12,6,1,3,4,-2,0,0,0,0,0,-1,0,1
KR_6759668548,440,3,116,0,8,3,3,0,5,5,0,1,3,2,1,4,3,-2,0,2,0,10,-12,5,2,7,1,0,1,1,1,1,1,5,1
KR_6644922603,420,6,124,47,12,8,8,0,1,6,5,1,3,2,-1,2,3,3,3,0,1,9,8,1,0,1,-1,0,3,1,-1,1,1,2,1
KR_6729852758,440,2,75,16,6,1,1,0,-1,1,2,-3,2,5,8,9,1,1,2,1,0,5,9,-3,4,1,3,0,1,1,1,1,-1,6,1
KR_6737279394,420,2,36,44,-7,3,4,1,-2,1,3,-5,1,6,-2,1,3,-1,0,1,0,-5,-2,2,2,4,1,0,2,1,1,1,1,2,1
KR_6739176754,420,5,116,24,9,-2,0,2,1,4,3,5,6,1,4,6,2,1,1,0,0,6,-10,-1,3,2,-2,0,1,-1,1,1,1,1,1
KR_6725905450,420,2,-26,24,8,-1,0,1,2,3,1,1,3,2,5,7,2,1,1,0,0,8,0,-1,1,0,5,0,1,1,-1,1,-1,5,1
KR_6695578517,420,-1,-39,19,-2,-1,2,3,-1,1,2,-2,1,3,4,4,0,-2,0,2,0,-1,114,-2,4,2,-3,0,1,1,1,1,1,6,1
KR_6639000646,420,1,163,1,2,0,0,0,-2,4,6,1,3,2,5,7,2,-2,1,3,0,-7,-31,0,2,2,18,0,2,1,1,1,-1,6,1
KR_6662710510,420,-2,6,-32,0,-1,0,1,0,4,4,-2,1,3,4,4,0,-1,0,1,2,8,56,4,2,6,-1,0,0,1,-1,1,1,2,1
KR_6762727417,420,2,81,17,5,2,5,3,-1,1,2,2,2,0,3,11,8,-1,1,2,1,-1,-7,2,0,2,1,0,1,1,-1,1,1,5,1
KR_6740308145,420,1,11,12,8,2,2,0,1,3,2,0,2,2,0,3,3,5,6,1,1,3,-1,-4,7,3,-2,0,1,1,1,1,1,5,1
KR_6723804060,420,0,17,8,-1,0,2,2,-3,1,4,3,3,0,-2,1,3,1,2,1,0,0,0,-7,9,2,3,0,1,-1,0,1,-1,5,1
KR_6724613495,420,1,0,-24,3,1,3,2,0,4,4,0,1,1,3,5,2,-1,0,1,0,3,4,1,3,4,-3,0,0,0,0,0,1,0,1
KR_6629952507,420,-3,-28,-25,-12,2,3,1,-2,3,5,-2,1,3,-5,2,7,-5,0,5,1,-10,10,-2,4,2,-2,0,-1,-1,0,-1,1,4,1
KR_6741954469,420,4,0,28,12,-2,3,5,9,10,1,1,2,1,3,3,0,1,1,0,0,15,83,4,1,5,3,0,1,1,1,1,1,4,1
KR_6652078733,420,-3,-29,-27,-1,1,1,0,-1,1,2,-2,1,3,0,0,0,1,1,0,0,2,-6,-2,4,2,-2,0,0,-1,0,0,1,2,1
KR_6740942446,420,4,77,-22,10,0,0,0,3,5,2,4,4,0,2,3,1,1,1,0,0,9,19,5,0,5,-2,0,0,1,-1,0,-1,2,1
KR_6755431069,420,4,98,8,8,4,4,0,-2,6,8,2,3,1,1,3,2,3,4,1,0,7,9,-4,4,0,6,0,1,1,1,1,1,2,1
KR_6452009887,420,0,5,-4,-4,1,2,1,-2,0,2,-1,3,4,-1,3,4,-1,2,3,0,-6,3,2,2,4,-4,0,0,1,-1,1,-1,1,1
KR_6749597872,420,1,31,27,0,-3,1,4,1,3,2,3,4,1,-1,2,3,0,1,1,0,1,23,-1,4,3,-20,0,-1,-1,-1,-1,1,1,1
KR_6760322890,420,2,67,-4,6,2,6,4,4,4,0,1,2,1,-1,1,2,0,0,0,0,3,6,5,1,6,-1,0,2,-1,1,1,1,3,1
KR_6574776335,420,1,-7,8,4,-6,1,7,3,3,0,4,6,2,3,3,0,0,2,2,1,9,258,5,2,7,2,0,-2,1,-1,-1,1,3,1
KR_6761735428,420,0,-16,23,2,3,6,3,0,0,0,3,5,2,-3,1,4,-1,1,2,0,-2,4,2,4,6,1,0,0,1,0,-1,-1,4,1
KR_6750550563,420,7,89,8,5,0,1,1,-3,1,4,8,8,0,3,3,0,-3,0,3,0,-3,-2,-3,4,1,2,0,0,-1,-1,-1,1,3,1
KR_6696623756,420,2,6,32,8,5,5,0,3,4,1,-2,3,5,2,3,1,0,4,4,0,4,424,1,3,4,0,0,1,1,1,1,-1,3,1
KR_6706138837,420,0,13,20,-4,-3,0,3,-1,3,4,0,1,1,0,1,1,0,1,1,0,0,-8,2,1,3,2,0,-1,1,-1,-1,-1,2,1
KR_6761832107,420,4,42,40,10,0,2,2,4,4,0,3,5,2,1,4,3,2,2,0,0,9,210,3,0,3,0,0,0,1,1,1,1,2,1
KR_6592455598,420,1,65,28,1,-1,5,6,0,1,1,4,4,0,-4,0,4,2,2,0,0,-3,2,1,4,5,-5,0,1,1,1,1,-1,5,1
KR_6612688289,420,0,86,0,-1,-2,0,2,0,2,2,0,1,1,-1,2,3,2,2,0,0,1,-116,0,2,2,-1,0,0,1,-1,0,1,3,1
KR_6704632993,420,4,57,11,2,0,1,1,0,1,1,-1,1,2,5,7,2,-2,0,2,0,4,41,-1,5,4,-20,0,1,0,1,1,1,0,1
KR_6727365594,420,7,126,36,7,1,2,1,0,1,1,2,2,0,4,5,1,0,0,0,-1,3,8,1,4,5,1,0,1,1,-1,1,-1,2,1
KR_6626621904,420,2,55,-8,6,1,2,1,3,4,1,3,4,1,-1,1,2,0,2,2,0,5,1,0,2,2,1,0,0,-1,1,-1,-1,6,1
KR_6656936872,420,0,-18,8,-1,-2,1,3,3,3,0,-2,0,2,1,2,1,-1,0,1,0,-2,-2,1,3,4,1,0,0,1,1,1,1,4,1
KR_6712559657,420,6,112,-24,7,-1,2,3,4,5,1,1,3,2,4,5,1,-1,0,1,0,9,7,0,5,5,-2,0,1,-1,1,1,1,4,1
KR_6628928352,420,1,-52,16,-2,-2,1,3,3,5,2,1,3,2,-1,0,1,-3,1,4,0,-2,7,0,3,3,-1,0,0,-1,1,1,-1,1,1
KR_6729344855,420,0,-21,12,3,-2,0,2,-1,3,4,7,7,0,-3,1,4,2,2,0,0,8,0,-1,5,4,5,0,0,1,-1,0,-1,3,1
KR_6752197657,440,3,5,20,8,1,3,2,0,2,2,1,2,1,5,7,2,1,2,1,0,13,5,7,3,10,-2,0,0,-1,1,0,1,4,1
KR_6717479579,440,4,-26,0,13,1,6,5,5,7,2,1,3,2,6,7,1,0,0,0,0,21,12,3,1,4,4,0,1,1,-1,1,1,5,1
KR_6706102833,420,-9,-76,-64,-11,-1,0,1,-6,0,6,1,3,2,-6,3,9,1,1,0,0,-3,4,4,0,4,0,0,-1,0,0,-1,-1,0,1
KR_6363065206,420,7,76,-8,11,2,3,1,3,5,2,4,4,0,3,5,2,-1,0,1,0,8,0,0,0,0,3,0,1,1,1,1,1,2,1
KR_6629985665,420,2,61,4,1,0,3,3,4,5,1,0,3,3,-3,2,5,0,1,1,0,-2,27,1,6,7,2,0,1,1,0,1,1,1,1
KR_6504409479,440,5,116,-12,-4,3,3,0,-4,1,5,0,1,1,-4,3,7,1,4,3,0,1,76,2,2,4,-1,0,0,1,1,1,1,3,1
KR_6437403690,420,5,65,-5,6,1,3,2,3,6,3,1,4,3,1,1,0,0,1,1,0,2,11,2,2,4,-5,0,1,-1,1,1,-1,6,1
KR_6573483080,420,4,22,30,16,0,2,2,8,10,2,0,2,2,5,5,0,3,4,1,0,14,-5,-1,7,6,7,0,1,1,1,1,1,2,1
KR_6702349257,420,0,35,-12,-1,3,3,0,-5,1,6,1,6,5,0,1,1,0,0,0,0,-3,-5,0,1,1,-1,0,0,1,1,-1,-1,5,1
KR_6754908568,420,-4,-6,16,-6,1,1,0,-1,1,2,-2,4,6,-3,2,5,-1,0,1,0,-9,385,7,4,11,1,0,2,1,1,1,-1,3,1
KR_6637236710,440,1,-19,16,3,-1,2,3,4,4,0,-2,1,3,2,6,4,0,2,2,-2,1,-6,-1,2,1,2,0,2,-1,1,1,-1,2,1
KR_6662889328,440,3,97,15,15,3,4,1,5,7,2,3,4,1,1,4,3,3,3,0,0,9,3,-2,4,2,2,0,1,-1,0,1,1,3,1
KR_6739199965,420,6,70,6,13,0,0,0,2,3,1,-1,1,2,11,11,0,1,1,0,-1,12,2,2,2,4,3,0,1,1,1,1,-1,3,1
KR_6597195857,420,1,-5,24,6,-2,0,2,5,6,1,1,3,2,1,2,1,1,2,1,-1,7,0,0,5,5,1,0,1,1,-1,1,-1,2,1
KR_6634668852,420,-1,6,-24,1,-3,0,3,2,4,2,1,3,2,1,4,3,0,2,2,0,-1,7,-1,2,1,-2,0,0,1,0,0,1,4,1
KR_6658491965,420,9,52,118,14,2,3,1,4,5,1,7,7,0,5,7,2,-4,0,4,1,18,19,3,0,3,1,0,3,1,1,1,1,5,1
KR_6759696099,420,-2,-58,4,-3,-2,0,2,1,2,1,-1,0,1,0,3,3,-1,0,1,0,-2,9,5,0,5,-2,0,0,1,-1,-1,-1,2,1
KR_6688263850,420,0,102,36,2,0,1,1,0,1,1,2,3,1,0,2,2,0,0,0,0,0,2,-7,7,0,1,0,0,1,1,1,1,5,1
KR_6761996973,420,-1,-31,-16,4,-3,2,5,-3,3,6,8,9,1,2,5,3,0,0,0,4,13,-220,-1,2,1,-1,0,-1,1,-1,-1,1,2,1
KR_6648936775,440,1,-78,16,3,2,3,1,-1,0,1,-1,0,1,1,3,2,2,2,0,0,5,66,-1,5,4,2,0,0,1,-1,0,-1,2,1
KR_6633981980,420,0,76,-22,4,4,4,0,2,4,2,3,4,1,-6,0,6,1,2,1,1,-2,2,2,1,3,1,0,1,0,1,1,1,0,1
KR_6745036676,420,3,85,8,5,2,3,1,0,3,3,2,5,3,0,3,3,1,1,0,-1,1,44,2,2,4,-23,0,0,-1,1,0,-1,1,1
KR_6711326421,420,2,71,-50,7,-1,2,3,2,3,1,9,12,3,-2,2,4,-1,1,2,-1,3,16,-3,5,2,4,0,0,-1,-1,1,-1,3,1
KR_6683118766,420,-1,23,2,1,3,6,3,-2,3,5,2,2,0,1,4,3,-3,0,3,0,5,6,3,3,6,-4,0,0,0,-1,1,1,0,1
KR_6422747256,420,-2,-14,-4,-4,-4,0,4,-2,1,3,0,3,3,0,2,2,2,2,0,0,-7,171,1,2,3,0,0,0,-1,1,-1,1,6,1
KR_6740275111,420,2,116,-4,5,-1,1,2,-1,0,1,4,6,2,-1,2,3,4,4,0,0,3,-22,3,2,5,-5,0,1,-1,1,1,1,6,1
KR_6722474354,420,1,-4,11,2,-1,1,2,3,4,1,1,2,1,0,4,4,-1,1,2,0,6,7,2,2,4,-3,0,-1,1,1,-1,1,6,1
KR_6762671384,420,6,72,14,3,-1,1,2,1,1,0,1,3,2,2,3,1,0,2,2,0,-1,-13,-2,5,3,9,0,1,0,1,1,-1,0,1
KR_6725396277,420,1,77,-9,1,3,3,0,1,5,4,-1,4,5,-2,1,3,0,1,1,0,2,-320,0,1,1,1,0,1,-1,1,1,1,2,1
KR_6708951486,420,0,40,0,3,-2,1,3,2,3,1,-1,2,3,4,6,2,0,1,1,0,9,259,2,1,3,1,0,0,1,-1,0,1,2,1
KR_6666746997,420,-1,24,39,-3,-1,1,2,2,3,1,0,2,2,-2,1,3,-2,2,4,0,-1,-1,3,3,6,-3,0,1,1,1,1,-1,5,1
KR_6637249191,420,-2,36,21,-1,0,1,1,0,2,2,1,3,2,0,4,4,-2,3,5,0,-2,8,0,5,5,1,0,0,1,-1,0,1,1,1
KR_6731790264,420,0,54,-16,-1,2,3,1,-2,0,2,0,2,2,0,1,1,-1,2,3,0,-4,42,-2,3,1,-24,0,0,-1,0,1,1,5,1
KR_6676557233,420,-2,-15,-8,-1,1,2,1,1,4,3,-1,0,1,-2,0,2,0,1,1,0,-1,-7,-3,5,2,-3,0,0,1,-1,1,-1,4,1
KR_6589475284,420,0,-3,-13,1,6,7,1,-3,4,7,1,3,2,-3,1,4,0,2,2,0,-15,-32,2,4,6,4,0,0,0,0,1,1,0,1
KR_6728390242,420,3,31,7,5,2,4,2,2,4,2,1,2,1,0,3,3,0,0,0,0,-2,16,-1,2,1,-5,0,1,-1,0,1,1,5,1
KR_6495347318,420,0,-13,-4,2,3,4,1,-3,2,5,3,3,0,0,3,3,-1,0,1,0,-2,-13,-4,6,2,-2,0,0,-1,0,0,-1,1,1
KR_6418231539,420,3,96,-11,9,8,8,0,-3,2,5,1,2,1,3,4,1,0,0,0,1,4,151,2,3,5,6,0,1,1,1,1,1,1,1
KR_6601443867,420,4,-35,44,6,-2,1,3,3,6,3,2,2,0,-1,1,2,4,4,0,0,0,6,2,6,8,-3,0,0,1,1,1,1,1,1
KR_6652746689,420,3,10,-46,7,2,2,0,1,1,0,-4,1,5,4,4,0,4,4,0,0,11,7,4,0,4,-1,0,2,0,-1,-1,-1,0,1
KR_6626038118,420,-1,-1,-15,-2,-3,1,4,1,5,4,-1,3,4,1,2,1,0,3,3,0,-2,12,2,2,4,3,0,0,1,0,0,-1,1,1
KR_6649211767,420,7,100,47,14,2,5,3,1,5,4,9,9,0,0,1,1,2,5,3,0,4,-13,5,2,7,-2,0,3,-1,1,1,-1,6,1
KR_6759013729,420,4,-38,44,14,-2,1,3,4,5,1,14,14,0,-3,1,4,1,2,1,0,3,-39,1,1,2,19,0,1,1,1,1,-1,2,1
KR_6680181880,420,5,70,-56,18,7,10,3,5,7,2,5,6,1,0,0,0,1,1,0,0,15,3,0,2,2,4,0,0,-1,1,1,1,6,1
KR_6660305228,420,1,17,-7,2,1,4,3,1,1,0,1,4,3,-1,3,4,0,0,0,1,-2,8,1,0,1,4,0,1,1,-1,1,1,3,1
KR_6666849993,420,-2,-31,4,-5,-6,0,6,-1,3,4,5,7,2,-2,1,3,-1,1,2,0,-7,16,3,4,7,-2,0,0,1,-1,-1,1,5,1
KR_6732673479,420,5,20,10,5,2,3,1,-1,1,2,0,2,2,1,3,2,3,3,0,0,4,-17,-1,2,1,0,0,1,1,0,1,1,4,1
KR_6617573273,420,3,57,-8,8,-1,0,1,1,2,1,-1,4,5,3,4,1,6,7,1,0,2,1,-1,1,0,1,0,1,1,0,1,1,3,1
KR_6663173672,420,1,41,20,10,-2,2,4,4,8,4,7,8,1,0,1,1,1,2,1,3,21,-109,7,3,10,-12,0,1,1,1,1,1,1,1
KR_6642816369,420,7,124,2,18,2,3,1,2,4,2,7,9,2,7,8,1,0,0,0,1,14,4,1,1,2,2,0,3,1,1,1,1,3,1
KR_6737880402,420,6,94,-23,14,3,3,0,1,5,4,7,8,1,-1,3,4,4,5,1,0,6,-29,-1,2,1,0,0,2,1,0,1,-1,5,1
KR_6763954668,420,-3,-10,-56,0,-3,2,5,3,3,0,1,1,0,0,3,3,-1,0,1,0,2,-4,-4,7,3,2,0,1,1,0,1,-1,6,1
KR_6695079954,420,2,4,24,3,-1,1,2,2,2,0,-5,1,6,6,8,2,1,5,4,0,12,6,2,0,2,0,0,0,1,-1,1,-1,5,1
KR_6652984313,420,1,36,15,3,-2,0,2,-1,2,3,4,5,1,3,3,0,-1,1,2,0,-4,-18,0,1,1,2,0,1,1,0,1,1,1,1
KR_6748903186,420,-1,94,-11,-1,-4,2,6,1,4,3,4,5,1,-3,1,4,1,3,2,0,5,-10,-3,3,0,1,0,0,0,0,0,-1,0,1
KR_6650797857,420,2,-3,-13,6,4,5,1,1,1,0,1,2,1,0,2,2,0,0,0,0,6,-4,3,1,4,1,0,0,1,0,1,1,2,1
KR_6642534402,420,2,15,8,-2,2,2,0,2,5,3,-1,4,5,-2,1,3,-3,0,3,-1,-7,16,4,3,7,1,0,1,-1,-1,1,-1,4,1
KR_6733754311,420,5,-42,23,8,0,2,2,2,7,5,-2,3,5,3,9,6,5,5,0,-4,-6,9,2,2,4,0,0,1,1,1,1,-1,6,1
KR_6409941183,440,4,-41,34,5,3,4,1,3,4,1,4,5,1,-5,0,5,0,3,3,0,4,13,-2,6,4,3,0,1,1,0,1,1,3,1
KR_6731295160,420,1,-50,20,6,-4,0,4,5,6,1,1,4,3,2,3,1,2,2,0,0,9,30,1,2,3,-17,0,0,1,1,1,-1,1,1
KR_6724017309,420,4,93,11,7,-1,2,3,3,4,1,3,4,1,1,3,2,1,2,1,0,6,1,2,2,4,2,0,0,1,0,0,1,1,1
KR_6750689781,420,3,61,17,7,1,2,1,-3,2,5,10,11,1,0,2,2,-1,0,1,-1,-3,6,2,1,3,-1,0,1,1,1,1,-1,2,1
KR_6764148092,420,-1,0,-23,-2,5,5,0,-3,0,3,2,4,2,-5,2,7,-1,0,1,0,-1,-9,0,3,3,-2,0,2,-1,1,1,1,3,1
KR_6630637730,420,1,67,-4,-2,-6,0,6,4,5,1,-1,1,2,-1,1,2,2,2,0,0,1,247,0,2,2,3,0,0,-1,-1,0,-1,1,1
KR_6502944279,420,3,-2,8,9,2,2,0,2,3,1,1,3,2,1,4,3,3,3,0,0,11,4,0,1,1,1,0,2,1,-1,1,-1,3,1
KR_6630375280,420,5,77,8,18,5,5,0,2,3,1,2,2,0,8,8,0,1,1,0,0,14,9,4,4,8,2,0,0,1,1,1,1,2,1
KR_6760729182,440,4,-19,5,3,-1,0,1,9,9,0,2,4,2,-3,2,5,-4,1,5,0,-3,426,0,0,0,1,0,1,1,0,1,1,3,1
KR_6386414959,420,1,60,0,-1,0,3,3,0,2,2,5,5,0,-5,1,6,-1,2,3,0,-6,-7,-4,5,1,1,0,1,-1,1,1,1,2,1
KR_6418839608,420,1,36,7,6,0,2,2,1,3,2,-2,1,3,5,7,2,2,2,0,0,10,5,0,4,4,-2,0,-1,-1,1,-1,-1,2,1
KR_6461662389,420,5,57,-9,4,2,3,1,-3,3,6,1,3,2,5,5,0,-1,0,1,0,4,-195,3,0,3,0,0,2,0,0,1,1,0,1
KR_6732248892,420,6,46,4,9,5,7,2,2,2,0,0,1,1,3,6,3,-1,1,2,-1,7,122,1,4,5,-1,0,1,0,0,1,-1,0,1
KR_6539632598,420,1,45,17,4,2,4,2,3,6,3,-2,1,3,2,4,2,-1,2,3,1,4,-2,0,5,5,0,0,2,1,1,1,1,6,1
KR_6643017668,420,-1,-35,-4,0,1,1,0,-1,1,2,-3,1,4,3,6,3,0,1,1,1,1,22,1,0,1,1,0,0,0,1,1,1,0,1
KR_6701897274,440,-1,20,4,-1,1,3,2,-4,1,5,-3,0,3,2,2,0,3,4,1,0,-1,-6,-2,3,1,1,0,-1,-1,1,-1,-1,1,1
KR_6734009247,420,0,9,-35,7,0,0,0,-3,0,3,5,6,1,6,6,0,-1,0,1,0,10,-2,0,3,3,4,0,0,-1,1,0,-1,3,1
KR_6761356408,440,-2,53,-33,-7,0,1,1,-6,1,7,-2,4,6,3,4,1,-2,0,2,0,-10,9,1,3,4,4,0,0,0,-1,1,-1,0,1
KR_6745918647,420,4,105,0,6,3,6,3,-5,0,5,4,6,2,2,3,1,2,2,0,0,6,-1,-3,6,3,7,0,0,1,1,1,1,3,1
KR_6654373871,420,7,84,42,8,2,2,0,2,2,0,2,4,2,1,2,1,1,1,0,0,7,8,1,2,3,2,0,2,1,0,1,1,1,1
KR_6763983706,420,2,69,-12,9,1,3,2,0,2,2,0,3,3,8,10,2,0,0,0,0,7,-17,-1,5,4,4,0,0,-1,-1,1,1,4,1
KR_6741477524,420,9,158,56,18,16,16,0,2,3,1,0,1,1,3,4,1,-3,1,4,1,2,8,2,1,3,1,1,4,1,1,1,1,2,1
KR_6678603705,420,4,25,-8,10,1,1,0,0,1,1,4,5,1,3,5,2,2,2,0,0,18,14,0,1,1,1,0,2,1,0,1,-1,2,1
KR_6728677952,420,-5,-26,-6,-3,-3,2,5,-5,0,5,-1,1,2,2,7,5,4,4,0,-1,-4,-250,5,0,5,0,0,0,0,1,0,-1,0,1
KR_6756082479,420,7,92,32,17,5,6,1,4,6,2,1,2,1,6,6,0,1,1,0,0,10,-4,0,4,4,1,0,1,1,0,1,1,3,1
KR_6386377898,420,1,22,-12,5,0,1,1,5,5,0,1,5,4,-1,1,2,0,0,0,0,7,-12,3,4,7,2,0,-1,1,-1,-1,1,5,1
KR_6726404168,420,3,47,0,3,0,1,1,-1,1,2,2,3,1,2,2,0,0,2,2,1,7,-3,-1,3,2,1,0,0,1,-1,0,1,5,1
KR_6623936031,420,2,25,12,3,2,4,2,0,1,1,2,3,1,0,2,2,-1,1,2,0,4,31,1,5,6,-8,0,1,1,1,1,-1,1,1
KR_6386470758,420,5,57,-20,7,4,4,0,1,2,1,2,3,1,0,4,4,0,1,1,0,0,-4,3,2,5,-6,0,2,1,-1,1,-1,6,1
KR_6759847292,420,-1,47,-12,-5,2,4,2,-1,1,2,-4,3,7,0,0,0,-2,0,2,0,2,-147,1,1,2,0,0,-1,0,-1,-1,-1,0,1
KR_6722231104,420,4,116,21,11,6,6,0,3,3,0,-2,0,2,5,7,2,-1,0,1,0,10,-138,3,2,5,11,0,0,1,0,0,1,4,1
KR_6478194489,420,0,88,13,0,-4,1,5,2,2,0,3,6,3,-2,3,5,1,3,2,0,6,0,1,4,5,-5,0,1,0,0,1,-1,0,1
KR_6739684968,420,0,23,16,2,2,3,1,1,4,3,-1,2,3,-1,3,4,1,2,1,0,-5,-382,1,3,4,22,0,2,1,1,1,1,5,1
KR_6567987208,420,-2,-72,-14,-9,-2,1,3,5,5,0,-1,2,3,-6,0,6,-5,1,6,0,-7,-7,-1,5,4,-1,0,0,-1,1,1,-1,5,1
KR_6643323702,420,0,-33,-10,-7,-5,0,5,5,8,3,1,2,1,-7,0,7,-1,0,1,0,-2,7,1,2,3,0,0,-2,0,0,-1,-1,0,1
KR_6629899750,420,0,-37,32,5,0,2,2,2,3,1,3,6,3,2,3,1,-2,1,3,1,7,-82,2,4,6,1,0,0,-1,1,1,1,1,1
KR_6741434765,420,-1,25,-8,-4,-2,2,4,1,4,3,0,2,2,-3,0,3,0,1,1,0,-2,-5,0,1,1,0,0,0,1,-1,-1,-1,6,1
KR_6494855478,420,-2,-56,4,1,-2,0,2,1,4,3,2,4,2,-2,0,2,2,2,0,0,5,3,3,0,3,0,0,0,1,-1,0,-1,2,1
KR_6707781521,420,-1,-73,36,-8,-2,1,3,1,2,1,-5,0,5,-2,0,2,0,0,0,0,-7,-18,-2,2,0,0,0,0,-1,0,-1,-1,6,1
KR_6727613126,420,2,31,19,1,1,2,1,6,7,1,-2,2,4,-2,0,2,-2,0,2,0,6,9,-1,1,0,-2,0,-1,-1,-1,-1,-1,3,1
KR_6721331259,420,4,20,5,4,1,1,0,-3,0,3,0,6,6,5,5,0,1,1,0,0,-1,2,-1,6,5,0,0,1,-1,-1,1,1,2,1
KR_6763728430,440,3,1,-8,4,-1,1,2,1,4,3,3,3,0,-1,3,4,2,4,2,1,1,112,4,1,5,2,0,1,1,1,1,1,6,1
KR_5653326716,420,6,76,-6,11,3,4,1,1,1,0,2,5,3,6,6,0,-1,0,1,0,13,-22,1,1,2,-1,0,1,1,-1,1,-1,6,1
KR_6532301295,420,5,73,68,6,1,2,1,2,5,3,6,6,0,-3,0,3,0,1,1,0,-1,1,1,6,7,1,0,0,1,1,-1,-1,4,1
KR_6663345093,420,4,76,12,-2,2,4,2,0,0,0,-6,1,7,0,3,3,2,3,1,-1,-8,2,3,0,3,-2,0,2,-1,1,1,-1,4,1
KR_6729559960,420,0,-18,10,1,0,0,0,-1,2,3,5,8,3,-2,0,2,-1,0,1,0,4,-3,12,2,14,-9,0,-2,1,-1,-1,-1,6,1
KR_6758316489,420,2,96,-16,7,8,8,0,4,5,1,2,3,1,-4,1,5,-3,1,4,0,-7,8,-2,6,4,0,0,0,-1,1,1,1,1,1
KR_6610947884,420,2,15,-4,10,0,2,2,4,4,0,4,5,1,2,4,2,0,2,2,1,4,179,0,2,2,1,0,1,1,-1,1,1,5,1
KR_6702377913,420,0,5,27,-2,-3,2,5,-2,1,3,1,6,5,0,2,2,2,3,1,1,4,-167,-5,6,1,-1,0,0,-1,1,0,1,5,1
KR_6361596234,420,2,1,2,9,3,3,0,1,3,2,2,4,2,4,6,2,-1,0,1,-1,7,0,0,0,0,-1,0,1,1,0,1,-1,3,1
KR_6737835494,420,6,106,4,14,5,5,0,1,1,0,0,4,4,9,11,2,-1,2,3,1,13,6,2,1,3,5,0,1,1,-1,1,1,6,1
KR_6437363223,420,-2,29,-3,1,-2,0,2,-1,0,1,1,2,1,4,4,0,-1,2,3,0,-1,-10,-4,6,2,2,0,0,0,0,0,1,0,1
KR_6746254830,420,2,72,0,4,1,1,0,1,1,0,5,5,0,-2,2,4,-1,1,2,0,-4,-7,0,2,2,3,0,1,0,-1,1,1,0,1
KR_6692564547,420,2,20,-16,4,1,3,2,-1,3,4,-3,2,5,6,6,0,1,2,1,1,0,4,2,3,5,1,0,0,0,-1,0,1,0,1
KR_6640999188,420,0,-5,4,0,2,2,0,1,3,2,-5,2,7,0,3,3,2,2,0,0,10,-6,-3,7,4,1,0,-1,1,-1,-1,-1,6,1
KR_6761331544,420,1,45,15,-2,-4,1,5,0,1,1,1,1,0,-1,1,2,2,2,0,0,2,-23,1,4,5,0,0,1,-1,1,1,-1,3,1
KR_6724147252,420,0,-27,11,-5,0,2,2,0,1,1,-6,2,8,4,4,0,-3,0,3,-1,3,8,0,3,3,-4,0,-1,1,1,-1,-1,3,1
KR_6633671980,420,-1,-3,24,-4,1,3,2,1,2,1,0,2,2,-3,0,3,-3,0,3,0,-3,5,2,0,2,3,0,1,1,1,1,-1,3,1
KR_6761339203,420,1,-42,-28,1,5,7,2,-2,3,5,-3,1,4,1,6,5,0,1,1,0,2,-1,-1,5,4,-1,0,1,1,-1,1,-1,4,1
KR_6742332186,420,3,132,44,1,0,2,2,3,6,3,0,4,4,-1,1,2,-1,0,1,0,2,32,-3,4,1,-23,0,1,-1,1,1,-1,4,1
KR_6305060567,420,0,6,-24,5,-2,1,3,-2,2,4,7,8,1,2,4,2,0,0,0,0,8,13,-1,4,3,2,0,1,1,1,1,-1,2,1
KR_6617112890,420,1,-25,0,2,-2,1,3,3,3,0,3,8,5,0,2,2,-2,2,4,0,7,3,5,2,7,2,0,0,-1,1,0,-1,3,1
KR_6756043323,420,1,-39,16,2,1,2,1,0,2,2,-10,0,10,8,9,1,3,4,1,0,4,126,5,1,6,-2,0,0,1,0,-1,1,5,1
KR_6703581307,440,8,177,6,26,11,11,0,2,2,0,10,10,0,4,7,3,-1,1,2,1,24,-11,2,1,3,2,0,4,1,1,1,1,4,1
KR_6749916146,420,2,54,-12,6,-1,0,1,1,3,2,6,8,2,2,3,1,-2,1,3,0,3,3,0,1,1,2,0,0,1,-1,0,1,1,1
KR_6742592916,420,7,132,8,21,3,3,0,4,6,2,7,7,0,6,7,1,1,3,2,1,18,-15,6,0,6,17,0,3,0,1,1,1,0,1
KR_6741231295,440,3,91,4,3,5,5,0,-3,2,5,-1,1,2,-1,2,3,3,5,2,0,-1,34,-3,4,1,-8,0,1,0,1,1,1,0,1
KR_6702248947,420,4,107,-2,8,0,0,0,2,4,2,-2,4,6,8,8,0,0,0,0,0,7,61,-1,6,5,2,0,1,-1,-1,1,1,1,1
KR_6741412838,420,0,11,-12,-3,4,4,0,-5,0,5,-4,0,4,3,4,1,-1,0,1,0,-5,15,-6,8,2,-4,0,0,0,1,0,1,0,1
KR_6746505807,420,1,7,-16,6,3,3,0,-2,0,2,4,6,2,2,4,2,-1,1,2,0,1,11,-4,5,1,1,0,0,1,-1,-1,1,2,1
KR_6719100148,440,2,44,15,2,3,4,1,-1,4,5,-2,1,3,2,3,1,0,0,0,1,-3,0,1,3,4,0,0,0,0,1,0,1,0,1
KR_6483979937,420,2,19,22,-2,0,1,1,1,4,3,0,4,4,-3,3,6,0,2,2,0,-5,262,-1,4,3,0,0,1,1,0,1,-1,1,1
KR_6655481423,420,2,-5,0,5,4,4,0,-1,1,2,1,5,4,1,3,2,0,1,1,0,2,-25,-3,4,1,2,0,0,1,-1,1,-1,5,1
KR_6673202579,420,-5,-70,-48,-7,1,1,0,-2,1,3,0,2,2,-5,0,5,-1,1,2,-2,-5,1,0,1,1,-2,0,1,-1,1,-1,-1,2,1
KR_6707081179,440,-3,-35,0,-7,-5,0,5,0,1,1,2,5,3,-3,0,3,-1,1,2,0,-5,-38,-1,4,3,26,0,-1,-1,1,-1,-1,6,1
KR_6559416766,420,2,-3,3,7,-2,1,3,3,5,2,2,2,0,7,7,0,-3,0,3,0,1,9,4,0,4,-2,0,0,-1,0,1,1,2,1
KR_6758087322,440,1,-40,-4,-2,-1,1,2,0,2,2,0,3,3,-1,2,3,0,1,1,0,-3,-16,-3,6,3,0,0,0,0,1,0,-1,0,1
KR_6690594249,420,5,12,-16,3,-1,1,2,3,4,1,-2,5,7,3,6,3,0,1,1,0,8,-8,3,3,6,-1,0,-1,-1,1,-1,1,4,1
KR_6456261654,440,-2,-72,-20,4,-2,0,2,-5,0,5,4,5,1,3,7,4,4,4,0,0,-2,-37,-1,3,2,19,0,1,1,-1,1,1,5,1
KR_6697221820,420,0,32,4,1,2,3,1,2,4,2,2,2,0,-3,1,4,-2,1,3,0,0,-4,2,3,5,0,0,1,0,1,1,1,0,1
KR_6747126264,420,0,35,-1,0,2,3,1,-1,1,2,-1,1,2,1,1,0,-1,0,1,1,-1,5,-1,2,1,-1,0,0,-1,1,0,1,1,1
KR_6125133234,420,6,51,112,15,5,9,4,5,6,1,3,4,1,1,3,2,1,1,0,-1,12,3,2,2,4,1,0,3,1,1,1,-1,3,1
KR_6525783045,420,3,75,-16,5,2,6,4,-1,2,3,2,6,4,-1,1,2,3,5,2,0,-1,-7,-2,3,1,-1,0,2,1,0,1,-1,4,1
KR_6655491553,420,-2,-9,-9,-7,-4,0,4,1,5,4,-2,1,3,-4,1,5,2,2,0,0,-4,4,1,2,3,1,0,-1,1,-1,-1,1,2,1
KR_6723382693,420,2,5,4,-3,0,0,0,-1,2,3,-5,0,5,1,5,4,2,2,0,0,6,-12,-1,4,3,2,0,0,1,-1,0,-1,6,1
KR_6745683194,440,3,30,-13,7,-2,4,6,-2,0,2,6,7,1,3,5,2,2,3,1,0,0,9,-1,4,3,3,0,2,-1,1,1,-1,3,1
KR_6717562167,420,-2,19,5,-1,2,6,4,0,5,5,0,2,2,-3,2,5,0,0,0,0,-11,268,3,4,7,-5,0,0,0,0,0,1,0,1
KR_6713337991,420,1,23,18,3,0,2,2,3,4,1,-4,0,4,2,3,1,2,3,1,-1,1,-2,-1,6,5,2,0,0,1,0,0,-1,5,1
KR_6699924113,420,0,57,8,-1,2,4,2,-2,2,4,4,5,1,-3,1,4,-2,0,2,-1,-15,4,4,3,7,-2,0,1,1,1,1,-1,3,1
KR_6743392737,420,1,42,-13,0,-1,1,2,2,3,1,-3,0,3,0,3,3,2,4,2,0,4,1,0,2,2,3,0,0,0,-1,0,-1,0,1
KR_6720230272,420,0,8,14,2,1,4,3,6,6,0,-3,1,4,-3,1,4,1,3,2,0,-4,23,3,3,6,2,0,0,-1,1,1,1,3,1
KR_6607348470,420,-3,-26,-30,-8,-3,1,4,-4,0,4,1,2,1,-3,1,4,1,5,4,0,-4,-33,0,6,6,26,0,-1,-1,-1,-1,-1,6,1
KR_6533339769,440,0,-16,-4,9,-4,1,5,-2,0,2,0,2,2,11,12,1,4,5,1,1,30,3,2,2,4,-4,0,2,-1,1,1,1,1,1
KR_6732949443,420,1,-28,35,8,0,3,3,1,4,3,4,5,1,1,2,1,2,2,0,0,5,0,-1,3,2,2,0,1,1,1,1,1,4,1
KR_6600984544,440,-1,-16,-28,6,-2,0,2,3,5,2,-1,1,2,5,5,0,1,2,1,0,10,-1,4,3,7,2,0,0,1,-1,0,1,3,1
KR_6418680680,420,-2,60,-80,3,-1,0,1,3,7,4,2,2,0,3,4,1,-4,0,4,0,-2,-57,2,2,4,-13,0,0,0,-1,1,-1,0,1
KR_6733651865,420,1,-6,35,3,0,2,2,-1,3,4,-3,1,4,7,8,1,0,3,3,-1,6,-20,-3,5,2,2,0,0,1,1,-1,-1,6,1
KR_6731296769,420,-2,-26,13,-4,-6,1,7,-1,1,2,4,6,2,3,3,0,-4,0,4,0,-5,3,-1,5,4,-4,0,0,-1,-1,1,1,2,1
KR_6654306380,420,5,30,0,7,0,1,1,1,1,0,4,4,0,1,4,3,1,1,0,-1,7,-3,-1,4,3,6,0,1,1,1,1,-1,1,1
KR_6654306225,420,2,25,-8,10,4,4,0,7,8,1,0,2,2,-2,3,5,1,1,0,0,6,9,1,2,3,1,0,1,1,1,1,1,3,1
KR_6645599641,420,-1,36,-28,0,-2,1,3,0,2,2,1,4,3,0,1,1,1,3,2,0,1,16,0,1,1,-6,0,0,1,-1,1,1,3,1
KR_6607242126,420,1,-49,20,2,2,2,0,3,8,5,-1,2,3,-3,3,6,1,1,0,2,3,7,2,2,4,1,0,0,1,1,1,1,6,1
KR_6757848385,420,-1,0,32,-2,-4,1,5,2,2,0,-4,1,5,4,8,4,0,1,1,0,6,-12,6,3,9,1,0,0,1,0,-1,-1,5,1
KR_6513723587,420,7,56,20,13,0,2,2,4,5,1,8,14,6,0,6,6,1,2,1,0,-6,19,5,0,5,0,0,2,1,1,1,1,2,1
KR_6737447598,420,5,27,47,4,4,4,0,-1,2,3,1,2,1,0,2,2,0,1,1,0,1,-104,-1,3,2,-3,0,0,0,1,1,1,0,1
KR_6443544140,420,1,-79,20,2,1,3,2,-2,0,2,3,4,1,-1,0,1,1,1,0,1,3,-331,-1,5,4,24,0,-1,-1,-1,-1,1,4,1
KR_6675819168,420,0,-27,20,12,-5,0,5,5,5,0,7,7,0,0,4,4,5,6,1,1,18,10,0,2,2,2,0,1,1,1,1,1,1,1
KR_6761620392,440,2,-22,12,7,2,3,1,-1,3,4,5,6,1,0,2,2,1,2,1,-1,-3,5,-1,2,1,0,0,2,0,1,1,-1,0,1
KR_6732383119,420,5,32,16,9,6,7,1,-3,0,3,-1,3,4,6,8,2,1,2,1,0,8,2,1,2,3,-1,0,2,-1,0,1,1,2,1
KR_6733247913,420,4,120,-20,4,4,5,1,2,2,0,-4,0,4,0,1,1,2,8,6,0,5,-106,-2,2,0,-18,0,3,1,0,1,1,1,1
KR_6618729972,420,-1,6,-16,4,1,1,0,-3,2,5,2,4,2,4,4,0,0,1,1,0,0,-7,2,2,4,-2,0,0,1,0,1,1,2,1
KR_6742729865,440,1,65,-7,7,1,1,0,2,3,1,-2,0,2,6,9,3,0,0,0,2,4,-3,4,1,5,2,0,0,0,0,0,1,0,1
KR_6702879585,420,-2,-17,-24,3,0,0,0,0,4,4,-2,1,3,5,5,0,0,1,1,1,6,32,6,3,9,0,0,0,-1,1,0,1,5,1
KR_6750401775,420,2,-16,32,7,0,1,1,-2,2,4,6,9,3,2,2,0,1,1,0,0,5,4,-1,2,1,0,0,1,1,1,1,1,4,1
KR_6762826291,420,0,8,18,-3,-3,0,3,0,2,2,2,3,1,2,3,1,-4,0,4,0,-2,5,0,3,3,0,0,0,-1,1,1,1,6,1
KR_6761599037,420,-1,-10,-16,2,0,0,0,1,3,2,1,1,0,1,3,2,-1,0,1,1,4,-180,1,7,8,6,0,0,-1,1,0,1,5,1
KR_6629939885,440,2,66,26,3,0,1,1,-1,1,2,-2,1,3,4,4,0,2,2,0,0,5,3,5,3,8,20,0,0,1,-1,0,-1,5,1
KR_6715721839,440,1,-10,8,12,1,3,2,4,4,0,-3,2,5,3,4,1,7,8,1,0,14,-85,1,0,1,0,0,-1,1,0,-1,1,4,1
KR_6641780338,420,3,-3,16,9,2,3,1,6,9,3,1,4,3,-1,3,4,1,1,0,0,7,56,-2,4,2,-1,0,-1,-1,-1,-1,1,4,1
KR_6608041655,420,-3,-67,-19,4,2,2,0,4,5,1,-1,0,1,-1,2,3,0,1,1,0,8,225,1,2,3,-1,0,-1,1,1,-1,1,1,1
KR_6727163533,420,6,59,15,8,1,3,2,1,4,3,2,5,3,3,3,0,1,1,0,0,2,10,4,3,7,-1,0,1,1,-1,1,-1,2,1
KR_6632859710,420,3,36,-8,0,2,2,0,0,4,4,-3,2,5,-1,3,4,2,2,0,0,-1,0,-2,4,2,-1,0,0,-1,1,1,1,6,1
KR_6569506930,420,-1,37,-47,-4,0,1,1,-2,2,4,3,3,0,2,3,1,-7,1,8,0,-2,7,0,1,1,-4,0,-2,-1,-1,-1,1,2,1
KR_6720650176,440,-6,-76,-20,-9,-5,0,5,-1,4,5,-3,1,4,2,4,2,-2,0,2,0,-1,-7,-2,4,2,4,0,-2,1,-1,-1,1,6,1
KR_6608185204,420,2,-42,24,-1,0,1,1,4,4,0,0,3,3,-7,0,7,2,4,2,0,-1,17,3,1,4,-2,0,1,-1,1,1,1,4,1
KR_6737563770,420,1,12,-8,10,0,4,4,2,2,0,-3,1,4,4,4,0,7,7,0,0,8,-37,2,1,3,12,0,2,1,-1,1,1,3,1
KR_6750511071,440,4,10,12,4,5,8,3,2,4,2,-3,5,8,-2,0,2,2,2,0,0,-4,7,-2,3,1,-2,0,1,0,1,-1,-1,0,1
KR_6711421633,420,2,-27,-4,1,2,3,1,-1,1,2,1,2,1,-1,5,6,0,2,2,0,-8,-112,-5,6,1,4,0,0,0,-1,0,-1,0,1
KR_6604418291,420,2,35,-4,2,0,1,1,-4,2,6,1,3,2,5,7,2,0,1,1,0,3,-173,0,2,2,-1,0,0,1,-1,1,-1,6,1
KR_6735164650,420,3,42,-8,3,3,5,2,0,1,1,0,2,2,-1,0,1,1,1,0,0,0,-25,-3,5,2,3,0,0,1,1,1,-1,6,1
KR_6760724119,440,0,54,33,1,-4,3,7,1,2,1,4,4,0,-4,4,8,4,6,2,0,-11,4,-2,2,0,0,0,1,1,1,1,-1,1,1
KR_6738168241,420,-1,-23,28,4,-4,0,4,0,2,2,2,2,0,6,6,0,0,0,0,0,7,-1,-2,9,7,-1,0,-1,1,-1,-1,-1,6,1
KR_6648627376,420,0,35,19,0,0,3,3,1,2,1,-1,0,1,-1,3,4,1,1,0,0,0,-25,-3,4,1,7,0,1,1,1,1,-1,1,1
KR_6714807928,420,1,-30,-12,3,0,3,3,1,1,0,-6,0,6,4,6,2,4,4,0,0,10,-22,0,5,5,-4,0,0,-1,-1,0,-1,1,1
KR_6652054610,420,1,18,-8,4,-1,0,1,0,5,5,2,3,1,2,6,4,1,1,0,0,3,40,8,1,9,-38,0,0,1,1,0,1,1,1
KR_6732978268,420,1,-5,20,3,0,2,2,-3,1,4,1,1,0,5,7,2,0,0,0,0,2,-132,-3,9,6,24,0,0,-1,1,0,-1,1,1
KR_6749207201,420,5,83,5,9,2,7,5,2,2,0,1,2,1,0,2,2,4,5,1,2,5,-1,1,2,3,-2,0,1,1,-1,1,1,1,1
KR_6750624099,420,3,99,48,6,8,8,0,-1,1,2,0,0,0,-1,0,1,0,0,0,0,3,9,2,1,3,1,0,1,1,0,1,1,1,1
KR_6692768827,420,6,65,11,7,5,7,2,4,5,1,0,3,3,0,4,4,-2,0,2,-2,7,12,1,2,3,-3,0,3,-1,1,1,-1,1,1
KR_6731300780,420,-1,-7,-24,-2,-3,0,3,1,4,3,-2,2,4,3,4,1,-1,0,1,0,9,-3,-1,3,2,-3,0,0,1,-1,-1,-1,4,1
KR_6679609606,420,-5,-6,-8,-6,-3,1,4,1,3,2,-5,0,5,1,3,2,0,0,0,-1,5,-218,-2,4,2,-3,0,-1,-1,-1,-1,1,4,1
KR_6743699694,420,1,68,-8,0,2,4,2,2,3,1,-2,0,2,-2,1,3,0,0,0,0,-4,-3,-2,3,1,3,0,0,-1,0,0,1,4,1
KR_6762060195,420,-2,13,16,-1,1,4,3,0,3,3,-3,0,3,-1,5,6,2,4,2,0,-5,-66,-1,7,6,2,0,-1,-1,1,-1,-1,1,1
KR_6639831764,420,-2,-93,16,2,-5,1,6,4,6,2,4,5,1,0,1,1,-1,2,3,0,6,30,0,3,3,-6,0,-1,-1,1,-1,-1,4,1
KR_6747165066,420,1,-10,-16,-4,3,3,0,-2,0,2,-5,0,5,-1,2,3,1,2,1,-1,-5,12,3,3,6,-7,0,1,1,-1,1,-1,3,1
KR_6758741355,440,3,0,-12,-1,-7,0,7,1,2,1,3,5,2,2,2,0,0,4,4,-1,5,-5,0,2,2,0,0,0,-1,1,1,-1,6,1
KR_6751953129,420,3,42,49,6,0,2,2,7,8,1,-1,1,2,-2,5,7,2,2,0,0,7,6,0,1,1,0,0,1,1,-1,1,1,1,1
KR_6744994241,420,3,75,32,13,6,6,0,3,3,0,1,5,4,3,5,2,0,0,0,1,13,2,-1,3,2,0,0,3,1,1,1,1,5,1
KR_6597012119,420,-1,-60,-22,8,-4,0,4,5,6,1,1,2,1,0,2,2,6,8,2,0,14,16,6,3,9,0,0,-1,1,0,1,1,1,1
KR_6624973663,420,2,80,-20,4,0,3,3,2,6,4,2,4,2,3,4,1,-3,1,4,0,0,365,-8,8,0,4,0,2,1,1,1,1,6,1
KR_6302346306,420,-1,-46,-18,2,4,5,1,-1,4,5,-1,1,2,0,1,1,0,0,0,0,2,0,-4,6,2,2,0,0,1,-1,1,1,6,1
KR_6762351793,440,-2,10,-40,-6,-1,0,1,-1,2,3,-1,1,2,-2,1,3,-1,0,1,0,-4,-42,0,3,3,5,0,0,-1,0,0,-1,6,1
KR_6730525111,440,7,100,16,14,2,5,3,2,2,0,0,3,3,10,11,1,0,2,2,0,14,-26,-2,3,1,1,0,3,1,0,1,1,2,1
KR_6724140962,440,7,99,28,10,7,7,0,6,7,1,-3,1,4,-1,2,3,1,2,1,1,8,-3,0,5,5,-4,0,0,1,-1,1,1,3,1
KR_6763178514,420,0,61,16,-2,-1,0,1,-1,0,1,0,1,1,0,5,5,0,0,0,0,4,17,2,1,3,-1,0,0,-1,1,0,-1,5,1
KR_6712316260,440,3,28,8,6,5,5,0,-5,1,6,-2,0,2,7,9,2,1,2,1,2,8,8,3,2,5,0,0,1,1,-1,1,-1,4,1
KR_6622170670,420,-3,7,-32,-2,0,2,2,-2,0,2,4,4,0,-1,2,3,-3,0,3,0,-6,-7,-2,3,1,0,0,0,1,0,0,1,2,1
KR_6752089860,420,4,79,-11,9,3,3,0,7,8,1,2,2,0,-1,0,1,-2,1,3,0,5,-107,0,4,4,2,0,1,1,1,1,1,4,1
KR_6730668821,420,6,48,42,13,2,2,0,6,6,0,5,6,1,-1,3,4,1,2,1,1,18,1,5,0,5,0,0,0,1,1,1,1,5,1
KR_6748821030,440,-1,-39,16,-3,0,3,3,0,8,8,-5,0,5,3,6,3,-1,3,4,-1,4,9,1,4,5,-4,0,0,1,1,0,-1,6,1
KR_6635821466,420,6,100,-11,9,2,3,1,5,9,4,-1,1,2,3,3,0,0,1,1,0,7,-11,-4,6,2,9,0,1,0,-1,1,-1,0,1
KR_6473256917,420,-2,-45,-8,4,2,4,2,-1,2,3,-1,5,6,4,6,2,0,1,1,1,14,13,6,3,9,-3,0,2,1,-1,1,1,6,1
KR_6595214984,420,-4,-76,-11,3,-1,0,1,0,2,2,3,5,2,2,2,0,-1,0,1,0,7,-221,2,3,5,1,0,0,-1,1,-1,-1,6,1
KR_6710563239,420,0,-10,13,0,-3,0,3,1,4,3,-5,0,5,4,6,2,3,4,1,0,9,3,-4,5,1,4,0,0,0,0,0,1,0,1
KR_6712995527,420,0,0,21,-1,-1,0,1,-2,2,4,1,4,3,1,1,0,0,0,0,0,0,82,3,2,5,-17,0,1,1,-1,1,-1,1,1
KR_6748081237,420,0,19,1,3,-1,1,2,2,2,0,3,5,2,-2,0,2,1,2,1,-1,3,3,3,0,3,-2,0,1,1,1,1,-1,4,1
KR_6759084412,420,-1,2,12,1,-3,0,3,2,6,4,-1,3,4,3,4,1,0,1,1,0,-1,22,2,4,6,-3,0,0,1,-1,0,1,4,1
KR_6743075241,420,0,16,20,-2,-2,0,2,-1,2,3,2,2,0,-2,2,4,1,1,0,0,-9,-31,1,0,1,0,0,2,-1,1,1,1,5,1
KR_6630373395,420,3,3,15,8,-3,1,4,7,7,0,6,7,1,0,1,1,-2,1,3,1,5,41,3,2,5,-17,0,1,1,1,1,1,3,1
KR_6668789585,420,-2,-32,-18,0,4,5,1,-2,3,5,-2,3,5,0,1,1,0,1,1,0,4,-1,0,3,3,0,0,0,1,-1,1,-1,1,1
KR_6704017700,420,-2,-53,-16,-1,-6,0,6,2,3,1,3,3,0,-4,3,7,4,4,0,-1,-3,-6,-3,3,0,-1,0,0,0,-1,0,-1,0,1
KR_6695916529,420,-2,-57,-4,0,4,5,1,3,3,0,-2,2,4,-4,1,5,-1,2,3,0,-3,-1,-1,5,4,3,0,1,1,0,1,-1,2,1
KR_6687883448,420,2,76,-24,3,5,6,1,0,1,1,-3,1,4,-2,2,4,3,3,0,0,2,-33,-1,5,4,9,0,3,-1,-1,1,1,3,1
KR_6647751859,420,2,-20,28,1,1,1,0,-2,2,4,3,4,1,-4,2,6,3,3,0,-1,-9,-2,3,2,5,0,0,0,1,0,0,-1,3,1
KR_6138111098,420,3,-7,34,7,0,2,2,2,4,2,7,8,1,-2,2,4,0,0,0,0,1,5,1,6,7,2,0,-1,1,1,1,-1,2,1
KR_6608500526,440,0,-6,-16,-3,-1,4,5,7,9,2,-4,2,6,-4,0,4,-1,1,2,0,-3,9,-3,6,3,1,0,-1,-1,1,-1,1,4,1
KR_6754289806,420,2,-17,8,6,2,5,3,-5,1,6,6,7,1,2,2,0,1,1,0,0,0,-302,0,2,2,2,0,2,-1,1,1,-1,6,1
KR_6642134926,420,-1,-33,-1,-1,6,7,1,-1,1,2,-1,1,2,-3,0,3,-2,0,2,0,-6,12,-1,5,4,2,0,-1,-1,1,1,1,5,1
KR_6748637419,440,3,35,-21,1,0,1,1,9,9,0,-1,0,1,-3,1,4,-4,0,4,1,5,98,5,1,6,0,0,1,-1,1,1,1,2,1
KR_6311968074,420,0,-13,6,-1,-1,2,3,-2,0,2,3,3,0,0,2,2,-1,0,1,0,-4,-117,5,0,5,-4,0,-1,-1,0,-1,-1,6,1
KR_6737927818,420,6,82,-6,14,1,1,0,7,9,2,4,4,0,2,3,1,0,0,0,0,12,8,3,2,5,-2,0,1,-1,0,1,1,1,1
KR_6729601268,420,1,29,-1,-2,1,2,1,0,7,7,3,3,0,-4,1,5,-2,1,3,0,-1,-319,-1,2,1,2,0,0,-1,1,1,1,3,1
KR_6761035766,420,0,65,-22,1,2,5,3,2,3,1,-3,2,5,-2,1,3,2,2,0,0,5,-102,0,3,3,1,0,0,-1,0,0,-1,4,1
KR_5608953921,420,0,139,31,4,-1,0,1,-2,2,4,3,4,1,7,11,4,-3,4,7,0,10,-22,-4,6,2,0,0,3,1,1,1,1,2,1
KR_6737491644,440,2,45,-32,7,-3,1,4,-1,1,2,9,9,0,2,5,3,0,1,1,-1,12,1,2,3,5,2,0,2,-1,1,1,-1,3,1
KR_6754883902,440,0,14,-4,-2,2,2,0,-5,2,7,-2,1,3,3,3,0,0,1,1,0,1,1,-1,3,2,1,0,-1,0,-1,1,-1,0,1
KR_6749555550,420,7,153,46,17,-1,1,2,7,9,2,-3,0,3,8,9,1,6,6,0,0,15,-13,-1,4,3,6,0,3,0,1,1,1,0,1
KR_6718313838,440,-3,-78,4,-7,-2,2,4,-1,2,3,-5,1,6,0,3,3,1,1,0,0,-1,-2,0,3,3,2,0,0,0,-1,-1,-1,0,1
KR_6651202324,420,3,74,16,1,2,3,1,-2,0,2,4,5,1,-1,0,1,-2,0,2,0,-2,3,-1,2,1,0,0,1,1,0,1,1,4,1
KR_6652119883,420,8,57,35,13,6,6,0,7,8,1,2,5,3,-3,0,3,1,2,1,2,13,1,3,0,3,2,0,0,1,1,-1,1,5,1
KR_6606928159,440,3,113,17,2,7,7,0,0,0,0,1,1,0,-6,1,7,0,0,0,0,-4,-2,-1,3,2,-1,0,1,1,0,1,1,5,1
KR_6481760508,420,1,-35,4,0,2,2,0,-1,0,1,-1,1,2,0,1,1,0,1,1,0,-3,-129,-3,7,4,-6,0,0,-1,1,1,-1,4,1
KR_6628827235,420,0,-19,3,4,-2,0,2,-3,1,4,-3,1,4,5,5,0,7,9,2,0,10,0,-5,5,0,-4,0,0,-1,0,0,1,2,1
KR_6486581950,440,4,44,12,-1,0,2,2,-6,4,10,-2,2,4,9,10,1,-2,0,2,-2,1,-1,-2,4,2,3,0,2,1,0,1,-1,6,1
KR_6661257261,420,2,21,-13,4,1,1,0,2,4,2,0,3,3,3,5,2,-2,1,3,0,4,0,3,4,7,-1,0,1,1,1,1,1,2,1
KR_6675264260,420,-3,-45,-4,-9,-2,0,2,-1,2,3,-3,1,4,-1,2,3,-2,0,2,0,-9,-11,0,6,6,-2,0,-1,-1,-1,-1,-1,3,1
KR_6602278548,420,0,96,14,8,4,4,0,1,4,3,2,5,3,1,1,0,0,1,1,1,7,270,-1,3,2,0,0,1,1,1,1,1,5,1
KR_6759794180,440,5,100,56,12,8,9,1,-7,0,7,5,7,2,4,5,1,2,4,2,-1,2,-1,3,2,5,0,0,2,1,1,1,-1,2,1
KR_6747472930,420,-1,-9,47,-4,2,3,1,-1,2,3,-1,3,4,3,4,1,-7,1,8,0,-8,6,-1,4,3,-4,0,0,1,0,0,1,3,1
KR_6704885180,440,0,3,-8,3,1,2,1,-6,2,8,-1,1,2,6,6,0,3,4,1,-1,13,-18,-3,5,2,5,0,1,1,1,1,-1,6,1
KR_6758851423,440,4,107,48,15,-3,2,5,8,8,0,3,4,1,0,2,2,7,8,1,3,5,4,-1,1,0,0,0,3,-1,1,1,1,6,1
KR_6687873150,420,5,-29,-11,9,1,2,1,2,2,0,4,4,0,2,4,2,0,0,0,-1,7,-14,-3,6,3,0,0,1,-1,1,1,-1,4,1
KR_6726136585,420,0,-11,48,7,-1,2,3,-2,2,4,1,4,3,9,9,0,0,1,1,0,1,-12,1,2,3,2,0,0,1,0,-1,-1,4,1
KR_6638004278,420,1,6,12,2,0,2,2,-2,1,3,2,4,2,4,5,1,-2,1,3,0,4,-2,5,0,5,-2,0,0,1,-1,0,-1,4,1
KR_6676706206,420,6,23,36,12,6,8,2,0,1,1,0,2,2,4,6,2,2,2,0,0,5,18,5,2,7,-2,0,1,1,-1,1,1,4,1
KR_6715393817,440,1,-25,12,1,-1,2,3,-2,4,6,-2,0,2,3,4,1,3,4,1,0,8,11,1,2,3,-2,0,-3,1,0,-1,-1,4,1
KR_6621033199,440,-3,-90,-12,2,0,1,1,-3,4,7,2,4,2,2,3,1,1,1,0,1,3,-2,2,0,2,-2,0,-1,1,-1,-1,1,2,1
KR_6763162214,420,3,62,-3,9,1,1,0,-3,3,6,3,5,2,1,3,2,7,7,0,0,11,8,-2,3,1,2,0,1,1,1,1,-1,3,1
KR_6684689304,420,1,12,1,0,-2,1,3,1,3,2,5,6,1,-5,0,5,1,1,0,0,4,9,0,2,2,1,0,0,0,1,1,1,0,1
KR_6717781441,440,1,17,5,-1,2,3,1,3,5,2,-3,1,4,-2,1,3,-1,0,1,0,-5,3,-1,4,3,1,0,1,1,-1,1,1,4,1
KR_6760690833,420,1,50,12,8,1,4,3,0,1,1,4,5,1,1,1,0,2,3,1,0,7,4,2,2,4,-3,0,0,1,1,1,1,1,1
KR_6692018436,440,2,65,6,0,-1,0,1,-3,1,4,3,4,1,1,1,0,0,0,0,0,1,12,0,2,2,1,0,0,1,0,0,-1,2,1
KR_6761716075,420,-1,-21,-8,3,2,5,3,3,6,3,-1,6,7,-2,1,3,1,1,0,0,12,-2,0,2,2,2,0,2,1,1,1,-1,5,1
KR_6693535362,420,2,28,12,-1,2,3,1,-3,1,4,3,5,2,-3,2,5,0,1,1,-1,-11,474,1,5,6,-5,0,1,-1,1,1,-1,2,1
KR_6696367392,420,2,-16,-11,6,-1,0,1,1,5,4,1,2,1,2,2,0,3,4,1,0,7,6,-2,4,2,2,0,2,1,1,1,1,4,1
KR_6705300944,420,2,11,12,0,1,3,2,3,5,2,-2,1,3,0,2,2,-2,0,2,-1,1,7,0,2,2,3,0,0,1,-1,0,-1,5,1
KR_6514814486,440,0,48,-3,-5,2,2,0,-1,1,2,-4,1,5,-2,4,6,0,3,3,0,-8,-14,4,5,9,-9,0,0,-1,-1,1,1,1,1
KR_6693746119,420,3,62,-4,5,4,4,0,0,2,2,1,3,2,0,0,0,0,0,0,0,8,4,2,2,4,-1,0,1,-1,0,1,-1,6,1
KR_6623166353,420,-1,10,-36,-4,2,3,1,1,3,2,-1,2,3,-4,0,4,-2,0,2,0,-4,-2,-2,2,0,-1,0,0,-1,1,0,1,5,1
KR_6743880373,420,0,28,-9,6,0,0,0,4,5,1,3,3,0,0,1,1,-1,1,2,0,3,-32,5,2,7,20,0,0,1,-1,-1,1,4,1
KR_6607134308,420,0,3,16,3,-2,1,3,0,4,4,1,1,0,2,3,1,2,3,1,0,4,-2,3,2,5,3,0,0,1,-1,1,1,4,1
KR_6617119995,420,1,69,-11,8,0,1,1,5,5,0,5,6,1,1,1,0,-3,0,3,0,8,57,5,2,7,-22,0,0,-1,1,1,1,2,1
KR_6660381457,420,-1,32,-3,-5,0,2,2,-1,4,5,-3,0,3,-1,1,2,0,1,1,0,-2,-12,0,2,2,3,0,0,-1,0,0,1,3,1
KR_6742906723,420,2,12,68,-5,-6,2,8,2,2,0,-1,2,3,-2,0,2,2,2,0,0,4,-5,0,2,2,1,0,-2,0,0,-1,1,0,1
KR_6647301728,420,5,-48,49,13,3,5,2,0,2,2,6,6,0,6,6,0,-2,0,2,1,4,0,5,0,5,3,0,1,1,1,1,1,3,1
KR_6762241249,440,-1,1,-33,-1,0,2,2,1,2,1,-1,1,2,-1,1,2,0,0,0,0,2,7,-2,7,5,0,0,0,0,0,0,1,0,1
KR_6746061269,420,1,-19,12,2,-5,1,6,1,2,1,-2,1,3,3,6,3,5,7,2,0,10,-3,0,3,3,-1,0,1,-1,1,1,-1,5,1
KR_6619265504,440,4,65,43,8,7,8,1,-1,1,2,9,10,1,-8,2,10,1,2,1,0,-3,11,1,1,2,-1,0,1,1,1,-1,1,4,1
KR_6760830120,420,3,61,42,6,1,5,4,0,5,5,1,3,2,2,2,0,2,2,0,0,0,-5,-1,6,5,1,0,0,1,1,1,-1,5,1
KR_6746005490,420,-1,7,9,-1,1,1,0,0,2,2,-2,1,3,-1,1,2,1,2,1,0,-1,-2,-2,3,1,2,0,0,-1,-1,-1,-1,2,1
KR_6747651629,420,1,30,12,-1,5,6,1,-3,0,3,0,1,1,0,2,2,-3,0,3,0,-6,1,2,0,2,2,0,1,1,1,1,1,2,1
KR_6701303399,420,5,45,15,8,4,4,0,0,0,0,3,4,1,1,2,1,0,0,0,0,8,4,4,1,5,2,0,1,-1,1,1,1,1,1
KR_6603315344,440,2,79,-12,3,3,5,2,0,1,1,3,5,2,-3,1,4,0,0,0,0,0,1,4,3,7,5,0,0,1,-1,0,1,2,1
KR_6730971107,420,6,80,-4,14,0,1,1,4,4,0,4,4,0,6,6,0,0,2,2,0,10,-45,0,3,3,21,0,0,1,-1,0,1,4,1
KR_6721735335,420,3,1,-11,9,-1,1,2,4,6,2,3,4,1,2,6,4,1,1,0,2,9,11,2,0,2,0,0,-1,0,0,-1,1,0,1
KR_6727034183,420,3,11,-1,8,3,3,0,0,0,0,-1,1,2,3,3,0,3,3,0,0,4,-7,1,1,2,3,0,1,1,1,1,-1,3,1
KR_6724777810,420,4,16,-16,14,1,2,1,5,5,0,2,4,2,2,2,0,4,4,0,1,16,164,2,1,3,3,0,0,0,1,1,1,0,1
KR_6596183399,420,5,11,5,7,4,5,1,3,4,1,3,3,0,-5,0,5,2,3,1,0,4,189,-4,4,0,2,0,1,1,-1,1,1,3,1
KR_6752446917,440,-4,-97,0,-6,-3,4,7,-2,1,3,0,3,3,-1,5,6,0,1,1,0,-2,-3,-3,4,1,0,0,-1,-1,0,-1,-1,2,1
KR_6716968353,420,3,60,-9,7,1,2,1,3,6,3,-2,0,2,6,8,2,-1,3,4,0,9,44,0,1,1,-19,0,0,-1,-1,0,-1,5,1
KR_6596174944,420,7,100,12,7,2,7,5,3,3,0,-3,4,7,6,7,1,-1,0,1,1,6,3,4,1,5,4,0,3,-1,1,1,1,4,1
KR_6617390809,420,2,23,32,4,2,5,3,3,4,1,-1,1,2,3,5,2,-3,0,3,0,2,-5,-1,1,0,1,0,1,1,1,1,-1,3,1
KR_6683837709,420,7,124,36,10,6,6,0,1,3,2,1,5,4,0,2,2,2,2,0,0,8,18,4,1,5,1,0,4,1,1,1,-1,5,1
KR_6747439599,420,4,24,17,8,0,2,2,3,3,0,2,4,2,2,3,1,1,1,0,0,8,-2,4,3,7,-5,0,3,0,1,1,-1,0,1
KR_6713516252,440,-3,-124,-11,-4,-2,2,4,-2,0,2,0,2,2,1,2,1,-1,4,5,-2,-3,-5,-3,5,2,0,0,-3,1,-1,-1,-1,1,1
KR_5896930163,440,3,-9,12,9,1,2,1,3,4,1,4,4,0,1,2,1,0,1,1,0,7,14,7,2,9,1,0,1,1,1,1,1,4,1
KR_6738748783,420,-2,30,-16,0,-5,1,6,-2,2,4,4,4,0,3,3,0,0,1,1,0,3,10,3,2,5,0,0,-2,1,-1,-1,1,5,1
KR_6600495879,420,3,86,-12,4,2,3,1,0,2,2,2,5,3,0,9,9,0,0,0,0,0,9,-1,3,2,-2,0,0,-1,-1,1,-1,6,1
KR_6757654438,420,2,40,-8,5,-1,2,3,-2,1,3,-1,1,2,5,5,0,4,4,0,0,6,1,4,0,4,-1,0,2,1,1,1,1,5,1
KR_6742967882,420,6,137,-15,12,2,2,0,0,3,3,8,8,0,3,6,3,-1,0,1,-1,7,10,4,2,6,2,0,1,1,0,1,-1,1,1
KR_6739710712,420,1,26,4,-4,-4,0,4,-4,3,7,3,4,1,2,3,1,-1,1,2,1,-5,0,1,0,1,0,0,1,-1,-1,1,1,5,1
KR_6748843399,420,3,52,12,14,6,6,0,0,2,2,0,2,2,5,10,5,3,4,1,0,14,0,3,0,3,-4,0,0,1,-1,0,1,3,1
KR_6725889092,420,0,127,-23,13,5,7,2,0,0,0,-1,2,3,7,9,2,2,2,0,0,11,-3,3,2,5,-3,0,1,1,-1,1,1,2,1
KR_6744291959,420,1,9,-9,10,0,0,0,8,8,0,6,9,3,-4,1,5,0,1,1,1,9,-16,1,3,4,-3,0,1,1,1,1,1,3,1
KR_6649672457,420,0,44,5,2,4,5,1,0,3,3,-5,0,5,3,3,0,0,0,0,0,6,-3,3,2,5,2,0,0,1,1,1,1,1,1
KR_6726332306,420,0,-40,-12,6,-1,0,1,0,2,2,0,3,3,7,8,1,0,0,0,0,12,10,5,0,5,-5,0,0,-1,1,0,1,5,1
KR_6715793856,420,4,18,41,9,-2,3,5,1,1,0,10,12,2,0,2,2,0,1,1,1,11,205,1,1,2,0,0,1,1,1,1,1,6,1
KR_6763031844,440,0,-29,-16,0,1,3,2,-2,3,5,-3,1,4,-2,3,5,6,7,1,0,2,31,0,1,1,0,0,-1,0,-1,-1,1,0,1
KR_6711055390,420,2,27,-16,6,3,4,1,5,6,1,-1,1,2,-2,3,5,1,1,0,0,0,299,-1,1,0,-12,0,2,-1,1,1,1,4,1
KR_6721385316,420,0,46,-30,-9,-2,1,3,0,0,0,1,2,1,-6,0,6,-2,0,2,0,-8,0,1,4,5,0,0,0,1,1,0,-1,4,1
KR_6647365231,440,3,34,4,5,3,3,0,0,1,1,2,3,1,1,3,2,-1,0,1,0,3,3,1,2,3,0,0,0,-1,1,0,1,2,1
KR_6741342893,420,-2,-44,-17,-3,-1,1,2,-4,2,6,3,3,0,-1,1,2,0,2,2,0,0,23,-2,3,1,-1,0,-1,-1,1,-1,-1,2,1
KR_6729002157,420,-1,-35,30,-4,4,4,0,1,2,1,-2,1,3,-4,1,5,-3,0,3,0,-4,-2,1,4,5,-1,0,0,1,1,0,1,6,1
KR_6743009480,420,4,41,34,4,3,3,0,1,3,2,1,2,1,-2,2,4,1,2,1,0,2,-67,0,3,3,22,0,1,1,-1,1,1,3,1
KR_6751640002,420,2,-20,-7,-1,2,2,0,1,1,0,-3,1,4,-2,0,2,1,1,0,0,0,-24,0,2,2,2,0,0,-1,0,0,-1,3,1
KR_6676177686,420,2,28,12,8,5,6,1,-1,3,4,1,3,2,4,5,1,-1,1,2,0,6,-19,0,2,2,0,0,0,1,-1,1,1,2,1
KR_6631885731,440,4,106,20,10,3,4,1,3,4,1,0,3,3,3,3,0,1,1,0,0,6,-19,1,4,5,1,0,0,1,1,0,1,4,1
KR_6613720264,440,5,-14,-8,15,4,5,1,2,3,1,0,2,2,9,9,0,0,0,0,0,15,60,1,1,2,-2,0,2,0,1,1,1,0,1
KR_6745570164,420,1,1,20,4,-1,1,2,0,2,2,4,4,0,4,5,1,-3,4,7,1,-1,7,0,1,1,2,0,0,1,1,0,1,3,1
KR_6607657796,420,-4,-6,-14,-3,-2,0,2,-5,1,6,0,2,2,6,9,3,-2,0,2,-2,-3,9,6,3,9,-3,0,1,1,1,-1,-1,1,1
KR_6717198345,440,5,29,5,9,0,3,3,2,4,2,9,9,0,-2,1,3,0,1,1,0,9,17,0,3,3,-2,0,1,1,1,1,1,1,1
KR_6752602920,420,3,42,0,17,2,3,1,-2,2,4,4,6,2,10,10,0,3,4,1,0,13,-41,-1,3,2,26,0,0,1,-1,0,1,1,1
KR_6713792782,420,1,-59,11,0,-1,0,1,9,9,0,-5,0,5,-1,1,2,-2,3,5,0,2,-32,7,1,8,15,0,-2,-1,1,1,-1,6,1
KR_6612976716,420,0,56,-4,3,0,1,1,0,2,2,2,4,2,1,1,0,0,1,1,0,-3,7,-2,2,0,0,0,0,-1,-1,1,1,3,1
KR_6673992158,440,3,94,16,4,1,3,2,2,3,1,0,1,1,0,5,5,1,3,2,-2,-2,0,-2,4,2,4,0,1,1,-1,1,1,4,1
KR_6612228778,420,-1,6,-6,0,1,1,0,-2,3,5,0,3,3,0,2,2,1,1,0,0,7,-323,-1,3,2,-1,0,-2,-1,-1,-1,1,5,1
KR_6653786222,440,1,-18,5,-1,2,2,0,-1,2,3,-5,1,6,2,3,1,1,1,0,0,4,-33,-1,6,5,2,0,-2,1,-1,-1,1,5,1
KR_6698730533,420,3,79,6,4,1,3,2,1,3,2,1,3,2,3,3,0,-2,0,2,0,-1,-2,0,3,3,0,0,1,1,1,1,1,6,1
KR_6753062642,420,2,73,-6,7,4,4,0,1,1,0,2,2,0,2,4,2,-2,1,3,0,4,1,-1,3,2,0,0,1,1,-1,1,1,1,1
KR_6632283668,420,2,-23,25,8,1,3,2,1,2,1,0,2,2,2,2,0,4,4,0,0,14,-35,3,3,6,14,0,1,1,1,1,1,4,1
KR_6653441827,420,0,73,-21,-4,-1,0,1,-2,2,4,-5,0,5,5,5,0,-1,0,1,1,1,6,-2,6,4,-1,0,0,0,0,0,1,0,1
KR_6764505745,440,2,-19,12,6,4,4,0,-2,1,3,3,4,1,-1,2,3,2,2,0,0,4,-225,1,2,3,1,0,2,0,0,1,1,0,1
KR_6688751020,420,0,-17,-16,-10,-4,0,4,-2,1,3,-5,0,5,0,3,3,1,2,1,0,-5,14,3,2,5,-1,0,1,-1,1,1,-1,4,1
KR_6699794511,420,6,94,4,22,3,4,1,5,6,1,5,5,0,5,7,2,4,4,0,0,16,238,3,1,4,0,0,3,1,1,1,1,6,1
KR_6721207205,420,6,100,-18,9,2,4,2,-7,0,7,2,3,1,11,12,1,1,1,0,0,17,2,-2,4,2,5,0,0,0,1,1,1,0,1
KR_6656598337,420,-2,-3,-8,3,5,5,0,3,6,3,-3,2,5,-2,1,3,0,1,1,0,6,-53,-2,3,1,19,0,1,-1,1,1,1,6,1
KR_6762795383,420,-4,-73,-3,-5,-3,0,3,0,2,2,-2,3,5,0,0,0,0,0,0,0,-4,-12,0,4,4,-1,0,0,1,1,1,-1,5,1
KR_6711718045,420,1,51,-44,8,2,5,3,-1,1,2,3,5,2,3,4,1,1,1,0,1,13,-27,-4,8,4,9,0,1,1,1,1,1,6,1
KR_6733383438,420,5,40,32,13,1,2,1,3,6,3,2,2,0,3,4,1,4,5,1,0,17,9,6,2,8,-4,0,2,1,1,1,1,1,1
KR_6729266233,420,6,94,68,7,-1,1,2,0,1,1,4,4,0,2,3,1,2,2,0,0,-1,-115,1,0,1,-2,0,3,1,1,1,1,5,1
KR_6745497485,440,4,69,-4,9,2,2,0,1,1,0,1,2,1,3,3,0,2,2,0,0,5,133,-2,5,3,0,0,1,-1,1,1,1,2,1
KR_6616811485,420,-3,-41,-4,-6,-1,2,3,-1,1,2,-2,6,8,0,4,4,-2,1,3,-2,-16,-2,-2,5,3,0,0,-2,1,-1,-1,-1,5,1
KR_6711330659,420,3,0,-28,7,7,8,1,0,2,2,4,4,0,-3,0,3,-1,0,1,0,2,-307,0,2,2,-1,0,0,-1,-1,-1,1,5,1
KR_6642915884,420,2,74,-20,3,2,3,1,0,6,6,-1,2,3,2,4,2,0,0,0,0,7,-5,3,0,3,-2,0,0,1,1,0,1,2,1
KR_6530367879,420,5,56,8,8,1,2,1,5,5,0,3,4,1,-1,0,1,0,0,0,0,6,13,0,3,3,5,0,1,0,1,1,1,0,1
KR_6601783690,420,2,24,16,14,4,5,1,6,6,0,-1,2,3,3,3,0,2,2,0,1,18,-3,-2,5,3,0,0,0,1,1,1,1,5,1
KR_6527678595,420,3,38,-15,6,7,8,1,2,3,1,-7,1,8,4,4,0,0,2,2,0,0,2,3,2,5,2,0,1,1,-1,1,-1,6,1
KR_6761042062,420,1,92,3,6,1,2,1,3,7,4,-5,1,6,-1,2,3,8,8,0,-1,6,44,3,2,5,4,0,1,-1,-1,1,1,5,1
KR_6755481705,440,1,12,-20,-4,2,2,0,-4,0,4,-5,1,6,0,2,2,3,5,2,0,-2,-23,0,1,1,0,0,0,-1,-1,-1,1,6,1
KR_6361660922,420,2,14,24,7,-3,0,3,4,4,0,3,7,4,1,4,3,2,3,1,1,8,0,0,0,0,1,0,2,1,1,1,1,4,1
KR_6727100161,420,1,-8,2,11,5,5,0,5,5,0,-1,1,2,0,1,1,2,2,0,1,7,-28,0,4,4,3,0,1,1,1,1,1,2,1
KR_6751641222,420,0,-12,58,-4,-1,0,1,0,0,0,-2,0,2,0,5,5,-1,0,1,0,-1,36,-1,6,5,3,0,0,1,0,0,-1,2,1
KR_6668821536,420,6,98,-19,12,4,4,0,1,2,1,0,3,3,7,7,0,0,1,1,-1,15,14,2,0,2,-1,0,1,1,-1,1,-1,6,1
KR_6741019074,440,2,79,18,3,0,1,1,0,3,3,0,0,0,3,4,1,0,1,1,0,-1,-200,4,2,6,6,0,1,1,1,1,1,2,1
KR_6637137532,420,1,9,20,0,2,2,0,5,7,2,-4,0,4,1,1,0,-4,1,5,2,5,-2,0,6,6,4,0,0,1,0,0,1,6,1
KR_6740391636,420,0,-8,26,-2,3,3,0,-1,1,2,0,0,0,-5,3,8,1,1,0,0,-4,-4,-3,7,4,-2,0,0,1,1,1,1,1,1
KR_6709081092,420,2,24,12,10,4,4,0,2,4,2,1,6,5,0,2,2,3,3,0,0,2,4,1,2,3,-1,0,0,1,0,1,-1,1,1
KR_6559464889,420,5,13,8,13,1,3,2,0,2,2,5,5,0,6,6,0,1,2,1,0,7,-19,0,2,2,3,0,1,1,1,1,1,2,1
KR_6617192139,420,5,63,16,2,2,2,0,-1,2,3,-4,1,5,2,2,0,3,3,0,0,7,15,1,1,2,-2,0,3,0,1,1,1,0,1
KR_6698703266,420,2,68,14,-5,3,3,0,0,1,1,-5,2,7,-1,9,10,-2,3,5,-2,-8,-8,-10,10,0,4,0,1,-1,-1,1,-1,5,1
KR_6672271001,420,4,1,53,12,2,2,0,1,3,2,0,2,2,8,9,1,1,1,0,0,7,-121,2,1,3,3,0,0,0,1,-1,1,0,1
KR_6653036735,420,1,-2,-1,4,-1,4,5,-1,0,1,1,2,1,5,5,0,0,0,0,0,11,-3,2,1,3,-1,0,-1,1,-1,-1,1,5,1
KR_6658793282,420,1,42,-22,-5,0,3,3,-2,3,5,-3,1,4,3,4,1,-3,0,3,0,1,24,2,2,4,1,0,3,-1,1,1,1,6,1
KR_6525703284,420,2,76,16,4,3,4,1,3,7,4,-3,1,4,2,7,5,-1,2,3,0,-2,-3,1,2,3,0,0,2,1,1,1,1,5,1
KR_6752285301,420,-1,42,-20,0,2,4,2,4,4,0,0,2,2,-3,1,4,-3,1,4,0,3,5,1,4,5,-1,0,0,0,0,0,-1,0,1
KR_6724475874,420,0,55,0,0,1,6,5,3,4,1,-1,3,4,-4,3,7,1,2,1,-1,0,-18,-2,4,2,2,0,1,1,-1,1,1,6,1
KR_6737443125,420,2,-27,28,-1,0,1,1,-1,1,2,4,6,2,-4,0,4,0,1,1,0,-1,-4,2,4,6,3,0,0,1,-1,0,-1,6,1
KR_6686688004,420,1,98,7,-3,4,5,1,1,2,1,-5,1,6,-4,1,5,1,2,1,0,-6,9,1,1,2,-2,0,1,-1,0,1,1,5,1
KR_6730076535,420,0,-16,20,0,2,3,1,-4,1,5,0,2,2,1,3,2,1,2,1,0,-6,2,-5,7,2,4,0,0,1,1,0,1,3,1
KR_6684673686,420,7,124,47,13,4,5,1,4,6,2,1,2,1,1,3,2,3,4,1,0,16,10,1,3,4,-1,0,4,1,1,1,1,4,1
KR_6659999950,420,5,43,-12,10,2,2,0,7,7,0,-1,1,2,2,2,0,0,2,2,0,9,-9,2,2,4,3,0,0,-1,1,0,1,6,1
KR_6721048191,420,3,85,0,7,5,5,0,3,4,1,-2,1,3,1,1,0,0,1,1,0,0,-2,-1,6,5,5,0,1,-1,1,1,1,3,1
KR_6759225923,420,3,41,9,0,-5,0,5,-1,3,4,1,4,3,3,9,6,2,4,2,-2,4,-1,0,5,5,-1,0,1,1,0,1,1,3,1
KR_6731468759,420,1,3,36,-4,3,4,1,-1,3,4,2,3,1,-5,1,6,-3,0,3,0,-14,-1,-1,4,3,-3,0,0,1,0,0,-1,5,1
KR_6640063827,420,6,16,29,13,-2,0,2,6,6,0,6,6,0,4,6,2,-1,1,2,-1,12,-1,-1,3,2,2,0,0,-1,1,1,-1,5,1
KR_6010020505,420,2,4,8,0,-1,1,2,3,3,0,-1,0,1,1,2,1,-2,0,2,0,7,-1,-2,4,2,1,0,0,-1,-1,0,-1,1,1
KR_6758130329,440,-2,-41,-16,-2,-1,1,2,3,3,0,3,5,2,-4,2,6,-3,5,8,-1,-5,-2,-1,7,6,-2,0,1,1,1,1,1,6,1
KR_6729238492,420,9,78,39,21,4,5,1,4,6,2,6,6,0,5,5,0,2,2,0,3,13,7,3,1,4,3,0,0,1,1,1,1,3,1
KR_6756495145,420,1,64,7,8,3,3,0,2,2,0,-4,2,6,4,4,0,3,3,0,0,9,11,4,1,5,-3,0,1,1,1,1,1,5,1
KR_6639183421,420,1,74,12,1,-1,0,1,-1,1,2,-3,0,3,4,4,0,2,3,1,0,1,34,-2,7,5,-30,0,1,1,1,1,-1,1,1
KR_6581371419,440,0,85,-10,2,-2,0,2,-1,1,2,2,2,0,1,1,0,2,2,0,0,3,7,1,0,1,-3,0,1,1,0,1,1,5,1
KR_6618763700,420,0,16,8,4,6,6,0,1,3,2,-6,0,6,4,5,1,-1,1,2,0,2,-309,1,1,2,0,0,1,1,0,1,1,6,1
KR_6713636247,420,-2,-10,-33,-2,-2,0,2,-1,2,3,1,3,2,-1,2,3,1,2,1,0,1,2,-3,4,1,0,0,0,0,1,1,-1,0,1
KR_6741614285,420,1,30,-19,7,-1,0,1,-1,4,5,2,5,3,4,4,0,3,3,0,0,15,-109,-1,3,2,7,0,1,1,1,-1,1,5,1
KR_6713754332,420,0,32,-9,0,1,3,2,10,11,1,-7,0,7,2,4,2,-6,0,6,0,4,108,-1,2,1,1,0,1,-1,0,1,-1,6,1
KR_6693329187,440,4,-28,24,3,1,3,2,-3,2,5,2,3,1,1,3,2,2,3,1,1,1,-8,0,1,1,-1,0,1,1,1,-1,1,1,1
KR_6547924102,420,0,5,-40,-4,1,2,1,-5,0,5,1,1,0,-2,0,2,1,1,0,1,-3,-7,0,4,4,-3,0,0,-1,-1,1,1,1,1
KR_6640663911,420,1,-4,-20,1,0,0,0,-3,1,4,-3,0,3,4,4,0,3,3,0,0,-1,-5,-1,6,5,-1,0,0,-1,-1,0,-1,2,1
KR_6636266759,420,-3,18,8,2,-2,1,3,-3,2,5,1,1,0,6,6,0,0,4,4,1,8,1,-1,7,6,-4,0,0,1,1,0,1,6,1
KR_6764233854,420,0,8,-16,7,-3,0,3,1,2,1,1,1,0,7,9,2,1,1,0,0,10,12,6,0,6,1,0,0,1,0,1,-1,1,1
KR_6727945027,420,1,-40,5,7,-1,1,2,0,4,4,2,4,2,3,6,3,3,3,0,0,1,1,-1,4,3,-3,0,0,1,1,1,-1,1,1
KR_6725335085,420,7,35,44,12,6,6,0,1,2,1,-1,0,1,2,2,0,4,4,0,-1,3,10,4,3,7,-1,0,1,1,1,1,-1,1,1
KR_6759964656,420,2,-69,4,-2,1,3,2,2,4,2,1,1,0,-3,2,5,-3,0,3,0,1,53,2,2,4,-11,0,0,-1,1,0,1,4,1
KR_6761200433,420,-1,-24,-8,-1,0,1,1,-1,0,1,4,4,0,-2,0,2,-2,2,4,0,4,1,-1,3,2,-2,0,0,0,0,0,-1,0,1
KR_6673338119,420,-1,75,20,-1,-1,2,3,-1,1,2,6,7,1,-1,3,4,-4,1,5,1,-4,20,0,0,0,-4,0,2,1,-1,1,1,4,1
KR_6621236505,420,0,-46,56,-2,-3,0,3,-4,3,7,3,4,1,2,3,1,0,1,1,0,-2,-7,-2,4,2,0,0,-1,0,-1,-1,1,0,1
KR_6731398955,420,8,92,20,10,5,6,1,5,5,0,3,3,0,-2,0,2,-1,0,1,0,2,-6,4,4,8,4,0,1,-1,1,1,1,2,1
KR_6763112742,420,1,-29,20,5,5,7,2,0,1,1,5,7,2,-4,0,4,-1,0,1,-1,-5,-4,-1,1,0,-1,0,0,0,1,-1,-1,0,1
KR_6753460849,420,-1,-41,-3,4,2,3,1,0,1,1,0,0,0,2,4,2,0,0,0,0,5,21,-2,4,2,0,0,1,1,-1,1,1,1,1
KR_6618682309,420,2,-8,8,3,1,3,2,2,4,2,-1,1,2,0,3,3,1,1,0,-1,-1,286,0,3,3,-2,0,0,1,-1,0,-1,6,1
KR_6044997012,420,0,-37,18,1,-2,1,3,2,6,4,1,1,0,0,5,5,0,1,1,-1,0,7,3,3,6,-3,0,-1,-1,0,-1,-1,3,1
KR_6708503529,420,9,120,-12,10,3,4,1,4,5,1,1,1,0,1,3,2,1,1,0,2,10,23,0,3,3,2,0,3,1,1,1,1,3,1
KR_6722439130,420,-4,30,-4,-1,0,2,2,-2,0,2,1,4,3,-1,4,5,1,3,2,0,-7,43,2,0,2,-6,0,0,-1,0,0,1,5,1
KR_6728525102,440,-4,24,-24,-7,1,1,0,1,2,1,-8,1,9,0,2,2,-1,1,2,0,-7,5,2,1,3,2,0,0,-1,0,0,-1,6,1
KR_6756239202,420,-3,-26,-12,-5,-5,2,7,-4,0,4,-3,3,6,6,6,0,1,1,0,0,5,-33,5,2,7,24,0,0,1,0,-1,1,2,1
KR_6638350958,420,4,102,15,8,3,6,3,0,3,3,2,4,2,1,3,2,2,3,1,1,2,4,0,3,3,3,0,2,1,1,1,1,4,1
KR_6686556131,440,3,-19,20,9,3,4,1,7,8,1,-2,1,3,1,6,5,0,1,1,1,4,16,-5,7,2,-1,0,1,1,0,1,1,6,1
KR_6722289367,440,2,-6,-23,11,1,5,4,3,4,1,0,4,4,3,5,2,4,6,2,0,16,15,-4,6,2,-3,0,0,-1,0,0,1,1,1
KR_5581771916,420,4,34,24,15,0,3,3,7,9,2,3,5,2,4,4,0,1,3,2,-1,11,12,2,4,6,1,0,2,1,1,1,-1,1,1
KR_6683673388,420,2,39,0,8,1,2,1,4,5,1,-2,0,2,2,3,1,3,3,0,0,4,361,3,2,5,4,0,0,1,-1,0,1,2,1
KR_6723333035,420,2,62,12,2,-3,0,3,1,1,0,1,4,3,0,3,3,3,3,0,0,2,-10,0,1,1,0,0,1,1,-1,1,1,2,1
KR_6654923823,420,1,-7,-8,-6,3,4,1,-1,0,1,-2,1,3,-6,1,7,0,0,0,0,-6,7,0,2,2,-2,0,1,1,-1,1,-1,1,1
KR_6742383180,440,4,94,-20,11,8,8,0,0,3,3,1,3,2,1,4,3,1,1,0,0,3,-3,-7,10,3,4,0,2,1,1,1,1,2,1
KR_6647883661,420,3,-15,24,-1,2,3,1,-2,0,2,-2,0,2,1,2,1,0,0,0,0,0,-7,-7,10,3,1,0,0,1,-1,1,-1,6,1
KR_6649746230,420,3,15,16,6,2,2,0,0,3,3,3,4,1,2,5,3,-1,2,3,0,8,21,5,2,7,-17,0,0,1,0,0,1,5,1
KR_6616790154,420,0,-24,12,5,0,1,1,3,3,0,2,4,2,-1,2,3,1,3,2,0,4,36,4,4,8,-31,0,1,-1,1,1,1,1,1
KR_6705726631,420,-1,79,-8,1,2,3,1,-5,3,8,-2,3,5,8,8,0,-2,0,2,0,7,5,-3,3,0,-1,0,2,1,1,1,-1,2,1
KR_6374337763,420,6,66,64,11,1,4,3,2,4,2,3,3,0,5,7,2,0,5,5,1,5,0,0,0,0,9,0,-1,0,-1,1,1,0,1
KR_6693620744,420,2,2,24,3,-1,1,2,-2,3,5,-1,3,4,0,5,5,7,7,0,0,10,4,1,4,5,6,0,0,1,-1,-1,-1,1,1
KR_6600921507,420,1,46,-29,4,2,3,1,2,3,1,3,6,3,0,2,2,-3,2,5,1,0,5,-1,2,1,2,0,1,1,0,1,1,5,1
KR_6764284960,420,2,17,40,0,-1,2,3,2,5,3,6,8,2,-5,1,6,-2,0,2,0,-5,14,-1,3,2,2,0,0,1,-1,-1,1,1,1
KR_6727354884,420,3,83,-4,10,-1,0,1,1,1,0,3,5,2,3,3,0,4,5,1,0,8,136,0,2,2,1,0,1,1,0,1,-1,1,1
KR_6688079763,420,2,69,0,6,3,3,0,0,2,2,0,4,4,0,2,2,3,4,1,-1,7,0,3,1,4,-3,0,2,1,1,1,-1,4,1
KR_6716745582,420,0,-36,15,3,0,2,2,-2,4,6,1,1,0,2,5,3,2,5,3,-1,4,8,-3,3,0,1,0,0,1,1,0,-1,3,1
KR_6755238939,440,-1,41,0,1,-1,2,3,2,3,1,0,3,3,0,4,4,0,1,1,0,0,-5,-5,7,2,4,0,0,-1,1,1,1,2,1
KR_6752274189,440,0,30,-5,0,-1,0,1,-1,1,2,1,2,1,0,6,6,1,1,0,0,5,10,2,1,3,-1,0,0,1,-1,1,1,2,1
KR_6727138235,420,2,25,-20,8,2,2,0,0,4,4,-2,0,2,6,7,1,2,2,0,0,11,-3,-1,6,5,3,0,0,0,-1,0,1,0,1
KR_5581615684,420,5,36,12,12,10,10,0,7,9,2,-6,1,7,3,4,1,-2,0,2,-1,8,146,-1,6,5,4,0,2,1,1,1,-1,3,1
KR_6651663099,420,-2,-12,-8,-3,-2,1,3,-2,2,4,-3,1,4,2,4,2,2,3,1,0,-10,2,0,2,2,4,0,1,-1,0,1,-1,3,1
KR_6714513399,420,1,-59,20,2,2,2,0,0,3,3,2,3,1,-4,1,5,2,3,1,0,-6,43,2,2,4,-33,0,0,0,0,0,1,0,1
KR_6730816700,420,1,-34,24,-2,0,2,2,4,5,1,-6,0,6,-6,1,7,6,6,0,-1,2,0,-4,5,1,-1,0,1,1,0,1,-1,2,1
KR_6698343314,420,4,42,45,4,-3,1,4,3,3,0,5,5,0,-3,2,5,2,4,2,-1,1,9,-3,5,2,2,0,1,1,1,1,1,2,1
KR_6735447515,440,4,85,8,13,-1,2,3,5,5,0,2,4,2,3,3,0,4,4,0,0,9,-7,-1,3,2,-4,0,1,0,0,1,1,0,1
KR_6762383061,420,-4,-23,-48,4,2,5,3,3,3,0,-2,0,2,1,1,0,0,3,3,1,10,-2,3,1,4,-5,0,0,0,-1,0,1,0,1
KR_6602427536,420,5,115,-7,11,3,3,0,-1,1,2,4,6,2,2,2,0,3,4,1,0,12,-5,2,1,3,0,0,2,1,1,1,1,1,1
KR_5761356875,420,0,-19,-4,-5,-3,1,4,1,3,2,0,0,0,-2,0,2,-1,0,1,0,-1,-1,-2,3,1,0,0,0,0,0,0,-1,0,1
KR_6362831128,440,5,46,4,9,3,5,2,1,4,3,2,2,0,0,3,3,3,4,1,0,6,0,0,0,0,2,0,1,-1,-1,1,-1,6,1
KR_6751175131,440,3,26,-15,14,4,4,0,-1,2,3,7,7,0,5,6,1,-1,0,1,3,27,-159,1,3,4,-1,0,1,1,1,1,1,3,1
KR_6649603999,420,3,71,-8,11,1,1,0,8,8,0,2,2,0,-2,0,2,2,3,1,0,16,286,1,1,2,0,0,2,1,1,1,1,2,1
KR_6704225068,420,2,25,15,3,0,0,0,-1,0,1,0,4,4,2,5,3,2,4,2,2,1,0,-2,2,0,-2,0,1,1,1,1,-1,3,1
KR_5653389640,420,3,23,33,0,3,6,3,2,6,4,-3,0,3,0,5,5,-2,1,3,0,0,-30,1,7,8,-1,0,0,-1,0,0,1,6,1
KR_6697458918,420,2,51,-1,4,1,1,0,1,2,1,0,0,0,2,2,0,0,1,1,0,6,37,2,5,7,0,0,0,-1,1,1,1,2,1
KR_6739490150,420,8,140,48,16,5,5,0,1,3,2,2,4,2,7,7,0,1,3,2,1,16,6,3,1,4,-1,0,1,1,0,1,1,3,1
KR_6731484038,420,-1,22,-31,4,3,5,2,-3,3,6,3,6,3,1,3,2,0,1,1,1,4,3,2,3,5,-4,0,2,-1,1,1,1,6,1
KR_6732001536,420,2,59,-8,9,2,3,1,2,2,0,5,6,1,4,4,0,-4,0,4,0,8,345,2,2,4,-1,0,0,1,-1,0,1,6,1
KR_6730619902,420,3,57,-24,5,-2,1,3,1,2,1,3,5,2,4,4,0,-1,2,3,0,1,158,1,2,3,2,0,0,1,0,0,1,3,1
KR_6709596084,440,3,51,28,7,0,3,3,3,3,0,1,3,2,2,4,2,1,1,0,0,3,-1,1,1,2,1,0,0,1,1,0,1,2,1
KR_6761485840,420,1,47,5,4,-1,0,1,-6,0,6,7,7,0,1,2,1,3,3,0,0,2,376,1,2,3,1,0,2,1,1,1,1,4,1
KR_6753728088,420,1,39,-8,1,4,5,1,-4,0,4,2,3,1,-3,3,6,2,3,1,0,2,-38,1,2,3,13,0,0,1,-1,0,-1,4,1
KR_6757951787,420,-3,10,0,-8,5,5,0,-4,1,5,0,3,3,-6,0,6,-3,1,4,0,-13,-14,-1,3,2,-1,0,0,-1,1,1,1,2,1
KR_6097346254,420,6,69,21,5,0,2,2,-3,2,5,5,5,0,3,3,0,0,1,1,-1,-3,-11,1,1,2,3,0,1,-1,1,1,-1,2,1
KR_6616656852,420,0,-13,-2,3,1,2,1,-3,2,5,0,1,1,7,7,0,-2,0,2,0,9,-46,1,3,4,2,0,1,0,0,1,1,0,1
KR_6750427006,420,1,2,52,-5,3,4,1,5,7,2,-1,0,1,-12,0,12,0,1,1,0,-10,-3,-1,4,3,-1,0,-1,1,1,-1,1,3,1
KR_6655961639,420,3,77,-4,6,4,5,1,-2,1,3,3,7,4,0,4,4,1,2,1,0,1,-9,2,4,6,0,0,0,-1,1,0,-1,6,1
KR_6564303959,420,3,61,-4,8,-3,0,3,1,1,0,-1,1,2,10,10,0,1,2,1,1,11,-5,-1,3,2,-3,0,1,-1,-1,1,1,3,1
KR_6643547076,420,0,18,8,-1,1,2,1,7,7,0,-2,2,4,-7,1,8,0,0,0,0,-1,3,1,4,5,6,0,0,-1,-1,1,1,5,1
KR_6647706530,440,2,87,28,7,0,2,2,1,4,3,1,1,0,2,6,4,3,4,1,2,19,7,5,0,5,-4,0,2,1,1,1,1,6,1
KR_6628196139,420,-1,-33,-5,-3,-1,2,3,-1,1,2,-2,1,3,0,2,2,1,2,1,0,-3,-3,0,3,3,0,0,-1,-1,0,-1,-1,3,1
KR_6630846155,420,7,86,12,15,5,5,0,-1,2,3,4,4,0,4,7,3,3,4,1,0,11,-1,1,2,3,1,0,1,0,1,1,1,0,1
KR_6603449472,420,3,125,20,6,4,4,0,1,3,2,0,3,3,2,6,4,-1,0,1,1,9,2,2,2,4,0,0,2,-1,1,1,1,3,1
KR_6642663598,420,2,-1,4,5,-1,0,1,-1,0,1,5,6,1,2,2,0,0,0,0,0,0,3,-1,3,2,1,0,0,1,1,0,1,3,1
KR_6375997635,420,2,-50,8,0,-3,1,4,-3,1,4,8,8,0,-2,3,5,0,1,1,0,3,0,0,0,0,4,0,0,1,-1,0,-1,1,1
KR_6637825236,420,4,18,24,9,5,7,2,2,2,0,-1,0,1,2,2,0,1,2,1,0,8,5,1,1,2,-1,0,1,1,0,1,1,3,1
KR_6760138229,420,1,-19,0,6,2,2,0,0,1,1,2,4,2,2,3,1,0,2,2,0,6,5,0,3,3,1,0,0,1,-1,0,-1,3,1
KR_6737111910,420,4,17,8,5,-2,2,4,5,6,1,1,5,4,3,4,1,-2,0,2,0,8,2,-4,5,1,-2,0,1,1,1,1,1,1,1
KR_6607489022,420,2,58,4,6,5,5,0,0,1,1,-2,0,2,4,5,1,-1,0,1,0,8,6,-1,3,2,-3,0,1,1,1,1,1,6,1
KR_6739363482,440,1,-23,-4,6,4,6,2,6,7,1,-2,2,4,0,1,1,-2,0,2,0,9,-4,3,5,8,-1,0,-1,0,0,-1,1,0,1
KR_6628434084,420,2,45,-16,6,5,5,0,0,1,1,3,4,1,-5,0,5,3,4,1,0,2,-4,1,2,3,0,0,1,-1,-1,-1,1,3,1
KR_6719889052,420,-6,-65,2,-7,-1,1,2,4,6,2,0,3,3,-7,2,9,-3,1,4,0,-10,215,-2,3,1,34,0,-1,0,0,-1,-1,0,1
KR_6715633384,420,6,-4,20,12,0,1,1,11,12,1,1,4,3,0,3,3,0,1,1,0,15,102,2,1,3,-12,0,0,1,-1,-1,-1,5,1
KR_6700980893,420,3,-4,48,9,5,6,1,4,6,2,1,4,3,-1,4,5,0,0,0,0,1,2,0,3,3,-1,0,1,1,1,1,1,3,1
KR_6649850579,420,6,57,-5,18,3,3,0,4,5,1,7,7,0,5,7,2,-1,0,1,1,15,1,1,0,1,3,0,2,1,1,1,1,5,1
KR_6758213223,420,5,52,12,8,4,6,2,1,2,1,-2,0,2,6,11,5,-1,1,2,-2,7,-1,-1,1,0,1,0,2,1,1,1,-1,5,1
KR_6728762256,420,5,88,8,11,0,3,3,4,5,1,8,9,1,1,2,1,-2,3,5,1,15,42,-5,5,0,-17,0,4,-1,1,1,1,3,1
KR_6757572029,420,7,116,40,16,0,3,3,0,0,0,3,6,3,8,9,1,5,7,2,1,10,-22,0,3,3,25,0,1,0,0,1,1,0,1
KR_6717439721,420,1,26,15,4,2,3,1,2,5,3,-3,2,5,4,6,2,-1,1,2,1,4,13,5,1,6,-1,0,0,-1,1,1,1,6,1
KR_6384290020,420,3,10,17,6,-1,0,1,2,2,0,5,5,0,0,1,1,0,0,0,0,3,5,-2,5,3,2,0,1,1,0,1,1,3,1
KR_6642801770,420,3,80,-40,12,4,5,1,3,3,0,-4,0,4,8,8,0,1,1,0,0,11,-36,-4,6,2,35,0,1,1,-1,-1,1,3,1
KR_6711352697,420,2,8,-8,-4,5,5,0,0,4,4,-2,0,2,-2,3,5,-5,0,5,0,-8,46,0,3,3,-9,0,1,1,-1,1,-1,1,1
KR_6577292902,420,0,-64,31,0,-8,0,8,1,2,1,1,2,1,3,3,0,3,3,0,0,7,10,1,3,4,0,0,0,1,0,-1,1,6,1
KR_6729159592,420,1,77,10,4,2,3,1,2,3,1,-2,1,3,1,2,1,1,4,3,1,8,2,4,1,5,-1,0,0,-1,1,1,1,5,1
KR_6696854515,420,3,20,-20,9,0,1,1,0,0,0,5,5,0,2,3,1,2,2,0,0,10,-213,-1,2,1,1,0,0,-1,-1,0,1,2,1
KR_6638186148,440,6,101,43,17,1,1,0,4,5,1,-2,0,2,4,8,4,10,10,0,0,8,12,3,3,6,2,0,1,1,0,1,1,6,1
KR_6375948950,420,2,55,1,7,4,5,1,-3,1,4,2,7,5,3,8,5,1,3,2,0,0,0,0,0,0,2,0,1,1,0,1,-1,5,1
KR_6658934247,420,0,-32,-12,1,3,3,0,1,3,2,0,2,2,-1,0,1,-2,0,2,0,-3,-6,0,1,1,1,0,0,1,0,0,-1,5,1
KR_6309967040,420,-3,90,22,-7,3,4,1,4,5,1,-7,0,7,-6,2,8,-1,0,1,1,-15,25,-1,5,4,-4,0,0,-1,0,1,1,1,1
KR_6715700428,420,2,28,4,3,8,8,0,-1,0,1,-2,2,4,-4,0,4,2,3,1,0,1,-1,1,3,4,-3,0,0,-1,-1,0,1,2,1
KR_6758467683,420,4,13,12,8,-2,1,3,-1,0,1,6,7,1,2,5,3,3,3,0,0,0,7,2,3,5,-1,0,3,-1,1,1,1,6,1
KR_6712463266,420,5,47,9,8,5,5,0,-2,1,3,-4,0,4,3,4,1,6,8,2,0,1,-10,-1,5,4,3,0,2,1,0,1,1,3,1
KR_6647346247,440,5,86,8,12,6,7,1,2,5,3,3,4,1,2,4,2,-1,2,3,0,11,1,-1,3,2,-3,0,2,0,0,1,1,0,1
KR_6724595010,420,2,47,24,6,-3,0,3,4,5,1,1,2,1,4,4,0,0,1,1,1,5,4,3,1,4,5,0,0,0,0,0,1,0,1
KR_6688732587,420,11,177,57,23,7,7,0,5,6,1,10,10,0,1,2,1,0,1,1,1,16,16,4,2,6,1,0,2,1,1,1,1,6,1
KR_6493479605,420,5,64,52,1,-2,1,3,-1,1,2,1,3,2,0,5,5,3,5,2,-3,-1,-1,1,4,5,-1,0,2,1,1,1,-1,4,1
KR_6609862326,420,-2,-58,-23,9,0,1,1,2,4,2,-1,5,6,4,5,1,4,6,2,2,7,-18,-3,4,1,1,0,0,0,1,-1,1,0,1
KR_6642620807,420,1,-46,-24,8,0,2,2,-1,0,1,-1,0,1,9,9,0,1,2,1,0,12,-5,-1,4,3,-3,0,1,-1,-1,1,-1,5,1
KR_6731792343,420,5,26,28,9,2,2,0,2,3,1,1,1,0,2,2,0,2,2,0,0,8,10,0,2,2,0,0,0,1,1,0,1,3,1
KR_6623522877,420,2,92,-2,6,4,5,1,-1,3,4,0,2,2,3,3,0,0,0,0,0,3,-1,3,1,4,3,0,2,1,1,1,-1,3,1
KR_6643488329,420,2,-17,19,11,-2,0,2,6,6,0,1,2,1,4,5,1,2,2,0,1,17,-2,2,1,3,-1,0,0,1,0,1,1,1,1
KR_6653165453,420,1,39,-3,2,3,5,2,-2,1,3,1,3,2,0,0,0,0,3,3,-1,-1,-17,-2,6,4,2,0,0,1,1,1,-1,3,1
KR_6603608808,420,1,51,-15,4,0,2,2,3,6,3,0,5,5,1,1,0,0,0,0,0,0,6,2,6,8,0,0,-1,0,0,1,1,0,1
KR_6627098225,420,1,25,-40,4,1,3,2,3,5,2,1,4,3,-1,1,2,0,1,1,0,3,-6,-2,4,2,0,0,0,-1,-1,0,-1,4,1
KR_6728820335,420,-2,60,-16,-3,0,0,0,2,4,2,-2,1,3,0,1,1,-3,0,3,0,0,-3,4,2,6,-3,0,0,1,1,-1,1,6,1
KR_6667359536,420,1,1,-8,3,0,0,0,3,5,2,-1,3,4,-1,4,5,2,2,0,-1,6,-17,-3,6,3,30,0,0,-1,-1,0,-1,2,1
KR_6594094970,440,3,-1,29,4,0,2,2,5,5,0,1,2,1,3,7,4,-5,0,5,0,7,62,2,2,4,2,0,1,1,1,1,-1,1,1
KR_6742440745,420,3,45,17,10,4,5,1,2,3,1,-1,1,2,4,6,2,1,1,0,0,5,1,1,3,4,1,0,0,-1,-1,1,1,5,1
KR_6733378644,420,0,-77,0,4,-1,1,2,1,1,0,0,1,1,3,3,0,1,2,1,0,3,94,0,1,1,24,0,0,0,1,0,-1,0,1
KR_6709277357,420,-2,57,35,-4,3,4,1,-3,1,4,-1,0,1,-2,2,4,-1,0,1,2,-11,0,-2,5,3,1,0,1,0,1,1,1,0,1
KR_6716309119,420,1,59,16,2,-2,1,3,-1,2,3,3,5,2,-1,1,2,3,5,2,-2,3,9,2,0,2,-1,0,1,1,1,1,-1,3,1
KR_6618534716,420,3,115,47,1,3,3,0,0,1,1,-4,1,5,2,3,1,0,2,2,1,3,-3,0,2,2,1,0,0,0,-1,0,1,0,1
KR_6693492295,420,-3,-17,32,-5,4,5,1,1,4,3,-4,0,4,-4,2,6,-2,1,3,0,-7,-1,0,3,3,-3,0,0,0,0,0,1,0,1
KR_6740543406,420,7,80,72,14,3,4,1,-3,1,4,11,11,0,2,3,1,1,1,0,0,4,-338,1,0,1,6,0,3,-1,0,1,1,6,1
KR_6642342153,420,6,56,7,9,3,3,0,4,4,0,4,4,0,0,0,0,-2,0,2,0,6,-271,1,3,4,5,0,1,-1,1,1,1,1,1
KR_6715200697,420,1,85,-28,7,4,5,1,-3,2,5,1,3,2,7,7,0,-2,0,2,2,11,6,5,0,5,0,0,0,1,0,0,1,3,1
KR_6745756352,420,3,33,13,3,0,1,1,-1,2,3,-1,3,4,1,4,3,4,4,0,0,9,-2,-2,3,1,0,0,0,1,-1,-1,1,2,1
KR_6655163346,420,7,56,56,15,6,7,1,1,2,1,3,4,1,7,8,1,-2,0,2,0,10,3,2,2,4,0,0,2,1,1,1,1,2,1
KR_6649685789,420,5,34,40,9,3,3,0,4,4,0,-1,0,1,3,9,6,0,1,1,0,6,8,1,1,2,-1,0,2,-1,-1,1,-1,5,1
KR_6637147470,440,4,59,4,0,-1,0,1,5,7,2,0,2,2,-4,3,7,0,2,2,0,1,26,-1,4,3,-15,0,1,-1,0,1,1,5,1
KR_6719472727,420,0,69,4,-4,-1,0,1,-2,2,4,-1,2,3,0,0,0,0,1,1,0,-3,-2,1,5,6,0,0,1,-1,1,1,1,3,1
KR_6732003817,440,3,51,-3,2,5,7,2,-3,0,3,4,5,1,-3,3,6,-1,1,2,0,0,4,1,3,4,-1,0,2,1,1,1,1,6,1
KR_6761390012,420,0,-2,-12,-6,-2,1,3,-2,0,2,-2,5,7,4,7,3,-4,0,4,0,-8,-15,-4,7,3,0,0,1,-1,1,1,-1,6,1
KR_6754046894,440,-1,-112,8,1,-2,0,2,2,6,4,-2,1,3,3,4,1,0,1,1,0,5,-42,-1,3,2,33,0,-2,-1,0,-1,1,2,1
KR_6605622547,420,0,12,-20,1,0,2,2,0,1,1,1,4,3,1,3,2,-1,0,1,0,0,-1,-2,5,3,1,0,1,1,1,1,-1,6,1
KR_6669116431,420,7,169,37,3,-1,3,4,0,0,0,3,3,0,1,2,1,0,0,0,0,-2,8,3,0,3,5,0,3,-1,1,1,1,4,1
KR_6745424490,440,-2,-7,-4,-6,0,1,1,-1,1,2,-3,0,3,-3,3,6,1,3,2,1,0,-21,-3,6,3,6,0,0,-1,1,-1,1,2,1
KR_6709927064,420,0,-15,33,5,1,2,1,3,5,2,4,6,2,-4,1,5,1,2,1,-1,3,308,-2,4,2,1,0,0,1,1,-1,-1,3,1
KR_6623490642,440,-2,-14,-16,-5,1,1,0,-2,2,4,-1,0,1,-2,1,3,-1,0,1,0,-6,-18,4,4,8,2,0,0,1,0,0,-1,1,1
KR_6633217534,420,0,10,29,4,2,2,0,7,7,0,3,3,0,-6,0,6,-2,2,4,0,8,26,-2,4,2,-4,0,1,-1,1,1,-1,1,1
KR_6713132084,420,-2,-42,59,-6,-2,0,2,0,3,3,-1,2,3,-2,3,5,-1,2,3,-1,-4,-222,0,2,2,-1,0,-1,-1,-1,-1,-1,1,1
KR_6678791523,420,5,127,10,9,5,6,1,0,2,2,-1,0,1,4,5,1,1,1,0,1,13,5,-1,1,0,4,0,3,1,0,1,1,5,1
KR_6635737866,420,-4,1,-12,-4,4,4,0,-1,1,2,-4,0,4,-1,0,1,-2,0,2,0,-2,4,1,1,2,-1,0,1,-1,-1,1,-1,3,1
KR_6744275880,420,2,15,-8,5,-2,3,5,4,5,1,2,5,3,2,4,2,-1,1,2,0,12,4,3,1,4,1,0,-1,1,0,-1,1,2,1
KR_6753904123,420,7,64,8,10,3,3,0,1,2,1,2,3,1,1,4,3,3,4,1,0,3,40,2,0,2,-20,0,1,1,-1,1,1,6,1
KR_6618425412,420,11,150,48,32,15,15,0,7,7,0,7,7,0,0,2,2,3,3,0,2,23,-1,3,2,5,6,0,5,1,-1,1,1,2,1
KR_6666794492,420,-1,31,20,1,1,2,1,-1,4,5,3,5,2,-3,3,6,1,1,0,0,-9,-6,-5,9,4,3,0,0,1,1,0,1,5,1
KR_6707318772,420,5,-12,24,8,2,2,0,6,6,0,-2,1,3,0,0,0,2,2,0,0,7,-3,-1,3,2,1,0,1,1,1,1,1,1,1
KR_6761118151,420,0,-10,-8,5,2,4,2,0,5,5,-2,2,4,5,11,6,0,2,2,0,8,3,-2,4,2,2,0,0,1,-1,-1,-1,6,1
KR_6633933549,420,5,56,36,4,3,6,3,1,6,5,1,3,2,2,6,4,-3,1,4,3,2,-27,0,5,5,6,0,1,1,1,1,1,6,1
KR_6505144046,420,2,-17,0,4,4,4,0,3,4,1,-2,3,5,0,1,1,-1,1,2,0,0,-1,1,1,2,4,0,1,1,1,1,1,5,1
KR_6640002729,420,2,49,5,4,-2,2,4,2,2,0,-1,0,1,0,4,4,5,5,0,2,16,2,2,4,6,-1,0,-1,1,-1,-1,1,2,1
KR_6658460864,420,2,44,4,11,5,5,0,1,3,2,1,2,1,4,6,2,0,0,0,0,10,-608,-1,5,4,-2,0,0,1,0,0,1,2,1
KR_6760603262,420,-1,19,-12,-1,4,4,0,1,5,4,-1,2,3,-7,2,9,2,2,0,0,-6,-1,0,3,3,2,0,0,-1,1,0,-1,5,1
KR_6616657682,420,1,70,28,4,1,2,1,5,5,0,2,4,2,-2,1,3,-2,0,2,0,2,33,2,1,3,-38,0,-1,1,0,1,1,3,1
KR_6748098810,420,0,50,-9,-2,-1,1,2,-1,1,2,-8,1,9,8,8,0,0,1,1,0,8,16,1,4,5,-2,0,0,1,-1,-1,1,6,1
KR_6715694197,420,3,8,10,5,4,4,0,-1,2,3,2,2,0,0,2,2,0,1,1,0,1,13,5,5,10,1,0,0,1,0,0,1,3,1
KR_6653474052,420,6,94,40,11,1,1,0,3,3,0,8,9,1,-1,2,3,0,1,1,0,4,-119,2,4,6,0,0,1,1,-1,1,1,5,1
KR_6683096983,420,3,22,-16,7,2,5,3,2,4,2,5,5,0,0,3,3,-2,2,4,0,6,-30,-1,2,1,-2,0,0,-1,-1,0,1,5,1
KR_6752073591,420,0,31,2,-2,-4,0,4,7,8,1,-3,2,5,0,3,3,-2,0,2,0,0,-26,0,2,2,0,0,0,-1,1,1,1,4,1
KR_6729951179,420,-5,-107,8,-4,-2,1,3,-1,2,3,2,4,2,-2,0,2,-1,0,1,0,-8,-2,-6,6,0,0,0,-1,0,-1,-1,1,0,1
KR_6695309312,420,3,30,28,4,2,2,0,-1,4,5,2,3,1,2,3,1,-1,3,4,-3,-6,-2,-5,5,0,2,0,0,-1,-1,1,-1,5,1
KR_6673870775,420,-3,-115,-10,2,-2,0,2,2,3,1,3,4,1,0,1,1,-1,0,1,0,5,-3,-2,3,1,1,0,0,-1,-1,0,-1,6,1
KR_6716934969,420,-1,-30,-4,3,1,3,2,-1,1,2,3,4,1,-2,2,4,2,3,1,0,0,-13,-4,6,2,-5,0,-1,1,0,-1,-1,2,1
KR_6715779468,440,2,-30,37,8,2,4,2,1,5,4,1,5,4,2,4,2,2,4,2,1,5,-3,0,5,5,7,0,1,1,0,1,1,6,1
KR_6754866155,440,3,57,30,6,4,4,0,2,6,4,-4,0,4,4,6,2,0,1,1,0,7,1,-7,12,5,-1,0,0,1,-1,1,1,4,1
KR_6625581476,420,0,-22,-27,-3,0,2,2,0,2,2,-4,2,6,1,2,1,0,0,0,0,4,0,3,1,4,1,0,-1,1,-1,-1,-1,6,1
KR_6696915284,420,4,82,-44,1,3,3,0,-3,1,4,-2,0,2,3,6,3,0,2,2,1,-3,1,1,5,6,0,0,3,1,0,1,-1,5,1
KR_6742597043,420,7,65,16,15,3,4,1,2,2,0,7,9,2,-1,2,3,4,4,0,0,13,7,2,0,2,-2,0,1,1,1,1,-1,2,1
KR_6750979915,420,2,-33,25,-1,-4,0,4,-1,2,3,3,4,1,2,3,1,-1,0,1,0,-1,44,-1,3,2,-4,0,0,-1,-1,0,-1,5,1
KR_6762761728,420,-2,10,4,-2,0,0,0,-2,1,3,-3,2,5,2,5,3,1,1,0,0,-6,-6,-5,5,0,2,0,0,0,-1,-1,1,0,1
KR_6757496623,420,2,91,16,1,5,6,1,-1,2,3,-3,1,4,2,3,1,-2,1,3,0,-12,-10,-1,3,2,1,0,1,0,1,1,1,0,1
KR_6642850835,420,3,39,-3,8,0,2,2,0,2,2,2,2,0,4,5,1,2,5,3,0,6,10,4,0,4,-1,0,1,1,1,1,1,3,1
KR_6698803319,420,-3,4,-2,-6,-2,1,3,-2,4,6,-2,2,4,0,0,0,0,1,1,0,-7,10,1,5,6,-8,0,0,0,1,0,-1,0,1
KR_6536672509,420,0,38,-8,-2,1,3,2,0,2,2,-7,1,8,4,5,1,0,0,0,1,4,-20,-2,3,1,4,0,-1,-1,-1,-1,1,4,1
KR_6745830873,420,4,79,3,10,1,2,1,2,2,0,3,4,1,8,8,0,-4,0,4,0,9,8,4,1,5,2,0,1,1,-1,1,1,1,1
KR_6626191413,420,-1,-3,20,3,-2,1,3,1,3,2,6,7,1,-1,1,2,-1,0,1,0,-3,174,-1,2,1,2,0,0,1,0,0,1,4,1
KR_6762280954,440,-3,-69,-24,0,-3,1,4,-1,1,2,2,6,4,1,1,0,1,1,0,0,-1,-1,0,6,6,2,0,-1,1,-1,-1,1,4,1
KR_6578661364,420,0,-37,-5,-2,2,4,2,-4,0,4,-3,1,4,3,3,0,0,0,0,1,-1,-201,-1,2,1,0,0,0,-1,1,0,1,1,1
KR_6752613766,420,-1,-53,-5,2,-2,1,3,1,5,4,-1,0,1,4,4,0,0,2,2,0,7,17,1,4,5,0,0,0,1,-1,1,1,1,1
KR_6643012594,420,7,90,35,15,1,2,1,6,6,0,2,3,1,3,3,0,3,3,0,0,13,-11,2,1,3,1,0,1,1,1,1,1,6,1
KR_6758864776,420,5,65,20,11,4,4,0,1,1,0,5,6,1,1,6,5,0,1,1,1,13,7,1,2,3,-1,0,1,0,0,1,1,0,1
KR_6745233195,420,-4,-18,-30,-4,1,3,2,2,3,1,-1,3,4,-3,1,4,-3,1,4,1,-7,115,1,0,1,-1,0,-2,-1,1,-1,1,2,1
KR_6733689568,420,3,86,24,-1,-1,1,2,-2,2,4,-3,1,4,5,6,1,0,0,0,0,-4,2,-3,9,6,-3,0,1,1,1,1,-1,1,1
KR_6739999996,440,-1,-10,-19,-1,1,1,0,-1,7,8,-1,3,4,0,1,1,0,0,0,0,2,-33,2,2,4,32,0,0,0,1,0,-1,0,1
KR_6729398546,440,-1,-36,4,4,8,9,1,-4,1,5,-1,2,3,3,4,1,-2,0,2,1,0,-255,1,3,4,2,0,1,0,1,1,1,0,1
KR_6713620577,420,-1,57,11,-4,0,0,0,-3,0,3,3,4,1,0,2,2,-4,1,5,1,-4,2,1,1,2,-3,0,0,1,1,1,1,6,1
KR_6660792921,440,2,39,-20,-2,3,5,2,1,3,2,-3,0,3,-2,3,5,-1,1,2,0,-5,7,4,1,5,-1,0,1,-1,0,1,-1,1,1
KR_6630004053,420,1,19,43,7,2,3,1,-4,1,5,1,3,2,8,9,1,0,4,4,0,0,30,2,1,3,-1,0,1,0,1,1,1,0,1
KR_6640804633,420,3,88,9,12,0,1,1,3,4,1,4,4,0,5,5,0,0,0,0,0,10,0,1,3,4,-1,0,1,1,0,1,1,6,1
KR_6712468853,420,0,11,14,1,0,3,3,3,3,0,-2,0,2,6,6,0,-6,0,6,-1,1,0,2,1,3,1,0,1,-1,-1,1,-1,1,1
KR_6661703519,420,1,53,-11,6,-3,0,3,0,1,1,6,7,1,2,3,1,1,1,0,0,8,5,0,5,5,-2,0,1,-1,0,1,1,3,1
KR_6732382054,420,3,64,18,6,-1,4,5,1,3,2,8,9,1,-2,0,2,0,5,5,0,-2,14,-2,3,1,-4,0,1,1,1,1,-1,5,1
KR_6712423462,420,0,-42,-8,-5,-1,2,3,6,6,0,-2,1,3,-4,0,4,-4,0,4,0,-6,2,3,2,5,1,0,0,1,1,1,-1,1,1
KR_6618176719,420,0,-67,11,2,-2,3,5,1,3,2,0,2,2,2,3,1,1,1,0,0,12,14,-1,2,1,0,0,-1,-1,1,-1,-1,6,1
KR_6747362959,420,2,100,0,-1,2,3,1,2,6,4,-3,1,4,-1,1,2,-1,0,1,-1,-5,5,-5,6,1,2,0,0,1,1,1,-1,3,1
KR_6689474347,420,4,0,-4,3,-4,1,5,1,4,3,6,7,1,1,1,0,-1,0,1,-1,-1,-45,-3,7,4,22,0,0,-1,1,-1,-1,5,1
KR_6690547661,420,5,71,-2,5,-3,3,6,2,3,1,2,2,0,4,5,1,0,0,0,0,10,-6,-4,4,0,4,0,1,0,-1,1,-1,0,1
KR_6696687327,420,6,105,53,15,4,4,0,-1,2,3,4,4,0,10,10,0,-2,0,2,0,11,19,-2,5,3,2,0,2,1,1,1,-1,1,1
KR_6716201993,420,3,27,40,5,-2,1,3,5,5,0,3,4,1,0,1,1,-1,1,2,0,9,41,5,3,8,-21,0,0,1,-1,1,-1,3,1
KR_6592122621,420,0,4,0,-4,-5,2,7,0,3,3,3,3,0,-1,3,4,-1,1,2,0,3,4,5,0,5,0,0,-1,1,-1,-1,-1,5,1
KR_6759593490,440,-3,-30,-20,0,-1,0,1,-2,4,6,1,3,2,0,0,0,2,3,1,0,-2,-15,-1,3,2,-3,0,0,0,-1,0,1,0,1
KR_6722087380,420,5,71,29,4,3,4,1,1,5,4,1,2,1,-1,3,4,0,1,1,0,-1,9,-2,4,2,1,0,1,-1,1,1,1,4,1
KR_6660293163,420,-1,27,12,-1,-3,1,4,-2,2,4,4,5,1,2,4,2,-2,0,2,0,-10,3,0,4,4,-1,0,0,-1,1,0,1,1,1
KR_6723831810,420,0,23,-8,2,-2,1,3,-2,0,2,-1,1,2,9,9,0,-2,0,2,0,7,-1,0,3,3,0,0,-1,1,-1,-1,1,3,1
KR_6742532683,420,3,24,12,1,-2,1,3,1,1,0,0,1,1,1,3,2,1,2,1,1,1,15,2,4,6,1,0,1,0,0,1,1,0,1
KR_6675820675,420,1,-71,-24,2,2,6,4,0,1,1,0,1,1,1,3,2,-1,2,3,1,12,8,5,0,5,1,0,-1,0,0,-1,1,0,1
KR_6730345273,420,3,20,28,2,0,2,2,0,1,1,1,4,3,-1,1,2,2,2,0,0,-3,-4,0,4,4,-5,0,0,-1,1,1,1,5,1
KR_6653796331,420,6,64,30,20,1,1,0,2,2,0,4,5,1,11,11,0,2,2,0,0,18,4,3,2,5,2,0,2,-1,-1,1,1,3,1
KR_6616861489,420,0,-34,-1,9,-1,0,1,4,4,0,3,3,0,1,3,2,2,3,1,0,8,-33,-2,6,4,0,0,0,1,1,0,1,1,1
KR_6633299248,420,5,66,16,7,5,6,1,0,4,4,-7,0,7,4,4,0,5,6,1,0,7,205,-1,2,1,3,0,1,1,1,1,1,3,1
KR_6692696533,420,0,-31,4,-8,0,3,3,-4,2,6,-3,1,4,0,1,1,-1,0,1,0,-11,-8,-2,4,2,3,0,0,-1,-1,0,-1,5,1
KR_6724303101,420,7,97,20,2,-2,1,3,2,4,2,2,3,1,0,1,1,0,1,1,0,5,279,-1,3,2,0,0,4,1,1,1,1,6,1
KR_6608358119,420,0,-46,0,2,0,1,1,4,4,0,-1,1,2,1,4,3,-2,0,2,0,-1,-39,-2,6,4,19,0,0,-1,1,0,1,1,1
KR_6762336785,420,0,21,26,-5,-5,1,6,-4,0,4,2,3,1,2,3,1,0,2,2,0,-11,-1,-4,6,2,3,0,0,-1,1,-1,-1,2,1
KR_6608058836,440,7,-52,5,18,2,2,0,8,8,0,7,8,1,0,0,0,1,1,0,0,22,6,2,2,4,6,0,2,1,1,1,1,4,1
KR_6755477684,420,2,8,20,1,-2,0,2,1,2,1,0,3,3,4,6,2,-2,0,2,0,5,-336,0,3,3,-2,0,1,0,1,1,-1,0,1
KR_6533955544,420,4,-28,-7,13,5,5,0,-1,4,5,3,5,2,7,8,1,-1,1,2,0,11,6,4,3,7,-4,0,2,1,1,1,1,4,1
KR_6761157016,420,3,55,18,11,3,3,0,8,9,1,-4,1,5,2,3,1,2,2,0,1,13,4,4,2,6,-4,0,3,-1,1,1,1,1,1
KR_6764544593,420,0,38,-8,-3,2,2,0,2,3,1,-2,3,5,-5,0,5,0,0,0,0,-9,1,-1,4,3,-7,0,0,0,0,0,-1,0,1
KR_6760249129,440,0,-47,12,-3,0,1,1,-1,2,3,0,5,5,0,2,2,-2,0,2,0,-12,-56,-2,2,0,2,0,0,0,1,0,1,0,1
KR_6640805925,420,0,85,2,1,3,3,0,-1,3,4,0,4,4,0,0,0,-1,0,1,0,-1,11,2,2,4,-3,0,0,0,0,0,1,0,1
KR_6625048200,420,1,-33,28,4,-3,0,3,2,3,1,0,3,3,4,5,1,1,2,1,-1,-1,6,1,3,4,-3,0,0,1,1,-1,-1,6,1
KR_6493578702,420,-3,-65,13,-8,-2,1,3,3,3,0,-5,0,5,-4,2,6,0,0,0,0,-7,5,-4,5,1,4,0,0,1,1,-1,-1,1,1
KR_6706970204,420,2,63,-3,12,0,2,2,2,3,1,2,5,3,8,11,3,0,0,0,1,10,-5,0,2,2,1,0,-1,1,-1,1,1,5,1
KR_6750947296,440,1,40,20,3,0,2,2,3,4,1,1,2,1,-1,0,1,0,1,1,0,6,2,-2,4,2,1,0,1,0,1,1,-1,0,1
KR_6418795515,420,2,130,-44,2,2,2,0,-3,1,4,0,1,1,3,4,1,0,1,1,0,1,-6,4,2,6,0,0,2,1,1,1,1,1,1
KR_6757349015,420,-2,-37,-20,-5,1,3,2,0,3,3,-4,0,4,-3,1,4,1,2,1,0,-6,-8,0,3,3,-3,0,-1,1,-1,-1,-1,3,1
KR_6724009268,420,1,37,-16,6,0,2,2,-4,0,4,4,4,0,6,8,2,0,2,2,0,5,3,0,4,4,0,0,-1,-1,-1,-1,-1,2,1
KR_6762432533,440,1,60,-12,4,2,3,1,1,2,1,0,0,0,-2,3,5,3,5,2,0,0,134,-2,3,1,-1,0,0,0,1,1,1,0,1
KR_6741545463,420,-4,-31,-9,-10,-2,1,3,4,4,0,-3,3,6,-9,0,9,0,1,1,0,-1,-6,1,1,2,-2,0,-1,1,-1,-1,-1,5,1
KR_6725927434,420,3,76,22,3,3,3,0,-3,2,5,-1,3,4,3,3,0,1,2,1,0,6,-36,1,5,6,31,0,0,0,1,0,-1,0,1
KR_6637497965,420,2,50,-12,4,-2,1,3,2,3,1,-1,7,8,3,3,0,2,2,0,0,8,16,1,1,2,0,0,1,0,1,1,1,0,1
KR_6585776255,420,5,-20,8,15,4,5,1,0,1,1,-2,2,4,13,14,1,0,0,0,0,14,-323,3,0,3,0,0,0,-1,-1,1,1,2,1
KR_6684831726,420,-5,-72,-8,-12,-6,0,6,0,1,1,-3,3,6,-3,0,3,0,0,0,0,-3,41,-1,3,2,1,0,-2,1,-1,-1,-1,6,1
KR_6747361528,420,1,37,-9,8,0,1,1,6,7,1,0,2,2,2,2,0,0,1,1,0,6,48,-1,5,4,-14,0,1,0,1,1,1,0,1
KR_6743834434,420,0,-62,16,6,2,3,1,0,3,3,2,3,1,1,2,1,1,1,0,1,7,199,7,1,8,1,0,0,1,1,0,1,2,1
KR_6684337807,420,1,35,-4,7,3,3,0,2,2,0,-2,1,3,1,1,0,3,3,0,0,4,-3,0,3,3,2,0,0,-1,1,1,1,4,1
KR_6723776535,420,2,45,22,6,1,3,2,4,5,1,3,4,1,0,1,1,-2,1,3,0,6,-12,0,3,3,1,0,1,1,1,1,-1,6,1
KR_6725243495,420,3,13,32,1,3,3,0,1,1,0,1,1,0,-3,1,4,-1,1,2,0,-4,21,-2,5,3,-2,0,0,-1,1,0,1,2,1
KR_6757155650,420,2,-36,31,2,0,0,0,1,3,2,0,2,2,0,8,8,1,1,0,0,4,-6,1,3,4,-2,0,1,0,1,1,1,0,1
KR_6622780544,420,2,45,51,13,3,5,2,8,9,1,2,5,3,2,6,4,-2,0,2,0,6,242,2,2,4,3,0,2,1,1,1,1,1,1
KR_6601793797,420,-1,35,14,-2,-2,0,2,-2,1,3,3,3,0,-2,0,2,1,1,0,0,-8,135,0,4,4,-1,0,0,-1,-1,0,-1,2,1
KR_6611215602,420,0,9,-16,2,-1,1,2,1,2,1,1,3,2,0,5,5,1,2,1,0,3,46,1,3,4,-19,0,0,1,0,0,-1,2,1
KR_6754195759,420,-1,48,8,2,2,3,1,1,3,2,-1,2,3,-1,3,4,1,3,2,1,-4,6,1,3,4,-1,0,1,-1,0,1,1,4,1
KR_6752227979,420,-2,-49,-30,3,0,2,2,3,6,3,0,3,3,-2,5,7,2,2,0,0,-1,-10,5,2,7,5,0,0,-1,1,1,1,3,1
KR_6641827204,420,-1,-23,-8,0,-7,1,8,4,5,1,2,3,1,0,1,1,1,1,0,0,4,2,1,3,4,0,0,-1,-1,1,-1,-1,6,1
KR_6729248486,420,-1,30,-4,-5,2,4,2,4,4,0,-4,0,4,-4,1,5,-3,3,6,0,2,45,-1,6,5,-19,0,1,1,0,1,-1,6,1
KR_6733743482,420,4,37,12,9,-2,1,3,1,1,0,4,4,0,4,5,1,2,2,0,0,9,-5,1,3,4,0,0,3,1,1,1,-1,5,1
KR_6729281711,420,4,-58,8,12,-1,2,3,5,5,0,-1,1,2,5,8,3,4,4,0,1,13,16,2,3,5,4,0,1,1,1,1,1,1,1
KR_6752311826,420,3,10,-8,8,1,4,3,5,7,2,2,4,2,-1,3,4,1,1,0,0,7,5,0,3,3,-2,0,0,-1,0,-1,1,1,1
KR_6615905005,420,0,36,3,4,0,0,0,0,1,1,1,5,4,5,6,1,-2,0,2,0,-2,3,-2,2,0,1,0,1,-1,-1,1,1,6,1
KR_6729187897,420,3,140,22,6,0,4,4,5,6,1,4,6,2,-3,2,5,0,1,1,3,4,9,2,3,5,0,0,4,1,1,1,1,6,1
KR_6757763123,420,2,44,9,1,2,2,0,-3,0,3,-2,1,3,0,2,2,4,5,1,0,0,-2,1,2,3,6,0,-1,1,-1,-1,1,5,1
KR_6596237653,420,3,9,-5,11,9,9,0,2,2,0,-5,1,6,3,3,0,2,2,0,0,11,-227,4,0,4,-1,0,2,1,1,1,1,5,1
KR_6635662490,420,3,47,-12,6,-1,0,1,-2,0,2,3,4,1,5,5,0,1,2,1,0,6,11,-2,5,3,1,0,1,1,-1,1,-1,1,1
KR_6655258961,420,2,9,4,6,1,3,2,-2,1,3,9,9,0,-2,0,2,0,0,0,0,2,7,6,0,6,0,0,1,-1,1,1,1,6,1
KR_6485830749,420,-2,44,-32,-1,0,0,0,-2,0,2,-3,3,6,3,6,3,1,2,1,-1,-6,2,-1,4,3,5,0,0,1,1,0,1,3,1
KR_6744866096,420,3,7,28,5,2,2,0,1,1,0,1,1,0,2,4,2,-1,0,1,0,3,13,5,2,7,-15,0,0,-1,1,1,1,1,1
KR_6746206068,420,-3,-15,-24,-4,-3,2,5,-3,1,4,1,2,1,0,1,1,1,2,1,0,4,-9,-1,4,3,-1,0,0,-1,-1,0,-1,3,1
KR_6391487921,420,0,6,-12,6,3,3,0,1,2,1,-3,1,4,2,4,2,3,4,1,0,1,445,-1,7,6,1,0,2,1,-1,1,1,6,1
KR_6626651600,420,5,-3,1,11,8,8,0,4,5,1,-1,3,4,-1,3,4,1,1,0,0,6,19,3,1,4,-1,0,2,-1,1,1,1,3,1
KR_6759910667,420,2,72,20,-6,-8,0,8,9,9,0,-1,2,3,-5,2,7,-1,1,2,-1,-5,-1,1,6,7,-5,0,1,1,1,1,-1,3,1
KR_6764160628,440,2,-37,-21,7,2,2,0,5,8,3,0,2,2,2,5,3,-2,0,2,0,4,-107,2,4,6,0,0,0,-1,0,0,1,5,1
KR_6522500279,420,0,10,20,6,5,5,0,2,2,0,3,4,1,0,1,1,-4,0,4,3,5,-3,2,4,6,0,0,0,0,1,0,1,0,1
KR_6721430755,420,3,5,-4,5,-1,3,4,3,4,1,-1,1,2,1,2,1,3,3,0,0,7,-32,-3,6,3,17,0,0,0,1,1,1,0,1
KR_6761750376,420,3,-44,-8,7,0,3,3,3,4,1,1,4,3,1,3,2,2,2,0,-1,14,4,6,0,6,-3,0,0,1,-1,0,-1,5,1
KR_6742537950,440,2,97,-5,3,-9,1,10,5,6,1,7,8,1,1,3,2,-1,1,2,0,-7,-3,-4,6,2,2,0,1,1,0,1,1,4,1
KR_6761549443,420,1,42,2,-4,-4,1,5,-1,1,2,3,3,0,-1,3,4,-1,1,2,0,-3,-39,4,2,6,28,0,0,1,0,0,1,4,1
KR_6364470282,420,-4,-50,-4,-5,-2,0,2,1,1,0,-4,1,5,1,1,0,-1,0,1,0,-2,0,0,0,0,0,0,1,1,1,1,-1,4,1
KR_6729311561,420,-1,-29,-12,2,-2,0,2,4,4,0,0,5,5,2,4,2,-2,1,3,-1,4,1,0,4,4,2,0,-1,-1,1,-1,-1,5,1
KR_6759613626,420,3,77,16,2,2,4,2,1,1,0,0,5,5,-1,4,5,0,0,0,0,2,-279,-3,4,1,2,0,1,1,1,1,1,1,1
KR_6626412312,420,0,55,-36,2,2,4,2,3,4,1,1,3,2,-1,2,3,-3,0,3,0,-3,3,2,3,5,2,0,0,0,0,0,-1,0,1
KR_6761676507,420,5,96,17,9,4,5,1,2,5,3,1,1,0,3,4,1,-1,1,2,0,8,0,5,3,8,-2,0,1,1,1,1,1,2,1
KR_6642104787,420,3,83,0,5,2,3,1,1,6,5,-2,0,2,2,4,2,2,2,0,1,2,505,-1,1,0,-2,0,0,-1,-1,0,1,1,1
KR_6699823743,420,-4,-38,-20,-1,-5,1,6,1,3,2,2,2,0,2,4,2,-1,2,3,1,3,314,5,2,7,-1,0,-2,-1,-1,-1,1,3,1
KR_6721944539,420,-1,2,12,4,3,4,1,4,6,2,0,1,1,-4,1,5,1,1,0,0,0,-253,6,1,7,-1,0,0,1,-1,0,-1,5,1
KR_6757271150,420,2,22,-4,3,-1,0,1,3,5,2,1,3,2,0,3,3,0,2,2,0,2,19,-2,4,2,1,0,1,0,1,1,-1,0,1
KR_6745961341,440,2,75,-2,3,3,4,1,0,2,2,3,4,1,-4,2,6,1,2,1,0,0,15,3,1,4,-3,0,1,1,1,1,1,6,1
KR_6672085669,420,4,-12,0,5,2,3,1,1,3,2,4,4,0,0,2,2,-2,1,3,0,7,-6,-3,6,3,4,0,1,-1,1,1,1,1,1
KR_6740307427,420,1,2,8,1,4,5,1,0,3,3,-5,0,5,2,5,3,0,0,0,0,0,-1,0,7,7,7,0,0,-1,-1,0,1,5,1
KR_6661217263,420,6,144,16,5,2,3,1,1,2,1,2,4,2,-1,1,2,1,1,0,0,-7,19,3,1,4,4,1,5,-1,1,1,1,5,1
KR_6577214969,420,4,-32,43,13,5,5,0,10,17,7,0,4,4,-1,1,2,-1,1,2,2,18,-1,2,2,4,-4,0,1,-1,1,1,-1,4,1
KR_6720198774,440,2,63,7,6,1,6,5,5,6,1,-4,3,7,2,3,1,2,3,1,0,11,4,0,4,4,-4,0,0,-1,-1,1,1,5,1
KR_6702590334,420,2,-9,-16,10,8,8,0,5,5,0,-3,4,7,2,5,3,-2,0,2,1,14,-25,5,0,5,10,0,2,1,0,1,1,2,1
KR_6651453647,420,0,37,19,-2,-2,2,4,-2,1,3,2,3,1,1,5,4,-1,1,2,0,-1,13,7,0,7,1,0,1,-1,1,1,1,6,1
KR_6653719085,420,4,57,36,1,2,3,1,0,4,4,-1,1,2,1,3,2,-1,1,2,0,0,-244,2,4,6,4,0,-1,-1,1,1,1,3,1
KR_6630683031,420,5,46,-11,20,4,6,2,0,2,2,11,12,1,3,3,0,2,2,0,0,14,190,3,3,6,0,0,1,1,1,1,-1,1,1
KR_6650731880,420,2,128,2,5,1,1,0,-1,2,3,0,1,1,1,1,0,4,4,0,0,5,146,3,0,3,3,0,4,-1,1,1,1,3,1
KR_6686548141,420,-1,8,-15,4,3,3,0,-4,0,4,3,3,0,-1,0,1,3,5,2,0,4,-1,0,1,1,0,0,0,-1,-1,0,1,1,1
KR_6754259653,420,8,111,52,13,9,10,1,3,5,2,1,3,2,-2,1,3,2,3,1,2,3,4,1,2,3,1,0,2,1,1,1,1,2,1
KR_6702021268,420,0,-64,1,-2,-1,3,4,1,4,3,1,2,1,0,4,4,-3,2,5,-1,2,9,1,5,6,2,0,0,1,0,0,-1,5,1
KR_6693510458,420,0,-11,-20,-2,-2,3,5,4,4,0,-3,1,4,2,3,1,-3,1,4,0,-6,-4,-1,2,1,1,0,0,1,-1,0,-1,1,1
KR_6045072255,420,4,2,-7,8,1,3,2,2,4,2,1,2,1,4,7,3,0,2,2,0,7,14,-3,7,4,0,0,1,1,-1,1,1,3,1
KR_6764267700,440,-2,-32,-10,0,0,2,2,-2,2,4,0,3,3,1,2,1,1,2,1,1,5,8,0,7,7,-3,0,0,1,1,0,1,5,1
KR_6742524186,440,-1,-16,14,-2,1,3,2,0,2,2,0,3,3,-1,2,3,-2,0,2,1,4,-38,-3,4,1,5,0,-1,1,0,-1,1,2,1
KR_6636054334,420,5,88,32,12,3,4,1,-3,3,6,9,9,0,2,2,0,1,1,0,0,7,-5,-4,6,2,2,0,1,0,0,1,1,0,1
KR_6758148051,420,-1,24,-44,0,6,6,0,-1,1,2,-2,2,4,-3,3,6,0,2,2,0,-1,-13,-1,4,3,2,0,0,-1,1,-1,-1,6,1
KR_6762171674,420,2,77,0,3,7,7,0,-1,1,2,-3,2,5,1,1,0,-1,1,2,0,4,-3,0,3,3,0,0,-1,-1,1,1,1,4,1
KR_6623748471,420,8,84,3,13,2,2,0,2,2,0,4,6,2,2,2,0,3,3,0,0,7,28,2,3,5,1,0,1,1,0,1,1,3,1
KR_6638319727,420,-1,-16,12,-9,-1,4,5,-1,0,1,0,2,2,-7,1,8,0,1,1,-2,-11,8,2,3,5,-1,0,1,-1,1,1,-1,3,1
KR_6762978175,420,0,-2,-17,-4,5,8,3,0,1,1,-3,0,3,-3,2,5,-3,2,5,0,-9,3,-1,3,2,-3,0,-1,-1,1,-1,1,6,1
KR_6733666468,420,0,15,16,-1,5,5,0,-1,1,2,-4,2,6,-1,0,1,0,0,0,0,-10,135,1,5,6,-3,0,1,-1,0,1,1,5,1
KR_6731662945,420,4,60,0,8,-3,1,4,1,3,2,10,12,2,-1,1,2,1,2,1,0,4,110,4,1,5,-1,0,0,1,0,1,1,2,1
KR_6751924355,440,6,93,42,8,3,4,1,0,3,3,1,2,1,4,6,2,0,1,1,0,6,223,3,2,5,1,0,4,1,1,1,1,5,1
KR_6663380172,420,4,38,47,5,2,2,0,-2,1,3,4,5,1,-1,1,2,2,3,1,0,0,0,-2,3,1,-3,0,1,1,1,1,-1,4,1
KR_6709100364,420,1,-21,-8,-1,0,4,4,-2,2,4,2,2,0,-1,0,1,0,0,0,1,2,-12,-1,3,2,-1,0,-1,0,-1,-1,1,0,1
KR_6754684181,440,0,4,52,2,1,3,2,1,5,4,-2,0,2,1,1,0,1,1,0,0,3,58,0,5,5,1,0,1,0,1,1,1,0,1
KR_6641538482,420,3,80,6,9,5,6,1,4,7,3,0,4,4,0,2,2,0,0,0,3,6,235,-2,5,3,6,0,1,1,1,1,1,1,1
KR_6758027900,420,0,57,16,-6,-1,2,3,1,4,3,-2,3,5,-5,2,7,1,2,1,0,1,26,-4,4,0,5,0,1,1,0,1,-1,5,1
KR_6755294269,420,3,119,0,3,-2,0,2,5,6,1,4,4,0,-2,1,3,-2,1,3,0,6,241,0,2,2,0,0,0,1,-1,1,1,4,1
KR_6545544151,420,1,-24,37,3,0,2,2,3,6,3,3,7,4,-5,1,6,2,2,0,0,-5,65,-2,6,4,1,0,1,1,1,-1,1,3,1
KR_6758449638,420,2,-9,12,2,2,3,1,3,3,0,1,5,4,-5,1,6,1,1,0,0,5,-8,1,1,2,0,0,-1,1,0,-1,-1,2,1
KR_6639166581,420,1,27,-20,3,6,6,0,2,3,1,-1,3,4,-1,0,1,-3,1,4,0,-1,45,6,1,7,-17,0,1,-1,1,1,-1,4,1
KR_6647380389,420,-3,-67,-24,-9,-1,0,1,0,3,3,0,2,2,-3,5,8,-5,0,5,0,-6,-2,3,1,4,-1,0,-1,-1,-1,-1,-1,4,1
KR_6742322777,420,4,65,-24,7,-2,2,4,-2,2,4,1,1,0,9,9,0,1,1,0,0,7,12,1,1,2,-4,0,0,0,0,1,-1,0,1
KR_6764237714,420,0,86,-4,8,3,5,2,0,2,2,2,3,1,2,2,0,1,1,0,0,1,89,-5,6,1,1,0,1,1,-1,1,1,6,1
KR_6753324289,440,9,95,28,12,5,6,1,0,1,1,2,4,2,5,5,0,0,2,2,0,3,7,-2,3,1,1,0,2,1,1,1,-1,1,1
KR_6699382961,420,3,85,16,8,-2,0,2,-2,1,3,7,7,0,4,6,2,1,3,2,0,7,309,1,2,3,3,0,1,-1,-1,1,1,2,1
KR_6581742871,420,4,60,-4,12,3,3,0,-1,2,3,4,6,2,3,5,2,3,4,1,0,17,-6,0,2,2,3,0,2,1,0,1,1,3,1
KR_6725635005,420,4,20,29,9,-1,2,3,0,2,2,5,7,2,3,4,1,2,2,0,0,12,1,1,5,6,-1,0,1,1,-1,1,1,2,1
KR_6625046970,420,2,20,11,11,0,2,2,3,5,2,9,9,0,-1,2,3,0,0,0,0,6,-5,-4,4,0,2,0,0,1,0,0,1,3,1
KR_6749583628,420,-3,-47,-33,-2,1,2,1,-2,0,2,-3,2,5,2,2,0,0,1,1,0,-3,-2,-2,5,3,0,0,0,0,-1,-1,-1,0,1
KR_6596822066,420,0,1,-5,-1,6,7,1,0,1,1,-3,1,4,1,4,3,-5,0,5,0,2,-2,-1,4,3,-2,0,-1,1,-1,-1,-1,1,1
KR_6729266326,420,0,-11,13,-5,-1,2,3,0,4,4,-4,0,4,-2,4,6,2,2,0,2,6,10,1,5,6,2,0,-1,-1,-1,-1,-1,3,1
KR_6750771696,420,5,64,-7,9,3,3,0,6,7,1,1,2,1,0,2,2,-1,2,3,0,8,4,0,3,3,0,0,1,-1,-1,1,1,1,1
KR_6741151726,420,-2,-51,24,5,-3,0,3,3,4,1,-3,2,5,6,6,0,2,2,0,0,11,2,2,2,4,-2,0,-1,0,-1,-1,-1,0,1
KR_6539576272,420,1,32,-6,-1,-5,1,6,1,4,3,1,3,2,2,4,2,0,0,0,-1,1,-1,-2,6,4,5,0,0,1,-1,0,-1,3,1
KR_6662756551,420,1,-37,0,1,-2,0,2,0,3,3,1,2,1,2,2,0,0,0,0,0,0,7,5,1,6,-3,0,0,-1,0,0,-1,6,1
KR_6741805257,420,9,152,55,15,3,4,1,2,2,0,6,12,6,1,5,4,3,3,0,0,2,9,-1,4,3,9,0,4,1,1,1,1,3,1
KR_6725242650,420,3,54,3,2,4,4,0,0,4,4,-1,1,2,0,3,3,-1,2,3,0,2,7,3,1,4,-1,0,0,1,0,1,-1,1,1
KR_6397058118,420,1,-3,24,-1,0,2,2,-5,2,7,0,2,2,1,4,3,3,3,0,1,6,9,-1,2,1,-3,0,0,0,0,0,1,0,1
KR_6753447852,440,2,15,0,2,-1,2,3,5,7,2,1,2,1,-4,3,7,1,2,1,0,4,8,-1,3,2,-3,0,1,1,1,-1,-1,6,1
KR_6733419857,440,3,26,1,3,4,5,1,1,4,3,4,6,2,-1,0,1,-5,0,5,0,-3,-7,0,1,1,-1,0,0,1,1,1,1,3,1
KR_6730481696,420,2,14,49,2,2,2,0,-3,1,4,7,7,0,-3,1,4,-1,0,1,0,-6,-12,0,2,2,0,0,0,-1,1,1,1,5,1
KR_6699161115,420,5,109,8,13,-1,0,1,7,8,1,6,8,2,1,4,3,0,1,1,-1,19,-161,0,4,4,1,0,2,1,0,1,-1,2,1
KR_6621066812,440,-2,-61,-12,7,0,1,1,-2,3,5,0,1,1,3,4,1,6,7,1,0,9,-8,5,2,7,4,0,0,1,0,1,-1,2,1
KR_6611992310,420,3,32,-12,5,3,4,1,3,5,2,4,4,0,-4,3,7,-1,0,1,-2,6,15,1,3,4,-3,0,1,-1,1,1,-1,1,1
KR_6568143004,420,3,-13,-10,5,0,2,2,2,6,4,-1,2,3,3,6,3,1,3,2,-1,7,-2,-2,6,4,3,0,2,-1,0,1,-1,4,1
KR_6751412809,420,2,81,1,5,3,5,2,1,3,2,1,1,0,-1,1,2,1,5,4,0,0,-7,2,2,4,3,0,1,-1,1,1,1,4,1
KR_6759007653,420,2,-37,-16,-1,4,7,3,-3,2,5,-3,1,4,2,5,3,-1,1,2,-4,-10,8,0,2,2,-1,0,1,1,-1,1,-1,4,1
KR_6653036157,420,-2,-8,14,-6,-3,1,4,-3,0,3,-1,1,2,1,1,0,0,0,0,0,-9,1,1,2,3,2,0,-3,1,-1,-1,-1,1,1
KR_6763215085,420,-2,44,-20,2,0,1,1,-2,1,3,6,6,0,-2,0,2,0,0,0,0,-7,-4,-2,5,3,2,0,1,1,-1,1,1,3,1
KR_6750539146,420,4,45,-16,8,4,4,0,-2,2,4,0,0,0,5,5,0,1,1,0,0,3,3,1,4,5,-1,0,0,0,-1,0,1,0,1
KR_6634011068,420,1,-8,-16,-2,1,1,0,0,0,0,0,2,2,1,1,0,-4,1,5,0,-1,112,0,0,0,-1,0,0,1,1,-1,-1,6,1
KR_6650364452,420,3,5,5,12,-3,1,4,-2,1,3,1,3,2,12,12,0,4,4,0,0,18,-19,-1,5,4,2,0,1,1,-1,1,1,1,1
KR_6758200346,420,3,55,4,1,6,6,0,-6,1,7,-2,2,4,7,9,2,-4,1,5,-1,-7,31,6,0,6,-19,0,1,-1,-1,1,-1,2,1
KR_6642890035,420,2,86,-28,-2,1,4,3,1,2,1,1,1,0,-3,3,6,-2,1,3,0,-3,42,1,0,1,-21,0,2,-1,1,1,-1,6,1
KR_6682534294,420,-1,-46,8,-4,-8,3,11,8,12,4,-3,1,4,4,9,5,-5,0,5,-1,-1,-1,2,6,8,-1,0,0,1,1,-1,-1,5,1
KR_6606885692,420,-2,-50,-12,-2,-4,1,5,-6,0,6,6,6,0,3,6,3,-1,0,1,0,-2,-89,-3,5,2,1,0,1,-1,1,1,1,6,1
KR_6658536883,420,4,-6,23,6,2,2,0,1,3,2,-2,0,2,5,5,0,0,3,3,0,7,-5,2,2,4,1,0,0,0,0,-1,-1,0,1
KR_6729531382,420,2,60,20,4,3,4,1,-1,1,2,5,7,2,1,3,2,-4,2,6,1,-1,-21,0,1,1,2,0,2,-1,0,-1,1,5,1
KR_6739523895,420,6,30,44,9,3,3,0,4,4,0,2,3,1,-2,1,3,2,3,1,0,5,1,1,3,4,1,0,0,1,-1,1,1,6,1
KR_6732439763,420,-3,-40,65,-9,1,1,0,1,2,1,-6,1,7,-4,5,9,-1,1,2,0,-9,0,-2,6,4,2,0,0,0,1,-1,1,0,1
KR_6648103929,420,-1,10,-8,8,2,3,1,4,6,2,1,2,1,0,0,0,1,1,0,0,4,189,-2,3,1,-2,0,-1,1,1,-1,1,3,1
KR_5719824990,420,6,127,56,27,16,17,1,2,5,3,5,8,3,5,5,0,-1,1,2,2,15,7,3,0,3,-1,0,4,1,1,1,1,5,1
KR_6622922503,420,5,74,26,13,1,4,3,2,4,2,5,6,1,2,3,1,3,3,0,0,20,-3,-1,4,3,1,0,1,-1,1,1,-1,3,1
KR_6738610013,420,-1,-83,16,-1,1,1,0,0,4,4,-3,0,3,0,2,2,1,1,0,0,-1,-118,-4,7,3,0,0,0,0,1,0,-1,0,1
KR_6672325994,420,3,-54,28,12,1,1,0,6,6,0,4,4,0,-1,1,2,2,2,0,0,5,-67,0,1,1,-9,0,1,0,1,1,1,0,1
KR_6203672016,420,2,56,0,0,-1,1,2,3,5,2,-4,0,4,1,5,4,1,1,0,0,4,14,6,3,9,3,0,1,1,0,1,1,2,1
KR_6689336566,420,-2,-9,5,-7,-7,2,9,-1,0,1,0,4,4,0,0,0,1,1,0,0,-2,-5,-8,8,0,3,0,-2,1,0,-1,-1,3,1
KR_6701189682,420,5,96,39,6,-1,1,2,4,6,2,3,5,2,0,1,1,0,1,1,0,2,-148,3,1,4,-2,0,1,0,1,1,-1,0,1
KR_6603042608,440,2,47,-16,7,-2,0,2,0,4,4,5,5,0,5,7,2,-1,0,1,0,-1,21,2,3,5,2,0,1,0,1,1,1,0,1
KR_6739540833,420,1,41,9,6,4,4,0,-1,1,2,3,6,3,-2,1,3,2,2,0,0,1,-55,-4,8,4,25,0,-1,1,1,1,1,3,1
KR_6735044864,420,1,39,29,0,2,3,1,-2,2,4,-3,0,3,2,4,2,1,1,0,0,-5,0,-5,7,2,-1,0,0,1,0,1,1,2,1
KR_6740951022,440,2,12,4,1,0,1,1,-3,2,5,1,2,1,2,2,0,1,1,0,0,8,2,-2,3,1,1,0,0,1,-1,0,-1,5,1
KR_6673260442,420,2,52,10,-6,-2,2,4,0,1,1,-7,1,8,1,2,1,2,3,1,-1,-6,-28,0,3,3,0,0,1,0,-1,1,-1,0,1
KR_6610306514,440,1,49,-16,-2,1,1,0,1,4,3,-1,3,4,-4,0,4,1,1,0,0,-3,12,-2,5,3,1,0,0,-1,1,0,1,5,1
KR_6730070336,420,0,-38,-8,0,-4,0,4,4,8,4,3,3,0,-1,4,5,-2,0,2,0,5,0,-1,3,2,-1,0,-1,-1,1,-1,-1,1,1
KR_6740650589,420,0,-20,11,0,3,4,1,-2,2,4,-2,1,3,1,6,5,0,2,2,-1,-4,-349,4,1,5,-1,0,0,-1,0,1,-1,2,1
KR_6645543552,440,3,19,30,3,3,4,1,-4,1,5,-3,1,4,5,7,2,2,3,1,0,0,-19,-1,3,2,-1,0,0,-1,1,1,1,1,1
KR_6636966117,420,2,84,15,3,1,3,2,4,6,2,-2,0,2,1,2,1,-1,0,1,1,-1,-1,-5,6,1,-1,0,0,1,-1,0,1,1,1
KR_6762286536,420,7,151,12,3,3,3,0,-2,0,2,-2,4,6,4,6,2,0,0,0,0,7,4,4,1,5,0,0,2,1,0,1,1,2,1
KR_6722585034,420,3,65,6,2,-2,2,4,-2,4,6,2,2,0,3,4,1,1,1,0,0,1,274,-7,11,4,3,0,0,1,1,0,1,5,1
KR_6739540041,420,5,52,13,9,3,5,2,1,2,1,-2,3,5,6,7,1,1,2,1,-1,-4,14,1,2,3,2,0,1,1,-1,1,-1,5,1
KR_6750458487,420,5,135,16,9,5,5,0,4,4,0,2,3,1,-2,0,2,0,0,0,0,6,2,0,4,4,0,0,2,1,1,1,1,5,1
KR_6762975216,420,1,-3,27,4,3,4,1,0,1,1,1,2,1,0,0,0,0,0,0,0,3,-4,-2,3,1,0,0,1,0,0,1,1,0,1
KR_6648000201,420,-1,5,-52,-4,0,1,1,-3,3,6,-3,0,3,4,5,1,-2,0,2,0,3,29,0,3,3,-1,0,1,0,1,1,1,0,1
KR_6097452329,420,4,4,0,6,2,4,2,-10,0,10,9,9,0,3,4,1,2,2,0,0,7,16,-1,2,1,-1,0,2,1,-1,1,1,5,1
KR_6738224997,420,3,30,-3,10,4,5,1,6,9,3,0,0,0,2,3,1,-2,0,2,0,14,8,2,3,5,1,0,0,1,1,0,1,5,1
KR_6638258431,420,3,10,-9,7,1,2,1,2,3,1,1,2,1,1,4,3,2,2,0,0,8,-10,0,7,7,8,0,1,1,1,1,-1,1,1
KR_6764556151,420,1,26,7,4,1,2,1,3,3,0,1,1,0,0,1,1,-1,1,2,0,3,9,0,3,3,-3,0,1,1,1,1,-1,3,1
KR_6735093248,420,5,113,16,14,2,5,3,2,4,2,9,13,4,1,2,1,0,0,0,0,7,6,3,5,8,3,0,2,1,1,1,1,6,1
KR_6086299194,420,4,30,-14,7,6,6,0,-5,2,7,1,4,3,5,7,2,0,1,1,1,5,-5,2,5,7,3,0,1,0,1,1,1,0,1
KR_6754210595,420,1,-6,-20,6,1,1,0,2,7,5,1,3,2,4,8,4,-2,1,3,0,12,9,1,3,4,2,0,1,1,-1,1,1,5,1
KR_6503798197,420,0,48,0,12,-1,0,1,9,9,0,4,5,1,0,5,5,0,1,1,1,12,-42,7,2,9,26,0,3,-1,1,1,1,2,1
KR_6666106646,420,-2,-26,-18,-4,-4,2,6,3,6,3,2,4,2,-3,0,3,-2,0,2,0,-4,-18,-1,3,2,-1,0,-1,-1,1,-1,1,4,1
KR_6715711774,440,-2,1,-17,3,-1,1,2,2,3,1,4,7,3,2,5,3,-4,1,5,0,0,0,2,2,4,-2,0,-1,-1,1,-1,1,6,1
KR_6744120189,440,4,31,-10,11,0,0,0,5,5,0,2,2,0,4,6,2,0,2,2,0,13,128,0,4,4,0,0,1,-1,-1,1,1,5,1
KR_6693259031,420,5,58,12,13,5,5,0,-2,0,2,3,3,0,3,3,0,4,4,0,0,10,16,7,0,7,-4,0,1,0,1,1,1,0,1
KR_6745636160,420,-1,-52,34,3,5,5,0,3,3,0,-1,2,3,-1,3,4,-3,0,3,0,3,132,-2,3,1,-1,0,-1,-1,1,-1,1,6,1
KR_6753067741,420,5,34,52,3,1,3,2,5,5,0,-5,2,7,2,3,1,0,1,1,0,11,15,-5,5,0,1,0,0,-1,-1,0,1,2,1
KR_6760592819,420,1,37,-23,7,1,5,4,-1,2,3,6,6,0,1,2,1,0,0,0,0,4,-1,0,2,2,-2,0,1,0,1,1,1,0,1
KR_6738663710,420,0,25,25,2,3,3,0,-2,1,3,-4,1,5,6,7,1,-1,0,1,0,0,1,0,4,4,0,0,1,1,1,1,1,2,1
KR_6739495552,440,3,93,28,9,0,0,0,3,4,1,2,3,1,3,3,0,1,1,0,0,7,13,2,3,5,0,0,2,0,1,1,1,0,1
KR_6719658182,420,7,68,20,13,4,5,1,-1,2,3,5,7,2,4,6,2,1,2,1,2,9,12,1,1,2,-2,0,3,1,1,1,1,5,1
KR_6758395627,420,1,35,22,-7,4,4,0,1,2,1,0,4,4,-9,2,11,-3,0,3,-1,-19,93,-4,6,2,-3,0,2,1,0,1,-1,1,1
KR_6638385090,420,4,103,14,14,6,9,3,0,1,1,0,2,2,6,6,0,2,2,0,1,16,3,4,1,5,-2,0,3,1,1,1,1,4,1
KR_6656786054,420,2,17,-9,11,2,2,0,2,7,5,8,10,2,-2,1,3,1,3,2,3,5,16,0,1,1,-1,0,2,1,1,1,1,6,1
KR_6762311517,420,1,-88,36,-1,-1,2,3,-6,2,8,4,5,1,0,1,1,2,2,0,-1,-6,238,-3,3,0,5,0,0,0,1,-1,-1,0,1
KR_6671124346,420,4,30,-12,2,2,3,1,-2,1,3,-1,1,2,2,6,4,1,2,1,-2,-2,-9,-2,6,4,2,0,1,-1,1,1,-1,6,1
KR_6756291282,420,0,-65,-6,-3,-5,1,6,4,4,0,-4,1,5,1,3,2,1,1,0,0,11,15,-1,3,2,-5,0,1,1,-1,1,-1,6,1
KR_6648376604,420,3,69,-16,8,1,1,0,2,3,1,5,6,1,0,3,3,0,0,0,0,-1,2,1,3,4,2,0,0,0,1,0,1,0,1
KR_6565872212,420,-2,-51,-20,1,-2,0,2,-5,2,7,3,3,0,3,5,2,2,2,0,0,4,14,1,2,3,-4,0,0,1,1,1,-1,1,1
KR_6632217819,420,1,-37,4,0,-3,1,4,0,2,2,2,4,2,1,2,1,0,1,1,0,3,10,3,0,3,-1,0,-1,1,0,-1,-1,5,1
KR_6537660664,420,3,26,6,6,-1,2,3,3,4,1,10,12,2,-5,1,6,-1,1,2,0,4,-348,-2,3,1,-2,0,0,-1,1,-1,-1,6,1
KR_6762930045,420,7,44,-15,18,1,4,3,2,3,1,3,6,3,10,10,0,2,2,0,2,19,-1,-3,5,2,4,0,1,1,1,1,1,3,1
KR_6629973083,420,0,100,-37,2,7,7,0,10,11,1,-5,2,7,-4,5,9,-6,1,7,0,6,39,2,1,3,-18,0,1,-1,1,1,1,5,1
KR_6729818789,420,1,47,36,3,3,5,2,0,2,2,0,2,2,-1,0,1,1,1,0,0,5,68,1,3,4,16,0,2,1,1,1,1,1,1
KR_6609194906,420,7,16,14,17,2,2,0,5,5,0,1,2,1,6,6,0,3,3,0,0,21,-9,2,2,4,4,0,3,1,1,1,1,3,1
KR_6689238426,420,-3,-114,-34,-9,-2,1,3,-4,1,5,-9,2,11,4,4,0,2,2,0,0,5,-12,1,2,3,-3,0,-3,-1,-1,-1,-1,3,1
KR_6653591275,420,1,20,4,7,3,3,0,1,4,3,4,5,1,0,1,1,-1,2,3,1,3,-9,4,1,5,3,0,0,1,1,0,1,6,1
KR_6764592418,440,-1,-24,-4,3,1,1,0,2,4,2,-2,1,3,1,2,1,1,1,0,0,7,-5,-2,4,2,3,0,-1,1,-1,-1,1,1,1
KR_6636012254,440,5,130,7,18,4,4,0,3,5,2,2,5,3,9,10,1,0,2,2,1,24,-5,1,0,1,0,0,1,1,0,1,1,3,1
KR_6759000297,420,2,28,12,9,1,2,1,7,7,0,2,2,0,-2,3,5,1,1,0,0,12,-9,-4,7,3,5,0,0,1,-1,-1,1,5,1
KR_6724417162,440,4,56,26,11,1,5,4,5,6,1,-2,1,3,6,7,1,1,2,1,0,6,-182,1,2,3,-1,0,2,1,-1,1,-1,5,1
KR_6717118752,420,-2,-79,8,-6,3,5,2,-5,0,5,1,3,2,-5,2,7,0,3,3,1,-7,11,2,1,3,-2,0,0,-1,1,0,1,5,1
KR_6725482258,440,3,40,-16,11,2,3,1,-3,1,4,2,3,1,7,8,1,3,3,0,1,17,60,0,6,6,-27,0,2,1,1,1,1,1,1
KR_6757905586,420,-1,-7,-20,4,3,3,0,1,2,1,0,3,3,1,2,1,-1,1,2,0,6,-6,-1,3,2,-4,0,1,-1,1,-1,-1,1,1
KR_6651599675,420,3,16,-14,3,0,2,2,0,4,4,5,5,0,-3,3,6,1,2,1,0,3,31,1,5,6,-4,0,0,-1,1,0,1,5,1
KR_6731955638,420,5,93,8,11,7,7,0,2,4,2,-2,1,3,4,5,1,0,2,2,0,8,-9,-1,3,2,2,0,2,1,1,1,1,4,1
KR_6737524331,440,-2,-55,-7,-3,4,4,0,1,1,0,-4,4,8,-5,0,5,1,3,2,1,8,3,2,2,4,-2,0,-1,0,1,-1,1,0,1
KR_6731758354,420,-2,-58,12,4,1,2,1,3,5,2,-1,1,2,0,1,1,1,2,1,0,1,-5,-2,2,0,-1,0,-1,-1,1,-1,1,3,1
KR_6576694705,420,0,-35,11,2,1,2,1,2,5,3,2,4,2,-3,0,3,0,1,1,0,-3,-1,-2,3,1,-1,0,0,-1,-1,1,-1,6,1
KR_6630310913,420,0,24,-16,3,3,4,1,-2,3,5,0,2,2,1,4,3,1,1,0,1,5,-1,-4,5,1,0,0,0,1,-1,-1,1,4,1
KR_6640944636,420,-1,-25,48,-1,-3,0,3,1,5,4,-2,5,7,2,3,1,1,2,1,0,-2,-2,-2,3,1,1,0,-1,1,1,-1,1,3,1
KR_6732243489,420,1,34,0,2,4,4,0,2,2,0,-4,0,4,1,2,1,-1,1,2,0,-5,2,4,3,7,3,0,1,-1,1,1,-1,3,1
KR_6646338718,420,1,3,2,2,-1,2,3,-3,2,5,-1,3,4,8,9,1,-1,0,1,0,1,1,-1,4,3,3,0,1,1,1,-1,-1,6,1
KR_6594390455,420,4,50,21,19,2,3,1,5,9,4,6,13,7,7,8,1,-1,0,1,1,6,-34,1,2,3,7,0,0,0,1,1,1,0,1
KR_6760643501,420,1,39,16,2,-1,3,4,-2,3,5,2,3,1,3,6,3,0,0,0,2,7,-1,-5,7,2,0,0,1,-1,-1,1,1,2,1
KR_6635991565,420,1,20,19,10,2,3,1,1,3,2,9,10,1,-1,2,3,-1,0,1,0,-1,26,1,1,2,1,0,1,1,1,1,1,6,1
KR_6724009321,440,2,77,21,-2,3,3,0,-5,0,5,2,6,4,-1,1,2,-1,1,2,0,-7,14,0,3,3,-1,0,0,0,-1,0,-1,0,1
KR_6727053971,420,0,20,12,4,2,2,0,1,2,1,4,4,0,-1,1,2,-2,0,2,0,-1,-40,4,0,4,18,0,1,1,1,1,-1,5,1
KR_6626604495,420,3,35,-3,7,5,5,0,-4,1,5,2,5,3,3,4,1,1,1,0,0,7,-10,-2,2,0,0,0,1,1,0,-1,-1,4,1
KR_6614978668,420,-3,-77,1,-5,-5,3,8,-1,1,2,3,6,3,-1,1,2,-1,0,1,1,-5,-12,1,2,3,-4,0,0,-1,1,0,1,3,1
KR_6703491766,440,0,43,6,4,-2,2,4,4,4,0,0,2,2,0,2,2,2,2,0,0,0,-24,3,2,5,2,0,0,1,1,0,-1,1,1
KR_6742599688,420,3,30,-3,9,1,2,1,12,13,1,-3,1,4,0,1,1,-1,0,1,1,17,-84,2,3,5,-2,0,3,1,1,1,1,2,1
KR_6596825472,420,-2,-33,16,-5,0,1,1,-2,0,2,-2,0,2,1,2,1,-2,1,3,0,-7,-8,1,3,4,1,0,0,1,1,0,1,5,1
KR_6764435083,440,-1,10,-15,3,-2,1,3,0,0,0,7,7,0,-2,1,3,0,0,0,-1,4,-14,0,3,3,4,0,1,1,-1,1,-1,1,1
KR_6645635397,420,2,28,-5,4,0,0,0,-1,3,4,0,1,1,5,5,0,0,2,2,0,3,169,1,5,6,-30,0,1,1,0,1,-1,1,1
KR_6759175161,420,-1,-15,-9,4,2,3,1,0,1,1,2,3,1,1,3,2,-1,0,1,0,8,-4,-2,3,1,0,0,0,0,-1,0,1,0,1
KR_6589161342,420,1,21,28,-2,-5,0,5,0,2,2,1,2,1,2,2,0,0,0,0,0,0,-28,3,2,5,14,0,0,-1,1,0,1,5,1
KR_6750799083,420,2,7,4,5,-1,1,2,7,7,0,0,2,2,0,0,0,-1,0,1,0,7,112,-3,4,1,6,0,0,1,-1,0,-1,2,1
KR_6659574285,420,3,2,28,1,2,2,0,-7,2,9,3,4,1,2,5,3,1,1,0,0,-3,-12,-1,2,1,2,0,1,1,1,1,1,1,1
KR_6757614149,420,2,35,13,-3,3,4,1,-1,2,3,-5,2,7,3,7,4,-3,1,4,0,0,-312,2,3,5,2,0,2,1,1,1,-1,1,1
KR_6720438354,420,3,34,24,0,-4,0,4,3,3,0,-2,1,3,3,4,1,0,1,1,0,6,55,6,1,7,-28,0,1,1,1,1,1,5,1
KR_6646168554,420,4,74,16,4,4,5,1,-2,4,6,3,3,0,-2,2,4,1,5,4,0,0,-202,-2,3,1,1,0,2,1,1,1,1,5,1
KR_6709224599,420,-3,-33,8,-4,-2,0,2,-6,2,8,2,3,1,1,5,4,1,1,0,-2,-3,-8,2,2,4,5,0,-1,1,-1,-1,-1,6,1
KR_6739581619,420,1,-24,-11,1,2,3,1,-1,1,2,-2,3,5,2,2,0,0,0,0,0,4,42,-2,5,3,-27,0,0,1,-1,0,1,2,1
KR_6639297033,420,-1,-52,-16,-2,4,4,0,0,4,4,-2,3,5,-1,1,2,-3,1,4,1,3,-9,1,3,4,5,0,0,1,1,1,1,6,1
KR_6361565833,420,-1,13,-48,1,4,5,1,-1,1,2,0,1,1,-1,0,1,-1,0,1,0,-4,0,0,0,0,5,0,0,-1,1,1,1,3,1
KR_6384224221,420,1,-4,11,0,1,2,1,-2,3,5,-1,2,3,1,1,0,1,1,0,0,1,13,-2,4,2,1,0,1,1,0,1,-1,5,1
KR_6625449189,420,1,24,-7,5,3,3,0,-1,2,3,2,4,2,-1,2,3,2,2,0,0,1,10,5,1,6,-3,0,1,1,-1,1,-1,4,1
KR_6650279024,420,3,124,-51,2,5,5,0,-4,2,6,-1,3,4,1,3,2,1,1,0,0,-3,474,1,1,2,1,0,2,1,1,1,-1,6,1
KR_6761217827,420,0,71,-1,-9,0,1,1,-1,1,2,0,0,0,-7,0,7,-1,1,2,0,-10,6,1,1,2,-2,0,0,-1,1,0,-1,1,1
KR_6737980763,420,2,17,24,-4,2,2,0,0,2,2,-2,0,2,-1,6,7,-3,2,5,-2,-9,3,0,4,4,-2,0,1,-1,1,1,1,6,1
KR_6739236690,420,0,58,-48,4,1,2,1,-1,1,2,3,8,5,4,5,1,-3,0,3,1,-2,199,0,0,0,-1,0,0,1,-1,0,1,4,1
KR_6608975362,420,3,48,4,10,5,5,0,5,6,1,2,4,2,-1,2,3,-1,0,1,0,5,21,3,3,6,0,0,3,1,1,1,1,6,1
KR_6613441091,420,-2,-25,-4,-8,-3,1,4,-3,1,4,-1,1,2,0,3,3,-1,1,2,0,-9,-4,-1,5,4,0,0,0,0,-1,-1,-1,0,1
KR_6448899621,420,1,49,7,4,1,2,1,2,4,2,0,2,2,1,4,3,0,1,1,0,0,13,3,4,7,1,0,1,1,1,1,-1,2,1
KR_6717098967,420,2,41,21,-3,1,2,1,4,8,4,-2,1,3,-4,1,5,-2,1,3,0,-10,-11,3,3,6,1,0,0,1,1,0,-1,3,1
KR_6140664648,420,1,79,-11,9,-1,2,3,3,4,1,-1,3,4,7,7,0,1,1,0,0,19,-2,-1,6,5,2,0,2,1,1,1,-1,4,1
KR_6722861838,420,0,68,-8,6,-2,1,3,0,2,2,1,4,3,6,8,2,1,1,0,1,9,4,-2,2,0,1,0,3,0,1,1,1,0,1
KR_6735948407,440,5,59,15,9,2,2,0,-1,1,2,2,2,0,9,9,0,-3,1,4,0,4,8,2,3,5,-2,0,1,1,-1,1,-1,1,1
KR_6649338255,420,-1,-33,-31,3,2,2,0,-1,1,2,-1,1,2,3,3,0,0,1,1,0,2,-3,5,1,6,2,0,0,0,-1,0,-1,0,1
KR_6640312484,420,10,29,76,9,-3,0,3,3,3,0,9,9,0,0,2,2,0,2,2,0,9,10,5,0,5,1,0,2,1,1,1,1,3,1
KR_6650342211,420,3,13,11,9,2,2,0,2,4,2,5,6,1,0,1,1,0,0,0,0,7,127,2,1,3,1,0,1,1,1,1,1,2,1
KR_6473455998,420,-4,-8,-29,-6,-12,1,13,5,6,1,-2,1,3,1,7,6,2,2,0,1,4,0,4,2,6,0,0,-1,-1,-1,-1,1,3,1
KR_6632234256,420,-2,-12,-61,4,-1,0,1,-2,0,2,-1,1,2,6,7,1,2,4,2,-1,6,-5,0,2,2,1,0,1,-1,-1,1,-1,6,1
KR_6757441533,420,3,-29,-24,10,3,3,0,3,6,3,6,6,0,-4,1,5,2,2,0,2,11,6,1,2,3,-4,0,-1,1,-1,-1,1,6,1
KR_6756056343,420,5,37,20,5,5,5,0,-3,0,3,4,5,1,0,7,7,-1,0,1,-1,0,1,1,3,4,0,0,1,-1,0,1,-1,3,1
KR_6667215666,440,5,40,40,11,0,4,4,4,5,1,6,7,1,4,5,1,-3,1,4,0,12,-14,-2,2,0,1,0,3,1,1,1,1,4,1
KR_6649926185,420,5,54,17,12,2,3,1,1,2,1,7,7,0,3,5,2,-1,0,1,0,19,1,-1,6,5,0,0,0,1,1,0,1,5,1
KR_6638614350,420,3,68,15,0,-2,1,3,4,5,1,0,1,1,-1,1,2,-1,0,1,0,-2,1,1,1,2,0,0,1,1,0,1,-1,5,1
KR_6762236153,420,3,28,5,0,-2,3,5,-1,0,1,3,4,1,-1,1,2,1,1,0,-2,4,-4,1,1,2,4,0,0,1,1,1,-1,2,1
KR_6741068610,420,3,102,7,4,2,4,2,-1,2,3,2,3,1,3,4,1,-2,3,5,0,0,9,-4,5,1,5,0,3,0,1,1,-1,0,1
KR_6764398186,440,-2,-56,4,-1,-1,3,4,4,4,0,-3,0,3,-1,1,2,0,0,0,-1,4,4,0,3,3,-1,0,0,-1,0,-1,-1,4,1
KR_6618269538,440,4,-32,24,10,0,2,2,5,6,1,4,5,1,5,6,1,-4,0,4,0,15,53,-2,4,2,1,0,0,1,1,1,1,4,1
KR_6617242645,420,1,-4,14,7,2,2,0,4,5,1,-2,0,2,2,3,1,1,1,0,0,4,96,3,1,4,0,0,0,1,1,1,1,1,1
KR_6716766619,420,-3,-26,-8,-7,-2,0,2,-2,0,2,2,3,1,-3,2,5,-2,3,5,-1,-11,3,-1,2,1,-1,0,1,-1,1,1,-1,4,1
KR_6618648114,420,0,64,4,0,0,1,1,-2,0,2,4,5,1,-2,2,4,0,1,1,0,-4,8,3,2,5,3,0,0,1,-1,0,1,4,1
KR_6762983580,420,-1,3,-18,1,-4,0,4,2,3,1,2,2,0,1,5,4,0,1,1,0,3,-273,3,4,7,2,0,0,-1,-1,0,1,2,1
KR_6673774892,420,1,41,44,4,-3,0,3,5,6,1,1,3,2,0,2,2,1,1,0,0,10,240,-3,4,1,1,0,1,1,1,1,1,4,1
KR_6689172989,420,3,48,18,10,-1,2,3,4,5,1,0,2,2,2,4,2,5,6,1,0,9,52,0,4,4,-22,0,0,-1,-1,-1,-1,4,1
KR_6581500118,420,-3,-38,53,-5,-1,2,3,5,8,3,1,2,1,-7,1,8,-3,0,3,0,-7,10,0,4,4,-1,0,0,1,1,-1,-1,2,1
KR_6662642547,420,3,-16,17,9,-3,1,4,2,3,1,2,4,2,4,5,1,4,5,1,1,12,18,-5,8,3,-31,0,0,1,1,0,1,3,1
KR_6735353222,420,5,12,28,8,4,5,1,-2,2,4,-3,2,5,6,6,0,3,3,0,-2,5,5,2,1,3,0,0,0,1,-1,0,-1,2,1
KR_6701730860,420,3,40,10,4,0,2,2,3,5,2,1,5,4,2,3,1,-2,0,2,0,2,12,5,0,5,-2,0,1,1,-1,1,-1,6,1
KR_6654980690,420,6,37,60,13,1,1,0,6,6,0,4,4,0,3,7,4,-1,0,1,0,14,5,3,4,7,-2,0,1,1,1,1,-1,5,1
KR_6762311637,440,-3,-8,-20,-4,5,6,1,-2,2,4,-5,3,8,0,4,4,-2,0,2,0,-1,-3,-4,5,1,-2,0,0,-1,-1,1,1,5,1
KR_6727163303,440,2,118,-16,7,3,3,0,0,1,1,-2,2,4,4,5,1,2,2,0,1,8,4,-2,2,0,3,0,1,-1,0,1,1,4,1
KR_6758618984,420,1,70,-13,-2,0,2,2,0,2,2,-1,2,3,-2,2,4,1,1,0,0,-6,15,-3,4,1,0,0,0,1,-1,0,1,2,1
KR_6760511822,420,5,36,23,11,6,8,2,2,2,0,4,5,1,-3,3,6,2,2,0,0,4,-190,0,2,2,0,0,2,1,0,1,1,6,1
KR_6757849243,420,1,4,3,6,1,2,1,5,5,0,3,6,3,-1,2,3,-2,0,2,0,6,2,3,3,6,-3,0,1,1,1,1,1,4,1
KR_6537790940,420,2,60,8,4,-5,1,6,0,4,4,2,2,0,5,7,2,2,2,0,0,4,263,0,2,2,2,0,0,-1,-1,1,1,5,1
KR_6693041956,420,0,-5,0,6,-5,1,6,2,4,2,-2,1,3,5,6,1,6,8,2,2,14,20,-4,5,1,1,0,1,1,-1,-1,1,2,1
KR_6627786937,420,10,121,12,15,7,8,1,3,4,1,2,3,1,3,3,0,0,1,1,1,13,190,4,1,5,2,0,3,-1,1,1,1,5,1
KR_6651948335,420,1,49,15,0,6,6,0,-2,3,5,1,4,3,-5,1,6,0,1,1,0,3,6,0,3,3,-4,0,1,1,1,1,1,1,1
KR_6753390558,420,6,108,40,12,1,1,0,0,0,0,7,8,1,3,3,0,1,1,0,0,10,-14,2,0,2,3,0,0,1,0,0,1,5,1
KR_6693488290,420,2,117,44,-1,-1,3,4,0,2,2,2,3,1,-3,0,3,1,2,1,1,-9,8,-1,4,3,1,0,0,1,1,1,1,6,1
KR_6749207882,440,1,100,1,0,0,0,0,0,2,2,0,3,3,0,2,2,0,0,0,-1,-1,49,2,2,4,-43,0,0,1,-1,1,-1,4,1
KR_6596402305,420,2,108,27,4,-2,3,5,-1,3,4,2,2,0,3,4,1,2,3,1,0,0,510,3,2,5,3,0,-1,1,1,1,-1,4,1
KR_6764002658,420,0,0,-24,-1,-5,0,5,1,3,2,-1,1,2,4,5,1,0,0,0,0,5,114,5,1,6,1,0,1,1,0,1,-1,2,1
KR_6695065995,420,4,79,-4,13,6,8,2,4,5,1,5,5,0,4,5,1,-6,1,7,1,7,-9,0,2,2,1,0,2,1,1,1,1,6,1
KR_6615331237,420,3,22,24,16,1,1,0,5,9,4,3,3,0,6,6,0,1,1,0,0,19,11,-1,4,3,2,0,1,1,1,1,1,4,1
KR_6238317912,420,2,14,-20,5,0,0,0,3,5,2,2,3,1,3,4,1,-3,0,3,0,4,1,1,3,4,-1,0,0,-1,0,0,1,5,1
KR_6743941976,420,-1,-26,-2,1,-1,1,2,-2,2,4,2,6,4,1,2,1,1,1,0,0,6,4,4,2,6,-1,0,1,1,1,1,-1,4,1
KR_6647802873,420,5,65,20,13,6,6,0,1,2,1,3,4,1,1,2,1,2,3,1,0,11,251,1,2,3,3,0,1,1,1,1,-1,1,1
KR_6749119359,420,1,18,-4,8,0,2,2,-2,0,2,2,3,1,5,5,0,3,3,0,0,7,4,-3,3,0,-1,0,0,-1,0,1,-1,3,1
KR_6084800783,420,1,38,12,3,2,3,1,1,1,0,3,6,3,-1,1,2,-2,0,2,0,-6,176,1,1,2,1,0,0,0,1,1,1,0,1
KR_6724222148,420,1,36,4,5,0,3,3,-1,1,2,5,6,1,1,3,2,0,0,0,0,2,-324,3,1,4,1,0,0,1,1,0,1,4,1
KR_6755247427,420,3,59,12,4,3,3,0,8,9,1,-2,3,5,-3,2,5,-2,0,2,0,6,-249,0,1,1,1,0,1,-1,1,1,1,6,1
KR_6715468435,440,7,92,8,18,0,3,3,8,10,2,0,6,6,4,4,0,6,7,1,2,4,-8,3,1,4,3,0,3,1,0,1,1,6,1
KR_6491763053,420,2,51,16,5,4,4,0,3,6,3,-4,2,6,0,5,5,2,2,0,0,5,-1,5,3,8,0,0,1,1,1,1,-1,5,1
KR_6653022264,420,1,22,-14,5,2,3,1,-1,0,1,1,2,1,0,0,0,3,4,1,0,3,2,0,0,0,-1,0,1,1,1,1,-1,2,1
KR_6743680552,420,3,51,26,-4,-1,0,1,0,1,1,-5,0,5,1,2,1,1,4,3,0,-3,-35,-4,4,0,0,0,2,-1,1,1,-1,6,1
KR_6707558260,420,6,124,3,16,6,6,0,2,2,0,4,4,0,5,6,1,-1,0,1,0,13,-3,4,2,6,-2,0,2,1,1,1,1,1,1
KR_6636102790,440,1,-4,8,6,1,3,2,0,7,7,0,1,1,0,0,0,5,5,0,0,6,3,1,1,2,1,0,0,-1,0,0,-1,4,1
KR_6726912981,420,2,58,28,1,2,2,0,-5,1,6,3,3,0,-1,0,1,2,2,0,0,-1,-2,2,1,3,-3,0,0,0,-1,0,1,0,1
KR_6615847622,420,0,-51,-8,4,2,3,1,3,5,2,1,5,4,-1,1,2,-1,0,1,0,7,13,-2,7,5,-2,0,0,1,0,0,1,3,1
KR_6616835074,420,-1,-75,-4,-6,-2,1,3,-1,0,1,1,1,0,-4,0,4,0,0,0,0,-5,-3,0,4,4,0,0,-1,-1,1,-1,-1,2,1
KR_6759275340,420,1,94,-8,0,3,3,0,0,3,3,-2,3,5,-1,4,5,0,0,0,0,-5,-29,-1,5,4,1,0,0,-1,-1,1,-1,5,1
KR_6730687665,420,-3,-41,-3,-10,1,2,1,-1,1,2,-4,1,5,-3,2,5,-3,0,3,0,-10,18,-3,5,2,-3,0,0,1,1,1,-1,1,1
KR_6607435725,420,2,122,9,8,9,9,0,5,8,3,-1,0,1,0,5,5,-5,0,5,0,4,-379,2,2,4,2,0,1,1,-1,1,-1,1,1
KR_6731804559,420,-1,-79,0,-1,-1,0,1,1,3,2,-5,0,5,3,5,2,1,2,1,0,0,5,2,2,4,-2,0,0,1,1,1,-1,1,1
KR_6624542773,420,6,71,9,10,6,7,1,3,3,0,2,2,0,0,1,1,-1,0,1,0,7,8,5,1,6,0,0,3,1,1,1,1,1,1
KR_6712703743,440,-2,42,-13,-2,2,3,1,1,4,3,-1,1,2,-2,0,2,-2,1,3,0,-6,1,-1,3,2,-1,0,1,-1,1,1,1,4,1
KR_6738294854,440,0,7,-4,5,-1,0,1,1,3,2,-2,0,2,8,9,1,-1,0,1,0,3,9,3,4,7,-3,0,1,1,-1,1,1,3,1
KR_6690329452,420,2,-11,36,3,1,3,2,-5,0,5,4,6,2,4,6,2,-1,2,3,0,1,6,2,2,4,0,0,1,1,1,1,1,2,1
KR_6732865599,420,9,131,3,20,2,3,1,3,5,2,-4,0,4,13,14,1,6,6,0,0,15,7,1,4,5,0,0,5,1,1,1,1,3,1
KR_6722060305,420,6,79,36,16,0,1,1,8,11,3,4,5,1,3,3,0,1,2,1,0,17,5,0,3,3,0,0,1,1,-1,1,1,4,1
KR_6731398062,420,4,23,9,3,3,3,0,4,4,0,-1,2,3,-4,1,5,1,3,2,0,2,52,2,3,5,4,0,2,0,1,1,-1,0,1
KR_6751311105,440,4,125,23,4,-1,2,3,-5,2,7,5,5,0,5,5,0,0,1,1,2,10,7,3,2,5,-1,0,1,1,1,1,1,1,1
KR_6726730140,420,3,131,36,9,7,7,0,0,4,4,-1,2,3,2,5,3,1,1,0,1,4,3,0,4,4,1,0,1,1,1,1,1,3,1
KR_6750065100,420,-2,-61,-16,-6,-1,2,3,-3,1,4,-1,1,2,2,6,4,-3,3,6,-1,-1,-174,1,0,1,2,0,0,-1,-1,-1,-1,6,1
KR_6714848105,440,-1,22,-20,-2,-2,2,4,1,2,1,-1,1,2,0,1,1,0,0,0,0,-3,-12,-1,5,4,2,0,0,1,-1,1,1,5,1
KR_6589386315,420,5,40,28,13,1,4,3,5,6,1,8,9,1,-2,2,4,1,1,0,-2,9,153,2,3,5,-2,0,4,1,1,1,-1,2,1
KR_6609240912,420,5,80,16,10,5,5,0,0,2,2,3,5,2,0,1,1,2,2,0,0,6,-2,-1,4,3,1,0,0,1,-1,1,1,2,1
KR_6640283352,440,0,26,12,0,-3,4,7,0,2,2,1,1,0,3,5,2,-1,0,1,0,2,4,3,1,4,0,0,0,1,-1,-1,-1,6,1
KR_6725409234,420,2,-88,32,3,-1,1,2,2,5,3,1,1,0,2,6,4,-1,1,2,0,6,-7,-6,7,1,1,0,0,1,-1,-1,-1,6,1
KR_6725659033,420,0,-18,-18,4,0,1,1,6,7,1,-3,2,5,3,4,1,-2,1,3,-1,4,-2,4,1,5,1,0,0,0,0,0,-1,0,1
KR_6738692019,420,4,-19,12,13,2,2,0,2,3,1,5,7,2,0,4,4,4,4,0,0,5,-1,0,3,3,-1,0,1,-1,1,1,1,6,1
KR_6665140834,420,0,25,-52,5,4,4,0,1,2,1,2,4,2,-2,1,3,0,0,0,1,5,-37,1,1,2,19,0,1,-1,0,1,1,6,1
KR_6731790311,420,3,-4,8,10,2,2,0,5,6,1,4,4,0,-3,2,5,2,2,0,0,8,-2,4,5,9,-3,0,0,-1,1,0,1,5,1
KR_6620975465,440,4,53,8,10,4,4,0,2,3,1,-1,1,2,2,5,3,3,3,0,0,11,-2,3,5,8,-2,0,1,1,1,1,1,1,1
KR_6616843139,420,1,48,40,9,0,2,2,8,9,1,2,2,0,0,3,3,-1,2,3,0,8,-21,1,1,2,0,0,1,0,0,1,-1,0,1
KR_6757880406,420,2,19,8,2,3,3,0,3,5,2,-6,1,7,1,1,0,1,2,1,0,2,-2,0,2,2,2,0,0,0,0,1,-1,0,1
KR_6760545570,420,0,14,-16,-5,1,2,1,-4,1,5,-1,1,2,-1,0,1,0,1,1,-1,-6,-223,-3,4,1,-1,0,0,1,-1,0,-1,1,1
KR_6764354945,420,5,12,8,15,0,1,1,2,2,0,1,6,5,12,14,2,0,1,1,0,15,46,6,1,7,-25,0,1,1,0,1,-1,3,1
KR_6759576677,420,1,31,-4,10,3,3,0,0,2,2,6,6,0,-1,4,5,2,3,1,0,-3,250,-1,1,0,2,0,1,1,-1,1,1,1,1
KR_6602763431,420,1,94,4,-3,-4,0,4,-4,2,6,4,7,3,2,4,2,-1,0,1,0,-2,-5,-4,6,2,-6,0,0,0,-1,1,-1,0,1
KR_6755024990,420,0,16,-4,1,0,1,1,0,0,0,-2,1,3,1,2,1,2,3,1,0,2,-28,0,4,4,1,0,0,0,1,0,1,0,1
KR_6752966816,420,1,-31,-1,6,1,3,2,1,1,0,0,5,5,0,1,1,4,4,0,0,3,1,4,0,4,-3,0,1,-1,1,1,-1,2,1
KR_6047715943,440,1,28,8,-4,2,3,1,-3,1,4,0,1,1,-2,1,3,-1,2,3,0,-10,7,-1,4,3,0,0,0,1,1,0,-1,2,1
KR_6662241962,440,0,43,-4,-1,1,1,0,3,6,3,0,0,0,2,4,2,-7,0,7,0,1,-2,-1,4,3,2,0,0,-1,1,0,1,4,1
KR_6607767672,420,2,55,3,2,-1,0,1,3,4,1,0,2,2,-5,1,6,5,5,0,0,-3,12,-2,5,3,3,0,2,-1,1,1,1,5,1
KR_6008469475,440,2,46,-16,8,5,5,0,1,1,0,0,1,1,2,2,0,0,0,0,0,12,2,-2,5,3,1,0,1,-1,1,1,1,4,1
KR_6723887069,420,-1,-4,20,1,-2,0,2,2,5,3,0,0,0,0,1,1,1,1,0,0,-3,22,3,0,3,-1,0,0,1,1,0,1,1,1
KR_6730177098,420,3,69,-4,11,3,5,2,0,3,3,5,5,0,3,5,2,0,1,1,0,4,1,1,3,4,-1,0,0,-1,-1,1,-1,3,1
KR_6733375409,420,3,48,41,10,0,4,4,4,7,3,0,1,1,5,6,1,1,1,0,3,9,3,0,3,3,-3,0,1,0,0,1,1,0,1
KR_6684021337,420,0,28,-2,10,-1,2,3,3,4,1,3,6,3,3,5,2,2,2,0,1,6,-5,-1,4,3,1,0,0,1,-1,-1,1,6,1
KR_6713937362,440,1,-29,-9,6,6,7,1,0,4,4,-5,0,5,5,5,0,0,0,0,1,6,-32,-4,5,1,16,0,1,-1,1,1,1,6,1
KR_6694398082,440,-1,12,-8,-10,2,3,1,2,7,5,0,1,1,-1,3,4,-13,0,13,0,-4,15,2,2,4,-7,0,-1,-1,-1,-1,-1,6,1
KR_6743083085,420,2,17,-13,2,0,1,1,-2,2,4,1,3,2,-1,2,3,4,4,0,0,2,2,2,4,6,-2,0,2,1,-1,1,1,6,1
KR_6098642429,420,-2,-84,-12,-1,-2,0,2,6,6,0,-2,1,3,-3,2,5,0,2,2,0,1,1,-1,4,3,1,0,0,1,1,1,-1,4,1
KR_6693393835,420,0,22,-4,5,-2,2,4,0,3,3,2,2,0,4,6,2,1,1,0,2,7,-92,4,1,5,0,0,0,1,1,-1,1,4,1
KR_6744293122,420,4,24,32,7,-3,1,4,3,5,2,6,6,0,1,2,1,0,1,1,0,1,157,-2,3,1,0,0,2,1,1,1,-1,3,1
KR_6602119678,420,6,53,22,10,1,2,1,2,6,4,3,4,1,2,5,3,2,2,0,0,4,1,-1,3,2,1,0,1,1,-1,1,-1,4,1
KR_6713083538,420,-2,2,-13,2,-4,1,5,4,4,0,2,6,4,0,0,0,0,0,0,0,5,-53,1,5,6,13,0,1,1,1,1,1,2,1
KR_6596054364,420,1,36,11,-5,4,4,0,0,1,1,-3,1,4,-5,2,7,-1,0,1,0,-14,31,1,0,1,-2,0,0,1,-1,1,-1,6,1
KR_6747409786,440,3,-70,-16,7,-5,1,6,3,4,1,1,1,0,7,9,2,1,3,2,0,12,2,2,3,5,-1,0,0,1,-1,-1,-1,2,1
KR_6514588532,420,2,68,-21,14,0,1,1,6,7,1,2,4,2,6,7,1,0,2,2,0,16,241,2,4,6,2,0,0,1,1,1,1,2,1
KR_6499552622,420,-1,-39,-9,-7,-5,0,5,0,2,2,-4,0,4,4,6,2,-2,1,3,-2,-7,-24,0,4,4,-5,0,0,1,-1,0,-1,4,1
KR_6728793779,420,-3,-78,0,-4,1,2,1,1,2,1,-4,0,4,3,3,0,-5,0,5,0,0,-3,-2,3,1,1,0,-2,1,-1,-1,-1,4,1
KR_6084940252,420,2,30,-1,7,0,3,3,1,2,1,4,4,0,1,5,4,1,2,1,1,10,-14,5,0,5,0,0,0,1,-1,-1,1,4,1
KR_6622864124,420,4,22,24,4,-1,0,1,2,3,1,0,3,3,1,2,1,2,3,1,0,4,-5,1,2,3,-1,0,0,1,1,0,1,5,1
KR_6717296981,420,4,-20,12,9,-1,4,5,3,6,3,-1,1,2,7,8,1,1,2,1,2,12,1,0,2,2,-2,0,0,1,-1,1,1,3,1
KR_6725839926,420,7,26,8,15,5,7,2,9,9,0,0,2,2,1,2,1,0,0,0,0,9,160,-1,2,1,2,1,5,1,1,1,1,5,1
KR_6703592703,420,-3,-60,1,-5,-1,2,3,-2,2,4,-1,1,2,-1,3,4,0,0,0,0,5,8,-4,5,1,0,0,-1,-1,1,-1,1,6,1
KR_6649515769,420,-1,-34,16,-9,2,2,0,-4,0,4,-2,1,3,-6,0,6,1,2,1,0,-9,8,-2,3,1,2,0,0,1,1,0,1,3,1
KR_6724940555,440,4,23,16,7,-2,1,3,1,1,0,8,10,2,1,1,0,-1,1,2,0,3,477,0,3,3,2,0,1,1,1,1,-1,5,1
KR_6744567899,420,0,-23,0,1,-3,1,4,-2,4,6,2,4,2,6,7,1,-2,0,2,0,-3,1,-3,5,2,1,0,1,1,1,1,-1,4,1
KR_6631257048,420,3,-46,-8,10,-1,1,2,8,9,1,4,4,0,-1,3,4,0,2,2,0,14,-9,-4,4,0,1,0,0,1,0,0,-1,6,1
KR_6714276582,420,3,95,11,14,4,4,0,5,6,1,3,3,0,-1,2,3,3,3,0,0,16,67,2,0,2,-26,0,2,1,1,1,1,3,1
KR_6759427103,420,3,39,12,3,2,5,3,1,1,0,-1,5,6,2,6,4,-1,0,1,1,0,25,2,3,5,-2,0,0,1,1,1,1,2,1
KR_6685890381,420,2,-3,58,2,3,3,0,1,1,0,-4,0,4,2,2,0,0,0,0,0,5,2,0,1,1,-1,0,0,1,-1,-1,-1,6,1
KR_6728677821,440,5,93,32,7,4,5,1,-1,0,1,0,3,3,5,6,1,-1,1,2,1,7,8,-3,6,3,3,0,0,1,0,0,1,3,1
KR_6745402529,440,5,0,-14,7,0,0,0,7,10,3,-1,3,4,0,0,0,1,4,3,0,10,-11,3,5,8,-1,0,2,1,1,1,-1,1,1
KR_6717550237,420,-1,15,12,-8,2,2,0,-5,0,5,-1,0,1,-2,2,4,-2,1,3,0,-10,-7,2,1,3,1,0,0,0,1,0,-1,0,1
KR_6645702870,420,3,44,13,6,-6,0,6,11,13,2,2,2,0,0,1,1,-1,1,2,0,4,332,-1,2,1,-1,0,1,1,1,1,-1,5,1
KR_6754758221,420,5,-43,16,9,1,2,1,-3,2,5,6,8,2,4,5,1,1,1,0,1,9,-3,1,1,2,2,0,0,1,1,1,1,3,1
KR_6700056093,420,3,70,40,8,-5,1,6,4,5,1,2,4,2,5,9,4,2,3,1,0,7,-2,-1,5,4,0,0,2,1,0,1,1,1,1
KR_6676280251,420,-1,72,0,-7,-4,0,4,1,4,3,-1,1,2,-3,0,3,0,1,1,0,-10,-4,-3,3,0,-1,0,1,1,1,1,1,2,1
KR_6754085582,420,0,-48,-12,2,1,2,1,0,3,3,3,4,1,-3,0,3,1,1,0,0,1,8,3,3,6,0,0,1,-1,1,1,1,6,1
KR_6706638563,420,2,87,-12,1,-1,2,3,1,3,2,3,4,1,-1,2,3,-1,1,2,0,2,17,0,3,3,-1,0,1,1,0,1,1,2,1
KR_6751393257,420,0,-2,-8,3,-1,0,1,0,1,1,5,6,1,0,1,1,-1,0,1,0,3,257,-1,3,2,0,0,0,1,1,0,1,4,1
KR_6718993627,440,5,-4,-21,14,-2,0,2,-2,6,8,4,4,0,8,10,2,6,6,0,0,15,23,3,1,4,1,0,1,1,1,1,1,1,1
KR_6062640480,440,8,15,37,10,4,7,3,3,6,3,-1,1,2,4,4,0,0,0,0,0,5,165,2,0,2,0,0,1,1,0,1,-1,1,1
KR_6740627040,420,7,133,40,1,5,6,1,1,1,0,1,3,2,-7,0,7,1,2,1,0,-2,5,1,3,4,-1,0,2,0,1,1,1,0,1
KR_6709500689,440,4,67,1,5,2,2,0,1,2,1,1,2,1,2,2,0,-1,2,3,0,2,-49,1,3,4,24,0,0,1,0,0,-1,2,1
KR_6716081304,420,-1,-48,33,-2,0,1,1,2,6,4,-2,2,4,0,1,1,-2,0,2,-1,-10,-12,3,1,4,0,0,-2,0,1,-1,-1,0,1
KR_6740100593,420,1,67,-8,6,0,2,2,3,3,0,2,2,0,0,2,2,1,1,0,0,3,9,0,4,4,0,0,2,-1,1,1,-1,2,1
KR_6702719294,420,2,10,12,10,0,3,3,-1,3,4,4,4,0,4,5,1,3,3,0,0,8,-6,-1,2,1,2,0,0,1,1,0,1,4,1
KR_6708864289,420,3,-8,-16,9,1,2,1,9,10,1,0,2,2,-1,0,1,0,0,0,0,-1,26,-2,4,2,0,0,0,1,1,0,1,5,1
KR_6608308005,420,0,10,-18,3,2,5,3,-1,1,2,0,1,1,2,4,2,0,0,0,0,8,11,8,2,10,-1,0,1,1,1,1,-1,2,1
KR_6529251869,420,3,88,16,2,4,4,0,-5,2,7,-3,1,4,6,6,0,0,1,1,0,-4,4,1,2,3,-2,0,1,1,0,1,1,4,1
KR_6640099595,420,6,-32,48,10,-2,1,3,9,9,0,2,2,0,0,1,1,1,1,0,0,6,-41,-4,9,5,24,0,0,1,1,-1,1,4,1
KR_6621148339,420,7,139,24,17,1,2,1,2,5,3,4,5,1,5,6,1,5,5,0,2,24,-1,1,0,1,2,1,6,1,1,1,1,4,1
KR_6653592606,420,5,36,0,12,-3,0,3,11,11,0,1,4,3,3,3,0,0,2,2,0,9,103,0,3,3,1,0,1,-1,1,1,1,5,1
KR_6658814236,440,1,21,-16,10,4,4,0,-1,3,4,-3,0,3,6,6,0,4,4,0,0,13,-3,9,1,10,-1,0,2,1,0,1,-1,1,1
KR_6744804760,440,1,24,-3,7,4,5,1,-2,1,3,1,3,2,2,2,0,2,2,0,1,5,1,-2,3,1,1,0,0,1,-1,0,1,3,1
KR_6617567515,420,5,48,-7,5,2,5,3,2,7,5,1,4,3,-1,2,3,1,2,1,-1,5,4,0,2,2,1,0,2,-1,1,1,-1,6,1
KR_6742749768,420,0,-16,-2,1,-2,0,2,-1,1,2,0,2,2,2,2,0,2,3,1,0,5,0,0,3,3,0,0,0,1,-1,1,-1,1,1
KR_6600556348,420,3,69,16,8,5,7,2,-2,0,2,2,4,2,3,3,0,0,0,0,0,7,196,-1,2,1,-2,0,1,1,1,1,-1,2,1
KR_6694297249,420,0,6,24,6,-1,1,2,-1,2,3,6,7,1,3,3,0,-1,0,1,0,2,4,0,6,6,-3,0,0,-1,1,0,1,2,1
KR_6701284174,420,4,83,19,8,7,7,0,1,1,0,-1,3,4,1,1,0,0,0,0,1,3,1,1,2,3,3,0,1,0,0,1,1,0,1
KR_6537611758,420,2,49,16,6,1,2,1,0,3,3,2,3,1,5,8,3,-2,0,2,0,3,42,-1,3,2,-14,0,0,1,1,1,1,4,1
KR_6737607962,420,-2,2,-28,-1,1,1,0,0,4,4,-5,1,6,1,1,0,2,2,0,0,-2,-308,-2,2,0,-4,0,-1,-1,-1,-1,-1,5,1
KR_6762265216,420,-1,-39,9,0,2,3,1,3,3,0,1,1,0,-5,1,6,-1,0,1,0,-2,510,3,0,3,-3,0,1,-1,1,1,1,5,1
KR_6738204284,420,0,76,24,3,1,2,1,1,2,1,1,2,1,0,3,3,0,0,0,0,3,-17,0,3,3,2,0,0,1,1,0,-1,6,1
KR_6734048533,420,0,44,14,-3,0,3,3,1,3,2,-3,1,4,0,2,2,-1,2,3,0,-2,-8,0,3,3,2,0,-1,1,0,-1,-1,2,1
KR_6743294905,420,4,-2,22,10,-4,0,4,-1,0,1,4,6,2,9,9,0,2,3,1,0,9,-10,-6,7,1,3,0,1,0,1,1,1,0,1
KR_6638408938,420,4,61,16,9,1,4,3,6,7,1,1,4,3,1,2,1,0,1,1,0,0,-12,-2,5,3,-2,0,2,0,1,1,1,0,1
KR_6625276572,420,4,-37,-7,10,1,1,0,7,8,1,-1,3,4,3,6,3,0,4,4,0,3,-13,0,5,5,3,0,1,-1,0,1,-1,2,1
KR_6647742490,420,1,23,16,0,0,1,1,-2,1,3,-2,1,3,1,3,2,3,3,0,0,-4,-10,-2,3,1,2,0,0,1,-1,0,1,3,1
KR_6764260319,420,1,-12,16,4,-2,1,3,1,3,2,1,1,0,2,4,2,2,2,0,0,4,-363,2,1,3,0,0,1,1,0,-1,1,6,1
KR_6761508172,420,4,8,36,3,-1,3,4,3,4,1,1,1,0,-3,1,4,3,3,0,0,0,-439,-4,7,3,3,0,0,1,-1,-1,-1,5,1
KR_6581405724,420,3,34,28,5,1,1,0,-3,0,3,-2,2,4,11,11,0,-2,1,3,0,6,4,0,2,2,1,0,1,1,-1,1,1,5,1
KR_6748461091,440,3,28,16,12,0,4,4,2,4,2,1,2,1,0,1,1,9,11,2,0,12,-46,3,2,5,15,0,0,0,1,1,1,0,1
KR_6737580622,420,1,52,-12,8,0,1,1,0,1,1,2,3,1,6,7,1,0,0,0,0,9,9,-1,3,2,-2,0,0,0,1,1,-1,0,1
KR_6601165226,420,2,-29,29,6,-2,1,3,3,4,1,2,5,3,0,1,1,3,3,0,0,4,1,1,1,2,-2,0,-1,1,-1,-1,1,2,1
KR_6660290567,420,2,29,-8,7,-3,2,5,5,7,2,2,2,0,3,3,0,0,0,0,0,4,1,-2,4,2,2,0,2,-1,1,1,-1,5,1
KR_6743968531,420,-2,1,-4,-7,-2,0,2,-2,1,3,-3,1,4,0,3,3,0,2,2,0,-4,99,-3,6,3,4,0,0,0,-1,0,-1,0,1
KR_6613771112,420,5,78,44,6,6,7,1,4,4,0,-3,1,4,0,4,4,-1,1,2,1,-2,-44,2,2,4,24,0,2,1,1,1,1,2,1
KR_6759181597,420,2,53,-8,5,5,5,0,5,6,1,-6,2,8,1,4,3,0,0,0,1,2,-1,2,4,6,6,0,0,1,-1,0,1,4,1
KR_6607547123,420,-2,41,-6,-8,0,3,3,-6,0,6,-4,1,5,2,5,3,0,2,2,0,-10,-4,-1,4,3,2,0,0,-1,1,1,-1,1,1
KR_6709064591,420,0,77,-8,-4,0,4,4,-3,1,4,1,1,0,0,1,1,-2,0,2,0,-7,185,1,2,3,-1,0,0,1,-1,1,1,6,1
KR_6642762773,420,4,82,24,4,3,4,1,-1,3,4,2,3,1,0,3,3,0,2,2,0,-4,-18,-2,7,5,4,0,1,1,-1,1,-1,6,1
KR_6764474740,440,6,103,21,8,-1,0,1,1,1,0,1,2,1,8,8,0,-1,1,2,1,15,5,5,0,5,-2,0,2,1,1,1,1,1,1
KR_6499411689,420,-1,-17,16,3,1,5,4,2,2,0,4,5,1,-3,1,4,-1,0,1,0,7,-8,3,3,6,2,0,0,-1,1,1,1,6,1
KR_6746055281,440,-2,-58,-8,-10,-2,3,5,-1,0,1,-4,1,5,0,2,2,-3,1,4,0,-10,-6,0,1,1,-1,0,0,0,0,0,-1,0,1
KR_6731374745,420,-1,-5,12,-6,0,0,0,-3,0,3,2,2,0,-3,1,4,-2,2,4,0,-12,-2,0,1,1,0,0,0,-1,-1,0,1,1,1
KR_6708225419,440,2,-36,29,2,4,5,1,0,3,3,1,4,3,-4,2,6,1,1,0,0,-5,3,4,4,8,1,0,1,-1,1,1,-1,4,1
KR_6721888038,420,-1,-11,-17,-5,-2,0,2,1,2,1,-4,0,4,-4,3,7,4,4,0,0,-4,5,0,0,0,3,0,1,-1,1,1,-1,4,1
KR_6638902510,420,0,-77,15,-2,-1,0,1,-2,2,4,1,2,1,2,5,3,-2,0,2,0,-5,16,-4,6,2,0,0,-1,1,-1,-1,1,2,1
KR_6735481214,420,-3,-16,-24,-2,0,2,2,-2,2,4,2,3,1,1,1,0,-3,2,5,1,2,-2,0,6,6,2,0,-2,-1,1,-1,1,3,1
KR_6760173661,420,-1,-7,-17,-2,3,4,1,-1,0,1,-2,0,2,0,3,3,-2,0,2,0,-3,0,-4,8,4,-2,0,1,-1,1,1,-1,5,1
KR_6731902375,420,3,93,20,4,2,3,1,-6,2,8,3,3,0,1,2,1,4,4,0,0,0,1,2,1,3,0,0,0,-1,1,1,1,1,1
KR_6713515460,420,7,100,44,27,6,7,1,2,2,0,3,7,4,14,15,1,2,2,0,-1,18,0,0,3,3,1,0,4,1,1,1,-1,1,1
KR_6602834454,420,-1,-40,10,4,-4,0,4,1,1,0,-1,3,4,5,6,1,3,4,1,0,6,-3,3,1,4,1,0,2,1,1,1,1,4,1
KR_6758919262,420,0,-27,-2,4,-1,0,1,5,5,0,-3,2,5,2,4,2,1,1,0,0,6,15,-2,3,1,0,0,1,1,1,1,1,6,1
KR_6726869290,420,2,21,4,4,10,10,0,2,5,3,0,4,4,-4,2,6,-4,1,5,-1,-2,0,1,0,1,2,0,-1,-1,-1,1,-1,6,1
KR_6715653703,440,4,41,58,5,6,6,0,2,3,1,0,1,1,-4,0,4,1,2,1,0,9,-11,0,2,2,-2,0,0,1,1,1,-1,3,1
KR_6060421410,440,-3,-34,-8,-10,-7,0,7,1,2,1,-3,0,3,-1,1,2,0,2,2,0,-12,-200,4,0,4,0,0,0,0,-1,0,-1,0,1
KR_6648618732,420,8,117,30,20,4,4,0,5,5,0,4,5,1,5,5,0,2,2,0,1,20,-162,-2,4,2,8,0,4,-1,1,1,1,6,1
KR_6726617421,420,1,7,32,-4,-4,0,4,4,5,1,-1,1,2,-3,2,5,0,0,0,0,2,-6,-4,5,1,2,0,-1,1,-1,-1,-1,4,1
KR_6754034695,440,2,61,32,4,0,5,5,3,5,2,-1,2,3,2,5,3,0,1,1,1,11,-194,0,0,0,0,0,-1,-1,-1,-1,1,1,1
KR_6617356524,420,0,-20,-5,1,1,1,0,0,2,2,1,1,0,0,1,1,-1,0,1,0,1,-8,3,1,4,0,0,0,1,1,0,1,4,1
KR_6693205675,440,3,3,0,12,1,2,1,2,2,0,3,4,1,6,9,3,0,0,0,0,14,-2,0,4,4,2,0,2,-1,1,1,1,4,1
KR_6760927762,420,1,44,0,7,0,1,1,6,9,3,1,4,3,1,2,1,-1,1,2,4,7,7,1,2,3,0,0,1,1,0,1,1,6,1
KR_6759446444,420,1,10,16,6,1,4,3,1,5,4,3,3,0,2,5,3,-1,1,2,0,-3,-248,3,1,4,1,0,1,1,1,1,1,4,1
KR_6759673053,440,7,107,137,10,3,5,2,2,2,0,4,7,3,4,4,0,-3,0,3,-1,4,7,0,0,0,0,0,1,1,1,1,-1,2,1
KR_6642029612,420,-1,-22,0,2,0,0,0,3,6,3,2,4,2,2,4,2,-5,1,6,0,5,179,4,0,4,-1,0,-1,-1,-1,-1,1,6,1
KR_6615647495,420,0,-37,-32,-3,-5,0,5,1,5,4,-2,1,3,3,4,1,0,2,2,0,1,0,1,2,3,0,0,-1,-1,-1,-1,-1,5,1
KR_6729996713,420,5,47,3,10,1,2,1,2,4,2,0,2,2,6,6,0,1,1,0,0,9,-1,-1,6,5,0,0,1,1,-1,1,-1,5,1
KR_6636126993,420,0,29,-8,0,-2,1,3,0,2,2,1,2,1,1,3,2,0,0,0,0,-2,224,-3,5,2,22,0,0,1,0,1,-1,4,1
KR_6712983919,420,2,125,-12,4,3,4,1,0,3,3,2,4,2,0,1,1,-1,1,2,0,-2,20,-1,3,2,4,0,2,-1,1,1,-1,6,1
KR_6744620880,420,-1,-32,-8,0,-3,4,7,3,4,1,-1,0,1,1,4,3,0,2,2,-1,7,-5,3,0,3,3,0,0,1,0,-1,-1,5,1
KR_6639372361,420,0,34,25,8,1,2,1,-1,1,2,-1,4,5,9,11,2,0,4,4,2,12,-34,-3,6,3,4,0,1,1,-1,1,1,6,1
KR_6643726869,440,0,-13,4,1,-1,4,5,-1,0,1,2,5,3,1,3,2,0,1,1,-2,1,11,1,2,3,-3,0,-1,-1,1,-1,-1,6,1
KR_6654093401,440,1,58,-7,2,2,3,1,-3,0,3,-2,4,6,2,5,3,3,4,1,0,-7,2,-2,5,3,-1,0,1,-1,1,1,1,3,1
KR_6719720509,420,-2,-14,36,-6,-1,3,4,1,1,0,-2,3,5,-4,2,6,0,1,1,-1,-7,-7,-3,4,1,1,0,0,-1,1,1,-1,2,1
KR_6505079842,420,2,63,5,7,1,3,2,-1,3,4,1,2,1,7,7,0,-1,1,2,0,14,4,0,4,4,-1,0,-1,1,-1,1,-1,6,1
KR_6728871721,420,4,64,43,4,2,3,1,5,6,1,3,4,1,-7,0,7,1,3,2,0,-6,-38,-3,4,1,1,0,2,-1,1,1,1,3,1
KR_6663390055,420,2,33,16,1,-2,0,2,1,1,0,5,5,0,-2,2,4,-1,1,2,0,5,6,0,3,3,0,0,0,1,-1,0,-1,1,1
KR_6687814297,420,5,128,-4,14,3,4,1,1,2,1,5,6,1,6,6,0,-1,2,3,0,20,-5,-5,5,0,0,0,3,-1,1,1,1,2,1
KR_6623599387,420,2,-17,-26,9,5,5,0,1,1,0,-1,2,3,3,4,1,1,2,1,0,10,-38,1,4,5,-1,0,1,-1,-1,-1,-1,1,1
KR_6668818196,420,1,21,-24,-1,-2,0,2,3,4,1,1,3,2,-3,2,5,0,0,0,-1,0,0,2,4,6,-1,0,0,0,1,0,-1,0,1
KR_6740355634,420,-2,-43,-22,-10,-3,1,4,-1,1,2,-4,1,5,-2,2,4,0,1,1,0,-5,-9,-3,3,0,-1,0,-1,0,0,-1,-1,0,1
KR_6725560431,420,-3,-60,-16,-3,1,1,0,-3,2,5,-2,1,3,2,2,0,-1,3,4,0,-5,-10,5,3,8,-3,0,-1,-1,1,-1,-1,4,1
KR_6748614488,440,-4,-104,-3,-5,0,1,1,-1,0,1,-5,0,5,1,2,1,0,2,2,0,-6,10,3,2,5,1,0,0,1,-1,0,1,6,1
KR_6757740903,420,-2,-14,-27,2,-1,0,1,1,4,3,-1,2,3,1,4,3,2,3,1,0,3,13,3,1,4,-3,0,0,0,0,0,1,0,1
KR_6759581395,440,3,100,-6,6,2,3,1,3,4,1,4,4,0,-1,4,5,-2,0,2,0,3,29,-2,3,1,-10,0,0,1,0,1,-1,1,1
KR_6756846476,420,1,4,0,3,-5,0,5,5,6,1,-2,4,6,-2,4,6,7,8,1,0,8,14,2,3,5,-3,0,1,-1,0,-1,-1,1,1
KR_5608862686,420,5,112,-27,6,-3,0,3,5,5,0,2,3,1,1,1,0,1,1,0,0,14,10,5,5,10,0,0,0,-1,-1,0,-1,6,1
KR_6635352504,420,-1,-26,5,-3,0,2,2,-2,3,5,-4,1,5,1,1,0,2,4,2,0,-5,195,-2,4,2,0,0,0,-1,-1,0,1,1,1
KR_6694073948,420,4,24,29,10,-8,0,8,6,7,1,2,4,2,6,8,2,4,6,2,0,13,-2,-4,7,3,1,0,5,1,1,1,-1,5,1
KR_6742482825,420,1,0,8,2,2,3,1,0,3,3,-2,2,4,1,1,0,1,2,1,0,1,0,1,1,2,-1,0,1,1,-1,1,-1,3,1
KR_6697416790,420,2,86,-7,6,2,3,1,-2,2,4,3,4,1,1,2,1,2,2,0,0,1,1,4,0,4,0,0,1,1,0,1,-1,5,1
KR_6324713295,420,1,12,34,1,0,0,0,-1,0,1,-1,4,5,2,3,1,1,1,0,0,0,-4,-1,3,2,0,0,0,1,1,0,-1,1,1
KR_6728820740,440,1,18,16,9,3,3,0,5,6,1,-2,1,3,0,1,1,3,3,0,0,7,140,1,3,4,-1,0,0,1,0,0,1,3,1
KR_6643234620,420,7,119,9,14,2,4,2,2,2,0,3,3,0,5,9,4,2,2,0,0,12,6,7,1,8,0,0,2,1,0,1,-1,4,1
KR_6723817136,420,6,120,24,11,4,5,1,-2,0,2,7,7,0,0,4,4,2,2,0,0,9,-2,1,4,5,0,0,2,1,1,1,-1,3,1
KR_6753694692,420,1,33,12,0,2,2,0,-1,4,5,-2,1,3,-1,2,3,2,2,0,0,-7,10,4,3,7,-4,0,0,1,1,0,-1,2,1
KR_6734309963,420,1,7,12,4,4,4,0,1,2,1,-3,1,4,4,4,0,-2,0,2,0,3,8,0,5,5,3,0,0,-1,-1,-1,1,2,1
KR_6600995497,420,2,-14,6,2,2,3,1,2,2,0,-2,1,3,2,3,1,-2,0,2,0,4,-15,-2,3,1,4,0,0,0,1,0,-1,0,1
KR_6595977638,420,2,47,16,-3,-2,1,3,1,5,4,1,3,2,-3,4,7,0,1,1,0,-7,-60,-4,5,1,1,0,0,1,-1,0,-1,4,1
KR_6705779632,420,-2,29,-36,3,-1,3,4,1,5,4,0,1,1,1,4,3,2,2,0,0,7,-82,2,2,4,0,0,0,-1,1,-1,1,5,1
KR_6655575094,420,5,49,19,12,0,2,2,1,2,1,9,9,0,0,0,0,2,2,0,0,8,11,2,2,4,-1,0,2,1,-1,1,1,4,1
KR_6762300945,420,1,17,0,8,3,4,1,2,3,1,1,3,2,0,2,2,2,2,0,1,7,-4,-1,4,3,0,0,0,1,1,0,1,4,1
KR_6601498719,420,6,34,44,12,3,5,2,3,4,1,4,4,0,1,3,2,1,2,1,0,15,302,-1,2,1,1,0,1,-1,1,1,-1,6,1
KR_6323698319,420,4,87,9,6,-1,0,1,4,5,1,0,1,1,3,6,3,0,1,1,0,4,131,-2,5,3,1,0,1,1,0,1,-1,4,1
KR_6624569883,420,6,91,6,7,0,1,1,2,2,0,10,10,0,-3,1,4,-2,0,2,0,0,1,-3,5,2,4,0,3,-1,1,1,1,4,1
KR_6422519484,420,-4,-30,-40,-9,0,1,1,-6,1,7,-2,5,7,0,3,3,-1,1,2,-1,-8,31,3,3,6,-3,0,0,0,0,0,-1,0,1
KR_6646055210,420,0,1,28,-1,3,4,1,-1,0,1,-5,2,7,-2,2,4,4,5,1,0,-2,-421,-3,3,0,1,0,0,1,-1,-1,1,5,1
KR_6656844239,440,1,56,-24,6,-1,1,2,0,2,2,2,3,1,5,6,1,0,1,1,0,7,1,-4,6,2,2,0,1,-1,-1,-1,1,3,1
KR_6728268303,420,0,-31,26,4,-2,1,3,6,6,0,1,1,0,0,2,2,-1,0,1,2,9,4,1,3,4,1,0,-1,0,1,-1,1,0,1
KR_6612016250,420,2,57,-12,14,1,2,1,-1,1,2,-1,0,1,13,13,0,2,2,0,1,14,-9,3,0,3,0,0,0,1,0,1,1,5,1
KR_6650418970,440,-2,32,-8,-3,-1,1,2,-2,2,4,-3,1,4,2,3,1,1,1,0,0,-7,-32,1,3,4,-3,0,0,1,-1,0,-1,2,1
KR_6750902304,420,4,111,8,4,-3,0,3,-1,1,2,3,4,1,2,3,1,3,3,0,0,1,-1,-3,3,0,8,0,2,0,1,1,1,0,1
KR_6736504576,420,0,11,-11,5,3,3,0,-1,5,6,0,2,2,3,5,2,0,0,0,-1,-5,1,4,2,6,1,0,1,0,1,1,-1,0,1
KR_6741363018,420,-3,-11,-16,-7,-3,0,3,0,4,4,-2,2,4,3,5,2,-5,0,5,1,-2,4,3,3,6,-2,0,0,-1,1,0,1,6,1
KR_6755948667,420,3,50,8,5,-1,1,2,1,3,2,-2,2,4,5,6,1,2,2,0,0,-1,-1,-2,4,2,2,0,-1,1,-1,-1,1,2,1
KR_6733377652,420,7,138,88,11,2,3,1,5,5,0,-3,1,4,7,8,1,0,0,0,0,3,5,2,0,2,-1,0,0,0,0,1,-1,0,1
KR_6662628117,420,2,13,-1,10,4,5,1,1,3,2,3,5,2,1,2,1,1,2,1,0,7,45,-2,5,3,-1,0,0,1,1,1,1,1,1
KR_6728766079,440,3,34,8,6,6,6,0,-1,0,1,0,1,1,1,2,1,0,2,2,0,3,-2,3,3,6,-2,0,1,-1,1,1,1,4,1
KR_6686917519,440,3,21,-5,6,3,4,1,5,8,3,-3,4,7,1,3,2,0,3,3,-2,6,-20,6,1,7,1,0,0,-1,-1,0,-1,4,1
KR_6754762443,420,3,-16,35,8,3,3,0,4,6,2,-1,0,1,1,1,0,1,2,1,0,5,-1,5,0,5,0,0,1,1,1,1,1,6,1
KR_6755664504,440,5,31,24,11,-1,0,1,3,6,3,2,3,1,7,7,0,0,0,0,0,6,-2,-4,9,5,6,0,2,1,1,1,-1,6,1
KR_6540333149,420,-1,-4,12,3,-1,3,4,3,5,2,-1,3,4,2,2,0,0,1,1,0,4,-16,5,1,6,-1,0,0,1,1,1,-1,5,1
KR_6650988931,420,3,65,1,6,1,1,0,2,5,3,-3,2,5,2,4,2,4,4,0,0,4,62,-2,4,2,-21,0,1,1,1,1,-1,2,1
KR_6760707185,440,3,118,32,8,4,5,1,1,3,2,6,8,2,-2,0,2,-1,0,1,0,-4,1,0,2,2,-2,0,2,1,1,1,1,4,1
KR_6604614373,420,0,43,-25,2,-3,0,3,-4,0,4,2,6,4,4,4,0,3,3,0,0,5,10,2,2,4,-1,0,-1,1,1,-1,1,5,1
KR_6758000773,420,-1,-43,24,-1,2,5,3,-1,2,3,-5,2,7,0,4,4,3,4,1,-1,-1,-9,0,1,1,-2,0,0,1,-1,0,-1,2,1
KR_6695680366,420,0,-57,24,-4,0,2,2,-2,4,6,-3,1,4,2,3,1,-1,1,2,0,-3,-143,0,4,4,3,0,0,1,0,-1,1,6,1
KR_6761429661,420,1,3,-10,2,-6,2,8,-3,1,4,4,5,1,5,5,0,2,2,0,0,4,7,0,3,3,0,0,1,-1,-1,1,1,3,1
KR_6747102522,440,5,82,0,8,1,2,1,-1,1,2,0,2,2,8,10,2,0,1,1,0,5,12,3,0,3,-1,0,1,-1,-1,1,-1,6,1
KR_6748507100,420,4,61,4,5,0,3,3,-2,0,2,1,5,4,6,7,1,0,1,1,0,4,9,1,3,4,3,0,2,1,0,1,1,2,1
KR_6602411627,420,0,-28,-4,-2,-1,2,3,0,1,1,-2,3,5,-3,3,6,4,5,1,0,-5,2,-1,3,2,-1,0,0,-1,-1,-1,1,1,1
KR_6684029816,420,0,30,0,1,-2,1,3,1,4,3,-3,1,4,4,5,1,1,1,0,-1,1,3,2,3,5,2,0,-1,0,0,-1,-1,0,1
KR_6618472136,420,5,23,-32,9,0,0,0,4,4,0,-1,1,2,6,6,0,0,0,0,0,2,-49,0,1,1,34,0,0,-1,1,0,1,3,1
KR_6529498724,420,1,11,-21,1,-1,1,2,-1,1,2,-2,3,5,4,5,1,1,3,2,0,3,-26,-1,2,1,-2,0,0,1,-1,-1,-1,4,1
KR_6744946248,420,-1,-11,0,-2,2,3,1,1,2,1,-1,1,2,-2,2,4,-2,1,3,0,-6,-3,-1,6,5,-1,0,-1,0,0,-1,-1,0,1
KR_6749282545,420,1,14,42,-2,1,2,1,-3,2,5,0,3,3,0,5,5,0,2,2,-1,-2,-1,-4,6,2,1,0,0,0,-1,0,-1,0,1
KR_6730870049,420,1,12,-4,0,-1,0,1,0,5,5,3,7,4,-3,1,4,1,2,1,0,11,-352,-1,3,2,3,0,-1,1,-1,-1,-1,5,1
KR_6727124936,420,4,51,8,10,8,8,0,-1,2,3,4,6,2,-3,2,5,2,4,2,0,6,0,5,3,8,0,0,2,1,1,1,1,1,1
KR_6745680223,440,-2,-51,-4,-2,0,3,3,-3,3,6,-2,0,2,0,0,0,3,5,2,0,9,-234,1,0,1,13,0,-1,-1,-1,-1,-1,2,1
KR_6630316025,420,5,88,24,11,1,2,1,4,4,0,3,3,0,1,1,0,2,2,0,0,9,72,5,0,5,-1,0,1,1,1,1,1,5,1
KR_6681733220,420,2,37,12,0,6,6,0,-2,2,4,2,5,3,-2,0,2,-4,0,4,0,-11,-8,-2,3,1,1,0,0,-1,1,1,1,2,1
KR_6678131930,420,-1,-99,-40,-3,-4,1,5,3,3,0,1,3,2,-2,2,4,-1,1,2,-1,5,3,0,6,6,-3,0,0,0,0,0,-1,0,1
KR_6589090696,420,2,56,0,6,6,7,1,4,4,0,-3,1,4,-1,3,4,0,0,0,0,2,265,-5,5,0,1,0,1,1,1,1,1,6,1
KR_6646275212,420,-1,-21,4,1,-1,0,1,-3,0,3,4,7,3,2,6,4,-1,2,3,0,0,-426,3,3,6,-1,0,-1,0,0,-1,1,0,1
KR_6731733215,420,3,100,-11,7,2,2,0,-1,2,3,3,6,3,-1,1,2,4,5,1,0,3,10,-1,2,1,3,0,1,-1,1,1,1,6,1
KR_6711247945,420,3,0,16,6,1,4,3,4,5,1,2,3,1,1,7,6,-2,1,3,0,9,4,0,2,2,-1,0,1,1,1,1,-1,4,1
KR_6750030331,440,2,17,-24,11,-1,5,6,1,4,3,3,3,0,5,6,1,3,3,0,1,14,-104,3,1,4,4,0,-1,1,0,-1,1,2,1
KR_6736117585,420,9,90,32,17,6,7,1,6,6,0,-1,2,3,6,6,0,0,1,1,0,11,-7,0,1,1,1,0,4,1,1,1,1,4,1
KR_6731318917,420,-1,42,-12,-2,-1,2,3,-2,0,2,-1,1,2,3,3,0,-1,0,1,1,-1,-3,1,2,3,0,0,0,1,0,0,1,6,1
KR_6729507278,420,1,61,-4,-4,0,0,0,-1,1,2,4,6,2,-4,2,6,-3,1,4,0,-5,-6,2,1,3,0,0,0,-1,0,-1,1,6,1
KR_6693193915,420,3,28,16,0,-4,0,4,0,1,1,-1,1,2,2,5,3,3,4,1,-1,3,-2,0,6,6,3,0,0,-1,1,1,-1,2,1
KR_6681175786,420,3,68,23,10,2,2,0,5,7,2,-1,3,4,3,4,1,1,2,1,1,10,-127,-2,2,0,5,0,0,1,0,0,1,5,1
KR_6729625093,420,5,63,-17,9,1,1,0,-1,0,1,1,3,2,7,8,1,1,1,0,0,6,-13,3,1,4,1,0,2,1,-1,1,1,6,1
KR_6660040150,420,-1,29,8,-5,-3,0,3,-11,0,11,4,9,5,4,5,1,1,2,1,0,-2,7,2,0,2,-1,0,1,0,0,1,-1,0,1
KR_6724101654,440,5,102,9,6,2,3,1,-1,1,2,3,4,1,1,2,1,1,1,0,0,4,8,0,4,4,2,0,1,1,1,1,-1,1,1
KR_6764615012,440,4,35,16,8,4,4,0,1,1,0,1,2,1,-1,2,3,3,3,0,0,4,-5,-4,5,1,-3,0,1,1,-1,1,-1,4,1
KR_6741854914,440,-2,-71,-24,-5,2,7,5,1,1,0,0,2,2,-6,0,6,-2,1,3,0,0,2,0,3,3,0,0,-2,0,-1,-1,-1,0,1
KR_6761486952,420,0,11,4,-5,-1,3,4,-3,4,7,1,3,2,-2,3,5,0,1,1,-1,-1,6,0,4,4,-3,0,-1,-1,-1,-1,1,2,1
KR_6637867071,420,-1,11,8,-3,-2,1,3,0,1,1,2,2,0,-3,2,5,0,0,0,0,-4,-12,-6,9,3,1,0,-1,-1,-1,-1,-1,6,1
KR_6744680786,420,0,-6,-4,6,-1,3,4,1,3,2,3,4,1,4,5,1,-1,2,3,2,9,-374,-2,5,3,1,0,-1,-1,1,-1,1,6,1
KR_6762435702,440,3,50,15,15,-2,0,2,0,1,1,18,20,2,-2,2,4,1,2,1,0,17,13,0,3,3,-6,0,0,1,-1,1,1,6,1
KR_6739612702,440,0,55,-8,0,2,2,0,1,1,0,1,3,2,-3,0,3,-1,0,1,0,0,36,6,4,10,1,0,1,-1,1,1,-1,1,1
KR_6701382708,420,0,59,4,-3,1,3,2,0,1,1,-3,0,3,0,0,0,-1,0,1,0,0,-1,-4,6,2,4,0,0,-1,0,0,1,2,1
KR_6625213326,420,2,31,27,9,-1,2,3,1,4,3,2,3,1,5,6,1,2,2,0,2,12,13,2,0,2,-1,0,0,1,1,0,1,2,1
KR_6761211541,440,0,-3,-32,-3,0,2,2,0,0,0,6,6,0,-5,0,5,-4,0,4,0,-6,6,3,2,5,-6,0,-1,-1,1,-1,-1,1,1
KR_6751429222,420,3,0,36,8,0,2,2,5,5,0,-1,1,2,4,5,1,0,0,0,0,6,1,1,2,3,3,0,1,1,-1,1,1,1,1
KR_6531660231,420,0,-9,16,3,8,8,0,-3,1,4,0,0,0,-1,1,2,-1,1,2,0,5,-3,0,5,5,2,0,0,1,1,1,-1,4,1
KR_6739634942,420,1,46,4,9,-2,2,4,4,7,3,2,4,2,6,9,3,-1,1,2,0,4,40,2,0,2,-16,0,0,1,1,-1,-1,6,1
KR_6723926137,420,1,46,28,-2,2,2,0,0,8,8,-2,1,3,-1,2,3,-1,1,2,0,1,-12,-2,3,1,2,0,0,1,1,0,1,4,1
KR_6761719612,420,0,67,4,3,0,1,1,1,2,1,3,3,0,1,6,5,-2,2,4,0,0,-265,1,1,2,-1,0,0,-1,1,1,-1,2,1
KR_6712199877,420,7,47,51,9,0,4,4,5,5,0,6,6,0,-2,1,3,0,1,1,0,11,-17,-1,3,2,0,0,-1,1,-1,-1,-1,3,1
KR_6638795588,420,2,68,-1,5,-1,2,3,6,7,1,1,3,2,1,3,2,-2,0,2,0,8,19,-5,7,2,1,0,3,-1,1,1,-1,5,1
KR_6728669966,440,-2,-11,2,-3,-4,0,4,0,0,0,5,6,1,-1,3,4,-3,3,6,0,-5,-277,0,5,5,-3,0,0,0,0,0,1,0,1
KR_6639091053,440,-1,150,-20,-4,-1,0,1,-3,0,3,-1,2,3,2,6,4,-1,0,1,-1,-6,7,0,4,4,-1,0,1,-1,-1,1,-1,4,1
KR_6661537806,420,4,76,4,-1,2,2,0,-2,2,4,4,6,2,-5,0,5,0,2,2,0,-9,0,-1,2,1,4,0,0,1,-1,0,-1,2,1
KR_6692595746,420,1,24,8,3,2,4,2,-1,2,3,-4,0,4,1,5,4,5,5,0,0,3,3,1,3,4,1,0,1,1,0,1,1,2,1
KR_6645507870,420,4,73,-13,12,0,1,1,4,4,0,1,2,1,6,6,0,1,1,0,0,15,20,2,3,5,-2,0,1,1,-1,1,1,5,1
KR_6530301326,420,2,45,17,4,1,1,0,-1,1,2,0,1,1,-1,0,1,5,5,0,0,4,-11,-1,5,4,3,0,1,-1,-1,1,1,1,1
KR_6666173567,420,2,11,-10,4,-1,0,1,6,6,0,-1,0,1,-1,1,2,1,1,0,0,12,-45,-2,6,4,6,0,0,-1,1,0,1,6,1
KR_6604282069,420,0,-45,4,2,-1,2,3,-2,0,2,6,7,1,-1,3,4,0,1,1,0,-3,3,1,2,3,2,0,0,-1,0,0,1,2,1
KR_6538007019,420,6,75,16,10,0,1,1,2,2,0,1,2,1,7,8,1,0,1,1,2,9,29,-4,6,2,-13,0,1,1,1,1,1,3,1
KR_6709801405,420,9,109,24,9,1,4,3,-5,1,6,2,2,0,7,7,0,4,4,0,0,3,45,2,0,2,-6,0,2,-1,1,1,1,2,1
KR_5999721944,420,5,46,12,6,6,7,1,-1,4,5,0,3,3,1,2,1,0,0,0,0,-2,15,0,2,2,-2,0,3,1,1,1,-1,1,1
KR_6755565022,420,-1,51,22,-5,3,4,1,-5,2,7,1,7,6,-3,1,4,-1,0,1,-1,-9,12,-3,5,2,-2,0,0,1,-1,0,-1,3,1
KR_6729531210,420,2,-1,26,7,3,4,1,3,3,0,2,5,3,-2,1,3,1,1,0,0,2,5,-2,4,2,0,0,1,1,-1,1,-1,2,1
KR_6599266367,420,8,138,20,21,6,8,2,6,7,1,2,4,2,4,4,0,3,3,0,1,14,-14,3,2,5,2,0,3,1,1,1,1,1,1
KR_6653312216,440,8,83,25,15,1,3,2,-1,4,5,8,9,1,6,10,4,1,1,0,1,6,33,3,2,5,-1,0,3,1,-1,1,1,5,1
KR_6757975623,440,1,-40,4,-1,6,7,1,0,5,5,-3,0,3,1,3,2,-5,1,6,0,-5,-2,-2,7,5,1,0,0,-1,1,1,1,6,1
KR_6730766061,420,1,37,-28,3,1,1,0,0,3,3,-4,2,6,7,9,2,-1,1,2,0,1,-23,0,3,3,1,0,1,-1,0,1,1,6,1
KR_6751515641,420,3,24,-4,5,-1,3,4,3,4,1,5,5,0,-2,3,5,0,1,1,-1,7,6,4,1,5,-2,0,1,1,-1,1,-1,4,1
KR_6643208054,420,1,25,-1,4,4,5,1,2,3,1,2,2,0,-3,0,3,-1,1,2,0,2,-4,2,0,2,1,0,1,-1,1,1,-1,3,1
KR_6618192338,420,4,38,32,6,1,2,1,0,3,3,7,8,1,-2,4,6,0,3,3,-1,-3,3,2,1,3,-1,0,2,1,0,1,-1,1,1
KR_6667520194,440,-3,-82,-6,-8,-1,2,3,-6,1,7,-3,1,4,2,2,0,0,4,4,-2,-9,0,-1,7,6,1,0,-1,-1,0,-1,-1,1,1
KR_6730130669,420,3,60,-16,5,1,2,1,1,2,1,0,3,3,1,1,0,2,2,0,0,5,0,1,0,1,0,0,0,1,1,1,1,3,1
KR_6681186929,420,6,129,44,19,1,3,2,7,8,1,0,1,1,7,11,4,4,4,0,2,26,80,-1,3,2,-5,0,3,0,0,1,1,0,1
KR_6740455962,420,2,-42,15,-2,-1,0,1,-1,2,3,0,1,1,-1,5,6,1,3,2,0,-4,0,-2,3,1,0,0,-1,-1,1,-1,-1,2,1
KR_6719132388,440,1,52,-4,3,-1,1,2,-3,3,6,4,5,1,2,4,2,1,1,0,0,5,1,1,3,4,0,0,1,-1,-1,1,1,4,1
KR_6211807139,420,3,62,33,2,-5,0,5,9,9,0,3,3,0,0,1,1,-5,2,7,0,7,13,3,1,4,1,0,1,1,0,1,1,2,1
KR_6697026307,420,6,69,33,13,4,5,1,0,1,1,2,4,2,7,15,8,0,1,1,0,4,11,7,0,7,-2,0,1,1,0,1,1,2,1
KR_6712482910,420,3,49,10,0,-4,0,4,1,3,2,1,3,2,2,2,0,0,3,3,0,-1,-256,-2,7,5,4,0,1,1,-1,1,1,6,1
KR_6743610432,420,1,64,-25,6,6,6,0,-3,1,4,5,5,0,0,5,5,-2,2,4,0,-1,27,-2,4,2,4,0,1,-1,-1,1,1,6,1
KR_6098609528,420,5,55,30,5,4,4,0,0,1,1,2,5,3,-2,1,3,1,1,0,1,1,1,2,3,5,-5,0,1,-1,0,1,1,4,1
KR_6645299356,420,3,36,0,12,4,4,0,-1,1,2,3,4,1,5,5,0,1,3,2,0,12,-1,2,2,4,5,0,2,1,0,1,1,2,1
KR_6636520804,440,-4,-53,12,-7,2,3,1,-6,2,8,1,1,0,-4,0,4,0,0,0,0,-10,20,2,3,5,0,0,0,1,1,0,1,4,1
KR_6501225593,420,2,-26,3,2,-1,0,1,1,3,2,2,6,4,-1,0,1,1,2,1,-1,0,7,8,4,12,-3,0,1,-1,0,1,-1,4,1
KR_6324175822,420,3,87,0,7,-1,1,2,2,3,1,5,10,5,4,5,1,-3,2,5,0,-2,11,1,5,6,-3,0,1,1,0,1,1,1,1
KR_6726591892,420,1,90,36,-5,-4,2,6,4,4,0,3,3,0,-5,2,7,-3,0,3,-1,-9,-7,-2,7,5,1,0,0,-1,1,1,-1,2,1
KR_6753881684,420,-1,57,24,-7,-3,1,4,-3,1,4,0,1,1,-1,3,4,0,4,4,0,-10,-39,0,1,1,1,0,0,0,1,0,1,0,1
KR_6742054463,420,-1,3,-8,-2,-5,0,5,0,3,3,-5,1,6,3,5,2,5,6,1,-1,2,3,-1,2,1,2,0,-1,-1,-1,-1,-1,4,1
KR_6732332841,420,2,24,17,8,3,4,1,3,4,1,4,4,0,-2,2,4,0,0,0,0,6,-3,2,2,4,-1,0,2,1,1,1,-1,3,1
KR_6743206414,440,1,18,-4,4,-1,1,2,5,6,1,0,3,3,0,2,2,0,0,0,0,0,1,-1,1,0,0,0,0,1,0,0,1,3,1
KR_6628076324,420,1,-24,8,4,1,1,0,6,7,1,3,5,2,-3,1,4,-3,1,4,0,1,-145,-1,2,1,3,0,1,1,0,1,-1,5,1
KR_6756785133,420,-2,23,0,-9,-3,1,4,-2,0,2,-4,1,5,1,5,4,-1,0,1,0,-3,-275,-3,5,2,-4,0,1,0,1,-1,1,0,1
KR_6695165574,420,0,-52,15,-2,-2,2,4,-4,1,5,2,2,0,2,2,0,0,1,1,0,-5,175,-2,5,3,-2,0,-2,-1,-1,-1,1,3,1
KR_6607308709,420,1,-35,0,7,5,5,0,2,4,2,0,4,4,-1,1,2,1,5,4,0,12,-145,7,1,8,24,0,-1,1,0,-1,-1,2,1
KR_6759937716,420,3,71,12,2,2,3,1,-2,2,4,1,3,2,0,0,0,1,1,0,0,3,-208,2,0,2,1,0,2,1,1,1,-1,2,1
KR_6626623638,420,10,139,24,20,0,2,2,5,5,0,6,7,1,8,8,0,1,1,0,0,29,7,3,1,4,0,0,3,1,1,1,1,4,1
KR_6648080615,420,0,1,16,1,1,1,0,-5,0,5,1,3,2,4,8,4,0,1,1,0,-1,-10,-2,7,5,7,0,0,1,-1,0,-1,5,1
KR_6683711658,420,-1,-39,0,-2,-4,1,5,3,6,3,1,3,2,-2,0,2,0,0,0,0,-2,-24,3,4,7,5,0,-1,1,-1,-1,1,2,1
KR_6646354494,420,-2,20,0,-1,3,4,1,-2,2,4,-4,3,7,-3,0,3,5,5,0,0,-5,-5,0,1,1,-1,0,0,-1,1,0,-1,1,1
KR_6764503418,440,-2,-29,-26,-1,-1,4,5,-2,3,5,1,2,1,1,3,2,0,0,0,0,4,14,-1,3,2,-2,0,-1,1,-1,-1,-1,2,1
KR_6722543904,440,2,70,-8,3,0,1,1,0,1,1,1,3,2,3,6,3,-1,0,1,2,3,32,3,0,3,-13,0,0,0,-1,0,1,0,1
KR_6757930785,420,3,-2,17,2,0,0,0,0,3,3,3,4,1,-2,0,2,1,5,4,0,2,-5,5,0,5,0,0,1,1,1,1,-1,3,1
KR_6635920169,440,-1,-18,0,-3,-4,1,5,0,5,5,-2,2,4,3,6,3,0,0,0,-2,-1,-20,1,2,3,1,0,-1,1,1,-1,-1,4,1
KR_6678592313,420,7,100,4,23,6,6,0,4,4,0,5,5,0,6,6,0,2,2,0,0,19,2,3,2,5,0,0,3,1,1,1,1,4,1
KR_6709129020,420,6,58,47,5,-3,0,3,-2,1,3,1,3,2,7,7,0,2,2,0,0,-2,-2,6,0,6,0,0,1,1,1,1,1,5,1
KR_6626457176,420,3,-2,37,11,1,1,0,5,6,1,-1,1,2,7,12,5,-1,0,1,0,8,-200,0,2,2,5,0,1,1,1,1,1,6,1
KR_6694370813,420,2,68,12,-3,-1,3,4,0,2,2,-3,2,5,0,6,6,1,1,0,0,-4,-1,0,4,4,1,0,1,1,-1,1,-1,4,1
KR_6760634975,420,5,8,9,19,-2,0,2,-1,0,1,12,13,1,8,9,1,2,3,1,1,13,-6,2,3,5,0,0,1,1,1,1,1,2,1
KR_6669593822,420,1,-11,20,9,1,1,0,2,3,1,1,3,2,5,5,0,0,1,1,0,11,8,1,2,3,-1,0,0,-1,1,0,1,3,1
KR_6418646194,420,-3,-10,-9,-2,-1,3,4,0,1,1,7,7,0,-7,0,7,-1,0,1,1,6,-6,-1,1,0,0,0,-1,-1,-1,1,1,5,1
KR_6727021500,420,2,-28,-26,2,1,3,2,0,3,3,1,4,3,-2,1,3,2,2,0,0,6,8,1,2,3,-1,0,0,-1,1,1,1,3,1
KR_6757136758,420,1,16,16,3,0,1,1,2,4,2,1,4,3,-1,3,4,1,2,1,2,10,-19,2,2,4,3,0,-1,1,-1,-1,1,3,1
KR_6638535690,440,2,71,-17,4,-1,1,2,-1,1,2,2,4,2,1,2,1,3,4,1,0,6,307,2,2,4,1,0,1,1,0,1,-1,5,1
KR_6729217963,420,-1,-56,12,9,-1,2,3,1,2,1,4,4,0,0,2,2,5,6,1,0,14,-10,5,1,6,1,0,-1,0,-1,-1,-1,0,1
KR_6668867239,440,-1,15,-8,-3,1,2,1,-6,0,6,-4,2,6,6,6,0,0,1,1,0,-1,-10,0,3,3,-1,0,0,-1,1,0,-1,2,1
KR_6702646504,420,3,-15,17,7,2,2,0,1,5,4,1,2,1,2,4,2,1,2,1,0,8,-345,2,4,6,-4,0,2,1,1,1,-1,3,1
KR_6743673602,420,-1,23,-18,-1,0,1,1,-2,1,3,1,1,0,-2,1,3,2,3,1,0,-1,10,3,6,9,-3,0,0,1,-1,0,1,2,1
KR_6748062517,420,6,55,28,3,0,1,1,0,0,0,0,4,4,1,1,0,2,3,1,0,10,-187,-5,8,3,8,0,1,1,1,1,-1,6,1
KR_6745840732,420,1,103,5,8,6,6,0,-9,1,10,2,5,3,7,8,1,2,6,4,0,-5,-2,-1,4,3,1,0,4,1,1,1,-1,4,1
KR_6728637024,440,2,94,-56,7,1,1,0,2,2,0,5,5,0,-1,0,1,0,2,2,-1,6,-3,4,0,4,2,0,0,1,-1,0,-1,4,1
KR_6733328021,420,5,6,72,4,-3,1,4,1,1,0,3,5,2,5,6,1,-2,2,4,0,4,4,-2,2,0,2,0,0,1,0,0,-1,6,1
KR_6047568468,440,5,37,28,7,-3,0,3,6,7,1,1,4,3,2,3,1,1,1,0,0,5,-7,-3,8,5,2,0,0,0,0,0,1,0,1
KR_6648547665,420,3,44,10,4,3,4,1,-1,1,2,0,2,2,2,2,0,0,3,3,0,4,2,1,0,1,0,0,1,1,0,1,-1,1,1
KR_6648682816,420,-2,26,0,-3,3,3,0,-1,4,5,2,4,2,-7,1,8,0,2,2,0,-8,32,-3,4,1,-8,0,0,-1,1,0,-1,1,1
KR_6753339759,440,2,56,0,-1,4,4,0,-1,1,2,-10,0,10,4,6,2,2,2,0,0,3,-2,1,3,4,3,0,0,-1,0,0,-1,2,1
KR_6739065853,420,-4,-72,3,-6,-1,1,2,-1,2,3,2,2,0,-4,2,6,-2,1,3,0,-3,1,0,4,4,-8,0,-1,0,0,-1,-1,0,1
KR_6652838177,420,1,9,-7,3,5,7,2,-1,1,2,2,2,0,-3,4,7,0,1,1,0,-6,7,-2,3,1,-2,0,1,-1,1,1,-1,4,1
KR_6726144570,420,2,35,-8,5,1,3,2,-4,1,5,4,4,0,4,5,1,0,1,1,1,3,179,0,3,3,0,0,2,1,1,1,1,1,1
KR_6724391091,420,2,84,9,11,1,1,0,3,6,3,1,2,1,-2,0,2,8,9,1,0,13,3,1,2,3,0,0,1,1,1,1,1,3,1
KR_5597575674,420,1,4,11,5,1,1,0,4,5,1,1,3,2,-1,1,2,0,0,0,0,2,5,4,0,4,-1,0,0,0,1,0,1,0,1
KR_6717413641,420,3,60,24,7,-6,0,6,7,7,0,1,2,1,2,3,1,3,3,0,1,9,-2,0,5,5,-4,0,-1,1,1,-1,1,1,1
KR_6609985371,420,2,22,19,8,-1,2,3,1,4,3,5,6,1,2,4,2,1,6,5,0,5,2,4,2,6,-3,0,0,0,1,0,-1,0,1
KR_6749680393,420,3,93,36,8,4,5,1,3,3,0,1,1,0,2,3,1,-2,1,3,0,4,27,2,3,5,-3,0,1,1,1,1,1,3,1
KR_6757152064,420,6,112,24,8,1,2,1,2,2,0,4,4,0,1,1,0,0,0,0,0,10,24,1,1,2,-1,0,2,1,1,1,1,2,1
KR_6086263542,420,4,69,14,9,-1,4,5,3,4,1,5,6,1,4,5,1,-2,1,3,0,6,21,0,6,6,5,0,2,1,1,1,1,5,1
KR_6292018001,420,3,-29,8,6,0,0,0,9,12,3,-1,1,2,-2,1,3,0,1,1,0,15,-25,-4,6,2,27,0,0,1,-1,0,-1,5,1
KR_6641278904,420,2,3,36,4,-2,0,2,0,1,1,4,4,0,2,3,1,0,0,0,0,8,11,0,2,2,0,0,1,1,1,1,-1,4,1
KR_6727682411,420,-1,6,-12,5,4,4,0,0,4,4,-2,0,2,2,5,3,1,1,0,1,6,50,4,0,4,-15,0,2,-1,1,1,1,3,1
KR_6624506213,420,3,12,24,14,6,7,1,1,4,3,0,2,2,3,5,2,4,6,2,0,3,6,1,1,2,-1,0,2,-1,-1,1,-1,6,1
KR_6676636080,420,-1,-51,0,4,-1,1,2,1,3,2,4,6,2,-1,1,2,1,1,0,0,4,-2,3,3,6,-1,0,0,-1,1,0,1,5,1
KR_6755085997,440,2,33,16,6,1,5,4,2,2,0,-1,0,1,2,4,2,2,3,1,0,7,9,-3,5,2,4,0,1,1,0,1,1,5,1
KR_6734595229,420,2,8,4,9,4,4,0,2,4,2,5,6,1,-1,2,3,-1,0,1,0,9,2,0,5,5,0,0,0,1,1,0,1,1,1
KR_6635975897,440,3,38,15,6,7,9,2,-2,4,6,5,5,0,-4,5,9,0,3,3,0,6,1,0,4,4,-2,0,0,-1,1,1,-1,1,1
KR_6729140494,420,4,34,-3,-5,0,2,2,-2,3,5,2,2,0,-3,0,3,-2,1,3,0,-9,7,0,3,3,-2,0,0,1,1,0,-1,3,1
KR_6630353972,420,0,-24,19,-1,5,5,0,0,2,2,-6,1,7,1,5,4,-1,0,1,-1,-9,-9,2,4,6,-1,0,2,-1,1,1,-1,2,1
KR_6366999922,440,2,32,13,6,6,6,0,-2,1,3,-1,5,6,2,9,7,1,3,2,2,3,0,0,0,0,-3,0,2,1,1,1,1,5,1
KR_6719289094,420,0,-2,-24,-1,-1,0,1,1,1,0,-1,5,6,1,4,3,-1,1,2,1,3,3,3,2,5,0,0,0,1,0,0,1,5,1
KR_6662170735,420,-1,-5,-5,0,-2,0,2,-5,2,7,2,3,1,5,6,1,0,1,1,-1,4,19,2,5,7,-21,0,0,-1,1,1,-1,3,1
KR_6707624642,420,0,29,-2,-1,0,1,1,-3,2,5,2,4,2,4,4,0,-4,0,4,0,-4,-8,1,1,2,-2,0,0,-1,1,0,1,2,1
KR_6673972975,420,5,86,38,14,4,5,1,0,1,1,3,6,3,2,6,4,5,6,1,0,8,3,1,0,1,0,0,3,1,1,1,1,1,1
KR_6759928267,440,9,97,36,13,0,2,2,9,12,3,-3,0,3,1,4,3,6,8,2,2,10,11,1,1,2,1,0,2,-1,0,1,1,1,1
KR_6689262964,440,-1,41,8,1,-1,0,1,-2,3,5,-1,2,3,4,8,4,1,1,0,-4,-7,5,3,1,4,0,0,1,1,1,1,-1,5,1
KR_6751226990,440,-1,42,1,-1,5,5,0,-2,1,3,-4,0,4,-1,1,2,1,2,1,0,-2,-1,0,7,7,1,0,1,-1,1,1,1,1,1
KR_6661652249,420,2,-9,-4,0,2,2,0,-2,1,3,0,5,5,-1,2,3,1,2,1,0,-8,1,0,1,1,-3,0,1,-1,1,1,-1,6,1
KR_6693130469,420,6,117,16,9,2,4,2,0,3,3,3,5,2,3,4,1,1,1,0,0,3,-255,3,1,4,-1,0,0,-1,1,1,-1,1,1
KR_6734404787,420,0,-46,4,1,-3,0,3,-2,0,2,2,2,0,3,5,2,1,3,2,-1,2,11,2,4,6,-4,0,1,-1,1,1,-1,3,1
KR_6633986673,420,1,41,16,5,0,2,2,1,3,2,1,1,0,4,6,2,-1,1,2,0,1,-99,-2,3,1,2,0,0,-1,1,1,1,4,1
KR_6759618101,420,1,12,39,0,6,6,0,3,6,3,-5,0,5,-3,3,6,-1,0,1,0,1,-6,-1,4,3,2,0,-1,1,0,-1,1,4,1
KR_6472986218,420,-5,-89,-8,-4,-3,0,3,-2,2,4,1,3,2,-1,1,2,1,2,1,0,-3,-1,2,4,6,1,0,0,0,0,0,-1,0,1
KR_6648548716,420,-5,-29,-16,-4,-1,0,1,-7,0,7,1,1,0,1,2,1,2,3,1,0,-10,360,-2,4,2,1,0,0,1,1,0,1,3,1
KR_6528273366,420,-2,75,-1,-5,-1,1,2,-1,2,3,0,1,1,-1,0,1,-2,0,2,0,-5,0,1,5,6,1,0,1,1,1,1,1,5,1
KR_6642145546,420,4,21,-25,10,0,1,1,4,7,3,3,4,1,2,3,1,1,1,0,0,12,-4,3,2,5,2,0,2,0,1,1,1,0,1
KR_6717717833,440,2,19,-32,9,2,6,4,0,2,2,3,3,0,6,9,3,-2,0,2,-1,16,16,2,1,3,-1,0,2,1,1,1,-1,2,1
KR_6737461092,440,2,-48,-17,2,-4,1,5,2,2,0,1,4,3,-1,4,5,4,5,1,0,4,-4,-5,9,4,0,0,0,-1,-1,1,-1,5,1
KR_6743465293,420,1,19,-11,-1,-5,0,5,2,5,3,1,2,1,0,3,3,1,1,0,0,9,1,-1,3,2,1,0,-1,1,-1,-1,1,6,1
KR_6746155180,420,0,60,4,0,1,2,1,2,3,1,-10,3,13,6,6,0,1,1,0,0,-2,-20,-1,5,4,3,0,2,-1,1,1,-1,6,1
KR_6637157220,420,0,-54,12,-1,0,0,0,7,7,0,-2,1,3,-5,1,6,-1,0,1,0,2,-10,-5,6,1,2,0,1,1,1,1,1,3,1
KR_6722717631,440,-1,10,4,-2,-5,0,5,2,4,2,-1,3,4,-2,1,3,4,5,1,2,4,-7,2,2,4,-3,0,0,-1,1,0,1,2,1
KR_6756948016,420,-3,62,-24,5,-3,1,4,-3,4,7,5,6,1,6,8,2,0,0,0,3,6,1,5,0,5,-1,0,0,1,1,1,1,1,1
KR_6764390425,420,1,10,-16,1,-1,2,3,0,4,4,1,2,1,1,4,3,0,0,0,0,0,7,-2,5,3,-7,0,1,-1,1,1,1,6,1
KR_6759274653,420,4,94,8,-2,1,4,3,0,4,4,0,1,1,-2,1,3,-1,2,3,0,-5,9,0,1,1,-1,0,2,-1,1,1,1,5,1
KR_6652177137,420,9,150,68,17,-1,0,1,-1,0,1,9,9,0,4,4,0,6,7,1,1,9,39,1,3,4,-26,0,1,1,1,1,1,5,1
KR_6760303129,440,0,25,1,2,0,1,1,3,3,0,-1,2,3,0,1,1,0,0,0,0,6,4,-1,4,3,-1,0,0,1,0,0,-1,5,1
KR_6483803502,420,1,89,-20,-4,2,2,0,-6,3,9,-4,1,5,4,6,2,0,0,0,0,0,-2,-3,4,1,3,0,3,1,-1,1,-1,4,1
KR_6759280864,420,6,106,33,16,2,5,3,0,0,0,5,5,0,4,5,1,5,5,0,0,11,6,-2,6,4,4,0,3,1,0,1,1,6,1
KR_6751654759,420,2,86,-16,12,5,6,1,0,2,2,5,6,1,2,3,1,0,1,1,0,5,3,4,0,4,2,0,2,1,0,1,-1,3,1
KR_6642731525,420,1,65,-20,-2,-1,0,1,0,2,2,-1,1,2,-1,1,2,1,2,1,-1,-5,5,1,4,5,2,0,1,1,1,1,-1,4,1
KR_6723414493,420,-1,51,18,-3,-3,0,3,-2,1,3,1,10,9,1,2,1,0,0,0,0,-5,-4,-1,3,2,2,0,0,0,1,1,1,0,1
KR_6758600710,420,1,-65,7,7,0,1,1,4,4,0,2,2,0,1,4,3,0,3,3,0,5,-52,-1,5,4,1,0,-1,-1,-1,-1,1,1,1
KR_6592083034,420,0,31,-16,3,-3,1,4,-4,2,6,3,4,1,4,5,1,3,3,0,0,3,-15,-5,7,2,7,0,-1,1,0,1,-1,4,1
KR_6514297845,440,4,76,4,6,0,4,4,0,2,2,3,3,0,3,5,2,0,2,2,0,8,-260,-6,8,2,1,0,0,-1,0,0,-1,2,1
KR_6756199459,420,-2,50,-6,-5,1,2,1,-5,2,7,1,4,3,0,6,6,-2,0,2,0,-11,12,5,2,7,-3,0,1,-1,1,1,1,5,1
KR_6631496805,420,3,13,22,4,2,5,3,-1,0,1,-3,2,5,4,6,2,2,3,1,1,3,1,0,6,6,3,0,2,1,-1,1,1,4,1
KR_6715830537,440,2,-8,21,11,-1,0,1,7,11,4,4,5,1,1,2,1,0,3,3,0,2,101,1,1,2,-1,0,1,-1,1,1,1,1,1
KR_6632267464,420,1,0,24,3,1,1,0,-1,3,4,-1,0,1,1,3,2,3,4,1,0,3,10,2,4,6,3,0,1,1,0,1,1,5,1
KR_6670600297,420,-2,-54,-36,-2,-1,4,5,-3,2,5,5,6,1,-2,2,4,-1,0,1,0,2,3,-3,5,2,-2,0,-2,0,0,-1,1,0,1
KR_6722512020,440,-4,-15,15,-2,-2,0,2,10,12,2,-1,0,1,-5,0,5,-4,0,4,0,-3,-30,2,3,5,-1,0,-1,-1,1,1,1,3,1
KR_6662731586,420,3,-28,20,5,-7,0,7,0,1,1,0,3,3,6,8,2,6,7,1,-2,9,10,2,5,7,-4,0,0,1,1,0,-1,6,1
KR_6737400148,420,1,58,5,11,1,3,2,2,3,1,4,5,1,3,5,2,1,3,2,1,9,-6,3,2,5,0,0,0,0,0,-1,1,0,1
KR_6639311573,420,3,66,32,2,1,2,1,1,3,2,7,8,1,-6,0,6,-1,1,2,0,-10,20,-1,6,5,-1,0,0,-1,0,0,-1,3,1
KR_6756009552,420,5,30,7,7,-1,2,3,-1,2,3,5,8,3,5,5,0,-1,1,2,1,7,6,4,0,4,-1,0,1,1,1,1,1,6,1
KR_6615768450,420,0,-95,-16,-1,3,3,0,-2,1,3,-1,2,3,-1,2,3,0,0,0,0,-8,271,-3,4,1,1,0,1,0,0,1,-1,0,1
KR_6745580569,420,3,57,16,4,2,3,1,3,3,0,1,3,2,3,5,2,-5,3,8,0,-1,4,3,0,3,0,0,2,1,0,1,-1,6,1
KR_6726798529,420,1,32,16,1,-3,1,4,0,0,0,0,2,2,5,5,0,-1,0,1,0,3,7,2,4,6,1,0,-1,0,1,-1,1,0,1
KR_6761414813,420,0,19,-24,-4,-3,1,4,0,1,1,1,3,2,-2,2,4,0,0,0,0,-3,3,1,3,4,2,0,-1,-1,-1,-1,1,5,1
KR_6760399135,420,4,33,16,12,0,2,2,-1,3,4,9,11,2,-1,1,2,5,5,0,2,10,1,2,0,2,1,0,1,0,1,1,1,0,1
KR_6621275417,440,5,40,-11,14,0,2,2,-3,0,3,9,9,0,6,7,1,2,3,1,0,5,119,7,2,9,-2,0,1,-1,1,1,-1,6,1
KR_6753862200,440,0,46,9,0,1,2,1,-3,2,5,1,4,3,-1,1,2,2,4,2,0,2,320,-1,2,1,-2,0,1,1,1,1,-1,2,1
KR_6683040823,440,1,-32,13,6,-1,1,2,3,3,0,1,4,3,6,8,2,-3,0,3,0,8,0,2,0,2,1,0,1,1,0,1,1,1,1
KR_6760991958,440,0,22,-16,-3,2,2,0,1,1,0,2,4,2,-3,2,5,-5,0,5,0,-2,3,0,3,3,2,0,0,0,0,0,-1,0,1
KR_6642832397,420,0,-10,-17,-1,-1,6,7,2,3,1,1,2,1,-1,1,2,-2,0,2,-1,0,32,4,1,5,1,0,0,1,0,-1,-1,3,1
KR_6753396131,420,0,41,-8,2,0,2,2,0,4,4,-2,0,2,4,6,2,0,0,0,-1,-2,2,2,4,6,-2,0,-1,1,0,-1,-1,3,1
KR_6711170338,420,2,3,23,10,8,9,1,2,5,3,-2,2,4,-2,6,8,4,4,0,-2,6,-10,-3,3,0,-2,0,1,1,-1,1,-1,5,1
KR_6758817556,420,0,48,0,-3,1,2,1,1,3,2,-1,6,7,-4,1,5,0,1,1,-1,-11,-20,-2,4,2,3,0,1,-1,1,1,-1,3,1
KR_6630615493,420,-3,-51,-16,-6,1,2,1,1,2,1,-2,3,5,-6,1,7,0,0,0,0,-7,1,-2,4,2,-2,0,0,-1,1,0,-1,2,1
KR_6411307540,420,0,-56,-35,0,2,4,2,5,7,2,-2,2,4,-4,1,5,-1,2,3,0,-3,16,3,3,6,0,0,1,1,-1,1,1,1,1
KR_6692415569,420,2,39,12,7,4,4,0,1,3,2,-2,1,3,1,2,1,3,3,0,0,4,332,-3,6,3,2,0,0,1,1,0,1,5,1
KR_6704037586,420,0,12,-21,8,1,3,2,2,5,3,1,2,1,3,3,0,1,5,4,2,8,11,4,0,4,-1,0,-2,1,0,-1,1,2,1
KR_6762284120,420,5,-21,76,-6,-5,3,8,1,1,0,1,2,1,-5,0,5,2,2,0,0,-4,-2,2,1,3,-1,0,-1,0,1,-1,1,0,1
KR_6736976209,420,4,69,47,5,0,4,4,1,2,1,5,7,2,0,2,2,-1,0,1,0,-3,3,-1,4,3,1,0,1,0,-1,1,-1,0,1
KR_6689388580,440,2,4,8,0,3,4,1,-1,2,3,2,4,2,-7,0,7,3,6,3,0,-9,-190,5,1,6,-2,0,0,-1,0,0,-1,2,1
KR_6684344537,420,3,29,20,4,-3,0,3,6,6,0,0,1,1,0,3,3,1,1,0,0,1,394,0,3,3,0,0,-1,1,1,1,1,2,1
KR_6749594220,420,0,34,-14,4,-2,2,4,1,3,2,3,5,2,3,4,1,-1,1,2,1,5,-336,4,0,4,1,0,0,-1,1,0,1,1,1
KR_6630122077,420,-2,-37,9,-3,-1,1,2,-2,3,5,-6,0,6,5,7,2,1,2,1,0,-1,-197,-6,6,0,2,0,0,0,-1,1,1,0,1
KR_6752207591,440,1,56,-16,-2,0,1,1,2,3,1,0,3,3,-5,4,9,1,2,1,0,1,303,-1,3,2,1,0,0,0,-1,0,1,0,1
KR_6503746066,420,5,119,24,16,2,4,2,5,5,0,2,3,1,6,7,1,1,1,0,1,18,30,-1,3,2,-7,0,2,0,1,1,1,0,1
KR_6723058592,420,0,-5,-20,-2,4,4,0,-3,2,5,-1,2,3,1,2,1,-3,2,5,0,0,7,6,0,6,0,0,0,-1,1,1,-1,6,1
KR_6708723344,420,5,-24,96,1,1,1,0,2,2,0,0,1,1,-2,3,5,0,2,2,1,2,2,4,1,5,1,0,0,1,1,0,1,3,1
KR_6763035020,420,2,0,11,-3,-1,0,1,1,4,3,-2,0,2,-1,1,2,0,1,1,0,-5,9,2,2,4,4,0,-1,-1,-1,-1,-1,1,1
KR_6759667528,440,-3,-81,0,-5,-1,2,3,-5,2,7,-3,1,4,1,6,5,3,3,0,-1,1,58,4,1,5,-3,0,-1,-1,1,-1,-1,1,1
KR_6671366829,420,0,17,-8,3,3,3,0,1,4,3,1,2,1,-1,0,1,-1,0,1,0,2,-8,4,3,7,2,0,-1,1,-1,-1,1,6,1
KR_6752312882,420,1,40,2,7,10,10,0,1,3,2,-3,0,3,-3,0,3,2,3,1,-1,5,2,-3,5,2,2,0,1,-1,1,-1,-1,3,1
KR_6693472258,420,0,41,6,5,0,4,4,-4,1,5,1,1,0,10,12,2,-2,2,4,0,3,-43,2,4,6,14,0,2,1,0,1,1,1,1
KR_6717974576,440,4,58,0,7,4,5,1,-3,1,4,1,2,1,6,7,1,-1,0,1,0,2,-2,1,2,3,3,0,3,1,1,1,1,6,1
KR_6702623638,420,-6,-38,-8,-5,-6,2,8,4,4,0,-4,1,5,1,5,4,0,1,1,-1,7,9,3,0,3,0,0,-2,-1,-1,-1,-1,6,1
KR_6660898863,420,3,29,7,9,0,1,1,2,2,0,1,4,3,4,4,0,2,3,1,0,19,0,1,2,3,2,0,1,1,1,1,1,4,1
KR_6761122102,420,3,15,0,8,5,5,0,0,5,5,10,10,0,-7,2,9,0,2,2,1,-2,-8,-4,5,1,2,0,2,-1,1,1,1,5,1
KR_6762518294,440,1,-24,8,0,-1,1,2,-5,0,5,-2,2,4,6,7,1,2,3,1,0,4,0,-2,4,2,-4,0,0,0,1,1,-1,0,1
KR_6714121894,420,2,67,7,5,1,4,3,-2,2,4,-1,1,2,6,6,0,1,2,1,0,5,2,3,0,3,-1,0,0,1,0,1,1,4,1
KR_6758053722,420,2,-50,5,6,4,6,2,3,3,0,-4,0,4,3,5,2,0,0,0,0,4,2,-3,4,1,2,0,0,1,0,0,1,4,1
KR_6611521700,420,-4,-2,-36,-3,0,1,1,2,5,3,-5,1,6,-1,0,1,1,1,0,0,-1,366,0,2,2,-3,0,-2,-1,-1,-1,-1,3,1
KR_6725907318,420,5,71,-12,16,4,6,2,10,10,0,6,7,1,-2,1,3,-2,0,2,0,14,1,0,3,3,3,0,1,1,-1,1,1,6,1
KR_6720372604,420,2,38,-32,4,4,4,0,-1,0,1,-4,1,5,4,5,1,1,1,0,0,4,319,-3,3,0,0,0,1,-1,-1,1,1,5,1
KR_6739756790,420,1,63,20,-3,-3,1,4,1,1,0,-1,0,1,-3,3,6,3,3,0,0,-1,38,-2,4,2,2,0,0,-1,1,1,-1,1,1
KR_6683736379,440,0,42,2,-1,-2,0,2,1,1,0,0,0,0,0,1,1,0,1,1,1,3,59,0,4,4,1,0,1,-1,1,1,1,4,1
KR_6666279918,420,1,52,16,4,3,3,0,1,3,2,1,1,0,-3,2,5,2,3,1,0,6,27,1,3,4,-4,0,0,1,1,-1,-1,3,1
KR_6726621122,420,0,8,17,0,-2,0,2,-1,2,3,4,4,0,-2,3,5,1,2,1,1,4,1,0,2,2,0,0,-1,1,-1,-1,1,1,1
KR_6728599097,420,3,11,-16,4,-1,3,4,-1,1,2,-3,3,6,6,7,1,3,3,0,0,6,174,-1,1,0,4,0,0,-1,1,1,-1,5,1
KR_6649532922,440,1,29,18,14,1,1,0,1,1,0,7,7,0,5,6,1,0,1,1,1,17,50,4,2,6,1,0,1,-1,1,1,1,5,1
KR_6545456828,420,-2,-22,12,0,-1,0,1,2,6,4,1,4,3,4,8,4,-6,0,6,0,-2,9,6,1,7,-4,0,0,1,1,-1,1,3,1
KR_6759890477,420,3,50,-8,11,1,4,3,0,1,1,6,6,0,3,4,1,1,2,1,0,6,13,2,1,3,0,0,2,1,1,1,1,4,1
KR_6653414315,420,2,46,0,3,-2,2,4,2,3,1,0,1,1,4,5,1,-1,1,2,0,2,48,1,1,2,-10,0,1,-1,0,1,-1,2,1
KR_6609119674,440,2,32,-9,8,0,0,0,5,7,2,2,4,2,1,4,3,0,3,3,0,9,-7,5,1,6,-2,0,0,1,0,1,1,6,1
KR_6637881095,420,4,158,32,7,2,2,0,0,1,1,2,3,1,0,2,2,3,5,2,1,5,259,0,1,1,1,0,0,1,1,1,1,1,1
KR_6083956895,440,-1,0,-22,-2,-3,0,3,-4,0,4,-1,0,1,4,4,0,2,2,0,0,5,12,1,3,4,-5,0,0,1,-1,-1,-1,4,1
KR_6624576969,420,4,46,7,2,-3,2,5,1,5,4,2,3,1,1,4,3,1,3,2,0,5,96,4,2,6,3,0,2,1,-1,1,-1,4,1
KR_6724044134,420,-2,-11,-27,-9,-4,0,4,0,1,1,-1,3,4,-2,2,4,-2,2,4,-1,-4,-163,1,2,3,1,0,0,-1,-1,0,-1,1,1
KR_6627140841,420,2,141,8,6,0,2,2,2,2,0,-1,1,2,2,3,1,3,3,0,1,6,39,2,2,4,-36,0,3,1,1,1,1,2,1
KR_6642693023,420,2,-14,-8,0,3,3,0,0,4,4,1,1,0,-1,0,1,-3,0,3,0,-4,-5,-1,2,1,0,0,0,-1,1,0,1,3,1
KR_6671276533,420,5,45,-7,6,2,2,0,2,4,2,0,3,3,0,1,1,2,3,1,0,8,2,3,3,6,0,0,1,1,-1,1,1,3,1
KR_6733285809,420,3,-9,32,4,5,6,1,1,1,0,2,5,3,-3,0,3,-1,0,1,0,-2,-12,1,2,3,-1,0,1,1,0,1,1,2,1
KR_6644134943,420,5,139,-23,8,0,1,1,4,4,0,0,0,0,2,4,2,2,2,0,0,11,3,0,5,5,2,0,0,-1,-1,0,1,3,1
KR_6756725914,440,2,-18,35,8,0,3,3,7,7,0,2,2,0,6,7,1,-7,1,8,0,9,-120,0,1,1,1,0,1,1,1,1,1,6,1
KR_6616889745,420,-1,2,8,-2,-1,3,4,-1,1,2,1,2,1,-1,5,6,0,2,2,0,-4,2,1,3,4,1,0,1,1,1,1,-1,1,1
KR_6691071564,440,5,53,30,8,2,3,1,-3,0,3,2,3,1,8,8,0,-1,0,1,0,3,4,2,4,6,0,0,1,1,1,1,-1,4,1
KR_6724724253,420,0,12,-12,3,1,2,1,4,4,0,-1,1,2,1,3,2,-2,0,2,0,1,0,-2,4,2,1,0,0,1,-1,0,-1,4,1
KR_6596210279,420,1,48,20,2,-1,1,2,-2,0,2,0,0,0,4,8,4,1,1,0,0,2,3,-3,4,1,1,0,2,1,1,1,1,5,1
KR_6753350394,440,0,-64,-26,11,1,1,0,7,8,1,3,4,1,0,3,3,0,0,0,0,6,6,-1,5,4,0,0,-1,1,-1,-1,1,4,1
KR_6715612921,440,-1,-1,-12,13,7,7,0,0,3,3,2,4,2,5,5,0,-1,2,3,3,5,6,0,9,9,-1,0,0,0,1,0,1,0,1
KR_6739602086,440,0,-42,12,6,2,3,1,1,2,1,-2,0,2,4,7,3,1,2,1,0,9,-92,-1,1,0,-1,0,0,1,1,0,1,5,1
KR_6709294496,420,5,-3,36,9,-1,2,3,3,3,0,6,6,0,0,1,1,1,1,0,0,11,7,0,3,3,1,0,0,1,1,1,-1,3,1
KR_6422157540,420,-1,17,3,2,1,2,1,2,3,1,1,4,3,0,1,1,-2,0,2,0,0,0,1,4,5,-3,0,0,-1,1,0,1,2,1
KR_6702596445,420,6,12,34,6,4,5,1,2,4,2,-3,3,6,2,3,1,1,2,1,0,3,38,-1,5,4,2,0,0,0,1,1,1,0,1
KR_6713285316,440,0,26,2,2,4,4,0,1,5,4,-3,0,3,-1,0,1,1,1,0,0,-5,0,-6,7,1,1,0,2,-1,1,1,-1,2,1
KR_6640233587,420,1,79,9,-1,2,2,0,-1,0,1,0,3,3,-2,0,2,0,0,0,0,-4,3,-1,3,2,4,0,1,1,1,1,-1,1,1
KR_6662246268,420,0,58,5,0,3,5,2,-2,2,4,0,3,3,-2,6,8,1,1,0,0,0,9,-2,4,2,-3,0,-1,0,-1,-1,1,0,1
KR_6461708502,420,1,18,12,-3,3,3,0,-2,1,3,-3,0,3,-1,2,3,0,1,1,1,-4,4,2,2,4,2,0,0,-1,0,0,1,1,1
KR_6608391414,420,3,-28,-31,6,-1,1,2,-1,4,5,8,9,1,0,3,3,0,0,0,-1,8,-5,-2,6,4,2,0,1,0,1,1,-1,0,1
KR_6760643904,420,1,71,-20,8,5,5,0,-1,2,3,3,4,1,5,6,1,-4,0,4,0,9,-11,3,3,6,1,0,3,1,0,1,1,4,1
KR_6204602356,420,4,-8,-28,15,4,4,0,2,2,0,7,7,0,2,6,4,0,2,2,2,28,3,6,1,7,0,0,1,1,1,1,1,4,1
KR_6695770675,420,3,36,4,1,-1,3,4,5,7,2,2,2,0,-2,2,4,-3,2,5,0,4,-5,0,3,3,1,0,-1,-1,-1,-1,-1,4,1
KR_6601563233,420,-1,35,4,5,0,1,1,0,3,3,1,1,0,4,4,0,0,0,0,0,9,-1,2,1,3,0,0,0,1,0,0,1,3,1
KR_6730742079,420,2,-11,20,4,1,2,1,2,3,1,4,5,1,-1,1,2,-2,0,2,0,1,6,4,2,6,0,0,-1,-1,-1,-1,1,1,1
KR_6744266600,420,2,20,60,1,0,1,1,0,3,3,0,2,2,0,2,2,1,1,0,1,4,44,0,3,3,-27,0,1,1,-1,1,1,1,1
KR_6725734008,420,2,-26,28,10,1,3,2,3,4,1,3,3,0,5,10,5,-2,1,3,0,6,6,7,2,9,-1,0,1,1,0,1,-1,6,1
KR_6604491779,420,-3,-49,20,4,2,5,3,3,3,0,-2,0,2,-1,1,2,2,2,0,0,-1,9,1,3,4,2,0,1,0,0,1,1,0,1
KR_6725811505,420,-1,12,-41,3,3,3,0,0,2,2,-2,0,2,1,3,2,1,1,0,-1,0,12,-1,6,5,0,0,0,-1,1,0,-1,4,1
KR_6758354672,420,1,-14,3,6,1,3,2,2,2,0,3,5,2,0,1,1,0,1,1,0,5,-104,-1,2,1,1,0,1,-1,0,1,1,6,1
KR_6685502799,440,2,44,-8,4,1,1,0,-3,0,3,-1,1,2,5,5,0,2,2,0,0,4,-26,3,2,5,33,0,-1,1,-1,1,1,3,1
KR_6729343686,420,2,30,-44,1,-1,3,4,-1,2,3,3,4,1,0,2,2,0,2,2,0,0,-3,1,4,5,-1,0,0,0,0,1,-1,0,1
KR_6723714459,420,3,54,9,7,1,1,0,3,5,2,2,4,2,-1,1,2,2,2,0,0,2,252,0,2,2,3,0,2,1,1,1,1,6,1
KR_6738182916,420,1,77,15,3,2,3,1,-1,3,4,-1,1,2,3,3,0,0,0,0,0,-1,5,8,1,9,-1,0,1,1,1,1,1,1,1
KR_6743974802,420,-1,-43,36,1,4,4,0,-1,2,3,1,2,1,-4,0,4,1,1,0,0,1,237,-4,6,2,-1,0,0,0,1,0,1,0,1
KR_6660556801,420,3,-18,40,7,0,2,2,-2,1,3,3,6,3,2,3,1,4,4,0,0,10,-281,7,2,9,2,0,1,1,1,1,1,4,1
KR_6745760410,420,-1,-35,-16,5,4,4,0,0,3,3,3,5,2,0,4,4,-2,0,2,4,21,4,12,2,14,-6,0,2,-1,1,1,1,2,1
KR_6616846696,420,4,31,9,12,0,0,0,2,4,2,2,2,0,6,6,0,2,4,2,0,10,-181,3,1,4,5,0,1,1,1,1,1,4,1
KR_6739169979,420,-1,28,-4,-5,0,1,1,-7,4,11,3,4,1,-1,3,4,0,1,1,0,-11,-1,3,1,4,-2,0,0,-1,1,-1,1,6,1
KR_6638254799,420,2,-20,8,4,1,2,1,2,3,1,5,6,1,-3,2,5,-1,0,1,0,-1,3,0,5,5,-7,0,1,-1,1,1,1,6,1
KR_6611481092,420,-1,-23,0,0,2,2,0,2,4,2,-4,4,8,-2,0,2,2,2,0,0,3,129,3,1,4,0,0,0,1,0,0,-1,6,1
KR_6747462451,420,-2,-18,16,-5,-2,0,2,2,5,3,-1,1,2,-4,2,6,0,1,1,0,-6,149,-2,5,3,-2,0,2,-1,1,1,-1,4,1
KR_6658967340,420,1,22,-4,5,-7,1,8,4,6,2,5,6,1,4,4,0,-1,0,1,0,9,31,2,1,3,0,0,0,-1,1,1,1,4,1
KR_6631589973,420,1,6,22,10,-1,1,2,-2,0,2,7,7,0,4,5,1,2,2,0,0,10,-17,2,3,5,14,0,0,1,1,0,1,4,1
KR_6655546468,420,1,43,-18,2,2,5,3,-4,1,5,2,4,2,1,3,2,1,1,0,0,0,-33,1,4,5,9,0,0,-1,1,-1,1,6,1
KR_6671988584,420,0,-9,-22,7,0,3,3,2,2,0,-2,1,3,6,6,0,1,1,0,1,11,-13,-1,3,2,0,0,0,0,1,-1,1,0,1
KR_6637954775,420,4,49,12,2,-1,1,2,0,2,2,1,3,2,0,4,4,2,2,0,0,-4,2,2,2,4,1,0,1,-1,1,1,1,2,1
KR_6585705518,420,-6,-21,-25,-9,1,1,0,-7,1,8,2,4,2,1,4,3,-6,1,7,0,-6,-15,1,0,1,-2,0,-1,-1,0,1,1,3,1
KR_6662526148,420,3,-31,32,1,-1,1,2,-1,2,3,1,3,2,3,3,0,-1,1,2,0,-2,-180,6,1,7,2,0,2,1,1,1,-1,4,1
KR_6729655524,420,-2,-26,1,-2,-1,0,1,1,2,1,-1,3,4,-3,1,4,2,2,0,0,-3,-4,2,3,5,-2,0,0,1,0,0,1,3,1
KR_5754755184,420,6,68,20,14,3,3,0,4,6,2,3,3,0,2,2,0,2,4,2,1,14,-8,2,3,5,3,0,1,1,1,1,1,4,1
KR_6758349884,420,5,39,18,9,-2,1,3,3,5,2,1,1,0,5,5,0,2,5,3,0,9,10,-1,3,2,4,0,0,-1,1,0,1,1,1
KR_6708906887,440,1,3,32,10,4,4,0,0,1,1,-4,2,6,5,5,0,5,6,1,1,9,-2,1,2,3,5,0,0,0,1,1,1,0,1
KR_6684239011,420,5,157,8,14,5,5,0,-1,3,4,1,2,1,4,5,1,5,5,0,2,7,-38,-2,4,2,13,0,1,1,1,1,1,2,1
KR_6741283437,440,3,130,20,8,-3,3,6,7,8,1,1,1,0,-3,2,5,6,6,0,0,4,2,1,1,2,-2,0,2,1,1,1,1,5,1
KR_6623803398,420,5,70,8,9,7,7,0,-2,4,6,4,4,0,1,6,5,-1,2,3,-3,-6,10,-1,4,3,0,0,4,1,1,1,-1,2,1
KR_6732881668,440,4,21,8,15,-1,0,1,3,4,1,4,4,0,8,8,0,1,1,0,0,14,12,1,2,3,-1,0,1,1,1,1,1,3,1
KR_6737828415,420,3,-73,12,7,-1,1,2,0,4,4,0,1,1,6,6,0,2,2,0,0,9,-20,1,3,4,4,0,0,1,1,0,-1,1,1
KR_6731330053,420,1,77,12,6,1,2,1,1,4,3,3,4,1,0,3,3,1,1,0,0,5,-197,4,1,5,0,0,2,1,1,1,1,3,1
KR_6750806984,440,-3,-22,-36,-8,6,7,1,-2,1,3,3,3,0,-13,0,13,-2,0,2,0,-12,-5,-2,6,4,1,0,1,-1,0,-1,1,4,1
KR_6624656936,420,3,42,12,12,1,4,3,0,0,0,6,8,2,4,5,1,1,1,0,0,3,24,0,3,3,1,0,1,1,1,1,1,1,1
KR_6677393078,420,1,-2,4,12,-1,0,1,1,1,0,9,9,0,3,5,2,0,0,0,0,5,-11,3,0,3,-1,0,0,1,-1,0,1,3,1
KR_6751648754,420,0,-18,-12,2,5,5,0,-2,1,3,-4,1,5,1,2,1,2,2,0,0,2,22,4,0,4,-2,0,0,1,0,0,-1,6,1
KR_6720288907,420,3,54,51,5,5,5,0,2,4,2,2,4,2,-3,2,5,-1,2,3,0,-2,4,0,2,2,0,0,2,-1,1,1,1,5,1
KR_6562031173,420,5,18,12,18,1,2,1,3,3,0,7,8,1,6,6,0,1,2,1,1,22,-5,0,3,3,3,0,1,-1,-1,1,1,2,1
KR_6607013099,440,4,1,4,6,-5,0,5,3,3,0,5,5,0,2,8,6,1,1,0,0,12,6,1,0,1,1,0,-1,1,1,1,1,6,1
KR_6636048412,440,3,12,-20,2,-2,4,6,1,2,1,1,2,1,1,3,2,1,3,2,0,2,-217,0,4,4,3,0,0,0,0,0,1,0,1
KR_6683742455,420,7,67,58,10,4,5,1,4,7,3,0,3,3,1,2,1,1,2,1,0,5,26,-4,4,0,5,0,1,1,1,1,1,2,1
KR_6633814479,420,-3,34,8,-7,0,2,2,-1,1,2,-1,1,2,1,5,4,-6,0,6,0,0,-214,1,1,2,0,0,1,0,1,1,-1,0,1
KR_6745532980,420,3,-51,-15,10,9,10,1,-1,3,4,3,4,1,-1,1,2,0,0,0,0,12,7,1,2,3,2,0,1,1,1,1,-1,4,1
KR_6741089427,420,-2,-26,-5,4,1,4,3,9,12,3,-2,1,3,-2,1,3,-2,0,2,1,6,-10,-1,4,3,5,0,1,1,1,-1,1,1,1
KR_6750784948,440,5,34,8,12,4,5,1,0,2,2,1,2,1,8,9,1,-1,1,2,-1,5,9,4,1,5,-1,0,-1,-1,-1,-1,-1,5,1
KR_6669594693,420,0,-38,28,4,1,2,1,2,5,3,4,4,0,-4,2,6,1,1,0,0,1,6,4,4,8,-2,0,-1,-1,1,-1,1,1,1
KR_6241831871,420,5,97,20,14,2,5,3,-2,0,2,10,11,1,1,2,1,3,5,2,3,10,4,4,1,5,0,0,3,0,1,1,1,0,1
KR_6746691656,420,3,30,10,-2,-2,1,3,-8,0,8,-4,2,6,11,13,2,1,1,0,0,-3,-376,-6,6,0,3,0,1,-1,1,1,-1,1,1
KR_6690777789,420,4,28,32,6,2,2,0,3,3,0,-3,0,3,1,3,2,3,3,0,0,6,10,-1,3,2,-2,0,1,1,-1,1,1,4,1
KR_6523881113,420,4,128,7,4,-2,1,3,1,4,3,1,3,2,0,1,1,4,5,1,0,8,3,4,0,4,3,0,1,1,-1,1,-1,1,1
KR_6737626937,420,4,-15,4,4,0,1,1,0,2,2,-1,3,4,1,1,0,4,4,0,-2,10,2,-3,5,2,5,0,0,1,0,-1,-1,3,1
KR_6683793267,420,5,43,24,6,3,3,0,-2,2,4,8,8,0,-4,6,10,1,2,1,0,-4,-417,2,0,2,0,0,-1,-1,1,1,-1,5,1
KR_6725517646,420,1,20,8,11,4,5,1,-2,0,2,9,10,1,1,2,1,-1,0,1,1,14,-6,-6,9,3,1,0,1,-1,1,1,1,2,1
KR_6642704661,420,2,61,0,4,2,4,2,4,5,1,-1,1,2,3,3,0,-4,1,5,0,1,3,3,2,5,0,0,-1,-1,1,-1,-1,3,1
KR_6635311756,420,0,-67,32,0,-3,2,5,1,2,1,0,4,4,2,3,1,0,0,0,0,4,1,2,1,3,-2,0,-1,1,0,-1,-1,3,1
KR_6735706626,420,3,66,12,3,2,2,0,2,4,2,-1,6,7,0,3,3,0,4,4,-1,11,-19,3,0,3,4,0,2,1,1,1,-1,1,1
KR_6725970771,420,-2,-69,0,-5,1,1,0,-3,0,3,1,4,3,-5,0,5,1,2,1,0,-8,-5,-3,3,0,2,0,-1,1,1,-1,1,3,1
KR_6763465044,420,4,44,40,12,6,8,2,-2,1,3,3,3,0,2,5,3,3,3,0,-1,1,-13,-1,1,0,2,0,3,-1,1,1,-1,2,1
KR_6760913552,420,4,14,32,6,1,2,1,-2,0,2,1,1,0,3,4,1,3,4,1,0,4,1,1,1,2,-1,0,0,1,0,0,1,6,1
KR_6621122313,440,4,25,9,3,2,2,0,1,4,3,-1,2,3,-3,2,5,4,4,0,0,6,6,0,3,3,4,0,0,1,0,0,1,3,1
KR_6761152219,420,2,45,-4,4,0,1,1,-2,1,3,-1,1,2,6,8,2,1,1,0,0,1,-4,-6,8,2,1,0,0,1,1,0,1,3,1
KR_6629221319,420,1,-35,-7,6,4,5,1,0,1,1,2,4,2,-1,4,5,1,2,1,-1,-2,-9,-1,2,1,2,0,0,0,0,0,-1,0,1
KR_6748520990,440,4,41,28,8,2,4,2,-1,1,2,4,5,1,2,3,1,1,1,0,-1,0,56,1,5,6,3,0,1,0,-1,1,-1,0,1
KR_6642894663,420,6,-18,12,11,1,2,1,3,4,1,0,1,1,4,6,2,3,3,0,1,11,-10,-1,1,0,0,0,1,1,1,1,1,4,1
KR_6751165801,420,2,70,25,2,-3,0,3,0,2,2,5,8,3,1,1,0,-1,0,1,0,-3,6,3,0,3,-2,0,1,-1,0,1,1,6,1
KR_6630651197,420,3,51,-23,16,3,5,2,6,6,0,2,3,1,2,4,2,3,3,0,0,10,284,0,3,3,3,0,2,1,-1,1,1,5,1
KR_6078522333,420,0,13,16,1,1,2,1,-1,0,1,1,2,1,1,4,3,-1,1,2,0,2,7,0,3,3,0,0,0,0,0,0,1,0,1
KR_6701618058,420,1,-8,25,-3,2,2,0,-3,2,5,-2,1,3,0,2,2,0,0,0,0,-12,-25,-1,7,6,1,0,1,-1,1,1,-1,6,1
KR_6743388870,420,6,100,36,4,3,4,1,3,4,1,-3,0,3,3,6,3,-2,1,3,0,0,206,-3,5,2,5,0,-1,-1,-1,1,1,2,1
KR_6750660899,440,3,19,-4,10,3,4,1,3,3,0,2,4,2,1,1,0,1,1,0,0,7,9,-2,4,2,3,0,0,-1,1,0,1,6,1
KR_6650442304,440,1,21,36,-1,2,2,0,-1,1,2,-1,2,3,-1,1,2,0,1,1,0,-2,24,-2,4,2,-1,0,0,1,1,1,1,1,1
KR_6724410851,420,8,80,26,16,6,6,0,0,1,1,4,4,0,5,5,0,1,6,5,1,14,-6,-5,6,1,2,0,2,1,-1,1,1,5,1
KR_6608114525,420,5,58,16,7,-4,0,4,0,4,4,1,2,1,10,12,2,0,0,0,0,8,2,1,3,4,5,0,1,1,1,1,-1,1,1
KR_6763422162,420,-3,10,-10,-12,1,1,0,-2,1,3,-2,1,3,-7,1,8,-2,1,3,0,-16,-10,1,3,4,-1,0,-1,-1,-1,-1,-1,2,1
KR_6758482936,420,4,49,-31,18,1,1,0,-2,0,2,8,8,0,9,9,0,2,2,0,0,9,26,2,1,3,-1,0,1,0,-1,1,1,0,1
KR_6749894842,440,-1,-41,-36,-3,-1,2,3,-1,2,3,-1,2,3,3,5,2,-3,1,4,-1,2,3,-1,1,0,-1,0,0,-1,-1,0,-1,6,1
KR_6718938977,440,-1,-26,4,-8,-5,2,7,-4,1,5,-3,2,5,3,3,0,1,2,1,0,-11,-4,0,2,2,0,0,1,-1,0,1,-1,3,1
KR_6731543624,420,2,29,16,5,-3,0,3,0,2,2,5,7,2,2,2,0,1,1,0,0,5,-31,0,3,3,24,0,1,1,1,1,-1,2,1
KR_6764356491,420,4,28,40,8,-1,0,1,3,4,1,3,4,1,-2,4,6,5,5,0,0,1,-136,-4,5,1,7,0,1,0,0,1,1,0,1
KR_6695976122,440,-3,-69,36,-7,-1,2,3,0,1,1,-2,1,3,-3,1,4,-1,0,1,0,-6,-22,-2,2,0,1,0,0,-1,-1,-1,1,5,1
KR_6749460815,420,-1,-20,-8,-4,-1,1,2,-1,2,3,1,5,4,-1,2,3,-2,0,2,0,-3,-5,0,3,3,-2,0,0,1,0,0,-1,4,1
KR_6760664134,420,1,-17,7,0,0,3,3,1,6,5,0,2,2,2,2,0,-3,0,3,0,2,-4,3,1,4,3,0,0,1,0,0,1,4,1
KR_6674038184,420,4,28,36,5,-2,0,2,2,3,1,6,7,1,-1,1,2,0,2,2,0,3,-1,1,1,2,-1,0,1,1,1,1,-1,3,1
KR_6706303467,420,3,34,16,1,8,9,1,-2,1,3,0,1,1,-5,0,5,0,0,0,0,-7,-21,-3,4,1,1,0,2,1,-1,1,1,5,1
KR_6375858571,420,2,-9,16,4,4,5,1,0,2,2,-3,2,5,2,2,0,1,1,0,-1,5,0,0,0,0,-1,0,0,1,0,1,-1,1,1
KR_6606843087,420,4,26,36,11,7,7,0,4,4,0,-1,5,6,-1,2,3,2,4,2,0,12,5,-3,5,2,0,0,-1,-1,1,1,-1,3,1
KR_6628922188,420,0,-25,-8,8,-1,2,3,3,4,1,1,2,1,3,3,0,2,2,0,0,10,-25,-3,4,1,2,0,0,1,1,1,1,1,1
KR_6729992484,420,-2,-43,-20,3,-2,1,3,1,2,1,2,2,0,-1,4,5,3,3,0,0,7,-464,-1,3,2,1,0,-2,0,0,-1,-1,0,1
KR_6545655957,420,0,28,-15,8,0,1,1,6,8,2,3,6,3,2,2,0,-3,0,3,0,7,-12,-1,1,0,1,0,2,-1,1,1,1,6,1
KR_6738697586,420,2,-49,-8,0,-6,0,6,5,5,0,-1,2,3,4,4,0,-2,0,2,0,3,-37,-1,5,4,29,0,-1,1,1,-1,-1,3,1
KR_6712258959,420,1,53,13,2,1,1,0,0,4,4,6,8,2,-3,3,6,-2,0,2,0,-4,-11,-4,6,2,7,0,1,0,-1,1,-1,0,1
KR_6697242330,420,3,23,12,9,6,9,3,5,5,0,2,4,2,-5,2,7,1,2,1,0,6,-1,2,1,3,-2,0,-1,-1,-1,-1,-1,1,1
KR_6754398609,420,4,37,8,9,1,1,0,4,4,0,3,5,2,1,2,1,0,1,1,0,7,-3,1,5,6,1,0,1,1,-1,1,1,5,1
KR_6643792606,440,-2,-53,-20,0,0,2,2,-2,1,3,-1,4,5,2,3,1,1,2,1,0,4,4,1,1,2,0,0,-2,1,-1,-1,1,2,1
KR_6684685252,420,-1,-10,-9,4,3,4,1,2,4,2,0,2,2,-1,2,3,0,2,2,0,2,-37,-2,5,3,25,0,-1,-1,0,-1,-1,2,1
KR_6745877494,440,3,73,8,6,1,2,1,4,4,0,1,3,2,1,1,0,-1,0,1,0,5,222,3,3,6,0,0,2,-1,1,1,1,1,1
KR_6332224855,420,4,87,18,7,1,1,0,0,1,1,1,2,1,5,5,0,0,1,1,0,6,12,1,4,5,7,0,2,1,1,1,1,3,1
KR_6674178238,420,3,38,-4,9,-2,1,3,5,6,1,3,4,1,6,8,2,-3,0,3,0,9,-1,2,3,5,2,0,2,-1,1,1,1,3,1
KR_6606859047,420,8,80,33,13,4,5,1,0,3,3,1,6,5,7,8,1,1,2,1,-1,4,51,1,1,2,-29,0,1,1,0,1,-1,5,1
KR_6757929391,420,0,8,8,1,-2,0,2,1,3,2,0,2,2,2,2,0,0,2,2,0,4,-4,0,4,4,0,0,0,1,1,-1,1,5,1
KR_6634964535,420,-1,-99,27,0,0,0,0,-2,0,2,2,3,1,0,1,1,0,1,1,0,-1,218,4,1,5,-4,0,0,1,1,0,-1,6,1
KR_6686769788,420,6,50,0,10,1,1,0,1,5,4,4,5,1,5,5,0,-1,0,1,0,8,-9,1,1,2,2,0,1,-1,-1,1,1,5,1
KR_6755457732,420,-1,22,2,0,-1,1,2,3,4,1,-1,5,6,2,2,0,-3,2,5,-1,5,-9,1,5,6,4,0,-1,1,-1,-1,-1,1,1
KR_6605361607,420,3,-54,4,5,-2,1,3,-2,2,4,4,5,1,3,8,5,2,2,0,-1,5,-6,-2,7,5,2,0,1,-1,1,1,-1,1,1
KR_6391943740,440,5,127,36,10,1,3,2,-7,3,10,4,6,2,8,8,0,4,4,0,0,7,-5,2,0,2,4,0,1,1,0,1,-1,3,1
KR_6622822084,420,-1,2,-9,3,0,2,2,-2,2,4,-5,0,5,2,2,0,8,8,0,1,-1,46,2,2,4,-26,0,1,0,-1,1,1,0,1
KR_6676027292,420,1,2,15,0,0,1,1,3,4,1,-1,0,1,-2,2,4,0,1,1,-1,-3,48,5,1,6,-21,0,0,1,-1,0,-1,4,1
KR_6733783606,420,5,12,40,10,-1,0,1,2,4,2,4,4,0,3,4,1,2,5,3,0,7,-18,-4,6,2,-1,0,2,1,-1,1,1,1,1
KR_6697179865,420,0,-28,-8,6,3,3,0,-1,3,4,1,3,2,4,4,0,-1,1,2,0,3,-443,-1,4,3,-3,0,2,1,1,1,-1,3,1
KR_6743600809,420,4,87,-12,11,1,1,0,4,7,3,-3,1,4,9,9,0,0,1,1,0,9,-7,0,2,2,2,0,1,1,1,1,-1,2,1
KR_6663403388,420,2,16,6,10,4,5,1,4,4,0,3,3,0,-2,4,6,1,2,1,0,2,10,4,0,4,0,-1,-3,1,-1,-1,1,1,1
KR_6727661454,420,2,33,12,6,5,6,1,2,3,1,-2,3,5,0,3,3,1,1,0,1,12,-2,2,4,6,-2,0,0,1,-1,0,1,3,1
KR_6123824719,420,-1,5,-20,0,2,2,0,1,3,2,-2,0,2,0,1,1,-1,0,1,0,0,-15,1,1,2,0,0,0,1,1,1,-1,4,1
KR_6709552815,440,0,-32,12,-4,-7,2,9,-1,0,1,6,6,0,-2,4,6,0,0,0,0,7,2,-3,7,4,0,0,-1,1,-1,-1,-1,4,1
KR_6654784817,420,2,74,12,1,1,2,1,2,5,3,0,1,1,-3,2,5,1,1,0,0,0,3,2,1,3,-2,0,0,1,1,0,-1,3,1
KR_6747188718,420,1,50,12,0,-1,2,3,3,4,1,0,2,2,0,5,5,-2,0,2,-1,-1,3,1,4,5,5,0,-1,0,-1,-1,-1,0,1
KR_6725618514,420,3,88,16,3,-4,1,5,2,4,2,4,4,0,1,4,3,0,1,1,0,7,46,0,3,3,-24,0,0,1,-1,0,1,1,1
KR_6731716191,440,1,-60,20,5,3,3,0,0,1,1,2,2,0,-3,1,4,3,5,2,-1,8,-7,-3,4,1,-1,0,0,1,-1,0,-1,4,1
KR_6720756149,440,7,93,36,15,5,5,0,4,7,3,2,2,0,5,5,0,-1,2,3,0,12,-296,4,0,4,-1,0,0,1,1,1,-1,5,1
KR_6674828382,420,3,-37,4,8,-1,1,2,4,5,1,-3,1,4,10,11,1,-2,0,2,0,8,-116,2,2,4,-1,0,0,0,-1,0,1,0,1
KR_6654259339,420,5,29,13,6,1,3,2,0,1,1,1,3,2,3,4,1,1,2,1,1,6,1,0,6,6,1,0,1,1,-1,1,1,6,1
KR_6601554651,440,5,-5,16,6,1,1,0,3,6,3,-2,1,3,5,8,3,-1,0,1,0,7,7,0,5,5,-3,0,0,1,-1,-1,-1,6,1
KR_6648647720,420,2,53,-4,3,-1,1,2,1,5,4,0,2,2,2,4,2,1,2,1,0,4,-2,-1,4,3,0,0,1,1,0,1,-1,2,1
KR_6759465267,440,4,11,24,10,4,5,1,4,6,2,-1,1,2,0,3,3,3,4,1,2,5,-13,1,5,6,1,0,2,1,1,1,1,6,1
KR_6632222500,420,0,-69,-12,0,1,3,2,-1,2,3,1,2,1,0,1,1,-1,1,2,0,-3,397,1,1,2,-5,0,0,0,0,0,-1,0,1
KR_6648069071,420,4,41,-23,5,1,1,0,-2,2,4,3,5,2,1,1,0,2,2,0,0,7,-52,3,2,5,0,0,0,1,-1,1,-1,2,1
KR_6761781891,420,-1,139,-15,4,0,0,0,1,2,1,3,6,3,0,2,2,0,1,1,0,4,4,5,1,6,2,0,1,0,0,1,-1,0,1
KR_6759107386,420,1,-7,4,6,0,3,3,4,6,2,-1,4,5,5,5,0,-2,0,2,0,5,-10,-1,2,1,0,0,0,0,1,1,1,0,1
KR_6687406500,420,-1,-3,-12,-6,-1,0,1,0,5,5,-2,1,3,-3,0,3,0,1,1,0,-5,18,1,4,5,-2,0,-1,1,-1,-1,-1,4,1
KR_6047165641,420,6,52,32,12,3,4,1,3,3,0,3,4,1,4,5,1,-1,3,4,0,10,35,0,6,6,-15,0,3,1,-1,1,-1,2,1
KR_6722008372,420,0,9,-21,-1,7,8,1,0,3,3,-2,0,2,-6,0,6,0,1,1,0,-1,-9,-4,5,1,4,0,0,0,1,1,-1,0,1
KR_6750475226,440,1,-5,-4,7,5,7,2,-3,1,4,3,4,1,4,10,6,-2,0,2,1,3,-34,-2,4,2,4,0,0,0,1,-1,1,0,1
KR_6635677053,420,1,22,18,9,6,6,0,4,5,1,-8,0,8,8,11,3,-1,0,1,0,16,-279,0,0,0,0,0,3,1,1,1,1,2,1
KR_6609784676,440,7,38,32,12,4,4,0,2,2,0,2,2,0,4,4,0,0,1,1,0,11,15,4,1,5,2,0,1,1,1,1,1,6,1
KR_6655524167,420,0,56,-4,-1,-3,1,4,3,4,1,-4,2,6,2,4,2,1,1,0,0,3,20,-1,4,3,-2,0,-1,-1,1,-1,-1,2,1
KR_6725126656,440,3,97,-7,7,9,11,2,1,2,1,-5,2,7,0,2,2,2,4,2,0,4,2,2,0,2,1,0,0,-1,-1,1,-1,3,1
KR_6763087551,420,-2,-29,-31,13,-2,0,2,1,2,1,5,6,1,6,7,1,3,3,0,1,14,12,5,1,6,-2,0,1,1,1,-1,1,6,1
KR_6684323013,420,5,98,4,12,1,2,1,1,2,1,2,4,2,3,6,3,5,5,0,0,8,-11,-7,8,1,6,0,2,1,1,1,1,5,1
KR_6762216568,440,0,-29,-4,-1,-4,0,4,-2,1,3,3,5,2,3,5,2,-1,0,1,0,2,-2,-4,4,0,1,0,0,-1,0,-1,-1,3,1
KR_6527079535,420,3,61,10,1,2,2,0,5,5,0,-1,2,3,-2,4,6,-3,0,3,0,2,0,-2,5,3,6,0,2,1,1,1,-1,6,1
KR_6113969105,420,1,17,21,2,-2,2,4,2,6,4,2,2,0,1,3,2,-1,0,1,0,5,5,2,3,5,2,0,1,1,-1,1,1,4,1
KR_6664438617,420,3,6,-4,5,-2,0,2,-1,2,3,1,1,0,3,5,2,4,4,0,0,9,10,1,3,4,-1,0,0,1,-1,-1,1,1,1
KR_6763479816,440,-2,-56,20,-1,-4,0,4,1,3,2,1,3,2,-3,4,7,4,5,1,0,0,-2,3,3,6,5,0,-1,1,1,-1,-1,4,1
KR_6704148057,420,1,1,17,1,0,0,0,4,4,0,0,5,5,-5,1,6,2,2,0,1,7,-90,2,3,5,-2,0,0,1,-1,0,1,6,1
KR_6725662222,420,7,81,9,17,4,4,0,0,1,1,5,6,1,7,7,0,1,1,0,0,10,-6,-3,6,3,2,0,3,0,1,1,1,0,1
KR_6702637005,420,1,25,-4,13,-3,0,3,-1,1,2,4,5,1,5,5,0,8,8,0,0,17,6,-3,4,1,3,0,1,-1,1,1,-1,2,1
KR_6762052436,420,-3,-71,-18,-4,2,3,1,-4,0,4,-2,1,3,4,4,0,-4,0,4,0,-1,54,0,4,4,-22,0,0,-1,1,0,1,1,1
KR_6706579276,440,0,-26,15,2,4,4,0,-2,2,4,0,0,0,-1,1,2,1,1,0,0,-2,4,-1,2,1,-2,0,0,0,-1,0,1,0,1
KR_6684704540,420,4,71,-4,10,1,2,1,0,2,2,3,4,1,6,8,2,0,1,1,0,10,-4,0,1,1,1,0,2,1,0,1,1,2,1
KR_6422412188,420,-1,50,-3,3,1,3,2,1,3,2,0,2,2,3,5,2,-2,1,3,0,-3,-6,-2,5,3,5,0,0,1,1,0,1,2,1
KR_6723747404,420,2,106,-28,14,0,2,2,0,2,2,7,11,4,3,7,4,4,4,0,1,6,38,0,1,1,-25,0,2,-1,0,1,1,5,1
KR_6618566557,420,3,75,19,6,6,6,0,-1,4,5,6,8,2,-4,2,6,-1,0,1,0,-6,-28,-6,9,3,1,0,2,1,1,1,1,1,1
KR_6752732403,420,2,54,-3,3,-1,0,1,-2,1,3,-1,3,4,6,8,2,1,2,1,0,4,4,2,2,4,0,0,0,-1,1,0,1,6,1
KR_6754991909,420,1,75,2,1,3,3,0,5,5,0,-5,0,5,-1,3,4,-1,0,1,1,3,195,-5,6,1,4,0,0,1,1,0,1,3,1
KR_6621190347,440,3,102,-12,7,7,7,0,-2,0,2,3,4,1,0,2,2,-1,5,6,0,2,3,-1,4,3,3,0,2,1,1,1,1,6,1
KR_6601925967,420,1,-16,32,3,-1,1,2,4,5,1,-1,3,4,0,4,4,1,1,0,0,4,8,1,2,3,1,0,-2,-1,-1,-1,-1,6,1
KR_6616787497,420,4,88,1,11,5,7,2,0,0,0,4,5,1,-1,1,2,3,3,0,0,8,1,4,1,5,1,0,1,1,1,1,1,3,1
KR_6762569772,440,4,12,42,5,0,2,2,1,3,2,-1,4,5,5,7,2,0,3,3,1,7,7,-2,4,2,-1,0,1,1,0,1,1,2,1
KR_6760784440,420,-3,-34,-11,-1,0,3,3,-1,0,1,0,1,1,0,1,1,0,2,2,0,-1,3,4,2,6,-4,0,-1,1,-1,-1,-1,4,1
KR_6633919187,420,3,-6,4,10,-1,0,1,3,7,4,5,5,0,3,6,3,0,2,2,4,11,-24,0,1,1,20,0,1,0,0,1,1,0,1
KR_6726223291,420,-1,-45,-16,1,-3,1,4,1,3,2,-1,1,2,4,7,3,0,1,1,0,-1,1,0,5,5,-1,0,1,-1,-1,1,-1,1,1
KR_6530732807,420,1,41,42,3,-1,0,1,-1,2,3,2,6,4,-2,5,7,5,5,0,0,-1,23,1,1,2,-1,0,0,1,-1,0,1,3,1
KR_6483361492,420,5,137,-12,15,-1,1,2,4,4,0,7,8,1,5,5,0,0,0,0,0,10,-25,2,2,4,7,0,2,-1,1,1,1,2,1
KR_6752394220,420,0,54,11,11,0,2,2,-2,1,3,10,11,1,-1,3,4,4,6,2,0,6,-288,4,1,5,2,0,0,1,1,1,-1,6,1
KR_6632645109,420,-4,-36,-8,-6,1,3,2,-1,2,3,-5,0,5,1,4,3,-2,1,3,1,-2,3,0,1,1,2,0,-2,-1,-1,-1,1,6,1
KR_6622615608,420,4,28,1,7,6,6,0,0,2,2,4,4,0,-2,1,3,-1,2,3,0,9,-4,3,3,6,1,0,0,1,1,1,-1,5,1
KR_6648654355,420,7,44,48,11,3,4,1,3,4,1,4,4,0,2,5,3,-1,1,2,0,7,4,4,1,5,-2,0,1,1,1,1,-1,5,1
KR_6676739314,420,2,48,-12,3,1,2,1,-2,1,3,3,4,1,1,2,1,0,0,0,0,0,6,3,3,6,2,0,0,1,-1,0,1,6,1
KR_6725828681,420,1,-5,12,3,-1,2,3,2,3,1,1,5,4,3,6,3,-2,1,3,0,-5,1,3,2,5,-5,0,0,0,-1,1,1,0,1
KR_6609101683,420,1,-23,-40,2,-1,1,2,3,5,2,-6,4,10,3,5,2,3,5,2,0,15,377,-4,5,1,-13,0,1,1,0,1,1,5,1
KR_6745450584,440,3,12,-22,14,2,4,2,6,8,2,3,4,1,0,2,2,3,3,0,0,11,-38,4,5,9,18,0,0,-1,1,0,1,1,1
KR_6658614947,420,0,-21,-20,0,-5,4,9,3,3,0,-2,0,2,3,4,1,1,1,0,0,11,-92,1,2,3,1,0,-1,1,1,-1,-1,2,1
KR_6530675257,420,2,58,0,8,-1,0,1,1,3,2,6,9,3,3,5,2,-1,0,1,1,3,-12,-4,7,3,1,0,1,-1,1,1,1,6,1
KR_6650090664,420,5,99,32,2,-1,2,3,-4,0,4,5,6,1,3,3,0,-1,0,1,0,-2,1,0,3,3,2,0,0,-1,1,0,1,5,1
KR_6584085829,420,2,-27,77,7,-2,1,3,1,4,3,2,5,3,7,8,1,-1,0,1,0,3,191,0,1,1,32,0,0,1,1,-1,-1,4,1
KR_6643726272,440,3,21,24,4,1,2,1,1,1,0,3,4,1,1,1,0,-2,0,2,0,3,117,0,4,4,1,0,0,0,0,0,1,0,1
KR_6742151430,420,0,-38,18,-8,-1,2,3,-3,2,5,0,2,2,-2,3,5,-2,1,3,0,-5,-300,-1,6,5,-30,0,-1,1,-1,-1,-1,3,1
KR_6646019960,420,1,8,4,2,-1,2,3,-1,1,2,2,4,2,2,2,0,0,3,3,0,7,230,2,3,5,-1,0,0,1,-1,0,-1,2,1
KR_6047036860,420,6,74,13,15,3,4,1,6,7,1,0,2,2,6,8,2,0,0,0,0,10,-8,-2,4,2,0,0,2,0,1,1,1,0,1
KR_6677356362,440,1,14,28,2,-2,2,4,2,3,1,2,2,0,1,1,0,-1,0,1,-1,1,-5,-5,6,1,4,0,-1,1,-1,-1,-1,6,1
KR_6493955548,420,-1,103,-29,-2,-1,0,1,-3,3,6,-1,1,2,3,3,0,0,1,1,0,4,-34,3,1,4,-2,0,1,0,-1,1,1,0,1
KR_6715162763,420,1,-21,-19,8,-1,3,4,4,6,2,7,9,2,-1,0,1,-1,0,1,1,6,-14,1,3,4,2,0,0,1,1,1,1,6,1
KR_6639002289,420,1,-23,27,1,1,1,0,-1,1,2,-1,2,3,2,2,0,0,0,0,0,0,-155,4,2,6,-1,0,-1,1,-1,-1,1,1,1
KR_6338841551,420,4,107,-4,5,3,3,0,-3,4,7,1,1,0,1,2,1,3,3,0,0,6,6,5,0,5,0,0,1,1,1,1,1,6,1
KR_6756060009,420,1,-1,-8,2,-3,1,4,5,7,2,5,6,1,-6,1,7,1,2,1,0,-2,19,2,4,6,1,0,0,0,0,0,-1,0,1
KR_6657186758,420,-3,-5,-11,-7,-2,1,3,-7,1,8,4,4,0,1,1,0,-3,0,3,0,-7,-6,-1,2,1,0,0,0,-1,1,0,1,2,1
KR_6652222802,420,2,123,-12,6,1,2,1,1,2,1,5,6,1,0,1,1,-1,0,1,-1,-2,136,-2,7,5,3,0,1,1,1,1,-1,1,1
KR_6717590465,420,1,-9,16,0,2,2,0,-1,4,5,1,4,3,1,3,2,-3,2,5,0,1,-1,1,0,1,-1,0,0,-1,1,0,-1,1,1
KR_6712288614,440,0,-53,8,4,-1,0,1,5,6,1,-1,4,5,2,4,2,-1,4,5,1,6,4,0,2,2,1,0,0,1,0,0,1,6,1
KR_6724086551,420,8,95,23,21,5,5,0,6,8,2,4,4,0,2,4,2,4,4,0,1,22,11,6,2,8,-6,0,2,1,1,1,1,2,1
KR_6729375230,420,2,91,0,9,-3,2,5,3,4,1,2,4,2,8,9,1,-1,1,2,0,12,0,-5,8,3,6,0,1,-1,1,1,1,6,1
KR_6667302789,440,-2,48,-8,-2,-1,0,1,-1,0,1,-4,0,4,3,4,1,1,3,2,1,-3,-243,2,1,3,0,0,0,1,0,0,1,1,1
KR_6615775621,420,1,33,-8,6,5,7,2,2,3,1,-4,1,5,3,3,0,0,1,1,0,-1,-2,-2,3,1,4,0,1,-1,1,1,1,5,1
KR_6759173448,420,-3,-36,-27,-5,0,3,3,-6,1,7,-4,2,6,3,4,1,2,2,0,0,1,6,-4,6,2,2,0,0,-1,-1,0,1,2,1
KR_6093403144,420,-3,-28,16,-4,0,3,3,-4,1,5,-3,0,3,3,4,1,0,2,2,1,-6,-1,1,1,2,0,0,0,1,1,0,1,4,1
KR_6746103950,420,5,95,24,7,3,3,0,0,4,4,-4,0,4,1,2,1,7,7,0,0,0,4,3,0,3,0,0,3,1,1,1,-1,3,1
KR_6671897178,420,3,49,-4,6,0,1,1,-1,4,5,3,7,4,5,6,1,-1,0,1,0,1,-5,-1,4,3,4,0,0,0,-1,1,-1,0,1
KR_6494233772,420,4,61,18,7,2,3,1,7,8,1,-3,2,5,0,4,4,1,2,1,-1,2,-2,-2,8,6,4,0,2,-1,1,1,-1,2,1
KR_6529960527,420,3,132,-47,8,0,0,0,2,2,0,4,5,1,4,6,2,-2,0,2,1,9,12,3,2,5,0,0,1,1,-1,1,1,5,1
KR_6675417217,420,-1,-32,9,1,0,2,2,0,0,0,-3,1,4,4,4,0,0,1,1,0,4,6,4,2,6,-2,0,0,1,0,0,1,4,1
KR_6361640805,420,4,20,37,-5,-3,0,3,0,2,2,-2,3,5,0,0,0,0,2,2,1,0,0,0,0,0,13,0,1,1,0,-1,1,4,1
KR_6621309791,420,0,-51,24,5,2,2,0,7,9,2,-2,2,4,-1,2,3,-1,0,1,0,9,-23,1,2,3,3,0,-2,-1,0,-1,1,4,1
KR_6764456637,420,3,74,9,11,4,4,0,-2,3,5,5,6,1,6,9,3,-2,2,4,1,4,2,1,0,1,2,0,1,1,1,1,1,5,1
KR_6724218980,420,1,27,0,-6,3,4,1,-5,5,10,-6,3,9,2,3,1,0,0,0,0,-5,19,0,3,3,0,0,1,1,0,-1,-1,1,1
KR_6655439524,420,1,80,0,1,1,2,1,0,4,4,2,5,3,-2,0,2,0,1,1,1,-2,8,5,2,7,-2,0,1,1,-1,1,1,2,1
KR_6732766017,420,2,63,-12,8,1,3,2,-1,2,3,4,4,0,4,4,0,0,0,0,0,3,6,-2,4,2,1,0,0,1,-1,1,-1,4,1
KR_6752653593,420,0,5,0,-1,0,0,0,1,3,2,-2,3,5,1,3,2,-1,1,2,0,3,1,3,1,4,-3,0,0,1,1,0,1,2,1
KR_6654857899,420,0,38,41,-2,-1,0,1,2,4,2,3,3,0,-5,1,6,-1,0,1,0,-1,1,1,4,5,3,0,1,1,-1,1,-1,5,1
KR_6576585412,420,4,128,0,-2,3,3,0,1,3,2,0,2,2,-5,2,7,-1,2,3,0,-3,7,-2,3,1,1,0,1,1,-1,1,1,2,1
KR_6761293784,420,0,65,0,8,0,1,1,2,3,1,4,6,2,2,5,3,0,1,1,0,1,13,-1,4,3,0,0,1,-1,1,1,1,1,1
KR_6753311756,420,9,13,8,2,0,1,1,1,2,1,0,4,4,0,0,0,1,1,0,0,7,2,1,2,3,-1,0,1,0,0,1,1,0,1
KR_6596043935,420,3,-29,20,4,-1,0,1,1,2,1,5,5,0,-3,2,5,2,2,0,0,4,2,1,1,2,-1,0,1,-1,0,1,-1,1,1
KR_6663352878,420,0,-57,78,4,-3,2,5,3,3,0,4,4,0,1,7,6,-1,0,1,0,9,221,2,2,4,0,0,-1,1,1,1,-1,4,1
KR_6755239024,420,0,46,0,-2,5,5,0,-1,2,3,-4,2,6,0,2,2,-2,0,2,0,-9,-140,0,0,0,-2,0,1,-1,1,1,1,1,1
KR_6749690453,420,4,44,-8,2,-2,1,3,0,1,1,1,3,2,4,4,0,-1,2,3,0,3,-36,2,1,3,14,0,1,-1,0,1,1,6,1
KR_6566956330,420,4,71,35,12,0,1,1,5,5,0,1,3,2,5,7,2,1,1,0,0,6,5,-1,5,4,4,0,4,1,1,1,1,2,1
KR_6723369313,420,5,45,8,10,-1,0,1,3,4,1,5,5,0,1,5,4,2,2,0,0,9,76,-1,3,2,-27,0,1,0,1,1,-1,0,1
KR_6285285543,420,6,33,-2,11,3,3,0,0,5,5,4,4,0,3,4,1,1,1,0,0,12,-14,1,0,1,1,0,1,1,1,1,1,6,1
KR_6602302764,420,2,54,24,4,2,3,1,3,5,2,2,4,2,0,1,1,-3,1,4,0,-2,4,-6,6,0,2,0,2,1,1,1,1,1,1
KR_6763342154,420,0,12,7,-2,1,1,0,1,4,3,-6,3,9,0,2,2,2,2,0,0,-4,-14,0,4,4,0,0,-1,1,-1,-1,-1,5,1
KR_6437320315,420,4,52,-7,11,2,2,0,1,4,3,3,3,0,3,3,0,2,4,2,0,13,-1,4,6,10,-2,0,0,1,1,0,1,4,1
KR_6673981635,420,3,-23,12,12,4,4,0,1,1,0,-2,0,2,6,7,1,3,3,0,0,13,19,-1,2,1,-1,0,0,0,-1,-1,1,0,1
KR_6635648299,420,2,-29,32,0,-3,0,3,0,0,0,-4,2,6,7,7,0,0,1,1,0,8,-2,1,2,3,2,0,0,1,-1,1,-1,6,1
KR_6644942489,420,0,-2,5,6,2,3,1,-2,3,5,3,3,0,4,4,0,-1,1,2,0,7,5,-3,3,0,-1,0,0,0,0,0,1,0,1
KR_6592373853,420,1,84,4,2,1,1,0,-1,1,2,2,4,2,1,3,2,-1,0,1,0,4,-14,4,0,4,-4,0,2,1,1,1,1,6,1
KR_6702597901,440,3,97,-15,7,2,3,1,1,4,3,1,4,3,2,7,5,1,1,0,0,0,-8,-4,7,3,6,0,0,1,-1,1,-1,1,1
KR_6675806917,420,-1,-7,-16,-5,-2,0,2,-3,3,6,1,3,2,-3,2,5,2,4,2,-1,1,5,-1,3,2,-1,0,0,-1,-1,0,-1,4,1
KR_6642537741,420,5,42,11,6,2,2,0,-3,1,4,-1,2,3,5,9,4,3,4,1,0,-2,22,-4,6,2,2,0,0,1,0,1,1,5,1
KR_6630665024,440,3,46,-8,11,2,2,0,0,3,3,1,4,3,9,9,0,-1,1,2,2,13,-330,0,3,3,0,0,1,1,-1,1,1,5,1
KR_6728496754,420,-2,-37,-16,1,0,0,0,1,5,4,-4,3,7,4,4,0,0,1,1,0,14,-254,-3,5,2,4,0,0,1,0,0,-1,4,1
KR_6710128448,420,-2,-26,4,-11,0,0,0,-1,1,2,-3,1,4,-4,1,5,-3,0,3,0,-12,54,3,1,4,-34,0,1,1,-1,1,-1,6,1
KR_6763931512,420,2,19,48,4,5,5,0,2,4,2,5,6,1,-6,0,6,-2,0,2,0,-3,-1,-3,5,2,-2,0,0,1,1,1,1,1,1
KR_6475565672,420,-2,0,13,-1,-1,0,1,2,4,2,0,1,1,-4,2,6,2,4,2,0,-2,-151,-4,6,2,3,0,1,1,1,1,1,3,1
KR_6760110555,420,0,-27,-4,2,-2,0,2,4,5,1,-1,3,4,-2,2,4,3,4,1,1,-1,3,2,2,4,1,0,1,1,1,1,1,2,1
KR_6732837426,440,-2,-90,4,-6,-4,0,4,2,4,2,-1,3,4,-4,0,4,1,2,1,1,-2,-2,-1,3,2,2,0,0,0,1,-1,1,0,1
KR_6729340006,420,-3,-28,-2,2,0,2,2,1,2,1,0,4,4,3,7,4,-2,1,3,-4,-3,14,3,1,4,1,0,0,1,1,0,1,6,1
KR_6760917312,420,3,81,12,3,1,2,1,0,1,1,-1,1,2,1,1,0,2,2,0,0,0,34,-6,6,0,-28,0,1,1,0,1,1,4,1
KR_6728087073,440,5,104,11,10,-1,2,3,2,2,0,4,5,1,2,3,1,3,4,1,2,17,44,1,2,3,-35,0,3,1,1,1,1,4,1
KR_6641840821,420,3,-31,0,10,1,2,1,6,6,0,-4,4,8,4,4,0,3,4,1,0,6,-7,-5,7,2,3,0,1,-1,0,1,1,3,1
KR_6616617817,420,1,64,-6,0,-2,2,4,-4,0,4,2,6,4,2,4,2,2,2,0,0,-3,234,-1,4,3,1,0,1,-1,1,1,1,1,1
KR_6738681634,420,-4,-17,11,-6,-3,0,3,-3,1,4,-1,1,2,0,3,3,1,1,0,1,-1,15,-1,5,4,-3,0,0,0,0,0,1,0,1
KR_6704300711,420,-1,13,-4,-5,1,3,2,-2,2,4,-4,0,4,1,5,4,-1,0,1,0,-5,15,6,1,7,-1,0,1,-1,1,1,-1,3,1
KR_6638369810,420,3,101,8,6,1,2,1,1,2,1,3,3,0,4,4,0,-3,0,3,0,10,-1,-2,4,2,-2,0,0,1,-1,0,1,1,1
KR_6565280449,420,3,117,-20,6,0,1,1,5,5,0,-1,1,2,2,2,0,0,0,0,1,10,-2,2,1,3,0,0,2,-1,1,1,1,5,1
KR_6732810689,420,2,-30,8,10,0,2,2,6,6,0,2,3,1,-1,0,1,3,4,1,0,16,8,0,3,3,2,0,0,-1,1,1,1,1,1
KR_6756551417,440,3,35,4,8,1,4,3,2,2,0,-2,1,3,1,3,2,6,6,0,-1,9,6,2,2,4,0,0,0,-1,1,0,-1,3,1
KR_6763279931,420,-1,52,8,-1,2,3,1,0,3,3,-4,2,6,-1,3,4,2,2,0,0,0,109,-2,6,4,-2,0,1,0,0,1,-1,0,1
KR_6713258989,440,3,46,6,10,5,7,2,7,12,5,-2,2,4,1,2,1,-1,2,3,-2,-10,6,-1,3,2,3,0,3,0,-1,1,-1,0,1
KR_6686017162,420,1,6,1,4,1,3,2,-1,2,3,-1,2,3,6,7,1,-1,0,1,1,0,8,1,2,3,0,0,-1,-1,-1,-1,1,6,1
KR_6734293633,420,0,-11,17,-1,1,1,0,-1,1,2,1,3,2,-1,2,3,-1,1,2,0,-4,-97,-1,5,4,-1,0,0,1,1,0,-1,2,1
KR_6618527480,420,5,51,20,13,2,4,2,5,6,1,2,3,1,3,5,2,1,1,0,1,12,2,3,2,5,0,0,1,1,1,1,1,1,1
KR_6630766730,420,0,-60,-20,2,-3,0,3,1,2,1,1,2,1,3,6,3,0,3,3,0,4,6,-3,4,1,-2,0,0,-1,-1,-1,-1,5,1
KR_6709679202,420,-6,-77,-12,-6,-3,0,3,1,2,1,-1,1,2,-2,1,3,-1,2,3,-2,-8,250,5,0,5,-6,0,-2,-1,1,-1,-1,3,1
KR_6706138091,420,3,-7,32,-2,-2,0,2,1,2,1,-3,1,4,-1,0,1,3,3,0,1,-5,41,-3,3,0,-2,0,0,1,-1,0,1,3,1
KR_6644511241,420,5,92,39,8,2,3,1,4,5,1,2,3,1,1,2,1,-1,2,3,0,-2,7,2,4,6,-3,0,1,1,-1,1,1,1,1
KR_6632894657,420,0,-36,21,-3,-3,0,3,7,7,0,-3,1,4,-2,1,3,-2,0,2,0,3,-11,2,0,2,0,0,0,1,-1,0,-1,5,1
KR_6756308029,440,1,-90,-11,6,10,10,0,3,4,1,3,7,4,-5,5,10,-5,2,7,2,6,-3,1,0,1,1,0,-1,1,0,-1,1,2,1
KR_6748992071,420,5,30,40,13,3,3,0,-2,4,6,6,6,0,2,4,2,4,6,2,-2,-1,0,0,4,4,3,0,1,-1,-1,1,-1,6,1
KR_6736839822,440,3,83,-8,6,-2,0,2,5,6,1,-1,0,1,-1,4,5,5,5,0,1,1,-10,-3,8,5,-1,0,0,-1,0,-1,1,6,1
KR_6725089208,440,1,-5,11,6,-1,4,5,4,6,2,5,6,1,-2,1,3,0,1,1,-2,6,7,4,1,5,0,0,0,1,1,1,-1,1,1
KR_6642909428,420,2,70,-8,6,-1,1,2,2,2,0,4,4,0,1,1,0,0,0,0,0,3,29,0,1,1,4,0,1,1,-1,1,1,2,1
KR_6643144858,420,0,33,-40,-3,-3,2,5,2,2,0,0,1,1,-1,1,2,-1,0,1,0,-2,-3,-2,3,1,-1,0,0,1,-1,1,1,4,1
KR_6744782219,440,4,64,9,11,6,7,1,-2,0,2,0,0,0,4,8,4,3,4,1,0,8,-3,-1,3,2,5,0,1,0,0,1,1,0,1
KR_6647906422,420,0,-28,-28,7,-1,2,3,2,2,0,7,8,1,2,2,0,-3,0,3,0,5,-44,6,2,8,20,0,-1,1,1,-1,1,5,1
KR_6725683483,440,2,59,-12,7,2,5,3,-2,2,4,3,5,2,3,5,2,1,1,0,0,3,10,-2,5,3,3,0,1,1,-1,1,1,2,1
KR_6615382290,420,4,-29,15,6,1,3,2,1,2,1,0,2,2,4,6,2,0,0,0,1,5,-1,0,2,2,0,0,2,1,1,1,1,6,1
KR_6752684163,440,1,53,11,2,-2,4,6,-1,1,2,-3,0,3,2,5,3,6,6,0,0,6,8,-1,2,1,0,0,0,0,0,-1,-1,0,1
KR_6723936187,420,1,29,-21,7,-2,1,3,-1,1,2,3,5,2,1,1,0,6,10,4,1,7,16,2,3,5,-4,0,2,1,1,1,1,5,1
KR_6726570513,420,1,31,-9,7,-1,0,1,1,2,1,3,3,0,6,6,0,-2,2,4,0,6,-159,0,4,4,2,0,0,0,0,1,1,0,1
KR_6748548505,420,4,27,67,8,-1,0,1,2,2,0,4,4,0,2,2,0,1,5,4,0,1,37,-2,2,0,-32,0,1,1,1,1,1,4,1
KR_6742500775,420,2,71,34,2,2,4,2,-1,1,2,1,4,3,1,3,2,-1,0,1,0,-4,18,0,2,2,6,0,1,1,1,1,1,6,1
KR_6757386757,420,4,56,8,11,2,2,0,4,4,0,7,8,1,0,1,1,-2,0,2,0,8,-1,2,0,2,-1,0,0,1,-1,0,1,3,1
KR_6630681896,420,5,82,36,13,-2,1,3,-3,1,4,10,10,0,4,4,0,4,4,0,0,8,2,3,1,4,1,0,2,1,1,1,1,5,1
KR_6730085104,420,1,33,-23,4,-3,0,3,1,3,2,1,1,0,5,5,0,0,1,1,0,10,9,5,0,5,-20,0,1,1,-1,1,1,5,1
KR_6744062139,440,4,-64,17,7,-1,1,2,-4,1,5,1,1,0,4,4,0,7,9,2,0,7,-108,0,4,4,0,0,-2,1,-1,-1,1,4,1
KR_6659465453,420,2,-5,20,13,0,2,2,-1,2,3,6,8,2,6,6,0,2,2,0,2,26,5,3,0,3,-2,0,3,0,1,1,1,0,1
KR_6761144869,420,2,14,8,3,3,3,0,-1,3,4,-3,1,4,3,4,1,1,1,0,0,1,-3,0,3,3,-2,0,0,-1,1,0,1,1,1
KR_6653887409,420,0,46,-17,4,-2,0,2,1,4,3,5,5,0,2,3,1,-2,0,2,0,0,266,6,0,6,-1,0,0,-1,1,1,1,5,1
KR_6681077144,420,5,104,38,7,1,2,1,8,8,0,-1,2,3,0,1,1,-1,0,1,0,13,1,1,4,5,1,0,1,1,1,1,1,1,1
KR_6697998814,420,2,37,-11,5,3,3,0,-1,1,2,-3,0,3,4,4,0,2,3,1,0,4,-3,-3,6,3,1,0,1,1,1,1,1,2,1
KR_6688711397,420,-5,-43,-18,-9,-2,1,3,-7,0,7,-1,3,4,1,3,2,0,1,1,0,-7,5,-1,5,4,0,0,-3,1,-1,-1,1,2,1
KR_6696790692,420,-2,-38,-8,-1,-1,2,3,-2,1,3,1,3,2,2,4,2,-1,0,1,0,0,-10,3,5,8,0,0,0,1,1,0,1,4,1
KR_6640907015,420,2,6,4,3,0,1,1,-1,4,5,8,8,0,-4,0,4,0,1,1,0,0,7,0,3,3,-4,0,0,1,-1,0,-1,3,1
KR_6664154551,420,1,30,22,2,4,6,2,3,4,1,-2,1,3,0,3,3,-3,0,3,0,-4,4,3,2,5,1,0,1,1,0,1,1,2,1
KR_6732487479,420,-3,27,12,-7,3,3,0,-1,3,4,-8,0,8,2,3,1,-3,2,5,0,-7,1,4,3,7,3,0,1,-1,1,1,-1,5,1
KR_6685978441,420,2,14,-20,6,3,3,0,-2,1,3,1,2,1,3,4,1,1,2,1,0,4,-42,2,1,3,23,0,3,-1,0,1,1,6,1
KR_6739781224,420,1,13,9,5,2,2,0,0,1,1,2,7,5,1,1,0,0,1,1,0,-4,9,0,6,6,2,0,1,-1,1,1,1,1,1
KR_6760487489,420,7,107,29,12,2,5,3,10,10,0,2,2,0,-2,3,5,0,1,1,0,-1,1,-1,2,1,-2,0,3,1,1,1,1,4,1
KR_6730561504,420,4,9,10,13,6,6,0,2,5,3,-2,1,3,2,4,2,5,5,0,1,6,-1,0,2,2,2,0,0,1,1,1,1,1,1
KR_6724280041,440,3,57,44,7,3,3,0,4,5,1,4,5,1,-2,1,3,-2,1,3,0,4,-2,-1,4,3,0,0,0,1,0,1,1,1,1
KR_6729909855,420,0,20,-4,-4,2,4,2,-5,2,7,0,1,1,0,2,2,-1,0,1,0,-4,-39,0,1,1,12,0,0,0,0,0,-1,0,1
KR_6125005659,420,-1,-61,-16,2,-3,2,5,2,5,3,1,2,1,2,5,3,0,1,1,1,7,-97,-2,4,2,0,0,0,0,-1,0,1,0,1
KR_6721415615,420,1,15,-27,-2,1,1,0,-4,1,5,-1,2,3,1,1,0,1,1,0,1,-1,-59,-2,2,0,0,0,0,1,1,0,1,1,1
KR_6687378166,420,-1,-6,-32,7,-1,2,3,-1,1,2,0,1,1,4,5,1,5,5,0,0,14,-262,-3,3,0,2,0,0,1,1,1,1,3,1
KR_6621184916,420,1,46,16,7,0,3,3,6,10,4,0,1,1,1,4,3,0,1,1,-1,2,-24,-1,4,3,2,0,1,1,-1,1,-1,2,1
KR_6735238161,440,-2,-10,-10,-9,-5,0,5,1,2,1,-8,1,9,1,4,3,2,2,0,0,-2,1,-1,3,2,-3,0,-2,1,-1,-1,1,2,1
KR_6724496418,420,4,-39,18,4,-1,1,2,4,5,1,2,3,1,-1,2,3,0,1,1,0,3,-19,-1,6,5,-2,0,1,-1,1,1,1,6,1
KR_6639226936,420,1,84,-11,1,6,7,1,1,3,2,0,0,0,-6,1,7,0,1,1,0,-4,-252,-2,2,0,3,0,2,1,1,1,1,5,1
KR_6662828578,440,9,154,-8,12,-1,3,4,0,2,2,6,6,0,3,4,1,4,4,0,0,9,9,1,1,2,0,0,2,0,0,1,1,0,1
KR_6609910104,440,0,1,-29,4,1,1,0,4,8,4,-3,0,3,-4,1,5,6,6,0,0,8,4,3,3,6,-4,0,0,1,-1,0,-1,1,1
KR_6746232228,420,-3,11,16,-12,-2,2,4,4,4,0,-9,0,9,0,1,1,-5,0,5,0,-9,-14,0,1,1,-1,0,-1,0,-1,-1,-1,0,1
KR_6650707392,420,3,26,3,8,-1,1,2,-5,3,8,7,7,0,3,3,0,4,4,0,0,6,30,1,4,5,1,0,1,1,1,1,1,1,1
KR_6661020391,420,-3,-21,-12,-5,-1,1,2,-4,0,4,2,3,1,-2,1,3,0,1,1,0,-10,-137,3,3,6,-28,0,0,1,1,0,-1,4,1
KR_6620621830,420,2,68,19,9,2,3,1,4,6,2,3,5,2,1,2,1,-1,0,1,0,12,71,2,4,6,-3,0,-1,0,-1,-1,1,0,1
KR_6611259598,420,4,86,28,8,1,2,1,-1,1,2,8,8,0,1,2,1,-1,2,3,1,3,1,2,4,6,1,0,2,1,1,1,1,2,1
KR_6745484081,440,-2,48,-4,-7,2,2,0,-6,3,9,-1,2,3,-4,6,10,2,2,0,0,-10,7,3,3,6,-2,0,0,0,1,0,-1,0,1
KR_6738919636,420,-1,92,4,0,-1,2,3,-6,2,8,8,11,3,0,1,1,-1,0,1,0,-6,-5,3,0,3,0,0,0,-1,-1,1,1,3,1
KR_6661959944,420,-6,-48,17,-8,-3,1,4,-1,2,3,-3,0,3,1,2,1,-2,0,2,0,-4,2,0,2,2,0,0,0,1,-1,-1,-1,6,1
KR_6745873442,440,1,78,-8,8,4,5,1,4,4,0,-1,1,2,4,7,3,-3,1,4,0,7,-14,-3,5,2,4,0,1,1,0,1,1,3,1
KR_6642110160,420,4,38,55,5,1,2,1,1,4,3,2,2,0,0,3,3,1,2,1,0,-7,169,3,2,5,3,0,2,1,1,1,-1,3,1
KR_6757991666,420,3,-47,29,5,-2,1,3,4,4,0,1,2,1,3,3,0,-1,1,2,0,11,-136,4,3,7,0,0,0,1,1,0,1,4,1
KR_6535165839,420,4,-23,10,17,1,2,1,1,5,4,5,5,0,8,10,2,2,3,1,0,14,-230,1,1,2,3,0,1,-1,-1,1,1,3,1
KR_6762540912,420,2,11,-8,-3,-3,1,4,-2,1,3,-3,1,4,4,4,0,1,2,1,0,-2,5,-1,1,0,4,0,0,-1,0,0,1,1,1
KR_6763109184,440,6,68,4,15,3,6,3,8,9,1,-3,0,3,5,5,0,2,3,1,0,18,302,1,1,2,0,0,0,1,0,1,-1,1,1
KR_6739169376,420,3,13,-4,4,-2,0,2,-3,1,4,3,5,2,2,2,0,4,4,0,1,6,24,3,1,4,0,0,0,1,1,1,1,6,1
KR_6695121114,420,5,23,-4,10,0,2,2,1,3,2,4,5,1,4,6,2,1,2,1,2,16,-212,4,2,6,-1,0,1,1,1,1,1,1,1
KR_6758199359,420,2,62,16,7,5,6,1,-2,0,2,6,8,2,-3,0,3,1,3,2,0,0,-2,2,2,4,0,0,2,-1,1,1,1,1,1
KR_6728728211,420,4,21,12,11,3,4,1,3,3,0,2,2,0,-1,3,4,4,4,0,0,10,-28,-2,3,1,11,0,2,1,-1,1,1,2,1
KR_6725978570,420,2,100,24,3,5,5,0,1,2,1,-1,3,4,-1,6,7,-1,1,2,0,-8,-8,2,1,3,2,0,1,-1,-1,-1,-1,1,1
KR_6479197266,420,3,13,12,9,-1,2,3,7,7,0,-2,3,5,3,3,0,2,2,0,0,6,45,-2,3,1,-20,0,3,1,0,1,1,6,1
KR_6672191203,420,0,24,-24,10,0,0,0,0,4,4,2,4,2,7,8,1,1,1,0,0,8,-7,-3,7,4,4,0,1,1,1,1,1,6,1
KR_6642666950,420,-3,-39,0,-6,0,2,2,-7,0,7,0,2,2,3,4,1,-2,1,3,-1,-6,1,1,1,2,1,0,0,1,-1,-1,-1,2,1
KR_6760939349,420,2,103,4,-2,-1,1,2,-3,2,5,2,5,3,-1,2,3,1,2,1,0,-4,-15,-3,3,0,1,0,0,-1,1,0,-1,2,1
KR_6742368509,420,0,-19,8,7,-2,1,3,0,3,3,-2,0,2,9,10,1,2,2,0,0,12,8,1,3,4,0,0,1,1,1,1,1,6,1
KR_6692469689,420,2,9,0,2,-2,2,4,6,6,0,-1,4,5,-2,0,2,1,2,1,0,-2,-1,-1,2,1,-1,0,0,-1,-1,0,1,1,1
KR_6697311437,440,-1,46,1,1,-7,0,7,0,1,1,1,3,2,3,5,2,4,4,0,0,6,3,-6,8,2,1,0,1,1,-1,-1,-1,3,1
KR_6761044140,420,4,60,-8,16,2,2,0,0,3,3,7,7,0,7,8,1,0,0,0,0,13,2,5,0,5,0,0,1,1,1,1,1,6,1
KR_6204795253,420,2,-14,-8,3,-2,0,2,6,9,3,-3,0,3,3,4,1,-1,2,3,0,1,-7,-1,6,5,2,0,1,-1,1,1,1,4,1
KR_6633773093,420,-1,41,4,0,2,2,0,3,5,2,4,6,2,-5,2,7,-4,2,6,-1,2,-56,2,2,4,1,0,0,0,0,0,-1,0,1
KR_6749710290,420,-1,-2,13,-1,-2,0,2,-6,2,8,1,3,2,4,4,0,2,3,1,0,3,-257,1,0,1,-2,0,0,1,-1,-1,1,6,1
KR_6740198277,420,4,59,28,4,1,3,2,0,2,2,0,1,1,2,5,3,1,1,0,0,8,284,3,2,5,1,0,0,1,-1,0,-1,1,1
KR_6729688652,420,1,18,21,4,-2,0,2,-1,2,3,5,5,0,1,5,4,1,1,0,0,6,5,1,5,6,-3,0,-1,1,-1,-1,1,5,1
KR_6622715186,420,2,-8,-4,5,2,3,1,1,3,2,-2,0,2,1,2,1,3,3,0,0,5,-1,0,3,3,-1,0,0,-1,1,1,1,4,1
KR_6694432597,420,-2,4,18,-4,0,1,1,-3,1,4,-2,1,3,2,3,1,-1,0,1,0,-5,-5,-4,7,3,1,0,0,1,-1,0,-1,3,1
KR_6090950350,440,6,12,26,17,4,4,0,2,5,3,0,1,1,0,0,0,11,11,0,0,14,-16,-3,8,5,5,0,2,1,0,1,1,5,1
KR_6764552808,420,1,78,28,-1,1,2,1,-2,1,3,4,4,0,-4,1,5,0,0,0,0,-7,0,0,3,3,0,0,-1,-1,1,-1,-1,3,1
KR_6733224711,420,0,-52,4,2,-7,0,7,1,1,0,-2,1,3,3,5,2,7,8,1,0,7,-18,-1,6,5,-1,0,-3,1,-1,-1,-1,1,1
KR_6647106504,420,2,-2,20,6,0,0,0,1,4,3,1,2,1,4,4,0,0,1,1,0,3,120,3,1,4,0,0,1,1,-1,-1,-1,6,1
KR_6748483684,440,2,-29,24,2,7,7,0,1,2,1,0,2,2,-6,4,10,0,0,0,0,-9,221,1,1,2,-4,0,3,-1,1,1,1,6,1
KR_6621617457,420,2,47,33,9,-8,1,9,1,1,0,8,9,1,8,10,2,0,0,0,-1,8,-3,4,0,4,-1,0,1,1,1,-1,-1,5,1
KR_6660334438,420,5,86,-4,8,5,6,1,2,2,0,3,4,1,-3,1,4,1,2,1,0,7,-4,-2,5,3,5,0,2,-1,1,1,1,2,1
KR_6737807355,420,2,56,77,14,0,1,1,1,2,1,4,6,2,5,5,0,4,4,0,1,11,11,3,1,4,-4,0,2,1,1,1,1,2,1
KR_6571711895,420,0,19,32,-5,-1,0,1,-3,2,5,-1,1,2,0,1,1,0,2,2,1,-2,-7,2,2,4,1,0,1,1,0,1,1,3,1
KR_6729392995,420,5,68,2,4,-1,1,2,1,2,1,5,6,1,1,4,3,-2,0,2,0,2,-3,1,2,3,-8,0,0,1,-1,1,-1,3,1
KR_6764396312,420,-2,-52,-4,-5,1,3,2,0,3,3,-4,1,5,-1,2,3,-1,2,3,0,-4,-3,0,2,2,1,0,1,-1,1,1,1,3,1
KR_6723918935,420,0,14,4,-2,1,2,1,1,3,2,-1,2,3,2,5,3,-5,0,5,-1,-4,-5,1,0,1,1,0,-1,-1,1,-1,-1,4,1
KR_6763370262,440,-4,-37,-32,-6,-5,0,5,-2,1,3,0,0,0,3,5,2,-2,0,2,0,-1,11,5,0,5,-2,0,0,1,0,-1,-1,5,1
KR_6683201686,420,2,41,-1,5,4,5,1,1,4,3,3,4,1,-1,0,1,-2,0,2,0,-3,-7,5,2,7,5,0,0,1,0,0,1,4,1
KR_6762433936,440,0,-11,4,-1,1,5,4,6,7,1,-9,0,9,3,5,2,-2,3,5,0,7,17,1,0,1,-2,0,-1,-1,-1,-1,-1,5,1
KR_6729203617,420,2,43,11,3,-7,0,7,8,9,1,-1,4,5,4,6,2,-1,0,1,0,6,-3,-5,5,0,5,0,-1,1,1,1,-1,1,1
KR_6632230532,420,1,31,17,7,2,5,3,11,11,0,-6,0,6,0,1,1,0,0,0,0,10,11,4,1,5,0,0,1,1,-1,1,1,3,1
KR_6666150333,420,6,3,8,11,1,5,4,13,14,1,-1,1,2,0,1,1,-2,1,3,0,6,-109,-3,4,1,0,0,1,1,1,1,1,1,1
KR_6762373114,440,4,16,28,9,0,3,3,9,11,2,1,2,1,-1,2,3,0,0,0,0,10,10,1,1,2,-2,0,0,1,-1,0,-1,6,1
KR_6636081328,420,5,70,12,2,-1,3,4,3,4,1,3,4,1,-2,3,5,-1,0,1,0,2,126,4,4,8,3,0,-1,1,-1,-1,1,4,1
KR_6752506789,420,2,14,-12,5,1,1,0,-2,1,3,2,3,1,-1,3,4,5,5,0,0,0,-3,-2,5,3,2,0,0,1,-1,-1,1,3,1
KR_6692098597,420,8,92,48,20,2,2,0,8,9,1,2,4,2,6,6,0,2,2,0,2,20,5,1,2,3,6,0,3,1,1,1,1,3,1
KR_6730738283,420,-2,-31,-21,0,0,0,0,4,5,1,-3,0,3,0,2,2,-1,1,2,0,0,124,-4,4,0,0,0,1,-1,1,1,-1,5,1
KR_6763529541,420,2,71,-8,9,2,3,1,2,3,1,1,4,3,2,6,4,2,3,1,0,6,1,1,1,2,1,0,3,1,1,1,1,4,1
KR_6538446702,420,4,20,51,5,2,3,1,-3,1,4,6,7,1,1,6,5,-1,1,2,-1,-2,-8,0,3,3,2,0,1,-1,1,1,-1,5,1
KR_6761623097,420,-2,31,-3,-9,-1,0,1,-8,1,9,3,5,2,-2,1,3,-1,0,1,0,-8,-17,-4,5,1,1,0,0,-1,-1,0,-1,1,1
KR_6740333349,420,0,17,-4,3,2,2,0,-1,2,3,0,2,2,2,3,1,0,1,1,0,1,-6,0,3,3,2,0,0,1,1,0,1,6,1
KR_6682809028,440,0,24,-11,2,-6,0,6,-3,0,3,5,5,0,6,8,2,0,0,0,0,6,9,2,1,3,-1,0,0,0,1,1,1,0,1
KR_6762486869,420,0,24,14,-2,3,3,0,-1,1,2,1,3,2,-5,1,6,0,3,3,0,-9,8,0,4,4,-4,0,0,-1,0,0,1,5,1
KR_6640140381,420,3,22,3,6,-2,0,2,2,2,0,1,3,2,5,6,1,0,1,1,0,10,2,-1,4,3,2,0,2,-1,1,1,1,2,1
KR_5761740326,420,1,30,-15,8,3,3,0,4,5,1,-1,1,2,1,2,1,1,2,1,0,2,-11,-2,3,1,0,0,1,1,1,1,1,2,1
KR_6583547192,420,5,108,12,9,2,2,0,2,3,1,3,5,2,2,2,0,0,3,3,-1,8,5,3,1,4,1,0,1,1,-1,1,-1,4,1
KR_6621116751,440,-2,-3,17,5,3,5,2,1,3,2,0,0,0,4,6,2,-3,1,4,0,2,0,-1,3,2,0,0,2,1,1,-1,1,2,1
KR_6698665354,420,-2,1,0,1,-1,4,5,-4,0,4,-2,1,3,7,8,1,1,3,2,2,7,-2,-4,6,2,2,0,-1,1,-1,-1,1,2,1
KR_6729501422,420,-1,-25,4,5,-1,0,1,1,4,3,1,5,4,5,6,1,-1,0,1,0,12,-1,1,3,4,0,0,1,1,1,1,1,6,1
KR_6759971499,420,0,-10,0,3,-1,2,3,1,1,0,1,1,0,2,2,0,0,0,0,0,4,-15,0,1,1,1,0,0,1,0,0,1,6,1
KR_6702551139,420,5,87,37,12,5,5,0,3,5,2,0,2,2,3,6,3,1,1,0,0,15,-23,-2,3,1,12,0,1,-1,0,1,1,2,1
KR_6690689757,420,1,-22,-2,-1,1,3,2,1,6,5,-1,2,3,-1,0,1,-1,0,1,0,0,52,3,1,4,18,0,1,1,1,1,-1,5,1
KR_6695762663,440,2,51,-31,-7,3,4,1,0,2,2,0,1,1,-10,0,10,0,1,1,0,-4,197,-2,3,1,3,0,0,-1,-1,1,1,2,1
KR_6761246633,440,-2,-19,20,-5,-1,2,3,0,1,1,-1,0,1,0,3,3,-3,0,3,0,1,20,8,1,9,0,0,-1,1,1,-1,-1,3,1
KR_6720365600,440,5,74,30,18,4,4,0,4,4,0,2,5,3,8,9,1,0,0,0,0,18,64,3,3,6,-30,0,0,0,1,1,1,0,1
KR_6760369652,420,-2,-62,-14,-2,-6,1,7,-2,4,6,9,12,3,-1,3,4,-2,0,2,1,-9,344,1,1,2,0,0,-1,-1,-1,-1,1,3,1
KR_6600196409,420,1,46,23,-1,-1,1,2,3,3,0,-1,0,1,-3,1,4,1,5,4,0,-4,-135,3,2,5,-2,0,0,1,-1,1,-1,1,1
KR_6763241882,420,-1,29,-11,1,2,2,0,0,1,1,-3,0,3,2,3,1,0,0,0,0,2,8,5,0,5,-2,0,-1,-1,1,-1,-1,4,1
KR_6735118766,420,4,86,20,8,2,3,1,5,5,0,-1,1,2,1,1,0,1,2,1,0,5,25,2,2,4,2,0,0,0,1,0,1,0,1
KR_6761311989,420,1,39,30,-2,-4,1,5,-4,1,5,3,3,0,1,1,0,2,2,0,0,-2,-23,-5,8,3,0,0,0,0,0,0,-1,0,1
KR_6699941058,420,-1,2,0,2,-2,0,2,3,3,0,0,0,0,1,4,3,0,0,0,0,0,-2,0,3,3,3,0,0,1,1,0,1,3,1
KR_6737331621,440,6,59,33,16,10,12,2,4,7,3,-3,3,6,0,4,4,5,6,1,0,20,7,2,0,2,1,0,4,1,1,1,1,3,1
KR_6725355089,420,0,67,-16,-4,-5,1,6,0,2,2,0,2,2,-1,1,2,2,2,0,0,0,-24,-1,4,3,2,0,1,-1,-1,1,-1,1,1
KR_6691553172,440,2,33,-24,7,-1,0,1,4,4,0,-2,0,2,7,8,1,-1,3,4,0,-1,-113,-4,9,5,-3,0,1,-1,-1,1,-1,4,1
KR_6762415163,420,2,98,4,5,1,2,1,-2,1,3,5,8,3,4,5,1,-3,1,4,1,-2,0,-2,7,5,3,0,1,1,1,1,1,1,1
KR_6728516028,420,1,25,-44,3,3,4,1,-1,1,2,1,2,1,-4,1,5,4,4,0,-1,-1,5,2,3,5,2,0,2,-1,-1,1,-1,5,1
KR_6751628206,420,3,36,28,6,4,4,0,-1,4,5,1,1,0,1,2,1,1,4,3,0,2,-163,0,2,2,1,0,2,1,1,1,1,4,1
KR_6748882658,420,-2,23,4,-7,-3,0,3,1,2,1,6,6,0,-8,1,9,-3,0,3,0,-7,26,0,2,2,-19,0,-1,0,0,-1,-1,0,1
KR_6763813320,420,7,57,-5,12,2,3,1,4,4,0,2,3,1,2,3,1,2,2,0,0,16,-4,0,1,1,0,0,0,0,1,1,1,0,1
KR_6640680419,440,0,69,16,4,2,3,1,-1,1,2,2,2,0,1,3,2,0,0,0,0,1,13,3,2,5,-2,0,2,1,1,1,1,2,1
KR_6725515155,440,3,57,-1,13,-2,3,5,-1,2,3,-1,3,4,12,13,1,5,5,0,3,15,2,5,1,6,-1,0,1,0,-1,1,1,0,1
KR_6738658547,420,5,129,48,10,6,7,1,2,3,1,1,2,1,0,0,0,1,1,0,0,8,-8,1,3,4,-2,0,2,1,1,1,1,2,1
KR_6718938602,420,2,-2,-4,1,2,2,0,-2,1,3,-1,1,2,3,3,0,-1,2,3,0,5,109,5,2,7,-3,0,0,0,1,0,1,0,1
KR_6725508976,420,1,68,12,9,4,4,0,-1,2,3,2,3,1,2,3,1,2,2,0,0,5,43,1,3,4,-21,0,0,1,0,0,1,5,1
KR_6742992835,440,5,111,32,7,-2,2,4,6,7,1,3,6,3,1,4,3,-1,2,3,1,1,-46,-3,7,4,23,0,2,1,-1,1,1,5,1
KR_6743007533,420,1,131,8,6,-1,4,5,-1,3,4,6,7,1,2,6,4,0,2,2,0,0,6,1,2,3,-2,0,3,1,0,1,-1,2,1
KR_6728408207,420,6,90,9,8,2,2,0,0,1,1,5,6,1,2,2,0,-1,0,1,0,0,-6,2,2,4,3,0,3,1,-1,1,1,6,1
KR_6719711069,420,3,28,8,1,0,0,0,-1,2,3,3,3,0,-3,1,4,2,2,0,0,-2,40,3,1,4,-19,0,1,0,1,1,1,0,1
KR_6759519155,420,-1,7,8,0,1,3,2,-3,3,6,1,1,0,1,3,2,0,1,1,0,-1,39,0,5,5,-15,0,-1,0,-1,-1,-1,0,1
KR_6703056822,420,3,1,16,14,1,3,2,5,6,1,3,3,0,3,8,5,2,2,0,0,11,-183,2,2,4,-2,0,3,-1,1,1,1,1,1
KR_6609704338,420,3,14,31,5,6,6,0,-3,2,5,-4,1,5,4,4,0,2,4,2,0,2,5,2,2,4,0,0,3,0,1,1,-1,0,1
KR_6691605227,420,3,-17,8,9,-1,0,1,6,6,0,2,3,1,2,3,1,0,0,0,0,5,-6,2,4,6,2,0,0,-1,1,0,1,2,1
KR_6715676911,420,1,-6,-4,5,1,2,1,5,6,1,-3,2,5,4,5,1,-2,0,2,0,4,-23,3,2,5,24,0,1,1,1,1,1,6,1
KR_6395319225,420,3,32,12,3,1,1,0,1,3,2,0,2,2,0,3,3,1,1,0,0,1,5,-4,7,3,-5,0,0,1,0,0,1,5,1
KR_6697692076,420,1,22,2,0,4,5,1,2,2,0,-3,4,7,-4,0,4,1,1,0,1,-2,174,-4,5,1,-16,0,2,1,1,1,1,4,1
KR_6735301517,420,2,55,25,5,4,5,1,-2,4,6,4,5,1,0,4,4,-1,1,2,-1,5,20,-6,6,0,2,0,1,1,1,1,-1,2,1
KR_6712784474,420,2,16,40,1,-4,0,4,2,3,1,1,2,1,0,3,3,2,3,1,0,5,82,-3,5,2,22,0,1,1,1,1,-1,2,1
KR_6749972571,420,3,99,28,6,4,5,1,2,4,2,0,5,5,-2,4,6,2,3,1,0,2,37,3,0,3,-18,0,0,1,-1,1,1,3,1
KR_6685223008,420,6,113,17,10,9,10,1,1,3,2,4,6,2,-1,2,3,-3,2,5,0,-8,0,1,1,2,-2,0,1,-1,0,1,-1,6,1
KR_6715539783,420,-1,-20,20,1,-3,2,5,5,8,3,2,3,1,-1,2,3,-2,1,3,0,0,-5,1,1,2,0,0,-2,1,-1,-1,1,4,1
KR_6760467264,420,1,2,29,2,-4,0,4,-1,1,2,2,4,2,5,6,1,0,2,2,0,7,5,1,2,3,-1,0,1,-1,-1,-1,-1,3,1
KR_6737487436,420,3,-27,24,8,0,1,1,1,4,3,9,9,0,0,9,9,-2,4,6,0,5,0,2,1,3,4,0,0,1,1,0,-1,3,1
KR_6752980918,420,1,58,-4,-1,-1,1,2,-4,0,4,-2,3,5,4,5,1,2,3,1,0,4,11,2,3,5,1,0,1,-1,-1,1,1,2,1
KR_6592175597,420,3,64,8,9,1,3,2,5,7,2,2,3,1,-1,0,1,2,3,1,0,2,-10,-1,6,5,4,0,0,-1,1,1,-1,1,1
KR_6757418686,420,2,58,-9,6,-1,1,2,1,2,1,0,3,3,6,9,3,0,2,2,0,5,2,0,2,2,1,0,3,-1,1,1,1,2,1
KR_6705993722,420,0,-24,-6,-1,-1,0,1,-5,0,5,5,6,1,1,2,1,-1,0,1,0,-1,-171,0,3,3,0,0,0,1,-1,0,-1,4,1
KR_6759983787,420,1,-43,8,7,6,7,1,1,4,3,-1,5,6,1,5,4,0,0,0,-1,3,-4,1,4,5,0,0,0,1,0,0,-1,1,1
KR_6659848822,420,0,7,-8,-2,3,4,1,-3,2,5,1,4,3,-1,1,2,-2,1,3,1,0,-8,-3,6,3,-2,0,0,-1,0,0,1,4,1
KR_6661579092,420,4,48,27,13,-1,0,1,2,2,0,10,10,0,2,4,2,0,0,0,2,10,10,6,1,7,0,0,1,-1,0,1,1,5,1
KR_6750665491,440,-1,-7,-12,1,-3,4,7,3,5,2,-2,2,4,2,5,3,1,5,4,0,-2,2,3,2,5,0,0,1,-1,1,-1,-1,5,1
KR_6750323978,420,0,15,5,-4,-2,1,3,1,2,1,-2,1,3,-1,3,4,0,0,0,-1,-5,-2,2,2,4,0,0,2,1,-1,1,-1,3,1
KR_6648744010,440,0,-5,0,-2,4,5,1,3,3,0,-9,1,10,0,0,0,0,0,0,0,6,1,3,2,5,-3,0,1,1,-1,1,-1,3,1
KR_6763694045,440,-3,-51,-16,0,1,2,1,-3,1,4,-4,1,5,2,3,1,4,4,0,0,8,0,0,3,3,-1,0,0,1,0,-1,1,3,1
KR_6724140752,420,2,61,-9,10,0,2,2,-1,3,4,9,11,2,0,0,0,2,4,2,0,5,8,6,1,7,1,0,0,1,1,0,1,4,1
KR_6725563998,420,-1,-45,37,-2,0,2,2,0,3,3,-4,1,5,0,2,2,2,3,1,0,-4,45,-1,6,5,-15,0,-2,-1,1,1,1,5,1
KR_6750572494,440,5,-2,44,15,1,3,2,1,6,5,6,7,1,5,6,1,2,2,0,0,12,2,3,0,3,-2,0,0,-1,1,0,1,6,1
KR_6659634488,420,3,22,8,6,-4,0,4,3,3,0,0,1,1,6,6,0,1,3,2,0,10,-19,0,3,3,1,0,1,0,-1,1,1,0,1
KR_6693326685,440,1,25,24,9,-5,2,7,7,8,1,1,1,0,6,8,2,0,1,1,0,10,9,-1,2,1,2,0,-3,1,-1,-1,-1,4,1
KR_6745207433,420,3,61,36,9,2,2,0,6,6,0,-2,0,2,2,3,1,1,1,0,1,11,17,0,3,3,2,0,-1,1,1,1,1,6,1
KR_6583975386,420,0,-55,-25,-2,-4,2,6,0,2,2,1,4,3,3,5,2,-2,1,3,1,-1,-5,-2,4,2,-2,0,0,-1,0,0,1,3,1
KR_6622726425,420,3,50,-16,6,1,2,1,2,3,1,1,1,0,2,2,0,0,0,0,0,6,12,1,2,3,0,0,1,1,1,1,-1,5,1
KR_6614960581,420,6,113,24,6,2,2,0,3,6,3,1,1,0,1,2,1,-1,1,2,0,7,-1,-3,5,2,6,0,2,1,1,1,1,1,1
KR_6666491867,420,1,5,-31,7,0,0,0,1,1,0,2,4,2,2,2,0,2,3,1,0,4,-70,2,1,3,0,0,-1,1,-1,-1,-1,5,1
KR_6646310477,420,0,40,5,-3,1,2,1,-1,2,3,-4,1,5,1,3,2,0,0,0,0,-2,14,0,2,2,2,0,0,0,0,0,-1,0,1
KR_6753385365,420,5,132,14,13,2,3,1,5,9,4,9,9,0,-4,1,5,1,1,0,1,10,322,1,0,1,2,0,4,1,1,1,1,4,1
KR_6758430711,420,8,10,38,20,9,9,0,0,1,1,8,8,0,2,2,0,1,1,0,0,16,-6,2,1,3,0,0,1,1,0,1,1,2,1
KR_6758891341,440,-1,83,-12,-2,1,1,0,-1,1,2,1,4,3,-2,2,4,-1,0,1,0,-4,-5,-2,6,4,0,0,0,-1,1,0,1,3,1
KR_6609673181,440,-3,-82,-10,5,-2,2,4,-2,0,2,0,1,1,7,7,0,2,2,0,-1,14,9,5,2,7,-1,0,-2,1,-1,-1,-1,1,1
KR_6725590061,420,-1,-126,-11,-1,-2,0,2,3,4,1,-4,3,7,2,2,0,0,0,0,0,4,43,-3,3,0,-9,0,-1,1,-1,-1,-1,6,1
KR_6709054705,440,6,138,29,5,5,5,0,1,1,0,-6,0,6,3,4,1,2,2,0,0,7,-10,-3,6,3,4,0,0,0,1,1,-1,0,1
KR_6754304081,420,1,54,24,-1,1,1,0,-5,0,5,1,4,3,4,6,2,-2,1,3,0,1,10,-2,3,1,-2,0,-1,0,-1,-1,-1,0,1
KR_6722115505,420,7,103,4,16,6,8,2,0,1,1,5,5,0,5,5,0,0,0,0,0,7,-12,3,2,5,6,0,2,-1,-1,1,1,5,1
KR_6760762827,440,7,17,36,12,9,9,0,-1,3,4,-1,1,2,1,1,0,4,5,1,0,17,-3,4,0,4,1,0,-1,1,1,-1,-1,2,1
KR_6675491159,420,2,56,0,7,0,2,2,2,4,2,2,3,1,3,6,3,0,0,0,0,1,-361,-1,2,1,1,0,2,1,-1,1,1,1,1
KR_6739157394,420,0,-40,4,3,3,3,0,1,3,2,-5,1,6,3,4,1,1,1,0,0,11,-284,2,1,3,-1,0,0,1,-1,0,1,4,1
KR_6753302891,440,1,-3,-8,1,-5,0,5,2,5,3,-1,0,1,4,4,0,1,1,0,0,6,-202,5,0,5,-2,0,0,0,1,1,1,0,1
KR_6725233956,420,1,74,2,8,1,3,2,1,1,0,4,5,1,1,1,0,1,3,2,0,10,0,-1,5,4,5,0,0,0,0,0,1,0,1
KR_6596001182,420,2,37,-4,4,-1,2,3,0,2,2,3,3,0,2,4,2,0,0,0,0,1,1,2,0,2,-2,0,0,-1,1,1,1,3,1
KR_6751194511,420,-3,-85,8,-6,-1,2,3,4,7,3,-3,0,3,-4,2,6,-2,0,2,0,-3,-14,3,0,3,-5,0,-1,1,1,-1,-1,3,1
KR_6722154547,440,10,115,35,23,8,8,0,2,4,2,2,5,3,9,9,0,2,3,1,0,18,24,1,0,1,0,0,5,1,1,1,1,3,1
KR_6637434055,420,2,14,12,2,0,0,0,1,2,1,0,5,5,1,1,0,0,0,0,0,-1,-3,1,2,3,1,0,0,1,1,0,1,2,1
KR_6738649434,440,1,80,-8,0,3,4,1,-2,4,6,0,3,3,-1,2,3,0,1,1,1,-5,372,1,2,3,1,0,1,1,1,1,1,3,1
KR_6762379639,440,-2,-55,8,-6,-1,0,1,0,2,2,-3,3,6,-2,4,6,0,2,2,0,-6,186,-1,1,0,-1,0,-1,1,0,-1,1,4,1
KR_6563373452,420,10,114,67,20,3,3,0,2,2,0,2,4,2,12,14,2,1,2,1,1,12,16,-5,7,2,7,0,3,1,-1,1,1,3,1
KR_6319958715,420,2,-29,40,0,-1,2,3,2,5,3,2,3,1,-3,4,7,0,2,2,1,0,-144,4,2,6,-1,0,-1,1,1,-1,1,3,1
KR_6706117353,420,4,28,34,11,0,2,2,2,2,0,5,5,0,3,4,1,1,2,1,0,15,4,2,0,2,0,0,1,-1,1,1,1,4,1
KR_6633904623,420,2,53,1,1,-2,1,3,3,4,1,0,1,1,0,1,1,0,0,0,0,-4,3,0,0,0,0,0,-1,1,-1,-1,1,6,1
KR_6721528399,440,4,61,11,13,-1,1,2,4,4,0,3,4,1,6,6,0,1,2,1,0,20,1,2,3,5,2,0,1,-1,1,1,1,3,1
KR_6707121500,420,0,-48,-7,2,0,1,1,2,5,3,7,7,0,-6,1,7,-1,3,4,0,0,6,5,0,5,-2,0,-1,1,-1,-1,-1,4,1
KR_6624672496,420,0,9,16,-5,3,3,0,-1,1,2,-2,2,4,-5,0,5,0,0,0,0,-8,-45,-6,8,2,12,0,1,-1,1,1,-1,5,1
KR_6751302428,420,-1,12,-14,2,0,2,2,4,4,0,2,2,0,-3,3,6,-1,1,2,0,-1,-110,4,3,7,-1,0,1,-1,1,1,1,5,1
KR_6618509391,420,7,138,45,17,4,5,1,2,6,4,2,2,0,8,8,0,1,1,0,1,7,-12,1,2,3,5,0,1,1,0,1,1,1,1
KR_6760401382,420,2,67,7,3,7,7,0,1,2,1,-2,1,3,-4,1,5,1,1,0,0,2,-23,-3,3,0,9,0,0,1,-1,0,1,3,1
KR_6730904079,420,0,2,16,-1,1,4,3,-3,2,5,0,3,3,2,4,2,-1,1,2,0,2,-272,-1,3,2,-1,0,0,-1,0,0,-1,6,1
KR_6756973747,420,0,35,-12,-2,2,2,0,1,1,0,-7,1,8,3,3,0,-1,1,2,0,3,-20,1,2,3,1,0,1,-1,1,1,-1,2,1
KR_6696841088,420,4,44,44,3,-1,0,1,3,4,1,1,3,2,0,3,3,0,0,0,0,2,0,1,4,5,3,0,0,0,0,0,-1,0,1
KR_6721795792,420,3,106,20,3,1,3,2,-3,2,5,-1,1,2,6,6,0,0,1,1,0,4,4,-5,7,2,3,0,1,-1,-1,1,1,2,1
KR_6494171389,420,3,82,10,9,5,6,1,3,5,2,-2,3,5,1,3,2,2,2,0,0,5,-3,-1,2,1,2,0,1,0,0,1,1,0,1
KR_6753747698,420,2,-17,3,5,1,6,5,4,6,2,2,3,1,0,2,2,-2,0,2,0,6,-458,2,0,2,-1,0,0,1,0,1,1,1,1
KR_6685760653,440,5,61,-11,9,3,3,0,0,2,2,4,7,3,2,3,1,0,6,6,0,3,14,-2,3,1,2,0,2,1,-1,1,1,3,1
KR_6614708775,440,1,0,20,-1,-3,0,3,1,2,1,0,0,0,-1,1,2,2,2,0,0,2,-5,1,0,1,-1,0,0,-1,1,0,-1,2,1
KR_6711297184,420,7,149,23,14,0,3,3,0,3,3,8,8,0,7,8,1,-1,0,1,0,14,403,1,1,2,1,0,2,1,0,1,1,4,1
KR_6569698033,420,1,19,0,2,-2,1,3,1,2,1,4,5,1,-3,0,3,2,2,0,0,0,-71,2,2,4,13,0,0,1,1,1,-1,3,1
KR_6628858997,420,-3,-9,34,-6,0,0,0,0,0,0,-5,0,5,2,3,1,-3,0,3,1,0,-18,1,2,3,-3,0,0,0,-1,0,1,0,1
KR_6709147637,420,5,66,13,10,4,5,1,3,4,1,0,0,0,1,1,0,2,3,1,0,8,-2,0,2,2,1,0,2,-1,1,1,1,3,1
KR_6545699860,420,3,26,-4,2,1,3,2,-1,4,5,2,2,0,-2,2,4,2,4,2,0,-3,-9,-5,7,2,2,0,1,1,-1,1,-1,6,1
KR_6571655670,420,1,-6,12,4,-1,3,4,-2,0,2,-2,1,3,9,9,0,0,0,0,1,7,0,-7,10,3,1,0,1,-1,1,1,1,2,1
KR_6742252463,420,-5,33,-16,1,4,5,1,-1,1,2,1,1,0,-3,0,3,0,1,1,1,-2,7,2,4,6,3,0,0,1,1,0,1,2,1
KR_6745702466,440,0,17,-21,-5,-2,1,3,-7,4,11,-2,4,6,5,6,1,1,2,1,-1,1,-23,0,0,0,0,0,-1,-1,-1,-1,-1,1,1
KR_6705524606,440,3,45,-8,-1,3,3,0,0,2,2,-1,0,1,-6,0,6,3,6,3,1,-4,33,-1,4,3,-20,0,1,1,0,1,1,1,1
KR_6302423754,420,1,-22,-11,2,-2,2,4,1,1,0,2,4,2,-3,1,4,4,4,0,1,3,5,6,0,6,-2,0,1,1,1,1,1,3,1
KR_6645415611,420,-1,-35,3,4,4,5,1,-4,0,4,5,6,1,2,5,3,-3,1,4,0,0,3,5,0,5,-1,0,1,1,1,1,1,2,1
KR_6647782336,440,3,34,20,4,-4,1,5,3,8,5,2,5,3,0,3,3,3,3,0,1,1,14,-2,5,3,-3,0,1,1,1,1,1,1,1
KR_6347254455,420,1,-35,-4,2,-3,0,3,1,1,0,3,4,1,-1,0,1,2,2,0,0,4,-20,-3,4,1,19,0,0,1,0,0,-1,3,1
KR_6705422300,420,1,45,-19,4,6,6,0,0,1,1,-2,2,4,0,1,1,0,0,0,-1,-3,-8,1,0,1,2,0,2,-1,1,1,-1,5,1
KR_6714716932,420,0,26,4,-1,0,2,2,0,3,3,1,3,2,-5,1,6,3,3,0,0,-3,29,-8,10,2,-22,0,1,1,1,1,1,6,1
KR_6664105476,420,4,93,1,10,5,5,0,-1,2,3,6,8,2,0,1,1,0,1,1,0,3,-33,-5,6,1,19,0,3,-1,1,1,1,6,1
KR_6761063414,440,1,85,20,2,0,1,1,2,3,1,2,4,2,2,3,1,-4,1,5,0,-2,7,2,3,5,-2,0,0,1,-1,0,1,3,1
KR_6483881389,420,1,84,-4,7,2,5,3,0,1,1,2,3,1,2,2,0,1,1,0,2,7,-6,2,2,4,4,0,1,-1,1,1,1,3,1
KR_6738525413,420,4,37,24,11,2,3,1,0,1,1,4,6,2,6,6,0,-1,0,1,0,10,90,4,0,4,-1,0,0,1,-1,-1,1,3,1
KR_6607770990,420,2,-9,16,2,-2,1,3,1,2,1,2,3,1,0,2,2,1,2,1,-1,-1,4,2,0,2,0,0,0,1,1,0,-1,5,1
KR_6547937566,420,2,17,29,4,-3,1,4,1,3,2,1,4,3,3,4,1,2,2,0,0,8,-2,2,1,3,-2,0,1,1,1,1,1,1,1
KR_6731457570,420,-3,20,11,-10,0,1,1,0,2,2,-6,0,6,0,0,0,-4,0,4,-1,-6,137,4,1,5,-1,0,-1,0,-1,-1,-1,0,1
KR_6609267587,440,0,-42,28,1,-2,1,3,6,7,1,-1,0,1,-4,3,7,2,2,0,0,1,31,1,1,2,2,0,0,0,0,0,-1,0,1
KR_6760704418,420,-2,-54,-40,-2,2,2,0,-2,3,5,1,3,2,-2,4,6,-1,0,1,0,1,-7,-1,3,2,0,0,0,-1,0,0,-1,6,1
KR_6724835421,420,1,12,24,-2,5,5,0,-4,0,4,2,5,3,-5,0,5,0,1,1,0,-6,-186,1,3,4,-1,0,0,1,1,0,-1,3,1
KR_6605435375,420,0,-40,4,7,0,1,1,3,4,1,6,8,2,-2,0,2,0,0,0,1,14,245,5,2,7,0,0,2,1,1,1,1,1,1
KR_6724002490,440,1,-37,3,6,2,2,0,3,5,2,-1,0,1,3,3,0,-1,0,1,0,8,12,6,1,7,-3,0,1,1,1,1,1,3,1
KR_6732756788,420,5,74,15,12,1,2,1,4,6,2,4,5,1,6,8,2,-3,1,4,-1,15,1,-2,6,4,4,0,1,1,1,1,-1,6,1
KR_6750847610,420,2,83,-12,13,2,3,1,3,5,2,0,4,4,5,7,2,3,4,1,1,14,-68,2,2,4,-2,0,0,1,1,-1,1,2,1
KR_6756877822,420,3,-19,20,1,0,4,4,4,4,0,4,5,1,-6,2,8,-1,0,1,-1,-2,-233,-2,5,3,3,0,0,-1,1,0,1,2,1
KR_6723860906,420,4,2,19,1,5,5,0,-3,1,4,-5,4,9,5,5,0,-1,5,6,0,-8,-4,-2,4,2,2,0,0,-1,1,1,-1,5,1
KR_6643267033,420,1,55,2,0,0,0,0,-1,1,2,-3,1,4,6,6,0,-2,0,2,0,-3,4,3,2,5,-1,0,0,1,-1,0,1,1,1
KR_6606643901,420,2,-27,5,6,3,3,0,-2,3,5,3,3,0,2,3,1,0,3,3,0,2,37,3,0,3,-11,0,0,0,-1,0,-1,0,1
KR_6612641986,440,5,65,-4,4,2,3,1,0,0,0,3,4,1,3,5,2,-4,1,5,0,4,-33,2,2,4,20,0,1,-1,1,1,1,4,1
KR_6731598369,420,1,59,-12,6,1,1,0,-3,3,6,5,9,4,2,3,1,1,1,0,1,3,22,0,2,2,0,0,2,1,-1,1,1,3,1
KR_6617496212,420,3,84,37,11,3,3,0,0,3,3,3,4,1,3,4,1,2,3,1,0,9,2,2,3,5,2,0,2,1,1,1,1,1,1
KR_6641581330,420,-1,-72,31,-1,2,2,0,2,4,2,-3,3,6,-3,1,4,1,1,0,0,-3,-4,0,2,2,2,0,1,1,1,1,1,1,1
KR_6764431414,420,1,17,7,7,3,3,0,-3,2,5,0,1,1,4,5,1,3,4,1,0,7,153,-4,7,3,-15,0,2,-1,1,1,-1,5,1
KR_6761557746,440,1,55,-26,7,2,2,0,-3,0,3,-1,3,4,0,1,1,9,13,4,0,8,12,3,1,4,-3,0,1,1,-1,1,1,6,1
KR_6664527908,420,2,41,-44,11,-1,3,4,-1,3,4,2,2,0,7,7,0,4,4,0,0,13,-60,6,4,10,-17,0,-1,0,-1,-1,1,0,1
KR_6665095954,420,4,-33,41,13,2,4,2,1,3,2,1,2,1,6,9,3,3,4,1,0,9,2,1,0,1,1,0,0,1,1,1,1,6,1
KR_6732675008,440,2,17,7,5,-2,1,3,3,6,3,4,4,0,0,2,2,0,2,2,0,-1,-44,2,5,7,12,0,-1,1,1,-1,1,6,1
KR_6697002206,420,0,33,10,4,1,2,1,-1,0,1,3,4,1,1,4,3,0,0,0,0,0,-225,5,4,9,-4,0,2,1,1,1,1,2,1
KR_6762207813,420,3,25,-20,5,3,3,0,-1,2,3,0,3,3,3,4,1,0,2,2,0,2,7,0,1,1,0,0,1,1,1,1,1,6,1
KR_6726519765,420,0,-33,17,6,-1,2,3,0,4,4,0,6,6,4,6,2,3,3,0,-1,0,-64,-1,2,1,26,0,-1,1,-1,-1,-1,4,1
KR_6699059299,440,0,35,12,-4,2,2,0,0,2,2,2,2,0,-8,0,8,0,2,2,0,-4,362,5,1,6,0,0,1,0,1,1,-1,0,1
KR_5896775962,440,8,58,27,14,3,4,1,-2,3,5,2,2,0,9,10,1,2,4,2,2,20,8,7,0,7,1,0,4,1,1,1,1,1,1
KR_6745897876,440,9,190,16,18,5,5,0,1,4,3,8,8,0,4,8,4,0,1,1,1,14,7,4,1,5,2,0,1,1,1,1,1,1,1
KR_6724951348,420,-3,17,-16,-7,5,5,0,0,2,2,-2,3,5,-8,0,8,-2,2,4,0,-10,9,1,2,3,-4,0,0,-1,0,1,1,4,1
KR_6485540877,420,-2,-18,-4,-6,-2,0,2,4,4,0,-5,1,6,-3,0,3,0,0,0,0,1,-140,-2,4,2,-1,0,-2,0,-1,-1,1,0,1
KR_6757697112,420,3,41,0,13,1,1,0,4,5,1,3,8,5,4,6,2,1,1,0,1,14,-8,0,3,3,4,0,1,1,-1,1,1,3,1
KR_6527932464,420,1,66,-25,1,3,3,0,1,3,2,-3,2,5,-1,0,1,1,2,1,0,2,-1,0,4,4,0,0,1,-1,1,1,1,2,1
KR_6732879064,420,0,5,-11,4,0,0,0,-2,0,2,-2,2,4,9,10,1,-1,0,1,0,3,-3,-1,7,6,-2,0,1,0,0,1,1,0,1
KR_6629240638,420,2,-14,26,2,-3,1,4,3,5,2,3,3,0,0,1,1,-1,1,2,0,1,2,0,3,3,-1,0,2,-1,1,1,1,6,1
KR_6759842381,420,1,29,-1,5,-2,1,3,2,2,0,2,2,0,3,3,0,0,2,2,0,9,3,-1,3,2,-2,0,2,1,-1,1,-1,2,1
KR_6710051625,420,1,-25,12,4,4,4,0,7,7,0,-2,0,2,-3,3,6,-2,0,2,2,16,-17,-1,3,2,-2,0,0,1,1,1,1,3,1
KR_6753989038,440,4,145,32,5,3,4,1,3,3,0,2,4,2,-4,0,4,1,1,0,1,-4,43,2,1,3,-18,0,4,1,1,1,1,1,1
KR_6661491772,420,2,-9,24,0,1,4,3,-2,3,5,4,6,2,-2,1,3,-1,0,1,1,-3,2,2,2,4,0,0,1,-1,1,-1,1,1,1
KR_6743138574,420,2,-19,-17,0,-2,1,3,-2,1,3,3,5,2,1,2,1,0,0,0,0,2,-52,0,1,1,17,0,-1,1,-1,-1,-1,1,1
KR_6763308628,440,0,110,-4,-3,1,2,1,1,1,0,3,3,0,-5,0,5,-3,0,3,-1,-7,154,2,2,4,-1,0,0,1,1,1,-1,1,1
KR_6633407189,420,4,85,14,13,5,5,0,-2,2,4,2,4,2,8,9,1,0,1,1,0,11,-149,6,0,6,1,0,0,0,-1,0,1,0,1
KR_6757629558,420,3,-78,18,9,1,1,0,6,7,1,2,2,0,1,3,2,-1,1,2,0,2,-47,-2,3,1,22,0,-1,0,1,-1,1,0,1
KR_6722837020,440,3,107,-10,7,2,2,0,4,6,2,-1,0,1,2,3,1,0,1,1,0,0,-18,0,4,4,-2,0,1,-1,0,1,1,5,1
KR_6602099064,420,1,-40,8,2,5,6,1,2,2,0,1,2,1,-6,1,7,0,1,1,0,3,-186,0,3,3,2,0,-2,-1,1,-1,1,5,1
KR_6738182692,440,0,-28,-20,2,1,1,0,4,4,0,-3,2,5,3,4,1,-3,0,3,0,9,-4,-6,8,2,2,0,0,-1,1,0,-1,3,1
KR_6601877076,420,-1,-31,4,6,1,2,1,3,5,2,-2,1,3,4,6,2,0,1,1,0,11,114,3,0,3,1,0,-2,1,-1,-1,1,6,1
KR_5661212927,420,1,-29,20,9,-1,0,1,9,10,1,-2,0,2,2,4,2,1,1,0,0,7,2,1,2,3,1,0,0,1,1,0,1,4,1
KR_6754793545,420,0,-7,0,6,3,3,0,2,4,2,2,2,0,-1,2,3,0,0,0,0,2,5,6,1,7,3,0,1,1,1,1,1,3,1
KR_6666144330,420,-1,-1,-17,7,-2,0,2,5,7,2,-2,0,2,6,7,1,0,1,1,0,8,-13,2,2,4,2,0,0,-1,1,1,1,2,1
KR_6487933312,420,1,20,-16,3,4,4,0,-4,2,6,1,2,1,3,5,2,-1,0,1,0,-2,8,4,2,6,-4,0,0,1,1,0,1,2,1
KR_6759352926,440,-3,-27,-25,0,-2,0,2,1,2,1,1,2,1,-1,1,2,1,1,0,0,0,-9,-1,3,2,-1,0,0,0,-1,0,1,0,1
KR_6761006383,420,-2,-2,-42,1,2,4,2,-1,0,1,2,2,0,0,1,1,-2,3,5,0,3,-32,8,1,9,14,0,0,0,-1,0,-1,0,1
KR_6365283602,420,-1,-58,35,-4,2,3,1,-3,1,4,1,2,1,1,1,0,-5,1,6,0,-6,0,0,0,0,-3,0,0,-1,1,0,1,2,1
KR_6743332927,420,4,50,33,9,3,4,1,3,3,0,4,4,0,2,8,6,-3,1,4,-1,0,13,8,1,9,-1,0,1,1,1,1,-1,2,1
KR_6606598596,420,2,20,-17,8,4,4,0,-1,0,1,3,3,0,3,5,2,-1,1,2,0,2,-4,1,3,4,0,0,2,-1,1,1,1,1,1
KR_6760070275,420,2,-108,4,7,0,3,3,4,6,2,1,3,2,3,6,3,-1,2,3,0,16,44,2,1,3,0,0,-1,1,1,-1,1,2,1
KR_6687259717,420,2,-11,15,8,3,3,0,0,2,2,6,6,0,-1,0,1,0,0,0,0,7,35,2,0,2,-21,0,0,-1,1,0,1,4,1
KR_6731727656,420,6,123,-1,14,0,0,0,1,1,0,5,7,2,5,5,0,3,5,2,0,8,2,-1,3,2,1,0,2,1,1,1,1,1,1
KR_6763954911,420,5,107,20,9,4,4,0,1,1,0,0,0,0,2,2,0,2,2,0,0,6,-5,2,1,3,2,0,1,1,1,1,1,4,1
KR_6634294960,420,-1,-62,-7,-4,-2,1,3,8,12,4,-5,0,5,-5,0,5,0,0,0,0,3,1,-4,4,0,1,0,0,-1,-1,0,-1,6,1
KR_6762854453,420,0,22,-3,6,1,1,0,3,4,1,-3,0,3,5,5,0,0,1,1,0,14,-7,-7,9,2,4,0,0,1,1,1,1,5,1
KR_6714772731,420,0,-33,-11,3,0,2,2,8,8,0,-1,2,3,-4,2,6,0,1,1,0,0,-34,2,5,7,21,0,0,0,-1,0,-1,0,1
KR_6591016961,420,-1,44,8,2,3,4,1,-2,0,2,4,4,0,0,2,2,-3,0,3,0,-4,-15,1,4,5,1,0,2,-1,1,1,-1,5,1
KR_6641219228,420,2,-9,41,4,4,5,1,4,5,1,-2,2,4,-2,2,4,0,0,0,0,-1,-8,-3,3,0,0,0,0,0,1,-1,1,0,1
KR_6616705782,420,6,40,-1,6,4,6,2,-1,4,5,3,5,2,0,1,1,0,0,0,0,1,21,0,3,3,7,0,1,-1,0,1,-1,3,1
KR_6669849912,420,4,20,24,4,5,6,1,-2,1,3,1,2,1,0,3,3,0,1,1,0,-2,9,1,3,4,2,0,2,1,1,1,1,3,1
KR_6591863641,420,-1,-19,24,0,4,5,1,-3,1,4,0,2,2,0,1,1,-1,0,1,-1,-6,-8,5,2,7,-2,0,1,-1,1,1,-1,6,1
KR_6742629357,420,4,63,25,8,3,3,0,0,5,5,1,1,0,3,6,3,1,1,0,0,9,-2,-1,6,5,4,0,1,0,-1,1,1,0,1
KR_6288228651,420,5,-42,4,11,6,6,0,0,1,1,-2,2,4,5,7,2,2,3,1,0,5,-27,-6,6,0,1,0,0,1,-1,0,1,2,1
KR_6688095338,420,2,-15,47,5,2,3,1,5,6,1,-1,0,1,1,3,2,-2,2,4,0,5,-2,0,0,0,-1,0,0,1,1,0,1,2,1
KR_6241658447,420,0,-7,1,-3,-1,2,3,-6,1,7,2,4,2,1,3,2,1,2,1,0,-2,-180,2,2,4,-2,0,0,-1,-1,0,-1,5,1
KR_6760730667,420,3,46,24,6,-2,0,2,-4,0,4,6,7,1,2,3,1,4,5,1,0,3,5,3,0,3,1,0,1,0,0,1,-1,0,1
KR_6744550890,420,3,63,31,7,-1,0,1,3,4,1,3,3,0,1,5,4,1,2,1,-2,4,2,-4,6,2,5,0,0,1,1,-1,-1,1,1
KR_6731604566,420,4,39,5,4,3,3,0,3,6,3,1,2,1,-1,1,2,-2,1,3,0,-4,4,-1,4,3,3,0,1,-1,1,1,1,5,1
KR_6691130600,420,8,50,15,1,-1,0,1,4,5,1,-3,0,3,0,1,1,1,3,2,0,2,-1,1,0,1,0,0,2,-1,1,1,1,4,1
KR_6712910985,420,2,-9,-17,6,2,2,0,-1,2,3,0,1,1,3,6,3,2,3,1,1,10,-12,-1,4,3,4,0,0,1,-1,-1,1,1,1
KR_6761523068,420,2,88,4,7,-1,1,2,4,4,0,-4,4,8,7,7,0,1,1,0,0,13,-3,2,0,2,0,0,2,-1,1,1,1,3,1
KR_6640590190,420,2,-14,0,8,1,2,1,7,7,0,-1,2,3,1,5,4,0,1,1,0,9,-13,-1,2,1,1,0,1,0,1,1,-1,0,1
KR_6759584671,420,2,112,11,5,2,3,1,0,1,1,1,5,4,6,8,2,-4,0,4,0,3,2,1,2,3,-1,0,2,0,-1,1,1,0,1
KR_6611183165,420,1,-26,28,6,3,3,0,3,4,1,-2,1,3,4,7,3,-2,0,2,0,9,-4,0,2,2,1,0,-1,1,-1,-1,1,6,1
KR_6663396085,420,1,18,-21,-2,-2,1,3,5,6,1,-2,3,5,-3,0,3,0,1,1,-1,-1,210,0,2,2,2,0,1,-1,1,1,-1,4,1
KR_6667199685,440,-1,103,4,-2,6,7,1,-3,2,5,-1,0,1,-5,2,7,1,2,1,0,-9,0,0,3,3,-1,0,1,-1,-1,-1,1,2,1
KR_6745808046,420,1,-5,28,6,1,2,1,5,6,1,1,3,2,-1,2,3,0,0,0,0,0,11,-1,5,4,-1,0,0,1,-1,0,-1,6,1
KR_6733362675,440,1,-21,-10,0,2,4,2,-3,0,3,3,4,1,-3,1,4,1,2,1,0,0,-3,-1,3,2,1,0,0,1,1,0,-1,3,1
KR_6736973895,440,2,63,-15,1,2,5,3,-3,0,3,0,1,1,1,1,0,1,2,1,0,-1,-2,1,3,4,-2,0,2,-1,1,1,1,6,1
KR_6720739187,420,-1,3,27,2,4,6,2,0,2,2,-2,1,3,-2,1,3,2,3,1,0,-4,136,1,2,3,-2,0,1,1,-1,1,1,3,1
KR_6676409404,420,3,35,19,8,2,4,2,1,3,2,11,12,1,2,5,3,-8,1,9,3,3,14,-1,5,4,-1,0,3,1,1,1,1,2,1
KR_6666245339,420,-5,-54,-55,-12,-2,0,2,-3,1,4,-5,0,5,-2,1,3,0,0,0,0,-11,4,-1,6,5,-3,0,0,-1,0,-1,-1,1,1
KR_6723666727,420,-3,-5,-29,0,2,3,1,4,5,1,-9,1,10,4,8,4,-1,1,2,0,-1,-11,0,5,5,-6,0,0,1,0,1,1,6,1
KR_6755239879,420,1,60,-12,1,1,2,1,-1,3,4,4,6,2,-2,2,4,-1,1,2,0,-7,40,-1,4,3,-23,0,0,-1,1,0,-1,2,1
KR_6140492623,420,3,73,-4,5,5,6,1,4,5,1,-3,0,3,-2,0,2,1,3,2,0,4,-10,0,7,7,-1,0,1,1,-1,1,-1,2,1
KR_6730003517,420,5,66,48,6,0,2,2,8,10,2,-1,0,1,0,1,1,-1,0,1,0,4,-15,1,2,3,2,0,1,1,0,1,1,1,1
KR_6761314026,420,2,91,3,9,2,5,3,3,3,0,1,2,1,1,3,2,2,2,0,-1,5,1,1,3,4,3,0,0,1,0,0,-1,4,1
KR_6761700685,440,-1,-8,-24,-1,0,6,6,0,1,1,2,3,1,0,1,1,-3,2,5,-1,-4,247,0,2,2,1,0,0,1,1,-1,-1,3,1
KR_6660822670,420,5,60,35,10,-2,1,3,0,1,1,2,4,2,8,9,1,2,4,2,1,-4,15,2,1,3,3,0,1,1,1,1,1,4,1
KR_6754383704,420,-1,89,-4,-4,3,3,0,-5,2,7,-7,1,8,6,7,1,-1,1,2,0,-2,-17,2,5,7,-5,0,1,1,-1,-1,-1,2,1
KR_6759855221,420,2,24,-12,4,2,3,1,0,5,5,4,6,2,-1,2,3,-1,0,1,-1,3,-4,-3,8,5,4,0,0,1,1,0,-1,6,1
KR_6763792890,420,2,42,1,7,-1,1,2,2,5,3,5,5,0,0,3,3,1,1,0,0,10,-5,2,2,4,22,0,-1,1,-1,-1,1,4,1
KR_6758349536,420,7,128,-12,14,4,4,0,6,6,0,1,2,1,4,4,0,-1,0,1,0,11,8,-3,6,3,1,0,3,1,-1,1,1,2,1
KR_6740427032,420,3,-31,35,-1,-3,1,4,1,2,1,3,3,0,1,2,1,-3,0,3,0,0,12,2,3,5,3,0,0,0,-1,-1,-1,0,1
KR_6715800335,420,6,93,28,3,2,4,2,-4,4,8,0,2,2,4,4,0,1,1,0,0,2,16,3,2,5,2,0,0,-1,1,1,1,4,1
KR_6757129505,420,-1,11,-6,1,-3,1,4,4,5,1,-1,2,3,2,6,4,-1,0,1,0,8,4,3,1,4,0,0,1,-1,1,1,-1,3,1
KR_6761623943,420,3,-4,8,5,9,9,0,-2,2,4,-1,2,3,2,3,1,-3,1,4,0,4,-14,2,2,4,-1,0,1,0,-1,1,-1,0,1
KR_6744713056,420,6,49,36,10,7,7,0,1,3,2,3,5,2,-3,2,5,2,4,2,0,4,18,1,4,5,-2,0,4,1,1,1,-1,3,1
KR_6726342262,420,4,37,-28,11,4,4,0,2,3,1,1,3,2,3,4,1,1,4,3,0,3,6,-2,2,0,-1,0,1,1,-1,-1,-1,5,1
KR_6713964626,440,3,86,8,11,-1,1,2,2,5,3,3,4,1,6,6,0,1,4,3,2,10,-4,6,1,7,2,0,2,1,-1,1,1,6,1
KR_6626680119,420,2,21,8,4,0,1,1,8,8,0,-1,2,3,-3,1,4,0,0,0,0,12,-205,1,1,2,1,0,0,1,0,1,-1,4,1
KR_6748093708,420,3,-18,32,-1,-5,1,6,2,4,2,-2,2,4,0,2,2,4,4,0,0,5,347,1,0,1,3,0,1,1,1,1,-1,5,1
KR_6731471862,420,3,70,19,7,-2,1,3,-2,3,5,2,4,2,9,9,0,0,2,2,0,5,4,1,2,3,0,0,1,1,1,1,1,2,1
KR_6761657784,420,3,42,-4,8,6,7,1,0,2,2,2,2,0,2,5,3,-2,0,2,0,2,-5,-1,4,3,2,0,2,1,0,1,-1,6,1
KR_6452123028,420,-1,-39,-10,-1,-2,3,5,2,2,0,-3,3,6,3,5,2,-1,2,3,0,0,-4,2,2,4,-1,0,0,1,1,-1,-1,4,1
KR_6735411650,420,4,34,-12,12,0,0,0,-3,0,3,2,5,3,5,5,0,8,8,0,0,18,-1,1,1,2,0,0,1,1,1,1,1,1,1
KR_6585825918,420,7,104,24,18,2,5,3,0,0,0,8,9,1,4,4,0,4,4,0,0,9,14,0,0,0,1,0,3,1,1,1,1,1,1
KR_6696064528,420,-1,98,-10,-1,6,6,0,-4,0,4,4,6,2,-5,2,7,-2,0,2,-2,-13,-36,6,0,6,-3,0,1,1,-1,1,-1,4,1
KR_6752548822,440,0,-18,3,-1,-3,1,4,3,10,7,-2,4,6,1,4,3,0,3,3,3,10,-11,4,3,7,3,0,0,1,1,0,1,3,1
KR_6592367353,420,0,14,-3,-2,-5,0,5,-2,1,3,4,5,1,0,1,1,1,3,2,0,0,12,-3,4,1,0,0,0,-1,1,-1,1,3,1
KR_6764420555,420,4,90,7,8,4,4,0,1,2,1,6,7,1,-2,1,3,-1,0,1,0,11,1,5,0,5,-3,0,0,1,1,0,-1,3,1
KR_6607727247,420,-2,-42,12,0,-1,2,3,-2,2,4,-2,2,4,1,2,1,4,4,0,1,4,-9,-2,4,2,3,0,0,1,1,1,1,5,1
KR_6730069921,420,7,44,35,13,4,4,0,1,1,0,3,3,0,1,2,1,4,4,0,1,14,-24,3,2,5,7,0,1,1,1,1,1,3,1
KR_6703620101,440,3,142,-8,10,4,5,1,1,3,2,2,5,3,1,3,2,2,5,3,1,10,19,2,0,2,-18,0,1,1,0,1,1,2,1
KR_6710966702,420,5,116,17,3,3,3,0,1,5,4,5,5,0,-3,0,3,-3,0,3,0,-6,7,3,0,3,2,0,2,-1,1,1,-1,3,1
KR_6653640904,420,2,14,-16,7,4,6,2,5,5,0,1,2,1,-3,0,3,0,2,2,0,4,4,3,2,5,-1,0,0,-1,1,1,-1,3,1
KR_6742703643,420,-2,-31,16,3,9,9,0,-1,0,1,1,2,1,-5,5,10,-1,0,1,0,-6,-5,0,2,2,1,0,2,1,1,1,1,1,1
KR_6722614570,420,-2,18,-15,-3,5,5,0,-4,0,4,0,3,3,-1,1,2,-3,1,4,0,-1,-5,2,2,4,0,0,1,-1,1,1,-1,1,1
KR_5609003628,420,8,75,106,15,0,0,0,4,4,0,8,8,0,5,6,1,-2,0,2,0,9,79,1,3,4,-3,0,5,1,1,1,1,3,1
KR_6762561179,440,-2,-50,-22,-2,0,2,2,0,3,3,-3,1,4,5,6,1,-4,0,4,0,4,216,-2,4,2,-4,0,0,-1,-1,-1,1,3,1
KR_6726184784,420,1,83,-4,1,-1,1,2,2,3,1,2,5,3,-2,1,3,0,1,1,0,1,-2,0,5,5,3,0,1,1,1,1,1,3,1
KR_6720196959,440,6,121,12,11,-1,1,2,4,7,3,8,9,1,0,2,2,0,2,2,1,5,11,2,3,5,0,0,2,0,1,1,1,0,1
KR_6757396613,420,8,76,12,21,-1,1,2,0,0,0,6,8,2,14,14,0,2,3,1,0,18,11,3,1,4,0,0,2,1,1,1,1,5,1
KR_6602405333,420,2,55,9,4,-1,1,2,-3,1,4,5,6,1,2,5,3,1,2,1,0,5,3,1,3,4,3,0,1,1,-1,1,1,3,1
KR_6244021175,420,3,75,-3,8,3,3,0,0,3,3,8,8,0,-2,0,2,-1,0,1,0,6,9,7,1,8,-4,0,2,-1,1,1,1,6,1
KR_6692225264,420,0,25,-15,2,0,2,2,-1,1,2,-2,5,7,4,5,1,1,2,1,0,0,289,-1,4,3,0,0,0,1,-1,0,1,3,1
KR_6696234537,420,-3,-51,-24,10,0,3,3,0,4,4,0,3,3,8,8,0,2,2,0,0,14,243,-1,4,3,2,0,0,0,0,1,-1,0,1
KR_6238581644,420,1,44,-9,6,4,5,1,-2,0,2,-2,0,2,4,5,1,2,2,0,0,7,-42,2,1,3,0,0,-1,-1,-1,-1,1,3,1
KR_6724070089,420,3,67,24,4,1,4,3,4,4,0,1,3,2,-2,2,4,0,0,0,0,1,-6,-1,5,4,1,0,2,1,1,1,1,5,1
KR_6748849046,420,5,85,13,7,-3,0,3,3,4,1,3,4,1,5,9,4,-1,2,3,0,4,-107,2,2,4,-2,0,1,1,-1,1,1,5,1
KR_5608921881,420,4,81,12,2,0,3,3,0,2,2,2,5,3,-2,1,3,2,3,1,0,-4,-20,0,8,8,0,0,-1,-1,-1,1,1,4,1
KR_6632222972,420,3,72,-4,13,3,4,1,3,5,2,3,4,1,2,3,1,2,2,0,-1,11,-101,-3,3,0,-1,0,1,1,0,1,-1,5,1
KR_6669160443,420,-2,6,-16,-1,2,4,2,0,4,4,-4,0,4,0,2,2,1,3,2,0,-8,19,3,2,5,-6,0,-1,1,-1,-1,-1,2,1
KR_6660727358,420,1,105,7,0,0,2,2,-3,0,3,2,6,4,3,3,0,-2,0,2,0,1,34,3,3,6,-1,0,0,1,1,1,-1,1,1
KR_6739828865,420,-2,65,16,-6,4,4,0,-9,1,10,-1,0,1,1,3,2,-1,1,2,0,-7,-3,-1,5,4,3,0,0,-1,0,0,1,4,1
KR_6683015031,420,0,20,5,2,0,1,1,-1,2,3,3,6,3,1,5,4,-1,2,3,1,3,-7,-3,5,2,5,0,1,1,0,1,1,1,1
KR_6633058619,420,0,-5,-8,5,-1,1,2,-2,1,3,4,4,0,2,5,3,2,2,0,0,18,22,1,2,3,-3,0,0,1,-1,0,-1,5,1
KR_6684625805,420,3,61,0,4,-2,1,3,0,1,1,4,6,2,3,4,1,-1,0,1,-1,0,3,1,0,1,-1,0,1,1,-1,-1,-1,2,1
KR_6654244922,420,1,103,-23,4,1,2,1,0,1,1,1,2,1,1,1,0,1,2,1,0,6,-4,-1,6,5,-1,0,0,1,-1,0,1,3,1
KR_6712324983,440,-5,-41,-40,-7,0,2,2,1,2,1,-1,1,2,-4,0,4,-3,1,4,0,-10,27,2,3,5,0,0,0,1,0,0,1,5,1
KR_6332758190,420,5,52,25,14,5,6,1,4,7,3,3,5,2,5,8,3,-3,0,3,2,11,-183,-1,3,2,-1,0,1,1,1,1,1,1,1
KR_6696942171,420,3,1,-8,8,1,2,1,1,3,2,4,4,0,5,5,0,-3,0,3,1,5,279,0,3,3,2,0,0,-1,1,1,1,4,1
KR_6706711606,420,-2,-34,-7,1,-1,0,1,1,4,3,0,0,0,1,1,0,0,0,0,-2,-1,3,-2,6,4,2,0,0,-1,1,0,-1,2,1
KR_6696548294,420,0,12,-28,-6,-3,1,4,-5,3,8,3,3,0,-3,2,5,2,4,2,0,-5,2,-1,4,3,-2,0,1,1,-1,1,-1,6,1
KR_6632783217,420,1,-28,12,13,2,2,0,2,3,1,1,2,1,5,7,2,3,3,0,0,15,-109,8,3,11,-1,0,2,1,1,1,1,2,1
KR_6637231508,420,0,44,4,0,2,3,1,2,3,1,0,3,3,-2,3,5,-2,0,2,0,-2,-5,3,2,5,1,0,0,1,1,0,-1,4,1
KR_6721272856,420,3,34,28,4,-1,0,1,2,2,0,1,2,1,3,3,0,-1,0,1,0,10,-1,0,3,3,3,0,1,1,-1,1,1,4,1
KR_6606963635,420,2,49,4,8,4,4,0,2,4,2,4,9,5,-2,0,2,0,0,0,1,2,121,0,2,2,1,0,1,0,1,1,1,0,1
KR_6724000704,420,-1,-135,-13,3,-2,3,5,1,2,1,4,5,1,-1,3,4,1,3,2,0,11,4,5,1,6,-4,0,-1,1,1,-1,-1,6,1
KR_6714060205,420,3,15,44,8,0,3,3,6,6,0,2,2,0,-1,1,2,1,2,1,0,9,5,5,2,7,-2,0,0,1,1,0,-1,5,1
KR_6695714214,420,1,2,-18,0,-1,1,2,-2,1,3,-5,2,7,6,6,0,2,2,0,0,0,-45,2,1,3,3,0,-1,1,-1,-1,1,1,1
KR_6589219636,440,3,53,16,3,5,5,0,-3,2,5,0,1,1,0,3,3,1,2,1,0,3,2,0,2,2,-1,0,2,-1,0,1,1,4,1
KR_6642082553,420,2,80,-4,11,3,3,0,3,3,0,1,3,2,3,4,1,1,2,1,0,4,-25,1,4,5,7,0,0,1,1,1,1,1,1
KR_6759713714,440,4,115,-2,3,-1,1,2,-2,0,2,6,6,0,0,3,3,0,1,1,0,-3,1,3,0,3,-1,0,1,0,1,1,1,0,1
KR_6537717309,420,4,74,44,7,5,6,1,2,2,0,-1,3,4,0,5,5,1,2,1,0,4,395,4,1,5,-1,0,0,0,1,0,1,0,1
KR_6453041550,420,4,49,-14,4,1,1,0,1,4,3,-4,1,5,4,5,1,2,3,1,0,7,6,5,2,7,-3,0,0,1,-1,0,-1,5,1
KR_6710232118,420,3,42,0,5,5,6,1,-3,1,4,-8,1,9,9,11,2,2,3,1,0,-2,247,-2,4,2,0,0,0,1,1,1,-1,2,1
KR_6648578056,420,-3,-34,-35,-7,-1,1,2,0,2,2,2,4,2,-8,1,9,0,2,2,0,-8,179,1,0,1,-1,0,-1,-1,0,-1,-1,6,1
KR_6637067143,420,-3,-64,-36,4,2,3,1,-1,5,6,-1,3,4,2,5,3,2,2,0,0,6,291,-1,3,2,-1,0,-1,0,1,-1,1,0,1
KR_6607027220,420,2,78,-16,9,3,4,1,-2,3,5,-1,2,3,5,6,1,4,4,0,0,5,7,2,1,3,0,0,1,1,0,1,-1,6,1
KR_6681125783,420,4,63,-19,2,5,5,0,-2,3,5,3,5,2,-1,3,4,-3,2,5,0,-6,118,5,0,5,1,0,2,-1,1,1,1,2,1
KR_6657030072,420,5,27,20,6,3,6,3,1,2,1,-2,0,2,1,4,3,3,3,0,-2,4,3,-4,6,2,0,0,1,-1,-1,1,1,2,1
KR_6732815546,420,1,-26,7,-1,1,1,0,0,2,2,-4,0,4,-1,3,4,3,3,0,0,1,4,3,1,4,-6,0,0,-1,-1,1,1,2,1
KR_6708776062,420,4,94,18,10,0,1,1,3,4,1,-1,2,3,3,3,0,5,5,0,0,9,-9,-4,5,1,2,0,1,0,0,1,-1,0,1
KR_6683282892,440,1,-43,-3,-4,-1,0,1,-1,4,5,2,3,1,-4,2,6,0,1,1,0,-2,9,3,4,7,1,0,0,-1,-1,0,-1,6,1
KR_6581658566,420,3,25,40,5,3,4,1,2,3,1,2,2,0,-1,1,2,-1,1,2,0,5,8,3,2,5,2,0,2,1,1,1,-1,2,1
KR_6689752516,420,2,38,-9,4,-1,2,3,-3,0,3,2,6,4,2,5,3,4,8,4,1,9,11,-2,5,3,3,0,2,1,0,1,-1,1,1
KR_6761138241,440,-1,16,-12,3,-2,3,5,6,7,1,-1,0,1,0,1,1,0,1,1,-1,3,0,1,2,3,-1,0,0,0,0,0,-1,0,1
KR_6752265960,420,2,12,15,-1,-1,4,5,-1,0,1,0,5,5,0,3,3,1,2,1,0,-7,60,-1,5,4,-1,0,1,1,-1,1,1,1,1
KR_6603770298,420,-2,71,20,10,7,8,1,-2,1,3,0,3,3,6,6,0,-1,0,1,1,6,-3,1,2,3,1,0,0,-1,-1,-1,1,4,1
KR_6640187909,420,0,43,-20,5,1,3,2,0,0,0,-2,2,4,6,6,0,0,2,2,0,6,8,5,1,6,-2,0,0,1,-1,0,1,6,1
KR_6731280623,420,5,22,-16,11,-3,0,3,8,11,3,3,6,3,2,2,0,1,1,0,0,14,221,0,2,2,3,0,-1,1,-1,-1,-1,3,1
KR_6723254156,420,0,16,12,2,-5,0,5,-3,1,4,8,9,1,-2,3,5,4,6,2,0,5,-2,2,1,3,-1,0,2,-1,1,1,-1,1,1
KR_6703642748,420,5,63,27,9,6,6,0,-2,1,3,0,3,3,4,5,1,1,2,1,0,4,15,3,0,3,-3,0,1,1,0,1,1,6,1
KR_6661605194,420,3,86,12,5,2,4,2,6,6,0,-4,0,4,0,0,0,1,1,0,0,6,-12,-4,5,1,1,0,1,-1,-1,1,-1,4,1
KR_6713698510,420,-1,-41,-16,2,0,2,2,0,3,3,1,2,1,2,3,1,-1,0,1,0,6,21,1,2,3,-6,0,0,-1,-1,0,-1,2,1
KR_6565904148,420,1,62,-16,0,3,3,0,-7,4,11,4,6,2,0,1,1,0,2,2,0,1,-216,-2,5,3,1,0,0,1,-1,0,1,5,1
KR_6630365019,420,-2,13,16,-10,-2,1,3,-5,0,5,-1,0,1,3,7,4,-5,1,6,-1,-16,30,0,2,2,-20,0,0,-1,-1,0,-1,6,1
KR_6698197030,420,1,-13,8,3,0,0,0,0,3,3,10,10,0,-8,0,8,1,2,1,0,-6,-7,4,2,6,1,0,2,-1,1,1,1,6,1
KR_6713971810,420,3,77,24,-2,-4,2,6,-4,1,5,0,6,6,8,8,0,-2,1,3,-1,2,-149,-2,6,4,0,0,1,1,-1,1,-1,4,1
KR_6751896211,420,0,18,-19,12,3,3,0,8,9,1,1,1,0,-1,3,4,1,2,1,0,14,25,-1,5,4,-3,0,1,1,0,1,1,4,1
KR_6762116131,420,0,24,-12,0,3,4,1,0,3,3,1,2,1,-4,0,4,0,0,0,0,-10,-5,-2,4,2,0,0,0,1,1,1,1,2,1
KR_6748904493,440,-1,-29,-3,-5,0,1,1,1,1,0,-5,3,8,4,6,2,-5,1,6,0,-2,-5,-1,6,5,-3,0,0,-1,0,0,-1,5,1
KR_6621187236,420,4,84,3,5,3,4,1,-5,0,5,4,5,1,3,3,0,0,0,0,0,3,8,1,0,1,0,0,2,1,-1,1,-1,3,1
KR_6740385187,420,3,20,-38,10,1,2,1,2,2,0,1,2,1,0,3,3,6,6,0,0,9,7,0,0,0,-1,0,1,-1,-1,1,1,4,1
KR_6493859583,420,0,-98,16,-1,4,5,1,-1,1,2,0,3,3,-3,1,4,-1,0,1,0,-16,0,1,3,4,-3,0,0,0,1,1,1,0,1
KR_6752360338,420,1,10,8,6,10,10,0,0,1,1,-2,2,4,-2,1,3,0,1,1,0,1,-7,-1,3,2,0,0,0,1,1,1,1,3,1
KR_6724756992,420,3,8,11,9,2,2,0,3,6,3,5,5,0,-1,9,10,0,0,0,0,11,-168,2,4,6,1,0,2,0,0,1,-1,0,1
KR_6733596234,420,4,64,8,8,0,2,2,1,3,2,6,8,2,0,1,1,1,1,0,0,10,12,1,1,2,0,0,1,-1,-1,1,1,3,1
KR_6675451831,420,5,3,16,11,4,4,0,2,5,3,4,5,1,1,2,1,0,0,0,0,14,-18,2,2,4,3,0,1,1,0,1,1,6,1
KR_6692058209,420,2,-36,12,5,-1,0,1,2,2,0,0,3,3,1,3,2,3,3,0,0,17,-3,5,3,8,-1,0,0,-1,0,0,-1,2,1
KR_6652888185,420,0,-27,22,2,0,3,3,2,4,2,-2,2,4,4,4,0,-2,1,3,0,1,123,-4,6,2,3,0,0,1,-1,0,1,4,1
KR_6758697384,420,4,74,4,6,1,2,1,6,6,0,3,4,1,-1,1,2,-3,0,3,1,3,15,-1,3,2,-1,0,1,1,1,1,1,4,1
KR_6643656925,440,3,21,-4,9,-5,0,5,3,4,1,6,7,1,6,7,1,-1,1,2,1,13,6,2,0,2,0,0,0,1,1,-1,1,1,1
KR_6731816316,420,-6,-13,-40,-10,3,4,1,-7,1,8,0,5,5,-5,0,5,-1,1,2,-1,-16,-8,-2,3,1,0,0,-2,-1,-1,-1,-1,3,1
KR_6610445778,440,-4,-6,3,-8,-1,3,4,-2,2,4,-4,1,5,0,3,3,-1,0,1,0,-3,256,0,2,2,4,0,0,-1,-1,-1,-1,5,1
KR_6691570420,420,2,3,8,5,2,3,1,-1,1,2,7,8,1,-1,1,2,-2,1,3,0,3,23,-3,5,2,-4,0,0,-1,1,0,1,5,1
KR_6655943505,420,5,1,39,4,-1,1,2,5,7,2,1,2,1,-3,1,4,2,2,0,0,5,-23,-1,5,4,26,0,1,0,-1,1,1,0,1
KR_6755364999,420,-1,3,24,7,2,2,0,4,4,0,-2,0,2,2,3,1,1,1,0,0,7,-7,-5,8,3,2,0,0,1,1,0,1,3,1
KR_6713057934,420,2,31,-18,4,-3,0,3,1,1,0,5,8,3,1,1,0,0,2,2,0,6,9,4,0,4,2,0,2,1,-1,1,-1,4,1
KR_6409291318,420,1,19,43,10,-2,2,4,4,5,1,9,9,0,0,1,1,-1,0,1,0,10,-5,1,2,3,0,0,1,0,1,1,1,0,1
KR_6654954142,440,-1,122,-32,1,0,1,1,-5,0,5,4,5,1,0,2,2,2,2,0,0,-2,1,1,1,2,-1,0,1,-1,-1,1,1,2,1
KR_6760757297,420,-2,-81,-4,-3,-3,0,3,3,3,0,-3,1,4,-1,1,2,1,2,1,0,5,2,0,4,4,-8,0,-1,1,-1,-1,-1,5,1
KR_6752461112,420,7,96,28,9,4,6,2,0,1,1,-1,5,6,11,12,1,-5,1,6,0,1,-12,1,1,2,-2,0,2,-1,1,1,1,4,1
KR_6752401237,420,7,218,28,15,-1,5,6,-4,1,5,15,15,0,4,6,2,1,2,1,1,-1,-213,0,0,0,1,2,8,1,1,1,1,6,1
KR_6754328273,420,1,-66,28,0,-6,0,6,2,3,1,-4,1,5,4,5,1,4,4,0,0,8,-39,-2,6,4,1,0,0,-1,-1,1,-1,4,1
KR_6762906437,420,2,22,8,5,-1,0,1,1,2,1,-1,2,3,5,6,1,1,2,1,2,10,13,0,2,2,1,0,1,0,1,1,1,0,1
KR_6668536872,420,-1,-51,40,-3,2,2,0,-1,2,3,1,4,3,-4,2,6,-1,2,3,0,-3,-113,3,2,5,-5,0,2,1,1,1,1,5,1
KR_6753576112,440,2,29,27,9,1,3,2,0,0,0,0,0,0,10,12,2,-2,0,2,0,11,1,3,1,4,-3,0,1,1,1,1,1,1,1
KR_6655433504,420,5,103,23,18,8,9,1,4,6,2,-2,1,3,10,11,1,-2,0,2,0,11,233,-2,4,2,7,0,2,1,1,1,1,5,1
KR_6623219256,440,7,88,32,20,9,9,0,3,3,0,2,5,3,5,5,0,1,1,0,0,16,8,-2,4,2,1,1,6,1,1,1,1,4,1
KR_6694811435,420,3,8,12,7,0,2,2,5,7,2,-2,4,6,3,3,0,1,2,1,0,13,-35,0,5,5,27,0,0,1,1,1,-1,5,1
KR_6760466108,420,0,0,-36,-4,1,3,2,2,3,1,-1,1,2,-5,3,8,-1,2,3,-1,-8,-5,-1,3,2,0,0,1,-1,1,1,-1,5,1
KR_6715783511,420,-4,-38,-5,-5,3,3,0,-3,2,5,-4,1,5,0,4,4,-1,0,1,0,-8,-13,-1,5,4,-1,0,0,1,1,0,-1,5,1
KR_6704850769,420,4,101,44,7,0,1,1,-4,1,5,6,7,1,1,4,3,4,4,0,0,2,32,3,2,5,-3,0,0,1,-1,0,1,6,1
KR_6641465604,420,-3,-56,-29,-3,1,3,2,3,4,1,1,3,2,-5,0,5,-3,0,3,0,-3,324,-2,2,0,0,0,0,-1,0,1,-1,2,1
KR_6735501352,420,2,-51,-29,1,0,0,0,-1,0,1,-2,2,4,8,8,0,-4,1,5,-1,8,-117,-1,3,2,0,0,-2,-1,-1,1,-1,6,1
KR_6705834823,420,1,-65,5,0,-2,0,2,1,1,0,2,4,2,-2,1,3,1,2,1,0,4,154,-2,3,1,-2,0,0,-1,1,-1,1,4,1
KR_6665626836,440,3,43,22,2,-3,1,4,2,4,2,-2,1,3,5,5,0,0,0,0,0,9,-145,-1,2,1,1,0,0,1,-1,0,-1,6,1
KR_6516790036,420,-5,-22,13,-13,-2,0,2,-1,2,3,-2,3,5,-6,1,7,-2,1,3,0,-10,-39,-6,6,0,13,0,0,1,1,0,-1,1,1
KR_6097330557,420,3,103,16,8,-1,0,1,2,3,1,-1,6,7,4,5,1,4,6,2,1,-2,110,-2,5,3,0,0,3,0,1,1,1,0,1
KR_6742646410,420,7,147,36,17,6,7,1,2,3,1,3,4,1,6,7,1,0,1,1,1,6,6,1,2,3,2,0,3,1,1,1,1,1,1
KR_6713548041,420,4,60,20,9,1,3,2,0,1,1,2,2,0,5,6,1,1,1,0,0,8,4,-3,5,2,-3,0,2,-1,-1,1,1,6,1
KR_6754094838,420,2,48,-7,4,0,0,0,-1,1,2,1,3,2,2,4,2,2,3,1,1,4,22,0,2,2,-3,0,0,-1,1,0,1,6,1
KR_6659489908,420,0,109,-13,8,-1,1,2,3,3,0,0,3,3,3,6,3,3,3,0,0,5,-22,4,2,6,4,0,0,-1,-1,0,1,6,1
KR_6726122001,420,0,62,19,6,1,2,1,0,3,3,8,9,1,-2,3,5,-1,0,1,2,-1,7,2,1,3,0,0,1,1,1,1,1,4,1
KR_6658743644,420,3,83,16,5,-4,0,4,-1,2,3,2,4,2,5,9,4,3,6,3,0,3,8,0,2,2,2,0,1,-1,1,1,1,5,1
KR_6505135349,420,-2,-30,12,-1,-2,1,3,8,9,1,-2,0,2,-4,0,4,-1,0,1,0,-5,-229,1,2,3,1,0,-1,-1,1,-1,1,3,1
KR_6744712262,440,9,89,28,18,-1,1,2,5,10,5,2,3,1,8,8,0,4,4,0,0,13,6,-2,3,1,3,0,2,1,1,1,1,4,1
KR_6759948038,420,1,30,12,8,4,6,2,6,7,1,-7,2,9,3,4,1,2,2,0,0,4,1,-2,3,1,0,0,1,-1,-1,1,-1,3,1
KR_6738323881,420,2,13,0,2,4,4,0,2,3,1,1,5,4,-1,1,2,-4,1,5,0,-2,-4,2,1,3,-2,0,0,-1,-1,-1,-1,1,1
KR_6719446251,420,2,-27,19,2,2,2,0,3,3,0,-1,2,3,-1,1,2,-1,0,1,-1,3,-6,-3,7,4,1,0,0,-1,0,0,-1,3,1
KR_6728600550,440,-1,-6,-2,-3,3,3,0,0,2,2,-2,2,4,-2,3,5,-2,0,2,0,-10,-417,0,4,4,-1,0,0,-1,1,0,-1,4,1
KR_6759990516,420,4,65,39,1,4,5,1,0,1,1,0,2,2,-5,0,5,2,3,1,0,-5,4,-2,4,2,0,0,1,0,1,1,-1,0,1
KR_6748615835,440,3,62,9,8,-3,0,3,7,7,0,-1,0,1,5,7,2,0,1,1,-1,10,-203,0,2,2,5,0,0,0,1,0,-1,0,1
KR_6614621305,440,3,44,-20,7,2,2,0,5,6,1,4,4,0,-5,0,5,1,1,0,0,-1,-3,0,1,1,2,0,1,-1,1,1,-1,6,1
KR_6634189176,420,3,-9,16,15,3,4,1,-1,1,2,3,4,1,6,8,2,4,4,0,0,16,-18,-2,2,0,3,0,1,1,1,1,1,2,1
KR_6759028482,420,4,26,0,5,1,1,0,1,4,3,0,4,4,3,3,0,0,0,0,0,4,2,0,1,1,4,0,0,1,-1,0,1,6,1
KR_6753255996,420,4,51,-3,7,-2,2,4,5,5,0,3,6,3,1,1,0,0,3,3,0,11,-244,4,1,5,-1,0,0,-1,-1,0,-1,2,1
KR_6692676494,420,4,102,-16,12,0,1,1,-1,3,4,6,8,2,6,6,0,1,2,1,1,9,-9,2,1,3,2,0,2,1,1,1,1,4,1
KR_6740273888,420,3,30,1,5,0,1,1,3,3,0,-1,1,2,3,5,2,0,1,1,0,4,2,3,3,6,2,0,0,-1,-1,1,-1,6,1
KR_6759744744,440,-3,15,-8,-1,2,3,1,-9,0,9,0,2,2,4,8,4,2,2,0,0,3,9,-4,6,2,-1,0,1,-1,1,1,-1,3,1
KR_6635906333,420,3,106,20,2,0,1,1,-1,1,2,0,3,3,2,4,2,1,2,1,0,-1,-10,2,1,3,0,0,1,1,1,1,1,6,1
KR_6097570609,420,-2,36,-10,-4,0,3,3,-3,1,4,-2,2,4,1,1,0,0,0,0,1,-4,8,-1,2,1,1,0,0,0,0,0,1,0,1
KR_6731542590,420,7,52,48,14,-1,4,5,2,3,1,5,5,0,9,10,1,-1,1,2,1,12,0,-2,2,0,2,0,1,1,1,1,1,6,1
KR_6760925910,420,1,6,7,2,-1,1,2,3,4,1,1,2,1,-3,1,4,2,3,1,0,5,3,-2,4,2,1,0,0,1,0,0,-1,5,1
KR_6716210814,420,6,-28,82,4,-1,0,1,3,5,2,1,4,3,0,2,2,1,2,1,1,4,-42,2,1,3,31,0,1,1,1,1,1,5,1
KR_6684978578,420,-1,-82,-4,-7,0,1,1,5,6,1,-6,1,7,-6,1,7,0,1,1,0,-7,5,3,4,7,0,-1,-3,1,-1,-1,-1,6,1
KR_6537640274,420,1,49,-28,12,-1,1,2,3,4,1,3,5,2,7,7,0,0,1,1,2,18,14,3,0,3,-4,0,0,-1,1,1,1,5,1
KR_6725524242,420,-2,-73,-18,0,-2,0,2,2,4,2,-1,0,1,-1,1,2,2,2,0,0,6,-4,-2,3,1,-1,0,0,0,-1,0,1,0,1
KR_6693509797,420,4,64,40,13,-1,1,2,3,6,3,8,10,2,3,4,1,0,2,2,0,19,-344,1,1,2,1,0,4,1,1,1,1,1,1
KR_6434617589,420,1,57,7,-1,-5,0,5,6,7,1,-1,3,4,-2,4,6,1,1,0,0,-6,7,-3,4,1,0,0,0,-1,-1,0,-1,1,1
KR_6605373513,420,2,-4,-20,7,0,1,1,1,1,0,0,2,2,5,7,2,1,2,1,0,9,-12,-5,9,4,5,0,0,1,0,0,1,6,1
KR_6714663722,420,1,32,8,3,3,4,1,1,2,1,1,1,0,-2,3,5,0,0,0,0,3,118,3,0,3,0,0,1,1,1,1,-1,1,1
KR_6741453207,420,2,12,-32,11,3,4,1,2,4,2,0,2,2,1,1,0,5,5,0,0,8,-13,-4,6,2,5,0,0,0,-1,0,1,0,1
KR_6649448451,420,3,27,25,-4,5,5,0,4,4,0,-2,1,3,-5,1,6,-6,0,6,0,-3,320,0,5,5,2,0,2,1,0,1,-1,2,1
KR_6628940428,420,7,80,32,15,-1,1,2,5,6,1,3,4,1,-3,2,5,11,11,0,0,12,-2,-2,3,1,3,0,2,1,1,1,1,3,1
KR_6760259504,420,1,27,23,3,7,8,1,-1,3,4,-1,1,2,0,4,4,-2,1,3,0,-6,2,1,0,1,-3,0,1,1,-1,1,-1,4,1
KR_6761901690,440,2,-43,20,3,-1,2,3,9,9,0,-1,2,3,-4,4,8,0,1,1,-1,3,13,0,4,4,0,0,0,0,1,0,-1,0,1
KR_6628002141,420,2,42,3,13,4,6,2,2,3,1,2,2,0,5,5,0,0,0,0,0,12,-3,-1,8,7,-4,0,0,1,-1,0,1,4,1
KR_6761880537,440,4,82,-3,10,3,3,0,-5,1,6,6,7,1,7,7,0,-1,0,1,0,4,2,1,3,4,3,0,2,1,0,1,1,2,1
KR_6615956708,420,0,-59,14,2,2,2,0,2,2,0,-1,0,1,0,2,2,-1,2,3,0,4,-10,-3,4,1,-1,0,0,1,-1,0,-1,4,1
KR_6650331684,440,4,76,18,3,-1,4,5,0,3,3,1,3,2,2,3,1,1,1,0,0,7,-12,-1,6,5,2,0,0,0,-1,0,1,0,1
KR_6724016173,420,7,114,24,9,2,2,0,3,3,0,7,8,1,-3,2,5,0,1,1,0,-1,-7,-1,2,1,0,1,6,1,1,1,1,3,1
KR_6761153301,440,3,43,-21,6,-6,1,7,8,10,2,4,7,3,-1,2,3,1,6,5,0,3,157,-2,3,1,-2,0,1,1,1,1,-1,2,1
KR_6656724455,420,-2,68,-1,-3,-4,1,5,0,3,3,0,4,4,-2,0,2,3,3,0,2,2,-1,0,1,1,-1,0,-1,0,-1,-1,1,0,1
KR_6759093090,420,1,-20,-4,0,1,1,0,1,3,2,-3,0,3,-2,3,5,3,3,0,0,-5,0,1,1,2,-6,0,0,-1,-1,1,-1,4,1
KR_6658881951,440,1,29,12,3,-6,0,6,0,1,1,5,6,1,2,3,1,2,3,1,0,7,15,2,4,6,1,0,0,1,0,1,-1,2,1
KR_6692627404,420,2,33,8,0,4,5,1,-2,1,3,-3,2,5,-1,1,2,2,3,1,0,-1,-1,0,0,0,0,0,-2,-1,-1,-1,-1,6,1
KR_6762647194,420,2,33,20,2,-4,0,4,-1,0,1,3,4,1,3,3,0,1,2,1,0,3,560,3,1,4,-1,0,0,1,0,0,-1,4,1
KR_6742018088,420,2,38,9,6,1,2,1,1,2,1,0,1,1,2,4,2,2,2,0,1,5,316,0,3,3,-1,0,0,1,1,0,1,6,1
KR_6733193095,420,4,62,13,9,2,3,1,-3,2,5,4,5,1,4,4,0,2,3,1,0,5,1,1,4,5,4,0,1,1,1,1,-1,2,1
KR_6731587940,420,8,102,16,16,4,4,0,2,3,1,3,5,2,2,4,2,5,6,1,0,7,15,1,3,4,3,0,2,1,-1,1,1,5,1
KR_6723182445,420,0,-13,-21,-8,-2,0,2,4,5,1,-3,1,4,-5,1,6,-2,0,2,0,-2,9,0,3,3,-2,0,-3,1,-1,-1,-1,4,1
KR_6614762445,420,2,-18,-20,1,-1,1,2,2,6,4,-2,1,3,1,1,0,1,1,0,-1,1,-7,2,3,5,-1,0,0,0,1,0,-1,0,1
KR_6731197111,420,3,56,20,2,0,0,0,1,1,0,2,5,3,-1,0,1,0,0,0,0,1,3,-1,3,2,1,0,0,0,1,1,1,0,1
KR_6723942520,440,0,-10,-12,0,-8,0,8,4,5,1,1,2,1,0,4,4,3,5,2,1,11,19,7,1,8,-6,0,-2,0,-1,-1,1,0,1
KR_6597123502,420,2,27,20,1,-1,1,2,-2,0,2,-4,0,4,5,8,3,3,6,3,0,-5,-9,4,2,6,-2,0,0,0,-1,1,1,0,1
KR_6706106647,440,4,30,-16,13,7,7,0,-2,2,4,5,6,1,0,2,2,3,3,0,0,2,-46,-2,4,2,8,0,0,-1,0,0,1,4,1
KR_6695980643,420,-1,-2,-11,-4,1,2,1,-3,0,3,-3,3,6,0,0,0,1,1,0,0,-3,-17,-4,4,0,1,0,1,0,0,1,1,0,1
KR_6758089944,420,1,21,-15,6,2,4,2,-1,0,1,1,2,1,5,5,0,-1,2,3,-1,0,4,1,6,7,-5,0,0,0,1,0,-1,0,1
KR_6726198841,440,3,17,2,12,2,3,1,-2,2,4,1,1,0,3,5,2,8,9,1,0,9,8,3,3,6,-3,0,2,1,-1,1,1,4,1
KR_6762671534,420,1,58,-40,3,2,3,1,0,2,2,2,3,1,-2,2,4,1,2,1,0,3,-7,-3,5,2,3,0,0,-1,-1,0,1,5,1
KR_6712738533,420,5,50,36,11,2,4,2,-1,3,4,1,3,2,6,8,2,3,4,1,0,10,10,2,1,3,-1,0,1,-1,1,1,1,5,1
KR_6653408018,420,4,92,20,5,5,5,0,1,3,2,2,2,0,-4,2,6,1,1,0,0,2,9,1,4,5,-1,0,1,0,0,1,-1,0,1
KR_6612056305,420,-4,-19,-27,-3,2,3,1,4,5,1,-7,0,7,-2,0,2,0,2,2,0,-8,-1,0,5,5,2,0,-1,0,0,-1,1,0,1
KR_6677655844,420,3,80,4,4,-3,1,4,6,7,1,5,5,0,-2,1,3,-2,0,2,-1,9,22,3,1,4,-2,0,1,-1,0,1,-1,6,1
KR_6741889411,420,-2,-32,28,-2,-3,1,4,-1,4,5,1,3,2,-1,2,3,2,2,0,0,0,-3,-3,9,6,2,0,0,1,-1,0,1,6,1
KR_6726060260,420,9,110,12,22,6,7,1,2,4,2,6,7,1,4,4,0,4,5,1,0,7,5,1,2,3,2,0,4,1,1,1,1,1,1
KR_6724508108,420,4,58,8,10,-2,0,2,4,4,0,2,2,0,5,6,1,1,1,0,0,11,10,7,1,8,-1,0,1,1,1,1,-1,2,1
KR_6748085598,420,6,72,32,9,4,5,1,3,3,0,3,3,0,0,1,1,-1,1,2,-1,6,-5,-1,2,1,3,0,2,1,-1,1,-1,3,1
KR_6656700755,420,-2,-2,-17,-1,-5,1,6,3,5,2,-3,2,5,4,4,0,0,0,0,0,0,5,1,2,3,1,0,0,-1,1,1,1,3,1
KR_6672353178,420,6,5,15,12,5,6,1,1,4,3,0,0,0,1,3,2,5,6,1,0,12,2,1,4,5,4,0,0,1,0,0,-1,6,1
KR_6750993443,440,-1,44,8,3,-5,0,5,3,3,0,0,4,4,5,5,0,0,0,0,0,10,21,2,3,5,-2,0,0,1,0,0,1,1,1
KR_6742257334,420,5,3,22,11,7,8,1,-2,0,2,4,5,1,2,4,2,0,0,0,0,3,100,3,1,4,1,0,1,-1,1,1,-1,6,1
KR_6651739680,420,3,27,8,-2,-2,3,5,-3,1,4,0,2,2,1,2,1,2,2,0,-1,-3,-5,1,4,5,6,0,0,1,0,0,-1,6,1
KR_6603409287,440,0,-3,-7,6,-1,1,2,5,6,1,4,4,0,0,1,1,-2,1,3,0,8,-2,-3,4,1,2,0,-1,-1,-1,-1,-1,3,1
KR_6707356961,440,-2,-57,1,-8,-1,0,1,-10,1,11,-3,3,6,-2,4,6,8,10,2,-2,-3,-9,0,3,3,-2,0,1,0,1,1,-1,0,1
KR_6720530643,420,-1,2,-2,-4,-4,1,5,0,1,1,1,1,0,3,4,1,-4,0,4,-1,3,-367,0,1,1,1,0,-1,-1,-1,1,-1,4,1
KR_6725648648,420,4,11,38,-2,2,5,3,-4,0,4,2,4,2,-2,1,3,0,2,2,0,-3,0,0,2,2,-4,0,0,1,1,0,-1,4,1
KR_6612737141,420,5,15,40,2,0,1,1,-1,1,2,0,3,3,0,0,0,3,3,0,0,5,3,2,0,2,1,0,2,1,1,1,-1,1,1
KR_6675523643,420,-1,7,3,3,0,2,2,-1,2,3,2,3,1,3,4,1,-1,2,3,0,-1,1,3,1,4,1,0,3,-1,1,1,1,1,1
KR_6751833939,420,-1,-1,16,-6,0,2,2,-2,1,3,4,5,1,-5,2,7,-3,0,3,0,-8,8,-1,1,0,2,0,-2,1,1,-1,-1,5,1
KR_6653710112,440,1,-25,12,17,8,9,1,0,3,3,5,6,1,-1,0,1,5,5,0,2,21,1,1,3,4,3,0,0,1,1,0,1,3,1
KR_6763337884,420,6,23,44,8,-2,1,3,5,5,0,-1,1,2,6,6,0,0,0,0,0,6,-16,-6,7,1,2,0,0,1,-1,0,1,2,1
KR_6750677931,440,2,85,4,4,3,3,0,1,4,3,3,4,1,-4,2,6,1,1,0,0,4,-21,2,2,4,2,0,0,0,1,1,1,0,1
KR_6609625801,420,1,-55,11,5,-3,1,4,4,4,0,2,3,1,3,3,0,-1,1,2,0,2,-2,-1,3,2,1,0,-1,-1,-1,-1,-1,3,1
KR_6698072228,420,5,20,28,21,2,3,1,4,4,0,2,3,1,7,8,1,6,6,0,0,22,-21,1,4,5,8,0,1,1,-1,1,1,5,1
KR_5610556289,420,2,32,-2,7,0,2,2,3,3,0,-2,2,4,4,7,3,2,3,1,-1,1,-132,1,3,4,7,0,2,1,1,1,-1,5,1
KR_6673665975,420,-1,6,8,6,0,1,1,1,4,3,7,9,2,-2,2,4,0,1,1,0,-4,138,1,1,2,0,0,-1,-1,-1,1,-1,5,1
KR_6751046272,440,6,125,39,21,9,9,0,1,1,0,4,4,0,3,3,0,4,9,5,2,19,-287,7,0,7,-1,0,2,1,1,1,1,3,1
KR_6758494679,420,1,9,16,1,2,4,2,0,1,1,-2,1,3,-1,0,1,2,2,0,1,-6,-18,3,2,5,5,0,1,0,1,1,1,0,1
KR_6603794247,440,3,37,4,6,4,5,1,2,4,2,-1,3,4,1,2,1,0,1,1,0,-1,12,0,4,4,-2,0,0,1,1,1,1,3,1
KR_6743895930,420,0,-43,1,3,-2,1,3,3,5,2,-1,1,2,2,3,1,1,2,1,0,1,134,-1,6,5,-2,0,0,0,-1,0,1,0,1
KR_6737688038,420,0,68,-2,1,4,4,0,2,3,1,0,3,3,-5,0,5,0,0,0,-1,-6,-12,0,5,5,3,0,1,1,1,1,-1,3,1
KR_6683960220,420,4,49,11,8,5,7,2,1,3,2,4,7,3,-1,3,4,-1,1,2,1,8,-5,-2,5,3,7,0,1,1,-1,1,1,2,1
KR_6731924973,420,1,10,-20,3,1,1,0,-2,3,5,-3,0,3,3,4,1,4,4,0,0,0,9,-1,1,0,0,0,1,-1,1,1,1,5,1
KR_6580779884,420,4,23,-12,6,3,3,0,-4,2,6,3,3,0,-1,2,3,5,5,0,-1,2,505,2,3,5,1,0,0,1,1,1,-1,4,1
KR_6479914284,420,-2,77,-2,3,-1,2,3,3,4,1,4,4,0,-3,1,4,0,1,1,0,1,7,3,0,3,3,0,0,-1,1,1,1,2,1
KR_6761613307,420,-2,46,0,-7,-2,2,4,-3,1,4,-1,1,2,-1,2,3,0,1,1,0,-8,111,-9,12,3,4,0,0,1,-1,0,-1,4,1
KR_6589459657,420,2,1,8,1,-1,1,2,-1,3,4,-1,1,2,1,1,0,3,4,1,0,8,-307,2,2,4,-3,0,1,-1,0,1,-1,2,1
KR_6683631972,420,-2,-6,1,-3,-1,1,2,0,0,0,-2,1,3,-3,1,4,3,4,1,0,-2,254,0,2,2,-1,0,-1,0,-1,-1,1,0,1
KR_6641953115,420,8,125,28,18,3,4,1,4,4,0,7,7,0,2,6,4,2,2,0,0,12,2,-2,3,1,1,0,3,1,1,1,1,6,1
KR_6654135018,420,-2,-75,-22,-3,-2,0,2,2,4,2,2,4,2,-1,0,1,-4,0,4,0,-7,-1,1,3,4,-2,0,0,0,1,-1,-1,0,1
KR_6674431850,420,0,62,-24,1,0,3,3,2,4,2,-4,0,4,2,6,4,1,1,0,0,-4,225,-1,3,2,0,0,2,-1,1,1,1,6,1
KR_6719837960,420,0,49,18,2,2,2,0,-1,5,6,0,2,2,2,2,0,-1,1,2,0,-2,20,-1,3,2,2,0,1,-1,1,1,-1,4,1
KR_6737606654,420,0,72,11,6,-1,2,3,-5,0,5,3,5,2,8,8,0,1,1,0,0,2,-29,7,2,9,12,0,1,-1,1,1,1,1,1
KR_6737343187,440,3,65,43,15,3,4,1,4,7,3,5,10,5,3,7,4,0,0,0,2,14,6,2,0,2,-1,0,0,1,-1,-1,1,2,1
KR_6646678737,420,0,21,15,-3,1,2,1,-3,1,4,3,4,1,-2,1,3,-2,0,2,0,-7,9,2,3,5,-1,0,0,0,1,0,-1,0,1
KR_6649425993,420,-1,-44,0,0,1,1,0,0,0,0,-2,0,2,-1,0,1,2,2,0,0,3,-3,-3,3,0,3,0,0,-1,-1,0,-1,1,1
KR_6608545274,420,1,51,15,3,-2,1,3,-2,2,4,3,4,1,1,4,3,3,3,0,0,4,55,-2,3,1,-20,0,1,-1,0,1,1,4,1
KR_6702604414,420,1,52,-8,4,-2,3,5,0,5,5,-1,3,4,5,7,2,2,2,0,-1,6,4,-1,4,3,4,0,1,1,-1,1,1,1,1
KR_6706185868,420,4,27,32,6,9,9,0,1,1,0,3,3,0,-5,0,5,-2,0,2,0,-1,-2,-2,4,2,-4,0,1,1,1,1,1,5,1
KR_6760654767,420,-2,-64,-2,-3,0,2,2,-1,1,2,-5,0,5,-5,2,7,8,8,0,-1,3,-6,-2,6,4,-2,0,0,-1,1,-1,-1,1,1
KR_6688259932,420,6,14,64,11,-5,0,5,3,3,0,7,9,2,2,6,4,4,5,1,0,10,-6,-1,3,2,3,0,2,1,1,1,-1,3,1
KR_6615727014,420,4,106,30,8,2,3,1,1,3,2,3,4,1,1,3,2,1,2,1,1,2,3,1,2,3,0,0,3,1,1,1,1,2,1
KR_6387573577,420,3,1,13,5,1,3,2,0,1,1,3,6,3,-1,1,2,2,2,0,-2,0,-242,-3,4,1,0,0,1,-1,1,1,-1,5,1
KR_6635853362,420,8,60,15,16,5,6,1,1,4,3,6,7,1,6,6,0,-2,1,3,0,4,-2,-4,6,2,6,0,2,1,-1,1,1,2,1
KR_6738417561,420,-1,13,-8,-4,-2,3,5,0,1,1,-3,1,4,1,3,2,0,0,0,0,4,-123,1,3,4,0,0,1,1,1,1,-1,2,1
KR_6587447651,420,4,-34,35,12,1,2,1,2,5,3,3,4,1,3,4,1,3,4,1,3,17,-4,-1,1,0,5,0,-1,0,-1,-1,1,0,1
KR_6392470962,420,1,59,32,4,-1,0,1,3,4,1,4,5,1,0,1,1,-2,0,2,0,1,1,1,1,2,-1,0,0,1,1,0,-1,2,1
KR_6731784190,440,2,24,20,-2,-6,1,7,0,2,2,-3,1,4,7,10,3,0,1,1,-1,9,-5,0,5,5,-2,0,1,-1,-1,1,-1,3,1
KR_6758634887,420,-2,-13,-24,0,0,2,2,-1,1,2,1,2,1,0,0,0,0,0,0,0,1,-20,4,1,5,3,0,1,1,-1,1,-1,4,1
KR_6757115877,420,0,1,13,3,7,7,0,3,3,0,-1,1,2,-3,1,4,-3,1,4,0,1,-5,-2,3,1,1,0,0,0,0,-1,-1,0,1
KR_6743127823,420,-1,18,-7,10,-1,1,2,3,5,2,5,7,2,3,5,2,0,1,1,0,7,8,3,3,6,3,0,1,1,1,1,1,3,1
KR_6652318664,420,-2,-43,-12,-3,-5,0,5,0,3,3,4,5,1,-4,1,5,2,3,1,0,-1,-1,3,5,8,-2,0,0,-1,1,0,-1,4,1
KR_6702293326,420,0,20,-2,2,2,2,0,1,1,0,0,3,3,-1,3,4,0,1,1,0,3,3,2,3,5,0,0,1,0,1,1,-1,0,1
KR_6725778222,420,6,78,47,17,3,6,3,4,5,1,2,2,0,6,6,0,2,3,1,0,17,-168,5,0,5,-1,0,2,-1,-1,1,1,1,1
KR_6654447892,440,2,57,47,1,3,3,0,-1,0,1,-1,1,2,4,5,1,-4,0,4,0,-3,-7,-2,5,3,-4,0,-1,-1,0,-1,-1,6,1
KR_6615341308,420,6,21,12,13,-4,2,6,9,10,1,0,0,0,4,5,1,4,5,1,1,10,-364,2,1,3,-2,0,0,1,0,0,1,2,1
KR_6704264392,420,0,59,-15,2,-1,0,1,-3,3,6,1,6,5,4,6,2,1,2,1,1,7,-6,-1,4,3,-1,0,0,1,-1,1,1,5,1
KR_6608999231,420,0,-20,-15,-3,2,3,1,-2,0,2,2,5,3,-4,3,7,-1,1,2,0,-1,-2,3,2,5,0,0,1,0,1,1,1,0,1
KR_6715149078,420,-2,-98,28,2,-5,1,6,-1,4,5,-1,2,3,7,7,0,2,2,0,0,4,17,3,0,3,-1,0,-1,0,-1,-1,1,0,1
KR_6726527464,420,5,98,25,17,1,2,1,0,2,2,2,4,2,14,15,1,0,0,0,0,14,-21,2,0,2,20,1,5,0,1,1,1,0,1
KR_6743039790,420,-3,-40,44,0,4,4,0,3,5,2,-3,1,4,-3,1,4,-1,2,3,0,-3,10,-1,2,1,0,0,-1,1,1,1,1,2,1
KR_6616854138,420,2,44,4,10,3,3,0,2,2,0,1,1,0,5,6,1,-1,0,1,0,9,125,-1,4,3,5,1,5,1,1,1,1,1,1
KR_6755360748,420,3,7,0,6,5,6,1,-1,1,2,2,3,1,1,1,0,-1,3,4,0,4,-1,2,1,3,-1,0,1,-1,0,1,1,1,1
KR_6594320756,420,3,29,20,1,-1,1,2,2,2,0,5,6,1,-5,0,5,0,2,2,0,-2,-5,3,2,5,4,0,1,-1,1,1,1,6,1
KR_6725967592,420,2,66,15,10,2,4,2,1,4,3,3,4,1,3,9,6,1,1,0,0,6,21,-1,5,4,2,0,2,1,1,1,-1,3,1
KR_6742787852,420,3,136,3,10,1,1,0,1,1,0,3,4,1,4,5,1,1,1,0,0,5,7,1,4,5,2,0,2,1,1,1,1,6,1
KR_6650000158,420,1,77,-19,2,2,2,0,-5,1,6,1,3,2,3,3,0,1,2,1,0,9,2,2,1,3,4,0,0,1,0,0,-1,2,1
KR_6640319866,440,1,28,-47,3,-2,3,5,0,3,3,4,10,6,-1,3,4,2,2,0,1,6,32,3,1,4,1,0,1,1,0,1,1,6,1
KR_6495030773,420,5,25,4,14,2,5,3,4,4,0,3,4,1,4,7,3,1,2,1,2,13,-2,-2,4,2,4,0,2,1,0,1,1,2,1
KR_6726765916,420,0,-17,-12,7,3,3,0,0,4,4,-3,1,4,6,8,2,1,1,0,0,11,-8,-5,5,0,-1,0,1,-1,1,1,-1,6,1
KR_6583970632,420,0,69,-20,-3,-1,1,2,-3,2,5,1,1,0,1,2,1,-1,2,3,0,0,2,-1,3,2,1,0,2,1,1,1,1,5,1
KR_5773485340,420,0,-19,24,7,6,8,2,5,5,0,-1,2,3,-4,1,5,1,2,1,1,6,3,-1,5,4,0,1,3,1,1,1,1,5,1
KR_6759550544,420,4,37,-4,19,-1,0,1,3,5,2,2,3,1,10,12,2,5,5,0,0,21,1,2,2,4,1,0,1,1,0,1,1,6,1
KR_6619770245,420,0,-6,-14,-1,-2,0,2,0,0,0,-4,2,6,2,2,0,3,3,0,0,2,-1,-1,5,4,2,0,-1,1,1,-1,1,6,1
KR_6717936406,420,-3,-60,-4,1,-3,2,5,2,5,3,-1,1,2,2,6,4,1,1,0,0,6,35,-1,4,3,-1,0,-1,-1,-1,-1,-1,2,1
KR_6729893166,420,2,57,95,0,1,1,0,-2,0,2,5,6,1,-2,3,5,-2,0,2,0,-7,-153,4,1,5,3,0,2,-1,1,-1,-1,4,1
KR_6323761148,420,1,32,-48,8,4,5,1,1,3,2,-1,1,2,3,4,1,1,1,0,0,9,5,0,5,5,1,0,1,1,-1,1,1,5,1
KR_6760952682,420,6,117,21,7,0,3,3,0,2,2,3,5,2,1,2,1,3,3,0,0,3,16,-2,3,1,4,0,1,1,-1,1,-1,4,1
KR_6762516286,440,11,146,36,21,4,4,0,7,7,0,0,2,2,6,6,0,4,5,1,0,16,1,3,1,4,3,0,2,1,1,1,1,5,1
KR_6652419329,420,2,64,36,5,0,2,2,7,7,0,-1,1,2,0,5,5,-1,1,2,0,-2,-291,4,0,4,-1,0,0,-1,1,1,1,1,1
KR_6749897749,420,-4,-123,33,-4,-1,3,4,5,6,1,-4,0,4,-2,3,5,-2,2,4,1,-5,-8,-4,7,3,-1,0,-1,1,1,-1,1,3,1
KR_6547856196,420,8,6,-4,20,4,4,0,-1,3,4,1,1,0,11,13,2,5,6,1,0,20,19,2,0,2,-2,0,1,1,1,1,1,4,1
KR_6722303975,440,-4,-84,-46,-14,-2,4,6,0,2,2,-5,1,6,-5,1,6,-2,2,4,-1,1,-10,3,2,5,-2,0,-3,0,0,-1,-1,0,1
KR_6711502416,420,2,-20,26,11,-1,1,2,0,1,1,1,3,2,0,2,2,11,11,0,0,10,26,-1,4,3,-6,0,0,1,1,0,1,4,1
KR_6695140547,420,-3,17,-4,-4,-2,3,5,1,5,4,0,2,2,-3,0,3,0,1,1,0,-5,7,3,0,3,0,0,0,1,0,-1,-1,5,1
KR_5896816428,440,2,3,-4,6,0,2,2,4,4,0,-1,4,5,2,3,1,1,1,0,0,14,-40,3,1,4,21,0,0,1,1,0,-1,4,1
KR_6624451195,420,-2,35,0,-2,1,1,0,-2,0,2,4,5,1,-2,1,3,-3,1,4,-1,-6,1,4,2,6,3,0,0,1,-1,0,-1,4,1
KR_6764252985,420,2,72,34,3,4,5,1,-3,2,5,3,4,1,0,3,3,-1,0,1,0,-7,-30,-7,10,3,1,0,-1,1,-1,1,1,4,1
KR_6609775983,420,3,38,1,8,0,3,3,-1,1,2,4,5,1,2,5,3,3,3,0,0,7,112,0,3,3,-2,0,1,-1,-1,1,1,2,1
KR_6673695137,420,-3,15,48,3,7,9,2,0,2,2,-7,0,7,1,1,0,2,3,1,1,0,-229,4,1,5,-1,0,3,1,1,1,1,4,1
KR_6623298417,420,2,-8,36,12,0,1,1,4,6,2,4,5,1,1,5,4,3,4,1,-1,0,10,2,3,5,3,0,1,1,1,1,-1,3,1
KR_6699282467,420,0,56,-13,-6,-1,2,3,-7,1,8,3,4,1,2,2,0,-3,0,3,0,-6,4,1,3,4,-1,0,2,-1,1,1,1,1,1
KR_6750331634,420,1,77,18,1,0,3,3,0,4,4,0,2,2,0,0,0,1,1,0,0,-5,21,-3,4,1,-2,0,1,-1,1,1,1,1,1
KR_6395296072,420,6,16,32,3,0,1,1,0,1,1,0,1,1,2,3,1,1,1,0,0,7,11,2,4,6,2,0,2,-1,1,1,-1,3,1
KR_6611029113,420,0,-44,30,5,0,2,2,1,5,4,6,6,0,1,3,2,-3,0,3,0,5,-38,6,2,8,10,0,-1,1,0,-1,-1,1,1
KR_6082314260,420,6,111,19,3,5,7,2,-1,3,4,-1,0,1,0,3,3,0,0,0,0,-4,0,1,2,3,0,0,1,-1,1,1,1,2,1
KR_6760839644,420,1,59,-4,-4,-6,0,6,1,2,1,-1,1,2,2,6,4,0,1,1,0,5,0,1,1,2,1,0,-1,-1,-1,1,1,4,1
KR_6756012173,420,4,16,-7,13,-1,4,5,3,5,2,4,5,1,0,1,1,7,7,0,0,17,4,1,1,2,-2,0,2,1,1,1,1,3,1
KR_6533537070,420,3,128,54,6,2,3,1,0,1,1,6,6,0,-1,2,3,-1,4,5,-2,2,56,-5,7,2,-19,0,3,1,0,1,1,6,1
KR_6244078130,420,-1,49,-9,-5,-3,0,3,0,2,2,1,3,2,-3,0,3,0,0,0,0,-4,-2,-3,6,3,5,0,0,-1,1,0,-1,1,1
KR_6758623792,440,3,51,0,5,5,5,0,-2,0,2,-1,2,3,4,4,0,-1,0,1,0,1,1,-3,4,1,1,0,2,1,0,1,-1,6,1
KR_6618511442,420,2,52,-24,4,0,2,2,2,3,1,0,5,5,0,2,2,2,3,1,0,6,-15,-1,3,2,0,0,0,1,-1,0,1,1,1
KR_6739429623,440,0,25,4,0,2,2,0,-1,0,1,1,3,2,0,3,3,-2,0,2,0,-2,1,2,1,3,-1,0,0,0,-1,-1,-1,0,1
KR_6730078128,420,6,24,-3,13,0,1,1,5,7,2,3,3,0,6,6,0,-1,0,1,1,10,11,5,1,6,-3,0,1,1,-1,1,1,6,1
KR_6699853364,420,0,5,-8,-2,-5,4,9,5,6,1,-4,0,4,-1,7,8,3,4,1,1,9,9,-4,4,0,1,0,0,1,-1,1,1,6,1
KR_6395385378,420,-1,16,-32,-3,-1,1,2,-3,3,6,-2,1,3,3,4,1,0,1,1,0,-10,8,-2,3,1,3,0,0,0,-1,0,1,0,1
KR_6634733347,440,3,71,12,2,2,3,1,0,3,3,0,3,3,0,2,2,0,3,3,-1,-3,7,0,2,2,2,0,3,1,1,1,-1,6,1
KR_6619305671,420,-1,-18,24,-6,1,3,2,0,1,1,0,4,4,-7,1,8,0,1,1,-1,-13,-3,1,1,2,1,0,0,1,1,1,-1,3,1
KR_6730411074,420,4,-14,19,0,-2,2,4,0,3,3,5,6,1,-2,1,3,-1,0,1,0,2,-3,-1,4,3,-4,0,1,-1,1,1,-1,6,1
KR_6738112066,420,1,4,16,-1,4,6,2,-3,0,3,-4,1,5,0,1,1,2,3,1,0,-2,-6,-2,3,1,5,0,1,1,-1,1,-1,6,1
KR_6760319830,420,1,-2,-8,-6,0,2,2,-2,1,3,0,3,3,-1,3,4,-3,2,5,0,-6,19,2,1,3,-2,0,-1,-1,1,-1,-1,3,1
KR_6739504069,420,1,31,-8,1,-1,1,2,-1,1,2,3,8,5,0,2,2,0,0,0,0,11,9,1,1,2,-2,0,1,1,0,1,-1,3,1
KR_6741760855,420,2,21,-3,6,3,3,0,2,3,1,5,6,1,-1,1,2,-3,0,3,0,-2,-2,4,2,6,-1,0,2,1,1,1,1,4,1
KR_6746439844,420,5,47,12,12,3,4,1,4,4,0,-1,4,5,3,5,2,3,3,0,-1,10,-3,2,1,3,-2,0,2,1,0,1,-1,6,1
KR_6681482423,420,4,31,4,6,1,3,2,-1,2,3,3,6,3,1,2,1,2,2,0,0,5,-5,-3,3,0,0,0,2,-1,1,1,1,3,1
KR_6745114804,440,2,7,-17,2,6,6,0,-5,1,6,0,5,5,1,2,1,0,3,3,-1,-10,-1,1,1,2,5,0,1,-1,0,1,-1,1,1
KR_6659786396,420,3,66,23,8,1,2,1,1,3,2,-5,0,5,10,10,0,1,1,0,1,8,0,3,3,6,-2,0,1,-1,-1,1,1,2,1
KR_6702450232,420,5,52,11,4,1,2,1,4,4,0,-1,2,3,0,0,0,0,0,0,0,3,22,1,0,1,2,0,0,1,1,1,-1,3,1
KR_6669983198,420,5,62,41,6,2,4,2,0,4,4,5,6,1,0,3,3,-1,1,2,-1,5,20,-1,3,2,2,0,2,1,1,1,-1,2,1
KR_6684567480,420,7,47,12,10,1,3,2,1,1,0,2,2,0,6,6,0,0,2,2,0,9,5,-2,4,2,-2,0,2,1,1,1,1,6,1
KR_6721886391,440,3,52,8,13,3,3,0,6,10,4,-3,1,4,6,9,3,1,1,0,0,15,-3,1,0,1,2,0,1,1,0,1,-1,5,1
KR_6669041227,440,1,-7,10,1,1,4,3,-1,2,3,1,2,1,1,4,3,-1,0,1,0,1,-5,-1,2,1,0,0,0,0,0,0,-1,0,1
KR_6756563678,420,-2,-59,12,1,-3,0,3,3,3,0,1,3,2,1,1,0,-1,2,3,-1,3,23,-1,2,1,1,0,0,1,0,0,-1,4,1
KR_6755633550,420,0,-9,-7,3,1,1,0,0,2,2,1,2,1,1,3,2,0,1,1,1,0,-3,5,0,5,0,0,0,0,-1,0,1,0,1
KR_6670892592,420,0,42,-2,-2,1,4,3,-2,2,4,-2,3,5,2,4,2,-1,2,3,0,-3,-14,0,4,4,5,0,1,-1,-1,1,-1,1,1
KR_6743657325,420,3,24,-3,8,1,1,0,-1,2,3,1,2,1,7,7,0,0,1,1,0,6,6,1,3,4,2,0,2,1,-1,1,1,1,1
KR_6627641786,420,4,27,4,11,0,4,4,2,5,3,6,6,0,2,6,4,1,4,3,1,9,22,3,2,5,-2,0,1,-1,1,1,-1,3,1
KR_6725506677,420,0,-8,16,-2,-2,0,2,3,3,0,2,5,3,-5,1,6,0,0,0,0,-1,39,0,1,1,-2,0,0,1,1,0,1,2,1
KR_6763831676,420,1,-21,11,1,-1,1,2,-1,1,2,1,4,3,1,2,1,1,1,0,0,3,9,4,0,4,-2,0,0,-1,1,0,1,4,1
KR_6741684178,440,2,62,-8,-2,-1,3,4,-3,1,4,2,4,2,1,9,8,-1,4,5,1,-7,-1,-2,2,0,-1,0,1,-1,1,1,-1,6,1
KR_6730538735,440,-2,39,-8,-1,0,1,1,-3,3,6,0,1,1,2,2,0,0,0,0,-1,-3,8,-1,3,2,-1,0,1,1,0,1,-1,6,1
KR_6748651256,420,1,40,8,-1,3,3,0,0,2,2,-3,3,6,-3,1,4,2,3,1,-1,2,-278,-10,11,1,5,0,-1,-1,0,-1,-1,5,1
KR_6755450069,420,-2,28,-5,-6,0,2,2,2,3,1,-5,4,9,-4,0,4,1,1,0,0,-7,9,2,4,6,-3,0,0,1,1,0,-1,1,1
KR_6720144770,420,3,116,20,5,0,2,2,-3,0,3,5,5,0,2,3,1,1,1,0,0,2,16,3,0,3,1,0,3,0,-1,1,1,0,1
KR_6669403568,420,2,53,24,3,2,3,1,2,3,1,2,2,0,0,2,2,-3,1,4,0,3,-10,1,5,6,0,0,0,1,1,1,-1,4,1
KR_6625296549,420,3,38,52,-1,4,4,0,2,5,3,-1,1,2,-4,1,5,-2,0,2,0,-4,-49,-5,6,1,15,0,-1,1,-1,-1,-1,6,1
KR_6722653474,420,-2,-74,-20,0,-7,0,7,3,6,3,1,4,3,-1,3,4,4,4,0,-1,7,24,-2,4,2,1,0,0,-1,1,-1,-1,6,1
KR_6744742130,440,5,-1,24,13,1,1,0,-1,4,5,1,3,2,4,5,1,8,9,1,0,7,2,-1,4,3,-1,0,2,1,1,1,1,6,1
KR_6762839017,420,7,112,-8,13,2,3,1,1,3,2,0,2,2,9,10,1,1,1,0,0,14,13,5,0,5,0,0,3,-1,1,1,1,5,1
KR_6757742998,420,1,24,12,0,-1,0,1,0,4,4,1,4,3,1,5,4,-1,1,2,0,-1,-1,-1,3,2,3,0,0,1,-1,0,1,2,1
KR_6638635914,420,1,18,-8,9,1,1,0,7,8,1,-2,2,4,3,3,0,0,0,0,0,14,1,3,3,6,1,0,0,0,1,0,1,0,1
KR_6750982352,420,6,100,55,5,-10,1,11,5,6,1,-2,0,2,2,2,0,10,11,1,0,3,3,5,0,5,0,0,4,1,1,1,1,2,1
KR_6731768294,420,2,33,24,3,-2,1,3,1,3,2,1,4,3,0,1,1,3,4,1,0,6,17,3,2,5,4,0,-1,1,1,-1,1,3,1
KR_6762154871,420,4,25,4,16,0,3,3,1,1,0,6,6,0,8,9,1,1,2,1,0,11,0,3,1,4,-1,0,2,1,0,1,1,5,1
KR_6761243513,440,-1,-28,8,4,1,3,2,-2,2,4,7,8,1,-1,5,6,-1,3,4,0,13,0,6,2,8,-2,0,-1,-1,0,-1,1,2,1
KR_6739979589,420,2,26,4,3,3,4,1,-1,0,1,1,2,1,0,2,2,0,2,2,0,3,-6,0,2,2,3,0,0,-1,1,0,1,3,1
KR_6757339808,440,1,9,16,4,-2,2,4,0,2,2,-4,0,4,9,10,1,1,2,1,-1,4,10,2,5,7,0,0,0,-1,1,1,-1,4,1
KR_6712638913,420,3,85,8,4,-1,2,3,3,3,0,1,1,0,2,2,0,-1,1,2,0,1,6,7,2,9,2,0,1,1,1,1,1,3,1
KR_6731015125,420,5,134,6,18,6,7,1,1,2,1,7,9,2,3,3,0,1,1,0,3,14,29,2,2,4,-3,0,1,-1,1,1,1,4,1
KR_6672980045,420,3,-10,3,4,4,5,1,0,1,1,0,4,4,-1,0,1,1,1,0,0,2,-5,1,2,3,-1,0,1,1,1,1,1,1,1
KR_6764075152,420,0,45,-1,4,1,3,2,-1,1,2,1,2,1,3,3,0,0,0,0,0,4,129,0,3,3,-1,0,1,0,0,1,1,0,1
KR_6757364743,420,-1,-9,9,-5,-4,1,5,0,3,3,-1,0,1,-1,1,2,1,2,1,-1,3,7,1,2,3,-1,0,-1,1,0,-1,-1,5,1
KR_6686892173,440,4,62,20,3,4,5,1,0,2,2,5,7,2,-4,1,5,-2,0,2,0,-5,-1,0,1,1,1,0,2,1,1,1,-1,1,1
KR_6723994239,420,0,7,21,3,5,5,0,-1,0,1,-1,0,1,2,3,1,-2,1,3,0,-3,-1,1,2,3,3,0,1,1,1,1,1,2,1
KR_6756803604,420,4,86,-16,10,1,1,0,6,6,0,-1,1,2,0,5,5,4,4,0,0,10,33,-1,5,4,-24,0,0,0,-1,-1,-1,0,1
KR_6739413666,420,0,37,-11,-6,2,4,2,1,3,2,-2,0,2,-8,0,8,1,2,1,0,-3,4,1,3,4,2,0,3,1,1,1,1,4,1
KR_6502922617,420,3,-8,13,13,-3,3,6,8,8,0,-1,2,3,7,8,1,2,4,2,0,17,3,3,0,3,3,0,1,1,-1,1,1,6,1
KR_6713231006,420,-1,4,7,-2,-1,1,2,-5,0,5,0,4,4,4,6,2,0,3,3,0,-4,1,-2,2,0,3,0,1,1,0,-1,-1,3,1
KR_6761730592,440,-3,-9,12,-5,3,3,0,-5,1,6,2,4,2,-2,0,2,-3,1,4,-1,-3,11,-2,2,0,1,0,0,0,1,-1,-1,0,1
KR_6720960551,440,1,5,0,1,3,6,3,1,2,1,-3,2,5,-2,2,4,2,3,1,1,4,2,3,2,5,-3,0,1,1,1,1,-1,5,1
KR_6699379346,420,1,-2,9,6,-1,1,2,0,1,1,6,6,0,3,4,1,-2,1,3,0,6,8,2,0,2,-1,0,0,1,-1,0,1,6,1
KR_6762422267,420,0,31,12,11,1,2,1,3,4,1,2,4,2,4,5,1,1,1,0,0,17,3,0,1,1,2,0,0,-1,0,0,1,4,1
KR_6705055130,420,4,111,0,4,0,0,0,0,3,3,2,3,1,3,4,1,-1,0,1,0,7,6,-1,5,4,-4,0,0,1,-1,0,1,1,1
KR_6763271483,420,1,58,4,5,-2,1,3,1,3,2,4,4,0,2,5,3,0,0,0,0,8,5,2,2,4,-3,0,0,1,-1,0,1,1,1
KR_6725373675,420,0,58,13,2,-3,1,4,-3,4,7,6,7,1,1,1,0,1,1,0,0,5,-5,1,2,3,-1,0,0,-1,1,0,1,4,1
KR_6686734575,420,1,86,-32,7,3,6,3,2,4,2,0,3,3,2,4,2,0,0,0,0,7,12,-1,5,4,0,0,3,1,0,1,1,4,1
KR_6671272760,420,3,66,-12,3,3,4,1,3,3,0,0,3,3,-2,0,2,-1,1,2,-1,2,168,0,0,0,-1,0,2,-1,1,1,-1,1,1
KR_6699413150,420,4,54,24,3,-6,0,6,0,1,1,9,9,0,-1,0,1,1,1,0,0,1,9,1,2,3,-4,0,1,1,1,1,-1,2,1
KR_6761093986,420,6,121,56,9,2,3,1,1,3,2,1,2,1,5,6,1,0,3,3,0,2,-3,2,1,3,0,0,2,-1,1,1,1,5,1
KR_6712415631,420,8,81,32,22,5,5,0,2,4,2,7,8,1,7,7,0,1,1,0,1,28,4,-2,3,1,1,0,3,1,1,1,1,3,1
KR_6722891718,420,1,61,-8,4,-1,4,5,-2,2,4,8,8,0,-2,1,3,1,1,0,0,2,4,2,1,3,0,0,1,1,-1,1,-1,3,1
KR_6762259724,420,1,8,0,5,-2,3,5,1,4,3,-1,2,3,7,7,0,0,0,0,0,9,115,0,1,1,1,0,3,1,-1,1,-1,3,1
KR_6653210348,420,2,76,24,-4,-2,2,4,-1,2,3,0,1,1,-1,1,2,0,0,0,0,-3,4,-1,1,0,-1,0,0,0,0,0,-1,0,1
KR_6754766736,420,0,67,-12,5,-2,2,4,2,3,1,0,4,4,4,5,1,1,2,1,0,10,-32,4,3,7,15,0,1,1,0,1,1,4,1
KR_6764326864,420,-1,-15,-8,-7,-4,2,6,1,7,6,-3,0,3,-1,1,2,0,0,0,0,-4,-453,-2,2,0,-2,0,-1,-1,-1,-1,-1,5,1
KR_6669865237,420,3,103,8,7,-2,1,3,1,3,2,2,5,3,2,5,3,4,4,0,0,6,2,0,2,2,1,0,1,1,-1,1,1,4,1
KR_6760778471,420,2,44,8,2,-1,3,4,1,4,3,3,5,2,1,3,2,-2,0,2,0,-1,0,2,2,4,0,0,0,-1,1,0,1,4,1
KR_6706087661,420,7,95,29,11,2,5,3,3,5,2,4,4,0,1,3,2,1,3,2,0,1,1,2,4,6,2,0,3,1,0,1,-1,5,1
KR_6695093371,420,-2,7,-26,-3,0,2,2,0,2,2,-1,1,2,-2,1,3,0,0,0,0,-5,-12,-2,2,0,2,0,0,-1,-1,0,1,1,1
KR_6659111343,420,4,107,15,5,4,4,0,0,2,2,2,3,1,0,4,4,-1,1,2,3,7,-41,6,1,7,18,0,1,1,1,1,1,3,1
KR_6758976219,420,8,49,100,15,2,2,0,6,7,1,4,5,1,1,2,1,2,2,0,0,6,34,3,1,4,-19,0,3,1,1,1,1,4,1
KR_6706701985,420,2,13,-8,8,0,1,1,2,5,3,-2,2,4,6,7,1,2,3,1,2,10,-18,0,5,5,0,0,1,1,1,1,-1,4,1
KR_6764248068,420,-1,72,-12,-2,-2,1,3,-2,1,3,-1,1,2,2,2,0,1,1,0,0,-4,4,1,3,4,3,0,1,1,-1,1,-1,6,1
KR_6584857381,440,-2,40,-37,-5,0,3,3,-2,4,6,-3,5,8,-1,2,3,1,1,0,0,-8,-13,1,4,5,0,0,0,-1,0,1,1,6,1
KR_6761465896,440,-2,-8,-28,-5,1,2,1,-2,4,6,-6,0,6,-1,3,4,3,4,1,0,1,3,1,3,4,2,0,1,1,1,1,1,5,1
KR_6670966138,420,3,44,12,1,0,1,1,-4,0,4,1,3,2,4,5,1,0,1,1,0,4,37,-1,6,5,-22,0,2,0,0,1,-1,0,1
KR_6656608149,420,3,84,5,6,0,1,1,-1,0,1,3,4,1,3,3,0,1,1,0,0,3,217,0,3,3,-1,0,2,1,1,1,1,2,1
KR_6712749782,420,-2,-98,19,-1,-3,1,4,-1,2,3,2,4,2,2,3,1,-1,2,3,0,-3,-14,2,1,3,0,0,-1,0,1,-1,-1,0,1
KR_6761559093,440,-2,38,-20,-7,-1,2,3,4,8,4,-6,0,6,-5,0,5,1,2,1,0,-11,2,4,2,6,-3,0,1,-1,1,1,-1,1,1
KR_6734848390,420,2,-4,-20,8,-2,0,2,7,8,1,4,6,2,-1,3,4,0,0,0,2,9,-256,4,1,5,-1,0,1,-1,1,1,1,6,1
KR_6707213761,420,0,-8,4,4,3,3,0,2,4,2,4,7,3,-4,1,5,-1,0,1,1,6,-70,1,3,4,1,0,1,1,1,1,1,2,1
KR_6673228444,420,-1,12,-12,2,-4,2,6,-1,3,4,0,3,3,3,4,1,4,4,0,0,3,4,-2,3,1,1,0,0,-1,-1,1,1,6,1
KR_6615726656,420,-3,30,5,-9,0,2,2,0,1,1,-2,1,3,-5,1,6,-2,0,2,0,-10,-35,-1,3,2,0,0,0,-1,0,0,1,6,1
KR_6760756338,420,1,3,0,5,4,4,0,1,2,1,-2,3,5,-3,2,5,5,5,0,0,3,-17,1,2,3,3,0,1,-1,1,1,1,2,1
KR_6756604647,420,1,-2,-2,2,0,1,1,-5,0,5,2,4,2,3,3,0,2,2,0,-1,4,-6,2,3,5,3,0,-2,1,-1,-1,-1,2,1
KR_6728498776,420,2,43,0,5,1,2,1,0,4,4,2,4,2,2,2,0,0,0,0,1,1,42,0,1,1,2,0,0,1,-1,0,1,3,1
KR_6752526623,420,2,-2,-8,0,6,7,1,-4,1,5,-4,2,6,2,2,0,0,2,2,1,0,20,4,0,4,-2,0,0,0,-1,0,1,0,1
KR_6585871359,420,7,58,56,11,5,6,1,3,4,1,-2,3,5,2,2,0,3,5,2,0,10,-8,1,3,4,0,0,2,1,1,1,1,4,1
KR_6745694644,420,1,-28,24,2,1,1,0,6,6,0,-3,0,3,-1,1,2,-1,1,2,0,3,145,2,2,4,-20,0,1,-1,1,1,1,4,1
KR_6763176894,420,6,93,7,13,1,1,0,1,5,4,5,5,0,4,4,0,2,4,2,0,14,26,-1,3,2,2,0,2,1,1,1,1,5,1
KR_6749511804,420,0,65,-28,2,6,9,3,0,1,1,-4,2,6,1,1,0,-1,2,3,1,3,5,1,3,4,-1,0,1,-1,0,1,1,4,1
KR_6726161940,420,-1,-39,-4,-3,-4,0,4,3,6,3,-2,0,2,-1,1,2,1,1,0,0,-2,-140,3,1,4,-3,0,0,1,-1,0,-1,5,1
KR_6635793836,420,0,-5,24,-2,0,4,4,-2,0,2,5,9,4,-1,3,4,-4,0,4,0,6,-3,3,3,6,4,0,0,1,-1,-1,1,3,1
KR_6730483000,440,7,55,28,9,-3,1,4,10,11,1,0,2,2,4,5,1,-2,1,3,1,20,12,-2,4,2,1,0,2,0,-1,1,1,0,1
KR_6726342988,440,-1,-4,-4,4,3,6,3,-1,4,5,7,7,0,1,4,3,-6,0,6,0,4,3,6,0,6,0,0,2,-1,1,1,-1,4,1
KR_6762622724,420,1,28,16,1,2,3,1,1,3,2,2,4,2,-5,1,6,1,1,0,0,-4,5,2,4,6,-4,0,-1,1,-1,-1,-1,5,1
KR_6723615337,420,2,66,-36,9,5,5,0,3,6,3,1,1,0,-1,4,5,1,1,0,2,5,68,-6,7,1,15,0,3,1,-1,1,1,2,1
KR_6626225713,420,2,-40,0,-1,2,4,2,2,2,0,-1,1,2,-3,1,4,-1,1,2,1,-1,-4,-5,7,2,1,0,1,1,-1,1,1,2,1
KR_6685670324,440,5,94,15,3,0,1,1,-3,0,3,-3,2,5,5,5,0,4,4,0,-1,0,8,6,4,10,-5,0,0,0,0,0,1,0,1
KR_6761661822,420,1,38,8,-1,4,5,1,3,3,0,-2,5,7,-3,1,4,-3,0,3,0,-8,-22,4,1,5,0,0,-1,1,0,-1,-1,3,1
KR_6715417390,420,1,33,12,-1,-1,0,1,4,4,0,-1,0,1,-3,1,4,0,1,1,0,1,5,-8,10,2,2,0,0,1,-1,0,1,2,1
KR_6604234064,420,2,3,-2,4,3,3,0,-2,1,3,1,3,2,-2,0,2,4,4,0,0,3,3,2,0,2,1,0,1,-1,1,-1,1,4,1
KR_6762963973,420,4,90,27,9,1,3,2,1,3,2,8,8,0,-1,1,2,0,1,1,0,4,-11,-4,7,3,3,0,1,1,1,1,1,5,1
KR_6660456950,420,1,1,15,-1,-3,3,6,-3,2,5,-2,3,5,5,5,0,2,2,0,-1,5,0,-3,6,3,2,0,3,-1,1,1,-1,1,1
KR_6764425987,420,1,-9,-7,1,0,1,1,1,3,2,-1,1,2,2,2,0,-1,0,1,0,0,45,0,2,2,-22,0,1,0,1,1,1,0,1
KR_6745635535,420,0,-9,8,-1,0,2,2,3,5,2,-4,1,5,1,2,1,-1,2,3,0,-2,-37,-1,3,2,2,0,-1,1,-1,-1,1,2,1
KR_6608764895,420,-1,9,-12,-3,0,0,0,-4,2,6,0,2,2,0,1,1,1,1,0,0,5,108,0,5,5,0,0,2,-1,1,1,-1,1,1
KR_6760689335,440,0,46,-4,5,-3,1,4,0,1,1,2,4,2,6,7,1,0,0,0,-1,11,-15,-1,3,2,-6,0,0,1,-1,0,-1,1,1
KR_6749298479,420,-2,8,-17,-6,-7,1,8,0,3,3,2,4,2,1,2,1,-2,0,2,0,4,0,-2,5,3,3,0,-1,-1,-1,-1,-1,4,1
KR_6735687534,420,1,78,-8,1,0,2,2,0,3,3,-1,1,2,-1,2,3,3,3,0,0,6,102,0,2,2,1,0,-1,-1,1,-1,1,4,1
KR_6756881609,420,-2,26,-16,-5,-7,0,7,-2,0,2,-5,4,9,7,7,0,2,3,1,-1,-4,10,6,0,6,0,0,-4,-1,-1,-1,-1,2,1
KR_6747625788,440,-1,-12,-8,-10,0,2,2,-3,1,4,0,1,1,-6,0,6,-1,1,2,0,-12,0,-4,4,0,1,0,1,-1,1,1,-1,4,1
KR_6718543787,420,5,13,15,13,3,5,2,3,3,0,4,5,1,3,4,1,0,0,0,1,6,32,-1,4,3,0,0,0,1,1,1,1,4,1
KR_6756261006,420,-1,-63,-1,4,-1,1,2,3,4,1,-3,1,4,5,5,0,0,0,0,0,8,-4,-2,4,2,2,0,0,-1,1,1,1,4,1
KR_6620325227,420,2,7,-17,-1,0,1,1,0,3,3,-2,1,3,1,3,2,0,3,3,0,-4,10,1,2,3,-1,0,2,1,-1,1,-1,3,1
KR_6624186519,420,6,78,20,14,1,4,3,11,12,1,1,2,1,1,2,1,0,0,0,-1,12,3,5,4,9,-3,0,1,1,1,1,-1,2,1
KR_6746614339,420,5,55,2,6,1,3,2,4,6,2,4,8,4,-1,3,4,-2,0,2,0,6,5,2,3,5,3,0,1,-1,1,1,-1,2,1
KR_6695070539,420,0,52,-16,-1,-1,3,4,-1,2,3,-2,1,3,2,6,4,1,2,1,-1,-4,9,5,1,6,-3,0,1,1,1,1,-1,3,1
KR_6739909238,420,0,4,16,3,2,2,0,0,1,1,-1,3,4,2,5,3,0,2,2,0,-2,4,0,4,4,-3,0,0,1,0,0,1,2,1
KR_6663239546,420,-3,-29,-24,-7,-2,0,2,-2,2,4,-3,0,3,-1,0,1,1,1,0,0,-6,255,-2,4,2,1,0,-1,-1,-1,-1,1,2,1
KR_6659164773,420,2,18,0,3,2,3,1,4,6,2,2,6,4,-3,1,4,-2,0,2,0,4,-7,-6,6,0,2,0,1,-1,1,1,-1,6,1
KR_6720530500,440,3,98,-24,5,1,1,0,-1,0,1,-2,5,7,3,5,2,4,4,0,0,8,-2,1,3,4,3,0,0,1,0,1,1,5,1
KR_6672835398,420,-4,-47,-20,-11,-2,2,4,-2,0,2,-3,3,6,-3,2,5,-1,0,1,0,2,14,0,4,4,-2,0,-1,0,-1,-1,-1,0,1
KR_6709510296,420,1,27,-8,4,6,6,0,1,3,2,0,4,4,-4,2,6,1,4,3,-1,-1,-2,-3,3,0,1,0,0,-1,0,0,-1,4,1
KR_6741540838,420,-1,94,-14,-1,3,6,3,-2,1,3,-1,3,4,-1,1,2,0,0,0,0,-4,45,-2,4,2,-9,0,0,-1,1,1,-1,4,1
KR_6730893969,420,2,9,-10,12,0,0,0,6,6,0,6,8,2,0,0,0,0,0,0,1,12,-4,2,2,4,-2,0,0,-1,0,1,1,1,1
KR_6750754236,420,-1,9,-7,1,4,5,1,0,2,2,1,7,6,-4,1,5,0,1,1,0,-3,-2,-2,2,0,0,0,-1,1,-1,-1,1,5,1
KR_6658939230,420,1,43,20,0,-1,2,3,1,1,0,2,3,1,-1,2,3,-1,0,1,0,1,210,5,0,5,0,0,-1,-1,1,1,-1,4,1
KR_6760392430,420,3,-17,60,-2,3,6,3,-1,1,2,3,3,0,-3,3,6,-4,1,5,0,-9,6,-1,2,1,-2,0,1,1,-1,1,-1,1,1
KR_6754339013,420,1,-74,36,4,-1,1,2,1,4,3,5,7,2,-1,3,4,0,1,1,0,1,-17,-1,3,2,-1,0,-1,1,-1,-1,-1,2,1
KR_6735120147,420,7,101,41,16,3,3,0,3,7,4,5,5,0,2,3,1,3,3,0,0,8,313,-2,2,0,0,0,1,1,0,1,1,4,1
KR_6664601547,420,2,99,-8,1,0,3,3,-2,6,8,2,2,0,1,2,1,0,2,2,1,-1,1,0,6,6,5,0,1,1,0,1,1,5,1
KR_6737663896,420,0,-63,-12,6,-1,2,3,1,2,1,5,5,0,-1,1,2,2,2,0,0,4,16,1,2,3,2,0,0,1,0,0,-1,4,1
KR_6707142782,420,2,52,40,10,1,1,0,4,5,1,1,4,3,4,4,0,0,2,2,0,5,-5,-1,6,5,9,0,0,0,1,1,1,0,1
KR_6735971006,420,2,-25,21,3,0,1,1,6,8,2,-3,0,3,1,2,1,-1,1,2,0,3,-109,-1,6,5,4,0,0,-1,-1,0,-1,4,1
KR_6736106457,420,4,56,20,10,0,2,2,1,1,0,4,6,2,5,9,4,0,1,1,2,11,15,3,3,6,6,0,1,1,0,1,1,4,1
KR_6695843176,420,4,61,18,10,2,3,1,10,12,2,0,3,3,-2,2,4,0,3,3,1,0,-1,3,3,6,6,0,2,1,0,1,1,5,1
KR_6681952515,440,0,36,14,-3,0,0,0,-4,2,6,1,1,0,-3,4,7,3,3,0,0,-9,-37,0,3,3,30,0,0,-1,1,1,1,1,1
KR_6756706223,420,3,15,8,3,1,1,0,1,2,1,2,2,0,-1,0,1,0,0,0,0,1,-40,5,1,6,23,0,0,1,0,0,1,4,1
KR_6610508550,420,1,-45,-7,3,7,7,0,3,5,2,1,2,1,-7,0,7,-1,1,2,0,1,-3,-2,6,4,5,0,0,1,-1,-1,1,4,1
KR_6641996689,420,2,36,20,2,2,2,0,1,4,3,3,4,1,-3,0,3,-1,2,3,0,-1,0,2,3,5,-2,0,2,1,1,1,1,1,1
KR_6764573158,420,0,9,8,4,2,2,0,1,3,2,1,3,2,4,4,0,-4,0,4,0,0,-40,2,2,4,20,0,0,0,1,0,1,0,1
KR_6583186606,420,-3,-57,-44,-5,-8,0,8,1,5,4,1,5,4,1,3,2,0,0,0,0,3,8,-2,3,1,-3,0,-1,1,0,-1,1,5,1
KR_6750202738,420,2,-10,-16,5,4,9,5,1,6,5,-3,1,4,2,5,3,1,1,0,0,7,-5,-3,4,1,-1,0,0,-1,0,-1,-1,5,1
KR_6651526351,420,-1,-13,12,2,0,2,2,-1,1,2,3,8,5,1,1,0,-1,0,1,0,1,0,1,1,2,-1,0,-1,1,-1,-1,-1,5,1
KR_6731605611,420,0,27,-5,5,0,1,1,4,5,1,2,4,2,0,0,0,-1,0,1,0,7,2,-3,4,1,1,0,-1,-1,-1,-1,1,6,1
KR_6708998341,440,0,-10,4,-5,-3,1,4,-2,2,4,0,1,1,2,2,0,-2,2,4,0,-3,-2,2,2,4,-1,0,1,-1,-1,1,-1,2,1
KR_6745995160,420,3,67,1,4,6,7,1,0,0,0,3,3,0,-5,2,7,0,2,2,0,-1,-9,-2,5,3,1,0,1,1,1,1,1,2,1
KR_6764535317,420,4,83,8,-3,1,2,1,-4,1,5,5,5,0,-2,4,6,-3,2,5,0,-5,106,0,1,1,-1,1,2,0,-1,1,-1,0,1
KR_6622792673,420,5,102,84,7,7,8,1,4,5,1,-3,0,3,1,3,2,-2,1,3,0,0,13,3,0,3,-1,0,1,-1,1,1,1,6,1
KR_6705268025,420,4,45,42,14,1,3,2,2,6,4,3,5,2,7,8,1,1,1,0,1,10,-19,-6,8,2,6,0,2,1,0,1,-1,5,1
KR_6751091178,420,0,4,-10,-4,5,5,0,0,1,1,-3,0,3,-3,1,4,-3,1,4,0,-10,-246,-4,4,0,6,0,0,-1,1,1,-1,6,1
KR_6654158395,420,2,20,-11,4,4,5,1,1,5,4,3,4,1,-3,4,7,-1,0,1,0,0,2,4,2,6,-2,0,0,0,-1,-1,1,0,1
KR_6756225626,440,6,20,40,7,2,3,1,2,2,0,0,3,3,3,4,1,0,0,0,0,8,-1,-1,1,0,1,0,2,1,0,1,-1,3,1
KR_6761177020,440,4,57,0,14,3,7,4,8,11,3,0,3,3,4,6,2,-1,0,1,0,14,17,2,1,3,0,0,1,-1,1,1,-1,6,1
KR_6687017538,440,2,48,-8,6,-3,0,3,1,2,1,2,2,0,4,6,2,2,4,2,0,11,-2,1,4,5,3,0,0,1,1,0,-1,4,1
KR_6726693479,420,-1,43,15,-6,-1,1,2,-2,4,6,0,3,3,-3,2,5,0,1,1,0,-8,-7,-5,5,0,1,0,0,1,1,-1,-1,3,1
KR_6746194057,420,5,16,36,11,4,5,1,4,4,0,1,2,1,0,1,1,2,2,0,0,8,-24,-1,2,1,15,0,0,1,1,1,1,6,1
KR_6638211773,420,1,6,5,-1,-1,3,4,0,1,1,1,3,2,-2,1,3,1,1,0,-1,1,22,-3,4,1,-2,0,0,-1,1,0,-1,6,1
KR_6760409300,420,-3,6,-8,-9,0,3,3,-9,0,9,-2,3,5,2,2,0,0,1,1,2,-18,46,0,4,4,-23,0,-2,-1,0,-1,1,1,1
KR_6618122223,420,-1,-22,8,4,1,2,1,2,3,1,0,0,0,-2,1,3,3,3,0,3,13,6,2,0,2,2,0,1,1,1,1,1,6,1
KR_6619524479,420,6,61,12,10,6,7,1,6,6,0,-1,1,2,-1,2,3,0,0,0,0,12,36,2,2,4,-2,0,1,-1,1,1,1,4,1
KR_6724781932,420,2,-33,16,0,0,1,1,2,3,1,-2,0,2,1,2,1,-1,0,1,0,-1,3,-1,4,3,4,0,1,-1,0,1,1,1,1
KR_6665016025,420,-2,23,-6,-2,-3,2,5,1,2,1,1,4,3,-3,0,3,2,3,1,1,3,39,1,2,3,-3,0,1,-1,-1,1,1,4,1
KR_6747241980,420,-1,-13,20,-1,-3,0,3,0,2,2,0,1,1,2,6,4,0,1,1,0,4,12,0,4,4,2,0,-1,1,-1,-1,1,3,1
KR_6702414597,420,0,-18,8,-1,-2,3,5,1,4,3,0,1,1,1,1,0,-1,0,1,0,0,1,-1,5,4,2,0,-1,1,-1,-1,-1,1,1
KR_6691959468,420,6,10,9,7,-1,3,4,0,1,1,11,11,0,-1,1,2,-2,1,3,-1,11,-284,0,1,1,2,0,1,1,1,1,-1,3,1
KR_6726545350,420,4,83,12,5,6,6,0,0,0,0,-1,0,1,1,2,1,-1,0,1,0,0,47,4,2,6,-25,0,2,-1,1,1,-1,3,1
KR_6750082421,420,1,-3,20,2,2,2,0,-4,0,4,1,4,3,2,6,4,1,1,0,-1,3,2,-3,6,3,-6,0,0,1,1,0,-1,6,1
KR_6754078157,420,1,14,-3,3,-1,0,1,2,3,1,1,4,3,1,5,4,0,2,2,0,0,141,3,3,6,2,0,0,-1,1,0,-1,5,1
KR_6762643608,420,1,68,21,8,1,1,0,3,4,1,3,4,1,2,2,0,-1,0,1,0,4,-2,2,2,4,1,0,0,1,1,0,1,5,1
KR_6762174818,420,-2,24,-23,4,10,13,3,-5,3,8,-1,2,3,0,1,1,0,2,2,1,-2,-1,1,0,1,2,0,1,-1,1,1,1,3,1
KR_6719712543,420,6,140,-3,8,0,2,2,1,3,2,7,9,2,1,2,1,-1,0,1,0,6,14,1,4,5,0,0,3,-1,1,1,1,2,1
KR_6583268140,420,6,28,19,5,2,3,1,0,2,2,3,4,1,-2,1,3,2,3,1,0,4,-49,2,1,3,20,0,1,0,1,1,-1,0,1
KR_6644858194,420,-3,33,-8,-8,-2,1,3,-2,0,2,-2,2,4,-3,0,3,1,2,1,0,-7,4,0,3,3,-1,0,1,0,1,1,1,0,1
KR_6740725595,420,1,65,-16,5,0,0,0,6,8,2,-4,1,5,2,3,1,1,1,0,0,6,-2,-1,6,5,4,0,1,-1,1,1,1,5,1
KR_6656166140,420,6,14,30,7,-1,1,2,4,4,0,3,4,1,4,5,1,-3,0,3,0,10,3,3,1,4,-3,0,1,1,-1,1,1,3,1
KR_6740202316,420,3,-4,4,6,2,2,0,1,3,2,3,5,2,1,3,2,-1,0,1,-1,2,58,1,2,3,2,0,0,1,0,1,-1,4,1
KR_6752912497,420,4,-27,-12,5,2,2,0,4,5,1,0,1,1,0,1,1,-1,1,2,0,2,4,2,0,2,0,0,0,1,1,0,-1,3,1
KR_6740701019,420,5,63,28,10,1,2,1,0,1,1,2,3,1,6,8,2,1,1,0,0,9,8,3,1,4,3,0,0,1,1,0,1,4,1
KR_6691155151,420,0,45,23,4,-2,1,3,5,5,0,-3,0,3,3,4,1,1,3,2,-1,1,1,1,0,1,-2,0,0,1,1,0,-1,2,1
KR_6618799719,420,1,-7,7,-4,-5,0,5,-1,1,2,2,6,4,1,3,2,-1,0,1,0,-1,18,-6,7,1,0,0,1,1,-1,-1,1,5,1
KR_6742103821,420,2,-6,-12,5,0,1,1,6,6,0,-2,2,4,1,1,0,0,0,0,0,6,9,6,1,7,-1,0,0,-1,1,1,-1,4,1
KR_6653127586,420,-5,-63,-3,-7,-4,0,4,-2,0,2,1,2,1,-2,2,4,0,0,0,0,-3,3,-2,4,2,-2,0,0,1,1,0,-1,5,1
KR_6671029644,420,3,16,33,6,6,6,0,0,2,2,2,2,0,-3,1,4,1,1,0,0,2,-12,4,6,10,14,0,2,-1,1,1,-1,6,1
KR_6635953153,420,5,38,29,7,5,5,0,-2,3,5,2,4,2,-1,3,4,3,4,1,-1,2,5,0,3,3,1,0,2,1,1,1,-1,1,1
KR_6749955853,420,-1,19,-11,1,-6,0,6,0,0,0,3,6,3,2,5,3,2,2,0,0,1,9,2,1,3,-1,0,-1,0,-1,1,-1,0,1
KR_6633980669,420,3,12,-7,5,-2,2,4,2,4,2,4,6,2,-1,2,3,2,2,0,0,9,12,0,4,4,3,0,0,1,1,0,1,4,1
KR_6762402813,440,5,162,8,3,2,2,0,1,2,1,3,8,5,-2,2,4,-1,2,3,0,-6,-4,-2,3,1,-1,0,2,-1,1,1,-1,1,1
KR_6681740559,420,5,68,12,15,1,2,1,-4,1,5,9,9,0,7,7,0,2,2,0,0,13,5,1,1,2,1,0,1,1,1,1,1,5,1
KR_6663957148,420,2,-14,12,10,2,3,1,-1,2,3,0,2,2,9,9,0,0,1,1,0,6,100,-2,3,1,3,0,0,-1,1,1,1,1,1
KR_6702419242,420,1,15,-28,8,2,2,0,0,1,1,8,8,0,-1,1,2,-1,0,1,0,2,-7,0,4,4,5,0,0,-1,1,1,1,6,1
KR_6759870351,420,1,2,-16,1,2,3,1,1,2,1,2,2,0,-2,0,2,-2,1,3,0,0,0,-3,4,1,1,0,-1,-1,-1,-1,1,4,1
KR_6760020868,420,5,51,24,1,2,5,3,4,5,1,-7,0,7,-1,1,2,3,4,1,0,-3,-184,1,3,4,0,0,0,0,1,1,1,0,1
KR_6763436531,420,2,-50,56,6,-1,0,1,0,1,1,1,1,0,3,3,0,3,3,0,0,5,12,4,2,6,-2,0,0,1,1,0,1,2,1
KR_6762372378,420,-5,-33,1,-8,2,5,3,-4,0,4,-1,0,1,-2,1,3,-3,1,4,0,-10,7,-2,4,2,-2,0,-2,-1,0,-1,-1,5,1
KR_6675982525,420,-1,-33,-32,8,5,5,0,-1,2,3,-1,0,1,1,2,1,4,4,0,-1,7,8,5,2,7,1,0,0,-1,1,-1,-1,3,1
KR_6736340732,420,0,17,30,5,1,3,2,0,2,2,-2,0,2,4,5,1,2,2,0,0,9,22,2,2,4,4,0,0,1,1,0,1,5,1
KR_6760662919,420,2,-3,-23,10,-3,1,4,1,5,4,6,8,2,7,7,0,-1,1,2,1,12,-2,0,4,4,-1,0,1,-1,1,1,1,3,1
KR_6654211915,440,1,49,28,1,1,3,2,-4,0,4,-3,2,5,0,3,3,7,7,0,0,2,-215,2,2,4,5,0,1,-1,-1,1,-1,2,1
KR_6698958399,420,-3,-42,-4,-10,-6,1,7,-2,3,5,-3,1,4,-1,2,3,2,4,2,-2,-5,47,0,3,3,-19,0,1,-1,1,1,-1,3,1
KR_6719580122,420,3,67,4,9,6,6,0,4,6,2,-1,4,5,1,2,1,-1,2,3,0,10,-16,6,0,6,-1,0,1,1,1,1,1,6,1
KR_6688388284,420,3,31,-12,8,1,2,1,4,4,0,0,2,2,4,6,2,-1,1,2,0,8,2,2,4,6,-1,0,0,0,-1,0,1,0,1
KR_6611137461,420,0,-5,32,-2,1,3,2,-1,2,3,-4,2,6,-1,2,3,3,4,1,0,-3,-155,0,0,0,-2,0,-1,-1,-1,-1,1,4,1
KR_6764231623,420,-1,43,-8,-3,-1,1,2,0,0,0,2,4,2,-2,1,3,-2,1,3,0,-6,-7,0,3,3,4,0,0,1,1,0,-1,4,1
KR_6720117915,420,0,10,-4,0,-4,2,6,-1,1,2,2,2,0,0,7,7,3,3,0,0,10,-9,4,1,5,2,0,1,1,1,-1,1,6,1
KR_6706337382,420,0,37,-27,7,6,7,1,-2,1,3,0,4,4,3,3,0,0,0,0,1,-2,3,-4,6,2,2,0,0,0,0,1,1,0,1
KR_6692330970,420,3,28,33,3,6,6,0,1,2,1,4,6,2,-4,1,5,-4,0,4,1,-3,1,0,2,2,-1,0,1,0,1,1,1,0,1
KR_6649081982,420,-1,-25,-7,2,-2,1,3,1,3,2,-2,1,3,6,7,1,-1,0,1,1,6,-7,1,0,1,-1,0,1,-1,1,1,1,1,1
KR_6758075589,420,-4,-20,12,-1,0,2,2,-1,6,7,-1,1,2,-4,2,6,5,5,0,1,1,1,-3,5,2,-1,0,0,1,-1,0,1,1,1
KR_6603848573,420,-2,-76,0,-7,-2,1,3,-1,1,2,4,6,2,-7,0,7,-1,1,2,0,-5,-4,1,1,2,-1,0,-1,0,-1,-1,1,0,1
KR_6754198298,420,-3,-68,-10,-6,2,4,2,1,2,1,-3,2,5,-5,2,7,-1,0,1,-1,-8,1,-1,3,2,-2,0,-1,-1,-1,-1,-1,2,1
KR_6732014325,420,1,98,13,-4,1,2,1,0,1,1,1,4,3,1,4,3,-7,0,7,0,-4,-1,0,2,2,3,0,2,1,-1,1,1,3,1
KR_6733817453,420,2,4,-12,12,4,6,2,1,1,0,1,2,1,3,5,2,3,4,1,2,17,-5,2,3,5,1,0,0,-1,1,-1,1,5,1
KR_6753762367,440,1,-63,24,12,9,9,0,0,7,7,-1,0,1,1,2,1,3,3,0,2,12,6,-1,1,0,1,0,0,1,0,1,1,4,1
KR_6745919799,420,1,12,-4,-3,2,3,1,-1,2,3,-4,6,10,-2,6,8,2,2,0,-2,-2,4,1,1,2,1,0,-2,-1,-1,-1,-1,3,1
KR_6759569766,420,2,71,-88,4,4,7,3,0,0,0,-1,1,2,0,2,2,1,3,2,0,4,-6,-2,3,1,4,0,0,-1,-1,0,-1,6,1
KR_6762890732,420,0,32,-28,1,-1,0,1,0,1,1,1,2,1,1,1,0,0,0,0,0,-2,148,2,1,3,-1,0,0,1,1,0,1,6,1
KR_6719794984,420,1,35,23,-2,4,6,2,-6,2,8,-2,4,6,2,2,0,0,1,1,0,1,37,5,1,6,0,0,1,1,1,1,1,1,1
KR_6761109708,440,3,33,36,4,-1,0,1,2,3,1,-2,3,5,7,7,0,-2,0,2,0,8,0,-3,5,2,2,0,1,1,-1,1,1,3,1
KR_6755772642,420,1,42,0,6,2,2,0,3,4,1,-1,1,2,1,2,1,1,1,0,0,2,0,0,3,3,-1,0,1,1,1,1,-1,3,1
KR_6754430650,420,10,112,39,14,12,12,0,1,2,1,-3,1,4,2,3,1,2,2,0,0,6,-4,-2,4,2,4,1,4,0,1,1,1,0,1
KR_6756210540,420,-2,8,-40,-3,3,4,1,-6,1,7,-1,2,3,-1,0,1,2,2,0,0,-2,-3,1,2,3,-1,0,0,-1,0,0,1,2,1
KR_6757803497,420,0,46,44,-2,3,4,1,-1,1,2,-5,0,5,-1,1,2,2,2,0,-1,-7,8,-3,3,0,1,0,1,1,1,1,-1,4,1
KR_6740253251,420,6,78,20,5,1,3,2,1,3,2,1,3,2,-1,3,4,3,3,0,0,4,20,2,2,4,0,0,1,-1,1,1,-1,6,1
KR_6730897021,420,2,34,4,9,3,4,1,10,13,3,-3,2,5,-3,2,5,2,3,1,1,3,13,-2,5,3,-1,0,-1,1,-1,-1,1,2,1
KR_6760043982,420,-3,11,-20,2,0,2,2,2,4,2,1,2,1,-1,2,3,0,3,3,0,11,10,2,2,4,-2,0,0,0,-1,0,1,0,1
KR_6749908799,420,2,-12,2,10,-3,1,4,7,10,3,2,2,0,3,5,2,1,1,0,1,11,-35,2,2,4,11,0,1,1,1,1,1,1,1
KR_6626649570,420,0,22,-24,2,1,1,0,-3,0,3,2,2,0,1,4,3,1,3,2,0,2,-289,1,3,4,-1,0,1,-1,0,1,1,4,1
KR_6634287123,420,4,51,12,8,4,4,0,2,3,1,2,3,1,1,3,2,-1,1,2,0,5,-9,-7,9,2,0,0,1,1,-1,1,1,3,1
KR_6754146066,420,4,68,-20,6,1,2,1,-1,1,2,2,2,0,2,2,0,2,2,0,0,6,1,2,2,4,1,0,1,1,-1,1,1,1,1
KR_6613805367,420,0,-24,16,1,-1,1,2,0,2,2,-1,2,3,2,4,2,1,1,0,0,2,-21,2,3,5,-5,0,0,1,-1,1,-1,4,1
KR_6741014097,420,1,25,-31,0,3,3,0,-3,1,4,1,3,2,-1,0,1,0,2,2,0,-4,28,0,0,0,-1,0,-1,0,-1,-1,-1,0,1
KR_6755706901,420,2,-42,-16,3,1,1,0,3,3,0,-2,2,4,2,3,1,-1,0,1,-1,4,122,1,2,3,1,0,-1,-1,-1,-1,-1,6,1
KR_6759366409,420,2,58,20,5,4,5,1,-2,0,2,2,3,1,0,2,2,1,3,2,1,-5,-2,0,3,3,1,0,0,-1,0,0,1,1,1
KR_6760098305,420,3,-8,17,11,4,6,2,3,3,0,0,1,1,3,3,0,1,1,0,1,7,13,4,2,6,0,0,2,1,1,1,1,2,1
KR_6648024993,420,-2,50,-5,-3,-2,1,3,3,5,2,6,6,0,-5,0,5,-5,0,5,-1,-6,35,-2,5,3,1,0,0,1,-1,-1,-1,2,1
KR_6685898386,420,4,24,11,4,1,3,2,2,3,1,0,2,2,-3,0,3,4,4,0,0,2,3,-1,1,0,1,0,1,-1,1,-1,-1,5,1
KR_6651599152,420,3,2,4,5,1,2,1,0,1,1,0,1,1,4,4,0,0,0,0,-1,4,-22,4,0,4,-1,0,0,1,0,0,-1,4,1
KR_6686663236,420,-1,6,-4,-4,0,1,1,-2,1,3,2,4,2,0,3,3,-4,2,6,0,-6,-10,1,1,2,3,0,0,-1,1,0,-1,4,1
KR_6756895066,420,2,25,21,5,-1,2,3,4,6,2,1,4,3,0,3,3,1,1,0,0,9,11,1,2,3,-1,0,0,-1,1,0,1,1,1
KR_6671373454,440,-2,34,12,-6,2,2,0,2,5,3,-4,1,5,-3,0,3,-3,2,5,-1,-15,-14,-1,2,1,1,0,-1,0,0,1,-1,0,1
KR_6727045677,420,2,76,58,4,1,2,1,-2,0,2,10,13,3,-5,2,7,0,0,0,0,-7,-55,-2,4,2,-2,0,1,1,1,1,1,2,1
KR_6726544198,440,2,126,7,0,4,4,0,-2,0,2,0,2,2,-2,2,4,0,0,0,-1,-7,30,-4,7,3,-8,0,1,-1,-1,1,-1,6,1
KR_6743577489,440,-6,-77,-32,-4,-4,2,6,1,3,2,0,1,1,1,2,1,-2,0,2,0,-3,1,4,3,7,-4,0,0,-1,1,0,1,3,1
KR_6656471875,420,-2,53,12,-4,1,3,2,-2,3,5,-3,0,3,3,7,4,-3,0,3,2,2,6,2,2,4,-1,0,0,-1,1,0,1,6,1
KR_6624546541,420,2,14,-11,1,-3,0,3,-1,0,1,6,7,1,2,2,0,-3,2,5,0,-2,14,-3,4,1,4,0,1,1,1,1,1,1,1
KR_6720785784,420,4,70,-4,12,2,4,2,0,5,5,3,3,0,8,10,2,-1,1,2,0,8,33,4,0,4,-1,0,3,-1,1,1,1,6,1
KR_6753157487,420,0,58,-16,7,4,4,0,-1,2,3,-1,2,3,5,5,0,0,0,0,0,5,-7,1,2,3,0,0,1,1,1,1,1,6,1
KR_6736212856,440,2,30,10,6,2,7,5,0,2,2,-5,0,5,7,8,1,2,3,1,1,9,10,-2,3,1,1,0,1,1,0,1,1,5,1
KR_6668487935,420,2,101,16,4,1,4,3,-3,3,6,5,6,1,0,3,3,1,2,1,0,4,0,0,3,3,0,0,2,1,-1,1,-1,3,1
KR_6347009957,420,3,69,-4,11,5,5,0,-3,0,3,0,1,1,2,4,2,7,8,1,0,5,1,0,0,0,0,0,2,0,1,1,1,0,1
KR_6758586240,440,3,58,-6,7,2,2,0,2,5,3,1,6,5,3,5,2,-1,2,3,0,6,11,1,2,3,-4,0,0,1,-1,0,1,2,1
KR_6752491366,440,7,93,35,19,3,3,0,0,2,2,2,3,1,13,14,1,1,2,1,0,22,-2,1,1,2,1,0,1,0,1,1,1,0,1
KR_6666443403,420,4,17,41,5,-1,2,3,1,2,1,5,5,0,5,7,2,-5,0,5,0,-3,16,0,3,3,-1,0,1,-1,1,1,-1,5,1
KR_6729215632,440,-1,31,20,0,6,7,1,1,1,0,-5,0,5,-4,0,4,2,3,1,0,-3,-7,-1,6,5,-4,0,0,1,1,0,1,4,1
KR_6689237722,420,6,25,36,2,-1,1,2,0,4,4,3,4,1,2,3,1,-2,2,4,0,12,-3,-2,4,2,-1,0,-1,1,1,1,-1,2,1
KR_6761000491,420,0,7,8,-5,2,2,0,-3,0,3,-2,1,3,-2,0,2,0,2,2,0,-7,-3,-2,4,2,-1,0,0,-1,1,0,-1,5,1
KR_6727609177,420,4,15,30,8,7,9,2,2,5,3,-4,0,4,0,2,2,3,3,0,1,5,1,0,2,2,-2,0,0,1,-1,1,1,4,1
KR_6736112338,420,4,35,38,9,-1,0,1,2,3,1,4,8,4,2,6,4,2,5,3,0,3,7,1,5,6,-1,0,2,1,1,1,-1,4,1
KR_6764093850,420,2,-24,8,12,2,2,0,10,10,0,4,7,3,-4,0,4,0,1,1,1,8,5,3,3,6,-1,0,0,0,1,0,1,0,1
KR_6743290207,420,2,21,4,8,3,4,1,4,4,0,2,5,3,0,2,2,-1,0,1,0,5,8,2,1,3,-1,0,1,0,1,1,1,0,1
KR_6718916683,420,0,-44,33,6,4,5,1,4,5,1,-3,2,5,1,3,2,0,0,0,0,7,5,3,0,3,-1,0,0,1,-1,0,1,2,1
KR_6758240420,420,4,-43,92,5,-3,0,3,3,6,3,8,8,0,-2,2,4,-1,0,1,-2,1,-6,1,2,3,1,0,1,0,1,1,-1,0,1
KR_6710947682,420,-1,63,-12,-2,-4,0,4,5,6,1,0,2,2,-2,0,2,-1,1,2,0,-4,15,1,5,6,-2,0,0,0,1,0,-1,0,1
KR_6757390619,440,2,54,-16,4,0,2,2,-1,0,1,4,5,1,0,2,2,1,1,0,0,0,2,1,3,4,-1,0,0,1,1,1,1,3,1
KR_6735514438,440,-2,1,-5,-6,0,0,0,-9,0,9,1,5,4,3,4,1,-1,0,1,0,-1,-34,-2,3,1,14,0,1,-1,0,1,-1,5,1
KR_6739688145,440,5,37,28,3,-5,0,5,0,0,0,-1,1,2,3,4,1,6,6,0,0,-1,-45,0,4,4,22,0,1,1,0,1,-1,1,1
KR_6717806797,420,5,32,28,12,1,3,2,-2,1,3,6,8,2,2,4,2,5,5,0,-1,7,9,-3,4,1,2,0,1,-1,1,1,-1,4,1
KR_6705853569,420,-2,-90,37,-3,1,2,1,-1,2,3,1,3,2,-5,0,5,1,2,1,0,-2,-3,2,0,2,-2,0,0,1,0,-1,-1,4,1
KR_6750976905,420,3,-11,25,13,-5,0,5,0,1,1,8,8,0,5,5,0,5,5,0,0,14,7,0,4,4,0,0,0,-1,1,1,1,5,1
KR_6752305728,420,-1,15,-20,0,0,0,0,-2,0,2,2,4,2,0,2,2,0,2,2,0,-2,-2,-3,5,2,-1,0,0,-1,1,-1,-1,5,1
KR_6755187718,420,0,-10,-15,-3,7,8,1,-4,0,4,-5,3,8,1,6,5,-2,0,2,0,-12,-5,1,2,3,-3,0,0,-1,1,1,-1,3,1
KR_6756938415,440,1,55,12,1,-2,3,5,1,1,0,2,3,1,0,1,1,0,0,0,0,-4,0,-3,4,1,1,0,0,1,-1,1,1,5,1
KR_6746032742,420,1,47,-4,1,2,3,1,-1,1,2,0,0,0,0,0,0,0,1,1,0,1,2,1,2,3,3,0,0,1,-1,0,1,1,1
KR_6615511212,420,-1,31,-12,2,0,0,0,-3,2,5,4,5,1,4,6,2,-3,2,5,0,3,5,7,1,8,-5,0,1,1,1,1,1,4,1
KR_6627547132,420,2,-3,11,7,1,3,2,4,5,1,-1,1,2,1,3,2,2,3,1,0,3,-2,3,3,6,2,0,2,-1,1,1,1,5,1
KR_6615473294,420,1,-9,16,-3,1,2,1,-4,3,7,6,9,3,-7,0,7,1,1,0,-3,-21,-11,-7,8,1,-2,0,1,0,-1,1,-1,0,1
KR_6760142825,420,3,67,23,8,1,2,1,4,7,3,-1,2,3,8,9,1,-4,1,5,0,19,-54,3,1,4,-2,0,1,0,1,1,-1,0,1
KR_6760489649,420,3,64,5,3,-1,0,1,1,1,0,-3,5,8,5,5,0,1,2,1,0,0,6,1,4,5,1,0,2,1,1,1,-1,1,1
KR_6762686932,440,5,39,44,8,0,2,2,2,2,0,6,6,0,0,2,2,0,0,0,0,5,12,6,3,9,-11,0,1,-1,1,1,1,3,1
KR_6672690014,420,2,26,-12,0,-1,1,2,-2,2,4,1,2,1,0,2,2,2,3,1,0,5,-6,-2,4,2,0,0,1,1,-1,-1,1,3,1
KR_6735152441,420,-2,6,-18,0,-2,0,2,1,5,4,1,3,2,-2,3,5,2,3,1,-2,-7,219,-1,4,3,-2,0,1,1,1,1,-1,6,1
KR_6735649045,420,0,-28,-20,2,1,1,0,-1,2,3,4,4,0,-1,1,2,-1,0,1,0,-3,-35,1,1,2,33,0,0,-1,1,0,-1,6,1
KR_6618195559,420,4,67,23,5,2,3,1,4,4,0,1,2,1,-2,1,3,0,1,1,0,7,0,1,4,5,-1,0,2,1,1,1,-1,6,1
KR_6761674576,420,3,122,12,3,4,5,1,0,1,1,0,1,1,-3,0,3,2,2,0,-1,-1,14,1,3,4,-5,0,1,1,1,1,-1,4,1
KR_6741280543,440,1,11,44,1,-1,2,3,0,2,2,3,4,1,-1,1,2,0,1,1,0,-3,37,1,5,6,-13,0,0,-1,1,0,-1,2,1
KR_6632011978,420,4,53,-4,8,0,2,2,0,2,2,-1,3,4,9,9,0,0,1,1,0,11,-4,-1,1,0,1,0,1,1,1,1,1,4,1
KR_6736557652,420,3,17,9,4,1,1,0,0,2,2,-1,5,6,1,1,0,3,3,0,-1,6,56,3,1,4,-26,0,3,-1,1,1,-1,1,1
KR_6738483040,420,1,9,8,-1,-1,1,2,2,6,4,-2,0,2,1,1,0,-1,0,1,0,-2,-166,3,3,6,-2,0,0,1,1,0,-1,5,1
KR_6751084318,440,2,74,-12,6,7,8,1,0,2,2,-1,3,4,2,5,3,-2,1,3,1,-3,-60,-3,4,1,22,0,1,-1,1,1,1,3,1
KR_6741473818,420,2,71,-3,2,1,3,2,3,3,0,0,0,0,-4,2,6,2,2,0,0,1,296,3,2,5,-3,0,1,0,1,1,1,0,1
KR_6762893844,420,-3,20,0,-6,1,1,0,-3,2,5,-7,0,7,3,6,3,0,3,3,-1,3,2,-4,4,0,-32,0,1,1,-1,-1,-1,1,1
KR_6630432629,420,5,6,32,7,2,3,1,4,6,2,0,1,1,1,3,2,0,1,1,0,3,-268,3,4,7,3,0,0,1,1,0,1,3,1
KR_6720575027,440,7,154,10,11,-2,0,2,3,3,0,7,7,0,1,1,0,2,2,0,0,6,-2,4,1,5,1,0,1,1,0,1,-1,6,1
KR_6635415212,420,-4,-44,-20,-13,1,2,1,-4,0,4,-4,1,5,-4,2,6,-2,1,3,0,-8,-5,-1,1,0,0,0,-1,0,0,-1,1,0,1
KR_6705065515,420,3,-9,29,10,2,3,1,0,2,2,8,9,1,1,2,1,-1,0,1,0,13,-421,-2,5,3,1,0,0,1,-1,-1,1,2,1
KR_6694005446,420,-1,26,-28,1,1,3,2,-4,1,5,1,4,3,3,3,0,0,3,3,-1,-5,-9,0,4,4,3,0,0,1,-1,0,-1,6,1
KR_6604341342,420,3,101,19,11,7,8,1,2,2,0,6,8,2,-6,0,6,2,3,1,0,-4,394,1,3,4,1,0,4,1,1,1,-1,2,1
KR_6764049753,420,2,3,-20,13,2,4,2,1,1,0,9,9,0,3,4,1,-2,0,2,0,12,2,1,3,4,-3,0,1,-1,0,1,1,5,1
KR_6628713478,420,1,6,32,5,0,0,0,-3,2,5,8,8,0,1,3,2,-1,1,2,0,2,6,2,0,2,0,1,3,1,1,1,1,6,1
KR_6671050115,420,2,102,4,10,0,2,2,1,3,2,3,5,2,5,5,0,1,1,0,0,7,8,0,3,3,-3,0,0,-1,1,0,1,6,1
KR_6685089236,420,0,63,-12,1,0,1,1,3,5,2,-1,2,3,1,1,0,-2,2,4,0,-1,-1,1,0,1,1,0,-1,-1,-1,-1,-1,5,1
KR_6760026845,440,4,50,7,7,-1,1,2,-3,3,6,2,5,3,8,8,0,1,2,1,0,10,-1,-1,4,3,-5,0,-1,-1,-1,1,-1,6,1
KR_6749700074,420,5,110,-12,12,5,7,2,1,6,5,2,3,1,2,3,1,2,2,0,0,17,3,3,4,7,0,0,2,1,1,1,1,5,1
KR_6528041278,420,5,7,24,8,3,3,0,5,5,0,3,4,1,-3,2,5,0,2,2,0,5,-1,0,2,2,-1,0,3,1,1,1,1,5,1
KR_6661415019,440,3,-20,25,3,7,9,2,-3,0,3,1,2,1,-3,1,4,1,2,1,0,-9,24,0,5,5,0,0,1,1,1,1,1,2,1
KR_6732154367,440,4,53,0,3,-3,2,5,4,5,1,2,3,1,2,2,0,-2,1,3,0,6,-2,0,4,4,1,0,-1,1,-1,-1,1,1,1
KR_6751679391,420,4,-4,4,9,1,2,1,4,5,1,1,4,3,3,5,2,0,4,4,0,14,2,1,2,3,0,0,0,1,1,0,-1,1,1
KR_6725970269,420,3,50,20,10,4,5,1,-2,2,4,1,3,2,6,10,4,1,1,0,0,-2,11,6,1,7,0,0,0,1,-1,1,1,4,1
KR_6740895773,420,4,103,24,9,-2,1,3,3,5,2,4,6,2,3,5,2,1,2,1,1,10,-339,2,2,4,-1,0,1,-1,0,1,1,2,1
KR_6750299518,420,1,-39,24,0,-3,2,5,2,3,1,1,5,4,1,4,3,-1,1,2,0,-3,-4,-1,5,4,0,0,1,0,1,1,-1,0,1
KR_6759679413,420,2,-16,100,2,-1,2,3,2,3,1,-1,1,2,1,3,2,1,1,0,-1,-4,10,-8,8,0,5,0,-1,1,-1,-1,-1,1,1
KR_6751352604,420,0,22,48,3,3,3,0,0,2,2,1,1,0,-1,1,2,0,0,0,0,-3,9,0,6,6,0,0,-1,-1,1,-1,1,2,1
KR_6761995624,420,2,92,18,7,5,5,0,1,3,2,1,1,0,-1,1,2,1,2,1,-1,0,-3,1,1,2,0,0,1,1,1,1,-1,6,1
KR_6763160151,420,1,-24,-48,-3,2,3,1,2,2,0,-2,2,4,-1,4,5,-4,2,6,0,6,-358,-1,2,1,0,0,-2,0,0,-1,-1,0,1
KR_6632621607,420,3,27,24,1,-4,2,6,-4,1,5,1,3,2,1,1,0,7,7,0,0,1,42,-1,4,3,-16,0,0,1,0,1,1,1,1
KR_6743232795,420,8,123,59,16,5,5,0,3,3,0,8,9,1,0,4,4,0,1,1,0,7,-22,2,0,2,-1,0,2,1,0,1,1,3,1
KR_6744855938,420,7,50,20,11,3,4,1,2,2,0,4,5,1,-2,2,4,4,4,0,0,7,-8,-3,6,3,2,0,0,1,0,0,1,1,1
KR_6685956558,420,-1,7,-13,-5,-2,1,3,-4,2,6,4,6,2,-4,0,4,1,2,1,0,-3,-543,-1,4,3,0,0,-2,1,0,-1,-1,5,1
KR_6716042906,420,1,-53,-8,5,0,0,0,2,2,0,3,3,0,-1,0,1,1,1,0,0,5,1,-2,6,4,5,0,0,-1,0,0,1,6,1
KR_6759647677,420,2,79,8,11,6,6,0,4,4,0,-4,1,5,4,7,3,1,1,0,0,6,1,6,5,11,-2,0,0,1,-1,0,1,6,1
KR_6722775066,420,2,15,5,3,-1,1,2,4,5,1,-1,2,3,0,4,4,1,1,0,0,0,4,1,3,4,0,0,0,1,-1,0,1,6,1
KR_6764023685,420,4,114,-11,9,-2,0,2,0,1,1,9,11,2,2,3,1,0,0,0,0,2,7,0,4,4,5,0,2,1,0,1,1,5,1
KR_6664435931,440,3,115,24,8,0,0,0,3,4,1,6,7,1,0,1,1,-1,1,2,0,3,-12,-2,3,1,2,0,2,-1,1,1,1,4,1
KR_6763393802,420,2,29,28,-1,-4,3,7,-1,2,3,-1,2,3,4,4,0,1,3,2,0,2,128,-4,6,2,2,0,-1,1,-1,-1,-1,6,1
KR_6753604605,420,5,104,4,17,-3,0,3,4,6,2,1,3,2,14,16,2,1,1,0,2,18,-2,-2,6,4,1,0,2,-1,-1,1,1,3,1
KR_6761256452,420,3,26,8,1,-2,3,5,6,7,1,-1,2,3,-1,1,2,-1,2,3,0,3,10,4,3,7,-3,0,1,1,1,1,1,5,1
KR_6729945108,420,3,25,-4,6,-1,0,1,0,1,1,6,6,0,2,2,0,-1,1,2,0,3,-11,1,2,3,1,0,1,1,-1,1,1,4,1
KR_6623847991,420,1,63,9,4,0,1,1,1,2,1,0,2,2,3,4,1,0,1,1,0,-3,-8,-4,8,4,1,0,0,-1,0,0,1,2,1
KR_6744917962,420,4,25,0,12,8,8,0,0,1,1,6,6,0,0,5,5,-2,1,3,0,18,7,-1,5,4,0,0,0,-1,1,1,-1,4,1
KR_6763147192,420,0,-15,0,8,-2,4,6,3,3,0,0,1,1,4,4,0,3,3,0,0,9,-19,4,0,4,0,0,-1,1,-1,-1,1,3,1
KR_6746468305,420,1,70,16,-1,-1,1,2,4,5,1,-2,0,2,0,3,3,-2,0,2,0,2,1,-2,7,5,0,0,1,-1,1,1,-1,6,1
KR_6664378688,440,1,-8,16,3,-3,1,4,3,4,1,0,2,2,1,2,1,2,2,0,0,5,-2,-1,2,1,-1,0,0,1,-1,0,1,3,1
KR_6740367458,420,1,-27,12,2,2,3,1,-3,3,6,5,5,0,-1,0,1,-1,0,1,0,-1,-6,-2,4,2,2,0,-1,1,1,-1,1,6,1
KR_6763303674,420,3,41,28,4,2,3,1,-3,0,3,1,3,2,5,5,0,-1,0,1,0,4,-2,0,2,2,1,0,0,-1,-1,0,-1,6,1
KR_6763345122,440,-1,-26,12,-7,3,4,1,1,1,0,-1,3,4,-3,2,5,-7,1,8,0,-3,1,-6,9,3,-3,0,0,-1,1,1,1,4,1
KR_6655433411,420,-1,-90,-15,-6,-2,6,8,-1,1,2,1,3,2,-4,0,4,0,1,1,0,-6,11,-2,3,1,0,0,-1,1,1,-1,-1,6,1
KR_6741147331,420,-1,34,-71,-1,-2,1,3,-3,1,4,0,4,4,2,3,1,2,2,0,-1,0,-14,-3,3,0,1,0,2,0,1,1,-1,0,1
KR_6762306102,440,6,75,0,19,3,3,0,3,3,0,-1,2,3,11,11,0,3,3,0,1,27,17,5,2,7,4,0,2,1,0,1,1,2,1
KR_6753799213,440,3,40,28,6,0,0,0,7,7,0,3,4,1,0,1,1,-4,3,7,0,-1,-5,-1,4,3,-3,0,0,1,0,0,1,5,1
KR_6749529234,420,2,19,9,13,-4,1,5,2,3,1,3,7,4,13,14,1,-1,1,2,0,13,4,4,1,5,1,0,2,1,-1,1,1,2,1
KR_6761469862,440,4,74,12,4,0,1,1,3,4,1,-3,0,3,0,2,2,4,6,2,1,-1,3,-3,4,1,-1,0,1,1,1,1,1,4,1
KR_6730015805,420,3,-18,65,4,2,2,0,3,3,0,0,1,1,-1,1,2,0,1,1,0,0,2,1,2,3,0,0,1,1,1,1,1,1,1
KR_6724070657,420,-2,13,-28,-2,-1,0,1,2,7,5,-5,0,5,3,4,1,-1,0,1,0,-9,0,1,2,3,2,0,0,1,-1,0,1,4,1
KR_6748540582,440,-2,28,4,-2,-1,2,3,0,2,2,-1,1,2,-1,6,7,1,1,0,0,5,0,-1,1,0,1,0,-1,-1,1,-1,-1,6,1
KR_6703995433,420,1,70,-27,1,2,5,3,-1,3,4,0,0,0,1,4,3,-1,0,1,0,-4,73,-1,2,1,-18,0,0,-1,1,1,1,4,1
KR_6692411910,420,-3,38,27,-11,-6,1,7,0,1,1,-4,0,4,-1,1,2,0,1,1,0,-5,15,3,2,5,-4,0,0,0,1,-1,-1,0,1
KR_6738662351,420,-1,-24,-16,-2,-3,1,4,1,2,1,3,5,2,-4,2,6,1,1,0,0,-7,-50,3,8,11,16,0,1,0,1,1,-1,0,1
KR_6624265408,420,3,-7,57,7,1,1,0,-1,2,3,-2,1,3,8,10,2,1,3,2,2,12,111,5,0,5,-1,0,1,-1,0,1,1,2,1
KR_6616780557,420,2,41,12,0,5,6,1,-5,4,9,6,6,0,-2,0,2,-4,0,4,1,-14,2,0,3,3,0,0,0,1,1,1,1,2,1
KR_6747456680,440,-3,-22,-4,-8,1,4,3,-2,2,4,-1,1,2,-1,0,1,-5,1,6,0,-7,35,3,3,6,-18,0,0,-1,1,0,-1,3,1
KR_6706924459,420,4,33,36,14,1,4,3,12,13,1,0,3,3,-1,4,5,2,2,0,2,9,331,0,1,1,-1,0,1,-1,1,1,-1,4,1
KR_6762125652,420,1,-56,23,1,3,5,2,3,5,2,-4,2,6,-1,0,1,0,0,0,0,-5,4,-2,2,0,-3,0,0,0,1,0,1,0,1
KR_6747358468,420,-1,-10,-64,1,2,3,1,-2,1,3,-1,0,1,1,2,1,1,3,2,0,-1,3,0,5,5,1,0,2,1,-1,1,1,1,1
KR_6751152228,420,1,-27,-20,2,1,2,1,3,3,0,-1,2,3,0,3,3,-1,1,2,0,-4,-3,-3,3,0,-1,0,0,0,0,1,-1,0,1
KR_6760994790,420,-1,22,4,-7,-2,1,3,0,4,4,0,3,3,-3,1,4,-2,0,2,0,-4,31,1,1,2,-2,0,-1,1,-1,-1,1,4,1
KR_6763192691,420,4,9,24,4,3,5,2,1,3,2,-1,0,1,0,0,0,1,1,0,-1,1,5,-1,2,1,0,0,1,1,1,1,-1,1,1
KR_6579965884,420,0,-39,14,0,-3,0,3,6,7,1,4,5,1,-7,0,7,0,1,1,-1,-4,-47,1,2,3,35,0,1,0,0,1,-1,0,1
KR_6711627095,420,-2,25,-61,2,1,1,0,0,1,1,-1,0,1,1,2,1,1,1,0,0,3,-6,0,1,1,-4,0,1,1,-1,1,1,6,1
KR_6640063336,420,4,85,28,7,-2,1,3,3,5,2,3,4,1,5,5,0,-2,0,2,0,6,15,1,1,2,-1,0,1,0,1,1,-1,0,1
KR_6756245541,420,0,10,-3,4,1,3,2,-3,0,3,-2,1,3,4,4,0,4,4,0,0,2,-1,0,4,4,-1,0,0,1,-1,1,1,5,1
KR_6710296998,440,3,-11,16,10,2,2,0,4,6,2,2,2,0,1,3,2,1,1,0,0,9,-7,-1,6,5,4,0,1,1,1,1,1,5,1
KR_6716611580,420,1,68,16,6,2,3,1,-4,1,5,3,4,1,2,3,1,3,5,2,1,2,3,0,4,4,-1,0,2,1,1,1,1,1,1
KR_6742914484,420,4,81,-8,11,0,2,2,3,4,1,2,3,1,5,5,0,1,1,0,0,9,28,0,3,3,2,0,2,1,-1,1,-1,2,1
KR_6709084492,420,1,44,4,4,3,3,0,2,2,0,-2,2,4,2,3,1,-1,0,1,0,1,-4,1,1,2,0,0,0,1,1,0,-1,6,1
KR_6762570414,420,0,-25,4,-2,0,2,2,2,9,7,2,3,1,-5,0,5,-1,1,2,0,0,4,-3,4,1,-2,0,1,1,1,1,-1,5,1
KR_6693825278,420,-1,14,-11,-1,0,0,0,-1,3,4,2,3,1,1,6,5,-3,1,4,0,-5,-4,0,3,3,0,0,0,-1,0,0,1,5,1
KR_6751502194,420,4,63,24,10,5,5,0,0,0,0,0,5,5,4,5,1,1,1,0,1,2,359,4,3,7,-4,0,2,1,1,1,1,2,1
KR_6708314137,420,3,67,28,11,6,7,1,-1,1,2,3,6,3,3,3,0,0,1,1,0,7,20,1,4,5,0,0,0,1,1,1,1,4,1
KR_6749462165,440,1,16,-11,5,-3,2,5,-2,1,3,6,6,0,1,2,1,3,3,0,0,6,1,0,2,2,2,0,2,1,1,1,-1,3,1
KR_6549175835,420,1,44,-11,4,1,4,3,-1,0,1,3,3,0,2,3,1,-1,0,1,0,6,-6,-2,2,0,4,0,0,1,1,1,-1,5,1
KR_6762352922,440,4,44,24,6,0,1,1,4,4,0,1,4,3,2,2,0,-1,0,1,0,2,-3,3,3,6,3,0,1,1,1,1,1,1,1
KR_6762905198,440,5,112,3,18,0,5,5,8,9,1,-1,1,2,10,12,2,1,1,0,1,14,0,3,2,5,1,0,2,0,1,1,1,0,1
KR_6681971520,420,3,-13,24,-1,-1,2,3,0,2,2,-2,0,2,3,5,2,-1,0,1,0,2,46,-2,4,2,-23,0,1,-1,0,1,-1,3,1
KR_6735102585,420,3,30,32,5,3,3,0,-1,4,5,0,2,2,2,2,0,1,1,0,0,0,5,2,2,4,3,0,3,1,1,1,1,2,1
KR_6613470895,420,4,80,24,5,3,5,2,3,5,2,2,2,0,-3,2,5,0,2,2,0,4,12,4,4,8,1,0,0,-1,-1,1,1,6,1
KR_6696035980,420,4,10,16,1,-1,1,2,0,5,5,1,1,0,1,5,4,0,0,0,0,3,4,-5,7,2,4,0,2,1,1,1,-1,6,1
KR_6727812230,420,7,29,3,19,5,5,0,7,7,0,6,6,0,0,4,4,1,1,0,0,22,-3,-1,2,1,1,0,2,0,1,1,-1,0,1
KR_6523497338,420,2,10,0,1,1,2,1,-2,1,3,0,2,2,3,4,1,-1,0,1,0,7,-2,2,2,4,-1,0,0,1,1,0,-1,4,1
KR_6718258950,420,-2,29,-4,-5,3,3,0,-2,0,2,-4,2,6,-1,1,2,-1,1,2,2,-8,4,0,7,7,0,0,0,1,-1,-1,1,4,1
KR_6761456319,440,5,117,15,5,0,0,0,1,1,0,0,3,3,2,3,1,2,3,1,0,2,1,-1,1,0,2,0,0,1,0,1,1,5,1
KR_6743623141,420,2,35,16,9,-2,0,2,8,8,0,3,5,2,-1,1,2,1,2,1,0,5,128,4,0,4,-1,0,1,1,0,1,1,3,1
KR_6630601463,420,0,36,-12,5,7,9,2,1,2,1,-1,2,3,0,2,2,-2,1,3,1,-1,-1,2,3,5,1,0,-1,-1,-1,-1,1,3,1
KR_6739374242,440,3,42,5,14,1,1,0,0,3,3,4,7,3,3,5,2,6,6,0,0,6,5,3,1,4,-2,0,2,1,1,1,1,3,1
KR_6630318728,420,1,43,-22,5,-3,1,4,1,2,1,1,4,3,2,6,4,4,4,0,-1,7,5,5,4,9,2,0,2,1,1,1,-1,4,1
KR_6763079196,420,-2,34,-27,0,2,3,1,-1,4,5,0,4,4,-2,3,5,1,1,0,2,6,5,1,3,4,0,0,0,0,-1,0,1,0,1
KR_6748440789,420,4,23,20,11,2,4,2,2,3,1,3,4,1,4,6,2,0,1,1,0,14,11,4,0,4,1,0,0,0,0,0,1,0,1
KR_6745778805,420,5,85,0,9,5,6,1,0,2,2,4,4,0,0,3,3,0,1,1,0,3,-4,-3,3,0,-3,0,2,0,1,1,1,0,1
KR_6759614131,420,5,64,21,5,0,0,0,1,1,0,-1,1,2,5,5,0,0,0,0,0,6,7,-1,3,2,2,0,2,1,1,1,-1,3,1
KR_6737657269,420,5,21,23,2,2,4,2,-2,2,4,4,5,1,-1,5,6,-1,1,2,-2,5,-16,0,2,2,1,0,1,1,-1,-1,-1,3,1
KR_6665369717,420,1,65,24,2,-1,1,2,0,1,1,1,2,1,1,2,1,1,3,2,-1,-1,-3,1,3,4,-4,0,-1,1,1,-1,-1,3,1
KR_6654308920,440,4,8,-12,6,0,5,5,-2,1,3,1,3,2,2,4,2,5,6,1,0,8,3,4,1,5,2,0,0,1,0,1,-1,2,1
KR_6719859052,420,-2,-27,-23,0,5,6,1,1,2,1,-1,3,4,-5,0,5,0,0,0,0,-4,15,1,3,4,1,0,0,1,1,0,-1,5,1
KR_6693100451,420,2,13,20,4,7,8,1,-7,1,8,-1,2,3,1,2,1,4,4,0,1,1,0,-3,4,1,-5,0,0,1,-1,0,1,6,1
KR_6640120699,420,3,21,-6,7,1,2,1,8,8,0,1,1,0,-3,2,5,0,2,2,0,11,-4,5,2,7,5,0,1,1,-1,1,-1,3,1
KR_6607905641,420,1,7,-4,2,0,1,1,4,4,0,0,4,4,-2,0,2,0,0,0,-1,3,11,2,3,5,-1,0,0,-1,1,-1,-1,6,1
KR_6681449477,420,2,-18,28,10,4,4,0,8,8,0,-2,3,5,1,1,0,-1,0,1,0,7,35,-1,3,2,3,0,0,1,-1,0,1,5,1
KR_6750912585,420,2,-13,0,3,0,4,4,3,4,1,-1,4,5,2,3,1,-1,2,3,1,-3,168,1,3,4,-17,0,-1,-1,1,1,-1,2,1
KR_6758931583,440,1,-18,22,4,3,3,0,0,3,3,-1,3,4,2,3,1,0,1,1,0,5,-8,1,1,2,2,0,0,1,1,0,1,5,1
KR_6718691380,440,1,-79,11,9,-3,1,4,4,5,1,-2,3,5,10,13,3,0,1,1,1,20,-14,4,5,9,29,0,0,1,-1,-1,1,1,1
KR_6735977839,420,3,83,27,11,0,1,1,5,5,0,2,2,0,2,2,0,2,2,0,2,15,3,2,2,4,0,0,1,1,1,1,1,5,1
KR_6755190119,420,-1,-38,7,-6,-2,0,2,-2,3,5,-1,0,1,1,3,2,-2,0,2,1,-8,96,1,1,2,1,0,0,-1,-1,-1,1,3,1
KR_6664335964,440,-1,18,-43,5,-3,1,4,0,3,3,4,6,2,4,6,2,0,0,0,0,6,16,1,1,2,1,0,3,-1,1,1,-1,3,1
KR_6711139881,420,5,80,28,1,1,3,2,5,9,4,0,2,2,-5,0,5,0,0,0,0,-2,4,1,3,4,-3,0,3,-1,1,1,1,5,1
KR_6762267803,420,4,45,-7,2,-4,1,5,-1,0,1,4,4,0,2,3,1,1,1,0,0,6,14,7,2,9,2,0,1,1,-1,1,-1,1,1
KR_6686932386,420,1,10,-12,10,-5,1,6,0,2,2,3,5,2,9,9,0,3,3,0,0,19,8,1,1,2,2,0,0,-1,-1,1,-1,5,1
KR_6756924188,420,1,-29,8,4,3,3,0,2,2,0,-1,0,1,1,2,1,-1,2,3,0,0,-3,-1,3,2,-2,0,1,-1,1,1,1,1,1
KR_6724695829,420,5,41,8,14,2,3,1,3,3,0,5,7,2,3,5,2,1,2,1,0,7,-65,0,2,2,1,0,2,1,-1,1,1,2,1
KR_6763033433,420,-1,-44,4,6,-1,0,1,4,5,1,2,5,3,0,5,5,1,1,0,0,11,19,2,4,6,-7,0,0,1,1,0,1,2,1
KR_6655740534,420,-1,-67,8,4,-2,2,4,5,5,0,-1,3,4,3,5,2,-1,0,1,1,10,-4,-2,3,1,-2,0,0,1,1,1,1,5,1
KR_6752310271,420,2,41,23,2,-1,1,2,-2,0,2,0,1,1,5,8,3,0,1,1,0,4,-270,5,1,6,-5,0,1,0,1,1,1,0,1
KR_6724877118,420,2,-24,-12,5,1,3,2,0,3,3,2,5,3,2,3,1,0,2,2,0,5,2,1,0,1,1,0,0,1,1,1,-1,6,1
KR_6661585114,420,1,111,12,0,0,1,1,-3,1,4,-6,1,7,5,6,1,4,5,1,0,3,9,5,2,7,1,0,2,1,-1,1,1,3,1
KR_6760115824,420,2,6,15,2,3,4,1,0,0,0,4,7,3,-4,0,4,-1,0,1,0,-3,-8,0,2,2,-2,0,1,-1,1,1,1,6,1
KR_6752165235,420,3,-7,12,4,5,5,0,1,2,1,0,2,2,-2,3,5,0,0,0,0,-2,2,-4,5,1,1,0,1,-1,1,1,-1,6,1
KR_6756567695,420,4,23,28,4,-8,1,9,0,2,2,4,4,0,4,4,0,4,4,0,-1,5,-8,-4,5,1,4,0,2,1,1,1,-1,4,1
KR_6682447102,420,0,-10,20,-3,0,2,2,0,2,2,-1,1,2,-1,1,2,-1,0,1,0,-6,-8,-3,4,1,-2,0,0,1,1,0,-1,6,1
KR_6737822967,420,3,80,-10,7,2,5,3,1,2,1,4,5,1,-1,1,2,1,1,0,0,1,-3,1,2,3,-3,0,1,-1,1,1,1,1,1
KR_6741374548,420,2,-37,19,-1,11,11,0,-3,0,3,-1,1,2,-8,2,10,0,2,2,-2,-5,-8,-8,11,3,5,0,0,1,1,-1,-1,6,1
KR_6755786359,420,-1,60,-20,0,2,3,1,-1,0,1,2,3,1,-3,3,6,0,1,1,0,-5,7,-1,4,3,-4,0,0,1,1,0,-1,3,1
KR_6725737717,420,1,-9,-12,10,-1,1,2,0,3,3,4,4,0,6,7,1,1,2,1,1,9,1,4,0,4,-1,0,-1,1,0,-1,1,3,1
KR_6650334776,440,3,18,37,5,-3,0,3,0,1,1,2,2,0,5,8,3,1,3,2,0,7,17,0,5,5,1,0,0,1,-1,0,1,5,1
KR_6744790099,420,-2,0,-65,2,-1,2,3,-3,3,6,5,5,0,0,0,0,1,1,0,0,2,22,-1,5,4,-1,0,2,1,1,1,1,1,1
KR_6762328399,420,-1,38,4,-6,3,5,2,-6,0,6,-4,2,6,1,1,0,0,0,0,2,-5,0,1,3,4,4,0,-1,-1,-1,1,1,1,1
KR_6670769837,420,3,80,-4,11,2,3,1,-1,2,3,3,4,1,7,8,1,0,1,1,1,4,13,0,3,3,1,0,3,1,0,1,1,1,1
KR_6759384771,420,-4,3,-8,-3,-1,4,5,-3,0,3,0,3,3,1,2,1,0,0,0,0,-1,-42,-1,2,1,10,0,0,1,1,0,1,3,1
KR_6722097798,420,-1,64,12,-5,0,2,2,-4,4,8,-2,2,4,2,5,3,-1,1,2,1,-10,29,3,4,7,1,0,0,-1,-1,0,1,3,1
KR_6720640651,420,0,-39,-12,-5,-4,0,4,-3,1,4,1,1,0,-1,1,2,2,2,0,0,1,266,1,4,5,-2,0,-1,0,0,-1,1,0,1
KR_6726559477,420,-2,-75,-15,-3,-4,0,4,-2,1,3,0,3,3,0,2,2,3,3,0,-1,-3,-12,-1,4,3,-2,0,0,1,1,0,-1,1,1
KR_6764183778,420,-2,-56,-56,-4,-2,0,2,-3,3,6,-2,2,4,3,5,2,0,2,2,-3,-11,-36,4,0,4,0,0,-1,0,1,-1,-1,0,1
KR_6674258524,420,3,-11,0,5,5,5,0,-1,2,3,1,3,2,-1,0,1,1,1,0,0,4,9,0,1,1,0,0,0,-1,0,0,-1,5,1
KR_6743178401,440,3,84,20,8,2,3,1,5,6,1,0,2,2,-3,1,4,4,4,0,0,5,-3,-1,1,0,4,0,0,-1,1,0,1,2,1
KR_6634720717,420,7,107,28,8,2,3,1,5,5,0,0,3,3,0,3,3,1,1,0,0,3,27,6,1,7,-2,0,0,1,0,1,1,5,1
KR_6764593613,420,6,138,-8,15,5,5,0,-2,6,8,1,2,1,6,8,2,5,7,2,0,6,-18,-7,9,2,1,0,1,0,0,1,1,0,1
KR_6761303046,440,-2,0,0,-2,1,4,3,1,3,2,3,5,2,-7,0,7,0,1,1,0,0,-17,-7,8,1,-2,0,0,0,0,-1,1,0,1
KR_6715186246,420,2,-3,-24,2,0,2,2,-3,4,7,4,5,1,3,5,2,-2,0,2,0,10,-39,2,2,4,0,0,-1,-1,0,-1,-1,5,1
KR_6757449368,440,1,36,16,1,1,3,2,3,4,1,1,4,3,-2,3,5,-2,2,4,0,-1,-19,1,5,6,21,0,1,1,1,1,1,2,1
KR_6669952053,420,5,84,-8,11,4,4,0,3,3,0,3,5,2,-1,1,2,2,2,0,0,9,186,1,3,4,3,0,1,-1,1,1,1,6,1
KR_6722885991,420,6,47,37,14,0,0,0,3,4,1,4,4,0,5,5,0,2,2,0,1,14,24,1,2,3,0,0,1,1,1,1,1,3,1
KR_6718858747,420,2,46,-3,4,0,3,3,2,3,1,1,2,1,0,0,0,1,1,0,0,6,0,1,4,5,-3,0,2,1,1,1,1,5,1
KR_6747598868,440,3,-7,-5,8,5,5,0,5,5,0,-2,2,4,-1,7,8,1,1,0,0,0,-43,0,3,3,19,0,0,0,1,1,1,0,1
KR_6761747548,420,12,207,46,9,0,2,2,-2,1,3,4,4,0,5,6,1,2,3,1,0,6,19,4,0,4,-2,0,4,1,1,1,1,4,1
KR_6736360790,420,-3,-20,-16,-7,-2,0,2,3,3,0,-3,0,3,-3,1,4,-2,0,2,0,-4,0,-1,3,2,1,0,-1,-1,-1,-1,-1,2,1
KR_6759760884,420,1,29,27,4,0,1,1,0,1,1,3,4,1,0,2,2,1,1,0,0,-4,10,-3,7,4,5,0,2,1,1,1,1,1,1
KR_6757780760,420,0,22,24,4,3,3,0,1,3,2,0,7,7,0,0,0,0,0,0,0,1,-1,-3,5,2,2,0,0,1,1,0,-1,6,1
KR_6720781108,420,0,16,12,3,1,1,0,-3,4,7,1,4,3,3,3,0,1,1,0,0,8,-6,2,1,3,1,0,0,1,-1,1,1,4,1
KR_6750072088,420,-1,-17,12,-3,0,0,0,-2,1,3,-1,2,3,1,1,0,-1,0,1,0,-2,32,-6,6,0,-32,0,0,1,1,0,-1,1,1
KR_6762810658,440,-2,-43,16,-5,1,1,0,0,4,4,-1,1,2,-7,5,12,2,5,3,1,1,37,0,1,1,1,0,0,0,0,-1,-1,0,1
KR_6514637305,420,6,68,41,9,5,6,1,2,2,0,0,2,2,3,3,0,-1,0,1,0,6,7,4,2,6,1,0,4,0,1,1,1,0,1
KR_6748265523,420,3,49,20,5,-2,0,2,2,4,2,8,8,0,-3,1,4,0,1,1,1,0,-17,0,3,3,0,0,1,1,1,1,1,2,1
KR_6708926838,440,2,63,1,11,3,3,0,0,3,3,2,3,1,5,6,1,1,2,1,0,9,10,-2,4,2,1,0,1,1,-1,1,1,6,1
KR_6651955922,420,10,138,15,21,3,3,0,1,2,1,9,10,1,5,6,1,3,3,0,1,16,-3,-1,3,2,4,0,3,1,1,1,1,2,1
KR_6752578697,420,0,-19,31,2,1,1,0,3,4,1,6,6,0,-8,0,8,0,1,1,1,-1,8,0,1,1,1,0,0,-1,-1,1,1,6,1
KR_6752455825,420,2,57,44,2,1,1,0,1,1,0,1,1,0,0,0,0,-1,0,1,0,-1,-10,1,2,3,16,0,0,1,1,0,1,2,1
KR_6746703481,420,3,-9,4,18,8,8,0,1,2,1,3,4,1,5,9,4,1,3,2,3,21,9,10,2,12,0,0,0,0,1,0,1,0,1
KR_6762987838,420,-2,-47,0,-2,-2,0,2,0,3,3,2,4,2,-3,3,6,1,2,1,0,1,-2,-4,5,1,1,0,-1,1,0,-1,1,2,1
KR_6752407777,420,0,0,33,-1,-2,0,2,-1,2,3,0,2,2,0,2,2,2,2,0,0,1,-42,4,1,5,39,0,0,1,-1,0,-1,6,1
KR_6636885087,420,-1,29,5,4,-3,0,3,2,3,1,5,6,1,-5,0,5,5,5,0,0,4,4,-3,5,2,-2,0,2,1,1,1,1,4,1
KR_6596202034,420,3,30,24,8,-2,2,4,-1,3,4,0,0,0,8,8,0,3,3,0,0,12,8,0,3,3,0,0,1,1,0,1,1,5,1
KR_6737461142,420,-3,-1,-32,-8,-3,1,4,-2,0,2,-3,1,4,0,4,4,0,0,0,0,-7,-6,0,0,0,2,0,-1,-1,1,-1,-1,1,1
KR_6710205711,420,0,32,18,0,2,2,0,4,5,1,-2,1,3,-4,2,6,0,0,0,0,-4,-10,-3,6,3,1,0,1,1,1,1,1,6,1
KR_6592380184,420,3,35,29,6,-1,0,1,1,3,2,1,4,3,4,6,2,1,1,0,-1,3,5,0,1,1,1,0,1,1,1,1,-1,3,1
KR_6745158923,420,1,-12,-17,8,-1,2,3,2,3,1,4,5,1,4,4,0,-1,1,2,0,8,-257,-5,7,2,3,0,-1,1,-1,-1,1,5,1
KR_6750261046,420,5,148,12,16,2,3,1,1,3,2,3,6,3,7,7,0,3,5,2,1,14,-1,-4,4,0,1,0,3,1,1,1,1,4,1
KR_6760276899,420,1,88,-11,0,1,4,3,-2,1,3,-2,3,5,2,2,0,1,1,0,0,-2,8,1,1,2,4,0,1,1,-1,1,-1,3,1
KR_6699282477,420,2,5,8,3,-2,2,4,0,1,1,1,1,0,1,4,3,3,3,0,0,7,3,0,5,5,2,0,1,1,1,1,1,1,1
KR_6710484289,420,0,42,-36,3,2,4,2,1,1,0,0,3,3,1,3,2,-1,2,3,0,-1,74,3,2,5,-1,0,4,1,1,1,1,4,1
KR_6631478528,420,8,112,13,12,7,7,0,1,1,0,4,4,0,1,3,2,-1,2,3,0,10,-129,3,0,3,-1,0,1,-1,1,1,-1,3,1
KR_6738283630,420,1,99,38,-4,1,2,1,1,4,3,1,4,3,-4,0,4,-3,0,3,1,-5,8,3,6,9,-2,0,1,-1,0,1,1,4,1
KR_6744566381,420,4,39,16,6,3,3,0,0,1,1,1,1,0,0,0,0,2,2,0,0,1,23,0,4,4,-3,0,0,-1,1,1,1,4,1
KR_6748580422,440,7,102,5,14,6,6,0,-1,1,2,3,6,3,1,1,0,5,6,1,0,4,-7,1,1,2,2,0,0,-1,0,0,1,1,1
KR_6699087893,420,6,122,80,10,4,4,0,0,2,2,3,3,0,1,2,1,2,3,1,0,3,4,3,0,3,0,0,2,-1,1,1,1,4,1
KR_6689646535,440,-1,7,20,6,2,4,2,-4,2,6,0,4,4,4,4,0,4,4,0,0,-1,-1,-1,3,2,4,0,-1,0,-1,-1,1,0,1
KR_6756006391,420,2,18,16,6,-2,0,2,7,7,0,3,4,1,1,2,1,-3,0,3,0,4,6,5,2,7,-3,0,-1,0,1,1,1,0,1
KR_6628140984,420,2,21,0,8,5,5,0,0,2,2,-7,1,8,9,9,0,1,3,2,0,9,-1,1,3,4,5,0,0,1,-1,1,1,4,1
KR_6724607227,420,4,31,30,6,3,4,1,-1,0,1,1,4,3,1,3,2,2,2,0,0,4,302,2,2,4,2,0,2,1,1,1,1,5,1
KR_6741779549,420,2,-11,28,0,0,2,2,-1,3,4,3,3,0,-3,1,4,1,1,0,-2,4,-9,0,4,4,0,0,0,0,0,0,-1,0,1
KR_6719258452,420,4,6,-15,2,0,0,0,0,1,1,5,5,0,0,0,0,-3,1,4,-1,4,2,2,0,2,-1,0,1,1,-1,1,-1,6,1
KR_6727522937,440,3,-32,29,6,-1,1,2,6,10,4,-6,2,8,3,5,2,4,8,4,-3,-1,-23,0,2,2,-2,0,-1,1,0,-1,1,3,1
KR_6627630856,420,4,-20,-12,9,0,1,1,0,2,2,5,5,0,4,6,2,0,0,0,0,9,9,-1,4,3,1,0,0,1,-1,1,1,2,1
KR_6662922580,420,-1,4,0,-5,-1,0,1,-3,3,6,9,10,1,-8,0,8,-2,1,3,-1,-11,-246,0,3,3,-1,0,0,-1,-1,-1,-1,1,1
KR_6747111644,420,5,70,8,10,-2,2,4,3,4,1,3,5,2,4,7,3,2,5,3,0,10,7,1,0,1,3,0,1,1,-1,1,1,6,1
KR_6652933397,420,0,-6,-16,6,4,4,0,0,3,3,0,1,1,-1,0,1,3,5,2,0,4,-6,-2,2,0,0,0,0,-1,1,0,1,6,1
KR_6753971943,420,-1,-12,-8,0,1,2,1,1,3,2,-4,0,4,1,4,3,1,1,0,0,1,-3,0,1,1,0,0,0,-1,1,0,-1,3,1
KR_6693927828,420,-3,3,24,-6,1,2,1,-4,0,4,-3,2,5,1,3,2,-1,0,1,0,-6,1,0,2,2,-3,0,-1,-1,-1,-1,-1,1,1
KR_6747887128,420,2,-21,-10,7,2,5,3,1,1,0,1,1,0,1,4,3,2,3,1,-1,9,5,0,4,4,-4,0,0,-1,1,1,-1,2,1
KR_6757316293,440,-1,-70,-14,-7,-2,1,3,-4,1,5,-6,1,7,1,6,5,4,6,2,-1,-2,-26,-7,7,0,3,0,-2,0,-1,-1,-1,0,1
KR_6675714503,420,0,10,0,4,2,4,2,3,3,0,2,5,3,-2,2,4,-1,1,2,0,3,4,2,4,6,1,0,0,-1,1,1,1,6,1
KR_6743353557,420,2,70,17,9,4,4,0,0,2,2,-2,0,2,7,7,0,0,2,2,0,6,1,-1,3,2,6,0,1,1,1,1,1,2,1
KR_6724241559,440,4,53,-3,9,-2,1,3,-1,2,3,2,2,0,11,13,2,-1,0,1,0,10,-9,1,2,3,0,0,-1,-1,-1,1,1,2,1
KR_6757658873,420,3,20,6,-4,1,1,0,-3,3,6,1,2,1,-2,1,3,-1,1,2,0,-7,44,-2,6,4,-26,0,0,-1,1,0,-1,1,1
KR_6665022637,420,0,-27,28,-1,1,3,2,3,5,2,-3,1,4,-3,0,3,1,1,0,0,4,345,-4,6,2,4,0,0,-1,1,-1,-1,1,1
KR_6750909923,440,1,31,-28,5,-3,1,4,2,5,3,-3,3,6,6,6,0,3,3,0,1,20,0,5,0,5,-3,0,1,1,0,1,1,2,1
KR_6691183661,440,3,32,-7,10,3,3,0,3,3,0,1,5,4,2,3,1,1,2,1,2,13,5,3,2,5,1,0,0,0,0,0,-1,0,1
KR_6737687346,420,3,46,3,9,-2,1,3,-2,2,4,2,4,2,7,7,0,4,5,1,0,10,-12,-8,9,1,4,0,2,1,-1,1,-1,3,1
KR_6608710559,420,2,33,21,9,0,2,2,-2,4,6,1,2,1,10,10,0,0,0,0,0,9,7,1,5,6,-2,0,0,1,-1,1,-1,6,1
KR_6763311562,420,3,10,16,7,5,6,1,0,1,1,1,4,3,1,2,1,0,0,0,0,2,-471,3,1,4,-2,0,0,1,1,-1,1,5,1
KR_6751090171,420,3,-16,28,3,3,8,5,2,3,1,-1,2,3,-1,4,5,0,1,1,0,0,-3,-1,3,2,-1,0,0,0,1,1,-1,0,1
KR_6742173396,440,2,48,20,-1,-1,1,2,-1,2,3,0,3,3,1,4,3,0,0,0,0,-2,-19,-1,2,1,-3,0,0,0,-1,0,1,0,1
KR_6725769728,440,7,129,14,15,4,5,1,2,4,2,3,5,2,5,5,0,1,1,0,1,11,12,-1,4,3,-1,0,2,-1,1,1,1,2,1
KR_6671402010,420,5,39,33,2,3,3,0,2,3,1,5,7,2,-7,1,8,-1,3,4,0,3,13,-1,2,1,-1,0,-1,1,1,-1,1,2,1
KR_6743593722,420,7,87,12,21,4,4,0,4,6,2,12,12,0,-1,2,3,2,3,1,-2,12,8,5,1,6,1,0,2,-1,1,1,-1,4,1
KR_6756281339,420,4,54,-8,2,0,1,1,0,1,1,-2,0,2,2,2,0,2,3,1,0,2,-21,-1,6,5,2,0,1,1,1,1,1,4,1
KR_6762512282,420,4,59,12,9,0,2,2,4,4,0,4,7,3,0,3,3,1,3,2,0,1,273,1,1,2,0,0,1,0,1,1,-1,0,1
KR_6640304453,420,0,-39,0,3,-3,1,4,1,3,2,0,2,2,4,5,1,1,2,1,0,8,5,0,2,2,1,0,2,1,-1,1,1,5,1
KR_6706982843,420,-1,-30,-12,-4,2,3,1,-1,1,2,0,1,1,-4,1,5,-1,3,4,0,-8,-11,1,0,1,3,0,0,-1,0,0,-1,3,1
KR_6640001476,420,-2,-43,-28,1,-1,1,2,3,5,2,0,2,2,3,3,0,-4,2,6,0,6,-33,3,0,3,20,0,-1,1,1,-1,1,3,1
KR_6755091304,420,2,0,1,2,3,3,0,-2,0,2,0,1,1,1,8,7,0,0,0,0,12,-4,1,2,3,5,0,-1,1,-1,-1,-1,2,1
KR_6744781931,420,3,-17,0,5,-1,1,2,3,6,3,3,5,2,0,2,2,0,0,0,0,4,8,3,1,4,-2,0,2,1,0,1,1,2,1
KR_6757303179,420,5,104,52,12,0,2,2,3,4,1,4,5,1,1,5,4,4,8,4,3,16,3,3,0,3,0,0,1,1,-1,-1,1,1,1
KR_6744357131,420,7,79,36,12,4,5,1,3,4,1,4,6,2,1,2,1,0,1,1,0,8,-37,-4,6,2,2,0,1,0,1,1,1,0,1
KR_6750920024,420,3,109,32,8,0,1,1,5,5,0,-2,2,4,4,4,0,1,1,0,0,5,-134,1,3,4,4,0,2,1,0,1,1,2,1
KR_6750014248,420,-3,-30,-15,-2,0,0,0,-2,3,5,0,2,2,2,2,0,-2,0,2,-1,-8,-31,-1,3,2,27,0,0,-1,0,0,-1,3,1
KR_6643999093,420,1,3,19,3,-1,3,4,3,4,1,-3,1,4,1,1,0,3,3,0,1,4,3,-1,2,1,3,0,1,1,1,1,1,5,1
KR_6613469717,420,-2,-29,7,-2,1,1,0,5,8,3,-4,1,5,-6,1,7,2,3,1,0,-2,317,-1,2,1,-1,0,0,1,0,0,1,2,1
KR_6715836879,420,4,72,-12,5,3,4,1,-1,0,1,-1,3,4,4,5,1,0,1,1,0,2,8,2,1,3,2,0,2,-1,1,1,1,4,1
KR_6639539520,420,-1,20,-15,-2,0,4,4,0,0,0,-2,0,2,-2,0,2,2,2,0,0,-1,-7,0,3,3,1,0,1,-1,-1,1,-1,1,1
KR_6530818667,420,0,42,-16,2,0,2,2,-2,1,3,1,2,1,4,4,0,-1,1,2,0,0,10,4,2,6,4,0,0,-1,1,0,-1,3,1
KR_6725089808,420,7,31,53,18,2,2,0,4,4,0,4,6,2,4,4,0,4,4,0,1,15,1,2,2,4,6,0,1,-1,1,1,1,6,1
KR_6760986211,420,0,-4,12,2,0,2,2,-1,1,2,0,4,4,3,3,0,0,0,0,0,-2,-3,3,1,4,4,0,1,1,1,1,1,3,1
KR_6710078728,420,2,44,-12,7,2,2,0,3,4,1,-1,4,5,1,4,3,2,3,1,0,4,-108,-3,4,1,-1,0,0,0,-1,1,1,0,1
KR_6763229775,440,0,-46,8,3,-1,1,2,2,2,0,6,6,0,-1,5,6,-3,0,3,0,-1,7,3,2,5,-4,0,-1,-1,1,-1,1,2,1
KR_6762417929,420,3,63,19,11,6,7,1,1,2,1,0,2,2,1,3,2,3,4,1,1,10,16,1,0,1,0,0,2,0,1,1,1,0,1
KR_6759718603,420,-3,-47,-5,-5,-1,2,3,-1,1,2,3,4,1,-4,1,5,-2,0,2,0,-7,-5,-2,6,4,-5,0,0,-1,1,0,-1,6,1
KR_6750275575,420,1,63,0,7,0,1,1,-2,3,5,8,8,0,2,2,0,-1,1,2,0,4,6,3,3,6,-2,0,1,-1,1,1,1,3,1
KR_6759765279,420,2,-34,0,6,-1,3,4,-1,1,2,4,5,1,3,5,2,1,2,1,0,3,1,-1,4,3,-2,0,0,1,0,0,-1,3,1
KR_6674921599,440,3,20,59,8,1,1,0,7,7,0,1,2,1,1,2,1,-2,1,3,0,0,-4,2,4,6,0,0,0,-1,1,1,1,3,1
KR_6751514373,440,1,-10,-16,6,-5,0,5,4,4,0,1,3,2,6,8,2,0,1,1,0,9,-15,-3,5,2,2,0,-1,0,0,-1,1,0,1
KR_6758868337,420,0,-16,0,0,1,5,4,-3,0,3,4,6,2,2,4,2,-4,1,5,-1,-1,-2,4,0,4,0,0,0,-1,1,1,-1,1,1
KR_6732820314,420,1,50,-30,6,2,3,1,-2,3,5,5,7,2,2,6,4,-1,1,2,-1,9,2,4,1,5,-2,0,1,1,1,1,1,1,1
KR_6708378581,420,0,25,-20,4,0,0,0,1,2,1,4,6,2,1,1,0,-2,3,5,0,6,2,1,2,3,2,0,0,-1,-1,0,1,3,1
KR_6724606622,420,3,-37,32,-1,2,3,1,2,3,1,1,1,0,-4,3,7,-2,3,5,1,-3,-2,3,1,4,-2,0,1,1,1,1,1,3,1
KR_6763186773,420,-1,15,7,-4,2,2,0,-4,1,5,4,6,2,-3,2,5,-3,0,3,0,-3,-341,2,2,4,1,0,0,-1,-1,-1,1,2,1
KR_6751425436,420,4,35,-8,9,4,6,2,2,5,3,4,6,2,-3,3,6,2,3,1,-1,0,1,3,0,3,1,0,0,1,0,0,-1,3,1
KR_6651494297,420,-4,-31,8,-11,0,4,4,-3,3,6,1,3,2,-4,1,5,-5,1,6,0,-17,38,4,2,6,-2,0,-1,-1,0,-1,1,1,1
KR_6513802141,420,-2,-123,-3,2,2,3,1,0,4,4,0,1,1,0,1,1,0,2,2,0,5,-403,-2,4,2,1,0,0,-1,0,0,1,1,1
KR_6760596547,420,2,-5,-9,8,2,2,0,2,3,1,0,6,6,4,6,2,0,4,4,0,14,-403,0,5,5,-1,0,2,1,-1,1,1,1,1
KR_6693844231,420,2,56,19,8,8,8,0,0,3,3,-1,2,3,3,3,0,-2,3,5,0,-7,17,2,0,2,-3,0,0,1,0,0,1,4,1
KR_6644451565,420,1,-30,-10,0,-1,1,2,-2,4,6,3,3,0,3,4,1,-3,3,6,0,4,-288,2,2,4,3,0,1,1,0,-1,1,1,1
KR_6742742377,420,5,120,31,5,5,5,0,6,11,5,0,4,4,-1,0,1,-5,1,6,0,4,-322,-4,4,0,0,0,1,0,0,1,1,0,1
KR_6630073282,420,0,52,5,13,1,2,1,-3,4,7,5,6,1,7,7,0,3,3,0,0,13,-16,6,0,6,18,0,1,-1,1,1,1,1,1
KR_6745293871,420,1,49,-12,4,-2,1,3,-1,2,3,0,2,2,5,7,2,2,2,0,1,2,-1,4,4,8,-2,0,1,-1,-1,1,1,6,1
KR_6678777381,440,0,-9,-23,6,0,3,3,-2,0,2,0,0,0,8,10,2,0,0,0,0,13,2,0,3,3,0,0,0,1,0,1,1,3,1
KR_6679126733,420,2,32,60,5,2,2,0,-4,1,5,2,2,0,3,4,1,2,4,2,1,-1,4,-5,5,0,3,0,0,-1,0,1,1,1,1
KR_6626997926,420,4,94,-20,11,0,3,3,0,3,3,4,4,0,6,7,1,1,1,0,0,5,-11,1,1,2,0,0,2,-1,1,1,1,5,1
KR_6739352480,420,2,-75,8,8,4,4,0,2,6,4,2,3,1,0,4,4,0,0,0,-1,6,8,0,5,5,1,0,1,1,1,1,-1,1,1
KR_6762751565,420,6,76,8,10,-2,3,5,0,0,0,10,10,0,-1,1,2,3,4,1,0,3,-6,4,1,5,1,0,0,1,1,1,-1,1,1
KR_6650738024,440,1,44,-2,13,-1,0,1,0,2,2,2,4,2,12,12,0,0,2,2,0,10,1,2,4,6,2,0,1,1,-1,1,1,4,1
KR_6752414143,420,1,39,-8,-3,-2,1,3,-1,0,1,-1,1,2,0,5,5,1,1,0,0,4,-2,-1,3,2,3,0,1,0,-1,1,-1,0,1
KR_6728641159,420,4,84,-9,4,0,0,0,1,3,2,4,5,1,1,3,2,-2,1,3,0,3,0,-6,7,1,2,0,0,-1,-1,0,1,1,1
KR_6748896533,440,4,28,16,4,6,6,0,-3,1,4,4,5,1,-1,6,7,-2,1,3,0,3,6,0,2,2,-2,0,2,-1,1,1,1,2,1
KR_6763987108,420,-1,67,-12,1,1,1,0,-1,0,1,-2,2,4,2,2,0,1,2,1,0,0,-19,0,2,2,5,0,0,1,1,0,1,6,1
KR_6741828181,420,2,63,13,4,-2,0,2,-2,1,3,1,4,3,6,7,1,1,1,0,0,2,-7,-2,3,1,1,0,1,1,-1,1,1,6,1
KR_6652377953,440,2,33,24,2,-1,2,3,-1,2,3,4,5,1,0,4,4,0,1,1,0,2,1,1,3,4,0,0,1,1,1,1,1,2,1
KR_6265998970,420,1,70,25,-2,0,1,1,-3,0,3,0,0,0,1,3,2,0,0,0,0,-3,-2,-1,5,4,2,0,0,-1,-1,0,-1,2,1
KR_6759826483,420,1,-42,8,6,6,6,0,-2,2,4,-4,3,7,6,6,0,0,1,1,0,7,2,2,1,3,-3,0,2,0,1,1,-1,0,1
KR_6705329847,420,0,-24,-4,1,-2,0,2,6,8,2,-3,2,5,-1,3,4,1,1,0,0,2,341,3,1,4,0,0,-1,1,0,-1,1,5,1
KR_6675864136,440,-2,-44,-23,-4,-2,0,2,-2,1,3,-2,1,3,2,2,0,0,2,2,0,2,2,3,0,3,2,0,-2,0,-1,-1,1,0,1
KR_6702975631,420,-1,22,-8,2,1,2,1,4,4,0,1,4,3,-3,0,3,-1,1,2,0,0,-39,2,2,4,21,0,0,1,-1,0,1,1,1
KR_6750846352,420,1,-40,20,0,-1,2,3,5,5,0,-2,2,4,-1,0,1,-1,0,1,0,3,4,0,2,2,1,0,0,1,0,0,-1,2,1
KR_6740713228,420,4,89,35,6,-1,1,2,0,1,1,2,5,3,3,4,1,2,3,1,0,10,132,3,0,3,-1,0,2,1,1,1,1,1,1
KR_6635851606,420,4,-19,74,5,-2,0,2,6,6,0,1,2,1,0,1,1,0,3,3,0,3,-40,-4,4,0,2,0,2,1,1,1,1,4,1
KR_6657977495,420,2,-18,12,2,-2,1,3,5,6,1,2,5,3,0,6,6,-3,0,3,0,-1,-6,0,3,3,5,0,0,1,-1,-1,-1,2,1
KR_6761412572,420,2,-49,-1,5,-1,3,4,-1,5,6,-1,2,3,7,7,0,1,1,0,0,4,5,4,1,5,-2,0,0,-1,1,1,1,1,1
KR_6763279303,420,0,-52,27,-2,-2,0,2,2,4,2,-3,1,4,0,2,2,1,2,1,0,1,-21,-4,5,1,1,0,0,0,1,-1,-1,0,1
KR_6725231300,420,-1,6,1,-1,8,8,0,0,2,2,-2,1,3,-4,1,5,-3,0,3,0,-9,-41,-2,3,1,18,0,0,1,1,1,-1,1,1
KR_6749841312,420,0,2,-12,0,0,1,1,3,3,0,2,4,2,-1,1,2,-4,1,5,0,-2,-17,-2,3,1,0,0,0,0,-1,0,1,0,1
KR_6741419118,420,4,1,32,8,1,2,1,5,5,0,2,3,1,2,3,1,-2,0,2,0,15,24,3,1,4,2,0,3,-1,1,1,1,2,1
KR_6514371338,420,4,120,20,11,-3,2,5,2,4,2,7,7,0,6,6,0,-1,0,1,0,9,35,1,4,5,1,0,0,1,0,1,1,3,1
KR_6695313103,420,0,-23,5,4,-1,1,2,5,6,1,2,2,0,-3,1,4,1,1,0,0,9,-9,-4,5,1,-4,0,0,-1,1,1,1,6,1
KR_6720895309,420,-2,9,4,-1,-3,0,3,6,8,2,-1,2,3,0,1,1,-3,0,3,0,1,2,3,0,3,-2,0,0,1,1,1,-1,1,1
KR_6750152391,440,-1,12,-12,7,0,1,1,1,3,2,0,1,1,4,5,1,2,2,0,1,11,-27,2,3,5,15,0,1,-1,-1,1,1,3,1
KR_6751061314,440,4,31,12,11,4,6,2,3,4,1,-1,0,1,4,8,4,1,1,0,0,5,1,3,1,4,1,0,1,1,1,1,1,2,1
KR_6672727505,440,1,51,25,0,1,4,3,0,1,1,0,0,0,1,2,1,-2,3,5,-1,-3,-3,-1,3,2,-1,0,0,1,-1,0,-1,3,1
KR_6588758697,420,2,5,0,7,-1,2,3,3,3,0,2,2,0,3,5,2,0,0,0,0,9,10,5,0,5,2,0,0,1,0,1,-1,1,1
KR_6727796144,420,0,-20,7,8,0,1,1,1,4,3,1,3,2,4,5,1,2,2,0,0,10,106,1,2,3,1,0,1,1,0,1,1,1,1
KR_6745053228,420,3,-36,-24,13,-1,1,2,2,2,0,1,3,2,7,8,1,4,4,0,0,17,1,0,1,1,0,0,2,0,1,1,-1,0,1
KR_6618836723,420,5,17,0,12,5,5,0,-2,2,4,3,5,2,6,6,0,0,0,0,0,9,-1,-1,3,2,2,0,1,1,0,1,-1,4,1
KR_6700504420,420,-1,28,-24,-1,-1,1,2,0,1,1,-1,2,3,1,1,0,0,1,1,0,3,5,3,4,7,-2,0,1,1,1,1,-1,2,1
KR_6753357792,420,-2,-15,9,3,-2,1,3,2,2,0,1,2,1,2,3,1,0,0,0,0,8,3,6,2,8,4,0,0,1,1,0,1,5,1
KR_6682875327,420,0,-44,-4,1,2,3,1,3,10,7,-1,1,2,-3,0,3,0,1,1,-4,4,-11,-2,2,0,2,0,0,1,1,1,-1,6,1
KR_6640711170,420,2,78,-24,9,-1,3,4,3,5,2,1,1,0,0,1,1,6,6,0,0,5,2,3,1,4,3,0,1,1,1,1,-1,3,1
KR_6764451538,420,1,13,-4,6,2,3,1,4,5,1,-1,0,1,1,5,4,0,0,0,0,9,24,-1,2,1,1,0,0,1,1,0,1,6,1
KR_6739537155,420,4,46,26,6,1,2,1,-2,0,2,1,7,6,5,7,2,1,1,0,0,6,3,-3,4,1,3,0,1,1,1,1,-1,1,1
KR_6760186120,440,1,1,-32,7,0,4,4,5,7,2,-5,2,7,3,6,3,4,5,1,1,15,4,-1,2,1,-1,0,-1,0,1,-1,-1,0,1
KR_6745207641,420,4,60,36,9,5,6,1,6,8,2,-2,1,3,1,3,2,-1,0,1,1,10,-40,1,2,3,24,0,0,0,0,0,1,0,1
KR_6751946716,420,0,4,16,0,-1,1,2,2,3,1,3,5,2,-3,0,3,-1,0,1,0,-3,-6,-3,3,0,-2,0,0,-1,1,0,1,5,1
KR_6730774274,420,1,-1,22,-1,0,2,2,-1,1,2,0,2,2,1,1,0,-1,0,1,0,2,-2,-3,4,1,-2,0,0,1,-1,0,1,4,1
KR_6652020865,420,1,-3,39,5,5,5,0,2,5,3,-3,1,4,0,2,2,1,1,0,0,4,-11,-2,5,3,-2,0,0,1,0,-1,1,3,1
KR_6675792970,420,-1,-6,8,1,2,2,0,-2,0,2,4,6,2,0,1,1,-3,0,3,0,-3,517,1,4,5,-1,0,0,1,1,0,1,3,1
KR_6759254925,420,5,33,-8,14,7,8,1,5,5,0,1,2,1,0,2,2,1,1,0,1,4,23,3,1,4,-5,0,1,0,1,1,1,0,1
KR_6714982936,420,4,12,12,4,4,5,1,2,2,0,0,2,2,-2,3,5,0,1,1,1,9,242,3,0,3,-2,0,1,1,0,1,1,2,1
KR_6747827186,420,1,-31,-28,-1,1,2,1,2,4,2,0,3,3,-1,2,3,-3,0,3,0,2,5,4,3,7,-2,0,1,-1,1,1,-1,1,1
KR_6763313575,420,0,6,4,0,6,8,2,-2,1,3,3,4,1,-5,1,6,-2,0,2,0,-5,3,3,4,7,4,0,2,-1,1,1,-1,5,1
KR_6748355256,420,-2,9,34,-5,1,3,2,-6,0,6,-2,3,5,3,4,1,-1,0,1,0,-3,151,1,4,5,-14,0,0,-1,1,1,-1,4,1
KR_6679050252,420,5,35,23,13,2,2,0,4,4,0,0,0,0,4,4,0,3,3,0,0,10,0,3,3,6,-3,0,0,1,1,1,1,4,1
KR_6756501556,420,2,31,28,-4,6,7,1,-5,0,5,0,2,2,-5,1,6,0,1,1,0,-6,-30,2,1,3,15,0,3,0,0,1,1,0,1
KR_6666907556,420,4,13,-24,10,5,6,1,-3,1,4,3,4,1,2,3,1,3,4,1,0,8,7,1,2,3,-1,0,0,0,-1,1,1,0,1
KR_6748892153,420,-1,4,8,-3,1,2,1,2,5,3,1,3,2,-5,0,5,-2,0,2,0,-5,20,3,2,5,-4,0,-1,-1,-1,-1,-1,4,1
KR_6746343143,420,0,-8,18,-11,-4,0,4,4,5,1,-9,1,10,-1,1,2,-1,0,1,0,-7,-14,0,4,4,-1,0,-1,0,-1,-1,-1,0,1
KR_6695134248,420,5,110,48,4,2,3,1,-1,3,4,3,3,0,0,2,2,0,1,1,0,-3,5,0,1,1,0,0,2,-1,1,1,-1,5,1
KR_6728759664,420,2,24,0,7,1,1,0,0,1,1,8,8,0,-4,0,4,2,2,0,0,-4,2,0,5,5,1,0,0,1,-1,1,-1,5,1
KR_6708365974,420,2,81,-8,-1,4,4,0,-6,1,7,-3,1,4,1,1,0,3,3,0,0,1,1,2,0,2,-6,0,2,1,0,1,-1,1,1
KR_6726605999,440,1,48,-23,9,2,3,1,1,3,2,0,1,1,5,6,1,1,1,0,0,4,-5,-1,4,3,-2,0,1,0,0,1,-1,0,1
KR_6664962858,420,0,84,-6,5,3,5,2,3,3,0,2,4,2,0,1,1,-3,0,3,0,8,-16,-1,2,1,1,0,0,1,1,0,1,4,1
KR_6674230146,420,-1,-20,34,-6,-4,0,4,0,3,3,0,5,5,0,0,0,-2,0,2,0,-2,0,-1,4,3,1,0,1,0,1,1,-1,0,1
KR_6717363308,440,4,57,15,3,1,3,2,0,2,2,1,3,2,1,5,4,0,0,0,0,0,20,-4,5,1,-5,0,1,1,1,1,-1,4,1
KR_6667398605,420,7,87,33,16,4,6,2,6,6,0,2,2,0,3,5,2,1,1,0,1,10,14,3,2,5,1,0,2,1,1,1,1,1,1
KR_6759980126,420,5,59,10,11,0,3,3,-1,2,3,1,2,1,8,10,2,3,4,1,0,11,-416,1,3,4,4,0,2,1,-1,1,-1,2,1
KR_6715019395,420,1,-13,-24,-1,-2,0,2,-2,0,2,5,6,1,0,6,6,-2,1,3,0,-9,3,2,2,4,1,0,0,1,1,1,1,6,1
KR_6704255474,420,-2,26,36,0,0,2,2,-4,2,6,6,7,1,0,4,4,-2,0,2,0,-6,114,-1,2,1,2,0,0,1,1,-1,1,3,1
KR_6655277512,420,6,110,-8,9,0,3,3,-1,1,2,3,3,0,5,6,1,2,2,0,0,11,45,1,0,1,-21,0,2,-1,-1,1,1,5,1
KR_6742019613,440,-1,51,8,-12,1,2,1,2,4,2,-5,1,6,-7,1,8,-3,1,4,0,-20,-1,-4,4,0,-3,0,1,-1,-1,1,-1,6,1
KR_6760769013,420,1,14,-4,-1,1,2,1,-3,0,3,2,2,0,-1,0,1,0,0,0,0,-2,11,2,0,2,2,0,1,0,0,1,1,0,1
KR_6658750633,420,1,31,-48,-2,1,4,3,0,4,4,-1,3,4,0,3,3,-2,1,3,0,1,-23,-3,3,0,0,0,2,-1,0,1,1,5,1
KR_6641759553,420,-2,-14,-36,-1,2,4,2,-4,0,4,-3,2,5,6,7,1,-2,0,2,1,1,3,-1,4,3,1,0,0,-1,-1,-1,1,1,1
KR_6759458587,440,-1,-13,-1,-4,-2,1,3,2,4,2,3,3,0,-1,2,3,-6,0,6,0,1,6,1,0,1,-3,0,-1,1,1,-1,-1,3,1
KR_6648714338,420,-3,-21,0,-14,1,3,2,0,1,1,-7,0,7,-2,2,4,-6,0,6,-4,-21,-30,2,2,4,16,0,0,-1,0,-1,-1,4,1
KR_6613381081,420,0,18,-2,-3,3,4,1,1,4,3,1,1,0,-4,2,6,-4,1,5,-2,-3,-4,-7,8,1,8,0,2,-1,-1,1,-1,2,1
KR_6717611968,420,2,25,20,2,3,3,0,1,4,3,0,3,3,-3,2,5,1,2,1,0,-1,42,1,0,1,-1,0,1,1,-1,1,1,3,1
KR_6726476791,420,-3,-67,4,-3,0,2,2,-4,1,5,1,2,1,1,1,0,-1,0,1,-1,0,-292,-2,4,2,1,0,-1,-1,-1,-1,-1,2,1
KR_6691604810,420,2,-3,32,8,-3,1,4,1,1,0,-2,1,3,6,6,0,6,7,1,0,9,-305,-2,4,2,1,0,2,1,1,1,1,4,1
KR_6643593604,420,-2,37,-15,-4,-1,1,2,-4,1,5,3,4,1,-2,4,6,0,0,0,0,-7,-12,-1,1,0,0,0,0,-1,0,0,1,1,1
KR_6748614711,420,0,12,-25,-6,-8,0,8,-1,2,3,0,3,3,4,6,2,-1,3,4,0,-1,66,-2,7,5,5,0,-1,-1,0,-1,1,3,1
KR_6762763083,440,0,18,44,1,2,4,2,1,1,0,-1,1,2,0,2,2,-1,1,2,0,4,-113,-5,8,3,6,0,0,1,1,0,-1,5,1
KR_6737756303,420,8,63,20,12,-1,1,2,6,7,1,5,7,2,2,3,1,0,0,0,0,8,-8,-2,2,0,0,0,1,1,1,1,1,2,1
KR_6762185820,440,3,28,37,11,4,5,1,0,0,0,4,6,2,0,6,6,3,3,0,1,10,4,2,7,9,-5,0,0,1,1,1,1,2,1
KR_6724451504,420,5,92,-12,8,0,3,3,2,5,3,-4,0,4,13,13,0,-3,1,4,1,3,-52,4,1,5,-2,0,2,0,1,1,1,0,1
KR_6551327577,440,2,-8,-7,-5,2,2,0,3,6,3,1,2,1,-10,2,12,-1,1,2,-2,-7,0,1,5,6,0,0,0,1,0,-1,-1,2,1
KR_6738293890,420,0,-23,-18,8,-2,2,4,6,6,0,1,3,2,1,5,4,2,4,2,1,7,-43,2,3,5,17,0,-1,-1,-1,-1,1,6,1
KR_6628936190,420,1,45,7,2,5,5,0,2,8,6,0,1,1,-3,0,3,-2,1,3,1,-6,-9,4,2,6,-2,0,1,-1,-1,1,1,3,1
KR_6748327264,420,1,33,-43,2,1,2,1,0,3,3,1,7,6,0,0,0,0,0,0,0,2,-109,-1,4,3,1,0,0,0,0,0,1,0,1
KR_6762631660,440,1,97,16,5,0,2,2,1,1,0,-2,4,6,4,7,3,2,2,0,0,5,34,-3,3,0,-20,0,3,0,1,1,1,0,1
KR_6756842469,420,3,102,-4,8,-1,1,2,2,4,2,0,3,3,5,8,3,2,2,0,0,14,3,4,0,4,-1,0,0,0,0,0,1,0,1
KR_6709184102,440,8,152,21,15,8,8,0,1,3,2,3,4,1,5,5,0,-2,0,2,0,8,-1,-2,4,2,-2,0,3,1,1,1,1,5,1
KR_6716207720,420,-1,-35,12,-2,1,2,1,-4,1,5,-2,1,3,0,2,2,3,3,0,0,-1,4,0,1,1,-3,0,-1,1,1,-1,1,2,1
KR_6693390055,420,3,14,28,3,4,4,0,1,2,1,-1,2,3,-2,2,4,1,2,1,0,2,-11,0,5,5,-2,0,0,1,-1,0,1,3,1
KR_6691274346,420,3,43,-12,11,2,3,1,3,5,2,2,2,0,2,2,0,2,4,2,0,9,1,-1,3,2,3,0,1,1,1,1,1,4,1
KR_6759913463,420,3,61,-8,20,6,8,2,3,4,1,3,5,2,7,10,3,1,2,1,0,20,2,3,5,8,10,0,2,0,1,1,1,0,1
KR_6723809148,420,0,44,0,-2,2,2,0,1,2,1,-4,0,4,0,0,0,-1,0,1,-1,-5,-5,-2,5,3,-2,0,1,-1,0,1,-1,6,1
KR_6721191057,420,0,45,-12,5,4,4,0,-1,2,3,-2,0,2,3,3,0,1,2,1,0,5,39,-1,4,3,-21,0,0,0,-1,0,1,0,1
KR_6620071910,420,1,35,-20,3,0,1,1,1,5,4,2,5,3,0,2,2,0,0,0,2,3,-5,-2,5,3,4,0,1,1,0,1,1,1,1
KR_6756345890,420,-3,120,-54,-4,3,3,0,-1,1,2,0,0,0,0,1,1,-6,0,6,0,-3,13,2,2,4,0,0,0,1,-1,-1,-1,4,1
KR_6735197740,420,5,83,14,8,0,2,2,0,0,0,4,4,0,2,2,0,2,2,0,1,9,5,5,2,7,0,0,2,-1,1,1,1,6,1
KR_6719920426,420,2,-48,-5,10,1,1,0,5,6,1,1,2,1,3,5,2,0,1,1,3,24,6,5,0,5,0,0,0,1,1,-1,1,5,1
KR_6729168209,420,0,-38,-4,2,-1,0,1,-2,3,5,3,4,1,2,4,2,0,0,0,0,1,-20,-5,7,2,4,0,-1,-1,1,-1,1,1,1
KR_6736311218,420,1,53,0,3,-2,1,3,-1,4,5,2,4,2,2,4,2,2,3,1,0,4,5,6,1,7,0,0,0,1,-1,-1,1,1,1
KR_6656822023,420,-1,40,15,8,2,2,0,3,3,0,0,3,3,0,0,0,3,4,1,0,5,-15,0,1,1,2,0,1,1,1,1,-1,5,1
KR_6745909173,420,0,30,0,2,-2,0,2,2,3,1,6,7,1,-2,3,5,-2,0,2,-1,3,2,1,2,3,-1,0,0,-1,0,0,-1,2,1
KR_6735890554,420,2,15,-40,6,4,5,1,3,3,0,2,2,0,0,7,7,-3,0,3,0,-1,8,3,3,6,1,0,1,-1,1,1,-1,3,1
KR_6740202355,420,2,77,13,2,1,1,0,-2,1,3,0,1,1,3,3,0,0,0,0,0,2,-1,-2,3,1,2,0,0,-1,0,0,1,4,1
KR_6756993305,440,7,131,8,10,1,1,0,7,7,0,4,4,0,0,5,5,-2,1,3,0,6,-126,1,1,2,0,0,1,0,1,1,-1,0,1
KR_6763463103,420,3,-10,4,8,1,3,2,0,1,1,0,3,3,4,5,1,3,5,2,0,4,0,1,2,3,-2,0,1,1,-1,1,-1,5,1
KR_6756315677,420,4,98,-9,6,0,3,3,1,2,1,1,2,1,2,5,3,2,2,0,0,9,3,5,0,5,1,0,-1,1,-1,-1,-1,4,1
KR_6730875756,420,1,51,-32,7,1,1,0,-1,5,6,5,5,0,2,6,4,0,0,0,0,11,3,2,3,5,4,0,0,1,-1,0,1,2,1
KR_6727140499,420,2,-2,12,8,3,3,0,5,6,1,0,1,1,0,3,3,0,3,3,0,11,-26,1,3,4,6,0,0,1,-1,0,1,5,1
KR_6746294457,420,2,-10,-25,6,3,3,0,2,3,1,4,5,1,-3,1,4,0,1,1,0,4,6,1,2,3,0,0,1,1,1,1,-1,5,1
KR_6764202066,420,0,1,12,-2,2,3,1,-4,0,4,0,2,2,2,4,2,-2,1,3,0,-5,-11,-9,10,1,3,0,0,-1,-1,1,-1,5,1
KR_6745083345,420,6,31,11,8,0,3,3,7,7,0,1,1,0,0,0,0,0,0,0,0,12,-7,-2,2,0,0,0,0,-1,1,1,-1,3,1
KR_6760983505,440,-1,-43,-14,9,2,3,1,3,7,4,6,7,1,0,4,4,-2,0,2,2,5,-23,-3,7,4,6,0,0,-1,0,1,1,3,1
KR_6758042517,420,-4,-36,-8,-9,0,3,3,-1,0,1,-3,1,4,-1,0,1,-4,0,4,0,-8,117,1,1,2,1,0,-1,-1,0,-1,-1,6,1
KR_6750977909,440,0,-3,-56,8,3,3,0,0,2,2,2,2,0,1,1,0,2,2,0,0,7,15,4,1,5,0,0,1,-1,1,1,1,6,1
KR_6738427417,420,5,2,0,6,3,4,1,0,2,2,2,3,1,1,2,1,0,2,2,0,12,16,2,4,6,4,0,0,1,-1,0,-1,5,1
KR_6696295901,420,-1,14,28,-2,5,6,1,0,2,2,-3,0,3,-3,0,3,-1,0,1,0,-8,0,3,0,3,0,0,-1,-1,0,-1,1,4,1
KR_6763666038,420,3,66,7,2,1,1,0,3,4,1,2,6,4,-4,1,5,0,0,0,0,-2,6,-1,4,3,-1,0,0,-1,-1,0,-1,1,1
KR_6755067225,420,-1,13,-8,0,-5,0,5,-1,1,2,3,4,1,3,3,0,0,1,1,0,4,-3,-1,6,5,2,0,1,1,-1,1,1,6,1
KR_6585814618,420,-2,-11,-3,-12,-2,0,2,1,2,1,-7,1,8,-5,3,8,1,3,2,-2,-4,-4,1,6,7,-7,0,-1,-1,-1,-1,-1,6,1
KR_6753347086,420,2,-1,4,8,5,5,0,1,1,0,-2,0,2,3,5,2,1,1,0,0,3,-36,3,3,6,28,0,1,1,0,1,-1,6,1
KR_6720730899,420,1,10,20,7,0,1,1,0,3,3,-2,3,5,8,11,3,1,1,0,1,12,164,-1,2,1,28,0,2,1,1,1,1,3,1
KR_6623115488,420,0,63,-34,5,2,3,1,1,3,2,-5,2,7,3,5,2,4,5,1,2,8,-5,-1,6,5,1,0,0,-1,-1,0,1,3,1
KR_6642252628,420,-1,11,12,-3,-2,1,3,1,1,0,0,0,0,0,0,0,-2,1,3,-1,1,11,1,1,2,0,0,0,1,1,1,-1,2,1
KR_6749859776,420,2,69,-44,4,6,7,1,-2,0,2,2,4,2,0,3,3,-2,3,5,1,4,-9,0,0,0,0,0,3,1,1,1,1,4,1
KR_6753877419,420,5,74,4,11,4,4,0,1,2,1,5,6,1,2,4,2,-1,3,4,0,4,-5,-1,3,2,2,0,1,1,1,1,1,6,1
KR_6748048019,420,2,78,25,3,3,4,1,1,6,5,3,3,0,-5,1,6,1,1,0,1,-1,2,2,1,3,0,0,4,1,1,1,1,4,1
KR_6722932617,420,0,-24,35,2,-3,2,5,0,5,5,8,10,2,-2,0,2,-1,1,2,0,1,13,-1,3,2,1,0,0,-1,1,1,1,5,1
KR_6730761557,420,0,16,-4,-9,2,3,1,-4,1,5,-7,1,8,0,1,1,0,2,2,0,-17,-7,-2,6,4,1,0,1,-1,1,1,-1,2,1
KR_6725486914,440,6,93,11,9,1,1,0,5,5,0,1,2,1,2,6,4,0,1,1,1,9,6,0,4,4,5,0,0,1,-1,1,-1,4,1
KR_6743027563,420,0,2,-14,1,-7,0,7,-1,1,2,4,5,1,2,2,0,3,3,0,0,6,9,0,3,3,5,0,1,1,-1,1,1,4,1
KR_6707452032,420,4,43,4,3,1,2,1,5,5,0,-3,0,3,0,2,2,0,1,1,0,2,44,-4,7,3,-21,0,1,1,1,1,-1,2,1
KR_6709648423,420,0,28,8,-5,-2,0,2,1,5,4,-2,3,5,-4,2,6,2,2,0,-1,-5,-6,4,1,5,-2,0,0,0,1,1,-1,0,1
KR_6760697279,420,4,64,5,8,2,3,1,2,4,2,3,3,0,0,1,1,1,1,0,0,6,-4,1,5,6,3,0,1,1,1,1,-1,3,1
KR_6665622479,420,3,91,-7,2,-4,1,5,0,2,2,7,7,0,-1,0,1,0,0,0,0,1,7,3,0,3,0,0,1,1,1,1,-1,4,1
KR_6755276681,420,3,65,-16,13,6,6,0,-1,1,2,-1,2,3,9,9,0,0,1,1,1,10,1,0,1,1,1,0,1,1,1,1,1,6,1
KR_6763484651,420,0,-18,9,9,1,2,1,3,5,2,4,4,0,-1,1,2,2,4,2,0,13,-136,0,5,5,18,0,0,1,1,1,-1,2,1
KR_6727585606,420,-1,-39,13,0,-5,0,5,3,4,1,-2,0,2,3,3,0,1,2,1,0,4,-1,-4,4,0,3,0,-1,1,-1,-1,-1,4,1
KR_6714317086,420,0,-22,11,5,-1,1,2,5,6,1,-1,2,3,0,1,1,2,3,1,0,7,29,2,3,5,-2,0,1,0,-1,1,-1,0,1
KR_6760590853,440,5,53,3,8,-1,0,1,1,2,1,7,9,2,2,6,4,-1,0,1,0,11,7,1,2,3,-1,0,2,1,1,1,1,5,1
KR_6763758667,420,-1,-40,0,-3,-1,1,2,1,2,1,1,1,0,0,1,1,-4,0,4,0,-4,-1,-3,4,1,0,0,0,1,1,0,1,4,1
KR_6753869061,420,0,-4,-20,4,4,4,0,-2,2,4,-2,1,3,2,2,0,2,3,1,0,2,17,-1,4,3,1,0,0,1,0,0,1,3,1
KR_6746346147,420,3,48,12,2,3,3,0,1,2,1,-2,2,4,-2,1,3,2,3,1,0,-4,-14,1,2,3,4,0,0,-1,1,0,-1,3,1
KR_6700177199,420,5,62,-23,7,-2,1,3,-1,0,1,0,1,1,8,8,0,2,2,0,0,7,-3,0,2,2,0,0,3,1,1,1,-1,5,1
KR_6723120074,420,0,66,-44,1,-2,1,3,0,0,0,-2,1,3,4,4,0,1,1,0,-1,3,0,0,6,6,5,0,2,1,-1,1,-1,5,1
KR_6696292085,420,4,19,43,8,1,2,1,1,4,3,4,6,2,0,0,0,2,2,0,0,3,-50,-2,2,0,24,0,0,1,1,1,-1,5,1
KR_6664091189,420,4,25,12,16,3,3,0,-3,1,4,5,6,1,14,15,1,-3,1,4,1,13,-5,1,4,5,-4,0,0,1,0,1,1,6,1
KR_6664176907,420,-3,-34,18,-4,4,4,0,-1,0,1,-3,0,3,-5,0,5,1,2,1,0,-9,-1,-2,6,4,-3,0,-2,1,-1,-1,-1,5,1
KR_6705667626,420,4,14,20,5,1,1,0,6,6,0,0,4,4,0,2,2,-2,0,2,0,5,-4,6,2,8,-1,0,0,-1,1,0,-1,5,1
KR_6656439356,420,1,66,-8,4,3,4,1,4,5,1,1,3,2,0,3,3,-4,0,4,0,11,2,3,2,5,2,0,-1,1,-1,-1,1,3,1
KR_6760304877,420,2,24,8,0,-2,0,2,6,7,1,-3,0,3,0,1,1,-1,0,1,0,-2,0,2,2,4,2,0,0,1,1,0,1,6,1
KR_6763457513,420,2,61,-16,3,3,6,3,-1,0,1,-3,2,5,3,4,1,1,2,1,0,1,124,-2,3,1,4,0,1,-1,1,1,1,1,1
KR_6756469753,420,-1,-42,-33,2,0,2,2,0,1,1,-3,2,5,4,6,2,1,1,0,1,13,5,3,2,5,-1,0,2,1,1,1,1,5,1
KR_6750865097,420,-4,-52,-12,-4,-3,1,4,1,2,1,-2,0,2,-1,0,1,1,1,0,0,-4,-2,1,2,3,0,0,0,0,-1,0,-1,0,1
KR_6762023326,420,-1,61,7,-1,0,3,3,0,6,6,2,4,2,-3,0,3,0,0,0,0,-5,17,-3,5,2,0,0,0,-1,0,-1,-1,3,1
KR_6727045823,420,-1,17,36,-5,2,2,0,2,5,3,1,2,1,-7,0,7,-3,0,3,0,-11,-6,-3,4,1,-3,0,0,-1,-1,0,1,2,1
KR_6647717092,420,6,74,24,14,4,5,1,7,8,1,3,4,1,0,1,1,0,0,0,0,9,-3,1,2,3,3,0,1,1,1,1,1,6,1
KR_6637548274,420,-1,7,-24,-4,6,7,1,2,4,2,-2,0,2,-9,0,9,-1,2,3,0,-4,-196,-3,5,2,-1,0,-1,1,-1,1,1,4,1
KR_6640077436,420,2,13,35,9,5,6,1,2,6,4,4,4,0,-2,0,2,0,2,2,3,8,-15,-3,4,1,-4,0,-1,1,1,-1,1,4,1
KR_6730587731,440,6,88,14,18,3,5,2,7,8,1,1,3,2,7,8,1,0,0,0,2,30,5,2,1,3,1,0,2,1,1,1,1,2,1
KR_6660317674,420,3,55,7,8,1,3,2,1,1,0,6,7,1,-1,3,4,1,3,2,0,-1,1,1,2,3,-1,0,0,1,1,0,-1,4,1
KR_6761647340,420,2,92,8,7,1,2,1,-4,0,4,3,6,3,4,9,5,3,3,0,0,7,-360,5,0,5,4,0,0,1,1,0,-1,4,1
KR_6663832309,440,3,52,20,4,0,2,2,4,6,2,1,3,2,-1,0,1,0,0,0,0,5,27,0,1,1,0,0,1,0,1,1,1,0,1
KR_6737520233,420,3,-35,39,5,1,3,2,2,5,3,-2,0,2,-1,1,2,5,6,1,0,4,3,3,2,5,-2,0,2,-1,1,1,-1,5,1
KR_6721889351,420,2,60,-15,8,0,2,2,4,4,0,5,5,0,1,3,2,-2,0,2,1,-1,319,-1,5,4,3,0,2,1,-1,1,1,4,1
KR_6750907494,440,3,17,4,11,2,3,1,8,8,0,-2,2,4,1,3,2,2,4,2,-1,0,4,3,2,5,0,0,1,1,-1,1,-1,3,1
KR_6764288213,420,4,24,14,6,6,6,0,1,2,1,-3,1,4,1,4,3,1,1,0,0,1,-185,5,1,6,-1,0,-1,1,-1,1,1,3,1
KR_6754801272,420,1,9,82,5,-4,1,5,5,5,0,5,7,2,-2,0,2,1,2,1,0,0,4,3,2,5,2,0,-1,0,0,-1,1,0,1
KR_6663922947,420,2,24,41,11,4,5,1,3,3,0,8,9,1,-6,0,6,2,2,0,0,10,0,0,3,3,0,0,0,-1,-1,1,1,6,1
KR_6748836100,440,-1,-13,-32,-3,0,1,1,-7,1,8,-2,3,5,3,7,4,3,4,1,1,1,4,0,2,2,-1,0,0,1,-1,-1,1,6,1
KR_6743229752,420,1,50,-8,3,-2,2,4,2,3,1,-1,0,1,4,5,1,0,2,2,0,9,3,2,1,3,-3,0,-1,1,-1,-1,1,4,1
KR_6732556334,420,2,52,-8,1,-3,3,6,1,1,0,3,6,3,0,3,3,0,0,0,0,3,-12,0,2,2,5,0,-1,-1,-1,-1,1,2,1
KR_6760516701,420,-1,-41,3,0,-6,1,7,1,3,2,1,3,2,3,4,1,1,1,0,0,8,14,5,1,6,-4,0,-1,-1,0,-1,-1,5,1
KR_6762047536,420,-4,-48,-4,-3,-4,1,5,2,4,2,-2,2,4,1,6,5,0,0,0,0,4,-52,0,3,3,21,0,-2,1,0,-1,-1,5,1
KR_6756423744,420,1,-59,1,0,-2,2,4,5,7,2,-4,2,6,-2,1,3,3,4,1,1,2,26,1,0,1,-2,0,-2,0,0,-1,1,0,1
KR_6655626484,440,4,51,29,-3,1,4,3,-2,5,7,1,4,3,-3,1,4,0,1,1,1,-5,3,0,2,2,0,0,1,1,-1,1,1,4,1
KR_6762748333,420,-1,111,8,-3,0,0,0,1,5,4,-6,1,7,1,2,1,1,2,1,0,-9,22,0,4,4,-4,0,0,0,0,0,1,0,1
KR_6727738708,420,1,9,-20,-5,0,4,4,-1,1,2,3,5,2,-6,2,8,-1,1,2,0,-9,53,0,5,5,-10,0,0,-1,-1,1,-1,2,1
KR_6683938512,420,3,47,17,6,4,4,0,0,2,2,1,1,0,1,1,0,0,0,0,0,2,-42,0,3,3,-2,0,0,1,-1,0,1,3,1
KR_6651602738,420,2,-22,13,-2,2,2,0,-3,4,7,0,2,2,2,4,2,-3,0,3,1,1,4,1,2,3,-2,0,1,-1,1,-1,1,3,1
KR_6640953410,420,2,74,-32,0,3,3,0,0,1,1,-1,2,3,2,4,2,-4,0,4,1,2,32,1,2,3,0,0,1,-1,0,1,1,4,1
KR_6723510155,420,-1,1,-16,-4,1,1,0,-4,1,5,-4,2,6,0,4,4,3,4,1,0,-3,-457,2,1,3,-1,0,0,1,0,0,-1,1,1
KR_6723517118,440,7,61,75,9,0,1,1,2,4,2,2,5,3,3,6,3,2,3,1,0,0,-163,-1,3,2,2,0,2,-1,1,1,1,6,1
KR_6678461429,420,-1,4,8,-1,0,2,2,3,4,1,4,6,2,-6,0,6,-2,0,2,0,5,26,-4,5,1,-10,0,-1,-1,0,1,1,3,1
KR_6678836807,420,-1,-58,-28,-2,-6,0,6,-3,6,9,-1,2,3,9,9,0,-1,0,1,-1,-7,-16,-4,5,1,1,0,0,0,-1,-1,-1,0,1
KR_6733537420,420,3,-68,46,2,2,6,4,-1,0,1,-1,4,5,-1,1,2,3,5,2,1,2,-10,-3,3,0,-1,0,-2,0,1,-1,1,0,1
KR_6753101157,420,5,38,-24,18,4,4,0,3,4,1,4,5,1,4,5,1,3,3,0,0,16,26,-2,4,2,-5,0,2,1,-1,1,1,6,1
KR_6741523799,420,-5,-100,-8,-12,0,0,0,-4,2,6,-4,0,4,-2,0,2,-2,0,2,-1,-8,-139,2,3,5,-6,0,-1,-1,0,-1,-1,5,1
KR_6717260838,420,2,31,-2,8,3,6,3,1,1,0,2,4,2,-2,2,4,4,4,0,1,3,3,4,3,7,2,0,2,1,1,1,1,6,1
KR_6759351395,420,1,99,-9,9,1,2,1,-1,1,2,-2,2,4,8,8,0,3,3,0,0,13,13,0,2,2,1,0,1,1,1,1,1,5,1
KR_6695336036,420,3,57,-4,8,0,0,0,0,2,2,-1,2,3,7,8,1,2,2,0,1,10,46,1,2,3,-23,0,0,1,-1,0,1,6,1
KR_6665108980,420,2,46,-12,2,4,5,1,2,2,0,0,0,0,-5,0,5,1,1,0,0,-2,3,3,1,4,2,0,2,-1,1,1,1,1,1
KR_6724017870,420,3,100,-3,9,2,2,0,-1,3,4,-2,3,5,9,9,0,1,2,1,1,14,220,1,4,5,2,0,2,1,1,1,1,1,1
KR_6719596184,420,1,33,3,1,-1,0,1,2,3,1,2,3,1,-1,3,4,-1,0,1,0,-1,15,-3,7,4,2,0,1,-1,0,1,1,4,1
KR_6667992822,420,4,-23,12,9,4,5,1,1,3,2,-4,2,6,1,4,3,7,7,0,-2,5,10,6,3,9,-4,0,2,1,0,1,-1,5,1
KR_6637861313,420,0,17,-1,2,-2,0,2,-2,0,2,2,7,5,3,3,0,1,2,1,1,-3,13,2,2,4,1,0,0,1,-1,-1,1,2,1
KR_6759765446,420,1,-25,-4,0,1,1,0,2,2,0,-2,3,5,-1,0,1,0,0,0,0,2,9,3,3,6,-4,0,0,1,-1,0,-1,4,1
KR_6709636956,420,2,3,11,5,0,0,0,0,1,1,1,1,0,2,2,0,2,2,0,0,8,-4,-1,3,2,2,0,-1,-1,-1,-1,1,3,1
KR_6753638391,440,-1,20,-12,5,2,2,0,2,4,2,1,3,2,0,5,5,0,2,2,0,8,9,2,2,4,-3,0,0,-1,-1,0,-1,6,1
KR_6664487389,420,3,45,4,13,2,3,1,4,5,1,-3,1,4,8,9,1,2,2,0,0,8,12,1,5,6,0,0,2,1,1,1,1,4,1
KR_6758774553,420,-1,65,-12,-2,0,2,2,-3,0,3,3,7,4,-3,4,7,1,3,2,0,-9,10,1,4,5,-3,0,0,-1,-1,0,1,6,1
KR_6751280878,420,1,-30,-7,8,-1,0,1,3,6,3,3,8,5,3,6,3,0,1,1,1,0,-32,-3,4,1,19,0,0,-1,1,1,1,3,1
KR_6764166812,420,0,-2,0,3,-1,0,1,1,1,0,4,4,0,-1,0,1,0,1,1,-1,5,-167,-1,3,2,-9,0,0,1,1,-1,-1,5,1
KR_6736014011,420,-2,25,-15,-2,-5,2,7,-3,0,3,0,2,2,6,9,3,0,0,0,0,-5,30,2,2,4,-21,0,0,-1,1,1,-1,4,1
KR_6756827141,420,1,31,34,8,5,7,2,2,2,0,2,2,0,0,2,2,-1,0,1,0,2,3,1,2,3,4,0,0,-1,1,1,1,4,1
KR_6637839035,420,4,24,-22,8,-4,0,4,2,3,1,10,15,5,3,3,0,-3,0,3,0,4,-13,-1,3,2,5,0,0,1,-1,1,-1,5,1
KR_6741029358,420,-4,-33,12,-2,0,3,3,4,5,1,-1,1,2,-3,1,4,-2,0,2,0,-3,-24,-2,4,2,16,0,0,-1,0,-1,1,3,1
KR_6672818915,440,3,29,4,7,1,3,2,0,3,3,7,7,0,-2,0,2,1,1,0,0,12,-2,3,2,5,5,0,0,1,-1,0,1,5,1
KR_6759495635,420,-1,40,-12,-5,-2,1,3,-2,0,2,-2,1,3,1,2,1,0,0,0,0,-1,3,0,1,1,1,0,1,1,1,1,1,3,1
KR_6670937560,420,5,34,13,17,-2,0,2,4,4,0,9,10,1,6,6,0,0,0,0,0,10,520,1,1,2,-2,0,3,-1,1,1,1,3,1
KR_6650365028,420,3,59,12,7,0,3,3,-1,2,3,3,6,3,5,6,1,0,1,1,-1,5,29,0,4,4,1,0,0,1,-1,-1,-1,1,1
KR_6708448351,420,2,24,21,7,4,5,1,2,4,2,-2,0,2,3,3,0,0,0,0,1,1,3,-1,1,0,-1,0,2,1,1,1,1,2,1
KR_6708310656,420,3,-15,-36,9,4,7,3,2,3,1,2,3,1,-1,0,1,2,3,1,0,9,13,-2,3,1,-5,0,0,0,1,0,-1,0,1
KR_6619573232,420,-1,15,4,2,0,4,4,3,5,2,-1,4,5,1,5,4,-1,0,1,-1,1,-2,-1,6,5,2,0,1,0,1,1,-1,0,1
KR_6727035227,420,-1,17,0,-6,1,2,1,1,3,2,-5,1,6,-1,2,3,-2,0,2,1,-1,-1,-5,5,0,3,0,-1,-1,-1,-1,1,4,1
KR_6717051194,420,2,34,-17,5,4,4,0,1,1,0,0,1,1,-1,4,5,1,3,2,0,2,275,-2,4,2,1,0,0,1,-1,1,1,5,1
KR_6727566451,420,7,80,41,13,4,4,0,5,6,1,1,5,4,5,5,0,-2,4,6,1,12,-9,2,2,4,3,0,2,1,1,1,1,4,1
KR_6732318286,440,-1,56,20,3,4,4,0,-5,1,6,-6,1,7,10,11,1,0,0,0,1,2,-3,1,1,2,-1,0,1,1,0,1,1,3,1
KR_6762015254,420,-1,36,-4,1,-1,0,1,-2,1,3,-3,1,4,8,8,0,-1,0,1,0,-1,109,0,5,5,0,0,0,-1,-1,0,-1,4,1
KR_6695721886,420,3,20,4,1,-5,0,5,5,5,0,0,0,0,0,3,3,1,2,1,0,5,17,1,2,3,-2,0,-1,-1,0,-1,-1,1,1
KR_6761290734,420,1,8,-4,6,0,1,1,2,3,1,3,5,2,-1,1,2,2,2,0,0,8,-2,-3,3,0,1,0,0,-1,-1,0,1,3,1
KR_6266110891,420,4,74,20,6,3,3,0,4,4,0,-1,3,4,-1,2,3,1,4,3,0,5,3,5,0,5,-3,0,1,-1,1,1,-1,1,1
KR_6763666973,420,1,64,16,7,1,2,1,1,4,3,5,7,2,0,3,3,0,0,0,0,10,12,6,2,8,-1,0,1,1,1,1,1,6,1
KR_6758704810,420,-3,-37,0,-12,0,3,3,6,6,0,-4,0,4,-9,1,10,-5,1,6,-1,-6,-1,-2,3,1,-1,0,-1,-1,1,1,-1,4,1
KR_6748785393,420,6,77,16,15,8,9,1,4,4,0,5,5,0,-2,1,3,0,0,0,2,10,260,-3,4,1,2,0,3,-1,1,1,1,1,1
KR_6725594600,420,1,53,0,7,4,5,1,-2,4,6,-1,2,3,5,5,0,1,1,0,0,11,4,-1,7,6,1,0,0,1,-1,0,1,4,1
KR_6691933300,420,0,-21,-12,4,-1,0,1,1,6,5,1,2,1,1,4,3,2,3,1,0,5,42,1,3,4,-18,0,1,-1,1,1,-1,5,1
KR_6647772210,420,1,32,-12,0,0,2,2,-2,2,4,-3,0,3,7,8,1,-2,0,2,0,1,1,0,7,7,5,0,1,1,1,1,-1,2,1
KR_6756508704,420,1,-96,-32,3,0,2,2,1,2,1,-1,1,2,1,4,3,2,2,0,0,5,-2,0,1,1,0,0,-1,1,0,-1,-1,4,1
KR_6636144099,420,4,49,37,7,3,3,0,3,5,2,3,4,1,-3,2,5,1,2,1,0,4,7,3,3,6,2,0,1,1,1,1,1,4,1
KR_6763981565,420,1,45,8,5,4,4,0,3,3,0,2,2,0,-5,1,6,1,1,0,0,0,-22,1,5,6,5,0,1,1,1,1,1,6,1
KR_6763956598,420,0,61,20,-5,-3,0,3,2,3,1,-2,2,4,-1,4,5,-1,3,4,0,-5,6,0,4,4,-3,0,0,1,1,0,-1,1,1
KR_6652882189,420,0,2,29,-1,0,2,2,3,4,1,-2,0,2,-3,1,4,1,2,1,0,-3,251,2,2,4,-2,0,-1,-1,1,-1,-1,4,1
KR_6652167338,420,2,-26,-6,0,0,2,2,2,2,0,-2,3,5,-1,1,2,1,2,1,0,-1,6,3,3,6,0,0,0,1,0,0,-1,6,1
KR_6691121493,420,2,32,-4,1,1,4,3,0,1,1,-1,1,2,2,4,2,-1,2,3,0,-1,14,0,3,3,2,0,1,-1,1,1,1,6,1
KR_6619673883,420,0,16,-9,4,4,6,2,0,3,3,2,3,1,-1,0,1,-1,0,1,-1,-4,0,3,5,8,-1,0,1,1,1,1,-1,1,1
KR_6732531026,420,-1,17,-10,-2,4,4,0,-8,0,8,0,0,0,1,1,0,1,1,0,0,-4,-181,-1,4,3,-16,0,1,-1,-1,1,-1,2,1
KR_6760784222,440,0,5,-24,2,1,2,1,0,2,2,-2,0,2,4,9,5,-1,1,2,1,6,-7,-3,8,5,1,0,1,-1,-1,1,1,6,1
KR_6615155089,420,6,52,0,18,4,4,0,5,5,0,1,2,1,3,3,0,5,7,2,0,12,408,1,0,1,2,0,0,1,1,1,1,2,1
KR_6722621899,420,6,56,78,6,1,2,1,2,3,1,-5,1,6,6,6,0,2,2,0,0,9,3,6,1,7,2,0,3,0,1,1,-1,0,1
KR_6758810621,420,4,65,19,2,0,1,1,1,3,2,-4,1,5,3,4,1,2,3,1,1,1,37,4,1,5,3,0,1,0,0,1,1,0,1
KR_6763078593,420,1,17,-2,12,-2,1,3,3,3,0,5,6,1,6,9,3,0,1,1,2,13,169,-1,4,3,-1,0,1,-1,0,1,1,6,1
KR_6725802419,420,2,75,1,7,3,4,1,1,3,2,2,4,2,1,2,1,0,0,0,0,9,36,3,3,6,-21,0,1,1,1,1,1,3,1
KR_6661378986,440,-1,27,30,2,3,5,2,-2,3,5,4,5,1,1,2,1,-4,1,5,0,-3,10,1,7,8,1,0,0,1,1,-1,1,5,1
KR_6653641636,420,-1,-23,18,-7,-6,0,6,-1,1,2,0,2,2,1,2,1,-1,1,2,0,0,-15,-2,3,1,1,0,-1,1,1,-1,-1,6,1
KR_6548526087,420,5,1,7,9,1,1,0,3,4,1,4,4,0,0,1,1,1,1,0,0,7,-10,-3,3,0,3,0,1,1,1,1,1,5,1
KR_6717083244,420,4,27,26,18,2,2,0,-1,2,3,5,5,0,9,10,1,3,4,1,0,10,6,5,1,6,-2,0,2,0,1,1,1,0,1
KR_6743092685,420,3,85,-27,15,1,2,1,-1,2,3,7,7,0,5,5,0,3,3,0,3,9,16,9,1,10,1,0,3,0,1,1,1,0,1
KR_6626652479,420,1,-16,-13,1,0,1,1,-3,0,3,-2,1,3,6,8,2,0,0,0,0,7,1,3,0,3,0,0,0,1,-1,0,1,4,1
KR_6650418105,420,0,72,-23,0,-3,0,3,2,3,1,0,3,3,0,0,0,1,1,0,0,1,2,5,0,5,2,0,1,1,-1,1,1,6,1
KR_6730418482,420,2,39,20,7,2,3,1,0,2,2,2,4,2,2,3,1,1,1,0,1,11,6,2,0,2,0,0,0,1,1,0,1,6,1
KR_6739103474,420,3,49,40,-1,-2,4,6,0,0,0,5,5,0,-4,2,6,0,2,2,0,0,-2,-1,3,2,0,0,1,1,1,1,1,5,1
KR_6729524414,440,0,-39,12,-4,3,3,0,0,0,0,2,3,1,-3,2,5,-6,0,6,0,-3,-7,1,0,1,-1,0,-1,-1,1,-1,-1,6,1
KR_6762372459,420,1,7,20,2,-4,1,5,-4,0,4,5,7,2,1,4,3,4,4,0,0,0,-1,0,1,1,0,0,1,1,1,1,1,4,1
KR_6760661927,420,2,28,44,1,2,5,3,2,2,0,-2,0,2,-5,1,6,4,6,2,-2,-7,252,-1,2,1,-5,0,1,1,1,1,-1,4,1
KR_6760778341,420,0,-46,9,1,1,3,2,8,8,0,-4,2,6,-2,5,7,-2,2,4,-2,4,-55,-1,2,1,26,0,-1,1,-1,-1,-1,4,1
KR_6628314295,420,1,47,-4,4,2,3,1,1,1,0,3,3,0,-3,2,5,1,1,0,0,1,2,0,4,4,-2,0,0,-1,1,1,1,6,1
KR_6762446999,420,-1,6,-20,3,-2,1,3,-1,0,1,2,4,2,2,4,2,2,2,0,-1,4,-16,5,1,6,0,0,0,1,-1,0,-1,2,1
KR_6749451775,420,0,16,-4,-2,2,2,0,2,2,0,1,2,1,-5,3,8,-2,0,2,0,-3,34,1,0,1,-36,0,-1,0,0,-1,-1,0,1
KR_6726035709,420,1,103,-4,15,-1,2,3,0,2,2,8,8,0,8,10,2,0,1,1,2,18,-2,2,3,5,1,0,-1,1,1,1,1,1,1
KR_6686722160,420,0,31,-1,-3,2,4,2,-2,0,2,-3,2,5,0,1,1,0,0,0,0,-5,-3,0,6,6,1,0,0,-1,-1,1,-1,3,1
KR_6667956407,420,1,103,32,1,-1,1,2,-1,1,2,3,6,3,0,2,2,0,0,0,0,1,-4,0,2,2,1,0,1,-1,1,1,1,1,1
KR_6631356301,420,7,122,11,12,1,2,1,4,5,1,5,6,1,1,1,0,1,1,0,0,6,328,1,1,2,1,0,4,1,1,1,1,3,1
KR_6741741517,420,5,44,21,11,4,5,1,0,1,1,5,5,0,2,3,1,0,1,1,0,8,1,0,4,4,1,0,0,1,1,1,-1,1,1
KR_6737522753,420,-4,-1,52,-12,-4,1,5,0,2,2,-6,2,8,-4,0,4,2,2,0,0,-6,-248,-1,3,2,1,0,-1,-1,-1,-1,-1,2,1
KR_6747757172,440,0,-25,-36,-1,-6,2,8,-2,1,3,-1,1,2,3,3,0,5,5,0,-1,10,11,1,1,2,-2,0,-2,0,-1,-1,-1,0,1
KR_6668061982,420,5,46,24,10,3,3,0,1,1,0,5,5,0,1,2,1,0,0,0,0,7,-3,-1,1,0,-2,0,1,1,1,1,1,4,1
KR_6762878517,420,2,25,3,1,0,0,0,-1,2,3,0,0,0,3,5,2,-1,0,1,0,4,19,-3,6,3,1,0,0,-1,-1,0,-1,4,1
KR_6651276393,420,2,67,-8,5,0,2,2,1,1,0,5,6,1,-1,3,4,0,2,2,0,1,-4,2,1,3,-1,0,1,-1,-1,1,-1,3,1
KR_6752017131,420,0,52,6,6,-4,0,4,2,4,2,6,9,3,3,5,2,-1,1,2,0,3,7,3,1,4,-3,0,1,-1,1,1,1,3,1
KR_6611536882,420,5,45,-11,12,-2,1,3,-1,0,1,3,3,0,10,10,0,2,3,1,0,15,11,5,1,6,0,0,2,-1,1,1,1,4,1
KR_6681283183,420,3,-3,-32,18,4,4,0,2,2,0,5,6,1,5,5,0,2,2,0,1,16,0,-1,1,0,2,0,1,1,-1,1,1,5,1
KR_6710712319,420,2,55,16,-5,0,1,1,-4,0,4,-5,2,7,2,2,0,2,6,4,0,-4,-1,-6,6,0,0,0,1,-1,-1,1,-1,1,1
KR_6755363212,420,3,83,-7,7,2,2,0,4,5,1,-1,2,3,1,1,0,1,1,0,0,7,5,2,3,5,4,0,0,1,-1,0,1,4,1
KR_6681706266,420,1,-42,0,-2,3,4,1,-3,4,7,-1,2,3,-2,2,4,1,3,2,1,-1,2,4,2,6,-3,0,1,1,1,1,1,5,1
KR_6671041637,420,2,72,24,-3,0,2,2,-2,1,3,0,1,1,2,4,2,-3,0,3,0,-6,0,3,1,4,-2,0,0,1,1,0,-1,4,1
KR_6654146684,440,-1,-16,-8,4,3,3,0,0,1,1,-7,0,7,7,7,0,1,1,0,0,3,-1,1,2,3,-2,0,0,1,1,0,1,4,1
KR_6756725259,420,-1,44,8,-3,5,5,0,1,5,4,0,2,2,-4,1,5,-5,0,5,0,-7,-1,-3,7,4,-4,0,0,-1,1,1,-1,1,1
KR_6756788654,420,3,33,16,10,5,8,3,3,3,0,-1,1,2,4,7,3,-1,1,2,1,11,6,4,3,7,-1,0,1,1,1,1,1,1,1
KR_6743363069,420,1,-25,20,4,1,1,0,1,4,3,-1,3,4,0,4,4,3,3,0,1,8,11,-1,2,1,1,0,2,1,0,1,1,3,1
KR_6741371508,420,-1,11,-28,3,1,1,0,-1,2,3,1,4,3,0,1,1,2,2,0,0,-2,-3,3,0,3,4,0,0,0,1,0,1,0,1
KR_6638128196,420,-4,24,-15,-13,-2,2,4,-5,1,6,2,8,6,-8,0,8,0,0,0,-3,-21,-3,-5,8,3,-2,0,-2,-1,0,-1,-1,5,1
KR_6747380976,420,1,48,-15,-3,4,5,1,-1,1,2,-3,2,5,-4,1,5,1,1,0,0,-6,-162,-1,1,0,1,0,1,-1,1,1,-1,6,1
KR_6624980454,420,-1,-33,0,1,0,2,2,0,3,3,1,2,1,2,6,4,-2,1,3,0,5,-2,3,3,6,0,0,-1,1,-1,-1,-1,5,1
KR_6736416097,420,-1,-25,-16,0,0,1,1,-2,1,3,-3,1,4,1,1,0,4,4,0,0,-1,3,-2,3,1,2,0,0,-1,1,1,1,3,1
KR_6745157667,420,3,-18,4,10,-6,1,7,4,4,0,11,12,1,1,1,0,0,0,0,0,15,-11,-3,6,3,6,0,0,1,0,0,-1,4,1
KR_6761663929,420,0,27,11,3,1,1,0,-2,3,5,1,1,0,1,6,5,2,4,2,0,8,8,3,2,5,-1,0,-1,1,1,1,1,6,1
KR_6610637530,420,0,-9,0,4,3,4,1,-1,2,3,4,4,0,0,1,1,-2,0,2,1,6,-20,-1,2,1,1,0,-2,-1,0,-1,1,4,1
KR_6620376911,420,1,-2,16,1,-1,1,2,3,3,0,-6,1,7,5,5,0,0,0,0,0,14,3,0,1,1,-1,0,-1,1,-1,-1,-1,5,1
KR_6760300910,420,2,33,10,3,1,2,1,6,6,0,-2,0,2,-4,1,5,2,4,2,0,7,112,5,1,6,2,0,1,1,1,1,1,3,1
KR_6750308703,420,-1,13,0,5,2,3,1,2,2,0,2,3,1,6,6,0,-7,1,8,0,3,-26,0,1,1,0,0,1,0,0,1,-1,0,1
KR_6626952373,420,-1,-54,-16,2,1,1,0,1,1,0,-1,2,3,2,2,0,-1,1,2,0,3,40,0,1,1,2,0,-1,0,-1,-1,1,0,1
KR_6682076560,440,2,12,20,0,-1,3,4,4,7,3,0,3,3,-2,0,2,-1,2,3,0,-1,-3,-1,5,4,4,0,1,-1,1,1,-1,3,1
KR_6760922309,420,6,73,-24,10,3,3,0,2,3,1,2,6,4,4,5,1,-1,0,1,0,2,49,0,1,1,-17,0,3,1,0,1,1,6,1
KR_6754576339,420,0,-18,0,4,-1,0,1,0,1,1,5,7,2,0,8,8,0,1,1,-1,3,-6,1,1,2,4,0,0,1,-1,0,-1,3,1
KR_6761971630,420,5,7,43,6,0,1,1,0,1,1,2,3,1,2,4,2,2,2,0,0,10,14,-2,6,4,0,1,2,0,1,1,-1,0,1
KR_6706385334,420,-2,-36,-30,0,-5,0,5,1,3,2,1,2,1,3,4,1,0,2,2,0,5,285,1,3,4,2,0,-1,0,-1,1,1,0,1
KR_6759267059,420,1,1,33,3,-5,2,7,1,1,0,4,6,2,3,3,0,0,0,0,0,2,8,0,2,2,1,0,1,1,1,1,-1,4,1
KR_6728961921,440,-4,-65,16,2,2,4,2,1,3,2,-3,2,5,-1,1,2,3,4,1,-1,3,-53,-1,2,1,14,0,0,1,-1,-1,-1,3,1
KR_6660978501,420,3,106,30,5,1,1,0,-1,1,2,5,5,0,0,2,2,0,2,2,0,2,2,2,2,4,-1,0,1,-1,-1,1,1,4,1
KR_6346934573,420,4,53,20,5,8,9,1,2,4,2,3,5,2,-1,4,5,-7,0,7,0,-4,2,1,1,2,0,0,3,1,0,1,-1,1,1
KR_6661768517,420,3,22,-16,4,1,2,1,3,4,1,-1,1,2,2,3,1,-1,0,1,0,0,358,0,3,3,-1,0,1,-1,1,1,1,6,1
KR_6755996238,420,6,79,16,1,-3,1,4,2,4,2,6,6,0,0,2,2,-4,0,4,-1,3,7,1,0,1,0,0,2,1,1,1,-1,6,1
KR_6728042687,440,1,55,19,-2,0,0,0,3,4,1,1,3,2,-4,1,5,-2,0,2,0,-2,6,2,0,2,0,0,0,1,0,0,-1,5,1
KR_6368146180,420,5,112,38,8,3,3,0,-1,0,1,2,3,1,3,3,0,1,2,1,1,3,0,0,0,0,2,0,2,1,1,1,1,6,1
KR_6637851574,420,5,98,37,13,5,5,0,2,5,3,2,4,2,3,5,2,1,1,0,0,9,7,5,0,5,1,0,1,1,1,1,1,5,1
KR_6708875535,440,4,127,4,13,9,9,0,0,1,1,0,0,0,2,4,2,2,3,1,0,4,5,2,2,4,5,0,2,1,-1,1,1,4,1
KR_6747806654,420,-2,-26,0,-3,-1,0,1,0,0,0,-1,3,4,-1,2,3,0,1,1,0,-4,-165,-2,3,1,3,0,0,1,-1,-1,-1,4,1
KR_6640671922,420,0,67,14,-2,1,4,3,0,2,2,-2,2,4,2,4,2,-3,0,3,0,-4,7,1,1,2,-2,0,2,-1,1,1,-1,3,1
KR_6747083723,440,4,34,20,13,-3,1,4,7,10,3,3,4,1,5,5,0,1,1,0,0,10,11,0,1,1,0,0,0,1,0,0,-1,6,1
KR_6755590379,440,3,76,16,12,1,3,2,4,6,2,-4,0,4,11,11,0,0,1,1,0,15,-42,1,3,4,12,0,0,1,1,1,-1,4,1
KR_6758572060,440,4,110,4,17,7,8,1,1,5,4,1,3,2,6,7,1,2,2,0,1,10,-35,-1,3,2,4,0,1,1,-1,1,1,5,1
KR_6760449487,420,1,-21,1,12,-2,2,4,6,7,1,-2,5,7,10,11,1,0,0,0,0,13,161,2,0,2,-2,0,0,1,-1,1,-1,5,1
KR_6593849762,420,9,141,47,18,2,3,1,12,13,1,1,5,4,5,7,2,-2,0,2,0,10,30,3,3,6,-6,0,4,1,1,1,1,4,1
KR_6718544240,420,8,21,11,18,2,2,0,6,8,2,3,3,0,5,7,2,2,2,0,0,19,-2,0,2,2,3,0,4,1,1,1,1,4,1
KR_6674394099,420,5,117,28,8,2,2,0,-4,1,5,3,4,1,6,7,1,1,2,1,0,7,-7,0,3,3,2,0,2,1,0,1,-1,6,1
KR_6674866806,440,-1,-37,-20,-2,5,7,2,1,1,0,0,1,1,-1,0,1,-7,0,7,0,-8,20,0,6,6,-7,0,-1,-1,1,-1,1,5,1
KR_6757873860,420,5,59,4,11,-2,1,3,9,11,2,-5,1,6,4,4,0,5,6,1,0,12,0,4,0,4,2,0,0,1,0,0,-1,6,1
KR_6659786091,420,0,9,8,-2,0,2,2,-2,0,2,5,6,1,-3,2,5,-2,1,3,0,-1,20,3,2,5,0,0,0,1,-1,0,1,4,1
KR_6759825229,420,2,44,-17,3,-2,2,4,-3,1,4,3,6,3,8,8,0,-3,1,4,-1,3,3,2,2,4,0,0,1,1,0,1,-1,3,1
KR_6673335874,420,-2,-33,-20,-1,3,4,1,3,4,1,-2,1,3,-3,0,3,-2,1,3,1,8,-35,0,0,0,17,0,-1,1,1,-1,1,2,1
KR_6757661206,420,4,23,12,2,4,5,1,0,2,2,1,4,3,-1,1,2,-2,1,3,0,-3,7,-2,6,4,1,0,0,1,-1,-1,1,2,1
KR_6747558676,420,0,-24,20,1,-5,0,5,4,5,1,2,2,0,-1,1,2,1,1,0,0,0,30,-1,4,3,-26,0,-1,1,1,-1,-1,6,1
KR_6713035020,420,0,-36,-2,-1,-1,2,3,-2,0,2,-3,0,3,5,8,3,0,0,0,0,-1,-29,-2,2,0,-1,0,-1,1,1,1,1,2,1
KR_6761446699,420,-4,-30,-8,-9,2,2,0,0,2,2,-5,0,5,-2,0,2,-4,0,4,0,-15,-15,-1,3,2,1,0,-2,-1,-1,-1,-1,4,1
KR_6662820375,440,2,-23,-16,0,4,5,1,-5,2,7,-1,4,5,2,4,2,0,0,0,0,1,7,-1,5,4,-1,0,-2,-1,-1,-1,-1,5,1
KR_6719309041,420,2,29,47,-1,1,5,4,2,4,2,1,2,1,-6,1,7,1,1,0,0,-2,-19,2,4,6,2,0,0,-1,1,0,-1,3,1
KR_6752506332,420,3,94,12,6,-2,2,4,2,2,0,2,3,1,3,4,1,1,2,1,0,1,3,-1,4,3,1,0,0,-1,1,1,1,2,1
KR_6722247782,440,1,33,18,-3,1,1,0,1,3,2,1,2,1,-2,0,2,-4,0,4,0,0,-12,1,3,4,-2,0,0,1,1,-1,-1,3,1
KR_6660796479,420,2,17,16,8,6,7,1,1,2,1,1,3,2,1,2,1,-1,2,3,0,0,-2,3,0,3,-3,0,0,-1,1,1,1,6,1
KR_6645174211,440,3,37,13,4,3,3,0,-1,3,4,2,3,1,2,3,1,-2,1,3,1,4,16,2,3,5,3,0,2,-1,1,1,1,2,1
KR_6742014246,420,1,22,-17,2,-1,0,1,-1,0,1,-1,5,6,2,2,0,3,4,1,0,2,14,-4,6,2,3,0,1,0,0,1,1,0,1
KR_6727475078,420,2,-2,-11,4,1,2,1,1,2,1,4,7,3,0,5,5,-2,0,2,0,6,-271,2,0,2,0,0,0,1,-1,-1,1,3,1
KR_6756571032,420,4,55,0,10,2,3,1,0,4,4,-2,0,2,7,8,1,3,3,0,1,8,-21,2,0,2,18,0,2,1,1,1,1,4,1
KR_6756111486,420,2,22,5,1,2,2,0,0,2,2,2,2,0,-5,0,5,2,2,0,0,9,-8,1,0,1,0,0,0,1,0,0,1,4,1
KR_6661510585,420,2,5,20,6,-1,0,1,1,2,1,7,7,0,0,1,1,-1,0,1,0,11,20,1,1,2,-6,0,1,-1,0,1,1,5,1
KR_6752214673,440,-1,-62,0,-1,2,2,0,0,0,0,-2,1,3,-2,1,3,1,1,0,0,0,-6,0,1,1,-1,0,-1,0,0,-1,-1,0,1
KR_6707125997,420,-1,21,-8,4,-3,1,4,3,5,2,4,4,0,2,5,3,-2,1,3,0,11,102,-3,3,0,0,0,0,-1,-1,0,1,6,1
KR_6761315357,420,3,66,-2,9,-2,2,4,8,11,3,1,3,2,2,4,2,0,1,1,0,8,43,-1,2,1,-17,0,1,1,1,1,-1,3,1
KR_6758446158,420,1,32,11,0,0,4,4,1,5,4,5,8,3,-7,2,9,1,2,1,0,0,39,2,4,6,-1,0,-1,1,0,-1,1,6,1
KR_6661543901,420,4,29,11,14,3,3,0,1,3,2,3,4,1,8,8,0,-1,0,1,1,13,24,2,2,4,-2,0,2,-1,1,1,1,3,1
KR_6763662665,440,-1,18,-20,3,3,6,3,-1,2,3,-2,0,2,3,3,0,0,1,1,0,3,-17,1,2,3,3,0,1,-1,1,1,-1,4,1
KR_6680328985,440,7,87,32,9,1,2,1,-1,2,3,3,4,1,6,8,2,0,1,1,0,4,517,0,1,1,-2,0,2,1,0,1,1,4,1
KR_6651980024,420,0,33,29,-6,3,3,0,-3,1,4,2,5,3,-7,1,8,-1,0,1,0,-15,163,-1,2,1,2,0,0,1,0,1,1,3,1
KR_6751838633,420,2,8,8,8,3,5,2,3,3,0,3,5,2,1,4,3,-2,0,2,0,6,3,-3,4,1,0,0,1,1,-1,1,1,3,1
KR_6682911274,420,3,14,-22,4,-2,1,3,-1,4,5,7,7,0,1,3,2,-1,1,2,1,6,-13,3,3,6,-2,0,0,1,0,0,1,1,1
KR_6760835010,420,3,1,-4,5,1,3,2,0,0,0,-3,0,3,5,5,0,2,2,0,0,6,-1,-3,6,3,-1,0,1,1,1,1,1,3,1
KR_6761435070,420,6,111,39,7,2,2,0,2,3,1,6,7,1,-2,0,2,-1,0,1,0,-1,-4,3,2,5,-2,0,0,0,0,0,-1,0,1
KR_6653570017,420,3,75,-8,10,3,3,0,2,6,4,1,3,2,4,8,4,0,0,0,1,9,2,1,1,2,0,0,1,0,-1,1,1,0,1
KR_6753307199,420,7,109,92,4,2,3,1,3,3,0,-2,2,4,1,1,0,0,0,0,0,3,6,4,1,5,3,0,1,1,1,1,1,5,1
KR_6737779510,420,5,-6,20,10,-1,0,1,0,4,4,8,9,1,4,4,0,-1,0,1,-1,10,-2,5,2,7,0,0,1,1,-1,1,-1,6,1
KR_6764000279,420,-3,-17,16,-5,-4,0,4,-1,1,2,1,3,2,-3,0,3,2,3,1,0,-2,1,2,2,4,2,0,0,-1,-1,0,1,1,1
KR_6618608338,420,-1,-13,28,-9,0,1,1,-2,2,4,0,1,1,-3,2,5,-4,0,4,0,-8,10,3,3,6,-1,0,0,1,0,0,1,5,1
KR_6753999775,420,-2,-47,19,-7,0,2,2,3,3,0,-4,3,7,-4,2,6,-2,0,2,0,-1,2,-2,4,2,-1,0,-1,0,-1,-1,-1,0,1
KR_6725612578,420,6,63,32,14,6,6,0,7,8,1,1,4,3,1,2,1,-1,1,2,0,4,1,-5,5,0,-4,0,0,1,-1,0,1,5,1
KR_6692370796,420,1,-75,0,10,-1,1,2,0,1,1,8,10,2,3,3,0,0,2,2,0,8,-35,-1,2,1,22,0,0,1,1,0,-1,6,1
KR_6762584270,440,0,-20,10,-2,0,0,0,1,1,0,0,1,1,-3,3,6,0,0,0,0,-3,-5,-1,3,2,0,0,-1,1,-1,-1,-1,5,1
KR_6674964224,420,1,42,14,-4,0,2,2,-5,0,5,-1,2,3,2,2,0,0,2,2,-1,-3,-33,-1,3,2,-1,0,0,0,0,-1,-1,0,1
KR_6738461200,420,6,66,33,16,6,6,0,-1,1,2,0,0,0,9,10,1,2,2,0,0,13,-83,3,1,4,1,0,2,1,1,1,1,1,1
KR_6739388718,420,5,37,29,9,-2,0,2,4,4,0,7,9,2,0,1,1,0,0,0,0,15,162,-2,3,1,3,0,2,1,0,1,1,5,1
KR_6756630572,420,3,23,-30,-1,4,5,1,-4,4,8,1,2,1,-4,2,6,2,4,2,0,-5,-36,2,1,3,24,0,0,-1,1,1,-1,6,1
KR_6763942287,420,5,63,26,8,1,1,0,2,3,1,1,4,3,2,3,1,2,2,0,0,8,316,0,2,2,0,0,2,-1,1,1,1,1,1
KR_6590628258,420,4,0,0,13,4,5,1,1,3,2,2,5,3,4,5,1,2,3,1,1,17,7,4,2,6,-1,0,1,1,1,1,1,3,1
KR_6760393348,420,1,-21,-12,0,0,1,1,-1,1,2,-4,2,6,3,4,1,2,4,2,0,1,11,1,4,5,-1,0,0,1,-1,1,1,2,1
KR_6763531265,420,0,-2,20,-7,-1,0,1,0,1,1,-3,1,4,-3,1,4,0,1,1,0,-6,150,2,0,2,0,0,1,-1,1,1,-1,1,1
KR_6759132744,420,0,-44,40,4,-2,1,3,6,6,0,4,5,1,-2,3,5,-2,1,3,2,8,-5,1,1,2,-1,0,1,1,-1,1,1,3,1
KR_6741222210,420,2,15,4,4,-3,3,6,1,2,1,7,7,0,-1,2,3,0,0,0,0,12,12,1,0,1,0,0,1,-1,-1,1,-1,1,1
KR_6756979565,420,-1,52,16,-2,1,6,5,-1,1,2,-5,1,6,2,4,2,1,1,0,2,-1,-5,2,1,3,2,0,-1,1,-1,1,1,2,1
KR_6661539620,420,2,12,27,4,0,4,4,-2,1,3,-2,3,5,7,7,0,1,2,1,-1,6,-5,1,9,10,0,0,0,1,0,1,-1,1,1
KR_6640235628,420,0,41,40,-8,-1,1,2,2,5,3,0,0,0,-4,3,7,-5,0,5,0,-11,-13,0,3,3,0,0,1,-1,1,1,-1,1,1
KR_6638504253,420,2,0,12,5,3,5,2,3,3,0,0,3,3,-1,0,1,0,0,0,0,4,-32,-1,4,3,7,0,0,1,-1,1,-1,6,1
KR_6724665964,420,-2,-46,-36,1,-1,1,2,0,2,2,1,2,1,2,3,1,-1,0,1,0,3,-38,2,5,7,15,0,0,1,1,1,-1,2,1
KR_6645037668,440,7,124,12,16,7,9,2,3,4,1,5,7,2,0,0,0,1,1,0,1,13,-10,1,2,3,2,0,4,1,-1,1,1,4,1
KR_6755409416,440,5,61,12,14,2,4,2,1,1,0,11,14,3,0,2,2,0,0,0,0,1,26,-1,3,2,2,0,1,1,0,1,1,1,1
KR_6760265796,420,2,53,20,2,-4,2,6,3,4,1,1,5,4,3,3,0,-1,0,1,0,5,0,4,0,4,1,0,1,-1,-1,1,-1,6,1
KR_6755770959,420,-4,-57,-19,-1,1,1,0,2,2,0,0,2,2,-4,0,4,0,0,0,0,-1,-2,-4,5,1,1,0,-1,-1,1,-1,1,5,1
KR_6760683396,420,2,97,0,8,-6,0,6,6,6,0,1,1,0,5,6,1,2,2,0,0,10,15,-1,5,4,2,0,0,-1,1,1,1,2,1
KR_6695075768,420,-4,-69,-24,-9,2,3,1,-3,3,6,4,6,2,-7,0,7,-5,0,5,-2,-7,2,0,3,3,-2,0,-1,-1,0,-1,-1,3,1
KR_6720902564,440,3,41,12,8,-2,1,3,4,6,2,1,2,1,3,8,5,2,2,0,0,11,20,0,3,3,4,0,0,-1,1,1,1,5,1
KR_6685834724,420,-5,-7,-20,-9,-1,1,2,4,5,1,-7,0,7,-2,2,4,-3,0,3,0,-3,-10,2,5,7,-4,0,0,-1,1,-1,1,5,1
KR_6760493751,440,-2,100,-32,-3,1,2,1,-7,1,8,0,2,2,2,3,1,1,1,0,0,-3,-3,2,3,5,3,0,0,-1,1,1,1,1,1
KR_6646436697,420,1,45,8,-1,3,3,0,-3,1,4,-6,0,6,4,4,0,1,3,2,0,2,-11,0,4,4,3,0,1,-1,-1,1,-1,2,1
KR_6755742625,420,2,-3,-11,7,-1,0,1,3,5,2,4,5,1,2,3,1,-1,0,1,0,4,7,2,4,6,-2,0,0,0,1,0,1,0,1
KR_6752560367,420,-1,-21,-4,1,-1,1,2,-2,2,4,1,4,3,0,1,1,3,3,0,0,8,-1,2,2,4,0,0,-1,1,-1,-1,-1,5,1
KR_6652178323,420,8,119,22,13,3,5,2,0,1,1,5,6,1,1,4,3,4,6,2,0,7,13,1,1,2,2,0,2,1,1,1,-1,2,1
KR_6646167452,420,0,10,21,6,0,2,2,-2,3,5,0,1,1,3,3,0,5,6,1,0,3,1,-1,5,4,1,0,1,1,-1,1,1,5,1
KR_6750158446,420,1,-75,14,8,2,3,1,0,1,1,3,4,1,1,2,1,2,3,1,0,7,185,8,0,8,0,0,1,-1,1,1,1,2,1
KR_6661822998,420,1,-19,-4,6,-4,0,4,1,2,1,1,1,0,6,7,1,2,2,0,0,15,3,2,2,4,0,0,0,1,-1,-1,1,4,1
KR_6764508800,420,3,9,31,10,3,3,0,0,1,1,3,6,3,3,5,2,1,2,1,2,1,-6,-3,3,0,2,0,1,1,1,1,1,3,1
KR_6755317509,440,-1,3,-28,-7,1,3,2,-3,1,4,2,4,2,-5,0,5,-2,0,2,-1,-11,2,-2,5,3,3,0,0,-1,1,0,-1,5,1
KR_6705132416,420,7,103,13,14,-1,2,3,0,1,1,1,3,2,11,12,1,3,3,0,0,13,0,2,4,6,2,0,1,1,-1,1,1,5,1
KR_6651502841,420,2,37,-8,6,4,4,0,-1,1,2,-2,3,5,3,4,1,2,2,0,2,4,-5,-3,4,1,3,0,0,1,0,1,1,3,1
KR_6698211246,420,3,1,1,3,2,2,0,5,6,1,-4,0,4,-1,1,2,1,1,0,0,4,-509,0,2,2,0,0,-2,-1,-1,-1,1,2,1
KR_6760244426,420,2,83,-3,1,8,10,2,-5,1,6,-3,4,7,0,3,3,1,1,0,1,-16,4,6,0,6,5,0,1,0,-1,1,-1,0,1
KR_6699440706,420,1,40,-4,3,0,1,1,1,1,0,8,12,4,-4,1,5,-2,1,3,0,3,34,2,2,4,-20,0,-1,-1,-1,-1,-1,5,1
KR_6757699051,420,2,90,-20,6,5,8,3,-1,4,5,2,3,1,0,1,1,0,1,1,0,0,15,1,3,4,3,0,0,1,1,0,1,1,1
KR_6740492296,420,-1,-30,4,-6,3,3,0,-2,3,5,-4,1,5,-2,1,3,-1,1,2,-1,-5,103,6,2,8,4,0,-1,1,0,-1,-1,1,1
KR_6730889115,420,10,184,32,10,3,3,0,0,2,2,2,3,1,4,5,1,1,1,0,0,6,27,2,3,5,2,0,5,1,1,1,1,5,1
KR_6674577793,420,4,52,0,4,-5,1,6,-2,2,4,3,6,3,6,7,1,2,2,0,0,6,-16,-2,6,4,15,0,0,1,-1,1,1,3,1
KR_6758718602,420,1,0,36,7,0,0,0,3,5,2,4,5,1,1,3,2,-1,1,2,0,7,4,0,0,0,0,0,2,1,1,1,1,6,1
KR_6743589564,420,0,23,-3,1,-1,2,3,-1,0,1,4,4,0,-1,0,1,0,0,0,0,-8,-8,-1,2,1,-2,0,0,1,1,1,1,1,1
KR_6755144155,420,3,28,-4,6,2,3,1,7,8,1,0,2,2,-2,3,5,-1,1,2,0,6,-239,-2,4,2,1,0,-1,-1,-1,-1,-1,1,1
KR_6764089155,420,-1,-37,-49,-1,1,3,2,1,1,0,-2,1,3,-1,1,2,0,0,0,0,4,-10,-6,7,1,0,0,-1,-1,-1,-1,-1,3,1
KR_6655181866,420,2,54,1,5,2,4,2,-1,1,2,2,5,3,1,3,2,1,1,0,0,4,-2,-1,3,2,2,0,1,1,0,1,-1,5,1
KR_6740318517,420,5,58,11,11,5,7,2,-3,1,4,3,4,1,3,5,2,3,4,1,0,19,9,4,3,7,-2,0,2,-1,1,1,-1,2,1
KR_6699667320,420,1,40,-17,6,1,1,0,-2,1,3,2,2,0,3,3,0,2,2,0,1,7,-36,0,3,3,25,0,1,1,1,1,1,3,1
KR_6738347265,420,2,-8,20,-1,2,4,2,1,1,0,-3,3,6,1,1,0,-2,1,3,0,1,228,3,2,5,0,0,1,0,1,1,1,0,1
KR_6738155952,420,4,107,-12,12,0,3,3,1,1,0,4,4,0,4,4,0,3,3,0,0,11,23,0,1,1,0,0,3,1,1,1,1,1,1
KR_6737488325,420,2,16,12,3,-2,0,2,2,4,2,2,2,0,0,3,3,1,1,0,0,3,-122,3,4,7,4,0,0,1,1,1,-1,1,1
KR_6704163624,420,2,65,0,1,-4,1,5,0,4,4,4,4,0,-1,3,4,2,5,3,0,9,-339,0,3,3,0,0,1,-1,1,1,-1,3,1
KR_6762789652,420,2,49,20,10,2,3,1,-1,0,1,2,4,2,5,5,0,2,2,0,0,11,17,2,1,3,-4,0,0,1,1,0,1,4,1
KR_6739467656,420,2,34,-1,3,3,3,0,-1,3,4,1,2,1,-3,5,8,3,5,2,0,6,24,2,3,5,-5,0,0,1,-1,-1,1,6,1
KR_6645127530,420,-3,8,-21,-5,0,2,2,2,3,1,-9,0,9,2,2,0,0,1,1,0,-4,276,1,1,2,-1,0,2,-1,1,1,1,1,1
KR_6758472017,440,2,97,33,0,-2,0,2,0,3,3,4,5,1,-1,3,4,-1,2,3,-1,-11,-40,-5,6,1,2,0,3,1,1,1,-1,3,1
KR_6710259603,440,8,109,20,21,6,6,0,2,6,4,6,6,0,6,7,1,1,1,0,2,5,-5,2,3,5,1,0,0,1,1,1,1,5,1
KR_6660640621,420,3,35,12,2,4,7,3,-1,1,2,-3,0,3,2,2,0,0,0,0,0,0,4,-2,4,2,3,0,0,1,-1,0,1,1,1
KR_6760610709,420,0,7,4,2,0,1,1,-1,1,2,0,1,1,4,6,2,-1,1,2,0,-1,-4,-1,7,6,2,0,2,-1,1,1,-1,5,1
KR_6753684628,440,3,132,6,-7,1,2,1,-8,0,8,3,5,2,-1,1,2,-2,0,2,0,-20,-3,1,2,3,0,0,1,-1,1,1,1,1,1
KR_6695256546,440,7,153,8,8,2,2,0,7,8,1,5,5,0,-1,0,1,-5,0,5,1,1,-255,1,0,1,0,0,2,0,0,1,1,0,1
KR_6620521079,420,3,61,15,5,5,5,0,1,3,2,-1,3,4,0,0,0,0,0,0,-1,1,9,1,2,3,-1,0,2,0,0,1,-1,0,1
KR_6633272981,420,0,-13,28,4,1,1,0,1,2,1,-2,0,2,3,7,4,1,1,0,0,4,1,0,2,2,-1,0,1,1,1,1,1,4,1
KR_6675243941,420,3,64,6,8,5,5,0,5,6,1,3,3,0,1,2,1,-6,2,8,0,3,2,4,2,6,-1,0,1,-1,1,1,-1,3,1
KR_6710620537,420,7,97,52,4,-1,2,3,5,7,2,0,2,2,-1,0,1,1,3,2,0,6,387,4,1,5,8,0,1,1,0,1,-1,6,1
KR_6731798000,420,5,66,8,14,3,3,0,-1,3,4,5,8,3,0,0,0,7,7,0,0,14,-8,-2,3,1,2,0,3,1,-1,-1,1,3,1
KR_6749421054,420,-3,9,-12,-11,-11,0,11,-1,2,3,3,5,2,-1,3,4,-1,0,1,-1,-3,6,1,2,3,0,0,-2,-1,-1,-1,-1,3,1
KR_6760852929,420,4,41,16,12,3,3,0,1,3,2,-1,3,4,8,8,0,1,1,0,1,14,-4,2,0,2,2,0,1,1,0,1,1,3,1
KR_6750168931,420,-3,-54,20,-5,-1,2,3,1,2,1,-7,0,7,2,3,1,0,1,1,0,4,-2,3,1,4,1,0,0,0,1,0,-1,0,1
KR_6739728898,420,4,39,-4,12,3,5,2,3,4,1,4,4,0,0,1,1,2,2,0,1,9,10,4,1,5,-1,0,1,1,1,1,1,3,1
KR_6763801918,420,2,0,29,5,-1,1,2,0,1,1,4,6,2,3,3,0,-1,0,1,0,2,3,2,3,5,5,0,1,1,1,1,-1,2,1
KR_6730219999,420,1,72,-4,1,4,4,0,-3,0,3,1,2,1,0,2,2,-1,1,2,0,-1,16,2,0,2,0,0,0,0,0,0,1,0,1
KR_6611687064,420,0,-21,-16,7,1,1,0,3,4,1,-1,1,2,1,4,3,3,3,0,1,7,13,4,3,7,-2,0,2,1,1,1,1,1,1
KR_6727102398,420,4,54,-3,10,2,4,2,4,5,1,3,4,1,0,1,1,1,1,0,1,5,15,-4,5,1,3,0,0,-1,1,-1,1,2,1
KR_6746038511,420,3,52,20,9,1,2,1,2,3,1,0,3,3,6,7,1,0,0,0,0,6,9,2,0,2,0,0,1,0,0,1,-1,0,1
KR_6743360447,420,1,5,4,5,2,2,0,-7,3,10,2,3,1,3,6,3,5,7,2,0,3,-399,3,1,4,4,0,2,1,1,1,1,5,1
KR_6711842909,420,-1,-70,7,1,2,2,0,-1,3,4,1,2,1,0,4,4,-1,0,1,0,0,38,-3,3,0,1,0,0,1,1,1,1,5,1
KR_6757341217,420,5,79,14,9,9,9,0,-3,1,4,-5,0,5,7,8,1,1,2,1,0,3,-44,4,2,6,21,0,3,-1,1,1,1,2,1
KR_6758100736,420,4,38,10,11,2,4,2,0,3,3,3,5,2,0,2,2,6,9,3,1,11,-345,-1,2,1,0,0,0,-1,-1,-1,1,2,1
KR_6751462017,420,2,40,28,5,-2,3,5,6,7,1,-2,1,3,4,7,3,-1,3,4,1,3,12,5,2,7,4,0,0,1,-1,0,1,2,1
KR_6762499179,420,2,5,-16,10,1,2,1,4,7,3,0,3,3,1,2,1,4,4,0,0,6,2,4,2,6,3,0,2,0,0,1,1,0,1
KR_6675791481,420,0,-17,2,0,0,2,2,1,3,2,1,1,0,-1,1,2,-1,0,1,0,1,-5,-2,3,1,3,0,0,0,-1,0,-1,0,1
KR_6730613489,440,2,95,-20,3,2,3,1,0,1,1,1,3,2,-1,0,1,1,1,0,0,2,1,-4,5,1,2,0,1,-1,0,1,1,6,1
KR_6523556804,420,2,39,17,6,5,5,0,1,3,2,5,6,1,-3,1,4,-2,1,3,0,1,5,2,3,5,0,0,3,0,1,1,1,0,1
KR_6682937853,420,-1,4,-20,3,0,1,1,2,3,1,2,3,1,-1,0,1,0,0,0,0,3,-153,1,4,5,1,0,0,-1,1,1,1,6,1
KR_6737899100,420,5,-6,55,6,-7,1,8,3,3,0,7,8,1,0,2,2,3,3,0,0,4,-10,-2,4,2,1,0,0,1,1,1,-1,2,1
KR_6752056429,420,-2,-89,-8,2,-1,1,2,4,5,1,-4,0,4,2,5,3,1,1,0,-1,4,3,2,1,3,-2,0,1,0,-1,1,-1,0,1
KR_6630091670,420,2,13,16,7,0,4,4,0,3,3,7,7,0,1,3,2,-1,2,3,0,9,1,-2,4,2,0,0,2,-1,1,1,1,5,1
KR_6622853457,420,0,-15,12,2,0,0,0,-1,2,3,4,8,4,0,3,3,-1,0,1,0,0,-6,-5,8,3,0,0,-1,-1,1,-1,1,6,1
KR_6737609365,420,-1,-26,20,4,-2,0,2,4,6,2,-3,2,5,3,6,3,2,2,0,0,6,-7,-4,10,6,2,0,2,1,1,1,1,6,1
KR_6062528794,420,-2,11,12,-6,-2,1,3,-5,0,5,3,5,2,-3,1,4,1,2,1,0,-2,-1,-4,5,1,0,0,0,0,1,0,-1,0,1
KR_6742673020,420,-2,-32,-17,-4,-3,1,4,-5,1,6,6,6,0,1,4,3,-3,1,4,-1,-12,-4,-2,3,1,-1,0,-1,-1,0,-1,-1,6,1
KR_6757226707,420,2,-21,11,9,1,5,4,3,7,4,2,2,0,2,3,1,1,1,0,0,5,38,2,1,3,-10,0,1,1,-1,1,-1,4,1
KR_6711477581,420,1,44,18,10,1,1,0,5,6,1,4,4,0,1,3,2,-1,1,2,0,10,-17,-4,4,0,4,0,1,1,-1,1,1,2,1
KR_6745451182,420,3,31,-9,6,0,0,0,3,4,1,-3,0,3,3,4,1,3,3,0,0,7,311,-1,3,2,2,0,1,-1,-1,1,-1,2,1
KR_6762931468,420,2,85,-8,1,2,2,0,-3,1,4,1,3,2,2,3,1,-1,1,2,0,-1,9,2,1,3,0,0,2,-1,1,1,-1,4,1
KR_6681900454,440,-2,23,20,-4,-2,0,2,-2,0,2,1,1,0,1,1,0,-2,3,5,0,-5,4,-3,5,2,4,0,0,1,0,0,-1,5,1
KR_6762218336,420,7,22,46,20,2,7,5,3,3,0,6,6,0,0,1,1,9,9,0,1,8,-19,1,0,1,2,0,1,1,0,1,1,1,1
KR_6745149915,420,2,-6,-12,12,-1,1,2,1,1,0,8,10,2,2,3,1,2,2,0,0,15,4,-1,1,0,3,0,1,1,1,1,-1,6,1
KR_6737137642,440,6,70,7,13,0,0,0,-1,2,3,5,6,1,7,11,4,2,3,1,0,14,-95,2,2,4,0,0,0,-1,1,1,1,1,1
KR_6763139431,420,0,81,-12,2,-3,0,3,3,5,2,0,4,4,2,3,1,0,1,1,0,4,19,-5,7,2,1,0,1,1,-1,1,1,2,1
KR_6752096674,420,2,50,-5,4,1,2,1,-2,1,3,-3,4,7,7,11,4,1,3,2,0,4,117,3,1,4,1,0,1,1,1,1,-1,5,1
KR_6713783704,420,0,-29,16,2,0,2,2,1,4,3,-2,0,2,1,1,0,2,2,0,0,6,-50,-1,3,2,22,0,0,-1,0,0,-1,5,1
KR_6759178059,420,2,41,66,2,0,1,1,7,8,1,-4,1,5,2,4,2,-3,0,3,0,2,-10,2,1,3,2,0,-1,-1,1,1,1,3,1
KR_6756253669,420,4,113,0,7,3,5,2,5,5,0,-1,0,1,0,4,4,0,0,0,0,2,48,-1,1,0,-22,0,1,-1,-1,1,1,5,1
KR_6523603020,420,-3,-46,-32,-2,5,5,0,4,6,2,2,3,1,-8,1,9,-5,1,6,-1,3,15,-1,5,4,-2,0,0,0,-1,-1,-1,0,1
KR_6721907679,440,2,17,28,-3,2,2,0,-3,1,4,-2,3,5,1,1,0,-1,1,2,0,-4,-2,-1,2,1,0,0,1,1,1,1,-1,5,1
KR_6725466096,440,5,73,0,18,2,2,0,4,4,0,4,6,2,6,8,2,2,4,2,2,12,1,3,1,4,-2,0,2,1,1,1,1,6,1
KR_6740950816,420,1,-30,-8,1,2,2,0,1,3,2,1,1,0,-1,0,1,-2,0,2,0,0,-6,4,2,6,-5,0,0,-1,-1,-1,-1,3,1
KR_6746412822,420,2,-10,32,6,4,5,1,1,3,2,-1,3,4,1,3,2,1,1,0,2,-1,3,-4,4,0,1,0,0,1,1,0,1,5,1
KR_6657263799,420,3,49,3,9,1,4,3,0,6,6,0,0,0,8,8,0,0,0,0,0,3,-2,2,1,3,1,0,-1,1,-1,-1,1,3,1
KR_6675713696,420,0,-9,20,2,-1,0,1,2,3,1,-2,3,5,2,2,0,1,2,1,0,2,0,3,0,3,2,0,0,-1,1,1,1,3,1
KR_6740190745,440,6,50,20,16,-1,3,4,8,9,1,0,1,1,5,5,0,4,4,0,-1,15,397,1,1,2,1,0,0,0,-1,1,-1,0,1
KR_6639630519,440,3,78,20,8,0,2,2,4,5,1,5,7,2,0,5,5,-1,0,1,0,1,3,1,2,3,0,0,2,1,1,1,1,2,1
KR_6754160420,420,0,-24,16,-5,-1,3,4,-1,3,4,-4,1,5,1,5,4,0,1,1,-1,-1,3,1,1,2,-1,0,0,1,1,0,-1,2,1
KR_6651857915,420,3,9,21,5,2,4,2,-2,3,5,0,4,4,2,6,4,3,3,0,0,-1,-263,5,0,5,-1,0,0,1,-1,-1,1,4,1
KR_6718961536,420,2,35,23,7,2,3,1,2,3,1,-1,1,2,2,2,0,2,2,0,0,5,173,0,4,4,23,0,2,1,1,1,1,4,1
KR_6674825419,440,-2,-37,21,1,-2,0,2,2,6,4,2,2,0,-1,5,6,0,0,0,0,-5,-3,1,5,6,4,0,0,-1,0,1,1,1,1
KR_6749253436,420,-5,7,-74,-9,1,1,0,0,2,2,-2,1,3,-5,2,7,-3,0,3,0,-5,3,0,3,3,-1,0,-1,0,-1,-1,-1,0,1
KR_6760246251,420,1,38,12,7,-1,0,1,-1,2,3,3,5,2,4,8,4,2,3,1,0,12,3,-2,4,2,3,0,2,-1,-1,1,1,4,1
KR_6748495246,420,-1,-7,0,-7,2,3,1,3,5,2,2,2,0,-9,2,11,-5,1,6,1,-8,14,6,0,6,-6,0,0,-1,1,0,1,5,1
KR_6738891378,420,-2,-24,2,-3,-2,2,4,-3,1,4,8,10,2,-5,0,5,-1,0,1,2,4,-9,1,4,5,4,0,0,-1,1,-1,1,2,1
KR_6712986428,420,4,106,12,8,2,2,0,-5,2,7,7,9,2,2,4,2,2,3,1,1,4,10,1,5,6,1,0,3,1,1,1,1,4,1
KR_6756557712,420,0,33,15,0,-3,0,3,3,4,1,4,7,3,-1,4,5,-3,0,3,1,4,-5,-2,4,2,1,0,0,1,0,0,-1,3,1
KR_6716017784,420,2,0,3,9,-5,0,5,6,7,1,-1,2,3,6,8,2,3,4,1,2,13,-35,2,2,4,14,0,1,1,-1,-1,-1,6,1
KR_6759840769,420,4,42,0,13,1,1,0,-1,2,3,3,8,5,1,1,0,9,9,0,1,15,7,2,2,4,5,0,1,-1,1,1,1,2,1
KR_6761112317,440,0,60,33,2,7,9,2,0,2,2,-3,0,3,-4,1,5,2,3,1,0,-4,-30,3,3,6,19,0,0,1,1,0,1,2,1
KR_6678453209,420,-3,-15,-7,-3,-3,2,5,1,6,5,-4,1,5,3,3,0,0,1,1,0,2,-30,-7,8,1,4,0,-1,0,-1,-1,1,0,1
KR_6749538831,420,4,99,10,9,1,2,1,4,4,0,2,2,0,0,4,4,2,2,0,0,9,2,2,3,5,3,0,1,1,1,1,1,1,1
KR_6644277368,420,-2,17,-12,-2,2,2,0,-4,2,6,1,3,2,0,3,3,-1,0,1,1,0,-54,-2,4,2,-1,0,1,-1,1,1,1,4,1
KR_6763023585,420,5,73,10,11,4,4,0,1,2,1,8,8,0,-1,0,1,-1,0,1,0,3,4,1,0,1,-1,0,0,-1,0,0,-1,3,1
KR_6722362220,420,1,-76,3,-1,-7,1,8,6,8,2,0,0,0,0,2,2,0,0,0,0,3,4,2,4,6,-2,0,-1,-1,-1,-1,-1,3,1
KR_6723576304,420,-3,-10,-68,-4,1,2,1,-5,0,5,-2,1,3,-1,2,3,3,3,0,0,2,5,1,2,3,0,0,0,1,1,1,1,1,1
KR_6756163591,420,2,89,-4,0,-2,0,2,1,2,1,1,2,1,3,5,2,-3,1,4,0,1,2,5,2,7,2,0,0,1,1,1,1,1,1
KR_6755251927,420,6,26,4,16,-1,1,2,0,1,1,2,3,1,7,10,3,8,8,0,1,20,10,3,1,4,1,0,1,1,1,1,1,1,1
KR_6760005356,420,-1,-38,-16,-5,-5,2,7,-1,3,4,0,0,0,5,7,2,-4,0,4,0,-10,7,5,4,9,-2,0,-1,-1,-1,-1,-1,4,1
KR_6710127766,420,7,101,52,16,0,0,0,6,6,0,4,5,1,3,5,2,3,5,2,0,9,3,4,0,4,2,0,0,1,1,1,1,1,1
KR_6602486930,420,0,23,-13,-1,0,2,2,1,3,2,1,5,4,-4,1,5,1,2,1,0,-2,114,-2,4,2,-1,0,2,-1,0,1,-1,5,1
KR_6685447555,440,-2,-14,2,-5,0,2,2,-2,0,2,-4,0,4,1,1,0,0,0,0,0,0,-3,-1,5,4,-1,0,0,1,1,0,-1,2,1
KR_6757347927,420,2,57,16,3,2,3,1,5,6,1,1,1,0,-3,1,4,-2,0,2,1,1,26,7,1,8,-1,0,2,-1,1,1,1,5,1
KR_6747816408,420,0,-55,24,-4,1,1,0,3,5,2,-3,2,5,-3,3,6,-2,0,2,0,-2,14,1,6,7,0,0,0,1,1,0,1,2,1
KR_6650756057,420,0,-5,0,4,-1,0,1,2,3,1,1,3,2,2,8,6,0,1,1,0,-1,37,2,4,6,-21,0,0,-1,-1,0,-1,2,1
KR_6731940952,420,0,67,12,7,1,1,0,5,7,2,-4,1,5,4,5,1,1,2,1,1,4,-1,-1,5,4,3,0,2,1,1,1,1,6,1
KR_6725729564,420,2,80,20,2,3,4,1,-5,1,6,2,3,1,-2,0,2,4,4,0,0,0,8,0,3,3,0,0,1,-1,-1,1,-1,3,1
KR_6643218637,440,4,60,26,12,1,2,1,-2,0,2,4,9,5,8,13,5,1,2,1,0,16,1,0,1,1,0,0,0,-1,-1,1,1,1,1
KR_6755025416,420,3,67,-4,7,-2,0,2,-4,2,6,9,11,2,4,6,2,0,1,1,1,4,-13,-7,8,1,3,0,2,-1,1,-1,1,5,1
KR_6724798778,420,1,-25,-1,1,2,2,0,-2,4,6,3,4,1,-1,1,2,-1,0,1,-1,-3,3,-3,5,2,-3,0,1,-1,0,1,-1,2,1
KR_6728130096,420,1,67,17,4,1,2,1,0,1,1,3,4,1,1,1,0,-1,1,2,0,-3,3,1,2,3,5,0,1,1,-1,1,1,5,1
KR_6636817092,420,1,26,7,3,0,2,2,-1,3,4,-1,2,3,5,6,1,0,2,2,0,-4,5,0,2,2,4,0,1,1,-1,1,-1,2,1
KR_6762149910,420,5,48,10,6,0,2,2,2,4,2,-5,1,6,8,8,0,1,1,0,0,11,-4,2,2,4,-1,0,1,1,0,1,-1,1,1
KR_6756505230,420,6,64,20,9,2,3,1,2,3,1,-1,2,3,4,4,0,2,2,0,0,10,4,0,4,4,3,0,2,0,1,1,1,0,1
KR_6723108052,440,5,65,0,7,5,5,0,-3,0,3,8,8,0,-3,1,4,0,2,2,0,-1,-8,-5,7,2,1,0,1,1,1,1,1,3,1
KR_6678149100,420,0,-22,4,-1,-1,0,1,-1,0,1,-2,1,3,-1,1,2,4,4,0,0,-2,2,2,3,5,0,0,1,1,0,1,-1,2,1
KR_6758601446,420,3,-33,60,-5,0,3,3,3,3,0,1,3,2,-10,1,11,1,2,1,1,-6,0,-1,1,0,0,0,1,0,1,1,1,0,1
KR_6629781342,420,2,-43,50,6,0,2,2,3,8,5,-3,1,4,1,2,1,5,5,0,0,7,-309,0,3,3,-2,0,-2,1,-1,-1,1,5,1
KR_6756328636,420,-2,-20,0,-6,0,2,2,-1,2,3,-2,4,6,-2,6,8,-1,0,1,1,-7,-14,0,4,4,-2,0,0,-1,1,-1,1,3,1
KR_6764165109,420,4,72,29,8,-2,1,3,-2,2,4,7,8,1,2,4,2,3,3,0,0,6,16,-1,5,4,1,0,1,0,1,1,1,0,1
KR_6749557332,420,2,25,16,-3,2,3,1,0,3,3,2,2,0,-6,4,10,-1,0,1,-1,-10,14,-3,5,2,2,0,0,1,1,0,-1,4,1
KR_6761489202,420,0,-31,11,-1,-3,0,3,2,3,1,1,2,1,-2,0,2,1,2,1,-2,-5,4,-2,4,2,-1,0,0,0,0,-1,-1,0,1
KR_6737809508,420,0,-23,16,-1,-1,1,2,5,7,2,-7,2,9,1,2,1,1,2,1,0,2,6,1,1,2,-1,0,-1,0,1,-1,-1,0,1
KR_6741012317,420,1,24,-56,4,2,3,1,1,1,0,8,8,0,-3,1,4,-4,0,4,-1,1,0,1,1,2,-2,0,1,1,1,1,-1,6,1
KR_6722008685,420,6,12,-6,15,0,3,3,4,4,0,1,2,1,7,8,1,3,3,0,0,7,8,-1,3,2,2,0,2,1,-1,1,1,5,1
KR_6762015853,420,4,15,32,10,2,3,1,5,6,1,2,2,0,1,4,3,0,1,1,0,5,4,1,3,4,-2,0,0,1,1,1,-1,3,1
KR_6762038252,420,2,-16,-8,13,2,5,3,4,5,1,4,5,1,4,4,0,-1,0,1,0,11,159,0,1,1,0,0,0,1,1,1,1,4,1
KR_6764252309,420,7,55,21,21,2,2,0,9,10,1,-2,1,3,7,7,0,5,5,0,0,17,6,6,0,6,-1,0,2,1,1,1,1,5,1
KR_6656474458,420,8,105,20,20,4,4,0,7,7,0,11,11,0,1,4,3,-3,1,4,0,13,44,2,3,5,2,0,3,-1,-1,1,1,3,1
KR_6761099969,440,2,-38,14,1,2,3,1,1,5,4,-5,1,6,2,2,0,1,2,1,0,-2,-9,1,1,2,0,0,0,1,1,0,1,2,1
KR_6657360768,420,-4,-51,12,-3,-1,2,3,-1,1,2,-3,2,5,2,3,1,0,1,1,0,-4,5,2,0,2,1,0,-1,-1,-1,-1,1,2,1
KR_6742164972,440,2,39,6,5,-1,0,1,-4,1,5,6,6,0,0,1,1,4,4,0,1,8,2,2,3,5,0,0,0,1,-1,0,1,6,1
KR_6062900075,420,2,11,12,6,2,4,2,1,6,5,1,2,1,3,3,0,-1,0,1,0,0,-1,-2,4,2,0,0,1,1,-1,1,-1,5,1
KR_6741692850,420,0,51,16,-1,2,3,1,1,1,0,-1,1,2,-1,1,2,-2,1,3,0,-1,-6,0,5,5,3,0,1,1,1,1,1,2,1
KR_6743412740,420,1,0,24,-7,1,5,4,-4,0,4,-1,2,3,-2,0,2,-1,0,1,0,-14,9,0,1,1,-2,0,1,1,1,1,1,4,1
KR_6758638906,420,1,-35,-4,2,-2,3,5,1,4,3,-1,0,1,-2,0,2,6,11,5,0,13,-3,-1,6,5,-2,0,0,-1,0,-1,-1,6,1
KR_6689897412,420,2,16,23,3,3,3,0,1,1,0,-1,3,4,1,2,1,-1,1,2,0,-2,249,5,4,9,-3,0,3,-1,1,1,1,1,1
KR_6696693068,420,4,74,14,14,9,11,2,0,2,2,2,5,3,1,5,4,2,2,0,0,10,19,4,1,5,-1,0,3,1,1,1,1,3,1
KR_6725410372,420,3,65,8,7,0,2,2,2,2,0,1,4,3,3,4,1,1,1,0,1,6,8,1,1,2,1,0,0,1,1,1,1,3,1
KR_6647861414,440,-3,-64,-16,-1,-5,1,6,4,4,0,-2,1,3,1,2,1,1,1,0,0,4,5,4,1,5,0,0,0,1,0,-1,1,4,1
KR_6762965617,420,1,8,-8,1,4,4,0,1,1,0,2,2,0,-3,2,5,-3,0,3,0,0,0,0,1,1,-1,0,0,-1,-1,0,-1,4,1
KR_6672767873,420,3,-3,24,9,5,5,0,4,4,0,-1,2,3,2,2,0,-1,0,1,0,14,36,-1,2,1,1,0,0,1,1,0,-1,4,1
KR_6730309715,440,0,-13,2,-4,-3,1,4,1,4,3,2,3,1,-4,1,5,0,0,0,0,3,7,2,3,5,-1,0,-1,-1,0,-1,1,6,1
KR_6757184500,420,4,24,12,5,1,3,2,-1,1,2,2,4,2,5,5,0,-2,1,3,0,6,-4,-3,7,4,2,0,1,-1,-1,1,1,6,1
KR_6690936089,420,7,67,12,7,5,6,1,2,2,0,0,2,2,-2,3,5,2,2,0,0,6,44,-3,5,2,-20,0,1,-1,1,1,1,4,1
KR_6748701265,420,-3,-50,-1,-5,1,2,1,0,1,1,-4,0,4,0,2,2,-2,0,2,0,-4,123,1,5,6,-4,0,-1,-1,1,-1,-1,4,1
KR_6657324674,420,0,-26,3,0,-3,1,4,-1,3,4,1,5,4,3,3,0,0,0,0,0,5,16,2,2,4,0,0,0,1,1,0,1,2,1
KR_6758812902,420,2,-1,-32,2,2,3,1,1,1,0,0,1,1,1,3,2,-2,0,2,-1,2,-164,3,1,4,-2,0,0,1,-1,0,-1,4,1
KR_6763623980,420,2,83,-4,1,2,3,1,-2,1,3,0,1,1,-1,0,1,2,2,0,0,2,27,1,1,2,-7,0,0,1,1,1,1,4,1
KR_6671438285,440,-4,-58,-20,-4,3,3,0,-3,2,5,-6,0,6,1,3,2,1,1,0,0,0,0,1,1,2,0,0,1,-1,1,1,1,4,1
KR_6729323453,440,-2,-42,-28,0,-2,1,3,1,1,0,0,4,4,2,4,2,-1,2,3,2,5,-10,2,3,5,-1,0,0,-1,-1,1,1,4,1
KR_6735720918,420,-1,6,8,-3,-4,0,4,-1,2,3,-1,3,4,3,4,1,0,1,1,0,-1,30,0,2,2,-2,0,-1,1,1,-1,-1,3,1
KR_6611412748,420,5,103,-11,9,2,5,3,2,4,2,3,8,5,-1,3,4,3,3,0,0,5,-38,3,2,5,16,0,2,0,0,1,-1,0,1
KR_6721884167,440,2,50,24,10,0,1,1,2,4,2,9,11,2,-3,0,3,2,3,1,0,13,-9,-1,3,2,-1,0,2,-1,1,1,-1,2,1
KR_6740917343,420,5,128,8,16,3,4,1,2,5,3,4,5,1,5,5,0,2,3,1,4,18,-5,1,2,3,1,0,1,1,1,1,1,4,1
KR_6665043206,420,2,83,19,7,0,0,0,2,3,1,4,4,0,2,4,2,-1,0,1,0,8,-2,0,2,2,1,0,0,1,-1,0,-1,3,1
KR_6752571441,420,5,154,-16,10,4,6,2,1,3,2,1,3,2,3,4,1,1,1,0,0,8,2,0,2,2,1,0,1,0,-1,1,1,0,1
KR_6752076307,420,-1,-28,4,-2,1,3,2,-1,2,3,0,2,2,1,4,3,-3,1,4,0,-3,1,-1,2,1,3,0,0,1,1,0,-1,3,1
KR_6731083366,420,4,54,40,19,2,3,1,4,6,2,-1,2,3,13,13,0,1,1,0,0,11,-7,-5,6,1,0,0,2,-1,1,1,1,5,1
KR_6619750021,420,0,-82,31,1,0,0,0,1,1,0,0,3,3,-1,0,1,1,2,1,0,-1,-3,-2,3,1,0,0,-1,1,0,-1,1,2,1
KR_6676241488,420,2,10,14,6,1,3,2,2,3,1,0,2,2,0,4,4,3,3,0,0,8,-10,-3,5,2,0,0,0,1,1,0,1,2,1
KR_6706169988,420,3,46,-16,3,4,5,1,-2,4,6,-1,1,2,1,2,1,1,1,0,0,4,-14,1,3,4,4,1,3,-1,1,1,-1,5,1
KR_6754484451,440,2,37,4,6,-1,3,4,0,4,4,4,6,2,5,9,4,-2,0,2,1,14,1,1,3,4,-2,0,2,-1,0,1,1,5,1
KR_6688222551,420,6,62,24,8,-2,0,2,7,8,1,1,2,1,3,4,1,-1,1,2,0,5,5,3,1,4,3,0,0,1,1,1,1,4,1
KR_6738424063,420,3,45,12,7,0,4,4,5,6,1,1,6,5,-2,2,4,3,3,0,-1,6,1,-2,4,2,-1,0,0,1,-1,1,-1,5,1
KR_6718259334,420,7,99,20,16,2,4,2,6,6,0,0,2,2,2,2,0,6,6,0,0,9,-2,1,5,6,1,0,1,1,1,1,1,6,1
KR_6736240525,420,0,63,-3,1,-5,0,5,10,13,3,0,2,2,-4,1,5,0,3,3,-1,1,2,2,2,4,-3,0,1,1,1,1,-1,6,1
KR_6704501978,440,1,16,-17,-2,4,5,1,-2,1,3,-5,1,6,0,0,0,1,2,1,-1,-6,-1,1,1,2,-2,0,2,-1,1,1,-1,1,1
KR_6729468593,420,0,24,20,6,2,3,1,-3,2,5,2,4,2,4,4,0,1,1,0,0,9,3,-2,4,2,3,0,-1,-1,1,-1,-1,5,1
KR_6754175476,420,4,62,-24,2,0,3,3,0,0,0,0,2,2,-1,0,1,3,3,0,0,8,5,2,2,4,1,0,1,1,-1,1,-1,5,1
KR_6655653004,420,5,98,45,0,4,7,3,5,6,1,-12,0,12,1,1,0,2,2,0,1,-8,117,3,1,4,0,0,4,-1,1,1,1,5,1
KR_6760035430,420,-2,20,-12,-6,-1,2,3,-3,0,3,-2,4,6,0,1,1,0,1,1,0,-3,-6,-2,5,3,2,0,0,-1,-1,0,-1,1,1
KR_6658980772,420,2,45,20,7,-2,1,3,-2,1,3,8,8,0,2,3,1,1,1,0,0,8,-283,2,1,3,1,0,1,-1,1,1,-1,6,1
KR_6727973878,440,-1,-18,-31,-6,0,4,4,2,2,0,-9,0,9,-3,2,5,4,4,0,0,-1,0,-1,3,2,5,0,0,0,1,-1,-1,0,1
KR_6650128632,420,-1,-4,-43,-2,0,1,1,0,1,1,-6,2,8,5,5,0,-1,0,1,0,-5,-10,3,2,5,4,0,1,-1,-1,1,-1,2,1
KR_6748096417,420,4,75,-40,5,5,5,0,0,1,1,-1,1,2,1,2,1,0,0,0,0,4,1,-1,6,5,-3,0,1,1,-1,1,-1,4,1
KR_6632782445,420,0,122,4,3,2,4,2,0,3,3,-1,2,3,1,3,2,1,1,0,0,3,2,4,1,5,-2,0,1,1,1,1,1,5,1
KR_6763774369,420,3,-1,1,15,-1,1,2,5,6,1,3,4,1,6,6,0,2,2,0,1,13,-3,4,0,4,1,0,0,1,-1,-1,1,3,1
KR_6681960551,440,3,10,-8,7,1,2,1,3,3,0,4,4,0,0,2,2,-1,1,2,0,6,-2,3,0,3,-3,0,0,1,1,1,-1,5,1
KR_6713842994,420,8,38,24,21,-4,1,5,1,3,2,11,11,0,11,11,0,2,3,1,1,20,0,-3,8,5,5,0,2,1,1,1,1,2,1
KR_6747634596,420,-1,-53,30,0,1,3,2,0,2,2,-1,2,3,1,2,1,-1,1,2,1,7,-24,-1,4,3,3,0,-1,1,-1,-1,1,5,1
KR_6656400643,420,-1,-22,-58,-2,-1,1,2,0,2,2,0,1,1,-1,0,1,0,1,1,0,1,6,4,2,6,-1,0,0,-1,1,1,1,4,1
KR_6753450126,420,2,64,24,4,-5,0,5,2,6,4,2,5,3,2,4,2,3,3,0,0,3,-40,4,2,6,15,0,1,1,-1,1,1,6,1
KR_6671756885,420,6,114,8,10,2,2,0,0,4,4,4,5,1,3,4,1,1,1,0,0,5,-91,-3,6,3,-23,0,2,1,-1,1,1,6,1
KR_6718729759,420,7,91,32,11,2,2,0,5,5,0,3,3,0,2,3,1,-1,1,2,0,9,51,4,2,6,-6,0,1,1,-1,1,1,5,1
KR_6727929961,420,0,-6,0,3,-3,2,5,-4,0,4,2,5,3,8,9,1,0,1,1,-1,6,4,1,0,1,0,0,-2,1,1,-1,-1,1,1
KR_6700208705,420,-2,-4,-12,-4,-3,0,3,-4,0,4,0,2,2,2,2,0,1,2,1,0,-3,3,2,0,2,2,0,0,-1,-1,1,-1,2,1
KR_6732282408,420,0,-99,2,2,5,6,1,-1,0,1,-2,2,4,-1,2,3,1,2,1,-1,16,-37,1,2,3,43,0,0,1,-1,-1,-1,1,1
KR_6759303865,420,1,43,0,-1,3,5,2,1,2,1,-2,4,6,-3,0,3,0,0,0,0,1,-12,3,3,6,-1,0,1,0,1,1,1,0,1
KR_6755061312,420,4,149,-2,17,3,3,0,6,6,0,3,4,1,5,6,1,0,2,2,2,18,3,2,3,5,-1,0,2,1,1,1,1,3,1
KR_6690847664,420,1,-1,19,5,3,3,0,-2,4,6,-1,3,4,2,2,0,3,5,2,1,8,127,4,0,4,2,0,2,1,-1,1,1,6,1
KR_6609850374,420,1,30,8,4,-2,0,2,1,4,3,0,5,5,3,3,0,2,3,1,2,10,-10,-2,2,0,11,0,2,1,1,1,1,2,1
KR_6754104996,420,6,65,94,5,5,5,0,1,3,2,1,1,0,-3,1,4,1,1,0,0,9,16,3,0,3,1,0,3,0,1,1,1,0,1
KR_6737538456,420,4,6,19,14,3,3,0,6,8,2,5,5,0,1,3,2,-1,2,3,1,14,-1,-2,4,2,1,0,2,-1,1,1,1,3,1
KR_6759511679,420,0,45,-16,6,1,3,2,0,4,4,0,4,4,2,5,3,3,3,0,0,15,-5,-4,5,1,4,0,0,0,-1,0,-1,0,1
KR_6761555447,440,-3,5,-40,-3,0,1,1,0,2,2,0,1,1,-4,0,4,1,1,0,0,-2,6,3,1,4,-1,0,0,0,0,0,-1,0,1
KR_6727204118,420,1,2,-21,1,-4,2,6,3,3,0,-5,0,5,3,3,0,4,6,2,0,5,4,1,0,1,0,0,0,0,1,-1,1,0,1
KR_6761040759,420,2,-26,44,0,-5,0,5,3,7,4,5,5,0,-3,0,3,0,1,1,0,-7,-4,-7,8,1,0,0,1,1,1,1,1,6,1
KR_6739445743,420,1,32,-28,10,0,1,1,1,3,2,2,5,3,6,6,0,1,1,0,0,14,6,2,2,4,-2,0,1,0,0,1,1,0,1
KR_6619515241,420,0,16,16,5,3,4,1,2,3,1,-1,3,4,1,5,4,0,1,1,0,8,-10,0,3,3,0,0,2,1,-1,1,1,6,1
KR_6735550507,420,1,-22,12,-3,1,1,0,-3,0,3,3,4,1,0,1,1,-4,0,4,0,-5,-29,0,3,3,16,0,-1,1,-1,-1,-1,3,1
KR_6695684780,420,2,50,0,5,1,1,0,4,5,1,-1,2,3,0,3,3,1,3,2,0,3,-7,-2,2,0,2,0,0,0,0,-1,1,0,1
KR_6760643245,440,0,37,-31,-3,-3,0,3,-2,1,3,2,3,1,6,7,1,-6,0,6,0,-1,-11,-1,3,2,-1,0,0,1,1,0,-1,3,1
KR_6717691331,420,1,19,-16,5,5,5,0,2,3,1,-4,1,5,1,3,2,1,1,0,0,6,3,-1,3,2,0,0,0,1,1,0,1,4,1
KR_6705696160,420,-4,33,-24,-1,-3,1,4,0,2,2,6,7,1,2,4,2,-6,0,6,-1,3,0,-3,3,0,0,0,0,0,0,0,-1,0,1
KR_6689042155,420,0,-40,33,4,-1,1,2,2,3,1,5,5,0,-1,1,2,-1,0,1,0,5,229,2,2,4,3,0,0,1,1,0,1,3,1
KR_6724938931,440,2,6,47,6,-2,0,2,-7,1,8,3,4,1,11,13,2,1,1,0,1,4,-10,-1,6,5,8,0,0,1,-1,1,1,2,1
KR_6759405073,420,0,34,-4,4,4,4,0,0,2,2,2,2,0,0,3,3,-2,0,2,0,1,-19,-3,4,1,1,0,0,-1,-1,0,1,1,1
KR_6737605896,420,2,26,6,5,4,4,0,0,3,3,-2,4,6,0,1,1,3,4,1,0,9,11,-5,7,2,2,0,1,1,-1,1,-1,1,1
KR_6630667656,420,2,22,-20,6,1,1,0,1,3,2,0,4,4,0,3,3,4,4,0,0,1,47,2,2,4,-1,0,1,-1,1,1,-1,2,1
KR_6752507224,420,1,-13,2,3,0,0,0,3,3,0,0,2,2,-2,4,6,2,4,2,1,4,-37,1,3,4,33,0,-2,1,-1,-1,1,2,1
KR_6758735627,420,1,-19,2,5,0,1,1,0,2,2,0,3,3,2,2,0,3,4,1,0,0,0,3,0,3,3,0,0,-1,0,-1,1,6,1
KR_6764474093,420,6,73,9,5,-2,0,2,4,6,2,2,4,2,1,2,1,0,1,1,0,4,-8,-2,6,4,3,0,2,1,1,1,-1,6,1
KR_6759942600,420,4,62,-4,6,3,4,1,0,2,2,7,7,0,-3,1,4,-1,1,2,0,-5,-18,-4,5,1,2,0,1,1,1,1,-1,1,1
KR_6747065336,420,3,76,7,4,-1,2,3,5,5,0,-4,0,4,2,2,0,2,2,0,0,1,10,1,1,2,-1,0,0,0,1,0,-1,0,1
KR_6742152753,420,4,73,-4,3,0,0,0,-4,0,4,3,4,1,5,6,1,-1,1,2,0,7,18,6,2,8,-14,0,0,1,-1,0,-1,4,1
KR_6652083130,420,-1,-29,7,1,0,3,3,0,1,1,1,1,0,1,2,1,-1,1,2,0,0,6,2,2,4,0,0,0,-1,0,0,1,1,1
KR_6651658460,420,-1,32,9,-6,3,4,1,-2,1,3,-2,1,3,-3,0,3,-2,0,2,-2,-8,1,-1,4,3,-1,0,1,-1,1,1,-1,5,1
KR_6736216517,420,7,10,13,15,1,2,1,6,7,1,-1,2,3,6,7,1,3,3,0,0,14,245,3,0,3,4,0,1,1,0,1,1,1,1
KR_6688426518,420,2,26,12,7,-3,1,4,4,5,1,5,5,0,1,1,0,0,2,2,0,6,43,-1,5,4,-22,0,0,1,1,0,1,2,1
KR_6612947913,420,-1,0,20,2,-1,2,3,-2,0,2,5,6,1,1,1,0,-1,0,1,0,2,-3,-2,6,4,4,0,2,1,1,1,1,4,1
KR_6740744669,420,5,50,12,11,4,4,0,-2,2,4,0,1,1,8,9,1,1,2,1,0,6,40,4,1,5,-17,0,1,1,-1,1,1,3,1
KR_6718297713,440,4,14,0,3,-1,1,2,-4,0,4,3,6,3,6,6,0,-1,0,1,0,5,51,0,4,4,-23,0,-2,1,-1,1,1,6,1
KR_6705365650,440,5,146,16,23,2,3,1,6,7,1,2,2,0,2,3,1,11,12,1,2,16,0,0,1,1,0,0,1,0,0,1,1,0,1
KR_6665485438,420,0,12,-8,4,-3,0,3,-2,1,3,5,6,1,4,5,1,0,1,1,0,7,0,2,4,6,3,0,1,-1,1,1,-1,1,1
KR_6745708953,420,0,21,-10,4,3,5,2,2,4,2,-5,0,5,1,1,0,3,3,0,1,3,-147,2,2,4,3,0,0,1,-1,1,1,4,1
KR_6752075437,420,3,23,-21,13,1,4,3,-1,1,2,2,3,1,7,7,0,4,4,0,0,12,259,-1,1,0,-1,0,2,-1,1,1,-1,3,1
KR_6354543311,440,-2,-34,4,-6,-1,1,2,-4,0,4,0,4,4,0,3,3,-1,0,1,0,-5,0,0,0,0,1,0,0,-1,0,0,1,1,1
KR_6652265688,420,-1,31,-4,-1,0,2,2,2,3,1,0,4,4,1,2,1,-4,0,4,0,6,1,-1,1,0,-1,0,0,1,1,0,1,5,1
KR_6675758712,440,3,84,28,8,2,4,2,6,7,1,0,2,2,0,2,2,0,2,2,0,9,36,1,2,3,-23,0,2,1,0,1,1,2,1
KR_6727930057,420,0,49,-16,5,0,0,0,1,4,3,1,2,1,0,1,1,3,3,0,0,7,-25,-1,6,5,32,0,1,-1,1,1,1,3,1
KR_6746415110,420,1,-66,36,0,-1,1,2,2,5,3,-1,1,2,-2,3,5,2,5,3,1,0,4,2,2,4,-5,0,0,-1,1,0,1,5,1
KR_6639635231,440,2,-31,2,11,-5,0,5,5,6,1,-1,0,1,9,11,2,3,3,0,0,15,-3,3,2,5,0,0,0,1,1,1,1,3,1
KR_6693073230,420,3,99,10,-4,3,4,1,3,5,2,-2,0,2,-5,0,5,-3,1,4,0,-11,43,4,1,5,-17,0,1,1,-1,1,1,6,1
KR_6639654889,440,-1,6,-18,-6,-4,0,4,-3,1,4,-1,4,5,1,4,3,1,1,0,0,0,-2,0,1,1,-1,0,0,1,0,0,-1,3,1
KR_6758707319,420,6,29,63,11,0,0,0,1,1,0,7,8,1,4,4,0,-1,0,1,0,8,-5,2,0,2,4,0,1,1,1,1,1,2,1
KR_6761345831,420,7,83,4,19,6,6,0,2,4,2,5,6,1,5,5,0,1,2,1,0,17,11,2,0,2,0,0,0,1,1,1,1,2,1
KR_6758448765,440,7,45,-12,17,5,6,1,0,1,1,10,10,0,3,3,0,-1,0,1,1,4,-2,0,3,3,1,0,2,0,1,1,1,0,1
KR_6753142463,420,1,13,-64,5,2,3,1,0,1,1,1,1,0,2,4,2,0,2,2,-1,6,-7,-2,4,2,1,0,-1,0,-1,-1,-1,0,1
KR_6714238483,420,2,-18,20,7,-2,1,3,1,2,1,3,3,0,3,3,0,2,2,0,0,7,9,-1,6,5,-1,0,0,1,1,-1,1,6,1
KR_6762011246,420,1,81,5,-6,3,4,1,-2,3,5,-2,0,2,-5,2,7,0,1,1,0,-2,14,2,1,3,0,0,1,1,-1,-1,-1,3,1
KR_6630588444,420,0,-51,0,6,-1,0,1,-1,1,2,7,8,1,1,3,2,0,1,1,2,4,-300,2,2,4,-1,0,-1,1,-1,-1,1,2,1
KR_6761042275,420,5,38,8,8,2,3,1,-1,3,4,11,13,2,-2,0,2,-2,1,3,0,2,-30,3,0,3,14,0,1,1,-1,1,1,6,1
KR_6651336450,420,0,22,-8,2,0,0,0,-8,3,11,2,2,0,4,5,1,4,4,0,0,9,-3,-4,4,0,3,0,2,1,1,1,1,3,1
KR_6606840940,420,-1,22,-1,6,4,4,0,-3,1,4,2,3,1,4,5,1,-1,0,1,0,2,12,1,1,2,1,0,1,-1,1,1,-1,1,1
KR_6740283457,420,3,43,-4,9,1,1,0,0,3,3,9,9,0,-1,2,3,0,1,1,0,8,-222,-1,5,4,0,0,0,1,-1,0,1,4,1
KR_6715170712,420,3,15,-4,6,0,1,1,-3,2,5,1,2,1,7,8,1,1,2,1,-1,5,95,-4,4,0,-1,0,1,-1,1,1,-1,6,1
KR_6759566375,420,-1,-100,-2,-3,0,2,2,-1,2,3,-1,2,3,-1,2,3,0,1,1,0,-1,2,3,2,5,-3,0,0,-1,1,0,-1,5,1
KR_6646046725,420,4,105,12,8,0,1,1,5,5,0,1,4,3,3,8,5,-1,3,4,1,7,-6,3,1,4,-2,0,2,1,0,1,1,3,1
KR_6736347531,420,5,19,16,11,-3,0,3,5,6,1,3,4,1,3,4,1,3,3,0,0,8,-12,0,2,2,1,0,1,0,0,1,1,0,1
KR_6706261682,420,5,43,-2,19,2,2,0,3,6,3,4,4,0,9,9,0,1,4,3,2,12,14,0,0,0,0,0,1,1,1,1,1,1,1
KR_6680498967,420,2,2,32,6,-2,1,3,-4,1,5,1,2,1,11,11,0,0,1,1,0,0,5,2,2,4,0,0,1,1,1,1,1,6,1
KR_6735552148,420,3,28,-8,3,1,2,1,-1,2,3,-1,1,2,4,4,0,0,2,2,0,2,-2,-4,5,1,1,0,0,1,-1,-1,-1,5,1
KR_6557798582,440,2,-45,6,9,-2,1,3,4,6,2,-2,3,5,5,7,2,4,4,0,0,12,0,3,4,7,2,0,-1,1,-1,1,-1,1,1
KR_6704185206,420,1,9,-4,13,5,5,0,3,3,0,1,1,0,1,4,3,3,3,0,1,12,3,-3,4,1,-1,0,0,1,1,0,1,6,1
KR_6761583062,440,2,50,8,8,2,3,1,4,4,0,-1,1,2,-3,1,4,6,6,0,0,5,23,0,2,2,-3,0,0,1,0,0,-1,6,1
KR_6688612526,420,0,-5,8,-1,5,5,0,-3,3,6,-7,2,9,1,2,1,3,4,1,0,0,0,-2,4,2,0,0,1,-1,-1,1,1,3,1
KR_6731210527,420,1,45,-24,7,6,8,2,1,1,0,2,2,0,-3,2,5,1,1,0,0,2,1,5,1,6,2,0,0,0,1,1,-1,0,1
KR_6756798921,420,0,-4,24,3,-5,2,7,3,5,2,3,3,0,1,1,0,1,2,1,-1,3,-206,-1,6,5,3,0,-1,1,-1,-1,-1,1,1
KR_6748349314,420,4,90,-24,10,2,2,0,2,2,0,0,3,3,2,4,2,4,4,0,0,10,9,3,0,3,0,0,1,0,0,1,1,0,1
KR_6660451904,420,2,20,16,5,-1,1,2,-2,2,4,1,2,1,6,7,1,1,2,1,0,5,-24,2,1,3,1,0,0,1,-1,0,1,3,1
KR_6738388381,420,3,44,16,4,-1,1,2,5,5,0,0,2,2,0,1,1,0,0,0,0,5,-29,2,0,2,13,0,1,1,-1,1,1,1,1
KR_6760742546,420,1,11,22,6,4,5,1,3,4,1,-2,2,4,1,1,0,0,2,2,-1,8,27,6,1,7,-1,0,1,1,1,1,-1,1,1
KR_6758487462,420,3,47,-24,10,3,5,2,3,8,5,2,4,2,2,4,2,0,3,3,0,11,-14,3,3,6,7,0,3,0,1,1,1,0,1
KR_6737548887,440,0,-34,-5,2,1,2,1,-3,0,3,1,1,0,3,4,1,0,4,4,0,0,413,-1,4,3,-1,0,-1,1,-1,-1,1,5,1
KR_6757369750,420,1,34,0,0,-3,1,4,-4,3,7,6,8,2,0,2,2,1,3,2,-1,2,-8,0,0,0,-1,0,2,1,1,1,-1,5,1
KR_6764223047,440,5,63,30,10,1,2,1,4,4,0,4,4,0,0,6,6,1,1,0,0,9,77,4,0,4,-1,0,0,0,1,1,1,0,1
KR_6611812682,420,0,5,-8,5,0,3,3,5,6,1,2,3,1,0,5,5,-2,1,3,1,10,-7,-1,4,3,2,0,-1,1,1,-1,1,2,1
KR_6745815083,440,2,75,-24,7,-1,1,2,4,5,1,6,6,0,0,1,1,-2,1,3,0,6,53,-2,6,4,-30,0,1,1,1,1,1,1,1
KR_6761336549,420,3,17,32,3,3,5,2,1,1,0,1,5,4,0,2,2,-2,0,2,1,-8,-14,-4,4,0,0,0,0,1,1,1,1,1,1
KR_6746645462,420,4,50,12,1,1,1,0,-1,3,4,0,2,2,0,3,3,1,1,0,0,6,6,1,2,3,0,0,0,1,-1,0,-1,4,1
KR_6725749092,420,3,78,4,13,2,3,1,-2,1,3,6,8,2,6,7,1,1,2,1,1,6,-15,-1,4,3,3,0,1,1,0,1,1,1,1
KR_6727428556,420,3,56,25,2,3,3,0,-2,2,4,-1,1,2,2,6,4,0,2,2,-2,-7,-194,0,4,4,-1,0,-1,1,-1,-1,-1,2,1
KR_6759278850,420,6,83,0,13,1,4,3,0,2,2,7,7,0,4,4,0,1,1,0,1,6,14,4,2,6,-2,0,3,0,1,1,1,0,1
KR_6714297887,420,1,-55,29,-5,-6,0,6,-2,1,3,2,3,1,0,3,3,1,1,0,-1,-2,-122,3,3,6,1,0,1,1,1,-1,-1,3,1
KR_6597475749,420,4,66,6,14,3,4,1,3,4,1,1,3,2,8,11,3,-1,1,2,0,9,21,2,1,3,-2,0,2,1,1,1,1,1,1
KR_6647914628,420,-1,-25,15,4,0,1,1,1,6,5,3,4,1,1,1,0,-1,3,4,0,1,-284,-2,4,2,2,0,0,-1,-1,0,-1,4,1
KR_6504856382,420,-2,-8,-15,-3,-2,1,3,-4,2,6,1,2,1,3,6,3,-1,0,1,0,0,-7,1,2,3,-2,0,0,-1,-1,0,-1,1,1
KR_6614853085,420,0,-38,-5,3,-1,0,1,0,3,3,4,6,2,0,1,1,0,0,0,0,4,14,5,1,6,-6,0,-1,1,1,-1,-1,5,1
KR_6669824419,420,10,152,56,18,-1,2,3,8,8,0,3,3,0,1,1,0,7,7,0,0,7,-5,1,5,6,9,0,4,1,1,1,1,5,1
KR_6711706960,420,-3,-24,-20,-2,0,1,1,-3,0,3,1,3,2,0,0,0,0,0,0,0,-1,-439,-1,2,1,0,0,1,0,1,1,1,0,1
KR_6504992853,420,6,119,16,15,5,6,1,1,1,0,1,3,2,6,7,1,2,2,0,0,7,5,1,1,2,0,0,2,1,1,1,1,5,1
KR_6708261613,420,1,9,23,3,-4,0,4,-1,1,2,8,8,0,1,1,0,-1,0,1,0,-3,26,-6,7,1,-29,0,3,1,1,1,1,3,1
KR_6630557132,420,0,-50,0,1,0,1,1,-3,5,8,-4,0,4,8,9,1,0,0,0,0,2,179,0,6,6,-2,0,0,1,-1,0,1,5,1
KR_6757086105,420,2,67,-12,2,-1,1,2,5,5,0,0,3,3,-3,2,5,1,3,2,0,2,7,4,3,7,-4,0,1,-1,-1,1,1,6,1
KR_6755311183,420,2,2,28,-2,0,2,2,1,4,3,0,0,0,-2,0,2,-1,0,1,0,-7,5,1,2,3,3,0,2,1,1,1,1,2,1
KR_6734102327,420,1,37,8,6,0,1,1,2,2,0,4,4,0,-3,1,4,3,3,0,0,7,3,3,1,4,4,0,0,1,1,1,1,3,1
KR_6708163772,420,1,26,24,-3,3,3,0,0,4,4,0,2,2,-5,2,7,-1,0,1,0,-2,-1,-3,6,3,-2,0,0,1,1,0,1,2,1
KR_6654939899,420,0,-51,2,-3,-2,0,2,-3,0,3,1,2,1,1,1,0,0,2,2,0,1,39,3,0,3,1,0,0,-1,-1,0,-1,6,1
KR_6752577926,420,-1,30,-18,-5,-1,4,5,-2,3,5,-1,2,3,-4,2,6,3,3,0,0,-4,-2,-1,2,1,-1,0,-1,1,-1,-1,-1,4,1
KR_6062562268,420,1,-40,-11,4,0,0,0,0,1,1,-1,1,2,5,5,0,0,0,0,0,3,-5,-4,8,4,2,0,0,-1,-1,0,1,4,1
KR_6755386209,440,-1,-47,12,1,-1,1,2,2,3,1,-1,2,3,0,6,6,1,1,0,0,2,5,-1,3,2,-1,0,0,1,0,0,1,2,1
KR_6758904149,420,4,58,-12,10,1,4,3,3,6,3,1,2,1,4,5,1,1,1,0,-1,5,21,-1,4,3,4,0,1,0,1,1,-1,0,1
KR_6759953704,420,1,-5,28,3,-3,1,4,-1,2,3,4,5,1,3,5,2,0,0,0,0,6,3,-3,4,1,-5,0,-1,-1,1,-1,1,5,1
KR_6737288760,420,7,29,38,15,-1,0,1,14,14,0,3,4,1,1,9,8,-2,0,2,1,11,62,-6,11,5,-9,0,2,1,1,1,1,4,1
KR_6718393092,420,4,72,6,5,4,4,0,-2,1,3,-1,3,4,3,3,0,1,1,0,0,5,10,5,2,7,0,0,1,1,0,1,-1,2,1
KR_6761326182,420,-2,-46,-27,3,-3,0,3,5,6,1,0,2,2,0,1,1,1,1,0,0,11,-56,-4,5,1,25,0,0,0,0,0,1,0,1
KR_6762515862,420,0,56,-8,-6,-3,1,4,-1,4,5,1,3,2,-3,0,3,0,0,0,0,-7,162,-3,4,1,-1,0,0,-1,-1,1,1,2,1
KR_6716987411,420,1,13,-12,6,3,7,4,-2,1,3,4,6,2,0,3,3,1,2,1,-1,-4,-20,-1,3,2,-3,0,1,-1,0,1,-1,3,1
KR_6673489603,420,4,21,17,5,0,1,1,0,2,2,3,3,0,-1,1,2,3,4,1,0,-1,-3,1,1,2,-1,0,2,1,1,1,1,2,1
KR_6750285664,420,1,1,-19,6,0,2,2,-1,1,2,4,6,2,0,1,1,3,3,0,0,2,5,0,0,0,2,0,2,1,0,1,1,5,1
KR_6755721863,420,-2,-56,2,3,1,3,2,2,6,4,-2,2,4,1,1,0,1,1,0,0,6,-3,0,4,4,2,0,0,1,1,-1,-1,3,1
KR_6743145954,420,-1,8,-4,0,3,4,1,2,3,1,-4,2,6,-2,1,3,1,1,0,0,-4,-13,-5,6,1,3,0,0,1,1,0,-1,3,1
KR_6764053992,420,-1,52,-8,-9,-7,0,7,-4,0,4,1,3,2,2,2,0,-1,0,1,0,-9,1,1,1,2,0,0,1,-1,1,1,-1,5,1
KR_6755291462,420,-4,-29,-25,-3,3,3,0,-2,1,3,2,7,5,-4,2,6,-2,1,3,0,-6,6,4,0,4,-4,0,-1,-1,-1,-1,1,1,1
KR_6739500341,420,3,37,27,14,5,6,1,-2,2,4,4,4,0,6,7,1,1,4,3,3,12,-16,5,0,5,1,0,1,1,1,1,1,4,1
KR_6757804493,420,2,33,-36,6,2,4,2,-1,0,1,1,2,1,3,4,1,1,1,0,0,6,0,-2,4,2,2,0,1,-1,1,1,-1,6,1
KR_6762235191,420,1,94,-31,5,-1,2,3,-4,3,7,0,3,3,10,10,0,0,1,1,0,3,27,0,3,3,3,0,1,0,0,1,-1,0,1
KR_6757730224,420,3,16,12,1,-2,2,4,1,2,1,7,7,0,-1,1,2,-4,1,5,0,-4,3,-1,3,2,1,0,-1,0,-1,-1,-1,0,1
KR_6641253450,420,2,-51,2,3,0,3,3,-2,3,5,-1,2,3,2,3,1,4,4,0,0,2,0,3,3,6,-3,0,0,1,1,0,-1,5,1
KR_6749526088,420,1,-30,8,4,-2,0,2,2,2,0,-2,0,2,6,6,0,0,0,0,0,7,40,1,3,4,-1,0,1,1,-1,1,-1,6,1
KR_6751243052,440,3,-1,25,9,-1,0,1,4,8,4,3,4,1,1,5,4,2,3,1,1,3,-13,-5,6,1,11,0,2,1,1,1,1,1,1
KR_6762490870,420,6,11,16,6,2,2,0,0,1,1,7,7,0,-3,0,3,0,0,0,-1,-3,-104,0,3,3,-1,0,2,-1,1,1,-1,3,1
KR_6536058967,420,0,-61,-13,3,1,3,2,0,5,5,1,3,2,0,2,2,1,1,0,0,3,37,-2,7,5,0,0,-2,1,-1,-1,1,3,1
KR_6620167768,420,2,3,9,2,0,0,0,2,3,1,-3,1,4,3,4,1,0,2,2,0,5,-12,0,2,2,7,0,1,1,1,1,1,6,1
KR_6638459806,420,2,30,29,2,0,4,4,-1,2,3,0,2,2,2,3,1,1,2,1,0,-5,-33,3,0,3,14,0,0,1,1,0,1,6,1
KR_6656731996,420,4,43,-21,8,3,3,0,1,3,2,6,6,0,-1,4,5,-1,0,1,0,14,-30,1,1,2,17,0,0,1,-1,0,1,2,1
KR_6710375400,440,1,106,13,4,4,5,1,-2,3,5,6,6,0,-1,1,2,-3,0,3,0,7,23,4,3,7,5,0,1,1,-1,1,-1,1,1
KR_6747786749,420,-3,-118,-36,1,1,2,1,4,6,2,-3,3,6,-1,1,2,0,0,0,0,4,-12,0,2,2,-1,0,-1,0,0,-1,1,0,1
KR_6717746791,420,-2,-57,-4,-3,-2,0,2,-2,3,5,-3,2,5,-1,1,2,5,5,0,0,-7,229,-1,3,2,-1,0,0,0,0,1,1,0,1
KR_6746407067,420,-1,-98,-12,-8,1,2,1,-1,4,5,0,3,3,-5,1,6,-3,1,4,0,-5,-5,-3,6,3,-2,0,0,0,0,1,-1,0,1
KR_6694375699,440,6,111,8,12,2,2,0,3,3,0,3,3,0,6,6,0,-2,0,2,0,15,-105,-3,3,0,1,0,1,1,0,1,1,2,1
KR_6756795290,420,1,53,-8,5,3,3,0,1,2,1,-2,2,4,8,9,1,-5,0,5,0,2,9,3,0,3,0,0,1,0,1,1,-1,0,1
KR_6670327216,420,0,24,16,4,-1,3,4,3,4,1,0,2,2,5,6,1,-3,0,3,-1,9,-1,1,2,3,1,0,0,-1,1,0,-1,5,1
KR_6648902881,420,-1,43,15,1,3,3,0,-4,0,4,0,2,2,1,6,5,1,2,1,0,-2,1,-4,7,3,3,0,1,-1,1,1,1,2,1
KR_6762074689,440,-1,-20,-16,-1,-3,0,3,3,5,2,-1,1,2,0,5,5,0,0,0,0,7,-7,0,4,4,1,0,0,1,1,0,-1,4,1
KR_6704761345,420,-1,-59,-4,-5,-4,2,6,0,1,1,-2,3,5,1,1,0,0,1,1,-2,-3,205,-3,7,4,0,0,0,-1,1,0,-1,4,1
KR_6740860620,420,-2,-36,-7,-4,1,3,2,-3,2,5,-1,3,4,1,2,1,-2,0,2,0,-1,-10,1,0,1,1,0,-1,1,1,-1,1,3,1
KR_6741438677,420,4,49,-4,3,2,3,1,1,1,0,0,3,3,0,1,1,0,0,0,-1,2,-2,0,3,3,0,0,1,1,0,1,-1,1,1
KR_6717271769,420,4,76,30,8,2,3,1,1,1,0,7,8,1,-3,0,3,1,1,0,0,4,2,0,4,4,1,0,2,1,1,1,-1,6,1
KR_6760496277,420,4,-20,41,9,0,3,3,0,1,1,4,6,2,3,4,1,2,3,1,0,11,-14,-1,2,1,-3,0,1,1,-1,1,-1,1,1
KR_6725020931,420,2,-25,12,9,4,4,0,2,4,2,3,4,1,-2,0,2,2,3,1,0,6,0,0,2,2,-3,0,0,1,0,0,1,5,1
KR_6643410365,420,-1,-15,-9,-6,2,5,3,0,3,3,-6,3,9,-1,2,3,-1,0,1,0,-3,-1,1,3,4,1,0,0,-1,1,-1,-1,1,1
KR_6664058012,420,2,33,-8,0,0,2,2,-3,0,3,-1,3,4,1,2,1,3,3,0,0,5,3,-3,3,0,-1,0,1,-1,1,1,-1,1,1
KR_6743644765,420,1,-3,-4,3,0,0,0,-2,0,2,5,5,0,-1,1,2,1,5,4,0,6,-1,-1,3,2,1,0,0,-1,1,0,1,2,1
KR_6728198013,440,2,-22,27,7,-1,1,2,2,4,2,7,7,0,0,0,0,-1,0,1,0,6,54,7,2,9,-4,0,-1,-1,1,1,-1,6,1
KR_6744308693,420,0,-25,-4,3,1,3,2,4,5,1,-3,1,4,-2,2,4,3,3,0,0,5,-18,0,4,4,1,0,1,1,1,1,1,6,1
KR_6591128992,420,4,35,23,11,5,6,1,6,7,1,0,3,3,0,3,3,0,0,0,0,14,9,3,3,6,0,0,1,1,1,1,-1,6,1
KR_6753110449,420,0,-7,9,1,0,1,1,-3,0,3,6,6,0,-1,3,4,-1,2,3,-1,-6,14,0,1,1,2,0,0,-1,0,0,-1,4,1
KR_6598487132,420,6,163,12,19,2,2,0,2,2,0,1,4,3,13,14,1,1,4,3,1,26,-8,1,2,3,2,0,1,1,1,1,1,5,1
KR_6760866820,420,2,-67,16,4,1,5,4,-3,1,4,9,9,0,-4,0,4,1,1,0,0,-1,-109,0,3,3,-2,0,1,-1,1,1,-1,2,1
KR_6760235456,420,0,3,16,-3,-3,0,3,-1,0,1,4,6,2,-1,3,4,-2,0,2,-1,-6,72,0,3,3,0,0,-1,-1,-1,-1,-1,5,1
KR_6702077895,420,8,155,41,8,1,2,1,-1,2,3,2,5,3,3,3,0,3,4,1,0,12,-4,1,1,2,1,0,4,1,1,1,1,5,1
KR_6746382341,420,-2,-37,-16,-4,1,4,3,3,3,0,-5,2,7,0,3,3,-3,0,3,0,8,2,-3,4,1,0,0,-1,-1,-1,-1,1,3,1
KR_6716696830,420,0,-38,96,0,0,1,1,-3,3,6,6,6,0,-1,0,1,-2,0,2,0,-2,-17,1,0,1,3,0,0,1,0,-1,-1,4,1
KR_6740391030,420,2,78,28,8,0,1,1,0,2,2,-2,1,3,7,10,3,3,3,0,2,13,4,0,3,3,0,0,1,-1,-1,1,1,6,1
KR_6750837863,420,3,104,-7,5,4,4,0,3,3,0,3,7,4,2,5,3,-7,0,7,0,0,5,3,1,4,1,0,2,0,1,1,-1,0,1
KR_6738167547,420,-1,43,-6,-4,0,3,3,-4,0,4,-1,1,2,-2,2,4,3,4,1,0,-7,-5,-2,5,3,0,0,1,-1,1,1,-1,6,1
KR_6378204577,420,5,22,37,16,3,4,1,-1,3,4,3,3,0,7,7,0,4,5,1,0,9,-21,-2,3,1,0,0,1,0,1,1,1,0,1
KR_6732914872,420,1,-5,66,0,5,5,0,4,6,2,0,4,4,-4,1,5,-5,0,5,0,-1,11,-1,4,3,-2,0,0,1,1,-1,1,5,1
KR_6682251600,420,-2,-33,-8,0,2,3,1,-1,2,3,1,6,5,-2,2,4,0,1,1,0,-6,-2,-2,4,2,-2,0,1,-1,1,1,-1,2,1
KR_6737911659,420,-3,-13,-48,-1,1,2,1,0,4,4,3,4,1,-2,3,5,-3,1,4,0,5,18,1,2,3,-2,0,0,-1,1,1,1,1,1
KR_6718750218,420,1,54,-45,4,0,2,2,3,4,1,-3,0,3,6,7,1,-2,1,3,0,3,14,1,2,3,-6,0,0,0,1,0,1,0,1
KR_6706804981,420,4,44,32,9,0,0,0,-1,1,2,8,9,1,2,3,1,0,1,1,0,-3,3,1,0,1,2,0,1,1,0,1,-1,4,1
KR_6755682082,420,-1,-45,-1,1,0,2,2,0,2,2,-2,0,2,3,3,0,0,0,0,1,6,-14,2,2,4,-2,0,-1,-1,-1,-1,1,4,1
KR_6759544426,420,3,4,-16,13,7,7,0,2,3,1,1,4,3,2,3,1,1,2,1,1,11,1,1,3,4,2,0,1,1,0,1,1,2,1
KR_6685761922,420,2,6,25,1,-3,1,4,1,1,0,2,3,1,1,1,0,0,0,0,0,4,-35,-1,3,2,17,0,0,1,1,1,1,6,1
KR_6703368274,420,2,-24,-8,3,3,3,0,0,3,3,2,2,0,-1,1,2,-1,1,2,1,3,-232,2,2,4,3,0,0,1,0,0,1,1,1
KR_6710756664,420,1,-5,8,2,1,2,1,1,2,1,-3,1,4,2,4,2,1,2,1,0,2,-11,-2,5,3,6,0,0,1,1,1,1,5,1
KR_6727894755,420,4,33,10,3,2,2,0,-2,2,4,0,0,0,5,6,1,-2,0,2,0,6,39,-1,2,1,-1,0,0,1,-1,0,1,1,1
KR_6760980975,420,2,-2,-16,3,4,5,1,2,4,2,-3,1,4,0,1,1,0,1,1,-1,4,1,-2,3,1,2,0,0,1,-1,-1,-1,6,1
KR_6671782245,420,3,62,-4,11,3,3,0,1,1,0,3,3,0,4,5,1,0,0,0,0,10,4,-1,3,2,-1,0,0,1,0,0,1,6,1
KR_6717105453,420,0,-5,-16,-5,0,2,2,-6,0,6,1,2,1,0,1,1,0,2,2,0,-6,10,5,0,5,-5,0,-1,0,0,-1,-1,0,1
KR_6721016623,420,1,-34,-4,1,1,1,0,-2,1,3,4,5,1,-1,2,3,-1,0,1,-1,-5,3,-2,5,3,-6,0,-1,-1,1,-1,-1,3,1
KR_6748840255,420,0,34,4,3,0,1,1,2,3,1,0,1,1,3,5,2,-2,0,2,0,3,4,1,3,4,-2,0,0,0,0,0,1,0,1
KR_6715124445,420,4,28,37,9,-1,0,1,4,5,1,2,3,1,3,5,2,1,2,1,0,0,-8,-3,3,0,2,0,0,1,-1,0,1,4,1
KR_6684164708,440,6,106,-4,16,6,6,0,0,2,2,0,3,3,9,9,0,1,1,0,1,12,4,4,0,4,6,0,2,1,1,1,1,1,1
KR_6758984681,420,2,55,-2,10,2,4,2,0,2,2,3,4,1,5,7,2,0,1,1,0,10,-14,0,4,4,1,0,2,1,1,1,1,2,1
KR_6737152530,420,0,37,-7,-2,5,5,0,-1,2,3,1,2,1,-6,0,6,-1,0,1,0,-9,-3,-3,3,0,1,0,0,0,-1,0,1,0,1
KR_6747715583,420,0,58,-4,-1,3,4,1,0,2,2,-2,0,2,-1,2,3,-1,2,3,1,-1,-17,-2,5,3,2,0,-1,-1,1,-1,1,1,1
KR_6705191475,420,2,24,5,-1,0,1,1,8,8,0,-2,1,3,-6,0,6,-1,0,1,0,-3,-2,-1,5,4,2,0,1,-1,1,1,-1,3,1
KR_6735154936,420,-1,-27,28,-4,0,2,2,2,2,0,-4,2,6,-2,1,3,0,0,0,0,-2,-15,3,3,6,5,0,0,1,-1,-1,1,1,1
KR_6761868917,420,1,62,16,-6,-4,0,4,-2,2,4,1,4,3,1,3,2,-2,1,3,0,-1,0,0,4,4,3,0,1,-1,1,1,1,5,1
KR_6656829669,420,0,-49,-21,2,-3,0,3,1,2,1,2,3,1,1,2,1,1,2,1,0,5,8,5,1,6,-4,0,1,-1,1,1,-1,4,1
KR_6761645780,440,-1,-35,-36,-5,-2,0,2,-2,0,2,1,2,1,-3,8,11,1,1,0,0,11,-8,-1,4,3,1,0,-2,-1,-1,-1,-1,2,1
KR_6712408306,420,1,34,15,1,-5,0,5,1,5,4,1,2,1,0,0,0,4,4,0,0,3,-5,-7,8,1,3,0,0,1,-1,1,1,6,1
KR_6726893430,420,5,9,31,9,3,4,1,0,3,3,-3,2,5,5,6,1,4,5,1,0,0,223,2,1,3,-1,0,0,-1,1,0,-1,1,1
KR_6706691547,420,-1,28,0,0,4,5,1,1,6,5,-2,3,5,-2,1,3,-1,0,1,0,-4,-13,2,0,2,-4,0,0,-1,-1,0,1,6,1
KR_6761122350,440,1,-44,-13,8,1,3,2,-1,1,2,1,4,3,5,5,0,2,3,1,0,15,11,5,2,7,-1,0,1,1,0,1,1,1,1
KR_6740164521,420,2,29,8,6,-3,3,6,-1,2,3,4,5,1,6,8,2,0,0,0,-1,6,-18,-1,8,7,3,0,-1,1,-1,-1,-1,3,1
KR_6744006830,420,7,112,4,21,7,9,2,0,0,0,4,4,0,5,6,1,5,5,0,1,17,9,0,4,4,-1,0,2,1,1,1,1,2,1
KR_6759916001,420,4,68,32,8,5,7,2,-1,2,3,3,5,2,1,2,1,0,0,0,0,5,3,3,1,4,0,0,2,-1,-1,1,1,1,1
KR_6713743165,420,-1,64,-4,-2,-1,2,3,-5,1,6,3,4,1,4,4,0,-3,1,4,0,0,3,2,3,5,1,0,0,0,-1,0,-1,0,1
KR_6628778008,420,-2,-57,-15,1,-2,2,4,1,5,4,1,2,1,0,2,2,1,1,0,0,8,-5,2,0,2,2,0,0,0,-1,1,-1,0,1
KR_6762458483,420,5,104,12,16,4,6,2,0,4,4,2,3,1,6,6,0,4,7,3,1,11,-12,-1,1,0,0,0,3,0,1,1,1,0,1
KR_6627034167,420,-1,20,0,-3,4,4,0,-3,2,5,-3,1,4,-1,2,3,0,1,1,0,-5,4,-1,2,1,-4,0,0,0,-1,0,-1,0,1
KR_6759777543,420,3,97,34,8,5,6,1,0,2,2,0,2,2,2,4,2,1,1,0,0,3,13,-1,5,4,4,0,1,1,1,1,1,1,1
KR_6761519155,420,2,31,16,7,-1,0,1,2,2,0,-1,3,4,5,8,3,2,4,2,3,1,24,0,2,2,5,0,1,1,1,1,1,1,1
KR_6763544728,440,-2,-24,-6,-6,3,4,1,-2,3,5,-5,1,6,-1,1,2,-1,2,3,0,-2,-274,3,2,5,-7,0,0,1,1,0,-1,3,1
KR_6762156764,420,0,35,20,0,-4,0,4,-2,0,2,0,2,2,2,6,4,4,5,1,2,0,-1,-2,2,0,-3,0,0,1,1,0,1,4,1
KR_6707500501,420,2,58,5,9,4,5,1,5,5,0,3,5,2,-2,5,7,-1,0,1,3,11,-178,1,4,5,0,0,2,0,1,1,1,0,1
KR_6620888843,420,-3,-57,12,-10,0,1,1,2,4,2,-6,1,7,-5,2,7,-1,0,1,-3,-9,-2,-6,7,1,2,0,-1,-1,-1,-1,-1,3,1
KR_6751101157,420,1,2,36,8,-5,1,6,5,6,1,0,2,2,9,10,1,-1,1,2,0,8,14,0,1,1,3,0,-1,1,1,-1,-1,4,1
KR_6684274847,440,1,96,14,2,4,4,0,0,5,5,1,4,3,-2,2,4,-1,0,1,-1,-11,-7,-3,7,4,5,0,3,1,1,1,-1,4,1
KR_6613954967,420,2,46,-23,3,-1,1,2,0,3,3,5,5,0,0,3,3,-1,2,3,0,1,343,3,2,5,2,0,0,-1,0,0,1,4,1
KR_6720596756,420,3,92,4,9,2,2,0,3,8,5,-2,1,3,5,6,1,1,5,4,1,9,-81,0,1,1,3,0,1,1,-1,1,1,6,1
KR_6762889611,420,6,83,61,18,2,4,2,6,6,0,2,2,0,9,10,1,-1,1,2,0,16,-45,7,0,7,-21,0,3,1,1,1,1,3,1
KR_6724242751,420,-1,-22,-35,5,-1,1,2,4,5,1,1,2,1,2,4,2,-1,1,2,0,13,-13,4,1,5,5,0,0,-1,-1,0,-1,6,1
KR_6665623083,420,4,64,28,5,-3,0,3,1,4,3,3,3,0,4,4,0,0,1,1,0,4,261,1,2,3,3,0,0,1,1,0,-1,4,1
KR_6720752936,420,2,9,4,2,-1,1,2,2,3,1,2,2,0,0,1,1,-1,0,1,0,1,11,1,2,3,1,0,0,1,1,0,-1,5,1
KR_6762974584,420,2,53,20,0,2,3,1,2,4,2,-5,4,9,0,3,3,1,1,0,0,-6,20,-3,5,2,-21,0,0,-1,1,1,1,4,1
KR_6764369351,420,0,30,16,2,0,2,2,0,5,5,2,4,2,-1,1,2,1,2,1,1,1,-344,-1,4,3,0,0,1,0,1,1,1,0,1
KR_6728889197,420,8,103,-16,4,4,4,0,-2,5,7,5,5,0,-1,1,2,-2,0,2,0,8,-1,0,0,0,0,0,1,1,-1,1,1,1,1
KR_6696650703,420,3,85,28,-1,3,4,1,-3,0,3,-5,0,5,1,2,1,3,3,0,0,-3,4,0,3,3,4,0,1,0,-1,1,1,0,1
KR_6695688865,420,3,-13,8,5,-1,2,3,4,5,1,0,3,3,-2,2,4,4,4,0,0,12,4,-2,3,1,-2,0,-1,1,0,-1,-1,1,1
KR_6751465491,420,6,64,8,14,-2,1,3,6,7,1,8,8,0,1,4,3,1,1,0,0,15,-12,1,4,5,-4,0,2,1,1,1,1,4,1
KR_6751865864,420,-2,-56,12,-9,-7,1,8,-2,2,4,3,4,1,-3,3,6,0,1,1,0,0,-42,2,1,3,14,0,0,-1,-1,0,1,4,1
KR_6643394246,420,2,32,12,6,1,2,1,2,2,0,2,2,0,0,3,3,1,1,0,0,0,9,5,3,8,-5,0,1,1,-1,1,1,1,1
KR_6740469755,420,3,32,-36,2,-6,2,8,2,2,0,0,3,3,3,5,2,3,4,1,1,11,-14,3,3,6,0,0,2,-1,1,1,1,1,1
KR_6760225338,420,1,20,22,-2,1,1,0,-3,2,5,-1,0,1,0,1,1,1,2,1,0,-3,-2,-3,6,3,4,0,0,1,0,0,1,1,1
KR_6756404099,420,1,-37,1,0,-1,2,3,3,3,0,-6,0,6,4,5,1,0,1,1,0,5,25,-2,4,2,-1,0,1,-1,-1,-1,-1,2,1
KR_6670236324,420,5,23,47,14,1,2,1,2,5,3,6,8,2,3,6,3,2,4,2,0,8,-31,0,3,3,16,0,2,1,1,1,1,1,1
KR_6685479577,420,1,44,3,3,-1,1,2,-1,1,2,-1,1,2,2,5,3,4,4,0,0,6,12,5,0,5,-3,0,1,-1,1,1,1,2,1
KR_6627738358,420,4,54,20,3,2,4,2,-6,0,6,5,5,0,3,5,2,-1,0,1,0,2,-13,2,3,5,1,0,1,1,-1,-1,1,5,1
KR_6689123636,420,6,26,12,9,3,4,1,8,8,0,0,1,1,-4,2,6,2,2,0,0,11,-5,-1,4,3,3,0,1,1,-1,1,1,2,1
KR_6758923568,420,5,26,24,12,1,2,1,-1,1,2,7,8,1,3,4,1,2,2,0,1,7,-2,-1,5,4,2,0,2,1,0,1,1,5,1
KR_6658838833,420,0,-41,-20,1,-5,0,5,1,6,5,0,7,7,5,5,0,0,0,0,1,6,-5,-2,4,2,-4,0,0,-1,0,0,1,1,1
KR_6620233743,420,-2,-48,2,0,5,5,0,0,2,2,-2,4,6,-3,0,3,0,1,1,0,-10,-19,2,1,3,-3,0,0,-1,1,-1,-1,6,1
KR_6525863463,420,4,-7,24,12,6,6,0,1,2,1,5,7,2,3,4,1,-3,0,3,0,7,-3,-4,6,2,5,0,1,1,1,-1,-1,5,1
KR_6760046557,420,-1,8,0,-3,0,3,3,2,4,2,-2,4,6,0,0,0,-3,0,3,-1,0,9,3,3,6,-4,0,-1,1,-1,-1,-1,3,1
KR_6622813935,420,0,29,6,6,4,4,0,-1,1,2,-3,1,4,4,7,3,2,3,1,2,7,7,1,1,2,3,0,1,1,1,1,1,5,1
KR_6639764199,420,4,38,5,9,-4,1,5,-1,4,5,-1,1,2,8,9,1,7,7,0,-1,23,1,3,0,3,-1,0,1,-1,-1,1,-1,3,1
KR_6670816899,420,-2,-47,34,-3,-5,0,5,0,4,4,-2,2,4,2,2,0,2,2,0,0,3,-6,-3,6,3,0,0,-1,0,0,-1,-1,0,1
KR_6761196031,420,3,-15,24,11,1,2,1,2,6,4,1,2,1,6,6,0,1,2,1,0,10,7,-2,5,3,-3,0,0,1,0,0,1,4,1
KR_6629293974,420,-2,9,-4,-5,-1,0,1,-2,0,2,2,2,0,-5,2,7,1,6,5,0,-14,-6,2,2,4,3,0,-1,0,-1,-1,1,0,1
KR_6750596951,440,4,86,50,7,1,2,1,0,2,2,6,8,2,-4,0,4,4,5,1,1,4,58,-1,4,3,-31,0,0,1,1,1,1,1,1
KR_6748994155,420,1,22,28,-5,0,4,4,-2,1,3,-1,3,4,-1,1,2,-1,1,2,0,-13,4,1,1,2,-3,0,0,-1,-1,1,-1,4,1
KR_6693135936,420,-2,-126,0,-2,-2,2,4,3,4,1,-1,1,2,-2,1,3,0,2,2,-1,-2,3,1,3,4,-1,0,-1,1,1,-1,-1,2,1
KR_6762569297,420,-1,-5,16,-2,-5,1,6,1,1,0,-6,1,7,7,9,2,1,2,1,0,1,4,4,0,4,1,0,0,0,0,1,1,0,1
KR_6650974514,420,1,94,15,6,1,1,0,2,5,3,7,9,2,-3,1,4,-1,1,2,0,2,132,1,1,2,-2,0,1,1,1,1,1,3,1
KR_6641823843,420,0,-6,17,-1,1,1,0,1,3,2,-1,1,2,-2,2,4,0,0,0,0,4,-2,1,1,2,-1,0,0,1,0,-1,-1,2,1
KR_6762627282,420,-1,22,-12,3,-4,1,5,1,2,1,3,4,1,2,3,1,1,3,2,0,-3,-20,2,0,2,3,0,0,1,-1,0,1,5,1
KR_6760001288,440,2,41,0,10,0,2,2,0,0,0,4,5,1,4,6,2,2,3,1,1,11,0,1,4,5,-4,0,2,1,1,1,1,6,1
KR_6748267139,420,-1,-66,8,-2,-7,1,8,1,2,1,0,3,3,3,3,0,1,1,0,-1,4,-6,0,5,5,1,0,-1,0,1,-1,-1,0,1
KR_6726747472,420,-2,59,-4,-1,0,3,3,0,2,2,1,5,4,-3,0,3,1,1,0,1,1,-4,-1,2,1,2,0,0,1,1,0,1,5,1
KR_6640896536,420,4,121,4,8,-1,2,3,4,5,1,-1,1,2,5,8,3,1,3,2,2,-2,-21,4,0,4,0,0,1,0,-1,1,1,0,1
KR_6669603068,420,4,-5,12,11,-2,0,2,2,2,0,-1,3,4,11,12,1,1,4,3,0,11,-24,2,2,4,3,0,2,-1,1,1,1,1,1
KR_6762339543,440,4,46,-4,-1,4,6,2,-1,2,3,-1,0,1,-3,1,4,0,0,0,0,-2,-18,-1,6,5,3,0,1,1,1,1,-1,6,1
KR_6643613050,420,-1,14,28,8,-1,0,1,-1,1,2,0,2,2,8,9,1,2,2,0,0,13,-4,-5,6,1,6,0,-1,1,1,-1,1,1,1
KR_6732391819,420,3,89,16,8,7,8,1,0,4,4,-1,1,2,2,2,0,0,1,1,0,3,3,5,2,7,-3,0,3,1,1,1,1,4,1
KR_6650634304,420,1,51,29,3,-1,2,3,3,3,0,0,4,4,4,5,1,-3,0,3,1,-5,13,5,0,5,-2,0,1,1,1,1,1,4,1
KR_6712421000,420,-1,10,16,0,-2,0,2,-1,1,2,5,5,0,1,4,3,-3,0,3,0,-1,6,3,2,5,-1,0,1,-1,1,-1,1,6,1
KR_6217661831,420,-4,-48,-20,-7,-2,0,2,-7,1,8,4,4,0,-2,1,3,0,3,3,0,-2,1,1,2,3,-1,0,-1,-1,-1,-1,-1,2,1
KR_6726910208,420,2,45,4,-1,-3,0,3,-2,1,3,2,4,2,5,6,1,-3,1,4,0,1,3,1,1,2,2,0,1,-1,-1,1,1,2,1
KR_6760848936,420,4,54,0,6,-2,1,3,1,1,0,6,6,0,-1,2,3,2,3,1,-1,3,-7,-1,3,2,2,0,1,1,0,1,-1,3,1
KR_6680098455,420,3,148,13,10,1,1,0,-3,1,4,1,4,3,11,15,4,0,1,1,0,-3,35,-5,5,0,-21,0,1,1,1,1,1,5,1
KR_6730394728,440,5,-3,44,11,-1,0,1,4,4,0,6,6,0,3,3,0,-1,1,2,0,8,-3,1,5,6,2,0,1,0,1,1,1,0,1
KR_6737224773,420,0,0,-40,-12,0,2,2,-6,2,8,-2,2,4,-5,1,6,1,1,0,-1,-24,-9,2,2,4,-1,0,1,-1,1,-1,-1,4,1
KR_6741140140,420,1,38,-13,-1,3,3,0,0,1,1,-3,3,6,-4,2,6,3,4,1,0,-6,7,-1,4,3,-3,0,0,-1,1,1,1,5,1
KR_6759205932,420,0,68,-13,2,1,2,1,-4,0,4,-1,1,2,6,7,1,0,1,1,0,-1,-9,-2,4,2,1,0,0,1,0,0,1,6,1
KR_6671649042,420,-1,31,-15,3,1,3,2,1,1,0,3,4,1,0,0,0,-2,0,2,0,3,110,-1,5,4,2,0,0,1,1,0,1,2,1
KR_6721058136,440,3,38,12,5,1,3,2,2,2,0,2,5,3,0,0,0,0,2,2,-1,-9,-94,3,3,6,-4,0,-1,-1,-1,-1,-1,1,1
KR_6762124158,420,3,22,24,5,5,7,2,0,1,1,2,2,0,-2,3,5,0,1,1,0,2,1,3,0,3,4,0,0,1,1,1,-1,1,1
KR_6744251518,420,4,47,28,4,3,4,1,5,7,2,0,4,4,-5,1,6,1,1,0,0,-2,-5,-4,7,3,-3,0,2,-1,1,1,1,6,1
KR_6739549301,420,3,12,-7,10,-4,0,4,-4,1,5,6,7,1,12,12,0,0,0,0,0,11,10,2,2,4,0,0,0,1,-1,-1,1,4,1
KR_6761057362,420,-2,-37,-8,-4,-7,0,7,0,1,1,-1,1,2,4,4,0,0,0,0,-1,7,-8,0,4,4,-3,0,-3,1,-1,-1,-1,1,1
KR_6759218677,420,3,15,1,10,0,1,1,1,1,0,2,2,0,7,7,0,0,0,0,0,9,11,3,1,4,1,0,1,1,0,1,1,4,1
KR_6054138643,420,2,37,41,0,2,4,2,3,4,1,-5,1,6,1,2,1,-1,1,2,0,-1,-1,4,0,4,-1,0,1,1,1,1,1,1,1
KR_6762333449,420,3,105,-8,11,4,6,2,0,2,2,3,3,0,5,5,0,-1,0,1,0,4,2,2,1,3,1,0,4,1,0,1,1,5,1
KR_6748859896,420,-4,2,-8,-2,-1,1,2,2,3,1,-2,2,4,-1,2,3,0,0,0,0,0,2,0,2,2,-3,0,1,-1,1,1,-1,1,1
KR_6746014738,420,1,-70,-24,3,1,2,1,-2,0,2,-1,2,3,3,3,0,2,2,0,0,4,-4,1,3,4,-1,0,-1,0,1,-1,1,0,1
KR_6763943787,420,1,30,-10,0,0,1,1,-1,2,3,0,1,1,-4,0,4,5,6,1,0,1,-11,5,5,10,-3,0,0,-1,1,0,-1,4,1
KR_6734200345,420,-2,79,18,-3,-3,0,3,6,7,1,-5,2,7,0,1,1,-1,1,2,0,0,-30,1,4,5,-1,0,1,-1,0,1,1,5,1
KR_6760758809,420,2,45,12,2,-1,1,2,1,3,2,3,5,2,1,2,1,-2,2,4,-1,-2,-372,-2,2,0,39,0,0,-1,1,1,-1,4,1
KR_6760688577,420,-1,-23,7,1,-3,2,5,-1,3,4,1,3,2,6,9,3,-2,0,2,0,2,-10,0,3,3,-3,0,-2,1,-1,-1,-1,3,1
KR_6752176168,420,2,49,32,1,-4,1,5,7,8,1,0,2,2,0,2,2,-2,0,2,0,3,0,1,5,6,1,0,1,-1,1,1,-1,3,1
KR_6734959372,420,1,1,16,-2,3,3,0,-3,3,6,0,2,2,-2,1,3,0,2,2,0,-5,-2,-5,5,0,3,0,-1,1,-1,-1,1,1,1
KR_6741015792,420,3,61,-4,7,-1,1,2,3,3,0,3,3,0,-2,2,4,4,4,0,1,9,0,8,2,10,-2,0,1,1,1,1,1,6,1
KR_6649388786,420,4,-28,-28,13,3,4,1,7,7,0,-1,3,4,2,5,3,2,2,0,0,23,0,3,3,6,3,0,1,-1,1,1,1,2,1
KR_6636930803,420,-1,26,-28,6,0,2,2,1,3,2,-1,0,1,5,5,0,1,1,0,0,10,-6,-1,4,3,2,0,0,-1,-1,-1,1,2,1
KR_6514546008,420,2,-26,-8,4,3,4,1,2,4,2,2,2,0,0,2,2,-3,1,4,0,0,-15,-2,5,3,-2,0,0,-1,-1,-1,-1,6,1
KR_6655027922,420,4,-10,-28,6,1,1,0,1,3,2,0,2,2,2,3,1,2,2,0,0,8,7,-1,3,2,2,0,1,1,0,1,-1,1,1
KR_6749158595,420,-2,-4,-44,1,1,2,1,-2,1,3,0,5,5,2,2,0,0,1,1,-1,10,-33,1,4,5,19,0,1,-1,-1,1,-1,1,1
KR_6756264576,440,3,39,0,4,1,3,2,-6,3,9,1,1,0,4,5,1,4,4,0,0,3,-3,-3,4,1,1,0,2,1,1,1,-1,5,1
KR_6729723957,420,3,-2,-5,8,3,3,0,7,7,0,-1,0,1,1,5,4,-2,1,3,0,10,194,-3,4,1,5,0,2,1,1,1,1,4,1
KR_6737003123,420,1,-15,-16,11,-1,0,1,7,7,0,3,4,1,2,4,2,0,2,2,0,8,-395,3,4,7,1,0,0,-1,1,0,1,4,1
KR_6651328807,420,4,47,2,7,-1,1,2,-2,3,5,8,9,1,-2,3,5,4,4,0,0,1,2,2,4,6,-2,0,-1,-1,-1,1,1,5,1
KR_6749808556,420,5,55,-9,17,7,7,0,1,2,1,5,5,0,2,3,1,2,2,0,0,13,21,2,2,4,-2,0,1,1,1,1,1,6,1
KR_6740284772,420,0,29,-48,1,1,1,0,5,6,1,1,2,1,-5,3,8,-1,0,1,0,7,349,2,1,3,2,0,1,0,1,1,1,0,1
KR_6747909483,420,5,109,5,7,-2,2,4,4,6,2,1,2,1,3,3,0,1,1,0,-1,3,9,5,0,5,-3,0,2,1,1,1,-1,1,1
KR_6743505035,440,-1,-28,-27,2,5,5,0,-3,3,6,0,2,2,-1,2,3,1,1,0,1,0,2,3,4,7,-3,0,1,-1,1,1,1,3,1
KR_6664218624,420,6,-15,8,23,5,6,1,9,11,2,9,12,3,0,1,1,0,0,0,0,15,3,-4,5,1,0,0,1,1,1,1,1,3,1
KR_6708265089,420,6,56,24,10,-1,0,1,3,3,0,3,4,1,5,5,0,0,0,0,0,10,4,-1,4,3,1,0,3,1,1,1,-1,3,1
KR_6528664754,420,4,116,-14,13,5,6,1,2,3,1,4,4,0,2,6,4,0,2,2,0,5,54,-1,4,3,2,0,2,1,-1,1,1,2,1
KR_6760390643,420,1,-43,42,7,-1,1,2,2,6,4,2,5,3,5,7,2,-1,0,1,0,11,6,1,2,3,4,0,1,1,1,1,1,5,1
KR_6723065777,420,2,47,36,3,1,1,0,-1,1,2,-2,0,2,6,7,1,-1,0,1,0,1,13,7,0,7,-2,0,0,1,1,1,1,5,1
KR_6693276765,420,0,-24,20,-1,-3,3,6,-3,3,6,4,4,0,1,1,0,0,2,2,0,0,5,1,0,1,-1,0,0,1,0,-1,-1,6,1
KR_6762712739,420,-2,-32,-28,0,0,0,0,-1,0,1,-1,4,5,0,6,6,2,2,0,0,-2,53,-1,3,2,-27,0,1,0,-1,1,-1,0,1
KR_6740111356,440,2,-26,8,4,-2,0,2,-2,1,3,0,2,2,1,3,2,7,11,4,0,8,-1,2,1,3,1,0,1,0,1,1,1,0,1
KR_6758703275,440,3,47,32,9,5,5,0,7,8,1,-1,1,2,-2,4,6,0,1,1,-2,7,4,3,0,3,-1,0,-1,1,-1,-1,-1,5,1
KR_6750973716,420,3,49,0,16,2,3,1,2,4,2,5,8,3,4,4,0,3,3,0,2,17,4,1,0,1,-1,0,2,0,0,1,1,0,1
KR_6730524655,420,-1,-16,-12,4,2,4,2,3,5,2,2,3,1,-2,1,3,-1,0,1,0,5,-114,2,4,6,3,0,0,1,1,0,1,6,1
KR_6673006025,420,-1,-37,-40,1,-1,0,1,0,5,5,1,2,1,0,1,1,1,1,0,0,1,-4,-1,1,0,1,0,0,1,1,0,-1,5,1
KR_6715050426,420,0,-66,14,3,3,4,1,-2,0,2,-1,0,1,1,1,0,2,2,0,0,5,-3,3,1,4,0,0,0,-1,1,1,1,6,1
KR_6682701442,420,2,-26,-4,4,1,3,2,-3,1,4,6,6,0,4,6,2,-4,0,4,0,3,-1,1,2,3,0,0,0,1,-1,-1,1,4,1
KR_6528749399,420,3,-8,-7,6,1,2,1,-5,1,6,6,9,3,1,4,3,3,3,0,0,4,4,1,2,3,2,0,1,1,1,1,-1,4,1
KR_6745686580,420,-7,-90,12,-3,3,3,0,-1,2,3,-2,0,2,-1,0,1,-2,2,4,-1,-13,3,3,3,6,-4,0,-1,-1,1,-1,-1,5,1
KR_6762602143,420,-5,-75,-16,-7,-5,0,5,-4,0,4,-4,1,5,4,6,2,2,2,0,0,0,4,2,3,5,-3,0,-1,0,-1,-1,1,0,1
KR_6701307007,420,1,0,-47,12,1,1,0,0,3,3,3,5,2,6,7,1,2,4,2,3,17,-284,-2,3,1,4,0,0,1,-1,1,-1,5,1
KR_6737620424,420,2,0,4,-1,-1,1,2,2,4,2,2,4,2,-4,0,4,0,0,0,0,3,1,-3,5,2,1,0,1,-1,0,1,1,4,1
KR_6750228399,440,5,92,30,11,4,4,0,3,3,0,7,8,1,-2,1,3,-1,2,3,0,2,5,8,0,8,2,0,1,0,1,1,1,0,1
KR_6755718535,420,1,-44,-20,-2,-1,1,2,-3,3,6,-1,1,2,2,3,1,1,2,1,0,-3,5,-4,7,3,-1,0,1,0,-1,-1,-1,0,1
KR_6651755241,420,5,19,8,10,3,3,0,-1,1,2,0,1,1,6,7,1,2,2,0,0,2,31,-1,4,3,5,0,1,-1,1,1,-1,1,1
KR_6747540778,440,4,13,11,6,2,4,2,5,7,2,2,5,3,-5,1,6,2,5,3,-1,3,281,1,1,2,1,0,1,1,1,1,-1,2,1
KR_6693572510,420,-1,-3,12,-7,-6,1,7,-2,1,3,-3,0,3,2,2,0,2,3,1,0,5,4,-4,7,3,-2,0,-1,0,-1,-1,-1,0,1
KR_6650695601,420,3,46,3,12,2,4,2,1,1,0,0,1,1,3,5,2,6,6,0,0,8,-8,2,3,5,3,0,0,0,1,1,1,0,1
KR_6757051787,420,4,1,60,0,-1,1,2,2,4,2,2,5,3,-4,1,5,1,2,1,0,-7,-157,-3,4,1,5,0,1,1,1,1,-1,2,1
KR_6762721928,420,5,-14,15,2,4,4,0,-2,2,4,-6,0,6,6,6,0,0,1,1,0,5,-7,-1,2,1,0,0,0,0,0,0,1,0,1
KR_6675207484,420,-2,24,0,-1,-1,1,2,-4,1,5,5,5,0,-2,3,5,1,2,1,0,-1,10,2,3,5,-1,0,0,-1,1,1,-1,4,1
KR_6763197532,420,1,-47,34,10,-2,0,2,0,1,1,2,5,3,8,10,2,2,2,0,0,11,-78,3,6,9,4,0,0,1,0,1,1,2,1
KR_6752239607,420,2,31,11,5,5,5,0,-2,3,5,1,4,3,-4,1,5,5,5,0,0,-1,2,-2,4,2,4,0,2,-1,1,1,1,6,1
KR_6753985129,420,0,-39,8,3,1,2,1,1,2,1,0,6,6,2,4,2,-1,0,1,0,-2,12,1,1,2,-1,0,0,-1,1,0,-1,6,1
KR_6722100463,420,-2,64,-12,-1,-2,1,3,2,3,1,-1,2,3,0,0,0,0,1,1,0,2,33,1,2,3,-21,0,0,-1,1,0,-1,6,1
KR_6758639387,420,4,40,-12,0,0,3,3,0,3,3,2,2,0,-5,1,6,3,3,0,2,-3,142,-1,2,1,0,0,3,1,-1,1,1,5,1
KR_6644635097,420,0,48,15,2,0,1,1,-3,1,4,2,3,1,0,1,1,3,4,1,0,2,-321,-4,8,4,2,0,0,1,1,0,1,1,1
KR_6749814219,440,1,27,23,-1,1,3,2,-2,3,5,1,2,1,1,7,6,-2,2,4,0,-3,-256,1,1,2,0,0,-1,-1,-1,-1,1,3,1
KR_6762636852,420,3,-31,18,7,2,3,1,3,3,0,-1,3,4,3,5,2,0,1,1,0,4,-1,-3,3,0,2,0,0,1,-1,0,1,4,1
KR_6762858825,440,9,186,48,31,4,6,2,5,7,2,3,5,2,17,19,2,2,2,0,3,25,16,3,3,6,-5,2,5,1,1,1,-1,3,1
KR_6750616498,420,0,-2,16,6,5,6,1,3,4,1,0,2,2,2,2,0,-4,3,7,0,2,2,1,3,4,3,0,1,1,1,1,1,3,1
KR_6729126448,420,1,61,5,5,-1,1,2,2,3,1,1,4,3,3,4,1,0,0,0,0,1,4,1,4,5,1,0,0,-1,1,0,1,2,1
KR_6756307129,420,4,-2,16,7,-3,0,3,4,4,0,0,1,1,5,7,2,1,2,1,0,12,41,-1,6,5,-17,0,1,1,-1,1,1,2,1
KR_6763260635,420,3,49,4,8,1,1,0,4,5,1,2,2,0,0,1,1,1,1,0,0,5,1,-4,7,3,3,0,0,1,0,0,1,3,1
KR_6718778235,420,1,3,8,-3,0,2,2,0,4,4,-1,1,2,-3,2,5,1,1,0,0,-8,-37,-2,2,0,19,0,-1,-1,-1,-1,-1,3,1
KR_6752233382,420,0,-21,-5,-1,1,3,2,1,4,3,-3,0,3,1,5,4,-1,2,3,-1,1,-10,-2,6,4,-3,0,1,-1,1,1,-1,2,1
KR_6620317153,420,2,83,-4,6,4,4,0,-1,1,2,3,4,1,0,1,1,0,0,0,0,2,3,0,3,3,1,0,1,1,0,1,1,2,1
KR_6715608660,420,1,14,12,5,0,0,0,-1,2,3,2,3,1,5,7,2,-1,2,3,0,3,125,2,3,5,0,0,0,1,1,0,1,4,1
KR_6760898164,420,0,-59,-12,-5,-5,0,5,0,2,2,2,2,0,-1,0,1,-1,0,1,0,-5,1,0,1,1,-4,0,-1,-1,-1,-1,-1,4,1
KR_6762728035,420,1,33,-14,6,1,2,1,8,8,0,-3,1,4,0,0,0,0,0,0,0,10,-117,0,3,3,-1,0,1,-1,1,1,1,2,1
KR_6755439468,420,1,23,32,0,-4,0,4,-2,3,5,-1,1,2,7,9,2,0,1,1,1,-2,0,-1,4,3,1,0,0,1,-1,1,1,6,1
KR_6685665306,420,-1,-48,16,-3,-1,1,2,-1,2,3,-3,0,3,3,5,2,-1,2,3,0,-3,15,-2,4,2,-1,0,-1,-1,-1,-1,-1,6,1
KR_6727421137,420,3,15,4,8,6,6,0,-1,1,2,1,3,2,0,2,2,2,2,0,0,7,9,-2,3,1,-2,0,1,1,1,1,1,4,1
KR_6762862678,420,1,89,0,-6,5,6,1,0,4,4,-4,0,4,-6,2,8,-1,0,1,-2,-19,-2,-2,3,1,0,0,1,-1,1,1,-1,1,1
KR_6662467131,420,4,84,-7,8,8,9,1,-1,2,3,3,4,1,-4,0,4,2,3,1,1,-6,-4,2,1,3,1,0,2,1,1,1,1,1,1
KR_6743619920,440,3,56,4,4,4,4,0,2,2,0,-5,0,5,-2,2,4,5,5,0,1,-3,39,3,1,4,1,0,0,-1,1,0,1,2,1
KR_6651445458,420,1,3,24,3,-2,1,3,2,3,1,0,0,0,1,4,3,2,2,0,0,6,196,-3,6,3,5,0,0,-1,1,0,1,1,1
KR_6726316307,420,1,30,-56,0,2,2,0,-1,0,1,0,2,2,-3,2,5,2,2,0,0,0,1,2,3,5,-3,0,0,1,1,-1,-1,3,1
KR_6760763524,420,0,-23,-2,3,1,3,2,6,7,1,-5,1,6,1,4,3,0,0,0,0,4,7,1,2,3,-5,0,0,1,0,0,1,4,1
KR_6682555945,420,2,52,21,6,4,4,0,-1,0,1,-1,1,2,5,6,1,-1,0,1,0,7,-13,-1,2,1,0,0,1,1,0,1,1,1,1
KR_6706406584,420,2,-13,-8,3,1,3,2,-1,2,3,1,2,1,-1,3,4,3,3,0,0,-2,114,-1,5,4,0,0,1,0,1,1,-1,0,1
KR_6737611063,440,-1,-1,3,-3,-1,1,2,5,6,1,-2,0,2,-1,2,3,-4,2,6,0,-6,12,2,4,6,8,0,-1,1,-1,-1,-1,6,1
KR_6752215526,440,6,124,32,14,2,2,0,5,6,1,7,8,1,1,4,3,-1,3,4,0,4,6,2,0,2,-1,0,1,1,1,1,1,2,1
KR_6763402389,420,-2,22,15,-3,-2,2,4,1,2,1,-2,1,3,0,3,3,0,0,0,0,-3,-2,0,3,3,-2,0,1,1,1,-1,-1,4,1
KR_6749512084,420,1,-23,12,2,3,4,1,-1,1,2,-2,6,8,1,5,4,1,2,1,0,-2,0,3,1,4,-2,0,0,0,0,-1,-1,0,1
KR_6762862227,420,2,71,21,-1,0,1,1,0,9,9,3,3,0,-1,3,4,-3,1,4,0,-5,-13,1,2,3,1,0,1,1,-1,1,-1,5,1
KR_6756654091,420,2,71,18,3,-2,2,4,4,4,0,-3,1,4,3,3,0,1,2,1,0,2,-7,3,1,4,3,0,-1,0,0,-1,-1,0,1
KR_6753527864,420,-2,34,3,-2,2,3,1,-3,5,8,-2,2,4,2,3,1,-1,0,1,0,-14,-280,0,5,5,-3,0,2,-1,1,1,1,5,1
KR_6759102308,420,4,9,8,4,-2,1,3,-1,1,2,2,4,2,6,7,1,-1,0,1,0,-3,4,3,3,6,-2,0,0,0,-1,0,1,0,1
KR_6643660075,420,4,39,75,11,-5,0,5,10,12,2,3,4,1,1,2,1,2,2,0,0,5,11,0,1,1,3,0,-1,1,1,-1,-1,6,1
KR_6732596835,420,0,24,-12,-8,-1,1,2,0,1,1,-4,4,8,-3,0,3,0,1,1,0,-10,4,2,1,3,1,0,-2,1,-1,-1,-1,1,1
KR_6759986948,420,0,19,22,-9,0,1,1,-6,1,7,-3,1,4,0,4,4,0,1,1,-1,-9,18,-1,4,3,-1,0,-2,1,-1,-1,-1,6,1
KR_6744094849,420,5,88,-5,6,2,3,1,-1,1,2,2,6,4,3,3,0,0,0,0,1,13,0,-2,6,4,0,0,1,-1,-1,1,1,4,1
KR_6755645972,420,0,15,4,6,1,3,2,1,1,0,0,2,2,3,5,2,1,1,0,0,1,16,0,3,3,-1,0,0,1,-1,0,1,5,1
KR_6752673071,420,1,31,-12,11,0,1,1,2,2,0,2,3,1,7,8,1,0,4,4,1,9,-17,1,1,2,3,0,0,1,-1,1,1,6,1
KR_6689615013,440,7,21,47,21,0,1,1,10,10,0,5,6,1,5,6,1,1,1,0,0,20,5,2,2,4,1,0,1,1,1,1,1,6,1
KR_6756919724,420,-3,25,-28,-2,-1,2,3,-3,1,4,1,3,2,2,2,0,-1,0,1,0,-5,-9,0,0,0,2,0,2,1,-1,1,-1,2,1
KR_6682791677,420,1,-25,28,0,4,4,0,0,2,2,-3,1,4,-2,2,4,1,1,0,0,1,-3,-2,3,1,2,0,0,1,0,0,-1,6,1
KR_6762091288,420,-2,-1,-1,-2,-6,0,6,1,3,2,-2,2,4,4,5,1,1,1,0,0,0,15,-1,2,1,3,0,-1,1,-1,1,-1,6,1
KR_6763983262,420,1,-29,-1,3,3,5,2,3,3,0,-4,1,5,-1,0,1,2,2,0,0,4,-7,-3,3,0,-3,0,1,-1,1,1,-1,3,1
KR_6695347572,420,8,78,60,16,1,2,1,4,4,0,3,3,0,2,2,0,6,6,0,0,14,3,1,2,3,1,0,2,1,-1,1,1,1,1
KR_6656855408,420,3,39,20,9,5,5,0,0,2,2,0,2,2,2,3,1,2,3,1,0,7,24,8,2,10,-4,0,1,1,1,1,1,4,1
KR_6717449622,420,2,57,37,5,3,3,0,-3,1,4,-5,2,7,4,6,2,6,6,0,1,-3,-4,-1,4,3,-1,0,2,0,1,1,1,0,1
KR_6760196037,420,0,-22,33,2,-1,1,2,-1,1,2,3,3,0,3,3,0,-2,0,2,0,5,7,0,4,4,-6,0,1,1,1,1,-1,1,1
KR_6764463008,420,0,88,-16,4,2,2,0,-1,1,2,-2,2,4,4,7,3,1,2,1,1,7,-4,2,3,5,-2,0,1,-1,-1,1,1,5,1
KR_6619875129,420,-3,-16,-3,-5,-4,2,6,3,6,3,0,1,1,-3,1,4,-1,1,2,0,-2,-11,0,2,2,-2,0,-1,0,-1,-1,1,0,1
KR_6739578610,420,-1,-23,1,-5,2,2,0,3,4,1,-1,3,4,-5,2,7,-4,1,5,0,-2,7,3,1,4,-1,0,-1,0,1,-1,-1,0,1
KR_6750484078,420,2,49,-24,4,1,2,1,-1,3,4,-2,2,4,6,6,0,0,3,3,0,-1,11,0,2,2,-1,0,1,0,0,1,1,0,1
KR_6725219670,420,-1,0,-8,-11,-5,0,5,3,4,1,-1,5,6,-6,0,6,-2,0,2,0,-14,167,0,2,2,-3,0,1,0,1,1,-1,0,1
KR_6637446780,420,-2,30,-16,0,3,4,1,-2,0,2,4,6,2,-3,2,5,-2,1,3,0,-7,4,6,2,8,-5,0,0,-1,-1,1,1,3,1
KR_6695269141,420,-3,-18,-4,-3,-2,0,2,1,2,1,-1,2,3,-2,0,2,1,1,0,0,-2,4,-1,1,0,0,0,0,1,1,0,-1,5,1
KR_6657813034,420,2,71,-12,8,-1,2,3,1,2,1,0,4,4,7,7,0,1,1,0,0,9,-41,-2,5,3,27,0,1,1,-1,1,1,3,1
KR_6733239175,420,2,73,11,6,1,2,1,-1,2,3,1,3,2,3,4,1,2,2,0,0,2,3,2,1,3,2,0,0,1,-1,0,1,5,1
KR_6764239326,420,0,37,24,-2,-2,0,2,2,3,1,-1,0,1,-2,2,4,1,1,0,0,3,-6,-2,4,2,-3,0,0,0,-1,0,-1,0,1
KR_6681777085,420,2,-45,28,10,2,3,1,3,3,0,1,2,1,1,1,0,3,3,0,0,14,2,-2,7,5,4,0,1,1,1,1,1,4,1
KR_6735870057,420,6,63,1,2,2,2,0,0,2,2,1,1,0,-1,0,1,0,0,0,0,0,3,-2,7,5,-4,0,0,-1,-1,0,-1,2,1
KR_6684971922,420,0,36,-12,0,-1,2,3,-7,1,8,3,4,1,1,1,0,4,4,0,-1,-1,-315,-1,3,2,3,0,0,-1,-1,-1,-1,1,1
KR_6652611003,420,0,48,-4,3,3,5,2,0,2,2,-2,1,3,1,4,3,1,1,0,0,4,-7,0,3,3,2,0,0,-1,-1,1,1,3,1
KR_6739447596,420,2,28,24,10,-1,0,1,2,4,2,1,3,2,7,7,0,1,1,0,0,14,8,2,4,6,-2,0,0,1,1,0,-1,5,1
KR_6719034822,440,-2,-55,9,-2,-2,0,2,2,5,3,2,2,0,5,5,0,-9,0,9,-1,6,-18,-2,5,3,-1,0,0,1,1,0,-1,6,1
KR_6697019780,420,2,77,-4,7,2,2,0,4,5,1,-1,3,4,2,3,1,0,0,0,0,10,-3,0,2,2,5,0,1,-1,1,1,1,2,1
KR_6740211475,420,3,-27,12,-1,-4,0,4,0,3,3,2,2,0,0,2,2,1,1,0,0,2,10,-1,2,1,0,0,0,-1,1,1,1,4,1
KR_6723578742,440,2,78,7,5,4,5,1,0,2,2,-3,0,3,4,4,0,0,0,0,-1,5,-1,-2,3,1,1,0,1,-1,-1,1,-1,3,1
KR_6713136840,420,2,130,-13,3,-1,1,2,-2,0,2,4,5,1,3,3,0,-1,0,1,0,7,25,3,2,5,2,0,0,1,1,0,1,1,1
KR_6751163803,420,3,-5,12,9,0,1,1,5,7,2,5,6,1,-2,0,2,1,1,0,0,8,-1,-4,10,6,2,0,0,0,-1,0,1,0,1
KR_6755069802,420,2,-18,44,4,4,7,3,1,1,0,-3,0,3,3,4,1,-1,0,1,0,3,6,5,0,5,-1,0,0,1,0,0,-1,6,1
KR_6644308437,420,-1,9,-3,-1,-3,1,4,2,7,5,-2,2,4,1,1,0,1,2,1,1,3,12,0,2,2,3,0,0,1,0,0,1,3,1
KR_6754177453,420,0,-10,-10,1,0,1,1,-3,0,3,7,9,2,-2,0,2,-1,2,3,-1,-10,15,0,2,2,1,0,1,1,1,1,-1,3,1
KR_6665395128,420,3,-3,8,7,2,3,1,2,2,0,3,5,2,2,2,0,-2,0,2,1,8,21,0,2,2,-2,0,2,-1,-1,1,1,6,1
KR_6662530587,420,3,57,4,7,1,5,4,4,6,2,1,4,3,3,4,1,-2,0,2,0,5,0,3,3,6,2,0,1,1,1,1,1,6,1
KR_6761791088,420,-2,-78,15,-5,-3,0,3,0,2,2,-2,1,3,1,1,0,-1,0,1,0,-1,158,-2,5,3,-1,0,-1,1,1,-1,-1,3,1
KR_6759491165,420,1,5,0,-2,1,1,0,1,2,1,3,3,0,-5,2,7,-2,0,2,0,2,-3,-4,5,1,1,0,1,-1,1,1,-1,2,1
KR_6748146460,440,4,97,-8,10,3,4,1,2,6,4,1,4,3,0,3,3,4,4,0,2,7,20,5,2,7,-1,0,3,1,-1,1,1,6,1
KR_6758965054,420,3,14,8,12,1,4,3,1,2,1,3,6,3,6,6,0,1,3,2,0,8,-1,5,3,8,-2,0,0,1,1,0,-1,2,1
KR_6728965592,420,7,86,36,9,-5,1,6,1,1,0,7,7,0,5,9,4,1,1,0,0,8,9,4,0,4,0,0,2,1,1,1,-1,2,1
KR_6685847547,420,-2,1,8,-4,0,0,0,0,0,0,-2,0,2,1,3,2,-3,0,3,0,1,-20,0,3,3,4,0,1,0,1,1,1,0,1
KR_6763116101,420,4,18,28,10,3,3,0,1,2,1,-2,1,3,5,6,1,3,3,0,0,5,0,0,1,1,1,0,1,1,1,1,1,6,1
KR_6747391385,440,2,-68,-10,7,0,3,3,8,8,0,3,4,1,-2,2,4,-2,1,3,0,6,2,1,3,4,4,0,-2,1,-1,-1,1,3,1
KR_6730289300,420,8,84,33,26,8,8,0,12,12,0,0,4,4,0,1,1,6,7,1,3,17,-1,2,0,2,1,0,4,1,1,1,1,6,1
KR_6611978837,420,1,48,32,2,-5,0,5,4,7,3,3,3,0,0,2,2,0,0,0,0,-1,5,3,5,8,1,0,0,1,-1,0,-1,3,1
KR_6728463092,420,1,6,4,4,4,4,0,4,5,1,0,1,1,1,1,0,-5,0,5,-1,1,-28,1,2,3,21,0,0,0,1,1,-1,0,1
KR_6671583645,420,4,-34,4,8,1,5,4,-1,0,1,9,12,3,-2,2,4,1,2,1,0,-3,-16,-2,6,4,2,0,-3,1,-1,-1,1,5,1
KR_6642004223,420,0,-4,0,3,-1,1,2,1,2,1,4,5,1,-2,2,4,1,2,1,0,-2,2,0,2,2,0,0,0,1,1,1,-1,4,1
KR_6751689938,420,3,37,5,8,2,3,1,3,4,1,2,2,0,-2,3,5,3,4,1,0,0,12,-1,4,3,1,0,1,1,0,1,-1,1,1
KR_6696845328,420,0,43,-28,-4,0,2,2,-3,1,4,-2,1,3,2,3,1,-1,3,4,-1,3,7,1,2,3,0,0,0,0,0,0,-1,0,1
KR_6689364700,440,2,4,16,5,3,6,3,6,6,0,-3,2,5,0,2,2,-1,3,4,2,10,22,2,3,5,0,0,2,1,1,1,1,2,1
KR_6725534731,420,4,50,8,9,-1,4,5,0,2,2,3,5,2,9,9,0,-2,0,2,0,12,163,-2,2,0,6,0,0,1,-1,1,1,5,1
KR_6760754961,420,3,37,8,7,2,3,1,1,4,3,2,3,1,4,5,1,-2,2,4,0,2,-13,2,0,2,-1,0,0,1,-1,1,1,4,1
KR_6696067075,420,2,77,-11,-5,0,2,2,-4,0,4,-8,0,8,5,5,0,2,2,0,0,-4,-9,-4,5,1,2,0,0,0,-1,0,-1,0,1
KR_6641424102,420,-1,12,33,-3,-1,0,1,1,3,2,-2,3,5,-1,2,3,0,0,0,0,-6,0,1,2,3,0,0,-1,1,1,1,1,1,1
KR_6742955045,420,1,77,-16,8,-1,1,2,2,3,1,-3,1,4,10,10,0,0,3,3,-1,13,-12,0,3,3,1,0,2,-1,-1,1,-1,4,1
KR_6747813206,420,2,71,14,2,-2,0,2,0,0,0,2,3,1,0,2,2,2,2,0,0,3,8,-2,2,0,-3,0,1,1,-1,1,-1,6,1
KR_6633857551,420,-3,-29,1,-3,-1,3,4,-4,0,4,-2,0,2,3,5,2,1,1,0,0,-3,19,0,2,2,-1,0,1,0,-1,1,-1,0,1
KR_6758857731,420,1,48,22,5,3,4,1,-2,1,3,1,2,1,2,7,5,1,1,0,1,-3,-1,0,2,2,-2,0,2,-1,-1,1,1,6,1
KR_6710376909,420,0,-10,19,0,3,3,0,-1,0,1,-3,2,5,1,3,2,0,1,1,-1,-4,3,3,2,5,-3,0,1,1,1,1,-1,5,1
KR_6726690883,420,3,68,36,3,-2,0,2,-1,2,3,3,3,0,1,3,2,2,3,1,0,7,6,5,1,6,-3,0,1,1,1,1,1,1,1
KR_6736277350,420,0,-49,4,4,1,1,0,0,4,4,3,5,2,0,1,1,0,0,0,1,9,-18,4,1,5,4,0,0,1,0,0,1,4,1
KR_6738205568,420,0,57,-14,-2,1,2,1,-6,0,6,3,4,1,0,2,2,0,1,1,0,-2,-17,1,2,3,4,0,0,1,-1,0,-1,5,1
KR_6762656146,420,2,-28,30,3,2,6,4,-3,0,3,1,3,2,4,4,0,-1,0,1,0,2,3,3,1,4,4,0,1,1,1,1,-1,5,1
KR_6749393112,420,3,101,56,-2,0,3,3,0,0,0,-5,1,6,3,3,0,0,0,0,0,2,40,-1,4,3,-13,0,0,0,-1,1,-1,0,1
KR_6685253670,420,5,106,-1,16,9,9,0,0,2,2,6,6,0,1,1,0,0,1,1,0,10,23,1,2,3,3,0,3,-1,1,1,1,3,1
KR_6736231068,420,1,28,-8,1,2,5,3,0,2,2,-1,1,2,0,2,2,0,1,1,0,0,-151,1,5,6,0,0,1,-1,1,1,-1,5,1
KR_6763635887,420,2,55,-8,2,3,4,1,-3,0,3,2,4,2,1,2,1,-1,0,1,0,2,-3,-2,4,2,0,0,1,1,-1,1,-1,5,1
KR_6719192876,420,3,25,32,6,2,4,2,2,5,3,-2,1,3,1,1,0,3,6,3,0,4,-7,3,1,4,6,0,1,1,1,1,1,3,1
KR_6762940458,420,0,24,16,-2,-1,0,1,2,3,1,-3,0,3,-1,2,3,1,1,0,0,2,9,-1,3,2,1,0,0,-1,-1,1,-1,3,1
KR_6739793424,420,-3,-91,0,-12,-4,2,6,-6,1,7,-3,2,5,0,1,1,1,4,3,-1,-3,4,-1,2,1,1,0,-1,0,0,-1,-1,0,1
KR_6748962729,420,-1,64,-17,3,5,6,1,-5,2,7,3,5,2,-1,4,5,1,2,1,-1,0,124,5,2,7,-1,0,0,-1,-1,-1,-1,6,1
KR_6756356892,420,5,51,-4,7,5,5,0,0,2,2,3,6,3,-1,3,4,0,2,2,3,2,4,-4,5,1,1,0,1,-1,-1,1,1,5,1
KR_6705236914,440,0,-26,20,-1,-6,0,6,2,4,2,2,2,0,1,3,2,0,0,0,0,4,-10,-2,3,1,4,0,0,-1,1,0,-1,1,1
KR_6658527798,420,1,-6,22,9,1,3,2,2,3,1,1,1,0,5,6,1,0,1,1,0,6,10,-4,6,2,-4,0,0,1,-1,0,1,2,1
KR_6732152926,420,0,71,-7,1,-1,1,2,-2,2,4,3,4,1,2,3,1,-1,0,1,0,2,9,3,1,4,-3,0,0,1,0,0,1,3,1
KR_6760119031,420,2,45,16,7,0,2,2,1,2,1,2,8,6,2,3,1,2,2,0,1,7,4,2,2,4,1,0,1,1,0,1,1,6,1
KR_6733274596,420,4,47,-29,8,4,6,2,1,2,1,-2,5,7,6,10,4,-1,1,2,1,7,30,-1,5,4,-33,0,0,1,-1,1,1,5,1
KR_6751922456,420,4,89,24,6,0,0,0,4,6,2,0,2,2,-1,2,3,3,3,0,1,3,-59,1,3,4,1,0,2,1,1,1,1,3,1
KR_6749100053,440,-1,2,-1,-2,2,5,3,-1,2,3,-1,3,4,1,7,6,-3,0,3,-1,7,-16,-3,10,7,4,0,0,-1,1,-1,-1,4,1
KR_6753080515,420,1,-20,4,-1,-1,0,1,-4,1,5,2,2,0,1,4,3,1,1,0,0,-1,8,-1,2,1,1,0,0,1,-1,0,1,5,1
KR_6695737841,440,-1,58,0,-3,-3,1,4,-4,1,5,3,3,0,2,3,1,-1,0,1,0,-3,-1,0,1,1,1,0,-1,-1,-1,-1,1,4,1
KR_6696148882,440,4,61,16,5,0,3,3,4,10,6,3,3,0,-1,2,3,-1,1,2,-1,7,1,-1,3,2,-1,0,2,-1,0,1,-1,2,1
KR_6739782644,440,2,138,8,2,2,3,1,0,1,1,3,3,0,-3,3,6,0,1,1,0,-3,6,1,3,4,-3,0,0,1,-1,0,1,2,1
KR_6649896389,420,1,15,8,8,-1,2,3,1,3,2,-4,0,4,7,8,1,5,5,0,0,8,1,4,0,4,0,0,1,1,1,1,1,6,1
KR_6738260252,440,-3,-38,-4,7,1,1,0,-1,0,1,2,2,0,0,2,2,5,6,1,0,5,-11,-1,5,4,0,0,-1,0,0,-1,1,0,1
KR_6736308173,420,1,73,8,7,-1,1,2,-1,0,1,3,4,1,3,5,2,3,3,0,0,3,10,-3,3,0,-3,0,-1,1,-1,-1,1,6,1
KR_6626297526,420,6,93,15,15,1,1,0,2,4,2,8,9,1,4,5,1,0,2,2,0,14,-327,0,5,5,2,0,2,1,0,1,-1,4,1
KR_6751950751,420,-1,19,-20,-1,2,3,1,0,1,1,-1,2,3,1,1,0,-3,1,4,0,-5,117,3,0,3,-1,0,0,-1,1,1,-1,5,1
KR_6712702098,420,3,28,20,4,0,0,0,3,5,2,2,4,2,0,2,2,-1,2,3,-1,-3,0,-1,1,0,0,0,0,0,1,0,1,0,1
KR_6638568396,420,2,94,13,0,2,2,0,-3,1,4,3,3,0,-3,3,6,1,1,0,0,-3,0,-2,4,2,1,0,1,1,1,1,1,6,1
KR_6738608447,420,1,-15,0,6,-4,0,4,6,8,2,9,9,0,-3,0,3,-2,0,2,0,5,-18,-3,4,1,5,0,1,1,1,1,-1,1,1
KR_6753005335,420,3,43,35,-2,6,6,0,-1,2,3,-6,0,6,1,2,1,-2,0,2,0,1,-139,2,2,4,1,0,0,1,0,0,-1,4,1
KR_6764483539,420,-1,23,8,0,-2,1,3,3,4,1,2,2,0,-3,2,5,0,3,3,-1,-4,-2,0,5,5,1,0,-1,-1,1,-1,-1,1,1
KR_6745747517,420,5,79,0,7,5,5,0,0,3,3,2,4,2,1,3,2,-1,1,2,0,3,-280,4,2,6,1,0,1,-1,1,1,-1,2,1
KR_6759665542,420,4,137,9,5,9,10,1,-5,2,7,-1,3,4,2,3,1,0,0,0,0,0,7,-3,4,1,-1,0,3,1,-1,1,1,3,1
KR_6740733763,420,5,92,32,10,3,4,1,4,7,3,2,4,2,0,3,3,1,1,0,2,0,-11,-3,5,2,0,0,2,0,1,1,1,0,1
KR_6745584534,420,0,-63,60,-9,-4,1,5,-3,1,4,0,0,0,-2,1,3,0,0,0,0,-4,-8,-2,5,3,-3,0,0,1,1,0,-1,1,1
KR_6727818166,420,3,16,-3,8,3,4,1,1,2,1,0,2,2,1,3,2,3,3,0,0,9,228,1,3,4,2,0,-1,1,1,-1,1,2,1
KR_6759079617,420,5,117,30,10,3,7,4,3,4,1,7,8,1,-3,0,3,0,0,0,0,-6,9,2,4,6,-3,0,2,0,1,1,1,0,1
KR_6750793164,420,-3,-45,3,0,-1,4,5,5,7,2,-1,0,1,-2,1,3,-1,0,1,1,0,78,5,1,6,-2,0,0,-1,0,-1,1,5,1
KR_6724711500,420,4,51,28,4,2,3,1,1,2,1,0,0,0,3,3,0,-2,0,2,0,5,-31,3,1,4,17,0,1,1,1,1,-1,3,1
KR_6719171189,440,4,113,23,11,2,2,0,3,5,2,2,6,4,0,4,4,4,4,0,1,11,12,3,2,5,-3,0,0,1,-1,-1,1,6,1
KR_6763910082,420,0,-17,-14,-5,5,6,1,-7,1,8,-2,0,2,0,1,1,-1,0,1,0,-11,-115,-4,6,2,1,0,-1,1,1,-1,1,1,1
KR_6664272195,440,3,94,5,11,3,3,0,8,8,0,0,1,1,3,6,3,-3,1,4,0,12,20,6,0,6,-1,0,1,1,0,1,-1,1,1
KR_6752431940,420,3,-14,4,9,2,3,1,3,4,1,3,3,0,3,5,2,-2,0,2,0,8,1,-3,6,3,5,0,0,-1,1,0,-1,3,1
KR_6764405208,420,1,-44,-4,7,6,8,2,1,2,1,3,3,0,-3,0,3,0,1,1,0,0,-46,-5,6,1,7,0,0,-1,0,0,1,3,1
KR_6752119604,420,0,-5,20,8,1,2,1,2,2,0,7,7,0,-3,0,3,1,1,0,0,1,9,0,1,1,1,0,-2,-1,1,-1,1,6,1
KR_6661274894,420,3,98,24,12,5,5,0,2,3,1,-1,2,3,1,1,0,5,5,0,1,15,4,-1,1,0,-1,0,1,1,0,1,1,5,1
KR_6720680213,440,5,30,3,10,4,5,1,1,5,4,-1,0,1,6,9,3,0,3,3,0,11,42,2,2,4,-21,0,2,0,1,1,1,0,1
KR_6678077300,420,-1,-65,12,-10,-3,2,5,1,3,2,-5,1,6,-2,4,6,-1,1,2,1,-5,-2,1,3,4,0,0,-1,0,-1,-1,1,0,1
KR_6761400230,440,2,-23,20,7,0,2,2,1,1,0,0,2,2,2,3,1,4,5,1,0,12,9,0,4,4,-1,0,0,1,1,1,1,1,1
KR_6602924348,420,0,0,-18,-6,-3,3,6,1,3,2,0,2,2,-4,0,4,0,0,0,-2,-3,0,-2,2,0,-2,0,-1,-1,-1,-1,-1,4,1
KR_6759993917,420,3,-7,1,10,0,2,2,3,4,1,6,6,0,1,2,1,0,0,0,0,2,12,2,1,3,0,0,2,1,1,1,1,3,1
KR_6670284009,420,5,-4,17,9,2,4,2,1,4,3,1,5,4,3,5,2,2,3,1,0,8,37,-1,4,3,-8,0,1,0,1,1,1,0,1
KR_6629561111,420,3,73,-36,6,4,5,1,1,2,1,0,2,2,-2,2,4,3,4,1,0,-1,2,-1,2,1,1,0,3,1,1,1,1,5,1
KR_6663528818,420,0,43,-8,1,2,3,1,3,5,2,-5,1,6,1,3,2,0,0,0,1,1,14,5,5,10,0,0,1,0,0,1,-1,0,1
KR_6762105815,420,5,81,32,6,0,4,4,0,2,2,0,3,3,5,6,1,1,3,2,0,6,7,0,3,3,2,0,0,1,0,1,1,3,1
KR_6736126829,420,0,60,8,1,4,4,0,0,1,1,0,1,1,-2,0,2,-1,0,1,0,-7,14,-1,2,1,-3,0,1,-1,1,1,1,6,1
KR_6755079443,420,3,28,21,8,3,3,0,0,2,2,2,4,2,2,6,4,1,3,2,0,9,334,3,1,4,1,0,0,1,1,1,-1,3,1
KR_6761503013,420,6,81,45,13,4,5,1,2,2,0,0,0,0,8,9,1,-1,0,1,0,12,4,0,4,4,-1,0,2,1,1,1,1,5,1
KR_6743880112,420,2,23,-38,13,4,6,2,1,1,0,3,3,0,3,3,0,2,3,1,1,16,15,1,6,7,3,0,2,1,1,1,1,1,1
KR_6726046888,420,2,34,20,6,0,3,3,6,11,5,1,2,1,-1,2,3,0,0,0,0,0,-13,-2,4,2,0,0,1,-1,0,1,1,2,1
KR_6724055669,420,4,34,48,9,4,4,0,1,4,3,1,4,3,3,4,1,0,0,0,0,9,-169,-3,3,0,2,0,1,1,-1,1,-1,3,1
KR_6629529267,420,5,93,4,4,-1,1,2,-1,1,2,4,4,0,2,2,0,0,0,0,0,3,464,0,2,2,3,0,3,1,1,1,1,5,1
KR_6752093659,420,2,49,16,-1,0,2,2,-1,1,2,3,4,1,-3,3,6,0,2,2,-1,-5,-2,1,1,2,2,0,0,1,-1,-1,-1,2,1
KR_6693620683,420,-3,-54,-2,-6,-2,1,3,-1,2,3,-3,0,3,2,3,1,-2,0,2,0,0,74,3,2,5,-4,0,0,-1,-1,-1,-1,5,1
KR_6656704103,420,3,28,63,4,-2,0,2,0,2,2,-1,3,4,9,11,2,-2,0,2,0,3,37,0,0,0,0,0,1,-1,-1,1,1,4,1
KR_6722984631,440,-5,83,-56,-4,-3,1,4,0,2,2,-2,3,5,1,2,1,0,0,0,0,4,0,1,1,2,-2,0,0,0,-1,0,1,0,1
KR_6757744117,420,0,104,-24,6,0,3,3,-2,1,3,5,11,6,2,3,1,1,1,0,1,11,-4,-2,2,0,1,0,0,1,-1,0,1,4,1
KR_6760603514,420,3,30,8,8,7,7,0,-3,0,3,-1,1,2,4,4,0,1,1,0,0,6,-3,-3,4,1,2,0,1,-1,-1,-1,1,6,1
KR_6674302712,420,1,-27,33,0,1,2,1,1,2,1,-2,2,4,2,4,2,-2,0,2,0,-3,0,4,2,6,-1,0,0,1,1,0,-1,3,1
KR_6759768693,420,2,79,6,8,8,10,2,0,0,0,3,6,3,-3,1,4,0,2,2,0,1,2,2,2,4,-2,0,2,1,-1,1,1,3,1
KR_6745882368,420,3,-11,12,9,-3,0,3,0,2,2,3,4,1,6,6,0,3,3,0,0,11,-105,-1,2,1,0,0,1,1,-1,1,-1,5,1
KR_6729332346,420,2,5,0,3,-1,1,2,2,4,2,-1,0,1,1,2,1,2,2,0,0,5,-227,1,2,3,2,0,0,1,1,1,1,5,1
KR_6754142047,420,1,52,-6,3,0,0,0,0,2,2,-1,1,2,5,5,0,-1,1,2,0,0,3,-4,5,1,1,0,0,0,0,0,1,0,1
KR_6634854083,420,1,1,4,3,4,4,0,-3,1,4,1,2,1,1,4,3,0,0,0,0,-4,-4,-2,8,6,4,0,1,0,1,1,1,0,1
KR_6727874246,420,-3,-29,14,-4,-6,1,7,1,3,2,3,4,1,-1,2,3,-1,0,1,0,-1,12,-4,6,2,1,0,-1,-1,1,-1,-1,6,1
KR_6750701018,420,-6,-88,-8,-8,-4,0,4,1,3,2,-2,2,4,-3,3,6,0,0,0,1,-8,3,-3,4,1,0,0,0,-1,0,0,1,1,1
KR_6744664970,420,4,28,16,6,6,6,0,1,2,1,1,4,3,0,1,1,-2,0,2,0,-1,2,-1,1,0,0,0,0,1,1,1,1,1,1
KR_6705098733,420,0,18,4,4,1,2,1,0,1,1,2,7,5,2,3,1,-1,0,1,0,0,-10,0,5,5,1,0,1,1,0,1,1,3,1
KR_6721263758,420,-1,52,0,1,-2,0,2,3,6,3,-1,0,1,1,2,1,0,0,0,0,2,5,2,4,6,-4,0,0,1,-1,0,1,2,1
KR_6749315721,440,-2,-38,-13,-1,-1,3,4,-1,7,8,5,7,2,-3,1,4,-1,0,1,1,-5,13,1,4,5,-3,0,-3,-1,-1,-1,1,6,1
KR_6743724737,440,9,122,-1,18,11,12,1,1,3,2,2,3,1,4,6,2,0,0,0,0,13,47,-1,5,4,-11,0,4,0,1,1,1,0,1
KR_6665220745,420,4,57,18,5,3,3,0,1,1,0,2,3,1,-1,0,1,0,2,2,0,5,39,-2,3,1,-12,0,1,1,-1,1,1,1,1
KR_6668694210,420,-3,17,12,-4,2,2,0,-3,1,4,-2,1,3,-1,3,4,0,3,3,0,-1,-4,-3,6,3,-1,0,-1,-1,-1,-1,-1,2,1
KR_6725880443,420,3,-1,35,1,0,3,3,-2,0,2,3,4,1,0,0,0,0,0,0,0,-2,5,1,1,2,0,0,2,1,1,1,-1,5,1
KR_6693286595,420,6,75,16,12,-1,1,2,-4,0,4,2,3,1,12,13,1,3,4,1,1,10,7,0,1,1,-17,0,2,1,1,1,-1,1,1
KR_6685764565,440,3,51,0,6,-1,2,3,3,4,1,2,4,2,4,7,3,-2,2,4,1,3,15,-4,4,0,3,0,2,1,1,1,1,2,1
KR_6746246206,420,3,73,12,-3,-2,2,4,-1,0,1,-4,1,5,1,2,1,3,3,0,0,-3,2,0,2,2,-4,0,2,0,1,1,1,0,1
KR_6707436526,420,2,68,-24,9,3,4,1,-1,1,2,3,3,0,3,4,1,1,1,0,0,6,8,1,3,4,3,0,2,1,-1,1,1,5,1
KR_6752234363,420,2,67,8,-3,0,3,3,-2,2,4,-6,2,8,4,6,2,1,2,1,-1,0,19,4,0,4,-2,0,-1,1,-1,-1,1,1,1
KR_6684178071,440,2,111,-21,6,-1,1,2,3,8,5,1,1,0,3,12,9,0,0,0,-3,-3,2,0,1,1,1,0,1,0,0,1,-1,0,1
KR_6756416288,420,2,-68,-4,3,-4,0,4,-3,0,3,0,3,3,8,10,2,2,3,1,0,2,28,1,2,3,-4,0,0,1,-1,1,-1,3,1
KR_6576282191,420,6,136,38,11,0,1,1,3,5,2,11,11,0,-2,1,3,-1,0,1,0,2,8,1,0,1,0,0,1,1,0,1,1,2,1
KR_6747569579,420,0,-52,8,3,-1,3,4,-2,0,2,-4,0,4,4,5,1,6,6,0,0,6,12,4,1,5,-3,0,0,0,0,0,1,0,1
KR_6753965424,420,6,102,7,11,-4,3,7,2,2,0,9,9,0,1,2,1,3,3,0,0,6,13,-2,5,3,5,0,1,1,1,1,-1,2,1
KR_6517857671,420,5,120,43,-2,-4,2,6,-1,0,1,-1,3,4,1,3,2,3,5,2,1,-3,-330,-2,3,1,3,0,1,0,1,1,1,0,1
KR_6653086923,440,2,96,-12,4,0,1,1,1,3,2,0,2,2,3,5,2,0,0,0,0,1,-4,0,3,3,1,0,0,1,0,0,1,1,1
KR_6749919080,420,3,-17,-8,8,4,5,1,1,2,1,3,5,2,1,4,3,-1,0,1,0,7,-5,3,2,5,1,0,1,1,-1,1,1,2,1
KR_6721989489,420,5,30,36,15,7,7,0,3,4,1,-3,6,9,4,5,1,4,4,0,2,10,-38,2,0,2,36,0,1,1,1,1,-1,5,1
KR_6758011809,420,2,-18,21,6,0,2,2,3,4,1,2,3,1,-2,0,2,3,3,0,0,3,21,5,1,6,0,0,0,1,1,1,1,4,1
KR_6731287826,420,1,-10,6,5,1,3,2,-2,3,5,4,4,0,2,2,0,0,1,1,0,11,-4,0,1,1,0,0,2,-1,1,1,1,6,1
KR_6759491358,440,3,69,11,0,3,4,1,-6,3,9,5,6,1,0,3,3,-2,0,2,0,-9,-5,3,5,8,4,0,1,-1,1,1,1,2,1
KR_6737453814,420,4,85,16,11,0,0,0,-2,1,3,5,6,1,4,6,2,4,4,0,1,11,-124,2,5,7,7,0,1,1,-1,1,1,2,1
KR_6699003897,420,5,50,-48,7,3,3,0,3,4,1,-1,2,3,2,5,3,0,0,0,0,5,-5,0,2,2,0,0,0,-1,1,1,-1,2,1
KR_6732392438,420,3,78,4,10,4,6,2,-1,1,2,5,9,4,1,3,2,1,1,0,1,3,3,-1,3,2,3,0,1,1,1,1,1,4,1
KR_6757982111,420,4,98,11,15,0,0,0,4,5,1,5,6,1,6,6,0,0,1,1,1,10,483,0,1,1,2,0,1,1,1,1,1,6,1
KR_6748198136,420,4,65,0,10,0,2,2,1,3,2,1,3,2,8,12,4,0,0,0,0,15,44,3,2,5,-25,0,1,1,-1,1,1,3,1
KR_6062409920,420,3,20,40,5,-1,2,3,1,2,1,4,4,0,0,0,0,1,1,0,1,5,35,0,4,4,-14,0,0,1,-1,0,1,2,1
KR_6758671862,420,0,-27,-8,4,-4,0,4,1,2,1,1,1,0,6,7,1,0,0,0,0,7,-3,1,1,2,1,0,0,-1,1,0,1,4,1
KR_6640928843,420,2,-20,-4,4,2,3,1,-2,4,6,0,1,1,2,3,1,2,2,0,0,6,-21,0,3,3,0,0,0,1,-1,-1,-1,5,1
KR_6674505031,420,5,43,20,6,1,1,0,5,5,0,2,2,0,-1,1,2,-1,0,1,0,7,-2,5,0,5,1,0,0,0,1,0,1,0,1
KR_6762530864,420,-1,38,-1,1,-2,0,2,-6,3,9,1,7,6,3,6,3,5,5,0,0,-6,6,-2,2,0,1,0,0,1,0,0,1,4,1
KR_6716666252,420,2,33,19,5,-3,0,3,3,4,1,1,1,0,4,5,1,0,1,1,0,9,13,5,0,5,-2,0,1,1,1,1,-1,1,1
KR_6763238783,420,1,-14,-24,6,3,3,0,2,3,1,-2,1,3,5,5,0,-2,0,2,1,9,10,-2,6,4,3,0,0,1,0,0,1,3,1
KR_6755177230,420,2,5,8,3,1,4,3,-2,2,4,2,2,0,3,5,2,-1,2,3,0,-7,-5,-2,6,4,2,0,0,-1,0,0,-1,5,1
KR_6741488785,420,-1,21,16,4,4,5,1,0,2,2,2,4,2,-1,3,4,-1,1,2,0,0,-2,3,3,6,1,0,-1,-1,1,-1,1,1,1
KR_6747724075,420,3,46,-5,2,-3,2,5,2,3,1,1,1,0,0,2,2,2,3,1,0,1,2,3,3,6,3,0,0,0,-1,0,1,0,1
KR_6761225011,420,2,-13,-24,2,-2,2,4,1,2,1,4,7,3,0,2,2,-1,0,1,0,5,-44,0,5,5,20,0,0,-1,-1,-1,1,1,1
KR_6752117982,420,3,64,24,15,0,1,1,7,7,0,1,2,1,6,7,1,1,2,1,0,18,34,0,1,1,-22,0,1,1,1,1,1,3,1
KR_6759380447,420,3,51,33,0,1,5,4,0,1,1,-2,2,4,0,3,3,1,2,1,-1,1,2,3,0,3,0,0,1,0,1,1,-1,0,1
KR_6640935193,420,1,-28,-25,4,-4,0,4,2,6,4,0,2,2,3,3,0,3,3,0,0,13,8,-1,5,4,0,0,1,1,-1,1,-1,4,1
KR_6761261107,420,4,-9,-4,13,-1,3,4,4,4,0,6,6,0,3,6,3,1,3,2,0,16,-4,1,4,5,4,0,1,1,-1,-1,-1,5,1
KR_6739653800,420,1,42,12,4,-2,1,3,1,2,1,-1,1,2,2,2,0,4,4,0,0,8,335,0,1,1,-1,0,2,0,1,1,1,0,1
KR_6749980968,420,1,1,25,-5,5,6,1,2,4,2,-4,3,7,-6,1,7,-2,1,3,-1,-7,-6,-5,9,4,2,0,0,-1,-1,-1,-1,5,1
KR_6752725561,420,1,39,9,2,1,3,2,-2,0,2,0,2,2,3,7,4,0,2,2,1,-1,-3,-2,7,5,-3,0,1,-1,1,1,1,5,1
KR_6632564981,420,9,92,96,14,-2,0,2,3,3,0,2,3,1,10,12,2,1,1,0,0,14,9,0,2,2,2,0,2,1,1,1,1,1,1
KR_6758560572,420,-3,-76,-12,3,-2,2,4,1,3,2,2,5,3,2,4,2,0,4,4,-1,5,-116,1,1,2,1,0,-1,1,0,-1,-1,6,1
KR_6762140016,420,3,100,4,13,0,0,0,-1,1,2,4,4,0,2,4,2,8,9,1,0,6,4,0,1,1,-1,0,2,1,1,1,1,6,1
KR_6746025956,420,0,-25,5,-4,-3,0,3,-1,3,4,-4,2,6,1,2,1,3,3,0,0,4,-7,-4,6,2,0,0,0,0,1,-1,-1,0,1
KR_6735324087,420,2,84,-12,10,0,2,2,5,5,0,5,8,3,0,1,1,0,1,1,0,19,104,4,1,5,0,0,0,1,1,1,1,2,1
KR_6687906828,420,-1,-23,-40,0,0,0,0,0,2,2,2,3,1,-3,1,4,1,2,1,0,-4,-8,-4,7,3,2,0,-1,1,-1,-1,1,3,1
KR_6718483792,420,-3,1,-16,-6,-4,1,5,-1,0,1,0,5,5,-1,2,3,0,4,4,0,-16,-174,3,3,6,2,0,-1,-1,0,-1,1,1,1
KR_6759950315,420,3,57,33,12,-3,0,3,1,1,0,1,1,0,5,5,0,8,8,0,0,10,33,2,2,4,-1,0,1,1,1,1,1,1,1
KR_6648675618,420,-1,-3,-4,0,2,3,1,3,4,1,1,3,2,-3,1,4,-3,0,3,0,-4,-16,2,3,5,0,0,1,-1,-1,1,-1,1,1
KR_6762376903,420,6,125,-16,21,2,3,1,4,5,1,6,6,0,7,7,0,2,2,0,0,20,0,5,0,5,3,0,3,0,1,1,1,0,1
KR_6760316087,420,2,7,13,13,0,1,1,0,3,3,12,12,0,1,4,3,0,1,1,0,11,11,1,3,4,2,0,1,1,0,1,-1,2,1
KR_6761523950,420,5,98,6,14,8,9,1,2,3,1,4,4,0,1,5,4,-1,3,4,0,1,-2,0,1,1,-1,0,3,1,1,1,-1,6,1
KR_6753592804,420,1,-18,0,9,-2,1,3,5,7,2,-1,4,5,6,7,1,1,2,1,2,18,11,1,3,4,-3,0,1,-1,-1,1,1,1,1
KR_6703965272,420,0,-4,12,-2,-1,1,2,-3,0,3,2,5,3,-1,2,3,1,3,2,0,-5,-2,2,2,4,-2,0,2,1,-1,1,1,5,1
KR_6641201997,420,2,56,-4,3,3,3,0,-3,2,5,4,4,0,0,1,1,-1,0,1,0,1,-4,-1,2,1,-2,0,0,1,-1,0,-1,4,1
KR_6756228028,420,3,39,24,7,-3,1,4,-2,1,3,4,6,2,7,10,3,1,2,1,1,5,3,5,1,6,-1,0,0,-1,1,1,1,4,1
KR_6759927530,420,1,-9,8,3,-1,3,4,4,5,1,0,1,1,1,4,3,-1,0,1,1,3,-7,-5,7,2,-1,0,1,-1,1,1,1,5,1
KR_6756426036,420,3,46,52,5,0,1,1,2,5,3,0,2,2,0,2,2,3,3,0,0,0,2,-3,7,4,0,0,0,1,-1,1,-1,5,1
KR_6732874158,420,4,97,34,7,-3,1,4,3,5,2,7,7,0,1,1,0,-1,0,1,0,-2,-228,4,1,5,1,0,1,0,0,1,1,0,1
KR_6752170594,420,-3,-31,20,-10,-9,1,10,5,6,1,0,2,2,-4,4,8,-2,1,3,-2,-9,5,-1,4,3,-1,0,0,-1,-1,-1,-1,5,1
KR_6763471220,420,2,11,0,6,-1,0,1,2,4,2,-2,1,3,6,7,1,1,1,0,2,11,-221,4,2,6,-6,0,0,1,-1,1,1,3,1
KR_6724468961,420,1,17,8,1,-2,1,3,-1,1,2,4,5,1,0,1,1,0,0,0,0,-1,-106,-4,7,3,2,0,-1,1,-1,-1,-1,2,1
KR_6742633376,420,0,-66,25,2,3,4,1,-5,0,5,0,1,1,-3,0,3,7,7,0,1,4,-16,-2,2,0,-2,0,-1,1,-1,-1,1,6,1
KR_6727984961,420,2,88,22,10,-4,2,6,3,3,0,6,7,1,0,6,6,5,5,0,1,9,4,-1,3,2,2,0,1,1,1,1,1,4,1
KR_6743905584,420,3,25,26,3,3,4,1,4,4,0,-1,6,7,-3,0,3,0,1,1,0,-4,173,-2,2,0,-1,0,1,1,-1,1,-1,5,1
KR_6699969759,420,5,43,12,11,4,4,0,-1,2,3,5,7,2,2,2,0,1,1,0,0,8,45,1,0,1,-1,0,0,0,0,0,1,0,1
KR_6603582307,420,-1,-3,11,-7,-2,1,3,-2,1,3,-2,1,3,4,4,0,-5,1,6,0,-11,-7,2,0,2,-3,0,0,-1,1,-1,1,6,1
KR_6762603483,440,2,48,-2,3,4,5,1,-2,1,3,-1,3,4,0,2,2,2,6,4,0,4,-4,0,2,2,3,0,1,0,1,1,-1,0,1
KR_6725106716,420,-1,23,39,-5,-4,2,6,4,4,0,4,8,4,-7,4,11,-2,0,2,0,-4,1,4,3,7,-2,0,-1,1,0,-1,-1,4,1
KR_6741350225,420,-3,1,-28,-9,0,0,0,-2,3,5,-2,0,2,-5,0,5,0,1,1,0,-7,-11,-4,5,1,3,0,0,0,1,0,1,0,1
KR_6698057231,420,5,34,-9,6,-1,0,1,-2,1,3,6,6,0,-4,0,4,7,9,2,0,-1,3,0,1,1,0,0,1,0,1,1,-1,0,1
KR_6734140371,440,3,22,16,6,1,1,0,1,3,2,1,2,1,1,1,0,2,2,0,0,4,43,2,0,2,-2,0,1,1,1,1,-1,2,1
KR_6752027372,420,-5,63,-12,-13,2,2,0,-5,0,5,-5,1,6,-2,2,4,-3,0,3,0,-13,-3,0,1,1,1,0,-1,1,0,-1,-1,6,1
KR_6754266610,420,1,72,4,3,0,2,2,2,2,0,0,0,0,3,4,1,-2,0,2,0,3,14,-3,3,0,-1,0,0,1,1,0,1,6,1
KR_6761518715,420,3,45,-10,1,0,2,2,3,4,1,1,3,2,-4,4,8,1,1,0,-1,-7,4,0,3,3,0,0,0,-1,1,1,-1,6,1
KR_6636452151,420,2,34,29,-1,0,1,1,1,1,0,0,4,4,-1,0,1,-1,1,2,0,0,-189,-1,4,3,-1,0,0,-1,1,0,1,2,1
KR_6740961796,420,-1,-22,4,-2,0,1,1,-4,3,7,-2,3,5,3,5,2,1,2,1,0,-6,4,0,4,4,-2,0,0,-1,-1,0,1,1,1
KR_6760216262,420,0,15,8,-2,2,2,0,0,4,4,-4,0,4,4,6,2,-4,0,4,0,-1,-4,0,5,5,3,0,-1,1,0,-1,1,6,1
KR_6219291812,420,2,-30,5,2,2,3,1,-3,0,3,0,3,3,4,7,3,-1,0,1,0,7,1,1,1,2,-1,0,-1,-1,0,-1,1,6,1
KR_6610386219,420,0,46,-7,-5,0,0,0,0,1,1,-2,2,4,-4,1,5,1,1,0,0,3,19,1,1,2,-5,0,0,1,0,0,1,2,1
KR_6751009288,440,1,-2,-8,1,-4,0,4,-1,2,3,-2,0,2,8,8,0,0,1,1,0,0,1,-1,5,4,0,0,1,1,1,1,-1,4,1
KR_6718580901,420,2,22,18,5,3,3,0,-5,2,7,-3,3,6,6,6,0,4,4,0,0,1,-4,-1,2,1,1,0,1,1,1,1,1,3,1
KR_6721779506,440,4,83,-10,6,6,7,1,3,6,3,-1,2,3,1,2,1,-3,0,3,-1,4,2,0,3,3,3,0,1,1,-1,1,-1,2,1
KR_6760772297,420,-2,-4,-34,-2,-1,0,1,-1,3,4,3,3,0,-4,3,7,1,2,1,0,-2,-1,-7,8,1,-1,0,0,-1,-1,0,1,5,1
KR_6665713235,420,2,94,-25,-4,-2,0,2,-2,3,5,1,2,1,1,3,2,-2,1,3,-2,-12,5,-2,3,1,2,0,1,-1,-1,1,-1,6,1
KR_6724873287,420,5,25,-16,9,3,4,1,2,4,2,0,2,2,6,6,0,-2,0,2,0,12,8,1,1,2,-1,0,0,1,1,0,1,2,1
KR_6630647759,420,4,95,16,11,5,6,1,4,7,3,-1,1,2,0,3,3,3,4,1,0,6,5,0,1,1,2,0,1,-1,-1,1,1,6,1
KR_6726682713,440,0,66,30,4,1,1,0,1,1,0,2,2,0,1,3,2,-1,0,1,2,8,-1,-3,3,0,3,0,1,1,-1,1,1,4,1
KR_6695872071,420,5,13,4,16,2,2,0,3,3,0,3,4,1,5,5,0,3,3,0,0,11,10,1,2,3,-1,0,0,1,-1,1,1,5,1
KR_6634546465,420,-1,-46,-16,-3,-2,2,4,0,2,2,-4,1,5,3,5,2,0,1,1,0,2,-4,3,1,4,2,0,0,1,1,-1,1,1,1
KR_6746466850,420,1,78,4,3,3,5,2,-3,2,5,-1,2,3,3,3,0,1,1,0,0,1,-356,-5,8,3,2,0,1,-1,-1,1,-1,1,1
KR_6762042559,420,5,59,19,2,0,3,3,-1,1,2,2,2,0,2,2,0,-1,0,1,0,0,29,1,1,2,1,0,3,1,1,1,1,1,1
KR_6743680534,420,5,116,28,14,3,4,1,2,2,0,3,5,2,2,2,0,4,4,0,0,14,8,-2,3,1,1,0,2,1,1,1,1,4,1
KR_6742201468,420,4,68,56,2,2,3,1,0,3,3,-2,2,4,1,1,0,1,1,0,0,2,-11,0,2,2,3,0,1,1,1,1,-1,5,1
KR_6644997414,420,4,48,16,5,2,2,0,0,3,3,1,1,0,2,2,0,0,0,0,0,6,3,-1,3,2,-2,0,1,-1,0,1,1,4,1
KR_6762696266,420,5,-14,1,12,-2,1,3,1,1,0,7,7,0,5,5,0,1,1,0,0,11,-16,-4,7,3,8,0,1,1,1,1,1,4,1
KR_6760300434,440,1,61,20,-1,5,10,5,-4,0,4,-3,2,5,-1,1,2,2,6,4,0,-5,-5,0,3,3,1,0,1,-1,1,1,1,6,1
KR_6763671773,420,5,-17,8,8,0,0,0,1,2,1,-3,2,5,6,9,3,4,4,0,0,16,-26,3,2,5,9,0,0,0,0,0,-1,0,1
KR_6706934364,420,2,10,52,5,3,3,0,0,2,2,1,4,3,2,5,3,-1,2,3,0,-1,-31,-4,4,0,8,0,0,1,1,-1,1,5,1
KR_6731498759,420,4,58,-12,6,0,0,0,0,4,4,0,3,3,3,3,0,3,3,0,0,7,-50,2,0,2,5,0,1,1,1,1,1,4,1
KR_6751106389,420,-1,-2,4,-3,0,0,0,1,6,5,-2,1,3,0,0,0,-2,0,2,0,-2,0,-1,3,2,0,0,0,-1,1,0,-1,6,1
KR_6648789938,420,2,58,-11,5,1,1,0,-3,1,4,1,3,2,4,4,0,2,2,0,0,7,-17,-4,5,1,8,0,0,-1,0,0,1,1,1
KR_6743204441,420,-1,5,-7,3,4,4,0,1,5,4,2,3,1,-1,3,4,-3,1,4,0,3,35,0,3,3,-24,0,1,1,1,1,1,1,1
KR_6743223093,420,5,73,6,3,4,5,1,2,4,2,-2,4,6,0,1,1,-1,0,1,0,1,-3,5,4,9,-1,0,1,0,0,1,1,0,1
KR_6686120228,420,4,22,24,11,-1,0,1,-1,4,5,4,8,4,6,7,1,3,4,1,1,-1,8,3,2,5,2,0,1,1,1,1,1,5,1
KR_6733597334,420,1,-9,12,5,3,4,1,3,3,0,0,2,2,-1,2,3,0,1,1,0,0,-1,0,2,2,-1,0,0,1,1,0,-1,2,1
KR_6758784743,440,0,5,16,0,1,3,2,-1,2,3,1,3,2,0,7,7,-1,2,3,1,-6,10,2,0,2,-2,0,0,1,-1,0,1,3,1
KR_6764279822,440,3,41,35,14,4,4,0,-1,3,4,1,3,2,5,11,6,5,5,0,0,11,-3,0,1,1,5,0,3,1,1,1,1,4,1
KR_6633802943,420,2,-17,16,11,-2,4,6,6,7,1,-1,1,2,5,7,2,3,3,0,1,10,16,-1,4,3,1,0,0,1,1,0,1,5,1
KR_6691677775,420,-3,-11,-29,-5,0,1,1,-5,0,5,4,7,3,-6,2,8,2,2,0,-1,-9,-46,1,3,4,11,0,-2,1,-1,1,-1,2,1
KR_6693433997,420,-4,-29,10,-8,1,3,2,-1,1,2,-2,1,3,-6,0,6,0,0,0,0,-12,-49,-3,4,1,27,0,0,-1,1,-1,-1,2,1
KR_6722825982,420,1,-39,15,7,0,4,4,1,2,1,7,7,0,-3,1,4,2,2,0,0,2,-1,1,2,3,1,0,0,0,-1,0,1,0,1
KR_6711076729,420,3,2,13,-2,-2,1,3,3,3,0,0,3,3,-3,2,5,0,2,2,0,-3,-15,-4,5,1,0,0,2,1,1,1,1,1,1
KR_6671232729,420,3,82,8,-1,0,3,3,-3,2,5,-1,2,3,0,2,2,3,3,0,0,-2,34,-2,3,1,-20,0,1,0,1,1,-1,0,1
KR_6730255330,440,4,53,-3,13,5,6,1,1,1,0,13,13,0,-3,0,3,-3,0,3,0,2,-2,5,3,8,0,0,2,1,1,1,1,5,1
KR_6760762617,420,1,26,0,3,3,3,0,1,4,3,-2,0,2,1,2,1,0,0,0,0,10,-2,3,2,5,3,0,0,1,0,0,1,2,1
KR_6695482574,420,4,142,9,13,2,2,0,3,3,0,3,5,2,5,6,1,0,1,1,0,8,-2,0,4,4,2,0,3,1,1,1,1,2,1
KR_6738067204,420,1,19,-4,4,3,3,0,1,3,2,-1,0,1,1,2,1,0,0,0,0,1,1,-1,5,4,1,0,1,1,1,1,1,4,1
KR_6759858089,420,4,-18,16,10,-1,1,2,9,9,0,-1,2,3,3,4,1,0,0,0,0,17,3,3,4,7,-1,0,2,1,1,1,-1,4,1
KR_6732076394,420,2,40,-29,7,0,1,1,0,2,2,6,6,0,2,2,0,-1,2,3,0,6,-8,0,3,3,3,0,0,1,-1,0,1,6,1
KR_6715556058,420,5,101,21,10,6,6,0,4,6,2,-1,3,4,1,1,0,0,1,1,0,8,27,-5,5,0,-8,0,2,1,1,1,1,6,1
KR_6708360693,420,2,-24,11,10,6,8,2,3,3,0,0,1,1,-3,1,4,4,4,0,0,7,-3,2,4,6,0,0,0,1,1,0,1,4,1
KR_6752749469,420,6,100,49,11,5,6,1,2,4,2,5,5,0,-2,2,4,1,2,1,1,0,18,2,2,4,-2,0,4,1,1,1,1,1,1
KR_6657218031,420,1,41,-16,10,0,4,4,1,1,0,-1,3,4,7,9,2,3,3,0,0,8,44,2,1,3,-25,0,1,-1,0,1,1,2,1
KR_6663829305,420,7,80,-3,12,0,2,2,0,2,2,4,4,0,2,3,1,6,6,0,0,5,50,-1,1,0,-18,0,1,1,1,1,1,2,1
KR_6756730314,420,3,29,-14,6,-3,0,3,-1,3,4,2,4,2,7,8,1,1,3,2,0,3,3,3,3,6,2,0,1,1,-1,1,1,1,1
KR_6760428566,420,0,32,4,-4,-1,1,2,1,3,2,1,1,0,-3,0,3,-2,0,2,0,-4,1,-1,4,3,-4,0,0,1,1,0,1,4,1
KR_6759004661,420,-2,-48,-11,-2,-5,0,5,2,4,2,5,10,5,-4,0,4,0,1,1,1,-7,-9,-4,5,1,-1,0,-1,1,1,-1,1,6,1
KR_6692907928,420,-1,55,-49,-6,3,5,2,-5,0,5,0,5,5,-4,2,6,0,4,4,-1,-15,37,-3,5,2,1,0,1,-1,-1,1,-1,6,1
KR_6663230378,420,4,136,23,10,4,5,1,0,1,1,0,2,2,5,5,0,1,2,1,0,-1,0,-2,2,0,0,0,2,0,0,1,1,0,1
KR_6727325329,420,1,-7,5,-2,-7,2,9,0,0,0,5,6,1,0,0,0,0,0,0,0,0,9,0,1,1,1,0,1,0,0,1,1,0,1
KR_6668576793,420,-2,76,-11,-5,2,2,0,-1,5,6,1,2,1,-7,0,7,0,1,1,-1,-12,-6,-3,5,2,1,0,0,-1,0,0,-1,6,1
KR_6709825409,420,5,64,37,6,0,1,1,7,7,0,1,6,5,1,2,1,-3,2,5,3,10,8,3,1,4,-1,0,3,1,1,1,1,5,1
KR_6762279298,420,3,74,40,1,-2,1,3,0,3,3,1,4,3,0,1,1,2,2,0,0,0,8,0,6,6,2,0,1,-1,1,1,-1,3,1
KR_6753349514,420,3,-26,-8,6,-2,2,4,2,3,1,0,2,2,0,3,3,6,7,1,1,13,0,-3,5,2,0,0,-1,1,-1,-1,1,6,1
KR_6763635111,420,3,21,-18,12,1,1,0,-1,1,2,4,5,1,8,11,3,0,3,3,0,12,-6,-5,6,1,2,0,0,0,0,0,1,0,1
KR_6634026607,420,4,156,30,8,4,5,1,0,2,2,1,1,0,2,2,0,1,1,0,0,5,-206,2,2,4,0,0,2,1,-1,1,1,3,1
KR_6653719951,420,2,28,8,2,3,3,0,-1,1,2,-2,1,3,2,2,0,0,1,1,-1,5,7,-1,6,5,1,0,0,1,-1,0,-1,4,1
KR_6759778728,420,1,32,-2,1,-1,1,2,1,4,3,0,2,2,2,2,0,-1,1,2,0,-4,2,-1,4,3,0,0,-1,0,-1,1,1,0,1
KR_6732433427,420,1,-17,-3,4,3,3,0,3,3,0,2,4,2,-4,2,6,0,1,1,0,6,-36,-1,3,2,-3,0,-1,-1,1,-1,-1,5,1
KR_6759348838,420,1,-44,36,2,-4,4,8,-1,2,3,5,6,1,1,3,2,1,2,1,0,8,3,1,1,2,0,0,1,0,1,1,1,0,1
KR_6747549757,420,5,61,-8,12,4,4,0,2,4,2,5,6,1,0,0,0,1,1,0,0,10,7,-4,5,1,2,0,0,0,-1,0,1,0,1
KR_6762653085,420,4,72,34,2,3,4,1,1,2,1,-1,2,3,-1,0,1,0,2,2,0,-1,-6,-1,4,3,1,0,1,1,1,1,-1,6,1
KR_6667309294,420,4,78,45,5,-1,1,2,4,4,0,3,6,3,-1,1,2,0,3,3,0,0,31,3,1,4,0,0,1,-1,0,1,1,4,1
KR_6733343959,420,1,-7,-4,-4,3,3,0,0,1,1,-2,0,2,-1,0,1,-4,1,5,0,-10,-22,-3,4,1,-2,0,-1,1,1,-1,1,4,1
KR_6759448896,420,-1,60,-28,-3,2,2,0,-7,1,8,3,6,3,1,6,5,-2,0,2,0,-18,8,0,1,1,1,0,0,1,-1,-1,-1,2,1
KR_6763587859,420,4,85,41,4,-1,1,2,2,3,1,5,5,0,-1,0,1,-1,0,1,0,2,9,2,2,4,2,0,-1,1,-1,-1,1,2,1
KR_6744304331,420,-3,17,0,-12,2,3,1,-3,1,4,-9,0,9,2,7,5,-4,0,4,-1,-5,1,1,1,2,2,0,0,-1,1,1,-1,2,1
KR_6746974363,420,2,-11,31,7,5,6,1,4,5,1,-2,4,6,1,2,1,-1,0,1,0,10,4,-2,5,3,-1,0,1,1,1,1,-1,5,1
KR_6757767009,420,2,-2,5,10,0,1,1,-3,2,5,8,8,0,3,4,1,2,2,0,0,2,4,-3,3,0,2,0,0,1,0,-1,-1,1,1
KR_6750359230,420,2,8,-19,4,1,1,0,4,4,0,-2,2,4,0,2,2,1,2,1,0,6,-224,2,0,2,4,0,1,-1,1,1,1,2,1
KR_6757523137,420,1,14,7,7,0,2,2,1,3,2,7,8,1,3,3,0,-4,1,5,0,4,8,4,2,6,1,0,0,1,-1,-1,-1,5,1
KR_6628958577,420,0,84,4,10,-1,1,2,4,4,0,-2,1,3,8,13,5,1,1,0,1,14,48,2,3,5,-24,0,2,-1,1,1,1,5,1
KR_6726572221,420,5,56,11,6,1,1,0,-1,1,2,6,7,1,0,4,4,0,0,0,1,4,-3,-3,3,0,1,0,0,1,-1,0,1,3,1
KR_6750144439,420,-1,-99,4,0,-5,0,5,2,4,2,3,3,0,-2,0,2,2,2,0,-2,5,2,-2,4,2,4,0,0,1,1,0,-1,2,1
KR_6742981316,440,3,38,-8,6,1,3,2,-6,1,7,2,2,0,7,9,2,2,2,0,0,7,-2,2,3,5,2,0,2,-1,1,1,1,1,1
KR_6749295340,440,3,-13,4,11,2,3,1,5,6,1,1,4,3,4,4,0,-1,2,3,-1,20,-7,2,2,4,0,0,0,1,0,0,-1,4,1
KR_6694062951,420,-1,41,-8,4,0,1,1,2,5,3,-4,1,5,3,7,4,3,3,0,0,7,0,1,1,2,0,0,0,1,-1,1,-1,3,1
KR_6713148094,420,-1,8,0,-2,-1,1,2,-1,1,2,1,2,1,-3,2,5,2,2,0,0,1,10,2,2,4,-3,0,-1,-1,-1,-1,-1,3,1
KR_6563347820,420,1,-69,-12,7,-4,0,4,4,4,0,2,3,1,4,4,0,1,2,1,0,14,1,2,0,2,-2,0,1,-1,0,1,1,4,1
KR_6665059269,420,1,38,8,4,0,1,1,-3,3,6,4,5,1,0,1,1,3,3,0,1,3,-18,-3,5,2,2,0,1,0,1,1,1,0,1
KR_6756867181,420,4,-33,32,9,1,2,1,-2,1,3,2,4,2,8,9,1,0,0,0,-1,15,-22,2,2,4,3,0,2,1,1,1,-1,5,1
KR_6756373605,420,1,22,4,4,2,5,3,-1,2,3,0,3,3,1,2,1,2,2,0,0,-3,4,-3,3,0,-1,0,1,1,1,1,-1,3,1
KR_6712382511,420,3,66,16,9,1,2,1,-3,3,6,1,2,1,7,8,1,3,5,2,0,7,14,-1,3,2,-3,0,0,1,1,0,1,2,1
KR_6728478109,420,1,69,0,0,2,2,0,-3,1,4,1,1,0,-1,1,2,1,1,0,-1,-1,2,-3,3,0,0,0,1,0,1,1,-1,0,1
KR_6729243003,420,6,110,26,7,5,5,0,-1,0,1,2,4,2,-2,2,4,3,3,0,-1,2,-41,-1,5,4,-1,0,0,1,1,1,-1,6,1
KR_6760203392,420,0,28,-12,5,1,3,2,2,2,0,1,2,1,2,2,0,-1,0,1,0,5,-15,-2,3,1,4,0,1,1,1,1,1,1,1
KR_6752491573,420,-1,24,-12,-4,-5,1,6,1,3,2,5,8,3,-6,1,7,1,1,0,0,0,4,-5,7,2,5,0,0,-1,-1,0,1,2,1
KR_6613087642,420,5,50,-8,13,2,3,1,6,6,0,6,7,1,-1,2,3,0,0,0,1,10,0,-1,3,2,3,0,1,1,0,1,1,3,1
KR_6743012922,420,7,81,4,17,7,7,0,3,4,1,6,6,0,2,4,2,-1,2,3,0,7,6,3,2,5,2,0,3,1,1,1,-1,4,1
KR_6743436488,420,2,68,12,8,3,6,3,1,4,3,4,6,2,-1,2,3,1,2,1,0,3,8,-1,4,3,0,0,0,-1,0,0,1,5,1
KR_6763518131,420,1,-7,-14,6,-3,2,5,-4,2,6,3,6,3,7,9,2,3,3,0,-1,4,16,7,1,8,0,0,0,1,-1,-1,-1,4,1
KR_6759483471,440,3,47,16,5,1,1,0,1,4,3,2,4,2,2,5,3,-1,0,1,0,5,-114,-4,5,1,6,0,0,-1,1,0,1,1,1
KR_6749728521,420,8,137,33,14,3,5,2,2,3,1,6,6,0,0,0,0,3,3,0,1,10,22,5,0,5,0,0,3,1,-1,1,1,4,1
KR_6745271581,420,1,-9,9,12,1,2,1,2,2,0,4,6,2,3,3,0,2,2,0,0,14,1,1,3,4,2,0,1,1,-1,1,1,2,1
KR_6665530074,420,7,80,-5,20,1,1,0,6,6,0,0,3,3,12,13,1,1,1,0,0,16,12,3,4,7,-1,0,2,1,-1,1,1,4,1
KR_6738634020,420,1,13,14,6,-1,1,2,5,8,3,3,3,0,0,1,1,-1,0,1,0,11,-40,-1,2,1,29,0,-1,0,-1,-1,1,0,1
KR_6645797055,440,2,-3,16,2,-6,0,6,4,4,0,0,3,3,3,3,0,1,1,0,-1,8,-328,1,0,1,-1,0,0,1,1,1,-1,6,1
KR_6761093779,440,6,58,-5,18,7,8,1,8,8,0,-2,3,5,3,3,0,2,2,0,0,15,-198,1,2,3,-1,0,1,1,1,1,-1,3,1
KR_6733352571,420,1,-41,1,3,3,3,0,1,6,5,1,3,2,-3,3,6,1,1,0,0,6,-2,-1,3,2,-4,0,-1,0,1,-1,-1,0,1
KR_6720354225,440,3,92,0,14,1,2,1,2,6,4,0,2,2,11,13,2,0,2,2,1,11,-8,3,2,5,0,0,1,1,1,1,-1,4,1
KR_6540699298,420,2,23,1,1,-1,2,3,2,4,2,-1,1,2,5,5,0,-4,3,7,-1,0,4,1,0,1,0,0,0,0,0,1,-1,0,1
KR_6741079860,420,7,128,-6,17,5,6,1,-2,0,2,3,7,4,11,12,1,0,0,0,0,6,-16,0,2,2,-1,0,1,1,1,1,1,6,1
KR_6710986224,420,2,83,-12,6,6,6,0,-6,1,7,3,4,1,1,1,0,2,3,1,0,6,10,2,1,3,0,0,3,1,1,1,1,6,1
KR_6719239645,440,-4,-43,-14,-3,1,1,0,0,3,3,-6,2,8,0,2,2,2,3,1,0,1,-30,-1,4,3,12,0,-1,-1,1,-1,-1,1,1
KR_6624096355,420,3,26,19,1,1,3,2,-3,2,5,2,2,0,2,6,4,-1,0,1,0,-4,-8,5,1,6,0,0,1,1,1,1,1,4,1
KR_6750014200,420,4,125,-20,15,2,4,2,6,6,0,0,3,3,6,7,1,1,3,2,0,9,0,-1,3,2,6,0,1,1,-1,1,-1,6,1
KR_6762957553,420,1,-36,26,3,-1,3,4,0,4,4,2,3,1,1,3,2,1,1,0,0,7,4,1,4,5,-1,0,-2,1,-1,-1,1,2,1
KR_6727951409,420,1,18,24,2,2,3,1,0,5,5,0,3,3,0,1,1,0,2,2,0,2,-4,0,1,1,-2,0,1,-1,1,1,1,1,1
KR_6747045147,420,5,119,24,4,3,3,0,0,1,1,1,3,2,2,4,2,-2,0,2,0,-4,150,2,1,3,1,0,2,1,-1,1,-1,4,1
KR_6659161425,420,0,9,16,7,-2,1,3,6,6,0,1,3,2,3,3,0,-1,0,1,0,6,-8,2,1,3,-2,0,1,0,1,1,-1,0,1
KR_6681910917,420,-1,73,-8,-1,-4,0,4,4,6,2,-1,0,1,0,0,0,0,0,0,0,2,-2,1,1,2,2,0,0,1,1,1,1,2,1
KR_6674875027,420,-2,17,0,-1,1,1,0,1,3,2,-3,3,6,0,0,0,0,0,0,1,0,-2,-1,6,5,2,0,0,-1,-1,-1,1,2,1
KR_6686577516,420,1,14,45,-5,3,5,2,0,2,2,-7,0,7,-1,2,3,0,1,1,-1,-2,22,0,2,2,0,0,0,0,-1,0,-1,0,1
KR_6761538938,420,4,37,20,2,4,6,2,-3,0,3,2,4,2,-4,2,6,3,5,2,-1,-5,-21,0,4,4,0,0,0,1,0,1,-1,2,1
KR_6651474190,440,6,41,48,14,6,7,1,4,5,1,3,5,2,2,5,3,-1,1,2,0,4,3,-3,4,1,0,0,2,-1,1,1,1,1,1
KR_6611320056,420,3,82,25,2,-3,1,4,-1,2,3,2,3,1,-1,1,2,5,5,0,0,3,4,0,1,1,-1,0,3,1,1,1,1,1,1
KR_6764349730,420,2,92,-14,8,1,3,2,2,2,0,5,5,0,3,3,0,-3,0,3,-1,0,27,1,1,2,-15,0,1,0,-1,1,-1,0,1
KR_6695859558,420,1,-46,16,-3,-1,1,2,2,3,1,-1,0,1,-5,2,7,2,3,1,0,-10,-10,5,4,9,-7,0,0,-1,-1,0,-1,4,1
KR_6714227619,420,2,35,-4,7,-1,2,3,6,6,0,4,5,1,-1,1,2,-1,1,2,0,2,2,2,2,4,2,0,1,1,1,1,-1,2,1
KR_6681230864,420,0,-37,8,2,-3,0,3,-1,2,3,7,7,0,-1,1,2,0,1,1,1,2,-3,-4,5,1,2,0,0,1,1,1,1,3,1
KR_6761372502,440,5,65,20,9,-1,2,3,10,11,1,0,2,2,-4,2,6,4,8,4,-1,-3,36,0,1,1,-15,0,2,1,1,1,-1,6,1
KR_6605133526,420,1,28,4,3,4,5,1,4,4,0,-2,3,5,-2,0,2,-1,1,2,0,5,-11,-1,4,3,2,0,0,0,1,0,-1,0,1
KR_6643542716,420,2,6,2,2,-1,1,2,-5,1,6,4,4,0,4,4,0,0,2,2,0,2,10,0,4,4,0,0,1,1,1,1,1,3,1
KR_6675653725,420,-1,-21,44,-2,-1,1,2,1,1,0,-4,0,4,6,7,1,-4,0,4,0,1,7,3,1,4,-2,0,0,1,-1,-1,1,5,1
KR_6741115995,440,-1,-87,-25,-3,0,2,2,4,5,1,-2,1,3,-3,3,6,-2,0,2,0,2,1,-1,5,4,-1,0,-2,-1,-1,-1,1,2,1
KR_6752977091,420,3,-36,24,4,1,3,2,3,3,0,1,2,1,-3,0,3,2,2,0,0,0,177,0,3,3,8,0,-1,1,1,-1,-1,1,1
KR_6733419674,420,1,-27,-4,9,0,2,2,1,2,1,4,5,1,3,5,2,1,3,2,0,5,0,2,0,2,-1,0,0,1,0,0,1,3,1
KR_6751199449,440,2,82,-29,16,4,5,1,5,7,2,0,3,3,7,8,1,0,0,0,0,12,6,3,3,6,5,0,2,1,-1,1,1,6,1
KR_6742922558,420,3,43,8,6,0,4,4,4,5,1,-3,1,4,4,7,3,1,2,1,0,3,2,3,0,3,-5,0,2,1,1,1,1,6,1
KR_6754274273,420,3,-21,12,8,4,4,0,-3,0,3,0,2,2,7,7,0,0,2,2,0,5,6,1,3,4,-1,0,1,-1,0,1,1,4,1
KR_6760329400,440,2,9,16,11,-1,1,2,5,6,1,3,4,1,4,5,1,0,1,1,0,14,-15,0,5,5,-3,0,1,1,-1,1,1,1,1
KR_6615420587,420,0,-17,-12,1,-4,2,6,1,4,3,3,3,0,0,0,0,1,1,0,0,4,44,4,2,6,-9,0,1,1,1,1,-1,3,1
KR_6574885177,420,1,64,14,2,-1,0,1,1,1,0,3,6,3,0,3,3,-1,0,1,0,-5,-203,1,4,5,3,0,1,0,1,1,1,0,1
KR_6643331069,420,8,76,16,17,5,5,0,1,2,1,5,5,0,3,3,0,3,4,1,0,12,3,0,1,1,1,0,0,1,1,1,1,2,1
KR_6749011120,420,2,87,15,4,2,3,1,2,6,4,1,2,1,0,1,1,-1,0,1,-1,-5,34,-1,2,1,-1,0,1,0,0,1,-1,0,1
KR_6763149203,420,1,29,-24,0,1,3,2,-3,0,3,-2,2,4,1,2,1,3,4,1,0,1,-1,-2,3,1,0,0,1,1,1,1,1,6,1
KR_6728532166,420,4,71,16,12,4,4,0,6,8,2,0,3,3,2,3,1,0,0,0,-1,6,-1,3,0,3,2,0,1,1,-1,1,-1,6,1
KR_6751109402,440,-5,-92,-14,-17,-1,2,3,-3,2,5,2,4,2,-10,1,11,-5,0,5,-1,-18,6,3,3,6,3,0,-2,-1,-1,-1,-1,1,1
KR_6747120926,420,1,63,4,2,5,5,0,1,4,3,-8,0,8,5,5,0,-1,1,2,0,7,18,6,0,6,1,0,1,0,-1,1,1,0,1
KR_6756254621,420,2,19,-12,12,7,8,1,4,5,1,1,5,4,2,2,0,-2,1,3,2,20,-2,3,1,4,2,0,2,1,1,1,1,6,1
KR_6756670416,420,5,88,21,14,3,3,0,2,3,1,7,8,1,2,3,1,0,0,0,0,9,-4,-5,5,0,4,0,3,1,1,1,1,3,1
KR_6762573114,420,4,6,13,13,4,5,1,4,4,0,3,4,1,1,4,3,1,1,0,0,12,26,1,5,6,3,0,0,1,1,1,-1,2,1
KR_6749357696,440,2,56,31,2,-1,0,1,-3,2,5,4,4,0,3,4,1,-1,0,1,0,-3,31,-4,4,0,-24,0,0,1,-1,0,1,6,1
KR_6746641925,420,-1,35,1,-3,0,1,1,-8,1,9,-1,0,1,6,8,2,0,4,4,0,1,7,2,3,5,-2,0,1,1,1,1,-1,6,1
KR_6719725556,420,1,74,10,3,-1,2,3,3,4,1,0,0,0,2,2,0,-1,0,1,0,5,-20,-5,8,3,6,0,0,-1,-1,1,1,3,1
KR_6729125022,420,4,78,117,4,-3,1,4,6,6,0,2,7,5,2,3,1,-3,0,3,0,-4,5,2,0,2,1,0,3,1,1,1,1,4,1
KR_6725065913,420,3,7,31,11,4,5,1,1,3,2,1,2,1,5,7,2,0,2,2,0,9,-1,0,4,4,3,0,1,1,-1,1,1,6,1
KR_6743536568,420,1,92,-26,2,3,3,0,-6,1,7,3,5,2,1,3,2,1,2,1,0,-2,-3,1,2,3,-21,0,-1,-1,-1,-1,-1,5,1
KR_6753332194,420,3,-2,23,6,0,1,1,0,2,2,6,10,4,-1,1,2,1,1,0,0,8,10,1,2,3,-1,0,1,-1,-1,1,1,4,1
KR_6750656355,440,1,72,-5,-6,2,4,2,-4,1,5,-5,0,5,1,4,3,0,4,4,1,-8,11,2,1,3,3,0,2,1,-1,1,1,6,1
KR_6604206030,420,4,90,-16,10,6,6,0,-3,1,4,1,1,0,7,8,1,-1,1,2,0,1,274,-1,3,2,0,0,0,1,1,-1,1,5,1
KR_6737177101,420,4,75,3,10,6,6,0,-2,3,5,7,8,1,-2,2,4,1,1,0,0,6,25,3,0,3,-1,0,2,1,-1,1,1,6,1
KR_6704103954,420,1,-31,69,13,5,8,3,6,6,0,-2,0,2,-1,3,4,5,5,0,2,8,-120,1,2,3,2,0,1,1,1,1,1,4,1
KR_6756518529,420,6,122,6,14,3,4,1,6,8,2,2,4,2,2,3,1,1,1,0,0,4,-34,-3,5,2,1,0,1,1,0,1,-1,1,1
KR_6639744553,420,2,40,20,5,2,4,2,2,3,1,-2,0,2,1,6,5,2,2,0,0,3,-1,-3,4,1,2,0,0,-1,0,0,1,3,1
KR_6719006708,440,2,32,8,0,0,3,3,0,2,2,0,1,1,-1,2,3,1,1,0,-3,0,-118,6,4,10,-1,0,0,-1,-1,1,-1,1,1
KR_6757973817,420,2,64,-8,3,2,4,2,1,5,4,6,7,1,-3,1,4,-3,2,5,0,1,11,-1,4,3,-3,0,1,0,1,1,-1,0,1
KR_6751874530,420,3,-35,16,10,0,1,1,-1,0,1,-2,1,3,13,13,0,0,0,0,0,14,0,0,1,1,-1,0,0,-1,1,-1,-1,4,1
KR_6674769067,440,-1,-3,-12,-1,-2,0,2,-3,2,5,-2,1,3,3,4,1,3,5,2,-1,-7,4,-5,8,3,1,0,-1,-1,-1,-1,-1,3,1
KR_6748322762,420,4,142,28,8,0,1,1,0,3,3,3,5,2,2,4,2,3,4,1,0,10,14,-3,4,1,0,0,1,1,0,1,-1,4,1
KR_6741546501,420,9,-16,80,9,4,5,1,3,3,0,1,2,1,3,5,2,-2,0,2,0,10,-33,-3,4,1,30,0,2,1,1,-1,-1,6,1
KR_6749010270,420,2,9,16,-6,1,4,3,1,2,1,-4,0,4,-4,2,6,0,1,1,0,-13,-6,-4,6,2,3,0,0,-1,0,0,1,3,1
KR_6762693819,420,0,14,3,1,-1,1,2,4,5,1,-3,1,4,4,6,2,-3,1,4,0,2,-117,3,2,5,2,0,0,0,-1,0,-1,0,1
KR_6757927439,420,3,5,-25,11,6,6,0,0,1,1,3,3,0,0,1,1,2,2,0,0,4,5,5,0,5,-1,0,1,-1,1,1,1,6,1
KR_6758751009,420,7,155,36,13,13,13,0,1,3,2,0,1,1,0,0,0,-1,1,2,0,-4,30,4,1,5,-4,0,2,1,0,1,-1,6,1
KR_6760437146,440,-1,36,-6,4,0,0,0,0,2,2,1,1,0,0,6,6,3,3,0,0,0,-6,1,4,5,-2,0,0,1,0,1,-1,4,1
KR_6694997514,420,1,13,26,-1,-1,1,2,2,3,1,2,5,3,0,1,1,-4,0,4,0,-3,0,-3,6,3,1,0,0,1,-1,0,1,6,1
KR_6755419166,420,5,47,5,11,-1,1,2,2,5,3,3,3,0,10,10,0,-3,0,3,0,9,301,3,2,5,2,0,3,1,-1,1,1,3,1
KR_6647425807,420,3,-5,16,6,0,1,1,3,4,1,2,3,1,0,0,0,1,2,1,0,3,-4,-1,1,0,0,0,0,0,1,-1,1,0,1
KR_6557886200,440,6,126,40,11,5,6,1,3,3,0,1,1,0,2,3,1,0,1,1,0,6,-16,-3,8,5,9,0,2,1,1,1,1,6,1
KR_6744644980,420,-1,-20,-32,-2,0,4,4,-2,0,2,-1,5,6,3,4,1,-2,0,2,0,-1,145,3,0,3,-21,0,0,-1,0,0,1,1,1
KR_6738470052,420,-3,-111,4,-11,-4,0,4,-3,1,4,-4,1,5,-2,2,4,2,2,0,0,-5,-45,-2,5,3,30,0,-2,-1,-1,-1,-1,2,1
KR_6756579469,420,5,50,4,13,0,2,2,2,3,1,5,5,0,6,6,0,0,0,0,0,20,158,4,2,6,-3,0,2,1,1,1,-1,5,1
KR_6660801363,420,-2,9,-29,-8,-3,0,3,3,4,1,-7,2,9,0,2,2,-1,0,1,0,-2,422,-4,4,0,2,0,-1,-1,-1,-1,1,6,1
KR_6752571343,420,3,39,20,8,4,5,1,0,4,4,5,5,0,-2,1,3,1,3,2,0,1,-28,-2,3,1,5,0,2,1,1,1,1,6,1
KR_6719840317,420,2,9,12,5,1,2,1,0,2,2,0,2,2,5,6,1,-1,0,1,0,3,-190,-2,4,2,1,0,0,1,-1,0,1,4,1
KR_6603954896,420,2,-85,29,2,0,2,2,0,3,3,4,5,1,-3,3,6,1,4,3,1,7,9,-1,3,2,-1,0,0,1,-1,-1,1,1,1
KR_6744583503,420,4,18,4,5,-1,0,1,0,0,0,2,3,1,5,6,1,-1,0,1,-3,-2,1,1,2,3,0,0,0,1,-1,0,-1,5,1
KR_6626878808,420,0,56,1,3,-1,1,2,2,2,0,4,6,2,-2,2,4,0,0,0,-1,-2,-20,1,2,3,2,0,1,-1,1,1,-1,3,1
KR_6744397498,420,1,-3,48,0,1,2,1,0,1,1,0,4,4,0,3,3,-1,1,2,0,5,-23,-2,2,0,3,0,0,0,0,0,-1,0,1
KR_6606778898,420,2,54,5,5,1,4,3,-3,0,3,-5,3,8,9,9,0,3,4,1,-1,9,1,-1,2,1,4,0,0,0,1,1,-1,0,1
KR_6756042737,420,1,36,-16,3,-2,0,2,3,4,1,0,0,0,0,1,1,2,2,0,0,4,-13,0,3,3,2,0,-1,1,0,-1,1,2,1
KR_6642173151,420,1,-36,8,4,-1,0,1,5,9,4,3,3,0,-4,2,6,1,4,3,0,-3,0,-1,2,1,0,0,-1,1,-1,-1,-1,6,1
KR_6753857674,420,1,35,4,5,1,1,0,-1,2,3,0,2,2,3,3,0,2,3,1,0,5,-28,4,0,4,23,0,1,1,1,1,1,6,1
KR_6759847862,440,-1,26,-28,-3,-3,1,4,-1,0,1,1,2,1,0,1,1,0,0,0,0,-4,-13,1,4,5,2,0,0,-1,1,0,1,3,1
KR_6679106606,420,5,29,30,7,2,5,3,3,6,3,1,2,1,2,3,1,-1,0,1,0,1,10,3,2,5,0,0,1,0,1,1,1,0,1
KR_6762877517,440,4,2,4,9,-2,5,7,0,2,2,4,5,1,5,8,3,2,3,1,0,12,3,2,1,3,-3,0,-1,1,1,-1,1,4,1
KR_6730861233,420,-1,70,-36,-1,-3,1,4,-3,1,4,4,7,3,3,6,3,-2,0,2,0,-5,-189,2,2,4,1,0,-1,-1,-1,-1,1,1,1
KR_6745011143,420,4,82,-9,-8,-7,1,8,0,3,3,-1,0,1,0,0,0,0,2,2,0,-5,138,-2,6,4,4,0,1,1,-1,1,-1,1,1
KR_6652642111,420,3,31,2,5,5,7,2,-1,0,1,0,4,4,1,1,0,0,1,1,0,2,5,2,2,4,0,0,1,0,-1,1,1,0,1
KR_6695315611,420,0,-5,26,-4,4,6,2,1,2,1,-3,0,3,-7,1,8,1,2,1,0,-5,4,2,1,3,3,0,2,1,1,1,1,5,1
KR_6736247726,420,3,1,37,6,-2,3,5,3,5,2,1,3,2,5,6,1,-1,0,1,0,2,-7,-1,4,3,2,0,-1,1,-1,-1,-1,3,1
KR_6746689485,420,-3,-31,-18,-4,0,4,4,0,2,2,-6,1,7,3,5,2,-1,0,1,0,-8,-18,-5,5,0,1,0,-2,-1,1,-1,-1,1,1
KR_6743269440,440,0,38,-24,2,2,4,2,0,3,3,3,5,2,0,5,5,-3,1,4,-1,6,-8,4,2,6,2,0,0,1,1,-1,-1,1,1
KR_6755965324,420,1,96,-23,-2,1,1,0,-5,3,8,0,2,2,0,2,2,2,2,0,0,5,17,-2,5,3,1,0,1,-1,1,1,-1,3,1
KR_6761800804,440,1,81,20,5,-1,0,1,-1,1,2,1,2,1,5,6,1,1,2,1,0,4,-6,-2,4,2,0,0,0,-1,0,0,1,6,1
KR_6760302690,420,4,28,6,0,2,2,0,-1,2,3,3,6,3,-2,2,4,-2,1,3,-1,1,4,-2,3,1,1,0,1,0,0,1,-1,0,1
KR_6691144906,420,4,31,-17,16,1,2,1,2,3,1,2,2,0,7,8,1,4,6,2,1,13,38,3,0,3,-19,0,2,1,1,1,1,2,1
KR_6736366305,420,4,39,44,8,2,3,1,0,1,1,1,2,1,1,4,3,4,4,0,1,8,-2,0,1,1,1,0,1,1,1,1,1,4,1
KR_6708337049,420,3,4,4,9,8,8,0,0,4,4,-1,2,3,0,2,2,2,2,0,0,1,1,2,0,2,0,0,2,-1,1,1,1,4,1
KR_6704181675,420,5,69,28,7,1,1,0,1,6,5,3,4,1,0,4,4,2,3,1,1,10,119,5,1,6,0,0,1,1,1,1,1,1,1
KR_6759146103,440,6,144,44,10,3,4,1,-1,2,3,6,8,2,-2,0,2,4,5,1,0,1,12,4,1,5,0,0,3,1,1,1,1,4,1
KR_6683777123,420,1,-45,14,0,1,1,0,5,6,1,3,3,0,-8,2,10,-1,1,2,-1,-3,7,0,2,2,2,0,0,1,0,0,-1,5,1
KR_6750992443,420,-1,18,24,4,2,2,0,3,9,6,0,4,4,0,1,1,-1,0,1,1,4,30,0,6,6,1,0,0,-1,1,-1,1,3,1
KR_6683774807,420,2,57,-7,4,8,8,0,-2,1,3,0,1,1,-1,4,5,-1,0,1,0,-6,9,4,2,6,-2,0,1,1,0,1,1,6,1
KR_6732816935,420,6,54,25,15,0,1,1,8,9,1,1,2,1,4,5,1,2,2,0,0,20,21,5,0,5,0,0,0,1,-1,-1,-1,1,1
KR_6535927113,420,-2,-7,31,-3,-1,1,2,2,2,0,-1,1,2,-3,1,4,0,0,0,0,-5,48,4,1,5,0,0,-1,-1,1,-1,1,1,1
KR_6764460889,420,5,32,24,14,1,2,1,4,5,1,2,4,2,5,6,1,2,2,0,0,9,14,-4,7,3,7,0,2,1,-1,1,1,5,1
KR_6654432727,420,1,6,11,-1,1,2,1,-2,3,5,0,1,1,1,1,0,-1,1,2,0,-5,20,2,1,3,-2,0,0,0,0,0,-1,0,1
KR_6681855674,420,-2,-10,24,-3,0,2,2,-4,1,5,-1,0,1,2,2,0,0,0,0,0,-4,15,5,0,5,-3,0,1,1,1,1,-1,1,1
KR_6760116136,420,3,149,15,11,5,6,1,2,2,0,3,5,2,5,9,4,-4,0,4,1,8,3,2,4,6,0,0,1,1,-1,1,1,5,1
KR_6656644431,420,-1,-61,6,0,0,1,1,0,1,1,3,5,2,-3,2,5,0,1,1,0,0,3,1,6,7,-5,0,-1,-1,-1,-1,1,1,1
KR_6723183372,420,2,-11,22,2,-4,1,5,3,5,2,2,2,0,0,1,1,1,2,1,0,2,145,0,3,3,3,0,2,-1,1,1,1,1,1
KR_6655892310,420,3,-31,41,-2,-1,0,1,0,3,3,1,5,4,-2,2,4,0,0,0,0,-9,38,-7,10,3,-18,0,2,1,1,1,-1,6,1
KR_6662775754,440,2,90,8,10,5,5,0,-1,0,1,3,6,3,6,9,3,-3,0,3,1,8,4,0,1,1,1,0,2,-1,-1,1,1,6,1
KR_6682591366,420,3,48,24,3,1,2,1,1,2,1,-1,2,3,0,2,2,2,2,0,0,2,41,0,3,3,-13,0,0,1,-1,1,-1,2,1
KR_6762787466,420,2,25,-1,5,5,7,2,-3,2,5,2,3,1,1,1,0,0,0,0,0,-2,4,0,4,4,3,0,1,0,1,1,1,0,1
KR_6761579507,420,1,6,13,1,2,5,3,0,1,1,-1,0,1,0,1,1,0,0,0,0,-3,2,-2,5,3,-3,0,0,1,-1,1,1,5,1
KR_6658245153,420,5,90,8,5,-1,0,1,1,2,1,4,5,1,2,6,4,-1,1,2,-1,3,8,-1,2,1,0,0,3,-1,1,1,-1,1,1
KR_6732448606,420,2,41,-7,0,1,2,1,-1,3,4,0,3,3,2,3,1,-2,0,2,0,1,99,-3,3,0,2,0,0,1,-1,-1,1,6,1
KR_6761091883,420,1,28,8,-2,0,2,2,1,1,0,-1,2,3,-1,3,4,-1,0,1,0,-2,6,2,1,3,2,0,1,-1,-1,1,-1,3,1
KR_6697684340,420,-1,14,20,-9,-5,1,6,1,1,0,-1,1,2,-3,0,3,-1,0,1,0,-8,12,0,7,7,-1,0,1,1,1,1,-1,1,1
KR_6740108369,420,1,15,-17,0,0,1,1,3,3,0,3,3,0,-4,0,4,-2,0,2,0,-1,-20,-5,6,1,-3,0,0,1,-1,0,1,1,1
KR_6062476249,420,5,63,-4,13,3,4,1,3,5,2,-1,1,2,8,8,0,0,2,2,2,14,-39,-1,3,2,17,0,0,-1,-1,1,1,3,1
KR_6654503149,420,1,17,36,6,1,2,1,0,2,2,3,3,0,0,3,3,2,2,0,0,1,-2,-3,3,0,0,0,0,0,1,0,-1,0,1
KR_6686835239,420,4,5,8,2,0,1,1,4,4,0,-1,2,3,-2,2,4,1,1,0,0,1,127,7,1,8,0,0,0,0,0,0,1,0,1
KR_6664134089,420,2,11,0,5,0,2,2,1,3,2,1,2,1,-1,2,3,4,4,0,0,1,-1,-1,3,2,0,0,0,1,-1,1,1,2,1
KR_6744303739,420,4,28,28,7,-2,1,3,4,5,1,2,5,3,3,4,1,0,2,2,0,4,12,3,4,7,2,0,1,1,1,1,1,3,1
KR_6763323369,420,2,-52,-22,10,2,3,1,1,2,1,5,5,0,0,1,1,2,2,0,0,11,-2,2,1,3,6,0,0,1,0,0,1,4,1
KR_6682958761,420,3,75,-9,8,2,4,2,5,6,1,0,3,3,-1,2,3,2,3,1,0,5,1,0,0,0,5,0,3,-1,0,1,-1,2,1
KR_6739511500,420,3,81,4,7,2,4,2,-2,2,4,4,4,0,3,3,0,0,0,0,0,3,-1,-2,2,0,-3,0,1,1,1,1,1,5,1
KR_6671745066,420,11,157,59,15,6,7,1,5,5,0,0,4,4,4,6,2,0,0,0,0,10,-14,1,2,3,3,0,2,1,-1,1,-1,3,1
KR_6751521430,420,1,-36,36,4,3,3,0,3,6,3,1,3,2,-1,1,2,-2,0,2,0,2,3,-1,5,4,6,0,-1,0,1,-1,1,0,1
KR_6760250538,420,3,24,19,3,3,3,0,3,5,2,0,1,1,-3,0,3,0,0,0,0,-2,-16,2,1,3,-1,0,1,-1,1,1,1,2,1
KR_6748714689,420,1,-46,4,7,0,2,2,4,7,3,4,7,3,-2,1,3,1,2,1,2,9,18,0,5,5,2,0,1,-1,0,-1,1,2,1
KR_6663876599,440,1,32,21,1,2,3,1,0,1,1,3,3,0,-2,2,4,-2,0,2,0,-1,27,5,2,7,-3,0,0,1,1,1,-1,6,1
KR_6748209969,420,1,-17,12,8,0,1,1,2,3,1,2,2,0,6,7,1,-2,3,5,0,11,-11,3,1,4,5,0,1,1,-1,1,1,5,1
KR_6703208494,420,1,14,0,1,-1,3,4,-1,2,3,1,2,1,1,5,4,1,2,1,0,2,-232,0,2,2,-2,0,0,0,-1,0,-1,0,1
KR_6685849492,420,7,129,44,12,3,3,0,3,5,2,2,2,0,-1,2,3,5,6,1,-1,6,13,4,1,5,-1,0,1,0,1,1,-1,0,1
KR_6759860998,420,3,-19,-26,2,2,3,1,4,6,2,-3,4,7,0,5,5,-1,1,2,0,6,213,-3,8,5,3,0,1,0,1,1,1,0,1
KR_6602536444,420,-3,-9,-7,-5,1,3,2,-5,2,7,0,5,5,-1,1,2,0,0,0,-1,-3,-171,2,1,3,-2,0,-1,-1,1,-1,-1,6,1
KR_6739135796,420,4,74,-8,14,1,3,2,1,1,0,5,5,0,4,5,1,3,4,1,0,13,14,-1,1,0,1,0,1,1,1,1,1,1,1
KR_6728402639,420,3,-43,28,14,3,3,0,-3,2,5,9,11,2,4,6,2,1,1,0,-1,12,-5,0,4,4,6,0,0,1,1,0,-1,2,1
KR_6753060128,420,0,36,24,0,2,3,1,0,2,2,-2,1,3,0,3,3,0,1,1,0,0,-4,-1,3,2,0,0,0,0,0,0,1,0,1
KR_6699513003,420,7,-57,61,13,1,1,0,5,5,0,0,2,2,5,9,4,2,3,1,0,13,-130,1,3,4,-2,0,1,1,1,1,-1,5,1
KR_6726192600,420,4,50,23,8,3,3,0,-2,1,3,5,6,1,2,2,0,0,1,1,0,10,-5,1,2,3,2,0,2,1,1,1,-1,5,1
KR_6741250153,420,3,9,17,11,-3,0,3,0,4,4,7,8,1,2,5,3,5,6,1,0,1,-4,0,2,2,5,0,2,0,1,1,-1,0,1
KR_6733393328,420,-3,48,-32,-8,2,2,0,1,1,0,-5,0,5,-2,1,3,-4,2,6,0,-5,45,0,0,0,-2,0,-1,-1,1,-1,1,6,1
KR_6749116770,420,3,4,12,3,2,3,1,-2,2,4,3,3,0,0,1,1,0,1,1,0,3,-338,0,3,3,4,0,0,1,-1,1,1,3,1
KR_6732429458,420,3,18,5,4,0,2,2,1,2,1,3,4,1,5,6,1,-5,1,6,0,5,-5,0,2,2,1,0,0,1,0,0,-1,6,1
KR_6726093282,420,-3,-41,-2,-5,-7,1,8,3,3,0,0,0,0,0,2,2,-1,0,1,0,-4,-27,4,2,6,-4,0,0,1,1,0,-1,5,1
KR_6742205741,440,3,-2,24,10,-1,0,1,4,4,0,2,3,1,4,5,1,1,3,2,0,13,-2,-2,4,2,4,0,0,0,1,0,-1,0,1
KR_6740840339,420,2,67,0,0,-1,1,2,0,1,1,5,6,1,-4,3,7,0,2,2,0,2,-1,5,0,5,1,0,0,0,0,0,1,0,1
KR_6696966732,420,0,-43,4,6,-1,1,2,1,2,1,2,3,1,2,4,2,2,2,0,0,8,9,2,3,5,1,0,0,-1,0,1,1,4,1
KR_6754334186,420,2,45,-4,-1,2,3,1,2,3,1,0,2,2,-3,1,4,-2,0,2,0,-5,49,3,2,5,-34,0,1,-1,1,1,1,5,1
KR_6750654594,420,-3,-39,20,-6,-8,0,8,1,2,1,4,4,0,-2,1,3,-1,0,1,0,-5,3,1,3,4,0,0,0,0,0,0,-1,0,1
KR_6630057096,420,-2,-23,-40,-2,-3,0,3,2,2,0,6,7,1,-6,0,6,-1,1,2,0,-3,-2,1,0,1,-3,0,-1,-1,0,-1,1,6,1
KR_6663564455,420,-3,3,-24,-9,-2,0,2,-4,5,9,-3,1,4,4,6,2,-4,0,4,-3,-10,-13,-5,5,0,-1,0,-2,-1,-1,-1,-1,5,1
KR_6618383247,420,1,101,8,3,4,5,1,-2,1,3,3,4,1,-1,2,3,-1,0,1,1,4,31,3,3,6,-21,0,1,1,-1,1,1,3,1
KR_6745677687,420,-2,32,-34,-2,-3,1,4,6,7,1,0,0,0,-4,0,4,-1,2,3,0,-4,6,-3,5,2,-2,0,0,-1,1,1,-1,1,1
KR_6652415380,420,3,30,20,6,6,6,0,2,3,1,-4,3,7,2,7,5,0,3,3,0,6,-60,-1,5,4,-6,0,-1,1,1,-1,-1,3,1
KR_6638338177,420,0,25,24,8,7,7,0,0,3,3,0,0,0,-1,1,2,2,2,0,0,7,3,2,1,3,4,0,2,1,1,1,-1,2,1
KR_6639672170,440,0,-19,1,-1,-2,2,4,-5,5,10,0,1,1,3,4,1,3,3,0,0,-2,-112,1,4,5,2,0,-2,1,-1,-1,1,2,1
KR_6746122785,420,5,38,-20,13,4,5,1,3,6,3,2,4,2,5,6,1,-1,3,4,1,4,280,0,1,1,0,0,3,1,-1,1,1,3,1
KR_6677697036,420,11,160,16,11,5,5,0,1,2,1,1,1,0,1,2,1,3,3,0,1,9,15,4,0,4,-2,1,6,0,1,1,1,0,1
KR_6724534764,420,6,143,16,10,-2,3,5,1,2,1,5,6,1,3,4,1,3,3,0,-1,2,18,7,2,9,-6,0,1,0,0,1,-1,0,1
KR_6762838254,420,-1,14,-12,-4,2,3,1,3,4,1,-2,1,3,0,2,2,-7,0,7,0,-7,-37,-2,6,4,16,0,-1,-1,-1,-1,-1,5,1
KR_6735813815,420,1,19,16,-3,-1,1,2,0,2,2,0,1,1,-2,0,2,0,1,1,0,-3,14,0,3,3,-1,0,0,-1,1,0,-1,4,1
KR_6655516409,420,5,77,22,12,1,4,3,2,4,2,5,7,2,3,4,1,1,2,1,1,15,-3,-3,3,0,1,0,3,1,1,1,1,3,1
KR_6742696186,420,1,57,20,2,5,5,0,-3,2,5,1,2,1,-1,3,4,0,1,1,0,-4,-177,-4,5,1,2,0,1,-1,1,1,1,6,1
KR_6764193446,420,2,63,7,12,2,4,2,3,5,2,-1,3,4,5,8,3,3,4,1,0,4,7,-1,2,1,2,0,3,-1,1,1,1,6,1
KR_6723791742,420,-2,-35,-17,-1,-2,1,3,-1,3,4,6,7,1,-3,1,4,-1,0,1,0,-5,-2,-1,5,4,-1,0,0,0,-1,-1,1,0,1
KR_6762404856,420,-2,42,-5,-1,-4,0,4,6,7,1,1,1,0,-1,1,2,-3,0,3,0,-2,-9,-5,5,0,1,0,0,-1,1,0,-1,5,1
KR_6758850184,420,4,6,22,3,-1,0,1,2,2,0,5,7,2,-2,4,6,-1,1,2,-2,-9,2,2,3,5,2,0,0,1,1,0,-1,1,1
KR_6755009727,420,5,129,52,14,9,9,0,-1,2,3,-2,0,2,7,7,0,1,3,2,0,5,45,0,1,1,-23,1,4,1,1,1,1,1,1
KR_6744568715,420,2,14,21,12,-2,0,2,5,5,0,2,3,1,4,7,3,3,5,2,0,6,-1,1,3,4,3,0,1,-1,1,1,1,2,1
KR_6727277001,420,2,19,-9,3,-6,1,7,1,2,1,3,5,2,2,2,0,3,3,0,-1,4,2,4,2,6,3,0,2,1,1,1,-1,6,1
KR_6740243131,440,-6,-63,-21,-7,3,4,1,2,4,2,-4,0,4,-5,0,5,-3,0,3,0,-3,-2,1,1,2,0,0,0,1,-1,-1,1,2,1
KR_6743697934,420,-2,5,-22,-5,1,1,0,-4,2,6,-9,0,9,3,5,2,4,4,0,-1,8,-13,0,3,3,-4,0,-2,1,-1,-1,-1,5,1
KR_6758765972,420,2,18,16,7,5,5,0,2,2,0,-2,1,3,-5,1,6,7,10,3,1,14,-16,2,1,3,-2,0,2,1,1,-1,1,2,1
KR_6758891382,420,0,7,19,-3,2,2,0,1,3,2,-3,1,4,-5,0,5,2,2,0,0,-5,1,-3,5,2,0,0,0,1,-1,0,-1,3,1
KR_6733301375,420,3,75,-8,3,5,5,0,0,1,1,-2,1,3,1,2,1,-1,1,2,1,0,-327,0,4,4,-4,0,1,-1,-1,1,1,5,1
KR_6757937529,420,2,-21,-16,5,0,2,2,2,2,0,3,4,1,-3,1,4,3,4,1,1,7,-41,-2,5,3,27,0,1,1,1,1,1,2,1
KR_6624160372,440,1,15,36,4,-2,0,2,3,5,2,1,3,2,1,2,1,1,2,1,0,4,5,3,0,3,2,0,1,-1,-1,1,1,3,1
KR_6762121438,420,-3,-59,-80,2,0,0,0,3,5,2,0,3,3,-3,1,4,2,2,0,-2,8,-13,0,3,3,2,0,0,0,0,0,-1,0,1
KR_6762381941,420,1,4,51,-2,1,3,2,1,4,3,-5,2,7,1,2,1,0,1,1,0,-7,-59,4,2,6,11,0,0,-1,1,0,1,6,1
KR_6638560183,420,3,22,12,8,0,2,2,-1,2,3,4,5,1,3,3,0,2,2,0,1,17,2,-1,4,3,2,0,2,0,1,1,1,0,1
KR_6657152256,420,4,48,-21,9,0,0,0,3,4,1,0,1,1,3,5,2,3,3,0,0,8,232,-5,7,2,6,0,1,1,1,1,1,3,1
KR_6737017119,420,-1,62,-13,-2,-2,0,2,3,4,1,-5,1,6,3,5,2,-1,1,2,1,3,-182,5,0,5,0,0,0,-1,-1,0,1,1,1
KR_6626609877,420,-1,0,-42,6,0,1,1,4,5,1,3,3,0,1,2,1,-2,2,4,0,8,2,1,3,4,-1,0,0,-1,-1,0,1,3,1
KR_6747711842,420,1,-12,55,-1,-1,0,1,1,2,1,-1,2,3,-2,0,2,2,2,0,0,1,11,1,2,3,-2,0,0,1,0,0,-1,4,1
KR_6705557039,420,-1,65,12,-7,2,5,3,-1,2,3,-1,0,1,-6,1,7,-1,0,1,1,-14,-12,-3,5,2,1,0,1,-1,1,1,1,4,1
KR_6760692196,420,-1,28,0,-1,-3,1,4,-1,1,2,1,1,0,-1,1,2,3,6,3,0,2,-67,0,5,5,1,0,0,1,0,0,-1,3,1
KR_6746569080,420,3,29,-12,6,1,1,0,4,5,1,2,5,3,-1,0,1,0,0,0,1,12,-61,1,3,4,2,0,1,-1,-1,1,1,3,1
KR_6764174258,420,2,7,-46,10,1,4,3,4,4,0,4,6,2,1,3,2,0,2,2,0,6,1,2,2,4,-2,0,0,1,0,0,1,6,1
KR_6627194628,420,-1,-55,47,-3,-6,0,6,2,2,0,3,5,2,-1,0,1,-1,1,2,0,2,-5,0,2,2,-2,0,0,-1,1,0,1,5,1
KR_6738746507,420,-1,34,3,4,2,3,1,-1,3,4,-2,1,3,6,7,1,-1,0,1,0,5,0,4,0,4,-4,0,0,1,1,0,1,2,1
KR_6731425837,440,1,68,-6,4,3,5,2,-1,3,4,1,3,2,0,3,3,1,2,1,1,9,19,1,6,7,0,0,0,-1,-1,0,1,2,1
KR_6723193985,420,3,83,-16,12,5,5,0,3,3,0,1,4,3,1,1,0,2,2,0,0,12,-99,2,4,6,3,0,3,-1,-1,-1,-1,4,1
KR_6693483565,420,0,70,2,-4,0,2,2,-2,0,2,3,3,0,-3,3,6,-2,0,2,0,-6,-3,-4,4,0,6,0,0,1,-1,0,-1,3,1
KR_6758697959,420,-2,-31,1,-12,-1,0,1,0,1,1,-2,2,4,-4,2,6,-5,2,7,-2,-13,23,-1,1,0,-6,0,-1,1,1,-1,-1,2,1
KR_6664990014,420,3,139,24,3,1,3,2,2,3,1,2,2,0,-4,0,4,2,2,0,0,-2,41,2,2,4,-14,0,2,1,1,1,-1,4,1
KR_6711042381,420,-1,33,-1,0,2,2,0,1,2,1,-7,0,7,4,6,2,0,1,1,0,4,-124,1,5,6,0,0,0,0,1,0,1,0,1
KR_6759187392,420,0,-87,-12,6,0,1,1,3,4,1,4,5,1,1,4,3,-2,0,2,0,11,-6,-1,4,3,4,0,-1,1,-1,-1,1,5,1
KR_6762100847,420,1,36,0,-1,6,7,1,-9,1,10,1,4,3,0,0,0,1,1,0,0,2,1,-1,2,1,2,0,2,-1,1,1,-1,6,1
KR_6698708044,420,5,17,10,16,1,3,2,4,5,1,0,4,4,8,8,0,3,3,0,0,18,-44,4,2,6,15,0,0,1,0,1,1,3,1
KR_6761688388,420,2,28,18,9,5,7,2,2,4,2,3,5,2,0,3,3,-1,1,2,0,4,-62,-1,2,1,17,0,1,1,1,1,1,3,1
KR_6751920469,420,1,-29,-7,2,0,2,2,-3,0,3,4,5,1,2,3,1,-1,0,1,0,-2,-2,2,2,4,0,0,0,1,0,-1,-1,6,1
KR_6665182337,420,2,84,-8,14,3,5,2,-2,2,4,7,7,0,6,7,1,0,0,0,0,7,-1,0,4,4,-2,0,0,1,1,1,1,3,1
KR_6724985255,420,1,6,16,1,1,4,3,-5,1,6,1,2,1,2,3,1,2,2,0,0,-2,-5,-4,6,2,3,0,0,-1,1,0,-1,5,1
KR_6739517235,420,1,44,0,7,0,3,3,0,3,3,-3,0,3,10,10,0,0,1,1,0,14,-38,1,2,3,6,0,1,1,1,1,1,1,1
KR_6607855801,420,5,105,-26,13,5,6,1,5,8,3,1,1,0,2,5,3,0,0,0,1,11,-35,2,2,4,1,1,5,1,-1,1,1,3,1
KR_6748706667,420,3,76,21,5,5,5,0,0,3,3,2,2,0,-1,4,5,-1,0,1,0,1,361,0,3,3,3,0,1,1,1,1,1,3,1
KR_6743046250,420,1,68,20,11,5,5,0,-2,1,3,-1,1,2,5,8,3,4,6,2,1,12,-1,-1,1,0,-1,0,2,1,0,1,1,5,1
KR_6689639551,420,4,61,-24,10,2,4,2,2,5,3,0,6,6,6,7,1,0,0,0,0,14,1,3,4,7,0,0,2,-1,0,1,1,3,1
KR_6666452006,420,5,78,60,9,1,2,1,6,6,0,0,2,2,2,7,5,0,1,1,0,5,-179,0,2,2,2,0,0,1,1,1,1,5,1
KR_6753903325,420,3,48,12,4,0,1,1,-3,0,3,0,1,1,2,3,1,5,7,2,0,6,10,2,3,5,6,0,2,1,1,1,1,1,1
KR_6742787304,420,7,106,0,11,11,11,0,-1,1,2,2,4,2,-2,1,3,1,2,1,0,-6,-44,-1,2,1,5,0,3,-1,1,1,1,6,1
KR_6706500674,420,2,47,-8,4,2,4,2,0,3,3,2,2,0,-2,1,3,2,5,3,-1,1,-27,5,1,6,15,0,1,1,1,1,-1,3,1
KR_6673877642,420,4,39,-14,3,2,3,1,0,5,5,-1,0,1,1,2,1,1,2,1,0,5,2,6,1,7,-2,0,0,-1,-1,1,-1,3,1
KR_6762292824,440,4,17,36,12,1,2,1,3,3,0,3,3,0,3,3,0,2,2,0,0,9,-1,1,1,2,2,0,0,1,0,1,1,1,1
KR_6713182502,420,4,85,4,11,3,3,0,8,9,1,-2,2,4,0,1,1,2,2,0,0,5,25,-1,5,4,2,0,1,-1,1,1,1,1,1
KR_6740947970,420,7,124,37,13,3,4,1,4,7,3,-2,1,3,3,4,1,5,5,0,-1,4,10,6,0,6,0,0,1,1,1,1,-1,4,1
KR_6741992764,420,1,2,-16,3,1,2,1,1,1,0,-2,0,2,2,4,2,1,2,1,0,5,-29,3,2,5,3,0,0,-1,-1,0,-1,4,1
KR_6762193319,420,0,69,-12,5,4,5,1,2,2,0,3,4,1,1,2,1,-5,0,5,0,-4,-5,3,0,3,-1,0,1,-1,1,1,1,3,1
KR_6675909505,420,0,55,16,-5,2,4,2,-6,1,7,-1,1,2,1,2,1,-1,0,1,-1,-9,0,-1,2,1,3,0,0,1,0,1,-1,3,1
KR_6703667196,420,3,92,14,-2,3,6,3,-4,1,5,0,0,0,-2,1,3,1,1,0,-1,-7,39,-1,3,2,-5,0,2,-1,-1,1,-1,4,1
KR_6756892370,420,3,43,23,10,4,5,1,-4,2,6,3,3,0,6,6,0,1,1,0,0,7,-47,0,2,2,19,0,0,0,0,0,1,0,1
KR_6730775643,440,5,47,11,10,0,0,0,0,2,2,1,2,1,6,6,0,3,3,0,0,12,-51,0,4,4,22,0,1,1,1,1,1,6,1
KR_6724879440,420,3,123,-1,4,0,0,0,-3,1,4,3,3,0,0,1,1,4,4,0,2,3,-217,-1,4,3,1,0,-1,1,-1,1,1,5,1
KR_6758843046,420,-2,-6,-43,-6,-4,2,6,-1,1,2,-1,4,5,-2,1,3,2,2,0,0,-1,-9,-5,7,2,4,0,0,-1,1,0,-1,1,1
KR_6751069534,420,5,22,24,5,2,3,1,1,3,2,0,3,3,2,4,2,0,1,1,0,11,13,-2,5,3,9,0,2,1,1,1,-1,1,1
KR_6601481281,420,1,4,4,14,-3,1,4,7,9,2,0,3,3,10,13,3,0,2,2,0,13,9,2,3,5,2,0,1,1,-1,1,1,1,1
KR_6760807395,420,0,19,12,-4,3,4,1,-4,0,4,1,2,1,-2,2,4,-2,0,2,0,-9,5,-2,6,4,-3,0,0,1,1,0,-1,2,1
KR_6760758599,420,0,-3,-2,9,4,5,1,1,3,2,6,6,0,-1,2,3,-1,1,2,0,6,4,-2,2,0,1,0,2,1,1,1,1,1,1
KR_6660684460,440,-2,-1,-7,-3,1,2,1,-1,2,3,-2,2,4,1,3,2,-2,1,3,0,0,-7,0,2,2,1,0,-1,0,-1,-1,-1,0,1
KR_6762341545,420,1,28,20,-2,1,1,0,0,2,2,-3,3,6,-1,3,4,1,2,1,0,0,27,2,1,3,2,0,0,-1,0,0,-1,5,1
KR_6758484269,440,-1,50,-12,-7,1,3,2,-1,1,2,-6,2,8,-1,3,4,0,0,0,0,-12,-9,-1,2,1,0,0,-1,-1,-1,-1,-1,3,1
KR_6720715551,420,5,8,8,9,1,1,0,3,4,1,5,5,0,0,2,2,0,2,2,0,5,-4,1,1,2,0,0,1,1,1,1,1,3,1
KR_6749923421,440,-2,29,-5,-4,2,2,0,1,2,1,0,1,1,-5,1,6,-2,0,2,0,-5,-4,3,0,3,-2,0,-1,-1,1,-1,-1,4,1
KR_6671210162,420,4,37,0,6,7,9,2,-2,0,2,0,1,1,0,1,1,1,2,1,0,4,-6,0,1,1,-1,0,0,1,0,1,1,2,1
KR_6733389076,440,2,66,7,6,2,3,1,1,3,2,-2,5,7,1,2,1,4,7,3,0,10,-16,2,2,4,3,0,1,0,1,1,1,0,1
KR_6756078206,420,1,46,10,-5,-2,1,3,0,2,2,1,2,1,-4,0,4,0,2,2,0,-2,11,1,0,1,-2,0,2,1,1,1,1,6,1
KR_6761277393,420,1,14,37,-2,4,5,1,-5,2,7,5,9,4,-1,0,1,-5,0,5,0,-3,2,-1,1,0,-3,0,0,0,1,1,1,0,1
KR_6750316611,440,0,11,4,0,5,6,1,-8,1,9,5,5,0,1,9,8,-3,0,3,0,-13,5,1,2,3,2,0,0,0,-1,1,-1,0,1
KR_6685287431,420,-4,-23,-9,6,-1,0,1,0,2,2,2,3,1,6,7,1,-1,0,1,0,7,-7,1,1,2,1,0,0,1,-1,-1,-1,3,1
KR_6703438711,440,2,38,1,6,-6,0,6,7,7,0,1,3,2,5,5,0,-1,0,1,0,8,-2,-4,7,3,3,0,1,1,1,1,-1,4,1
KR_6760712264,420,3,77,1,9,3,3,0,7,9,2,0,3,3,0,1,1,-1,1,2,1,8,-13,4,4,8,5,0,1,1,1,1,1,1,1
KR_6650673570,420,1,6,24,0,1,2,1,2,4,2,4,5,1,-5,4,9,-2,0,2,0,-2,0,1,1,2,-2,0,0,-1,1,0,-1,3,1
KR_6760296914,420,2,-1,58,8,1,4,3,5,6,1,-1,1,2,2,6,4,1,2,1,2,12,-37,-1,3,2,14,0,0,-1,1,0,1,4,1
KR_6731666187,420,-4,-33,-45,2,-1,1,2,3,4,1,-6,0,6,2,5,3,4,4,0,0,10,-2,3,4,7,4,0,-1,1,0,-1,1,5,1
KR_6659660970,420,-2,-77,-12,-3,1,1,0,-2,1,3,1,4,3,3,5,2,-6,1,7,0,1,10,3,2,5,-2,0,-1,1,0,-1,1,6,1
KR_6757895968,420,4,100,46,3,-2,0,2,-6,3,9,-1,2,3,9,9,0,3,5,2,0,8,-5,-1,6,5,4,0,1,1,1,1,1,6,1
KR_6752017556,420,-1,24,-12,-1,2,2,0,-2,2,4,0,3,3,-1,1,2,0,2,2,0,-5,-185,-1,1,0,2,0,0,1,0,0,1,4,1
KR_6551305305,440,4,-17,32,11,1,1,0,5,7,2,1,1,0,0,1,1,4,5,1,0,9,27,-3,4,1,1,0,0,0,0,0,-1,0,1
KR_6701985018,420,-1,8,-52,-5,-1,1,2,3,4,1,1,4,3,-7,1,8,-1,1,2,-1,-5,-14,3,3,6,-3,0,0,-1,-1,0,-1,6,1
KR_6750474964,420,4,41,32,5,1,2,1,-1,1,2,-3,0,3,4,6,2,4,4,0,0,3,-6,-4,9,5,3,0,1,1,1,1,1,1,1
KR_6703963024,420,0,1,-33,10,1,4,3,8,9,1,0,0,0,0,0,0,1,2,1,0,12,7,4,0,4,2,0,1,-1,1,1,1,6,1
KR_6651312245,420,3,36,-16,9,-1,2,3,0,2,2,3,3,0,6,10,4,1,2,1,0,11,5,0,4,4,2,0,0,-1,-1,-1,1,3,1
KR_6728265006,420,4,98,-1,7,4,4,0,1,2,1,2,7,5,1,4,3,-1,1,2,-1,1,-13,0,4,4,2,0,1,1,0,1,-1,5,1
KR_6764528988,420,1,53,24,5,1,1,0,1,2,1,2,5,3,0,2,2,1,1,0,0,2,-20,-1,4,3,5,0,1,0,0,1,1,0,1
KR_6734447213,440,-3,-21,-23,-6,1,1,0,-6,1,7,0,1,1,1,1,0,-2,0,2,-1,-8,3,-4,7,3,-1,0,0,-1,-1,0,-1,2,1
KR_6731884314,420,5,76,22,10,0,0,0,5,10,5,1,1,0,1,2,1,3,5,2,-1,-5,120,1,1,2,-2,0,2,1,1,1,-1,4,1
KR_6763403105,420,-1,4,-32,1,1,2,1,-2,2,4,-3,2,5,2,3,1,3,3,0,0,7,21,1,4,5,1,0,1,-1,1,1,1,5,1
KR_6748325830,420,0,-60,12,7,1,2,1,5,5,0,1,2,1,1,3,2,-1,0,1,1,11,25,2,1,3,0,0,0,1,-1,0,1,1,1
KR_6741192635,440,3,8,48,12,-3,2,5,3,5,2,5,6,1,1,2,1,6,6,0,0,12,5,2,4,6,-1,0,1,1,-1,1,-1,4,1
KR_6761086464,420,1,22,-2,-3,3,3,0,-3,0,3,-1,2,3,-2,0,2,0,2,2,0,2,11,2,1,3,-2,0,0,1,-1,0,-1,4,1
KR_6728422351,420,1,44,-33,8,3,4,1,2,2,0,1,1,0,2,4,2,0,0,0,0,3,4,1,1,2,-1,0,0,-1,1,-1,1,2,1
KR_6749760586,420,-2,30,16,-4,-1,1,2,2,4,2,1,3,2,-3,1,4,-3,0,3,0,-7,336,-3,4,1,0,0,-1,1,-1,-1,1,3,1
KR_6741510907,440,3,55,-4,5,1,3,2,-2,4,6,-4,2,6,8,8,0,2,3,1,-1,13,375,2,0,2,-4,0,0,1,-1,0,-1,1,1
KR_6762814834,420,-1,-46,28,6,2,2,0,3,4,1,-3,1,4,2,2,0,2,2,0,0,4,-104,2,1,3,1,0,1,1,1,1,1,4,1
KR_6747413730,420,-1,-12,-8,-6,-4,1,5,-2,0,2,-5,1,6,4,6,2,1,3,2,0,1,1,-2,3,1,3,0,1,-1,-1,-1,1,3,1
KR_6759926771,440,4,127,4,9,1,3,2,0,0,0,1,4,3,7,7,0,0,0,0,1,4,10,3,0,3,-4,0,1,1,1,1,1,6,1
KR_6747232337,420,-2,8,-13,1,1,1,0,-1,3,4,0,2,2,1,3,2,0,3,3,0,-2,-11,-3,3,0,4,0,0,1,1,1,1,6,1
KR_6761469609,420,-2,29,12,0,7,8,1,1,2,1,-3,1,4,-1,0,1,-4,0,4,0,1,-334,4,2,6,-3,0,-1,1,-1,1,1,1,1
KR_6756811165,420,3,115,4,1,3,5,2,-4,0,4,-1,3,4,4,4,0,-1,1,2,0,-1,386,-3,6,3,1,0,0,1,1,1,1,6,1
KR_6761123183,420,0,7,12,0,-3,0,3,-2,1,3,1,3,2,1,2,1,3,3,0,0,7,-4,-1,1,0,1,0,0,0,1,0,1,0,1
KR_6754165896,420,-2,32,-40,-3,4,4,0,-3,2,5,0,1,1,-3,1,4,-1,0,1,-1,-10,8,3,2,5,-3,0,1,0,0,1,-1,0,1
KR_6746294466,420,1,37,-16,4,4,4,0,-3,1,4,-1,0,1,3,4,1,1,3,2,1,5,-5,-2,4,2,4,0,2,-1,1,1,1,4,1
KR_6753895558,420,-4,6,17,-3,-5,1,6,0,4,4,1,3,2,1,1,0,0,2,2,-1,1,7,1,3,4,0,0,0,0,0,-1,-1,0,1
KR_6745103128,420,5,28,33,19,2,2,0,-1,1,2,4,5,1,13,13,0,1,1,0,0,16,-9,3,0,3,0,0,2,1,0,1,1,3,1
KR_6759401181,420,3,67,7,9,-2,1,3,6,6,0,2,2,0,4,4,0,-1,0,1,0,13,6,5,1,6,0,0,2,1,1,1,1,5,1
KR_6686954040,420,-4,-7,-18,-3,-3,0,3,-1,1,2,1,2,1,0,1,1,0,1,1,0,-1,-108,6,0,6,-5,0,-1,1,-1,-1,-1,1,1
KR_6655101527,420,7,115,30,3,3,6,3,1,3,2,1,2,1,0,1,1,-2,1,3,0,-2,4,4,1,5,2,0,1,1,1,1,1,6,1
KR_6716821120,420,1,-16,-45,3,-1,1,2,4,4,0,2,4,2,0,2,2,-2,0,2,0,2,-9,-2,2,0,-2,0,-1,-1,-1,-1,-1,4,1
KR_6755464108,420,-3,-78,-39,-6,-4,0,4,1,3,2,3,5,2,-4,1,5,-2,0,2,0,-1,-6,2,3,5,3,0,0,-1,1,-1,-1,5,1
KR_6752132662,420,0,-4,-12,2,1,2,1,-2,0,2,0,5,5,-2,0,2,5,5,0,0,2,121,-1,4,3,3,0,0,1,1,1,-1,4,1
KR_6754171063,420,0,45,-4,-5,0,1,1,0,1,1,-11,3,14,4,4,0,2,2,0,-1,-5,-127,1,1,2,-2,0,-1,-1,-1,-1,-1,4,1
KR_6676897097,420,0,-8,26,1,-4,1,5,0,2,2,2,3,1,0,0,0,3,3,0,0,4,1,-2,3,1,-3,0,0,1,-1,-1,1,2,1
KR_6712357788,420,2,-52,-8,8,5,5,0,-1,1,2,4,5,1,0,2,2,0,0,0,0,6,-361,-1,4,3,-4,0,-1,-1,-1,-1,1,3,1
KR_6670296558,420,3,116,4,3,0,0,0,2,2,0,1,2,1,1,4,3,-1,1,2,0,3,1,2,4,6,1,0,2,1,1,1,-1,6,1
KR_6747660761,420,1,-50,3,-3,-1,1,2,-1,2,3,4,8,4,-1,3,4,-4,2,6,0,7,373,-5,9,4,2,0,0,1,-1,0,-1,3,1
KR_6615435825,420,-1,41,0,0,1,2,1,-1,5,6,0,2,2,0,2,2,0,0,0,0,-5,41,-1,5,4,-10,0,1,-1,1,1,-1,3,1
KR_6749556432,420,3,77,0,10,1,2,1,2,4,2,3,4,1,-1,4,5,5,5,0,0,3,10,0,3,3,2,0,1,1,1,1,1,6,1
KR_6756760719,420,5,87,25,9,5,5,0,1,4,3,-3,0,3,6,6,0,0,0,0,0,2,-2,4,3,7,-2,0,2,1,0,1,1,4,1
KR_6645803576,420,3,68,1,1,-4,0,4,-1,3,4,4,6,2,4,6,2,-2,0,2,1,2,8,1,2,3,-3,0,1,-1,-1,1,1,5,1
KR_6763522156,420,-1,8,-20,-4,0,0,0,-4,0,4,3,3,0,-1,2,3,-2,1,3,0,0,-14,-6,8,2,1,0,0,1,1,0,-1,4,1
KR_6732499468,420,2,79,23,6,0,0,0,3,6,3,4,8,4,-1,1,2,0,1,1,1,11,5,5,0,5,-1,0,1,1,1,1,1,1,1
KR_6653110132,420,0,-82,20,0,1,1,0,3,6,3,-1,1,2,-2,3,5,-1,0,1,0,-2,-4,-4,5,1,3,0,0,-1,1,0,-1,4,1
KR_6739608337,420,3,74,36,1,-1,1,2,4,4,0,2,9,7,-5,0,5,1,2,1,0,-2,2,-1,1,0,2,0,2,1,0,1,1,3,1
KR_6749724815,420,1,56,-24,4,5,6,1,-2,4,6,3,5,2,0,1,1,-2,2,4,0,1,-21,-2,5,3,3,0,0,-1,1,1,-1,1,1
KR_6746999968,420,4,103,28,13,1,2,1,8,9,1,-3,0,3,2,5,3,5,5,0,0,13,7,-3,4,1,2,0,5,-1,1,1,1,1,1
KR_6641347781,420,0,13,1,4,-2,0,2,0,2,2,-1,1,2,7,7,0,0,1,1,0,2,43,0,3,3,-19,0,1,0,-1,1,-1,0,1
KR_6757400733,420,1,-3,58,7,-2,1,3,4,5,1,2,3,1,7,8,1,-4,2,6,3,3,5,-1,5,4,-1,0,0,1,1,1,1,6,1
KR_6616242463,420,-4,-35,-3,0,1,2,1,-5,1,6,-1,3,4,5,12,7,0,2,2,3,14,-36,4,0,4,22,0,-2,1,-1,-1,1,1,1
KR_6739680040,420,4,64,9,-2,2,3,1,-1,1,2,4,5,1,-3,4,7,-4,0,4,0,-11,-1,-4,4,0,3,0,3,0,1,1,-1,0,1
KR_6735482658,420,2,22,5,1,4,4,0,-2,0,2,-1,1,2,3,3,0,-3,2,5,0,-1,5,1,1,2,1,0,1,0,1,1,-1,0,1
KR_6715232275,420,-1,11,17,-1,-2,0,2,-2,0,2,1,3,2,3,3,0,-1,0,1,-1,-3,150,-2,3,1,-5,0,1,1,1,1,-1,5,1
KR_6683743766,420,-2,14,6,-2,2,5,3,2,3,1,-7,0,7,0,1,1,1,2,1,0,-5,3,2,3,5,2,0,0,1,1,0,1,4,1
KR_6701477352,420,0,-24,-8,-5,-2,0,2,-6,0,6,2,3,1,3,6,3,-2,1,3,0,-7,-540,1,2,3,31,0,-1,1,-1,-1,-1,5,1
KR_6660473429,420,5,140,10,0,1,3,2,-2,1,3,0,1,1,1,3,2,0,2,2,-1,-6,-2,-5,6,1,3,0,0,0,-1,0,-1,0,1
KR_6754612796,420,0,33,40,-2,-1,1,2,3,4,1,2,2,0,-6,1,7,0,0,0,0,-6,-113,3,2,5,0,0,0,1,1,1,-1,3,1
KR_6741940970,440,1,7,0,5,-1,1,2,2,3,1,1,4,3,2,3,1,1,2,1,0,11,25,1,2,3,-2,0,0,0,0,0,-1,0,1
KR_6623575888,420,0,71,-9,5,6,6,0,4,4,0,0,2,2,-5,2,7,0,0,0,-1,1,2,0,2,2,1,0,0,1,-1,1,-1,2,1
KR_6742150777,440,-2,-17,11,-2,-6,3,9,3,4,1,1,5,4,-1,2,3,1,1,0,0,6,43,0,3,3,-18,0,1,1,1,1,-1,6,1
KR_6760695789,420,3,48,-1,8,5,7,2,0,1,1,-1,3,4,3,4,1,1,3,2,0,6,229,2,3,5,0,0,0,1,1,1,1,1,1
KR_6764278034,420,0,-35,-19,4,-1,1,2,-2,0,2,7,7,0,-3,3,6,3,3,0,0,-3,45,-5,5,0,3,0,-1,1,-1,-1,1,4,1
KR_6760658546,420,4,35,-4,6,-3,0,3,4,6,2,2,4,2,5,5,0,-2,0,2,0,19,-89,1,4,5,0,0,-1,1,1,-1,-1,6,1
KR_6748704064,420,0,71,-25,-1,-1,3,4,1,4,3,-1,3,4,-1,1,2,1,1,0,1,-1,1,0,0,0,0,0,0,1,1,0,1,3,1
KR_6641224204,420,5,109,8,10,0,0,0,0,1,1,2,3,1,5,7,2,3,4,1,0,9,4,2,1,3,2,0,1,1,0,1,1,1,1
KR_6579831951,420,5,30,-6,11,-1,1,2,2,4,2,2,3,1,0,2,2,8,8,0,1,10,2,-2,4,2,-1,0,1,1,1,1,1,3,1
KR_6741081974,420,-2,42,-19,-9,-6,2,8,-1,1,2,0,1,1,-1,3,4,-1,1,2,0,0,-307,0,3,3,4,0,0,-1,-1,-1,-1,1,1
KR_6761930298,420,-1,-13,-8,0,4,4,0,-1,0,1,-1,1,2,-2,1,3,0,1,1,0,-5,4,1,3,4,-1,0,0,0,1,1,1,0,1
KR_6762140179,420,1,45,32,3,-3,2,5,3,5,2,1,2,1,2,2,0,0,1,1,0,4,-7,1,0,1,2,0,-1,1,-1,-1,-1,6,1
KR_6629825237,420,5,80,8,6,5,6,1,3,3,0,0,0,0,-2,2,4,0,1,1,0,3,-2,0,2,2,2,0,1,1,1,1,1,1,1
KR_6743610206,420,2,55,22,1,2,2,0,1,5,4,-5,1,6,3,5,2,0,0,0,0,-2,-7,0,3,3,-1,0,0,1,1,0,1,1,1
KR_6633440502,420,1,-71,0,-5,1,4,3,2,5,3,-3,0,3,-5,0,5,0,0,0,0,1,-1,-1,4,3,6,0,-1,-1,-1,-1,-1,4,1
KR_6710502576,440,0,24,-13,8,0,2,2,-1,3,4,2,3,1,1,1,0,6,6,0,0,6,0,3,4,7,2,0,0,1,-1,0,1,3,1
KR_6712900348,420,0,-39,24,-2,1,2,1,5,5,0,3,5,2,-12,0,12,1,2,1,0,-11,5,0,3,3,-5,0,0,0,1,0,1,0,1
KR_6702482371,420,6,107,12,7,1,2,1,0,1,1,7,7,0,-2,0,2,1,1,0,0,2,3,0,5,5,2,0,2,1,1,1,1,3,1
KR_6763962135,420,1,7,12,6,3,4,1,1,3,2,0,0,0,3,6,3,-1,0,1,0,7,-14,1,3,4,-1,0,0,-1,1,0,1,6,1
KR_6761391057,420,1,-48,7,-5,-1,0,1,0,6,6,1,1,0,-1,2,3,-4,0,4,0,-9,62,1,2,3,-25,0,0,-1,-1,-1,-1,6,1
KR_6618561855,420,-2,2,-36,-7,0,2,2,2,3,1,-2,2,4,-2,0,2,-5,2,7,0,0,0,6,4,10,1,0,-1,-1,-1,-1,-1,5,1
KR_6684922969,420,4,78,17,8,7,7,0,-1,0,1,0,5,5,1,2,1,1,3,2,0,3,-4,-1,2,1,1,0,3,1,1,1,1,3,1
KR_6718801293,420,2,54,13,4,2,3,1,0,2,2,-1,2,3,2,3,1,1,2,1,0,-1,-15,-1,5,4,7,0,1,1,0,1,1,3,1
KR_6762315905,420,-3,-36,-12,-9,1,1,0,-5,0,5,0,2,2,-5,0,5,0,1,1,0,-16,51,-3,4,1,-22,0,0,-1,0,-1,-1,1,1
KR_6678936439,420,-1,-27,-25,4,0,1,1,2,3,1,-2,2,4,4,5,1,0,3,3,0,6,213,-3,4,1,0,0,1,-1,-1,1,1,1,1
KR_6738364324,420,-1,-104,0,1,-1,1,2,3,4,1,-1,1,2,1,2,1,-1,1,2,-1,2,14,-3,5,2,0,0,0,-1,1,0,-1,4,1
KR_6761024138,420,0,5,5,5,2,3,1,3,4,1,-7,0,7,4,5,1,3,6,3,0,9,-1,0,5,5,-3,0,0,1,1,0,-1,4,1
KR_6759185577,440,5,38,36,15,-1,0,1,1,2,1,8,10,2,3,4,1,4,5,1,0,16,3,0,2,2,0,0,1,1,0,1,-1,4,1
KR_6750854515,420,6,133,4,13,0,1,1,-1,0,1,2,4,2,7,7,0,5,5,0,0,13,29,-3,7,4,-13,0,2,1,0,1,1,1,1
KR_6732420049,420,-1,89,-24,0,0,1,1,-2,3,5,1,2,1,-1,1,2,2,3,1,0,-3,3,-2,5,3,7,0,0,0,1,0,1,0,1
KR_6760592256,420,-2,19,-24,-7,3,3,0,-1,1,2,-8,0,8,1,2,1,-2,0,2,0,-6,-3,4,1,5,-5,0,2,-1,1,1,-1,3,1
KR_6728383432,420,0,31,55,-6,-1,1,2,3,3,0,-4,0,4,-2,2,4,-2,0,2,0,-13,-2,-2,5,3,-3,0,0,-1,1,0,-1,5,1
KR_6730122143,420,0,-5,-14,1,0,2,2,4,5,1,-2,0,2,-2,6,8,1,1,0,0,3,-19,2,2,4,5,0,0,-1,1,0,1,4,1
KR_6606738426,420,4,122,23,17,4,4,0,6,6,0,0,1,1,7,8,1,0,0,0,1,16,-1,1,3,4,0,0,2,1,1,1,1,3,1
KR_6634703217,420,13,145,108,17,6,6,0,1,1,0,5,6,1,5,5,0,0,0,0,1,7,-5,1,0,1,1,0,6,1,1,1,1,4,1
KR_6746385247,420,4,20,8,6,1,1,0,1,1,0,4,5,1,0,1,1,0,1,1,0,6,3,1,0,1,0,0,1,0,0,1,-1,0,1
KR_6760034888,420,7,41,44,12,2,2,0,8,10,2,4,7,3,-4,2,6,2,2,0,-1,15,-12,-1,3,2,1,0,4,-1,1,1,-1,3,1
KR_6648154901,420,2,-27,12,4,1,3,2,-3,0,3,-1,1,2,3,4,1,4,4,0,0,3,6,3,1,4,-2,0,0,1,0,1,1,6,1
KR_6743173297,420,2,-54,12,2,0,3,3,-3,2,5,-5,1,6,4,5,1,6,6,0,-2,4,-6,1,1,2,-1,0,-2,0,0,-1,-1,0,1
KR_6658962858,420,-3,-59,0,-6,-5,0,5,4,5,1,-1,0,1,-3,1,4,-1,0,1,-1,-4,0,-4,5,1,-2,0,-1,1,1,-1,-1,3,1
KR_6740350990,420,0,-2,8,1,1,3,2,0,2,2,-2,2,4,1,4,3,1,2,1,0,0,-27,0,3,3,2,0,0,-1,1,0,1,2,1
KR_6585273956,420,-1,-32,-4,2,-2,1,3,-4,0,4,-2,3,5,8,8,0,2,2,0,0,3,0,2,1,3,-1,0,0,1,1,-1,-1,1,1
KR_6743014562,420,0,32,-34,1,-1,1,2,-3,3,6,3,3,0,0,2,2,2,2,0,0,3,-1,-3,4,1,2,0,-2,-1,-1,-1,1,1,1
KR_6747693462,420,5,-1,35,5,7,8,1,3,4,1,-3,0,3,-1,1,2,-1,1,2,0,12,-76,-2,3,1,0,0,1,0,-1,1,1,0,1
KR_6732646443,420,1,-13,12,9,0,4,4,3,3,0,5,8,3,1,2,1,0,2,2,1,6,-8,0,6,6,2,0,2,-1,1,1,1,2,1
KR_6689384898,420,-2,10,-16,-8,-2,2,4,0,4,4,-2,1,3,-5,3,8,1,2,1,-1,-4,1,-1,3,2,0,0,-1,-1,-1,-1,-1,3,1
KR_6758378218,440,4,-20,1,17,4,5,1,1,1,0,5,6,1,3,5,2,4,5,1,1,17,-8,1,5,6,6,0,1,1,1,1,1,6,1
KR_6712845191,420,8,55,22,2,-1,2,3,0,1,1,0,0,0,4,5,1,-1,1,2,0,3,6,1,3,4,1,0,2,1,-1,1,1,5,1
KR_6662644839,420,2,60,-12,6,2,3,1,2,3,1,1,5,4,2,4,2,-1,1,2,0,4,-8,1,2,3,4,0,-1,-1,-1,-1,1,2,1
KR_6763453072,420,3,50,14,4,5,7,2,0,2,2,1,6,5,-3,0,3,1,1,0,0,3,-17,0,2,2,2,0,-1,-1,0,-1,-1,6,1
KR_6626679489,420,-2,-38,-8,-5,1,3,2,-1,2,3,-4,3,7,0,0,0,-1,1,2,0,-5,-7,1,1,2,1,0,1,-1,-1,-1,1,4,1
KR_6661060766,420,-2,-23,1,1,0,1,1,2,4,2,3,3,0,-3,0,3,-1,0,1,0,-4,5,3,0,3,1,0,-1,1,1,-1,1,6,1
KR_6630716310,420,2,50,24,-2,-3,2,5,0,2,2,-1,3,4,1,2,1,1,1,0,0,3,24,3,1,4,-2,0,0,0,1,-1,-1,0,1
KR_6727177815,420,-5,13,19,-4,2,3,1,1,5,4,-3,1,4,-1,1,2,-3,0,3,0,-5,24,3,3,6,-4,0,0,-1,1,0,1,5,1
KR_6761586667,420,0,-24,0,-3,1,2,1,-1,2,3,-2,2,4,-1,3,4,0,0,0,0,1,31,2,3,5,-28,0,-2,-1,-1,-1,1,1,1
KR_6715483471,420,1,-8,-8,0,0,3,3,5,6,1,-8,0,8,2,3,1,1,1,0,3,6,-13,0,1,1,2,0,0,1,1,0,1,4,1
KR_6761839513,440,-1,-46,-8,1,1,3,2,1,2,1,1,2,1,-2,0,2,0,0,0,1,7,5,2,4,6,-1,0,-1,0,-1,-1,1,0,1
KR_6674100951,420,6,86,11,7,1,4,3,-2,2,4,1,5,4,8,8,0,-1,0,1,0,4,-4,0,3,3,1,0,2,1,1,1,-1,5,1
KR_6705421942,420,0,-15,-8,-3,1,3,2,-4,1,5,-2,1,3,2,2,0,0,0,0,0,-2,1,3,0,3,0,0,0,-1,-1,-1,-1,2,1
KR_6643472144,420,3,119,23,6,5,6,1,1,4,3,-2,2,4,6,6,0,-4,0,4,0,-1,3,1,2,3,-2,0,3,-1,1,1,1,4,1
KR_6737202351,420,0,27,-28,0,0,0,0,-1,2,3,-1,5,6,2,3,1,0,2,2,0,1,-20,-1,2,1,-1,0,2,-1,-1,-1,-1,1,1
KR_6728406963,420,3,-5,16,10,-1,2,3,0,0,0,4,5,1,8,9,1,-1,0,1,0,5,14,-3,4,1,1,0,1,1,0,1,1,6,1
KR_6683457364,420,4,42,28,8,-2,1,3,6,7,1,0,1,1,1,3,2,3,3,0,0,15,5,0,4,4,0,0,1,1,1,1,1,3,1
KR_6723549170,440,3,121,4,13,7,8,1,-2,2,4,4,5,1,1,2,1,3,3,0,0,6,-132,0,0,0,0,0,2,-1,1,1,-1,5,1
KR_6649983040,420,-1,-92,40,0,-1,1,2,2,3,1,0,5,5,1,2,1,-2,2,4,0,-4,-6,-3,3,0,-1,0,0,0,0,0,-1,0,1
KR_6732871528,420,0,35,-8,1,4,4,0,-1,1,2,0,1,1,0,2,2,-2,2,4,0,-1,8,3,2,5,-3,0,0,-1,1,1,-1,2,1
KR_6750462008,420,0,-14,-1,3,-2,1,3,0,2,2,1,2,1,3,3,0,1,1,0,0,5,-6,2,1,3,-1,0,0,-1,-1,0,1,1,1
KR_6670109360,420,-1,-23,-39,3,0,3,3,0,2,2,0,1,1,3,3,0,0,0,0,1,5,-11,1,1,2,-1,0,-2,-1,-1,-1,1,5,1
KR_6759468592,420,2,57,30,6,-3,1,4,1,3,2,0,3,3,5,6,1,3,3,0,0,11,11,2,3,5,0,0,3,1,1,1,1,2,1
KR_6763456621,440,3,28,-23,3,6,8,2,-2,0,2,2,3,1,-2,2,4,-1,0,1,1,-2,5,2,2,4,-2,0,3,-1,1,1,1,6,1
KR_6760329755,420,2,94,-3,4,1,2,1,4,4,0,-2,0,2,0,3,3,1,3,2,0,3,5,0,1,1,-2,0,2,-1,0,1,-1,5,1
KR_6730315656,420,2,32,-4,3,-6,0,6,2,2,0,4,5,1,1,2,1,2,2,0,0,1,16,2,0,2,3,0,0,1,-1,-1,1,6,1
KR_6759326423,440,3,3,-8,1,0,3,3,-1,0,1,5,5,0,-3,1,4,0,2,2,0,-5,277,-1,2,1,0,0,1,0,0,1,-1,0,1
KR_6676098319,420,0,22,-8,0,0,1,1,-1,3,4,-2,2,4,4,4,0,-1,0,1,0,-1,0,0,1,1,-1,0,1,-1,1,1,-1,6,1
KR_6694969657,420,2,-35,44,11,-1,2,3,4,5,1,6,6,0,2,3,1,0,0,0,0,8,5,-3,3,0,2,0,1,1,1,1,-1,2,1
KR_6671015121,420,4,3,32,6,5,5,0,1,1,0,3,4,1,-1,3,4,-2,1,3,0,2,36,2,2,4,-3,0,1,1,1,1,1,5,1
KR_6761298968,420,0,46,19,6,0,1,1,2,4,2,6,7,1,2,4,2,-4,0,4,1,-2,8,0,1,1,1,0,0,1,0,0,1,3,1
KR_6755663050,420,-1,-12,28,4,1,3,2,4,4,0,-3,4,7,0,0,0,2,3,1,1,9,3,2,3,5,1,0,1,1,-1,-1,1,4,1
KR_6760667708,420,-1,-19,-21,5,-3,1,4,0,1,1,1,2,1,9,9,0,-2,0,2,0,8,9,-2,4,2,1,0,0,-1,1,1,1,3,1
KR_6611464018,420,5,53,28,11,3,5,2,7,8,1,-1,1,2,-1,1,2,3,3,0,0,11,-4,0,1,1,1,0,3,0,1,1,-1,0,1
KR_6729469460,440,0,52,-15,2,-2,0,2,-1,7,8,0,1,1,3,5,2,2,2,0,0,4,0,3,0,3,1,0,0,1,1,0,1,2,1
KR_6761145621,420,7,141,15,16,1,2,1,1,2,1,7,7,0,6,6,0,1,3,2,0,11,122,4,0,4,1,0,2,0,1,1,1,0,1
KR_6632712099,420,0,-43,-24,5,1,1,0,0,0,0,1,4,3,4,5,1,-1,1,2,0,6,6,0,5,5,-5,0,0,1,-1,0,-1,2,1
KR_6762448964,420,2,39,4,2,3,4,1,-5,1,6,0,1,1,3,3,0,1,1,0,0,3,1,3,2,5,0,0,0,-1,1,0,1,5,1
KR_6752507208,420,1,-15,19,6,-2,0,2,2,3,1,-1,3,4,5,6,1,2,3,1,0,6,-1,2,0,2,-2,0,1,1,1,1,-1,2,1
KR_6762153757,420,0,-6,0,6,1,3,2,-1,4,5,7,8,1,-3,3,6,2,3,1,-1,3,18,2,3,5,-5,0,1,1,-1,1,-1,3,1
KR_6661737160,420,-2,85,-75,-2,-1,0,1,-2,0,2,-4,3,7,5,5,0,0,1,1,0,7,-236,3,0,3,0,0,1,0,-1,1,-1,0,1
KR_6703318430,420,2,-42,-4,6,4,5,1,-4,3,7,-1,0,1,6,6,0,1,2,1,0,8,3,1,2,3,-2,0,2,0,1,1,1,0,1
KR_6695636963,420,0,27,-16,3,2,4,2,0,4,4,1,3,2,-1,2,3,1,1,0,0,-2,347,0,3,3,-1,0,1,1,1,1,1,3,1
KR_6743422113,420,2,-14,0,6,-1,2,3,2,3,1,0,2,2,4,4,0,1,2,1,0,5,-255,2,0,2,-1,0,0,-1,-1,0,1,1,1
KR_6640045234,420,2,11,27,11,-1,1,2,5,6,1,1,2,1,0,2,2,6,6,0,0,13,-158,1,2,3,0,0,1,1,0,1,-1,6,1
KR_6727118107,420,1,-4,40,-2,2,3,1,-1,3,4,1,3,2,-4,3,7,0,1,1,0,-2,37,0,1,1,1,0,-1,1,-1,-1,-1,3,1
KR_6759671089,420,-2,-45,12,-11,-3,2,5,1,5,4,0,3,3,-9,0,9,0,1,1,-1,-18,-11,-2,2,0,1,0,-1,1,-1,-1,-1,4,1
KR_6738583219,420,3,82,-4,1,2,3,1,-4,3,7,2,2,0,2,3,1,-1,0,1,1,-2,6,0,2,2,1,0,0,1,-1,0,1,6,1
KR_6717242373,420,3,67,4,9,0,2,2,-2,1,3,2,4,2,7,8,1,2,3,1,2,9,6,0,3,3,-1,0,2,0,1,1,1,0,1
KR_6687086575,420,4,65,-2,4,2,2,0,-1,0,1,1,1,0,1,2,1,1,1,0,0,5,4,1,1,2,1,0,3,1,1,1,-1,2,1
KR_6760703644,420,0,-59,28,-5,-9,0,9,3,3,0,0,2,2,2,2,0,-1,0,1,0,-1,-4,-1,2,1,2,0,-1,-1,-1,-1,-1,4,1
KR_6717665410,420,4,39,35,4,-2,0,2,2,3,1,-4,0,4,5,6,1,3,3,0,0,10,44,-1,3,2,-1,0,2,1,-1,1,-1,4,1
KR_6762691845,440,6,84,10,12,5,6,1,1,5,4,-1,1,2,5,7,2,2,4,2,0,17,48,0,2,2,-16,0,2,-1,0,1,1,1,1
KR_6741459248,420,7,86,27,18,0,2,2,-1,4,5,6,6,0,9,11,2,4,7,3,0,16,-6,3,4,7,2,0,3,1,1,1,1,3,1
KR_6670988336,420,3,77,19,6,2,2,0,0,1,1,1,1,0,2,4,2,1,1,0,-1,0,24,6,3,9,1,0,0,0,1,0,-1,0,1
KR_6754049902,420,8,90,24,17,4,5,1,8,8,0,4,6,2,0,6,6,1,2,1,0,12,-10,0,1,1,1,0,1,1,0,1,1,2,1
KR_6731136303,440,0,18,20,-2,1,1,0,-3,0,3,3,10,7,-3,0,3,0,2,2,0,1,7,-2,4,2,3,0,1,1,1,1,-1,6,1
KR_6747202310,440,3,-2,0,6,0,2,2,0,1,1,2,8,6,5,6,1,-1,0,1,-2,3,-3,-3,5,2,0,0,1,-1,1,1,1,1,1
KR_6637982667,440,2,56,13,2,2,2,0,3,3,0,-1,4,5,1,3,2,-3,0,3,0,-2,9,0,3,3,2,0,2,1,1,1,1,2,1
KR_6749121336,420,1,11,5,3,1,2,1,-2,2,4,-5,1,6,8,9,1,1,1,0,1,0,1,0,1,1,-1,0,1,1,1,1,1,6,1
KR_6641763419,420,1,61,-12,-1,1,4,3,-2,1,3,3,5,2,-2,1,3,-1,0,1,0,4,14,0,1,1,0,0,2,1,-1,1,1,2,1
KR_6756877238,420,1,3,25,4,1,2,1,-6,1,7,2,5,3,5,5,0,2,2,0,-1,2,-296,-2,4,2,1,0,1,-1,1,1,-1,4,1
KR_6720670591,420,1,6,3,3,-1,0,1,0,2,2,6,6,0,-1,2,3,-1,1,2,0,0,4,-1,3,2,-2,0,0,1,1,0,1,3,1
KR_6693341980,420,-1,36,24,-3,1,1,0,-3,1,4,-4,3,7,1,4,3,2,2,0,0,-5,5,0,1,1,-2,0,1,-1,1,1,-1,6,1
KR_6757738752,420,5,93,12,7,6,6,0,-3,3,6,3,3,0,2,6,4,-1,1,2,1,0,-5,1,2,3,0,0,3,-1,1,1,1,1,1
KR_6738536979,420,5,-3,37,4,-3,1,4,4,5,1,4,5,1,0,1,1,-1,2,3,-1,13,7,3,4,7,-5,0,-1,1,1,1,1,1,1
KR_6698624621,440,5,42,23,6,4,5,1,2,3,1,2,5,3,-1,2,3,-1,0,1,-1,0,-11,-3,8,5,5,0,2,1,1,1,-1,1,1
KR_6712335797,420,4,38,20,13,4,6,2,7,7,0,-1,1,2,0,5,5,3,3,0,0,9,-1,-4,6,2,4,0,1,-1,1,1,1,5,1
KR_6761100929,420,2,104,0,11,-2,1,3,6,9,3,0,1,1,7,7,0,0,1,1,0,13,25,6,0,6,-1,0,0,1,1,1,1,1,1
KR_6756459990,420,1,55,8,1,-5,2,7,4,7,3,-1,4,5,3,3,0,0,2,2,0,7,6,5,1,6,-1,0,-2,1,1,-1,-1,5,1
KR_6747495153,420,0,4,20,-3,1,3,2,1,5,4,-2,2,4,-1,3,4,-2,0,2,0,-7,131,-1,1,0,0,0,-1,-1,-1,-1,-1,1,1
KR_6758144975,440,1,21,35,3,-1,3,4,1,3,2,1,1,0,1,3,2,1,4,3,0,3,12,-2,6,4,-1,0,-1,1,1,-1,1,5,1
KR_6741642759,420,0,-50,16,3,-2,2,4,2,2,0,0,0,0,2,3,1,1,1,0,0,5,-3,6,1,7,-1,0,-1,-1,1,-1,-1,5,1
KR_6759911404,420,1,0,0,7,0,0,0,0,3,3,-3,0,3,9,10,1,1,2,1,-1,7,119,0,5,5,7,0,-1,1,-1,1,-1,2,1
KR_6670042534,420,0,37,36,2,-6,0,6,3,4,1,4,6,2,4,5,1,-3,0,3,-1,-1,-2,3,1,4,1,0,2,1,1,1,-1,5,1
KR_6670168293,420,2,22,-28,10,2,4,2,6,7,1,3,7,4,-2,2,4,1,1,0,0,13,-9,1,2,3,-2,0,1,-1,-1,1,1,3,1
KR_6730230482,420,2,18,17,3,0,2,2,4,5,1,0,1,1,0,2,2,-1,0,1,0,5,3,5,2,7,3,0,0,1,0,0,1,3,1
KR_6763443916,440,-3,-3,17,-5,-2,1,3,-6,0,6,1,2,1,3,5,2,-1,1,2,0,-7,1,-1,2,1,2,0,-1,-1,1,-1,-1,4,1
KR_6762351174,440,-2,-80,12,-8,-4,2,6,1,2,1,-3,1,4,-2,1,3,0,0,0,-1,-4,44,1,0,1,-28,0,0,1,1,0,-1,1,1
KR_6683537286,420,3,-11,3,9,0,1,1,4,6,2,-2,1,3,6,9,3,1,1,0,0,11,5,2,1,3,0,0,1,-1,-1,1,-1,3,1
KR_6736393451,420,2,24,-5,6,-3,0,3,-1,0,1,12,13,1,0,1,1,-2,0,2,1,7,8,2,1,3,1,0,1,1,1,1,1,3,1
KR_6760965197,420,1,-14,-4,5,3,3,0,-1,3,4,3,6,3,3,6,3,-3,0,3,0,0,-13,4,2,6,0,0,1,-1,1,1,-1,5,1
KR_6716788949,420,2,49,-16,8,-8,0,8,0,4,4,3,6,3,12,12,0,1,2,1,-1,15,0,0,4,4,2,0,1,0,1,-1,1,0,1
KR_6763479454,420,4,50,-16,8,1,1,0,2,2,0,6,6,0,-2,1,3,1,2,1,0,3,8,2,0,2,-1,0,1,-1,1,1,1,5,1
KR_6749121385,420,4,73,23,4,2,4,2,1,2,1,1,2,1,3,3,0,-3,1,4,0,0,1,2,0,2,0,0,1,1,-1,1,1,6,1
KR_6709557790,420,2,-16,4,1,1,3,2,4,5,1,-1,1,2,0,1,1,-3,0,3,-1,-3,-6,-4,9,5,8,0,1,1,1,1,-1,4,1
KR_6741099188,420,3,37,32,3,2,3,1,4,4,0,1,2,1,-4,0,4,0,0,0,-1,-7,-5,1,2,3,-2,0,-1,1,1,-1,-1,6,1
KR_6674415227,420,-5,-54,-53,-5,1,1,0,2,2,0,-6,0,6,-2,2,4,0,0,0,0,-3,218,1,2,3,-1,0,-1,-1,-1,-1,-1,5,1
KR_6737802982,420,5,65,19,13,1,1,0,1,3,2,3,3,0,7,8,1,1,1,0,0,9,-24,-1,5,4,1,0,0,1,-1,1,1,2,1
KR_6740905283,420,2,17,20,7,1,5,4,2,4,2,-2,3,5,6,6,0,0,1,1,1,10,1,1,0,1,0,0,0,-1,1,0,1,2,1
KR_6736190240,420,3,-16,27,7,2,2,0,1,1,0,4,5,1,-1,2,3,1,1,0,0,8,-142,3,1,4,9,0,0,1,1,-1,1,4,1
KR_6758797707,420,2,94,-8,5,1,1,0,-3,1,4,6,6,0,0,2,2,1,2,1,0,-6,12,-4,5,1,2,0,1,1,1,1,1,6,1
KR_6762335091,420,1,84,-4,-1,3,3,0,-7,1,8,0,1,1,3,3,0,0,1,1,0,-1,37,2,0,2,-28,0,3,-1,1,1,-1,6,1
KR_6738582408,420,2,102,-16,5,-5,0,5,4,7,3,2,4,2,5,6,1,-1,0,1,0,3,-16,2,6,8,4,0,2,0,1,1,-1,0,1
KR_6732158746,420,4,-15,2,5,2,2,0,1,4,3,0,1,1,0,3,3,2,3,1,0,-1,3,-1,3,2,0,0,0,1,0,0,1,6,1
KR_6748591077,420,1,22,-24,8,3,4,1,3,3,0,-1,2,3,4,4,0,-1,0,1,0,6,4,4,1,5,-3,0,1,-1,0,1,-1,3,1
KR_6709498431,420,-1,-85,16,2,-1,0,1,4,4,0,1,3,2,-2,0,2,0,1,1,0,1,54,0,5,5,-2,0,-1,0,-1,-1,1,0,1
KR_6756743255,420,-2,-18,-24,1,-2,2,4,-3,1,4,5,8,3,-1,6,7,2,3,1,0,-4,9,6,0,6,4,0,-1,-1,-1,-1,-1,4,1
KR_6760274895,420,0,2,16,1,0,1,1,3,4,1,0,3,3,0,3,3,-2,3,5,0,1,-262,-2,3,1,-2,0,0,0,1,0,1,0,1
KR_6758706231,420,-1,3,4,-1,-3,0,3,-3,0,3,-4,4,8,7,9,2,2,2,0,2,3,17,-3,5,2,-4,0,2,1,-1,1,1,2,1
KR_6062627152,420,2,-1,-12,5,6,6,0,0,2,2,1,2,1,-1,0,1,-1,0,1,0,4,10,5,3,8,3,0,3,1,1,1,-1,4,1
KR_6763788789,420,1,21,8,10,-5,0,5,4,6,2,8,9,1,2,2,0,1,1,0,0,7,0,-1,5,4,1,0,0,1,0,1,1,2,1
KR_6760966684,420,1,42,-20,5,-1,0,1,2,4,2,2,6,4,2,4,2,0,0,0,0,12,4,6,3,9,-2,0,0,1,-1,0,1,4,1
KR_6732687928,440,5,14,16,8,6,6,0,6,6,0,-1,0,1,-2,0,2,-1,0,1,0,4,-20,-2,5,3,4,0,1,1,1,1,-1,2,1
KR_6728322328,420,0,-52,20,-1,7,7,0,-3,1,4,0,1,1,-2,2,4,-3,0,3,0,-8,10,2,1,3,-1,0,0,1,1,1,-1,4,1
KR_6630363231,420,-3,-7,8,-4,2,2,0,-3,1,4,-4,1,5,0,2,2,1,1,0,0,2,4,2,1,3,4,0,1,1,1,1,-1,3,1
KR_6733365921,420,0,41,9,1,6,6,0,-4,1,5,-3,2,5,1,4,3,1,1,0,0,-2,17,5,2,7,-4,0,2,1,1,1,1,4,1
KR_6759909531,440,-2,-25,3,-11,-5,0,5,-8,0,8,4,4,0,-2,2,4,0,0,0,0,-12,2,3,1,4,-2,0,1,-1,1,1,-1,6,1
KR_6760273925,420,6,147,-24,11,1,2,1,-1,0,1,6,6,0,4,6,2,1,1,0,0,5,-1,-2,2,0,2,0,1,1,1,1,1,4,1
KR_6763365380,420,3,68,11,12,6,7,1,3,3,0,-4,3,7,9,10,1,-2,0,2,0,2,1,3,1,4,-1,0,1,1,1,1,1,4,1
KR_6753706647,420,-1,52,-4,6,6,6,0,1,8,7,-1,3,4,-3,1,4,3,7,4,2,4,287,0,2,2,-1,0,0,-1,-1,0,1,3,1
KR_6701544069,420,3,14,5,10,6,6,0,1,4,3,-1,2,3,4,4,0,0,1,1,1,-2,90,0,4,4,1,0,1,-1,1,1,1,2,1
KR_6660429455,440,-3,36,-12,-4,1,2,1,1,4,3,-1,2,3,-1,1,2,-4,0,4,0,1,108,3,1,4,4,0,-1,1,1,-1,-1,4,1
KR_6761351211,440,6,72,-4,13,4,4,0,3,4,1,-1,2,3,2,3,1,5,5,0,1,20,9,1,3,4,-1,0,2,-1,1,1,1,6,1
KR_6762149587,420,3,35,20,2,2,2,0,2,2,0,-3,1,4,-1,4,5,2,3,1,0,-5,253,-1,3,2,-13,1,3,-1,0,1,1,6,1
KR_6734930192,420,5,-22,8,8,-2,1,3,6,8,2,3,3,0,0,3,3,1,1,0,-1,3,-4,1,2,3,-1,0,0,-1,0,0,-1,5,1
KR_6752415990,420,1,-4,-5,2,-2,1,3,-2,2,4,3,6,3,3,3,0,0,1,1,2,7,4,-4,6,2,0,0,0,-1,1,-1,1,3,1
KR_6730114209,420,-3,127,-31,1,-2,0,2,2,6,4,0,6,6,0,1,1,1,3,2,-1,6,-16,1,0,1,3,0,1,-1,0,1,-1,2,1
KR_6661277935,440,3,-29,24,12,0,1,1,2,5,3,0,3,3,9,9,0,1,1,0,2,16,10,-1,3,2,0,0,1,0,0,1,1,0,1
KR_6735604055,420,2,69,-12,8,1,1,0,-1,1,2,6,6,0,0,0,0,2,2,0,0,10,2,4,2,6,0,0,0,1,-1,0,1,2,1
KR_6721965679,420,1,78,3,6,1,2,1,-2,2,4,8,8,0,-3,3,6,2,3,1,0,0,-8,-2,2,0,2,0,2,1,1,1,-1,2,1
KR_6706559494,420,2,19,-18,3,0,3,3,-2,1,3,-4,0,4,9,12,3,0,0,0,2,1,3,1,2,3,0,0,0,0,-1,0,1,0,1
KR_6663871012,420,1,128,-34,10,4,4,0,0,1,1,1,4,3,3,4,1,2,3,1,0,6,-10,3,0,3,0,0,3,-1,1,1,1,3,1
KR_6724902060,440,4,18,21,7,-1,1,2,-3,0,3,0,2,2,6,6,0,5,5,0,0,11,-11,-1,3,2,-2,0,1,1,1,1,-1,5,1
KR_6755116776,420,3,89,10,4,2,3,1,0,1,1,0,1,1,0,2,2,2,3,1,0,-1,-2,-1,4,3,4,0,0,1,1,1,1,6,1
KR_6759194129,420,4,58,5,7,-3,0,3,2,2,0,2,5,3,3,4,1,3,3,0,0,3,-4,-5,6,1,0,0,1,-1,1,1,1,1,1
KR_6750962878,420,8,115,44,8,3,4,1,6,6,0,-1,0,1,2,2,0,-2,0,2,0,2,6,-1,4,3,5,0,3,-1,-1,1,1,4,1
KR_6744879828,420,4,25,20,7,4,4,0,4,4,0,-2,1,3,1,2,1,0,2,2,0,8,-1,0,2,2,-4,0,0,1,-1,0,1,6,1
KR_6749697606,440,4,83,64,14,5,5,0,1,3,2,7,8,1,4,6,2,-3,1,4,0,1,10,1,1,2,0,0,3,0,0,1,1,0,1
KR_6761266474,420,3,85,9,6,1,5,4,-3,0,3,2,6,4,6,9,3,0,5,5,0,4,24,-1,6,5,-8,0,1,0,-1,1,1,0,1
KR_6685230767,420,8,102,23,21,8,8,0,2,5,3,4,4,0,8,10,2,-1,1,2,1,14,-1,2,0,2,2,0,0,1,1,1,1,1,1
KR_6750787122,420,1,42,-36,-1,1,2,1,3,4,1,-2,4,6,-2,1,3,-1,2,3,0,0,7,2,1,3,-4,0,1,-1,0,1,-1,4,1
KR_6757448083,420,-2,-63,-12,-3,-1,1,2,-1,0,1,2,6,4,-2,1,3,-1,1,2,0,6,12,5,1,6,-6,0,-2,1,-1,-1,-1,1,1
KR_6761365852,420,5,27,18,11,1,3,2,3,7,4,5,5,0,3,6,3,-1,0,1,0,7,-170,-4,6,2,2,0,-1,1,-1,1,-1,5,1
KR_6759321373,420,1,-46,-7,-2,3,5,2,1,3,2,5,7,2,-11,2,13,0,0,0,0,-3,6,7,0,7,-3,0,1,1,1,-1,-1,2,1
KR_6705182513,420,3,-26,54,-5,1,1,0,-1,5,6,-1,0,1,-4,1,5,0,1,1,0,-6,-195,0,3,3,-22,0,0,-1,1,0,-1,1,1
KR_6760849484,420,2,69,-1,5,0,1,1,0,0,0,1,2,1,2,2,0,2,4,2,0,7,6,5,1,6,-1,0,0,1,1,0,1,6,1
KR_6742614872,420,0,7,-20,5,3,4,1,1,1,0,-2,1,3,1,2,1,2,3,1,1,3,-67,5,2,7,-7,0,1,1,1,1,1,5,1
KR_6663838376,420,4,99,4,2,-3,0,3,2,2,0,3,3,0,-1,0,1,1,3,2,0,5,132,0,1,1,1,0,3,1,1,1,-1,4,1
KR_6755348772,420,1,-23,24,-1,-3,3,6,-1,1,2,-6,1,7,7,8,1,2,3,1,0,1,50,4,1,5,-17,0,1,1,0,1,-1,2,1
KR_6729345681,420,1,-31,28,5,1,3,2,4,5,1,-1,1,2,1,2,1,0,2,2,0,4,0,2,1,3,3,0,1,1,1,1,1,2,1
KR_6704834107,420,2,17,-1,1,5,5,0,-1,0,1,0,1,1,-2,2,4,-1,1,2,0,-4,29,5,1,6,-7,0,0,-1,1,1,-1,2,1
KR_6761762202,440,2,54,12,4,2,4,2,0,1,1,-2,1,3,4,4,0,0,0,0,0,6,14,2,0,2,0,0,1,1,1,1,1,2,1
KR_6757336394,420,4,-44,28,-5,-4,0,4,4,6,2,1,2,1,-5,2,7,-1,0,1,-1,-4,-3,-1,2,1,1,0,0,-1,1,1,-1,5,1
KR_6757607141,420,1,-58,-10,1,-2,2,4,0,0,0,3,4,1,-1,2,3,1,2,1,0,3,0,3,0,3,-1,0,-1,1,-1,-1,-1,4,1
KR_6739107901,440,1,7,24,9,2,2,0,2,3,1,0,2,2,6,6,0,-1,0,1,0,14,5,-5,6,1,2,0,1,1,1,1,-1,5,1
KR_6709529583,420,1,33,-36,6,1,2,1,0,3,3,3,4,1,3,4,1,-1,0,1,0,5,-59,2,1,3,-2,0,4,1,1,1,-1,1,1
KR_6749992404,420,0,23,40,-1,0,1,1,1,1,0,-3,4,7,3,6,3,-2,0,2,-1,-1,5,4,2,6,-3,0,1,1,1,1,-1,3,1
KR_6688185809,420,4,132,-8,8,1,3,2,1,3,2,9,11,2,-1,1,2,-2,1,3,0,6,-120,-1,6,5,-3,0,0,1,-1,1,1,3,1
KR_6726137695,420,0,40,-8,2,-2,1,3,5,8,3,0,2,2,-1,2,3,0,0,0,0,-5,31,-1,5,4,-13,0,1,1,-1,-1,1,3,1
KR_6702063898,420,0,-31,-30,3,6,7,1,0,1,1,-6,0,6,-1,2,3,4,4,0,0,2,34,3,2,5,-27,0,0,-1,1,-1,1,3,1
KR_6743732794,440,2,60,-32,12,-1,4,5,0,2,2,-1,0,1,10,11,1,4,5,1,1,13,17,3,0,3,4,0,2,-1,-1,1,1,1,1
KR_6736417246,440,5,43,4,19,-1,1,2,5,5,0,8,10,2,6,7,1,1,1,0,0,21,-2,1,3,4,1,0,0,1,1,1,1,6,1
KR_6672504685,420,3,40,32,4,-5,2,7,6,7,1,-1,0,1,2,3,1,2,2,0,0,1,41,-1,4,3,-20,0,3,-1,1,1,-1,6,1
KR_6759985228,420,2,64,4,13,3,5,2,3,3,0,4,6,2,3,4,1,0,0,0,0,11,1,4,3,7,2,0,0,-1,0,1,1,1,1
KR_6636084189,420,1,-25,8,9,-2,0,2,5,7,2,2,5,3,4,6,2,0,1,1,1,5,108,3,1,4,0,0,1,1,1,1,1,1,1
KR_6733659521,420,-1,39,-16,-1,-1,0,1,0,1,1,-1,1,2,4,5,1,-3,0,3,0,2,2,1,0,1,0,0,0,1,-1,0,-1,2,1
KR_6716767060,420,3,47,-2,8,0,1,1,-1,1,2,4,4,0,2,4,2,3,3,0,0,10,15,-3,6,3,2,0,1,1,-1,1,1,5,1
KR_6591065147,420,6,43,19,7,2,5,3,0,2,2,3,5,2,-1,5,6,3,3,0,-1,10,7,5,3,8,1,0,0,1,1,-1,-1,4,1
KR_6742636838,420,6,85,29,14,4,4,0,1,2,1,4,4,0,5,7,2,0,1,1,1,11,6,2,2,4,3,0,0,1,1,1,1,1,1
KR_6723096744,420,0,68,-8,5,0,1,1,2,2,0,4,4,0,3,5,2,-4,0,4,0,3,2,1,2,3,-4,0,1,1,1,1,1,1,1
KR_6638382912,420,4,26,37,5,0,2,2,0,0,0,2,2,0,1,2,1,2,2,0,0,1,-4,0,1,1,2,0,0,0,0,1,1,0,1
KR_6719587308,420,0,-4,16,4,2,3,1,2,7,5,0,3,3,-1,2,3,1,3,2,0,3,-348,3,1,4,2,0,1,1,1,1,-1,1,1
KR_6763812903,420,2,6,-12,8,-5,0,5,1,2,1,0,2,2,12,13,1,0,0,0,0,14,15,5,2,7,-3,0,1,-1,-1,1,1,6,1
KR_6760224497,420,0,57,-18,-1,-9,0,9,1,3,2,5,6,1,3,4,1,-1,1,2,0,1,-9,-2,3,1,1,0,-1,-1,-1,-1,-1,2,1
KR_6689524831,440,1,-11,-28,2,-2,1,3,1,3,2,2,3,1,2,6,4,-1,1,2,0,4,27,-4,5,1,-1,0,0,1,-1,0,-1,3,1
KR_6759100727,420,2,26,10,2,2,2,0,1,2,1,-5,1,6,4,5,1,0,1,1,0,-2,8,6,4,10,-10,0,0,0,0,0,-1,0,1
KR_6696155781,420,3,-1,-15,2,-3,0,3,5,5,0,-1,0,1,1,1,0,0,0,0,0,7,34,-2,6,4,-12,0,0,-1,-1,0,-1,1,1
KR_6756263125,440,3,-11,26,4,1,1,0,3,3,0,1,5,4,-1,0,1,0,1,1,0,8,-62,1,3,4,21,0,0,1,1,0,-1,3,1
KR_6653161461,420,-1,-35,-11,-7,1,3,2,-1,0,1,-6,0,6,-3,0,3,2,3,1,0,-7,-1,-2,2,0,1,0,-1,-1,-1,-1,1,1,1
KR_6730832495,420,8,89,96,19,8,8,0,0,1,1,6,6,0,6,8,2,-1,0,1,0,13,54,2,0,2,21,0,3,0,-1,1,1,0,1
KR_6744456752,420,1,-68,29,0,-3,0,3,5,5,0,-6,2,8,4,5,1,0,1,1,0,8,22,2,2,4,3,0,-1,1,1,1,-1,6,1
KR_6761325905,420,2,33,6,2,0,1,1,7,7,0,-2,1,3,-5,1,6,2,2,0,0,7,9,-1,1,0,-3,0,-1,1,-1,-1,-1,5,1
KR_6692724474,420,5,48,28,8,3,5,2,-1,8,9,2,2,0,2,2,0,2,2,0,-3,10,-35,-5,6,1,9,0,0,1,1,0,-1,4,1
KR_6762524801,420,1,-17,-3,1,-2,2,4,-1,2,3,1,3,2,-2,4,6,5,5,0,-1,1,-4,-3,4,1,4,0,1,0,1,1,1,0,1
KR_6748628014,420,6,92,40,7,6,6,0,-1,3,4,1,1,0,1,1,0,0,0,0,0,8,9,3,3,6,4,0,2,1,-1,1,1,6,1
KR_6762555616,420,-2,-54,-12,-10,-2,2,4,-2,1,3,-6,1,7,0,0,0,0,0,0,-1,-4,4,-2,3,1,-1,0,0,-1,-1,-1,-1,2,1
KR_6760232049,420,1,-5,12,-3,2,3,1,-4,3,7,1,2,1,1,5,4,-3,0,3,0,-11,-1,3,2,5,0,0,1,-1,1,1,1,5,1
KR_6613362697,420,2,-12,30,6,2,2,0,-4,1,5,4,4,0,0,1,1,4,5,1,0,5,4,-7,7,0,-1,0,1,1,1,1,-1,1,1
KR_6760373636,420,-5,-38,8,-12,-2,4,6,-2,1,3,0,2,2,-3,1,4,-5,2,7,-1,-11,313,-3,4,1,4,0,-1,1,1,-1,-1,5,1
KR_6692382843,420,4,84,31,10,0,1,1,3,3,0,1,2,1,6,6,0,0,1,1,1,8,6,2,1,3,1,0,2,1,0,1,1,6,1
KR_6747752588,420,-1,13,28,-4,4,4,0,4,7,3,-4,1,5,-6,1,7,-2,1,3,-1,-1,-43,-2,4,2,21,0,0,1,1,1,-1,3,1
KR_6745235785,420,0,20,15,2,3,3,0,3,4,1,-1,1,2,0,2,2,-3,0,3,0,0,-21,3,3,6,-2,0,2,-1,1,1,1,2,1
KR_6755083850,420,2,1,-4,8,-3,0,3,2,2,0,1,3,2,4,4,0,4,4,0,0,5,24,-1,1,0,1,0,1,1,1,1,1,5,1
KR_6684641188,420,-2,41,-16,5,-1,2,3,0,2,2,3,4,1,0,3,3,3,3,0,0,2,4,5,0,5,2,0,0,1,1,0,1,1,1
KR_6746990549,420,7,57,28,14,-3,1,4,1,2,1,8,8,0,6,9,3,2,4,2,0,12,-4,0,3,3,-3,0,1,1,1,1,1,3,1
KR_6737018645,420,9,56,52,12,-3,0,3,5,5,0,2,2,0,3,7,4,5,6,1,-1,6,-2,0,5,5,2,0,0,1,1,1,-1,4,1
KR_6744848454,420,6,58,59,6,3,3,0,1,2,1,0,2,2,2,5,3,0,4,4,-2,4,16,7,0,7,0,0,4,1,1,1,-1,5,1
KR_6736305292,420,-1,-47,4,1,1,1,0,1,2,1,-1,0,1,-1,6,7,1,2,1,0,3,11,3,1,4,-2,0,-1,-1,-1,-1,-1,3,1
KR_6745935904,440,2,46,29,0,-3,0,3,3,4,1,-5,1,6,1,1,0,4,5,1,0,5,5,4,2,6,-1,0,0,1,1,0,1,5,1
KR_6654776855,420,2,41,-8,9,7,7,0,-1,2,3,3,3,0,0,1,1,0,0,0,0,6,-8,1,1,2,2,0,2,1,1,1,1,1,1
KR_6760919773,420,0,-41,32,9,3,7,4,8,8,0,2,3,1,-1,1,2,-3,0,3,0,4,6,1,1,2,2,0,1,1,1,1,1,2,1
KR_6740834982,440,2,26,5,1,0,2,2,-1,1,2,-3,1,4,7,7,0,-2,1,3,0,-1,15,-2,4,2,5,0,1,-1,0,1,1,3,1
KR_6763513432,420,-1,-10,-13,-2,1,5,4,-4,0,4,-1,1,2,2,2,0,0,0,0,0,-1,0,1,1,2,-2,0,0,-1,-1,1,1,4,1
KR_6721572132,420,5,-21,52,7,-1,0,1,6,6,0,5,6,1,-3,0,3,0,0,0,0,7,-36,4,3,7,40,0,0,1,1,1,1,1,1
KR_6747132167,440,1,15,16,8,4,4,0,2,3,1,4,5,1,-2,3,5,0,3,3,1,5,9,4,2,6,0,0,-1,1,1,-1,1,1,1
KR_6611378318,420,0,-31,0,0,-1,0,1,4,6,2,0,1,1,0,1,1,-3,1,4,0,-2,0,3,2,5,3,0,0,1,1,0,1,3,1
KR_6749744989,420,5,76,16,9,1,1,0,3,6,3,2,4,2,3,3,0,0,1,1,1,3,-12,-1,2,1,2,0,1,1,0,1,1,2,1
KR_6758686229,420,-2,-59,0,-3,3,5,2,1,2,1,1,3,2,-5,1,6,-3,0,3,0,-5,-14,1,3,4,2,0,0,1,-1,0,1,6,1
KR_6761391149,420,1,-60,-12,-3,3,3,0,0,1,1,-3,1,4,-2,0,2,-1,0,1,0,-5,139,-4,5,1,2,0,0,1,0,0,-1,6,1
KR_6747080847,420,-1,-38,4,4,-1,1,2,1,4,3,-2,2,4,4,8,4,2,2,0,0,9,-5,1,2,3,2,0,1,1,1,1,1,1,1
KR_6764237640,420,0,58,4,5,-2,2,4,3,4,1,3,5,2,-1,2,3,2,2,0,1,-3,7,0,3,3,5,0,1,1,1,1,1,2,1
KR_6745693704,420,7,82,30,10,4,4,0,5,7,2,4,5,1,-2,5,7,-1,1,2,1,4,153,1,2,3,4,0,2,1,1,1,1,1,1
KR_6758878746,420,4,56,12,8,4,4,0,1,4,3,5,7,2,-2,0,2,0,0,0,0,-5,20,0,4,4,-4,0,2,1,1,1,1,5,1
KR_6715309157,440,-3,-43,-63,-9,2,5,3,-7,0,7,-6,0,6,3,9,6,-1,1,2,-2,-9,1,0,1,1,-1,0,-1,1,0,1,1,5,1
KR_6741154825,420,2,79,-12,10,4,4,0,0,2,2,5,8,3,1,2,1,0,0,0,0,8,10,-8,9,1,-1,0,1,-1,-1,1,1,3,1
KR_6669444388,420,1,36,-4,7,-1,0,1,-1,2,3,2,2,0,5,6,1,2,2,0,2,9,17,1,3,4,-2,0,0,-1,-1,0,1,5,1
KR_6729379474,420,4,20,8,5,6,6,0,-3,1,4,-1,4,5,1,1,0,2,2,0,0,-3,9,0,3,3,-2,0,1,0,0,1,1,0,1
KR_6695084338,420,3,-2,20,9,2,4,2,4,6,2,2,3,1,2,5,3,-1,0,1,0,5,0,4,1,5,3,0,2,1,1,1,1,3,1
KR_6729268307,420,2,32,28,4,4,5,1,-3,0,3,-1,0,1,4,4,0,0,0,0,0,3,-48,1,2,3,20,0,1,-1,-1,1,1,2,1
KR_6652043697,420,0,30,32,2,3,5,2,-2,3,5,6,6,0,-2,3,5,-3,0,3,0,-6,-5,-4,5,1,2,0,2,-1,1,1,1,5,1
KR_6743801794,420,-1,-40,-4,1,-3,0,3,1,3,2,3,3,0,0,3,3,0,0,0,0,1,-5,1,3,4,3,0,0,1,-1,-1,-1,6,1
KR_6743393550,420,1,-6,5,8,2,3,1,0,3,3,5,6,1,1,3,2,0,1,1,0,8,-7,-3,5,2,-1,0,0,0,0,0,1,0,1
KR_6762635226,420,1,72,-39,0,-2,2,4,0,1,1,-2,1,3,3,5,2,1,1,0,0,3,74,5,0,5,-16,0,1,1,0,1,-1,6,1
KR_6693447265,420,2,39,3,0,3,3,0,2,5,3,0,1,1,-2,0,2,-3,0,3,0,-1,-18,3,0,3,0,0,0,1,0,1,1,6,1
KR_6623412173,420,2,41,-16,-1,1,3,2,0,0,0,0,1,1,-2,0,2,0,0,0,0,-4,-7,-1,4,3,-1,0,0,-1,-1,0,-1,3,1
KR_6718988605,420,0,34,12,3,-1,2,3,-1,4,5,1,2,1,3,4,1,1,1,0,0,0,2,-6,8,2,6,0,0,1,1,0,-1,1,1
KR_6623131965,420,0,-64,2,-1,0,1,1,-2,4,6,2,2,0,-2,0,2,1,1,0,0,-3,107,-6,6,0,2,0,1,1,0,1,-1,5,1
KR_6650070558,420,5,44,6,10,0,1,1,5,8,3,1,2,1,4,4,0,0,2,2,0,6,21,2,1,3,-1,0,1,0,0,1,1,0,1
KR_6750240373,440,5,52,20,16,6,6,0,4,6,2,-1,4,5,2,6,4,5,5,0,3,26,13,1,0,1,0,0,2,1,0,1,1,5,1
KR_6735417161,420,4,135,-14,12,1,2,1,1,1,0,2,5,3,5,6,1,3,5,2,0,16,-20,-2,3,1,5,0,1,1,0,1,1,4,1
KR_6727073348,420,5,86,8,16,-1,0,1,-3,2,5,4,4,0,8,10,2,8,8,0,0,7,182,-2,3,1,1,0,1,1,-1,1,1,4,1
KR_6723900978,440,2,-21,29,10,1,5,4,4,4,0,1,6,5,2,2,0,2,3,1,0,6,-388,1,1,2,0,0,1,0,0,1,-1,0,1
KR_6723537168,420,2,-27,4,4,-3,0,3,1,3,2,-2,1,3,6,9,3,2,2,0,0,6,0,-3,7,4,2,0,0,1,-1,-1,-1,3,1
KR_6665003377,420,-1,61,36,-1,3,5,2,-6,2,8,-1,2,3,2,4,2,1,2,1,1,-6,3,1,3,4,-4,0,0,1,-1,1,-1,3,1
KR_6684289480,440,1,77,-5,1,-2,0,2,5,8,3,2,3,1,-3,4,7,-1,0,1,0,5,48,5,1,6,-23,0,-1,1,-1,-1,1,5,1
KR_6732229475,440,1,74,22,1,-1,0,1,3,4,1,1,2,1,-1,0,1,-1,1,2,0,2,22,5,2,7,1,0,1,-1,-1,1,-1,6,1
KR_6763880657,420,2,-16,19,5,-2,0,2,-3,3,6,2,4,2,5,10,5,3,4,1,0,5,249,-2,4,2,1,0,0,0,0,1,1,0,1
KR_6679831568,420,1,-17,0,8,0,0,0,-3,0,3,6,7,1,4,5,1,1,2,1,0,5,-22,3,1,4,1,0,1,0,-1,1,1,0,1
KR_6762424113,420,6,79,13,10,3,5,2,2,3,1,4,7,3,2,4,2,-1,1,2,0,-6,-17,-1,3,2,-1,0,0,1,1,0,1,3,1
KR_6762808325,420,0,33,10,0,-7,0,7,0,2,2,0,5,5,6,6,0,1,2,1,1,10,6,-1,1,0,0,0,1,1,-1,1,1,5,1
KR_6755224423,420,1,12,15,-1,-4,0,4,-4,2,6,3,4,1,7,7,0,-3,2,5,-1,-6,-12,0,2,2,6,0,0,-1,1,1,1,2,1
KR_6759246035,420,0,34,4,4,1,2,1,6,7,1,-2,2,4,-1,4,5,0,2,2,0,0,7,3,1,4,1,0,2,0,1,1,1,0,1
KR_6699143736,420,-1,-49,-24,-1,-1,1,2,1,1,0,0,0,0,-3,1,4,2,2,0,0,3,128,0,2,2,6,0,-1,-1,-1,-1,-1,6,1
KR_6743308909,420,-3,-62,-4,-1,-6,0,6,3,8,5,1,3,2,0,0,0,1,2,1,0,1,-6,-5,5,0,0,0,-1,-1,-1,-1,1,6,1
KR_6751296352,420,2,45,2,11,-4,2,6,-1,0,1,1,1,0,13,14,1,2,3,1,2,18,-22,4,1,5,19,0,0,1,0,-1,1,6,1
KR_6644713360,420,1,22,-13,0,-1,0,1,3,4,1,3,3,0,-3,0,3,-2,0,2,0,-5,162,3,4,7,-1,0,2,-1,1,1,1,4,1
KR_6688435322,420,0,22,-12,2,-6,0,6,4,5,1,-2,1,3,6,6,0,0,1,1,-1,7,8,3,1,4,2,0,0,1,1,0,-1,5,1
KR_6751538183,420,8,76,26,18,3,3,0,1,2,1,6,6,0,8,8,0,0,0,0,0,10,2,0,0,0,1,0,0,0,-1,1,1,0,1
KR_6764575867,420,0,42,8,-3,3,4,1,-1,0,1,-2,1,3,-1,3,4,-2,0,2,0,-3,81,-1,4,3,1,0,0,-1,-1,0,-1,3,1
KR_6689848264,420,1,-2,3,0,-1,2,3,1,5,4,3,5,2,-3,2,5,0,2,2,0,2,0,1,0,1,1,0,1,1,-1,1,1,4,1
KR_6585311490,420,0,-6,12,-1,-1,3,4,3,4,1,-1,2,3,-1,2,3,-1,0,1,0,-1,0,1,1,2,0,0,1,-1,1,1,-1,2,1
KR_6751168744,420,-3,-20,-16,0,1,5,4,0,2,2,-3,2,5,2,3,1,0,1,1,1,7,-42,-1,5,4,2,0,-1,-1,0,-1,1,3,1
KR_6760452025,420,4,72,32,9,1,1,0,5,6,1,5,5,0,0,2,2,-2,1,3,0,9,337,-1,2,1,-1,0,1,1,0,1,1,5,1
KR_6745507150,420,1,40,7,-1,1,1,0,0,1,1,4,4,0,-1,1,2,-5,1,6,2,-7,-22,-1,3,2,-2,0,-1,-1,1,-1,1,4,1
KR_6762268089,420,1,-25,16,10,2,5,3,0,2,2,7,9,2,0,0,0,1,1,0,2,15,2,4,1,5,-3,0,1,1,1,1,1,1,1
KR_6626036554,420,2,55,24,7,4,6,2,0,3,3,0,2,2,2,4,2,1,2,1,0,6,10,6,0,6,-3,0,0,1,1,1,1,2,1
KR_6742069559,440,3,70,16,4,3,3,0,-1,2,3,3,3,0,3,4,1,-4,0,4,0,-1,1,3,2,5,-4,0,2,1,1,1,-1,6,1
KR_6628706763,420,2,41,-19,6,1,2,1,2,3,1,-2,4,6,1,2,1,4,4,0,0,9,5,0,5,5,3,0,0,1,1,1,1,3,1
KR_6736717350,420,-2,-52,-4,-3,0,1,1,3,9,6,-2,0,2,-2,0,2,-2,2,4,0,-5,6,-1,2,1,-3,0,1,1,1,1,1,2,1
KR_6764534211,420,1,-30,39,-2,1,3,2,-1,2,3,-2,1,3,1,1,0,-1,0,1,0,1,-14,-3,6,3,-4,0,0,1,1,0,-1,3,1
KR_6745239761,420,1,-20,4,6,2,4,2,0,2,2,1,1,0,0,1,1,3,3,0,0,5,-287,-3,6,3,-5,0,0,1,1,0,-1,2,1
KR_6763585412,420,-1,-63,19,-1,0,2,2,-1,2,3,2,2,0,-1,2,3,-1,2,3,0,2,27,3,3,6,-3,0,-1,1,-1,-1,-1,2,1
KR_6739335098,440,2,80,20,14,-2,0,2,2,3,1,0,1,1,8,10,2,6,7,1,2,22,-17,0,6,6,3,0,3,1,1,1,1,4,1
KR_6754242519,420,3,22,7,5,-4,2,6,1,2,1,2,6,4,4,7,3,2,2,0,1,7,-286,-1,2,1,3,0,1,-1,-1,1,1,5,1
KR_6746239589,420,5,46,12,14,-1,0,1,9,11,2,8,8,0,-2,2,4,0,0,0,0,14,211,1,1,2,-1,0,1,-1,-1,1,1,2,1
KR_6704360181,420,6,104,44,2,0,3,3,-2,2,4,-3,1,4,4,4,0,3,6,3,2,6,5,-1,3,2,0,0,2,1,-1,1,1,3,1
KR_6761994801,420,1,44,12,0,-1,0,1,-2,1,3,-3,1,4,4,10,6,2,2,0,-1,4,4,-2,7,5,1,0,2,-1,1,1,-1,4,1
KR_6631768893,420,-2,0,33,4,-1,1,2,-5,0,5,11,14,3,0,5,5,-1,0,1,0,-3,5,-2,4,2,0,0,1,1,1,1,1,1,1
KR_6753904444,420,1,-27,24,2,1,2,1,3,7,4,0,2,2,-1,2,3,-1,1,2,0,1,-6,4,1,5,-1,0,-1,1,0,-1,1,1,1
KR_6660527582,440,0,32,-12,4,-1,3,4,-2,1,3,2,4,2,4,5,1,1,2,1,0,7,348,-1,1,0,0,0,1,1,0,1,1,2,1
KR_6750682662,440,0,56,-32,3,2,2,0,-6,1,7,1,1,0,6,8,2,0,0,0,0,7,-3,1,1,2,-2,0,0,0,1,1,1,0,1
KR_6763681819,420,-1,14,8,0,1,1,0,-1,1,2,-1,2,3,1,1,0,0,0,0,0,0,-1,0,3,3,1,0,0,1,-1,0,1,2,1
KR_6724749434,420,-3,-27,5,-1,0,3,3,-3,2,5,3,3,0,-3,1,4,2,6,4,0,-2,-135,0,2,2,2,0,-2,1,-1,-1,-1,5,1
KR_6759088310,420,2,-5,12,5,1,2,1,4,5,1,3,4,1,-1,2,3,-2,1,3,0,6,101,-3,5,2,2,0,0,-1,1,0,1,6,1
KR_6757640075,420,3,4,13,-2,-3,1,4,2,6,4,-2,0,2,0,5,5,1,1,0,0,3,-1,-4,4,0,2,0,0,1,-1,-1,-1,6,1
KR_6744441801,420,1,65,-16,6,4,4,0,-1,0,1,4,4,0,-2,2,4,1,3,2,0,-3,-15,2,1,3,-3,0,1,-1,1,1,1,6,1
KR_6760914089,420,0,17,8,2,1,3,2,1,1,0,1,3,2,1,1,0,-2,1,3,0,4,-20,-4,4,0,3,0,1,0,0,1,1,0,1
KR_6639705190,440,-1,-34,2,-1,-5,0,5,-7,0,7,1,1,0,1,3,2,9,12,3,1,7,2,2,0,2,-5,0,-2,1,-1,-1,1,6,1
KR_6752625890,420,3,112,40,0,-6,1,7,0,2,2,-1,1,2,4,5,1,3,3,0,0,4,14,2,0,2,-3,0,2,1,-1,1,-1,2,1
KR_6754151371,420,3,67,32,3,-3,2,5,-3,0,3,4,5,1,5,6,1,0,1,1,0,3,8,6,2,8,-5,0,0,1,-1,0,1,4,1
KR_6753621358,420,3,69,-4,5,2,2,0,2,4,2,1,3,2,-2,0,2,2,3,1,0,8,0,2,3,5,-1,0,1,-1,1,1,1,6,1
KR_6611928235,420,4,55,20,16,0,1,1,0,3,3,7,7,0,7,7,0,2,3,1,1,14,-2,-2,3,1,0,0,2,0,1,1,1,0,1
KR_6650597008,420,5,48,16,5,2,2,0,-1,1,2,1,3,2,3,5,2,0,0,0,0,4,-2,1,2,3,6,0,3,1,-1,1,1,2,1
KR_6760552364,420,0,-12,17,-8,3,4,1,-4,1,5,3,3,0,-8,0,8,-2,0,2,0,-13,-147,-5,6,1,-5,0,0,1,-1,0,1,1,1
KR_6738461915,420,3,38,32,1,-1,1,2,2,3,1,3,4,1,-2,1,3,-1,1,2,0,-2,3,0,2,2,1,0,-1,1,1,-1,-1,5,1
KR_6747353040,420,0,14,-11,1,6,6,0,0,2,2,-1,3,4,-5,1,6,1,1,0,0,-1,1,-4,6,2,1,0,1,1,0,1,-1,5,1
KR_6624203301,420,1,24,4,-2,3,5,2,-3,0,3,-1,1,2,-1,0,1,0,0,0,0,-5,-122,-4,6,2,-2,0,1,1,1,1,-1,4,1
KR_6722845976,420,0,-42,28,-6,0,1,1,2,2,0,3,3,0,-10,1,11,-1,0,1,0,-8,169,1,0,1,0,0,-2,1,-1,-1,-1,1,1
KR_6685192581,420,4,54,16,3,-1,4,5,0,1,1,2,3,1,2,3,1,0,1,1,0,6,8,0,2,2,1,0,0,1,0,0,-1,1,1
KR_6601669703,420,0,9,-24,8,2,3,1,-3,2,5,-2,0,2,10,11,1,1,2,1,1,11,1,2,3,5,1,0,1,-1,-1,1,1,5,1
KR_6760635295,440,0,14,-18,-1,0,0,0,1,3,2,-2,1,3,-1,0,1,1,1,0,0,-1,-1,0,1,1,1,0,0,1,-1,-1,1,6,1
KR_6753810555,420,2,47,-8,10,1,3,2,2,4,2,3,6,3,3,4,1,1,1,0,0,6,-17,3,2,5,4,0,0,1,1,0,1,2,1
KR_6618706483,420,3,-4,14,4,12,14,2,-1,3,4,0,1,1,-4,3,7,-3,0,3,0,0,5,2,4,6,-3,0,4,1,1,1,1,5,1
KR_6761593603,420,1,-26,15,3,1,4,3,3,4,1,1,3,2,-2,0,2,0,0,0,0,0,-4,-1,3,2,2,0,1,0,1,1,1,0,1
KR_6683032213,440,0,7,-14,2,-2,1,3,4,8,4,-1,5,6,0,1,1,1,2,1,0,7,-454,1,5,6,-2,0,0,-1,0,0,1,3,1
KR_6761799795,420,-2,-91,-24,-1,1,2,1,-3,2,5,1,2,1,1,2,1,-1,1,2,0,4,-587,-3,3,0,-1,0,-1,-1,-1,-1,-1,6,1
KR_6752445858,420,1,65,-4,1,2,3,1,-3,1,4,-3,1,4,4,7,3,1,2,1,0,6,236,-14,16,2,-1,0,0,1,-1,0,-1,3,1
KR_6757783594,420,3,-6,11,5,3,4,1,-1,5,6,4,4,0,-2,2,4,1,2,1,0,0,1,6,3,9,-2,0,0,1,1,0,1,5,1
KR_6697639056,420,1,-13,-13,4,1,2,1,3,4,1,2,3,1,-1,2,3,-1,0,1,0,0,-27,0,4,4,9,0,-1,1,1,-1,-1,1,1
KR_6751973217,420,4,-27,-20,10,3,3,0,6,8,2,3,3,0,-1,0,1,-1,0,1,0,4,13,1,1,2,-4,0,2,1,1,1,1,6,1
KR_6741941760,420,2,-8,0,7,1,1,0,2,4,2,3,4,1,0,0,0,1,1,0,0,6,-10,-5,8,3,4,0,1,1,1,1,1,3,1
KR_6726396482,420,4,86,44,0,-3,0,3,3,6,3,-2,3,5,1,3,2,1,3,2,0,-7,-1,-2,6,4,2,0,2,1,1,1,1,5,1
KR_6761015052,440,2,22,12,3,-2,0,2,1,3,2,-1,1,2,2,5,3,3,3,0,0,7,-2,0,3,3,-1,0,2,1,0,1,-1,2,1
KR_6722671450,420,-1,61,-12,0,0,1,1,3,6,3,-4,0,4,1,4,3,0,0,0,0,6,-51,1,5,6,34,0,1,1,-1,1,1,4,1
KR_6756705678,420,2,12,-12,3,-3,0,3,1,2,1,4,4,0,1,3,2,0,0,0,0,6,-6,4,4,8,2,0,0,-1,0,0,-1,1,1
KR_6639834632,420,-1,-26,-12,1,-1,1,2,-1,0,1,-1,3,4,2,2,0,2,2,0,0,-1,217,-1,4,3,6,0,0,1,-1,0,-1,6,1
KR_6670198394,420,0,45,-4,4,-1,0,1,-1,0,1,3,4,1,2,2,0,1,1,0,0,4,4,0,4,4,-1,0,0,-1,-1,0,1,1,1
KR_6756195180,420,0,-6,15,3,-1,0,1,0,3,3,-1,2,3,3,5,2,2,2,0,1,6,5,0,2,2,1,0,0,0,1,1,1,0,1
KR_6748215454,420,1,-76,-8,3,2,4,2,-2,2,4,0,2,2,2,2,0,1,1,0,0,7,-6,-1,4,3,3,0,-2,1,0,-1,1,2,1
KR_6737444836,420,3,-65,20,6,0,1,1,7,8,1,-1,1,2,0,2,2,0,0,0,0,6,33,8,1,9,-5,0,0,0,0,0,-1,0,1
KR_6716135417,420,4,40,24,16,2,3,1,3,4,1,4,5,1,4,6,2,3,3,0,0,16,361,6,0,6,1,0,3,1,1,1,1,5,1
KR_6743169930,420,2,51,-28,6,3,5,2,-3,2,5,1,3,2,4,6,2,1,3,2,0,4,0,4,1,5,-1,0,0,1,0,1,-1,2,1
KR_6654922568,420,2,114,32,0,0,0,0,-7,0,7,0,2,2,4,5,1,3,3,0,1,-1,-155,3,0,3,-3,0,2,1,1,1,1,5,1
KR_6760251788,420,4,-7,-5,6,3,4,1,1,1,0,-1,1,2,2,2,0,1,1,0,0,9,14,-1,4,3,2,0,1,-1,1,1,-1,3,1
KR_6750687208,420,2,63,9,1,4,7,3,-2,1,3,3,3,0,-1,4,5,-3,0,3,0,-7,1,-4,5,1,3,0,1,0,-1,1,1,0,1
KR_6720388154,440,3,65,-21,5,4,5,1,5,8,3,-7,1,8,2,5,3,1,3,2,0,9,2,-1,7,6,1,0,1,0,-1,-1,1,0,1
KR_6739662733,420,3,69,20,6,3,5,2,3,6,3,2,4,2,-2,1,3,0,0,0,0,-2,5,-2,3,1,1,0,0,1,0,1,1,1,1
KR_6754266493,420,1,-29,64,-1,-1,0,1,5,6,1,-1,2,3,-4,2,6,0,2,2,0,-2,-8,0,1,1,0,0,-1,-1,-1,-1,-1,1,1
KR_6751092571,420,2,54,10,4,-2,0,2,0,3,3,0,3,3,4,6,2,2,3,1,0,-2,6,0,0,0,1,0,0,0,0,0,-1,0,1
KR_6694503132,420,-1,-10,-19,2,2,2,0,-2,3,5,1,2,1,1,1,0,0,0,0,0,3,-4,-1,6,5,0,0,0,1,-1,0,1,5,1
KR_6748924496,420,2,-8,16,0,1,4,3,1,4,3,1,1,0,-1,0,1,-2,1,3,0,0,15,0,0,0,0,0,-2,1,-1,-1,-1,1,1
KR_6624613226,420,2,9,39,1,5,6,1,4,5,1,-1,1,2,-3,1,4,-4,1,5,0,-9,-5,1,0,1,1,0,1,1,1,1,-1,3,1
KR_6709788358,440,3,82,16,7,3,3,0,4,4,0,2,3,1,-3,0,3,1,1,0,0,6,0,1,2,3,2,0,0,1,1,0,-1,4,1
KR_6631963443,420,3,-19,-8,5,7,8,1,4,5,1,3,5,2,-3,1,4,-6,1,7,1,16,123,2,2,4,3,0,0,-1,0,1,1,3,1
KR_6760253296,420,5,125,8,10,-2,1,3,0,1,1,3,6,3,9,11,2,0,0,0,0,10,8,-2,3,1,4,0,2,1,1,1,1,5,1
KR_6750315138,440,-2,-68,-12,-4,-8,0,8,3,3,0,4,5,1,-3,0,3,0,0,0,0,-2,-3,-1,4,3,3,0,-1,0,0,-1,1,0,1
KR_6693364010,420,1,55,-3,-1,3,3,0,-1,3,4,0,2,2,-1,0,1,-2,0,2,0,-2,-6,-3,3,0,1,0,0,1,1,0,-1,4,1
KR_6635208395,420,0,-2,5,3,2,3,1,1,2,1,-2,2,4,3,4,1,-1,0,1,0,5,3,-3,6,3,-1,0,0,-1,-1,0,1,5,1
KR_6750082347,420,1,-108,-2,3,2,4,2,1,2,1,0,3,3,-1,1,2,1,2,1,0,2,-94,0,1,1,3,0,0,-1,1,0,1,1,1
KR_6762133710,420,-1,-78,-8,1,4,4,0,5,5,0,-7,0,7,0,4,4,-1,0,1,0,4,-27,-1,4,3,1,0,0,0,1,1,1,0,1
KR_6689440637,440,-2,-36,8,-11,-1,3,4,-4,3,7,-2,1,3,-4,1,5,0,0,0,0,-17,-1,-2,3,1,0,0,0,0,1,1,-1,0,1
KR_6706280032,440,5,-66,25,6,2,4,2,2,3,1,2,4,2,0,3,3,0,0,0,0,13,-444,0,2,2,0,0,0,1,0,-1,-1,4,1
KR_6731004451,420,9,101,50,12,4,4,0,-1,2,3,0,1,1,10,10,0,-1,0,1,0,4,23,1,2,3,-1,0,4,1,1,1,-1,4,1
KR_6688343055,420,1,-10,-1,-10,5,7,2,-1,2,3,-9,1,10,-3,1,4,-2,0,2,0,-12,-169,1,3,4,-4,0,0,-1,0,0,-1,1,1
KR_6730552538,420,-2,-92,-20,-5,-2,1,3,-1,2,3,1,1,0,-1,2,3,-2,1,3,0,-6,3,-1,4,3,1,0,0,1,0,0,-1,2,1
KR_6750283475,440,-2,7,20,-8,3,6,3,-4,4,8,-1,2,3,-4,1,5,-2,1,3,0,-20,-5,-1,3,2,0,0,1,1,1,1,1,3,1
KR_6748980594,420,4,85,-25,4,6,6,0,-1,2,3,3,4,1,-4,1,5,0,1,1,0,-2,-6,-4,5,1,1,0,2,0,1,1,1,0,1
KR_6733143182,420,5,150,16,6,2,3,1,0,1,1,4,5,1,1,4,3,-1,0,1,0,5,16,4,1,5,-5,0,2,-1,1,1,-1,5,1
KR_6725871781,420,-1,-30,32,-3,-4,0,4,3,3,0,2,4,2,-2,1,3,-2,1,3,0,-2,10,-1,7,6,-3,0,0,-1,1,0,1,2,1
KR_6503122511,420,1,79,3,4,3,5,2,3,3,0,0,1,1,-2,1,3,0,0,0,0,1,-177,2,3,5,-4,0,1,1,1,1,1,5,1
KR_6759709280,420,-1,103,18,3,3,3,0,-1,2,3,2,2,0,1,1,0,-2,2,4,0,5,-3,1,3,4,3,0,-1,1,0,-1,1,4,1
KR_6632488134,420,2,6,4,8,0,1,1,5,5,0,7,7,0,1,1,0,-5,1,6,0,-3,2,0,3,3,-3,0,1,1,0,1,1,1,1
KR_6698797045,420,2,4,-8,5,-3,1,4,7,7,0,2,2,0,-1,1,2,0,0,0,0,10,-4,0,5,5,1,0,0,1,-1,0,1,5,1
KR_6714793443,420,-1,-11,-6,-8,-2,0,2,-3,0,3,0,2,2,-4,0,4,1,1,0,0,-10,7,0,5,5,0,0,-1,-1,-1,-1,-1,2,1
KR_6737439146,420,5,53,15,14,-5,1,6,5,5,0,5,5,0,6,8,2,3,4,1,0,14,113,0,3,3,0,0,2,1,1,1,1,2,1
KR_6648816926,420,-1,-32,4,-2,2,6,4,0,1,1,1,2,1,-3,0,3,-2,2,4,0,-1,3,4,1,5,-6,0,-1,-1,1,-1,-1,2,1
KR_6740925107,420,2,57,4,8,1,1,0,4,6,2,-2,2,4,6,6,0,-1,0,1,0,5,0,4,1,5,-2,0,0,0,1,0,1,0,1
KR_6727701666,420,2,7,16,0,4,5,1,1,2,1,0,2,2,-2,2,4,-3,0,3,0,-6,37,4,0,4,-16,0,0,-1,-1,1,1,3,1
KR_6730652931,440,7,108,5,19,4,4,0,2,2,0,0,2,2,13,17,4,0,0,0,1,18,-38,1,2,3,21,0,2,1,-1,1,1,1,1
KR_6756360849,420,2,85,16,7,2,2,0,4,4,0,-2,0,2,2,3,1,1,1,0,0,4,38,4,2,6,6,0,1,0,1,1,1,0,1
KR_6757907518,440,2,-12,16,-3,-5,2,7,0,2,2,-4,0,4,5,5,0,1,1,0,-1,4,4,-2,2,0,1,0,-2,0,0,-1,-1,0,1
KR_6715075703,420,3,90,12,8,1,3,2,0,2,2,4,6,2,2,3,1,1,2,1,0,3,241,-2,3,1,0,0,0,-1,1,1,1,3,1
KR_6634753419,420,0,10,-40,1,0,2,2,2,3,1,2,5,3,0,1,1,-3,0,3,0,0,8,0,1,1,-3,0,1,-1,-1,-1,1,6,1
KR_6661108246,420,3,-20,8,4,-4,1,5,0,2,2,1,4,3,0,3,3,7,8,1,0,1,-9,-6,7,1,-2,0,0,0,0,0,1,0,1
KR_6710514387,420,0,9,4,-1,1,1,0,0,1,1,-2,3,5,0,1,1,0,0,0,-1,-1,0,3,2,5,-2,0,0,1,0,0,-1,6,1
KR_6762515906,420,0,22,2,8,3,3,0,3,5,2,2,2,0,1,2,1,-1,1,2,1,9,-23,6,0,6,27,0,1,1,1,1,1,3,1
KR_6653693529,420,5,7,25,21,6,7,1,7,9,2,-1,1,2,7,10,3,2,2,0,0,18,-196,2,1,3,0,0,1,1,-1,1,1,3,1
KR_6762770310,420,3,24,12,12,2,2,0,-2,3,5,1,6,5,9,9,0,2,2,0,1,15,-6,0,2,2,32,0,0,0,0,1,1,0,1
KR_6761448538,420,0,60,1,3,0,1,1,4,7,3,1,2,1,0,4,4,-2,1,3,-2,6,-7,-2,3,1,0,0,0,1,0,0,-1,6,1
KR_6758437037,440,5,57,31,15,4,4,0,3,3,0,12,12,0,-3,0,3,-1,0,1,0,7,-1,2,0,2,-1,0,2,1,1,1,1,6,1
KR_6764568141,440,1,18,-20,7,1,1,0,2,3,1,0,0,0,2,3,1,2,2,0,0,7,-7,0,2,2,1,0,0,-1,-1,-1,1,4,1
KR_6691045243,420,5,78,47,0,0,1,1,-2,4,6,4,6,2,-1,2,3,-1,0,1,1,-10,-202,5,1,6,4,0,1,1,1,1,1,1,1
KR_6748967892,420,2,73,-8,6,1,2,1,-1,2,3,3,6,3,1,5,4,2,2,0,0,6,-17,4,2,6,0,0,2,-1,1,1,1,5,1
KR_6729831119,420,2,86,-4,-3,-1,2,3,-5,1,6,-2,0,2,7,8,1,-2,0,2,1,-5,236,-5,6,1,4,0,0,-1,1,-1,1,3,1
KR_6694136697,440,2,-54,-12,7,5,5,0,9,10,1,-6,1,7,-2,0,2,1,4,3,0,3,-28,-5,6,1,3,0,0,-1,1,1,1,4,1
KR_6762259361,440,3,18,-2,12,8,8,0,6,6,0,0,1,1,-3,3,6,1,2,1,0,11,-1,0,5,5,2,0,0,1,0,1,1,5,1
KR_6655914229,420,1,51,16,10,-4,0,4,4,5,1,7,8,1,5,6,1,-2,1,3,2,9,-69,2,1,3,-1,0,2,1,1,1,1,5,1
KR_6763827544,420,-1,39,-2,4,0,1,1,0,1,1,-3,1,4,4,4,0,3,3,0,0,3,22,3,2,5,1,0,0,1,-1,1,1,4,1
KR_6674328187,420,3,-15,16,3,3,4,1,-2,2,4,7,8,1,-3,1,4,-2,1,3,0,0,-2,2,2,4,4,0,-1,1,-1,-1,1,2,1
KR_6726384064,420,8,57,28,11,0,1,1,6,7,1,3,3,0,4,6,2,-2,1,3,0,4,-5,-2,2,0,0,0,3,1,1,1,1,4,1
KR_6761316502,440,3,65,3,10,1,3,2,0,3,3,2,3,1,3,3,0,4,4,0,0,4,406,2,1,3,1,0,0,0,-1,0,-1,0,1
KR_6727328126,420,0,44,27,0,1,1,0,1,5,4,1,2,1,0,2,2,-3,1,4,0,-2,10,-3,4,1,1,0,0,0,1,1,1,0,1
KR_6664519171,440,0,-9,-27,1,-5,1,6,3,5,2,1,1,0,2,2,0,0,3,3,0,0,-3,2,4,6,-2,0,0,-1,1,0,-1,4,1
KR_6685558566,420,-1,19,29,0,0,1,1,-3,0,3,3,3,0,-1,0,1,1,1,0,0,-6,-3,1,0,1,-1,0,0,1,1,0,-1,4,1
KR_6611870071,420,3,40,16,5,-3,0,3,2,3,1,8,8,0,-2,2,4,0,1,1,0,5,1,6,2,8,0,0,0,1,0,0,-1,4,1
KR_6682833598,420,6,92,-10,25,1,3,2,4,5,1,11,12,1,7,8,1,2,3,1,1,21,1,-2,3,1,1,0,2,1,0,1,1,2,1
KR_6730193299,420,1,12,0,-3,2,2,0,-4,3,7,-2,1,3,1,3,2,0,1,1,0,-3,-2,5,0,5,2,0,0,1,-1,0,1,3,1
KR_6756785817,440,5,129,32,10,2,3,1,-4,0,4,1,3,2,7,8,1,4,5,1,0,12,11,1,0,1,-1,0,1,1,0,1,1,4,1
KR_6741233206,440,4,2,15,6,2,2,0,1,5,4,2,2,0,-3,1,4,4,4,0,0,4,-8,-2,6,4,4,0,0,0,-1,0,-1,0,1
KR_6751193564,440,-2,-38,-24,-4,2,2,0,1,3,2,-2,1,3,-3,1,4,-2,0,2,0,0,-5,-1,1,0,2,0,-1,1,-1,-1,1,5,1
KR_6741074419,420,2,58,-41,9,1,1,0,4,4,0,1,4,3,4,6,2,-1,1,2,0,9,42,-1,1,0,-26,0,1,0,-1,1,1,0,1
KR_6618565050,420,3,41,4,3,1,1,0,2,5,3,-5,0,5,5,5,0,0,0,0,1,3,20,1,1,2,0,0,0,0,0,0,1,0,1
KR_6741072435,420,4,97,-8,7,-1,4,5,7,8,1,2,5,3,-1,2,3,0,0,0,0,8,12,7,2,9,2,0,2,1,1,1,1,1,1
KR_6610303413,420,3,50,20,6,1,2,1,0,3,3,0,2,2,4,5,1,1,2,1,0,6,15,3,1,4,0,0,-1,0,0,-1,-1,0,1
KR_6689750603,420,0,65,-15,9,1,1,0,2,3,1,5,6,1,1,4,3,0,0,0,0,2,-22,3,4,7,2,0,0,1,0,-1,-1,6,1
KR_6711974397,420,0,7,-1,-2,7,7,0,-4,2,6,-3,1,4,-2,0,2,0,0,0,0,-4,-283,1,1,2,6,0,-1,1,-1,1,-1,4,1
KR_6754016662,420,3,-58,0,10,2,4,2,2,3,1,1,3,2,6,6,0,-1,1,2,0,9,2,2,2,4,0,0,0,1,1,-1,1,1,1
KR_6760793440,420,6,57,20,18,5,6,1,7,8,1,5,6,1,3,4,1,-2,0,2,0,5,14,2,2,4,1,0,2,-1,1,1,1,2,1
KR_6579899914,420,6,96,-12,13,-1,0,1,2,4,2,8,8,0,5,10,5,-1,0,1,-1,12,-1,4,0,4,2,0,2,1,1,1,-1,5,1
KR_6758744897,420,-5,-128,32,-7,-1,1,2,2,2,0,-7,2,9,-1,3,4,0,0,0,0,0,-4,0,5,5,-2,0,-1,1,0,-1,-1,2,1
KR_6750417346,420,-6,43,-48,-1,4,5,1,-3,0,3,0,3,3,-1,2,3,-1,0,1,0,-6,6,4,2,6,-2,0,0,-1,0,1,-1,5,1
KR_6725807689,420,-1,-50,-8,2,-2,1,3,6,7,1,1,2,1,-4,3,7,1,1,0,0,5,11,1,4,5,-3,0,0,1,1,-1,1,3,1
KR_6750742482,420,3,-16,22,14,4,5,1,4,4,0,0,3,3,4,5,1,2,3,1,0,16,3,1,1,2,2,0,-1,1,-1,-1,1,5,1
KR_6727068396,420,7,105,-2,19,4,6,2,5,6,1,4,5,1,5,9,4,1,1,0,2,9,284,-3,6,3,1,0,2,-1,1,1,1,1,1
KR_6752596188,420,2,-15,13,7,-1,1,2,-2,0,2,5,6,1,5,5,0,0,1,1,0,4,5,-1,4,3,3,0,1,0,1,1,1,0,1
KR_6759253095,420,1,-19,32,-2,2,2,0,-2,1,3,0,3,3,0,3,3,-2,0,2,0,-7,-13,1,2,3,-1,0,-1,1,1,-1,-1,4,1
KR_6747838980,420,5,82,21,10,6,6,0,-1,2,3,1,3,2,4,4,0,0,2,2,1,12,11,5,1,6,6,0,1,1,1,1,1,5,1
KR_6670633482,420,2,13,22,3,2,3,1,-2,1,3,0,3,3,1,5,4,2,2,0,0,0,0,-3,6,3,0,0,1,1,1,1,1,4,1
KR_6764244967,440,0,23,4,-4,3,5,2,-1,0,1,0,0,0,-8,0,8,2,2,0,0,-5,-133,4,1,5,-2,0,2,-1,1,1,-1,2,1
KR_6756325162,420,0,-21,-8,1,1,2,1,-1,1,2,-1,2,3,4,5,1,-2,0,2,2,2,8,3,1,4,-1,0,-1,-1,-1,-1,1,3,1
KR_6654858642,420,0,-24,4,3,-3,2,5,2,4,2,2,2,0,0,2,2,2,2,0,0,9,10,2,2,4,-4,0,0,1,1,-1,1,6,1
KR_6726856917,420,4,58,19,19,8,9,1,0,0,0,2,2,0,6,6,0,3,3,0,1,15,1,2,1,3,-2,0,3,1,1,1,1,3,1
KR_6761764171,440,1,-1,-12,11,-2,2,4,-1,0,1,6,7,1,7,7,0,1,1,0,0,11,-61,-4,9,5,1,0,0,1,-1,0,1,3,1
KR_6693523372,420,3,49,1,15,1,1,0,3,4,1,7,7,0,6,8,2,-2,0,2,0,21,29,4,3,7,4,0,0,0,1,1,1,0,1
KR_6649268954,420,3,39,-20,9,5,5,0,0,1,1,0,3,3,4,4,0,0,1,1,0,4,6,0,3,3,0,0,1,-1,1,1,1,3,1
KR_6715311901,420,3,-8,9,5,4,5,1,-2,1,3,3,6,3,0,9,9,0,2,2,-1,2,1,4,2,6,-3,0,0,-1,1,1,-1,5,1
KR_6704040094,420,-2,-26,-8,-8,-3,0,3,-3,3,6,1,2,1,0,3,3,-3,0,3,0,0,8,1,3,4,1,0,-2,0,0,-1,-1,0,1
KR_6730041999,440,-1,21,-52,2,1,2,1,-2,1,3,2,3,1,-1,1,2,2,2,0,0,4,18,-4,5,1,-2,0,-1,0,-1,-1,-1,0,1
KR_6736114647,420,1,78,8,-4,1,3,2,-2,0,2,-1,1,2,-1,0,1,-1,0,1,0,-5,4,1,1,2,-1,0,0,-1,0,0,1,5,1
KR_6755763625,420,0,37,-12,-3,0,1,1,-3,0,3,0,4,4,0,0,0,0,0,0,0,-6,98,1,2,3,-1,0,1,-1,-1,1,1,1,1
KR_6757408871,440,2,-2,-4,1,0,0,0,-1,3,4,2,3,1,-4,0,4,4,4,0,0,0,13,-1,3,2,-3,0,1,-1,1,1,-1,1,1
KR_6746831719,420,-1,57,-12,-1,1,1,0,0,1,1,-2,3,5,-1,0,1,1,1,0,0,4,-1,-1,2,1,3,0,-1,0,1,-1,-1,0,1
KR_6756484893,420,-4,-23,-37,-10,-2,3,5,-1,0,1,-1,1,2,-2,1,3,-4,0,4,0,-7,-20,-2,2,0,2,0,-1,0,-1,-1,-1,0,1
KR_6726266104,420,1,-1,24,-2,-1,0,1,0,3,3,5,5,0,-6,3,9,0,1,1,0,-7,-17,-2,5,3,4,0,-1,1,-1,-1,-1,3,1
KR_6737838933,420,-1,36,30,2,4,5,1,-1,3,4,-4,3,7,4,5,1,-1,2,3,0,3,208,1,0,1,1,0,1,1,-1,1,-1,6,1
KR_6750356052,420,1,-51,22,2,4,5,1,4,5,1,-2,2,4,-4,3,7,0,1,1,-2,2,-2,2,1,3,2,0,0,1,1,1,-1,1,1
KR_6750224445,440,2,-22,-24,6,1,3,2,3,5,2,5,5,0,-2,0,2,-1,0,1,0,3,-43,-3,7,4,13,0,0,1,1,0,1,3,1
KR_6761466943,420,-3,43,-15,-7,-2,2,4,1,1,0,0,0,0,-5,0,5,-1,0,1,0,-7,-1,2,1,3,-2,0,0,0,0,0,-1,0,1
KR_6764154302,420,2,35,-12,8,5,6,1,0,2,2,4,5,1,-2,3,5,1,1,0,0,5,7,4,2,6,0,0,0,-1,1,1,1,4,1
KR_6706120162,420,6,75,28,8,4,4,0,0,2,2,3,4,1,0,3,3,1,5,4,2,10,3,4,2,6,-2,0,3,1,1,1,1,5,1
KR_6752673358,420,2,34,-4,6,4,4,0,3,3,0,2,2,0,0,3,3,-3,1,4,0,3,14,0,4,4,2,0,0,1,0,0,-1,2,1
KR_6746236363,420,3,70,-5,12,5,6,1,2,3,1,2,2,0,0,4,4,3,4,1,0,1,5,0,2,2,3,0,3,1,-1,1,1,1,1
KR_6655229401,420,0,-40,84,-6,-1,4,5,-2,3,5,1,2,1,0,0,0,-4,0,4,0,-3,9,3,1,4,0,0,-1,1,1,-1,-1,3,1
KR_6760161102,420,3,20,-8,4,4,4,0,-3,1,4,5,5,0,-2,2,4,0,1,1,0,1,-1,-3,4,1,2,0,1,1,-1,1,-1,4,1
KR_6751738917,420,0,14,-12,-3,-4,0,4,-3,0,3,-4,0,4,4,5,1,4,5,1,0,-4,1,-2,3,1,2,0,2,1,-1,1,1,3,1
KR_6748559243,440,1,5,15,4,2,5,3,-1,1,2,0,1,1,3,4,1,0,0,0,0,7,-215,-1,3,2,2,0,-1,1,-1,-1,-1,2,1
KR_6760831642,420,0,46,16,10,-1,1,2,4,4,0,8,8,0,-1,1,2,0,0,0,0,13,-44,3,2,5,21,0,0,1,0,0,1,2,1
KR_6752103365,420,1,107,9,7,1,2,1,-2,1,3,2,5,3,5,5,0,1,1,0,0,12,-2,4,0,4,-2,0,0,1,0,0,1,5,1
KR_6728288212,420,3,28,42,2,-1,0,1,6,6,0,2,3,1,0,1,1,-5,0,5,0,1,-4,4,0,4,2,0,0,1,1,1,-1,5,1
KR_6759772918,420,4,29,-8,10,-1,0,1,4,4,0,7,7,0,0,2,2,0,0,0,1,6,8,2,2,4,-3,0,0,1,-1,-1,1,4,1
KR_6724672932,420,-4,-21,-37,-4,-6,0,6,-1,0,1,1,2,1,1,3,2,1,1,0,0,1,205,3,1,4,2,0,-1,-1,-1,-1,-1,1,1
KR_6654950756,420,1,-32,-5,-3,1,2,1,-1,1,2,0,2,2,-3,1,4,0,1,1,0,-7,-34,0,3,3,5,0,0,-1,1,1,-1,2,1
KR_6751337548,420,-2,-8,12,-5,-3,4,7,4,4,0,1,3,2,-5,1,6,-2,3,5,0,-12,244,1,1,2,0,0,-2,1,-1,-1,-1,4,1
KR_6712705799,420,1,-38,-14,-1,1,2,1,1,4,3,2,3,1,1,6,5,-6,1,7,-1,-4,7,-1,6,5,-4,0,2,-1,-1,1,1,6,1
KR_6731300981,420,2,-4,-4,0,0,2,2,-2,2,4,3,3,0,0,0,0,-1,1,2,0,3,-6,0,2,2,3,0,0,-1,1,0,1,3,1
KR_6722844118,420,7,206,28,10,5,6,1,-2,1,3,7,7,0,2,2,0,-2,1,3,-2,-2,8,1,1,2,1,0,1,0,0,1,-1,0,1
KR_6720612916,420,-1,36,-13,-3,-1,1,2,-6,0,6,-1,0,1,1,1,0,4,4,0,0,-4,9,-3,7,4,0,0,-2,1,-1,-1,-1,3,1
KR_6749369774,420,3,59,25,7,0,2,2,10,11,1,-5,3,8,2,3,1,0,0,0,0,-1,-6,-2,3,1,0,0,2,1,1,1,1,3,1
KR_6641714858,420,0,27,-22,-4,0,2,2,-2,1,3,-3,5,8,0,0,0,1,4,3,0,-14,-11,3,1,4,-1,0,1,-1,1,1,1,1,1
KR_6739216325,440,-1,91,0,-9,2,2,0,-6,0,6,-3,2,5,-2,1,3,0,1,1,0,-10,3,2,1,3,-2,0,-1,-1,0,-1,-1,6,1
KR_6660827165,420,4,74,16,1,-1,1,2,-1,2,3,3,5,2,-1,0,1,1,3,2,0,-5,-10,0,3,3,-1,0,0,1,-1,1,-1,1,1
KR_6651004465,420,1,31,12,-1,-1,0,1,0,1,1,-2,0,2,1,2,1,1,1,0,0,1,48,2,1,3,-27,0,1,0,1,1,1,0,1
KR_6700046647,420,-1,-23,-8,3,6,6,0,-1,2,3,2,4,2,-4,1,5,0,1,1,0,-5,1,0,2,2,4,0,2,0,1,1,-1,0,1
KR_6728329568,420,0,109,-28,0,3,3,0,0,4,4,-3,1,4,-1,2,3,1,2,1,0,-5,111,0,4,4,2,0,0,1,-1,1,1,2,1
KR_6762152579,420,4,57,5,6,-1,3,4,0,4,4,0,0,0,2,4,2,5,5,0,0,11,6,-1,2,1,0,0,1,0,1,1,1,0,1
KR_6746888134,420,4,32,36,9,2,5,3,3,5,2,0,1,1,3,4,1,1,1,0,1,11,7,2,1,3,-2,0,2,1,1,1,1,5,1
KR_6643662380,420,6,95,20,10,6,7,1,1,3,2,-1,4,5,2,2,0,2,2,0,0,8,2,1,1,2,-1,0,2,1,-1,1,1,2,1
KR_6763194801,420,4,2,24,13,6,8,2,2,2,0,-3,0,3,1,3,2,7,7,0,0,5,-43,6,2,8,11,0,1,1,-1,1,1,4,1
KR_6755954743,420,2,57,32,5,-2,2,4,-1,2,3,7,7,0,0,1,1,1,1,0,0,3,22,0,4,4,0,0,0,1,1,1,-1,6,1
KR_6729345717,420,5,92,21,1,4,5,1,-3,0,3,-1,4,5,0,3,3,1,1,0,0,-4,-260,2,2,4,2,0,1,1,0,1,1,6,1
KR_6762249421,420,-2,48,8,-10,3,5,2,-4,1,5,-4,0,4,-2,0,2,-3,0,3,-1,-15,167,0,3,3,-14,0,0,-1,1,0,-1,3,1
KR_6661583229,420,-2,-72,-28,1,-1,2,3,1,6,5,2,2,0,-2,2,4,1,2,1,0,-2,358,1,1,2,-3,0,0,-1,1,1,1,6,1
KR_6762890048,420,4,87,44,13,-1,1,2,6,6,0,0,2,2,3,4,1,5,5,0,0,11,-4,1,1,2,2,0,3,0,-1,1,1,0,1
KR_6724617005,420,2,78,-8,6,6,6,0,1,1,0,-3,2,5,3,4,1,-1,2,3,0,0,-44,-1,3,2,17,0,1,-1,-1,-1,1,6,1
KR_6738393496,440,1,75,10,-3,1,3,2,-3,5,8,-1,2,3,2,3,1,-2,0,2,0,0,-101,2,1,3,2,0,1,-1,-1,1,1,2,1
KR_6733758977,420,2,48,40,-2,-2,0,2,1,3,2,-6,0,6,5,7,2,0,1,1,0,-4,139,-4,5,1,1,0,1,-1,1,1,1,6,1
KR_6755613480,420,0,52,-16,2,-4,0,4,0,2,2,-2,4,6,9,9,0,-1,1,2,0,9,47,0,3,3,-21,0,0,0,1,1,1,0,1
KR_6740847465,420,6,136,8,24,13,14,1,3,5,2,0,2,2,10,12,2,-2,1,3,0,10,9,3,1,4,-1,0,4,1,1,1,1,4,1
KR_6757726931,420,1,-68,39,0,1,1,0,-4,5,9,0,3,3,3,6,3,0,1,1,0,8,285,1,0,1,-1,0,0,1,1,-1,1,6,1
KR_6762272650,420,2,132,24,4,2,3,1,-5,2,7,1,3,2,4,4,0,2,3,1,0,-7,43,4,0,4,-20,0,4,1,1,1,1,4,1
KR_6761772401,420,3,0,33,6,-1,0,1,5,9,4,-2,1,3,3,4,1,1,1,0,1,4,-26,3,1,4,29,0,1,1,1,1,1,2,1
KR_6764093449,440,3,56,36,1,6,8,2,0,0,0,-3,10,13,-1,4,5,-1,3,4,0,0,2,-3,3,0,2,0,1,1,0,1,-1,5,1
KR_6738240907,420,1,-8,6,1,-2,0,2,0,0,0,-1,0,1,2,3,1,2,6,4,0,5,25,0,4,4,-2,0,1,1,1,-1,1,1,1
KR_6756027102,420,5,107,31,8,3,4,1,3,4,1,5,7,2,1,2,1,-4,0,4,2,6,-114,3,0,3,4,0,2,1,0,1,1,2,1
KR_6762948552,420,-2,-47,-14,-2,-3,0,3,-1,1,2,1,3,2,5,8,3,-4,0,4,-2,-5,4,-1,3,2,-1,0,-1,0,-1,-1,-1,0,1
KR_6748331880,420,3,100,7,6,0,2,2,-1,1,2,1,1,0,1,6,5,5,6,1,-1,-7,3,-1,4,3,-1,0,0,1,1,1,-1,4,1
KR_6732035981,420,2,64,54,4,-1,2,3,4,5,1,1,2,1,0,1,1,0,1,1,0,6,3,1,3,4,-1,0,2,-1,1,1,1,3,1
KR_6749793736,420,-4,-77,-20,-7,-1,1,2,-2,1,3,-4,2,6,-3,3,6,3,3,0,2,1,0,1,2,3,-5,0,-2,1,1,-1,1,1,1
KR_6744444375,420,-1,20,11,-5,-1,1,2,-4,0,4,0,4,4,1,2,1,-1,1,2,0,-5,-12,5,1,6,0,0,1,1,0,1,-1,2,1
KR_6703562622,420,4,124,-4,6,4,5,1,2,4,2,0,3,3,1,4,3,-1,1,2,0,13,1,1,2,3,3,0,2,-1,1,1,-1,5,1
KR_6724238114,420,2,45,24,8,2,4,2,-1,2,3,2,7,5,5,5,0,0,0,0,0,3,-11,1,2,3,1,1,1,1,1,1,1,1,1
KR_6758787039,420,2,11,1,6,2,2,0,3,4,1,0,1,1,0,2,2,1,1,0,0,5,3,-1,3,2,2,0,-1,-1,-1,-1,1,1,1
KR_6760793488,420,0,10,0,0,-3,1,4,2,4,2,1,2,1,-1,2,3,1,1,0,0,-1,4,-3,5,2,4,0,0,1,-1,0,-1,2,1
KR_6723239037,420,-4,56,8,-5,5,5,0,-4,1,5,-2,0,2,-1,1,2,-3,0,3,-1,-8,-6,0,3,3,-4,0,0,-1,1,1,-1,2,1
KR_6727477833,420,4,2,4,9,4,5,1,4,4,0,-4,1,5,3,5,2,2,2,0,1,11,5,0,3,3,1,0,1,1,1,1,1,4,1
KR_6700911184,420,5,77,26,2,3,3,0,7,7,0,-2,2,4,-3,1,4,-3,0,3,-1,1,-5,1,2,3,0,0,-1,1,1,-1,-1,6,1
KR_6755460849,420,3,87,24,4,4,4,0,-1,2,3,0,1,1,0,1,1,1,2,1,0,-3,2,-5,7,2,-1,0,1,1,0,1,-1,5,1
KR_6764063155,420,1,14,-27,-1,6,7,1,1,2,1,-7,1,8,-2,1,3,1,1,0,0,-8,-4,-1,4,3,0,0,0,-1,-1,-1,1,4,1
KR_6762440933,420,2,34,28,5,2,3,1,5,6,1,-3,2,5,1,2,1,0,0,0,0,2,2,-1,4,3,-5,0,0,1,0,0,-1,2,1
KR_6736846682,420,4,132,0,6,3,4,1,-6,0,6,2,2,0,4,5,1,3,3,0,1,3,9,1,1,2,2,0,1,-1,-1,-1,1,6,1
KR_6731884164,420,0,-2,-17,-1,-3,0,3,-1,0,1,3,7,4,1,2,1,-1,1,2,0,-1,2,0,3,3,2,0,2,1,1,1,-1,2,1
KR_6652986713,420,2,52,-8,2,-1,0,1,-5,1,6,7,7,0,-1,1,2,2,3,1,0,-1,-1,-4,5,1,2,0,0,0,0,0,-1,0,1
KR_6763496205,420,3,45,32,16,1,4,3,2,3,1,1,3,2,4,8,4,8,8,0,0,9,0,-1,1,0,1,0,0,1,-1,1,1,3,1
KR_6655697556,420,-2,36,17,-6,1,1,0,-3,2,5,0,1,1,-2,1,3,-2,0,2,0,-6,7,6,1,7,-3,0,0,-1,1,0,1,3,1
KR_6764176332,420,2,41,-12,8,3,3,0,0,1,1,-2,3,5,5,6,1,2,2,0,0,8,3,4,5,9,-4,0,1,-1,-1,1,1,4,1
KR_6690335862,440,4,54,-4,7,4,6,2,0,4,4,4,6,2,0,3,3,-1,0,1,-1,-7,6,4,1,5,-1,0,0,-1,1,0,1,6,1
KR_6728047628,420,2,74,4,6,1,3,2,5,5,0,0,1,1,0,1,1,0,0,0,-1,5,4,1,2,3,-2,0,1,1,1,1,-1,2,1
KR_6681390614,420,3,40,-18,6,3,5,2,-1,1,2,5,5,0,-2,0,2,1,1,0,0,2,-11,-2,5,3,-2,0,0,1,1,1,1,5,1
KR_6657078858,420,3,28,-7,5,5,5,0,1,1,0,-4,0,4,3,3,0,0,0,0,0,0,1,2,2,4,-1,0,2,-1,1,1,1,4,1
KR_6753101704,420,4,60,0,0,3,3,0,-1,3,4,2,2,0,-1,4,5,-3,0,3,0,1,-3,-5,10,5,-4,0,-1,1,-1,-1,1,6,1
KR_6744499842,420,4,91,-22,0,1,3,2,-2,3,5,1,6,5,1,4,3,-1,0,1,0,-3,-4,-4,4,0,1,0,1,1,-1,1,1,2,1
KR_6746355359,420,-2,15,-39,-2,4,7,3,2,4,2,-2,0,2,-3,0,3,-3,2,5,0,-6,4,2,0,2,2,0,2,1,1,1,1,2,1
KR_6731419579,420,2,38,-12,2,0,2,2,-2,2,4,3,5,2,0,6,6,1,1,0,0,3,-5,-1,5,4,5,0,2,-1,-1,1,-1,5,1
KR_6708586394,420,-1,-89,20,-6,-3,1,4,6,6,0,-10,1,11,0,1,1,1,1,0,0,11,-3,1,1,2,1,0,-1,1,-1,-1,-1,4,1
KR_6744266508,420,3,-17,28,10,1,2,1,4,5,1,0,1,1,4,6,2,1,1,0,0,6,-24,-3,6,3,-3,0,0,1,1,-1,1,6,1
KR_6685200447,420,2,66,-4,7,5,6,1,1,2,1,0,2,2,0,0,0,1,2,1,0,4,3,1,1,2,-4,0,3,-1,-1,1,1,4,1
KR_6679947035,440,-3,-75,-30,-4,-1,0,1,-1,3,4,2,3,1,-5,3,8,1,2,1,0,-1,-5,1,3,4,0,0,0,1,-1,0,1,4,1
KR_6607749423,420,0,28,8,-6,-1,0,1,2,5,3,-1,1,2,-4,3,7,-2,1,3,0,-6,-5,2,0,2,0,0,1,-1,1,1,-1,4,1
KR_6730918159,420,0,38,19,-8,0,4,4,-9,0,9,-2,1,3,2,2,0,1,1,0,0,-12,13,0,2,2,-2,0,0,-1,-1,-1,1,6,1
KR_6731129670,420,4,-34,51,11,2,4,2,6,7,1,0,4,4,0,2,2,3,3,0,2,16,-8,-1,3,2,1,0,2,0,0,1,1,0,1
KR_6745476509,420,2,-20,13,1,0,1,1,-2,4,6,3,3,0,-4,0,4,4,5,1,1,10,-11,-7,9,2,-1,0,-1,1,-1,-1,1,6,1
KR_6683990487,420,1,4,23,-1,2,2,0,-2,0,2,0,2,2,-2,3,5,1,4,3,0,0,-40,0,1,1,3,0,2,1,1,-1,1,6,1
KR_6642878052,420,5,55,0,7,1,4,3,-1,0,1,7,7,0,0,2,2,0,0,0,0,3,-17,7,1,8,2,0,1,1,-1,1,-1,6,1
KR_6757980580,420,-1,45,0,4,-4,1,5,3,5,2,1,2,1,2,2,0,2,3,1,0,2,-3,-1,3,2,-2,0,0,0,-1,1,1,0,1
KR_6756734655,420,0,9,14,3,3,3,0,0,0,0,-1,1,2,0,2,2,1,1,0,0,1,386,-1,1,0,2,0,0,1,1,1,1,2,1
KR_6753100883,420,0,-15,-12,4,3,5,2,-2,4,6,1,2,1,2,2,0,0,0,0,0,4,14,0,4,4,-2,0,0,-1,-1,0,1,1,1
KR_6762636096,420,-1,15,-28,0,0,1,1,-1,3,4,1,4,3,2,2,0,-2,0,2,0,0,-17,0,4,4,4,0,0,1,-1,-1,-1,1,1
KR_6764232585,420,1,69,12,3,-2,0,2,0,1,1,3,3,0,2,2,0,0,0,0,0,4,3,2,2,4,0,0,0,1,-1,0,-1,4,1
KR_6739477572,420,3,65,36,2,1,1,0,-1,3,4,-2,3,5,1,5,4,3,3,0,0,3,10,0,2,2,-1,0,0,-1,-1,0,1,1,1
KR_6727243936,420,0,-80,3,7,5,9,4,4,4,0,0,3,3,-1,1,2,-1,2,3,0,12,-72,0,4,4,13,0,0,1,1,0,1,2,1
KR_6651358550,420,2,-1,-36,6,1,2,1,5,5,0,0,1,1,-1,0,1,1,1,0,0,9,-1,0,1,1,0,0,1,0,-1,1,1,0,1
KR_6730114613,420,8,34,7,9,0,1,1,0,3,3,3,4,1,4,5,1,2,2,0,0,17,3,2,2,4,4,0,2,1,-1,1,1,1,1
KR_6727707479,420,2,36,12,3,-1,0,1,6,6,0,0,1,1,0,1,1,-2,1,3,0,2,26,-3,6,3,3,0,0,-1,-1,0,1,1,1
KR_6748674864,440,6,43,28,7,1,2,1,-7,0,7,9,9,0,2,6,4,2,2,0,0,-1,3,2,1,3,-1,0,1,1,1,1,-1,4,1
KR_6742212420,420,3,14,20,3,2,3,1,-1,0,1,3,3,0,0,2,2,-1,0,1,-1,1,1,-3,4,1,1,0,0,1,0,0,-1,6,1
KR_6760482846,420,0,-12,-19,1,3,3,0,3,3,0,-3,2,5,0,3,3,-2,0,2,0,0,30,-2,4,2,-3,0,0,-1,-1,0,-1,4,1
KR_6760537952,420,5,34,24,15,4,6,2,5,5,0,9,10,1,-4,1,5,1,2,1,0,6,8,1,0,1,1,0,1,1,1,1,1,3,1
KR_6652208612,420,5,70,2,8,1,1,0,-6,0,6,8,9,1,1,4,3,4,6,2,0,10,5,-5,9,4,4,0,2,1,1,1,-1,5,1
KR_6713721381,420,1,2,48,7,-1,0,1,-3,0,3,2,4,2,6,6,0,3,3,0,1,14,23,6,0,6,-7,0,1,1,1,1,1,2,1
KR_6659666313,420,1,18,20,3,4,5,1,-2,4,6,-2,2,4,2,2,0,1,1,0,0,3,6,4,1,5,1,0,0,1,1,1,-1,5,1
KR_6718735701,420,1,-4,0,1,-1,2,3,-1,1,2,-3,0,3,3,6,3,3,4,1,0,1,2,2,1,3,0,0,0,1,0,0,1,3,1
KR_6657412905,420,5,44,20,5,1,2,1,1,3,2,0,3,3,4,5,1,-1,0,1,0,0,-79,-1,2,1,-2,0,0,0,1,0,-1,0,1
KR_6760959631,420,0,-52,-20,1,-3,2,5,4,5,1,1,2,1,0,2,2,-1,0,1,0,0,-10,-1,1,0,1,0,0,-1,0,0,1,3,1
KR_6724260235,420,1,6,-28,11,2,3,1,1,1,0,-4,2,6,8,8,0,4,4,0,0,13,-9,-1,3,2,0,0,2,-1,1,1,1,4,1
KR_6756839301,440,3,1,9,1,-1,1,2,-2,3,5,5,6,1,-1,1,2,0,1,1,0,-9,4,0,3,3,4,0,1,-1,1,1,1,4,1
KR_6723671445,420,2,24,-6,2,1,3,2,1,2,1,-1,1,2,-1,1,2,2,3,1,0,1,-344,6,4,10,-8,0,0,1,1,0,-1,1,1
KR_6752168850,420,11,158,72,8,0,1,1,1,1,0,1,5,4,5,5,0,1,2,1,3,16,25,2,0,2,-2,0,3,1,1,1,1,5,1
KR_6752101073,420,-2,11,20,-5,5,6,1,-2,1,3,1,2,1,-4,0,4,-5,0,5,1,-6,-1,-5,9,4,5,0,0,-1,0,-1,1,4,1
KR_6724484746,420,0,-67,-23,-1,3,3,0,2,5,3,-1,0,1,-3,1,4,-2,0,2,0,-3,-1,0,2,2,-2,0,0,0,0,0,-1,0,1
KR_6729273877,420,7,121,-16,13,0,1,1,0,0,0,-1,2,3,12,12,0,2,2,0,1,12,8,1,2,3,-4,0,1,0,-1,1,1,0,1
KR_6740962875,420,1,14,21,5,5,5,0,4,5,1,-2,1,3,0,4,4,-2,4,6,2,1,3,-6,8,2,0,0,1,1,1,1,1,2,1
KR_6748900980,420,-1,-41,-33,1,1,4,3,-1,1,2,0,3,3,0,4,4,1,1,0,-1,5,41,-4,5,1,-22,0,1,1,1,1,-1,4,1
KR_6747441548,420,0,-22,8,-1,8,8,0,-5,3,8,-4,1,5,2,2,0,-2,0,2,1,-6,2,-3,7,4,1,0,-2,-1,-1,-1,1,4,1
KR_6752806930,420,-4,-14,-20,-16,-8,1,9,-1,0,1,1,2,1,-7,2,9,-1,1,2,0,-18,-266,-2,2,0,0,0,-2,-1,-1,-1,-1,1,1
KR_6744131924,420,2,110,19,3,0,3,3,0,1,1,7,8,1,1,3,2,-5,0,5,0,-10,-5,-2,3,1,0,0,5,1,1,1,1,2,1
KR_6756212017,420,1,25,12,-2,-4,1,5,-4,4,8,-1,1,2,4,5,1,3,3,0,0,8,-2,0,3,3,3,0,-1,1,-1,-1,-1,4,1
KR_6720760064,420,-1,-3,12,3,4,6,2,-4,0,4,-2,0,2,0,0,0,5,5,0,1,5,-40,-2,4,2,15,0,-1,-1,1,-1,1,3,1
KR_6756329228,420,0,-31,8,-2,0,1,1,5,5,0,2,5,3,-9,1,10,0,4,4,0,-5,-5,0,1,1,2,0,0,-1,-1,-1,-1,3,1
KR_6763709011,420,1,19,-14,4,0,1,1,4,6,2,-2,1,3,4,4,0,-2,0,2,0,5,8,7,1,8,1,0,0,1,-1,-1,1,3,1
KR_6729483441,420,-3,-27,2,-3,-2,4,6,0,1,1,1,2,1,-5,2,7,3,3,0,0,-1,-26,0,4,4,4,0,0,1,0,1,-1,1,1
KR_6753981950,420,0,6,-12,10,6,7,1,-7,6,13,0,1,1,2,2,0,9,10,1,2,15,10,2,4,6,4,0,1,1,-1,1,1,5,1
KR_6742170991,420,3,-24,7,9,3,3,0,3,5,2,4,4,0,-1,0,1,0,1,1,0,3,47,-2,4,2,-33,0,0,1,-1,1,1,3,1
KR_6738393984,420,1,0,3,3,1,2,1,0,0,0,-1,0,1,2,3,1,1,1,0,0,2,31,8,1,9,1,0,0,-1,-1,0,1,1,1
KR_6728136408,420,1,-21,12,1,5,5,0,0,1,1,-2,1,3,1,1,0,-3,1,4,-1,-2,216,-2,2,0,0,0,1,-1,1,1,-1,3,1
KR_6715047137,420,1,49,12,-1,-1,2,3,-1,0,1,0,1,1,0,4,4,1,2,1,-1,-9,5,-1,2,1,0,0,0,0,1,0,-1,0,1
KR_6739966605,420,-5,-83,-13,-6,-4,1,5,-5,0,5,2,2,0,2,2,0,-1,0,1,0,-2,-224,1,1,2,-1,0,-1,0,-1,-1,-1,0,1
KR_6752004380,420,2,64,26,-3,3,3,0,-4,0,4,-2,1,3,-1,1,2,1,3,2,0,-10,5,1,0,1,1,0,0,1,1,0,1,3,1
KR_6661071394,420,-1,27,20,-2,2,2,0,-4,1,5,0,3,3,-1,1,2,1,1,0,0,-7,-118,1,2,3,0,0,2,1,1,1,-1,2,1
KR_6760950319,420,1,25,0,3,5,8,3,1,3,2,0,1,1,-1,1,2,-2,1,3,0,-2,-43,2,1,3,21,0,3,0,0,1,1,0,1
KR_6759653456,440,1,14,-8,10,-1,0,1,4,4,0,0,4,4,4,5,1,3,4,1,0,10,19,2,4,6,3,0,1,1,0,1,1,6,1
KR_6750053996,440,8,119,32,23,1,2,1,2,3,1,6,7,1,13,14,1,1,3,2,2,21,-206,0,1,1,2,1,5,1,1,1,1,5,1
KR_6683980062,420,0,-4,20,1,2,2,0,4,5,1,-1,1,2,-2,3,5,-2,1,3,0,0,3,1,2,3,-1,0,1,-1,1,-1,-1,6,1
KR_6729212817,420,7,113,6,18,7,7,0,3,3,0,4,4,0,2,2,0,2,2,0,0,13,-15,0,0,0,0,0,1,1,1,1,1,1,1
KR_6742250012,440,3,29,20,7,2,3,1,1,1,0,3,3,0,2,4,2,-1,0,1,0,5,11,2,1,3,-2,0,-1,-1,0,-1,1,6,1
KR_6762641908,420,4,17,19,8,6,7,1,-1,1,2,-2,1,3,3,3,0,2,2,0,0,6,-8,0,0,0,-1,0,0,1,1,-1,1,5,1
KR_6657702044,420,2,75,40,3,0,0,0,5,5,0,-2,3,5,1,2,1,-1,0,1,2,2,-2,-1,3,2,2,0,-1,1,0,1,1,4,1
KR_6757297736,420,0,63,20,0,1,1,0,-1,1,2,0,2,2,0,3,3,0,2,2,0,1,15,7,0,7,1,0,0,0,-1,0,1,0,1
KR_6760593868,440,-1,-43,27,-7,-2,0,2,-3,3,6,-1,3,4,-1,3,4,0,1,1,0,-1,69,4,2,6,-33,0,-1,1,-1,-1,-1,1,1
KR_6654396939,420,3,107,28,3,-1,2,3,-1,0,1,0,2,2,1,1,0,4,4,0,0,8,18,3,0,3,1,0,1,1,1,1,-1,6,1
KR_6764429023,420,4,92,24,6,-1,2,3,-1,2,3,8,9,1,1,3,2,-1,0,1,0,-2,-54,6,1,7,1,0,2,1,1,1,1,5,1
KR_6721934728,420,2,44,-19,1,1,4,3,3,4,1,-2,0,2,-1,0,1,0,0,0,0,0,6,-2,5,3,-2,0,1,-1,1,1,1,2,1
KR_6761673682,420,4,88,-9,9,1,3,2,-2,1,3,0,1,1,7,8,1,3,3,0,0,2,7,1,3,4,1,0,0,1,1,1,1,1,1
KR_6760706332,420,5,39,-5,0,-4,2,6,2,2,0,0,1,1,4,6,2,-2,3,5,0,1,1,0,5,5,-3,0,0,-1,1,1,-1,3,1
KR_6688908913,420,-1,26,-36,1,5,5,0,1,1,0,-4,0,4,-3,1,4,2,3,1,0,2,-47,2,1,3,7,0,1,0,0,1,-1,0,1
KR_6728795351,420,6,72,47,12,3,3,0,1,3,2,6,6,0,4,7,3,-2,0,2,0,3,22,-2,2,0,-2,0,1,0,-1,1,1,0,1
KR_6743700891,420,2,-5,-12,1,2,5,3,2,4,2,-2,3,5,-2,3,5,1,1,0,0,6,5,1,2,3,1,0,2,1,1,1,-1,5,1
KR_6756537535,420,7,5,84,16,3,5,2,10,10,0,-1,1,2,3,4,1,1,1,0,0,10,-3,-3,4,1,2,0,1,0,0,1,1,0,1
KR_6760099802,420,0,16,-42,1,-3,0,3,0,3,3,4,4,0,0,1,1,0,1,1,0,6,-140,2,2,4,3,0,0,1,-1,0,1,1,1
KR_6692023361,420,0,34,-12,3,3,3,0,0,1,1,3,3,0,-2,2,4,-1,0,1,0,-1,-24,0,5,5,4,0,0,-1,-1,0,-1,1,1
KR_6752928121,420,1,30,-16,1,2,3,1,0,1,1,-4,0,4,3,5,2,0,0,0,0,3,40,2,2,4,-16,0,1,-1,0,1,1,4,1
KR_6749422346,440,4,77,12,18,3,3,0,3,3,0,5,7,2,6,6,0,1,1,0,1,16,434,1,0,1,-2,0,1,1,0,1,1,3,1
KR_6624612456,420,1,22,-8,2,2,4,2,-1,4,5,-1,2,3,1,2,1,1,1,0,1,2,-3,4,2,6,-2,0,1,-1,1,1,1,1,1
KR_6736822093,420,0,-19,-8,1,1,2,1,-1,2,3,-1,2,3,2,2,0,0,1,1,0,4,6,0,3,3,3,0,0,-1,-1,0,1,1,1
KR_6727452074,420,-3,-34,-12,-3,2,2,0,0,1,1,-2,0,2,-1,2,3,-2,0,2,0,-6,1,1,4,5,-2,0,-1,-1,-1,-1,1,4,1
KR_6763396131,440,5,111,24,7,0,0,0,0,1,1,-3,1,4,0,3,3,10,11,1,0,4,-139,-1,3,2,3,0,1,1,1,1,1,5,1
KR_6671373176,420,1,46,-3,4,3,5,2,0,3,3,0,4,4,2,4,2,-1,1,2,0,-3,-4,-1,5,4,1,0,0,1,0,1,1,5,1
KR_6738570627,420,2,93,-8,10,6,7,1,2,4,2,0,6,6,0,4,4,2,2,0,-1,3,13,1,2,3,1,0,1,-1,1,1,-1,3,1
KR_6751399148,420,0,23,-21,3,4,5,1,1,3,2,1,4,3,-1,2,3,-2,0,2,1,-1,-5,1,2,3,-1,0,2,-1,1,1,1,6,1
KR_6763176047,420,0,38,-20,1,0,1,1,1,2,1,-1,0,1,0,0,0,1,1,0,0,1,9,1,1,2,-2,0,1,0,-1,1,1,0,1
KR_6733864085,420,2,106,-34,8,1,2,1,-2,0,2,8,8,0,0,0,0,1,1,0,0,2,-5,-1,3,2,-3,0,0,1,0,0,1,5,1
KR_6741514724,420,6,144,20,9,4,6,2,-1,1,2,1,4,3,3,4,1,2,2,0,0,-1,-3,-4,4,0,0,0,1,1,1,1,1,3,1
KR_6748910310,440,2,59,6,9,4,4,0,3,3,0,-2,0,2,3,3,0,1,1,0,0,9,8,3,2,5,-1,0,0,-1,1,0,1,1,1
KR_6705586703,420,2,69,-30,7,-4,2,6,0,0,0,5,6,1,3,5,2,3,3,0,-1,5,-10,-2,5,3,-1,0,1,-1,1,1,-1,3,1
KR_6751635787,420,4,-31,21,9,-1,0,1,2,3,1,-1,1,2,7,7,0,2,2,0,0,9,-4,-1,2,1,3,0,-1,0,1,-1,1,0,1
KR_6704799190,440,-2,29,16,-7,-3,0,3,0,2,2,-3,0,3,-1,4,5,0,0,0,0,-3,-2,3,5,8,0,0,0,1,1,1,-1,3,1
KR_6720804816,420,1,-14,-21,13,1,1,0,2,2,0,9,9,0,1,3,2,0,2,2,0,15,2,1,2,3,-2,0,1,1,1,-1,1,4,1
KR_6695094544,420,5,-20,16,10,1,3,2,-3,5,8,4,4,0,8,10,2,0,2,2,0,2,43,-3,3,0,-20,0,0,0,1,0,-1,0,1
KR_6740756687,420,1,8,10,-1,-1,1,2,-3,6,9,2,4,2,-1,3,4,2,4,2,0,-11,12,3,3,6,-6,0,0,-1,1,0,-1,5,1
KR_6714797567,420,-1,3,-12,3,0,1,1,-3,1,4,6,6,0,0,1,1,0,2,2,1,4,11,5,2,7,0,0,0,-1,1,0,1,5,1
KR_6655226112,420,3,39,-12,11,0,2,2,2,5,3,3,3,0,4,6,2,2,5,3,1,10,-1,0,4,4,4,0,1,1,-1,1,1,5,1
KR_6699857713,420,3,7,-8,13,1,1,0,5,6,1,4,5,1,0,1,1,3,4,1,0,13,11,-7,8,1,-1,0,-1,0,-1,-1,1,0,1
KR_6754985364,420,-4,28,-24,-10,5,6,1,-3,0,3,-3,2,5,-9,3,12,0,0,0,0,-16,-4,-2,2,0,0,0,-2,-1,-1,1,1,3,1
KR_6681410533,420,1,35,-21,11,3,4,1,0,1,1,2,2,0,-1,2,3,7,7,0,1,10,-4,-3,3,0,1,0,0,-1,0,1,1,4,1
KR_6743667474,440,1,-7,0,3,0,0,0,-1,3,4,1,1,0,3,3,0,0,1,1,0,-1,3,3,1,4,-3,0,0,1,-1,0,1,6,1
KR_6704299836,420,0,103,-84,8,5,7,2,1,3,2,-2,1,3,3,3,0,1,2,1,1,10,5,1,0,1,0,0,2,1,1,1,1,5,1
KR_6684222614,420,3,11,12,11,-4,0,4,-3,1,4,6,7,1,11,12,1,1,2,1,0,9,7,-4,6,2,4,0,1,1,0,1,1,2,1
KR_6684078492,420,-1,43,12,-2,0,1,1,6,6,0,1,2,1,-5,0,5,-4,0,4,0,-4,-5,-7,8,1,6,0,0,0,-1,0,-1,0,1
KR_6740068501,420,8,94,44,10,3,3,0,-1,2,3,2,4,2,2,2,0,4,4,0,1,8,-288,-2,2,0,0,0,1,1,1,1,-1,1,1
KR_6703491769,420,2,8,-2,8,0,0,0,3,4,1,2,4,2,3,5,2,0,1,1,0,8,17,-1,8,7,4,0,1,1,1,1,1,3,1
KR_6759117482,440,3,-22,-40,5,4,7,3,-2,0,2,1,5,4,-2,1,3,4,5,1,0,11,-10,3,0,3,1,0,0,1,1,1,1,5,1
KR_6736709783,420,2,36,-4,7,-2,0,2,7,8,1,5,5,0,-2,1,3,-1,1,2,-1,6,-4,0,3,3,8,0,-1,1,-1,-1,-1,4,1
KR_6738278782,420,-1,-42,9,5,-1,1,2,5,8,3,2,2,0,-3,1,4,2,2,0,0,2,-11,2,3,5,3,0,-1,1,0,-1,1,2,1
KR_6763193447,420,3,17,4,7,4,6,2,1,1,0,6,8,2,-4,1,5,0,1,1,0,-5,-2,2,0,2,1,0,1,1,-1,1,-1,2,1
KR_6763810579,420,2,3,8,1,1,2,1,0,3,3,0,1,1,1,4,3,-1,0,1,-1,2,1,1,5,6,-2,0,0,1,-1,-1,-1,5,1
KR_6753299505,440,-3,-4,-33,-8,0,4,4,-4,1,5,0,2,2,-1,0,1,-3,0,3,-2,-5,-45,0,1,1,32,0,-1,-1,-1,-1,-1,3,1
KR_6761676603,420,2,64,-17,6,2,3,1,-1,2,3,0,3,3,0,5,5,5,6,1,0,4,7,3,1,4,-1,0,0,1,-1,0,1,3,1
KR_6711554478,420,3,17,8,8,0,2,2,5,6,1,2,4,2,2,3,1,-1,2,3,0,12,94,6,0,6,1,0,0,1,1,1,-1,5,1
KR_6760128822,420,4,78,33,7,0,3,3,6,7,1,1,3,2,1,2,1,-1,2,3,2,2,-1,0,3,3,-1,0,0,1,1,0,1,5,1
KR_6760893501,420,6,89,30,15,-1,3,4,-4,3,7,13,13,0,7,7,0,0,3,3,4,19,-190,3,1,4,0,0,2,0,1,1,1,0,1
KR_6691448518,420,4,149,-3,5,5,5,0,2,4,2,-1,5,6,-1,1,2,0,0,0,0,-2,11,2,1,3,-1,0,1,-1,-1,1,-1,3,1
KR_6745048864,420,6,48,40,12,1,1,0,0,1,1,7,7,0,1,2,1,3,3,0,0,8,-11,-3,4,1,0,0,3,-1,1,1,-1,4,1
KR_6763083119,440,2,70,-7,6,5,5,0,-1,0,1,8,8,0,-2,1,3,-4,1,5,0,-5,372,5,1,6,3,0,0,-1,1,0,1,1,1
KR_6651148739,420,1,76,1,5,0,0,0,0,3,3,2,2,0,3,4,1,0,0,0,0,4,0,-1,4,3,3,0,1,-1,1,1,1,1,1
KR_6744666317,420,5,51,-27,14,0,1,1,2,2,0,6,6,0,2,3,1,4,4,0,0,21,-16,2,3,5,2,0,-1,1,-1,-1,1,5,1
KR_6749727195,420,-1,-36,-8,1,1,1,0,2,3,1,-3,1,4,-1,0,1,2,4,2,0,4,-33,-3,3,0,39,0,-1,-1,-1,-1,1,2,1
KR_6729994260,440,2,149,22,5,1,1,0,-2,0,2,1,1,0,6,6,0,-1,5,6,1,7,2,3,1,4,1,0,-1,1,0,-1,1,3,1
KR_6725921549,420,4,29,7,9,0,0,0,4,4,0,3,4,1,-1,2,3,3,4,1,0,15,9,0,2,2,0,0,2,1,1,1,1,4,1
KR_6738161387,420,2,-25,-4,7,-1,0,1,3,3,0,-1,1,2,2,2,0,4,4,0,0,9,104,6,0,6,-1,0,1,1,1,1,1,5,1
KR_6713221729,420,-1,-66,-31,2,-3,1,4,0,3,3,0,2,2,2,2,0,3,3,0,1,15,7,-1,2,1,2,0,-2,0,-1,-1,1,0,1
KR_6729658869,420,-2,15,21,-1,1,3,2,1,2,1,-2,1,3,0,2,2,-1,1,2,0,-7,-8,1,0,1,-1,0,0,-1,1,-1,-1,5,1
KR_6659830734,420,0,58,-40,1,3,5,2,-4,0,4,1,5,4,5,5,0,-4,1,5,0,-1,-2,-1,2,1,1,0,1,0,-1,-1,1,0,1
KR_6697347533,420,0,47,-12,-2,2,2,0,-1,1,2,-1,1,2,-3,2,5,1,1,0,0,-4,6,2,1,3,1,0,1,-1,0,1,1,4,1
KR_6729295015,420,2,-8,-4,-2,-1,2,3,1,2,1,-1,1,2,-1,2,3,0,0,0,1,4,9,7,2,9,-1,0,1,1,0,1,1,1,1
KR_6746382134,420,-2,45,19,-2,0,1,1,3,5,2,-2,0,2,-2,1,3,-1,0,1,0,0,-10,1,4,5,-3,0,0,1,-1,0,1,2,1
KR_6740059463,440,0,6,2,-1,-2,2,4,4,9,5,1,3,2,-3,2,5,-1,2,3,0,7,-3,-4,4,0,-2,0,0,1,0,0,-1,3,1
KR_6736269306,420,9,89,36,7,3,4,1,0,3,3,1,1,0,4,5,1,-1,2,3,0,6,-18,1,2,3,29,0,1,1,-1,1,-1,5,1
KR_6745746142,420,7,29,24,13,0,0,0,0,1,1,8,9,1,6,7,1,-1,0,1,0,12,2,0,2,2,2,0,0,1,-1,0,1,3,1
KR_6756198577,420,-3,-2,12,-2,-2,1,3,3,3,0,-2,0,2,0,1,1,-1,1,2,0,-1,-55,-1,3,2,22,0,0,1,0,-1,1,6,1
KR_6738966461,420,0,32,0,0,3,3,0,2,5,3,-1,1,2,-3,4,7,-1,1,2,-1,0,16,2,0,2,-4,0,0,1,-1,-1,-1,5,1
KR_6722736095,420,2,62,36,-2,0,2,2,3,4,1,2,3,1,-4,2,6,-3,0,3,0,-9,296,-1,4,3,-2,0,-1,0,-1,-1,-1,0,1
KR_6736781573,420,2,-4,-13,4,5,5,0,1,3,2,-4,2,6,2,3,1,0,0,0,2,4,6,2,2,4,0,0,-1,1,1,-1,1,5,1
KR_6723188136,420,1,34,-9,6,0,3,3,1,1,0,0,2,2,5,9,4,0,2,2,1,6,219,-1,2,1,-2,0,1,1,1,1,1,4,1
KR_6759580030,420,2,58,-11,3,3,4,1,0,3,3,1,4,3,1,3,2,-2,0,2,-2,-3,13,-1,6,5,-5,0,0,1,1,1,-1,3,1
KR_6751106907,420,-1,-10,-9,4,-3,1,4,-3,2,5,2,6,4,6,7,1,2,2,0,0,1,11,-1,5,4,-1,0,1,1,-1,1,-1,6,1
KR_6674457526,420,-2,-40,-18,-6,-1,0,1,-1,2,3,1,2,1,-3,0,3,-2,0,2,-1,-6,-6,-5,8,3,5,0,-1,1,-1,-1,-1,6,1
KR_6658290598,420,4,-35,0,4,0,0,0,5,8,3,-2,1,3,1,4,3,0,0,0,-1,7,-10,1,3,4,1,0,0,1,-1,-1,-1,1,1
KR_6751537114,420,0,46,-11,1,3,3,0,0,2,2,-1,3,4,-1,0,1,0,0,0,0,-2,-109,2,2,4,2,0,1,1,1,1,1,4,1
KR_6715381932,420,2,-2,0,7,-2,2,4,0,3,3,1,1,0,7,10,3,1,2,1,0,2,-10,0,1,1,1,0,1,1,-1,1,1,6,1
KR_6724149755,420,4,52,1,10,0,0,0,6,6,0,-3,1,4,2,3,1,5,5,0,1,15,9,6,1,7,1,0,1,1,1,1,1,4,1
KR_6763549364,420,0,35,4,-1,-1,1,2,3,4,1,0,2,2,-1,2,3,-2,3,5,0,-8,-10,-4,5,1,1,0,0,1,0,0,-1,5,1
KR_6663153406,420,-1,-63,4,0,1,1,0,1,3,2,1,2,1,-4,1,5,1,2,1,0,2,14,-2,6,4,1,0,-1,1,-1,-1,1,5,1
KR_6723756856,420,1,-34,4,2,5,6,1,-1,3,4,-1,1,2,0,2,2,-1,1,2,0,-2,-38,1,1,2,27,0,1,1,-1,1,-1,6,1
KR_6759646537,420,4,59,-4,14,-2,0,2,6,8,2,6,8,2,3,4,1,1,3,2,3,18,-257,1,0,1,-1,0,1,1,-1,1,1,2,1
KR_6651324886,420,4,46,24,10,5,6,1,0,1,1,4,4,0,-1,2,3,2,2,0,1,16,-26,4,1,5,5,0,2,1,1,1,1,3,1
KR_6762467778,420,-3,-29,0,-11,-1,2,3,-1,2,3,-7,0,7,-2,2,4,0,2,2,-1,-9,59,1,1,2,-30,0,-1,1,0,-1,-1,2,1
KR_6759061728,420,-4,-38,9,-1,1,2,1,3,3,0,1,4,3,0,1,1,-6,2,8,0,0,26,2,1,3,-4,0,0,1,1,-1,-1,3,1
KR_6731477704,420,-3,22,-31,-4,0,3,3,-6,0,6,0,0,0,3,4,1,-1,0,1,0,-1,2,1,1,2,-1,0,0,1,-1,-1,-1,2,1
KR_6729087459,420,-1,-30,-13,-1,0,1,1,-3,0,3,-2,2,4,0,2,2,4,4,0,0,0,-1,1,0,1,-1,0,0,-1,-1,0,1,3,1
KR_6755414017,420,3,4,13,5,-3,1,4,2,2,0,2,4,2,3,4,1,1,1,0,1,10,0,-1,3,2,3,0,1,1,1,1,1,5,1
KR_6736642555,420,2,103,45,-1,-1,1,2,1,1,0,-2,0,2,1,2,1,0,0,0,0,1,411,-6,6,0,1,0,1,1,1,1,1,1,1
KR_6719566599,420,4,26,0,11,2,2,0,3,5,2,1,1,0,2,4,2,3,3,0,0,17,-12,3,2,5,3,0,1,1,1,1,1,5,1
KR_6736670240,420,1,30,24,-3,-2,0,2,1,2,1,2,8,6,-3,1,4,-1,0,1,0,1,-5,-3,6,3,0,0,1,-1,-1,1,-1,6,1
KR_6763908200,420,2,-12,-15,9,-1,1,2,-2,4,6,1,3,2,11,12,1,0,1,1,0,9,1,-1,4,3,2,0,1,-1,-1,1,1,1,1
KR_6755482272,420,0,58,-6,7,-2,2,4,2,6,4,0,3,3,7,7,0,0,0,0,0,8,2,4,2,6,1,0,1,-1,-1,1,-1,5,1
KR_6757574696,420,5,49,7,8,-2,2,4,7,8,1,5,5,0,-2,0,2,0,1,1,0,-2,30,1,3,4,-10,0,0,-1,1,0,1,4,1
KR_6708614498,420,0,-25,8,-2,2,4,2,-3,3,6,1,3,2,-3,1,4,1,3,2,0,3,-295,-5,8,3,0,0,-1,-1,-1,-1,1,1,1
KR_6733720311,420,-1,-4,-24,-9,-2,1,3,-3,4,7,-2,2,4,-1,2,3,-1,1,2,0,-4,-8,-1,5,4,0,0,-1,-1,1,-1,-1,2,1
KR_6727983336,420,6,35,35,14,4,5,1,3,4,1,1,7,6,2,2,0,4,4,0,1,15,-2,2,1,3,0,0,1,0,1,1,1,0,1
KR_6704846154,420,6,18,0,11,1,1,0,-5,1,6,2,2,0,5,5,0,8,8,0,0,17,1,-5,5,0,5,0,-1,1,-1,-1,1,6,1
KR_6721837017,420,0,51,-36,0,3,4,1,-1,0,1,-3,2,5,0,3,3,1,1,0,0,0,-10,0,1,1,-2,0,-1,-1,0,-1,-1,2,1
KR_6730649818,420,4,5,16,4,2,4,2,1,1,0,4,4,0,-2,0,2,-1,0,1,0,0,6,-3,7,4,3,0,0,1,-1,-1,-1,4,1
KR_6742093836,420,4,73,8,8,0,0,0,5,7,2,5,5,0,-2,1,3,0,0,0,0,6,-257,2,2,4,-1,0,0,-1,-1,1,-1,6,1
KR_6715745956,420,5,53,-8,11,2,2,0,-2,1,3,1,4,3,7,7,0,3,3,0,0,4,-2,-3,3,0,3,0,2,1,1,1,1,1,1
KR_6703432653,420,2,87,16,10,4,5,1,11,12,1,-3,1,4,-1,2,3,-1,0,1,1,-3,16,2,2,4,-4,0,1,1,-1,1,1,5,1
KR_6722985835,420,2,45,-13,8,-2,0,2,4,4,0,1,1,0,5,5,0,0,1,1,0,11,50,0,3,3,-14,0,0,-1,1,0,1,4,1
KR_6738150799,440,0,38,-12,5,0,2,2,1,2,1,2,3,1,3,5,2,-1,0,1,0,5,9,-3,4,1,2,0,0,1,1,0,1,3,1
KR_6749375549,440,2,16,28,0,4,6,2,0,1,1,-2,1,3,1,2,1,-3,0,3,0,-2,-3,0,0,0,0,0,1,1,1,1,-1,2,1
KR_6726951702,420,6,79,24,14,4,5,1,6,8,2,6,6,0,-3,2,5,1,5,4,0,1,6,-3,4,1,1,0,2,1,-1,1,-1,4,1
KR_6716665463,420,2,8,4,3,9,10,1,-1,0,1,-1,2,3,-1,7,8,-3,0,3,0,-8,7,4,0,4,-2,0,1,1,1,1,-1,3,1
KR_6721795209,420,-4,29,-9,-4,-5,0,5,2,2,0,1,1,0,0,2,2,-2,0,2,0,-2,-13,3,2,5,3,0,0,0,-1,-1,1,0,1
KR_6760834541,420,4,73,16,3,3,3,0,-4,2,6,0,0,0,5,5,0,-1,0,1,1,-3,9,3,3,6,1,0,1,-1,-1,1,1,1,1
KR_6739492900,420,2,-22,52,8,-4,1,5,-2,3,5,5,7,2,8,8,0,1,2,1,-1,2,5,4,3,7,4,0,1,1,-1,-1,-1,2,1
KR_6726257415,420,0,44,1,-3,-1,1,2,-2,0,2,6,6,0,-3,3,6,-3,0,3,0,-1,7,3,2,5,-4,0,0,0,0,0,-1,0,1
KR_6706076185,420,6,80,-10,7,4,5,1,-6,1,7,6,7,1,4,4,0,-1,0,1,0,1,8,4,1,5,1,0,1,-1,-1,1,1,3,1
KR_6756210691,420,3,12,0,3,3,5,2,-2,3,5,7,7,0,-2,2,4,-3,0,3,0,6,-3,0,2,2,5,0,2,-1,1,1,-1,3,1
KR_6764235073,420,6,20,19,14,1,2,1,2,2,0,1,1,0,7,8,1,3,3,0,0,18,3,1,2,3,1,0,1,1,-1,1,1,6,1
KR_6731411892,420,-2,-20,1,-1,-3,1,4,-3,0,3,0,1,1,6,7,1,-1,1,2,0,0,1,-1,2,1,0,0,-1,1,-1,-1,1,6,1
KR_6759760292,420,0,82,-12,1,0,2,2,-1,1,2,5,8,3,-2,2,4,-1,0,1,0,2,-3,-2,4,2,2,0,1,-1,-1,1,1,1,1
KR_6745198590,420,4,47,12,5,0,2,2,4,7,3,2,3,1,-4,1,5,3,4,1,0,1,7,4,1,5,-2,0,1,1,1,1,-1,4,1
KR_6762668110,420,4,63,-11,10,2,6,4,-1,2,3,0,5,5,8,8,0,1,1,0,1,9,-13,-2,4,2,2,0,0,1,1,1,1,3,1
KR_6671514879,420,1,36,24,6,-4,1,5,2,5,3,4,7,3,2,2,0,2,3,1,0,8,7,2,2,4,3,0,0,1,1,1,-1,3,1
KR_6732462053,420,3,32,28,-5,2,4,2,-1,0,1,-4,4,8,-2,1,3,0,0,0,1,-5,0,-1,4,3,2,0,0,-1,0,0,1,1,1
KR_6749958172,420,-2,11,-2,3,2,4,2,2,3,1,7,11,4,-3,0,3,-5,0,5,0,-4,3,1,1,2,1,0,2,0,0,1,-1,0,1
KR_6748600784,420,3,5,32,4,-2,1,3,1,5,4,7,7,0,2,4,2,-4,2,6,0,-1,-5,1,1,2,2,0,1,1,1,1,-1,3,1
KR_6731428884,420,1,57,11,3,-1,0,1,7,7,0,-3,1,4,0,1,1,0,0,0,0,2,3,-1,4,3,-3,0,-1,1,-1,-1,1,2,1
KR_6748873242,420,1,46,-1,3,-4,1,5,1,3,2,0,1,1,3,4,1,3,3,0,0,7,-26,-4,6,2,3,0,1,1,-1,1,1,1,1
KR_6684735261,420,0,-30,24,-7,4,5,1,0,1,1,-4,0,4,-7,3,10,0,1,1,0,-8,-14,-6,11,5,-2,0,-1,-1,-1,-1,-1,6,1
KR_6700233184,420,6,81,-5,9,4,5,1,2,5,3,0,0,0,2,9,7,1,1,0,0,7,4,1,6,7,0,0,0,1,-1,1,-1,6,1
KR_6757507969,420,0,-4,16,-1,-1,0,1,0,2,2,0,2,2,0,3,3,0,1,1,0,2,1,3,3,6,-1,0,0,-1,0,0,1,1,1
KR_6688899168,420,3,113,-16,4,3,3,0,1,1,0,-2,2,4,-1,0,1,3,5,2,0,3,10,2,2,4,-2,0,1,-1,1,1,1,4,1
KR_6743436813,420,0,19,10,4,2,2,0,-2,0,2,-1,1,2,2,3,1,3,3,0,0,4,-1,6,0,6,-4,0,1,1,1,1,1,2,1
KR_6752893015,440,-1,102,16,2,-3,1,4,-1,3,4,1,4,3,6,8,2,-1,3,4,1,8,-13,1,4,5,2,0,0,-1,0,0,1,3,1
KR_6739668221,420,-2,-18,-24,-1,2,4,2,1,2,1,-5,2,7,2,3,1,-1,1,2,1,-5,-117,5,0,5,-4,0,0,-1,-1,-1,1,6,1
KR_6735269139,420,2,32,-24,6,1,3,2,4,7,3,0,1,1,0,4,4,1,4,3,0,7,-14,-2,2,0,-1,0,0,1,1,0,-1,3,1
KR_6731589707,420,0,-4,2,3,3,4,1,3,6,3,-1,5,6,-3,1,4,1,4,3,0,-2,-44,6,0,6,16,0,1,-1,1,1,-1,4,1
KR_6762885639,420,1,-8,16,3,-2,0,2,-2,1,3,3,5,2,2,3,1,2,2,0,0,7,1,-5,6,1,2,0,0,1,-1,-1,-1,1,1
KR_6760453744,420,4,51,43,6,-1,1,2,3,4,1,11,11,0,-4,0,4,-3,0,3,-1,-1,7,6,0,6,-5,0,2,-1,1,1,-1,2,1
KR_6763121530,420,5,16,-4,8,2,5,3,0,1,1,5,5,0,-2,0,2,3,3,0,0,3,3,-1,4,3,2,0,1,1,1,1,1,2,1
KR_6740214014,440,6,88,14,18,7,10,3,8,8,0,-1,0,1,3,3,0,1,1,0,0,14,0,4,0,4,-2,0,1,1,1,1,1,4,1
KR_6690943058,440,4,24,-8,10,4,4,0,1,1,0,-5,1,6,9,10,1,1,2,1,1,11,-12,-6,7,1,6,0,1,1,1,1,1,1,1
KR_6702753553,420,5,-12,42,13,5,7,2,0,1,1,3,4,1,6,8,2,-1,6,7,0,10,2,-1,2,1,4,0,3,1,1,1,1,4,1
KR_6755046235,420,2,113,30,7,-1,3,4,2,3,1,0,2,2,5,5,0,1,2,1,1,12,-8,4,1,5,-1,0,2,-1,1,1,-1,4,1
KR_6673207368,420,-2,-70,23,0,5,6,1,3,4,1,-7,0,7,1,4,3,-2,1,3,-1,3,-23,2,0,2,0,0,-2,0,1,-1,-1,0,1
KR_6742607308,420,1,86,8,2,0,1,1,-7,0,7,3,5,2,4,7,3,2,2,0,1,5,4,3,3,6,-2,0,1,1,-1,1,1,3,1
KR_6651021049,420,0,45,-20,10,-2,2,4,3,7,4,3,4,1,5,6,1,1,3,2,2,12,182,3,2,5,0,0,0,1,0,-1,1,4,1
KR_6757847580,420,-4,-39,-12,-6,-1,1,2,-3,0,3,-2,2,4,0,0,0,0,0,0,0,-1,2,3,0,3,1,0,0,1,1,0,-1,5,1
KR_6741753971,420,2,18,3,-1,3,5,2,-1,0,1,-2,0,2,0,2,2,-1,0,1,-2,-8,227,-2,3,1,-2,0,0,1,1,0,-1,4,1
KR_6714727814,440,5,-41,33,15,1,5,4,4,4,0,3,4,1,3,7,4,4,4,0,0,13,-6,-1,1,0,0,0,1,0,1,1,1,0,1
KR_6637077173,420,5,-3,-1,6,0,0,0,1,3,2,2,2,0,4,5,1,-1,0,1,0,7,-18,3,2,5,3,0,0,1,-1,0,-1,2,1
KR_6762691452,420,0,48,0,-1,-1,3,4,-1,0,1,2,3,1,3,4,1,-4,0,4,0,0,5,4,1,5,-4,0,1,0,0,1,-1,0,1
KR_6733173984,420,-3,38,-4,-9,-1,1,2,-4,6,10,1,1,0,-4,3,7,-1,0,1,0,-4,-2,0,3,3,-1,0,0,1,1,1,-1,6,1
KR_6686935285,420,4,20,10,10,-1,1,2,4,4,0,9,9,0,-2,2,4,0,1,1,0,10,-167,1,2,3,-1,0,1,-1,-1,1,1,2,1
KR_6757320473,420,1,2,-4,2,0,3,3,1,2,1,1,4,3,2,3,1,-2,0,2,0,5,10,7,2,9,-5,0,-1,1,-1,-1,1,1,1
KR_6645578343,420,3,38,7,11,3,5,2,1,6,5,1,4,3,3,3,0,3,3,0,0,4,5,1,5,6,3,0,1,-1,0,1,1,5,1
KR_6756843182,420,4,14,48,5,7,7,0,3,3,0,-3,1,4,0,2,2,-2,0,2,1,18,-11,2,0,2,0,0,2,1,1,1,1,6,1
KR_6764035982,420,3,43,33,14,0,1,1,0,0,0,7,9,2,7,10,3,0,3,3,1,10,5,1,2,3,2,0,0,1,1,1,1,3,1
KR_6724412316,420,2,10,0,-1,7,8,1,-2,0,2,-1,2,3,-2,2,4,-3,2,5,0,0,-3,-4,4,0,1,0,-1,-1,1,1,-1,4,1
KR_6760574075,420,0,-15,-2,-1,-3,0,3,2,4,2,0,3,3,1,1,0,-1,0,1,0,2,23,0,3,3,-1,0,0,-1,-1,-1,-1,2,1
KR_6688983693,420,6,73,4,4,2,3,1,7,7,0,-1,1,2,-2,1,3,-2,2,4,0,-1,-3,1,3,4,-2,0,0,-1,-1,-1,-1,2,1
KR_6741918665,420,5,-35,12,13,2,3,1,3,4,1,1,2,1,3,4,1,4,4,0,-1,9,10,1,0,1,-1,0,1,1,1,1,-1,4,1
KR_6743184993,420,8,45,90,10,5,5,0,4,6,2,3,4,1,-1,1,2,-1,3,4,0,2,22,-1,4,3,-5,0,2,0,1,1,1,0,1
KR_6735000236,420,-1,-76,28,-1,0,0,0,1,1,0,-2,0,2,-2,0,2,2,3,1,0,-5,-24,1,1,2,-2,0,1,-1,1,1,1,4,1
KR_6761432615,440,5,89,10,19,6,9,3,2,2,0,-2,3,5,10,10,0,3,3,0,1,11,3,1,1,2,1,0,2,1,1,1,1,2,1
KR_6754411921,420,1,25,29,-2,0,4,4,3,3,0,-2,1,3,-5,0,5,2,2,0,0,-4,2,2,2,4,1,0,0,1,0,0,1,1,1
KR_6650648478,420,2,48,8,1,0,1,1,4,5,1,-1,1,2,-2,1,3,0,1,1,0,1,4,2,1,3,1,0,0,0,1,0,1,0,1
KR_6746202452,420,2,70,24,10,-1,3,4,2,3,1,1,2,1,7,8,1,1,2,1,0,5,-4,-1,2,1,4,0,-1,1,1,-1,1,4,1
KR_6703669093,420,0,84,-15,3,4,6,2,-4,0,4,3,3,0,1,1,0,-1,0,1,0,3,-7,-3,5,2,-2,0,1,1,-1,-1,1,6,1
KR_6704561459,420,0,-31,20,4,-2,3,5,1,5,4,2,4,2,2,5,3,1,2,1,-1,4,2,0,4,4,1,0,0,1,1,-1,-1,2,1
KR_6665482116,420,1,15,-20,-4,-1,0,1,-2,0,2,-2,1,3,1,2,1,0,2,2,0,-2,1,-1,4,3,0,0,0,-1,0,0,1,5,1
KR_6759749608,420,0,28,-16,4,3,4,1,1,2,1,0,3,3,1,3,2,-1,0,1,1,4,-2,-3,3,0,2,0,1,-1,0,1,1,2,1
KR_6748677308,420,4,111,5,14,3,4,1,6,8,2,4,6,2,0,2,2,1,1,0,1,13,-231,1,0,1,1,0,1,1,1,1,1,5,1
KR_6672803966,420,-1,64,28,2,3,5,2,-1,2,3,-1,0,1,0,1,1,1,3,2,1,-1,-8,-3,5,2,-1,0,1,0,0,1,1,0,1
KR_6764255492,420,-1,20,-36,-1,-3,2,5,0,4,4,3,5,2,0,2,2,-1,1,2,0,10,2,0,1,1,-3,0,-1,-1,0,-1,-1,5,1
KR_6671483811,420,4,-13,36,8,4,4,0,1,1,0,0,2,2,0,4,4,3,4,1,0,2,-5,-4,5,1,4,0,0,-1,1,0,-1,5,1
KR_6748731087,420,0,-37,-4,-1,-1,1,2,0,1,1,3,4,1,-4,1,5,1,1,0,0,-4,-10,2,0,2,0,0,-1,-1,0,-1,1,4,1
KR_6751927714,420,4,53,-8,12,-2,1,3,6,6,0,3,5,2,3,4,1,2,2,0,0,11,4,4,2,6,0,0,1,1,1,1,1,4,1
KR_6677367678,420,4,36,-24,15,3,4,1,0,2,2,1,1,0,11,13,2,0,0,0,0,14,8,1,2,3,2,0,1,1,1,1,1,4,1
KR_6726485953,420,2,43,0,2,-1,1,2,1,4,3,0,3,3,3,3,0,-1,2,3,0,0,-169,4,5,9,3,0,1,0,-1,1,1,0,1
KR_6684117541,420,0,-66,-34,9,-3,0,3,3,5,2,3,4,1,5,7,2,1,2,1,1,7,-36,-2,6,4,24,0,-2,1,1,-1,1,3,1
KR_6734883363,420,2,40,16,7,1,2,1,5,6,1,3,4,1,-2,3,5,0,1,1,0,3,15,4,0,4,-6,0,-1,1,-1,-1,1,1,1
KR_6760510328,420,2,-31,-27,4,3,5,2,-2,1,3,-1,0,1,4,7,3,0,1,1,1,-1,-1,-4,5,1,-2,0,0,0,-1,-1,1,0,1
KR_6727709179,420,3,30,-7,6,1,3,2,0,1,1,2,5,3,2,3,1,1,2,1,0,7,4,1,3,4,4,0,1,1,0,1,-1,2,1
KR_6650787511,420,-1,-7,-19,-4,-4,0,4,2,3,1,2,2,0,-3,3,6,-1,2,3,0,-7,12,7,3,10,-5,0,0,1,1,0,-1,4,1
KR_6755946126,420,2,-31,26,6,-1,1,2,7,8,1,-2,2,4,0,4,4,2,2,0,1,3,-4,-4,5,1,4,0,0,-1,1,0,1,5,1
KR_6757776305,420,-5,-19,16,-15,-1,1,2,0,2,2,-3,3,6,-7,1,8,-4,1,5,0,-23,176,1,2,3,-1,0,-1,-1,-1,-1,-1,6,1
KR_6751940112,420,3,-8,16,6,-3,1,4,1,1,0,0,2,2,5,10,5,3,3,0,0,8,9,-2,3,1,1,0,-1,1,-1,1,-1,4,1
KR_6743652190,420,2,36,-16,3,1,1,0,-3,2,5,3,3,0,0,2,2,2,4,2,0,1,11,-1,5,4,-1,0,1,1,1,1,1,4,1
KR_6708545437,420,3,54,70,3,3,4,1,0,3,3,-4,2,6,2,3,1,2,2,0,1,-1,-3,-2,6,4,5,0,1,-1,1,1,1,5,1
KR_6761507741,420,1,43,-1,6,5,6,1,0,5,5,2,4,2,-1,2,3,0,1,1,0,3,3,2,3,5,-3,0,1,-1,0,1,1,2,1
KR_6731950369,440,-3,14,-8,1,3,5,2,1,2,1,0,1,1,-1,0,1,-2,1,3,0,-2,5,-3,6,3,0,0,0,-1,-1,1,-1,1,1
KR_6760341443,420,4,28,22,14,1,2,1,-1,3,4,4,7,3,8,9,1,2,3,1,0,8,-276,-2,4,2,2,0,4,1,-1,1,1,6,1
KR_6744661109,420,2,-22,43,3,4,4,0,-7,1,8,2,4,2,2,2,0,2,4,2,1,6,35,-2,3,1,-1,0,-1,1,-1,-1,1,3,1
KR_6668925048,420,0,31,41,3,1,2,1,0,2,2,2,3,1,-2,0,2,2,2,0,2,1,42,0,2,2,-26,0,0,-1,-1,-1,1,2,1
KR_6723479867,420,0,63,4,-12,0,4,4,0,1,1,-8,1,9,-5,1,6,1,1,0,0,-15,-5,-2,5,3,4,0,0,-1,1,1,-1,6,1
KR_6751399637,420,-1,52,0,-1,0,3,3,2,2,0,-2,3,5,-1,1,2,0,2,2,0,-3,301,2,0,2,-2,0,1,1,1,1,1,6,1
KR_6755241915,420,-3,-56,-56,-3,-1,2,3,4,5,1,-3,1,4,-4,1,5,1,2,1,0,2,-5,-1,2,1,3,0,-1,0,1,-1,-1,0,1
KR_6702377195,420,0,-22,0,-1,0,2,2,1,2,1,0,4,4,-1,1,2,-1,1,2,0,0,-9,-4,6,2,1,0,-3,-1,-1,-1,-1,5,1
KR_6733582833,420,2,-27,12,6,1,1,0,2,5,3,1,1,0,1,1,0,1,2,1,0,7,-125,-1,5,4,5,0,0,0,-1,0,1,0,1
KR_6699089132,440,4,78,0,6,-1,0,1,1,1,0,3,3,0,1,5,4,2,2,0,0,2,0,3,1,4,-3,0,2,-1,1,1,1,2,1
KR_6735549718,420,0,-22,12,2,0,2,2,2,3,1,-2,0,2,1,1,0,1,1,0,0,5,-40,2,3,5,31,0,0,-1,1,0,-1,2,1
KR_6734635595,420,5,43,38,6,0,1,1,6,7,1,-5,1,6,2,5,3,3,3,0,0,5,-1,3,1,4,1,0,3,1,1,1,1,5,1
KR_6749793197,420,3,12,-16,9,0,0,0,2,2,0,3,5,2,4,7,3,0,2,2,0,10,6,1,1,2,0,0,0,1,0,1,-1,2,1
KR_6645701265,420,3,-9,-27,-2,-8,0,8,2,5,3,0,2,2,4,4,0,0,0,0,0,9,-6,3,1,4,2,0,0,-1,0,-1,1,1,1
KR_6748975454,420,0,44,32,-7,3,5,2,-2,1,3,-3,0,3,-4,0,4,-1,0,1,0,-6,-110,2,4,6,-3,0,0,1,-1,-1,1,1,1
KR_6732808530,420,4,66,-8,13,0,2,2,6,7,1,4,6,2,2,2,0,1,1,0,0,15,-290,8,0,8,4,0,1,0,-1,1,1,0,1
KR_6746731401,420,4,77,12,14,4,5,1,-1,3,4,0,1,1,8,10,2,3,4,1,1,10,-2,2,0,2,4,0,3,1,-1,1,1,6,1
KR_6726597040,420,5,41,4,8,3,4,1,0,1,1,1,3,2,4,4,0,0,0,0,0,9,0,-2,5,3,-1,0,2,0,1,1,1,0,1
KR_6687647512,420,-1,45,-24,3,7,7,0,1,2,1,-2,1,3,-1,1,2,-2,1,3,0,-5,8,3,2,5,0,0,-1,-1,-1,-1,1,6,1
KR_6691259072,420,1,-12,0,-3,2,4,2,1,2,1,-1,0,1,-5,1,6,0,1,1,0,-1,-42,-3,6,3,18,0,-1,-1,1,-1,-1,4,1
KR_6726245329,420,-2,-5,-27,3,-4,0,4,2,3,1,1,5,4,7,7,0,-3,0,3,0,2,-1,2,6,8,5,0,0,1,1,0,1,4,1
KR_6666629586,420,-2,-52,-24,3,-1,0,1,-3,2,5,7,8,1,1,3,2,-1,0,1,0,7,-1,-2,6,4,-3,0,-2,-1,-1,-1,-1,5,1
KR_6752473966,420,0,10,44,-3,2,2,0,0,5,5,-3,1,4,2,5,3,-4,0,4,0,-3,1,4,2,6,-4,0,2,1,1,1,-1,1,1
KR_6762909766,420,-1,14,-19,3,0,1,1,3,4,1,-1,1,2,1,4,3,0,3,3,0,5,5,2,5,7,3,0,0,1,1,0,1,3,1
KR_6762555796,420,-1,39,-4,-9,-5,0,5,2,3,1,-4,5,9,-2,1,3,0,0,0,0,-4,2,0,5,5,4,0,-1,0,0,-1,-1,0,1
KR_6762215130,420,2,-32,28,2,0,3,3,3,4,1,0,3,3,-1,2,3,0,0,0,0,4,-2,-1,1,0,1,0,0,1,1,1,-1,1,1
KR_6684615277,420,3,23,11,5,5,6,1,-2,2,4,4,4,0,-2,1,3,0,3,3,0,3,7,4,1,5,1,0,1,-1,1,1,-1,1,1
KR_6648984203,420,3,57,-2,7,-3,1,4,3,4,1,5,5,0,3,6,3,-1,0,1,-1,3,351,1,4,5,1,0,2,1,-1,-1,-1,5,1
KR_6652893295,420,2,63,-4,4,-1,1,2,1,2,1,2,4,2,1,1,0,1,1,0,0,-1,17,5,2,7,-1,0,0,1,-1,0,1,5,1
KR_6732982708,420,3,39,11,3,3,6,3,-2,1,3,0,1,1,-1,0,1,3,4,1,0,-1,-3,0,1,1,-2,0,2,-1,0,1,1,1,1
KR_6747437816,420,5,30,20,16,0,1,1,8,8,0,5,6,1,3,4,1,0,0,0,1,15,61,4,3,7,-5,0,0,1,-1,1,1,3,1
KR_6744138941,420,4,92,5,6,2,4,2,2,8,6,-2,1,3,2,3,1,2,2,0,0,8,0,1,1,2,3,0,2,-1,1,1,1,4,1
KR_6755119551,420,1,-55,-12,9,10,10,0,-2,3,5,-2,1,3,0,5,5,3,6,3,-2,5,43,1,2,3,-12,0,1,0,0,1,-1,0,1
KR_6763475986,420,-2,-117,9,3,0,0,0,2,4,2,6,7,1,-1,3,4,-4,0,4,0,3,3,6,0,6,-5,0,0,1,1,0,-1,6,1
KR_6752128992,420,3,21,-27,7,2,3,1,3,3,0,3,5,2,-2,0,2,1,2,1,0,5,-2,1,2,3,-3,0,0,-1,-1,-1,1,5,1
KR_6751298128,420,5,63,12,12,4,4,0,2,5,3,3,3,0,2,4,2,1,4,3,1,9,-1,1,2,3,1,0,0,1,-1,1,1,2,1
KR_6732485191,420,-1,2,-54,3,0,1,1,-2,2,4,0,4,4,2,2,0,3,4,1,0,6,115,2,0,2,-2,0,0,1,-1,0,1,2,1
KR_6755438192,420,-3,45,-24,-6,-3,0,3,0,3,3,-5,1,6,1,5,4,1,2,1,0,-3,-2,4,0,4,0,0,0,0,1,-1,1,0,1
KR_6727981741,420,-2,-19,0,0,-5,0,5,4,5,1,0,3,3,1,2,1,0,2,2,0,6,-7,2,0,2,0,0,1,1,1,1,-1,3,1
KR_6760749998,420,0,6,-4,4,0,2,2,1,2,1,1,2,1,-1,0,1,3,3,0,0,7,11,-1,5,4,-2,0,0,1,1,0,-1,1,1
KR_6741301235,420,-3,-61,-12,4,1,1,0,1,4,3,1,1,0,0,1,1,1,2,1,0,1,-22,0,3,3,-3,0,0,1,1,0,1,1,1
KR_6704682924,420,3,-16,18,2,-2,0,2,1,3,2,4,4,0,2,2,0,-3,0,3,0,2,38,3,0,3,-14,0,0,1,0,-1,-1,3,1
KR_6755202026,420,-2,-38,62,-3,-1,0,1,1,2,1,1,4,3,-4,2,6,0,1,1,0,-4,-15,-1,1,0,0,0,0,-1,0,0,1,2,1
KR_6670263795,420,3,64,19,-4,0,4,4,2,2,0,1,4,3,-3,2,5,-4,0,4,-3,-16,-1,-3,4,1,-1,0,0,0,-1,-1,-1,0,1
KR_6726519121,420,-3,-12,-8,2,2,5,3,-1,2,3,2,5,3,-1,1,2,0,1,1,0,-4,1,3,1,4,-1,0,0,-1,1,1,1,1,1
KR_6721448165,420,2,60,-1,6,0,1,1,-2,0,2,-3,2,5,8,11,3,3,3,0,0,2,-7,3,2,5,1,0,0,1,0,1,1,5,1
KR_6627070932,420,3,65,48,7,7,8,1,-5,4,9,9,9,0,-2,0,2,-2,0,2,-1,-3,6,2,1,3,0,0,0,-1,1,0,-1,3,1
KR_6655141038,420,0,40,-16,3,7,7,0,1,5,4,-3,1,4,-1,0,1,-1,0,1,0,0,-3,4,1,5,-4,0,1,1,1,1,1,1,1
KR_6723745767,420,0,-26,-4,-1,-2,1,3,0,1,1,0,2,2,3,4,1,-2,0,2,0,2,-1,1,4,5,-2,0,0,-1,0,0,1,2,1
KR_6737709574,420,3,76,8,12,7,7,0,7,7,0,0,1,1,-2,2,4,0,3,3,1,9,-2,3,1,4,1,0,2,1,1,1,1,5,1
KR_6746358583,420,1,55,4,-2,-2,1,3,7,7,0,0,2,2,-2,0,2,-5,0,5,0,-2,16,6,0,6,-9,0,1,-1,-1,1,-1,6,1
KR_6734058175,420,-3,-53,-12,-3,-5,0,5,4,4,0,-6,0,6,1,1,0,3,3,0,0,3,-2,1,2,3,-1,0,0,1,1,-1,-1,5,1
KR_6760784316,420,3,14,-15,-2,1,2,1,-5,4,9,0,3,3,2,2,0,0,1,1,0,-6,5,2,4,6,-4,0,0,-1,1,0,-1,5,1
KR_6758858554,420,3,92,16,3,3,3,0,-3,1,4,4,6,2,3,5,2,-4,0,4,1,-4,2,3,1,4,0,0,1,1,-1,1,1,5,1
KR_6760727800,420,5,23,15,9,0,1,1,2,2,0,6,6,0,-1,1,2,2,2,0,0,6,14,0,1,1,2,0,0,1,1,0,1,6,1
KR_6703505073,420,3,30,8,-6,2,4,2,-4,0,4,-1,3,4,0,2,2,-3,1,4,0,-3,-9,1,1,2,1,0,0,0,-1,1,1,0,1
KR_6722585765,420,3,142,-4,14,3,3,0,3,5,2,4,5,1,2,5,3,2,3,1,0,8,-27,1,3,4,17,0,2,0,1,1,1,0,1
KR_6755120989,420,1,-1,12,3,-1,0,1,0,2,2,9,10,1,-3,2,5,-2,0,2,0,-2,-5,4,0,4,-4,0,1,1,1,1,1,6,1
KR_6722900250,420,-2,-66,-20,-5,-1,2,3,0,3,3,-3,0,3,-3,0,3,2,2,0,0,-4,15,5,1,6,-5,0,1,1,1,1,-1,5,1
KR_6756542899,420,0,-35,84,-7,0,1,1,-1,1,2,4,5,1,-5,1,6,-5,0,5,0,-11,43,-1,2,1,-27,0,-3,1,1,-1,1,1,1
KR_6742979622,420,4,15,16,12,3,5,2,0,1,1,1,2,1,5,6,1,3,4,1,0,7,2,0,1,1,0,0,1,1,1,1,-1,2,1
KR_6721001250,420,5,50,43,2,1,3,2,0,1,1,2,4,2,1,3,2,-2,0,2,0,0,2,-4,6,2,0,0,0,1,-1,0,-1,5,1
KR_6686047937,420,14,78,56,12,-2,0,2,3,3,0,4,4,0,1,1,0,6,6,0,0,7,16,5,1,6,3,0,5,1,1,1,-1,5,1
KR_6730856400,420,0,8,8,0,2,4,2,3,4,1,0,1,1,-5,0,5,0,0,0,0,-5,20,-1,2,1,0,0,0,0,-1,0,-1,0,1
KR_6724384449,420,1,104,2,6,-2,1,3,3,5,2,5,7,2,0,2,2,0,2,2,0,0,266,-3,4,1,1,0,0,1,1,0,1,5,1
KR_6758585951,420,5,59,29,11,2,2,0,4,4,0,4,4,0,1,1,0,0,2,2,0,6,-115,-1,2,1,0,0,1,1,-1,1,1,1,1
KR_6762990017,420,5,12,-12,13,2,4,2,1,2,1,5,5,0,5,5,0,0,0,0,0,12,-3,0,4,4,-1,0,0,1,0,0,-1,1,1
KR_6729778666,420,5,116,-12,10,3,4,1,1,1,0,-1,3,4,6,6,0,1,1,0,0,10,-10,-1,5,4,0,0,2,1,1,1,1,6,1
KR_6742671588,420,3,-6,32,10,1,1,0,-2,2,4,0,3,3,8,9,1,3,4,1,0,7,3,3,0,3,1,0,0,1,-1,0,-1,5,1
KR_6762784190,420,2,-38,20,6,-1,2,3,1,1,0,4,4,0,2,2,0,0,0,0,0,3,-11,2,2,4,3,0,0,1,0,0,1,3,1
KR_6710247779,420,3,-6,23,7,-2,3,5,5,7,2,-2,1,3,5,7,2,1,1,0,-1,15,-12,0,2,2,2,0,1,1,1,1,-1,2,1
KR_6757892577,420,4,82,32,4,3,3,0,0,0,0,-4,2,6,4,4,0,1,2,1,3,8,1,-1,1,0,0,0,1,-1,1,1,1,3,1
KR_6740957358,420,2,39,12,0,4,4,0,2,2,0,-1,1,2,-4,1,5,-1,0,1,-1,-5,20,0,2,2,-1,0,0,1,-1,1,-1,1,1
KR_6699223366,420,-3,-1,9,-8,-2,0,2,0,1,1,0,1,1,-6,0,6,0,0,0,-2,-13,4,-7,7,0,0,0,-1,0,-1,-1,-1,0,1
KR_6735218490,420,4,86,4,11,6,8,2,-4,0,4,0,1,1,8,11,3,1,3,2,1,8,7,-2,4,2,0,0,2,1,0,1,1,2,1
KR_6759665459,420,1,-25,24,5,-1,3,4,2,5,3,4,4,0,1,2,1,-1,4,5,0,5,-5,0,3,3,5,0,1,1,1,1,1,3,1
KR_6727829406,420,3,65,-28,2,4,5,1,-1,0,1,-2,3,5,1,2,1,0,0,0,0,3,0,1,1,2,-3,0,0,-1,0,0,-1,5,1
KR_6745949711,420,1,1,-2,5,7,7,0,2,6,4,1,4,3,-5,1,6,0,0,0,0,-2,15,-1,1,0,0,0,1,-1,1,1,-1,4,1
KR_6757961508,440,3,-11,-28,9,4,5,1,1,1,0,-2,2,4,4,5,1,2,3,1,0,8,205,3,2,5,-1,0,1,1,1,1,1,5,1
KR_6758252771,420,2,8,48,8,9,9,0,-3,0,3,-1,2,3,3,4,1,0,2,2,1,0,25,-2,4,2,-5,0,1,-1,1,1,1,3,1
KR_6656431274,420,2,102,-12,3,1,4,3,-2,0,2,-4,0,4,7,7,0,1,1,0,0,11,-4,-1,4,3,-1,0,0,1,0,0,-1,2,1
KR_6729557180,420,3,58,8,8,-5,0,5,5,6,1,-1,2,3,8,8,0,1,1,0,1,17,6,1,2,3,0,0,1,-1,1,1,1,2,1
KR_6723905134,420,6,70,-4,-3,-1,1,2,-1,4,5,0,0,0,1,2,1,-2,1,3,0,3,-63,-2,5,3,29,0,3,1,1,1,-1,3,1
KR_6740183251,420,5,50,16,13,2,3,1,5,5,0,0,1,1,6,6,0,0,2,2,0,8,3,4,0,4,1,0,2,-1,0,1,1,2,1
KR_6729180756,420,-1,63,-12,-2,0,2,2,0,2,2,0,1,1,1,6,5,-3,0,3,0,-4,8,3,3,6,-1,0,1,0,-1,1,1,0,1
KR_6751265202,420,-4,-81,-27,-2,-1,2,3,3,5,2,-2,1,3,-1,2,3,-1,0,1,0,-6,-31,1,5,6,-3,0,-2,-1,1,-1,1,1,1
KR_6757030769,420,3,25,-12,4,-3,0,3,2,3,1,5,6,1,-1,0,1,1,1,0,0,9,27,-2,4,2,-3,0,0,-1,1,-1,-1,6,1
KR_6725213321,420,4,118,24,6,2,2,0,2,4,2,-2,1,3,4,5,1,0,0,0,1,4,5,0,2,2,1,0,1,1,-1,1,1,1,1
KR_6741858565,420,0,-30,17,7,0,2,2,2,2,0,2,4,2,3,3,0,0,0,0,0,11,14,-3,3,0,-1,0,0,0,-1,-1,1,0,1
KR_6759088624,420,2,-37,16,7,2,2,0,1,1,0,-2,3,5,6,6,0,0,0,0,0,11,-1,2,0,2,1,0,0,1,-1,0,1,2,1
KR_6706864761,420,3,20,-4,9,-2,0,2,3,5,2,7,9,2,0,2,2,1,3,2,0,12,5,1,1,2,0,0,2,-1,-1,1,-1,1,1
KR_6746077424,440,-1,58,0,-3,2,3,1,0,3,3,-2,2,4,-4,1,5,1,2,1,0,-6,5,2,2,4,-2,0,1,1,1,1,1,5,1
KR_6652809165,420,0,60,0,5,-1,0,1,-1,1,2,4,5,1,1,3,2,2,3,1,0,2,3,0,0,0,1,0,1,1,-1,1,1,4,1
KR_6743841682,420,1,-71,-28,4,3,3,0,2,5,3,-4,0,4,2,4,2,1,1,0,0,5,-4,-2,4,2,0,0,0,-1,1,0,1,3,1
KR_6744243287,420,6,101,27,14,1,1,0,4,6,2,6,8,2,3,5,2,0,2,2,0,8,5,3,1,4,2,0,2,0,1,1,1,0,1
KR_6757904666,420,2,60,4,6,2,3,1,-3,4,7,2,3,1,3,7,4,2,3,1,1,5,1,-5,8,3,3,0,1,1,1,1,-1,1,1
KR_6683283357,420,2,-29,4,0,1,2,1,-2,4,6,7,8,1,-3,5,8,-3,0,3,-2,-1,-10,5,2,7,5,0,0,1,0,0,-1,1,1
KR_6538388673,440,4,68,55,16,5,5,0,2,3,1,4,4,0,4,7,3,1,1,0,0,19,4,1,3,4,3,0,4,1,1,1,-1,6,1
KR_6756163466,420,1,28,10,3,3,6,3,2,2,0,0,3,3,0,1,1,-2,1,3,0,0,118,3,2,5,0,0,2,1,1,1,-1,3,1
KR_6728774117,420,4,47,24,3,2,3,1,1,3,2,2,3,1,0,1,1,-2,0,2,0,-2,-16,0,1,1,-3,0,1,-1,1,-1,-1,2,1
KR_6754081753,420,-1,-53,44,-3,-1,2,3,1,3,2,-5,0,5,4,6,2,-2,1,3,1,8,8,4,0,4,-2,0,-2,-1,-1,-1,1,6,1
KR_6762239086,440,1,-36,10,1,4,4,0,1,2,1,3,3,0,-6,1,7,-1,1,2,0,-6,7,0,7,7,-4,0,0,0,0,1,1,0,1
KR_6698644336,420,-1,92,-96,-1,0,1,1,-3,0,3,3,4,1,-1,0,1,0,1,1,0,-3,-7,1,2,3,-2,0,0,-1,-1,1,-1,2,1
KR_6645772072,420,3,34,20,14,-2,0,2,5,6,1,2,3,1,4,4,0,5,5,0,1,23,5,2,2,4,3,0,1,1,-1,1,1,2,1
KR_6763708101,420,6,127,-40,13,5,6,1,1,2,1,5,7,2,2,3,1,0,0,0,-1,9,12,-2,4,2,3,0,3,1,-1,1,-1,6,1
KR_6742040558,420,1,38,-16,10,6,6,0,1,2,1,1,4,3,1,2,1,1,1,0,1,3,0,2,1,3,1,0,0,-1,0,0,1,4,1
KR_6738403311,420,3,44,11,13,5,6,1,4,6,2,-1,2,3,4,5,1,1,2,1,0,6,-83,6,1,7,3,0,2,0,1,1,1,0,1
KR_6701804078,420,5,48,13,7,0,1,1,1,1,0,4,5,1,2,3,1,0,0,0,0,3,-8,3,3,6,4,0,2,1,1,1,-1,4,1
KR_6746486323,420,5,41,38,11,0,3,3,3,3,0,3,3,0,2,3,1,3,3,0,0,8,-2,0,3,3,2,0,1,1,1,1,1,3,1
KR_6697397005,420,0,-51,-28,2,-3,2,5,9,9,0,-3,1,4,1,4,3,-2,0,2,1,9,188,0,2,2,-2,0,2,0,1,1,1,0,1
KR_6751235001,420,3,-47,39,7,0,0,0,3,3,0,4,7,3,-1,0,1,1,4,3,0,-3,2,0,3,3,0,0,0,-1,-1,0,1,5,1
KR_6741121290,440,3,45,21,-3,0,1,1,3,6,3,-1,1,2,-6,2,8,1,2,1,0,-6,180,1,1,2,-1,0,1,1,1,1,-1,3,1
KR_6752237070,420,4,77,4,11,0,4,4,3,3,0,2,5,3,4,5,1,2,2,0,2,15,7,-1,3,2,-1,0,0,0,1,0,1,0,1
KR_6707500079,420,1,79,4,3,-1,0,1,-1,0,1,5,5,0,0,2,2,0,2,2,0,5,-23,-4,5,1,7,0,0,1,1,0,1,6,1
KR_6761039674,420,-1,-16,32,1,-2,0,2,2,5,3,-2,1,3,2,3,1,1,1,0,0,7,-353,-2,3,1,-2,0,0,0,-1,0,1,0,1
KR_6693987698,420,-5,-105,-20,-5,-1,3,4,-2,3,5,-2,3,5,1,5,4,-1,1,2,1,3,11,9,0,9,-4,0,0,-1,1,0,1,5,1
KR_6732844140,420,6,97,4,4,3,5,2,-1,3,4,1,1,0,2,2,0,-1,1,2,0,-1,58,0,5,5,-25,0,2,0,0,1,1,0,1
KR_6695676025,440,4,-8,0,5,4,6,2,-1,4,5,2,3,1,0,3,3,0,0,0,0,4,-264,0,3,3,2,0,1,-1,1,1,1,4,1
KR_6704678399,420,3,67,36,9,3,4,1,3,4,1,1,3,2,2,3,1,0,1,1,1,7,1,1,3,4,2,0,2,0,1,1,1,0,1
KR_6637223776,420,0,-39,0,4,2,4,2,-1,3,4,-4,0,4,6,7,1,1,1,0,0,5,-47,0,2,2,17,0,-1,1,-1,-1,-1,4,1
KR_6735030719,420,1,53,-17,6,7,8,1,0,1,1,0,0,0,-1,1,2,0,0,0,0,1,-23,1,2,3,-1,0,2,-1,1,1,-1,3,1
KR_6751750242,420,-1,30,-17,-3,-4,0,4,0,0,0,3,3,0,-2,5,7,0,1,1,0,-3,30,3,0,3,-8,0,-1,-1,0,-1,1,1,1
KR_6758206829,420,-4,-50,0,-5,2,2,0,0,1,1,-1,1,2,-4,2,6,-2,4,6,0,-2,13,4,0,4,-1,0,0,0,-1,0,-1,0,1
KR_6744183217,420,0,68,-9,1,1,2,1,-1,3,4,-6,0,6,7,7,0,0,2,2,0,3,3,-1,5,4,-2,0,1,1,-1,1,1,3,1
KR_6729590091,440,3,54,11,12,1,2,1,0,1,1,0,1,1,10,11,1,1,3,2,0,6,2,0,5,5,1,0,0,1,-1,0,1,3,1
KR_6756359821,420,1,25,-12,8,-3,0,3,1,2,1,5,6,1,2,3,1,3,3,0,0,7,-1,0,2,2,2,0,0,1,-1,1,-1,5,1
KR_6754105097,420,5,35,12,9,1,1,0,1,3,2,9,9,0,-3,0,3,1,2,1,0,3,-128,0,5,5,-2,0,0,1,0,0,1,5,1
KR_6684537729,420,0,5,-32,3,1,1,0,-2,0,2,1,1,0,1,3,2,2,2,0,0,7,-3,-2,2,0,1,0,0,1,0,0,1,6,1
KR_6672642261,440,1,56,-33,7,2,3,1,1,4,3,-2,0,2,3,7,4,3,3,0,2,8,3,-2,2,0,1,0,1,0,0,1,1,0,1
KR_6761188450,440,1,32,-24,-2,1,2,1,1,4,3,-3,3,6,-1,4,5,0,1,1,1,4,-7,-5,7,2,2,0,1,0,-1,1,1,0,1
KR_6756585307,420,0,-5,2,-6,3,4,1,-2,2,4,-5,0,5,0,2,2,-2,1,3,0,-13,-3,-1,3,2,1,0,2,1,-1,1,1,3,1
KR_6727620756,420,-1,-58,-16,2,3,4,1,-1,1,2,0,1,1,-1,1,2,1,1,0,0,1,3,2,0,2,-1,0,0,-1,1,0,1,3,1
KR_6760971824,420,1,39,-12,5,2,3,1,-1,0,1,-2,2,4,5,5,0,1,2,1,0,8,-2,3,1,4,1,0,0,1,-1,0,-1,3,1
KR_6745173251,440,-2,-34,-6,-6,-1,2,3,-1,0,1,-2,2,4,-2,1,3,0,1,1,0,-8,-172,-1,4,3,22,0,0,-1,0,0,-1,4,1
KR_6759933412,420,2,44,0,5,2,2,0,-1,0,1,4,5,1,0,3,3,0,1,1,0,2,2,-1,3,2,-3,0,-1,0,-1,-1,1,0,1
KR_6690875057,440,4,23,0,8,2,3,1,-1,1,2,3,6,3,4,6,2,0,2,2,0,3,-7,-5,6,1,-4,0,-1,1,0,1,-1,5,1
KR_6725422741,420,1,-17,-5,3,1,3,2,0,3,3,1,2,1,-2,2,4,3,4,1,-1,-1,-344,6,1,7,-3,0,1,1,1,1,-1,6,1
KR_6762893909,420,2,78,21,-8,4,6,2,-4,1,5,-3,0,3,-4,0,4,-1,1,2,-1,-22,0,0,5,5,-2,0,1,-1,1,1,-1,1,1
KR_6756537862,420,5,89,0,8,3,4,1,0,2,2,3,3,0,3,3,0,-1,0,1,1,4,-6,-5,8,3,3,0,3,1,1,1,1,5,1
KR_6763751550,420,7,109,20,14,-3,0,3,1,2,1,6,6,0,5,5,0,5,5,0,0,8,1,2,2,4,2,0,3,1,1,1,1,6,1
KR_6652153525,420,-3,-14,-7,-4,-2,1,3,3,3,0,-3,0,3,-1,2,3,-1,0,1,0,-4,126,-1,3,2,2,0,0,-1,-1,0,-1,2,1
KR_6747277686,440,1,11,8,3,3,3,0,-1,3,4,2,3,1,0,2,2,-1,4,5,-1,-3,-6,1,3,4,-1,0,0,1,-1,0,-1,1,1
KR_6757505315,420,4,90,28,5,1,1,0,0,1,1,2,2,0,0,4,4,2,2,0,0,4,26,-1,4,3,-22,0,0,1,1,0,1,5,1
KR_6639868281,420,2,-15,8,0,3,5,2,1,2,1,-2,1,3,-2,0,2,0,1,1,0,-2,-2,0,1,1,-1,0,0,-1,0,0,1,3,1
KR_6641639776,440,-1,80,-28,4,-2,1,3,2,3,1,-2,0,2,3,3,0,3,3,0,0,8,1,-4,7,3,6,0,1,-1,-1,1,1,5,1
KR_6751674726,420,2,24,12,3,2,2,0,-3,0,3,-2,0,2,5,5,0,1,1,0,0,4,-10,-2,4,2,0,0,0,1,0,0,-1,1,1
KR_6659671941,420,0,-44,-16,-1,-1,1,2,-4,4,8,2,3,1,3,9,6,-1,1,2,0,7,-277,-1,3,2,-2,0,0,-1,-1,0,1,4,1
KR_6630925127,420,-1,-51,-20,1,-2,0,2,-1,0,1,1,4,3,2,3,1,1,1,0,0,3,27,4,1,5,0,0,0,0,0,0,1,0,1
KR_6730304376,440,4,-19,-8,13,6,7,1,2,4,2,0,3,3,0,3,3,5,6,1,0,20,22,3,2,5,-3,0,0,-1,-1,0,-1,1,1
KR_6728410857,420,4,41,16,4,1,2,1,2,6,4,0,2,2,3,5,2,-2,1,3,0,4,1,0,2,2,0,0,0,1,-1,0,1,4,1
KR_6678407007,420,1,-29,20,6,0,1,1,3,3,0,3,4,1,-1,1,2,1,2,1,0,8,-323,1,2,3,3,0,0,1,1,0,1,4,1
KR_6741455175,420,2,62,15,-4,-3,3,6,-2,2,4,2,2,0,-1,0,1,0,0,0,-1,-9,7,-1,2,1,2,0,2,0,-1,1,-1,0,1
KR_6747485985,420,5,19,44,12,2,5,3,2,2,0,5,5,0,0,2,2,3,3,0,0,9,0,0,2,2,0,0,2,1,-1,1,1,5,1
KR_6665631337,420,7,47,19,12,3,3,0,-1,1,2,0,1,1,9,9,0,1,1,0,1,15,16,-1,1,0,0,0,4,1,1,1,1,1,1
KR_6755969765,420,0,59,8,7,2,5,3,-1,0,1,-1,0,1,10,12,2,-3,1,4,0,4,13,2,3,5,-1,0,1,-1,1,1,1,3,1
KR_6744634396,420,6,49,-9,7,4,4,0,1,3,2,-2,0,2,0,5,5,4,6,2,-3,2,0,-1,2,1,0,0,4,1,1,1,-1,2,1
KR_6763522780,420,-1,15,3,2,6,6,0,-4,3,7,0,1,1,-1,3,4,1,1,0,3,7,4,2,3,5,2,0,0,1,-1,-1,-1,3,1
KR_6683411999,420,4,36,7,0,2,5,3,-2,1,3,-2,1,3,0,2,2,2,3,1,0,-6,-282,-2,2,0,1,0,1,1,-1,1,-1,1,1
KR_6693822677,420,5,32,44,7,11,11,0,-1,0,1,2,3,1,-4,1,5,-1,0,1,0,2,1,-1,1,0,-2,1,2,0,1,1,1,0,1
KR_6739462515,420,3,-12,36,8,3,5,2,-3,2,5,8,10,2,0,0,0,0,1,1,-1,2,-8,1,3,4,-2,0,-1,1,-1,-1,-1,1,1
KR_6722851546,420,-1,-14,-4,3,2,4,2,-3,1,4,3,6,3,2,3,1,-1,0,1,-1,-2,136,0,4,4,4,0,0,-1,-1,1,-1,2,1
KR_6651294167,420,1,-13,-6,-1,0,2,2,-2,1,3,6,9,3,-4,0,4,-1,0,1,0,-1,-3,1,3,4,5,0,0,1,0,0,-1,4,1
KR_6757629415,420,-2,16,12,0,0,0,0,5,5,0,-2,1,3,-3,2,5,0,1,1,1,2,3,3,1,4,-3,0,0,1,1,0,1,5,1
KR_6742993378,420,5,118,7,9,4,5,1,0,1,1,0,1,1,6,7,1,-1,0,1,1,5,-53,0,5,5,6,0,2,1,-1,1,1,1,1
KR_6711747263,420,1,-6,20,-6,4,4,0,-5,0,5,0,3,3,-4,1,5,-1,0,1,0,-10,1,0,3,3,2,0,0,0,-1,0,1,0,1
KR_6752061800,420,3,43,12,3,1,2,1,0,3,3,3,4,1,-4,1,5,3,3,0,1,-1,12,-2,2,0,1,0,1,-1,1,1,1,3,1
KR_6697356716,420,5,99,44,5,7,8,1,1,3,2,-5,0,5,1,5,4,1,1,0,0,2,121,1,2,3,0,0,3,1,1,1,1,5,1
KR_6757628705,420,3,44,29,9,4,4,0,-1,3,4,4,6,2,3,7,4,-1,1,2,0,1,3,2,1,3,-1,0,1,1,-1,1,1,5,1
KR_6749517873,440,-2,-17,-20,-5,-1,1,2,0,1,1,-1,2,3,-5,2,7,2,2,0,0,-2,-362,2,1,3,1,0,-1,1,-1,-1,1,2,1
KR_6532786271,420,0,69,-5,0,0,1,1,-2,5,7,2,2,0,0,2,2,0,2,2,-1,-2,-230,3,3,6,0,0,0,-1,0,0,-1,6,1
KR_6752857380,420,8,131,16,16,8,8,0,-1,1,2,8,8,0,0,2,2,1,2,1,2,4,2,0,3,3,3,0,3,0,1,1,1,0,1
KR_6659521328,420,0,-5,-12,1,-2,3,5,3,5,2,4,6,2,-1,0,1,-3,0,3,0,-7,6,4,2,6,0,0,1,1,1,1,1,1,1
KR_6677823458,440,0,-5,24,6,-1,0,1,2,3,1,1,3,2,3,5,2,1,4,3,0,6,-10,-2,4,2,-1,0,-1,1,-1,-1,1,2,1
KR_6729614565,420,-1,6,8,-5,0,2,2,0,5,5,0,1,1,-4,0,4,-1,2,3,-1,-6,-14,3,1,4,3,0,1,-1,1,1,-1,5,1
KR_6759571868,420,0,24,-13,3,6,7,1,-3,0,3,3,5,2,-1,1,2,-2,1,3,0,-2,-9,6,1,7,-4,0,1,1,-1,1,1,2,1
KR_6659701793,420,-1,13,-7,-2,-1,1,2,-1,2,3,-3,0,3,1,2,1,2,2,0,0,1,-5,3,1,4,1,0,0,1,1,0,1,2,1
KR_6762398314,420,-2,-25,-8,-2,-1,1,2,-4,2,6,0,2,2,2,5,3,1,1,0,0,-2,18,0,4,4,-4,0,-1,-1,0,-1,1,6,1
KR_6353380778,420,5,91,-21,1,2,2,0,-3,1,4,5,6,1,-3,0,3,0,1,1,-1,-7,0,0,0,0,-4,0,3,-1,1,1,-1,2,1
KR_6747252172,420,3,90,-12,10,1,2,1,2,4,2,5,8,3,3,6,3,-1,0,1,2,24,2,2,3,5,4,0,0,1,-1,1,1,6,1
KR_6693825573,420,2,39,24,-2,2,4,2,-3,1,4,3,5,2,-4,1,5,0,0,0,0,-1,7,3,2,5,0,0,-2,-1,-1,-1,-1,5,1
KR_6742004007,420,1,30,0,-3,-1,1,2,2,4,2,2,2,0,-7,2,9,1,1,0,0,-5,0,-1,3,2,-3,0,0,1,-1,-1,-1,4,1
KR_6757304269,420,5,32,12,12,1,2,1,-2,1,3,3,5,2,8,10,2,2,2,0,0,10,7,2,6,8,3,0,0,-1,-1,0,-1,2,1
KR_6746485957,420,5,41,36,17,7,7,0,0,0,0,7,7,0,2,2,0,1,1,0,1,7,-10,0,3,3,-1,0,1,-1,1,1,1,3,1
KR_6756865062,420,2,87,-15,3,3,3,0,-2,3,5,2,4,2,0,4,4,0,2,2,-1,-2,270,4,4,8,1,0,1,-1,1,1,-1,5,1
KR_6760275480,420,-1,1,-44,8,-2,1,3,0,2,2,7,9,2,3,5,2,0,0,0,0,10,27,8,2,10,2,0,2,1,-1,1,1,2,1
KR_6735172082,420,3,57,28,12,-1,0,1,6,9,3,1,3,2,6,6,0,0,0,0,1,10,23,-2,5,3,1,0,0,1,0,1,1,6,1
KR_6727805929,420,2,95,16,4,-2,1,3,0,0,0,3,4,1,2,5,3,1,3,2,0,2,2,0,4,4,-3,0,0,1,-1,0,-1,5,1
KR_6651512799,420,0,-1,24,0,0,0,0,2,4,2,-2,1,3,2,2,0,-2,0,2,0,-1,-31,-2,4,2,18,0,0,1,-1,0,1,6,1
KR_6723714887,420,4,34,12,0,1,2,1,7,8,1,-5,2,7,0,3,3,-3,1,4,0,7,-1,-2,4,2,-3,0,3,1,1,1,-1,2,1
KR_6704747657,420,2,66,-14,7,5,5,0,1,1,0,0,4,4,3,3,0,-2,1,3,1,10,7,6,0,6,2,0,1,-1,-1,1,1,5,1
KR_6711639457,420,1,1,0,0,0,1,1,6,8,2,-8,0,8,0,3,3,2,4,2,-2,1,4,2,2,4,0,0,0,1,0,0,-1,5,1
KR_6753892692,440,-1,-16,4,10,0,2,2,0,2,2,2,4,2,5,5,0,3,3,0,0,9,5,3,1,4,4,0,1,1,1,1,1,3,1
KR_6741846960,420,6,48,32,7,0,1,1,0,4,4,6,7,1,-3,2,5,4,4,0,-1,5,3,-1,2,1,1,0,1,1,0,1,-1,5,1
KR_6631927912,420,-5,-105,19,-6,2,4,2,-2,0,2,-4,1,5,-3,0,3,1,1,0,0,-10,14,0,3,3,0,0,-1,1,-1,-1,-1,5,1
KR_6710034562,420,2,14,13,7,2,4,2,-1,2,3,5,7,2,2,4,2,-1,1,2,0,7,-8,1,1,2,4,0,-2,1,-1,-1,1,3,1
KR_6686625243,420,3,51,40,7,5,5,0,4,5,1,0,0,0,-4,1,5,2,2,0,0,-1,191,1,1,2,-2,0,0,1,0,0,1,5,1
KR_6758941724,420,4,50,0,8,5,5,0,0,1,1,2,2,0,3,6,3,-2,0,2,0,5,-22,0,3,3,15,0,0,1,0,0,-1,3,1
KR_6741360640,420,5,33,48,9,1,2,1,2,2,0,4,6,2,0,3,3,2,2,0,1,9,-312,1,2,3,23,0,0,-1,1,-1,1,6,1
KR_6702924960,420,5,88,20,9,-5,0,5,0,0,0,4,6,2,10,10,0,0,1,1,0,7,39,2,1,3,-31,1,2,1,1,1,1,3,1
KR_6749378313,420,1,27,-32,1,4,4,0,-5,2,7,2,3,1,-1,1,2,1,1,0,0,1,11,1,1,2,0,0,0,0,-1,-1,1,0,1
KR_6733749364,420,3,5,-5,9,1,1,0,-2,1,3,-2,1,3,11,12,1,1,1,0,1,8,3,2,0,2,2,0,1,1,1,1,1,1,1
KR_6754057354,420,-2,52,36,-4,-3,1,4,5,7,2,-6,2,8,0,2,2,0,1,1,1,-8,330,-1,6,5,-2,0,0,-1,1,0,1,4,1
KR_6759137628,420,3,47,-7,1,0,2,2,1,3,2,2,5,3,-3,1,4,1,3,2,-1,-6,-17,2,3,5,-5,0,0,0,0,1,1,0,1
KR_6653395421,420,2,99,12,-3,0,1,1,-1,5,6,-1,3,4,0,2,2,-1,1,2,0,-4,4,-4,5,1,2,0,0,1,-1,1,-1,2,1
KR_6711717452,440,2,84,20,2,0,2,2,0,0,0,-1,0,1,0,2,2,3,5,2,0,-2,-41,-1,2,1,12,0,0,0,1,0,1,0,1
KR_6638622148,420,5,71,22,10,2,3,1,8,9,1,4,6,2,-5,1,6,1,1,0,0,0,269,-1,2,1,-1,0,2,-1,1,1,1,6,1
KR_6762369039,420,1,25,-32,3,-2,1,3,1,5,4,1,3,2,8,10,2,-5,0,5,0,8,2,1,3,4,0,0,0,-1,0,0,-1,2,1
KR_6683964223,420,1,54,8,3,1,1,0,6,8,2,-1,2,3,0,2,2,-3,0,3,0,-3,0,-3,4,1,2,0,1,-1,1,1,1,1,1
KR_6760106642,420,3,35,39,2,4,4,0,4,6,2,-2,1,3,-3,2,5,-1,0,1,0,2,1,3,1,4,-4,0,0,0,1,1,1,0,1
KR_6649358510,420,-2,38,-16,1,-1,0,1,3,3,0,0,1,1,1,1,0,-2,0,2,0,5,-33,-2,4,2,22,0,0,1,-1,0,-1,1,1
KR_6756913537,420,-2,13,30,-2,0,0,0,2,3,1,-6,0,6,0,5,5,2,3,1,0,4,-120,2,1,3,1,0,-1,-1,-1,-1,-1,4,1
KR_6746692374,420,8,95,8,14,4,5,1,1,2,1,6,6,0,5,5,0,-2,0,2,-1,6,13,2,1,3,1,0,3,1,-1,1,-1,2,1
KR_6760792007,440,3,-22,-15,6,1,3,2,6,8,2,1,1,0,-1,0,1,-1,1,2,0,7,32,2,1,3,0,0,0,0,0,1,1,0,1
KR_6755071788,440,-2,-33,-12,-3,-1,1,2,-5,1,6,0,2,2,3,4,1,0,0,0,0,3,4,0,4,4,3,0,0,1,-1,0,-1,5,1
KR_6756214316,420,2,17,-16,2,3,4,1,-1,2,3,-3,1,4,1,1,0,2,4,2,0,-2,109,3,0,3,2,0,2,1,1,1,1,1,1
KR_6738784400,420,-1,5,20,-1,-3,2,5,1,2,1,4,5,1,-3,0,3,0,0,0,1,1,5,2,2,4,-3,0,1,-1,0,1,1,6,1
KR_6763782693,420,1,-33,-12,2,-1,1,2,3,4,1,0,0,0,-2,0,2,2,3,1,0,3,-24,-3,4,1,2,0,0,1,-1,0,-1,1,1
KR_6738041106,420,1,-16,-5,1,1,3,2,1,6,5,1,1,0,-1,1,2,-1,1,2,0,0,-20,1,2,3,1,0,2,-1,1,1,-1,3,1
KR_6650985055,420,0,-46,9,0,-4,0,4,4,4,0,0,2,2,1,1,0,-1,0,1,0,8,178,3,1,4,2,0,0,-1,1,1,-1,2,1
KR_6666785974,420,0,2,12,3,3,3,0,-4,0,4,4,5,1,1,2,1,-1,1,2,1,0,14,3,2,5,-6,0,0,1,1,0,1,2,1
KR_6727428100,420,3,35,16,3,1,1,0,-2,0,2,2,3,1,3,3,0,-1,1,2,0,3,-6,4,1,5,-1,0,1,1,1,1,-1,4,1
KR_6711408653,420,-2,-18,24,-3,0,3,3,2,3,1,-1,2,3,-5,1,6,1,3,2,0,-4,14,0,3,3,-9,0,-1,1,1,-1,-1,4,1
KR_6697480670,420,3,55,26,13,-1,1,2,-3,2,5,5,6,1,8,8,0,4,4,0,0,6,-6,0,3,3,1,0,1,1,1,1,1,1,1
KR_6685740357,420,0,-41,-22,-2,0,3,3,0,2,2,0,2,2,0,2,2,-2,0,2,0,4,-16,1,3,4,-1,0,-1,1,-1,-1,-1,5,1
KR_6762091529,420,3,31,-16,9,2,3,1,1,3,2,0,0,0,1,3,2,5,5,0,-1,7,265,-2,5,3,1,0,1,1,1,1,-1,3,1
KR_6676913500,420,2,91,8,10,-2,1,3,4,4,0,1,4,3,7,7,0,0,2,2,0,8,-232,-1,2,1,6,0,2,1,0,1,1,3,1
KR_6694414888,420,1,77,-2,4,3,5,2,0,2,2,2,5,3,-1,0,1,0,0,0,0,6,1,-3,4,1,6,0,4,1,1,1,-1,2,1
KR_6762165042,420,3,-26,46,-2,-3,0,3,2,4,2,0,2,2,-2,4,6,1,2,1,-1,-2,1,4,1,5,-1,0,-2,1,-1,-1,-1,6,1
KR_6693048110,420,2,-33,45,-3,-1,0,1,0,1,1,-1,1,2,1,2,1,-2,0,2,1,0,6,7,0,7,-6,0,0,-1,1,0,1,4,1
KR_6699961178,420,5,114,12,6,2,4,2,4,5,1,-3,2,5,2,2,0,1,2,1,-1,0,7,4,1,5,-1,0,1,1,-1,1,-1,2,1
KR_6733821116,420,4,40,31,3,4,4,0,1,3,2,1,4,3,-2,0,2,-1,0,1,0,-5,-6,-2,2,0,2,0,3,1,1,1,-1,4,1
KR_6720319737,420,5,51,2,8,4,7,3,4,7,3,0,1,1,1,4,3,-1,1,2,-2,4,4,1,2,3,-4,0,3,0,1,1,-1,0,1
KR_6761290617,420,1,76,8,6,5,10,5,-2,2,4,-6,1,7,5,6,1,4,5,1,2,10,-1,2,0,2,0,0,2,-1,1,1,1,3,1
KR_6715844584,420,3,64,4,3,6,7,1,-1,1,2,0,1,1,-2,0,2,0,0,0,0,-5,1,0,0,0,0,0,1,1,1,1,-1,5,1
KR_6727446507,420,-2,4,8,8,2,3,1,-3,0,3,4,6,2,3,5,2,2,2,0,0,8,3,1,1,2,1,0,0,-1,1,1,-1,6,1
KR_6744872948,420,2,103,-4,8,5,5,0,0,2,2,-3,0,3,4,4,0,2,3,1,0,8,-6,2,5,7,0,0,1,1,1,1,1,6,1
KR_6646840119,420,1,10,-16,3,-1,1,2,6,7,1,2,3,1,-1,4,5,-3,1,4,0,-1,-2,2,2,4,3,0,0,0,1,-1,1,0,1
KR_6718585775,440,0,-6,-17,3,4,5,1,0,1,1,1,5,4,-1,1,2,-1,1,2,-1,10,-18,6,5,11,-5,0,0,1,-1,-1,-1,3,1
KR_6700945642,420,1,73,-4,10,6,7,1,-1,1,2,2,3,1,4,6,2,-1,0,1,0,8,57,6,1,7,-18,0,1,1,1,1,-1,6,1
KR_6763976134,420,-2,-6,8,-2,5,6,1,-1,3,4,-2,1,3,-2,1,3,-2,0,2,0,-7,8,0,2,2,-3,0,-1,-1,-1,-1,-1,5,1
KR_6763253131,420,-1,-52,8,3,2,2,0,2,2,0,-2,1,3,1,1,0,0,0,0,0,4,278,2,1,3,-1,0,0,-1,1,0,1,3,1
KR_6729671468,420,2,-29,8,0,3,3,0,-1,0,1,-5,0,5,3,5,2,0,0,0,0,-4,-422,4,1,5,4,0,1,-1,1,1,1,4,1
KR_6742296633,420,-3,-39,-1,-2,1,3,2,-1,3,4,1,4,3,-2,0,2,-1,1,2,1,1,6,-5,7,2,1,0,0,-1,1,0,1,1,1
KR_6751144474,420,5,130,-23,14,4,4,0,2,4,2,6,6,0,2,3,1,0,2,2,0,16,10,-2,4,2,1,0,2,1,1,1,1,1,1
KR_6762722799,420,0,-5,-32,6,1,1,0,1,3,2,0,4,4,1,5,4,3,3,0,0,7,3,5,3,8,4,0,1,1,1,1,1,1,1
KR_6762880595,420,4,24,-8,7,1,1,0,3,4,1,2,7,5,1,3,2,0,2,2,-1,8,-1,-2,5,3,4,0,0,-1,0,0,-1,2,1
KR_6732676643,420,0,104,4,-3,-1,1,2,0,1,1,-1,2,3,-3,0,3,2,2,0,0,-7,3,-3,4,1,3,0,1,-1,-1,1,1,3,1
KR_6729837353,420,3,-30,-32,14,-1,1,2,4,5,1,4,4,0,6,6,0,1,1,0,0,12,14,4,1,5,-1,0,1,1,1,1,1,5,1
KR_6760132966,420,0,14,4,2,-2,1,3,1,4,3,3,5,2,1,3,2,-1,1,2,0,-3,7,-2,4,2,-5,0,0,-1,0,0,1,2,1
KR_6753944149,420,4,26,0,8,-1,0,1,1,2,1,5,6,1,-2,2,4,5,5,0,-1,8,-13,-2,5,3,6,0,0,1,-1,0,-1,2,1
KR_6751975849,420,5,125,16,10,3,5,2,3,3,0,-1,2,3,5,9,4,0,2,2,2,7,11,-5,5,0,2,0,2,0,1,1,-1,0,1
KR_6760911776,440,4,36,20,6,2,3,1,4,4,0,-1,0,1,0,2,2,1,1,0,0,4,10,4,1,5,-1,0,1,1,1,1,1,4,1
KR_6755479088,420,1,35,-8,7,1,1,0,3,4,1,0,1,1,4,4,0,-1,0,1,0,8,25,1,2,3,0,0,0,0,1,0,1,0,1
KR_6702846399,420,2,-17,22,3,-1,0,1,0,3,3,-1,4,5,6,6,0,-1,2,3,0,6,8,-1,5,4,-3,0,-1,1,-1,-1,1,3,1
KR_6715629232,420,7,62,30,11,6,6,0,2,3,1,1,2,1,-1,2,3,3,3,0,0,3,97,-1,2,1,1,0,2,1,1,1,1,4,1
KR_6619286624,420,8,84,84,-3,1,3,2,-3,2,5,5,5,0,-5,5,10,-1,1,2,-1,-5,-3,6,1,7,-2,0,4,1,1,1,-1,1,1
KR_6706394577,420,3,12,28,9,4,4,0,2,2,0,6,6,0,-4,2,6,1,1,0,-1,-2,9,5,0,5,-3,0,1,1,1,1,-1,2,1
KR_6738209611,420,6,122,-23,17,9,9,0,0,1,1,2,3,1,5,5,0,1,1,0,0,6,-7,0,3,3,4,0,2,-1,1,1,1,5,1
KR_6722045669,420,3,30,19,3,5,6,1,2,4,2,1,1,0,-3,0,3,-2,0,2,-1,-7,0,3,1,4,-2,0,1,1,1,1,-1,4,1
KR_6712391945,420,4,47,56,14,5,8,3,1,2,1,3,5,2,4,5,1,1,4,3,3,16,-15,0,1,1,0,0,2,1,1,1,1,5,1
KR_6753350980,420,1,44,4,3,4,4,0,-1,1,2,-3,0,3,0,1,1,3,4,1,0,4,9,-1,5,4,-2,0,0,1,-1,0,1,6,1
KR_6731925232,440,5,-5,35,14,-1,2,3,6,7,1,3,5,2,3,4,1,3,4,1,0,14,213,2,2,4,3,0,1,1,1,1,1,5,1
KR_6713316173,420,-1,7,25,-2,-2,0,2,-2,0,2,3,3,0,-2,0,2,1,1,0,0,-6,-44,-3,5,2,20,0,0,-1,1,-1,-1,5,1
KR_6744209264,420,2,69,28,2,2,3,1,-1,3,4,1,2,1,1,1,0,-1,1,2,0,2,0,-2,3,1,-2,0,2,1,1,1,-1,3,1
KR_6749011108,420,5,108,35,9,2,2,0,2,4,2,-1,0,1,-1,0,1,7,9,2,0,7,17,3,0,3,-3,0,2,1,1,1,-1,5,1
KR_6760863598,420,-1,-8,-20,0,6,6,0,0,3,3,-3,0,3,-4,2,6,1,3,2,0,1,-2,3,1,4,3,0,1,-1,-1,1,1,2,1
KR_6740507423,420,0,-2,-24,-1,1,2,1,-4,3,7,0,2,2,6,8,2,-4,0,4,1,-4,-14,-3,4,1,0,0,0,-1,1,1,1,5,1
KR_6727095293,420,7,37,7,6,3,4,1,4,4,0,2,2,0,-1,2,3,-2,0,2,0,3,-40,-1,3,2,15,0,2,1,0,1,1,2,1
KR_6760332434,420,2,-52,4,6,2,2,0,-2,5,7,2,2,0,4,4,0,0,3,3,0,3,-6,2,3,5,5,0,-1,1,-1,-1,1,2,1
KR_6644857481,420,4,25,-4,-1,3,4,1,-3,1,4,-2,0,2,0,0,0,1,4,3,0,-2,-46,2,2,4,14,0,1,1,-1,1,-1,4,1
KR_6747446091,420,-2,23,8,-1,0,0,0,0,6,6,-6,0,6,5,6,1,0,0,0,0,-5,-1,1,1,2,2,0,0,1,-1,1,1,1,1
KR_6714976034,420,0,-49,3,3,-2,1,3,2,2,0,-2,0,2,2,3,1,3,6,3,0,1,4,0,4,4,4,0,1,-1,-1,1,1,3,1
KR_6755732458,420,-1,1,4,-5,-5,0,5,-3,0,3,-1,0,1,2,2,0,2,3,1,0,-3,4,3,0,3,1,0,0,1,1,-1,-1,4,1
KR_6693910304,420,6,67,-12,18,0,1,1,4,4,0,5,5,0,5,6,1,4,5,1,0,14,0,3,2,5,1,0,1,1,1,1,1,4,1
KR_6629277205,420,2,-4,-14,7,1,2,1,-1,0,1,-1,3,4,7,9,2,1,2,1,1,6,-3,-1,3,2,0,0,1,1,-1,1,-1,3,1
KR_6747875589,440,-1,-43,-28,-4,0,1,1,0,1,1,0,3,3,2,6,4,-6,0,6,0,-7,7,-4,6,2,-6,0,0,-1,1,0,-1,3,1
KR_6744079976,420,-5,-31,-4,-2,0,2,2,-1,2,3,-1,1,2,1,6,5,-1,2,3,1,1,0,-1,3,2,-2,0,-1,0,-1,1,-1,0,1
KR_6652044776,420,1,19,-12,3,0,0,0,1,2,1,3,3,0,-1,0,1,0,1,1,0,0,-6,6,4,10,0,0,1,-1,1,1,-1,3,1
KR_6761287003,420,2,-21,2,5,4,5,1,1,6,5,1,4,3,-2,2,4,1,2,1,-1,1,2,5,0,5,-2,0,0,-1,1,-1,-1,5,1
KR_6651198179,420,0,23,9,-2,0,2,2,-2,3,5,2,3,1,1,3,2,-3,2,5,0,-10,6,1,1,2,-3,0,2,0,0,1,-1,0,1
KR_6755552597,420,2,34,0,3,2,4,2,-1,1,2,5,8,3,0,1,1,-3,0,3,-1,0,-25,-2,6,4,1,0,0,-1,-1,0,-1,3,1
KR_6763367179,420,1,2,1,-1,2,3,1,0,2,2,-2,1,3,-1,0,1,0,0,0,0,-6,-11,-1,3,2,-1,0,0,-1,-1,0,1,6,1
KR_6707617081,440,2,105,0,13,5,5,0,-2,0,2,2,4,2,7,8,1,1,3,2,0,9,-9,-4,4,0,0,0,3,-1,1,1,1,5,1
KR_6763034082,420,1,32,-13,0,-2,1,3,2,3,1,3,4,1,-2,1,3,-1,1,2,1,-4,-4,-1,2,1,-3,0,1,1,-1,1,1,4,1
KR_6667210593,420,4,94,-21,7,2,3,1,0,0,0,4,4,0,0,0,0,1,2,1,0,0,1,-2,5,3,0,0,0,-1,1,1,1,6,1
KR_6749240147,440,3,52,20,6,2,4,2,-1,2,3,6,6,0,0,4,4,-1,2,3,0,2,-25,0,3,3,0,0,1,1,-1,1,-1,6,1
KR_6744143266,420,0,-19,-9,3,1,2,1,2,4,2,0,2,2,-1,2,3,1,1,0,0,6,28,-3,5,2,2,0,-2,1,-1,-1,1,4,1
KR_6756355857,420,1,-60,-8,2,-1,2,3,3,5,2,-6,0,6,4,5,1,2,2,0,0,10,-362,-1,2,1,18,0,-1,0,-1,-1,-1,0,1
KR_6761120050,440,6,125,26,7,1,2,1,1,5,4,2,3,1,5,6,1,-2,1,3,0,-1,-20,-4,5,1,1,0,2,-1,1,1,-1,2,1
KR_6631747997,420,0,-61,12,3,-5,3,8,4,4,0,6,11,5,-3,0,3,1,3,2,0,8,-10,5,1,6,0,0,-1,-1,1,-1,-1,1,1
KR_6684938803,420,1,16,-4,0,-1,2,3,0,1,1,1,2,1,2,4,2,-2,0,2,0,3,7,4,1,5,-1,0,-1,1,-1,1,-1,1,1
KR_6685956564,440,4,18,12,6,1,4,3,-2,3,5,5,5,0,-2,1,3,4,5,1,0,14,16,-1,3,2,5,0,0,-1,1,0,1,3,1
KR_6738521809,420,6,124,-20,16,6,8,2,3,3,0,6,7,1,-1,2,3,2,3,1,0,13,-1,4,0,4,-2,0,1,1,-1,1,1,2,1
KR_6654454299,420,1,19,8,2,-5,0,5,0,4,4,3,4,1,4,7,3,0,1,1,0,4,219,4,0,4,0,0,0,1,-1,-1,-1,1,1
KR_6699000060,420,0,-45,17,-2,2,2,0,-1,0,1,2,4,2,-5,0,5,0,1,1,0,-2,4,-1,5,4,-4,0,1,-1,-1,1,-1,4,1
KR_6699918675,420,0,16,-16,4,-3,1,4,-3,0,3,3,7,4,6,7,1,1,2,1,0,12,3,1,3,4,1,0,0,1,-1,1,1,2,1
KR_6753974347,440,4,10,-4,1,0,1,1,-2,0,2,3,6,3,3,5,2,-3,2,5,0,-2,-1,1,1,2,1,0,1,-1,0,1,-1,1,1
KR_6757173983,420,2,34,9,3,-1,1,2,4,4,0,-3,1,4,3,4,1,0,2,2,1,2,14,4,3,7,-3,0,-1,-1,1,-1,1,5,1
KR_6748497017,420,1,63,-8,3,-2,3,5,4,6,2,-3,1,4,4,4,0,0,3,3,-1,7,2,4,2,6,-1,0,1,1,0,1,-1,4,1
KR_6655118145,420,1,77,24,-3,3,3,0,-5,6,11,-1,1,2,1,6,5,-1,0,1,-1,0,-7,-5,8,3,2,0,0,-1,-1,1,-1,4,1
KR_6759536123,420,5,8,-12,6,-3,0,3,-2,2,4,8,9,1,3,5,2,0,1,1,-3,-5,-5,5,2,7,4,0,2,-1,1,1,-1,3,1
KR_6759766985,420,1,97,32,12,1,2,1,3,3,0,3,3,0,3,3,0,2,3,1,0,7,207,6,1,7,-2,0,2,1,1,1,1,1,1
KR_6754778843,420,2,56,29,8,-3,0,3,3,5,2,3,6,3,5,6,1,0,0,0,0,1,0,-2,2,0,-3,0,2,1,1,1,1,5,1
KR_6731160243,420,2,5,-4,1,1,1,0,1,2,1,-1,1,2,-1,0,1,1,1,0,0,2,-3,0,2,2,-2,0,-1,-1,-1,-1,-1,3,1
KR_6754990550,420,4,-33,92,-9,-5,1,6,3,3,0,-10,0,10,2,2,0,1,1,0,0,6,22,2,0,2,-2,0,1,1,1,1,-1,6,1
KR_6755486529,420,2,-25,17,5,1,2,1,0,1,1,0,1,1,2,3,1,2,2,0,1,8,-44,3,3,6,31,0,0,1,0,-1,1,2,1
KR_6730384043,440,0,-29,20,1,0,1,1,1,1,0,-2,0,2,2,5,3,0,0,0,-1,2,9,4,0,4,-3,0,0,1,0,0,-1,4,1
KR_6747172628,420,1,18,18,7,6,7,1,-1,1,2,-3,3,6,3,4,1,2,3,1,0,-1,-11,1,3,4,1,0,0,-1,1,1,1,4,1
KR_6749741549,420,2,59,30,-2,4,6,2,1,2,1,2,3,1,-9,1,10,0,1,1,0,-8,-6,0,2,2,1,0,1,-1,1,1,-1,3,1
KR_6743840495,440,3,18,2,5,-1,1,2,4,5,1,1,3,2,0,3,3,1,2,1,0,3,-124,4,2,6,-1,0,0,1,1,0,1,4,1
KR_6762595962,420,6,102,-23,17,5,6,1,5,6,1,4,5,1,0,1,1,3,4,1,0,15,-2,1,0,1,1,0,4,1,1,1,1,5,1
KR_6730787054,440,4,108,16,3,6,7,1,-2,3,5,0,4,4,4,5,1,-5,0,5,1,0,-55,2,0,2,12,0,1,1,0,1,1,5,1
KR_6760451257,420,0,-25,-14,7,2,5,3,-4,0,4,2,5,3,6,9,3,1,2,1,0,18,1,1,2,3,3,0,-1,1,1,-1,1,4,1
KR_6695715057,420,-1,-48,-21,1,-1,4,5,4,4,0,1,2,1,-4,0,4,1,1,0,0,3,-9,-2,5,3,0,0,0,-1,1,1,1,1,1
KR_6749061341,420,6,40,52,12,7,8,1,1,3,2,-1,0,1,5,6,1,0,2,2,1,7,7,7,2,9,0,0,2,1,1,1,1,5,1
KR_6651049912,420,2,-3,4,3,-1,0,1,2,3,1,4,4,0,-3,2,5,1,2,1,0,0,-33,-4,6,2,3,0,0,-1,-1,-1,1,2,1
KR_6720706159,420,2,-10,20,12,2,2,0,2,2,0,3,6,3,3,5,2,2,4,2,0,11,-139,-1,1,0,0,0,0,1,0,1,1,6,1
KR_6724472949,440,4,26,5,4,0,0,0,1,1,0,0,0,0,1,1,0,2,2,0,0,6,-20,-1,6,5,3,0,1,1,-1,1,1,6,1
KR_6704934928,420,1,16,3,8,0,0,0,3,5,2,1,2,1,1,3,2,3,3,0,2,11,-37,0,4,4,33,0,-1,1,0,-1,1,4,1
KR_6629766042,420,1,8,16,1,-2,1,3,2,2,0,1,3,2,1,3,2,-1,2,3,0,3,-7,5,1,6,-4,0,1,1,1,1,1,2,1
KR_6736721001,420,4,41,40,5,1,3,2,-2,3,5,5,7,2,1,3,2,0,0,0,0,3,5,0,5,5,1,0,0,1,1,0,1,4,1
KR_6667410819,420,3,108,-24,3,6,6,0,-1,1,2,-7,1,8,4,8,4,1,1,0,0,3,-23,0,6,6,1,0,2,1,-1,1,1,3,1
KR_6755569594,420,0,-14,12,-1,0,0,0,1,4,3,2,3,1,-5,0,5,1,1,0,0,-5,5,-2,4,2,-4,0,-1,-1,1,-1,1,5,1
KR_6728589713,420,0,11,42,-2,-1,0,1,3,4,1,0,1,1,-2,1,3,-2,1,3,0,-5,-29,-1,5,4,27,0,1,1,0,1,1,3,1
KR_6761236495,420,-4,-11,-48,-1,-1,1,2,1,3,2,-5,2,7,4,5,1,0,0,0,0,5,-17,-4,7,3,-1,0,0,-1,-1,-1,-1,5,1
KR_6715378299,420,8,168,35,20,7,9,2,0,0,0,4,6,2,8,8,0,1,1,0,0,10,9,-1,4,3,2,0,6,1,0,1,1,3,1
KR_6752909609,420,-1,6,-28,1,-3,1,4,-5,2,7,2,3,1,4,5,1,3,6,3,3,2,-2,-6,8,2,-3,0,1,-1,1,1,1,2,1
KR_6756525680,420,-2,-87,-36,0,-3,2,5,0,2,2,-2,3,5,4,6,2,1,3,2,0,3,5,2,1,3,2,0,-1,1,-1,-1,1,1,1
KR_6671130968,420,-1,26,-28,2,-2,2,4,3,5,2,-5,2,7,8,10,2,-2,0,2,0,-2,-190,5,3,8,-4,0,0,-1,-1,1,-1,5,1
KR_6670111376,420,0,-30,30,4,-2,1,3,0,1,1,9,11,2,-2,0,2,-1,0,1,-2,-2,-35,-7,9,2,3,0,1,0,1,1,1,0,1
KR_6731717667,420,0,-37,0,2,-3,0,3,0,1,1,4,6,2,1,4,3,0,0,0,0,-3,-418,-2,2,0,-2,0,1,-1,1,1,-1,4,1
KR_6759708844,440,2,-46,-4,-1,-2,1,3,3,5,2,1,3,2,-2,0,2,-1,3,4,0,6,6,3,0,3,1,0,0,1,1,0,-1,1,1
KR_6749895418,420,2,52,-20,8,-1,1,2,3,3,0,4,4,0,-1,0,1,3,3,0,0,12,153,-1,3,2,-3,0,1,-1,1,-1,1,5,1
KR_6762954478,420,3,95,36,5,3,4,1,2,3,1,-1,2,3,-2,3,5,3,4,1,0,6,0,5,3,8,3,0,2,0,1,1,1,0,1
KR_6753784615,420,1,-87,28,-3,-2,0,2,6,7,1,2,2,0,-8,0,8,-1,0,1,0,-8,-36,-2,5,3,29,0,-1,-1,1,-1,-1,3,1
KR_6762673186,420,7,65,0,8,-1,1,2,2,3,1,1,2,1,5,5,0,1,1,0,0,6,14,3,0,3,0,0,2,-1,-1,1,1,2,1
KR_6736631703,420,-1,-69,-15,-4,-4,1,5,-1,0,1,1,3,2,-2,0,2,2,2,0,0,-2,21,0,5,5,2,0,0,1,1,-1,-1,1,1
KR_6697063146,420,2,39,32,5,2,2,0,-1,2,3,4,4,0,2,3,1,-2,0,2,0,2,-399,-1,4,3,-2,0,0,-1,1,0,1,3,1
KR_6719039234,420,-2,-12,-28,-7,-4,1,5,4,4,0,-4,1,5,-5,0,5,2,2,0,0,-9,156,2,1,3,2,0,-1,1,-1,-1,-1,1,1
KR_6762855976,420,0,-8,-8,2,-1,1,2,-1,2,3,7,9,2,-1,1,2,-2,0,2,0,-4,-9,2,0,2,-1,0,0,-1,1,-1,1,3,1
KR_6751381581,440,3,3,28,4,-2,3,5,5,5,0,-1,1,2,0,3,3,2,3,1,0,5,-4,-2,2,0,1,0,1,1,1,1,-1,5,1
KR_6673237230,420,4,40,16,8,1,4,3,1,3,2,1,2,1,2,3,1,3,4,1,0,8,6,0,5,5,6,0,2,1,1,1,1,4,1
KR_6746574502,420,7,53,-3,14,5,5,0,2,3,1,7,10,3,0,1,1,0,1,1,0,9,16,0,4,4,-1,0,1,-1,1,1,1,2,1
KR_6752711266,420,4,71,-16,6,4,4,0,3,4,1,3,4,1,-5,2,7,1,2,1,0,1,-14,-6,6,0,2,0,2,-1,1,1,1,2,1
KR_6694808988,420,1,32,2,2,-2,3,5,0,3,3,1,2,1,1,3,2,2,2,0,0,7,2,3,1,4,-2,0,0,1,0,0,-1,6,1
KR_6734208380,420,2,15,8,1,-1,3,4,2,5,3,2,4,2,-2,1,3,0,2,2,-1,-3,-255,-1,2,1,-23,0,0,0,0,0,-1,0,1
KR_6762452053,420,1,50,13,6,2,4,2,3,4,1,1,1,0,2,3,1,-2,1,3,0,4,-4,2,1,3,1,0,0,1,-1,0,1,3,1
KR_6761313490,440,0,13,12,2,3,4,1,-2,2,4,-1,3,4,1,1,0,1,1,0,0,1,-5,-1,4,3,2,0,0,1,1,1,1,4,1
KR_6656987363,420,2,107,-44,7,2,2,0,-1,0,1,1,4,3,3,4,1,2,2,0,1,7,201,3,1,4,3,0,3,1,1,1,1,4,1
KR_6732789802,420,6,67,30,15,5,5,0,6,7,1,1,1,0,4,5,1,-1,1,2,0,4,76,0,1,1,4,0,3,1,1,1,1,6,1
KR_6757354153,420,0,61,-16,-3,1,5,4,-7,1,8,-3,0,3,4,6,2,2,3,1,0,-2,4,-1,2,1,1,0,1,1,-1,1,1,2,1
KR_6750988011,440,2,7,36,7,0,3,3,3,8,5,0,4,4,5,7,2,-1,1,2,1,5,16,1,3,4,-4,0,1,1,0,1,1,3,1
KR_6696531339,420,0,39,-28,-1,0,2,2,-2,1,3,4,4,0,-3,2,5,0,2,2,0,-2,6,2,3,5,3,0,2,1,1,1,-1,2,1
KR_6697279517,420,-4,17,-8,-15,-1,0,1,-4,2,6,-1,1,2,-8,4,12,-1,0,1,0,-18,-3,0,3,3,-3,0,-2,-1,-1,-1,-1,2,1
KR_6749132829,420,1,-10,-7,-1,-1,1,2,4,4,0,1,3,2,-3,1,4,-2,1,3,0,-1,-8,0,2,2,-1,0,0,1,1,0,-1,2,1
KR_6759402296,440,4,60,-12,2,1,4,3,2,4,2,-1,4,5,1,3,2,-1,0,1,0,3,3,0,2,2,3,0,1,-1,1,1,-1,1,1
KR_6750672631,420,4,24,28,23,2,3,1,4,5,1,0,3,3,12,14,2,5,5,0,0,11,-2,1,1,2,2,0,1,1,-1,1,-1,2,1
KR_6647157582,420,-2,-36,-5,-12,-6,0,6,-6,1,7,-1,5,6,0,6,6,1,4,3,0,-6,210,-3,3,0,2,0,0,-1,-1,0,-1,6,1
KR_6700005074,420,3,55,-29,0,-2,0,2,0,2,2,2,4,2,0,1,1,0,0,0,-2,0,-208,-1,2,1,1,0,-1,-1,-1,-1,-1,2,1
KR_6744735686,420,0,-105,13,2,0,1,1,5,6,1,1,6,5,0,1,1,-4,0,4,0,0,30,1,3,4,2,0,0,1,-1,-1,-1,6,1
KR_6687165312,420,2,38,-2,9,6,6,0,1,5,4,-1,2,3,0,3,3,3,4,1,0,10,5,-2,2,0,2,0,-1,1,-1,1,1,2,1
KR_6763019871,420,2,27,16,4,1,1,0,2,4,2,-3,0,3,5,6,1,-1,2,3,0,6,-26,0,3,3,0,0,0,0,0,0,1,0,1
KR_6758298666,420,0,41,-16,2,0,0,0,7,8,1,0,2,2,-3,0,3,-2,0,2,0,3,-48,3,3,6,-2,0,-2,1,1,-1,-1,3,1
KR_6732472543,420,1,-58,19,0,2,7,5,-1,1,2,0,2,2,-1,3,4,0,1,1,0,-3,4,3,2,5,0,0,-1,-1,0,-1,1,5,1
KR_6744955466,440,0,-7,36,1,4,4,0,0,2,2,-6,1,7,6,8,2,-3,0,3,1,8,1,1,3,4,-2,0,-1,1,-1,-1,1,6,1
KR_6757613873,420,0,-20,-56,11,2,4,2,6,6,0,-5,1,6,5,6,1,3,3,0,0,11,140,4,1,5,0,0,0,1,1,0,1,1,1
KR_6740986477,420,2,28,-8,4,-1,3,4,-2,0,2,3,3,0,1,2,1,3,4,1,0,2,401,1,1,2,1,0,1,1,1,1,1,5,1
KR_6763484690,420,-1,-36,-21,-6,1,1,0,-9,1,10,2,2,0,1,3,2,-1,1,2,0,-9,14,2,3,5,-4,0,0,-1,0,0,1,2,1
KR_6692991005,420,2,61,17,-2,0,1,1,2,4,2,4,5,1,-6,2,8,-2,2,4,0,-8,25,1,3,4,-8,0,2,1,1,1,-1,1,1
KR_6740922226,420,-2,-18,4,-7,1,4,3,0,4,4,-4,0,4,-5,1,6,1,2,1,-1,-8,274,0,1,1,1,0,0,-1,-1,-1,-1,3,1
KR_6748519832,420,8,97,4,8,0,2,2,-3,1,4,5,5,0,4,4,0,2,4,2,0,13,12,0,2,2,-1,0,1,1,-1,1,1,6,1
KR_6655057725,420,2,-19,-35,8,0,1,1,1,3,2,6,9,3,1,1,0,0,1,1,0,8,-3,-5,6,1,2,0,0,1,-1,0,1,4,1
KR_6735482101,420,3,8,26,6,-5,0,5,-1,2,3,6,6,0,4,4,0,2,2,0,0,7,2,-3,6,3,2,0,1,1,1,1,-1,2,1
KR_6749136344,440,2,51,-15,6,2,4,2,1,11,10,1,2,1,2,2,0,0,0,0,0,5,5,-1,5,4,-5,0,1,-1,1,1,-1,5,1
KR_6653706524,420,4,-99,95,3,-3,2,5,0,1,1,1,1,0,5,7,2,0,2,2,0,8,-1,-1,3,2,2,0,1,0,1,1,1,0,1
KR_6761348038,420,-2,-46,18,-2,-2,0,2,2,3,1,-4,1,5,2,3,1,0,3,3,2,7,11,-7,7,0,1,0,0,1,-1,0,1,1,1
KR_6737029724,440,-5,-41,16,-16,-6,1,7,-3,1,4,-4,1,5,-3,2,5,0,0,0,-1,-15,-38,-4,4,0,1,0,0,1,1,0,-1,1,1
KR_6740729626,420,6,-22,9,21,2,2,0,7,8,1,5,5,0,5,7,2,2,5,3,3,13,24,5,1,6,-2,0,1,1,1,1,1,6,1
KR_6746729731,420,2,30,-4,8,3,3,0,1,4,3,3,3,0,-3,1,4,4,5,1,-1,-1,19,-2,3,1,-2,0,2,1,1,1,-1,6,1
KR_6730867652,420,4,121,4,-1,-3,1,4,-4,1,5,2,3,1,3,5,2,1,1,0,0,4,6,-5,5,0,-1,0,1,1,-1,1,-1,3,1
KR_6647891609,420,2,-5,30,4,-4,0,4,4,5,1,0,0,0,0,1,1,4,4,0,0,7,-44,-5,8,3,39,0,0,-1,-1,0,1,4,1
KR_6757204666,420,4,123,26,5,0,1,1,1,2,1,1,3,2,2,4,2,1,2,1,0,4,-6,-5,9,4,2,0,2,-1,0,1,1,2,1
KR_6753556640,420,-1,-15,-4,-1,-1,2,3,4,5,1,-1,0,1,-3,1,4,0,0,0,0,-3,13,-2,4,2,-1,0,1,1,1,1,-1,2,1
KR_6743356757,440,7,155,12,22,6,9,3,3,4,1,4,6,2,6,8,2,3,3,0,0,8,-21,2,2,4,5,1,3,1,-1,1,1,5,1
KR_6654059637,420,4,25,22,8,5,5,0,1,4,3,-3,1,4,3,3,0,2,3,1,0,10,357,-1,2,1,2,0,0,-1,0,1,-1,2,1
KR_6752303202,420,2,44,28,2,3,5,2,1,1,0,-8,1,9,7,7,0,-1,0,1,2,6,-4,0,4,4,2,0,2,1,-1,1,1,5,1
KR_6703980405,420,4,82,8,8,-3,3,6,4,4,0,3,4,1,1,2,1,3,3,0,0,13,7,5,0,5,2,0,1,0,0,1,-1,0,1
KR_6635786828,420,3,49,28,1,0,1,1,-5,0,5,12,12,0,-2,1,3,-4,2,6,0,-7,703,3,2,5,0,0,1,-1,1,1,1,6,1
KR_6732292946,420,9,113,16,18,9,9,0,2,3,1,7,7,0,2,4,2,-2,0,2,0,11,286,4,0,4,1,0,3,-1,1,1,1,5,1
KR_6761648958,420,4,85,44,7,3,5,2,7,8,1,5,5,0,-7,1,8,-1,2,3,2,6,-195,3,4,7,1,0,2,-1,1,1,1,6,1
KR_6762847052,420,5,23,4,14,3,5,2,7,8,1,2,4,2,3,3,0,-1,1,2,0,10,248,3,1,4,0,0,1,1,1,1,1,1,1
KR_6764181263,420,3,86,24,7,3,3,0,2,4,2,1,4,3,1,4,3,0,2,2,1,3,36,2,1,3,-17,0,2,-1,1,1,1,3,1
KR_6740183440,420,-2,31,24,2,-1,1,2,5,10,5,-2,1,3,-2,1,3,2,2,0,0,10,-306,2,2,4,1,0,0,-1,0,0,-1,3,1
KR_6714288073,420,1,12,2,9,2,4,2,1,5,4,4,6,2,2,4,2,0,0,0,0,12,-284,-4,4,0,2,0,0,1,0,1,1,2,1
KR_6755227566,420,0,20,-7,-7,-9,0,9,1,1,0,3,7,4,-1,1,2,-1,1,2,0,0,0,0,2,2,0,0,0,0,0,0,-1,0,1
KR_6756523193,420,1,31,24,5,3,3,0,2,3,1,-2,0,2,2,5,3,0,1,1,0,8,3,-1,2,1,-3,0,1,1,1,1,1,4,1
KR_6642865097,420,4,46,-13,14,3,6,3,1,2,1,4,5,1,4,5,1,2,2,0,1,7,-7,-4,4,0,2,0,2,0,0,1,1,0,1
KR_6636241501,420,6,129,53,11,-1,3,4,6,6,0,4,8,4,2,3,1,0,0,0,3,13,8,-4,6,2,2,0,0,1,-1,1,1,1,1
KR_6743628727,420,0,11,-8,1,-2,1,3,1,2,1,7,9,2,-5,1,6,0,2,2,0,0,-9,3,1,4,-2,0,0,0,0,-1,-1,0,1
KR_6705264106,420,-3,58,-24,1,1,1,0,-1,3,4,-1,1,2,1,2,1,1,1,0,1,0,-5,-4,4,0,0,0,-1,-1,-1,-1,1,2,1
KR_6646156644,420,4,47,26,7,3,3,0,1,3,2,5,5,0,-2,1,3,0,2,2,0,3,-10,3,2,5,-1,0,1,-1,1,1,-1,6,1
KR_6726321216,420,3,82,32,8,1,2,1,0,3,3,2,5,3,4,5,1,1,2,1,0,3,7,0,2,2,1,0,0,1,0,1,1,3,1
KR_6649969488,420,3,44,13,11,2,2,0,3,5,2,5,5,0,1,3,2,0,3,3,2,5,-3,-2,3,1,-1,0,0,1,-1,1,1,3,1
KR_6760665573,440,3,-31,-8,4,4,4,0,0,3,3,1,2,1,0,1,1,-1,0,1,0,-4,-8,2,4,6,-1,0,-1,-1,1,1,1,3,1
KR_6763245181,420,-2,-41,-30,-9,-2,3,5,0,1,1,-2,2,4,-1,1,2,-4,1,5,-1,-5,7,0,3,3,1,0,-2,1,0,-1,-1,3,1
KR_6640926847,420,1,78,-4,8,4,5,1,-1,2,3,8,12,4,0,1,1,-3,1,4,1,-1,109,1,3,4,1,0,1,1,1,1,1,6,1
KR_6753353344,420,0,0,19,-1,1,3,2,-1,4,5,3,4,1,-2,0,2,-2,0,2,0,-6,-16,1,3,4,8,0,-1,-1,1,-1,1,6,1
KR_6675195035,420,6,64,28,13,4,4,0,-1,1,2,4,6,2,3,4,1,3,4,1,0,16,-10,3,1,4,1,0,3,1,1,1,1,6,1
KR_6737904192,420,4,49,9,13,-3,1,4,2,2,0,1,3,2,10,10,0,3,3,0,2,14,-8,-1,1,0,-1,0,1,1,1,1,1,4,1
KR_6739488998,440,1,20,13,1,-8,1,9,0,0,0,7,7,0,2,3,1,0,2,2,0,4,0,0,3,3,1,0,-2,1,-1,-1,1,5,1
KR_6740946789,420,-1,-78,-16,-4,4,5,1,-2,1,3,-1,0,1,-3,1,4,-2,1,3,0,-8,55,3,0,3,-2,0,0,-1,1,1,1,5,1
KR_6762013294,420,2,-7,16,6,2,2,0,2,3,1,0,2,2,2,5,3,0,0,0,0,10,-1,0,2,2,1,0,1,0,1,1,1,0,1
KR_6762659544,440,0,-3,-8,3,1,1,0,0,1,1,6,7,1,-4,0,4,0,0,0,1,-2,-206,2,3,5,2,0,0,-1,1,0,1,1,1
KR_6663260169,420,1,43,9,2,1,4,3,-1,3,4,1,3,2,2,4,2,-1,0,1,0,-1,4,2,2,4,0,0,2,1,1,1,1,4,1
KR_6752065168,420,1,31,6,4,0,0,0,1,2,1,13,14,1,-7,1,8,-3,0,3,0,0,7,3,3,6,3,0,1,1,1,1,-1,1,1
KR_6743865547,420,-1,30,-74,-2,-4,0,4,0,0,0,0,3,3,-1,1,2,3,3,0,-1,4,8,-3,3,0,1,0,-1,0,0,-1,-1,0,1
KR_6661677110,420,1,-2,20,3,1,3,2,-3,3,6,1,3,2,1,2,1,3,5,2,0,3,4,5,0,5,-7,0,0,1,1,0,-1,5,1
KR_6764005207,420,3,10,24,4,-1,1,2,-2,2,4,6,7,1,0,4,4,1,1,0,0,0,26,0,4,4,-1,0,0,1,-1,1,1,2,1
KR_6697735027,420,3,32,22,12,2,3,1,1,2,1,1,3,2,7,7,0,1,1,0,0,12,4,1,2,3,0,0,2,-1,1,1,1,3,1
KR_6736957000,420,1,90,-20,12,-2,6,8,8,8,0,3,3,0,5,6,1,-2,2,4,1,11,11,1,0,1,1,0,2,-1,-1,1,1,5,1
KR_6710811539,420,2,-44,19,2,-1,2,3,0,1,1,1,2,1,2,3,1,0,1,1,0,2,9,-1,2,1,1,0,0,-1,0,-1,1,3,1
KR_6737855398,420,1,54,1,2,1,5,4,2,6,4,0,2,2,0,2,2,-1,2,3,0,2,-2,-1,1,0,1,0,1,-1,-1,1,1,6,1
KR_6762068972,420,2,-11,17,6,-2,1,3,3,3,0,2,6,4,0,1,1,3,3,0,0,3,-5,-1,4,3,-3,0,0,1,-1,0,1,2,1
KR_6730066658,420,2,58,-20,9,4,4,0,-1,1,2,2,5,3,5,5,0,-1,0,1,0,10,115,-1,2,1,-1,0,2,1,1,1,-1,1,1
KR_6691381107,420,8,81,44,13,3,5,2,1,2,1,0,3,3,3,3,0,6,7,1,1,14,27,0,3,3,1,0,3,-1,1,1,1,4,1
KR_6693574574,420,-5,-49,-39,-7,-5,0,5,-4,1,5,-3,1,4,6,7,1,-1,2,3,-1,0,35,2,2,4,-20,0,-1,0,0,-1,-1,0,1
KR_6645322301,420,0,0,-3,0,-1,1,2,-5,2,7,-2,1,3,9,10,1,-1,1,2,0,-1,-9,2,1,3,-2,0,-2,1,-1,-1,1,4,1
KR_6728300633,420,3,88,3,1,-2,1,3,3,6,3,-4,0,4,1,2,1,3,3,0,-1,-1,0,1,0,1,0,0,1,1,1,1,-1,6,1
KR_6752536053,420,3,27,-7,3,-4,0,4,1,3,2,-2,1,3,8,9,1,0,1,1,-1,10,186,3,0,3,2,0,2,1,1,1,-1,2,1
KR_6740786532,420,2,32,35,-1,-3,1,4,2,2,0,-2,2,4,1,1,0,1,1,0,-1,2,11,-1,3,2,2,0,1,0,1,1,-1,0,1
KR_6717263961,420,3,-31,6,9,2,3,1,5,5,0,0,1,1,4,6,2,-2,0,2,0,7,2,-1,2,1,2,0,0,-1,1,0,-1,3,1
KR_6750624592,420,5,42,8,21,-1,1,2,5,5,0,2,4,2,13,14,1,2,3,1,2,25,0,-1,2,1,2,0,1,1,0,1,1,5,1
KR_6752011938,420,2,33,12,11,1,2,1,0,2,2,3,5,2,4,5,1,3,6,3,0,8,-14,-1,3,2,5,0,2,1,1,1,1,2,1
KR_6717047250,420,-2,-5,-8,-6,-1,2,3,0,3,3,-2,1,3,-2,1,3,-1,0,1,1,-5,-3,-2,2,0,-4,0,-1,-1,1,-1,1,2,1
KR_6675988168,420,2,21,-14,5,3,3,0,0,1,1,2,4,2,0,2,2,0,0,0,0,-1,134,2,2,4,-3,0,0,1,1,1,-1,5,1
KR_6749250475,420,1,76,19,0,0,0,0,-3,1,4,1,4,3,2,5,3,0,0,0,0,-4,-2,-2,3,1,3,0,0,1,1,0,1,2,1
KR_6697964542,420,2,10,-36,1,0,2,2,2,2,0,4,5,1,-4,2,6,-1,1,2,0,0,20,0,1,1,-2,0,0,0,-1,-1,1,0,1
KR_6663683085,420,4,-16,-2,9,1,2,1,5,9,4,3,3,0,0,3,3,0,0,0,0,15,225,2,2,4,-1,0,0,1,0,0,-1,1,1
KR_6762599439,420,4,1,40,2,5,6,1,-1,3,4,0,1,1,-2,3,5,0,0,0,0,-4,77,0,2,2,24,0,0,-1,1,1,1,1,1
KR_6724213309,420,-1,6,0,-4,0,1,1,3,3,0,1,1,0,-9,1,10,1,2,1,0,-10,-17,3,1,4,-4,0,0,-1,1,0,-1,5,1
KR_6756011942,420,4,63,26,8,0,1,1,0,4,4,7,7,0,2,4,2,-1,2,3,0,6,-70,-2,3,1,-2,0,1,1,0,1,1,2,1
KR_6723810923,440,-1,10,19,-1,2,3,1,2,3,1,0,1,1,-3,1,4,-2,0,2,-1,-3,11,0,0,0,-4,0,-1,1,1,1,-1,1,1
KR_6763088427,420,3,48,12,6,5,5,0,3,3,0,0,2,2,-2,1,3,0,0,0,0,3,108,-1,2,1,1,0,3,-1,-1,1,1,4,1
KR_6684670611,420,6,147,0,18,4,4,0,3,3,0,3,5,2,8,9,1,0,0,0,1,13,5,4,1,5,-2,0,4,1,1,1,1,6,1
KR_6627689578,420,0,51,17,-10,2,2,0,-4,1,5,1,5,4,-4,0,4,-5,0,5,-2,-22,-13,3,3,6,-4,0,0,-1,-1,1,-1,5,1
KR_6737307581,420,2,16,0,-3,4,4,0,-6,0,6,-1,0,1,0,3,3,0,0,0,0,-5,-67,2,1,3,-19,0,1,1,1,1,1,3,1
KR_6760678676,420,0,-49,0,-1,1,2,1,0,1,1,2,3,1,-2,0,2,-2,0,2,0,2,-3,-2,5,3,-6,0,0,1,-1,0,-1,3,1
KR_6695959789,420,-3,-25,-13,-12,-3,2,5,-4,1,5,-3,2,5,-2,1,3,0,1,1,0,-15,-187,2,2,4,-1,0,-1,-1,-1,-1,-1,2,1
KR_6624401575,420,5,41,22,11,2,2,0,0,5,5,3,4,1,5,5,0,1,2,1,0,14,10,-1,3,2,-1,0,0,-1,-1,1,-1,2,1
KR_6752233239,420,4,101,-3,1,4,5,1,-1,0,1,0,2,2,-2,1,3,0,1,1,0,-1,-29,-2,2,0,10,0,1,0,0,1,-1,0,1
KR_6752523874,420,9,114,56,8,3,4,1,1,1,0,2,3,1,0,2,2,2,2,0,0,7,-4,-2,3,1,2,1,4,1,1,1,1,3,1
KR_6733918713,420,-2,2,-2,2,-5,0,5,-1,0,1,2,2,0,1,3,2,5,5,0,0,8,-28,0,1,1,-2,0,0,0,-1,0,-1,0,1
KR_6702535951,420,0,-14,33,-5,1,2,1,-5,0,5,-6,2,8,4,4,0,1,1,0,-1,-6,0,-4,5,1,-2,0,-1,1,-1,-1,-1,2,1
KR_6703517061,420,5,74,13,13,2,4,2,6,9,3,4,4,0,1,6,5,0,0,0,0,1,-3,3,2,5,3,0,1,1,1,1,1,1,1
KR_6686006856,440,-1,-12,-8,3,-4,1,5,5,7,2,-3,1,4,3,4,1,2,3,1,-1,5,3,-4,6,2,2,0,0,1,1,-1,-1,5,1
KR_6717407964,420,3,12,-4,13,1,4,3,3,3,0,5,7,2,5,7,2,-1,1,2,0,11,486,1,1,2,0,0,2,1,1,1,-1,3,1
KR_6665548827,420,5,26,28,11,7,9,2,-1,2,3,2,4,2,5,6,1,-2,0,2,0,-1,13,5,0,5,-3,0,1,-1,0,1,-1,6,1
KR_6732380571,420,-1,-47,-5,-2,-3,1,4,1,3,2,0,4,4,-1,1,2,1,1,0,0,3,15,1,3,4,5,0,0,1,1,1,-1,2,1
KR_6723755363,420,-1,-12,-52,13,4,4,0,2,4,2,7,8,1,0,1,1,0,0,0,1,10,37,4,3,7,0,0,-1,-1,1,-1,1,1,1
KR_6752609751,420,1,41,-13,-1,-1,0,1,-3,0,3,1,2,1,2,4,2,0,2,2,0,4,2,1,3,4,1,0,0,-1,-1,0,-1,6,1
KR_6691295705,420,1,38,12,-1,-4,2,6,1,4,3,2,3,1,-3,0,3,3,5,2,0,-3,-3,3,3,6,2,0,2,1,1,1,1,1,1
KR_6763941507,420,0,69,-23,-5,3,4,1,-8,2,10,2,5,3,0,2,2,-2,0,2,-1,0,4,-4,6,2,2,0,1,-1,1,1,-1,3,1
KR_6749772350,420,0,98,-6,5,1,2,1,2,3,1,0,1,1,3,3,0,-1,0,1,0,4,9,-1,2,1,-1,0,0,-1,-1,1,1,3,1
KR_6743791146,440,0,-35,-20,1,-1,2,3,-2,5,7,4,5,1,2,6,4,-2,1,3,0,-5,116,1,2,3,-1,0,-1,1,-1,-1,1,6,1
KR_6635171481,420,-3,49,-5,2,-4,0,4,0,1,1,4,4,0,5,5,0,-3,0,3,1,3,2,-2,4,2,0,0,0,-1,-1,0,1,1,1
KR_6647410430,420,0,20,27,-1,-3,2,5,1,1,0,2,2,0,-1,1,2,0,0,0,0,0,28,-2,3,1,-8,0,0,1,-1,0,-1,5,1
KR_6645278198,420,0,41,-12,4,2,4,2,2,3,1,1,4,3,0,0,0,-1,0,1,0,6,4,3,0,3,-1,0,1,0,1,1,-1,0,1
KR_6710260351,420,4,43,36,13,8,10,2,3,5,2,2,3,1,1,1,0,-1,0,1,1,13,2,3,0,3,-2,0,2,1,1,1,1,4,1
KR_6726326387,420,5,52,-4,7,3,3,0,2,5,3,-1,1,2,2,2,0,1,1,0,1,4,8,2,1,3,1,0,1,-1,1,1,1,3,1
KR_6743239269,420,5,70,-15,12,-2,2,4,4,4,0,4,5,1,6,7,1,0,0,0,1,14,7,2,2,4,1,0,2,1,1,1,1,2,1
KR_6762340650,420,1,83,17,1,0,1,1,-3,2,5,5,6,1,0,2,2,-1,0,1,0,0,38,1,8,9,-5,0,0,0,1,-1,1,0,1
KR_6706406468,420,-2,-66,0,-8,-1,2,3,0,3,3,-1,0,1,-5,0,5,-1,1,2,0,-7,-6,0,4,4,-5,0,-2,1,1,-1,-1,3,1
KR_6640709019,440,6,94,-44,21,4,4,0,5,5,0,6,6,0,9,9,0,-3,0,3,1,23,-70,3,0,3,2,0,3,1,1,1,1,5,1
KR_6751462166,420,0,2,0,1,-1,2,3,-1,1,2,5,6,1,-2,1,3,0,0,0,0,3,-4,0,4,4,1,0,-1,1,-1,-1,1,5,1
KR_6763544910,420,5,61,8,21,6,7,1,-3,1,4,4,4,0,9,10,1,5,6,1,0,13,-267,1,2,3,0,0,3,-1,1,1,1,3,1
KR_6760510865,420,4,61,16,11,-3,1,4,3,3,0,2,3,1,8,9,1,1,2,1,0,8,3,2,2,4,-1,0,1,-1,1,1,1,3,1
KR_6759419971,420,4,29,6,12,1,2,1,2,2,0,-1,2,3,8,9,1,2,2,0,0,11,3,-2,4,2,-1,0,1,1,1,1,-1,6,1
KR_6645422004,420,-3,-144,-27,-5,-1,2,3,-2,2,4,-2,0,2,0,0,0,0,1,1,0,-1,-6,-3,5,2,-3,0,-1,-1,-1,-1,1,6,1
KR_6748506855,420,1,-14,-32,11,3,3,0,2,2,0,2,2,0,3,4,1,1,1,0,2,11,1,3,2,5,-3,0,1,1,1,1,1,3,1
KR_6752058581,420,2,149,-4,8,5,8,3,2,3,1,-1,0,1,1,1,0,1,1,0,0,8,7,1,0,1,4,0,1,-1,-1,1,1,6,1
KR_6757142955,420,6,113,44,13,-2,0,2,0,2,2,15,15,0,-3,1,4,3,3,0,0,8,5,1,3,4,1,0,1,1,0,1,1,4,1
KR_6728352774,420,5,59,-6,8,2,4,2,5,6,1,-4,1,5,2,4,2,3,3,0,1,10,-1,1,1,2,3,0,2,1,1,1,1,4,1
KR_6739390160,440,2,84,19,3,2,3,1,1,3,2,5,5,0,1,4,3,-6,1,7,0,-5,-1,1,4,5,1,0,0,1,1,0,1,6,1
KR_6712669607,440,2,34,9,4,2,2,0,-1,4,5,2,2,0,-2,3,5,3,4,1,0,0,47,1,3,4,-16,0,1,1,-1,1,-1,5,1
KR_6760204646,420,0,25,16,-5,-1,1,2,0,2,2,-1,2,3,-1,3,4,-2,0,2,1,-2,1,0,2,2,1,0,-1,-1,1,-1,1,5,1
KR_6722216204,420,-2,13,0,-5,2,2,0,-5,0,5,0,2,2,-1,3,4,-1,0,1,0,-9,4,1,1,2,-2,0,0,1,-1,-1,-1,6,1
KR_6706908553,440,1,-26,25,1,-5,2,7,3,6,3,3,4,1,0,6,6,0,1,1,0,-1,5,0,2,2,1,0,2,1,0,1,1,5,1
KR_6682595420,420,1,25,-17,-4,-2,0,2,0,0,0,2,5,3,-2,0,2,-2,0,2,0,-3,43,4,3,7,-31,0,0,-1,-1,1,-1,3,1
KR_6718066611,440,-2,-26,4,1,0,1,1,0,1,1,4,4,0,-1,0,1,-2,0,2,0,-1,-1,1,3,4,-1,0,0,1,1,0,1,3,1
KR_6713655618,420,-1,58,-22,-6,-3,2,5,-4,1,5,1,3,2,0,0,0,0,0,0,0,0,3,1,0,1,0,0,0,1,-1,0,-1,1,1
KR_6667279957,420,0,4,-8,1,1,1,0,1,4,3,2,4,2,-2,1,3,-1,1,2,0,1,0,-1,3,2,-1,0,0,-1,-1,0,-1,5,1
KR_6702934282,420,1,-43,2,6,0,2,2,1,1,0,-1,2,3,7,8,1,-1,0,1,0,7,-8,2,1,3,1,0,-1,1,1,-1,1,6,1
KR_6742114431,420,4,0,0,12,2,3,1,2,3,1,7,7,0,1,4,3,0,1,1,0,10,303,1,4,5,4,0,1,1,0,1,1,3,1
KR_6752506721,420,2,32,8,2,4,5,1,-1,1,2,-1,1,2,0,1,1,0,2,2,0,0,-43,1,2,3,19,0,1,-1,0,1,1,2,1
KR_6750409415,420,-5,-76,-4,-3,-3,5,8,3,5,2,-1,0,1,0,3,3,-2,1,3,0,1,-4,-3,4,1,0,0,-3,-1,-1,-1,-1,1,1
KR_6697364537,420,5,70,-35,9,1,4,3,2,3,1,2,2,0,5,5,0,-1,0,1,0,3,-9,0,1,1,0,0,1,-1,0,1,1,6,1
KR_6758162260,420,-1,30,-39,6,-1,0,1,2,3,1,-3,1,4,11,11,0,-3,0,3,0,9,3,0,0,0,1,0,2,-1,1,1,1,6,1
KR_6760156568,420,4,91,20,10,4,4,0,1,1,0,2,4,2,3,6,3,0,0,0,0,3,15,2,2,4,1,0,1,0,1,1,1,0,1
KR_6671438314,420,-2,-27,8,-2,-2,0,2,0,1,1,-3,0,3,6,9,3,-3,0,3,0,1,14,0,0,0,-1,0,-1,-1,0,-1,1,1,1
KR_6756484105,420,1,-11,24,-9,-7,0,7,2,3,1,-1,1,2,-4,1,5,1,1,0,0,-2,-5,3,1,4,-2,0,0,1,0,0,-1,2,1
KR_6751432507,440,3,24,4,2,5,5,0,-2,2,4,-3,1,4,2,3,1,0,1,1,-2,-6,-310,2,0,2,0,0,0,1,-1,0,-1,5,1
KR_6764077972,420,6,21,16,9,4,5,1,1,5,4,5,5,0,-2,0,2,1,1,0,1,1,48,5,0,5,-23,0,1,-1,1,1,1,2,1
KR_6740115975,420,3,-2,1,5,2,4,2,2,3,1,0,0,0,0,0,0,1,1,0,0,3,217,7,0,7,3,0,1,1,-1,1,1,5,1
KR_6694572270,420,5,116,16,13,6,7,1,0,2,2,8,8,0,-4,1,5,3,3,0,0,0,428,2,0,2,1,0,0,1,1,1,1,1,1
KR_6740825716,420,-3,-29,-6,-7,-8,0,8,-1,0,1,2,2,0,2,3,1,-2,0,2,0,-3,7,4,0,4,-4,0,1,-1,1,1,-1,1,1
KR_6729186189,420,4,70,22,6,6,6,0,2,4,2,2,2,0,-1,1,2,-3,1,4,0,-3,5,0,3,3,1,0,1,-1,1,1,1,3,1
KR_6761299523,420,2,22,30,3,1,1,0,0,2,2,1,4,3,1,4,3,0,0,0,1,7,144,1,2,3,2,0,1,1,1,1,1,5,1
KR_6692074783,420,1,-7,43,6,2,4,2,8,9,1,0,2,2,-5,0,5,1,1,0,0,5,-1,1,2,3,-2,0,1,-1,1,1,1,6,1
KR_6751903992,420,-3,-42,-48,-2,-4,3,7,1,1,0,-2,0,2,0,4,4,3,3,0,0,9,11,-2,2,0,1,0,-2,1,0,-1,1,5,1
KR_6761223523,420,0,7,26,-1,-7,0,7,-1,0,1,-1,1,2,8,11,3,0,1,1,0,-2,3,-1,1,0,0,0,1,-1,-1,1,-1,4,1
KR_6762782229,420,4,114,52,8,4,7,3,3,4,1,2,4,2,-6,2,8,5,7,2,0,6,-1,-4,6,2,3,0,4,1,1,1,1,3,1
KR_6733720556,420,4,65,35,5,4,4,0,2,8,6,1,2,1,-1,2,3,-1,1,2,0,2,2,-2,2,0,-1,0,2,-1,1,1,-1,2,1
KR_6764134882,420,-1,20,-2,2,-3,1,4,1,1,0,9,11,2,-3,1,4,-2,1,3,1,3,-13,4,1,5,0,0,0,1,-1,0,1,5,1
KR_6630095219,420,0,-45,-19,5,-3,2,5,1,2,1,6,6,0,1,2,1,0,2,2,0,8,-494,-3,6,3,-1,0,0,1,-1,0,1,4,1
KR_6759400609,420,1,60,13,3,9,11,2,0,2,2,-2,0,2,-3,0,3,-1,0,1,0,0,-5,1,2,3,0,0,1,-1,-1,1,1,6,1
KR_6708915005,420,1,40,19,5,-1,1,2,2,2,0,3,4,1,0,0,0,1,1,0,-1,2,-2,-1,3,2,0,0,0,1,-1,-1,-1,2,1
KR_6760534719,440,8,3,27,26,3,4,1,13,13,0,6,6,0,1,1,0,3,3,0,0,30,7,4,0,4,-3,0,1,1,0,1,1,6,1
KR_6729357601,420,0,17,-8,4,0,2,2,0,4,4,-1,1,2,8,9,1,-3,2,5,2,14,-35,2,0,2,34,0,-1,1,-1,-1,1,5,1
KR_6743663253,420,4,84,-8,11,2,2,0,3,4,1,2,4,2,2,3,1,2,3,1,0,6,6,0,1,1,1,0,1,1,1,1,1,2,1
KR_6731451950,420,2,128,-16,5,1,3,2,-4,0,4,0,1,1,8,9,1,0,2,2,0,5,3,-3,5,2,1,0,3,1,1,1,-1,6,1
KR_6734283913,440,4,30,3,12,0,0,0,-2,3,5,0,0,0,2,3,1,12,12,0,-1,13,-53,-3,4,1,0,0,1,1,-1,1,-1,2,1
KR_6750006932,420,-1,-43,-15,0,-8,2,10,5,5,0,5,6,1,0,0,0,-2,1,3,1,8,-8,1,3,4,-5,0,-1,1,0,-1,1,6,1
KR_6756244692,420,0,46,8,5,2,5,3,2,2,0,0,2,2,0,1,1,1,1,0,0,0,1,1,1,2,1,0,1,-1,1,1,1,4,1
KR_6758917833,420,-2,-61,-10,2,1,3,2,-3,0,3,2,4,2,1,2,1,1,2,1,0,5,-6,-1,6,5,3,0,-1,1,0,-1,-1,5,1
KR_6753370782,420,0,13,-12,5,-3,0,3,1,7,6,0,4,4,5,7,2,2,2,0,0,7,9,-4,7,3,-1,0,0,1,-1,0,-1,3,1
KR_6730956111,420,-1,62,-24,2,-1,0,1,-2,0,2,-2,2,4,7,7,0,0,3,3,0,5,-39,-2,2,0,1,0,0,-1,-1,0,1,6,1
KR_6748103230,420,3,17,42,5,1,3,2,4,4,0,-1,4,5,2,2,0,-1,0,1,0,0,176,1,1,2,3,0,1,1,1,1,1,5,1
KR_6705614859,420,0,1,-2,1,-2,0,2,-2,0,2,1,1,0,4,4,0,0,0,0,0,1,6,0,1,1,1,0,0,-1,0,0,1,5,1
KR_6707343459,420,1,43,6,-1,0,0,0,-4,1,5,-1,1,2,5,8,3,-1,0,1,0,-3,22,-2,2,0,-35,0,0,-1,0,0,1,6,1
KR_6764249491,420,-3,-17,-3,-14,-3,1,4,3,3,0,-9,0,9,-5,2,7,0,4,4,-2,-13,448,1,2,3,1,0,0,0,-1,-1,-1,0,1
KR_6755376796,420,0,-49,56,-4,-3,1,4,-2,2,4,-2,2,4,3,3,0,0,0,0,0,0,-7,1,1,2,-2,0,-1,0,0,-1,-1,0,1
KR_6751769562,420,2,85,-8,7,2,2,0,-1,2,3,5,6,1,1,1,0,0,0,0,0,1,5,0,1,1,-1,0,0,0,-1,0,-1,0,1
KR_6727539955,420,3,77,-60,7,-1,1,2,-5,0,5,10,10,0,1,3,2,2,2,0,-1,3,-6,-5,6,1,3,0,2,1,1,1,-1,3,1
KR_6756267757,420,3,118,8,7,1,1,0,-1,5,6,1,4,3,5,5,0,1,1,0,1,3,5,2,0,2,2,0,0,1,-1,1,1,4,1
KR_6749027710,420,-3,-25,-13,-3,-1,3,4,-2,2,4,-2,0,2,1,3,2,1,2,1,0,5,1,1,1,2,3,0,-3,-1,-1,-1,1,4,1
KR_6672251334,420,-1,21,-9,5,-7,0,7,3,4,1,1,1,0,7,8,1,1,3,2,0,8,-6,-5,7,2,1,0,-1,1,-1,-1,-1,1,1
KR_6755421845,420,3,31,3,3,0,0,0,1,1,0,4,6,2,-3,0,3,1,1,0,0,-2,200,-4,6,2,0,0,0,-1,1,0,-1,1,1
KR_6729684132,420,0,70,-12,-1,4,5,1,-4,1,5,-2,3,5,3,4,1,-2,1,3,-1,-8,-2,-1,2,1,0,0,1,1,1,1,-1,1,1
KR_6760190514,420,0,29,-6,2,-1,0,1,6,6,0,-5,2,7,1,3,2,1,2,1,0,3,1,5,1,6,-4,0,0,-1,0,0,1,6,1
KR_6693058187,420,5,57,44,2,2,2,0,3,3,0,4,4,0,-2,1,3,-5,0,5,0,0,9,-1,4,3,-1,0,2,1,1,1,1,6,1
KR_6758070356,420,0,3,-19,3,4,6,2,-4,0,4,-1,1,2,3,3,0,1,2,1,0,4,3,6,3,9,4,0,3,0,1,1,1,0,1
KR_6738668099,420,-2,21,-8,-7,-1,0,1,0,4,4,4,5,1,-5,2,7,-5,0,5,0,-18,23,2,4,6,-5,0,0,-1,-1,0,1,5,1
KR_6750776875,420,9,134,40,18,1,1,0,9,10,1,6,8,2,1,4,3,1,1,0,1,18,-3,-3,3,0,1,0,3,-1,0,1,1,6,1
KR_6728466583,420,0,-27,-1,6,5,5,0,1,4,3,2,5,3,-2,0,2,0,3,3,0,2,-34,1,2,3,24,0,0,0,-1,-1,1,0,1
KR_6747092767,420,3,25,20,6,6,10,4,1,2,1,4,6,2,-3,3,6,-2,3,5,2,-1,-247,-3,5,2,0,0,1,-1,1,1,1,3,1
KR_6764122526,420,1,16,-8,4,2,3,1,-3,1,4,2,3,1,2,2,0,1,1,0,0,4,-9,0,2,2,0,0,-1,0,-1,-1,-1,0,1
KR_6747515747,420,1,-22,25,-5,0,1,1,-7,2,9,-1,1,2,5,6,1,-2,2,4,0,-6,-10,3,3,6,-1,0,-1,-1,-1,-1,-1,2,1
KR_6735452002,420,3,8,0,4,-2,2,4,3,3,0,5,5,0,-1,1,2,-1,0,1,-1,1,-1,3,3,6,1,0,-1,1,-1,-1,-1,3,1
KR_6739093927,420,1,5,1,5,2,3,1,4,5,1,2,4,2,-2,5,7,-1,0,1,0,6,569,4,2,6,-2,0,1,1,1,1,-1,6,1
KR_6742702571,420,-4,35,-5,-7,0,2,2,-7,0,7,0,1,1,2,2,0,-2,0,2,0,-5,-1,-1,3,2,-3,0,0,-1,-1,-1,-1,3,1
KR_6744911497,420,8,89,-7,18,2,3,1,6,8,2,-1,1,2,5,6,1,6,6,0,2,17,5,3,1,4,-1,0,3,-1,1,1,1,6,1
KR_6753741542,420,4,43,11,10,-1,1,2,3,5,2,5,7,2,6,9,3,-3,1,4,1,12,0,2,1,3,-5,0,1,1,-1,1,1,6,1
KR_6758814512,420,1,60,6,0,0,0,0,1,3,2,1,1,0,-2,0,2,0,1,1,0,-1,31,-5,8,3,5,0,0,0,1,0,1,0,1
KR_6750980987,420,3,101,8,3,3,4,1,1,1,0,2,3,1,-1,1,2,-2,1,3,0,-2,13,2,1,3,1,0,2,1,-1,1,1,2,1
KR_6749452002,420,-3,-49,-8,-10,-1,2,3,-2,1,3,-2,0,2,-4,1,5,-1,0,1,0,-5,1,-4,4,0,1,0,-2,-1,-1,-1,-1,4,1
KR_6764404635,420,3,-26,20,4,-4,0,4,2,4,2,2,3,1,6,8,2,-2,1,3,-1,2,-4,3,2,5,-2,0,0,1,-1,-1,-1,6,1
KR_6733336841,420,5,113,12,9,-1,2,3,2,2,0,5,6,1,-1,1,2,4,6,2,0,11,0,-3,4,1,1,0,2,1,0,1,1,2,1
KR_6722569832,420,2,-7,16,12,0,1,1,6,6,0,4,5,1,1,2,1,1,1,0,0,9,-3,2,1,3,3,0,1,1,1,1,-1,1,1
KR_6754452527,420,0,-15,-17,1,0,3,3,1,4,3,1,5,4,0,2,2,-1,1,2,1,4,2,2,4,6,-2,0,0,1,-1,-1,1,4,1
KR_6655007209,420,2,-14,15,2,-1,2,3,1,3,2,3,4,1,-1,2,3,0,1,1,0,1,129,-2,6,4,1,0,0,-1,-1,-1,1,6,1
KR_6738607498,420,2,62,16,-3,0,1,1,-3,0,3,4,6,2,-3,1,4,-1,1,2,0,-6,9,-1,2,1,1,0,0,1,-1,0,-1,4,1
KR_6764281689,420,2,57,2,-4,2,2,0,-1,1,2,4,4,0,-8,1,9,-1,0,1,0,-7,-3,-1,3,2,-3,0,-1,-1,-1,-1,-1,4,1
KR_6663493744,420,8,75,30,8,3,3,0,-1,4,5,3,3,0,3,3,0,0,0,0,0,9,15,3,1,4,0,0,2,1,1,1,1,6,1
KR_6755102033,420,-2,-48,-20,2,0,0,0,-2,1,3,0,2,2,0,1,1,4,4,0,0,4,21,0,3,3,-3,0,0,1,1,0,1,4,1
KR_6742116483,420,6,83,-1,13,4,4,0,6,6,0,1,2,1,2,4,2,0,0,0,0,8,11,-1,3,2,2,0,1,1,1,1,1,6,1
KR_6734980475,420,1,60,24,-2,0,1,1,-2,0,2,-4,1,5,5,6,1,-1,1,2,-1,-4,2,3,4,7,0,0,0,1,-1,-1,-1,6,1
KR_6722406150,420,1,-85,-2,8,0,2,2,-3,0,3,12,15,3,0,0,0,-1,0,1,2,-2,-10,1,2,3,3,0,1,1,0,1,1,5,1
KR_6706814679,420,1,-25,-8,1,-7,0,7,1,1,0,4,5,1,6,6,0,-3,1,4,0,-2,140,0,2,2,-15,0,-1,1,-1,-1,1,6,1
KR_6684714000,420,1,40,-7,3,2,3,1,1,5,4,1,4,3,0,2,2,-1,0,1,0,-3,230,-1,1,0,1,0,-1,1,-1,1,-1,4,1
KR_6726331002,420,2,115,0,-1,-1,0,1,-5,0,5,7,7,0,-3,2,5,1,1,0,0,-3,-5,-5,6,1,6,0,1,-1,-1,1,1,4,1
KR_6733761746,420,5,106,29,7,-1,1,2,-2,2,4,3,5,2,6,8,2,1,2,1,1,5,-50,0,4,4,4,0,3,1,1,1,1,6,1
KR_6690314800,440,4,72,32,14,0,1,1,3,3,0,6,7,1,3,4,1,2,2,0,1,9,0,1,1,2,3,0,2,1,1,1,1,2,1
KR_6761125718,420,2,21,3,-1,3,3,0,-1,2,3,1,1,0,-2,0,2,-2,0,2,0,-5,0,3,3,6,-1,0,0,0,-1,0,1,0,1
KR_6671444304,420,0,20,8,-2,0,2,2,-1,4,5,5,6,1,-6,1,7,0,2,2,-1,-6,-14,-1,3,2,2,0,-1,1,-1,-1,-1,5,1
KR_6743228728,420,3,49,4,13,-1,0,1,1,2,1,4,5,1,6,6,0,3,4,1,-1,11,11,-4,6,2,-1,0,1,1,0,1,-1,2,1
KR_6744710367,420,2,-7,5,9,3,5,2,1,3,2,-1,0,1,5,5,0,1,1,0,0,7,1,-1,6,5,-1,0,1,-1,1,1,-1,6,1
KR_6742373980,420,1,-55,12,3,1,4,3,2,5,3,1,2,1,-2,3,5,1,1,0,0,6,3,-1,3,2,-2,0,0,1,1,0,1,5,1
KR_6653631130,420,2,7,80,4,2,2,0,0,2,2,-3,0,3,4,4,0,1,1,0,0,4,132,4,0,4,-1,0,1,1,0,1,-1,3,1
KR_6750632471,440,1,29,0,5,1,6,5,0,2,2,-2,0,2,3,5,2,3,4,1,0,6,286,-2,2,0,2,0,1,1,0,1,-1,5,1
KR_6762117265,420,0,-24,19,3,-1,3,4,4,5,1,-1,5,6,0,2,2,1,2,1,0,12,7,0,5,5,1,0,0,1,1,0,-1,3,1
KR_6696073752,420,6,79,48,23,10,11,1,6,8,2,3,5,2,2,4,2,2,2,0,0,17,-4,-1,4,3,3,0,3,0,1,1,1,0,1
KR_6723950966,440,-1,15,18,5,4,5,1,1,2,1,-4,0,4,2,2,0,2,6,4,0,2,7,-1,5,4,-3,0,2,1,1,1,1,4,1
KR_6753334380,420,3,-29,0,6,-3,2,5,3,4,1,0,2,2,5,7,2,1,3,2,-2,2,7,1,5,6,0,0,1,1,1,1,-1,1,1
KR_6741019575,420,2,22,15,3,0,3,3,-2,2,4,2,3,1,2,3,1,1,1,0,0,3,-1,0,2,2,1,0,0,1,-1,0,1,6,1
KR_6743166650,420,6,123,14,14,4,4,0,-1,1,2,5,5,0,5,6,1,1,3,2,1,10,-16,4,1,5,-2,0,1,1,-1,1,1,4,1
KR_6740380165,420,1,109,-76,2,3,4,1,-3,0,3,5,5,0,-2,0,2,-1,0,1,-1,-1,-23,-1,1,0,2,0,2,-1,-1,1,-1,5,1
KR_6762523873,420,0,9,27,9,-1,2,3,5,6,1,3,3,0,5,6,1,-3,1,4,0,15,1,3,1,4,-2,0,0,1,-1,-1,-1,1,1
KR_6694977083,420,0,12,3,0,0,0,0,0,0,0,1,2,1,-1,2,3,0,2,2,-1,-7,-16,1,4,5,25,0,1,-1,1,1,-1,6,1
KR_6755243442,420,-1,-29,24,0,3,5,2,2,4,2,1,4,3,-3,0,3,-3,0,3,0,-1,4,2,0,2,0,0,0,1,1,0,1,6,1
KR_6744000403,420,-3,-33,-33,-2,-2,2,4,0,2,2,1,3,2,0,1,1,-1,0,1,0,6,-4,-1,3,2,-3,0,1,0,0,1,-1,0,1
KR_6640261568,420,2,145,4,1,0,3,3,0,1,1,2,7,5,-2,1,3,1,1,0,0,-8,-5,3,3,6,-2,0,0,1,1,0,-1,2,1
KR_6735051601,420,-3,22,-36,-6,-3,1,4,-4,1,5,0,1,1,1,2,1,0,2,2,0,-1,-25,0,3,3,3,0,-1,-1,1,-1,-1,1,1
KR_6737964101,440,1,67,-8,1,2,2,0,-2,0,2,0,3,3,2,4,2,-1,0,1,0,-2,0,-3,3,0,0,0,-1,-1,-1,-1,1,3,1
KR_6749900246,420,-2,-12,0,1,-2,0,2,1,4,3,4,4,0,1,4,3,-3,3,6,-1,0,7,7,0,7,-4,0,-1,1,1,-1,-1,2,1
KR_6750797634,420,1,63,9,6,1,2,1,2,3,1,4,4,0,-1,0,1,0,2,2,2,12,0,0,3,3,-2,0,3,1,1,1,1,3,1
KR_6679592917,420,6,45,56,12,7,7,0,1,2,1,3,3,0,1,4,3,0,2,2,0,4,-114,-4,5,1,0,0,1,1,1,1,-1,5,1
KR_6704026396,420,5,70,-16,9,7,9,2,-3,1,4,1,2,1,5,8,3,-1,0,1,1,7,3,-2,2,0,2,0,1,-1,1,1,-1,1,1
KR_6749022366,420,2,53,36,1,1,2,1,1,2,1,3,5,2,-2,1,3,-2,1,3,-2,-5,11,-1,1,0,-2,0,1,-1,1,1,-1,3,1
KR_6698444240,420,2,0,-13,6,-3,1,4,-2,0,2,3,4,1,3,4,1,5,6,1,0,3,1,-2,3,1,1,0,1,0,1,1,-1,0,1
KR_6723618605,420,-1,43,-14,-6,-1,0,1,-2,0,2,-1,3,4,0,1,1,-2,2,4,0,-6,-1,-3,5,2,-2,0,0,-1,-1,0,-1,3,1
KR_6736751416,420,-5,-13,-49,-7,-2,4,6,0,1,1,-2,1,3,-3,0,3,0,0,0,0,-3,0,2,4,6,-5,0,-1,-1,-1,-1,1,1,1
KR_6762597015,420,2,45,20,6,1,2,1,5,8,3,1,4,3,-1,4,5,0,2,2,-1,3,16,1,3,4,-1,0,2,0,-1,1,-1,0,1
KR_6619980236,420,1,-10,8,10,2,3,1,2,2,0,0,3,3,3,6,3,3,3,0,0,11,-41,0,1,1,25,0,-1,-1,1,-1,-1,5,1
KR_6664433495,420,3,-21,32,6,-1,1,2,5,10,5,-1,2,3,2,2,0,1,2,1,0,2,10,3,2,5,1,0,0,1,1,0,-1,5,1
KR_6730367561,420,5,56,2,11,4,5,1,1,2,1,-3,1,4,9,12,3,0,2,2,0,-4,-1,-3,3,0,-3,0,1,-1,-1,1,-1,5,1
KR_6667324955,420,0,-27,-32,-4,2,3,1,2,2,0,-4,0,4,-2,1,3,-2,0,2,0,-5,6,-2,2,0,-1,0,-1,0,0,-1,1,0,1
KR_6755942539,420,10,84,56,13,2,2,0,2,5,3,5,5,0,0,1,1,4,4,0,0,9,1,-1,2,1,4,0,2,1,1,1,-1,2,1
KR_6690524814,420,-1,17,-40,2,-1,0,1,-1,0,1,1,3,2,4,8,4,-1,0,1,0,3,-6,0,4,4,1,0,0,-1,-1,0,1,6,1
KR_6744348467,420,2,14,6,0,5,7,2,-3,0,3,2,3,1,-5,0,5,1,2,1,0,-4,-8,2,3,5,1,0,1,-1,1,1,1,1,1
KR_6729385588,420,-2,-33,-40,5,3,4,1,-4,1,5,2,2,0,3,3,0,1,3,2,0,2,14,2,1,3,-2,0,-1,1,-1,1,1,2,1
KR_6746331436,420,1,50,-4,-3,-2,1,3,-2,0,2,-5,0,5,7,10,3,-1,0,1,-1,3,15,-1,2,1,-2,0,1,-1,-1,1,-1,3,1
KR_6697104402,420,1,-87,-7,6,2,3,1,2,4,2,-4,3,7,4,4,0,2,4,2,0,11,7,5,3,8,1,0,1,1,1,1,1,5,1
KR_6742175858,420,2,58,-14,8,4,4,0,2,2,0,-2,2,4,2,2,0,2,2,0,0,4,2,-1,2,1,0,0,0,-1,1,1,1,1,1
KR_6762286388,420,2,-20,2,-1,-4,0,4,2,3,1,0,1,1,-2,1,3,3,3,0,0,0,-13,1,3,4,4,0,-1,1,-1,-1,-1,6,1
KR_6759347840,420,-1,66,25,2,3,3,0,-2,2,4,0,0,0,4,5,1,-3,0,3,1,-3,11,1,2,3,1,0,0,1,-1,0,1,5,1
KR_6659267281,420,5,73,37,10,2,4,2,2,2,0,-2,1,3,8,9,1,0,0,0,1,13,-3,0,3,3,1,0,2,1,-1,1,1,1,1
KR_6762106676,420,0,33,-20,9,0,2,2,3,5,2,4,7,3,-1,1,2,3,4,1,1,3,5,3,2,5,-3,0,1,1,-1,1,1,2,1
KR_6725434473,420,3,97,23,6,2,3,1,0,0,0,-1,2,3,6,7,1,-1,3,4,0,7,5,-2,2,0,0,0,1,1,0,-1,1,3,1
KR_6758817769,420,1,16,-36,8,4,4,0,-2,2,4,6,7,1,-1,2,3,1,2,1,0,6,22,-1,3,2,-1,0,1,-1,1,1,1,3,1
KR_6734859366,420,1,-12,3,8,3,5,2,7,8,1,1,4,3,0,1,1,-3,0,3,0,1,-120,0,4,4,1,0,2,-1,1,1,1,1,1
KR_6739214218,420,0,21,-31,2,1,2,1,-3,3,6,2,2,0,2,3,1,0,1,1,0,-1,-27,1,3,4,-1,0,0,1,-1,-1,-1,4,1
KR_6747107046,420,7,149,26,3,0,0,0,0,2,2,3,3,0,0,1,1,0,0,0,0,-1,52,1,2,3,-20,0,4,1,1,1,1,6,1
KR_6656505396,420,0,49,-23,-2,2,2,0,1,2,1,-1,4,5,-3,0,3,-1,0,1,0,-5,2,1,2,3,-4,0,0,0,1,1,1,0,1
KR_6751138814,420,5,133,12,13,9,9,0,0,5,5,2,4,2,2,3,1,0,2,2,1,3,-33,0,3,3,15,0,1,0,0,1,1,0,1
KR_6764507842,440,9,65,-7,2,-2,2,4,4,4,0,-7,1,8,6,6,0,1,1,0,0,7,124,3,0,3,0,0,0,0,1,1,1,0,1
KR_6735199598,420,-2,44,8,-3,2,2,0,0,3,3,-2,1,3,-2,1,3,-1,1,2,0,-1,0,-3,4,1,-1,0,2,-1,1,1,-1,3,1
KR_6764081737,420,5,13,39,19,2,3,1,1,2,1,7,8,1,7,7,0,2,4,2,0,14,-170,5,1,6,1,0,1,1,1,1,1,6,1
KR_6713139512,420,2,48,20,10,2,4,2,2,4,2,5,5,0,2,3,1,-1,0,1,0,4,8,0,1,1,-1,0,0,0,1,-1,1,0,1
KR_6707067292,420,5,36,76,9,-2,1,3,6,6,0,2,2,0,3,3,0,0,0,0,0,10,0,-1,2,1,0,0,-1,1,1,-1,-1,1,1
KR_6650778361,420,5,90,56,4,2,4,2,2,4,2,2,3,1,-1,1,2,-1,0,1,0,-1,-5,1,2,3,1,0,3,0,1,1,1,0,1
KR_6720302251,420,-3,-24,4,-5,-4,0,4,-1,1,2,3,5,2,2,4,2,-5,2,7,0,6,4,2,1,3,-2,0,-1,1,-1,-1,-1,4,1
KR_6741920077,420,5,20,8,9,9,9,0,-1,3,4,3,4,1,-3,4,7,1,2,1,-1,1,2,3,4,7,3,0,1,1,-1,1,-1,1,1
KR_6754230704,420,4,79,1,9,-2,1,3,1,1,0,11,11,0,0,1,1,-1,0,1,0,4,9,1,1,2,2,0,2,1,1,1,1,3,1
KR_6731267075,420,2,13,22,-3,6,7,1,-1,3,4,-1,1,2,-4,1,5,-3,1,4,-1,-7,-45,0,4,4,11,0,2,1,-1,1,-1,5,1
KR_6652388650,420,4,1,12,6,5,5,0,4,6,2,1,1,0,-2,2,4,-2,0,2,0,-1,19,4,2,6,0,0,2,1,1,1,-1,2,1
KR_6629526555,420,4,80,-20,5,0,2,2,4,5,1,-1,0,1,4,6,2,-2,0,2,1,6,-4,-2,3,1,2,0,2,1,0,1,1,4,1
KR_6746199014,420,2,-11,-12,4,3,4,1,1,2,1,-1,2,3,-2,0,2,3,3,0,2,0,-6,-2,5,3,2,0,0,0,-1,0,1,0,1
KR_6747970579,420,1,15,4,-1,-1,1,2,3,3,0,0,6,6,-3,1,4,0,1,1,0,-8,2,1,2,3,0,0,1,-1,0,1,-1,2,1
KR_6736573487,420,4,49,51,6,0,1,1,-2,2,4,8,9,1,-2,1,3,2,3,1,-1,3,-17,1,1,2,0,0,0,1,1,1,-1,1,1
KR_6749012212,420,4,25,37,6,0,2,2,3,6,3,5,5,0,-3,1,4,1,4,3,0,-2,15,0,3,3,1,0,0,-1,0,1,-1,5,1
KR_6723409628,420,3,60,12,12,2,4,2,-3,1,4,2,6,4,10,10,0,1,1,0,1,7,0,-2,4,2,3,0,3,1,1,1,1,3,1
KR_6685915665,420,1,18,-17,1,1,1,0,2,4,2,2,2,0,-1,1,2,-3,0,3,0,-4,345,0,3,3,2,0,0,1,-1,0,1,1,1
KR_6720996802,420,4,54,12,11,3,4,1,4,5,1,3,4,1,1,3,2,0,2,2,0,6,102,-1,4,3,3,0,1,1,1,1,1,3,1
KR_6729393829,420,0,33,12,3,4,4,0,-3,0,3,-2,0,2,2,5,3,2,2,0,0,1,0,-1,3,2,4,0,0,-1,0,0,-1,2,1
KR_6646709361,420,1,-2,-24,7,0,3,3,0,2,2,6,8,2,-1,1,2,2,2,0,0,2,-32,0,5,5,-3,0,1,-1,1,1,-1,5,1
KR_6758889057,420,-2,-28,-32,-5,1,1,0,-3,1,4,1,2,1,-5,0,5,1,2,1,0,-6,8,1,4,5,1,0,-2,-1,-1,-1,-1,3,1
KR_6731700815,420,-2,-38,9,2,-1,1,2,0,2,2,1,4,3,1,1,0,1,2,1,0,2,61,0,2,2,-4,0,0,-1,0,-1,-1,2,1
KR_6762177210,420,0,10,4,2,0,1,1,5,6,1,-5,0,5,1,1,0,1,1,0,1,5,-11,-1,3,2,5,0,0,-1,1,0,1,3,1
KR_6683993475,420,0,86,-11,-4,2,5,3,-7,2,9,0,1,1,-1,0,1,2,2,0,0,-2,-7,1,6,7,3,0,1,1,1,1,1,1,1
KR_6763545227,420,5,128,-1,13,1,1,0,6,8,2,1,4,3,3,4,1,2,3,1,2,13,-14,3,1,4,3,0,2,0,0,1,1,0,1
KR_6685863401,420,0,-42,-10,1,0,2,2,2,6,4,-2,1,3,2,5,3,-1,0,1,0,1,-5,0,5,5,3,0,0,0,-1,0,-1,0,1
KR_6711890351,420,3,19,17,7,3,3,0,4,4,0,-1,1,2,6,6,0,-5,0,5,0,6,5,1,1,2,-1,0,1,1,1,1,1,3,1
KR_6644547893,420,-5,-8,-64,-11,-6,0,6,-6,1,7,5,13,8,-2,0,2,-2,1,3,-1,-12,-19,0,3,3,0,0,-1,0,-1,-1,-1,0,1
KR_6746162666,420,3,31,12,5,-1,3,4,2,3,1,2,6,4,1,5,4,1,4,3,-1,5,-21,1,0,1,-2,0,1,0,1,1,-1,0,1
KR_6762045302,420,5,91,-4,16,1,8,7,2,3,1,10,11,1,4,6,2,-1,1,2,0,6,-7,-2,5,3,2,0,2,-1,1,1,-1,5,1
KR_6628548909,420,-2,2,24,-2,-5,0,5,-1,1,2,-2,4,6,3,4,1,3,3,0,0,7,-12,2,1,3,0,0,0,0,-1,0,1,0,1
KR_6683775190,420,3,39,-16,4,1,1,0,2,2,0,0,1,1,0,1,1,1,1,0,0,5,-2,2,0,2,0,0,1,1,-1,1,-1,4,1
KR_6742448533,420,2,129,-12,3,0,1,1,0,4,4,1,4,3,-1,1,2,3,3,0,0,5,38,-2,3,1,-1,0,1,0,-1,1,-1,0,1
KR_6759833489,420,6,-17,16,13,-3,1,4,8,8,0,1,2,1,5,7,2,2,3,1,-1,12,153,2,4,6,4,0,0,1,1,1,-1,1,1
KR_6745781738,420,-1,-24,4,3,1,3,2,4,6,2,1,3,2,-2,1,3,-1,0,1,0,7,-12,0,3,3,-1,0,0,-1,1,1,-1,3,1
KR_6734782226,420,6,94,28,10,-2,2,4,0,0,0,12,12,0,0,1,1,0,0,0,0,5,-27,2,0,2,18,1,7,1,1,1,1,6,1
KR_6679742379,420,2,48,4,-5,0,2,2,1,1,0,3,5,2,-10,0,10,1,1,0,0,-9,232,-1,5,4,1,0,0,1,-1,-1,-1,1,1
KR_6759907859,420,3,96,22,10,0,1,1,2,3,1,1,5,4,2,3,1,5,6,1,1,13,26,2,3,5,1,0,0,1,-1,1,1,4,1
KR_6731603711,420,2,45,-8,7,5,5,0,-2,1,3,4,4,0,1,4,3,-1,0,1,0,-2,3,0,5,5,1,0,0,-1,-1,0,1,5,1
KR_6678114068,420,2,14,4,10,1,2,1,0,2,2,0,0,0,7,8,1,2,2,0,1,10,0,2,3,5,3,0,1,1,1,1,1,5,1
KR_6753601264,420,0,31,4,-4,3,3,0,-2,2,4,3,3,0,-8,0,8,0,2,2,1,-7,9,-1,3,2,-3,0,1,1,0,-1,1,1,1
KR_6761964083,440,-3,-125,-12,-6,0,5,5,-6,0,6,-3,0,3,2,5,3,1,1,0,0,-7,-4,-2,2,0,0,0,-1,-1,0,-1,1,6,1
KR_6722398973,420,1,20,20,1,-2,1,3,-3,3,6,4,7,3,3,4,1,-1,1,2,0,-2,-6,-1,3,2,0,0,2,1,1,1,1,6,1
KR_6754970008,420,0,57,-20,2,5,5,0,-2,0,2,-1,3,4,1,1,0,-1,0,1,0,-4,0,-3,4,1,-1,0,1,1,0,1,1,4,1
KR_6747108094,420,0,15,-11,1,3,3,0,-1,0,1,7,7,0,-2,2,4,-6,0,6,0,2,11,2,2,4,1,0,0,1,1,1,-1,6,1
KR_6632875881,420,-2,-15,-11,4,0,1,1,5,5,0,1,1,0,0,1,1,-2,0,2,0,4,-85,4,1,5,0,0,1,1,1,1,-1,2,1
KR_6754320420,420,-2,-63,-4,2,-3,1,4,1,1,0,8,10,2,-3,0,3,-1,0,1,-1,4,-2,0,1,1,0,0,0,1,1,-1,-1,6,1
KR_6726593832,420,3,-3,6,9,2,2,0,5,6,1,-1,3,4,2,3,1,1,1,0,0,12,10,-1,5,4,2,0,-1,1,1,-1,1,1,1
KR_6743843883,420,8,52,78,16,2,3,1,3,4,1,6,8,2,6,7,1,-1,1,2,0,7,-1,2,1,3,0,0,3,1,0,1,1,4,1
KR_6759191105,420,1,46,-16,-1,2,2,0,-3,0,3,-1,2,3,0,3,3,1,2,1,0,-1,14,1,3,4,1,0,1,-1,0,1,-1,5,1
KR_6700171312,420,5,65,14,14,1,2,1,8,12,4,2,3,1,3,4,1,0,4,4,1,4,15,1,2,3,2,0,1,1,1,1,1,3,1
KR_6724778022,420,-4,-45,20,-15,-1,1,2,-7,0,7,-2,3,5,-2,1,3,-3,1,4,0,-10,-8,-2,2,0,0,0,-2,1,-1,-1,-1,5,1
KR_6662094752,420,-1,30,-16,-1,4,4,0,-1,1,2,-3,0,3,0,2,2,-1,0,1,0,-3,26,-4,5,1,0,0,1,-1,1,1,1,4,1
KR_6762761540,420,3,77,16,9,6,6,0,-1,3,4,4,4,0,0,2,2,0,2,2,0,7,-18,3,2,5,0,0,2,-1,1,1,-1,6,1
KR_6731490751,420,4,27,52,9,3,5,2,5,5,0,0,2,2,2,2,0,-1,0,1,0,10,365,-1,3,2,5,0,0,1,1,1,1,6,1
KR_6717480290,420,-1,-33,-8,3,0,1,1,3,6,3,0,2,2,1,1,0,-1,0,1,0,5,3,2,2,4,-2,0,0,-1,1,0,-1,5,1
KR_6653473163,420,1,-15,24,11,5,6,1,5,5,0,1,3,2,1,1,0,-1,0,1,0,7,-40,4,0,4,17,0,0,1,1,1,1,6,1
KR_6660187661,440,-1,69,-23,7,6,6,0,-1,1,2,5,7,2,-3,1,4,0,0,0,0,6,-5,-1,5,4,1,0,1,1,-1,1,1,3,1
KR_6730495695,420,3,129,21,11,5,5,0,3,3,0,-1,2,3,0,4,4,4,5,1,0,4,3,0,4,4,1,0,4,-1,1,1,1,6,1
KR_6756571833,420,4,47,36,11,-2,1,3,-2,0,2,8,8,0,9,10,1,-2,0,2,0,9,0,0,2,2,1,0,2,1,1,1,1,3,1
KR_6728892260,420,3,65,11,8,3,4,1,1,2,1,1,6,5,3,4,1,0,1,1,0,3,7,1,2,3,2,0,1,1,1,1,1,4,1
KR_6728715615,440,-1,-42,-34,-1,-2,3,5,2,2,0,-2,1,3,-1,5,6,2,6,4,0,-3,4,3,4,7,-3,0,-1,-1,-1,-1,1,2,1
KR_6724143069,420,-7,-124,-25,-12,-4,3,7,-1,2,3,-3,2,5,-3,2,5,-1,3,4,0,-2,12,0,2,2,1,0,-2,0,0,-1,1,0,1
KR_6763892970,420,1,89,35,-1,3,6,3,4,4,0,-10,0,10,3,6,3,-1,0,1,0,-6,-2,-1,2,1,0,0,1,-1,0,1,1,3,1
KR_6642343876,440,-1,-50,12,-2,-2,2,4,-3,1,4,-2,2,4,2,5,3,3,3,0,0,4,-3,2,2,4,0,0,1,1,0,1,1,3,1
KR_6758515885,420,6,90,4,19,3,7,4,1,3,2,6,7,1,8,9,1,1,2,1,0,21,3,2,1,3,-1,0,2,1,1,1,1,2,1
KR_6662787223,420,3,-3,28,13,2,4,2,7,8,1,2,2,0,0,1,1,2,2,0,0,10,1,2,2,4,3,0,1,1,1,1,1,3,1
KR_6703124701,420,-6,-22,-20,-7,-2,0,2,0,2,2,-2,1,3,0,0,0,-3,1,4,0,-4,-3,-1,2,1,-1,0,0,-1,0,0,1,6,1
KR_6747314645,420,-5,-69,-4,-9,-5,1,6,2,4,2,0,3,3,-4,2,6,-2,2,4,0,-2,-14,-1,1,0,-2,0,0,-1,0,0,1,5,1
KR_6749238062,420,0,12,-8,-1,-2,2,4,-1,2,3,1,2,1,1,3,2,0,1,1,0,-1,97,-2,3,1,2,0,0,-1,0,0,1,5,1
KR_6756796865,420,1,72,8,-4,-5,2,7,0,2,2,3,5,2,-2,2,4,0,0,0,-1,-11,0,-1,1,0,-2,0,0,-1,-1,0,-1,5,1
KR_6730728519,420,0,2,9,5,-2,3,5,-1,4,5,-1,0,1,6,6,0,3,3,0,0,10,-21,0,3,3,1,0,-1,1,-1,-1,-1,2,1
KR_6741850233,420,4,77,12,6,3,3,0,-2,5,7,5,6,1,1,2,1,-1,0,1,0,-6,64,4,2,6,11,0,0,1,0,1,1,1,1
KR_6764235845,420,0,18,1,-1,-1,1,2,1,2,1,2,3,1,1,2,1,-4,0,4,0,0,15,4,2,6,-1,0,0,-1,1,0,1,4,1
KR_6755178236,420,1,30,-2,5,0,3,3,-1,4,5,4,5,1,4,5,1,-2,0,2,1,4,-29,3,2,5,38,0,1,1,0,1,1,6,1
KR_6742275111,420,5,53,16,6,5,6,1,0,2,2,0,2,2,5,7,2,-4,0,4,0,-1,14,0,3,3,-1,0,1,0,-1,-1,-1,0,1
KR_6750244800,420,5,81,-4,8,4,4,0,4,6,2,1,4,3,-1,4,5,0,1,1,0,6,5,3,2,5,4,0,2,-1,-1,1,1,3,1
KR_6729564694,420,3,-26,36,2,-1,0,1,2,2,0,2,2,0,-2,1,3,1,1,0,0,2,-3,-2,4,2,6,0,0,1,1,0,-1,6,1
KR_6722023800,420,4,80,8,6,5,6,1,-2,1,3,0,1,1,2,3,1,1,1,0,0,0,35,1,1,2,-32,0,5,1,0,1,-1,1,1
KR_6663067954,420,0,-42,-48,-1,-1,0,1,-1,2,3,3,3,0,-1,0,1,-1,0,1,0,-5,222,-1,4,3,-2,0,0,1,1,0,-1,1,1
KR_6676226231,420,6,63,44,10,0,1,1,4,4,0,3,4,1,4,4,0,-1,1,2,0,9,19,-1,3,2,2,0,5,1,1,1,1,1,1
KR_6755684650,420,2,67,-22,8,0,1,1,0,0,0,5,5,0,1,2,1,2,2,0,0,4,-29,0,5,5,21,0,0,1,1,0,1,4,1
KR_6751241131,420,5,67,-4,11,0,1,1,0,1,1,-1,1,2,11,12,1,1,1,0,1,13,-1,7,1,8,1,0,1,0,0,1,1,0,1
KR_6644324999,420,-4,-17,-32,-6,-1,1,2,-4,2,6,-3,2,5,3,3,0,-1,0,1,0,-9,-3,1,0,1,1,0,-1,1,-1,-1,-1,4,1
KR_6660032295,420,1,11,-14,4,1,2,1,0,1,1,2,3,1,1,2,1,0,0,0,0,5,264,-3,7,4,0,0,0,1,-1,-1,1,5,1
KR_6720507443,420,3,38,3,5,4,6,2,0,2,2,4,5,1,0,2,2,-3,0,3,1,-3,-50,-7,7,0,35,0,0,1,1,1,1,4,1
KR_6675874733,420,2,89,-19,0,0,1,1,-3,2,5,5,5,0,-4,6,10,2,3,1,0,7,-3,5,0,5,-2,0,0,-1,0,0,1,6,1
KR_6758851297,420,6,64,14,17,2,3,1,3,3,0,6,6,0,1,2,1,5,5,0,1,9,163,-3,5,2,3,0,1,1,-1,1,1,4,1
KR_6747372150,420,1,-7,12,4,-1,0,1,6,6,0,-3,1,4,2,4,2,0,1,1,0,10,-6,0,0,0,0,0,0,-1,1,0,1,4,1
KR_6759082633,420,5,67,48,12,5,5,0,3,3,0,-1,1,2,4,4,0,1,2,1,0,6,-4,-1,5,4,5,0,-1,-1,-1,-1,1,6,1
KR_6726992876,420,2,-2,0,-1,-1,1,2,0,4,4,-3,2,5,4,6,2,-1,1,2,0,1,-2,0,5,5,0,0,1,1,1,1,1,2,1
KR_6738990925,420,4,7,33,17,-2,1,3,2,3,1,11,11,0,5,5,0,1,1,0,0,11,6,4,1,5,-1,0,2,1,1,1,1,5,1
KR_6751292782,440,0,13,37,5,-2,0,2,-1,3,4,2,3,1,8,9,1,-2,0,2,0,8,-3,2,4,6,4,0,1,1,-1,1,1,2,1
KR_6750599463,420,5,32,-9,11,0,3,3,4,5,1,2,2,0,4,6,2,1,2,1,0,10,0,-1,3,2,1,0,0,1,-1,1,-1,2,1
KR_6627188920,420,0,-19,1,-3,1,1,0,0,2,2,1,2,1,-4,1,5,-1,0,1,1,-2,16,2,1,3,-1,0,0,1,1,0,1,2,1
KR_6763246454,420,1,-19,-24,3,0,3,3,-3,1,4,1,4,3,-2,0,2,7,8,1,-1,-1,-1,-4,6,2,2,0,1,-1,1,1,-1,2,1
KR_6760627621,420,3,68,8,7,2,2,0,-2,2,4,6,7,1,0,2,2,1,2,1,0,3,6,4,1,5,-1,0,0,1,0,0,-1,5,1
KR_6733550632,420,2,12,20,8,6,7,1,1,3,2,3,4,1,-1,1,2,-1,0,1,0,-2,-3,0,4,4,-4,0,0,1,0,0,1,6,1
KR_6690525814,440,0,-1,-2,2,-5,1,6,-2,1,3,1,2,1,7,7,0,1,1,0,0,5,16,3,2,5,-3,0,1,-1,-1,1,1,4,1
KR_6751294410,440,-3,-3,40,-11,3,4,1,-2,1,3,-6,0,6,-3,0,3,-3,0,3,0,-8,4,-4,6,2,1,0,0,-1,-1,0,1,6,1
KR_6762830940,420,2,89,-24,8,6,8,2,1,5,4,6,7,1,-3,3,6,-2,1,3,1,-4,19,0,2,2,-1,0,1,-1,-1,1,1,5,1
KR_6754265890,420,2,3,19,-1,2,5,3,0,2,2,2,2,0,-4,4,8,-1,1,2,0,-4,-22,-5,5,0,0,0,1,1,0,1,-1,3,1
KR_6712558100,420,4,123,12,2,0,4,4,0,2,2,-2,1,3,6,6,0,-2,0,2,1,-3,9,-2,6,4,-1,0,2,0,1,1,1,0,1
KR_6750681557,420,-1,6,-5,-6,2,2,0,-3,1,4,-6,2,8,0,4,4,1,2,1,0,-3,41,-2,3,1,-25,0,0,1,1,0,1,4,1
KR_6755435128,420,1,37,-15,5,0,3,3,0,1,1,-3,2,5,7,8,1,1,2,1,0,5,252,4,2,6,0,0,1,1,1,1,1,2,1
KR_6749907554,420,1,42,14,-3,4,4,0,1,3,2,1,4,3,-6,2,8,-3,0,3,-1,-13,-1,1,2,3,6,0,0,-1,1,1,-1,4,1
KR_6729190983,420,0,1,27,5,-1,0,1,6,6,0,-2,1,3,3,3,0,-1,1,2,-1,3,-102,1,2,3,3,0,-1,1,0,-1,-1,1,1
KR_6756034020,420,5,81,5,12,1,2,1,3,3,0,3,5,2,2,7,5,3,3,0,0,13,18,1,2,3,2,0,2,0,1,1,-1,0,1
KR_6716716908,420,2,8,20,2,-4,0,4,1,4,3,3,3,0,1,5,4,1,4,3,0,2,-9,0,2,2,3,0,-1,1,-1,-1,1,2,1
KR_6717600004,420,1,23,16,0,2,2,0,2,3,1,-6,2,8,1,2,1,1,1,0,0,1,14,-5,6,1,-1,0,0,1,-1,0,1,4,1
KR_6738304055,420,0,18,31,-2,-3,0,3,0,1,1,-1,1,2,2,2,0,0,1,1,1,2,-3,-1,4,3,-5,0,1,-1,1,1,1,1,1
KR_6696921096,420,0,85,-56,-1,1,1,0,-2,2,4,1,1,0,-2,0,2,1,3,2,0,-6,5,4,0,4,1,0,1,-1,-1,1,1,2,1
KR_6708794170,420,6,72,-20,10,0,1,1,2,4,2,-1,3,4,5,6,1,4,6,2,2,10,-26,-6,8,2,3,0,1,0,0,1,1,0,1
KR_6743585843,440,2,65,-22,7,2,3,1,0,1,1,6,6,0,-1,1,2,0,2,2,0,-4,-3,-3,4,1,0,0,0,0,-1,0,-1,0,1
KR_6699848004,420,4,78,43,7,-3,1,4,5,7,2,7,11,4,-2,2,4,0,0,0,0,0,383,-2,4,2,0,0,3,-1,1,1,-1,6,1
KR_6637423515,420,3,45,53,6,0,4,4,-1,3,4,1,2,1,6,7,1,0,1,1,0,6,2,-2,2,0,3,0,2,1,1,1,-1,5,1
KR_6750454920,420,6,119,-8,16,5,6,1,4,5,1,4,7,3,4,6,2,-1,1,2,0,14,-2,-1,2,1,0,0,2,1,-1,1,1,2,1
KR_6730644919,420,0,19,12,0,-5,0,5,-1,0,1,1,4,3,3,3,0,2,2,0,0,1,13,3,0,3,-3,0,0,0,1,0,1,0,1
KR_6731674706,420,2,34,1,12,1,6,5,1,2,1,3,4,1,3,5,2,4,4,0,1,12,-14,0,2,2,-1,0,1,1,1,1,1,6,1
KR_6746284959,420,7,22,83,-4,-1,1,2,5,5,0,-1,2,3,-8,0,8,1,1,0,0,-1,100,5,0,5,1,0,0,1,1,-1,-1,3,1
KR_6755062748,420,5,28,5,9,1,2,1,1,1,0,4,5,1,4,4,0,-1,1,2,0,6,12,2,0,2,-3,0,0,1,-1,0,-1,1,1
KR_6759695603,420,0,-39,12,3,-2,2,4,1,7,6,2,5,3,-2,2,4,4,4,0,0,8,-227,-3,7,4,2,0,0,1,-1,-1,-1,6,1
KR_6702930370,420,4,110,-4,4,1,4,3,4,8,4,4,4,0,2,3,1,-7,4,11,0,-9,3,-3,4,1,1,0,2,-1,1,1,1,2,1
KR_6749665632,420,1,6,8,2,-6,0,6,4,4,0,5,5,0,0,1,1,-1,1,2,-1,6,-1,1,6,7,4,0,0,0,-1,1,-1,0,1
KR_6761751796,420,2,82,19,11,2,5,3,1,3,2,2,3,1,5,5,0,1,2,1,1,11,4,1,1,2,0,0,1,1,-1,1,1,3,1
KR_6652719072,420,6,84,-8,13,1,3,2,0,4,4,2,2,0,10,10,0,0,0,0,0,12,6,1,3,4,-2,0,2,-1,1,1,1,5,1
KR_6730668181,420,2,-27,-9,3,3,3,0,0,2,2,1,1,0,-1,1,2,0,1,1,0,-2,127,0,2,2,-1,0,-1,-1,-1,-1,1,6,1
KR_6736117415,420,-1,2,-5,-3,-2,0,2,-1,0,1,1,1,0,-1,0,1,0,0,0,-1,-1,-15,-3,3,0,3,0,-1,-1,-1,-1,-1,2,1
KR_6663484387,420,4,74,26,12,5,5,0,2,4,2,1,4,3,2,4,2,2,3,1,0,7,140,1,5,6,-21,0,2,1,1,1,1,3,1
KR_6726678978,420,-3,-32,-28,-2,-2,1,3,1,2,1,3,4,1,-4,3,7,0,0,0,0,-1,13,-1,4,3,0,0,0,1,1,1,-1,5,1
KR_6753664997,420,-1,-31,21,-3,0,3,3,-2,0,2,1,4,3,-1,2,3,-1,0,1,0,-5,-5,-4,5,1,-1,0,0,-1,0,0,1,1,1
KR_6740554422,420,4,35,4,14,3,4,1,4,6,2,-1,0,1,3,5,2,5,5,0,1,7,8,2,0,2,2,0,2,1,0,1,1,1,1
KR_6712101109,420,0,67,-32,-4,0,1,1,-1,3,4,-5,0,5,2,3,1,0,4,4,-1,-6,9,-1,2,1,1,0,0,-1,1,0,-1,6,1
KR_6738847331,420,-1,-68,-8,0,-1,2,3,0,3,3,-2,0,2,3,3,0,0,0,0,-1,4,5,3,2,5,-2,0,0,1,1,-1,-1,4,1
KR_6689210354,420,2,-5,16,6,-5,2,7,4,4,0,5,7,2,1,2,1,1,2,1,0,8,-209,1,1,2,2,0,-1,-1,-1,-1,-1,6,1
KR_6734473835,420,1,19,5,5,3,3,0,0,6,6,2,3,1,1,3,2,-1,1,2,-2,-4,-10,-5,8,3,1,0,-1,-1,1,-1,-1,6,1
KR_6645492969,420,0,-10,8,5,-2,0,2,3,5,2,-1,0,1,4,4,0,1,1,0,0,-3,-1,1,2,3,0,0,0,-1,1,0,-1,1,1
KR_6715360679,420,0,25,13,3,4,6,2,-3,1,4,-5,3,8,4,5,1,3,3,0,3,9,18,5,2,7,-3,0,1,-1,1,1,1,6,1
KR_6764380751,420,4,101,-8,7,-1,0,1,5,6,1,1,2,1,2,3,1,0,1,1,0,4,7,2,0,2,1,0,2,1,1,1,1,3,1
KR_6753750789,420,4,7,-4,11,2,2,0,5,6,1,-1,1,2,4,5,1,1,1,0,0,15,-19,-1,5,4,1,0,0,1,1,0,1,3,1
KR_6729470722,420,2,-21,-12,6,1,1,0,1,2,1,1,4,3,0,3,3,3,3,0,0,5,-4,0,3,3,2,0,0,1,-1,0,1,1,1
KR_6722555151,420,7,78,30,5,3,3,0,1,3,2,3,4,1,1,5,4,-3,0,3,0,0,1,1,0,1,-2,0,3,1,1,1,1,4,1
KR_6682792906,420,3,29,7,11,0,0,0,9,13,4,-1,4,5,4,5,1,-1,0,1,0,4,6,5,1,6,-4,0,2,-1,0,1,-1,1,1
KR_6740252413,440,1,-19,21,3,2,3,1,-1,6,7,-1,1,2,2,4,2,1,1,0,0,0,-3,3,4,7,0,0,-2,1,-1,-1,-1,3,1
KR_6721402695,420,-3,-115,-20,2,0,0,0,6,8,2,1,1,0,-5,2,7,0,2,2,0,5,-28,0,4,4,26,0,0,1,1,-1,-1,5,1
KR_6745994942,420,3,12,-12,3,6,6,0,0,4,4,-4,1,5,-2,1,3,3,5,2,0,8,278,2,5,7,25,0,0,-1,0,0,-1,6,1
KR_6713267342,420,6,62,14,8,1,1,0,-3,3,6,5,5,0,5,5,0,0,0,0,0,1,8,2,2,4,3,0,1,1,-1,1,1,2,1
KR_6739993082,420,-1,-110,0,-9,-1,0,1,-3,3,6,-1,2,3,-1,3,4,-3,0,3,0,-4,-252,-1,3,2,0,0,-2,-1,1,-1,-1,5,1
KR_6738742424,420,-2,-15,-29,4,-1,1,2,5,5,0,0,0,0,-1,0,1,1,2,1,0,3,-12,-1,1,0,1,0,0,1,1,-1,-1,2,1
KR_6762694130,420,4,77,19,8,-4,0,4,2,2,0,9,9,0,2,2,0,-1,2,3,0,2,3,0,1,1,3,0,2,0,1,1,1,0,1
KR_6744149796,420,-1,-52,8,2,-4,1,5,-1,0,1,2,5,3,2,3,1,3,3,0,0,6,-8,-3,5,2,2,0,0,1,-1,0,1,6,1
KR_6659775968,420,-1,57,-19,-7,-1,3,4,2,4,2,-9,2,11,1,5,4,0,1,1,-1,-5,-10,-4,4,0,2,0,1,-1,1,1,-1,4,1
KR_6722376965,420,1,14,19,6,-4,0,4,1,3,2,1,2,1,3,4,1,5,7,2,1,5,3,1,2,3,-3,0,0,0,0,0,1,0,1
KR_6695309144,420,3,98,32,1,1,1,0,1,5,4,-2,1,3,0,2,2,1,1,0,0,-4,17,0,5,5,-4,0,1,-1,1,1,1,5,1
KR_6755515600,420,2,66,32,-1,0,1,1,2,3,1,-1,3,4,-1,3,4,-1,0,1,1,-7,3,-4,7,3,1,0,0,1,1,1,1,3,1
KR_6760204002,420,1,-29,-8,11,0,1,1,4,5,1,8,8,0,1,2,1,-2,0,2,0,2,29,6,2,8,-1,0,-1,1,-1,-1,-1,6,1
KR_6754917323,420,3,5,-7,4,0,3,3,0,3,3,-3,0,3,4,6,2,3,4,1,0,8,2,-3,4,1,4,0,2,1,-1,1,1,5,1
KR_6737987392,420,5,69,16,11,2,3,1,2,5,3,2,4,2,2,3,1,3,3,0,0,7,-103,2,1,3,-3,0,1,1,1,1,1,1,1
KR_6728751269,420,6,137,1,12,2,2,0,3,7,4,5,8,3,2,4,2,0,0,0,2,4,202,1,2,3,0,0,3,1,0,1,1,4,1
KR_6726533053,420,3,57,28,4,0,1,1,-1,0,1,0,4,4,5,7,2,0,2,2,0,-2,4,-2,4,2,-2,0,0,1,-1,0,1,1,1
KR_6736554217,420,4,79,-24,9,2,2,0,0,2,2,4,5,1,2,2,0,1,1,0,0,6,24,2,5,7,-8,0,0,-1,0,0,1,2,1
KR_6737941931,420,4,-5,-3,17,2,3,1,9,9,0,4,6,2,1,5,4,1,1,0,0,14,3,4,1,5,1,0,2,1,1,1,1,4,1
KR_6681489178,420,2,-5,12,-4,1,2,1,-2,2,4,-9,2,11,4,8,4,2,2,0,0,-5,-5,-2,8,6,-3,0,0,-1,1,-1,-1,6,1
KR_6725251626,420,-2,12,-16,-1,0,0,0,-4,2,6,-2,1,3,1,3,2,4,4,0,0,1,-1,-1,6,5,0,0,0,1,0,-1,1,3,1
KR_6733488981,420,5,60,6,7,4,4,0,8,8,0,-1,3,4,-2,0,2,-2,2,4,1,1,0,-2,3,1,-1,0,1,-1,1,1,-1,4,1
KR_6733646869,420,2,46,-31,5,0,1,1,2,3,1,-1,2,3,4,4,0,0,0,0,0,4,4,-3,3,0,2,0,0,1,0,0,-1,1,1
KR_6700699662,420,-1,-6,32,0,2,3,1,3,4,1,-7,0,7,1,3,2,1,1,0,0,1,9,0,2,2,-1,0,-1,-1,1,-1,1,5,1
KR_6762717161,420,-1,34,0,0,0,2,2,-1,1,2,-4,0,4,2,2,0,3,3,0,0,4,17,0,6,6,2,0,1,1,1,1,-1,3,1
KR_6700556155,420,0,-35,16,0,2,5,3,0,0,0,-1,0,1,2,2,0,-3,1,4,0,-1,-65,1,1,2,-2,0,0,0,1,-1,1,0,1
KR_6757550748,420,3,17,-11,6,0,4,4,0,3,3,3,4,1,5,6,1,-2,1,3,0,-2,-276,0,3,3,-4,0,1,-1,1,1,1,5,1
KR_6664313124,420,0,-48,20,4,2,2,0,0,2,2,3,5,2,0,4,4,-1,0,1,0,7,0,0,2,2,1,0,0,0,-1,1,-1,0,1
KR_6762680253,420,4,14,-20,21,4,5,1,2,4,2,5,5,0,9,9,0,1,3,2,1,17,342,4,0,4,2,0,2,1,1,1,1,2,1
KR_6762712344,420,0,-37,19,-4,0,0,0,1,1,0,2,6,4,-7,2,9,0,2,2,-1,-9,-91,-1,3,2,2,0,0,-1,1,0,-1,6,1
KR_6684988957,420,-2,54,-6,-3,5,6,1,-4,1,5,0,6,6,0,4,4,-4,0,4,1,-6,-3,3,1,4,-3,0,0,0,1,1,1,0,1
KR_6757025658,420,1,-20,-4,3,-1,0,1,4,4,0,-6,0,6,5,9,4,1,2,1,0,11,10,0,3,3,-1,0,0,-1,-1,0,1,3,1
KR_6711205955,420,6,7,34,25,7,9,2,5,6,1,2,6,4,4,5,1,7,7,0,0,25,1,-1,2,1,0,0,3,1,1,1,1,2,1
KR_6764391255,420,5,29,5,12,0,0,0,4,4,0,3,5,2,3,5,2,2,2,0,0,9,-220,2,2,4,13,0,1,-1,1,1,1,6,1
KR_6746347116,420,2,-32,-12,9,1,2,1,1,3,2,-1,3,4,7,9,2,1,2,1,0,15,-2,-1,3,2,1,0,1,-1,-1,1,-1,5,1
KR_6753331673,420,4,41,52,9,0,1,1,7,8,1,1,5,4,0,2,2,1,1,0,0,11,-208,-1,4,3,-5,0,0,-1,1,1,1,2,1
KR_6760460998,420,-1,-8,28,3,-3,3,6,-2,5,7,6,8,2,1,1,0,1,2,1,0,8,-9,0,1,1,1,0,0,-1,-1,0,-1,3,1
KR_6725859427,420,0,-38,36,-1,5,5,0,-2,0,2,0,3,3,-4,1,5,0,0,0,0,-4,-115,0,2,2,0,0,1,-1,1,1,-1,5,1
KR_6759774772,420,1,-21,21,-2,-2,2,4,-2,1,3,-2,0,2,0,2,2,4,5,1,0,-2,2,-3,4,1,-2,0,1,1,-1,-1,-1,4,1
KR_6678344524,440,-3,60,4,-2,-7,1,8,1,2,1,-2,1,3,5,5,0,1,2,1,0,3,27,-7,7,0,1,0,-1,-1,-1,-1,1,6,1
KR_6658029616,420,3,-16,36,12,1,3,2,2,4,2,6,6,0,4,5,1,-1,0,1,0,9,1,1,2,3,-1,0,0,1,1,-1,1,2,1
KR_6743071698,420,-1,-52,9,-3,-7,0,7,0,2,2,4,6,2,1,1,0,-1,0,1,-1,-6,-28,4,1,5,-3,0,1,1,0,1,-1,5,1
KR_6753094152,420,5,16,4,11,4,5,1,0,0,0,-2,0,2,8,9,1,1,1,0,0,16,-5,2,2,4,4,0,1,1,-1,1,1,3,1
KR_6761097883,420,-1,0,-28,2,0,0,0,-1,1,2,3,5,2,-1,0,1,1,1,0,0,1,2,2,2,4,-1,0,0,-1,0,0,1,6,1
KR_6753878839,420,1,55,43,10,8,10,2,3,5,2,-5,0,5,4,7,3,0,1,1,1,4,5,3,4,7,2,0,3,1,1,1,1,1,1
KR_6754123049,420,0,-28,7,2,0,2,2,1,4,3,4,4,0,0,0,0,-3,1,4,0,5,5,2,5,7,4,0,0,1,1,0,1,4,1
KR_6730677380,420,3,17,28,0,-1,2,3,-5,0,5,3,3,0,3,3,0,0,2,2,0,1,12,0,3,3,2,0,1,1,-1,1,1,3,1
KR_6676013518,420,7,28,68,1,3,3,0,-1,1,2,1,2,1,0,2,2,-2,1,3,1,-1,22,2,2,4,-4,0,0,1,1,1,1,2,1
KR_6683638308,420,2,38,2,-1,4,5,1,1,2,1,-4,0,4,0,1,1,-2,2,4,0,-5,257,0,2,2,-1,0,0,0,-1,-1,1,0,1
KR_6733342886,420,0,8,-28,2,8,9,1,3,8,5,-2,2,4,-4,1,5,-3,2,5,-1,-7,2,2,3,5,-3,0,2,-1,1,1,-1,5,1
KR_6761188109,420,-2,10,-4,-2,0,1,1,1,2,1,-1,2,3,-2,1,3,0,1,1,-1,-3,-6,-1,5,4,2,0,0,0,1,0,-1,0,1
KR_6747891960,420,2,-16,-6,-1,-1,1,2,2,2,0,-6,1,7,0,1,1,4,4,0,0,5,24,-2,4,2,3,0,0,1,0,0,-1,2,1
KR_6731420200,420,-2,6,-16,1,7,7,0,-2,1,3,-2,0,2,0,2,2,-2,0,2,1,-3,11,6,0,6,0,0,0,1,1,-1,1,4,1
KR_6745023234,420,-3,25,-32,-4,1,1,0,-2,0,2,-5,2,7,2,5,3,0,1,1,1,9,6,1,2,3,-4,0,1,-1,1,1,1,4,1
KR_6740093338,440,4,68,20,7,8,8,0,-1,2,3,0,2,2,-1,1,2,1,3,2,0,2,-5,-1,2,1,2,0,1,1,0,1,1,5,1
KR_6712324153,420,2,-22,27,4,0,5,5,1,3,2,3,3,0,0,1,1,0,3,3,0,4,-5,-4,5,1,1,0,0,0,-1,-1,-1,0,1
KR_6762454269,420,2,40,36,-1,0,2,2,4,6,2,0,2,2,-6,2,8,1,1,0,0,1,0,-2,4,2,-5,0,1,-1,1,1,1,6,1
KR_6688261852,420,4,44,3,11,5,5,0,-1,3,4,0,3,3,6,7,1,1,3,2,0,5,-18,3,2,5,-3,0,0,1,-1,0,-1,3,1
KR_6754838260,420,2,57,-20,17,3,5,2,3,4,1,7,8,1,3,3,0,1,3,2,0,12,-430,6,1,7,1,0,2,1,0,1,1,1,1
KR_6760213140,420,3,70,36,3,-1,1,2,0,0,0,-1,0,1,2,3,1,3,3,0,0,8,-7,0,4,4,3,0,1,1,-1,1,1,4,1
KR_6760752793,420,3,82,24,8,2,3,1,5,6,1,-1,2,3,2,3,1,0,2,2,0,8,17,-2,4,2,3,0,1,-1,-1,1,1,4,1
KR_6758593275,420,5,54,13,9,5,5,0,1,2,1,0,2,2,-2,2,4,5,5,0,0,6,5,0,3,3,2,0,2,-1,0,1,1,5,1
KR_6713375051,420,1,59,-7,2,0,0,0,-3,1,4,0,2,2,4,4,0,1,1,0,0,1,-5,1,1,2,3,0,1,1,0,1,-1,1,1
KR_6758581588,420,2,3,25,2,2,3,1,-3,0,3,5,5,0,-1,0,1,-1,1,2,0,-3,21,-2,5,3,-5,0,0,1,1,0,1,2,1
KR_6702837171,420,1,-19,28,-2,7,7,0,-2,0,2,-3,0,3,-2,1,3,-2,0,2,-1,-7,-5,0,2,2,2,0,0,1,1,-1,-1,1,1
KR_6693350695,420,-1,43,36,-1,-1,1,2,1,1,0,2,2,0,-3,3,6,0,0,0,1,-7,3,0,3,3,1,0,-1,0,0,-1,1,0,1
KR_6687257817,420,-2,-52,19,-7,2,4,2,-1,3,4,-3,1,4,-4,1,5,-1,1,2,0,-6,13,-4,5,1,1,0,0,-1,0,1,-1,3,1
KR_6755574476,420,3,87,24,3,-1,0,1,2,2,0,-1,0,1,2,2,0,1,3,2,0,2,14,6,0,6,-3,0,1,1,1,1,1,1,1
KR_6698625106,420,5,-109,84,14,7,7,0,2,2,0,-1,3,4,6,7,1,0,0,0,0,10,2,-1,1,0,-2,0,3,1,1,1,1,3,1
KR_6739851141,420,-1,22,-24,-1,-3,1,4,2,5,3,4,4,0,-1,0,1,-3,1,4,0,2,2,6,0,6,-2,0,1,1,-1,1,1,5,1
KR_6707012159,420,0,33,-21,2,-3,0,3,-2,0,2,1,2,1,4,5,1,2,3,1,0,7,115,-3,6,3,2,0,1,1,1,1,-1,5,1
KR_6732598464,420,3,70,41,0,2,3,1,-4,0,4,2,2,0,0,0,0,0,0,0,0,-6,7,5,2,7,-4,0,1,0,-1,1,-1,0,1
KR_6762813778,420,5,-5,4,10,0,2,2,2,4,2,4,4,0,3,4,1,1,4,3,0,8,0,2,1,3,1,0,1,1,-1,1,1,1,1
KR_6759508550,420,2,32,10,9,3,3,0,4,6,2,8,12,4,-6,3,9,0,0,0,1,6,219,-2,2,0,-3,0,3,0,1,1,1,0,1
KR_6657367524,420,4,17,28,8,0,3,3,5,5,0,1,1,0,-2,2,4,4,5,1,0,8,117,1,5,6,-1,0,2,1,1,1,-1,2,1
KR_6753584585,420,3,28,20,7,3,5,2,4,4,0,0,2,2,0,3,3,0,0,0,0,3,-30,4,1,5,27,0,1,1,1,1,1,1,1
KR_6756812136,420,-2,-27,-4,-1,1,1,0,-1,1,2,-2,0,2,1,2,1,0,1,1,0,0,-10,-1,4,3,3,0,0,0,1,0,-1,0,1
KR_6735526952,420,1,8,12,-2,-1,0,1,2,5,3,-3,0,3,1,4,3,-1,0,1,-2,-3,-3,-2,4,2,0,0,1,1,1,1,-1,2,1
KR_6638429044,420,-1,10,-3,1,0,0,0,-2,0,2,-2,0,2,1,1,0,4,4,0,0,4,10,-2,3,1,2,0,0,-1,1,0,-1,1,1
KR_6661012083,420,2,21,20,13,3,3,0,5,5,0,4,4,0,1,2,1,0,1,1,0,6,170,1,3,4,-1,0,2,1,1,1,-1,6,1
KR_6752829489,420,-3,92,-40,-3,1,3,2,1,3,2,-2,0,2,-4,1,5,1,1,0,0,-5,61,5,1,6,-31,0,0,1,-1,0,1,2,1
KR_6749889645,420,-2,-59,8,-1,-3,0,3,3,4,1,1,3,2,0,1,1,-2,1,3,0,0,5,3,1,4,0,0,0,1,1,0,1,5,1
KR_6757475244,420,1,-14,20,1,3,4,1,-1,3,4,-2,2,4,-1,4,5,2,2,0,0,-4,4,-1,3,2,1,0,1,1,1,1,-1,4,1
KR_6735663707,420,-1,22,20,2,-3,2,5,6,9,3,2,2,0,-3,0,3,0,1,1,-2,-14,1,-1,1,0,-1,0,2,1,1,1,-1,5,1
KR_6762370029,420,2,-27,-4,8,2,4,2,5,5,0,5,5,0,2,4,2,-6,0,6,0,-4,-39,2,0,2,11,0,1,1,-1,-1,1,1,1
KR_6745291554,420,1,25,4,-6,2,3,1,0,5,5,-1,5,6,-6,1,7,-1,1,2,0,-9,-11,0,2,2,2,0,1,1,-1,1,-1,5,1
KR_6657891162,420,4,27,111,10,0,2,2,-2,0,2,0,2,2,12,13,1,0,0,0,0,6,8,3,3,6,2,0,3,0,1,1,1,0,1
KR_6723329994,420,0,14,-8,3,1,1,0,2,4,2,1,1,0,-1,0,1,0,2,2,0,2,-3,1,4,5,-4,0,0,0,0,0,1,0,1
KR_6731769654,440,0,-26,1,3,2,2,0,1,3,2,0,4,4,1,1,0,-1,3,4,0,2,28,4,0,4,-2,0,-1,-1,1,-1,1,3,1
KR_6753591412,420,3,60,17,6,2,3,1,0,1,1,1,2,1,4,5,1,-1,0,1,0,3,10,3,2,5,2,0,1,-1,-1,1,1,1,1
KR_6742791998,440,-1,11,-4,1,5,5,0,-1,2,3,0,1,1,-4,0,4,1,2,1,0,-5,-4,-3,6,3,-1,0,0,-1,1,-1,1,6,1
KR_6757942806,420,2,77,0,5,5,5,0,0,1,1,3,5,2,-2,1,3,-1,1,2,0,-1,-12,3,0,3,0,0,1,1,-1,1,1,4,1
KR_6751383149,420,-2,-18,-16,1,-1,3,4,0,2,2,-3,0,3,3,6,3,2,2,0,0,10,7,-2,5,3,2,0,0,-1,-1,0,1,4,1
KR_6727620850,420,3,27,-4,15,1,2,1,0,0,0,2,6,4,7,10,3,5,5,0,0,15,-1,5,4,9,1,0,0,1,1,0,-1,2,1
KR_6742714541,420,5,72,28,12,-6,0,6,4,5,1,5,6,1,4,4,0,5,6,1,0,9,-24,-2,4,2,33,0,1,1,-1,1,1,2,1
KR_6759698539,420,2,96,20,6,3,5,2,3,4,1,0,2,2,3,4,1,-3,1,4,0,7,-7,1,3,4,-3,0,0,1,1,1,-1,5,1
KR_6764582617,420,2,19,20,7,6,9,3,3,4,1,1,4,3,-5,4,9,2,3,1,-1,7,-2,0,4,4,0,0,2,1,1,1,-1,1,1
KR_6619381611,420,-1,56,0,0,2,4,2,2,3,1,-3,1,4,-1,2,3,0,1,1,0,-1,7,2,4,6,-1,0,1,1,-1,1,1,3,1
KR_6749791376,420,8,120,-25,18,1,2,1,4,4,0,5,6,1,4,4,0,4,4,0,1,14,4,2,0,2,-2,0,3,1,1,1,1,5,1
KR_6695342791,440,7,64,-20,16,0,3,3,3,5,2,4,5,1,5,6,1,4,4,0,0,15,20,4,1,5,-1,0,2,1,1,1,1,5,1
KR_6759024456,420,2,12,13,4,-2,1,3,-1,2,3,4,5,1,5,5,0,-2,1,3,0,0,4,4,1,5,1,0,1,1,0,1,1,5,1
KR_6762943526,420,5,11,12,11,-1,1,2,1,2,1,0,3,3,6,6,0,5,5,0,0,10,1,0,3,3,2,0,0,-1,-1,0,1,6,1
KR_6753671632,420,0,-6,23,-6,3,5,2,-3,1,4,-6,1,7,0,3,3,0,0,0,1,-1,67,-4,5,1,-23,0,0,-1,-1,0,1,1,1
KR_6727608078,420,0,65,7,6,-1,1,2,0,5,5,0,2,2,4,4,0,3,3,0,0,7,5,0,3,3,-2,0,1,1,1,1,1,1,1
KR_6748724071,420,-1,83,-7,0,-3,2,5,-3,2,5,-1,5,6,7,11,4,0,1,1,4,3,3,0,4,4,1,0,1,-1,-1,1,1,3,1
KR_6753824030,420,1,26,-24,-3,4,4,0,-3,2,5,2,3,1,2,4,2,-8,1,9,0,-8,-3,-2,3,1,-2,0,2,1,1,1,1,1,1
KR_6764205575,420,3,33,8,8,1,5,4,0,1,1,7,8,1,0,1,1,0,1,1,0,-7,-7,-3,3,0,2,1,3,1,1,1,1,1,1
KR_6747338369,420,0,-4,36,-3,11,11,0,-5,0,5,-4,0,4,-3,0,3,-2,0,2,-1,-15,6,1,0,1,-1,0,1,-1,1,1,-1,1,1
KR_6639775042,420,4,34,11,7,2,4,2,1,1,0,6,8,2,0,0,0,-2,0,2,0,10,-23,1,1,2,-2,0,0,1,1,0,-1,2,1
KR_6728302374,420,1,42,-32,3,-3,2,5,-1,2,3,7,10,3,1,5,4,-1,0,1,0,-1,3,-2,2,0,3,0,0,-1,-1,1,-1,5,1
KR_6694320463,420,-2,-48,-20,3,1,1,0,0,4,4,-2,0,2,4,4,0,0,4,4,0,8,-30,-2,3,1,31,0,1,-1,1,-1,1,3,1
KR_6764539597,420,4,-7,20,6,0,2,2,2,3,1,2,2,0,1,5,4,1,2,1,0,3,-139,-2,4,2,-1,0,0,-1,0,0,1,4,1
KR_6727564547,420,2,-1,26,7,0,3,3,3,3,0,-4,2,6,1,3,2,7,9,2,1,1,-387,0,1,1,0,0,0,1,-1,0,1,1,1
KR_6761394915,420,2,-28,4,-3,-1,1,2,4,4,0,-4,0,4,-1,1,2,-1,1,2,0,-1,33,2,2,4,-19,0,0,-1,1,0,-1,5,1
KR_6641711439,420,-5,48,-32,-8,-1,4,5,-4,1,5,-4,0,4,2,2,0,-1,0,1,0,-6,-4,1,2,3,1,0,1,-1,1,1,1,1,1
KR_6762467061,420,5,21,16,14,3,3,0,2,5,3,1,5,4,2,5,3,6,6,0,-2,15,18,2,2,4,0,0,2,-1,1,1,-1,2,1
KR_6732287648,420,3,28,20,6,0,0,0,2,2,0,3,4,1,3,3,0,-2,1,3,0,5,9,4,3,7,3,0,-1,1,-1,-1,1,2,1
KR_6749940772,420,2,108,4,9,1,5,4,2,5,3,-3,1,4,7,9,2,2,2,0,1,10,404,-2,3,1,2,0,0,-1,0,1,-1,6,1
KR_6763324374,440,4,19,-24,8,-2,1,3,5,5,0,6,6,0,4,6,2,-5,0,5,2,17,6,3,1,4,-2,0,1,1,0,1,1,3,1
KR_6723470002,420,2,97,-20,17,13,13,0,5,5,0,-1,2,3,0,1,1,0,2,2,1,3,-8,2,1,3,0,0,0,0,0,1,1,0,1
KR_6728593603,440,4,100,27,10,6,6,0,3,4,1,0,1,1,-1,3,4,2,3,1,1,2,3,-3,6,3,2,0,2,-1,1,1,1,5,1
KR_6739380389,420,0,-29,7,-9,3,4,1,0,2,2,-2,2,4,-6,2,8,-4,0,4,-1,-8,-4,1,3,4,-2,0,0,-1,1,0,-1,2,1
KR_6761354942,420,3,89,23,11,1,3,2,2,3,1,8,9,1,2,2,0,-2,0,2,0,7,-4,-4,4,0,1,0,1,1,1,1,1,6,1
KR_6761228665,420,5,41,35,11,0,0,0,0,1,1,-2,0,2,9,9,0,4,4,0,0,17,-3,-2,4,2,1,0,1,0,1,1,1,0,1
KR_6699106796,440,1,2,-1,1,0,2,2,1,2,1,-5,2,7,4,9,5,1,2,1,0,3,3,-1,4,3,-1,0,0,1,-1,0,-1,3,1
KR_6754212817,420,1,48,-5,0,0,1,1,0,5,5,0,1,1,-2,2,4,2,2,0,0,-4,-14,-5,6,1,-2,0,0,-1,1,0,-1,2,1
KR_6698467612,420,1,41,-4,7,5,7,2,0,2,2,-2,3,5,4,6,2,0,1,1,0,-4,-2,3,2,5,3,0,2,-1,1,1,1,5,1
KR_6723244124,420,0,39,7,3,1,5,4,0,2,2,1,2,1,-1,3,4,2,2,0,1,-4,-102,5,1,6,-2,0,0,0,1,1,1,0,1
KR_6757978091,420,0,-43,-15,0,-5,0,5,0,1,1,4,4,0,0,1,1,1,1,0,0,0,-36,-1,6,5,18,0,0,1,-1,1,1,6,1
KR_6674082777,420,-1,-9,16,-7,-6,0,6,-2,3,5,4,4,0,-1,1,2,-2,3,5,0,-7,-269,2,2,4,-2,0,-1,-1,1,-1,-1,6,1
KR_6730006670,420,3,-42,16,11,-2,2,4,3,3,0,3,4,1,6,7,1,1,2,1,0,8,1,-2,4,2,4,0,1,-1,0,1,1,4,1
KR_6749910189,420,0,-46,-12,9,-1,2,3,1,1,0,-3,0,3,10,12,2,2,4,2,0,14,-6,-1,2,1,-1,0,0,-1,1,0,1,1,1
KR_6743203782,440,5,83,38,5,1,2,1,4,6,2,2,2,0,0,4,4,-2,0,2,0,3,-2,2,1,3,0,0,2,1,1,1,-1,2,1
KR_6706509644,420,3,66,12,7,1,2,1,2,2,0,1,1,0,4,5,1,-1,0,1,0,3,-17,2,4,6,3,0,1,1,0,1,1,3,1
KR_6647427040,420,2,41,-8,4,1,2,1,0,1,1,1,3,2,1,3,2,1,1,0,0,0,-49,-1,2,1,0,0,1,-1,1,1,1,2,1
KR_6760532277,420,-1,-44,40,2,2,4,2,-1,2,3,4,4,0,1,2,1,-4,1,5,0,5,282,-3,4,1,2,0,-1,1,1,-1,-1,6,1
KR_6756008332,420,7,132,-8,14,10,10,0,0,4,4,4,5,1,-1,2,3,1,2,1,1,7,-40,0,3,3,13,0,3,0,0,1,1,0,1
KR_6717861862,420,4,63,11,5,2,3,1,3,4,1,0,1,1,0,1,1,0,0,0,0,5,-2,-2,3,1,-2,0,0,-1,-1,0,1,4,1
KR_6720435610,420,0,38,-5,1,1,1,0,2,4,2,2,2,0,-3,1,4,-1,0,1,0,-2,-10,-2,3,1,2,0,-1,-1,1,-1,1,1,1
KR_6745477946,420,2,5,2,6,2,2,0,2,3,1,0,1,1,2,3,1,0,2,2,0,3,2,2,5,7,0,0,0,1,-1,0,1,1,1
KR_6692539059,420,0,-12,-20,7,-2,0,2,-1,1,2,7,8,1,2,2,0,1,2,1,-1,7,3,-3,6,3,0,0,0,1,-1,0,-1,3,1
KR_6752910545,420,1,36,20,3,1,2,1,-1,1,2,2,2,0,0,1,1,1,2,1,0,2,-5,-1,2,1,-2,0,3,-1,1,1,1,6,1
KR_6693663055,420,2,-7,-4,1,2,3,1,-3,3,6,1,1,0,3,7,4,-2,0,2,0,-4,-41,1,6,7,24,0,1,-1,1,1,1,3,1
KR_6759278629,420,1,1,16,10,-2,2,4,3,4,1,2,4,2,8,8,0,-1,0,1,0,14,256,2,1,3,-1,0,3,0,1,1,-1,0,1
KR_6717324100,420,1,9,8,-4,0,1,1,-1,1,2,-2,1,3,0,4,4,-1,1,2,0,-8,-3,1,2,3,3,0,0,1,1,1,-1,6,1
KR_6762558646,420,2,32,-16,6,3,4,1,0,4,4,4,7,3,-1,1,2,0,0,0,0,0,-83,1,2,3,0,0,0,-1,1,1,1,1,1
KR_6754946196,420,-4,-17,8,-11,-3,1,4,1,5,4,-4,2,6,-5,1,6,0,3,3,-1,-12,7,0,4,4,0,0,0,1,-1,-1,-1,3,1
KR_6750656045,420,5,56,-8,16,3,3,0,2,3,1,5,6,1,5,7,2,1,2,1,0,21,4,-1,3,2,3,0,0,-1,1,1,1,3,1
KR_6726426201,420,-1,-15,12,-1,-2,0,2,-1,4,5,4,6,2,1,1,0,-3,1,4,0,-1,-11,0,5,5,3,0,0,1,1,0,1,4,1
KR_6703829535,420,1,2,-6,7,-1,3,4,-1,2,3,9,10,1,0,1,1,0,0,0,1,2,-348,0,3,3,1,0,0,-1,-1,0,1,2,1
KR_6749919264,420,1,-5,-8,8,-3,1,4,9,9,0,0,4,4,4,7,3,-2,1,3,-2,8,235,2,0,2,20,0,2,1,1,-1,-1,1,1
KR_6733436111,420,1,-2,32,6,0,0,0,7,8,1,3,5,2,-5,1,6,1,2,1,0,3,-7,-1,7,6,6,0,1,-1,1,1,-1,4,1
KR_6739153427,420,1,53,-21,1,-2,1,3,-4,0,4,4,4,0,1,5,4,2,3,1,-1,0,-7,3,2,5,2,0,2,0,1,1,-1,0,1
KR_6621950357,420,2,21,-28,8,-2,1,3,0,3,3,7,7,0,3,5,2,0,0,0,0,9,-8,1,1,2,2,0,2,1,1,1,1,6,1
KR_6753320469,420,-8,-84,-14,-25,-6,3,9,1,3,2,-1,2,3,-8,0,8,-11,2,13,-1,-12,-7,0,2,2,0,0,-1,0,1,-1,-1,0,1
KR_6750899706,420,5,-36,36,9,5,5,0,3,4,1,1,3,2,0,1,1,0,0,0,0,6,21,-1,4,3,2,0,0,1,0,0,1,3,1
KR_6733761651,420,0,-11,-4,0,-2,0,2,2,3,1,1,3,2,-1,0,1,0,1,1,0,2,-5,-1,2,1,0,0,0,1,0,0,-1,5,1
KR_6751251807,420,-1,-39,20,-4,1,3,2,0,2,2,2,2,0,0,2,2,-7,0,7,-2,0,-6,1,3,4,-2,0,2,0,1,1,-1,0,1
KR_6738119573,420,4,5,1,2,-1,0,1,3,6,3,2,4,2,0,1,1,-2,4,6,0,-2,-1,3,1,4,0,0,-1,1,1,-1,-1,2,1
KR_6753963129,420,0,32,8,2,2,3,1,-1,0,1,-2,1,3,5,5,0,-2,1,3,0,0,-134,0,5,5,0,0,0,-1,-1,0,1,3,1
KR_6755602185,420,1,40,-8,-3,1,1,0,-1,2,3,0,1,1,-2,2,4,-1,0,1,-1,-3,7,-1,6,5,1,0,1,1,1,1,-1,6,1
KR_6649138362,420,2,11,12,-2,-1,2,3,-1,2,3,7,8,1,-3,0,3,-4,0,4,0,-8,-3,3,0,3,-1,0,0,1,0,-1,1,1,1
KR_6762984283,420,5,53,39,10,4,4,0,2,2,0,0,2,2,4,4,0,0,2,2,0,7,32,-1,6,5,1,0,0,0,0,1,1,0,1
KR_6730277190,420,-1,58,32,0,-1,1,2,2,6,4,3,6,3,-3,0,3,-1,0,1,3,2,9,3,0,3,1,0,1,1,1,1,1,1,1
KR_6748958129,420,1,82,-13,5,1,2,1,-2,3,5,1,4,3,6,8,2,-1,2,3,1,7,38,3,1,4,-25,0,0,-1,1,1,1,1,1
KR_6749182455,440,1,41,0,2,1,2,1,4,4,0,0,1,1,-2,0,2,-1,1,2,0,4,38,4,1,5,-34,0,0,0,1,0,1,0,1
KR_6763170742,420,1,71,-8,2,0,2,2,1,3,2,-1,0,1,4,4,0,-2,1,3,0,7,0,0,4,4,2,0,0,-1,0,0,1,4,1
KR_6762300826,420,-1,-4,0,4,2,2,0,-1,0,1,4,8,4,-3,1,4,2,2,0,0,6,-1,-3,3,0,1,0,0,1,1,0,1,3,1
KR_6757933346,440,3,20,16,8,4,4,0,-1,4,5,1,3,2,3,5,2,1,1,0,1,8,-2,0,6,6,2,0,2,1,1,1,1,1,1
KR_6707646406,440,-1,29,22,-4,0,1,1,-1,2,3,0,2,2,-5,0,5,2,5,3,-4,-7,-292,-1,4,3,-1,0,-2,-1,-1,-1,-1,3,1
KR_6719381378,420,4,-2,20,18,0,1,1,3,4,1,10,10,0,4,4,0,1,3,2,-1,7,-6,-2,4,2,2,0,2,-1,-1,1,-1,1,1
KR_6647315204,420,2,-31,-50,6,1,2,1,3,6,3,0,0,0,1,2,1,1,1,0,1,10,248,1,2,3,1,0,1,1,-1,1,1,2,1
KR_6736417138,420,5,41,12,9,-1,0,1,7,7,0,-1,1,2,1,3,2,3,3,0,0,11,12,0,1,1,0,0,1,1,1,1,1,3,1
KR_6715136897,420,1,63,-6,2,1,2,1,0,0,0,4,4,0,-2,2,4,-1,1,2,0,-2,-26,1,3,4,-3,0,0,1,1,0,1,3,1
KR_6756590708,420,-1,9,-12,-8,-2,2,4,4,6,2,-5,2,7,-1,4,5,-4,0,4,0,3,26,1,3,4,0,0,-1,-1,1,-1,-1,2,1
KR_6759988041,420,1,21,28,-5,0,0,0,-3,3,6,-1,3,4,0,2,2,-1,0,1,0,-6,-64,0,3,3,0,0,0,-1,-1,0,-1,4,1
KR_6706850759,440,5,64,6,10,9,11,2,7,8,1,-1,2,3,2,3,1,-7,0,7,-1,7,8,0,1,1,-3,0,2,1,0,1,-1,2,1
KR_6743223167,420,1,-12,-24,12,2,3,1,3,3,0,0,5,5,7,8,1,0,1,1,2,19,1,-1,2,1,-2,0,1,1,-1,1,1,3,1
KR_6706482250,420,-3,-12,-16,-1,-4,3,7,-2,3,5,3,3,0,3,4,1,-1,0,1,1,14,1,2,0,2,0,0,2,1,1,1,1,6,1
KR_6753330648,420,1,64,-8,3,-5,1,6,3,6,3,0,4,4,4,5,1,1,4,3,0,6,435,6,0,6,1,0,0,-1,1,-1,1,6,1
KR_6652830073,420,7,102,66,14,6,7,1,0,0,0,2,3,1,3,3,0,3,5,2,2,5,50,3,0,3,-9,0,3,1,1,1,1,1,1
KR_6643884149,420,0,32,-24,-2,2,2,0,-6,2,8,2,2,0,-1,0,1,1,1,0,-1,-12,6,1,2,3,1,0,0,1,1,0,-1,3,1
KR_6634131432,420,1,63,-1,4,1,3,2,1,2,1,7,7,0,-5,2,7,0,3,3,0,-6,3,0,2,2,3,0,1,1,1,1,1,4,1
KR_6761773870,420,5,74,34,10,3,3,0,2,3,1,2,3,1,2,4,2,1,2,1,0,5,-14,-2,3,1,2,0,0,0,0,0,1,0,1
KR_6761109804,420,2,-43,-15,0,0,2,2,3,3,0,-1,2,3,0,1,1,-2,1,3,0,0,-6,2,2,4,-4,0,-1,1,-1,-1,-1,3,1
KR_6684106599,420,4,57,-26,16,-2,1,3,4,4,0,4,4,0,8,10,2,2,3,1,0,13,15,0,1,1,1,0,2,1,-1,1,-1,6,1
KR_6763142042,420,4,44,32,13,4,5,1,4,6,2,-2,3,5,8,9,1,-1,4,5,2,5,10,3,0,3,1,0,0,1,1,1,1,3,1
KR_6744025382,420,1,22,-1,-1,0,0,0,2,3,1,1,1,0,-1,2,3,-3,0,3,0,0,115,1,3,4,-2,0,0,-1,-1,0,-1,5,1
KR_6636205952,420,0,59,1,11,-2,2,4,6,6,0,3,6,3,2,2,0,2,2,0,-1,12,-2,2,3,5,4,0,1,-1,-1,1,-1,5,1
KR_6667929071,420,-2,8,-3,-4,1,1,0,-6,1,7,-4,0,4,2,4,2,3,4,1,0,1,-30,0,1,1,27,0,1,-1,-1,1,-1,6,1
KR_6759274260,420,5,71,60,6,1,4,3,1,4,3,3,4,1,4,4,0,-3,3,6,0,2,164,-1,3,2,2,0,3,1,1,1,-1,6,1
KR_6683262810,420,0,6,21,2,0,1,1,2,4,2,3,4,1,0,2,2,-3,0,3,-1,-1,-6,1,4,5,0,0,0,1,-1,0,-1,3,1
KR_6756318541,420,0,-29,12,-4,1,3,2,-2,2,4,2,3,1,-6,1,7,1,1,0,0,-6,-6,-2,3,1,1,0,-1,1,-1,-1,-1,1,1
KR_6746115019,420,8,83,40,17,5,6,1,3,3,0,6,8,2,1,3,2,2,2,0,0,10,11,0,1,1,1,0,4,1,1,1,-1,3,1
KR_6666786577,440,9,34,4,25,3,5,2,6,6,0,6,7,1,7,8,1,3,3,0,0,17,165,1,0,1,-1,0,3,1,1,1,-1,5,1
KR_6760943204,420,2,30,2,7,0,2,2,2,3,1,3,6,3,0,1,1,2,2,0,0,3,16,0,3,3,3,0,0,1,-1,0,1,5,1
KR_6753365524,420,5,121,-8,16,-2,1,3,2,4,2,2,3,1,4,4,0,10,10,0,1,25,10,2,0,2,0,0,1,1,0,1,1,5,1
KR_6748419465,420,-1,2,-35,0,1,1,0,1,2,1,1,3,2,-1,0,1,-2,0,2,0,1,-7,0,1,1,0,0,-2,0,1,-1,1,0,1
KR_6762218562,420,2,-35,19,0,1,2,1,2,4,2,-6,0,6,2,3,1,1,1,0,0,5,11,3,0,3,0,0,0,1,0,0,-1,6,1
KR_6743097133,420,3,16,-28,3,3,4,1,0,1,1,3,4,1,-3,0,3,0,2,2,0,3,303,-2,3,1,3,0,1,-1,1,1,1,5,1
KR_6718523588,420,0,82,40,-3,-2,0,2,-3,2,5,-3,0,3,3,5,2,2,3,1,0,-1,-25,-6,7,1,-2,0,2,1,1,1,1,1,1
KR_6751185809,440,0,1,-36,1,-2,1,3,2,3,1,-2,2,4,2,6,4,1,4,3,0,6,-9,-1,1,0,1,0,2,1,1,1,-1,1,1
KR_6688733151,420,1,-54,4,6,1,1,0,3,4,1,-4,0,4,4,4,0,2,2,0,0,9,5,3,1,4,1,0,1,1,1,1,1,4,1
KR_6741364306,420,2,-12,26,2,1,2,1,2,5,3,-2,0,2,6,7,1,-5,0,5,0,-1,54,6,3,9,-21,0,1,-1,1,1,-1,2,1
KR_6754177574,420,0,-1,4,-3,-1,1,2,0,2,2,-1,0,1,0,1,1,-1,3,4,-1,-9,246,1,3,4,3,0,0,1,1,0,-1,3,1
KR_6753844095,420,0,-5,8,5,-3,1,4,-1,3,4,3,3,0,4,7,3,2,2,0,2,5,-6,-3,5,2,5,0,3,1,1,1,1,2,1
KR_6722663057,420,-3,-120,4,-4,-3,2,5,-1,1,2,1,4,3,-2,3,5,1,3,2,0,-2,-60,1,2,3,14,0,0,1,-1,-1,-1,1,1
KR_6720477263,420,-4,10,-51,-9,1,3,2,-2,0,2,-3,0,3,-2,0,2,-3,1,4,0,-14,7,2,1,3,-3,0,0,0,0,0,-1,0,1
KR_6695266245,420,5,110,40,7,1,3,2,3,3,0,4,4,0,2,3,1,-3,1,4,0,5,-4,3,0,3,0,0,4,1,1,1,-1,2,1
KR_6763472835,420,2,-1,20,5,1,1,0,0,1,1,1,1,0,-3,0,3,6,6,0,0,4,5,-3,3,0,0,0,0,-1,1,1,1,1,1
KR_6763034097,420,7,99,8,20,5,5,0,0,2,2,2,5,3,13,13,0,0,1,1,1,11,-10,3,0,3,4,0,2,1,1,1,1,1,1
KR_6678140868,420,-1,-98,20,0,0,2,2,-1,1,2,1,2,1,0,1,1,0,1,1,0,-5,-170,2,0,2,0,0,-1,-1,1,-1,1,2,1
KR_6750811899,420,2,11,11,5,9,9,0,0,1,1,-5,1,6,1,5,4,0,0,0,0,7,-5,2,1,3,7,0,1,1,-1,-1,1,1,1
KR_6707619444,420,5,55,-8,10,11,12,1,2,5,3,-4,1,5,3,3,0,-2,0,2,-1,4,-6,0,4,4,1,0,1,0,1,1,-1,0,1
KR_6762379979,420,-2,8,-25,-2,-2,0,2,2,5,3,0,2,2,-1,1,2,-1,0,1,0,-1,-115,-1,2,1,0,0,-1,-1,1,1,-1,3,1
KR_6685008227,420,6,90,57,15,4,5,1,8,9,1,1,2,1,4,6,2,-2,0,2,0,5,1,1,2,3,-1,0,1,1,0,1,-1,1,1
KR_6755204226,420,2,22,9,2,2,2,0,1,1,0,-1,1,2,1,1,0,-1,0,1,0,1,6,1,1,2,-1,0,0,-1,-1,0,1,2,1
KR_6704945409,420,5,8,18,5,1,1,0,3,3,0,0,1,1,4,5,1,-3,1,4,-1,-1,6,1,0,1,0,0,1,0,1,1,-1,0,1
KR_6728328466,420,7,88,8,16,5,5,0,3,5,2,1,3,2,3,4,1,4,4,0,1,19,-8,0,1,1,3,0,1,1,-1,1,1,4,1
KR_6761155213,420,0,17,6,-6,-2,1,3,0,3,3,-4,2,6,1,5,4,-1,0,1,1,-2,371,1,5,6,-1,0,0,1,1,0,1,2,1
KR_6686420076,420,-1,5,0,2,-1,1,2,6,6,0,-2,1,3,-1,3,4,0,0,0,0,6,4,4,0,4,0,0,0,1,-1,0,1,4,1
KR_6762259811,420,1,27,8,4,4,4,0,1,3,2,-1,5,6,-1,1,2,1,1,0,0,2,-2,4,0,4,-1,0,0,0,1,-1,-1,0,1
KR_6743614090,420,0,44,-28,4,3,5,2,-1,3,4,0,1,1,1,3,2,1,3,2,0,-2,3,6,1,7,-4,0,1,-1,-1,1,1,6,1
KR_6759552269,440,6,-6,12,8,5,5,0,1,3,2,5,6,1,-2,1,3,-1,1,2,0,-1,1,3,2,5,-2,0,1,1,1,1,-1,6,1
KR_6658764753,420,3,44,24,2,1,2,1,1,3,2,1,1,0,0,4,4,-1,1,2,0,3,-2,-3,4,1,3,0,0,-1,1,0,-1,5,1
KR_6753902144,420,5,139,28,13,1,1,0,1,2,1,7,8,1,3,3,0,1,1,0,1,3,1,2,0,2,2,0,2,1,0,1,1,5,1
KR_6682891026,420,3,-15,8,4,-5,0,5,5,6,1,6,6,0,2,3,1,-4,0,4,-1,4,-1,-6,6,0,1,0,0,1,1,1,-1,3,1
KR_6764278156,440,8,149,-4,22,7,7,0,0,0,0,10,11,1,1,3,2,4,5,1,0,8,5,-2,3,1,-1,0,4,1,1,1,1,3,1
KR_6649464504,420,3,38,28,7,-2,0,2,5,5,0,-1,1,2,2,8,6,3,3,0,1,6,-8,2,2,4,1,0,1,0,-1,1,1,0,1
KR_6735453121,420,3,35,16,3,3,3,0,-3,1,4,3,5,2,0,2,2,0,0,0,0,-2,-3,0,4,4,5,0,0,0,0,0,-1,0,1
KR_6763451565,440,-3,1,-5,-3,0,0,0,-8,2,10,7,7,0,-2,1,3,0,1,1,-1,2,-9,-1,5,4,3,0,-1,1,0,-1,-1,2,1
KR_6731168694,420,0,-10,-13,3,-2,2,4,1,3,2,-3,2,5,-1,1,2,8,8,0,1,7,27,-1,6,5,4,0,0,-1,-1,-1,1,5,1
KR_6711239433,420,6,105,33,20,10,11,1,6,6,0,4,4,0,0,2,2,0,1,1,2,14,-285,0,2,2,3,0,2,0,1,1,1,0,1
KR_6754244824,420,0,17,4,5,1,4,3,4,4,0,-1,2,3,2,4,2,-1,2,3,0,-1,5,1,2,3,2,0,2,1,0,1,-1,5,1
KR_6741335005,420,5,96,-20,9,7,8,1,2,2,0,3,4,1,-2,1,3,-1,0,1,0,3,13,3,2,5,-1,0,3,-1,-1,1,1,5,1
KR_6761575031,440,5,84,-2,12,2,2,0,9,10,1,-8,1,9,7,7,0,2,2,0,1,15,0,4,1,5,1,0,0,0,1,1,1,0,1
KR_6764206749,440,4,41,2,3,8,8,0,-3,0,3,-3,2,5,0,1,1,1,1,0,0,-2,132,0,1,1,15,0,2,0,1,1,1,0,1
KR_6753137778,420,3,76,-6,-2,0,2,2,-2,3,5,-7,0,7,3,5,2,4,5,1,0,2,7,3,3,6,2,0,1,1,-1,1,1,2,1
KR_6695335629,420,2,65,22,-4,-2,2,4,-6,4,10,7,10,3,-2,0,2,-1,0,1,0,-1,-341,5,0,5,-3,0,0,0,0,-1,1,0,1
KR_6753538421,420,1,-11,-1,2,-1,0,1,3,3,0,0,1,1,0,2,2,0,0,0,0,4,458,4,2,6,-5,0,0,1,0,0,1,5,1
KR_6755669149,420,-7,-61,-28,-19,-1,2,3,-3,1,4,-7,0,7,-5,0,5,-3,0,3,0,-15,9,1,3,4,-2,0,-1,-1,-1,-1,-1,6,1
KR_6713665732,420,1,-14,14,0,6,7,1,-1,2,3,-1,3,4,-3,3,6,-1,0,1,0,-4,-7,0,6,6,-3,0,1,-1,0,1,1,1,1
KR_6683205494,420,3,117,16,9,2,2,0,1,2,1,7,7,0,0,2,2,-1,1,2,0,5,0,2,1,3,-1,0,1,-1,1,1,1,1,1
KR_6743314491,440,2,40,4,4,3,4,1,1,2,1,2,4,2,2,3,1,-4,1,5,0,6,0,-1,2,1,2,0,1,-1,0,1,1,5,1
KR_6736964149,420,-3,7,32,0,3,4,1,-2,0,2,-3,2,5,1,5,4,1,1,0,-1,-1,-173,-1,2,1,3,0,1,-1,1,1,-1,4,1
KR_6637289187,420,6,120,12,8,3,3,0,-2,0,2,3,6,3,4,4,0,0,1,1,0,7,11,0,4,4,1,0,1,0,0,1,1,0,1
KR_6752506987,420,2,113,33,4,1,5,4,-1,0,1,5,5,0,-2,2,4,1,2,1,0,-1,6,-2,2,0,1,0,0,1,0,1,1,6,1
KR_6685506074,420,1,48,-14,4,-1,1,2,-3,3,6,5,6,1,3,3,0,0,1,1,1,0,14,-4,4,0,-3,0,1,1,1,1,1,6,1
KR_6754017780,420,1,51,2,10,-1,2,3,2,2,0,4,6,2,2,4,2,3,3,0,0,9,-24,-3,4,1,1,0,0,-1,1,1,1,3,1
KR_6651246101,420,4,52,0,4,-3,1,4,0,1,1,2,3,1,5,7,2,0,1,1,0,5,-384,2,1,3,6,0,1,-1,0,1,1,2,1
KR_6737617997,420,1,2,4,6,-1,1,2,-1,2,3,-1,2,3,7,9,2,2,5,3,1,0,347,-2,2,0,1,0,2,1,1,1,1,5,1
KR_6635923838,420,4,81,15,8,2,2,0,1,1,0,0,2,2,5,5,0,0,0,0,0,8,-3,-3,7,4,5,0,1,1,1,1,1,4,1
KR_6762674768,420,-1,22,-38,-5,1,2,1,-5,1,6,-1,3,4,-2,1,3,2,2,0,0,-2,1,3,1,4,-1,0,0,0,1,0,1,0,1
KR_6749316640,420,6,-7,15,11,2,3,1,-1,2,3,5,6,1,6,7,1,-1,0,1,0,9,-345,-1,3,2,3,0,2,1,-1,1,-1,4,1
KR_6739785349,420,0,-45,-2,-2,2,2,0,0,1,1,1,3,2,-3,2,5,-2,0,2,0,-3,17,-2,3,1,0,0,0,1,-1,0,-1,2,1
KR_6760742143,420,5,36,0,10,2,3,1,3,5,2,-2,1,3,8,8,0,-1,3,4,0,11,-12,-1,4,3,3,0,0,-1,-1,1,-1,5,1
KR_6759057293,420,-3,68,-4,-5,-2,1,3,-3,0,3,0,2,2,4,7,3,-4,0,4,0,-3,-2,6,2,8,3,0,0,0,1,0,1,0,1
KR_6651982127,420,2,22,32,3,-1,0,1,-2,2,4,4,4,0,1,1,0,1,1,0,1,1,12,0,0,0,0,0,1,0,0,1,1,0,1
KR_6658373362,420,5,74,0,12,1,3,2,-1,1,2,0,7,7,11,12,1,1,1,0,0,14,-111,-3,3,0,3,0,3,1,-1,1,-1,3,1
KR_6635197541,420,1,-37,-37,5,8,8,0,-6,1,7,1,2,1,-2,2,4,4,6,2,0,-7,1,4,0,4,3,0,1,0,1,1,1,0,1
KR_6729639837,420,0,-46,-12,7,3,3,0,5,6,1,-3,2,5,3,5,2,-1,3,4,3,4,444,3,0,3,1,0,2,1,1,1,1,1,1
KR_6656602964,420,-2,11,-24,0,3,3,0,0,1,1,2,3,1,-5,4,9,0,2,2,0,-5,262,-2,3,1,0,0,-1,1,1,-1,1,3,1
KR_6668975591,420,-4,-86,-3,0,0,0,0,2,6,4,0,4,4,0,2,2,-2,0,2,0,-1,-131,1,5,6,-2,0,0,-1,1,0,-1,1,1
KR_6757066600,420,4,98,8,9,2,2,0,2,3,1,4,4,0,1,3,2,0,0,0,0,20,204,4,2,6,3,0,0,0,1,0,1,0,1
KR_6706248238,420,5,71,27,13,2,3,1,-4,4,8,5,5,0,6,7,1,4,7,3,1,8,9,-2,4,2,2,0,0,1,0,0,1,2,1
KR_6764009894,420,-3,5,-59,-3,2,4,2,2,3,1,-4,0,4,-2,1,3,-1,2,3,0,-2,-3,4,2,6,3,0,-1,0,0,-1,-1,0,1
KR_6727765326,420,4,75,20,10,-3,0,3,4,6,2,5,5,0,4,6,2,0,0,0,1,6,11,5,0,5,4,0,2,1,1,1,1,1,1
KR_6705314008,420,0,-5,0,-6,2,3,1,-7,2,9,-1,3,4,0,0,0,0,0,0,-1,-8,-301,-3,4,1,1,0,1,-1,-1,1,-1,4,1
KR_6753364511,420,2,50,44,-2,0,2,2,-1,1,2,-3,0,3,2,3,1,0,2,2,0,-1,19,-5,6,1,0,0,0,0,1,0,-1,0,1
KR_6706488227,420,2,-66,-10,3,3,4,1,1,4,3,2,3,1,-2,1,3,-1,1,2,0,2,31,1,4,5,-5,0,1,1,1,1,-1,3,1
KR_6730458696,420,4,14,59,10,2,2,0,-2,6,8,5,7,2,3,4,1,2,5,3,0,4,212,-2,6,4,2,0,1,1,1,1,1,5,1
KR_6722459483,420,4,37,27,4,6,9,3,-1,0,1,0,2,2,-2,0,2,1,2,1,0,-3,-12,-3,3,0,-1,0,1,1,0,1,1,3,1
KR_6702548584,420,1,31,11,5,1,4,3,6,8,2,-1,0,1,-2,3,5,1,1,0,0,6,-6,-4,4,0,1,0,1,0,1,1,-1,0,1
KR_6736809657,420,0,80,-10,5,-3,1,4,1,1,0,5,6,1,1,4,3,1,2,1,-1,7,-2,0,1,1,0,0,0,1,0,-1,-1,5,1
KR_6735209823,420,0,-31,-46,3,3,5,2,0,3,3,-7,0,7,3,4,1,4,5,1,0,7,351,0,2,2,6,0,-2,1,-1,-1,1,5,1
KR_6742330577,420,3,43,-8,12,3,5,2,4,6,2,0,4,4,4,4,0,1,1,0,0,10,-39,-1,4,3,11,0,0,0,-1,1,1,0,1
KR_6764269087,440,3,73,10,14,-2,1,3,-3,1,4,12,12,0,3,4,1,4,4,0,0,5,44,2,5,7,-18,0,2,1,0,1,1,4,1
KR_6754801982,420,0,-11,-17,-1,-4,0,4,-3,0,3,-1,4,5,1,1,0,6,6,0,0,-2,-3,4,1,5,0,0,-1,1,-1,-1,1,5,1
KR_6753936284,420,6,-13,62,11,4,6,2,0,2,2,3,7,4,4,4,0,0,0,0,0,3,42,1,1,2,-16,0,1,0,1,1,1,0,1
KR_6663282660,420,7,42,13,14,-2,0,2,4,5,1,2,4,2,8,11,3,2,3,1,0,15,120,-1,3,2,5,0,2,1,-1,1,1,1,1
KR_6755202783,420,1,-28,4,-3,1,2,1,-3,0,3,-1,0,1,0,0,0,0,1,1,0,-6,-3,1,3,4,5,0,0,1,-1,0,1,4,1
KR_6724553978,420,5,31,4,10,5,5,0,-1,1,2,2,4,2,4,4,0,0,1,1,0,6,20,2,2,4,0,0,2,-1,1,1,1,5,1
KR_6716071850,420,-2,-38,3,4,1,1,0,2,4,2,2,3,1,-1,1,2,0,0,0,0,2,359,5,1,6,0,0,1,1,1,1,1,5,1
KR_6753647708,420,1,7,-4,4,0,1,1,-1,3,4,5,6,1,0,2,2,0,1,1,0,4,0,-3,5,2,-2,0,0,0,-1,1,-1,0,1
KR_6729434712,420,1,-21,-28,5,-4,2,6,-1,0,1,11,13,2,-1,1,2,0,1,1,0,9,-8,5,0,5,-1,0,0,-1,-1,-1,1,2,1
KR_6725499893,420,1,47,0,-2,0,2,2,1,3,2,0,3,3,-4,0,4,1,2,1,-1,0,-2,-1,5,4,4,0,0,-1,-1,0,-1,1,1
KR_6757209573,420,2,65,13,0,-1,2,3,-6,0,6,-4,1,5,1,1,0,10,10,0,0,0,-8,-2,6,4,-2,0,0,0,-1,1,1,0,1
KR_6738037291,420,3,99,10,10,2,3,1,-1,2,3,1,3,2,7,8,1,1,2,1,0,6,1,-2,5,3,-1,0,1,1,1,1,1,5,1
KR_6754051141,420,3,51,-36,7,1,1,0,0,0,0,2,2,0,2,5,3,2,2,0,0,7,10,2,1,3,-1,0,2,-1,-1,1,1,5,1
KR_6645182345,420,2,42,20,8,2,2,0,3,4,1,2,2,0,-2,3,5,3,3,0,0,3,10,3,0,3,0,0,1,1,1,1,-1,3,1
KR_6731074068,420,3,63,-12,10,-3,1,4,-1,3,4,-1,0,1,15,15,0,0,3,3,0,25,0,4,1,5,-2,0,1,1,1,1,1,3,1
KR_6649052493,420,-2,-82,-24,7,2,4,2,0,3,3,2,3,1,1,4,3,2,3,1,1,8,-1,0,2,2,-1,0,-1,1,-1,-1,1,4,1
KR_6763694549,420,3,55,1,7,-2,1,3,2,2,0,2,2,0,5,5,0,0,0,0,0,6,-1,-1,3,2,1,0,1,1,1,1,1,6,1
KR_6657152215,420,0,24,12,1,-1,1,2,4,4,0,-1,2,3,-2,4,6,1,1,0,1,6,-10,2,5,7,2,0,0,1,0,0,1,6,1
KR_6738832564,420,3,26,-8,9,-2,1,3,3,4,1,1,1,0,4,4,0,3,3,0,0,12,-2,-1,2,1,1,0,1,1,1,1,1,5,1
KR_6733350539,420,1,5,-12,9,1,3,2,-1,1,2,5,5,0,4,4,0,0,2,2,0,4,-2,0,4,4,-2,0,0,-1,-1,0,1,6,1
KR_6749176172,420,4,8,4,12,-1,2,3,11,11,0,-3,2,5,5,5,0,0,0,0,1,10,12,0,2,2,-1,0,1,-1,1,1,1,4,1
KR_6682406674,420,6,53,28,8,0,3,3,3,6,3,1,2,1,3,5,2,1,2,1,0,17,5,-1,4,3,1,0,2,-1,1,1,1,1,1
KR_6757911850,420,2,12,10,2,6,6,0,1,3,2,1,2,1,-6,2,8,0,1,1,-2,-8,-77,-4,4,0,11,0,-1,-1,-1,-1,-1,5,1
KR_6734901251,420,3,50,4,8,0,1,1,2,5,3,0,3,3,5,10,5,1,1,0,0,6,4,1,3,4,0,0,2,1,1,1,1,4,1
KR_6720585623,440,8,40,44,21,5,7,2,6,6,0,1,4,3,3,3,0,6,6,0,0,23,7,3,0,3,-1,0,2,1,1,1,-1,4,1
KR_6754946189,420,1,52,0,8,3,3,0,7,8,1,-4,1,5,7,7,0,-5,1,6,0,5,-2,-2,3,1,0,0,1,1,1,1,1,2,1
KR_6747530688,420,1,124,-20,4,8,9,1,-6,0,6,-2,1,3,3,7,4,1,5,4,0,-4,310,1,2,3,1,0,0,-1,1,1,1,3,1
KR_6739114503,420,4,26,-6,11,3,5,2,2,2,0,4,4,0,3,3,0,-1,0,1,1,3,-18,1,2,3,0,0,1,-1,1,1,1,2,1
KR_6726715259,420,4,114,22,8,6,7,1,2,3,1,2,7,5,-3,2,5,1,1,0,1,-2,42,1,1,2,-14,0,2,0,1,1,1,0,1
KR_6642903344,420,3,27,-12,6,2,4,2,1,1,0,2,2,0,-1,1,2,2,2,0,0,3,10,-1,4,3,2,0,0,-1,-1,0,-1,2,1
KR_6679308435,420,-1,-29,0,-1,-1,0,1,-2,1,3,0,1,1,1,2,1,1,1,0,0,3,-9,-2,5,3,-2,0,0,-1,-1,-1,-1,1,1
KR_6733081314,420,-1,0,-37,0,3,4,1,-1,3,4,-3,3,6,0,3,3,1,1,0,0,1,13,1,2,3,-1,0,-1,-1,-1,-1,-1,1,1
KR_6731860844,420,5,107,17,8,3,3,0,0,2,2,2,3,1,3,3,0,0,0,0,0,4,8,-1,6,5,4,0,1,1,1,1,1,6,1
KR_6719150593,420,-1,-35,-25,0,-4,2,6,1,2,1,6,7,1,-3,1,4,0,1,1,-1,0,-10,-2,2,0,-1,0,-1,-1,0,-1,-1,2,1
KR_6730507283,420,3,33,8,12,1,3,2,-1,2,3,1,3,2,5,7,2,6,6,0,0,16,9,0,2,2,-1,0,1,1,-1,1,1,3,1
KR_6706289034,420,-2,-129,-32,7,-3,1,4,1,2,1,5,7,2,2,5,3,2,4,2,0,12,4,3,0,3,-5,0,0,1,1,0,-1,2,1
KR_6759823218,420,4,43,19,7,2,3,1,-3,0,3,2,3,1,4,4,0,2,2,0,0,5,8,-2,4,2,-2,0,1,1,1,1,1,2,1
KR_6728170377,420,2,0,-20,8,-4,1,5,5,5,0,6,8,2,0,1,1,1,1,0,1,9,-5,-2,5,3,3,0,0,1,-1,-1,1,5,1
KR_6754356746,420,1,-25,8,4,-1,2,3,-4,0,4,-2,0,2,8,10,2,3,4,1,1,18,-223,2,3,5,1,0,0,-1,0,-1,1,1,1
KR_6749832675,420,3,26,1,2,-1,3,4,-2,1,3,0,2,2,1,2,1,4,4,0,0,5,-1,0,2,2,1,0,0,1,-1,1,-1,1,1
KR_6763569940,420,0,-28,-28,2,-2,2,4,-1,0,1,5,5,0,3,6,3,-3,1,4,1,3,8,1,2,3,0,0,-1,-1,-1,-1,1,3,1
KR_6743849925,420,3,91,13,6,-1,0,1,4,4,0,3,5,2,0,1,1,0,0,0,0,7,-4,1,2,3,3,0,0,1,-1,0,-1,5,1
KR_6757411410,440,-2,-45,17,-5,0,0,0,-2,4,6,-2,0,2,-1,1,2,0,1,1,0,1,-2,-2,8,6,3,0,1,0,1,1,-1,0,1
KR_6731230535,420,4,-30,36,9,-2,0,2,4,6,2,2,2,0,6,10,4,-1,2,3,-1,7,8,0,1,1,-1,0,1,-1,1,1,1,1,1
KR_6744276820,420,1,4,28,-1,-6,0,6,1,1,0,2,3,1,3,3,0,-1,0,1,1,9,3,1,1,2,1,0,1,1,1,-1,1,4,1
KR_6745174558,420,0,-50,4,2,1,1,0,4,5,1,0,3,3,1,2,1,-4,1,5,-1,-2,-1,0,1,1,1,0,0,-1,1,0,-1,1,1
KR_6762234851,420,0,18,16,-1,6,8,2,-3,1,4,-3,0,3,-2,0,2,1,2,1,0,0,-1,2,2,4,0,0,-1,-1,1,-1,1,2,1
KR_6762347384,420,2,-36,28,1,-1,2,3,1,2,1,2,2,0,-1,3,4,0,0,0,0,7,-19,0,4,4,1,0,-1,1,1,1,-1,4,1
KR_6747614863,420,1,-8,12,6,0,2,2,4,6,2,2,4,2,0,2,2,0,0,0,-2,3,3,1,4,5,3,0,0,1,-1,0,-1,5,1
KR_6759028862,420,3,50,0,12,5,5,0,-5,0,5,7,7,0,5,5,0,0,0,0,0,8,2,1,2,3,2,0,1,1,1,1,1,1,1
KR_6749110967,420,5,95,40,8,2,4,2,1,3,2,1,2,1,1,3,2,3,4,1,0,3,-108,0,2,2,1,0,1,0,-1,1,1,0,1
KR_6680958326,420,0,16,48,3,3,5,2,-3,1,4,-3,0,3,6,7,1,0,1,1,1,0,1,0,2,2,-2,0,3,-1,-1,1,1,2,1
KR_6685686918,420,8,111,64,23,2,2,0,6,8,2,3,6,3,10,10,0,2,2,0,1,23,-28,4,3,7,26,0,2,1,-1,1,1,1,1
KR_6754759913,420,2,32,17,8,-2,0,2,4,6,2,3,4,1,3,4,1,0,0,0,0,12,3,4,2,6,3,0,2,1,1,1,1,1,1
KR_6644810110,420,6,66,28,16,2,4,2,3,7,4,4,6,2,4,5,1,3,3,0,0,14,251,2,1,3,5,0,3,1,0,1,1,4,1
KR_6761129389,420,3,81,-4,8,2,3,1,-2,1,3,2,3,1,6,6,0,0,0,0,0,7,228,-1,3,2,4,0,1,1,1,1,1,1,1
KR_6724795661,440,9,197,70,23,8,9,1,0,2,2,1,3,2,10,11,1,4,4,0,1,10,2,1,1,2,4,0,6,1,1,1,1,2,1
KR_6752074691,420,1,42,-1,3,1,1,0,1,3,2,1,2,1,1,4,3,-1,3,4,0,-2,2,5,2,7,2,0,-1,1,-1,-1,-1,2,1
KR_6756585613,420,5,53,0,14,5,5,0,-2,1,3,5,5,0,4,5,1,2,3,1,1,6,48,2,2,4,-31,0,0,1,0,0,1,6,1
KR_6739113139,420,0,13,24,-4,-1,0,1,1,4,3,-2,0,2,-1,1,2,-1,0,1,0,-4,0,1,3,4,0,0,0,1,1,0,-1,1,1
KR_6760315156,420,4,115,-8,14,-3,3,6,1,4,3,3,3,0,9,10,1,4,4,0,0,11,-34,2,1,3,0,0,2,1,1,1,1,4,1
KR_6722226548,420,1,20,-27,-1,2,3,1,-4,0,4,-2,2,4,4,4,0,-1,0,1,0,3,-40,-1,2,1,33,0,-1,0,-1,-1,1,0,1
KR_6647543003,420,-1,58,4,-3,0,1,1,-3,0,3,1,2,1,2,2,0,-3,1,4,1,-3,11,1,3,4,0,0,0,-1,1,0,1,6,1
KR_6761999248,420,2,-17,32,9,3,3,0,2,3,1,3,3,0,0,2,2,1,1,0,0,4,9,0,2,2,-3,0,1,0,1,1,1,0,1
KR_6735355115,440,6,75,-1,15,4,5,1,1,3,2,-1,1,2,9,9,0,2,2,0,0,9,269,-2,2,0,0,0,2,1,1,1,1,3,1
KR_6717352157,420,1,19,4,6,-1,3,4,3,5,2,2,3,1,-4,0,4,6,6,0,-1,15,-6,-3,5,2,1,0,1,0,1,1,-1,0,1
KR_6717751801,420,7,99,0,17,0,3,3,3,3,0,5,7,2,7,7,0,2,2,0,1,18,-25,3,0,3,19,0,2,1,1,1,1,4,1
KR_6721911114,440,-3,-36,-24,-8,-2,2,4,0,4,4,1,1,0,-4,2,6,-3,0,3,-1,-8,-24,-2,3,1,4,0,0,-1,1,1,-1,4,1
KR_6666998706,420,4,77,20,10,5,5,0,2,3,1,2,5,3,0,0,0,1,1,0,1,3,350,-1,5,4,3,0,0,1,-1,1,1,1,1
KR_6748951073,420,0,-12,6,-2,3,3,0,3,5,2,-5,0,5,-4,2,6,1,1,0,-1,-9,-4,7,2,9,-1,0,0,0,1,1,-1,0,1
KR_6760505882,420,0,-53,-12,2,-3,1,4,3,4,1,-2,0,2,-3,0,3,7,8,1,0,1,-34,-5,8,3,16,0,0,-1,0,0,1,6,1
KR_6650309730,420,0,-24,-4,-2,-1,1,2,0,1,1,-3,1,4,2,5,3,0,2,2,0,4,-48,-5,8,3,14,0,1,-1,-1,1,-1,3,1
KR_6730477224,420,8,122,47,8,4,5,1,-2,1,3,1,4,3,6,7,1,-1,0,1,1,5,1,-2,5,3,2,0,0,0,-1,0,1,0,1
KR_6719023998,420,-1,75,-9,-7,0,3,3,-8,1,9,2,4,2,1,1,0,-2,1,3,0,-6,43,-4,4,0,-23,0,0,-1,-1,1,1,4,1
KR_6744361478,420,-1,74,4,0,1,2,1,-4,6,10,2,2,0,-2,1,3,3,3,0,0,0,-6,1,2,3,0,0,0,-1,1,1,-1,5,1
KR_6706376355,420,-1,10,16,-2,0,2,2,-3,3,6,2,6,4,0,3,3,-1,1,2,0,2,5,4,3,7,-5,0,1,1,-1,1,1,3,1
KR_6662604536,420,1,47,24,-1,0,1,1,0,1,1,3,3,0,-4,1,5,0,0,0,-1,-5,4,3,3,6,-4,0,0,-1,-1,0,-1,1,1
KR_6751998830,420,-3,43,-2,-4,0,1,1,1,2,1,1,1,0,-5,0,5,-1,0,1,0,-1,-7,3,2,5,-1,0,2,-1,1,1,-1,2,1
KR_6662851168,420,-2,-29,-4,-3,2,2,0,-2,1,3,4,6,2,-4,2,6,-3,0,3,0,-4,-9,-3,5,2,2,0,-1,1,-1,-1,-1,6,1
KR_6749049073,440,5,101,8,13,2,3,1,5,5,0,5,7,2,-1,3,4,2,2,0,2,13,-2,3,1,4,1,0,1,1,1,1,1,2,1
KR_6751145311,420,-1,20,-8,-1,-1,1,2,-3,1,4,2,3,1,0,4,4,1,2,1,0,-3,3,3,2,5,-2,0,1,-1,1,1,-1,2,1
KR_6747483665,420,8,61,38,14,3,4,1,4,7,3,2,3,1,2,3,1,3,3,0,0,6,-3,-3,3,0,5,0,3,1,1,1,1,5,1
KR_6740997479,420,0,5,16,-3,2,4,2,0,6,6,-3,2,5,-2,0,2,0,0,0,0,-3,-29,-5,5,0,8,0,0,-1,0,0,-1,5,1
KR_6722700577,440,1,37,-12,11,2,5,3,2,4,2,1,4,3,6,9,3,0,1,1,1,9,101,-3,5,2,5,0,0,-1,-1,1,1,3,1
KR_6760440033,420,1,-14,23,-1,2,3,1,-1,2,3,-3,2,5,6,8,2,-5,1,6,0,2,-40,-1,3,2,4,0,0,-1,-1,0,1,6,1
KR_6654468800,420,2,23,-6,1,3,3,0,0,2,2,2,3,1,-4,0,4,0,1,1,0,-4,-5,-4,4,0,-2,0,1,-1,0,1,-1,1,1
KR_6750469491,420,-2,-18,-1,0,-3,1,4,2,2,0,-2,3,5,2,7,5,1,2,1,0,2,-23,-7,7,0,3,0,0,1,-1,-1,1,6,1
KR_6652133390,420,10,115,28,18,5,7,2,3,4,1,6,6,0,5,5,0,-1,0,1,2,16,4,2,1,3,0,0,3,1,0,1,1,4,1
KR_6749954060,420,2,-41,28,6,-2,1,3,-1,1,2,1,4,3,4,5,1,4,4,0,0,8,11,0,0,0,0,0,0,1,1,1,1,1,1
KR_6742964626,420,3,26,7,4,-1,2,3,1,4,3,-5,2,7,8,8,0,1,1,0,0,6,247,0,6,6,1,0,2,1,0,1,1,3,1
KR_6760769744,420,-1,-4,12,3,-1,2,3,0,1,1,-2,5,7,5,7,2,1,1,0,1,12,-292,-2,5,3,1,0,0,-1,-1,0,1,1,1
KR_6659605597,420,1,29,-4,4,3,4,1,-1,3,4,-1,4,5,5,7,2,-2,1,3,1,2,7,0,2,2,0,0,-1,-1,1,-1,1,1,1
KR_6681572030,420,3,17,16,5,2,4,2,1,3,2,6,6,0,-2,1,3,-2,0,2,1,3,10,1,3,4,-2,0,1,1,1,1,1,1,1
KR_6743911755,420,0,-20,11,3,3,3,0,-2,1,3,0,0,0,2,3,1,0,0,0,0,2,0,3,3,6,0,0,0,1,1,0,1,1,1
KR_6633010406,420,-2,-69,18,-2,1,1,0,0,1,1,-7,0,7,3,3,0,1,1,0,0,2,11,4,0,4,-2,0,0,1,0,0,-1,1,1
KR_6757542540,420,6,81,18,9,2,2,0,7,10,3,0,2,2,1,2,1,-1,0,1,0,3,3,2,0,2,1,0,2,1,0,1,1,2,1
KR_6738402989,440,7,106,11,17,4,6,2,1,1,0,-1,0,1,1,1,0,12,15,3,0,14,34,5,1,6,-3,0,2,1,-1,1,1,6,1
KR_6710037462,440,2,-18,23,5,4,4,0,-2,2,4,-1,2,3,1,1,0,3,3,0,0,2,6,0,2,2,0,0,0,-1,1,0,-1,6,1
KR_6761184346,440,2,-20,29,3,0,1,1,0,1,1,-1,3,4,4,4,0,0,0,0,-1,-1,2,-4,5,1,-3,0,0,0,0,0,-1,0,1
KR_6717444222,420,0,7,-15,-5,1,4,3,-1,0,1,1,3,2,-2,2,4,-4,1,5,0,-3,-293,3,2,5,0,0,-1,1,1,1,-1,3,1
KR_6748111913,420,2,49,29,8,-4,2,6,-4,0,4,8,8,0,5,7,2,3,4,1,1,8,8,-2,3,1,2,0,1,1,-1,-1,1,2,1
KR_6676487872,420,0,18,-23,2,1,3,2,-2,0,2,0,1,1,2,3,1,1,1,0,0,0,58,-1,3,2,-23,0,1,-1,1,1,1,5,1
KR_6707171191,420,5,-50,32,10,5,5,0,3,4,1,2,3,1,-1,0,1,1,1,0,2,15,-42,0,3,3,17,0,2,0,1,1,1,0,1
KR_6743554137,420,0,31,16,0,6,6,0,-3,4,7,-3,2,5,2,2,0,-2,2,4,0,-7,-146,1,2,3,0,0,-1,1,-1,-1,-1,6,1
KR_6696575912,440,6,54,12,6,0,1,1,2,4,2,4,4,0,0,1,1,0,0,0,0,0,-39,-4,4,0,16,0,0,1,1,0,1,3,1
KR_6752305744,420,-2,11,15,-8,-2,1,3,-1,1,2,2,2,0,-1,4,5,-6,0,6,0,-9,-6,0,1,1,0,0,0,-1,-1,-1,-1,1,1
KR_6762888592,420,2,19,6,9,1,1,0,1,1,0,5,5,0,2,3,1,0,2,2,0,7,-15,3,3,6,4,0,0,1,1,0,1,2,1
KR_6711814139,420,3,94,24,4,0,4,4,1,3,2,0,3,3,1,3,2,2,2,0,0,4,-7,-1,3,2,1,0,0,0,-1,0,1,0,1
KR_6755173383,420,-1,41,0,-2,-5,0,5,0,1,1,2,2,0,1,2,1,0,0,0,-1,3,7,-1,3,2,0,0,0,0,1,0,-1,0,1
KR_6683422571,420,1,14,-12,0,4,4,0,2,6,4,1,1,0,-7,4,11,0,0,0,0,-4,7,-1,3,2,-2,0,0,-1,-1,1,-1,5,1
KR_6689111228,420,4,36,16,15,3,4,1,3,6,3,0,2,2,5,6,1,4,6,2,3,21,27,1,1,2,1,0,1,-1,1,1,1,6,1
KR_6734298836,420,5,118,-16,12,2,2,0,3,4,1,2,3,1,5,5,0,0,1,1,0,9,-2,-5,10,5,0,0,3,0,1,1,1,0,1
KR_6737782535,420,1,36,-9,3,0,3,3,0,1,1,1,4,3,1,2,1,1,3,2,0,3,-1,1,1,2,0,0,0,1,1,1,-1,6,1
KR_6762625426,420,-1,-16,24,-4,-2,2,4,2,2,0,-5,1,6,0,2,2,1,3,2,0,0,7,6,0,6,1,0,0,1,1,0,1,4,1
KR_6644429272,420,6,62,19,14,0,2,2,0,1,1,13,14,1,1,4,3,0,1,1,2,7,-6,-3,3,0,6,0,3,1,1,1,1,2,1
KR_6759614388,440,1,-10,10,-3,-2,0,2,0,3,3,2,3,1,0,2,2,-3,1,4,-3,-10,-34,0,4,4,15,0,0,1,1,0,-1,3,1
KR_6721944109,420,7,106,64,15,5,5,0,1,2,1,1,3,2,8,10,2,0,0,0,0,8,13,3,3,6,-19,0,3,1,1,1,1,6,1
KR_6763383788,420,5,46,19,7,1,2,1,6,6,0,1,1,0,2,5,3,-3,2,5,0,6,413,3,2,5,0,0,0,1,1,1,1,5,1
KR_6687309631,420,2,-27,14,2,-4,0,4,2,5,3,-1,2,3,5,7,2,0,1,1,0,7,-84,8,2,10,-5,0,-2,-1,0,-1,1,2,1
KR_6763501549,420,5,133,7,6,0,2,2,3,4,1,3,7,4,-1,3,4,1,3,2,0,-1,-22,2,1,3,0,0,2,1,1,1,-1,5,1
KR_6711182704,420,1,25,-32,3,4,5,1,2,4,2,1,4,3,-3,3,6,-1,4,5,0,-3,303,2,2,4,-2,0,1,1,-1,1,1,6,1
KR_6728390385,420,0,-2,-16,-2,0,1,1,-3,1,4,-2,0,2,3,3,0,0,1,1,0,-2,11,4,1,5,-5,0,0,-1,-1,-1,-1,1,1
KR_6759954606,420,6,29,36,7,2,4,2,2,3,1,3,4,1,0,1,1,0,0,0,0,3,0,-2,3,1,0,0,2,1,1,1,1,4,1
KR_6744262232,420,5,63,4,9,0,2,2,4,6,2,6,7,1,-4,2,6,3,4,1,0,-1,-7,-5,8,3,2,0,0,0,0,1,1,0,1
KR_6727140655,420,-1,-49,-6,3,0,1,1,6,6,0,-2,5,7,-1,0,1,0,1,1,0,4,-13,3,1,4,-2,0,-1,-1,-1,-1,-1,3,1
KR_6747244627,420,4,6,48,9,2,4,2,0,6,6,9,11,2,-3,2,5,1,2,1,1,6,-1,4,1,5,1,0,2,1,-1,1,1,6,1
KR_6720519431,440,1,-79,0,-2,-1,1,2,0,0,0,0,0,0,-3,2,5,2,2,0,0,-3,5,2,2,4,-2,0,0,-1,1,0,-1,5,1
KR_6706498304,420,0,-23,12,0,-5,1,6,3,3,0,1,3,2,3,3,0,-2,0,2,-1,0,5,2,2,4,-1,0,-1,1,-1,-1,-1,6,1
KR_6763595864,420,0,46,7,-9,-5,0,5,0,3,3,-1,2,3,-1,1,2,-2,1,3,0,-7,8,1,0,1,-4,0,0,-1,1,1,-1,4,1
KR_6759209780,420,2,-38,0,5,1,3,2,-1,1,2,4,6,2,2,3,1,-1,1,2,0,7,-21,0,2,2,1,0,2,-1,1,1,1,3,1
KR_6649556810,420,2,63,-20,-2,-1,2,3,1,1,0,2,5,3,-4,1,5,0,1,1,0,-10,-5,-3,4,1,-2,0,0,1,-1,0,-1,6,1
KR_6723068904,420,1,-15,31,-3,-1,3,4,-1,0,1,4,5,1,-3,1,4,-2,0,2,0,-5,-3,-4,4,0,2,0,0,-1,0,-1,-1,6,1
KR_6735023705,420,3,73,20,17,5,5,0,3,4,1,0,0,0,5,5,0,4,5,1,3,21,-14,4,3,7,5,0,2,1,1,1,1,4,1
KR_6682867810,420,0,2,4,2,3,4,1,3,6,3,-2,1,3,0,1,1,-2,0,2,0,6,-11,-2,4,2,5,0,-1,1,1,-1,-1,6,1
KR_6763894781,420,6,91,32,10,0,2,2,2,2,0,-3,1,4,2,2,0,9,10,1,2,14,8,2,1,3,2,0,1,1,1,1,1,6,1
KR_6761414090,420,2,20,27,5,0,2,2,0,2,2,-1,2,3,0,3,3,6,6,0,0,0,23,1,3,4,8,0,0,1,-1,0,1,6,1
KR_6690369615,420,1,59,32,1,0,1,1,-1,1,2,-4,0,4,4,4,0,2,3,1,0,-1,5,0,3,3,1,0,1,1,-1,1,1,2,1
KR_6690022219,420,5,130,0,12,-3,1,4,4,4,0,1,1,0,7,9,2,3,3,0,0,12,-12,2,2,4,0,0,2,1,-1,1,-1,4,1
KR_6694459865,420,0,-39,-32,7,0,1,1,-1,1,2,1,2,1,7,8,1,0,1,1,0,14,111,-1,6,5,-1,0,0,-1,-1,0,-1,4,1
KR_6744082240,420,7,80,24,7,-1,0,1,3,3,0,0,2,2,5,7,2,0,2,2,0,4,-30,1,2,3,0,0,4,1,-1,1,1,3,1
KR_6748704163,420,-2,-25,-37,-2,-4,1,5,-2,1,3,5,8,3,-3,2,5,2,2,0,0,6,20,8,1,9,-2,0,-2,-1,-1,-1,-1,5,1
KR_6679903595,440,6,54,24,23,5,5,0,5,6,1,12,15,3,1,5,4,0,1,1,0,22,1,7,0,7,-1,0,6,1,1,1,1,1,1
KR_6729390922,420,-4,-8,-56,-2,-1,1,2,1,3,2,-5,1,6,1,2,1,2,3,1,0,1,5,1,1,2,0,0,-1,-1,-1,-1,-1,1,1
KR_6748398896,420,-1,-7,-12,-4,2,2,0,-2,0,2,-1,2,3,-3,0,3,0,1,1,0,-6,-4,1,3,4,-5,0,0,-1,0,0,-1,2,1
KR_6732964084,420,1,62,39,-2,3,4,1,1,3,2,-1,3,4,-6,1,7,1,2,1,0,-9,12,0,3,3,-1,0,2,-1,-1,1,1,1,1
KR_6761719509,440,1,-33,0,4,1,2,1,1,2,1,4,4,0,-2,1,3,0,0,0,0,1,-6,-3,4,1,-2,0,0,0,1,0,-1,0,1
KR_6703192166,420,1,-16,-4,4,4,4,0,4,5,1,2,2,0,-4,1,5,-2,0,2,0,-5,6,-1,4,3,2,0,0,-1,0,0,-1,6,1
KR_6761217729,420,1,19,4,-7,-2,0,2,2,6,4,-1,2,3,-5,1,6,-1,2,3,0,-8,-1,3,3,6,1,0,0,1,1,0,-1,3,1
KR_6747657609,420,4,69,-16,11,5,5,0,1,3,2,1,5,4,5,6,1,-1,3,4,0,11,0,-1,2,1,2,0,1,0,1,1,1,0,1
KR_6706916005,420,3,80,3,3,-1,1,2,-2,1,3,0,3,3,4,4,0,2,3,1,-1,3,33,1,3,4,-3,0,2,1,0,1,-1,5,1
KR_6727761160,420,-2,-2,12,0,-4,1,5,7,7,0,3,4,1,-6,0,6,0,1,1,1,3,-6,-1,3,2,2,0,0,0,1,-1,1,0,1
KR_6729161636,420,1,20,-3,-3,-2,1,3,4,5,1,-4,0,4,2,4,2,-3,2,5,0,-2,-3,-1,5,4,2,0,1,1,-1,1,-1,3,1
KR_6751884420,420,0,-25,8,1,3,4,1,-2,0,2,0,3,3,1,3,2,-1,0,1,-1,-7,7,2,4,6,2,0,0,1,1,0,-1,6,1
KR_6671324537,420,1,-40,8,5,1,1,0,0,2,2,0,1,1,3,4,1,1,1,0,0,1,32,0,1,1,-28,0,-1,1,-1,-1,1,5,1
KR_6730808963,420,6,124,40,8,5,6,1,1,3,2,0,1,1,2,3,1,0,0,0,0,-2,24,2,0,2,2,0,5,-1,1,1,1,2,1
KR_6763207158,420,4,101,-21,8,-3,0,3,1,1,0,5,5,0,3,3,0,2,2,0,0,8,184,5,0,5,1,0,1,1,-1,1,-1,3,1
KR_6706188304,420,-2,-19,14,3,2,2,0,-7,1,8,9,12,3,-2,2,4,1,3,2,0,3,0,-2,5,3,-3,0,0,1,1,1,1,5,1
KR_6728280757,420,3,58,44,7,4,5,1,4,8,4,1,3,2,-1,2,3,-1,0,1,0,0,37,4,2,6,-25,0,1,1,1,1,1,6,1
KR_6755380417,420,-2,14,-88,7,2,2,0,-7,0,7,6,6,0,4,4,0,2,3,1,0,1,-46,-5,5,0,24,0,1,-1,-1,1,-1,4,1
KR_6759133022,420,1,2,-4,2,5,5,0,2,4,2,0,1,1,1,1,0,-6,0,6,0,2,2,-2,4,2,4,0,0,-1,-1,1,-1,6,1
KR_6714752094,440,-1,-16,1,2,1,1,0,3,5,2,0,1,1,-4,3,7,2,4,2,0,-5,-6,3,2,5,1,0,-1,1,-1,-1,-1,4,1
KR_6676916927,420,3,39,8,2,-1,1,2,2,4,2,2,3,1,-2,1,3,1,3,2,0,-2,-6,-3,5,2,0,0,0,1,-1,0,1,3,1
KR_6764270079,420,1,-29,32,-2,-6,0,6,2,4,2,0,2,2,0,1,1,2,2,0,-1,-1,17,-1,6,5,-3,0,1,1,1,1,-1,2,1
KR_6718072001,420,-1,-12,34,-5,-2,4,6,3,3,0,-2,0,2,-4,0,4,0,1,1,-1,-3,-16,-2,3,1,-1,0,0,1,1,-1,-1,1,1
KR_6730649558,420,1,22,-24,7,3,3,0,-1,3,4,4,6,2,0,1,1,1,3,2,0,13,-5,2,2,4,-1,0,-1,1,-1,-1,1,5,1
KR_6693032211,420,3,-9,-8,4,-1,2,3,2,2,0,1,5,4,2,3,1,0,0,0,0,-3,-2,-3,4,1,2,0,1,1,1,1,-1,2,1
KR_6746389479,420,3,50,-11,8,4,5,1,1,3,2,2,2,0,2,2,0,-1,0,1,0,8,3,4,3,7,-1,0,0,1,-1,0,1,1,1
KR_6664065432,420,-3,-14,-15,-7,-2,1,3,-2,2,4,3,5,2,-6,0,6,0,0,0,0,-5,-13,1,2,3,0,0,0,0,-1,1,1,0,1
KR_6697060185,420,0,-56,32,-2,1,3,2,2,5,3,4,4,0,-10,0,10,1,1,0,0,-6,-1,0,2,2,-2,0,1,-1,-1,1,1,5,1
KR_6745125479,420,0,70,2,2,-3,0,3,0,1,1,-3,2,5,6,9,3,2,3,1,0,1,2,1,5,6,-1,0,0,1,0,1,1,3,1
KR_6732999313,420,-1,15,13,-5,0,2,2,0,2,2,-3,2,5,-1,1,2,-1,0,1,0,-10,290,-4,5,1,3,0,0,-1,1,0,1,4,1
KR_6757656527,420,1,-25,-20,4,-1,1,2,3,3,0,1,4,3,1,2,1,0,0,0,0,5,267,-4,4,0,1,0,2,-1,1,1,-1,4,1
KR_6752302084,420,4,15,44,14,6,8,2,1,3,2,3,6,3,3,5,2,1,2,1,1,9,10,3,0,3,0,0,1,1,1,1,-1,2,1
KR_6713106000,420,1,-18,-12,-4,1,3,2,5,5,0,0,0,0,-2,2,4,-8,0,8,0,-9,-5,1,2,3,0,0,0,0,0,0,1,0,1
KR_6689905371,440,2,23,-6,11,5,7,2,5,6,1,1,2,1,1,1,0,-1,0,1,1,10,12,2,3,5,-1,0,-1,1,1,-1,1,5,1
KR_6724479044,420,1,-81,11,6,-4,0,4,3,3,0,4,7,3,2,2,0,1,1,0,1,6,2,5,1,6,0,0,-1,-1,-1,-1,1,5,1
KR_6764321807,440,2,-15,-24,7,0,1,1,-3,1,4,6,6,0,3,5,2,1,4,3,1,16,38,4,1,5,-1,0,0,-1,0,0,-1,1,1
KR_6697223757,420,-1,-9,-4,-4,0,2,2,0,2,2,-8,2,10,4,4,0,0,0,0,0,6,-347,0,4,4,0,0,0,0,0,0,1,0,1
KR_6754898236,440,7,40,-12,10,4,4,0,-2,2,4,2,3,1,4,10,6,2,3,1,0,7,15,1,3,4,-1,0,1,1,1,1,1,3,1
KR_6649595005,420,2,77,16,12,7,9,2,-2,1,3,7,7,0,-2,0,2,2,2,0,0,-2,40,6,0,6,-19,0,1,1,-1,1,1,3,1
KR_6658335772,420,1,107,-3,7,1,2,1,3,4,1,3,3,0,0,1,1,0,1,1,0,7,5,4,3,7,3,0,0,1,1,0,-1,4,1
KR_6738285905,420,4,140,-7,7,1,4,3,2,4,2,0,2,2,3,4,1,1,2,1,1,4,-279,-1,4,3,1,0,2,-1,0,1,1,2,1
KR_6704855979,420,-2,-34,-16,-8,3,4,1,-8,2,10,1,3,2,-3,2,5,-1,4,5,0,-5,-4,-3,4,1,-3,0,0,1,1,1,-1,3,1
KR_6697945411,420,9,87,-18,7,7,7,0,-3,1,4,-1,3,4,0,4,4,4,5,1,0,-1,-6,-2,5,3,4,0,2,-1,1,1,-1,6,1
KR_6629846542,440,-2,32,-12,-9,4,6,2,0,1,1,-5,1,6,-4,0,4,-4,2,6,0,-19,109,2,1,3,-1,0,1,1,1,1,-1,5,1
KR_6751581656,420,5,101,16,15,1,4,3,2,2,0,7,8,1,4,4,0,1,1,0,0,9,4,-2,4,2,3,0,0,1,-1,1,1,1,1
KR_6738954458,420,4,53,8,6,3,4,1,-2,1,3,-1,2,3,4,5,1,2,2,0,0,7,-14,5,2,7,0,0,1,1,1,1,1,4,1
KR_6753727299,420,4,41,-9,5,0,1,1,1,3,2,0,4,4,4,4,0,0,1,1,0,9,2,1,3,4,-2,0,1,-1,1,1,-1,2,1
KR_6755517904,420,4,53,36,5,2,2,0,3,6,3,1,3,2,1,4,3,-2,1,3,0,0,3,0,2,2,3,0,-1,0,1,-1,1,0,1
KR_6678143086,440,1,2,-27,5,4,4,0,-2,2,4,-6,0,6,10,11,1,-1,4,5,-1,2,11,0,3,3,0,0,0,0,-1,1,-1,0,1
KR_6663415072,420,0,28,27,0,2,2,0,2,3,1,-1,0,1,-3,0,3,0,1,1,0,-2,-221,-2,3,1,2,0,-1,-1,1,-1,1,4,1
KR_6744956748,420,3,-50,-4,7,0,1,1,0,3,3,0,1,1,4,6,2,3,5,2,0,-1,-36,0,2,2,17,0,2,1,1,1,1,6,1
KR_6747171961,440,5,94,36,8,-1,3,4,1,2,1,1,3,2,2,4,2,5,5,0,0,0,85,2,2,4,-2,0,0,1,1,0,-1,2,1
KR_6735418356,420,4,53,0,10,4,5,1,5,6,1,1,3,2,3,3,0,-3,0,3,0,19,1,4,1,5,-1,0,2,1,1,1,1,6,1
KR_6748144286,420,3,19,-10,9,2,5,3,2,2,0,8,10,2,-3,1,4,0,1,1,-1,13,-10,2,3,5,2,0,1,-1,1,1,-1,4,1
KR_6759668765,420,2,51,-37,5,0,2,2,0,3,3,2,2,0,1,4,3,2,2,0,1,8,-243,-1,3,2,0,0,0,-1,-1,1,1,6,1
KR_6737704063,420,4,114,-8,11,-2,1,3,2,3,1,7,7,0,4,7,3,0,2,2,1,11,-105,2,3,5,4,0,1,-1,1,1,1,1,1
KR_6741147893,420,-1,-50,-31,-8,1,1,0,3,3,0,-3,0,3,-9,0,9,0,1,1,0,-4,5,-3,5,2,0,0,0,-1,1,-1,-1,1,1
KR_6743935458,420,-2,-33,-4,-2,-1,2,3,0,1,1,0,4,4,0,2,2,-1,1,2,1,-4,7,2,1,3,-3,0,0,0,-1,0,1,0,1
KR_6629634993,420,5,27,43,13,2,3,1,3,6,3,5,5,0,2,2,0,1,2,1,0,10,5,2,2,4,-3,0,1,1,1,1,1,2,1
KR_6644494504,420,5,47,17,10,0,0,0,1,2,1,6,8,2,0,1,1,3,3,0,1,9,17,0,2,2,-3,0,3,1,-1,1,1,3,1
KR_6748060397,420,0,-45,37,1,-3,1,4,1,1,0,3,5,2,-2,0,2,2,2,0,0,2,-44,2,1,3,24,0,0,1,0,-1,1,4,1
KR_6756460475,420,2,15,-8,12,-2,2,4,1,5,4,8,10,2,4,5,1,1,2,1,0,19,4,-3,3,0,3,0,3,1,1,1,1,3,1
KR_6742248032,420,2,41,32,2,1,2,1,0,5,5,1,2,1,2,5,3,-2,0,2,1,-1,146,5,0,5,1,0,2,1,1,1,1,6,1
KR_6745053274,420,4,69,11,9,-2,0,2,0,3,3,5,7,2,2,2,0,4,4,0,0,8,0,-6,7,1,5,0,1,-1,1,1,1,6,1
KR_6760983339,440,-2,-70,-4,-4,-2,1,3,0,0,0,-6,0,6,8,10,2,-4,0,4,0,1,-7,1,5,6,1,0,1,1,-1,1,1,1,1
KR_6754074015,440,8,129,-16,21,5,6,1,11,12,1,-2,1,3,4,4,0,3,3,0,0,15,3,4,3,7,2,0,1,-1,1,1,1,1,1
KR_6763192231,440,1,-10,0,-5,3,4,1,0,3,3,-5,0,5,-3,0,3,0,0,0,0,-4,-46,0,2,2,15,0,0,0,0,0,-1,0,1
KR_6714796740,440,3,67,3,11,-1,2,3,3,4,1,5,5,0,6,6,0,-2,0,2,0,8,-3,-1,6,5,5,0,0,-1,-1,0,1,5,1
KR_6684223232,420,-2,1,-22,-2,-6,0,6,-4,3,7,2,4,2,4,5,1,2,3,1,2,7,-73,2,4,6,-2,0,1,1,1,1,1,5,1
KR_6696097089,420,-1,27,-20,-3,3,4,1,0,6,6,-2,3,5,-3,1,4,-1,2,3,0,-5,377,6,3,9,0,0,0,1,-1,0,1,4,1
KR_6761284823,420,3,58,-1,7,4,5,1,-1,0,1,-1,1,2,5,5,0,0,1,1,0,5,7,0,3,3,-1,0,-1,1,1,-1,1,5,1
KR_6763640595,420,0,2,16,0,-3,1,4,-3,2,5,4,4,0,1,3,2,1,2,1,0,-3,0,-2,2,0,3,0,0,-1,0,0,-1,3,1
KR_6704257150,420,2,31,36,6,3,3,0,3,6,3,-1,3,4,2,3,1,-1,1,2,0,6,0,1,3,4,1,0,2,1,1,1,1,6,1
KR_6751374164,440,-1,-29,36,-4,2,4,2,-1,2,3,-2,2,4,-1,2,3,-2,2,4,0,-10,11,1,3,4,-3,0,-1,0,-1,-1,1,0,1
KR_6759404271,420,1,55,4,-5,-5,1,6,-3,0,3,6,7,1,-3,2,5,0,1,1,0,-2,-8,-5,8,3,1,0,0,1,-1,0,-1,1,1
KR_6753985305,420,2,53,6,-1,-1,0,1,0,2,2,-1,4,5,1,4,3,0,0,0,1,2,0,0,4,4,-2,0,2,1,0,1,1,1,1
KR_6764280424,420,0,-32,17,-2,-1,0,1,0,6,6,2,3,1,-3,0,3,0,2,2,-1,-9,10,-1,3,2,1,0,0,1,-1,-1,-1,3,1
KR_6758008189,420,1,-5,0,13,3,4,1,1,4,3,0,2,2,4,8,4,5,6,1,1,8,14,3,4,7,-1,0,0,1,1,1,1,6,1
KR_6760083796,420,-1,-61,-26,3,2,3,1,5,5,0,0,3,3,-5,4,9,1,1,0,0,3,-17,1,3,4,-4,0,0,-1,-1,-1,1,2,1
KR_6753803346,420,-2,-7,24,-3,1,2,1,-4,2,6,3,3,0,-4,0,4,1,2,1,-2,-6,5,0,1,1,0,0,0,-1,1,-1,-1,6,1
KR_6651022297,420,-3,66,-8,-6,1,2,1,-5,3,8,1,4,3,-3,0,3,0,0,0,1,-9,-6,-2,2,0,-2,0,0,1,-1,0,1,3,1
KR_6698285026,420,2,17,22,4,-4,1,5,0,0,0,2,4,2,4,6,2,2,2,0,1,4,-12,-1,1,0,1,0,0,1,1,1,1,5,1
KR_6749121308,420,5,24,40,15,-1,1,2,1,2,1,5,6,1,9,11,2,1,1,0,1,17,-2,7,1,8,0,0,1,1,0,1,1,4,1
KR_6756962361,420,0,-71,-12,2,-1,3,4,7,8,1,-2,0,2,-3,3,6,1,2,1,0,0,-2,-2,4,2,0,0,-1,1,-1,-1,1,6,1
KR_6753776959,420,0,-38,0,-4,3,4,1,0,3,3,-7,1,8,0,2,2,0,0,0,0,-5,322,-1,2,1,17,0,1,-1,1,-1,-1,4,1
KR_6739956934,420,1,-20,10,3,1,2,1,3,4,1,-1,5,6,0,4,4,0,0,0,0,4,-454,0,2,2,-3,0,-1,-1,0,-1,-1,5,1
KR_6734957714,420,3,29,-4,4,6,6,0,-3,1,4,-4,1,5,5,9,4,0,2,2,-1,-4,-30,2,3,5,23,0,2,-1,-1,1,-1,3,1
KR_6759148393,420,2,19,-5,4,6,8,2,-6,0,6,0,2,2,3,3,0,1,1,0,1,5,-1,4,0,4,0,0,0,0,-1,0,1,0,1
KR_6704330725,420,2,10,-4,7,2,4,2,2,2,0,7,7,0,-5,1,6,1,2,1,0,1,43,2,3,5,-9,0,1,1,0,1,-1,5,1
KR_6764267781,440,5,29,39,10,1,2,1,-4,2,6,7,7,0,3,5,2,3,3,0,0,2,8,2,2,4,2,0,0,0,0,0,-1,0,1
KR_6746152347,440,-5,-49,24,-14,2,4,2,-2,0,2,-3,2,5,-5,1,6,-6,0,6,0,-7,3,4,1,5,-2,0,-1,1,-1,-1,1,5,1
KR_6745108931,420,4,-32,16,5,-1,0,1,4,5,1,4,4,0,-1,4,5,-1,3,4,-1,2,12,-1,1,0,1,0,1,-1,0,1,-1,2,1
KR_6761065079,420,0,-80,-16,7,0,1,1,2,4,2,3,4,1,2,3,1,0,1,1,0,8,-45,-3,6,3,22,0,0,-1,-1,0,1,6,1
KR_6746740305,420,3,8,10,0,2,3,1,2,3,1,-2,1,3,-1,2,3,-1,1,2,0,0,-2,-3,7,4,3,0,1,-1,1,1,-1,5,1
KR_6354462998,420,-3,-24,-4,0,4,4,0,1,2,1,-4,0,4,-1,0,1,0,2,2,0,-3,0,0,0,0,-4,0,0,0,0,-1,-1,0,1
KR_6753943385,420,-1,-5,23,-4,-4,0,4,5,6,1,-3,1,4,-3,1,4,1,1,0,0,5,-17,2,2,4,0,0,0,0,0,0,1,0,1
KR_6728230722,420,2,-84,28,2,-2,0,2,2,7,5,-2,0,2,4,6,2,0,0,0,0,3,-6,3,3,6,0,0,0,1,1,-1,1,1,1
KR_6762894608,420,-1,-37,-8,-4,-1,0,1,1,2,1,-1,2,3,-1,2,3,-2,0,2,0,0,4,-2,5,3,0,0,0,0,-1,-1,-1,0,1
KR_6730632475,420,3,98,-8,3,0,1,1,1,1,0,1,4,3,-2,1,3,3,3,0,0,4,210,-1,2,1,-2,0,0,0,-1,0,-1,0,1
KR_6684284220,420,2,-39,-13,9,2,2,0,1,1,0,7,8,1,0,0,0,-1,1,2,0,0,-5,-3,4,1,1,0,1,-1,1,-1,1,6,1
KR_6715570008,420,2,29,10,10,2,3,1,3,5,2,1,1,0,3,4,1,1,1,0,0,6,17,-1,2,1,0,0,1,1,1,1,1,5,1
KR_6728378650,420,2,40,2,6,0,1,1,3,5,2,0,2,2,3,3,0,0,3,3,0,9,10,2,4,6,1,0,0,1,0,0,1,5,1
KR_6756671330,420,1,-18,-9,3,1,4,3,7,9,2,-2,2,4,-2,0,2,-1,0,1,0,-1,13,-4,5,1,2,0,0,-1,1,1,-1,1,1
KR_6712734674,440,2,-10,-7,1,3,4,1,-1,3,4,1,3,2,2,4,2,-4,2,6,-2,-7,-12,3,0,3,-1,0,1,-1,1,1,-1,6,1
KR_6752158347,420,4,-6,26,12,2,4,2,4,4,0,-1,1,2,6,11,5,1,1,0,1,14,-1,-2,2,0,1,0,-1,1,-1,-1,1,6,1
KR_6760998228,420,1,14,31,4,0,2,2,2,5,3,-3,0,3,4,4,0,1,1,0,0,3,-4,1,2,3,2,0,1,-1,1,1,1,1,1
KR_6763731479,420,7,141,7,9,7,7,0,0,4,4,2,4,2,0,1,1,0,0,0,0,0,-158,1,3,4,4,0,2,1,-1,1,-1,4,1
KR_6713073071,420,6,56,40,9,4,4,0,3,4,1,2,2,0,2,3,1,-2,0,2,0,4,93,3,1,4,3,0,2,1,0,1,1,2,1
KR_6705389425,420,-2,47,8,-4,-1,0,1,-1,2,3,2,4,2,-4,0,4,0,0,0,0,-7,-322,4,0,4,1,0,-1,-1,0,-1,-1,3,1
KR_6706452358,420,5,105,16,12,-1,4,5,1,1,0,4,4,0,4,4,0,4,4,0,0,6,-2,1,1,2,0,0,1,1,1,1,1,3,1
KR_6732438717,420,4,31,16,7,5,5,0,1,2,1,1,1,0,-2,0,2,2,3,1,0,3,-3,-5,5,0,3,0,1,1,1,1,1,4,1
KR_6728715217,440,0,11,20,0,-5,0,5,5,5,0,1,2,1,1,1,0,-2,0,2,0,11,11,2,1,3,-2,0,-2,-1,-1,-1,1,3,1
KR_6693534333,420,4,32,28,18,0,2,2,8,10,2,5,6,1,4,5,1,1,4,3,1,6,-123,-2,3,1,1,0,1,1,-1,1,1,1,1
KR_6761095575,440,2,3,8,7,3,3,0,0,1,1,9,9,0,-5,1,6,0,1,1,0,-5,-5,0,0,0,0,0,0,-1,0,1,1,6,1
KR_6751971446,440,1,89,-24,-2,-2,2,4,2,7,5,-5,2,7,3,5,2,0,2,2,0,2,0,3,2,5,-2,0,0,-1,1,1,1,2,1
KR_6761927810,440,0,42,36,-3,4,4,0,0,5,5,3,7,4,-6,1,7,-4,2,6,0,-8,-22,0,1,1,-1,0,-2,0,0,-1,1,0,1
KR_6748944176,440,2,20,0,-1,-2,0,2,1,3,2,1,1,0,4,6,2,-5,0,5,0,1,29,0,2,2,-3,0,0,-1,-1,0,-1,6,1
KR_6757591885,420,1,24,8,2,0,1,1,1,3,2,0,2,2,0,7,7,1,1,0,0,5,4,1,1,2,-2,0,1,1,1,1,-1,6,1
KR_6744794864,420,3,63,12,5,2,4,2,0,4,4,4,6,2,-3,2,5,2,4,2,0,-2,-3,-1,2,1,0,0,1,1,-1,1,1,2,1
KR_6662950518,420,-3,-4,8,-6,-1,1,2,-3,1,4,-2,1,3,2,3,1,-2,0,2,0,-6,-108,0,3,3,1,0,-1,-1,1,-1,1,5,1
KR_6702384442,420,7,136,12,18,7,7,0,1,3,2,6,9,3,4,5,1,0,1,1,0,9,2,4,0,4,-1,0,2,1,1,1,-1,5,1
KR_6685815359,420,2,57,-27,1,3,3,0,-5,1,6,1,1,0,-1,1,2,3,3,0,0,-5,-12,2,4,6,4,0,0,-1,-1,0,-1,6,1
KR_6732195806,420,4,103,4,9,1,2,1,-1,3,4,-2,1,3,7,8,1,4,4,0,1,16,-6,2,1,3,-1,0,1,1,0,1,-1,1,1
KR_6734873277,420,1,16,-2,6,7,9,2,1,3,2,-4,1,5,0,1,1,2,2,0,1,8,-4,-5,6,1,2,0,0,1,-1,1,1,1,1
KR_6762962588,420,3,-2,15,13,6,7,1,2,4,2,5,5,0,0,1,1,0,1,1,0,8,2,2,1,3,1,0,1,1,1,1,1,1,1
KR_6762325588,420,4,80,21,15,4,5,1,4,5,1,5,7,2,2,5,3,0,2,2,0,5,-3,1,1,2,-2,0,1,1,-1,1,1,1,1
KR_6741770848,420,-1,30,-9,0,2,3,1,1,1,0,-1,2,3,-2,2,4,0,0,0,-2,-4,-7,1,4,5,1,0,0,-1,1,0,-1,4,1
KR_6689800170,420,0,38,4,-2,-1,2,3,0,2,2,4,6,2,-3,1,4,-2,1,3,0,-5,-8,0,2,2,-1,0,0,1,0,1,1,3,1
KR_6660937589,440,5,70,16,9,-1,2,3,-1,2,3,5,7,2,4,4,0,2,2,0,0,16,-4,1,2,3,-2,0,0,0,-1,1,1,0,1
KR_6715760276,420,2,67,8,0,0,4,4,-3,0,3,-1,2,3,3,5,2,1,3,2,0,-5,-4,-3,4,1,5,0,1,1,1,1,-1,4,1
KR_6752350432,420,3,31,16,3,-4,0,4,-2,3,5,5,7,2,3,3,0,1,1,0,0,-1,-180,-3,3,0,2,0,0,1,0,-1,1,3,1
KR_6749192603,420,-3,-41,-12,-13,-6,1,7,-1,3,4,-3,1,4,0,2,2,-3,0,3,0,-10,-170,0,1,1,-3,0,-1,1,-1,-1,-1,3,1
KR_6684561991,420,2,-53,4,10,-3,0,3,4,5,1,2,2,0,6,6,0,1,2,1,0,12,6,0,3,3,5,0,-1,1,1,-1,1,1,1
KR_6753343364,420,-4,-59,-16,-7,3,4,1,-6,0,6,1,3,2,-5,0,5,0,2,2,0,-8,42,-2,5,3,-31,0,0,-1,0,1,1,4,1
KR_6764426404,440,-3,16,-24,-8,-2,0,2,-5,0,5,5,7,2,-2,0,2,-4,0,4,0,-7,3,0,3,3,-4,0,0,1,-1,0,1,3,1
KR_6749428819,420,2,110,-20,5,3,4,1,-1,2,3,0,2,2,1,2,1,2,2,0,0,2,13,2,2,4,2,0,1,0,1,1,1,0,1
KR_6592914403,420,2,58,1,9,2,2,0,-4,1,5,3,4,1,8,8,0,0,2,2,0,5,-180,0,3,3,2,0,1,0,-1,1,1,0,1
KR_6757635812,420,-1,35,-3,-1,0,2,2,2,3,1,-3,1,4,0,2,2,0,0,0,0,2,15,1,4,5,-21,0,0,-1,-1,0,1,6,1
KR_6747171550,420,-4,-40,-12,-11,-2,2,4,-3,1,4,-2,3,5,-5,0,5,1,1,0,1,-8,-1,2,3,5,-2,0,-2,-1,-1,-1,1,4,1
KR_6759795050,420,2,50,46,8,-1,1,2,3,4,1,7,7,0,2,3,1,-3,0,3,0,12,184,2,4,6,0,0,2,-1,-1,1,1,4,1
KR_6728848259,420,4,141,-19,6,-1,1,2,-2,3,5,1,3,2,-1,2,3,9,10,1,0,1,1,0,1,1,4,0,1,1,1,1,1,6,1
KR_6713727184,420,1,28,-3,8,-1,1,2,-3,0,3,3,4,1,8,8,0,1,1,0,0,6,-8,-2,2,0,0,0,1,0,1,1,1,0,1
KR_6691820751,420,-2,-5,-32,-3,-1,0,1,-1,1,2,1,4,3,0,2,2,-2,0,2,0,1,-15,-3,3,0,-2,0,0,1,-1,0,1,3,1
KR_6664517479,420,0,-20,16,9,-1,4,5,4,5,1,-2,0,2,4,4,0,4,4,0,-1,10,-1,-1,4,3,1,0,1,1,-1,-1,-1,6,1
KR_6762739330,420,2,-15,7,3,0,1,1,-1,3,4,0,3,3,3,3,0,1,2,1,0,6,159,3,0,3,-2,0,0,1,1,0,-1,6,1
KR_6723078150,420,3,11,-28,10,-2,1,3,2,2,0,2,4,2,6,8,2,2,2,0,0,22,13,3,4,7,0,0,-1,1,-1,-1,-1,2,1
KR_6735228344,420,1,-48,40,7,-4,2,6,4,5,1,3,5,2,4,4,0,0,0,0,0,10,-4,-3,3,0,1,0,1,-1,1,1,-1,3,1
KR_6693074614,420,-1,27,2,-7,-3,2,5,-2,0,2,-2,1,3,1,2,1,-1,0,1,0,-10,7,2,1,3,2,0,0,1,-1,0,-1,5,1
KR_6640889290,420,2,75,4,0,-1,3,4,-1,3,4,-3,1,4,0,4,4,5,5,0,0,0,3,0,3,3,-2,0,0,-1,-1,1,1,4,1
KR_6657312629,440,-1,4,-10,-4,3,5,2,-4,3,7,-6,0,6,4,5,1,-1,1,2,-3,-2,1,-1,2,1,-2,0,0,1,-1,-1,-1,3,1
KR_6727203024,420,2,-38,2,1,2,4,2,6,6,0,1,3,2,-1,1,2,-7,0,7,0,1,4,2,1,3,-2,0,1,-1,1,1,1,6,1
KR_6751864374,420,1,55,24,-4,-1,0,1,-2,2,4,1,2,1,-2,1,3,0,1,1,-1,-8,-23,1,2,3,0,0,-1,-1,1,1,-1,1,1
KR_6729692946,420,-1,50,-76,1,-1,1,2,2,7,5,3,3,0,0,2,2,-3,1,4,0,0,0,3,2,5,0,0,0,1,1,0,1,4,1
KR_6762839732,420,0,-44,19,0,-1,2,3,3,6,3,6,6,0,-4,0,4,-4,0,4,0,0,-5,1,0,1,1,0,0,1,0,-1,-1,2,1
KR_6739115506,420,3,-66,29,9,2,3,1,4,5,1,4,5,1,0,2,2,-1,0,1,0,3,-4,-2,2,0,3,0,0,1,1,0,-1,2,1
KR_6735770121,420,1,26,-12,7,-1,0,1,0,1,1,-2,1,3,7,7,0,3,3,0,0,9,-14,1,1,2,-1,0,1,-1,1,1,1,5,1
KR_6748688424,420,2,-58,12,3,-1,1,2,0,4,4,3,5,2,-3,5,8,4,6,2,0,-2,-36,-4,5,1,31,0,1,1,1,1,-1,5,1
KR_6747427665,420,-3,7,4,-8,1,2,1,0,3,3,-5,1,6,-1,1,2,-3,2,5,0,-2,-17,-4,5,1,-3,0,0,0,-1,-1,-1,0,1
KR_6761327364,420,2,56,0,7,1,2,1,0,1,1,-2,2,4,5,7,2,3,3,0,0,10,5,-2,5,3,-2,0,0,1,-1,0,1,4,1
KR_6750586365,420,-1,1,28,5,3,4,1,-1,2,3,3,3,0,0,0,0,0,0,0,1,0,-7,2,1,3,-1,0,0,1,1,-1,1,1,1
KR_6760511357,420,2,18,7,6,-2,2,4,3,4,1,-1,1,2,1,4,3,5,5,0,0,3,-112,4,2,6,4,0,0,1,1,1,1,5,1
KR_6757897660,420,-1,-25,12,-1,0,1,1,2,3,1,-3,1,4,-3,3,6,3,4,1,-2,-6,-9,-2,2,0,-1,0,0,-1,-1,-1,-1,5,1
KR_6742015100,420,4,31,24,0,3,3,0,-2,1,3,0,1,1,1,2,1,-2,0,2,0,-1,-7,-2,3,1,1,0,0,0,1,1,1,0,1
KR_6740884433,420,1,18,26,6,3,3,0,-2,1,3,1,3,2,0,1,1,4,4,0,0,4,0,-2,3,1,1,0,0,0,-1,1,1,0,1
KR_6732038561,440,3,21,14,9,5,5,0,1,4,3,0,2,2,0,3,3,3,3,0,0,8,431,4,0,4,-1,0,3,1,1,1,-1,2,1
KR_6748882912,420,-1,-55,-4,1,-2,1,3,0,1,1,5,6,1,0,4,4,-2,1,3,1,1,20,-3,4,1,-1,0,-2,1,-1,-1,1,3,1
KR_6681214689,420,2,1,8,6,1,2,1,-3,2,5,-1,2,3,9,10,1,0,2,2,1,12,8,1,2,3,0,0,1,1,-1,1,1,2,1
KR_6755143612,420,0,21,-29,0,-1,1,2,-2,0,2,-1,3,4,0,1,1,4,4,0,-2,1,20,-1,2,1,3,0,-1,-1,-1,-1,-1,4,1
KR_6653102368,420,10,123,24,13,0,0,0,2,2,0,6,6,0,2,4,2,3,3,0,0,15,-49,3,1,4,1,0,5,1,1,1,1,4,1
KR_6734978890,420,0,-29,22,1,5,5,0,0,4,4,1,4,3,-4,1,5,-1,2,3,0,-4,-29,-1,3,2,16,0,0,0,1,0,1,0,1
KR_6645624030,420,0,13,35,8,0,1,1,8,10,2,1,4,3,-1,1,2,0,1,1,0,6,33,2,2,4,-4,0,0,1,-1,1,1,2,1
KR_6644453424,420,5,-20,22,7,2,3,1,7,9,2,-2,1,3,0,1,1,0,2,2,0,8,5,-2,2,0,2,0,0,1,1,1,-1,1,1
KR_6757303052,420,1,-20,18,5,1,2,1,4,8,4,1,2,1,3,4,1,-4,1,5,-1,-6,-18,-2,3,1,2,0,0,-1,0,0,-1,4,1
KR_6761862898,420,3,98,-2,8,3,4,1,-1,1,2,5,6,1,-1,0,1,2,2,0,0,4,-2,2,4,6,0,0,1,0,1,1,1,0,1
KR_6764249763,420,0,-73,32,1,1,2,1,-2,0,2,3,3,0,0,4,4,-1,0,1,0,-3,-2,0,3,3,-3,0,-1,1,1,-1,1,4,1
KR_6745498409,420,-3,-35,-16,-3,-4,0,4,-2,1,3,-1,2,3,1,3,2,3,3,0,0,4,-44,-3,3,0,20,0,1,1,-1,-1,-1,4,1
KR_6709900519,420,0,27,4,7,5,5,0,0,3,3,-1,2,3,1,2,1,2,3,1,0,4,-380,0,3,3,21,0,1,-1,1,1,1,6,1
KR_6762435070,420,2,-17,25,-2,0,2,2,-3,1,4,1,4,3,-1,1,2,1,1,0,0,3,150,-2,6,4,-1,0,-1,0,-1,-1,-1,0,1
KR_6734560978,420,-1,11,12,0,-2,0,2,-1,0,1,0,1,1,2,7,5,1,1,0,0,0,-23,-4,5,1,1,0,-1,1,-1,-1,1,4,1
KR_6731503278,420,3,37,3,5,1,1,0,-1,0,1,8,8,0,-3,0,3,0,1,1,0,1,6,-1,2,1,1,0,0,-1,-1,0,-1,3,1
KR_6763220554,440,6,66,13,11,4,5,1,0,1,1,2,4,2,4,5,1,1,3,2,0,5,-18,-1,1,0,-1,0,0,1,-1,0,1,1,1
KR_6634693159,420,5,94,36,6,-1,0,1,0,1,1,5,6,1,1,1,0,1,1,0,0,0,2,0,2,2,2,0,2,1,1,1,1,4,1
KR_6757022231,420,2,-10,4,6,-4,0,4,4,4,0,5,5,0,1,1,0,0,2,2,0,8,160,3,2,5,-3,0,1,1,-1,1,1,2,1
KR_6632067817,420,4,8,0,6,5,5,0,-3,1,4,-2,4,6,2,2,0,4,4,0,0,2,1,3,2,5,1,0,2,-1,1,1,-1,6,1
KR_6750216785,420,0,-52,-24,4,1,3,2,-1,4,5,0,3,3,6,9,3,-2,2,4,0,10,-5,0,1,1,0,0,-1,1,-1,-1,1,6,1
KR_6754684948,420,1,102,4,9,2,2,0,3,3,0,2,3,1,2,2,0,0,0,0,0,6,158,-1,2,1,2,0,2,1,1,1,1,3,1
KR_6740797295,420,-3,-36,12,-3,1,3,2,1,5,4,-4,0,4,0,2,2,-1,0,1,0,-1,8,1,3,4,-2,0,-1,-1,1,1,1,6,1
KR_6632827159,420,4,62,52,10,0,2,2,1,2,1,0,2,2,8,9,1,1,2,1,0,14,-9,3,0,3,0,0,1,-1,1,1,-1,4,1
KR_6758229281,420,1,19,12,5,2,2,0,0,1,1,0,1,1,2,4,2,1,4,3,0,3,-116,3,1,4,1,0,0,0,-1,0,1,0,1
KR_6646291774,420,5,75,16,11,3,4,1,2,7,5,5,5,0,4,4,0,-3,1,4,1,3,450,2,1,3,1,0,0,1,1,1,1,5,1
KR_6694331020,420,-1,-28,8,0,0,2,2,0,1,1,3,4,1,-3,2,5,0,2,2,0,-1,5,1,0,1,0,0,0,1,0,-1,1,3,1
KR_6744386645,420,1,65,8,1,-2,1,3,4,4,0,-3,1,4,-3,0,3,5,5,0,0,-2,15,-1,3,2,1,0,0,-1,-1,0,-1,2,1
KR_6760783497,420,5,4,40,13,-1,0,1,3,4,1,1,1,0,3,4,1,7,8,1,0,10,3,1,3,4,0,0,0,1,-1,-1,-1,6,1
KR_6756238775,420,-2,-8,20,-8,-2,2,4,-4,0,4,1,3,2,-3,1,4,0,2,2,0,-4,0,0,3,3,-4,0,1,-1,1,1,1,3,1
KR_6743694494,420,1,38,20,0,1,2,1,-3,1,4,-1,2,3,2,3,1,1,1,0,0,-2,49,4,0,4,-20,0,-1,-1,1,-1,1,6,1
KR_6762195741,420,3,92,-4,14,3,3,0,-1,0,1,7,7,0,0,4,4,5,6,1,1,11,10,3,2,5,-2,0,3,1,1,1,1,1,1
KR_6754935960,420,8,116,60,15,8,8,0,0,0,0,3,6,3,-1,4,5,5,6,1,2,7,6,-2,3,1,0,0,3,1,1,1,1,5,1
KR_6734609170,420,2,78,9,1,3,5,2,2,2,0,0,2,2,-4,3,7,0,0,0,0,11,5,0,2,2,1,0,3,1,1,1,-1,5,1
KR_6734445613,420,-3,-28,-24,6,1,4,3,2,7,5,2,3,1,0,6,6,1,3,2,0,2,-14,-1,1,0,-2,0,-1,-1,-1,-1,1,4,1
KR_6731532456,420,-1,26,-9,-2,-2,1,3,-3,2,5,2,5,3,2,5,3,-1,0,1,-1,1,183,-1,2,1,-1,0,0,-1,1,1,-1,6,1
KR_6739443778,440,0,24,8,5,1,1,0,3,4,1,2,9,7,1,1,0,-2,2,4,1,13,1,2,0,2,1,0,-1,0,-1,1,1,0,1
KR_6744251724,420,9,104,-1,15,2,3,1,0,4,4,8,8,0,4,5,1,1,1,0,-1,5,1,-3,7,4,6,0,1,1,1,1,-1,3,1
KR_6713465541,420,3,82,-12,8,2,4,2,-2,0,2,6,6,0,2,2,0,0,3,3,1,-2,2,-2,2,0,2,0,2,1,-1,1,1,3,1
KR_6695689482,420,-3,-13,4,-12,-4,1,5,-3,3,6,0,3,3,-4,3,7,-1,0,1,0,-15,-308,-4,4,0,-1,0,-2,-1,-1,-1,-1,6,1
KR_6661440055,420,3,13,35,12,1,3,2,-3,2,5,-1,4,5,11,11,0,4,4,0,0,13,0,1,2,3,-1,0,1,1,-1,1,1,4,1
KR_6760170369,420,-1,65,-28,-2,0,2,2,2,3,1,-1,2,3,0,1,1,-3,2,5,0,-4,-4,1,3,4,-2,0,1,1,1,1,-1,4,1
KR_6710713883,420,2,67,-90,8,7,7,0,0,2,2,0,2,2,4,4,0,-3,0,3,0,8,26,4,0,4,-3,0,3,0,-1,1,1,0,1
KR_6739301921,440,1,-11,20,3,-1,1,2,2,2,0,5,5,0,-4,1,5,1,4,3,0,3,4,3,2,5,-3,0,0,0,-1,0,1,0,1
KR_6715332917,440,4,34,-10,10,-1,2,3,1,4,3,1,3,2,8,9,1,1,1,0,0,12,103,0,3,3,4,0,0,1,-1,1,1,2,1
KR_6749236715,440,2,-27,-7,13,2,3,1,0,2,2,0,1,1,5,6,1,6,6,0,0,19,-16,1,1,2,0,0,0,1,-1,1,-1,2,1
KR_6729322519,420,0,111,4,-1,0,1,1,0,3,3,-2,1,3,1,2,1,0,0,0,0,-7,90,0,2,2,-3,0,0,1,1,1,-1,3,1
KR_6743240595,420,3,56,23,8,2,3,1,2,4,2,4,4,0,0,0,0,0,0,0,0,6,-5,-5,6,1,2,0,0,0,1,0,1,0,1
KR_6736953004,420,5,115,18,10,1,2,1,-2,0,2,4,4,0,3,4,1,4,4,0,0,3,2,-3,6,3,1,0,1,0,-1,1,1,0,1
KR_6742727224,420,10,93,8,14,1,3,2,2,3,1,2,4,2,5,5,0,4,4,0,1,19,6,3,0,3,1,0,2,1,1,1,1,2,1
KR_6756633475,420,2,49,4,6,-1,2,3,12,13,1,-4,0,4,-1,0,1,0,1,1,1,11,8,1,3,4,2,0,1,0,1,1,1,0,1
KR_6729206820,420,3,52,31,4,1,2,1,6,7,1,2,3,1,-5,0,5,0,0,0,0,-4,17,-2,6,4,-7,0,0,1,0,0,1,3,1
KR_6756967690,420,7,140,3,15,0,1,1,2,2,0,11,11,0,2,3,1,0,1,1,1,9,-10,1,0,1,1,0,1,1,0,1,1,6,1
KR_6711316702,420,0,-24,-32,2,-3,1,4,4,5,1,3,6,3,-2,4,6,0,2,2,0,15,38,5,0,5,-9,0,0,1,-1,0,-1,4,1
KR_6695732631,440,-4,-87,12,1,-2,1,3,0,4,4,-3,1,4,6,6,0,0,1,1,0,3,-6,0,3,3,-1,0,0,1,1,1,-1,4,1
KR_6668853894,420,6,91,-16,17,5,6,1,4,4,0,4,5,1,3,4,1,1,1,0,0,17,-224,-2,5,3,2,0,1,1,1,1,1,1,1
KR_6763726362,420,4,118,0,6,2,4,2,-4,1,5,-1,1,2,9,10,1,0,1,1,0,3,-60,-3,5,2,-1,0,3,0,-1,1,1,0,1
KR_6756552326,420,3,-18,-2,11,0,3,3,1,6,5,3,3,0,6,7,1,1,2,1,0,23,37,0,2,2,-16,0,1,1,-1,1,1,6,1
KR_6760144803,420,8,52,80,6,-6,1,7,2,2,0,4,4,0,5,5,0,1,1,0,1,4,9,-1,5,4,6,0,2,1,1,1,1,1,1
KR_6696170407,420,3,-23,12,8,5,5,0,0,1,1,2,4,2,0,0,0,1,1,0,0,5,-301,0,2,2,-2,0,1,-1,1,-1,1,6,1
KR_6644768794,420,-2,-41,28,-5,0,1,1,5,5,0,-5,0,5,-2,1,3,-3,1,4,0,0,8,-2,3,1,2,0,0,1,-1,0,1,1,1
KR_6745738948,420,0,-13,-18,4,-2,0,2,3,3,0,0,0,0,4,5,1,-1,0,1,0,5,25,1,2,3,-7,0,0,1,0,0,1,2,1
KR_6729194462,420,2,73,9,12,10,10,0,2,4,2,0,2,2,0,4,4,0,3,3,-1,3,4,1,2,3,-2,0,2,1,1,1,-1,5,1
KR_6729993276,420,5,35,21,9,3,4,1,3,6,3,-1,3,4,-1,3,4,5,6,1,0,10,-9,0,2,2,0,0,0,-1,-1,1,-1,5,1
KR_6723957687,420,3,-27,32,4,-1,1,2,0,1,1,-2,0,2,3,4,1,4,5,1,0,7,7,0,2,2,2,0,0,1,0,0,1,6,1
KR_6762006861,420,1,0,-4,8,0,1,1,9,10,1,-2,4,6,1,2,1,0,1,1,0,14,467,3,0,3,-21,0,0,1,0,0,1,5,1
KR_6699448475,420,5,32,31,16,3,3,0,1,3,2,6,10,4,4,4,0,2,3,1,0,7,1,-5,5,0,2,0,3,1,1,1,1,2,1
KR_6743043105,420,0,8,-16,3,1,2,1,0,2,2,1,1,0,0,1,1,1,1,0,0,3,25,5,1,6,1,0,0,-1,1,0,1,6,1
KR_6757595648,420,5,19,33,10,1,2,1,7,8,1,5,6,1,-1,3,4,-2,2,4,0,8,-143,5,2,7,-2,0,2,0,1,1,-1,0,1
KR_6725012298,440,2,57,4,-3,-6,0,6,1,3,2,-1,3,4,3,3,0,0,1,1,1,7,7,0,2,2,-2,0,0,-1,-1,0,1,3,1
KR_6764213608,420,3,-10,3,9,4,4,0,1,1,0,0,0,0,3,3,0,1,1,0,0,7,-3,-2,4,2,2,0,1,1,1,1,1,2,1
KR_6693045715,420,3,17,23,9,9,10,1,-1,1,2,-1,0,1,1,2,1,1,2,1,0,3,-373,0,2,2,0,0,1,-1,-1,1,1,4,1
KR_6730394090,440,-1,5,0,-3,4,6,2,-2,0,2,-1,2,3,-4,0,4,0,0,0,0,-6,-35,-2,2,0,0,0,1,1,1,1,1,4,1
KR_6762371069,420,9,119,54,17,5,6,1,1,1,0,3,5,2,3,7,4,5,5,0,1,21,-2,1,0,1,2,0,3,0,1,1,1,0,1
KR_6743791123,420,2,6,-9,4,0,1,1,5,7,2,1,2,1,-2,2,4,0,0,0,0,7,-8,1,4,5,-1,0,0,1,0,0,1,6,1
KR_6738897681,420,4,93,37,5,2,3,1,0,3,3,2,2,0,-1,3,4,2,2,0,-1,3,-7,2,1,3,1,0,2,1,-1,1,-1,2,1
KR_6667126623,420,2,65,-6,1,4,5,1,-1,0,1,1,2,1,0,0,0,-3,0,3,0,-2,36,-2,4,2,-10,0,1,-1,1,1,-1,1,1
KR_6751355397,420,2,40,-16,3,-1,1,2,-1,1,2,2,6,4,2,3,1,1,2,1,0,2,36,4,2,6,-20,0,1,1,-1,1,-1,1,1
KR_6659281526,420,-2,-41,11,-9,-5,1,6,0,4,4,-1,1,2,-3,1,4,0,0,0,0,-4,-7,-5,7,2,7,0,-1,-1,0,-1,-1,5,1
KR_6732777057,420,2,17,23,1,3,4,1,1,2,1,0,2,2,-4,0,4,1,1,0,0,-2,-7,0,4,4,3,0,0,-1,-1,0,1,6,1
KR_6756228195,420,4,72,-20,11,4,4,0,-1,2,3,3,4,1,5,5,0,0,0,0,1,7,-1,1,3,4,2,0,0,0,1,0,1,0,1
KR_6675688365,420,12,89,98,11,0,0,0,1,1,0,6,6,0,1,1,0,3,3,0,0,8,22,2,1,3,0,0,4,1,1,1,1,6,1
KR_6660361747,420,10,42,128,1,0,1,1,2,2,0,-1,6,7,1,1,0,-1,1,2,2,2,198,4,0,4,3,0,2,1,1,1,1,6,1
KR_6757454523,420,2,-5,8,4,0,1,1,1,2,1,5,5,0,3,4,1,-5,1,6,0,-1,-7,-1,2,1,0,0,-1,-1,-1,-1,-1,3,1
KR_6763637098,420,0,4,-14,2,3,3,0,0,0,0,-2,0,2,0,2,2,1,2,1,0,0,-10,5,4,9,2,0,0,-1,1,0,-1,5,1
KR_6761982786,420,2,103,-8,7,0,1,1,4,7,3,4,5,1,0,3,3,-1,0,1,0,-4,1,0,1,1,1,0,0,1,-1,0,1,4,1
KR_6755162658,420,2,37,9,3,4,4,0,-2,2,4,-1,1,2,1,2,1,1,1,0,0,5,-5,2,1,3,-4,0,1,0,0,1,1,0,1
KR_6725086792,420,3,108,-7,1,5,6,1,1,4,3,2,2,0,-5,1,6,-2,0,2,0,-7,5,0,3,3,0,0,2,-1,1,1,1,4,1
KR_6669482386,420,3,65,16,4,-2,0,2,2,3,1,-2,0,2,3,3,0,3,3,0,0,5,456,1,0,1,-33,0,1,1,-1,1,-1,4,1
KR_6749987976,420,2,40,25,4,0,2,2,-2,1,3,-3,1,4,5,6,1,4,4,0,0,2,-4,-5,5,0,1,0,1,0,1,1,-1,0,1
KR_6744649046,420,2,95,-30,6,0,4,4,-1,1,2,-1,2,3,8,8,0,0,1,1,0,9,7,4,1,5,2,0,0,1,-1,1,-1,5,1
KR_6755049196,420,3,76,-10,12,11,12,1,1,2,1,-3,3,6,1,3,2,2,2,0,1,1,-1,-1,1,0,1,0,2,1,1,1,1,1,1
KR_6730118327,420,2,63,-49,10,1,3,2,1,5,4,6,6,0,-1,0,1,3,4,1,0,11,5,-1,4,3,0,0,1,-1,1,1,1,5,1
KR_6749706319,440,1,64,-16,1,1,3,2,-4,0,4,3,3,0,1,1,0,0,1,1,0,-7,2,-1,4,3,0,0,1,-1,-1,1,-1,1,1
KR_6695883534,420,2,-3,-4,-6,3,4,1,-3,0,3,-1,3,4,-3,3,6,-2,0,2,-1,0,-11,-5,7,2,1,0,0,1,1,-1,-1,4,1
KR_6719196339,420,1,58,-4,8,4,6,2,0,2,2,1,2,1,4,4,0,-1,1,2,1,7,9,4,0,4,1,0,2,1,1,1,1,1,1
KR_6713408281,420,2,25,23,1,6,8,2,-2,4,6,3,3,0,-5,1,6,-1,0,1,1,-1,-17,0,1,1,0,0,1,-1,1,1,1,6,1
KR_6760592658,420,0,-5,24,-1,-8,0,8,3,4,1,1,4,3,-1,1,2,4,4,0,0,3,4,3,0,3,-2,0,-1,1,-1,-1,1,1,1
KR_6759233551,420,2,21,27,8,0,1,1,0,3,3,7,9,2,2,5,3,-1,0,1,3,18,92,-1,2,1,2,0,1,1,-1,1,1,3,1
KR_6735123290,420,4,40,36,7,7,7,0,-5,0,5,-1,0,1,4,5,1,2,2,0,0,2,-8,3,1,4,2,0,0,-1,0,1,1,5,1
KR_6727667628,420,-3,-50,-12,-9,-2,2,4,3,3,0,0,3,3,-10,0,10,0,0,0,0,-3,-10,3,1,4,-3,0,-1,1,1,-1,-1,3,1
KR_6737067183,420,3,45,12,6,0,2,2,0,2,2,3,3,0,1,2,1,2,2,0,0,10,-7,-4,6,2,2,0,-1,1,-1,-1,1,3,1
KR_6734238394,420,-1,45,28,-4,4,6,2,-4,3,7,-4,1,5,1,2,1,-1,0,1,1,-1,-143,5,1,6,-3,0,2,-1,-1,1,1,4,1
KR_6647246083,420,0,-49,-15,3,0,1,1,1,3,2,-2,4,6,1,4,3,3,5,2,0,2,-406,-1,1,0,1,0,0,1,-1,-1,1,3,1
KR_6756590537,420,4,44,-4,10,2,3,1,5,5,0,0,3,3,1,2,1,2,2,0,0,7,-1,-3,4,1,2,0,1,1,1,1,1,5,1
KR_6731366249,420,4,21,31,5,0,1,1,6,6,0,-4,0,4,6,6,0,-3,1,4,0,4,-5,0,1,1,1,0,1,1,-1,1,1,3,1
KR_6763099186,420,-3,0,4,-4,-6,0,6,-3,2,5,9,14,5,-2,1,3,-2,2,4,0,-14,-32,-2,4,2,-1,0,1,1,1,1,-1,2,1
KR_6759288498,440,0,-94,29,1,-5,0,5,3,4,1,3,4,1,0,0,0,0,0,0,0,1,-3,2,0,2,0,0,-1,1,1,-1,1,5,1
KR_6741225564,420,-1,6,-3,0,1,5,4,0,4,4,-3,1,4,1,3,2,1,1,0,0,0,0,-1,2,1,-3,0,0,1,-1,1,1,4,1
KR_6738116798,420,2,19,17,8,9,9,0,2,4,2,-2,0,2,-2,2,4,1,2,1,0,1,-8,0,5,5,-2,0,0,0,-1,0,1,0,1
KR_6730170608,420,-1,-42,11,0,-2,1,3,0,1,1,-3,2,5,5,9,4,0,1,1,-1,-8,-7,0,2,2,1,0,0,1,-1,1,-1,3,1
KR_6758958830,420,2,47,-20,1,0,2,2,-3,1,4,2,4,2,3,4,1,-1,1,2,0,-2,-50,-4,4,0,18,0,0,-1,0,0,-1,6,1
KR_6754142898,420,3,77,32,-5,-1,2,3,-6,1,7,0,4,4,2,2,0,0,1,1,0,-10,7,3,2,5,-4,0,-1,1,1,-1,1,5,1
KR_6759704084,420,1,32,8,3,-5,2,7,1,3,2,0,2,2,3,5,2,4,4,0,0,1,8,2,2,4,-1,0,3,-1,1,1,-1,2,1
KR_6723725519,420,1,33,8,4,0,0,0,1,2,1,3,3,0,2,3,1,-2,0,2,0,-2,14,1,3,4,-2,0,0,1,1,0,1,4,1
KR_6714208106,420,1,-10,0,10,0,2,2,2,5,3,-1,2,3,4,7,3,5,5,0,0,12,14,5,0,5,-3,0,1,1,0,1,-1,1,1
KR_6731441340,420,3,33,-28,10,6,6,0,3,3,0,2,3,1,-1,0,1,0,1,1,0,4,6,4,0,4,-1,0,3,1,1,1,1,4,1
KR_6741359601,420,1,-26,17,6,3,4,1,2,3,1,3,6,3,-1,5,6,-1,1,2,0,3,-16,6,1,7,-2,0,2,1,1,1,1,3,1
KR_6647061014,420,5,49,14,8,-3,1,4,6,7,1,1,3,2,3,3,0,1,2,1,0,5,-2,-5,7,2,5,0,2,1,1,1,-1,3,1
KR_6751993288,440,0,50,-2,-1,-1,0,1,-2,3,5,2,3,1,0,3,3,0,0,0,1,0,-21,-2,3,1,0,0,0,0,-1,0,1,0,1
KR_6729250296,420,8,126,0,20,0,2,2,8,8,0,3,5,2,6,7,1,3,3,0,-1,14,28,2,0,2,-18,0,2,-1,0,1,-1,6,1
KR_6697362449,420,3,-17,-7,6,4,4,0,-1,3,4,-1,1,2,2,3,1,2,2,0,0,9,-3,-1,3,2,2,0,1,0,0,1,-1,0,1
KR_6673548824,420,3,105,24,7,6,8,2,-3,1,4,1,2,1,3,3,0,0,1,1,0,2,6,3,1,4,-1,0,4,-1,1,1,1,5,1
KR_6648427976,420,0,-9,-16,5,0,1,1,2,4,2,1,2,1,2,2,0,0,0,0,1,12,2,1,1,2,1,0,0,1,1,0,1,6,1
KR_6691593981,420,4,34,5,12,0,2,2,-3,1,4,1,1,0,7,7,0,7,7,0,0,13,50,4,1,5,-23,0,0,1,1,0,1,4,1
KR_6754136918,420,2,65,-7,7,0,3,3,4,6,2,2,3,1,4,6,2,-3,0,3,0,6,168,0,3,3,3,0,-1,1,-1,-1,-1,6,1
KR_6661321735,420,-4,9,12,-8,-1,1,2,-9,1,10,-3,0,3,3,3,0,2,2,0,0,0,52,2,3,5,-24,0,0,-1,-1,-1,-1,1,1
KR_6756102169,420,-3,11,-30,1,0,1,1,1,4,3,-4,1,5,4,4,0,0,1,1,0,2,0,3,3,6,5,0,0,1,0,1,1,3,1
KR_6749924262,440,-8,11,-80,4,-3,1,4,0,0,0,-3,0,3,2,3,1,8,9,1,0,3,21,2,2,4,-3,0,-1,0,-1,-1,1,0,1
KR_6739114316,420,0,-13,-4,5,-3,0,3,-2,0,2,2,5,3,6,6,0,2,2,0,0,14,3,1,2,3,4,0,1,1,1,1,1,1,1
KR_6760160441,420,2,91,32,4,-1,0,1,-7,0,7,-2,2,4,6,9,3,8,8,0,0,3,22,-2,7,5,-21,0,2,0,-1,1,-1,0,1
KR_6661445914,420,4,-6,76,5,2,4,2,3,3,0,-2,1,3,1,3,2,1,1,0,0,7,28,-1,3,2,1,0,1,1,1,1,1,1,1
KR_6762608817,420,-2,-56,5,-1,-1,1,2,-1,3,4,3,4,1,-1,1,2,-1,0,1,0,-3,-34,3,2,5,10,0,0,-1,1,-1,1,6,1
KR_6728243886,420,3,26,32,2,-5,1,6,3,4,1,3,5,2,4,4,0,-3,1,4,0,-1,-150,1,4,5,-3,0,1,-1,1,1,-1,6,1
KR_6691382816,420,2,36,26,9,-1,4,5,2,2,0,2,4,2,4,4,0,2,2,0,1,7,4,0,2,2,5,0,1,-1,1,1,1,6,1
KR_6748309627,420,0,40,11,0,-2,0,2,3,4,1,-3,2,5,0,2,2,2,2,0,0,-5,6,1,9,10,1,0,1,1,-1,1,1,3,1
KR_6753828072,420,1,-39,-8,9,6,7,1,-2,1,3,4,5,1,1,2,1,0,0,0,0,8,-21,3,2,5,1,0,0,1,1,0,1,3,1
KR_6720388223,420,5,118,20,12,-1,0,1,4,4,0,-1,2,3,9,11,2,1,3,2,0,11,16,7,1,8,-17,0,2,1,1,1,1,4,1
KR_6757851816,420,3,25,11,9,-2,1,3,5,6,1,3,6,3,1,1,0,2,2,0,0,8,21,4,1,5,-2,0,1,1,1,1,1,1,1
KR_6726658798,420,0,10,15,4,-2,1,3,8,9,1,1,3,2,-1,1,2,-2,1,3,0,4,5,4,2,6,-4,0,1,1,1,1,1,4,1
KR_6685350404,420,8,116,48,16,1,2,1,3,3,0,5,10,5,2,2,0,5,5,0,0,5,25,3,1,4,2,0,3,-1,1,1,1,1,1
KR_6745047987,420,0,12,10,0,-1,1,2,3,6,3,-1,2,3,1,3,2,-2,0,2,0,1,4,-1,3,2,2,0,0,1,-1,0,-1,3,1
KR_6761620553,420,4,21,16,9,1,2,1,6,7,1,0,0,0,0,1,1,2,2,0,-1,2,-12,-2,3,1,2,0,0,-1,1,0,-1,3,1
KR_6723054881,420,1,-13,8,4,5,5,0,-2,1,3,-3,1,4,2,2,0,2,2,0,0,6,-4,-1,4,3,1,0,0,1,0,0,1,6,1
KR_6748867154,420,8,61,20,18,4,4,0,-1,0,1,3,3,0,7,7,0,5,5,0,0,9,3,4,0,4,3,0,1,1,1,1,1,6,1
KR_6762321412,420,1,32,-12,8,1,4,3,2,2,0,1,3,2,5,6,1,-1,3,4,0,6,12,-1,4,3,0,0,0,0,0,0,1,0,1
KR_6752255281,420,0,17,12,1,0,2,2,0,2,2,0,4,4,2,3,1,-1,0,1,0,-1,-22,5,2,7,0,0,-1,1,1,1,1,4,1
KR_6685988948,420,1,31,76,-2,2,5,3,2,3,1,-2,3,5,-5,0,5,1,2,1,2,-4,-7,-2,5,3,-2,0,-1,1,0,-1,1,3,1
KR_6742587613,420,-1,36,14,-5,-3,1,4,2,4,2,-1,0,1,-1,1,2,-2,2,4,-2,-1,-28,1,1,2,1,0,0,1,-1,-1,-1,5,1
KR_6662355973,420,-3,-5,-16,1,0,2,2,-3,1,4,1,2,1,3,3,0,0,0,0,0,6,159,2,2,4,3,0,0,1,1,0,1,6,1
KR_6761333292,420,1,6,10,2,4,5,1,1,2,1,-3,0,3,1,1,0,-1,0,1,1,5,4,-1,3,2,3,0,1,-1,1,1,1,2,1
KR_6752823094,420,-2,-65,16,2,3,4,1,7,7,0,-6,0,6,-2,1,3,0,0,0,-1,-3,-57,-1,4,3,32,0,0,1,-1,0,-1,3,1
KR_6747927519,420,4,42,17,7,6,6,0,2,5,3,-5,2,7,2,4,2,2,2,0,0,1,-310,5,0,5,26,0,0,1,1,0,-1,6,1
KR_6706638689,420,2,-37,32,1,4,7,3,1,3,2,3,7,4,-4,1,5,-3,0,3,0,-4,27,1,0,1,-13,0,0,0,0,-1,-1,0,1
KR_6759749887,440,-3,-36,-16,-2,3,3,0,0,1,1,-4,1,5,1,1,0,-2,1,3,0,-6,-1,2,2,4,1,0,0,-1,-1,0,1,1,1
KR_6690948481,420,0,35,-11,0,0,2,2,-2,1,3,4,4,0,2,2,0,-4,1,5,0,-5,5,2,1,3,0,0,2,1,-1,1,1,2,1
KR_6699601153,440,2,30,-9,1,1,1,0,3,4,1,-1,1,2,-1,5,6,-1,1,2,0,2,11,1,5,6,-1,0,1,-1,1,1,-1,3,1
KR_6760923150,420,-3,-20,12,-6,-3,1,4,-2,2,4,-4,0,4,0,2,2,3,3,0,-1,-3,-3,-2,4,2,0,0,-2,-1,1,-1,-1,6,1
KR_6742509917,420,6,181,32,7,1,2,1,2,3,1,5,7,2,-1,1,2,0,1,1,0,-5,-17,-4,7,3,0,0,1,1,1,1,1,6,1
KR_6753799003,420,-1,-1,-20,3,2,3,1,3,5,2,-3,2,5,1,3,2,0,1,1,0,4,0,1,0,1,0,0,-1,-1,-1,-1,1,3,1
KR_6683191535,420,0,-12,4,-3,5,5,0,-4,2,6,-2,4,6,1,5,4,-3,0,3,0,-11,-369,0,3,3,-1,0,0,-1,1,0,-1,1,1
KR_6734700635,420,0,9,-10,-4,-1,0,1,0,3,3,-5,1,6,0,0,0,2,2,0,0,0,-289,0,0,0,0,0,3,-1,1,1,-1,1,1
KR_6713782792,420,3,82,-3,9,1,2,1,3,4,1,3,6,3,1,4,3,1,1,0,0,9,10,0,1,1,2,0,2,-1,-1,1,1,1,1
KR_6755979386,420,-1,48,4,-3,0,3,3,-1,0,1,-1,2,3,0,2,2,-1,1,2,0,-3,-10,0,1,1,-1,0,1,-1,1,1,1,6,1
KR_6762611710,420,2,3,-4,-3,2,4,2,2,4,2,-2,0,2,-4,0,4,-1,1,2,0,-4,-7,-3,4,1,1,0,0,-1,0,0,-1,2,1
KR_6762036064,420,0,-6,-8,5,1,3,2,0,1,1,2,3,1,0,0,0,2,2,0,0,6,-8,-3,3,0,0,0,0,-1,-1,0,-1,6,1
KR_6720357605,420,1,48,-24,4,-1,1,2,-1,1,2,4,5,1,3,5,2,-1,0,1,0,7,0,-4,5,1,5,0,0,-1,-1,0,-1,5,1
KR_6737700701,420,2,-47,-7,12,5,6,1,6,8,2,-1,2,3,-1,1,2,3,5,2,1,12,-2,4,1,5,-1,0,0,1,1,-1,1,2,1
KR_6733228495,420,0,14,8,3,-4,0,4,1,2,1,5,6,1,0,2,2,1,1,0,0,2,14,-6,6,0,-2,0,0,1,1,1,1,6,1
KR_6726476723,420,2,31,-27,6,-3,0,3,3,4,1,3,3,0,2,4,2,1,2,1,0,3,-8,-3,8,5,5,0,0,1,-1,0,1,4,1
KR_6761046244,440,2,-11,22,4,-4,0,4,1,1,0,-1,2,3,1,1,0,7,7,0,0,6,-4,0,2,2,-1,0,2,1,1,1,1,3,1
KR_6637157059,420,0,-27,8,7,-3,1,4,8,10,2,-1,1,2,2,2,0,1,4,3,1,10,13,1,1,2,2,0,1,1,-1,1,1,2,1
KR_6710743143,420,-1,-46,-37,6,-4,2,6,1,3,2,2,3,1,2,2,0,5,5,0,0,15,2,0,1,1,-1,0,0,1,1,-1,-1,5,1
KR_6761540155,440,6,66,24,8,3,3,0,6,7,1,-6,1,7,-1,2,3,6,7,1,0,13,6,0,1,1,1,0,3,1,1,1,-1,1,1
KR_6676778222,420,0,-31,-8,3,4,4,0,1,3,2,-1,1,2,3,7,4,-4,1,5,0,6,-1,-3,5,2,1,0,-1,-1,-1,-1,-1,3,1
KR_6723805384,420,2,9,8,3,2,2,0,2,3,1,-1,1,2,2,3,1,-2,0,2,1,5,-6,2,1,3,6,0,0,1,1,0,1,1,1
KR_6743031942,420,0,5,-16,6,2,3,1,-1,1,2,-1,1,2,0,2,2,6,6,0,1,7,22,1,1,2,-5,0,0,1,0,0,1,3,1
KR_6760326484,420,6,41,1,16,3,4,1,1,1,0,6,8,2,3,6,3,3,3,0,0,7,-1,0,3,3,-2,0,2,1,1,1,1,2,1
KR_6658976489,420,2,-5,36,3,0,1,1,2,2,0,0,3,3,1,1,0,0,0,0,0,1,1,0,2,2,-1,0,0,-1,1,0,1,3,1
KR_6718234804,420,6,101,30,11,7,7,0,2,5,3,1,2,1,1,3,2,0,1,1,0,7,-263,3,1,4,-2,0,2,1,1,1,1,1,1
KR_6731101266,420,3,16,12,5,2,3,1,1,1,0,4,6,2,1,2,1,-3,0,3,0,-11,3,2,0,2,1,0,1,1,1,1,1,5,1
KR_6705156723,420,4,-6,37,7,1,2,1,0,2,2,5,7,2,1,2,1,0,0,0,0,3,-5,-1,5,4,-2,0,1,1,1,1,-1,3,1
KR_6707120177,420,3,137,15,9,3,4,1,-1,1,2,6,7,1,0,0,0,1,1,0,0,1,10,5,1,6,4,0,3,1,1,1,1,6,1
KR_6762651333,420,1,-46,-6,1,1,2,1,4,4,0,-2,2,4,-3,0,3,1,2,1,0,4,-6,0,1,1,3,0,-1,-1,1,-1,-1,5,1
KR_6683837308,420,3,29,2,13,-1,0,1,0,1,1,4,5,1,3,6,3,7,7,0,0,6,197,0,2,2,0,0,1,1,1,1,1,3,1
KR_6720741914,420,4,71,4,19,2,3,1,-1,1,2,6,7,1,12,12,0,0,0,0,0,15,-10,1,3,4,-2,0,1,1,1,1,1,1,1
KR_6645719577,420,-1,-21,32,-4,0,2,2,2,3,1,-2,3,5,-3,1,4,-1,0,1,0,-7,190,-3,4,1,0,0,2,0,1,1,1,0,1
KR_6754920570,440,5,93,8,11,2,3,1,6,7,1,4,5,1,0,2,2,-1,1,2,0,0,1,3,2,5,0,0,1,-1,0,1,-1,6,1
KR_6761028367,420,1,30,1,10,-2,1,3,5,5,0,0,1,1,4,4,0,3,3,0,1,17,-19,-2,3,1,3,0,2,1,1,1,1,3,1
KR_6762579433,420,2,16,16,-5,2,4,2,-1,1,2,-11,0,11,4,4,0,1,1,0,0,-2,8,4,0,4,0,0,-1,-1,0,-1,1,6,1
KR_6637110965,420,6,-25,48,13,5,5,0,3,5,2,0,2,2,3,7,4,2,3,1,2,18,6,2,2,4,-3,0,1,1,1,1,1,4,1
KR_6754437247,420,4,13,50,11,7,7,0,1,4,3,2,3,1,1,3,2,0,0,0,0,7,-2,1,6,7,5,0,3,1,1,1,1,3,1
KR_6736287163,420,0,34,19,-1,-2,1,3,-1,2,3,2,2,0,0,0,0,0,2,2,0,-5,1,-1,4,3,0,0,1,-1,-1,1,1,3,1
KR_6690279259,440,0,53,8,-2,-1,2,3,5,6,1,-3,2,5,-3,0,3,0,0,0,0,-1,5,1,3,4,1,0,2,-1,1,1,-1,6,1
KR_6742149138,420,1,0,10,-1,2,3,1,-2,4,6,-6,0,6,5,6,1,0,0,0,0,6,137,-4,7,3,2,0,1,1,1,1,1,3,1
KR_6726331151,420,0,-20,17,-3,-1,0,1,2,6,4,-5,1,6,0,2,2,1,2,1,0,0,13,-1,4,3,-2,0,1,1,1,1,-1,3,1
KR_6751994053,420,0,39,26,1,1,2,1,1,3,2,0,4,4,-1,0,1,0,2,2,-1,-4,52,0,1,1,-24,0,-1,-1,0,-1,-1,2,1
KR_6743344876,420,4,106,9,1,4,4,0,1,3,2,-4,1,5,0,0,0,0,2,2,0,-3,1,2,2,4,0,0,1,1,0,1,1,5,1
KR_6763256122,440,3,29,28,10,-2,0,2,0,4,4,6,6,0,5,7,2,1,5,4,0,5,12,4,2,6,-2,0,1,-1,1,-1,1,5,1
KR_6708851991,420,2,43,40,2,7,7,0,0,1,1,2,4,2,0,1,1,-7,0,7,0,-1,4,2,1,3,-1,0,1,0,1,1,1,0,1
KR_6646926031,420,5,61,12,14,1,1,0,5,5,0,4,5,1,1,3,2,3,3,0,-1,16,3,2,2,4,-1,0,2,1,0,1,-1,3,1
KR_6658250787,420,2,5,22,-3,-1,2,3,-2,3,5,-3,2,5,-3,1,4,6,7,1,0,-6,-5,-2,4,2,1,0,0,-1,0,0,1,3,1
KR_6704716107,420,-1,-74,28,-1,-6,0,6,1,2,1,4,5,1,1,1,0,-1,0,1,0,3,27,-2,3,1,-2,0,0,1,0,-1,-1,2,1
KR_6684265705,420,4,3,42,4,1,2,1,-1,1,2,4,6,2,1,1,0,-1,0,1,0,1,12,2,1,3,-1,0,2,1,1,1,-1,4,1
KR_6742004321,420,1,-64,6,7,-5,1,6,0,2,2,0,2,2,9,12,3,3,5,2,-1,16,-18,3,0,3,-1,0,-1,1,0,-1,-1,1,1
KR_6742938402,440,1,47,-8,4,2,2,0,0,1,1,6,7,1,1,1,0,-5,1,6,0,1,-32,2,1,3,18,0,0,-1,1,0,-1,5,1
KR_6621327272,420,6,58,52,10,-2,3,5,-2,0,2,-1,3,4,14,16,2,1,2,1,-1,6,-33,3,0,3,8,0,1,1,1,1,-1,6,1
KR_6721020616,420,5,30,7,11,3,3,0,0,2,2,4,4,0,5,6,1,-1,0,1,0,12,-10,2,2,4,13,0,1,-1,0,1,1,4,1
KR_6763040775,420,-1,-10,24,3,-5,0,5,1,2,1,7,7,0,0,1,1,0,0,0,-1,4,9,2,2,4,-4,0,-1,1,0,-1,-1,1,1
KR_6653538513,420,4,34,23,7,-2,1,3,2,3,1,2,4,2,6,6,0,-1,0,1,1,11,6,4,2,6,-3,0,1,1,1,1,1,5,1
KR_6739260582,440,7,115,55,18,4,4,0,6,7,1,9,9,0,0,4,4,-1,2,3,0,4,-9,1,0,1,0,1,4,1,1,1,1,4,1
KR_6737722311,420,0,-1,-23,0,3,5,2,-1,1,2,-6,0,6,1,3,2,3,3,0,1,-2,16,4,0,4,-3,0,2,-1,-1,1,1,6,1
KR_6699877126,420,3,15,-1,4,-1,0,1,1,1,0,-1,0,1,7,10,3,-2,0,2,0,5,172,2,3,5,-4,0,0,1,1,1,-1,6,1
KR_6751953613,420,1,-40,-16,6,3,4,1,-1,1,2,0,2,2,3,4,1,1,2,1,0,4,3,-2,3,1,-2,0,0,-1,1,0,1,4,1
KR_6731781532,420,2,-35,20,1,-2,0,2,0,1,1,-4,3,7,5,8,3,2,2,0,0,-6,-41,-5,9,4,27,0,0,1,0,0,-1,1,1
KR_6755995211,420,2,-47,16,-1,2,2,0,0,1,1,-5,0,5,1,2,1,1,1,0,0,4,-9,0,5,5,6,0,0,1,0,1,1,4,1
KR_6760670052,440,12,203,48,32,5,5,0,2,2,0,7,8,1,17,18,1,1,2,1,0,28,1,10,0,10,0,0,4,1,1,1,1,4,1
KR_6760815525,420,1,18,8,-2,-1,0,1,1,6,5,-3,2,5,2,3,1,-1,1,2,0,4,-312,-1,3,2,-4,0,0,1,1,0,1,1,1
KR_6743152812,440,3,67,24,8,5,5,0,2,2,0,5,6,1,-2,2,4,-2,0,2,0,8,-267,2,2,4,0,0,0,-1,1,1,-1,4,1
KR_6761212675,420,4,-40,24,11,7,7,0,0,1,1,3,4,1,1,4,3,0,2,2,1,7,-4,0,4,4,6,0,1,-1,1,1,1,1,1
KR_6713913388,420,2,-11,24,2,0,2,2,3,3,0,1,1,0,-1,0,1,-1,0,1,0,2,-11,-6,11,5,11,0,1,-1,1,1,1,1,1
KR_6762050637,420,9,72,53,17,3,4,1,7,7,0,4,4,0,3,6,3,0,0,0,0,6,-330,2,3,5,-5,0,0,0,0,0,1,0,1
KR_6713821710,420,0,0,-4,1,2,3,1,-5,0,5,3,3,0,-2,2,4,3,4,1,-1,-3,18,3,2,5,-4,0,0,-1,1,0,-1,4,1
KR_6762036365,420,5,10,38,7,2,3,1,2,4,2,-2,2,4,3,3,0,2,2,0,0,3,8,1,1,2,2,0,2,-1,1,1,-1,4,1
KR_6686960892,420,0,73,-16,2,1,1,0,1,3,2,-1,2,3,-1,2,3,2,3,1,0,-1,1,-2,4,2,3,0,1,-1,1,1,1,5,1
KR_6749750942,420,0,-12,-8,6,5,5,0,5,7,2,0,2,2,-5,1,6,1,2,1,1,2,-5,-2,2,0,-2,0,2,1,1,1,1,5,1
KR_6643397690,420,0,0,0,6,-2,0,2,-2,5,7,3,4,1,4,4,0,3,4,1,0,11,12,0,1,1,4,0,0,1,0,0,1,2,1
KR_6754789627,420,-4,-77,-27,-2,-4,2,6,-2,0,2,4,6,2,-1,2,3,1,1,0,0,2,49,1,1,2,-2,0,-1,-1,-1,-1,-1,2,1
KR_6752053248,440,1,27,-12,2,0,4,4,2,3,1,0,3,3,1,4,3,-1,0,1,1,7,-8,0,5,5,3,0,-1,0,0,-1,1,0,1
KR_6750587009,420,0,4,12,2,1,4,3,-1,1,2,-5,0,5,5,6,1,2,2,0,-1,1,-10,2,2,4,1,0,1,-1,1,1,-1,4,1
KR_6761833793,420,3,53,2,5,3,4,1,-1,4,5,-1,3,4,2,7,5,2,2,0,-1,-6,-6,-1,4,3,2,0,1,0,1,1,1,0,1
KR_6670356238,420,8,102,38,11,2,2,0,3,4,1,7,9,2,-1,3,4,0,1,1,-1,2,-14,-4,5,1,4,0,3,1,1,1,-1,1,1
KR_6723126726,420,0,27,-12,3,1,2,1,-1,0,1,0,2,2,2,2,0,1,1,0,0,3,-27,2,0,2,31,0,1,0,0,1,-1,0,1
KR_6731454434,420,6,83,42,13,6,7,1,0,3,3,7,8,1,2,2,0,-2,0,2,0,18,-2,0,5,5,-2,0,1,0,-1,1,1,0,1
KR_6756775616,420,4,61,16,4,1,2,1,4,6,2,-2,1,3,1,3,2,0,1,1,0,7,-4,0,2,2,3,0,0,-1,0,0,1,3,1
KR_6739014945,420,-1,-26,-16,-2,4,4,0,-1,0,1,-1,2,3,-2,0,2,-2,1,3,0,-6,-403,1,4,5,-1,0,1,-1,1,1,-1,2,1
KR_6744852036,420,0,-29,-12,0,3,3,0,-1,0,1,0,3,3,-2,2,4,0,0,0,0,0,2,2,2,4,-1,0,-1,-1,1,-1,1,6,1
KR_6629689561,420,-5,-55,0,-4,-1,0,1,-1,2,3,4,7,3,-3,3,6,-3,0,3,0,6,22,8,0,8,-3,0,-2,-1,-1,-1,1,2,1
KR_6658083795,420,1,-14,4,6,3,3,0,1,2,1,0,3,3,3,3,0,-1,0,1,0,5,8,3,1,4,-3,0,0,0,0,0,1,0,1
KR_6701955476,420,3,9,24,9,3,4,1,2,3,1,3,4,1,1,3,2,0,0,0,-2,-4,-12,4,2,6,1,0,1,1,0,1,-1,1,1
KR_6662319965,420,-2,3,-8,1,-1,1,2,0,2,2,5,5,0,0,0,0,-3,0,3,-1,-1,6,1,3,4,-1,0,-2,1,1,-1,-1,3,1
KR_6728431451,420,3,78,-8,2,0,2,2,3,4,1,2,4,2,-3,2,5,0,1,1,-2,-4,0,-1,5,4,3,0,1,-1,1,1,-1,2,1
KR_6683357844,420,3,-31,16,-2,3,3,0,0,2,2,-4,0,4,-1,2,3,0,0,0,0,2,3,4,5,9,-2,0,1,-1,1,1,1,5,1
KR_6726845169,420,8,66,52,17,4,4,0,7,7,0,2,3,1,2,2,0,2,3,1,2,18,8,-1,3,2,2,0,3,1,1,1,1,3,1
KR_6655730025,420,0,-32,32,0,-1,1,2,1,3,2,4,4,0,-3,0,3,-1,0,1,0,0,-407,3,4,7,-8,0,0,1,-1,0,-1,6,1
KR_6723681781,440,-2,-6,0,-1,-1,2,3,-1,3,4,-2,2,4,1,1,0,2,2,0,0,-1,11,2,5,7,-1,0,-1,0,-1,-1,1,0,1
KR_6751656241,420,-2,-34,-12,-9,1,3,2,-5,1,6,-3,0,3,-2,2,4,0,4,4,0,-11,5,0,3,3,2,0,0,1,1,-1,1,1,1
KR_6735529296,420,2,-11,24,-2,1,3,2,-2,1,3,1,3,2,2,6,4,-4,0,4,-1,-9,-2,2,6,8,-2,0,1,0,0,1,-1,0,1
KR_6753108555,420,2,-26,-4,7,-1,1,2,3,3,0,-1,2,3,4,6,2,2,2,0,0,5,-19,-2,4,2,3,0,0,0,1,0,-1,0,1
KR_6744287088,420,-3,-71,-12,-1,2,2,0,-1,2,3,3,5,2,-5,0,5,0,1,1,0,-3,0,2,0,2,-2,0,-1,1,1,-1,1,3,1
KR_6698046591,420,1,25,-3,5,-1,2,3,2,2,0,2,2,0,2,2,0,0,0,0,1,10,-4,0,4,4,2,0,-1,1,-1,-1,1,1,1
KR_6763729045,420,-3,-71,8,-5,-2,1,3,6,6,0,-6,0,6,-3,0,3,0,1,1,-1,1,-6,0,1,1,2,0,-1,0,1,-1,-1,0,1
KR_6762371181,420,0,-20,24,1,-2,0,2,3,3,0,-2,0,2,2,3,1,0,0,0,0,7,-7,1,2,3,1,0,-1,0,0,-1,1,0,1
KR_6741641769,440,-3,-53,20,-4,1,1,0,-1,3,4,-5,2,7,1,1,0,0,0,0,0,-3,0,0,2,2,-1,0,0,1,-1,0,1,4,1
KR_6763544414,420,2,6,-33,5,1,2,1,1,1,0,2,2,0,1,2,1,0,1,1,0,3,1,-2,4,2,-1,0,-1,-1,1,-1,-1,3,1
KR_6764140135,440,2,117,-5,7,-3,2,5,1,4,3,0,3,3,9,10,1,0,1,1,0,8,39,1,2,3,-13,0,3,0,0,1,1,0,1
KR_6754304812,420,0,7,-32,0,-1,1,2,1,2,1,0,0,0,-1,1,2,1,1,0,0,2,-12,-3,6,3,-5,0,0,1,-1,0,1,4,1
KR_6703674289,440,0,-24,39,3,0,1,1,6,8,2,-3,2,5,0,0,0,0,1,1,0,5,-191,2,3,5,0,0,0,1,1,0,1,1,1
KR_6753003405,420,2,-27,8,3,-1,4,5,3,5,2,4,4,0,-2,2,4,-1,4,5,-1,-2,5,-1,3,2,-5,0,-1,1,0,-1,-1,4,1
KR_6741470769,420,2,-74,8,2,-3,0,3,0,4,4,7,8,1,0,6,6,-2,0,2,0,-3,6,0,2,2,2,0,0,1,-1,-1,-1,6,1
KR_6756920623,420,4,18,8,10,2,3,1,1,2,1,4,4,0,4,4,0,-1,0,1,0,12,-6,-2,4,2,0,0,1,1,1,1,1,4,1
KR_6678512383,420,0,-18,-17,-4,0,2,2,-1,0,1,-5,0,5,0,1,1,2,3,1,1,0,47,-1,2,1,-4,0,0,0,1,1,1,0,1
KR_6723755727,420,1,15,12,3,0,1,1,-3,4,7,4,5,1,1,4,3,1,2,1,0,4,7,-1,6,5,-5,0,0,-1,1,0,-1,1,1
KR_6742697524,420,2,24,2,-2,0,2,2,1,2,1,-2,4,6,-1,1,2,0,1,1,0,12,-180,1,2,3,2,0,1,-1,1,1,1,4,1
KR_6762673973,420,-2,16,-40,3,-1,2,3,-1,2,3,0,1,1,4,6,2,1,3,2,0,6,9,3,2,5,0,0,0,-1,0,0,1,5,1
KR_6689399674,420,-1,-48,-2,-3,-3,1,4,2,3,1,-2,2,4,1,2,1,-1,1,2,0,-1,-6,2,2,4,-1,0,-1,0,-1,-1,1,0,1
KR_6734016256,420,1,29,-25,4,-1,2,3,-1,0,1,6,7,1,1,4,3,-1,0,1,1,4,-6,-3,6,3,3,0,0,1,-1,0,1,3,1
KR_6706976305,420,1,21,-8,-5,1,2,1,-2,0,2,2,2,0,-6,2,8,0,0,0,0,-8,-7,1,2,3,-3,0,0,1,-1,-1,-1,4,1
KR_6762507182,420,-1,-11,8,-3,-1,2,3,0,1,1,-3,1,4,1,5,4,0,0,0,0,3,17,-2,3,1,1,0,0,0,0,0,-1,0,1
KR_6731087748,420,1,15,-30,-1,-3,0,3,-2,1,3,4,4,0,2,5,3,-2,1,3,-1,-6,-44,1,0,1,-1,0,0,-1,0,-1,-1,5,1
KR_6727180315,420,1,77,8,-1,4,4,0,-3,3,6,-1,0,1,1,2,1,-2,1,3,0,1,43,-1,6,5,-8,0,1,1,1,1,-1,5,1
KR_6756705906,420,2,72,-8,2,1,3,2,-2,1,3,0,2,2,1,6,5,2,3,1,1,0,-1,-3,3,0,1,0,1,1,1,1,1,6,1
KR_6697550911,420,0,-97,-9,5,-1,3,4,4,5,1,4,4,0,-3,3,6,1,2,1,0,8,-2,7,3,10,1,0,-2,-1,-1,-1,-1,5,1
KR_6758841045,420,4,25,-48,11,1,2,1,4,4,0,3,4,1,-1,3,4,4,7,3,-1,18,3,9,3,12,-3,0,0,1,-1,1,-1,1,1
KR_6743412130,420,-2,-19,15,4,-2,2,4,6,6,0,1,4,3,0,2,2,-1,1,2,1,3,25,2,0,2,-2,0,-1,1,-1,-1,1,3,1
KR_6710164781,440,6,182,10,20,2,4,2,2,3,1,13,13,0,3,3,0,0,0,0,0,13,5,0,3,3,-1,0,3,1,1,1,1,4,1
KR_6731127162,420,10,233,48,7,1,3,2,5,6,1,-2,3,5,1,1,0,2,2,0,0,2,51,0,1,1,-25,0,3,1,0,1,1,2,1
KR_6764193566,420,-1,0,-23,5,5,5,0,-8,2,10,5,8,3,4,7,3,-1,2,3,-2,-1,-11,1,5,6,-4,0,-1,1,-1,-1,-1,1,1
KR_6732594119,420,-1,-35,23,-5,-6,1,7,7,7,0,-4,0,4,-5,0,5,3,3,0,0,-3,6,-1,1,0,-2,0,-1,-1,0,-1,-1,1,1
KR_6736406466,420,1,-34,24,5,-3,1,4,-1,1,2,5,6,1,0,2,2,4,4,0,1,9,-126,0,2,2,12,0,1,1,1,1,1,1,1
KR_6761377842,420,3,108,-3,0,-1,1,2,-1,2,3,0,0,0,1,1,0,1,2,1,0,4,3,1,1,2,0,0,1,1,1,1,-1,6,1
KR_6736346369,420,7,62,8,13,3,3,0,-2,4,6,4,4,0,4,6,2,4,5,1,0,11,17,-2,4,2,7,0,1,0,1,1,-1,0,1
KR_6678244397,420,2,24,-4,8,-2,2,4,1,2,1,8,8,0,1,3,2,0,2,2,0,7,-2,-5,7,2,-2,0,-1,1,-1,-1,-1,5,1
KR_6708418055,420,0,-8,-8,0,1,3,2,-1,3,4,1,1,0,0,1,1,-1,1,2,0,-1,9,6,1,7,-3,0,-1,1,-1,-1,-1,1,1
KR_6762269558,440,2,24,-4,4,-3,1,4,6,7,1,2,4,2,-2,0,2,1,1,0,0,-3,6,0,4,4,1,0,0,-1,1,0,1,2,1
KR_6761291241,420,1,-1,2,9,2,3,1,2,6,4,2,4,2,3,5,2,0,1,1,0,13,295,1,2,3,-1,0,0,-1,1,1,1,4,1
KR_6746788188,420,3,28,25,4,-3,1,4,0,1,1,-1,2,3,6,7,1,2,2,0,0,-4,0,0,2,2,-1,0,1,1,-1,1,-1,1,1
KR_6675441360,420,-2,-38,12,-3,-1,2,3,0,3,3,-3,2,5,1,1,0,0,0,0,0,2,6,-4,6,2,0,0,1,-1,1,1,-1,5,1
KR_6682740169,420,-1,-65,-15,4,4,6,2,1,2,1,0,3,3,-6,1,7,5,6,1,1,-1,2,1,4,5,-3,0,-1,1,0,-1,1,1,1
KR_6760694969,420,7,108,-4,18,7,7,0,0,1,1,-2,0,2,12,12,0,1,2,1,2,16,1,-3,5,2,-1,0,1,1,-1,1,1,4,1
KR_6760722124,420,-2,5,16,-9,-1,2,3,-1,1,2,1,3,2,-6,0,6,-2,0,2,-1,-9,4,2,2,4,0,0,0,-1,1,1,-1,1,1
KR_6729071257,420,3,5,50,7,0,1,1,6,6,0,5,6,1,-5,0,5,1,1,0,0,4,96,-1,1,0,1,0,0,-1,1,1,-1,6,1
KR_6758194016,420,1,18,-4,3,1,3,2,1,1,0,0,1,1,-1,1,2,2,5,3,0,-1,406,3,0,3,1,0,0,1,1,1,1,1,1
KR_6736143502,420,4,9,22,0,3,3,0,3,4,1,-7,0,7,1,3,2,0,1,1,0,2,254,-4,4,0,2,0,0,-1,1,0,1,6,1
KR_6729706016,440,4,8,14,6,1,3,2,8,8,0,-2,1,3,-1,0,1,0,0,0,0,6,-3,1,2,3,2,0,2,-1,1,1,1,1,1
KR_6752894658,420,-3,-40,-8,-3,1,1,0,3,3,0,-2,1,3,-3,1,4,-2,1,3,0,-6,-7,5,1,6,-6,0,0,1,1,0,1,2,1
KR_6734351935,440,2,-1,60,-1,-1,2,3,-1,2,3,-1,3,4,0,1,1,2,3,1,-1,-3,23,-5,8,3,4,0,0,1,1,0,-1,6,1
KR_6689647088,420,3,6,44,11,4,4,0,8,8,0,1,2,1,-3,1,4,1,2,1,0,3,-3,-2,5,3,3,0,0,1,-1,0,1,1,1
KR_6762879077,420,1,74,6,1,-2,0,2,-1,1,2,1,3,2,4,7,3,-1,1,2,0,1,-1,1,1,2,1,0,0,1,-1,1,-1,1,1
KR_6760593714,420,1,0,16,2,3,3,0,-1,2,3,0,2,2,-1,0,1,1,4,3,0,-4,-223,-1,2,1,0,0,0,1,0,0,1,4,1
KR_6749247619,420,4,125,3,5,0,2,2,2,5,3,-4,0,4,5,6,1,2,5,3,0,1,-186,-1,2,1,2,0,0,1,-1,1,1,2,1
KR_6734188050,440,1,14,-12,0,2,6,4,-1,0,1,-3,1,4,0,3,3,2,4,2,0,3,38,-1,4,3,-14,0,2,1,1,1,1,5,1
KR_6748826911,420,-1,-66,25,5,-1,2,3,4,6,2,4,4,0,-1,3,4,-1,1,2,1,5,22,3,0,3,-3,0,0,1,1,-1,1,2,1
KR_6762735166,420,-2,-38,-35,-4,-2,1,3,-2,2,4,4,5,1,-1,1,2,-3,3,6,1,-6,3,1,0,1,1,0,-1,1,1,-1,1,6,1
KR_6717186210,420,3,22,37,10,3,4,1,0,1,1,6,7,1,-4,2,6,5,7,2,1,6,8,1,0,1,2,0,0,-1,1,1,1,2,1
KR_6660204564,420,3,4,22,7,4,5,1,-2,3,5,-3,1,4,7,8,1,1,1,0,0,3,10,9,1,10,-2,0,2,0,1,1,1,0,1
KR_6682394258,420,1,-4,8,4,5,6,1,-2,0,2,5,5,0,-1,2,3,-3,0,3,0,-3,-2,1,0,1,-2,0,-1,1,1,-1,1,3,1
KR_6761085200,420,-1,-13,-12,-1,5,6,1,0,1,1,-7,0,7,1,2,1,0,0,0,1,3,1,-3,3,0,-1,0,-1,-1,1,1,1,6,1
KR_6677683350,420,-1,23,-4,-3,-1,0,1,1,4,3,4,5,1,-5,2,7,-2,0,2,0,-2,-37,1,2,3,14,0,1,1,1,1,-1,1,1
KR_6732246374,420,0,28,0,5,2,3,1,-1,2,3,-6,1,7,5,5,0,5,5,0,0,3,6,5,2,7,-1,0,0,1,-1,-1,1,5,1
KR_6668112863,420,2,28,40,4,-2,0,2,-1,2,3,0,1,1,8,8,0,-1,3,4,0,1,21,0,2,2,0,0,0,1,0,1,1,6,1
KR_6697124575,420,5,103,24,7,1,2,1,2,2,0,6,6,0,-2,2,4,0,2,2,0,4,-7,2,0,2,0,0,1,1,1,1,1,5,1
KR_6672135670,420,2,2,-20,9,5,6,1,-3,1,4,0,2,2,3,4,1,4,4,0,1,-1,11,5,0,5,-3,0,1,1,1,1,1,6,1
KR_6728691251,420,2,36,42,8,3,4,1,2,5,3,0,1,1,5,5,0,-2,0,2,1,6,-2,3,1,4,2,0,2,-1,1,1,1,5,1
KR_6759812277,420,3,-1,0,0,1,1,0,0,3,3,-5,3,8,2,3,1,2,4,2,0,0,24,-1,6,5,0,0,1,0,-1,1,-1,0,1
KR_6733697781,420,0,-68,75,-4,2,2,0,2,3,1,-3,0,3,-3,1,4,-2,1,3,0,-2,-166,-1,2,1,-2,0,-2,0,1,-1,-1,0,1
KR_6729911737,420,1,-79,98,8,1,2,1,0,2,2,2,4,2,5,5,0,0,0,0,0,4,-7,0,1,1,2,0,0,1,1,0,1,2,1
KR_6753725237,440,3,60,16,11,1,2,1,3,6,3,-2,3,5,1,4,3,8,9,1,1,-1,1,3,3,6,2,0,2,1,1,1,1,6,1
KR_6681580829,440,3,43,38,5,-1,2,3,3,3,0,0,1,1,5,6,1,-2,1,3,-1,0,-135,-1,7,6,3,0,1,1,1,1,-1,2,1
KR_6744600210,440,0,7,17,1,-1,3,4,3,3,0,0,1,1,2,2,0,-3,0,3,1,4,-2,0,4,4,8,0,1,-1,0,1,1,4,1
KR_6756830975,420,5,157,12,10,1,2,1,0,2,2,6,8,2,2,2,0,1,6,5,0,2,7,2,3,5,3,0,3,1,1,1,1,6,1
KR_6686648196,420,3,54,28,5,-1,0,1,-1,1,2,1,1,0,1,2,1,5,7,2,0,0,-8,-5,6,1,4,0,0,1,0,1,1,5,1
KR_6684274973,420,4,-59,7,12,3,4,1,7,7,0,-2,1,3,3,5,2,1,1,0,0,12,7,1,3,4,4,0,2,-1,1,1,1,2,1
KR_6764086749,420,0,52,-14,0,-3,0,3,1,2,1,3,3,0,-2,0,2,1,1,0,0,-4,45,1,6,7,-33,0,0,1,1,1,-1,2,1
KR_6725645857,420,4,42,40,5,-2,3,5,2,2,0,2,5,3,2,2,0,1,1,0,-1,0,5,2,0,2,0,0,0,0,-1,1,-1,0,1
KR_6734953286,420,2,45,32,7,5,5,0,-1,1,2,-2,1,3,3,3,0,2,5,3,0,3,-154,1,3,4,0,0,-1,-1,-1,-1,1,3,1
KR_6681741743,420,2,65,8,0,1,4,3,0,4,4,-2,2,4,0,0,0,1,1,0,-1,-7,8,2,1,3,-2,0,0,1,-1,-1,-1,5,1
KR_6733295786,420,2,-51,29,6,1,1,0,3,4,1,1,2,1,0,4,4,1,4,3,0,8,-9,-1,3,2,3,0,0,0,1,1,1,0,1
KR_6761450626,420,0,19,-16,10,1,2,1,-1,0,1,-1,2,3,7,9,2,4,4,0,0,10,153,2,2,4,1,0,0,1,0,0,1,3,1
KR_6747989153,420,6,41,21,12,6,6,0,0,1,1,-1,1,2,6,6,0,1,2,1,2,12,11,6,1,7,-5,0,1,1,1,1,-1,5,1
KR_6747146170,420,-1,-40,28,4,-1,0,1,3,4,1,-4,0,4,4,6,2,2,4,2,0,4,1,2,3,5,1,0,0,-1,1,0,-1,5,1
KR_6762122862,420,4,58,-6,1,-3,1,4,4,4,0,-1,2,3,2,5,3,-1,0,1,0,4,-2,1,3,4,-2,0,0,-1,-1,-1,-1,5,1
KR_6703803862,420,3,70,0,11,4,4,0,-1,2,3,3,6,3,5,5,0,0,0,0,0,3,-32,-2,3,1,2,0,2,1,0,1,1,5,1
KR_6760765474,420,-3,-16,-4,-5,1,3,2,-5,3,8,0,1,1,-4,0,4,3,3,0,0,-3,5,-2,4,2,0,0,-1,1,1,-1,-1,4,1
KR_6702605102,420,-2,6,-12,2,-1,0,1,0,0,0,0,4,4,3,8,5,0,0,0,0,-2,3,3,2,5,-3,0,1,-1,1,1,1,2,1
KR_6756285299,420,2,-13,-28,13,3,4,1,0,1,1,1,5,4,6,8,2,3,3,0,0,25,209,-2,5,3,6,0,-1,1,-1,-1,1,3,1
KR_6747096784,420,3,24,-2,10,-3,0,3,2,3,1,6,6,0,4,5,1,1,1,0,0,12,-13,-1,6,5,2,0,3,1,1,1,-1,2,1
KR_6715333750,420,0,71,16,-1,4,4,0,-5,0,5,-1,1,2,0,2,2,1,1,0,0,-7,4,-5,6,1,3,0,1,1,0,1,1,4,1
KR_6696216955,420,7,90,45,9,2,4,2,4,4,0,5,6,1,-1,2,3,-1,0,1,1,6,11,2,1,3,0,0,1,1,1,1,1,4,1
KR_6687196584,420,-3,90,-12,-3,0,1,1,2,3,1,-9,2,11,3,7,4,1,1,0,0,-1,21,7,1,8,4,0,-1,1,-1,-1,-1,6,1
KR_6656646792,420,1,25,32,4,7,8,1,-2,3,5,-1,0,1,0,1,1,0,3,3,1,0,-11,-4,6,2,2,0,3,1,1,1,1,1,1
KR_6759383726,420,1,-45,-4,-3,4,7,3,-2,3,5,-2,1,3,0,5,5,-3,3,6,-4,-19,-1,-3,4,1,0,0,1,-1,1,1,-1,5,1
KR_6760198147,420,3,105,0,9,2,3,1,1,2,1,7,7,0,-1,5,6,0,1,1,0,11,4,10,0,10,1,0,1,1,1,1,-1,2,1
KR_6748981362,440,3,15,4,9,2,2,0,-1,3,4,7,9,2,0,3,3,1,2,1,0,7,-4,-2,2,0,2,0,0,0,0,0,1,0,1
KR_6727355601,420,3,71,-28,15,3,3,0,-3,0,3,7,8,1,5,5,0,3,3,0,0,11,134,0,4,4,6,0,3,1,1,1,1,4,1
KR_6749947106,420,-2,-73,-12,0,-2,0,2,1,1,0,-1,3,4,-1,1,2,3,3,0,0,9,-41,0,1,1,-21,0,0,0,0,-1,-1,0,1
KR_6715354949,420,6,10,22,26,-1,2,3,3,3,0,6,7,1,6,6,0,12,13,1,0,18,13,2,1,3,-2,0,2,1,1,1,1,4,1
KR_6757470674,420,0,33,-10,-2,-4,1,5,-3,0,3,3,5,2,3,4,1,-1,0,1,0,2,7,-2,2,0,1,0,1,-1,0,1,1,4,1
KR_6699164961,420,6,101,32,10,2,2,0,0,0,0,3,3,0,4,4,0,1,1,0,0,5,5,1,2,3,2,0,2,1,1,1,1,3,1
KR_6763119904,420,0,68,-18,-2,0,2,2,1,2,1,6,7,1,-6,1,7,-3,0,3,0,-9,2,4,0,4,1,0,0,-1,-1,1,1,2,1
KR_6533458841,420,4,121,-6,7,3,4,1,0,4,4,1,3,2,1,5,4,2,5,3,0,6,-1,-2,4,2,2,0,1,1,1,1,-1,4,1
KR_6742494069,420,-4,-88,8,-2,1,4,3,5,5,0,-1,3,4,-6,0,6,-1,1,2,0,-1,4,3,0,3,-1,0,-2,1,1,1,-1,6,1
KR_6731239803,420,0,20,16,-4,2,3,1,-1,2,3,0,4,4,-6,0,6,1,2,1,0,-4,-49,-3,5,2,0,0,0,-1,-1,1,1,5,1
KR_6738839594,420,0,56,5,-4,-1,0,1,-4,1,5,0,2,2,-1,2,3,2,4,2,-1,-5,10,3,0,3,2,0,-1,-1,-1,-1,-1,1,1
KR_6741120069,420,-1,66,-4,-2,-5,1,6,4,5,1,0,3,3,0,2,2,-1,0,1,0,0,6,1,1,2,0,0,0,0,0,0,1,0,1
KR_6709868318,420,-2,8,-32,1,1,4,3,4,5,1,1,3,2,-4,2,6,-1,1,2,0,5,9,0,2,2,2,0,-1,-1,-1,-1,-1,1,1
KR_6684860775,420,4,75,16,9,-3,1,4,2,3,1,8,8,0,-1,4,5,3,4,1,0,-2,-4,-2,5,3,4,0,2,1,1,1,1,1,1
KR_6750662010,420,5,110,17,13,2,2,0,-2,1,3,3,3,0,8,9,1,2,3,1,0,10,-29,3,1,4,2,0,2,1,1,1,1,2,1
KR_6648322596,420,5,86,28,11,4,4,0,3,4,1,4,4,0,-1,1,2,1,1,0,0,4,-1,3,2,5,0,0,1,1,1,1,1,5,1
KR_6763152358,420,3,48,10,2,0,1,1,1,3,2,0,1,1,0,3,3,1,2,1,0,4,-39,0,4,4,3,0,1,1,-1,1,-1,1,1
KR_6727375836,420,7,58,64,11,0,2,2,1,2,1,4,5,1,2,4,2,4,6,2,0,7,19,2,2,4,-2,0,0,1,-1,0,-1,4,1
KR_6748600534,420,3,34,12,6,3,3,0,-1,1,2,-3,2,5,4,4,0,3,3,0,0,8,3,1,2,3,-2,0,2,1,1,1,1,2,1
KR_6746348149,420,-1,22,-13,-2,1,2,1,1,1,0,5,7,2,-4,0,4,-5,0,5,0,-12,174,-3,5,2,-1,0,0,-1,-1,0,1,4,1
KR_6761710230,420,0,48,3,9,5,6,1,4,7,3,-1,1,2,0,3,3,1,1,0,0,6,0,2,0,2,-1,0,3,-1,1,1,1,2,1
KR_6681672915,420,-3,-34,-29,2,-2,1,3,3,4,1,-6,0,6,8,8,0,-1,0,1,0,6,2,-1,3,2,1,0,-1,1,0,-1,1,3,1
KR_6753028690,420,5,57,16,4,-1,0,1,0,3,3,3,4,1,2,5,3,0,1,1,0,6,3,-3,4,1,-2,0,2,1,0,1,-1,2,1
KR_6723397621,420,4,90,12,8,3,6,3,5,5,0,-2,1,3,1,3,2,1,1,0,-1,8,4,1,0,1,0,0,2,1,0,1,-1,1,1
KR_6732950426,420,0,-62,-15,2,5,5,0,5,5,0,2,2,0,-8,0,8,-2,1,3,-1,1,49,3,1,4,-4,0,-1,0,-1,-1,-1,0,1
KR_6763310124,420,4,-15,-19,3,2,2,0,0,1,1,0,2,2,-1,0,1,2,2,0,0,3,-75,-5,5,0,-1,0,0,1,1,0,-1,5,1
KR_6728509886,420,5,44,20,14,2,3,1,4,5,1,4,5,1,1,6,5,3,4,1,2,21,3,-1,3,2,2,0,2,1,1,1,1,5,1
KR_6736345324,420,3,35,55,6,-1,0,1,6,9,3,2,2,0,0,5,5,-1,0,1,0,4,42,1,0,1,0,0,3,-1,1,1,1,4,1
KR_6753951694,420,-1,-35,-12,3,1,2,1,-2,1,3,1,2,1,1,2,1,2,2,0,0,0,-3,-3,3,0,1,0,-1,-1,1,-1,1,1,1
KR_6722550726,420,1,48,-21,-2,-3,0,3,3,6,3,0,2,2,-2,1,3,0,1,1,0,-2,-4,-1,3,2,-3,0,1,-1,1,1,-1,1,1
KR_6679874590,440,1,36,22,-4,3,4,1,4,5,1,-1,2,3,-10,0,10,0,1,1,0,-3,-4,2,1,3,0,0,-1,1,-1,-1,-1,4,1
KR_6722585381,420,1,-6,-9,1,-2,0,2,-1,3,4,5,7,2,-2,2,4,1,3,2,-1,9,-22,3,0,3,2,0,0,-1,1,1,-1,5,1
KR_6731677737,420,1,13,-12,3,2,4,2,1,4,3,1,4,3,-1,2,3,0,1,1,4,10,5,2,0,2,0,0,0,-1,-1,1,1,3,1
KR_6727193100,420,1,39,12,5,5,6,1,0,2,2,-6,2,8,3,3,0,3,3,0,1,-3,294,0,4,4,-19,0,0,1,-1,0,1,4,1
KR_6752219394,420,2,26,-19,6,1,1,0,-1,1,2,4,4,0,1,1,0,1,1,0,0,6,-64,-2,4,2,4,0,0,-1,0,0,1,3,1
KR_6741286294,420,-1,-22,-4,1,-2,2,4,0,2,2,3,4,1,-1,1,2,1,2,1,0,6,6,4,2,6,0,0,1,0,1,1,-1,0,1
KR_6741688503,420,4,-16,4,6,-1,2,3,-4,2,6,0,2,2,6,8,2,5,8,3,0,10,2,0,1,1,-2,0,-1,1,0,-1,1,5,1
KR_6743419395,420,-2,40,-40,0,0,1,1,0,4,4,0,4,4,2,4,2,-2,1,3,1,-2,-33,-1,4,3,-1,0,2,-1,-1,1,1,5,1
KR_6691162643,420,5,46,-8,12,6,6,0,-2,0,2,5,8,3,1,3,2,2,2,0,0,3,-14,-1,3,2,2,0,2,1,1,1,1,5,1
KR_6741358548,420,-1,36,3,-4,3,5,2,-2,1,3,-7,1,8,0,1,1,2,3,1,0,1,0,2,2,4,-2,0,1,-1,-1,1,-1,6,1
KR_6743698818,420,2,20,68,0,1,2,1,2,2,0,-3,1,4,0,2,2,0,1,1,1,-6,2,4,1,5,-1,0,1,1,0,1,1,6,1
KR_6762794919,420,-2,-26,-28,0,-1,0,1,-2,2,4,-3,0,3,3,5,2,3,5,2,0,6,-6,0,0,0,1,0,0,1,-1,-1,1,1,1
KR_6760704327,420,1,11,13,8,5,5,0,-4,2,6,3,6,3,5,7,2,-1,0,1,-1,-6,11,4,0,4,-3,0,-1,1,-1,-1,-1,2,1
KR_6730616145,420,-1,-37,-5,5,0,0,0,5,6,1,0,1,1,1,1,0,-1,1,2,0,7,7,5,4,9,2,0,0,1,1,1,1,4,1
KR_6682748421,420,1,15,-3,1,4,7,3,0,2,2,2,4,2,-3,0,3,-2,0,2,1,-9,-8,-8,9,1,2,0,1,-1,-1,1,1,1,1
KR_6739746213,420,3,-36,12,5,6,6,0,1,2,1,-2,2,4,-1,1,2,1,1,0,0,5,36,2,3,5,-2,0,-1,1,-1,-1,-1,5,1
KR_6740862835,420,3,-53,15,4,2,3,1,4,5,1,-3,3,6,0,1,1,1,1,0,0,2,0,-1,2,1,2,0,0,1,1,0,-1,4,1
KR_6751585792,420,2,-1,-20,4,2,2,0,4,6,2,0,2,2,-1,1,2,-1,0,1,0,3,-239,-1,4,3,3,0,0,-1,-1,0,-1,5,1
KR_6754637446,420,5,179,10,1,1,2,1,0,3,3,-2,0,2,2,2,0,0,0,0,0,1,0,-2,5,3,2,0,1,1,0,1,-1,3,1
KR_6742014658,420,-2,0,-11,-6,-4,3,7,-1,2,3,2,4,2,-3,0,3,0,0,0,0,0,5,2,0,2,-2,0,0,1,-1,0,-1,4,1
KR_6660633315,420,0,-100,-16,0,-4,1,5,-2,1,3,-1,0,1,7,9,2,0,1,1,0,7,9,0,3,3,3,0,0,1,-1,1,1,2,1
KR_6724421583,420,2,45,-14,7,5,5,0,3,3,0,-5,1,6,6,6,0,-2,1,3,2,8,10,5,2,7,-1,0,1,1,1,1,1,3,1
KR_6759849402,440,-1,9,-11,-7,0,1,1,-1,3,4,1,5,4,-5,2,7,-2,0,2,-1,-17,-6,-6,10,4,0,0,0,1,0,1,-1,5,1
KR_6753700273,420,-1,-32,0,1,1,2,1,-1,5,6,-3,2,5,7,7,0,-3,0,3,2,4,-5,1,3,4,0,0,0,-1,1,1,1,4,1
KR_6695766248,440,-2,84,-24,4,2,3,1,0,1,1,3,3,0,1,2,1,-2,1,3,0,5,0,2,5,7,3,0,0,-1,1,0,1,4,1
KR_6756349345,420,2,69,-12,2,1,1,0,0,3,3,0,3,3,-1,2,3,2,4,2,0,7,38,2,0,2,-27,0,2,0,0,1,1,0,1
KR_6759306285,420,6,10,70,12,1,1,0,4,5,1,0,3,3,1,1,0,6,7,1,0,12,28,4,0,4,1,0,0,0,0,0,1,0,1
KR_6689707383,440,1,53,24,0,3,3,0,-1,1,2,2,4,2,-3,4,7,-1,0,1,0,-5,179,2,3,5,-1,0,1,1,1,1,-1,5,1
KR_6745827858,440,-1,-15,-8,-3,0,0,0,3,4,1,-9,2,11,5,8,3,-2,0,2,0,-3,18,1,2,3,5,0,-1,-1,-1,-1,-1,2,1
KR_6711166014,440,0,-3,-3,5,0,3,3,3,4,1,-3,0,3,4,10,6,1,1,0,1,4,-5,1,4,5,-2,0,0,-1,-1,-1,1,6,1
KR_6712388640,420,1,86,21,2,0,0,0,3,4,1,-1,4,5,8,8,0,-8,0,8,0,4,2,2,5,7,-3,0,0,1,1,1,-1,4,1
KR_6761490157,420,-2,54,20,-4,-1,0,1,-4,1,5,1,3,2,0,0,0,0,0,0,0,-5,7,-3,5,2,0,0,0,1,1,0,1,2,1
KR_6668097304,440,-1,-73,14,-7,0,1,1,1,2,1,-7,1,8,-1,0,1,0,0,0,0,-7,-4,6,3,9,-1,0,1,-1,1,1,1,4,1
KR_6757170264,420,5,44,7,16,4,6,2,0,4,4,9,9,0,3,7,4,0,4,4,1,1,2,0,3,3,-4,0,4,0,1,1,1,0,1
KR_6752578943,420,3,46,-16,11,6,6,0,-1,2,3,1,2,1,1,2,1,4,4,0,0,8,-6,1,1,2,3,0,1,1,-1,1,1,6,1
KR_6699869699,420,8,180,24,8,-1,3,4,0,1,1,3,3,0,6,6,0,0,1,1,0,3,-5,2,2,4,2,0,3,1,1,1,-1,4,1
KR_6762786855,420,3,17,28,6,-1,2,3,-1,1,2,3,4,1,2,3,1,3,5,2,1,3,-18,1,1,2,1,0,0,1,1,1,1,6,1
KR_6729760128,420,-3,-13,-32,-4,1,2,1,-3,0,3,2,3,1,-4,1,5,0,1,1,0,-7,-41,-3,5,2,23,0,-2,-1,-1,-1,-1,1,1
KR_6651516995,420,1,61,-8,-7,-2,0,2,1,1,0,1,3,2,-1,0,1,-6,0,6,0,-8,-10,2,2,4,-5,0,0,-1,0,1,-1,4,1
KR_6729236889,420,2,-88,-3,-3,-4,0,4,4,6,2,-1,2,3,-2,2,4,0,1,1,0,-2,-3,-1,3,2,-3,0,0,1,-1,0,-1,2,1
KR_6638094156,420,2,45,-8,9,6,6,0,-2,1,3,1,3,2,-1,0,1,5,5,0,0,0,-7,-2,5,3,1,0,1,0,1,1,1,0,1
KR_6672863591,420,3,5,-8,3,2,2,0,1,1,0,0,2,2,4,4,0,-4,1,5,0,6,18,1,2,3,1,0,1,1,1,1,-1,5,1
KR_6761260775,420,-1,-20,4,1,0,2,2,3,3,0,-1,1,2,1,2,1,-2,0,2,0,5,-10,0,2,2,5,0,0,1,1,1,1,3,1
KR_6751999939,420,0,-19,4,-2,1,1,0,-3,1,4,-3,1,4,5,5,0,-2,0,2,0,1,5,1,1,2,-1,0,0,0,-1,0,1,0,1
KR_6730126459,420,5,4,19,4,0,1,1,2,2,0,1,3,2,-5,1,6,6,6,0,0,5,2,4,2,6,1,0,-1,-1,-1,1,1,3,1
KR_6747330322,420,-1,-5,8,-3,-1,0,1,3,6,3,-2,0,2,0,3,3,-3,1,4,0,1,-1,1,1,2,-1,0,-1,1,1,-1,1,1,1
KR_6760641392,440,1,28,-4,-1,0,1,1,-3,7,10,-3,0,3,6,9,3,-1,1,2,0,-7,-13,2,2,4,-2,0,3,1,1,1,-1,6,1
KR_6747325569,420,-3,-26,-21,-4,-2,1,3,-2,3,5,-3,0,3,3,4,1,0,2,2,0,-2,438,0,3,3,2,0,0,1,0,0,-1,4,1
KR_6646941178,420,1,-8,-13,-2,3,3,0,1,4,3,-2,1,3,-2,1,3,-2,0,2,0,0,-13,0,4,4,-2,0,-2,-1,-1,-1,1,5,1
KR_6758907931,440,5,27,20,15,3,6,3,2,3,1,5,5,0,4,4,0,1,2,1,0,11,361,1,1,2,-2,0,0,1,-1,1,-1,6,1
KR_6736690418,420,3,11,8,1,0,1,1,0,2,2,1,2,1,2,4,2,-2,0,2,0,4,36,2,2,4,-7,0,0,1,0,0,1,3,1
KR_6706962761,420,-3,-6,10,-8,-1,2,3,-6,1,7,2,2,0,-3,1,4,0,3,3,0,-9,10,-4,6,2,-1,0,1,-1,1,1,-1,4,1
KR_6720242500,420,0,5,18,-2,-1,0,1,-4,2,6,2,4,2,1,3,2,0,0,0,0,3,11,1,3,4,0,0,0,1,-1,0,1,4,1
KR_6641978246,420,-3,-41,0,-6,1,3,2,-2,0,2,-2,3,5,-3,0,3,0,1,1,0,-9,7,0,2,2,-4,0,-1,1,-1,-1,-1,1,1
KR_6760287416,420,0,30,4,2,1,5,4,5,5,0,0,1,1,6,6,0,-10,2,12,0,4,-3,3,1,4,-4,0,-1,-1,1,1,1,4,1
KR_6729248833,420,1,30,-4,6,-1,1,2,2,4,2,5,7,2,0,0,0,0,0,0,0,12,37,2,2,4,-15,0,0,1,0,0,1,2,1
KR_6741194770,420,4,31,32,5,2,3,1,2,6,4,4,5,1,-2,2,4,-1,2,3,0,1,-18,0,2,2,-2,0,0,1,-1,1,-1,5,1
KR_6745803443,420,2,34,4,0,2,5,3,-4,1,5,-2,3,5,1,6,5,3,5,2,0,-2,-1,-4,5,1,2,0,2,1,1,1,-1,6,1
KR_6745065205,420,1,9,-12,8,0,2,2,3,3,0,3,3,0,3,3,0,-1,0,1,0,10,-29,4,2,6,12,0,0,1,-1,1,1,1,1
KR_6751319841,420,-3,-46,-1,-3,-1,2,3,5,8,3,-6,4,10,0,3,3,-1,0,1,-1,-2,-5,-6,8,2,2,0,-1,1,-1,-1,-1,5,1
KR_6695050067,420,0,-20,20,-2,2,2,0,-2,1,3,-1,4,5,-1,1,2,0,1,1,0,0,-9,1,1,2,-2,0,0,1,1,-1,-1,3,1
KR_6761582302,420,1,-30,-8,5,-6,0,6,3,4,1,3,4,1,3,3,0,2,4,2,0,9,14,4,0,4,0,0,0,-1,0,1,-1,6,1
KR_6739951059,420,-2,-16,20,-10,0,2,2,0,1,1,-3,0,3,-2,2,4,-5,0,5,0,-17,-11,-3,3,0,0,0,-2,-1,-1,-1,-1,6,1
KR_6745113843,420,1,74,16,-1,0,5,5,4,5,1,4,4,0,-8,1,9,-1,0,1,-1,-5,1,-3,6,3,0,0,0,-1,1,1,1,5,1
KR_6731311079,420,-4,21,12,-4,0,1,1,0,2,2,0,0,0,1,3,2,-5,0,5,0,-3,-7,-4,4,0,1,0,-1,1,0,-1,1,6,1
KR_6743953965,420,2,28,4,5,-1,1,2,1,2,1,2,2,0,6,7,1,-3,0,3,0,10,-308,1,2,3,0,0,1,-1,-1,1,-1,2,1
KR_6760276574,420,1,63,16,2,10,10,0,-2,0,2,-3,5,8,0,1,1,-3,2,5,0,1,5,0,3,3,0,0,1,1,1,1,1,4,1
KR_6740009606,440,4,112,6,14,-1,0,1,4,7,3,3,3,0,8,10,2,0,0,0,1,14,9,6,3,9,0,0,3,1,-1,1,1,5,1
KR_6744789498,420,0,-18,4,3,-2,2,4,3,4,1,2,2,0,-2,3,5,2,2,0,1,12,18,-1,4,3,-3,0,-2,1,0,-1,1,1,1
KR_6671305506,420,2,-11,-8,-2,-1,1,2,4,5,1,2,4,2,-5,1,6,-2,2,4,0,-3,-1,3,0,3,6,0,0,0,0,0,-1,0,1
KR_6738938772,420,0,-19,4,2,-1,3,4,5,5,0,5,5,0,-7,0,7,0,1,1,0,5,52,4,1,5,-27,0,-1,0,1,-1,-1,0,1
KR_6745736986,420,1,-45,-14,0,1,2,1,-1,2,3,2,2,0,-1,1,2,-1,0,1,0,1,-25,2,0,2,2,0,-1,1,1,-1,-1,4,1
KR_6717790418,420,1,-34,4,1,-2,1,3,1,2,1,0,1,1,1,3,2,1,3,2,0,4,-3,0,1,1,2,0,0,1,1,0,1,4,1
KR_6717677184,420,4,81,24,9,-1,1,2,3,7,4,4,4,0,3,4,1,0,0,0,0,18,182,1,3,4,-3,0,3,1,0,1,-1,1,1
KR_6660994216,420,1,84,20,2,8,9,1,-4,2,6,1,2,1,0,1,1,-3,0,3,1,-4,-16,-5,8,3,3,0,0,1,1,1,1,5,1
KR_6746414444,420,0,36,-12,-11,-5,1,6,1,1,0,-4,1,5,-3,1,4,0,0,0,0,-8,288,1,2,3,-2,0,0,1,0,0,-1,1,1
KR_6753215463,420,0,48,40,0,7,8,1,-1,0,1,0,2,2,-5,0,5,-1,0,1,0,-3,-6,-1,4,3,-1,0,0,1,1,1,1,2,1
KR_6684171953,420,-1,0,-20,-1,-4,1,5,1,2,1,-1,0,1,3,3,0,0,0,0,1,6,-5,-1,1,0,0,0,0,1,-1,-1,1,4,1
KR_6682683049,420,6,18,29,15,-1,1,2,3,6,3,5,7,2,6,8,2,2,3,1,0,8,-199,0,3,3,2,0,5,1,1,1,1,6,1
KR_6741474850,420,3,37,-8,9,1,1,0,3,3,0,-3,2,5,4,4,0,4,4,0,0,13,-374,-2,4,2,1,0,0,-1,-1,1,1,1,1
KR_6649217666,440,2,14,20,0,-4,0,4,-1,2,3,3,7,4,2,5,3,0,2,2,-3,-4,-175,5,2,7,1,0,0,1,1,-1,-1,3,1
KR_6720469007,420,1,20,-8,4,-1,2,3,5,5,0,-2,1,3,2,4,2,0,0,0,0,5,292,2,0,2,-34,0,1,1,1,1,1,4,1
KR_6751153640,420,0,-3,0,-1,-5,0,5,-2,1,3,4,4,0,2,2,0,0,0,0,0,4,-4,-3,5,2,4,0,0,0,1,1,1,0,1
KR_6753803241,420,-1,-62,4,-4,-2,2,4,-5,0,5,0,2,2,3,9,6,0,0,0,0,2,5,2,4,6,-2,0,0,1,-1,0,1,2,1
KR_6681585377,420,5,127,24,-3,1,2,1,-4,0,4,-4,0,4,1,4,3,3,3,0,0,-2,-1,-5,6,1,1,0,1,-1,-1,1,1,2,1
KR_6755217020,420,6,20,8,6,6,7,1,1,2,1,-2,3,5,1,3,2,0,1,1,0,6,-1,4,1,5,2,0,-1,-1,1,-1,-1,1,1
KR_6760550422,420,2,57,10,-3,1,2,1,-1,1,2,-2,3,5,0,3,3,-1,1,2,0,-5,17,0,2,2,-7,0,0,0,1,0,-1,0,1
KR_6762757775,420,-1,-35,-4,1,0,2,2,1,1,0,-3,2,5,5,8,3,-2,1,3,0,4,-1,-1,4,3,1,0,1,1,-1,1,-1,6,1
KR_6764468436,420,2,101,-8,12,-1,1,2,3,4,1,-1,4,5,11,11,0,0,3,3,1,15,7,1,2,3,0,0,2,1,0,1,1,5,1
KR_6739901398,420,2,91,8,6,-2,0,2,0,1,1,6,6,0,4,7,3,-2,4,6,0,5,-170,0,2,2,6,0,1,-1,0,1,1,1,1
KR_6728178913,420,2,50,21,5,0,0,0,-1,1,2,2,2,0,0,1,1,4,5,1,0,6,-4,0,3,3,2,0,0,1,1,0,-1,3,1
KR_6728623940,420,-6,-11,-16,2,-1,0,1,0,0,0,3,3,0,0,3,3,0,2,2,-1,2,-195,2,1,3,0,0,0,-1,-1,-1,-1,1,1
KR_6658976017,420,1,-1,19,2,0,0,0,2,2,0,4,5,1,-3,0,3,-1,1,2,1,-1,5,-1,2,1,0,0,1,1,-1,1,1,2,1
KR_6761823680,420,2,11,-3,7,1,3,2,1,2,1,6,7,1,0,2,2,-1,1,2,0,7,0,-2,2,0,1,0,1,-1,0,1,-1,4,1
KR_6731321741,420,7,67,23,17,1,3,2,4,5,1,5,7,2,5,7,2,2,3,1,-1,20,5,1,1,2,0,0,0,1,-1,1,-1,2,1
KR_6746050183,440,2,60,-25,8,-1,1,2,-1,0,1,8,9,1,4,5,1,-2,1,3,0,10,10,4,0,4,-1,0,0,-1,1,1,1,3,1
KR_6676973947,420,-1,-104,-8,1,-3,0,3,2,3,1,-4,5,9,6,7,1,0,1,1,0,23,0,2,2,4,1,0,-2,1,-1,-1,-1,5,1
KR_6760065555,440,3,81,24,5,4,4,0,-2,2,4,0,2,2,3,3,0,0,0,0,0,5,4,3,2,5,-1,0,1,1,1,1,1,4,1
KR_6712436476,420,7,20,-3,8,3,6,3,0,4,4,2,4,2,-2,1,3,5,5,0,-1,1,1,1,2,3,-4,0,1,1,1,1,-1,4,1
KR_6728894270,420,5,43,23,18,-2,2,4,10,10,0,1,3,2,9,9,0,0,2,2,0,16,-356,2,3,5,-1,0,2,1,1,1,1,6,1
KR_6729141031,420,2,39,-16,19,9,10,1,3,3,0,-1,2,3,10,11,1,-2,0,2,0,8,3,-2,2,0,1,0,3,-1,-1,1,1,2,1
KR_6757703366,440,3,75,-39,-2,6,8,2,-4,2,6,-3,1,4,1,1,0,-2,0,2,-2,-7,3,-4,4,0,3,0,1,-1,0,1,-1,4,1
KR_6673655159,420,9,109,46,17,1,2,1,6,8,2,9,11,2,1,2,1,0,2,2,0,5,7,4,1,5,-1,0,3,1,1,1,1,5,1
KR_6683785853,420,-1,-12,-4,1,-6,0,6,-2,0,2,2,2,0,6,8,2,1,2,1,0,0,10,3,3,6,-1,0,-1,0,1,-1,-1,0,1
KR_6680361139,420,4,84,11,9,-3,1,4,3,3,0,5,6,1,5,5,0,-1,0,1,0,13,1,4,6,10,4,0,0,1,1,1,1,4,1
KR_6724102812,420,1,14,24,3,-3,0,3,0,2,2,3,4,1,5,5,0,-2,3,5,0,9,0,2,2,4,2,0,1,1,1,1,-1,3,1
KR_6733258998,420,5,109,4,10,0,3,3,4,5,1,4,4,0,4,7,3,-2,1,3,1,9,-324,-1,1,0,-1,0,3,-1,1,1,1,3,1
KR_6695620534,440,6,67,36,10,1,2,1,0,5,5,3,4,1,5,10,5,1,4,3,-1,12,336,2,1,3,-2,0,1,1,0,1,-1,2,1
KR_6719994922,420,1,58,-5,2,-5,1,6,3,3,0,5,5,0,0,3,3,-1,0,1,0,5,-3,-2,4,2,4,0,1,1,-1,-1,1,1,1
KR_6646798155,420,6,66,12,15,7,9,2,1,2,1,2,7,5,2,2,0,3,3,0,1,11,150,2,2,4,1,0,4,-1,1,1,1,4,1
KR_6670441242,420,4,142,11,5,1,1,0,-3,3,6,1,4,3,7,7,0,-1,0,1,0,8,-1,2,3,5,1,0,1,-1,0,1,-1,4,1
KR_6752338487,420,1,43,9,-5,-1,1,2,-2,1,3,0,4,4,-2,3,5,0,0,0,0,-4,-72,-4,6,2,2,0,0,-1,0,0,-1,5,1
KR_6733656591,440,2,98,13,5,1,1,0,-1,3,4,3,6,3,1,4,3,1,1,0,0,1,3,1,1,2,2,0,1,1,1,1,-1,3,1
KR_6749747467,420,-1,-31,-36,6,2,3,1,4,6,2,-1,2,3,-1,0,1,2,2,0,-1,1,28,-3,4,1,-2,0,0,-1,1,0,-1,3,1
KR_6738442643,420,1,111,0,-5,3,4,1,-3,0,3,-7,0,7,1,1,0,1,1,0,0,-2,5,-2,4,2,-2,0,2,-1,1,1,-1,4,1
KR_6739014619,420,8,146,60,22,9,10,1,7,8,1,0,1,1,8,8,0,-2,0,2,1,8,36,4,0,4,4,1,5,1,1,1,1,6,1
KR_6682415615,420,5,14,4,6,-4,0,4,6,6,0,1,1,0,0,2,2,3,6,3,0,13,301,0,3,3,2,0,0,1,1,1,-1,1,1
KR_6696188331,420,0,-3,-13,0,6,7,1,-7,0,7,1,6,5,-2,0,2,2,5,3,1,-3,10,2,3,5,3,0,1,0,-1,1,1,0,1
KR_6735176423,420,5,86,4,11,8,9,1,2,3,1,0,1,1,0,3,3,1,3,2,0,-2,0,2,1,3,-1,0,2,-1,1,1,1,6,1
KR_6651104381,420,0,13,-28,1,-1,2,3,1,1,0,-3,2,5,5,6,1,-1,1,2,0,4,-3,-1,1,0,-1,0,0,-1,0,0,1,5,1
KR_6750226247,440,0,-13,4,-1,-7,3,10,0,4,4,-2,1,3,8,8,0,0,1,1,1,-3,-198,-2,5,3,-1,0,1,1,-1,-1,1,4,1
KR_6714758190,420,2,-39,24,-2,2,3,1,-3,1,4,-2,1,3,0,1,1,1,2,1,0,0,-192,-3,5,2,0,0,0,1,0,0,1,6,1
KR_6734427149,420,1,53,23,-4,1,2,1,1,5,4,0,1,1,-4,1,5,-2,0,2,0,-10,-177,-5,5,0,0,0,1,-1,1,1,-1,2,1
KR_6727240130,420,2,-5,-16,1,-3,2,5,0,3,3,2,6,4,1,1,0,1,1,0,0,8,26,1,0,1,0,0,2,1,1,1,1,6,1
KR_6729860167,420,2,69,20,4,0,2,2,1,3,2,5,5,0,-4,0,4,2,2,0,0,1,40,-5,6,1,-13,0,1,-1,1,1,-1,4,1
KR_6747584262,420,0,59,-8,-6,-1,3,4,1,1,0,0,2,2,-5,0,5,-1,0,1,0,-2,-142,3,0,3,23,0,0,-1,-1,1,1,5,1
KR_6728755139,420,-2,-10,-32,-9,-6,0,6,-1,3,4,-5,0,5,2,3,1,1,2,1,-1,0,-9,-3,5,2,0,0,-1,1,-1,-1,-1,3,1
KR_6664705334,420,4,6,0,5,0,3,3,0,0,0,1,3,2,4,4,0,0,1,1,-1,0,-12,-8,9,1,0,0,0,-1,-1,0,-1,6,1
KR_6761835267,420,1,-14,-8,2,5,6,1,-3,0,3,2,3,1,-1,1,2,-1,2,3,0,-3,-6,-1,4,3,4,0,0,-1,1,-1,1,4,1
KR_6762613121,420,3,1,12,0,2,2,0,-1,0,1,1,3,2,-2,4,6,0,4,4,0,-1,-3,-2,3,1,-4,0,1,-1,0,1,1,3,1
KR_6760551108,420,3,-1,36,1,-1,0,1,2,3,1,1,1,0,-1,2,3,0,0,0,0,3,-2,1,1,2,5,0,0,1,1,0,-1,6,1
KR_6682771635,420,-1,-6,16,5,6,9,3,1,2,1,-1,3,4,-1,0,1,0,2,2,0,2,-8,0,2,2,2,0,0,-1,1,1,1,3,1
KR_6744283793,420,-1,-27,10,-3,0,2,2,1,4,3,0,5,5,-1,1,2,-3,0,3,0,-5,0,-4,4,0,1,0,-2,1,-1,-1,-1,4,1
KR_6762681957,420,-3,39,-13,-8,-1,1,2,-1,1,2,-4,0,4,-1,0,1,-1,0,1,0,-7,-138,1,1,2,-3,0,0,-1,1,0,1,2,1
KR_6723898143,420,2,-83,12,10,-2,0,2,1,4,3,0,4,4,6,8,2,5,6,1,0,11,-38,-2,5,3,14,0,1,1,1,-1,1,2,1
KR_6705192989,420,1,109,8,-1,1,2,1,-2,0,2,-1,1,2,2,3,1,-1,0,1,0,0,7,1,1,2,-2,0,0,1,-1,0,-1,1,1
KR_6642890670,420,2,119,-8,5,1,3,2,3,4,1,0,2,2,2,2,0,-1,1,2,-1,4,0,4,4,8,-1,0,1,1,-1,1,-1,5,1
KR_6725795721,420,1,21,-16,5,2,4,2,0,3,3,1,2,1,2,2,0,0,0,0,0,5,-11,0,2,2,-2,0,1,-1,1,1,1,1,1
KR_6741675601,420,1,-40,34,-4,1,1,0,-2,2,4,4,5,1,-6,1,7,-1,2,3,-1,-4,-6,2,1,3,1,0,-1,-1,-1,-1,-1,1,1
KR_6745933766,420,2,57,-12,6,-4,0,4,0,2,2,1,2,1,7,8,1,2,2,0,0,10,207,4,1,5,1,0,0,1,-1,-1,-1,5,1
KR_6745932491,420,8,116,20,24,7,7,0,0,1,1,4,5,1,8,9,1,5,6,1,0,17,-3,2,1,3,2,0,1,1,1,1,1,6,1
KR_6756564076,420,4,59,64,8,-2,0,2,7,7,0,-1,2,3,2,2,0,2,2,0,1,13,17,2,0,2,-20,0,1,1,1,1,1,1,1
KR_6746762360,420,7,-29,72,1,3,3,0,1,1,0,1,4,3,-4,1,5,0,1,1,0,-1,13,4,1,5,-1,0,2,0,1,1,-1,0,1
KR_6747235595,440,1,5,28,6,2,3,1,5,5,0,6,8,2,-2,5,7,-5,2,7,1,6,23,0,1,1,3,0,0,1,-1,-1,-1,1,1
KR_6712357510,420,2,42,5,6,-2,2,4,0,1,1,2,4,2,5,7,2,1,3,2,0,7,-6,-1,2,1,-2,0,1,0,1,1,1,0,1
KR_6673500186,420,3,36,31,11,-1,0,1,6,8,2,5,8,3,0,4,4,1,1,0,0,1,411,0,2,2,3,0,2,1,1,1,1,3,1
KR_6732773849,420,-2,29,-28,1,-2,1,3,0,2,2,-4,4,8,3,9,6,4,6,2,0,4,11,-1,6,5,-5,0,1,-1,1,1,1,2,1
KR_6749880923,420,-2,52,21,1,-2,2,4,9,10,1,2,5,3,-6,2,8,-2,2,4,0,-1,-14,0,2,2,0,0,1,0,1,1,1,0,1
KR_6740877242,440,2,106,28,8,2,5,3,-6,1,7,3,3,0,8,8,0,1,3,2,-1,3,-13,3,1,4,5,0,2,1,0,1,-1,4,1
KR_6759545716,420,3,4,-8,1,3,4,1,-2,3,5,2,3,1,1,5,4,-3,0,3,1,0,-9,-3,4,1,4,0,1,-1,0,1,1,3,1
KR_6762684849,420,0,-12,12,-3,-1,2,3,-3,1,4,2,3,1,-2,0,2,1,2,1,0,-1,-221,1,2,3,-5,0,0,0,-1,0,-1,0,1
KR_6756055916,420,4,0,12,15,2,3,1,4,5,1,12,13,1,0,2,2,-3,0,3,1,12,11,1,3,4,7,0,1,1,1,1,1,4,1
KR_6738453439,420,2,37,7,4,2,2,0,-1,0,1,2,3,1,1,4,3,0,1,1,0,1,-197,0,3,3,1,0,0,-1,1,0,-1,4,1
