matchId,queueId,Diff_LV,Diff_CS,Diff_jglCS,Diff-K,Diff-K-top,K-WIN-top,K-LOSE-top,Diff-K-jug,K-WIN-jug,K-LOSE-jug,Diff-K-mid,K-WIN-mid,K-LOSE-mid,Diff-K-ad,K-WIN-ad,K-LOSE-ad,Diff-K-sup,K-WIN-sup,K-LOSE-sup,invadeKill,Diff-A,Diff_WARDplaced,Diff-ControlWARDplaced,LOSE_controlWARDPlaced,WIN_controlWARDPlaced,Diff_WARDkill,Diff_Inhibitor,Diff_TOWERkill,Diff_FirstDRAGON,Diff_FirstHERALD,Diff_Firsttower,Diff_FirstBLOOD,dragonType,result
KR_6762341802,420,0,31,16,3,-1,1,2,3,4,1,0,0,0,0,3,3,1,2,1,0,2,6,-2,4,2,1,0,-1,1,-1,-1,-1,6,1
KR_6757870120,420,1,-47,-6,3,-1,1,2,1,2,1,1,2,1,2,5,3,0,0,0,0,0,4,1,4,5,-8,0,-1,1,1,-1,-1,4,1
KR_6748203112,420,1,-3,4,-1,-1,3,4,-3,1,4,1,3,2,1,4,3,1,1,0,0,-7,9,1,10,11,-8,0,0,-1,1,1,1,5,1
KR_6718258185,420,5,40,-16,6,0,1,1,3,6,3,1,2,1,0,2,2,2,4,2,0,3,160,0,7,7,-10,0,0,1,-1,1,-1,1,1
KR_6764460843,420,-2,-7,9,-6,1,1,0,-6,0,6,-3,3,6,1,4,3,1,2,1,0,-6,-48,1,4,5,0,0,-1,-1,-1,-1,-1,5,1
KR_6719654601,420,0,12,-8,2,3,3,0,1,4,3,0,0,0,-1,5,6,-1,0,1,0,3,2,3,3,6,-5,0,-1,1,1,-1,-1,4,1
KR_6763318424,440,2,66,12,5,2,3,1,2,2,0,1,3,2,4,4,0,-4,0,4,0,3,7,1,5,6,-2,0,0,1,1,1,1,2,1
KR_6747061879,420,-1,71,-12,-2,0,2,2,-3,1,4,5,7,2,-4,1,5,0,2,2,0,-7,-8,-5,8,3,2,0,0,-1,-1,0,-1,6,1
KR_6687318233,420,-2,-39,8,-8,0,1,1,-1,2,3,2,4,2,-11,2,13,2,3,1,-1,-11,4,-4,6,2,1,0,-1,-1,-1,-1,1,4,1
KR_6763236833,420,-1,-53,-15,-2,1,1,0,1,6,5,-5,0,5,1,4,3,0,2,2,0,9,-3,1,5,6,0,0,-2,1,1,-1,-1,3,1
KR_6748588763,420,1,-8,-11,-3,-1,5,6,4,4,0,-4,0,4,-2,2,4,0,0,0,0,-4,17,2,3,5,-5,0,-1,-1,-1,-1,1,2,1
KR_6753099413,420,-3,33,-24,-4,2,2,0,-3,0,3,-3,1,4,0,3,3,0,0,0,0,-5,-1,3,3,6,3,0,0,0,1,1,1,0,1
KR_6762556189,420,-1,-3,20,2,0,2,2,-1,4,5,-2,2,4,3,4,1,2,2,0,3,11,-5,-4,7,3,1,0,1,1,0,1,-1,5,1
KR_6721027446,440,0,-4,-6,1,-2,0,2,4,4,0,-2,0,2,2,3,1,-1,0,1,0,4,-6,3,4,7,1,0,1,-1,1,1,1,4,1
KR_6657658509,420,-3,-20,-45,-4,0,3,3,1,3,2,-1,3,4,-3,4,7,-1,1,2,-1,1,-4,-2,7,5,3,0,1,-1,1,1,-1,1,1
KR_6683146309,420,1,-35,20,1,-1,1,2,5,6,1,-2,0,2,-2,2,4,1,1,0,0,1,-1,-3,6,3,0,0,0,0,1,0,-1,0,1
KR_6695212667,420,3,-22,-31,11,0,1,1,6,9,3,1,2,1,2,2,0,2,3,1,2,26,-1,0,7,7,3,0,0,1,0,0,1,1,1
KR_6699903970,420,8,103,3,16,3,4,1,3,4,1,3,3,0,4,5,1,3,3,0,0,15,-3,0,6,6,6,0,0,1,-1,1,1,5,1
KR_6757618867,420,4,-3,6,5,0,2,2,0,4,4,0,1,1,4,7,3,1,1,0,0,8,-23,-4,8,4,1,0,2,1,1,1,1,3,1
KR_6762537273,420,0,6,-17,4,3,4,1,1,2,1,1,4,3,-3,3,6,2,2,0,1,7,0,0,2,2,0,0,1,1,1,1,1,1,1
KR_6683544057,420,3,32,28,3,5,5,0,-4,2,6,0,1,1,2,3,1,0,0,0,1,-2,-3,0,8,8,7,0,0,1,1,1,1,3,1
KR_6753869881,420,-1,111,29,0,2,4,2,1,1,0,-3,2,5,0,2,2,0,1,1,0,7,131,3,5,8,-5,0,2,1,1,1,-1,6,1
KR_6761276692,420,4,-29,0,13,-2,0,2,5,5,0,-1,1,2,7,9,2,4,4,0,3,18,31,3,4,7,-4,0,0,1,-1,0,1,2,1
KR_6761933036,420,2,42,2,8,1,2,1,2,3,1,2,2,0,4,7,3,-1,2,3,0,8,8,2,3,5,-4,0,1,1,0,1,1,6,1
KR_6699910069,420,0,-38,-24,6,4,4,0,3,4,1,0,3,3,-1,1,2,0,0,0,0,9,21,-1,6,5,4,0,-1,-1,1,-1,1,1,1
KR_6750977295,420,4,76,-3,14,8,8,0,4,6,2,3,3,0,1,1,0,-2,1,3,0,16,6,4,5,9,2,0,2,1,-1,1,1,6,1
KR_6681963808,420,3,77,-17,7,-3,1,4,3,5,2,6,6,0,1,1,0,0,2,2,-1,4,-6,7,0,7,3,0,0,1,-1,1,-1,3,1
KR_6750083396,420,2,68,-4,6,2,3,1,-2,2,4,3,3,0,4,6,2,-1,0,1,0,4,-106,0,6,6,-5,0,0,1,-1,0,1,1,1
KR_6761341990,440,0,-17,0,-6,-2,0,2,-4,0,4,-4,1,5,1,3,2,3,3,0,0,-10,2,0,5,5,-4,0,1,-1,1,1,-1,5,1
KR_6744711896,420,-2,-21,-3,-4,-1,0,1,-1,1,2,-3,2,5,1,4,3,0,1,1,-1,-11,-3,-1,7,6,-3,0,-1,1,-1,-1,-1,3,1
KR_6763915639,420,-3,-46,8,-1,-3,0,3,0,3,3,2,5,3,1,3,2,-1,0,1,1,9,-6,1,6,7,4,0,-1,-1,-1,-1,1,5,1
KR_6660654737,420,-4,-37,-7,-3,-3,1,4,-2,3,5,-3,1,4,3,4,1,2,3,1,0,-2,1,-3,9,6,-2,0,0,1,1,0,1,6,1
KR_6761182006,420,3,32,4,4,-3,2,5,-1,3,4,4,4,0,4,5,1,0,0,0,1,9,2,4,4,8,-5,0,2,1,1,1,-1,6,1
KR_6755996081,420,1,-50,-23,3,-2,2,4,0,2,2,1,3,2,2,4,2,2,2,0,1,5,5,6,4,10,-8,0,-1,-1,-1,-1,1,4,1
KR_6738970668,420,3,-3,15,3,8,8,0,-1,3,4,-2,1,3,-2,0,2,0,1,1,0,-9,-162,1,4,5,-6,0,1,1,1,1,-1,4,1
KR_6762055614,420,0,-17,4,2,-1,1,2,2,4,2,4,6,2,-1,1,2,-2,1,3,0,-4,10,-4,8,4,4,0,0,-1,1,-1,1,4,1
KR_6700766304,420,0,51,-7,2,0,2,2,-5,1,6,1,2,1,4,4,0,2,3,1,1,1,103,-4,9,5,1,0,2,1,1,1,1,3,1
KR_6764828986,420,2,-3,12,6,-2,1,3,5,6,1,-2,1,3,4,4,0,1,1,0,0,7,-3,-1,6,5,1,0,1,1,1,1,-1,3,1
KR_6761242400,420,-5,1,-12,0,-1,2,3,-2,3,5,5,5,0,0,1,1,-2,0,2,0,2,-20,-2,4,2,-5,0,0,-1,1,1,1,1,1
KR_6616323536,420,4,48,-20,4,5,6,1,-5,0,5,4,5,1,-1,1,2,1,2,1,0,2,-7,-5,9,4,1,0,0,-1,1,1,-1,6,1
KR_6691019540,420,7,73,7,17,3,5,2,3,5,2,0,1,1,9,9,0,2,2,0,0,16,4,2,6,8,0,0,1,1,-1,1,-1,2,1
KR_6721756726,420,2,-1,12,2,1,1,0,0,3,3,-2,1,3,0,1,1,3,4,1,0,-1,25,0,3,3,3,0,1,1,1,1,-1,2,1
KR_6764114674,420,-1,-53,-12,3,7,7,0,1,1,0,-2,2,4,-1,1,2,-2,0,2,1,0,20,-1,4,3,-4,0,2,-1,1,1,1,1,1
KR_6518356514,420,-1,-16,12,-2,1,2,1,1,3,2,-7,1,8,1,2,1,2,2,0,0,-1,-12,-4,8,4,6,0,0,1,-1,-1,-1,6,1
KR_6761486310,420,1,-43,16,-1,-2,0,2,5,10,5,0,2,2,-3,3,6,-1,1,2,-2,-7,6,3,3,6,-2,0,1,-1,1,1,-1,1,1
KR_6745503561,420,0,22,32,5,4,4,0,4,4,0,2,3,1,-6,0,6,1,4,3,0,-2,28,1,4,5,1,0,0,-1,1,1,-1,6,1
KR_6720756585,420,-2,-6,-36,-2,4,5,1,3,4,1,-5,2,7,-4,0,4,0,1,1,0,-5,13,3,5,8,-3,0,0,-1,0,0,-1,1,1
KR_6634541530,420,-3,-31,2,-9,-2,2,4,-5,0,5,3,3,0,-1,5,6,-4,1,5,0,-5,200,-3,6,3,-2,0,1,1,1,-1,-1,4,1
KR_6619841317,420,4,21,36,8,2,4,2,0,3,3,4,6,2,2,6,4,0,0,0,2,2,6,6,4,10,3,0,0,1,1,1,1,5,1
KR_6750341841,420,0,42,34,0,-5,0,5,2,5,3,8,8,0,-7,0,7,2,2,0,1,-6,-4,-4,5,1,5,0,1,1,1,1,1,2,1
KR_6752428265,420,0,-8,-28,3,6,6,0,1,4,3,1,2,1,-3,0,3,-2,0,2,0,2,18,4,2,6,-2,0,0,-1,-1,0,1,1,1
KR_6722072131,420,1,24,4,0,4,4,0,0,0,0,-1,4,5,-3,0,3,0,0,0,0,0,-4,-1,5,4,-3,0,0,-1,-1,1,-1,2,1
KR_6764048067,420,3,27,24,8,4,4,0,4,5,1,-1,1,2,-1,0,1,2,2,0,0,12,-4,3,4,7,1,0,0,1,1,0,-1,4,1
KR_6655966095,420,-2,-30,-11,-5,-3,0,3,-7,1,8,6,6,0,-2,1,3,1,1,0,0,-7,3,0,7,7,4,0,-1,-1,-1,-1,-1,5,1
KR_6651819620,420,6,21,24,17,3,3,0,4,5,1,5,5,0,2,2,0,3,3,0,0,24,4,0,6,6,-5,0,2,1,-1,1,1,6,1
KR_6675509886,420,6,81,20,12,2,3,1,3,4,1,5,5,0,3,4,1,-1,0,1,0,9,-16,-2,7,5,-5,0,1,-1,1,1,-1,1,1
KR_6742291040,420,3,-27,-3,5,-2,0,2,0,0,0,1,2,1,2,2,0,4,4,0,0,12,7,3,4,7,2,0,1,1,-1,-1,1,1,1
KR_6760401959,440,-2,-34,4,1,-2,1,3,-2,2,4,3,4,1,0,2,2,2,2,0,0,0,70,-3,7,4,-22,0,-1,1,-1,-1,1,1,1
KR_6600258688,420,1,24,-16,2,-2,1,3,4,5,1,-1,1,2,1,4,3,0,1,1,-1,-2,-3,-2,6,4,1,0,0,1,-1,0,-1,4,1
KR_6609912556,420,3,28,11,2,0,2,2,0,6,6,-2,1,3,4,6,2,0,0,0,0,4,30,-1,6,5,0,0,-1,1,0,-1,1,5,1
KR_6628544173,420,2,-21,16,0,-4,0,4,0,1,1,4,5,1,1,3,2,-1,0,1,0,3,4,-3,5,2,0,0,0,1,-1,0,1,3,1
KR_6763208632,420,5,119,-16,20,4,4,0,5,8,3,3,4,1,7,7,0,1,2,1,4,24,-23,1,5,6,6,0,1,-1,-1,1,1,5,1
KR_6723997815,420,1,93,-44,7,-1,0,1,2,2,0,3,3,0,3,4,1,0,1,1,-1,5,104,3,4,7,0,0,0,1,-1,0,-1,6,1
KR_6732812400,440,5,32,19,12,1,2,1,4,4,0,5,5,0,-3,1,4,5,6,1,0,12,-11,0,2,2,1,0,0,1,-1,0,1,1,1
KR_6764780548,420,2,57,10,8,1,2,1,5,6,1,1,1,0,-1,1,2,2,2,0,1,12,-15,7,4,11,0,0,1,1,-1,1,1,3,1
KR_6752553955,440,10,37,56,17,6,7,1,7,7,0,1,3,2,2,5,3,1,2,1,0,14,-29,-3,9,6,2,0,3,1,1,1,-1,6,1
KR_6753995743,420,-1,-39,-8,1,0,1,1,3,3,0,-2,0,2,-1,2,3,1,3,2,1,3,-1,-4,8,4,-5,0,0,-1,1,0,1,4,1
KR_6764526351,420,0,-14,-9,2,-1,0,1,-2,0,2,4,4,0,0,0,0,1,1,0,0,-2,23,2,3,5,-2,0,0,-1,0,0,1,6,1
KR_6744571845,420,0,-22,-16,-4,4,5,1,-4,1,5,-3,3,6,-2,3,5,1,1,0,-1,-13,3,1,2,3,-2,0,0,-1,-1,0,-1,5,1
KR_6719774224,420,3,8,24,9,2,3,1,4,5,1,2,3,1,4,6,2,-3,2,5,0,13,1,5,4,9,4,0,0,1,1,1,-1,3,1
KR_6744105717,440,2,-32,20,5,-2,1,3,-3,2,5,0,2,2,10,11,1,0,0,0,2,18,-231,0,3,3,1,0,1,0,1,1,1,0,1
KR_6762650344,420,0,27,31,-4,2,5,3,0,5,5,0,2,2,-4,1,5,-2,0,2,0,-11,-10,-5,9,4,-1,0,1,0,1,1,-1,0,1
KR_6686049799,420,-2,-51,20,-4,1,1,0,1,7,6,-2,0,2,-5,1,6,1,1,0,0,-1,-26,2,6,8,-1,0,0,-1,1,-1,-1,1,1
KR_6745238242,420,4,46,12,7,-3,0,3,-1,1,2,9,10,1,1,2,1,1,2,1,0,5,-8,1,4,5,5,0,1,1,1,1,1,5,1
KR_6760488641,420,-2,-50,4,-3,-3,1,4,0,3,3,0,3,3,0,2,2,0,1,1,0,-5,-1,2,2,4,0,0,0,1,1,0,-1,4,1
KR_6676431019,420,3,12,18,0,-6,2,8,2,3,1,1,2,1,3,5,2,0,1,1,-1,5,-2,0,4,4,3,0,-1,-1,1,-1,-1,5,1
KR_6689795245,420,-2,28,0,-8,-1,2,3,-5,0,5,-2,2,4,1,2,1,-1,2,3,0,-1,-2,-3,8,5,-5,0,0,0,-1,0,1,0,1
KR_6763092189,420,-1,-40,-8,-3,-6,0,6,2,2,0,2,4,2,0,3,3,-1,2,3,-1,5,-55,-5,9,4,30,0,-1,1,1,-1,-1,1,1
KR_6678551017,420,1,41,11,2,-1,1,2,0,5,5,4,5,1,1,4,3,-2,1,3,-1,-8,-11,-4,11,7,4,0,-1,1,-1,-1,-1,4,1
KR_6630380305,420,4,-21,16,8,3,3,0,-1,2,3,5,5,0,-1,1,2,2,3,1,1,8,29,1,3,4,-4,0,1,1,1,1,1,6,1
KR_6765317786,420,-2,-18,4,2,0,2,2,3,6,3,1,2,1,-1,4,5,-1,1,2,0,4,-34,-2,5,3,1,0,2,1,1,1,1,5,1
KR_6743665146,420,0,-8,0,-4,-4,0,4,3,7,4,-2,1,3,-2,0,2,1,2,1,0,-1,4,-1,3,2,-4,0,0,1,1,0,-1,3,1
KR_6757599548,440,3,109,-2,2,1,1,0,1,1,0,1,2,1,-1,4,5,0,0,0,0,3,45,1,4,5,-23,0,1,1,0,1,-1,3,1
KR_6764433287,420,2,55,-15,1,2,6,4,2,4,2,3,6,3,-6,3,9,0,0,0,0,-6,0,3,5,8,4,0,1,-1,1,1,-1,6,1
KR_6755324424,420,5,18,18,5,1,3,2,1,2,1,4,7,3,0,4,4,-1,1,2,-2,0,-1,-4,7,3,3,0,1,1,-1,1,-1,5,1
KR_6744214190,440,3,111,36,8,1,1,0,6,7,1,2,3,1,-4,0,4,3,4,1,1,6,-11,-8,13,5,4,0,1,-1,1,1,1,3,1
KR_6699770813,420,0,-5,-16,4,1,2,1,1,4,3,-1,1,2,0,3,3,3,3,0,0,3,-43,-5,7,2,17,0,0,-1,-1,1,1,3,1
KR_6756964361,440,4,32,12,9,1,2,1,-1,3,4,3,5,2,7,9,2,-1,2,3,1,19,8,2,2,4,1,0,1,1,1,1,1,5,1
KR_6754340950,420,2,-20,-9,5,-1,0,1,5,7,2,-1,1,2,1,2,1,1,3,2,0,9,-39,1,5,6,-1,0,0,1,-1,0,1,5,1
KR_6764088425,420,2,82,0,4,-3,2,5,1,2,1,0,5,5,5,7,2,1,2,1,0,9,15,0,5,5,4,0,2,1,1,1,1,1,1
KR_6762023605,420,5,46,30,2,-3,0,3,2,4,2,0,0,0,0,2,2,3,3,0,0,5,-2,2,3,5,6,0,0,1,1,1,1,5,1
KR_6759604370,420,1,52,4,2,2,2,0,-1,1,2,1,1,0,0,1,1,0,0,0,0,-1,-7,4,4,8,0,0,0,-1,1,0,1,3,1
KR_6743078561,420,7,64,24,14,3,3,0,4,4,0,0,6,6,1,5,4,6,6,0,0,12,-9,0,8,8,3,0,1,1,1,1,-1,6,1
KR_6764000382,420,-2,42,5,6,-1,4,5,2,4,2,2,4,2,3,5,2,0,0,0,2,14,-4,5,3,8,-2,0,0,-1,1,1,-1,2,1
KR_6728680632,440,0,-10,-1,0,4,4,0,-2,2,4,-5,1,6,2,2,0,1,1,0,0,-1,1,1,6,7,1,0,2,-1,1,1,-1,2,1
KR_6738792922,420,-4,-66,-24,-7,1,2,1,-7,1,8,0,1,1,0,2,2,-1,2,3,0,-13,9,6,2,8,-9,0,0,1,1,1,1,4,1
KR_6605007948,420,0,-27,-32,1,-4,0,4,1,4,3,0,1,1,4,5,1,0,1,1,0,2,7,-3,9,6,2,0,0,-1,-1,-1,1,3,1
KR_6562052670,420,2,16,-25,1,-4,2,6,2,3,1,-1,3,4,5,5,0,-1,0,1,0,-2,3,7,4,11,-7,0,0,-1,-1,0,1,5,1
KR_6685013647,420,-3,-10,-12,-6,0,1,1,-1,0,1,-2,2,4,-4,1,5,1,1,0,0,-8,6,2,3,5,-1,0,0,1,-1,0,1,5,1
KR_6762863483,420,1,18,-19,8,0,1,1,1,2,1,7,9,2,3,4,1,-3,0,3,0,2,4,0,4,4,5,0,1,-1,1,1,1,4,1
KR_6751584312,420,0,-22,12,9,0,1,1,8,9,1,1,4,3,0,4,4,0,0,0,1,15,4,3,5,8,1,0,0,1,-1,0,1,6,1
KR_6753683757,420,0,-17,-20,-3,3,3,0,1,1,0,-2,1,3,-2,0,2,-3,0,3,0,1,-1,6,2,8,3,0,-1,-1,1,-1,-1,1,1
KR_6765455880,420,3,-15,0,4,0,0,0,1,4,3,1,1,0,1,2,1,1,2,1,0,2,-9,-2,11,9,2,0,0,-1,-1,0,1,6,1
KR_6650354821,420,1,-1,4,3,-4,2,6,5,6,1,-1,0,1,3,5,2,0,0,0,0,7,3,1,6,7,2,0,-1,1,-1,-1,1,3,1
KR_6761293208,420,0,41,-4,-3,0,0,0,-3,3,6,-1,0,1,1,1,0,0,0,0,0,-1,-2,0,3,3,-1,0,1,-1,1,1,-1,4,1
KR_6744677711,420,5,55,44,7,1,2,1,2,2,0,2,3,1,1,3,2,1,2,1,0,3,-10,4,4,8,4,0,0,1,1,0,-1,4,1
KR_6746400989,420,0,-74,-20,7,2,2,0,0,2,2,3,6,3,1,1,0,1,2,1,0,6,6,-1,6,5,2,0,1,-1,1,1,1,6,1
KR_6642976179,420,1,37,9,4,1,1,0,1,5,4,2,5,3,-1,1,2,1,1,0,0,9,-119,1,4,5,-4,0,1,-1,1,1,1,2,1
KR_6752532933,420,-1,-8,-8,-9,2,2,0,-10,0,10,1,3,2,-1,3,4,-1,0,1,0,-9,105,-1,4,3,6,0,0,-1,-1,-1,-1,4,1
KR_6760216462,420,3,84,-2,1,0,0,0,4,4,0,-5,0,5,1,4,3,1,1,0,0,4,4,-3,6,3,-1,0,0,-1,0,0,1,6,1
KR_6763200887,420,-2,-87,-14,3,-2,0,2,1,2,1,4,4,0,0,2,2,0,0,0,0,5,47,1,4,5,4,0,0,0,-1,0,-1,0,1
KR_6763796933,420,5,52,56,13,2,2,0,3,3,0,4,4,0,2,3,1,2,2,0,1,13,-1,6,2,8,0,0,4,1,1,1,1,2,1
KR_6729012696,420,1,-26,-15,3,-1,2,3,0,1,1,5,7,2,-1,4,5,0,1,1,0,3,-12,1,3,4,2,0,-1,-1,-1,-1,-1,6,1
KR_6763848687,420,3,72,-2,4,-2,0,2,-2,1,3,2,2,0,5,5,0,1,2,1,1,6,11,4,5,9,-2,0,0,-1,-1,1,1,6,1
KR_6765251588,420,4,14,9,8,1,1,0,3,5,2,0,2,2,6,8,2,-2,1,3,0,8,-5,-6,8,2,-4,0,1,1,1,1,-1,2,1
KR_6397789200,440,5,106,35,14,4,4,0,1,2,1,9,11,2,2,2,0,-2,0,2,0,9,-235,3,1,4,-3,0,3,1,1,1,1,2,1
KR_6734067739,440,-2,-32,8,-4,0,2,2,-1,6,7,-1,4,5,0,6,6,-2,0,2,-2,0,15,0,7,7,-2,0,-2,1,-1,-1,-1,1,1
KR_6757872354,420,2,23,12,-1,0,1,1,-5,1,6,0,3,3,5,6,1,-1,0,1,0,1,0,1,4,5,3,0,0,1,1,0,1,3,1
KR_6760008487,420,1,30,12,2,4,5,1,0,4,4,-2,0,2,0,4,4,0,0,0,0,0,-5,2,3,5,1,0,1,1,1,1,-1,1,1
KR_6730445551,440,4,55,17,8,-1,1,2,1,2,1,0,0,0,9,10,1,-1,0,1,0,9,25,3,1,4,1,0,1,1,1,1,-1,1,1
KR_5748100176,420,4,-1,18,6,4,4,0,1,3,2,1,2,1,-5,0,5,5,5,0,-1,0,3,4,8,12,0,0,1,-1,1,1,-1,4,1
KR_6761949800,420,4,-14,-8,14,0,2,2,4,5,1,7,9,2,3,8,5,0,1,1,-1,7,97,-3,9,6,5,0,0,-1,1,0,-1,1,1
KR_6759337960,420,2,8,-14,5,1,1,0,4,5,1,2,4,2,-2,0,2,0,0,0,0,2,23,2,4,6,-4,0,1,-1,1,1,1,4,1
KR_6763742512,420,7,2,28,17,-1,1,2,1,2,1,9,10,1,6,7,1,2,2,0,0,24,4,-4,7,3,2,0,0,1,1,1,1,4,1
KR_6749040546,420,4,77,-9,13,2,3,1,4,5,1,0,2,2,2,2,0,5,5,0,0,20,29,6,3,9,-1,0,3,1,1,1,1,6,1
KR_6671435246,420,-1,22,-4,3,-1,0,1,-3,3,6,3,3,0,5,9,4,-1,1,2,-1,-4,-5,4,3,7,-4,0,2,1,1,1,-1,4,1
KR_6392375944,420,-1,14,-4,-3,-4,1,5,2,2,0,-3,1,4,1,2,1,1,2,1,0,1,-7,-1,5,4,7,0,0,1,-1,0,-1,3,1
KR_6752754905,420,-3,-25,-29,2,2,2,0,3,4,1,-6,0,6,3,5,2,0,1,1,0,13,195,-1,7,6,7,0,-1,1,-1,-1,-1,2,1
KR_6762051154,420,6,70,8,6,2,2,0,1,5,4,-2,2,4,2,4,2,3,3,0,0,1,14,4,1,5,0,0,3,1,-1,1,-1,3,1
KR_6761154663,420,-3,-17,-29,-4,1,3,2,-5,2,7,-6,4,10,5,6,1,1,2,1,-1,-1,3,1,3,4,1,0,-1,-1,-1,-1,-1,2,1
KR_6763770387,420,3,23,12,4,1,2,1,0,4,4,-1,2,3,2,6,4,2,2,0,0,0,-19,5,4,9,5,0,0,-1,1,-1,1,4,1
KR_6730488807,420,1,20,12,4,4,6,2,0,2,2,2,5,3,1,5,4,-3,0,3,0,1,1,-4,8,4,-1,0,2,1,1,1,1,4,1
KR_6645560789,420,4,51,4,9,1,3,2,-2,4,6,4,4,0,5,6,1,1,1,0,0,10,-94,1,4,5,3,0,1,-1,-1,1,1,6,1
KR_6705907698,420,7,64,40,15,0,2,2,8,8,0,4,4,0,2,4,2,1,1,0,0,19,9,5,2,7,0,0,3,1,1,1,1,3,1
KR_6757124550,420,3,39,10,12,3,5,2,-1,2,3,6,6,0,1,2,1,3,3,0,0,14,-3,4,4,8,5,0,1,1,1,1,1,2,1
KR_6696386228,420,-3,-41,-4,-3,-5,0,5,2,2,0,1,2,1,-3,2,5,2,2,0,0,2,10,5,2,7,0,0,1,1,1,1,1,2,1
KR_6750767859,420,0,42,8,0,0,3,3,5,6,1,-2,2,4,-1,2,3,-2,0,2,0,0,3,4,6,10,-1,0,0,-1,1,0,1,4,1
KR_6748709395,420,-1,-6,-3,-9,-1,0,1,-3,0,3,0,2,2,-5,2,7,0,1,1,-1,-14,2,1,3,4,-8,0,0,-1,0,0,-1,1,1
KR_6689986692,440,3,58,47,4,2,4,2,-3,1,4,2,3,1,1,3,2,2,3,1,0,-4,19,-3,5,2,1,0,1,-1,0,1,-1,6,1
KR_6739226455,420,5,103,20,12,2,3,1,10,12,2,1,3,2,0,2,2,-1,0,1,0,11,26,2,3,5,-1,0,1,1,1,1,-1,2,1
KR_6762584240,420,4,28,4,5,1,3,2,6,8,2,-2,3,5,-1,2,3,1,1,0,3,12,-3,-4,10,6,1,0,1,0,1,1,1,0,1
KR_6732896476,420,3,41,17,9,-1,3,4,-1,3,4,7,7,0,3,5,2,1,1,0,2,4,-4,0,5,5,0,0,0,1,1,-1,1,4,1
KR_6749976524,420,0,-19,-24,3,8,8,0,-2,0,2,-1,1,2,-3,4,7,1,1,0,-1,1,-16,-3,7,4,-5,0,-1,-1,-1,-1,-1,4,1
KR_6701373075,420,0,38,10,-3,1,2,1,-3,0,3,1,4,3,0,2,2,-2,0,2,0,-7,24,4,3,7,2,0,1,1,1,1,1,4,1
KR_6745821326,420,2,47,19,5,4,5,1,1,3,2,-3,2,5,2,4,2,1,2,1,0,-4,1,1,2,3,0,0,2,1,-1,1,-1,2,1
KR_6735766174,420,3,21,2,7,0,3,3,0,2,2,1,1,0,1,3,2,5,5,0,0,4,7,1,4,5,3,0,0,-1,1,0,1,1,1
KR_6738411807,420,-1,15,-6,4,2,3,1,1,2,1,-4,1,5,5,6,1,0,0,0,1,2,-6,-1,3,2,0,0,1,1,-1,1,1,4,1
KR_6762522180,420,-2,-57,-19,9,2,2,0,1,2,1,5,5,0,1,3,2,0,1,1,0,17,-4,5,5,10,-1,0,0,-1,-1,-1,-1,2,1
KR_6546133190,420,-1,-42,-20,-1,-1,1,2,-3,0,3,0,2,2,3,3,0,0,0,0,-1,-3,11,5,1,6,0,0,0,1,1,1,-1,2,1
KR_6615852570,420,2,63,17,12,6,6,0,-2,6,8,2,3,1,5,6,1,1,2,1,0,7,-23,-3,6,3,2,0,1,1,1,1,1,5,1
KR_6761114730,420,3,-7,13,6,1,1,0,2,3,1,3,5,2,0,1,1,0,0,0,0,4,8,2,4,6,-2,0,0,1,1,1,-1,3,1
KR_6751360958,420,4,83,35,3,1,3,2,2,2,0,2,2,0,-1,0,1,-1,1,2,0,5,1,-1,4,3,3,0,0,1,1,0,1,3,1
KR_6555563592,440,-1,-55,-4,5,-2,2,4,2,4,2,0,2,2,3,4,1,2,4,2,0,15,-5,2,1,3,2,0,1,1,1,1,1,3,1
KR_6733427486,420,3,-1,37,13,-1,2,3,-2,0,2,4,4,0,4,7,3,8,9,1,0,15,20,4,2,6,2,0,1,1,1,1,1,2,1
KR_6713441708,420,7,57,26,13,0,1,1,2,2,0,3,3,0,7,8,1,1,2,1,0,11,8,1,2,3,-2,0,2,1,1,1,1,5,1
KR_6617541902,420,0,-35,-22,4,-2,1,3,-2,2,4,9,9,0,-1,1,2,0,0,0,1,7,0,1,7,8,10,0,0,1,1,0,1,1,1
KR_6634387240,420,1,24,0,3,1,2,1,4,5,1,-2,2,4,1,3,2,-1,1,2,0,2,-4,5,3,8,-3,0,0,1,1,0,-1,3,1
KR_6650814464,420,1,-52,15,6,0,2,2,2,3,1,-4,0,4,3,4,1,5,5,0,0,20,5,0,6,6,5,0,0,0,1,1,1,0,1
KR_6634048033,420,0,-10,28,-1,2,3,1,-1,6,7,-4,1,5,1,2,1,1,2,1,0,-4,-25,-2,5,3,2,0,0,1,-1,-1,1,3,1
KR_6761452555,420,-1,30,-16,0,0,2,2,6,6,0,-5,1,6,1,5,4,-2,1,3,0,-1,-4,-3,6,3,2,0,1,0,1,1,1,0,1
KR_6762198124,420,2,28,-1,-4,2,3,1,3,7,4,-2,3,5,-5,1,6,-2,2,4,0,-7,-15,0,4,4,1,0,0,1,1,1,1,6,1
KR_6699201706,420,2,58,0,12,0,1,1,8,8,0,1,1,0,3,3,0,0,0,0,0,11,-104,2,3,5,2,0,2,-1,1,1,1,1,1
KR_6698258898,420,-4,-62,-8,-1,-2,0,2,1,7,6,0,2,2,0,1,1,0,0,0,0,-1,-15,-7,7,0,4,0,-1,1,-1,-1,1,4,1
KR_6642778290,420,1,17,-12,1,0,2,2,7,7,0,-3,0,3,-3,0,3,0,0,0,0,5,31,-2,5,3,0,0,0,-1,-1,0,-1,4,1
KR_6762755894,420,10,73,44,18,3,3,0,-1,1,2,11,13,2,5,5,0,0,0,0,0,7,163,0,5,5,2,0,4,1,1,1,1,6,1
KR_6737794687,420,1,1,-4,3,4,6,2,0,2,2,-2,0,2,1,3,2,0,2,2,1,0,-5,1,7,8,4,0,0,-1,-1,0,1,3,1
KR_6619680317,420,5,33,9,13,0,2,2,1,1,0,2,3,1,6,6,0,4,5,1,0,17,1,-1,8,7,5,0,1,1,1,1,1,6,1
KR_6701834251,420,3,43,26,1,1,1,0,2,4,2,0,4,4,-1,6,7,-1,0,1,0,3,-4,-1,5,4,0,0,1,0,0,1,1,0,1
KR_6678093244,420,-4,-7,-20,-6,1,3,2,-3,1,4,-2,1,3,-2,3,5,0,0,0,0,-9,3,6,4,10,-3,0,0,1,-1,0,1,4,1
KR_6743696851,420,1,-15,-15,8,0,1,1,0,3,3,2,3,1,7,8,1,-1,1,2,0,7,324,3,1,4,3,0,1,-1,1,1,-1,3,1
KR_6762716962,420,5,65,-6,6,0,2,2,3,6,3,-1,3,4,3,3,0,1,1,0,-1,15,-7,-2,6,4,-2,0,0,1,-1,0,-1,5,1
KR_6764942176,440,1,-30,-9,-8,-1,2,3,-2,2,4,-3,2,5,-2,1,3,0,4,4,0,-13,10,1,2,3,0,0,0,0,-1,-1,-1,0,1
KR_6687437972,420,2,24,32,7,-1,2,3,5,5,0,-1,5,6,1,3,2,3,3,0,1,10,6,1,4,5,1,0,1,-1,1,1,1,3,1
KR_6523072856,420,-6,33,20,-9,-4,1,5,-6,2,8,2,3,1,-1,2,3,0,1,1,2,0,47,1,3,4,-20,0,-1,0,1,-1,1,0,1
KR_6070527382,420,2,-36,19,1,-1,2,3,2,4,2,2,4,2,0,1,1,-2,1,3,0,5,-1,-2,9,7,3,0,0,1,-1,-1,-1,1,1
KR_6696932514,420,-4,-5,-25,-7,-3,1,4,1,5,4,-3,0,3,0,1,1,-2,2,4,0,-12,3,0,6,6,3,0,0,-1,0,0,1,2,1
KR_6761409794,420,0,29,-18,5,4,4,0,-3,4,7,3,4,1,-1,2,3,2,3,1,2,12,-318,-7,9,2,4,0,1,1,1,1,1,2,1
KR_6760129260,420,-1,-33,10,4,-2,1,3,0,2,2,0,1,1,5,8,3,1,1,0,0,5,3,0,3,3,-4,0,1,1,1,1,-1,3,1
KR_6718031537,420,0,-31,-14,1,1,6,5,1,4,3,-1,3,4,-1,2,3,1,3,2,0,12,5,-2,6,4,5,0,-1,1,-1,-1,-1,4,1
KR_6572656982,420,2,-13,1,-3,1,3,2,2,4,2,-3,1,4,-2,5,7,-1,0,1,0,-3,232,-2,4,2,1,0,1,1,1,1,-1,3,1
KR_6536863093,420,5,73,29,11,2,3,1,-1,1,2,4,5,1,4,7,3,2,3,1,0,7,13,1,4,5,5,0,3,-1,1,1,1,4,1
KR_6759978349,420,2,95,-12,9,5,6,1,1,3,2,0,3,3,2,3,1,1,2,1,0,8,15,0,3,3,1,0,1,0,1,1,1,0,1
KR_6738568535,420,5,107,24,15,2,3,1,5,5,0,1,2,1,6,7,1,1,1,0,0,13,5,4,5,9,4,0,1,1,-1,1,1,5,1
KR_6645329680,420,2,21,-12,4,1,1,0,-2,0,2,2,5,3,1,2,1,2,2,0,0,10,3,3,3,6,1,0,0,1,-1,-1,-1,6,1
KR_6740376662,420,3,44,18,8,-1,1,2,2,4,2,3,4,1,0,2,2,4,4,0,0,10,24,0,7,7,1,0,1,1,-1,1,-1,5,1
KR_6762979827,420,2,49,-11,9,7,8,1,-4,1,5,-2,0,2,1,3,2,7,9,2,0,8,-13,-2,8,6,7,0,2,1,1,1,1,3,1
KR_6734465144,420,3,21,0,4,3,3,0,0,3,3,-3,2,5,2,3,1,2,2,0,0,2,11,1,5,6,2,0,0,1,1,0,-1,6,1
KR_6757630433,420,-1,-64,1,4,-3,1,4,8,8,0,-2,2,4,3,3,0,-2,0,2,0,5,-230,-5,7,2,3,0,2,1,-1,1,-1,1,1
KR_6652069298,420,1,11,-18,1,-1,0,1,-3,0,3,-1,1,2,3,4,1,3,3,0,0,3,12,2,1,3,-2,0,2,1,-1,1,-1,5,1
KR_6682931730,420,0,-29,-12,6,-6,0,6,5,6,1,5,6,1,2,6,4,0,2,2,0,20,34,-2,8,6,-1,0,-1,0,1,-1,1,0,1
KR_6703374486,420,5,55,12,9,2,3,1,-1,1,2,1,2,1,5,6,1,2,3,1,0,11,2,2,3,5,0,0,3,-1,0,1,-1,4,1
KR_6721365263,420,0,-62,8,-3,-1,5,6,0,0,0,-1,1,2,-3,1,4,2,3,1,0,-1,23,2,7,9,-1,0,0,-1,1,1,-1,1,1
KR_6756437950,420,2,26,20,1,1,6,5,0,2,2,1,5,4,0,4,4,-1,0,1,0,3,12,0,3,3,-4,0,0,1,1,1,1,6,1
KR_6430195134,440,-2,-47,-20,-1,-4,0,4,-2,2,4,5,8,3,0,2,2,0,1,1,0,-7,20,3,5,8,-1,0,-1,-1,-1,-1,1,5,1
KR_6762267738,420,1,1,7,10,8,8,0,1,2,1,4,5,1,-1,0,1,-2,1,3,0,6,-9,-1,6,5,3,0,0,0,1,1,1,0,1
KR_6734509426,420,0,15,-10,7,-1,1,2,3,6,3,-3,2,5,5,5,0,3,5,2,0,10,44,-1,4,3,-1,0,0,1,-1,1,1,1,1
KR_6762249822,420,-1,10,-24,-2,0,2,2,-5,1,6,-2,1,3,5,5,0,0,0,0,0,-5,-9,-5,6,1,0,0,0,1,0,0,1,1,1
KR_6688427350,440,7,47,27,15,2,3,1,4,7,3,8,9,1,0,2,2,1,2,1,0,19,-150,3,3,6,2,0,1,1,1,1,1,5,1
KR_6735247124,420,3,-15,15,5,0,1,1,-2,4,6,0,1,1,7,7,0,0,0,0,0,11,46,3,3,6,-5,0,0,1,1,0,1,5,1
KR_6762039730,420,2,107,11,7,5,6,1,1,2,1,1,2,1,2,2,0,-2,0,2,-1,0,-2,-2,7,5,-1,0,1,1,-1,1,-1,6,1
KR_6653576378,420,1,46,-20,1,2,2,0,-2,2,4,2,4,2,-1,3,4,0,1,1,0,2,2,-1,8,7,0,0,0,-1,-1,-1,-1,1,1
KR_6757981736,420,3,21,13,2,-1,1,2,5,9,4,-1,2,3,0,0,0,-1,0,1,0,6,40,1,7,8,0,0,0,1,1,0,1,1,1
KR_6763831098,420,0,19,44,-6,-2,4,6,-3,1,4,1,4,3,1,6,5,-3,0,3,1,-10,-5,0,5,5,-1,0,-1,1,-1,-1,1,1,1
KR_6688481725,420,-3,-2,-28,-3,1,3,2,1,2,1,0,3,3,-1,2,3,-4,0,4,0,-4,-194,2,6,8,0,0,0,-1,-1,-1,1,2,1
KR_6714942180,440,7,80,13,17,3,4,1,1,1,0,4,5,1,1,6,5,8,8,0,2,15,-3,-4,6,2,1,0,2,1,1,1,1,5,1
KR_6717818328,420,1,47,30,7,-4,0,4,4,7,3,5,6,1,2,2,0,0,2,2,0,3,-6,2,6,8,8,0,0,1,-1,-1,1,6,1
KR_6761751911,420,1,33,-15,4,0,1,1,0,6,6,4,6,2,-2,3,5,2,2,0,-1,6,3,0,8,8,-2,0,1,1,1,1,-1,5,1
KR_6470937499,440,6,87,24,11,1,3,2,2,5,3,1,4,3,5,6,1,2,2,0,0,10,5,0,5,5,-1,0,2,0,1,1,1,0,1
KR_6761847262,420,-2,-36,7,-2,-1,2,3,1,5,4,0,2,2,-2,2,4,0,1,1,-1,-6,-3,1,6,7,-1,0,-1,1,1,-1,-1,6,1
KR_6669160257,420,-3,33,-17,-3,3,4,1,-2,2,4,-1,0,1,-3,2,5,0,1,1,-1,-4,1,-3,8,5,-5,0,1,-1,1,1,-1,5,1
KR_6652365767,420,2,20,0,6,1,3,2,-2,2,4,1,4,3,4,5,1,2,2,0,0,12,-5,-4,7,3,-1,0,2,1,-1,1,1,1,1
KR_6726742814,420,2,12,23,1,5,6,1,1,2,1,0,3,3,-7,3,10,2,3,1,-2,-5,-4,-1,4,3,-5,0,-1,-1,-1,1,-1,4,1
KR_6742817127,420,-4,-18,-17,-3,-2,0,2,-2,2,4,-1,3,4,2,5,3,0,1,1,0,-5,19,1,4,5,1,0,0,-1,-1,-1,1,1,1
KR_6764204981,420,0,-13,7,0,1,2,1,0,2,2,-3,2,5,0,3,3,2,4,2,-1,-10,23,-2,6,4,-2,0,0,1,-1,-1,-1,1,1
KR_6760436630,420,5,112,24,15,7,7,0,0,0,0,2,3,1,7,8,1,-1,0,1,0,8,12,3,2,5,-3,0,4,1,1,1,1,2,1
KR_6750210806,420,2,-5,-8,4,3,4,1,1,2,1,0,3,3,2,3,1,-2,2,4,0,-3,366,3,1,4,-3,0,1,1,-1,1,1,3,1
KR_6715572872,420,1,1,10,-4,-1,2,3,0,5,5,3,3,0,-4,1,5,-2,1,3,0,-3,-392,1,5,6,0,0,-1,-1,1,-1,1,6,1
KR_6750265690,420,0,18,28,2,-5,0,5,1,2,1,4,6,2,2,3,1,0,1,1,0,12,-2,-3,7,4,5,0,0,-1,1,0,1,2,1
KR_6753609079,420,1,-15,-38,6,4,4,0,4,5,1,0,2,2,-1,0,1,-1,0,1,0,5,-25,4,4,8,-3,0,0,-1,1,0,-1,6,1
KR_6761167475,420,-1,30,7,-4,-1,0,1,-3,1,4,2,3,1,-2,1,3,0,0,0,0,1,5,0,4,4,-2,0,1,1,1,1,-1,3,1
KR_6713596303,420,4,-4,33,4,-4,0,4,6,6,0,3,5,2,0,2,2,-1,0,1,0,1,6,3,6,9,3,0,1,1,1,1,1,1,1
KR_6762874721,420,1,-46,9,1,5,5,0,-3,2,5,-1,3,4,0,3,3,0,1,1,0,-5,-106,-1,4,3,-4,0,-1,1,1,-1,1,6,1
KR_6643273605,420,1,-8,8,6,1,1,0,3,7,4,2,3,1,-3,1,4,3,3,0,-1,5,12,1,8,9,2,0,0,1,1,0,-1,3,1
KR_6740251726,420,-2,21,-13,-3,-2,0,2,-2,2,4,0,1,1,-2,0,2,3,3,0,0,-3,0,-3,8,5,1,0,0,-1,1,1,-1,2,1
KR_6694226407,420,4,24,-11,10,3,4,1,2,4,2,3,4,1,2,3,1,0,2,2,0,13,8,2,4,6,0,0,1,1,-1,1,-1,3,1
KR_6691063687,420,-3,-92,-12,-2,0,2,2,0,6,6,1,2,1,-4,1,5,1,1,0,0,-10,3,-2,9,7,-3,0,0,-1,1,0,-1,3,1
KR_6700121077,420,1,40,-4,0,0,1,1,0,2,2,-4,1,5,1,3,2,3,3,0,0,-2,-30,-1,6,5,2,0,1,1,1,1,1,5,1
KR_6760846293,420,1,10,4,5,1,3,2,4,5,1,-1,3,4,5,8,3,-4,0,4,0,2,-3,0,6,6,-5,0,0,-1,-1,1,-1,6,1
KR_6754029396,420,3,13,16,5,2,5,3,0,1,1,6,6,0,-5,3,8,2,2,0,0,2,-283,-2,7,5,-1,0,0,1,-1,-1,1,4,1
KR_6748540738,420,7,58,51,13,3,3,0,4,6,2,-3,1,4,8,12,4,1,1,0,0,12,10,3,2,5,-3,0,2,1,1,1,1,4,1
KR_6595008876,420,-2,-13,-10,-5,-2,1,3,-6,1,7,1,5,4,2,4,2,0,0,0,0,-9,-5,1,4,5,1,0,-1,-1,-1,-1,-1,6,1
KR_6645851826,420,-2,-15,24,1,-2,1,3,-4,0,4,6,7,1,2,4,2,-1,1,2,0,-1,-94,6,2,8,0,0,-1,1,-1,-1,-1,1,1
KR_6759812497,420,3,94,3,7,5,5,0,-1,1,2,1,2,1,-3,1,4,5,5,0,1,-2,-3,0,3,3,1,0,3,1,-1,1,1,6,1
KR_6624640997,420,-2,14,-25,-7,-1,2,3,0,1,1,0,2,2,-4,1,5,-2,0,2,-2,-10,7,2,6,8,-4,0,-1,-1,1,-1,-1,5,1
KR_6757086702,440,4,52,-12,7,2,2,0,2,2,0,7,10,3,-5,2,7,1,1,0,1,14,2,0,2,2,3,0,0,1,-1,1,1,2,1
KR_6750859380,420,2,42,32,3,-1,2,3,3,6,3,-3,2,5,4,4,0,0,0,0,0,8,7,-2,6,4,4,0,2,1,-1,1,1,5,1
KR_6626490155,420,3,41,25,1,3,4,1,-1,1,2,-1,3,4,-2,2,4,2,3,1,1,-7,9,0,5,5,-5,0,2,-1,1,1,1,5,1
KR_6747677404,420,0,-16,16,-1,-1,0,1,-1,5,6,0,4,4,2,6,4,-1,0,1,0,3,0,0,5,5,-4,0,0,1,-1,0,-1,3,1
KR_6765512411,420,-1,-50,33,-1,-5,1,6,1,3,2,1,2,1,0,1,1,2,2,0,0,-3,27,6,2,8,3,0,-1,1,-1,-1,-1,2,1
KR_6741874625,440,3,40,23,3,-2,3,5,4,6,2,-5,2,7,2,3,1,4,4,0,0,7,5,-5,8,3,-4,0,2,-1,1,1,1,6,1
KR_6316706864,420,4,5,8,6,-4,1,5,6,6,0,3,4,1,2,2,0,-1,0,1,0,17,-4,-6,10,4,5,0,1,-1,-1,1,-1,2,1
KR_6734516222,420,-1,36,-8,1,-3,2,5,6,6,0,-4,3,7,0,2,2,2,2,0,-3,10,26,-1,7,6,-6,0,-1,-1,-1,-1,1,1,1
KR_6736571113,420,-1,13,-5,2,-2,0,2,3,6,3,-3,0,3,2,5,3,2,7,5,2,8,-4,-4,8,4,0,0,1,-1,1,1,1,6,1
KR_6692213983,420,-1,55,52,-4,1,2,1,-3,3,6,0,2,2,-6,2,8,4,6,2,0,-15,5,3,3,6,-5,0,0,1,1,1,-1,1,1
KR_6762212380,420,2,9,21,1,1,3,2,2,4,2,-1,0,1,-1,2,3,0,1,1,0,7,-6,-4,6,2,1,0,0,1,-1,-1,1,6,1
KR_6760470940,420,3,-6,4,5,-2,2,4,1,2,1,3,3,0,2,2,0,1,1,0,0,6,3,0,6,6,2,0,0,-1,-1,0,-1,4,1
KR_6764409026,420,2,47,24,-2,1,1,0,0,3,3,-5,0,5,1,2,1,1,1,0,0,-6,5,-2,5,3,2,0,1,1,1,1,-1,1,1
KR_6696877224,420,0,39,0,-3,0,1,1,-4,0,4,-2,1,3,3,4,1,0,2,2,0,1,16,-1,6,5,-4,0,0,1,1,0,-1,2,1
KR_6738454960,440,2,-12,33,2,-4,1,5,0,5,5,4,5,1,1,6,5,1,1,0,0,0,10,0,4,4,-2,0,1,1,1,1,-1,3,1
KR_6752169339,420,-1,-15,8,-6,-4,1,5,3,4,1,-2,2,4,-1,2,3,-2,1,3,0,-8,-22,-5,7,2,2,0,-2,1,-1,-1,-1,3,1
KR_6743861173,420,6,15,12,9,-2,0,2,3,6,3,2,2,0,4,8,4,2,3,1,0,5,64,-1,6,5,-21,0,1,1,1,1,1,4,1
KR_6719534341,420,5,47,24,7,1,2,1,-3,2,5,4,5,1,5,8,3,0,1,1,0,0,2,1,7,8,-1,0,2,1,1,1,1,3,1
KR_6691677183,420,3,-34,12,3,2,3,1,-1,1,2,-1,2,3,3,7,4,0,1,1,0,2,-21,-1,8,7,-4,0,-1,1,-1,-1,-1,4,1
KR_6681831273,440,-5,-9,-24,-5,0,2,2,-1,1,2,0,1,1,-2,3,5,-2,0,2,0,-3,2,2,5,7,3,0,-1,-1,-1,-1,-1,4,1
KR_6683120966,440,1,79,36,-2,0,6,6,-1,1,2,4,4,0,-3,2,5,-2,0,2,0,-14,-49,-5,8,3,2,0,1,-1,1,1,1,4,1
KR_6764199033,420,3,-14,20,10,0,1,1,2,4,2,-2,4,6,1,3,2,9,9,0,2,11,10,2,7,9,1,0,1,1,1,1,1,4,1
KR_6617569297,420,4,28,-10,7,5,6,1,-2,2,4,-1,1,2,4,4,0,1,2,1,0,4,-1,3,2,5,-3,0,1,-1,1,1,1,4,1
KR_6749406365,440,1,63,16,6,3,4,1,3,3,0,-2,2,4,2,5,3,0,1,1,0,7,4,0,3,3,-4,0,0,1,-1,0,-1,6,1
KR_6654828884,420,0,-45,-9,1,2,3,1,-1,6,7,-1,1,2,1,5,4,0,2,2,-1,-5,-6,-1,5,4,1,0,-1,1,1,-1,-1,4,1
KR_6714735667,420,3,85,6,13,4,6,2,3,7,4,2,3,1,4,4,0,0,0,0,0,7,242,-4,6,2,1,0,2,1,1,1,1,4,1
KR_6764831845,420,2,54,28,2,-1,1,2,-1,1,2,3,4,1,-1,1,2,2,3,1,0,-1,5,5,5,10,4,0,0,0,-1,0,1,0,1
KR_6438751721,420,-1,38,-17,0,-1,0,1,-4,4,8,4,4,0,0,1,1,1,2,1,0,-4,-34,-2,10,8,-3,0,1,-1,1,1,1,4,1
KR_6738317852,420,1,36,-3,2,1,1,0,3,6,3,-2,0,2,0,1,1,0,1,1,0,-1,6,2,5,7,0,0,2,1,1,1,1,2,1
KR_6758793462,420,2,-25,27,4,-1,0,1,4,5,1,0,0,0,2,2,0,-1,0,1,0,6,29,2,5,7,-26,0,-1,-1,1,-1,1,3,1
KR_6688598366,420,1,36,4,2,-2,2,4,-5,1,6,8,11,3,3,5,2,-2,1,3,0,7,-14,1,4,5,0,0,-1,0,-1,-1,1,0,1
KR_6765354756,420,4,48,0,11,3,3,0,2,3,1,3,5,2,1,2,1,2,3,1,0,14,46,4,3,7,-13,0,5,-1,1,1,1,3,1
KR_6758458161,420,3,-29,5,3,-5,0,5,1,4,3,4,4,0,4,5,1,-1,0,1,0,4,-16,0,6,6,-1,0,0,1,1,1,1,3,1
KR_6654571005,440,7,150,26,8,2,2,0,0,1,1,-2,1,3,7,8,1,1,1,0,0,9,74,-1,7,6,5,0,2,0,0,1,1,0,1
KR_6763008191,420,2,6,9,3,-1,1,2,5,5,0,-3,2,5,2,5,3,0,0,0,0,4,-5,-3,7,4,0,0,1,1,1,1,-1,4,1
KR_6642015040,420,0,-17,0,4,2,2,0,-2,3,5,-3,1,4,4,5,1,3,4,1,0,4,10,6,5,11,0,0,1,0,1,1,-1,0,1
KR_6662977711,420,-1,-6,0,3,1,1,0,0,2,2,0,3,3,2,5,3,0,3,3,-1,12,-4,-5,12,7,3,0,0,1,-1,-1,-1,5,1
KR_6761518229,420,2,-24,2,3,-4,1,5,1,2,1,4,4,0,3,6,3,-1,0,1,-2,3,-4,-2,6,4,5,0,0,-1,1,0,-1,3,1
KR_6723904064,420,6,89,57,10,-1,2,3,5,5,0,5,5,0,-1,2,3,2,2,0,0,9,-10,1,4,5,2,0,2,1,1,1,-1,4,1
KR_6751831004,420,0,5,-12,-6,0,1,1,-2,2,4,-4,1,5,1,2,1,-1,1,2,0,-11,7,0,2,2,2,0,0,1,1,0,-1,1,1
KR_6724731856,440,0,73,4,-3,3,3,0,3,5,2,0,2,2,-2,1,3,-7,1,8,0,1,-7,3,5,8,-2,0,1,-1,1,1,-1,2,1
KR_6759971190,440,2,5,8,4,-2,1,3,-1,4,5,0,3,3,1,2,1,6,6,0,0,8,20,-3,8,5,3,0,2,1,0,1,1,1,1
KR_6756638173,440,3,35,18,9,-1,3,4,3,6,3,3,3,0,2,4,2,2,2,0,0,14,2,-2,3,1,2,0,1,0,1,1,1,0,1
KR_6742735288,420,0,-10,0,-3,-4,0,4,1,3,2,2,3,1,2,3,1,-4,1,5,0,-1,0,2,7,9,3,0,0,-1,-1,0,-1,1,1
KR_6751851017,420,4,102,-4,10,2,3,1,-2,3,5,1,1,0,6,6,0,3,3,0,0,12,-38,5,2,7,3,0,1,-1,1,1,1,5,1
KR_6570042452,420,6,-12,16,14,2,5,3,2,4,2,3,3,0,3,6,3,4,4,0,0,12,-137,3,4,7,-3,0,2,1,1,-1,1,4,1
KR_6699348849,420,1,5,21,2,-4,1,5,-3,1,4,4,4,0,4,5,1,1,1,0,1,6,1,2,7,9,3,0,1,1,1,1,1,1,1
KR_6751078536,420,5,28,10,17,1,1,0,2,2,0,0,2,2,13,14,1,1,2,1,0,15,6,6,0,6,0,0,2,1,1,1,-1,5,1
KR_6751515056,420,3,18,9,2,2,3,1,0,2,2,-3,2,5,0,6,6,3,4,1,-1,-3,45,-1,7,6,-1,0,1,-1,1,1,-1,4,1
KR_6677714124,420,2,-5,12,5,-1,1,2,1,3,2,4,5,1,2,5,3,-1,0,1,0,4,13,3,4,7,0,0,1,1,1,1,1,3,1
KR_6763204814,420,2,14,24,4,0,1,1,0,1,1,5,7,2,-2,3,5,1,1,0,0,4,-5,-6,9,3,4,0,1,1,1,1,-1,3,1
KR_6755656662,440,4,32,12,11,-1,1,2,3,7,4,10,14,4,-2,0,2,1,2,1,-1,11,-35,-7,10,3,0,0,1,-1,1,1,-1,5,1
KR_6633387259,420,1,-75,-15,6,0,0,0,0,2,2,2,4,2,2,3,1,2,3,1,0,6,-45,4,2,6,42,0,-1,1,1,-1,1,4,1
KR_6752490144,420,-2,-17,-16,1,2,2,0,2,4,2,0,1,1,-2,1,3,-1,0,1,0,2,-24,-6,8,2,3,0,0,1,1,0,1,3,1
KR_6754064460,440,-4,-54,-5,-15,-5,2,7,-5,1,6,-2,0,2,-1,7,8,-2,1,3,0,-11,-416,-1,1,0,0,0,-3,0,-1,-1,-1,0,1
KR_6763140740,420,3,36,-16,4,4,4,0,1,4,3,-2,3,5,-1,0,1,2,2,0,0,3,3,1,9,10,6,0,1,-1,-1,1,1,6,1
KR_6538507825,440,0,-83,48,7,-1,2,3,8,10,2,-1,3,4,-1,5,6,2,3,1,-1,3,3,2,2,4,4,0,0,1,-1,0,-1,4,1
KR_6748972434,420,-3,13,-8,-3,1,2,1,2,4,2,-3,3,6,-4,5,9,1,3,2,0,3,50,4,3,7,-13,0,0,1,-1,1,-1,2,1
KR_6674675074,420,4,11,44,5,3,3,0,-1,6,7,5,5,0,-2,1,3,0,0,0,0,-3,4,-2,9,7,6,0,0,1,-1,0,1,5,1
KR_6715008480,420,1,27,36,1,0,1,1,2,3,1,-1,1,2,-1,1,2,1,1,0,0,-6,-44,1,3,4,-1,0,1,-1,1,1,1,5,1
KR_6764205361,420,0,28,9,5,-3,0,3,-2,1,3,2,3,1,5,6,1,3,3,0,0,8,1,-1,4,3,4,0,0,1,-1,1,1,2,1
KR_6743609207,420,-2,18,-24,2,-3,1,4,-3,2,5,1,3,2,7,8,1,0,2,2,0,8,-14,-1,4,3,6,0,0,1,-1,-1,-1,4,1
KR_6743345131,440,2,-32,0,5,2,2,0,4,7,3,0,3,3,-1,3,4,0,0,0,0,1,-12,1,6,7,4,0,2,-1,1,1,1,1,1
KR_6752701650,420,3,56,24,-2,-4,2,6,2,5,3,-1,2,3,0,3,3,1,1,0,-1,-5,-20,-5,9,4,2,0,0,1,1,-1,-1,1,1
KR_6747871184,420,2,15,17,2,1,4,3,2,3,1,1,2,1,-2,0,2,0,0,0,0,3,-5,4,4,8,-1,0,0,0,1,0,-1,0,1
KR_6624541678,420,5,50,42,5,-2,2,4,5,6,1,2,4,2,0,3,3,0,1,1,0,2,-114,-3,7,4,3,0,1,1,-1,-1,1,5,1
KR_6630100497,420,3,59,28,-1,1,2,1,0,2,2,-1,1,2,2,3,1,-3,0,3,0,-8,-3,0,4,4,1,0,0,-1,1,0,-1,1,1
KR_6548152841,420,4,88,-1,7,4,4,0,-1,4,5,-2,0,2,5,5,0,1,1,0,0,9,8,4,3,7,-3,0,1,1,-1,1,1,3,1
KR_6762828799,420,4,59,-4,11,1,2,1,3,4,1,0,2,2,8,10,2,-1,2,3,0,10,-2,2,4,6,4,0,1,1,-1,1,1,2,1
KR_6743804856,420,7,27,48,15,2,3,1,3,5,2,1,1,0,5,5,0,4,4,0,0,13,-5,2,8,10,3,0,1,1,1,1,1,2,1
KR_6729255021,420,3,-22,12,10,3,5,2,6,7,1,-3,1,4,6,9,3,-2,0,2,0,9,6,-2,8,6,-1,0,0,1,-1,1,1,6,1
KR_6717948865,420,-1,34,-20,-1,3,4,1,3,3,0,-4,0,4,0,1,1,-3,0,3,0,3,39,3,9,12,-3,0,0,1,-1,0,-1,2,1
KR_6758997094,420,-2,-10,32,1,-2,0,2,2,4,2,1,3,2,-1,4,5,1,3,2,0,2,2,2,4,6,-1,0,-1,1,-1,1,-1,5,1
KR_6760840849,420,1,3,5,4,0,2,2,0,2,2,-2,0,2,4,5,1,2,4,2,0,5,-15,1,4,5,0,0,0,0,1,1,1,0,1
KR_6758264125,440,2,10,-13,4,3,3,0,-1,2,3,-1,2,3,1,2,1,2,5,3,1,4,-21,1,4,5,2,0,1,1,1,1,1,1,1
KR_6638151457,420,0,-3,-8,-1,-1,2,3,1,1,0,2,4,2,0,2,2,-3,1,4,1,-2,9,5,5,10,-2,0,0,-1,1,0,-1,2,1
KR_6732775853,420,3,24,24,2,1,1,0,-1,3,4,0,1,1,2,6,4,0,1,1,0,0,6,3,3,6,1,0,0,-1,1,0,1,1,1
KR_6763175516,420,-1,32,12,-7,1,3,2,4,4,0,-4,0,4,-5,1,6,-3,0,3,0,-16,2,3,3,6,-3,0,1,-1,1,1,-1,4,1
KR_6760126921,420,0,-6,24,0,-2,1,3,4,4,0,-1,2,3,0,1,1,-1,0,1,0,6,-5,-3,6,3,6,0,0,1,-1,0,1,3,1
KR_6690900045,420,1,37,-4,-2,-1,0,1,0,1,1,2,3,1,-2,3,5,-1,1,2,0,-5,0,0,8,8,-1,0,0,1,-1,0,-1,5,1
KR_6764713177,420,1,38,0,-5,0,0,0,-1,6,7,-4,0,4,-3,4,7,3,3,0,1,-6,9,4,3,7,-1,0,0,1,-1,0,-1,2,1
KR_6744648905,420,4,-17,24,15,-4,2,6,7,7,0,5,5,0,7,8,1,0,1,1,0,20,26,-1,6,5,-2,0,1,1,1,1,1,2,1
KR_6755837997,420,-2,5,2,1,0,0,0,-5,1,6,4,5,1,2,5,3,0,1,1,0,7,2,3,5,8,0,0,0,1,-1,-1,1,5,1
KR_6734912289,420,1,111,50,6,0,2,2,6,8,2,-1,3,4,-1,1,2,2,3,1,0,3,1,-1,5,4,4,0,1,1,1,1,1,6,1
KR_6692791653,420,1,28,-4,13,-4,1,5,6,8,2,6,6,0,4,5,1,1,2,1,3,19,19,5,4,9,-4,0,1,1,1,1,1,3,1
KR_6757744253,420,1,4,16,-5,-3,0,3,-2,1,3,0,2,2,0,1,1,0,1,1,-1,-1,5,-1,6,5,3,0,0,-1,-1,0,-1,5,1
KR_6683318973,440,1,48,-13,4,0,0,0,-2,0,2,-2,5,7,2,4,2,6,8,2,0,0,5,4,4,8,-3,0,0,-1,-1,-1,1,5,1
KR_6765090997,420,3,13,24,9,3,3,0,5,6,1,6,7,1,-4,2,6,-1,1,2,0,12,8,3,1,4,1,0,1,1,1,1,-1,3,1
KR_6518280595,420,2,62,-13,7,-1,1,2,4,4,0,1,2,1,4,5,1,-1,1,2,0,13,-6,0,5,5,7,0,0,-1,-1,0,-1,3,1
KR_6753801862,420,6,91,33,15,-3,0,3,5,5,0,8,9,1,6,6,0,-1,1,2,0,13,-43,3,2,5,-12,0,3,1,1,1,1,3,1
KR_6763292455,440,3,-72,30,9,3,3,0,7,7,0,-1,2,3,1,1,0,-1,1,2,0,9,-8,3,5,8,-5,0,2,1,1,1,1,5,1
KR_6682348054,420,2,20,-4,9,0,1,1,1,1,0,1,4,3,6,9,3,1,2,1,0,10,110,4,2,6,0,0,-1,1,-1,-1,1,3,1
KR_6760930229,440,-1,9,-8,-7,-2,1,3,-2,3,5,0,1,1,-8,1,9,5,7,2,-2,-11,7,4,2,6,-7,0,-1,-1,-1,-1,-1,4,1
KR_6728050931,420,1,19,-38,13,-4,0,4,4,8,4,4,6,2,5,7,2,4,5,1,-1,10,10,5,3,8,2,0,1,1,1,1,-1,5,1
KR_6723173008,420,4,-10,28,11,0,2,2,3,6,3,5,7,2,3,4,1,0,0,0,0,14,4,-2,5,3,4,0,1,1,1,1,-1,1,1
KR_6744222508,420,4,67,4,5,1,1,0,1,3,2,5,6,1,-2,1,3,0,0,0,0,0,28,1,4,5,-26,0,1,-1,-1,1,-1,4,1
KR_6744292483,420,-2,-6,24,-2,-2,1,3,-1,2,3,2,2,0,-1,3,4,0,0,0,0,0,-24,1,6,7,26,0,0,1,1,-1,-1,2,1
KR_6472390732,420,5,66,29,10,-2,2,4,6,8,2,-2,0,2,6,7,1,2,2,0,0,7,5,3,6,9,2,0,0,1,-1,1,-1,5,1
KR_6761852419,420,2,7,16,5,1,2,1,-1,1,2,-1,1,2,2,4,2,4,4,0,0,2,-33,5,4,9,-1,0,1,1,1,1,1,5,1
KR_6527214680,420,0,48,-23,4,2,2,0,0,2,2,-1,2,3,1,4,3,2,3,1,0,11,-11,-1,8,7,5,0,1,-1,-1,1,1,4,1
KR_6629010931,420,0,13,16,5,2,2,0,-4,3,7,7,8,1,1,3,2,-1,0,1,0,-2,-115,-3,6,3,4,0,0,-1,-1,0,1,6,1
KR_6757039588,420,4,37,11,10,-2,3,5,5,7,2,2,2,0,2,3,1,3,4,1,0,12,22,4,3,7,-4,0,2,-1,1,1,1,2,1
KR_6695803155,420,1,34,23,7,1,1,0,5,6,1,-2,2,4,3,5,2,0,0,0,0,6,173,10,2,12,-5,0,2,1,-1,1,-1,6,1
KR_6646326400,420,2,33,59,2,-1,0,1,3,6,3,1,1,0,-1,3,4,0,1,1,0,-2,42,1,5,6,-3,0,0,-1,1,0,-1,5,1
KR_6759821652,420,3,27,2,5,-6,0,6,3,3,0,6,10,4,2,3,1,0,0,0,0,3,19,-1,8,7,4,0,1,0,0,1,1,0,1
KR_6731283213,440,-1,25,-23,1,0,1,1,9,9,0,-7,1,8,-1,0,1,0,1,1,0,5,3,0,3,3,-5,0,0,0,0,0,-1,0,1
KR_6752783595,420,1,29,-17,0,2,5,3,3,6,3,0,4,4,0,4,4,-5,1,6,-1,-7,-20,1,3,4,-2,0,1,-1,1,1,-1,6,1
KR_6716101218,420,6,41,16,13,2,2,0,2,4,2,4,6,2,4,5,1,1,1,0,0,10,-4,6,0,6,3,0,1,1,1,1,1,4,1
KR_6759805934,420,-3,2,-36,-2,3,6,3,-1,2,3,-2,2,4,-1,1,2,-1,1,2,2,2,52,-1,6,5,-12,0,1,-1,1,1,1,3,1
KR_6709851556,420,1,-40,-4,1,3,4,1,-1,1,2,-3,2,5,1,3,2,1,2,1,0,7,-4,0,8,8,3,0,0,0,1,0,1,0,1
KR_6536998186,420,-1,6,-5,5,-1,1,2,-1,3,4,3,4,1,4,5,1,0,0,0,1,5,14,6,0,6,-2,0,1,1,-1,1,1,6,1
KR_6765339320,420,1,-14,4,3,-1,2,3,2,4,2,-2,1,3,4,4,0,0,0,0,1,4,0,1,5,6,3,0,0,0,0,-1,1,0,1
KR_6749676177,420,2,41,23,7,2,3,1,-4,3,7,5,8,3,6,7,1,-2,3,5,-1,-1,4,-2,7,5,2,0,2,1,1,1,-1,4,1
KR_6763980583,440,-2,-16,-40,-5,2,2,0,0,4,4,-11,0,11,4,5,1,0,1,1,-1,5,0,0,3,3,1,0,-3,1,-1,-1,-1,4,1
KR_6737099133,420,0,11,-1,-1,1,3,2,3,4,1,-3,0,3,-4,2,6,2,3,1,0,-4,-13,0,6,6,7,0,2,1,1,1,-1,4,1
KR_6752691454,420,5,38,12,5,1,2,1,-1,0,1,2,6,4,1,5,4,2,3,1,0,0,4,9,3,12,-6,0,2,1,1,1,-1,6,1
KR_6762693315,420,0,-11,-8,11,3,3,0,2,4,2,5,7,2,0,2,2,1,2,1,0,7,15,3,3,6,-3,0,0,1,1,1,1,2,1
KR_6732735029,420,5,108,32,3,2,2,0,-4,0,4,0,1,1,4,6,2,1,1,0,1,5,-3,3,3,6,0,0,3,1,-1,1,1,3,1
KR_6750353206,420,2,-9,-12,5,2,4,2,0,1,1,3,4,1,1,2,1,-1,0,1,0,3,11,0,3,3,-1,0,1,1,1,1,1,1,1
KR_6666380649,420,1,-6,9,6,2,3,1,-2,2,4,6,6,0,0,1,1,0,1,1,0,4,-6,1,3,4,4,0,0,0,0,0,1,0,1
KR_6764206216,420,0,-58,-7,-5,-2,3,5,-4,0,4,0,4,4,1,4,3,0,0,0,0,3,-37,2,4,6,15,0,-2,0,-1,-1,-1,0,1
KR_6759601220,420,4,4,6,10,1,3,2,9,10,1,-2,2,4,2,2,0,0,1,1,0,10,2,5,2,7,-4,0,2,0,1,1,1,0,1
KR_6746355096,420,1,23,-4,-1,2,2,0,0,4,4,2,3,1,-5,0,5,0,0,0,1,3,111,1,6,7,8,0,1,1,-1,1,1,2,1
KR_6763775403,440,1,22,-20,-3,1,2,1,-1,2,3,-3,3,6,3,4,1,-3,0,3,0,4,18,4,3,7,-1,0,0,1,-1,-1,-1,5,1
KR_6735867306,420,1,22,-3,4,-1,3,4,-2,2,4,2,3,1,5,7,2,0,1,1,0,7,1,-1,5,4,1,0,0,1,1,-1,1,2,1
KR_6650159963,420,2,56,-12,7,-4,0,4,-1,0,1,1,2,1,11,12,1,0,0,0,0,8,-4,-4,9,5,3,0,1,1,1,1,1,6,1
KR_6674953867,420,1,-53,-8,6,-1,0,1,0,5,5,3,3,0,3,3,0,1,1,0,1,7,4,0,4,4,-2,0,1,1,1,1,1,1,1
KR_6755821880,420,3,18,-16,7,1,1,0,3,4,1,2,2,0,1,1,0,0,1,1,0,7,2,2,3,5,1,0,0,1,-1,0,1,4,1
KR_6616663491,420,2,6,13,3,2,3,1,-3,1,4,4,4,0,0,1,1,0,3,3,0,4,115,0,6,6,-1,0,0,1,0,0,-1,3,1
KR_6699328501,420,0,-6,-8,0,-3,2,5,-5,1,6,3,3,0,4,4,0,1,2,1,0,2,-21,-4,6,2,0,0,1,-1,1,1,1,3,1
KR_6747033115,420,5,56,22,13,2,3,1,3,5,2,-1,1,2,5,6,1,4,4,0,0,15,24,-5,12,7,1,0,0,1,-1,1,1,4,1
KR_6743770171,440,0,39,0,-6,1,2,1,-3,3,6,0,2,2,-1,5,6,-3,0,3,3,-8,-1,0,6,6,-3,0,0,1,0,1,1,5,1
KR_6753307308,420,-4,-82,-24,-7,-1,1,2,-4,3,7,2,4,2,0,2,2,-4,0,4,0,-4,10,0,4,4,-4,0,0,-1,1,-1,-1,3,1
KR_6700898893,420,4,13,15,9,1,1,0,1,2,1,1,2,1,6,9,3,0,1,1,0,14,-14,0,7,7,6,0,2,1,1,1,1,1,1
KR_6706438945,420,1,9,16,4,3,4,1,2,5,3,-1,0,1,0,1,1,0,0,0,0,9,4,2,2,4,-3,0,0,1,1,1,1,3,1
KR_6744488746,420,3,50,32,1,-1,1,2,3,5,2,-2,1,3,1,2,1,0,0,0,0,8,-2,-6,11,5,2,0,1,1,1,1,-1,1,1
KR_6747507583,420,0,15,12,9,-4,0,4,7,9,2,4,4,0,1,2,1,1,2,1,2,16,-173,1,7,8,-1,0,-2,1,-1,-1,1,1,1
KR_6689030947,420,0,23,-8,7,7,7,0,1,3,2,1,2,1,-4,1,5,2,3,1,0,4,-1,2,3,5,-6,0,1,-1,1,1,-1,3,1
KR_6764120286,420,-3,-33,-8,-9,-1,1,2,-1,0,1,-3,0,3,-4,1,5,0,1,1,0,-15,11,-2,7,5,-1,0,0,1,1,0,1,1,1
KR_6724743031,420,3,11,4,11,3,3,0,1,3,2,9,9,0,-3,0,3,1,1,0,0,4,-20,0,5,5,1,0,0,1,1,-1,1,2,1
KR_6749737738,420,4,88,18,9,2,5,3,0,3,3,6,6,0,-1,3,4,2,2,0,0,2,-168,1,2,3,1,0,4,1,1,1,1,3,1
KR_6763248833,420,3,46,24,-1,0,1,1,-1,2,3,1,3,2,-1,1,2,0,0,0,-1,-8,30,-3,6,3,-22,0,2,-1,1,1,-1,6,1
KR_6728205192,420,4,-6,-18,9,1,1,0,1,5,4,4,5,1,2,4,2,1,1,0,1,6,7,3,1,4,-2,0,1,1,1,1,1,4,1
KR_6749991978,420,1,48,0,2,2,2,0,0,1,1,1,3,2,0,3,3,-1,1,2,0,-1,16,-4,9,5,-1,0,1,1,0,1,1,5,1
KR_6688517472,420,-1,-26,25,-2,-3,0,3,0,2,2,0,3,3,1,2,1,0,0,0,0,-3,1,-2,4,2,-1,0,0,0,-1,0,-1,0,1
KR_6763853315,420,5,98,3,6,3,4,1,-1,0,1,3,3,0,1,2,1,0,1,1,0,1,-20,-1,6,5,2,0,0,1,-1,0,-1,1,1
KR_6511963733,420,2,29,3,8,2,3,1,5,5,0,-2,1,3,1,3,2,2,2,0,1,16,-7,4,2,6,0,0,0,1,1,0,1,3,1
KR_6629867019,420,1,12,15,0,3,5,2,-2,2,4,-2,2,4,2,4,2,-1,1,2,0,-9,-28,1,3,4,1,0,2,0,0,-1,1,0,1
KR_6630740959,420,1,26,20,3,2,3,1,-5,3,8,2,5,3,-1,3,4,5,5,0,0,3,-245,0,6,6,4,0,0,1,-1,0,1,3,1
KR_6764635771,420,-2,-37,-2,-4,-3,1,4,-2,1,3,3,4,1,-3,1,4,1,1,0,0,-2,3,2,5,7,1,0,0,-1,1,0,1,6,1
KR_6630272261,420,2,33,-12,15,0,2,2,1,5,4,0,1,1,12,12,0,2,2,0,1,18,-11,3,4,7,3,0,3,1,1,1,1,5,1
KR_6498020842,420,3,46,20,9,6,6,0,-1,3,4,1,1,0,3,4,1,0,0,0,0,3,-25,0,5,5,3,0,1,0,1,1,1,0,1
KR_6726791287,420,2,16,-24,11,-1,1,2,5,6,1,1,1,0,4,4,0,2,2,0,0,20,3,2,6,8,-1,0,1,-1,-1,1,1,4,1
KR_6646724949,420,3,-38,30,4,-2,1,3,4,5,1,2,2,0,0,2,2,0,5,5,0,7,8,0,7,7,-7,0,1,1,1,1,-1,2,1
KR_6747263592,420,-1,38,-25,5,3,4,1,1,2,1,2,4,2,0,3,3,-1,0,1,0,9,8,0,4,4,-1,0,0,1,-1,-1,1,2,1
KR_6699855001,420,-1,-2,-14,3,5,6,1,3,6,3,-5,1,6,1,2,1,-1,1,2,0,4,8,0,4,4,-3,0,1,-1,-1,-1,-1,4,1
KR_6661463047,420,-1,-75,-9,-5,-1,2,3,2,3,1,2,8,6,-6,2,8,-2,1,3,1,8,-9,-4,5,1,5,0,-3,1,1,-1,-1,2,1
KR_6745737402,420,8,44,92,15,5,6,1,3,3,0,8,8,0,-3,0,3,2,3,1,1,14,4,1,5,6,4,0,2,1,1,1,1,1,1
KR_6679944246,420,3,59,33,11,1,3,2,2,4,2,3,3,0,5,7,2,0,1,1,2,17,41,1,4,5,-2,0,0,1,1,0,1,5,1
KR_6758639399,420,0,17,24,0,-1,2,3,3,10,7,1,1,0,-3,4,7,0,1,1,0,8,-3,-1,4,3,-3,0,-1,-1,-1,-1,1,3,1
KR_6759381922,440,8,22,64,15,8,8,0,2,4,2,-3,1,4,6,7,1,2,2,0,0,6,-14,-9,11,2,10,0,3,0,0,1,1,0,1
KR_6750660665,440,2,104,8,4,1,1,0,1,2,1,1,2,1,-1,0,1,2,2,0,0,2,5,2,4,6,1,0,0,1,1,1,1,6,1
KR_6762688070,420,-3,-15,-6,0,-1,3,4,2,3,1,1,2,1,-1,0,1,-1,1,2,0,-2,-12,1,5,6,4,0,0,1,1,0,1,1,1
KR_6480502272,420,-2,19,11,0,2,2,0,-1,1,2,-3,2,5,2,2,0,0,1,1,2,3,-10,-5,10,5,8,0,0,-1,1,1,1,3,1
KR_6751253470,440,0,-16,4,-6,0,3,3,0,3,3,1,3,2,-2,2,4,-5,0,5,0,-6,30,6,3,9,1,0,-1,1,1,-1,-1,5,1
KR_6690616562,440,5,65,28,11,3,4,1,3,6,3,1,1,0,-2,5,7,6,8,2,0,4,-3,-1,7,6,3,0,2,-1,-1,1,1,2,1
KR_6651613400,420,5,96,45,15,5,5,0,5,6,1,0,2,2,4,7,3,1,1,0,0,20,3,1,5,6,3,0,3,1,1,1,1,3,1
KR_6731845469,420,5,84,36,5,5,5,0,2,2,0,-1,1,2,1,2,1,-2,1,3,0,-3,-120,-2,9,7,1,0,1,1,1,1,-1,4,1
KR_6624692986,420,5,35,2,6,3,4,1,0,3,3,1,2,1,2,3,1,0,1,1,0,9,4,4,2,6,6,0,1,1,1,1,1,3,1
KR_6713795700,420,3,66,7,9,1,2,1,0,2,2,5,8,3,1,5,4,2,3,1,0,16,2,-2,5,3,3,0,4,1,1,1,1,3,1
KR_6762154894,420,-1,20,-9,-5,1,3,2,3,4,1,-1,0,1,-8,2,10,0,2,2,0,-9,-59,1,6,7,-3,0,-1,-1,1,-1,-1,3,1
KR_6729710883,420,2,-9,22,1,-2,1,3,5,6,1,-3,3,6,0,4,4,1,1,0,0,-6,19,1,5,6,-2,0,0,1,-1,0,-1,5,1
KR_6684678292,420,0,-2,24,3,3,5,2,-1,3,4,2,3,1,-3,3,6,2,2,0,0,7,0,-3,8,5,5,0,0,1,0,0,1,2,1
KR_6668713085,420,-1,-19,-4,0,6,9,3,-2,0,2,0,2,2,-4,3,7,0,0,0,0,2,74,0,8,8,7,0,-1,1,1,-1,-1,6,1
KR_6750434818,420,1,33,5,2,-2,2,4,0,1,1,-2,1,3,6,6,0,0,0,0,1,14,-10,1,3,4,5,0,1,-1,-1,1,1,2,1
KR_6762553148,420,1,-1,8,12,1,2,1,1,3,2,3,7,4,3,3,0,4,4,0,0,12,-6,-2,7,5,4,0,0,1,1,1,1,2,1
KR_6707460540,420,1,33,-57,6,0,0,0,3,7,4,-1,1,2,1,2,1,3,4,1,1,14,-21,2,8,10,-1,0,1,1,-1,1,1,1,1
KR_6761585583,420,6,61,33,12,2,3,1,2,7,5,1,3,2,6,6,0,1,1,0,0,9,-15,1,3,4,3,0,0,1,-1,1,1,5,1
KR_6699566146,420,8,147,9,10,7,7,0,2,3,1,1,1,0,0,3,3,0,3,3,0,7,4,1,4,5,-1,0,1,1,1,1,1,2,1
KR_6760218043,420,-4,-49,-18,-4,-2,0,2,0,3,3,-5,1,6,2,5,3,1,2,1,1,-3,2,-1,2,1,-1,0,0,1,1,1,1,1,1
KR_6749614391,420,4,-44,18,9,0,3,3,0,1,1,3,4,1,5,7,2,1,2,1,0,6,-16,4,1,5,5,0,2,1,1,1,-1,5,1
KR_6747180473,420,1,75,24,-4,-2,2,4,-3,0,3,4,4,0,-2,3,5,-1,0,1,0,-5,1,1,4,5,3,0,1,0,1,1,-1,0,1
KR_6582048559,420,0,-52,1,0,-3,0,3,4,5,1,0,1,1,-2,2,4,1,1,0,0,5,21,-1,6,5,1,0,-2,1,-1,-1,1,6,1
KR_6758717052,420,0,-25,0,-1,1,2,1,-4,1,5,3,4,1,-1,2,3,0,0,0,0,-1,-5,-2,5,3,-2,0,0,1,1,0,1,1,1
KR_6637599726,420,1,21,-21,-1,-2,0,2,3,4,1,1,1,0,-2,0,2,-1,0,1,0,0,22,2,0,2,-1,0,0,-1,1,0,1,3,1
KR_6711962966,420,2,-9,20,7,4,4,0,5,6,1,-2,2,4,0,1,1,0,1,1,-1,12,0,4,3,7,3,0,0,1,1,0,-1,5,1
KR_6617530291,420,1,-11,14,2,0,2,2,1,1,0,1,3,2,0,4,4,0,0,0,0,3,-120,1,4,5,-3,0,1,1,1,1,-1,2,1
KR_6732332072,420,1,27,-9,7,2,3,1,3,3,0,-3,1,4,3,3,0,2,2,0,0,10,-2,1,3,4,1,0,-1,1,-1,-1,-1,2,1
KR_6570701329,420,3,52,32,1,1,2,1,2,3,1,-2,3,5,-1,2,3,1,1,0,0,5,7,3,4,7,1,0,1,1,1,1,-1,3,1
KR_6698785253,420,6,44,35,15,3,3,0,5,6,1,4,5,1,3,7,4,0,1,1,0,15,3,2,2,4,-1,0,1,0,0,1,1,0,1
KR_6759888232,420,1,59,5,2,-3,1,4,0,2,2,6,7,1,-1,8,9,0,1,1,1,5,-14,1,5,6,5,0,1,-1,1,1,1,6,1
KR_6618104407,420,3,34,-6,6,5,5,0,3,3,0,1,2,1,1,1,0,-4,0,4,0,1,-45,0,7,7,9,0,1,1,1,1,1,4,1
KR_6764610271,420,-1,9,-7,-13,2,4,2,-4,0,4,-4,0,4,-4,1,5,-3,0,3,-4,-22,-27,1,4,5,3,0,0,-1,-1,-1,1,4,1
KR_6753099399,440,0,7,-11,0,1,2,1,-2,2,4,-1,1,2,1,4,3,1,1,0,1,3,4,2,3,5,1,0,0,1,-1,0,1,3,1
KR_6763010721,440,2,4,9,4,1,2,1,0,0,0,0,2,2,2,4,2,1,2,1,0,7,-22,-5,7,2,6,0,0,1,-1,0,1,3,1
KR_6763336017,420,0,-10,16,2,1,2,1,4,5,1,-3,2,5,-1,4,5,1,3,2,0,4,116,-1,6,5,4,0,-1,1,1,-1,1,6,1
KR_6763183709,420,5,23,36,10,2,3,1,1,1,0,2,3,1,4,6,2,1,1,0,1,16,7,0,7,7,0,0,2,1,1,1,1,6,1
KR_6749712141,420,7,102,30,16,7,8,1,0,2,2,5,5,0,2,2,0,2,2,0,0,10,-1,-2,8,6,4,0,3,1,1,1,1,5,1
KR_6732495521,420,0,2,-20,7,-1,1,2,2,4,2,2,5,3,2,4,2,2,2,0,0,13,3,1,6,7,0,0,1,1,-1,1,1,5,1
KR_6760681904,420,4,155,23,5,4,4,0,0,2,2,0,2,2,1,3,2,0,1,1,-1,-6,7,2,3,5,2,0,0,1,1,1,1,2,1
KR_6763961817,420,-7,-96,-49,-9,-1,0,1,-6,2,8,-1,1,2,-3,4,7,2,2,0,2,-4,-9,-6,9,3,-6,0,-2,-1,-1,-1,1,6,1
KR_6750216103,420,3,25,23,2,3,5,2,0,4,4,1,2,1,-2,2,4,0,2,2,0,-6,13,3,3,6,-2,0,1,-1,-1,1,1,2,1
KR_6697045661,420,0,-56,-11,-2,-7,1,8,2,3,1,0,2,2,3,3,0,0,2,2,0,7,0,0,3,3,1,0,-1,0,1,1,-1,0,1
KR_6755849089,420,2,51,-4,6,3,5,2,-3,1,4,5,6,1,2,2,0,-1,0,1,0,-2,36,-1,3,2,-9,0,2,1,1,1,-1,6,1
KR_6762912718,420,0,-31,-26,-2,0,2,2,-6,0,6,1,3,2,3,3,0,0,1,1,0,-3,123,-2,4,2,-1,0,0,1,0,0,-1,6,1
KR_6762541412,440,1,-8,9,1,4,4,0,2,4,2,-4,1,5,-2,2,4,1,1,0,0,-1,-4,-2,2,0,-1,0,-1,1,-1,-1,1,5,1
KR_6744105305,420,-1,-52,-16,-4,-1,0,1,-5,1,6,-1,1,2,3,3,0,0,2,2,-2,-1,-6,-5,10,5,2,0,1,-1,1,1,-1,1,1
KR_6620438504,420,12,154,35,25,6,6,0,3,4,1,3,5,2,13,13,0,0,2,2,0,19,12,3,1,4,0,0,5,1,1,1,1,2,1
KR_6711353966,420,3,39,24,10,-3,0,3,0,1,1,4,4,0,4,5,1,5,5,0,1,15,8,3,4,7,1,0,-1,1,-1,-1,1,4,1
KR_6738664017,420,0,2,-6,4,-2,0,2,4,7,3,5,5,0,-4,1,5,1,1,0,0,2,-9,0,4,4,-3,0,-1,-1,1,-1,-1,5,1
KR_6695183341,420,7,113,20,12,2,2,0,4,5,1,4,4,0,2,2,0,0,0,0,0,12,5,5,3,8,-2,0,1,1,1,1,1,6,1
KR_6751390969,420,3,87,38,3,8,8,0,-2,0,2,-4,1,5,2,3,1,-1,0,1,0,-1,4,0,4,4,2,0,2,-1,1,1,-1,5,1
KR_6654240709,420,3,-10,7,4,-2,1,3,1,2,1,5,6,1,-2,0,2,2,2,0,0,3,6,-2,9,7,0,0,1,1,1,1,1,1,1
KR_6734516204,440,-1,-33,11,-4,-6,0,6,2,3,1,-1,2,3,1,3,2,0,0,0,0,2,7,1,5,6,0,0,0,0,-1,1,1,0,1
KR_6750074880,420,-1,25,4,4,0,2,2,1,3,2,-1,1,2,5,8,3,-1,3,4,1,-1,-4,0,6,6,6,0,1,-1,-1,1,1,1,1
KR_6635272183,420,2,-20,32,-4,5,5,0,-2,0,2,-1,2,3,-4,1,5,-2,0,2,0,-13,30,-7,7,0,1,0,0,1,-1,-1,1,6,1
KR_6726664944,420,1,-38,47,5,5,7,2,1,3,2,0,3,3,-1,1,2,0,2,2,0,0,-3,-1,4,3,4,0,0,1,1,0,1,6,1
KR_6760656085,420,-1,-2,26,-10,0,1,1,-2,2,4,-1,3,4,-7,0,7,0,1,1,0,-8,-40,-3,5,2,21,0,0,1,-1,-1,-1,4,1
KR_5752366031,420,-1,-46,12,3,0,1,1,3,7,4,0,3,3,0,2,2,0,1,1,3,7,-68,-1,8,7,6,0,0,1,-1,-1,1,5,1
KR_6765027433,420,0,-40,28,1,0,3,3,1,2,1,-2,3,5,1,3,2,1,1,0,0,10,-3,-1,4,3,0,0,-1,1,-1,-1,1,5,1
KR_6755822455,420,2,19,9,7,-1,1,2,4,5,1,1,4,3,3,3,0,0,2,2,-1,10,14,-1,6,5,1,0,0,1,0,-1,-1,4,1
KR_6333714816,420,5,95,-33,11,1,3,2,4,7,3,3,7,4,0,3,3,3,3,0,0,5,-162,1,4,5,3,0,1,-1,0,1,1,1,1
KR_6745339493,440,6,6,24,10,-1,1,2,6,8,2,1,1,0,1,3,2,3,4,1,0,15,2,1,4,5,-2,0,0,1,-1,1,1,5,1
KR_6741915236,420,4,5,0,11,4,4,0,1,3,2,4,6,2,3,4,1,-1,0,1,-1,10,-4,-1,8,7,8,0,0,-1,-1,1,-1,4,1
KR_6758054844,420,5,69,28,13,3,4,1,1,4,3,3,4,1,6,6,0,0,1,1,0,5,11,-4,6,2,3,0,3,1,1,1,1,1,1
KR_6746386840,440,4,111,6,8,1,3,2,-6,1,7,9,10,1,4,6,2,0,0,0,0,3,-235,4,1,5,-1,0,1,-1,-1,1,1,3,1
KR_6718606224,420,0,51,-6,-1,1,2,1,-1,2,3,-4,2,6,2,3,1,1,1,0,0,0,6,1,3,4,3,0,-1,-1,1,1,1,5,1
KR_6762116595,420,1,28,20,-3,-2,2,4,-2,2,4,-5,2,7,0,3,3,6,6,0,-2,-16,39,-4,7,3,-21,0,2,-1,1,1,-1,3,1
KR_6756063521,440,0,74,-10,-3,1,2,1,6,9,3,-3,1,4,0,1,1,-7,1,8,-1,1,41,-1,5,4,3,0,0,-1,1,-1,-1,3,1
KR_6747868886,420,0,27,-24,-3,-1,0,1,-2,1,3,-4,1,5,2,4,2,2,3,1,0,-1,21,-1,7,6,1,0,0,-1,-1,0,1,2,1
KR_6735792166,420,3,41,-1,2,-1,1,2,0,2,2,0,1,1,3,5,2,0,1,1,0,5,-7,-6,7,1,10,0,0,-1,1,0,1,2,1
KR_6753839678,420,3,7,4,6,1,1,0,3,5,2,1,2,1,1,3,2,0,1,1,0,14,-8,-4,11,7,0,0,0,1,1,0,-1,6,1
KR_6761794455,420,4,70,8,3,-5,1,6,1,2,1,4,4,0,2,2,0,1,1,0,-1,8,6,1,4,5,2,0,1,0,-1,-1,-1,0,1
KR_6624653104,420,1,-2,5,4,-3,1,4,2,3,1,2,4,2,2,3,1,1,1,0,0,6,-2,1,5,6,7,0,1,1,1,1,1,3,1
KR_6699509321,420,3,26,12,6,3,3,0,0,1,1,-1,1,2,6,6,0,-2,2,4,0,3,9,6,4,10,-2,0,1,1,1,1,1,5,1
KR_6713986528,420,9,83,35,21,3,3,0,10,10,0,1,4,3,8,9,1,-1,0,1,0,20,-5,-2,5,3,3,0,1,0,1,1,-1,0,1
KR_6759876795,440,1,13,-16,5,-2,0,2,0,1,1,3,6,3,-1,1,2,5,5,0,0,4,14,-5,5,0,1,0,2,-1,1,1,1,2,1
KR_6688129888,420,1,17,16,4,1,1,0,1,3,2,4,7,3,-1,2,3,-1,1,2,1,6,4,-2,7,5,-1,0,0,-1,1,0,1,2,1
KR_6760380593,420,0,22,-4,-1,0,2,2,-2,3,5,0,1,1,3,4,1,-2,2,4,-1,3,5,4,4,8,1,0,0,1,0,0,-1,4,1
KR_6608172636,420,1,35,5,10,0,1,1,0,1,1,5,9,4,6,9,3,-1,1,2,0,18,16,2,6,8,6,0,0,1,1,0,1,3,1
KR_6706043649,420,1,-24,14,-4,-2,1,3,-1,2,3,-1,1,2,-2,2,4,2,3,1,0,-2,10,0,7,7,-4,0,-1,1,-1,-1,1,6,1
KR_6752714552,420,-2,21,-16,0,-1,0,1,3,3,0,0,7,7,-1,4,5,-1,1,2,0,-6,-2,-5,9,4,2,0,1,1,1,1,1,2,1
KR_6754569184,420,-2,27,-12,8,1,2,1,-3,1,4,0,0,0,7,7,0,3,4,1,0,12,11,3,3,6,2,0,1,1,1,1,1,1,1
KR_6762537700,420,7,129,4,10,1,3,2,2,3,1,3,4,1,3,4,1,1,3,2,1,-1,-110,-1,4,3,2,0,2,-1,-1,1,1,3,1
KR_6667765790,420,5,81,-39,18,1,3,2,4,8,4,3,3,0,11,11,0,-1,0,1,1,19,12,2,2,4,-4,1,2,1,1,1,1,5,1
KR_6753743385,420,6,85,30,10,5,7,2,1,4,3,4,5,1,1,3,2,-1,1,2,0,7,23,6,3,9,-2,0,1,1,0,1,1,4,1
KR_6762632304,420,1,57,-16,0,-3,0,3,0,3,3,1,2,1,1,1,0,1,1,0,-2,4,5,-1,5,4,0,0,0,1,-1,1,-1,1,1
KR_6687412835,420,6,122,35,9,0,0,0,0,6,6,8,8,0,4,9,5,-3,3,6,-1,-3,-118,-2,6,4,9,0,3,1,1,1,-1,1,1
KR_6699027189,420,1,4,0,1,-2,0,2,2,4,2,1,1,0,0,2,2,0,0,0,0,4,29,0,6,6,-4,0,0,1,0,0,-1,3,1
KR_6751003572,440,6,83,0,10,8,8,0,3,4,1,-3,3,6,3,4,1,-1,1,2,0,6,-1,-2,7,5,0,0,3,-1,1,1,1,3,1
KR_6761603129,420,4,91,10,4,2,4,2,2,2,0,-2,0,2,1,2,1,1,1,0,0,3,14,-5,8,3,-1,0,0,-1,-1,1,1,1,1
KR_6660565684,420,-1,3,-4,0,-3,1,4,1,4,3,0,0,0,1,1,0,1,2,1,-1,2,15,0,6,6,4,0,-1,1,-1,-1,-1,2,1
KR_6755503258,420,-3,-74,15,5,-1,1,2,2,4,2,4,5,1,2,5,3,-2,0,2,3,3,9,2,4,6,-1,0,0,-1,1,-1,1,5,1
KR_6758969633,420,1,5,15,4,-4,0,4,-2,3,5,3,6,3,6,7,1,1,1,0,0,11,23,-8,11,3,0,0,0,1,-1,1,1,3,1
KR_6753783706,420,3,36,17,8,1,5,4,0,1,1,-1,1,2,4,6,2,4,6,2,0,3,-253,6,3,9,1,0,0,1,1,0,1,6,1
KR_6713463186,420,-1,5,-14,-3,5,5,0,-8,1,9,1,4,3,0,1,1,-1,3,4,-1,-9,4,-2,8,6,6,0,1,-1,1,1,-1,6,1
KR_6760728473,420,0,22,-11,0,-2,1,3,-2,0,2,2,4,2,2,3,1,0,0,0,0,0,-59,-4,9,5,11,0,0,1,-1,0,1,1,1
KR_6748759077,420,0,-71,24,2,-3,1,4,1,2,1,-1,2,3,6,7,1,-1,1,2,-1,6,21,-3,6,3,-1,0,1,1,1,1,-1,3,1
KR_6760327324,440,2,40,9,-2,1,3,2,3,4,1,-1,2,3,-7,2,9,2,2,0,0,-4,-7,0,3,3,2,0,2,0,-1,1,1,0,1
KR_6759348234,420,2,0,12,3,-5,1,6,4,6,2,-2,1,3,-3,0,3,9,9,0,4,17,3,1,2,3,2,0,-1,1,-1,-1,1,5,1
KR_6759013789,420,-2,-32,12,-5,-3,0,3,4,6,2,-5,2,7,-6,0,6,5,5,0,0,0,53,2,5,7,-18,0,0,0,1,0,-1,0,1
KR_6742883631,420,2,-15,15,7,-2,0,2,6,7,1,0,0,0,2,2,0,1,2,1,0,8,-2,2,5,7,3,0,1,1,-1,1,1,2,1
KR_6747139098,420,-3,-67,0,-1,1,4,3,0,3,3,0,1,1,-2,3,5,0,0,0,0,6,0,1,5,6,-1,0,1,-1,1,1,-1,1,1
KR_6730578693,420,6,69,68,9,1,2,1,4,6,2,0,3,3,3,3,0,1,1,0,1,9,4,4,2,6,-2,0,1,1,1,1,1,6,1
KR_6763516687,440,1,-22,21,7,2,2,0,0,2,2,7,7,0,0,2,2,-2,0,2,0,8,-3,0,4,4,-4,0,-1,1,-1,-1,1,6,1
KR_6761270294,420,2,-7,12,7,0,1,1,-4,2,6,2,4,2,5,7,2,4,4,0,0,-1,26,3,5,8,4,0,1,1,1,1,-1,1,1
KR_6698015661,420,1,35,23,2,3,5,2,4,6,2,1,4,3,-5,2,7,-1,1,2,1,5,-38,-2,8,6,7,0,1,0,0,1,1,0,1
KR_6755648635,440,-3,-86,-20,-4,-6,1,7,7,12,5,-3,1,4,-1,3,4,-1,1,2,-1,-2,-120,4,2,6,-1,0,-3,0,-1,-1,-1,0,1
KR_6761661807,440,0,49,4,-2,0,2,2,-1,0,1,-6,0,6,5,5,0,0,0,0,0,-4,2,-3,5,2,-2,0,1,0,0,1,1,0,1
KR_6752963321,420,4,3,52,6,0,1,1,6,6,0,1,2,1,0,4,4,-1,0,1,0,5,13,-3,8,5,6,0,0,1,1,0,1,3,1
KR_6762950178,420,3,-26,45,4,3,5,2,0,1,1,-1,0,1,2,2,0,0,0,0,0,3,274,-6,10,4,-2,0,1,1,1,1,1,1,1
KR_6692366693,420,6,75,28,19,3,4,1,3,3,0,-1,3,4,13,13,0,1,1,0,2,21,-4,0,3,3,3,0,2,1,1,1,1,4,1
KR_6762446469,420,0,-3,-3,-3,1,3,2,0,1,1,-2,0,2,-2,1,3,0,1,1,0,0,-37,2,5,7,27,0,1,1,-1,1,1,1,1
KR_6331471287,420,0,-4,8,0,2,5,3,-2,1,3,2,2,0,-2,1,3,0,1,1,0,-3,3,8,2,10,2,0,0,1,0,-1,-1,5,1
KR_6744184653,420,2,54,6,6,1,4,3,-1,0,1,-4,1,5,4,5,1,6,7,1,0,5,-33,-2,9,7,23,0,-1,1,0,-1,1,2,1
KR_6764789431,420,4,6,12,10,5,6,1,-1,3,4,-1,0,1,5,6,1,2,2,0,1,8,-6,-4,5,1,-2,0,1,0,0,1,1,0,1
KR_6494606340,420,3,74,37,11,3,3,0,9,10,1,2,4,2,-1,1,2,-2,0,2,0,5,-19,-1,5,4,-4,0,2,1,1,1,-1,4,1
KR_6629923167,420,-1,-15,4,1,-1,0,1,3,6,3,3,3,0,-4,2,6,0,0,0,0,-3,-10,-2,5,3,7,0,0,-1,1,1,1,2,1
KR_6760066148,440,-2,-42,-12,-4,0,1,1,-1,1,2,-1,1,2,-2,0,2,0,1,1,0,1,0,0,2,2,0,0,0,-1,1,0,-1,2,1
KR_6579814209,420,3,48,-4,6,0,1,1,-1,3,4,1,2,1,4,5,1,2,4,2,0,4,69,5,3,8,4,0,0,-1,-1,1,1,5,1
KR_6752517190,420,-1,-33,52,-6,-2,1,3,-3,0,3,-3,1,4,3,3,0,-1,1,2,0,-6,-7,1,3,4,0,0,0,1,1,1,1,2,1
KR_6695097468,420,-3,-21,-33,-13,-1,2,3,-3,3,6,1,2,1,-10,3,13,0,0,0,0,-11,5,2,6,8,-4,0,0,-1,-1,0,-1,3,1
KR_6675513630,420,2,22,-13,5,3,5,2,-5,0,5,3,4,1,3,3,0,1,2,1,0,3,16,-2,8,6,3,0,0,1,1,0,-1,4,1
KR_6761734951,420,5,51,38,17,2,3,1,-2,1,3,2,2,0,9,10,1,6,6,0,1,15,-111,1,3,4,-2,0,1,1,-1,1,1,1,1
KR_6763869780,420,7,126,19,10,4,4,0,4,6,2,4,4,0,-3,0,3,1,1,0,0,6,8,3,4,7,2,0,2,1,-1,1,1,6,1
KR_6651869507,420,2,73,-3,8,-1,1,2,2,3,1,5,6,1,1,1,0,1,1,0,0,14,8,0,7,7,0,0,1,1,1,1,-1,1,1
KR_6759933785,420,5,39,10,6,0,3,3,2,3,1,6,7,1,-1,2,3,-1,0,1,-2,-1,-1,5,6,11,6,0,1,-1,1,1,-1,4,1
KR_6764699363,420,-2,-5,-16,-5,-5,0,5,0,1,1,0,1,1,2,8,6,-2,0,2,0,-1,14,3,5,8,-2,0,-1,-1,-1,-1,1,2,1
KR_6742920170,420,5,88,26,11,1,1,0,4,4,0,5,5,0,2,5,3,-1,0,1,0,12,10,1,7,8,6,0,3,-1,1,1,1,2,1
KR_6666922657,420,1,-15,-8,0,-3,1,4,2,5,3,2,5,3,-1,4,5,0,1,1,2,17,4,-1,6,5,-2,0,0,1,-1,1,1,2,1
KR_6609128711,420,3,59,13,7,2,2,0,1,6,5,3,5,2,0,2,2,1,3,2,0,7,-9,-3,10,7,8,0,0,1,-1,0,1,4,1
KR_6730659861,420,0,-1,30,2,0,1,1,4,5,1,3,4,1,-5,0,5,0,0,0,0,-2,-2,1,1,2,-1,0,0,1,1,0,1,3,1
KR_6696862580,420,-1,-26,-36,0,1,1,0,0,2,2,-1,3,4,-1,1,2,1,1,0,-1,-4,-6,-3,11,8,-1,0,1,-1,-1,1,-1,3,1
KR_6751268612,420,-2,-23,7,-6,0,2,2,-1,2,3,-1,2,3,-2,3,5,-2,0,2,0,-8,-10,-5,11,6,7,0,-1,1,-1,-1,1,5,1
KR_6371179164,420,-1,-73,-5,7,1,1,0,7,9,2,5,7,2,-2,2,4,-4,0,4,1,6,0,0,0,0,1,0,0,1,1,0,1,3,1
KR_6760490516,420,-1,-76,11,-9,-5,0,5,3,6,3,-2,3,5,-6,2,8,1,1,0,-2,-7,-7,-7,11,4,-2,0,0,0,-1,-1,-1,0,1
KR_6752129743,440,4,18,27,17,4,5,1,3,4,1,1,3,2,9,9,0,0,2,2,-1,17,-26,4,1,5,8,0,1,1,1,1,-1,4,1
KR_6682460347,420,-1,-5,16,-7,0,1,1,1,4,3,-3,1,4,-7,4,11,2,2,0,-1,-20,14,0,6,6,-7,0,0,-1,-1,0,-1,1,1
KR_6762769924,420,2,4,24,3,2,3,1,0,3,3,1,5,4,-2,1,3,2,4,2,-1,6,1,-1,6,5,2,0,-1,1,-1,-1,-1,6,1
KR_6757569613,420,1,-12,4,11,3,4,1,4,5,1,-1,1,2,-3,2,5,8,8,0,0,6,-15,3,2,5,0,0,2,0,1,1,1,0,1
KR_6755425811,420,3,-16,20,-2,2,3,1,-2,2,4,-2,1,3,-1,6,7,1,2,1,0,3,20,-1,4,3,0,0,0,1,-1,-1,1,1,1
KR_6764148606,420,-2,7,-32,-8,-2,1,3,0,5,5,-6,1,7,0,3,3,0,0,0,0,3,-5,-3,4,1,-3,0,0,-1,1,0,-1,3,1
KR_6760565298,420,0,27,8,0,-1,1,2,3,6,3,-1,2,3,0,4,4,-1,1,2,-1,4,-4,3,1,4,4,0,-1,1,1,-1,1,1,1
KR_6731678061,420,-2,4,-15,1,6,6,0,0,1,1,-4,0,4,1,5,4,-2,0,2,0,-5,5,1,4,5,-1,0,2,-1,1,1,1,3,1
KR_6655419167,440,1,-15,11,3,-1,2,3,4,4,0,4,5,1,-6,1,7,2,2,0,1,11,-3,-10,11,1,4,0,0,1,-1,-1,-1,6,1
KR_6752647608,420,3,116,18,7,6,8,2,1,2,1,3,4,1,-2,1,3,-1,0,1,0,-2,-25,-2,6,4,5,0,1,1,1,1,1,2,1
KR_6755636133,420,2,27,5,4,-4,1,5,1,3,2,4,6,2,2,4,2,1,1,0,0,2,31,0,6,6,2,0,1,0,1,1,-1,0,1
KR_6749117369,440,1,2,16,5,1,4,3,3,4,1,-1,3,4,1,1,0,1,1,0,0,10,1,1,4,5,6,0,1,1,1,1,-1,5,1
KR_6763143542,440,3,72,7,1,2,2,0,5,5,0,-6,1,7,0,0,0,0,1,1,0,0,22,2,4,6,-1,0,-1,-1,1,-1,1,1,1
KR_6397754110,440,7,176,24,24,0,0,0,0,1,1,4,4,0,5,5,0,15,17,2,1,28,8,5,2,7,1,0,2,0,1,1,1,0,1
KR_6654764840,420,5,70,9,14,0,1,1,4,4,0,2,4,2,10,10,0,-2,1,3,0,10,1,3,3,6,0,0,0,0,1,1,-1,0,1
KR_6694525052,420,2,27,20,6,4,4,0,2,3,1,2,2,0,-1,3,4,-1,1,2,0,-1,0,0,4,4,-5,0,0,0,1,1,1,0,1
KR_6700799592,420,2,20,8,6,4,5,1,-5,1,6,1,3,2,6,6,0,0,0,0,0,-1,5,5,4,9,-7,0,1,1,1,1,1,6,1
KR_6764352680,420,2,30,16,7,1,3,2,3,7,4,-3,2,5,6,9,3,0,2,2,0,11,16,3,5,8,2,0,1,-1,1,1,1,6,1
KR_6700915663,420,-1,-55,-4,-3,3,3,0,-2,1,3,-1,2,3,-2,0,2,-1,0,1,0,0,-5,0,4,4,-1,0,0,-1,1,-1,-1,2,1
KR_6758606056,420,4,-20,21,13,2,3,1,4,6,2,0,4,4,8,9,1,-1,1,2,0,10,1,2,2,4,2,0,0,1,1,-1,1,4,1
KR_6571232615,420,1,50,-14,16,5,6,1,2,10,8,1,4,3,3,6,3,5,5,0,4,14,8,0,3,3,0,0,2,1,-1,1,1,2,1
KR_6759945892,420,-1,-16,-3,0,1,1,0,-3,4,7,-2,1,3,5,6,1,-1,0,1,0,0,11,1,3,4,1,0,0,-1,1,1,1,5,1
KR_6482822998,420,0,35,8,0,4,4,0,-3,2,5,-2,0,2,2,3,1,-1,0,1,0,-1,3,3,3,6,-1,0,1,1,1,1,-1,3,1
KR_6743706423,440,-2,-24,-7,-2,2,2,0,-2,0,2,0,1,1,-1,0,1,-1,0,1,0,-6,-9,1,4,5,2,0,0,-1,1,-1,-1,3,1
KR_6760782239,420,3,25,37,-1,-3,5,8,1,2,1,1,3,2,-1,3,4,1,2,1,0,-3,-1,-1,3,2,-2,0,0,-1,-1,0,-1,2,1
KR_6754820398,420,-1,-21,-8,-1,3,3,0,1,1,0,-2,3,5,-3,3,6,0,1,1,0,-3,1,6,4,10,0,0,0,-1,-1,0,-1,3,1
KR_6764083312,420,0,-27,29,-1,5,6,1,3,3,0,-3,3,6,-5,1,6,-1,1,2,1,-2,-4,-1,7,6,0,0,1,0,1,1,1,0,1
KR_6698136804,420,-2,44,22,-7,-2,2,4,-2,0,2,-2,2,4,-1,2,3,0,0,0,1,-11,-51,3,4,7,-1,0,0,-1,1,1,1,2,1
KR_6744509766,420,4,99,57,10,-1,1,2,-1,2,3,1,2,1,7,8,1,4,6,2,0,1,43,2,1,3,1,0,1,1,-1,1,1,4,1
KR_6741457640,440,0,-74,8,8,1,3,2,2,5,3,0,1,1,-1,2,3,6,6,0,0,9,19,0,5,5,2,0,1,-1,-1,1,1,2,1
KR_6512328529,420,6,57,50,9,2,4,2,4,5,1,2,3,1,-2,2,4,3,3,0,1,11,0,2,6,8,1,0,1,1,-1,1,1,6,1
KR_6738217817,420,4,51,35,4,1,1,0,6,6,0,0,2,2,-1,4,5,-2,1,3,0,5,45,5,3,8,-35,0,1,1,1,1,1,6,1
KR_6700755476,420,2,6,-5,6,-4,0,4,1,3,2,1,4,3,6,8,2,2,3,1,0,12,1,2,5,7,5,0,1,1,1,-1,-1,5,1
KR_6760490624,420,0,24,0,3,1,1,0,-1,0,1,5,5,0,-1,7,8,-1,0,1,0,2,4,0,3,3,-1,0,0,1,-1,-1,-1,3,1
KR_6761575067,420,-1,-62,12,5,1,1,0,0,4,4,5,7,2,1,4,3,-2,1,3,0,3,13,1,5,6,-4,0,0,1,-1,0,1,4,1
KR_6747361489,420,-1,2,-24,-7,0,2,2,-2,1,3,-5,2,7,-5,1,6,5,5,0,0,-1,9,1,4,5,-1,0,0,-1,1,-1,-1,4,1
KR_6755495886,440,1,54,-19,9,4,4,0,-1,1,2,7,7,0,0,2,2,-1,1,2,1,9,-3,5,0,5,-4,0,-1,1,0,1,1,1,1
KR_6765151100,420,0,-7,-16,1,-2,1,3,-1,1,2,2,3,1,2,2,0,0,0,0,0,6,-2,1,6,7,5,0,0,1,0,0,-1,4,1
KR_6687317968,420,3,15,24,8,-1,4,5,8,10,2,2,5,3,-1,2,3,0,2,2,0,7,14,8,3,11,-6,0,1,1,1,1,1,1,1
KR_6696461402,420,2,-16,17,5,0,1,1,0,5,5,0,2,2,5,6,1,0,1,1,0,13,62,0,5,5,0,0,0,-1,1,1,-1,5,1
KR_6700263329,420,0,35,-26,-2,-1,1,2,-3,4,7,-5,1,6,8,10,2,-1,0,1,-2,-1,-35,-2,6,4,4,0,0,1,-1,0,-1,4,1
KR_6702284397,420,5,108,25,12,2,2,0,1,7,6,8,8,0,1,2,1,0,0,0,2,5,-2,-3,5,2,-2,0,1,1,-1,1,1,2,1
KR_6760009332,420,2,38,26,5,1,2,1,2,6,4,0,1,1,5,5,0,-3,1,4,0,8,9,5,1,6,-3,0,2,1,1,1,1,5,1
KR_6691245004,420,6,132,13,8,2,4,2,1,3,2,5,8,3,-2,2,4,2,2,0,1,3,5,2,2,4,5,0,4,1,1,1,1,2,1
KR_6538584805,440,-2,45,11,-6,-3,2,5,-1,0,1,-2,0,2,-2,3,5,2,2,0,0,-8,-13,-5,10,5,2,0,0,-1,-1,1,1,4,1
KR_6753609096,420,0,22,14,1,0,1,1,2,3,1,0,1,1,2,2,0,-3,0,3,0,4,2,3,3,6,3,0,0,1,1,1,1,5,1
KR_6761582525,420,1,4,-5,5,2,2,0,0,2,2,-3,1,4,5,5,0,1,2,1,1,5,5,5,4,9,-1,0,0,1,1,1,1,5,1
KR_6718524689,420,1,63,4,11,-2,2,4,2,3,1,3,4,1,6,6,0,2,2,0,0,10,-8,-3,7,4,3,0,0,1,-1,0,1,3,1
KR_6669338624,420,5,50,25,11,2,3,1,1,2,1,7,10,3,0,2,2,1,1,0,1,2,108,5,4,9,-1,0,2,1,1,1,1,2,1
KR_6762648026,420,4,-3,-13,13,2,2,0,0,2,2,10,10,0,-1,1,2,2,3,1,1,12,-4,3,3,6,-1,0,0,-1,1,1,1,2,1
KR_6728991249,420,3,41,0,1,1,3,2,-2,0,2,0,2,2,0,5,5,2,3,1,0,-4,-16,0,4,4,-3,0,0,1,-1,1,-1,1,1
KR_6684489891,420,-1,-14,-10,2,4,4,0,0,2,2,-2,1,3,1,1,0,-1,1,2,2,3,-6,6,3,9,-6,0,-1,-1,-1,-1,1,1,1
KR_6746262164,420,2,91,16,6,5,5,0,-5,6,11,5,6,1,1,2,1,0,2,2,0,-2,0,4,5,9,4,0,4,-1,1,1,1,3,1
KR_6747348049,420,5,45,39,11,4,5,1,0,1,1,2,3,1,4,4,0,1,1,0,0,9,-6,1,6,7,2,0,1,1,1,1,1,2,1
KR_6762507619,420,3,18,-16,1,4,4,0,-4,2,6,2,3,1,-1,0,1,0,0,0,0,0,51,-2,5,3,3,0,-1,0,-1,-1,-1,0,1
KR_6688517965,420,-2,70,-4,-2,-2,2,4,3,5,2,0,6,6,-3,2,5,0,0,0,0,-9,269,2,5,7,-1,0,1,1,-1,1,1,1,1
KR_6761911708,420,0,8,-18,2,-2,1,3,1,2,1,3,3,0,1,3,2,-1,1,2,0,6,-123,9,0,9,2,0,-1,1,-1,-1,-1,4,1
KR_6756471064,420,4,125,0,9,4,4,0,-3,1,4,1,2,1,4,5,1,3,3,0,0,-1,-148,-1,6,5,-19,0,3,1,1,1,1,5,1
KR_6638987781,420,0,-26,16,-5,0,1,1,3,3,0,-1,2,3,-6,0,6,-1,0,1,0,-9,-4,0,4,4,2,0,0,-1,0,1,-1,3,1
KR_6748562836,440,1,76,-32,10,0,2,2,0,3,3,2,4,2,6,8,2,2,4,2,0,9,4,2,5,7,2,0,1,-1,1,1,1,4,1
KR_6698899264,420,-1,63,6,3,2,2,0,-4,1,5,1,1,0,2,4,2,2,3,1,1,3,-24,3,4,7,-3,0,1,1,1,1,1,5,1
KR_6759363293,420,1,30,6,3,1,2,1,-1,3,4,2,3,1,-2,2,4,3,3,0,0,2,-10,-3,7,4,6,0,0,1,1,1,1,6,1
KR_6746205861,420,2,39,-42,1,-2,0,2,5,7,2,-1,1,2,1,1,0,-2,1,3,0,10,164,5,2,7,-5,0,1,1,1,1,1,6,1
KR_6764289890,420,4,72,12,7,1,2,1,0,3,3,0,1,1,2,7,5,4,4,0,0,3,-13,-2,7,5,0,0,1,1,1,1,1,4,1
KR_6681192799,420,5,58,8,15,5,6,1,5,5,0,3,6,3,0,1,1,2,3,1,0,4,-57,0,6,6,24,0,3,1,1,1,1,3,1
KR_6762364860,420,6,88,-6,6,4,4,0,-1,3,4,0,5,5,3,4,1,0,0,0,0,0,-115,-1,7,6,5,0,1,-1,1,1,1,6,1
KR_6570963170,420,6,64,8,16,1,3,2,5,8,3,6,6,0,1,3,2,3,3,0,2,12,8,1,2,3,-2,0,1,1,1,1,1,3,1
KR_6675069839,420,-2,-6,3,-4,-4,0,4,-3,7,10,2,2,0,-1,2,3,2,3,1,0,4,-9,-3,7,4,-1,0,-1,1,1,-1,1,4,1
KR_6764070707,420,1,-4,-24,-3,4,5,1,-4,0,4,-2,2,4,-2,1,3,1,1,0,0,-6,-9,0,4,4,-2,0,0,-1,1,0,1,2,1
KR_6762625965,420,2,26,-25,6,-2,1,3,5,5,0,1,3,2,1,4,3,1,1,0,0,7,-4,4,4,8,-7,0,0,1,-1,0,1,3,1
KR_6688377907,420,2,47,-12,3,0,4,4,0,1,1,3,4,1,0,1,1,0,2,2,-1,3,-6,-1,2,1,4,0,2,1,1,1,-1,1,1
KR_6743215113,420,3,43,32,7,0,1,1,2,6,4,0,1,1,4,5,1,1,2,1,0,7,2,-4,7,3,3,0,0,1,-1,0,1,5,1
KR_6744226060,420,-1,-7,8,-1,0,0,0,-2,6,8,-1,1,2,1,6,5,1,2,1,0,0,-8,4,5,9,-1,0,0,-1,1,1,-1,3,1
KR_6761186654,440,2,82,8,10,3,3,0,5,6,1,2,4,2,-1,1,2,1,3,2,1,8,7,3,2,5,2,0,3,1,1,1,1,2,1
KR_6686985239,420,4,122,-2,2,4,6,2,-1,1,2,1,5,4,0,1,1,-2,0,2,0,2,1,2,2,4,3,0,1,1,1,1,1,3,1
KR_6646724351,420,3,34,-7,20,0,1,1,5,6,1,3,3,0,10,12,2,2,2,0,0,35,7,5,3,8,6,0,0,1,1,1,-1,3,1
KR_6709980898,420,3,92,-40,11,1,4,3,3,4,1,2,3,1,6,8,2,-1,2,3,0,13,-11,1,7,8,7,0,1,1,1,1,-1,6,1
KR_6737758520,420,-1,9,13,1,-4,0,4,4,6,2,-1,5,6,4,6,2,-2,0,2,1,10,-3,-2,8,6,1,0,0,-1,1,1,1,2,1
KR_6732126418,420,0,-27,-40,6,-1,0,1,5,5,0,-1,0,1,2,2,0,1,1,0,0,10,-107,-2,7,5,3,0,0,1,-1,0,1,6,1
KR_6734818203,420,4,12,0,9,1,3,2,5,7,2,1,2,1,2,4,2,0,2,2,0,17,-2,5,4,9,-4,0,1,-1,1,1,1,3,1
KR_6757045922,420,3,58,27,9,6,8,2,4,4,0,-3,0,3,1,3,2,1,4,3,2,7,-14,6,1,7,-2,0,1,-1,1,1,1,1,1
KR_6762291572,420,-2,-50,0,-2,-1,2,3,0,2,2,0,2,2,-1,3,4,0,1,1,-1,-5,157,0,6,6,-23,0,1,1,-1,1,-1,1,1
KR_6755680900,420,1,12,7,4,3,4,1,5,6,1,2,3,1,-4,2,6,-2,0,2,0,14,0,1,4,5,-4,0,0,-1,1,1,1,6,1
KR_6750385589,420,1,36,-10,1,5,6,1,-1,2,3,2,4,2,-1,1,2,-4,2,6,0,-8,-33,-3,6,3,1,0,1,0,1,1,1,0,1
KR_6760621547,420,3,-25,35,0,-1,0,1,2,3,1,-3,1,4,1,3,2,1,1,0,0,-2,-292,-3,7,4,2,0,0,0,1,0,1,0,1
KR_6685385764,420,4,41,14,0,3,5,2,-2,2,4,-4,1,5,2,3,1,1,2,1,0,-5,-13,-5,6,1,3,0,0,-1,-1,-1,1,6,1
KR_6764240223,420,1,-41,44,0,2,3,1,-2,4,6,-3,1,4,3,6,3,0,0,0,0,1,2,-1,6,5,-5,0,0,-1,1,0,1,2,1
KR_6697099752,420,-1,-42,10,-1,-3,1,4,-1,1,2,1,4,3,3,3,0,-1,1,2,0,-4,-9,-1,4,3,-1,0,0,1,1,0,-1,5,1
KR_6729934559,420,-1,18,12,1,1,1,0,0,3,3,1,3,2,-2,2,4,1,2,1,0,0,15,1,4,5,-3,0,1,1,1,1,-1,3,1
KR_6710131181,420,-1,-97,28,-1,0,0,0,0,2,2,-1,2,3,1,6,5,-1,1,2,-1,-9,-17,1,5,6,4,0,-1,1,1,-1,-1,4,1
KR_6708631391,420,3,32,-5,7,5,5,0,-1,3,4,-2,3,5,1,3,2,4,4,0,0,2,-127,3,5,8,1,0,0,1,-1,1,-1,5,1
KR_6465315225,440,2,48,17,5,3,8,5,1,1,0,-1,0,1,3,3,0,-1,0,1,0,2,13,-1,4,3,-2,0,1,-1,1,1,1,6,1
KR_6751465041,420,3,104,-2,0,2,4,2,0,5,5,4,8,4,-8,0,8,2,3,1,0,-6,-8,-3,7,4,-1,0,0,-1,-1,-1,-1,4,1
KR_6758383826,420,2,39,0,6,2,3,1,5,5,0,3,4,1,-6,1,7,2,2,0,0,4,-18,-2,3,1,0,0,1,1,0,1,1,1,1
KR_6758837130,420,2,45,23,7,-4,0,4,4,6,2,-3,2,5,10,11,1,0,2,2,0,10,3,5,3,8,-2,0,-1,1,-1,1,1,1,1
KR_6763797209,420,4,98,2,7,0,4,4,-2,3,5,5,6,1,1,2,1,3,4,1,0,-5,29,0,5,5,3,0,4,1,1,1,1,2,1
KR_6718284068,420,0,8,-21,6,2,2,0,2,5,3,4,7,3,-1,0,1,-1,0,1,0,5,-44,-3,7,4,28,0,1,-1,1,1,1,1,1
KR_6624392353,420,3,0,20,4,2,2,0,4,5,1,-1,2,3,-3,1,4,2,3,1,0,8,7,-2,8,6,1,0,0,-1,1,1,1,4,1
KR_6764430818,420,8,100,32,18,7,10,3,3,5,2,2,4,2,5,5,0,1,2,1,2,16,-5,1,1,2,3,0,2,-1,1,1,1,1,1
KR_6752703592,420,0,6,-7,3,2,4,2,0,3,3,-3,0,3,3,5,2,1,1,0,0,-1,-2,-3,5,2,-1,0,0,-1,1,0,1,2,1
KR_6752350130,420,3,40,-20,4,1,2,1,3,3,0,1,3,2,-1,1,2,0,0,0,0,6,-4,2,5,7,1,0,0,-1,-1,0,-1,3,1
KR_6763488900,420,-3,-38,0,-6,-6,0,6,4,5,1,-2,1,3,0,2,2,-2,1,3,-1,-3,-9,0,6,6,-2,0,-1,-1,1,-1,-1,1,1
KR_6732836490,420,-1,32,-3,2,3,7,4,-7,1,8,4,4,0,0,2,2,2,2,0,0,-1,-14,-2,4,2,1,0,-1,1,1,1,1,2,1
KR_6764518388,420,0,70,-10,-4,-1,1,2,-3,2,5,-5,0,5,3,3,0,2,2,0,0,3,18,-3,7,4,-2,0,0,-1,0,0,-1,3,1
KR_6736781673,420,0,-14,20,1,-1,0,1,1,3,2,4,6,2,-2,0,2,-1,0,1,1,-2,-239,1,3,4,0,0,0,1,0,0,1,4,1
KR_6763442606,420,1,-8,20,0,3,3,0,-1,4,5,-1,7,8,0,3,3,-1,0,1,0,-10,34,-3,7,4,-11,0,1,-1,-1,1,1,6,1
KR_6666605381,420,4,47,-3,9,4,5,1,0,4,4,2,4,2,5,6,1,-2,0,2,1,13,3,2,2,4,-2,0,1,1,1,1,1,3,1
KR_6710988002,420,0,17,24,-2,1,2,1,0,4,4,0,2,2,-8,0,8,5,6,1,0,1,235,-6,9,3,2,0,0,-1,-1,-1,-1,3,1
KR_6669081932,420,0,47,31,-5,5,6,1,-2,3,5,-3,1,4,-4,2,6,-1,0,1,0,-8,-11,-3,7,4,5,0,1,1,-1,1,-1,4,1
KR_6763239782,420,0,-8,9,-3,-1,0,1,0,1,1,-3,0,3,2,4,2,-1,1,2,0,-7,-5,-1,6,5,3,0,0,-1,1,0,1,5,1
KR_6734643827,420,6,56,19,-4,0,0,0,-2,1,3,3,3,0,-1,2,3,-4,0,4,0,-4,-7,3,3,6,-1,0,2,1,1,-1,-1,2,1
KR_6758341739,420,-4,-60,-16,-2,-4,0,4,-2,3,5,3,4,1,1,5,4,0,2,2,0,5,167,-4,7,3,19,0,-1,1,-1,-1,-1,6,1
KR_6758463815,420,2,77,-8,5,0,1,1,3,6,3,2,3,1,4,5,1,-4,1,5,1,5,-1,-1,4,3,1,0,1,0,0,1,1,0,1
KR_6697855255,420,7,63,24,17,7,8,1,4,6,2,4,4,0,0,1,1,2,2,0,2,12,12,4,3,7,-1,0,2,1,1,1,1,5,1
KR_6765475301,420,1,10,25,1,0,2,2,-2,1,3,-2,2,4,1,4,3,4,4,0,-1,0,-108,6,3,9,-3,0,-1,-1,1,-1,-1,4,1
KR_6659701559,420,4,35,20,10,0,1,1,3,5,2,0,1,1,4,5,1,3,3,0,0,10,0,0,6,6,2,0,0,1,1,0,1,2,1
KR_6762496297,440,-1,3,-6,0,0,2,2,-2,1,3,3,3,0,1,3,2,-2,0,2,0,1,38,-3,4,1,-18,0,0,1,1,1,-1,6,1
KR_6553567094,420,-2,-29,-31,2,-3,0,3,1,2,1,2,3,1,2,5,3,0,0,0,1,8,-2,2,6,8,-1,0,0,1,-1,-1,1,4,1
KR_6760521435,440,3,82,6,10,0,4,4,-1,1,2,9,10,1,2,2,0,0,2,2,1,6,3,1,3,4,2,0,3,-1,0,1,1,5,1
KR_6696632692,420,2,43,19,4,0,4,4,-3,4,7,4,4,0,1,4,3,2,2,0,0,0,0,-2,5,3,-1,0,1,-1,-1,1,1,1,1
KR_6764083013,420,3,12,4,13,0,3,3,3,3,0,4,4,0,4,4,0,2,2,0,1,13,182,5,1,6,-1,0,0,1,1,1,1,3,1
KR_6760747054,420,5,24,43,10,2,2,0,4,5,1,0,1,1,5,6,1,-1,1,2,0,9,0,1,3,4,0,0,0,1,1,1,-1,1,1
KR_6621044378,420,6,73,-3,9,4,4,0,2,2,0,2,2,0,2,4,2,-1,0,1,0,10,11,-1,6,5,7,0,1,-1,-1,1,1,1,1
KR_6723469372,420,-3,-16,-25,-5,1,3,2,-1,1,2,-4,0,4,1,2,1,-2,0,2,0,-1,-4,-6,10,4,-1,0,0,0,1,0,1,0,1
KR_6759863518,440,3,55,17,0,4,4,0,0,4,4,0,2,2,-4,1,5,0,1,1,0,-4,0,3,1,4,-1,0,2,1,1,1,1,3,1
KR_6754451553,420,5,63,26,10,1,2,1,3,7,4,2,3,1,1,4,3,3,3,0,0,4,-3,2,5,7,2,0,1,1,1,1,-1,5,1
KR_6765452103,420,1,30,20,7,-2,1,3,1,3,2,0,2,2,8,8,0,0,4,4,0,6,-7,-1,7,6,0,0,1,-1,1,1,1,2,1
KR_6742472050,440,3,26,-14,13,2,3,1,3,4,1,3,4,1,6,7,1,-1,0,1,0,19,-7,1,2,3,-1,0,0,1,0,1,1,6,1
KR_6609233345,420,4,93,35,2,3,3,0,-1,1,2,3,3,0,-2,3,5,-1,0,1,0,-6,6,2,3,5,-3,0,2,-1,1,1,-1,2,1
KR_6763502356,420,-3,-28,0,-9,-2,0,2,-1,5,6,0,1,1,-4,0,4,-2,0,2,0,-8,1,3,6,9,-6,0,0,1,-1,0,1,1,1
KR_6573813235,420,3,84,22,1,5,5,0,-5,5,10,0,2,2,1,2,1,0,0,0,0,-6,12,2,4,6,0,0,-1,1,-1,1,-1,5,1
KR_6702787999,420,1,21,-17,4,0,0,0,-1,3,4,0,2,2,1,2,1,4,4,0,0,2,-5,2,4,6,1,0,0,1,-1,1,1,4,1
KR_6761080441,420,-4,-29,-25,1,-1,2,3,2,4,2,-3,1,4,0,2,2,3,3,0,0,2,-4,2,3,5,-1,0,0,1,1,-1,-1,5,1
KR_6762903262,420,-1,60,0,5,-2,1,3,1,6,5,2,2,0,4,5,1,0,2,2,0,5,0,-2,10,8,5,0,1,1,-1,-1,1,5,1
KR_6764930459,420,3,24,8,2,1,3,2,0,1,1,2,3,1,-2,2,4,1,1,0,1,9,-18,2,5,7,1,0,0,1,-1,1,1,6,1
KR_6615972264,420,0,37,-8,9,1,1,0,4,7,3,2,2,0,1,2,1,1,1,0,0,7,33,0,5,5,0,0,0,-1,1,0,1,6,1
KR_6755914969,420,0,24,-17,-2,1,1,0,-1,3,4,-1,1,2,0,3,3,-1,1,2,0,-3,159,1,7,8,-1,0,0,-1,1,1,1,5,1
KR_6442808059,420,5,48,27,3,2,3,1,4,5,1,-1,2,3,-2,0,2,0,0,0,0,9,2,3,5,8,6,0,1,-1,1,1,-1,1,1
KR_6744260903,440,3,25,0,9,7,7,0,-2,0,2,1,4,3,1,2,1,2,3,1,0,0,5,-1,4,3,-4,0,2,-1,1,1,1,6,1
KR_6750522080,420,8,116,31,10,4,5,1,0,3,3,3,3,0,2,2,0,1,3,2,1,10,66,6,2,8,-3,0,2,1,1,1,1,5,1
KR_6749580676,420,4,123,-8,8,3,4,1,1,3,2,4,5,1,-1,2,3,1,1,0,2,9,-2,-1,4,3,6,0,2,1,1,1,1,3,1
KR_6687366032,420,1,-42,13,-3,-5,0,5,1,3,2,-1,2,3,-4,0,4,6,7,1,0,-3,-4,-1,6,5,5,0,1,1,1,1,-1,1,1
KR_6728069673,420,2,-9,16,7,-1,2,3,4,9,5,-1,3,4,2,5,3,3,3,0,0,17,-2,3,5,8,2,0,-1,1,1,-1,-1,1,1
KR_6611700247,420,-1,-15,4,2,-2,0,2,0,0,0,6,7,1,-1,0,1,-1,0,1,0,4,149,-4,6,2,3,0,0,0,-1,0,-1,0,1
KR_6595122513,420,1,26,35,1,-3,0,3,0,4,4,2,2,0,1,2,1,1,1,0,0,6,3,-2,8,6,1,0,0,1,-1,0,1,5,1
KR_6740288040,440,-1,-23,-18,6,2,3,1,2,4,2,-1,2,3,2,8,6,1,2,1,4,8,35,0,5,5,-3,0,0,-1,1,0,1,5,1
KR_6757860812,440,2,-13,39,-4,1,2,1,-3,1,4,1,4,3,-2,4,6,-1,1,2,-1,-6,1,-2,6,4,-1,0,1,-1,1,1,-1,2,1
KR_6744147159,420,5,35,-11,15,1,6,5,7,9,2,0,0,0,6,6,0,1,2,1,0,23,31,1,5,6,-2,0,2,-1,-1,1,1,3,1
KR_6762423972,420,5,17,6,8,2,4,2,0,2,2,3,3,0,1,1,0,2,4,2,0,11,-3,0,5,5,5,0,1,1,1,1,-1,1,1
KR_6578699967,440,-2,-16,2,-6,-1,1,2,-1,1,2,1,6,5,-2,3,5,-3,2,5,-1,-7,-1,1,5,6,-2,0,0,-1,-1,0,-1,5,1
KR_6696498282,420,1,3,-21,5,-4,1,5,5,6,1,1,1,0,4,6,2,-1,0,1,1,12,-20,1,5,6,6,0,-1,1,-1,-1,1,1,1
KR_6676387876,420,3,94,31,0,-3,2,5,-4,1,5,3,4,1,3,6,3,1,2,1,-1,-7,0,0,7,7,-2,0,0,-1,-1,0,1,5,1
KR_6761382758,420,5,107,9,10,0,1,1,1,2,1,4,4,0,4,7,3,1,1,0,0,9,0,-1,4,3,7,0,1,1,1,1,1,4,1
KR_6738448977,420,-1,-74,6,-4,-1,0,1,0,4,4,0,1,1,-2,0,2,-1,1,2,0,-5,29,0,4,4,-16,0,0,-1,0,0,-1,2,1
KR_6747218338,420,6,84,12,7,3,3,0,-2,1,3,6,8,2,1,3,2,-1,0,1,0,11,-1,-4,9,5,-1,0,1,-1,1,1,1,4,1
KR_6748376895,420,3,54,32,3,2,2,0,3,6,3,2,2,0,-3,1,4,-1,1,2,0,-2,-5,-1,6,5,-2,0,1,-1,1,1,-1,6,1
KR_6588528062,420,4,24,9,11,-5,0,5,7,8,1,4,5,1,5,5,0,0,0,0,0,3,-16,-4,9,5,7,0,1,1,1,1,1,1,1
KR_6746065831,420,1,21,-32,10,0,2,2,-1,2,3,9,10,1,6,7,1,-4,0,4,-1,7,18,1,3,4,1,0,2,1,0,1,-1,4,1
KR_6763425185,420,0,31,15,6,4,6,2,1,5,4,4,7,3,-1,1,2,-2,0,2,0,1,4,1,3,4,-2,0,0,-1,-1,-1,1,5,1
KR_6763988953,420,6,110,6,6,3,3,0,1,3,2,-1,1,2,0,2,2,3,3,0,0,-1,39,0,4,4,-33,0,2,1,-1,1,-1,2,1
KR_6745344304,420,4,48,-4,11,3,3,0,6,6,0,2,3,1,0,4,4,0,1,1,0,9,-3,-2,5,3,2,0,0,1,1,-1,1,1,1
KR_6761301820,420,3,1,41,9,5,5,0,5,5,0,-3,2,5,-1,3,4,3,4,1,0,1,15,0,6,6,1,0,-1,1,-1,-1,-1,6,1
KR_6749330316,420,3,82,11,11,4,4,0,3,7,4,4,4,0,0,2,2,0,1,1,1,12,-6,3,7,10,5,0,3,1,1,1,1,6,1
KR_6761697907,440,2,71,4,0,2,4,2,1,3,2,-3,2,5,-1,4,5,1,2,1,0,0,-14,0,6,6,6,0,-1,1,-1,-1,1,3,1
KR_6764929251,420,0,-13,-29,6,1,2,1,5,6,1,-2,1,3,3,4,1,-1,0,1,0,14,1,1,6,7,-4,0,0,1,-1,-1,1,2,1
KR_6762759051,420,5,-12,48,14,-3,2,5,1,1,0,2,3,1,13,13,0,1,2,1,0,22,1,-1,6,5,0,0,2,1,-1,1,1,2,1
KR_6765138026,420,1,41,-20,8,0,1,1,1,4,3,1,2,1,6,6,0,0,1,1,0,14,-10,-1,5,4,-1,0,2,1,-1,1,1,5,1
KR_6759838847,420,1,-57,-21,9,-1,1,2,2,3,1,6,6,0,2,2,0,0,0,0,1,13,37,-2,6,4,1,0,0,-1,1,0,1,6,1
KR_6744753626,420,2,26,17,13,-1,1,2,3,4,1,7,7,0,2,5,3,2,2,0,1,15,5,-1,6,5,4,0,1,1,-1,1,1,2,1
KR_6760631600,420,3,73,-12,2,4,5,1,-1,2,3,0,2,2,-2,1,3,1,2,1,0,-4,3,-4,6,2,0,0,1,0,1,1,1,0,1
KR_6689263894,420,0,45,-8,3,-1,1,2,-1,3,4,0,2,2,4,6,2,1,1,0,0,0,23,2,4,6,1,0,1,-1,0,1,-1,4,1
KR_6760749518,420,-3,11,-5,-1,1,4,3,-1,3,4,-2,2,4,1,4,3,0,1,1,0,-10,-5,-5,9,4,-5,0,-1,-1,-1,-1,1,6,1
KR_6753814333,420,1,22,-36,7,2,2,0,-2,2,4,4,5,1,1,3,2,2,2,0,0,12,5,1,3,4,1,0,0,1,1,0,1,3,1
KR_6667982198,420,1,-12,-16,-2,1,3,2,-2,4,6,5,5,0,-2,1,3,-4,0,4,0,-5,0,-2,5,3,0,0,0,1,-1,1,1,5,1
KR_6762284126,420,-1,38,5,4,-1,0,1,6,6,0,1,3,2,-2,2,4,0,0,0,0,14,3,5,3,8,0,0,0,1,-1,0,-1,1,1
KR_6759473424,440,-1,-47,12,-1,0,2,2,3,4,1,0,4,4,0,5,5,-4,1,5,3,6,27,3,2,5,-2,0,0,1,0,-1,1,6,1
KR_6731037624,420,8,81,61,9,8,9,1,-3,1,4,4,5,1,0,4,4,0,1,1,1,10,-155,0,4,4,3,0,3,1,1,1,1,3,1
KR_6690317003,420,1,2,-3,4,0,4,4,-1,1,2,2,8,6,3,7,4,0,1,1,1,7,4,-7,11,4,3,0,1,-1,1,1,1,5,1
KR_6736605845,420,3,66,18,6,0,2,2,-2,3,5,4,7,3,1,1,0,3,3,0,1,3,-4,-1,8,7,0,0,0,-1,1,0,1,4,1
KR_6687905762,420,0,-23,11,6,0,3,3,2,8,6,2,4,2,1,2,1,1,2,1,0,8,-15,6,2,8,-1,0,0,1,1,-1,-1,6,1
KR_6609833494,420,3,117,22,6,1,3,2,3,9,6,-5,3,8,5,10,5,2,3,1,2,11,-31,0,6,6,-1,0,2,1,1,1,-1,4,1
KR_6695134513,420,2,1,8,2,-1,0,1,0,2,2,0,1,1,2,4,2,1,1,0,0,3,-4,3,6,9,2,0,1,1,-1,1,-1,5,1
KR_6742318678,420,-1,29,-20,2,2,2,0,0,5,5,1,5,4,0,3,3,-1,0,1,0,-2,-4,-2,8,6,7,0,2,-1,1,1,1,5,1
KR_6667424796,420,6,68,27,11,1,3,2,2,4,2,1,4,3,4,6,2,3,3,0,0,12,-261,-1,6,5,-7,0,3,1,-1,1,-1,1,1
KR_6694432203,420,-2,-33,28,-7,-2,2,4,1,1,0,-2,0,2,-1,3,4,-3,0,3,0,-11,-7,-1,5,4,2,0,0,1,-1,-1,-1,5,1
KR_6762699053,420,2,-3,24,5,0,2,2,-2,0,2,2,5,3,5,5,0,0,1,1,0,6,-1,1,6,7,3,0,1,1,1,1,-1,5,1
KR_6728180786,420,2,24,0,2,-1,2,3,-2,1,3,3,7,4,3,4,1,-1,3,4,0,2,24,-7,12,5,-4,0,1,0,0,1,-1,0,1
KR_6727994662,420,-2,14,9,-7,4,4,0,1,5,4,-3,2,5,-8,0,8,-1,0,1,0,-5,64,-3,7,4,-16,0,0,-1,-1,1,-1,4,1
KR_6701893780,420,8,12,32,14,6,6,0,2,4,2,4,4,0,3,4,1,-1,0,1,0,7,-21,8,3,11,21,0,3,-1,1,1,-1,1,1
KR_6681558984,440,1,-12,13,-1,-2,1,3,-2,2,4,2,4,2,1,1,0,0,2,2,0,0,11,5,3,8,-1,0,0,-1,1,1,1,3,1
KR_6763704802,420,2,71,38,4,-1,0,1,6,9,3,4,7,3,-4,1,5,-1,0,1,2,0,13,5,5,10,1,0,1,1,1,1,-1,5,1
KR_6737130925,420,0,-17,-23,11,2,3,1,3,4,1,-1,1,2,4,4,0,3,3,0,2,18,54,1,6,7,6,0,0,1,1,1,1,2,1
KR_6667901665,420,-1,-30,-12,0,2,3,1,-3,3,6,1,2,1,0,2,2,0,3,3,-1,6,-43,-3,9,6,16,0,-1,1,1,-1,-1,5,1
KR_6675099474,420,5,84,51,13,-3,0,3,8,8,0,3,3,0,5,5,0,0,2,2,2,15,-2,1,4,5,1,0,2,1,1,1,1,3,1
KR_6700388246,420,5,80,14,7,0,1,1,4,7,3,-1,3,4,1,3,2,3,4,1,0,9,13,3,5,8,5,0,2,1,1,1,1,6,1
KR_6707103234,440,3,-1,19,10,3,5,2,2,4,2,1,1,0,3,6,3,1,2,1,0,9,2,1,5,6,0,0,1,-1,-1,1,-1,5,1
KR_6642902944,420,1,26,0,1,1,1,0,-3,3,6,-5,0,5,8,8,0,0,2,2,0,6,-5,3,5,8,2,0,1,-1,1,1,1,5,1
KR_6764015044,420,0,14,-32,0,0,3,3,-1,4,5,1,1,0,0,2,2,0,1,1,-1,2,-23,0,7,7,-1,0,0,-1,-1,0,-1,6,1
KR_6763991880,420,4,8,19,0,-2,0,2,4,10,6,-1,2,3,0,6,6,-1,0,1,0,11,27,1,6,7,7,0,0,-1,1,-1,-1,2,1
KR_6757109986,420,-1,-59,4,-1,-2,0,2,-3,2,5,1,3,2,2,4,2,1,3,2,-1,-9,10,5,3,8,-10,0,0,-1,-1,0,-1,1,1
KR_6701761866,420,4,31,34,10,1,3,2,5,9,4,-1,3,4,5,6,1,0,1,1,0,5,9,3,3,6,-3,0,1,1,1,1,1,3,1
KR_6734658027,420,1,-19,16,2,-1,1,2,-3,6,9,1,3,2,5,6,1,0,0,0,1,2,4,3,3,6,0,0,1,1,-1,-1,1,5,1
KR_6745137920,420,5,13,48,13,0,3,3,3,5,2,4,6,2,5,6,1,1,2,1,0,13,13,5,2,7,3,0,1,1,1,1,1,2,1
KR_6764928022,420,4,74,21,9,2,3,1,4,4,0,0,0,0,2,5,3,1,2,1,0,7,-10,1,5,6,0,0,1,1,1,1,1,5,1
KR_6749826719,420,3,4,24,17,2,3,1,3,7,4,5,7,2,5,5,0,2,3,1,-1,14,1,0,2,2,-1,0,0,1,1,1,-1,2,1
KR_6756571956,420,3,104,4,8,1,4,3,3,3,0,0,6,6,3,6,3,1,1,0,1,6,-6,0,7,7,5,0,2,1,1,1,1,3,1
KR_6651118650,420,1,101,20,7,5,7,2,2,3,1,4,6,2,-2,3,5,-2,0,2,0,4,127,3,3,6,3,0,2,1,-1,1,-1,6,1
KR_6751365315,420,1,5,-25,6,1,2,1,1,4,3,1,2,1,2,2,0,1,1,0,1,10,4,3,2,5,-5,0,-1,-1,-1,-1,1,5,1
KR_6762356408,420,3,68,-8,-1,2,3,1,0,0,0,-3,1,4,-1,2,3,1,1,0,1,-4,-2,-3,6,3,3,0,0,0,-1,1,1,0,1
KR_6621605851,420,-1,-19,15,1,-1,1,2,-5,0,5,7,7,0,1,1,0,-1,0,1,0,0,-10,-6,9,3,6,0,2,1,1,1,-1,6,1
KR_6609287914,420,3,50,-12,6,0,4,4,2,6,4,1,2,1,3,3,0,0,0,0,0,7,-3,2,4,6,1,0,0,1,1,0,1,3,1
KR_6760350079,440,1,106,-28,0,1,2,1,-3,0,3,0,2,2,1,3,2,1,1,0,0,4,39,1,5,6,3,0,2,1,1,1,1,5,1
KR_6628446726,440,2,52,-35,9,-3,1,4,1,2,1,-3,0,3,8,10,2,6,6,0,3,7,10,-1,3,2,-3,0,0,1,-1,0,1,3,1
KR_6762238088,420,5,68,-9,13,4,4,0,1,2,1,-4,1,5,10,10,0,2,2,0,0,17,12,4,5,9,1,0,2,1,-1,1,-1,3,1
KR_6594662375,420,2,27,4,1,-2,0,2,3,6,3,2,3,1,-1,1,2,-1,0,1,0,-1,-2,-1,10,9,-3,0,0,-1,1,-1,-1,2,1
KR_6762935355,420,3,86,-1,7,2,4,2,2,5,3,1,2,1,1,3,2,1,1,0,0,5,7,-1,7,6,5,0,0,1,1,0,1,6,1
KR_6711614559,420,9,102,28,22,8,8,0,4,6,2,4,6,2,7,8,1,-1,2,3,2,12,-14,2,4,6,-2,0,0,0,1,1,1,0,1
KR_6763301827,440,-5,-1,-10,-14,0,1,1,-8,1,9,-7,0,7,4,4,0,-3,0,3,0,-15,11,-8,9,1,0,0,-1,-1,0,-1,-1,2,1
KR_6765248643,420,7,95,11,9,2,3,1,1,2,1,1,2,1,2,6,4,3,3,0,0,3,-6,-3,7,4,5,0,4,1,1,1,-1,3,1
KR_6755099104,420,2,-13,9,1,3,3,0,4,6,2,-4,2,6,0,5,5,-2,1,3,-1,4,8,0,6,6,3,0,-1,1,1,-1,1,1,1
KR_6761353878,420,4,25,-4,12,7,7,0,1,2,1,0,3,3,2,4,2,2,3,1,0,12,10,-3,7,4,4,0,1,-1,1,1,-1,3,1
KR_6727740111,420,-3,-14,-13,-5,-2,2,4,2,4,2,2,2,0,-7,2,9,0,0,0,0,-1,-4,0,4,4,1,0,0,1,-1,1,1,2,1
KR_6763213813,440,0,-36,-39,9,3,6,3,5,6,1,1,4,3,3,6,3,-3,0,3,0,17,3,1,6,7,-1,0,0,1,-1,1,1,3,1
KR_6723254075,420,0,-38,46,-2,1,2,1,1,2,1,-2,0,2,-3,4,7,1,3,2,1,5,-212,1,9,10,-2,0,-1,1,-1,-1,1,1,1
KR_6740121882,420,-2,-17,-51,2,0,0,0,-2,3,5,2,5,3,0,3,3,2,5,3,0,-2,-115,4,1,5,-6,0,-1,1,-1,-1,1,2,1
KR_6539790019,420,2,41,16,8,-1,2,3,3,4,1,2,4,2,4,4,0,0,0,0,0,22,14,3,4,7,-2,0,0,1,-1,1,1,1,1
KR_6718256840,420,1,-40,0,4,3,3,0,1,1,0,2,4,2,-2,0,2,0,0,0,0,3,87,-1,6,5,22,0,0,-1,1,1,-1,3,1
KR_6756856307,420,2,80,0,8,3,3,0,4,5,1,0,1,1,1,1,0,0,0,0,0,6,-6,2,7,9,3,0,1,-1,1,1,-1,2,1
KR_6751032320,420,1,-16,0,9,2,2,0,0,0,0,1,1,0,3,3,0,3,3,0,0,7,77,1,4,5,-4,0,1,1,-1,1,1,4,1
KR_6739974079,420,0,17,0,3,1,3,2,1,1,0,-3,0,3,4,4,0,0,1,1,-1,0,3,4,6,10,0,0,0,-1,1,0,-1,5,1
KR_6754928373,420,2,-21,8,1,-2,0,2,-1,2,3,5,5,0,-1,1,2,0,1,1,0,-3,15,-4,6,2,1,0,0,-1,1,1,1,1,1
KR_6610144319,420,6,102,28,8,3,5,2,3,4,1,4,5,1,-1,4,5,-1,1,2,0,5,333,1,4,5,3,0,3,1,1,1,1,1,1
KR_6726674863,440,-1,-2,-9,2,0,0,0,0,0,0,-2,1,3,3,4,1,1,2,1,0,11,-27,3,4,7,-5,0,0,1,1,0,-1,3,1
KR_6764894220,420,6,67,20,10,-1,0,1,2,2,0,6,6,0,0,4,4,3,3,0,0,11,9,2,4,6,-6,0,0,1,1,0,1,5,1
KR_6603232949,420,0,-52,15,-1,0,1,1,6,6,0,-3,2,5,-3,1,4,-1,1,2,0,1,-2,2,5,7,1,0,0,1,-1,0,1,6,1
KR_6763709514,420,2,5,18,5,2,2,0,-2,2,4,1,5,4,3,6,3,1,2,1,0,4,3,4,2,6,4,0,-1,1,1,-1,-1,1,1
KR_6753226943,420,1,49,-12,9,1,1,0,4,5,1,-1,3,4,3,3,0,2,4,2,0,9,13,2,5,7,-3,0,1,1,-1,1,1,1,1
KR_6713200006,420,-1,-30,-16,5,0,2,2,2,4,2,3,4,1,0,1,1,0,0,0,0,3,16,3,2,5,-2,0,-1,-1,0,-1,-1,1,1
KR_6741958772,440,0,-2,5,0,-3,3,6,2,3,1,-1,1,2,3,4,1,-1,0,1,0,3,-2,8,2,10,-3,0,1,1,-1,-1,-1,3,1
KR_6754770956,440,1,5,5,7,0,3,3,-1,3,4,2,3,1,1,2,1,5,5,0,-2,-4,-12,1,3,4,0,0,1,0,-1,1,-1,0,1
KR_6734527124,420,2,21,-4,8,1,3,2,1,4,3,4,5,1,1,1,0,1,1,0,-1,3,-132,-1,7,6,4,0,1,1,1,1,-1,4,1
KR_6741786682,420,3,1,13,10,-3,0,3,6,6,0,-1,3,4,6,6,0,2,2,0,0,16,17,-2,7,5,0,0,0,-1,-1,-1,1,1,1
KR_6758765673,420,0,26,-4,-1,-2,1,3,3,4,1,-1,2,3,-2,2,4,1,2,1,0,3,5,2,3,5,-2,0,0,1,-1,0,1,6,1
KR_6659313973,420,1,54,-12,-1,6,6,0,0,3,3,-4,1,5,-3,0,3,0,1,1,0,2,-109,0,4,4,-2,0,1,1,-1,1,1,1,1
KR_6759365780,420,2,10,25,8,2,3,1,6,7,1,2,3,1,-2,2,4,0,1,1,0,5,24,-3,6,3,2,0,0,-1,1,0,-1,2,1
KR_6745507314,420,0,9,-11,1,2,4,2,2,6,4,1,2,1,-2,3,5,-2,0,2,-1,9,-5,1,6,7,7,0,1,1,-1,-1,-1,1,1
KR_6732731566,420,1,16,-44,3,-3,2,5,4,4,0,3,3,0,0,2,2,-1,2,3,-1,8,109,-1,9,8,0,0,-1,-1,-1,-1,-1,6,1
KR_6656023233,420,-4,-45,-20,-10,0,1,1,-10,1,11,1,4,3,-1,0,1,0,1,1,0,-18,-31,-2,6,4,-1,0,0,-1,-1,0,-1,1,1
KR_6761864485,420,1,41,-4,2,-3,1,4,3,3,0,1,4,3,0,1,1,1,2,1,0,6,-1,0,4,4,1,0,1,-1,1,1,1,2,1
KR_6763040070,440,-2,10,14,-2,1,1,0,-2,2,4,-3,1,4,3,5,2,-1,1,2,0,-11,-3,6,4,10,0,0,1,1,1,1,1,4,1
KR_6765521791,420,-1,-39,1,-1,2,3,1,-3,1,4,-1,5,6,6,10,4,-5,0,5,2,8,-144,0,4,4,17,0,-1,1,1,-1,1,2,1
KR_6740574629,420,6,81,31,8,2,4,2,-1,3,4,3,7,4,4,4,0,0,2,2,-1,7,-4,3,4,7,5,0,1,1,1,1,-1,4,1
KR_6644404864,420,1,16,8,0,-2,0,2,-1,3,4,1,4,3,1,2,1,1,1,0,0,3,5,-1,10,9,5,0,1,1,-1,-1,1,3,1
KR_6685653545,420,-4,-35,-17,-1,-1,1,2,1,7,6,1,3,2,-3,2,5,1,2,1,0,4,-24,1,6,7,-1,0,-1,1,-1,-1,-1,2,1
KR_6759826189,420,2,-5,16,12,7,8,1,4,4,0,0,2,2,1,3,2,0,3,3,0,8,2,6,3,9,4,0,1,1,1,1,-1,5,1
KR_6761102863,440,0,103,-20,4,2,3,1,0,1,1,0,6,6,-1,2,3,3,5,2,0,4,24,-1,4,3,-1,0,0,1,-1,1,1,3,1
KR_6722776447,420,0,-10,44,-1,2,3,1,-3,0,3,0,1,1,2,2,0,-2,0,2,0,-3,111,2,4,6,6,0,1,0,1,1,-1,0,1
KR_6654779839,420,0,16,6,5,0,2,2,2,3,1,-2,2,4,3,3,0,2,2,0,0,5,11,1,7,8,2,0,1,1,-1,1,1,2,1
KR_6765279236,420,5,67,12,12,1,1,0,0,2,2,2,3,1,5,5,0,4,4,0,0,22,-27,1,5,6,2,0,1,1,-1,1,1,3,1
KR_6723212795,420,3,111,24,0,1,1,0,-3,1,4,-6,3,9,7,9,2,1,1,0,2,-10,-4,-2,5,3,-2,0,3,-1,1,1,1,3,1
KR_6702003308,440,2,44,20,4,-3,0,3,-1,1,2,5,5,0,0,3,3,3,4,1,0,3,45,-2,4,2,-18,0,2,1,-1,1,1,5,1
KR_6760527206,420,0,-6,20,0,-1,2,3,1,3,2,-2,3,5,1,2,1,1,1,0,0,2,-22,-1,4,3,0,0,0,1,-1,-1,1,1,1
KR_6675871490,440,-1,-16,44,1,1,2,1,-1,2,3,5,6,1,2,2,0,-6,0,6,0,-5,-1,-2,8,6,3,0,0,1,-1,-1,1,6,1
KR_6700207461,420,2,35,9,6,0,3,3,2,5,3,-1,4,5,5,6,1,0,0,0,0,4,38,2,4,6,-6,0,1,1,1,1,1,1,1
KR_6749624989,440,3,56,20,9,3,4,1,-1,0,1,0,2,2,4,4,0,3,3,0,1,11,5,3,4,7,-1,0,0,-1,1,0,1,2,1
KR_6762567797,420,0,53,6,-6,-3,1,4,1,5,4,0,2,2,-3,0,3,-1,1,2,0,-14,-11,-3,9,6,-3,0,1,-1,1,1,1,4,1
KR_6728353661,420,0,38,-12,-3,-2,1,3,-1,3,4,3,3,0,-3,2,5,0,2,2,1,-4,-117,-3,8,5,0,0,-1,-1,-1,-1,1,3,1
KR_6742578903,420,4,105,5,12,4,4,0,2,5,3,1,1,0,2,3,1,3,3,0,0,5,3,-1,4,3,2,0,0,1,1,1,1,4,1
KR_6642467606,420,-2,45,28,-9,1,2,1,-1,2,3,-4,2,6,-5,3,8,0,0,0,0,-8,-2,1,4,5,-3,0,1,-1,1,1,-1,6,1
KR_6743747979,420,5,-2,36,7,2,2,0,5,7,2,-1,2,3,0,3,3,1,1,0,0,9,38,-1,4,3,3,0,0,1,1,0,1,3,1
KR_6763055408,420,-1,-4,5,-3,-1,1,2,3,4,1,-3,0,3,3,6,3,-5,0,5,0,3,-11,-4,9,5,0,0,1,1,-1,1,-1,3,1
KR_6695462251,420,-1,-35,8,-7,-1,1,2,-1,1,2,1,2,1,-6,0,6,0,0,0,0,-6,5,-2,5,3,-4,0,1,-1,1,1,1,2,1
KR_6759393429,440,3,17,8,9,-1,2,3,5,6,1,6,6,0,0,1,1,-1,0,1,0,15,16,4,2,6,5,0,1,1,-1,1,1,6,1
KR_6738592736,420,-2,-103,-12,0,-2,2,4,0,2,2,-1,2,3,1,4,3,2,2,0,-1,0,-17,-4,8,4,5,0,1,-1,1,1,-1,2,1
KR_6740527497,420,2,56,-3,4,4,4,0,0,3,3,-2,1,3,0,4,4,2,2,0,0,6,-25,2,6,8,-1,0,0,-1,-1,0,1,5,1
KR_6764812074,420,1,47,-28,6,1,3,2,0,0,0,2,3,1,4,7,3,-1,0,1,1,7,16,3,3,6,-3,0,1,1,0,1,1,5,1
KR_6601771048,420,9,146,15,20,0,2,2,3,4,1,4,4,0,11,11,0,2,2,0,0,33,40,4,3,7,2,0,2,-1,1,1,1,1,1
KR_6738292426,420,1,73,28,4,2,3,1,1,1,0,3,9,6,-2,0,2,0,0,0,1,-5,73,2,3,5,-29,0,2,-1,-1,1,1,6,1
KR_6606960487,420,0,-32,-4,2,5,6,1,-3,1,4,2,3,1,-1,3,4,-1,2,3,0,1,4,3,4,7,-4,0,1,-1,1,1,1,3,1
KR_6758144697,420,3,2,-4,5,-1,3,4,5,9,4,-2,1,3,2,5,3,1,1,0,0,5,18,4,4,8,1,0,1,-1,1,1,-1,5,1
KR_6762688204,420,1,-14,4,7,-1,2,3,0,3,3,2,3,1,1,5,4,5,5,0,1,11,5,-3,6,3,3,0,1,1,-1,1,1,6,1
KR_6692186665,420,2,-22,0,6,0,2,2,-1,3,4,1,2,1,5,7,2,1,3,2,0,7,-44,0,6,6,10,0,-1,1,1,-1,1,6,1
KR_6760259757,420,2,-28,12,7,-4,0,4,4,7,3,4,4,0,1,2,1,2,3,1,0,8,-4,-3,8,5,0,0,-1,-1,-1,-1,1,4,1
KR_6602436951,420,-2,-67,-10,2,-5,2,7,4,4,0,-2,1,3,3,5,2,2,2,0,1,2,18,-5,7,2,0,0,0,-1,0,1,1,2,1
KR_6470919397,440,6,104,8,16,11,11,0,1,2,1,0,1,1,2,4,2,2,3,1,1,7,2,5,2,7,0,0,2,1,1,1,1,4,1
KR_6623109721,420,2,32,6,7,-1,2,3,2,2,0,0,1,1,2,2,0,4,4,0,0,8,4,-2,5,3,3,0,0,1,-1,0,-1,6,1
KR_6763577466,420,0,-32,-16,3,-2,1,3,4,9,5,2,2,0,-1,1,2,0,1,1,0,10,-5,-2,6,4,2,0,-1,-1,-1,-1,-1,3,1
KR_6472693561,440,4,42,-3,8,6,8,2,2,7,5,-2,0,2,3,4,1,-1,0,1,0,-1,5,1,7,8,-1,0,0,1,-1,1,1,5,1
KR_6707006640,440,5,51,-2,11,5,7,2,0,3,3,-1,2,3,2,3,1,5,5,0,0,13,6,0,5,5,4,0,0,1,1,1,1,3,1
KR_6764802298,420,1,41,-21,-3,2,4,2,-5,1,6,-5,1,6,2,2,0,3,3,0,0,-5,6,4,5,9,-22,0,0,-1,0,0,1,6,1
KR_6744134717,420,4,87,56,9,3,4,1,0,5,5,-1,1,2,7,10,3,0,2,2,0,0,-3,-1,7,6,2,0,3,1,1,1,1,6,1
KR_6670590199,420,5,53,19,14,2,4,2,8,8,0,-1,1,2,6,8,2,-1,0,1,2,18,7,5,6,11,-3,0,1,1,1,1,1,2,1
KR_6755270184,420,-1,-6,-5,-1,3,3,0,1,2,1,-2,2,4,-1,0,1,-2,0,2,0,-1,64,-3,6,3,1,0,2,1,1,1,1,5,1
KR_6722585147,420,3,38,11,7,2,5,3,3,4,1,-1,2,3,3,3,0,0,0,0,0,8,11,8,1,9,-2,0,-1,1,-1,-1,1,6,1
KR_6764747055,420,5,76,18,8,3,3,0,1,3,2,0,4,4,5,7,2,-1,0,1,0,1,0,1,6,7,8,0,1,1,1,1,1,6,1
KR_6753938281,420,2,15,11,3,-2,0,2,3,5,2,0,2,2,0,2,2,2,2,0,-1,10,-98,-5,7,2,3,0,0,-1,-1,0,-1,5,1
KR_6637846764,420,0,-14,24,1,-2,1,3,-1,2,3,2,3,1,1,3,2,1,2,1,0,5,25,-1,9,8,-3,0,0,-1,0,0,1,1,1
KR_6681619122,420,4,22,-3,2,1,3,2,0,1,1,5,6,1,2,4,2,-6,0,6,-2,-1,9,2,5,7,0,0,-1,-1,1,-1,-1,6,1
KR_6727737167,420,0,-4,-4,8,3,3,0,-2,3,5,0,5,5,4,4,0,3,3,0,-1,2,32,5,2,7,-2,0,2,1,1,1,-1,1,1
KR_6740074604,420,3,13,31,2,-5,0,5,5,7,2,-2,2,4,3,3,0,1,1,0,0,8,1,-3,6,3,-1,0,1,1,1,1,1,2,1
KR_6761141425,420,2,27,15,2,4,4,0,-2,1,3,-2,3,5,1,2,1,1,2,1,0,-8,-33,-3,9,6,1,0,1,-1,1,1,-1,5,1
KR_6753253892,420,5,49,20,6,1,3,2,2,4,2,0,1,1,1,2,1,2,3,1,0,6,-4,2,4,6,2,0,2,1,1,1,1,1,1
KR_6727701363,420,3,53,-16,11,0,2,2,2,4,2,-1,2,3,7,8,1,3,4,1,1,20,3,9,2,11,3,0,3,1,1,1,1,4,1
KR_6736815514,420,0,48,15,-1,2,3,1,0,3,3,6,6,0,-8,0,8,-1,2,3,0,-3,11,6,1,7,-6,0,1,1,1,1,1,2,1
KR_6754550932,420,3,45,24,2,3,3,0,3,4,1,-1,2,3,-3,1,4,0,0,0,0,2,-4,0,4,4,2,0,1,0,1,1,-1,0,1
KR_6676413830,420,4,-2,-7,12,1,2,1,5,6,1,-1,1,2,7,9,2,0,0,0,1,9,7,5,5,10,2,0,1,0,-1,1,1,0,1
KR_6693651811,420,6,77,36,5,2,3,1,-1,4,5,-2,2,4,2,3,1,4,4,0,0,-3,8,-1,8,7,-1,0,3,1,1,1,1,3,1
KR_6760584838,420,5,70,16,8,-1,0,1,0,4,4,4,4,0,4,4,0,1,4,3,0,8,8,2,5,7,1,0,0,0,1,0,1,0,1
KR_6759756636,440,2,8,24,5,-1,0,1,1,1,0,-1,2,3,4,5,1,2,2,0,-1,7,7,2,4,6,9,0,0,-1,1,0,-1,3,1
KR_6733968745,420,3,-5,-16,8,3,5,2,2,3,1,2,2,0,2,3,1,-1,1,2,1,14,5,2,3,5,0,0,0,1,1,1,1,5,1
KR_6685766183,420,-1,53,-13,0,0,2,2,4,8,4,-2,0,2,-1,1,2,-1,0,1,0,-4,-8,-7,8,1,-1,0,-1,-1,1,-1,-1,6,1
KR_6739647966,420,4,6,31,10,0,0,0,4,4,0,3,4,1,3,3,0,0,1,1,0,14,8,1,4,5,2,0,1,1,1,1,1,6,1
KR_6693848832,420,4,48,20,4,2,3,1,4,8,4,-3,0,3,1,2,1,0,0,0,0,4,-9,-3,8,5,10,0,2,1,1,1,1,3,1
KR_6733365504,420,4,-17,-33,10,3,4,1,2,3,1,5,9,4,1,1,0,-1,0,1,0,19,3,3,3,6,-5,0,0,-1,-1,0,1,4,1
KR_6764555875,420,-1,43,-4,-2,0,2,2,1,3,2,-1,0,1,0,4,4,-2,0,2,0,-2,-9,0,4,4,4,0,-1,1,-1,-1,-1,3,1
KR_6666577093,420,-1,6,-15,-4,1,2,1,-2,5,7,-3,0,3,2,6,4,-2,1,3,0,0,-7,3,5,8,3,0,0,-1,1,1,-1,2,1
KR_6760929905,420,5,17,48,8,0,2,2,-1,2,3,7,8,1,1,6,5,1,1,0,-1,6,21,-1,8,7,28,0,1,1,-1,1,-1,5,1
KR_6727906156,440,2,23,-8,7,-1,0,1,3,5,2,-2,2,4,5,5,0,2,2,0,0,12,30,3,2,5,1,0,-1,-1,0,1,1,6,1
KR_6754381193,420,3,33,20,10,0,2,2,-1,2,3,7,7,0,2,4,2,2,2,0,0,3,-10,-3,5,2,3,0,3,1,1,1,1,5,1
KR_6765612178,440,4,72,15,14,2,3,1,0,3,3,10,11,1,1,3,2,1,1,0,0,19,-121,-3,9,6,1,0,3,-1,1,1,-1,6,1
KR_6752215435,420,-4,58,-22,-4,0,2,2,1,3,2,-3,1,4,-2,3,5,0,1,1,0,-5,23,-3,6,3,-21,0,0,-1,-1,1,-1,3,1
KR_6751345418,420,6,102,29,17,2,3,1,3,5,2,1,3,2,11,13,2,0,0,0,0,16,-10,-1,6,5,0,0,1,-1,1,1,1,6,1
KR_6754828491,420,-2,-23,12,-8,-2,1,3,-4,1,5,-2,0,2,1,3,2,-1,2,3,-2,-9,0,-3,8,5,-2,0,-1,-1,-1,-1,-1,6,1
KR_6754919015,420,3,-16,36,5,0,1,1,3,3,0,-3,0,3,4,4,0,1,1,0,0,10,-6,-1,7,6,2,0,1,1,1,1,1,6,1
KR_6759563262,440,3,72,20,4,0,2,2,-1,3,4,4,7,3,0,2,2,1,1,0,1,6,4,3,4,7,1,0,1,-1,1,1,1,4,1
KR_6657946262,420,4,3,25,3,0,2,2,2,3,1,-2,0,2,5,6,1,-2,0,2,0,1,-57,-4,8,4,10,0,0,1,-1,0,-1,1,1
KR_6759156629,420,6,48,12,11,1,1,0,2,4,2,2,3,1,6,6,0,0,3,3,0,15,-2,-4,7,3,5,0,0,1,-1,0,1,6,1
KR_6749638827,420,3,11,-6,4,-3,0,3,-2,0,2,5,6,1,4,6,2,0,2,2,1,6,1,4,5,9,-3,0,1,-1,1,1,1,2,1
KR_6694910070,420,3,-37,43,9,0,1,1,5,8,3,-3,3,6,5,9,4,2,3,1,0,11,16,1,6,7,4,0,0,1,1,-1,1,5,1
KR_6762726060,420,-2,25,16,-3,3,4,1,0,1,1,1,3,2,-5,1,6,-2,0,2,0,-15,-4,-3,10,7,2,0,0,1,1,0,-1,5,1
KR_6748170370,420,1,3,-8,6,0,0,0,5,7,2,2,4,2,-3,4,7,2,2,0,-1,7,-10,2,5,7,-6,0,0,1,1,1,-1,5,1
KR_6646360145,420,1,17,21,7,4,5,1,4,6,2,-1,3,4,0,1,1,0,0,0,0,5,3,4,3,7,-2,0,1,-1,1,1,-1,4,1
KR_6675251979,420,4,91,0,5,1,2,1,1,4,3,1,2,1,3,4,1,-1,1,2,0,5,12,6,3,9,-5,0,0,0,1,0,1,0,1
KR_6762353458,420,0,36,16,2,4,4,0,-2,1,3,2,4,2,-4,0,4,2,2,0,-2,-8,-90,2,5,7,3,0,1,1,1,1,-1,3,1
KR_6714900420,420,1,69,4,1,1,1,0,-1,6,7,3,3,0,-2,2,4,0,2,2,0,4,18,3,2,5,2,0,-1,1,0,-1,-1,2,1
KR_6761014839,440,2,25,-5,7,2,3,1,0,1,1,3,4,1,3,5,2,-1,0,1,-1,4,7,5,4,9,-1,0,1,1,-1,1,-1,1,1
KR_6733295415,420,2,-22,-14,15,0,1,1,3,5,2,8,8,0,3,4,1,1,1,0,0,19,54,0,4,4,2,0,1,1,1,1,-1,4,1
KR_6762798950,420,2,28,4,-6,0,1,1,0,2,2,3,3,0,-9,0,9,0,0,0,0,-12,-36,-2,4,2,0,0,0,-1,-1,0,-1,1,1
KR_6765613512,420,0,-31,-5,4,3,5,2,-1,3,4,3,5,2,-2,2,4,1,2,1,0,3,-1,2,3,5,-1,0,-1,1,-1,-1,-1,2,1
KR_6642317109,420,7,34,29,17,2,2,0,3,3,0,6,6,0,8,10,2,-2,1,3,0,11,5,5,5,10,3,0,3,1,-1,1,1,5,1
KR_6609208244,420,-2,-33,0,-3,-2,1,3,0,5,5,0,3,3,0,3,3,-1,1,2,1,0,2,2,5,7,4,0,-1,1,1,-1,1,5,1
KR_6754079351,420,1,-46,32,-3,2,3,1,-2,3,5,1,1,0,-4,1,5,0,0,0,0,-4,130,-3,6,3,1,0,0,-1,-1,0,-1,4,1
KR_6743877016,420,3,61,4,7,-1,2,3,3,4,1,2,2,0,1,3,2,2,3,1,0,5,4,-2,5,3,-3,0,0,1,-1,1,1,5,1
KR_6762665162,420,2,29,0,-1,-1,0,1,1,3,2,0,3,3,1,2,1,-2,2,4,0,-1,4,6,2,8,-1,0,0,1,1,0,-1,3,1
KR_6755082368,420,1,58,9,1,1,2,1,-2,1,3,1,2,1,3,6,3,-2,2,4,0,-2,21,2,3,5,0,0,1,1,-1,1,1,6,1
KR_6746879075,420,3,17,4,4,6,6,0,1,2,1,5,6,1,-6,1,7,-2,0,2,0,-2,5,3,3,6,2,0,2,-1,-1,1,1,1,1
KR_6761893244,420,2,-20,36,-1,3,4,1,-4,0,4,-3,1,4,1,4,3,2,2,0,0,1,6,2,5,7,-5,0,1,1,1,1,-1,6,1
KR_6663055642,420,0,13,-4,-4,-1,0,1,-2,2,4,-1,5,6,1,1,0,-1,0,1,0,0,-6,5,3,8,-7,0,0,1,-1,0,-1,2,1
KR_6760710598,420,2,13,10,7,4,5,1,2,3,1,-1,2,3,2,2,0,0,1,1,0,5,-38,-2,6,4,-3,0,0,1,-1,-1,-1,6,1
KR_6757908466,420,-1,-14,18,-1,-1,2,3,2,4,2,-3,2,5,-2,0,2,3,4,1,0,0,9,4,4,8,1,0,0,1,-1,-1,-1,5,1
KR_6702473778,420,0,28,8,1,2,3,1,-4,4,8,-1,2,3,0,4,4,4,5,1,0,1,61,3,2,5,-13,0,0,1,1,1,1,5,1
KR_6758392554,440,4,-37,14,11,-1,2,3,10,10,0,1,3,2,2,3,1,-1,3,4,1,16,39,2,5,7,-1,0,-1,1,1,1,1,5,1
KR_6692740337,420,0,-60,0,4,-2,0,2,3,5,2,-1,5,6,3,4,1,1,2,1,0,3,0,-4,9,5,2,0,-1,1,-1,-1,-1,3,1
KR_6749677581,420,3,50,34,5,-1,1,2,3,5,2,5,7,2,-1,2,3,-1,3,4,0,0,35,-1,8,7,0,0,0,1,1,0,-1,6,1
KR_6636382720,420,2,6,3,4,3,4,1,-2,1,3,0,0,0,2,5,3,1,3,2,1,7,2,-1,3,2,4,0,1,1,1,1,1,4,1
KR_6763109586,420,2,-14,-1,8,2,3,1,0,3,3,4,4,0,2,2,0,0,2,2,0,13,-88,-6,8,2,1,0,0,1,1,0,1,6,1
KR_6721349720,420,2,-12,-4,5,-2,1,3,3,4,1,4,6,2,3,5,2,-3,0,3,1,11,-6,0,5,5,6,0,2,-1,1,1,1,5,1
KR_6744590942,420,4,-31,20,8,0,2,2,2,4,2,8,9,1,-2,2,4,0,0,0,0,6,-1,4,3,7,2,0,0,-1,-1,-1,1,6,1
KR_6687315648,420,-3,-44,9,-1,-2,0,2,1,4,3,-6,0,6,6,6,0,0,2,2,0,3,3,-4,7,3,0,0,-1,-1,-1,-1,-1,4,1
KR_6742306578,420,1,-43,6,6,1,1,0,0,4,4,0,3,3,5,5,0,0,2,2,0,0,5,3,4,7,-3,0,1,-1,1,1,-1,2,1
KR_6763438374,420,0,31,-4,1,0,1,1,2,4,2,1,2,1,-2,0,2,0,3,3,0,2,7,5,4,9,4,0,1,1,1,1,-1,6,1
KR_6614836125,420,5,13,4,7,3,4,1,-1,1,2,5,6,1,-1,1,2,1,2,1,0,8,-24,2,4,6,1,0,-1,-1,-1,-1,-1,5,1
KR_6640031853,420,-2,-25,-12,3,-4,0,4,0,1,1,7,8,1,-3,0,3,3,4,1,0,7,17,-3,6,3,-1,0,0,1,-1,0,1,2,1
KR_6690514084,440,0,-26,-18,1,-5,0,5,-2,0,2,6,8,2,3,4,1,-1,0,1,1,-1,-1,2,1,3,0,0,0,1,1,-1,1,2,1
KR_6629080688,420,2,0,2,6,0,1,1,-1,1,2,4,6,2,0,3,3,3,3,0,0,3,-4,-1,4,3,0,0,1,1,1,1,-1,1,1
KR_6606888726,420,4,46,-2,7,1,1,0,-1,1,2,2,4,2,6,7,1,-1,0,1,0,9,4,-2,5,3,6,0,0,1,1,1,1,1,1
KR_6765111198,420,2,83,-9,10,2,2,0,1,2,1,0,3,3,7,8,1,0,0,0,0,6,17,-5,9,4,2,0,1,1,1,1,1,6,1
KR_6756173306,420,1,7,-4,9,2,5,3,2,2,0,2,2,0,2,2,0,1,1,0,0,8,5,1,8,9,2,0,-1,1,1,-1,1,2,1
KR_6413316264,420,-1,10,-24,0,2,3,1,-7,3,10,-1,0,1,4,7,3,2,2,0,-1,9,1,-4,9,5,3,0,1,1,-1,1,-1,5,1
KR_6664816330,420,10,76,104,13,2,3,1,4,4,0,4,4,0,3,6,3,0,0,0,0,1,10,6,0,6,3,0,2,1,1,1,1,4,1
KR_6763769604,420,-1,9,9,-6,0,0,0,2,6,4,-7,0,7,-2,2,4,1,1,0,0,-7,-4,-6,8,2,1,0,-1,-1,1,-1,-1,2,1
KR_6737931160,440,4,60,60,6,5,7,2,-2,3,5,-2,3,5,2,4,2,3,3,0,0,-1,6,-1,2,1,-1,0,0,1,-1,1,-1,4,1
KR_6760306387,420,2,73,-24,2,1,3,2,-2,2,4,-1,2,3,3,4,1,1,1,0,0,9,-5,1,3,4,1,0,-1,-1,-1,-1,-1,4,1
KR_6702023769,440,1,18,10,6,2,3,1,0,1,1,-8,3,11,7,7,0,5,5,0,-1,-1,4,0,3,3,0,0,0,1,-1,0,-1,5,1
KR_6698358546,420,3,62,13,13,3,4,1,1,3,2,3,6,3,5,5,0,1,1,0,0,13,9,1,2,3,1,0,2,1,-1,1,1,5,1
KR_6760484327,420,3,-4,2,8,3,4,1,-4,2,6,3,3,0,0,4,4,6,8,2,0,5,-11,-2,7,5,3,0,0,-1,1,-1,1,6,1
KR_6751953937,440,4,112,7,12,-1,1,2,4,6,2,1,1,0,7,7,0,1,1,0,0,17,-3,0,3,3,-2,0,1,-1,1,1,1,6,1
KR_6571983961,420,5,48,21,12,1,2,1,7,8,1,-1,1,2,4,5,1,1,1,0,0,16,10,3,6,9,-2,0,1,1,1,1,1,4,1
KR_6743942426,420,3,23,4,1,1,3,2,-1,1,2,3,4,1,-1,3,4,-1,0,1,-1,3,-3,0,7,7,0,0,1,1,1,1,-1,4,1
KR_6573471493,420,0,37,-11,3,0,0,0,-1,2,3,3,5,2,1,2,1,0,0,0,0,0,32,-7,11,4,2,0,-1,-1,1,-1,-1,6,1
KR_6752028997,420,0,24,-36,7,0,1,1,4,8,4,0,4,4,3,3,0,0,0,0,0,10,9,1,4,5,2,0,1,-1,1,1,1,5,1
KR_6563962899,420,1,21,-9,1,0,3,3,2,5,3,1,1,0,0,4,4,-2,0,2,0,-6,7,1,2,3,3,0,2,1,1,1,1,2,1
KR_6657918350,420,3,6,10,4,4,5,1,4,4,0,5,6,1,-5,1,6,-4,0,4,0,5,-12,-3,4,1,5,0,1,1,1,1,-1,1,1
KR_6590568292,420,4,-10,15,10,4,5,1,2,4,2,1,2,1,1,5,4,2,2,0,0,12,7,5,5,10,3,0,1,-1,1,1,-1,4,1
KR_6681229005,440,-2,-22,13,-4,-7,2,9,3,5,2,3,4,1,0,2,2,-3,0,3,0,-2,-2,-3,8,5,6,0,0,1,0,-1,-1,4,1
KR_6750057479,420,3,65,18,11,-2,1,3,4,8,4,2,3,1,2,4,2,5,5,0,0,4,7,-2,6,4,1,0,2,-1,1,1,-1,1,1
KR_6720374835,420,0,8,4,-7,-2,0,2,-2,3,5,-5,1,6,1,2,1,1,2,1,0,-3,-3,1,6,7,3,0,-1,1,-1,-1,-1,6,1
KR_6744359019,420,-3,-64,-12,4,-3,1,4,0,4,4,3,6,3,4,6,2,0,1,1,-1,9,8,4,3,7,-2,0,-1,1,-1,-1,-1,4,1
KR_6758507049,420,3,46,-16,10,0,1,1,2,3,1,1,2,1,8,8,0,-1,0,1,0,4,2,-7,10,3,-1,0,2,1,1,1,-1,2,1
KR_6632438366,420,6,36,23,11,1,2,1,-1,5,6,0,2,2,13,13,0,-2,1,3,0,25,9,5,8,13,0,0,2,1,-1,1,-1,5,1
KR_6696352834,420,0,49,-6,3,3,6,3,3,4,1,1,2,1,-4,3,7,0,0,0,0,3,29,-3,7,4,-2,0,2,-1,1,1,1,6,1
KR_6601822968,420,-3,-25,22,-5,-3,1,4,0,2,2,4,5,1,-5,2,7,-1,2,3,-1,-6,-4,3,4,7,-2,0,0,1,1,1,-1,2,1
KR_6756245205,420,3,36,20,9,-2,0,2,9,10,1,0,5,5,3,5,2,-1,1,2,1,8,6,1,4,5,-3,0,0,1,1,-1,1,4,1
KR_6737932126,420,4,17,-12,12,0,2,2,4,4,0,3,5,2,2,3,1,3,3,0,1,24,-4,0,5,5,-4,0,1,1,1,1,1,5,1
KR_6759916973,440,1,29,7,-3,-3,0,3,-3,0,3,3,3,0,-1,0,1,1,3,2,0,1,-16,-5,11,6,6,0,-1,1,-1,-1,-1,5,1
KR_6759108834,420,-3,1,-16,0,-1,1,2,2,3,1,1,2,1,-3,0,3,1,4,3,0,5,-491,2,3,5,2,0,0,-1,-1,0,1,4,1
KR_6728581126,420,5,61,48,6,1,1,0,-1,1,2,0,1,1,4,4,0,2,2,0,0,4,156,4,3,7,1,0,4,1,1,1,1,3,1
KR_6652270553,420,0,35,4,2,-2,2,4,4,5,1,1,2,1,-1,3,4,0,1,1,0,2,4,-5,7,2,-2,0,0,1,-1,-1,1,5,1
KR_6742972209,420,8,-2,24,16,1,3,2,5,6,1,0,1,1,6,6,0,4,4,0,0,30,-103,1,5,6,4,0,1,1,1,1,1,6,1
KR_6736720360,420,0,-24,4,-3,1,2,1,3,3,0,-2,3,5,-5,0,5,0,4,4,0,2,-9,-2,8,6,-1,0,0,0,1,0,-1,0,1
KR_6743674910,420,-1,-10,13,-5,-3,2,5,1,2,1,0,1,1,0,1,1,-3,0,3,0,-2,8,2,4,6,1,0,0,1,1,0,1,2,1
KR_6630275378,420,5,-3,61,12,5,6,1,6,7,1,1,2,1,2,4,2,-2,0,2,0,9,113,1,3,4,0,0,0,1,1,1,1,1,1
KR_6742232875,420,-1,-40,-25,-2,-2,2,4,0,1,1,-2,1,3,3,3,0,-1,0,1,0,3,-27,1,6,7,2,0,0,1,-1,1,-1,3,1
KR_6756851454,420,1,-10,2,4,-2,1,3,-1,3,4,4,5,1,2,5,3,1,1,0,1,10,5,-3,5,2,-4,0,1,1,-1,1,1,1,1
KR_6764028139,420,3,-29,35,4,3,5,2,1,5,4,-1,5,6,0,6,6,1,2,1,2,3,-11,-5,9,4,5,0,0,1,-1,0,-1,6,1
KR_6746269713,420,3,17,4,7,3,4,1,3,4,1,0,1,1,1,2,1,0,0,0,1,11,5,4,4,8,2,0,0,1,1,0,1,6,1
KR_6763681655,440,4,-22,30,10,3,4,1,7,7,0,-1,1,2,1,1,0,0,1,1,0,8,3,-1,4,3,1,0,1,1,0,1,1,5,1
KR_6756960647,440,5,13,32,15,3,4,1,8,8,0,3,4,1,-3,1,4,4,4,0,2,19,-400,2,5,7,1,0,0,-1,-1,1,1,5,1
KR_6757900489,420,2,55,8,6,-1,1,2,2,4,2,1,5,4,4,5,1,0,3,3,0,6,9,4,5,9,-1,0,0,1,0,1,1,2,1
KR_6683070572,420,1,52,4,-1,-2,0,2,-4,0,4,3,3,0,4,6,2,-2,0,2,0,-3,-6,-4,7,3,1,0,1,0,1,1,-1,0,1
KR_6761584532,440,-5,-5,-4,-3,-5,1,6,1,6,5,4,6,2,-1,0,1,-2,0,2,0,3,-25,-5,7,2,1,0,-1,1,-1,-1,1,5,1
KR_6762010899,420,1,130,22,2,4,6,2,-3,2,5,0,0,0,0,2,2,1,1,0,0,0,-4,-5,9,4,2,0,0,-1,-1,1,1,3,1
KR_6764050831,420,1,-10,-8,-1,1,1,0,1,2,1,2,4,2,-4,5,9,-1,0,1,-1,0,6,0,7,7,1,0,0,0,-1,0,-1,0,1
KR_6743042118,420,4,101,-10,16,0,3,3,5,6,1,3,3,0,6,6,0,2,3,1,0,17,4,6,2,8,3,0,0,1,-1,1,1,4,1
KR_6751214894,440,2,-7,-12,1,2,2,0,-2,1,3,3,4,1,-3,2,5,1,2,1,0,-6,40,0,8,8,0,0,1,0,0,1,-1,0,1
KR_6760470140,420,2,-18,4,0,1,1,0,1,4,3,0,1,1,-1,0,1,-1,0,1,0,-9,-2,-4,9,5,-6,0,0,-1,1,1,-1,2,1
KR_6764357756,420,1,98,-11,7,1,3,2,-2,2,4,3,7,4,5,6,1,0,1,1,0,2,-5,3,2,5,0,0,1,-1,-1,1,1,6,1
KR_6698703862,420,-1,24,-4,1,-1,0,1,-4,1,5,1,1,0,4,5,1,1,2,1,0,-1,-43,-3,6,3,19,0,0,-1,-1,1,-1,1,1
KR_6754785817,420,-3,-35,-16,4,0,1,1,2,3,1,1,1,0,1,2,1,0,0,0,0,0,2,0,6,6,1,0,1,-1,1,1,1,1,1
KR_6755340757,420,-3,-66,18,0,-3,2,5,-1,4,5,0,2,2,3,5,2,1,2,1,2,10,2,-1,5,4,-4,0,1,-1,1,1,1,6,1
KR_6748395334,420,0,28,10,-3,-3,1,4,-1,7,8,-1,2,3,0,1,1,2,3,1,0,-4,23,-1,6,5,-2,0,1,-1,-1,-1,1,3,1
KR_6754459818,420,-2,56,-12,-7,2,2,0,-6,0,6,-2,0,2,0,3,3,-1,0,1,0,-18,-8,-3,5,2,-3,0,0,-1,0,-1,-1,3,1
KR_6717798531,420,-3,-64,2,-1,-3,1,4,-2,2,4,-5,1,6,6,8,2,3,3,0,0,12,145,-5,8,3,-5,0,-1,-1,-1,-1,-1,2,1
KR_6644204044,420,2,-14,3,0,0,1,1,0,4,4,2,4,2,-3,0,3,1,1,0,0,0,34,2,4,6,-4,0,-1,-1,-1,-1,-1,3,1
KR_6642690828,420,5,66,41,10,3,3,0,3,5,2,6,7,1,-2,2,4,0,0,0,1,4,-99,1,5,6,-5,0,2,-1,1,1,-1,2,1
KR_6755730014,440,-2,-74,-27,-7,-2,1,3,-3,0,3,-1,0,1,-8,1,9,7,8,1,1,-1,-373,1,6,7,0,0,-1,-1,-1,-1,1,3,1
KR_6749927021,420,0,8,-3,5,4,5,1,2,4,2,-1,3,4,3,5,2,-3,0,3,0,22,18,-1,6,5,-2,0,-2,1,-1,-1,-1,2,1
KR_6660689402,420,2,67,-17,4,2,3,1,3,6,3,-4,0,4,4,4,0,-1,0,1,0,11,-56,1,6,7,32,0,-1,1,-1,-1,-1,5,1
KR_6754418257,440,3,52,8,-1,-2,5,7,3,3,0,0,0,0,-2,3,5,0,0,0,0,-6,2,3,5,8,1,0,1,-1,-1,1,1,6,1
KR_6726622041,440,1,-25,-15,7,-2,1,3,4,5,1,1,1,0,1,3,2,3,3,0,2,14,36,6,4,10,-1,0,1,1,1,1,1,6,1
KR_6730305965,420,4,-26,36,11,3,4,1,2,3,1,-2,1,3,5,5,0,3,3,0,0,12,-102,2,3,5,-3,0,0,1,0,0,-1,4,1
KR_6706394176,420,-1,-16,13,4,-1,3,4,4,5,1,2,3,1,0,0,0,-1,0,1,0,5,-1,-1,6,5,-2,0,0,-1,1,0,1,1,1
KR_6760420955,420,2,18,-1,5,-3,3,6,3,3,0,1,3,2,2,3,1,2,2,0,0,0,2,-2,5,3,-1,0,0,-1,-1,-1,1,2,1
KR_6746263683,420,5,53,11,1,-1,1,2,1,2,1,1,2,1,-1,1,2,1,1,0,0,8,10,-2,7,5,-3,0,1,1,-1,1,-1,1,1
KR_6754288251,440,6,103,11,12,1,4,3,2,5,3,13,14,1,-2,0,2,-2,0,2,-1,14,-20,0,5,5,5,0,1,1,1,1,-1,2,1
KR_6605399318,420,-2,53,14,-5,0,1,1,-2,2,4,-4,2,6,2,3,1,-1,0,1,0,-11,-13,1,7,8,-23,0,2,-1,1,1,-1,3,1
KR_6729633955,420,4,13,4,6,1,3,2,1,5,4,2,2,0,3,7,4,-1,2,3,0,11,16,1,6,7,-3,0,0,1,-1,0,1,6,1
KR_6745564403,420,2,46,-2,1,-3,2,5,4,4,0,-3,1,4,0,4,4,3,4,1,2,9,6,-4,6,2,-3,0,1,1,1,1,1,6,1
KR_6604869124,420,2,10,-4,5,4,4,0,4,6,2,-2,0,2,-1,4,5,0,0,0,0,6,-2,1,9,10,1,0,1,-1,1,1,-1,6,1
KR_6731654573,420,2,64,7,0,-1,2,3,3,3,0,0,2,2,0,3,3,-2,1,3,0,-3,-1,1,7,8,-5,0,0,1,-1,0,-1,5,1
KR_6694907750,420,-1,-56,-8,-3,-3,1,4,3,5,2,0,2,2,-1,2,3,-2,1,3,-1,-8,-74,1,4,5,23,0,-2,1,-1,-1,-1,4,1
KR_6755171364,420,-1,-9,14,-6,0,2,2,-2,3,5,-1,2,3,-4,0,4,1,2,1,0,-13,-6,-1,6,5,-1,0,0,1,-1,-1,-1,5,1
KR_6753079290,420,1,-65,32,3,0,1,1,-4,0,4,5,7,2,2,7,5,0,1,1,-2,0,-111,2,3,5,0,0,0,1,1,-1,-1,4,1
KR_6700670944,420,1,20,0,0,-1,0,1,2,3,1,-4,2,6,3,4,1,0,1,1,0,-4,3,-4,9,5,0,0,0,-1,-1,0,1,4,1
KR_6749656968,420,1,-24,-12,1,0,2,2,-2,1,3,6,6,0,-1,2,3,-2,0,2,0,8,-2,-5,7,2,0,0,-1,-1,-1,-1,1,1,1
KR_6760709073,440,8,92,16,27,6,8,2,6,6,0,6,6,0,8,9,1,1,4,3,2,35,4,4,4,8,1,0,1,1,-1,1,1,3,1
KR_6761737679,440,1,21,-2,3,-2,0,2,2,4,2,0,2,2,-3,0,3,6,7,1,0,0,6,4,2,6,1,0,1,1,0,1,1,5,1
KR_6686765536,420,0,6,8,4,4,4,0,3,3,0,-4,2,6,1,3,2,0,0,0,0,4,0,0,4,4,1,0,0,1,1,0,1,3,1
KR_6759231852,420,-1,23,-19,2,-5,0,5,-1,2,3,3,3,0,1,6,5,4,4,0,1,14,-17,1,3,4,3,0,-1,-1,0,-1,1,1,1
KR_6655707434,420,1,4,-12,-2,0,0,0,0,4,4,-4,5,9,-1,1,2,3,3,0,-1,-3,3,-4,5,1,-1,0,1,-1,1,1,-1,1,1
KR_6646213857,420,2,25,28,3,1,1,0,0,1,1,1,3,2,1,1,0,0,0,0,-1,-2,2,1,6,7,5,0,1,1,1,1,-1,1,1
KR_6747817278,420,8,26,21,13,2,4,2,2,4,2,8,10,2,4,5,1,-3,1,4,-1,7,54,-4,5,1,-11,0,3,0,1,1,1,0,1
KR_6630831356,420,0,-53,32,1,0,3,3,-2,3,5,1,5,4,5,7,2,-3,1,4,-2,2,-5,-3,8,5,0,0,-1,1,0,-1,-1,1,1
KR_6749596557,420,1,12,-8,3,3,6,3,0,1,1,-1,0,1,3,6,3,-2,1,3,0,-6,-5,2,8,10,6,0,0,-1,1,0,-1,4,1
KR_6763872291,420,0,-5,-32,3,3,4,1,-1,1,2,3,5,2,-1,1,2,-1,2,3,0,-6,2,0,7,7,1,0,2,1,-1,-1,1,3,1
KR_6752845331,420,5,95,34,7,2,4,2,4,5,1,-1,1,2,3,3,0,-1,1,2,0,6,4,3,3,6,-1,0,2,1,1,1,1,1,1
KR_6683126293,420,5,-50,0,18,3,4,1,0,2,2,1,1,0,13,14,1,1,3,2,2,21,7,3,3,6,-1,0,2,0,1,1,1,0,1
KR_6696881378,420,0,20,23,4,3,3,0,3,4,1,-3,3,6,0,3,3,1,3,2,0,4,125,-1,7,6,-3,0,1,1,1,1,1,6,1
KR_6621490058,420,0,-8,1,1,-1,2,3,9,10,1,0,2,2,-5,0,5,-2,1,3,0,7,21,3,9,12,9,0,1,1,1,1,-1,4,1
KR_6738497852,420,1,93,-7,6,4,4,0,3,7,4,-2,1,3,2,4,2,-1,0,1,0,4,3,5,5,10,4,0,2,1,1,1,1,2,1
KR_6744155567,420,-4,-13,-52,-5,-2,1,3,-2,1,3,-2,0,2,2,4,2,-1,0,1,0,0,-135,-4,7,3,-4,0,-1,0,-1,-1,1,0,1
KR_6637834090,420,7,96,40,8,2,3,1,2,4,2,0,1,1,2,3,1,2,2,0,0,11,6,2,5,7,2,0,2,1,1,1,1,2,1
KR_6715987759,420,-6,-25,-7,-12,-5,1,6,-4,3,7,3,3,0,-6,3,9,0,0,0,0,-14,-7,-2,9,7,6,0,0,-1,0,1,1,4,1
KR_6760268599,420,0,2,16,1,-5,2,7,4,7,3,2,4,2,-1,5,6,1,3,2,2,10,2,0,9,9,4,0,1,1,1,-1,1,2,1
KR_6615201733,420,7,133,-3,14,5,5,0,-1,3,4,4,7,3,6,6,0,0,0,0,0,5,-4,-2,7,5,6,0,2,1,1,1,1,6,1
KR_6758929799,420,-3,-5,-21,-1,5,5,0,0,4,4,-8,1,9,-1,5,6,3,3,0,1,-1,-3,1,6,7,-3,0,0,-1,-1,-1,1,5,1
KR_6756191122,440,8,73,27,27,12,12,0,4,4,0,2,4,2,6,7,1,3,5,2,1,21,-6,4,1,5,2,0,2,0,0,1,-1,0,1
KR_6721059552,420,5,86,30,17,6,8,2,5,5,0,3,4,1,0,4,4,3,3,0,0,16,11,3,3,6,5,0,2,1,-1,1,1,3,1
KR_6735468020,420,2,-4,4,5,5,6,1,-2,0,2,6,6,0,-2,1,3,-2,1,3,0,10,42,5,3,8,-1,0,2,-1,1,1,-1,3,1
KR_6691100799,440,2,57,-9,0,2,3,1,-2,1,3,2,2,0,-2,3,5,0,0,0,0,9,41,0,4,4,-1,0,3,-1,1,1,-1,3,1
KR_6649367988,420,5,44,7,11,0,1,1,5,5,0,1,5,4,4,6,2,1,1,0,0,8,3,-1,6,5,1,0,1,1,1,1,1,3,1
KR_6709106915,420,2,-3,-2,7,0,1,1,-1,2,3,1,2,1,3,4,1,4,4,0,0,11,7,2,3,5,-4,0,-1,1,-1,-1,-1,1,1
KR_6615565816,420,7,105,18,20,4,7,3,5,5,0,2,4,2,6,7,1,3,3,0,0,26,26,-1,5,4,2,0,5,1,1,1,1,3,1
KR_6564197227,420,-1,6,22,1,2,2,0,-3,1,4,2,2,0,-1,3,4,1,1,0,0,2,19,1,6,7,2,0,0,0,1,1,-1,0,1
KR_6670877243,420,2,17,4,2,-3,0,3,7,8,1,3,3,0,0,0,0,-5,0,5,0,3,4,2,4,6,0,0,-1,1,-1,-1,-1,5,1
KR_6726522775,440,1,18,12,5,5,6,1,4,4,0,0,0,0,0,1,1,-4,0,4,0,0,-4,-2,4,2,0,0,1,0,1,1,1,0,1
KR_6746240763,420,1,-5,8,5,0,2,2,-2,1,3,-1,3,4,7,11,4,1,2,1,0,11,13,3,2,5,1,0,2,1,1,1,-1,6,1
KR_6690422780,420,9,65,-20,20,4,5,1,7,8,1,3,3,0,5,6,1,1,3,2,0,22,10,4,4,8,-2,0,2,1,-1,1,1,2,1
KR_6765490987,420,1,34,-7,3,3,5,2,4,5,1,2,3,1,-2,1,3,-4,0,4,0,-3,7,-3,6,3,2,0,1,-1,1,1,1,5,1
KR_6699357322,420,1,36,0,8,2,3,1,1,3,2,-3,1,4,1,1,0,7,8,1,0,8,281,0,5,5,0,0,1,1,1,1,1,5,1
KR_6732835037,420,0,-43,-16,1,0,3,3,-2,2,4,2,6,4,0,0,0,1,2,1,0,6,11,-3,6,3,9,0,-2,-1,-1,-1,-1,2,1
KR_6729752986,440,6,96,25,17,2,4,2,12,12,0,-1,2,3,2,2,0,2,2,0,0,20,4,0,3,3,5,0,2,1,-1,1,1,3,1
KR_6750978582,420,-1,-33,29,-5,-1,2,3,1,2,1,-3,1,4,-5,0,5,3,4,1,0,-8,-8,-2,6,4,-2,0,0,0,-1,1,-1,0,1
KR_6699546826,420,1,-43,-12,6,1,2,1,2,3,1,2,2,0,-2,3,5,3,4,1,0,7,10,1,5,6,-1,0,0,1,-1,0,1,1,1
KR_6757138261,420,5,26,0,4,0,1,1,7,8,1,4,6,2,-11,1,12,4,4,0,-4,0,5,-4,8,4,7,0,3,1,-1,1,-1,6,1
KR_6765173327,420,4,14,12,17,3,3,0,-2,2,4,7,7,0,6,7,1,3,3,0,0,21,-2,5,2,7,7,0,1,1,0,1,1,6,1
KR_6666886019,420,1,-2,24,0,3,6,3,-4,3,7,1,6,5,0,2,2,0,1,1,0,0,5,0,10,10,-3,0,0,-1,-1,1,1,5,1
KR_6755232452,420,3,34,0,13,-2,1,3,1,3,2,4,5,1,5,6,1,5,5,0,2,21,-99,-3,7,4,3,0,1,1,1,1,1,3,1
KR_6734551152,420,2,0,-7,6,2,3,1,1,4,3,1,1,0,4,5,1,-2,1,3,0,12,5,3,3,6,-5,0,1,1,1,1,-1,4,1
KR_6763332153,420,-1,-67,-24,-2,-1,2,3,1,4,3,-2,0,2,0,2,2,0,0,0,0,3,112,-4,8,4,-3,0,0,0,0,-1,1,0,1
KR_6707449722,420,-2,-22,17,-6,-3,5,8,-1,1,2,-2,1,3,1,6,5,-1,1,2,-1,-4,-3,-2,7,5,0,0,0,1,-1,-1,-1,4,1
KR_6630511564,420,4,43,-2,6,3,7,4,5,6,1,-2,1,3,1,5,4,-1,1,2,0,15,5,-2,8,6,-2,0,1,1,1,1,1,1,1
KR_6637703880,420,0,12,1,2,0,1,1,2,5,3,4,4,0,0,3,3,-4,1,5,-1,-4,5,-2,5,3,3,0,-2,-1,-1,-1,-1,3,1
KR_6696443171,420,2,43,4,-4,-2,0,2,-5,3,8,-1,0,1,2,6,4,2,2,0,1,-1,396,-3,10,7,1,0,2,1,1,1,1,5,1
KR_6622474692,420,2,44,23,0,2,3,1,-3,1,4,-2,0,2,0,2,2,3,3,0,1,1,15,-2,4,2,5,0,1,1,1,1,1,1,1
KR_6763642008,420,0,-48,-2,2,1,3,2,-3,1,4,3,3,0,1,3,2,0,0,0,0,6,8,3,5,8,-4,0,0,1,-1,0,1,6,1
KR_6764201718,420,-1,20,14,0,1,2,1,2,4,2,2,3,1,0,2,2,-5,0,5,0,-5,-6,-1,3,2,-1,0,1,-1,1,1,-1,4,1
KR_6718298479,420,4,58,0,13,0,1,1,7,9,2,2,4,2,3,4,1,1,1,0,0,14,-95,3,3,6,3,0,2,-1,-1,1,-1,5,1
KR_6626166455,420,0,21,-8,7,0,0,0,5,7,2,2,4,2,-1,5,6,1,2,1,-1,-6,3,-2,7,5,1,0,0,-1,1,1,-1,4,1
KR_6609251020,420,7,127,16,18,14,14,0,4,7,3,-4,1,5,3,4,1,1,1,0,0,16,2,-1,5,4,3,0,5,1,0,1,1,3,1
KR_6756202331,420,5,67,1,4,2,3,1,0,4,4,-1,1,2,4,4,0,-1,0,1,0,3,-11,1,3,4,2,0,1,-1,-1,-1,1,3,1
KR_6760546060,420,-1,-26,1,-3,1,3,2,0,2,2,-3,1,4,0,3,3,-1,0,1,0,-4,-6,-7,9,2,-3,0,-1,1,1,-1,-1,2,1
KR_6760070083,440,-3,-29,14,-5,-1,0,1,0,4,4,-2,0,2,-1,1,2,-1,0,1,0,0,5,-5,10,5,-1,0,0,0,-1,0,1,0,1
KR_6690649954,440,4,9,31,12,1,4,3,4,5,1,5,5,0,0,3,3,2,3,1,3,22,-19,1,5,6,0,0,1,1,-1,1,1,4,1
KR_6759919857,420,-1,1,-13,-2,-5,2,7,2,4,2,-2,0,2,2,3,1,1,1,0,0,1,8,2,7,9,-3,0,0,-1,1,-1,1,1,1
KR_6713698886,420,-3,-67,-51,-6,1,2,1,-4,1,5,-1,3,4,-3,3,6,1,1,0,-1,-9,-35,2,4,6,-4,0,1,1,-1,-1,1,6,1
KR_6692133704,420,0,2,4,3,2,2,0,2,4,2,-1,3,4,0,7,7,0,0,0,0,-5,12,2,7,9,-1,0,1,1,1,1,-1,1,1
KR_6716013047,420,2,7,1,2,2,3,1,-1,1,2,0,2,2,1,3,2,0,0,0,0,-1,17,1,4,5,1,0,0,1,1,0,1,1,1
KR_6764157030,420,-1,9,4,-3,-1,0,1,3,3,0,-1,3,4,-3,2,5,-1,0,1,0,1,1,4,1,5,-1,0,0,-1,1,0,1,4,1
KR_6734697803,420,1,-50,20,5,-4,1,5,5,6,1,-1,1,2,7,7,0,-2,2,4,0,27,1,-1,6,5,1,0,-1,1,-1,-1,-1,6,1
KR_6630133443,420,-1,43,-1,-4,-1,0,1,0,3,3,-2,1,3,-3,1,4,2,2,0,0,-5,228,5,3,8,-4,0,0,-1,1,0,1,3,1
KR_6651967817,420,2,25,-7,11,0,0,0,3,3,0,3,4,1,4,5,1,1,1,0,0,19,-5,-3,5,2,-2,0,0,-1,1,1,1,4,1
KR_6754562596,420,4,58,-11,6,2,5,3,1,3,2,2,3,1,-2,2,4,3,3,0,0,-8,-1,1,5,6,-1,0,1,1,1,1,1,4,1
KR_6744201326,420,1,20,0,-4,-1,1,2,1,3,2,-3,1,4,-2,5,7,1,1,0,0,-1,-5,-4,6,2,-2,0,0,-1,-1,0,-1,2,1
KR_6759731502,420,0,-21,-21,1,0,0,0,-3,1,4,4,7,3,-1,1,2,1,1,0,0,3,11,1,6,7,-3,0,-1,-1,1,-1,-1,6,1
KR_6755575012,440,-2,-65,-69,3,1,3,2,-1,0,1,-1,4,5,6,6,0,-2,0,2,0,4,-2,-2,8,6,4,0,1,1,-1,1,-1,6,1
KR_6762039442,420,-1,-55,-12,-1,3,4,1,3,6,3,-1,0,1,-7,0,7,1,2,1,0,-3,-3,-1,6,5,-5,0,0,1,1,-1,1,4,1
KR_6744226884,420,6,97,9,12,1,2,1,5,7,2,6,6,0,0,3,3,0,1,1,0,10,2,3,4,7,0,0,2,1,1,1,-1,3,1
KR_6759388200,420,3,55,16,6,5,5,0,-1,1,2,-4,0,4,5,10,5,1,1,0,0,9,23,-4,8,4,-5,0,2,0,1,1,-1,0,1
KR_6761611453,440,2,45,16,3,-2,1,3,0,2,2,3,3,0,1,4,3,1,3,2,0,0,1,1,5,6,5,0,1,1,-1,1,-1,1,1
KR_6700307807,420,3,23,7,7,-1,1,2,-1,1,2,4,5,1,4,6,2,1,2,1,1,6,-27,1,5,6,0,0,2,0,1,1,1,0,1
KR_6667557136,420,5,79,-4,10,2,4,2,0,3,3,5,5,0,3,4,1,0,0,0,0,9,-5,6,3,9,3,0,2,-1,1,1,1,6,1
KR_6706901744,420,-1,-31,-12,4,-5,0,5,-1,0,1,8,9,1,3,3,0,-1,0,1,0,17,23,0,5,5,4,0,-1,1,-1,-1,-1,4,1
KR_6762803339,420,1,97,23,-1,0,3,3,-3,0,3,2,2,0,-1,0,1,1,2,1,0,-2,-20,-2,6,4,7,0,4,1,0,1,1,2,1
KR_6699460757,420,2,62,18,6,6,6,0,3,5,2,-4,0,4,3,6,3,-2,0,2,0,7,2,2,5,7,3,0,1,1,-1,1,1,3,1
KR_6746994896,420,0,-7,16,5,0,2,2,2,4,2,0,4,4,-1,1,2,4,4,0,0,0,-15,-3,7,4,-1,0,1,1,1,1,-1,6,1
KR_6555519037,420,2,49,9,9,0,1,1,5,6,1,2,3,1,1,4,3,1,2,1,0,12,15,0,6,6,-1,0,0,-1,1,1,1,1,1
KR_6718241812,420,2,-44,6,-1,-2,2,4,-1,1,2,1,2,1,1,1,0,0,0,0,0,3,4,0,2,2,-2,0,1,1,1,1,1,3,1
KR_6761398478,420,1,53,2,2,-2,2,4,3,5,2,-3,0,3,0,1,1,4,5,1,0,-1,12,4,5,9,-5,0,2,1,-1,1,1,5,1
KR_6636212943,420,2,-48,24,0,-4,3,7,7,7,0,-1,1,2,-1,1,2,-1,0,1,0,3,3,1,4,5,1,0,0,-1,1,-1,1,6,1
KR_6743836072,440,-4,-52,-16,-3,-1,2,3,-2,2,4,-4,1,5,4,6,2,0,1,1,1,1,12,4,3,7,-8,0,0,1,-1,-1,1,2,1
KR_6577793075,420,3,6,12,2,3,5,2,-1,1,2,3,3,0,-1,0,1,-2,0,2,0,-5,2,0,9,9,-2,0,1,-1,1,1,-1,2,1
KR_6724931750,420,4,0,32,-1,4,5,1,-3,10,13,0,1,1,0,4,4,-2,0,2,-3,-10,176,1,7,8,-16,0,2,-1,1,1,-1,2,1
KR_6756887406,420,3,48,-16,5,2,4,2,4,5,1,-6,0,6,0,5,5,5,5,0,1,17,6,5,4,9,-3,0,0,-1,1,1,1,2,1
KR_6760548002,420,2,32,0,3,0,0,0,-2,4,6,-2,1,3,5,6,1,2,2,0,0,5,1,3,2,5,3,0,0,0,1,1,1,0,1
KR_6751497962,420,-6,-71,1,-15,-4,0,4,-1,0,1,1,4,3,-8,2,10,-3,0,3,-1,-13,265,-1,4,3,1,0,-2,-1,1,-1,-1,3,1
KR_6601073786,420,5,70,43,7,3,3,0,3,5,2,7,7,0,-5,0,5,-1,0,1,0,-1,50,4,2,6,-24,0,3,-1,1,1,1,2,1
KR_6763152449,420,1,33,-16,1,2,4,2,0,2,2,0,2,2,-2,3,5,1,2,1,0,2,3,2,3,5,-1,0,0,-1,-1,-1,1,5,1
KR_6730920410,420,2,22,13,2,5,5,0,-6,0,6,2,3,1,1,2,1,0,0,0,0,-6,3,2,5,7,4,0,1,1,1,1,1,1,1
KR_6705972257,420,0,12,12,0,0,2,2,-1,2,3,-1,2,3,3,4,1,-1,0,1,0,3,-7,-2,7,5,-2,0,0,-1,-1,0,1,4,1
KR_6684311184,420,2,9,14,5,-2,1,3,1,2,1,3,3,0,3,4,1,0,1,1,0,12,1,2,4,6,-1,0,1,1,-1,1,-1,2,1
KR_6629020562,420,0,-79,-5,-1,-1,0,1,-1,2,3,-2,3,5,1,3,2,2,3,1,0,4,12,5,4,9,-5,0,-1,1,0,-1,-1,4,1
KR_6758736696,420,4,56,47,3,4,4,0,4,4,0,1,1,0,-5,0,5,-1,1,2,0,-3,0,-3,6,3,-3,0,0,-1,1,0,-1,1,1
KR_6762994336,420,3,-40,-8,10,3,3,0,3,3,0,-1,1,2,4,9,5,1,1,0,0,16,-4,-1,8,7,-3,0,0,1,1,0,-1,4,1
KR_6747575168,420,8,45,31,15,1,3,2,3,5,2,3,3,0,5,7,2,3,3,0,0,14,48,-1,6,5,1,0,2,1,1,1,1,3,1
KR_6746299749,420,-2,-77,0,-8,-2,1,3,2,5,3,-4,3,7,-4,1,5,0,0,0,0,-3,-15,-3,7,4,8,0,0,-1,-1,-1,-1,5,1
KR_6762171859,420,-1,48,12,0,0,1,1,-3,1,4,-1,2,3,1,3,2,3,4,1,0,4,5,-2,7,5,6,0,0,1,-1,-1,1,6,1
KR_6756979897,420,1,38,11,4,-1,1,2,0,1,1,3,3,0,2,2,0,0,0,0,0,4,-20,-4,6,2,6,0,0,1,-1,0,1,2,1
KR_6747765158,420,6,74,0,9,-1,1,2,4,4,0,0,2,2,3,4,1,3,4,1,0,12,9,6,3,9,2,0,1,1,-1,1,1,1,1
KR_6764940143,420,6,32,21,15,2,3,1,3,4,1,9,12,3,3,4,1,-2,0,2,1,19,111,1,4,5,-1,0,1,1,1,1,1,2,1
KR_6755366516,420,3,19,61,-1,-2,3,5,-1,0,1,-1,3,4,3,5,2,0,0,0,1,-13,-5,-1,7,6,2,0,0,1,1,1,-1,4,1
KR_6741545488,420,4,5,9,4,0,3,3,4,6,2,3,4,1,0,1,1,-3,1,4,0,-3,15,1,5,6,6,0,2,1,1,1,-1,4,1
KR_6728361132,420,4,53,5,12,4,4,0,1,3,2,1,3,2,6,6,0,0,2,2,0,7,20,-2,6,4,1,0,1,1,1,1,1,5,1
KR_6742929599,440,-3,-43,-15,2,-2,0,2,3,4,1,-1,2,3,-1,3,4,3,3,0,0,0,1,-4,5,1,0,0,-1,0,-1,-1,-1,0,1
KR_6763717525,420,0,-14,0,6,-1,2,3,-2,3,5,4,4,0,3,4,1,2,3,1,0,6,11,1,7,8,1,0,0,1,-1,0,1,4,1
KR_6706334062,420,-2,-11,-36,0,-2,0,2,1,1,0,-4,2,6,4,4,0,1,2,1,0,7,-198,1,7,8,6,0,-1,1,-1,-1,1,1,1
KR_6751289127,440,-1,61,23,-5,1,5,4,-3,1,4,-2,1,3,-1,1,2,0,2,2,-1,-2,-6,-1,5,4,6,0,2,-1,1,1,-1,6,1
KR_6636300515,420,3,67,20,1,2,2,0,-1,4,5,3,4,1,-3,1,4,0,0,0,0,-3,36,-1,4,3,0,0,2,0,1,1,1,0,1
KR_6752780039,420,0,84,-30,-1,-1,2,3,1,4,3,0,2,2,-3,3,6,2,3,1,1,3,101,0,5,5,3,0,0,-1,1,1,1,5,1
KR_6752348553,420,1,7,12,-1,-4,2,6,0,0,0,-2,1,3,5,6,1,0,0,0,0,-4,1,2,5,7,-5,0,-1,1,-1,1,-1,2,1
KR_6748289325,420,4,31,24,12,-6,0,6,9,9,0,2,3,1,6,7,1,1,1,0,0,3,6,2,3,5,-1,0,2,1,1,1,1,5,1
KR_6755376014,420,0,55,-9,0,1,3,2,3,5,2,-4,3,7,2,4,2,-2,1,3,0,5,165,1,4,5,-18,0,2,1,1,1,1,6,1
KR_6713421492,420,4,44,-1,11,0,3,3,-2,1,3,3,5,2,1,2,1,9,9,0,0,10,19,5,1,6,-1,0,1,1,-1,1,1,3,1
KR_6760372006,420,2,8,26,5,-4,1,5,3,4,1,5,7,2,-4,0,4,5,5,0,0,5,-49,-4,9,5,40,0,0,1,1,1,1,2,1
KR_6744626633,420,3,88,19,10,-1,1,2,3,5,2,4,7,3,5,6,1,-1,1,2,1,4,11,3,5,8,-8,0,3,1,1,1,1,2,1
KR_6750818470,420,1,20,16,-3,0,2,2,-1,2,3,-2,2,4,-3,1,4,3,3,0,0,-1,3,-4,8,4,6,0,1,1,1,1,1,1,1
KR_6754040234,420,1,-6,12,1,0,3,3,1,4,3,-4,0,4,3,4,1,1,1,0,0,1,4,2,3,5,1,0,0,1,-1,1,-1,3,1
KR_6738663572,440,3,38,4,6,2,3,1,1,5,4,1,4,3,1,4,3,1,1,0,0,5,-2,-5,8,3,1,0,0,1,0,1,1,5,1
KR_6687436289,420,4,41,8,8,4,5,1,1,5,4,2,6,4,1,3,2,0,0,0,0,3,0,-6,10,4,3,0,0,1,1,1,-1,2,1
KR_6750973193,420,0,48,-23,3,-4,3,7,0,1,1,3,4,1,6,8,2,-2,0,2,-1,7,-13,-8,11,3,7,0,2,-1,0,1,-1,4,1
KR_6733560968,420,2,42,19,3,0,1,1,1,7,6,-1,2,3,5,7,2,-2,0,2,-1,-8,9,1,2,3,0,0,0,1,1,0,-1,3,1
KR_6546084049,420,-1,-29,16,2,1,3,2,-2,2,4,-2,0,2,2,3,1,3,3,0,0,-1,4,3,6,9,-4,0,0,1,-1,-1,1,4,1
KR_6425016328,420,-2,-31,9,-2,1,2,1,0,4,4,-5,1,6,3,3,0,-1,2,3,0,4,-12,0,2,2,-1,0,0,1,1,-1,-1,2,1
KR_6724771661,420,1,42,-13,3,4,6,2,-2,1,3,2,2,0,-1,1,2,0,1,1,0,-4,8,-1,6,5,3,0,1,-1,1,1,-1,1,1
KR_6756199981,440,-2,71,8,4,1,4,3,0,1,1,-4,4,8,7,8,1,0,1,1,0,7,7,3,2,5,0,0,1,-1,-1,1,1,5,1
KR_6623946604,440,0,-58,0,-6,-1,0,1,5,6,1,-1,0,1,-7,2,9,-2,1,3,0,-5,0,-1,4,3,0,0,0,1,0,0,-1,1,1
KR_6727649583,420,2,14,-7,5,2,3,1,2,5,3,2,4,2,-3,0,3,2,3,1,0,5,-35,2,4,6,9,0,1,1,1,1,1,1,1
KR_6654184599,420,4,104,24,11,5,6,1,0,1,1,4,4,0,2,5,3,0,0,0,0,5,-2,0,5,5,-1,0,1,1,-1,1,1,4,1
KR_6756420335,420,-1,-46,11,-5,-1,1,2,-2,4,6,-2,0,2,1,2,1,-1,1,2,0,0,0,-2,6,4,1,0,0,1,1,0,1,5,1
KR_6447396690,420,-4,1,4,-5,-2,0,2,2,3,1,-1,2,3,-3,2,5,-1,0,1,0,-6,-10,5,5,10,-4,0,1,1,1,1,-1,3,1
KR_6755480969,420,1,-5,20,7,1,2,1,1,2,1,-4,2,6,6,7,1,3,4,1,0,1,-1,0,6,6,3,0,1,1,1,1,1,5,1
KR_6755827928,420,2,2,-8,10,0,5,5,2,6,4,4,4,0,1,3,2,3,4,1,0,5,14,3,6,9,1,0,1,0,1,1,1,0,1
KR_6765446876,420,2,51,-34,1,5,6,1,-1,5,6,-4,0,4,1,3,2,0,0,0,-2,1,-5,-2,11,9,3,0,1,-1,1,1,1,1,1
KR_6685020167,420,1,-1,-2,4,0,0,0,1,3,2,-2,3,5,3,6,3,2,2,0,0,3,109,-2,8,6,3,0,0,1,-1,0,1,6,1
KR_6764552600,420,-3,-6,12,-10,2,5,3,-1,1,2,-7,0,7,-3,0,3,-1,1,2,0,-13,41,-1,8,7,-2,0,1,-1,-1,1,1,4,1
KR_6745249304,440,3,33,13,7,1,2,1,0,2,2,-1,2,3,5,5,0,2,3,1,0,12,-21,1,3,4,0,0,0,1,0,1,1,3,1
KR_6739170041,420,3,57,-16,7,2,3,1,3,3,0,4,4,0,-3,1,4,1,1,0,0,4,16,0,6,6,-1,0,1,-1,1,1,-1,1,1
KR_6751118044,420,1,12,1,7,3,3,0,6,6,0,3,3,0,-5,3,8,0,0,0,0,5,2,1,5,6,-1,0,0,0,1,-1,1,0,1
KR_6762566108,420,0,20,17,-1,-2,2,4,2,2,0,-3,0,3,2,4,2,0,2,2,-1,4,4,2,8,10,-1,0,2,-1,1,1,-1,6,1
KR_6764862285,420,-1,-46,-21,5,-3,0,3,1,3,2,2,3,1,3,6,3,2,2,0,-1,9,-30,1,5,6,9,0,1,1,-1,-1,-1,4,1
KR_6726448389,420,2,42,14,6,-1,1,2,7,8,1,4,6,2,-1,2,3,-3,0,3,1,9,-18,1,6,7,6,0,1,-1,1,1,1,6,1
KR_6754496774,420,0,9,0,5,1,1,0,0,2,2,3,5,2,2,4,2,-1,3,4,0,7,-22,6,2,8,-4,0,0,1,-1,0,1,6,1
KR_6730004826,420,5,-52,30,10,3,3,0,3,3,0,0,1,1,3,4,1,1,2,1,2,12,-7,0,2,2,1,0,-1,-1,-1,-1,1,3,1
KR_6698194160,420,0,53,-23,5,2,3,1,0,4,4,-2,2,4,3,3,0,2,4,2,-1,6,96,-1,6,5,2,0,1,1,-1,1,-1,4,1
KR_6634522590,420,1,1,9,0,1,2,1,-3,2,5,3,3,0,-1,1,2,0,0,0,0,1,-6,-6,8,2,4,0,1,-1,-1,1,-1,4,1
KR_6754676181,420,4,61,8,17,1,3,2,0,1,1,0,3,3,9,10,1,7,7,0,1,11,24,6,1,7,1,0,2,1,1,1,1,1,1
KR_6637917108,420,1,29,-12,7,3,6,3,3,5,2,0,4,4,0,1,1,1,1,0,0,4,6,-3,8,5,1,0,0,1,-1,1,-1,5,1
KR_6750408896,420,3,24,-6,5,1,2,1,4,6,2,1,3,2,-1,1,2,0,2,2,1,7,8,2,2,4,2,0,1,-1,-1,1,-1,5,1
KR_6757983937,420,1,5,-12,7,0,1,1,7,8,1,-4,1,5,4,5,1,0,0,0,0,13,-103,6,3,9,2,0,0,1,-1,1,1,5,1
KR_6763072816,420,-1,-7,-24,-2,-3,0,3,2,5,3,-1,4,5,0,3,3,0,1,1,0,-5,2,3,8,11,0,0,0,1,1,1,-1,6,1
KR_6742244294,420,3,87,13,5,0,2,2,7,9,2,-2,1,3,-1,4,5,1,3,2,1,5,5,-3,7,4,9,0,1,-1,1,1,1,5,1
KR_6762236750,420,2,-9,13,1,0,2,2,1,1,0,3,3,0,-3,2,5,0,0,0,-1,1,-1,-2,6,4,0,0,0,-1,1,1,1,4,1
KR_6764300005,440,2,19,20,14,4,5,1,1,2,1,4,4,0,3,7,4,2,2,0,0,25,-3,-5,5,0,3,0,0,1,-1,-1,1,1,1
KR_6564180216,420,6,8,11,13,-2,3,5,5,6,1,9,11,2,1,2,1,0,0,0,-1,21,25,2,2,4,1,0,-1,1,1,-1,-1,1,1
KR_6764626578,420,6,44,32,8,2,2,0,3,5,2,0,3,3,4,4,0,-1,1,2,0,4,-4,1,5,6,3,0,2,1,-1,1,-1,5,1
KR_6654288152,420,2,36,-7,5,1,2,1,4,8,4,1,2,1,0,2,2,-1,0,1,0,8,-24,4,6,10,-2,0,1,1,-1,1,1,3,1
KR_6577843640,420,0,46,5,6,4,5,1,-1,2,3,3,5,2,0,5,5,0,0,0,0,1,-3,5,5,10,6,0,1,1,1,1,1,4,1
KR_6742130020,420,2,42,47,11,-4,1,5,4,6,2,7,7,0,3,4,1,1,1,0,0,7,0,1,4,5,2,0,0,1,1,1,1,2,1
KR_6758005465,420,2,-18,9,4,-2,0,2,3,3,0,4,6,2,-1,1,2,0,2,2,0,14,16,8,3,11,1,0,0,-1,1,-1,-1,4,1
KR_6757067948,420,0,2,6,6,-3,0,3,3,3,0,1,3,2,1,6,5,4,5,1,0,14,1,-3,7,4,-4,0,-1,1,-1,-1,1,1,1
KR_6628972240,420,3,21,28,-3,1,2,1,0,2,2,-1,2,3,-3,1,4,0,3,3,0,-4,-2,3,5,8,6,0,1,1,1,1,-1,6,1
KR_6711253009,420,-2,29,2,0,-2,3,5,4,4,0,2,3,1,-2,4,6,-2,0,2,0,2,-4,0,4,4,2,0,0,1,1,0,1,5,1
KR_6628597535,420,1,7,-12,1,4,5,1,-6,0,6,3,4,1,1,5,4,-1,0,1,0,-4,0,0,5,5,-1,0,0,0,-1,1,-1,0,1
KR_6745091829,440,0,-86,28,0,1,1,0,0,3,3,-2,2,4,0,3,3,1,2,1,0,2,43,6,1,7,-22,0,-1,0,-1,-1,-1,0,1
KR_6699963039,420,2,36,-29,7,3,3,0,3,4,1,2,3,1,-1,1,2,0,0,0,0,2,1,2,1,3,0,0,3,-1,1,1,1,5,1
KR_6666981386,420,4,146,-12,4,0,2,2,7,9,2,0,1,1,-3,2,5,0,1,1,0,4,-9,-5,11,6,5,0,2,1,-1,1,-1,6,1
KR_6622369487,420,2,19,15,6,-5,0,5,2,6,4,6,7,1,1,3,2,2,2,0,1,10,-2,-1,7,6,7,0,0,1,1,1,1,5,1
KR_6758980233,440,8,88,19,10,0,3,3,7,9,2,4,4,0,-3,1,4,2,2,0,0,12,-3,-1,7,6,6,0,1,-1,-1,1,1,5,1
KR_6699194820,420,-1,-40,0,-2,4,4,0,1,2,1,0,2,2,-6,0,6,-1,1,2,0,-6,-51,1,4,5,15,0,-3,-1,1,-1,1,1,1
KR_6476566241,420,1,-30,13,5,2,2,0,1,4,3,4,6,2,-3,2,5,1,1,0,1,3,-84,4,4,8,-6,0,1,1,1,1,1,5,1
KR_6707049874,420,2,82,-4,0,-3,2,5,-1,1,2,5,8,3,0,2,2,-1,0,1,0,-6,5,-1,7,6,-2,0,2,1,-1,1,1,4,1
KR_6763265317,440,-1,-16,10,-5,-2,0,2,1,3,2,0,1,1,-1,2,3,-3,2,5,0,-3,4,-2,3,1,-4,0,0,-1,-1,0,-1,4,1
KR_6749657921,420,3,53,-35,13,3,3,0,4,5,1,-1,1,2,7,9,2,0,2,2,0,11,-7,-1,8,7,13,0,1,-1,-1,1,1,5,1
KR_6642991912,420,3,46,21,7,3,3,0,1,2,1,5,6,1,-1,2,3,-1,0,1,0,4,-107,-2,6,4,-2,0,1,-1,1,1,1,4,1
KR_6707417809,420,0,-25,43,0,1,3,2,-6,0,6,2,3,1,-5,1,6,8,9,1,-1,4,-7,-6,9,3,3,0,0,1,1,1,-1,2,1
KR_6550597346,420,0,32,-4,-1,-3,0,3,1,4,3,0,0,0,2,2,0,-1,0,1,0,2,-52,-2,7,5,5,0,0,-1,1,1,-1,2,1
KR_6745438713,420,-1,-24,4,-1,-3,3,6,-2,2,4,-5,0,5,8,8,0,1,2,1,3,7,-2,2,0,2,1,0,2,-1,1,1,-1,5,1
KR_6763274578,420,0,31,-33,2,2,3,1,3,4,1,1,2,1,-3,0,3,-1,0,1,0,2,90,-2,10,8,2,0,0,1,1,0,1,4,1
KR_6653851254,420,4,64,3,8,0,1,1,8,11,3,2,4,2,-6,1,7,4,4,0,1,20,21,1,7,8,2,0,1,-1,1,1,1,6,1
KR_6616115847,420,5,25,20,12,7,7,0,2,4,2,3,3,0,-1,2,3,1,1,0,1,12,0,-2,6,4,-2,0,2,1,1,1,1,2,1
KR_6705959740,420,3,92,22,9,7,7,0,2,3,1,-1,0,1,1,2,1,0,1,1,0,14,-2,1,3,4,4,0,1,1,1,1,-1,2,1
KR_6717796362,420,-1,22,-19,1,4,4,0,0,2,2,0,0,0,-1,2,3,-2,0,2,0,0,1,0,5,5,-3,0,1,-1,1,1,-1,5,1
KR_6764602185,420,1,-3,-2,5,2,5,3,-2,1,3,2,5,3,2,2,0,1,1,0,1,1,2,4,3,7,0,0,0,1,1,0,1,6,1
KR_6747748688,420,2,58,9,11,0,1,1,0,2,2,1,2,1,6,9,3,4,4,0,0,11,-10,-2,7,5,-4,0,1,1,1,1,1,5,1
KR_6762164537,420,-1,1,0,-2,-3,1,4,4,6,2,-1,1,2,-3,0,3,1,2,1,-1,-3,-7,-2,4,2,2,0,-1,1,1,-1,-1,5,1
KR_6743027179,420,5,46,13,12,2,3,1,6,7,1,-6,0,6,7,7,0,3,3,0,1,20,-13,3,3,6,1,0,1,1,0,1,1,4,1
KR_6757993508,420,5,52,24,16,3,4,1,0,2,2,8,9,1,3,5,2,2,3,1,0,14,2,4,5,9,-3,0,2,1,1,1,-1,6,1
KR_6732885268,420,2,-19,-11,4,-1,2,3,1,3,2,1,2,1,1,3,2,2,2,0,0,4,57,4,2,6,-11,0,0,-1,1,1,-1,6,1
KR_6698257023,420,-3,-26,8,-7,2,3,1,-7,2,9,-1,2,3,-1,0,1,0,0,0,0,-9,-8,-3,9,6,7,0,1,1,1,1,-1,3,1
KR_6764015500,420,-1,52,-18,-6,3,3,0,-3,3,6,0,3,3,-5,1,6,-1,1,2,0,-11,-313,-6,10,4,7,0,0,-1,-1,0,-1,2,1
KR_6753855071,440,-2,-58,12,-4,2,3,1,0,2,2,1,3,2,-6,2,8,-1,2,3,0,-4,6,2,2,4,-1,0,0,1,0,1,-1,2,1
KR_6758068300,420,3,30,-4,9,1,2,1,3,4,1,1,1,0,4,4,0,0,1,1,0,14,-23,2,3,5,6,0,0,1,1,1,1,3,1
KR_6763787461,420,-2,30,-4,4,-1,1,2,2,3,1,-1,1,2,3,3,0,1,3,2,0,10,-8,-3,7,4,1,0,0,1,-1,0,1,1,1
KR_6762349636,420,-2,-33,-18,1,-2,0,2,1,2,1,0,2,2,1,5,4,1,2,1,-1,4,-1,2,4,6,0,0,1,1,1,1,-1,5,1
KR_6764731493,420,-3,14,-29,-3,-2,3,5,-1,3,4,1,3,2,-1,3,4,0,1,1,0,-2,177,-3,9,6,-4,0,0,1,0,0,1,2,1
KR_6708682984,420,0,-40,-7,5,-2,0,2,2,6,4,4,4,0,0,1,1,1,1,0,0,3,13,4,3,7,-3,0,0,1,-1,0,1,6,1
KR_6727862235,420,2,-8,-12,3,1,1,0,0,1,1,0,3,3,2,2,0,0,1,1,0,1,2,3,3,6,-2,0,-1,-1,-1,-1,1,2,1
KR_6728417569,420,2,42,55,-1,4,5,1,-1,1,2,3,5,2,-6,1,7,-1,2,3,0,-9,-54,-1,7,6,25,0,0,-1,1,1,1,4,1
KR_6717511824,420,0,-73,-10,2,0,1,1,1,2,1,2,2,0,0,5,5,-1,1,2,0,-2,1,1,8,9,-9,0,0,-1,1,0,-1,3,1
KR_6681499386,440,-2,-12,-9,1,3,3,0,-1,4,5,1,1,0,4,5,1,-6,1,7,0,-8,-16,-3,7,4,1,0,-1,-1,1,-1,1,3,1
KR_6750768736,420,2,55,9,12,-1,1,2,5,8,3,6,6,0,1,3,2,1,1,0,1,17,1,4,3,7,-5,0,2,1,1,1,1,1,1
KR_6762476953,420,0,12,-13,3,-4,1,5,5,8,3,3,4,1,0,4,4,-1,1,2,0,3,1,1,8,9,1,0,1,-1,1,1,-1,1,1
KR_6764045560,420,5,31,26,11,3,3,0,4,4,0,3,4,1,1,3,2,0,1,1,0,10,13,5,2,7,2,0,1,1,1,1,1,3,1
KR_6620463509,420,2,63,-6,9,4,6,2,2,4,2,0,3,3,5,7,2,-2,1,3,0,9,15,0,6,6,4,0,1,1,-1,1,1,3,1
KR_6713662556,420,1,45,24,2,1,2,1,0,2,2,5,7,2,-3,1,4,-1,0,1,0,0,-131,1,4,5,1,0,1,-1,1,-1,1,2,1
KR_6764890052,440,0,-51,9,-4,4,7,3,-1,2,3,-4,4,8,0,5,5,-3,0,3,-1,-3,-4,-5,7,2,1,0,-1,0,1,1,-1,0,1
KR_6713300367,420,1,65,24,3,4,5,1,-1,3,4,-1,1,2,-2,1,3,3,3,0,0,-1,-3,-5,9,4,4,0,0,0,1,0,1,0,1
KR_6741285583,420,-1,19,12,2,1,2,1,-2,5,7,6,6,0,-1,2,3,-2,2,4,0,4,1,4,3,7,-1,0,-1,-1,1,-1,-1,5,1
KR_6761955120,420,-2,24,-40,-4,1,2,1,3,4,1,-3,2,5,3,6,3,-8,0,8,0,-11,36,-1,4,3,-30,0,2,-1,1,1,1,3,1
KR_6755486367,420,5,-2,6,14,3,4,1,9,9,0,3,3,0,1,2,1,-2,1,3,0,10,6,2,8,10,4,0,1,-1,1,1,-1,3,1
KR_6731604667,420,6,-8,11,16,1,4,3,-1,1,2,3,5,2,12,13,1,1,1,0,0,19,-37,0,5,5,26,0,2,1,1,1,1,1,1
KR_6753195694,440,1,87,-11,4,-2,0,2,1,3,2,-1,2,3,5,5,0,1,2,1,0,6,13,0,5,5,4,0,1,-1,1,1,-1,4,1
KR_6761642729,420,1,-44,27,-3,-1,3,4,-2,6,8,4,5,1,-2,4,6,-2,0,2,0,1,-187,0,7,7,-2,0,0,1,-1,0,-1,1,1
KR_5746587250,420,4,-11,18,8,-1,2,3,-2,3,5,-2,1,3,12,12,0,1,3,2,0,17,2,-2,9,7,1,0,2,-1,-1,1,1,2,1
KR_6736407357,420,4,71,16,14,-1,2,3,5,5,0,0,2,2,8,8,0,2,4,2,0,11,-3,-1,6,5,8,0,1,1,-1,1,1,3,1
KR_6736321503,440,4,38,-8,11,3,4,1,2,6,4,1,1,0,5,7,2,0,1,1,0,8,298,1,2,3,1,0,2,1,-1,1,-1,6,1
KR_6637444486,420,-2,20,-9,-3,-8,0,8,2,3,1,1,2,1,2,2,0,0,0,0,0,0,-11,1,6,7,8,0,-1,-1,-1,-1,1,5,1
KR_6483797397,420,2,32,19,3,-2,1,3,3,4,1,-3,1,4,4,6,2,1,1,0,0,11,-30,-2,6,4,0,0,0,-1,-1,0,1,5,1
KR_6761254099,420,0,24,8,-4,-3,1,4,-1,2,3,-1,1,2,1,3,2,0,2,2,-2,-3,13,-2,6,4,1,0,0,1,-1,0,-1,4,1
KR_6717709278,420,-1,-29,4,2,-1,0,1,2,4,2,2,2,0,-2,2,4,1,2,1,0,13,17,3,3,6,5,0,-1,1,-1,-1,1,5,1
KR_6741180778,420,1,40,-8,3,3,4,1,3,5,2,-5,2,7,4,8,4,-2,0,2,0,-9,10,1,6,7,-2,0,2,1,1,1,1,1,1
KR_6752572683,420,1,47,-22,4,0,2,2,2,3,1,-2,0,2,3,5,2,1,2,1,0,10,-8,-5,11,6,6,0,1,1,1,1,1,6,1
KR_6683474166,420,3,39,5,0,1,2,1,1,3,2,0,2,2,-1,2,3,-1,1,2,0,-2,4,2,4,6,-3,0,0,1,1,1,-1,5,1
KR_6761535287,420,-1,12,-11,-7,-4,1,5,-3,7,10,0,2,2,-1,2,3,1,1,0,-1,-10,3,-5,6,1,-2,0,0,-1,-1,-1,-1,1,1
KR_6760118777,420,2,-21,24,-1,0,1,1,-1,1,2,1,1,0,-1,2,3,0,2,2,0,3,3,-4,7,3,1,0,0,1,1,1,-1,4,1
KR_6751927910,420,5,65,32,11,1,3,2,0,6,6,1,2,1,8,9,1,1,2,1,0,9,-1,4,1,5,-1,0,2,1,1,1,-1,6,1
KR_6740591580,420,1,-41,-3,7,-1,3,4,3,5,2,2,2,0,0,2,2,3,5,2,-1,10,17,1,4,5,1,0,0,1,-1,1,-1,5,1
KR_6727920750,420,4,36,29,5,4,6,2,2,3,1,1,2,1,-2,1,3,0,1,1,0,9,-2,-1,6,5,3,0,0,1,-1,-1,1,6,1
KR_6756309114,420,0,-42,6,3,1,2,1,-1,2,3,1,2,1,1,3,2,1,1,0,0,5,-8,0,5,5,5,0,0,1,1,0,1,1,1
KR_6695267545,420,1,35,20,6,-2,2,4,8,10,2,1,2,1,-1,2,3,0,1,1,0,10,-31,0,3,3,2,0,0,0,-1,1,1,0,1
KR_6761426339,420,-1,60,3,2,3,3,0,0,6,6,2,5,3,-2,0,2,-1,2,3,0,-4,-35,-2,9,7,1,0,1,1,1,1,1,5,1
KR_6764746968,420,2,48,35,7,2,3,1,-1,1,2,3,3,0,2,4,2,1,1,0,0,4,2,-2,4,2,-2,0,-2,-1,1,-1,1,5,1
KR_6689847687,420,2,-19,8,1,-4,2,6,2,2,0,2,8,6,-1,3,4,2,2,0,0,-4,-9,-1,6,5,-3,0,-1,-1,-1,-1,-1,2,1
KR_6725295213,420,3,50,26,6,-2,1,3,2,7,5,0,1,1,5,6,1,1,2,1,0,-1,14,10,0,10,-2,0,1,1,-1,1,1,4,1
KR_6763514676,420,9,67,26,21,0,3,3,1,2,1,7,8,1,12,12,0,1,1,0,0,6,4,4,2,6,2,0,0,1,1,1,1,3,1
KR_6654469421,420,-2,-97,-11,-4,0,1,1,2,3,1,-5,0,5,-1,1,2,0,1,1,-1,-6,2,-6,9,3,-4,0,0,-1,0,0,-1,1,1
KR_6736879557,420,5,8,0,10,0,0,0,1,1,0,5,5,0,-2,1,3,6,6,0,1,10,0,-5,7,2,1,0,1,-1,1,1,1,2,1
KR_6762576349,420,4,-17,13,10,3,4,1,4,5,1,3,3,0,0,1,1,0,2,2,0,5,0,-1,5,4,2,0,1,1,1,1,-1,5,1
KR_6728354491,420,2,29,23,5,3,3,0,1,2,1,2,2,0,-1,4,5,0,2,2,0,0,14,4,2,6,-1,0,0,1,1,1,1,4,1
KR_6764469100,420,4,28,-1,7,3,4,1,1,2,1,0,1,1,2,3,1,1,1,0,0,3,11,-2,4,2,1,0,0,1,0,0,1,2,1
KR_6760119274,420,3,13,18,9,2,3,1,2,2,0,-3,2,5,7,11,4,1,1,0,0,11,-1,4,2,6,3,0,0,-1,1,1,1,4,1
KR_6751473940,420,1,29,22,-6,-2,1,3,-2,1,3,-1,0,1,0,0,0,-1,1,2,0,-5,-2,-4,8,4,1,0,1,1,-1,1,-1,2,1
KR_6749082016,420,1,-5,4,4,4,4,0,1,3,2,0,0,0,-2,0,2,1,1,0,0,-1,4,-1,5,4,8,0,0,1,1,0,-1,2,1
KR_6757075422,420,-3,-48,-8,-6,-7,2,9,-2,0,2,-2,3,5,4,6,2,1,1,0,0,0,3,-1,10,9,-5,0,1,-1,-1,-1,-1,1,1
KR_6757114453,440,-1,39,0,3,-2,2,4,2,3,1,1,4,3,0,1,1,2,4,2,0,6,-284,3,1,4,-1,0,0,-1,1,0,1,3,1
KR_6748534245,440,2,56,8,-4,2,4,2,1,1,0,-7,3,10,1,5,4,-1,1,2,0,-2,5,0,3,3,0,0,1,1,-1,1,1,3,1
KR_6732617708,420,1,43,0,12,-2,1,3,1,1,0,0,2,2,11,12,1,2,2,0,3,25,6,-1,6,5,-3,0,0,1,-1,0,1,6,1
KR_6687877898,420,6,25,52,21,3,3,0,4,5,1,11,11,0,3,3,0,0,1,1,0,18,2,5,0,5,-1,0,3,1,1,1,1,5,1
KR_6602429057,420,1,17,-24,7,-2,0,2,10,10,0,-4,0,4,2,2,0,1,1,0,-1,8,31,2,4,6,6,0,0,1,-1,-1,-1,1,1
KR_6760560928,420,2,63,45,10,4,6,2,2,3,1,-1,1,2,8,8,0,-3,3,6,-1,6,11,6,3,9,-3,1,6,-1,1,1,-1,1,1
KR_6761828731,420,-2,6,-6,-2,-6,1,7,4,6,2,-2,2,4,0,5,5,2,2,0,1,8,0,4,5,9,3,0,0,-1,-1,1,1,1,1
KR_6642379160,420,5,41,26,6,4,4,0,0,0,0,0,1,1,3,3,0,-1,0,1,0,2,2,0,4,4,2,0,0,-1,1,0,1,1,1
KR_6725917516,420,0,6,-12,-1,2,3,1,0,3,3,-3,1,4,-1,5,6,1,3,2,-2,-7,1,1,7,8,1,0,0,-1,1,0,-1,5,1
KR_6684722776,420,2,59,23,2,-3,1,4,-1,2,3,4,5,1,2,5,3,0,2,2,0,6,7,2,4,6,-1,0,1,1,-1,1,1,2,1
KR_6729504734,420,-1,-1,32,-1,8,8,0,-6,1,7,1,1,0,-2,2,4,-2,0,2,0,-6,-142,0,6,6,-3,0,-1,1,1,-1,1,1,1
KR_6653774361,420,-1,-42,34,-1,1,2,1,0,3,3,0,5,5,-2,0,2,0,0,0,0,-1,1,0,5,5,2,0,1,-1,1,1,1,3,1
KR_6759415903,420,5,61,17,9,3,4,1,-1,2,3,3,9,6,2,3,1,2,2,0,0,6,6,0,5,5,0,0,0,0,0,0,1,0,1
KR_6762115389,420,1,-8,18,7,0,0,0,0,1,1,2,2,0,4,4,0,1,1,0,0,7,168,2,4,6,8,0,0,1,1,0,1,5,1
KR_6762618801,440,0,25,-27,2,2,4,2,-1,0,1,2,3,1,-1,0,1,0,3,3,1,-3,0,2,2,4,-3,0,0,-1,0,0,1,2,1
KR_6616558328,420,2,17,-8,4,1,3,2,3,5,2,0,3,3,0,2,2,0,0,0,-1,-2,-20,2,6,8,1,0,1,-1,1,-1,-1,5,1
KR_6472416237,440,-1,-49,1,-1,0,2,2,-2,2,4,-5,0,5,3,4,1,3,6,3,0,-5,9,-3,9,6,0,0,0,1,1,0,1,4,1
KR_6600693297,420,12,125,42,22,1,2,1,1,2,1,9,12,3,10,10,0,1,3,2,1,24,8,6,1,7,1,0,3,1,1,1,1,4,1
KR_6617585445,420,-3,-76,23,-10,-4,0,4,-2,3,5,1,3,2,-6,1,7,1,1,0,0,-9,5,-4,10,6,-1,0,-1,-1,1,-1,-1,3,1
KR_6762149674,420,3,-25,21,3,-1,1,2,1,1,0,1,2,1,0,2,2,2,2,0,0,3,2,-1,4,3,5,0,1,-1,-1,1,-1,6,1
KR_6657689778,420,-2,-93,-39,-4,0,4,4,3,3,0,-4,2,6,-2,2,4,-1,0,1,-1,-3,-3,-5,9,4,-1,0,-3,-1,-1,-1,-1,2,1
KR_6750810209,420,2,38,8,2,0,2,2,2,4,2,2,3,1,-1,2,3,-1,0,1,0,1,-26,3,5,8,13,0,0,1,-1,0,1,5,1
KR_6604940349,420,-1,53,-22,2,-4,0,4,2,3,1,-2,2,4,5,6,1,1,1,0,0,5,-9,-4,7,3,2,0,0,1,-1,-1,-1,3,1
KR_6756558163,420,-1,14,32,-9,2,2,0,-1,0,1,-3,1,4,-9,0,9,2,3,1,-1,-7,4,-5,8,3,-1,0,0,1,1,1,-1,4,1
KR_6602128285,420,1,-2,-32,2,1,1,0,-2,2,4,1,2,1,1,2,1,1,1,0,0,8,-14,1,6,7,0,0,0,1,-1,1,1,5,1
KR_6762566620,420,1,31,-16,6,1,3,2,-6,1,7,1,4,3,9,10,1,1,2,1,0,7,1,1,7,8,4,0,0,-1,1,0,1,1,1
KR_6724741164,420,5,-46,24,7,3,3,0,3,5,2,-3,0,3,1,3,2,3,4,1,0,8,215,-4,7,3,25,0,0,1,-1,1,1,4,1
KR_6751325947,440,3,77,21,7,4,5,1,0,1,1,0,0,0,-1,1,2,4,4,0,0,4,-11,-1,7,6,0,0,2,1,1,1,-1,1,1
KR_6624050339,440,1,-41,5,3,3,3,0,-2,1,3,6,6,0,-3,0,3,-1,0,1,0,3,-6,-6,6,0,1,0,0,-1,1,1,-1,3,1
KR_6666811504,420,10,107,69,28,6,7,1,10,12,2,3,4,1,10,10,0,-1,2,3,1,18,-299,3,0,3,6,0,2,1,1,1,1,5,1
KR_6753023371,420,0,-18,-15,-1,-3,0,3,-1,1,2,2,2,0,0,0,0,1,1,0,0,1,-2,-1,5,4,2,0,0,-1,-1,-1,-1,2,1
KR_6596333235,420,0,-14,4,-3,0,0,0,2,3,1,-1,1,2,-6,1,7,2,3,1,0,0,7,-2,6,4,1,0,0,-1,1,0,-1,3,1
KR_6762930980,420,2,41,2,10,0,3,3,1,3,2,2,3,1,5,7,2,2,2,0,1,10,0,-5,10,5,2,0,1,1,-1,1,1,2,1
KR_6760960060,420,3,-4,-32,5,1,2,1,-1,4,5,5,5,0,-1,3,4,1,1,0,-1,-2,-14,-1,3,2,-1,0,1,-1,1,1,-1,1,1
KR_6754247256,420,1,2,-11,-2,-6,0,6,2,4,2,1,2,1,1,2,1,0,0,0,0,9,4,2,1,3,-2,0,-1,-1,-1,-1,-1,4,1
KR_6695021396,420,-3,30,19,-5,-2,4,6,1,2,1,-3,2,5,-1,4,5,0,1,1,2,8,-1,-1,5,4,-2,0,0,1,-1,0,1,2,1
KR_6735416471,420,4,73,9,12,4,6,2,10,12,2,-2,3,5,-1,3,4,1,2,1,0,12,15,4,5,9,0,0,1,1,1,1,1,1,1
KR_6752445810,420,4,128,17,5,2,3,1,1,2,1,1,2,1,3,4,1,-2,2,4,0,0,1,1,5,6,5,0,2,1,1,1,1,4,1
KR_6740378885,420,6,34,22,11,1,2,1,0,4,4,7,8,1,1,4,3,2,3,1,0,10,16,6,4,10,2,0,2,1,-1,1,1,3,1
KR_6696448091,420,2,93,19,-1,2,4,2,-5,0,5,3,6,3,-1,2,3,0,1,1,0,-12,-15,-5,8,3,3,0,1,-1,1,1,-1,4,1
KR_6735729055,440,9,129,52,18,2,3,1,1,4,3,5,5,0,10,10,0,0,1,1,0,16,-14,2,3,5,6,0,4,1,1,1,1,3,1
KR_6651858168,420,2,-65,48,3,-1,1,2,4,8,4,-5,0,5,6,8,2,-1,0,1,0,1,84,-4,9,5,0,0,-1,1,1,-1,-1,1,1
KR_6729957095,420,6,66,42,8,2,4,2,4,5,1,-1,4,5,2,4,2,1,2,1,0,13,3,-3,5,2,1,0,1,1,1,1,1,5,1
KR_6760348434,420,1,6,-3,4,4,7,3,1,5,4,2,4,2,-1,2,3,-2,1,3,0,7,-4,-3,3,0,1,0,1,-1,1,1,-1,1,1
KR_6764734373,420,-1,-44,-9,-2,2,2,0,-1,1,2,0,1,1,-4,2,6,1,2,1,0,-3,24,2,3,5,-7,0,0,-1,1,0,-1,6,1
KR_6749961612,420,0,-77,-29,9,3,5,2,-2,1,3,0,2,2,4,4,0,4,4,0,0,18,-15,-2,7,5,6,0,2,1,1,1,-1,3,1
KR_6758451049,420,0,9,11,6,0,0,0,4,4,0,3,6,3,-2,0,2,1,1,0,0,8,20,0,3,3,4,0,1,0,1,1,1,0,1
KR_6758777765,420,-1,-33,4,-3,-1,0,1,-1,2,3,1,2,1,0,4,4,-2,0,2,0,-3,2,-2,9,7,-7,0,0,1,0,0,1,1,1
KR_6739450482,420,2,51,20,8,0,2,2,5,6,1,1,3,2,0,1,1,2,2,0,0,3,2,2,5,7,-4,0,0,1,1,0,1,6,1
KR_6643879922,420,2,92,26,3,1,1,0,2,2,0,2,4,2,-3,3,6,1,1,0,0,2,-225,1,6,7,3,0,0,1,1,1,-1,6,1
KR_6694001014,420,1,-16,9,-1,-1,1,2,2,2,0,0,2,2,-3,1,4,1,2,1,-1,-4,-13,-3,5,2,9,0,-2,0,0,-1,-1,0,1
KR_6758864995,420,1,-5,29,7,-6,0,6,9,11,2,2,2,0,1,3,2,1,2,1,1,12,30,5,1,6,0,0,0,1,-1,0,1,2,1
KR_6634624250,420,3,32,-6,1,2,4,2,3,4,1,-5,0,5,2,4,2,-1,0,1,0,5,2,-2,6,4,0,0,1,-1,1,1,1,1,1
KR_6762802083,420,5,62,-6,12,-2,0,2,1,1,0,5,6,1,5,8,3,3,4,1,2,22,6,-4,8,4,1,0,0,1,-1,1,1,2,1
KR_6755756876,440,-2,-37,16,0,-4,1,5,0,3,3,-1,2,3,3,5,2,2,3,1,0,6,46,5,3,8,-14,0,1,-1,-1,1,1,3,1
KR_6731026419,420,2,31,24,2,-2,1,3,-1,1,2,2,3,1,4,4,0,-1,1,2,0,0,13,2,6,8,-3,0,0,-1,0,0,1,3,1
KR_6316399394,420,4,69,14,5,1,1,0,-3,0,3,3,6,3,5,6,1,-1,0,1,0,0,6,1,3,4,1,0,2,1,-1,1,-1,5,1
KR_6758322003,420,4,68,3,9,0,1,1,4,7,3,4,4,0,2,2,0,-1,0,1,0,8,-341,1,5,6,43,0,0,1,1,1,1,4,1
KR_6759701452,420,3,-13,-7,2,-1,1,2,-2,4,6,0,2,2,4,5,1,1,1,0,0,7,4,3,5,8,1,0,1,-1,-1,1,1,1,1
KR_6760982356,420,7,74,24,11,1,1,0,1,3,2,1,3,2,5,5,0,3,3,0,0,10,22,0,3,3,1,0,2,-1,1,1,-1,5,1
KR_6688340972,420,1,-7,-3,1,-4,0,4,-5,1,6,2,3,1,7,7,0,1,1,0,0,14,40,-2,11,9,-10,0,0,1,-1,1,-1,1,1
KR_6754326648,440,0,19,8,1,-1,3,4,2,3,1,-1,3,4,1,4,3,0,2,2,0,-2,-242,0,5,5,2,0,0,0,1,1,1,0,1
KR_6623962388,420,2,2,4,1,1,3,2,-1,5,6,-1,0,1,3,6,3,-1,0,1,0,-1,-13,0,9,9,5,0,2,-1,-1,1,-1,5,1
KR_6761242508,420,1,87,32,4,-1,0,1,1,4,3,4,4,0,0,7,7,0,0,0,0,-2,8,2,4,6,-1,0,2,1,1,1,1,4,1
KR_6726946873,420,5,12,-13,16,4,5,1,1,3,2,10,10,0,1,1,0,0,0,0,0,17,0,1,2,3,1,0,0,1,-1,1,1,4,1
KR_6637991952,420,7,96,17,15,2,3,1,3,3,0,4,4,0,4,5,1,2,2,0,0,14,5,5,0,5,0,0,3,1,1,1,1,4,1
KR_6762626076,440,0,-5,3,-2,-1,0,1,-4,1,5,-2,2,4,3,7,4,2,2,0,0,9,5,1,5,6,-4,0,0,1,-1,0,1,1,1
KR_6663874556,420,3,22,20,2,2,3,1,-1,2,3,-2,0,2,1,3,2,2,2,0,0,-1,5,-3,5,2,3,0,0,-1,1,-1,-1,1,1
KR_6753353782,440,0,-2,20,-6,-1,1,2,-5,0,5,0,5,5,-1,2,3,1,2,1,0,-5,4,-2,2,0,-2,0,0,-1,-1,0,-1,6,1
KR_6756995340,420,1,46,-10,8,3,4,1,3,4,1,-4,1,5,6,7,1,0,0,0,1,10,-2,3,4,7,0,0,2,1,1,1,1,2,1
KR_6762939272,440,-3,-32,0,0,2,3,1,0,1,1,0,4,4,-1,1,2,-1,0,1,-1,-2,0,4,2,6,4,0,-1,-1,-1,-1,-1,3,1
KR_6761792456,420,0,-24,16,8,0,1,1,7,8,1,1,1,0,-1,1,2,1,2,1,0,9,-13,6,3,9,-1,0,0,1,1,0,1,1,1
KR_6637660408,420,4,78,-12,10,2,2,0,0,2,2,-3,1,4,8,9,1,3,3,0,1,14,2,0,6,6,0,0,2,1,-1,1,1,6,1
KR_6758580772,420,3,13,11,14,4,5,1,7,10,3,4,4,0,2,3,1,-3,1,4,0,7,-15,0,3,3,0,0,0,-1,0,0,1,2,1
KR_6750474156,420,4,-13,-12,9,1,1,0,2,6,4,3,5,2,2,4,2,1,3,2,0,7,-1,2,4,6,-1,0,1,1,1,1,1,4,1
KR_6560428914,420,9,101,3,22,8,8,0,1,2,1,5,8,3,5,5,0,3,3,0,2,9,14,6,5,11,5,0,3,1,1,1,1,2,1
KR_6753679437,420,8,87,60,7,0,2,2,-2,1,3,2,2,0,7,7,0,0,0,0,0,8,-48,-5,7,2,24,0,1,1,-1,1,1,3,1
KR_6683864279,420,1,48,-15,3,-2,1,3,4,6,2,0,1,1,1,1,0,0,0,0,0,4,5,3,3,6,-1,0,1,1,1,1,1,5,1
KR_6749896782,420,1,61,22,-1,1,2,1,-2,1,3,0,3,3,-1,5,6,1,1,0,0,-4,13,5,4,9,-3,0,0,-1,1,1,-1,5,1
KR_6760739152,420,2,-69,4,6,4,4,0,9,9,0,-1,0,1,-5,1,6,-1,1,2,-1,5,27,7,4,11,-4,0,1,1,1,1,-1,6,1
KR_6652503937,420,8,59,30,17,4,4,0,3,6,3,3,3,0,4,4,0,3,3,0,1,26,-187,-1,8,7,4,0,3,1,1,1,1,3,1
KR_6741977683,420,4,-25,-13,10,2,3,1,0,3,3,-4,0,4,11,11,0,1,2,1,2,30,-1,0,5,5,1,0,2,1,1,1,1,3,1
KR_6491549820,420,-2,1,20,1,-2,4,6,-4,2,6,2,5,3,5,7,2,0,2,2,0,-1,4,-2,6,4,2,0,-1,1,-1,-1,-1,1,1
KR_6739537211,420,-3,-46,-1,-2,0,2,2,-1,2,3,4,5,1,0,1,1,-5,1,6,0,-3,-6,-2,6,4,3,0,0,-1,1,1,1,2,1
KR_6755035892,420,4,30,-15,11,0,1,1,0,2,2,5,7,2,6,6,0,0,1,1,0,8,7,4,3,7,1,0,2,-1,1,1,1,6,1
KR_6730334769,420,4,65,12,0,-3,0,3,-2,2,4,3,5,2,0,0,0,2,3,1,0,1,7,-1,5,4,1,0,0,-1,-1,0,1,5,1
KR_6762948206,420,1,39,34,-3,2,3,1,-1,2,3,0,4,4,0,2,2,-4,0,4,0,-15,-59,-3,9,6,15,0,1,-1,1,1,1,4,1
KR_6723150389,420,3,7,-9,4,2,2,0,1,5,4,-3,1,4,2,4,2,2,3,1,0,1,6,-4,6,2,-3,0,0,1,-1,1,1,4,1
KR_6735321807,420,1,16,0,4,-1,1,2,0,3,3,4,6,2,-1,5,6,2,3,1,0,9,-48,5,2,7,-4,0,-1,-1,1,-1,1,5,1
KR_6702414086,420,0,66,0,-3,0,2,2,1,2,1,-6,1,7,0,2,2,2,3,1,0,-9,-22,-3,6,3,1,0,-1,-1,-1,1,-1,3,1
KR_6760930116,420,3,41,16,3,-2,1,3,4,7,3,1,1,0,0,5,5,0,0,0,0,4,25,-1,5,4,4,0,-2,-1,-1,-1,1,1,1
KR_6712847056,420,2,59,5,1,1,2,1,-1,1,2,1,2,1,0,1,1,0,1,1,0,-3,-3,6,4,10,4,0,0,1,1,1,-1,1,1
KR_6744857430,420,-2,-38,-9,1,1,2,1,0,4,4,1,1,0,-2,2,4,1,2,1,1,2,80,-1,5,4,-5,0,1,-1,1,1,1,4,1
KR_6764235230,420,6,42,43,15,3,4,1,5,5,0,9,10,1,-2,4,6,0,2,2,-1,1,178,4,2,6,5,0,2,1,1,1,-1,2,1
KR_6742152737,420,1,32,12,0,0,2,2,2,2,0,-2,0,2,0,1,1,0,1,1,1,7,42,-2,4,2,-23,0,1,-1,1,1,1,5,1
KR_6755861067,420,1,-76,24,8,4,4,0,4,6,2,5,8,3,-5,0,5,0,2,2,1,16,5,-1,10,9,-2,0,1,-1,1,1,1,1,1
KR_6682844554,420,1,13,11,0,-1,2,3,2,2,0,-2,0,2,0,0,0,1,1,0,0,3,64,3,8,11,-7,0,0,1,-1,0,-1,4,1
KR_6728826991,420,-3,-56,-5,-11,4,5,1,-5,2,7,-1,2,3,-6,0,6,-3,1,4,0,-19,-17,-3,4,1,-1,0,-1,-1,-1,-1,1,1,1
KR_6763655098,420,1,-36,-1,3,0,2,2,-1,5,6,0,4,4,2,3,1,2,2,0,-1,0,-1,-1,7,6,3,0,0,-1,-1,0,-1,4,1
KR_6745044139,420,4,4,12,6,4,4,0,1,2,1,2,2,0,0,2,2,-1,0,1,1,1,3,4,4,8,0,0,-1,1,1,1,1,2,1
KR_6538870189,420,3,58,-6,10,5,7,2,2,4,2,1,3,2,1,3,2,1,1,0,0,3,-30,3,4,7,0,0,1,1,-1,1,1,1,1
KR_6701567461,420,1,16,16,5,1,3,2,0,3,3,2,3,1,3,4,1,-1,0,1,0,-4,-41,-4,7,3,2,0,-1,1,-1,-1,-1,5,1
KR_6734623002,420,1,-14,20,3,2,2,0,2,5,3,-6,1,7,5,5,0,0,1,1,0,12,7,7,3,10,-2,0,0,1,1,0,-1,1,1
KR_6760460570,420,0,-15,-14,0,-4,2,6,1,2,1,-1,2,3,3,3,0,1,1,0,0,4,17,2,3,5,0,0,-1,1,-1,-1,-1,4,1
KR_6717472538,420,6,38,-7,15,4,4,0,6,7,1,-4,0,4,8,9,1,1,1,0,0,20,2,-1,4,3,0,0,2,0,-1,1,-1,0,1
KR_6741301032,420,0,-25,40,-8,-3,1,4,-1,1,2,-1,1,2,1,5,4,-4,0,4,0,-9,-5,-2,7,5,-4,0,-1,-1,1,-1,-1,3,1
KR_6676300685,420,-1,-10,-2,-2,0,0,0,3,4,1,0,1,1,-5,0,5,0,1,1,0,1,97,-2,9,7,2,0,0,-1,-1,0,1,4,1
KR_6705980216,420,1,75,26,0,-2,0,2,-1,4,5,0,0,0,3,5,2,0,0,0,0,1,9,0,5,5,2,0,2,1,1,1,1,3,1
KR_6680482413,420,4,14,20,9,3,5,2,6,8,2,1,1,0,-1,1,2,0,1,1,0,6,-32,4,3,7,11,0,0,0,1,1,1,0,1
KR_6659952703,420,0,17,-28,2,-3,0,3,6,8,2,-2,2,4,0,0,0,1,1,0,0,4,6,4,4,8,-1,0,-1,-1,-1,-1,1,5,1
KR_6755719955,440,8,106,24,18,8,8,0,0,1,1,7,7,0,3,4,1,0,2,2,2,23,-56,5,2,7,0,0,2,1,0,1,1,4,1
KR_6751248099,440,5,94,4,20,8,8,0,3,5,2,0,5,5,6,9,3,3,3,0,0,15,219,4,0,4,-1,0,1,0,1,1,1,0,1
KR_6753946775,420,3,-3,-12,2,-3,0,3,1,6,5,0,2,2,4,4,0,0,0,0,0,8,3,0,5,5,-1,0,0,1,-1,-1,-1,5,1
KR_6759732283,420,0,-16,5,1,0,2,2,-3,1,4,2,4,2,2,4,2,0,0,0,0,3,39,-2,6,4,-24,0,-1,-1,1,-1,1,5,1
KR_6764205647,420,1,21,-5,0,-1,2,3,2,2,0,2,2,0,-2,0,2,-1,0,1,0,2,-2,-2,8,6,1,0,0,-1,1,0,1,4,1
KR_6708341618,420,0,1,-3,1,0,0,0,-4,2,6,3,5,2,2,4,2,0,1,1,0,0,37,-2,7,5,2,0,0,0,1,0,1,0,1
KR_6757089934,420,1,0,-4,13,1,4,3,1,8,7,5,6,1,6,8,2,0,1,1,1,11,170,-4,7,3,5,0,0,1,-1,1,1,6,1
KR_6740493666,420,1,-10,16,2,4,4,0,-3,3,6,0,1,1,1,4,3,0,1,1,0,-5,5,0,7,7,-2,0,1,1,1,1,-1,3,1
KR_6759313995,420,3,-2,-5,5,2,2,0,1,3,2,4,6,2,-3,1,4,1,2,1,0,4,7,2,4,6,-1,0,1,1,-1,1,-1,2,1
KR_6763979072,420,-1,-5,8,3,5,5,0,-1,3,4,1,2,1,-2,2,4,0,1,1,0,-1,2,1,5,6,0,0,-1,-1,-1,-1,-1,2,1
KR_6751486367,420,0,22,-7,-5,-2,2,4,-2,0,2,0,5,5,-1,2,3,0,0,0,0,-5,3,-2,9,7,-5,0,0,-1,1,0,1,6,1
KR_6472655866,440,4,44,35,14,3,4,1,8,9,1,2,3,1,-1,0,1,2,4,2,0,22,-55,-3,10,7,2,0,1,1,-1,1,-1,2,1
KR_6755354801,420,4,114,8,10,0,2,2,-4,3,7,2,4,2,9,11,2,3,5,2,0,9,-14,-6,10,4,6,0,1,1,1,-1,1,2,1
KR_6732741187,440,-1,2,-16,3,2,5,3,1,2,1,3,3,0,-4,1,5,1,6,5,0,-4,-9,-4,6,2,3,0,-2,-1,0,-1,1,4,1
KR_6762253788,420,-1,6,-16,0,1,1,0,2,4,2,1,1,0,3,3,0,-7,0,7,-1,-5,6,2,5,7,-3,0,0,1,-1,0,-1,6,1
KR_6730968666,420,0,6,-22,2,0,4,4,1,6,5,1,3,2,2,3,1,-2,1,3,0,-4,28,6,2,8,1,0,2,1,1,1,-1,4,1
KR_6581249260,420,-4,-46,-15,-8,-6,1,7,-2,3,5,0,2,2,-1,2,3,1,4,3,-1,-10,-4,3,2,5,-1,0,0,0,1,0,-1,0,1
KR_6602836026,420,7,31,43,12,0,1,1,4,6,2,-1,2,3,3,4,1,6,6,0,1,16,-22,-9,12,3,6,0,0,-1,1,1,1,4,1
KR_6643970458,420,1,-12,-4,-1,1,2,1,-6,1,7,2,3,1,2,4,2,0,0,0,1,-5,9,2,3,5,1,0,0,-1,-1,-1,1,6,1
KR_6732221161,420,0,24,-16,3,-2,3,5,7,9,2,-1,2,3,0,3,3,-1,0,1,0,11,0,2,4,6,-2,0,0,1,1,0,-1,3,1
KR_6744047931,420,3,71,27,6,4,4,0,2,4,2,0,1,1,0,1,1,0,0,0,0,3,13,1,5,6,1,0,1,1,-1,1,1,1,1
KR_6609649756,420,3,-6,-8,4,2,3,1,1,3,2,-3,1,4,3,6,3,1,1,0,0,7,-2,1,7,8,3,0,0,1,1,1,1,6,1
KR_6463365380,420,0,2,-27,1,0,2,2,1,4,3,4,5,1,-2,4,6,-2,0,2,0,1,-29,-6,7,1,3,0,1,-1,-1,1,1,4,1
KR_6762264098,420,3,27,-6,10,-2,3,5,5,5,0,2,2,0,4,6,2,1,1,0,1,13,-20,1,4,5,2,0,2,0,1,1,1,0,1
KR_6743761250,440,4,99,-16,8,0,2,2,0,2,2,3,4,1,3,5,2,2,2,0,0,12,3,-1,6,5,1,0,1,-1,1,1,1,4,1
KR_6762750263,420,-2,-1,-28,2,0,1,1,-1,1,2,2,4,2,2,6,4,-1,1,2,-1,4,13,-2,6,4,-3,0,0,0,0,0,-1,0,1
KR_6761076498,420,3,113,-5,-1,0,2,2,3,6,3,-4,5,9,2,3,1,-2,0,2,0,4,-3,-2,6,4,4,0,1,-1,1,1,1,5,1
KR_6756411857,420,-1,-26,-13,0,1,2,1,2,4,2,-5,2,7,0,2,2,2,2,0,0,-2,-36,7,1,8,18,0,1,1,-1,1,-1,3,1
KR_6701723341,420,0,-10,12,6,2,3,1,8,11,3,-2,1,3,-2,2,4,0,0,0,0,6,-3,1,7,8,-3,0,0,1,1,-1,1,2,1
KR_6760353275,420,-3,-70,4,1,0,1,1,0,4,4,-5,1,6,5,8,3,1,1,0,1,9,47,2,4,6,-25,0,-1,-1,-1,-1,1,4,1
KR_6739163953,420,2,39,26,8,5,5,0,1,4,3,6,6,0,-2,1,3,-2,0,2,0,1,10,3,1,4,-1,0,2,1,1,1,1,3,1
KR_6743626858,420,-1,-8,12,0,1,4,3,3,4,1,2,2,0,-3,1,4,-3,0,3,0,-2,1,1,5,6,2,0,-1,-1,1,-1,-1,5,1
KR_6756477853,440,5,-55,20,8,4,4,0,5,8,3,4,4,0,-5,1,6,0,0,0,-1,13,-7,-5,8,3,7,0,-1,1,-1,-1,-1,1,1
KR_6755213405,420,1,57,-9,1,1,2,1,-2,5,7,1,2,1,1,3,2,0,1,1,0,-4,0,-1,4,3,2,0,2,-1,1,1,1,1,1
KR_6681688563,420,0,28,12,4,-7,1,8,0,2,2,3,3,0,8,10,2,0,1,1,-1,2,0,-5,8,3,7,0,1,1,0,1,1,2,1
KR_6748231394,420,0,56,5,2,-3,3,6,-1,3,4,-1,2,3,3,3,0,4,5,1,0,6,2,0,9,9,1,0,-1,1,-1,-1,1,5,1
KR_6761249925,420,4,20,16,2,2,3,1,3,3,0,5,6,1,-7,0,7,-1,0,1,0,-3,0,3,4,7,-7,0,0,-1,-1,1,-1,3,1
KR_6759884842,420,0,-94,-20,3,1,2,1,2,3,1,0,2,2,-1,5,6,1,3,2,0,4,-8,-3,5,2,3,0,2,-1,1,1,1,4,1
KR_6761433119,440,1,18,-12,6,2,2,0,5,5,0,-3,2,5,6,8,2,-4,0,4,3,15,13,1,4,5,-3,0,0,-1,-1,1,1,5,1
KR_6755653682,420,1,33,10,9,4,4,0,2,3,1,0,1,1,1,2,1,2,3,1,0,7,2,-1,4,3,-5,0,0,1,-1,-1,1,5,1
KR_6680527968,420,6,39,46,13,15,15,0,-2,0,2,2,2,0,-4,3,7,2,3,1,0,-2,4,1,7,8,7,0,2,-1,1,1,1,1,1
KR_6546016893,420,-2,-62,12,1,-2,2,4,3,3,0,2,4,2,0,0,0,-2,0,2,0,-3,-1,-3,7,4,4,0,-1,-1,-1,-1,1,4,1
KR_6685113165,420,0,-22,-13,-1,-1,1,2,3,3,0,-1,6,7,0,2,2,-2,1,3,0,-2,-4,-4,9,5,2,0,-1,0,-1,-1,1,0,1
KR_6482633636,420,2,100,12,2,1,2,1,-4,2,6,2,2,0,0,4,4,3,3,0,-1,-2,1,-5,6,1,5,0,1,1,1,1,-1,4,1
KR_6637718653,420,1,19,-26,4,0,1,1,2,4,2,1,3,2,3,5,2,-2,1,3,0,9,13,3,5,8,-5,0,1,1,-1,1,-1,4,1
KR_6746964574,420,-2,-15,5,-3,3,5,2,-2,2,4,1,1,0,-1,0,1,-4,1,5,0,-5,58,-3,5,2,3,0,-1,-1,-1,-1,-1,4,1
KR_6751133457,440,-1,-4,-16,8,0,3,3,2,4,2,5,7,2,1,4,3,0,1,1,3,13,4,0,3,3,-4,0,1,0,1,1,1,0,1
KR_6663303506,420,8,64,16,20,6,7,1,6,6,0,3,4,1,5,5,0,0,0,0,1,31,2,7,1,8,3,0,1,1,1,1,1,4,1
KR_6685994497,420,1,-1,-37,6,-2,2,4,3,4,1,-2,0,2,6,7,1,1,1,0,0,4,40,1,3,4,-5,0,1,1,1,1,-1,1,1
KR_6580648431,420,0,4,21,1,-1,1,2,1,3,2,-4,0,4,3,5,2,2,4,2,0,9,-22,-4,9,5,-5,0,-1,1,-1,-1,1,1,1
KR_6667876082,420,6,100,11,13,2,5,3,3,3,0,5,5,0,-1,2,3,4,4,0,4,15,4,3,4,7,5,0,3,1,1,1,1,2,1
KR_6590527193,420,3,11,17,3,4,4,0,4,6,2,-1,0,1,-1,2,3,-3,1,4,-1,-4,4,-4,8,4,-3,0,1,1,-1,1,-1,3,1
KR_6722588671,440,5,105,4,4,5,5,0,2,2,0,-1,1,2,-1,0,1,-1,0,1,0,-2,10,1,3,4,3,0,0,-1,0,1,1,3,1
KR_6749638370,420,1,-4,16,8,-1,3,4,3,3,0,2,3,1,5,5,0,-1,0,1,0,12,4,1,5,6,5,0,1,1,0,1,1,5,1
KR_6756959462,420,1,-52,-18,-1,4,4,0,-8,2,10,-1,1,2,2,4,2,2,2,0,0,-1,3,-4,9,5,2,0,0,-1,-1,-1,-1,2,1
KR_6664368605,420,2,-10,24,3,0,0,0,1,1,0,0,0,0,-2,2,4,4,4,0,0,7,50,6,1,7,-32,0,2,1,1,1,1,4,1
KR_6604294361,420,2,13,-10,17,5,5,0,4,4,0,0,1,1,5,6,1,3,4,1,1,22,7,3,2,5,-3,0,1,1,1,1,1,5,1
KR_6759127470,420,1,7,39,4,4,4,0,7,8,1,-4,1,5,-5,1,6,2,3,1,0,-2,279,-1,4,3,-2,0,0,-1,1,0,1,2,1
KR_6730615129,420,-3,-26,0,-7,-5,0,5,2,5,3,0,2,2,-3,0,3,-1,0,1,0,-1,-2,-6,7,1,1,0,0,1,1,-1,-1,6,1
KR_6763497277,420,2,41,40,4,-1,0,1,0,2,2,2,4,2,2,2,0,1,1,0,0,11,-5,3,3,6,-2,0,0,0,1,1,1,0,1
KR_6646251177,420,6,61,35,20,-1,3,4,4,7,3,6,7,1,11,13,2,0,1,1,0,15,44,3,2,5,0,0,2,1,-1,1,1,2,1
KR_6718490123,420,-1,42,-4,-2,-1,1,2,-7,0,7,3,3,0,3,3,0,0,0,0,0,-2,0,3,5,8,2,0,2,1,1,1,-1,4,1
KR_6763799210,420,-2,35,25,-9,1,3,2,-5,3,8,-2,2,4,-3,1,4,0,0,0,0,-6,-3,-3,6,3,3,0,-1,1,-1,1,1,2,1
KR_6751225936,440,5,65,36,3,4,4,0,-4,3,7,1,2,1,2,4,2,0,0,0,0,-6,-33,-3,6,3,17,0,0,1,-1,0,1,1,1
KR_6755188608,420,3,96,8,7,2,2,0,-1,1,2,0,1,1,2,3,1,4,7,3,0,2,-2,0,6,6,-1,0,2,-1,1,1,1,3,1
KR_6748424173,420,1,-5,-13,0,3,4,1,-2,0,2,-2,3,5,1,1,0,0,0,0,0,-1,-13,-2,6,4,4,0,0,-1,0,1,-1,5,1
KR_6734733237,420,5,97,42,4,2,2,0,9,10,1,-1,1,2,-4,0,4,-2,0,2,0,-6,3,0,8,8,1,0,3,1,1,1,1,5,1
KR_6755039558,420,0,69,-11,0,-1,1,2,1,2,1,0,1,1,0,1,1,0,1,1,0,3,6,3,3,6,-2,0,0,0,-1,0,-1,0,1
KR_6760904883,420,0,66,0,-2,2,2,0,-2,2,4,-1,3,4,-1,0,1,0,0,0,0,-4,53,3,1,4,-28,0,1,-1,1,1,-1,1,1
KR_6677155800,420,2,75,-9,12,8,10,2,3,4,1,4,4,0,-4,1,5,1,3,2,0,3,2,4,2,6,-2,0,0,1,0,1,-1,5,1
KR_6714056445,420,1,-3,-5,4,2,5,3,-2,4,6,-3,2,5,8,8,0,-1,0,1,1,3,-27,-1,4,3,2,0,-1,-1,1,-1,1,6,1
KR_6702469461,420,1,-8,3,6,2,3,1,1,1,0,4,5,1,0,1,1,-1,3,4,0,1,1,1,4,5,6,0,1,1,1,1,1,4,1
KR_6751321074,440,1,34,-24,0,1,3,2,-1,1,2,4,6,2,-8,1,9,4,4,0,0,-6,176,1,4,5,2,0,2,0,-1,1,1,0,1
KR_6758313801,440,3,-12,32,11,1,2,1,1,3,2,8,10,2,1,5,4,0,4,4,1,9,-20,5,3,8,-3,0,2,1,-1,-1,1,1,1
KR_6759215578,420,3,73,34,4,1,2,1,0,2,2,-8,2,10,8,10,2,3,3,0,1,6,10,0,6,6,-2,0,0,1,1,0,1,6,1
KR_6756839376,420,2,-47,21,6,1,2,1,2,4,2,2,4,2,2,5,3,-1,2,3,1,13,-6,-1,6,5,1,0,0,-1,1,1,1,3,1
KR_6604639419,420,3,12,16,8,5,5,0,0,1,1,1,3,2,-2,1,3,4,6,2,0,13,-5,0,9,9,-2,0,2,1,-1,1,-1,3,1
KR_6732739640,440,-3,-33,-13,-12,-1,1,2,0,0,0,1,2,1,-1,0,1,-11,0,11,-2,-18,5,2,4,6,-1,0,-1,-1,1,-1,-1,3,1
KR_6760783759,420,2,28,20,0,2,3,1,-1,1,2,1,1,0,1,2,1,-3,1,4,0,-1,118,8,1,9,-1,0,1,1,1,1,-1,2,1
KR_6583224822,420,2,24,-5,4,4,4,0,1,4,3,-1,1,2,0,2,2,0,0,0,0,1,12,-1,7,6,-2,0,0,-1,1,0,1,4,1
KR_6763938384,420,3,3,36,-5,1,1,0,-3,0,3,-2,0,2,-1,4,5,0,3,3,-2,-11,-4,-1,4,3,-2,0,0,-1,-1,0,-1,2,1
KR_6730937914,420,6,14,28,11,-2,1,3,1,2,1,4,7,3,1,2,1,7,8,1,-2,8,13,-2,6,4,3,0,2,1,-1,1,-1,3,1
KR_6717744914,420,0,43,7,1,-1,3,4,4,4,0,-1,1,2,1,5,4,-2,0,2,0,3,-5,2,4,6,-1,0,0,1,1,0,1,6,1
KR_6751778176,420,7,91,4,18,7,8,1,0,1,1,3,6,3,4,7,3,4,5,1,0,10,-1,1,4,5,4,0,1,1,-1,1,-1,4,1
KR_6663865007,420,-1,-9,-5,2,-8,2,10,5,7,2,0,3,3,3,4,1,2,3,1,1,10,-25,7,3,10,3,0,-1,1,-1,-1,1,5,1
KR_6721297925,420,0,-7,24,1,-3,0,3,0,2,2,-2,0,2,5,6,1,1,2,1,0,1,57,-3,7,4,1,0,0,1,1,0,-1,3,1
KR_6751529892,420,1,30,-26,0,1,4,3,0,2,2,-1,3,4,1,6,5,-1,1,2,0,2,20,1,5,6,-2,0,-1,-1,-1,-1,-1,1,1
KR_6762499547,420,1,18,-9,9,4,4,0,-4,1,5,4,4,0,6,6,0,-1,0,1,0,5,-2,-1,5,4,-2,0,1,1,1,1,1,1,1
KR_6757002376,420,0,19,12,0,0,3,3,0,1,1,-1,2,3,2,3,1,-1,0,1,1,1,7,5,4,9,-4,0,1,-1,1,1,1,4,1
KR_6742695327,420,1,-9,-5,1,1,2,1,1,3,2,3,3,0,-2,3,5,-2,0,2,0,2,-145,-5,5,0,1,0,1,1,1,1,-1,6,1
KR_6754479998,420,3,28,23,7,4,5,1,-1,1,2,2,4,2,2,2,0,0,1,1,0,3,4,2,5,7,1,0,1,1,1,1,1,5,1
KR_6761351374,420,-6,-87,4,-15,-2,1,3,-7,1,8,-2,0,2,-4,2,6,0,0,0,0,-18,3,2,4,6,-4,0,-2,1,1,-1,-1,3,1
KR_6631932227,420,6,-32,63,17,1,1,0,6,10,4,4,4,0,6,10,4,0,0,0,0,11,-42,-4,8,4,13,0,3,-1,1,1,1,4,1
KR_6755828694,420,0,-33,-8,6,0,2,2,-2,0,2,12,12,0,-3,2,5,-1,0,1,0,4,12,1,5,6,-3,0,0,-1,-1,0,-1,2,1
KR_6721105406,420,2,56,16,5,-2,3,5,0,3,3,3,4,1,5,5,0,-1,0,1,1,8,-9,0,5,5,2,0,1,1,-1,-1,1,3,1
KR_6755698949,440,6,65,10,17,-1,0,1,0,0,0,14,15,1,4,6,2,0,0,0,0,13,5,2,2,4,1,0,2,-1,1,1,1,4,1
KR_6748265737,420,4,30,39,12,3,3,0,5,5,0,2,5,3,-3,3,6,5,5,0,0,9,0,-5,8,3,5,0,2,1,1,1,1,3,1
KR_6759778318,420,4,36,12,6,-1,2,3,4,5,1,2,4,2,1,4,3,0,1,1,0,-2,13,3,1,4,-2,0,2,-1,1,1,1,2,1
KR_6734428829,440,-1,3,15,5,0,0,0,4,4,0,2,3,1,0,0,0,-1,1,2,0,8,-98,-1,6,5,0,0,0,-1,1,0,1,4,1
KR_6758420695,420,-1,-17,-20,-6,-1,0,1,-1,4,5,0,0,0,-5,1,6,1,1,0,0,-8,-37,-5,8,3,-3,0,0,-1,0,0,1,5,1
KR_6741932637,420,0,13,-11,2,1,3,2,-5,0,5,4,5,1,1,4,3,1,1,0,0,3,-84,2,3,5,22,0,-1,0,-1,-1,1,0,1
KR_6747708651,420,3,53,-5,3,0,2,2,4,7,3,1,4,3,-2,1,3,0,1,1,-2,-3,4,3,6,9,-2,0,0,-1,1,1,-1,3,1
KR_6726874227,420,9,91,29,15,-2,1,3,8,8,0,5,6,1,3,4,1,1,1,0,1,19,3,-1,5,4,1,0,2,1,-1,1,1,3,1
KR_6760667958,420,5,47,11,6,3,3,0,4,4,0,-1,3,4,1,1,0,-1,0,1,0,2,-28,1,2,3,28,0,1,1,0,1,1,4,1
KR_6685219534,420,1,29,1,5,0,2,2,0,3,3,1,3,2,2,7,5,2,2,0,1,5,79,4,3,7,-23,0,1,1,-1,1,1,3,1
KR_6750677016,420,0,21,-16,4,-2,0,2,2,5,3,1,6,5,2,3,1,1,1,0,1,4,7,0,6,6,3,0,2,-1,-1,1,1,5,1
KR_6748380449,420,3,-13,-20,14,3,4,1,3,6,3,4,5,1,3,4,1,1,2,1,0,20,6,4,7,11,-1,0,0,1,1,0,1,4,1
KR_6688655446,420,3,13,-16,6,3,4,1,0,2,2,-5,1,6,5,8,3,3,3,0,0,16,-31,-1,7,6,18,0,0,-1,1,-1,1,5,1
KR_6760725825,420,-1,1,6,0,-2,4,6,0,2,2,-2,2,4,4,5,1,0,0,0,1,-6,10,0,8,8,-2,0,1,1,1,1,1,5,1
KR_6761122101,420,-2,-35,-12,-6,-3,1,4,-4,1,5,-4,1,5,4,6,2,1,1,0,0,1,0,3,2,5,4,0,1,-1,-1,1,-1,1,1
KR_6745059038,440,6,87,4,11,7,7,0,4,4,0,1,3,2,0,1,1,-1,0,1,0,3,-26,3,1,4,-3,0,0,0,-1,1,1,0,1
KR_6763642288,420,4,66,41,14,5,7,2,6,7,1,-2,2,4,6,8,2,-1,0,1,0,12,2,-2,6,4,2,0,2,1,1,1,1,5,1
KR_6695228008,420,-1,5,28,1,-1,2,3,5,7,2,0,2,2,-2,3,5,-1,0,1,0,-1,-2,1,4,5,2,0,0,1,-1,0,1,2,1
KR_6761657851,420,2,60,-6,10,0,1,1,4,6,2,-3,0,3,7,8,1,2,2,0,0,18,0,2,4,6,-4,0,-1,-1,-1,-1,-1,4,1
KR_6752384295,440,-5,-101,8,-9,-1,2,3,1,3,2,-5,1,6,-3,0,3,-1,0,1,-1,-10,39,7,3,10,-4,0,-1,1,1,-1,-1,1,1
KR_6706577465,420,4,56,-5,6,2,2,0,5,5,0,1,3,2,-4,4,8,2,4,2,0,10,10,2,4,6,1,0,2,1,1,1,1,6,1
KR_6752279372,420,-1,-44,0,2,-1,2,3,1,3,2,0,3,3,2,2,0,0,0,0,0,8,-5,-2,7,5,4,0,0,1,-1,-1,1,3,1
KR_6763860158,420,1,49,-7,-1,-2,1,3,-1,1,2,1,3,2,-2,2,4,3,4,1,0,3,-17,-1,6,5,1,0,1,1,1,1,1,5,1
KR_6764381068,420,4,51,-8,6,1,2,1,-2,3,5,5,5,0,2,5,3,0,1,1,0,2,9,2,2,4,0,0,1,1,1,1,1,4,1
KR_6607867222,420,3,59,-8,7,3,4,1,-1,1,2,0,1,1,2,5,3,3,3,0,0,3,0,3,6,9,6,0,1,-1,-1,-1,-1,4,1
KR_6750082303,420,2,22,-8,-1,-1,1,2,-2,2,4,1,3,2,0,2,2,1,2,1,0,3,-17,0,3,3,-1,0,0,1,1,1,-1,1,1
KR_6760820326,420,-1,-46,4,-7,-1,0,1,0,1,1,-1,1,2,-2,1,3,-3,0,3,0,-5,-9,-1,4,3,4,0,0,-1,-1,0,-1,4,1
KR_6732125066,420,2,15,-20,4,-1,0,1,-2,2,4,-1,3,4,6,9,3,2,3,1,0,3,67,-5,7,2,3,0,0,-1,-1,1,-1,2,1
KR_6602404455,420,9,129,16,14,6,6,0,5,6,1,3,4,1,1,4,3,-1,0,1,1,9,-213,-3,5,2,9,0,2,1,1,1,1,5,1
KR_6700896833,420,2,26,13,1,6,6,0,-5,1,6,-1,3,4,3,6,3,-2,1,3,2,2,88,-2,4,2,-4,0,1,1,-1,1,1,6,1
KR_6712506734,420,4,27,14,23,1,3,2,13,15,2,1,3,2,8,9,1,0,1,1,3,35,-52,-1,7,6,22,0,2,1,1,1,1,4,1
KR_6757647702,420,0,41,24,0,2,3,1,-1,0,1,0,8,8,-1,3,4,0,1,1,0,-4,-1,-2,4,2,1,0,3,1,1,1,1,3,1
KR_6688532755,420,1,49,-23,6,2,4,2,1,4,3,2,6,4,0,2,2,1,2,1,-1,12,11,-2,7,5,2,0,0,1,1,0,-1,4,1
KR_6758968579,420,2,66,-6,4,-1,3,4,-2,0,2,1,1,0,4,4,0,2,2,0,0,8,-2,-6,8,2,-2,0,0,1,-1,1,-1,1,1
KR_6764212206,420,2,47,39,2,-2,3,5,2,2,0,2,3,1,2,4,2,-2,0,2,0,4,-2,-2,4,2,3,0,0,1,1,1,1,1,1
KR_6725543710,420,1,29,-27,2,0,2,2,-1,6,7,2,7,5,1,4,3,0,1,1,0,-7,-15,5,2,7,-5,0,0,1,1,0,1,4,1
KR_6704373292,440,2,34,-4,3,3,4,1,-3,2,5,-1,0,1,3,3,0,1,1,0,2,-3,10,5,5,10,-5,0,1,1,-1,1,1,3,1
KR_6743755279,420,5,29,13,8,-2,0,2,4,6,2,0,3,3,5,7,2,1,1,0,0,4,414,1,3,4,3,0,0,-1,1,0,1,1,1
KR_6763693967,420,-2,-3,6,-3,3,5,2,-3,0,3,0,1,1,0,3,3,-3,0,3,0,-9,-28,3,3,6,-2,0,1,-1,1,1,1,1,1
KR_6765144679,420,3,21,20,5,1,1,0,2,5,3,1,2,1,2,2,0,-1,1,2,0,9,-47,1,2,3,1,0,1,0,1,1,1,0,1
KR_6722890888,420,4,57,-20,13,2,2,0,-1,2,3,1,2,1,8,9,1,3,3,0,0,14,2,0,6,6,4,0,0,1,1,1,1,3,1
KR_6757035216,420,3,-31,-31,11,1,1,0,1,2,1,3,3,0,4,4,0,2,2,0,0,24,-142,3,3,6,-2,0,0,0,1,1,1,0,1
KR_6601104826,420,-1,-27,4,0,2,5,3,-3,1,4,0,1,1,2,4,2,-1,0,1,0,4,59,2,7,9,-17,0,1,1,-1,1,1,1,1
KR_6757539322,420,4,50,29,10,-2,0,2,0,6,6,4,6,2,6,8,2,2,4,2,0,0,-7,-4,6,2,2,0,1,1,1,1,1,1,1
KR_6761318787,420,2,43,22,2,0,1,1,3,4,1,0,1,1,-2,2,4,1,2,1,0,2,10,1,6,7,-5,0,-1,-1,-1,-1,1,2,1
KR_6698994349,420,0,-27,-16,-4,-1,1,2,0,3,3,-2,2,4,2,3,1,-3,0,3,0,-2,-4,-5,6,1,5,0,-1,1,-1,-1,1,3,1
KR_6608963423,420,-2,-6,13,2,0,0,0,-2,2,4,1,2,1,0,3,3,3,4,1,0,-4,-5,-3,8,5,5,0,-1,1,1,-1,-1,2,1
KR_6744096733,420,2,-31,20,6,-1,0,1,1,2,1,7,8,1,0,2,2,-1,1,2,0,3,10,1,1,2,-7,0,1,1,0,1,1,3,1
KR_6760921090,420,-2,41,-2,-8,3,3,0,-2,3,5,-2,0,2,-3,3,6,-4,0,4,1,-18,2,-4,6,2,-5,0,1,1,-1,1,1,6,1
KR_6752313513,440,-2,-51,36,-1,2,2,0,3,3,0,-5,1,6,0,2,2,-1,0,1,0,6,49,2,4,6,-6,0,1,1,1,1,-1,3,1
KR_6734298478,440,2,67,24,2,4,5,1,-3,0,3,0,2,2,0,0,0,1,1,0,-2,2,-78,0,5,5,4,0,1,1,1,1,-1,1,1
KR_6579908760,420,0,-17,20,3,-4,0,4,3,5,2,1,5,4,4,6,2,-1,0,1,1,0,1,-5,9,4,0,0,0,1,1,-1,-1,4,1
KR_6691342335,440,-2,-24,18,-6,-2,0,2,5,5,0,0,1,1,-14,0,14,5,6,1,0,-13,16,-8,13,5,4,0,-3,1,-1,-1,-1,1,1
KR_6722290936,420,3,21,-4,10,-2,0,2,2,5,3,4,4,0,2,2,0,4,5,1,0,15,4,-1,4,3,2,0,2,1,1,1,1,3,1
KR_6753742804,440,-1,-16,-28,-2,-2,1,3,1,3,2,-2,2,4,1,4,3,0,2,2,0,-5,-27,-6,7,1,3,0,0,0,-1,-1,1,0,1
KR_6762525993,420,3,12,-6,9,1,2,1,3,6,3,3,5,2,1,2,1,1,1,0,0,14,-1,2,3,5,-3,0,1,-1,1,1,-1,3,1
KR_6728839790,420,2,-24,9,1,-4,0,4,0,3,3,2,5,3,1,3,2,2,2,0,2,13,22,-1,9,8,2,0,-1,1,-1,-1,1,4,1
KR_6755623138,420,-2,-6,17,-8,-3,0,3,-1,2,3,-3,2,5,-1,2,3,0,1,1,0,0,4,1,5,6,1,0,-1,-1,0,-1,-1,2,1
KR_6731867786,420,3,46,-18,3,3,4,1,-1,3,4,1,2,1,-2,4,6,2,2,0,0,-3,-27,4,2,6,1,0,1,1,1,1,-1,5,1
KR_6636771720,420,2,29,35,4,5,6,1,1,3,2,0,1,1,-1,1,2,-1,0,1,0,-3,-5,-5,7,2,-1,0,0,1,1,-1,-1,4,1
KR_6705287128,420,-1,-20,4,-7,-3,2,5,-7,1,8,-2,4,6,6,6,0,-1,1,2,-3,-12,-12,8,5,13,0,0,0,0,-1,0,-1,0,1
KR_6722326753,420,2,56,14,10,1,1,0,2,3,1,1,1,0,4,4,0,2,2,0,0,13,-2,-1,2,1,1,0,0,1,1,1,1,2,1
KR_6748257525,420,-2,-74,-16,6,-2,1,3,5,6,1,-1,2,3,4,6,2,0,1,1,1,11,11,3,4,7,-5,0,-2,0,0,-1,-1,0,1
KR_6709971509,420,1,42,-4,1,-1,1,2,-1,2,3,4,4,0,-2,3,5,1,1,0,0,-5,4,3,4,7,-2,0,0,1,-1,0,1,4,1
KR_6756891648,440,-2,-20,-36,4,2,3,1,1,2,1,4,5,1,1,3,2,-4,0,4,0,7,-18,0,3,3,0,0,1,1,1,1,1,6,1
KR_6685324187,440,1,-47,30,3,3,3,0,1,1,0,-2,4,6,2,5,3,-1,4,5,0,12,-19,-2,6,4,0,0,-1,1,0,-1,-1,4,1
KR_6764259708,420,1,38,-4,-3,0,1,1,-2,1,3,0,0,0,1,2,1,-2,0,2,0,-5,8,3,3,6,-2,0,0,1,-1,0,1,2,1
KR_6695697130,420,6,79,16,12,4,6,2,9,11,2,-3,4,7,1,5,4,1,2,1,0,9,41,-1,5,4,-3,0,0,1,1,1,1,2,1
KR_6761834696,420,-3,5,-12,1,-1,0,1,1,1,0,-2,2,4,3,4,1,0,0,0,0,2,6,0,4,4,2,0,2,1,-1,1,1,4,1
KR_6635402954,420,1,-29,68,5,-3,1,4,6,6,0,3,6,3,-1,6,7,0,1,1,0,5,3,0,1,1,-1,0,0,-1,1,1,-1,2,1
KR_6686340045,420,4,101,-12,4,1,4,3,4,5,1,2,3,1,-2,4,6,-1,1,2,0,4,5,-1,5,4,-2,0,0,1,1,1,1,4,1
KR_6472477054,440,2,42,18,1,4,4,0,-1,3,4,3,3,0,-5,1,6,0,1,1,0,-3,-14,1,8,9,-1,0,0,1,1,1,-1,3,1
KR_6764370684,420,-1,29,-29,-5,2,3,1,-4,0,4,0,2,2,-1,3,4,-2,1,3,0,-22,-2,-1,5,4,0,0,1,-1,-1,1,-1,5,1
KR_6727789949,420,-1,-55,25,1,-2,1,3,-1,1,2,1,3,2,4,4,0,-1,0,1,0,-2,-6,-3,6,3,2,0,1,-1,1,1,-1,4,1
KR_6750295250,420,5,41,5,12,5,6,1,3,4,1,0,4,4,3,3,0,1,1,0,0,14,-6,-2,6,4,5,0,0,1,-1,-1,1,2,1
KR_6763418664,420,0,-2,-16,-2,3,4,1,1,2,1,1,2,1,-3,1,4,-4,0,4,0,-3,-7,-3,6,3,0,0,-1,-1,1,1,-1,6,1
KR_6616016597,420,0,24,-18,-1,1,2,1,1,1,0,0,2,2,-2,3,5,-1,0,1,0,0,39,2,3,5,-3,0,0,-1,1,0,1,2,1
KR_5752593407,420,1,-47,-8,5,1,3,2,2,5,3,3,4,1,1,5,4,-2,0,2,0,0,-17,1,8,9,7,0,0,1,1,0,1,5,1
KR_6764579744,420,1,73,-18,0,-2,1,3,-2,1,3,-2,1,3,4,5,1,2,4,2,-1,-2,-10,-3,9,6,3,0,2,1,-1,1,-1,2,1
KR_6688468536,440,0,16,3,10,1,3,2,7,9,2,4,10,6,0,3,3,-2,2,4,1,6,2,1,3,4,-3,0,3,-1,1,1,1,6,1
KR_6737851528,420,4,-7,27,11,0,1,1,7,8,1,5,7,2,0,2,2,-1,0,1,0,18,26,-3,7,4,0,0,1,1,1,1,1,6,1
KR_6614933267,420,-2,-11,3,-2,-6,0,6,2,6,4,2,5,3,0,3,3,0,0,0,0,0,-4,-1,7,6,0,0,-1,-1,-1,-1,1,2,1
KR_6752005304,420,-1,60,17,-2,0,0,0,-3,5,8,-1,3,4,4,5,1,-2,1,3,-1,-2,39,-2,8,6,-39,0,1,1,-1,1,-1,2,1
KR_6743918809,440,0,-12,6,-3,0,1,1,-1,5,6,-1,3,4,-3,2,5,2,3,1,0,0,-7,1,7,8,3,0,0,0,-1,0,-1,0,1
KR_6741745037,420,4,63,56,14,6,6,0,0,3,3,7,7,0,3,4,1,-2,0,2,0,9,276,3,2,5,1,0,4,1,-1,1,-1,4,1
KR_6761281459,420,3,-10,51,-1,3,6,3,6,7,1,-1,2,3,-7,0,7,-2,0,2,0,-7,-287,-5,8,3,3,0,2,1,1,1,1,5,1
KR_6689752694,420,3,90,16,5,2,4,2,1,3,2,0,2,2,2,2,0,0,1,1,0,5,8,0,7,7,4,0,3,1,-1,1,-1,1,1
KR_6694515855,420,-3,-23,-23,-5,2,2,0,-1,1,2,-10,1,11,1,7,6,3,4,1,0,2,-95,2,8,10,-3,0,-2,0,1,-1,1,0,1
KR_6483707442,420,0,89,3,2,4,7,3,1,2,1,0,3,3,-2,3,5,-1,0,1,0,-2,11,11,2,13,0,0,2,-1,1,1,1,6,1
KR_6738765238,420,2,-6,-18,6,0,5,5,0,4,4,1,3,2,4,4,0,1,1,0,0,10,-1,1,1,2,-1,0,-1,1,-1,-1,1,1,1
KR_6760258645,440,2,12,10,0,3,4,1,0,3,3,0,3,3,-5,1,6,2,3,1,-1,-5,6,4,2,6,-3,0,1,1,0,1,-1,4,1
KR_6754933903,420,6,121,38,12,2,5,3,0,2,2,3,4,1,9,10,1,-2,1,3,0,12,1,-1,5,4,3,0,3,1,-1,1,-1,6,1
KR_6760566740,420,-1,-30,4,1,1,2,1,1,1,0,-1,0,1,1,4,3,-1,0,1,0,4,5,-2,6,4,5,0,0,1,-1,1,1,4,1
KR_6757590722,440,0,-6,-18,-5,2,2,0,-7,2,9,-1,2,3,4,4,0,-3,1,4,0,-15,-3,-4,7,3,2,0,1,0,1,1,1,0,1
KR_6608410315,420,1,33,15,2,1,1,0,0,1,1,-2,0,2,3,5,2,0,0,0,0,2,-18,-7,12,5,7,0,-1,-1,-1,-1,-1,5,1
KR_6685636687,420,7,114,28,9,1,2,1,9,11,2,1,4,3,-1,2,3,-1,0,1,0,5,-4,3,3,6,-16,0,2,1,1,1,-1,5,1
KR_6750836776,440,4,4,21,0,-3,0,3,2,2,0,2,6,4,0,5,5,-1,0,1,0,2,13,2,4,6,3,0,1,1,-1,1,-1,1,1
KR_6739277800,420,1,52,-5,2,4,4,0,1,5,4,1,2,1,-3,2,5,-1,1,2,-1,-1,-2,0,5,5,5,0,1,0,1,1,-1,0,1
KR_6700441271,420,-1,35,-7,-2,7,7,0,0,4,4,-5,2,7,-3,1,4,-1,0,1,0,-1,5,-1,6,5,-1,0,2,-1,-1,1,1,4,1
KR_6687913611,420,0,-32,17,5,1,2,1,3,5,2,3,6,3,-1,2,3,-1,1,2,0,11,-5,-2,6,4,2,0,-1,-1,-1,-1,-1,1,1
KR_6643648590,420,4,10,12,10,0,2,2,2,4,2,2,3,1,5,6,1,1,2,1,1,9,174,-3,7,4,4,0,1,1,-1,1,1,2,1
KR_6746657058,420,3,-7,20,5,-1,1,2,1,5,4,1,2,1,1,5,4,3,5,2,0,4,-3,2,4,6,-1,0,0,0,0,0,-1,0,1
KR_6763110738,440,2,-29,-9,6,1,2,1,6,6,0,-1,2,3,-1,1,2,1,1,0,0,4,3,0,8,8,-2,0,-1,-1,-1,-1,-1,5,1
KR_6760006679,420,1,13,-20,3,2,5,3,0,1,1,7,8,1,-5,3,8,-1,2,3,1,1,5,1,6,7,0,0,0,-1,1,0,1,2,1
KR_6762815707,420,-1,40,-24,3,1,3,2,3,3,0,-1,2,3,1,7,6,-1,0,1,0,-6,-11,2,3,5,-1,0,0,-1,-1,0,-1,4,1
KR_6733012968,420,4,53,30,6,2,2,0,0,1,1,-1,5,6,5,5,0,0,1,1,0,2,-17,-2,6,4,-2,0,2,1,1,1,-1,5,1
KR_6717121462,420,0,25,4,3,2,3,1,-3,1,4,-1,3,4,1,2,1,4,4,0,-1,0,-4,-5,7,2,0,0,1,-1,1,1,-1,3,1
KR_6763793269,420,5,29,-13,7,1,1,0,1,2,1,3,3,0,4,4,0,-2,0,2,0,7,22,1,4,5,5,0,0,1,0,0,1,1,1
KR_6750877452,420,1,-29,32,-3,-3,1,4,1,2,1,0,2,2,-2,1,3,1,3,2,0,-2,-10,-6,11,5,3,0,0,1,-1,0,-1,5,1
KR_6682456536,420,-6,-111,-22,-5,-2,1,3,5,7,2,-5,2,7,-2,3,5,-1,1,2,0,-12,5,7,5,12,-1,0,0,-1,-1,0,-1,2,1
KR_6764265943,420,2,86,8,2,1,3,2,0,1,1,-1,0,1,1,4,3,1,2,1,0,0,16,3,5,8,6,0,1,1,-1,1,1,4,1
KR_6736632863,420,3,-20,20,13,2,6,4,3,3,0,-4,0,4,2,3,1,10,10,0,0,19,18,0,4,4,3,0,0,1,0,-1,1,4,1
KR_6760934574,420,3,18,13,3,-1,2,3,2,5,3,0,2,2,1,3,2,1,2,1,0,9,327,3,4,7,-4,0,1,-1,1,1,1,2,1
KR_6607975799,420,0,27,11,3,-2,1,3,2,6,4,-3,0,3,4,4,0,2,2,0,0,6,-1,-2,5,3,6,0,2,-1,1,1,-1,3,1
KR_6761059057,420,4,90,-12,5,1,1,0,2,2,0,1,3,2,2,3,1,-1,0,1,0,11,1,-2,5,3,-5,0,0,1,0,0,-1,5,1
KR_6717679714,420,2,86,0,2,1,1,0,-3,2,5,1,3,2,5,6,1,-2,1,3,0,0,-30,0,5,5,-24,0,3,1,1,1,1,5,1
KR_6757967721,420,1,84,11,2,1,3,2,4,4,0,2,4,2,-5,1,6,0,0,0,0,2,-4,-4,7,3,6,0,2,1,0,1,1,3,1
KR_6762839150,420,4,44,-12,5,1,5,4,4,4,0,0,3,3,0,4,4,0,2,2,0,10,2,0,6,6,3,0,1,-1,1,1,-1,1,1
KR_6758861543,420,-3,-23,16,-1,1,2,1,1,3,2,-5,0,5,1,4,3,1,1,0,1,-11,0,2,5,7,-2,0,1,1,1,1,1,5,1
KR_6640649982,440,4,131,37,4,0,1,1,1,4,3,2,4,2,1,4,3,0,1,1,0,7,-7,2,3,5,-2,0,2,1,-1,1,1,3,1
KR_6679254625,420,7,55,-12,23,0,0,0,7,9,2,5,6,1,7,9,2,4,4,0,0,30,-4,-2,4,2,-1,0,1,-1,1,1,1,5,1
KR_6725029234,420,6,94,20,9,2,3,1,-3,0,3,3,4,1,7,9,2,0,2,2,0,4,42,1,3,4,-20,0,2,1,1,1,1,6,1
KR_6699067462,420,0,34,-2,0,-1,1,2,4,6,2,1,4,3,-1,3,4,-3,0,3,-1,-4,-229,2,5,7,1,0,0,1,1,1,-1,6,1
KR_6695018772,420,6,54,4,16,4,5,1,4,4,0,2,2,0,5,7,2,1,1,0,1,22,-1,2,4,6,5,0,0,1,-1,1,1,2,1
KR_6760582279,420,4,108,-6,17,8,9,1,10,13,3,0,2,2,-1,3,4,0,1,1,0,15,12,9,0,9,-2,0,4,1,1,1,1,2,1
KR_6717883626,420,1,-36,32,1,-1,2,3,2,3,1,-2,2,4,0,1,1,2,2,0,0,1,1,1,7,8,0,0,1,1,1,1,-1,3,1
KR_6741777531,440,1,-3,16,4,7,7,0,-2,0,2,-2,2,4,-1,0,1,2,2,0,0,2,-1,-4,7,3,1,0,1,-1,1,1,-1,4,1
KR_6751561186,420,3,84,-8,3,2,3,1,3,4,1,-1,1,2,0,1,1,-1,1,2,0,-1,-3,3,5,8,2,0,0,1,-1,0,-1,2,1
KR_6532877480,420,3,42,7,9,4,5,1,6,7,1,-1,2,3,-2,0,2,2,2,0,0,12,2,6,1,7,-2,0,1,-1,1,1,1,2,1
KR_6745179809,440,-3,9,-19,-4,-2,2,4,1,1,0,3,3,0,-2,1,3,-4,0,4,0,2,-3,4,2,6,0,0,-1,0,1,-1,-1,0,1
KR_6740419878,420,-1,-14,-23,2,0,0,0,2,6,4,-6,1,7,6,7,1,0,0,0,0,7,-7,-1,6,5,-3,0,0,-1,1,0,-1,5,1
KR_6732873451,420,4,45,22,9,0,2,2,4,6,2,3,3,0,1,4,3,1,2,1,0,7,-2,4,2,6,-1,0,0,1,-1,0,1,1,1
KR_6752715946,420,2,-32,8,7,1,3,2,1,2,1,0,2,2,4,5,1,1,1,0,0,12,-26,1,3,4,4,0,-1,1,-1,-1,1,3,1
KR_6758438353,420,1,40,0,0,2,2,0,1,4,3,-2,0,2,0,0,0,-1,0,1,0,-3,-8,-7,10,3,6,0,-1,1,1,-1,1,2,1
KR_6741817807,420,5,19,3,12,1,2,1,1,3,2,3,4,1,3,3,0,4,4,0,0,14,9,2,9,11,4,0,0,-1,1,1,1,2,1
KR_6743990426,440,3,-13,0,4,2,3,1,-1,2,3,1,2,1,1,5,4,1,1,0,0,4,117,0,6,6,8,0,1,1,1,1,1,1,1
KR_6652538678,420,5,42,31,10,1,2,1,0,1,1,6,7,1,2,4,2,1,1,0,0,14,-2,-3,8,5,-1,0,2,1,-1,1,1,4,1
KR_6759382152,420,4,5,28,3,-2,1,3,0,2,2,2,2,0,0,3,3,3,3,0,-1,-2,-2,-3,7,4,-2,0,0,0,0,0,-1,0,1
KR_6761026131,420,0,30,20,2,0,0,0,2,4,2,2,4,2,-4,2,6,2,2,0,0,3,45,-4,8,4,5,0,1,-1,1,1,1,3,1
KR_6358149475,420,0,43,16,-5,3,3,0,-3,0,3,-2,0,2,-1,1,2,-2,1,3,0,-9,0,0,0,0,0,0,1,-1,1,1,-1,2,1
KR_6742940193,420,8,72,68,15,5,6,1,2,4,2,3,3,0,4,5,1,1,2,1,0,4,2,5,6,11,6,0,4,-1,1,1,-1,5,1
KR_6747592164,420,-2,59,16,-8,-1,2,3,0,1,1,0,3,3,-4,1,5,-3,0,3,0,-15,6,2,5,7,3,0,0,1,-1,-1,1,5,1
KR_6756044607,420,-3,-24,-17,-4,-2,2,4,6,6,0,-3,1,4,-1,3,4,-4,3,7,1,-7,-2,1,6,7,0,0,0,0,1,1,1,0,1
KR_6731604614,420,3,39,17,8,0,0,0,0,1,1,4,6,2,2,2,0,2,2,0,0,7,-131,1,4,5,0,0,0,1,1,0,1,4,1
KR_6667857117,420,3,51,12,7,3,4,1,-4,2,6,7,7,0,0,1,1,1,1,0,0,8,30,-5,8,3,2,0,-1,-1,-1,-1,1,3,1
KR_6747626835,420,1,40,12,5,1,3,2,3,4,1,-1,2,3,2,3,1,0,0,0,0,6,-3,-5,11,6,4,0,0,1,1,0,1,4,1
KR_6756472161,420,4,88,-8,13,-2,0,2,-5,1,6,4,4,0,13,16,3,3,3,0,0,20,4,-1,6,5,2,0,2,-1,-1,1,1,4,1
KR_6763969392,420,-2,-29,15,1,-2,2,4,0,5,5,1,4,3,2,5,3,0,0,0,-1,0,12,-1,8,7,-4,0,-1,0,1,-1,-1,0,1
KR_6752244334,420,0,11,-6,0,-3,2,5,2,5,3,1,1,0,-2,0,2,2,2,0,0,4,6,-2,4,2,-2,0,0,1,-1,1,1,4,1
KR_6763301771,420,1,-20,16,-3,-1,0,1,0,8,8,-4,1,5,0,4,4,2,2,0,-1,-2,36,-2,4,2,1,0,0,-1,-1,-1,-1,4,1
KR_6711540240,420,2,51,-23,4,3,4,1,2,2,0,-2,2,4,-3,1,4,4,7,3,0,6,3,2,5,7,-5,0,0,1,-1,-1,-1,6,1
KR_6664234282,420,5,17,26,6,-1,1,2,-2,3,5,0,1,1,6,8,2,3,5,2,1,15,4,-3,9,6,1,0,0,1,-1,-1,1,6,1
KR_6147971434,420,1,69,9,-1,2,3,1,-5,0,5,0,1,1,0,5,5,2,2,0,-1,-7,3,-2,4,2,3,0,0,0,1,0,-1,0,1
KR_6632619139,420,3,46,9,3,1,2,1,-2,0,2,-2,1,3,6,8,2,0,0,0,-2,3,-2,1,4,5,-1,0,-1,1,0,-1,-1,2,1
KR_6664761430,420,0,17,-7,1,-3,2,5,4,5,1,4,6,2,-3,1,4,-1,2,3,0,6,-38,1,7,8,30,0,-1,1,1,-1,-1,4,1
KR_6662730494,420,6,80,20,10,4,4,0,1,3,2,7,7,0,-1,3,4,-1,1,2,0,1,-4,-5,8,3,1,0,2,1,-1,1,-1,6,1
KR_6660481951,420,2,34,27,10,-3,0,3,8,9,1,1,2,1,4,4,0,0,0,0,3,24,11,0,6,6,2,0,1,1,1,1,-1,6,1
KR_6763126149,440,-1,-5,-12,4,-5,2,7,0,1,1,-1,1,2,9,10,1,1,1,0,0,8,48,3,4,7,-13,0,0,-1,-1,1,-1,5,1
KR_6751331862,440,-1,11,-16,-1,-2,3,5,-2,3,5,-1,1,2,5,7,2,-1,0,1,0,5,17,1,7,8,-1,0,-1,1,-1,-1,1,4,1
KR_6731112208,440,-4,-20,-16,-10,-5,0,5,-2,1,3,-1,2,3,-1,3,4,-1,1,2,0,-13,9,2,3,5,-2,0,-2,1,-1,-1,1,3,1
KR_6762596196,420,-3,37,-8,-11,-3,1,4,0,5,5,-3,4,7,-1,1,2,-4,0,4,0,-16,-2,-3,6,3,-2,0,0,1,1,1,-1,1,1
KR_6737602979,420,3,66,22,-1,0,1,1,-2,2,4,0,1,1,2,8,6,-1,0,1,0,-8,-11,-3,8,5,2,0,1,1,1,1,-1,5,1
KR_6739685786,420,-3,24,-24,-3,-1,2,3,-2,2,4,0,3,3,-1,2,3,1,2,1,0,4,1,-2,3,1,0,0,-1,-1,-1,-1,1,4,1
KR_6761302118,440,2,-11,5,6,1,3,2,-1,1,2,0,0,0,3,5,2,3,4,1,0,6,10,2,5,7,3,0,0,1,1,0,-1,3,1
KR_6762971496,420,1,67,20,-4,0,1,1,1,2,1,-3,0,3,-2,0,2,0,1,1,0,0,4,-2,5,3,1,0,1,1,-1,1,1,3,1
KR_6765310055,420,1,87,3,5,1,2,1,2,4,2,2,4,2,-1,3,4,1,1,0,0,-3,-10,3,7,10,2,0,2,1,1,1,1,2,1
KR_6657454842,420,-3,53,-8,-6,0,2,2,-3,2,5,-4,2,6,0,5,5,1,1,0,0,-3,12,7,4,11,1,0,2,1,1,1,1,4,1
KR_6760680694,420,0,57,0,-1,-4,2,6,0,2,2,2,3,1,0,2,2,1,3,2,0,-6,1,2,6,8,-3,0,1,-1,1,1,1,3,1
KR_6731465610,420,1,-25,17,-3,5,5,0,-7,4,11,-2,3,5,-1,4,5,2,2,0,0,-6,-22,-5,9,4,5,0,0,0,-1,0,-1,0,1
KR_6667841844,420,6,68,24,18,-1,1,2,6,6,0,7,7,0,1,4,3,5,5,0,0,15,-87,5,2,7,-1,0,3,1,1,1,1,5,1
KR_6755372652,420,-1,-6,-3,-6,-3,2,5,0,3,3,-2,2,4,-2,1,3,1,2,1,0,-9,-29,-6,8,2,2,0,0,1,-1,1,-1,6,1
KR_6661421191,420,0,62,21,1,2,2,0,3,6,3,-1,3,4,-4,0,4,1,1,0,0,-5,4,1,6,7,-1,0,-1,1,-1,-1,1,1,1
KR_6755538755,420,1,14,20,6,2,2,0,8,9,1,-6,0,6,2,3,1,0,1,1,0,11,-1,2,3,5,1,0,1,1,-1,1,-1,4,1
KR_6697703766,420,1,30,27,3,-1,1,2,2,3,1,3,4,1,0,2,2,-1,0,1,0,4,4,1,7,8,9,0,-2,1,-1,-1,-1,3,1
KR_6755845094,420,4,60,-8,10,2,4,2,4,5,1,0,1,1,2,2,0,2,2,0,0,13,19,6,3,9,-2,0,2,1,1,1,1,4,1
KR_6702076545,420,2,-2,4,4,2,4,2,-1,3,4,3,6,3,-2,3,5,2,3,1,1,11,-3,1,6,7,3,0,-2,1,-1,-1,1,4,1
KR_6762914568,420,2,22,20,0,0,2,2,1,2,1,0,2,2,-1,3,4,0,0,0,0,1,-13,0,3,3,0,0,0,-1,-1,-1,1,2,1
KR_6750376121,420,2,88,32,4,1,3,2,4,7,3,-1,3,4,1,3,2,-1,0,1,2,9,-33,0,4,4,0,0,0,1,-1,-1,1,3,1
KR_6754062649,420,2,-42,9,12,0,2,2,9,10,1,2,3,1,-1,5,6,2,2,0,0,22,1,5,3,8,-1,0,0,-1,1,0,1,4,1
KR_6754879530,420,-1,-7,-9,-1,-1,1,2,-3,1,4,4,4,0,-1,2,3,0,0,0,0,0,205,-5,12,7,-1,0,-1,1,-1,-1,-1,5,1
KR_6755083363,420,3,69,5,3,3,3,0,-1,0,1,3,4,1,0,1,1,-2,1,3,0,1,-36,3,3,6,9,0,1,-1,0,1,1,2,1
KR_6757930281,420,3,20,-16,5,-3,1,4,1,3,2,3,6,3,4,8,4,0,0,0,0,16,4,7,3,10,3,0,1,1,1,1,1,2,1
KR_6701565703,420,0,-38,-9,2,2,4,2,5,9,4,-1,1,2,-5,0,5,1,1,0,0,-5,-6,6,3,9,-6,0,1,1,1,1,1,4,1
KR_6751073963,420,1,-5,-1,-5,0,1,1,-2,3,5,2,4,2,-7,1,8,2,2,0,0,2,-1,1,5,6,-3,0,-1,-1,-1,-1,-1,3,1
KR_6678173312,420,-2,-25,-20,-3,-4,2,6,-1,1,2,1,3,2,2,4,2,-1,0,1,0,-2,1,0,6,6,4,0,-1,-1,1,-1,1,4,1
KR_6468116315,420,-5,-50,-13,-4,0,3,3,1,5,4,-2,2,4,-3,1,4,0,0,0,0,4,-2,-3,8,5,-3,0,0,-1,-1,-1,1,1,1
KR_6745256448,420,-1,2,30,-5,-2,3,5,3,4,1,-2,0,2,-2,2,4,-2,0,2,0,-6,-7,-5,6,1,2,0,-1,1,-1,-1,-1,4,1
KR_6758472891,420,3,-18,12,9,0,0,0,3,6,3,2,3,1,4,4,0,0,1,1,0,8,-5,0,7,7,0,0,0,-1,1,0,-1,3,1
KR_6755466381,420,1,122,8,-4,-1,0,1,-4,1,5,1,2,1,0,0,0,0,0,0,0,-5,43,2,3,5,-23,0,0,1,-1,0,1,3,1
KR_6750761957,420,7,20,57,12,0,1,1,4,5,1,3,3,0,5,5,0,0,0,0,0,6,-108,3,2,5,5,0,1,1,1,1,1,1,1
KR_6539495850,420,4,5,20,9,2,4,2,2,7,5,3,5,2,2,2,0,0,0,0,-1,2,4,4,5,9,0,0,3,1,1,1,1,2,1
KR_6732611675,420,-2,-23,6,-7,-5,0,5,-4,3,7,4,4,0,-3,1,4,1,2,1,0,-7,-1,0,7,7,-2,0,0,1,1,0,-1,2,1
KR_6739266622,420,9,104,55,27,13,14,1,6,8,2,0,2,2,8,10,2,0,1,1,1,24,-4,0,2,2,4,0,3,1,-1,1,1,5,1
KR_6763103114,420,-2,-1,-5,3,1,1,0,1,3,2,2,5,3,2,2,0,-3,0,3,0,11,-93,7,2,9,1,0,0,-1,1,1,1,5,1
KR_6764505764,420,6,76,7,9,5,8,3,3,3,0,-1,4,5,3,6,3,-1,0,1,0,0,34,3,5,8,2,0,1,1,-1,1,1,3,1
KR_6633529032,420,1,-15,-8,0,-3,0,3,-3,3,6,9,9,0,-3,3,6,0,1,1,0,0,69,-5,7,2,-16,0,1,-1,-1,-1,-1,2,1
KR_6762491647,420,4,-24,40,12,2,2,0,2,4,2,5,5,0,2,5,3,1,1,0,0,15,-142,2,6,8,6,0,1,1,1,1,1,6,1
KR_6764058397,420,-1,18,11,1,3,4,1,-1,3,4,-1,1,2,-1,3,4,1,2,1,0,-1,2,0,6,6,3,0,-2,1,-1,-1,1,6,1
KR_6763428719,420,1,35,17,3,2,4,2,0,6,6,-1,1,2,1,2,1,1,1,0,0,0,-17,2,6,8,-1,0,1,-1,1,1,-1,1,1
KR_6712765420,420,5,89,45,11,3,4,1,0,5,5,1,5,4,6,7,1,1,2,1,0,1,16,2,3,5,-2,0,3,1,1,1,-1,2,1
KR_6763152761,420,4,75,0,11,2,2,0,3,3,0,3,3,0,3,4,1,0,0,0,0,11,-3,-2,7,5,5,0,1,1,-1,1,1,2,1
KR_6761382193,440,-3,-83,-28,4,1,2,1,1,2,1,-2,3,5,3,6,3,1,3,2,0,16,12,0,3,3,1,0,0,1,1,-1,-1,4,1
KR_6743261517,420,2,-41,-17,3,0,1,1,2,6,4,0,1,1,1,3,2,0,2,2,0,-2,6,-3,6,3,2,0,0,1,-1,-1,1,4,1
KR_6688355673,420,1,-4,-13,8,-2,0,2,1,3,2,2,6,4,3,5,2,4,4,0,0,12,8,8,2,10,-3,0,0,1,1,0,1,3,1
KR_6764745020,420,2,-31,14,1,2,3,1,2,6,4,0,0,0,-3,1,4,0,1,1,-1,-5,29,7,2,9,-1,0,0,1,1,0,-1,3,1
KR_6764799435,440,3,12,16,3,1,2,1,3,5,2,0,1,1,0,4,4,-1,0,1,0,6,15,-2,8,6,-4,0,0,1,1,1,-1,2,1
KR_6676866655,420,5,91,0,15,6,6,0,5,9,4,3,3,0,0,1,1,1,1,0,0,4,28,1,4,5,1,0,2,1,1,1,1,3,1
KR_6765186425,420,6,-23,35,8,1,2,1,3,4,1,4,6,2,1,4,3,-1,0,1,0,4,41,2,6,8,-2,0,-1,1,0,-1,-1,6,1
KR_6741968806,440,2,77,16,2,0,1,1,1,1,0,1,1,0,0,2,2,0,1,1,0,-1,5,1,3,4,1,0,0,-1,1,0,1,5,1
KR_6759990105,440,-2,-4,-15,-8,3,6,3,1,4,3,1,2,1,-4,2,6,-9,1,10,0,-7,3,-1,4,3,2,0,0,-1,0,1,-1,3,1
KR_6706325110,420,3,36,20,4,1,2,1,2,3,1,4,4,0,-3,1,4,0,1,1,0,-2,-130,2,5,7,-6,0,0,1,1,1,-1,6,1
KR_6721029360,420,2,-2,17,4,0,2,2,0,2,2,-1,2,3,4,6,2,1,1,0,0,3,-25,-4,5,1,20,0,0,1,-1,-1,1,3,1
KR_6629508939,420,4,14,24,8,7,7,0,2,3,1,2,3,1,-3,2,5,0,1,1,1,4,250,-1,6,5,2,0,3,1,1,1,1,2,1
KR_6761968800,420,1,26,-18,8,-1,3,4,2,2,0,1,3,2,6,7,1,0,2,2,0,-1,9,-1,4,3,-4,0,1,1,1,1,1,1,1
KR_6674930004,420,-1,12,0,0,-1,1,2,0,5,5,-1,1,2,2,2,0,0,0,0,0,4,20,-3,8,5,4,0,0,1,-1,1,-1,6,1
KR_6757134131,440,-3,-17,12,-19,-7,1,8,-5,0,5,-5,0,5,2,3,1,-4,1,5,0,-11,16,-5,5,0,0,0,-1,-1,0,-1,-1,4,1
KR_6760163225,420,2,49,1,1,1,3,2,-1,1,2,1,2,1,0,3,3,0,1,1,0,-4,-2,-2,8,6,-1,0,0,1,1,1,-1,5,1
KR_6760656967,420,-1,102,0,-2,-2,0,2,-1,3,4,2,2,0,-1,1,2,0,1,1,0,1,9,4,3,7,0,0,2,1,1,1,-1,6,1
KR_6616636223,420,5,79,19,18,2,2,0,4,7,3,8,9,1,4,4,0,0,0,0,0,11,30,2,4,6,5,0,3,1,1,1,1,4,1
KR_6645118815,420,0,60,24,4,-1,2,3,2,6,4,2,4,2,1,1,0,0,1,1,0,1,-1,0,5,5,1,0,0,1,1,0,1,6,1
KR_6652096838,420,8,73,5,15,1,3,2,-2,1,3,7,7,0,6,10,4,3,4,1,2,14,9,0,4,4,0,0,2,1,1,1,-1,2,1
KR_6624216339,420,3,-17,-40,9,3,4,1,3,6,3,4,5,1,-1,2,3,0,1,1,0,1,43,-1,8,7,-3,0,2,-1,1,1,1,5,1
KR_6737676979,420,3,135,40,-2,-4,0,4,1,4,3,-1,1,2,0,0,0,2,2,0,0,-5,6,-1,4,3,3,0,2,1,1,1,-1,3,1
KR_6743268400,420,4,4,7,10,1,1,0,2,4,2,2,2,0,4,4,0,1,1,0,0,11,0,1,4,5,2,0,1,1,1,1,1,3,1
KR_6685342156,420,6,65,33,19,7,7,0,2,2,0,0,2,2,11,12,1,-1,0,1,4,14,-18,-5,7,2,-1,1,5,1,1,1,1,6,1
KR_6687423875,420,1,78,4,5,-6,0,6,1,4,3,5,7,2,9,10,1,-4,0,4,0,21,6,1,2,3,0,0,0,1,-1,-1,1,6,1
KR_6463565239,420,-2,-3,-40,-3,-3,1,4,2,7,5,-1,3,4,1,3,2,-2,0,2,2,2,5,0,5,5,1,0,1,1,-1,1,1,6,1
KR_6607198873,420,-2,2,-10,0,-3,0,3,-7,0,7,5,9,4,5,5,0,0,1,1,-1,-5,18,-3,9,6,4,0,0,-1,-1,0,-1,1,1
KR_6735633457,420,1,-13,27,0,-2,1,3,4,6,2,4,4,0,-8,0,8,2,3,1,-1,-4,-8,-2,6,4,4,0,1,0,1,1,-1,0,1
KR_6763761118,420,4,28,68,10,0,0,0,6,7,1,2,3,1,-1,4,5,3,4,1,1,5,-3,-3,7,4,2,0,1,0,0,1,1,0,1
KR_6754511624,420,-3,-63,-4,-1,-2,1,3,-2,1,3,4,5,1,0,2,2,-1,0,1,0,-5,2,-1,5,4,1,0,0,-1,0,-1,-1,5,1
KR_6645273549,420,-1,17,-9,-5,1,1,0,-1,0,1,-1,1,2,-1,1,2,-3,1,4,0,-3,11,-1,3,2,2,0,-1,-1,1,-1,-1,5,1
KR_6764842188,420,1,-9,20,6,7,8,1,0,1,1,-4,0,4,1,1,0,2,2,0,1,-1,-8,-3,7,4,-2,0,1,1,1,1,1,3,1
KR_6643325303,420,-2,-15,1,-5,-2,2,4,1,3,2,-5,2,7,2,5,3,-1,0,1,0,-8,1,3,4,7,0,0,-2,1,-1,-1,-1,1,1
KR_6753786241,420,-1,-15,-20,4,4,4,0,-2,1,3,3,4,1,-3,2,5,2,2,0,0,5,-8,1,4,5,-2,0,0,1,-1,-1,-1,6,1
KR_6689156801,420,4,33,31,6,4,4,0,2,6,4,5,6,1,-3,0,3,-2,0,2,1,-1,7,-2,5,3,-9,0,0,-1,1,1,1,6,1
KR_6764671768,420,4,9,23,1,0,1,1,-4,0,4,5,6,1,-3,2,5,3,7,4,0,-1,-4,-9,13,4,4,0,0,-1,-1,1,-1,5,1
KR_6763356834,440,0,38,8,2,4,4,0,2,2,0,-2,2,4,1,2,1,-3,1,4,0,0,2,7,3,10,-2,0,1,1,1,1,-1,3,1
KR_6754901642,420,4,116,67,0,4,4,0,-1,0,1,4,4,0,-2,4,6,-5,1,6,0,-4,-5,-4,9,5,-1,0,3,1,1,1,-1,2,1
KR_6634674234,420,2,20,29,6,6,6,0,-2,2,4,1,1,0,1,1,0,0,0,0,0,-4,-4,1,5,6,-1,0,2,1,1,1,1,4,1
KR_6691324363,440,-2,-43,39,-9,-5,1,6,0,2,2,-2,3,5,-1,3,4,-1,1,2,1,-8,0,-7,9,2,2,0,-1,0,1,1,1,0,1
KR_6669357493,420,3,53,15,3,6,7,1,2,2,0,-4,1,5,3,3,0,-4,0,4,-1,-5,1,1,3,4,-1,0,1,-1,1,1,-1,6,1
KR_6668054509,420,3,13,12,8,0,1,1,2,5,3,6,6,0,0,3,3,0,2,2,0,18,14,0,6,6,0,0,1,1,1,1,-1,4,1
KR_6764913899,440,3,59,4,-3,0,2,2,1,1,0,1,6,5,-4,1,5,-1,2,3,0,-14,18,4,3,7,-5,0,0,-1,1,1,1,4,1
KR_6761511968,420,0,4,-28,-3,3,4,1,1,3,2,-1,2,3,-5,1,6,-1,1,2,-1,-4,81,-2,6,4,-2,0,0,1,1,1,-1,5,1
KR_6760591525,420,1,31,2,0,3,4,1,-1,4,5,0,2,2,-4,0,4,2,2,0,0,0,-9,-1,6,5,5,0,2,1,1,1,-1,5,1
KR_6758811561,420,2,-9,7,5,3,3,0,-1,0,1,3,3,0,0,1,1,0,0,0,0,10,-116,4,5,9,6,0,0,-1,0,0,-1,1,1
KR_6479795938,420,2,31,3,12,2,4,2,4,6,2,1,4,3,3,5,2,2,3,1,0,13,29,5,2,7,-2,0,2,0,-1,1,1,0,1
KR_6762971146,420,2,9,5,3,3,3,0,4,6,2,-2,0,2,-1,2,3,-1,0,1,0,6,0,2,7,9,4,0,0,-1,1,0,-1,5,1
KR_6624591107,420,5,62,11,9,0,1,1,8,8,0,2,3,1,2,4,2,-3,1,4,0,9,5,2,3,5,2,0,3,0,1,1,1,0,1
KR_6755496429,420,0,-3,31,1,1,2,1,-1,2,3,0,2,2,1,4,3,0,0,0,0,3,30,0,3,3,2,0,-1,-1,1,-1,1,4,1
KR_6736482675,420,3,40,-4,9,3,3,0,3,4,1,-2,2,4,6,6,0,-1,0,1,0,3,2,7,6,13,4,0,1,1,1,1,1,4,1
KR_6695565910,420,4,71,17,8,3,3,0,1,4,3,-1,2,3,4,5,1,1,1,0,0,2,-28,6,2,8,4,0,2,1,1,1,1,1,1
KR_6736371486,420,1,14,19,3,-3,0,3,2,3,1,-2,0,2,4,8,4,2,2,0,0,7,1,4,5,9,-1,0,-1,1,-1,1,1,3,1
KR_6626361434,420,0,38,4,7,3,4,1,-2,1,3,3,7,4,3,6,3,0,1,1,1,14,-25,0,8,8,6,0,-1,1,1,-1,1,4,1
KR_6722239548,420,3,-17,11,3,0,1,1,1,7,6,2,4,2,-1,1,2,1,4,3,0,9,-287,5,3,8,-4,0,-1,-1,-1,-1,-1,6,1
KR_6761695502,420,1,-17,34,2,-1,2,3,0,7,7,2,5,3,1,2,1,0,2,2,0,-2,-63,3,3,6,17,0,-1,1,1,-1,1,5,1
KR_6734555747,420,0,48,-4,-1,2,2,0,-1,1,2,0,2,2,-2,0,2,0,0,0,0,-2,-5,-1,3,2,2,0,0,1,-1,0,-1,4,1
KR_6730146405,420,1,60,-17,-1,1,1,0,2,5,3,-1,0,1,-2,3,5,-1,0,1,0,-1,17,1,4,5,-4,0,1,1,1,1,-1,1,1
KR_6761967296,420,7,41,3,23,5,5,0,7,8,1,7,8,1,0,3,3,4,4,0,1,27,1,3,3,6,1,0,1,-1,-1,1,1,5,1
KR_6738571716,420,3,52,16,3,1,2,1,-2,2,4,5,6,1,0,2,2,-1,1,2,0,0,-1,-1,5,4,1,0,1,1,1,1,1,6,1
KR_6765140784,420,-1,-33,7,4,0,1,1,5,7,2,2,2,0,0,0,0,-3,1,4,0,5,-11,1,5,6,5,0,-2,1,1,-1,-1,5,1
KR_6633115344,420,6,86,47,15,8,10,2,4,4,0,5,8,3,0,3,3,-2,2,4,0,2,-21,-3,8,5,-1,0,0,-1,1,1,1,6,1
KR_6722667721,440,6,83,4,15,3,4,1,1,3,2,0,5,5,10,14,4,1,1,0,0,18,1,1,5,6,5,0,0,1,1,1,1,5,1
KR_6762896107,420,3,14,20,11,4,5,1,7,9,2,3,4,1,-2,0,2,-1,1,2,0,6,-8,-1,10,9,3,0,1,1,1,1,1,5,1
KR_6762154367,420,0,40,-24,3,2,3,1,2,8,6,4,4,0,-5,2,7,0,0,0,2,4,-6,-5,9,4,-1,0,0,-1,0,0,1,1,1
KR_6759907645,420,4,22,-23,10,6,7,1,-1,5,6,4,5,1,-2,1,3,3,3,0,1,3,0,1,4,5,-1,0,0,1,0,1,1,5,1
KR_6705924306,420,5,28,16,2,0,0,0,0,4,4,2,3,1,2,3,1,-2,2,4,0,2,0,5,2,7,3,0,0,1,-1,0,1,1,1
KR_6432077641,440,5,72,-4,8,1,3,2,6,6,0,-2,0,2,1,2,1,2,5,3,0,7,9,0,3,3,1,0,2,0,-1,1,1,0,1
KR_6614897295,420,6,107,13,12,3,4,1,5,5,0,2,2,0,2,4,2,0,0,0,0,6,-8,1,3,4,5,0,2,1,1,1,1,3,1
KR_6750329737,420,-2,-64,-28,-8,-4,0,4,-3,3,6,-4,1,5,3,7,4,0,1,1,-2,-6,-6,-2,4,2,2,0,-1,-1,-1,-1,-1,2,1
KR_6759753793,420,5,112,16,12,3,6,3,2,3,1,1,2,1,4,6,2,2,4,2,0,12,-7,-5,9,4,8,0,1,1,0,1,1,1,1
KR_6722067505,420,5,51,19,7,2,3,1,4,5,1,0,2,2,2,3,1,-1,1,2,1,10,20,0,6,6,6,0,2,1,1,1,1,3,1
KR_6729532941,420,-5,-53,-3,-5,-1,5,6,1,3,2,6,8,2,-6,1,7,-5,0,5,1,-3,-11,1,3,4,2,0,-2,-1,1,-1,1,4,1
KR_6763190620,420,2,47,16,0,2,2,0,-5,2,7,3,3,0,0,1,1,0,0,0,0,1,-50,1,4,5,23,0,0,1,1,0,-1,1,1
KR_6763617828,420,0,6,-3,1,-2,2,4,0,4,4,2,4,2,1,2,1,0,0,0,-1,-4,-3,-3,7,4,5,0,1,1,-1,-1,-1,2,1
KR_6717356797,420,-1,6,-33,0,2,2,0,-2,3,5,-3,0,3,1,2,1,2,2,0,-1,6,-35,1,5,6,-1,0,-1,-1,-1,-1,-1,1,1
KR_6717889024,420,2,-48,-7,6,0,3,3,1,5,4,2,3,1,2,4,2,1,1,0,0,12,-17,-5,7,2,6,0,-1,1,-1,-1,1,2,1
KR_6742293876,420,-3,-30,-13,-1,0,3,3,2,5,3,1,5,4,-6,1,7,2,2,0,1,1,-8,-4,10,6,-1,0,-2,-1,-1,-1,1,3,1
KR_6667824697,420,2,17,19,7,0,2,2,2,2,0,8,8,0,-3,1,4,0,0,0,0,2,200,-1,5,4,6,0,2,1,1,1,-1,1,1
KR_6741807585,420,1,5,20,6,0,1,1,2,3,1,4,4,0,-1,1,2,1,1,0,0,5,0,-3,7,4,2,0,0,1,-1,0,1,5,1
KR_6691440559,420,1,53,-32,4,1,2,1,-1,4,5,2,2,0,0,4,4,2,2,0,0,7,-343,0,5,5,-1,0,-1,1,-1,-1,1,1,1
KR_6747520081,420,2,10,-9,13,-1,1,2,4,6,2,2,3,1,5,7,2,3,3,0,0,14,13,4,7,11,-4,0,2,1,0,1,1,2,1
KR_6762265129,420,0,9,0,-3,-1,2,3,-1,1,2,2,3,1,-3,1,4,0,1,1,0,-2,-13,-2,6,4,4,0,0,-1,-1,0,1,3,1
KR_6757892607,420,0,-26,38,-4,-2,1,3,-1,3,4,0,0,0,-1,2,3,0,2,2,0,-6,-63,3,5,8,-6,0,0,-1,1,0,-1,6,1
KR_6765206892,420,-1,-10,4,0,-1,1,2,-4,4,8,4,5,1,0,6,6,1,2,1,1,2,-188,-1,4,3,-4,0,0,-1,-1,0,1,4,1
KR_6758755756,420,3,8,4,10,2,5,3,2,5,3,9,9,0,-3,0,3,0,0,0,0,-2,3,2,4,6,-6,0,2,1,1,1,1,1,1
KR_6654043096,420,1,-6,-4,1,0,0,0,0,5,5,-3,2,5,1,1,0,3,3,0,0,3,-88,-1,6,5,1,0,1,1,1,1,1,5,1
KR_6602253478,420,4,53,20,7,-1,1,2,5,7,2,1,2,1,1,5,4,1,1,0,1,14,8,2,5,7,5,0,0,1,-1,1,1,1,1
KR_6730884652,420,1,9,10,5,-1,1,2,0,4,4,9,11,2,-3,0,3,0,0,0,0,3,43,-2,7,5,-14,0,2,-1,-1,1,1,5,1
KR_6765170917,420,2,0,32,1,2,2,0,0,2,2,1,3,2,-1,5,6,-1,0,1,0,1,-180,3,3,6,0,0,-1,-1,-1,-1,1,3,1
KR_6687841537,420,2,12,13,12,7,7,0,3,5,2,1,4,3,1,2,1,0,1,1,0,9,5,2,6,8,-1,0,1,-1,1,1,1,1,1
KR_6644834519,420,4,-25,20,2,1,1,0,0,2,2,1,2,1,1,1,0,-1,0,1,0,5,120,4,4,8,-3,0,0,1,1,1,-1,6,1
KR_6578543943,420,0,-38,12,9,1,2,1,0,1,1,2,2,0,5,5,0,1,1,0,0,11,-33,1,2,3,0,0,2,1,1,1,1,3,1
KR_6765413900,420,5,58,29,8,-1,1,2,9,11,2,2,4,2,0,1,1,-2,1,3,0,12,204,4,4,8,-5,0,2,1,1,1,1,3,1
KR_6695432966,440,-1,-97,-12,0,3,3,0,0,6,6,1,3,2,-4,1,5,0,2,2,0,4,-2,1,5,6,3,0,-1,-1,-1,-1,-1,6,1
KR_6331184973,420,4,39,8,8,3,3,0,4,5,1,2,4,2,0,3,3,-1,0,1,0,5,17,0,5,5,-4,0,1,1,1,1,1,1,1
KR_6578774101,440,3,45,3,3,-1,2,3,0,0,0,3,6,3,-1,1,2,2,4,2,0,10,8,1,6,7,1,0,0,1,-1,-1,1,3,1
KR_6728124820,420,-1,38,-12,9,-1,3,4,-1,2,3,3,5,2,7,9,2,1,2,1,0,6,-100,5,2,7,-3,0,1,1,1,1,1,5,1
KR_6742974129,420,2,-7,22,7,-1,1,2,1,4,3,4,10,6,2,3,1,1,1,0,2,7,-8,7,4,11,-5,0,-1,-1,1,1,1,6,1
KR_6763056085,440,1,-24,-5,0,-1,0,1,-3,4,7,0,0,0,3,3,0,1,1,0,0,2,9,6,1,7,-1,0,1,1,0,1,-1,4,1
KR_6763022161,440,2,83,8,0,2,3,1,-2,5,7,1,3,2,-5,2,7,4,4,0,0,-5,0,-1,4,3,2,0,1,0,1,1,-1,0,1
KR_6574205127,420,4,16,8,6,2,2,0,0,1,1,1,4,3,4,5,1,-1,0,1,0,8,-4,0,7,7,4,0,-1,1,-1,-1,1,5,1
KR_6740378990,420,3,41,36,5,1,2,1,5,7,2,-2,3,5,0,3,3,1,1,0,0,3,-2,-3,7,4,-2,0,0,1,1,1,-1,3,1
KR_6668650305,420,3,41,12,10,5,6,1,5,9,4,0,1,1,0,1,1,0,1,1,0,2,6,4,5,9,-7,0,2,1,1,1,1,2,1
KR_6764782013,420,2,-7,12,3,3,6,3,0,2,2,1,3,2,-1,0,1,0,0,0,0,-3,-1,-5,7,2,-4,0,1,-1,1,1,1,4,1
KR_6763723960,420,3,63,-4,-2,1,2,1,-8,1,9,3,3,0,3,4,1,-1,0,1,0,-2,120,3,2,5,-7,0,0,1,-1,0,-1,1,1
KR_6744059368,420,0,44,24,5,3,3,0,-1,3,4,3,7,4,2,3,1,-2,1,3,0,-2,-108,-1,3,2,2,0,2,0,1,1,1,0,1
KR_6747479131,420,1,30,2,0,-3,1,4,1,3,2,5,5,0,-4,0,4,1,2,1,0,-3,18,-2,4,2,-3,0,-1,1,-1,-1,1,5,1
KR_6664499758,420,2,16,4,11,-1,1,2,3,5,2,3,4,1,6,8,2,0,0,0,0,10,33,3,3,6,2,0,0,1,-1,0,1,4,1
KR_6732713199,440,-1,-14,-8,1,0,1,1,1,6,5,0,4,4,0,1,1,0,1,1,0,-3,5,3,2,5,-1,0,0,1,1,1,-1,6,1
KR_6760384502,420,2,14,-8,3,2,3,1,0,2,2,4,6,2,-2,1,3,-1,1,2,1,9,37,1,7,8,-7,0,0,-1,-1,0,1,4,1
KR_6763364109,420,1,41,-12,6,2,3,1,1,4,3,4,8,4,-2,2,4,1,1,0,0,4,-8,1,5,6,-4,0,0,-1,-1,1,1,2,1
KR_6678267122,420,7,49,8,18,4,5,1,7,7,0,1,1,0,5,8,3,1,2,1,1,16,-7,-6,8,2,4,0,1,1,1,1,1,1,1
KR_6761548701,420,-1,31,-10,7,4,6,2,-2,1,3,3,5,2,2,4,2,0,1,1,2,3,0,-1,5,4,0,0,0,-1,-1,0,1,4,1
KR_6726525452,440,-2,-21,-23,3,-1,2,3,0,2,2,-4,3,7,3,4,1,5,6,1,0,8,22,5,3,8,-1,0,-1,1,-1,-1,1,1,1
KR_6669385372,420,2,-28,0,-4,-1,1,2,0,6,6,-3,0,3,-1,1,2,1,1,0,0,2,18,7,6,13,0,0,-1,1,-1,-1,1,1,1
KR_6740041716,420,2,23,-9,4,-1,2,3,-2,0,2,2,2,0,4,6,2,1,1,0,0,5,167,3,3,6,-5,0,0,-1,-1,0,1,2,1
KR_6749686334,420,2,38,4,6,2,5,3,0,2,2,1,2,1,5,5,0,-2,2,4,0,6,1,0,8,8,2,0,2,-1,1,1,-1,3,1
KR_6731453152,420,3,44,21,2,-3,0,3,4,5,1,-1,2,3,3,6,3,-1,0,1,0,0,-1,-4,13,9,4,0,0,1,-1,-1,-1,1,1
KR_6331282548,420,2,13,0,3,6,6,0,1,1,0,-1,3,4,-2,1,3,-1,1,2,0,-2,-153,0,6,6,0,0,0,0,1,0,-1,0,1
KR_6629495260,420,2,-39,80,4,1,3,2,3,3,0,0,2,2,-1,1,2,1,1,0,1,1,-10,-4,6,2,2,0,1,1,1,1,1,4,1
KR_6729290068,420,-2,-14,0,-2,2,4,2,-1,3,4,-2,2,4,0,2,2,-1,0,1,0,1,6,-4,7,3,5,0,0,1,-1,0,-1,5,1
KR_6737201607,420,1,-3,32,0,-1,0,1,1,2,1,0,0,0,0,0,0,0,0,0,0,1,-4,-2,7,5,1,0,0,-1,1,0,1,2,1
KR_6370980863,420,2,54,-2,5,-3,0,3,1,2,1,4,6,2,3,5,2,0,0,0,0,2,0,0,0,0,1,0,1,0,0,1,1,0,1
KR_6764545644,420,-2,-34,-18,-3,2,3,1,3,8,5,-4,0,4,-4,0,4,0,1,1,0,-3,2,2,3,5,-3,0,0,-1,1,0,-1,5,1
KR_6644185231,420,5,68,-5,7,0,1,1,2,5,3,-3,0,3,5,6,1,3,3,0,1,8,27,1,2,3,1,0,1,-1,1,1,1,2,1
KR_6720440096,420,9,92,43,26,3,5,2,1,1,0,7,9,2,10,13,3,5,7,2,1,21,-4,6,3,9,6,0,1,1,1,1,-1,2,1
KR_6750007301,420,1,-50,20,-1,-2,0,2,5,5,0,2,4,2,-3,2,5,-3,1,4,0,-1,24,0,5,5,-5,0,-1,-1,-1,-1,-1,2,1
KR_6715747775,420,2,4,-20,6,0,1,1,5,8,3,2,3,1,0,5,5,-1,1,2,0,-5,7,4,3,7,-3,0,0,-1,-1,-1,1,2,1
KR_6716324988,420,-1,-86,-12,2,2,3,1,0,1,1,6,7,1,-5,0,5,-1,0,1,1,2,-1,-2,8,6,1,0,-2,-1,-1,-1,1,3,1
KR_6751216171,420,1,4,-28,6,6,7,1,1,1,0,-1,1,2,2,5,3,-2,2,4,0,8,-11,-4,7,3,4,0,2,-1,-1,1,1,2,1
KR_6761514926,440,5,-9,46,12,3,5,2,-1,0,1,2,4,2,6,6,0,2,2,0,0,12,4,1,5,6,0,0,0,1,1,0,1,5,1
KR_6764482935,420,3,48,1,6,0,2,2,0,2,2,4,4,0,2,3,1,0,2,2,0,2,1,1,4,5,1,0,1,-1,1,1,1,4,1
KR_6764570459,420,-2,-2,-4,-1,7,7,0,-6,0,6,1,2,1,-1,0,1,-2,0,2,0,-12,-5,4,2,6,2,0,1,-1,1,1,1,2,1
KR_6764797999,420,3,55,3,1,-2,0,2,1,3,2,1,3,2,2,3,1,-1,0,1,0,0,-11,1,5,6,4,0,1,1,1,1,-1,4,1
KR_6752362821,420,3,35,-30,3,4,7,3,4,6,2,1,2,1,-4,1,5,-2,2,4,0,4,11,5,2,7,-2,0,1,0,1,1,1,0,1
KR_6708561001,420,2,68,-7,-4,3,4,1,-3,1,4,2,2,0,-6,1,7,0,2,2,0,-9,-2,1,4,5,3,0,-1,1,-1,-1,1,3,1
KR_6723192094,420,3,-9,-21,-2,2,2,0,-5,2,7,3,4,1,-1,6,7,-1,1,2,-2,-15,6,4,6,10,-1,0,0,-1,-1,-1,-1,4,1
KR_6718796207,420,-3,13,8,-6,2,2,0,-2,1,3,-2,2,4,-4,2,6,0,1,1,0,-4,-3,0,6,6,3,0,-1,1,-1,-1,1,1,1
KR_6639535629,420,-5,-42,-6,-10,1,3,2,-8,0,8,-5,0,5,-1,1,2,3,3,0,0,-13,-28,-3,6,3,4,0,-2,1,-1,-1,1,4,1
KR_6637960642,420,4,4,3,10,-2,0,2,2,2,0,1,1,0,6,7,1,3,3,0,0,17,3,-4,8,4,0,0,1,1,0,1,1,2,1
KR_6673062194,420,1,-20,-16,6,0,0,0,5,5,0,0,1,1,0,5,5,1,1,0,0,4,122,-4,11,7,7,0,0,1,-1,0,1,3,1
KR_6581608705,420,1,25,29,4,0,1,1,0,4,4,0,2,2,6,6,0,-2,0,2,0,3,1,5,2,7,-1,0,1,-1,1,1,1,3,1
KR_6754178926,420,-1,15,-3,1,-4,0,4,2,4,2,3,3,0,0,2,2,0,0,0,0,1,8,1,4,5,2,0,0,1,0,0,1,5,1
KR_6553407121,420,3,6,1,5,0,2,2,2,3,1,4,5,1,1,4,3,-2,0,2,0,0,3,2,3,5,-4,0,1,1,1,1,1,2,1
KR_6732590000,440,-4,-48,-3,0,-4,2,6,2,4,2,8,9,1,0,2,2,-6,1,7,2,6,10,5,1,6,-1,0,0,1,0,1,1,5,1
KR_6642899422,420,1,-13,-17,1,3,3,0,-1,2,3,-1,1,2,0,5,5,0,1,1,0,3,-26,-3,7,4,0,0,0,-1,1,1,-1,4,1
KR_6734007143,420,4,61,-16,10,1,2,1,1,2,1,3,4,1,3,6,3,2,3,1,0,10,-1,0,5,5,3,0,2,0,1,1,1,0,1
KR_6623907033,420,4,72,3,11,3,4,1,3,5,2,2,2,0,2,3,1,1,1,0,1,12,9,-2,7,5,-4,0,2,1,1,1,1,4,1
KR_6761087320,420,4,23,40,1,-1,2,3,2,3,1,2,3,1,2,4,2,-4,0,4,0,-1,0,0,3,3,-2,0,1,1,1,1,-1,5,1
KR_6743311584,440,4,28,23,5,1,3,2,5,6,1,1,2,1,-1,0,1,-1,0,1,0,6,-1,2,2,4,3,0,0,1,-1,0,-1,3,1
KR_6409624426,420,3,-4,8,13,0,0,0,9,11,2,1,4,3,5,7,2,-2,0,2,0,13,-182,-5,7,2,-1,0,1,1,1,1,1,5,1
KR_6761846620,420,2,-16,-10,1,-5,0,5,6,6,0,1,1,0,-2,1,3,1,2,1,-1,6,3,-2,5,3,1,0,0,1,-1,0,-1,2,1
KR_6761846620,420,2,-16,-10,1,-5,0,5,6,6,0,1,1,0,-2,1,3,1,2,1,-1,6,3,-2,5,3,1,0,0,1,-1,0,-1,2,1
KR_6751480761,420,4,53,43,-4,1,3,2,-1,1,2,-4,4,8,0,0,0,0,0,0,0,0,-12,4,5,9,-2,0,2,1,1,1,-1,2,1
KR_6759268644,420,6,23,32,15,2,3,1,3,4,1,7,7,0,2,4,2,1,2,1,1,11,115,-2,6,4,7,0,2,1,1,1,1,1,1
KR_6759742796,420,-1,-32,-8,3,-1,1,2,3,4,1,4,4,0,-3,1,4,0,1,1,0,4,-4,-6,10,4,3,0,0,-1,-1,0,-1,1,1
KR_6757836108,440,3,25,-16,4,2,3,1,0,4,4,0,1,1,2,3,1,0,4,4,0,2,1,4,2,6,-1,0,1,1,1,1,-1,6,1
KR_6762936355,420,-1,-22,1,0,2,2,0,-2,2,4,4,4,0,-3,0,3,-1,1,2,0,2,83,3,2,5,0,0,0,1,1,0,1,6,1
KR_6761797468,420,2,59,6,8,1,4,3,5,5,0,5,6,1,-3,1,4,0,0,0,0,4,3,-3,5,2,1,0,1,-1,1,1,-1,1,1
KR_6753890828,420,1,11,22,1,3,3,0,0,3,3,-2,3,5,0,2,2,0,2,2,-1,-5,9,2,4,6,-2,0,2,1,1,1,-1,1,1
KR_6752370982,420,1,94,-8,3,6,6,0,-1,4,5,-1,4,5,-1,2,3,0,0,0,0,4,9,0,8,8,2,0,1,1,-1,1,1,2,1
KR_6730749806,420,5,50,-4,10,3,4,1,5,7,2,-3,0,3,3,3,0,2,3,1,0,11,6,-2,6,4,-1,0,3,-1,1,1,1,3,1
KR_6722728089,440,6,2,48,9,-2,0,2,10,12,2,-2,1,3,3,4,1,0,1,1,0,3,7,1,4,5,0,0,0,1,1,1,-1,5,1
KR_6762804452,420,1,-37,32,5,-2,0,2,4,6,2,4,4,0,-5,1,6,4,5,1,-1,1,5,-4,8,4,1,0,1,1,1,1,-1,6,1
KR_6653978062,420,2,5,-27,3,3,3,0,-1,5,6,2,4,2,-3,1,4,2,2,0,1,2,5,2,3,5,-6,0,1,1,1,1,1,2,1
KR_6602942084,420,5,15,8,3,1,1,0,-1,0,1,1,4,3,2,2,0,0,1,1,0,8,-7,0,5,5,2,0,1,1,1,1,-1,6,1
KR_6744223793,440,0,59,41,4,1,1,0,3,3,0,9,10,1,-10,2,12,1,1,0,0,-2,41,-1,4,3,-19,0,1,1,1,1,1,3,1
KR_6673790149,420,0,-40,0,6,-1,0,1,1,5,4,3,5,2,5,7,2,-2,2,4,3,9,-4,1,6,7,-3,0,-1,1,-1,-1,1,1,1
KR_6764757034,420,-1,-20,-4,-2,-3,0,3,1,2,1,-1,0,1,1,2,1,0,1,1,0,3,20,-1,4,3,2,0,-1,1,-1,-1,1,5,1
KR_6761909968,420,2,49,-4,2,5,6,1,-1,3,4,1,3,2,1,3,2,-4,0,4,-1,-2,-14,3,4,7,6,0,0,-1,0,0,-1,4,1
KR_6751717666,420,0,-19,-4,1,-2,0,2,3,5,2,2,2,0,-4,3,7,2,3,1,0,0,8,-3,5,2,-2,0,2,1,-1,1,-1,5,1
KR_6749931082,420,0,17,-2,2,-1,1,2,-6,3,9,4,6,2,4,4,0,1,1,0,-2,-9,-1,-3,6,3,-3,0,2,1,-1,-1,1,4,1
KR_6748996017,420,-1,-23,-9,5,3,4,1,2,4,2,-2,1,3,2,4,2,0,0,0,1,9,-8,3,1,4,2,0,0,1,0,0,1,2,1
KR_6757638845,420,2,-46,16,1,3,3,0,3,7,4,-2,2,4,-1,3,4,-2,1,3,-1,-1,-1,0,4,4,-5,0,1,0,0,-1,-1,0,1
KR_6759498620,420,3,37,3,8,1,2,1,6,8,2,3,3,0,-2,1,3,0,2,2,1,3,11,2,3,5,-2,0,2,1,1,1,1,4,1
KR_6759397084,420,-2,21,-12,3,-1,1,2,0,5,5,1,2,1,2,3,1,1,2,1,0,3,28,3,4,7,0,0,0,-1,-1,0,1,5,1
KR_5748340524,420,7,40,43,15,6,6,0,2,4,2,0,2,2,6,6,0,1,1,0,1,15,9,1,9,10,6,0,1,1,-1,1,1,3,1
KR_6622552736,420,6,-5,-16,11,2,2,0,2,4,2,7,7,0,0,2,2,0,1,1,1,10,-1,0,5,5,0,0,0,1,-1,1,-1,6,1
KR_6744776583,420,0,-33,4,2,2,3,1,3,4,1,-4,0,4,-1,4,5,2,2,0,0,1,36,-4,7,3,-2,0,0,1,1,0,1,3,1
KR_6607374833,420,2,-4,4,5,2,4,2,4,7,3,-4,2,6,0,1,1,3,6,3,0,7,1,3,1,4,1,0,1,1,-1,1,-1,6,1
KR_6682370413,420,5,133,12,11,2,4,2,2,2,0,7,8,1,1,5,4,-1,1,2,2,12,27,0,3,3,5,0,1,1,1,1,1,2,1
KR_6737175241,420,3,-15,0,5,0,2,2,-4,0,4,0,1,1,4,5,1,5,5,0,0,10,84,3,3,6,27,0,0,1,-1,0,1,2,1
KR_6493733643,420,0,21,22,3,2,3,1,2,5,3,5,6,1,-1,1,2,-5,1,6,0,-1,5,3,7,10,4,0,0,1,1,1,-1,5,1
KR_6760888505,420,-1,-43,8,-1,1,1,0,1,5,4,-1,1,2,-2,3,5,0,0,0,0,-10,-38,-3,6,3,18,0,0,1,1,0,-1,4,1
KR_6752478641,420,-2,-30,-8,-4,-1,3,4,0,5,5,-3,2,5,0,2,2,0,3,3,1,3,14,-1,7,6,-7,0,1,-1,1,1,1,5,1
KR_6735949269,420,5,105,24,7,0,1,1,-2,3,5,4,5,1,1,1,0,4,4,0,0,12,-26,-1,6,5,-1,0,0,-1,1,1,1,5,1
KR_6747277817,440,3,-13,-12,7,0,2,2,-5,1,6,3,4,1,5,9,4,4,4,0,-1,11,7,1,1,2,-4,0,0,1,-1,0,-1,5,1
KR_6744067516,420,-1,31,-4,3,-1,1,2,1,3,2,1,2,1,3,4,1,-1,1,2,0,5,-5,-1,6,5,1,0,1,1,1,1,1,3,1
KR_6642652182,420,1,13,28,0,2,2,0,-1,2,3,-3,1,4,2,4,2,0,1,1,0,-4,33,1,6,7,4,0,0,1,1,0,-1,2,1
KR_6601462435,420,2,2,27,-1,-2,1,3,-2,1,3,0,0,0,3,3,0,0,1,1,-1,-8,5,0,4,4,0,0,1,1,-1,1,-1,5,1
KR_6745774907,420,-3,-66,-11,-3,-5,1,6,-4,1,5,2,3,1,3,3,0,1,2,1,0,-1,-12,-3,5,2,0,0,-2,-1,-1,-1,1,3,1
KR_6762217496,420,1,29,2,-1,1,2,1,-1,2,3,2,2,0,0,1,1,-3,0,3,0,-5,-4,-5,6,1,1,0,0,1,-1,1,-1,4,1
KR_6700948609,420,3,4,16,-1,0,1,1,1,2,1,-1,0,1,-2,4,6,1,1,0,0,-2,-21,-1,5,4,0,0,-1,1,-1,-1,-1,4,1
KR_6754498249,420,-3,-3,-4,-4,3,4,1,-2,1,3,-2,3,5,-2,2,4,-1,0,1,0,-8,-15,-3,6,3,3,0,0,1,1,0,-1,2,1
KR_6745856111,420,1,-14,23,-2,-2,1,3,5,8,3,-2,3,5,-4,0,4,1,1,0,-1,-10,-1,-3,7,4,5,0,0,1,1,0,-1,2,1
KR_6687047531,420,-2,19,-20,7,3,5,2,3,7,4,2,3,1,3,6,3,-4,1,5,-1,9,-2,2,5,7,1,0,1,1,1,1,-1,6,1
KR_6615801777,420,2,49,19,7,5,5,0,2,3,1,0,2,2,0,5,5,0,1,1,0,5,37,-1,7,6,4,0,2,-1,1,1,1,1,1
KR_6760665913,420,2,51,-3,7,-1,0,1,1,4,3,1,3,2,4,7,3,2,2,0,1,7,-16,3,4,7,-2,0,1,1,0,1,1,1,1
KR_6638351152,440,-1,40,-21,2,3,3,0,-2,2,4,-1,2,3,4,4,0,-2,0,2,0,3,0,7,2,9,1,0,1,1,1,1,1,1,1
KR_6607167147,420,7,41,44,0,4,8,4,-3,2,5,-1,3,4,1,3,2,-1,2,3,-1,-4,-1,-4,6,2,1,0,1,1,1,1,-1,6,1
KR_6763335934,440,3,83,44,1,-2,1,3,0,3,3,3,3,0,2,4,2,-2,0,2,0,1,29,-3,6,3,4,0,1,1,-1,1,1,1,1
KR_6693453576,420,1,-11,-32,6,3,4,1,0,2,2,1,2,1,2,2,0,0,0,0,0,10,-9,3,4,7,-4,0,0,1,0,0,1,2,1
KR_6741429300,420,3,68,-16,6,4,5,1,2,4,2,-2,3,5,3,5,2,-1,2,3,0,4,1,10,1,11,-4,0,0,1,-1,1,1,1,1
KR_6743722303,420,3,89,17,9,2,3,1,4,9,5,1,1,0,-5,2,7,7,7,0,1,7,-93,-2,6,4,4,0,3,0,1,1,1,0,1
KR_6763218752,440,-4,-3,16,-10,-1,0,1,1,3,2,-5,2,7,-3,2,5,-2,0,2,-2,-14,310,0,2,2,-6,0,0,0,1,1,-1,0,1
KR_6756539431,420,0,-46,4,5,3,4,1,-1,2,3,3,3,0,2,3,1,-2,2,4,0,6,9,6,0,6,-2,0,-1,-1,1,-1,1,5,1
KR_6759651955,420,1,30,-20,-2,1,1,0,-2,1,3,-1,1,2,1,6,5,-1,0,1,0,-7,230,0,4,4,1,0,1,-1,1,1,-1,4,1
KR_6764824610,420,-2,-10,7,3,-1,0,1,1,1,0,2,4,2,-2,2,4,3,3,0,0,10,8,3,1,4,-3,0,0,0,1,0,1,0,1
KR_6634395036,420,3,17,-8,8,6,7,1,-1,2,3,-3,1,4,1,3,2,5,5,0,0,1,-15,4,4,8,4,0,1,1,-1,1,1,1,1
KR_6694793247,420,4,27,24,17,-1,0,1,3,4,1,0,3,3,10,11,1,5,8,3,0,18,9,10,1,11,0,0,1,1,1,1,1,1,1
KR_6759094123,420,0,-2,20,-2,4,6,2,-1,2,3,1,2,1,-1,0,1,-5,0,5,0,-11,8,-7,9,2,0,0,-1,-1,-1,-1,1,1,1
KR_6689735141,420,-1,-26,-4,5,-1,0,1,3,6,3,-1,1,2,5,8,3,-1,1,2,0,11,2,3,5,8,2,0,2,1,1,1,1,2,1
KR_6743076338,420,2,66,4,8,-1,0,1,3,4,1,-1,1,2,6,8,2,1,1,0,0,18,74,1,5,6,0,0,-1,1,0,-1,-1,3,1
KR_6681302670,440,-1,-26,-15,-4,0,1,1,-1,4,5,0,0,0,0,1,1,-3,0,3,0,-7,32,-3,5,2,0,0,0,1,-1,0,1,6,1
KR_6756140179,440,4,37,0,0,-1,3,4,-1,2,3,-5,0,5,7,8,1,0,3,3,2,-11,-3,6,6,12,1,0,1,1,-1,1,1,5,1
KR_6621677648,420,1,-16,5,2,-1,2,3,3,4,1,-2,2,4,0,4,4,2,2,0,0,0,-3,-1,8,7,3,0,1,1,1,1,-1,3,1
KR_6764711952,420,3,47,16,13,7,7,0,0,2,2,3,5,2,-2,1,3,5,5,0,1,9,0,-3,8,5,3,0,0,1,-1,0,1,2,1
KR_6662113060,440,4,23,14,5,2,2,0,4,4,0,4,4,0,-2,1,3,-3,0,3,0,4,0,3,4,7,-3,0,0,-1,1,1,1,5,1
KR_6738375052,440,1,-22,32,1,0,1,1,3,4,1,-1,1,2,-2,0,2,1,1,0,0,2,8,-7,10,3,3,0,0,1,1,0,1,5,1
KR_6722586403,440,1,-15,27,-3,-1,1,2,-2,2,4,2,3,1,-2,2,4,0,1,1,-1,-5,33,1,1,2,2,0,-1,1,-1,-1,-1,3,1
KR_6588535892,420,3,32,-16,11,-2,3,5,8,10,2,0,1,1,4,5,1,1,1,0,0,16,-2,-2,10,8,4,0,2,-1,1,1,1,1,1
KR_6764174892,420,-1,5,10,5,0,0,0,-1,2,3,4,5,1,3,4,1,-1,1,2,0,3,84,-6,9,3,3,0,0,1,0,0,-1,6,1
KR_6758848700,420,1,15,1,6,1,3,2,-1,1,2,9,9,0,-3,1,4,0,2,2,-1,1,6,-2,6,4,2,0,2,-1,1,1,-1,2,1
KR_6684785548,420,-1,1,-8,-6,-4,0,4,-1,4,5,0,3,3,-1,2,3,0,0,0,-1,-8,131,2,2,4,-1,0,-1,1,-1,-1,-1,3,1
KR_6536797978,420,7,92,21,17,5,5,0,6,6,0,2,3,1,3,6,3,1,3,2,-1,29,22,-1,5,4,-12,0,2,1,-1,1,-1,5,1
KR_6670684916,420,1,34,10,-1,1,2,1,-2,1,3,0,1,1,-4,0,4,4,4,0,0,-7,-8,1,3,4,0,0,0,1,1,1,1,1,1
KR_6698211394,420,0,17,8,0,1,2,1,-3,2,5,2,3,1,0,2,2,0,1,1,0,3,1,0,4,4,2,0,-1,-1,1,-1,-1,6,1
KR_6734607664,420,3,66,16,4,-3,1,4,0,3,3,0,0,0,9,9,0,-2,0,2,1,6,34,2,6,8,1,0,0,1,-1,1,1,4,1
KR_6759924060,440,3,85,12,12,3,4,1,2,6,4,0,5,5,5,8,3,2,2,0,2,16,-2,-2,4,2,1,0,1,0,-1,1,-1,0,1
KR_6756598395,420,1,-20,-5,12,-2,2,4,4,8,4,5,5,0,3,5,2,2,3,1,0,23,3,-1,6,5,4,0,0,1,1,-1,1,1,1
KR_6742162768,420,4,72,2,8,5,5,0,1,2,1,3,4,1,0,5,5,-1,0,1,0,8,-78,5,5,10,5,0,2,1,1,1,-1,3,1
KR_6724114745,420,1,36,40,4,-2,0,2,2,5,3,3,4,1,1,3,2,0,1,1,-1,7,-105,1,3,4,-3,0,1,1,-1,1,-1,1,1
KR_6670706998,420,1,-1,20,6,-1,1,2,4,5,1,-5,0,5,6,8,2,2,2,0,0,16,-5,-5,11,6,1,0,3,-1,1,1,1,3,1
KR_6725597393,420,3,54,7,14,3,3,0,4,7,3,2,2,0,0,1,1,5,5,0,1,13,-2,5,2,7,1,0,4,1,0,1,1,2,1
KR_6653704293,420,-1,55,0,5,-1,2,3,2,2,0,2,2,0,3,6,3,-1,2,3,0,4,-1,1,3,4,0,0,0,1,1,0,1,1,1
KR_6750817730,420,-1,25,-3,-2,1,3,2,-1,1,2,-2,1,3,1,2,1,-1,0,1,0,-3,0,0,6,6,-1,0,-1,1,-1,-1,-1,1,1
KR_6755735838,440,0,31,28,-6,2,4,2,0,1,1,-2,1,3,-5,2,7,-1,1,2,0,-10,1,2,3,5,-2,0,0,0,-1,1,-1,0,1
KR_6745265890,420,3,-36,23,7,0,1,1,4,5,1,1,2,1,2,3,1,0,0,0,0,6,44,0,5,5,2,0,-1,-1,1,1,1,3,1
KR_6685312101,420,4,-12,40,6,2,5,3,7,9,2,2,4,2,1,2,1,-6,1,7,-2,0,-5,2,6,8,3,0,0,-1,1,1,-1,2,1
KR_6748728056,420,2,8,-4,8,0,1,1,1,2,1,3,5,2,5,5,0,-1,0,1,0,13,4,1,4,5,-2,0,2,1,-1,1,1,6,1
KR_6756101318,440,6,128,0,10,-1,3,4,0,1,1,5,6,1,2,4,2,4,4,0,0,9,-23,3,3,6,16,0,2,1,1,1,1,3,1
KR_6765181760,440,4,51,15,7,5,5,0,5,5,0,-6,0,6,2,3,1,1,3,2,0,10,-9,-1,3,2,2,0,1,0,1,1,1,0,1
KR_6725865407,420,0,4,-8,3,2,3,1,1,3,2,0,1,1,1,4,3,-1,1,2,0,4,2,-1,4,3,-2,0,0,-1,1,0,1,2,1
KR_6470946604,440,-3,-56,-32,-1,-1,1,2,-2,4,6,1,1,0,-1,5,6,2,2,0,0,10,-55,-3,8,5,18,0,0,1,-1,1,1,3,1
KR_6581877412,420,3,7,39,6,-1,2,3,5,7,2,6,8,2,-4,0,4,0,0,0,0,4,-6,1,5,6,1,0,1,1,-1,1,1,5,1
KR_6730728367,420,1,-87,-19,6,6,6,0,1,1,0,-4,1,5,3,3,0,0,1,1,0,10,5,5,4,9,-2,0,1,1,1,1,-1,6,1
KR_6763312904,420,0,-2,4,-2,2,3,1,0,0,0,-3,3,6,-2,2,4,1,3,2,-1,-3,20,-2,6,4,-3,0,0,0,0,0,-1,0,1
KR_6629484797,420,3,67,1,9,1,2,1,2,3,1,-1,3,4,8,10,2,-1,2,3,0,4,0,-3,5,2,3,0,2,1,1,1,1,1,1
KR_6764688230,420,6,78,-3,18,3,3,0,2,3,1,4,5,1,3,6,3,6,6,0,0,7,-96,6,2,8,-2,0,2,0,1,1,-1,0,1
KR_6756460646,420,-3,-54,-19,-7,2,2,0,0,8,8,-2,2,4,-2,1,3,-5,0,5,0,-4,-94,-12,14,2,-9,0,-2,-1,-1,-1,1,5,1
KR_6651181431,420,6,16,21,8,2,5,3,5,5,0,-1,0,1,2,5,3,0,1,1,0,11,115,2,6,8,-1,0,1,1,1,1,-1,1,1
KR_6763128727,440,0,-67,28,-5,-4,2,6,-1,3,4,-1,1,2,-2,0,2,3,3,0,0,-2,-3,-1,3,2,2,0,0,1,-1,-1,-1,5,1
KR_6765266009,420,3,7,1,8,2,4,2,2,2,0,1,3,2,3,4,1,0,0,0,0,7,-14,2,3,5,4,0,0,1,1,0,1,6,1
KR_6763094557,440,3,18,-33,5,1,3,2,2,4,2,-1,0,1,3,5,2,0,0,0,0,6,-6,-7,12,5,1,0,0,1,0,0,1,2,1
KR_6744052276,420,5,131,21,5,1,1,0,0,4,4,-2,2,4,2,3,1,4,5,1,-1,6,39,-2,6,4,-1,0,2,-1,1,1,-1,5,1
KR_6717679132,420,3,50,-8,6,1,2,1,-1,1,2,2,4,2,2,3,1,2,2,0,0,4,142,4,1,5,1,0,0,1,1,0,1,5,1
KR_6738728915,420,4,-17,28,9,1,1,0,4,6,2,4,6,2,1,5,4,-1,3,4,0,10,2,-1,4,3,2,0,-1,1,-1,-1,1,2,1
KR_6759382179,420,0,15,-11,5,-1,1,2,2,9,7,2,3,1,2,3,1,0,0,0,0,12,1,-2,8,6,0,0,-1,-1,-1,-1,-1,2,1
KR_6756414157,420,9,124,40,20,8,9,1,3,3,0,4,5,1,4,5,1,1,1,0,0,19,-10,-2,5,3,6,0,2,1,1,1,1,6,1
KR_6758466114,420,4,72,16,12,2,2,0,3,4,1,2,2,0,5,7,2,0,0,0,0,11,8,-1,2,1,3,0,3,1,0,1,1,5,1
KR_6721314430,420,0,42,13,1,-2,1,3,5,5,0,-1,1,2,2,2,0,-3,2,5,-1,8,-66,-1,5,4,15,0,1,1,-1,1,-1,3,1
KR_6751526802,420,7,57,32,15,7,7,0,-1,4,5,0,7,7,8,13,5,1,2,1,1,9,-25,5,4,9,0,0,1,1,1,1,1,6,1
KR_6759032936,420,4,86,-4,13,5,5,0,5,6,1,2,2,0,1,2,1,0,1,1,0,9,3,4,2,6,0,0,2,1,0,1,1,6,1
KR_6742135255,440,-1,-32,19,-2,1,4,3,1,2,1,-3,1,4,1,3,2,-2,2,4,2,4,-11,-3,5,2,1,0,-1,1,1,-1,1,2,1
KR_6657984243,420,-1,10,-28,-9,-2,1,3,-1,1,2,2,4,2,-8,2,10,0,1,1,-2,-13,2,0,4,4,-3,0,1,-1,-1,1,-1,5,1
KR_6761301118,440,3,50,14,-2,2,3,1,0,4,4,1,2,1,-3,2,5,-2,0,2,0,-9,4,-1,4,3,-3,0,0,-1,1,1,1,5,1
KR_5568935855,420,3,41,17,5,1,2,1,0,4,4,4,6,2,2,2,0,-2,1,3,1,1,-188,-4,9,5,5,0,0,-1,1,1,1,1,1
KR_6748260055,420,3,38,13,5,0,2,2,1,2,1,1,1,0,2,3,1,1,1,0,0,6,35,-1,5,4,-16,0,0,-1,1,-1,1,3,1
KR_6751991715,420,2,48,-7,0,2,3,1,-1,4,5,-1,0,1,0,2,2,0,0,0,0,2,-16,0,6,6,-5,0,1,-1,0,1,1,1,1
KR_6633495959,420,0,4,-36,0,-2,2,4,0,1,1,8,9,1,-5,2,7,-1,1,2,0,-3,30,-2,4,2,1,0,-1,-1,-1,-1,-1,2,1
KR_6755442173,420,0,9,15,1,0,1,1,1,3,2,5,7,2,-5,3,8,0,0,0,0,-1,30,6,2,8,15,0,0,1,1,1,1,6,1
KR_6659818301,420,4,15,-7,10,1,3,2,1,1,0,-1,1,2,10,10,0,-1,0,1,0,11,-98,4,3,7,2,0,1,1,1,1,1,5,1
KR_6745708125,420,-2,19,19,-1,0,4,4,2,5,3,-2,2,4,0,2,2,-1,1,2,0,-7,-7,0,5,5,3,0,1,-1,1,1,-1,5,1
KR_6700095236,420,5,32,25,11,-1,2,3,0,3,3,9,9,0,3,4,1,0,2,2,0,14,7,-5,7,2,-1,0,3,-1,1,1,-1,2,1
KR_6760055904,420,-2,-71,24,2,-2,1,3,2,4,2,4,5,1,-2,2,4,0,1,1,1,0,-6,-4,8,4,2,0,-2,1,1,-1,1,1,1
KR_6764870285,420,3,89,47,7,2,2,0,7,7,0,3,4,1,-5,1,6,0,0,0,3,17,32,-2,4,2,3,0,1,-1,1,1,1,5,1
KR_6755408096,420,2,-7,-13,9,0,1,1,-1,1,2,0,3,3,8,8,0,2,2,0,0,8,-165,2,7,9,5,0,-2,1,-1,-1,1,4,1
KR_6491521820,420,6,32,20,13,5,7,2,6,7,1,3,4,1,0,1,1,-1,0,1,0,13,-1,4,4,8,4,0,1,1,-1,1,-1,1,1
KR_6728391301,420,2,-18,19,5,-1,0,1,3,4,1,7,8,1,-4,2,6,0,1,1,-2,0,1,-4,8,4,-1,0,0,1,1,-1,-1,3,1
KR_6752868983,420,1,16,62,10,2,2,0,1,3,2,1,2,1,5,6,1,1,1,0,3,13,-114,4,3,7,-1,0,0,1,1,0,1,1,1
KR_6762002765,440,2,65,-6,-2,-4,0,4,1,2,1,-1,3,4,2,2,0,0,0,0,0,-8,-275,-3,7,4,0,0,1,1,1,1,1,5,1
KR_6755069463,440,-3,30,-3,-5,-1,0,1,1,4,3,-1,0,1,-4,0,4,0,0,0,0,-12,15,1,8,9,-2,0,-1,1,-1,-1,1,1,1
KR_6695149652,420,3,16,5,8,-2,2,4,2,4,2,5,8,3,1,6,5,2,2,0,0,7,7,-1,6,5,2,0,2,1,1,1,1,4,1
KR_6762064523,420,2,27,4,3,1,2,1,-3,4,7,0,4,4,7,8,1,-2,0,2,0,3,-2,3,2,5,0,0,1,0,-1,1,1,0,1
KR_6763858482,420,-3,-23,19,-8,-4,0,4,-9,0,9,3,6,3,1,5,4,1,2,1,0,-5,-32,-2,5,3,1,0,-1,-1,-1,-1,-1,4,1
KR_6764542984,420,5,120,0,5,1,1,0,-1,2,3,5,5,0,-1,2,3,1,1,0,0,7,0,3,3,6,-4,0,1,1,-1,1,-1,1,1
KR_6745463440,420,1,-50,9,5,-1,1,2,3,5,2,1,2,1,3,4,1,-1,0,1,0,7,164,0,4,4,-2,0,1,-1,1,1,1,1,1
KR_6755739661,440,1,50,12,-3,-2,2,4,2,2,0,0,1,1,-3,0,3,0,0,0,0,-4,-7,-2,4,2,2,0,0,-1,0,0,1,2,1
KR_6605087071,420,5,31,20,8,1,1,0,-1,2,3,4,6,2,5,6,1,-1,0,1,1,9,163,0,6,6,-4,0,2,1,-1,1,1,2,1
KR_6757087877,420,2,33,28,5,-4,1,5,4,6,2,1,1,0,6,8,2,-2,0,2,0,12,0,2,6,8,4,0,1,1,1,1,1,6,1
KR_6672242238,420,3,5,-4,3,-2,0,2,5,6,1,0,1,1,-3,1,4,3,3,0,0,5,16,0,8,8,-1,0,1,-1,1,1,1,1,1
KR_6762079258,420,1,-6,5,-3,-1,4,5,-1,4,5,4,5,1,-5,0,5,0,3,3,-2,-10,-8,-7,11,4,4,0,0,-1,1,0,-1,6,1
KR_6732651082,420,4,6,1,6,3,4,1,3,5,2,-1,0,1,3,8,5,-2,0,2,0,10,6,1,4,5,1,0,1,1,1,1,1,6,1
KR_6756880299,440,1,-36,-12,7,3,6,3,0,0,0,0,6,6,3,4,1,1,1,0,0,3,-8,-4,11,7,0,0,-2,0,0,-1,1,0,1
KR_6629573841,420,2,78,-6,3,1,2,1,0,4,4,2,7,5,0,2,2,0,0,0,0,-7,-15,2,5,7,5,0,1,-1,1,1,1,4,1
KR_6751703260,420,6,77,12,10,0,1,1,3,5,2,2,2,0,1,2,1,4,4,0,0,3,-5,3,2,5,1,0,1,1,1,1,1,5,1
KR_6759634258,440,-1,68,0,-7,2,3,1,-1,1,2,0,0,0,0,4,4,-8,0,8,0,-11,-37,0,3,3,3,0,-1,0,-1,-1,-1,0,1
KR_6711299551,420,4,62,10,8,3,4,1,-1,3,4,4,5,1,4,5,1,-2,0,2,-1,5,1,4,7,11,4,0,1,1,-1,1,-1,5,1
KR_6747238063,440,3,33,1,4,8,11,3,0,0,0,0,2,2,-4,0,4,0,3,3,0,-6,-36,-2,3,1,3,0,3,1,-1,1,1,3,1
KR_6760192627,440,2,-61,31,2,-3,0,3,-1,1,2,2,5,3,2,2,0,2,2,0,0,5,4,-6,7,1,4,0,0,-1,0,0,1,6,1
KR_6765447507,420,-4,-47,-21,-6,1,1,0,-3,1,4,-1,3,4,0,2,2,-3,0,3,0,-1,173,2,2,4,2,0,-1,-1,-1,-1,1,6,1
KR_6723555638,420,4,27,23,6,4,4,0,5,5,0,0,2,2,-3,2,5,0,1,1,0,5,2,-1,8,7,6,0,0,1,-1,-1,1,4,1
KR_6751509828,420,4,79,11,8,-3,0,3,7,10,3,-2,2,4,4,10,6,2,3,1,0,-3,29,0,9,9,-3,0,3,1,1,1,1,6,1
KR_6644421492,420,-2,-33,16,0,3,3,0,-1,2,3,1,2,1,-4,2,6,1,1,0,2,-13,-2,-3,8,5,2,0,1,1,1,1,1,2,1
KR_6759528384,420,2,53,-6,8,3,4,1,1,4,3,5,5,0,-1,1,2,0,1,1,0,9,3,0,5,5,3,0,0,1,1,1,1,4,1
KR_6331825065,420,0,28,0,7,1,1,0,3,5,2,2,2,0,-1,2,3,2,2,0,0,4,0,4,4,8,0,0,0,0,1,0,-1,0,1
KR_6613958994,420,0,-30,0,3,0,2,2,-2,0,2,-2,2,4,6,8,2,1,1,0,0,4,201,3,2,5,-3,0,-2,1,1,-1,-1,5,1
KR_6465158144,420,3,2,28,10,-3,0,3,8,8,0,-1,2,3,4,6,2,2,2,0,0,14,254,5,3,8,5,0,1,1,1,1,-1,6,1
KR_6667035536,420,0,-1,45,4,0,0,0,3,7,4,2,3,1,1,5,4,-2,0,2,1,10,2,2,7,9,2,0,1,1,1,1,1,4,1
KR_6741808103,420,1,38,-20,-3,1,3,2,-1,2,3,3,4,1,-6,0,6,0,0,0,-1,1,-1,1,4,5,-5,0,-1,-1,1,-1,-1,5,1
KR_6764543977,420,1,-28,1,-3,1,2,1,-3,0,3,-4,2,6,4,5,1,-1,0,1,-1,-7,-9,0,4,4,4,0,-1,-1,-1,-1,-1,5,1
KR_6696848893,420,1,23,13,0,5,7,2,-2,4,6,-4,3,7,1,1,0,0,0,0,0,2,99,1,4,5,0,0,0,1,1,0,1,3,1
KR_6757931398,420,3,-1,56,9,5,6,1,5,5,0,2,2,0,-2,1,3,-1,1,2,0,4,-27,4,4,8,2,0,0,1,1,1,-1,3,1
KR_6740672813,420,5,91,4,15,3,5,2,0,3,3,5,7,2,5,6,1,2,3,1,3,14,13,1,3,4,-1,0,2,1,1,1,-1,4,1
KR_6654066709,420,5,4,25,14,1,2,1,1,3,2,6,7,1,6,6,0,0,1,1,0,11,3,3,3,6,2,0,0,1,1,1,1,5,1
KR_6762770278,420,0,-80,-5,2,-3,0,3,1,1,0,1,1,0,3,6,3,0,1,1,0,5,8,2,4,6,-5,0,0,-1,-1,1,1,5,1
KR_6753343194,420,2,-56,-18,1,1,3,2,-1,3,4,0,1,1,0,6,6,1,2,1,-3,-5,1,1,3,4,-1,0,0,-1,1,-1,-1,2,1
KR_6761938176,420,1,15,-28,5,-1,0,1,5,7,2,4,8,4,-2,0,2,-1,0,1,0,2,-4,-2,5,3,-2,0,-1,-1,-1,-1,1,3,1
KR_6749947977,420,4,111,-8,8,1,2,1,2,3,1,1,2,1,2,3,1,2,2,0,0,7,7,3,4,7,-2,0,1,1,-1,1,-1,2,1
KR_6763535593,420,7,155,44,13,-2,0,2,6,8,2,0,2,2,4,5,1,5,5,0,-1,18,8,2,5,7,19,0,4,1,1,1,-1,4,1
KR_6752247957,440,1,52,-4,1,2,2,0,-3,4,7,2,5,3,0,0,0,0,0,0,0,-8,-5,1,6,7,-5,0,0,1,0,0,1,6,1
KR_6760085301,420,0,-11,-31,6,1,2,1,0,0,0,4,4,0,0,4,4,1,2,1,0,12,125,2,5,7,3,0,-1,1,-1,-1,1,1,1
KR_6747124844,420,1,-25,-5,-2,6,7,1,-3,3,6,-5,2,7,1,2,1,-1,0,1,0,-11,-32,0,6,6,-3,0,0,-1,-1,-1,1,1,1
KR_6758067104,420,0,-52,8,-1,0,0,0,-2,2,4,2,2,0,-2,1,3,1,2,1,0,-6,-6,-2,9,7,-1,0,1,1,-1,1,-1,3,1
KR_6729034211,420,-2,28,-11,-7,0,3,3,-1,4,5,-4,1,5,-2,2,4,0,1,1,-1,-11,19,6,2,8,0,0,-1,-1,1,-1,-1,5,1
KR_6762769940,420,0,11,0,-1,-4,0,4,-1,2,3,-2,1,3,5,6,1,1,3,2,0,-3,-1,-1,6,5,0,0,0,-1,-1,0,1,6,1
KR_6753706569,420,-2,-90,1,6,0,2,2,2,2,0,-3,1,4,4,6,2,3,6,3,0,8,-5,-3,4,1,-2,0,0,0,1,1,1,0,1
KR_6761129459,420,-3,-71,20,-7,1,2,1,1,3,2,0,2,2,-3,1,4,-6,0,6,0,-13,-3,0,4,4,-3,0,-1,-1,0,-1,-1,2,1
KR_6602102710,420,0,3,-3,1,2,4,2,-1,3,4,-4,0,4,4,6,2,0,2,2,0,-6,-4,-2,7,5,1,0,-1,-1,-1,-1,-1,5,1
KR_6761544417,420,1,-35,-13,4,1,5,4,-2,2,4,-2,5,7,4,5,1,3,3,0,-1,9,-10,4,3,7,-4,0,0,0,1,0,-1,0,1
KR_6608682849,420,4,46,5,4,1,5,4,1,5,4,5,6,1,-3,1,4,0,1,1,0,-9,-13,-6,8,2,-2,0,1,-1,1,1,1,4,1
KR_6638217810,420,5,12,30,10,-2,0,2,4,6,2,1,3,2,4,9,5,3,3,0,-1,7,76,0,6,6,2,0,1,0,0,1,-1,0,1
KR_6757036441,420,0,-28,20,-9,2,3,1,-5,0,5,-3,3,6,-3,2,5,0,0,0,-1,-15,-6,-1,4,3,-2,0,0,-1,-1,-1,-1,5,1
KR_6600660787,420,0,12,0,-2,-1,0,1,-2,3,5,3,5,2,0,4,4,-2,1,3,0,-14,4,1,5,6,-2,0,0,1,-1,0,-1,3,1
KR_6710806058,420,0,82,28,1,3,3,0,-10,0,10,4,5,1,3,7,4,1,1,0,1,-7,2,0,5,5,-2,0,1,1,1,1,1,2,1
KR_6756047614,440,3,31,13,9,-1,2,3,2,2,0,6,7,1,3,3,0,-1,1,2,0,18,11,1,4,5,-2,0,0,-1,0,0,1,2,1
KR_6634442236,420,1,57,-18,1,6,6,0,-2,2,4,-2,3,5,-1,2,3,0,2,2,0,-4,13,-2,7,5,0,0,0,1,-1,-1,-1,3,1
KR_6660711593,420,-3,-56,12,-10,-4,3,7,1,3,2,1,3,2,-7,0,7,-1,1,2,0,-12,-4,-3,6,3,2,0,0,1,1,1,1,6,1
KR_6754537525,420,3,25,12,4,3,3,0,-1,1,2,-2,2,4,2,4,2,2,2,0,0,5,11,-1,5,4,-5,0,0,-1,-1,-1,1,2,1
KR_6759743855,440,-2,12,-26,-7,0,1,1,-2,1,3,3,4,1,-5,0,5,-3,0,3,0,-7,18,5,2,7,-3,0,-1,0,-1,-1,-1,0,1
KR_6760516802,420,2,37,0,10,3,4,1,3,6,3,0,3,3,1,3,2,3,3,0,0,19,8,2,1,3,-1,0,1,1,1,1,1,3,1
KR_6762195223,420,2,61,0,6,6,6,0,1,4,3,0,3,3,-1,0,1,0,1,1,0,3,65,5,1,6,-17,0,1,1,-1,1,-1,3,1
KR_6747170800,420,-3,-15,-14,-4,-3,1,4,3,8,5,-2,1,3,-2,2,4,0,1,1,0,3,1,-1,6,5,-4,0,1,-1,1,-1,1,1,1
KR_6742141099,420,3,91,-8,13,3,4,1,1,1,0,2,4,2,8,9,1,-1,1,2,1,14,14,5,3,8,2,0,1,1,-1,1,1,4,1
KR_6570091023,420,2,-11,18,9,2,2,0,4,6,2,3,4,1,0,1,1,0,1,1,0,3,2,0,5,5,3,0,0,0,1,0,1,0,1
KR_6725422025,420,2,1,-9,8,5,5,0,0,3,3,2,3,1,0,2,2,1,1,0,0,8,-9,0,6,6,4,0,1,-1,1,1,1,2,1
KR_6648000483,420,-1,22,-12,-5,-1,1,2,-2,2,4,0,2,2,-2,1,3,0,0,0,0,-4,-4,5,3,8,-7,0,0,-1,-1,0,-1,1,1
KR_6762523375,420,2,1,23,7,0,1,1,2,2,0,1,2,1,1,1,0,3,4,1,0,7,0,0,6,6,4,0,0,1,1,0,1,2,1
KR_6568906791,440,1,-25,-8,4,5,8,3,-4,2,6,0,2,2,-1,0,1,4,8,4,-1,5,-8,-2,6,4,1,0,0,1,1,-1,-1,1,1
KR_6763414781,420,3,75,-30,9,-1,1,2,4,4,0,3,4,1,2,3,1,1,1,0,0,9,6,3,4,7,3,0,0,1,-1,1,-1,5,1
KR_6761352278,420,5,131,38,11,2,2,0,8,9,1,2,2,0,-1,1,2,0,0,0,0,5,375,3,4,7,1,0,0,1,0,0,-1,5,1
KR_6765088669,440,0,-21,-10,5,1,5,4,1,1,0,-1,1,2,4,4,0,0,0,0,0,9,-2,3,4,7,-1,0,0,1,0,0,1,3,1
KR_6629097110,420,4,8,-1,5,0,2,2,6,7,1,-3,1,4,-1,2,3,3,3,0,0,0,-4,-3,7,4,-3,0,-1,1,-1,-1,1,3,1
KR_6718215289,420,5,10,48,13,2,2,0,4,6,2,5,5,0,0,2,2,2,2,0,0,9,4,9,2,11,0,0,0,1,1,1,1,5,1
KR_6765493481,420,3,-5,39,9,-2,0,2,9,11,2,0,2,2,2,3,1,0,1,1,0,5,10,2,6,8,2,0,1,1,1,1,1,6,1
KR_6734601171,420,2,-31,32,5,1,2,1,-2,1,3,7,7,0,-2,3,5,1,4,3,1,0,65,-2,8,6,-4,0,0,-1,0,0,1,4,1
KR_6760783476,420,3,9,47,6,0,4,4,3,5,2,-2,2,4,1,3,2,4,5,1,2,5,12,2,5,7,-1,0,3,1,1,1,1,6,1
KR_6663830335,420,7,24,21,8,0,3,3,2,2,0,6,6,0,-1,2,3,1,1,0,0,15,130,-1,4,3,1,0,0,1,-1,-1,-1,4,1
KR_6759235312,420,3,24,8,3,5,5,0,1,4,3,-3,0,3,-1,0,1,1,2,1,0,9,6,4,3,7,-1,0,0,0,1,0,-1,0,1
KR_6640775382,440,5,71,31,6,1,1,0,0,1,1,-1,4,5,6,8,2,0,0,0,0,9,39,6,2,8,-3,0,1,0,1,1,-1,0,1
KR_6644061850,420,2,5,24,-4,-3,2,5,2,4,2,0,3,3,-2,2,4,-1,0,1,-1,-5,13,3,4,7,-3,0,-2,1,-1,-1,-1,4,1
KR_6746174914,420,0,20,-9,1,-2,1,3,-1,4,5,3,4,1,2,3,1,-1,0,1,0,5,6,-3,6,3,2,0,0,1,-1,-1,1,4,1
KR_6744878780,420,5,102,19,6,1,1,0,2,4,2,-3,1,4,4,4,0,2,3,1,0,4,9,1,2,3,2,0,1,1,-1,1,1,4,1
KR_6671476475,420,5,116,-5,12,0,2,2,1,4,3,3,4,1,6,6,0,2,2,0,0,20,-6,-2,6,4,5,0,0,-1,-1,1,1,3,1
KR_6636551257,420,0,-19,28,1,4,4,0,-1,3,4,0,1,1,0,1,1,-2,0,2,0,-1,1,0,7,7,0,0,1,1,1,1,-1,5,1
KR_6744466445,420,2,18,-28,2,0,1,1,-1,2,3,1,3,2,3,6,3,-1,0,1,0,-2,2,2,5,7,-5,0,0,-1,-1,1,1,5,1
KR_6746218822,420,-1,-11,-16,5,1,2,1,-2,1,3,4,5,1,2,4,2,0,0,0,0,6,103,-2,7,5,-1,0,2,1,1,1,1,3,1
KR_6707528695,420,2,9,5,3,4,5,1,2,3,1,-1,1,2,-3,0,3,1,2,1,-1,2,-6,0,6,6,2,0,2,-1,1,1,-1,5,1
KR_6723366595,420,1,-23,8,4,0,1,1,0,2,2,0,3,3,4,4,0,0,1,1,0,6,7,6,3,9,-3,0,0,1,1,1,1,3,1
KR_6753334669,440,-1,9,-15,-8,-2,1,3,0,2,2,0,2,2,-5,3,8,-1,2,3,0,-7,-9,-5,8,3,1,0,-1,1,-1,-1,-1,2,1
KR_6546081020,420,-2,-76,12,0,-7,0,7,-2,3,5,1,1,0,1,4,3,7,8,1,0,-4,0,-3,7,4,4,0,-1,1,-1,-1,1,2,1
KR_6752522231,420,-2,-32,16,-8,-2,0,2,-3,1,4,3,4,1,-4,1,5,-2,0,2,0,-9,-10,0,6,6,-1,0,-1,1,0,-1,-1,6,1
KR_6760832604,420,2,50,-11,10,5,5,0,3,4,1,7,7,0,-1,1,2,-4,0,4,1,11,18,1,5,6,0,0,1,-1,1,1,1,6,1
KR_6617852095,420,3,63,9,9,-3,1,4,6,7,1,4,6,2,4,7,3,-2,0,2,0,12,75,-1,3,2,3,0,1,1,1,1,-1,5,1
KR_6764897840,420,0,-5,24,3,-1,0,1,0,1,1,1,2,1,3,7,4,0,1,1,0,8,7,1,4,5,-4,0,0,-1,1,0,-1,4,1
KR_6744168491,420,0,64,-35,-2,0,1,1,1,2,1,-2,1,3,0,4,4,-1,0,1,1,-6,5,4,4,8,-1,0,0,-1,-1,0,1,4,1
KR_6758491577,420,0,12,-11,-3,2,3,1,-4,1,5,-1,4,5,-2,2,4,2,3,1,1,-6,-13,2,2,4,2,0,0,-1,1,0,1,3,1
KR_6751286707,420,1,40,-4,-3,-7,0,7,1,2,1,1,3,2,5,7,2,-3,1,4,0,7,0,-2,5,3,-1,0,0,1,-1,-1,-1,5,1
KR_6763334685,420,2,-5,5,2,1,2,1,4,6,2,-2,2,4,-2,0,2,1,1,0,0,2,-107,3,2,5,3,0,1,-1,1,1,1,4,1
KR_6332093150,420,6,59,60,8,-2,1,3,4,7,3,0,4,4,6,7,1,0,0,0,0,9,9,0,3,3,5,0,1,1,-1,-1,-1,4,1
KR_6747200142,420,2,8,-16,5,-2,1,3,4,5,1,-1,0,1,3,4,1,1,1,0,-1,9,3,3,4,7,3,0,1,1,-1,1,-1,5,1
KR_6676375123,420,2,-16,9,9,1,2,1,2,2,0,6,8,2,0,0,0,0,1,1,0,10,18,-1,6,5,-4,0,-2,1,-1,-1,-1,1,1
KR_6761676800,420,2,9,28,3,4,4,0,-1,3,4,4,5,1,0,3,3,-4,0,4,-1,3,29,3,4,7,-3,0,-1,1,1,-1,-1,2,1
KR_6616823128,420,2,67,-19,9,4,4,0,1,3,2,1,3,2,2,5,3,1,1,0,0,6,8,5,4,9,-1,0,1,1,-1,1,1,6,1
KR_6756144335,420,0,-78,-8,-4,-3,2,5,-3,1,4,1,1,0,2,5,3,-1,1,2,0,3,-6,-1,4,3,-2,0,0,1,-1,0,-1,3,1
KR_6762931224,420,0,-41,-7,2,-4,1,5,4,6,2,2,4,2,1,4,3,-1,2,3,0,3,32,0,2,2,1,0,1,-1,1,1,1,1,1
KR_6752120258,420,5,4,13,10,-1,3,4,5,6,1,-1,0,1,3,3,0,4,4,0,0,12,9,0,5,5,0,0,1,-1,1,1,1,4,1
KR_6722145802,420,5,69,20,15,4,4,0,-2,2,4,4,4,0,5,5,0,4,5,1,0,10,25,6,2,8,2,0,3,1,1,1,-1,3,1
KR_6765135593,420,2,45,6,5,1,2,1,0,1,1,1,2,1,2,5,3,1,1,0,0,9,6,5,3,8,-1,0,2,1,1,1,1,1,1
KR_6615854306,420,6,89,-21,7,5,5,0,0,0,0,-3,1,4,5,6,1,0,0,0,0,4,7,2,4,6,6,0,2,1,1,1,1,1,1
KR_6737371230,420,-3,-68,16,-12,4,5,1,-5,1,6,-2,0,2,-5,1,6,-4,0,4,0,-13,-10,-5,8,3,2,0,0,-1,-1,-1,-1,6,1
KR_6629898396,420,5,90,16,10,6,6,0,0,2,2,-2,1,3,3,3,0,3,3,0,0,7,-2,-4,7,3,2,0,3,-1,1,1,-1,6,1
KR_6740315634,420,2,83,9,-3,1,2,1,-1,4,5,-1,0,1,0,3,3,-2,0,2,1,-14,0,1,5,6,-3,0,0,-1,1,1,1,2,1
KR_6723342479,420,-1,31,23,7,-2,0,2,4,4,0,2,2,0,3,8,5,0,1,1,3,8,-2,-1,6,5,0,0,0,-1,1,0,1,4,1
KR_6748265424,420,6,9,-3,11,2,3,1,4,5,1,3,3,0,2,5,3,0,0,0,-2,5,7,7,2,9,-4,0,0,-1,1,0,-1,2,1
KR_6756857683,440,4,68,19,11,0,3,3,4,5,1,-1,0,1,3,6,3,5,5,0,0,7,-13,-1,6,5,-3,0,1,1,-1,1,1,1,1
KR_6765338480,420,3,29,-24,6,-1,2,3,5,5,0,-2,1,3,3,7,4,1,1,0,0,11,6,-1,5,4,3,0,1,1,-1,1,1,4,1
KR_6751873847,420,2,71,28,3,0,1,1,5,6,1,1,4,3,-1,2,3,-2,1,3,1,3,12,1,6,7,0,0,2,1,1,1,1,6,1
KR_6754176035,420,5,75,1,14,0,1,1,-2,1,3,8,9,1,7,7,0,1,1,0,0,22,-195,6,2,8,-1,0,2,1,1,1,1,4,1
KR_6753297574,420,-4,-44,-18,-7,-3,0,3,-2,2,4,-2,1,3,-1,2,3,1,2,1,0,-7,-158,-3,8,5,2,0,0,-1,-1,0,-1,1,1
KR_6756163258,440,-2,21,-24,-1,-2,0,2,0,1,1,5,7,2,-4,0,4,0,0,0,0,0,-3,-3,8,5,-2,0,0,-1,1,0,1,4,1
KR_6723072714,420,-1,-40,-8,0,-1,2,3,-5,1,6,0,0,0,5,5,0,1,2,1,0,-1,17,1,5,6,-3,0,1,-1,1,1,1,4,1
KR_6635035887,420,1,28,-20,5,1,2,1,0,2,2,-2,2,4,4,7,3,2,3,1,0,6,0,-3,7,4,6,0,2,1,-1,1,1,4,1
KR_6761749616,420,0,27,22,11,1,3,2,3,5,2,1,2,1,6,7,1,0,1,1,0,22,0,0,8,8,2,0,1,1,1,1,1,3,1
KR_6765142316,420,3,-5,20,4,1,3,2,6,8,2,-2,1,3,0,3,3,-1,1,2,0,3,11,2,2,4,0,0,0,1,1,1,1,6,1
KR_6756995760,420,2,25,16,9,6,6,0,0,0,0,3,4,1,-1,0,1,1,1,0,0,3,-5,-3,5,2,2,0,1,1,-1,1,1,3,1
KR_6682385329,420,-2,-11,-8,-6,-1,2,3,-1,1,2,-1,1,2,-3,1,4,0,0,0,0,-8,5,1,6,7,3,0,0,1,-1,0,-1,4,1
KR_6764244496,420,3,73,13,-5,5,5,0,-2,1,3,-3,1,4,-7,0,7,2,2,0,-1,-12,2,0,4,4,-2,0,3,1,1,1,-1,6,1
KR_6734152596,440,2,59,4,10,2,4,2,3,4,1,2,4,2,6,7,1,-3,0,3,0,16,2,-4,8,4,0,0,0,1,-1,0,1,6,1
KR_6752601675,440,0,-2,16,1,4,4,0,-3,2,5,3,4,1,-1,2,3,-2,0,2,1,-5,6,3,4,7,-10,0,-1,1,-1,-1,1,1,1
KR_6700097829,420,5,9,23,12,1,1,0,4,5,1,0,1,1,5,5,0,2,2,0,0,13,-29,-1,5,4,6,0,2,1,1,1,1,3,1
KR_6763884219,420,6,81,29,16,1,4,3,7,8,1,6,6,0,1,1,0,1,2,1,1,13,14,-2,6,4,4,0,1,1,0,1,1,4,1
KR_6765237133,420,4,33,-27,11,1,2,1,0,1,1,9,9,0,-1,2,3,2,2,0,0,9,-15,1,7,8,5,0,2,1,1,1,1,6,1
KR_6692536140,420,-1,-19,-16,2,-4,1,5,-1,4,5,8,9,1,-1,2,3,0,0,0,0,4,11,6,2,8,-7,0,-3,-1,0,-1,-1,4,1
KR_6640185787,420,3,33,11,5,3,5,2,1,4,3,-1,2,3,3,5,2,-1,2,3,1,4,-6,-7,8,1,4,0,1,1,-1,-1,1,5,1
KR_6763509424,420,1,36,16,4,2,4,2,5,6,1,1,4,3,-5,3,8,1,1,0,0,6,-1,4,5,9,0,0,0,-1,-1,-1,1,3,1
KR_6496852389,420,3,34,12,10,-1,1,2,3,6,3,2,3,1,5,5,0,1,1,0,0,12,2,-1,7,6,1,0,1,1,1,1,1,5,1
KR_6628499816,440,-2,-6,0,6,6,6,0,3,4,1,2,2,0,-3,0,3,-2,1,3,0,-3,-9,-1,4,3,-1,0,0,-1,1,1,1,2,1
KR_6756480280,420,0,7,17,-6,-6,0,6,1,6,5,1,2,1,-2,3,5,0,0,0,0,-8,17,-3,8,5,2,0,-1,-1,0,-1,-1,2,1
KR_6696047173,420,5,38,23,11,1,3,2,5,5,0,1,1,0,3,3,0,1,1,0,0,16,-1,1,4,5,-1,0,1,1,1,1,1,4,1
KR_6678229707,420,5,15,-8,4,3,3,0,3,3,0,1,3,2,-2,3,5,-1,0,1,0,4,-1,-2,6,4,4,0,1,1,1,1,1,1,1
KR_6709798246,420,1,53,4,-4,1,2,1,-4,7,11,-3,1,4,0,6,6,2,2,0,-2,-6,21,0,5,5,5,0,1,1,-1,1,-1,3,1
KR_6675152183,420,1,3,19,-2,1,3,2,-5,2,7,-1,1,2,2,4,2,1,2,1,0,-11,-9,-4,6,2,2,0,0,1,0,0,-1,3,1
KR_6700158451,420,1,11,17,-5,3,3,0,-2,1,3,1,2,1,-4,1,5,-3,0,3,0,-10,5,3,6,9,-3,0,1,-1,1,-1,-1,1,1
KR_6724576026,420,7,48,28,9,0,1,1,5,5,0,-2,2,4,4,4,0,2,3,1,2,6,-3,3,3,6,1,0,1,1,1,1,1,3,1
KR_6743071292,420,4,9,39,7,0,2,2,2,4,2,1,3,2,0,1,1,4,4,0,0,3,22,-2,7,5,3,0,0,1,1,1,1,5,1
KR_6762466625,420,1,1,17,1,0,1,1,-4,3,7,2,2,0,2,3,1,1,1,0,0,4,-55,-6,7,1,33,0,0,-1,-1,0,1,5,1
KR_6676930905,420,-1,9,7,0,0,1,1,4,5,1,-2,1,3,-5,3,8,3,3,0,1,-2,1,2,3,5,-4,0,0,-1,-1,0,1,6,1
KR_6642884668,420,2,81,40,7,1,2,1,1,1,0,-1,3,4,4,4,0,2,3,1,0,2,10,7,3,10,-3,0,1,1,1,1,-1,6,1
KR_6564019636,420,-2,-67,11,3,0,1,1,4,7,3,0,3,3,-2,2,4,1,2,1,0,10,59,0,7,7,-4,0,1,-1,1,1,1,2,1
KR_6761681338,440,4,-45,10,8,-3,0,3,6,6,0,-3,3,6,8,11,3,0,1,1,0,16,-2,-3,9,6,4,0,0,-1,1,1,-1,4,1
KR_6762137424,420,-1,7,-20,-3,-4,0,4,1,2,1,1,1,0,1,1,0,-2,0,2,0,4,40,5,4,9,-3,0,0,-1,1,0,-1,4,1
KR_6687898708,420,5,116,6,10,2,2,0,-4,3,7,5,7,2,6,9,3,1,2,1,0,6,3,-5,10,5,3,0,3,1,-1,1,1,1,1
KR_6724995023,420,4,33,-12,10,2,3,1,7,10,3,0,3,3,3,4,1,-2,1,3,0,15,29,0,7,7,3,0,2,1,1,1,1,4,1
KR_6730835422,420,-2,47,-28,-7,1,2,1,-4,1,5,-1,2,3,1,2,1,-4,0,4,0,-9,-118,2,3,5,-1,0,-1,-1,-1,-1,-1,5,1
KR_6764258677,420,0,-63,-8,4,4,5,1,3,5,2,-1,3,4,-3,1,4,1,3,2,-1,9,-6,0,6,6,5,0,-1,1,1,-1,-1,6,1
KR_6750153025,420,2,15,38,5,0,1,1,4,4,0,-1,5,6,6,6,0,-4,3,7,0,-5,0,3,4,7,3,0,0,-1,1,0,-1,5,1
KR_6642072920,420,-1,0,-28,0,1,3,2,-3,4,7,-2,0,2,4,6,2,0,2,2,1,-4,258,2,1,3,0,0,1,1,-1,1,1,3,1
KR_6763908026,420,-3,-92,32,-8,-2,1,3,0,7,7,-2,3,5,-6,1,7,2,3,1,-2,-4,198,-3,8,5,-4,0,-1,1,-1,-1,-1,4,1
KR_6734470254,420,-1,-7,27,-6,-1,1,2,-5,2,7,2,4,2,1,4,3,-3,1,4,0,0,1,0,5,5,2,0,-2,-1,-1,-1,-1,4,1
KR_6731822040,420,0,67,4,2,0,3,3,0,6,6,-1,2,3,2,5,3,1,2,1,0,-3,-2,1,5,6,1,0,2,1,1,1,1,2,1
KR_6757144411,420,2,23,20,6,3,3,0,-4,0,4,-1,2,3,6,6,0,2,2,0,0,5,1,7,5,12,-1,0,0,1,-1,0,1,2,1
KR_6729273445,420,1,-32,2,4,-1,1,2,2,3,1,-3,1,4,7,10,3,-1,0,1,0,12,-52,2,8,10,0,0,-2,1,-1,-1,1,4,1
KR_6734712603,420,-2,-21,-16,-3,0,2,2,-2,3,5,3,3,0,-3,3,6,-1,2,3,0,-8,299,2,8,10,1,0,0,1,-1,0,-1,2,1
KR_6717508132,420,2,52,2,4,6,8,2,-1,2,3,-1,1,2,-1,2,3,1,2,1,0,3,-5,-2,6,4,5,0,3,-1,1,1,1,3,1
KR_6727268541,420,0,26,52,-8,-1,0,1,-8,2,10,-1,1,2,0,2,2,2,3,1,0,-3,5,0,3,3,0,0,-2,1,-1,-1,-1,3,1
KR_6752234828,420,1,58,-10,0,5,6,1,-1,1,2,-1,2,3,-4,0,4,1,1,0,0,-13,8,-7,10,3,-5,0,0,-1,0,-1,1,1,1
KR_6750509238,440,4,74,33,-4,-4,0,4,0,0,0,-6,1,7,1,1,0,5,5,0,0,-9,-4,-3,7,4,1,0,0,0,0,0,-1,0,1
KR_6759512437,420,4,91,4,12,2,5,3,10,13,3,-1,2,3,2,8,6,-1,0,1,3,12,-3,1,4,5,2,0,3,1,1,1,1,2,1
KR_6750575252,420,3,22,39,0,1,2,1,-3,2,5,0,2,2,2,5,3,0,0,0,0,0,3,0,4,4,1,0,2,-1,-1,1,-1,6,1
KR_6760732523,420,-1,-44,16,-7,0,1,1,-1,1,2,0,1,1,-6,1,7,0,1,1,0,-12,14,-2,5,3,-4,0,-1,-1,1,-1,1,2,1
KR_6762436972,420,2,36,-36,9,3,5,2,-2,2,4,5,5,0,3,5,2,0,1,1,-1,18,-4,2,6,8,0,0,3,1,1,1,-1,4,1
KR_6714736969,420,2,69,-11,6,-2,1,3,1,4,3,4,5,1,5,7,2,-2,0,2,0,3,-6,-1,7,6,5,0,1,1,1,1,-1,4,1
KR_6758988293,420,4,56,22,8,0,1,1,2,3,1,1,4,3,2,2,0,3,3,0,0,13,41,-2,6,4,0,0,0,1,-1,-1,1,5,1
KR_6667101767,420,-1,-16,-10,-3,2,3,1,-1,3,4,2,3,1,-4,1,5,-2,0,2,-1,-10,-6,-3,8,5,-1,0,0,1,1,0,-1,3,1
KR_6688044914,420,10,140,38,17,3,3,0,4,6,2,6,8,2,3,3,0,1,1,0,0,12,-12,3,2,5,3,0,2,1,1,1,-1,1,1
KR_6696789817,420,3,85,-10,9,2,3,1,5,6,1,0,1,1,3,3,0,-1,1,2,0,16,3,-1,3,2,2,0,2,1,-1,1,1,1,1
KR_6612183903,440,3,25,16,8,3,6,3,2,2,0,-1,1,2,3,5,2,1,1,0,0,3,-24,2,4,6,2,0,1,-1,0,1,1,5,1
KR_6761297076,420,-3,-17,-8,-6,-1,1,2,2,4,2,-4,0,4,-3,0,3,0,2,2,0,-5,13,-2,5,3,-3,0,-1,-1,-1,-1,1,4,1
KR_6646911841,420,-3,47,-16,-6,-3,0,3,-1,2,3,-2,1,3,2,4,2,-2,1,3,0,0,-2,3,5,8,7,0,0,-1,-1,0,-1,4,1
KR_6654119738,420,6,40,16,15,3,4,1,8,10,2,4,5,1,0,1,1,0,0,0,0,27,2,0,7,7,3,0,2,1,1,1,1,2,1
KR_6745709712,420,3,68,1,5,5,5,0,-2,1,3,0,0,0,2,2,0,0,1,1,0,3,46,3,5,8,2,0,1,1,1,1,1,3,1
KR_6764021543,420,-2,-5,-21,7,-5,0,5,0,0,0,6,7,1,2,3,1,4,4,0,0,12,16,4,2,6,0,0,-1,1,-1,1,-1,1,1
KR_6762359937,440,1,91,-4,8,3,4,1,2,3,1,0,2,2,3,3,0,0,2,2,1,6,-5,1,0,1,0,0,-1,1,1,-1,1,1,1
KR_6751411013,440,-1,-26,0,6,1,1,0,2,6,4,1,3,2,2,7,5,0,0,0,0,12,4,-1,5,4,4,0,0,1,1,0,1,6,1
KR_6683769927,420,0,40,4,5,2,3,1,-6,1,7,4,4,0,4,4,0,1,1,0,0,12,119,0,2,2,5,0,1,1,-1,1,1,6,1
KR_6764940211,440,1,64,-4,0,2,4,2,-6,2,8,3,4,1,0,3,3,1,2,1,0,0,0,0,6,6,0,0,1,1,-1,1,1,1,1
KR_6753883077,420,0,-40,23,4,-1,2,3,3,7,4,2,2,0,0,3,3,0,1,1,0,6,34,-2,4,2,-1,0,-1,1,1,-1,-1,6,1
KR_6669375493,420,0,-1,9,-3,0,1,1,-5,3,8,-1,2,3,3,6,3,0,1,1,0,-5,-46,1,4,5,-2,0,0,-1,-1,-1,-1,5,1
KR_6602141674,420,1,0,0,2,3,3,0,-1,3,4,-3,2,5,3,4,1,0,1,1,0,0,-7,2,6,8,-3,0,1,1,-1,1,1,2,1
KR_6742961498,420,4,21,33,4,2,3,1,2,2,0,0,2,2,-1,4,5,1,1,0,0,3,-20,0,4,4,-2,0,1,1,1,1,1,4,1
KR_6675434700,420,1,-22,-3,7,-2,3,5,-1,2,3,1,3,2,10,10,0,-1,0,1,1,8,-1,2,3,5,2,0,0,1,-1,-1,1,2,1
KR_6750469174,420,3,71,23,8,-1,2,3,4,6,2,3,6,3,-1,3,4,3,4,1,0,-7,-116,-1,3,2,1,0,1,1,1,1,1,6,1
KR_6756345417,420,3,-2,10,4,4,5,1,-3,3,6,1,3,2,0,3,3,2,2,0,-3,-11,6,1,7,8,1,0,1,-1,1,1,-1,3,1
KR_6765167936,420,2,38,-12,10,3,3,0,3,5,2,2,6,4,2,2,0,0,4,4,0,13,40,1,3,4,-3,0,0,-1,1,1,1,1,1
KR_6752470909,420,0,-19,-36,7,4,4,0,-1,1,2,0,1,1,5,6,1,-1,0,1,1,10,3,1,1,2,1,0,1,1,1,1,1,2,1
KR_6759235900,420,4,32,16,16,5,5,0,3,6,3,6,7,1,1,1,0,1,1,0,0,7,4,-1,5,4,3,0,0,1,1,0,1,5,1
KR_6752914571,420,-1,6,12,-1,1,3,2,-2,4,6,-1,1,2,1,2,1,0,4,4,-1,-8,13,0,6,6,5,0,1,-1,1,1,-1,1,1
KR_6764254629,420,-1,-1,-15,-6,0,2,2,-2,2,4,-4,1,5,-1,2,3,1,1,0,0,-12,-8,1,6,7,-1,0,-1,-1,-1,-1,-1,3,1
KR_6709073309,420,5,24,-10,15,0,0,0,10,10,0,2,2,0,-1,1,2,4,4,0,0,16,8,3,4,7,3,0,1,1,1,1,1,3,1
KR_6762801219,420,4,33,12,12,3,3,0,2,7,5,2,3,1,4,5,1,1,2,1,0,3,-37,3,3,6,0,0,2,1,1,1,1,3,1
KR_6753899087,420,0,-63,17,-1,0,2,2,7,8,1,1,3,2,-6,3,9,-3,1,4,0,-6,-4,-3,8,5,1,0,0,1,-1,-1,1,4,1
KR_6712540753,420,6,47,24,17,2,2,0,5,5,0,8,8,0,1,5,4,1,4,3,0,21,0,1,7,8,5,0,1,1,-1,1,1,5,1
KR_6741371226,420,5,80,9,10,-1,1,2,0,3,3,7,7,0,3,6,3,1,2,1,0,16,-7,-5,8,3,-3,0,2,1,1,1,1,2,1
KR_6764173865,420,2,21,-22,2,5,5,0,-2,1,3,2,2,0,-4,2,6,1,3,2,0,-5,243,-1,4,3,-2,0,2,-1,1,1,1,4,1
KR_6728209976,420,2,53,8,4,-1,1,2,-1,1,2,0,1,1,6,6,0,0,0,0,1,9,-18,5,3,8,4,0,2,1,1,1,1,5,1
KR_6684674270,420,2,59,26,1,0,2,2,-1,3,4,0,2,2,3,6,3,-1,1,2,0,2,-80,-4,8,4,-1,0,1,-1,1,1,-1,2,1
KR_6759572010,420,5,85,20,4,4,4,0,1,2,1,-2,0,2,1,2,1,0,0,0,0,-2,330,-1,5,4,3,0,0,1,-1,0,1,3,1
KR_6750095906,420,2,-3,9,1,-2,3,5,2,4,2,-4,2,6,2,3,1,3,3,0,0,-5,6,1,3,4,0,0,1,1,0,1,-1,6,1
KR_6765410196,420,-1,8,-16,-5,-7,0,7,1,2,1,3,4,1,-2,1,3,0,0,0,0,-3,8,2,2,4,-1,0,1,1,1,1,-1,2,1
KR_6635169189,420,0,-56,12,-2,1,1,0,-2,2,4,-1,2,3,0,0,0,0,0,0,0,-6,30,-5,8,3,-1,0,1,-1,1,1,-1,4,1
KR_6749700270,420,0,14,16,2,0,3,3,1,4,3,0,2,2,0,0,0,1,1,0,0,7,-5,1,4,5,-1,0,2,-1,1,1,1,6,1
KR_6729016472,420,2,-3,-8,6,0,2,2,4,7,3,0,0,0,1,3,2,1,1,0,0,10,-35,-1,4,3,5,0,0,1,-1,0,1,6,1
KR_6638359307,420,-2,36,11,-1,2,5,3,1,3,2,-2,0,2,-1,2,3,-1,0,1,1,-6,-11,-1,5,4,2,0,0,1,1,0,1,3,1
KR_6703576103,420,-1,45,-9,-5,0,1,1,-2,1,3,-1,1,2,-2,2,4,0,0,0,-1,-4,0,-1,4,3,-2,0,2,-1,1,-1,-1,4,1
KR_6758000093,420,-2,-68,-20,0,-3,1,4,-3,1,4,7,8,1,1,2,1,-2,0,2,-1,-2,3,0,5,5,-5,0,-1,1,-1,-1,-1,5,1
KR_6760629768,420,3,37,28,1,0,1,1,4,7,3,3,4,1,0,3,3,-6,0,6,0,2,-56,-6,10,4,3,0,-1,-1,0,-1,-1,2,1
KR_6741886335,420,3,31,-15,7,4,4,0,0,2,2,4,7,3,0,3,3,-1,0,1,0,5,2,8,1,9,3,0,0,1,1,0,1,4,1
KR_6645102659,420,1,-39,-1,-3,-3,2,5,-5,0,5,3,5,2,1,5,4,1,1,0,-1,-3,5,-5,6,1,1,0,-1,-1,-1,-1,-1,6,1
KR_6731381068,420,3,13,39,4,3,4,1,2,3,1,-2,4,6,0,3,3,1,2,1,0,-9,-34,1,6,7,2,0,2,-1,1,1,1,3,1
KR_6641280537,420,2,40,-24,5,0,3,3,0,3,3,4,5,1,1,3,2,0,0,0,0,7,123,-3,6,3,5,0,1,1,1,1,1,5,1
KR_6724980769,420,1,53,6,-5,-4,2,6,2,4,2,0,2,2,-3,1,4,0,1,1,0,-7,33,-2,8,6,-24,0,0,1,-1,-1,1,5,1
KR_6762995147,420,2,3,32,2,-1,1,2,2,2,0,-3,0,3,4,6,2,0,0,0,0,4,23,-1,9,8,2,0,1,-1,1,1,-1,5,1
KR_6763381991,420,6,116,29,15,2,2,0,6,7,1,4,4,0,2,6,4,1,1,0,0,7,-4,-2,5,3,6,0,1,0,1,1,1,0,1
KR_6676344436,420,1,54,22,1,0,1,1,0,4,4,-1,2,3,1,2,1,1,2,1,0,2,22,0,5,5,-1,0,1,1,1,1,-1,3,1
KR_6691299212,420,2,31,53,3,-2,1,3,-1,1,2,4,7,3,0,0,0,2,2,0,0,-1,33,3,3,6,1,0,1,1,1,1,1,2,1
KR_6755481999,420,3,9,-11,8,-3,0,3,-1,1,2,5,6,1,6,6,0,1,1,0,0,13,8,0,3,3,1,0,1,-1,1,1,-1,3,1
KR_6688453857,420,0,2,4,-3,-2,2,4,-2,1,3,-4,1,5,4,5,1,1,1,0,0,-1,6,0,4,4,-4,0,0,1,1,1,1,6,1
KR_6763381662,420,1,26,7,4,-2,2,4,4,6,2,0,3,3,3,5,2,-1,2,3,0,7,3,5,2,7,-1,0,-1,1,-1,-1,-1,6,1
KR_6718425896,420,3,10,-11,3,1,3,2,2,3,1,1,3,2,0,2,2,-1,0,1,0,-1,5,0,7,7,-3,0,1,-1,1,1,-1,5,1
KR_6756029136,420,-2,6,-12,-4,1,2,1,-1,2,3,-5,1,6,1,2,1,0,1,1,0,1,7,1,5,6,0,0,-1,-1,-1,-1,-1,5,1
KR_6496723408,420,1,18,3,1,5,6,1,2,3,1,1,2,1,-6,1,7,-1,0,1,1,-3,-10,-6,12,6,-4,0,1,-1,1,1,1,6,1
KR_6754184379,420,1,30,-16,1,-1,0,1,0,0,0,4,7,3,1,2,1,-3,0,3,0,7,-56,1,2,3,-3,0,0,-1,-1,-1,-1,5,1
KR_6679791438,420,6,59,28,16,2,5,3,6,7,1,2,6,4,4,5,1,2,4,2,-1,9,15,6,1,7,-4,0,1,1,-1,1,-1,6,1
KR_6763248951,420,1,21,4,-5,-2,1,3,0,3,3,3,5,2,-7,0,7,1,2,1,0,-4,18,0,5,5,-20,0,1,-1,1,1,-1,4,1
KR_6765020549,420,0,9,-23,4,3,3,0,5,7,2,-3,1,4,-1,4,5,0,1,1,0,5,6,-4,6,2,1,0,1,1,1,1,-1,4,1
KR_6752113001,420,3,46,-13,6,-2,0,2,-1,1,2,7,8,1,1,3,2,1,2,1,0,3,-37,-1,4,3,4,0,0,-1,1,1,1,6,1
KR_6656629791,420,4,60,44,12,2,4,2,1,3,2,4,8,4,3,7,4,2,3,1,0,6,21,3,6,9,-3,0,4,1,1,1,1,3,1
KR_6762587234,440,6,47,36,6,2,3,1,1,1,0,1,3,2,-2,2,4,4,4,0,0,7,2,1,6,7,-6,0,1,1,1,1,1,1,1
KR_6617638888,420,11,94,49,21,9,9,0,1,1,0,6,6,0,4,7,3,1,1,0,0,15,13,-4,5,1,3,0,3,1,1,1,1,6,1
KR_6698396777,420,-1,33,-10,2,3,4,1,-2,1,3,1,3,2,0,4,4,0,0,0,0,4,1,3,3,6,-2,0,0,1,0,-1,1,5,1
KR_6762268390,420,-1,4,-27,3,4,6,2,0,3,3,-1,3,4,2,8,6,-2,0,2,0,7,-41,-2,6,4,2,0,-1,1,-1,-1,-1,1,1
KR_6615660052,420,-1,11,-2,-5,-3,0,3,0,4,4,2,4,2,-2,1,3,-2,0,2,0,-5,5,2,4,6,4,0,0,1,0,0,-1,1,1
KR_6728147470,420,1,10,2,3,-3,0,3,2,5,3,0,1,1,2,3,1,2,2,0,-1,-3,-12,1,4,5,6,0,1,1,1,1,-1,4,1
KR_6694070486,420,5,122,3,3,2,5,3,1,6,5,-1,2,3,2,7,5,-1,2,3,0,1,23,3,6,9,11,0,2,1,1,1,1,4,1
KR_6764882801,420,3,1,24,7,-4,0,4,4,4,0,6,7,1,2,4,2,-1,0,1,-1,4,261,-1,4,3,6,0,1,1,1,1,-1,6,1
KR_6743900874,420,3,21,11,0,0,1,1,1,4,3,1,2,1,-1,2,3,-1,1,2,0,0,8,2,6,8,-2,0,0,1,1,0,1,5,1
KR_6621534960,420,-4,-20,-28,1,1,1,0,3,9,6,2,4,2,-3,0,3,-2,0,2,1,-1,-2,1,4,5,-1,0,0,1,1,1,1,2,1
KR_6759495882,420,-1,-48,5,0,-2,1,3,4,5,1,1,5,4,-2,3,5,-1,0,1,1,11,-5,-3,6,3,-2,0,-1,1,-1,-1,1,2,1
KR_6747627050,420,0,-9,-16,-1,1,2,1,-5,1,6,2,3,1,-1,5,6,2,2,0,0,6,-7,-5,6,1,4,0,-2,0,-1,-1,-1,0,1
KR_6604771180,420,1,20,20,4,-3,1,4,3,7,4,5,5,0,1,5,4,-2,2,4,0,12,-1,2,6,8,2,0,-1,1,1,-1,1,2,1
KR_6760989608,420,1,49,-29,1,-3,1,4,1,3,2,-3,4,7,3,6,3,3,4,1,0,8,5,1,6,7,6,0,1,-1,-1,1,-1,6,1
KR_6718484538,420,4,52,2,9,3,4,1,2,6,4,2,4,2,-1,0,1,3,4,1,-1,0,10,-3,6,3,2,0,0,1,1,1,-1,4,1
KR_6691765042,420,-2,17,-7,-4,-1,0,1,2,4,2,-1,1,2,-4,1,5,0,0,0,0,-3,-7,2,5,7,4,0,0,-1,1,0,1,4,1
KR_6701344913,420,4,25,-5,7,0,2,2,4,4,0,-1,2,3,2,2,0,2,2,0,0,13,4,0,4,4,0,0,1,1,1,1,-1,4,1
KR_6760430675,420,2,22,13,2,4,5,1,1,3,2,0,3,3,-2,2,4,-1,3,4,0,-9,8,3,4,7,0,0,3,1,1,1,-1,5,1
KR_6678215147,420,1,-35,36,1,1,3,2,-2,2,4,1,2,1,1,3,2,0,0,0,0,-1,0,-2,7,5,3,0,0,1,1,0,1,6,1
KR_6643613293,420,5,56,22,18,6,7,1,3,4,1,8,8,0,2,2,0,-1,0,1,1,26,-5,-1,4,3,2,0,1,1,1,1,1,1,1
KR_6677256219,420,-1,-50,-24,-7,-3,1,4,-1,4,5,-1,0,1,0,4,4,-2,0,2,0,-5,3,-2,6,4,-6,0,-1,1,0,-1,-1,2,1
KR_6760865028,420,3,-32,22,3,0,2,2,-2,2,4,-1,1,2,5,10,5,1,1,0,0,18,2,3,6,9,0,0,-1,-1,-1,-1,1,2,1
KR_6753628933,420,-1,-12,0,0,1,3,2,-1,3,4,-1,4,5,3,3,0,-2,1,3,0,4,-224,6,4,10,2,0,0,0,-1,1,1,0,1
KR_6748451134,420,2,41,-12,6,0,3,3,-1,0,1,0,4,4,7,8,1,0,0,0,2,15,-1,-3,6,3,-1,0,0,-1,-1,1,1,2,1
KR_6653495809,420,3,134,47,3,2,3,1,3,6,3,1,2,1,-3,0,3,0,0,0,0,-3,-7,0,2,2,6,0,2,-1,1,1,1,3,1
KR_6750959900,420,2,-3,0,4,2,3,1,2,3,1,0,2,2,0,4,4,0,0,0,0,2,5,-3,6,3,0,0,-1,1,-1,-1,1,5,1
KR_6604257784,420,-1,-31,15,-5,-1,0,1,3,6,3,-4,0,4,-1,1,2,-2,0,2,0,-13,-20,-4,10,6,-1,0,1,-1,1,1,1,1,1
KR_6755857566,420,4,4,54,13,1,2,1,6,8,2,-1,3,4,6,6,0,1,1,0,1,29,1,1,5,6,-5,0,0,1,1,1,1,4,1
KR_6679992369,420,-3,-9,-24,-4,-5,0,5,-1,5,6,0,2,2,3,6,3,-1,1,2,0,3,-6,-2,4,2,0,0,-1,-1,-1,-1,-1,6,1
KR_6706967988,420,2,57,-24,4,1,3,2,0,0,0,0,3,3,2,2,0,1,2,1,0,9,3,4,4,8,5,0,2,1,1,1,1,6,1
KR_6764039099,420,4,21,2,3,-1,0,1,2,5,3,0,2,2,0,3,3,2,2,0,0,2,1,1,5,6,-3,0,0,1,1,1,1,4,1
KR_6752930680,420,-2,-49,5,5,-4,0,4,4,4,0,2,4,2,5,8,3,-2,0,2,0,13,-6,3,2,5,1,0,0,1,1,0,-1,3,1
KR_6617026997,420,2,62,36,11,2,4,2,1,5,4,5,7,2,0,3,3,3,3,0,2,8,2,2,3,5,0,0,2,1,1,1,1,5,1
KR_6706374468,420,-2,15,-8,-1,3,3,0,-3,0,3,2,3,1,1,4,3,-4,0,4,0,-7,7,4,6,10,-1,0,-1,1,1,-1,-1,2,1
KR_6763825927,420,2,38,-13,4,1,2,1,-4,0,4,5,6,1,1,4,3,1,1,0,0,10,42,3,4,7,-21,0,1,1,-1,1,-1,4,1
KR_6751292567,420,4,27,4,9,3,3,0,-1,1,2,4,7,3,3,5,2,0,1,1,0,7,-18,-2,3,1,1,0,2,1,1,1,-1,4,1
KR_6735873178,440,-3,-18,-31,3,0,3,3,4,5,1,-2,0,2,-2,3,5,3,6,3,0,1,-17,-1,6,5,-6,0,0,0,1,0,1,0,1
KR_6744204187,420,4,5,32,5,-1,1,2,2,5,3,2,3,1,1,4,3,1,1,0,0,2,5,1,6,7,1,0,0,1,1,0,-1,4,1
KR_6729006551,420,5,37,52,3,-1,1,2,0,1,1,3,6,3,0,4,4,1,1,0,0,0,11,4,2,6,2,0,0,1,1,0,-1,3,1
KR_6752796713,420,-1,45,-35,5,2,3,1,2,5,3,0,1,1,1,3,2,0,0,0,-1,11,-149,-2,5,3,3,0,0,-1,-1,-1,-1,3,1
KR_6765628625,420,5,14,22,5,0,1,1,-3,1,4,5,7,2,2,5,3,1,1,0,1,9,4,-2,7,5,4,0,0,-1,1,0,1,6,1
KR_6740315661,420,2,16,16,9,0,3,3,1,1,0,1,2,1,6,6,0,1,1,0,0,11,-151,1,5,6,1,0,1,1,1,1,1,3,1
KR_6659766548,420,0,-11,4,2,2,2,0,-1,3,4,3,5,2,-3,1,4,1,1,0,0,-5,20,2,4,6,-2,0,0,1,1,0,-1,5,1
KR_6644926622,420,0,12,-8,3,-2,0,2,9,9,0,-4,1,5,-2,4,6,2,5,3,2,-11,44,-3,4,1,-24,0,2,1,1,1,1,3,1
KR_6667816307,420,2,24,0,4,-2,1,3,1,5,4,-1,3,4,2,3,1,4,5,1,0,6,13,6,1,7,-3,0,0,1,0,1,-1,5,1
KR_6735121227,420,1,18,21,-9,1,3,2,0,3,3,-5,1,6,-4,1,5,-1,0,1,1,-9,-10,-3,5,2,4,0,0,1,-1,-1,1,3,1
KR_6688417256,420,0,-77,-17,-7,0,2,2,-2,1,3,-2,3,5,-4,1,5,1,1,0,0,-11,-3,-3,8,5,-8,0,-1,-1,-1,-1,-1,5,1
KR_6763451823,420,2,44,12,7,-2,2,4,1,2,1,2,3,1,6,7,1,0,0,0,0,9,7,4,4,8,-2,0,2,-1,1,1,1,1,1
KR_6764404105,420,4,21,16,11,1,4,3,3,4,1,7,7,0,0,4,4,0,0,0,2,19,-1,2,4,6,-1,0,3,1,1,1,1,5,1
KR_6621415749,420,-2,-19,-11,-1,1,2,1,0,1,1,-2,0,2,0,1,1,0,0,0,0,-7,-10,1,5,6,1,0,0,1,1,0,1,6,1
KR_6536915785,420,0,60,12,-2,-2,1,3,0,2,2,-1,1,2,1,1,0,0,0,0,0,-5,11,-4,8,4,-1,0,0,1,-1,1,1,6,1
KR_6752774872,420,2,59,6,6,-2,0,2,-2,2,4,1,5,4,8,8,0,1,1,0,0,-1,0,-4,7,3,3,0,1,-1,-1,1,1,1,1
KR_6723821622,420,1,-10,20,3,-2,1,3,3,3,0,0,2,2,3,4,1,-1,0,1,0,4,-3,-4,6,2,5,0,1,1,-1,1,-1,5,1
KR_6764206211,420,3,70,-16,6,1,1,0,0,0,0,3,5,2,1,1,0,1,1,0,0,6,38,2,5,7,3,0,2,-1,1,1,1,1,1
KR_6691688402,420,-2,-39,4,-4,0,2,2,-5,2,7,2,5,3,0,3,3,-1,1,2,0,-5,2,-4,8,4,7,0,1,0,0,1,1,0,1
KR_6761668431,420,2,-41,-3,5,-1,2,3,1,3,2,3,5,2,2,5,3,0,0,0,-1,10,9,4,3,7,-5,0,1,-1,1,1,-1,1,1
KR_6721960912,420,3,58,0,12,2,2,0,0,3,3,4,4,0,6,6,0,0,1,1,0,9,134,0,5,5,4,0,0,-1,1,0,1,1,1
KR_6761993909,440,4,-19,18,6,2,2,0,2,2,0,6,6,0,-3,0,3,-1,0,1,0,10,176,-1,8,7,0,0,0,-1,1,1,1,3,1
KR_6743213247,420,4,-53,24,8,1,3,2,7,7,0,-1,4,5,1,1,0,0,0,0,0,13,-2,-1,6,5,1,0,0,1,1,1,1,4,1
KR_6588655131,420,0,35,2,-2,1,3,2,1,3,2,-3,0,3,0,3,3,-1,2,3,0,4,-1,8,2,10,0,0,-1,1,-1,-1,1,6,1
KR_6762254043,420,-1,-31,-8,-2,0,4,4,-1,0,1,-2,2,4,1,3,2,0,1,1,1,-5,-1,1,4,5,0,0,1,-1,1,1,1,2,1
KR_6685467732,420,1,36,12,2,-3,0,3,2,6,4,2,2,0,1,1,0,0,0,0,0,6,-54,4,4,8,3,0,0,1,-1,0,-1,6,1
KR_6630332779,420,0,69,-28,-1,-3,0,3,2,3,1,3,3,0,-2,0,2,-1,0,1,0,-1,37,-3,10,7,2,0,1,1,1,1,-1,5,1
KR_6758400232,420,2,5,35,3,-2,0,2,1,2,1,0,0,0,3,3,0,1,1,0,-1,1,5,1,5,6,6,0,2,1,1,1,-1,1,1
KR_6646581696,420,5,68,24,18,-1,1,2,0,2,2,7,7,0,9,11,2,3,3,0,3,16,8,1,7,8,0,0,3,1,1,1,1,2,1
KR_6629745760,420,1,-3,27,-1,3,3,0,1,3,2,-3,2,5,-3,0,3,1,1,0,0,1,12,-3,9,6,-2,0,0,1,1,1,-1,1,1
KR_6742384757,420,-1,-44,-11,5,-5,1,6,8,9,1,-1,2,3,1,3,2,2,3,1,-1,8,36,-3,8,5,4,0,0,0,-1,-1,-1,0,1
KR_6634594669,420,0,7,32,-3,1,1,0,0,3,3,-8,2,10,3,5,2,1,1,0,0,-5,-7,-1,3,2,4,0,-1,1,-1,-1,-1,6,1
KR_6409860360,440,0,-15,-8,2,4,4,0,0,3,3,-1,2,3,-3,0,3,2,2,0,0,5,4,0,3,3,2,0,1,-1,1,1,1,4,1
KR_6764483316,420,2,6,-4,10,0,2,2,3,3,0,0,2,2,6,6,0,1,3,2,0,8,153,-4,8,4,9,0,2,1,1,1,1,1,1
KR_6657642430,420,3,3,4,11,1,1,0,3,4,1,8,9,1,0,1,1,-1,2,3,0,5,-1,3,5,8,3,0,1,1,1,1,1,4,1
KR_6762857875,420,2,22,-36,7,1,2,1,1,3,2,8,9,1,-1,1,2,-2,1,3,0,8,-1,1,4,5,4,0,1,0,1,1,-1,0,1
KR_6754534231,420,-1,44,21,-7,1,2,1,0,3,3,-1,2,3,-5,0,5,-2,0,2,0,-4,13,-7,12,5,2,0,0,-1,1,0,-1,2,1
KR_6602240018,420,3,45,-10,6,1,2,1,2,5,3,1,3,2,3,6,3,-1,0,1,0,3,14,-3,5,2,4,0,0,1,1,0,1,3,1
KR_6758792780,420,3,56,-37,6,6,7,1,-3,2,5,0,3,3,3,5,2,0,0,0,0,5,-7,-3,5,2,4,0,0,0,-1,-1,1,0,1
KR_6706452087,420,0,46,8,0,-1,0,1,4,5,1,3,4,1,-3,3,6,-3,0,3,0,6,1,11,2,13,-8,0,1,1,1,1,-1,3,1
KR_6734386241,420,1,18,-5,9,-1,3,4,7,9,2,2,5,3,-1,2,3,2,4,2,0,11,155,1,6,7,5,0,2,-1,1,1,1,5,1
KR_6615562968,420,-1,-67,17,6,-1,3,4,2,2,0,-2,2,4,8,9,1,-1,1,2,0,13,-269,-2,7,5,5,0,1,1,1,1,1,4,1
KR_6740235515,420,5,44,-20,9,2,2,0,-1,1,2,2,8,6,3,10,7,3,3,0,1,14,171,1,3,4,1,0,5,1,1,1,1,6,1
KR_6717432626,420,2,64,-12,4,-1,2,3,-1,3,4,7,8,1,3,6,3,-4,0,4,-1,2,1,3,3,6,-1,0,1,1,1,1,-1,4,1
KR_6759308076,420,4,0,60,6,-1,1,2,1,1,0,3,5,2,1,2,1,2,2,0,1,2,39,3,2,5,-6,0,1,1,1,1,1,3,1
KR_6764673684,420,-2,-64,24,-6,-2,2,4,-5,1,6,-4,1,5,3,4,1,2,3,1,0,-6,14,6,2,8,-7,0,0,1,-1,-1,-1,4,1
KR_6699885549,420,3,28,-31,11,0,1,1,0,4,4,7,8,1,0,4,4,4,4,0,0,2,11,1,5,6,0,0,1,1,1,1,-1,1,1
KR_6759738773,420,-1,-75,-16,-4,1,1,0,-3,1,4,-2,2,4,1,2,1,-1,0,1,0,-2,16,4,2,6,-5,0,0,-1,-1,-1,-1,4,1
KR_6763197085,420,-1,-14,36,1,-1,1,2,3,4,1,-1,1,2,-1,1,2,1,1,0,0,0,-405,4,3,7,25,0,-1,0,1,-1,1,0,1
KR_6756337475,420,-2,25,-16,1,0,0,0,-1,2,3,-2,2,4,2,3,1,2,2,0,1,-2,-26,1,2,3,-3,0,0,1,1,0,1,1,1
KR_6735708906,420,2,66,-24,14,8,8,0,-2,2,4,1,2,1,6,6,0,1,1,0,0,17,0,-2,9,7,-1,0,2,-1,1,1,1,5,1
KR_6739620115,420,-1,-24,-21,-7,1,3,2,2,5,3,-3,0,3,-7,0,7,0,1,1,0,-16,358,0,6,6,0,0,0,1,1,1,1,4,1
KR_6763336991,420,1,-6,-10,7,1,2,1,-1,2,3,0,1,1,2,4,2,5,7,2,0,2,8,-4,8,4,4,0,0,-1,1,0,1,5,1
KR_6762047743,420,2,12,1,3,2,3,1,-2,1,3,1,2,1,0,3,3,2,2,0,0,2,41,0,6,6,-5,0,0,-1,-1,0,-1,2,1
KR_6708045222,420,3,27,16,6,1,1,0,2,3,1,0,3,3,4,4,0,-1,0,1,0,6,5,-1,8,7,4,0,1,1,1,1,-1,2,1
KR_6761294446,420,1,2,-16,3,1,3,2,-2,2,4,2,4,2,0,1,1,2,2,0,0,-1,-2,-2,6,4,4,0,1,1,-1,1,1,2,1
KR_6753745314,420,6,69,28,11,5,7,2,-1,1,2,2,3,1,2,4,2,3,3,0,0,9,10,0,3,3,2,0,2,1,1,1,-1,6,1
KR_6743549954,420,1,-2,22,0,3,4,1,-2,2,4,0,3,3,0,2,2,-1,1,2,0,3,4,0,7,7,-4,0,0,1,1,0,1,5,1
KR_6763245904,420,-2,-66,1,-4,0,2,2,-1,2,3,-2,1,3,-2,4,6,1,2,1,0,2,186,4,5,9,-2,0,0,-1,-1,-1,-1,1,1
KR_6754443701,420,5,41,-37,11,4,6,2,0,2,2,1,3,2,8,9,1,-2,3,5,0,3,0,1,5,6,-5,0,1,-1,-1,1,1,1,1
KR_6764308447,420,3,81,2,4,3,3,0,-3,3,6,4,5,1,1,3,2,-1,1,2,2,5,2,2,3,5,6,0,1,-1,1,1,1,4,1
KR_6675175321,420,7,55,26,10,4,5,1,6,7,1,2,2,0,-3,3,6,1,1,0,0,9,32,0,6,6,-12,0,2,-1,-1,1,1,2,1
KR_6751994156,420,2,-13,5,1,-2,2,4,2,4,2,0,4,4,1,3,2,0,2,2,-1,6,27,-3,8,5,2,0,0,-1,-1,-1,-1,5,1
KR_6746761474,420,4,94,14,6,2,3,1,-5,3,8,0,1,1,7,8,1,2,5,3,0,4,-22,0,3,3,-2,0,1,0,-1,1,1,0,1
KR_6647478058,420,5,32,-7,6,2,4,2,2,4,2,0,2,2,0,2,2,2,2,0,0,8,4,7,2,9,2,0,1,1,1,1,1,4,1
KR_6632204614,420,2,43,1,6,2,2,0,4,4,0,-3,1,4,3,5,2,0,0,0,1,8,-192,5,4,9,-2,0,1,1,1,1,1,6,1
KR_6610303620,420,1,-9,-31,0,-1,2,3,1,2,1,6,7,1,-5,0,5,-1,0,1,0,0,16,3,5,8,-4,0,-1,-1,1,-1,-1,2,1
KR_6751923920,420,-4,-13,-25,-4,2,6,4,0,2,2,-2,1,3,-1,2,3,-3,0,3,0,-4,-10,-1,4,3,0,0,0,1,0,-1,1,5,1
KR_6718214825,420,2,18,-10,10,-1,0,1,5,10,5,1,4,3,2,3,1,3,3,0,0,6,71,5,3,8,-1,0,1,1,-1,1,1,3,1
KR_6491197495,420,3,40,-18,6,2,2,0,0,3,3,1,1,0,2,5,3,1,1,0,0,7,6,4,7,11,-4,0,1,1,-1,1,-1,6,1
KR_6706444729,420,0,0,36,0,-1,3,4,-3,3,6,3,6,3,2,3,1,-1,1,2,-1,-2,-5,-3,7,4,3,0,1,1,1,1,-1,6,1
KR_6761766813,420,3,41,34,6,1,1,0,3,4,1,-2,1,3,3,4,1,1,3,2,0,5,11,-2,7,5,-5,0,-1,1,-1,-1,1,6,1
KR_6741142208,420,5,111,30,10,5,5,0,2,5,3,3,3,0,-1,1,2,1,2,1,0,5,-49,1,6,7,1,0,2,1,1,1,1,6,1
KR_6733761036,440,2,89,28,4,1,1,0,1,2,1,2,6,4,1,2,1,-1,0,1,0,1,6,-1,3,2,2,0,1,1,1,1,-1,5,1
KR_6743028216,420,3,59,-20,8,3,3,0,-1,4,5,1,5,4,1,3,2,4,4,0,0,3,-20,-3,9,6,4,0,0,-1,-1,-1,-1,5,1
KR_6687140319,420,2,12,40,4,4,6,2,3,5,2,-3,2,5,0,1,1,0,0,0,1,-2,-3,1,4,5,2,0,0,1,-1,0,1,6,1
KR_6747526429,420,3,38,19,5,0,1,1,2,3,1,1,1,0,0,0,0,2,3,1,0,1,6,-1,5,4,0,0,1,1,1,1,-1,2,1
KR_6758634538,420,2,43,-20,11,8,9,1,0,2,2,0,4,4,2,2,0,1,1,0,0,0,6,-1,4,3,-3,0,0,-1,1,1,1,6,1
KR_6763834900,420,2,31,23,4,4,4,0,0,3,3,1,3,2,1,5,4,-2,0,2,1,13,25,1,4,5,1,0,0,1,1,1,1,3,1
KR_6727866331,440,1,49,3,2,0,4,4,1,1,0,4,5,1,-1,2,3,-2,2,4,0,-4,-14,0,5,5,2,0,0,1,-1,1,-1,1,1
KR_6755847679,420,-3,-20,-22,-5,3,3,0,-4,0,4,2,4,2,-3,1,4,-3,0,3,-1,-10,-1,-1,4,3,2,0,0,-1,-1,1,-1,3,1
KR_6760616524,420,3,35,22,9,0,2,2,2,3,1,4,5,1,2,5,3,1,1,0,0,17,2,5,3,8,2,0,0,1,-1,0,1,6,1
KR_6765504434,420,0,29,16,-6,-1,1,2,0,5,5,-4,0,4,0,1,1,-1,0,1,0,-12,-7,-2,7,5,0,0,0,1,-1,0,-1,2,1
KR_6645333122,420,-2,-56,12,6,3,4,1,1,2,1,1,3,2,1,4,3,0,1,1,-1,3,-6,-3,10,7,0,0,1,1,1,1,-1,3,1
KR_6634962294,420,2,-15,-5,5,2,2,0,0,2,2,0,2,2,0,1,1,3,3,0,0,3,-9,-2,4,2,1,0,2,1,1,1,-1,6,1
KR_6757946580,420,0,-48,-32,2,2,3,1,-2,3,5,1,2,1,1,4,3,0,1,1,0,2,2,6,2,8,-3,0,0,1,-1,0,1,5,1
KR_6762117435,420,-1,5,-7,-12,-3,1,4,-2,1,3,-6,0,6,2,4,2,-3,0,3,-1,-8,-8,-1,5,4,-2,0,0,-1,-1,0,-1,6,1
KR_6721118646,440,1,-20,8,5,1,4,3,0,0,0,0,1,1,3,5,2,1,3,2,0,8,38,-2,6,4,1,0,1,0,1,1,-1,0,1
KR_6683101902,420,0,-47,-1,0,0,1,1,1,4,3,-3,2,5,0,2,2,2,2,0,0,1,60,1,4,5,-1,0,0,-1,1,0,1,6,1
KR_6387965383,440,0,-3,28,2,2,4,2,-2,1,3,3,3,0,-2,0,2,1,3,2,0,-5,14,-1,6,5,0,0,1,-1,1,1,1,2,1
KR_6645661457,420,-2,-13,3,-1,1,3,2,1,3,2,-2,6,8,-1,0,1,0,0,0,0,-3,46,-2,8,6,-15,0,0,-1,-1,1,-1,5,1
KR_6763908104,420,1,18,0,3,-2,2,4,4,8,4,0,1,1,0,2,2,1,2,1,0,9,-4,-1,6,5,0,0,2,1,1,1,1,4,1
KR_6735899787,420,0,-37,5,-1,-1,2,3,4,5,1,-1,3,4,-1,1,2,-2,0,2,0,1,-300,3,5,8,-3,0,1,1,1,1,1,3,1
KR_6493891083,420,9,152,19,15,3,4,1,2,4,2,2,2,0,4,5,1,4,6,2,0,12,4,-1,5,4,2,0,3,1,-1,1,1,6,1
KR_6217666494,420,4,134,12,10,-1,2,3,5,6,1,3,3,0,1,3,2,2,3,1,0,10,4,3,3,6,-3,0,1,-1,0,1,1,3,1
KR_6679904891,420,0,54,-20,1,-4,1,5,3,5,2,4,4,0,-1,1,2,-1,1,2,0,-2,10,-2,3,1,1,0,0,1,-1,1,1,2,1
KR_6758961792,420,0,43,-4,-3,1,2,1,-2,1,3,-3,3,6,-1,0,1,2,2,0,0,-12,-8,0,6,6,-3,0,1,1,1,1,-1,6,1
KR_6677698543,420,3,-5,4,5,-2,1,3,0,0,0,4,7,3,2,4,2,1,2,1,0,12,-15,6,3,9,-3,0,0,1,-1,-1,1,1,1
KR_6764516058,440,1,-44,5,-1,0,1,1,1,4,3,0,2,2,0,4,4,-2,1,3,-1,-3,-8,-1,6,5,5,0,-2,1,-1,-1,-1,4,1
KR_6717593077,420,-1,16,-7,1,-2,2,4,3,5,2,0,2,2,1,2,1,-1,1,2,0,-5,5,-1,9,8,-1,0,0,-1,1,0,-1,2,1
KR_6756114007,420,1,15,-3,-1,-2,2,4,1,4,3,-2,2,4,0,2,2,2,2,0,-1,0,7,1,4,5,5,0,1,1,1,1,1,5,1
KR_6760317170,420,5,29,12,10,1,1,0,3,5,2,3,4,1,3,3,0,0,0,0,0,7,24,-3,6,3,-1,0,1,1,1,1,1,5,1
KR_6756032255,420,2,-11,29,2,0,1,1,5,6,1,1,2,1,-4,1,5,0,2,2,0,5,10,3,5,8,4,0,0,0,1,1,1,0,1
KR_6764385278,420,1,31,-12,3,0,1,1,0,2,2,0,2,2,3,6,3,0,0,0,0,10,-62,2,6,8,2,0,0,1,1,0,1,1,1
KR_6760941586,420,2,61,67,-7,1,4,3,0,2,2,-1,3,4,-5,1,6,-2,0,2,0,-12,-5,2,3,5,-1,0,1,1,1,1,1,1,1
KR_6744183062,420,4,51,0,19,0,2,2,-1,7,8,10,10,0,8,9,1,2,2,0,2,24,13,2,6,8,2,0,2,1,0,1,1,5,1
KR_6716234330,420,3,52,16,6,-3,1,4,4,8,4,2,3,1,3,4,1,0,2,2,0,12,6,3,2,5,1,0,-1,1,-1,-1,1,4,1
KR_6668499350,420,1,-26,-8,-1,0,1,1,3,4,1,-1,4,5,-3,1,4,0,0,0,0,-4,-43,2,6,8,-3,0,-1,1,1,-1,-1,6,1
KR_6697997780,420,0,-12,-5,0,2,2,0,3,3,0,0,0,0,-5,0,5,0,1,1,0,-4,7,5,4,9,-3,0,1,-1,1,1,1,1,1
KR_6737642665,420,3,-54,14,13,0,2,2,6,7,1,2,2,0,2,3,1,3,4,1,0,12,8,2,4,6,0,0,0,1,-1,1,1,2,1
KR_6763088788,420,0,-18,-7,7,2,3,1,3,3,0,3,4,1,0,6,6,-1,1,2,0,4,-2,0,3,3,0,0,0,1,1,-1,-1,6,1
KR_6755445435,420,4,36,16,3,2,5,3,0,3,3,1,2,1,0,3,3,0,1,1,0,3,323,0,4,4,-7,0,-1,1,-1,-1,1,5,1
KR_6721303525,440,1,15,-10,-2,-1,1,2,1,1,0,-1,4,5,-2,4,6,1,1,0,0,-6,1,1,5,6,1,0,-1,1,-1,-1,1,2,1
KR_6652139940,420,2,-4,36,3,-1,1,2,0,2,2,3,4,1,3,3,0,-2,0,2,0,6,-10,0,5,5,2,0,0,-1,-1,0,-1,4,1
KR_6749369399,420,2,81,7,2,1,2,1,2,2,0,2,3,1,-3,1,4,0,0,0,0,-9,-12,-1,8,7,6,0,0,-1,1,0,1,6,1
KR_6747776344,440,3,108,1,9,6,6,0,4,4,0,3,6,3,-5,1,6,1,3,2,0,8,-4,-3,4,1,3,0,0,1,-1,1,1,6,1
KR_6753704247,420,1,39,18,0,3,3,0,-3,4,7,-2,0,2,0,2,2,2,2,0,0,8,3,1,2,3,-3,0,0,-1,1,1,-1,6,1
KR_5746489420,420,3,5,27,5,-1,1,2,2,6,4,1,1,0,2,3,1,1,1,0,0,5,30,5,7,12,1,0,0,1,1,-1,1,3,1
KR_6729328688,420,2,38,46,1,5,5,0,1,3,2,-2,1,3,-2,2,4,-1,2,3,-1,-1,-17,2,5,7,-4,0,2,-1,1,1,-1,1,1
KR_6685383355,420,-1,-28,21,6,-1,3,4,1,3,2,2,4,2,3,3,0,1,2,1,-1,7,9,-1,7,6,3,0,1,1,-1,1,-1,2,1
KR_6666604737,420,-1,-12,-6,-3,-2,0,2,-2,3,5,1,2,1,1,3,2,-1,2,3,0,4,-114,3,6,9,-6,0,-1,-1,1,-1,-1,3,1
KR_6755788304,420,2,-21,-33,8,4,4,0,3,4,1,1,2,1,1,5,4,-1,0,1,-1,8,33,2,4,6,-1,0,2,1,1,1,-1,4,1
KR_6735211984,420,3,-28,-28,13,4,4,0,6,9,3,1,1,0,0,2,2,2,3,1,0,9,16,5,3,8,-2,0,0,-1,1,1,1,4,1
KR_6755263241,420,3,62,-12,4,1,2,1,5,5,0,2,2,0,-5,3,8,1,2,1,0,-1,-2,-1,4,3,3,0,2,-1,1,1,-1,1,1
KR_6763789322,420,0,20,8,-4,-4,0,4,0,0,0,-2,2,4,2,3,1,0,0,0,0,3,86,4,2,6,-4,0,0,1,-1,0,1,4,1
KR_6729828882,420,4,22,21,6,1,2,1,5,5,0,-1,2,3,3,4,1,-2,0,2,-1,9,19,2,5,7,-3,0,0,-1,1,0,-1,6,1
KR_6553630786,420,7,45,43,16,4,4,0,5,6,1,4,6,2,2,3,1,1,1,0,0,12,9,-1,7,6,0,0,3,1,1,1,1,5,1
KR_6722009470,420,4,34,-13,9,2,2,0,2,3,1,2,3,1,3,6,3,0,0,0,0,8,-50,-3,8,5,27,0,1,-1,1,1,1,4,1
KR_6743521585,420,-1,74,-4,1,-2,0,2,2,4,2,-2,0,2,3,5,2,0,3,3,0,3,-9,-4,5,1,3,0,1,1,-1,1,-1,2,1
KR_6763399600,440,3,19,20,-3,2,3,1,-4,5,9,4,4,0,-2,2,4,-3,0,3,0,-10,-142,9,5,14,-11,0,0,1,-1,0,-1,3,1
KR_6681111832,420,3,3,24,5,-2,0,2,3,5,2,5,5,0,-2,5,7,1,2,1,0,0,-13,3,8,11,-1,0,0,1,1,0,-1,4,1
KR_6617180171,420,-1,45,12,-1,0,2,2,-3,0,3,6,8,2,-3,1,4,-1,2,3,0,6,-12,-6,7,1,5,0,0,1,1,0,1,5,1
KR_6760853155,420,-3,-64,-17,1,2,2,0,-7,0,7,1,2,1,4,5,1,1,1,0,0,4,3,2,4,6,0,0,0,-1,1,0,1,1,1
KR_6744204485,420,3,59,33,5,1,1,0,-6,1,7,0,0,0,9,9,0,1,1,0,0,3,249,-5,7,2,9,0,0,1,1,0,-1,2,1
KR_6764349189,420,2,-2,11,9,3,3,0,2,4,2,3,4,1,1,5,4,0,0,0,0,11,-7,-3,9,6,5,0,-2,1,-1,-1,1,6,1
KR_6765270929,420,0,23,12,5,1,1,0,-1,2,3,2,2,0,4,6,2,-1,1,2,0,-3,-8,0,5,5,0,0,0,1,-1,0,1,4,1
KR_6764313319,420,1,-37,-16,3,-2,0,2,7,8,1,2,4,2,-2,1,3,-2,0,2,-1,0,14,-3,6,3,0,0,-1,0,0,-1,-1,0,1
KR_6751481222,420,4,97,12,10,0,0,0,2,5,3,-1,4,5,9,9,0,0,0,0,0,18,4,6,4,10,-4,0,1,-1,0,1,1,2,1
KR_6761352356,420,-2,16,4,-4,-3,0,3,-2,1,3,2,4,2,-2,1,3,1,2,1,1,-8,1,-2,5,3,-3,0,0,-1,1,0,1,5,1
KR_6760387255,420,2,105,8,10,8,8,0,-4,3,7,0,2,2,5,5,0,1,1,0,0,2,0,1,3,4,-1,0,3,1,1,1,1,5,1
KR_6731216001,440,1,58,-32,2,-2,2,4,1,3,2,0,1,1,1,4,3,2,2,0,0,3,-7,-3,8,5,8,0,-1,-1,1,-1,1,5,1
KR_6757071025,420,-1,49,-3,-1,3,3,0,-3,1,4,-1,0,1,-3,0,3,3,3,0,0,-5,6,-4,6,2,3,0,2,1,1,1,-1,3,1
KR_6463494386,420,3,91,-5,-5,-2,0,2,-4,1,5,-2,1,3,4,8,4,-1,1,2,-1,-7,218,-1,6,5,5,0,2,-1,-1,1,-1,6,1
KR_6760825930,420,1,59,4,9,7,10,3,0,5,5,-1,2,3,1,2,1,2,2,0,0,3,-7,-2,4,2,4,0,1,1,1,1,1,5,1
KR_6760063512,420,2,46,-16,8,4,5,1,1,2,1,5,6,1,-2,1,3,0,2,2,0,8,2,3,4,7,1,0,0,-1,1,-1,1,2,1
KR_6748121526,440,8,31,22,14,4,4,0,5,6,1,9,9,0,-4,2,6,0,1,1,0,12,-13,-1,5,4,8,0,2,1,1,1,1,5,1
KR_6746612089,420,3,81,13,2,0,2,2,-1,1,2,0,1,1,-1,2,3,4,4,0,0,3,9,9,4,13,-2,0,2,0,-1,1,-1,0,1
KR_6684328590,420,2,38,-16,8,3,5,2,0,4,4,1,3,2,2,3,1,2,3,1,0,9,0,1,4,5,3,0,2,1,1,1,-1,4,1
KR_5568172081,420,0,9,8,0,0,0,0,7,7,0,-1,1,2,-2,1,3,-4,1,5,0,0,17,4,3,7,0,0,-1,-1,-1,-1,1,2,1
KR_6694803698,420,6,43,8,9,6,6,0,-1,1,2,2,4,2,1,4,3,1,1,0,0,-1,-20,-2,5,3,8,0,2,1,-1,1,1,6,1
KR_6744707169,420,3,12,4,7,3,3,0,1,5,4,2,5,3,-4,1,5,5,5,0,0,5,5,2,3,5,2,0,1,1,-1,1,-1,5,1
KR_6683697540,420,0,-9,12,-1,-1,1,2,-2,2,4,-2,1,3,2,3,1,2,3,1,0,1,230,-1,2,1,30,0,0,1,-1,-1,1,4,1
KR_6758664886,420,1,11,1,-1,-1,3,4,-3,0,3,-2,1,3,3,7,4,2,3,1,0,-5,55,-7,8,1,-18,0,1,-1,-1,-1,1,6,1
KR_6750452566,420,2,43,2,8,0,2,2,3,7,4,2,4,2,3,4,1,0,1,1,1,9,-24,-6,10,4,-2,0,0,1,1,0,1,2,1
KR_6728069577,420,4,41,-4,6,6,6,0,-5,3,8,-1,2,3,3,5,2,3,3,0,0,1,143,-4,7,3,-11,0,2,1,1,1,1,4,1
KR_6758346340,420,-1,-7,-3,-3,0,2,2,-1,2,3,2,2,0,-3,2,5,-1,0,1,0,-7,-220,-6,8,2,-4,0,0,-1,0,-1,-1,1,1
KR_6755229188,420,1,5,4,-1,3,3,0,-1,3,4,0,2,2,-4,1,5,1,1,0,0,-3,2,-1,5,4,-4,0,0,-1,1,0,-1,2,1
KR_6731624798,420,8,112,88,16,3,4,1,0,2,2,-1,2,3,8,9,1,6,9,3,2,22,0,-2,8,6,3,0,5,1,1,1,-1,6,1
KR_6675462682,420,3,34,27,3,3,3,0,2,4,2,0,4,4,-1,3,4,-1,0,1,1,-6,8,1,6,7,-8,0,0,1,1,0,1,2,1
KR_6744154042,420,4,17,12,10,0,1,1,4,5,1,8,8,0,1,4,3,-3,0,3,0,7,-20,1,5,6,0,0,2,-1,-1,1,1,3,1
KR_6689077633,420,-1,4,12,-3,-6,0,6,2,3,1,-1,1,2,3,3,0,-1,0,1,0,-2,-28,3,3,6,-4,0,0,1,1,1,-1,5,1
KR_6732807746,440,2,14,16,-5,-2,0,2,4,5,1,-4,3,7,-1,4,5,-2,0,2,1,-2,93,2,4,6,-3,0,1,1,0,1,-1,5,1
KR_6709364412,420,3,27,20,9,-2,1,3,0,4,4,5,5,0,4,4,0,2,3,1,0,13,58,0,5,5,0,0,1,1,-1,1,-1,3,1
KR_6758368888,420,-1,-27,12,11,0,3,3,-1,3,4,4,6,2,8,8,0,0,1,1,0,15,1,3,2,5,0,0,0,0,-1,-1,1,0,1
KR_6721105998,420,5,49,8,13,4,4,0,0,0,0,-1,0,1,4,4,0,6,6,0,0,16,12,7,2,9,-1,0,1,-1,0,1,1,5,1
KR_6746874825,420,1,120,17,2,5,9,4,-2,2,4,-1,0,1,-1,1,2,1,1,0,-1,-13,-22,0,5,5,3,0,1,1,1,1,-1,2,1
KR_6765565352,420,-1,-57,-8,-3,-1,0,1,-2,5,7,-2,2,4,2,4,2,0,1,1,-1,-1,-9,1,5,6,-2,0,-1,1,-1,-1,-1,5,1
KR_6756811797,440,1,0,-7,6,5,5,0,0,1,1,-3,1,4,4,6,2,0,1,1,0,9,0,3,5,8,-5,0,-1,-1,1,-1,1,4,1
KR_6751265540,420,6,70,23,4,-7,3,10,7,7,0,0,1,1,5,9,4,-1,1,2,0,-3,-10,0,4,4,-4,0,1,1,-1,1,1,6,1
KR_6759647392,440,2,83,-4,-1,0,2,2,2,3,1,-6,0,6,2,5,3,1,2,1,-2,-1,-3,2,3,5,3,0,0,-1,0,0,-1,1,1
KR_6739728330,440,2,96,-40,14,4,5,1,-4,1,5,1,3,2,9,9,0,4,4,0,0,16,-21,-1,3,2,-1,0,1,-1,-1,-1,1,6,1
KR_6754721825,420,1,-57,32,-1,3,3,0,-9,1,10,0,4,4,5,8,3,0,1,1,0,-2,-198,-2,4,2,-3,0,1,1,0,1,-1,1,1
KR_6751241508,440,2,50,-15,7,4,5,1,-1,1,2,8,10,2,-2,4,6,-2,1,3,0,5,10,2,2,4,6,0,2,1,-1,1,1,1,1
KR_6738996978,420,0,-24,-4,4,3,5,2,0,2,2,0,2,2,2,4,2,-1,0,1,0,5,44,1,6,7,-11,0,1,1,1,1,1,4,1
KR_6764707276,420,0,26,-20,5,2,2,0,-1,1,2,3,4,1,2,2,0,-1,0,1,0,2,8,3,2,5,-2,0,0,1,-1,1,1,1,1
KR_6759985115,420,3,48,-8,11,1,2,1,1,2,1,-2,5,7,5,6,1,6,6,0,0,11,14,5,2,7,-3,0,1,1,1,1,1,1,1
KR_6602428479,420,4,61,9,10,0,3,3,7,7,0,1,2,1,3,3,0,-1,0,1,1,9,23,3,4,7,0,0,2,1,1,1,1,2,1
KR_6669925767,420,1,-35,-31,4,-2,1,3,7,8,1,0,1,1,0,2,2,-1,2,3,0,9,20,4,1,5,2,0,-1,1,0,-1,1,2,1
KR_6698524617,420,3,66,-23,5,1,3,2,-4,1,5,1,1,0,8,9,1,-1,1,2,-2,4,5,4,2,6,2,0,3,1,1,1,1,2,1
KR_6759063141,420,4,-77,48,11,0,0,0,7,9,2,-1,2,3,3,5,2,2,2,0,0,9,-128,-2,9,7,1,0,-2,1,1,-1,1,6,1
KR_6729747503,420,0,88,-16,4,5,6,1,2,5,3,0,2,2,-1,1,2,-2,1,3,0,3,-36,3,3,6,1,0,3,-1,1,1,1,5,1
KR_6744961269,420,1,-6,8,7,2,2,0,-4,3,7,-2,4,6,4,4,0,7,7,0,1,2,-8,-3,8,5,1,0,-1,0,1,-1,1,0,1
KR_6764353375,440,4,-38,2,7,1,3,2,4,5,1,0,2,2,3,3,0,-1,0,1,0,5,1,-3,5,2,0,0,1,1,1,1,1,5,1
KR_6755781138,440,-1,-50,5,7,-5,1,6,5,6,1,0,1,1,3,5,2,4,5,1,0,10,-9,2,3,5,-2,0,1,1,1,-1,1,2,1
KR_6749657329,420,-1,10,13,-2,-2,0,2,2,4,2,-2,2,4,-2,5,7,2,5,3,0,-5,-15,-7,10,3,-3,0,1,1,-1,1,1,4,1
KR_6732536230,440,6,68,16,22,0,1,1,3,3,0,4,5,1,13,14,1,2,2,0,0,22,2,1,2,3,-1,0,1,1,1,1,1,4,1
KR_6668166726,420,4,67,12,4,-1,4,5,2,5,3,-1,1,2,4,6,2,0,0,0,0,2,10,4,2,6,2,0,-1,1,-1,1,1,3,1
KR_6761635229,420,-2,18,-9,1,-1,2,3,4,4,0,-1,5,6,-1,3,4,0,1,1,0,3,16,-3,5,2,-2,0,0,-1,-1,0,1,3,1
KR_6731555987,420,3,-16,16,13,1,2,1,3,3,0,2,7,5,6,7,1,1,3,2,0,16,-33,-2,10,8,6,0,4,-1,1,1,1,1,1
KR_6749861317,420,4,-8,12,5,-4,1,5,4,6,2,2,4,2,3,3,0,0,0,0,0,10,-103,0,5,5,3,0,2,1,1,1,1,3,1
KR_6761898664,440,4,88,24,13,4,4,0,3,4,1,-4,0,4,5,5,0,5,5,0,0,15,-11,-2,9,7,5,0,1,1,1,1,1,1,1
KR_6583210015,420,4,32,-27,12,4,4,0,6,6,0,-1,5,6,2,4,2,1,1,0,1,15,-18,5,1,6,-4,0,0,-1,1,-1,1,3,1
KR_6764820490,420,3,19,21,7,0,0,0,3,3,0,3,3,0,1,4,3,0,0,0,0,3,-17,0,6,6,2,0,1,-1,1,1,1,6,1
KR_6717520980,420,0,37,10,-2,2,2,0,0,0,0,-1,1,2,-4,1,5,1,1,0,0,-4,4,-2,9,7,1,0,1,1,-1,1,1,1,1
KR_6667837277,420,3,49,17,7,-2,1,3,1,2,1,2,3,1,4,5,1,2,2,0,1,8,-2,-3,5,2,4,0,1,1,0,1,1,3,1
KR_6751078575,440,6,28,-12,14,0,2,2,5,7,2,4,7,3,4,9,5,1,4,3,0,12,22,-1,5,4,2,0,1,0,1,1,1,0,1
KR_6682793562,420,5,23,21,4,4,4,0,3,8,5,0,2,2,0,2,2,-3,1,4,0,7,4,3,3,6,-1,0,1,1,1,1,1,6,1
KR_6748598222,420,1,57,4,-3,-4,0,4,-3,2,5,0,1,1,0,4,4,4,4,0,1,0,-24,3,3,6,6,0,1,1,-1,1,1,1,1
KR_6747765790,420,1,13,12,5,1,1,0,5,6,1,2,3,1,-6,1,7,3,3,0,0,6,23,-5,8,3,2,0,0,-1,-1,-1,1,1,1
KR_6645135231,420,1,5,-4,-2,-2,0,2,0,4,4,-3,2,5,1,3,2,2,2,0,0,-2,4,5,3,8,-1,0,0,-1,1,0,-1,4,1
KR_6764055160,420,3,79,19,12,1,2,1,5,8,3,4,6,2,4,6,2,-2,2,4,1,8,1,3,6,9,1,0,5,1,1,1,1,6,1
KR_6615919611,420,7,80,43,3,0,1,1,-1,1,2,4,5,1,1,1,0,-1,0,1,0,0,32,1,4,5,0,0,0,1,-1,1,-1,5,1
KR_6760761609,420,1,-56,24,1,0,1,1,4,6,2,1,2,1,-2,3,5,-2,0,2,0,-4,-50,-1,5,4,14,0,-1,1,1,-1,1,2,1
KR_6439815666,420,2,43,8,1,2,6,4,1,2,1,2,3,1,-5,0,5,1,2,1,1,4,-2,-3,8,5,1,0,1,-1,-1,1,1,4,1
KR_6762059424,420,2,9,27,4,-1,3,4,1,3,2,3,4,1,2,3,1,-1,0,1,1,4,22,6,2,8,-3,0,0,1,-1,1,1,3,1
KR_6491146552,420,3,60,-32,4,2,3,1,0,2,2,1,3,2,1,3,2,0,0,0,0,-1,-6,4,4,8,-1,0,0,-1,1,0,1,5,1
KR_6765184121,420,8,140,27,12,5,5,0,3,3,0,0,0,0,3,7,4,1,2,1,1,13,24,1,4,5,0,0,1,-1,1,1,1,6,1
KR_6762823908,420,2,84,8,3,1,3,2,-3,0,3,2,5,3,0,2,2,3,3,0,-1,-5,8,-1,6,5,3,0,0,-1,0,0,-1,2,1
KR_6740602623,420,-3,-20,21,-10,0,2,2,-5,1,6,1,1,0,-4,2,6,-2,2,4,0,-10,-5,-4,6,2,-2,0,-1,-1,-1,-1,-1,3,1
KR_6600664519,420,7,83,48,19,0,1,1,7,9,2,6,7,1,9,10,1,-3,2,5,0,15,9,8,1,9,-4,0,2,1,1,1,1,3,1
KR_6759564780,420,1,-35,-24,7,-4,1,5,2,4,2,1,3,2,6,6,0,2,2,0,1,8,-8,0,3,3,-1,0,-3,-1,-1,-1,1,1,1
KR_6759520245,420,3,54,12,1,0,1,1,6,7,1,-4,1,5,-1,1,2,0,0,0,0,-3,-3,0,8,8,2,0,1,1,1,1,-1,1,1
KR_6621348519,420,2,60,4,2,4,5,1,1,6,5,-2,1,3,-1,3,4,0,0,0,0,2,-320,1,5,6,1,0,0,-1,1,1,-1,2,1
KR_6745905162,420,-1,39,15,6,4,5,1,-1,5,6,2,2,0,2,4,2,-1,1,2,3,16,3,-6,8,2,5,0,1,-1,1,1,1,1,1
KR_6743916167,440,0,-48,-18,2,1,3,2,2,3,1,6,7,1,-4,0,4,-3,0,3,1,-3,-8,-2,4,2,4,0,-1,1,1,-1,1,5,1
KR_6751409980,440,3,59,26,6,-3,1,4,2,7,5,1,3,2,4,4,0,2,3,1,0,3,3,-3,11,8,3,0,0,-1,1,1,-1,5,1
KR_6722357964,440,1,10,3,0,-1,1,2,2,5,3,1,1,0,-2,1,3,0,0,0,0,-5,-22,5,4,9,-9,0,1,-1,1,1,-1,2,1
KR_6761119969,420,-1,-26,-12,1,-2,0,2,-1,2,3,2,4,2,1,1,0,1,1,0,1,10,-149,1,6,7,6,0,-1,1,1,-1,1,3,1
KR_6757212035,420,3,23,-8,8,-1,2,3,5,6,1,2,3,1,2,5,3,0,0,0,0,8,0,1,3,4,-2,0,-1,-1,-1,-1,1,6,1
KR_6682410441,420,3,52,-4,10,5,5,0,1,1,0,2,4,2,0,2,2,2,4,2,1,6,6,8,0,8,7,0,2,1,1,1,1,6,1
KR_6602076252,420,4,76,24,9,0,2,2,0,2,2,2,5,3,5,5,0,2,2,0,0,11,21,6,6,12,-12,0,1,1,1,1,1,1,1
KR_6685325875,420,2,88,5,2,0,1,1,0,3,3,2,4,2,-2,1,3,2,2,0,0,0,10,-1,8,7,3,0,1,1,1,1,1,4,1
KR_6719631733,420,0,6,31,4,1,3,2,3,9,6,-4,1,5,4,6,2,0,0,0,0,7,-7,-1,5,4,-1,0,0,1,1,0,1,1,1
KR_6698682523,420,0,-6,0,5,5,5,0,1,5,4,4,4,0,-6,2,8,1,2,1,1,5,-9,-2,9,7,4,0,-1,-1,1,-1,1,3,1
KR_6659288607,420,-2,-58,17,-2,2,2,0,-1,3,4,-1,3,4,-2,1,3,0,1,1,0,-8,1,2,5,7,-2,0,-1,1,1,-1,1,3,1
KR_6604114503,420,2,75,-28,3,-1,0,1,0,5,5,5,5,0,-1,2,3,0,0,0,0,3,14,-3,8,5,0,0,1,1,-1,1,-1,4,1
KR_6744740260,420,2,27,-21,9,-2,0,2,3,5,2,2,2,0,5,5,0,1,1,0,0,17,20,1,4,5,4,0,0,1,1,1,1,6,1
KR_6737176173,420,2,30,8,0,-1,1,2,-5,0,5,4,4,0,-1,1,2,3,4,1,-1,-1,23,-2,6,4,5,0,1,1,1,1,-1,1,1
KR_6763571502,420,1,60,36,3,3,3,0,0,1,1,0,2,2,0,2,2,0,0,0,0,-2,1,-1,3,2,3,0,1,1,1,1,-1,4,1
KR_6742046727,420,0,33,-16,5,4,6,2,5,7,2,-1,3,4,-3,0,3,0,0,0,0,3,-26,-2,5,3,-1,0,3,1,1,1,1,3,1
KR_6745485308,420,-1,10,3,7,1,2,1,1,3,2,4,4,0,-2,4,6,3,4,1,0,3,146,1,3,4,4,0,1,1,1,1,1,6,1
KR_6667783887,420,3,3,51,12,1,3,2,6,9,3,-2,2,4,5,5,0,2,2,0,0,6,29,3,7,10,-4,0,1,1,1,1,-1,1,1
KR_6744843707,420,2,3,0,3,3,4,1,-2,3,5,4,7,3,-2,1,3,0,2,2,0,-2,-6,-3,7,4,1,0,-1,1,-1,-1,1,5,1
KR_6764909404,420,3,6,21,-1,-1,2,3,-1,1,2,5,8,3,-2,0,2,-2,0,2,0,5,-1,-4,8,4,1,0,0,-1,1,1,-1,1,1
KR_6751441125,420,-1,-8,11,-6,-3,0,3,4,7,3,3,4,1,-7,0,7,-3,0,3,0,3,16,-3,11,8,-8,0,-2,-1,-1,-1,-1,3,1
KR_6763692703,420,0,48,-28,3,4,4,0,3,6,3,-2,2,4,-3,0,3,1,1,0,1,7,-6,0,5,5,-3,0,1,1,1,1,1,3,1
KR_6763665545,420,2,57,38,2,0,0,0,-1,1,2,0,2,2,3,8,5,0,1,1,0,-4,2,1,7,8,-1,0,0,-1,1,1,1,3,1
KR_6634570969,420,0,-26,7,5,2,3,1,0,4,4,1,2,1,2,3,1,0,1,1,0,1,-64,-3,7,4,28,0,0,1,1,-1,1,5,1
KR_6758864688,420,5,80,-2,10,1,3,2,3,3,0,3,5,2,2,4,2,1,2,1,0,8,2,1,4,5,3,0,5,0,-1,1,1,0,1
KR_6754196364,420,1,26,5,6,-2,0,2,1,4,3,5,7,2,4,4,0,-2,0,2,0,3,5,1,3,4,4,0,0,1,-1,0,1,5,1
KR_6758601924,420,3,-4,8,11,2,4,2,2,4,2,1,3,2,4,5,1,2,3,1,0,12,10,8,1,9,0,0,3,0,1,1,-1,0,1
KR_6764235704,420,0,-26,-12,6,-1,1,2,3,4,1,-3,2,5,3,3,0,4,4,0,0,0,-2,-5,8,3,-1,0,1,1,-1,1,-1,1,1
KR_6743254358,440,2,32,-18,3,4,5,1,1,2,1,2,3,1,-2,1,3,-2,0,2,0,5,-14,1,5,6,3,0,-1,-1,1,-1,1,2,1
KR_6617774243,420,1,44,-23,4,1,2,1,-1,5,6,1,4,3,3,5,2,0,1,1,2,0,51,1,3,4,-2,0,2,-1,1,1,1,4,1
KR_6679649379,420,2,5,-6,7,-4,0,4,5,8,3,3,4,1,2,4,2,1,1,0,0,17,-2,1,3,4,2,0,0,1,1,0,1,4,1
KR_6755409727,420,1,-44,24,0,-1,0,1,-2,1,3,5,5,0,0,3,3,-2,0,2,0,-1,1,-1,4,3,0,0,0,1,1,-1,-1,6,1
KR_6761863216,420,5,-33,35,11,5,5,0,0,2,2,6,7,1,1,3,2,-1,1,2,0,10,27,4,3,7,0,0,2,1,1,1,1,4,1
KR_6413539774,420,0,-1,-12,5,3,3,0,6,7,1,0,2,2,-3,1,4,-1,0,1,0,4,7,2,8,10,-6,0,0,1,1,0,-1,3,1
KR_6740849283,420,0,47,-5,-3,-2,1,3,-3,2,5,1,5,4,1,3,2,0,0,0,0,4,-11,-6,10,4,6,0,-1,1,-1,-1,-1,5,1
KR_6763625349,420,0,52,-25,4,-2,1,3,4,4,0,-1,2,3,2,4,2,1,1,0,1,2,-1,3,2,5,0,0,1,1,1,1,1,4,1
KR_6740197591,420,2,3,-8,12,3,3,0,5,6,1,-3,0,3,3,4,1,4,6,2,1,14,-38,0,4,4,21,0,2,1,-1,1,1,5,1
KR_6669146905,420,4,32,12,0,5,5,0,1,4,3,-3,2,5,-3,0,3,0,0,0,0,-1,17,-5,7,2,0,0,0,1,-1,-1,-1,3,1
KR_6612550160,420,3,11,40,0,0,2,2,1,3,2,-1,2,3,0,0,0,0,0,0,0,11,0,-2,9,7,0,0,0,1,-1,0,1,5,1
KR_6761881666,420,-1,3,9,2,-4,1,5,-1,1,2,5,5,0,-1,3,4,3,6,3,0,8,-12,-7,9,2,4,0,-1,1,-1,-1,1,1,1
KR_6755322140,420,-1,17,32,0,0,1,1,-1,3,4,1,1,0,-1,8,9,1,1,0,0,1,-19,2,3,5,-1,0,1,1,1,1,1,4,1
KR_6754320940,420,-2,15,12,-5,1,2,1,4,4,0,-1,0,1,-6,4,10,-3,1,4,0,-5,0,3,5,8,4,0,0,1,1,1,-1,4,1
KR_6729449829,420,8,65,36,20,1,3,2,3,3,0,9,9,0,4,5,1,3,3,0,1,14,15,6,1,7,-3,0,0,1,-1,1,1,5,1
KR_6637704972,420,2,42,33,-1,1,3,2,-2,4,6,4,5,1,-2,4,6,-2,0,2,0,-7,-8,2,4,6,2,0,0,1,1,1,-1,2,1
KR_6735460743,420,0,-2,-31,3,5,6,1,0,1,1,1,3,2,-3,1,4,0,0,0,0,4,-7,-1,5,4,-1,0,0,1,1,0,-1,5,1
KR_6727691727,420,8,32,4,12,4,4,0,1,2,1,6,6,0,0,5,5,1,1,0,0,9,-9,-4,8,4,4,0,0,1,1,1,1,1,1
KR_6751124889,420,1,-50,36,-4,1,3,2,1,3,2,0,2,2,-6,0,6,0,0,0,0,-5,11,5,3,8,-8,0,0,1,1,0,-1,4,1
KR_6762866755,420,0,8,31,0,-3,2,5,7,7,0,0,1,1,-3,1,4,-1,0,1,0,-3,-8,4,2,6,-3,0,1,1,1,1,-1,2,1
KR_6747734683,420,3,-17,22,5,0,2,2,4,5,1,-1,0,1,1,3,2,1,1,0,1,9,9,2,2,4,2,0,1,1,-1,1,1,5,1
KR_6675051092,420,5,110,-11,15,8,8,0,4,6,2,0,4,4,6,7,1,-3,0,3,0,8,42,4,2,6,0,0,3,1,-1,1,1,6,1
KR_6753808737,420,2,36,7,3,-2,2,4,1,3,2,4,4,0,2,4,2,-2,2,4,0,3,1,-2,6,4,1,0,1,1,-1,1,-1,3,1
KR_6731894597,420,6,13,8,12,2,3,1,1,5,4,3,3,0,5,5,0,1,1,0,0,8,-8,-3,7,4,5,0,0,1,-1,1,1,2,1
KR_6755423279,420,3,52,-19,13,1,2,1,4,5,1,1,6,5,6,8,2,1,1,0,0,21,0,-2,8,6,-2,0,0,1,1,1,1,3,1
KR_6683415051,440,3,66,17,13,-4,1,5,5,5,0,2,3,1,6,8,2,4,4,0,1,10,5,3,3,6,-1,0,1,1,0,1,1,1,1
KR_6751615301,420,6,-10,32,16,1,2,1,0,1,1,1,2,1,14,17,3,0,0,0,1,19,7,-1,3,2,-1,0,1,-1,0,1,1,3,1
KR_6759671656,440,5,118,25,10,3,6,3,3,3,0,-4,1,5,9,9,0,-1,0,1,0,8,4,1,2,3,3,0,3,1,1,1,1,1,1
KR_6764168791,420,1,36,0,6,2,5,3,1,3,2,1,4,3,1,3,2,1,1,0,-1,2,4,1,7,8,7,0,0,-1,-1,0,-1,6,1
KR_6764482323,420,-3,-49,6,-5,-2,2,4,-5,4,9,4,4,0,2,5,3,-4,0,4,0,-5,-3,-2,4,2,3,0,0,1,1,-1,-1,4,1
KR_6761443532,420,6,135,-6,10,2,4,2,1,3,2,-2,2,4,7,8,1,2,2,0,0,11,2,1,4,5,0,0,3,1,1,1,1,1,1
KR_6683226464,420,2,91,0,14,3,4,1,2,4,2,3,4,1,5,5,0,1,2,1,0,11,5,1,4,5,3,0,1,1,1,1,1,1,1
KR_6761419249,420,3,33,11,10,-1,2,3,5,8,3,6,6,0,4,5,1,-4,1,5,2,14,-9,-4,8,4,6,0,1,1,1,1,1,2,1
KR_6700342284,420,5,15,20,10,-4,0,4,9,10,1,2,3,1,1,2,1,2,2,0,0,17,0,6,5,11,-2,0,-1,-1,-1,-1,-1,4,1
KR_6667199032,420,4,5,-1,8,3,4,1,-2,0,2,4,5,1,2,3,1,1,3,2,0,3,0,2,5,7,-1,0,1,-1,0,1,-1,5,1
KR_6763815039,420,1,0,15,1,0,3,3,1,3,2,1,2,1,-4,3,7,3,3,0,0,5,-2,4,5,9,4,0,0,-1,-1,-1,-1,3,1
KR_6757133931,420,-2,4,-4,-11,1,3,2,0,4,4,-7,0,7,-5,0,5,0,0,0,0,-12,16,0,3,3,4,0,0,1,-1,0,-1,2,1
KR_6747355572,420,3,-4,18,5,2,4,2,-1,2,3,-1,1,2,6,7,1,-1,1,2,-1,1,9,1,5,6,-7,0,1,1,-1,1,-1,5,1
KR_6764446190,420,-1,40,0,-5,0,1,1,-1,0,1,-3,0,3,-2,0,2,1,1,0,0,-4,2,3,6,9,-4,0,0,-1,-1,0,-1,4,1
KR_6758692677,440,1,6,-16,0,1,2,1,0,0,0,-1,1,2,-4,0,4,4,6,2,1,-7,-138,1,4,5,-14,0,1,-1,1,1,1,5,1
KR_6764250433,420,4,-5,20,-2,1,4,3,-2,0,2,-2,1,3,1,2,1,0,1,1,0,0,-4,-2,8,6,-4,0,0,-1,-1,0,-1,4,1
KR_6738530703,420,0,-11,2,6,-4,2,6,2,2,0,0,2,2,7,7,0,1,1,0,0,11,48,1,4,5,-14,0,-1,-1,-1,-1,1,5,1
KR_6646389359,420,-3,-66,-17,0,0,1,1,1,2,1,1,3,2,0,1,1,-2,2,4,0,1,-4,2,6,8,5,0,0,1,-1,-1,-1,5,1
KR_6642577132,420,0,-21,20,-3,0,4,4,-4,5,9,0,2,2,2,4,2,-1,2,3,0,-6,1,0,4,4,-1,0,1,1,1,1,1,1,1
KR_6737145376,420,-2,23,-16,2,3,3,0,-1,0,1,1,3,2,0,1,1,-1,1,2,0,-6,-3,2,5,7,0,0,0,0,-1,0,1,0,1
KR_6715704609,420,1,57,-33,2,0,2,2,-1,1,2,0,3,3,2,3,1,1,1,0,-1,0,-26,0,6,6,-3,0,2,0,1,1,-1,0,1
KR_6756435730,420,-1,-66,-5,-6,2,3,1,0,2,2,-1,1,2,-4,3,7,-3,0,3,0,-10,-22,2,3,5,0,0,3,-1,1,1,-1,2,1
KR_6699356876,420,-2,15,-30,-1,-1,1,2,-2,2,4,-1,3,4,4,4,0,-1,1,2,-1,2,-141,0,5,5,-2,0,1,1,-1,1,-1,4,1
KR_6713206157,420,2,57,18,-1,1,2,1,-3,0,3,0,2,2,-1,6,7,2,3,1,0,-7,-7,0,6,6,-1,0,1,1,-1,1,1,4,1
KR_6758890855,420,5,13,4,8,1,1,0,-2,2,4,1,3,2,7,8,1,1,1,0,0,6,0,0,5,5,6,0,1,1,0,1,-1,2,1
KR_6746473871,420,4,4,40,4,-1,2,3,-1,2,3,2,5,3,4,5,1,0,0,0,0,-2,-7,-2,7,5,2,0,1,1,-1,1,1,3,1
KR_6761261893,440,3,72,8,0,2,3,1,-1,1,2,-1,2,3,0,0,0,0,0,0,0,-2,-18,1,3,4,2,0,0,1,-1,1,-1,3,1
KR_6760016865,420,0,-14,-5,-4,0,2,2,1,1,0,-6,2,8,1,3,2,0,1,1,0,-2,3,0,5,5,-3,0,0,-1,1,0,-1,1,1
KR_6677637099,420,4,20,-6,9,2,2,0,2,5,3,2,4,2,4,5,1,-1,0,1,0,6,-1,-2,7,5,-4,0,1,-1,1,1,-1,3,1
KR_6646441551,420,4,-15,-3,6,1,2,1,4,7,3,0,2,2,-1,0,1,2,3,1,0,8,25,-4,8,4,-2,0,0,0,-1,1,-1,0,1
KR_6750305450,420,1,10,19,0,1,2,1,-1,2,3,1,1,0,-2,1,3,1,1,0,1,-6,118,0,9,9,-2,0,0,0,1,0,1,0,1
KR_6632488038,420,-1,54,12,-1,2,2,0,-2,0,2,1,1,0,-1,3,4,-1,1,2,0,-2,-6,-2,8,6,2,0,0,1,1,0,-1,6,1
KR_6612392798,440,1,47,-19,3,0,2,2,-3,1,4,1,1,0,4,5,1,1,1,0,0,2,-26,0,8,8,8,0,0,1,-1,0,-1,4,1
KR_6765532031,420,7,6,20,12,2,3,1,3,3,0,0,2,2,5,5,0,2,2,0,0,8,-1,-1,3,2,1,0,2,1,1,1,1,3,1
KR_6698798047,420,3,45,12,5,1,4,3,2,5,3,3,5,2,-1,2,3,0,1,1,0,9,2,3,2,5,3,0,0,1,1,-1,1,3,1
KR_6730881762,420,-1,11,-16,4,2,4,2,-1,2,3,2,2,0,1,3,2,0,0,0,1,3,-47,-3,9,6,4,0,0,-1,-1,0,1,4,1
KR_6751343318,420,3,12,3,9,2,2,0,6,6,0,1,1,0,-1,3,4,1,2,1,0,7,15,1,4,5,-2,0,2,-1,1,1,-1,2,1
KR_6637680958,420,-3,3,-8,-6,-1,2,3,-5,0,5,-2,2,4,2,9,7,0,0,0,-1,-12,-7,-4,6,2,2,0,-1,-1,-1,-1,-1,4,1
KR_6691208198,420,-4,-16,20,-1,-3,0,3,3,4,1,-1,0,1,0,0,0,0,1,1,0,-8,-1,3,4,7,-1,0,-1,0,0,1,1,0,1
KR_6711876480,420,1,19,34,-2,2,2,0,3,4,1,-2,2,4,-6,1,7,1,1,0,-1,-5,-7,-4,8,4,5,0,1,1,1,1,-1,4,1
KR_6746095122,420,0,7,-20,0,-2,2,4,1,2,1,1,4,3,-1,1,2,1,1,0,0,3,-3,1,6,7,3,0,0,1,-1,0,1,3,1
KR_6716208963,420,5,41,24,7,-2,3,5,-1,1,2,6,7,1,4,6,2,0,0,0,-1,3,25,2,2,4,0,0,0,1,1,-1,-1,3,1
KR_6742388037,420,1,2,10,1,-1,1,2,1,4,3,5,6,1,-3,1,4,-1,0,1,0,1,3,0,8,8,-2,0,0,-1,1,1,1,5,1
KR_6634136428,420,0,-12,-23,4,-2,2,4,-1,1,2,1,1,0,4,4,0,2,3,1,0,6,32,0,6,6,-8,0,0,1,1,0,1,1,1
KR_6747320437,440,-2,-33,3,-8,-2,4,6,-3,2,5,5,6,1,-5,0,5,-3,0,3,0,-7,-8,-1,2,1,2,0,-1,-1,-1,-1,-1,3,1
KR_6603909570,420,2,-13,28,5,-2,3,5,3,5,2,1,3,2,3,6,3,0,1,1,0,5,17,-3,6,3,3,0,1,1,-1,1,1,4,1
KR_6761810911,420,1,47,0,-1,3,3,0,-3,0,3,-1,0,1,0,1,1,0,0,0,0,-2,-10,2,4,6,3,0,0,-1,1,0,-1,6,1
KR_6753284323,420,4,24,0,10,0,1,1,0,1,1,8,9,1,1,7,6,1,1,0,-2,-2,-25,2,5,7,5,0,1,1,-1,1,-1,5,1
KR_6759345992,420,-6,-69,-8,-10,-3,2,5,-1,1,2,-2,2,4,-1,5,6,-3,1,4,1,-8,-118,4,6,10,-2,0,-2,-1,1,-1,1,4,1
KR_6615518024,420,1,39,3,0,-1,0,1,2,8,6,-2,2,4,1,3,2,0,0,0,0,9,19,2,6,8,-1,0,0,1,-1,0,1,1,1
KR_6186112151,420,2,13,21,6,-1,0,1,6,7,1,2,3,1,-1,0,1,0,0,0,0,4,-2,0,6,6,2,0,0,1,-1,1,1,4,1
KR_6715573562,420,-1,-1,-8,6,1,1,0,0,2,2,2,3,1,3,4,1,0,1,1,0,2,11,2,3,5,-4,0,1,1,-1,1,1,3,1
KR_6744684263,420,1,11,4,7,3,4,1,1,3,2,-1,2,3,3,5,2,1,2,1,1,10,-5,1,3,4,1,0,-1,1,-1,-1,1,3,1
KR_6764056895,420,5,59,8,18,10,11,1,2,4,2,3,3,0,0,5,5,3,3,0,1,10,23,3,6,9,-7,0,1,1,1,1,1,6,1
KR_6615613230,420,1,51,0,4,-2,1,3,-1,3,4,1,2,1,6,8,2,0,0,0,0,5,4,3,3,6,5,0,1,1,1,1,1,3,1
KR_6759745477,420,4,31,15,13,-2,0,2,2,2,0,8,8,0,4,5,1,1,2,1,2,20,-5,-3,5,2,6,0,2,1,1,1,1,6,1
KR_6719721880,420,1,85,7,2,3,3,0,0,3,3,-4,3,7,3,6,3,0,0,0,0,2,-2,-2,4,2,6,0,1,1,-1,1,1,2,1
KR_6652048736,420,1,39,-1,4,2,2,0,0,3,3,1,4,3,1,1,0,0,0,0,0,1,16,-1,8,7,-4,0,0,1,1,0,1,5,1
KR_6754283553,420,-1,-42,27,-1,2,4,2,-1,1,2,-1,1,2,-1,4,5,0,0,0,0,1,15,-1,9,8,1,0,2,-1,1,1,-1,6,1
KR_6379720497,420,2,45,-7,-1,-2,1,3,-2,4,6,2,4,2,0,4,4,1,1,0,0,7,-4,-2,5,3,3,0,0,-1,0,0,1,3,1
KR_6670323623,420,-2,-84,-26,2,-1,1,2,2,6,4,1,4,3,-2,2,4,2,3,1,0,3,-23,5,4,9,-10,0,0,0,1,0,1,0,1
KR_6740498269,420,2,-1,9,0,-2,2,4,2,2,0,-1,3,4,0,1,1,1,2,1,0,-2,2,3,6,9,-3,0,1,-1,1,1,-1,4,1
KR_6692672302,420,1,79,-28,-1,4,4,0,-1,4,5,-5,2,7,2,6,4,-1,0,1,-2,-7,8,-1,6,5,-2,0,1,-1,1,1,-1,6,1
KR_6761792154,420,1,38,-16,3,1,3,2,2,4,2,-1,3,4,1,5,4,0,2,2,0,11,52,4,3,7,-13,0,1,-1,1,1,1,2,1
KR_6747920722,440,5,61,11,9,-2,2,4,1,1,0,-2,2,4,10,10,0,2,2,0,0,5,64,-7,8,1,8,0,2,1,1,1,1,1,1
KR_6683668220,420,0,83,23,-7,0,3,3,-5,1,6,-3,0,3,1,4,3,0,2,2,0,-6,-13,-4,7,3,-2,0,0,1,-1,0,-1,2,1
KR_6753684534,440,2,36,-56,10,1,1,0,0,1,1,0,1,1,5,5,0,4,4,0,0,11,-8,2,5,7,5,0,-1,-1,1,-1,1,1,1
KR_6643467092,420,-1,90,0,0,2,3,1,0,2,2,-1,0,1,0,2,2,-1,1,2,-1,-9,-48,-2,8,6,28,0,1,1,1,1,-1,5,1
KR_6721804841,420,0,42,4,2,0,0,0,2,6,4,-1,0,1,3,5,2,-2,1,3,0,8,-1,3,5,8,7,0,1,1,-1,1,1,1,1
KR_6698796305,420,1,40,-28,10,1,1,0,4,6,2,0,0,0,3,4,1,2,3,1,0,10,-111,10,2,12,-4,0,-1,1,1,-1,-1,3,1
KR_6750492206,420,-1,40,13,3,-1,0,1,3,4,1,1,2,1,1,1,0,-1,0,1,0,5,4,2,5,7,9,0,1,1,0,1,-1,2,1
KR_6728974235,420,2,22,27,2,0,3,3,1,7,6,-1,0,1,1,2,1,1,1,0,0,-2,1,4,3,7,2,0,0,0,-1,0,-1,0,1
KR_6760445448,420,2,32,4,12,1,4,3,3,3,0,4,5,1,1,3,2,3,4,1,1,9,7,5,3,8,3,0,4,1,1,1,1,2,1
KR_6751380961,420,-3,5,-8,-4,0,3,3,-7,0,7,1,3,2,4,7,3,-2,0,2,-1,-6,-5,0,6,6,0,0,0,-1,-1,-1,-1,4,1
KR_6762650446,420,2,50,22,9,-3,0,3,0,4,4,-1,1,2,10,10,0,3,3,0,1,7,42,4,3,7,-21,0,-1,1,-1,-1,1,2,1
KR_6432010138,440,1,-4,-19,9,0,6,6,2,3,1,2,5,3,3,4,1,2,4,2,0,4,-3,-1,4,3,6,0,1,1,-1,1,1,5,1
KR_6646538131,420,4,39,-15,7,-1,1,2,-1,2,3,4,6,2,3,4,1,2,3,1,0,4,4,2,2,4,2,0,1,1,1,1,-1,4,1
KR_6762479152,420,3,51,24,10,3,4,1,-1,2,3,2,4,2,5,6,1,1,2,1,0,14,4,6,0,6,-5,0,1,1,1,1,-1,2,1
KR_6684322248,420,5,-13,49,7,5,6,1,1,4,3,0,2,2,1,1,0,0,1,1,0,4,-3,1,4,5,-2,0,1,-1,1,1,1,3,1
KR_6763023105,420,1,-1,52,4,-2,0,2,1,4,3,3,3,0,0,2,2,2,3,1,0,9,109,-3,10,7,5,0,1,1,1,1,-1,6,1
KR_6762628597,420,1,55,-4,3,3,3,0,2,4,2,-1,3,4,2,5,3,-3,1,4,0,1,-14,1,4,5,2,0,0,-1,1,0,-1,5,1
KR_6741718595,420,-2,41,-12,5,7,7,0,-2,1,3,-1,1,2,1,1,0,0,0,0,0,1,-107,2,4,6,-1,0,2,1,1,1,-1,2,1
KR_6761232535,420,2,28,28,5,-1,0,1,-1,3,4,-1,6,7,6,7,1,2,2,0,0,-8,-4,-3,7,4,6,0,0,1,1,1,1,3,1
KR_6739339660,420,0,0,8,-8,-3,2,5,-3,1,4,2,2,0,-2,1,3,-2,0,2,0,-16,-2,0,1,1,-2,0,0,1,-1,0,-1,5,1
KR_6751404692,440,2,2,13,5,1,2,1,-3,1,4,2,2,0,-1,3,4,6,6,0,1,3,-2,2,5,7,2,0,1,0,1,1,1,0,1
KR_6725846232,420,-1,-6,-6,-3,-2,0,2,-1,1,2,0,1,1,-2,2,4,2,2,0,0,-7,6,3,5,8,-5,0,0,1,1,0,1,5,1
KR_6758409388,420,3,-2,20,3,0,0,0,3,4,1,0,1,1,0,3,3,0,3,3,-1,-3,18,1,3,4,0,0,0,0,1,1,-1,0,1
KR_6494708439,420,4,58,17,10,-3,0,3,3,6,3,1,2,1,8,8,0,1,1,0,0,21,146,1,4,5,-2,0,2,1,1,1,1,2,1
KR_6755954620,420,4,33,-16,7,5,6,1,0,1,1,-1,0,1,-1,3,4,4,4,0,0,4,5,2,2,4,-1,0,1,1,1,1,1,3,1
KR_6761689127,420,3,117,7,11,3,4,1,0,3,3,0,3,3,9,9,0,-1,0,1,2,14,5,-2,8,6,3,0,3,-1,-1,1,1,1,1
KR_6332057582,420,3,-5,3,8,-1,1,2,3,6,3,2,2,0,3,4,1,1,2,1,0,9,8,-4,8,4,2,0,0,1,-1,0,1,3,1
KR_6686910590,420,0,13,8,-1,0,1,1,3,4,1,1,3,2,-3,2,5,-2,0,2,0,-1,-2,0,5,5,-1,0,0,1,-1,0,1,5,1
KR_6660314850,420,-1,-6,8,-3,2,4,2,3,3,0,-4,0,4,-3,2,5,-1,0,1,0,-5,8,-4,8,4,-3,0,0,-1,-1,0,1,5,1
KR_6756912258,420,-3,-19,7,0,0,2,2,0,2,2,1,5,4,0,1,1,-1,0,1,0,2,-8,-3,7,4,2,0,1,1,-1,1,-1,3,1
KR_6765346513,420,2,30,-4,10,2,4,2,0,2,2,3,4,1,3,6,3,2,2,0,0,16,104,1,6,7,-2,0,0,1,-1,0,1,1,1
KR_6762838824,420,1,-32,-4,12,1,3,2,5,6,1,1,1,0,5,8,3,0,0,0,0,22,96,2,4,6,4,0,1,1,1,1,1,2,1
KR_6745138255,440,9,102,54,17,-1,1,2,7,7,0,2,4,2,3,5,2,6,7,1,1,9,23,-4,6,2,5,0,4,-1,1,1,1,4,1
KR_6581999021,420,3,20,23,0,2,2,0,-1,1,2,-4,0,4,5,9,4,-2,1,3,1,1,38,-4,9,5,0,0,2,1,1,1,1,5,1
KR_6598670935,420,-4,-83,-4,-1,4,4,0,-4,4,8,1,2,1,0,3,3,-2,0,2,0,-1,10,5,2,7,-11,0,0,-1,1,0,1,2,1
KR_6681940201,420,-1,-17,-34,6,2,2,0,-7,2,9,5,6,1,4,5,1,2,2,0,0,5,9,3,4,7,0,0,0,-1,-1,-1,-1,5,1
KR_6747990018,420,3,65,-16,1,-3,0,3,5,5,0,-3,0,3,2,4,2,0,0,0,0,5,-14,-4,8,4,0,0,2,-1,0,1,-1,1,1
KR_6762802496,420,1,22,17,2,-2,0,2,6,7,1,2,3,1,-3,2,5,-1,0,1,0,8,-3,-3,8,5,3,0,0,-1,1,1,1,4,1
KR_6761764756,440,1,66,6,0,0,2,2,0,2,2,1,3,2,-2,1,3,1,4,3,0,0,8,1,4,5,-1,0,2,1,1,1,1,6,1
KR_6752832007,420,5,63,29,5,3,4,1,-3,2,5,5,5,0,2,4,2,-2,1,3,0,1,1,5,1,6,5,0,1,-1,1,1,1,3,1
KR_6761918548,420,2,-45,5,4,1,2,1,3,5,2,2,4,2,0,4,4,-2,2,4,1,2,100,1,3,4,-1,0,-1,1,1,-1,1,1,1
KR_6759127970,420,3,36,32,5,5,5,0,-1,2,3,-2,2,4,0,4,4,3,3,0,0,4,-7,-1,7,6,6,0,2,-1,1,1,-1,1,1
KR_6765054206,420,2,-18,-8,6,2,3,1,1,3,2,3,6,3,2,2,0,-2,0,2,0,7,-21,3,8,11,-1,0,-1,-1,1,1,-1,5,1
KR_6640134507,420,3,27,12,7,1,3,2,3,3,0,1,2,1,2,3,1,0,0,0,0,4,-2,-3,8,5,7,0,1,1,1,1,1,4,1
KR_6758060574,420,5,41,32,7,4,4,0,3,5,2,3,3,0,-3,3,6,0,0,0,0,3,0,-1,7,6,1,0,3,-1,1,1,1,1,1
KR_6590599375,420,-2,-19,19,-8,-2,3,5,1,1,0,-4,0,4,-1,3,4,-2,0,2,0,-8,8,-2,5,3,4,0,0,-1,-1,-1,1,4,1
KR_6747338864,420,4,-47,12,6,1,1,0,4,4,0,1,2,1,-5,2,7,5,5,0,0,8,4,-1,7,6,0,0,-2,-1,-1,-1,-1,4,1
KR_6761368106,420,-2,0,10,2,-3,1,4,-3,1,4,3,4,1,5,6,1,0,1,1,0,6,16,9,1,10,-4,0,1,1,-1,-1,1,3,1
KR_6745494744,420,3,61,6,16,2,4,2,4,4,0,2,3,1,5,5,0,3,3,0,1,7,-19,0,7,7,2,0,1,-1,1,1,1,6,1
KR_6748317015,420,0,36,-9,-7,0,4,4,1,2,1,-7,1,8,2,4,2,-3,0,3,0,-10,-12,1,5,6,-3,0,-1,1,-1,-1,-1,2,1
KR_6747562368,420,4,39,42,14,3,4,1,7,11,4,1,1,0,4,5,1,-1,1,2,1,12,-4,0,5,5,2,0,1,1,1,1,-1,3,1
KR_6658019107,420,4,60,8,3,1,3,2,-1,3,4,4,5,1,-5,4,9,4,5,1,0,-3,1,-2,5,3,4,0,2,1,1,1,1,6,1
KR_6755967440,420,4,79,-11,4,0,4,4,1,3,2,-1,1,2,6,6,0,-2,1,3,1,1,-22,5,1,6,1,0,2,1,1,1,1,3,1
KR_6763940311,420,-1,64,-19,-3,5,5,0,-4,3,7,-1,2,3,-1,1,2,-2,0,2,0,-13,16,3,2,5,-1,0,1,-1,-1,1,1,6,1
KR_6748481351,420,1,2,2,4,3,3,0,0,1,1,3,4,1,-2,2,4,0,1,1,-1,-1,-2,-1,6,5,6,0,0,1,-1,0,-1,5,1
KR_6661451059,420,-3,-28,-4,-2,-4,0,4,0,2,2,1,4,3,1,4,3,0,0,0,0,-4,-6,1,6,7,2,0,0,-1,1,1,1,1,1
KR_6743628533,440,2,0,-29,8,1,3,2,3,7,4,0,6,6,6,7,1,-2,1,3,1,11,-1,4,3,7,-1,0,0,-1,1,1,1,3,1
KR_6747103160,420,2,28,-24,8,6,6,0,3,4,1,0,0,0,-2,3,5,1,1,0,0,5,9,4,2,6,1,0,0,1,0,1,1,1,1
KR_6751893561,420,1,99,3,3,0,3,3,0,2,2,0,4,4,4,4,0,-1,0,1,0,1,-3,-4,7,3,-1,0,0,1,1,1,1,5,1
KR_6743091156,420,1,-22,-13,5,-1,3,4,6,11,5,-4,0,4,0,4,4,4,4,0,0,2,7,2,5,7,0,0,1,-1,1,1,-1,4,1
KR_6765139394,420,4,-21,-4,11,-6,1,7,4,5,1,10,11,1,4,4,0,-1,0,1,0,12,10,2,4,6,3,0,1,-1,1,-1,-1,5,1
KR_6762139349,420,4,47,12,11,1,2,1,-1,0,1,7,7,0,4,4,0,0,2,2,0,15,0,3,5,8,6,0,2,1,1,1,1,5,1
KR_6600133873,420,1,10,-16,6,-1,2,3,2,5,3,0,3,3,4,8,4,1,1,0,0,17,1,7,3,10,2,0,0,0,1,0,1,0,1
KR_6735045452,420,2,19,-24,7,2,3,1,2,4,2,2,2,0,-1,2,3,2,4,2,0,11,10,4,2,6,-3,0,1,1,1,1,1,2,1
KR_6679300622,420,0,30,14,2,1,1,0,0,1,1,-2,0,2,2,3,1,1,2,1,0,-3,9,3,7,10,0,0,0,-1,1,1,1,3,1
KR_6763811638,440,1,66,36,3,2,4,2,2,2,0,-5,1,6,6,6,0,-2,1,3,0,11,-80,-1,8,7,0,0,1,1,-1,-1,1,4,1
KR_6763889064,420,5,76,52,13,-2,2,4,3,3,0,2,5,3,9,11,2,1,2,1,0,16,38,3,3,6,-3,0,1,1,1,1,1,4,1
KR_6692357510,420,0,10,-14,7,0,3,3,-2,2,4,1,3,2,3,6,3,5,7,2,2,11,21,1,5,6,7,0,-1,0,1,-1,1,0,1
KR_6760967713,420,2,43,2,9,3,3,0,-4,1,5,1,2,1,6,8,2,3,4,1,1,17,-8,1,2,3,-1,0,3,1,1,1,1,5,1
KR_6685118351,420,6,35,32,17,-3,0,3,4,4,0,2,2,0,11,15,4,3,3,0,1,22,1,4,1,5,-1,0,2,0,0,1,1,0,1
KR_6314526098,420,-1,-19,-9,-1,1,3,2,0,3,3,1,2,1,1,2,1,-4,0,4,0,1,25,3,4,7,-8,0,0,1,-1,-1,1,4,1
KR_6694151363,420,2,-11,2,-1,-4,1,5,-3,0,3,3,3,0,2,2,0,1,1,0,0,-5,3,0,5,5,4,0,-1,1,-1,-1,1,5,1
KR_6750120414,420,-5,-40,-12,-16,-3,0,3,-9,3,12,-2,0,2,-3,2,5,1,2,1,0,-20,41,-4,7,3,-21,0,0,-1,-1,-1,-1,4,1
KR_6729592815,420,2,15,-12,3,5,5,0,3,5,2,-2,1,3,-3,1,4,0,0,0,0,5,-18,0,5,5,1,0,0,-1,1,0,1,1,1
KR_6748204964,420,-2,-16,28,1,1,3,2,-1,3,4,2,3,1,1,2,1,-2,0,2,0,-3,1,-3,5,2,-1,0,0,1,-1,-1,1,6,1
KR_6465082151,420,2,-21,-12,1,-4,0,4,5,5,0,-3,1,4,3,4,1,0,0,0,0,-1,195,-5,8,3,33,0,0,-1,-1,-1,-1,2,1
KR_6748193329,420,1,21,16,2,-3,1,4,2,3,1,0,0,0,1,3,2,2,3,1,0,3,-4,-6,11,5,4,0,0,-1,1,0,-1,2,1
KR_6759733787,420,1,7,-4,0,0,3,3,4,6,2,-1,0,1,-2,1,3,-1,0,1,-1,0,5,1,5,6,7,0,-1,1,-1,-1,-1,1,1
KR_6757921089,420,3,25,4,13,0,1,1,3,5,2,1,2,1,4,4,0,5,5,0,0,10,79,0,5,5,0,0,1,0,1,1,1,0,1
KR_6765181517,420,4,82,4,9,1,1,0,7,8,1,0,3,3,1,5,4,0,0,0,0,0,32,1,5,6,-21,0,2,1,1,1,1,5,1
KR_6750887073,420,0,0,-4,4,1,1,0,0,1,1,-3,2,5,6,6,0,0,0,0,0,6,8,4,4,8,0,0,0,1,1,0,-1,6,1
KR_6760545039,420,1,20,14,3,4,5,1,-1,4,5,3,4,1,-1,1,2,-2,0,2,-2,-5,106,0,5,5,2,0,1,-1,1,1,-1,3,1
KR_6764538794,420,-1,10,5,2,1,3,2,0,2,2,3,4,1,0,2,2,-2,0,2,0,1,10,2,4,6,2,0,-1,1,-1,-1,1,1,1
KR_6765402480,420,1,45,15,-1,-2,2,4,3,5,2,-1,1,2,1,1,0,-2,0,2,0,-2,145,1,2,3,3,0,1,1,1,1,1,1,1
KR_6615894591,420,1,57,-12,3,-2,0,2,1,2,1,3,3,0,1,3,2,0,0,0,0,5,2,0,6,6,7,0,0,1,1,0,1,2,1
KR_6761739864,420,4,80,5,8,5,6,1,5,5,0,-2,3,5,1,3,2,-1,0,1,2,5,-8,8,1,9,3,0,1,0,1,1,-1,0,1
KR_6564058741,420,3,76,17,5,-2,2,4,1,2,1,5,6,1,0,1,1,1,1,0,0,3,27,1,3,4,0,0,2,1,1,1,1,3,1
KR_6713169394,420,0,-20,-24,5,-1,1,2,7,8,1,2,3,1,-1,5,6,-2,0,2,0,1,-39,-1,5,4,8,0,1,1,1,1,-1,4,1
KR_6744197144,420,-1,10,44,-3,0,1,1,0,2,2,2,4,2,-3,1,4,-2,0,2,0,-10,1,-2,7,5,0,0,0,-1,1,0,-1,6,1
KR_6763824960,440,1,15,10,0,0,1,1,2,4,2,-7,0,7,3,6,3,2,2,0,1,8,5,5,0,5,1,0,0,1,0,0,1,2,1
KR_6755487590,420,-1,-49,10,1,1,2,1,-2,2,4,2,4,2,-1,0,1,1,1,0,0,4,-4,-1,5,4,-3,0,-1,1,-1,-1,1,5,1
KR_6685098165,420,-5,-5,-32,-7,-1,1,2,2,3,1,-4,2,6,-2,2,4,-2,0,2,0,-2,-22,1,5,6,11,0,-1,-1,-1,-1,1,2,1
KR_6734347892,440,-2,19,5,-4,-1,0,1,-1,0,1,-2,1,3,0,2,2,0,0,0,0,-1,9,0,4,4,-26,0,1,-1,1,1,-1,1,1
KR_6761225095,420,1,-23,-4,-3,-2,1,3,-2,0,2,2,4,2,-5,1,6,4,5,1,0,-4,1,2,4,6,2,0,0,1,-1,0,-1,4,1
KR_6744466679,420,3,102,11,6,2,4,2,2,5,3,4,4,0,-1,0,1,-1,0,1,0,3,119,-3,7,4,-1,0,2,-1,1,1,1,4,1
KR_6743658879,420,1,13,8,4,1,1,0,4,6,2,0,5,5,-6,0,6,5,5,0,-1,11,9,4,4,8,-1,0,0,1,-1,0,-1,6,1
KR_6749251570,440,0,-13,-27,2,-1,1,2,1,5,4,3,3,0,-1,0,1,0,0,0,0,8,0,-1,11,10,1,0,1,1,-1,1,1,2,1
KR_6564158514,420,1,54,18,4,-1,0,1,1,3,2,3,4,1,-1,2,3,2,3,1,0,8,42,-4,8,4,5,0,1,1,1,1,1,4,1
KR_6765221957,420,-1,-41,14,1,-4,1,5,-1,2,3,1,2,1,3,4,1,2,4,2,0,-4,10,-5,8,3,-2,0,0,1,-1,1,-1,6,1
KR_6673070443,420,-4,-28,25,-2,1,4,3,1,4,3,-3,2,5,-2,4,6,1,3,2,0,-9,-11,2,5,7,-2,0,0,-1,1,-1,-1,1,1
KR_6751569226,420,-2,-30,-15,4,-2,4,6,-3,1,4,10,11,1,1,6,5,-2,1,3,0,3,14,1,2,3,-1,0,1,-1,-1,-1,1,6,1
KR_6764817460,420,2,-10,8,3,4,4,0,1,2,1,1,6,5,-3,0,3,0,0,0,0,2,-1,5,3,8,0,0,0,-1,-1,1,1,3,1
KR_6646892444,420,-1,-25,27,-5,1,4,3,-4,1,5,2,2,0,-1,1,2,-3,0,3,0,-10,-6,-4,8,4,-1,0,0,-1,-1,-1,-1,4,1
KR_6638039028,420,1,26,9,-1,-3,1,4,-1,0,1,1,4,3,-1,2,3,3,3,0,1,-1,-11,-4,9,5,4,0,-1,1,-1,-1,1,2,1
KR_6553469575,420,0,28,1,-2,-2,2,4,-4,1,5,0,3,3,2,2,0,2,2,0,0,-1,2,0,5,5,-3,0,1,1,-1,-1,1,4,1
KR_6629705274,420,6,12,20,11,1,2,1,3,5,2,1,2,1,4,6,2,2,2,0,0,16,0,2,3,5,3,0,0,-1,-1,1,-1,5,1
KR_6681743460,440,4,49,29,7,6,7,1,0,1,1,1,3,2,-1,0,1,1,4,3,0,12,12,5,2,7,-2,0,1,1,1,1,1,1,1
KR_6764834515,420,0,16,0,7,0,1,1,2,3,1,0,5,5,4,5,1,1,1,0,0,4,-120,-2,5,3,4,0,1,1,1,1,-1,4,1
KR_6760424892,420,3,40,6,3,3,3,0,-5,3,8,4,7,3,0,3,3,1,1,0,0,-3,34,1,4,5,4,0,0,1,1,1,-1,6,1
KR_6763133886,420,6,14,16,12,7,7,0,-2,3,5,3,7,4,2,3,1,2,2,0,0,9,3,2,3,5,-1,0,4,1,1,1,-1,2,1
KR_6723602334,420,0,-3,10,-3,-6,0,6,0,1,1,2,2,0,-1,2,3,2,3,1,0,7,17,3,4,7,-2,0,-1,-1,-1,-1,-1,4,1
KR_6745192110,420,5,21,24,3,-2,0,2,4,6,2,1,3,2,0,1,1,0,0,0,0,6,86,1,4,5,2,0,1,1,-1,1,-1,1,1
KR_6744638485,420,1,46,-5,-3,0,0,0,-2,4,6,-4,1,5,3,4,1,0,1,1,0,-4,-3,-1,9,8,-5,0,0,-1,-1,0,-1,2,1
KR_6764840235,420,6,30,6,13,0,0,0,2,4,2,3,3,0,7,7,0,1,2,1,0,17,222,4,4,8,1,0,2,1,1,1,-1,4,1
KR_6669083733,420,4,-4,12,11,0,3,3,5,6,1,4,4,0,-1,0,1,3,3,0,0,18,6,6,4,10,3,0,0,1,1,0,-1,3,1
KR_6757062528,420,5,50,19,7,5,5,0,6,10,4,2,3,1,-6,0,6,0,0,0,0,-3,34,2,3,5,5,0,1,0,1,1,1,0,1
KR_6732718603,420,3,-4,20,4,1,2,1,2,4,2,2,4,2,0,3,3,-1,0,1,1,9,-120,3,2,5,4,0,-1,0,-1,-1,1,0,1
KR_6651651842,420,0,66,-20,6,-1,1,2,1,2,1,1,1,0,6,6,0,-1,0,1,0,7,1,2,4,6,4,0,2,1,-1,1,-1,4,1
KR_6715791908,420,1,0,16,2,-1,1,2,-1,2,3,1,3,2,3,6,3,0,1,1,0,6,-45,2,4,6,28,0,-1,0,-1,-1,-1,0,1
KR_6760215286,420,1,-14,0,11,0,1,1,7,7,0,5,5,0,0,1,1,-1,3,4,0,17,-2,-1,7,6,5,0,0,-1,-1,0,1,4,1
KR_6754468682,420,-1,22,-12,5,-2,1,3,0,3,3,1,2,1,3,5,2,3,3,0,0,9,7,3,5,8,-4,0,0,1,0,1,1,4,1
KR_6751402735,420,0,-69,-8,4,3,3,0,2,5,3,-1,4,5,0,1,1,0,0,0,0,7,-10,0,4,4,0,0,-1,1,1,-1,-1,1,1
KR_6755736651,420,2,64,24,3,3,4,1,0,1,1,1,3,2,-1,1,2,0,0,0,0,-9,-2,3,4,7,3,0,0,1,-1,0,1,4,1
KR_6498081009,420,-2,53,-36,-9,-1,2,3,2,5,3,-8,1,9,-2,0,2,0,0,0,0,-8,2,1,3,4,-6,0,-1,0,-1,-1,-1,0,1
KR_6749590376,420,6,36,8,11,0,3,3,-3,0,3,8,10,2,5,5,0,1,2,1,1,15,-2,2,4,6,1,0,1,1,-1,1,1,3,1
KR_6762797086,420,4,0,-8,8,2,2,0,0,3,3,1,6,5,5,5,0,0,0,0,0,10,-1,3,3,6,3,0,1,1,-1,1,1,6,1
KR_6724656868,420,5,45,16,8,2,3,1,0,4,4,3,5,2,4,4,0,-1,0,1,0,12,43,-2,6,4,-7,0,0,1,-1,0,1,2,1
KR_6728542528,440,-2,-33,18,-8,2,2,0,-1,1,2,1,3,2,-6,1,7,-4,0,4,-1,-8,268,-2,5,3,-7,0,0,1,1,1,-1,2,1
KR_6741432709,420,3,9,8,9,-3,1,4,1,1,0,1,1,0,8,8,0,2,2,0,0,13,17,-1,7,6,-1,0,1,0,1,1,-1,0,1
KR_6624622031,420,0,37,20,-3,-1,2,3,0,6,6,1,3,2,-3,2,5,0,1,1,0,-6,-4,-3,6,3,-1,0,1,1,-1,1,-1,4,1
KR_6729008537,420,2,26,8,8,1,4,3,2,3,1,1,2,1,4,4,0,0,1,1,0,8,-6,0,7,7,4,0,1,0,0,1,-1,0,1
KR_6751094859,420,0,58,8,0,-1,2,3,1,6,5,-2,2,4,2,2,0,0,1,1,0,7,1,-2,7,5,-1,0,1,-1,1,1,1,4,1
KR_6762198849,420,1,15,8,-1,2,3,1,-1,0,1,0,2,2,-1,1,2,-1,1,2,0,-9,-16,0,6,6,-1,0,2,-1,1,1,-1,2,1
KR_6761778068,420,-1,20,-11,6,-1,3,4,2,5,3,3,3,0,3,6,3,-1,1,2,-1,4,13,0,5,5,-2,0,1,-1,1,1,-1,6,1
KR_6660837473,420,1,-5,3,2,-1,1,2,1,2,1,0,1,1,1,2,1,1,1,0,0,1,1,-6,8,2,5,0,0,1,-1,0,1,3,1
KR_6738801387,420,3,45,6,5,1,1,0,-2,2,4,4,6,2,-1,2,3,3,3,0,-1,-2,-196,1,1,2,-3,0,0,-1,1,1,-1,1,1
KR_6764950742,440,0,63,-29,-7,1,4,3,-6,2,8,0,0,0,-3,2,5,1,5,4,-1,-4,-2,-4,5,1,0,0,-1,-1,-1,-1,-1,2,1
KR_6718462880,420,1,44,8,2,0,0,0,3,3,0,-5,0,5,3,3,0,1,1,0,0,2,-2,1,3,4,6,0,0,-1,-1,0,1,5,1
KR_6748407506,420,1,42,-13,13,2,2,0,1,2,1,-1,2,3,10,10,0,1,1,0,0,12,-2,7,1,8,-5,0,1,1,1,1,1,1,1
KR_6602334981,420,0,-25,20,3,-4,0,4,6,8,2,0,3,3,1,3,2,0,1,1,0,3,2,-3,7,4,1,0,1,1,1,1,1,2,1
KR_6763052628,420,-3,-31,-23,-10,-2,0,2,-10,1,11,4,4,0,-4,2,6,2,2,0,0,-11,20,4,3,7,-6,0,0,-1,1,-1,-1,3,1
KR_6738815806,420,1,9,7,-8,2,4,2,-6,4,10,0,2,2,1,3,2,-5,0,5,1,-3,-3,-5,7,2,2,0,-2,1,-1,-1,1,5,1
KR_6537271011,420,-1,22,0,-6,-1,1,2,-2,3,5,0,2,2,-2,3,5,-1,0,1,0,-7,8,-1,5,4,0,0,0,-1,1,0,-1,4,1
KR_6762865880,420,3,64,-3,13,1,4,3,2,6,4,7,7,0,3,3,0,0,0,0,0,13,-2,0,3,3,6,0,1,1,1,1,1,1,1
KR_6750726334,420,3,72,8,13,5,5,0,6,10,4,0,2,2,0,1,1,2,2,0,0,11,5,-1,5,4,-1,0,1,1,1,1,1,5,1
KR_6737155947,420,5,24,12,15,-2,1,3,0,2,2,7,7,0,5,6,1,5,6,1,2,16,5,2,2,4,1,0,1,1,-1,1,1,5,1
KR_6731243655,440,2,13,6,2,1,3,2,-5,2,7,4,4,0,6,6,0,-4,1,5,0,-4,-2,-2,7,5,4,0,1,1,-1,1,1,2,1
KR_6765117327,420,2,-3,-19,9,1,2,1,-3,2,5,-7,2,9,12,13,1,6,8,2,-1,9,-6,4,3,7,-2,0,2,1,1,1,-1,5,1
KR_6762880937,420,3,25,1,6,1,4,3,0,2,2,4,4,0,0,4,4,1,1,0,0,6,-3,-2,6,4,-5,0,0,1,-1,1,-1,5,1
KR_6765203537,420,-1,11,-1,2,4,5,1,3,4,1,-2,0,2,-1,4,5,-2,2,4,0,7,1,3,0,3,-3,0,0,1,1,-1,-1,2,1
KR_6693725418,420,4,14,0,4,1,2,1,1,3,2,0,2,2,1,1,0,1,1,0,0,4,4,-3,6,3,1,0,0,1,1,0,1,1,1
KR_6637742985,420,2,-7,4,6,-4,0,4,2,5,3,0,2,2,1,3,2,7,7,0,0,14,-4,-5,10,5,0,0,0,1,-1,0,-1,5,1
KR_6748092098,420,-1,-33,17,1,1,2,1,-5,1,6,4,4,0,3,7,4,-2,0,2,0,4,37,5,5,10,-7,0,-2,-1,1,-1,-1,6,1
KR_6746162389,420,-2,-28,-14,-1,-2,1,3,4,5,1,0,0,0,-3,0,3,0,1,1,0,3,7,1,6,7,-6,0,0,-1,1,0,1,6,1
KR_6604412765,420,3,54,4,11,4,4,0,1,1,0,0,2,2,8,8,0,-2,0,2,0,14,-3,2,2,4,3,0,3,1,1,1,-1,1,1
KR_6623928578,420,1,53,-4,-2,2,3,1,-1,2,3,0,1,1,-2,4,6,-1,1,2,0,2,-1,1,6,7,0,0,-1,1,-1,-1,1,2,1
KR_6765241110,420,-2,-27,-12,-1,0,2,2,-1,2,3,-1,0,1,1,2,1,0,1,1,0,4,42,1,4,5,-7,0,-1,1,-1,-1,1,6,1
KR_6718488656,420,3,44,-4,10,0,3,3,6,6,0,-1,4,5,6,6,0,-1,0,1,1,13,229,3,6,9,-4,0,1,1,1,1,1,6,1
KR_6744264507,420,1,-1,16,-3,3,3,0,-3,1,4,-1,3,4,-2,2,4,0,1,1,0,-8,-1,2,3,5,-2,0,-1,-1,-1,-1,-1,3,1
KR_6594891070,420,2,31,-12,4,1,4,3,4,4,0,1,3,2,-4,3,7,2,2,0,-2,1,-135,4,2,6,0,0,0,-1,1,1,-1,5,1
KR_6687377656,420,4,26,8,6,5,5,0,5,7,2,2,3,1,-4,2,6,-2,0,2,0,2,-7,0,5,5,1,0,1,-1,1,1,1,3,1
KR_6758907213,420,0,10,-34,0,2,3,1,-3,3,6,0,2,2,-1,1,2,2,3,1,0,-8,12,6,1,7,1,0,-1,1,-1,-1,-1,1,1
KR_6758756193,420,-4,-20,-21,-6,-2,0,2,3,4,1,-4,0,4,1,4,3,-4,1,5,-2,-1,-1,5,1,6,0,0,-2,1,-1,-1,-1,1,1
KR_6744971740,440,5,120,9,9,1,2,1,2,3,1,1,2,1,2,3,1,3,4,1,0,9,-30,2,1,3,4,0,2,1,-1,1,1,5,1
KR_6596263412,420,3,55,38,11,4,5,1,3,6,3,0,2,2,2,2,0,2,2,0,0,10,4,1,4,5,0,0,-1,1,-1,-1,1,4,1
KR_6637521320,420,-1,-14,-11,-4,-2,0,2,1,2,1,-2,2,4,1,1,0,-2,0,2,0,0,3,0,6,6,5,0,-1,1,-1,-1,1,5,1
KR_6624688063,420,8,82,56,7,1,3,2,9,10,1,3,4,1,-7,2,9,1,1,0,0,9,-1,1,3,4,-2,0,3,-1,1,1,-1,3,1
KR_6674530703,420,2,52,12,2,-2,0,2,2,4,2,2,5,3,-1,4,5,1,2,1,0,4,-13,6,3,9,0,0,1,-1,1,1,1,1,1
KR_6756216715,440,1,24,-16,-2,-5,1,6,3,3,0,0,2,2,-2,2,4,2,4,2,0,-9,3,-2,5,3,-7,0,0,-1,0,0,-1,2,1
KR_6765030907,420,0,-13,30,-3,-1,0,1,-1,0,1,-3,3,6,4,4,0,-2,0,2,0,-5,82,-2,6,4,-1,0,3,-1,1,1,-1,2,1
KR_6762611371,420,2,44,-19,9,-1,0,1,-1,0,1,1,3,2,4,4,0,6,7,1,0,11,33,6,3,9,0,0,0,1,-1,0,1,4,1
KR_6759835815,440,3,3,24,7,4,4,0,1,2,1,0,1,1,4,5,1,-2,2,4,0,0,12,1,2,3,-1,0,1,1,1,1,1,4,1
KR_6578473915,420,-1,-7,8,5,0,1,1,1,4,3,-4,0,4,5,6,1,3,4,1,0,12,-23,0,5,5,6,0,0,1,-1,1,1,1,1
KR_6738205634,420,2,-13,19,6,3,3,0,-2,2,4,1,4,3,-1,0,1,5,6,1,-1,-6,-40,1,6,7,28,0,-1,-1,-1,-1,-1,3,1
KR_6760902405,420,1,0,-20,11,1,2,1,7,7,0,-1,1,2,2,4,2,2,4,2,1,14,36,-1,3,2,-5,0,0,1,0,0,1,5,1
KR_6761178853,420,0,-30,17,-3,2,4,2,0,4,4,-2,4,6,-2,2,4,-1,1,2,-1,-7,14,-6,8,2,-1,0,0,1,1,1,-1,2,1
KR_6761050540,420,-2,-31,-39,5,0,2,2,-1,3,4,1,3,2,3,3,0,2,3,1,0,7,4,7,5,12,4,0,1,1,-1,1,1,2,1
KR_6762025226,420,0,-23,8,1,-1,1,2,0,2,2,0,5,5,2,3,1,0,0,0,0,2,4,-2,6,4,-3,0,1,1,0,1,-1,1,1
KR_6698621754,420,0,-2,19,1,-1,0,1,1,3,2,1,2,1,2,5,3,-2,1,3,0,2,10,7,4,11,-8,0,0,-1,0,0,1,6,1
KR_6740470181,420,5,67,13,14,3,3,0,3,5,2,0,1,1,4,5,1,4,5,1,0,31,6,-2,8,6,1,0,1,1,-1,1,1,2,1
KR_6711464901,420,0,37,10,-2,-1,1,2,-3,1,4,-2,2,4,3,5,2,1,1,0,0,0,46,3,4,7,-16,0,1,1,1,1,-1,3,1
KR_6762311069,420,2,14,32,7,5,6,1,1,3,2,2,2,0,-1,3,4,0,0,0,2,8,0,5,3,8,2,0,1,1,1,1,1,2,1
KR_6753919094,420,5,61,-32,10,2,3,1,2,3,1,4,4,0,2,3,1,0,1,1,1,12,112,4,3,7,5,0,0,1,-1,0,1,5,1
KR_6756917113,440,6,105,-8,12,-1,0,1,2,4,2,1,3,2,9,12,3,1,3,2,0,8,-5,1,5,6,5,0,2,1,-1,1,1,4,1
KR_6743398734,440,4,59,6,6,4,4,0,0,3,3,0,2,2,1,2,1,1,1,0,0,2,15,2,2,4,6,0,1,1,1,1,1,3,1
KR_6763942858,420,1,-16,15,5,5,5,0,-4,0,4,5,5,0,0,2,2,-1,0,1,1,4,3,4,5,9,2,0,1,1,1,1,1,2,1
KR_6217685318,420,1,22,-22,7,2,3,1,0,2,2,0,3,3,2,4,2,3,3,0,0,5,21,0,0,0,4,0,-1,0,-1,-1,1,0,1
KR_6765155812,420,-1,-15,-12,5,3,4,1,3,5,2,0,1,1,-1,1,2,0,0,0,0,1,-42,2,3,5,6,0,2,-1,1,1,-1,2,1
KR_6608792037,420,-1,-16,-41,1,0,2,2,8,10,2,-1,0,1,-4,0,4,-2,1,3,0,-1,-9,0,7,7,-3,0,0,1,1,1,-1,1,1
KR_6763257003,440,1,13,16,0,0,1,1,-1,2,3,1,5,4,0,3,3,0,0,0,0,-6,-179,-4,7,3,3,0,0,1,1,0,-1,5,1
KR_6491168163,420,2,58,-20,5,2,4,2,0,2,2,1,2,1,2,3,1,0,0,0,-1,1,259,-6,9,3,4,0,1,-1,1,1,-1,2,1
KR_6749789282,420,-5,-63,-20,-5,1,3,2,-1,2,3,-1,3,4,-2,1,3,-2,1,3,0,-4,-6,1,3,4,1,0,-1,-1,-1,-1,1,3,1
KR_6761614242,420,3,20,-28,15,1,2,1,4,6,2,5,6,1,5,6,1,0,0,0,0,16,13,12,1,13,-6,0,2,1,-1,1,1,4,1
KR_6753429646,420,-2,-19,-4,0,0,0,0,1,2,1,-1,0,1,-1,4,5,1,1,0,0,3,-43,1,4,5,-3,0,0,0,1,-1,1,0,1
KR_6687982212,420,0,-38,-19,-7,-3,0,3,-5,0,5,0,3,3,1,3,2,0,0,0,0,-7,10,2,7,9,-14,0,-2,-1,-1,-1,-1,6,1
KR_6623008302,420,0,36,-5,-1,0,0,0,2,5,3,0,3,3,0,3,3,-3,0,3,1,-1,-6,2,5,7,0,0,0,-1,1,1,1,2,1
KR_6472304119,420,2,24,-16,5,2,3,1,1,3,2,-3,0,3,3,3,0,2,2,0,0,11,-179,4,4,8,0,0,0,-1,1,-1,1,6,1
KR_6482710712,420,4,-6,28,11,0,0,0,6,7,1,3,5,2,1,6,5,1,2,1,0,10,5,1,4,5,-6,0,2,1,1,1,1,3,1
KR_6758765331,420,3,11,16,13,0,3,3,5,7,2,6,6,0,2,6,4,0,0,0,0,7,1,0,4,4,0,0,1,1,1,1,1,3,1
KR_6713166538,420,7,150,18,19,3,4,1,2,3,1,9,10,1,3,4,1,2,2,0,0,13,34,0,5,5,-16,0,4,1,1,1,1,6,1
KR_6674946079,420,6,122,11,10,4,4,0,3,4,1,6,7,1,-4,1,5,1,1,0,0,12,-43,0,6,6,6,0,1,1,1,1,-1,5,1
KR_6747398849,420,3,114,0,5,2,3,1,5,5,0,-1,3,4,1,3,2,-2,0,2,0,3,-23,-1,7,6,8,0,2,1,1,1,-1,5,1
KR_6763001551,420,5,40,-10,15,2,2,0,1,1,0,7,7,0,3,4,1,2,2,0,1,13,2,4,4,8,7,0,2,0,1,1,1,0,1
KR_6765566560,420,3,81,11,3,3,3,0,4,4,0,-6,1,7,2,2,0,0,1,1,0,1,-41,1,2,3,26,0,1,1,-1,1,1,1,1
KR_6758825881,420,0,-12,-4,4,-2,1,3,2,4,2,2,5,3,1,6,5,1,2,1,1,6,-3,3,5,8,-2,0,0,-1,1,0,1,4,1
KR_6695822516,420,0,-12,-11,1,-2,0,2,3,6,3,0,1,1,0,2,2,0,2,2,1,2,-29,3,2,5,27,0,1,1,1,1,1,6,1
KR_6704639951,420,3,39,3,4,0,3,3,1,7,6,4,8,4,2,5,3,-3,0,3,0,-5,3,-3,8,5,1,0,1,-1,1,1,1,1,1
KR_6629165233,420,1,0,-16,5,0,2,2,3,4,1,-1,2,3,3,9,6,0,2,2,0,5,-23,-3,7,4,2,0,0,1,0,0,1,2,1
KR_6699343648,420,6,63,-8,9,-2,4,6,-3,3,6,5,8,3,8,9,1,1,2,1,-1,1,45,-1,4,3,-11,0,2,1,1,1,-1,1,1
KR_6647352787,440,5,84,39,13,0,3,3,5,5,0,2,2,0,2,5,3,4,4,0,2,13,18,1,5,6,-1,0,3,-1,0,1,1,4,1
KR_6762829347,420,4,10,44,5,1,2,1,1,4,3,4,5,1,-1,3,4,0,0,0,-1,1,41,2,4,6,0,0,1,0,1,1,-1,0,1
KR_6761966543,440,5,30,5,13,1,1,0,1,1,0,3,3,0,8,8,0,0,1,1,0,14,205,7,2,9,2,0,0,1,1,0,1,2,1
KR_6764010207,420,-2,-51,-8,-6,0,5,5,-3,0,3,3,7,4,-5,0,5,-1,0,1,0,-6,-1,6,1,7,-1,0,-2,-1,-1,-1,-1,1,1
KR_6763287880,420,5,51,18,9,0,1,1,-2,3,5,6,6,0,3,5,2,2,2,0,0,10,109,0,4,4,3,0,3,1,1,1,1,3,1
KR_6739054001,420,-1,2,-39,-1,-3,0,3,-2,1,3,-1,2,3,6,8,2,-1,0,1,0,5,8,3,5,8,-1,0,-1,1,-1,-1,1,3,1
KR_6662163964,440,7,83,24,15,4,5,1,1,5,4,9,11,2,-1,2,3,2,3,1,-1,8,-26,-4,8,4,2,0,2,0,0,1,-1,0,1
KR_6741887258,420,-2,11,36,-8,0,0,0,-1,2,3,-3,0,3,-1,0,1,-3,0,3,0,-4,0,-2,4,2,1,0,-2,1,-1,-1,-1,4,1
KR_6760346415,420,1,-13,-30,10,-3,0,3,12,12,0,0,2,2,1,3,2,0,1,1,0,29,-49,4,3,7,-7,0,0,1,-1,-1,1,4,1
KR_6755631540,440,4,42,4,7,0,1,1,4,5,1,-1,1,2,-2,2,4,6,7,1,0,5,25,0,5,5,5,0,1,-1,1,1,1,3,1
KR_6756018697,420,2,7,12,1,1,1,0,2,5,3,3,3,0,-5,2,7,0,0,0,0,-3,-15,0,4,4,1,0,0,-1,1,0,1,1,1
KR_6763728088,420,3,61,4,3,4,4,0,-3,1,4,6,10,4,-1,3,4,-3,2,5,0,5,6,2,6,8,4,0,0,1,-1,0,1,3,1
KR_6762442879,420,0,43,6,2,3,3,0,-1,4,5,-4,3,7,5,6,1,-1,2,3,0,6,-6,2,4,6,6,0,-1,1,-1,-1,1,6,1
KR_6763231638,420,2,49,0,4,2,2,0,-1,0,1,-1,1,2,4,4,0,0,1,1,0,3,-4,-2,4,2,0,0,1,-1,1,1,1,3,1
KR_6761053003,420,-1,13,-24,-2,1,3,2,-3,3,6,0,2,2,0,3,3,0,0,0,0,1,5,-4,9,5,4,0,1,-1,1,1,-1,6,1
KR_6760298892,420,-1,-8,20,-2,1,3,2,0,3,3,2,2,0,-3,5,8,-2,0,2,0,-4,-30,-2,8,6,-4,0,0,-1,1,1,-1,6,1
KR_6670826809,420,6,106,7,10,-2,1,3,7,7,0,4,4,0,0,2,2,1,2,1,0,12,3,-1,6,5,4,0,1,1,1,1,1,2,1
KR_6759452130,440,2,-62,-13,10,3,3,0,4,4,0,2,6,4,0,2,2,1,2,1,2,18,9,4,2,6,-4,0,1,0,1,1,-1,0,1
KR_6760827172,420,5,12,18,13,2,3,1,3,3,0,5,5,0,2,5,3,1,1,0,0,14,43,2,4,6,1,0,2,1,1,1,1,2,1
KR_6760013887,440,1,-34,-16,1,1,1,0,0,0,0,2,5,3,-2,0,2,0,0,0,0,-3,-15,6,3,9,-1,0,1,-1,-1,1,-1,4,1
KR_6759601639,440,1,-57,23,4,0,3,3,6,8,2,0,0,0,-1,0,1,-1,0,1,0,-2,6,5,0,5,1,0,-1,1,1,-1,-1,1,1
KR_6762040746,420,0,47,-8,1,-3,1,4,-1,3,4,2,5,3,3,4,1,0,0,0,0,-1,-6,1,1,2,1,0,0,0,1,1,-1,0,1
KR_6760698390,420,-1,-46,8,7,-1,2,3,6,7,1,6,6,0,-3,0,3,-1,1,2,0,13,5,4,4,8,3,0,-1,1,1,-1,1,4,1
KR_6763326700,420,-1,-11,-2,8,1,2,1,1,2,1,3,6,3,3,7,4,0,0,0,1,5,21,4,2,6,-1,0,1,1,1,1,1,3,1
KR_6753970234,420,1,7,-5,1,-1,3,4,0,0,0,1,6,5,1,3,2,0,0,0,-2,-5,-15,1,4,5,-1,0,2,-1,1,1,1,5,1
KR_6764765696,440,3,90,12,6,8,8,0,5,5,0,1,1,0,-7,0,7,-1,0,1,0,1,44,-1,7,6,0,0,1,1,0,1,1,1,1
KR_6753321486,440,3,6,4,4,-1,1,2,1,2,1,1,2,1,1,1,0,2,6,4,0,6,-3,2,10,12,-4,0,0,1,1,0,1,3,1
KR_6764319729,420,3,-56,-4,4,-1,1,2,2,3,1,4,5,1,-2,0,2,1,1,0,0,5,-13,2,4,6,2,0,-1,0,0,-1,1,0,1
KR_6761506204,420,0,12,17,-7,-1,2,3,2,5,3,-2,1,3,-5,1,6,-1,0,1,0,-12,433,4,4,8,-1,0,0,-1,1,0,-1,2,1
KR_6759201344,420,4,15,16,12,0,2,2,1,2,1,3,3,0,7,8,1,1,1,0,1,15,0,1,4,5,2,0,1,1,-1,1,1,4,1
KR_6545432427,420,-2,15,-16,-4,-1,0,1,1,2,1,0,4,4,0,2,2,-4,0,4,1,3,0,0,4,4,-2,0,-1,-1,0,-1,1,6,1
KR_6747298910,420,1,22,24,8,-1,2,3,0,4,4,5,5,0,4,6,2,0,0,0,0,12,-37,-1,5,4,3,0,1,-1,1,1,1,5,1
KR_6759650264,420,1,18,-1,-2,2,3,1,0,2,2,-2,0,2,-2,1,3,0,1,1,0,-4,0,0,4,4,2,0,1,1,-1,1,1,4,1
KR_6632448570,420,-2,18,7,-1,-2,0,2,2,6,4,-1,2,3,0,3,3,0,0,0,0,4,-6,-2,7,5,3,0,0,-1,1,-1,-1,6,1
KR_6761803919,420,-1,2,-3,1,2,2,0,1,3,2,-1,2,3,-1,1,2,0,1,1,0,5,176,1,2,3,-1,0,0,1,1,0,-1,6,1
KR_6761754713,420,0,-24,44,4,-1,2,3,-3,1,4,3,5,2,5,5,0,0,0,0,0,3,-139,-1,4,3,-3,0,3,-1,1,1,1,2,1
KR_6763746492,420,-2,-24,-8,1,-2,3,5,1,3,2,1,2,1,2,3,1,-1,0,1,0,0,2,2,6,8,-2,0,0,-1,-1,0,1,5,1
KR_6333587782,420,5,69,-31,9,1,2,1,6,7,1,5,5,0,-3,1,4,0,0,0,0,3,1,0,8,8,1,0,1,1,1,1,1,4,1
KR_6692593631,420,-1,-12,-7,3,0,1,1,4,4,0,-3,0,3,4,8,4,-2,0,2,1,11,4,1,5,6,-1,0,2,-1,-1,1,1,1,1
KR_6739119336,420,1,11,-10,8,1,1,0,-1,5,6,4,4,0,4,6,2,0,1,1,0,8,-13,2,7,9,9,0,0,1,1,1,1,2,1
KR_6761973890,440,1,59,0,3,0,3,3,3,4,1,-1,0,1,1,1,0,0,1,1,0,-2,244,1,6,7,5,0,1,1,1,1,1,5,1
KR_6579860177,420,-1,-43,-17,1,0,2,2,-2,2,4,-3,1,4,5,8,3,1,3,2,-1,7,-2,-2,6,4,-2,0,-3,1,-1,-1,-1,6,1
KR_6740509779,420,2,64,1,12,1,1,0,-2,3,5,9,11,2,2,6,4,2,2,0,0,18,-39,0,6,6,21,0,2,1,1,1,1,2,1
KR_6762175881,420,4,52,-11,15,1,1,0,4,5,1,1,2,1,8,10,2,1,2,1,1,19,-3,-3,7,4,2,0,1,1,-1,1,1,1,1
KR_6760469807,420,0,-13,-7,6,-2,2,4,0,2,2,0,1,1,7,8,1,1,1,0,1,7,-5,0,4,4,4,0,-1,1,-1,-1,1,2,1
KR_6677211444,420,6,134,18,13,2,3,1,1,3,2,1,3,2,6,7,1,3,3,0,2,12,-9,7,2,9,0,0,3,1,1,1,1,1,1
KR_6752075186,420,3,21,13,6,2,3,1,3,4,1,-2,1,3,2,6,4,1,1,0,0,11,-9,1,7,8,4,0,2,-1,-1,1,1,3,1
KR_6762892776,420,-1,6,-14,4,-2,0,2,-3,4,7,2,3,1,6,7,1,1,1,0,1,8,-2,1,8,9,2,0,1,1,1,1,1,3,1
KR_6739929238,420,0,28,0,-4,-1,1,2,-1,5,6,-2,2,4,0,5,5,0,0,0,0,-9,-6,-3,6,3,2,0,0,-1,1,-1,-1,6,1
KR_6748522632,420,1,11,-13,4,1,1,0,0,3,3,2,4,2,0,2,2,1,1,0,0,-1,-42,-8,9,1,3,0,0,-1,1,0,1,6,1
KR_6762422826,440,-2,57,-28,1,0,1,1,-1,2,3,-1,0,1,1,2,1,2,2,0,0,2,-4,-1,2,1,2,0,0,0,-1,0,-1,0,1
KR_6759670536,420,2,-24,23,-2,3,3,0,3,5,2,-10,0,10,2,4,2,0,0,0,-1,5,-9,-4,6,2,1,0,-1,1,-1,-1,-1,6,1
KR_6760731797,420,2,22,13,2,2,4,2,2,3,1,1,2,1,-5,3,8,2,2,0,0,0,5,-2,5,3,-1,0,0,1,-1,0,1,2,1
KR_6742166971,420,4,45,-17,18,0,0,0,8,10,2,5,6,1,5,6,1,0,2,2,1,19,30,5,3,8,1,0,0,1,-1,0,1,6,1
KR_6724173929,420,3,46,16,10,4,4,0,4,6,2,2,2,0,-1,1,2,1,2,1,0,13,-2,-1,10,9,-2,0,2,1,-1,1,-1,1,1
KR_6654407178,420,-5,-9,-38,-7,-1,1,2,-4,0,4,-1,1,2,-1,1,2,0,1,1,0,-4,-40,2,5,7,21,0,-1,-1,-1,-1,1,6,1
KR_6740506559,420,1,23,21,7,4,4,0,2,3,1,-3,2,5,3,5,2,1,1,0,1,8,1,-4,10,6,-1,0,1,1,1,1,1,2,1
KR_6764879603,420,1,-8,12,4,1,1,0,-1,1,2,-1,1,2,5,7,2,0,0,0,0,0,118,-1,7,6,2,0,0,1,1,1,-1,6,1
KR_6760211397,420,2,56,-27,3,3,4,1,0,1,1,0,1,1,0,2,2,0,1,1,0,3,9,-1,5,4,-2,0,0,1,0,0,1,3,1
KR_6763270918,440,-1,14,0,2,1,1,0,-1,4,5,-1,2,3,0,1,1,3,5,2,0,4,-106,3,2,5,3,0,0,-1,1,0,1,4,1
KR_6744037564,420,5,78,27,10,2,2,0,5,6,1,3,4,1,0,2,2,0,2,2,1,18,5,2,4,6,-3,0,1,1,1,1,1,5,1
KR_6748643868,420,-5,-57,-8,-6,-1,1,2,1,4,3,0,1,1,-2,5,7,-4,1,5,0,-11,8,-1,6,5,0,0,-1,0,-1,-1,-1,0,1
KR_6590461106,420,2,40,25,4,1,2,1,1,1,0,0,0,0,0,2,2,2,2,0,0,4,-34,-4,9,5,4,0,1,1,1,1,-1,4,1
KR_6654885129,420,0,40,17,1,-5,0,5,-2,1,3,-1,3,4,8,8,0,1,2,1,0,-3,81,-4,6,2,3,0,1,1,-1,1,1,3,1
KR_6718452822,420,1,19,-31,5,0,2,2,2,3,1,-1,2,3,2,3,1,2,3,1,1,10,0,-1,8,7,-4,0,0,1,-1,0,1,3,1
KR_6748179623,420,3,18,-20,4,3,4,1,5,8,3,-1,0,1,-1,4,5,-2,1,3,0,7,16,1,4,5,2,0,0,-1,1,1,1,3,1
KR_6742237610,420,2,-11,15,9,1,2,1,4,5,1,6,6,0,-3,1,4,1,2,1,0,7,-147,3,3,6,3,0,2,1,1,1,1,4,1
KR_6651223081,420,3,77,-13,9,-1,2,3,6,9,3,3,3,0,1,6,5,0,0,0,1,16,16,1,6,7,5,0,0,-1,-1,1,1,5,1
KR_6759896006,420,-1,-18,4,0,-2,2,4,3,5,2,-1,1,2,3,5,2,-3,0,3,0,-1,114,4,4,8,-1,0,0,1,1,0,1,2,1
KR_6751262700,440,-3,-18,-20,0,1,1,0,3,4,1,1,2,1,-6,1,7,1,1,0,0,-3,3,7,0,7,-1,0,0,1,1,0,1,6,1
KR_6733433767,420,0,53,-22,2,2,2,0,1,6,5,0,3,3,-1,2,3,0,2,2,1,1,-4,2,3,5,0,0,0,1,1,0,1,4,1
KR_6764680874,440,1,-14,12,1,-2,3,5,-1,0,1,0,2,2,1,3,2,3,4,1,0,-2,-6,-2,9,7,3,0,0,0,0,0,-1,0,1
KR_6761741776,420,3,49,0,7,1,2,1,3,4,1,3,4,1,1,1,0,-1,1,2,0,8,-7,2,6,8,7,0,1,1,1,1,1,1,1
KR_6705415789,420,1,52,-15,-1,0,1,1,-2,4,6,-2,3,5,1,3,2,2,3,1,0,1,-52,-1,3,2,3,0,-2,-1,-1,-1,-1,1,1
KR_6752227081,420,-1,60,7,1,2,2,0,2,4,2,-2,0,2,0,2,2,-1,2,3,-1,4,-13,2,3,5,-1,0,-1,-1,-1,-1,-1,4,1
KR_6707075882,440,4,16,19,5,1,2,1,1,1,0,3,4,1,0,2,2,0,2,2,0,4,8,5,2,7,0,0,2,1,1,1,1,2,1
KR_6545251911,420,0,-15,-21,-3,-1,1,2,-1,3,4,2,2,0,-2,0,2,-1,1,2,0,-4,-5,-4,7,3,3,0,-1,-1,0,-1,-1,2,1
KR_6753846697,420,2,-18,30,5,-5,1,6,3,3,0,5,6,1,-1,4,5,3,3,0,0,8,-16,2,5,7,6,0,0,1,-1,0,-1,4,1
KR_6669369423,420,-1,-1,7,-3,-3,0,3,3,3,0,5,5,0,-10,2,12,2,2,0,0,-3,-37,-1,3,2,23,0,0,-1,1,1,-1,6,1
KR_6758446220,420,5,54,34,2,-2,2,4,-1,1,2,2,3,1,4,4,0,-1,0,1,0,3,5,0,5,5,-1,0,1,1,-1,1,1,3,1
KR_6763925978,420,5,71,55,6,7,7,0,0,2,2,-3,2,5,2,5,3,0,1,1,0,-3,7,1,6,7,5,0,2,-1,1,1,1,5,1
KR_6699832020,420,0,-53,16,2,-1,3,4,3,6,3,0,0,0,0,1,1,0,1,1,0,7,2,6,1,7,-3,0,0,1,0,0,-1,6,1
KR_6706837747,440,7,57,3,9,2,2,0,0,4,4,6,6,0,-2,0,2,3,3,0,0,7,5,5,3,8,21,0,2,-1,1,1,1,2,1
KR_6642865615,420,1,-17,-2,3,-2,0,2,-1,2,3,2,4,2,0,2,2,4,5,1,0,8,3,-1,7,6,1,0,-2,1,-1,-1,1,2,1
KR_6545346598,420,3,0,-13,3,0,1,1,-1,3,4,0,2,2,3,4,1,1,1,0,0,6,-1,-3,11,8,-4,0,0,1,1,0,-1,6,1
KR_6756273851,420,1,18,9,-1,-6,0,6,-4,1,5,7,7,0,2,3,1,0,1,1,0,-7,-9,0,5,5,1,0,0,1,1,1,1,5,1
KR_6721200041,420,2,-1,9,3,-1,3,4,1,4,3,-1,1,2,4,4,0,0,1,1,0,8,12,3,4,7,5,0,-1,-1,1,1,1,2,1
KR_6765541010,420,2,-50,-24,6,3,4,1,2,4,2,1,3,2,-3,1,4,3,4,1,0,4,11,-1,4,3,-2,0,2,1,-1,1,1,5,1
KR_6761393729,440,5,104,32,12,5,5,0,2,5,3,-1,1,2,3,4,1,3,3,0,0,6,-38,-4,8,4,31,0,2,1,0,1,1,6,1
KR_6748451153,420,2,42,1,2,0,3,3,-5,4,9,0,3,3,7,7,0,0,0,0,0,-6,0,4,0,4,-2,0,1,-1,1,1,1,6,1
KR_6742968352,420,1,40,1,1,-1,1,2,3,4,1,0,2,2,1,2,1,-2,0,2,0,11,-2,-4,8,4,4,0,0,1,-1,-1,-1,3,1
KR_6750825390,420,2,30,16,5,0,1,1,5,6,1,1,2,1,0,4,4,-1,0,1,1,12,205,6,2,8,-7,0,1,1,1,1,1,4,1
KR_6747245823,420,2,7,-16,5,2,4,2,0,2,2,2,4,2,1,3,2,0,1,1,2,2,5,-3,6,3,-3,0,0,-1,1,0,1,2,1
KR_6759156954,420,0,10,-4,1,-1,2,3,5,5,0,1,1,0,-5,1,6,1,1,0,0,3,-6,-1,6,5,2,0,0,-1,0,0,1,1,1
KR_6751112751,420,-1,74,12,-2,5,5,0,-4,1,5,-1,2,3,-2,0,2,0,0,0,0,-13,-11,-5,9,4,4,0,0,1,-1,0,-1,5,1
KR_6763520650,420,3,41,-13,4,-2,3,5,5,5,0,-2,2,4,1,4,3,2,3,1,0,4,-8,-1,5,4,-1,0,0,1,-1,0,-1,6,1
KR_6763798812,420,2,15,0,0,-1,1,2,-4,0,4,4,6,2,-1,1,2,2,2,0,-1,-12,12,-2,7,5,-5,0,1,1,1,1,-1,2,1
KR_6661505614,420,0,55,0,8,4,6,2,-3,2,5,6,6,0,0,3,3,1,1,0,0,4,10,-3,8,5,-14,0,1,1,1,1,1,1,1
KR_6751187416,420,1,-7,28,-2,-4,3,7,3,5,2,0,3,3,-1,4,5,0,0,0,1,1,5,0,6,6,-6,0,-2,-1,-1,-1,1,5,1
KR_6583248303,420,3,66,15,5,5,6,1,-3,2,5,-1,1,2,3,5,2,1,1,0,0,9,-11,1,7,8,2,0,1,1,-1,1,1,4,1
KR_6684606664,420,0,13,8,-3,-1,3,4,3,6,3,-2,1,3,-5,1,6,2,2,0,-1,-3,7,-5,9,4,8,0,0,-1,-1,0,-1,3,1
KR_6754299095,420,1,2,-18,-2,-2,1,3,0,5,5,-1,0,1,0,3,3,1,1,0,0,0,10,-3,7,4,7,0,1,1,0,-1,-1,6,1
KR_6573549326,420,4,63,-6,6,4,5,1,2,3,1,-2,2,4,2,2,0,0,0,0,2,1,-2,-1,10,9,0,0,0,1,-1,1,1,2,1
KR_6754230707,420,1,41,-17,9,6,7,1,0,5,5,-2,0,2,-1,1,2,6,6,0,1,3,10,3,2,5,-2,0,3,1,1,1,1,5,1
KR_6743293647,420,2,-40,40,5,0,0,0,4,5,1,-2,2,4,4,4,0,-1,1,2,0,6,5,2,3,5,-5,0,1,1,1,1,-1,4,1
KR_6764398686,420,-1,-4,6,1,3,3,0,-3,0,3,-1,1,2,3,3,0,-1,0,1,0,-2,-4,2,4,6,-2,0,0,1,-1,0,1,4,1
KR_6763374346,420,2,14,-9,8,-1,1,2,2,4,2,0,3,3,3,5,2,4,7,3,0,12,-46,2,8,10,28,0,1,1,0,1,-1,1,1
KR_6739392256,420,2,49,27,5,-1,3,4,6,6,0,-1,2,3,1,1,0,0,1,1,1,6,32,-3,9,6,3,0,0,-1,1,0,1,3,1
KR_6762748112,420,-2,9,-16,4,-1,1,2,4,6,2,4,4,0,-2,0,2,-1,0,1,0,2,-2,0,5,5,0,0,0,1,-1,0,1,4,1
KR_6725270726,420,6,28,19,16,0,0,0,8,9,1,4,6,2,1,4,3,3,3,0,1,23,-1,-1,5,4,2,0,2,1,1,1,1,3,1
KR_6756939917,420,-1,-64,12,9,0,0,0,0,2,2,3,4,1,6,6,0,0,1,1,0,11,8,0,4,4,0,0,1,1,1,1,1,1,1
KR_6757759613,420,1,-28,24,1,4,4,0,-3,1,4,-2,0,2,3,6,3,-1,0,1,-1,-1,4,2,7,9,0,0,1,1,1,1,-1,6,1
KR_6758897292,420,3,-2,40,6,-1,1,2,9,11,2,-3,2,5,-2,3,5,3,3,0,0,10,5,0,7,7,-1,0,1,-1,-1,1,1,1,1
KR_6738116930,420,1,26,-9,-4,2,2,0,-1,4,5,0,1,1,-2,2,4,-3,1,4,0,-12,-28,3,3,6,4,0,1,1,-1,1,1,1,1
KR_6743878127,420,-1,-76,38,0,1,1,0,-5,2,7,0,3,3,2,3,1,2,4,2,1,0,29,2,5,7,-3,0,0,1,1,1,1,1,1
KR_6760116760,420,4,62,24,6,1,3,2,5,7,2,0,3,3,-3,3,6,3,3,0,0,8,1,3,1,4,-2,0,1,1,1,1,-1,2,1
KR_6764452198,420,0,-58,4,-5,-10,0,10,1,5,4,2,5,3,2,6,4,0,1,1,-1,0,17,1,3,4,-1,0,-1,1,-1,-1,-1,3,1
KR_6632085106,420,1,-45,-14,8,-1,1,2,0,1,1,3,4,1,4,9,5,2,3,1,1,10,-24,6,1,7,14,0,0,1,1,-1,1,6,1
KR_6763745065,420,1,8,-12,5,-2,1,3,1,2,1,0,3,3,5,6,1,1,1,0,0,8,-199,2,7,9,2,0,-1,1,-1,-1,1,5,1
KR_6397717383,440,-4,-26,-24,-13,1,2,1,-1,1,2,-11,0,11,0,10,10,-2,1,3,-2,-27,0,-3,4,1,-1,0,0,0,-1,0,-1,0,1
KR_6763012809,420,3,11,1,6,-2,0,2,1,2,1,4,4,0,3,4,1,0,2,2,0,10,-5,-5,8,3,0,0,0,0,0,0,1,0,1
KR_6748854128,420,-3,14,4,-7,-1,0,1,-1,2,3,-4,1,5,-1,3,4,0,1,1,0,-3,-48,4,2,6,0,0,0,-1,-1,1,1,1,1
KR_6762363290,420,2,-106,52,7,-3,0,3,4,4,0,4,5,1,1,4,3,1,4,3,0,13,19,-2,5,3,-3,0,0,1,1,0,1,3,1
KR_6746036939,420,2,70,9,6,3,4,1,1,2,1,2,6,4,2,4,2,-2,0,2,0,9,-3,-1,4,3,0,0,1,1,-1,1,1,4,1
KR_6763986181,420,2,76,-16,5,2,3,1,-2,2,4,0,2,2,0,3,3,5,5,0,0,0,-2,-1,6,5,0,0,0,1,0,0,1,6,1
KR_6693423563,420,1,16,2,6,-2,0,2,4,5,1,2,4,2,2,3,1,0,1,1,0,8,1,0,6,6,-2,0,1,1,-1,1,1,1,1
KR_6759423480,420,-2,28,-10,3,-1,1,2,3,3,0,2,2,0,1,2,1,-2,0,2,0,0,1,-2,8,6,-4,0,-1,1,-1,-1,1,6,1
KR_6735046804,420,1,-25,44,-1,0,1,1,3,7,4,-1,3,4,-1,1,2,-2,2,4,-1,-10,-6,-3,6,3,1,0,0,-1,1,1,-1,1,1
KR_6664767257,420,4,34,37,8,3,4,1,2,3,1,4,4,0,-2,1,3,1,1,0,0,2,-238,3,6,9,-4,0,0,1,-1,0,-1,5,1
KR_6745286983,420,-1,-17,-36,-5,3,4,1,-5,0,5,-4,2,6,1,2,1,0,0,0,-3,-16,-14,-5,10,5,-3,0,-1,-1,1,-1,-1,5,1
KR_6660783418,420,3,87,-7,10,1,2,1,0,1,1,6,6,0,4,5,1,-1,0,1,0,7,10,4,3,7,-3,0,1,1,1,1,-1,4,1
KR_6751861701,420,0,12,-24,0,-5,1,6,3,6,3,0,2,2,1,3,2,1,4,3,0,5,-6,4,3,7,-3,0,0,0,1,1,1,0,1
KR_6759421407,420,2,-5,-20,9,6,6,0,1,2,1,2,4,2,-2,3,5,2,2,0,0,4,1,1,5,6,6,0,3,1,1,1,-1,5,1
KR_6731370605,420,-1,23,-7,2,1,1,0,1,2,1,0,1,1,2,4,2,-2,1,3,0,3,3,3,4,7,6,0,0,1,1,0,1,6,1
KR_6764902147,440,-4,-126,-37,-15,-3,5,8,2,4,2,-7,2,9,-2,0,2,-5,1,6,0,-12,-25,1,4,5,1,0,-4,-1,-1,-1,-1,1,1
KR_6372685590,420,-2,-9,-3,4,0,5,5,1,4,3,0,2,2,3,6,3,0,3,3,0,11,0,0,0,0,-3,0,1,-1,-1,1,1,5,1
KR_6713243073,420,1,35,32,4,8,9,1,-4,2,6,0,0,0,-1,1,2,1,1,0,0,-5,5,-6,10,4,-6,0,0,1,1,1,1,6,1
KR_6758768320,420,3,45,-8,-2,3,3,0,1,2,1,-2,1,3,-1,2,3,-3,0,3,0,-5,-1,1,6,7,-1,0,0,-1,0,0,1,3,1
KR_6691759286,420,4,77,40,6,3,4,1,2,4,2,2,2,0,0,3,3,-1,0,1,0,3,30,2,3,5,1,0,1,-1,1,1,1,3,1
KR_6701709646,420,0,-28,-4,9,0,2,2,6,6,0,1,4,3,1,3,2,1,2,1,1,14,71,1,1,2,1,0,2,1,1,1,1,2,1
KR_6759192054,440,4,49,4,-4,0,3,3,-6,0,6,-1,1,2,-2,4,6,5,5,0,-1,-9,-4,-3,4,1,7,0,1,0,0,1,1,0,1
KR_6764138699,420,1,70,-11,1,0,2,2,0,4,4,1,4,3,1,1,0,-1,0,1,0,2,5,-1,5,4,3,0,1,0,1,1,-1,0,1
KR_6761391386,420,-1,19,-16,-2,4,4,0,4,5,1,-1,1,2,-9,1,10,0,2,2,2,-4,7,2,2,4,-1,0,0,0,-1,1,1,0,1
KR_6760411612,420,-1,-31,2,-4,-1,0,1,-4,0,4,1,1,0,2,5,3,-2,2,4,0,1,-26,-4,6,2,0,0,1,0,1,1,-1,0,1
KR_6735603158,420,5,94,-19,6,3,4,1,4,6,2,1,2,1,-2,1,3,0,1,1,0,1,6,5,2,7,2,0,2,1,1,1,1,4,1
KR_6660261087,420,2,-8,4,2,1,1,0,-3,0,3,1,2,1,1,3,2,2,2,0,0,-5,-25,1,4,5,-3,0,0,1,1,0,-1,4,1
KR_6756193585,420,2,1,16,3,3,3,0,-3,2,5,-5,1,6,7,9,2,1,3,2,0,1,5,2,5,7,0,0,2,1,1,1,1,5,1
KR_6686348621,420,1,-14,-15,1,4,4,0,-2,1,3,0,3,3,-1,1,2,0,0,0,0,-6,-6,1,5,6,4,0,0,-1,-1,0,1,6,1
KR_6636212699,420,6,54,9,15,2,4,2,0,5,5,2,3,1,5,6,1,6,7,1,1,13,3,-2,4,2,1,0,2,1,1,1,1,3,1
KR_6744113240,420,0,-2,8,-1,-2,0,2,-1,3,4,-4,0,4,4,4,0,2,4,2,0,2,-2,-1,6,5,4,0,0,1,-1,-1,1,1,1
KR_6750416054,420,0,7,5,-2,-4,2,6,-2,1,3,2,4,2,3,3,0,-1,0,1,0,3,-3,-1,6,5,-3,0,0,-1,1,0,-1,3,1
KR_6738946599,420,1,53,-13,3,3,3,0,-5,2,7,2,2,0,2,4,2,1,1,0,0,7,17,3,3,6,2,0,1,-1,1,1,-1,5,1
KR_6760617126,420,2,97,13,6,3,3,0,-1,5,6,4,4,0,-3,2,5,3,3,0,0,1,-27,3,5,8,9,0,1,1,1,1,1,5,1
KR_6760488209,420,5,-16,1,19,7,7,0,-2,1,3,2,5,3,7,10,3,5,5,0,0,23,10,6,0,6,1,0,4,-1,1,1,1,2,1
KR_6750741033,440,-4,-19,2,-8,1,2,1,-2,5,7,-5,0,5,-1,0,1,-1,0,1,0,1,8,1,4,5,0,0,-1,-1,0,-1,-1,1,1
KR_6558292052,420,2,-45,48,2,1,3,2,3,4,1,-1,1,2,1,2,1,-2,0,2,0,10,-1,4,4,8,-5,0,1,1,1,1,1,4,1
KR_6688634265,420,3,39,-16,14,-1,0,1,3,3,0,5,5,0,8,12,4,-1,2,3,0,21,91,-1,6,5,6,0,-1,1,1,-1,1,1,1
KR_6746173566,420,1,28,-23,2,-1,1,2,2,4,2,-1,0,1,3,5,2,-1,0,1,0,5,-4,3,5,8,2,0,1,1,0,1,1,3,1
KR_6738737257,420,0,-7,-9,-1,1,4,3,-5,2,7,3,4,1,0,3,3,0,2,2,0,4,8,4,4,8,-1,0,0,1,-1,1,1,2,1
KR_6629381023,420,1,49,28,4,4,4,0,1,3,2,-3,1,4,3,3,0,-1,1,2,-1,-2,-115,-1,7,6,5,0,2,1,1,1,-1,6,1
KR_6763853899,420,0,1,-20,-10,1,3,2,-3,0,3,-9,0,9,1,3,2,0,0,0,0,-3,5,3,4,7,3,0,0,-1,0,0,-1,6,1
KR_6629647729,420,0,15,-11,-1,0,1,1,-1,1,2,6,7,1,-6,0,6,0,0,0,-1,-1,4,-2,6,4,1,0,-1,1,-1,-1,-1,4,1
KR_6465242226,440,2,-28,28,8,3,3,0,3,3,0,2,4,2,2,2,0,-2,0,2,1,14,-4,0,6,6,0,0,1,-1,1,-1,1,5,1
KR_6715743583,420,1,-35,-12,3,0,2,2,3,6,3,4,6,2,-3,1,4,-1,1,2,0,4,26,-2,8,6,-4,0,0,-1,1,-1,-1,4,1
KR_6733681958,420,3,5,-10,6,-2,2,4,8,9,1,2,2,0,-1,2,3,-1,0,1,0,9,9,3,1,4,3,0,1,0,-1,1,1,0,1
KR_6691916790,420,0,7,-34,-4,-1,1,2,-2,3,5,-3,3,6,2,4,2,0,1,1,-2,-2,24,-2,8,6,5,0,0,0,1,0,-1,0,1
KR_6681221869,420,3,-6,14,14,-2,0,2,9,9,0,2,2,0,9,9,0,-4,0,4,0,14,-2,-1,6,5,1,0,1,1,1,1,-1,3,1
KR_6758700829,420,2,11,36,2,7,7,0,-2,2,4,-4,2,6,1,1,0,0,1,1,1,-8,-40,3,3,6,13,0,2,1,1,1,1,5,1
KR_6653301435,420,1,-5,-11,7,2,3,1,4,4,0,0,3,3,-1,1,2,2,3,1,0,7,-19,-3,7,4,1,0,0,-1,1,1,-1,5,1
KR_6756893735,420,-3,-7,-1,-1,3,3,0,-1,2,3,-1,2,3,-1,3,4,-1,1,2,0,1,-62,0,5,5,28,0,-1,1,-1,-1,1,5,1
KR_6755781284,440,0,77,17,4,-4,1,5,-3,1,4,2,3,1,4,6,2,5,5,0,1,10,0,0,2,2,-1,0,-1,1,-1,1,1,6,1
KR_6756172728,420,3,0,9,12,-3,0,3,6,6,0,6,7,1,0,2,2,3,3,0,1,17,17,-2,7,5,0,0,1,1,-1,1,1,6,1
KR_6735090149,420,2,24,16,5,0,1,1,4,7,3,2,5,3,-1,1,2,0,0,0,0,3,-11,0,7,7,0,0,1,-1,1,1,-1,5,1
KR_6716666604,420,5,104,16,11,2,4,2,5,6,1,1,3,2,-1,4,5,4,4,0,-1,4,2,-1,4,3,3,0,1,1,1,1,-1,6,1
KR_6763750773,420,6,40,65,13,3,4,1,4,4,0,3,6,3,2,3,1,1,2,1,0,18,5,1,2,3,2,0,3,1,1,1,-1,6,1
KR_6392427558,420,0,-13,-9,-2,-5,2,7,0,1,1,0,1,1,3,4,1,0,0,0,0,3,4,0,5,5,-4,0,-1,-1,-1,-1,-1,2,1
KR_6670781256,420,-1,7,12,-3,-1,1,2,-1,3,4,1,1,0,1,3,2,-3,0,3,0,-1,0,-1,10,9,0,0,0,1,-1,-1,-1,2,1
KR_6744635758,420,0,-78,48,-1,-3,0,3,2,3,1,2,3,1,-4,0,4,2,2,0,0,0,0,3,3,6,-2,0,0,1,1,1,-1,6,1
KR_6763553316,420,2,-17,12,1,2,3,1,1,2,1,2,2,0,-3,2,5,-1,0,1,0,1,-19,-2,9,7,-4,0,0,1,0,0,-1,5,1
KR_6763125082,420,0,43,-20,1,-1,3,4,1,5,4,-2,2,4,3,3,0,0,0,0,0,11,45,1,3,4,-22,0,0,1,-1,1,-1,3,1
KR_6439432453,420,1,12,-28,-1,4,4,0,-1,2,3,-5,1,6,2,5,3,-1,0,1,0,-5,12,5,4,9,2,0,1,1,-1,1,1,1,1
KR_6753727263,440,5,93,6,24,2,3,1,4,6,2,5,7,2,12,12,0,1,3,2,3,27,-13,1,2,3,4,0,2,0,1,1,1,0,1
KR_6639479093,420,6,25,35,14,1,2,1,3,4,1,6,6,0,4,4,0,0,0,0,0,14,6,6,0,6,3,0,2,1,1,1,1,1,1
KR_6413172749,420,3,30,16,11,3,3,0,2,6,4,4,5,1,1,1,0,1,1,0,0,10,17,0,3,3,-1,0,1,-1,1,1,1,4,1
KR_6765403224,420,5,85,-25,10,3,3,0,1,1,0,0,1,1,6,7,1,0,0,0,0,9,-5,5,2,7,5,0,2,-1,1,1,1,1,1
KR_6695888592,420,0,-39,18,0,4,6,2,0,2,2,-3,2,5,-1,0,1,0,0,0,0,2,122,3,4,7,1,0,1,1,1,1,1,3,1
KR_6753089996,420,-1,25,-12,1,0,3,3,2,2,0,1,2,1,-1,1,2,-1,0,1,0,-5,12,4,4,8,-2,0,0,-1,1,1,-1,1,1
KR_6759398946,440,2,-12,10,8,2,3,1,3,3,0,2,4,2,1,1,0,0,5,5,0,9,0,1,3,4,0,0,2,1,1,1,-1,3,1
KR_6737124972,420,1,32,17,-1,1,3,2,0,5,5,2,2,0,-5,0,5,1,2,1,0,1,36,-1,7,6,-14,0,1,-1,1,1,-1,5,1
KR_6763929821,420,3,-3,-9,6,2,3,1,0,3,3,3,5,2,1,4,3,0,0,0,0,2,-6,-1,8,7,6,0,1,-1,1,1,1,3,1
KR_6754322676,420,4,14,3,10,4,4,0,-2,3,5,3,5,2,4,4,0,1,1,0,0,7,-13,3,3,6,0,0,0,-1,-1,-1,-1,2,1
KR_6762759701,420,1,89,0,4,-3,1,4,2,4,2,1,2,1,3,3,0,1,1,0,0,7,8,4,6,10,3,0,0,1,0,1,1,1,1
KR_6684240164,420,-3,-28,-20,-4,0,2,2,-4,4,8,0,2,2,-2,2,4,2,2,0,0,-13,-5,-3,7,4,4,0,0,-1,1,0,1,4,1
KR_6641923868,420,4,98,5,7,6,6,0,-3,1,4,1,2,1,-1,4,5,4,7,3,1,5,10,2,3,5,-4,0,2,-1,1,1,1,1,1
KR_6743559718,420,0,94,-3,-1,4,4,0,0,2,2,-2,1,3,-5,3,8,2,2,0,0,-12,0,-2,8,6,2,0,1,-1,1,1,1,4,1
KR_6650033976,420,-2,-59,-11,-6,-3,0,3,2,7,5,-2,0,2,-3,1,4,0,0,0,0,-8,5,-1,8,7,3,0,-1,-1,1,-1,-1,2,1
KR_6723196546,420,1,-57,9,3,-2,0,2,3,6,3,-2,3,5,3,5,2,1,1,0,1,12,-9,-1,10,9,-3,0,0,1,-1,0,1,3,1
KR_6735923271,420,3,46,-26,7,2,3,1,3,5,2,1,3,2,1,1,0,0,1,1,0,6,42,4,3,7,-3,0,2,1,-1,1,-1,1,1
KR_6706085394,420,0,-30,-2,4,1,3,2,2,2,0,6,6,0,-1,3,4,-4,1,5,0,4,17,-5,8,3,4,0,1,1,1,1,1,6,1
KR_6693801643,420,4,58,20,1,2,2,0,-5,3,8,1,3,2,-1,2,3,4,4,0,0,-11,-29,-3,7,4,5,0,1,1,1,1,-1,2,1
KR_6731609316,420,0,43,-8,8,1,2,1,0,1,1,6,6,0,-1,3,4,2,2,0,0,6,-8,0,5,5,0,0,1,0,1,1,1,0,1
KR_6753279523,420,1,11,34,7,1,3,2,2,3,1,8,8,0,-1,3,4,-3,1,4,0,4,4,1,5,6,5,0,1,1,1,1,1,6,1
KR_6765270472,420,2,-5,12,3,2,3,1,1,5,4,1,1,0,0,4,4,-1,0,1,0,-1,3,0,6,6,-3,0,0,1,-1,-1,1,3,1
KR_6760988557,440,-2,30,-4,4,6,7,1,2,2,0,-4,4,8,-1,3,4,1,1,0,0,11,-3,2,2,4,-1,0,1,1,1,-1,1,4,1
KR_6693498100,420,1,17,44,5,7,7,0,-3,3,6,2,3,1,-6,0,6,5,5,0,0,-5,1,4,3,7,3,0,0,1,-1,0,1,3,1
KR_6758350278,440,6,96,-12,21,-1,2,3,5,5,0,11,11,0,3,4,1,3,3,0,1,24,-3,-1,7,6,4,0,1,1,-1,1,1,1,1
KR_6755727475,420,6,27,4,9,-2,1,3,3,4,1,5,5,0,5,5,0,-2,2,4,1,6,13,-1,7,6,-2,0,0,-1,1,1,1,2,1
KR_6583267339,420,1,44,36,-1,-1,0,1,-1,3,4,5,6,1,-5,0,5,1,1,0,0,-4,4,-1,6,5,0,0,0,1,1,1,-1,4,1
KR_6504269346,420,5,45,-11,14,5,6,1,2,4,2,0,1,1,7,8,1,0,0,0,0,22,3,2,5,7,3,0,2,1,-1,-1,-1,1,1
KR_6415473204,420,-1,-8,2,-2,-2,0,2,-5,2,7,0,3,3,5,6,1,0,0,0,0,0,15,-3,5,2,7,0,0,0,-1,-1,-1,0,1
KR_6762317876,420,2,40,24,1,3,3,0,2,4,2,2,2,0,-5,3,8,-1,0,1,0,3,-1,0,7,7,3,0,-1,1,1,-1,1,4,1
KR_6713129202,420,-4,-91,6,-6,-4,0,4,1,3,2,3,3,0,-6,2,8,0,2,2,0,-7,-1,-1,7,6,0,0,-3,-1,1,-1,-1,4,1
KR_6475179073,420,1,39,27,-3,3,3,0,1,5,4,-6,1,7,-1,2,3,0,2,2,0,-4,6,3,3,6,-3,0,3,-1,1,1,1,2,1
KR_6672385885,440,1,60,8,-2,-6,0,6,-2,0,2,6,8,2,-2,3,5,2,2,0,0,-9,27,4,3,7,0,0,-1,1,-1,1,-1,6,1
KR_6332003000,420,1,-37,-4,13,2,3,1,7,10,3,1,2,1,2,2,0,1,2,1,0,13,6,4,6,10,1,0,0,1,1,-1,1,5,1
KR_6753161748,420,-3,10,-25,-3,-2,1,3,3,4,1,-2,1,3,-3,0,3,1,1,0,0,-3,-28,1,8,9,-7,0,-1,-1,0,-1,-1,6,1
KR_6623140597,420,2,1,-4,4,-2,1,3,2,4,2,-5,3,8,6,7,1,3,4,1,0,15,5,3,2,5,-1,0,1,1,1,1,-1,6,1
KR_6729565596,420,1,24,6,5,2,3,1,-2,2,4,1,4,3,3,4,1,1,2,1,0,7,17,7,2,9,-15,0,1,1,1,1,1,2,1
KR_6717732724,420,0,5,33,6,-1,3,4,9,11,2,1,3,2,0,3,3,-3,1,4,1,6,17,11,1,12,-5,0,1,1,1,1,1,5,1
KR_6759015496,420,2,17,-3,7,8,8,0,3,4,1,1,4,3,-4,0,4,-1,1,2,0,5,10,5,2,7,-6,0,0,1,1,1,1,2,1
KR_6765544190,420,-1,27,12,-1,3,4,1,-5,1,6,3,3,0,-3,2,5,1,2,1,0,-8,0,6,4,10,-7,0,-1,1,-1,-1,-1,2,1
KR_6695054503,420,0,-3,-28,-2,-1,2,3,-1,2,3,3,4,1,-2,2,4,-1,0,1,0,7,42,3,2,5,-25,0,-1,-1,-1,-1,1,5,1
KR_6762969552,420,0,-56,-10,-4,4,5,1,0,1,1,-3,1,4,-5,1,6,0,0,0,0,-14,-54,-1,6,5,1,0,0,-1,-1,1,1,1,1
KR_6732482173,420,-1,-38,-17,0,1,1,0,2,4,2,-6,0,6,4,4,0,-1,1,2,0,-1,-112,-2,6,4,-6,0,-1,1,1,-1,-1,3,1
KR_6763214254,440,4,30,18,3,0,1,1,2,2,0,2,2,0,-1,3,4,0,0,0,0,0,-84,0,5,5,0,0,0,1,-1,0,-1,6,1
KR_6762824243,420,1,5,-19,5,0,2,2,2,4,2,-2,1,3,1,3,2,4,4,0,0,8,-4,-2,8,6,3,0,0,1,-1,0,1,4,1
KR_6737074242,420,5,27,58,3,-2,1,3,-1,3,4,-1,1,2,1,4,3,6,6,0,0,4,-64,3,5,8,26,0,0,1,1,0,1,5,1
KR_6748022790,420,-2,-12,-14,-2,2,4,2,-1,3,4,-3,2,5,-1,5,6,1,1,0,0,6,-1,2,6,8,-5,0,0,-1,-1,0,-1,5,1
KR_6765387728,420,2,-44,-6,4,0,4,4,-1,0,1,5,5,0,0,1,1,0,1,1,0,6,-41,2,3,5,38,0,0,-1,1,0,1,5,1
KR_6761554022,420,-2,-60,12,-2,-1,1,2,-1,1,2,0,3,3,-1,1,2,1,1,0,0,3,-12,-3,5,2,3,0,0,-1,1,-1,-1,3,1
KR_6764520303,420,0,-5,-22,-2,-6,2,8,6,7,1,3,4,1,-2,1,3,-3,0,3,0,-3,8,-1,4,3,1,0,-1,1,-1,-1,-1,6,1
KR_6691035198,420,1,56,9,0,-4,1,5,5,8,3,0,3,3,-1,1,2,0,2,2,0,6,57,-3,8,5,-27,0,1,1,-1,1,-1,4,1
KR_6756052440,420,-1,26,-32,-1,2,3,1,-4,0,4,-1,3,4,1,1,0,1,1,0,0,-6,1,4,2,6,-7,0,0,-1,1,0,1,2,1
KR_6707385168,420,1,15,-12,-2,4,4,0,1,2,1,-2,3,5,-4,5,9,-1,1,2,-2,-5,-29,-4,6,2,1,0,1,1,1,1,-1,2,1
KR_6760163103,420,-2,21,-8,-2,2,5,3,-1,2,3,0,1,1,-2,1,3,-1,1,2,0,-6,-8,5,4,9,-3,0,2,1,-1,1,1,2,1
KR_6718368244,420,4,57,11,5,0,0,0,1,3,2,0,4,4,0,3,3,4,4,0,0,0,7,-1,4,3,-2,0,2,0,1,1,-1,0,1
KR_6707043104,420,-1,-9,-19,-3,2,2,0,-3,0,3,-1,5,6,3,7,4,-4,1,5,0,-11,-4,3,3,6,0,0,0,1,-1,0,-1,5,1
KR_6637636096,420,-1,-46,-16,2,0,0,0,-2,4,6,1,2,1,4,4,0,-1,1,2,-1,4,-3,-1,5,4,2,0,0,1,1,0,-1,5,1
KR_6750794162,420,2,37,12,9,0,3,3,0,2,2,5,5,0,3,6,3,1,1,0,0,14,-9,-2,6,4,8,0,1,1,1,1,-1,6,1
KR_6763813406,420,1,0,25,-1,-1,2,3,0,1,1,1,3,2,-3,4,7,2,2,0,0,5,4,0,7,7,-3,0,0,1,1,-1,1,2,1
KR_6732569028,420,1,55,-5,0,1,1,0,-2,1,3,-1,1,2,1,5,4,1,1,0,0,-9,-4,2,3,5,6,0,4,-1,1,1,1,5,1
KR_6749718042,420,10,86,100,25,3,5,2,2,2,0,4,6,2,14,14,0,2,3,1,0,28,20,1,2,3,4,0,6,1,1,1,1,6,1
KR_6745123060,420,1,13,21,6,0,1,1,7,10,3,-1,1,2,0,2,2,0,0,0,-1,10,-23,3,3,6,18,0,1,1,1,1,-1,4,1
KR_6764147046,420,0,-14,0,-3,7,7,0,-1,2,3,-1,1,2,-8,1,9,0,0,0,0,-3,-3,0,4,4,2,0,0,-1,1,-1,1,3,1
KR_6765104235,420,0,2,-18,3,0,1,1,-2,3,5,3,5,2,2,6,4,0,1,1,-2,-5,2,-2,5,3,-1,0,0,-1,1,0,-1,6,1
KR_6729691420,440,4,30,-7,11,1,1,0,1,4,3,-1,3,4,12,12,0,-2,1,3,1,21,-12,-5,8,3,4,0,1,-1,1,1,1,1,1
KR_6764801097,420,3,22,-12,9,3,4,1,1,1,0,-1,1,2,5,5,0,1,1,0,0,12,21,4,2,6,4,0,1,1,-1,1,1,6,1
KR_6759841595,440,9,98,-2,20,9,10,1,6,7,1,5,7,2,2,3,1,-2,0,2,-1,21,4,8,3,11,2,0,1,1,-1,1,-1,3,1
KR_6760569872,420,3,100,-3,2,1,1,0,2,2,0,2,2,0,-1,2,3,-2,2,4,0,1,-6,-1,6,5,6,0,0,1,1,0,-1,3,1
KR_6660391708,420,3,12,1,8,-3,0,3,3,4,1,2,3,1,5,5,0,1,2,1,0,10,-7,-5,9,4,4,0,1,-1,1,1,1,2,1
KR_6765385955,420,2,44,8,-2,1,3,2,-3,0,3,0,1,1,2,4,2,-2,0,2,0,1,3,-3,7,4,-5,0,0,1,1,0,-1,3,1
KR_6749650017,420,0,-40,33,0,9,9,0,0,3,3,-4,1,5,-5,2,7,0,1,1,0,-4,-1,-1,6,5,-3,0,-1,1,-1,-1,-1,3,1
KR_6754501525,420,2,66,8,1,1,1,0,0,1,1,-5,2,7,5,5,0,0,1,1,0,0,1,2,3,5,-2,0,0,-1,-1,1,1,2,1
KR_6683464981,440,5,65,-2,11,-1,1,2,4,6,2,5,5,0,3,3,0,0,1,1,0,2,2,1,1,2,3,0,2,0,1,1,1,0,1
KR_6620126770,440,1,-1,4,0,2,3,1,4,4,0,-1,2,3,-5,2,7,0,2,2,0,-1,-15,2,7,9,0,0,1,1,1,1,-1,5,1
KR_6762089076,420,0,27,-23,3,2,2,0,-1,1,2,0,2,2,2,2,0,0,0,0,0,8,-45,-5,9,4,3,0,0,-1,-1,0,1,4,1
KR_6696498581,420,-2,-43,-20,5,-1,1,2,4,9,5,6,7,1,-4,2,6,0,0,0,0,11,-16,3,3,6,2,0,1,-1,-1,-1,1,6,1
KR_6763948127,420,5,56,32,2,-3,0,3,-1,1,2,3,6,3,2,5,3,1,3,2,-1,-2,1,-2,5,3,-2,0,2,1,1,1,-1,4,1
KR_6760067425,440,-2,-55,-28,-3,-6,1,7,0,5,5,-1,0,1,-1,3,4,5,7,2,0,-4,1,0,4,4,-2,0,-1,-1,0,-1,1,4,1
KR_6685268398,420,-3,44,-24,-2,1,2,1,-5,1,6,2,3,1,-1,0,1,1,2,1,0,-1,0,6,2,8,3,0,-1,1,-1,-1,1,1,1
KR_6723251223,420,3,169,28,11,2,2,0,1,3,2,1,1,0,6,7,1,1,3,2,0,11,-60,0,6,6,1,0,3,1,1,1,1,4,1
KR_6548088422,420,7,56,43,12,5,5,0,3,3,0,3,3,0,1,1,0,0,0,0,0,5,-20,3,4,7,5,0,2,-1,1,1,1,2,1
KR_6641906532,440,3,47,-8,1,-1,2,3,2,4,2,-1,6,7,1,3,2,0,1,1,2,14,3,2,4,6,-1,0,0,1,-1,0,1,4,1
KR_6570194628,420,1,34,-8,2,2,2,0,3,4,1,2,4,2,-2,1,3,-3,0,3,-1,3,7,1,4,5,1,0,0,0,1,0,-1,0,1
KR_6660093657,420,0,-30,-3,4,3,4,1,-4,3,7,0,2,2,1,3,2,4,5,1,0,11,7,3,3,6,-1,0,0,0,-1,0,-1,0,1
KR_6629669654,420,1,21,48,0,-1,1,2,3,4,1,-5,1,6,2,3,1,1,1,0,0,8,7,3,1,4,-1,0,0,1,-1,0,-1,6,1
KR_6691723142,420,2,15,-14,7,1,3,2,2,4,2,-2,2,4,5,6,1,1,3,2,0,3,10,2,6,8,0,0,0,1,1,-1,1,1,1
KR_6731660184,420,2,61,5,4,-3,0,3,1,2,1,3,5,2,3,3,0,0,2,2,2,9,-22,3,4,7,-2,0,3,1,1,1,1,5,1
KR_6698232376,420,2,30,8,2,4,4,0,1,2,1,2,3,1,-5,0,5,0,0,0,0,0,2,0,6,6,0,0,1,-1,1,1,1,4,1
KR_6763171742,440,2,162,20,3,2,2,0,3,3,0,-6,2,8,2,2,0,2,3,1,0,-5,9,2,6,8,3,0,2,1,1,1,1,3,1
KR_6765055775,420,0,-3,-29,6,0,1,1,5,9,4,0,2,2,1,4,3,0,1,1,0,8,-11,2,4,6,5,0,1,0,1,1,-1,0,1
KR_6723939803,420,3,93,-20,15,0,0,0,2,4,2,4,4,0,8,8,0,1,1,0,0,14,5,2,2,4,-3,0,0,1,1,1,1,3,1
KR_6763374941,420,2,86,5,7,-1,1,2,0,3,3,5,5,0,3,6,3,0,0,0,0,13,2,1,7,8,4,0,0,1,-1,-1,-1,6,1
KR_6760374107,420,5,14,3,8,-4,0,4,3,5,2,3,4,1,6,7,1,0,1,1,-1,5,8,5,3,8,2,0,0,1,0,0,-1,2,1
KR_6727003796,420,1,10,-34,4,-1,2,3,-2,4,6,0,2,2,5,6,1,2,2,0,0,18,1,4,5,9,6,0,0,0,-1,-1,-1,0,1
KR_6759632617,420,1,21,26,6,2,3,1,1,1,0,0,3,3,2,2,0,1,1,0,0,8,13,2,4,6,-4,0,2,-1,1,1,-1,2,1
KR_6636127976,420,-1,20,-33,0,-1,0,1,-6,0,6,-1,2,3,7,8,1,1,1,0,0,5,11,6,5,11,10,0,-1,-1,-1,-1,-1,5,1
KR_6638062621,420,2,89,32,9,4,5,1,1,3,2,5,6,1,-2,5,7,1,3,2,1,0,-11,2,6,8,0,0,1,1,1,1,1,5,1
KR_6657256014,420,0,53,3,4,4,5,1,1,1,0,3,4,1,0,1,1,-4,1,5,0,-5,24,1,3,4,3,0,3,1,-1,1,1,5,1
KR_6730824522,420,-1,12,-24,-1,1,1,0,2,5,3,1,3,2,-6,0,6,1,1,0,0,-2,-3,-1,3,2,-2,0,-1,-1,1,-1,1,3,1
KR_6741117866,420,2,68,8,2,1,1,0,-1,1,2,-1,3,4,6,8,2,-3,0,3,0,7,6,3,2,5,-2,0,1,-1,1,1,1,4,1
KR_6745248169,420,2,8,3,2,-1,1,2,0,1,1,2,4,2,1,4,3,0,1,1,0,1,6,-2,7,5,-1,0,0,1,1,0,-1,4,1
KR_6748557566,420,2,-14,7,9,1,1,0,4,4,0,3,5,2,0,1,1,1,1,0,0,8,-37,3,2,5,-3,0,1,-1,1,1,1,5,1
KR_6764750498,420,2,-16,-1,10,3,4,1,-3,1,4,6,6,0,2,6,4,2,2,0,0,7,6,2,3,5,-2,0,0,1,0,0,1,2,1
KR_6607123849,420,1,22,20,4,-4,0,4,4,4,0,-4,0,4,8,9,1,0,0,0,0,-1,30,-1,7,6,4,0,1,1,-1,1,1,1,1
KR_6616452328,420,-3,-60,-10,-7,1,1,0,-4,1,5,0,5,5,0,4,4,-4,1,5,0,0,-40,-3,6,3,1,0,-2,1,-1,-1,-1,6,1
KR_6688573509,420,5,78,32,9,2,4,2,7,7,0,1,3,2,-4,0,4,3,5,2,0,8,-4,-1,5,4,2,0,1,1,0,1,1,1,1
KR_6744284335,420,-3,-41,-16,0,1,1,0,-1,2,3,1,5,4,2,6,4,-3,2,5,2,18,3,3,3,6,0,0,-1,1,-1,-1,1,5,1
KR_6641323738,420,-1,41,29,-3,0,0,0,-5,0,5,3,3,0,-2,3,5,1,1,0,0,1,127,-5,9,4,2,0,1,-1,-1,1,-1,1,1
KR_6673881868,440,0,-10,-8,5,-3,1,4,0,2,2,5,7,2,3,5,2,0,1,1,2,3,0,-3,6,3,2,0,1,-1,1,1,1,4,1
KR_6762722754,420,5,87,-15,19,10,10,0,5,6,1,3,3,0,2,6,4,-1,2,3,0,10,-1,-1,5,4,1,0,3,1,1,1,1,1,1
KR_6733742546,420,0,-38,-10,1,-2,1,3,1,5,4,3,5,2,-2,2,4,1,2,1,0,-1,-10,-3,7,4,0,0,0,1,-1,0,1,3,1
KR_6668553738,420,1,-1,17,11,3,6,3,0,1,1,3,4,1,5,7,2,0,1,1,0,7,153,2,5,7,-1,0,2,1,1,1,-1,1,1
KR_6727025405,420,4,81,-23,13,1,2,1,3,8,5,2,3,1,7,8,1,0,0,0,1,16,6,1,5,6,4,0,0,1,-1,-1,-1,1,1
KR_6712469419,420,5,93,20,9,3,4,1,-1,3,4,1,1,0,2,3,1,4,4,0,1,12,4,1,5,6,1,0,4,1,1,1,1,6,1
KR_6765111873,420,2,-21,-28,8,-1,1,2,4,4,0,2,2,0,3,4,1,0,0,0,0,12,-2,1,4,5,-2,0,0,1,1,0,1,2,1
KR_6756255232,420,2,29,-3,9,3,4,1,6,8,2,-2,3,5,3,4,1,-1,1,2,0,4,124,1,6,7,-4,0,2,1,-1,1,1,4,1
KR_6753303920,440,2,61,20,6,3,3,0,-2,3,5,1,3,2,5,6,1,-1,0,1,0,-3,-3,-6,10,4,0,0,1,1,1,1,1,5,1
KR_6754008108,420,2,2,9,6,0,0,0,2,3,1,0,2,2,2,3,1,2,3,1,0,8,-115,1,7,8,2,0,1,1,1,1,-1,3,1
KR_6730222635,420,1,25,6,1,1,1,0,-1,2,3,0,4,4,2,3,1,-1,0,1,0,0,-140,-1,6,5,6,0,1,-1,-1,1,-1,3,1
KR_6678257535,420,1,1,16,-1,1,1,0,1,3,2,-1,1,2,-1,2,3,-1,0,1,0,-4,3,-2,9,7,0,0,0,1,1,0,1,5,1
KR_6763089696,420,0,-40,-1,2,6,6,0,1,2,1,1,1,0,-5,1,6,-1,0,1,-1,0,5,2,3,5,-7,0,1,1,1,1,-1,3,1
KR_6759955338,420,5,69,-6,12,4,6,2,-1,1,2,3,3,0,5,5,0,1,2,1,-1,5,-3,0,7,7,-1,0,1,-1,-1,1,-1,1,1
KR_6745859319,420,-1,-18,16,-3,2,3,1,1,5,4,2,4,2,-7,1,8,-1,1,2,-3,-11,3,2,3,5,-3,0,1,1,1,1,1,1,1
KR_6765434448,420,0,-29,-5,-6,0,3,3,0,2,2,-2,2,4,-1,3,4,-3,0,3,0,-12,-12,-2,8,6,-4,0,1,0,1,1,-1,0,1
KR_6761176193,440,2,-5,0,3,-3,0,3,1,2,1,0,1,1,2,6,4,3,3,0,0,6,-11,-3,7,4,1,0,0,1,-1,-1,-1,2,1
KR_6678851258,420,4,26,10,6,1,2,1,4,10,6,1,3,2,2,2,0,-2,1,3,0,0,-35,-1,6,5,4,0,0,1,-1,1,1,3,1
KR_6739592182,420,-2,-29,15,-9,-5,1,6,0,1,1,3,4,1,-2,0,2,-5,0,5,0,-6,21,2,2,4,-3,0,-1,1,-1,-1,1,2,1
KR_6742491517,440,2,45,34,5,1,1,0,2,3,1,4,5,1,2,3,1,-4,1,5,0,-3,-3,1,5,6,2,0,1,1,1,1,1,3,1
KR_6643349034,420,1,1,17,3,4,5,1,4,4,0,-3,0,3,-2,0,2,0,0,0,0,-6,6,-1,5,4,1,0,1,1,-1,1,1,5,1
KR_6762679608,420,1,46,17,8,2,3,1,-1,1,2,-1,3,4,5,5,0,3,3,0,0,7,24,0,7,7,5,0,2,-1,1,1,-1,1,1
KR_6727814324,440,1,7,23,7,0,3,3,3,4,1,-1,0,1,0,2,2,5,5,0,0,5,-10,-2,5,3,2,0,0,1,1,1,-1,6,1
KR_6713549932,420,0,13,-9,-3,0,3,3,-4,4,8,-1,2,3,2,4,2,0,1,1,0,-4,-3,3,5,8,0,0,-1,-1,-1,-1,1,5,1
KR_6747272197,420,2,9,-4,4,-1,1,2,1,2,1,2,4,2,3,3,0,-1,1,2,0,8,-8,1,7,8,6,0,2,1,-1,1,-1,3,1
KR_6734518871,420,1,-15,17,-4,3,3,0,-1,5,6,-3,0,3,-3,2,5,0,3,3,0,-4,4,-5,7,2,-2,0,-1,1,-1,-1,-1,1,1
KR_6763663111,420,2,47,-15,3,2,6,4,-4,2,6,6,6,0,-1,1,2,0,0,0,1,-1,-17,3,2,5,-6,0,1,0,-1,1,1,0,1
KR_6745179375,440,0,6,-12,-2,0,1,1,-4,0,4,5,6,1,-4,0,4,1,1,0,0,-2,14,-1,4,3,2,0,1,0,1,1,1,0,1
KR_6415142720,420,0,-15,17,-2,0,2,2,5,6,1,-3,1,4,-4,1,5,0,1,1,2,6,-7,-2,9,7,2,0,-1,1,1,-1,1,4,1
KR_6724622302,420,2,-12,-10,4,2,4,2,-1,2,3,-2,1,3,-1,0,1,6,7,1,0,3,52,2,4,6,-4,0,0,1,-1,0,1,5,1
KR_6695050579,420,7,96,24,17,11,11,0,4,6,2,6,7,1,-1,1,2,-3,0,3,0,13,3,-1,4,3,-2,0,2,-1,1,1,1,2,1
KR_6702066653,420,1,80,23,0,1,2,1,2,4,2,2,2,0,-2,1,3,-3,0,3,0,2,-17,-3,6,3,3,0,4,1,-1,1,1,2,1
KR_6650276381,420,2,16,-20,8,3,3,0,-2,0,2,2,2,0,4,5,1,1,2,1,0,8,-28,-4,7,3,2,0,0,1,-1,0,1,2,1
KR_6759161236,420,1,57,16,2,-1,2,3,-1,2,3,1,4,3,3,5,2,0,0,0,-1,-6,3,-5,10,5,-3,0,1,1,-1,1,-1,3,1
KR_6696906401,420,4,12,31,9,2,4,2,6,6,0,-1,4,5,2,2,0,0,0,0,0,7,48,1,3,4,-1,0,1,1,1,1,1,3,1
KR_6765221887,420,-2,-23,0,1,0,2,2,0,3,3,-2,0,2,-1,3,4,4,4,0,1,2,7,7,2,9,-5,0,0,-1,1,-1,1,3,1
KR_6756354099,420,3,29,26,3,-1,1,2,-1,1,2,1,2,1,2,4,2,2,3,1,0,0,-7,-3,8,5,7,0,1,0,-1,1,1,0,1
KR_6759585708,420,6,138,16,13,5,5,0,0,0,0,4,4,0,3,5,2,1,1,0,0,10,-9,-3,8,5,4,0,3,1,1,1,1,1,1
KR_6524580260,420,-2,-5,-5,-9,-3,0,3,1,7,6,-4,0,4,-3,1,4,0,1,1,-2,-8,114,0,4,4,-2,0,0,1,-1,0,-1,1,1
KR_6752080902,420,1,-3,36,2,-3,1,4,9,10,1,-1,0,1,0,4,4,-3,1,4,0,7,1,-1,5,4,0,0,-2,1,-1,-1,1,3,1
KR_6761556679,420,-3,56,9,-6,3,4,1,-4,2,6,-4,1,5,-1,1,2,0,1,1,1,-15,-6,-7,7,0,3,0,-2,-1,-1,-1,1,3,1
KR_6763951782,420,1,82,-19,4,2,3,1,-1,0,1,4,6,2,0,2,2,-1,2,3,0,3,0,-2,8,6,1,0,1,-1,1,1,1,5,1
KR_6757144666,440,-1,-5,-16,2,0,0,0,3,3,0,-1,0,1,0,1,1,0,0,0,0,3,1,-3,4,1,-1,0,0,1,-1,0,-1,2,1
KR_6763663992,440,5,75,16,13,5,5,0,-3,0,3,2,4,2,6,6,0,3,3,0,0,14,3,-1,3,2,-1,0,2,1,1,1,1,4,1
KR_6765587519,420,2,-38,24,1,-4,2,6,-2,1,3,4,6,2,3,5,2,0,5,5,-1,2,-48,-5,7,2,13,0,0,1,0,-1,-1,1,1
KR_6700481324,420,7,172,36,20,6,6,0,4,5,1,2,2,0,10,11,1,-2,2,4,4,18,5,5,1,6,-2,0,4,1,1,1,1,1,1
KR_6762116596,420,-1,45,12,2,0,1,1,3,4,1,0,2,2,-1,0,1,0,0,0,0,5,-114,-1,5,4,2,0,0,1,1,1,1,3,1
KR_6723211246,420,0,-53,8,5,4,4,0,8,9,1,-3,7,10,-3,0,3,-1,3,4,3,7,-10,-4,9,5,-6,0,-1,-1,1,-1,1,6,1
KR_6761839998,420,2,30,8,-1,-2,4,6,-4,1,5,2,3,1,3,4,1,0,0,0,0,-5,-78,3,4,7,2,0,0,-1,1,0,1,5,1
KR_6728475504,440,4,50,17,13,2,4,2,6,6,0,0,1,1,1,3,2,4,4,0,0,18,57,6,4,10,-27,0,1,1,1,1,1,5,1
KR_6757493399,420,-1,-5,-4,4,3,3,0,3,3,0,-2,1,3,2,4,2,-2,1,3,0,11,4,-2,7,5,-2,0,0,1,1,0,1,6,1
KR_6730882277,420,2,43,15,8,0,3,3,3,4,1,5,6,1,1,3,2,-1,0,1,0,9,0,-2,5,3,3,0,1,1,-1,1,1,3,1
KR_6704330168,420,2,81,13,7,1,1,0,7,7,0,1,4,3,-1,2,3,-1,1,2,0,4,46,4,2,6,-4,0,0,1,1,0,1,6,1
KR_6762604850,420,4,38,19,9,2,3,1,4,5,1,2,3,1,-2,3,5,3,3,0,1,9,2,-1,6,5,-5,0,3,-1,1,1,1,1,1
KR_6601537157,440,1,-8,43,4,4,4,0,2,2,0,0,2,2,-2,0,2,0,1,1,0,4,6,2,6,8,6,0,0,1,1,0,-1,1,1
KR_6760121398,420,2,-34,12,8,2,3,1,1,2,1,1,1,0,4,8,4,0,0,0,0,5,-8,-4,7,3,0,0,1,-1,1,1,-1,1,1
KR_6739390597,420,1,59,5,0,-1,1,2,0,3,3,-2,1,3,3,3,0,0,2,2,2,4,2,-2,8,6,8,0,0,1,1,0,1,6,1
KR_6764506233,420,4,30,-1,9,2,3,1,2,3,1,6,8,2,1,3,2,-2,0,2,0,-2,5,3,3,6,-3,0,2,1,-1,1,1,6,1
KR_6750347732,420,3,24,9,7,2,3,1,6,7,1,1,3,2,-2,1,3,0,1,1,0,11,8,0,4,4,1,0,0,-1,-1,0,1,3,1
KR_6709020998,420,3,62,10,9,5,5,0,6,10,4,2,2,0,-2,1,3,-2,0,2,0,7,321,0,3,3,4,0,1,1,1,1,1,4,1
KR_6763216543,420,4,3,57,13,3,3,0,7,7,0,3,6,3,-1,2,3,1,3,2,0,8,7,6,2,8,-7,0,0,1,-1,1,1,4,1
KR_6726985759,420,7,133,36,10,4,7,3,2,4,2,0,1,1,4,5,1,0,1,1,0,5,32,-2,6,4,2,0,2,-1,1,1,1,6,1
KR_6707672688,420,3,1,4,3,3,4,1,-2,3,5,-1,1,2,2,4,2,1,1,0,-1,5,5,3,4,7,1,0,0,-1,1,1,-1,4,1
KR_6732951693,420,3,41,29,8,3,4,1,-1,3,4,8,8,0,-2,2,4,0,2,2,1,3,-3,-2,5,3,-2,0,1,-1,1,1,1,6,1
KR_6653552988,420,5,55,32,13,1,3,2,3,5,2,4,4,0,5,5,0,0,1,1,0,13,10,6,4,10,1,0,3,1,0,1,-1,5,1
KR_6734059464,420,-1,48,-12,4,-1,4,5,2,5,3,-2,1,3,5,5,0,0,0,0,0,7,-19,5,5,10,1,0,2,-1,-1,1,-1,2,1
KR_6728896216,420,2,57,10,4,5,6,1,1,3,2,3,3,0,-4,2,6,-1,0,1,-1,-1,-7,-1,5,4,0,0,1,1,1,1,-1,3,1
KR_6682995453,420,3,15,-8,1,1,4,3,3,7,4,-4,1,5,1,4,3,0,1,1,0,8,-166,0,6,6,3,0,0,1,1,0,1,5,1
KR_6760045381,420,4,21,-28,1,0,2,2,2,4,2,-3,1,4,3,5,2,-1,1,2,0,-3,5,5,4,9,4,0,0,-1,-1,1,1,3,1
KR_6751667855,420,4,29,24,10,-1,2,3,8,8,0,2,4,2,-1,0,1,2,2,0,1,17,-8,-1,4,3,3,0,1,1,1,1,1,2,1
KR_6738139973,420,2,43,31,5,-3,1,4,4,5,1,2,4,2,2,2,0,0,0,0,0,9,-194,3,4,7,0,0,0,0,1,0,-1,0,1
KR_6630019020,420,4,43,-12,9,-1,0,1,3,5,2,4,4,0,2,4,2,1,1,0,0,9,8,2,5,7,-4,0,2,1,1,1,-1,6,1
KR_6762734934,420,0,-25,-5,6,0,0,0,3,4,1,-3,0,3,6,7,1,0,0,0,1,14,-9,5,2,7,0,0,1,1,-1,-1,1,1,1
KR_6758983153,420,3,14,3,8,2,3,1,1,2,1,3,4,1,3,4,1,-1,1,2,1,7,-35,-6,9,3,6,0,0,1,1,1,1,4,1
KR_6651788754,420,4,57,41,5,4,4,0,-2,3,5,1,1,0,1,3,2,1,1,0,0,4,-24,-7,11,4,4,0,2,1,-1,1,-1,6,1
KR_6649356744,420,3,43,35,2,3,4,1,-6,2,8,3,5,2,2,3,1,0,1,1,0,-7,6,1,2,3,-1,0,1,1,1,1,1,5,1
KR_6762404519,420,2,-8,24,6,-1,2,3,2,3,1,-1,1,2,5,7,2,1,1,0,0,7,5,-1,5,4,2,0,1,1,1,1,1,6,1
KR_6651172282,420,-2,-23,13,-2,-2,0,2,-6,1,7,4,5,1,2,3,1,0,0,0,0,-1,-111,4,2,6,-5,0,-1,1,-1,-1,-1,4,1
KR_6759404711,420,3,88,-2,5,-1,1,2,5,5,0,1,6,5,1,2,1,-1,0,1,0,2,-3,2,3,5,2,0,0,1,-1,1,1,2,1
KR_6759498004,420,3,30,13,-1,-3,1,4,3,6,3,1,3,2,-4,0,4,2,3,1,0,3,-25,-10,11,1,3,0,0,-1,0,-1,-1,5,1
KR_6760315947,420,-1,7,-4,-1,-3,4,7,3,3,0,-3,1,4,4,5,1,-2,1,3,0,-2,9,-2,9,7,-2,0,-1,1,-1,-1,-1,1,1
KR_6759915263,420,2,34,-1,3,-1,1,2,2,2,0,5,6,1,1,2,1,-4,1,5,0,0,2,0,4,4,3,0,1,1,1,1,1,5,1
KR_6761462246,420,1,-15,-16,5,-2,2,4,3,5,2,3,4,1,1,2,1,0,1,1,0,3,1,-1,6,5,1,0,1,-1,1,1,1,2,1
KR_6747454566,420,4,-30,-21,9,-3,0,3,6,8,2,1,4,3,3,4,1,2,2,0,0,16,-229,-3,6,3,-1,0,0,1,-1,1,1,5,1
KR_6751999694,420,-2,2,0,-4,-8,1,9,0,4,4,2,2,0,1,2,1,1,1,0,0,-5,-39,7,3,10,-1,0,-1,1,-1,-1,-1,6,1
KR_6741299415,420,0,-18,21,1,-1,3,4,1,5,4,2,6,4,-5,3,8,4,4,0,-1,4,-1,-3,4,1,-2,0,0,1,1,-1,-1,4,1
KR_6605499300,420,3,48,37,10,4,4,0,6,6,0,3,4,1,-3,0,3,0,0,0,0,6,1,-2,5,3,4,0,2,-1,1,1,1,1,1
KR_6751441187,420,1,25,-5,3,0,2,2,-1,3,4,-1,3,4,5,6,1,0,0,0,0,-1,-1,-1,7,6,-4,0,0,1,-1,0,1,1,1
KR_6764507670,420,-3,-29,12,-9,-1,1,2,-3,2,5,-1,1,2,-3,1,4,-1,2,3,0,-7,2,3,3,6,-5,0,-1,1,1,-1,1,6,1
KR_6758474410,420,2,0,8,1,0,0,0,-1,0,1,1,3,2,1,1,0,0,1,1,-1,1,7,0,3,3,3,0,1,1,-1,1,-1,6,1
KR_6764957346,420,0,19,8,2,-3,0,3,0,1,1,-1,2,3,4,5,1,2,4,2,0,7,0,0,6,6,-2,0,1,-1,1,1,1,2,1
KR_6604461426,420,3,-29,4,2,-1,0,1,2,6,4,1,2,1,0,0,0,0,0,0,0,8,5,1,5,6,-3,0,0,1,-1,-1,1,4,1
KR_6629221698,420,3,18,1,5,4,5,1,5,5,0,-2,4,6,3,4,1,-5,2,7,0,10,-8,1,6,7,0,0,-1,1,1,-1,1,2,1
KR_6678199841,420,4,129,0,8,-1,2,3,-2,2,4,1,3,2,7,8,1,3,4,1,0,7,-7,1,4,5,4,0,1,-1,1,1,-1,4,1
KR_6751588966,420,3,18,44,8,1,1,0,0,3,3,1,2,1,5,6,1,1,3,2,1,9,-72,-3,10,7,4,0,2,-1,1,1,1,6,1
KR_6715041229,420,5,42,40,10,-2,1,3,3,5,2,2,4,2,6,7,1,1,1,0,0,8,7,0,5,5,1,0,1,1,-1,1,1,4,1
KR_6729269746,420,1,9,20,3,1,3,2,2,4,2,2,5,3,0,1,1,-2,0,2,0,3,-52,3,4,7,18,0,-1,1,1,-1,1,6,1
KR_6761879315,440,-4,-90,-26,-4,1,4,3,1,2,1,-3,1,4,-1,4,5,-2,1,3,0,-9,44,3,6,9,-28,0,-3,1,-1,-1,1,4,1
KR_6739722367,440,1,-11,4,2,-1,1,2,4,5,1,-3,0,3,2,3,1,0,0,0,0,4,12,2,2,4,-2,0,0,1,-1,1,1,3,1
KR_6651142037,420,-1,10,2,0,-2,0,2,-2,7,9,3,6,3,1,2,1,0,0,0,0,-2,7,2,4,6,-4,0,1,-1,1,1,1,2,1
KR_6472551479,440,-1,18,-12,-3,-4,1,5,1,2,1,4,6,2,-3,0,3,-1,0,1,0,-1,0,-1,6,5,4,0,0,-1,-1,0,-1,2,1
KR_6706614937,420,-1,12,27,-5,2,4,2,-4,2,6,0,2,2,-2,4,6,-1,0,1,-1,-16,-24,-2,9,7,-2,0,1,-1,1,1,-1,6,1
KR_6687438752,420,1,-22,-6,1,1,3,2,-1,3,4,3,5,2,-1,4,5,-1,1,2,-1,-6,12,4,6,10,1,0,0,0,1,0,-1,0,1
KR_6675056295,420,1,49,20,8,0,1,1,5,7,2,6,6,0,-3,2,5,0,1,1,0,10,-3,1,2,3,1,0,-1,1,1,-1,-1,6,1
KR_6728506720,420,-1,-42,-14,1,0,3,3,2,3,1,-1,0,1,0,3,3,0,1,1,0,3,0,1,5,6,2,0,0,1,-1,-1,1,6,1
KR_6762085871,420,0,48,-3,1,3,3,0,-1,1,2,-2,0,2,0,1,1,1,1,0,0,0,-5,-1,6,5,0,0,1,1,1,1,1,4,1
KR_6639487937,420,2,65,-10,4,1,2,1,1,3,2,-1,0,1,1,2,1,2,2,0,0,0,3,2,5,7,3,0,1,1,-1,1,1,1,1
KR_6761519308,420,0,-16,19,1,-3,0,3,0,2,2,1,3,2,1,1,0,2,2,0,0,0,1,2,4,6,2,0,0,1,0,1,1,6,1
KR_6763430898,420,1,46,8,3,1,2,1,3,4,1,-1,3,4,1,4,3,-1,0,1,0,2,-6,0,3,3,1,0,0,-1,1,0,1,6,1
KR_6755372602,420,1,-12,32,7,-2,0,2,0,2,2,2,2,0,5,6,1,2,3,1,-1,9,9,2,5,7,-1,0,1,1,-1,1,-1,6,1
KR_6762179470,420,2,51,8,10,-1,4,5,1,6,5,1,3,2,7,9,2,2,2,0,0,11,4,-2,6,4,-1,0,3,1,-1,1,1,6,1
KR_6749372016,420,0,-24,20,-1,3,4,1,0,2,2,-2,1,3,-1,3,4,-1,0,1,0,-1,-1,0,4,4,0,0,-1,1,-1,-1,-1,1,1
KR_6637566680,420,1,-3,-10,5,2,3,1,5,7,2,-1,3,4,-1,1,2,0,2,2,1,6,-19,0,4,4,4,0,0,-1,0,0,1,2,1
KR_6725723289,420,1,-30,16,-3,-3,1,4,-4,0,4,-1,3,4,5,6,1,0,2,2,0,-3,-3,-7,9,2,-4,0,0,-1,-1,0,-1,2,1
KR_6751881627,420,-1,21,4,-4,-1,0,1,3,4,1,-2,1,3,-4,2,6,0,0,0,0,-6,-7,0,7,7,2,0,0,1,1,-1,-1,6,1
KR_6762054869,420,0,11,1,9,-1,0,1,2,3,1,5,5,0,3,5,2,0,1,1,0,6,-19,4,4,8,2,0,0,-1,0,0,1,3,1
KR_6765328018,420,4,54,-16,5,1,1,0,0,1,1,1,5,4,2,3,1,1,1,0,0,2,-24,1,6,7,9,0,1,1,-1,1,1,6,1
KR_6745059958,420,0,27,12,0,1,1,0,-1,3,4,-1,0,1,2,3,1,-1,0,1,0,-1,112,3,6,9,-2,0,0,1,1,0,1,3,1
KR_6761637172,420,7,58,28,14,3,4,1,9,10,1,-2,3,5,0,2,2,4,4,0,1,18,2,0,5,5,4,0,0,1,1,1,1,3,1
KR_6765558724,420,-1,-16,-16,-6,2,3,1,-6,2,8,-1,2,3,0,0,0,-1,0,1,0,-5,10,0,6,6,-7,0,1,-1,1,1,-1,2,1
KR_6750937459,440,1,-50,-5,6,-7,0,7,5,5,0,1,1,0,8,11,3,-1,1,2,0,17,-31,-1,5,4,18,0,-1,-1,1,-1,1,5,1
KR_6472627985,440,5,20,8,13,4,4,0,-1,2,3,5,8,3,5,6,1,0,0,0,0,11,0,1,5,6,-1,0,2,1,0,1,-1,5,1
KR_6750176469,420,-1,49,-3,-4,1,3,2,-2,2,4,2,3,1,-5,1,6,0,1,1,0,-9,2,-1,5,4,3,0,0,0,0,0,1,0,1
KR_6761871165,420,1,12,32,3,2,3,1,0,1,1,2,4,2,-1,3,4,0,1,1,0,-5,-33,7,3,10,24,0,0,-1,0,-1,1,5,1
KR_6740670008,420,4,-3,32,11,2,3,1,4,5,1,2,5,3,1,6,5,2,3,1,1,7,15,0,6,6,2,0,0,1,1,0,1,5,1
KR_6763690267,420,3,18,21,9,0,1,1,5,6,1,1,2,1,2,4,2,1,1,0,0,10,3,0,6,6,3,0,0,1,1,0,-1,4,1
KR_6756972437,420,4,62,36,7,2,2,0,0,4,4,2,12,10,2,5,3,1,2,1,-1,5,2,5,2,7,0,0,-1,1,-1,-1,1,3,1
KR_6762260408,420,1,9,-7,7,3,5,2,-2,1,3,-1,1,2,7,9,2,0,1,1,0,8,6,2,2,4,0,0,3,1,1,1,1,5,1
KR_6632440622,420,4,54,16,12,3,4,1,3,6,3,1,2,1,6,7,1,-1,0,1,0,12,-1,-3,6,3,8,0,3,1,1,1,1,2,1
KR_6751535319,420,4,21,-13,11,2,4,2,3,4,1,1,4,3,3,6,3,2,3,1,0,15,25,-3,8,5,27,0,1,-1,-1,1,1,6,1
KR_6748095924,440,0,44,-36,3,0,0,0,2,4,2,0,4,4,5,7,2,-4,0,4,0,10,-3,-1,5,4,1,0,1,0,0,1,1,0,1
KR_6753032701,420,4,8,22,4,5,6,1,1,1,0,-1,2,3,-1,2,3,0,1,1,0,-2,4,2,7,9,-3,0,1,0,1,1,1,0,1
KR_6751137273,420,-1,-25,16,0,2,3,1,-2,0,2,1,2,1,-2,0,2,1,1,0,0,-2,-2,1,4,5,0,0,0,1,1,0,1,6,1
KR_6718335333,420,-2,-6,-27,0,0,2,2,1,3,2,-4,2,6,-1,1,2,4,4,0,-1,-8,3,-1,6,5,-6,0,0,-1,1,1,-1,1,1
KR_6684339565,420,-4,-51,-13,-5,-4,1,5,5,7,2,-5,1,6,0,1,1,-1,0,1,0,0,-3,-5,6,1,1,0,-3,-1,-1,-1,-1,3,1
KR_6758024466,420,6,46,13,13,0,2,2,0,3,3,5,8,3,7,8,1,1,3,2,0,18,-42,4,6,10,23,0,1,1,-1,1,1,6,1
KR_6752028974,420,3,18,-16,9,1,1,0,1,3,2,-2,3,5,7,10,3,2,2,0,0,20,1,-1,5,4,2,0,1,1,1,1,1,4,1
KR_6732046066,420,-3,-24,-4,-7,-3,0,3,0,2,2,-3,1,4,0,5,5,-1,0,1,0,1,-21,-4,7,3,2,0,0,1,1,0,-1,5,1
KR_6743027387,420,0,12,24,2,0,2,2,3,4,1,2,3,1,-3,1,4,0,0,0,0,-7,-36,-2,4,2,18,0,0,-1,1,-1,-1,2,1
KR_6635209435,420,4,1,34,13,1,1,0,3,6,3,3,3,0,3,6,3,3,4,1,0,13,16,1,6,7,-2,0,2,1,1,1,-1,3,1
KR_6760999567,420,3,44,-1,8,1,3,2,1,3,2,0,2,2,7,8,1,-1,1,2,0,9,-5,4,3,7,2,0,0,1,1,-1,-1,1,1
KR_6762053780,420,1,-7,8,4,3,3,0,-2,3,5,5,5,0,-2,1,3,0,2,2,0,7,2,2,3,5,-3,0,1,-1,1,1,-1,2,1
KR_6753262381,440,0,59,-2,0,4,4,0,-2,0,2,2,2,0,-2,1,3,-2,3,5,0,-8,2,4,2,6,0,0,2,-1,1,1,1,4,1
KR_6691803216,420,-1,-29,40,-5,-5,0,5,1,3,2,-6,2,8,2,3,1,3,3,0,0,3,41,-1,6,5,-3,0,-2,0,1,-1,-1,0,1
KR_6602281806,420,1,7,-5,2,1,3,2,0,3,3,2,2,0,-1,3,4,0,1,1,0,1,186,3,6,9,0,0,1,0,1,1,1,0,1
KR_6751487009,420,-1,28,-8,-3,1,5,4,-1,1,2,-3,3,6,1,2,1,-1,1,2,0,-6,30,-5,9,4,-2,0,0,-1,-1,0,-1,5,1
KR_6741821006,420,3,-34,72,4,5,5,0,-4,2,6,1,5,4,0,1,1,2,2,0,1,9,4,-3,8,5,-3,0,-1,1,1,-1,1,2,1
KR_6757372430,420,-1,11,-8,-5,0,0,0,-4,1,5,-1,1,2,2,7,5,-2,0,2,0,-12,-3,-3,8,5,-1,0,0,-1,1,1,-1,3,1
KR_6727527894,420,4,3,-20,10,3,3,0,3,6,3,1,3,2,1,4,3,2,2,0,0,9,27,4,2,6,5,0,-1,1,-1,-1,1,6,1
KR_6744248107,420,1,49,3,9,1,1,0,6,8,2,-1,1,2,2,5,3,1,2,1,0,7,-21,-3,7,4,4,0,1,1,-1,1,1,4,1
KR_6750145236,420,2,19,48,3,0,1,1,-2,2,4,1,1,0,3,3,0,1,2,1,0,0,-24,1,4,5,-5,0,0,-1,-1,0,-1,6,1
KR_6602349583,420,1,23,-12,2,-3,1,4,2,4,2,4,4,0,-1,2,3,0,1,1,0,4,-3,-2,7,5,1,0,1,1,-1,-1,-1,1,1
KR_6698850924,420,6,78,24,9,7,7,0,3,5,2,-3,0,3,1,3,2,1,1,0,0,0,-8,-6,9,3,1,0,2,1,-1,1,1,6,1
KR_6765085502,420,-4,-10,6,-9,-2,2,4,0,0,0,-6,1,7,-1,2,3,0,1,1,0,-6,1,2,7,9,-3,0,-1,1,1,-1,-1,6,1
KR_6738273624,440,-4,-47,-36,-4,-1,5,6,2,3,1,-4,5,9,-1,3,4,0,0,0,1,-15,17,-1,4,3,-7,0,-1,-1,-1,-1,1,3,1
KR_6746557044,420,2,75,-1,9,0,2,2,-2,0,2,2,3,1,7,7,0,2,2,0,1,10,2,-4,6,2,0,0,0,0,1,1,1,0,1
KR_6757855575,420,-2,-3,17,-2,-4,1,5,3,3,0,0,4,4,0,0,0,-1,0,1,-1,3,50,1,6,7,-18,0,1,-1,1,1,-1,5,1
KR_6745365436,420,3,26,38,-3,-3,0,3,-1,0,1,-4,0,4,5,7,2,0,0,0,-2,-2,-3,1,4,5,1,0,1,1,1,1,1,1,1
KR_6752361384,420,3,-22,41,6,-1,1,2,-1,1,2,8,9,1,2,3,1,-2,0,2,1,9,-18,1,6,7,4,0,1,1,1,1,-1,3,1
KR_6735364675,420,4,30,-13,12,4,5,1,3,4,1,1,3,2,5,5,0,-1,1,2,0,18,-3,4,2,6,2,0,3,-1,1,1,1,3,1
KR_6747454695,420,1,13,-16,0,1,3,2,2,5,3,-7,0,7,4,6,2,0,1,1,0,10,-7,-2,5,3,2,0,0,-1,1,1,-1,3,1
KR_6763600238,420,-1,-79,13,-1,3,4,1,1,2,1,-3,1,4,-2,0,2,0,1,1,1,0,-9,-2,5,3,0,0,-2,1,-1,-1,1,1,1
KR_6735980167,420,0,2,-9,1,1,3,2,0,2,2,1,3,2,-1,5,6,0,1,1,0,-3,-2,-3,8,5,-2,0,0,1,1,0,-1,1,1
KR_6682014774,420,-3,-40,-12,2,-3,0,3,6,6,0,1,2,1,-1,0,1,-1,0,1,0,4,-4,0,3,3,1,0,0,-1,-1,0,-1,3,1
KR_6744796570,420,1,-56,21,-1,-2,2,4,0,4,4,-1,2,3,1,4,3,1,1,0,2,1,5,0,4,4,-2,0,0,1,-1,0,1,2,1
KR_6759359342,420,0,7,-32,9,5,5,0,1,4,3,4,6,2,0,3,3,-1,0,1,0,6,-3,3,3,6,6,0,0,-1,1,-1,1,2,1
KR_6700407678,420,-2,-78,-15,-2,-2,0,2,6,9,3,-2,3,5,-3,1,4,-1,0,1,0,-3,-16,-2,7,5,-2,0,0,-1,1,-1,-1,2,1
KR_6626172322,420,2,-54,8,10,6,7,1,10,10,0,-1,2,3,-5,3,8,0,0,0,1,4,241,-2,6,4,0,0,0,1,1,0,1,5,1
KR_6763169366,420,2,-21,4,1,-2,1,3,-3,1,4,2,3,1,3,5,2,1,1,0,0,0,-2,-2,8,6,0,0,0,1,1,0,-1,3,1
KR_6757062416,420,-4,-79,22,-13,-1,1,2,-2,2,4,0,2,2,-6,1,7,-4,0,4,-1,-18,40,-1,3,2,-17,0,-2,-1,1,-1,-1,6,1
KR_6760218493,440,1,70,20,5,0,1,1,1,2,1,-4,0,4,8,8,0,0,0,0,0,5,1,-2,4,2,7,0,0,1,1,0,-1,2,1
KR_6752063248,420,2,68,40,5,-2,5,7,3,5,2,0,3,3,3,4,1,1,1,0,1,0,-42,-3,5,2,4,0,0,1,1,1,1,1,1
KR_6764796807,420,4,104,17,13,-2,0,2,-4,3,7,11,12,1,7,7,0,1,3,2,1,7,4,0,3,3,3,0,-1,1,-1,1,1,4,1
KR_6757465607,420,5,111,31,13,7,8,1,2,3,1,5,6,1,0,2,2,-1,1,2,0,3,95,-1,2,1,1,0,2,-1,1,1,1,3,1
KR_6747580469,420,2,9,-14,4,0,2,2,-1,1,2,1,2,1,4,5,1,0,1,1,0,4,233,-1,5,4,0,0,0,1,-1,1,-1,2,1
KR_6685565955,420,1,34,2,10,2,7,5,5,5,0,4,5,1,-1,4,5,0,0,0,0,15,4,-5,10,5,1,0,1,1,1,1,1,6,1
KR_6728448391,420,4,33,4,7,2,3,1,1,1,0,9,10,1,-5,3,8,0,1,1,1,0,0,-2,6,4,2,0,3,-1,1,1,1,6,1
KR_6760087903,420,2,-28,-5,-2,2,2,0,-1,0,1,-5,0,5,1,2,1,1,1,0,-1,-7,-8,-2,8,6,6,0,0,1,-1,0,-1,2,1
KR_6726113611,420,8,103,31,18,2,4,2,3,4,1,10,10,0,1,1,0,2,3,1,0,10,53,2,1,3,-2,0,2,1,1,1,1,4,1
KR_6755396774,420,0,-33,5,-5,-2,1,3,3,6,3,-3,2,5,-3,1,4,0,0,0,0,-7,-21,-1,3,2,-6,0,-1,-1,1,1,1,6,1
KR_6758741598,420,0,40,13,-8,-1,0,1,-4,1,5,-1,1,2,0,2,2,-2,0,2,0,-16,0,-1,6,5,4,0,2,1,0,1,-1,5,1
KR_6734814944,420,4,1,52,0,0,2,2,3,5,2,1,2,1,-3,2,5,-1,0,1,0,-4,9,4,2,6,-1,0,1,1,1,1,-1,1,1
KR_6589338821,420,6,42,36,12,2,3,1,2,4,2,2,2,0,6,8,2,0,1,1,0,14,26,2,4,6,2,0,2,1,-1,1,1,5,1
KR_6602167680,420,2,62,-18,11,-1,1,2,6,6,0,1,6,5,5,5,0,0,1,1,0,18,-3,3,7,10,1,0,1,1,1,1,1,4,1
KR_6760476653,420,5,67,26,9,2,3,1,1,2,1,1,2,1,3,3,0,2,2,0,0,2,-9,-6,8,2,12,0,2,1,1,1,1,2,1
KR_6673845558,420,3,67,14,14,3,5,2,-1,3,4,0,3,3,11,12,1,1,2,1,0,17,-2,0,6,6,2,0,3,1,1,1,1,5,1
KR_6699539983,420,4,52,-8,7,2,2,0,2,2,0,-5,1,6,8,10,2,0,1,1,0,14,-38,-2,5,3,16,0,0,1,-1,-1,1,3,1
KR_6518114266,420,1,25,0,-3,-2,2,4,-3,3,6,-5,2,7,5,7,2,2,2,0,0,-7,12,1,10,11,-1,0,-1,1,-1,-1,1,6,1
KR_6720208976,420,2,35,-12,11,4,4,0,0,5,5,5,6,1,3,5,2,-1,2,3,1,18,1,-2,5,3,2,0,2,1,-1,1,1,5,1
KR_6762933456,420,1,-31,4,5,3,6,3,2,4,2,0,2,2,-1,4,5,1,1,0,0,0,-3,2,4,6,1,0,1,1,1,1,1,4,1
KR_6744409712,420,-1,34,-21,-2,7,7,0,-2,1,3,-5,0,5,2,4,2,-4,2,6,0,-8,-2,3,4,7,-5,0,0,0,-1,-1,1,0,1
KR_6739064318,420,0,65,-9,1,5,6,1,-1,3,4,2,4,2,-3,2,5,-2,1,3,1,3,-22,-3,6,3,2,0,2,0,1,1,1,0,1
KR_6742580039,440,2,-18,20,5,0,0,0,-2,1,3,3,7,4,3,6,3,1,2,1,0,13,-1,1,3,4,1,0,-1,1,-1,-1,-1,2,1
KR_6762214518,420,3,10,19,13,0,2,2,3,6,3,1,2,1,3,4,1,6,7,1,3,20,29,-1,7,6,2,0,1,1,1,1,1,3,1
KR_6733909573,420,-1,-7,4,-3,-1,1,2,-1,3,4,1,2,1,-1,0,1,-1,1,2,0,-4,-2,2,3,5,-4,0,1,1,1,1,1,2,1
KR_6447433924,420,-1,-16,8,4,3,5,2,3,5,2,0,2,2,-2,0,2,0,1,1,0,2,-6,0,6,6,2,0,0,1,1,1,1,6,1
KR_6619618243,420,6,77,28,12,0,2,2,2,4,2,2,2,0,8,8,0,0,0,0,0,15,46,2,2,4,6,0,2,1,-1,1,1,2,1
KR_6668102550,420,-3,-2,-5,0,-1,1,2,-2,1,3,5,8,3,-3,2,5,1,2,1,0,-1,41,6,5,11,-2,0,-1,1,-1,-1,1,1,1
KR_6718528122,420,-2,6,-16,3,1,3,2,-2,3,5,2,3,1,1,1,0,1,1,0,-1,3,-1,0,4,4,4,0,1,-1,1,1,-1,5,1
KR_6668432027,420,2,64,20,8,1,3,2,-1,3,4,8,8,0,0,3,3,0,0,0,0,12,1,3,6,9,3,0,2,-1,1,1,-1,3,1
KR_6751904718,420,2,9,0,5,5,5,0,2,4,2,0,2,2,-2,1,3,0,4,4,0,-1,9,1,2,3,-3,0,0,1,1,0,-1,1,1
KR_6761674544,420,3,29,20,6,1,1,0,2,2,0,-1,4,5,4,4,0,0,1,1,0,0,2,3,3,6,-1,0,0,1,-1,0,1,1,1
KR_6691602870,420,-2,-18,0,-4,-2,2,4,-3,0,3,2,3,1,3,3,0,-4,1,5,-1,-3,0,1,6,7,-2,0,-1,1,1,-1,-1,1,1
KR_6727195154,420,6,-10,27,14,-2,1,3,-2,0,2,2,4,2,3,4,1,13,14,1,0,16,14,4,3,7,1,0,2,-1,1,1,1,1,1
KR_6761394105,440,0,-34,0,2,-1,1,2,2,2,0,-1,1,2,-1,2,3,3,4,1,0,7,9,4,3,7,-3,0,-1,-1,1,-1,1,4,1
KR_6714733465,420,2,0,-12,3,-3,0,3,2,5,3,3,5,2,2,3,1,-1,3,4,0,10,30,3,5,8,2,0,1,1,1,1,-1,4,1
KR_6718453009,420,-2,64,-20,0,3,5,2,1,3,2,-4,1,5,-2,2,4,2,2,0,0,-4,0,-1,4,3,1,0,1,1,1,1,-1,4,1
KR_6754700392,420,-1,38,-34,7,3,4,1,2,3,1,1,3,2,1,4,3,0,1,1,0,7,8,5,3,8,1,0,2,-1,1,1,1,6,1
KR_6674392981,420,4,-6,24,8,3,4,1,-4,1,5,5,7,2,3,3,0,1,1,0,0,8,-33,4,3,7,1,0,2,1,1,1,-1,5,1
KR_6630407686,420,0,10,-21,5,-3,1,4,3,6,3,5,5,0,-3,2,5,3,5,2,0,-3,0,-1,7,6,3,0,-1,1,1,-1,1,2,1
KR_6735771476,440,3,51,16,6,1,1,0,1,2,1,-5,0,5,4,5,1,5,6,1,0,6,3,-1,3,2,-1,0,0,0,0,1,1,0,1
KR_6736860702,440,2,10,-15,6,-1,1,2,7,8,1,-2,0,2,1,4,3,1,2,1,0,12,7,0,5,5,-2,0,1,1,-1,1,1,2,1
KR_6734831312,420,3,-2,35,5,-3,0,3,6,9,3,-1,5,6,3,10,7,0,0,0,2,7,2,-2,8,6,-4,0,1,1,1,1,1,5,1
KR_6710622230,420,3,14,36,2,-4,0,4,-2,2,4,1,3,2,2,2,0,5,5,0,0,-1,6,-5,6,1,-2,0,0,1,-1,-1,-1,6,1
KR_6751336217,420,0,51,-6,6,-3,0,3,0,2,2,1,4,3,4,5,1,4,4,0,0,7,11,-1,7,6,5,0,1,1,-1,-1,1,5,1
KR_6622755570,420,4,38,-15,12,4,4,0,3,5,2,1,1,0,3,3,0,1,2,1,0,10,0,3,4,7,0,0,1,1,1,1,1,5,1
KR_6760138854,420,2,54,6,-2,-1,1,2,0,4,4,0,0,0,-1,1,2,0,1,1,0,-3,-13,-1,4,3,5,0,0,1,-1,-1,-1,1,1
KR_6714720399,420,1,41,-27,-3,-1,1,2,0,1,1,-4,0,4,0,2,2,2,2,0,0,2,-3,-5,11,6,-1,0,1,-1,0,1,-1,3,1
KR_6749330383,440,0,-35,20,0,-3,1,4,-3,1,4,3,3,0,1,1,0,2,4,2,0,4,0,4,2,6,-4,0,0,-1,1,0,-1,5,1
KR_6725810176,420,0,34,-36,0,-2,0,2,1,4,3,-1,2,3,2,4,2,0,1,1,-1,6,116,4,3,7,0,0,0,1,-1,0,-1,2,1
KR_6747240231,420,1,4,12,6,1,4,3,5,6,1,1,2,1,1,4,3,-2,0,2,-1,7,24,-2,6,4,2,0,-1,1,-1,-1,-1,5,1
KR_6606609198,440,-1,-11,-8,-5,0,2,2,-3,1,4,-2,0,2,-3,5,8,3,3,0,0,-2,9,0,4,4,0,0,0,1,1,0,1,4,1
KR_6713168279,420,-3,-56,1,-11,-2,0,2,-1,1,2,-2,0,2,-5,0,5,-1,0,1,0,-17,143,1,6,7,-10,0,-1,-1,-1,-1,-1,2,1
KR_6740893340,420,-5,-82,0,-5,-4,0,4,-1,1,2,-2,1,3,2,4,2,0,1,1,0,3,-91,0,5,5,-3,0,-2,1,-1,-1,-1,3,1
KR_6629445340,420,1,24,4,4,5,5,0,-1,0,1,1,3,2,1,2,1,-2,0,2,0,-3,-2,2,4,6,-1,0,2,1,0,1,1,5,1
KR_6562166260,420,3,-5,-14,7,0,2,2,2,6,4,0,2,2,2,2,0,3,3,0,0,9,-10,8,2,10,-1,0,1,1,0,1,-1,2,1
KR_6738085924,440,0,-11,10,0,0,2,2,5,5,0,-2,5,7,2,7,5,-5,0,5,0,10,-2,1,5,6,-3,0,0,-1,1,0,1,3,1
KR_6682737427,420,2,54,4,3,1,2,1,3,5,2,1,2,1,0,4,4,-2,1,3,0,2,-2,-1,7,6,0,0,0,0,-1,0,-1,0,1
KR_6765539702,420,2,-23,27,0,-1,1,2,0,3,3,3,3,0,0,1,1,-2,0,2,0,-3,1,0,7,7,-2,0,0,1,1,0,-1,3,1
KR_6758919248,420,3,57,27,7,3,4,1,-1,3,4,2,3,1,2,5,3,1,1,0,0,0,1,0,6,6,4,0,1,1,1,1,-1,6,1
KR_6755331059,420,0,-26,-30,8,-1,1,2,1,5,4,4,5,1,3,4,1,1,1,0,-1,5,124,-3,7,4,1,0,0,-1,1,0,-1,1,1
KR_6551115510,420,-1,29,-13,2,-2,0,2,3,6,3,2,2,0,-1,0,1,0,0,0,0,3,-239,2,5,7,-3,0,0,-1,-1,0,1,6,1
KR_6316237956,420,2,83,6,4,5,5,0,-3,2,5,0,2,2,2,5,3,0,1,1,0,5,-135,0,6,6,-2,0,0,1,-1,0,-1,2,1
KR_6752854552,420,5,37,15,7,1,1,0,3,6,3,2,2,0,0,1,1,1,1,0,1,4,297,0,3,3,2,0,3,-1,1,1,1,2,1
KR_6638092477,420,1,46,2,13,3,3,0,13,16,3,0,1,1,-2,2,4,-1,0,1,0,7,-338,1,3,4,3,0,2,-1,1,1,-1,4,1
KR_6743587998,420,1,18,-9,4,1,2,1,0,1,1,-2,2,4,5,5,0,0,1,1,0,6,4,2,5,7,3,0,1,1,-1,1,1,6,1
KR_6601551211,420,0,15,17,10,-1,1,2,2,3,1,4,4,0,5,5,0,0,0,0,0,17,10,3,3,6,-3,0,2,1,1,1,1,1,1
KR_6763064148,420,3,-2,17,-3,0,2,2,3,5,2,-3,3,6,-3,0,3,0,0,0,-1,-4,5,2,4,6,-3,0,0,-1,1,-1,-1,5,1
KR_6651160612,420,5,18,28,13,3,5,2,8,9,1,1,1,0,3,6,3,-2,0,2,1,11,0,-2,9,7,3,0,0,1,-1,-1,1,6,1
KR_6765628866,420,5,-4,34,14,1,2,1,4,5,1,5,5,0,6,9,3,-2,1,3,2,17,30,0,5,5,1,0,1,1,-1,-1,-1,5,1
KR_6667924852,420,-2,12,12,-1,0,2,2,-1,3,4,-4,1,5,3,8,5,1,2,1,-2,1,4,-1,6,5,4,0,1,1,1,-1,-1,2,1
KR_6762416897,420,4,27,8,12,6,7,1,4,5,1,1,2,1,1,2,1,0,1,1,1,8,-35,4,2,6,10,0,1,1,1,1,1,5,1
KR_6638057194,420,10,130,0,15,5,7,2,-1,2,3,3,5,2,7,7,0,1,1,0,1,14,7,3,0,3,3,0,4,1,1,1,1,5,1
KR_6741222197,420,3,21,10,4,4,5,1,1,3,2,1,1,0,0,4,4,-2,1,3,0,0,-49,-1,5,4,-1,0,0,-1,1,0,1,6,1
KR_6665336648,420,2,-36,27,2,2,3,1,2,5,3,0,1,1,-1,1,2,-1,2,3,0,-2,4,-2,8,6,-3,0,1,1,-1,1,-1,1,1
KR_6761222086,420,1,-4,28,-4,1,2,1,-1,1,2,-2,2,4,-2,2,4,0,0,0,-1,-11,40,-1,7,6,-33,0,2,-1,1,1,-1,3,1
KR_6660989601,420,-1,-58,-5,-8,-2,0,2,2,4,2,-6,1,7,-2,2,4,0,1,1,-1,-6,6,5,2,7,-1,0,0,-1,1,0,-1,4,1
KR_6639705126,420,4,25,1,8,-4,0,4,1,2,1,7,8,1,2,3,1,2,2,0,0,4,-5,-2,5,3,1,0,1,1,1,1,1,5,1
KR_6730545391,420,-2,27,8,-12,0,2,2,-8,1,9,-3,2,5,-1,0,1,0,0,0,0,-8,11,-4,11,7,0,0,1,-1,1,1,1,2,1
KR_6763043760,420,1,5,-48,7,4,4,0,0,3,3,1,2,1,2,2,0,0,2,2,0,9,3,3,4,7,3,0,5,-1,1,1,1,3,1
KR_6713119858,420,3,-25,14,12,-4,2,6,6,6,0,2,3,1,9,10,1,-1,1,2,0,11,7,2,4,6,-1,0,0,0,1,1,1,0,1
KR_6363238605,420,-1,-29,-27,5,1,1,0,0,5,5,0,1,1,3,8,5,1,3,2,0,10,0,0,0,0,-3,0,1,-1,1,1,-1,6,1
KR_6723928604,420,0,-37,-8,4,1,3,2,3,3,0,-2,1,3,1,4,3,1,1,0,0,6,10,-4,11,7,-6,0,0,1,0,-1,1,3,1
KR_6581201491,420,-1,18,-56,0,3,3,0,-7,1,8,4,5,1,-1,5,6,1,1,0,0,-2,-34,-2,8,6,-1,0,1,0,1,1,1,0,1
KR_6430297746,440,-2,-1,-23,-5,3,4,1,-10,1,11,0,2,2,2,2,0,0,1,1,0,-12,-6,-3,5,2,4,0,1,1,-1,-1,-1,6,1
KR_6713630138,420,5,33,0,15,2,3,1,6,8,2,1,5,4,6,6,0,0,2,2,1,16,14,3,2,5,2,0,3,1,1,1,1,3,1
KR_6752221785,420,1,56,-9,-3,0,1,1,-2,0,2,-1,1,2,1,5,4,-1,0,1,-1,-3,-1,-2,5,3,5,0,0,1,-1,0,-1,5,1
KR_6759959402,420,0,16,-19,3,0,1,1,-1,4,5,1,2,1,2,3,1,1,1,0,1,3,19,1,2,3,4,0,1,1,1,1,1,2,1
KR_6764031885,420,1,1,-2,1,1,2,1,0,1,1,2,4,2,-2,3,5,0,0,0,0,-3,-21,0,4,4,4,0,0,1,-1,1,1,2,1
KR_6741207142,440,3,64,-26,8,1,4,3,6,7,1,-5,2,7,4,4,0,2,2,0,3,13,8,5,4,9,0,0,1,0,1,1,1,0,1
KR_6706154789,420,-3,-5,-3,-10,-9,0,9,-3,2,5,0,0,0,4,5,1,-2,1,3,-1,-3,16,-2,5,3,0,0,0,-1,1,-1,-1,6,1
KR_6734803128,420,4,22,8,8,4,5,1,-1,1,2,-1,0,1,4,5,1,2,2,0,0,9,12,2,5,7,-3,0,1,1,-1,1,1,2,1
KR_6696439961,420,2,69,33,7,-1,0,1,3,4,1,-1,0,1,5,8,3,1,2,1,0,7,-9,-2,5,3,0,0,0,-1,1,0,1,6,1
KR_6749603814,420,3,24,32,1,5,6,1,1,3,2,0,2,2,-5,1,6,0,2,2,-1,-11,0,2,3,5,-2,0,0,-1,1,0,-1,1,1
KR_6737810708,420,2,15,-23,0,-3,0,3,4,7,3,4,4,0,-4,0,4,-1,1,2,0,0,-16,0,3,3,1,0,1,1,1,1,-1,1,1
KR_6758812288,420,0,-49,20,5,2,4,2,3,4,1,-3,2,5,2,2,0,1,1,0,0,20,114,2,1,3,-1,0,2,0,1,1,-1,0,1
KR_6717463183,420,4,42,-8,3,2,3,1,2,2,0,4,4,0,-3,0,3,-2,0,2,0,1,-31,2,2,4,0,0,1,1,1,1,-1,3,1
KR_6763996263,420,1,-36,17,-5,2,2,0,-4,1,5,3,5,2,-5,3,8,-1,2,3,-2,-8,17,-2,7,5,-4,0,0,0,0,0,1,0,1
KR_6742790424,420,0,4,-4,1,2,5,3,-2,4,6,1,4,3,2,9,7,-2,1,3,2,3,-28,-2,6,4,6,0,0,1,-1,1,1,4,1
KR_6762690913,420,1,1,22,7,-2,2,4,1,2,1,2,3,1,9,12,3,-3,0,3,0,7,4,6,5,11,0,0,1,-1,-1,1,1,4,1
KR_6757037825,440,1,54,9,0,2,4,2,-3,2,5,-2,3,5,2,3,1,1,4,3,0,-7,0,4,5,9,-1,0,2,-1,-1,1,1,2,1
KR_6765388289,420,3,12,-17,11,4,4,0,1,3,2,-3,0,3,9,10,1,0,1,1,0,12,6,4,5,9,-1,0,0,1,1,1,1,6,1
KR_6761919586,420,0,33,16,3,3,4,1,-3,2,5,0,2,2,1,2,1,2,3,1,0,7,-33,1,2,3,9,0,0,1,0,0,1,3,1
KR_6762478245,440,3,40,39,6,6,6,0,-2,0,2,4,7,3,-3,2,5,1,1,0,2,3,-5,-3,7,4,1,0,0,1,0,1,1,1,1
KR_6762558241,420,0,58,-20,6,-2,2,4,0,2,2,5,5,0,4,4,0,-1,0,1,0,10,-10,0,5,5,1,0,2,1,1,1,1,5,1
KR_6758387335,440,5,1,-16,13,5,5,0,2,3,1,6,6,0,-1,2,3,1,1,0,0,13,-2,0,6,6,-4,0,-3,1,-1,-1,-1,3,1
KR_6750743960,420,3,38,4,5,-3,2,5,1,2,1,2,4,2,5,6,1,0,0,0,0,6,0,0,3,3,2,0,2,-1,-1,1,1,4,1
KR_6655549368,440,5,95,36,3,2,3,1,2,2,0,0,0,0,0,2,2,-1,1,2,0,-2,9,4,4,8,-1,0,1,1,1,1,-1,5,1
KR_6712972623,420,5,53,8,8,3,4,1,1,4,3,2,3,1,2,3,1,0,0,0,0,4,-5,2,4,6,3,0,1,1,1,1,1,2,1
KR_6719835161,420,-2,-20,-24,-3,-1,0,1,-2,1,3,0,2,2,0,3,3,0,2,2,0,0,5,3,4,7,0,0,0,1,1,0,-1,5,1
KR_6636627671,420,2,73,9,5,0,1,1,1,2,1,3,3,0,1,7,6,0,0,0,0,6,-22,1,6,7,6,0,0,1,-1,0,-1,5,1
KR_6763814718,420,-2,-51,-5,4,1,2,1,3,5,2,3,3,0,0,1,1,-3,3,6,0,2,114,1,4,5,4,0,1,-1,1,1,-1,2,1
KR_6752624517,420,3,19,-12,7,2,3,1,1,4,3,-2,0,2,6,10,4,0,2,2,0,2,-7,-1,5,4,5,0,-1,-1,1,-1,-1,1,1
KR_6740426681,420,1,23,24,2,1,2,1,2,3,1,-5,0,5,1,3,2,3,3,0,0,4,13,-2,7,5,-4,0,0,1,0,0,1,3,1
KR_6624452285,420,2,4,27,-1,4,4,0,2,4,2,-1,2,3,-5,0,5,-1,2,3,0,1,-4,1,4,5,1,0,2,-1,1,1,1,6,1
KR_6748808707,420,0,30,11,2,1,2,1,0,2,2,1,2,1,1,1,0,-1,1,2,0,1,26,-2,9,7,1,0,-1,1,1,-1,-1,3,1
KR_6760752746,440,-3,10,-10,-5,2,3,1,0,1,1,-1,5,6,-4,2,6,-2,1,3,0,-12,-9,-2,3,1,1,0,-1,-1,1,-1,-1,1,1
KR_6761947016,420,4,61,8,9,3,3,0,3,5,2,0,1,1,-1,5,6,4,5,1,0,4,-32,2,3,5,7,0,1,1,1,1,-1,5,1
KR_6727847173,420,0,-15,-42,-2,-3,1,4,-3,1,4,0,5,5,4,5,1,0,2,2,0,0,-204,2,1,3,-8,0,2,1,1,1,-1,4,1
KR_6753665806,420,1,36,16,4,-1,0,1,0,3,3,-4,1,5,8,8,0,1,1,0,0,15,-5,3,5,8,-2,0,2,1,-1,1,-1,1,1
KR_6761449793,440,-1,3,-17,-2,0,1,1,1,2,1,-3,1,4,2,3,1,-2,0,2,0,-2,-173,2,6,8,0,0,-1,1,-1,-1,1,4,1
KR_6765189998,420,1,2,-4,5,6,6,0,-1,0,1,4,4,0,-3,3,6,-1,0,1,0,5,-2,3,4,7,3,0,0,-1,1,1,1,5,1
KR_6761826367,440,-2,-59,-26,6,5,8,3,-1,2,3,7,10,3,-7,2,9,2,2,0,2,-2,-3,-6,9,3,-1,0,-1,1,-1,-1,1,1,1
KR_6752416939,420,0,96,-8,4,0,3,3,0,1,1,2,4,2,-1,1,2,3,4,1,0,3,-2,-3,7,4,4,0,0,1,-1,-1,1,4,1
KR_6764914057,420,-1,-96,-18,-7,0,1,1,-2,3,5,5,7,2,-10,0,10,0,1,1,0,1,-7,-7,7,0,0,0,0,0,-1,0,-1,0,1
KR_6640590728,420,0,-39,-2,0,2,4,2,-1,4,5,1,3,2,-2,0,2,0,0,0,0,0,11,4,4,8,-7,0,0,1,1,0,1,3,1
KR_6731713639,420,1,-16,24,0,2,3,1,1,2,1,-4,1,5,0,2,2,1,1,0,0,2,-6,-2,9,7,-2,0,0,1,-1,0,-1,4,1
KR_6739541816,420,1,-19,1,-4,-2,1,3,3,6,3,-3,0,3,0,0,0,-2,0,2,0,0,3,2,3,5,3,0,0,1,1,-1,-1,5,1
KR_6763890505,420,2,21,5,7,1,3,2,8,8,0,-4,3,7,-1,1,2,3,6,3,1,9,29,-1,4,3,-3,0,0,-1,1,0,1,5,1
KR_6756627354,420,1,54,-11,1,3,5,2,3,3,0,0,2,2,-4,3,7,-1,0,1,0,-6,0,0,6,6,0,0,1,-1,1,1,-1,3,1
KR_6750461028,440,0,-98,-12,-4,-2,0,2,4,5,1,-5,3,8,4,7,3,-5,0,5,0,5,-2,3,7,10,-1,0,0,1,1,-1,-1,3,1
KR_6725354593,420,1,67,-8,7,2,5,3,1,2,1,1,1,0,5,5,0,-2,1,3,0,3,6,3,6,9,5,0,1,1,1,1,1,6,1
KR_6698009314,420,3,13,33,1,-3,1,4,2,7,5,0,4,4,1,3,2,1,2,1,0,10,-1,1,3,4,0,0,1,-1,1,1,-1,1,1
KR_6746843397,420,2,24,19,10,0,2,2,2,4,2,8,8,0,3,4,1,-3,3,6,0,12,17,-1,7,6,1,0,0,1,-1,1,1,4,1
KR_6764806550,420,1,45,15,3,0,3,3,2,4,2,3,5,2,-2,4,6,0,0,0,3,14,-1,-4,11,7,3,0,-1,-1,-1,-1,1,6,1
KR_6713881925,420,-4,-18,-7,-6,-1,2,3,-2,1,3,0,2,2,-2,1,3,-1,0,1,0,-3,-5,-1,5,4,6,0,1,-1,1,1,-1,4,1
KR_6762178735,420,5,4,5,12,3,3,0,2,2,0,5,5,0,2,2,0,0,2,2,0,19,-135,3,6,9,2,0,1,0,1,1,-1,0,1
KR_6504211328,420,5,55,1,9,4,7,3,1,4,3,3,3,0,2,5,3,-1,0,1,1,2,3,3,2,5,-2,0,2,1,-1,1,1,6,1
KR_6755245999,420,2,19,8,10,3,4,1,0,2,2,9,11,2,-2,3,5,0,0,0,1,11,0,0,4,4,2,0,0,-1,1,1,1,4,1
KR_6734045899,420,-1,-2,-38,1,-1,1,2,-4,0,4,2,4,2,2,2,0,2,3,1,0,5,6,1,6,7,3,0,1,-1,-1,1,1,2,1
KR_6744249290,440,2,-13,25,9,0,3,3,1,3,2,2,3,1,2,4,2,4,5,1,0,6,-7,0,5,5,4,0,0,0,1,0,-1,0,1
KR_6754017877,420,6,-11,26,12,0,3,3,4,4,0,2,3,1,3,3,0,3,4,1,-1,10,135,0,5,5,1,0,3,1,1,1,-1,6,1
KR_6621612979,420,2,35,9,5,0,2,2,6,8,2,2,3,1,-2,4,6,-1,0,1,1,4,12,0,5,5,4,0,2,-1,1,1,-1,2,1
KR_6761261790,420,5,82,24,11,1,2,1,3,5,2,1,3,2,6,7,1,0,0,0,-1,10,3,2,6,8,0,0,1,1,1,1,-1,3,1
KR_6758112801,420,2,50,-27,16,5,5,0,2,7,5,-1,2,3,11,11,0,-1,2,3,2,24,-2,1,6,7,5,0,3,-1,1,1,1,3,1
KR_6756682955,420,3,71,11,7,6,8,2,1,2,1,1,3,2,0,2,2,-1,0,1,0,-3,-4,-1,5,4,6,0,2,0,1,1,-1,0,1
KR_6734356598,420,0,-9,4,-8,1,1,0,-3,2,5,1,7,6,-7,1,8,0,2,2,-1,-23,-2,1,6,7,-4,0,-2,1,-1,-1,-1,1,1
KR_6759661825,440,-1,81,-12,-5,-1,0,1,-5,2,7,5,5,0,-3,0,3,-1,0,1,0,-10,29,-3,11,8,-25,0,0,-1,0,-1,-1,4,1
KR_6668374747,420,1,28,16,0,-1,1,2,3,3,0,1,3,2,-4,2,6,1,3,2,0,-1,0,-3,9,6,1,0,0,-1,1,1,1,6,1
KR_6663329644,420,5,81,19,7,4,4,0,3,3,0,-3,1,4,2,3,1,1,1,0,0,10,-13,2,3,5,1,0,1,1,1,1,1,5,1
KR_6732926652,420,3,7,14,6,2,2,0,-1,2,3,-3,0,3,3,5,2,5,5,0,0,5,-2,-4,9,5,0,0,1,1,1,1,-1,3,1
KR_6743028794,420,8,75,12,24,3,3,0,2,2,0,1,2,1,15,15,0,3,5,2,1,22,6,3,1,4,-1,1,4,1,1,1,1,2,1
KR_6705326291,420,2,14,17,-1,4,4,0,-1,3,4,1,2,1,-5,0,5,0,0,0,0,-11,29,-4,6,2,-3,0,-1,-1,1,-1,-1,4,1
KR_6708512478,420,1,-6,16,8,1,1,0,4,4,0,5,7,2,-1,3,4,-1,0,1,0,14,30,2,2,4,-6,0,1,-1,1,1,-1,1,1
KR_6752177775,420,2,-24,27,2,5,6,1,1,2,1,-3,1,4,-1,3,4,0,1,1,0,-1,-4,-3,6,3,6,0,1,1,1,1,-1,5,1
KR_6739256605,420,1,94,-16,8,-3,0,3,3,4,1,8,8,0,0,0,0,0,0,0,0,6,0,0,4,4,-4,0,1,1,-1,1,1,6,1
KR_6717080371,420,-2,27,15,-8,-1,0,1,-4,4,8,0,2,2,-1,2,3,-2,0,2,0,-16,-11,-4,7,3,-2,0,0,-1,1,1,1,4,1
KR_6756631121,420,0,-27,0,1,1,3,2,2,6,4,-3,1,4,0,0,0,1,2,1,0,4,-10,0,5,5,1,0,1,0,1,1,1,0,1
KR_6699201075,420,3,-37,9,9,1,1,0,7,9,2,-1,1,2,1,3,2,1,1,0,0,-1,-1,1,5,6,0,0,1,1,1,1,1,2,1
KR_6744042612,440,2,2,-14,3,0,1,1,0,2,2,3,5,2,0,2,2,0,0,0,0,-1,-6,0,5,5,1,0,0,-1,-1,0,-1,2,1
KR_6632136830,420,-1,-38,0,-2,4,5,1,-3,3,6,-1,1,2,-4,2,6,2,2,0,-1,-6,-10,2,5,7,-7,0,-1,1,1,-1,-1,2,1
KR_6736952902,440,6,127,35,11,7,7,0,1,3,2,0,2,2,3,5,2,0,1,1,0,1,-52,-2,5,3,23,0,3,1,1,1,1,4,1
KR_6753263254,420,7,92,55,14,4,4,0,6,6,0,2,3,1,2,3,1,0,0,0,0,9,1,5,2,7,4,0,3,1,1,1,-1,2,1
KR_6737625600,420,1,-24,-4,3,-1,2,3,0,1,1,1,3,2,3,3,0,0,0,0,0,6,-3,2,3,5,-4,0,-1,-1,1,-1,1,5,1
KR_6765282316,420,3,-25,9,11,1,3,2,-1,2,3,0,3,3,8,8,0,3,3,0,0,9,8,5,2,7,-8,0,1,1,1,1,1,5,1
KR_6567699537,420,-4,27,1,-6,-1,5,6,-3,1,4,1,3,2,-2,0,2,-1,0,1,0,-8,7,-1,5,4,-3,0,0,-1,1,-1,1,1,1
KR_6756365544,420,-1,9,-2,0,0,3,3,-3,3,6,-2,0,2,4,4,0,1,1,0,0,1,8,-2,5,3,-2,0,-1,1,-1,-1,-1,2,1
KR_6685504054,440,3,45,-46,4,-1,0,1,1,4,3,-2,0,2,4,6,2,2,2,0,-1,9,12,2,7,9,-4,0,-1,1,-1,-1,-1,5,1
KR_6750920881,420,2,47,27,5,1,2,1,1,7,6,3,3,0,0,4,4,0,0,0,0,3,-25,-5,8,3,6,0,0,1,-1,0,-1,5,1
KR_6680146402,420,4,52,-19,10,-2,2,4,1,2,1,3,5,2,6,6,0,2,2,0,0,10,5,6,3,9,0,0,3,1,1,1,1,1,1
KR_6653701359,420,1,18,-7,4,1,3,2,-1,0,1,0,0,0,4,5,1,0,1,1,0,0,6,4,2,6,-2,0,1,1,-1,1,1,5,1
KR_6584661922,420,7,102,29,5,5,5,0,-3,2,5,1,4,3,2,3,1,0,1,1,1,-3,41,4,3,7,-3,0,1,-1,1,1,1,6,1
KR_6678924264,420,-1,-19,4,-5,-4,2,6,-2,5,7,0,2,2,1,3,2,0,2,2,1,-3,-10,-6,13,7,-3,0,0,1,-1,-1,1,4,1
KR_6735836939,420,-1,-9,7,7,-2,2,4,7,8,1,-4,0,4,4,6,2,2,4,2,1,22,-17,3,5,8,4,0,0,1,1,1,1,6,1
KR_6748442287,420,1,6,12,3,1,1,0,0,3,3,4,5,1,-1,2,3,-1,0,1,0,-1,13,-6,10,4,1,0,0,-1,1,1,1,3,1
KR_6710365946,420,0,-11,40,0,1,3,2,4,4,0,-1,1,2,-3,1,4,-1,1,2,0,1,-11,-5,8,3,-1,0,1,1,1,-1,1,2,1
KR_6724805491,420,5,87,4,6,2,2,0,0,1,1,0,2,2,-1,2,3,5,5,0,0,7,163,3,4,7,-21,0,2,1,-1,1,1,6,1
KR_6764351860,420,1,-5,3,1,-2,1,3,1,3,2,1,1,0,1,7,6,0,3,3,3,8,5,-3,9,6,0,0,0,1,0,-1,1,1,1
KR_6728621649,420,0,38,6,0,2,4,2,-3,0,3,-1,3,4,0,6,6,2,4,2,-2,1,5,2,5,7,-2,0,0,1,-1,1,-1,6,1
KR_6743798101,420,4,49,13,14,3,3,0,3,5,2,-2,1,3,8,8,0,2,2,0,0,12,161,2,4,6,-5,0,2,-1,1,1,1,2,1
KR_6742943182,420,7,103,-5,15,6,6,0,4,5,1,3,4,1,3,4,1,-1,0,1,0,10,142,1,5,6,0,0,3,1,1,1,-1,4,1
KR_6740557476,420,-1,-7,11,2,3,5,2,-1,3,4,0,3,3,-1,2,3,1,1,0,0,-2,0,0,5,5,-3,0,0,-1,1,1,1,5,1
KR_6761379200,420,0,13,4,6,-4,1,5,1,3,2,-4,1,5,13,13,0,0,1,1,1,11,68,2,3,5,1,0,0,1,0,1,1,1,1
KR_6759426082,420,2,12,8,1,-1,1,2,-5,1,6,3,3,0,5,5,0,-1,1,2,0,-1,7,1,3,4,0,0,0,-1,1,0,-1,5,1
KR_6762477276,420,4,-32,45,6,0,1,1,2,4,2,3,4,1,1,7,6,0,0,0,1,3,-14,4,6,10,2,0,0,0,1,1,1,0,1
KR_6759493354,420,1,18,1,9,2,3,1,4,5,1,-1,0,1,3,3,0,1,1,0,0,9,-15,1,4,5,4,0,0,1,0,-1,1,4,1
KR_6750163740,420,-2,13,-4,-2,-5,3,8,1,2,1,3,5,2,0,3,3,-1,1,2,0,-2,-91,5,4,9,-1,0,0,-1,1,1,-1,5,1
KR_6603328910,420,3,133,-36,7,1,4,3,1,3,2,3,4,1,3,5,2,-1,1,2,0,2,-113,1,5,6,2,0,3,1,-1,1,1,3,1
KR_6699837438,420,2,34,-9,4,-1,1,2,0,3,3,5,6,1,1,3,2,-1,5,6,0,-2,322,-1,3,2,-1,0,1,0,1,1,1,0,1
KR_6439792301,420,0,-3,-12,4,2,2,0,1,5,4,2,4,2,-1,2,3,0,2,2,0,4,-63,4,3,7,-7,0,-1,1,-1,-1,-1,1,1
KR_6763088071,420,2,67,-11,2,-2,1,3,-1,3,4,4,4,0,1,4,3,0,0,0,-1,2,-31,-1,5,4,1,0,2,1,-1,1,-1,2,1
KR_6761374879,420,-1,-77,3,0,-2,0,2,5,6,1,4,4,0,-5,0,5,-2,1,3,0,-4,-160,-1,6,5,-1,0,-1,1,-1,-1,-1,4,1
KR_6735365162,420,1,23,16,5,0,1,1,-1,4,5,3,5,2,3,4,1,0,0,0,-1,4,-32,-1,5,4,-4,0,0,1,1,1,-1,1,1
KR_6595617657,420,3,77,11,3,-2,1,3,4,5,1,-1,1,2,4,5,1,-2,0,2,1,7,-1,-2,6,4,4,0,0,1,-1,1,1,6,1
KR_6755988115,420,6,18,16,12,0,2,2,0,3,3,4,4,0,5,6,1,3,3,0,0,9,-7,-2,8,6,-3,0,1,1,-1,1,1,3,1
KR_6646414077,420,-2,-2,-40,4,4,4,0,0,6,6,-5,0,5,3,3,0,2,3,1,0,10,115,1,6,7,2,0,1,1,1,1,-1,2,1
KR_6727625314,420,-1,49,-13,-1,-1,4,5,-1,3,4,-2,1,3,-1,2,3,4,4,0,-1,1,-3,-2,7,5,0,0,-1,1,-1,-1,-1,1,1
KR_6482464211,420,0,-27,0,2,-1,0,1,7,8,1,-1,2,3,-1,3,4,-2,1,3,0,-1,-6,-3,6,3,4,0,0,-1,-1,0,1,5,1
KR_6636068247,420,-1,0,-12,-4,3,3,0,-1,4,5,-3,0,3,-2,1,3,-1,0,1,0,-2,6,1,4,5,-2,0,-1,1,-1,-1,-1,2,1
KR_6677094734,420,0,-7,19,-1,3,3,0,-5,1,6,1,1,0,-4,1,5,4,5,1,0,0,130,-1,8,7,-4,0,0,-1,1,0,-1,4,1
KR_6763207773,440,2,59,7,3,3,3,0,-4,1,5,-1,1,2,2,4,2,3,6,3,0,2,24,3,5,8,0,0,2,1,1,1,1,5,1
KR_6725704351,420,7,30,8,16,1,2,1,2,4,2,6,7,1,5,6,1,2,3,1,0,15,0,-1,6,5,9,0,3,1,1,1,1,2,1
KR_6713267948,420,2,64,5,8,0,0,0,1,3,2,-1,1,2,7,7,0,1,2,1,1,11,-3,3,4,7,7,0,0,1,-1,0,1,6,1
KR_6759474900,420,-1,-44,8,1,-1,1,2,-1,1,2,1,3,2,2,2,0,0,0,0,0,2,15,1,5,6,-4,0,-1,1,-1,-1,-1,2,1
KR_6741379513,420,6,127,24,17,4,4,0,1,3,2,6,8,2,2,4,2,4,5,1,0,10,3,0,4,4,7,0,3,1,1,1,1,5,1
KR_6763433831,440,4,4,8,3,-2,0,2,1,3,2,1,2,1,1,1,0,2,2,0,0,-1,27,1,7,8,0,0,0,0,1,0,-1,0,1
KR_6747287557,420,4,52,7,10,3,4,1,0,5,5,1,2,1,3,4,1,3,3,0,0,5,-4,-1,5,4,1,0,1,-1,1,1,1,3,1
KR_6756810989,420,2,17,3,-7,-4,1,5,-4,2,6,0,4,4,1,2,1,0,0,0,0,-10,9,0,5,5,7,0,-1,1,-1,-1,1,3,1
KR_6577450200,420,4,3,-32,8,1,2,1,3,4,1,5,6,1,0,2,2,-1,3,4,1,9,20,3,4,7,-3,0,2,1,1,1,1,4,1
KR_6762091026,420,0,-15,8,-1,0,2,2,-2,1,3,-3,1,4,2,7,5,2,4,2,0,-4,-3,-4,8,4,-3,0,-1,1,-1,-1,1,1,1
KR_6539653329,420,5,10,16,5,0,0,0,5,6,1,1,2,1,-1,2,3,0,1,1,0,3,-134,-3,8,5,1,0,0,1,1,0,1,1,1
KR_6757643722,420,4,17,-17,5,3,5,2,-1,5,6,0,3,3,1,2,1,2,3,1,0,0,-10,1,5,6,0,0,3,1,1,1,-1,3,1
KR_6760556884,420,1,-9,-7,3,-2,0,2,0,0,0,0,3,3,4,5,1,1,2,1,0,14,-3,-3,6,3,5,0,2,1,1,1,-1,1,1
KR_6765600769,420,3,9,-12,6,4,5,1,1,3,2,0,1,1,2,4,2,-1,0,1,0,1,2,6,3,9,-4,0,0,-1,1,1,1,5,1
KR_6685683677,440,1,-16,8,3,2,3,1,3,4,1,-3,2,5,-1,1,2,2,2,0,0,8,36,-2,8,6,-2,0,2,1,1,1,1,1,1
KR_6759663336,440,2,-53,28,1,5,8,3,-2,1,3,-3,0,3,1,5,4,0,1,1,-1,0,-4,-1,6,5,0,0,0,1,-1,-1,-1,5,1
KR_6762973014,420,0,-14,-10,-4,-3,1,4,0,5,5,-1,2,3,-2,2,4,2,4,2,0,-2,-121,1,3,4,1,0,-1,1,1,-1,-1,4,1
KR_6756567143,420,1,6,25,3,0,1,1,-1,2,3,4,5,1,1,5,4,-1,0,1,0,-1,4,2,7,9,-7,0,0,1,1,0,-1,4,1
KR_6761444633,420,-5,-25,-51,5,1,3,2,-6,0,6,-3,0,3,13,14,1,0,0,0,0,2,1,4,1,5,1,0,1,0,0,1,1,0,1
KR_6747134165,420,0,8,-3,7,0,0,0,2,5,3,-1,0,1,4,7,3,2,3,1,0,10,-1,-5,10,5,5,0,0,1,1,0,1,1,1
KR_6763368861,420,0,-3,24,-1,1,2,1,0,2,2,-1,2,3,1,4,3,-2,0,2,1,-5,-45,4,5,9,28,0,1,-1,1,1,1,5,1
KR_6750754737,420,-2,53,-1,-10,-6,0,6,0,3,3,-1,1,2,-1,0,1,-2,0,2,0,-7,12,-2,5,3,-1,0,-2,-1,-1,-1,-1,4,1
KR_6745219581,440,-1,19,8,-5,-2,0,2,-1,2,3,0,3,3,-2,1,3,0,0,0,-1,-4,-8,2,3,5,-1,0,0,-1,1,1,-1,1,1
KR_6748011247,420,1,-52,-8,16,6,7,1,4,5,1,8,12,4,-1,5,6,-1,0,1,1,15,8,1,2,3,2,0,1,0,1,1,-1,0,1
KR_6753283604,440,0,42,12,5,1,3,2,-1,2,3,4,5,1,3,4,1,-2,1,3,1,7,2,-4,7,3,3,0,0,1,1,0,1,6,1
KR_6764295942,420,1,-34,-4,6,-2,0,2,4,6,2,5,7,2,-1,1,2,0,1,1,0,0,1,1,5,6,-1,0,0,-1,1,0,1,3,1
KR_6643676918,420,3,37,17,6,-1,1,2,4,4,0,6,6,0,-1,2,3,-2,0,2,0,3,8,6,1,7,-9,0,1,1,1,1,-1,4,1
KR_6752294615,420,2,22,5,6,2,2,0,2,5,3,2,2,0,-1,5,6,1,1,0,0,2,-3,0,7,7,0,0,1,1,1,1,1,4,1
KR_6681994424,420,2,2,24,5,3,3,0,5,5,0,-3,3,6,0,1,1,0,0,0,0,10,126,0,6,6,3,0,0,1,1,0,-1,2,1
KR_6697661170,420,0,-21,8,4,0,0,0,2,4,2,-3,1,4,3,3,0,2,3,1,0,7,7,6,2,8,-2,0,-2,1,-1,-1,-1,4,1
KR_6683653787,420,3,7,-4,16,3,3,0,1,5,4,7,10,3,7,9,2,-2,0,2,0,21,2,0,4,4,1,0,0,-1,1,0,1,2,1
KR_6743999037,440,3,32,-10,4,0,4,4,4,4,0,4,4,0,-4,2,6,0,0,0,0,5,-10,-4,8,4,8,0,0,0,-1,0,1,0,1
KR_6756013545,420,-3,35,15,-1,0,2,2,2,4,2,-3,1,4,-1,1,2,1,2,1,-1,-2,9,1,5,6,-3,0,1,1,-1,1,-1,4,1
KR_6494668698,420,4,38,18,10,1,2,1,4,6,2,0,4,4,2,8,6,3,4,1,0,12,9,4,3,7,1,0,0,1,1,1,1,5,1
KR_6739867664,420,3,-25,-16,4,2,4,2,6,12,6,-3,0,3,0,0,0,-1,0,1,0,10,1,1,5,6,4,0,0,-1,-1,0,-1,3,1
KR_6763572832,420,0,-13,9,6,3,4,1,4,5,1,-2,0,2,2,4,2,-1,1,2,0,5,4,-5,11,6,5,0,0,1,1,0,-1,2,1
KR_6650785507,420,0,16,-6,-4,1,2,1,0,2,2,-2,2,4,-2,2,4,-1,2,3,0,-1,-9,-5,6,1,2,0,0,-1,1,1,-1,4,1
KR_6705218760,420,3,39,-8,15,-2,1,3,10,11,1,6,6,0,2,4,2,-1,1,2,3,26,25,6,5,11,1,0,0,-1,1,1,1,2,1
KR_6762949813,420,-2,-30,0,-1,2,3,1,3,4,1,2,2,0,-8,0,8,0,2,2,1,-2,-135,-5,8,3,5,0,0,1,-1,0,1,5,1
KR_6762869382,420,4,4,-12,4,0,1,1,-3,1,4,-2,1,3,10,13,3,-1,0,1,0,6,-2,-2,8,6,8,0,1,0,-1,1,-1,0,1
KR_6755445192,420,4,97,14,10,3,4,1,4,4,0,0,4,4,5,7,2,-2,1,3,2,14,15,3,3,6,-2,0,2,1,1,1,1,3,1
KR_6757978665,420,0,-23,-12,-1,-1,1,2,2,3,1,-1,0,1,-2,0,2,1,1,0,0,4,5,3,4,7,-3,0,-1,-1,-1,-1,-1,2,1
KR_6753792563,420,4,3,24,6,3,6,3,-1,2,3,5,6,1,0,3,3,-1,1,2,1,2,116,4,3,7,1,0,0,-1,1,1,1,4,1
KR_6760556183,420,1,21,8,1,-1,1,2,-1,3,4,1,2,1,1,4,3,1,2,1,0,2,-1,-1,10,9,2,0,-1,1,-1,-1,1,1,1
KR_6629381436,420,5,92,24,16,0,1,1,3,3,0,7,8,1,7,7,0,-1,0,1,0,20,8,5,5,10,0,0,0,1,-1,1,1,5,1
KR_6638325461,420,6,14,4,17,-2,1,3,0,2,2,6,7,1,11,14,3,2,3,1,0,20,205,-2,4,2,1,0,0,1,1,1,1,6,1
KR_6759394347,420,1,54,10,-5,0,1,1,1,2,1,0,4,4,-7,2,9,1,1,0,0,-15,-86,-5,9,4,0,0,0,-1,1,0,-1,1,1
KR_6756951481,420,3,-27,16,12,3,3,0,3,4,1,3,4,1,3,3,0,0,0,0,0,19,3,-2,5,3,1,0,1,0,1,1,1,0,1
KR_6756507153,420,3,-1,-4,11,4,6,2,2,5,3,3,5,2,1,9,8,1,1,0,0,8,-5,-1,6,5,3,0,1,-1,1,1,1,1,1
KR_6601604810,420,3,62,-3,14,5,6,1,1,3,2,4,4,0,3,3,0,1,1,0,1,13,37,-1,8,7,4,0,3,1,1,1,1,2,1
KR_6764380019,420,0,-34,-7,0,-2,2,4,-1,3,4,2,4,2,1,1,0,0,1,1,-1,2,-17,-1,6,5,9,0,1,1,-1,1,-1,6,1
KR_6564095221,420,1,56,-8,5,0,0,0,2,4,2,0,2,2,3,4,1,0,0,0,0,7,-4,0,7,7,6,0,0,-1,1,0,1,5,1
KR_6764784874,420,1,0,25,-1,-4,1,5,0,1,1,1,1,0,2,2,0,0,0,0,0,2,1,1,4,5,-2,0,0,1,1,1,1,2,1
KR_6744350011,420,2,33,7,0,-1,0,1,0,2,2,0,3,3,-1,1,2,2,2,0,0,-3,-11,2,5,7,1,0,5,-1,-1,1,-1,1,1
KR_6757774507,420,3,21,7,11,2,4,2,2,5,3,0,1,1,4,7,3,3,4,1,0,9,127,-1,6,5,0,0,1,1,-1,1,1,6,1
KR_6763958562,420,3,32,12,3,0,2,2,4,4,0,1,3,2,1,4,3,-3,0,3,0,-1,7,1,7,8,-4,0,2,-1,1,1,1,4,1
KR_6756236352,440,3,43,32,-1,3,6,3,-3,1,4,-2,2,4,3,4,1,-2,0,2,0,-2,-2,-4,7,3,-2,0,0,-1,1,0,-1,3,1
KR_6762167544,420,2,20,-13,5,-3,3,6,1,1,0,2,3,1,6,6,0,-1,3,4,-1,8,-18,0,6,6,3,0,0,1,-1,0,-1,4,1
KR_6754333530,440,-2,69,5,2,-3,2,5,-2,1,3,8,9,1,-2,0,2,1,2,1,1,-6,-21,0,5,5,4,0,0,1,-1,1,1,6,1
KR_6741183379,420,7,72,39,20,4,6,2,4,4,0,10,10,0,1,5,4,1,2,1,0,14,-18,-2,4,2,3,0,2,1,1,1,-1,2,1
KR_6711837766,420,0,13,21,4,3,3,0,0,5,5,1,3,2,-1,2,3,1,1,0,0,4,1,-3,6,3,4,0,2,1,1,1,1,6,1
KR_6537324175,420,5,52,30,11,4,4,0,7,7,0,-3,2,5,3,6,3,0,1,1,0,23,-1,1,4,5,-2,0,2,1,-1,1,-1,4,1
KR_6752068233,420,3,79,-28,6,0,3,3,4,5,1,2,2,0,-1,4,5,1,2,1,0,4,0,-2,3,1,0,0,1,1,1,1,-1,6,1
KR_6753973033,420,4,89,16,9,0,1,1,4,4,0,1,3,2,7,10,3,-3,0,3,0,12,2,5,5,10,3,0,2,1,1,1,1,2,1
KR_6752930847,420,-1,7,-28,2,0,1,1,-2,1,3,0,1,1,2,4,2,2,2,0,0,0,-2,4,3,7,0,0,0,-1,0,0,1,5,1
KR_6563923210,420,3,34,43,5,-1,0,1,2,3,1,2,3,1,1,3,2,1,1,0,0,11,35,4,5,9,-13,0,1,1,1,1,1,1,1
KR_6763395278,420,2,41,5,9,7,7,0,2,2,0,-6,0,6,6,6,0,0,1,1,0,10,-2,1,4,5,4,0,1,1,1,1,1,6,1
KR_6662155809,420,7,120,8,13,4,5,1,-1,4,5,4,6,2,5,6,1,1,1,0,0,10,9,2,3,5,-2,0,1,-1,-1,1,-1,5,1
KR_6758359171,420,-4,-20,-22,-10,-4,1,5,2,5,3,-8,0,8,-1,3,4,1,2,1,0,-6,4,4,5,9,-3,0,0,-1,-1,0,-1,3,1
KR_6722699340,420,4,-23,23,14,0,0,0,7,9,2,3,4,1,3,4,1,1,1,0,0,14,-89,0,6,6,4,0,0,-1,1,1,1,2,1
KR_6747960322,440,0,-28,-12,-4,-3,1,4,-2,0,2,0,1,1,-1,1,2,2,2,0,0,-4,2,-1,4,3,-3,0,0,-1,1,0,1,2,1
KR_6763752292,420,1,41,22,-4,-1,1,2,7,9,2,-7,1,8,-2,1,3,-1,0,1,0,-3,31,-1,7,6,2,0,0,-1,0,-1,1,2,1
KR_6712963796,420,-1,-13,4,4,3,4,1,3,5,2,-3,0,3,0,3,3,1,1,0,0,-1,2,0,7,7,-1,0,0,1,-1,1,1,5,1
KR_6653822136,420,4,46,37,6,5,6,1,0,2,2,1,4,3,0,2,2,0,1,1,0,0,29,1,2,3,1,0,0,0,1,1,1,0,1
KR_6763638787,440,2,87,-4,-1,0,1,1,-5,0,5,0,2,2,6,7,1,-2,2,4,0,0,-10,-2,5,3,3,0,0,1,-1,1,1,6,1
KR_6750850399,420,0,7,12,-4,-1,2,3,1,3,2,-3,4,7,2,3,1,-3,1,4,0,-3,29,3,4,7,-2,0,-2,1,-1,-1,-1,2,1
KR_6737600720,420,0,3,-39,5,0,2,2,3,8,5,-1,2,3,2,3,1,1,4,3,-3,6,1,0,3,3,-3,0,1,-1,-1,1,-1,3,1
KR_6752056374,420,0,-10,-1,7,1,3,2,-1,0,1,0,0,0,5,5,0,2,3,1,0,8,8,-3,6,3,2,0,-1,-1,-1,-1,1,5,1
KR_6603903009,420,1,26,12,0,0,1,1,-2,2,4,-2,2,4,5,7,2,-1,0,1,-2,-7,-6,-8,9,1,2,0,2,-1,1,1,-1,2,1
KR_6725491632,420,2,59,4,7,-2,0,2,3,6,3,0,0,0,9,9,0,-3,0,3,1,16,1,-1,9,8,5,0,0,1,-1,1,1,6,1
KR_6741554517,440,-4,-74,-3,-6,-3,0,3,5,7,2,2,4,2,-8,0,8,-2,0,2,0,0,53,1,4,5,-20,0,0,1,1,0,1,4,1
KR_6760535674,420,1,35,10,8,4,5,1,3,3,0,3,5,2,-2,2,4,0,0,0,0,3,-7,2,2,4,3,0,1,-1,1,1,1,1,1
KR_6760109194,420,0,14,-42,3,2,5,3,2,2,0,-5,0,5,3,4,1,1,1,0,2,9,7,0,4,4,-4,0,0,1,-1,1,1,3,1
KR_6763639502,420,3,0,12,11,0,0,0,3,4,1,2,2,0,6,6,0,0,1,1,0,11,-13,3,5,8,1,0,1,1,-1,1,1,4,1
KR_6725973830,440,4,3,20,8,5,5,0,1,2,1,2,2,0,2,3,1,-2,0,2,0,5,-1,0,5,5,-2,0,0,1,1,1,1,2,1
KR_6760278244,420,1,-12,8,0,-2,2,4,-1,0,1,0,2,2,4,6,2,-1,1,2,1,2,-7,0,7,7,0,0,0,-1,0,0,1,1,1
KR_6463436781,420,-1,19,26,1,-1,1,2,2,5,3,-1,3,4,3,3,0,-2,2,4,0,-1,-12,10,3,13,-7,0,1,-1,1,1,-1,2,1
KR_6701208428,420,4,34,34,13,-3,1,4,2,4,2,3,5,2,4,6,2,7,7,0,0,18,-188,1,1,2,2,0,1,-1,1,1,1,2,1
KR_6700062678,420,6,94,8,16,4,4,0,5,7,2,3,4,1,3,4,1,1,3,2,0,9,-143,2,5,7,1,0,2,1,1,1,1,3,1
KR_6693403104,420,3,67,28,6,-1,0,1,5,6,1,-3,0,3,7,7,0,-2,0,2,0,6,69,0,4,4,-4,0,1,1,1,1,1,5,1
KR_6760163511,420,0,-45,-22,4,-6,0,6,5,6,1,2,4,2,1,4,3,2,3,1,0,16,9,3,4,7,-1,0,-1,1,1,-1,1,2,1
KR_6676443937,420,6,23,1,15,5,6,1,2,3,1,5,7,2,2,4,2,1,1,0,0,18,1,-1,4,3,-2,0,2,-1,1,1,1,1,1
KR_6760661094,440,5,-22,-12,15,3,3,0,0,0,0,7,9,2,3,5,2,2,2,0,0,15,-2,4,2,6,-1,0,1,-1,0,1,1,6,1
KR_6602413787,420,1,-6,22,2,0,3,3,1,5,4,-3,1,4,3,6,3,1,1,0,0,2,4,3,8,11,-2,0,0,1,-1,-1,-1,1,1
KR_6730107506,420,10,145,50,14,2,3,1,7,8,1,2,2,0,4,5,1,-1,0,1,0,11,32,2,2,4,1,0,4,1,1,1,1,3,1
KR_6734212970,420,0,51,-7,5,0,1,1,-2,1,3,1,2,1,4,4,0,2,2,0,0,6,-3,3,4,7,7,0,0,1,-1,0,1,6,1
KR_6752559415,420,2,0,25,4,3,8,5,-1,1,2,8,8,0,-3,1,4,-3,0,3,0,-2,117,-1,4,3,2,0,2,1,1,1,1,5,1
KR_6616182119,420,0,-40,-8,4,1,2,1,4,5,1,-3,5,8,1,4,3,1,3,2,0,12,-2,7,1,8,-2,0,-1,1,-1,-1,1,6,1
KR_6679263815,420,1,-22,19,4,-2,1,3,2,5,3,5,5,0,-2,3,5,1,2,1,-1,-2,-1,1,5,6,2,0,0,1,1,1,-1,2,1
KR_6739276708,420,4,30,15,11,-1,2,3,4,5,1,9,9,0,1,6,5,-2,0,2,-1,7,0,-2,4,2,-2,0,0,1,0,0,-1,3,1
KR_6581556295,420,0,-72,-7,-5,3,4,1,0,8,8,-7,0,7,-3,1,4,2,2,0,0,2,-2,3,6,9,0,0,0,-1,-1,-1,-1,1,1
KR_6705953295,420,-5,-55,-12,-7,0,2,2,-1,2,3,-2,0,2,-3,3,6,-1,0,1,1,-12,1,-5,8,3,-1,0,-1,-1,-1,-1,1,1,1
KR_6744624029,420,3,35,6,8,0,2,2,-1,0,1,0,0,0,10,10,0,-1,0,1,0,8,-9,2,4,6,5,0,-1,1,-1,-1,-1,4,1
KR_6577590047,420,1,19,-14,-6,-4,1,5,-1,2,3,-3,1,4,1,3,2,1,2,1,-1,-4,-16,5,2,7,1,0,1,-1,1,1,-1,5,1
KR_6756274971,420,-1,-1,-1,-5,-2,0,2,2,3,1,4,5,1,-8,2,10,-1,1,2,1,-5,420,-1,6,5,-37,0,-1,-1,1,1,1,3,1
KR_6750814190,440,-1,-20,20,-5,-2,1,3,8,8,0,-2,4,6,-10,1,11,1,2,1,0,1,30,-4,5,1,-21,0,-1,-1,1,-1,1,4,1
KR_6734036647,420,-7,-104,-20,-3,5,6,1,-2,4,6,-6,1,7,0,1,1,0,1,1,0,8,-6,-7,9,2,4,0,-1,-1,-1,-1,1,6,1
KR_6747310021,420,1,45,-9,8,3,4,1,6,9,3,1,4,3,0,1,1,-2,0,2,0,5,-4,-5,10,5,6,0,3,1,-1,1,-1,3,1
KR_6701407123,420,3,-13,75,4,1,2,1,4,5,1,3,3,0,-4,2,6,0,0,0,-2,0,-217,5,2,7,-3,0,0,-1,1,0,-1,4,1
KR_6751168844,440,2,8,-8,6,-2,2,4,5,5,0,0,2,2,2,4,2,1,1,0,0,12,5,1,6,7,10,0,1,1,-1,-1,1,5,1
KR_6607693438,420,2,68,-6,1,1,1,0,-4,0,4,5,6,1,2,2,0,-3,1,4,0,-7,-5,4,6,10,9,0,1,1,-1,1,-1,4,1
KR_6596078659,420,4,22,8,14,1,2,1,6,9,3,4,7,3,1,5,4,2,5,3,0,14,-9,0,5,5,2,0,1,1,1,1,1,1,1
KR_6633446094,420,2,26,22,8,-3,0,3,0,4,4,4,6,2,0,2,2,7,7,0,0,4,1,6,2,8,1,0,0,0,1,0,1,0,1
KR_6753273895,440,1,-12,14,4,1,2,1,0,2,2,3,3,0,0,5,5,0,3,3,0,11,122,3,0,3,0,0,0,-1,1,0,-1,6,1
KR_6756112289,420,1,8,14,3,1,3,2,-5,1,6,2,5,3,8,9,1,-3,0,3,0,6,-46,1,5,6,30,0,0,-1,-1,1,-1,3,1
KR_6644338408,420,0,40,-20,-2,0,2,2,-5,2,7,-1,1,2,3,3,0,1,1,0,0,3,5,-2,11,9,5,0,0,1,1,1,-1,2,1
KR_6710450638,420,-1,-7,-2,2,4,5,1,3,5,2,0,1,1,-2,2,4,-3,1,4,0,-5,13,5,2,7,-1,0,-1,-1,1,-1,1,3,1
KR_6535483824,420,7,73,53,11,3,3,0,8,10,2,3,3,0,-2,1,3,-1,0,1,0,5,6,6,3,9,-1,0,2,1,1,1,1,3,1
KR_6734832673,420,6,115,-22,16,-3,0,3,3,5,2,6,7,1,10,10,0,0,0,0,0,20,14,2,4,6,-1,0,2,1,-1,1,-1,5,1
KR_6761354025,420,-2,-7,-5,-9,-1,0,1,-2,2,4,1,4,3,-1,3,4,-6,1,7,0,-8,-4,-1,7,6,1,0,1,-1,1,1,-1,1,1
KR_6570134987,420,5,34,23,7,0,3,3,0,1,1,6,8,2,1,6,5,0,0,0,0,4,19,0,6,6,4,0,1,-1,1,1,1,2,1
KR_6746859618,420,3,40,48,-3,-3,0,3,0,2,2,-3,0,3,5,7,2,-2,1,3,0,-4,9,2,2,4,2,0,2,0,1,1,-1,0,1
KR_6743780184,420,4,58,-22,11,1,2,1,-1,1,2,-1,1,2,3,3,0,9,10,1,0,16,-2,-1,5,4,4,0,1,1,-1,1,1,4,1
KR_6761581108,420,-2,-9,-6,-1,1,2,1,-4,1,5,5,5,0,-3,1,4,0,0,0,0,0,4,-2,4,2,2,0,0,-1,1,0,1,5,1
KR_6726650716,420,3,36,24,4,1,3,2,1,4,3,-1,1,2,3,5,2,0,1,1,0,6,2,4,4,8,0,0,2,1,1,1,-1,4,1
KR_6468125145,420,4,54,35,12,5,5,0,3,3,0,1,2,1,4,7,3,-1,0,1,0,20,4,5,4,9,3,0,0,1,1,1,1,3,1
KR_6472680345,440,1,57,17,-3,0,1,1,-3,3,6,-3,0,3,2,2,0,1,3,2,0,-4,-3,-5,9,4,-4,0,0,1,0,1,1,5,1
KR_6750323258,420,7,55,44,21,6,8,2,3,3,0,12,13,1,-1,1,2,1,1,0,0,14,-114,2,2,4,6,0,2,1,1,1,1,4,1
KR_6761082709,440,1,22,-8,3,-1,1,2,-1,0,1,2,2,0,2,5,3,1,1,0,0,7,10,4,3,7,1,0,1,-1,0,1,1,4,1
KR_6688455730,420,-1,-40,-6,-2,-6,1,7,3,6,3,3,5,2,-1,2,3,-1,0,1,0,0,0,4,4,8,-2,0,-1,-1,1,-1,1,1,1
KR_6698703370,420,1,17,-22,-1,-3,1,4,-3,3,6,1,2,1,3,4,1,1,2,1,0,5,1,-2,7,5,1,0,0,-1,-1,0,-1,6,1
KR_6754406219,420,2,25,-3,0,4,4,0,1,3,2,-2,1,3,-1,2,3,-2,0,2,0,-7,-9,-1,7,6,3,0,0,1,1,1,-1,2,1
KR_6651738981,420,4,20,35,4,8,8,0,0,2,2,-2,4,6,-1,3,4,-1,0,1,0,-1,101,-2,9,7,1,0,1,0,1,1,-1,0,1
KR_6738178257,440,2,36,-3,8,3,4,1,-1,2,3,1,5,4,7,7,0,-2,2,4,1,3,4,1,5,6,3,0,0,-1,-1,0,1,1,1
KR_6730414241,420,4,53,64,6,4,4,0,3,8,5,1,4,3,-3,1,4,1,2,1,0,6,-19,5,3,8,-3,0,1,1,1,1,-1,5,1
KR_6743828380,420,-4,-7,-20,-6,2,3,1,-7,0,7,0,1,1,0,1,1,-1,0,1,0,-11,17,4,3,7,-4,0,0,0,-1,0,1,0,1
KR_6734893341,420,5,95,-12,8,3,3,0,3,3,0,3,5,2,2,2,0,-3,0,3,0,10,17,3,2,5,-1,0,0,1,1,1,1,6,1
KR_6466560602,420,3,42,8,2,-5,0,5,3,6,3,0,0,0,-1,4,5,5,6,1,-1,5,4,0,7,7,-4,0,0,-1,1,1,-1,2,1
KR_6738819553,420,2,14,8,-2,0,3,3,-5,2,7,2,5,3,3,4,1,-2,0,2,2,-10,10,1,5,6,-3,0,0,1,-1,0,1,4,1
KR_6749109215,420,-2,6,13,1,1,2,1,1,2,1,0,4,4,-1,2,3,0,0,0,1,1,-9,-8,12,4,4,0,-1,1,-1,-1,1,3,1
KR_6755161586,420,0,-42,-14,-1,1,3,2,-3,5,8,1,2,1,1,2,1,-1,0,1,-1,-1,18,2,3,5,0,0,0,-1,1,1,-1,1,1
KR_6713410121,420,4,67,36,3,2,4,2,4,8,4,-4,0,4,3,6,3,-2,1,3,1,0,2,1,7,8,0,0,1,-1,1,1,1,2,1
KR_6671840231,420,2,26,-4,3,-1,2,3,-1,2,3,1,4,3,4,5,1,0,0,0,0,5,0,0,5,5,2,0,1,1,-1,1,-1,6,1
KR_6687273084,420,3,103,47,6,-1,0,1,3,5,2,0,1,1,-1,7,8,5,6,1,1,0,-7,-5,11,6,4,0,0,1,1,1,1,5,1
KR_6637839303,420,4,61,-6,7,2,5,3,9,9,0,-3,0,3,0,1,1,-1,0,1,2,8,2,3,1,4,-3,0,1,0,1,-1,1,0,1
KR_6645855107,420,2,79,12,9,0,1,1,3,3,0,2,3,1,4,6,2,0,0,0,0,9,0,2,5,7,5,0,1,1,1,1,1,5,1
KR_6711310392,420,2,-6,16,6,1,3,2,3,5,2,-5,2,7,6,10,4,1,2,1,0,13,0,-5,8,3,-1,0,2,1,1,1,-1,1,1
KR_6761623989,440,6,135,28,13,5,5,0,2,3,1,6,8,2,-1,4,5,1,2,1,0,-1,5,3,3,6,1,0,2,1,-1,1,1,3,1
KR_6760611165,420,5,6,20,3,-1,0,1,-2,2,4,0,2,2,5,8,3,1,1,0,0,2,-38,0,7,7,27,0,0,-1,1,0,-1,3,1
KR_6735258518,420,2,42,-44,9,4,4,0,4,4,0,1,5,4,0,2,2,0,1,1,0,9,6,3,3,6,-2,0,0,-1,1,-1,-1,1,1
KR_6765153395,420,1,30,5,0,-2,1,3,0,2,2,3,4,1,-1,2,3,0,0,0,0,7,-15,-4,6,2,1,0,0,1,-1,0,-1,1,1
KR_6762251531,440,7,89,52,9,3,4,1,-1,1,2,0,1,1,8,8,0,-1,0,1,1,5,4,1,3,4,6,0,2,1,1,1,1,3,1
KR_6647890067,440,4,18,12,12,4,6,2,3,5,2,-1,6,7,5,6,1,1,2,1,3,20,20,4,3,7,3,0,2,1,1,1,1,3,1
KR_6746366896,420,3,-5,17,10,-3,0,3,1,1,0,7,7,0,6,8,2,-1,3,4,0,14,-2,1,6,7,1,0,-1,1,-1,-1,-1,2,1
KR_6616249048,420,4,72,-31,17,5,5,0,7,7,0,5,5,0,-2,1,3,2,3,1,0,11,22,2,5,7,7,0,2,1,1,1,1,4,1
KR_6761992718,420,1,31,-5,3,2,4,2,1,2,1,-4,1,5,2,3,1,2,4,2,0,2,-10,-2,4,2,2,0,0,1,-1,0,-1,4,1
KR_6764765497,420,2,18,8,6,0,1,1,10,11,1,3,3,0,-6,2,8,-1,1,2,0,-1,-155,4,5,9,1,0,-1,-1,1,-1,-1,2,1
KR_6755806220,420,-2,-43,25,-5,-2,2,4,-1,1,2,1,1,0,-4,1,5,1,3,2,0,0,-120,-2,7,5,-3,0,-1,1,-1,-1,1,3,1
KR_6748129582,440,4,30,5,4,-2,0,2,5,6,1,1,1,0,0,2,2,0,1,1,0,1,3,0,3,3,-3,0,0,0,-1,0,1,0,1
KR_6760050294,440,1,59,-11,4,4,6,2,-1,1,2,1,3,2,0,1,1,0,1,1,3,7,6,0,8,8,-5,0,-1,1,-1,-1,1,3,1
KR_6759981181,440,1,11,4,10,2,4,2,0,1,1,-2,0,2,5,6,1,5,5,0,1,15,10,7,1,8,2,0,1,1,1,1,1,2,1
KR_6764867456,420,2,-4,12,6,-1,0,1,1,3,2,3,6,3,2,3,1,1,1,0,0,9,1,-3,10,7,-7,0,1,1,1,1,1,4,1
KR_6682207926,420,1,70,4,4,1,2,1,-2,4,6,10,10,0,-2,1,3,-3,1,4,0,0,-3,3,1,4,-7,0,0,-1,1,1,1,6,1
KR_6662047204,440,0,-18,-20,2,-4,0,4,2,2,0,3,3,0,3,4,1,-2,3,5,0,3,-2,2,4,6,-2,0,0,0,-1,-1,1,0,1
KR_6316777027,420,2,25,-20,1,-1,2,3,-1,0,1,0,0,0,2,2,0,1,2,1,0,0,2,4,4,8,2,0,1,-1,1,1,-1,1,1
KR_6657048246,420,0,75,11,-1,-1,2,3,3,4,1,1,4,3,1,3,2,-5,0,5,0,-5,-59,6,1,7,2,0,1,1,1,1,-1,3,1
KR_6625979772,420,0,19,12,5,5,5,0,0,3,3,2,5,3,-4,1,5,2,4,2,0,8,-205,4,3,7,-22,0,0,1,-1,1,1,3,1
KR_6716762472,420,1,63,-4,6,0,1,1,0,1,1,4,4,0,3,4,1,-1,1,2,0,7,-1,-3,7,4,3,0,0,0,0,0,1,0,1
KR_6754130607,420,1,21,-2,5,2,3,1,5,9,4,0,2,2,-2,1,3,0,2,2,0,15,-3,-1,10,9,3,0,0,1,-1,1,-1,5,1
KR_6682359057,420,3,50,28,0,0,4,4,-1,1,2,0,2,2,1,2,1,0,0,0,0,1,17,7,3,10,-8,0,0,1,-1,1,1,3,1
KR_6680639612,420,-4,32,-21,-14,-1,0,1,-11,0,11,-2,2,4,1,3,2,-1,1,2,-1,-29,-28,0,5,5,-1,0,-1,1,-1,-1,-1,3,1
KR_6714669984,420,-1,-13,23,-10,2,3,1,-5,0,5,-2,5,7,-6,1,7,1,1,0,-1,-21,-3,-5,6,1,-1,0,1,-1,1,1,-1,1,1
KR_6675055930,420,0,39,-13,5,-2,0,2,2,3,1,6,7,1,-1,3,4,0,2,2,1,7,-5,3,3,6,-1,0,0,1,0,0,1,4,1
KR_6765433349,420,-1,22,1,-1,3,4,1,-1,2,3,-1,0,1,0,0,0,-2,0,2,0,2,-12,-2,5,3,7,0,0,1,-1,0,1,5,1
KR_6663032814,420,4,69,4,6,6,7,1,2,2,0,-1,2,3,-1,2,3,0,0,0,1,-3,-2,-3,7,4,6,0,3,1,1,1,1,1,1
KR_6702528502,420,1,12,-8,5,0,1,1,-2,2,4,1,3,2,7,9,2,-1,0,1,1,2,4,3,4,7,-3,0,1,-1,0,1,1,3,1
KR_6747505793,420,-5,-50,-9,-16,2,3,1,-3,2,5,-2,1,3,-11,3,14,-2,0,2,0,-23,-1,0,5,5,-1,0,-3,-1,-1,-1,-1,5,1
KR_6763480745,420,0,24,-19,1,0,2,2,-4,3,7,1,2,1,1,3,2,3,3,0,1,-2,-20,0,7,7,2,0,1,1,1,1,1,5,1
KR_6669885668,420,7,85,18,12,1,3,2,5,8,3,4,6,2,1,2,1,1,2,1,0,7,1,0,4,4,6,0,3,-1,1,1,-1,6,1
KR_6727452079,440,-1,-33,40,3,-1,1,2,2,4,2,5,5,0,-1,1,2,-2,0,2,0,-3,-3,1,4,5,-4,0,0,1,1,-1,1,5,1
KR_6752440030,420,1,-37,11,2,0,1,1,3,8,5,2,3,1,-3,2,5,0,1,1,0,5,117,4,4,8,-13,0,0,1,1,0,-1,3,1
KR_6760628103,420,5,-11,39,5,0,5,5,6,6,0,3,5,2,-2,0,2,-2,1,3,0,-2,-7,-6,9,3,2,0,0,1,0,0,1,3,1
KR_6735819137,440,-1,24,20,2,1,3,2,0,3,3,-5,0,5,2,3,1,4,4,0,1,-5,6,8,1,9,0,0,0,1,0,0,1,3,1
KR_6760012128,440,-2,-17,-27,-1,0,0,0,1,5,4,-2,0,2,-3,3,6,3,3,0,0,1,-1,-6,8,2,3,0,-1,0,-1,-1,-1,0,1
KR_6718583168,420,-2,-75,31,-6,-2,2,4,-2,1,3,-1,2,3,0,3,3,-1,0,1,0,-6,-4,-4,7,3,2,0,0,1,-1,0,-1,2,1
KR_6761815126,440,5,159,-12,7,9,9,0,-5,0,5,2,6,4,1,7,6,0,1,1,0,-3,-6,3,3,6,-5,0,3,0,1,1,-1,0,1
KR_6759424916,420,0,38,20,0,-1,1,2,-2,3,5,-1,1,2,1,1,0,3,3,0,0,3,-10,-5,9,4,3,0,0,1,-1,-1,1,1,1
KR_6745746188,420,3,-4,9,0,4,5,1,-3,1,4,-1,4,5,-2,2,4,2,4,2,0,7,44,0,7,7,-1,0,1,-1,-1,1,-1,1,1
KR_6714771457,420,2,4,-7,8,-1,0,1,1,3,2,1,1,0,4,4,0,3,3,0,1,13,59,8,1,9,-12,0,0,1,1,0,1,6,1
KR_6749724068,420,6,29,10,14,1,2,1,3,3,0,6,6,0,4,6,2,0,0,0,0,15,-12,2,4,6,0,0,0,1,-1,-1,1,3,1
KR_6376889625,420,5,90,21,13,1,1,0,5,5,0,5,7,2,3,3,0,-1,0,1,0,24,-28,2,7,9,1,0,1,1,1,1,1,4,1
KR_5568724593,420,7,48,39,14,4,5,1,5,5,0,-1,1,2,4,6,2,2,2,0,0,15,-24,0,4,4,2,0,4,-1,1,1,1,3,1
KR_6762851380,420,2,40,-25,2,0,1,1,-5,1,6,4,4,0,3,3,0,0,1,1,0,4,11,2,3,5,1,0,2,-1,1,1,1,6,1
KR_6748056825,420,0,28,-4,3,-3,1,4,2,4,2,-2,1,3,5,7,2,1,2,1,0,-2,-12,-7,12,5,14,0,0,1,-1,1,1,6,1
KR_6720418809,420,2,53,-6,6,2,4,2,-1,1,2,2,2,0,5,6,1,-2,0,2,-1,7,131,2,7,9,5,0,1,1,-1,1,-1,5,1
KR_6741499520,420,1,-36,2,0,1,2,1,-2,0,2,3,4,1,-1,2,3,-1,0,1,0,-3,35,4,2,6,-2,0,0,1,1,-1,1,6,1
KR_6638015357,420,5,63,-4,13,8,8,0,3,6,3,3,3,0,0,4,4,-1,1,2,0,10,3,0,6,6,4,0,1,1,1,1,1,6,1
KR_6726041242,440,2,28,20,7,4,5,1,0,2,2,0,0,0,5,7,2,-2,1,3,1,10,2,-1,8,7,10,0,0,1,1,0,1,3,1
KR_6763693621,420,0,7,16,-1,-3,1,4,-1,4,5,1,3,2,1,2,1,1,1,0,0,-4,7,-1,7,6,-2,0,0,-1,-1,0,1,5,1
KR_6727775935,420,0,0,3,3,3,3,0,-1,3,4,1,3,2,-1,0,1,1,2,1,0,-1,-6,0,4,4,0,0,0,-1,0,0,1,2,1
KR_6764981382,420,4,69,24,2,0,1,1,-2,2,4,1,2,1,2,4,2,1,2,1,0,4,-6,1,5,6,1,0,1,1,1,1,1,6,1
KR_6757824781,420,1,-14,-20,-1,3,4,1,-2,3,5,-2,1,3,1,6,5,-1,0,1,0,9,-107,-2,6,4,4,0,1,-1,-1,1,-1,2,1
KR_6755337551,420,0,24,20,-2,0,2,2,-2,2,4,-1,1,2,-1,5,6,2,3,1,0,-3,23,1,4,5,0,0,-1,1,1,-1,1,3,1
KR_6741497452,420,3,-6,-7,5,5,6,1,-1,1,2,-4,1,5,5,6,1,0,3,3,0,6,3,4,1,5,3,0,1,1,1,1,1,5,1
KR_6750234107,420,1,33,-5,-1,0,0,0,-5,1,6,-1,1,2,5,6,1,0,2,2,0,-2,-2,-3,6,3,-1,0,0,-1,0,0,-1,3,1
KR_6682426834,420,2,48,-16,0,4,5,1,4,4,0,1,3,2,-8,1,9,-1,0,1,-2,-9,-18,-3,6,3,2,0,2,-1,1,1,-1,6,1
KR_6743951181,420,-2,-36,-40,-3,-2,0,2,-3,2,5,0,1,1,1,3,2,1,2,1,0,0,-120,4,5,9,-1,0,-2,-1,-1,-1,-1,3,1
KR_6351753310,420,3,19,-12,8,1,1,0,-1,4,5,3,5,2,3,4,1,2,2,0,0,13,-92,6,4,10,3,0,0,1,-1,0,1,6,1
KR_6750923176,420,1,24,12,4,2,3,1,0,2,2,-3,4,7,3,4,1,2,4,2,1,0,-1,-3,7,4,4,0,0,1,-1,1,1,2,1
KR_6757159589,440,0,1,20,6,0,2,2,-2,0,2,-1,2,3,1,3,2,8,8,0,0,12,-2,-1,3,2,0,0,0,-1,-1,-1,1,5,1
KR_6742996873,420,3,11,0,10,-1,0,1,4,4,0,5,6,1,1,4,3,1,2,1,0,5,36,0,4,4,3,0,0,1,-1,1,1,4,1
KR_6699323421,420,2,35,0,4,-1,0,1,1,2,1,4,5,1,1,2,1,-1,1,2,0,5,-4,-3,5,2,-1,0,0,1,1,1,-1,5,1
KR_6755015925,420,5,46,24,10,2,3,1,4,5,1,5,5,0,0,3,3,-1,0,1,0,1,21,2,3,5,7,0,1,1,1,1,1,1,1
KR_6691365921,420,3,54,1,8,5,5,0,4,7,3,2,3,1,-2,0,2,-1,0,1,0,1,-1,1,3,4,0,0,0,1,1,1,1,2,1
KR_6706098816,420,2,42,11,0,-1,0,1,0,1,1,-2,0,2,3,6,3,0,2,2,0,-2,6,1,3,4,1,0,1,-1,1,1,-1,1,1
KR_6762112480,420,0,13,32,2,-2,0,2,-1,1,2,-1,1,2,5,8,3,1,1,0,0,0,-17,0,5,5,-1,0,0,1,-1,1,1,5,1
KR_6743552626,440,1,98,-7,8,1,2,1,0,0,0,4,5,1,2,6,4,1,2,1,0,5,-448,4,1,5,29,0,1,-1,1,1,1,3,1
KR_6760365978,420,1,-9,2,0,4,4,0,0,4,4,2,3,1,-5,1,6,-1,1,2,0,0,-8,-2,9,7,5,0,-1,1,1,-1,1,2,1
KR_6745757125,420,-2,-56,24,-2,-4,0,4,3,4,1,-2,3,5,1,6,5,0,0,0,0,10,0,-1,5,4,-2,0,0,1,-1,-1,-1,4,1
KR_6679280890,420,6,77,-4,15,4,4,0,4,6,2,1,1,0,6,6,0,0,1,1,0,9,-21,3,2,5,0,0,2,1,1,1,1,2,1
KR_6753454402,420,1,-10,8,-5,-2,4,6,-3,4,7,4,4,0,-4,1,5,0,0,0,-2,-11,-10,1,4,5,3,0,0,1,-1,0,-1,1,1
KR_6757576297,420,0,20,-16,-3,2,3,1,0,3,3,-3,0,3,-2,3,5,0,0,0,0,2,-14,1,5,6,0,0,0,1,0,-1,-1,1,1
KR_6757772584,440,0,-5,-8,6,0,1,1,-1,3,4,4,6,2,0,1,1,3,4,1,0,2,125,5,3,8,1,0,2,0,0,1,1,0,1
KR_6647181626,420,1,25,-12,7,1,3,2,-1,2,3,1,5,4,4,8,4,2,3,1,1,15,-19,-6,7,1,6,0,1,1,1,1,1,1,1
KR_6761712629,420,2,42,25,1,2,2,0,3,4,1,-2,0,2,-2,0,2,0,0,0,0,0,-40,-1,7,6,18,0,1,-1,1,1,1,1,1
KR_6647889542,420,3,44,-13,5,-5,0,5,7,7,0,-2,0,2,6,9,3,-1,0,1,0,4,3,1,4,5,1,0,-1,1,-1,-1,-1,2,1
KR_6751185615,420,2,-17,36,1,2,5,3,1,3,2,2,5,3,1,2,1,-5,0,5,0,8,5,2,5,7,6,0,0,0,1,1,-1,0,1
KR_6763039885,420,1,13,-3,-4,-4,1,5,-2,3,5,-3,2,5,3,7,4,2,2,0,0,8,-232,-4,7,3,0,0,1,-1,-1,-1,1,1,1
KR_6752149730,420,-2,33,-14,-2,2,2,0,-4,0,4,-1,2,3,0,0,0,1,1,0,0,-2,-2,-4,7,3,2,0,0,1,-1,0,1,3,1
KR_6764743078,420,3,86,-16,9,3,3,0,-3,0,3,6,6,0,1,2,1,2,2,0,0,6,-11,-2,5,3,3,0,1,-1,1,1,1,4,1
KR_6367910702,420,2,27,16,3,2,4,2,-2,1,3,1,1,0,0,3,3,2,3,1,0,5,0,0,0,0,-2,0,1,-1,-1,1,1,1,1
KR_6762417368,420,7,56,28,13,5,6,1,2,6,4,3,4,1,4,7,3,-1,0,1,1,7,1,-2,8,6,1,0,0,1,1,0,1,6,1
KR_6601169159,420,3,41,-3,4,-4,1,5,0,4,4,0,0,0,7,7,0,1,1,0,0,11,-29,-2,9,7,10,0,1,1,-1,1,-1,1,1
KR_6653897504,420,1,-25,-4,9,0,2,2,7,7,0,-2,0,2,1,6,5,3,3,0,1,17,2,0,4,4,-5,0,0,1,1,0,1,5,1
KR_6578621431,420,3,30,19,11,1,2,1,1,5,4,2,4,2,7,7,0,0,2,2,0,23,29,0,6,6,-1,0,2,1,1,1,1,3,1
KR_5568738731,420,3,42,7,5,0,1,1,4,7,3,-1,1,2,3,5,2,-1,0,1,0,-2,-5,1,5,6,-2,0,0,1,0,0,1,4,1
KR_6635909694,420,3,21,-8,8,-2,2,4,1,2,1,5,6,1,3,4,1,1,2,1,2,9,10,3,7,10,0,0,1,1,1,1,1,4,1
KR_6750542749,420,0,33,-4,-1,4,4,0,-2,0,2,1,2,1,-3,1,4,-1,0,1,0,-5,-7,-1,5,4,2,0,-1,-1,1,-1,-1,2,1
KR_6738600506,420,2,20,4,-1,-1,2,3,1,4,3,4,5,1,-4,1,5,-1,0,1,0,-13,-1,-1,7,6,3,0,0,-1,1,1,-1,4,1
KR_6750628275,420,2,5,7,8,-2,1,3,1,3,2,4,5,1,6,6,0,-1,0,1,0,12,-14,-1,5,4,3,0,0,1,-1,1,-1,3,1
KR_6472498641,440,3,42,31,10,2,2,0,1,5,4,1,4,3,2,3,1,4,7,3,1,6,29,-5,8,3,3,0,1,1,1,1,1,5,1
KR_6763826899,420,-3,-17,-4,0,1,3,2,-1,5,6,1,1,0,0,2,2,-1,1,2,0,6,156,0,5,5,1,0,1,1,1,1,-1,3,1
KR_6644287276,420,2,19,-21,13,5,6,1,-3,2,5,6,6,0,4,5,1,1,3,2,0,13,-24,-6,7,1,2,0,0,0,-1,0,-1,0,1
KR_6724842890,420,3,-17,0,4,0,1,1,9,10,1,-2,0,2,-1,3,4,-2,0,2,0,5,-39,0,9,9,17,0,0,1,1,1,-1,3,1
KR_6761035300,420,1,23,-28,4,4,4,0,-3,1,4,3,3,0,0,2,2,0,0,0,0,-3,-34,-2,8,6,-5,0,0,0,1,0,1,0,1
KR_6762297171,420,-2,-47,-8,-4,-3,1,4,-2,2,4,1,3,2,1,3,2,-1,0,1,0,2,12,1,3,4,1,0,-1,-1,-1,-1,-1,2,1
KR_5774568738,420,2,-14,-1,7,2,8,6,1,1,0,0,3,3,2,2,0,2,2,0,-1,11,25,3,4,7,-4,0,0,-1,0,0,-1,5,1
KR_6691264480,420,0,-15,20,5,-2,0,2,4,5,1,2,5,3,1,2,1,0,0,0,0,5,-9,-6,10,4,2,0,1,-1,1,1,1,6,1
KR_6743328080,440,-1,1,-1,-8,0,2,2,-5,1,6,-4,0,4,2,3,1,-1,0,1,0,-8,-5,-2,5,3,1,0,1,1,-1,1,-1,4,1
KR_6747053589,420,-4,-27,-24,-13,-3,2,5,0,2,2,-4,1,5,-2,0,2,-4,0,4,-1,-12,3,1,6,7,4,0,-1,-1,-1,-1,-1,5,1
KR_6710423729,420,0,19,26,8,5,6,1,1,2,1,3,4,1,-1,1,2,0,0,0,0,9,18,-2,9,7,-4,0,2,1,1,1,1,1,1
KR_6765121549,420,2,45,-19,8,-1,2,3,1,2,1,6,9,3,2,3,1,0,0,0,0,14,-7,1,6,7,5,0,1,-1,0,1,-1,6,1
KR_6764212949,440,2,91,16,3,-2,1,3,2,5,3,2,6,4,0,3,3,1,1,0,0,0,31,1,2,3,0,0,1,1,0,1,-1,1,1
KR_6747237549,420,3,22,-4,12,0,2,2,3,6,3,-2,1,3,7,8,1,4,4,0,1,16,-54,3,2,5,1,0,2,1,1,1,1,2,1
KR_6759453552,420,1,-11,-3,8,5,6,1,5,5,0,1,2,1,-1,0,1,-2,0,2,0,4,131,3,4,7,-1,0,1,1,1,1,1,3,1
KR_6761800290,420,6,75,24,10,8,11,3,-1,3,4,4,4,0,-1,3,4,0,1,1,0,5,6,4,2,6,-5,0,0,-1,1,1,1,2,1
KR_6760036879,440,0,11,4,1,0,1,1,1,1,0,-4,1,5,-1,0,1,5,7,2,0,2,23,4,3,7,5,0,1,-1,1,1,1,3,1
KR_6602410460,420,3,40,60,5,-1,1,2,4,7,3,2,2,0,0,1,1,0,2,2,-1,9,-2,-2,9,7,0,0,0,1,-1,0,-1,2,1
KR_6756802662,420,-2,-17,-1,3,-3,0,3,2,4,2,1,2,1,5,5,0,-2,0,2,0,11,-11,1,4,5,-3,0,-1,1,-1,-1,-1,1,1
KR_6764937789,420,-2,63,34,-8,2,3,1,-3,0,3,-2,1,3,-5,0,5,0,0,0,1,-20,-6,2,5,7,-1,0,3,1,1,1,1,6,1
KR_6755285934,420,0,31,-8,1,4,4,0,-2,0,2,-3,1,4,2,2,0,0,0,0,0,-3,4,3,4,7,-2,0,1,0,1,1,-1,0,1
KR_6747297564,420,8,126,16,22,4,6,2,3,3,0,12,12,0,3,7,4,0,3,3,0,15,9,0,6,6,0,0,4,0,-1,1,1,0,1
KR_6754682155,420,-3,-16,-14,0,0,0,0,-1,1,2,-1,3,4,2,2,0,0,1,1,2,-1,1,0,2,2,1,0,0,0,1,0,1,0,1
KR_6748088956,420,-2,-9,-12,-3,-7,0,7,2,3,1,5,7,2,-1,2,3,-2,1,3,0,6,3,1,5,6,3,0,1,0,1,1,1,0,1
KR_6619673196,420,-2,-6,-1,-1,-4,1,5,2,4,2,0,1,1,-2,1,3,3,5,2,-1,3,83,-2,7,5,-4,0,1,1,-1,1,-1,4,1
KR_6762763787,420,2,-4,4,6,0,0,0,3,4,1,0,0,0,4,6,2,-1,0,1,0,3,-9,-6,11,5,9,0,0,1,1,0,-1,3,1
KR_6760522933,420,4,27,-25,13,3,3,0,4,4,0,4,6,2,1,3,2,1,1,0,0,11,0,-3,5,2,3,0,1,1,0,1,1,6,1
KR_6762428558,440,1,61,16,1,2,3,1,2,5,3,0,2,2,0,3,3,-3,1,4,0,1,7,0,5,5,-4,0,0,1,1,-1,-1,4,1
KR_6759345025,420,-1,-23,-11,0,-4,0,4,3,4,1,-1,0,1,-1,2,3,3,3,0,0,4,-24,2,4,6,1,0,1,0,-1,1,1,0,1
KR_6629293489,420,3,57,6,0,-2,2,4,0,3,3,3,5,2,0,3,3,-1,0,1,0,2,-11,1,5,6,-3,0,1,1,-1,1,-1,3,1
KR_6762313268,440,2,15,20,2,3,3,0,3,4,1,1,3,2,-3,0,3,-2,2,4,-1,1,-1,4,0,4,0,0,1,1,1,1,-1,6,1
KR_6385708638,420,2,33,-26,9,0,1,1,-1,0,1,3,4,1,5,7,2,2,2,0,0,10,-45,1,2,3,5,0,1,1,-1,1,1,5,1
KR_6744645105,420,1,44,17,-3,1,1,0,-2,4,6,1,2,1,-1,3,4,-2,2,4,0,-6,0,-2,6,4,2,0,0,1,1,0,-1,6,1
KR_6763278249,420,3,-43,17,12,-5,0,5,5,5,0,8,8,0,6,8,2,-2,3,5,0,25,-10,-4,9,5,3,0,1,1,1,1,1,3,1
KR_6570794119,420,0,-4,-13,1,-1,0,1,-1,3,4,0,1,1,3,3,0,0,0,0,-1,-5,24,-6,7,1,1,0,0,-1,-1,-1,-1,5,1
KR_6615826106,420,2,36,0,8,-3,0,3,4,4,0,5,5,0,1,1,0,1,1,0,0,7,-104,-1,5,4,-3,0,-1,1,-1,-1,1,3,1
KR_6765117844,420,0,-39,10,-3,-2,0,2,0,2,2,0,3,3,1,1,0,-2,0,2,0,-7,5,1,2,3,-1,0,0,-1,1,0,1,3,1
KR_6643860863,420,-1,-29,-7,-9,-1,0,1,2,3,1,-2,1,3,-4,0,4,-4,2,6,0,-1,16,0,3,3,1,0,-2,-1,-1,-1,-1,6,1
KR_6690345914,420,1,83,23,-7,3,4,1,-5,1,6,-1,1,2,0,2,2,-4,0,4,0,-9,-18,-4,11,7,8,0,1,1,1,1,-1,1,1
KR_6415091125,420,1,-7,22,8,5,8,3,4,7,3,-2,2,4,3,5,2,-2,0,2,0,9,30,-1,7,6,-1,0,0,-1,1,1,-1,4,1
KR_6701922629,420,6,72,15,14,3,6,3,-4,2,6,13,13,0,-2,2,4,4,5,1,1,3,21,2,2,4,3,0,2,1,1,1,1,4,1
KR_6728473009,440,-2,13,-32,0,-3,2,5,-1,0,1,1,1,0,2,4,2,1,1,0,-2,-3,-13,3,4,7,2,0,1,1,-1,1,-1,3,1
KR_6756644701,420,3,91,-4,3,-3,1,4,3,4,1,1,3,2,1,3,2,1,2,1,1,3,19,6,3,9,-7,0,-1,1,1,1,1,2,1
KR_6747844536,420,2,47,40,1,-4,3,7,1,3,2,3,5,2,-1,2,3,2,2,0,0,-3,52,-4,8,4,-10,0,1,1,-1,1,-1,6,1
KR_6721969882,420,1,18,-2,4,-1,2,3,8,9,1,-5,0,5,2,5,3,0,1,1,1,11,8,7,3,10,-2,0,0,1,-1,-1,1,1,1
KR_6654589457,440,3,42,12,3,-1,2,3,5,6,1,-4,3,7,-1,1,2,4,8,4,0,9,-2,-1,5,4,4,0,1,-1,-1,1,-1,4,1
KR_6431899037,420,0,-24,2,0,1,2,1,0,1,1,-2,1,3,0,2,2,1,2,1,0,3,1,3,2,5,-4,0,0,1,0,0,-1,3,1
KR_6679735773,420,4,17,2,4,-1,3,4,0,1,1,-1,0,1,5,5,0,1,1,0,0,2,13,5,4,9,-4,0,0,1,1,1,1,1,1
KR_6468129334,420,6,111,3,2,2,2,0,2,2,0,1,2,1,-5,0,5,2,2,0,0,5,-5,1,6,7,-2,0,1,1,1,1,-1,6,1
KR_6728919834,420,8,82,32,9,2,3,1,3,5,2,3,4,1,2,3,1,-1,1,2,-1,6,40,1,6,7,-24,0,2,1,1,1,-1,4,1
KR_6730963182,420,4,-17,43,11,1,2,1,3,7,4,3,3,0,3,3,0,1,1,0,0,17,30,5,4,9,1,0,1,1,1,1,1,1,1
KR_6756584253,440,4,76,9,10,2,4,2,3,6,3,1,2,1,2,3,1,2,2,0,0,8,-28,-4,6,2,3,0,0,0,-1,-1,1,0,1
KR_6732718379,420,2,-5,4,3,1,2,1,2,5,3,2,5,3,-2,2,4,0,1,1,0,-1,5,5,4,9,-1,0,1,1,0,1,1,1,1
KR_6602412880,420,-2,10,-40,-2,-3,0,3,0,3,3,1,2,1,0,1,1,0,2,2,0,0,-3,-3,7,4,-1,0,1,-1,1,1,1,1,1
KR_6756414872,420,1,7,17,7,3,5,2,2,2,0,-3,0,3,4,7,3,1,5,4,4,17,-4,-2,4,2,1,0,2,1,1,1,1,2,1
KR_6761031421,420,2,29,-6,4,-1,2,3,-1,4,5,2,2,0,2,5,3,2,3,1,0,1,-13,-5,10,5,7,0,-1,1,-1,-1,-1,5,1
KR_6707155898,440,2,10,-4,7,-3,1,4,4,7,3,-2,1,3,5,6,1,3,3,0,0,9,8,8,2,10,-3,0,0,1,1,1,1,5,1
KR_6709159545,420,-3,-67,4,2,-4,0,4,3,4,1,-2,4,6,2,4,2,3,3,0,1,12,-5,-1,4,3,3,0,-1,1,-1,-1,1,5,1
KR_6700484724,420,1,7,3,6,0,1,1,1,6,5,3,3,0,2,4,2,0,1,1,0,4,18,5,2,7,-4,0,1,1,-1,1,1,1,1
KR_6749615682,440,3,60,34,5,1,2,1,6,8,2,0,0,0,0,1,1,-2,1,3,0,5,5,-2,7,5,3,0,1,1,1,1,1,5,1
KR_6736004120,420,3,8,7,3,2,2,0,0,4,4,1,6,5,3,3,0,-3,0,3,0,-4,3,-6,8,2,1,0,0,1,-1,0,1,3,1
KR_6760239655,420,-1,-43,36,-3,0,4,4,3,3,0,-4,1,5,-1,1,2,-1,0,1,0,-1,-2,0,6,6,-3,0,0,1,1,-1,-1,3,1
KR_6699994534,420,5,38,11,10,5,5,0,3,4,1,-1,1,2,2,3,1,1,1,0,1,9,9,1,3,4,3,0,2,1,1,1,1,3,1
KR_6551324232,420,2,-66,58,4,0,0,0,0,6,6,3,4,1,1,2,1,0,1,1,0,-2,-1,4,4,8,-2,0,0,1,1,-1,1,4,1
KR_6754471572,440,3,15,-2,10,4,5,1,1,3,2,1,3,2,0,4,4,4,5,1,0,0,1,-4,5,1,5,0,0,0,1,0,1,0,1
KR_6622432212,420,0,45,-24,4,6,6,0,1,2,1,-5,0,5,0,6,6,2,2,0,0,0,-5,3,5,8,4,0,1,1,1,1,1,2,1
KR_6760440386,420,-1,-3,3,0,3,4,1,0,1,1,2,3,1,-4,0,4,-1,0,1,0,-3,-108,3,2,5,-4,0,1,1,-1,1,1,3,1
KR_6573131902,420,0,2,-11,4,4,4,0,-3,3,6,2,2,0,0,1,1,1,1,0,-1,1,-30,-1,8,7,4,0,0,1,1,1,-1,1,1
KR_6642890579,420,9,71,19,20,3,4,1,2,3,1,9,9,0,2,6,4,4,4,0,0,22,6,3,3,6,4,0,4,1,1,1,1,5,1
KR_6757000213,420,4,27,46,7,1,2,1,1,2,1,7,9,2,-1,1,2,-1,0,1,0,3,0,-2,7,5,6,0,1,1,1,1,1,6,1
KR_6748112182,440,3,55,20,6,3,6,3,0,1,1,0,2,2,3,4,1,0,3,3,0,6,4,0,4,4,0,0,2,1,1,1,1,5,1
KR_6686699611,420,1,-9,7,-6,4,5,1,-8,1,9,-1,1,2,0,1,1,-1,0,1,0,-12,0,-2,6,4,0,0,-1,-1,1,-1,-1,3,1
KR_6735471215,420,2,25,18,5,3,3,0,3,3,0,4,4,0,-2,0,2,-3,0,3,0,3,3,2,3,5,-6,0,1,1,1,1,-1,1,1
KR_6750642500,420,1,50,4,-3,-2,1,3,6,6,0,-4,2,6,-2,2,4,-1,0,1,0,-7,-1,-3,8,5,-3,0,0,-1,-1,0,1,4,1
KR_6761352440,420,-1,26,-23,7,6,7,1,-2,1,3,-3,0,3,6,7,1,0,3,3,0,0,-16,-2,8,6,-5,0,-1,-1,1,-1,1,2,1
KR_6633520873,420,-1,0,-9,0,3,3,0,-4,0,4,2,2,0,0,1,1,-1,0,1,0,0,-7,-5,8,3,1,0,1,1,-1,-1,-1,6,1
KR_6755420178,440,-1,-4,-8,2,-2,1,3,0,2,2,-2,0,2,4,5,1,2,2,0,0,7,17,-2,8,6,-2,0,1,1,-1,1,1,1,1
KR_6654122076,420,1,4,16,6,4,4,0,3,7,4,-1,2,3,1,2,1,-1,2,3,0,8,-3,-1,8,7,4,0,1,1,1,1,-1,2,1
KR_6764644247,420,-1,-13,0,1,2,4,2,-1,0,1,-1,1,2,0,4,4,1,1,0,1,6,-1,2,4,6,-1,0,-1,-1,-1,-1,1,4,1
KR_6751131644,420,2,61,-15,2,3,4,1,-2,1,3,-2,0,2,3,4,1,0,0,0,0,-4,-27,-4,8,4,1,0,0,-1,1,1,1,2,1
KR_6755409767,420,-1,-1,-2,-2,2,3,1,-3,5,8,0,1,1,1,1,0,-2,0,2,0,2,1,1,7,8,2,0,1,-1,1,1,-1,4,1
KR_6664820070,420,4,5,-10,1,2,2,0,5,5,0,0,3,3,-3,0,3,-3,1,4,0,4,4,3,5,8,3,0,1,-1,1,1,-1,5,1
KR_6731329744,440,9,88,61,12,1,1,0,2,2,0,-3,2,5,6,6,0,6,6,0,-1,12,5,3,2,5,2,0,2,1,1,1,-1,5,1
KR_6604126569,420,5,67,41,8,1,1,0,-1,2,3,3,5,2,3,5,2,2,2,0,0,6,-7,-1,5,4,1,0,0,1,1,1,-1,5,1
KR_6724881829,420,-2,-62,20,4,-6,0,6,3,5,2,1,5,4,6,7,1,0,1,1,1,16,-36,1,3,4,17,0,-2,1,1,-1,1,6,1
KR_6763590531,420,2,71,-17,-3,2,2,0,0,4,4,-6,0,6,2,3,1,-1,4,5,0,-4,0,2,4,6,-2,0,1,-1,-1,1,-1,4,1
KR_6735737791,420,1,1,-14,-4,-6,1,7,-1,1,2,-1,1,2,6,8,2,-2,0,2,-1,-1,-6,-9,11,2,-6,0,0,-1,0,-1,-1,3,1
KR_6743678189,440,1,38,-31,7,-1,1,2,4,6,2,0,1,1,2,3,1,2,3,1,1,6,-3,4,3,7,1,0,0,1,1,0,1,6,1
KR_6764298880,420,4,-44,-8,12,-1,1,2,4,4,0,1,2,1,6,7,1,2,2,0,0,19,45,4,3,7,1,0,1,-1,1,1,-1,2,1
KR_6644190584,420,1,12,-12,1,2,4,2,-1,3,4,3,3,0,0,2,2,-3,0,3,0,-2,6,7,3,10,-2,0,0,-1,1,0,1,4,1
KR_6681173408,420,-1,10,-19,4,0,2,2,2,4,2,3,5,2,1,2,1,-2,2,4,-1,0,34,4,5,9,-9,0,0,-1,1,-1,-1,4,1
KR_6764463962,420,0,40,-12,4,-3,0,3,-2,0,2,3,4,1,6,9,3,0,2,2,0,6,0,2,1,3,0,0,-1,1,-1,-1,-1,4,1
KR_6762893674,440,3,69,30,4,0,0,0,1,1,0,0,2,2,2,3,1,1,2,1,0,4,-39,-1,6,5,-1,0,0,-1,-1,0,-1,1,1
KR_6733684706,420,5,-12,28,14,-2,2,4,2,3,1,2,4,2,11,12,1,1,1,0,1,14,1,3,1,4,1,0,0,1,1,-1,1,2,1
KR_6763970398,420,3,-19,24,3,-2,3,5,4,4,0,0,4,4,0,3,3,1,1,0,0,6,5,4,3,7,-1,0,-1,1,-1,-1,-1,1,1
KR_6084140675,420,1,0,-17,8,1,3,2,7,8,1,-4,0,4,5,9,4,-1,0,1,0,13,-118,2,6,8,4,0,1,1,-1,1,-1,2,1
KR_6470948080,440,2,69,24,2,0,0,0,-1,3,4,1,3,2,4,4,0,-2,2,4,0,-1,-9,-5,8,3,5,0,0,-1,1,1,1,3,1
KR_6747187591,420,1,16,-13,12,2,3,1,1,4,3,4,6,2,1,2,1,4,5,1,0,11,5,-2,4,2,1,0,-1,0,-1,-1,1,0,1
KR_6759609146,420,3,2,-6,5,-4,2,6,3,4,1,5,6,1,1,5,4,0,0,0,0,7,-3,3,3,6,-2,0,1,-1,-1,-1,1,5,1
KR_6697724247,420,1,47,-8,3,0,1,1,2,5,3,1,2,1,1,7,6,-1,1,2,0,3,2,0,3,3,4,0,0,0,1,1,1,0,1
KR_6750357457,420,5,50,0,5,1,2,1,4,7,3,-1,2,3,-2,1,3,3,3,0,0,5,-10,-1,5,4,-1,0,2,-1,0,1,-1,5,1
KR_6764446355,420,4,44,1,10,2,3,1,0,2,2,7,7,0,1,2,1,0,2,2,0,5,349,-3,4,1,1,0,0,-1,-1,0,1,4,1
KR_6749846884,420,1,12,35,-1,5,5,0,-1,1,2,1,4,3,-5,0,5,-1,0,1,0,-6,-108,1,3,4,0,0,1,1,1,1,1,5,1
KR_6581216340,420,0,44,-28,2,1,2,1,1,7,6,0,2,2,1,3,2,-1,0,1,0,7,13,-3,9,6,1,0,-1,-1,-1,-1,-1,1,1
KR_6759821492,440,6,104,49,10,-1,3,4,3,3,0,3,5,2,6,6,0,-1,0,1,0,0,36,1,5,6,7,0,2,1,1,1,1,2,1
KR_6751073469,440,-1,77,-17,1,-1,2,3,-1,1,2,-2,2,4,5,8,3,0,0,0,0,3,16,2,6,8,4,0,2,-1,1,1,1,5,1
KR_6692262665,420,3,-9,-5,9,0,1,1,1,4,3,-3,0,3,9,9,0,2,2,0,0,10,7,3,3,6,3,0,1,0,0,1,1,0,1
KR_6760544031,420,1,-14,-29,2,-1,3,4,-1,1,2,1,4,3,3,5,2,0,0,0,0,1,-2,0,4,4,0,0,0,1,1,1,1,2,1
KR_6667046392,420,2,49,0,4,3,6,3,3,4,1,-1,0,1,-1,1,2,0,0,0,0,3,2,-3,9,6,-3,0,1,-1,-1,-1,-1,4,1
KR_6764870054,420,0,31,-5,0,-1,0,1,2,4,2,-4,7,11,2,4,2,1,1,0,0,0,-18,4,2,6,-3,0,2,1,1,1,-1,5,1
KR_6757095829,420,2,5,-5,4,4,4,0,0,2,2,3,5,2,-1,3,4,-2,0,2,-1,-5,-15,-2,4,2,3,0,0,1,-1,1,-1,4,1
KR_6744079609,420,-6,-106,-20,-12,-4,0,4,-1,2,3,1,1,0,-8,0,8,0,1,1,0,-7,-1,-4,7,3,-5,0,-1,-1,-1,-1,-1,2,1
KR_6757008327,440,3,144,8,11,2,2,0,3,3,0,4,6,2,1,2,1,1,1,0,0,9,35,-1,5,4,-20,0,0,-1,1,1,1,6,1
KR_6756475348,420,-3,-22,-16,-1,-4,0,4,-1,1,2,1,3,2,2,3,1,1,1,0,-1,6,12,1,4,5,-5,0,-2,-1,-1,-1,-1,5,1
KR_6764208023,420,1,-46,-4,3,1,4,3,0,2,2,0,1,1,2,3,1,0,0,0,0,2,0,2,4,6,-6,0,-1,-1,-1,-1,-1,6,1
KR_6764096539,420,3,61,-19,9,4,5,1,1,2,1,3,4,1,1,3,2,0,1,1,0,5,0,3,6,9,1,0,1,1,-1,1,1,2,1
KR_6758115275,420,2,-12,-2,11,3,6,3,2,4,2,4,5,1,0,2,2,2,2,0,0,18,-7,3,4,7,2,0,0,-1,1,1,1,1,1
KR_6686798875,420,1,-21,8,3,-2,3,5,3,4,1,1,3,2,1,3,2,0,2,2,3,2,9,4,4,8,2,0,1,1,-1,-1,1,4,1
KR_6652557562,420,2,-25,4,-3,1,4,3,-7,0,7,0,3,3,5,6,1,-2,0,2,-1,-9,3,2,4,6,-4,0,1,1,1,1,-1,5,1
KR_6706524402,420,0,83,26,8,4,5,1,-4,2,6,1,4,3,8,9,1,-1,1,2,1,6,-4,-4,8,4,-2,0,1,1,-1,1,1,3,1
KR_6763119433,420,7,50,21,16,1,3,2,3,4,1,-2,1,3,10,11,1,4,4,0,0,17,12,5,3,8,0,0,1,-1,1,1,-1,1,1
KR_6748323645,420,4,36,-21,7,2,4,2,-1,1,2,3,5,2,2,5,3,1,1,0,1,3,3,3,4,7,-1,0,0,1,1,1,1,2,1
KR_6761355678,420,1,40,15,7,4,4,0,3,4,1,-1,2,3,1,3,2,0,0,0,0,6,14,1,4,5,0,0,2,-1,1,1,1,1,1
KR_6498732336,420,0,33,24,7,0,1,1,5,6,1,0,1,1,3,5,2,-1,1,2,0,9,0,-1,7,6,-2,0,0,-1,1,0,-1,4,1
KR_6759327267,440,1,27,-6,0,-3,0,3,-1,1,2,3,3,0,1,4,3,0,2,2,0,-1,-5,-2,6,4,6,0,1,1,1,1,-1,4,1
KR_6727765052,440,2,57,15,4,-4,0,4,-6,1,7,4,6,2,7,11,4,3,3,0,-1,-8,3,5,2,7,0,0,1,1,1,1,-1,4,1
KR_6764188417,420,2,12,-12,9,-2,0,2,1,1,0,-1,2,3,12,12,0,-1,0,1,0,18,1,3,2,5,0,0,1,1,1,1,1,3,1
KR_6667477229,420,-1,-51,36,-5,1,2,1,-1,2,3,-1,2,3,-3,1,4,-1,1,2,0,-4,0,-1,6,5,4,0,-1,1,1,-1,1,6,1
KR_6702247329,420,-2,-12,7,-7,-2,2,4,0,3,3,-2,2,4,-4,2,6,1,1,0,0,-12,5,-1,4,3,-4,0,-1,1,1,1,1,6,1
KR_6635113663,420,0,-43,11,2,-3,0,3,-1,1,2,3,5,2,2,2,0,1,1,0,0,8,-2,-7,11,4,-3,0,0,1,-1,-1,1,1,1
KR_6645654082,420,2,-48,-13,4,4,7,3,1,2,1,0,1,1,-2,0,2,1,1,0,-1,5,3,0,7,7,0,0,-1,-1,1,-1,-1,4,1
KR_6742281916,420,1,-22,28,9,1,2,1,3,6,3,2,2,0,3,5,2,0,1,1,0,13,123,1,4,5,-4,0,1,1,1,1,1,3,1
KR_6749202973,440,1,106,8,1,5,6,1,-5,2,7,2,2,0,-4,0,4,3,4,1,0,-3,-2,0,6,6,4,0,1,1,-1,1,-1,6,1
KR_6751382998,440,2,12,9,1,-1,2,3,-4,2,6,0,1,1,0,0,0,6,7,1,0,3,26,-2,7,5,-16,0,0,-1,-1,0,-1,2,1
KR_6761636155,420,-1,-41,-24,6,1,1,0,4,5,1,0,2,2,3,5,2,-2,0,2,0,8,-19,-1,8,7,-2,0,0,-1,1,0,1,6,1
KR_6763026806,420,3,29,15,8,1,5,4,3,4,1,2,3,1,4,5,1,-2,0,2,-2,9,-16,0,4,4,1,0,0,1,0,0,-1,2,1
KR_6765489453,420,1,3,-8,5,-2,0,2,0,4,4,7,7,0,0,1,1,0,2,2,0,11,-1,7,1,8,1,0,1,0,1,1,1,0,1
KR_6638414466,420,0,2,-8,1,-7,0,7,2,6,4,0,0,0,4,7,3,2,2,0,-1,4,-12,2,5,7,-5,0,0,1,-1,-1,-1,5,1
KR_6756500678,420,2,22,29,7,4,4,0,6,8,2,-2,0,2,0,4,4,-1,1,2,1,-5,-8,1,5,6,0,0,1,-1,1,1,1,2,1
KR_6760192140,420,-4,-23,1,-2,-1,1,2,1,1,0,0,1,1,-1,2,3,-1,0,1,0,-1,-12,-1,4,3,-3,0,0,-1,1,0,1,5,1
KR_6754702784,420,2,-37,-15,6,2,3,1,3,3,0,1,1,0,0,2,2,0,1,1,0,6,-44,4,4,8,22,0,0,1,0,0,1,1,1
KR_6750223804,420,3,-13,-8,9,2,3,1,3,4,1,1,1,0,1,3,2,2,3,1,0,11,4,1,5,6,0,0,0,1,1,1,1,4,1
KR_6742837128,420,3,0,7,2,3,4,1,-2,4,6,3,4,1,-1,1,2,-1,1,2,1,4,22,3,4,7,-5,0,1,1,1,1,1,6,1
KR_6750173544,420,7,89,38,19,3,3,0,2,2,0,3,4,1,7,10,3,4,6,2,1,19,-2,5,2,7,7,0,2,1,1,1,1,4,1
KR_6608302401,420,3,-16,-5,6,5,6,1,0,2,2,0,4,4,-3,4,7,4,4,0,0,-6,14,-1,4,3,-1,0,1,-1,-1,1,1,2,1
KR_6657618724,420,3,47,18,3,-1,2,3,0,2,2,2,3,1,2,3,1,0,0,0,-1,3,-5,-2,5,3,4,0,0,1,-1,-1,-1,6,1
KR_6687992083,420,1,9,-18,6,2,3,1,-2,2,4,0,1,1,3,4,1,3,3,0,0,11,2,-1,4,3,6,0,0,1,-1,0,1,3,1
KR_6731538265,420,6,85,57,-6,0,1,1,0,1,1,-1,1,2,-5,2,7,0,1,1,-3,-18,-11,-1,6,5,1,0,3,1,1,1,-1,6,1
KR_6764440555,420,1,23,10,7,2,3,1,-2,2,4,4,6,2,2,6,4,1,1,0,-3,6,-7,6,4,10,4,0,-1,1,-1,-1,-1,3,1
KR_6761853673,440,-1,-48,-7,-2,-2,2,4,2,3,1,0,3,3,-3,1,4,1,1,0,0,1,-7,-3,3,0,1,0,-1,0,0,-1,1,0,1
KR_6758789905,420,0,-28,12,5,0,0,0,5,5,0,1,3,2,1,1,0,-2,0,2,0,9,12,-3,7,4,-1,0,0,1,1,0,1,5,1
KR_6731750999,420,3,36,-8,11,6,7,1,-3,1,4,1,2,1,2,3,1,5,6,1,1,11,-7,2,2,4,-2,0,2,-1,1,1,1,2,1
KR_6765436008,420,2,-7,3,-2,1,1,0,2,3,1,1,1,0,-6,3,9,0,2,2,0,2,5,4,5,9,0,0,0,1,-1,0,-1,4,1
KR_6642875832,420,0,28,20,3,-2,0,2,1,2,1,2,2,0,-1,1,2,3,3,0,0,6,-35,-1,6,5,31,0,2,1,1,1,1,1,1
KR_6744023971,420,3,43,-4,13,1,4,3,6,7,1,5,7,2,0,1,1,1,2,1,2,18,-148,7,4,11,-1,0,2,1,1,1,1,4,1
KR_6370849620,420,0,101,4,-3,0,2,2,0,2,2,0,0,0,0,9,9,-3,0,3,1,-1,0,0,0,0,1,0,1,-1,-1,1,1,4,1
KR_6760829425,420,1,2,12,4,2,3,1,0,5,5,-1,1,2,3,3,0,0,2,2,0,5,-12,-1,5,4,-2,0,0,1,1,0,1,6,1
KR_6763540274,420,3,16,32,6,5,5,0,3,5,2,-1,1,2,-1,3,4,0,2,2,0,4,3,0,7,7,0,0,0,0,1,0,-1,0,1
KR_6759674115,420,-2,-42,8,-4,3,3,0,0,1,1,-5,1,6,-3,1,4,1,2,1,-1,-8,1,-5,8,3,1,0,0,-1,0,0,-1,1,1
KR_6470921934,440,4,39,24,15,7,7,0,0,1,1,5,5,0,1,1,0,2,4,2,1,17,-4,-4,9,5,3,0,3,1,1,1,1,4,1
KR_6760251012,420,2,60,-18,5,0,3,3,6,9,3,-2,0,2,4,8,4,-3,0,3,0,9,-114,4,2,6,2,0,-1,1,-1,1,-1,3,1
KR_6675154317,420,4,22,28,9,-2,0,2,5,7,2,1,2,1,4,7,3,1,1,0,1,20,-4,-3,10,7,3,0,0,1,-1,0,1,6,1
KR_6729487330,420,4,80,17,6,1,1,0,3,4,1,3,6,3,-1,2,3,0,0,0,0,14,21,2,4,6,1,0,0,1,-1,0,1,6,1
KR_6762210100,420,1,67,4,3,3,4,1,4,4,0,-4,2,6,-2,3,5,2,2,0,-1,-1,-6,-1,6,5,9,0,0,1,1,1,-1,3,1
KR_6607326401,420,6,58,25,14,5,5,0,8,9,1,-1,1,2,-1,2,3,3,3,0,0,12,-21,2,6,8,16,0,1,1,1,1,1,4,1
KR_6729770764,420,3,17,29,5,0,1,1,2,3,1,1,2,1,-1,0,1,3,4,1,0,9,6,1,4,5,-2,0,0,1,1,0,-1,4,1
KR_6761889737,420,0,31,0,0,0,3,3,-1,2,3,-4,2,6,4,5,1,1,2,1,0,2,-15,3,3,6,4,0,0,-1,0,0,-1,6,1
KR_6760512350,420,1,21,-4,5,0,2,2,1,1,0,-1,1,2,4,4,0,1,1,0,0,6,38,0,6,6,-45,0,1,0,1,1,1,0,1
KR_6762242791,420,0,-99,-1,2,-4,1,5,1,2,1,-2,3,5,4,6,2,3,3,0,-1,2,118,1,5,6,-5,0,0,-1,1,1,-1,2,1
KR_6601227705,420,3,38,-5,8,0,3,3,1,3,2,4,10,6,3,5,2,0,1,1,1,11,-6,-3,5,2,3,0,0,1,1,1,1,3,1
KR_6761848871,420,3,76,30,3,1,1,0,-2,2,4,0,1,1,3,4,1,1,1,0,0,4,-406,1,6,7,-1,0,0,-1,-1,0,1,5,1
KR_6624503613,420,3,58,14,-2,-4,1,5,3,5,2,-1,0,1,-2,1,3,2,2,0,0,0,-12,0,4,4,-3,0,-1,1,-1,-1,-1,3,1
KR_5567976192,420,-2,40,5,-1,-1,2,3,-4,1,5,5,5,0,-1,4,5,0,0,0,0,2,-4,0,6,6,-5,0,1,1,-1,-1,-1,2,1
KR_6751364062,420,1,35,37,1,4,4,0,3,6,3,-1,4,5,-6,0,6,1,1,0,-1,2,27,-1,6,5,4,0,1,1,1,1,-1,4,1
KR_6743839678,420,5,31,2,4,-2,1,3,2,2,0,0,3,3,2,4,2,2,2,0,0,7,5,-1,5,4,2,0,2,-1,1,1,-1,4,1
KR_6756234307,420,1,-70,29,1,-2,0,2,-3,1,4,1,2,1,4,5,1,1,1,0,0,1,18,1,4,5,-5,0,0,1,-1,0,-1,1,1
KR_6698084751,420,3,56,28,5,2,6,4,1,4,3,0,1,1,1,4,3,1,2,1,0,3,7,2,5,7,-4,0,2,1,-1,1,-1,6,1
KR_6722784920,420,1,29,20,3,1,1,0,2,3,1,1,3,2,-2,2,4,1,1,0,0,2,-2,2,6,8,2,0,0,-1,1,0,1,6,1
KR_6762233831,420,0,-12,-20,1,-4,4,8,2,2,0,2,2,0,2,4,2,-1,1,2,0,6,35,3,3,6,-17,0,-1,1,-1,-1,-1,1,1
KR_6702504245,420,1,-59,4,2,0,3,3,1,1,0,-3,2,5,3,3,0,1,2,1,0,5,-28,-2,6,4,-4,0,-1,1,-1,-1,1,5,1
KR_6764896621,420,4,44,3,-6,2,3,1,-3,1,4,0,6,6,-2,1,3,-3,0,3,0,-9,-8,-4,5,1,3,0,1,-1,1,1,1,6,1
KR_6693262952,420,-1,6,-10,6,-2,0,2,5,5,0,1,2,1,1,3,2,1,1,0,0,9,10,4,5,9,2,0,-1,1,1,-1,1,1,1
KR_6759239864,420,0,-47,4,-5,-1,0,1,2,4,2,-2,2,4,-4,2,6,0,0,0,-2,-2,-76,1,6,7,3,0,0,0,-1,0,-1,0,1
KR_6602275829,420,1,58,-16,3,-2,0,2,4,4,0,-2,0,2,2,4,2,1,1,0,-1,9,8,5,5,10,-6,0,0,1,-1,-1,-1,3,1
KR_6714534220,420,1,-18,44,5,1,2,1,2,3,1,-1,0,1,2,4,2,1,2,1,0,6,-33,-1,6,5,3,0,-2,-1,1,1,-1,1,1
KR_6728366177,420,0,34,32,4,2,3,1,2,5,3,-1,4,5,-1,0,1,2,3,1,0,2,3,6,5,11,1,0,3,1,1,1,-1,6,1
KR_6695341291,420,3,-8,24,1,-1,1,2,3,7,4,-2,2,4,0,3,3,1,1,0,-2,-9,-4,-3,7,4,2,0,0,-1,-1,0,-1,2,1
KR_6753318388,420,2,28,-23,5,6,6,0,2,3,1,-1,1,2,0,1,1,-2,0,2,0,6,11,1,2,3,-2,0,1,-1,-1,1,-1,5,1
KR_6762642418,420,0,-5,-4,-4,3,4,1,3,3,0,-1,0,1,-5,1,6,-4,0,4,0,-7,3,0,7,7,-3,0,0,1,-1,-1,-1,5,1
KR_6657969641,420,3,28,-6,11,0,1,1,0,0,0,2,2,0,6,7,1,3,4,1,0,15,-4,-2,7,5,5,0,0,1,-1,0,1,3,1
KR_6755570616,420,3,78,-12,2,2,2,0,8,10,2,-1,3,4,-4,3,7,-3,0,3,0,2,4,0,5,5,4,0,1,-1,1,1,-1,6,1
KR_6762442363,420,1,22,-12,7,3,5,2,6,6,0,0,3,3,-1,0,1,-1,0,1,1,11,3,-1,4,3,3,0,2,1,1,1,1,2,1
KR_6765123982,420,-1,12,16,4,0,2,2,1,4,3,3,3,0,2,2,0,-2,1,3,-1,3,8,4,3,7,-3,0,0,1,0,0,-1,3,1
KR_6739095651,420,-1,-17,-13,-1,-1,0,1,-1,0,1,-2,2,4,0,3,3,3,6,3,-1,2,2,-1,4,3,5,0,0,-1,-1,0,-1,5,1
KR_6728520531,420,-3,-6,16,-5,-2,0,2,0,2,2,0,1,1,-4,2,6,1,4,3,-1,0,36,5,2,7,-16,0,-1,1,0,-1,-1,3,1
KR_6757019528,420,1,61,0,1,-3,3,6,1,4,3,6,7,1,-5,1,6,2,3,1,0,5,-6,1,3,4,-2,0,0,1,-1,0,1,4,1
KR_6659684691,420,0,18,12,2,2,3,1,1,5,4,2,2,0,-3,3,6,0,1,1,0,17,-1,-3,10,7,-5,0,1,1,-1,1,1,1,1
KR_6724457598,420,2,27,1,3,2,2,0,1,4,3,0,3,3,1,2,1,-1,2,3,0,-3,0,1,4,5,-2,0,0,-1,1,0,1,2,1
KR_6735361432,420,5,58,29,11,-1,1,2,-2,1,3,6,6,0,8,10,2,0,1,1,1,12,-49,2,7,9,31,0,2,1,1,1,1,4,1
KR_6714916827,420,4,51,15,13,3,5,2,4,5,1,5,6,1,1,4,3,0,1,1,1,13,-2,1,6,7,2,0,0,1,1,1,1,5,1
KR_6614756425,420,1,1,18,-1,-2,0,2,2,4,2,-1,4,5,-1,5,6,1,3,2,0,-3,6,2,5,7,0,0,1,-1,1,1,-1,4,1
KR_6653609905,420,4,16,27,5,3,3,0,0,1,1,1,2,1,1,5,4,0,0,0,0,10,10,0,5,5,-2,0,1,-1,1,1,1,6,1
KR_6761281591,440,0,30,6,-2,1,2,1,1,5,4,-5,2,7,-3,3,6,4,7,3,2,-4,-11,-1,2,1,-2,0,0,1,1,0,1,5,1
KR_6691634720,420,-2,-2,5,-3,-2,3,5,1,3,2,-4,2,6,3,4,1,-1,0,1,0,-1,9,3,4,7,-8,0,0,1,-1,0,-1,6,1
KR_6748853370,420,-1,24,9,7,-3,1,4,-2,1,3,3,5,2,8,9,1,1,1,0,0,15,10,1,6,7,2,0,1,-1,1,1,1,5,1
KR_6731204178,420,3,77,10,16,1,4,3,10,11,1,2,2,0,5,6,1,-2,0,2,0,16,-2,6,1,7,-2,0,2,1,1,1,1,4,1
KR_6761310064,420,0,22,-16,1,0,1,1,-2,0,2,2,2,0,1,2,1,0,0,0,0,-2,0,0,5,5,-2,0,0,-1,1,0,1,3,1
KR_6638132425,420,-1,-57,-50,-3,-3,1,4,2,4,2,-1,1,2,-1,2,3,0,2,2,0,0,26,-4,8,4,3,0,-2,-1,-1,-1,-1,5,1
KR_6753659926,420,3,17,-8,5,6,7,1,-1,1,2,4,5,1,-3,1,4,-1,0,1,-1,-9,19,5,4,9,-4,0,1,1,1,1,-1,4,1
KR_6763071736,420,1,3,-4,2,-2,1,3,-2,1,3,1,1,0,3,8,5,2,2,0,0,2,-29,-2,6,4,5,0,0,1,-1,0,1,5,1
KR_6363263856,420,5,82,40,6,3,3,0,2,3,1,0,3,3,-1,1,2,2,3,1,0,4,0,0,0,0,0,0,3,1,1,1,-1,5,1
KR_6756949769,420,2,4,-4,5,0,1,1,2,5,3,1,5,4,1,1,0,1,2,1,0,7,1,3,4,7,0,0,2,1,1,1,-1,3,1
KR_6734776315,420,1,31,-8,1,2,3,1,-5,0,5,-1,3,4,4,5,1,1,1,0,0,-6,-5,1,3,4,2,0,0,0,1,1,-1,0,1
KR_6538768508,420,4,101,-8,13,-1,2,3,3,5,2,4,5,1,3,4,1,4,4,0,1,18,49,1,5,6,-16,0,0,1,-1,1,1,5,1
KR_6758951061,420,1,95,23,3,6,7,1,2,4,2,-1,1,2,-1,1,2,-3,1,4,0,-3,4,4,0,4,-2,0,3,1,-1,1,1,3,1
KR_6715956585,420,2,63,-16,5,3,4,1,-2,3,5,-2,0,2,5,6,1,1,1,0,0,5,50,-2,8,6,-11,0,3,1,1,1,1,6,1
KR_6724533808,420,1,55,1,2,3,4,1,1,3,2,0,2,2,-1,1,2,-1,1,2,1,-6,-45,3,2,5,-32,0,1,-1,1,1,1,2,1
KR_6757030328,420,1,-3,13,3,2,3,1,0,2,2,0,6,6,2,4,2,-1,0,1,0,4,3,1,4,5,-5,0,-1,-1,1,-1,1,5,1
KR_6724163350,420,2,51,-3,9,1,1,0,0,5,5,0,3,3,2,3,1,6,6,0,0,7,13,5,6,11,-1,0,0,1,-1,1,1,4,1
KR_6742616739,420,-3,-4,-24,-3,-3,0,3,7,8,1,-2,0,2,-4,4,8,-1,2,3,0,-3,125,1,5,6,-3,0,0,-1,0,0,1,3,1
KR_6631956333,420,3,-17,15,7,0,1,1,0,3,3,4,4,0,2,2,0,1,2,1,0,0,-9,-2,4,2,1,0,0,0,0,0,1,0,1
KR_6737861401,420,5,135,4,11,2,3,1,1,2,1,0,3,3,5,8,3,3,3,0,1,5,-13,5,4,9,0,0,2,1,1,1,1,4,1
KR_6750401912,420,-1,37,21,0,1,3,2,1,3,2,1,1,0,3,5,2,-6,0,6,0,4,23,3,6,9,0,0,1,-1,1,1,-1,2,1
KR_6762813056,420,0,62,22,3,-3,0,3,2,4,2,-2,2,4,5,7,2,1,3,2,1,16,6,1,3,4,1,0,1,1,1,1,1,2,1
KR_6697064860,420,1,-27,-30,2,0,0,0,0,4,4,0,3,3,0,3,3,2,2,0,-1,4,106,-4,9,5,6,0,1,-1,1,1,-1,4,1
KR_6762472791,420,2,-41,-17,5,-5,1,6,4,5,1,7,7,0,-2,1,3,1,2,1,0,9,-495,-1,8,7,12,0,0,1,1,-1,1,5,1
KR_6749807412,420,2,16,24,3,2,2,0,1,4,3,-1,0,1,4,6,2,-3,0,3,0,2,-5,0,4,4,3,0,1,1,1,1,1,2,1
KR_6764695800,420,3,1,-16,6,4,5,1,-1,6,7,3,4,1,0,3,3,0,2,2,-1,7,0,4,2,6,0,0,2,-1,1,1,-1,1,1
KR_6717589759,420,6,106,40,7,1,3,2,-2,3,5,4,5,1,1,5,4,3,3,0,0,11,-21,-3,11,8,3,0,3,1,1,1,1,3,1
KR_6762896318,420,0,-24,12,-1,1,2,1,-1,2,3,0,1,1,-1,0,1,0,0,0,0,-2,-18,4,5,9,0,0,0,-1,-1,0,1,3,1
KR_6733030944,420,2,-1,14,1,1,2,1,-5,1,6,3,4,1,2,4,2,0,0,0,0,1,-21,3,7,10,-2,0,0,1,1,1,1,2,1
KR_6762642875,420,6,81,12,1,4,5,1,-1,1,2,-1,1,2,-2,2,4,1,1,0,0,3,-3,-1,5,4,7,0,1,-1,1,1,-1,6,1
KR_6717738719,420,4,42,4,9,1,2,1,3,5,2,-1,2,3,7,7,0,-1,1,2,0,7,11,1,4,5,0,0,1,-1,1,1,1,4,1
KR_6763672692,420,6,14,27,10,2,3,1,4,4,0,3,4,1,-1,2,3,2,2,0,0,11,-3,1,3,4,1,0,2,1,1,1,1,1,1
KR_6764858193,420,-2,49,20,-4,4,4,0,-4,0,4,0,2,2,-3,0,3,-1,2,3,0,-10,-76,-3,6,3,11,0,0,1,-1,1,1,1,1
KR_6758593065,420,4,60,28,1,4,4,0,2,6,4,2,4,2,-5,3,8,-2,0,2,0,-4,5,1,3,4,2,0,2,0,1,1,-1,0,1
KR_6532916704,420,4,30,12,11,1,2,1,11,13,2,-3,2,5,1,2,1,1,1,0,0,9,-9,3,4,7,-4,0,1,1,-1,1,1,1,1
KR_6764212176,420,2,52,7,9,3,4,1,4,5,1,1,2,1,0,2,2,1,1,0,0,2,-2,3,5,8,-4,0,1,1,1,1,1,3,1
KR_6704571880,420,5,47,13,13,3,3,0,6,8,2,-1,2,3,-2,0,2,7,7,0,0,15,0,5,3,8,7,0,1,-1,1,-1,1,6,1
KR_6754916237,420,3,3,16,8,3,3,0,3,6,3,-2,1,3,3,5,2,1,1,0,0,5,-91,0,5,5,2,0,1,1,1,1,1,2,1
KR_6750267363,420,6,81,24,11,3,4,1,4,9,5,0,3,3,4,6,2,0,1,1,0,1,116,-1,8,7,1,0,2,1,1,1,1,6,1
KR_6763091955,420,0,-6,-21,-2,0,2,2,-3,0,3,3,4,1,-2,1,3,0,2,2,0,-6,-2,0,4,4,5,0,-2,-1,-1,-1,1,4,1
KR_6760330794,420,1,34,13,0,0,1,1,-1,7,8,-1,4,5,2,2,0,0,0,0,0,6,2,-4,6,2,0,0,1,1,1,1,-1,1,1
KR_6761040265,420,0,17,0,5,5,5,0,-5,1,6,-3,2,5,7,7,0,1,2,1,0,9,111,-2,8,6,1,0,2,-1,1,1,-1,4,1
KR_6638104965,420,5,43,5,11,2,3,1,5,5,0,4,6,2,1,1,0,-1,1,2,-1,7,-151,1,4,5,3,0,2,1,1,1,-1,1,1
KR_6634929713,420,3,-34,32,7,1,2,1,-2,1,3,2,5,3,3,4,1,3,7,4,0,14,22,-4,6,2,3,0,1,1,-1,1,1,6,1
KR_6764334747,420,-1,-52,4,-5,0,1,1,-2,0,2,0,1,1,-4,0,4,1,4,3,0,-14,-12,-4,9,5,0,0,0,1,1,-1,-1,1,1
KR_6764185628,420,-1,4,-23,0,0,0,0,1,2,1,0,2,2,0,2,2,-1,0,1,0,-3,-3,3,1,4,-1,0,0,-1,1,0,1,2,1
KR_6761610446,420,-1,17,2,-3,3,6,3,-2,2,4,-4,2,6,0,0,0,0,0,0,0,-7,-2,0,5,5,2,0,-1,1,-1,-1,1,4,1
KR_6376958269,420,1,33,-61,-1,-1,0,1,-6,0,6,1,3,2,1,3,2,4,4,0,0,-2,-12,5,6,11,3,0,0,-1,-1,0,1,4,1
KR_6758863993,420,-1,-50,1,3,-1,3,4,1,3,2,-1,1,2,4,4,0,0,3,3,0,1,-35,5,3,8,20,0,0,1,1,1,1,4,1
KR_6756824951,440,4,81,-2,2,6,7,1,-7,2,9,1,3,2,3,4,1,-1,0,1,-1,7,2,1,4,5,-3,0,1,-1,0,1,-1,4,1
KR_6724164885,420,-1,-10,-7,-1,4,4,0,-3,2,5,-1,3,4,1,2,1,-2,0,2,0,-3,-39,-1,5,4,23,0,0,1,-1,-1,-1,5,1
KR_6635594882,420,2,-2,10,6,-1,3,4,2,4,2,2,2,0,4,4,0,-1,0,1,0,10,4,2,5,7,0,0,0,-1,1,1,1,3,1
KR_6388013622,440,4,33,-4,8,5,6,1,0,2,2,6,7,1,-2,2,4,-1,0,1,0,11,5,5,1,6,-1,0,-1,1,-1,-1,-1,3,1
KR_6733883974,420,1,12,4,7,3,4,1,1,3,2,-1,3,4,1,4,3,3,3,0,0,2,-1,-3,6,3,-1,0,1,1,1,1,1,6,1
KR_6765143891,420,-2,7,-1,-1,1,4,3,-1,1,2,1,3,2,-2,2,4,0,0,0,0,-3,12,2,6,8,-1,0,0,1,-1,0,1,3,1
KR_6718398522,420,1,-54,-7,1,0,3,3,1,1,0,1,2,1,-1,1,2,0,1,1,0,3,33,0,4,4,-2,0,0,1,-1,0,1,5,1
KR_6709907586,420,-1,5,22,-6,1,1,0,0,4,4,-2,1,3,-2,0,2,-3,0,3,0,-10,-1,0,4,4,-3,0,0,-1,-1,0,-1,2,1
KR_6682094812,420,-1,6,-13,0,2,3,1,-3,1,4,-1,2,3,-1,2,3,3,3,0,0,1,-6,2,6,8,-2,0,1,-1,1,1,-1,3,1
KR_6751829963,420,3,37,25,7,1,3,2,5,7,2,-3,1,4,3,6,3,1,1,0,2,17,21,-3,7,4,3,0,3,1,1,1,1,1,1
KR_6761199083,420,1,-7,32,4,1,3,2,-1,3,4,-2,1,3,6,6,0,0,0,0,0,5,1,-3,5,2,0,0,1,-1,1,1,1,5,1
KR_6744844949,420,4,-36,-12,9,-3,2,5,4,5,1,1,1,0,3,4,1,4,5,1,0,17,0,-1,6,5,5,0,1,1,-1,1,-1,2,1
KR_6706895216,440,2,29,44,4,3,4,1,-1,1,2,-2,0,2,2,3,1,2,3,1,0,4,75,-2,7,5,-20,0,2,1,1,1,1,2,1
KR_6718313244,420,5,-6,18,16,2,3,1,6,8,2,2,3,1,6,6,0,0,0,0,0,13,178,0,8,8,4,0,1,-1,1,1,1,4,1
KR_6748784820,420,-1,48,5,-2,-3,1,4,-1,5,6,-1,1,2,3,3,0,0,2,2,1,1,-2,3,3,6,-2,0,1,1,-1,-1,1,1,1
KR_6638272737,420,3,31,7,3,1,3,2,0,4,4,1,5,4,1,3,2,0,1,1,0,-8,-7,6,3,9,-19,0,1,-1,0,1,-1,3,1
KR_6761031306,420,3,33,4,6,1,1,0,6,6,0,0,3,3,-1,3,4,0,1,1,1,3,4,-1,6,5,-3,0,2,1,1,1,1,3,1
KR_6740424348,420,-4,-10,-11,-10,-2,0,2,0,2,2,-3,5,8,-4,1,5,-1,1,2,-1,-14,-2,3,4,7,4,0,1,0,1,1,-1,0,1
KR_6735385863,420,4,33,4,10,-2,0,2,-2,1,3,3,4,1,8,8,0,3,3,0,0,4,42,1,4,5,2,0,1,1,-1,1,-1,3,1
KR_6753842194,420,2,42,37,-7,-1,0,1,-5,1,6,0,3,3,-1,2,3,0,0,0,0,-11,-26,0,6,6,6,0,0,1,-1,0,1,1,1
KR_6742589258,420,2,12,2,-1,1,3,2,-5,1,6,3,7,4,0,1,1,0,0,0,0,4,-3,0,4,4,0,0,0,1,0,0,-1,5,1
KR_6582127187,420,4,68,4,2,6,6,0,-1,2,3,3,3,0,-3,2,5,-3,0,3,0,-9,30,1,5,6,0,0,2,-1,0,1,-1,5,1
KR_6602394559,420,1,25,51,14,0,2,2,-1,6,7,10,10,0,5,5,0,0,0,0,0,9,10,0,3,3,1,0,5,1,1,1,1,6,1
KR_6761964946,420,7,135,31,14,2,2,0,2,2,0,6,7,1,2,2,0,2,2,0,0,10,6,6,2,8,6,0,3,1,-1,1,1,6,1
KR_6764485473,420,4,26,11,4,0,1,1,2,3,1,-1,0,1,3,4,1,0,3,3,0,6,14,-1,5,4,1,0,0,-1,1,0,1,1,1
KR_6736937420,420,1,-4,-13,3,0,2,2,-1,2,3,4,6,2,2,3,1,-2,0,2,1,8,-67,5,3,8,28,0,0,1,0,0,1,3,1
KR_6719614770,440,1,-27,-32,-6,2,2,0,-5,2,7,-5,0,5,3,4,1,-1,1,2,0,-1,44,0,4,4,1,0,0,-1,-1,0,-1,2,1
KR_6764636108,420,5,71,57,11,-2,0,2,4,6,2,3,3,0,5,5,0,1,2,1,0,4,16,1,0,1,2,0,3,-1,1,1,1,3,1
KR_6758087117,420,1,-4,0,6,0,2,2,2,2,0,1,1,0,3,3,0,0,0,0,0,10,-3,-3,5,2,-2,0,0,0,0,0,1,0,1
KR_6750587294,440,3,26,16,5,2,2,0,0,4,4,2,2,0,-1,2,3,2,3,1,0,1,-32,-2,4,2,4,0,0,-1,1,0,1,6,1
KR_6702791960,420,2,-30,16,6,2,4,2,2,4,2,-2,2,4,2,4,2,2,3,1,1,2,-6,-2,5,3,3,0,0,0,-1,0,1,0,1
KR_6754868642,420,-1,11,4,-3,-3,0,3,-4,0,4,1,2,1,1,5,4,2,3,1,0,2,2,1,4,5,3,0,0,0,1,0,1,0,1
KR_6762893107,440,0,88,-1,9,1,1,0,3,6,3,10,11,1,-6,3,9,1,1,0,0,-1,-226,-1,3,2,-1,0,1,-1,1,1,1,4,1
KR_6632319697,420,3,28,27,3,2,2,0,2,5,3,-1,2,3,-2,0,2,2,2,0,-1,-4,-4,1,6,7,0,0,0,1,0,0,-1,5,1
KR_6740129691,420,1,21,6,8,2,3,1,2,3,1,3,3,0,-1,2,3,2,2,0,0,9,-8,4,3,7,5,0,0,1,1,1,1,3,1
KR_6670016914,420,1,32,-2,0,2,3,1,0,2,2,-2,3,5,3,5,2,-3,0,3,0,11,4,1,8,9,2,0,1,1,1,1,1,3,1
KR_6691770122,420,9,37,57,15,-2,2,4,9,9,0,4,4,0,4,8,4,0,0,0,0,15,29,-7,9,2,5,0,-1,1,-1,-1,1,1,1
KR_6755767475,420,1,3,20,2,4,4,0,0,1,1,-1,2,3,0,1,1,-1,1,2,0,-3,-1,-2,7,5,1,0,1,0,-1,1,1,0,1
KR_6704267548,420,0,33,-40,2,4,5,1,0,5,5,-1,1,2,-1,1,2,0,2,2,0,1,-6,1,5,6,4,0,2,-1,1,1,-1,1,1
KR_6582481842,420,7,89,16,13,1,3,2,5,7,2,-4,0,4,9,10,1,2,2,0,0,18,23,0,5,5,4,0,1,1,-1,1,1,3,1
KR_6752368110,420,2,27,4,8,1,2,1,2,3,1,2,4,2,4,5,1,-1,2,3,0,14,3,4,4,8,2,0,1,1,-1,1,1,4,1
KR_6760657488,420,1,-26,5,-1,-2,1,3,0,2,2,2,2,0,0,0,0,-1,0,1,0,2,-154,0,4,4,20,0,0,1,-1,-1,1,2,1
KR_6623853349,420,3,28,4,10,-5,1,6,4,5,1,7,10,3,6,6,0,-2,0,2,-1,16,8,0,4,4,2,0,1,1,1,1,-1,2,1
KR_6756899155,420,0,64,16,-2,-1,1,2,-1,3,4,2,2,0,-2,2,4,0,3,3,0,-11,-67,0,6,6,-1,0,0,1,0,0,1,3,1
KR_6736773600,440,5,48,28,11,4,4,0,-1,1,2,0,4,4,5,7,2,3,4,1,0,2,-4,5,2,7,2,0,1,1,1,1,1,5,1
KR_6760999784,440,1,67,5,2,-5,0,5,1,4,3,-1,1,2,5,6,1,2,2,0,1,1,-4,1,1,2,2,0,-1,-1,1,-1,1,3,1
KR_6742389972,440,3,88,3,3,5,5,0,4,8,4,3,3,0,3,4,1,-12,0,12,-1,-4,2,2,5,7,3,0,2,-1,1,1,-1,3,1
KR_6764624432,420,6,121,-12,11,-1,1,2,5,5,0,-2,0,2,9,10,1,0,0,0,1,13,-66,4,4,8,4,0,2,1,0,1,1,1,1
KR_6709430000,420,-1,-13,-29,2,3,6,3,2,4,2,1,4,3,-4,1,5,0,1,1,1,8,7,-4,9,5,-2,0,-1,1,-1,-1,1,2,1
KR_6764766011,420,0,-32,21,1,-2,1,3,1,4,3,2,4,2,-2,2,4,2,4,2,0,1,19,7,2,9,0,0,-1,1,-1,-1,-1,1,1
KR_6731059037,420,-3,-33,-33,1,0,4,4,1,3,2,-1,1,2,3,4,1,-2,0,2,0,7,9,0,6,6,-2,0,-1,1,-1,-1,-1,6,1
KR_6745845313,420,1,-23,-12,1,0,1,1,0,3,3,1,4,3,-1,4,5,1,2,1,0,10,-1,-1,6,5,2,0,0,-1,-1,1,1,1,1
KR_6721271924,420,4,47,21,5,-2,1,3,3,3,0,4,6,2,0,2,2,0,1,1,0,7,8,8,4,12,0,0,0,1,-1,1,1,2,1
KR_6747181663,440,-2,24,-24,-3,-8,2,10,4,4,0,0,1,1,1,2,1,0,1,1,-2,-4,-6,-1,4,3,1,0,-1,1,-1,-1,-1,2,1
KR_6603311038,420,3,-5,47,2,0,1,1,0,2,2,-2,1,3,4,5,1,0,2,2,0,0,-159,-1,8,7,4,0,1,1,-1,1,1,3,1
KR_6741664009,420,3,-7,31,9,-1,1,2,8,10,2,1,2,1,-1,2,3,2,3,1,-1,6,38,1,4,5,-1,0,-1,1,-1,-1,-1,4,1
KR_6755467754,420,2,-30,35,1,1,3,2,2,3,1,-3,3,6,1,5,4,0,2,2,0,1,6,2,4,6,0,0,-1,1,1,-1,-1,5,1
KR_6608739609,420,1,77,28,7,4,4,0,2,4,2,-1,2,3,1,3,2,1,2,1,0,6,13,-1,5,4,6,0,2,1,1,1,1,1,1
KR_6753381610,420,-1,48,-11,9,2,2,0,1,2,1,2,4,2,4,7,3,0,0,0,2,12,-11,-7,9,2,6,0,2,1,1,1,1,1,1
KR_6637386437,420,3,-7,28,3,0,0,0,2,3,1,4,4,0,-2,0,2,-1,0,1,0,2,26,-2,5,3,0,0,1,1,1,1,-1,5,1
KR_6628376700,440,-3,-40,4,-19,-2,2,4,-3,0,3,-7,0,7,-6,0,6,-1,2,3,0,-14,-7,1,3,4,-3,0,0,-1,-1,-1,-1,4,1
KR_6646938249,420,0,3,37,4,2,2,0,-1,3,4,1,2,1,1,3,2,1,1,0,0,4,5,4,2,6,-1,0,1,1,1,1,1,5,1
KR_6762184463,420,-3,-90,-12,0,2,2,0,1,3,2,-4,3,7,0,2,2,1,1,0,0,1,60,-7,8,1,1,0,-1,0,-1,-1,-1,0,1
KR_6608211380,420,1,53,8,3,1,1,0,-2,2,4,5,7,2,-2,2,4,1,1,0,0,-1,-16,-1,4,3,0,0,1,1,-1,1,1,3,1
KR_6683268505,440,1,-7,7,-1,-3,1,4,1,2,1,-3,0,3,4,8,4,0,2,2,0,12,3,1,7,8,1,0,-1,1,1,1,-1,3,1
KR_6624586582,420,3,-30,44,1,-1,2,3,3,4,1,2,4,2,0,0,0,-3,0,3,0,5,7,3,4,7,0,0,0,1,-1,-1,1,2,1
KR_6760321687,420,0,2,-32,5,3,3,0,3,4,1,3,3,0,-2,3,5,-2,0,2,0,-1,8,0,4,4,-4,0,0,-1,1,1,-1,2,1
KR_6764557388,420,4,6,14,5,4,5,1,2,4,2,0,4,4,-1,4,5,0,0,0,0,2,38,0,4,4,1,0,0,-1,1,1,-1,2,1
KR_6763586185,420,3,71,-37,5,1,6,5,1,2,1,-1,5,6,3,5,2,1,2,1,0,5,-6,0,6,6,1,0,0,-1,-1,1,1,5,1
KR_6614846568,420,3,34,39,4,0,2,2,1,3,2,0,2,2,5,7,2,-2,0,2,0,1,-2,-1,5,4,2,0,-1,1,-1,-1,-1,6,1
KR_6765122378,420,-2,-4,-18,-2,-2,1,3,-1,3,4,-2,3,5,3,3,0,0,1,1,0,7,13,-6,9,3,1,0,-2,1,1,-1,-1,2,1
KR_6756483862,420,3,39,8,7,4,6,2,5,6,1,-2,1,3,3,3,0,-3,0,3,0,7,122,-2,7,5,-1,0,2,0,-1,1,1,0,1
KR_6758486433,420,3,0,12,8,0,0,0,-2,1,3,1,2,1,7,8,1,2,2,0,0,12,67,-2,6,4,1,0,1,1,-1,1,1,2,1
KR_6604373748,420,5,102,19,-1,-4,0,4,1,4,3,-3,1,4,3,3,0,2,2,0,0,1,-63,-1,6,5,8,0,2,1,-1,1,1,3,1
KR_6743830897,420,3,16,28,4,-1,1,2,6,10,4,-2,0,2,0,2,2,1,2,1,-1,8,4,-2,4,2,-1,0,0,0,1,0,-1,0,1
KR_6762584844,420,3,-21,-4,3,2,3,1,3,5,2,-2,0,2,1,2,1,-1,1,2,0,3,35,1,3,4,-3,0,1,1,1,1,-1,1,1
KR_6763348945,420,3,30,12,7,-1,1,2,5,9,4,-4,3,7,1,4,3,6,6,0,-1,12,19,0,4,4,-3,0,3,-1,1,1,-1,5,1
KR_6694497300,420,0,-15,10,-3,-1,2,3,0,2,2,-3,0,3,1,1,0,0,1,1,0,-3,-53,-2,4,2,0,0,0,1,-1,0,1,4,1
KR_6706075354,420,1,5,-2,6,3,3,0,-2,0,2,2,6,4,1,4,3,2,4,2,0,4,1,-5,7,2,7,0,1,1,0,1,1,4,1
KR_6756527055,420,4,41,-22,3,-2,2,4,-2,2,4,1,3,2,6,6,0,0,0,0,0,13,24,-1,8,7,-1,0,1,1,1,1,-1,4,1
KR_6760525240,420,2,36,3,7,2,3,1,-4,1,5,0,2,2,7,7,0,2,2,0,0,10,6,2,4,6,0,0,0,1,-1,1,1,1,1
KR_6763233947,420,0,29,31,-4,-2,1,3,-5,4,9,0,3,3,2,3,1,1,1,0,0,-1,1,0,4,4,-3,0,0,-1,1,-1,-1,4,1
KR_6638361106,420,3,-26,40,-1,-2,1,3,1,6,5,0,3,3,-1,5,6,1,2,1,-2,-7,7,-1,4,3,0,0,0,1,-1,-1,-1,5,1
KR_6728327238,420,2,50,16,2,1,2,1,2,4,2,-2,1,3,0,3,3,1,1,0,0,5,-2,-1,5,4,1,0,0,1,-1,0,-1,3,1
KR_6765294949,420,-2,-9,5,-3,0,0,0,-1,2,3,-6,2,8,3,6,3,1,3,2,0,-1,12,3,4,7,-1,0,0,-1,1,-1,1,2,1
KR_6727451992,420,0,2,-19,4,3,3,0,-2,2,4,2,5,3,0,1,1,1,1,0,0,13,-1,-1,7,6,3,0,0,0,1,0,-1,0,1
KR_6741948955,420,0,11,0,-3,-2,1,3,-8,0,8,1,3,2,5,5,0,1,1,0,-1,-2,41,-1,5,4,0,0,0,0,1,0,-1,0,1
KR_6543026006,420,-4,-71,-12,-2,-2,0,2,2,5,3,1,1,0,-5,0,5,2,2,0,0,1,-6,3,3,6,-3,0,0,-1,1,0,-1,4,1
KR_6739665336,420,2,89,8,4,-1,2,3,1,4,3,0,2,2,3,3,0,1,1,0,1,1,-31,-5,9,4,12,0,3,1,1,1,1,4,1
KR_6730496942,420,3,-5,28,9,4,4,0,6,6,0,1,4,3,-3,1,4,1,3,2,0,6,-270,1,5,6,1,0,1,-1,1,1,1,1,1
KR_6763215626,420,1,6,3,1,2,2,0,-1,1,2,1,1,0,-2,5,7,1,2,1,0,-1,129,4,3,7,-8,0,0,-1,1,1,-1,2,1
KR_6761143674,420,-1,-26,-3,-3,-3,0,3,1,3,2,-5,2,7,3,4,1,1,2,1,0,3,0,2,6,8,-2,0,0,1,-1,0,-1,6,1
KR_6696086935,420,2,55,44,9,2,3,1,1,4,3,-1,1,2,2,2,0,5,5,0,0,11,-20,-1,4,3,7,0,-1,1,0,-1,1,6,1
KR_6764060496,420,3,31,5,5,-2,0,2,1,1,0,4,6,2,1,2,1,1,1,0,0,9,-1,7,5,12,3,0,1,1,1,1,1,1,1
KR_6705479920,420,0,1,-8,-5,0,2,2,-1,6,7,1,2,1,-1,1,2,-4,0,4,-1,-10,-1,2,7,9,-1,0,1,-1,1,1,-1,3,1
KR_6686160350,420,6,153,-8,9,3,3,0,3,3,0,2,3,1,1,3,2,0,0,0,-1,14,-1,2,4,6,-2,1,3,-1,1,1,-1,4,1
KR_6737192793,420,2,70,4,2,1,1,0,0,5,5,0,2,2,1,4,3,0,3,3,-1,1,28,2,3,5,-18,0,0,0,-1,0,1,0,1
KR_6735948572,420,5,29,38,16,3,4,1,0,1,1,8,8,0,5,5,0,0,0,0,2,21,-7,-1,6,5,1,0,1,1,1,1,1,5,1
KR_6689392292,420,5,10,-1,12,6,6,0,3,4,1,3,4,1,4,6,2,-4,0,4,0,13,8,4,5,9,-3,0,-1,1,1,1,-1,1,1
KR_6493808004,420,-1,-5,24,0,-2,0,2,4,6,2,-1,1,2,-2,1,3,1,1,0,0,5,55,4,7,11,-4,0,0,1,1,0,1,3,1
KR_6747446063,420,-1,35,-29,0,2,3,1,-1,0,1,3,3,0,1,4,3,-5,0,5,0,-2,3,1,5,6,0,0,1,-1,1,-1,1,6,1
KR_6642744072,420,1,31,16,3,4,4,0,1,3,2,-1,0,1,-1,2,3,0,0,0,0,0,13,1,3,4,2,0,1,1,-1,1,1,5,1
KR_6761833964,440,1,-14,-4,1,1,1,0,-2,2,4,1,2,1,-1,3,4,2,2,0,0,-1,-16,0,5,5,-4,0,0,-1,-1,-1,-1,1,1
KR_6757009139,420,4,67,36,6,-2,2,4,-6,0,6,5,6,1,9,10,1,0,1,1,0,8,5,1,1,2,-4,0,0,1,-1,-1,-1,6,1
KR_6763926462,420,2,21,30,3,1,3,2,-1,2,3,0,2,2,0,5,5,3,6,3,-1,4,4,1,3,4,4,0,2,-1,1,1,-1,5,1
KR_6624154829,440,6,27,20,13,0,2,2,1,5,4,4,5,1,3,5,2,5,6,1,0,8,6,1,2,3,1,0,2,1,0,1,-1,3,1
KR_6617711709,420,4,15,0,9,0,4,4,-1,3,4,3,3,0,5,5,0,2,4,2,0,15,13,2,4,6,1,0,0,1,1,1,1,6,1
KR_6728624828,440,1,36,11,4,1,2,1,0,2,2,4,8,4,0,3,3,-1,1,2,0,5,18,3,3,6,-26,0,1,1,0,1,-1,3,1
KR_6763305247,420,2,16,12,5,-2,1,3,2,2,0,4,4,0,0,1,1,1,1,0,0,11,7,5,4,9,-12,0,0,1,1,0,1,1,1
KR_6602431316,420,-1,-40,-8,2,-2,4,6,1,3,2,3,4,1,2,4,2,-2,3,5,0,4,4,4,5,9,2,0,0,-1,1,1,1,1,1
KR_6674741009,420,4,47,15,7,1,1,0,3,5,2,0,3,3,2,3,1,1,2,1,0,12,26,2,4,6,4,0,1,1,1,1,1,2,1
KR_6728700535,420,3,84,22,8,2,3,1,2,3,1,1,4,3,4,6,2,-1,1,2,0,12,8,2,4,6,-5,0,1,1,1,1,1,4,1
KR_6714444436,420,2,28,-3,11,1,3,2,-1,3,4,2,3,1,10,10,0,-1,0,1,0,16,18,2,5,7,5,0,0,1,-1,1,-1,3,1
KR_6590701792,420,0,-17,-19,2,-1,1,2,0,3,3,-1,1,2,4,6,2,0,1,1,0,1,-5,2,5,7,-2,0,0,1,-1,0,1,4,1
KR_6735971131,440,0,13,16,-7,1,1,0,-2,1,3,-1,1,2,-3,4,7,-2,1,3,0,-10,0,1,3,4,0,0,0,1,-1,-1,-1,4,1
KR_6751975776,420,1,65,-19,-5,0,3,3,-3,2,5,-2,1,3,1,5,4,-1,0,1,0,-11,-5,-1,5,4,3,0,-1,-1,-1,-1,1,4,1
KR_6760766714,420,0,37,12,8,-1,4,5,-1,1,2,-2,1,3,10,11,1,2,3,1,0,-1,-12,5,1,6,-2,0,1,-1,1,1,1,2,1
KR_6636139339,420,4,36,47,8,4,6,2,6,6,0,1,1,0,-1,1,2,-2,0,2,0,6,141,3,6,9,12,0,0,1,1,1,1,2,1
KR_6760794464,420,1,-29,16,0,1,2,1,0,3,3,-5,1,6,1,2,1,3,3,0,0,-3,-3,1,4,5,0,0,0,1,-1,0,-1,6,1
KR_6747332098,420,-3,46,-17,3,0,2,2,-4,1,5,4,5,1,2,4,2,1,2,1,0,-6,-12,6,1,7,-2,0,0,1,-1,0,-1,3,1
KR_6762226663,420,4,35,11,6,0,1,1,-1,0,1,4,5,1,3,5,2,0,0,0,0,-1,-6,5,3,8,1,0,1,-1,-1,1,1,2,1
KR_6700743404,420,4,51,41,2,0,2,2,-3,0,3,1,2,1,1,1,0,3,7,4,0,6,-7,-4,10,6,7,0,1,-1,1,1,1,6,1
KR_6686644839,420,0,23,-3,3,3,4,1,2,3,1,2,2,0,0,0,0,-4,0,4,0,3,-11,1,4,5,-2,0,-1,-1,1,-1,-1,3,1
KR_6753884047,420,5,91,24,12,0,1,1,3,3,0,-3,2,5,9,10,1,3,3,0,0,8,-26,0,5,5,6,0,2,1,1,1,1,5,1
KR_6685470805,420,3,48,-18,9,4,4,0,-1,1,2,2,4,2,4,6,2,0,0,0,0,0,-18,-3,9,6,2,0,1,-1,1,1,-1,1,1
KR_6765346823,440,1,33,-12,6,-2,1,3,3,6,3,5,8,3,-2,0,2,2,3,1,1,13,-5,1,4,5,6,0,2,-1,1,1,1,1,1
KR_6758917506,420,0,5,-1,3,0,3,3,-2,0,2,-4,0,4,10,10,0,-1,1,2,1,0,-74,5,9,14,-5,0,0,0,0,0,1,0,1
KR_6760181694,420,0,69,-25,1,1,2,1,0,0,0,0,1,1,2,2,0,-2,1,3,0,-1,-2,-1,6,5,3,0,2,1,-1,1,1,3,1
KR_6709035658,420,2,1,11,7,6,6,0,-1,4,5,2,3,1,1,4,3,-1,2,3,-1,3,-3,1,5,6,-1,0,0,0,1,1,-1,0,1
KR_6762784483,420,6,69,12,14,2,2,0,4,5,1,2,6,4,2,6,4,4,5,1,-1,13,1,-4,9,5,-1,0,2,1,-1,1,1,4,1
KR_6691305107,420,0,-50,-7,-1,2,3,1,0,2,2,-1,1,2,-1,4,5,-1,0,1,0,5,-19,-1,7,6,0,0,1,1,-1,-1,-1,3,1
KR_6666767592,420,0,-24,-7,-3,1,3,2,-5,1,6,-1,0,1,1,3,2,1,2,1,0,-5,11,1,5,6,-1,0,1,1,1,1,-1,1,1
KR_6642825857,420,0,21,-26,-1,4,4,0,2,4,2,0,4,4,-7,2,9,0,0,0,0,-2,-13,-1,8,7,-3,0,1,-1,-1,1,1,6,1
KR_6738131913,420,-1,38,-16,-2,0,1,1,-2,4,6,1,3,2,1,3,2,-2,2,4,0,2,26,-2,4,2,3,0,0,0,-1,0,1,0,1
KR_6754703715,420,-1,-54,4,7,3,5,2,2,6,4,0,2,2,1,2,1,1,2,1,4,12,12,2,6,8,-6,0,-1,-1,1,-1,1,6,1
KR_6668795550,420,4,88,4,9,-2,2,4,0,3,3,3,4,1,4,5,1,4,5,1,0,16,-3,3,4,7,1,0,0,1,-1,0,-1,2,1
KR_6725808267,420,2,11,-20,8,0,1,1,0,1,1,2,5,3,4,6,2,2,3,1,0,6,-122,4,2,6,-1,0,0,1,-1,-1,-1,3,1
KR_6763031254,420,6,23,54,12,4,5,1,0,1,1,2,3,1,-1,1,2,7,7,0,0,6,108,1,5,6,2,0,1,1,1,1,1,5,1
KR_6762417121,420,7,35,48,13,2,2,0,8,8,0,1,4,3,2,3,1,0,0,0,0,12,5,2,3,5,3,0,2,1,1,1,1,3,1
KR_6763091011,440,2,74,-5,-1,3,3,0,1,2,1,-7,1,8,1,3,2,1,1,0,0,-7,-18,-1,5,4,3,0,2,0,1,1,-1,0,1
KR_6716489316,420,3,40,4,10,1,2,1,3,5,2,1,1,0,-1,5,6,6,7,1,0,7,0,2,6,8,4,0,1,1,1,1,1,4,1
KR_6747652328,420,6,38,29,13,6,8,2,6,7,1,-6,0,6,4,4,0,3,3,0,3,19,3,2,6,8,3,0,1,1,1,1,-1,6,1
KR_6692826897,420,3,63,-2,6,4,5,1,2,5,3,-3,2,5,4,6,2,-1,0,1,0,9,-2,-2,6,4,2,0,0,1,-1,0,1,3,1
KR_6607108251,420,4,-15,11,7,0,1,1,3,4,1,4,6,2,1,3,2,-1,0,1,0,8,24,0,4,4,0,0,0,1,1,1,1,4,1
KR_6764643430,420,3,65,-1,6,3,4,1,1,3,2,1,2,1,0,0,0,1,1,0,0,2,-16,-8,11,3,1,0,3,-1,1,1,-1,1,1
KR_6763890345,420,2,-8,28,2,-1,1,2,3,7,4,-1,2,3,1,5,4,0,2,2,0,6,22,-3,6,3,4,0,1,1,-1,1,1,1,1
KR_6615375573,420,4,21,23,11,2,3,1,3,6,3,1,4,3,4,7,3,1,1,0,0,16,23,-2,6,4,5,0,1,1,1,1,1,6,1
KR_6722290142,420,4,60,10,7,2,2,0,2,5,3,1,5,4,3,4,1,-1,3,4,0,14,9,-4,5,1,-2,0,0,1,-1,1,-1,4,1
KR_6700974158,420,0,-80,4,0,0,3,3,-2,3,5,-1,0,1,2,3,1,1,2,1,0,3,0,-1,5,4,4,0,0,-1,-1,-1,1,4,1
KR_6762760565,420,3,21,-2,12,5,6,1,3,5,2,-1,1,2,4,5,1,1,1,0,0,11,5,5,4,9,2,0,0,-1,1,0,1,1,1
KR_6764916482,420,-3,-2,-8,-4,-1,1,2,1,3,2,-3,0,3,0,0,0,-1,0,1,0,-2,-4,-2,3,1,1,0,0,-1,1,-1,1,1,1
KR_6635503996,420,-3,43,-24,-5,-2,1,3,3,4,1,1,3,2,-5,1,6,-2,0,2,0,-2,-2,6,4,10,-2,0,0,1,-1,0,-1,4,1
KR_6735967341,420,0,20,14,2,3,4,1,-2,2,4,-2,0,2,3,4,1,0,0,0,1,-1,-42,-3,9,6,0,0,0,1,0,0,1,4,1
KR_6761362300,420,4,88,32,10,-1,1,2,2,4,2,5,5,0,2,4,2,2,2,0,0,12,9,4,5,9,-2,0,2,1,1,1,1,6,1
KR_6651972423,420,-1,-89,17,6,0,0,0,5,6,1,0,1,1,0,4,4,1,1,0,0,15,29,-1,5,4,2,0,-1,1,-1,1,1,3,1
KR_6763428740,420,1,15,-2,5,0,1,1,-1,2,3,3,5,2,1,3,2,2,2,0,0,8,-149,1,4,5,2,0,1,1,1,1,-1,4,1
KR_5746681542,420,2,22,-6,-2,3,3,0,-2,1,3,-3,1,4,-2,1,3,2,2,0,0,4,-5,-1,7,6,-3,0,0,1,-1,1,-1,4,1
KR_6686374853,420,1,79,-10,2,3,5,2,-1,2,3,-2,1,3,1,3,2,1,1,0,1,1,-5,1,2,3,1,0,-1,1,-1,-1,1,4,1
KR_6707766828,420,0,30,-41,2,-2,0,2,0,4,4,2,3,1,2,4,2,0,0,0,1,6,17,0,3,3,4,0,0,0,1,0,1,0,1
KR_6749595994,420,3,-31,1,9,2,2,0,0,3,3,0,2,2,7,7,0,0,2,2,0,9,9,3,3,6,-1,0,0,1,0,1,-1,4,1
KR_6639483436,420,6,47,15,14,2,2,0,1,4,3,2,4,2,4,5,1,5,5,0,1,22,8,2,5,7,-2,0,2,1,1,1,1,1,1
KR_6762149042,420,2,-19,-5,13,1,2,1,3,4,1,4,4,0,6,8,2,-1,1,2,0,13,-5,1,5,6,0,0,1,1,1,1,-1,5,1
KR_6691151651,440,1,39,-13,4,1,2,1,4,7,3,0,1,1,-2,2,4,1,2,1,0,-4,3,1,2,3,-2,0,1,1,1,1,1,4,1
KR_6755673286,440,0,47,0,0,-2,2,4,0,3,3,0,4,4,5,5,0,-3,1,4,3,1,23,8,4,12,-3,0,1,1,-1,1,1,3,1
KR_6558352432,420,1,23,6,7,-1,2,3,1,2,1,3,4,1,2,5,3,2,3,1,-1,11,28,-1,9,8,0,0,-1,1,-1,-1,1,2,1
KR_6763244563,420,-3,-1,-5,-2,-4,0,4,-3,3,6,2,2,0,3,4,1,0,0,0,0,-2,-9,-2,7,5,1,0,1,0,-1,1,1,0,1
KR_6675190323,420,4,75,39,9,0,3,3,2,7,5,2,3,1,5,9,4,0,0,0,0,14,-4,3,3,6,1,0,1,1,1,1,1,6,1
KR_6691268221,420,1,39,16,6,-5,0,5,9,11,2,0,4,4,4,5,1,-2,0,2,0,6,7,8,4,12,2,0,0,1,1,0,1,4,1
KR_6763946439,420,3,38,23,7,-1,3,4,-3,0,3,3,4,1,7,8,1,1,4,3,1,5,4,1,3,4,3,0,0,1,-1,-1,1,3,1
KR_6491174573,420,2,9,-9,0,0,1,1,4,5,1,1,4,3,-2,1,3,-3,0,3,0,-1,2,4,3,7,-5,0,1,-1,1,1,-1,6,1
KR_6570874429,420,-2,0,3,-4,-4,0,4,3,3,0,-2,0,2,-1,0,1,0,1,1,0,0,-4,-1,5,4,-1,0,-1,1,-1,-1,1,5,1
KR_6752322641,440,4,56,-5,3,-1,0,1,1,1,0,2,2,0,-1,2,3,2,4,2,0,3,1,-2,5,3,-3,0,0,-1,1,1,-1,4,1
KR_6758056466,420,1,2,9,-1,1,1,0,1,2,1,-1,1,2,0,2,2,-2,0,2,-1,-5,2,0,3,3,-2,0,0,1,1,0,-1,1,1
KR_6764203617,420,1,-27,0,6,0,2,2,-2,2,4,1,4,3,7,7,0,0,1,1,0,13,27,2,3,5,1,0,2,1,-1,1,-1,5,1
KR_6757157202,420,-6,-77,8,-10,-5,0,5,-1,3,4,-5,2,7,3,4,1,-2,0,2,0,-2,-20,4,4,8,-4,0,-2,-1,1,-1,1,1,1
KR_6753739621,420,1,13,36,0,6,6,0,1,3,2,-4,2,6,-4,0,4,1,3,2,0,-6,-8,1,7,8,1,0,1,-1,1,1,-1,3,1
KR_6761836475,420,2,20,-16,-1,1,4,3,-1,1,2,0,4,4,3,3,0,-4,1,5,0,-1,20,-2,7,5,0,0,0,1,1,1,-1,3,1
KR_6758759126,420,-1,-22,8,-2,2,4,2,-2,0,2,-3,3,6,0,1,1,1,1,0,0,1,-1,-2,4,2,2,0,1,-1,1,1,-1,3,1
KR_6634300950,420,3,38,-15,8,-1,0,1,2,2,0,5,8,3,-2,3,5,4,4,0,0,5,98,-4,6,2,-3,0,0,0,1,1,-1,0,1
KR_6738479465,420,3,19,30,4,1,2,1,0,2,2,2,2,0,0,1,1,1,1,0,-1,1,-8,-2,4,2,4,0,0,-1,-1,-1,-1,1,1
KR_6759528102,420,1,-42,-9,4,2,4,2,3,4,1,1,2,1,0,4,4,-2,0,2,0,5,-1,2,4,6,1,0,0,-1,1,1,-1,6,1
KR_6762344348,420,2,42,0,2,1,2,1,-1,2,3,-1,1,2,1,4,3,2,3,1,0,3,1,5,4,9,-2,0,0,1,-1,0,1,2,1
KR_6751169718,420,-6,-46,-19,-10,-2,0,2,-2,1,3,2,3,1,-5,0,5,-3,1,4,0,-12,-8,-2,7,5,0,0,-1,-1,1,-1,-1,4,1
KR_6763600512,420,2,7,-9,11,3,3,0,-1,2,3,3,3,0,5,5,0,1,2,1,0,9,8,4,2,6,1,0,1,1,0,1,1,5,1
KR_6755946787,420,5,85,13,3,2,4,2,2,2,0,1,1,0,-2,2,4,0,1,1,0,2,1,0,5,5,-1,0,2,0,1,1,1,0,1
KR_6708760675,420,4,-1,15,11,-1,0,1,6,8,2,4,6,2,3,3,0,-1,0,1,0,12,-18,0,7,7,0,0,1,1,-1,1,-1,5,1
KR_5748316332,420,7,59,36,17,-2,0,2,7,7,0,-1,1,2,11,12,1,2,2,0,2,19,-13,1,7,8,5,0,0,-1,1,1,1,5,1
KR_6748349344,420,4,28,-2,10,3,3,0,-1,3,4,2,4,2,2,3,1,4,4,0,0,11,-9,5,3,8,-1,0,0,1,1,1,1,2,1
KR_6762384963,420,8,57,43,11,7,7,0,2,2,0,3,4,1,-3,1,4,2,2,0,0,6,12,5,2,7,-6,0,3,1,0,1,1,3,1
KR_6745958993,420,1,18,-13,2,1,2,1,4,6,2,-8,0,8,3,4,1,2,2,0,0,5,-38,-3,8,5,19,0,1,1,-1,-1,-1,3,1
KR_6731558597,420,3,13,0,3,3,4,1,0,2,2,2,4,2,1,2,1,-3,0,3,1,5,16,-3,9,6,4,0,1,1,1,1,1,4,1
KR_6636919430,420,-1,10,20,4,-1,1,2,2,4,2,-3,1,4,4,5,1,2,2,0,0,1,-20,0,6,6,3,0,0,-1,1,1,1,4,1
KR_6752476863,440,5,30,-5,8,1,2,1,4,5,1,0,0,0,3,5,2,0,0,0,0,14,10,2,3,5,1,0,1,1,0,1,1,3,1
KR_6715656054,420,-2,20,-19,0,-2,0,2,0,6,6,0,2,2,1,4,3,1,2,1,0,-8,-29,4,5,9,-1,0,1,-1,1,1,1,6,1
KR_6684669179,420,-2,-47,12,0,0,2,2,-4,4,8,0,4,4,1,3,2,3,4,1,0,-5,11,3,4,7,0,0,-1,1,1,-1,1,5,1
KR_6663220229,420,1,-11,-16,1,1,3,2,7,7,0,-6,2,8,0,1,1,-1,1,2,0,11,-6,0,4,4,0,0,2,1,-1,1,-1,6,1
KR_6748153087,440,1,-65,37,2,3,7,4,3,6,3,-4,1,5,-1,0,1,1,3,2,0,-4,6,3,3,6,-3,0,0,1,1,0,-1,1,1
KR_6764052058,420,3,2,4,9,1,1,0,2,2,0,6,6,0,0,6,6,0,0,0,0,11,14,3,5,8,1,0,0,-1,1,0,1,1,1
KR_6741375123,420,2,9,16,-3,-1,1,2,-2,4,6,-2,1,3,-2,1,3,4,5,1,0,-6,-3,-4,9,5,-6,0,1,1,1,1,-1,4,1
KR_6764674549,420,2,14,-8,5,-1,1,2,-3,0,3,3,3,0,6,6,0,0,0,0,0,9,-43,1,3,4,25,0,0,1,-1,0,1,6,1
KR_6708900809,420,7,63,10,12,4,5,1,4,6,2,1,1,0,4,4,0,-1,2,3,1,12,7,1,6,7,4,0,1,-1,1,1,1,4,1
KR_6760965168,420,1,28,24,1,2,3,1,3,3,0,-3,0,3,-2,3,5,1,3,2,1,1,29,5,2,7,-3,0,-1,1,1,-1,1,4,1
KR_6758183541,420,4,6,28,5,-4,0,4,-1,5,6,6,6,0,3,4,1,1,1,0,0,0,-5,-4,8,4,6,0,0,1,-1,-1,1,1,1
KR_6763759610,420,-3,9,-4,-12,2,2,0,-2,1,3,-7,0,7,-3,1,4,-2,2,4,-2,-15,4,3,4,7,-2,0,-1,0,1,-1,-1,0,1
KR_6649138175,420,5,-14,-16,6,1,2,1,-1,2,3,-1,2,3,6,7,1,1,1,0,0,7,24,2,9,11,3,0,2,1,-1,1,-1,1,1
KR_6762588473,420,6,54,8,14,1,2,1,8,8,0,4,5,1,2,3,1,-1,0,1,0,24,14,-2,8,6,1,0,2,-1,1,1,1,2,1
KR_6682697373,420,-3,-3,3,-4,5,6,1,-1,2,3,-2,3,5,-7,1,8,1,3,2,0,-7,-9,0,9,9,5,0,0,-1,1,-1,-1,6,1
KR_6626314627,420,3,29,34,12,1,1,0,-3,4,7,5,6,1,8,9,1,1,1,0,0,27,-9,5,1,6,2,0,4,1,1,1,1,6,1
KR_6574263142,420,0,-48,16,8,-2,1,3,10,13,3,0,1,1,-1,1,2,1,1,0,0,14,-98,-4,10,6,6,0,-1,1,1,-1,1,4,1
KR_6721644428,420,5,76,36,9,4,5,1,0,2,2,3,6,3,2,4,2,0,0,0,0,3,0,-3,6,3,-1,0,1,1,1,1,1,6,1
KR_6711094107,420,6,25,9,13,3,3,0,-4,2,6,6,7,1,7,7,0,1,3,2,1,11,10,1,3,4,-1,0,2,1,1,1,1,4,1
KR_6646240395,420,0,9,1,-2,2,2,0,-4,3,7,4,5,1,-5,2,7,1,2,1,3,-4,-13,-2,8,6,2,0,1,1,1,1,1,5,1
KR_6643844404,420,3,40,-7,7,2,3,1,-2,3,5,-1,1,2,8,11,3,0,0,0,-1,5,10,7,1,8,1,0,2,1,-1,1,-1,2,1
KR_6735931776,440,3,-12,0,2,-2,1,3,1,3,2,2,4,2,2,2,0,-1,1,2,0,-1,2,-2,3,1,-2,0,0,-1,-1,0,-1,1,1
KR_6756710299,420,2,-23,6,5,-2,2,4,4,6,2,3,4,1,-1,3,4,1,1,0,0,7,10,3,2,5,-4,0,0,1,-1,0,1,3,1
KR_6694477710,420,2,-10,-8,6,0,0,0,1,3,2,1,2,1,4,4,0,0,1,1,0,5,3,4,4,8,-2,0,1,1,1,1,1,5,1
KR_6677488392,420,3,78,-27,8,3,4,1,2,3,1,2,2,0,2,7,5,-1,1,2,0,8,-4,0,8,8,1,0,1,-1,1,1,1,5,1
KR_6753019950,420,4,30,12,8,4,5,1,4,6,2,-2,2,4,0,4,4,2,2,0,0,9,20,3,4,7,0,0,0,-1,1,0,1,1,1
KR_6755056222,420,-2,-5,-34,5,0,2,2,1,4,3,6,6,0,-1,4,5,-1,1,2,1,-2,3,3,5,8,-3,0,-3,-1,-1,-1,1,3,1
KR_6748618742,420,2,34,6,8,5,6,1,1,5,4,1,7,6,2,3,1,-1,0,1,1,8,-5,-3,6,3,2,0,1,-1,1,1,1,2,1
KR_6750611829,420,3,69,5,11,1,1,0,0,3,3,4,5,1,5,7,2,1,1,0,0,3,-39,5,1,6,31,0,3,-1,1,1,1,6,1
KR_6735452069,420,1,-25,20,-2,2,2,0,-1,1,2,2,4,2,-3,1,4,-2,0,2,0,-1,23,0,6,6,1,0,0,-1,1,0,1,2,1
KR_6482770338,420,1,-14,-8,2,-3,2,5,0,1,1,1,4,3,5,5,0,-1,1,2,0,6,6,1,3,4,1,0,-1,1,1,-1,1,5,1
KR_6761220005,420,3,27,27,8,4,4,0,-2,1,3,3,4,1,0,2,2,3,3,0,0,4,115,6,1,7,-3,0,1,1,1,1,1,3,1
KR_6763477146,440,3,46,8,8,1,1,0,2,2,0,2,3,1,-4,1,5,7,7,0,2,14,15,-8,11,3,2,0,1,1,-1,1,1,5,1
KR_6760329307,420,0,-33,-7,12,-1,0,1,3,6,3,8,10,2,-1,2,3,3,3,0,0,16,8,3,4,7,-1,0,-1,0,1,-1,1,0,1
KR_6753714100,440,-4,0,-24,-9,-2,3,5,-4,0,4,7,8,1,-9,3,12,-1,0,1,0,-11,-31,5,1,6,0,0,-1,0,-1,-1,1,0,1
KR_6685572823,420,0,34,2,0,0,1,1,-3,2,5,3,4,1,-4,1,5,4,4,0,0,-2,3,0,6,6,0,0,-1,-1,-1,-1,-1,5,1
KR_6729417964,420,-3,-37,7,0,0,1,1,-3,1,4,2,3,1,2,2,0,-1,2,3,1,3,8,7,4,11,-5,0,0,-1,1,0,1,4,1
KR_6606943770,420,1,4,16,3,3,4,1,5,7,2,-2,0,2,-4,0,4,1,3,2,-1,4,1,6,1,7,0,0,-1,1,-1,-1,-1,3,1
KR_6761876995,420,0,14,-2,-1,2,4,2,2,3,1,1,3,2,-4,1,5,-2,1,3,0,-2,0,-4,6,2,0,0,-2,-1,-1,-1,1,4,1
KR_6754706762,420,2,30,1,4,4,4,0,-2,0,2,5,8,3,-1,2,3,-2,0,2,2,2,-3,1,3,4,5,0,0,1,1,1,1,5,1
KR_6761100363,420,-1,89,-28,-3,-1,2,3,-3,2,5,-3,1,4,4,6,2,0,0,0,0,-8,6,5,6,11,0,0,0,-1,1,0,-1,4,1
KR_6761719300,420,4,63,18,5,2,3,1,1,1,0,-2,2,4,6,7,1,-2,1,3,0,3,-4,2,5,7,4,0,1,1,1,1,-1,5,1
KR_6742081098,420,2,-11,36,8,5,7,2,5,7,2,-2,0,2,-2,0,2,2,2,0,0,10,58,-2,6,4,-3,0,0,1,-1,1,-1,6,1
KR_6549680700,420,3,73,-1,7,3,6,3,3,4,1,0,5,5,1,4,3,0,0,0,0,4,308,6,1,7,0,0,2,-1,-1,1,1,2,1
KR_6762881325,420,4,72,0,12,0,3,3,2,6,4,3,8,5,5,6,1,2,2,0,0,18,-1,-1,7,6,6,0,0,-1,1,1,-1,4,1
KR_6742098237,420,2,-2,-3,4,4,4,0,-3,1,4,-1,1,2,3,4,1,1,1,0,0,1,2,-1,6,5,4,0,1,1,1,1,-1,4,1
KR_6755446066,420,3,-25,-12,4,3,4,1,-2,3,5,-1,2,3,4,7,3,0,0,0,0,0,23,0,6,6,-4,0,0,1,1,0,1,4,1
KR_6764281945,440,-1,66,20,0,2,3,1,-6,1,7,-2,2,4,3,4,1,3,5,2,0,0,-10,-8,10,2,-1,0,0,-1,1,-1,-1,6,1
KR_6762690395,420,4,73,30,11,-2,2,4,12,13,1,0,0,0,-1,3,4,2,2,0,1,9,19,0,6,6,-2,0,0,1,1,0,1,1,1
KR_6747549019,420,1,66,11,2,-2,0,2,-1,3,4,0,1,1,4,4,0,1,3,2,1,5,16,5,4,9,-2,0,0,1,-1,1,1,2,1
KR_6713843001,420,0,-11,-20,6,1,1,0,2,3,1,2,2,0,1,4,3,0,3,3,1,8,6,4,2,6,-1,0,0,1,0,0,1,5,1
KR_6748890070,420,3,-10,3,9,3,3,0,3,4,1,-1,3,4,1,3,2,3,5,2,1,13,-11,2,5,7,1,0,1,-1,-1,1,1,6,1
KR_6732642561,420,-4,-46,-12,-9,-5,0,5,-4,1,5,-1,0,1,1,6,5,0,0,0,0,1,1,1,8,9,2,0,-2,1,-1,-1,1,1,1
KR_6588630507,420,6,75,28,11,-2,0,2,2,4,2,7,8,1,2,5,3,2,2,0,0,5,13,4,3,7,-3,0,0,1,1,1,1,3,1
KR_6687808233,420,1,82,-12,1,4,6,2,-5,1,6,1,3,2,-1,2,3,2,2,0,1,-5,-9,3,6,9,-2,0,0,-1,-1,1,1,2,1
KR_6650792791,420,-3,7,8,-4,2,6,4,2,2,0,-6,2,8,-1,1,2,-1,0,1,0,-1,-146,-1,4,3,-4,0,0,-1,1,1,-1,2,1
KR_6764679433,420,2,11,15,5,1,1,0,2,3,1,-2,1,3,5,5,0,-1,1,2,0,4,-5,-4,8,4,3,0,0,1,1,0,1,3,1
KR_6716451037,420,4,57,-1,13,-1,3,4,1,3,2,7,8,1,2,3,1,4,5,1,0,13,199,5,4,9,-6,0,2,1,-1,1,1,1,1
KR_6765557226,420,3,85,-4,9,5,5,0,2,3,1,0,4,4,2,3,1,0,1,1,1,5,0,0,5,5,2,0,3,1,1,1,1,1,1
KR_6760860283,420,4,26,19,5,-2,1,3,1,3,2,1,4,3,1,2,1,4,4,0,0,10,-8,-2,6,4,4,0,0,1,-1,1,1,5,1
KR_6761740538,420,1,3,-20,7,1,4,3,2,2,0,1,1,0,5,7,2,-2,1,3,0,11,12,-1,7,6,4,0,-1,1,-1,-1,1,2,1
KR_6742596069,420,3,84,-12,9,-1,1,2,4,5,1,0,1,1,4,4,0,2,2,0,0,12,6,0,6,6,-3,0,1,1,-1,1,1,1,1
KR_6645729596,420,0,-24,-47,-3,-2,2,4,-1,4,5,0,1,1,3,4,1,-3,0,3,0,2,0,4,3,7,3,0,0,-1,1,0,-1,3,1
KR_6682071081,420,3,51,-3,5,0,1,1,4,6,2,-1,0,1,2,2,0,0,1,1,-2,8,3,3,4,7,-1,0,1,0,1,1,-1,0,1
KR_6711437745,420,1,-51,-11,7,1,3,2,1,3,2,-1,1,2,5,5,0,1,2,1,0,9,-14,7,2,9,0,0,1,-1,1,1,-1,4,1
KR_6734615582,420,6,101,48,13,-2,2,4,1,1,0,6,6,0,5,5,0,3,3,0,0,10,6,1,2,3,6,0,1,1,-1,1,1,5,1
KR_6732605131,420,6,54,-19,19,3,5,2,5,8,3,7,7,0,3,5,2,1,1,0,0,19,215,7,2,9,-4,0,2,1,1,1,1,4,1
KR_6758012887,420,5,87,47,12,-1,0,1,4,5,1,-3,1,4,13,14,1,-1,0,1,0,15,4,-2,5,3,1,0,1,1,-1,1,-1,1,1
KR_6762838350,420,1,-13,-28,3,-2,0,2,0,1,1,1,2,1,6,7,1,-2,0,2,0,9,-10,0,6,6,1,0,1,-1,-1,1,1,1,1
KR_6673049421,420,1,-39,-39,-2,3,3,0,-4,2,6,2,3,1,0,1,1,-3,0,3,0,-5,296,0,6,6,0,0,-1,1,1,-1,1,3,1
KR_6759052486,420,2,26,25,8,3,5,2,-1,3,4,5,5,0,0,1,1,1,2,1,2,10,5,-2,6,4,3,0,0,0,0,0,1,0,1
KR_6750256511,420,0,49,-17,-1,0,1,1,-3,3,6,-2,2,4,6,6,0,-2,2,4,0,-8,15,6,1,7,-3,0,2,0,1,1,1,0,1
KR_6762795304,420,-1,-39,4,-2,2,2,0,9,11,2,0,1,1,-12,0,12,-1,0,1,-1,0,13,-1,5,4,-3,0,1,1,1,-1,-1,3,1
KR_6657603409,420,3,27,39,4,1,1,0,1,3,2,2,4,2,1,2,1,-1,0,1,-1,2,-8,-2,4,2,6,0,0,-1,-1,0,-1,5,1
KR_6763205037,420,1,38,15,3,-4,0,4,4,5,1,1,1,0,2,2,0,0,0,0,0,8,-4,1,4,5,6,0,0,1,-1,0,-1,2,1
KR_6708126719,420,2,30,15,2,1,1,0,-4,0,4,2,2,0,3,5,2,0,0,0,0,-1,0,-2,3,1,0,0,1,1,1,1,-1,5,1
KR_6602336670,420,1,-15,3,2,2,5,3,2,4,2,-1,3,4,0,6,6,-1,1,2,-1,-6,10,3,5,8,-6,0,1,-1,1,1,-1,5,1
KR_6643810772,420,4,19,7,9,-3,0,3,-3,1,4,10,12,2,2,2,0,3,3,0,0,-4,-92,4,2,6,0,0,0,1,1,0,1,3,1
KR_6765065641,420,1,-99,30,4,-1,1,2,1,3,2,-1,2,3,-1,0,1,6,6,0,-1,11,-5,-1,7,6,-3,0,1,1,1,1,-1,4,1
KR_6763448923,420,-1,4,-20,-5,-1,1,2,-3,6,9,1,3,2,-3,1,4,1,1,0,0,-8,5,-2,4,2,1,0,0,1,1,0,-1,2,1
KR_6629947711,420,1,-20,-11,5,-1,4,5,2,5,3,-2,3,5,8,11,3,-2,1,3,0,11,13,5,3,8,0,0,2,1,-1,1,1,1,1
KR_6607675178,420,5,37,43,11,3,3,0,6,6,0,1,4,3,2,4,2,-1,0,1,0,14,-1,7,2,9,-1,0,1,-1,1,1,-1,5,1
KR_6761266115,420,2,20,-21,1,2,3,1,0,1,1,-3,2,5,1,3,2,1,3,2,0,-6,-16,-2,6,4,1,0,0,-1,1,1,1,4,1
KR_6760368373,420,1,54,0,-3,0,2,2,-5,0,5,4,9,5,-1,2,3,-1,1,2,-3,-4,11,2,3,5,1,0,1,-1,-1,1,-1,1,1
KR_6682829536,420,-1,-19,-5,0,4,5,1,-2,2,4,2,3,1,-3,4,7,-1,1,2,-2,-5,-4,1,3,4,2,0,0,-1,1,-1,1,4,1
KR_6761652368,420,1,28,-8,2,3,4,1,2,5,3,-4,3,7,2,2,0,-1,1,2,0,6,-7,0,5,5,4,0,1,-1,0,-1,1,4,1
KR_6764506704,420,2,37,12,1,1,3,2,-1,2,3,-2,1,3,2,3,1,1,2,1,-2,-3,-2,3,4,7,1,0,2,1,1,1,-1,1,1
KR_6744840492,420,6,7,11,14,0,1,1,2,4,2,5,6,1,3,3,0,4,5,1,0,16,2,1,4,5,-1,0,2,1,1,1,1,3,1
KR_6674915806,420,0,-27,10,10,0,2,2,1,3,2,9,9,0,0,6,6,0,2,2,3,8,-6,-1,2,1,1,0,1,1,1,1,1,1,1
KR_6764418296,420,3,-13,14,7,1,2,1,-2,2,4,5,6,1,2,3,1,1,1,0,1,7,-14,-1,5,4,2,0,0,-1,1,0,1,4,1
KR_6750315857,420,5,10,0,9,5,8,3,0,2,2,2,3,1,2,4,2,0,2,2,0,8,-13,0,5,5,2,0,0,1,-1,0,1,5,1
KR_6761246382,420,0,35,4,-3,0,1,1,-5,2,7,4,4,0,-2,1,3,0,1,1,0,0,1,-1,9,8,-1,0,0,1,1,-1,-1,4,1
KR_6708835216,420,0,2,28,1,-4,1,5,6,7,1,-1,3,4,1,4,3,-1,2,3,1,5,11,2,4,6,-3,0,2,-1,1,1,1,4,1
KR_6764538747,420,2,-26,18,-1,6,6,0,1,3,2,-1,2,3,-7,2,9,0,2,2,0,-11,5,1,7,8,1,0,1,1,1,1,-1,3,1
KR_6723178733,420,5,74,12,13,1,2,1,5,7,2,1,2,1,6,10,4,0,0,0,1,23,-5,0,5,5,3,0,2,-1,1,1,1,6,1
KR_6716716806,420,2,-16,32,6,5,6,1,-2,3,5,4,6,2,-2,2,4,1,2,1,0,-3,-8,-2,3,1,-1,0,-2,1,-1,-1,1,2,1
KR_6744389971,420,-2,17,-23,-12,5,5,0,-1,0,1,-4,1,5,-13,3,16,1,3,2,-1,-17,-9,-7,8,1,3,0,-1,-1,0,-1,-1,6,1
KR_6764801472,420,3,63,-8,10,3,3,0,3,4,1,1,3,2,4,7,3,-1,1,2,0,13,-3,3,5,8,3,0,1,1,1,1,1,5,1
KR_6600916694,420,3,-45,78,3,-1,1,2,4,6,2,4,5,1,-6,0,6,2,2,0,0,5,1,5,4,9,0,0,-2,1,1,-1,1,1,1
KR_6761383896,420,3,7,-41,6,2,3,1,-1,2,3,-2,1,3,7,9,2,0,0,0,1,13,4,3,2,5,3,0,0,-1,-1,1,1,5,1
KR_6750837107,440,3,36,-12,7,2,4,2,3,4,1,2,2,0,0,4,4,0,0,0,0,1,-4,2,5,7,0,0,2,-1,1,1,1,6,1
KR_6499970202,420,4,115,-9,9,4,5,1,1,4,3,3,3,0,0,2,2,1,2,1,0,0,10,1,4,5,0,0,1,1,1,1,1,1,1
KR_6655463815,440,-2,-10,-8,0,-3,0,3,0,0,0,0,1,1,4,6,2,-1,0,1,0,-2,3,1,6,7,-4,0,0,-1,-1,1,1,4,1
KR_6681904147,420,4,27,8,11,3,3,0,0,3,3,3,3,0,2,3,1,3,4,1,0,15,47,6,1,7,-4,0,1,1,1,1,1,5,1
KR_6765180069,420,2,47,-3,2,3,3,0,-3,2,5,0,4,4,0,1,1,2,2,0,0,1,7,2,2,4,-1,0,0,1,-1,0,-1,6,1
KR_6316425987,420,6,88,35,14,4,4,0,8,8,0,3,6,3,-2,3,5,1,2,1,0,13,-4,3,1,4,0,0,1,1,1,1,-1,1,1
KR_6749067332,440,3,46,12,-2,3,3,0,2,3,1,-4,0,4,-2,1,3,-1,1,2,0,-6,337,6,5,11,-7,0,1,-1,1,1,-1,3,1
KR_6608829801,420,5,43,30,13,0,2,2,6,6,0,1,2,1,5,6,1,1,2,1,-1,21,2,0,7,7,0,0,2,-1,-1,1,1,6,1
KR_6760842273,420,-1,-10,4,-1,5,5,0,1,2,1,0,1,1,-6,0,6,-1,1,2,0,-7,-11,-7,8,1,-5,0,-1,1,1,-1,-1,6,1
KR_6719861636,420,2,28,-6,6,2,2,0,0,0,0,0,2,2,1,4,3,3,3,0,0,1,-21,2,4,6,-1,0,1,1,-1,1,1,2,1
KR_6765314654,440,0,76,-20,3,2,6,4,1,4,3,-1,2,3,3,4,1,-2,0,2,0,5,5,1,3,4,1,0,2,-1,1,1,1,4,1
KR_6738429085,420,0,-59,4,1,3,4,1,2,4,2,-2,1,3,-3,2,5,1,1,0,1,1,-3,4,6,10,3,0,-1,-1,1,-1,1,5,1
KR_6751859004,420,2,10,-8,2,1,2,1,3,4,1,-2,2,4,1,4,3,-1,1,2,0,6,-42,3,3,6,-4,0,0,-1,1,0,-1,1,1
KR_6759990089,420,5,78,-12,9,5,5,0,3,5,2,-2,0,2,3,4,1,0,0,0,0,6,18,6,3,9,-7,0,1,1,1,1,1,2,1
KR_6638320535,420,3,32,-16,6,-5,0,5,7,9,2,-1,0,1,2,7,5,3,5,2,0,6,-120,0,6,6,-13,0,1,0,1,1,1,0,1
KR_6696889418,420,2,52,9,5,0,1,1,2,2,0,5,6,1,-2,2,4,0,0,0,0,4,-3,4,5,9,-1,0,1,1,-1,-1,-1,2,1
KR_6759847138,420,4,100,26,10,1,3,2,6,7,1,2,5,3,0,3,3,1,1,0,0,8,23,-4,7,3,-26,0,2,1,1,1,1,3,1
KR_6761139910,420,4,44,24,9,-1,0,1,3,7,4,2,2,0,4,5,1,1,4,3,0,10,337,1,8,9,9,0,1,-1,-1,1,-1,6,1
KR_6763257719,420,0,-69,-23,-3,1,1,0,-3,5,8,2,3,1,-1,3,4,-2,0,2,-1,-4,53,5,2,7,-9,0,2,-1,1,1,-1,6,1
KR_6688048619,420,-1,40,-7,-3,-2,0,2,0,4,4,1,2,1,-1,3,4,-1,0,1,-1,1,-33,-4,11,7,1,0,0,1,1,0,-1,2,1
KR_6324853964,420,-1,-23,-16,-5,0,0,0,0,2,2,-3,0,3,-2,0,2,0,0,0,0,-12,23,3,1,4,2,0,1,-1,1,1,-1,2,1
KR_6730924597,420,7,106,15,8,-2,5,7,3,4,1,1,6,5,6,6,0,0,0,0,0,4,7,4,7,11,5,0,3,-1,1,1,-1,3,1
KR_6744559966,420,4,63,19,15,4,6,2,5,8,3,3,3,0,3,5,2,0,1,1,2,8,-1,2,4,6,1,0,2,0,1,1,1,0,1
KR_6760709867,420,0,52,-13,3,-2,1,3,0,2,2,-1,1,2,4,7,3,2,4,2,0,1,119,3,4,7,0,0,2,1,-1,1,1,3,1
KR_6761490522,420,2,39,2,1,5,6,1,-3,4,7,1,1,0,-1,2,3,-1,1,2,1,0,6,-1,7,6,-3,0,-1,1,-1,-1,1,2,1
KR_6757031576,440,1,-29,-8,2,-1,2,3,4,4,0,-2,0,2,3,4,1,-2,0,2,0,2,-47,-6,9,3,26,0,-1,1,-1,-1,1,6,1
KR_6683188291,440,-2,-20,5,-8,0,2,2,-3,2,5,-5,3,8,-1,1,2,1,1,0,0,-2,9,2,3,5,0,0,-2,1,-1,-1,-1,6,1
KR_6747700835,440,1,56,-4,7,-1,2,3,-3,1,4,5,8,3,11,12,1,-5,1,6,0,-2,-10,1,1,2,0,0,2,0,1,1,-1,0,1
KR_6753566897,420,3,22,8,6,2,3,1,0,2,2,1,5,4,3,5,2,0,0,0,0,2,-1,3,4,7,3,0,0,1,-1,0,1,4,1
KR_6713028706,420,1,2,7,1,-1,1,2,0,1,1,4,7,3,-2,1,3,0,0,0,0,-12,104,0,4,4,-1,0,1,-1,-1,1,1,3,1
KR_6750290289,420,0,49,-18,5,2,2,0,-4,1,5,6,7,1,0,3,3,1,2,1,0,-3,13,1,3,4,0,0,2,1,1,1,1,1,1
KR_6764917793,420,0,-25,14,1,1,3,2,-1,3,4,1,2,1,-3,2,5,3,3,0,0,2,7,6,2,8,2,0,0,1,1,1,-1,2,1
KR_6736439445,420,-3,4,-73,-2,5,5,0,-5,2,7,0,1,1,-1,2,3,-1,1,2,0,-10,-32,6,3,9,1,0,-1,-1,-1,-1,-1,5,1
KR_6653191483,420,-1,-21,8,-5,-1,1,2,-4,2,6,4,8,4,-2,0,2,-2,0,2,0,-3,-112,-1,8,7,3,0,-1,1,-1,-1,-1,6,1
KR_6764333529,420,2,52,3,10,1,2,1,5,5,0,1,1,0,4,5,1,-1,1,2,0,11,-6,2,5,7,0,0,0,0,0,0,1,0,1
KR_6760290035,420,0,4,0,9,-1,1,2,7,8,1,2,3,1,1,2,1,0,1,1,1,13,-12,1,5,6,3,0,0,1,-1,0,1,5,1
KR_6753626986,420,-1,-37,-7,0,-2,0,2,-1,1,2,-2,0,2,3,6,3,2,2,0,0,-2,-177,2,4,6,2,0,-2,1,-1,-1,1,3,1
KR_6682399598,420,5,76,8,9,3,3,0,9,10,1,2,3,1,-2,2,4,-3,1,4,2,15,-5,-4,6,2,3,0,2,-1,1,1,1,6,1
KR_6723481580,420,-1,40,20,-6,-4,2,6,3,3,0,0,2,2,-3,2,5,-2,0,2,0,-11,-23,-3,7,4,1,0,0,1,1,1,-1,6,1
KR_6754506955,420,2,16,-15,8,0,1,1,3,4,1,3,3,0,-2,0,2,4,4,0,0,1,-11,-3,7,4,4,0,0,-1,-1,0,1,2,1
KR_6727566687,420,3,-13,-26,8,-3,3,6,5,7,2,2,4,2,2,4,2,2,3,1,0,11,-38,1,3,4,18,0,1,1,1,-1,1,2,1
KR_6635357196,420,2,30,40,2,3,3,0,3,6,3,-2,2,4,-1,1,2,-1,0,1,0,-10,191,3,3,6,-1,0,2,-1,1,1,1,2,1
KR_6760490723,420,3,6,8,5,4,5,1,-2,0,2,3,3,0,0,1,1,0,1,1,1,3,-1,1,5,6,-1,0,0,-1,1,1,1,6,1
KR_6705939189,420,2,57,-12,7,6,6,0,3,8,5,-2,0,2,1,3,2,-1,0,1,-1,5,0,5,1,6,-1,0,0,-1,1,-1,-1,1,1
KR_6724643850,440,3,33,-4,5,4,5,1,0,0,0,-1,3,4,2,6,4,0,2,2,0,-3,12,7,2,9,-2,0,0,0,0,1,1,0,1
KR_6760348379,420,5,79,10,19,1,1,0,3,4,1,0,3,3,14,15,1,1,3,2,0,13,7,4,3,7,-2,0,3,1,1,1,1,3,1
KR_6683394382,420,7,89,15,4,0,3,3,-3,1,4,1,4,3,5,6,1,1,1,0,0,10,5,2,7,9,4,0,1,1,-1,1,1,2,1
KR_6694756359,420,0,-10,16,5,0,1,1,2,3,1,2,2,0,1,2,1,0,0,0,1,11,30,-1,6,5,-3,0,0,1,-1,0,1,5,1
KR_6448105512,420,0,52,-4,4,0,1,1,2,5,3,0,7,7,0,4,4,2,2,0,4,10,-6,-5,10,5,2,0,1,1,-1,1,1,3,1
KR_6750454260,420,0,56,28,-5,-11,1,12,-1,1,2,2,2,0,5,7,2,0,2,2,0,-11,9,2,2,4,0,0,0,1,1,0,-1,5,1
KR_6755120808,420,-3,32,18,-9,-6,1,7,3,5,2,1,1,0,-4,1,5,-3,0,3,0,-16,13,-2,5,3,0,0,1,-1,1,1,-1,1,1
KR_6747824606,420,0,26,12,1,-3,0,3,2,8,6,-1,2,3,1,4,3,2,5,3,0,-1,1,-1,5,4,-1,0,0,1,-1,1,-1,6,1
KR_6759436696,440,-1,25,3,-2,2,3,1,-6,0,6,4,5,1,-2,2,4,0,1,1,-1,-6,4,-1,6,5,1,0,0,1,-1,-1,-1,6,1
KR_6761115779,420,2,-8,14,4,-1,1,2,7,9,2,-2,1,3,-1,2,3,1,1,0,0,12,-18,-2,8,6,8,0,-1,1,-1,-1,1,3,1
KR_6743383069,420,1,-23,-33,3,1,2,1,-1,2,3,2,3,1,1,4,3,0,0,0,0,9,4,4,2,6,1,0,1,1,1,1,-1,2,1
KR_6764270662,440,-1,21,16,3,0,1,1,6,9,3,1,3,2,-4,3,7,0,1,1,1,-2,0,3,0,3,1,0,0,1,1,1,1,4,1
KR_6764218239,420,-1,-33,8,0,-2,1,3,-2,2,4,1,7,6,2,6,4,1,1,0,0,-2,-6,-4,7,3,2,0,0,1,-1,-1,-1,3,1
KR_6577505093,420,2,-2,-1,3,2,4,2,-1,4,5,2,2,0,2,4,2,-2,1,3,0,8,-10,-2,6,4,5,0,-1,-1,1,-1,-1,6,1
KR_6758924997,420,1,-30,-4,4,-2,2,4,5,7,2,0,0,0,-1,2,3,2,2,0,0,4,119,3,4,7,-3,0,0,1,0,0,-1,1,1
KR_6760879693,420,0,53,-23,10,-1,0,1,1,2,1,4,5,1,5,8,3,1,1,0,0,10,12,6,1,7,-5,0,0,1,1,1,1,4,1
KR_6760137788,420,0,51,-16,3,0,2,2,-1,2,3,2,5,3,2,3,1,0,1,1,0,-3,90,6,1,7,-2,0,1,-1,1,1,1,2,1
KR_6730369323,420,0,42,16,0,3,4,1,-1,2,3,2,5,3,-4,0,4,0,1,1,-2,-5,-233,1,5,6,-1,0,0,1,1,0,-1,2,1
KR_6764441021,420,6,105,20,14,4,5,1,3,5,2,1,2,1,6,8,2,0,1,1,0,18,-1,1,3,4,2,0,0,1,-1,-1,1,5,1
KR_6718531158,420,2,36,-8,8,5,5,0,-5,1,6,11,11,0,-2,2,4,-1,0,1,1,-2,-4,0,8,8,4,0,2,-1,1,1,-1,6,1
KR_6752398496,420,3,5,28,9,2,2,0,5,7,2,1,1,0,-2,0,2,3,3,0,0,9,18,9,2,11,-2,0,0,1,1,1,1,3,1
KR_6718559654,420,6,16,31,14,0,2,2,4,8,4,2,3,1,9,10,1,-1,1,2,2,35,13,4,3,7,-3,0,4,1,1,1,1,6,1
KR_6765249579,420,3,81,-24,1,-1,1,2,0,2,2,-3,3,6,3,3,0,2,2,0,-1,-1,12,0,4,4,-2,0,0,-1,-1,-1,-1,2,1
KR_6760103653,420,2,-12,-8,7,3,4,1,0,2,2,1,3,2,3,9,6,0,1,1,0,14,-10,1,4,5,-4,0,-1,1,-1,-1,1,5,1
KR_6759973541,420,-1,5,0,-3,1,3,2,-2,3,5,0,0,0,-2,0,2,0,1,1,0,-9,-6,-9,13,4,3,0,0,-1,-1,0,-1,1,1
KR_6609004405,420,-1,-46,1,3,-2,0,2,4,6,2,0,1,1,0,4,4,1,3,2,0,5,-10,4,3,7,1,0,0,-1,1,1,-1,3,1
KR_6700743073,420,6,57,-10,18,3,4,1,7,8,1,4,4,0,4,6,2,0,0,0,0,14,-2,-2,8,6,0,0,1,1,1,1,-1,5,1
KR_6750343574,420,3,69,5,8,6,7,1,0,3,3,1,2,1,1,4,3,0,1,1,0,-8,-21,-1,5,4,5,0,1,1,1,1,1,3,1
KR_6728301208,420,1,80,-7,4,3,3,0,4,6,2,-2,2,4,-2,2,4,1,1,0,0,-1,-5,-4,10,6,2,0,2,1,-1,1,-1,1,1
KR_6759350285,420,0,5,-12,4,-1,0,1,1,2,1,-3,1,4,7,8,1,0,0,0,0,10,7,0,6,6,-3,0,-1,-1,-1,-1,-1,3,1
KR_6750044070,420,3,78,13,13,2,4,2,4,5,1,1,3,2,3,4,1,3,3,0,0,8,25,3,3,6,1,0,1,0,0,1,1,0,1
KR_6760509690,420,-1,-31,-15,-4,3,4,1,1,1,0,-7,0,7,-1,2,3,0,1,1,0,0,-20,1,3,4,20,0,0,-1,1,0,-1,6,1
KR_6748207732,420,6,7,29,12,3,5,2,1,6,5,2,3,1,8,10,2,-2,0,2,0,9,21,-2,7,5,3,0,2,1,1,1,-1,3,1
KR_6751923782,420,2,-47,17,6,0,2,2,-2,2,4,0,2,2,6,6,0,2,2,0,0,5,-8,2,4,6,-2,0,0,0,0,0,1,0,1
KR_6712912114,420,-1,-37,4,-2,2,2,0,4,4,0,-2,1,3,-5,0,5,-1,1,2,0,-5,20,-4,9,5,-12,0,-1,1,1,-1,-1,1,1
KR_6764341753,420,4,29,8,9,0,1,1,4,4,0,2,3,1,3,5,2,0,1,1,0,13,0,2,3,5,0,0,1,1,-1,1,-1,2,1
KR_6747086560,420,-2,14,4,2,1,4,3,2,2,0,5,5,0,-4,0,4,-2,0,2,1,-7,-31,0,6,6,-2,0,-3,1,-1,-1,1,4,1
KR_6760247572,420,-2,-13,20,2,0,2,2,-2,1,3,-1,1,2,1,3,2,4,7,3,0,3,29,1,4,5,-17,0,-1,1,0,-1,-1,2,1
KR_6761892281,420,-1,-62,-33,-4,5,7,2,-1,1,2,-2,3,5,-3,0,3,-3,0,3,0,2,-4,1,5,6,-1,0,0,1,1,-1,-1,4,1
KR_6602168445,420,2,10,14,7,4,5,1,2,3,1,-3,1,4,3,5,2,1,3,2,0,6,28,5,5,10,-8,0,0,0,1,1,1,0,1
KR_6748673082,420,-1,-35,28,-7,-1,0,1,-1,1,2,-5,1,6,0,1,1,0,1,1,0,-8,-63,-5,7,2,38,0,1,-1,1,1,-1,1,1
KR_6751890458,420,0,45,1,-4,1,1,0,-4,1,5,1,2,1,0,2,2,-2,0,2,0,-10,-5,4,2,6,4,0,1,1,1,1,1,1,1
KR_6694469798,420,-1,-29,-8,3,-2,1,3,3,6,3,2,2,0,-1,1,2,1,1,0,0,4,15,5,2,7,-5,0,0,1,1,0,-1,4,1
KR_6760464723,420,0,25,-30,3,0,0,0,2,4,2,-1,0,1,3,3,0,-1,0,1,0,3,2,4,5,9,-2,0,0,-1,-1,0,1,4,1
KR_6745008052,420,3,86,-24,5,1,1,0,-2,3,5,1,3,2,5,10,5,0,1,1,0,6,-5,-2,7,5,6,0,1,-1,-1,1,1,6,1
KR_6752668372,420,2,-25,17,1,0,1,1,1,6,5,0,0,0,0,1,1,0,0,0,0,5,-2,0,6,6,2,0,0,-1,-1,-1,-1,5,1
KR_6604240602,420,4,79,-10,5,5,6,1,0,4,4,-3,2,5,2,4,2,1,1,0,0,8,9,3,3,6,-3,0,2,0,1,1,1,0,1
KR_6763856764,420,3,142,-24,7,1,2,1,3,6,3,1,1,0,2,5,3,0,1,1,0,5,-9,-1,5,4,7,0,1,1,-1,1,1,2,1
KR_6735301301,420,5,21,8,8,1,2,1,2,5,3,2,3,1,3,4,1,0,1,1,0,13,-6,-1,8,7,7,0,0,1,-1,0,-1,2,1
KR_6749345048,420,0,21,12,-4,1,3,2,0,3,3,-5,2,7,3,7,4,-3,1,4,0,-8,-2,2,3,5,-4,0,-1,-1,-1,-1,-1,2,1
KR_6708959159,420,-1,9,-14,-2,6,6,0,-1,3,4,-8,0,8,1,3,2,0,2,2,0,0,12,4,4,8,-4,0,-1,-1,1,1,-1,3,1
KR_6733347016,420,2,15,-7,10,2,4,2,-3,1,4,3,3,0,6,7,1,2,3,1,0,10,53,4,4,8,-9,0,2,1,1,1,1,2,1
KR_6754297412,420,0,-13,-32,0,1,1,0,-1,2,3,2,3,1,2,3,1,-4,1,5,0,-4,0,0,4,4,2,0,0,-1,0,1,-1,1,1
KR_6757493076,420,3,81,0,7,3,3,0,2,2,0,1,2,1,-1,1,2,2,2,0,0,3,-35,0,6,6,19,0,0,1,1,1,1,5,1
KR_6748334983,420,2,-14,-11,3,1,1,0,0,4,4,0,3,3,1,2,1,1,1,0,0,0,26,2,4,6,1,0,-1,1,-1,-1,1,2,1
KR_6735258367,420,2,21,24,3,-1,3,4,3,4,1,3,3,0,-2,4,6,0,0,0,0,3,101,2,3,5,-14,0,-1,1,-1,-1,1,4,1
KR_6076846060,420,2,75,31,0,0,0,0,2,2,0,1,2,1,-2,3,5,-1,0,1,0,-4,4,5,6,11,-4,0,2,1,1,1,1,1,1
KR_6751543623,420,0,35,20,-3,-1,0,1,-1,0,1,1,5,4,1,3,2,-3,1,4,0,-3,10,0,6,6,-7,0,0,-1,1,1,-1,6,1
KR_6763759411,420,1,10,4,6,-1,0,1,-3,2,5,2,4,2,3,4,1,5,5,0,0,3,3,-2,11,9,0,0,0,1,1,0,1,2,1
KR_6756079840,420,3,-26,21,5,-2,1,3,5,9,4,1,4,3,-2,1,3,3,5,2,-1,7,15,-5,9,4,3,0,0,-1,1,1,-1,1,1
KR_6754983413,420,0,-63,47,0,1,5,4,5,7,2,-4,1,5,-4,2,6,2,3,1,1,0,-13,-4,9,5,0,0,0,1,1,1,-1,2,1
KR_6731167517,440,0,10,-32,5,-4,1,5,-3,1,4,9,11,2,2,4,2,1,1,0,-2,8,-37,-3,8,5,-1,0,2,1,-1,1,-1,6,1
KR_6722192256,420,3,110,38,9,1,2,1,3,5,2,2,4,2,2,5,3,1,2,1,0,13,-40,-1,4,3,16,0,0,1,1,0,1,3,1
KR_6584569590,420,0,-42,-8,2,-1,0,1,-1,4,5,2,2,0,1,4,3,1,1,0,0,4,16,2,6,8,2,0,0,0,-1,0,1,0,1
KR_6754294170,420,0,2,-12,2,5,5,0,2,4,2,-4,0,4,0,1,1,-1,1,2,0,3,-3,-5,8,3,1,0,1,1,1,1,-1,2,1
KR_6764710085,420,-1,-50,-20,5,2,2,0,5,5,0,-1,2,3,0,2,2,-1,2,3,-1,6,128,1,4,5,-4,0,1,-1,-1,1,-1,5,1
KR_6753003259,420,0,-7,5,-3,-1,2,3,1,2,1,1,3,2,-3,0,3,-1,1,2,0,0,-9,-2,7,5,6,0,-1,1,-1,-1,1,3,1
KR_6757352437,420,2,14,-4,9,6,6,0,0,1,1,-2,0,2,5,6,1,0,2,2,0,9,-35,4,4,8,30,0,1,1,1,1,1,3,1
KR_6744802833,420,2,2,-4,0,0,1,1,-1,4,5,-3,1,4,4,6,2,0,1,1,0,4,-14,1,3,4,5,0,0,1,1,0,-1,1,1
KR_6708649939,420,2,11,26,4,0,0,0,3,3,0,3,6,3,-3,1,4,1,2,1,1,2,28,2,6,8,-3,0,0,1,-1,-1,1,2,1
KR_6642646549,420,2,43,24,-1,-2,1,3,-3,4,7,0,1,1,0,4,4,4,6,2,0,-4,-13,-2,5,3,2,0,1,1,1,1,-1,5,1
KR_6722700451,420,0,22,-18,2,-7,0,7,4,6,2,3,3,0,2,2,0,0,0,0,0,22,7,-2,8,6,6,0,1,1,1,1,-1,6,1
KR_6661848016,420,-3,-9,-39,-7,-1,1,2,-4,4,8,-1,0,1,-3,0,3,2,2,0,0,-6,-23,-2,5,3,3,0,0,-1,-1,-1,-1,5,1
KR_6755490383,420,3,25,-7,7,0,2,2,-1,4,5,10,10,0,-3,1,4,1,1,0,0,11,-4,-1,6,5,5,0,0,-1,1,-1,1,1,1
KR_6758980353,420,0,87,-18,3,1,2,1,0,1,1,-2,1,3,5,6,1,-1,1,2,0,3,-10,-2,6,4,1,0,0,1,-1,0,1,6,1
KR_6698380180,420,2,51,8,7,0,0,0,8,10,2,0,1,1,1,1,0,-2,0,2,0,3,19,-2,10,8,0,0,2,-1,1,1,1,4,1
KR_6728818213,420,2,-7,36,5,1,3,2,-4,0,4,2,4,2,4,5,1,2,2,0,0,7,-37,1,2,3,16,0,-1,1,1,-1,1,3,1
KR_6762017219,420,3,61,-10,11,2,4,2,4,5,1,-2,1,3,6,8,2,1,1,0,0,21,-14,6,3,9,-3,0,2,1,1,1,1,3,1
KR_6676626221,420,4,67,-41,9,4,5,1,1,4,3,5,5,0,1,2,1,-2,2,4,0,6,-17,-1,5,4,7,0,3,1,1,1,1,6,1
KR_6761267984,420,1,-13,51,-1,1,3,2,3,5,2,-1,0,1,-2,1,3,-2,1,3,0,0,4,-1,6,5,-3,0,1,-1,1,1,-1,2,1
KR_6765542712,420,6,-38,104,18,3,5,2,6,7,1,-1,3,4,8,8,0,2,7,5,0,18,6,1,2,3,0,0,2,1,1,1,1,5,1
KR_6738262696,440,0,16,-17,4,4,4,0,-1,1,2,-2,2,4,2,4,2,1,1,0,0,5,-3,-5,8,3,-1,0,0,-1,1,0,1,6,1
KR_6763506494,420,4,5,-23,8,-1,2,3,1,4,3,0,2,2,6,7,1,2,3,1,0,15,-4,0,6,6,6,0,2,1,-1,1,-1,3,1
KR_6415501923,420,1,44,20,3,4,6,2,0,4,4,-2,0,2,2,5,3,-1,1,2,0,0,17,2,3,5,0,0,0,-1,0,0,1,2,1
KR_6763872922,420,2,111,38,3,5,5,0,3,3,0,-3,3,6,0,6,6,-2,0,2,0,-11,-6,-2,4,2,1,0,4,1,1,1,1,3,1
KR_6740468510,420,4,-27,12,5,1,3,2,3,6,3,3,4,1,1,2,1,-3,1,4,0,3,23,-2,6,4,-3,0,1,-1,1,1,1,5,1
KR_6752144850,420,4,55,7,13,2,4,2,3,5,2,-1,4,5,7,9,2,2,2,0,0,20,21,2,6,8,-2,0,2,1,1,1,1,1,1
KR_6694317528,420,3,-11,-21,0,0,2,2,3,4,1,-3,2,5,-1,3,4,1,2,1,0,-2,-2,-2,6,4,3,0,1,-1,1,1,1,4,1
KR_6761972844,420,-1,4,-60,5,-2,2,4,3,5,2,4,5,1,5,7,2,-5,1,6,0,10,61,1,7,8,35,0,-1,1,-1,-1,-1,5,1
KR_6712714726,420,4,72,13,0,2,2,0,-3,0,3,-2,0,2,2,3,1,1,1,0,0,3,-5,0,5,5,4,0,1,1,-1,1,-1,2,1
KR_6759791665,420,0,39,-5,1,0,2,2,-1,2,3,-2,1,3,2,2,0,2,2,0,0,-2,-3,3,3,6,5,0,2,1,0,1,-1,5,1
KR_6710943561,420,0,9,-4,1,-1,1,2,0,4,4,0,1,1,5,6,1,-3,3,6,1,7,18,0,8,8,0,0,0,-1,-1,1,1,3,1
KR_6702311492,420,4,27,-5,9,4,5,1,3,5,2,2,5,3,2,4,2,-2,1,3,0,6,-2,-1,2,1,5,0,2,1,1,1,1,3,1
KR_6635477589,420,2,4,23,6,4,6,2,0,3,3,2,3,1,-2,1,3,2,3,1,0,5,9,4,2,6,0,0,1,1,1,1,1,6,1
KR_6763204913,420,-1,15,7,3,-4,1,5,3,3,0,5,5,0,-1,2,3,0,0,0,0,3,8,7,4,11,2,0,0,-1,-1,1,1,1,1
KR_6724053689,420,5,38,12,7,1,2,1,0,3,3,7,8,1,0,1,1,-1,1,2,0,8,-3,1,8,9,3,0,1,-1,1,1,-1,6,1
KR_6692311904,420,5,72,17,10,2,2,0,1,4,3,4,4,0,3,3,0,0,1,1,0,8,10,-2,6,4,2,0,4,1,1,1,1,4,1
KR_6679597476,420,1,4,19,0,-1,0,1,0,4,4,2,4,2,-1,2,3,0,1,1,0,1,20,-6,9,3,9,0,0,-1,1,0,-1,4,1
KR_6761462897,420,4,133,52,7,3,3,0,1,2,1,3,6,3,2,3,1,-2,0,2,0,-3,2,3,7,10,2,0,1,1,1,1,1,3,1
KR_6760585077,420,4,8,17,11,0,2,2,4,6,2,3,3,0,4,6,2,0,1,1,-1,15,2,4,3,7,1,0,0,1,1,1,-1,2,1
KR_6711013560,420,4,43,12,8,2,3,1,1,1,0,3,3,0,1,1,0,1,2,1,0,14,2,-2,5,3,5,0,0,1,-1,1,1,6,1
KR_6624293414,420,2,105,-12,2,3,3,0,-4,3,7,-2,0,2,7,9,2,-2,2,4,-1,0,-12,2,5,7,-1,0,2,1,-1,1,-1,5,1
KR_6351709283,420,0,11,-16,1,2,3,1,-2,3,5,2,3,1,0,1,1,-1,1,2,0,5,-6,3,4,7,4,0,1,1,1,1,1,3,1
KR_6763226953,420,4,75,-20,6,-1,1,2,3,4,1,-1,1,2,2,2,0,3,3,0,1,8,10,3,3,6,1,0,3,1,-1,1,1,3,1
KR_6649502420,420,3,-19,40,8,-1,3,4,4,5,1,8,9,1,-1,2,3,-2,0,2,1,7,-3,-4,6,2,5,0,0,-1,-1,-1,1,6,1
KR_6561995374,420,2,43,16,7,1,1,0,1,2,1,1,1,0,4,4,0,0,1,1,1,11,22,-2,8,6,3,0,1,1,1,1,1,2,1
KR_6763498924,420,2,65,11,5,-1,0,1,0,3,3,5,5,0,2,4,2,-1,2,3,-1,-2,-3,-3,8,5,0,0,-1,1,-1,-1,-1,6,1
KR_6681844072,420,3,25,29,11,-1,1,2,6,7,1,6,6,0,1,2,1,-1,0,1,0,9,4,1,5,6,-2,0,1,1,-1,1,1,6,1
KR_6761886853,420,-2,-44,24,-4,-1,0,1,-2,1,3,0,3,3,1,1,0,-2,0,2,0,-6,-75,1,6,7,-13,0,0,-1,1,0,-1,2,1
KR_6760119058,420,1,-11,-15,5,2,2,0,-1,1,2,-1,2,3,3,5,2,2,3,1,0,6,-3,-3,7,4,5,0,0,-1,-1,0,-1,1,1
KR_6760736489,440,-1,-14,35,1,4,5,1,0,2,2,-5,0,5,2,3,1,0,0,0,0,1,-4,-1,5,4,1,0,0,1,-1,-1,-1,2,1
KR_6763551393,420,2,-28,5,14,2,2,0,2,3,1,1,3,2,7,7,0,2,2,0,0,12,130,2,4,6,5,0,-1,1,1,1,1,2,1
KR_6713087265,420,6,108,8,18,4,5,1,-1,1,2,5,7,2,6,6,0,4,4,0,0,8,125,-2,6,4,5,0,2,0,1,1,1,0,1
KR_6741294361,420,1,56,9,0,2,2,0,-2,1,3,-1,3,4,4,7,3,-3,0,3,0,2,0,1,3,4,0,0,0,1,1,0,1,2,1
KR_6609344338,420,1,38,-8,-1,0,3,3,-4,2,6,1,5,4,0,3,3,2,2,0,-1,-3,89,-5,10,5,3,0,1,1,-1,1,-1,3,1
KR_6761690298,420,3,-14,-20,10,1,3,2,2,3,1,4,5,1,4,5,1,-1,1,2,0,8,10,7,3,10,-6,0,-1,0,1,-1,1,0,1
KR_6760775146,420,0,5,-4,-2,2,3,1,-1,1,2,3,4,1,-7,0,7,1,1,0,0,-7,-4,-3,7,4,-4,0,0,1,-1,0,1,6,1
KR_6733886963,420,-1,25,2,2,1,3,2,2,3,1,-1,2,3,0,5,5,0,1,1,0,-6,-1,-1,6,5,5,0,-1,1,1,-1,1,6,1
KR_6754054238,420,-2,-39,49,-7,-3,0,3,1,3,2,1,1,0,-4,0,4,-2,1,3,0,-9,3,-6,9,3,1,0,-1,1,-1,-1,-1,3,1
KR_6761191339,440,0,-46,-19,8,2,2,0,3,3,0,0,1,1,2,3,1,1,3,2,0,9,-12,7,3,10,2,0,0,1,0,0,1,4,1
KR_6704733036,420,2,56,20,2,-2,2,4,-1,1,2,-1,1,2,7,10,3,-1,1,2,0,0,2,-2,6,4,2,0,1,-1,1,1,-1,3,1
KR_6730545889,420,0,14,3,-1,2,2,0,1,3,2,1,5,4,-2,2,4,-3,0,3,0,-2,6,3,2,5,-7,0,-1,1,0,-1,-1,2,1
KR_6763807619,420,-2,70,-9,3,1,1,0,0,2,2,-1,1,2,5,5,0,-2,1,3,0,2,0,2,4,6,2,0,2,0,1,1,1,0,1
KR_6759298884,420,0,10,7,0,0,2,2,0,0,0,-1,0,1,1,4,3,0,0,0,0,5,-2,0,4,4,-1,0,0,0,-1,0,1,0,1
KR_6738706202,420,3,-39,51,7,-1,0,1,8,8,0,-1,2,3,1,1,0,0,0,0,0,10,4,0,4,4,-3,0,1,1,1,1,1,5,1
KR_6622517873,420,2,23,32,8,12,12,0,-2,1,3,-3,2,5,0,1,1,1,5,4,0,4,-1,-2,6,4,1,0,2,-1,1,1,1,2,1
KR_6761058566,420,2,59,13,2,2,2,0,-1,2,3,1,3,2,1,1,0,-1,0,1,0,-3,-2,0,6,6,2,0,1,-1,1,1,1,4,1
KR_6688087702,420,4,28,37,8,1,4,3,2,4,2,1,2,1,1,3,2,3,4,1,1,3,-14,-9,12,3,4,0,0,1,-1,-1,1,2,1
KR_6754851307,420,1,-10,-6,2,0,2,2,-2,2,4,2,2,0,0,2,2,2,2,0,0,0,8,2,3,5,-2,0,1,-1,0,1,1,2,1
KR_6762406708,420,3,-2,11,13,-1,3,4,7,7,0,5,5,0,4,9,5,-2,0,2,0,19,-3,-2,6,4,0,0,0,1,1,0,1,5,1
KR_6746117526,420,1,-4,33,-2,2,3,1,3,4,1,-3,3,6,-5,1,6,1,1,0,0,-4,-163,3,5,8,-3,0,0,1,-1,-1,1,4,1
KR_6638302865,420,0,-1,24,-2,3,5,2,0,2,2,-2,0,2,-2,2,4,-1,0,1,0,-3,7,2,4,6,-4,0,2,-1,1,1,1,3,1
KR_6763332369,420,0,-58,0,4,-2,1,3,1,2,1,2,3,1,1,3,2,2,3,1,-1,5,4,1,4,5,2,0,0,-1,1,0,-1,1,1
KR_6641997506,420,3,42,15,13,1,2,1,5,6,1,3,3,0,4,7,3,0,0,0,1,13,0,4,3,7,4,0,0,1,-1,1,1,3,1
KR_6762011530,440,5,48,14,7,0,2,2,0,4,4,-2,3,5,7,8,1,2,2,0,-1,7,-53,1,3,4,-2,0,2,1,0,1,-1,5,1
KR_6741406951,440,0,47,-16,5,2,3,1,2,3,1,1,1,0,-1,0,1,1,2,1,1,10,-13,1,4,5,0,0,0,1,1,0,1,4,1
KR_6763897411,420,1,17,0,2,-2,1,3,2,3,1,0,2,2,3,4,1,-1,1,2,0,9,4,-1,7,6,-3,0,-1,1,-1,-1,-1,4,1
KR_6764644582,420,1,39,-20,2,1,1,0,0,2,2,0,2,2,0,3,3,1,2,1,1,3,17,-3,5,2,4,0,0,1,-1,0,1,4,1
KR_6564139896,420,4,34,9,12,4,5,1,2,2,0,5,8,3,0,2,2,1,1,0,0,13,7,0,5,5,3,0,1,1,1,1,-1,4,1
KR_6409899824,440,4,32,-24,8,2,3,1,0,3,3,2,4,2,4,9,5,0,2,2,-1,10,12,0,4,4,1,0,1,0,-1,1,1,0,1
KR_6681290130,420,2,34,1,3,0,1,1,-1,1,2,0,2,2,4,4,0,0,0,0,0,-1,-6,-4,7,3,3,0,0,1,-1,0,-1,1,1
KR_6755796207,420,3,39,6,8,-3,0,3,0,4,4,6,6,0,4,4,0,1,1,0,0,10,0,3,2,5,-3,0,0,-1,-1,0,1,6,1
KR_6646602724,420,0,1,26,4,0,0,0,-1,1,2,-2,2,4,2,2,0,5,5,0,0,3,7,-2,7,5,-2,0,0,-1,1,1,-1,1,1
KR_6749260168,440,1,47,-4,-3,-1,1,2,2,4,2,-1,0,1,-1,1,2,-2,0,2,0,1,-12,-3,5,2,4,0,0,-1,-1,0,-1,1,1
KR_6751241441,440,3,13,-26,13,5,5,0,3,3,0,5,8,3,0,2,2,0,0,0,0,10,2,0,4,4,1,0,1,-1,-1,1,1,1,1
KR_6760855151,420,4,-15,-7,9,2,2,0,2,3,1,3,5,2,1,4,3,1,2,1,0,8,-6,1,5,6,-4,0,1,1,1,1,1,3,1
KR_6765069953,420,-2,4,28,-7,0,1,1,-6,1,7,-1,1,2,1,2,1,-1,0,1,0,-8,9,-5,7,2,-2,0,0,-1,1,0,-1,4,1
KR_6678995294,420,4,-33,13,3,2,2,0,-1,1,2,4,4,0,-1,2,3,-1,0,1,0,3,-9,-6,13,7,7,0,0,-1,1,0,-1,3,1
KR_6735154919,420,-3,26,-44,-1,-1,1,2,1,3,2,-1,1,2,1,4,3,-1,0,1,-1,-6,-3,-3,6,3,0,0,1,-1,-1,1,-1,1,1
KR_6761782039,420,1,-25,8,0,-2,0,2,0,2,2,-2,1,3,5,7,2,-1,0,1,0,5,-4,-1,7,6,-5,0,1,1,-1,1,1,4,1
KR_6765104923,420,5,12,16,6,3,3,0,-4,2,6,1,2,1,2,2,0,4,4,0,0,9,2,1,3,4,-1,0,0,1,-1,-1,1,4,1
KR_6764478481,420,0,2,-24,-10,-1,2,3,-4,0,4,-3,1,4,-1,2,3,-1,0,1,-3,-12,21,-3,8,5,-4,0,0,0,-1,0,-1,0,1
KR_6759517330,420,-1,-7,4,-2,1,2,1,2,2,0,-5,0,5,2,3,1,-2,0,2,0,1,-2,2,5,7,5,0,0,-1,-1,0,-1,1,1
KR_6601816865,420,2,2,8,-2,0,1,1,3,4,1,2,4,2,-5,1,6,-2,0,2,-1,-7,3,2,4,6,3,0,-1,-1,1,-1,-1,5,1
KR_6764317319,420,3,61,-9,4,-2,1,3,-2,0,2,0,0,0,10,10,0,-2,1,3,0,2,129,0,7,7,1,0,0,1,-1,0,1,3,1
KR_6752942517,420,1,12,15,-2,1,1,0,-4,2,6,-2,2,4,3,5,2,0,2,2,1,3,1,0,5,5,-4,0,0,-1,1,1,1,1,1
KR_6765151109,420,0,16,0,-4,-2,1,3,0,1,1,-3,1,4,0,1,1,1,2,1,-1,-8,9,3,2,5,-2,0,0,1,-1,0,-1,1,1
KR_6761140198,440,2,-4,-2,8,3,3,0,0,1,1,0,1,1,3,3,0,2,3,1,0,1,-16,4,0,4,15,0,0,0,1,1,1,0,1
KR_6742235395,420,6,72,-23,14,1,3,2,3,5,2,0,2,2,3,3,0,7,8,1,0,15,7,6,4,10,-3,0,2,-1,1,1,-1,6,1
KR_6637115315,420,1,40,24,8,3,4,1,4,6,2,0,3,3,2,4,2,-1,2,3,0,3,3,-2,4,2,2,0,1,1,1,1,1,3,1
KR_6726314646,420,1,76,-4,-2,-1,0,1,-5,1,6,-1,3,4,0,2,2,5,5,0,1,5,2,-4,7,3,4,0,1,1,-1,1,-1,2,1
KR_6759684797,420,3,6,5,4,-3,0,3,1,3,2,-2,2,4,4,5,1,4,4,0,-1,4,34,-4,9,5,1,0,0,1,-1,-1,-1,1,1
KR_6745690974,420,2,8,9,1,2,2,0,-4,1,5,2,5,3,1,3,2,0,3,3,0,-5,40,5,2,7,-26,0,-1,1,-1,-1,1,1,1
KR_6759864920,440,7,118,0,5,5,5,0,0,1,1,2,2,0,-2,2,4,0,1,1,0,-1,-19,-4,8,4,2,0,2,-1,1,1,1,4,1
KR_6691215699,440,2,-17,-12,8,-1,0,1,3,4,1,4,6,2,-1,1,2,3,4,1,0,11,-3,-4,7,3,0,0,0,1,-1,0,1,2,1
KR_6759035642,420,2,68,5,2,1,1,0,-3,0,3,-1,0,1,7,8,1,-2,1,3,0,-2,4,0,7,7,-1,0,1,1,0,1,1,4,1
KR_6721049482,420,3,13,26,2,1,1,0,-3,4,7,0,3,3,4,6,2,0,2,2,0,2,-3,5,1,6,-1,0,2,1,1,1,1,4,1
KR_6754132955,420,4,39,1,14,4,4,0,-1,1,2,-1,1,2,10,12,2,2,6,4,0,16,-9,-1,5,4,-1,0,0,1,1,1,1,3,1
KR_6743992135,420,1,34,16,3,3,3,0,1,3,2,1,4,3,0,1,1,-2,0,2,0,-1,-35,3,3,6,7,0,2,1,1,1,-1,3,1
KR_6588703945,420,5,61,11,7,3,3,0,3,5,2,1,1,0,3,4,1,-3,0,3,1,9,-1,1,8,9,6,0,1,1,-1,-1,1,5,1
KR_6740309020,420,1,-25,26,-3,2,2,0,0,2,2,1,4,3,-6,1,7,0,1,1,0,-5,0,-4,5,1,0,0,0,0,1,0,-1,0,1
KR_6740503534,420,1,30,2,6,1,4,3,5,8,3,2,2,0,-2,2,4,0,2,2,1,5,1,-2,9,7,0,0,0,1,1,1,1,5,1
KR_6733416959,420,6,80,27,14,1,2,1,-1,1,2,8,8,0,7,8,1,-1,1,2,3,13,-47,9,1,10,22,0,1,1,1,1,1,5,1
KR_6764051191,440,3,10,28,9,4,5,1,0,1,1,4,4,0,0,3,3,1,1,0,0,8,-35,-1,8,7,27,0,1,1,1,1,-1,3,1
KR_6747257583,420,4,64,3,7,0,3,3,3,6,3,1,3,2,5,6,1,-2,1,3,0,7,0,4,5,9,-2,0,0,1,1,0,1,4,1
KR_6604698890,420,0,18,-8,1,-1,1,2,1,4,3,1,3,2,-2,2,4,2,2,0,0,-4,-4,0,8,8,6,0,0,-1,-1,0,-1,3,1
KR_6680982493,420,2,59,17,3,-3,2,5,5,5,0,0,1,1,0,3,3,1,4,3,0,-5,-119,1,8,9,2,0,2,1,0,1,1,1,1
KR_6760627453,420,-3,-42,-10,-6,-7,0,7,-5,0,5,3,3,0,3,4,1,0,0,0,0,0,5,3,1,4,-2,0,1,1,-1,1,-1,4,1
KR_6760898186,420,2,27,28,6,3,4,1,0,1,1,-1,2,3,3,5,2,1,2,1,0,6,6,0,4,4,6,0,1,1,1,1,-1,1,1
KR_6734783720,420,-2,13,5,-2,1,2,1,-3,3,6,1,3,2,-2,2,4,1,1,0,0,-8,-9,-8,12,4,6,0,0,-1,-1,-1,1,5,1
KR_6637882232,420,4,-8,47,5,0,1,1,2,6,4,0,2,2,3,4,1,0,1,1,-1,11,31,8,2,10,-3,0,1,1,-1,1,-1,6,1
KR_6651940691,420,5,57,3,12,8,8,0,5,6,1,-1,1,2,1,2,1,-1,0,1,0,12,21,2,2,4,4,0,2,-1,1,1,1,4,1
KR_6730284640,440,2,1,25,7,1,2,1,0,1,1,2,2,0,4,6,2,0,0,0,0,3,-6,-3,6,3,0,0,1,1,0,1,1,3,1
KR_6759811809,440,0,29,16,-2,-1,0,1,2,4,2,-2,1,3,0,1,1,-1,0,1,0,1,3,3,2,5,-3,0,0,1,-1,0,1,2,1
KR_6657934392,420,1,37,28,-3,0,1,1,-2,0,2,0,5,5,-1,1,2,0,0,0,0,-6,-65,-3,8,5,9,0,1,1,1,1,1,3,1
KR_6468103274,420,-1,-2,-8,-4,1,1,0,-2,1,3,-1,4,5,-2,0,2,0,1,1,0,-3,6,5,3,8,-4,0,-2,1,-1,-1,-1,1,1
KR_6751793601,420,4,61,12,8,0,0,0,-4,2,6,3,4,1,8,8,0,1,1,0,0,5,-7,2,3,5,-1,0,2,1,-1,1,1,6,1
KR_6646866478,420,1,-9,0,4,5,6,1,2,3,1,-2,2,4,-1,3,4,0,1,1,-1,2,-7,-4,8,4,3,0,0,-1,1,0,-1,2,1
KR_6633472200,420,0,-2,-3,-1,-4,0,4,2,4,2,0,2,2,-3,0,3,4,5,1,0,-3,-21,-9,9,0,6,0,0,1,1,-1,-1,4,1
KR_6727004206,420,1,4,-20,1,2,5,3,1,5,4,-2,2,4,0,1,1,0,1,1,0,-3,7,0,3,3,-4,0,-1,1,1,-1,1,6,1
KR_6602217396,420,2,20,-8,7,4,5,1,1,4,3,1,3,2,2,5,3,-1,1,2,0,6,3,1,5,6,0,0,1,1,1,1,-1,6,1
KR_6645447527,420,6,90,-9,13,-1,2,3,4,6,2,1,3,2,9,9,0,0,0,0,0,13,6,0,5,5,2,0,5,-1,1,1,1,4,1
KR_6762952197,420,3,38,16,7,2,3,1,0,3,3,2,3,1,4,5,1,-1,1,2,0,8,-2,-2,7,5,8,0,1,1,0,1,1,4,1
KR_6683840301,420,3,34,16,12,2,4,2,4,4,0,7,8,1,-1,3,4,0,0,0,0,15,-1,1,3,4,0,0,-1,1,-1,-1,-1,5,1
KR_6762874169,420,-2,-12,-29,-2,0,2,2,-2,3,5,-2,1,3,2,2,0,0,0,0,0,-1,-4,-3,9,6,-1,0,-2,1,-1,-1,1,3,1
KR_6741882815,440,4,42,0,12,1,3,2,4,5,1,-1,1,2,9,9,0,-1,0,1,-1,13,-6,2,1,3,5,0,0,-1,0,0,-1,4,1
KR_6713562927,420,0,23,-8,2,-2,2,4,3,5,2,2,3,1,1,3,2,-2,0,2,1,5,-2,-5,12,7,3,0,0,1,-1,-1,1,5,1
KR_6764729591,420,0,7,-24,-3,-1,2,3,1,2,1,0,5,5,1,6,5,-4,0,4,0,-8,-171,0,6,6,9,0,0,1,0,0,1,4,1
KR_6660182182,420,5,29,23,6,2,2,0,2,4,2,0,3,3,-1,2,3,3,4,1,1,12,-2,4,2,6,3,0,0,1,1,0,1,2,1
KR_6727861289,420,5,43,31,14,2,2,0,8,10,2,1,2,1,2,3,1,1,2,1,0,14,0,-4,6,2,6,0,1,1,1,1,1,4,1
KR_6647368765,420,1,10,20,4,-2,1,3,3,3,0,1,2,1,0,4,4,2,2,0,0,4,47,-2,6,4,0,0,0,1,1,0,-1,2,1
KR_6728525473,420,-2,-40,-14,-5,-2,0,2,3,4,1,-2,2,4,-3,1,4,-1,1,2,0,-3,3,1,5,6,0,0,0,0,1,-1,-1,0,1
KR_6691086649,420,4,-19,13,14,0,3,3,6,6,0,6,6,0,4,5,1,-2,0,2,0,11,166,-4,9,5,21,0,-1,-1,1,-1,1,1,1
KR_6642805745,420,1,43,-20,5,6,7,1,-1,2,3,3,7,4,-1,1,2,-2,1,3,0,-1,-42,7,2,9,-2,0,2,-1,1,1,1,6,1
KR_6687445018,420,4,48,-7,7,3,4,1,0,3,3,-1,1,2,5,6,1,0,1,1,0,7,2,2,4,6,8,0,1,1,-1,1,1,5,1
KR_6745805665,420,1,26,-18,4,1,2,1,2,6,4,5,6,1,-4,2,6,0,0,0,-1,0,6,2,4,6,3,0,0,-1,-1,-1,-1,6,1
KR_6757063725,420,4,124,8,15,4,6,2,7,7,0,-3,2,5,7,7,0,0,2,2,0,10,-1,4,1,5,3,0,1,1,-1,1,1,2,1
KR_6751859061,420,1,23,-20,10,2,2,0,7,8,1,-3,3,6,3,3,0,1,3,2,0,16,-10,-2,5,3,-1,0,0,-1,-1,0,1,3,1
KR_6713743973,420,3,47,16,2,1,2,1,0,2,2,-2,0,2,4,8,4,-1,1,2,1,1,6,0,4,4,-8,0,0,1,-1,1,1,1,1
KR_6734709873,420,8,93,60,24,2,3,1,9,12,3,3,7,4,9,12,3,1,2,1,2,26,7,4,5,9,5,0,3,1,1,1,1,2,1
KR_5568557057,420,7,112,25,15,2,5,3,2,2,0,5,8,3,5,5,0,1,3,2,0,17,0,-2,10,8,5,0,2,-1,-1,1,1,3,1
KR_6594764797,420,-2,-59,-6,0,1,4,3,2,6,4,-5,0,5,2,4,2,0,4,4,0,-7,2,4,4,8,-1,0,2,-1,-1,1,-1,1,1
KR_6764837172,420,2,-1,-22,6,0,2,2,2,2,0,0,4,4,2,2,0,2,2,0,0,11,1,3,4,7,-1,0,0,-1,-1,0,1,2,1
KR_6618847135,420,1,-21,15,4,1,1,0,3,4,1,1,1,0,0,5,5,-1,0,1,0,5,-34,1,6,7,21,0,0,1,1,0,-1,5,1
KR_6641856762,440,-1,30,23,-6,0,1,1,1,3,2,2,3,1,-5,1,6,-4,0,4,0,-6,11,-2,6,4,0,0,-1,-1,1,-1,1,4,1
KR_6677264418,420,1,-3,-4,6,1,1,0,4,6,2,-1,0,1,2,7,5,0,0,0,1,14,10,-2,9,7,-1,0,-1,1,-1,1,1,4,1
KR_6731738481,420,5,51,9,4,4,5,1,1,4,3,2,4,2,-1,2,3,-2,2,4,0,7,0,-3,8,5,-2,0,1,-1,-1,1,1,3,1
KR_6760889360,420,4,66,27,9,3,3,0,1,3,2,3,6,3,0,2,2,2,2,0,0,6,5,4,1,5,2,0,0,-1,1,1,1,5,1
KR_6760972914,420,-1,44,-16,3,0,2,2,-2,5,7,3,4,1,-1,2,3,3,3,0,-1,8,55,2,5,7,1,0,1,-1,1,1,-1,2,1
KR_6689963512,440,6,42,52,7,2,4,2,0,8,8,3,4,1,2,3,1,0,3,3,3,-1,317,-1,5,4,-1,0,1,0,1,1,1,0,1
KR_6663254266,420,5,-4,18,9,4,5,1,2,5,3,1,3,2,2,4,2,0,1,1,-1,11,8,0,6,6,3,0,0,-1,1,0,-1,6,1
KR_6764172290,420,3,22,-13,9,2,2,0,-2,2,4,2,4,2,4,5,1,3,3,0,1,12,-16,-2,6,4,0,0,0,0,-1,0,1,0,1
KR_6734240370,440,6,98,16,14,3,4,1,1,3,2,0,0,0,9,9,0,1,1,0,0,19,158,2,7,9,-3,0,2,1,-1,1,1,3,1
KR_6755173136,420,0,-6,28,-8,0,1,1,-7,2,9,-3,0,3,-1,1,2,3,3,0,0,-10,-16,1,2,3,4,0,0,1,1,0,1,4,1
KR_6762860158,420,3,36,8,6,1,4,3,-1,1,2,7,8,1,-3,0,3,2,4,2,0,11,-3,-2,5,3,2,0,1,-1,1,1,-1,1,1
KR_6637730613,420,0,-24,-3,-1,-3,1,4,-3,0,3,2,2,0,2,3,1,1,1,0,0,0,9,4,2,6,-1,0,1,-1,1,1,1,3,1
KR_6739145945,420,5,46,40,9,2,2,0,-1,4,5,4,4,0,4,4,0,0,1,1,-1,13,-20,-1,7,6,8,0,0,-1,-1,0,-1,2,1
KR_6644271302,420,1,62,14,-2,1,2,1,4,5,1,-4,2,6,-3,2,5,0,0,0,1,-10,-7,-3,8,5,9,0,0,1,-1,0,1,2,1
KR_6765549948,420,-3,-57,14,-3,-3,0,3,7,10,3,-3,2,5,-3,3,6,-1,0,1,1,5,32,3,6,9,-2,0,-1,-1,1,-1,-1,2,1
KR_6759770827,420,-3,-79,-5,-5,-4,1,5,7,8,1,-6,1,7,-1,1,2,-1,1,2,-1,9,-3,-3,7,4,3,0,0,-1,1,-1,-1,2,1
KR_6761995020,440,4,64,-5,6,0,1,1,5,5,0,3,5,2,2,2,0,-4,0,4,-1,1,267,2,3,5,2,0,0,1,1,1,-1,4,1
KR_6689125294,420,2,-53,5,4,2,3,1,2,5,3,1,1,0,-2,2,4,1,2,1,-1,-1,-1,1,4,5,-6,0,0,1,1,-1,-1,1,1
KR_6761424180,420,0,28,-4,4,-4,1,5,-7,2,9,8,8,0,4,4,0,3,3,0,1,5,3,1,2,3,-1,0,0,-1,-1,-1,1,2,1
KR_6744543068,420,4,92,-24,15,6,6,0,5,5,0,3,3,0,4,5,1,-3,1,4,1,14,2,1,5,6,4,0,1,1,-1,1,1,2,1
KR_6754683985,420,6,76,4,15,4,4,0,3,6,3,5,5,0,3,5,2,0,0,0,0,17,-14,3,2,5,0,0,-1,1,-1,1,1,4,1
KR_6743823904,420,4,-33,40,7,0,3,3,2,4,2,1,3,2,5,5,0,-1,1,2,0,9,5,1,3,4,3,0,0,1,-1,1,1,6,1
KR_6684623135,420,2,6,4,5,-1,1,2,5,5,0,3,4,1,1,2,1,-3,0,3,0,7,5,3,4,7,-2,0,0,-1,-1,0,-1,4,1
KR_6751897192,420,5,35,-3,16,3,3,0,0,1,1,5,6,1,8,10,2,0,1,1,0,16,-4,5,5,10,1,0,1,1,-1,1,1,2,1
KR_6764039967,420,2,0,23,9,6,8,2,5,8,3,0,4,4,-3,0,3,1,1,0,0,2,4,6,4,10,-5,0,1,0,1,1,1,0,1
KR_6634766483,420,1,8,44,-4,-1,2,3,1,1,0,-1,1,2,-6,0,6,3,3,0,0,-8,-51,0,6,6,-2,0,2,-1,1,1,-1,3,1
KR_6701482733,420,3,9,5,2,4,4,0,1,3,2,-2,3,5,0,1,1,-1,2,3,0,3,294,4,3,7,-1,0,1,1,1,1,-1,3,1
KR_6764067785,420,2,55,38,2,3,3,0,-2,3,5,-2,1,3,3,4,1,0,2,2,0,-6,1,2,5,7,1,0,0,1,1,1,1,3,1
KR_6675108499,420,4,6,23,10,4,4,0,1,3,2,-1,1,2,1,5,4,5,5,0,1,10,2,-1,7,6,-4,0,0,1,-1,0,-1,6,1
KR_6414969686,420,4,27,-11,8,2,2,0,3,5,2,-2,2,4,5,6,1,0,1,1,0,6,-7,0,7,7,2,0,0,1,1,0,-1,2,1
KR_6727529243,440,1,66,57,-2,-6,3,9,-3,2,5,0,1,1,8,9,1,-1,4,5,1,-7,-5,-6,6,0,1,0,2,1,1,1,-1,6,1
KR_6764755135,420,5,43,14,11,4,4,0,1,4,3,0,2,2,5,7,2,1,1,0,0,11,-13,2,4,6,0,0,0,-1,1,1,1,2,1
KR_6754863056,420,2,37,0,3,0,2,2,-2,1,3,0,3,3,3,3,0,2,2,0,0,0,-147,-2,5,3,-4,0,0,-1,1,0,1,1,1
KR_6656838392,420,-1,-18,19,7,0,1,1,0,2,2,0,3,3,8,11,3,-1,1,2,0,3,12,4,3,7,2,0,0,1,1,0,1,1,1
KR_6476599300,420,-2,11,-10,-2,0,1,1,-1,4,5,-1,0,1,-1,4,5,1,2,1,0,-7,3,2,8,10,5,0,0,-1,1,0,-1,3,1
KR_6752403873,420,2,40,19,0,3,4,1,0,3,3,0,6,6,-3,1,4,0,0,0,-1,4,37,-4,8,4,2,0,-1,1,1,1,-1,3,1
KR_6760698351,420,2,-21,-32,8,3,3,0,2,3,1,2,2,0,2,2,0,-1,0,1,1,5,3,4,4,8,1,0,1,-1,-1,1,-1,6,1
KR_6623632076,420,3,36,0,7,-4,1,5,2,5,3,-3,1,4,12,12,0,0,1,1,1,15,7,-1,5,4,2,0,3,1,1,1,1,3,1
KR_6731146038,440,1,75,-7,1,3,3,0,3,4,1,-3,1,4,-2,1,3,0,2,2,0,5,13,2,2,4,-2,0,0,-1,1,1,-1,4,1
KR_6745000372,420,1,31,8,5,2,3,1,2,4,2,0,4,4,3,4,1,-2,0,2,0,3,3,1,2,3,0,0,1,1,1,1,1,3,1
KR_6747518814,420,5,46,14,2,0,1,1,5,8,3,0,3,3,0,2,2,-3,0,3,0,4,172,0,3,3,-24,0,1,-1,1,1,-1,6,1
KR_6636738180,420,2,39,17,0,-1,2,3,-3,1,4,4,7,3,1,1,0,-1,1,2,0,-13,16,-1,6,5,0,0,0,1,-1,0,-1,2,1
KR_6755944276,420,-1,-12,-24,-5,-2,2,4,-8,0,8,8,8,0,-1,0,1,-2,0,2,0,-4,-22,3,3,6,0,0,0,-1,1,1,-1,5,1
KR_6755805877,420,1,15,44,10,-1,1,2,-2,4,6,2,5,3,10,12,2,1,1,0,4,16,-25,4,6,10,-4,0,1,1,1,1,1,3,1
KR_6695078031,420,3,-16,-15,6,5,6,1,-1,4,5,-3,1,4,4,6,2,1,1,0,0,12,-25,-4,7,3,5,0,0,1,-1,-1,-1,2,1
KR_6762693713,440,6,136,32,9,8,8,0,-2,1,3,1,3,2,2,4,2,0,1,1,1,-6,20,0,4,4,-4,0,1,1,1,1,1,4,1
KR_6755857076,440,0,13,-3,1,5,5,0,-2,0,2,-2,1,3,-1,5,6,1,1,0,0,-8,2,-1,2,1,5,0,1,-1,-1,1,-1,5,1
KR_6698352127,420,2,39,9,2,1,3,2,4,4,0,-6,1,7,4,5,1,-1,1,2,0,5,-4,6,5,11,2,0,-1,1,-1,-1,-1,2,1
KR_6655888875,420,4,26,13,2,2,4,2,1,4,3,0,1,1,-1,0,1,0,0,0,0,5,33,2,7,9,-2,0,1,-1,1,1,-1,4,1
KR_6764087837,420,-1,21,11,3,-2,0,2,0,3,3,1,2,1,3,3,0,1,3,2,1,6,-10,-4,5,1,-2,0,0,-1,1,1,1,2,1
KR_6603945154,420,1,31,3,7,-2,0,2,3,4,1,1,2,1,2,4,2,3,4,1,2,17,-25,2,3,5,0,0,2,1,1,1,1,3,1
KR_6754801280,440,0,20,28,-2,2,3,1,-3,2,5,2,6,4,-1,3,4,-2,2,4,0,-6,5,1,3,4,4,0,1,0,0,-1,1,0,1
KR_6705782249,420,2,15,32,10,-2,0,2,8,8,0,1,5,4,0,2,2,3,4,1,3,19,34,1,4,5,-1,0,1,1,1,1,1,2,1
KR_6744776360,420,-1,-53,-12,-1,1,1,0,-4,0,4,0,1,1,-1,0,1,3,3,0,0,-2,13,2,7,9,2,0,-1,-1,-1,-1,1,6,1
KR_6748520493,420,5,77,10,7,0,1,1,-2,1,3,9,12,3,0,3,3,0,0,0,0,7,73,-3,8,5,-26,0,-1,-1,-1,-1,-1,3,1
KR_6729397590,420,-1,-41,-2,3,-2,3,5,-1,2,3,3,4,1,3,4,1,0,4,4,0,9,30,5,3,8,-8,0,-1,1,1,-1,-1,1,1
KR_6761209053,420,6,26,40,11,1,1,0,3,3,0,0,2,2,6,7,1,1,1,0,0,12,-31,-2,4,2,4,0,1,1,1,1,1,4,1
KR_6750663290,420,4,42,16,0,0,4,4,-2,3,5,2,4,2,0,2,2,0,2,2,0,-1,4,-3,4,1,-4,0,2,-1,-1,1,-1,4,1
KR_6602244410,420,-4,1,-16,-11,-7,1,8,-1,2,3,1,2,1,-2,0,2,-2,1,3,0,-8,-153,0,6,6,-7,0,-1,-1,-1,-1,1,2,1
KR_6763902126,420,3,-12,16,6,5,6,1,2,4,2,0,2,2,-2,1,3,1,4,3,1,3,39,5,3,8,-1,0,-1,1,1,1,1,3,1
KR_6692471493,420,3,127,28,5,4,4,0,4,8,4,-2,1,3,0,0,0,-1,0,1,0,0,-1,-2,7,5,8,0,2,1,-1,1,1,4,1
KR_6742911481,420,4,46,-13,6,-2,0,2,2,2,0,2,3,1,0,3,3,4,4,0,0,9,-8,-2,4,2,0,0,-1,1,-1,-1,-1,2,1
KR_6643786461,420,-1,-39,-12,-1,0,0,0,1,4,3,1,2,1,-2,1,3,-1,0,1,0,1,16,1,7,8,-1,0,0,1,1,1,1,5,1
KR_6760067815,420,8,89,22,19,5,8,3,5,5,0,1,1,0,6,8,2,2,2,0,2,21,-4,3,1,4,0,0,2,1,-1,1,1,5,1
KR_6699423170,420,-1,-9,8,-1,1,2,1,-1,2,3,2,5,3,-1,1,2,-2,0,2,0,-6,-3,-3,7,4,0,0,0,-1,1,1,1,2,1
KR_6757983965,420,-1,10,24,-5,-1,0,1,-2,2,4,-3,2,5,-2,0,2,3,5,2,0,-10,-4,-1,5,4,1,0,0,1,0,0,-1,3,1
KR_6741188943,420,4,77,6,10,4,4,0,2,4,2,2,2,0,1,3,2,1,2,1,0,14,3,3,4,7,-4,0,0,-1,1,1,-1,1,1
KR_6635063259,420,1,-11,18,5,2,3,1,1,2,1,1,4,3,2,3,1,-1,0,1,0,19,-4,4,3,7,-3,0,1,-1,-1,1,-1,1,1
KR_6749280235,440,-1,15,-8,0,0,1,1,-1,3,4,1,2,1,1,2,1,-1,1,2,0,2,-2,0,4,4,-1,0,-1,-1,-1,-1,1,2,1
KR_6664684182,420,1,36,-9,8,3,4,1,2,5,3,2,3,1,3,5,2,-2,0,2,0,12,1,-2,6,4,5,0,0,1,-1,1,-1,2,1
KR_6765504830,420,4,71,18,8,2,4,2,2,3,1,4,4,0,-2,1,3,2,2,0,0,5,5,3,3,6,1,0,2,1,1,1,-1,6,1
KR_6674447048,420,2,12,28,7,2,4,2,6,6,0,1,3,2,-1,4,5,-1,0,1,0,-2,2,-4,5,1,1,0,2,1,1,1,1,3,1
KR_6731439650,420,-1,-30,22,-4,0,2,2,-1,2,3,1,4,3,-5,2,7,1,2,1,-1,-7,-42,1,3,4,6,0,0,-1,1,0,-1,6,1
KR_6764877430,420,1,20,-2,3,2,3,1,2,5,3,-4,1,5,3,7,4,0,1,1,1,-3,-12,-4,7,3,3,0,1,-1,1,1,1,1,1
KR_6472756548,440,1,90,-20,7,1,1,0,2,4,2,4,5,1,-1,0,1,1,1,0,0,9,-13,-8,14,6,8,0,1,-1,-1,1,-1,3,1
KR_6700010403,420,-1,24,12,3,0,1,1,0,2,2,0,1,1,4,6,2,-1,1,2,0,3,-3,-2,5,3,-3,0,-1,1,-1,-1,1,4,1
KR_6735330033,420,2,67,-35,5,1,3,2,-1,4,5,0,3,3,1,5,4,4,4,0,0,6,39,0,3,3,-15,0,2,1,-1,1,-1,3,1
KR_6765470892,420,0,37,-32,6,3,5,2,-2,2,4,3,4,1,2,3,1,0,1,1,0,12,-170,5,5,10,6,0,1,1,-1,1,1,5,1
KR_6760917189,420,-1,22,-16,-2,4,6,2,-5,1,6,-2,3,5,1,5,4,0,1,1,-1,3,-3,-2,4,2,0,0,0,-1,-1,1,-1,3,1
KR_6759012038,420,4,13,22,2,4,4,0,-4,0,4,1,3,2,0,5,5,1,1,0,0,-8,-3,4,3,7,0,0,0,-1,-1,0,-1,4,1
KR_6765266139,420,2,25,6,6,4,4,0,-2,0,2,2,2,0,3,3,0,-1,0,1,0,3,1,5,3,8,-1,0,-1,-1,0,-1,1,2,1
KR_6764393930,420,1,0,8,4,1,2,1,1,1,0,-2,0,2,2,4,2,2,2,0,0,3,111,-2,5,3,4,0,2,1,1,1,1,5,1
KR_6673072974,420,2,2,47,8,2,2,0,0,2,2,4,7,3,2,4,2,0,0,0,0,1,-8,-3,6,3,1,0,1,1,-1,1,-1,3,1
KR_6748066859,420,1,35,17,3,0,0,0,-3,0,3,2,3,1,4,5,1,0,0,0,0,3,10,5,4,9,2,0,2,1,-1,1,1,3,1
KR_6765140829,420,0,-10,4,-2,-1,1,2,-7,1,8,3,4,1,3,3,0,0,1,1,0,-4,25,2,4,6,-1,0,0,1,1,0,-1,3,1
KR_6749464952,440,1,19,16,1,0,2,2,3,3,0,-5,1,6,4,6,2,-1,1,2,0,-2,13,-3,7,4,-6,0,0,1,-1,1,1,4,1
KR_6758520942,420,2,62,-5,6,2,4,2,0,2,2,-1,3,4,5,6,1,0,1,1,1,4,2,4,5,9,1,0,0,0,1,1,1,0,1
KR_6667868177,420,8,136,4,17,6,6,0,8,8,0,1,3,2,2,2,0,0,0,0,0,9,12,4,2,6,0,0,3,1,1,1,1,6,1
KR_6760525481,420,3,-49,-4,12,3,4,1,0,2,2,3,3,0,10,11,1,-4,0,4,3,18,7,3,3,6,-2,0,0,-1,-1,0,1,4,1
KR_6740528488,420,3,39,-1,3,1,3,2,4,7,3,6,7,1,-8,1,9,0,1,1,1,-12,-19,0,4,4,2,0,3,1,1,1,1,1,1
KR_6690560868,440,2,-74,10,2,0,3,3,3,3,0,-5,2,7,2,2,0,2,5,3,0,8,0,-2,6,4,-2,0,-1,-1,1,1,-1,5,1
KR_6760287441,420,0,25,2,-2,1,1,0,1,4,3,-1,1,2,1,2,1,-4,0,4,0,-4,-5,1,7,8,0,0,0,-1,-1,0,1,4,1
KR_6636072528,420,0,-51,8,8,1,2,1,3,6,3,-1,2,3,5,5,0,0,0,0,0,11,6,1,5,6,0,0,0,1,-1,1,-1,2,1
KR_6756943966,420,5,-10,-4,12,1,2,1,7,8,1,4,5,1,-2,1,3,2,2,0,0,15,12,5,3,8,-5,0,1,1,-1,1,-1,4,1
KR_6723126610,420,0,13,12,5,4,5,1,1,3,2,-1,1,2,1,2,1,0,1,1,0,4,7,-3,9,6,-3,0,-1,1,1,1,1,2,1
KR_6415035556,420,4,81,-4,0,-5,1,6,3,5,2,-1,2,3,5,5,0,-2,1,3,0,3,4,-4,7,3,2,0,2,1,-1,1,1,5,1
KR_6747343695,420,3,11,16,-3,-2,0,2,1,3,2,1,1,0,-1,0,1,-2,0,2,0,-4,-1,-3,6,3,1,0,1,-1,1,1,-1,6,1
KR_6730345256,420,2,40,26,4,4,4,0,1,2,1,1,4,3,-3,1,4,1,1,0,0,4,-1,3,3,6,5,0,2,1,1,1,-1,5,1
KR_6758078759,420,1,-2,-9,12,2,4,2,1,2,1,1,2,1,4,4,0,4,4,0,0,20,7,3,3,6,3,0,0,-1,-1,-1,-1,6,1
KR_6763816871,420,0,-33,-9,9,3,3,0,3,5,2,3,4,1,0,3,3,0,2,2,0,8,5,1,4,5,2,0,0,-1,-1,-1,-1,4,1
KR_6558432144,420,3,17,-22,9,1,1,0,3,5,2,3,4,1,3,3,0,-1,0,1,0,20,0,2,6,8,3,0,1,-1,1,1,-1,3,1
KR_6725027474,420,7,34,32,11,3,4,1,3,6,3,2,2,0,2,7,5,1,2,1,0,4,3,-1,7,6,6,0,3,1,1,1,1,2,1
KR_6736692646,420,0,-20,39,3,2,5,3,-2,0,2,3,6,3,2,3,1,-2,1,3,1,0,-61,1,3,4,17,0,0,1,1,1,1,3,1
KR_6760710569,420,0,59,-10,3,0,1,1,0,0,0,1,3,2,2,3,1,0,2,2,1,5,-3,7,1,8,0,0,0,-1,1,0,1,6,1
KR_6751290057,440,-1,30,-16,6,4,5,1,1,3,2,5,7,2,0,2,2,-4,2,6,-1,0,-6,0,4,4,-1,0,1,0,-1,1,-1,0,1
KR_6697027990,420,-2,-41,-3,2,-3,0,3,-2,1,3,1,4,3,4,4,0,2,3,1,0,2,-6,-2,7,5,3,0,0,1,1,1,1,4,1
KR_6758577220,420,-1,63,-11,-2,2,5,3,-3,1,4,4,4,0,-4,0,4,-1,0,1,0,-12,-12,3,5,8,4,0,2,1,1,1,1,1,1
KR_6546529034,420,0,-46,-28,3,-3,0,3,10,10,0,-3,2,5,-3,4,7,2,3,1,0,8,-278,8,3,11,-4,0,-1,-1,-1,-1,1,2,1
KR_6757895445,440,1,3,0,-1,0,3,3,2,5,3,-1,1,2,-2,3,5,0,0,0,0,-1,-8,-2,4,2,1,0,0,1,1,0,-1,1,1
KR_6764588183,420,0,-2,0,0,1,2,1,-3,2,5,4,8,4,-2,1,3,0,2,2,0,5,-30,-4,6,2,36,0,1,-1,-1,1,1,2,1
KR_6711114625,420,3,-36,26,8,1,2,1,5,9,4,0,3,3,2,4,2,0,1,1,0,11,5,3,4,7,0,0,-1,-1,1,-1,1,5,1
KR_6680824359,420,1,-9,-2,5,4,6,2,3,5,2,2,4,2,-1,1,2,-3,0,3,2,8,7,1,5,6,-1,0,0,-1,1,-1,1,4,1
KR_6744484338,420,5,51,18,5,6,6,0,4,5,1,-3,0,3,0,1,1,-2,1,3,0,4,-4,-5,9,4,-1,0,1,-1,1,1,1,3,1
KR_6723429916,420,4,9,-4,16,10,10,0,3,4,1,0,3,3,4,6,2,-1,0,1,0,5,0,2,2,4,1,0,0,1,-1,1,-1,2,1
KR_6752628182,420,2,-31,16,4,1,2,1,-1,4,5,0,2,2,5,5,0,-1,0,1,0,13,-15,2,5,7,4,0,0,1,0,1,-1,5,1
KR_6718078661,420,-2,-5,-8,0,1,2,1,2,2,0,-2,1,3,0,3,3,-1,2,3,1,0,30,4,3,7,1,0,0,1,1,1,1,2,1
KR_6687201341,420,5,-20,12,11,1,3,2,4,5,1,2,2,0,1,3,2,3,5,2,2,9,-9,-4,9,5,-4,0,0,1,1,0,1,6,1
KR_6757799586,420,4,149,-20,9,-1,4,5,3,3,0,6,6,0,0,2,2,1,3,2,0,8,-27,1,3,4,4,0,2,-1,1,1,1,3,1
KR_6713131202,420,3,45,42,2,-5,1,6,0,3,3,2,3,1,5,6,1,0,1,1,-1,-1,-3,-1,6,5,2,0,2,1,1,1,1,3,1
KR_6765092771,420,-1,44,-11,-3,-2,1,3,1,6,5,-3,1,4,-1,0,1,2,2,0,0,-3,1,0,6,6,-2,0,1,-1,1,1,-1,5,1
KR_6757940197,420,0,-18,-11,-2,-1,2,3,-2,3,5,-1,4,5,3,5,2,-1,2,3,0,-1,0,-1,4,3,-2,0,0,1,-1,0,-1,1,1
KR_6588742762,420,0,4,12,4,4,4,0,2,7,5,3,5,2,-2,0,2,-3,0,3,0,2,7,4,7,11,-4,0,1,1,1,1,-1,4,1
KR_6763913811,420,1,37,11,9,4,4,0,-1,4,5,5,6,1,0,0,0,1,1,0,1,8,-37,4,2,6,-1,0,1,-1,1,1,1,5,1
KR_6759170294,420,4,51,16,13,0,0,0,4,7,3,3,5,2,6,8,2,0,1,1,0,15,6,2,6,8,-1,0,0,1,1,-1,1,5,1
KR_6763074937,420,2,32,0,7,-1,3,4,2,4,2,3,3,0,2,5,3,1,2,1,1,14,-1,1,4,5,4,0,2,-1,1,1,1,3,1
KR_6765540747,420,1,-42,0,4,-1,4,5,3,3,0,2,2,0,-2,2,4,2,2,0,1,4,152,5,5,10,-4,0,-1,-1,0,-1,1,4,1
KR_6741564918,420,2,-43,3,13,-2,2,4,5,5,0,7,8,1,0,3,3,3,4,1,0,13,5,2,2,4,-4,0,0,-1,1,0,1,3,1
KR_6764331072,420,-1,-27,-21,0,4,5,1,1,1,0,-5,3,8,1,1,0,-1,1,2,-1,-6,-1,-1,6,5,-1,0,0,1,1,1,-1,3,1
KR_6764864241,420,-4,-37,-36,-5,4,6,2,0,2,2,-5,0,5,-4,3,7,0,1,1,-1,-2,-5,2,4,6,0,0,0,-1,1,1,-1,1,1
KR_6753116166,420,-2,-10,-16,1,4,5,1,-7,2,9,1,3,2,4,6,2,-1,0,1,0,-4,-23,-2,5,3,-5,0,0,-1,-1,0,1,1,1
KR_6734573446,440,1,41,15,3,-1,0,1,1,6,5,-1,0,1,4,4,0,0,0,0,0,5,1,2,5,7,0,0,0,0,-1,0,-1,0,1
KR_6727019171,420,5,37,14,12,4,5,1,9,11,2,2,4,2,-6,2,8,3,3,0,0,3,6,2,3,5,4,0,0,1,-1,1,-1,4,1
KR_6751231240,420,0,25,-1,4,-1,0,1,2,5,3,-1,1,2,3,4,1,1,1,0,1,1,-3,1,5,6,2,0,1,-1,1,1,1,1,1
KR_6760335172,420,10,166,42,20,3,3,0,3,3,0,5,5,0,6,8,2,3,3,0,2,14,20,1,3,4,4,0,3,1,1,1,1,3,1
KR_6762219225,420,0,87,-7,4,1,1,0,-1,3,4,3,3,0,1,1,0,0,0,0,0,4,6,1,4,5,-1,0,0,0,1,1,1,0,1
KR_6742063955,420,2,-14,3,6,-1,3,4,5,5,0,0,1,1,1,1,0,1,1,0,0,16,-7,-1,8,7,7,0,2,1,1,1,1,1,1
KR_6663358811,420,3,50,4,8,0,3,3,3,5,2,1,4,3,3,3,0,1,1,0,0,6,2,2,4,6,4,0,0,1,1,1,1,2,1
KR_6761799284,420,0,-42,-25,-1,1,4,3,1,1,0,0,3,3,-3,1,4,0,0,0,0,-5,4,2,6,8,-3,0,-1,-1,-1,-1,-1,2,1
KR_6724086160,420,8,97,31,14,2,2,0,-4,1,5,3,3,0,10,10,0,3,3,0,0,16,10,3,1,4,2,0,5,1,1,1,1,1,1
KR_6608810600,420,-2,-5,-20,-5,1,2,1,-1,0,1,-1,1,2,-2,2,4,-2,0,2,0,-10,4,-3,9,6,1,0,0,0,-1,0,-1,0,1
KR_6609292179,420,-1,77,-1,-5,-1,1,2,0,2,2,3,3,0,-6,0,6,-1,0,1,0,-10,0,0,4,4,2,0,0,-1,1,1,-1,5,1
KR_6753279046,420,0,-2,4,0,1,1,0,-2,1,3,3,4,1,-3,3,6,1,1,0,0,-9,168,0,5,5,-3,0,1,-1,-1,1,1,6,1
KR_6706899949,420,5,84,20,4,2,3,1,0,3,3,2,3,1,1,4,3,-1,2,3,0,4,-4,-4,9,5,1,0,1,1,-1,1,1,2,1
KR_6692541540,420,-1,2,22,-2,-2,1,3,-1,1,2,-4,0,4,7,7,0,-2,0,2,0,7,-15,0,5,5,2,0,0,1,1,0,-1,1,1
KR_6764232921,420,0,-47,8,-5,-2,1,3,1,4,3,-3,3,6,-1,2,3,0,0,0,0,2,-13,3,2,5,-1,0,0,-1,-1,0,-1,1,1
KR_6762359170,420,1,-11,8,1,-1,1,2,1,1,0,2,3,1,0,0,0,-1,0,1,0,0,-1,1,3,4,3,0,0,1,1,0,-1,5,1
KR_6762204472,420,1,27,-18,7,3,5,2,1,2,1,0,2,2,1,3,2,2,3,1,0,10,53,4,4,8,-24,0,0,-1,1,1,1,3,1
KR_6724241466,420,6,103,22,10,4,5,1,3,3,0,-1,0,1,3,3,0,1,1,0,0,12,239,4,1,5,2,0,3,1,1,1,1,1,1
KR_6760745484,440,3,1,-48,10,4,5,1,1,2,1,3,3,0,1,5,4,1,1,0,0,10,-1,1,4,5,2,0,1,0,1,1,1,0,1
KR_6550514187,420,5,23,-12,10,4,5,1,2,4,2,2,4,2,0,3,3,2,3,1,0,11,6,0,5,5,0,0,-1,-1,1,1,1,6,1
KR_6687220949,420,4,21,28,7,3,3,0,-2,1,3,1,4,3,2,4,2,3,4,1,0,10,-17,2,5,7,-3,0,0,-1,-1,-1,1,4,1
KR_6733398687,440,8,130,16,25,-1,2,3,2,4,2,7,7,0,11,11,0,6,6,0,0,17,41,2,0,2,-15,0,2,1,-1,1,1,5,1
KR_6640707976,440,4,77,36,9,4,4,0,0,4,4,-1,1,2,6,7,1,0,0,0,2,16,-1,3,4,7,3,0,3,1,1,1,1,3,1
KR_6737687537,420,-1,25,36,-4,-3,0,3,2,5,3,-5,1,6,2,6,4,0,2,2,0,2,-3,-3,9,6,5,0,-1,1,-1,-1,-1,1,1
KR_6729489565,420,3,36,-25,12,5,5,0,0,2,2,2,3,1,0,1,1,5,6,1,0,12,0,4,6,10,1,0,1,1,1,1,1,1,1
KR_6745008857,440,8,36,28,14,3,4,1,1,3,2,1,2,1,1,1,0,8,8,0,0,14,0,-3,6,3,3,0,1,-1,1,1,1,5,1
KR_6764757914,420,0,-1,-4,3,1,3,2,-1,2,3,2,2,0,1,1,0,0,1,1,0,-1,-10,-2,8,6,3,0,0,-1,1,0,-1,5,1
KR_6764340218,420,5,31,8,12,-1,2,3,3,4,1,1,2,1,10,10,0,-1,0,1,3,24,-89,2,6,8,0,0,2,1,-1,1,1,4,1
KR_6744812746,420,0,33,-33,2,0,1,1,3,3,0,-1,4,5,-1,0,1,1,1,0,0,1,30,0,5,5,0,0,1,1,-1,1,1,6,1
KR_6629591356,420,7,57,40,14,2,3,1,1,3,2,3,4,1,3,4,1,5,6,1,-1,7,-5,1,3,4,-1,0,1,1,1,1,-1,4,1
KR_6680360283,420,4,60,-16,12,-1,2,3,-1,3,4,5,5,0,6,9,3,3,3,0,1,2,-8,-2,5,3,5,0,2,1,1,1,1,4,1
KR_6723833774,420,2,14,12,10,0,2,2,3,6,3,0,2,2,7,10,3,0,0,0,1,11,0,4,6,10,2,0,1,1,-1,1,1,2,1
KR_6753377157,420,-3,-62,-16,-4,-1,3,4,-2,2,4,-1,0,1,0,3,3,0,0,0,0,-5,37,-2,6,4,0,0,-1,1,1,-1,-1,3,1
KR_6726495256,420,6,-3,24,13,1,1,0,6,7,1,-1,0,1,1,4,3,6,6,0,0,19,-13,-8,12,4,8,0,0,-1,1,0,1,3,1
KR_6750849032,420,5,44,0,12,3,5,2,1,6,5,2,3,1,5,5,0,1,3,2,4,3,10,0,2,2,2,0,2,-1,0,1,1,1,1
KR_6742052370,440,3,59,-16,9,5,5,0,-3,3,6,-1,1,2,9,11,2,-1,2,3,0,9,-24,-3,7,4,3,0,0,0,0,0,-1,0,1
KR_6632251646,420,1,-37,4,2,-2,1,3,4,4,0,0,2,2,-1,3,4,1,1,0,0,10,7,1,3,4,-6,0,0,-1,1,1,1,2,1
KR_6762180530,420,0,65,-11,8,3,3,0,1,2,1,2,2,0,4,5,1,-2,1,3,0,9,-11,3,3,6,-1,0,1,-1,1,1,1,4,1
KR_6758001673,420,-1,-89,-10,0,0,1,1,2,4,2,3,5,2,-6,2,8,1,1,0,0,5,-3,-1,5,4,3,0,-2,1,-1,-1,-1,5,1
KR_6763556384,420,3,-19,-2,7,1,2,1,1,6,5,0,3,3,4,5,1,1,1,0,0,3,-6,-1,5,4,-1,0,0,-1,1,0,1,2,1
KR_6759479549,420,-1,9,11,1,1,3,2,0,2,2,1,5,4,0,1,1,-1,0,1,0,4,2,8,1,9,-6,0,1,-1,-1,1,-1,4,1
KR_6758178425,420,0,11,-23,2,4,7,3,-1,3,4,-1,3,4,0,5,5,0,2,2,0,-2,0,-1,5,4,4,0,0,1,1,1,1,6,1
KR_6685050455,420,2,7,21,-2,2,3,1,-6,1,7,2,3,1,0,3,3,0,2,2,0,-3,4,0,5,5,-5,0,-1,0,-1,-1,-1,0,1
KR_6751397978,420,-4,-18,11,-2,2,4,2,-5,2,7,4,5,1,-4,3,7,1,5,4,1,-4,-5,1,4,5,2,0,1,1,1,1,1,2,1
KR_6683005666,420,-2,-4,0,-5,-6,0,6,2,5,3,-1,1,2,-1,3,4,1,2,1,0,-3,6,2,7,9,-3,0,1,1,-1,-1,1,6,1
KR_6757021108,420,4,73,0,9,6,6,0,1,1,0,3,6,3,0,3,3,-1,0,1,0,8,-4,4,5,9,-1,0,2,-1,1,1,-1,1,1
KR_6728505671,420,2,52,-6,6,-1,2,3,4,5,1,0,4,4,3,5,2,0,0,0,1,9,-1,-3,9,6,6,0,3,1,-1,1,1,4,1
KR_6590648852,420,4,-13,32,4,2,4,2,0,2,2,4,4,0,-2,2,4,0,2,2,0,1,26,3,7,10,-6,0,0,1,-1,0,-1,2,1
KR_6764782041,420,1,45,29,4,0,0,0,3,3,0,0,3,3,2,3,1,-1,0,1,1,3,-24,-1,6,5,-3,0,1,1,1,1,1,2,1
KR_6750525475,420,1,18,8,4,2,2,0,1,1,0,1,2,1,2,3,1,-2,0,2,0,7,5,-2,7,5,-3,0,0,-1,1,1,-1,6,1
KR_6646305940,420,3,99,-20,6,5,5,0,0,3,3,3,8,5,-2,1,3,0,0,0,0,0,3,0,3,3,-2,0,1,-1,1,1,-1,3,1
KR_6763003331,420,6,66,40,10,3,5,2,5,5,0,4,8,4,-3,2,5,1,2,1,0,7,19,5,5,10,-8,0,2,1,1,1,1,2,1
KR_6696929204,420,1,1,-8,8,0,1,1,3,6,3,7,9,2,-2,1,3,0,0,0,0,11,-6,-1,5,4,1,0,1,1,0,1,1,1,1
KR_6640080957,420,3,44,-12,1,1,1,0,0,4,4,1,2,1,-1,4,5,0,0,0,0,-1,119,-4,8,4,3,0,0,1,-1,1,1,2,1
KR_6737197164,420,-1,11,-4,0,-2,0,2,0,3,3,-3,0,3,4,5,1,1,5,4,0,8,-3,-2,6,4,9,0,1,-1,-1,1,-1,5,1
KR_6650810425,420,1,26,3,-2,-3,2,5,3,4,1,0,1,1,-1,1,2,-1,0,1,0,-3,6,1,3,4,-1,0,0,1,0,0,1,2,1
KR_6723297821,420,5,71,13,12,5,5,0,5,5,0,3,6,3,-1,2,3,0,0,0,0,10,-26,-1,6,5,29,0,1,1,1,1,1,4,1
KR_6760489132,420,4,34,-4,14,1,3,2,3,4,1,2,4,2,8,8,0,0,0,0,1,15,-67,3,1,4,-1,0,2,1,1,1,1,1,1
KR_6747038412,420,-1,-24,8,-7,-2,2,4,-1,3,4,0,3,3,-5,0,5,1,1,0,0,-5,1,-6,9,3,3,0,-1,0,0,-1,1,0,1
KR_6681082863,420,6,164,-8,16,8,9,1,0,5,5,3,3,0,4,5,1,1,1,0,0,8,39,-1,7,6,-12,0,3,1,1,1,-1,4,1
KR_6687944760,420,4,48,18,7,0,1,1,-2,2,4,6,6,0,2,3,1,1,1,0,0,1,-9,2,5,7,4,0,2,-1,1,1,-1,5,1
KR_6693937716,420,4,101,36,11,4,4,0,0,1,1,1,3,2,4,5,1,2,3,1,2,19,4,-6,9,3,6,0,2,1,1,1,1,5,1
KR_6762806704,420,0,43,27,5,-1,2,3,-1,3,4,4,4,0,1,2,1,2,3,1,-1,6,2,-3,8,5,-1,0,1,1,1,1,-1,6,1
KR_6753167023,420,2,80,1,6,4,4,0,2,4,2,2,3,1,-1,1,2,-1,1,2,0,0,25,3,4,7,1,0,1,0,1,1,-1,0,1
KR_6746357057,440,2,93,-12,14,3,3,0,1,1,0,1,2,1,7,7,0,2,2,0,0,13,0,2,2,4,0,0,0,0,1,0,1,0,1
KR_6472748989,420,1,27,-2,4,-1,1,2,-1,1,2,1,3,2,2,4,2,3,3,0,1,6,50,-1,6,5,4,0,0,1,-1,1,1,6,1
KR_6764110291,420,-1,-41,-12,-1,-5,1,6,1,5,4,0,3,3,3,3,0,0,2,2,0,4,0,2,5,7,-1,0,0,1,1,1,-1,6,1
KR_6762000910,420,3,31,-37,7,0,1,1,3,4,1,-5,1,6,5,7,2,4,4,0,2,16,-11,-2,6,4,7,0,1,1,1,1,1,4,1
KR_6738362963,440,-1,-16,8,-2,-2,1,3,0,5,5,1,4,3,0,2,2,-1,0,1,0,-4,23,1,6,7,-12,0,-1,0,1,-1,-1,0,1
KR_6734758336,420,3,28,32,10,3,3,0,3,3,0,2,3,1,2,3,1,0,3,3,2,14,128,0,5,5,-3,0,0,1,-1,1,1,2,1
KR_6740445823,420,-2,-34,-20,0,-1,1,2,7,8,1,-2,0,2,0,3,3,-4,2,6,0,-5,-29,-1,5,4,10,0,-1,-1,1,-1,1,3,1
KR_6760588115,420,-1,-44,17,-8,1,2,1,-1,0,1,-7,0,7,-1,5,6,0,6,6,-1,-20,24,-5,9,4,-7,0,0,-1,-1,-1,-1,5,1
KR_6677637103,420,5,66,29,11,1,1,0,4,6,2,2,4,2,5,6,1,-1,0,1,-1,11,11,2,6,8,-3,0,0,1,-1,1,-1,1,1
KR_6741503488,420,2,52,17,-2,1,3,2,-2,1,3,-1,1,2,0,5,5,0,0,0,0,1,-5,-5,7,2,2,0,-1,1,-1,-1,-1,5,1
KR_6760675515,420,3,-18,16,6,-2,2,4,6,7,1,5,6,1,-3,1,4,0,0,0,-1,11,-19,-6,8,2,3,0,0,1,1,0,-1,3,1
KR_6611912973,420,-2,50,-19,-2,-2,1,3,-4,2,6,1,1,0,2,2,0,1,1,0,0,-3,15,4,1,5,-3,0,1,1,1,1,-1,1,1
KR_6646852102,420,7,78,19,13,1,1,0,1,3,2,9,9,0,1,4,3,1,1,0,0,20,2,4,5,9,3,0,1,1,-1,1,1,1,1
KR_6691802966,420,-6,6,-40,-8,-4,1,5,1,4,3,-6,1,7,1,2,1,0,0,0,-1,-3,-2,3,3,6,-3,0,0,-1,-1,-1,-1,5,1
KR_6734974918,420,2,0,6,2,2,3,1,1,2,1,-1,0,1,-1,2,3,1,1,0,0,2,-4,-1,5,4,4,0,0,-1,-1,0,1,3,1
KR_6692939948,420,-3,-52,6,-10,-3,2,5,-2,3,5,-4,0,4,0,2,2,-1,0,1,0,-16,10,1,2,3,-3,0,-2,1,1,-1,1,3,1
KR_6743948080,420,1,82,-10,6,-2,1,3,-3,0,3,6,10,4,5,7,2,0,1,1,3,13,-2,5,4,9,0,0,0,1,1,1,1,5,1
KR_6749705092,420,-2,-61,-9,-10,-5,0,5,0,4,4,-2,2,4,-4,0,4,1,1,0,-2,-15,18,-5,8,3,-4,0,0,-1,-1,-1,-1,5,1
KR_6762857694,420,0,-21,32,2,-2,0,2,0,2,2,2,3,1,2,3,1,0,1,1,0,5,-45,2,5,7,19,0,-1,1,1,-1,-1,6,1
KR_6756170553,440,1,17,0,0,-3,2,5,1,4,3,4,4,0,4,6,2,-6,0,6,0,-5,0,-1,7,6,-4,0,-1,-1,1,-1,-1,2,1
KR_6694706772,420,1,-2,-7,3,-2,1,3,3,4,1,4,5,1,-1,0,1,-1,3,4,0,6,7,-2,5,3,3,0,-1,1,-1,-1,1,1,1
KR_6706964045,440,3,77,16,11,0,1,1,-1,1,2,13,14,1,1,4,3,-2,0,2,0,13,5,2,4,6,0,0,-1,-1,1,-1,1,1,1
KR_6594778997,420,1,-1,21,3,5,5,0,0,3,3,-1,4,5,-1,2,3,0,1,1,0,3,-259,3,4,7,0,0,0,-1,1,0,1,3,1
KR_6652604255,420,0,43,16,7,5,7,2,0,2,2,1,3,2,1,3,2,0,1,1,0,9,-6,1,5,6,4,0,2,1,1,1,1,5,1
KR_6762298124,420,0,60,20,-4,-4,0,4,0,1,1,-4,1,5,2,2,0,2,2,0,0,-3,4,1,4,5,2,0,1,1,-1,1,1,3,1
KR_6736348304,440,1,64,0,-2,0,4,4,0,3,3,0,1,1,1,3,2,-3,1,4,0,2,5,-4,8,4,3,0,0,-1,-1,0,-1,3,1
KR_6756002492,420,3,15,-12,11,0,1,1,-4,1,5,2,6,4,3,3,0,10,10,0,0,10,5,0,1,1,1,0,2,-1,1,1,-1,5,1
KR_6753730992,420,-6,-99,-8,-12,-3,0,3,2,3,1,-6,1,7,-5,0,5,0,1,1,0,-16,-1,-1,9,8,-6,0,0,1,1,-1,1,4,1
KR_6666286426,420,2,109,25,8,-1,1,2,0,5,5,4,6,2,4,6,2,1,1,0,0,13,8,0,3,3,3,0,2,1,1,1,1,6,1
KR_6753771145,420,2,61,-36,6,5,5,0,2,5,3,-2,0,2,2,5,3,-1,0,1,0,4,-3,-1,5,4,3,0,0,-1,-1,1,1,2,1
KR_6761834713,420,0,5,-15,-1,0,2,2,2,2,0,-2,1,3,-2,4,6,1,1,0,1,1,4,5,1,6,-13,0,0,0,1,0,1,0,1
KR_6758226169,420,-3,-36,36,-7,-1,1,2,-2,0,2,-2,4,6,-3,0,3,1,1,0,0,-12,-1,4,2,6,-4,0,0,0,1,0,-1,0,1
KR_6676909063,420,3,39,28,7,3,3,0,3,4,1,1,1,0,3,4,1,-3,0,3,0,6,-8,0,5,5,2,0,1,1,1,1,1,4,1
KR_6734157335,440,0,51,4,-5,-2,1,3,1,1,0,-1,1,2,-1,1,2,-2,0,2,0,-12,-48,-6,10,4,6,0,0,-1,-1,0,1,6,1
KR_6755508557,420,0,1,-4,2,2,3,1,4,5,1,-2,0,2,-2,6,8,0,1,1,1,5,-8,-5,10,5,6,0,0,1,1,0,1,3,1
KR_6681758096,440,5,-13,26,9,2,2,0,4,5,1,4,6,2,0,2,2,-1,1,2,0,15,4,0,5,5,4,0,0,-1,1,-1,-1,6,1
KR_6642055404,420,-1,39,-28,-7,-1,3,4,0,6,6,-6,0,6,-1,1,2,1,2,1,0,-3,-17,-1,7,6,0,0,-1,-1,-1,-1,-1,2,1
KR_6763172214,420,2,-29,28,5,5,7,2,-2,4,6,5,6,1,-1,2,3,-2,0,2,0,-6,-4,-2,7,5,-3,0,0,0,1,0,1,0,1
KR_6758144511,420,5,62,36,9,-1,1,2,1,2,1,11,13,2,-2,1,3,0,0,0,2,5,-1,1,5,6,1,0,0,1,1,1,-1,2,1
KR_6764234986,420,4,34,22,1,1,3,2,2,5,3,1,7,6,1,4,3,-4,0,4,0,-4,4,2,5,7,-5,0,0,-1,1,1,1,4,1
KR_6742868595,420,-2,70,-4,-7,3,4,1,-2,0,2,-5,1,6,-3,1,4,0,3,3,0,-8,26,-1,7,6,1,0,0,-1,1,1,-1,5,1
KR_6754119941,440,1,32,-3,11,2,2,0,3,4,1,12,12,0,-4,3,7,-2,0,2,1,1,1,0,3,3,2,0,1,-1,1,1,1,4,1
KR_6637850897,420,2,-39,-4,5,-1,2,3,1,4,3,0,1,1,6,7,1,-1,0,1,1,14,-5,2,5,7,5,0,1,-1,-1,1,1,3,1
KR_6684166517,420,10,90,48,19,4,6,2,2,4,2,5,6,1,5,8,3,3,3,0,0,20,25,2,2,4,0,0,3,1,1,1,1,4,1
KR_6752469887,420,0,-7,19,-3,1,2,1,-3,2,5,2,3,1,-3,1,4,0,2,2,0,-3,-27,2,3,5,1,0,-1,-1,1,-1,-1,6,1
KR_6615859574,420,6,78,10,20,5,5,0,6,6,0,1,6,5,7,8,1,1,3,2,2,16,8,4,3,7,-2,0,2,1,1,1,1,4,1
KR_6608629652,420,2,72,-24,5,0,2,2,2,4,2,2,3,1,-1,0,1,2,2,0,0,7,0,0,6,6,4,0,0,0,1,1,1,0,1
KR_6751698236,420,0,19,-8,-1,0,1,1,4,7,3,-3,2,5,0,1,1,-2,0,2,0,4,-2,0,3,3,4,0,1,0,0,1,-1,0,1
KR_6765557447,420,4,18,-4,8,-1,1,2,6,6,0,-1,2,3,5,5,0,-1,1,2,0,12,-1,0,8,8,-1,0,1,1,1,1,1,4,1
KR_6759426767,420,1,20,16,2,0,1,1,2,6,4,1,4,3,-2,2,4,1,1,0,0,-1,-2,-1,6,5,-4,0,-1,0,-1,-1,1,0,1
KR_6754801613,420,1,-2,-4,4,1,2,1,-1,1,2,-2,5,7,2,4,2,4,4,0,0,-5,1,-1,5,4,-3,0,-1,1,-1,-1,-1,4,1
KR_6753384854,420,2,18,-8,2,-1,2,3,1,2,1,6,8,2,-1,1,2,-3,1,4,-1,3,7,4,1,5,1,0,2,1,1,1,-1,3,1
KR_6667290500,420,2,-9,-12,7,1,3,2,1,2,1,1,2,1,4,4,0,0,1,1,0,11,17,1,5,6,4,0,0,1,-1,1,1,3,1
KR_6764306379,420,2,59,-24,3,-1,1,2,2,2,0,3,4,1,-3,5,8,2,3,1,-1,10,-3,-5,9,4,3,0,0,-1,1,1,-1,3,1
KR_6741264392,440,-1,12,0,10,2,3,1,2,4,2,-2,1,3,6,10,4,2,2,0,1,12,6,5,4,9,10,0,1,1,1,1,1,3,1
KR_6687160161,420,2,53,11,7,3,5,2,-3,1,4,1,2,1,0,1,1,6,7,1,0,4,17,1,4,5,2,0,0,1,1,-1,1,1,1
KR_6764269094,420,-1,-81,17,3,-2,1,3,3,7,4,1,4,3,1,3,2,0,0,0,0,15,8,2,5,7,-2,0,0,1,-1,-1,-1,3,1
KR_6743153303,420,3,20,16,9,-2,1,3,1,3,2,0,1,1,10,10,0,0,2,2,2,14,-73,-2,4,2,-1,0,-1,1,-1,-1,1,2,1
KR_6759237658,440,0,71,-11,4,1,4,3,2,4,2,2,2,0,-2,0,2,1,2,1,-1,1,33,-6,10,4,-1,0,0,-1,0,1,-1,2,1
KR_6727041102,420,1,80,-5,6,-2,2,4,2,4,2,-1,1,2,9,10,1,-2,0,2,0,1,36,6,3,9,-18,0,1,1,-1,1,1,3,1
KR_6684764071,420,-3,-15,-20,-8,2,4,2,-3,1,4,-3,2,5,-5,0,5,1,2,1,-2,-5,1,1,2,3,-2,0,0,-1,1,0,-1,1,1
KR_6605383053,420,3,41,-30,5,5,5,0,-3,2,5,-2,0,2,4,5,1,1,1,0,0,2,3,2,9,11,1,0,0,-1,-1,0,-1,6,1
KR_6710602802,420,-1,46,6,-4,2,2,0,-5,2,7,-1,1,2,1,2,1,-1,0,1,-1,-3,-7,1,3,4,5,0,0,-1,1,0,-1,2,1
KR_6756698248,420,3,49,6,7,0,2,2,4,5,1,0,2,2,2,2,0,1,1,0,0,7,20,-1,4,3,-3,0,3,1,1,1,1,2,1
KR_6691360513,420,-2,-20,16,-1,2,4,2,2,3,1,0,3,3,-5,1,6,0,1,1,0,4,1,0,5,5,-2,0,3,1,1,1,-1,4,1
KR_6713204888,420,1,-1,3,4,-1,0,1,2,2,0,1,1,0,2,2,0,0,0,0,0,5,-99,2,3,5,-2,0,0,1,1,0,1,1,1
KR_6759565926,420,3,30,0,5,5,5,0,1,2,1,-3,3,6,3,3,0,-1,0,1,0,6,-13,-7,9,2,-1,0,1,-1,0,1,1,2,1
KR_6681870264,420,-1,48,0,7,1,1,0,4,6,2,-2,0,2,2,2,0,2,2,0,0,7,2,4,2,6,-3,0,0,1,-1,0,1,1,1
KR_6757651048,420,6,-8,48,9,-2,0,2,7,8,1,2,3,1,4,4,0,-2,0,2,0,3,42,0,7,7,-5,0,0,1,1,0,-1,4,1
KR_6760462982,420,4,83,4,14,1,1,0,10,10,0,2,3,1,0,2,2,1,1,0,0,11,33,0,6,6,0,0,1,1,1,1,1,3,1
KR_6763374099,420,-1,38,-8,5,6,6,0,0,4,4,-2,3,5,1,5,4,0,1,1,0,11,17,1,3,4,-2,0,1,1,-1,1,-1,5,1
KR_6723382931,420,-3,28,10,-4,0,2,2,-2,4,6,5,5,0,-7,1,8,0,3,3,1,-5,-3,-3,9,6,-3,0,0,-1,1,1,1,5,1
KR_6712505100,420,-3,38,-8,0,-1,3,4,2,2,0,1,3,2,-2,3,5,0,2,2,0,-5,-9,1,4,5,-3,0,-1,1,-1,-1,1,2,1
KR_6758811215,420,2,-4,-4,5,-2,0,2,0,1,1,0,3,3,4,5,1,3,3,0,0,17,5,-2,6,4,0,0,1,1,1,1,-1,3,1
KR_6675518483,420,1,15,15,4,4,4,0,-2,2,4,2,3,1,-1,4,5,1,1,0,0,-2,-22,7,3,10,4,0,0,1,1,0,-1,5,1
KR_6684287458,420,6,16,30,10,2,3,1,6,6,0,0,1,1,1,4,3,1,1,0,0,13,32,1,4,5,-1,0,1,0,1,1,1,0,1
KR_6765171100,420,-2,12,-15,-6,-2,2,4,-2,0,2,-1,0,1,1,3,2,-2,0,2,1,-3,43,1,7,8,-3,0,0,-1,1,0,1,2,1
KR_6764265789,420,2,52,11,10,1,2,1,6,8,2,4,5,1,-1,1,2,0,2,2,0,12,-49,-1,5,4,31,0,2,-1,1,1,1,5,1
KR_6615951395,420,0,40,-28,4,3,3,0,-2,1,3,0,2,2,-1,1,2,4,4,0,0,5,4,-3,7,4,2,0,1,1,1,1,-1,5,1
KR_6749572058,420,5,83,20,12,6,7,1,4,4,0,-1,3,4,2,5,3,1,3,2,2,10,-5,0,8,8,1,0,2,1,0,1,1,4,1
KR_6755310210,420,6,77,17,7,3,5,2,-1,5,6,-1,2,3,3,7,4,3,3,0,1,1,-7,2,4,6,3,0,1,1,1,1,1,3,1
KR_6730021060,420,0,2,-3,1,3,3,0,-1,4,5,-2,0,2,2,4,2,-1,1,2,0,1,1,-1,6,5,-2,0,1,-1,-1,1,1,4,1
KR_6629852759,420,7,84,4,12,6,7,1,2,2,0,1,1,0,3,5,2,0,2,2,0,9,12,3,2,5,0,0,3,1,-1,1,1,5,1
KR_6592351377,420,5,62,32,8,1,2,1,1,3,2,2,2,0,4,5,1,0,0,0,0,9,43,1,6,7,-20,0,0,1,-1,0,1,2,1
KR_6757141473,420,-1,25,9,0,2,2,0,1,5,4,-1,1,2,-2,0,2,0,0,0,1,-1,24,1,5,6,-2,0,0,1,-1,0,1,6,1
KR_6732392814,420,-3,19,-31,-2,1,1,0,0,2,2,-6,0,6,2,2,0,1,1,0,-1,0,28,3,4,7,-19,0,0,-1,1,1,-1,2,1
KR_6763018109,420,2,59,0,2,0,1,1,1,2,1,-2,3,5,3,4,1,0,1,1,0,-1,4,1,5,6,3,0,1,0,-1,1,-1,0,1
KR_5851466760,420,0,-23,25,2,4,4,0,-5,3,8,1,1,0,0,0,0,2,2,0,0,0,8,4,7,11,-8,0,1,-1,1,1,1,3,1
KR_6753929388,420,3,60,12,6,-1,0,1,3,4,1,4,5,1,0,5,5,0,1,1,2,10,-3,-4,9,5,8,0,2,1,1,1,1,1,1
KR_6606825579,420,0,48,-8,-3,-1,2,3,-1,1,2,0,2,2,-2,7,9,1,1,0,0,-7,1,1,6,7,-4,0,1,-1,1,1,1,4,1
KR_6690710558,420,2,-24,10,3,-4,1,5,1,7,6,-2,0,2,0,5,5,8,10,2,2,-5,6,-3,8,5,-6,0,0,1,-1,0,1,2,1
KR_6758418522,440,3,106,32,6,7,7,0,0,5,5,3,4,1,-3,3,6,-1,0,1,0,4,-9,6,3,9,2,0,1,-1,1,1,1,1,1
KR_6760754255,420,0,8,28,-2,-4,1,5,0,4,4,2,5,3,2,3,1,-2,2,4,0,-2,-4,-2,7,5,4,0,-1,1,1,-1,-1,3,1
KR_6663280471,420,-1,-7,-2,3,-1,0,1,-3,2,5,5,5,0,4,8,4,-2,2,4,0,9,131,0,4,4,2,0,0,-1,-1,0,1,3,1
KR_6678140036,420,4,63,23,11,2,4,2,4,4,0,7,8,1,-1,2,3,-1,0,1,1,13,-2,4,3,7,4,0,3,1,1,1,1,4,1
KR_6702022320,440,4,44,38,7,8,10,2,-1,2,3,-1,3,4,6,7,1,-5,1,6,0,5,15,6,1,7,0,0,2,1,1,1,1,5,1
KR_6754946932,420,-2,-42,4,-3,-2,1,3,-1,1,2,1,1,0,-1,1,2,0,0,0,-1,-4,-13,-2,5,3,0,0,-1,1,0,-1,-1,2,1
KR_6752785039,420,0,-39,5,8,6,6,0,2,3,1,-1,6,7,1,3,2,0,0,0,-2,6,-24,0,2,2,6,0,1,1,1,1,-1,6,1
KR_6764518836,420,-3,-50,12,-5,3,4,1,-2,0,2,-6,2,8,0,1,1,0,0,0,0,-2,7,-4,7,3,0,0,-1,1,-1,-1,1,6,1
KR_6658678414,420,1,-16,11,6,-2,1,3,0,2,2,0,3,3,9,10,1,-1,1,2,1,10,5,8,3,11,-8,0,0,1,-1,1,1,3,1
KR_6764240434,420,3,35,16,1,3,5,2,-4,0,4,0,1,1,2,2,0,0,0,0,0,-2,-5,-3,8,5,2,0,1,1,1,1,-1,3,1
KR_6709327326,420,2,0,-7,6,7,8,1,-2,1,3,1,2,1,-3,1,4,3,4,1,-1,-1,-23,-2,6,4,-1,0,0,-1,1,0,-1,3,1
KR_6760694663,420,1,25,17,3,0,2,2,5,9,4,-1,2,3,2,3,1,-3,0,3,-1,0,2,6,3,9,0,0,2,1,-1,1,-1,5,1
KR_6758078182,420,1,1,19,1,-1,2,3,1,6,5,0,2,2,2,2,0,-1,0,1,0,11,9,4,4,8,2,0,1,1,1,1,1,6,1
KR_6713514927,420,0,28,-15,6,4,6,2,6,7,1,1,2,1,-3,5,8,-2,0,2,-1,0,18,2,6,8,1,0,2,1,1,1,-1,4,1
KR_6602405773,420,3,50,28,4,6,6,0,2,4,2,0,1,1,-3,1,4,-1,0,1,0,1,7,0,6,6,-6,0,0,-1,1,1,1,5,1
KR_6732576511,420,-2,63,-16,-2,1,2,1,-4,1,5,-1,1,2,3,6,3,-1,0,1,0,-4,-3,1,6,7,-1,0,0,0,1,0,1,0,1
KR_6761096808,440,4,29,49,4,0,0,0,5,6,1,0,1,1,-1,5,6,0,3,3,0,-1,6,-4,5,1,-3,0,0,1,1,0,1,3,1
KR_6722514199,440,5,40,12,9,2,4,2,0,1,1,1,1,0,4,4,0,2,6,4,-1,11,-2,6,1,7,-2,0,1,1,1,1,-1,3,1
KR_6761138496,420,8,91,60,9,4,5,1,3,4,1,0,3,3,0,2,2,2,2,0,0,5,-7,-2,3,1,0,0,3,1,1,1,1,6,1
KR_6722501952,420,2,-7,27,6,-4,1,5,5,5,0,0,1,1,7,7,0,-2,0,2,1,15,-19,6,3,9,0,0,0,-1,1,1,1,5,1
KR_6548605462,420,6,73,-16,14,1,1,0,7,9,2,-1,2,3,5,5,0,2,3,1,2,21,-5,8,2,10,2,0,3,-1,1,1,1,2,1
KR_6762547666,420,6,17,20,7,3,4,1,3,4,1,-1,1,2,1,4,3,1,1,0,0,14,-3,-2,4,2,-4,0,1,1,1,1,1,2,1
KR_6757308061,420,2,40,-3,1,1,3,2,0,3,3,-2,1,3,1,1,0,1,1,0,0,0,4,0,3,3,2,0,2,1,1,1,-1,2,1
KR_6700020140,420,-1,-11,0,1,0,2,2,2,3,1,1,4,3,-3,0,3,1,1,0,0,8,1,2,1,3,3,0,1,1,1,1,-1,4,1
KR_6673268340,420,0,16,-15,-1,-4,2,6,-1,1,2,0,3,3,4,10,6,0,1,1,-1,-3,-9,-7,10,3,5,0,-1,0,-1,-1,-1,0,1
KR_6764561820,420,0,-2,16,1,2,3,1,-1,3,4,-2,2,4,-1,0,1,3,4,1,0,7,41,1,6,7,2,0,0,1,-1,0,1,2,1
KR_6719705641,420,-1,10,7,4,-1,0,1,3,7,4,1,1,0,0,3,3,1,6,5,0,6,41,1,6,7,-29,0,-1,-1,1,-1,1,6,1
KR_6753118820,440,1,29,34,-2,3,3,0,0,4,4,-1,2,3,-3,2,5,-1,3,4,0,-7,-7,-2,7,5,5,0,1,-1,1,1,-1,5,1
KR_6663929721,420,3,22,13,9,-1,0,1,4,5,1,0,0,0,6,6,0,0,1,1,0,13,14,3,2,5,1,0,1,-1,1,1,1,2,1
KR_6681661835,440,0,24,-7,1,-2,1,3,2,5,3,-1,3,4,2,2,0,0,1,1,0,-1,-6,1,5,6,-9,0,1,0,-1,1,1,0,1
KR_6750096780,420,1,5,7,3,3,3,0,3,5,2,-4,3,7,1,2,1,0,0,0,0,12,-1,0,7,7,1,0,0,1,1,0,-1,1,1
KR_6744952075,420,6,88,16,16,3,4,1,6,7,1,1,3,2,6,9,3,0,1,1,3,21,7,3,5,8,1,0,1,1,1,1,1,2,1
KR_6694400051,420,-1,0,5,-4,-2,1,3,1,3,2,0,1,1,-1,1,2,-2,0,2,0,-1,-5,-3,8,5,-2,0,-1,1,-1,-1,-1,5,1
KR_6713610572,420,3,41,-17,5,-3,1,4,2,5,3,3,4,1,5,5,0,-2,0,2,0,7,15,4,5,9,-3,0,-1,1,-1,-1,-1,4,1
KR_6664790312,420,3,48,-16,5,-1,4,5,-1,2,3,7,7,0,2,2,0,-2,0,2,0,3,11,2,4,6,0,0,-1,-1,-1,-1,-1,6,1
KR_6760802957,420,0,-28,7,-3,1,4,3,-3,2,5,-4,0,4,1,2,1,2,3,1,0,-7,8,1,3,4,-1,0,0,-1,1,1,1,5,1
KR_6760892342,420,3,-34,34,6,3,3,0,2,4,2,3,3,0,-1,2,3,-1,2,3,0,3,-6,-1,4,3,1,0,0,0,1,0,-1,0,1
KR_6765103193,420,5,12,33,0,0,2,2,3,5,2,-3,1,4,0,3,3,0,0,0,0,-2,13,-5,8,3,-1,0,0,1,1,1,-1,6,1
KR_6747697626,420,4,10,13,9,1,3,2,2,3,1,8,8,0,-2,2,4,0,1,1,0,7,7,4,4,8,-5,0,1,-1,1,1,1,5,1
KR_6652165935,420,4,47,-25,14,1,3,2,2,3,1,9,10,1,0,2,2,2,2,0,2,11,-5,0,6,6,-1,0,1,-1,0,1,1,6,1
KR_6538722072,420,4,28,-2,12,1,1,0,-1,3,4,6,7,1,4,5,1,2,2,0,2,16,11,7,4,11,7,0,1,-1,1,1,1,2,1
KR_6698279964,420,-2,-31,-6,-1,-4,1,5,6,7,1,-1,1,2,0,2,2,-2,0,2,0,7,7,5,3,8,-4,0,-1,-1,-1,-1,1,1,1
KR_6493680989,420,5,56,47,12,0,1,1,1,4,3,1,3,2,10,14,4,0,1,1,3,21,-21,-3,13,10,10,0,2,-1,1,1,1,3,1
KR_6688555648,420,3,33,24,1,-1,3,4,3,4,1,-3,2,5,2,2,0,0,1,1,0,8,4,4,5,9,-1,0,0,-1,-1,-1,-1,4,1
KR_6758143147,440,3,47,-10,8,-1,1,2,3,4,1,-2,0,2,2,7,5,6,6,0,1,12,-3,6,0,6,0,0,-1,-1,-1,-1,1,6,1
KR_6750511219,420,4,43,16,13,5,5,0,1,2,1,2,3,1,4,5,1,1,1,0,0,10,-5,8,3,11,1,0,1,-1,1,1,1,5,1
KR_6651089016,420,-1,6,-11,4,-3,0,3,5,6,1,-1,1,2,1,2,1,2,3,1,0,11,-7,-2,4,2,0,0,-1,1,1,-1,1,2,1
KR_6762608794,440,0,70,14,-4,-2,2,4,0,1,1,-2,2,4,-1,2,3,1,2,1,2,-1,-8,1,2,3,-1,0,1,1,0,1,1,4,1
KR_6754099348,420,1,21,6,4,0,1,1,3,4,1,3,6,3,-1,0,1,-1,1,2,0,13,99,1,3,4,0,0,1,-1,-1,1,-1,4,1
KR_6756373222,420,0,20,-1,0,-3,0,3,-1,5,6,2,5,3,1,1,0,1,2,1,1,3,6,3,2,5,-4,0,0,-1,-1,1,1,3,1
KR_6615958071,420,-3,-23,-31,-5,1,2,1,0,2,2,-4,1,5,-3,0,3,1,1,0,0,1,9,-1,4,3,3,0,-1,1,-1,-1,1,5,1
KR_6759018057,420,-1,13,-2,-4,1,2,1,-2,2,4,-2,1,3,0,0,0,-1,0,1,1,-4,3,4,2,6,0,0,0,1,-1,0,1,6,1
KR_6757977458,420,2,-44,16,10,3,3,0,1,4,3,-1,2,3,4,9,5,3,4,1,0,8,0,-4,8,4,3,0,0,1,-1,0,1,1,1
KR_6753019778,420,6,5,20,20,2,3,1,11,11,0,2,2,0,5,5,0,0,1,1,0,21,138,3,3,6,0,0,1,1,-1,1,1,4,1
KR_6755566669,440,2,109,22,1,-6,2,8,5,7,2,1,1,0,0,5,5,1,2,1,0,3,12,4,5,9,1,0,0,1,-1,0,-1,6,1
KR_6746740899,420,-4,5,-52,2,2,4,2,1,3,2,-1,0,1,0,1,1,0,0,0,0,4,-10,-4,4,0,4,0,1,-1,-1,1,-1,2,1
KR_6736573524,420,5,51,-12,13,7,8,1,5,7,2,-3,4,7,3,4,1,1,2,1,1,4,9,2,3,5,2,0,2,1,1,1,1,6,1
KR_6758826409,420,2,-26,46,-3,2,2,0,-1,2,3,-1,1,2,-1,1,2,-2,1,3,0,-13,14,-3,11,8,3,0,1,-1,1,1,-1,4,1
KR_6760085865,420,-3,31,-20,-6,1,2,1,-5,0,5,-1,0,1,-1,0,1,0,0,0,0,-6,2,2,4,6,-1,0,0,1,-1,0,1,2,1
KR_6615257449,420,2,29,45,6,1,2,1,1,3,2,3,4,1,1,1,0,0,1,1,0,5,12,0,5,5,0,0,1,1,1,1,1,5,1
KR_6757503308,420,-3,-1,-20,-8,0,1,1,-4,0,4,1,2,1,-2,0,2,-3,2,5,-1,-11,25,-2,7,5,-5,0,0,-1,1,1,-1,6,1
KR_6759433739,420,2,21,20,9,1,2,1,10,11,1,-2,2,4,0,2,2,0,1,1,0,14,-9,-1,6,5,4,0,0,1,0,0,1,1,1
KR_6761502507,440,1,26,-1,-1,0,0,0,1,4,3,-5,1,6,4,7,3,-1,1,2,0,4,85,-1,7,6,-4,0,-1,-1,-1,-1,1,3,1
KR_6765199361,420,1,21,25,-4,2,3,1,-1,1,2,-2,4,6,-3,1,4,0,2,2,0,5,-9,1,3,4,5,0,-1,1,-1,-1,-1,3,1
KR_6758297338,420,2,41,27,7,-2,1,3,3,5,2,-3,1,4,9,10,1,0,1,1,0,7,6,-1,5,4,5,0,1,1,1,1,-1,6,1
KR_6745912396,420,-1,37,-28,-1,-1,3,4,-4,1,5,4,4,0,0,2,2,0,2,2,1,-2,-13,-5,7,2,7,0,0,1,-1,-1,1,4,1
KR_6747480534,420,2,66,-5,15,10,10,0,1,6,5,4,4,0,-1,2,3,1,4,3,0,3,-5,-1,3,2,1,0,1,1,-1,1,1,5,1
KR_6714015740,420,7,143,6,17,3,4,1,2,3,1,3,3,0,9,9,0,0,0,0,0,11,-5,1,3,4,4,0,2,1,-1,1,1,4,1
KR_6686029869,420,2,54,51,2,1,1,0,3,3,0,-2,2,4,0,4,4,0,1,1,0,3,22,-2,6,4,-4,0,1,-1,1,1,1,2,1
KR_6607774544,420,2,6,23,0,6,6,0,-6,2,8,2,2,0,-2,2,4,0,1,1,-1,-4,-29,-6,10,4,0,0,0,1,-1,-1,-1,6,1
KR_6760613169,420,3,81,-20,4,3,3,0,3,5,2,0,7,7,0,3,3,-2,0,2,0,-1,57,3,2,5,-28,0,2,1,-1,-1,1,3,1
KR_6687456081,420,5,17,-4,12,1,2,1,2,4,2,3,5,2,4,4,0,2,3,1,0,12,-43,6,1,7,28,0,1,1,1,1,-1,4,1
KR_6731508001,420,3,58,3,5,5,6,1,1,1,0,-1,3,4,-1,4,5,1,2,1,0,0,-4,3,6,9,-2,0,1,1,1,1,-1,1,1
KR_6761651258,420,-1,-22,27,-5,0,2,2,-2,1,3,0,1,1,-3,3,6,0,0,0,1,-1,17,-1,7,6,-3,0,0,1,-1,0,1,1,1
KR_6736233573,420,3,27,34,2,1,2,1,1,3,2,-1,5,6,-1,0,1,2,2,0,0,-2,9,6,3,9,1,0,0,1,1,1,1,5,1
KR_6702419389,420,3,-33,29,10,-1,3,4,7,7,0,1,1,0,3,4,1,0,1,1,0,17,2,3,2,5,-3,0,0,1,1,0,-1,4,1
KR_6761654782,440,5,10,20,11,4,4,0,0,1,1,6,6,0,3,4,1,-2,0,2,0,10,3,2,4,6,1,0,0,1,0,0,1,6,1
KR_6644813865,420,2,66,11,3,2,3,1,-1,1,2,2,3,1,2,3,1,-2,0,2,-1,-1,134,4,4,8,-3,0,2,1,1,1,-1,2,1
KR_6684851205,420,-1,-37,-4,6,1,1,0,-1,3,4,0,3,3,7,7,0,-1,0,1,0,5,0,-1,5,4,-1,0,1,0,1,1,1,0,1
KR_6713278941,420,-3,1,-16,-4,-2,0,2,3,5,2,-5,2,7,-2,1,3,2,2,0,0,-8,20,3,4,7,-25,0,1,1,1,1,1,6,1
KR_6689648758,420,-1,45,-8,-2,0,1,1,-2,4,6,-1,1,2,1,2,1,0,0,0,0,5,-7,-5,9,4,2,0,0,1,1,0,-1,1,1
KR_6723311995,420,8,55,37,13,4,4,0,5,6,1,4,6,2,0,0,0,0,1,1,1,6,4,3,1,4,3,0,2,1,1,1,1,3,1
KR_6605494314,420,-1,-9,8,-1,-1,0,1,1,3,2,-1,3,4,1,4,3,-1,1,2,-1,-2,-109,-2,9,7,-2,0,0,1,-1,-1,-1,1,1
KR_6740442249,420,-1,-51,-2,-5,2,3,1,-1,3,4,-1,3,4,-4,1,5,-1,1,2,-4,-10,-7,1,4,5,2,0,0,-1,1,1,-1,2,1
KR_6730468278,420,5,25,40,5,0,1,1,5,7,2,-2,0,2,0,1,1,2,2,0,0,12,2,1,5,6,1,0,0,-1,-1,0,-1,1,1
KR_6748441941,420,1,-56,43,0,1,1,0,2,2,0,1,2,1,-4,1,5,0,1,1,0,1,59,2,6,8,5,0,0,-1,1,1,-1,4,1
KR_6751229785,420,6,65,43,9,6,6,0,3,5,2,2,2,0,-2,1,3,0,0,0,0,8,43,-4,5,1,0,0,2,-1,1,1,1,3,1
KR_6748221194,420,10,117,54,7,4,4,0,2,4,2,2,3,1,0,3,3,-1,0,1,0,2,1,3,4,7,5,0,4,1,1,1,1,4,1
KR_6731074342,420,5,76,13,18,9,10,1,0,2,2,7,7,0,0,1,1,2,2,0,0,11,10,3,2,5,0,0,3,1,-1,1,1,4,1
KR_6684110252,420,0,-43,8,3,2,3,1,1,3,2,1,2,1,-1,1,2,0,1,1,0,8,17,-2,3,1,-2,0,-1,1,1,-1,1,2,1
KR_6751031752,420,1,-21,-47,1,1,3,2,3,5,2,3,4,1,-7,1,8,1,1,0,0,4,6,-1,7,6,-1,0,-1,-1,-1,-1,-1,2,1
KR_6741421977,420,-3,14,-12,-6,1,2,1,-4,3,7,0,2,2,-3,5,8,0,1,1,0,-8,-122,4,5,9,-4,0,-1,-1,1,-1,1,3,1
KR_6754114010,420,3,40,-4,14,7,8,1,0,1,1,-1,2,3,8,8,0,0,0,0,2,12,-11,-1,7,6,2,0,2,1,-1,1,1,6,1
KR_6763293621,420,0,18,-3,1,0,2,2,1,2,1,0,1,1,1,3,2,-1,1,2,-1,-1,-8,-1,4,3,4,0,0,1,1,1,-1,4,1
KR_6609025910,420,8,130,12,11,4,5,1,1,1,0,1,4,3,5,5,0,0,1,1,1,12,8,2,4,6,5,0,3,1,1,1,1,4,1
KR_6758920240,420,1,16,3,2,0,1,1,4,5,1,-1,2,3,-2,1,3,1,1,0,0,4,-6,-1,6,5,-1,0,0,1,-1,0,1,2,1
KR_6749867970,420,-1,116,11,5,-1,3,4,2,3,1,4,6,2,1,3,2,-1,1,2,0,2,-32,-3,7,4,7,0,1,1,1,1,1,5,1
KR_6760634118,420,0,-46,-13,0,-3,1,4,1,2,1,1,4,3,1,5,4,0,2,2,0,6,-1,-1,6,5,2,0,-1,0,-1,-1,-1,0,1
KR_6637746061,420,0,-4,20,1,-1,3,4,2,5,3,0,1,1,-1,2,3,1,1,0,0,7,-145,-1,8,7,-2,0,-1,1,-1,-1,1,1,1
KR_6740562090,420,5,20,31,14,10,11,1,1,2,1,-2,4,6,2,2,0,3,3,0,0,17,-9,-9,11,2,9,0,2,1,1,1,-1,4,1
KR_6733022787,420,0,7,16,-1,3,4,1,-2,1,3,2,3,1,-3,2,5,-1,1,2,0,-4,2,3,4,7,3,0,-2,-1,1,-1,-1,2,1
KR_6763359716,420,-2,-45,16,-7,2,3,1,-6,2,8,6,8,2,-9,2,11,0,2,2,0,-5,35,1,5,6,-1,0,-1,-1,1,-1,-1,5,1
KR_6698248128,420,1,10,-4,-3,2,2,0,-2,3,5,-4,1,5,0,1,1,1,1,0,0,3,-3,-2,9,7,6,0,0,1,-1,0,-1,5,1
KR_6751527496,420,2,27,20,6,2,3,1,-1,3,4,3,3,0,1,2,1,1,2,1,0,6,-5,1,6,7,-1,0,1,1,0,1,1,1,1
KR_6765179311,420,-4,13,-12,-7,-3,0,3,0,1,1,1,3,2,0,2,2,-5,0,5,0,-1,-250,-1,6,5,-2,0,0,1,-1,0,-1,6,1
KR_6765466061,420,0,27,-12,1,2,4,2,-4,2,6,4,4,0,-1,0,1,0,0,0,0,2,-7,-1,5,4,4,0,2,1,-1,1,-1,2,1
KR_6724112084,420,-1,-42,16,2,0,1,1,1,3,2,0,5,5,1,2,1,0,0,0,1,2,-30,-4,7,3,2,0,-1,1,-1,-1,1,6,1
KR_6633554220,420,1,-34,4,4,1,2,1,0,4,4,-3,2,5,2,2,0,4,4,0,2,7,-30,0,4,4,7,0,2,1,1,1,1,3,1
KR_6702052685,420,-1,-60,16,-3,0,2,2,1,4,3,-4,1,5,0,2,2,0,2,2,0,3,25,-2,5,3,2,0,-2,1,-1,-1,-1,4,1
KR_6760638960,420,-2,-20,1,-4,-3,1,4,-5,1,6,2,3,1,1,2,1,1,2,1,0,0,4,0,6,6,-4,0,-1,1,-1,-1,-1,3,1
KR_6664687263,420,1,46,4,1,6,7,1,-3,2,5,4,7,3,-4,3,7,-2,0,2,0,-8,-51,1,5,6,18,0,0,1,-1,-1,1,5,1
KR_6629388393,420,-1,-28,13,2,0,1,1,3,5,2,2,2,0,-2,3,5,-1,1,2,1,3,-4,-4,8,4,-2,0,1,1,1,1,1,1,1
KR_6765323841,420,-1,-5,-45,-1,-2,3,5,-2,1,3,3,4,1,2,5,3,-2,0,2,-2,3,-45,-3,7,4,5,0,0,1,-1,1,-1,2,1
KR_6765498932,420,4,9,-18,12,0,1,1,3,4,1,2,2,0,5,9,4,2,2,0,0,9,-181,3,4,7,-2,0,1,1,1,1,1,4,1
KR_6750137188,420,0,26,0,4,-1,2,3,1,4,3,2,2,0,2,4,2,0,2,2,0,5,-12,-6,13,7,7,0,0,-1,-1,0,1,6,1
KR_6331680445,420,3,11,21,0,-1,1,2,3,6,3,-1,1,2,-1,2,3,0,3,3,0,-3,-7,2,6,8,4,0,0,1,1,1,-1,4,1
KR_6754058954,420,4,9,44,-2,-4,0,4,1,4,3,-1,1,2,-1,2,3,3,3,0,0,-2,3,-2,4,2,-8,0,1,1,-1,1,1,2,1
KR_6753245055,440,2,46,-5,3,-4,1,5,-1,2,3,1,4,3,7,7,0,0,1,1,1,9,5,-4,7,3,1,0,1,1,-1,1,1,1,1
KR_6708616568,420,4,-21,8,9,0,3,3,0,2,2,11,11,0,-1,1,2,-1,0,1,0,6,19,2,5,7,-1,0,-1,1,1,1,-1,3,1
KR_6764045988,420,0,-9,16,3,2,3,1,-1,1,2,2,4,2,0,4,4,0,1,1,-1,2,4,0,7,7,4,0,0,-1,1,0,-1,6,1
KR_6765116805,420,0,-7,0,3,0,2,2,1,3,2,1,3,2,0,2,2,1,2,1,0,7,-1,-3,5,2,-2,0,-1,0,-1,-1,1,0,1
KR_6724904964,420,-1,-53,-16,2,1,2,1,-3,4,7,3,8,5,2,4,2,-1,3,4,1,4,11,-1,5,4,9,0,-1,-1,-1,-1,1,6,1
KR_6752400299,420,1,26,8,0,1,1,0,-1,2,3,-1,0,1,0,2,2,1,1,0,0,-3,-4,-2,8,6,4,0,0,0,1,0,-1,0,1
KR_6764139137,420,-1,-42,-33,3,-1,1,2,0,1,1,0,1,1,2,2,0,2,2,0,1,3,-23,4,4,8,-5,0,-1,1,0,-1,1,1,1
KR_6701039667,420,1,-14,35,3,0,2,2,1,3,2,1,2,1,1,4,3,0,2,2,0,1,0,5,3,8,0,0,0,1,1,0,-1,6,1
KR_6759553269,440,2,-29,27,2,1,5,4,-4,0,4,2,2,0,1,1,0,2,4,2,0,1,1,-3,6,3,-3,0,0,1,-1,1,1,4,1
KR_6754574602,420,0,39,13,-9,-2,1,3,-3,3,6,0,1,1,-5,2,7,1,2,1,0,-13,-19,1,1,2,2,0,1,0,1,1,-1,0,1
KR_6629285399,420,4,48,8,10,0,0,0,1,3,2,0,2,2,10,11,1,-1,1,2,0,11,-16,3,1,4,2,0,2,1,1,1,1,5,1
KR_6756931208,440,3,1,3,6,1,1,0,-1,2,3,1,3,2,5,6,1,0,1,1,0,9,-7,-3,6,3,1,0,-1,1,-1,-1,-1,2,1
KR_6753257322,420,-1,-30,13,-1,0,2,2,-1,1,2,1,2,1,-2,0,2,1,2,1,0,1,23,-2,4,2,-24,0,0,-1,1,-1,-1,6,1
KR_6629651660,420,-1,-32,-48,9,2,4,2,3,4,1,2,4,2,2,7,5,0,1,1,1,20,-13,3,4,7,0,0,0,1,1,-1,-1,2,1
KR_6744586246,420,6,64,48,9,4,4,0,-2,0,2,-2,0,2,5,6,1,4,4,0,0,6,3,2,4,6,5,0,1,1,1,1,1,6,1
KR_6698735019,420,0,-22,-12,2,-6,1,7,5,5,0,1,3,2,1,3,2,1,2,1,0,7,-5,1,6,7,6,0,-1,1,-1,-1,1,1,1
KR_6723104474,440,1,-67,24,2,-1,0,1,0,3,3,6,9,3,-1,2,3,-2,1,3,-1,7,-6,-2,7,5,-6,0,0,-1,0,0,-1,4,1
KR_6664727357,420,0,31,-9,-3,-3,1,4,1,2,1,1,2,1,-1,0,1,-1,0,1,0,-3,3,2,3,5,-1,0,0,1,-1,0,1,3,1
KR_6669328894,420,0,58,-1,5,4,4,0,4,6,2,0,1,1,-3,3,6,0,0,0,-1,-4,116,4,5,9,3,0,0,1,1,1,-1,5,1
KR_6758801786,420,-3,-77,16,-6,0,1,1,-3,3,6,-1,1,2,-1,3,4,-1,0,1,1,-2,-1,-1,6,5,4,0,-1,0,-1,-1,1,0,1
KR_6763010518,420,5,-15,-4,12,5,7,2,1,3,2,0,2,2,7,8,1,-1,0,1,0,17,5,0,7,7,-6,0,2,-1,1,1,1,2,1
KR_6756383616,420,1,24,31,-5,2,3,1,-6,0,6,1,3,2,-2,3,5,0,0,0,0,0,-35,-2,4,2,6,0,0,-1,-1,-1,-1,6,1
KR_6765552375,420,3,-42,31,2,5,5,0,1,4,3,-4,0,4,-2,0,2,2,2,0,0,2,-2,-3,5,2,5,0,3,1,-1,1,1,4,1
KR_6682153422,420,0,-14,8,6,0,3,3,3,4,1,1,1,0,2,2,0,0,0,0,0,7,6,3,3,6,0,0,1,1,-1,1,1,1,1
KR_6690827113,420,2,17,-7,13,3,3,0,4,4,0,5,6,1,2,2,0,-1,0,1,0,9,21,5,4,9,5,0,1,1,1,1,1,3,1
KR_6636287310,420,10,116,32,17,-1,1,2,2,2,0,5,7,2,8,8,0,3,3,0,0,19,28,4,5,9,-1,0,1,1,1,1,1,1,1
KR_6677751245,420,2,25,8,11,-1,1,2,4,10,6,3,3,0,5,6,1,0,0,0,0,9,4,0,6,6,1,0,0,1,-1,0,1,3,1
KR_6764907965,420,7,46,-8,13,1,3,2,1,2,1,2,2,0,5,7,2,4,5,1,0,14,-107,3,4,7,6,0,1,1,1,1,1,6,1
KR_6664304136,420,1,37,-20,11,2,3,1,4,5,1,-3,0,3,7,9,2,1,2,1,0,7,31,4,3,7,4,0,0,1,1,1,1,2,1
KR_6754986828,420,-2,-45,-12,-6,-1,1,2,-1,2,3,0,1,1,-4,2,6,0,1,1,0,-7,-13,0,6,6,-2,0,0,-1,-1,0,-1,1,1
KR_6762388596,420,2,-33,-32,9,2,2,0,1,3,2,1,3,2,2,2,0,3,3,0,0,11,5,-1,5,4,3,0,0,-1,1,1,-1,1,1
KR_6750052829,420,3,47,8,4,-1,1,2,3,4,1,0,1,1,1,3,2,1,1,0,0,5,-16,0,5,5,1,0,1,1,1,1,1,4,1
KR_6761491326,420,2,-40,32,4,2,4,2,6,6,0,0,1,1,-2,1,3,-2,0,2,2,3,1,-3,7,4,-6,0,-1,-1,-1,-1,1,5,1
KR_6663311631,420,3,-46,12,10,1,3,2,5,7,2,0,3,3,1,4,3,3,4,1,0,8,1,0,4,4,3,0,0,1,1,0,1,4,1
KR_6738594206,440,-3,-24,-37,-5,-9,0,9,2,6,4,1,4,3,0,4,4,1,2,1,-1,-4,-27,-2,8,6,-6,0,-1,0,0,-1,-1,0,1
KR_6755670959,420,4,-26,42,5,0,0,0,4,6,2,-3,0,3,1,4,3,3,3,0,0,3,46,-1,5,4,4,0,1,1,1,1,1,1,1
KR_6761821403,420,2,21,20,3,2,3,1,-1,2,3,1,6,5,4,7,3,-3,0,3,0,-6,-3,0,6,6,4,0,2,-1,-1,1,1,6,1
KR_6733852374,420,-3,-21,12,-5,-2,1,3,0,4,4,-1,0,1,-1,2,3,-1,0,1,0,-7,3,0,4,4,-1,0,-1,1,-1,-1,-1,1,1
KR_6763333549,420,3,-24,8,6,1,1,0,0,2,2,3,4,1,1,2,1,1,1,0,0,8,38,1,5,6,3,0,-1,1,-1,-1,-1,1,1
KR_6756700704,420,4,28,-8,6,3,4,1,0,2,2,0,0,0,2,5,3,1,3,2,-1,8,29,7,2,9,-6,0,0,-1,1,0,-1,4,1
KR_6761582932,420,0,-20,41,-2,-2,0,2,1,5,4,-1,1,2,1,4,3,-1,0,1,0,-1,6,1,3,4,-2,0,0,1,1,0,-1,2,1
KR_6750906155,420,3,13,6,7,1,2,1,2,2,0,2,2,0,2,2,0,0,2,2,0,6,14,6,1,7,-6,0,0,1,1,1,1,1,1
KR_6723730763,420,0,-33,3,3,-1,1,2,7,8,1,0,2,2,-3,1,4,0,1,1,0,-5,-3,0,7,7,-4,0,-1,1,1,-1,1,2,1
KR_6698293892,420,5,-1,26,14,1,2,1,7,8,1,2,3,1,3,3,0,1,1,0,1,23,0,-6,12,6,9,0,1,1,1,1,1,2,1
KR_6744905241,420,-3,-17,-6,-6,4,4,0,-3,0,3,3,4,1,-11,3,14,1,1,0,0,-9,0,1,3,4,0,0,0,-1,1,1,-1,4,1
KR_6676431697,420,-1,43,-8,1,2,2,0,-2,2,4,2,2,0,-2,1,3,1,2,1,1,4,-134,1,5,6,-4,0,1,1,1,1,1,3,1
KR_6743150913,420,4,120,-8,7,0,1,1,3,3,0,-2,2,4,5,7,2,1,3,2,0,9,6,4,5,9,-3,0,0,-1,-1,1,1,6,1
KR_6757032090,420,0,-36,15,7,-4,1,5,4,6,2,1,3,2,1,1,0,5,5,0,1,5,122,2,4,6,0,0,-1,0,1,-1,1,0,1
KR_6693722378,420,-1,-16,1,4,-1,1,2,0,1,1,2,5,3,5,6,1,-2,1,3,-2,-1,-3,0,6,6,-4,0,1,1,1,1,-1,6,1
KR_6755788709,420,4,-14,32,15,7,8,1,4,6,2,5,6,1,-1,3,4,0,0,0,0,15,11,2,8,10,0,0,0,1,1,-1,1,5,1
KR_6726167479,420,1,25,-11,6,2,2,0,6,6,0,-4,1,5,3,6,3,-1,1,2,0,11,2,3,2,5,-1,0,1,0,1,1,1,0,1
KR_6678324746,420,1,-41,12,-2,-4,0,4,1,2,1,1,3,2,2,3,1,-2,0,2,0,0,1,2,7,9,-3,0,0,1,-1,-1,1,5,1
KR_6651118269,420,1,60,4,2,2,4,2,0,4,4,2,4,2,-2,3,5,0,0,0,0,-3,6,6,1,7,1,0,0,-1,-1,0,1,4,1
KR_6758909170,420,9,6,-4,21,2,3,1,1,5,4,13,14,1,0,1,1,5,5,0,0,16,9,1,7,8,1,0,3,1,1,1,1,3,1
KR_6723666027,420,2,46,12,-2,-1,2,3,-3,2,5,-2,1,3,2,3,1,2,4,2,0,3,-12,2,2,4,1,0,1,0,-1,-1,1,0,1
KR_6728460916,420,-3,13,-16,-3,-2,2,4,0,0,0,3,5,2,-7,3,10,3,3,0,0,-5,38,4,3,7,-4,0,0,-1,1,-1,1,3,1
KR_6685925446,420,2,-16,-9,11,-1,2,3,-1,2,3,2,5,3,6,9,3,5,5,0,0,12,7,-3,6,3,0,0,1,-1,1,1,1,6,1
KR_6366673366,420,4,31,0,14,2,2,0,4,4,0,4,5,1,4,8,4,0,1,1,0,24,0,0,0,0,0,0,2,1,-1,1,1,1,1
KR_6763524402,420,-1,4,-3,0,-4,1,5,2,4,2,3,5,2,-1,4,5,0,2,2,0,11,-25,1,4,5,1,0,-1,1,-1,-1,1,5,1
KR_6601042308,420,5,72,4,6,-1,2,3,-2,4,6,2,4,2,5,6,1,2,3,1,0,-2,-16,2,4,6,-2,0,1,1,-1,1,1,6,1
KR_6698996655,420,3,40,34,3,1,2,1,0,4,4,0,2,2,3,5,2,-1,0,1,0,3,0,8,2,10,-1,0,1,1,1,1,1,5,1
KR_6762971812,420,-1,-4,-16,1,3,3,0,-3,2,5,1,4,3,-3,3,6,3,3,0,-1,0,-5,0,4,4,6,0,1,-1,1,1,-1,3,1
KR_6681175660,440,1,39,8,4,0,1,1,2,6,4,4,5,1,-1,2,3,-1,1,2,0,1,-22,-7,11,4,5,0,2,-1,1,1,-1,6,1
KR_6765240541,420,0,46,4,-1,2,3,1,0,3,3,1,5,4,-3,1,4,-1,3,4,0,-3,19,7,0,7,-3,0,1,-1,1,1,1,6,1
KR_6763682929,420,3,50,33,6,-1,0,1,1,4,3,2,5,3,2,5,3,2,2,0,0,3,7,5,3,8,-2,0,1,1,-1,1,-1,3,1
KR_6757594005,420,-1,40,0,-1,-2,1,3,2,4,2,0,0,0,-2,0,2,1,3,2,0,2,-2,-1,4,3,0,0,0,0,0,0,-1,0,1
KR_6600701010,420,7,69,44,19,3,4,1,4,4,0,7,10,3,3,4,1,2,2,0,0,23,4,-2,5,3,1,0,2,1,1,1,1,2,1
KR_6548194888,420,1,15,-5,1,0,2,2,0,3,3,5,6,1,-4,4,8,0,2,2,0,4,-27,2,4,6,0,0,0,1,-1,1,-1,2,1
KR_6763492286,420,4,47,13,7,3,4,1,-4,1,5,-1,3,4,4,8,4,5,5,0,-1,2,-9,-2,6,4,-4,0,0,1,-1,0,-1,3,1
KR_6742021713,440,1,100,-27,4,1,2,1,-2,0,2,3,3,0,2,5,3,0,0,0,0,-5,-7,-1,5,4,4,0,0,-1,0,0,1,1,1
KR_6707765571,420,5,-10,-12,5,0,3,3,7,8,1,2,3,1,-2,0,2,-2,0,2,0,14,-8,-1,5,4,-3,0,1,1,-1,1,1,4,1
KR_6760085062,420,1,43,1,-2,0,1,1,4,6,2,-4,0,4,-3,3,6,1,1,0,0,-5,0,3,6,9,-1,0,0,0,-1,0,-1,0,1
KR_6635989121,420,3,-13,-3,5,-1,2,3,4,4,0,1,4,3,2,5,3,-1,0,1,0,15,-152,-3,4,1,-1,0,-1,1,-1,-1,-1,5,1
KR_6765066778,420,0,34,-17,2,-1,0,1,-1,2,3,3,4,1,2,4,2,-1,0,1,0,-8,-5,0,5,5,1,0,0,-1,1,1,-1,3,1
KR_6763870926,420,0,-82,7,0,-2,3,5,0,0,0,2,2,0,1,2,1,-1,0,1,0,8,-10,4,0,4,0,0,-3,-1,-1,-1,-1,5,1
KR_6472585108,440,0,-33,6,4,2,4,2,2,3,1,-3,1,4,1,2,1,2,3,1,1,7,4,1,5,6,-7,0,0,-1,1,1,-1,3,1
KR_6735691367,420,-1,-17,12,-2,5,5,0,-4,1,5,-3,0,3,0,0,0,0,1,1,0,-6,-158,-2,8,6,-2,0,1,-1,1,1,1,1,1
KR_6752617570,420,0,9,-9,8,9,10,1,1,3,2,-4,2,6,2,2,0,0,1,1,-1,1,-4,8,3,11,3,0,1,1,1,1,-1,3,1
KR_6581228625,420,1,-25,14,4,5,5,0,1,4,3,-4,0,4,-1,2,3,3,3,0,0,7,-27,2,3,5,-2,0,0,1,1,0,-1,3,1
KR_6756627144,420,-3,2,-20,4,4,4,0,1,3,2,0,6,6,-1,0,1,0,0,0,0,8,3,1,6,7,-4,0,0,-1,1,0,1,1,1
KR_6760773580,420,2,74,-24,4,-4,0,4,4,6,2,0,1,1,3,6,3,1,1,0,-1,6,4,3,5,8,-2,0,-1,1,1,-1,-1,6,1
KR_6605590537,420,6,97,9,13,7,7,0,3,3,0,4,8,4,0,3,3,-1,2,3,0,0,7,-3,8,5,-1,0,2,-1,1,1,1,1,1
KR_6762200579,420,1,-27,18,-4,-4,0,4,-4,2,6,2,2,0,1,2,1,1,1,0,0,-2,-3,-1,6,5,2,0,1,1,-1,1,-1,4,1
KR_6738222752,420,-4,-47,4,-3,-2,4,6,-2,1,3,1,2,1,-2,3,5,2,4,2,1,-7,9,2,7,9,-4,0,1,1,1,1,1,4,1
KR_6764017472,420,7,98,29,11,2,2,0,-3,3,6,6,6,0,5,6,1,1,1,0,1,12,12,5,4,9,0,0,3,1,1,1,1,5,1
KR_6742981738,420,0,-40,-9,4,3,3,0,-4,0,4,1,2,1,4,4,0,0,0,0,0,3,-27,4,5,9,-2,0,0,1,1,0,1,3,1
KR_6755732262,420,2,24,9,6,-1,2,3,2,3,1,4,4,0,1,1,0,0,0,0,0,12,9,3,4,7,17,0,2,1,1,1,-1,1,1
KR_6632379844,420,-3,-33,1,-4,2,3,1,3,3,0,-1,4,5,-3,2,5,-5,1,6,0,-4,-31,3,5,8,-2,0,0,1,0,-1,1,5,1
KR_6609066129,420,3,57,17,5,1,2,1,2,4,2,1,2,1,1,6,5,0,1,1,1,3,4,1,4,5,-5,0,0,-1,0,1,1,5,1
KR_6654810900,420,-1,-37,33,-1,1,3,2,5,5,0,-1,1,2,-3,1,4,-3,0,3,0,-5,22,3,2,5,-3,0,1,-1,1,1,1,6,1
KR_6730270107,420,6,91,21,14,5,6,1,-1,4,5,5,6,1,3,6,3,2,4,2,0,11,-81,6,2,8,-1,0,4,0,1,1,1,0,1
KR_6651864674,420,-1,-22,31,-2,-10,1,11,3,5,2,-4,1,5,7,10,3,2,3,1,0,9,-4,-3,6,3,0,0,-2,1,-1,-1,-1,3,1
KR_6639529186,420,4,19,12,6,4,4,0,-1,4,5,3,3,0,1,2,1,-1,1,2,0,10,-63,1,4,5,1,0,1,-1,1,1,1,2,1
KR_6721271013,440,-2,25,-12,-4,0,1,1,-3,4,7,2,2,0,-1,0,1,-2,1,3,0,-4,42,-2,5,3,-14,0,-1,-1,-1,-1,-1,1,1
KR_6753846103,420,2,59,-4,9,3,6,3,1,4,3,2,3,1,3,5,2,0,1,1,0,6,-112,1,5,6,3,0,1,1,1,1,1,3,1
KR_6706273288,420,3,27,8,11,-1,0,1,1,3,2,10,10,0,2,2,0,-1,1,2,0,4,-41,6,4,10,23,0,1,-1,1,1,1,2,1
KR_6762451973,420,3,-41,43,1,0,1,1,1,2,1,3,4,1,-3,0,3,0,0,0,0,-3,3,-4,6,2,2,0,0,-1,1,0,-1,1,1
KR_6753925821,420,0,-49,26,1,2,3,1,1,4,3,2,3,1,-5,0,5,1,3,2,1,3,420,0,5,5,5,0,-1,-1,1,-1,1,5,1
KR_6756305123,420,-3,-45,10,-1,-3,2,5,0,3,3,-1,1,2,0,3,3,3,3,0,1,1,2,-3,6,3,0,0,0,1,-1,-1,1,5,1
KR_6670580666,420,12,164,24,20,4,5,1,2,3,1,7,8,1,8,9,1,-1,0,1,-1,21,8,1,4,5,1,0,5,1,1,1,-1,3,1
KR_6539703905,420,6,39,12,12,2,3,1,0,2,2,3,3,0,5,5,0,2,2,0,0,19,38,0,4,4,-3,0,1,1,-1,1,1,2,1
KR_6744528561,420,-4,-82,-28,-10,-6,1,7,-1,6,7,-2,0,2,1,4,3,-2,0,2,0,-1,235,0,5,5,-1,0,-1,0,1,-1,-1,0,1
KR_6752147985,420,7,90,15,12,10,11,1,3,4,1,-2,1,3,1,4,3,0,1,1,0,14,-2,-1,6,5,1,0,1,1,1,1,-1,4,1
KR_6752259651,420,5,107,35,1,2,3,1,-3,2,5,0,1,1,1,3,2,1,1,0,0,-3,10,-1,3,2,-1,0,1,-1,1,1,1,2,1
KR_6689322342,420,1,57,0,9,0,1,1,4,6,2,-3,3,6,9,10,1,-1,4,5,1,12,-9,4,2,6,-2,0,2,1,1,1,1,2,1
KR_6747230377,420,5,116,45,15,5,5,0,3,3,0,5,6,1,-2,5,7,4,4,0,1,10,6,-4,9,5,1,0,2,0,1,1,1,0,1
KR_6696734240,420,3,43,19,10,1,4,3,0,1,1,2,2,0,4,5,1,3,3,0,1,7,-154,8,1,9,3,0,1,1,1,1,1,2,1
KR_6685192185,420,3,62,12,11,1,1,0,4,5,1,6,9,3,0,3,3,0,0,0,0,2,-14,2,4,6,-2,0,1,1,1,1,1,5,1
KR_6666538464,420,-1,32,1,-2,3,4,1,-3,3,6,0,2,2,-1,2,3,-1,1,2,0,-4,106,2,0,2,1,0,1,1,1,1,1,2,1
KR_6723194395,420,7,66,19,11,3,3,0,4,4,0,1,2,1,4,8,4,-1,1,2,0,9,14,7,2,9,1,0,1,1,1,1,1,3,1
KR_6683441484,420,1,79,12,2,0,1,1,2,3,1,-2,0,2,3,5,2,-1,3,4,0,8,-18,-3,6,3,0,0,0,1,-1,0,-1,1,1
KR_6754863695,440,0,-89,2,-2,-3,1,4,0,4,4,0,1,1,1,8,7,0,0,0,0,3,35,0,5,5,1,0,0,1,1,1,-1,6,1
KR_6757708829,420,-1,-22,-4,-3,-3,2,5,0,3,3,-2,1,3,2,2,0,0,0,0,0,-6,86,-4,7,3,4,0,0,0,0,0,-1,0,1
KR_6682926065,420,-2,19,-14,2,0,3,3,-5,0,5,2,5,3,7,7,0,-2,0,2,0,-3,-37,0,3,3,0,0,1,1,-1,-1,-1,3,1
KR_6696265386,420,-2,13,-15,-1,6,6,0,-6,1,7,0,2,2,-2,3,5,1,2,1,0,-3,3,3,2,5,-6,0,-2,1,-1,-1,-1,6,1
KR_6764921327,440,-1,-10,1,6,0,2,2,7,8,1,3,5,2,2,6,4,-6,0,6,1,5,5,-2,5,3,2,0,-1,1,1,-1,1,1,1
KR_6761975355,420,1,-26,6,7,3,3,0,1,4,3,6,7,1,-4,1,5,1,1,0,0,1,106,1,3,4,6,0,2,-1,1,1,1,4,1
KR_6634843160,420,1,-9,4,3,0,2,2,1,3,2,-1,0,1,1,2,1,2,3,1,-1,5,3,-3,7,4,-2,0,2,-1,1,1,-1,4,1
KR_6739535536,420,6,71,17,6,0,5,5,3,4,1,1,7,6,2,3,1,0,1,1,-3,-6,54,0,5,5,-19,0,2,-1,-1,1,-1,6,1
KR_6631894119,420,-1,10,-16,-2,3,4,1,5,7,2,1,3,2,-9,0,9,-2,1,3,0,-2,-213,-2,4,2,2,0,0,1,1,-1,-1,6,1
KR_6496773803,420,4,60,-10,9,1,2,1,2,5,3,0,2,2,4,4,0,2,2,0,0,14,-14,0,7,7,-1,0,0,1,-1,1,-1,1,1
KR_6739236187,420,2,6,20,11,-1,2,3,0,3,3,5,6,1,6,9,3,1,1,0,0,8,-7,0,4,4,7,0,0,1,0,1,-1,5,1
KR_6676591890,420,-2,41,-12,-5,-1,1,2,-1,2,3,0,1,1,-3,0,3,0,0,0,-1,-9,-101,0,7,7,-9,0,-1,-1,-1,-1,-1,2,1
KR_6681657996,440,7,89,5,17,1,1,0,3,3,0,7,10,3,6,6,0,0,1,1,0,21,9,2,4,6,3,0,1,0,-1,1,1,0,1
KR_6685275943,420,6,132,6,14,3,4,1,1,1,0,8,9,1,2,3,1,0,0,0,0,5,4,-1,4,3,-23,0,2,0,1,1,1,0,1
KR_6751282038,420,-1,-15,-8,-7,1,1,0,1,3,2,1,2,1,-6,0,6,-4,0,4,0,-10,5,1,3,4,-1,0,-1,1,-1,-1,1,5,1
KR_6747379438,440,2,53,-2,4,1,2,1,-5,1,6,4,5,1,3,5,2,1,2,1,0,-1,-4,3,3,6,1,0,0,-1,0,1,1,1,1
KR_6615809206,420,4,85,4,9,3,3,0,2,5,3,3,4,1,1,2,1,0,1,1,0,8,89,2,4,6,16,0,3,1,1,1,1,4,1
KR_6682861425,420,6,11,20,8,0,1,1,2,5,3,2,3,1,2,3,1,2,2,0,0,14,1,1,5,6,5,0,2,-1,1,1,1,4,1
KR_6680261447,420,1,77,21,-1,-2,2,4,-3,3,6,-3,3,6,6,6,0,1,1,0,1,2,-9,0,3,3,2,0,0,1,-1,1,1,4,1
KR_6482738574,420,5,12,33,14,2,3,1,1,2,1,7,7,0,4,5,1,0,0,0,1,18,14,6,1,7,1,0,0,1,1,1,1,2,1
KR_6763061258,440,6,95,29,14,9,9,0,2,3,1,4,5,1,-2,0,2,1,3,2,1,5,3,1,3,4,-3,0,0,1,1,1,1,2,1
KR_6629207495,420,-5,-89,21,-5,0,0,0,3,4,1,2,5,3,-8,0,8,-2,0,2,0,1,-12,5,5,10,-6,0,-1,-1,1,-1,-1,5,1
KR_6758618998,420,0,-4,14,3,-3,1,4,-6,0,6,5,5,0,10,10,0,-3,2,5,2,10,-2,1,8,9,5,0,1,1,-1,1,1,6,1
KR_6763159493,440,-4,-38,-24,-4,2,2,0,-2,1,3,-2,0,2,0,0,0,-2,1,3,0,-1,6,3,5,8,1,0,0,1,-1,-1,-1,6,1
KR_6765200229,420,-2,-33,16,-5,-1,2,3,4,4,0,-6,0,6,-4,1,5,2,2,0,0,3,-5,3,4,7,1,0,-1,-1,-1,-1,-1,1,1
KR_6762237737,420,4,52,-32,4,4,4,0,0,3,3,3,3,0,-1,3,4,-2,2,4,0,6,-26,-4,8,4,3,0,1,1,-1,1,-1,1,1
KR_6754504612,420,1,22,20,3,-1,0,1,1,3,2,1,2,1,2,4,2,0,0,0,0,5,65,-1,7,6,2,0,2,1,1,1,1,2,1
KR_6687395746,420,0,16,-26,3,3,4,1,0,4,4,3,6,3,-2,1,3,-1,1,2,0,0,-3,-1,6,5,1,0,-1,1,1,-1,-1,5,1
KR_6746557788,440,3,73,-7,-1,-2,0,2,2,3,1,-6,1,7,3,7,4,2,2,0,0,1,40,8,3,11,-4,0,-1,1,-1,-1,-1,5,1
KR_6707723434,420,2,28,-3,8,5,5,0,-2,2,4,-3,2,5,7,7,0,1,1,0,1,15,-5,-2,6,4,1,0,0,1,-1,0,1,6,1
KR_6761942969,420,4,63,28,9,2,6,4,0,0,0,2,3,1,6,7,1,-1,0,1,4,13,-27,0,7,7,4,0,1,1,-1,1,1,2,1
KR_6751501087,420,2,-45,24,6,2,4,2,5,9,4,-1,1,2,-1,2,3,1,2,1,0,6,-3,-6,11,5,5,0,1,1,1,1,1,6,1
KR_6742476606,420,1,48,28,-4,3,5,2,-1,3,4,0,0,0,-5,3,8,-1,1,2,-1,-15,5,4,4,8,-1,0,1,1,-1,1,-1,5,1
KR_6748501129,420,-1,26,-7,0,-2,4,6,-4,1,5,-2,0,2,5,8,3,3,3,0,0,2,31,-7,8,1,4,0,1,-1,-1,1,-1,2,1
KR_6764402567,420,3,63,8,4,-1,1,2,1,1,0,4,4,0,0,4,4,0,1,1,1,7,6,-4,8,4,-3,0,1,0,0,1,-1,0,1
KR_6742335585,440,2,11,17,6,-3,1,4,2,4,2,0,1,1,-1,0,1,8,8,0,0,9,4,-5,7,2,4,0,-1,1,-1,-1,-1,3,1
KR_6761097496,420,0,77,0,-4,-1,0,1,-1,3,4,-3,1,4,3,3,0,-2,0,2,0,0,11,1,8,9,1,0,0,1,1,1,1,4,1
KR_6663242977,420,3,20,-29,8,-1,2,3,6,9,3,1,2,1,3,5,2,-1,0,1,0,17,-29,0,7,7,-1,0,0,1,-1,0,1,4,1
KR_6691871237,420,2,62,4,13,1,1,0,-2,2,4,4,5,1,7,8,1,3,4,1,0,6,-5,2,5,7,2,0,1,1,-1,1,1,4,1
KR_6759647245,420,-2,8,7,-1,-2,0,2,1,2,1,-3,3,6,2,5,3,1,1,0,0,-3,33,-2,7,5,-29,0,1,-1,-1,1,-1,2,1
KR_6761929362,420,-1,8,-9,-2,-2,3,5,1,2,1,4,6,2,-3,1,4,-2,0,2,0,-7,0,0,5,5,2,0,1,-1,1,1,-1,5,1
KR_6761702194,420,3,9,-1,10,1,4,3,-1,3,4,4,7,3,5,8,3,1,2,1,0,15,3,1,5,6,3,0,1,1,1,1,1,1,1
KR_6758108276,420,1,-9,8,7,-1,0,1,6,9,3,0,1,1,2,4,2,0,1,1,0,11,13,2,5,7,-1,0,0,-1,1,0,-1,5,1
KR_6736729579,440,2,-45,0,6,2,3,1,0,0,0,3,3,0,-1,1,2,2,2,0,0,4,0,1,4,5,-6,0,0,-1,1,0,-1,6,1
KR_6751450716,440,3,65,0,2,4,4,0,5,6,1,-3,1,4,-3,1,4,-1,1,2,0,-3,10,3,2,5,-3,0,0,1,1,-1,1,1,1
KR_6644093611,420,5,70,11,9,5,6,1,0,3,3,1,4,3,0,5,5,3,4,1,-1,-5,-1,-2,6,4,2,0,1,1,1,1,-1,4,1
KR_6754409389,420,5,57,-32,12,2,2,0,-1,2,3,2,2,0,8,9,1,1,3,2,0,20,4,2,1,3,3,0,1,-1,1,1,1,1,1
KR_6743802201,420,4,20,27,18,-2,1,3,9,10,1,8,9,1,2,3,1,1,3,2,0,19,32,-1,6,5,3,0,3,1,1,1,1,5,1
KR_6763922070,420,-2,-13,8,-2,0,1,1,1,2,1,-1,0,1,-2,2,4,0,1,1,0,0,121,2,5,7,0,0,1,-1,1,1,-1,4,1
KR_6702015190,440,-2,-77,4,2,-2,2,4,-2,0,2,-1,1,2,-1,4,5,8,12,4,0,3,8,4,4,8,-3,0,0,0,1,-1,1,0,1
KR_6737640777,420,1,22,15,3,1,2,1,-4,3,7,6,6,0,1,4,3,-1,0,1,0,-8,5,1,1,2,1,0,2,1,-1,-1,-1,3,1
KR_6759563964,420,1,15,24,6,7,8,1,0,2,2,-1,3,4,2,3,1,-2,2,4,0,3,-3,-2,6,4,2,0,1,-1,1,1,1,1,1
KR_6736209819,420,5,49,15,10,1,2,1,6,7,1,5,5,0,-2,1,3,0,0,0,0,16,-19,1,5,6,7,0,2,1,1,1,1,3,1
KR_6752296207,420,-1,-9,-12,1,1,3,2,-5,3,8,1,2,1,2,5,3,2,3,1,-1,4,14,-2,4,2,1,0,0,0,-1,0,-1,0,1
KR_6679728615,420,2,-15,39,7,0,0,0,-1,4,5,2,3,1,3,3,0,3,3,0,1,2,-12,-5,9,4,11,0,0,1,-1,0,1,6,1
KR_6757892645,420,2,21,8,6,1,4,3,0,5,5,4,5,1,1,5,4,0,3,3,0,1,156,5,2,7,3,0,0,-1,1,0,1,4,1
KR_6756780302,420,3,12,20,7,0,2,2,3,3,0,2,3,1,3,4,1,-1,0,1,0,5,1,0,6,6,3,0,-1,1,1,-1,1,1,1
KR_6560303148,420,3,74,-6,10,7,8,1,-1,1,2,1,3,2,2,5,3,1,1,0,0,13,13,4,4,8,2,0,2,-1,1,1,-1,3,1
KR_6759806238,440,2,-69,27,5,-2,1,3,0,0,0,3,5,2,1,3,2,3,4,1,0,3,-4,-2,8,6,1,0,0,-1,1,-1,-1,1,1
KR_6682248870,420,3,18,45,7,2,2,0,1,4,3,1,3,2,3,7,4,0,2,2,0,8,-104,-6,7,1,-1,0,0,-1,1,0,1,2,1
KR_6751084429,440,-1,42,-14,1,1,2,1,8,9,1,-5,1,6,-4,1,5,1,2,1,1,8,15,-5,8,3,2,0,0,-1,1,1,1,4,1
KR_6765517017,420,-2,-30,9,-4,-1,0,1,-2,1,3,0,2,2,0,1,1,-1,0,1,0,-4,10,-3,6,3,0,0,0,1,1,0,-1,5,1
KR_6602875964,420,2,40,5,4,-1,3,4,2,4,2,2,2,0,0,5,5,1,1,0,1,1,0,1,5,6,-2,0,0,-1,-1,-1,1,6,1
KR_6753925447,420,2,-37,28,4,2,2,0,-2,3,5,3,3,0,4,5,1,-3,0,3,0,4,-39,2,3,5,23,0,0,1,-1,-1,-1,2,1
KR_6671965106,440,0,-22,-12,-5,1,5,4,1,4,3,2,3,1,-6,0,6,-3,2,5,0,-12,4,-2,6,4,4,0,0,0,-1,0,-1,0,1
KR_6762463483,420,2,14,14,8,-4,0,4,3,3,0,2,2,0,4,5,1,3,3,0,0,12,1,3,4,7,2,0,1,1,-1,-1,-1,4,1
KR_6728226817,440,-3,20,-9,-10,-1,2,3,1,4,3,-1,2,3,-1,1,2,-8,0,8,-1,-8,2,3,3,6,-3,0,0,-1,1,-1,-1,5,1
KR_6637674620,420,1,-5,-28,4,1,1,0,0,1,1,0,2,2,1,2,1,2,2,0,0,6,17,2,1,3,2,0,0,1,-1,0,1,3,1
KR_6733734206,420,3,49,23,12,3,4,1,10,10,0,2,4,2,-2,5,7,-1,1,2,0,8,22,0,4,4,3,0,3,1,1,1,1,1,1
KR_6758041790,420,1,47,12,1,3,3,0,3,5,2,-1,3,4,-4,0,4,0,0,0,0,-11,-5,-1,4,3,-3,0,0,1,1,0,1,3,1
KR_6742323769,420,0,28,0,1,-6,0,6,2,6,4,-2,2,4,6,8,2,1,1,0,1,3,-2,4,1,5,0,0,0,1,-1,1,1,1,1
KR_6762762276,420,3,41,12,8,2,3,1,1,4,3,3,4,1,-1,1,2,3,3,0,0,14,0,5,4,9,0,0,0,1,-1,0,-1,3,1
KR_6725628276,440,0,54,-16,-3,-2,0,2,-1,3,4,-3,1,4,2,4,2,1,2,1,0,0,15,6,3,9,1,0,0,1,0,0,-1,3,1
KR_6678383148,420,2,5,9,5,4,5,1,-4,1,5,1,1,0,4,8,4,0,0,0,0,1,104,-3,7,4,3,0,0,0,1,1,-1,0,1
KR_6721078825,420,2,-3,8,9,9,9,0,0,1,1,-2,0,2,3,3,0,-1,0,1,0,2,-11,-1,8,7,2,0,1,1,1,1,1,2,1
KR_6762388597,420,-1,-27,38,3,-3,0,3,6,6,0,2,3,1,-1,2,3,-1,1,2,0,6,-6,-4,9,5,4,0,-1,1,-1,-1,-1,3,1
KR_6749510485,440,3,57,16,12,2,3,1,1,4,3,-3,2,5,9,11,2,3,3,0,-1,2,-5,-1,5,4,3,0,0,1,0,1,-1,1,1
KR_6759569459,420,-3,-24,0,-3,0,1,1,-2,1,3,-1,3,4,-2,0,2,2,2,0,0,-4,-3,-4,7,3,0,0,0,-1,-1,0,1,3,1
KR_6764425624,420,1,72,-4,0,0,1,1,1,2,1,4,6,2,-4,0,4,-1,0,1,1,-6,43,-3,6,3,-27,0,3,-1,1,1,1,2,1
KR_6762911271,440,-5,-119,-6,-7,-4,2,6,1,2,1,-1,4,5,-4,1,5,1,1,0,0,-2,10,0,4,4,-3,0,-1,-1,1,-1,-1,6,1
KR_6762525064,420,2,95,8,3,0,1,1,-2,2,4,5,6,1,0,1,1,0,1,1,0,-5,3,5,4,9,1,0,-1,1,-1,1,1,6,1
KR_6763686961,420,0,5,-15,0,-5,4,9,5,5,0,-1,0,1,1,1,0,0,1,1,0,1,-17,1,4,5,-5,0,-3,1,-1,-1,1,2,1
KR_6742563458,440,0,-11,-5,2,4,5,1,2,4,2,-4,0,4,-3,2,5,3,3,0,0,-4,4,-1,8,7,-2,0,0,1,1,0,1,2,1
KR_6745983867,420,2,-14,36,4,4,5,1,-1,3,4,2,3,1,2,3,1,-3,0,3,-1,-5,-5,-2,8,6,-2,0,1,-1,1,1,-1,6,1
KR_6756173779,420,2,1,9,10,4,5,1,4,6,2,2,5,3,-2,0,2,2,2,0,2,12,36,4,7,11,8,0,0,1,-1,0,1,6,1
KR_6763555383,420,-3,10,30,-2,-2,0,2,-1,2,3,-1,2,3,2,3,1,0,0,0,0,-2,-40,-5,7,2,2,0,1,-1,1,1,-1,4,1
KR_6763003016,420,1,2,24,3,1,5,4,-1,4,5,3,5,2,1,2,1,-1,1,2,0,6,-2,2,5,7,-1,0,-1,1,1,1,-1,6,1
KR_6723864862,420,-1,-31,-13,4,-1,2,3,1,2,1,5,7,2,-1,1,2,0,1,1,0,8,15,1,4,5,1,0,-2,-1,-1,-1,1,2,1
KR_6752991638,420,0,-41,-12,8,3,3,0,2,5,3,-1,3,4,5,9,4,-1,3,4,0,9,159,1,4,5,2,0,4,1,1,1,1,2,1
KR_6759909026,440,8,80,11,8,2,3,1,2,3,1,3,3,0,4,5,1,-3,0,3,0,7,11,1,3,4,6,0,1,1,0,1,-1,1,1
KR_6754268032,420,3,-7,17,-1,-3,1,4,-2,1,3,2,3,1,1,3,2,1,1,0,-1,-5,35,-3,8,5,1,0,0,1,-1,0,-1,2,1
KR_6761782792,420,-2,-70,4,2,2,3,1,1,4,3,1,3,2,0,3,3,-2,3,5,0,9,-19,1,8,9,-5,0,-1,-1,1,-1,1,2,1
KR_6717418550,420,-3,-42,19,-8,-2,1,3,-2,3,5,-2,1,3,-2,1,3,0,1,1,0,-11,-5,1,3,4,-6,0,0,1,-1,0,1,3,1
KR_6747133863,420,4,49,20,8,-2,1,3,4,5,1,6,6,0,-3,2,5,3,3,0,0,7,101,-2,4,2,-2,0,0,1,1,-1,1,5,1
KR_6744485758,420,3,-7,-9,6,3,5,2,1,3,2,1,1,0,-1,2,3,2,3,1,0,8,18,-1,8,7,-6,0,0,1,0,0,1,4,1
KR_6705945587,420,-3,3,-18,-2,11,11,0,-3,2,5,-4,3,7,-3,2,5,-3,0,3,0,-14,-3,2,1,3,-2,0,0,-1,1,1,1,4,1
KR_6760041229,420,1,42,4,4,1,2,1,3,5,2,0,2,2,1,2,1,-1,0,1,0,7,-13,-1,5,4,-2,0,1,-1,1,1,1,3,1
KR_6645521433,420,3,15,10,6,1,1,0,5,7,2,-3,1,4,2,5,3,1,1,0,0,4,-111,3,5,8,-1,0,0,1,-1,0,1,3,1
KR_6685178435,440,-2,-53,8,1,0,2,2,4,5,1,0,2,2,-1,2,3,-2,0,2,0,10,8,-1,8,7,3,0,-1,1,-1,-1,1,2,1
KR_6722292073,420,0,-31,0,0,0,2,2,-2,1,3,2,6,4,0,3,3,0,1,1,0,-6,-8,-1,4,3,1,0,1,1,1,1,-1,1,1
KR_6755796874,440,3,22,-3,9,-1,2,3,-1,0,1,5,6,1,1,3,2,5,5,0,0,11,8,0,3,3,1,0,2,0,1,1,1,0,1
KR_6683158698,420,-2,-75,-31,0,-8,0,8,6,8,2,3,3,0,-1,3,4,0,3,3,3,14,-2,-1,4,3,-4,0,-1,1,-1,-1,-1,5,1
KR_6762626242,420,3,76,-12,7,2,3,1,1,3,2,1,2,1,3,3,0,0,0,0,0,5,20,1,6,7,3,0,0,-1,1,0,1,4,1
KR_6636194614,420,1,40,-5,7,6,6,0,0,4,4,2,3,1,0,1,1,-1,1,2,1,-4,-2,0,4,4,3,0,0,-1,1,1,1,5,1
KR_6726696440,420,4,44,24,7,1,2,1,0,4,4,4,4,0,2,2,0,0,0,0,0,8,-9,1,5,6,-1,0,1,1,1,1,-1,1,1
KR_6592164586,420,6,56,0,12,2,3,1,-2,2,4,4,5,1,7,8,1,1,2,1,0,12,-16,-5,7,2,3,0,1,1,1,1,1,2,1
KR_6706989272,420,3,47,14,12,3,5,2,1,3,2,3,6,3,2,2,0,3,3,0,2,16,1,-1,7,6,3,0,2,1,1,1,1,1,1
KR_6729806418,440,5,51,16,3,8,9,1,-3,1,4,-5,0,5,3,5,2,0,2,2,0,-2,-13,-1,5,4,-3,0,0,1,-1,1,-1,1,1
KR_6765284137,420,0,-31,4,-4,3,4,1,3,3,0,-2,2,4,-6,0,6,-2,0,2,0,-2,-8,-1,5,4,4,0,0,1,1,1,-1,3,1
KR_6643548760,420,1,73,0,9,4,4,0,1,5,4,3,5,2,2,3,1,-1,1,2,0,15,-95,-3,7,4,1,0,1,1,1,1,1,2,1
KR_6752012386,440,-1,37,10,2,-3,0,3,3,3,0,4,5,1,-2,4,6,0,2,2,0,8,-11,2,2,4,0,0,0,0,-1,1,1,0,1
KR_6762415913,420,2,37,2,0,4,5,1,-2,1,3,0,1,1,1,6,5,-3,1,4,0,-3,-66,3,5,8,-38,0,0,-1,0,0,1,6,1
KR_6765389035,420,4,32,16,6,0,2,2,2,7,5,3,3,0,1,2,1,0,0,0,0,5,12,2,4,6,-5,0,2,1,-1,1,-1,6,1
KR_6729343433,420,0,39,-14,-2,-3,1,4,0,3,3,0,1,1,0,3,3,1,1,0,0,1,-50,-1,5,4,21,0,-1,-1,-1,-1,-1,5,1
KR_6578921592,440,4,27,27,17,4,6,2,8,8,0,0,5,5,5,7,2,0,2,2,0,23,-7,-3,8,5,0,0,2,1,1,1,1,3,1
KR_6744909333,420,4,12,16,11,-1,0,1,1,2,1,10,10,0,-1,1,2,2,2,0,0,19,31,-2,10,8,9,0,0,1,1,1,1,2,1
KR_6759762265,440,-1,-6,13,-4,-6,0,6,2,6,4,-2,1,3,0,0,0,2,2,0,0,0,3,2,3,5,0,0,-1,1,-1,-1,-1,2,1
KR_6762240120,420,0,13,9,5,3,3,0,0,1,1,4,5,1,-2,0,2,0,0,0,0,6,10,6,4,10,3,0,1,1,1,1,1,5,1
KR_6764808789,440,0,16,-4,0,0,2,2,-1,0,1,0,1,1,-3,0,3,4,5,1,1,15,-3,-1,6,5,2,0,1,-1,-1,1,1,4,1
KR_6688488318,420,2,30,0,9,1,2,1,3,6,3,-2,2,4,5,5,0,2,2,0,0,11,-1,-9,10,1,-1,0,2,-1,-1,1,1,5,1
KR_6609376569,420,3,1,-7,12,4,4,0,4,5,1,2,6,4,2,5,3,0,0,0,1,15,5,1,3,4,1,0,1,1,1,1,1,1,1
KR_6760852551,440,1,-12,-11,4,3,3,0,3,5,2,-4,2,6,0,0,0,2,4,2,0,-3,-141,-5,8,3,-2,0,0,0,-1,0,1,0,1
KR_6764341634,420,2,-27,25,9,-1,1,2,-1,2,3,7,7,0,2,2,0,2,3,1,0,13,7,3,5,8,0,0,-1,1,-1,-1,1,3,1
KR_6731626685,420,4,84,12,9,7,8,1,-2,2,4,4,4,0,-1,0,1,1,1,0,1,2,11,4,2,6,2,0,0,1,1,1,1,5,1
KR_6739319636,420,-1,18,-28,3,2,4,2,-1,3,4,1,4,3,-2,0,2,3,5,2,1,9,-11,1,4,5,2,0,0,1,1,1,1,3,1
KR_6681951153,420,2,-4,23,3,-1,3,4,4,5,1,0,5,5,1,2,1,-1,2,3,0,5,1,0,8,8,-1,0,1,-1,1,1,1,3,1
KR_6761657129,420,0,-47,8,-4,4,5,1,-7,0,7,2,3,1,0,2,2,-3,1,4,0,-5,111,-2,5,3,-1,0,0,-1,-1,1,-1,6,1
KR_6730908692,420,4,-17,44,5,3,7,4,5,11,6,2,6,4,-2,1,3,-3,0,3,-1,-2,-5,0,2,2,-2,0,1,1,1,1,1,2,1
KR_6751931587,420,0,9,-13,-1,-1,1,2,-5,3,8,1,4,3,5,7,2,-1,4,5,0,-3,2,2,3,5,-2,0,0,-1,-1,-1,-1,3,1
KR_6688409647,420,0,5,-8,4,8,9,1,-1,2,3,-3,1,4,1,5,4,-1,1,2,0,1,2,1,5,6,3,0,1,-1,1,1,-1,6,1
KR_6596157579,420,-2,51,-8,-8,1,1,0,-5,4,9,1,3,2,-2,0,2,-3,1,4,0,-7,-8,0,7,7,2,0,-1,0,-1,-1,-1,0,1
KR_6765120314,420,1,7,-3,2,4,4,0,3,4,1,2,4,2,-7,2,9,0,2,2,0,-1,-7,-3,8,5,1,0,0,-1,1,1,-1,2,1
KR_6765350627,420,4,58,43,12,1,2,1,-2,3,5,2,5,3,6,6,0,5,5,0,2,12,6,5,2,7,0,0,1,1,0,1,1,5,1
KR_6755831564,440,-1,70,6,5,5,5,0,-6,0,6,6,6,0,2,3,1,-2,2,4,3,7,-20,-2,6,4,3,0,0,1,-1,1,1,3,1
KR_6761188587,420,1,25,28,2,2,2,0,0,0,0,0,0,0,-1,1,2,1,2,1,0,-1,-138,3,4,7,-5,0,1,-1,1,1,1,1,1
KR_6737381824,420,3,42,-12,5,-2,2,4,1,6,5,1,3,2,1,3,2,4,4,0,0,0,4,-3,6,3,1,0,2,-1,1,1,1,4,1
KR_6644581068,420,1,-5,13,0,1,1,0,0,2,2,-3,2,5,1,4,3,1,4,3,0,2,58,-3,7,4,-15,0,1,1,1,1,1,5,1
KR_6747307137,420,2,-4,0,10,5,7,2,2,4,2,0,1,1,3,4,1,0,2,2,0,16,39,4,4,8,-2,0,1,1,1,1,-1,6,1
KR_6676431758,420,-2,-52,8,4,-4,1,5,4,5,1,0,3,3,3,9,6,1,1,0,0,9,-5,0,5,5,-1,0,0,1,-1,0,1,1,1
KR_6675686693,440,1,-12,-6,0,1,2,1,1,3,2,-2,1,3,-2,1,3,2,4,2,0,1,10,-2,5,3,2,0,2,-1,1,1,1,6,1
KR_6608765136,420,-1,3,-9,-2,-1,1,2,0,4,4,-3,3,6,2,5,3,0,1,1,0,13,-123,-4,6,2,-4,0,-2,1,-1,-1,1,1,1
KR_6733799365,420,0,23,8,1,2,3,1,-2,1,3,4,6,2,-3,3,6,0,1,1,0,-4,0,-4,9,5,4,0,2,1,-1,1,1,6,1
KR_6764825389,420,3,8,6,4,1,2,1,-1,3,4,0,1,1,4,5,1,0,0,0,0,9,-5,-7,9,2,6,0,0,1,-1,0,-1,2,1
KR_6765360244,440,-4,-34,-20,-10,0,4,4,3,5,2,-5,3,8,-9,0,9,1,2,1,1,-11,21,6,3,9,-2,0,-2,1,1,-1,1,2,1
KR_6753271495,420,-2,-96,4,-8,-1,2,3,-3,2,5,1,4,3,-3,1,4,-2,2,4,0,-10,-6,-3,6,3,-1,0,-3,-1,-1,-1,-1,3,1
KR_6763843594,420,5,-11,29,10,1,1,0,3,6,3,2,2,0,5,8,3,-1,1,2,0,11,2,6,5,11,5,0,-1,1,-1,-1,1,3,1
KR_6756370987,420,2,16,26,3,6,6,0,1,2,1,-1,1,2,-2,2,4,-1,0,1,0,0,-11,2,3,5,-1,0,0,1,1,0,-1,2,1
KR_6755051674,420,4,-17,-7,8,1,2,1,1,2,1,3,6,3,0,2,2,3,5,2,0,10,4,0,4,4,-2,0,0,-1,1,0,-1,3,1
KR_6764022426,420,5,74,-40,13,3,4,1,4,4,0,3,4,1,4,6,2,-1,0,1,0,12,-30,3,5,8,21,0,2,-1,1,1,1,6,1
KR_6739410932,420,4,10,35,4,-6,1,7,8,9,1,2,3,1,0,1,1,0,0,0,-1,8,-5,-3,5,2,0,0,0,1,-1,-1,-1,6,1
KR_6762744120,420,1,27,-3,5,1,2,1,-1,1,2,4,4,0,0,3,3,1,1,0,1,3,14,1,6,7,0,0,1,0,0,1,1,0,1
KR_6518194904,420,0,23,-12,-4,-2,0,2,-2,4,6,-2,1,3,2,8,6,0,1,1,1,-6,-6,-3,7,4,11,0,0,1,-1,-1,1,4,1
KR_6709147520,420,2,7,-5,-5,-5,1,6,0,1,1,2,4,2,-3,2,5,1,3,2,0,-2,-4,-2,5,3,1,0,-2,1,-1,-1,-1,2,1
KR_6763212203,440,-2,-35,12,1,4,5,1,-1,3,4,0,3,3,-1,2,3,-1,6,7,0,3,-187,0,2,2,-5,0,1,-1,0,1,-1,6,1
KR_6147313841,420,7,85,38,17,1,4,3,6,7,1,5,5,0,3,5,2,2,2,0,0,24,10,6,4,10,4,0,3,1,1,1,1,2,1
KR_6732219201,420,-1,-21,7,1,-4,2,6,4,4,0,-2,3,5,4,7,3,-1,1,2,0,1,-106,3,6,9,4,0,0,1,1,0,1,6,1
KR_6753009144,420,0,34,-15,1,-2,0,2,2,2,0,0,2,2,2,3,1,-1,1,2,0,9,-14,1,5,6,1,0,-1,1,-1,-1,-1,1,1
KR_6646481370,420,3,70,-11,18,4,5,1,1,2,1,6,6,0,6,7,1,1,3,2,2,24,0,-3,6,3,2,0,2,1,1,1,1,2,1
KR_6743877937,420,-2,-45,7,-2,-3,1,4,4,7,3,2,2,0,-3,4,7,-2,0,2,0,0,-13,-1,5,4,3,0,-1,-1,1,-1,1,3,1
KR_6763298977,420,-1,-29,0,1,-1,0,1,1,2,1,-1,4,5,3,3,0,-1,0,1,0,5,19,0,6,6,0,0,0,-1,-1,0,-1,2,1
KR_6681578749,440,-2,-43,-16,-3,0,0,0,3,4,1,-2,3,5,-3,0,3,-1,0,1,0,-1,-3,-1,6,5,0,0,-1,-1,-1,-1,-1,3,1
KR_6761030873,420,-1,25,7,1,-4,1,5,0,1,1,1,4,3,3,4,1,1,2,1,0,6,5,2,1,3,-2,0,1,1,1,1,1,4,1
KR_6672050167,440,5,101,13,14,1,3,2,7,9,2,1,1,0,2,3,1,3,4,1,0,15,112,3,2,5,2,0,0,1,1,1,1,6,1
KR_6721006546,420,2,52,-21,9,5,5,0,1,3,2,2,2,0,-2,1,3,3,3,0,2,10,4,-4,7,3,-2,0,0,1,-1,0,1,4,1
KR_6717870983,420,2,28,12,3,-1,1,2,-3,4,7,0,3,3,6,6,0,1,1,0,0,-4,-9,-2,7,5,0,0,2,1,1,1,-1,6,1
KR_6726192903,420,4,56,12,10,7,8,1,2,6,4,2,2,0,0,5,5,-1,0,1,-1,6,3,1,3,4,-1,0,1,1,1,1,-1,5,1
KR_6731580998,420,4,6,24,12,-1,3,4,10,10,0,2,2,0,1,2,1,0,1,1,0,9,24,2,2,4,0,0,-1,1,1,-1,1,6,1
KR_6663288712,420,1,-31,17,8,1,2,1,3,6,3,4,5,1,-1,1,2,1,1,0,0,5,3,2,4,6,2,0,0,1,1,0,1,1,1
KR_6754548510,420,0,41,3,-2,2,3,1,-4,3,7,4,6,2,-2,0,2,-2,0,2,0,-11,20,2,8,10,-3,0,3,-1,1,1,1,3,1
KR_6752422536,420,1,20,-16,6,2,3,1,0,2,2,4,7,3,0,1,1,0,1,1,0,4,157,2,2,4,-1,0,1,1,1,1,1,5,1
KR_6759747140,420,3,55,16,4,0,2,2,2,3,1,0,0,0,3,3,0,-1,0,1,0,3,33,-1,5,4,6,0,1,1,-1,1,-1,1,1
KR_6670647025,420,-2,10,2,-3,-1,2,3,-2,0,2,1,2,1,-1,2,3,0,0,0,0,-7,-8,-1,12,11,5,0,1,-1,1,1,1,6,1
KR_6762540932,440,3,10,20,6,-1,0,1,-3,0,3,4,4,0,3,4,1,3,4,1,0,9,8,4,2,6,0,0,-1,1,1,1,-1,4,1
KR_6764871757,420,-1,-42,-25,3,-4,1,5,4,5,1,-1,1,2,0,2,2,4,4,0,0,14,-5,-4,4,0,0,0,-2,-1,1,-1,1,4,1
KR_6683608781,420,1,-1,75,11,3,6,3,5,6,1,1,2,1,1,4,3,1,3,2,0,20,-13,1,3,4,2,0,0,1,1,1,1,6,1
KR_6764897274,420,3,40,-4,1,-1,4,5,2,2,0,-6,0,6,5,5,0,1,1,0,0,9,-26,-4,11,7,4,0,2,1,1,1,1,3,1
KR_6590788805,420,1,14,10,0,1,1,0,1,3,2,-1,1,2,-2,5,7,1,3,2,-1,-6,-1,-3,8,5,-3,0,1,-1,-1,1,-1,6,1
KR_6739606434,420,0,15,4,2,0,1,1,2,5,3,3,5,2,-3,1,4,0,1,1,0,-2,2,3,2,5,1,0,0,1,1,-1,1,2,1
KR_6755693758,440,5,92,-3,17,3,5,2,6,8,2,-2,1,3,8,8,0,2,3,1,0,9,18,3,0,3,1,0,1,0,-1,1,1,0,1
KR_6761793162,440,5,11,20,13,8,8,0,-1,0,1,5,6,1,3,4,1,-2,1,3,1,16,8,3,3,6,-3,0,-1,1,-1,-1,1,3,1
KR_6696980557,420,3,13,-32,1,-4,2,6,-3,1,4,4,6,2,3,4,1,1,1,0,0,-3,25,3,3,6,-4,0,1,1,1,1,-1,5,1
KR_6754949225,420,1,73,-28,3,3,4,1,-3,2,5,2,6,4,0,0,0,1,2,1,0,6,-4,3,4,7,0,0,0,-1,1,1,1,1,1
KR_6752309607,420,3,17,28,12,5,6,1,4,7,3,1,2,1,1,3,2,1,2,1,0,15,7,1,4,5,4,0,2,1,1,1,-1,5,1
KR_6685778061,420,-2,2,17,-2,3,3,0,2,4,2,-2,2,4,-4,2,6,-1,0,1,0,-2,4,5,3,8,-2,0,1,0,-1,1,1,0,1
KR_6693383044,420,1,77,-16,7,1,2,1,0,5,5,3,6,3,0,1,1,3,3,0,0,8,1,-1,5,4,-2,0,1,0,1,1,1,0,1
KR_6629756066,420,0,-52,-35,2,-1,1,2,0,2,2,0,2,2,4,7,3,-1,0,1,0,-1,11,-2,4,2,3,0,1,-1,-1,-1,-1,1,1
KR_6478067107,420,6,49,16,13,0,1,1,1,2,1,6,6,0,5,6,1,1,1,0,0,12,34,-4,8,4,2,0,2,1,-1,1,1,6,1
KR_6758921087,420,-1,-33,-38,-4,0,1,1,0,4,4,2,3,1,-7,2,9,1,1,0,0,-1,-58,0,4,4,-3,0,0,-1,1,-1,-1,6,1
KR_6610191534,420,5,58,44,3,3,3,0,-1,2,3,3,3,0,-1,1,2,-1,1,2,-1,-11,3,-1,5,4,0,0,2,-1,1,1,-1,4,1
KR_6740176526,420,1,39,-11,3,-3,0,3,3,3,0,-2,4,6,5,6,1,0,1,1,0,5,-14,3,5,8,3,0,0,-1,-1,1,1,5,1
KR_6727939745,420,1,121,1,4,7,7,0,-6,1,7,1,3,2,1,3,2,1,1,0,0,-1,38,-2,7,5,-6,0,1,1,1,1,1,1,1
KR_6722120860,420,2,21,0,2,2,3,1,0,2,2,-1,1,2,1,6,5,0,1,1,0,-3,-19,1,4,5,0,0,0,1,1,0,1,5,1
KR_6765561425,420,-1,-18,-20,-7,-1,0,1,-6,1,7,-4,1,5,4,8,4,0,1,1,-1,-10,-18,-5,8,3,2,0,1,1,-1,1,-1,2,1
KR_6751942212,420,5,48,28,8,7,7,0,4,5,1,-3,1,4,1,3,2,-1,0,1,-1,-9,4,1,4,5,5,0,2,0,1,1,-1,0,1
KR_6750930721,420,1,-14,3,-5,-3,1,4,-1,2,3,0,1,1,-3,5,8,2,2,0,0,-7,1,-3,9,6,4,0,0,1,1,0,-1,5,1
KR_6717410675,420,1,-5,29,1,-3,1,4,0,2,2,-1,1,2,4,7,3,1,1,0,2,7,31,-1,5,4,2,0,0,1,-1,-1,1,1,1
KR_6751035713,440,3,15,10,1,-4,1,5,2,3,1,1,2,1,-1,1,2,3,3,0,-1,0,6,0,5,5,1,0,-1,1,-1,-1,-1,2,1
KR_6664535253,420,-2,46,12,0,-3,0,3,5,6,1,1,3,2,-4,0,4,1,1,0,1,4,-3,-3,6,3,4,0,0,-1,1,1,1,4,1
KR_6744660353,420,2,53,59,0,-2,0,2,-2,0,2,1,1,0,-2,1,3,5,6,1,0,-3,-8,-3,8,5,5,0,0,1,-1,0,1,1,1
KR_6735303497,420,1,33,8,7,3,5,2,5,7,2,1,4,3,-2,4,6,0,1,1,2,13,4,2,5,7,3,0,0,1,0,1,1,6,1
KR_6763796842,420,2,64,-36,0,0,4,4,-3,1,4,-1,1,2,4,4,0,0,0,0,1,3,-31,-4,6,2,2,0,0,-1,-1,0,1,2,1
KR_6761846183,420,-2,-39,12,-2,-3,1,4,-4,3,7,5,5,0,1,5,4,-1,1,2,2,7,-210,0,5,5,4,0,1,1,-1,1,1,4,1
KR_6755280821,420,0,-16,-4,-1,-2,0,2,-3,2,5,3,4,1,1,2,1,0,1,1,0,6,1,-1,6,5,-1,0,0,1,-1,0,-1,6,1
KR_6690249322,420,6,75,25,9,4,6,2,3,6,3,5,5,0,0,1,1,-3,2,5,0,-8,2,0,6,6,2,0,0,1,1,1,1,6,1
KR_6745283842,440,2,-26,68,2,0,1,1,4,7,3,1,3,2,-3,2,5,0,1,1,0,3,1,0,6,6,-3,0,0,1,1,0,1,3,1
KR_6698937988,420,-4,-41,-39,-4,1,3,2,-2,3,5,-6,1,7,2,3,1,1,2,1,1,1,-16,3,3,6,-4,0,-1,-1,-1,-1,1,5,1
KR_6682802368,420,-1,9,-14,0,4,4,0,0,2,2,0,4,4,-3,2,5,-1,0,1,1,-8,-5,0,5,5,1,0,3,-1,1,1,1,4,1
KR_6760665042,420,4,71,12,8,5,5,0,-1,1,2,4,4,0,0,3,3,0,1,1,0,3,-5,2,4,6,-1,0,-1,1,-1,-1,1,5,1
KR_6759577864,420,8,77,4,19,3,4,1,2,3,1,7,7,0,7,7,0,0,0,0,0,10,-30,-1,4,3,3,0,2,1,1,1,1,4,1
KR_6692444265,420,0,-44,17,-2,-1,2,3,2,3,1,4,4,0,-6,0,6,-1,1,2,0,-3,-5,-2,7,5,1,0,1,-1,1,1,-1,1,1
KR_6756751701,420,3,10,-17,9,0,3,3,3,4,1,1,4,3,5,7,2,0,0,0,0,8,9,0,4,4,-2,0,1,-1,1,1,1,6,1
KR_6333777585,420,4,24,13,9,0,1,1,-3,0,3,5,5,0,7,9,2,0,0,0,0,17,63,0,6,6,3,0,2,-1,1,1,-1,2,1
KR_6762948743,420,4,88,28,5,5,5,0,-1,2,3,-1,0,1,2,6,4,0,0,0,1,1,390,2,5,7,0,0,0,1,1,0,1,1,1
KR_6712605089,420,4,-7,22,6,-1,3,4,6,6,0,1,3,2,-2,3,5,2,3,1,0,6,-24,-8,11,3,-3,0,0,1,1,1,-1,4,1
KR_6692240218,420,1,53,8,8,-2,0,2,3,6,3,0,1,1,6,6,0,1,1,0,0,12,-3,-1,6,5,6,0,-1,1,-1,-1,1,2,1
KR_6765486092,420,4,37,20,8,-3,1,4,4,5,1,3,3,0,0,1,1,4,4,0,0,17,6,1,7,8,6,0,0,1,-1,0,1,5,1
KR_6761459014,420,5,89,5,20,11,12,1,2,5,3,3,4,1,6,8,2,-2,0,2,0,17,4,-3,8,5,5,0,2,1,1,1,1,2,1
KR_6758817548,420,1,-51,-40,6,3,3,0,-3,1,4,7,7,0,2,6,4,-3,0,3,0,8,-2,-3,6,3,1,0,0,-1,1,0,-1,5,1
KR_6759105027,420,4,29,14,1,-1,0,1,1,2,1,1,4,3,1,5,4,-1,0,1,-1,6,-4,1,7,8,5,0,0,-1,-1,0,-1,5,1
KR_6765423490,420,-1,34,-13,1,2,4,2,-3,0,3,3,4,1,-1,3,4,0,1,1,1,-1,-28,-5,6,1,1,0,1,1,1,1,1,5,1
KR_6752691740,420,1,38,33,13,-2,2,4,6,7,1,6,7,1,1,2,1,2,4,2,0,4,22,3,4,7,-1,0,3,1,1,1,1,6,1
KR_6688022866,420,2,114,16,6,-2,2,4,-5,0,5,5,7,2,3,3,0,5,5,0,0,-1,2,-2,5,3,-2,0,0,1,-1,-1,1,1,1
KR_6604215748,420,0,-2,-14,4,-5,0,5,2,2,0,1,3,2,3,5,2,3,5,2,0,11,45,8,1,9,2,0,1,1,-1,1,-1,4,1
KR_6751229477,420,-1,-3,0,-3,-1,2,3,1,2,1,1,1,0,-2,3,5,-2,0,2,0,-3,99,2,5,7,0,0,-1,1,1,-1,1,1,1
KR_6755386112,420,5,12,111,4,-1,0,1,0,0,0,3,3,0,2,3,1,0,3,3,0,-3,-92,2,5,7,1,0,0,1,1,-1,1,5,1
KR_6363218147,420,0,45,-5,-1,2,3,1,-3,1,4,0,0,0,-2,1,3,2,4,2,0,-6,0,0,0,0,0,0,0,1,-1,1,1,5,1
KR_6757142989,420,-1,58,-11,-1,-2,0,2,2,4,2,-4,1,5,3,6,3,0,0,0,0,-4,-2,6,4,10,-1,0,3,1,-1,1,1,1,1
KR_6696371108,420,-1,47,13,-4,1,3,2,1,3,2,-1,2,3,-1,2,3,-4,0,4,0,-6,-4,-1,5,4,-3,0,0,0,1,0,-1,0,1
KR_6760283605,440,1,42,8,-2,-8,0,8,3,3,0,2,5,3,2,4,2,-1,0,1,-1,2,-3,0,4,4,3,0,0,1,-1,0,-1,2,1
KR_6753380341,420,3,83,12,4,-1,1,2,3,4,1,2,3,1,1,5,4,-1,1,2,0,-3,-3,2,8,10,6,0,2,1,1,1,1,6,1
KR_6712517221,420,1,-8,-20,4,3,3,0,-1,4,5,-4,0,4,2,2,0,4,4,0,1,7,-2,-2,8,6,4,0,3,1,-1,1,1,4,1
KR_6713175106,420,3,39,23,10,1,3,2,2,2,0,9,10,1,-2,3,5,0,0,0,2,6,-7,3,1,4,0,0,2,1,1,1,1,4,1
KR_6764935831,420,-1,-7,-4,-2,0,1,1,-2,2,4,1,1,0,-3,2,5,2,3,1,0,1,11,6,0,6,0,0,0,1,1,0,-1,4,1
KR_6720936466,420,-1,-11,-8,-4,1,1,0,-2,0,2,-2,4,6,2,3,1,-3,0,3,1,-4,-28,-5,9,4,6,0,0,-1,1,0,1,1,1
KR_6624713456,420,3,63,13,0,2,3,1,-1,2,3,-3,2,5,1,2,1,1,1,0,0,-2,8,-3,6,3,1,0,0,1,-1,0,-1,6,1
KR_6626065046,420,3,34,28,12,2,2,0,4,6,2,3,4,1,2,3,1,1,2,1,0,17,10,6,2,8,4,0,3,1,1,1,1,5,1
KR_6755688117,440,1,3,-29,4,1,1,0,1,2,1,3,9,6,3,5,2,-4,0,4,-2,0,-2,7,2,9,1,0,1,-1,1,1,-1,2,1
KR_6752501233,420,1,-34,12,0,-4,0,4,0,4,4,3,4,1,2,4,2,-1,0,1,1,-4,-7,3,1,4,-3,0,0,1,0,1,1,3,1
KR_6760995130,420,-1,-2,0,1,3,4,1,1,2,1,2,4,2,-3,3,6,-2,0,2,0,2,8,-2,5,3,-7,0,0,-1,1,0,-1,1,1
KR_6708672954,420,-1,-45,-4,-2,4,5,1,0,3,3,-5,1,6,-2,0,2,1,1,0,0,-4,10,5,2,7,-3,0,0,-1,-1,0,-1,2,1
KR_6763367268,440,1,54,-13,4,2,2,0,-1,2,3,-5,0,5,0,2,2,8,8,0,-1,-2,-4,2,4,6,3,0,0,1,-1,0,-1,5,1
KR_6642875568,420,1,29,3,3,-2,1,3,4,5,1,1,1,0,2,2,0,-2,0,2,0,9,5,3,3,6,2,0,1,1,1,1,-1,6,1
KR_6761183227,420,1,42,25,0,-1,2,3,-3,1,4,3,3,0,2,7,5,-1,0,1,0,-5,1,1,7,8,0,0,1,-1,1,1,1,2,1
KR_6682747434,420,2,50,29,7,-1,2,3,3,4,1,-1,3,4,4,4,0,2,2,0,0,15,-4,-1,5,4,2,0,-1,1,-1,1,1,2,1
KR_6747552741,420,0,27,-16,-1,-3,0,3,0,4,4,-2,1,3,6,7,1,-2,1,3,0,-9,-6,4,4,8,-5,0,0,1,-1,-1,-1,2,1
KR_6743623540,420,2,-5,-16,3,-1,0,1,-3,5,8,0,1,1,4,4,0,3,3,0,1,9,-8,-2,7,5,7,0,1,-1,-1,1,1,3,1
KR_6760163151,420,1,26,-13,6,-3,1,4,5,7,2,2,3,1,2,7,5,0,1,1,0,12,-9,-3,7,4,5,0,0,1,-1,-1,1,3,1
KR_6673892613,420,1,-4,44,0,-3,1,4,-2,0,2,-2,2,4,1,6,5,6,6,0,1,1,2,2,3,5,-3,0,0,1,-1,0,1,1,1
KR_6629042228,420,4,68,0,4,2,4,2,0,2,2,6,6,0,-1,2,3,-3,0,3,0,-9,10,-2,5,3,4,0,0,1,1,1,1,4,1
KR_6666637756,420,0,-55,-3,3,3,3,0,1,4,3,-1,3,4,0,1,1,0,1,1,0,5,0,-4,9,5,-5,0,0,1,1,0,-1,1,1
KR_6761447873,420,3,-68,12,2,2,4,2,-1,3,4,2,2,0,0,2,2,-1,2,3,2,5,4,-4,8,4,-4,0,0,0,-1,0,1,0,1
KR_6752214650,420,4,29,16,10,2,5,3,4,6,2,0,1,1,3,5,2,1,1,0,0,11,-3,6,4,10,4,0,2,-1,1,1,1,3,1
KR_6602347993,420,3,53,-12,1,0,1,1,3,6,3,-1,3,4,-1,2,3,0,1,1,0,3,10,5,2,7,-1,0,1,-1,1,1,-1,5,1
KR_6695579793,420,-1,-76,-17,-3,0,1,1,2,3,1,-4,1,5,-2,2,4,1,2,1,0,4,15,1,5,6,-5,0,0,-1,-1,0,1,6,1
KR_6751226094,420,-1,56,4,-1,-2,1,3,-2,2,4,-1,0,1,4,4,0,0,2,2,0,1,6,4,2,6,6,0,0,1,-1,-1,1,2,1
KR_6524613659,420,2,36,12,5,2,6,4,-1,3,4,7,9,2,-4,3,7,1,2,1,1,-2,-18,-5,7,2,0,0,1,1,1,1,-1,4,1
KR_6762604590,420,-3,-48,12,-5,0,0,0,2,3,1,-3,1,4,-3,3,6,-1,0,1,0,-11,10,4,6,10,-7,0,0,-1,1,0,1,4,1
KR_6763683191,420,-1,3,-8,-4,-3,1,4,-3,2,5,-2,3,5,4,4,0,0,0,0,0,4,-151,0,6,6,0,0,1,-1,1,1,-1,5,1
KR_6698623587,420,-1,-41,-17,-5,-6,1,7,0,4,4,-1,2,3,3,5,2,-1,1,2,1,3,-3,-4,7,3,2,0,0,-1,0,1,1,4,1
KR_6757056259,420,1,28,11,5,-2,2,4,4,6,2,0,1,1,2,2,0,1,1,0,0,5,7,3,3,6,-6,0,1,-1,-1,1,-1,4,1
KR_6765495621,420,2,31,16,9,-5,1,6,-1,1,2,11,11,0,3,3,0,1,1,0,0,6,6,0,7,7,3,0,2,0,1,1,1,0,1
KR_6765355285,420,1,-38,5,0,-1,0,1,-2,2,4,2,4,2,1,3,2,0,3,3,0,3,-35,-1,6,5,3,0,0,1,-1,-1,-1,5,1
KR_6761111464,420,-1,78,-51,-2,1,3,2,-3,1,4,2,2,0,1,5,4,-3,0,3,0,-4,8,-6,8,2,-1,0,0,-1,-1,0,-1,3,1
KR_6738868446,420,-4,-111,-24,-3,0,4,4,-7,3,10,1,2,1,4,6,2,-1,1,2,-2,1,-178,7,2,9,-7,0,-2,-1,-1,-1,-1,1,1
KR_6754841331,440,4,18,16,2,0,1,1,-1,3,4,3,3,0,-1,0,1,1,2,1,-1,-1,0,1,3,4,1,0,1,0,-1,1,-1,0,1
KR_6669305273,420,2,15,10,10,1,2,1,4,5,1,2,4,2,1,4,3,2,2,0,0,12,2,1,4,5,-2,0,1,1,1,1,-1,4,1
KR_6643490780,420,2,53,-8,-2,3,3,0,-2,2,4,-5,1,6,1,1,0,1,1,0,1,3,-109,2,2,4,0,0,1,-1,-1,1,1,6,1
KR_6763432461,420,4,-6,8,10,1,2,1,7,10,3,4,5,1,-2,2,4,0,1,1,-1,3,-102,6,1,7,0,0,0,1,1,0,-1,6,1
KR_6725564606,440,3,14,-15,-1,0,1,1,6,7,1,0,2,2,-5,0,5,-2,0,2,0,-3,2,2,2,4,-4,0,1,-1,1,1,-1,4,1
KR_6758623074,420,1,45,-5,4,1,3,2,3,3,0,-1,1,2,1,2,1,0,0,0,0,3,6,6,5,11,0,0,0,1,-1,0,1,6,1
KR_6600677551,420,4,27,16,12,0,0,0,4,4,0,2,2,0,6,9,3,0,1,1,0,8,0,4,3,7,2,0,1,1,1,1,1,5,1
KR_6762809754,420,0,3,15,10,3,4,1,5,5,0,-1,2,3,0,3,3,3,3,0,0,14,-41,-3,8,5,21,0,1,1,1,1,1,3,1
KR_6760144027,420,1,-52,9,0,-4,0,4,4,5,1,0,1,1,0,2,2,0,2,2,0,5,5,-5,9,4,0,0,-1,1,-1,-1,-1,5,1
KR_6713088176,420,1,12,4,4,-1,2,3,2,6,4,2,3,1,1,5,4,0,1,1,0,5,-186,-3,8,5,0,0,1,-1,1,1,1,1,1
KR_6657691185,420,0,90,-5,1,-2,1,3,-2,1,3,5,5,0,2,8,6,-2,0,2,2,-1,-4,0,7,7,4,0,1,1,-1,1,-1,6,1
KR_6746444911,440,3,7,13,10,-5,0,5,3,5,2,-1,1,2,3,8,5,10,10,0,0,10,8,-1,3,2,1,0,2,1,1,1,1,3,1
KR_6660054316,420,12,145,75,19,4,4,0,4,4,0,5,6,1,5,6,1,1,1,0,0,14,28,-1,3,2,0,0,3,1,1,1,-1,2,1
KR_6758721580,420,0,18,3,3,2,3,1,-3,5,8,-1,1,2,0,2,2,5,6,1,0,3,0,0,5,5,0,0,0,0,-1,1,1,0,1
KR_6764623223,420,0,10,15,-1,-2,0,2,2,4,2,1,2,1,0,3,3,-2,0,2,0,-5,2,2,3,5,0,0,0,-1,1,0,1,4,1
KR_6608641534,420,1,-12,0,5,0,0,0,1,2,1,1,3,2,-2,1,3,5,6,1,2,5,-3,-2,8,6,1,0,0,1,-1,0,1,2,1
KR_6757101508,420,1,11,7,6,1,3,2,1,1,0,1,2,1,1,2,1,2,3,1,0,7,6,1,3,4,-3,0,0,1,-1,0,1,4,1
KR_6754424654,420,-1,-12,-4,-1,-1,1,2,2,3,1,-2,4,6,1,1,0,-1,0,1,-1,-1,1,2,2,4,1,0,-1,-1,-1,-1,-1,4,1
KR_6747098118,420,1,38,20,9,4,4,0,2,2,0,1,3,2,2,4,2,0,2,2,2,15,-7,-1,5,4,3,0,2,1,1,1,1,2,1
KR_6659252668,420,-1,-60,26,-2,1,3,2,-2,3,5,-4,1,5,3,4,1,0,3,3,0,-10,-2,5,4,9,-4,0,0,1,1,0,1,5,1
KR_6697774534,420,4,32,26,9,4,4,0,4,5,1,1,2,1,0,6,6,0,1,1,0,10,-49,4,7,11,1,0,1,0,-1,1,1,0,1
KR_6727606714,420,2,34,-4,2,1,1,0,0,3,3,1,2,1,-1,3,4,1,2,1,0,-2,2,1,3,4,3,0,3,1,1,1,1,1,1
KR_6761275075,420,3,18,10,7,1,2,1,0,3,3,0,3,3,3,4,1,3,3,0,-1,2,-5,1,3,4,-2,0,1,1,1,1,-1,5,1
KR_6737703133,420,-2,15,-44,-1,-3,2,5,-3,2,5,0,3,3,3,3,0,2,2,0,0,4,10,0,2,2,0,0,-2,-1,-1,-1,1,1,1
KR_6765456460,420,1,81,33,4,-1,0,1,7,8,1,2,6,4,-3,1,4,-1,0,1,0,0,-37,-1,4,3,-1,0,2,1,1,1,1,1,1
KR_6664795839,420,5,36,11,10,1,1,0,4,4,0,5,5,0,0,4,4,0,0,0,0,12,1,2,2,4,-1,0,2,1,1,1,1,5,1
KR_6762581038,420,2,-10,-3,0,0,2,2,-1,0,1,2,2,0,-1,1,2,0,0,0,0,-3,2,3,2,5,2,0,0,1,1,0,-1,5,1
KR_6745811428,420,0,-1,12,3,3,5,2,-2,1,3,-1,3,4,1,2,1,2,3,1,0,3,-36,-2,7,5,-2,0,1,1,0,1,1,6,1
KR_6730531351,420,-1,-55,11,-5,2,2,0,0,4,4,-1,1,2,-5,1,6,-1,1,2,0,-12,-45,-3,7,4,32,0,1,-1,1,-1,-1,5,1
KR_6752969800,420,4,-44,57,7,1,3,2,0,4,4,3,3,0,2,2,0,1,1,0,0,8,-8,-3,5,2,2,0,1,1,0,1,-1,3,1
KR_6738637544,420,0,-2,-1,3,1,2,1,1,1,0,1,2,1,-1,4,5,1,1,0,1,1,-4,5,3,8,2,0,-1,-1,-1,-1,1,3,1
KR_6763918846,420,4,47,19,9,3,4,1,-1,1,2,3,6,3,6,10,4,-2,2,4,1,11,0,0,6,6,2,0,1,1,1,1,1,1,1
KR_6759535650,440,-3,1,20,-7,1,3,2,-6,1,7,0,1,1,1,4,3,-3,0,3,-2,-8,-124,0,4,4,-6,0,0,-1,1,1,-1,1,1
KR_6672344963,420,4,6,14,0,3,5,2,-2,3,5,-5,0,5,3,5,2,1,2,1,0,-8,-2,2,5,7,4,0,0,1,-1,1,-1,6,1
KR_6665392138,420,2,58,-24,2,1,3,2,2,3,1,1,5,4,2,5,3,-4,0,4,0,-4,0,-3,7,4,3,0,1,-1,1,1,1,6,1
KR_6713243559,420,1,-3,5,-2,-2,3,5,-2,0,2,0,3,3,2,4,2,0,0,0,0,-4,10,3,5,8,0,0,1,1,1,1,1,2,1
KR_6762907810,420,3,-6,11,7,5,5,0,0,3,3,-4,1,5,3,3,0,3,3,0,0,10,-26,-4,6,2,3,0,1,-1,1,1,1,5,1
KR_6765313819,420,0,-26,25,2,0,2,2,-4,2,6,1,3,2,1,5,4,4,4,0,0,-2,0,1,4,5,0,0,-1,1,1,-1,1,1,1
KR_6439481247,420,1,-90,4,2,0,1,1,1,5,4,-3,1,4,0,1,1,4,6,2,0,1,19,-3,8,5,2,0,-1,1,-1,-1,1,6,1
KR_6758088449,420,-4,-19,-5,-7,-5,0,5,7,8,1,-1,3,4,-7,3,10,-1,1,2,1,-4,0,2,5,7,1,0,-2,-1,-1,-1,1,5,1
KR_6763364361,420,-3,-41,-8,-8,-2,1,3,-3,6,9,-1,0,1,-1,2,3,-1,1,2,0,-4,1,-2,6,4,-4,0,0,1,1,-1,-1,3,1
KR_6755148118,420,-1,-14,-6,0,-4,0,4,3,5,2,3,4,1,1,3,2,-3,0,3,0,-5,-1,-2,5,3,1,0,1,1,-1,1,-1,5,1
KR_6619612911,420,4,50,32,10,8,9,1,-2,3,5,2,3,1,2,2,0,0,0,0,0,9,-38,-4,10,6,4,0,2,1,-1,1,1,4,1
KR_6682181447,420,2,-23,20,4,0,0,0,1,3,2,2,2,0,2,5,3,-1,1,2,0,3,36,2,4,6,-1,0,0,1,1,0,1,2,1
KR_6741242505,420,2,105,6,7,-2,2,4,1,4,3,1,5,4,7,7,0,0,1,1,0,0,14,-2,4,2,-3,0,0,-1,1,0,1,2,1
KR_6695505463,420,-2,-53,-4,-1,-4,1,5,7,9,2,0,1,1,-3,2,5,-1,3,4,0,2,4,-2,4,2,1,0,0,1,-1,-1,-1,2,1
KR_6765422636,420,2,7,-1,8,2,5,3,-2,1,3,3,6,3,5,6,1,0,1,1,0,8,5,1,1,2,-2,0,0,1,-1,1,-1,5,1
KR_6746074111,420,0,55,57,-9,-4,0,4,-3,1,4,1,3,2,-1,1,2,-2,0,2,-1,-22,17,-3,9,6,-18,0,1,1,1,1,-1,3,1
KR_6764097826,420,1,49,-9,5,0,1,1,3,5,2,-1,0,1,2,5,3,1,2,1,0,11,2,1,6,7,2,0,0,-1,1,-1,-1,2,1
KR_6764742661,420,4,-9,29,6,-1,0,1,-1,4,5,5,5,0,0,1,1,3,3,0,0,6,-105,-3,5,2,-1,0,0,-1,-1,0,1,6,1
KR_6643543441,420,1,20,4,3,1,3,2,5,8,3,1,2,1,-3,0,3,-1,0,1,0,-7,-11,2,4,6,-1,0,1,1,1,-1,-1,4,1
KR_6743810250,440,1,-29,24,2,2,2,0,0,4,4,1,3,2,-2,1,3,1,2,1,0,-5,6,3,2,5,1,0,0,1,1,0,-1,2,1
KR_6632419496,420,2,65,28,5,1,2,1,2,3,1,-1,4,5,3,3,0,0,0,0,0,4,2,1,5,6,9,0,1,1,1,1,-1,5,1
KR_6725733833,420,0,23,16,4,-3,0,3,3,4,1,2,2,0,2,4,2,0,0,0,0,9,2,1,6,7,3,0,1,1,-1,1,1,1,1
KR_6665889678,420,-2,-18,-23,0,-3,1,4,-1,1,2,2,5,3,2,4,2,0,1,1,0,4,-114,-4,7,3,0,0,0,0,1,-1,1,0,1
KR_6762806408,420,5,70,8,8,-1,0,1,1,2,1,3,4,1,4,4,0,1,1,0,0,13,1,6,3,9,4,0,0,1,-1,1,1,2,1
KR_6673800023,420,5,117,-4,11,2,4,2,2,5,3,2,3,1,5,6,1,0,1,1,0,20,3,-1,4,3,2,0,2,1,-1,1,1,3,1
KR_6740538496,420,-1,41,-24,-4,-1,2,3,0,1,1,-3,3,6,-1,1,2,1,1,0,0,1,6,3,3,6,-1,0,1,0,-1,1,1,0,1
KR_6691726397,420,1,42,16,7,-1,1,2,0,1,1,-1,1,2,8,8,0,1,1,0,0,15,-57,1,9,10,2,0,1,1,1,1,1,5,1
KR_6629818134,420,2,23,2,8,2,3,1,4,5,1,1,2,1,3,6,3,-2,0,2,1,10,2,2,4,6,2,0,0,1,1,1,1,3,1
KR_6711048241,420,2,22,-31,6,-3,3,6,-1,2,3,3,5,2,9,10,1,-2,0,2,0,15,-2,-2,6,4,-1,0,-1,0,-1,-1,-1,0,1
KR_6728001755,420,2,16,29,3,-1,0,1,0,3,3,2,2,0,0,2,2,2,2,0,-1,-1,69,3,6,9,2,0,2,1,1,1,-1,5,1
KR_6762196892,420,1,-16,32,6,2,2,0,3,3,0,-1,0,1,0,6,6,2,2,0,0,2,-11,1,4,5,-1,0,0,-1,1,0,1,3,1
KR_6711990255,420,4,62,-20,10,4,5,1,8,8,0,1,1,0,-2,1,3,-1,2,3,1,-1,9,3,2,5,-3,0,2,-1,1,1,1,3,1
KR_6730362475,440,-1,-2,11,0,2,2,0,-3,2,5,-2,0,2,1,3,2,2,3,1,-1,-1,9,2,4,6,-3,0,0,1,1,0,-1,6,1
KR_6694532902,420,2,18,-5,5,0,2,2,0,5,5,4,4,0,-2,3,5,3,4,1,0,1,2,2,3,5,2,0,1,1,-1,1,1,5,1
KR_6742882699,440,2,18,-20,6,3,4,1,1,5,4,-4,1,5,6,9,3,0,0,0,0,9,-8,-1,3,2,-2,0,2,-1,1,1,1,2,1
KR_6712541761,420,-1,-23,0,-1,0,1,1,-3,4,7,1,5,4,0,2,2,1,1,0,0,2,-11,-4,8,4,3,0,0,-1,-1,-1,1,2,1
KR_6760342052,420,2,93,0,3,1,3,2,3,3,0,0,2,2,0,1,1,-1,3,4,-1,-2,4,1,5,6,2,0,2,1,1,1,-1,5,1
KR_6729669413,420,3,98,19,7,2,2,0,0,2,2,5,5,0,-1,0,1,1,1,0,0,8,4,2,3,5,5,0,0,1,1,0,-1,1,1
KR_6757839648,420,1,3,12,0,-2,1,3,-4,1,5,4,5,1,1,4,3,1,2,1,-1,4,-10,-5,10,5,-3,0,0,-1,-1,0,-1,2,1
KR_6615913050,420,2,52,-12,8,1,1,0,2,5,3,4,4,0,1,2,1,0,1,1,0,4,5,0,2,2,2,0,0,-1,-1,1,1,5,1
KR_6762832851,420,-1,20,23,-6,-1,0,1,-5,0,5,0,0,0,0,4,4,0,0,0,-1,-13,-214,-5,10,5,0,0,0,1,1,0,-1,2,1
KR_6764486466,420,1,-30,12,-3,-1,0,1,-5,3,8,3,5,2,-1,1,2,1,2,1,0,2,-6,-4,9,5,1,0,0,1,-1,-1,1,5,1
KR_6634743498,420,1,9,-12,7,1,2,1,0,1,1,2,3,1,4,5,1,0,1,1,0,10,15,6,1,7,0,0,1,1,1,1,1,5,1
KR_6761501736,420,2,52,12,11,-1,1,2,0,3,3,3,5,2,8,9,1,1,2,1,0,14,-5,-2,7,5,-1,0,1,1,-1,1,-1,6,1
KR_6635944279,420,1,-37,-23,2,0,1,1,1,1,0,-3,2,5,4,4,0,0,1,1,0,9,-7,-1,7,6,2,0,0,1,-1,0,1,6,1
KR_6705602268,420,3,45,4,10,6,8,2,-2,1,3,5,6,1,-2,3,5,3,3,0,0,1,2,0,6,6,6,0,3,1,1,1,1,4,1
KR_6632741527,420,2,-24,12,8,2,2,0,5,5,0,2,3,1,0,3,3,-1,0,1,0,10,1,0,5,5,-3,0,0,1,-1,0,1,6,1
KR_6747372747,420,2,32,-35,2,0,0,0,0,4,4,2,3,1,-2,2,4,2,2,0,0,2,116,2,5,7,-2,0,0,1,-1,1,1,4,1
KR_6605581629,420,6,102,8,9,6,6,0,4,5,1,2,2,0,-3,5,8,0,0,0,1,12,-2,1,4,5,-2,0,2,1,1,1,1,6,1
KR_6753651107,420,0,-16,22,-1,3,3,0,-2,0,2,-3,0,3,0,2,2,1,3,2,0,0,-5,0,5,5,2,0,-1,1,-1,-1,1,4,1
KR_6732289782,420,-3,52,-32,0,1,1,0,0,6,6,1,4,3,-4,2,6,2,2,0,1,10,-14,2,7,9,5,0,1,-1,1,1,1,1,1
KR_6682241611,420,2,49,-13,6,1,2,1,-1,1,2,0,2,2,2,4,2,4,4,0,0,8,6,0,6,6,1,0,1,1,-1,1,-1,5,1
KR_6601193531,420,2,67,6,9,2,2,0,3,6,3,-1,0,1,4,6,2,1,1,0,1,9,-3,-2,6,4,3,0,1,1,1,1,1,2,1
KR_6624532579,420,3,40,-3,9,2,3,1,3,6,3,5,5,0,0,0,0,-1,0,1,0,10,7,1,4,5,-4,0,0,1,1,-1,1,3,1
KR_6761927525,440,5,88,-19,9,3,4,1,-2,0,2,2,2,0,5,5,0,1,3,2,0,11,7,4,2,6,0,0,2,0,-1,1,1,0,1
KR_6642603718,420,3,4,48,6,1,1,0,0,2,2,2,2,0,2,6,4,1,1,0,0,7,-16,-1,8,7,10,0,0,1,1,1,1,3,1
KR_6698829272,420,2,4,0,3,0,2,2,3,7,4,-3,2,5,4,4,0,-1,0,1,0,12,6,-3,5,2,-5,0,0,1,-1,0,1,2,1
KR_6716386881,420,-1,-31,-18,3,0,1,1,-1,1,2,0,0,0,3,4,1,1,3,2,0,7,-2,1,8,9,2,0,0,1,-1,0,-1,4,1
KR_6753226131,420,8,84,61,23,3,3,0,0,1,1,0,1,1,20,21,1,0,0,0,2,24,13,2,1,3,-1,1,7,1,1,1,1,3,1
KR_6592309084,420,4,33,6,9,5,6,1,4,5,1,-1,3,4,1,3,2,0,1,1,0,5,-1,-1,4,3,2,0,5,-1,1,1,1,4,1
KR_6695004355,420,1,36,-7,9,5,7,2,2,6,4,2,2,0,2,3,1,-2,1,3,0,7,0,0,5,5,-1,0,3,1,1,1,1,4,1
KR_6705152966,420,4,123,-4,13,5,5,0,0,2,2,3,3,0,5,5,0,0,2,2,0,10,7,-2,8,6,3,0,0,-1,1,1,1,4,1
KR_6747949671,420,3,24,48,4,3,3,0,5,6,1,-4,0,4,0,2,2,0,0,0,0,4,0,2,5,7,0,0,0,0,1,0,-1,0,1
KR_6739473074,420,0,-35,8,-2,1,1,0,-4,2,6,0,2,2,-1,1,2,2,2,0,0,-5,0,3,2,5,-5,0,0,-1,1,0,-1,2,1
KR_6763958719,420,2,34,35,1,-1,0,1,1,4,3,-2,1,3,3,5,2,0,0,0,0,-5,25,0,5,5,0,0,0,0,1,0,1,0,1
KR_6763065218,420,3,28,-4,8,0,1,1,-2,2,4,5,6,1,4,5,1,1,1,0,0,5,199,3,2,5,-1,0,2,1,1,1,1,6,1
KR_6760695518,420,1,11,16,3,-2,4,6,4,6,2,3,3,0,0,2,2,-2,0,2,0,11,34,-1,5,4,-1,0,0,1,1,0,1,1,1
KR_6750043334,420,0,72,-21,6,1,2,1,5,5,0,0,2,2,0,1,1,0,1,1,0,8,2,3,4,7,3,0,1,1,1,1,-1,2,1
KR_6636267901,420,3,16,13,5,-1,1,2,-3,1,4,4,6,2,-2,3,5,7,8,1,0,8,32,-3,5,2,-9,0,2,-1,1,1,-1,3,1
KR_6754570640,420,-3,68,-23,-2,-3,1,4,-2,0,2,1,4,3,1,1,0,1,1,0,0,-2,-33,1,3,4,-1,0,1,-1,1,1,-1,5,1
KR_6742542964,440,4,13,40,13,2,2,0,7,9,2,3,3,0,1,1,0,0,0,0,0,18,5,0,4,4,-3,0,1,1,1,1,1,4,1
KR_6762419419,420,4,35,31,11,1,3,2,4,4,0,2,4,2,2,4,2,2,3,1,0,18,184,3,5,8,0,0,2,-1,1,1,-1,6,1
KR_6753144279,420,1,-62,-20,9,2,4,2,3,3,0,4,4,0,0,3,3,0,0,0,0,14,-46,3,3,6,23,0,0,-1,1,-1,1,3,1
KR_6754233177,420,1,-39,22,3,1,2,1,6,8,2,-1,0,1,-2,0,2,-1,1,2,0,-1,5,0,4,4,1,0,0,-1,-1,0,1,5,1
KR_6759180105,420,2,-29,20,0,-4,0,4,6,6,0,3,5,2,-3,0,3,-2,0,2,0,-1,-21,-7,8,1,2,0,0,1,1,0,-1,4,1
KR_6630029665,420,1,-29,12,7,1,1,0,-1,2,3,4,5,1,0,3,3,3,3,0,0,6,-11,0,4,4,5,0,-1,1,1,-1,1,4,1
KR_6762480991,420,-4,-77,4,-12,-4,0,4,-2,0,2,-6,0,6,0,5,5,0,2,2,0,-6,-4,-1,6,5,-2,0,-2,-1,-1,-1,-1,3,1
KR_6685252010,420,-2,67,30,1,-2,1,3,4,8,4,-3,2,5,3,4,1,-1,1,2,1,-9,-6,-4,6,2,4,0,0,1,-1,1,1,3,1
KR_6737972267,440,1,9,4,1,1,1,0,0,1,1,0,0,0,1,1,0,-1,6,7,0,-2,3,5,2,7,-1,0,0,-1,1,1,1,3,1
KR_6727553869,420,0,-34,-20,5,-1,1,2,2,5,3,-1,2,3,5,5,0,0,0,0,0,1,-3,4,2,6,0,0,1,-1,-1,1,1,4,1
KR_6717115128,420,1,49,2,5,-2,0,2,2,5,3,1,2,1,4,5,1,0,0,0,1,0,-216,-2,6,4,1,0,2,1,1,1,1,5,1
KR_6728135407,440,1,5,0,2,1,1,0,0,3,3,1,3,2,-2,2,4,2,2,0,0,1,-174,2,4,6,-3,0,0,1,-1,0,-1,6,1
KR_6754469218,420,2,44,18,4,-2,0,2,0,2,2,2,4,2,3,3,0,1,1,0,-1,2,2,1,4,5,-1,0,0,1,-1,0,-1,3,1
KR_6667834877,420,0,-45,0,0,1,2,1,1,3,2,-2,0,2,1,1,0,-1,0,1,0,2,-4,-2,6,4,-1,0,0,0,1,0,1,0,1
KR_6752981386,420,-1,-6,0,0,1,3,2,0,2,2,2,3,1,-2,1,3,-1,1,2,0,0,1,2,2,4,4,0,0,0,1,0,1,0,1
KR_6734579222,420,3,16,-39,11,3,4,1,-2,2,4,3,5,2,4,6,2,3,3,0,0,12,2,2,4,6,6,0,2,0,-1,1,1,0,1
KR_6602202254,420,4,34,-10,8,0,0,0,3,4,1,1,1,0,2,3,1,2,2,0,1,16,-5,-2,9,7,8,0,0,1,-1,1,1,2,1
KR_6765488351,420,4,36,9,14,4,5,1,-2,0,2,6,6,0,5,6,1,1,3,2,0,15,3,3,4,7,-1,0,1,1,0,1,1,5,1
KR_6743846106,420,2,64,5,5,0,1,1,2,2,0,2,3,1,1,2,1,0,1,1,0,7,8,2,4,6,3,0,0,1,-1,0,1,3,1
KR_6762956462,440,-3,-43,-16,-5,0,1,1,-1,1,2,1,1,0,2,2,0,-7,3,10,0,-6,9,1,7,8,-1,0,0,-1,0,-1,1,2,1
KR_6609269163,420,0,-50,20,5,-3,0,3,1,4,3,5,8,3,3,4,1,-1,1,2,0,2,-38,0,4,4,19,0,0,1,1,-1,1,4,1
KR_6693604439,420,7,82,27,17,5,6,1,5,9,4,4,4,0,3,7,4,0,1,1,0,7,8,7,2,9,-1,0,1,1,1,1,-1,1,1
KR_6757085919,420,-1,7,-20,-3,4,4,0,2,4,2,-5,0,5,-3,1,4,-1,2,3,1,-1,6,4,3,7,-2,0,0,1,0,0,1,5,1
KR_6735170421,420,-3,9,2,-2,0,4,4,1,1,0,-1,3,4,-4,0,4,2,2,0,1,-5,21,-2,4,2,2,0,1,-1,-1,1,1,6,1
KR_6623174833,420,6,39,40,14,-2,2,4,4,4,0,7,8,1,4,4,0,1,1,0,0,24,-5,-4,6,2,1,0,1,1,-1,-1,-1,2,1
KR_6698063669,420,0,36,18,-3,-2,2,4,-1,1,2,0,1,1,-2,0,2,2,4,2,0,-5,8,-2,8,6,-2,0,1,1,-1,-1,-1,1,1
KR_6759054846,420,0,-16,-8,-4,2,3,1,0,1,1,-9,1,10,4,6,2,-1,1,2,0,5,-2,-4,7,3,-1,0,1,1,0,1,-1,3,1
KR_6763120711,420,1,-8,18,0,1,4,3,0,3,3,2,4,2,-4,3,7,1,3,2,0,-4,232,1,2,3,6,0,-1,1,1,-1,-1,2,1
KR_6761956768,420,0,9,33,11,5,6,1,2,2,0,0,4,4,3,5,2,1,1,0,2,13,1,4,2,6,1,0,2,1,1,1,1,1,1
KR_6675414846,420,2,34,0,5,0,2,2,-5,0,5,-1,4,5,9,10,1,2,4,2,2,4,18,4,1,5,-3,0,0,1,-1,1,1,2,1
KR_6734919142,420,4,6,-9,12,3,5,2,1,2,1,4,6,2,-2,1,3,6,6,0,1,10,120,4,3,7,2,0,2,0,1,1,1,0,1
KR_6751559426,420,0,33,36,-1,2,3,1,0,1,1,-4,2,6,0,6,6,1,1,0,0,-9,-4,-4,8,4,4,0,-1,-1,1,1,1,3,1
KR_6759763522,420,4,30,-10,10,4,5,1,2,4,2,3,5,2,0,2,2,1,2,1,0,8,2,4,2,6,4,0,2,1,1,1,1,5,1
KR_6727880830,420,5,74,28,10,4,4,0,7,7,0,2,5,3,1,3,2,-4,0,4,-1,8,32,-4,7,3,-11,0,2,-1,1,1,-1,1,1
KR_6764712639,420,2,49,23,8,3,3,0,1,2,1,2,5,3,2,6,4,0,2,2,1,-1,15,-3,7,4,6,0,2,0,1,1,1,0,1
KR_6642848870,420,0,21,1,5,3,4,1,-2,1,3,-3,0,3,2,2,0,5,5,0,0,3,-6,-2,5,3,5,0,1,1,1,1,1,4,1
KR_6718573346,420,0,-23,-16,7,4,5,1,2,2,0,7,9,2,-3,0,3,-3,0,3,0,7,36,4,1,5,-1,0,-1,-1,1,1,1,1,1
KR_6682790346,420,1,-28,12,9,2,3,1,3,4,1,4,7,3,5,5,0,-5,0,5,0,12,-126,2,5,7,-1,0,0,1,-1,0,-1,1,1
KR_6707608192,420,2,77,30,-1,0,1,1,-2,0,2,2,3,1,-1,2,3,0,1,1,0,-9,5,-1,5,4,4,0,0,1,1,1,1,5,1
KR_6737572239,420,0,-68,-29,2,-1,0,1,-1,2,3,4,7,3,1,2,1,-1,1,2,0,-2,134,3,5,8,-4,0,-2,1,1,-1,-1,2,1
KR_6756084709,420,1,-16,-6,6,-1,2,3,3,3,0,0,1,1,5,7,2,-1,1,2,0,8,4,2,2,4,1,0,0,1,-1,1,1,4,1
KR_6717751067,420,-1,50,5,1,-2,2,4,-3,4,7,1,4,3,3,4,1,2,2,0,0,-1,11,4,5,9,-3,0,1,1,1,1,1,5,1
KR_6750426168,420,-4,-54,-31,-6,-4,0,4,2,3,1,-4,1,5,-5,1,6,5,6,1,0,-7,1,2,5,7,-5,0,1,-1,1,1,-1,1,1
KR_6609176277,420,0,-22,10,3,0,4,4,1,2,1,2,3,1,1,1,0,-1,0,1,0,-3,3,2,7,9,3,0,1,-1,1,1,1,2,1
KR_6762644615,420,2,18,8,5,2,2,0,1,2,1,-1,2,3,1,2,1,2,2,0,0,4,10,3,5,8,1,0,1,-1,1,1,-1,1,1
KR_6664866330,420,3,15,48,5,1,4,3,2,3,1,4,5,1,-1,2,3,-1,0,1,-1,-1,4,-2,7,5,-2,0,1,-1,1,1,-1,6,1
KR_6738483636,420,1,-2,-18,6,3,3,0,2,5,3,2,5,3,-1,4,5,0,1,1,1,2,10,2,3,5,2,0,2,1,1,1,1,1,1
KR_6759065151,420,-1,-15,-4,2,-2,0,2,-1,3,4,5,6,1,0,2,2,0,1,1,0,10,-7,-3,6,3,1,0,-1,1,0,-1,1,2,1
KR_6683767832,420,1,1,11,7,-3,0,3,-2,0,2,1,2,1,7,7,0,4,5,1,0,7,4,0,2,2,0,0,1,1,1,1,-1,1,1
KR_6752187325,440,-1,-16,1,1,1,4,3,2,2,0,-2,2,4,2,2,0,-2,0,2,0,1,2,5,6,11,-1,0,-1,-1,-1,-1,-1,2,1
KR_6759911214,420,3,-39,4,8,0,0,0,4,4,0,4,5,1,1,6,5,-1,2,3,0,6,7,4,5,9,4,0,0,0,1,0,1,0,1
KR_6629813310,420,0,-26,-10,-4,0,0,0,0,1,1,-1,0,1,-4,0,4,1,1,0,-1,-4,-9,-5,8,3,2,0,0,1,-1,-1,-1,3,1
KR_6720275333,420,2,-14,-5,8,2,2,0,0,4,4,1,5,4,3,5,2,2,3,1,0,5,10,-1,7,6,5,0,1,-1,1,1,1,4,1
KR_6755532917,420,5,101,2,13,4,4,0,4,6,2,5,6,1,0,2,2,0,0,0,0,11,-9,-4,5,1,8,0,0,1,-1,1,1,4,1
KR_6737036462,420,1,-16,13,3,-3,1,4,0,4,4,6,7,1,0,0,0,0,1,1,0,8,-19,-2,7,5,-3,0,0,1,0,0,1,1,1
KR_6730180820,440,0,-44,-8,-3,-1,2,3,-5,1,6,2,2,0,0,5,5,1,2,1,0,-1,2,-6,8,2,4,0,-1,0,-1,-1,-1,0,1
KR_6748073856,420,4,-11,-4,1,-1,0,1,2,2,0,3,4,1,-2,5,7,-1,0,1,0,-3,-3,3,4,7,2,0,0,1,-1,-1,-1,3,1
KR_6738155013,420,2,71,24,4,1,3,2,2,4,2,0,2,2,2,3,1,-1,0,1,0,3,16,3,4,7,-3,0,0,1,1,1,-1,6,1
KR_6762267273,420,9,119,4,20,7,8,1,6,6,0,6,10,4,2,4,2,-1,1,2,1,17,10,7,2,9,-1,0,2,1,0,1,1,4,1
KR_6733572082,420,-2,-1,8,-2,3,4,1,0,3,3,-3,3,6,-5,0,5,3,3,0,0,-9,-9,-1,3,2,1,0,1,1,-1,1,1,4,1
KR_6759273870,420,-3,1,4,0,-1,3,4,2,5,3,0,1,1,0,4,4,-1,0,1,0,-6,-4,-1,8,7,-4,0,0,-1,1,1,1,4,1
KR_6765470022,420,1,25,9,-3,-2,1,3,0,3,3,-3,0,3,6,6,0,-4,0,4,0,3,3,-2,7,5,0,0,1,-1,1,1,-1,3,1
KR_6691147842,420,1,72,24,5,1,4,3,-2,2,4,2,3,1,0,3,3,4,4,0,0,3,-7,1,3,4,6,0,3,1,1,1,1,2,1
KR_6728756855,440,2,23,24,6,0,0,0,3,4,1,5,7,2,-2,3,5,0,0,0,0,0,107,5,2,7,-2,0,2,-1,1,1,1,2,1
KR_6759969768,420,1,-34,46,6,-2,2,4,6,9,3,-3,1,4,5,6,1,0,0,0,0,9,-44,0,5,5,13,0,0,1,-1,0,-1,3,1
KR_6752935802,420,2,-28,5,-8,-3,1,4,4,6,2,-7,2,9,-3,3,6,1,1,0,0,-2,1,3,5,8,-3,0,2,-1,1,1,-1,6,1
KR_6726157339,420,-2,-34,-6,1,-2,1,3,-3,1,4,2,3,1,1,1,0,3,4,1,0,-1,-2,7,2,9,-4,0,-1,1,-1,-1,1,3,1
KR_6729404586,420,1,-5,-7,2,2,3,1,-1,1,2,4,5,1,-1,1,2,-2,0,2,0,-4,-10,2,4,6,0,0,0,1,1,0,-1,6,1
KR_6763600903,420,-1,5,-8,4,4,4,0,-2,5,7,1,4,3,1,4,3,0,0,0,0,7,-10,-2,7,5,3,0,-1,1,-1,-1,1,4,1
KR_6647546196,420,2,48,4,10,4,6,2,-1,3,4,7,8,1,1,4,3,-1,1,2,0,7,19,1,8,9,1,0,2,1,-1,1,1,1,1
KR_6755275103,420,2,-25,-7,8,4,4,0,0,1,1,4,4,0,0,1,1,0,1,1,-1,3,22,-1,5,4,-2,0,0,1,1,0,-1,4,1
KR_6511946250,420,4,16,16,12,-1,3,4,3,4,1,3,3,0,6,8,2,1,3,2,0,24,3,-1,6,5,6,0,1,1,-1,1,-1,3,1
KR_6759050770,420,2,-7,-4,-1,-2,0,2,1,5,4,1,2,1,-1,1,2,0,2,2,0,1,0,5,3,8,3,0,1,0,1,1,-1,0,1
KR_6476406383,420,3,42,-5,7,-1,0,1,4,4,0,-3,1,4,5,5,0,2,2,0,0,7,-17,-1,4,3,2,0,2,1,1,1,1,6,1
KR_6763112053,440,-2,-78,-12,-5,0,0,0,-2,2,4,2,2,0,-2,3,5,-3,0,3,0,-10,16,4,4,8,3,0,-1,0,-1,-1,-1,0,1
KR_6760688163,420,4,-33,36,4,0,1,1,6,7,1,-1,0,1,-2,0,2,1,2,1,0,5,-6,-2,5,3,-1,0,0,1,1,0,1,2,1
KR_6736599638,420,-1,13,-20,1,-6,0,6,4,6,2,1,1,0,3,4,1,-1,0,1,0,6,-367,-3,5,2,1,0,-1,1,-1,-1,1,1,1
KR_6626087424,420,0,-18,-16,-2,-2,1,3,2,3,1,-1,3,4,0,2,2,-1,0,1,0,-1,-60,3,3,6,0,0,0,1,1,-1,1,6,1
KR_6760469080,440,0,-4,-16,8,5,9,4,1,4,3,-2,0,2,1,4,3,3,3,0,-1,11,-4,-2,7,5,-1,0,2,-1,1,1,-1,1,1
KR_6762449055,420,2,16,12,7,2,2,0,1,2,1,-5,2,7,5,6,1,4,4,0,0,21,20,1,2,3,1,0,2,1,-1,1,1,4,1
KR_6764315685,420,2,13,32,0,1,1,0,0,5,5,-2,1,3,1,2,1,0,1,1,0,-2,-41,-2,5,3,-3,0,-1,-1,1,-1,-1,5,1
KR_6762501460,420,-1,4,16,5,0,0,0,1,3,2,0,2,2,3,4,1,1,2,1,0,9,134,-1,7,6,6,0,-1,1,1,-1,1,5,1
KR_6717718180,420,3,-13,-3,4,-1,3,4,-2,4,6,0,3,3,5,5,0,2,2,0,-1,5,6,2,4,6,2,0,1,-1,-1,1,-1,6,1
KR_6602039479,420,2,23,16,5,0,1,1,1,3,2,1,1,0,1,4,3,2,2,0,0,10,6,5,7,12,2,0,0,-1,1,1,1,2,1
KR_6760026034,440,0,1,-20,3,2,2,0,6,9,3,-5,1,6,1,1,0,-1,3,4,0,3,-173,-1,3,2,3,0,0,1,-1,-1,1,5,1
KR_6661614629,420,0,-5,-5,-5,0,1,1,-3,0,3,-7,1,8,3,3,0,2,3,1,0,-1,3,0,3,3,-4,0,-1,-1,-1,-1,1,4,1
KR_6743856329,420,8,86,32,21,2,2,0,3,5,2,8,8,0,6,8,2,2,3,1,0,12,-1,5,1,6,0,0,1,1,1,1,1,6,1
KR_6729707784,420,2,-5,14,5,1,1,0,0,3,3,0,1,1,-2,1,3,6,6,0,0,11,3,-3,8,5,4,0,2,1,-1,1,1,1,1
KR_6695366859,440,2,20,28,8,2,2,0,-1,2,3,5,9,4,3,5,2,-1,0,1,0,4,4,3,1,4,1,0,1,0,1,1,1,0,1
KR_6725319410,420,0,3,-28,-2,0,0,0,-1,1,2,0,2,2,0,2,2,-1,0,1,0,-4,2,-6,7,1,6,0,0,1,-1,1,-1,6,1
KR_6764981927,420,1,41,35,0,1,4,3,3,3,0,-4,2,6,0,2,2,0,2,2,0,-5,4,-1,4,3,0,0,0,1,1,1,-1,5,1
KR_6764950833,420,1,72,23,3,1,2,1,0,2,2,-2,4,6,3,5,2,1,1,0,0,12,27,-2,9,7,1,0,0,1,-1,-1,1,4,1
KR_6751665223,420,4,79,20,13,1,3,2,7,9,2,4,4,0,-2,2,4,3,3,0,1,11,-12,-1,6,5,4,0,2,1,1,1,1,6,1
KR_6710292456,420,-1,-18,11,-8,0,0,0,0,6,6,-3,1,4,-5,2,7,0,2,2,-1,-6,-17,-4,6,2,0,0,-1,1,-1,-1,-1,6,1
KR_6607596695,420,4,81,13,9,0,2,2,5,6,1,3,3,0,1,3,2,0,2,2,0,10,44,-2,6,4,2,0,1,1,0,1,-1,1,1
KR_6753228056,420,-3,-41,8,-5,-1,3,4,-1,3,4,-5,1,6,2,2,0,0,1,1,0,0,8,0,4,4,1,0,0,1,1,0,1,3,1
KR_6594567091,420,2,74,36,-5,2,3,1,0,3,3,0,1,1,-8,2,10,1,1,0,0,-12,-58,-1,6,5,1,0,1,1,-1,1,-1,2,1
KR_6757137137,420,1,51,-1,1,-2,1,3,0,5,5,1,3,2,1,2,1,1,1,0,0,-3,10,-2,5,3,-2,0,2,-1,1,1,1,5,1
KR_6679791168,420,-4,-97,-12,-5,0,2,2,-3,3,6,-4,0,4,3,6,3,-1,0,1,1,0,-7,6,1,7,-5,0,-1,1,-1,-1,-1,4,1
KR_6765637141,440,1,48,-6,2,2,3,1,-2,4,6,-1,1,2,3,3,0,0,0,0,0,6,35,3,4,7,-7,0,0,1,-1,1,1,6,1
KR_6684555108,420,-2,-24,-20,-8,-1,0,1,-3,1,4,-7,2,9,1,2,1,2,2,0,0,0,20,-1,4,3,-23,0,-2,-1,-1,-1,-1,1,1
KR_6759739459,440,5,39,-4,7,0,1,1,-1,3,4,0,1,1,4,5,1,4,4,0,0,10,3,-2,8,6,7,0,1,1,-1,1,-1,1,1
KR_6761970008,420,3,34,8,7,0,4,4,1,2,1,4,6,2,4,5,1,-2,1,3,0,7,16,3,3,6,1,0,1,1,-1,1,1,1,1
KR_6687222090,420,3,72,4,6,3,4,1,5,5,0,-2,0,2,1,4,3,-1,1,2,0,2,5,0,5,5,2,0,1,1,0,1,1,6,1
KR_6764090399,420,0,45,20,-5,-1,3,4,1,3,2,-2,3,5,-5,2,7,2,3,1,0,-7,244,4,7,11,0,0,0,1,1,-1,1,5,1
KR_6746500695,440,2,9,35,8,1,5,4,6,7,1,-1,3,4,2,2,0,0,0,0,0,10,3,2,7,9,-6,0,0,0,1,1,1,0,1
KR_6466641242,420,6,58,22,14,5,5,0,0,3,3,3,4,1,6,7,1,0,0,0,0,11,1,0,4,4,2,0,3,1,1,1,-1,3,1
KR_6696899966,420,4,78,20,5,0,1,1,1,6,5,4,6,2,4,4,0,-4,1,5,0,4,8,3,2,5,-1,0,1,0,-1,1,1,0,1
KR_6632702768,420,1,13,16,1,1,2,1,-2,2,4,8,8,0,-6,0,6,0,2,2,0,3,-1,-2,4,2,2,0,-1,1,1,-1,1,2,1
KR_6764067904,420,6,53,22,14,6,7,1,-1,0,1,2,2,0,8,8,0,-1,0,1,0,13,275,2,4,6,-1,0,3,1,1,1,1,6,1
KR_6737984287,420,6,82,36,11,0,3,3,7,8,1,2,2,0,4,5,1,-2,0,2,0,3,-9,4,4,8,3,0,2,1,1,1,1,1,1
KR_6748692634,420,3,-31,13,9,-2,2,4,6,7,1,3,3,0,3,6,3,-1,0,1,-2,4,20,-1,4,3,-2,0,2,-1,-1,1,-1,3,1
KR_6694833428,420,0,-13,16,5,-1,2,3,0,3,3,4,5,1,3,5,2,-1,0,1,0,5,10,4,2,6,5,0,0,1,-1,0,-1,1,1
KR_6750160186,420,1,46,20,3,1,4,3,-2,0,2,4,4,0,-3,1,4,3,3,0,0,2,-3,-2,4,2,1,0,1,1,-1,1,1,1,1
KR_6762158545,420,3,12,-21,9,0,2,2,3,4,1,-2,1,3,7,8,1,1,1,0,0,11,-2,-6,10,4,5,0,1,-1,1,1,1,1,1
KR_6578850232,440,-1,30,15,-1,1,1,0,-2,0,2,2,10,8,0,1,1,-2,0,2,0,-2,-4,0,7,7,4,0,1,1,-1,1,1,5,1
KR_6730076837,420,0,43,32,2,-2,0,2,3,5,2,2,2,0,1,3,2,-2,1,3,0,6,1,-3,7,4,2,0,1,1,1,1,1,2,1
KR_6734683807,420,1,-4,-16,4,2,3,1,2,2,0,1,3,2,-1,2,3,0,2,2,0,8,3,1,5,6,1,0,0,1,1,1,1,5,1
KR_6751338040,440,0,-20,8,-1,0,1,1,0,3,3,1,3,2,-1,1,2,-1,0,1,0,-1,-45,-1,5,4,10,0,1,1,-1,1,1,6,1
KR_6759843619,420,2,32,-32,7,0,1,1,2,2,0,3,4,1,2,4,2,0,2,2,0,8,32,1,6,7,-3,0,0,0,-1,1,1,0,1
KR_6761822081,420,1,5,-17,5,4,4,0,-1,3,4,0,2,2,-2,0,2,4,4,0,0,5,-3,-4,8,4,3,0,0,-1,1,0,1,2,1
KR_6636814476,420,0,11,6,0,3,4,1,-2,2,4,1,5,4,-3,1,4,1,1,0,0,-7,9,4,3,7,-2,0,-1,-1,0,-1,-1,5,1
KR_6672120754,420,-2,-3,28,-3,-1,0,1,-1,2,3,-2,1,3,1,2,1,0,0,0,0,-2,4,-1,6,5,1,0,0,1,1,0,1,1,1
KR_6739309192,420,3,64,23,11,3,5,2,0,3,3,3,5,2,4,6,2,1,2,1,0,0,22,13,0,13,-6,0,2,-1,1,1,1,3,1
KR_6753698771,420,0,22,17,-3,0,1,1,5,5,0,0,1,1,-6,0,6,-2,0,2,-2,-5,4,-2,6,4,-1,0,-1,-1,1,-1,-1,1,1
KR_6765098993,420,2,-6,13,7,1,2,1,5,9,4,-1,1,2,1,2,1,1,2,1,0,8,31,-4,10,6,1,0,0,-1,1,1,1,2,1
KR_6669118000,420,1,53,-11,9,1,3,2,1,2,1,4,4,0,3,6,3,0,1,1,0,12,-22,0,5,5,5,0,1,-1,1,1,1,6,1
KR_6759702943,420,2,41,8,-1,7,8,1,-1,2,3,-1,3,4,-6,0,6,0,0,0,0,-17,-292,6,3,9,0,0,1,-1,1,1,-1,6,1
KR_6744167008,440,4,-4,-1,5,0,3,3,0,4,4,6,6,0,-2,0,2,1,1,0,0,1,40,1,4,5,1,0,-1,1,1,-1,-1,2,1
KR_6765494525,420,3,80,21,7,3,6,3,0,4,4,4,4,0,1,2,1,-1,1,2,1,5,-6,-2,8,6,0,0,1,1,1,1,1,1,1
KR_6633564601,420,3,-30,8,5,7,7,0,1,2,1,0,1,1,-1,3,4,-2,0,2,0,8,5,3,4,7,0,0,0,1,1,1,1,2,1
KR_6741688649,420,-1,-27,-41,5,-2,0,2,0,3,3,7,8,1,-4,0,4,4,5,1,0,1,0,-3,4,1,3,0,-1,-1,-1,-1,-1,5,1
KR_6752858756,420,3,30,52,3,-1,0,1,-1,5,6,3,4,1,4,5,1,-2,0,2,0,0,0,2,5,7,-2,0,1,1,1,1,1,4,1
KR_6147876426,420,0,19,-4,0,1,3,2,2,4,2,-1,1,2,2,2,0,-4,0,4,0,-4,-3,-4,7,3,6,0,0,1,1,1,-1,2,1
KR_6761883174,420,2,47,47,-2,2,4,2,4,7,3,-2,2,4,-5,1,6,-1,0,1,-1,-14,-4,3,4,7,2,0,1,-1,1,1,-1,2,1
KR_6751346234,440,1,22,-8,0,-4,0,4,-1,5,6,1,4,3,0,1,1,4,7,3,1,0,11,1,2,3,1,0,0,-1,1,1,1,1,1
KR_6765328358,420,-1,12,-13,-1,-3,1,4,4,6,2,-3,2,5,0,4,4,1,1,0,0,3,-80,4,5,9,16,0,-2,1,-1,-1,-1,2,1
KR_6748399861,420,0,-29,-32,-5,2,2,0,-4,5,9,-4,2,6,-1,1,2,2,2,0,0,-6,-1,0,5,5,1,0,0,-1,1,1,-1,2,1
KR_6765293336,440,2,-18,0,0,-5,0,5,6,8,2,-6,0,6,3,5,2,2,2,0,0,4,-3,2,3,5,-3,0,-2,1,-1,-1,1,5,1
KR_6751347525,420,-1,13,-21,0,0,0,0,0,3,3,0,1,1,-1,5,6,1,1,0,0,-5,17,-1,3,2,0,0,-1,-1,-1,-1,1,4,1
KR_6758876411,420,2,-52,28,2,1,5,4,-2,1,3,2,3,1,3,5,2,-2,1,3,-1,0,-7,2,3,5,-1,0,0,-1,1,1,-1,2,1
KR_6731624143,420,3,43,-28,12,3,3,0,0,1,1,0,3,3,8,8,0,1,1,0,0,21,-301,0,6,6,3,0,0,-1,-1,0,1,6,1
KR_6764271212,420,1,61,-27,6,0,1,1,2,3,1,0,2,2,4,4,0,0,0,0,0,8,12,-2,6,4,4,0,2,-1,1,1,1,3,1
KR_6624602543,420,0,-4,1,-1,-1,1,2,1,3,2,-1,2,3,-1,3,4,1,1,0,0,3,-10,-6,9,3,4,0,-1,1,-1,-1,-1,5,1
KR_6765020345,420,0,-49,-9,6,0,0,0,6,10,4,2,2,0,0,1,1,-2,0,2,0,8,-11,-1,2,1,4,0,-1,1,-1,-1,-1,5,1
KR_6651599866,420,1,54,-6,9,1,3,2,3,4,1,-3,4,7,9,9,0,-1,0,1,0,13,-268,-3,6,3,2,0,2,-1,0,1,1,3,1
KR_6762883273,420,-4,-21,19,-1,-1,2,3,3,6,3,3,3,0,-6,1,7,0,1,1,3,2,7,3,5,8,-2,0,0,1,1,1,1,6,1
KR_6743213039,420,1,95,-7,2,0,4,4,-2,4,6,-1,1,2,4,5,1,1,1,0,0,5,8,3,4,7,-3,0,1,1,-1,1,1,3,1
KR_6679292786,420,0,13,-8,5,1,3,2,6,8,2,0,2,2,-2,2,4,0,1,1,1,11,9,0,6,6,-5,0,1,-1,1,1,1,1,1
KR_6761249812,440,0,-12,-43,8,2,3,1,0,1,1,2,3,1,6,6,0,-2,0,2,-1,17,61,3,3,6,-3,0,1,1,1,1,-1,6,1
KR_6718403312,420,2,-2,4,-2,-2,0,2,2,3,1,0,1,1,-2,2,4,0,1,1,-1,-4,-70,-1,5,4,30,0,1,1,1,1,-1,3,1
KR_6757910082,420,5,87,-28,19,5,5,0,7,8,1,3,3,0,4,4,0,0,1,1,1,16,-4,2,6,8,3,0,0,1,-1,-1,1,1,1
KR_6667381084,420,0,-23,-7,1,0,5,5,4,6,2,0,1,1,-4,2,6,1,1,0,0,5,-23,2,4,6,1,0,0,-1,1,0,-1,2,1
KR_6761296540,420,1,18,8,5,-2,0,2,-1,1,2,3,3,0,4,6,2,1,3,2,0,4,2,-3,7,4,0,0,-1,1,1,-1,1,5,1
KR_6752855516,420,-1,-12,-12,3,2,2,0,-1,2,3,4,4,0,-1,3,4,-1,1,2,0,-1,6,3,2,5,1,0,0,0,1,-1,1,0,1
KR_6705041591,420,5,57,18,10,-1,2,3,3,6,3,1,3,2,6,6,0,1,3,2,0,12,190,-1,5,4,19,0,1,1,1,1,1,4,1
KR_6713278031,420,1,16,-12,0,1,2,1,-4,0,4,6,7,1,-1,3,4,-2,0,2,0,-9,-2,2,4,6,1,0,0,1,-1,-1,-1,3,1
KR_6734570860,420,4,47,5,8,4,4,0,0,3,3,0,2,2,4,4,0,0,0,0,0,7,-6,-1,4,3,-2,0,1,-1,1,1,1,1,1
KR_6685173463,420,5,41,42,9,4,6,2,9,10,1,-1,0,1,-1,1,2,-2,0,2,1,1,57,3,2,5,-2,0,1,0,1,1,1,0,1
KR_5748163405,420,1,-58,31,4,-2,0,2,2,4,2,1,4,3,2,6,4,1,1,0,0,8,2,-4,9,5,4,0,1,1,0,1,1,5,1
KR_6743904042,440,0,-49,-15,6,-2,0,2,3,4,1,-1,2,3,2,2,0,4,4,0,0,14,8,5,3,8,-2,0,0,1,1,0,1,1,1
KR_6725729803,420,2,-72,36,11,-1,1,2,5,7,2,0,0,0,5,7,2,2,2,0,1,14,5,1,5,6,-3,0,1,1,1,1,1,5,1
KR_6761670351,420,4,65,16,1,1,1,0,3,4,1,-3,0,3,0,0,0,0,0,0,0,1,73,-3,6,3,-2,0,0,1,0,1,1,5,1
KR_6765448090,420,-4,-8,-16,-11,-4,1,5,-5,2,7,-2,1,3,-1,4,5,1,1,0,-1,-7,-29,-4,8,4,5,0,1,-1,0,1,-1,4,1
KR_6629140956,420,2,26,0,4,2,2,0,0,1,1,0,0,0,3,4,1,-1,0,1,0,2,9,4,3,7,0,0,0,0,-1,0,1,0,1
KR_6752005238,420,0,31,-23,1,3,4,1,-9,1,10,3,5,2,3,3,0,1,3,2,0,7,3,-4,4,0,2,0,0,1,1,0,1,1,1
KR_6763071496,420,0,-15,-15,2,-4,1,5,-2,1,3,1,1,0,5,6,1,2,2,0,0,5,1,0,6,6,3,0,0,1,1,-1,1,2,1
KR_6737537298,420,0,-17,31,3,-6,0,6,2,2,0,2,3,1,3,3,0,2,4,2,0,3,-7,3,2,5,0,0,1,1,1,1,1,4,1
KR_6675362568,420,0,-10,23,6,-1,3,4,0,4,4,-1,3,4,4,7,3,4,5,1,0,4,-4,0,5,5,1,0,-1,0,1,-1,1,0,1
KR_6569993104,420,0,36,-28,2,3,3,0,4,7,3,1,2,1,-6,0,6,0,0,0,2,-3,1,5,4,9,1,0,0,1,1,1,1,5,1
KR_6756253931,420,3,46,36,3,4,5,1,2,4,2,1,2,1,5,5,0,-9,1,10,0,-4,0,4,3,7,3,0,0,1,1,1,1,5,1
KR_6747210842,420,-1,4,6,4,3,5,2,-5,1,6,-1,0,1,6,10,4,1,1,0,0,1,-12,-3,7,4,2,0,0,-1,-1,-1,1,3,1
KR_6765515971,420,5,91,19,4,0,2,2,5,5,0,-2,2,4,-2,0,2,3,3,0,0,2,-2,0,5,5,6,0,1,-1,1,1,1,4,1
KR_6623364453,420,2,-17,-1,-3,0,1,1,3,5,2,-6,0,6,-1,0,1,1,1,0,0,3,5,6,5,11,-6,0,-1,-1,-1,-1,-1,6,1
KR_6681349574,420,4,64,1,12,1,2,1,0,3,3,1,3,2,10,12,2,0,0,0,1,20,5,2,3,5,1,0,1,1,1,1,1,6,1
KR_6760333381,420,2,58,14,0,1,1,0,-2,1,3,-2,2,4,3,3,0,0,0,0,0,7,47,0,6,6,-2,0,1,1,1,1,-1,3,1
KR_6331376147,420,7,50,43,11,3,3,0,5,5,0,2,2,0,2,2,0,-1,2,3,0,12,-5,2,5,7,-4,0,1,1,1,1,1,2,1
KR_6713116917,420,-3,37,-20,-4,2,2,0,1,2,1,-5,1,6,-5,1,6,3,4,1,0,-1,-33,6,4,10,-3,0,0,-1,1,0,1,5,1
KR_6695512881,440,7,94,43,21,0,0,0,6,8,2,4,6,2,4,7,3,7,7,0,0,21,-20,3,3,6,4,0,3,1,1,1,1,2,1
KR_6763491663,420,0,-28,9,7,0,1,1,4,4,0,-3,1,4,0,3,3,6,6,0,0,11,23,2,3,5,2,0,0,1,1,1,-1,3,1
KR_6762079643,420,4,65,18,7,5,6,1,8,9,1,2,3,1,-8,0,8,0,1,1,1,5,28,-3,8,5,-3,0,1,-1,-1,1,1,1,1
KR_6740323308,420,1,94,2,2,0,1,1,-1,3,4,3,3,0,0,1,1,0,1,1,0,0,24,-1,5,4,-2,0,2,1,1,1,1,6,1
KR_6706211221,420,4,-18,32,5,2,2,0,1,7,6,1,6,5,-2,3,5,3,4,1,0,-10,-8,1,4,5,6,0,-1,1,0,-1,-1,6,1
KR_6740505111,420,3,120,12,8,0,0,0,6,7,1,1,3,2,1,2,1,0,1,1,0,5,8,2,4,6,6,0,2,-1,1,1,1,2,1
KR_6763165421,420,0,49,-32,0,-1,2,3,0,4,4,3,3,0,-5,2,7,3,3,0,0,-4,15,4,3,7,0,0,0,1,-1,1,1,5,1
KR_6723226586,420,0,-7,-29,3,2,2,0,2,3,1,-4,0,4,0,3,3,3,3,0,0,1,-2,-2,6,4,-3,0,0,-1,1,0,1,5,1
KR_6759752912,440,2,-19,0,10,0,2,2,7,7,0,0,5,5,4,6,2,-1,0,1,0,7,5,5,1,6,-1,0,0,-1,0,0,-1,2,1
KR_6761775059,420,1,7,7,2,3,4,1,1,2,1,0,0,0,-2,0,2,0,0,0,0,-3,14,0,6,6,-1,0,-1,1,1,-1,1,3,1
KR_6675657102,440,0,11,4,-2,3,3,0,-6,1,7,2,2,0,0,1,1,-1,1,2,0,-6,-42,-2,5,3,3,0,-1,1,-1,-1,-1,5,1
KR_6765203872,420,2,40,-12,1,2,6,4,-1,0,1,-3,3,6,5,6,1,-2,2,4,0,5,4,1,5,6,3,0,0,0,-1,-1,1,0,1
KR_6763905170,420,0,36,-12,0,-4,0,4,-2,2,4,2,2,0,2,2,0,2,2,0,0,2,3,1,5,6,-4,0,1,1,-1,1,1,4,1
KR_6653756388,420,1,42,-16,8,3,3,0,-1,2,3,2,4,2,4,5,1,0,0,0,1,12,-1,4,5,9,7,0,0,1,1,0,1,3,1
KR_6740598158,440,7,78,-9,17,1,2,1,4,4,0,8,9,1,1,3,2,3,4,1,0,16,12,7,2,9,-5,0,3,1,0,1,1,3,1
KR_6555573655,440,7,8,104,12,9,12,3,-2,2,4,4,4,0,0,3,3,1,4,3,0,17,15,3,1,4,-5,0,1,1,-1,-1,-1,3,1
KR_6761488532,420,2,56,11,9,-2,2,4,-1,1,2,0,2,2,11,11,0,1,1,0,1,11,125,-4,8,4,-2,0,1,1,-1,1,1,6,1
KR_6749768137,420,1,67,-8,0,1,4,3,2,4,2,-3,1,4,0,3,3,0,2,2,0,7,13,3,7,10,-5,0,2,1,-1,1,1,1,1
KR_6747660745,420,1,-31,16,0,2,3,1,-2,3,5,1,1,0,-1,2,3,0,0,0,0,-1,-4,-4,6,2,1,0,1,-1,1,1,-1,3,1
KR_6756335181,420,5,71,-10,15,-1,1,2,4,5,1,12,12,0,1,4,3,-1,2,3,0,9,-27,-3,7,4,-1,0,2,1,-1,1,-1,4,1
KR_6765031187,420,5,32,12,14,2,3,1,1,1,0,5,6,1,5,7,2,1,1,0,0,13,15,-3,8,5,-3,0,3,1,1,1,1,5,1
KR_6757118906,420,0,-38,10,-3,0,3,3,-1,2,3,-3,2,5,1,5,4,0,1,1,0,-10,12,2,3,5,-2,0,0,1,0,1,-1,2,1
KR_6639896310,420,1,-14,16,3,2,2,0,5,6,1,-1,0,1,0,4,4,-3,1,4,1,5,5,8,1,9,-2,0,0,1,1,0,1,3,1
KR_6762505877,420,6,54,17,14,3,3,0,4,6,2,3,3,0,2,3,1,2,3,1,1,15,0,3,2,5,3,0,2,1,1,1,1,3,1
KR_6499950041,420,5,-25,-3,9,-2,2,4,3,4,1,2,3,1,5,7,2,1,1,0,0,15,5,0,7,7,-3,0,0,-1,-1,-1,-1,1,1
KR_6764722488,420,-3,-28,16,-2,0,2,2,-3,2,5,-1,3,4,2,3,1,0,1,1,0,-3,-23,-2,7,5,-1,0,-1,1,-1,-1,1,5,1
KR_6745145480,420,1,27,12,-4,0,2,2,-3,1,4,-4,1,5,1,2,1,2,4,2,0,-1,13,-3,8,5,1,0,0,-1,-1,-1,-1,2,1
KR_6757158910,420,-2,-14,29,-4,-1,2,3,-1,4,5,-4,1,5,2,5,3,0,2,2,0,-12,6,-1,7,6,-5,0,0,0,1,-1,-1,0,1
KR_6753093159,420,1,-74,-24,9,2,2,0,-1,1,2,0,1,1,8,9,1,0,0,0,0,9,1,6,1,7,-1,0,-1,1,-1,-1,1,3,1
KR_6579010755,420,1,-8,-19,5,1,2,1,1,3,2,0,1,1,2,2,0,1,1,0,0,8,135,8,2,10,2,0,2,-1,1,1,1,6,1
KR_6761983485,420,2,8,-2,11,5,5,0,3,4,1,4,6,2,-3,3,6,2,3,1,1,8,3,-3,6,3,1,0,-2,-1,-1,-1,1,2,1
KR_6721177195,420,3,-3,10,8,8,10,2,3,3,0,-3,1,4,-1,1,2,1,2,1,0,5,8,-2,7,5,-1,0,1,1,1,1,1,6,1
KR_5568599118,420,-1,28,0,-1,-1,1,2,-2,4,6,3,4,1,-2,1,3,1,1,0,0,-1,-12,-5,8,3,2,0,1,-1,1,1,1,2,1
KR_6763317299,440,6,94,31,14,6,8,2,1,1,0,1,6,5,4,4,0,2,3,1,0,14,25,0,3,3,0,0,1,1,-1,1,1,3,1
KR_6712650062,420,-2,35,-19,-6,1,1,0,-1,1,2,0,1,1,-3,0,3,-3,1,4,1,-7,-2,-8,13,5,7,0,-3,0,-1,-1,1,0,1
KR_6667804503,420,2,43,23,9,1,2,1,4,5,1,5,6,1,-1,3,4,0,1,1,1,6,13,5,1,6,-3,0,2,1,1,1,1,1,1
KR_6745496187,420,3,49,7,5,0,3,3,-1,4,5,1,2,1,4,9,5,1,1,0,0,0,-7,-1,9,8,2,0,1,-1,1,1,-1,1,1
KR_6738530118,420,1,45,0,6,5,6,1,-3,1,4,3,3,0,5,6,1,-4,2,6,2,0,0,2,6,8,0,0,0,-1,-1,0,1,2,1
KR_6729608468,420,1,17,-5,8,2,6,4,1,2,1,3,5,2,2,5,3,0,0,0,0,6,14,-2,8,6,8,0,0,1,-1,1,1,2,1
KR_6682105089,420,2,54,16,3,-1,2,3,2,3,1,-3,0,3,2,3,1,3,3,0,0,3,-8,-2,5,3,3,0,1,1,-1,1,1,6,1
KR_6651599863,420,5,78,-6,12,2,4,2,4,4,0,2,2,0,5,6,1,-1,0,1,1,14,8,4,3,7,7,0,3,1,-1,1,1,2,1
KR_6708560275,420,0,24,18,0,3,3,0,-2,3,5,-2,0,2,1,3,2,0,1,1,0,-2,3,3,4,7,-1,0,0,1,1,0,-1,2,1
KR_6716561659,420,1,-5,24,-3,-4,0,4,1,3,2,-3,0,3,4,5,1,-1,0,1,0,7,-3,-4,8,4,4,0,1,1,-1,1,-1,6,1
KR_6430411975,440,0,-29,-8,4,0,1,1,4,6,2,1,5,4,0,2,2,-1,1,2,0,11,-8,1,3,4,-1,0,0,-1,1,0,1,6,1
KR_6742025403,420,1,-43,-2,-3,1,2,1,-1,2,3,0,5,5,0,4,4,-3,0,3,0,-4,253,-4,10,6,-2,0,0,1,0,0,1,6,1
KR_6762756038,420,0,29,3,2,0,2,2,1,4,3,2,3,1,3,3,0,-4,2,6,0,1,1,-4,5,1,2,0,0,1,-1,-1,1,4,1
KR_6751597598,420,0,26,-21,9,0,0,0,4,6,2,3,4,1,0,1,1,2,2,0,0,13,-97,-1,9,8,4,0,0,-1,1,1,1,3,1
KR_6742981135,420,0,12,11,-1,2,3,1,-3,2,5,-1,1,2,2,4,2,-1,0,1,0,-4,16,-3,5,2,-5,0,1,-1,-1,1,-1,4,1
KR_6750361639,420,4,42,21,9,1,1,0,2,2,0,5,7,2,2,7,5,-1,1,2,0,8,-118,1,3,4,1,0,1,1,1,1,-1,3,1
KR_6699922687,420,-1,-27,10,-2,-1,2,3,1,5,4,-1,1,2,2,3,1,-3,0,3,0,8,3,-2,6,4,0,0,1,1,1,1,1,3,1
KR_6725545862,420,2,64,0,-1,0,0,0,-1,1,2,2,3,1,-1,1,2,-1,1,2,0,0,95,-4,6,2,4,0,0,1,-1,1,1,1,1
KR_6763155607,420,-1,32,-12,-1,-2,0,2,-1,0,1,-1,1,2,3,6,3,0,0,0,0,1,26,0,4,4,2,0,0,1,-1,0,-1,1,1
KR_6761927164,420,3,-3,-2,11,2,2,0,5,5,0,-1,2,3,5,6,1,0,1,1,0,21,6,6,1,7,-1,0,1,1,0,1,1,1,1
KR_6608785206,420,-2,-33,-24,-2,1,4,3,-4,0,4,0,1,1,2,3,1,-1,1,2,0,2,-16,1,4,5,1,0,-2,-1,-1,-1,1,2,1
KR_6655793462,420,1,-34,14,0,0,1,1,1,6,5,0,2,2,0,3,3,-1,0,1,0,-5,6,-2,12,10,-1,0,0,1,-1,-1,1,6,1
KR_6749185281,440,3,-38,28,9,-2,0,2,-2,0,2,5,5,0,6,8,2,2,2,0,1,11,1,1,6,7,2,0,1,1,1,1,1,3,1
KR_6755112284,420,1,-2,-3,1,2,3,1,-4,3,7,-5,1,6,5,5,0,3,4,1,-1,0,18,-1,6,5,4,0,0,1,-1,-1,-1,1,1
KR_6764815975,420,1,48,-17,5,0,1,1,2,6,4,1,3,2,3,4,1,-1,1,2,0,10,0,1,6,7,3,0,0,1,-1,0,-1,2,1
KR_6690277617,420,3,45,11,3,5,5,0,0,4,4,-2,2,4,-2,1,3,2,2,0,0,-4,-158,-1,6,5,-1,0,1,-1,1,1,-1,2,1
KR_6760607523,420,0,13,28,1,-1,2,3,3,5,2,-3,0,3,2,3,1,0,0,0,0,5,-67,-1,4,3,0,0,1,1,1,1,1,6,1
KR_6747247893,420,2,-6,4,3,-5,2,7,-2,1,3,3,4,1,4,5,1,3,3,0,0,9,-1,-5,9,4,-1,0,1,1,-1,1,-1,2,1
KR_6747223955,420,3,-22,-7,4,4,4,0,-1,1,2,0,1,1,1,1,0,0,1,1,0,4,2,0,4,4,1,0,1,-1,1,1,-1,4,1
KR_6698339471,420,4,96,20,18,2,3,1,5,6,1,6,6,0,4,5,1,1,1,0,3,18,9,4,2,6,4,0,1,1,1,1,1,2,1
KR_6730778581,420,3,33,-1,7,6,6,0,-1,0,1,3,7,4,0,2,2,-1,0,1,0,9,0,1,4,5,3,0,2,1,1,1,-1,3,1
KR_6685166231,420,2,24,1,0,-1,1,2,3,5,2,-3,3,6,1,2,1,0,3,3,1,3,29,2,3,5,-3,0,0,1,1,0,1,1,1
KR_6757674440,420,1,70,0,2,-4,1,5,-3,0,3,3,4,1,3,3,0,3,4,1,0,2,3,4,2,6,3,0,2,1,1,1,1,1,1
KR_6738395126,420,2,88,17,6,0,1,1,3,3,0,1,2,1,2,4,2,0,0,0,0,8,39,-1,7,6,-14,0,0,1,-1,0,1,1,1
KR_6685631708,440,6,79,10,14,2,2,0,3,5,2,8,8,0,2,2,0,-1,0,1,0,14,-8,6,4,10,10,0,0,-1,1,1,1,1,1
KR_6751439781,420,5,66,-11,18,4,5,1,6,7,1,2,4,2,6,6,0,0,2,2,2,21,7,2,4,6,4,0,1,1,1,1,1,4,1
KR_6615421651,420,3,21,7,3,0,3,3,2,3,1,6,7,1,-1,1,2,-4,0,4,0,10,23,2,3,5,-2,0,1,1,1,1,-1,1,1
KR_6759777517,420,1,26,-4,-3,-2,0,2,1,3,2,-5,2,7,3,3,0,0,0,0,0,-5,-22,-5,6,1,1,0,0,1,0,0,1,4,1
KR_6762919912,420,-2,-27,12,-4,-3,0,3,-2,2,4,2,3,1,-1,1,2,0,1,1,0,4,3,2,4,6,-5,0,0,-1,-1,-1,-1,5,1
KR_6756668114,420,1,12,-4,9,1,1,0,1,4,3,3,3,0,6,7,1,-2,0,2,0,9,137,6,5,11,-2,0,1,1,-1,1,1,2,1
KR_6743426442,420,0,-27,4,-2,-2,0,2,4,10,6,-2,0,2,2,3,1,-4,1,5,0,-4,-5,-1,3,2,1,0,0,1,-1,1,-1,2,1
KR_6713475931,420,-2,21,20,-3,-1,0,1,-3,0,3,6,7,1,-6,0,6,1,1,0,0,-7,-7,-2,7,5,4,0,0,1,-1,0,1,3,1
KR_6608983112,420,1,28,4,0,0,3,3,1,3,2,-6,0,6,0,2,2,5,5,0,1,2,1,4,3,7,-2,0,1,1,-1,1,1,4,1
KR_6735938700,420,3,40,28,5,2,2,0,0,2,2,1,3,2,-3,0,3,5,6,1,0,6,202,0,8,8,-6,0,2,-1,1,1,1,5,1
KR_6646339066,420,1,-12,-13,9,4,6,2,4,7,3,5,9,4,-3,1,4,-1,0,1,0,1,-34,2,5,7,10,0,2,-1,1,1,-1,2,1
KR_6756572819,420,1,84,-23,3,2,4,2,-2,0,2,-1,2,3,3,4,1,1,1,0,0,1,31,0,3,3,-1,0,-1,-1,-1,-1,1,6,1
KR_6673043069,420,2,52,-28,6,3,3,0,0,1,1,-4,0,4,6,8,2,1,1,0,0,0,0,0,6,6,3,0,2,-1,1,1,1,4,1
KR_6602326194,420,6,-2,25,3,2,3,1,3,3,0,5,7,2,-6,0,6,-1,0,1,0,-4,11,-3,9,6,3,0,0,-1,1,1,-1,1,1
KR_6646496379,420,7,79,20,14,6,6,0,-1,2,3,2,3,1,3,4,1,4,5,1,0,8,18,-2,8,6,-3,0,3,0,1,1,1,0,1
KR_6634681585,420,2,108,-17,10,-1,0,1,0,3,3,8,8,0,3,5,2,0,1,1,0,7,-7,1,4,5,6,0,1,1,1,1,1,4,1
KR_6758940734,440,4,83,10,7,2,3,1,0,3,3,-1,3,4,4,4,0,2,6,4,1,5,18,6,4,10,0,0,2,1,1,1,1,6,1
KR_6761732520,420,1,23,-3,0,-2,1,3,2,5,3,-1,1,2,-1,4,5,2,2,0,0,5,-9,2,7,9,4,0,0,1,-1,1,1,2,1
KR_6749181666,440,3,20,24,11,0,1,1,5,5,0,6,6,0,2,4,2,-2,1,3,0,10,-33,4,2,6,21,0,-1,1,1,-1,1,6,1
KR_6760127248,420,-1,-18,-24,0,0,1,1,-1,2,3,1,5,4,1,3,2,-1,2,3,-1,-1,-1,-1,3,2,3,0,0,0,-1,0,-1,0,1
KR_6747329244,420,2,25,-4,4,2,4,2,1,4,3,2,2,0,0,2,2,-1,0,1,0,5,3,0,2,2,-1,0,0,-1,1,0,1,5,1
KR_6685700756,420,4,53,15,2,0,1,1,1,1,0,-4,1,5,6,9,3,-1,1,2,0,4,12,-1,3,2,-13,0,0,1,1,1,1,4,1
KR_6682560211,420,1,13,7,5,0,1,1,5,6,1,-2,1,3,0,3,3,2,4,2,0,11,-1,-3,6,3,1,0,2,1,-1,1,1,4,1
KR_6765588556,420,-3,-6,-13,-6,1,2,1,-3,3,6,-2,2,4,-2,2,4,0,1,1,0,-13,-27,-5,7,2,0,0,0,1,-1,0,1,5,1
KR_6743577695,420,1,8,-20,4,1,2,1,5,5,0,-3,0,3,1,3,2,0,1,1,0,8,4,-1,9,8,2,0,0,1,1,0,1,3,1
KR_6635773353,420,7,76,37,15,3,3,0,1,4,3,7,7,0,1,3,2,3,4,1,0,9,-1,0,5,5,2,0,3,1,-1,1,1,4,1
KR_6764782025,420,8,63,4,14,3,4,1,-1,3,4,3,5,2,3,5,2,6,6,0,0,16,-478,5,3,8,-1,0,1,1,-1,-1,1,6,1
KR_6751301378,420,2,4,-14,3,2,3,1,4,6,2,0,2,2,-3,1,4,0,2,2,0,7,30,-1,7,6,4,0,1,-1,-1,1,-1,1,1
KR_6740575384,420,2,54,10,10,4,5,1,4,6,2,5,6,1,-2,3,5,-1,1,2,0,1,-22,2,3,5,20,0,0,1,-1,0,1,3,1
KR_6369874138,420,3,50,-11,4,1,3,2,7,8,1,0,1,1,-2,3,5,-2,0,2,-1,1,0,0,0,0,-1,0,1,-1,1,1,-1,3,1
KR_6749649656,420,1,24,-1,4,0,0,0,6,7,1,1,2,1,-2,1,3,-1,0,1,0,5,-23,-3,7,4,4,0,0,-1,1,0,-1,6,1
KR_6762257937,420,4,38,39,9,2,2,0,-1,2,3,2,2,0,6,8,2,0,2,2,0,6,18,5,4,9,2,0,0,1,1,0,-1,5,1
KR_6734838597,420,8,34,41,12,-1,0,1,0,3,3,9,11,2,5,5,0,-1,0,1,0,11,-24,1,2,3,3,0,2,1,1,1,1,4,1
KR_6618824909,420,3,7,-12,7,0,1,1,3,6,3,-1,4,5,3,5,2,2,3,1,0,16,0,0,5,5,0,0,2,-1,1,1,1,2,1
KR_6762659220,420,3,36,4,8,-1,2,3,1,5,4,2,2,0,2,2,0,4,4,0,0,11,2,4,3,7,0,0,2,1,0,1,1,4,1
KR_6762343866,420,3,-5,49,10,3,3,0,6,7,1,-1,0,1,1,5,4,1,1,0,0,-1,1,6,4,10,2,0,1,1,-1,1,-1,3,1
KR_6761341922,420,0,-79,-4,-4,0,1,1,-4,5,9,0,3,3,0,2,2,0,0,0,0,-4,-96,-2,5,3,5,0,0,-1,1,0,1,1,1
KR_6735825865,420,2,34,-6,1,1,3,2,-1,1,2,-3,1,4,1,2,1,3,4,1,0,-7,52,1,6,7,-20,0,0,-1,1,1,-1,3,1
KR_6747284165,420,-1,10,15,-1,0,2,2,-3,1,4,-2,0,2,3,5,2,1,1,0,0,-1,2,-5,8,3,3,0,-1,1,-1,-1,-1,4,1
KR_6761880372,420,1,-18,-8,2,-2,0,2,1,3,2,-1,0,1,2,3,1,2,3,1,0,6,0,2,7,9,1,0,0,-1,1,0,1,3,1
KR_6720840544,420,-2,22,10,1,-3,0,3,4,5,1,-3,0,3,-2,2,4,5,5,0,1,-2,2,4,4,8,-1,0,1,-1,1,1,1,1,1
KR_6716608824,420,4,31,39,10,-1,2,3,3,4,1,4,7,3,1,4,3,3,4,1,1,3,5,-1,7,6,2,0,0,1,1,1,1,3,1
KR_6763121183,440,0,5,9,4,-2,3,5,1,2,1,0,2,2,0,3,3,5,5,0,0,8,-1,0,4,4,-2,0,0,1,0,0,1,2,1
KR_6763883959,420,7,63,1,1,3,3,0,-5,1,6,2,3,1,0,2,2,1,2,1,0,-5,1,-4,4,0,3,0,3,1,1,1,-1,2,1
KR_6644648001,420,-1,20,-12,-3,-3,0,3,-3,0,3,-2,0,2,5,8,3,0,2,2,0,-7,-25,-3,8,5,-1,0,1,-1,1,1,1,5,1
KR_6756816889,440,2,-11,20,6,2,3,1,1,1,0,-2,1,3,5,5,0,0,1,1,0,7,6,9,4,13,-7,0,1,1,1,1,1,1,1
KR_6756180529,420,1,8,8,-5,0,2,2,1,2,1,-7,3,10,2,4,2,-1,0,1,0,-5,7,2,3,5,2,0,0,1,-1,1,-1,5,1
KR_6744496859,420,1,-17,3,2,-1,1,2,1,2,1,5,6,1,-3,1,4,0,2,2,0,-3,186,1,6,7,-4,0,1,-1,1,1,-1,2,1
KR_6760028677,420,3,28,13,5,0,2,2,2,3,1,0,2,2,2,5,3,1,2,1,1,10,-3,6,3,9,7,0,1,1,-1,1,1,6,1
KR_6465881967,420,3,14,16,-1,-3,1,4,-3,1,4,1,3,2,4,5,1,0,1,1,0,0,58,4,5,9,-25,0,0,1,1,0,-1,3,1
KR_6632242664,420,-1,-52,24,-6,0,0,0,-2,2,4,0,3,3,-5,2,7,1,1,0,0,-10,-3,-1,9,8,-2,0,0,1,1,1,-1,3,1
KR_6673045680,420,2,-23,26,2,-4,1,5,1,2,1,1,2,1,2,2,0,2,4,2,0,7,-102,6,2,8,-4,0,-1,1,-1,-1,1,3,1
KR_6651770595,420,5,25,13,10,2,2,0,1,3,2,2,3,1,0,2,2,5,8,3,0,5,-14,-11,15,4,7,0,0,1,1,1,1,6,1
KR_6672960657,420,3,80,8,12,1,2,1,3,4,1,0,4,4,9,10,1,-1,1,2,0,13,5,4,4,8,-1,0,1,0,1,1,1,0,1
KR_6681802153,420,8,40,20,9,3,3,0,4,4,0,1,3,2,0,2,2,1,1,0,0,10,2,2,2,4,5,0,2,1,1,1,-1,5,1
KR_6491130923,420,2,43,-3,5,1,2,1,-2,1,3,6,7,1,1,1,0,-1,1,2,0,9,6,8,2,10,-2,0,0,0,1,1,-1,0,1
KR_6642898479,420,-3,24,-32,-4,1,1,0,0,2,2,0,2,2,-5,0,5,0,0,0,0,-3,6,-1,6,5,-5,0,0,1,-1,0,-1,6,1
KR_6735531101,420,4,98,12,-3,3,3,0,1,3,2,-2,2,4,-1,1,2,-4,1,5,-1,-5,3,4,3,7,1,0,3,-1,1,1,-1,4,1
KR_6635447773,420,6,57,18,18,0,0,0,4,6,2,8,10,2,5,5,0,1,3,2,1,16,16,6,2,8,7,0,1,1,0,1,1,2,1
KR_6756557727,420,1,-40,3,0,-1,0,1,-6,1,7,6,8,2,2,5,3,-1,0,1,0,5,106,0,5,5,0,0,1,-1,1,-1,-1,2,1
KR_6741049247,420,2,-26,-4,2,2,3,1,-1,3,4,-1,1,2,1,3,2,1,3,2,0,-3,57,-3,7,4,1,0,0,-1,-1,-1,-1,5,1
KR_6761079587,440,-1,110,1,-6,0,1,1,-3,2,5,-2,1,3,-2,1,3,1,1,0,1,-10,4,5,3,8,2,0,0,0,-1,0,1,0,1
KR_6762316580,420,6,52,11,15,3,3,0,5,8,3,5,5,0,3,4,1,-1,1,2,0,21,-27,0,7,7,21,0,1,-1,-1,1,1,2,1
KR_6733485985,420,2,4,12,7,1,1,0,6,6,0,-3,2,5,2,4,2,1,1,0,0,14,30,4,1,5,1,0,1,1,0,1,1,3,1
KR_6763284689,420,0,48,-20,-1,-2,1,3,1,2,1,1,3,2,-2,0,2,1,1,0,-1,-3,-91,4,3,7,-1,0,0,-1,1,0,-1,3,1
KR_6665946769,420,2,-25,9,4,-2,0,2,4,4,0,3,3,0,-1,1,2,0,0,0,1,12,17,6,1,7,-4,0,0,1,-1,0,1,1,1
KR_6700957778,420,5,-56,20,9,2,3,1,2,4,2,-1,1,2,6,8,2,0,0,0,0,6,14,2,5,7,-5,0,1,1,0,1,-1,3,1
KR_6755558786,420,2,11,-2,9,1,1,0,1,2,1,2,7,5,4,5,1,1,1,0,0,13,4,0,6,6,8,0,4,1,1,1,-1,2,1
KR_6761860776,420,1,-1,-4,6,3,3,0,1,1,0,2,2,0,1,6,5,-1,0,1,0,5,-7,-3,5,2,-4,0,1,1,1,1,-1,2,1
KR_6744618928,420,1,52,5,3,1,1,0,2,5,3,0,2,2,1,1,0,-1,2,3,1,4,7,7,3,10,-4,0,2,1,1,1,1,6,1
KR_6750759691,420,4,34,9,5,1,2,1,0,1,1,5,5,0,-1,2,3,0,0,0,0,5,186,3,1,4,1,0,2,1,1,1,1,2,1
KR_6761855984,440,-2,-66,-54,-1,-6,0,6,8,9,1,-5,0,5,2,2,0,0,1,1,-1,5,6,2,4,6,1,0,-1,1,-1,-1,1,2,1
KR_6678481890,420,0,0,28,3,2,3,1,7,7,0,0,2,2,-7,2,9,1,1,0,0,3,-1,1,6,7,7,0,0,1,1,-1,-1,2,1
KR_6643403659,420,-2,-47,28,-3,-2,1,3,-3,1,4,0,1,1,1,2,1,1,1,0,-1,-2,-9,1,4,5,1,0,-1,0,1,-1,-1,0,1
KR_6756557609,440,1,-54,-38,4,-4,3,7,4,5,1,1,3,2,6,7,1,-3,0,3,0,12,20,1,5,6,-9,0,-3,1,-1,-1,1,2,1
KR_6668130984,420,3,31,16,2,-1,2,3,5,7,2,-2,0,2,0,2,2,0,1,1,0,5,-17,1,5,6,7,0,1,1,1,1,-1,1,1
KR_6746744844,420,4,58,-36,6,0,2,2,0,1,1,2,3,1,5,10,5,-1,1,2,0,6,5,-1,3,2,1,0,0,1,-1,1,-1,6,1
KR_6764228059,420,1,34,-3,1,-1,3,4,7,10,3,-4,0,4,2,2,0,-3,2,5,0,-6,10,6,2,8,1,0,0,-1,-1,1,1,4,1
KR_6760411782,420,2,19,36,-5,4,4,0,0,2,2,-2,0,2,-8,0,8,1,1,0,0,-9,7,2,6,8,-8,0,1,-1,1,1,-1,5,1
KR_6761225393,420,2,9,-24,3,4,4,0,0,6,6,-2,1,3,0,2,2,1,1,0,-1,2,-9,-1,7,6,5,0,1,1,-1,1,-1,6,1
KR_5568806567,420,-2,-32,20,-4,0,2,2,-4,0,4,4,4,0,-1,1,2,-3,0,3,0,-7,0,2,2,4,-1,0,-2,1,-1,-1,-1,3,1
KR_6744221455,420,0,-6,43,2,2,3,1,-1,2,3,-3,0,3,4,8,4,0,1,1,-1,1,-4,-2,8,6,6,0,0,-1,1,0,-1,4,1
KR_6758723246,420,1,19,8,-3,-3,0,3,-4,0,4,-1,0,1,2,5,3,3,5,2,0,-9,6,3,1,4,0,0,4,1,0,1,-1,1,1
KR_6657560765,420,0,0,17,-2,-2,0,2,1,3,2,-1,0,1,1,3,2,-1,1,2,0,5,-31,-2,8,6,5,0,-1,1,0,-1,-1,3,1
KR_6734937003,420,-1,-18,3,4,-1,1,2,1,2,1,2,3,1,2,2,0,0,1,1,0,0,-6,-5,7,2,0,0,0,-1,-1,1,1,3,1
KR_6753205501,420,1,-1,19,-5,0,0,0,-3,2,5,1,1,0,-6,0,6,3,4,1,1,-6,19,-1,5,4,2,0,-1,-1,1,-1,1,6,1
KR_6546574307,420,-4,-18,-48,-8,-1,3,4,-4,3,7,-3,1,4,1,1,0,-1,0,1,0,-6,-43,1,4,5,-3,0,-1,1,1,-1,-1,6,1
KR_6744050808,440,1,5,-21,5,1,4,3,-3,2,5,5,7,2,2,2,0,0,5,5,0,11,-3,0,4,4,3,0,0,1,-1,-1,-1,4,1
KR_6748277782,420,0,20,-4,-3,-2,1,3,-2,1,3,1,3,2,-2,2,4,2,2,0,0,-8,55,2,3,5,-32,0,-1,1,-1,-1,1,1,1
KR_6682037383,420,3,49,-10,5,0,3,3,7,8,1,0,0,0,-2,0,2,0,1,1,0,6,45,0,3,3,-5,0,0,-1,-1,1,1,4,1
KR_6764196316,420,9,73,83,22,5,6,1,2,6,4,-1,3,4,7,8,1,9,9,0,2,20,8,4,4,8,-1,0,4,1,1,1,1,2,1
KR_6615471293,420,0,31,9,1,-1,1,2,0,1,1,-2,2,4,1,4,3,3,4,1,0,2,149,-4,8,4,7,0,3,1,1,1,1,4,1
KR_6753095674,420,-1,-1,-2,1,3,3,0,-3,4,7,0,3,3,0,2,2,1,3,2,1,-6,0,-3,6,3,6,0,2,0,1,1,1,0,1
KR_6759028356,420,-1,-1,-2,1,1,4,3,-3,2,5,0,1,1,2,6,4,1,1,0,0,1,-8,1,1,2,1,0,-1,1,-1,-1,-1,3,1
KR_6748232498,420,2,-13,32,5,0,0,0,0,2,2,5,6,1,-2,3,5,2,3,1,0,6,6,2,5,7,-4,0,1,-1,1,1,1,6,1
KR_6765592982,440,-1,37,-12,2,0,2,2,0,3,3,2,2,0,-2,9,11,2,2,0,3,5,5,3,2,5,-1,0,0,0,-1,-1,-1,0,1
KR_6713221910,420,2,9,20,6,0,4,4,5,7,2,6,6,0,-2,4,6,-3,0,3,-1,10,1,2,6,8,-1,0,1,-1,1,1,-1,3,1
KR_6744790898,420,-1,-66,21,-11,0,3,3,1,4,3,-6,1,7,-6,1,7,0,0,0,0,-8,-12,1,8,9,-1,0,-2,1,1,-1,1,3,1
KR_6722435529,440,2,93,-8,4,-1,2,3,7,7,0,2,3,1,-2,0,2,-2,1,3,0,3,6,-2,4,2,-5,0,1,0,1,1,1,0,1
KR_6755335727,420,2,-11,13,10,7,7,0,1,4,3,-2,5,7,3,4,1,1,1,0,1,9,7,4,1,5,-3,0,1,1,1,1,1,4,1
KR_6747812895,420,-2,36,20,-5,1,2,1,-2,8,10,-4,3,7,0,3,3,0,1,1,0,0,16,-1,3,2,-1,0,-1,-1,-1,-1,-1,1,1
KR_6678163502,420,1,22,-26,-4,3,4,1,-7,1,8,3,5,2,1,1,0,-4,1,5,-1,-14,-6,-6,6,0,0,0,1,-1,1,-1,-1,1,1
KR_6739712865,420,-1,-8,8,0,1,2,1,-5,1,6,2,4,2,3,3,0,-1,0,1,0,-6,-12,-5,7,2,7,0,-1,-1,-1,1,-1,1,1
KR_6762663393,420,1,31,8,3,5,5,0,-3,0,3,2,4,2,0,1,1,-1,0,1,0,1,-19,-1,4,3,2,0,0,1,-1,0,-1,4,1
KR_6761532910,440,0,-12,-1,6,3,3,0,4,4,0,-1,2,3,-1,4,5,1,1,0,1,10,-1,1,5,6,-2,0,-1,1,-1,-1,1,3,1
KR_6616655643,420,3,3,8,9,0,4,4,0,4,4,1,4,3,3,6,3,5,5,0,1,13,4,-3,9,6,3,0,1,-1,1,1,-1,2,1
KR_6735389909,420,1,-6,16,6,-3,0,3,3,3,0,0,2,2,4,4,0,2,3,1,-1,11,0,0,6,6,-1,0,-1,-1,1,-1,1,5,1
KR_6752156028,420,-4,-44,-36,-4,-6,0,6,0,2,2,0,1,1,2,4,2,0,0,0,0,8,14,1,5,6,0,0,-1,1,1,-1,-1,3,1
KR_6728746395,440,5,97,4,18,1,2,1,0,3,3,12,13,1,9,14,5,-4,0,4,3,14,-18,1,3,4,3,0,0,0,0,1,1,0,1
KR_6764630461,420,2,88,-14,11,2,3,1,-1,1,2,6,7,1,2,6,4,2,3,1,0,7,-12,1,5,6,-4,0,1,1,1,1,1,3,1
KR_6753237966,420,2,3,24,4,1,2,1,2,6,4,-2,1,3,4,7,3,-1,2,3,0,4,14,2,3,5,6,0,3,1,1,1,-1,5,1
KR_6685198055,420,6,81,72,13,4,4,0,4,6,2,3,5,2,3,4,1,-1,0,1,0,11,26,0,4,4,3,0,2,-1,1,1,1,2,1
KR_6761171301,420,3,49,18,5,3,4,1,1,3,2,1,2,1,0,2,2,0,1,1,0,9,10,4,6,10,0,0,0,1,-1,-1,-1,4,1
KR_6636058715,420,-1,41,-52,11,-2,0,2,0,1,1,6,6,0,6,7,1,1,1,0,0,17,-1,3,4,7,-3,0,1,1,-1,1,1,6,1
KR_6747143270,420,-3,-42,3,1,-2,1,3,-2,1,3,-1,2,3,7,8,1,-1,1,2,0,10,6,5,3,8,-5,0,0,-1,-1,1,1,4,1
KR_6691251689,440,5,17,27,3,1,1,0,3,4,1,1,3,2,-2,1,3,0,1,1,0,4,8,-4,7,3,-1,0,1,-1,1,1,-1,1,1
KR_6607072014,420,0,71,-7,0,-3,0,3,2,4,2,1,1,0,0,2,2,0,0,0,0,0,27,4,4,8,-1,0,0,1,-1,1,1,1,1
KR_6738834628,420,4,39,13,10,2,3,1,2,3,1,3,5,2,2,4,2,1,1,0,0,12,-122,0,7,7,5,0,0,-1,1,1,-1,6,1
KR_6752870239,420,-1,-5,0,6,-1,0,1,-3,0,3,1,3,2,6,7,1,3,3,0,0,7,6,4,6,10,-1,0,2,1,1,1,-1,6,1
KR_6765241213,420,2,-20,32,-1,3,4,1,-3,0,3,-1,2,3,1,2,1,-1,1,2,0,-5,1,3,1,4,0,0,-2,-1,1,-1,-1,4,1
KR_6763830334,420,-2,-63,21,-3,0,2,2,-3,1,4,-1,0,1,2,3,1,-1,0,1,0,1,-1,-1,6,5,2,0,0,-1,-1,0,-1,6,1
KR_6759164478,420,2,-58,23,0,0,0,0,4,4,0,0,2,2,-2,0,2,-2,0,2,0,2,115,-1,9,8,-2,0,0,1,1,1,1,4,1
KR_6723511762,420,9,96,5,17,2,2,0,7,9,2,3,7,4,4,5,1,1,2,1,0,14,-13,0,3,3,0,0,2,1,1,1,1,2,1
KR_6756988905,440,-1,18,5,-1,-1,1,2,-2,5,7,0,3,3,1,5,4,1,2,1,0,-1,12,10,0,10,1,0,1,1,1,1,-1,2,1
KR_6734156400,420,-1,32,-45,-1,4,5,1,-1,1,2,-2,2,4,0,3,3,-2,1,3,0,-8,-12,-2,7,5,9,0,0,-1,1,1,-1,1,1
KR_6762326180,420,4,81,23,10,3,3,0,3,4,1,2,2,0,3,4,1,-1,1,2,0,15,6,0,5,5,3,0,0,1,1,1,1,1,1
KR_6737708798,420,2,57,3,3,2,3,1,-2,2,4,5,7,2,-1,4,5,-1,0,1,0,-5,31,1,4,5,3,0,2,-1,-1,1,1,6,1
KR_6739338113,420,-2,-14,44,-5,-3,0,3,-3,2,5,3,3,0,-2,4,6,0,0,0,0,-4,1,1,4,5,-4,0,0,1,-1,0,-1,3,1
KR_6756047427,420,3,16,0,3,2,3,1,-8,1,9,7,8,1,1,4,3,1,2,1,0,7,-11,-1,7,6,2,0,2,1,1,1,-1,1,1
KR_6468272743,420,0,16,-12,8,3,4,1,-1,1,2,-3,1,4,5,5,0,4,5,1,0,9,-10,-1,6,5,7,0,1,-1,1,1,1,2,1
KR_6739384210,420,-4,26,-28,0,-5,0,5,-2,1,3,2,4,2,5,7,2,0,2,2,0,11,-37,-1,5,4,4,0,0,1,-1,0,1,4,1
KR_6760964386,420,1,13,-4,7,-1,2,3,-1,4,5,3,4,1,6,7,1,0,2,2,0,14,5,1,4,5,-3,0,1,1,-1,-1,1,4,1
KR_6602043263,420,2,10,28,2,2,2,0,2,3,1,1,1,0,-2,2,4,-1,2,3,0,3,-90,-2,8,6,4,0,0,1,-1,0,1,3,1
KR_6759299833,420,5,63,-13,8,4,5,1,-2,1,3,0,2,2,6,7,1,0,0,0,0,10,2,-1,3,2,-1,0,0,1,-1,0,-1,5,1
KR_6747417557,440,-1,-3,-30,2,-1,1,2,1,4,3,-1,2,3,1,8,7,2,4,2,0,0,20,6,2,8,-4,0,0,1,1,0,-1,6,1
KR_6732867024,440,2,39,4,16,2,3,1,2,4,2,6,6,0,3,7,4,3,3,0,0,5,-46,1,2,3,2,0,1,-1,1,1,1,6,1
KR_6637968426,420,0,37,12,-3,-1,1,2,1,2,1,-2,1,3,-1,1,2,0,1,1,0,-3,-2,0,6,6,2,0,-1,-1,-1,-1,-1,6,1
KR_6645501823,420,1,-42,-44,4,0,2,2,7,7,0,1,2,1,-4,2,6,0,0,0,0,14,-34,1,6,7,20,0,-2,1,-1,-1,-1,6,1
KR_6760406504,420,3,32,8,8,6,6,0,0,1,1,1,4,3,-1,1,2,2,2,0,1,-4,45,1,2,3,-21,0,1,1,1,1,1,2,1
KR_6759641871,420,0,-13,13,-4,1,1,0,1,4,3,-3,3,6,-1,2,3,-2,3,5,0,-8,-8,-4,5,1,2,0,1,-1,1,1,1,5,1
KR_6764575660,420,4,49,-10,12,4,4,0,2,4,2,3,5,2,2,4,2,1,2,1,1,16,-8,2,4,6,1,0,2,1,-1,1,1,5,1
KR_6747292775,420,3,47,20,9,1,3,2,4,4,0,4,6,2,0,2,2,0,0,0,0,4,4,3,3,6,-3,0,1,1,-1,1,1,5,1
KR_6686831630,420,0,32,24,-2,1,1,0,1,4,3,0,1,1,-4,2,6,0,1,1,0,-6,-85,2,3,5,-3,0,0,-1,1,0,1,1,1
KR_6765409879,420,-2,-39,8,-6,-4,2,6,3,3,0,-2,0,2,-2,4,6,-1,1,2,0,-2,11,-4,9,5,1,0,0,1,1,-1,1,2,1
KR_6751414632,420,2,-15,-7,6,-2,1,3,6,10,4,3,5,2,-2,3,5,1,1,0,-1,8,-350,4,4,8,-8,0,1,-1,1,1,-1,4,1
KR_6763986355,420,2,35,16,4,4,4,0,6,6,0,-1,0,1,-4,2,6,-1,1,2,0,2,-10,-1,7,6,4,0,0,-1,1,-1,-1,2,1
KR_6743781400,420,1,-29,-21,1,-1,0,1,-1,2,3,0,4,4,3,5,2,0,1,1,0,13,221,0,5,5,-1,0,-1,-1,1,-1,-1,5,1
KR_6756807793,420,7,106,52,13,0,1,1,4,4,0,1,5,4,2,3,1,6,6,0,0,3,2,-1,6,5,2,0,3,1,1,1,1,5,1
KR_6747081998,420,4,23,4,3,1,6,5,-4,1,5,1,4,3,2,3,1,3,3,0,0,9,23,-2,5,3,-6,0,1,1,1,1,1,2,1
KR_6739657322,440,0,-81,27,-3,-4,0,4,5,6,1,2,4,2,-1,1,2,-5,0,5,-1,-3,140,-4,5,1,1,0,1,-1,1,1,-1,5,1
KR_6765119777,440,3,-18,12,12,4,4,0,2,3,1,0,2,2,-1,0,1,7,7,0,0,5,-42,-1,5,4,23,0,0,1,1,0,1,4,1
KR_6718141094,420,3,25,28,7,-1,0,1,2,4,2,3,4,1,3,4,1,0,1,1,0,10,-11,1,9,10,3,0,1,-1,1,1,-1,1,1
KR_6699836077,420,1,57,-8,5,-1,0,1,3,7,4,2,4,2,0,5,5,1,1,0,0,16,-7,-2,9,7,5,0,1,-1,1,1,1,6,1
KR_6728994851,420,3,-29,-12,6,-2,1,3,2,5,3,-3,1,4,8,8,0,1,1,0,0,18,7,3,2,5,3,0,1,1,-1,1,1,2,1
KR_6571020054,420,2,-22,3,9,1,1,0,3,9,6,6,8,2,-2,0,2,1,1,0,0,7,13,0,2,2,-1,0,3,1,1,1,1,3,1
KR_6751196559,420,4,50,-4,6,0,2,2,0,3,3,4,4,0,3,5,2,-1,1,2,0,15,0,-2,7,5,5,0,2,1,1,1,-1,5,1
KR_6703253294,420,0,50,-20,6,4,5,1,2,3,1,3,7,4,-2,4,6,-1,0,1,0,-1,3,-1,3,2,-1,0,3,1,1,1,1,4,1
KR_6756720820,420,4,75,-7,11,2,2,0,2,5,3,3,5,2,3,3,0,1,1,0,0,15,-2,3,4,7,3,0,2,1,1,1,1,3,1
KR_6738524211,440,-2,-58,-1,-6,-8,1,9,-1,3,4,-2,3,5,5,10,5,0,1,1,-1,0,2,-1,6,5,0,0,-2,-1,0,-1,-1,5,1
KR_6759859967,420,0,-16,8,2,1,1,0,4,6,2,1,3,2,0,3,3,-4,0,4,0,0,36,-2,7,5,-14,0,0,-1,-1,0,1,4,1
KR_6761741423,420,4,24,22,11,1,6,5,0,1,1,10,11,1,-1,2,3,1,1,0,0,8,1,1,4,5,3,0,0,1,1,0,1,6,1
KR_6757713014,420,0,15,-44,8,-5,0,5,3,3,0,3,4,1,6,6,0,1,1,0,1,21,289,3,5,8,2,0,1,1,-1,1,1,1,1
KR_6709103324,420,3,22,0,1,0,1,1,1,6,5,2,4,2,1,2,1,-3,0,3,-2,0,37,-3,6,3,-29,0,2,1,-1,1,-1,2,1
KR_6764139993,420,0,-13,28,-2,-4,1,5,2,4,2,0,3,3,0,1,1,0,0,0,0,3,-14,-2,6,4,1,0,0,-1,-1,0,-1,3,1
KR_6739466532,420,2,1,5,1,-1,3,4,1,2,1,4,6,2,-4,1,5,1,1,0,0,3,-1,-1,3,2,-2,0,1,1,0,1,1,6,1
KR_6764775120,420,-1,-72,-14,-3,0,4,4,-1,2,3,0,0,0,-2,3,5,0,1,1,-1,-5,0,4,1,5,1,0,0,-1,1,-1,-1,5,1
KR_6746282176,420,-1,2,-6,-3,2,3,1,-5,1,6,-3,2,5,2,2,0,1,1,0,0,0,-2,-1,6,5,-2,0,-2,1,-1,-1,-1,4,1
KR_6760821472,440,2,-71,33,1,-2,4,6,-2,2,4,3,3,0,-1,1,2,3,3,0,0,8,-10,-1,5,4,-6,0,0,-1,1,-1,1,3,1
KR_6765561983,420,0,43,8,-8,-4,0,4,-1,4,5,-2,1,3,-3,7,10,2,3,1,0,-2,15,2,3,5,-1,0,-1,1,-1,-1,-1,5,1
KR_6692259504,420,2,-14,4,4,0,3,3,3,5,2,1,4,3,0,2,2,0,1,1,0,4,0,3,4,7,2,0,0,0,1,0,1,0,1
KR_6763975482,420,0,36,-1,0,5,6,1,-1,1,2,-2,0,2,-3,3,6,1,1,0,0,-6,0,1,5,6,0,0,0,1,-1,-1,1,3,1
KR_6742080367,420,-2,-85,7,-2,-2,2,4,8,9,1,-5,0,5,-3,3,6,0,0,0,1,6,5,1,6,7,-3,0,-1,1,-1,-1,1,2,1
KR_6764107101,420,-3,-28,-1,-9,-1,1,2,-5,0,5,0,2,2,-2,4,6,-1,2,3,0,-9,5,2,5,7,-2,0,-1,1,-1,-1,1,6,1
KR_6720302804,420,4,38,4,-1,-3,2,5,3,5,2,-1,2,3,2,2,0,-2,0,2,-1,7,18,1,4,5,0,0,2,-1,1,1,-1,5,1
KR_6728872666,420,2,54,16,3,4,5,1,-3,1,4,-1,4,5,3,4,1,0,3,3,0,-3,228,0,3,3,3,0,1,0,-1,1,1,0,1
KR_6760769155,420,4,65,4,11,3,3,0,4,4,0,3,5,2,0,0,0,1,1,0,0,11,0,3,4,7,2,0,0,1,1,0,1,6,1
KR_6723543593,420,2,-56,-4,3,1,3,2,2,3,1,-2,1,3,3,5,2,-1,0,1,-1,5,1,1,2,3,-1,0,1,1,1,1,-1,1,1
KR_6685428113,420,5,25,35,8,-1,0,1,2,3,1,2,3,1,5,5,0,0,1,1,0,7,41,-5,8,3,0,0,0,0,0,1,1,0,1
KR_6560352413,420,-1,4,-7,3,0,2,2,-1,2,3,2,3,1,2,5,3,0,2,2,1,10,22,9,4,13,-4,0,0,-1,1,1,1,5,1
KR_6743361808,440,-1,8,-13,-5,4,7,3,0,0,0,-4,1,5,-5,0,5,0,2,2,0,-6,-18,-7,9,2,1,0,0,-1,1,-1,1,4,1
KR_6420789011,420,2,-7,5,9,4,4,0,3,9,6,6,6,0,-3,2,5,-1,2,3,-1,12,5,0,7,7,5,0,0,1,-1,-1,-1,5,1
KR_6760203251,420,3,1,4,12,-1,1,2,2,3,1,7,9,2,5,5,0,-1,0,1,0,10,18,3,4,7,-1,0,1,1,1,1,1,3,1
KR_6761893892,420,-1,-28,-20,1,0,3,3,2,5,3,0,4,4,-3,0,3,2,2,0,0,6,-4,1,1,2,1,0,1,0,1,1,-1,0,1
KR_6765193932,420,0,-10,-2,4,2,4,2,0,2,2,3,6,3,1,2,1,-2,0,2,0,0,8,5,2,7,-4,0,0,1,-1,0,1,6,1
KR_6409889160,440,6,59,7,19,8,9,1,1,3,2,4,4,0,4,5,1,2,2,0,0,14,11,5,1,6,1,0,1,1,1,1,1,1,1
KR_6762929579,440,2,-33,12,4,1,2,1,0,6,6,1,2,1,2,2,0,0,1,1,0,7,6,3,3,6,3,0,0,1,-1,0,1,4,1
KR_6638336048,420,1,-43,-4,6,1,2,1,2,3,1,-1,2,3,3,3,0,1,1,0,1,6,45,1,6,7,-2,0,0,-1,-1,1,1,1,1
KR_6765181859,420,3,45,3,8,4,4,0,5,5,0,1,4,3,-1,3,4,-1,0,1,0,2,18,2,8,10,24,0,0,1,-1,-1,-1,5,1
KR_6743620991,420,3,25,9,9,-1,1,2,0,1,1,0,1,1,10,10,0,0,1,1,1,14,2,-3,8,5,4,0,4,1,1,1,1,6,1
KR_6632368144,420,1,-28,12,-1,0,3,3,-1,2,3,2,2,0,0,1,1,-2,1,3,0,0,-6,-1,5,4,-2,0,1,-1,1,1,1,5,1
KR_6765286612,420,0,-4,6,2,2,2,0,3,4,1,-1,2,3,1,2,1,-3,0,3,0,1,-1,-3,7,4,0,0,0,1,1,1,-1,4,1
KR_6756057954,420,0,27,-28,1,4,4,0,2,4,2,0,2,2,-3,3,6,-2,0,2,0,-1,-9,-3,9,6,3,0,-1,-1,-1,-1,1,4,1
KR_6735063772,420,6,5,23,14,3,4,1,9,10,1,2,3,1,-1,2,3,1,2,1,0,2,-1,1,4,5,3,0,0,1,-1,1,1,4,1
KR_6713282953,420,2,29,20,5,-3,1,4,2,3,1,5,7,2,4,8,4,-3,0,3,0,4,7,7,6,13,-5,0,2,1,1,1,1,2,1
KR_6712774758,420,-1,14,10,-5,-1,1,2,-3,3,6,0,2,2,-1,1,2,0,1,1,0,-7,-2,2,5,7,-2,0,-2,-1,1,-1,-1,5,1
KR_6762220785,420,1,42,-24,5,0,0,0,1,3,2,1,3,2,0,0,0,3,4,1,0,3,5,2,5,7,-2,0,0,1,1,0,-1,4,1
KR_6764024313,420,1,67,-8,5,-1,2,3,4,7,3,2,4,2,2,3,1,-2,2,4,0,8,-35,3,2,5,2,0,2,1,-1,1,-1,4,1
KR_6762243296,420,0,10,-7,7,-3,0,3,3,6,3,3,4,1,5,5,0,-1,1,2,0,8,1,2,2,4,0,0,0,1,1,0,1,3,1
KR_6758797589,420,0,14,-14,-1,2,4,2,-2,2,4,-1,0,1,1,2,1,-1,0,1,0,1,-2,1,4,5,4,0,0,-1,1,-1,1,6,1
KR_6763781403,420,0,42,-5,1,1,1,0,-1,2,3,-3,2,5,4,7,3,0,1,1,1,1,53,-1,4,3,-29,0,0,1,-1,1,1,3,1
KR_6726466597,440,5,62,23,18,1,2,1,10,10,0,5,9,4,-2,1,3,4,4,0,1,24,0,0,5,5,2,0,0,1,1,1,1,3,1
KR_6512374358,420,2,18,16,1,3,4,1,3,8,5,2,3,1,-7,2,9,0,1,1,0,-7,46,-1,5,4,-16,0,0,1,-1,0,1,2,1
KR_6762676338,440,2,77,-15,11,5,5,0,1,3,2,1,2,1,1,4,3,3,4,1,1,12,-22,3,3,6,-2,0,1,-1,-1,1,1,6,1
KR_6314568059,420,-1,-8,6,-1,0,0,0,2,5,3,-2,2,4,-2,0,2,1,1,0,0,0,14,-3,5,2,-2,0,0,-1,1,-1,-1,5,1
KR_6546044984,420,4,19,4,9,-1,2,3,3,4,1,5,6,1,4,4,0,-2,1,3,0,8,-6,4,3,7,7,0,1,-1,1,1,1,2,1
KR_6760237451,420,4,38,32,12,0,1,1,3,3,0,6,7,1,3,4,1,0,0,0,0,12,-5,-2,5,3,5,0,2,1,1,1,1,6,1
KR_6751942317,420,-2,0,16,-5,-2,2,4,0,2,2,-3,2,5,-2,3,5,2,4,2,0,0,-11,3,2,5,-3,0,-1,0,1,-1,1,0,1
KR_6722600077,420,-2,-18,-14,-3,-1,0,1,3,6,3,1,2,1,-2,1,3,-4,0,4,0,0,-4,-2,8,6,4,0,0,-1,1,0,1,3,1
KR_6628422351,420,9,139,55,14,4,4,0,5,5,0,0,2,2,2,2,0,3,3,0,1,15,-2,-2,6,4,4,0,4,1,1,1,1,4,1
KR_6646170241,420,5,146,-14,18,3,4,1,3,3,0,-1,1,2,10,10,0,3,3,0,0,9,-1,4,2,6,5,0,1,1,-1,1,1,6,1
KR_6759081511,420,1,67,-20,2,0,2,2,-1,4,5,2,4,2,1,4,3,0,1,1,-1,-2,-164,1,5,6,-6,0,1,1,-1,1,-1,1,1
KR_6723949802,420,0,-5,0,2,7,7,0,-5,0,5,-3,3,6,1,4,3,2,2,0,-1,5,13,-1,5,4,-2,0,0,-1,1,-1,-1,1,1
KR_6762633278,420,2,-38,8,5,3,3,0,2,4,2,1,2,1,-2,3,5,1,1,0,0,9,-100,5,3,8,-3,0,1,-1,-1,1,-1,3,1
KR_6728584175,420,3,-17,16,6,2,3,1,2,3,1,1,1,0,0,2,2,1,2,1,0,1,3,4,3,7,1,0,0,-1,1,0,-1,6,1
KR_6749733049,420,2,21,10,6,1,4,3,5,5,0,0,1,1,1,6,5,-1,0,1,0,15,1,7,0,7,-3,0,1,0,0,1,1,0,1
KR_6760533420,420,0,-33,-5,8,-2,4,6,4,9,5,6,7,1,0,4,4,0,0,0,0,9,19,0,6,6,3,0,0,1,-1,0,1,1,1
KR_6758892874,420,1,42,10,-4,-1,4,5,1,1,0,1,4,3,-6,1,7,1,1,0,1,-6,51,0,4,4,-23,0,2,-1,1,1,1,5,1
KR_6763276311,420,-1,7,-10,0,-1,0,1,-3,0,3,1,4,3,1,2,1,2,2,0,0,3,15,-2,8,6,-2,0,-1,1,-1,-1,1,6,1
KR_6761932296,420,0,-56,22,5,0,0,0,-2,1,3,3,6,3,3,4,1,1,1,0,0,9,-19,-6,9,3,8,0,-1,-1,-1,-1,1,3,1
KR_6755626728,440,1,53,6,1,1,2,1,0,1,1,4,6,2,-1,1,2,-3,2,5,0,-2,7,0,7,7,6,0,1,-1,0,1,1,3,1
KR_6636130193,420,-3,-97,23,-11,1,1,0,-2,1,3,0,1,1,-5,1,6,-5,0,5,0,-16,110,-2,6,4,-1,0,0,-1,1,1,-1,4,1
KR_6757957357,420,4,57,8,14,2,6,4,4,5,1,9,9,0,0,1,1,-1,1,2,0,7,0,2,4,6,-4,0,-1,1,-1,1,-1,5,1
KR_6760896397,420,0,5,7,4,3,3,0,1,3,2,1,3,2,0,3,3,-1,0,1,2,7,12,2,4,6,-4,0,0,-1,1,0,1,6,1
KR_6765435435,420,0,49,-16,-6,2,3,1,-1,3,4,-2,1,3,-4,1,5,-1,2,3,0,-12,-14,0,5,5,2,0,1,-1,1,1,-1,5,1
KR_6735880959,420,2,45,20,4,-1,2,3,-1,2,3,1,1,0,5,6,1,0,1,1,0,0,3,5,4,9,3,0,3,1,1,1,1,2,1
KR_6632824212,420,0,-45,-3,3,2,2,0,1,2,1,0,1,1,0,4,4,0,1,1,1,5,2,1,8,9,-4,0,0,1,1,-1,1,3,1
KR_6590488835,420,5,-10,-35,15,8,8,0,-3,3,6,8,11,3,1,6,5,1,2,1,0,22,10,4,1,5,2,0,2,-1,1,1,-1,6,1
KR_6752707790,420,4,50,17,9,0,1,1,0,1,1,0,2,2,6,9,3,3,4,1,3,12,3,0,4,4,3,0,1,1,-1,1,1,4,1
KR_6741904296,420,-2,47,3,-9,-2,0,2,1,3,2,-4,3,7,-4,2,6,0,2,2,0,-10,7,-1,6,5,0,0,0,-1,-1,1,1,1,1
KR_6728470520,420,6,94,0,23,2,3,1,12,12,0,4,4,0,1,4,3,4,4,0,2,19,-9,5,3,8,7,0,1,1,1,1,1,1,1
KR_6747382469,420,1,16,1,2,-3,0,3,5,5,0,-1,2,3,1,2,1,0,0,0,0,3,-2,-2,6,4,5,0,0,1,1,1,-1,3,1
KR_6679273292,420,4,24,11,4,2,3,1,0,0,0,2,5,3,0,3,3,0,1,1,0,13,10,0,4,4,-2,0,-1,-1,1,-1,-1,2,1
KR_6761028307,440,-3,-12,-15,-13,-4,0,4,-5,2,7,-2,1,3,1,6,5,-3,2,5,-1,-18,-6,-2,5,3,-1,0,0,-1,-1,-1,-1,3,1
KR_6711255112,420,5,51,0,8,-1,1,2,5,5,0,2,2,0,1,3,2,1,1,0,0,9,4,-5,6,1,3,0,0,1,-1,0,1,4,1
KR_6764670382,420,1,-1,-4,0,1,2,1,1,2,1,0,0,0,-1,0,1,-1,0,1,0,-1,24,-1,6,5,2,0,0,1,1,1,-1,5,1
KR_6764736787,440,1,27,8,6,0,3,3,4,5,1,-1,1,2,3,4,1,0,1,1,0,7,25,-5,8,3,2,0,-1,1,-1,-1,-1,2,1
KR_6758057295,420,1,-1,29,1,1,2,1,3,4,1,2,5,3,-3,3,6,-2,1,3,0,2,0,3,7,10,-5,0,0,1,1,-1,-1,5,1
KR_6763457143,420,2,-11,-12,12,3,5,2,5,5,0,-1,1,2,4,6,2,1,2,1,1,12,-5,-1,3,2,-3,0,-1,1,-1,-1,1,4,1
KR_6731430469,420,4,48,19,14,-2,0,2,9,9,0,1,1,0,2,3,1,4,4,0,1,23,35,-1,7,6,3,0,1,1,1,1,1,6,1
KR_6646535756,420,0,47,7,0,3,5,2,-1,2,3,-3,1,4,0,1,1,1,1,0,0,-3,5,3,5,8,0,0,0,1,1,0,-1,3,1
KR_6633721028,420,5,50,-12,8,1,3,2,0,2,2,7,8,1,1,3,2,-1,1,2,0,6,-20,1,1,2,-1,0,1,1,-1,1,1,4,1
KR_6765164937,420,2,50,8,3,1,3,2,0,2,2,0,3,3,1,2,1,1,1,0,0,-6,-1,-6,8,2,0,0,1,-1,-1,1,1,3,1
KR_6758939363,420,1,-4,-50,10,3,4,1,4,5,1,6,6,0,-5,1,6,2,3,1,0,13,109,-1,7,6,-3,0,-1,1,-1,-1,-1,2,1
KR_6765623640,420,0,40,-16,10,1,3,2,3,4,1,4,4,0,1,2,1,1,3,2,0,13,-1,-2,5,3,-1,0,3,1,1,1,1,3,1
KR_6759312755,420,6,94,-7,25,4,4,0,1,5,4,10,10,0,10,10,0,0,0,0,3,27,-13,1,6,7,0,0,3,1,1,1,1,6,1
KR_6752315552,420,2,34,-16,4,2,3,1,-1,3,4,0,1,1,4,5,1,-1,0,1,0,9,-31,1,3,4,-2,0,0,1,-1,0,1,5,1
KR_6744710767,420,-1,0,-7,-1,2,4,2,-2,2,4,1,2,1,-2,2,4,0,1,1,1,-3,3,-1,7,6,0,0,1,1,-1,1,1,5,1
KR_6759292434,440,1,32,19,2,0,0,0,4,5,1,1,3,2,-4,0,4,1,4,3,0,2,3,-3,4,1,-3,0,2,1,1,1,1,1,1
KR_6763936065,420,2,-5,19,3,4,4,0,-1,2,3,-2,2,4,2,2,0,0,0,0,0,4,-3,1,6,7,2,0,0,-1,-1,0,-1,1,1
KR_6561943439,420,2,-13,23,6,-3,1,4,2,4,2,7,7,0,0,2,2,0,2,2,0,8,8,0,5,5,2,0,1,1,1,1,1,2,1
KR_6688285385,420,4,11,-11,5,3,4,1,4,5,1,0,1,1,-5,2,7,3,4,1,-1,5,105,-6,9,3,-4,0,1,-1,1,1,-1,1,1
KR_6751018262,420,3,68,-12,9,0,2,2,-5,0,5,3,5,2,10,10,0,1,1,0,1,11,12,1,3,4,0,0,3,1,1,1,1,6,1
KR_6331597607,420,2,29,4,9,-1,0,1,0,2,2,1,2,1,9,12,3,0,0,0,2,9,1,0,6,6,10,0,0,1,-1,0,1,2,1
KR_6727612758,440,1,39,14,3,-1,2,3,-2,2,4,3,6,3,0,1,1,3,4,1,1,10,-13,-2,3,1,7,0,0,1,0,1,1,3,1
KR_6726820392,420,1,106,21,1,-2,1,3,1,3,2,2,5,3,0,2,2,0,1,1,0,2,6,-2,7,5,2,0,1,1,1,1,-1,2,1
KR_6755042307,420,0,39,-2,3,0,2,2,-2,4,6,4,4,0,0,1,1,1,3,2,0,6,4,-1,6,5,1,0,0,-1,1,0,-1,3,1
KR_6705662751,420,4,103,25,4,2,4,2,4,5,1,-5,1,6,5,5,0,-2,2,4,0,5,-193,2,4,6,-34,0,1,-1,-1,1,1,3,1
KR_6675760247,440,1,43,18,1,3,3,0,1,2,1,-2,1,3,-1,0,1,0,0,0,0,3,23,-4,6,2,-1,0,2,1,1,1,1,2,1
KR_6763937692,420,-1,20,14,0,2,3,1,-2,0,2,-6,0,6,9,9,0,-3,1,4,0,-3,18,-2,8,6,-2,0,0,-1,1,1,-1,4,1
KR_6764725609,420,6,44,26,13,4,4,0,4,5,1,2,5,3,5,6,1,-2,2,4,0,17,2,2,3,5,4,0,1,-1,1,1,-1,5,1
KR_6688098109,420,3,-23,36,4,1,3,2,1,4,3,6,6,0,-2,0,2,-2,0,2,0,3,11,5,2,7,-2,0,0,1,1,0,-1,2,1
KR_6764015954,420,0,-9,-13,-4,6,6,0,-1,3,4,-1,1,2,-6,1,7,-2,1,3,0,-13,-4,2,3,5,-1,0,1,-1,1,1,-1,3,1
KR_6761757618,420,0,22,-25,3,-1,2,3,5,6,1,-4,1,5,0,3,3,3,3,0,0,8,0,-2,8,6,0,0,1,-1,1,1,-1,3,1
KR_6663370878,420,4,24,9,13,1,2,1,7,9,2,3,4,1,2,2,0,0,0,0,0,9,-1,-1,5,4,6,0,2,-1,1,1,1,1,1
KR_6761804727,420,0,59,8,-5,0,0,0,-1,1,2,-4,0,4,1,2,1,-1,0,1,0,-4,-129,-6,8,2,2,0,0,1,0,0,-1,6,1
KR_6735974179,420,3,36,17,12,4,5,1,1,2,1,6,8,2,2,3,1,-1,1,2,0,7,-310,5,2,7,-2,0,2,-1,1,1,1,1,1
KR_6755572383,420,4,29,-4,5,-2,1,3,1,1,0,1,2,1,1,4,3,4,4,0,-1,5,48,-2,3,1,-20,0,-1,-1,-1,-1,-1,2,1
KR_6755457385,440,6,82,32,15,0,5,5,-1,0,1,6,7,1,5,5,0,5,5,0,1,5,6,4,4,8,-2,0,2,1,1,1,1,5,1
KR_6737506781,420,3,-21,-3,10,1,2,1,3,7,4,3,4,1,4,6,2,-1,1,2,0,15,0,2,4,6,0,0,0,1,-1,0,1,3,1
KR_6755125139,420,5,26,-8,11,1,3,2,4,6,2,-3,4,7,6,8,2,3,6,3,1,16,159,-1,5,4,6,0,2,1,1,1,-1,1,1
KR_6472207875,420,1,-12,1,-3,0,0,0,5,6,1,-4,0,4,-3,0,3,-1,0,1,0,-1,-3,-7,11,4,-3,0,-1,1,-1,-1,-1,6,1
KR_6600211266,420,6,26,33,14,1,5,4,10,10,0,-1,5,6,2,5,3,2,2,0,1,3,-187,4,5,9,0,0,2,1,1,1,1,1,1
KR_6705543440,420,3,-22,9,9,3,3,0,7,7,0,-2,3,5,1,2,1,0,1,1,0,10,-108,2,5,7,-2,0,0,1,1,0,-1,4,1
KR_6331918125,420,2,0,-9,7,-1,0,1,3,4,1,0,3,3,4,5,1,1,1,0,0,9,-30,4,7,11,5,0,0,1,1,0,1,6,1
KR_6750223116,420,1,-18,12,-1,1,2,1,2,4,2,1,3,2,-4,1,5,-1,0,1,0,-7,-14,-4,9,5,-4,0,1,1,1,1,1,6,1
KR_6761626037,420,1,-11,20,-4,-3,1,4,-2,3,5,2,4,2,-1,0,1,0,1,1,0,-7,-119,-5,8,3,2,0,0,-1,1,0,-1,5,1
KR_6753665502,440,2,-14,1,6,-2,2,4,2,6,4,6,8,2,0,3,3,0,1,1,0,2,-1,-1,3,2,-2,0,-2,-1,0,-1,1,4,1
KR_6698740936,420,2,18,15,11,4,4,0,3,5,2,4,4,0,-2,1,3,2,2,0,0,8,7,0,7,7,-2,0,2,1,1,1,1,1,1
KR_6727796871,420,3,13,-12,7,3,4,1,3,4,1,0,0,0,3,5,2,-2,0,2,0,3,1,1,4,5,7,0,1,1,1,1,-1,5,1
KR_6763005206,420,-3,-39,-17,1,-2,2,4,3,4,1,3,3,0,-1,2,3,-2,2,4,0,15,289,5,1,6,-3,0,-1,0,-1,-1,-1,0,1
KR_6743695753,440,2,34,12,2,0,4,4,-1,2,3,1,2,1,3,5,2,-1,1,2,0,4,2,-1,5,4,0,0,0,1,0,1,1,2,1
KR_6725811098,420,-1,-57,-24,-2,-1,0,1,-4,1,5,2,4,2,1,5,4,0,1,1,0,0,5,2,4,6,-2,0,1,1,-1,1,-1,2,1
KR_6685859876,420,-2,-19,-32,-5,-4,1,5,-1,3,4,1,2,1,0,1,1,-1,0,1,0,-2,-2,-3,7,4,-1,0,-2,-1,-1,-1,1,5,1
KR_6762038420,420,0,12,3,-3,-6,0,6,1,1,0,6,7,1,-3,2,5,-1,0,1,0,-2,-1,0,6,6,1,0,-1,1,0,-1,-1,2,1
KR_6748294357,420,1,-9,11,3,2,4,2,-1,3,4,0,2,2,1,4,3,1,2,1,0,2,-6,-4,5,1,3,0,1,1,1,1,-1,6,1
KR_6624052619,420,3,36,5,3,0,5,5,0,3,3,1,2,1,0,1,1,2,3,1,0,1,335,0,4,4,-6,0,1,1,-1,1,-1,4,1
KR_6742524597,440,2,68,8,-1,-2,1,3,1,3,2,-2,2,4,3,3,0,-1,0,1,0,-12,12,-1,8,7,-3,0,1,-1,1,1,-1,6,1
KR_6759656153,420,2,40,3,-1,1,1,0,0,3,3,4,7,3,0,0,0,-6,1,7,0,1,-32,3,5,8,5,0,0,1,1,0,1,1,1
KR_6756775966,420,4,-16,23,13,6,11,5,3,4,1,-1,1,2,2,4,2,3,3,0,1,17,13,-4,7,3,-4,0,0,1,-1,1,1,6,1
KR_6714906561,420,1,-55,-8,-2,-3,0,3,1,3,2,0,2,2,-1,4,5,1,1,0,0,-5,12,-1,7,6,-2,0,1,0,0,1,1,0,1
KR_6739785282,440,0,14,-20,-2,1,1,0,-4,4,8,-3,1,4,2,5,3,2,2,0,0,7,7,1,3,4,2,0,1,1,-1,1,-1,2,1
KR_6683833395,420,1,1,8,3,0,4,4,-3,1,4,-2,2,4,5,5,0,3,4,1,-1,3,-318,-1,2,1,2,0,1,1,-1,1,-1,2,1
KR_6752380991,440,0,17,3,4,2,4,2,-1,0,1,1,1,0,0,3,3,2,3,1,1,2,11,-1,7,6,1,0,0,-1,0,0,1,5,1
KR_6602834635,420,0,29,4,2,3,5,2,-2,2,4,-3,5,8,4,5,1,0,1,1,1,5,10,5,2,7,0,0,1,-1,-1,1,1,2,1
KR_6756032051,420,3,-7,8,8,5,5,0,1,3,2,2,4,2,-1,1,2,1,4,3,0,8,79,-1,3,2,0,0,1,-1,1,1,-1,3,1
KR_6701652613,420,0,-1,-26,-2,-1,2,3,2,3,1,-2,0,2,-2,0,2,1,1,0,0,-5,3,1,2,3,-4,0,1,1,1,1,1,1,1
KR_6764357136,440,3,103,16,4,1,3,2,5,8,3,1,3,2,0,2,2,-3,0,3,0,3,-4,-3,6,3,3,0,0,1,1,0,1,3,1
KR_6750954025,440,7,54,16,22,5,6,1,6,7,1,4,5,1,6,7,1,1,2,1,0,17,18,6,0,6,2,0,2,-1,1,1,1,4,1
KR_6372634195,420,6,52,18,13,3,4,1,2,6,4,1,4,3,6,7,1,1,2,1,2,12,0,0,0,0,2,0,0,1,-1,1,1,3,1
KR_6622592377,420,6,68,17,12,3,4,1,3,7,4,5,8,3,-1,2,3,2,3,1,0,14,40,2,5,7,4,0,1,1,0,1,-1,3,1
KR_6727969658,420,1,12,-30,3,2,3,1,0,1,1,5,5,0,-3,1,4,-1,0,1,0,-2,-2,1,5,6,4,0,1,-1,1,1,1,5,1
KR_6634594140,420,2,27,1,1,0,3,3,0,1,1,-5,0,5,6,6,0,0,0,0,0,3,-5,-4,8,4,3,0,0,1,-1,1,1,3,1
KR_6679634965,420,-1,-8,-1,0,-1,2,3,2,2,0,0,3,3,-1,1,2,0,0,0,0,6,24,-3,9,6,-4,0,0,-1,1,0,1,2,1
KR_6763771983,420,1,-17,1,10,-1,0,1,6,9,3,1,1,0,4,4,0,0,0,0,0,11,5,1,7,8,3,0,0,1,1,1,1,5,1
KR_6761208479,420,2,9,12,7,2,3,1,2,6,4,-2,1,3,4,4,0,1,2,1,-1,16,-4,-1,4,3,-2,0,0,1,-1,1,-1,1,1
KR_6636672676,420,1,23,-12,2,-2,1,3,-2,6,8,1,3,2,3,5,2,2,2,0,0,-3,5,4,2,6,0,0,0,1,-1,1,-1,1,1
KR_6737016541,420,2,57,21,3,3,3,0,0,4,4,-2,0,2,1,3,2,1,2,1,1,2,43,1,3,4,-20,0,1,1,-1,1,1,5,1
KR_6740016823,420,4,23,10,9,-1,1,2,-2,1,3,-2,0,2,13,16,3,1,1,0,0,8,-39,-1,5,4,18,0,0,1,-1,-1,1,5,1
KR_6738126026,420,-3,-7,11,0,4,4,0,-3,0,3,-1,2,3,-1,0,1,1,1,0,0,-2,-21,1,3,4,0,0,0,-1,1,0,-1,6,1
KR_6746118812,420,3,22,19,12,0,2,2,6,6,0,0,1,1,6,6,0,0,2,2,1,18,-4,3,2,5,1,0,1,1,-1,1,1,1,1
KR_6763659279,420,0,56,-10,8,-1,3,4,4,4,0,2,5,3,2,3,1,1,1,0,1,7,8,2,4,6,-3,0,1,1,1,1,1,6,1
KR_6648492972,420,1,17,-5,-1,-1,2,3,0,1,1,1,4,3,-1,4,5,0,3,3,2,-1,3,-1,6,5,-4,0,0,1,-1,0,1,3,1
KR_6757610343,420,1,-3,38,-1,-4,1,5,5,6,1,-1,2,3,3,4,1,-4,0,4,0,6,-5,4,5,9,0,0,1,1,1,1,1,6,1
KR_6589415704,420,6,7,1,9,-1,0,1,0,2,2,7,8,1,2,2,0,1,1,0,0,2,20,-3,8,5,9,0,0,1,-1,0,1,6,1
