matchId,queueId,Diff_LV,Diff_CS,Diff_jglCS,Diff-K,Diff-K-top,K-WIN-top,K-LOSE-top,Diff-K-jug,K-WIN-jug,K-LOSE-jug,Diff-K-mid,K-WIN-mid,K-LOSE-mid,Diff-K-ad,K-WIN-ad,K-LOSE-ad,Diff-K-sup,K-WIN-sup,K-LOSE-sup,invadeKill,Diff-A,Diff_WARDplaced,Diff-ControlWARDplaced,LOSE_controlWARDPlaced,WIN_controlWARDPlaced,Diff_WARDkill,Diff_Inhibitor,Diff_TOWERkill,Diff_FirstDRAGON,Diff_FirstHERALD,Diff_Firsttower,Diff_FirstBLOOD,dragonType,result
KR_6742948140,420,-1,-34,7,-1,-3,2,5,1,5,4,4,8,4,-1,5,6,-2,1,3,1,2,-73,1,5,6,1,0,2,1,1,1,1,3,1
KR_6543602918,420,1,23,7,0,0,1,1,-4,0,4,-2,1,3,5,6,1,1,1,0,0,4,24,0,5,5,4,0,1,-1,1,1,-1,1,1
KR_6709892624,440,4,12,6,10,2,2,0,2,4,2,3,3,0,3,4,1,0,3,3,0,9,9,-1,8,7,1,0,0,1,1,0,1,6,1
KR_6673930851,420,2,15,9,9,4,4,0,-1,1,2,5,5,0,1,5,4,0,1,1,0,4,36,0,7,7,-4,0,1,-1,1,1,-1,6,1
KR_6763315848,420,1,-44,-16,4,2,2,0,0,2,2,0,4,4,0,2,2,2,2,0,0,7,-36,2,5,7,0,0,0,0,1,0,1,0,1
KR_6692388918,420,4,104,13,10,1,1,0,-3,0,3,2,4,2,9,9,0,1,2,1,1,16,-21,3,4,7,0,0,0,1,1,0,1,3,1
KR_6727796701,420,1,-14,-8,10,2,3,1,4,5,1,2,4,2,4,4,0,-2,1,3,0,12,-11,-2,7,5,6,0,0,1,1,0,1,1,1
KR_6615097005,420,2,-37,0,6,4,5,1,2,5,3,1,2,1,-1,1,2,0,1,1,0,4,-2,-1,5,4,7,0,1,-1,1,1,1,1,1
KR_6760380059,420,-4,-71,-16,-11,-1,0,1,5,6,1,-3,0,3,-2,2,4,-10,0,10,-1,-5,-127,-3,9,6,-3,0,0,-1,-1,-1,-1,5,1
KR_6724974628,420,2,-24,0,-2,-3,1,4,2,3,1,0,0,0,1,3,2,-2,0,2,0,2,-10,-1,3,2,-1,0,-1,1,1,-1,-1,2,1
KR_6746957630,420,-1,-15,1,-1,0,2,2,0,4,4,-1,1,2,-2,0,2,2,4,2,0,-2,-9,-3,7,4,-3,0,-1,0,-1,-1,1,0,1
KR_6620194314,420,0,11,-6,5,1,2,1,-1,2,3,5,5,0,-3,5,8,3,3,0,0,2,-14,2,5,7,1,0,1,1,1,1,1,1,1
KR_6742082884,440,1,-26,40,-2,2,3,1,-1,1,2,4,5,1,-5,2,7,-2,2,4,0,-4,3,3,7,10,0,0,-1,-1,1,-1,-1,4,1
KR_6751936396,420,0,-47,-16,7,0,2,2,5,6,1,5,5,0,2,2,0,-5,0,5,2,12,-6,-1,6,5,1,0,0,-1,0,0,1,2,1
KR_6757836279,420,1,-15,5,8,7,7,0,-2,1,3,3,4,1,-2,4,6,2,3,1,0,10,-18,1,2,3,4,0,0,1,1,-1,1,3,1
KR_6752845059,420,-1,-14,-4,5,-1,1,2,4,6,2,-1,3,4,2,2,0,1,3,2,0,6,-258,1,4,5,-2,0,3,1,1,1,1,6,1
KR_6703968098,420,4,55,-1,7,-1,2,3,0,1,1,-4,1,5,9,10,1,3,5,2,1,5,14,0,5,5,-1,0,3,1,1,1,1,4,1
KR_6661367828,420,2,-17,12,4,2,2,0,-2,3,5,-1,1,2,1,6,5,4,4,0,0,4,-10,-6,10,4,1,0,-1,1,-1,-1,1,5,1
KR_6719155198,420,2,32,8,-3,1,5,4,0,3,3,-2,1,3,-2,1,3,0,0,0,0,-2,-13,-4,5,1,2,0,0,-1,0,1,1,5,1
KR_6617252782,420,-2,-37,2,-3,2,3,1,-1,0,1,-5,2,7,0,1,1,1,2,1,0,-1,2,-2,5,3,1,0,-1,-1,1,-1,-1,1,1
KR_6669280454,420,1,19,3,0,-3,1,4,1,4,3,-2,3,5,4,6,2,0,2,2,0,4,-4,-3,7,4,3,0,2,-1,-1,1,-1,3,1
KR_6750035671,420,-1,10,25,-6,4,4,0,-5,0,5,-5,1,6,0,2,2,0,1,1,-1,-18,3,4,2,6,-1,0,0,1,0,0,-1,5,1
KR_6751437683,440,2,40,-6,5,-1,1,2,-2,2,4,8,9,1,2,2,0,-2,0,2,0,1,6,4,4,8,4,0,0,1,-1,0,1,3,1
KR_6679281276,420,4,-2,5,4,2,3,1,2,5,3,1,3,2,1,7,6,-2,0,2,0,2,4,2,4,6,1,0,1,-1,1,1,1,5,1
KR_6758045751,420,6,44,51,13,2,3,1,5,5,0,4,5,1,0,1,1,2,2,0,0,13,15,3,2,5,-2,0,0,1,1,1,1,6,1
KR_6692467444,420,-3,-44,12,-5,2,3,1,3,8,5,-6,0,6,-3,1,4,-1,0,1,2,-3,-77,4,4,8,-1,0,-1,-1,1,-1,1,6,1
KR_6702215024,420,2,95,-7,-1,2,5,3,6,6,0,0,3,3,-9,0,9,0,0,0,0,-5,-1,2,5,7,2,0,1,-1,1,1,-1,5,1
KR_6741674617,420,1,-27,39,1,-4,0,4,0,6,6,1,4,3,0,3,3,4,5,1,2,7,11,2,4,6,-9,0,-1,-1,1,-1,1,3,1
KR_6737904741,420,2,-6,-3,2,1,1,0,-5,5,10,7,8,1,-1,1,2,0,2,2,0,0,-1,3,3,6,2,0,0,-1,1,0,-1,3,1
KR_6750262322,420,4,54,16,10,1,2,1,2,2,0,3,4,1,4,6,2,0,0,0,0,11,8,4,2,6,-6,0,0,1,0,0,1,2,1
KR_6760350485,420,4,30,35,11,7,7,0,-1,3,4,4,6,2,1,3,2,0,1,1,0,9,9,0,5,5,4,0,1,1,1,1,1,5,1
KR_6729423270,440,0,1,-56,-4,-1,1,2,-4,0,4,-3,2,5,0,3,3,4,4,0,0,1,14,-7,7,0,0,0,0,1,-1,0,-1,1,1
KR_6619695454,420,5,98,38,7,3,4,1,1,2,1,1,4,3,2,6,4,0,0,0,0,3,-4,3,6,9,0,0,1,1,1,1,1,3,1
KR_6700163468,420,2,-30,-9,4,1,2,1,-1,1,2,4,5,1,1,2,1,-1,1,2,0,1,-2,6,1,7,2,0,0,1,1,1,1,3,1
KR_6757803271,420,1,41,-13,4,-1,1,2,3,3,0,0,1,1,0,3,3,2,3,1,0,10,7,6,5,11,-9,0,0,-1,-1,-1,1,1,1
KR_6603207589,420,1,23,-5,2,0,0,0,-4,1,5,4,7,3,2,5,3,0,1,1,0,2,10,-1,5,4,4,0,-1,-1,-1,-1,1,6,1
KR_6630122139,420,-2,47,-29,-2,-1,0,1,0,2,2,2,2,0,-1,4,5,-2,1,3,0,0,-1,-1,6,5,2,0,1,1,-1,1,1,5,1
KR_6728654606,420,7,69,40,18,0,1,1,5,5,0,9,9,0,3,4,1,1,1,0,0,11,-14,8,1,9,7,0,2,1,1,1,1,1,1
KR_6764019670,420,1,-15,7,-1,0,2,2,0,4,4,0,3,3,-1,3,4,0,4,4,-1,0,-10,-1,6,5,-1,0,1,0,1,1,-1,0,1
KR_6740171212,420,6,56,15,14,-1,1,2,3,5,2,4,6,2,7,8,1,1,1,0,0,14,-39,3,3,6,19,0,1,-1,-1,1,1,6,1
KR_6697834014,420,5,47,14,11,6,6,0,-4,1,5,5,7,2,5,7,2,-1,0,1,1,10,-110,-2,7,5,-4,0,0,1,-1,1,1,2,1
KR_6761057428,420,-1,26,14,-8,0,0,0,-1,0,1,2,2,0,-5,1,6,-4,0,4,0,-9,-124,-1,6,5,-4,0,-1,-1,1,-1,-1,5,1
KR_6735043321,420,1,67,-2,6,0,1,1,8,10,2,-3,1,4,2,4,2,-1,1,2,1,6,-3,4,3,7,-2,0,3,1,1,1,1,1,1
KR_6617177058,420,0,50,20,0,0,3,3,-2,3,5,2,5,3,0,1,1,0,1,1,0,-4,-5,-4,5,1,4,0,0,-1,1,1,1,2,1
KR_6763455515,420,4,62,-3,3,0,2,2,3,4,1,-3,0,3,4,7,3,-1,0,1,0,7,-20,-2,10,8,-1,0,1,1,-1,1,1,5,1
KR_6759746970,420,2,1,16,6,0,2,2,0,2,2,1,2,1,5,5,0,0,2,2,0,7,-2,-1,3,2,5,0,1,1,-1,1,1,5,1
KR_6740660203,420,3,23,26,0,-4,0,4,6,8,2,-2,0,2,1,2,1,-1,2,3,0,0,-7,2,1,3,-4,0,-1,1,1,-1,-1,6,1
KR_6693591450,420,1,-53,36,1,-1,0,1,1,4,3,-2,1,3,0,4,4,3,3,0,0,2,-39,0,6,6,27,0,-1,1,-1,-1,1,6,1
KR_6761727176,420,-1,-64,5,1,-3,1,4,-2,3,5,0,1,1,7,7,0,-1,1,2,0,1,28,3,2,5,-1,0,-1,1,1,-1,-1,5,1
KR_6733541156,420,2,17,4,2,0,2,2,0,2,2,2,3,1,1,3,2,-1,1,2,0,-2,-1,-1,6,5,1,0,0,1,1,0,1,1,1
KR_6741739187,440,1,-64,24,2,4,4,0,-1,1,2,-3,0,3,3,3,0,-1,1,2,0,1,25,3,4,7,3,0,-1,1,-1,-1,1,5,1
KR_6678226934,420,0,-5,-7,4,2,3,1,-1,1,2,0,1,1,3,5,2,0,1,1,0,1,2,3,5,8,-4,0,-1,1,1,-1,1,4,1
KR_6762447705,420,0,4,3,-5,5,7,2,-4,0,4,-1,1,2,-5,1,6,0,3,3,-1,-8,10,0,6,6,0,0,0,-1,1,1,-1,3,1
KR_6764163305,440,0,11,-16,1,1,1,0,1,1,0,2,4,2,0,1,1,-3,1,4,0,2,-23,-3,7,4,7,0,1,1,1,1,-1,6,1
KR_6765273474,420,-3,-15,13,-3,3,4,1,-1,2,3,-3,0,3,-1,1,2,-1,0,1,0,-5,60,-4,5,1,-13,0,0,-1,1,-1,1,5,1
KR_6720686151,420,4,-25,-24,6,1,2,1,4,5,1,1,2,1,-1,5,6,1,1,0,0,5,-102,3,4,7,-1,0,0,-1,1,1,1,3,1
KR_6747491905,420,5,44,8,8,2,3,1,4,7,3,1,4,3,1,2,1,0,5,5,0,21,12,5,3,8,2,0,1,0,1,1,-1,0,1
KR_6715554416,420,-1,47,20,0,-1,2,3,-2,2,4,0,3,3,4,4,0,-1,0,1,0,5,4,0,5,5,0,0,1,1,1,1,1,2,1
KR_6765863506,420,1,-19,34,6,-2,0,2,4,4,0,4,5,1,0,1,1,0,0,0,0,10,42,1,6,7,-5,0,0,-1,1,1,1,1,1
KR_6759298006,420,3,25,23,2,0,2,2,2,3,1,2,3,1,0,3,3,-2,1,3,-1,6,-7,-4,8,4,2,0,-1,-1,-1,-1,-1,5,1
KR_6733266121,420,1,44,24,3,0,0,0,-1,1,2,3,3,0,0,2,2,1,2,1,0,3,-5,2,3,5,6,0,1,1,1,1,1,1,1
KR_6506989574,420,2,95,18,5,0,2,2,3,4,1,-1,0,1,3,3,0,0,1,1,0,5,227,0,6,6,0,0,3,1,1,1,1,1,1
KR_6726952749,420,-4,-78,-9,-6,-1,0,1,-1,0,1,1,2,1,-4,0,4,-1,3,4,0,-9,6,2,3,5,-5,0,0,-1,1,-1,1,4,1
KR_6695879497,420,1,25,23,-1,3,6,3,-1,1,2,-1,1,2,-6,1,7,4,4,0,0,-6,-5,-8,10,2,2,0,1,-1,1,1,1,5,1
KR_6765969094,420,5,60,28,6,4,4,0,3,4,1,2,2,0,0,2,2,-3,0,3,1,5,-8,-4,9,5,1,0,0,-1,-1,1,1,1,1
KR_6746607310,420,-2,-30,-3,-2,-1,1,2,-2,1,3,0,2,2,0,3,3,1,2,1,0,3,-11,-1,5,4,2,0,0,-1,-1,0,1,1,1
KR_6764788198,420,-5,-32,-40,-12,5,7,2,-2,1,3,-5,2,7,-3,1,4,-7,2,9,0,-19,-5,2,2,4,-2,0,0,-1,1,1,-1,5,1
KR_6765369251,420,0,-30,-4,-3,-1,1,2,0,4,4,1,1,0,-1,4,5,-2,0,2,0,-6,14,10,2,12,-6,0,0,1,1,0,-1,4,1
KR_6753428325,420,-1,51,-14,-2,2,3,1,-7,0,7,3,3,0,1,2,1,-1,0,1,0,-4,1,2,1,3,-1,0,-1,-1,1,1,1,3,1
KR_6761537239,420,3,14,1,6,3,3,0,0,7,7,2,3,1,1,6,5,0,1,1,0,5,-5,1,4,5,-2,0,-1,-1,1,-1,1,4,1
KR_6762357556,420,1,-9,0,1,1,3,2,4,4,0,-1,5,6,-3,1,4,0,1,1,0,0,4,3,3,6,-4,0,1,0,1,1,1,0,1
KR_6722344657,420,6,39,-3,15,3,4,1,10,11,1,0,3,3,4,4,0,-2,2,4,0,18,10,1,6,7,0,0,0,1,-1,0,1,2,1
KR_6677496229,420,-1,-32,-35,2,1,1,0,0,3,3,3,3,0,-3,2,5,1,1,0,-1,1,12,0,5,5,1,0,-1,0,-1,-1,-1,0,1
KR_6738519383,420,-2,-19,35,-2,-1,3,4,-2,2,4,0,1,1,2,6,4,-1,0,1,1,-8,54,4,4,8,3,0,1,1,1,1,1,5,1
KR_6676578901,420,-1,-8,20,0,5,6,1,-1,1,2,-7,0,7,-1,3,4,4,4,0,0,-3,35,5,3,8,-6,0,1,-1,1,1,1,6,1
KR_6761463611,420,0,18,-8,1,-4,0,4,0,2,2,4,6,2,1,2,1,0,1,1,0,-1,7,4,3,7,-1,0,0,-1,-1,0,1,4,1
KR_6691569527,420,4,65,-4,10,7,7,0,0,0,0,1,2,1,1,1,0,1,1,0,0,2,174,-1,9,8,20,0,0,1,-1,0,1,6,1
KR_6733315018,420,0,-32,23,-2,1,2,1,-1,3,4,0,0,0,1,3,2,-3,0,3,0,-5,3,-1,6,5,20,0,1,1,1,1,1,4,1
KR_6713432187,420,-1,28,12,-5,0,0,0,2,4,2,2,4,2,-6,1,7,-3,0,3,1,-8,-8,-3,10,7,-4,0,-2,-1,0,-1,1,1,1
KR_6712900261,420,-1,-38,-24,1,-1,2,3,1,3,2,0,2,2,2,2,0,-1,1,2,0,1,-7,0,7,7,1,0,-1,0,-1,-1,-1,0,1
KR_6738852346,420,0,-24,11,-4,-3,0,3,-1,1,2,2,3,1,-3,1,4,1,3,2,0,-6,19,-1,6,5,-1,0,0,1,-1,1,1,1,1
KR_6766091193,420,4,40,-10,9,-1,4,5,1,3,2,4,5,1,-1,3,4,6,7,1,0,8,50,-3,7,4,-1,0,4,-1,1,1,1,4,1
KR_6765975410,420,8,60,21,9,1,2,1,0,5,5,4,6,2,4,4,0,0,2,2,0,9,0,-4,7,3,1,0,2,1,1,1,-1,5,1
KR_6744177805,420,1,25,-29,8,0,1,1,1,3,2,4,5,1,3,5,2,0,0,0,0,14,-1,0,7,7,6,0,1,-1,-1,1,1,3,1
KR_6555404367,420,4,14,29,13,3,3,0,9,9,0,4,9,5,-1,1,2,-2,0,2,0,9,-26,2,3,5,-5,0,1,1,1,1,1,4,1
KR_6639448120,420,4,44,27,12,1,1,0,0,2,2,6,9,3,3,5,2,2,2,0,0,7,32,4,3,7,3,0,2,1,1,1,1,2,1
KR_6765115387,420,-3,-58,11,0,5,5,0,3,6,3,-4,1,5,-4,0,4,0,2,2,0,1,125,6,2,8,-2,0,0,-1,1,0,1,2,1
KR_6765140784,420,-1,-33,7,4,0,1,1,5,7,2,2,2,0,0,0,0,-3,1,4,0,5,-11,1,5,6,5,0,-2,1,1,-1,-1,5,1
KR_6751003562,440,1,48,6,1,1,4,3,2,3,1,-1,0,1,0,4,4,-1,0,1,0,0,4,2,4,6,3,0,0,-1,-1,1,-1,3,1
KR_6671868353,420,2,69,3,11,1,4,3,5,6,1,1,1,0,0,2,2,4,5,1,1,17,51,1,6,7,5,0,1,1,-1,1,1,6,1
KR_6743922998,420,4,53,-3,12,1,4,3,3,3,0,2,3,1,6,7,1,0,1,1,0,17,-4,2,6,8,4,0,2,1,1,1,-1,6,1
KR_6760639117,420,3,10,-3,4,1,2,1,1,1,0,4,5,1,-3,0,3,1,2,1,0,2,19,-3,7,4,-3,0,1,-1,1,1,-1,5,1
KR_6758598021,420,1,-4,20,4,1,1,0,3,5,2,-4,0,4,3,4,1,1,2,1,0,4,-4,2,2,4,-4,0,0,-1,1,1,-1,2,1
KR_6760211537,440,-3,-3,-20,0,-2,0,2,2,3,1,5,5,0,-6,0,6,1,2,1,0,-6,-3,-2,7,5,2,0,0,-1,-1,0,1,5,1
KR_6647842893,440,-1,15,0,0,1,4,3,1,1,0,-3,2,5,1,2,1,0,0,0,0,-5,7,0,5,5,-3,0,0,1,-1,0,1,5,1
KR_6519134206,420,2,21,4,-1,2,2,0,1,2,1,-2,2,4,-3,2,5,1,1,0,1,-8,-4,-2,10,8,-2,0,1,-1,1,1,1,5,1
KR_6630260837,420,1,83,-28,1,1,4,3,-2,0,2,-2,1,3,4,8,4,0,1,1,0,-1,-3,-2,7,5,4,0,1,1,1,1,1,3,1
KR_6755975720,420,2,-48,12,5,0,3,3,1,3,2,2,4,2,1,2,1,1,1,0,0,15,112,1,5,6,0,0,1,1,1,1,1,3,1
KR_6762937686,420,1,-19,17,-1,2,3,1,-2,1,3,4,4,0,-3,0,3,-2,0,2,0,-3,-7,-2,5,3,-1,0,0,1,1,0,1,1,1
KR_6696944758,420,5,75,55,4,1,4,3,4,4,0,-1,1,2,0,1,1,0,0,0,0,0,2,6,1,7,4,0,2,1,1,1,1,6,1
KR_6765878560,420,2,-6,8,6,5,6,1,3,3,0,-3,1,4,2,2,0,-1,0,1,0,9,-31,3,3,6,-5,0,0,1,1,1,1,2,1
KR_6623267801,420,2,-20,14,-6,-2,1,3,1,2,1,-2,1,3,-1,2,3,-2,0,2,0,-3,3,0,6,6,1,0,0,-1,0,0,-1,6,1
KR_6758457317,420,0,22,13,2,1,2,1,-2,1,3,-2,2,4,4,4,0,1,2,1,0,-3,-34,-1,5,4,2,0,0,1,-1,0,-1,3,1
KR_6751950931,420,5,90,10,7,7,7,0,-1,2,3,-4,3,7,4,6,2,1,2,1,0,6,18,1,7,8,3,0,1,1,0,1,1,4,1
KR_6728039878,440,4,22,17,2,3,4,1,0,2,2,3,3,0,-4,5,9,0,2,2,0,3,-4,-6,8,2,3,0,-1,-1,-1,-1,1,3,1
KR_6757651016,420,2,23,-32,6,4,4,0,0,2,2,1,2,1,-1,4,5,2,2,0,0,2,4,1,3,4,2,0,0,1,1,1,-1,6,1
KR_6746610223,420,4,54,33,1,-1,0,1,2,7,5,1,3,2,0,2,2,-1,0,1,0,3,28,2,4,6,1,0,2,1,1,1,-1,1,1
KR_6759958525,420,0,-46,14,-1,-4,0,4,-2,3,5,5,6,1,1,4,3,-1,0,1,0,-5,-6,-6,9,3,7,0,0,1,-1,0,-1,6,1
KR_6758690923,420,-2,48,-19,-1,2,5,3,1,3,2,0,2,2,0,1,1,-4,0,4,0,-6,0,8,2,10,-1,0,1,-1,-1,1,-1,4,1
KR_6731732981,420,3,43,-12,5,1,1,0,1,2,1,-1,0,1,3,4,1,1,1,0,0,4,-25,-4,5,1,5,0,0,1,1,0,1,3,1
KR_6709976064,440,3,53,-5,3,3,5,2,0,2,2,-3,1,4,2,4,2,1,2,1,0,4,18,3,6,9,0,0,1,-1,0,1,1,4,1
KR_6762548634,420,-2,35,-32,-4,-2,0,2,-1,0,1,-4,1,5,3,7,4,0,0,0,0,-4,0,4,3,7,2,0,-1,-1,-1,-1,-1,4,1
KR_6734785851,420,3,-2,-15,7,5,5,0,3,6,3,0,2,2,0,5,5,-1,2,3,0,1,6,2,2,4,1,0,-1,-1,-1,-1,1,1,1
KR_6764509952,440,3,39,29,3,-1,0,1,-4,3,7,2,3,1,5,6,1,1,1,0,0,5,13,-1,6,5,-4,0,0,-1,1,1,1,1,1
KR_6548230091,420,-1,40,-24,6,0,1,1,2,6,4,2,5,3,-2,2,4,4,4,0,1,3,-66,-6,7,1,1,0,-1,1,-1,-1,1,2,1
KR_6639099098,420,-2,50,-23,0,1,1,0,-4,2,6,0,2,2,2,5,3,1,1,0,0,-4,-3,1,5,6,0,0,1,1,1,1,1,6,1
KR_6763330012,440,-1,-43,-4,2,-1,0,1,1,1,0,1,2,1,-1,0,1,2,3,1,0,0,3,0,2,2,-1,0,0,1,1,0,1,5,1
KR_6728697863,420,4,53,18,13,0,2,2,6,7,1,0,3,3,0,8,8,7,7,0,-2,10,-21,0,5,5,2,1,3,1,1,1,-1,6,1
KR_6634706540,420,-5,-39,16,-16,-3,1,4,-7,1,8,1,3,2,-3,0,3,-4,1,5,0,-21,2,-4,7,3,-2,0,0,-1,0,-1,-1,3,1
KR_6761237525,420,4,55,32,9,2,3,1,5,8,3,4,6,2,0,4,4,-2,1,3,-2,3,-11,4,3,7,8,0,1,-1,1,1,-1,4,1
KR_6765878629,420,5,-26,14,17,0,1,1,7,10,3,5,7,2,6,6,0,-1,0,1,0,15,5,4,2,6,0,0,0,1,1,1,1,5,1
KR_6634340988,420,6,115,8,16,2,2,0,7,7,0,2,2,0,3,4,1,2,3,1,0,8,-3,0,5,5,5,0,1,1,-1,1,1,3,1
KR_6761631503,420,0,-52,16,-3,-1,0,1,-4,4,8,0,3,3,1,3,2,1,2,1,0,-7,34,-4,7,3,-1,0,0,-1,1,0,-1,1,1
KR_6722853665,440,1,-17,96,5,-1,6,7,5,7,2,3,3,0,0,3,3,-2,0,2,-1,3,-5,2,4,6,6,0,3,0,1,1,-1,0,1
KR_6741372735,420,1,42,4,4,0,1,1,3,5,2,-1,1,2,2,3,1,0,2,2,0,10,-6,0,4,4,6,0,0,1,-1,0,-1,5,1
KR_6617727104,420,5,10,-9,6,0,3,3,1,6,5,2,3,1,0,2,2,3,4,1,0,5,12,-3,6,3,-2,0,1,1,-1,1,1,2,1
KR_6733890374,420,1,-1,28,1,2,2,0,4,4,0,0,0,0,-5,0,5,0,0,0,0,-2,18,-1,4,3,3,0,0,1,1,0,-1,4,1
KR_6740666657,420,-1,-47,18,-6,0,2,2,-1,4,5,2,4,2,-5,2,7,-2,0,2,0,-22,5,-1,6,5,-1,0,0,-1,-1,0,-1,6,1
KR_6753127017,440,-2,62,20,-4,0,2,2,-3,1,4,0,4,4,-2,0,2,1,4,3,0,1,16,6,1,7,1,0,0,1,-1,0,-1,4,1
KR_6703004085,420,3,26,-5,13,1,5,4,2,4,2,3,5,2,9,10,1,-2,0,2,3,11,-248,-2,6,4,2,0,2,1,-1,1,1,3,1
KR_6675064989,420,0,-2,-5,1,-5,1,6,1,3,2,2,4,2,4,5,1,-1,1,2,-1,11,-3,-1,7,6,0,0,0,-1,1,1,-1,1,1
KR_6738673311,420,-3,5,-21,-2,-3,0,3,0,2,2,-1,0,1,0,2,2,2,3,1,0,1,-9,-2,6,4,-1,0,0,1,-1,0,1,4,1
KR_6713463837,420,1,34,-16,-1,1,1,0,-2,1,3,0,4,4,0,3,3,0,0,0,0,0,10,-8,12,4,6,0,-1,-1,-1,-1,-1,4,1
KR_6752763991,420,2,50,19,7,6,7,1,4,4,0,-1,1,2,-5,1,6,3,7,4,0,-1,-114,2,2,4,2,0,2,-1,1,1,1,1,1
KR_6753972400,440,2,51,20,7,4,7,3,0,4,4,-1,0,1,4,9,5,0,1,1,-1,6,92,0,2,2,2,0,0,1,0,1,-1,5,1
KR_6759237638,420,4,63,16,1,-2,2,4,-2,3,5,0,2,2,3,6,3,2,2,0,0,5,-21,2,7,9,-2,0,0,1,-1,-1,-1,2,1
KR_6754906825,420,5,30,47,5,0,2,2,3,3,0,-1,3,4,2,3,1,1,3,2,0,4,-12,-4,8,4,-1,0,2,0,-1,1,-1,0,1
KR_6760147137,420,-3,44,-5,-1,-1,2,3,0,1,1,2,2,0,0,2,2,-2,0,2,0,-1,17,0,4,4,2,0,1,1,1,1,1,1,1
KR_6757488534,420,-3,74,-4,-5,0,0,0,-3,3,6,-1,1,2,1,3,2,-2,0,2,0,-3,-18,-2,4,2,3,0,-1,-1,-1,-1,-1,4,1
KR_6761133219,420,3,19,-4,5,-2,1,3,2,5,3,-1,4,5,6,7,1,0,0,0,0,14,-1,3,2,5,6,0,0,1,-1,-1,1,4,1
KR_6757426488,420,-1,-114,4,9,0,1,1,5,5,0,6,9,3,2,3,1,-4,1,5,0,10,-2,2,6,8,4,0,0,1,0,0,1,4,1
KR_6751115480,420,5,45,20,6,4,4,0,2,5,3,1,1,0,0,4,4,-1,2,3,0,5,21,-3,5,2,1,0,2,-1,-1,1,1,5,1
KR_6738477614,420,0,-9,23,3,-2,1,3,3,4,1,3,3,0,0,2,2,-1,0,1,1,8,50,-7,14,7,-19,0,0,-1,1,1,1,3,1
KR_6759676654,420,2,12,17,-3,0,1,1,1,4,3,1,3,2,-4,1,5,-1,1,2,-2,7,1,-3,6,3,-5,0,1,-1,-1,1,-1,1,1
KR_6745213622,420,3,23,11,11,1,3,2,0,1,1,9,13,4,0,4,4,1,1,0,3,4,4,5,4,9,0,0,3,1,1,1,1,1,1
KR_6731801364,420,0,-32,-8,-4,-7,0,7,2,5,3,-2,2,4,1,1,0,2,2,0,0,4,-11,-3,7,4,2,0,-2,-1,-1,-1,1,1,1
KR_6526629454,420,-1,-32,36,-4,0,1,1,-4,5,9,-3,0,3,2,5,3,1,1,0,0,-4,20,-3,8,5,2,0,1,1,1,1,1,5,1
KR_6748618690,420,0,-23,0,-5,-3,0,3,2,5,3,0,3,3,-1,3,4,-3,0,3,0,-7,7,-1,9,8,-8,0,-2,0,-1,-1,1,0,1
KR_6713267492,420,7,124,12,13,2,5,3,6,7,1,5,5,0,1,2,1,-1,0,1,2,14,17,-2,6,4,7,0,2,1,1,1,1,2,1
KR_6762365733,420,1,31,8,3,0,0,0,-1,2,3,0,2,2,4,5,1,0,0,0,0,6,-1,-3,11,8,5,0,3,1,1,1,1,2,1
KR_6540295044,420,4,95,-8,7,6,8,2,4,6,2,0,2,2,-2,0,2,-1,0,1,0,0,6,2,5,7,-1,0,2,1,-1,1,1,6,1
KR_6735038446,440,2,22,-4,0,1,2,1,-6,3,9,-2,1,3,4,4,0,3,4,1,0,-4,36,3,1,4,2,0,0,1,-1,-1,-1,5,1
KR_6727450720,420,-1,-46,-16,9,1,1,0,6,6,0,-2,3,5,1,3,2,3,3,0,1,12,49,8,1,9,-3,0,0,1,1,0,1,6,1
KR_6735117742,420,2,-36,20,-1,-1,2,3,-1,2,3,6,7,1,-5,2,7,0,0,0,0,-2,-1,2,2,4,0,0,0,1,-1,-1,-1,2,1
KR_6746165976,420,2,-13,57,7,-2,1,3,2,4,2,3,3,0,4,5,1,0,0,0,1,8,-99,0,6,6,-4,0,0,1,-1,0,1,2,1
KR_6752128763,440,3,117,5,4,5,6,1,2,3,1,-1,1,2,-1,0,1,-1,1,2,0,4,7,-2,7,5,3,0,1,-1,-1,1,1,3,1
KR_6710062062,420,0,-25,10,-1,3,3,0,-1,4,5,0,1,1,-3,0,3,0,1,1,0,-9,1,4,2,6,1,0,1,-1,1,1,-1,2,1
KR_6667384303,420,0,-20,4,9,4,4,0,3,4,1,2,6,4,-1,1,2,1,1,0,0,15,5,3,5,8,-1,0,0,1,-1,0,-1,1,1
KR_6713152613,420,3,4,56,11,0,2,2,6,6,0,2,3,1,2,4,2,1,2,1,0,16,36,1,9,10,-3,0,1,-1,1,1,-1,3,1
KR_6730747224,420,1,15,25,-4,-1,0,1,-7,1,8,0,2,2,2,4,2,2,2,0,0,-3,-6,-3,5,2,2,0,0,1,-1,0,-1,4,1
KR_6652435801,420,4,2,-8,5,3,3,0,2,4,2,3,3,0,-3,1,4,0,0,0,0,5,48,-1,5,4,1,0,1,-1,-1,1,-1,5,1
KR_6759204392,420,2,35,36,6,2,4,2,-1,1,2,0,1,1,5,6,1,0,0,0,0,7,7,3,3,6,-1,0,0,1,-1,-1,-1,5,1
KR_6712475557,420,3,18,12,-1,-1,3,4,-6,1,7,1,3,2,6,7,1,-1,3,4,1,2,-34,5,2,7,3,0,0,-1,1,1,1,1,1
KR_6765070667,420,3,66,16,7,5,5,0,0,4,4,-1,5,6,3,4,1,0,1,1,0,9,-1,-2,4,2,3,0,2,1,1,1,1,3,1
KR_6751963276,420,3,29,4,3,0,1,1,3,4,1,2,4,2,-2,3,5,0,0,0,0,6,-94,-2,7,5,5,0,0,-1,1,0,1,1,1
KR_6747100337,420,2,6,6,6,2,4,2,2,8,6,0,2,2,2,5,3,0,1,1,0,6,3,3,3,6,-2,0,0,1,-1,-1,1,2,1
KR_6742782264,420,8,38,72,13,3,4,1,3,4,1,4,5,1,2,3,1,1,1,0,0,11,4,0,7,7,2,0,1,1,1,1,-1,5,1
KR_6760580868,420,1,66,13,1,-1,2,3,2,3,1,2,4,2,1,3,2,-3,0,3,-1,-3,-9,-1,6,5,4,0,2,1,1,1,-1,1,1
KR_6716540629,440,2,47,22,-6,-4,1,5,6,8,2,3,4,1,-6,1,7,-5,0,5,0,-3,13,-3,5,2,1,0,0,1,-1,1,-1,2,1
KR_6700370150,440,0,48,19,0,6,7,1,-1,1,2,-2,1,3,0,3,3,-3,0,3,-1,-5,0,-1,4,3,-4,0,0,-1,1,0,-1,4,1
KR_6750032052,440,12,147,71,25,5,6,1,3,5,2,4,6,2,9,9,0,4,6,2,0,16,-8,0,4,4,5,0,5,1,1,1,1,4,1
KR_6601403946,420,4,0,28,0,1,3,2,3,6,3,-4,1,5,-1,3,4,1,1,0,-1,-8,93,-6,9,3,-1,0,1,1,1,1,-1,2,1
KR_6642657370,420,3,6,8,6,4,4,0,2,7,5,1,1,0,-1,2,3,0,1,1,0,-1,10,5,2,7,1,0,0,1,0,0,1,4,1
KR_6737223211,420,4,8,12,13,4,5,1,7,8,1,2,3,1,1,2,1,-1,0,1,0,9,2,2,5,7,0,0,0,-1,1,1,-1,6,1
KR_6691790496,420,2,29,-15,6,4,5,1,-3,2,5,0,1,1,0,2,2,5,5,0,0,-2,-18,-1,5,4,0,0,2,-1,-1,1,1,6,1
KR_6610302024,420,-3,-59,8,-1,-4,0,4,-1,4,5,-1,3,4,5,8,3,0,0,0,0,6,7,4,4,8,-3,0,1,1,1,-1,-1,4,1
KR_6762484643,420,-2,5,-15,0,3,5,2,0,3,3,0,5,5,-1,1,2,-2,2,4,0,-3,-34,0,3,3,0,0,2,-1,1,1,-1,4,1
KR_6757791870,420,5,-32,16,14,4,4,0,2,6,4,-1,0,1,5,6,1,4,5,1,0,15,76,2,4,6,0,0,1,-1,1,1,1,3,1
KR_6760391316,420,4,51,11,2,0,0,0,4,4,0,-3,5,8,-1,0,1,2,3,1,0,-7,-4,-3,5,2,1,0,1,-1,1,1,1,5,1
KR_6730124148,420,4,74,51,10,2,3,1,4,5,1,4,7,3,-4,0,4,4,4,0,0,4,0,0,2,2,2,0,0,1,1,1,1,5,1
KR_6759859120,420,0,62,24,6,0,2,2,2,4,2,-2,2,4,5,8,3,1,3,2,0,11,-10,-4,5,1,4,0,1,1,1,1,-1,4,1
KR_6764618325,420,-2,-20,0,-3,0,2,2,-3,1,4,1,2,1,0,3,3,-1,0,1,0,-1,22,2,3,5,-3,0,-1,-1,1,-1,-1,3,1
KR_6703635742,420,1,63,-22,1,-3,2,5,3,5,2,0,2,2,3,3,0,-2,2,4,1,0,3,2,3,5,1,0,2,0,1,1,1,0,1
KR_6685821040,420,4,94,36,9,-1,2,3,5,5,0,6,7,1,1,6,5,-2,1,3,0,1,-38,5,1,6,13,0,1,1,1,1,1,5,1
KR_6623937552,420,-1,5,20,-8,-3,2,5,-1,3,4,-2,1,3,-4,1,5,2,3,1,0,-5,3,-2,7,5,-5,0,0,1,-1,-1,1,2,1
KR_6746098997,420,0,-13,-19,1,-1,0,1,-2,4,6,3,6,3,0,1,1,1,2,1,0,6,46,-5,8,3,-3,0,-1,1,-1,-1,-1,3,1
KR_6762416897,420,4,27,8,12,6,7,1,4,5,1,1,2,1,1,2,1,0,1,1,1,8,-35,4,2,6,10,0,1,1,1,1,1,5,1
KR_6765530288,420,5,62,4,12,3,4,1,-2,0,2,-1,1,2,10,11,1,2,2,0,0,13,1,0,4,4,1,0,0,1,-1,1,-1,4,1
KR_6747185652,420,1,-15,16,6,-2,1,3,3,4,1,4,5,1,0,0,0,1,4,3,1,12,3,1,8,9,0,0,-1,1,-1,-1,1,5,1
KR_6751706579,420,5,101,-10,8,7,8,1,1,4,3,3,3,0,-2,4,6,-1,1,2,0,1,5,2,5,7,8,0,2,0,1,1,-1,0,1
KR_6697631162,420,3,-53,-4,9,2,4,2,4,7,3,2,3,1,2,2,0,-1,0,1,-1,12,10,3,3,6,0,0,0,1,-1,0,-1,1,1
KR_6741335760,440,3,29,8,9,7,8,1,4,4,0,0,1,1,-1,4,5,-1,1,2,0,7,-16,0,6,6,12,0,1,1,1,1,1,3,1
KR_6746473506,440,3,11,12,5,0,0,0,2,2,0,0,3,3,0,2,2,3,4,1,0,2,10,3,2,5,-3,0,1,1,-1,1,1,4,1
KR_6762318546,440,8,124,28,29,2,5,3,0,3,3,8,9,1,17,17,0,2,2,0,0,17,-32,5,0,5,22,0,1,-1,1,1,1,6,1
KR_6746344728,420,2,-20,-25,4,3,3,0,-3,3,6,1,3,2,3,3,0,0,0,0,0,2,19,2,4,6,2,0,-1,-1,1,1,-1,2,1
KR_6754254221,420,3,-16,48,5,-4,1,5,2,5,3,0,3,3,6,8,2,1,2,1,1,2,-1,-2,6,4,6,0,1,1,1,1,1,5,1
KR_6753404298,420,4,5,31,10,5,6,1,1,4,3,1,3,2,0,1,1,3,3,0,0,10,116,0,6,6,3,0,1,1,1,1,1,3,1
KR_6759060770,440,6,52,8,5,9,9,0,1,2,1,-6,1,7,3,5,2,-2,1,3,2,9,2,3,4,7,-3,0,1,1,1,1,1,5,1
KR_6717632163,420,5,42,22,7,-1,1,2,4,5,1,3,4,1,2,3,1,-1,0,1,0,3,2,-2,7,5,4,0,0,1,-1,1,-1,2,1
KR_6728172969,420,2,57,9,1,0,4,4,-1,2,3,-1,3,4,1,1,0,2,3,1,0,-5,1,-4,9,5,5,0,3,-1,1,1,1,3,1
KR_6758242539,420,3,47,5,6,-1,0,1,3,3,0,5,5,0,0,2,2,-1,0,1,1,11,-2,4,3,7,2,0,0,1,1,0,1,1,1
KR_6618029181,420,7,79,43,14,3,4,1,1,5,4,8,8,0,3,4,1,-1,0,1,0,20,-6,3,4,7,1,0,1,1,1,1,-1,1,1
KR_6717163898,420,-1,-42,0,0,-1,0,1,-1,2,3,-6,0,6,7,9,2,1,1,0,0,5,18,-2,7,5,-4,0,1,-1,1,1,1,4,1
KR_6747815676,420,4,44,37,6,5,6,1,2,6,4,0,2,2,-1,0,1,0,2,2,0,11,7,5,2,7,0,0,0,1,1,1,1,4,1
KR_6754531566,420,2,49,13,0,0,3,3,-2,3,5,2,3,1,1,3,2,-1,1,2,0,-2,-2,3,3,6,-6,0,2,-1,1,1,1,5,1
KR_6742797170,420,1,26,0,-1,-1,0,1,-2,1,3,0,1,1,1,4,3,1,2,1,0,-2,-4,4,3,7,1,0,1,1,1,1,1,4,1
KR_6760249804,420,4,2,4,14,5,5,0,0,1,1,2,2,0,5,7,2,2,4,2,0,8,7,1,3,4,-4,0,0,1,1,1,1,4,1
KR_6765795307,420,-3,-24,-18,-7,1,2,1,-4,3,7,0,3,3,-3,0,3,-1,0,1,0,-11,4,-1,5,4,-1,0,0,-1,1,0,-1,3,1
KR_6760148905,420,2,87,-26,7,-2,1,3,1,3,2,2,4,2,4,5,1,2,2,0,0,14,22,0,5,5,3,0,1,1,1,1,1,1,1
KR_6730892984,420,0,-3,-24,2,1,2,1,3,4,1,3,7,4,-2,0,2,-3,1,4,0,-5,-9,0,3,3,1,0,0,-1,1,-1,-1,4,1
KR_6759199356,420,0,47,-11,-2,1,2,1,0,4,4,0,3,3,-3,6,9,0,0,0,0,-9,2,0,4,4,2,0,-1,-1,-1,-1,-1,1,1
KR_6759373972,420,3,34,-8,5,1,1,0,0,4,4,2,3,1,1,4,3,1,1,0,0,-1,-4,-1,6,5,3,0,0,1,1,0,1,3,1
KR_6539591476,420,1,11,12,3,-2,2,4,0,3,3,4,5,1,-1,0,1,2,2,0,0,4,-4,-2,7,5,0,0,0,1,-1,1,-1,3,1
KR_6652307574,420,3,35,55,8,-4,0,4,7,10,3,0,2,2,1,3,2,4,5,1,0,12,-13,-5,10,5,6,0,1,1,1,1,1,3,1
KR_6645716536,420,4,47,24,2,2,2,0,1,3,2,-1,2,3,-1,2,3,1,2,1,0,2,-100,0,4,4,7,0,1,1,1,1,-1,1,1
KR_6758347723,420,3,27,16,7,-3,1,4,1,1,0,3,6,3,3,4,1,3,3,0,0,2,-213,1,5,6,2,0,2,1,1,1,1,3,1
KR_6762414580,440,3,3,-4,3,-1,2,3,1,4,3,3,6,3,0,0,0,0,0,0,0,2,20,8,2,10,-1,0,1,-1,1,1,1,5,1
KR_6736147314,420,3,2,-5,5,0,4,4,5,5,0,-1,0,1,1,2,1,0,0,0,0,9,-11,-3,7,4,1,0,1,-1,0,1,1,6,1
KR_6688613245,420,-1,4,-19,1,-2,1,3,-3,0,3,5,6,1,0,1,1,1,1,0,0,4,-7,-7,11,4,4,0,0,1,-1,0,-1,1,1
KR_6758779929,440,4,126,4,7,-1,0,1,-1,2,3,-4,3,7,7,7,0,6,6,0,1,12,11,-5,6,1,7,0,1,-1,1,1,1,2,1
KR_6736200339,440,-1,18,11,2,-3,1,4,1,5,4,7,8,1,-4,2,6,1,1,0,0,7,-168,2,1,3,3,0,0,1,1,1,1,6,1
KR_6765137238,420,3,30,12,14,1,4,3,4,7,3,4,5,1,5,7,2,0,1,1,2,15,-15,2,6,8,4,0,1,1,-1,1,1,6,1
KR_6751808883,420,4,-27,-15,10,-1,1,2,2,2,0,5,6,1,5,10,5,-1,0,1,0,7,-21,-2,4,2,-1,0,1,-1,-1,-1,1,2,1
KR_6763523382,420,-2,-9,-20,-1,-2,0,2,2,3,1,-1,0,1,0,2,2,0,0,0,0,-2,4,-1,4,3,1,0,0,1,-1,-1,-1,2,1
KR_6689037661,420,1,25,31,5,1,6,5,2,2,0,1,1,0,0,2,2,1,1,0,0,4,-260,4,3,7,-2,0,3,-1,1,1,-1,2,1
KR_6751201251,440,-4,-64,-13,-2,-6,0,6,3,4,1,-2,2,4,1,3,2,2,2,0,0,4,-9,-1,5,4,4,0,-2,1,-1,-1,1,5,1
KR_6730235587,420,3,82,32,0,3,6,3,-2,1,3,2,5,3,-3,0,3,0,0,0,0,-6,-46,0,6,6,21,0,1,-1,1,1,1,3,1
KR_6678261675,420,10,128,32,25,5,6,1,3,4,1,11,11,0,5,5,0,1,1,0,0,29,4,1,4,5,4,0,2,1,1,1,1,4,1
KR_6718968508,420,3,-18,43,5,-1,0,1,3,6,3,4,5,1,-3,2,5,2,3,1,-1,-5,-11,-2,8,6,3,0,0,-1,1,1,1,4,1
KR_6764611603,440,1,27,8,2,3,5,2,2,2,0,2,2,0,-3,2,5,-2,1,3,0,-2,-11,-4,8,4,7,0,0,-1,-1,1,-1,3,1
KR_6764369596,420,0,-23,15,4,-3,1,4,3,4,1,4,4,0,0,3,3,0,0,0,0,11,-24,-2,6,4,4,0,0,1,1,0,-1,4,1
KR_6745026353,420,5,101,3,6,3,3,0,1,2,1,2,2,0,0,0,0,0,0,0,0,1,-6,8,0,8,3,0,0,-1,1,1,1,5,1
KR_6757179723,420,-1,5,-16,6,-1,3,4,2,6,4,0,2,2,4,5,1,1,2,1,2,6,22,4,0,4,-1,0,2,1,1,1,1,5,1
KR_6756271617,420,1,-19,11,-3,-4,0,4,0,1,1,0,2,2,0,2,2,1,1,0,0,-2,-1,-1,4,3,2,0,2,1,-1,1,-1,2,1
KR_6744356566,420,1,51,16,6,1,3,2,-1,1,2,3,9,6,4,5,1,-1,0,1,0,3,-33,-3,6,3,-1,0,1,1,1,1,-1,6,1
KR_6728240879,440,-3,-1,-12,-3,-7,0,7,2,2,0,0,1,1,1,4,3,1,2,1,0,-10,4,-1,5,4,-3,0,1,1,-1,1,1,2,1
KR_6738567960,420,-1,-34,8,1,1,1,0,-1,6,7,0,2,2,2,4,2,-1,0,1,0,1,-106,1,3,4,0,0,-1,-1,-1,-1,1,4,1
KR_6756142756,420,4,73,12,7,4,4,0,3,4,1,0,1,1,-1,2,3,1,1,0,0,4,0,-2,5,3,2,0,0,-1,1,0,1,2,1
KR_6694795911,440,3,68,23,4,2,4,2,2,4,2,0,2,2,2,4,2,-2,0,2,2,-1,86,-2,5,3,-1,0,1,1,1,1,1,1,1
KR_6762977659,420,3,70,8,12,-1,1,2,1,2,1,9,9,0,-1,2,3,4,4,0,0,14,7,1,5,6,3,0,1,1,1,1,-1,2,1
KR_6761611860,440,3,31,-16,5,-1,1,2,-4,1,5,-1,1,2,11,11,0,0,2,2,0,13,-2,4,3,7,5,0,0,1,0,1,-1,2,1
KR_6765617971,420,4,45,3,12,3,4,1,4,6,2,-1,4,5,6,6,0,0,1,1,1,18,2,0,5,5,1,0,1,1,1,1,1,4,1
KR_6746111327,420,3,-32,32,6,1,1,0,-2,2,4,2,3,1,5,7,2,0,2,2,0,9,9,1,5,6,4,0,0,1,1,0,-1,1,1
KR_6741226440,420,-1,8,-4,-3,0,1,1,0,3,3,2,3,1,-3,0,3,-2,0,2,0,-6,-3,3,3,6,0,0,0,-1,-1,0,1,5,1
KR_6575985442,420,2,117,8,1,-2,2,4,3,6,3,0,2,2,-2,0,2,2,2,0,0,6,-1,1,5,6,2,0,1,-1,1,1,-1,6,1
KR_6741393164,420,3,46,13,9,2,4,2,6,6,0,2,4,2,0,5,5,-1,1,2,0,3,-7,1,3,4,1,0,0,1,-1,1,-1,4,1
KR_6735048009,420,0,-2,8,0,-2,0,2,-1,7,8,1,5,4,-1,1,2,3,4,1,0,2,29,-3,8,5,2,0,0,-1,1,0,1,6,1
KR_6756392816,420,2,30,4,3,5,5,0,1,2,1,-6,0,6,1,7,6,2,3,1,1,-5,26,-6,10,4,-3,0,0,-1,1,1,1,3,1
KR_6684092865,420,7,80,-7,15,3,4,1,5,5,0,3,5,2,5,7,2,-1,0,1,0,8,3,0,5,5,3,0,1,-1,0,1,-1,1,1
KR_6697588475,420,1,44,16,14,7,8,1,6,8,2,0,4,4,4,6,2,-3,2,5,1,14,-15,4,2,6,-2,0,2,-1,1,1,1,4,1
KR_6671919384,420,0,-11,-4,3,-3,0,3,3,5,2,0,3,3,2,4,2,1,1,0,0,-2,-60,3,4,7,-8,0,1,1,1,1,1,6,1
KR_6726917019,420,4,30,19,9,4,7,3,0,4,4,2,4,2,1,3,2,2,2,0,1,4,-8,-2,6,4,2,0,3,-1,1,-1,1,5,1
KR_6746993741,420,3,36,-13,9,1,2,1,2,4,2,1,2,1,5,5,0,0,1,1,0,8,-4,-4,8,4,0,0,1,1,1,1,1,3,1
KR_6736669863,420,6,70,32,14,4,4,0,2,4,2,2,4,2,4,4,0,2,3,1,0,14,18,1,5,6,-2,0,1,1,1,1,1,3,1
KR_6738818318,420,-2,13,-12,-5,0,3,3,-4,1,5,-1,1,2,-1,3,4,1,4,3,0,-5,0,-2,5,3,1,0,-2,-1,-1,-1,1,4,1
KR_6681716991,420,3,65,12,8,6,7,1,-2,1,3,3,3,0,0,1,1,1,1,0,0,1,36,0,4,4,0,0,1,1,1,1,1,2,1
KR_6759018210,420,-1,-57,10,0,0,1,1,1,3,2,0,2,2,-1,3,4,0,2,2,0,1,-12,1,4,5,1,0,1,1,1,1,-1,4,1
KR_6761125362,420,0,52,-5,8,-2,1,3,2,4,2,5,9,4,4,4,0,-1,1,2,1,7,-3,0,2,2,1,0,2,0,1,1,1,0,1
KR_6757862665,420,-1,10,-3,4,-1,1,2,0,3,3,3,3,0,3,5,2,-1,1,2,0,6,-4,3,6,9,-1,0,0,1,1,0,1,5,1
KR_6759772931,420,2,28,9,9,0,0,0,2,5,3,-2,1,3,7,10,3,2,2,0,0,13,6,2,7,9,-1,0,1,1,1,1,-1,2,1
KR_6765959670,420,-3,-31,20,-1,-2,0,2,2,5,3,-3,1,4,2,5,3,0,1,1,0,0,-3,-3,8,5,0,0,-1,1,-1,1,1,4,1
KR_6763148279,420,2,11,1,-1,-1,0,1,0,3,3,1,1,0,-1,0,1,0,1,1,0,2,5,3,5,8,8,0,1,1,1,1,-1,3,1
KR_6720864464,420,4,34,18,11,-1,1,2,8,8,0,4,5,1,0,2,2,0,1,1,-1,15,44,-2,6,4,-10,0,1,1,-1,1,-1,5,1
KR_6757010125,420,6,59,33,7,4,6,2,-3,0,3,0,1,1,2,8,6,4,4,0,1,3,-5,-6,7,1,2,0,3,1,-1,1,1,5,1
KR_6733070252,420,-1,-10,11,-3,-1,0,1,-4,1,5,3,3,0,-2,2,4,1,3,2,0,-7,43,1,4,5,-23,0,0,-1,-1,1,-1,3,1
KR_6721085421,420,-2,31,9,4,0,4,4,-2,1,3,-1,2,3,5,6,1,2,2,0,0,8,113,-1,6,5,2,0,0,-1,-1,0,1,5,1
KR_6739309899,420,1,4,20,-4,4,5,1,-2,0,2,-6,0,6,1,3,2,-1,1,2,0,-6,203,5,4,9,-4,0,0,1,-1,1,-1,5,1
KR_6729577671,420,2,16,26,4,2,4,2,1,1,0,1,6,5,-1,1,2,1,1,0,0,8,-9,-2,8,6,8,0,0,1,1,1,-1,6,1
KR_6662766754,420,2,43,5,2,0,1,1,6,7,1,-4,1,5,2,2,0,-2,0,2,0,6,41,0,5,5,3,0,0,0,1,1,-1,0,1
KR_6738659547,420,3,-9,-14,7,-1,1,2,3,5,2,3,4,1,1,3,2,1,1,0,0,3,2,0,3,3,1,0,1,1,-1,1,1,1,1
KR_6764093854,420,-3,-26,-17,-1,-3,1,4,2,3,1,-1,1,2,1,2,1,0,1,1,0,3,-3,1,6,7,1,0,0,1,-1,0,-1,6,1
KR_6634933107,440,4,29,19,9,6,6,0,1,1,0,0,2,2,1,2,1,1,3,2,0,1,-136,-3,6,3,6,0,0,-1,-1,0,1,5,1
KR_6763263503,420,0,57,0,1,-1,1,2,3,4,1,0,1,1,-2,2,4,1,1,0,0,0,45,-3,8,5,-34,0,0,1,1,0,-1,4,1
KR_6749092056,420,1,34,39,-1,5,6,1,0,4,4,-1,4,5,-3,2,5,-2,2,4,0,-6,2,1,7,8,-4,0,1,-1,1,1,-1,2,1
KR_6761122852,440,2,-30,4,5,1,2,1,5,6,1,2,5,3,-1,3,4,-2,1,3,0,10,-1,4,3,7,0,0,-1,-1,-1,-1,1,1,1
KR_6749320846,420,7,145,46,14,3,5,2,2,3,1,6,6,0,2,6,4,1,3,2,0,9,-9,0,7,7,4,0,1,0,1,1,1,0,1
KR_6734326800,420,-3,30,-39,-4,0,0,0,-2,3,5,-4,3,7,1,2,1,1,1,0,0,-8,-42,2,7,9,-1,0,1,1,1,1,1,4,1
KR_6708465357,420,1,5,4,10,-4,0,4,7,9,2,4,5,1,2,2,0,1,3,2,0,6,0,5,2,7,0,0,1,1,-1,-1,-1,4,1
KR_6700024859,420,1,53,2,-1,-1,0,1,1,3,2,0,0,0,-1,1,2,0,0,0,0,-2,50,3,4,7,-23,0,0,1,-1,0,1,2,1
KR_6634435690,420,-2,2,-12,3,0,5,5,-1,2,3,3,5,2,-2,7,9,3,3,0,1,-3,-162,1,6,7,-5,0,0,1,-1,1,1,4,1
KR_6733793616,420,2,33,23,8,7,7,0,3,4,1,3,4,1,-2,3,5,-3,0,3,1,-1,-34,-4,7,3,4,0,2,1,1,1,1,4,1
KR_6762327636,420,1,9,5,6,-1,1,2,6,7,1,0,1,1,4,6,2,-3,2,5,1,5,-3,-6,14,8,-3,0,1,1,1,1,-1,2,1
KR_6690959026,420,2,11,-1,6,3,3,0,-2,0,2,1,4,3,4,9,5,0,1,1,1,1,3,1,5,6,1,0,1,1,1,1,-1,3,1
KR_6615105021,420,-1,2,4,-3,-2,0,2,0,2,2,-7,1,8,8,8,0,-2,0,2,0,-2,4,2,4,6,-3,0,0,1,1,-1,-1,3,1
KR_6747214485,440,-1,2,31,-1,0,4,4,2,2,0,2,5,3,-1,2,3,-4,1,5,0,-8,-6,1,2,3,5,0,0,-1,1,1,1,5,1
KR_6743228700,420,2,39,-12,6,-3,2,5,-4,2,6,9,10,1,1,3,2,3,3,0,-2,3,8,-1,5,4,5,0,1,1,0,1,-1,2,1
KR_6766053753,420,1,5,12,6,1,1,0,5,8,3,-1,2,3,-1,0,1,2,2,0,0,6,2,-2,5,3,0,0,0,1,1,0,1,6,1
KR_6763450708,420,3,79,-8,15,-3,0,3,7,8,1,6,6,0,5,8,3,0,1,1,0,11,-6,-3,7,4,6,0,3,-1,1,1,-1,5,1
KR_6685679069,420,1,40,7,6,1,5,4,0,3,3,1,3,2,2,6,4,2,3,1,0,4,-5,-2,5,3,2,0,0,-1,1,0,1,4,1
KR_6739781536,420,0,-34,24,-2,-2,0,2,0,3,3,4,4,0,-1,2,3,-3,0,3,0,-1,-5,5,3,8,-1,0,-2,-1,1,-1,-1,5,1
KR_6751474707,420,2,39,2,6,0,2,2,-1,3,4,4,5,1,4,5,1,-1,0,1,1,12,-4,-4,7,3,7,0,2,1,-1,1,1,1,1
KR_6731410490,420,3,-1,8,6,-2,1,3,6,10,4,3,3,0,-1,1,2,0,0,0,0,5,-4,-6,8,2,-1,0,0,1,-1,0,1,5,1
KR_6731412988,440,5,42,31,13,3,3,0,8,10,2,5,5,0,-2,1,3,-1,0,1,-1,6,-99,0,3,3,2,0,0,1,-1,-1,-1,3,1
KR_6754460322,420,4,23,34,14,0,3,3,8,9,1,4,7,3,4,7,3,-2,1,3,3,18,-46,-2,4,2,2,0,3,1,1,1,1,6,1
KR_6758964591,420,2,58,-14,6,3,4,1,0,1,1,5,6,1,0,4,4,-2,0,2,0,9,-4,1,4,5,0,0,2,1,1,1,1,5,1
KR_6711939805,420,6,61,60,9,2,3,1,1,8,7,0,2,2,4,4,0,2,2,0,0,7,51,7,2,9,-10,0,2,1,1,1,-1,2,1
KR_6722229347,420,2,6,5,2,0,3,3,1,4,3,2,2,0,-1,1,2,0,1,1,0,-4,3,3,6,9,1,0,1,-1,1,1,1,1,1
KR_6747054999,420,-1,-35,-8,-1,0,1,1,2,4,2,-4,3,7,1,2,1,0,1,1,1,-6,-1,-2,6,4,6,0,1,0,-1,1,1,0,1
KR_6726976613,420,7,134,20,19,6,6,0,2,3,1,-1,1,2,11,11,0,1,1,0,0,12,-3,-3,8,5,7,0,3,1,1,1,1,6,1
KR_6757714382,420,3,-19,8,-1,1,3,2,-6,0,6,0,1,1,3,4,1,1,2,1,0,-2,13,-2,4,2,1,0,-1,-1,-1,-1,-1,1,1
KR_6737299849,420,1,17,21,-5,1,3,2,4,5,1,0,1,1,-7,3,10,-3,1,4,1,-15,0,2,3,5,-4,0,0,-1,1,1,1,4,1
KR_6763797070,420,2,46,14,9,-3,0,3,5,5,0,4,8,4,0,3,3,3,4,1,0,8,-12,0,7,7,8,0,0,1,1,1,1,4,1
KR_6713716777,420,0,-22,-17,5,3,5,2,0,3,3,-1,1,2,3,5,2,0,2,2,-1,5,1,1,3,4,4,0,1,-1,1,1,-1,4,1
KR_6754011434,420,2,0,14,4,1,1,0,2,4,2,4,4,0,1,4,3,-4,0,4,0,0,-20,2,4,6,17,0,0,-1,1,0,1,6,1
KR_6745035415,440,5,90,16,11,2,2,0,1,1,0,2,2,0,1,2,1,5,5,0,0,10,-51,1,4,5,2,0,2,1,1,1,1,5,1
KR_6758807292,420,0,-4,13,7,2,3,1,0,3,3,3,4,1,-2,5,7,4,4,0,0,5,-87,-2,3,1,-2,0,1,0,1,1,1,0,1
KR_6706207560,420,1,106,0,-4,1,2,1,-3,1,4,-4,1,5,1,1,0,1,1,0,0,-2,4,3,2,5,-19,0,3,1,1,1,-1,1,1
KR_6743244919,420,-1,-9,16,-7,-3,1,4,-1,3,4,-1,3,4,-1,3,4,-1,0,1,0,2,3,2,4,6,1,0,-1,1,-1,-1,-1,1,1
KR_6758619118,420,1,-26,-12,2,-1,2,3,4,4,0,-2,1,3,2,4,2,-1,3,4,-1,9,-8,3,5,8,6,0,0,0,1,1,-1,0,1
KR_6760630686,420,0,-14,-12,-4,1,2,1,-5,0,5,2,3,1,-1,1,2,-1,0,1,0,-7,192,-1,8,7,-3,0,0,-1,1,0,-1,4,1
KR_6747531273,420,2,17,8,4,0,0,0,1,3,2,0,1,1,4,9,5,-1,0,1,-2,2,10,-3,8,5,6,0,1,1,-1,1,-1,1,1
KR_6725474927,420,5,40,24,1,6,7,1,-2,0,2,-1,1,2,-2,2,4,0,0,0,0,-5,9,2,5,7,2,0,2,-1,1,1,1,1,1
KR_6766071529,440,-1,57,-28,-1,2,2,0,5,5,0,-1,3,4,-7,4,11,0,3,3,-1,-5,23,-2,5,3,-3,0,0,0,0,1,-1,0,1
KR_6727059190,420,0,72,-3,6,4,4,0,3,6,3,4,4,0,-5,2,7,0,1,1,1,4,5,3,6,9,6,0,0,0,-1,0,1,0,1
KR_6745430243,420,0,-41,-20,3,-1,2,3,4,5,1,1,4,3,1,3,2,-2,0,2,0,3,22,2,6,8,-2,0,-1,-1,1,-1,1,4,1
KR_6751870824,420,2,68,47,11,6,9,3,6,8,2,6,6,0,-5,3,8,-2,1,3,5,7,342,-1,8,7,2,0,0,1,1,1,1,3,1
KR_6766046816,420,4,41,7,6,1,5,4,-1,3,4,0,4,4,5,6,1,1,1,0,-2,4,5,-1,5,4,3,0,1,1,1,-1,-1,6,1
KR_6757334697,420,2,47,-14,4,-1,0,1,-2,2,4,2,3,1,4,6,2,1,1,0,0,5,-312,-5,8,3,8,0,-1,1,-1,-1,1,1,1
KR_6702262912,420,2,12,15,-2,-3,1,4,0,1,1,-4,0,4,5,5,0,0,0,0,0,-3,14,4,3,7,-1,0,1,1,1,1,1,1,1
KR_6671203414,420,0,-10,-1,0,1,2,1,-2,2,4,-5,2,7,2,2,0,4,5,1,0,3,-1,-2,7,5,-3,0,1,1,-1,1,-1,2,1
KR_6638210986,420,2,39,-8,6,5,6,1,0,2,2,1,6,5,1,4,3,-1,0,1,0,7,2,2,5,7,1,0,1,-1,1,1,-1,6,1
KR_6716520670,420,3,18,0,5,-1,2,3,-2,2,4,0,3,3,10,11,1,-2,0,2,0,12,48,2,6,8,-21,0,1,1,1,1,-1,5,1
KR_6743046419,420,1,22,7,0,5,7,2,2,2,0,0,0,0,-7,2,9,0,0,0,1,-7,62,0,4,4,0,0,1,-1,1,1,1,6,1
KR_6760501408,420,6,35,32,16,2,3,1,4,6,2,1,6,5,7,7,0,2,3,1,0,18,23,2,5,7,-1,0,2,1,1,1,-1,1,1
KR_6750719123,420,3,62,-9,3,-3,0,3,0,2,2,3,3,0,4,5,1,-1,2,3,0,10,-3,-4,9,5,1,0,0,1,1,1,1,5,1
KR_6757732528,420,1,48,8,7,2,4,2,2,4,2,6,7,1,-3,0,3,0,2,2,0,3,-9,2,3,5,3,0,-1,1,1,-1,1,4,1
KR_6640134036,420,-3,32,-14,-7,-1,0,1,0,4,4,-3,1,4,0,4,4,-3,0,3,0,-2,-12,-5,9,4,3,0,0,-1,-1,0,-1,6,1
KR_6756176849,440,1,-51,35,-5,-2,2,4,0,4,4,3,3,0,-6,0,6,0,1,1,-2,-14,5,1,4,5,2,0,-1,1,1,-1,-1,1,1
KR_6763107987,420,-1,48,-8,2,0,2,2,-2,3,5,3,5,2,2,3,1,-1,1,2,0,-7,-14,4,1,5,-5,0,1,1,1,1,-1,5,1
KR_6751723808,420,6,75,-4,8,3,3,0,0,0,0,2,4,2,-1,3,4,4,4,0,0,3,5,-2,4,2,-1,0,2,1,0,1,-1,4,1
KR_6756009515,420,2,-4,-1,4,-3,1,4,-1,1,2,7,8,1,1,3,2,0,1,1,0,9,-20,2,7,9,-5,0,0,1,-1,0,-1,1,1
KR_6748571414,420,-3,-42,8,1,2,4,2,0,3,3,0,5,5,-1,7,8,0,0,0,3,7,-3,5,4,9,-8,0,1,-1,1,1,-1,6,1
KR_6692553592,420,6,11,4,3,1,2,1,-1,5,6,2,3,1,2,6,4,-1,0,1,-3,2,2,9,5,14,5,0,1,-1,1,1,-1,3,1
KR_6728684993,420,2,52,9,8,4,5,1,0,1,1,0,1,1,4,5,1,0,1,1,0,5,24,5,1,6,-2,0,1,-1,1,1,-1,1,1
KR_6763538497,420,5,71,16,10,6,7,1,2,4,2,1,2,1,1,2,1,0,1,1,1,8,5,-4,11,7,1,0,0,1,-1,1,1,3,1
KR_6719219638,420,3,22,5,13,4,4,0,2,3,1,2,2,0,1,4,3,4,4,0,0,9,2,1,4,5,1,0,1,-1,1,1,1,4,1
KR_6606491654,420,2,-8,-4,5,0,1,1,-1,3,4,1,5,4,1,3,2,4,4,0,0,15,-7,3,2,5,2,0,1,1,1,1,1,1,1
KR_6760745298,420,2,49,18,1,0,2,2,-2,2,4,3,3,0,-2,3,5,2,3,1,0,-6,7,-1,4,3,1,0,1,-1,1,1,-1,6,1
KR_6765167936,420,2,38,-12,10,3,3,0,3,5,2,2,6,4,2,2,0,0,4,4,0,13,40,1,3,4,-3,0,0,-1,1,1,1,1,1
KR_6764673956,420,0,3,-33,0,1,1,0,-4,2,6,-5,1,6,6,9,3,2,2,0,0,7,-9,0,3,3,6,0,-1,-1,-1,-1,1,3,1
KR_6653638726,420,-3,-38,25,-1,-8,0,8,5,5,0,-2,1,3,2,3,1,2,2,0,0,5,-12,-1,5,4,5,0,0,-1,-1,-1,-1,5,1
KR_6760788338,420,0,11,-23,6,0,2,2,1,2,1,1,3,2,4,5,1,0,1,1,0,12,3,3,4,7,3,0,-2,1,-1,-1,-1,2,1
KR_6596469233,420,0,97,-26,3,2,3,1,-1,2,3,-1,0,1,1,2,1,2,2,0,0,3,-8,2,2,4,1,0,1,-1,1,1,1,4,1
KR_6764745188,440,5,-3,24,16,5,5,0,6,6,0,0,2,2,3,6,3,2,2,0,0,20,3,2,6,8,2,0,3,-1,1,1,1,3,1
KR_6753571799,440,0,-79,-24,2,-1,2,3,5,6,1,1,3,2,-2,3,5,-1,1,2,1,9,-149,0,3,3,0,0,1,0,1,1,1,0,1
KR_6736239239,420,4,90,12,11,2,2,0,4,5,1,4,5,1,-1,1,2,2,2,0,0,13,8,3,3,6,3,0,1,1,-1,1,1,3,1
KR_6738478564,420,-6,-28,-16,-7,-3,0,3,1,3,2,-2,3,5,-1,1,2,-2,0,2,0,-8,-28,-2,11,9,0,0,-1,0,-1,-1,1,0,1
KR_6764950833,420,1,72,23,3,1,2,1,0,2,2,-2,4,6,3,5,2,1,1,0,0,12,27,-2,9,7,1,0,0,1,-1,-1,1,4,1
KR_6713316729,420,4,33,29,12,1,3,2,2,4,2,5,5,0,3,7,4,1,2,1,0,14,12,1,4,5,-3,0,4,1,1,1,1,3,1
KR_6604949371,420,0,-19,3,0,1,1,0,-1,2,3,-4,2,6,1,1,0,3,3,0,0,8,22,3,4,7,-3,0,-1,1,-1,-1,1,4,1
KR_6752832371,440,0,63,3,3,2,2,0,-1,3,4,0,0,0,2,3,1,0,3,3,0,2,-2,-1,6,5,3,0,0,-1,1,0,1,1,1
KR_6662704926,420,5,19,4,11,4,4,0,9,12,3,-1,0,1,1,4,3,-2,0,2,0,6,0,3,7,10,-1,0,0,1,1,-1,1,1,1
KR_6683321319,420,1,53,19,-3,-7,1,8,3,7,4,0,2,2,2,3,1,-1,0,1,0,1,-6,-4,10,6,2,0,0,1,1,1,-1,3,1
KR_6764800080,420,-3,-46,1,-7,-2,0,2,-1,1,2,0,1,1,-2,2,4,-2,1,3,0,-7,3,-4,6,2,0,0,0,-1,-1,0,1,4,1
KR_6660403340,420,0,29,-18,-1,2,2,0,-4,1,5,0,3,3,2,2,0,-1,0,1,0,-6,-27,-1,7,6,-1,0,0,1,1,1,1,2,1
KR_6666862979,420,-2,-32,-5,1,1,3,2,-2,2,4,-5,0,5,2,2,0,5,6,1,0,-5,-4,3,6,9,-1,0,1,1,-1,1,1,3,1
KR_6760980750,420,0,43,-8,-6,2,2,0,-2,0,2,0,2,2,0,6,6,-6,0,6,0,-18,1,-1,7,6,-6,0,2,-1,1,1,-1,5,1
KR_6703528373,420,4,98,16,5,3,4,1,1,6,5,0,2,2,1,2,1,0,2,2,1,5,-27,8,2,10,11,0,1,-1,1,1,1,3,1
KR_6614809029,420,-3,58,-43,-5,0,2,2,-4,1,5,-5,1,6,5,9,4,-1,0,1,1,-4,-143,2,5,7,3,0,1,1,-1,1,1,3,1
KR_6749679075,420,2,4,1,7,2,2,0,1,2,1,4,4,0,0,3,3,0,2,2,0,4,9,1,3,4,-3,0,-1,1,1,1,1,3,1
KR_6739756511,420,3,51,36,5,-2,2,4,1,4,3,3,4,1,3,3,0,0,1,1,0,3,7,1,4,5,0,0,0,1,1,1,1,3,1
KR_6724477089,420,1,-19,5,3,-5,0,5,3,3,0,2,2,0,3,4,1,0,1,1,-1,9,121,-3,9,6,-9,0,-1,1,1,-1,-1,2,1
KR_6759892597,420,4,49,19,14,6,6,0,3,3,0,0,2,2,2,4,2,3,4,1,0,4,-39,0,5,5,5,0,2,0,1,1,1,0,1
KR_6700419429,420,0,17,12,-2,2,2,0,0,4,4,-1,4,5,0,1,1,-3,0,3,0,-6,-3,0,5,5,3,0,1,-1,0,1,1,2,1
KR_6759270330,420,3,53,-41,1,-6,0,6,5,5,0,2,4,2,0,4,4,0,0,0,-1,7,4,5,3,8,-1,0,0,-1,-1,-1,-1,6,1
KR_6758867701,440,1,30,-10,5,-3,3,6,1,4,3,1,5,4,4,4,0,2,2,0,0,7,-20,3,1,4,4,0,1,1,1,1,-1,2,1
KR_6748033691,420,3,3,-18,4,0,0,0,4,6,2,3,5,2,1,3,2,-4,2,6,0,6,7,4,4,8,-3,0,0,-1,-1,0,1,5,1
KR_6744412472,420,0,22,4,-1,3,5,2,-3,3,6,4,5,1,-4,1,5,-1,0,1,0,-12,5,-1,5,4,1,0,1,1,1,1,1,6,1
KR_6679295341,420,3,57,-29,7,0,0,0,0,2,2,-3,2,5,1,1,0,9,10,1,0,8,-2,3,4,7,1,0,2,0,1,1,1,0,1
KR_6756745893,420,6,21,-8,16,2,2,0,4,4,0,4,5,1,3,6,3,3,3,0,-1,22,1,-2,6,4,1,0,0,1,-1,0,-1,5,1
KR_6765089471,420,3,53,3,8,4,4,0,2,6,4,-1,3,4,2,3,1,1,4,3,0,8,-1,1,4,5,-5,0,1,0,1,1,1,0,1
KR_6746488755,420,-1,-76,25,-5,0,0,0,-3,3,6,0,5,5,-1,2,3,-1,1,2,0,-4,-6,2,6,8,2,0,0,0,0,1,-1,0,1
KR_6759211795,420,1,14,-8,8,2,3,1,2,5,3,3,3,0,3,5,2,-2,0,2,0,7,25,4,4,8,-13,0,-1,1,0,-1,1,3,1
KR_6591755984,420,0,39,15,0,-2,0,2,-2,3,5,3,4,1,2,4,2,-1,1,2,0,-4,3,-3,7,4,-5,0,0,1,1,0,1,3,1
KR_6740469413,440,0,-25,36,4,1,1,0,0,1,1,2,5,3,-2,0,2,3,4,1,0,7,78,4,3,7,3,0,-1,1,1,-1,1,6,1
KR_6764064940,420,1,23,16,2,3,5,2,2,2,0,3,4,1,-2,2,4,-4,0,4,0,3,-2,0,4,4,-3,0,1,1,1,1,1,4,1
KR_6751962938,420,1,11,-1,1,3,3,0,6,6,0,0,2,2,-3,0,3,-5,0,5,0,0,6,4,5,9,3,0,0,-1,1,1,-1,3,1
KR_6683938145,440,2,-19,19,-2,-3,2,5,4,4,0,-1,2,3,-2,2,4,0,2,2,-1,-9,-12,-2,7,5,6,0,1,1,1,1,-1,1,1
KR_6746655322,440,5,7,24,8,5,6,1,2,4,2,0,3,3,0,5,5,1,1,0,0,-2,-9,4,1,5,-2,0,2,0,1,1,-1,0,1
KR_6700255285,420,1,29,-12,0,2,2,0,-5,2,7,1,2,1,1,4,3,1,2,1,0,-2,5,-4,8,4,5,0,0,1,1,0,1,5,1
KR_6761263961,420,2,70,-20,3,2,2,0,-1,1,2,2,5,3,1,2,1,-1,0,1,0,0,6,4,3,7,0,0,0,1,1,0,1,4,1
KR_6766166918,420,1,-34,1,5,-5,1,6,-2,2,4,2,5,3,8,11,3,2,2,0,0,-1,3,-2,6,4,4,0,2,1,1,1,1,2,1
KR_6757702632,420,1,-4,11,10,-1,0,1,7,7,0,5,6,1,-1,2,3,0,1,1,0,14,-13,0,4,4,0,0,-1,1,0,-1,-1,5,1
KR_6741253012,420,0,54,16,-1,1,2,1,4,5,1,1,2,1,-2,0,2,-5,0,5,0,-7,-5,4,2,6,1,0,2,1,1,1,-1,6,1
KR_6740540916,420,3,-15,0,4,-1,0,1,-4,3,7,4,4,0,6,7,1,-1,2,3,-1,2,1,-6,9,3,2,0,1,1,1,1,-1,3,1
KR_6762075039,420,-1,-10,-4,-5,0,1,1,-3,0,3,-2,0,2,1,3,2,-1,1,2,0,-8,-8,-2,8,6,-2,0,-1,1,-1,-1,-1,1,1
KR_6762526186,440,-1,-52,0,-6,-7,2,9,-1,0,1,-2,1,3,3,5,2,1,2,1,0,-11,-25,1,4,5,4,0,-1,-1,1,-1,-1,6,1
KR_6714158691,420,-1,-21,0,5,0,2,2,0,2,2,3,4,1,0,3,3,2,2,0,0,14,90,0,6,6,5,0,-1,1,1,1,1,2,1
KR_6764193454,420,1,5,-13,0,0,1,1,0,1,1,-2,3,5,0,3,3,2,5,3,0,5,18,7,5,12,1,0,0,1,1,0,1,5,1
KR_6699050730,440,2,15,29,-2,2,5,3,-2,0,2,3,5,2,-3,1,4,-2,4,6,-1,-19,-1,0,6,6,0,0,3,1,0,1,-1,2,1
KR_6739444850,420,-1,40,15,4,-2,1,3,4,5,1,-2,0,2,3,4,1,1,1,0,0,12,2,-1,7,6,2,0,1,-1,1,1,1,4,1
KR_6728041783,420,2,65,43,0,0,1,1,-3,2,5,2,2,0,3,3,0,-2,0,2,0,-1,-13,-1,3,2,1,0,1,1,1,1,-1,4,1
KR_6744367629,420,3,107,-24,5,4,4,0,-1,3,4,3,7,4,0,3,3,-1,1,2,0,-3,2,3,6,9,-2,0,1,0,-1,1,1,0,1
KR_6744830085,440,1,60,-8,5,4,5,1,1,3,2,1,4,3,-2,1,3,1,1,0,1,6,-22,2,4,6,0,0,1,-1,1,1,1,6,1
KR_6757222358,420,-2,-1,-28,2,0,3,3,0,0,0,2,5,3,2,5,3,-2,0,2,0,7,-112,-1,6,5,-2,0,0,-1,1,0,1,1,1
KR_6649556137,420,1,11,19,-4,1,3,2,1,5,4,-3,0,3,-3,0,3,0,1,1,0,-7,-6,-4,8,4,-5,0,0,1,1,1,1,5,1
KR_6766138521,420,-2,-70,7,-10,-3,1,4,0,3,3,-4,3,7,-5,3,8,2,2,0,0,-5,19,-1,6,5,1,0,-1,1,-1,-1,1,1,1
KR_6762646319,420,0,-7,-20,7,4,4,0,0,1,1,0,2,2,-1,0,1,4,5,1,0,7,7,-1,5,4,-2,0,0,0,1,0,1,0,1
KR_6677269144,440,5,68,3,9,9,10,1,-2,3,5,3,4,1,1,7,6,-2,0,2,-1,1,0,0,6,6,-1,0,0,1,1,1,1,2,1
KR_6739683407,420,7,51,15,11,0,1,1,8,9,1,4,5,1,-4,0,4,3,5,2,0,12,7,3,3,6,-3,0,0,1,1,1,1,4,1
KR_6758675754,440,1,14,13,4,-2,0,2,-5,0,5,-1,1,2,14,14,0,-2,1,3,-1,0,-2,-2,4,2,4,0,1,1,-1,1,-1,1,1
KR_6750279349,420,-1,8,-28,-1,0,1,1,-1,3,4,1,1,0,-1,0,1,0,0,0,0,-3,0,0,4,4,-2,0,1,1,1,1,1,6,1
KR_6707843016,420,3,95,8,10,3,4,1,6,6,0,2,3,1,0,1,1,-1,2,3,0,8,5,4,1,5,-2,0,0,1,1,1,-1,5,1
KR_6686684612,420,2,31,9,3,2,2,0,-1,3,4,-1,1,2,1,5,4,2,3,1,0,-10,-6,-6,11,5,3,0,0,-1,1,1,1,1,1
KR_6757705649,420,2,23,7,5,1,1,0,-4,2,6,7,8,1,3,4,1,-2,0,2,0,4,22,0,5,5,1,0,1,1,1,1,1,1,1
KR_6631028435,420,0,3,-4,1,-2,2,4,3,4,1,1,1,0,-2,3,5,1,1,0,0,7,2,1,4,5,-2,0,0,0,0,0,-1,0,1
KR_6745875160,420,2,-139,98,8,1,3,2,-2,0,2,5,7,2,0,2,2,4,5,1,-2,-4,-4,-2,4,2,1,0,1,1,1,-1,-1,4,1
KR_6704966256,420,1,34,-2,4,0,2,2,-1,3,4,3,3,0,2,5,3,0,0,0,1,1,46,4,3,7,-4,0,0,1,-1,-1,1,4,1
KR_6638827568,420,1,35,9,0,0,1,1,-2,4,6,3,3,0,2,3,1,-3,0,3,0,-4,3,2,5,7,0,0,1,1,1,1,-1,4,1
KR_6766203456,420,1,-11,-22,2,-1,1,2,-1,0,1,1,2,1,4,7,3,-1,3,4,1,0,4,2,3,5,3,0,0,-1,-1,1,1,1,1
KR_6765714025,420,2,-7,16,3,1,1,0,2,3,1,-2,0,2,1,2,1,1,1,0,0,4,154,-1,5,4,-2,0,0,1,-1,0,-1,3,1
KR_6750102225,420,1,11,32,-2,-3,0,3,3,8,5,-2,0,2,-3,2,5,3,3,0,0,-3,7,-2,5,3,-2,0,0,-1,1,0,1,3,1
KR_6711155799,440,3,-4,20,10,-2,1,3,7,9,2,2,4,2,3,3,0,0,0,0,1,18,-318,6,0,6,4,0,-1,1,-1,-1,1,5,1
KR_6735345931,440,4,-1,8,1,-1,1,2,-3,1,4,1,1,0,4,6,2,0,1,1,-1,-4,-8,-1,5,4,2,0,-1,-1,1,1,-1,2,1
KR_6595225210,440,-4,-40,-24,-6,2,3,1,-6,2,8,-3,0,3,1,7,6,0,0,0,-1,-7,-45,1,4,5,15,0,-1,1,-1,-1,-1,1,1
KR_6724576088,420,-2,6,10,0,-3,0,3,2,3,1,0,1,1,2,3,1,-1,1,2,0,2,-1,-2,6,4,-1,0,1,1,1,1,1,1,1
KR_6763924856,440,10,129,83,11,3,3,0,-1,1,2,4,4,0,5,7,2,0,1,1,1,5,8,2,1,3,-1,0,5,1,1,1,1,2,1
KR_6764736571,420,1,56,27,7,0,1,1,2,3,1,3,3,0,2,2,0,0,0,0,0,8,-2,-2,6,4,0,0,1,-1,1,1,1,1,1
KR_6760543193,420,1,-46,4,4,2,3,1,1,2,1,1,1,0,0,1,1,0,0,0,0,5,-117,1,4,5,2,0,1,-1,1,1,1,4,1
KR_6437609005,420,0,-60,8,1,1,1,0,2,2,0,-2,0,2,0,1,1,0,0,0,0,6,66,0,4,4,-1,0,1,-1,1,1,-1,6,1
KR_6761622593,420,0,-24,-20,-2,0,3,3,-1,1,2,-2,0,2,1,3,2,0,0,0,0,-1,120,1,3,4,-4,0,0,-1,-1,0,-1,6,1
KR_6763931642,420,3,37,12,6,2,3,1,-2,2,4,2,4,2,1,2,1,3,5,2,0,13,-320,0,4,4,-2,0,1,1,1,1,-1,4,1
KR_6746298963,440,6,82,14,9,-2,0,2,0,4,4,5,5,0,2,3,1,4,5,1,1,14,-3,1,6,7,1,0,0,1,-1,1,1,1,1
KR_6709197645,420,0,-21,0,1,-2,1,3,-1,3,4,0,2,2,4,7,3,0,0,0,0,6,12,-2,7,5,2,0,1,1,1,1,1,4,1
KR_6690909594,420,7,53,0,15,2,3,1,6,7,1,1,2,1,3,3,0,3,4,1,0,18,8,-3,5,2,9,0,3,1,1,1,1,6,1
KR_6762376895,420,0,30,4,-3,-2,0,2,3,6,3,0,2,2,-5,5,10,1,1,0,2,7,-11,-6,8,2,3,0,0,1,-1,-1,1,3,1
KR_6718009724,420,2,18,12,9,2,3,1,1,2,1,2,2,0,3,5,2,1,2,1,1,10,0,1,5,6,6,0,1,1,-1,1,1,6,1
KR_6760552072,420,-1,-4,-3,-1,-2,1,3,0,3,3,1,2,1,1,4,3,-1,1,2,1,4,1,0,4,4,0,0,0,1,-1,-1,1,4,1
KR_6764291299,420,2,50,1,7,2,3,1,4,4,0,1,3,2,0,0,0,0,0,0,0,8,3,4,4,8,0,0,0,-1,1,-1,1,3,1
KR_6757700587,420,2,20,0,5,6,6,0,0,2,2,-2,1,3,2,2,0,-1,0,1,0,8,-43,2,4,6,37,0,1,-1,1,1,1,6,1
KR_6692461369,420,0,-12,-13,0,-3,1,4,-2,1,3,1,1,0,4,6,2,0,0,0,0,5,2,-3,5,2,3,0,0,0,0,-1,-1,0,1
KR_6749159986,420,2,69,-16,4,2,3,1,-2,2,4,3,4,1,2,3,1,-1,0,1,0,9,-13,-4,9,5,0,0,1,-1,1,1,-1,1,1
KR_6764779263,440,3,-8,-28,14,2,2,0,5,5,0,3,3,0,-1,4,5,5,5,0,0,16,13,3,3,6,2,0,0,-1,-1,0,-1,4,1
KR_6738225331,420,1,27,19,1,1,4,3,-2,2,4,3,4,1,-1,0,1,0,0,0,0,-4,-15,-1,4,3,0,0,1,1,1,1,1,6,1
KR_6628636228,420,0,-12,20,4,4,5,1,4,8,4,1,2,1,-1,3,4,-4,2,6,0,1,7,-3,7,4,-5,0,-1,1,1,-1,1,5,1
KR_6728457667,420,-1,-16,-1,2,0,1,1,0,1,1,5,7,2,0,2,2,-3,0,3,1,1,-134,2,1,3,-1,0,-1,1,-1,-1,1,5,1
KR_6761458829,440,0,8,8,-3,-1,2,3,-2,2,4,2,3,1,-2,2,4,0,3,3,0,2,-402,-4,9,5,5,0,-1,-1,-1,-1,1,6,1
KR_6752521132,420,1,5,-30,11,0,0,0,-1,2,3,0,3,3,11,11,0,1,1,0,0,11,123,1,5,6,2,0,1,1,1,1,1,6,1
KR_6677838612,420,6,75,29,12,-1,2,3,1,1,0,1,5,4,10,11,1,1,2,1,0,17,-13,-8,13,5,5,0,1,1,1,-1,1,4,1
KR_6634046562,420,1,68,6,-5,-1,0,1,-2,4,6,-1,2,3,-1,2,3,0,0,0,0,-4,-6,-1,7,6,4,0,0,1,-1,0,-1,1,1
KR_6683708887,420,1,24,32,0,1,3,2,0,1,1,4,5,1,-5,1,6,0,0,0,1,-9,4,4,5,9,0,0,0,-1,1,0,1,2,1
KR_6765974010,440,5,43,28,6,1,1,0,1,1,0,1,3,2,2,4,2,1,5,4,0,7,-113,6,4,10,5,0,1,1,-1,1,-1,5,1
KR_6758726548,440,-3,-32,-11,5,1,1,0,0,1,1,4,4,0,3,4,1,-3,2,5,0,5,-4,3,2,5,-1,0,0,1,0,0,1,4,1
KR_6752085032,420,1,17,0,7,1,3,2,0,1,1,5,7,2,2,3,1,-1,0,1,1,5,-47,1,5,6,21,0,1,1,1,1,1,1,1
KR_6625079332,420,3,87,4,7,5,5,0,2,3,1,1,1,0,-2,3,5,1,2,1,0,4,4,3,2,5,-1,0,0,1,-1,1,1,5,1
KR_6750913601,420,1,17,40,0,3,3,0,-3,3,6,0,1,1,0,1,1,0,1,1,0,-4,-10,-2,3,1,1,0,1,-1,1,1,1,6,1
KR_6691012330,420,3,22,-15,11,2,2,0,3,5,2,0,3,3,6,7,1,0,2,2,0,5,23,-2,5,3,-11,0,1,1,1,1,1,1,1
KR_6762296512,440,6,115,3,16,5,5,0,5,6,1,3,4,1,2,3,1,1,2,1,0,9,16,3,2,5,2,0,3,1,1,1,1,4,1
KR_6732918660,420,1,9,19,3,-3,0,3,1,1,0,2,5,3,2,4,2,1,1,0,0,4,-47,2,4,6,16,0,0,0,-1,0,-1,0,1
KR_6765687418,420,5,70,2,15,5,5,0,5,5,0,4,4,0,0,2,2,1,1,0,0,17,2,5,2,7,0,0,2,1,0,1,1,5,1
KR_6741990407,420,-2,-11,-20,-1,0,0,0,-1,2,3,0,0,0,-1,2,3,1,1,0,1,3,-99,-2,6,4,-5,0,0,0,0,0,1,0,1
KR_6642606615,420,4,37,-8,2,3,3,0,-1,2,3,-4,1,5,3,7,4,1,1,0,-2,1,-6,-6,10,4,3,0,0,1,0,1,1,2,1
KR_6762823059,420,3,-1,16,8,-3,0,3,3,3,0,2,2,0,5,6,1,1,1,0,0,19,3,0,3,3,3,0,0,1,0,1,1,5,1
KR_6752311941,440,2,-38,34,8,-2,1,3,3,4,1,5,5,0,7,7,0,-5,1,6,0,10,24,0,5,5,4,0,1,1,-1,1,-1,3,1
KR_6759758515,440,5,98,8,10,1,1,0,-2,4,6,-1,0,1,7,9,2,5,5,0,1,18,41,-1,4,3,-13,0,2,1,1,1,1,2,1
KR_6739011502,420,4,-44,1,12,3,3,0,3,4,1,0,2,2,5,8,3,1,3,2,0,12,-59,0,7,7,15,0,0,1,-1,-1,1,1,1
KR_6759164462,440,0,49,3,0,6,6,0,-4,2,6,-2,2,4,-3,1,4,3,3,0,0,-7,-14,-1,6,5,-4,0,0,-1,1,0,-1,1,1
KR_6691090897,440,3,28,60,4,-2,0,2,0,1,1,1,5,4,5,5,0,0,0,0,0,8,2,4,1,5,-2,0,0,1,0,1,-1,1,1
KR_6736275622,420,1,45,5,9,2,2,0,4,7,3,4,4,0,1,1,0,-2,0,2,0,11,33,5,5,10,-1,0,1,1,1,1,-1,5,1
KR_6756587720,420,-1,-64,28,1,-4,0,4,2,3,1,4,4,0,0,3,3,-1,1,2,0,0,-4,-1,7,6,2,0,0,1,1,-1,1,5,1
KR_6712183664,420,-1,-40,-6,-4,2,2,0,-1,2,3,-3,0,3,-1,1,2,-1,1,2,0,0,67,-2,10,8,3,0,-1,-1,-1,-1,-1,6,1
KR_6756149751,420,-2,0,-12,-4,-5,0,5,2,4,2,2,3,1,-2,2,4,-1,1,2,0,-3,42,-2,8,6,-23,0,0,0,0,0,-1,0,1
KR_6735693121,420,3,23,2,13,-3,0,3,2,3,1,6,6,0,7,7,0,1,2,1,1,18,25,0,6,6,0,0,0,1,-1,-1,1,1,1
KR_6731995399,420,-2,-41,-8,3,-2,1,3,1,3,2,0,1,1,2,5,3,2,2,0,0,11,30,4,6,10,-1,0,0,1,-1,0,1,5,1
KR_6753617014,420,0,4,-17,0,1,1,0,-1,1,2,0,2,2,1,5,4,-1,1,2,0,1,5,-2,11,9,-4,0,0,-1,1,0,-1,6,1
KR_6762243296,420,0,10,-7,7,-3,0,3,3,6,3,3,4,1,5,5,0,-1,1,2,0,8,1,2,2,4,0,0,0,1,1,0,1,3,1
KR_6585288636,420,1,20,27,3,-3,1,4,2,5,3,-1,2,3,6,6,0,-1,0,1,0,6,9,2,4,6,-1,0,0,1,-1,1,1,6,1
KR_6766174029,420,5,96,9,13,4,4,0,1,3,2,1,2,1,2,3,1,5,7,2,0,16,9,7,1,8,3,0,2,1,1,1,1,1,1
KR_6755084026,420,4,-18,1,5,-1,1,2,5,5,0,2,3,1,-1,3,4,0,0,0,0,-1,-106,2,4,6,5,0,1,1,-1,1,-1,1,1
KR_6762305747,420,2,67,15,-1,0,1,1,0,1,1,2,4,2,0,2,2,-3,1,4,0,-5,-6,-1,3,2,3,0,-1,1,1,1,1,6,1
KR_6753884703,420,3,-24,9,6,0,3,3,2,3,1,5,7,2,-2,3,5,1,2,1,4,11,24,-1,9,8,4,0,0,1,-1,-1,1,1,1
KR_6736983296,420,3,6,8,3,5,6,1,-7,3,10,0,1,1,3,4,1,2,3,1,0,-3,3,4,4,8,-3,0,0,-1,-1,1,-1,3,1
KR_6700482545,420,2,9,-17,-1,-5,0,5,-1,0,1,-5,0,5,9,10,1,1,1,0,0,11,-103,-3,4,1,2,0,0,-1,-1,1,-1,1,1
KR_6750105524,440,0,53,16,6,-1,0,1,-2,1,3,3,5,2,4,5,1,2,2,0,0,7,4,1,4,5,-3,0,1,1,-1,-1,1,3,1
KR_6730308397,420,-1,52,-7,2,2,2,0,0,5,5,-1,2,3,-1,2,3,2,2,0,0,2,29,-1,7,6,5,0,1,1,1,1,-1,1,1
KR_6634928807,420,3,26,14,5,3,3,0,2,4,2,-2,2,4,3,7,4,-1,1,2,0,6,-28,0,9,9,6,0,1,1,1,1,1,3,1
KR_6649554659,420,2,44,17,5,1,2,1,9,10,1,-3,0,3,-2,0,2,0,2,2,0,12,-23,2,6,8,0,0,0,1,1,1,1,2,1
KR_6693509641,420,1,-2,39,2,-1,1,2,0,2,2,-2,0,2,-1,3,4,6,7,1,0,-1,17,5,4,9,-4,0,0,1,-1,0,-1,6,1
KR_6391636029,420,4,45,-7,13,-1,1,2,6,6,0,2,4,2,6,8,2,0,0,0,0,18,-4,1,8,9,4,0,0,1,1,0,1,1,1
KR_6755087439,420,4,27,-9,6,0,1,1,2,5,3,-2,2,4,7,8,1,-1,0,1,-2,2,9,1,5,6,-1,0,1,1,1,1,-1,2,1
KR_6730920841,420,0,-21,-18,4,3,3,0,0,3,3,3,4,1,-1,4,5,-1,1,2,0,3,-2,4,1,5,-1,0,0,1,1,0,1,5,1
KR_6719223580,420,2,39,23,-1,1,1,0,2,5,3,-2,1,3,-2,1,3,0,0,0,0,2,179,-2,8,6,5,0,1,1,1,1,-1,3,1
KR_6761038708,420,0,-50,8,-1,-5,0,5,4,4,0,2,2,0,0,2,2,-2,0,2,0,1,-5,-5,8,3,-2,0,0,-1,1,-1,-1,6,1
KR_6733897162,420,1,-24,20,-9,-2,0,2,2,2,0,-1,2,3,-8,1,9,0,1,1,1,-4,-2,-2,8,6,3,0,0,1,1,0,1,4,1
KR_6724239439,440,4,32,-2,1,-3,0,3,1,2,1,2,4,2,0,1,1,1,1,0,0,3,1,2,1,3,0,0,0,0,-1,1,1,0,1
KR_6518622034,420,5,44,3,8,1,3,2,4,6,2,4,5,1,-1,0,1,0,0,0,2,6,10,5,2,7,3,0,2,1,1,1,1,2,1
KR_6726233723,420,-1,21,8,1,-3,0,3,-1,2,3,1,2,1,2,6,4,2,2,0,0,4,63,1,6,7,-28,0,0,-1,-1,1,-1,4,1
KR_6693904245,440,2,77,20,9,4,4,0,3,4,1,1,2,1,-1,2,3,2,2,0,0,3,219,-2,7,5,-1,0,-1,1,-1,-1,1,5,1
KR_6672262605,420,2,101,13,1,1,2,1,-2,2,4,4,5,1,1,2,1,-3,0,3,0,-6,12,9,1,10,-3,0,2,-1,1,1,1,6,1
KR_6765338249,420,2,85,-5,-1,6,6,0,1,2,1,2,2,0,-8,1,9,-2,0,2,-1,-10,-6,3,6,9,1,0,0,1,-1,0,-1,4,1
KR_6762097870,420,1,-5,5,0,0,1,1,1,5,4,-3,0,3,1,1,0,1,2,1,0,2,-4,0,5,5,-1,0,-1,-1,-1,-1,-1,3,1
KR_6763673661,420,-2,-5,30,-14,-5,0,5,-2,2,4,-2,2,4,-3,4,7,-2,1,3,-1,-10,22,2,5,7,-1,0,0,1,1,0,-1,1,1
KR_6753149250,420,5,25,8,19,7,7,0,1,3,2,0,1,1,12,12,0,-1,1,2,0,20,228,-8,9,1,5,0,2,1,1,1,1,4,1
KR_6688458572,420,1,-10,11,3,-1,1,2,-2,3,5,3,5,2,4,4,0,-1,0,1,-1,10,19,-5,7,2,1,0,-1,-1,-1,-1,-1,2,1
KR_6750771272,420,3,18,24,7,0,1,1,4,6,2,1,3,2,2,3,1,0,0,0,0,10,-7,-3,9,6,3,0,0,1,1,0,-1,4,1
KR_6677405495,440,-1,9,-8,-6,2,4,2,-2,1,3,-5,0,5,-1,1,2,0,0,0,0,0,-7,-2,5,3,-3,0,-1,-1,-1,-1,-1,2,1
KR_6755421696,420,-1,26,7,7,1,3,2,0,3,3,1,1,0,2,4,2,3,4,1,1,9,-9,1,7,8,5,0,0,1,0,0,1,1,1
KR_6701984821,420,2,57,16,12,5,5,0,-3,3,6,1,3,2,7,7,0,2,2,0,1,6,-6,1,8,9,-5,0,2,1,1,1,1,2,1
KR_6759655257,420,2,23,20,6,0,3,3,4,4,0,0,0,0,2,2,0,0,0,0,1,8,19,2,7,9,-7,0,0,1,1,1,1,1,1
KR_6721306701,420,-1,22,12,1,0,0,0,1,3,2,-1,3,4,3,6,3,-2,0,2,0,1,-6,2,3,5,1,0,-1,-1,1,-1,1,3,1
KR_6670638246,420,1,6,10,3,6,7,1,0,3,3,0,3,3,-4,2,6,1,1,0,-1,-1,270,-3,7,4,3,0,0,1,-1,1,-1,4,1
KR_6695391028,420,2,48,8,9,0,3,3,1,3,2,1,4,3,6,7,1,1,2,1,0,8,-2,0,6,6,-3,0,0,1,1,0,1,1,1
KR_6696590379,420,3,91,6,5,2,3,1,-2,3,5,3,4,1,2,5,3,0,1,1,0,-1,5,1,5,6,-1,0,2,-1,1,1,1,1,1
KR_6761179351,420,5,-28,12,13,0,2,2,5,6,1,2,2,0,6,6,0,0,1,1,0,17,-29,-4,9,5,2,0,2,-1,1,1,1,2,1
KR_6642349116,420,-1,12,-22,-2,-2,1,3,1,4,3,-1,1,2,1,2,1,-1,0,1,0,4,-1,2,7,9,1,0,1,-1,1,1,-1,1,1
KR_6763345320,420,2,-3,-22,4,1,1,0,3,6,3,2,5,3,-3,3,6,1,1,0,0,0,10,6,3,9,-4,0,-3,-1,-1,-1,-1,3,1
KR_6733661080,440,4,84,12,4,2,3,1,1,1,0,1,4,3,1,2,1,-1,1,2,0,3,9,-2,4,2,-2,0,0,1,0,0,-1,5,1
KR_6717316440,420,1,51,-8,0,2,2,0,-1,3,4,3,3,0,-4,2,6,0,0,0,0,4,-6,-2,5,3,2,0,0,-1,1,1,-1,6,1
KR_6750182355,420,-3,26,-48,-2,3,3,0,0,1,1,0,3,3,-3,1,4,-2,2,4,0,-6,-1,-4,6,2,-1,0,-1,-1,1,-1,1,2,1
KR_6756705792,420,5,71,-3,5,3,4,1,-1,2,3,2,3,1,1,3,2,0,1,1,0,7,-10,2,4,6,-1,0,2,-1,1,1,-1,6,1
KR_6730522527,420,2,41,-8,3,-1,3,4,1,3,2,-1,2,3,7,8,1,-3,0,3,0,0,46,-1,7,6,-12,0,0,1,1,1,-1,6,1
KR_6756959706,420,3,40,8,4,-1,2,3,1,4,3,1,2,1,2,4,2,1,1,0,1,10,-9,-3,8,5,-1,0,1,-1,1,1,1,3,1
KR_6753913116,420,3,80,31,10,3,5,2,4,6,2,3,3,0,2,3,1,-2,1,3,0,4,8,2,5,7,2,0,2,1,-1,1,-1,6,1
KR_6760805933,440,1,-19,5,10,2,4,2,6,9,3,-2,1,3,1,5,4,3,4,1,-1,18,-8,-2,5,3,6,0,0,1,1,0,1,6,1
KR_6762493047,420,0,-62,-9,-2,-1,1,2,-1,4,5,0,2,2,-1,3,4,1,2,1,-1,-1,-163,-3,9,6,3,0,-3,1,1,-1,-1,1,1
KR_6716812348,440,7,44,-1,18,1,2,1,5,6,1,7,8,1,5,6,1,0,1,1,0,18,5,5,2,7,-1,0,3,1,-1,1,1,4,1
KR_6755377006,420,-1,-22,-6,4,-2,0,2,-3,0,3,11,11,0,-2,2,4,0,2,2,0,2,19,1,3,4,0,0,0,1,1,-1,1,6,1
KR_6669152163,420,6,81,27,17,-3,0,3,1,4,3,5,5,0,8,9,1,6,8,2,1,20,48,2,2,4,2,0,3,1,1,1,1,3,1
KR_6605855356,420,1,0,35,4,3,4,1,1,4,3,-1,0,1,0,3,3,1,1,0,0,-2,-24,0,5,5,-1,0,0,-1,1,0,1,4,1
KR_6763245845,420,2,47,-11,1,1,3,2,1,4,3,1,2,1,-3,1,4,1,1,0,-1,2,1,-5,9,4,-1,0,1,0,-1,1,-1,0,1
KR_6680217852,420,3,1,19,9,3,5,2,3,5,2,2,2,0,1,3,2,0,1,1,0,10,-17,3,3,6,-2,0,1,1,-1,1,-1,5,1
KR_6757308647,420,3,-35,4,5,1,2,1,3,4,1,3,3,0,-2,1,3,0,2,2,0,2,-70,-1,8,7,-23,0,1,-1,1,1,1,3,1
KR_6575529481,420,2,40,12,-1,0,2,2,-3,1,4,3,4,1,-1,1,2,0,0,0,0,-8,-3,-1,6,5,1,0,1,-1,1,1,1,1,1
KR_6708183226,420,0,-34,-24,4,1,3,2,3,5,2,0,2,2,0,1,1,0,1,1,0,9,-2,2,9,11,2,0,0,1,-1,1,1,5,1
KR_6699010726,440,5,-17,-15,14,2,3,1,6,7,1,2,2,0,4,9,5,0,0,0,0,17,6,2,4,6,2,0,-1,1,-1,-1,1,1,1
KR_6764507729,420,1,-26,9,1,-1,1,2,-4,1,5,2,2,0,4,4,0,0,0,0,0,-4,0,2,6,8,6,0,1,-1,1,1,-1,5,1
KR_6642439638,420,3,38,25,1,-2,2,4,2,4,2,2,4,2,-3,2,5,2,4,2,0,9,21,0,4,4,-3,0,0,1,1,0,-1,2,1
KR_6412068933,420,-1,-19,23,6,-5,0,5,4,7,3,2,5,3,1,2,1,4,4,0,0,5,-1,-1,5,4,-2,0,0,1,0,-1,1,5,1
KR_6735507705,420,3,0,28,6,2,3,1,4,7,3,4,4,0,-4,1,5,0,1,1,0,-4,-22,-3,7,4,1,0,1,1,1,1,1,1,1
KR_6755865180,420,-1,-44,12,3,-1,3,4,4,5,1,-2,0,2,0,2,2,2,2,0,0,8,1,-2,6,4,1,0,-1,1,-1,-1,-1,3,1
KR_6743443525,420,2,22,-7,5,3,3,0,-2,3,5,2,4,2,2,4,2,0,0,0,0,2,24,2,4,6,0,0,2,1,-1,1,1,6,1
KR_6637615778,420,4,7,12,8,-1,0,1,3,6,3,0,2,2,-5,2,7,11,12,1,1,3,4,-1,4,3,2,0,1,1,1,1,1,5,1
KR_6750387526,420,3,86,-17,10,-4,1,5,4,4,0,2,3,1,3,5,2,5,5,0,0,18,14,3,2,5,-26,0,2,1,1,1,1,1,1
KR_6765762960,420,1,-27,18,6,-2,0,2,-1,1,2,4,4,0,3,3,0,2,2,0,0,3,34,2,4,6,-8,0,-2,-1,1,1,1,4,1
KR_6677462044,420,0,34,-22,-1,-1,1,2,-3,3,6,1,2,1,4,5,1,-2,0,2,0,5,13,0,6,6,-4,0,0,-1,-1,0,-1,3,1
KR_6737893654,440,-2,-16,-2,0,-4,0,4,4,5,1,-5,2,7,1,5,4,4,4,0,0,-3,-1,3,5,8,-6,0,0,1,1,0,1,5,1
KR_6650344706,420,2,9,-11,8,-2,0,2,1,5,4,9,9,0,0,3,3,0,0,0,0,2,3,6,3,9,6,0,1,-1,-1,1,1,6,1
KR_6742333031,440,-1,-11,3,-11,0,1,1,-6,1,7,-3,0,3,-1,1,2,-1,0,1,0,-13,-45,1,4,5,-1,0,0,1,-1,0,-1,1,1
KR_6723519341,420,2,-4,6,2,2,5,3,0,3,3,-2,2,4,1,3,2,1,1,0,0,0,127,2,5,7,-3,0,-1,-1,-1,-1,-1,4,1
KR_6763801934,420,-5,-78,-7,-8,-2,2,4,-2,2,4,-1,2,3,-1,0,1,-2,2,4,0,-11,5,1,3,4,-6,0,-1,1,1,-1,1,4,1
KR_6403341222,420,3,-13,14,5,0,1,1,-1,4,5,7,8,1,0,3,3,-1,0,1,0,3,-9,3,8,11,-4,0,0,1,1,0,-1,3,1
KR_6754738004,420,1,-11,13,-2,-3,1,4,-2,1,3,2,5,3,0,1,1,1,1,0,0,2,0,-3,9,6,-2,0,-1,-1,-1,-1,-1,1,1
KR_6675787562,420,5,85,-16,16,3,3,0,3,6,3,0,1,1,5,5,0,5,5,0,0,16,353,-1,3,2,-2,0,3,-1,1,1,1,2,1
KR_6624055871,420,2,10,-9,6,-2,0,2,2,5,3,4,5,1,2,2,0,0,0,0,0,7,26,-1,6,5,2,0,0,1,-1,0,1,3,1
KR_6755839546,420,6,97,-4,17,1,2,1,5,5,0,6,7,1,1,4,3,4,6,2,0,16,2,2,6,8,-1,0,2,1,1,1,1,6,1
KR_6684929934,420,6,92,15,15,1,5,4,1,3,2,5,6,1,7,8,1,1,1,0,0,17,4,5,6,11,5,0,2,1,1,1,1,6,1
KR_6764819681,440,1,-69,20,4,-1,3,4,2,7,5,1,3,2,0,3,3,2,3,1,0,6,1,7,2,9,-2,0,-1,-1,1,-1,-1,5,1
KR_6764800265,420,0,76,11,3,1,5,4,3,5,2,-3,1,4,2,3,1,0,3,3,0,2,4,5,1,6,0,0,3,-1,-1,1,-1,3,1
KR_6612570630,440,6,17,43,11,-1,0,1,1,4,3,2,3,1,2,2,0,7,7,0,0,10,-13,-2,4,2,4,0,3,1,1,1,1,2,1
KR_6758739370,420,8,39,10,15,-2,3,5,1,3,2,5,5,0,12,12,0,-1,1,2,0,17,7,3,3,6,1,0,4,1,1,1,1,4,1
KR_6748743324,420,6,90,4,6,2,3,1,3,3,0,-1,1,2,1,1,0,1,2,1,0,7,9,2,4,6,-1,0,1,1,-1,1,-1,4,1
KR_6680097007,420,0,6,5,-4,4,5,1,-4,2,6,1,2,1,-2,4,6,-3,0,3,0,-7,1,-2,5,3,1,0,0,-1,-1,-1,1,3,1
KR_6680514459,420,-1,-51,-4,0,-3,2,5,4,8,4,-3,0,3,1,3,2,1,1,0,0,6,5,3,3,6,-2,0,0,-1,1,-1,-1,2,1
KR_6750927691,420,3,18,32,15,5,5,0,5,6,1,7,8,1,2,5,3,-4,2,6,0,3,10,8,0,8,-3,0,1,0,1,1,1,0,1
KR_6759520544,440,1,68,-16,1,2,3,1,1,3,2,-1,2,3,3,3,0,-4,2,6,0,4,-1,3,1,4,-2,0,-1,1,-1,-1,1,1,1
KR_6609081988,420,2,72,20,1,-1,2,3,2,6,4,-1,0,1,2,2,0,-1,0,1,0,5,0,2,6,8,-6,0,0,1,-1,-1,1,2,1
KR_6764019322,420,2,-6,13,4,4,5,1,-5,1,6,2,4,2,4,5,1,-1,1,2,0,0,-28,-4,8,4,7,0,0,1,0,-1,1,5,1
KR_6740590013,420,5,82,6,0,0,1,1,1,3,2,1,2,1,0,3,3,-2,1,3,0,0,17,4,3,7,1,0,1,1,-1,-1,1,6,1
KR_6672231990,420,1,-19,7,4,1,1,0,-1,3,4,7,8,1,-6,3,9,3,3,0,0,9,6,0,8,8,6,0,0,-1,-1,0,1,2,1
KR_6728442656,420,3,27,7,8,-1,3,4,0,1,1,2,2,0,7,7,0,0,0,0,0,13,13,0,3,3,4,0,0,1,1,1,-1,6,1
KR_6719875709,420,2,-47,25,8,3,3,0,3,5,2,4,5,1,-2,2,4,0,2,2,0,11,39,8,2,10,-3,0,0,-1,1,-1,-1,3,1
KR_6740467430,420,-2,-25,-29,3,-3,0,3,-2,1,3,1,3,2,5,7,2,2,3,1,0,5,6,-4,8,4,-1,0,-1,1,-1,-1,1,6,1
KR_6751694784,420,-3,-11,-12,-9,1,1,0,-3,0,3,-1,2,3,-5,0,5,-1,0,1,0,-10,8,2,5,7,-3,0,-2,-1,-1,-1,-1,3,1
KR_6765540398,420,2,73,-9,8,-2,0,2,5,6,1,2,2,0,2,4,2,1,3,2,-1,4,52,5,1,6,-30,0,1,1,1,1,-1,5,1
KR_6765550506,420,-1,-24,39,-14,1,2,1,-7,2,9,-4,0,4,-3,0,3,-1,1,2,-1,-15,0,-1,6,5,0,0,0,-1,1,0,-1,6,1
KR_6715744002,420,5,57,24,3,3,3,0,2,5,3,-1,2,3,3,5,2,-4,0,4,0,0,-6,-2,6,4,0,0,2,-1,1,1,-1,4,1
KR_6611248874,420,3,17,-21,11,2,3,1,1,4,3,-1,3,4,9,9,0,0,0,0,1,11,5,4,3,7,-2,0,3,-1,-1,1,1,1,1
KR_6751508154,420,-1,-62,-7,0,4,5,1,-2,2,4,-1,1,2,1,1,0,-2,0,2,0,-1,-38,-4,8,4,4,0,-1,1,-1,-1,-1,5,1
KR_6756653567,420,7,106,56,14,10,10,0,0,2,2,6,9,3,-2,2,4,0,1,1,1,3,-241,3,4,7,1,0,5,1,1,1,1,4,1
KR_6760463541,420,1,10,11,6,-2,1,3,3,4,1,5,5,0,0,1,1,0,2,2,2,17,7,1,4,5,-3,0,1,1,-1,1,1,5,1
KR_6763195338,420,2,36,12,3,2,3,1,2,4,2,-1,1,2,0,2,2,0,1,1,0,6,8,4,5,9,-1,0,1,1,-1,1,1,6,1
KR_6764082991,420,5,76,-10,13,1,2,1,4,4,0,9,10,1,-2,3,5,1,1,0,0,-2,-5,-3,8,5,8,0,1,0,1,1,1,0,1
KR_6754168626,420,-1,28,-11,3,0,1,1,5,5,0,-2,1,3,1,4,3,-1,1,2,0,-2,20,-2,5,3,0,0,0,1,-1,-1,1,6,1
KR_6692286355,420,-3,-32,-11,0,2,3,1,-6,2,8,7,9,2,-3,2,5,0,0,0,0,0,3,6,2,8,3,0,-1,1,1,-1,1,5,1
KR_6762143613,420,-1,-6,16,3,1,1,0,-1,2,3,-3,1,4,5,5,0,1,2,1,0,6,2,0,4,4,2,0,-1,1,-1,-1,1,2,1
KR_6727955689,420,4,44,8,-1,1,1,0,-3,0,3,-1,1,2,0,2,2,2,2,0,0,-3,-23,-4,10,6,0,0,0,1,-1,0,1,4,1
KR_6765795760,440,2,84,4,9,0,1,1,3,4,1,3,3,0,4,4,0,-1,1,2,0,4,130,2,3,5,4,0,0,1,-1,1,1,4,1
KR_6763100118,420,-1,-24,26,0,-1,0,1,1,1,0,-1,0,1,0,3,3,1,2,1,0,5,22,6,4,10,0,0,1,1,-1,1,-1,3,1
KR_6679152044,420,3,38,21,1,1,1,0,4,5,1,-2,4,6,-2,1,3,0,0,0,0,1,215,-2,8,6,3,0,0,1,1,0,-1,6,1
KR_6634672936,420,2,8,6,5,-2,2,4,-1,2,3,4,4,0,3,3,0,1,1,0,0,7,-2,-8,12,4,5,0,-1,1,1,1,1,2,1
KR_6717807134,420,1,40,27,6,-3,0,3,8,11,3,2,3,1,-1,3,4,0,2,2,1,4,164,4,1,5,-2,0,-1,1,1,-1,1,6,1
KR_6760435864,420,3,61,15,2,2,2,0,-2,3,5,-1,3,4,3,3,0,0,1,1,0,-4,2,2,1,3,-1,0,0,1,1,0,1,1,1
KR_6742090467,420,0,-31,20,0,0,1,1,3,4,1,2,2,0,-2,2,4,-3,1,4,0,-2,17,-1,5,4,-16,0,0,1,-1,0,-1,3,1
KR_6755448685,420,-2,0,-11,0,-2,0,2,3,5,2,-1,2,3,-1,1,2,1,2,1,0,3,-29,0,4,4,2,0,0,-1,1,0,1,3,1
KR_6752438663,420,1,90,26,-2,1,3,2,1,2,1,-4,1,5,1,3,2,-1,1,2,0,2,3,-1,11,10,3,0,1,-1,1,1,1,3,1
KR_6346044610,420,3,20,5,9,-1,2,3,3,6,3,1,3,2,4,4,0,2,2,0,0,13,-3,-3,7,4,-1,0,1,1,1,1,1,2,1
KR_6731662961,420,-1,-35,-4,5,1,3,2,9,9,0,3,4,1,-6,0,6,-2,0,2,0,3,-4,5,1,6,-4,0,-1,1,-1,-1,1,6,1
KR_6715426183,440,1,49,0,-2,-4,1,5,1,4,3,5,6,1,-3,1,4,-1,0,1,2,2,-4,0,5,5,2,0,0,1,-1,-1,1,5,1
KR_6645559814,420,-1,-43,1,-7,1,1,0,-2,2,4,0,2,2,-3,1,4,-3,0,3,0,-13,5,0,7,7,-4,0,1,1,1,1,1,1,1
KR_6759345605,420,0,31,40,9,-1,3,4,5,7,2,5,7,2,0,8,8,0,1,1,0,15,-1,0,6,6,1,0,1,1,-1,1,1,2,1
KR_6760498198,420,2,-7,4,5,1,2,1,3,6,3,-1,0,1,3,4,1,-1,0,1,0,4,1,4,2,6,-2,0,1,1,-1,1,-1,3,1
KR_6617679155,420,8,67,31,16,7,9,2,2,2,0,3,4,1,3,6,3,1,3,2,0,10,-92,0,5,5,2,0,3,-1,1,1,1,3,1
KR_6754082464,420,4,70,28,3,7,8,1,-1,2,3,1,3,2,0,3,3,-4,0,4,0,-10,-11,5,4,9,0,0,1,0,1,1,1,0,1
KR_6753422610,420,1,26,7,7,3,4,1,-1,0,1,2,5,3,1,2,1,2,3,1,1,2,-3,-2,6,4,4,0,2,1,1,1,1,3,1
KR_6749398337,420,-3,-26,-7,0,-2,2,4,-2,2,4,4,6,2,0,4,4,0,0,0,0,12,-29,-1,8,7,0,0,-1,1,-1,-1,-1,4,1
KR_6733967032,420,2,-28,16,1,1,2,1,1,3,2,3,3,0,-3,2,5,-1,0,1,0,-3,-11,-3,8,5,0,0,1,1,-1,1,-1,5,1
KR_6764804560,420,1,16,12,-1,-5,0,5,-1,0,1,0,1,1,3,3,0,2,2,0,0,2,-34,-5,7,2,3,0,0,0,0,0,-1,0,1
KR_6720025250,420,3,12,14,2,2,2,0,-1,1,2,0,2,2,-2,3,5,3,4,1,0,3,3,-5,9,4,4,0,0,-1,1,1,-1,5,1
KR_6760866385,420,0,40,-20,8,1,2,1,2,3,1,1,2,1,7,7,0,-3,0,3,1,10,11,1,6,7,4,0,1,-1,-1,1,1,3,1
KR_6744086713,440,-1,11,14,-1,2,4,2,-3,2,5,1,2,1,-4,6,10,3,9,6,1,-1,-45,-3,8,5,-2,0,-1,1,1,1,-1,6,1
KR_6760269995,420,-1,38,-38,3,0,0,0,0,3,3,1,1,0,-1,2,3,3,3,0,0,4,1,3,6,9,2,0,0,1,1,1,-1,2,1
KR_6754171814,420,2,21,29,2,1,1,0,0,4,4,3,4,1,-2,0,2,0,1,1,-1,1,-3,0,4,4,-4,0,1,1,1,1,-1,4,1
KR_6736456972,420,4,39,1,7,5,5,0,3,6,3,4,6,2,-3,0,3,-2,0,2,-1,2,21,0,9,9,0,0,0,-1,1,1,-1,3,1
KR_6720633232,420,-2,46,-31,4,1,4,3,1,2,1,-3,1,4,6,7,1,-1,0,1,0,9,-12,6,4,10,-4,0,0,-1,-1,1,1,2,1
KR_6758623114,420,2,157,-16,6,-2,2,4,-1,3,4,0,6,6,4,5,1,5,6,1,0,-3,8,3,4,7,-6,0,2,-1,1,1,-1,3,1
KR_6686667720,420,-1,46,-29,-2,-1,1,2,-1,3,4,1,2,1,-2,0,2,1,2,1,0,-4,-16,0,7,7,4,0,1,1,0,1,1,2,1
KR_6654263895,420,-1,-34,-6,6,1,3,2,4,7,3,1,4,3,0,5,5,0,2,2,0,7,-10,-1,6,5,4,0,1,-1,-1,1,-1,1,1
KR_6738345230,420,1,16,-3,5,1,4,3,0,1,1,5,6,1,-1,2,3,0,2,2,1,4,-25,1,4,5,5,0,1,1,0,1,1,3,1
KR_6671296660,420,1,52,-7,4,-3,0,3,0,3,3,2,3,1,4,5,1,1,2,1,0,12,96,3,6,9,-1,0,0,1,-1,-1,1,6,1
KR_6756821641,420,4,97,-5,12,2,4,2,2,3,1,1,2,1,4,5,1,3,5,2,0,12,-35,1,4,5,5,0,2,1,1,1,-1,6,1
KR_6704448045,420,0,-87,20,2,-1,0,1,4,7,3,-2,1,3,0,6,6,1,3,2,0,3,20,-2,5,3,2,0,0,-1,0,-1,1,2,1
KR_6766019236,420,3,29,0,7,3,3,0,-1,1,2,5,5,0,0,3,3,0,0,0,0,4,-18,1,3,4,1,0,0,1,1,0,1,4,1
KR_6750979625,420,-1,37,8,6,-3,0,3,3,3,0,2,4,2,4,6,2,0,0,0,1,8,-5,1,5,6,5,0,0,1,-1,1,1,6,1
KR_6763626835,420,4,37,10,4,0,1,1,5,10,5,-2,0,2,2,6,4,-1,1,2,-1,8,13,5,2,7,1,0,0,1,-1,1,-1,1,1
KR_6731125477,420,6,100,-3,10,1,1,0,1,4,3,5,6,1,4,5,1,-1,0,1,0,2,-29,1,3,4,0,0,3,1,1,1,1,4,1
KR_6707329744,420,4,16,13,9,5,5,0,-1,1,2,2,3,1,2,4,2,1,1,0,0,10,109,3,2,5,0,0,1,1,1,1,-1,3,1
KR_6761423692,420,5,58,22,9,1,3,2,8,12,4,1,2,1,-1,2,3,0,1,1,0,14,-3,-4,11,7,3,0,0,-1,-1,-1,1,6,1
KR_6738677610,420,4,93,37,2,0,3,3,2,2,0,1,2,1,-3,1,4,2,3,1,0,0,-109,-1,7,6,3,0,2,1,0,1,1,4,1
KR_6700696353,420,0,3,4,-3,0,0,0,0,2,2,0,2,2,-2,0,2,-1,0,1,-1,-2,-2,-1,8,7,1,0,0,-1,-1,0,-1,4,1
KR_6747274064,420,3,-24,36,-4,-4,1,5,4,4,0,-1,3,4,-1,0,1,-2,0,2,0,-3,12,2,5,7,-4,0,2,-1,1,1,-1,6,1
KR_6648396426,420,3,25,13,5,4,4,0,-1,4,5,0,1,1,4,8,4,-2,0,2,0,4,-1,1,4,5,-2,0,2,-1,-1,1,1,3,1
KR_6686442446,420,7,43,27,15,0,2,2,8,11,3,2,3,1,6,7,1,-1,0,1,-2,14,-1,0,5,5,0,0,1,1,1,1,-1,1,1
KR_6756462918,420,3,43,-7,2,3,3,0,1,2,1,1,1,0,-1,1,2,-2,0,2,0,2,0,-1,6,5,1,0,1,-1,1,1,-1,2,1
KR_6752940660,420,-2,-40,-8,-8,-3,2,5,1,4,3,-2,1,3,-6,0,6,2,3,1,0,-16,-5,-1,3,2,-5,0,-1,-1,1,-1,1,3,1
KR_6585320777,420,1,-57,3,4,-1,2,3,4,9,5,-2,0,2,3,5,2,0,1,1,-1,20,-15,6,5,11,-2,0,1,-1,-1,1,-1,6,1
KR_6691032805,420,-3,-73,2,-8,-1,1,2,-3,6,9,-2,0,2,-3,1,4,1,1,0,0,-11,-31,2,5,7,0,0,-1,-1,-1,-1,-1,6,1
KR_6765246809,420,3,66,28,5,3,4,1,2,4,2,-1,2,3,2,2,0,-1,0,1,0,0,-6,-2,8,6,6,0,1,1,1,1,1,2,1
KR_6696194970,440,0,-3,8,6,-8,1,9,5,6,1,5,5,0,5,7,2,-1,0,1,0,8,-156,2,3,5,0,0,0,1,-1,-1,1,5,1
KR_6759522025,420,0,-31,7,6,2,2,0,5,8,3,-1,0,1,0,2,2,0,0,0,0,8,-4,2,4,6,3,0,3,1,1,1,1,2,1
KR_6649257700,440,3,67,41,6,4,4,0,1,3,2,-2,4,6,2,3,1,1,1,0,0,-2,-3,0,4,4,1,0,2,1,1,1,1,6,1
KR_6684754791,420,3,-7,24,6,-1,0,1,-1,1,2,3,3,0,6,8,2,-1,1,2,0,13,-5,-4,7,3,0,0,2,-1,1,1,1,5,1
KR_6763032936,420,2,90,9,8,4,4,0,0,2,2,2,8,6,3,3,0,-1,0,1,1,1,6,1,3,4,5,0,1,-1,1,1,1,6,1
KR_6753407018,420,7,64,3,7,2,2,0,5,5,0,-1,1,2,1,3,2,0,2,2,-1,15,208,5,3,8,-4,0,2,1,1,1,-1,6,1
KR_6763983790,420,4,70,9,10,6,6,0,1,3,2,3,3,0,0,1,1,0,1,1,0,3,6,-2,8,6,-33,0,0,-1,0,1,-1,3,1
KR_6748060431,420,3,86,0,8,4,5,1,-3,2,5,4,5,1,1,6,5,2,4,2,0,13,37,7,4,11,1,0,2,1,1,1,1,4,1
KR_6529101043,420,2,-36,-1,6,1,2,1,2,3,1,1,2,1,5,6,1,-3,0,3,0,4,4,2,3,5,0,0,1,1,1,1,-1,5,1
KR_6621961507,420,2,-7,-14,12,3,6,3,4,7,3,1,2,1,3,5,2,1,3,2,-1,13,18,5,7,12,-2,0,1,1,1,1,1,4,1
KR_6736497869,420,4,53,29,12,6,7,1,3,4,1,4,5,1,0,0,0,-1,1,2,1,11,9,1,4,5,0,0,1,-1,1,1,1,2,1
KR_6759160894,440,3,29,-12,5,3,4,1,6,6,0,-4,1,5,0,5,5,0,0,0,0,8,4,-3,8,5,1,0,0,-1,-1,1,1,6,1
KR_6704107425,420,5,-20,7,7,3,3,0,0,3,3,4,4,0,0,0,0,0,1,1,0,5,-9,1,6,7,3,0,0,1,1,1,-1,5,1
KR_6691597059,420,-2,23,-2,-3,-2,1,3,0,2,2,-4,1,5,4,4,0,-1,0,1,0,-3,-1,1,8,9,6,0,-1,1,-1,-1,-1,5,1
KR_6617449603,420,1,97,10,5,1,2,1,-2,2,4,0,4,4,6,6,0,0,1,1,0,5,6,4,4,8,2,0,1,-1,1,1,-1,5,1
KR_6750332055,420,2,66,42,-2,0,2,2,1,3,2,-1,2,3,-1,1,2,-1,0,1,0,-4,-36,-4,7,3,5,0,0,1,1,1,1,1,1
KR_6757947097,420,2,11,10,0,-3,1,4,2,5,3,1,3,2,3,5,2,-3,0,3,-1,3,-5,-5,8,3,6,0,-1,1,-1,-1,-1,1,1
KR_6762049323,420,-3,-36,-21,-4,-6,1,7,1,2,1,1,3,2,-1,5,6,1,1,0,0,-5,-44,-4,8,4,-1,0,-1,-1,-1,-1,1,4,1
KR_6759251077,420,0,-28,-18,3,-1,2,3,4,6,2,-4,3,7,5,5,0,-1,2,3,0,2,-6,-1,7,6,0,0,-1,0,-1,-1,-1,0,1
KR_6677865981,420,1,31,28,-2,0,0,0,0,2,2,1,5,4,-4,1,5,1,1,0,0,-5,-24,-7,11,4,4,0,0,1,1,0,1,2,1
KR_6760103175,420,2,-46,9,2,4,5,1,0,3,3,1,5,4,-4,0,4,1,2,1,0,10,19,-2,4,2,0,0,0,-1,1,-1,-1,3,1
KR_6764345041,420,5,32,69,15,5,6,1,4,5,1,0,6,6,6,6,0,0,1,1,4,12,-7,-2,5,3,0,0,3,1,1,1,1,1,1
KR_6724938777,420,1,25,17,2,0,2,2,4,6,2,-2,1,3,0,3,3,0,3,3,0,4,4,0,4,4,-1,0,0,0,1,0,-1,0,1
KR_6694692788,420,3,37,10,6,0,2,2,5,9,4,5,7,2,-1,5,6,-3,0,3,0,2,27,-9,13,4,-1,0,1,-1,1,1,1,2,1
KR_6709157648,420,-1,14,8,1,1,1,0,-4,1,5,4,5,1,-2,1,3,2,2,0,0,-1,-8,5,3,8,2,0,0,1,-1,0,1,2,1
KR_6717096478,440,-3,5,0,-3,-1,0,1,-2,0,2,1,1,0,2,3,1,-3,0,3,0,-1,0,2,5,7,-3,0,-1,0,1,-1,-1,0,1
KR_6558324084,440,0,55,-8,-1,1,2,1,0,4,4,-2,2,4,-1,4,5,1,1,0,0,4,5,-2,4,2,0,0,1,-1,-1,1,-1,3,1
KR_6759958138,420,4,33,22,1,-1,1,2,-3,1,4,0,3,3,4,5,1,1,1,0,-1,-5,-2,5,5,10,6,0,0,1,1,0,-1,6,1
KR_6587294934,420,5,44,14,8,0,1,1,0,5,5,1,3,2,5,5,0,2,3,1,2,19,5,2,3,5,-1,0,1,1,-1,1,1,1,1
KR_6762523726,420,5,37,48,1,0,2,2,4,8,4,-1,2,3,-2,2,4,0,2,2,-1,6,0,-1,7,6,6,0,0,1,1,0,-1,3,1
KR_6758122932,440,1,13,16,3,-1,1,2,8,8,0,0,1,1,0,1,1,-4,0,4,0,1,39,1,5,6,-4,0,0,0,1,0,1,0,1
KR_6759262883,420,4,33,8,4,5,5,0,-2,1,3,0,1,1,3,4,1,-2,0,2,0,3,5,0,5,5,-1,0,1,-1,1,1,1,2,1
KR_6696095179,440,2,-42,-14,5,-1,2,3,2,2,0,-3,0,3,7,8,1,0,1,1,-1,5,9,5,1,6,0,0,0,1,0,0,-1,5,1
KR_6763993909,440,6,99,3,13,2,2,0,1,1,0,3,3,0,1,1,0,6,6,0,0,13,-4,-1,4,3,-2,0,1,1,1,1,1,4,1
KR_6709600500,420,5,104,58,9,2,3,1,-2,5,7,3,3,0,4,5,1,2,3,1,1,8,-110,-1,7,6,2,0,0,0,1,1,1,0,1
KR_6687636072,420,6,49,9,20,9,10,1,5,6,1,2,3,1,2,4,2,2,2,0,0,23,-7,0,3,3,2,0,3,-1,1,1,1,6,1
KR_6674990497,420,2,22,2,0,1,3,2,-3,3,6,0,1,1,1,5,4,1,2,1,0,4,-5,0,2,2,1,0,1,1,-1,1,-1,6,1
KR_6659797793,420,1,43,1,-6,0,2,2,1,3,2,-1,2,3,-6,3,9,0,1,1,-3,-10,3,-3,7,4,0,0,2,0,1,1,-1,0,1
KR_6763428719,420,1,35,17,3,2,4,2,0,6,6,-1,1,2,1,2,1,1,1,0,0,0,-17,2,6,8,-1,0,1,-1,1,1,-1,1,1
KR_6762532129,420,2,60,9,1,2,5,3,1,4,3,-2,0,2,-2,1,3,2,2,0,-1,-5,-6,-6,9,3,-1,0,0,1,-1,1,-1,4,1
KR_6711561156,420,3,73,0,5,4,6,2,-1,4,5,0,2,2,1,2,1,1,1,0,0,0,0,0,5,5,2,0,1,-1,1,1,1,1,1
KR_6763870190,420,5,67,24,12,2,4,2,0,1,1,2,3,1,8,8,0,0,1,1,1,7,-4,5,2,7,4,0,2,1,1,1,1,6,1
KR_6637519608,440,-2,-40,39,-7,-2,2,4,-2,2,4,-5,2,7,2,4,2,0,1,1,0,-5,-23,1,5,6,11,0,-1,1,-1,-1,1,3,1
KR_6763166195,420,2,53,12,-2,-4,2,6,1,2,1,-2,1,3,1,1,0,2,3,1,0,-3,-13,-5,9,4,5,0,0,1,1,0,-1,3,1
KR_6691956747,420,2,18,-17,1,0,0,0,2,4,2,-3,2,5,2,2,0,0,1,1,0,-5,16,-2,12,10,2,0,-1,1,1,-1,1,2,1
KR_6764717323,420,2,28,-24,5,0,2,2,2,3,1,-2,4,6,2,5,3,3,6,3,0,8,-29,1,2,3,0,0,0,-1,0,0,1,3,1
KR_6751494986,420,4,4,24,4,1,3,2,-1,1,2,0,4,4,-2,0,2,6,6,0,0,-2,-4,4,2,6,1,0,-1,1,-1,-1,-1,5,1
KR_6731467235,440,2,-19,45,6,2,3,1,4,5,1,-3,0,3,3,8,5,0,1,1,1,17,12,2,4,6,2,0,0,1,1,1,1,4,1
KR_6702644957,420,-3,-21,-24,0,-2,1,3,2,2,0,-1,0,1,1,4,3,0,0,0,1,7,6,3,6,9,2,0,-1,-1,1,-1,1,5,1
KR_6757358776,420,5,-15,25,13,2,4,2,0,3,3,6,7,1,6,6,0,-1,0,1,1,10,8,-2,3,1,-3,0,1,1,1,1,1,2,1
KR_6763203371,420,-1,-48,12,0,1,2,1,2,2,0,-4,0,4,2,3,1,-1,0,1,0,2,1,-2,4,2,0,0,-1,-1,-1,-1,1,6,1
KR_6669923372,420,1,-21,-15,4,3,3,0,2,5,3,-2,0,2,1,7,6,0,1,1,0,3,200,-1,5,4,-1,0,2,-1,1,1,1,5,1
KR_6746085785,420,4,76,28,5,1,1,0,1,3,2,-3,1,4,8,8,0,-2,2,4,-1,-3,-7,-5,9,4,2,0,1,1,-1,1,-1,2,1
KR_6759695016,420,1,-4,0,6,-3,3,6,5,7,2,1,2,1,4,4,0,-1,1,2,1,14,-2,-1,6,5,-3,0,1,-1,0,1,1,1,1
KR_6750845839,440,4,42,17,7,5,5,0,4,5,1,-2,1,3,-1,4,5,1,4,3,0,-5,-6,-1,7,6,1,0,2,0,1,1,1,0,1
KR_6696506796,420,1,79,-20,8,5,7,2,-1,4,5,-3,1,4,6,8,2,1,2,1,0,5,213,-2,7,5,-1,0,2,-1,-1,1,1,3,1
KR_6757746457,420,-3,30,-14,-3,0,2,2,0,2,2,-3,0,3,1,1,0,-1,0,1,0,-5,1,-2,9,7,-8,0,0,-1,0,0,1,5,1
KR_6752709088,420,4,-19,4,22,6,7,1,3,3,0,5,6,1,5,8,3,3,3,0,1,20,106,4,1,5,2,0,1,1,-1,1,1,3,1
KR_6646353821,420,2,44,4,3,0,1,1,3,4,1,2,3,1,-1,0,1,-1,1,2,1,1,-5,-1,7,6,6,0,0,1,1,-1,1,6,1
KR_6736561381,420,3,21,35,3,2,3,1,-4,1,5,3,6,3,1,5,4,1,1,0,1,-1,8,5,4,9,-1,0,0,1,-1,-1,1,4,1
KR_6762507796,420,-2,-14,-19,-1,-1,4,5,-2,2,4,1,3,2,1,3,2,0,0,0,0,3,-5,8,1,9,-1,0,0,1,-1,-1,-1,5,1
KR_6697911355,420,3,-42,23,5,4,6,2,-1,3,4,-2,1,3,4,6,2,0,1,1,0,10,-1,2,5,7,1,0,1,-1,1,1,-1,1,1
KR_6765925186,420,1,14,-8,6,1,3,2,1,2,1,5,5,0,3,3,0,-4,0,4,0,6,-6,1,4,5,1,0,0,0,0,0,1,0,1
KR_6746076046,420,-1,-21,4,-3,3,5,2,-1,0,1,-1,1,2,4,4,0,-8,0,8,1,-9,6,1,4,5,-2,0,1,1,0,1,1,1,1
KR_6721123067,420,2,57,20,7,0,1,1,7,7,0,0,0,0,1,4,3,-1,2,3,0,3,-1,3,1,4,-1,0,0,1,-1,0,1,1,1
KR_6747290610,420,0,33,11,2,0,1,1,-2,1,3,2,5,3,2,4,2,0,0,0,1,2,25,0,3,3,1,0,1,-1,1,1,1,6,1
KR_6700273526,440,4,100,-2,7,-2,0,2,2,2,0,1,2,1,8,8,0,-2,0,2,0,14,0,0,4,4,1,0,2,-1,1,1,1,6,1
KR_6763204124,420,3,-28,12,5,-1,2,3,3,3,0,1,3,2,1,4,3,1,1,0,0,21,1,-2,7,5,3,0,0,1,-1,-1,-1,3,1
KR_6765450596,420,1,28,48,-1,0,2,2,3,3,0,-5,0,5,1,2,1,0,0,0,0,1,1,2,4,6,-1,0,1,1,-1,1,-1,2,1
KR_6751290540,420,1,-36,8,-2,1,1,0,-1,3,4,5,6,1,-8,0,8,1,1,0,0,1,-24,-3,5,2,0,0,-1,1,-1,-1,-1,6,1
KR_6563024548,440,1,68,-28,11,-1,4,5,3,5,2,3,5,2,4,6,2,2,2,0,0,4,-2,2,1,3,4,0,2,1,0,1,1,4,1
KR_6745261760,440,4,-21,-16,0,5,6,1,-2,4,6,-2,4,6,-3,1,4,2,4,2,-2,-2,-9,-4,5,1,2,0,0,-1,1,1,-1,2,1
KR_6736863705,420,0,-35,-12,2,0,3,3,0,1,1,-2,1,3,5,8,3,-1,1,2,-1,0,7,4,4,8,-3,0,0,1,1,0,-1,5,1
KR_6720989850,420,1,-13,9,7,3,3,0,7,7,0,-1,1,2,-1,1,2,-1,3,4,1,12,10,2,2,4,-6,0,0,-1,1,0,1,2,1
KR_6765610199,420,6,37,22,19,-1,1,2,12,16,4,5,8,3,4,5,1,-1,0,1,1,21,31,4,2,6,-4,0,1,1,-1,1,1,3,1
KR_6728516057,440,-2,7,-35,0,-1,0,1,0,4,4,-1,0,1,1,4,3,1,1,0,0,1,22,1,7,8,2,0,0,-1,1,0,1,3,1
KR_6743194760,440,3,72,18,6,3,3,0,-1,7,8,7,8,1,-4,2,6,1,1,0,0,4,-9,0,2,2,4,0,1,-1,1,1,1,6,1
KR_6747556889,420,-3,-25,-20,-2,-1,2,3,2,4,2,-4,0,4,0,1,1,1,4,3,-2,-1,1,-1,7,6,2,0,-1,1,-1,-1,-1,3,1
KR_6688839725,420,5,-8,24,8,-3,1,4,5,7,2,-1,2,3,4,5,1,3,3,0,-1,-1,0,-2,8,6,5,0,1,1,1,1,-1,1,1
KR_6752199843,420,0,-48,4,0,1,3,2,2,4,2,-3,2,5,-3,1,4,3,5,2,-1,0,-2,-1,4,3,-2,0,1,1,1,1,-1,1,1
KR_6758711248,440,3,25,5,9,1,1,0,2,2,0,-3,2,5,9,9,0,0,1,1,1,9,4,3,0,3,0,0,1,1,1,1,1,1,1
KR_6689886886,420,3,11,11,8,-3,0,3,5,10,5,3,4,1,2,3,1,1,3,2,0,8,-1,-1,5,4,5,0,1,-1,1,1,1,3,1
KR_6704723874,420,1,-35,1,-7,2,2,0,-3,1,4,-5,2,7,-2,2,4,1,1,0,0,-8,-123,1,4,5,-3,0,0,-1,1,1,-1,2,1
KR_6728705721,440,-1,23,-1,-4,1,2,1,-3,1,4,3,5,2,-2,2,4,-3,1,4,0,-6,-96,-2,7,5,-1,0,1,1,-1,1,1,4,1
KR_6751261911,440,2,65,23,7,2,2,0,4,5,1,3,3,0,-2,3,5,0,2,2,-1,6,12,7,3,10,6,0,0,-1,1,1,1,4,1
KR_6691852519,420,5,105,13,11,2,3,1,6,7,1,-1,2,3,5,7,2,-1,0,1,0,10,16,2,6,8,-4,0,0,-1,1,1,-1,4,1
KR_6760302158,420,5,52,16,12,4,6,2,1,1,0,-1,2,3,8,10,2,0,0,0,0,11,12,3,2,5,-3,0,1,-1,1,1,1,1,1
KR_6747574560,420,-3,-68,-19,-3,2,3,1,3,6,3,1,2,1,-2,4,6,-7,1,8,1,-1,274,1,4,5,4,0,0,-1,1,-1,1,3,1
KR_6680339182,420,4,32,17,10,-2,0,2,2,4,2,2,3,1,1,1,0,7,7,0,1,4,-10,-11,12,1,8,0,0,-1,1,-1,1,1,1
KR_6735556564,440,4,21,16,6,-2,1,3,2,4,2,0,3,3,7,8,1,-1,0,1,1,12,-8,1,6,7,4,0,1,1,1,1,-1,3,1
KR_6763962017,420,2,13,-14,9,0,1,1,3,5,2,1,3,2,4,5,1,1,1,0,1,12,6,3,2,5,5,0,0,0,-1,-1,1,0,1
KR_6667949732,420,-2,-11,27,-4,-2,1,3,-2,5,7,1,3,2,-3,1,4,2,2,0,0,-5,-6,-5,11,6,2,0,0,1,1,1,1,5,1
KR_6762579785,420,4,-5,43,4,1,2,1,0,2,2,2,3,1,1,1,0,0,0,0,0,6,2,3,7,10,7,0,0,1,1,0,1,3,1
KR_6761171988,420,2,15,-8,3,0,1,1,-3,1,4,2,2,0,4,5,1,0,3,3,0,4,0,0,5,5,3,0,0,1,-1,0,1,5,1
KR_6763901979,420,2,20,4,6,3,3,0,1,3,2,3,4,1,-2,2,4,1,1,0,0,-3,0,6,4,10,-5,0,0,-1,0,0,1,1,1
KR_6603001525,420,1,11,1,4,-2,0,2,6,8,2,0,0,0,-2,0,2,2,5,3,0,-3,1,4,2,6,1,0,0,1,-1,0,-1,1,1
KR_6693575059,420,3,18,-21,4,4,5,1,1,4,3,-6,1,7,-4,1,5,9,10,1,0,2,3,-4,8,4,1,0,1,-1,-1,1,1,6,1
KR_6765254565,420,-3,-10,-8,-8,0,2,2,-5,3,8,-1,2,3,-3,1,4,1,1,0,0,-8,-7,-8,14,6,12,0,-1,-1,-1,-1,-1,1,1
KR_6760217748,420,1,59,9,3,1,4,3,-3,1,4,2,4,2,6,8,2,-3,1,4,0,-1,-7,7,1,8,0,0,0,1,1,1,1,3,1
KR_6610005253,420,5,23,24,8,1,2,1,6,7,1,0,1,1,1,3,2,0,0,0,0,12,-4,-3,7,4,0,0,0,1,1,0,1,5,1
KR_6765241421,420,1,31,19,-2,-2,1,3,0,2,2,-2,3,5,1,2,1,1,1,0,0,0,43,2,2,4,-13,0,1,1,-1,-1,-1,4,1
KR_6760322886,420,-2,-19,-12,1,5,5,0,2,4,2,-6,2,8,1,3,2,-1,0,1,4,9,-18,-7,10,3,4,0,-2,-1,-1,-1,1,2,1
KR_6644453115,420,1,32,-8,4,-1,1,2,-1,1,2,5,5,0,4,8,4,-3,0,3,0,1,-4,-2,7,5,6,0,1,1,1,1,1,2,1
KR_6761743837,420,2,22,12,3,3,4,1,3,7,4,-1,0,1,-1,1,2,-1,2,3,0,0,2,3,2,5,2,0,1,1,-1,1,1,4,1
KR_6471396968,420,4,13,32,0,0,2,2,-2,0,2,0,1,1,2,8,6,0,1,1,0,-8,35,-3,7,4,-18,0,0,-1,1,1,1,3,1
KR_6764519644,420,5,69,25,12,0,2,2,1,2,1,0,1,1,7,7,0,4,4,0,0,8,-2,5,2,7,-1,0,0,1,1,1,-1,2,1
KR_6761199652,440,5,29,16,4,2,4,2,2,3,1,1,3,2,2,3,1,-3,1,4,0,-2,113,-3,6,3,1,0,1,-1,1,1,1,6,1
KR_6597422679,420,-3,30,24,-11,-5,0,5,-7,1,8,2,4,2,-1,1,2,0,0,0,0,-11,10,-1,7,6,-6,0,-1,-1,1,-1,-1,3,1
KR_6751487520,440,1,52,2,2,2,3,1,-2,2,4,0,3,3,3,4,1,-1,2,3,0,7,-25,4,4,8,-2,0,-2,0,-1,-1,-1,0,1
KR_6530358406,420,0,-23,20,0,7,8,1,0,5,5,-7,0,7,0,3,3,0,0,0,0,2,14,-3,7,4,8,0,1,-1,-1,1,1,5,1
KR_6766231659,440,4,80,4,6,3,4,1,2,4,2,0,2,2,2,4,2,-1,1,2,0,9,-234,-3,3,0,-2,0,-1,1,-1,-1,1,3,1
KR_6709151863,420,-4,25,-1,-2,-4,1,5,-4,0,4,6,8,2,-1,0,1,1,2,1,0,-2,-3,-4,9,5,-2,0,0,-1,-1,-1,1,2,1
KR_6696176570,420,1,-2,15,-5,3,4,1,1,2,1,2,2,0,-5,0,5,-6,0,6,0,-8,66,-2,7,5,-3,0,0,0,1,0,1,0,1
KR_6669122796,420,2,-32,7,5,1,2,1,3,7,4,2,3,1,2,3,1,-3,1,4,0,10,-37,0,3,3,19,0,3,0,1,1,-1,0,1
KR_6764767625,420,3,-15,50,0,-4,1,5,-2,2,4,-1,0,1,5,6,1,2,3,1,0,-5,-3,0,2,2,-3,0,0,1,-1,-1,1,2,1
KR_6718605940,420,2,60,-11,8,4,7,3,0,2,2,7,9,2,-2,2,4,-1,1,2,0,9,2,0,3,3,8,0,0,1,1,1,1,3,1
KR_6708916648,420,6,146,-1,11,2,2,0,3,5,2,5,6,1,-1,2,3,2,3,1,0,3,-150,-3,5,2,5,0,1,1,1,1,1,4,1
KR_6755517623,420,3,9,-3,3,0,1,1,3,3,0,2,2,0,-2,3,5,0,2,2,0,6,-16,2,3,5,5,0,1,1,1,1,1,2,1
KR_6766084853,420,3,38,0,9,-1,1,2,3,3,0,3,3,0,1,4,3,3,3,0,0,12,-6,-4,7,3,10,0,0,1,-1,-1,1,4,1
KR_6759728168,420,-1,-12,28,3,2,2,0,-1,2,3,2,5,3,-1,2,3,1,3,2,0,7,4,1,8,9,0,0,0,1,1,1,1,3,1
KR_6570718101,420,-3,-83,-28,-1,0,1,1,0,2,2,0,4,4,-2,1,3,1,1,0,-1,4,11,-3,8,5,-4,0,-1,-1,-1,-1,-1,2,1
KR_6670146577,420,-3,-23,-4,-9,-1,1,2,-7,1,8,-2,3,5,4,4,0,-3,0,3,-1,-11,-125,-5,10,5,1,0,-1,-1,-1,-1,-1,6,1
KR_6676373590,420,2,30,-26,4,-1,1,2,0,2,2,4,5,1,1,3,2,0,1,1,0,5,3,3,4,7,0,0,0,0,-1,-1,-1,0,1
KR_6602771365,420,3,-9,-8,3,0,2,2,4,6,2,-1,1,2,-1,2,3,1,1,0,0,3,70,1,4,5,-31,0,0,-1,1,1,-1,6,1
KR_6692606605,420,1,29,15,4,3,4,1,-1,1,2,0,1,1,1,3,2,1,3,2,0,6,4,-2,7,5,-1,0,0,1,-1,0,1,6,1
KR_6746708119,440,-3,-45,0,-4,3,4,1,-3,1,4,-3,0,3,-1,1,2,0,1,1,0,-7,13,-2,4,2,-2,0,-1,-1,-1,-1,1,4,1
KR_6359707115,420,4,73,-20,10,2,3,1,5,6,1,-2,0,2,4,5,1,1,2,1,0,19,0,0,0,0,3,0,2,1,-1,1,1,5,1
KR_6600036942,420,5,36,3,8,6,6,0,1,2,1,-1,0,1,2,6,4,0,0,0,0,3,4,0,6,6,1,0,1,1,1,1,1,1,1
KR_6762380498,420,2,18,11,2,2,4,2,1,2,1,-2,1,3,0,0,0,1,1,0,0,1,4,0,4,4,1,0,0,1,1,0,1,5,1
KR_6752263897,440,4,84,-4,9,2,2,0,-1,4,5,6,8,2,8,8,0,-6,0,6,0,12,2,0,3,3,4,0,2,1,-1,1,1,6,1
KR_6762103078,420,0,-10,6,3,-2,1,3,4,5,1,-1,1,2,2,2,0,0,0,0,0,5,-5,0,3,3,4,0,0,1,-1,0,-1,2,1
KR_6736862665,440,5,17,51,5,2,2,0,5,7,2,-1,1,2,1,2,1,-2,0,2,-1,0,-12,-4,9,5,13,0,1,0,1,1,-1,0,1
KR_6759646321,440,0,50,11,3,3,5,2,0,1,1,2,5,3,-3,1,4,1,1,0,0,-2,1,1,3,4,0,0,0,1,1,0,1,3,1
KR_6752335676,420,-2,45,-36,-1,-1,1,2,-4,5,9,5,8,3,-2,1,3,1,1,0,0,7,-31,3,4,7,-5,0,0,1,1,1,1,3,1
KR_6695300841,420,0,28,12,0,0,2,2,2,4,2,-1,1,2,-1,2,3,0,0,0,0,-1,0,-2,6,4,6,0,1,1,1,1,1,1,1
KR_6751503635,440,1,-48,10,5,1,3,2,2,4,2,0,0,0,1,3,2,1,1,0,0,4,-6,-1,5,4,1,0,0,-1,1,-1,1,4,1
KR_6765637922,420,-2,-15,19,-2,-3,1,4,-1,1,2,3,8,5,-2,0,2,1,1,0,0,-6,-326,0,6,6,1,0,0,-1,1,-1,1,6,1
KR_6505090430,420,1,32,40,2,-1,0,1,1,7,6,0,1,1,2,5,3,0,0,0,0,6,56,0,5,5,-27,0,1,1,-1,1,1,3,1
KR_6752726489,440,1,-22,4,0,0,1,1,2,4,2,3,3,0,-3,2,5,-2,0,2,0,1,-5,1,2,3,1,0,1,1,1,1,-1,5,1
KR_6716590797,420,1,-1,41,6,0,1,1,4,5,1,0,2,2,1,3,2,1,1,0,1,8,-4,-3,8,5,5,0,0,-1,-1,0,1,2,1
KR_6726859126,420,0,-39,-10,-4,-7,2,9,-4,3,7,5,5,0,1,3,2,1,1,0,0,2,0,-4,10,6,1,0,0,-1,-1,0,1,1,1
KR_6758665177,420,-3,-32,-12,-8,-3,0,3,-1,3,4,0,2,2,-3,5,8,-1,1,2,0,-9,144,1,4,5,1,0,-2,-1,1,-1,1,3,1
KR_6746693258,440,4,63,23,17,7,8,1,4,6,2,-2,0,2,6,7,1,2,2,0,0,16,5,-1,7,6,4,0,2,1,1,1,1,3,1
KR_6668169338,440,5,76,36,3,5,6,1,-1,2,3,2,4,2,-4,2,6,1,2,1,0,-4,2,2,2,4,-1,0,1,1,1,1,1,3,1
KR_6761219175,440,1,11,32,2,-1,2,3,2,6,4,5,5,0,-3,2,5,-1,1,2,-1,0,7,-5,13,8,-6,0,2,1,0,1,-1,2,1
KR_6747278306,420,-1,20,-32,-3,3,6,3,2,2,0,-7,1,8,-1,2,3,0,1,1,0,-4,-37,-4,8,4,1,0,0,-1,-1,1,1,5,1
KR_6760025783,420,2,4,40,6,1,3,2,5,6,1,1,1,0,-1,0,1,0,0,0,0,5,2,0,8,8,-2,0,0,1,1,0,1,5,1
KR_6746417190,420,1,56,-19,5,2,5,3,0,3,3,4,5,1,-1,3,4,0,1,1,1,4,-17,-7,8,1,7,0,1,-1,1,1,1,5,1
KR_6763070802,420,2,18,1,10,1,2,1,1,5,4,7,8,1,3,4,1,-2,0,2,0,8,39,0,4,4,-1,0,2,1,1,1,1,3,1
KR_6760482795,420,3,-6,24,8,-2,3,5,2,4,2,4,4,0,1,3,2,3,4,1,2,12,7,1,5,6,3,0,1,-1,-1,1,1,2,1
KR_6650597517,420,5,6,11,3,4,4,0,1,8,7,2,3,1,-6,1,7,2,2,0,0,4,2,-4,7,3,-1,0,0,1,1,1,-1,4,1
KR_6747598428,420,-3,-12,-12,-5,-2,1,3,0,1,1,0,3,3,-1,6,7,-2,0,2,0,-1,117,1,8,9,0,0,0,1,-1,0,-1,5,1
KR_6740264319,420,0,9,-4,1,-2,3,5,1,3,2,-2,0,2,3,4,1,1,3,2,0,10,-102,-3,9,6,-3,0,0,1,-1,1,-1,3,1
KR_6740333564,420,0,52,16,1,-1,3,4,-2,1,3,-1,1,2,3,4,1,2,2,0,0,5,-6,-3,7,4,-1,0,1,-1,1,1,-1,6,1
KR_6585698350,420,1,33,8,7,5,5,0,1,1,0,3,5,2,-2,2,4,0,1,1,0,0,-43,-1,3,2,3,0,1,1,1,1,1,1,1
KR_6761758039,420,-1,-16,-17,0,-1,0,1,1,5,4,1,1,0,-1,1,2,0,2,2,0,3,-9,-1,6,5,4,0,0,1,-1,0,-1,4,1
KR_6692057783,420,-2,73,20,-3,-1,0,1,0,3,3,-2,1,3,-2,3,5,2,2,0,0,-5,-17,0,4,4,2,0,1,0,1,1,1,0,1
KR_6762491863,440,2,5,-17,4,1,3,2,4,4,0,-3,3,6,0,3,3,2,4,2,0,6,-14,3,4,7,2,0,0,-1,0,0,-1,6,1
KR_6729437346,420,1,44,-8,0,-1,0,1,1,4,3,-5,3,8,5,9,4,0,0,0,0,-9,-4,0,7,7,4,0,0,1,-1,1,-1,1,1
KR_6758568572,420,0,-6,8,1,3,3,0,-2,0,2,-1,2,3,1,3,2,0,1,1,1,-5,2,0,3,3,1,0,0,0,1,1,1,0,1
KR_6761818151,440,0,68,-16,5,-5,0,5,2,3,1,6,7,1,0,3,3,2,2,0,0,-4,-3,2,2,4,2,0,1,1,1,1,1,1,1
KR_6728842930,420,1,-55,40,-3,5,5,0,1,3,2,-1,0,1,-4,1,5,-4,0,4,0,-7,-16,-1,3,2,4,0,0,1,1,1,1,3,1
KR_6677796903,420,6,86,62,12,1,3,2,2,4,2,2,3,1,4,4,0,3,3,0,0,12,-1,-2,6,4,1,0,1,1,1,1,-1,3,1
KR_6751808398,420,2,21,23,1,0,1,1,4,5,1,2,5,3,-2,1,3,-3,0,3,0,2,126,3,4,7,-4,0,0,-1,1,0,1,1,1
KR_6765823705,420,3,-35,28,13,3,3,0,0,1,1,3,5,2,6,8,2,1,2,1,-1,15,4,6,3,9,-4,0,0,-1,-1,-1,-1,1,1
KR_6641810422,420,9,94,12,17,1,3,2,3,3,0,10,11,1,6,6,0,-3,2,5,0,10,6,-1,5,4,2,0,2,1,1,1,1,5,1
KR_6738416775,420,5,2,-27,20,3,3,0,7,9,2,4,6,2,5,6,1,1,2,1,0,21,34,1,4,5,2,0,1,1,1,1,1,1,1
KR_6757361038,420,-3,20,2,-7,-1,0,1,-2,2,4,-3,3,6,-1,0,1,0,0,0,0,-8,-4,-1,4,3,3,0,-1,1,-1,-1,-1,1,1
KR_6764791632,420,2,60,15,5,2,3,1,-1,1,2,2,3,1,2,5,3,0,0,0,0,6,-4,-4,9,5,3,0,0,1,-1,0,1,3,1
KR_6734103695,420,2,-8,-7,5,4,4,0,-4,1,5,1,3,2,0,3,3,4,4,0,0,5,0,-1,4,3,-1,0,3,1,1,1,-1,4,1
KR_6744109691,420,1,17,24,1,-2,2,4,-5,2,7,4,4,0,3,3,0,1,3,2,0,1,-133,1,3,4,-14,0,-1,0,0,-1,1,0,1
KR_6703992719,420,0,12,-21,1,0,2,2,-1,1,2,-1,1,2,4,6,2,-1,1,2,0,3,0,3,4,7,0,0,0,1,1,1,-1,4,1
KR_6757088039,420,1,22,-39,7,0,3,3,1,2,1,1,3,2,3,3,0,2,2,0,0,12,-26,-2,9,7,5,0,2,-1,1,1,-1,6,1
KR_6585315050,420,-2,-32,-17,-3,0,1,1,2,3,1,2,2,0,-7,0,7,0,0,0,0,-8,-28,-2,5,3,0,0,-1,-1,1,-1,-1,4,1
KR_6360861027,420,1,-81,24,0,0,1,1,2,2,0,-2,1,3,1,1,0,-1,0,1,0,6,0,0,0,0,7,0,-1,1,1,-1,-1,2,1
KR_6764859547,440,1,34,16,-1,0,1,1,0,0,0,-2,1,3,-5,3,8,6,7,1,0,-7,-14,1,5,6,4,0,0,-1,1,-1,-1,4,1
KR_6759326111,420,6,60,21,11,2,4,2,6,6,0,2,2,0,3,7,4,-2,1,3,0,12,25,-1,4,3,2,0,0,1,0,1,-1,4,1
KR_6750644296,420,3,41,28,5,2,2,0,-2,0,2,5,6,1,-4,3,7,4,4,0,-1,2,-258,-2,7,5,-1,0,1,1,1,1,-1,2,1
KR_6756909285,420,-2,-3,-24,-4,0,1,1,0,7,7,-5,0,5,2,2,0,-1,1,2,0,-2,-1,-7,8,1,0,0,-1,-1,-1,-1,-1,5,1
KR_6764695473,420,1,34,12,2,2,2,0,1,2,1,0,4,4,-2,1,3,1,2,1,1,-1,-2,-3,9,6,-2,0,-1,-1,-1,1,1,4,1
KR_6758657058,420,4,67,0,4,-2,0,2,1,4,3,4,6,2,2,3,1,-1,4,5,-1,0,10,1,5,6,-1,0,2,1,-1,1,-1,3,1
KR_6760515537,420,-3,-35,0,-6,-2,3,5,0,3,3,-3,2,5,-1,1,2,0,0,0,0,-3,-5,-2,6,4,0,0,-2,-1,-1,-1,1,3,1
KR_6692537081,420,3,-16,26,7,-1,2,3,5,7,2,0,1,1,2,4,2,1,2,1,0,8,0,3,4,7,-2,0,-1,1,1,-1,-1,3,1
KR_6745127315,420,3,-3,4,2,3,4,1,1,5,4,2,3,1,-4,0,4,0,0,0,-1,-3,-35,2,4,6,0,0,0,-1,-1,0,-1,5,1
KR_6765482944,420,2,26,7,12,2,2,0,1,3,2,3,3,0,5,5,0,1,1,0,0,13,6,6,3,9,-4,0,0,-1,1,1,1,4,1
KR_6739799660,420,2,86,0,0,5,5,0,-3,2,5,1,1,0,-3,1,4,0,1,1,0,-8,-11,-3,9,6,4,0,1,1,1,1,-1,3,1
KR_6761658862,440,3,43,4,11,0,2,2,0,0,0,3,4,1,8,8,0,0,0,0,0,12,2,3,2,5,-2,0,2,1,1,1,1,3,1
KR_6763933625,420,2,36,-8,1,-1,1,2,1,6,5,-4,1,5,4,4,0,1,1,0,0,6,2,-3,11,8,-1,0,-1,-1,-1,-1,1,1,1
KR_6738165729,420,2,-30,7,3,2,2,0,2,3,1,-3,6,9,-2,2,4,4,5,1,0,6,-3,1,4,5,-2,0,0,1,-1,0,-1,1,1
KR_6764564691,420,0,-8,32,1,-3,1,4,0,3,3,1,5,4,2,2,0,1,2,1,0,7,0,-1,5,4,-3,0,0,-1,1,1,-1,3,1
KR_6761506587,420,6,37,-8,14,3,4,1,1,3,2,5,5,0,4,7,3,1,2,1,0,15,6,5,3,8,-2,0,3,1,1,1,-1,4,1
KR_6739874015,420,1,-13,4,6,1,1,0,0,2,2,5,5,0,0,4,4,0,0,0,0,8,-23,0,4,4,4,0,0,-1,1,0,1,6,1
KR_6524675174,420,1,11,16,0,0,1,1,3,8,5,-1,2,3,-4,0,4,2,2,0,0,-1,3,5,5,10,-4,0,0,-1,1,1,-1,3,1
KR_6761849197,420,1,56,12,9,3,3,0,4,5,1,2,4,2,1,1,0,-1,0,1,0,3,2,4,3,7,4,0,1,1,1,1,1,3,1
KR_6700339982,420,-2,4,4,-1,1,3,2,0,1,1,-1,2,3,-2,2,4,1,2,1,-1,-11,10,1,2,3,-4,0,0,1,0,0,-1,1,1
KR_6742513454,420,-2,-21,11,-2,2,2,0,-2,0,2,-4,0,4,3,5,2,-1,0,1,0,1,-7,-3,4,1,5,0,-1,1,-1,-1,1,5,1
KR_6677732430,420,2,49,-12,5,6,6,0,1,2,1,0,3,3,1,7,6,-3,0,3,-1,0,52,7,2,9,-1,0,2,-1,1,1,-1,2,1
KR_6722795616,420,0,73,-12,1,1,2,1,1,4,3,2,2,0,0,3,3,-3,0,3,-1,4,3,5,3,8,4,0,0,-1,1,-1,-1,5,1
KR_6758927065,420,3,110,33,11,3,4,1,-4,0,4,1,4,3,5,5,0,6,6,0,1,5,0,2,5,7,7,0,1,1,-1,1,1,3,1
KR_6745027337,440,3,32,4,5,6,7,1,-1,2,3,2,2,0,-1,2,3,-1,0,1,0,-6,1,-2,7,5,-1,0,2,-1,1,1,-1,3,1
KR_6046273131,420,-3,13,-28,-10,-2,0,2,-4,2,6,-3,1,4,-3,4,7,2,2,0,0,-11,-2,-4,10,6,3,0,0,1,-1,-1,-1,1,1
KR_6714549817,440,3,80,24,6,1,3,2,0,0,0,4,7,3,1,1,0,0,0,0,0,3,18,-1,6,5,4,0,1,1,1,1,-1,4,1
KR_6207447942,420,0,-43,-3,-1,1,1,0,-5,2,7,3,6,3,1,4,3,-1,2,3,0,-2,-3,0,7,7,-2,0,0,-1,1,-1,-1,4,1
KR_6614968634,420,2,85,-13,6,2,4,2,-4,0,4,7,7,0,1,3,2,0,0,0,0,2,5,1,4,5,-4,0,1,1,-1,1,1,6,1
KR_6716807509,420,2,39,5,4,4,6,2,0,4,4,1,1,0,-1,3,4,0,1,1,0,0,3,-2,7,5,1,0,1,-1,1,1,-1,1,1
KR_6761174871,420,3,-25,0,6,0,0,0,4,5,1,2,7,5,-2,1,3,2,4,2,0,10,3,4,1,5,4,0,-1,-1,1,-1,-1,6,1
KR_6742296223,420,0,44,-16,8,0,1,1,4,5,1,8,11,3,-3,1,4,-1,2,3,0,17,0,2,3,5,-1,0,1,-1,-1,1,1,5,1
KR_6697403362,420,2,2,-27,7,0,2,2,1,2,1,3,3,0,3,6,3,0,1,1,0,7,31,12,2,14,2,0,1,0,0,1,1,0,1
KR_6764427780,420,1,12,3,13,6,6,0,3,5,2,-1,0,1,5,5,0,0,0,0,0,15,-4,0,4,4,6,0,0,1,1,1,1,1,1
KR_6757888439,420,0,-15,-4,2,5,6,1,-3,2,5,0,2,2,-4,0,4,4,4,0,0,1,13,0,6,6,-7,0,-1,-1,1,-1,1,3,1
KR_6729338952,440,5,52,32,13,3,3,0,7,7,0,6,6,0,-1,5,6,-2,1,3,-1,9,5,4,3,7,4,0,3,1,1,1,-1,6,1
KR_6756042979,420,-1,-64,-24,2,1,2,1,-2,0,2,0,3,3,3,3,0,0,5,5,0,9,24,6,3,9,-7,0,0,1,-1,1,1,3,1
KR_6724732279,420,1,22,4,4,-1,2,3,3,4,1,9,9,0,-4,2,6,-3,2,5,0,-5,7,7,2,9,2,0,0,1,-1,1,1,2,1
KR_6716179183,420,-1,5,-6,8,3,4,1,0,4,4,0,1,1,6,6,0,-1,0,1,0,12,-2,5,4,9,4,0,0,1,-1,-1,-1,1,1
KR_6748514303,420,3,-5,7,5,2,3,1,5,6,1,1,3,2,-1,2,3,-2,0,2,0,4,-1,-3,7,4,3,0,0,-1,-1,0,-1,1,1
KR_6685591090,420,1,-5,-8,4,0,1,1,0,2,2,1,2,1,3,7,4,0,3,3,0,1,5,1,3,4,0,0,1,1,1,1,-1,6,1
KR_6747452439,420,4,29,3,8,3,4,1,1,2,1,3,4,1,1,2,1,0,0,0,1,7,0,-1,3,2,1,0,3,1,1,1,1,5,1
KR_6736609673,420,2,69,36,6,3,3,0,7,8,1,-3,3,6,-2,2,4,1,2,1,1,2,12,0,4,4,0,0,1,-1,1,1,1,5,1
KR_6727184174,420,-3,-40,6,-1,4,5,1,-4,2,6,-1,1,2,2,3,1,-2,0,2,0,-1,-9,-3,7,4,2,0,-1,1,-1,-1,1,6,1
KR_6669767850,420,4,-6,-16,8,-3,2,5,0,1,1,2,5,3,7,9,2,2,4,2,0,9,-17,-5,7,2,0,0,1,1,1,1,-1,3,1
KR_6706318835,420,1,37,-12,9,3,3,0,-3,0,3,6,7,1,4,4,0,-1,0,1,1,10,-4,2,6,8,6,0,1,1,-1,1,1,1,1
KR_6766145099,420,2,87,5,5,1,2,1,0,2,2,1,3,2,5,6,1,-2,0,2,0,6,20,1,1,2,2,0,1,-1,1,1,-1,1,1
KR_6733631148,420,2,80,-17,2,1,2,1,3,4,1,-3,1,4,1,2,1,0,2,2,0,2,-116,3,4,7,-2,0,1,1,1,1,1,2,1
KR_6742428531,420,1,-17,7,1,0,0,0,1,4,3,0,2,2,3,5,2,-3,0,3,0,6,-25,1,4,5,-7,0,0,1,-1,0,-1,4,1
KR_6648397929,420,4,32,-43,7,-2,1,3,1,6,5,2,6,4,5,6,1,1,2,1,0,5,7,4,5,9,4,0,0,1,-1,0,-1,2,1
KR_6642300447,420,0,45,-12,2,2,4,2,0,3,3,0,1,1,0,2,2,0,0,0,0,3,-193,-1,4,3,-3,0,0,1,-1,1,1,3,1
KR_6743091594,440,7,17,32,16,-1,1,2,6,7,1,4,4,0,5,6,1,2,3,1,0,15,-7,-3,7,4,4,0,1,1,-1,1,1,5,1
KR_6761320577,420,1,61,1,2,1,1,0,-1,2,3,0,1,1,3,5,2,-1,0,1,0,3,8,1,5,6,-7,0,1,-1,1,1,-1,3,1
KR_6737278800,440,4,70,1,6,1,1,0,0,3,3,0,0,0,0,2,2,5,7,2,1,0,-37,-2,5,3,32,0,0,1,-1,0,1,4,1
KR_6727946950,420,4,26,42,7,-1,1,2,4,6,2,1,3,2,2,3,1,1,1,0,-1,2,55,-2,3,1,-36,0,1,1,1,1,-1,3,1
KR_6675851078,420,4,45,-6,6,0,1,1,7,9,2,1,1,0,-2,3,5,0,0,0,-2,7,-5,-4,8,4,4,0,1,-1,-1,1,-1,5,1
KR_6693850304,420,8,61,20,9,4,5,1,1,3,2,0,3,3,2,4,2,2,3,1,0,8,-1,6,2,8,4,0,2,1,1,1,1,4,1
KR_6759335306,420,3,3,-9,10,-2,1,3,5,6,1,1,3,2,7,7,0,-1,0,1,0,8,9,3,3,6,-3,0,2,-1,1,1,1,1,1
KR_6759548096,420,-1,32,-12,-3,2,2,0,-2,1,3,-2,1,3,-2,1,3,1,1,0,0,-8,-16,-4,9,5,-3,0,-1,1,-1,-1,1,2,1
KR_6753102575,420,3,15,16,6,-1,2,3,1,3,2,3,3,0,2,2,0,1,2,1,0,11,-16,4,4,8,2,0,1,1,1,1,-1,6,1
KR_6756205977,420,4,108,-14,14,5,5,0,3,5,2,-1,3,4,7,7,0,0,0,0,2,16,57,-1,6,5,-29,0,2,1,-1,1,1,6,1
KR_6602918200,420,4,97,11,5,3,3,0,4,5,1,0,2,2,-3,0,3,1,1,0,0,-3,34,2,3,5,-25,0,1,1,1,1,-1,5,1
KR_6764201718,420,-1,20,14,0,1,2,1,2,4,2,2,3,1,0,2,2,-5,0,5,0,-5,-6,-1,3,2,-1,0,1,-1,1,1,-1,4,1
KR_6761119527,420,0,14,3,2,-2,2,4,2,4,2,-2,1,3,3,4,1,1,1,0,0,5,-4,1,5,6,6,0,1,-1,1,1,-1,4,1
KR_6748397500,420,1,-2,-10,-2,0,1,1,-3,2,5,2,3,1,-1,1,2,0,0,0,0,-2,-108,2,5,7,3,0,-1,1,-1,-1,-1,3,1
KR_6761802814,420,3,25,-4,1,3,4,1,0,2,2,-3,1,4,0,1,1,1,2,1,1,-4,-8,-4,9,5,1,0,1,1,1,1,1,4,1
KR_6741704220,420,6,-76,0,13,3,3,0,3,6,3,-1,1,2,2,4,2,6,6,0,0,9,17,-6,7,1,3,0,0,1,-1,-1,1,2,1
KR_6449086031,420,0,38,4,-2,2,3,1,3,5,2,-1,2,3,-5,0,5,-1,1,2,0,-7,13,3,4,7,-6,0,1,1,1,1,1,6,1
KR_6668206794,440,2,-61,10,3,1,1,0,3,3,0,-4,1,5,4,4,0,-1,1,2,1,-1,-6,0,4,4,0,0,0,0,-1,0,1,0,1
KR_6617504729,420,0,-45,0,2,5,5,0,-1,3,4,2,5,3,-4,0,4,0,2,2,-1,-6,27,1,6,7,-4,0,1,-1,1,1,-1,1,1
KR_6761723687,440,6,87,48,6,3,3,0,1,3,2,-2,0,2,-1,2,3,5,5,0,0,8,6,7,1,8,6,0,3,1,1,1,1,1,1
KR_6765575811,420,2,22,28,5,1,2,1,-5,0,5,3,4,1,4,5,1,2,3,1,0,9,5,2,4,6,1,0,1,1,1,1,1,2,1
KR_6723825189,420,-1,36,-16,3,-1,0,1,1,3,2,1,1,0,2,2,0,0,0,0,0,4,-40,-3,10,7,4,0,-1,1,-1,-1,1,3,1
KR_6362540447,420,-3,-13,33,-5,4,5,1,-5,2,7,-1,0,1,-4,0,4,1,2,1,0,-1,0,0,0,0,-3,0,-1,1,1,1,1,4,1
KR_6696745662,420,7,72,3,18,5,5,0,7,8,1,2,5,3,0,3,3,4,4,0,0,21,8,5,5,10,4,0,1,1,1,1,1,3,1
KR_6761544778,420,2,47,18,3,7,7,0,-2,3,5,-1,1,2,-1,0,1,0,0,0,1,-4,-8,1,4,5,2,0,1,-1,1,1,1,2,1
KR_6762444507,420,3,21,-2,4,-1,1,2,-1,1,2,0,1,1,6,7,1,0,1,1,0,9,14,2,3,5,-4,0,-1,1,-1,-1,1,3,1
KR_6668557139,420,4,87,8,14,4,4,0,2,7,5,4,6,2,1,4,3,3,4,1,0,19,-434,-2,7,5,0,0,-2,1,1,-1,1,3,1
KR_6717233622,420,1,20,15,0,-1,0,1,0,3,3,-1,3,4,2,2,0,0,1,1,0,1,-2,-4,5,1,2,0,0,-1,1,1,-1,2,1
KR_6680142737,420,2,26,-15,4,6,7,1,1,2,1,2,5,3,-3,2,5,-2,1,3,0,-2,4,0,3,3,-1,0,0,1,1,1,-1,3,1
KR_6766121294,420,3,-8,15,5,0,2,2,3,8,5,-2,0,2,2,4,2,2,2,0,0,4,-39,-2,7,5,26,0,1,-1,1,1,1,5,1
KR_6758171267,440,1,-10,-3,1,2,2,0,0,2,2,-1,2,3,-2,5,7,2,3,1,0,5,3,2,4,6,1,0,0,0,0,0,1,0,1
KR_6726493938,420,4,39,23,1,1,1,0,-3,3,6,-1,3,4,3,4,1,1,2,1,0,-1,-7,-5,9,4,-5,0,3,-1,1,1,1,2,1
KR_6731155622,420,6,63,24,17,2,2,0,3,3,0,4,6,2,8,8,0,0,2,2,0,18,2,2,4,6,-3,0,0,1,1,0,1,2,1
KR_6740529263,420,2,70,1,0,2,4,2,0,5,5,-2,0,2,1,2,1,-1,0,1,0,0,24,0,3,3,-3,0,0,-1,-1,0,-1,2,1
KR_6759912736,420,-2,-43,24,-10,0,1,1,-3,1,4,-2,2,4,-3,1,4,-2,1,3,-1,-12,9,-5,9,4,-3,0,1,1,-1,1,-1,4,1
KR_6657028169,420,2,53,4,3,4,6,2,-2,2,4,0,0,0,-2,1,3,3,5,2,0,1,5,3,3,6,4,0,2,1,-1,1,-1,4,1
KR_6742272761,420,3,-11,8,4,2,2,0,-1,2,3,0,4,4,0,1,1,3,5,2,0,4,-1,1,7,8,3,0,0,0,-1,0,-1,0,1
KR_6764569682,440,1,21,-32,7,2,2,0,2,2,0,4,4,0,0,1,1,-1,0,1,0,9,3,-1,6,5,3,0,-1,1,-1,-1,1,2,1
KR_6765452810,420,1,38,-2,0,-5,0,5,3,3,0,2,5,3,3,4,1,-3,0,3,-1,-1,-5,-1,4,3,0,0,-2,1,-1,-1,-1,5,1
KR_6730715479,420,2,81,-28,8,3,3,0,1,1,0,2,3,1,3,4,1,-1,0,1,2,14,9,3,5,8,-4,0,1,1,1,1,1,1,1
KR_6635139774,420,4,96,13,6,1,2,1,0,2,2,2,2,0,3,4,1,0,1,1,1,3,33,2,4,6,-1,0,0,-1,-1,0,1,5,1
KR_6755821987,420,1,4,6,11,4,6,2,2,4,2,2,5,3,4,5,1,-1,0,1,1,15,42,-2,4,2,2,0,-1,1,-1,-1,1,6,1
KR_6758539313,420,-2,-42,0,0,2,3,1,-1,0,1,-3,3,6,4,4,0,-2,1,3,0,6,-24,-1,6,5,5,0,0,1,-1,0,-1,5,1
KR_6745434625,420,0,21,-12,3,-2,1,3,0,4,4,0,2,2,9,10,1,-4,0,4,1,6,9,6,1,7,-7,0,2,-1,1,1,1,3,1
KR_6733761218,440,1,16,0,5,1,3,2,8,10,2,0,1,1,0,2,2,-4,2,6,1,4,2,-2,5,3,3,0,0,1,1,0,1,5,1
KR_6757764040,420,1,-14,16,-1,1,8,7,8,10,2,0,3,3,-6,3,9,-4,0,4,-1,-6,-7,-4,11,7,-5,0,-1,-1,-1,-1,1,1,1
KR_6745718773,420,0,-61,17,-9,2,4,2,-10,2,12,2,6,4,-2,1,3,-1,0,1,-3,-9,-6,-5,9,4,2,0,0,1,-1,-1,-1,2,1
KR_6696088311,420,4,81,-11,10,2,3,1,-1,2,3,7,7,0,2,2,0,0,0,0,1,15,14,1,5,6,3,0,1,1,1,1,1,1,1
KR_6713507593,420,4,56,28,5,2,3,1,3,4,1,0,1,1,1,2,1,-1,0,1,0,6,0,4,3,7,1,0,0,1,1,0,1,5,1
KR_6692619836,420,2,-3,-16,-3,0,2,2,-4,1,5,-1,1,2,2,2,0,0,1,1,-1,-3,4,3,4,7,0,0,0,1,1,0,-1,2,1
KR_6763947170,440,1,62,-11,8,-1,2,3,0,1,1,-1,2,3,7,8,1,3,4,1,0,9,-10,0,5,5,2,0,0,-1,-1,-1,1,3,1
KR_6739647436,420,-1,7,-12,-4,2,3,1,-6,1,7,2,3,1,-2,1,3,0,0,0,0,1,-187,1,3,4,-1,0,1,-1,1,1,-1,3,1
KR_6720042593,420,-2,18,-11,-3,3,4,1,-5,1,6,2,5,3,0,3,3,-3,0,3,0,3,-34,0,4,4,0,0,1,0,-1,1,1,0,1
KR_6742260460,420,3,50,-4,1,1,1,0,-1,5,6,4,4,0,-2,2,4,-1,0,1,0,-4,-68,0,7,7,28,0,1,1,1,1,1,3,1
KR_6748337144,420,-1,-30,12,-3,1,1,0,0,4,4,-1,0,1,0,3,3,-3,1,4,0,-9,-1,-5,9,4,-1,0,1,-1,1,1,1,1,1
KR_6719275687,440,4,73,-30,6,2,3,1,-5,1,6,0,2,2,2,3,1,7,7,0,0,5,-3,-4,8,4,4,0,0,-1,-1,0,1,1,1
KR_6715199070,440,0,59,3,-4,-2,1,3,-3,3,6,2,3,1,-6,1,7,5,5,0,1,-11,6,-1,4,3,3,0,0,1,1,1,1,4,1
KR_6762784450,420,2,-24,-11,5,-1,1,2,3,4,1,-1,2,3,2,3,1,2,2,0,0,7,8,1,5,6,-1,0,1,-1,1,1,-1,1,1
KR_6699784787,420,-1,19,-12,-5,-3,1,4,1,3,2,3,4,1,-4,2,6,-2,0,2,0,-4,-10,-4,8,4,2,0,0,-1,0,-1,1,3,1
KR_6747900123,420,1,-12,-5,4,-2,0,2,2,3,1,1,1,0,2,2,0,1,1,0,-1,2,-10,-7,11,4,4,0,-1,-1,-1,-1,-1,2,1
KR_6737640536,420,1,-6,-34,8,2,2,0,-2,3,5,0,4,4,6,6,0,2,2,0,0,13,2,3,3,6,0,0,0,-1,1,1,1,3,1
KR_6737941411,440,-1,-6,13,-5,0,0,0,0,4,4,-2,1,3,-4,2,6,1,2,1,0,-5,0,-3,7,4,0,0,0,0,1,0,1,0,1
KR_6735737124,420,3,130,-6,7,2,5,3,3,5,2,-3,0,3,6,7,1,-1,0,1,-1,8,-11,-2,5,3,3,0,1,0,-1,1,-1,0,1
KR_6676086720,420,7,80,15,7,-2,1,3,1,2,1,3,4,1,8,10,2,-3,0,3,0,4,30,8,3,11,1,0,1,1,1,1,-1,1,1
KR_6718335936,420,4,68,-20,7,5,7,2,1,3,2,-1,2,3,2,3,1,0,0,0,-1,11,-3,0,5,5,0,0,1,-1,-1,1,-1,4,1
KR_6675920470,420,-2,-36,20,2,-4,1,5,5,6,1,1,3,2,3,3,0,-3,0,3,0,-1,2,1,6,7,-2,0,0,1,1,1,1,5,1
KR_6721959913,420,2,-18,10,7,-1,2,3,6,7,1,0,1,1,-1,1,2,3,3,0,2,18,-13,3,5,8,2,0,0,0,1,1,1,0,1
KR_6701971576,420,-2,-55,-11,-12,2,2,0,-2,1,3,-1,1,2,-11,0,11,0,2,2,0,-16,-31,-5,6,1,3,0,0,-1,1,-1,-1,5,1
KR_6756768532,420,2,29,23,5,-1,0,1,-1,0,1,-1,3,4,5,5,0,3,3,0,0,15,2,2,7,9,3,0,3,-1,0,1,-1,6,1
KR_6755509656,420,0,-34,-5,6,0,2,2,1,2,1,1,3,2,2,4,2,2,2,0,0,4,-1,-7,9,2,5,0,0,1,-1,-1,1,5,1
KR_6747730699,420,0,-42,-5,-1,2,2,0,-1,2,3,0,2,2,-3,1,4,1,1,0,0,0,-14,4,4,8,-8,0,1,-1,1,-1,-1,6,1
KR_6765947518,420,-6,-16,-8,-7,0,1,1,-8,0,8,1,2,1,0,2,2,0,0,0,0,-11,-8,-2,7,5,5,0,-1,1,-1,-1,1,3,1
KR_6758239774,420,8,35,15,11,0,1,1,3,3,0,0,2,2,6,6,0,2,4,2,0,7,-13,-6,9,3,0,0,1,1,-1,-1,1,4,1
KR_6757478422,420,-2,-75,-11,1,0,0,0,-2,1,3,7,7,0,0,2,2,-4,1,5,0,4,1,0,4,4,6,0,0,1,-1,-1,-1,5,1
KR_6748311385,420,0,54,-8,4,-1,1,2,2,2,0,1,1,0,-2,2,4,4,4,0,0,4,2,-2,5,3,2,0,0,1,1,1,1,6,1
KR_6634615438,420,3,67,-5,7,4,5,1,0,1,1,1,5,4,2,5,3,0,1,1,0,8,6,3,1,4,0,0,3,1,1,1,1,6,1
KR_6700033065,420,0,45,-4,1,-1,2,3,-2,1,3,2,3,1,4,6,2,-2,0,2,0,12,0,2,5,7,3,0,1,1,0,1,1,4,1
KR_6734502948,420,1,9,12,-7,2,4,2,2,3,1,-1,1,2,-4,3,7,-6,1,7,-2,-13,1,2,6,8,4,0,-1,-1,-1,-1,-1,4,1
KR_6686449519,420,0,7,-16,-7,3,5,2,0,3,3,-9,1,10,-1,1,2,0,0,0,-1,-19,0,1,5,6,1,0,2,1,-1,-1,-1,2,1
KR_6685380503,420,1,-18,-8,12,3,4,1,4,7,3,2,2,0,4,5,1,-1,2,3,0,16,0,6,2,8,2,0,0,1,1,1,1,1,1
KR_6763274491,420,3,53,17,10,4,7,3,4,8,4,1,2,1,1,3,2,0,1,1,0,6,-14,3,3,6,2,0,3,0,1,1,1,0,1
KR_6693271932,420,0,-12,16,7,-2,1,3,2,5,3,5,7,2,2,4,2,0,2,2,1,14,-233,2,2,4,-1,0,1,-1,1,1,1,2,1
KR_6733076515,420,-2,-26,-8,-6,1,5,4,-3,1,4,-4,1,5,2,3,1,-2,2,4,0,-8,-46,-2,5,3,1,0,0,-1,1,1,-1,2,1
KR_6760532730,420,2,33,23,4,0,2,2,1,5,4,1,2,1,1,3,2,1,4,3,-1,0,-398,1,4,5,-2,0,0,-1,1,0,-1,6,1
KR_6592568021,420,1,45,32,2,2,2,0,-1,0,1,9,13,4,-3,2,5,-5,0,5,0,-6,7,1,6,7,0,0,1,1,1,1,1,5,1
KR_6759137698,420,2,16,32,4,-1,2,3,-2,1,3,0,2,2,7,7,0,0,1,1,0,1,-8,-1,5,4,-1,0,-1,1,-1,-1,1,4,1
KR_6606568798,420,3,1,11,3,1,3,2,2,4,2,1,3,2,0,2,2,-1,1,2,-2,3,2,-1,8,7,-2,0,0,1,1,0,-1,6,1
KR_6731381558,440,8,113,32,15,0,3,3,-2,2,4,12,12,0,7,7,0,-2,1,3,2,16,3,2,5,7,2,0,4,1,1,1,-1,5,1
KR_6652022828,420,3,-10,14,0,0,1,1,0,4,4,1,4,3,-1,3,4,0,1,1,-2,-5,5,0,5,5,-2,0,0,1,-1,0,-1,6,1
KR_6748082342,420,0,34,-15,0,1,2,1,-1,0,1,-3,1,4,4,6,2,-1,0,1,0,-1,-3,2,7,9,-8,0,0,1,1,0,-1,5,1
KR_6761397364,420,4,13,4,6,3,3,0,4,5,1,3,4,1,0,2,2,-4,1,5,0,7,64,1,4,5,-1,0,1,-1,-1,1,1,3,1
KR_6761911039,420,0,53,-33,8,4,4,0,-2,1,3,-3,4,7,8,9,1,1,4,3,2,7,2,1,2,3,1,0,0,1,-1,1,-1,4,1
KR_6738327792,420,4,60,-11,4,0,0,0,2,6,4,0,1,1,3,5,2,-1,1,2,0,2,71,1,3,4,25,0,1,-1,1,1,1,2,1
KR_6692327284,420,4,-23,1,4,2,3,1,4,7,3,1,4,3,-3,2,5,0,1,1,0,-3,-46,-4,8,4,27,0,0,-1,1,-1,1,2,1
KR_6685823334,420,0,12,-16,4,1,2,1,3,4,1,1,3,2,-3,1,4,2,2,0,0,3,0,2,2,4,-1,0,0,0,-1,0,1,0,1
KR_6692003229,420,-2,40,-13,-2,-4,2,6,6,7,1,4,4,0,-5,1,6,-3,1,4,0,-9,-99,2,5,7,-1,0,3,-1,1,1,1,3,1
KR_6686406652,420,2,45,4,9,3,4,1,7,8,1,-1,3,4,2,3,1,-2,1,3,0,9,0,3,3,6,-5,0,0,1,-1,0,-1,2,1
KR_6726868647,420,4,52,20,13,-2,0,2,7,10,3,2,2,0,7,7,0,-1,1,2,0,23,9,2,6,8,3,0,1,1,-1,1,1,5,1
KR_6756901407,420,-4,33,-20,-12,-3,0,3,-1,3,4,-2,2,4,-5,0,5,-1,1,2,0,-11,50,3,5,8,-27,0,-1,1,-1,-1,-1,5,1
KR_6733041100,420,5,98,13,10,0,1,1,1,3,2,1,4,3,7,7,0,1,1,0,0,20,-10,0,4,4,4,0,2,1,1,1,-1,5,1
KR_6646026249,420,0,-10,-18,3,2,4,2,1,3,2,-3,0,3,3,3,0,0,1,1,0,-2,9,5,1,6,-1,0,1,-1,-1,1,1,2,1
KR_6760448665,420,-2,-5,-8,2,-2,0,2,1,3,2,0,2,2,3,4,1,0,0,0,1,0,-118,0,6,6,2,0,0,1,1,1,1,1,1
KR_6654208256,420,3,51,32,9,4,4,0,2,6,4,1,3,2,4,6,2,-2,1,3,0,9,4,2,4,6,0,0,1,1,1,1,-1,6,1
KR_6752401145,440,2,81,6,4,2,2,0,1,4,3,-3,2,5,0,0,0,4,6,2,-1,-3,11,-3,5,2,3,0,0,1,1,0,-1,2,1
KR_6697573759,420,6,53,28,10,-5,1,6,8,8,0,4,4,0,3,3,0,0,0,0,2,16,1,2,3,5,3,0,1,1,-1,1,1,4,1
KR_6732700476,440,-1,3,3,-7,10,11,1,-1,2,3,-6,1,7,-9,2,11,-1,0,1,0,-5,2,1,0,1,0,0,0,-1,0,-1,1,1,1
KR_6753772983,420,-2,-79,-46,0,-2,1,3,3,4,1,1,1,0,-5,1,6,3,3,0,0,-1,7,1,4,5,-2,0,-1,-1,-1,-1,-1,1,1
KR_6758183996,420,1,3,16,-2,0,1,1,3,3,0,0,2,2,-3,1,4,-2,1,3,0,-4,14,0,5,5,1,0,1,-1,-1,1,-1,2,1
KR_6712941103,420,6,55,32,14,1,2,1,4,6,2,3,5,2,3,5,2,3,4,1,0,12,116,-3,7,4,6,0,3,1,1,1,1,5,1
KR_6752699097,420,0,43,-8,-1,0,1,1,1,3,2,1,2,1,-3,1,4,0,0,0,1,-6,-123,1,6,7,-2,0,0,-1,1,1,1,2,1
KR_6734996057,440,3,25,24,5,-3,0,3,1,3,2,2,3,1,5,6,1,0,2,2,0,13,1,1,3,4,4,0,1,1,-1,1,1,6,1
KR_6750558143,420,-1,-15,-1,0,-1,2,3,8,9,1,-3,2,5,-1,2,3,-3,0,3,0,0,2,5,4,9,5,0,0,1,0,0,1,2,1
KR_6740158147,440,1,11,6,5,0,2,2,-6,1,7,3,3,0,4,4,0,4,5,1,1,6,17,1,4,5,0,0,0,1,1,0,1,3,1
KR_6761706715,420,4,38,27,9,7,7,0,-2,1,3,-1,4,5,3,6,3,2,2,0,0,9,10,10,2,12,-5,0,1,1,0,1,-1,4,1
KR_6757340045,420,6,94,36,19,7,8,1,3,4,1,3,5,2,4,5,1,2,2,0,1,17,-22,-1,6,5,6,0,3,1,1,1,1,4,1
KR_6758123592,420,4,0,3,11,5,5,0,-1,0,1,4,4,0,2,5,3,1,2,1,0,4,-13,-1,4,3,0,0,1,1,1,1,1,4,1
KR_6763065097,420,1,3,13,-4,-4,0,4,1,3,2,-3,1,4,1,1,0,1,3,2,0,2,3,0,4,4,0,0,-1,1,-1,-1,-1,1,1
KR_6691081094,420,3,82,45,4,-1,1,2,3,7,4,1,1,0,1,4,3,0,1,1,0,-3,7,3,5,8,1,0,0,1,1,1,-1,3,1
KR_6758911772,420,-2,-37,15,-6,-2,1,3,-4,0,4,-1,2,3,1,2,1,0,1,1,-1,-8,-99,-4,5,1,5,0,-1,1,-1,-1,-1,1,1
KR_6757164701,420,-2,-40,11,-4,-2,1,3,-1,2,3,-1,1,2,0,6,6,0,1,1,0,-2,12,-5,7,2,2,0,-2,-1,-1,-1,1,2,1
KR_6602496157,420,7,62,68,11,3,3,0,1,3,2,8,8,0,-1,0,1,0,0,0,0,10,41,3,3,6,1,0,1,1,1,1,-1,1,1
KR_6709867796,420,-1,39,5,-1,1,2,1,-4,0,4,2,3,1,-1,3,4,1,1,0,0,-9,5,1,5,6,7,0,-1,1,-1,-1,1,5,1
KR_6741263848,420,0,-9,32,1,1,3,2,1,4,3,-4,0,4,6,8,2,-3,0,3,-1,4,-4,-8,11,3,3,0,1,-1,1,1,-1,3,1
KR_6757890920,440,2,79,30,3,0,2,2,2,5,3,1,1,0,-1,2,3,1,1,0,0,0,-3,0,9,9,1,0,0,1,-1,1,1,4,1
KR_6697799916,420,6,-13,35,5,1,1,0,2,5,3,4,6,2,-2,1,3,0,0,0,0,1,1,-3,5,2,-2,0,1,1,1,1,-1,2,1
KR_6593633210,420,4,47,27,5,1,3,2,4,5,1,-2,2,4,2,3,1,0,1,1,1,9,35,1,5,6,-5,0,1,1,1,1,1,3,1
KR_6760845406,420,-2,-79,-18,1,-5,0,5,5,7,2,-1,0,1,-3,1,4,5,5,0,0,16,1,-1,4,3,-3,0,-2,1,-1,-1,-1,2,1
KR_6693643114,420,3,-23,23,5,-4,1,5,3,5,2,1,3,2,0,1,1,5,5,0,0,2,30,3,2,5,2,0,2,1,1,1,1,4,1
KR_6759363556,420,2,44,5,2,-3,1,4,-1,1,2,2,3,1,4,5,1,0,4,4,0,0,-17,1,4,5,0,0,-1,1,-1,1,-1,6,1
KR_6763555409,440,0,-6,-17,1,6,6,0,1,1,0,-2,2,4,-4,1,5,0,0,0,-1,-1,-1,-1,4,3,-1,0,0,-1,1,0,-1,5,1
KR_6700857548,420,5,15,15,11,-1,2,3,3,5,2,2,5,3,6,6,0,1,1,0,0,11,34,-5,9,4,4,0,2,0,0,1,-1,0,1
KR_6748895412,420,0,-4,12,-4,2,2,0,1,4,3,-4,1,5,-2,6,8,-1,2,3,-3,-12,-16,-2,7,5,2,0,-1,-1,1,1,-1,6,1
KR_6719763730,420,4,103,-15,8,4,5,1,-2,1,3,5,8,3,0,1,1,1,2,1,0,6,43,2,6,8,2,0,1,-1,-1,1,1,2,1
KR_6761687356,420,0,3,14,1,-1,3,4,-1,0,1,3,5,2,0,3,3,0,0,0,0,6,-11,6,1,7,-1,0,-1,1,-1,-1,-1,1,1
KR_6734168651,420,-3,-34,4,0,-1,1,2,0,5,5,-1,3,4,2,2,0,0,1,1,0,3,5,6,5,11,-11,0,0,1,1,0,1,6,1
KR_6647625244,440,3,35,24,5,1,1,0,3,4,1,-1,2,3,1,6,5,1,2,1,1,8,8,2,6,8,-1,0,0,1,-1,0,1,2,1
KR_6761065949,420,-5,-19,11,-2,-4,1,5,4,5,1,-4,0,4,1,3,2,1,2,1,0,4,-3,3,2,5,-2,0,0,-1,1,-1,1,4,1
KR_6602558956,420,3,29,17,7,1,3,2,6,6,0,2,3,1,-2,4,6,0,0,0,0,7,-45,-1,6,5,24,0,0,1,1,1,-1,6,1
KR_6651221254,420,0,8,-1,5,-3,1,4,2,5,3,3,6,3,3,3,0,0,0,0,0,10,6,1,3,4,-1,0,0,1,-1,-1,1,5,1
KR_6745667383,420,1,57,-11,14,4,4,0,0,4,4,7,8,1,2,2,0,1,1,0,0,8,21,1,3,4,-2,0,1,1,1,1,1,2,1
KR_6726299934,420,-1,10,-8,-1,1,1,0,-1,1,2,-1,2,3,1,2,1,-1,1,2,0,1,-3,1,5,6,4,0,1,1,1,1,1,6,1
KR_6675006619,420,3,51,21,9,3,3,0,4,8,4,5,5,0,-1,0,1,-2,0,2,0,2,-1,-2,8,6,0,0,1,0,1,1,-1,0,1
KR_6738308548,420,2,4,-7,5,-3,0,3,1,3,2,2,4,2,3,3,0,2,4,2,0,7,13,5,8,13,-1,0,0,-1,-1,-1,1,2,1
KR_6696042223,420,3,56,10,7,8,10,2,-2,2,4,-1,2,3,3,3,0,-1,0,1,0,12,5,6,3,9,2,0,1,1,1,1,-1,6,1
KR_6555857907,420,0,-35,19,2,-6,0,6,7,9,2,-3,0,3,2,4,2,2,2,0,0,6,3,-1,5,4,3,0,1,1,1,1,1,2,1
KR_6743696280,420,0,-42,6,2,0,2,2,3,6,3,-4,0,4,3,3,0,0,1,1,0,-4,1,0,5,5,-1,0,-1,1,1,-1,1,3,1
KR_6680885988,420,2,37,22,7,2,3,1,-5,1,6,0,4,4,4,7,3,6,8,2,1,4,-135,-4,5,1,-2,0,1,1,-1,1,1,1,1
KR_6717320517,440,4,-48,-25,6,5,5,0,-2,3,5,-1,5,6,1,7,6,3,4,1,0,14,-6,9,2,11,4,0,-1,1,0,-1,-1,5,1
KR_6757700476,440,0,40,-7,0,1,2,1,2,4,2,-3,4,7,2,2,0,-2,2,4,0,-1,-4,0,4,4,2,0,1,1,-1,1,1,3,1
KR_6726692841,420,2,53,-7,3,0,0,0,0,2,2,3,4,1,1,2,1,-1,1,2,0,1,-225,2,4,6,3,0,0,1,-1,1,1,6,1
KR_6763676836,420,1,54,22,6,4,4,0,0,3,3,4,5,1,-1,2,3,-1,0,1,0,6,28,2,4,6,0,0,0,1,1,0,1,6,1
KR_6725484143,420,0,-36,-8,2,0,1,1,0,2,2,-1,2,3,3,6,3,0,0,0,0,5,0,1,4,5,0,0,0,-1,0,0,-1,6,1
KR_6713208027,420,3,15,-10,4,-3,1,4,6,8,2,2,5,3,-1,2,3,0,0,0,0,-1,-10,2,4,6,3,0,1,-1,1,1,1,4,1
KR_6732862984,420,0,14,-9,-4,1,2,1,0,1,1,2,3,1,-7,0,7,0,0,0,0,-16,-9,-5,9,4,4,0,-1,-1,-1,-1,1,6,1
KR_6760929201,420,2,72,8,7,0,1,1,2,3,1,1,3,2,4,5,1,0,1,1,0,4,23,3,4,7,-1,0,2,-1,1,1,-1,6,1
KR_6738081394,420,0,-44,-11,-1,1,1,0,2,2,0,-2,3,5,-2,2,4,0,0,0,0,-6,-7,4,2,6,-4,0,1,1,-1,1,1,5,1
KR_6760923171,420,1,33,12,2,-1,1,2,3,4,1,-1,1,2,1,1,0,0,0,0,0,0,-7,0,6,6,-1,0,0,1,-1,0,-1,5,1
KR_6748544599,420,-4,31,-41,-7,-3,1,4,-7,1,8,-2,0,2,6,6,0,-1,1,2,0,-7,4,-1,7,6,3,0,0,1,-1,-1,-1,5,1
KR_6751184635,420,3,14,-24,7,0,1,1,-2,1,3,6,7,1,4,5,1,-1,0,1,0,10,-13,7,1,8,3,0,1,1,1,1,1,3,1
KR_6732027522,420,1,-23,14,11,-1,1,2,4,4,0,2,4,2,8,9,1,-2,0,2,0,15,-18,6,1,7,-2,0,2,1,1,1,1,3,1
KR_6707783329,420,4,43,4,12,-1,1,2,6,8,2,4,4,0,3,6,3,0,0,0,0,13,14,0,4,4,-5,0,2,1,1,1,1,5,1
KR_6728702362,420,1,16,-4,4,4,5,1,1,3,2,0,2,2,-2,1,3,1,2,1,0,3,-40,4,3,7,4,0,1,1,1,1,1,6,1
KR_6638188143,420,1,2,-9,6,1,4,3,1,1,0,-1,1,2,5,5,0,0,1,1,0,11,-24,2,3,5,-1,0,1,1,-1,-1,-1,3,1
KR_6764952256,420,1,83,9,1,2,2,0,2,4,2,-2,1,3,-2,5,7,1,1,0,-1,-2,-5,-4,7,3,4,0,0,-1,-1,0,-1,6,1
KR_6640973621,440,2,50,14,6,-1,0,1,6,6,0,4,4,0,-2,0,2,-1,2,3,0,8,10,-1,5,4,-3,0,0,-1,1,-1,1,6,1
KR_6759752051,420,2,9,36,7,-2,1,3,3,6,3,-3,3,6,6,6,0,3,3,0,-1,9,8,-1,4,3,-2,0,1,1,1,1,-1,4,1
KR_6761067282,440,2,30,-8,8,2,5,3,2,2,0,2,4,2,1,4,3,1,1,0,0,2,-2,-1,6,5,-1,0,0,1,-1,1,1,2,1
KR_6607376441,420,5,-5,3,5,4,5,1,1,3,2,1,6,5,-3,1,4,2,2,0,0,4,6,0,5,5,1,0,2,1,1,1,1,2,1
KR_6764923053,440,3,7,-8,-2,0,3,3,-4,0,4,-2,0,2,1,2,1,3,4,1,-1,-3,1,-2,6,4,4,0,0,-1,-1,0,-1,3,1
KR_6759237737,420,6,90,-8,11,7,9,2,4,5,1,0,2,2,3,3,0,-3,1,4,0,5,10,5,1,6,-2,0,3,-1,1,1,1,2,1
KR_6752193811,420,3,162,6,14,-2,1,3,-2,0,2,0,2,2,16,16,0,2,3,1,2,11,5,0,4,4,1,0,2,1,1,1,1,1,1
KR_6687562634,420,2,16,16,6,0,2,2,2,4,2,2,2,0,3,3,0,-1,1,2,0,10,-12,-1,7,6,7,0,0,1,1,0,1,2,1
KR_6637271435,440,5,24,-9,18,4,5,1,3,3,0,7,13,6,2,4,2,2,2,0,0,19,2,4,2,6,-1,0,1,-1,1,1,-1,6,1
KR_6728199500,440,4,78,32,6,1,1,0,0,2,2,3,3,0,2,4,2,0,0,0,0,2,40,1,8,9,4,0,2,-1,1,1,1,4,1
KR_6536751853,420,-1,-37,-12,10,0,1,1,2,5,3,1,3,2,1,4,3,6,7,1,0,10,4,2,2,4,-1,0,2,-1,-1,1,-1,1,1
KR_6736727931,420,-3,-24,14,-5,-1,0,1,0,9,9,0,2,2,-4,0,4,0,0,0,0,-2,-197,1,5,6,-1,0,-1,1,-1,-1,-1,3,1
KR_6508903179,420,-3,-6,24,-3,-1,1,2,-2,5,7,-1,1,2,2,3,1,-1,1,2,0,-12,-39,1,8,9,1,0,0,-1,1,0,-1,4,1
KR_6747509170,420,0,-36,39,3,5,5,0,1,3,2,2,2,0,-6,2,8,1,1,0,0,-14,0,-4,10,6,-10,0,0,-1,1,1,1,1,1
KR_6766252110,420,-2,-105,-2,-2,1,3,2,4,7,3,-1,2,3,-6,0,6,0,0,0,1,3,-3,-2,5,3,2,0,0,1,1,1,1,2,1
KR_6740164084,440,1,18,16,1,-5,0,5,0,2,2,3,8,5,-1,2,3,4,4,0,1,13,4,-1,4,3,-1,0,-1,1,-1,-1,1,2,1
KR_6731736323,420,2,37,25,11,1,2,1,5,6,1,2,2,0,2,2,0,1,1,0,0,13,20,9,2,11,-8,0,1,1,1,1,1,3,1
KR_6758748924,420,-1,54,11,-1,0,4,4,2,3,1,-4,1,5,0,2,2,1,3,2,0,2,6,1,5,6,-9,0,0,1,-1,0,-1,1,1
KR_6720254840,420,-1,-9,40,-8,-3,2,5,1,4,3,-5,0,5,0,2,2,-1,0,1,0,-13,-1,0,5,5,-4,0,0,1,-1,0,1,5,1
KR_6697470213,420,-3,1,12,-4,-4,0,4,1,4,3,0,1,1,-2,2,4,1,1,0,0,-4,2,1,4,5,0,0,0,1,-1,-1,-1,6,1
KR_6732993622,440,1,17,21,3,2,3,1,-2,3,5,1,3,2,3,3,0,-1,0,1,0,8,-4,-5,10,5,2,0,1,-1,1,1,1,2,1
KR_6762547927,440,3,-2,18,7,-1,0,1,4,7,3,1,2,1,0,0,0,3,6,3,1,16,3,-8,11,3,-3,0,1,1,1,1,1,6,1
KR_6750470259,420,3,36,16,-2,-3,0,3,4,4,0,-2,1,3,0,6,6,-1,0,1,0,-1,2,-1,4,3,0,0,0,-1,-1,0,-1,5,1
KR_6753580615,440,1,8,-20,1,-3,0,3,3,3,0,6,8,2,-1,2,3,-4,0,4,0,-7,-21,3,1,4,4,0,0,0,1,-1,1,0,1
KR_6650428478,420,-3,-52,2,-3,-1,1,2,-1,1,2,-3,0,3,3,4,1,-1,0,1,0,-3,-8,-1,6,5,-1,0,2,1,1,1,1,4,1
KR_6593604263,420,2,7,-24,9,0,2,2,-1,3,4,4,5,1,4,5,1,2,2,0,0,10,5,8,1,9,4,0,2,1,1,1,1,3,1
KR_6764620509,420,0,32,21,3,5,5,0,-1,4,5,1,1,0,-3,0,3,1,2,1,0,0,202,7,1,8,0,0,0,1,1,-1,1,1,1
KR_6756156582,440,4,96,-16,12,-1,2,3,-1,0,1,1,3,2,12,13,1,1,3,2,0,7,-9,1,4,5,2,0,0,0,0,1,1,0,1
KR_6625134011,420,-1,-6,29,-1,0,2,2,0,2,2,0,1,1,0,1,1,-1,0,1,0,-3,0,1,3,4,-1,0,0,-1,0,0,1,3,1
KR_6719599767,440,2,126,37,-1,0,0,0,-2,1,3,2,5,3,1,4,3,-2,1,3,0,-9,3,-5,11,6,-3,0,0,1,1,0,1,5,1
KR_6765506291,420,1,-53,21,-4,-1,2,3,0,2,2,-3,3,6,0,2,2,0,1,1,0,0,4,1,2,3,0,0,0,1,1,-1,-1,2,1
KR_6758837669,420,3,-37,33,5,1,4,3,-4,3,7,7,8,1,1,2,1,0,0,0,-1,7,-6,-1,5,4,-6,0,0,1,1,0,-1,3,1
KR_6758113180,420,3,33,-8,11,4,4,0,1,3,2,1,3,2,-3,4,7,8,8,0,0,7,18,-4,8,4,2,0,1,-1,1,1,1,3,1
KR_6753729860,420,2,1,8,3,1,2,1,-4,4,8,2,2,0,5,5,0,-1,0,1,1,3,3,5,1,6,-3,0,1,1,-1,1,-1,6,1
KR_6625287994,420,0,-66,-1,2,-2,2,4,2,2,0,3,3,0,4,8,4,-5,0,5,0,-1,-3,-4,8,4,-1,0,0,-1,1,0,-1,1,1
KR_6745239147,420,4,56,2,14,-2,0,2,6,6,0,2,4,2,4,5,1,4,4,0,0,12,-143,3,2,5,-1,0,3,-1,1,1,1,3,1
KR_6764243976,420,3,-48,34,6,0,3,3,0,4,4,6,8,2,-1,0,1,1,1,0,-2,12,-6,-2,6,4,-3,0,-1,1,1,-1,-1,5,1
KR_6738433748,420,5,65,8,10,-3,1,4,4,7,3,1,2,1,8,8,0,0,1,1,0,19,5,2,4,6,-1,0,1,1,-1,-1,-1,2,1
KR_6766032329,420,2,-22,0,7,1,3,2,2,2,0,2,2,0,2,2,0,0,0,0,0,11,14,3,2,5,0,0,0,0,1,0,-1,0,1
KR_6758024918,420,-2,-33,-34,-5,5,6,1,-3,2,5,-3,1,4,-2,0,2,-2,1,3,2,-8,-5,-3,7,4,3,0,1,1,1,1,1,6,1
KR_6757708111,420,-5,-36,-20,-10,-2,2,4,-4,3,7,2,2,0,-3,1,4,-3,0,3,-1,-14,-27,-3,6,3,1,0,-1,-1,1,-1,-1,3,1
KR_6760326197,420,4,128,10,9,1,2,1,3,5,2,0,1,1,4,4,0,1,1,0,0,2,-4,1,5,6,3,0,1,-1,1,1,1,4,1
KR_6607446381,420,1,-32,19,1,2,3,1,2,5,3,-4,0,4,3,5,2,-2,0,2,0,-2,16,-1,6,5,-2,0,-1,1,-1,-1,1,5,1
KR_6756844482,420,0,1,26,-3,1,1,0,-4,4,8,1,1,0,-4,1,5,3,5,2,0,-5,-2,-4,6,2,1,0,-2,-1,1,-1,1,4,1
KR_6712979887,420,-1,48,3,1,1,1,0,-1,2,3,1,3,2,1,4,3,-1,0,1,1,-12,-40,-5,9,4,32,0,-1,-1,1,-1,1,3,1
KR_6765702817,420,3,39,0,9,2,3,1,0,4,4,1,3,2,5,7,2,1,1,0,0,-1,10,2,4,6,1,0,1,1,1,1,1,2,1
KR_6671692327,420,4,36,8,2,5,6,1,7,9,2,-8,1,9,-5,1,6,3,4,1,0,-4,6,-1,6,5,2,0,0,-1,1,0,1,3,1
KR_6753959229,420,3,65,19,9,-1,1,2,3,4,1,6,6,0,0,1,1,1,2,1,0,8,6,-4,5,1,1,0,0,1,1,1,1,6,1
KR_6740354171,420,-1,46,0,-1,-2,2,4,-1,3,4,1,2,1,0,2,2,1,2,1,0,0,47,3,2,5,-27,0,0,1,1,0,1,6,1
KR_6758973260,420,-2,-25,-8,4,-4,2,6,-1,1,2,3,3,0,5,5,0,1,2,1,0,12,-5,1,4,5,2,0,1,-1,1,1,-1,1,1
KR_6762704947,420,2,11,13,2,-2,1,3,-1,2,3,6,6,0,0,5,5,-1,0,1,0,-6,101,3,2,5,1,0,0,-1,1,-1,1,1,1
KR_6747701052,420,6,28,45,8,-2,3,5,4,5,1,0,2,2,1,3,2,5,5,0,-1,10,-6,0,5,5,2,0,1,1,1,1,-1,5,1
KR_6345718606,420,4,49,41,6,3,4,1,1,5,4,5,5,0,-3,2,5,0,1,1,0,-4,0,3,4,7,-5,0,2,1,1,-1,1,3,1
KR_6758970868,420,4,6,22,14,-3,1,4,2,4,2,4,7,3,9,9,0,2,3,1,2,26,-9,-2,4,2,1,0,1,1,1,1,1,5,1
KR_6762174089,440,2,41,-14,4,2,3,1,10,10,0,-2,1,3,-3,1,4,-3,2,5,0,-1,-6,2,5,7,4,0,2,1,0,1,-1,2,1
KR_6258702828,420,-2,50,41,-4,1,3,2,-5,2,7,4,4,0,-1,2,3,-3,0,3,0,-6,-4,1,4,5,0,0,-1,1,-1,-1,1,3,1
KR_6757402443,440,0,34,17,1,-1,1,2,-5,0,5,0,2,2,9,10,1,-2,2,4,0,1,-8,-5,7,2,2,0,-1,1,0,-1,1,3,1
KR_6748590640,420,0,25,17,-3,2,3,1,1,5,4,-7,0,7,1,1,0,0,0,0,0,-7,114,4,4,8,-3,0,0,-1,-1,0,-1,6,1
KR_6753969216,420,2,17,4,6,-1,2,3,1,3,2,2,3,1,4,4,0,0,0,0,0,8,2,2,5,7,1,0,1,1,-1,1,1,4,1
KR_6765800292,420,-4,-47,-2,-7,-3,1,4,-5,1,6,5,6,1,-3,2,5,-1,2,3,0,-8,14,0,2,2,-2,0,0,-1,-1,0,-1,3,1
KR_6754976817,420,2,12,-23,2,1,3,2,3,3,0,-2,0,2,1,1,0,-1,1,2,0,6,3,1,6,7,-2,0,0,1,-1,0,1,4,1
KR_6686384136,420,7,111,56,10,7,7,0,2,5,3,-1,2,3,0,2,2,2,3,1,1,16,26,3,2,5,-2,0,1,1,1,1,1,1,1
KR_6704353601,420,2,72,20,4,5,8,3,-2,1,3,0,0,0,0,3,3,1,1,0,0,2,-7,-1,5,4,4,0,0,-1,1,1,1,1,1
KR_6757280941,420,-2,-11,-12,-1,1,2,1,-1,2,3,0,5,5,-4,0,4,3,3,0,1,-5,-1,1,5,6,-5,0,-1,1,1,-1,-1,5,1
KR_6756963080,440,0,-50,16,9,1,1,0,3,5,2,1,3,2,3,4,1,1,1,0,0,14,-101,-1,4,3,1,0,0,1,0,0,1,1,1
KR_6732973059,420,8,106,12,15,1,2,1,7,8,1,1,3,2,1,2,1,5,5,0,1,5,-49,1,1,2,8,0,2,1,1,1,1,6,1
KR_6706538518,440,6,104,20,8,4,4,0,1,2,1,0,6,6,2,2,0,1,5,4,0,-2,136,-3,3,0,3,1,3,0,1,1,1,0,1
KR_6764017628,420,8,122,12,-3,1,1,0,-2,0,2,-2,1,3,-1,3,4,1,1,0,0,0,-37,-5,8,3,41,0,2,1,-1,1,1,6,1
KR_6553915223,420,1,-27,12,2,2,2,0,-1,1,2,3,4,1,-1,2,3,-1,0,1,0,2,8,3,5,8,-1,0,0,1,1,-1,1,2,1
KR_6760428875,420,0,13,6,-5,-1,1,2,-1,2,3,0,1,1,-3,0,3,0,0,0,0,-6,-313,-1,3,2,2,0,0,1,-1,0,-1,2,1
KR_6765279887,420,2,-14,-12,-2,-1,1,2,0,1,1,-1,2,3,-1,4,5,1,2,1,0,-2,1,1,2,3,-3,0,0,-1,1,0,1,2,1
KR_6761603560,420,0,15,5,-3,1,2,1,-6,3,9,1,5,4,1,1,0,0,0,0,0,1,9,0,4,4,-2,0,0,1,-1,0,1,1,1
KR_6762446983,420,1,71,-15,3,2,2,0,-1,1,2,5,6,1,-1,3,4,-2,0,2,1,3,-5,5,2,7,1,0,1,1,1,1,1,3,1
KR_6692003762,420,5,24,24,9,1,3,2,1,5,4,3,4,1,1,4,3,3,3,0,0,16,114,-4,7,3,2,0,1,-1,1,1,1,2,1
KR_6758505754,420,-1,-49,-1,0,2,3,1,1,3,2,0,2,2,-3,1,4,0,1,1,1,-5,16,3,2,5,-3,0,0,1,-1,0,1,3,1
KR_6710194220,420,5,163,-20,16,8,8,0,3,6,3,4,5,1,5,5,0,-4,0,4,0,-3,-18,3,2,5,-1,0,2,1,-1,1,-1,4,1
KR_6690429905,420,2,58,-2,9,1,3,2,1,4,3,2,6,4,4,4,0,1,3,2,2,10,4,-3,6,3,3,0,2,1,-1,1,1,4,1
KR_6757495243,420,2,-51,12,4,0,0,0,3,4,1,1,2,1,-2,2,4,2,3,1,0,0,-27,1,5,6,12,0,-1,1,1,-1,-1,5,1
KR_6714696911,420,-1,10,-33,-1,-2,1,3,0,3,3,0,2,2,0,0,0,1,1,0,0,-1,9,4,5,9,0,0,0,-1,-1,-1,-1,6,1
KR_6592380678,420,0,-10,-7,4,4,8,4,1,3,2,0,1,1,-1,4,5,0,1,1,0,8,5,4,2,6,2,0,0,1,0,0,1,6,1
KR_6727514497,420,5,33,8,12,1,2,1,5,5,0,4,5,1,1,4,3,1,2,1,1,15,-2,4,2,6,-1,0,1,1,1,1,1,2,1
KR_6758817199,420,-1,3,1,-1,-1,1,2,4,4,0,0,2,2,-4,1,5,0,0,0,0,3,-2,-1,7,6,0,0,1,-1,1,1,-1,2,1
KR_6752244830,420,3,47,25,10,-3,1,4,3,3,0,1,2,1,6,7,1,3,3,0,0,13,8,6,4,10,5,0,1,1,1,1,1,4,1
KR_6591739830,420,3,75,10,9,0,1,1,7,8,1,0,3,3,1,2,1,1,1,0,0,4,3,1,4,5,0,0,0,0,1,1,-1,0,1
KR_6698538411,420,10,107,58,14,2,2,0,1,1,0,3,3,0,5,7,2,3,3,0,0,17,5,0,6,6,-1,1,6,1,1,1,1,6,1
KR_6652353064,420,2,-3,13,10,3,4,1,0,3,3,3,4,1,5,7,2,-1,2,3,0,2,2,-1,5,4,5,0,0,1,-1,0,1,6,1
KR_6726985577,420,2,51,-5,1,2,2,0,1,3,2,2,3,1,-5,1,6,1,4,3,0,-2,24,7,3,10,-15,0,0,1,-1,-1,-1,5,1
KR_6679304650,420,3,37,18,5,3,5,2,-1,1,2,4,4,0,-4,2,6,3,3,0,0,1,-7,-3,7,4,2,0,0,1,-1,0,1,4,1
KR_6737126973,420,2,45,-9,5,2,2,0,2,3,1,-3,2,5,5,6,1,-1,2,3,0,4,23,2,4,6,-5,0,2,1,1,1,1,4,1
KR_6704716047,420,-2,-10,4,0,2,4,2,-5,2,7,1,4,3,0,4,4,2,3,1,1,-10,-2,-5,9,4,0,0,0,1,-1,0,1,5,1
KR_6746701334,420,0,21,-3,3,-2,1,3,0,5,5,1,3,2,4,5,1,0,1,1,0,1,0,0,4,4,-3,0,0,1,-1,0,1,3,1
KR_6711404461,420,0,-19,0,-1,-3,2,5,-1,2,3,1,1,0,3,4,1,-1,0,1,0,5,-2,-1,5,4,2,0,-1,1,-1,-1,-1,3,1
KR_6677099535,420,0,-59,-4,1,0,1,1,2,3,1,2,2,0,-2,3,5,-1,1,2,0,-4,14,-1,4,3,-1,0,0,0,-1,0,1,0,1
KR_6760611373,420,2,17,29,3,-2,1,3,4,6,2,-2,0,2,3,5,2,0,6,6,0,2,1,0,4,4,4,0,0,1,0,0,-1,3,1
KR_6764897380,420,4,52,26,6,-1,1,2,3,4,1,5,6,1,0,1,1,-1,0,1,0,10,4,0,6,6,-6,0,1,-1,1,1,-1,5,1
KR_6700474482,420,4,79,-11,9,-1,2,3,7,9,2,-2,5,7,0,3,3,5,6,1,1,24,14,10,0,10,-3,0,1,1,-1,1,1,2,1
KR_6761095318,420,3,42,10,0,-4,1,5,3,5,2,3,4,1,0,3,3,-2,0,2,-3,-7,-19,-2,7,5,0,0,0,1,-1,0,-1,3,1
KR_6745495562,420,3,-1,20,6,-2,0,2,6,6,0,0,4,4,1,1,0,1,3,2,0,5,-8,-2,7,5,1,0,0,-1,1,1,-1,5,1
KR_6700080740,420,1,34,-8,5,0,1,1,1,4,3,5,6,1,-2,1,3,1,2,1,0,3,-176,7,4,11,2,0,-1,-1,-1,-1,1,5,1
KR_6752815510,440,2,67,-32,12,-3,2,5,1,3,2,2,2,0,9,9,0,3,3,0,0,23,-7,-1,3,2,1,0,0,1,-1,1,1,3,1
KR_6630450419,420,0,-4,29,7,0,2,2,1,4,3,1,3,2,4,4,0,1,2,1,1,13,12,7,2,9,-5,0,0,1,1,1,1,5,1
KR_6757163041,420,1,-50,-6,6,1,3,2,-1,1,2,2,2,0,-2,1,3,6,7,1,0,2,-4,0,5,5,1,0,0,-1,1,0,-1,3,1
KR_6758167786,420,-1,-3,-17,3,0,2,2,0,2,2,3,3,0,0,2,2,0,0,0,0,8,-10,5,3,8,-3,0,-1,1,-1,-1,1,4,1
KR_6654560798,420,6,113,41,13,5,5,0,1,4,3,2,3,1,2,5,3,3,3,0,1,9,321,-2,5,3,1,0,1,1,1,1,1,1,1
KR_6743362788,420,-1,-16,-36,0,-2,1,3,0,5,5,-2,2,4,1,3,2,3,3,0,1,-1,15,3,3,6,-1,0,0,-1,-1,0,1,3,1
KR_6645490398,420,1,-12,32,7,4,5,1,2,3,1,-2,0,2,-2,1,3,5,6,1,0,5,-2,4,0,4,-2,0,1,-1,1,1,1,5,1
KR_6711967746,420,-2,-33,9,2,-2,2,4,-2,3,5,-1,2,3,5,7,2,2,3,1,1,6,-5,-1,5,4,4,0,1,-1,1,-1,1,5,1
KR_6734300442,420,4,95,47,-4,0,4,4,-4,0,4,0,1,1,2,4,2,-2,2,4,-2,-1,109,2,2,4,-1,0,0,-1,-1,1,-1,3,1
KR_6757162034,420,4,58,-11,15,0,1,1,9,9,0,5,6,1,1,5,4,0,0,0,0,8,268,-3,5,2,5,0,2,1,-1,1,-1,1,1
KR_6760577535,420,6,49,-8,13,-3,3,6,8,8,0,2,5,3,5,7,2,1,1,0,0,21,5,3,4,7,2,0,1,1,0,1,1,6,1
KR_6692393640,420,5,62,17,13,3,4,1,4,5,1,7,8,1,4,7,3,-5,0,5,3,33,7,3,4,7,-2,0,1,1,-1,1,1,5,1
KR_6703565444,420,-3,6,-28,1,-2,1,3,5,5,0,3,3,0,-3,4,7,-2,1,3,0,2,8,-3,8,5,0,0,-1,1,-1,-1,-1,3,1
KR_6752179512,440,0,-33,-5,1,2,3,1,1,3,2,-6,2,8,3,3,0,1,1,0,0,6,4,7,1,8,3,0,1,1,1,1,1,2,1
KR_6744457936,420,1,20,0,1,-3,1,4,1,6,5,0,2,2,4,8,4,-1,1,2,0,5,-1,4,3,7,0,0,0,1,-1,1,-1,5,1
KR_6706199905,420,0,39,2,-3,3,5,2,0,2,2,-7,2,9,5,6,1,-4,3,7,-1,-9,-2,0,5,5,2,0,0,1,-1,0,-1,5,1
KR_6732524841,420,-1,18,-19,1,1,1,0,0,5,5,3,4,1,-2,0,2,-1,0,1,0,6,2,3,5,8,-1,0,0,-1,1,0,1,5,1
KR_6595282950,420,2,59,-24,5,2,2,0,3,8,5,-2,1,3,2,3,1,0,0,0,2,9,9,7,7,14,-3,0,0,-1,1,1,-1,5,1
KR_6747012992,420,1,-19,-24,6,1,1,0,2,2,0,2,4,2,2,2,0,-1,2,3,0,6,-1,2,2,4,1,0,-1,-1,1,-1,-1,3,1
KR_6726820017,420,1,20,19,-1,1,2,1,-3,3,6,4,4,0,-1,1,2,-2,1,3,-1,-4,8,2,7,9,-2,0,1,1,1,1,-1,6,1
KR_6759688025,420,0,-3,-24,3,0,1,1,-1,1,2,4,5,1,2,4,2,-2,0,2,0,3,-1,-1,8,7,5,0,0,1,1,0,1,2,1
KR_6760988353,420,1,-59,-3,1,0,2,2,3,6,3,-1,0,1,-2,2,4,1,2,1,0,3,122,-4,6,2,2,0,0,1,-1,-1,-1,1,1
KR_6684166181,420,5,69,12,10,1,2,1,5,8,3,1,2,1,3,7,4,0,0,0,-1,2,-4,-5,9,4,7,0,1,-1,-1,1,-1,2,1
KR_6762580526,420,0,22,8,-3,2,2,0,-5,1,6,2,5,3,0,3,3,-2,1,3,0,-2,3,-2,7,5,7,0,-1,0,-1,-1,-1,0,1
KR_6699831644,420,5,-11,12,16,3,4,1,-1,1,2,8,8,0,3,4,1,3,4,1,0,24,2,-3,6,3,2,0,0,1,1,1,1,1,1
KR_6760150073,420,3,23,-15,2,3,5,2,0,3,3,1,1,0,-3,0,3,1,1,0,0,-3,-37,-1,3,2,19,0,2,1,1,1,1,1,1
KR_6743891085,420,-6,-34,0,-9,-1,0,1,-5,3,8,0,2,2,-2,2,4,-1,2,3,0,-13,-133,-4,9,5,-2,0,-1,-1,0,-1,1,2,1
KR_6677668651,440,1,89,-16,1,1,4,3,-3,2,5,2,3,1,0,5,5,1,1,0,0,-5,41,-4,8,4,-24,0,4,1,-1,1,1,1,1
KR_6752003354,420,1,44,-4,10,3,4,1,5,6,1,1,1,0,1,3,2,0,2,2,0,4,-1,0,4,4,-1,0,1,1,1,1,1,1,1
KR_6752442644,420,2,-5,-4,1,-1,3,4,1,2,1,-1,5,6,2,4,2,0,2,2,0,-1,-14,0,4,4,0,0,0,-1,1,-1,-1,6,1
KR_6730450765,420,4,14,-13,15,1,1,0,4,5,1,5,6,1,5,6,1,0,1,1,2,22,-13,-1,8,7,5,0,0,0,1,0,1,0,1
KR_6629626558,420,5,75,-22,8,5,7,2,-2,3,5,1,2,1,4,6,2,0,0,0,0,0,4,1,6,7,-2,0,3,1,1,1,1,2,1
KR_6748573196,420,-2,-2,-12,-3,-2,0,2,-4,0,4,1,2,1,1,3,2,1,2,1,0,0,-128,1,8,9,-3,0,-1,-1,-1,-1,-1,4,1
KR_6741294138,420,5,21,20,5,0,1,1,2,3,1,0,2,2,2,2,0,1,2,1,0,9,37,0,5,5,-28,0,1,-1,0,1,-1,4,1
KR_6759618583,420,0,5,-8,-1,-1,0,1,-1,3,4,0,1,1,2,5,3,-1,1,2,0,-2,2,1,4,5,-2,0,0,-1,1,0,-1,5,1
KR_6567115080,420,3,72,29,6,-1,1,2,0,2,2,0,1,1,4,4,0,3,3,0,0,5,-36,-1,7,6,22,0,1,1,1,1,-1,2,1
KR_6692431080,420,2,53,20,1,2,2,0,-1,0,1,-1,1,2,-1,3,4,2,4,2,1,-2,-4,-3,8,5,0,0,0,-1,1,-1,1,1,1
KR_6715788730,420,1,28,38,4,3,3,0,-1,4,5,-1,0,1,2,3,1,1,1,0,0,-1,0,-4,8,4,5,0,2,-1,1,1,1,3,1
KR_6694593718,420,4,62,-14,1,2,3,1,3,4,1,-5,1,6,1,1,0,0,1,1,1,7,5,0,4,4,3,0,1,1,-1,1,1,5,1
KR_6735877483,420,2,-51,20,1,2,2,0,-1,3,4,-1,0,1,1,2,1,0,0,0,0,-5,-32,1,4,5,33,0,0,-1,1,0,-1,3,1
KR_6746741787,420,2,64,26,8,2,3,1,2,2,0,7,8,1,1,3,2,-4,0,4,2,12,12,-1,6,5,2,0,0,1,0,0,1,6,1
KR_6760909305,420,1,4,18,3,-1,2,3,4,7,3,1,2,1,-2,2,4,1,1,0,0,-4,0,2,6,8,5,0,1,1,1,1,-1,6,1
KR_6749360240,420,4,60,17,6,0,3,3,7,9,2,-1,2,3,1,4,3,-1,1,2,-2,3,11,-3,10,7,9,0,1,0,1,1,-1,0,1
KR_6746297093,420,4,24,16,5,3,3,0,-2,0,2,0,2,2,4,6,2,0,2,2,0,4,-18,0,3,3,2,0,0,1,1,0,1,5,1
KR_6727011274,440,3,25,3,8,0,1,1,3,6,3,5,6,1,1,2,1,-1,1,2,0,4,13,4,4,8,-2,0,2,-1,1,1,1,3,1
KR_6757818827,420,1,50,-20,3,7,7,0,-4,1,5,0,1,1,2,5,3,-2,0,2,0,-2,-14,0,7,7,-3,0,1,1,-1,1,-1,6,1
KR_6661262449,420,-4,60,-12,-6,1,3,2,-5,1,6,-6,0,6,5,6,1,-1,0,1,0,-18,41,-1,8,7,-19,0,0,-1,1,1,1,6,1
KR_6736868277,420,2,57,-7,5,-6,2,8,4,6,2,2,4,2,5,5,0,0,0,0,3,13,118,1,9,10,3,0,0,-1,-1,1,1,3,1
KR_6619761570,420,2,45,40,-5,-4,0,4,1,2,1,-2,2,4,1,2,1,-1,2,3,0,-7,3,4,7,11,-3,0,0,0,0,0,1,0,1
KR_6766179339,420,6,101,35,20,3,3,0,4,5,1,2,2,0,8,9,1,3,3,0,0,18,41,5,2,7,1,0,1,1,1,1,1,3,1
KR_6762535313,420,2,-22,12,7,3,5,2,6,9,3,0,3,3,-1,4,5,-1,0,1,0,8,9,1,4,5,-3,0,-1,1,1,-1,-1,3,1
KR_6756690017,440,1,48,-12,-1,0,1,1,-1,0,1,0,3,3,1,3,2,-1,2,3,0,-3,-27,2,4,6,-6,0,1,1,1,1,1,2,1
KR_6691357338,420,1,83,-26,8,1,3,2,-4,0,4,6,8,2,4,6,2,1,2,1,3,10,-8,7,5,12,6,0,3,1,1,1,1,4,1
KR_6757505802,420,0,35,7,1,-1,0,1,-1,1,2,2,4,2,1,3,2,0,1,1,-1,-2,19,2,5,7,-9,0,1,1,-1,1,-1,3,1
KR_6694483043,420,-2,70,-20,-1,2,4,2,-1,2,3,-4,0,4,2,5,3,0,1,1,0,-4,-9,-1,7,6,-3,0,1,1,-1,1,1,6,1
KR_6708948214,420,4,62,-11,5,1,2,1,2,5,3,-3,1,4,4,4,0,1,1,0,0,8,10,3,4,7,4,0,1,1,-1,1,1,3,1
KR_6765095293,420,5,43,12,15,4,4,0,1,4,3,2,4,2,9,9,0,-1,2,3,0,12,7,2,2,4,-1,0,1,1,-1,1,1,1,1
KR_6753342377,420,1,-26,9,3,-2,2,4,0,3,3,1,4,3,1,2,1,3,4,1,0,2,-266,4,5,9,-6,0,1,1,1,1,-1,1,1
KR_6759112189,420,1,-23,16,1,1,3,2,-1,2,3,3,3,0,-3,1,4,1,3,2,0,6,13,-5,7,2,-4,0,-1,-1,1,-1,-1,2,1
KR_6728992446,440,5,70,-4,7,3,7,4,-2,1,3,0,1,1,6,6,0,0,0,0,0,-1,-101,0,5,5,5,0,1,1,1,1,1,2,1
KR_6670693845,440,2,-12,25,0,1,2,1,3,4,1,0,2,2,-4,3,7,0,2,2,0,3,3,-3,7,4,1,0,1,1,0,1,-1,3,1
KR_6715297925,440,-3,-50,-16,-2,0,4,4,1,3,2,-4,0,4,0,2,2,1,3,2,0,0,15,-1,4,3,3,0,-3,-1,-1,-1,-1,1,1
KR_6761789936,420,6,63,29,8,2,2,0,0,3,3,0,3,3,4,4,0,2,4,2,0,8,-7,2,6,8,3,0,0,1,0,1,1,1,1
KR_6748293395,420,0,34,-1,-2,-4,0,4,1,1,0,0,2,2,3,3,0,-2,0,2,0,2,1,-1,3,2,4,0,0,1,-1,-1,-1,5,1
KR_6702582964,420,3,12,-14,12,-3,1,4,3,5,2,3,7,4,6,6,0,3,3,0,0,18,-18,4,3,7,-2,0,-1,1,-1,1,1,6,1
KR_6508481554,420,6,75,28,17,3,5,2,4,6,2,6,6,0,2,2,0,2,2,0,0,21,1,5,1,6,5,0,2,1,1,1,1,6,1
KR_6747796813,420,-2,-12,-25,-6,0,1,1,-1,1,2,1,3,2,-3,3,6,-3,0,3,-1,-12,-5,-3,8,5,1,0,0,-1,-1,-1,-1,5,1
KR_6761722130,420,2,91,4,12,7,7,0,2,2,0,1,3,2,-2,3,5,4,5,1,0,0,-2,-3,7,4,-1,0,2,-1,1,1,1,6,1
KR_6758086224,420,1,31,-8,6,-4,1,5,4,5,1,0,0,0,6,6,0,0,1,1,-1,10,-1,-2,7,5,3,0,0,1,-1,-1,-1,2,1
KR_6655528357,440,1,12,30,7,-1,1,2,5,7,2,1,2,1,1,2,1,1,2,1,1,15,20,-4,7,3,-1,0,1,1,-1,1,1,6,1
KR_6744466723,420,-2,22,16,-2,3,3,0,-1,2,3,-1,1,2,-3,3,6,0,2,2,0,2,246,0,2,2,1,0,0,1,-1,0,-1,3,1
KR_6731861185,440,2,104,4,4,2,3,1,-3,0,3,3,4,1,3,6,3,-1,0,1,0,-3,70,-2,4,2,1,0,1,-1,1,1,1,5,1
KR_6670786138,420,3,54,16,0,1,2,1,1,4,3,-1,0,1,-1,4,5,0,3,3,0,6,-27,-3,11,8,5,0,0,-1,1,1,-1,2,1
KR_6763785037,420,3,34,4,2,1,3,2,1,2,1,1,1,0,0,6,6,-1,1,2,-1,-2,56,-1,4,3,-29,0,2,1,1,1,-1,2,1
KR_6757460231,420,1,6,20,0,-2,0,2,-1,1,2,0,0,0,5,7,2,-2,0,2,0,3,56,0,7,7,3,0,1,1,-1,-1,1,1,1
KR_6763799581,440,2,-18,-8,3,-1,0,1,5,7,2,2,4,2,-2,2,4,-1,0,1,0,11,8,2,4,6,6,0,0,-1,1,-1,-1,6,1
KR_6733287025,420,5,-13,29,14,5,5,0,4,6,2,-1,4,5,3,6,3,3,3,0,0,16,5,-6,6,0,-6,0,1,-1,1,1,-1,2,1
KR_6766079284,420,4,28,5,10,2,2,0,0,2,2,6,6,0,1,3,2,1,1,0,1,6,8,4,2,6,2,0,1,1,1,1,1,2,1
KR_6760003956,440,2,-19,32,7,2,2,0,1,2,1,3,4,1,1,5,4,0,1,1,0,8,-3,6,0,6,0,0,-2,-1,-1,-1,1,3,1
KR_6764181485,420,0,27,-20,1,-3,2,5,3,4,1,-4,2,6,5,6,1,0,2,2,0,9,-18,2,3,5,-1,0,0,-1,-1,-1,-1,4,1
KR_6677894043,420,2,50,-14,2,-1,1,2,1,2,1,-1,1,2,2,2,0,1,1,0,0,9,-17,-2,7,5,6,0,0,0,-1,0,1,0,1
KR_6764042503,420,-1,13,4,-4,-2,1,3,4,5,1,0,3,3,-4,1,5,-2,1,3,0,-4,-47,-4,9,5,4,0,0,-1,1,0,-1,6,1
KR_6661319198,420,3,76,11,8,7,8,1,3,5,2,-4,1,5,3,3,0,-1,1,2,0,4,-35,-1,5,4,6,0,1,1,1,1,1,5,1
KR_6736287410,440,3,3,31,1,0,1,1,-1,0,1,0,6,6,-1,0,1,3,3,0,0,10,-81,1,2,3,2,0,0,1,1,0,-1,6,1
KR_6754704702,420,0,22,4,4,-2,2,4,0,6,6,0,3,3,4,5,1,2,2,0,0,4,-3,0,5,5,0,0,1,1,-1,1,1,4,1
KR_6720936402,420,4,110,32,4,2,2,0,6,6,0,-2,1,3,-3,3,6,1,2,1,1,11,-26,3,4,7,21,0,1,1,-1,1,1,6,1
KR_6761993457,420,3,-14,5,6,1,2,1,1,2,1,3,4,1,2,3,1,-1,0,1,1,6,-129,3,5,8,-4,0,0,1,-1,-1,1,4,1
KR_6707575722,420,-2,-5,-1,-5,-1,1,2,-3,1,4,-3,0,3,0,2,2,2,3,1,0,-5,3,1,6,7,3,0,0,-1,1,1,-1,2,1
KR_6742548768,440,3,38,25,6,3,5,2,0,3,3,-1,1,2,4,4,0,0,1,1,0,8,-10,3,0,3,3,0,0,0,1,0,1,0,1
KR_6740561681,420,7,87,19,20,7,7,0,6,6,0,3,3,0,4,5,1,0,0,0,4,16,6,1,3,4,1,0,2,1,1,1,1,4,1
KR_6764009017,420,2,54,9,7,0,2,2,0,2,2,5,6,1,0,4,4,2,3,1,0,5,-114,5,4,9,-1,0,2,-1,1,1,1,5,1
KR_6765438997,420,3,49,0,4,-3,1,4,1,4,3,7,7,0,-1,2,3,0,1,1,0,0,6,3,2,5,-2,0,1,0,1,1,1,0,1
KR_6726985659,440,3,-16,8,8,2,4,2,0,4,4,-1,1,2,2,7,5,5,5,0,0,8,0,3,1,4,0,0,1,1,1,1,1,1,1
KR_6763189231,420,2,13,0,6,1,1,0,0,1,1,0,2,2,5,7,2,0,0,0,1,7,30,3,4,7,-6,0,0,-1,1,0,1,1,1
KR_6762319212,420,1,-24,26,5,2,2,0,1,4,3,8,12,4,-4,4,8,-2,0,2,3,-1,10,2,6,8,5,0,1,1,1,1,-1,4,1
KR_6687685374,420,-1,-59,3,1,0,1,1,0,2,2,0,1,1,1,2,1,0,0,0,0,1,4,-2,8,6,-2,0,0,-1,1,0,1,6,1
KR_6760930237,420,-2,10,12,-1,-1,1,2,0,1,1,-2,2,4,0,5,5,2,2,0,0,-13,3,-1,5,4,5,0,0,-1,0,0,1,5,1
KR_6720549802,440,5,43,0,11,0,3,3,4,5,1,2,4,2,1,6,5,4,4,0,0,13,-1,1,4,5,-1,0,1,1,1,1,1,5,1
KR_6742983574,440,4,111,4,12,5,8,3,-6,2,8,4,4,0,1,1,0,8,8,0,0,13,1,-1,3,2,4,0,2,1,1,1,1,1,1
KR_6716852048,420,2,24,-32,11,-1,3,4,4,6,2,6,8,2,1,4,3,1,2,1,2,15,3,2,1,3,-2,0,2,1,1,1,1,4,1
KR_6667157885,440,3,21,-3,9,4,4,0,5,6,1,0,2,2,5,6,1,-5,0,5,0,13,-8,-2,9,7,5,0,0,0,1,0,1,0,1
KR_6752601284,420,-3,-11,-1,-4,0,1,1,-3,1,4,1,2,1,1,5,4,-3,0,3,0,-8,-6,-3,7,4,1,0,0,1,-1,0,1,6,1
KR_6758243969,420,2,38,9,-3,3,3,0,2,4,2,-2,0,2,-5,0,5,-1,1,2,0,-13,5,-3,4,1,-1,0,0,0,1,0,-1,0,1
KR_6752194224,440,4,39,56,11,-3,0,3,8,10,2,2,2,0,2,4,2,2,2,0,0,6,-131,4,3,7,0,0,2,1,1,1,1,2,1
KR_6756776167,420,3,76,-9,7,0,0,0,3,6,3,2,4,2,0,1,1,2,2,0,1,10,16,-1,4,3,6,0,1,0,1,1,1,0,1
KR_6740322703,420,1,31,10,3,0,0,0,-1,2,3,1,2,1,4,8,4,-1,0,1,0,5,1,4,5,9,-1,0,1,1,-1,1,-1,6,1
KR_6516742423,420,-2,52,-28,-1,0,1,1,1,3,2,2,3,1,-4,1,5,0,0,0,0,6,11,1,7,8,2,0,1,1,-1,1,1,5,1
KR_6554016022,420,1,46,13,-1,0,0,0,1,4,3,-1,2,3,-1,3,4,0,0,0,0,5,-51,-10,15,5,8,0,0,1,-1,0,-1,2,1
KR_6680335539,420,-1,-18,-1,3,-2,3,5,-2,2,4,2,2,0,4,5,1,1,2,1,1,7,3,0,8,8,3,0,0,1,-1,1,1,3,1
KR_6765983895,420,0,32,10,0,1,2,1,-1,0,1,-1,1,2,3,4,1,-2,2,4,0,-10,260,-1,6,5,0,0,0,1,0,1,1,4,1
KR_6728113657,420,0,-39,12,3,0,4,4,2,4,2,3,6,3,-2,4,6,0,0,0,-3,7,25,-9,9,0,-1,0,-1,1,-1,-1,-1,2,1
KR_6764644542,420,2,49,-2,12,1,2,1,5,5,0,-1,2,3,5,6,1,2,2,0,1,19,-19,-4,6,2,-2,0,1,1,-1,1,1,4,1
KR_6757092568,420,1,-16,-8,4,0,1,1,4,4,0,-1,2,3,2,4,2,-1,0,1,0,3,-8,-6,11,5,1,0,0,0,1,0,-1,0,1
KR_6757749021,420,5,106,25,2,4,5,1,0,2,2,-2,1,3,2,3,1,-2,1,3,0,3,-50,-2,4,2,-1,0,1,-1,1,1,1,2,1
KR_6631463244,420,6,128,43,9,2,2,0,3,3,0,4,4,0,1,3,2,-1,0,1,0,11,6,-1,6,5,-3,0,1,1,1,1,1,6,1
KR_6764056880,420,1,-1,-36,6,1,2,1,2,4,2,5,7,2,-3,0,3,1,1,0,0,5,1,2,4,6,1,0,0,-1,1,-1,1,2,1
KR_6683661419,420,5,-18,12,5,3,5,2,0,2,2,3,3,0,-1,4,5,0,1,1,0,3,3,2,3,5,2,0,0,-1,-1,-1,-1,6,1
KR_6759378843,420,2,-38,-7,7,1,1,0,-1,3,4,-1,2,3,2,4,2,6,7,1,0,6,-116,-3,6,3,4,0,0,1,1,0,-1,3,1
KR_6762647988,420,-1,69,-20,-2,-2,1,3,0,5,5,0,2,2,-2,1,3,2,2,0,0,3,-16,1,5,6,-2,0,0,1,-1,-1,1,5,1
KR_6763658892,420,-2,55,8,-5,-1,1,2,-2,0,2,-7,1,8,3,3,0,2,2,0,0,-3,7,-3,7,4,-1,0,-1,1,-1,-1,1,1,1
KR_6747969538,420,0,0,-7,0,-2,1,3,0,1,1,0,5,5,1,6,5,1,1,0,0,0,3,-1,9,8,-3,0,0,1,-1,-1,-1,2,1
KR_6745438612,420,-3,-56,-17,-5,-5,0,5,-2,1,3,0,3,3,-2,1,3,4,4,0,-1,-8,-4,-3,9,6,6,0,-1,1,1,-1,-1,6,1
KR_6746265547,440,3,-31,-22,15,1,3,2,8,8,0,1,4,3,4,5,1,1,3,2,2,27,-4,2,1,3,0,0,0,1,1,1,1,5,1
KR_6657996506,420,-1,-26,-16,-5,1,3,2,-4,3,7,-3,0,3,2,4,2,-1,2,3,0,-1,-8,-5,7,2,5,0,0,0,1,1,-1,0,1
KR_6683821771,440,1,-28,-8,0,1,2,1,-5,3,8,0,5,5,0,2,2,4,4,0,0,7,-10,0,5,5,-6,0,0,1,-1,-1,-1,1,1
KR_6746270858,420,0,89,12,-1,1,1,0,1,6,5,1,1,0,-4,0,4,0,0,0,0,-3,-11,-2,8,6,0,0,1,-1,1,1,-1,1,1
KR_6691795120,420,0,-6,-6,1,-1,2,3,-3,1,4,5,6,1,1,2,1,-1,0,1,0,-1,13,1,4,5,-2,0,0,-1,0,0,1,5,1
KR_6749093611,420,-3,2,-8,-8,-1,0,1,0,3,3,-4,3,7,-3,0,3,0,2,2,0,-5,2,0,3,3,0,0,-1,-1,-1,-1,1,6,1
KR_6765887239,420,3,31,7,5,6,6,0,5,6,1,0,1,1,0,1,1,-6,0,6,0,-1,-118,3,3,6,-6,0,0,-1,1,1,1,1,1
KR_6631397698,420,0,-41,28,0,0,2,2,-1,2,3,2,2,0,1,3,2,-2,0,2,0,3,-18,1,6,7,2,0,0,1,1,1,1,5,1
KR_6046231693,420,0,-34,39,-1,-1,0,1,0,3,3,-2,0,2,2,4,2,0,1,1,0,1,35,-7,11,4,-2,0,0,1,1,1,-1,3,1
KR_6703353795,440,6,21,22,6,-2,1,3,1,1,0,-1,1,2,7,7,0,1,1,0,0,12,-2,-3,5,2,-2,0,1,0,-1,1,-1,0,1
KR_6765183987,420,2,62,-11,8,1,2,1,4,5,1,3,3,0,-4,1,5,4,4,0,0,6,128,3,4,7,1,0,1,1,-1,1,1,4,1
KR_6757103797,440,0,-16,-2,5,-2,1,3,0,3,3,2,3,1,7,12,5,-2,1,3,-2,-3,2,-1,4,3,5,0,0,1,-1,-1,-1,6,1
KR_6763518331,420,2,12,-4,7,-1,1,2,1,1,0,2,5,3,2,3,1,3,5,2,2,11,-8,5,3,8,5,0,0,1,-1,0,1,5,1
KR_6753290436,440,2,-13,24,5,-6,0,6,2,4,2,5,5,0,2,4,2,2,3,1,0,8,-18,-1,5,4,0,0,1,1,1,1,1,3,1
KR_6752311809,420,3,60,-24,12,1,3,2,3,7,4,0,3,3,7,9,2,1,1,0,4,14,283,-3,10,7,-2,0,0,1,1,1,1,6,1
KR_6750311274,420,-2,-76,26,-6,-1,1,2,-6,0,6,-1,3,4,2,2,0,0,0,0,0,-5,-2,0,6,6,-1,0,0,1,1,0,1,5,1
KR_6722682497,440,3,43,20,7,5,6,1,0,3,3,-1,0,1,1,6,5,2,7,5,0,6,-22,-3,8,5,-3,0,1,-1,1,1,1,1,1
KR_6754519967,420,0,13,23,2,1,1,0,-5,1,6,-1,0,1,3,6,3,4,6,2,0,2,-11,0,6,6,2,0,1,-1,1,1,1,5,1
KR_6755817975,440,4,54,-8,9,1,3,2,0,0,0,2,4,2,3,3,0,3,3,0,0,14,-4,-1,2,1,4,0,0,0,0,1,1,0,1
KR_6691663027,420,0,-10,-41,2,0,0,0,-5,1,6,4,5,1,2,2,0,1,4,3,0,5,-39,5,4,9,3,0,0,-1,-1,0,-1,1,1
KR_6763696502,420,-1,-14,1,-2,-4,0,4,-1,2,3,-3,3,6,4,4,0,2,2,0,0,8,9,1,4,5,2,0,2,1,-1,1,1,2,1
KR_6761069268,440,0,-46,24,0,-2,2,4,0,4,4,5,7,2,-3,0,3,0,3,3,0,3,2,1,3,4,3,0,0,1,1,1,-1,1,1
KR_6543229077,420,1,-51,28,14,1,3,2,3,5,2,8,8,0,1,4,3,1,3,2,-1,16,8,-1,5,4,2,0,2,1,1,1,-1,1,1
KR_6713336842,420,3,57,5,8,5,5,0,-1,1,2,1,1,0,3,4,1,0,2,2,0,5,13,1,5,6,-3,0,1,1,1,1,1,1,1
KR_6703596357,420,3,51,-16,6,3,4,1,0,1,1,3,3,0,0,0,0,0,0,0,0,4,1,0,4,4,4,0,0,1,-1,0,1,2,1
KR_6468116315,420,-5,-50,-13,-4,0,3,3,1,5,4,-2,2,4,-3,1,4,0,0,0,0,4,-2,-3,8,5,-3,0,0,-1,-1,-1,1,1,1
KR_6757037602,420,1,-8,-2,-8,-1,2,3,-6,3,9,0,3,3,-1,4,5,0,3,3,-1,-15,-5,-9,11,2,7,0,1,-1,-1,1,-1,1,1
KR_6750865542,420,7,86,-4,15,4,7,3,5,6,1,3,4,1,2,2,0,1,1,0,1,11,-3,-1,5,4,8,0,2,1,-1,1,1,2,1
KR_6753623235,440,2,-25,25,4,-5,0,5,2,3,1,1,2,1,0,6,6,6,7,1,-2,3,12,2,4,6,-4,0,-1,1,1,1,-1,4,1
KR_6507764305,420,3,33,10,2,-3,3,6,1,4,3,-1,1,2,1,3,2,4,5,1,0,2,-12,-2,5,3,1,0,2,1,1,1,1,1,1
KR_6758360256,420,3,102,20,-1,5,8,3,2,5,3,-4,1,5,-5,1,6,1,1,0,0,3,0,2,2,4,5,0,2,-1,-1,1,1,6,1
KR_6696574821,440,1,-47,8,-1,-4,0,4,5,5,0,2,2,0,-4,0,4,0,2,2,0,2,-3,2,5,7,-2,0,-1,-1,1,-1,-1,6,1
KR_6758290403,420,3,32,-4,7,2,3,1,3,4,1,-2,2,4,3,4,1,1,1,0,0,-1,6,2,6,8,2,0,1,1,-1,1,1,2,1
KR_6638899295,420,4,12,47,10,4,4,0,-6,0,6,4,5,1,5,6,1,3,3,0,2,6,-34,-3,5,2,4,0,2,1,-1,1,1,6,1
KR_6581243200,420,2,-2,28,4,-1,0,1,2,3,1,0,2,2,3,6,3,0,1,1,0,6,1,5,3,8,-2,0,1,1,1,1,1,3,1
KR_6760538216,420,-4,-49,-12,-2,-2,1,3,-1,1,2,1,3,2,-1,3,4,1,2,1,-1,-2,-7,1,5,6,5,0,-3,-1,-1,-1,-1,6,1
KR_6704411724,420,2,33,47,3,0,2,2,-1,4,5,4,5,1,2,4,2,-2,2,4,0,2,-3,-1,8,7,1,0,0,-1,1,1,-1,1,1
KR_6617926851,420,1,29,35,1,4,4,0,-5,0,5,3,4,1,-1,4,5,0,0,0,0,-12,-4,-2,4,2,-4,0,1,-1,1,1,1,2,1
KR_6693537622,420,3,75,-12,6,7,8,1,2,7,5,0,1,1,-2,4,6,-1,1,2,0,-4,-15,-4,11,7,5,0,2,-1,1,1,1,3,1
KR_6720590696,440,4,86,4,6,0,3,3,0,2,2,1,4,3,2,4,2,3,3,0,1,2,5,4,3,7,-3,0,2,1,1,1,1,3,1
KR_6720661077,420,0,5,-13,6,-1,2,3,1,2,1,2,3,1,2,4,2,2,2,0,0,1,12,3,6,9,-5,0,0,1,1,0,1,2,1
KR_6675039113,420,4,102,25,1,2,2,0,0,2,2,1,4,3,1,3,2,-3,0,3,0,3,1,2,4,6,3,0,1,1,0,1,-1,1,1
KR_6749679827,420,2,39,24,0,0,5,5,3,4,1,1,2,1,-4,3,7,0,0,0,0,-1,4,-9,10,1,5,0,1,1,1,1,-1,6,1
KR_6743090731,440,0,32,28,-2,-4,0,4,1,2,1,0,1,1,3,3,0,-2,2,4,0,1,3,-3,7,4,2,0,1,0,0,1,-1,0,1
KR_6765344413,420,0,45,5,-2,8,10,2,-4,1,5,1,2,1,-7,0,7,0,1,1,0,-10,-3,1,3,4,-1,0,2,-1,1,1,-1,4,1
KR_6762363290,420,2,-106,52,7,-3,0,3,4,4,0,4,5,1,1,4,3,1,4,3,0,13,19,-2,5,3,-3,0,0,1,1,0,1,3,1
KR_6744336430,440,1,1,32,1,0,0,0,0,2,2,6,8,2,-5,4,9,0,2,2,0,-5,-5,1,5,6,-3,0,-1,0,1,1,-1,0,1
KR_6756306440,420,1,-3,-16,-1,-1,2,3,0,3,3,6,7,1,0,3,3,-6,1,7,-2,-6,-19,-5,8,3,1,0,0,1,1,-1,-1,2,1
KR_6765922558,420,2,22,-9,3,1,1,0,-6,1,7,7,7,0,0,2,2,1,1,0,0,0,0,2,3,5,0,0,0,0,-1,1,-1,0,1
KR_6700306894,420,8,78,13,4,-2,3,5,3,5,2,2,4,2,1,1,0,0,3,3,0,0,0,0,3,3,2,0,2,1,1,1,1,5,1
KR_6743336333,420,1,-11,2,6,1,2,1,-1,3,4,0,2,2,3,4,1,3,4,1,1,5,6,-1,5,4,2,0,1,1,1,1,1,2,1
KR_6730458790,420,6,49,40,14,3,3,0,2,4,2,1,1,0,4,5,1,4,4,0,0,10,3,1,11,12,-1,0,1,1,1,1,1,3,1
KR_6712156924,420,5,78,38,12,4,5,1,6,6,0,0,1,1,2,2,0,0,0,0,1,9,4,3,3,6,5,0,2,1,1,1,1,5,1
KR_6728890297,420,4,49,20,5,3,4,1,3,4,1,6,8,2,-4,5,9,-3,0,3,1,2,-14,0,4,4,0,0,-1,1,-1,-1,1,6,1
KR_6353009507,420,-4,-18,-8,-6,4,5,1,0,2,2,-4,1,5,-5,1,6,-1,2,3,0,-9,0,0,0,0,0,0,1,-1,1,-1,-1,3,1
KR_6610492164,420,1,-29,27,1,2,5,3,2,4,2,-1,0,1,-4,0,4,2,3,1,0,3,9,3,5,8,4,0,0,1,-1,-1,-1,4,1
KR_6528209667,420,3,24,9,5,1,1,0,3,6,3,2,7,5,-2,2,4,1,1,0,0,-4,-2,0,8,8,-1,0,1,1,1,1,1,3,1
KR_6697296067,420,2,-6,48,3,3,5,2,4,11,7,1,1,0,2,2,0,-7,2,9,1,6,94,7,0,7,3,0,-1,1,1,1,1,3,1
KR_6756385623,420,5,49,-11,14,3,3,0,-1,1,2,3,3,0,9,10,1,0,1,1,1,22,-4,6,3,9,1,0,0,1,-1,1,1,1,1
KR_6646456078,420,2,22,4,4,-2,1,3,4,4,0,2,4,2,1,2,1,-1,0,1,0,8,9,-2,9,7,3,0,1,0,-1,1,-1,0,1
KR_6715855294,420,1,40,-12,2,-1,1,2,-3,1,4,5,5,0,3,4,1,-2,1,3,0,1,9,4,3,7,2,0,0,1,-1,0,1,4,1
KR_6756171054,420,0,9,-12,-4,2,4,2,3,3,0,0,2,2,0,1,1,-9,0,9,0,-5,-7,-1,5,4,1,0,0,-1,1,1,-1,5,1
KR_6758008821,420,3,36,21,2,0,2,2,2,3,1,-3,3,6,2,2,0,1,1,0,0,-1,-14,1,6,7,-1,0,1,1,-1,1,1,6,1
KR_6748639615,420,4,76,19,14,2,3,1,4,6,2,7,8,1,1,1,0,0,0,0,0,6,-13,0,5,5,3,0,2,0,1,1,1,0,1
KR_6764467687,420,5,60,7,4,-1,0,1,3,5,2,2,3,1,-1,0,1,1,1,0,0,8,-5,-2,5,3,6,0,0,1,1,0,1,5,1
KR_6747702802,420,1,-1,-20,5,-1,3,4,-2,1,3,3,5,2,3,5,2,2,2,0,1,8,-6,1,4,5,-1,0,-2,-1,-1,-1,1,5,1
KR_6746111051,420,1,7,-4,5,-3,2,5,-4,0,4,9,9,0,1,2,1,2,3,1,0,8,-1,-2,7,5,5,0,1,1,1,1,1,3,1
KR_6758723067,440,0,-15,-34,3,1,1,0,1,3,2,2,4,2,-2,6,8,1,2,1,-1,9,153,-2,5,3,0,0,0,-1,-1,-1,-1,2,1
KR_6764866794,440,-2,20,0,-9,-2,2,4,-6,1,7,0,5,5,1,3,2,-2,0,2,1,-8,-7,-3,8,5,3,0,-1,-1,-1,-1,1,2,1
KR_6764739509,420,0,-23,-4,-2,0,3,3,-5,2,7,3,4,1,-2,0,2,2,3,1,-1,-4,3,-1,6,5,4,0,-1,1,-1,-1,-1,6,1
KR_6754092931,420,1,3,-20,4,-2,0,2,1,5,4,0,2,2,3,6,3,2,2,0,0,11,7,-2,6,4,0,0,0,-1,1,0,1,6,1
KR_6751713481,420,-4,-55,9,-5,0,4,4,-1,6,7,0,1,1,0,1,1,-4,0,4,1,-10,11,-2,4,2,-5,0,-2,0,-1,-1,1,0,1
KR_6765176230,420,2,11,8,7,-3,1,4,-4,2,6,9,9,0,6,7,1,-1,0,1,0,5,-6,2,5,7,2,0,-1,1,-1,1,-1,5,1
KR_6669301162,420,2,42,25,3,1,2,1,0,5,5,-1,4,5,0,2,2,3,3,0,0,7,14,3,4,7,0,0,0,1,1,0,-1,6,1
KR_6714231310,440,3,11,16,9,0,1,1,2,4,2,4,8,4,1,3,2,2,3,1,0,3,11,1,4,5,1,0,1,0,1,1,1,0,1
KR_6701312670,420,-1,-55,5,8,0,2,2,-1,1,2,-4,0,4,11,11,0,2,3,1,2,13,-34,-4,6,2,6,0,0,1,1,1,1,4,1
KR_6766049826,420,2,-28,17,1,4,5,1,1,4,3,1,2,1,-2,2,4,-3,0,3,1,0,5,3,5,8,-4,0,1,1,-1,1,1,2,1
KR_6762933003,420,0,-53,0,-2,1,2,1,-2,2,4,3,3,0,-3,1,4,-1,0,1,0,-7,13,3,4,7,-3,0,0,1,1,1,1,3,1
KR_6749166484,420,-3,-28,-20,4,-2,0,2,-2,2,4,2,4,2,6,6,0,0,1,1,0,4,-97,-4,8,4,-2,0,-1,1,-1,-1,1,4,1
KR_6760005807,440,4,-3,5,14,-3,0,3,-1,4,5,10,10,0,5,6,1,3,4,1,0,12,-2,1,3,4,0,0,0,1,1,-1,1,1,1
KR_6508444771,420,5,41,48,7,1,3,2,3,3,0,4,4,0,2,4,2,-3,2,5,1,12,-11,0,5,5,3,0,1,1,1,1,1,5,1
KR_6754338364,420,2,29,-7,3,0,2,2,4,7,3,1,3,2,-1,2,3,-1,2,3,0,1,11,-2,6,4,-3,0,0,-1,-1,0,1,1,1
KR_6764835430,420,0,32,-32,2,2,2,0,-1,2,3,0,2,2,3,3,0,-2,0,2,0,-1,-3,0,3,3,7,0,0,-1,-1,0,1,4,1
KR_6733085312,420,1,47,-7,-7,3,5,2,-7,1,8,4,4,0,0,3,3,-7,0,7,-1,-9,-1,1,3,4,-3,0,1,1,1,1,-1,5,1
KR_6751966942,420,0,-10,-5,5,0,1,1,2,3,1,-1,2,3,1,1,0,3,3,0,1,12,-41,0,5,5,24,0,0,-1,-1,0,1,5,1
KR_6752011233,420,0,-14,0,6,-1,1,2,-4,1,5,7,8,1,-4,2,6,8,9,1,-1,5,-29,1,6,7,3,0,0,1,1,1,-1,5,1
KR_6757430444,420,2,53,16,-2,3,4,1,0,3,3,-2,1,3,-2,1,3,-1,0,1,0,-5,1,-5,7,2,-1,0,1,1,-1,1,-1,5,1
KR_6761413644,440,6,92,26,17,4,5,1,2,3,1,4,4,0,5,9,4,2,2,0,0,12,-10,3,0,3,-1,0,2,1,1,1,-1,4,1
KR_6734362978,420,0,-12,13,5,-1,5,6,-5,3,8,9,11,2,0,2,2,2,4,2,1,9,22,0,7,7,0,0,-1,1,1,1,1,4,1
KR_6671982335,420,1,72,0,3,2,3,1,3,3,0,3,4,1,-2,2,4,-3,0,3,-1,5,21,3,1,4,-3,0,0,-1,-1,-1,-1,3,1
KR_6762423354,420,1,16,4,3,0,3,3,0,1,1,2,3,1,1,2,1,0,0,0,-1,3,6,4,3,7,2,0,0,1,-1,0,-1,1,1
KR_6748054715,420,-3,7,-8,-2,-4,0,4,4,5,1,-1,2,3,-1,3,4,0,3,3,1,1,-20,-3,6,3,-2,0,0,-1,0,-1,1,1,1
KR_6700718629,420,-2,17,-16,-2,-1,2,3,3,3,0,0,3,3,-2,0,2,-2,0,2,0,2,5,3,4,7,2,0,0,1,1,-1,1,1,1
KR_6725403537,420,1,8,24,5,1,3,2,0,3,3,1,2,1,3,3,0,0,1,1,0,-1,-134,0,5,5,1,0,1,1,1,1,-1,2,1
KR_6762323337,420,1,10,8,12,0,1,1,7,8,1,2,5,3,4,6,2,-1,0,1,0,6,-35,5,1,6,13,0,0,1,1,0,1,4,1
KR_6595066187,440,-2,0,28,-10,2,5,3,-7,3,10,3,3,0,-7,0,7,-1,0,1,0,-2,-3,0,4,4,-1,0,-1,1,-1,-1,-1,1,1
KR_6765459784,420,2,75,-16,-2,2,2,0,-1,4,5,0,2,2,-2,3,5,-1,1,2,0,-7,4,5,4,9,1,0,0,-1,1,0,1,1,1
KR_6759322806,440,3,4,0,-1,-5,0,5,-2,4,6,-1,2,3,6,7,1,1,2,1,0,7,-1,-1,3,2,6,0,2,1,-1,1,-1,1,1
KR_6741305187,420,-5,-8,-23,-9,2,4,2,-5,2,7,1,4,3,-1,2,3,-6,0,6,0,-9,21,1,4,5,-3,0,-1,1,-1,-1,-1,2,1
KR_6755531333,420,-1,-21,-25,-1,-4,0,4,-2,1,3,0,2,2,3,3,0,2,3,1,1,4,-5,3,7,10,4,0,-2,-1,-1,-1,1,3,1
KR_6736335463,440,3,68,-6,0,4,4,0,-3,3,6,-3,0,3,1,1,0,1,1,0,0,-4,-85,-5,8,3,-4,0,2,1,0,1,-1,3,1
KR_6709065020,420,4,25,-12,8,5,5,0,3,4,1,1,4,3,0,3,3,-1,1,2,0,3,-7,2,3,5,3,0,-1,-1,-1,-1,-1,1,1
KR_6763985663,420,2,62,12,-1,2,2,0,-2,4,6,2,2,0,-3,2,5,0,3,3,0,-7,-74,1,6,7,-9,0,0,0,-1,0,1,0,1
KR_6707856415,420,0,-7,-11,7,1,3,2,-1,5,6,0,3,3,6,6,0,1,2,1,1,22,2,4,4,8,3,0,1,1,-1,-1,1,3,1
KR_6754674016,420,0,-23,14,5,2,4,2,6,7,1,2,3,1,-6,0,6,1,2,1,0,9,19,-5,8,3,3,0,2,-1,1,1,-1,5,1
KR_6608819633,420,1,37,16,3,0,3,3,2,4,2,2,3,1,-2,2,4,1,1,0,0,-1,-2,-4,7,3,5,0,1,1,1,1,1,6,1
KR_6718799378,420,4,88,20,-1,-1,2,3,3,6,3,-1,2,3,-1,1,2,-1,0,1,0,-7,-30,-3,7,4,-6,0,0,-1,1,-1,1,1,1
KR_6746091753,420,2,51,-11,5,3,5,2,0,4,4,2,2,0,0,2,2,0,0,0,0,0,-5,0,4,4,11,0,2,1,1,1,1,4,1
KR_6692557890,420,6,74,35,14,5,5,0,6,8,2,1,1,0,4,7,3,-2,0,2,1,7,15,0,5,5,-5,0,1,1,1,1,1,5,1
KR_6753048537,420,3,42,16,5,1,2,1,1,3,2,0,6,6,3,6,3,0,2,2,0,6,-3,0,5,5,-1,0,0,1,1,1,-1,2,1
KR_6744149799,440,6,67,-1,13,2,2,0,3,5,2,6,6,0,2,5,3,0,0,0,0,16,-28,3,5,8,-6,0,2,1,1,1,1,1,1
KR_6714709611,420,3,29,32,5,-2,3,5,6,7,1,1,3,2,-3,3,6,3,3,0,0,-2,0,0,5,5,-1,0,2,-1,1,1,-1,1,1
KR_6691817373,420,-1,3,6,-2,0,2,2,2,2,0,-1,3,4,0,2,2,-3,3,6,0,-5,24,-4,9,5,3,0,0,1,0,0,-1,5,1
KR_6730565245,420,-1,-31,-3,-6,0,2,2,-3,1,4,1,3,2,-3,0,3,-1,1,2,0,3,6,3,4,7,-3,0,0,-1,1,0,-1,1,1
KR_6695748099,420,4,3,43,7,3,3,0,-4,2,6,6,6,0,3,4,1,-1,2,3,0,1,-5,-2,6,4,2,0,0,1,-1,0,-1,2,1
KR_6761020745,420,-1,1,22,6,6,7,1,2,4,2,-3,2,5,0,1,1,1,2,1,1,13,1,2,3,5,4,0,1,-1,1,1,1,5,1
KR_6711965821,420,1,-20,32,-1,0,1,1,-4,2,6,2,2,0,1,1,0,0,0,0,0,-2,-3,-2,7,5,4,0,1,1,1,1,-1,2,1
KR_6739456016,420,3,28,44,-3,-3,0,3,1,5,4,-4,2,6,4,5,1,-1,3,4,-1,0,16,-2,7,5,-2,0,1,-1,-1,1,-1,3,1
KR_6737079003,420,5,74,9,6,2,4,2,0,3,3,0,2,2,5,7,2,-1,0,1,0,0,25,0,7,7,-3,0,0,0,1,0,1,0,1
KR_6702623788,440,0,-65,-12,-2,-1,1,2,2,6,4,0,3,3,1,2,1,-4,0,4,0,-5,-9,0,5,5,0,0,-1,-1,0,-1,-1,5,1
KR_6758603300,420,4,40,12,10,4,6,2,2,3,1,0,2,2,1,5,4,3,4,1,0,-2,-9,-4,6,2,-1,0,2,1,1,1,1,1,1
KR_6753834045,420,0,-2,0,-2,3,4,1,-1,2,3,-2,1,3,-3,0,3,1,1,0,0,-3,-1,0,7,7,-3,0,0,1,1,0,-1,3,1
KR_6762621945,420,5,85,8,10,3,3,0,5,6,1,-1,3,4,2,4,2,1,1,0,0,18,-240,4,3,7,2,0,1,1,1,1,1,3,1
KR_6487092969,420,6,32,9,6,3,3,0,1,4,3,1,2,1,1,3,2,0,1,1,0,5,-23,2,4,6,3,0,2,1,1,1,1,5,1
KR_6676583656,420,4,29,-16,13,1,4,3,3,5,2,-1,3,4,9,9,0,1,1,0,0,17,30,3,6,9,15,0,1,-1,-1,1,1,2,1
KR_6753765356,420,1,44,-8,2,7,7,0,-2,0,2,2,4,2,-4,0,4,-1,0,1,0,-9,-3,0,5,5,4,0,1,-1,1,1,1,2,1
KR_6752721655,420,-1,14,-16,-2,2,2,0,4,7,3,-4,1,5,-3,0,3,-1,0,1,0,2,8,4,6,10,3,0,0,-1,-1,-1,-1,1,1
KR_6763174344,420,2,-28,12,6,0,1,1,4,5,1,2,6,4,0,3,3,0,0,0,0,15,34,4,4,8,3,0,-1,1,-1,-1,1,4,1
KR_6756835164,420,1,-61,24,3,-3,1,4,2,4,2,0,2,2,3,5,2,1,1,0,-1,8,3,2,1,3,0,0,1,1,-1,-1,-1,3,1
KR_6468103274,420,-1,-2,-8,-4,1,1,0,-2,1,3,-1,4,5,-2,0,2,0,1,1,0,-3,6,5,3,8,-4,0,-2,1,-1,-1,-1,1,1
KR_6714609346,440,-1,24,5,3,0,3,3,1,2,1,-1,4,5,3,5,2,0,0,0,0,9,-10,-3,5,2,0,0,2,1,1,1,1,3,1
KR_6744646816,420,3,135,12,8,-3,1,4,4,5,1,3,6,3,4,5,1,0,0,0,1,12,-15,-4,7,3,4,0,1,1,-1,1,1,4,1
KR_6763839745,420,1,-39,8,4,2,2,0,-2,3,5,0,2,2,3,5,2,1,4,3,0,1,6,1,5,6,3,0,0,-1,1,0,1,2,1
KR_6762223440,420,5,64,9,11,-6,1,7,0,4,4,11,11,0,5,5,0,1,2,1,1,11,8,1,4,5,3,0,2,1,-1,1,1,4,1
KR_6747459564,420,2,-5,5,1,5,6,1,-3,1,4,1,2,1,-3,2,5,1,2,1,0,-4,243,-2,7,5,0,0,0,1,0,0,1,2,1
KR_6702244524,420,1,60,12,0,3,5,2,0,3,3,-1,0,1,-4,0,4,2,3,1,-1,-1,2,-1,6,5,2,0,0,-1,1,1,-1,5,1
KR_6724594217,440,-1,-48,-8,-2,0,2,2,-1,2,3,-3,1,4,3,3,0,-1,1,2,-1,-5,-5,1,4,5,1,0,0,0,-1,0,-1,0,1
KR_6763757430,440,1,12,13,-2,-3,0,3,1,5,4,-1,3,4,0,2,2,1,2,1,0,-1,8,0,6,6,-8,0,0,-1,-1,0,1,6,1
KR_6763690468,420,-1,65,-32,-2,2,6,4,-1,2,3,-2,2,4,1,5,4,-2,0,2,0,-6,44,2,5,7,-23,0,0,1,-1,0,-1,1,1
KR_6752145120,420,4,-32,20,10,-1,1,2,12,12,0,-1,2,3,1,4,3,-1,0,1,0,8,1,2,5,7,1,0,0,1,1,1,1,3,1
KR_6567248418,420,2,63,27,0,1,1,0,3,8,5,-1,2,3,-3,1,4,0,1,1,0,-8,57,-2,5,3,-33,0,1,-1,1,1,-1,2,1
KR_6751830095,420,0,-5,12,5,0,2,2,2,3,1,-1,3,4,3,4,1,1,2,1,0,11,11,-2,9,7,-2,0,0,-1,1,0,1,4,1
KR_6674917201,420,-3,-12,8,-5,0,1,1,-1,2,3,-3,1,4,2,3,1,-3,0,3,-1,-5,1,-1,8,7,-3,0,1,1,1,1,-1,6,1
KR_6759568621,440,1,132,-8,8,0,2,2,5,6,1,-1,3,4,5,8,3,-1,0,1,1,10,1,1,4,5,1,0,1,-1,0,1,1,5,1
KR_6758910924,420,4,55,-13,7,2,3,1,-1,2,3,2,5,3,0,6,6,4,5,1,1,11,5,2,6,8,-1,0,1,0,1,1,1,0,1
KR_6760874830,420,2,6,4,7,2,2,0,4,5,1,0,3,3,0,4,4,1,2,1,0,10,12,6,4,10,-5,0,1,1,0,1,1,6,1
KR_6700001738,420,-1,-15,-28,-3,-1,1,2,-2,4,6,0,3,3,1,4,3,-1,0,1,0,0,7,0,6,6,0,0,1,-1,-1,1,1,5,1
KR_6607225415,420,5,3,40,7,0,2,2,8,9,1,-1,0,1,0,1,1,0,0,0,0,14,23,1,6,7,5,0,0,1,-1,0,1,6,1
KR_6640355453,420,2,16,54,7,2,4,2,-1,3,4,3,4,1,1,1,0,2,2,0,1,7,20,-5,10,5,-16,0,1,1,-1,1,1,4,1
KR_6415031236,420,5,48,16,7,0,3,3,2,3,1,0,1,1,3,6,3,2,3,1,1,4,29,2,5,7,-1,0,2,0,1,1,1,0,1
KR_6689861815,420,1,-14,-1,2,-4,2,6,0,1,1,3,4,1,5,7,2,-2,0,2,0,6,2,3,4,7,-2,0,0,-1,1,0,1,4,1
KR_6695807380,420,7,45,39,16,10,10,0,2,3,1,0,3,3,1,3,2,3,5,2,0,10,6,7,4,11,-3,0,3,1,1,1,-1,1,1
KR_6555437382,420,1,3,0,-1,3,3,0,1,5,4,-4,0,4,-1,1,2,0,0,0,0,-2,10,-2,5,3,2,0,1,1,1,1,-1,5,1
KR_6723838602,420,6,53,43,17,4,4,0,1,4,3,6,7,1,6,6,0,0,1,1,0,7,5,2,3,5,2,0,2,1,1,1,-1,6,1
KR_6671258404,420,4,62,26,14,8,9,1,2,3,1,-1,0,1,3,3,0,2,5,3,1,6,9,6,4,10,-4,0,-1,1,1,1,1,5,1
KR_6634614453,420,1,-12,-36,5,-3,0,3,7,9,2,-1,4,5,0,3,3,2,2,0,0,13,-6,3,4,7,-1,0,1,-1,-1,-1,-1,1,1
KR_6712214694,420,1,45,0,5,6,6,0,-1,4,5,2,3,1,-1,2,3,-1,0,1,0,5,-20,-3,9,6,8,0,0,1,-1,-1,1,3,1
KR_6739268248,420,6,39,12,3,1,2,1,4,4,0,3,3,0,-6,3,9,1,1,0,0,-1,1,-1,5,4,6,0,1,1,-1,1,-1,3,1
KR_6746280320,420,-1,-9,13,-4,0,1,1,4,5,1,-1,4,5,-2,0,2,-5,1,6,0,-11,-2,-1,3,2,-2,0,0,1,-1,0,1,3,1
KR_6759604440,440,-2,-10,0,0,2,5,3,0,1,1,-1,1,2,2,4,2,-3,3,6,1,5,47,-1,6,5,-16,0,-1,1,-1,-1,1,6,1
KR_6738242311,420,3,-69,15,7,1,3,2,2,3,1,-1,3,4,4,5,1,1,1,0,0,7,8,4,3,7,-2,0,0,-1,1,0,1,5,1
KR_6733374355,420,5,77,44,6,1,2,1,1,2,1,2,4,2,0,0,0,2,3,1,0,1,8,1,4,5,-8,0,1,1,1,1,1,5,1
KR_6639894379,420,1,26,-12,6,-2,1,3,4,6,2,1,2,1,3,6,3,0,0,0,0,11,-35,0,6,6,0,0,1,1,1,1,-1,5,1
KR_6750290022,420,6,116,-6,7,2,3,1,4,4,0,1,3,2,0,2,2,0,0,0,0,6,4,1,3,4,-1,0,3,1,1,1,1,4,1
KR_6757163205,420,5,36,48,9,0,2,2,2,4,2,2,2,0,5,6,1,0,2,2,-1,10,-31,2,3,5,1,0,2,1,0,1,-1,6,1
KR_6465244531,420,-4,-48,-4,-5,-3,1,4,2,6,4,1,4,3,-1,1,2,-4,1,5,1,1,0,0,4,4,-1,0,1,-1,1,1,1,3,1
KR_6611209513,420,0,-29,-16,3,1,1,0,2,3,1,-1,0,1,1,1,0,0,0,0,0,7,1,3,3,6,1,0,1,1,1,1,1,5,1
KR_6711987829,420,0,-14,12,8,3,4,1,3,4,1,-4,1,5,6,7,1,0,3,3,0,10,3,-8,8,0,-2,0,-1,-1,-1,1,-1,5,1
KR_6735955673,420,2,28,-12,7,2,3,1,-1,0,1,2,5,3,5,5,0,-1,0,1,0,8,-1,-1,4,3,2,0,1,1,1,1,-1,4,1
KR_6765705282,420,1,-40,-9,6,0,2,2,1,2,1,2,5,3,4,6,2,-1,0,1,0,5,10,8,0,8,-1,0,0,-1,1,0,1,2,1
KR_6765410636,420,4,39,20,8,2,3,1,4,4,0,3,5,2,-2,0,2,1,1,0,0,10,30,3,6,9,-2,0,1,-1,-1,1,1,2,1
KR_6740252394,420,1,32,-44,1,-3,1,4,3,4,1,1,1,0,1,3,2,-1,0,1,0,-2,6,-1,6,5,0,0,0,-1,-1,0,-1,2,1
KR_6763917280,420,2,38,-1,8,5,5,0,1,2,1,0,2,2,0,2,2,2,2,0,0,7,-7,-3,9,6,2,0,0,1,-1,-1,1,3,1
KR_6694644322,420,1,2,60,0,2,2,0,1,2,1,1,1,0,-2,4,6,-2,0,2,0,0,-8,-6,11,5,7,0,-1,-1,1,-1,-1,6,1
KR_6692302388,420,-1,-19,-6,-5,1,4,3,-5,4,9,-2,2,4,0,0,0,1,1,0,0,-17,50,1,4,5,-23,0,0,1,0,0,1,2,1
KR_6634721714,420,-6,-113,-26,-6,-1,2,3,-1,1,2,1,1,0,-2,1,3,-3,0,3,0,-6,26,2,5,7,24,0,-2,-1,1,-1,1,3,1
KR_6732571152,420,7,64,19,14,6,6,0,2,3,1,4,4,0,1,2,1,1,2,1,0,3,-8,6,5,11,0,0,3,1,1,1,1,2,1
KR_6742813182,420,1,43,-2,7,1,2,1,-1,5,6,4,5,1,3,4,1,0,0,0,0,5,92,-2,7,5,3,0,1,1,1,1,1,6,1
KR_6763378314,420,2,28,-28,6,0,1,1,-1,0,1,5,5,0,2,3,1,0,0,0,0,4,3,6,2,8,3,0,0,-1,1,1,1,3,1
KR_6749461517,420,2,16,29,4,0,0,0,2,4,2,4,5,1,-3,0,3,1,1,0,0,3,-5,3,4,7,0,0,1,1,1,1,1,3,1
KR_6558273327,440,0,-29,2,1,2,2,0,-1,2,3,-2,1,3,1,3,2,1,1,0,0,4,18,0,2,2,0,0,0,1,1,1,-1,3,1
KR_6756731992,420,1,16,41,12,5,5,0,2,3,1,0,2,2,-1,1,2,6,7,1,2,16,-282,1,4,5,-2,0,1,-1,1,1,1,3,1
KR_6725753118,420,5,20,6,9,2,7,5,-2,0,2,1,3,2,3,4,1,5,5,0,0,7,-11,2,4,6,3,0,1,-1,-1,1,-1,3,1
KR_6742793743,420,4,89,32,12,3,3,0,0,4,4,3,5,2,6,6,0,0,1,1,0,13,6,3,5,8,0,0,2,1,1,1,1,6,1
KR_6751436966,420,6,42,4,7,2,3,1,2,6,4,-4,2,6,3,5,2,4,4,0,-1,-4,1,0,5,5,-2,0,0,1,1,-1,-1,2,1
KR_6743228875,420,2,50,8,7,2,3,1,5,6,1,3,3,0,-5,1,6,2,2,0,0,4,229,-3,5,2,4,0,0,1,1,0,1,5,1
KR_6717639292,420,4,77,28,10,3,4,1,4,7,3,-4,1,5,5,8,3,2,2,0,0,8,-7,0,5,5,2,0,1,1,1,1,-1,2,1
KR_6744644514,420,0,16,8,1,-1,0,1,4,6,2,-1,1,2,-3,2,5,2,2,0,0,1,26,5,2,7,-3,0,-1,1,-1,-1,-1,4,1
KR_6763641493,420,1,26,-12,0,-1,3,4,-2,3,5,3,3,0,-1,3,4,1,1,0,0,3,-3,1,6,7,3,0,0,-1,-1,0,-1,3,1
KR_6754730963,420,2,-61,2,10,0,2,2,6,6,0,4,4,0,1,4,3,-1,0,1,0,10,-11,-1,8,7,5,0,-2,1,0,-1,1,2,1
KR_6737190050,420,0,-25,-5,5,-1,1,2,2,2,0,1,2,1,1,3,2,2,2,0,0,9,133,-2,5,3,-7,0,1,1,1,1,1,2,1
KR_6617099307,420,3,86,-15,12,3,3,0,0,4,4,8,8,0,-1,1,2,2,2,0,0,16,-13,-1,5,4,5,0,-1,1,-1,-1,1,2,1
KR_6765515491,420,2,46,-6,1,0,2,2,1,4,3,0,2,2,-1,2,3,1,1,0,0,-5,12,8,3,11,0,0,1,-1,0,1,-1,2,1
KR_6737842230,440,3,43,-2,8,2,4,2,5,5,0,2,3,1,-1,2,3,0,1,1,0,5,-2,-8,8,0,0,0,0,-1,-1,1,-1,2,1
KR_6756618023,420,2,23,11,9,1,2,1,2,5,3,3,9,6,1,1,0,2,2,0,0,6,-4,-1,4,3,-2,0,1,1,-1,1,-1,3,1
KR_6735735429,420,3,7,8,0,1,2,1,0,3,3,-2,1,3,-3,1,4,4,4,0,0,-4,0,-4,10,6,6,0,1,0,1,1,1,0,1
KR_6671980482,420,2,19,29,8,-1,0,1,3,6,3,0,1,1,2,5,3,4,4,0,0,17,4,4,2,6,-1,0,0,1,-1,-1,1,3,1
KR_6752076948,420,2,38,15,-2,4,4,0,-6,0,6,4,4,0,-2,1,3,-2,1,3,0,-1,3,-1,4,3,-3,0,-2,1,1,-1,-1,1,1
KR_6762523711,420,3,44,16,6,-2,1,3,4,5,1,2,3,1,3,3,0,-1,0,1,0,8,4,-3,6,3,-2,0,3,1,1,1,1,3,1
KR_6739863182,420,-3,-18,8,-2,1,1,0,0,2,2,-2,6,8,-1,2,3,0,2,2,-1,-3,14,8,3,11,-2,0,-1,1,1,-1,-1,5,1
KR_6718508363,420,1,-28,12,4,1,2,1,-1,4,5,1,3,2,2,4,2,1,2,1,0,3,-97,3,2,5,-2,0,0,1,1,0,-1,5,1
KR_6766018920,440,0,-16,16,-2,2,3,1,1,2,1,-3,0,3,2,4,2,-4,1,5,0,-5,-5,1,5,6,3,0,0,1,-1,0,1,6,1
KR_6745493128,420,1,81,-10,4,4,4,0,-2,1,3,3,4,1,-3,1,4,2,2,0,0,4,4,-1,8,7,3,0,1,1,-1,1,1,6,1
KR_6712847067,420,2,55,14,-2,2,2,0,2,4,2,-1,1,2,-3,2,5,-2,2,4,0,-3,-3,3,7,10,-1,0,1,-1,1,1,-1,3,1
KR_6674965524,420,3,1,37,6,1,2,1,-1,4,5,3,3,0,-3,1,4,6,8,2,1,12,-13,2,4,6,1,0,0,1,0,-1,1,5,1
KR_6745457893,420,0,6,-16,4,1,2,1,3,5,2,0,1,1,-1,1,2,1,2,1,0,2,2,0,5,5,-3,0,1,-1,1,1,1,5,1
KR_6625478087,420,0,-31,-2,-7,-1,1,2,-6,5,11,-3,2,5,0,3,3,3,4,1,-3,-5,0,-2,8,6,-3,0,0,1,-1,0,1,6,1
KR_6762526298,440,-5,-32,-5,-10,0,1,1,0,3,3,-3,2,5,-3,5,8,-4,1,5,1,-11,13,0,2,2,-8,0,0,-1,1,0,1,6,1
KR_6709162528,420,1,45,8,-2,-1,1,2,-1,3,4,-2,1,3,3,5,2,-1,0,1,0,-2,1,-2,5,3,-2,0,0,0,-1,0,-1,0,1
KR_6760094384,420,3,48,20,12,-3,1,4,2,5,3,7,10,3,7,7,0,-1,0,1,0,6,21,-5,8,3,1,0,3,1,1,1,1,6,1
KR_6678754224,420,1,9,16,0,0,2,2,-6,0,6,5,8,3,2,5,3,-1,0,1,0,6,-1,-3,8,5,2,0,0,1,-1,0,1,3,1
KR_6741355390,420,1,17,24,7,2,3,1,0,1,1,0,1,1,4,4,0,1,1,0,0,5,22,4,1,5,-2,0,3,1,1,1,1,1,1
KR_6688012482,420,3,81,-8,-2,3,4,1,0,5,5,-1,3,4,-2,5,7,-2,1,3,-1,-6,23,-2,6,4,1,0,-1,0,-1,1,-1,0,1
KR_6763223104,420,7,79,19,11,0,1,1,1,1,0,8,9,1,1,2,1,1,2,1,0,10,4,6,1,7,0,0,2,1,1,1,-1,1,1
KR_6724390660,440,-1,22,-16,4,1,1,0,4,7,3,2,2,0,0,4,4,-3,0,3,0,4,-1,-4,5,1,4,0,0,1,-1,1,1,4,1
KR_6756311255,440,3,-38,35,6,-1,0,1,0,2,2,-2,2,4,4,6,2,5,5,0,-1,6,17,-4,6,2,1,0,0,1,1,0,-1,3,1
KR_6758564474,420,1,77,13,8,3,4,1,1,1,0,1,2,1,3,6,3,0,0,0,1,7,1,0,5,5,4,0,0,1,-1,0,-1,5,1
KR_6763016535,440,1,10,8,4,0,2,2,-1,1,2,0,2,2,3,3,0,2,2,0,1,7,-4,2,3,5,1,0,1,1,-1,1,1,1,1
KR_6763652510,420,-1,-52,-4,0,-1,2,3,1,2,1,0,1,1,4,8,4,-4,1,5,0,2,-14,-4,8,4,6,0,0,0,-1,-1,-1,0,1
KR_6746809070,420,-1,-9,16,-3,-1,2,3,0,3,3,-1,1,2,-2,0,2,1,1,0,0,-7,-12,-2,7,5,1,0,0,1,-1,0,1,1,1
KR_6528919046,420,-1,22,1,3,0,2,2,2,2,0,0,2,2,1,2,1,0,0,0,0,4,13,2,4,6,3,0,-1,1,0,-1,1,6,1
KR_6509823871,420,4,88,3,6,4,4,0,1,4,3,-3,0,3,3,5,2,1,1,0,0,8,17,3,5,8,1,0,2,1,0,1,1,6,1
KR_6759427526,420,-4,-40,0,-11,-1,2,3,-2,1,3,-5,3,8,-2,6,8,-1,2,3,-2,-12,50,-2,7,5,-14,0,-2,-1,-1,-1,-1,4,1
KR_6544771486,420,5,67,-1,12,0,3,3,5,6,1,5,6,1,3,4,1,-1,1,2,0,6,7,-1,5,4,2,0,3,1,1,1,-1,6,1
KR_6743107748,420,4,0,15,2,-1,0,1,5,5,0,-3,1,4,1,3,2,0,0,0,0,3,-10,2,5,7,-2,0,0,1,0,0,-1,3,1
KR_6751441873,440,2,-11,0,7,2,5,3,1,2,1,-3,3,6,4,8,4,3,4,1,0,19,-2,-2,5,3,3,0,2,0,1,1,-1,0,1
KR_6763009778,420,-2,-30,-31,-6,-2,1,3,0,4,4,-5,0,5,2,3,1,-1,1,2,-1,-2,52,1,4,5,-24,0,-1,-1,-1,-1,-1,3,1
KR_6758141868,420,0,-15,19,2,4,4,0,-2,1,3,-1,1,2,1,2,1,0,0,0,0,-5,14,2,3,5,1,0,2,1,-1,1,-1,4,1
KR_6759054567,440,0,-35,11,-1,0,2,2,5,5,0,-4,1,5,-1,1,2,-1,0,1,1,-4,-45,-1,6,5,21,0,0,0,1,0,1,0,1
KR_6675093939,420,4,82,-3,13,4,4,0,-1,2,3,0,2,2,7,8,1,3,3,0,0,14,-1,3,5,8,-1,0,1,-1,1,1,1,3,1
KR_6677010639,420,1,-14,-8,3,4,4,0,-4,2,6,2,2,0,2,3,1,-1,0,1,0,0,6,2,4,6,2,0,0,1,-1,-1,-1,1,1
KR_6764623418,420,3,63,-20,10,2,4,2,2,5,3,-1,2,3,6,7,1,1,1,0,0,16,16,-1,5,4,3,0,2,-1,-1,1,1,1,1
KR_6757381102,420,3,13,28,2,-2,3,5,0,1,1,4,5,1,0,3,3,0,0,0,1,3,3,7,4,11,-3,0,1,1,1,-1,1,3,1
KR_6757037781,420,3,-9,-24,4,2,3,1,5,9,4,-1,0,1,1,4,3,-3,1,4,0,3,4,3,5,8,3,0,0,1,-1,0,-1,1,1
KR_6693815078,420,8,18,122,12,1,2,1,4,4,0,0,3,3,4,6,2,3,6,3,0,9,8,2,1,3,0,0,0,1,1,1,1,5,1
KR_6727052635,420,7,55,16,14,3,4,1,1,3,2,1,2,1,5,9,4,4,5,1,0,10,21,2,2,4,-1,0,2,1,-1,1,-1,3,1
KR_6757625147,420,-2,61,4,-8,3,3,0,-2,2,4,-4,2,6,-5,1,6,0,0,0,-1,-14,0,-1,6,5,-1,0,-1,1,-1,-1,-1,4,1
KR_6663899295,420,2,-15,-10,11,4,6,2,2,7,5,0,3,3,3,4,1,2,2,0,1,24,6,8,4,12,-3,0,0,1,1,1,1,4,1
KR_6758033471,420,5,56,-9,21,7,7,0,-2,3,5,5,6,1,9,9,0,2,2,0,1,23,1,-2,8,6,5,0,1,1,-1,1,1,4,1
KR_6713923566,440,-4,-50,4,-2,0,4,4,-3,7,10,0,2,2,1,1,0,0,0,0,-2,-10,-8,5,2,7,-3,0,-3,-1,-1,-1,-1,1,1
KR_6760907601,440,0,88,1,-2,2,3,1,2,5,3,-3,0,3,-5,2,7,2,2,0,0,-8,34,3,4,7,1,0,1,0,0,1,1,0,1
KR_6727870084,420,3,71,-20,7,4,6,2,1,4,3,-1,2,3,2,6,4,1,3,2,-1,0,-2,-2,7,5,3,0,2,1,1,1,-1,3,1
KR_6741916900,420,5,20,-10,13,4,4,0,12,12,0,-5,2,7,2,2,0,0,1,1,-1,12,-7,-1,6,5,6,0,1,1,1,1,-1,5,1
KR_6755432410,420,4,52,15,7,-3,2,5,4,5,1,-4,1,5,8,10,2,2,4,2,3,9,-2,3,5,8,4,0,2,1,1,1,1,2,1
KR_6763116200,420,3,11,7,9,2,4,2,3,4,1,-2,0,2,6,7,1,0,2,2,0,7,2,0,3,3,4,0,3,1,-1,1,1,4,1
KR_6655777910,440,1,49,-6,8,5,5,0,5,5,0,3,4,1,-6,0,6,1,2,1,0,0,-22,-1,7,6,8,0,1,-1,1,1,1,3,1
KR_6748833841,420,3,22,12,0,-2,0,2,-1,2,3,4,6,2,-1,1,2,0,0,0,0,5,-254,-3,6,3,-1,0,-1,1,-1,-1,1,4,1
KR_6766102229,420,-4,-63,-19,-3,0,3,3,-8,3,11,3,5,2,1,5,4,1,1,0,1,-1,29,11,4,15,2,0,-1,-1,1,1,1,5,1
KR_6751285952,420,2,-16,11,5,0,2,2,3,5,2,-1,0,1,2,3,1,1,3,2,0,9,3,1,8,9,5,0,0,-1,1,0,-1,2,1
KR_6670445397,420,2,76,9,4,1,3,2,4,5,1,-1,2,3,0,4,4,0,4,4,0,-4,106,-3,10,7,5,0,1,0,1,1,1,0,1
KR_6755953705,420,3,32,17,4,3,3,0,-5,1,6,-1,1,2,6,7,1,1,2,1,1,7,-76,-1,5,4,2,0,1,1,-1,1,1,6,1
KR_6753998412,420,0,29,0,-3,2,4,2,-2,1,3,1,6,5,-2,1,3,-2,1,3,1,0,1,2,5,7,3,0,0,1,1,0,1,1,1
KR_6765824539,420,-4,-43,-32,-6,-4,0,4,-3,2,5,0,2,2,-1,2,3,2,3,1,-1,-1,4,-3,5,2,3,0,-1,-1,-1,-1,-1,2,1
KR_6665182888,420,-3,-25,-3,-3,-1,0,1,3,8,5,-4,0,4,0,1,1,-1,0,1,0,-5,27,0,5,5,-24,0,-1,1,-1,1,1,4,1
KR_6675023318,420,6,135,35,11,4,4,0,1,3,2,3,4,1,3,6,3,0,0,0,0,1,-99,0,4,4,-4,0,2,1,-1,1,1,4,1
KR_6669609608,420,2,46,12,7,4,4,0,2,5,3,-5,0,5,2,6,4,4,5,1,1,-2,-47,-1,4,3,15,0,1,1,1,1,1,6,1
KR_6734034707,420,2,9,-24,3,1,4,3,2,5,3,0,2,2,1,4,3,-1,0,1,0,-5,-1,0,6,6,4,0,0,1,-1,0,1,3,1
KR_6765485882,420,-1,11,-26,0,4,4,0,-3,1,4,-2,0,2,7,9,2,-6,1,7,0,-1,5,4,4,8,2,0,0,1,-1,1,1,5,1
KR_6046311569,420,0,11,1,5,-1,0,1,0,4,4,3,4,1,3,4,1,0,0,0,0,3,-127,3,7,10,4,0,0,-1,-1,1,1,4,1
KR_6679948408,420,-1,2,-15,-2,-2,1,3,-2,3,5,0,2,2,2,3,1,0,1,1,0,0,-3,2,3,5,3,0,0,-1,-1,0,1,5,1
KR_6750443238,420,4,75,20,4,1,2,1,1,3,2,1,4,3,1,2,1,0,1,1,0,-3,-20,-1,7,6,4,0,1,1,1,1,1,6,1
KR_6582842048,420,2,-32,41,6,0,1,1,3,5,2,-2,3,5,3,3,0,2,2,0,0,7,-16,-2,9,7,0,0,0,1,1,-1,1,3,1
KR_6657961101,420,6,115,53,15,2,3,1,0,4,4,5,7,2,7,8,1,1,1,0,0,13,0,5,0,5,1,0,2,1,1,1,-1,6,1
KR_6686628258,420,-1,24,-10,3,-2,2,4,0,4,4,3,3,0,2,2,0,0,1,1,0,13,7,-1,8,7,-4,0,1,1,-1,-1,1,1,1
KR_6713549351,420,2,54,12,0,1,2,1,2,4,2,-2,2,4,-2,0,2,1,1,0,-1,-5,2,1,6,7,2,0,1,1,-1,1,-1,5,1
KR_6750527545,420,0,-37,0,5,1,3,2,6,8,2,1,1,0,-3,0,3,0,2,2,0,7,-102,4,5,9,-10,0,0,-1,1,0,-1,4,1
KR_6764613349,420,0,15,0,-1,-2,0,2,0,0,0,-4,0,4,3,5,2,2,2,0,0,6,2,-3,7,4,3,0,1,1,1,1,1,2,1
KR_6749071232,420,3,22,28,8,4,7,3,5,7,2,4,8,4,-3,6,9,-2,0,2,0,5,6,4,3,7,3,0,0,1,1,-1,-1,5,1
KR_6708513738,420,2,28,-11,11,6,7,1,0,2,2,1,4,3,3,3,0,1,3,2,-1,26,9,-2,5,3,-10,0,2,-1,1,1,-1,2,1
KR_6760412105,420,2,28,-36,5,5,6,1,0,2,2,1,1,0,0,2,2,-1,0,1,0,6,-1,5,2,7,3,0,0,1,-1,1,-1,4,1
KR_6752044700,420,0,-21,-8,1,-1,1,2,2,3,1,2,2,0,-1,1,2,-1,2,3,0,-1,-6,-6,9,3,0,0,-1,-1,1,-1,1,6,1
KR_6759832768,420,0,-21,-4,5,3,6,3,4,5,1,3,7,4,0,1,1,-5,0,5,1,10,13,1,6,7,-2,0,-2,0,-1,-1,1,0,1
KR_6730046447,420,0,8,18,0,1,2,1,-1,2,3,0,3,3,0,0,0,0,1,1,0,1,26,2,2,4,0,0,1,-1,1,1,1,6,1
KR_6756573482,420,-2,-49,-8,-2,-3,1,4,1,2,1,-2,1,3,2,4,2,0,1,1,2,5,-7,1,2,3,1,0,0,1,0,0,1,6,1
KR_6744417412,440,2,71,16,5,1,2,1,-2,3,5,4,6,2,5,9,4,-3,2,5,2,13,-4,2,4,6,-5,0,-1,1,-1,1,1,1,1
KR_6765003587,440,1,-2,23,2,0,1,1,0,0,0,8,8,0,-1,6,7,-5,2,7,0,4,2,-3,7,4,-1,0,-1,1,-1,-1,-1,4,1
KR_6735461553,420,2,25,-16,-1,4,4,0,0,2,2,0,1,1,-3,0,3,-2,0,2,-2,-5,110,-1,9,8,2,0,0,-1,-1,-1,-1,3,1
KR_6759600428,440,-3,-28,-4,-3,2,2,0,-3,1,4,1,2,1,-3,0,3,0,2,2,0,-6,-48,-6,9,3,2,0,-1,1,1,-1,1,3,1
KR_6760525061,420,0,-6,32,2,-1,2,3,4,5,1,3,3,0,-4,2,6,0,1,1,0,0,11,0,4,4,-6,0,0,-1,-1,0,-1,6,1
KR_6722120845,420,2,23,45,-5,1,4,3,-4,3,7,-1,3,4,1,5,4,-2,0,2,-3,-16,1,-6,9,3,4,0,2,-1,1,1,-1,4,1
KR_6753492108,420,0,94,-18,3,-1,2,3,-1,1,2,2,3,1,1,2,1,2,2,0,0,4,3,3,2,5,2,0,3,1,-1,1,1,2,1
KR_6694890215,420,-2,-28,-3,-5,-4,0,4,1,6,5,2,2,0,-3,2,5,-1,1,2,0,-6,-14,-3,8,5,2,0,-1,1,1,-1,1,3,1
KR_6759137808,420,2,8,-9,9,2,5,3,3,4,1,-1,1,2,3,3,0,2,2,0,0,11,1,0,4,4,0,0,0,1,-1,1,1,2,1
KR_6666812054,420,3,-48,4,10,1,1,0,3,3,0,1,3,2,4,10,6,1,1,0,1,10,5,-3,8,5,-3,0,-1,0,1,-1,1,0,1
KR_6741295878,420,0,-39,-24,2,0,3,3,4,5,1,-5,0,5,2,5,3,1,1,0,0,3,4,0,2,2,-3,0,1,1,-1,-1,-1,1,1
KR_6761809459,420,4,60,5,9,3,4,1,1,5,4,7,7,0,2,8,6,-4,1,5,0,-1,-1,-4,6,2,5,0,2,1,1,1,1,3,1
KR_6765636205,420,1,43,12,9,-1,2,3,-2,1,3,0,1,1,9,10,1,3,3,0,0,16,9,1,6,7,-2,0,1,1,-1,1,-1,2,1
KR_6610558416,420,2,51,-12,6,3,3,0,3,4,1,-2,1,3,2,2,0,0,0,0,0,13,2,-1,6,5,3,0,1,1,1,1,1,5,1
KR_6668956630,420,-1,-9,20,0,1,2,1,-3,1,4,1,3,2,0,1,1,1,1,0,0,-7,-6,0,7,7,1,0,0,-1,1,0,-1,1,1
KR_6748999167,420,-1,13,-7,-1,1,2,1,3,3,0,-1,1,2,-1,1,2,-3,1,4,0,-1,-2,1,2,3,-1,0,0,1,0,0,-1,1,1
KR_6736657444,420,1,58,11,6,2,2,0,1,4,3,1,3,2,2,5,3,0,1,1,0,4,-6,0,5,5,4,0,0,1,1,0,1,5,1
KR_6672019841,420,1,14,-5,4,2,3,1,5,6,1,1,2,1,-2,3,5,-2,1,3,-1,1,0,7,2,9,-1,0,2,-1,1,1,-1,2,1
KR_6725505514,420,1,11,12,6,-1,1,2,3,7,4,5,6,1,-1,0,1,0,0,0,0,6,-18,-4,6,2,2,0,0,-1,1,0,-1,6,1
KR_6739173697,420,5,82,24,0,2,3,1,-1,3,4,-1,2,3,0,1,1,0,0,0,0,-6,-197,2,5,7,4,0,0,1,-1,0,-1,1,1
KR_6684161751,420,-1,-65,-16,1,-1,0,1,1,3,2,6,6,0,-5,0,5,0,1,1,-2,-7,1,-1,5,4,-5,0,-1,1,-1,-1,-1,1,1
KR_6763435580,420,2,7,12,-1,-5,1,6,-1,3,4,3,5,2,-3,0,3,5,5,0,0,5,-18,1,2,3,-1,0,0,1,-1,-1,-1,2,1
KR_6714658838,420,-3,39,-24,-6,2,2,0,1,2,1,-2,0,2,-8,1,9,1,2,1,0,-7,106,-8,10,2,-1,0,-1,-1,0,1,-1,6,1
KR_6580246710,440,5,11,32,11,1,1,0,-3,3,6,3,4,1,9,12,3,1,2,1,0,11,1,-5,8,3,2,0,2,1,1,1,1,1,1
KR_6746433352,420,2,63,8,6,1,2,1,2,3,1,3,4,1,0,3,3,0,0,0,0,12,-54,5,3,8,-3,0,0,1,1,1,1,4,1
KR_6741045311,420,9,110,45,16,6,6,0,8,10,2,1,3,2,1,1,0,0,0,0,1,14,20,8,3,11,0,0,1,1,1,1,1,4,1
KR_6726992870,420,-2,9,2,-2,-2,3,5,2,4,2,2,3,1,-5,2,7,1,2,1,-1,2,-2,0,4,4,-2,0,0,-1,-1,0,-1,1,1
KR_6753305368,440,0,-12,-12,-1,-3,1,4,2,3,1,0,3,3,2,4,2,-2,2,4,0,-5,-8,-2,6,4,9,0,0,1,-1,0,1,6,1
KR_6748802727,440,8,107,40,9,1,2,1,3,3,0,5,5,0,2,3,1,-2,0,2,0,6,-2,2,3,5,2,0,1,1,0,1,-1,5,1
KR_6743764312,420,3,39,-11,7,0,0,0,-2,0,2,1,1,0,5,6,1,3,3,0,0,13,-6,-1,4,3,4,0,0,1,-1,0,1,4,1
KR_6715864453,420,0,-29,1,6,2,3,1,5,9,4,-2,2,4,1,4,3,0,2,2,0,6,7,1,5,6,-2,0,0,1,1,1,1,6,1
KR_6728027328,420,4,28,16,9,3,4,1,-1,3,4,5,5,0,3,4,1,-1,1,2,0,4,22,-1,4,3,-4,0,1,1,0,-1,1,1,1
KR_6749068227,420,0,-17,36,0,-2,1,3,1,1,0,6,8,2,-3,1,4,-2,0,2,1,4,27,1,7,8,-26,0,-1,-1,1,1,1,3,1
KR_6737835161,420,2,8,-24,10,-1,2,3,4,5,1,1,3,2,5,8,3,1,1,0,0,12,2,-2,6,4,2,0,0,1,-1,-1,1,4,1
KR_6652015183,420,5,40,-4,9,4,5,1,2,2,0,-1,5,6,0,3,3,4,4,0,0,11,-5,-4,7,3,-1,0,1,1,-1,1,-1,6,1
KR_6761020478,420,2,-14,0,1,2,3,1,3,7,4,-5,0,5,1,1,0,0,2,2,0,3,-3,-2,5,3,-2,0,0,0,1,0,1,0,1
KR_6742359321,440,1,46,-5,-1,1,2,1,4,5,1,2,3,1,-6,1,7,-2,1,3,0,2,5,5,1,6,-1,0,0,-1,-1,0,-1,2,1
KR_6759012067,420,2,11,6,-2,0,4,4,0,3,3,-3,1,4,4,4,0,-3,0,3,1,2,-4,1,8,9,0,0,0,1,1,1,1,2,1
KR_6731506953,420,1,20,-16,0,-3,1,4,0,1,1,3,3,0,-2,0,2,2,2,0,0,-2,0,-1,4,3,8,0,0,1,-1,-1,-1,5,1
KR_6762984034,420,-2,-38,4,-3,4,4,0,0,3,3,-2,1,3,-5,1,6,0,5,5,1,-5,250,0,3,3,-5,0,0,1,1,-1,1,4,1
KR_6697891160,420,-4,25,5,-4,-1,1,2,0,2,2,3,4,1,-4,1,5,-2,0,2,0,-2,-20,7,3,10,-4,0,0,-1,1,1,-1,5,1
KR_6679475383,420,2,-22,49,5,0,1,1,11,12,1,-2,2,4,-4,4,8,0,0,0,0,13,116,4,5,9,-1,0,1,1,1,1,-1,6,1
KR_6760809446,420,3,66,12,6,1,1,0,3,5,2,2,2,0,-1,2,3,1,1,0,0,5,21,-1,5,4,1,0,0,1,-1,1,1,4,1
KR_6718178075,440,1,-53,32,2,0,4,4,1,3,2,-1,2,3,0,2,2,2,2,0,0,1,-10,-8,11,3,2,0,-1,1,-1,-1,-1,5,1
KR_6498346770,420,3,54,47,9,-2,1,3,3,4,1,3,5,2,5,7,2,0,1,1,1,16,-9,4,4,8,1,0,1,-1,1,1,1,2,1
KR_6752334312,420,-1,-8,-15,5,1,1,0,-1,2,3,-1,3,4,3,5,2,3,4,1,0,10,-1,-6,8,2,0,0,0,-1,-1,1,-1,1,1
KR_6698761331,420,1,-25,4,2,1,2,1,3,5,2,3,5,2,2,6,4,-7,1,8,0,-3,34,2,5,7,-1,0,0,0,-1,-1,-1,0,1
KR_6544814870,420,1,-88,19,8,-2,2,4,-2,1,3,15,15,0,-1,1,2,-2,0,2,1,10,32,-2,6,4,2,0,1,1,1,1,1,1,1
KR_6728274468,420,0,6,4,8,-4,0,4,4,6,2,1,2,1,8,8,0,-1,2,3,2,16,13,1,6,7,-2,0,-1,1,1,1,1,5,1
KR_6760255433,420,0,73,-12,-5,3,5,2,-1,2,3,-2,3,5,-1,2,3,-4,0,4,0,-11,4,-4,8,4,2,0,2,-1,1,1,1,6,1
KR_6505130362,420,6,-24,37,8,0,0,0,3,5,2,4,5,1,2,4,2,-1,0,1,0,1,-7,3,4,7,0,0,0,1,-1,0,1,3,1
KR_6660496017,420,2,27,9,0,0,1,1,4,4,0,-3,1,4,0,0,0,-1,2,3,0,-3,-2,1,5,6,-1,0,1,-1,-1,1,-1,2,1
KR_6694886432,420,2,21,15,5,0,2,2,9,10,1,-1,1,2,-1,1,2,-2,0,2,0,13,2,2,5,7,-2,0,0,1,1,0,-1,6,1
KR_6579351427,420,3,10,4,5,-2,0,2,3,3,0,-2,2,4,2,3,1,4,4,0,-1,13,-109,-1,6,5,-38,0,0,1,-1,1,-1,4,1
KR_6591943396,420,2,-26,31,2,1,1,0,-4,3,7,5,6,1,1,3,2,-1,1,2,0,-3,-5,0,6,6,3,0,1,1,1,-1,1,3,1
KR_6765927452,420,4,50,8,7,2,3,1,2,3,1,2,2,0,-1,1,2,2,2,0,0,1,5,3,4,7,3,0,0,-1,-1,0,-1,6,1
KR_6666797059,420,-2,-31,5,2,-2,1,3,2,5,3,2,2,0,-1,3,4,1,2,1,-1,-2,10,0,5,5,-5,0,1,1,1,1,-1,5,1
KR_6759593393,420,-2,-6,-18,-5,-8,2,10,4,5,1,-4,1,5,4,5,1,-1,0,1,0,4,2,-1,5,4,-2,0,0,-1,1,-1,1,1,1
KR_6697185670,420,5,61,-1,9,3,4,1,-1,2,3,1,5,4,5,7,2,1,3,2,0,15,-12,-4,6,2,6,0,1,1,-1,1,1,2,1
KR_6762074069,420,4,52,34,-2,3,6,3,0,3,3,-4,2,6,-2,0,2,1,1,0,1,3,-256,-3,8,5,2,0,1,-1,-1,1,1,1,1
KR_6766196203,420,0,-45,-20,0,1,3,2,-3,0,3,0,4,4,2,3,1,0,0,0,0,-2,207,1,4,5,-1,0,0,-1,-1,0,-1,1,1
KR_6625242866,420,3,54,3,8,3,5,2,1,3,2,4,6,2,0,2,2,0,1,1,0,7,40,7,1,8,1,0,1,1,1,1,1,3,1
KR_6727012038,420,0,4,-8,0,-1,1,2,5,5,0,0,1,1,-4,1,5,0,1,1,-1,-2,138,-3,8,5,4,0,1,1,-1,1,-1,5,1
KR_6763832565,420,3,47,-16,10,6,7,1,6,6,0,-2,0,2,2,3,1,-2,0,2,1,10,54,-3,6,3,-18,0,2,1,1,1,1,3,1
KR_6353130289,420,2,67,-3,3,3,3,0,0,1,1,3,3,0,-1,1,2,-2,0,2,0,1,0,0,0,0,7,0,2,-1,1,1,1,5,1
KR_6746550372,420,0,6,26,5,8,9,1,2,3,1,4,4,0,-9,0,9,0,0,0,0,0,6,6,4,10,0,0,2,1,1,1,1,5,1
KR_6756505722,420,-4,17,-24,-6,2,4,2,0,3,3,-9,1,10,-1,3,4,2,2,0,0,-16,23,3,3,6,-12,0,0,-1,-1,-1,1,5,1
KR_6700615509,420,1,1,4,9,2,7,5,-2,1,3,2,4,2,3,4,1,4,4,0,1,16,18,-1,5,4,5,0,0,1,1,1,1,6,1
KR_6740246025,420,4,83,-20,4,3,3,0,1,5,4,1,3,2,1,4,3,-2,0,2,1,4,2,6,3,9,3,0,0,0,0,1,1,0,1
KR_6761664239,440,-1,14,-29,-1,-5,0,5,0,4,4,-1,2,3,5,8,3,0,1,1,0,-2,-51,-3,6,3,1,0,-1,1,-1,-1,1,1,1
KR_6755138544,420,3,13,-16,2,2,3,1,1,6,5,0,3,3,-2,2,4,1,2,1,0,3,0,-2,6,4,-3,0,1,1,-1,1,1,6,1
KR_6715761415,420,5,32,32,11,2,4,2,2,5,3,-1,2,3,7,9,2,1,2,1,2,14,40,5,4,9,1,0,1,1,-1,1,1,4,1
KR_6739297958,420,8,78,4,17,5,5,0,8,8,0,0,2,2,2,4,2,2,2,0,0,17,3,1,4,5,3,0,2,1,1,1,1,4,1
KR_6720738997,420,-2,-2,-57,-4,0,0,0,-3,1,4,-5,1,6,2,2,0,2,2,0,0,-1,-40,-4,6,2,1,0,-1,-1,-1,-1,-1,3,1
KR_6759791928,440,3,41,17,9,2,2,0,6,6,0,1,4,3,-2,2,4,2,4,2,-1,6,4,-5,8,3,0,0,0,1,1,1,-1,1,1
KR_6761211504,420,4,84,12,9,4,5,1,-1,0,1,2,4,2,6,9,3,-2,0,2,0,6,7,6,5,11,1,0,1,0,1,1,1,0,1
KR_6752246347,420,3,-15,-9,12,4,4,0,5,5,0,0,1,1,3,4,1,0,0,0,0,15,-2,5,3,8,-1,0,1,-1,1,1,1,6,1
KR_6751106328,420,3,12,32,-3,-1,1,2,-1,3,4,-4,0,4,3,4,1,0,0,0,-1,-1,3,-4,9,5,2,0,1,0,1,1,-1,0,1
KR_6640956976,440,0,96,4,-1,0,3,3,-1,2,3,-3,0,3,3,3,0,0,0,0,1,-6,-85,-3,5,2,7,0,1,1,1,1,1,4,1
KR_6759359526,420,2,24,-2,-2,-2,0,2,0,1,1,-1,4,5,-2,1,3,3,3,0,-2,-7,10,1,6,7,-2,0,0,-1,-1,0,-1,6,1
KR_6548288944,420,4,12,12,6,-4,3,7,4,6,2,3,4,1,5,7,2,-2,1,3,-2,2,34,2,4,6,-1,0,1,0,1,1,-1,0,1
KR_6681346155,420,3,22,-3,11,3,3,0,-2,4,6,1,2,1,8,9,1,1,1,0,0,9,2,1,6,7,3,0,3,1,-1,1,-1,4,1
KR_6703266391,440,0,-6,4,6,1,1,0,3,4,1,-1,2,3,4,5,1,-1,0,1,0,6,8,-2,5,3,-4,0,2,1,1,1,1,2,1
KR_6762063086,420,4,61,-16,12,-1,3,4,2,4,2,4,4,0,7,7,0,0,0,0,0,11,27,4,3,7,1,0,2,1,1,1,1,6,1
KR_6762909573,420,2,29,39,0,-1,0,1,-2,1,3,-1,1,2,2,6,4,2,3,1,1,0,22,2,6,8,-1,0,0,1,-1,1,1,5,1
KR_6695646751,420,-1,3,-30,-6,1,4,3,-4,2,6,-3,0,3,-3,2,5,3,4,1,0,-4,-34,-5,7,2,2,0,1,-1,1,1,1,4,1
KR_6677804526,420,1,-12,-4,-1,-1,2,3,1,2,1,-3,0,3,1,3,2,1,2,1,0,2,4,3,4,7,0,0,0,1,1,-1,1,5,1
KR_6733225160,420,-1,11,16,-4,0,3,3,-3,3,6,0,4,4,0,2,2,-1,2,3,0,0,-10,0,5,5,1,0,-1,1,-1,-1,1,5,1
KR_6754801906,420,3,16,5,7,3,3,0,4,5,1,3,3,0,-3,1,4,0,1,1,0,3,1,-3,8,5,-3,0,3,-1,1,1,1,1,1
KR_6716668932,440,-1,59,-9,-3,1,2,1,-6,0,6,-1,3,4,0,2,2,3,4,1,0,-2,9,-3,6,3,5,0,-1,1,1,-1,1,5,1
KR_6753989236,420,1,2,4,4,0,2,2,2,4,2,-1,1,2,5,7,2,-2,3,5,0,6,-1,3,3,6,-2,0,0,0,-1,0,1,0,1
KR_6711882032,420,3,-36,47,17,2,4,2,-3,4,7,7,8,1,5,7,2,6,6,0,0,50,403,4,3,7,-1,0,0,-1,1,-1,-1,5,1
KR_6629448412,420,0,4,-7,-2,0,1,1,-1,3,4,1,4,3,-1,4,5,-1,1,2,0,-1,2,-5,9,4,0,0,0,0,1,0,-1,0,1
KR_6739398113,420,4,42,24,11,5,5,0,1,1,0,5,8,3,-1,3,4,1,1,0,0,19,42,4,3,7,1,0,1,1,1,1,-1,4,1
KR_6753706258,420,3,39,-27,7,-1,1,2,3,6,3,0,2,2,4,4,0,1,1,0,2,14,-115,6,3,9,1,0,1,-1,1,1,1,1,1
KR_6615464750,420,1,39,24,2,-2,0,2,-2,3,5,-1,2,3,5,6,1,2,4,2,0,3,16,-6,10,4,4,0,1,1,0,1,-1,4,1
KR_6731565761,420,3,32,6,5,4,5,1,3,7,4,0,0,0,-1,2,3,-1,0,1,0,4,-23,3,3,6,2,0,1,1,-1,1,-1,3,1
KR_6758143243,420,9,130,51,14,1,3,2,0,2,2,7,8,1,4,6,2,2,2,0,1,8,2,-2,6,4,10,0,3,1,1,1,1,5,1
KR_6751362704,420,2,10,4,4,2,3,1,1,1,0,-7,2,9,5,6,1,3,3,0,0,2,3,0,1,1,-1,0,0,1,0,0,1,6,1
KR_6730749372,440,2,17,28,2,4,6,2,2,4,2,4,4,0,-1,0,1,-7,0,7,0,2,465,0,2,2,0,0,1,1,-1,1,-1,4,1
KR_6738085545,420,3,6,16,5,6,7,1,-3,1,4,1,4,3,1,2,1,0,0,0,0,-1,8,4,2,6,4,0,2,1,1,1,1,6,1
KR_6763507836,420,4,62,6,4,5,5,0,0,3,3,1,2,1,2,7,5,-4,2,6,-1,2,-7,-4,8,4,1,0,2,-1,1,1,-1,5,1
KR_6692484343,420,2,86,-24,11,3,3,0,-2,1,3,1,3,2,7,7,0,2,3,1,-2,8,-6,-3,7,4,0,0,2,1,1,1,-1,2,1
KR_6755429901,420,0,16,28,-3,-2,0,2,-1,3,4,3,3,0,-3,3,6,0,1,1,0,-2,21,1,6,7,2,0,1,0,0,1,1,0,1
KR_6662468617,420,6,106,56,10,-2,1,3,3,4,1,9,9,0,2,4,2,-2,0,2,2,8,5,1,4,5,3,0,3,1,1,1,-1,6,1
KR_6729381447,420,4,46,17,6,-2,1,3,6,7,1,3,3,0,1,4,3,-2,2,4,0,1,77,3,8,11,1,0,2,1,1,1,-1,4,1
KR_6746823438,420,0,-14,6,3,-1,2,3,2,3,1,1,4,3,-1,4,5,2,2,0,0,9,-18,2,5,7,8,0,-2,1,1,-1,-1,3,1
KR_6753290275,420,6,52,19,16,2,2,0,-3,0,3,3,5,2,14,16,2,0,1,1,1,18,31,2,2,4,-1,0,2,0,1,1,1,0,1
KR_6712441360,440,6,91,-24,13,3,5,2,4,4,0,2,4,2,3,6,3,1,2,1,0,11,-1,2,6,8,4,0,2,1,1,1,1,2,1
KR_6733711102,440,0,17,1,2,3,3,0,1,2,1,3,4,1,-3,0,3,-2,0,2,0,5,32,-3,4,1,-16,0,1,1,1,1,1,1,1
KR_6757068668,420,3,-11,-6,12,1,1,0,2,2,0,2,2,0,5,6,1,2,2,0,0,10,-8,-1,6,5,6,0,1,1,-1,-1,1,4,1
KR_6651035360,420,2,16,31,7,2,2,0,0,4,4,2,2,0,3,5,2,0,0,0,0,6,4,4,4,8,7,0,0,1,1,0,1,4,1
KR_6743047844,440,4,57,8,9,-2,1,3,6,8,2,2,5,3,4,6,2,-1,1,2,-1,5,17,0,3,3,0,0,1,-1,0,1,-1,1,1
KR_6746363417,440,3,35,-4,8,6,6,0,3,5,2,-5,0,5,0,0,0,4,5,1,0,4,11,1,7,8,-4,0,3,1,0,1,-1,3,1
KR_6582730352,420,4,60,17,16,0,3,3,8,12,4,1,3,2,3,5,2,4,4,0,1,17,-4,-2,8,6,-4,0,1,-1,0,1,1,6,1
KR_6763143901,420,6,75,9,2,-1,0,1,3,6,3,0,3,3,1,3,2,-1,0,1,0,-3,-5,-1,8,7,5,0,0,1,-1,1,-1,4,1
KR_6756772113,420,0,21,34,0,0,2,2,3,6,3,-6,1,7,1,3,2,2,2,0,-2,-9,12,-8,9,1,0,0,0,1,1,0,-1,6,1
KR_6750472663,420,0,-2,30,-4,-1,1,2,-3,2,5,5,6,1,-6,1,7,1,1,0,0,-6,0,6,3,9,-2,0,-1,-1,-1,-1,-1,4,1
KR_6681817932,420,1,80,-6,3,3,6,3,-3,2,5,-2,3,5,4,5,1,1,1,0,0,-2,-2,-3,7,4,2,0,0,-1,1,1,1,2,1
KR_6762895112,420,6,85,92,5,2,2,0,-2,3,5,3,3,0,0,3,3,2,3,1,0,-3,-68,3,3,6,-17,0,2,0,1,1,1,0,1
KR_6742424584,420,-2,-9,23,-3,2,4,2,-2,2,4,-1,0,1,-2,4,6,0,0,0,0,-7,-3,-3,9,6,0,0,0,1,1,0,-1,3,1
KR_6761632894,420,0,-2,-4,0,0,3,3,1,4,3,-2,0,2,1,2,1,0,2,2,0,1,-3,1,4,5,-3,0,0,-1,-1,-1,1,2,1
KR_6699879089,420,2,48,0,2,0,3,3,-4,2,6,3,4,1,2,2,0,1,2,1,-1,8,4,-1,6,5,-1,0,1,-1,1,1,-1,4,1
KR_6757772794,420,2,14,8,5,-1,1,2,-1,2,3,0,1,1,5,6,1,2,2,0,1,8,3,4,5,9,0,0,1,1,1,1,1,3,1
KR_6761099098,420,0,14,-19,1,-2,0,2,1,1,0,-2,0,2,2,6,4,2,2,0,0,-3,5,-1,4,3,2,0,1,-1,-1,1,1,1,1
KR_6403245329,420,4,40,-31,8,-1,1,2,1,2,1,1,3,2,5,5,0,2,3,1,1,15,33,7,7,14,-3,0,1,1,-1,1,1,5,1
KR_6704842052,420,1,16,18,1,3,4,1,3,3,0,-6,2,8,1,1,0,0,2,2,0,3,-11,0,2,2,0,0,1,0,0,1,-1,0,1
KR_6729767464,420,1,43,15,8,-1,3,4,1,6,5,8,8,0,2,7,5,-2,3,5,0,-1,-12,-8,10,2,2,0,1,1,1,1,1,6,1
KR_6637190228,420,3,11,16,7,0,1,1,-1,0,1,-1,1,2,9,10,1,0,0,0,0,5,0,2,3,5,0,0,0,-1,1,0,1,5,1
KR_6758196718,440,1,8,44,10,-1,2,3,4,5,1,5,6,1,-2,3,5,4,4,0,1,8,3,1,1,2,0,0,0,1,1,0,1,1,1
KR_6741681688,420,4,93,-24,15,1,2,1,3,6,3,7,7,0,4,6,2,0,1,1,0,6,-7,6,1,7,-1,0,1,-1,-1,1,-1,3,1
KR_6739161097,420,0,-41,-7,-1,-1,0,1,1,2,1,-5,1,6,0,5,5,4,5,1,0,-4,-35,-3,6,3,2,0,-1,1,-1,-1,1,4,1
KR_6747517020,440,3,68,12,13,4,5,1,7,8,1,-3,0,3,4,5,1,1,3,2,0,14,21,-2,7,5,-3,0,1,1,-1,1,1,4,1
KR_6743742242,420,1,10,-8,5,-1,1,2,-1,1,2,5,5,0,2,2,0,0,3,3,0,5,-28,5,4,9,22,0,0,-1,-1,1,1,1,1
KR_6686505360,420,0,-10,7,-2,-2,2,4,1,3,2,2,3,1,-3,2,5,0,0,0,0,2,24,2,4,6,-2,0,-1,1,-1,-1,-1,1,1
KR_6738177276,420,2,9,2,-2,2,3,1,-2,1,3,2,3,1,-3,6,9,-1,0,1,-3,-8,-35,-4,8,4,-6,0,0,-1,1,0,-1,6,1
KR_6757655076,440,5,12,16,13,3,4,1,1,3,2,3,5,2,0,2,2,6,7,1,0,18,7,5,3,8,1,0,1,1,-1,-1,-1,3,1
KR_6670827623,420,5,61,9,10,-1,1,2,2,4,2,1,1,0,8,10,2,0,1,1,0,11,292,-1,6,5,2,0,1,1,-1,1,1,2,1
KR_6763647780,420,-1,-18,-8,-5,-5,0,5,-4,1,5,3,3,0,0,6,6,1,1,0,1,-1,5,3,4,7,-4,0,0,1,-1,0,-1,3,1
KR_6733970704,420,2,5,-4,7,-1,0,1,2,3,1,2,3,1,4,6,2,0,0,0,0,8,8,4,6,10,-2,0,0,1,-1,1,-1,4,1
KR_6752874201,420,2,-1,13,7,-1,1,2,-1,1,2,6,7,1,2,4,2,1,2,1,0,15,17,4,6,10,1,0,1,0,1,1,1,0,1
KR_6736931349,420,3,31,4,3,-1,1,2,-4,2,6,5,8,3,3,5,2,0,1,1,0,2,21,-6,10,4,5,0,1,1,1,1,1,6,1
KR_6760824113,420,5,33,33,8,0,1,1,1,2,1,6,8,2,0,3,3,1,3,2,1,6,-3,-1,5,4,2,0,0,1,1,1,1,3,1
KR_6676008747,420,2,-18,8,3,4,4,0,1,3,2,-7,0,7,4,6,2,1,1,0,0,6,-6,0,6,6,2,0,-1,1,1,-1,-1,1,1
KR_6633272670,420,-2,9,-8,-2,1,2,1,-2,2,4,-1,1,2,-4,2,6,4,4,0,0,-10,-6,-2,6,4,3,0,0,1,1,0,1,5,1
KR_6763316779,420,1,-3,21,-2,-1,0,1,2,4,2,-1,2,3,-5,1,6,3,5,2,0,1,-5,-3,7,4,2,0,0,-1,-1,0,-1,5,1
KR_6694123267,420,1,50,12,2,1,2,1,5,7,2,1,3,2,-2,1,3,-3,0,3,0,-1,-121,-7,10,3,5,0,1,-1,1,1,1,2,1
KR_6755139207,420,4,23,16,1,2,3,1,1,3,2,0,3,3,2,2,0,-4,1,5,0,-2,4,3,3,6,-5,0,1,-1,1,1,1,4,1
KR_6741316528,420,5,86,25,11,4,4,0,1,6,5,3,7,4,3,5,2,0,0,0,-1,4,9,-3,7,4,1,0,1,1,1,1,-1,4,1
KR_6740958856,420,0,-92,17,0,-1,0,1,4,6,2,-3,0,3,-1,3,4,1,2,1,0,1,-4,2,4,6,-2,0,0,-1,1,1,-1,6,1
KR_6762761672,440,3,83,11,8,2,3,1,2,3,1,2,3,1,1,3,2,1,1,0,0,2,4,0,3,3,0,0,2,-1,1,1,1,2,1
KR_6428952846,440,-1,25,0,1,5,5,0,1,2,1,-3,2,5,-1,1,2,-1,0,1,0,-8,-59,-1,4,3,1,0,1,-1,0,1,-1,4,1
KR_6742625317,420,-2,-22,26,-2,-2,1,3,0,3,3,-2,2,4,1,5,4,1,2,1,0,-9,20,-2,6,4,1,0,-1,-1,1,-1,1,1,1
KR_6721567883,420,2,102,-1,5,4,5,1,4,5,1,-1,3,4,-2,0,2,0,0,0,0,3,-18,6,0,6,4,0,2,-1,1,1,1,6,1
KR_6676556998,420,2,77,-8,1,2,2,0,0,3,3,-2,0,2,0,0,0,1,1,0,0,2,-13,-1,4,3,3,0,1,1,1,1,1,4,1
KR_6754757437,420,4,82,-7,7,0,5,5,-1,2,3,3,4,1,2,3,1,3,5,2,-1,4,132,-1,7,6,3,0,0,1,-1,1,-1,4,1
KR_6744039300,420,-1,32,-17,-1,2,4,2,2,3,1,-2,2,4,-1,3,4,-2,2,4,0,6,-6,0,6,6,-1,0,1,0,0,-1,-1,0,1
KR_6733138392,420,3,13,4,0,1,3,2,3,5,2,0,2,2,-2,1,3,-2,1,3,-2,-3,-14,0,6,6,-7,0,1,-1,1,1,-1,5,1
KR_6684970427,420,-1,46,0,2,-4,0,4,0,4,4,-1,1,2,5,8,3,2,2,0,0,6,-1,-1,5,4,2,0,1,1,0,1,1,2,1
KR_6752038579,440,4,81,48,3,8,8,0,-1,3,4,-2,4,6,-1,1,2,-1,0,1,1,-7,8,-1,5,4,1,0,1,1,1,1,-1,4,1
KR_6762581767,420,1,-21,3,1,4,4,0,-1,2,3,0,4,4,0,4,4,-2,0,2,0,-7,-1,1,4,5,5,0,1,-1,1,1,-1,6,1
KR_6751526449,440,4,94,0,4,4,4,0,-1,1,2,2,2,0,2,10,8,-3,0,3,0,7,-4,-1,8,7,-3,0,2,0,-1,1,1,0,1
KR_6759206308,420,1,54,4,3,2,4,2,1,2,1,-3,0,3,3,6,3,0,2,2,0,-4,46,0,5,5,-17,0,2,-1,1,1,-1,6,1
KR_6746038889,420,4,44,7,10,0,1,1,5,5,0,2,3,1,3,3,0,0,2,2,1,18,-4,1,5,6,3,0,0,1,-1,0,1,6,1
KR_6759543723,440,3,63,5,2,2,2,0,-1,1,2,2,4,2,-3,1,4,2,2,0,0,-2,4,3,3,6,8,0,1,1,-1,1,1,6,1
KR_6692947001,420,4,23,-4,8,5,6,1,3,4,1,3,5,2,-2,3,5,-1,0,1,0,7,-6,-8,14,6,0,0,0,-1,1,1,-1,3,1
KR_6743975211,420,5,3,-16,19,1,2,1,3,7,4,5,6,1,10,10,0,0,1,1,0,17,4,3,2,5,1,0,2,1,-1,1,-1,2,1
KR_6758433207,420,1,-4,-16,1,1,3,2,0,4,4,2,2,0,-4,0,4,2,2,0,0,-4,-4,-1,3,2,2,0,-2,1,1,-1,-1,3,1
KR_6742879981,440,7,116,20,-1,1,2,1,3,4,1,-1,2,3,-2,3,5,-2,1,3,0,3,20,7,1,8,-1,0,4,1,1,1,-1,5,1
KR_6733830512,440,5,1,22,18,5,6,1,4,5,1,0,1,1,6,6,0,3,3,0,0,27,10,5,3,8,-4,0,-1,-1,1,1,1,6,1
KR_6695954651,420,1,23,2,1,1,4,3,-3,1,4,0,4,4,2,2,0,1,2,1,0,7,-3,4,3,7,-1,0,0,1,1,-1,-1,1,1
KR_6757003224,420,2,38,-22,-1,2,2,0,1,4,3,-2,0,2,-4,0,4,2,2,0,0,-5,1,0,3,3,3,0,0,-1,1,-1,1,3,1
KR_6765639886,420,3,8,-16,9,1,2,1,5,7,2,3,3,0,1,2,1,-1,0,1,0,12,7,1,4,5,-1,0,0,-1,-1,0,1,1,1
KR_6675301687,420,0,-27,-16,7,-1,0,1,5,6,1,-2,1,3,3,5,2,2,3,1,0,12,-6,0,5,5,2,0,0,-1,1,0,-1,6,1
KR_6704143347,420,-2,-20,-24,1,-2,1,3,-2,1,3,3,6,3,1,1,0,1,1,0,0,-1,7,4,2,6,-1,0,1,1,-1,1,1,5,1
KR_6696536012,440,-1,-55,1,3,-3,0,3,-1,0,1,2,5,3,3,5,2,2,2,0,0,6,-24,3,6,9,7,0,1,1,-1,-1,-1,3,1
KR_6762461779,440,3,32,28,2,0,1,1,1,2,1,0,3,3,1,4,3,0,0,0,0,5,10,0,6,6,3,0,1,-1,1,1,-1,1,1
KR_6692314569,420,0,5,17,6,-2,0,2,0,2,2,4,4,0,3,6,3,1,2,1,0,6,-106,-4,8,4,8,0,-2,1,-1,1,1,3,1
KR_6656934775,420,1,-40,4,2,0,2,2,0,2,2,3,4,1,1,1,0,-2,1,3,0,5,-3,1,5,6,1,0,0,-1,1,0,1,1,1
KR_6737919482,420,3,70,-28,7,2,3,1,4,8,4,-1,2,3,3,4,1,-1,0,1,1,15,4,7,3,10,-3,0,0,1,-1,1,1,4,1
KR_6764444554,420,0,19,20,0,3,4,1,-4,3,7,3,5,2,2,3,1,-4,0,4,0,-1,424,2,4,6,4,0,-1,1,-1,-1,-1,4,1
KR_6758912561,420,3,28,24,8,3,3,0,4,6,2,-2,0,2,9,9,0,-6,1,7,1,1,-3,-1,2,1,-1,0,1,0,1,1,1,0,1
KR_6739020613,420,-1,-19,0,1,-1,2,3,0,1,1,1,1,0,1,2,1,0,0,0,0,4,5,-2,6,4,-4,0,1,-1,1,1,1,2,1
KR_6711925112,420,3,40,47,10,2,5,3,0,2,2,-2,1,3,6,6,0,4,4,0,0,11,36,2,3,5,6,0,2,1,1,1,1,2,1
KR_6760963782,420,1,-13,13,6,-2,1,3,-1,0,1,1,2,1,5,5,0,3,4,1,-1,20,6,-1,8,7,1,0,-1,1,-1,-1,-1,4,1
KR_6717493741,420,1,14,1,20,0,2,2,3,5,2,7,8,1,6,8,2,4,5,1,1,14,-15,-1,6,5,5,0,2,0,1,1,1,0,1
KR_6763339864,420,2,35,28,9,0,1,1,2,3,1,4,9,5,1,1,0,2,2,0,0,3,-3,-2,2,0,-1,0,2,0,1,1,-1,0,1
KR_6530425377,420,-2,13,-32,-6,-3,1,4,-3,3,6,-6,0,6,6,6,0,0,1,1,0,-1,-35,1,6,7,0,0,1,1,-1,-1,1,5,1
KR_6684117772,420,4,18,48,7,0,1,1,1,2,1,2,3,1,4,7,3,0,1,1,3,18,-4,1,6,7,-3,0,1,1,1,1,1,6,1
KR_6703953985,420,-1,2,20,-1,-3,1,4,-1,3,4,2,4,2,-1,4,5,2,2,0,0,1,-36,1,4,5,5,0,0,1,-1,1,-1,5,1
KR_6711984897,420,1,-20,41,-4,-1,0,1,-1,3,4,1,3,2,-1,2,3,-2,0,2,0,-3,-146,0,4,4,-4,0,-1,-1,-1,-1,1,3,1
KR_6758972232,420,0,-34,20,-6,1,3,2,-3,1,4,-4,0,4,0,0,0,0,0,0,0,-7,3,-2,5,3,3,0,0,-1,1,0,-1,5,1
KR_6727200253,420,4,2,-27,13,3,3,0,2,3,1,6,6,0,1,3,2,1,1,0,0,14,39,-1,6,5,5,0,3,1,-1,1,1,2,1
KR_6694841407,420,-3,-79,6,-6,-5,3,8,1,2,1,0,4,4,-1,3,4,-1,0,1,0,-8,-31,1,3,4,-1,0,-1,-1,-1,-1,1,6,1
KR_6733682545,420,9,114,20,9,0,1,1,2,4,2,2,3,1,3,3,0,2,2,0,0,11,4,1,3,4,1,0,3,1,1,1,-1,4,1
KR_6226930405,420,5,74,13,13,1,2,1,3,4,1,4,5,1,5,5,0,0,1,1,0,21,3,1,2,3,3,0,4,1,1,1,1,6,1
KR_6151280441,420,-1,43,21,-5,1,3,2,-1,3,4,-4,1,5,-1,1,2,0,2,2,0,-3,1,0,6,6,-2,0,1,1,1,1,1,1,1
KR_6645973114,420,2,54,-1,9,-2,0,2,1,5,4,4,4,0,5,6,1,1,1,0,0,13,11,5,3,8,-4,0,3,1,1,1,1,4,1
KR_6733124736,420,5,23,1,16,-1,2,3,5,6,1,5,6,1,6,8,2,1,1,0,0,14,2,4,2,6,-2,0,1,1,1,1,1,4,1
KR_6652238609,420,-1,22,-21,-2,-1,1,2,1,3,2,0,1,1,-1,0,1,-1,0,1,0,-6,-4,-2,5,3,0,0,1,1,-1,1,-1,4,1
KR_6687929233,420,2,25,22,7,-3,0,3,4,5,1,2,3,1,3,4,1,1,1,0,0,15,2,3,2,5,-3,0,2,1,1,1,1,1,1
KR_6705186347,420,0,38,9,1,1,2,1,-1,3,4,0,1,1,1,2,1,0,1,1,0,5,4,-1,6,5,1,0,0,1,-1,1,1,4,1
KR_6761241713,440,-1,-27,-13,-4,-5,0,5,3,4,1,-1,0,1,0,1,1,-1,1,2,0,3,-2,-1,3,2,1,0,-1,1,-1,-1,-1,1,1
KR_6669629713,420,4,46,22,1,-1,0,1,-1,1,2,7,9,2,-2,3,5,-2,1,3,0,-6,0,0,4,4,-1,0,0,1,1,1,1,4,1
KR_6763220759,420,6,112,23,13,2,2,0,10,10,0,0,1,1,2,3,1,-1,0,1,0,15,20,-5,9,4,7,0,1,1,0,1,1,5,1
KR_6739689224,420,0,4,7,1,5,6,1,-3,0,3,2,4,2,-2,2,4,-1,0,1,0,-9,-2,0,4,4,-5,0,0,1,-1,-1,1,6,1
KR_6764133212,420,1,-55,1,-4,1,2,1,-1,1,2,1,4,3,-4,1,5,-1,1,2,0,-3,-188,1,6,7,3,0,-1,0,1,-1,1,0,1
KR_6720635226,420,-2,-90,-9,-10,-7,0,7,-2,3,5,-3,0,3,3,6,3,-1,0,1,-1,-14,-3,1,4,5,-3,0,1,-1,1,1,1,4,1
KR_6686525598,420,8,70,47,6,-1,2,3,5,8,3,0,5,5,4,8,4,-2,1,3,0,11,9,-2,6,4,4,0,1,1,-1,1,-1,1,1
KR_6704475510,420,7,145,38,21,5,5,0,8,9,1,-1,1,2,6,7,1,3,4,1,1,22,-40,-1,2,1,24,0,2,1,1,1,1,6,1
KR_6634545239,420,1,25,29,-1,-2,2,4,2,3,1,2,2,0,0,3,3,-3,0,3,0,-5,-1,0,5,5,4,0,0,1,1,0,1,6,1
KR_6758658760,420,5,2,37,13,3,5,2,7,7,0,3,4,1,1,3,2,-1,0,1,-1,19,0,3,3,6,-1,0,2,1,1,1,-1,3,1
KR_6707604227,420,4,33,4,10,1,2,1,10,11,1,1,2,1,-3,1,4,1,1,0,0,17,-102,-2,6,4,-3,0,1,1,1,1,1,3,1
KR_6753722412,420,-1,-47,0,-4,0,2,2,-3,1,4,-4,0,4,4,6,2,-1,2,3,0,1,-2,3,5,8,1,0,-1,-1,1,-1,-1,5,1
KR_6762972547,420,4,40,8,4,0,2,2,4,5,1,1,3,2,0,2,2,-1,1,2,0,9,-5,0,6,6,3,0,0,-1,-1,0,-1,4,1
KR_6762418197,420,2,60,15,1,1,2,1,1,1,0,-3,3,6,1,4,3,1,2,1,0,4,-14,4,3,7,5,0,0,1,1,-1,1,4,1
KR_6755848370,420,3,10,-18,7,4,4,0,-2,4,6,-1,0,1,3,6,3,3,3,0,0,14,3,5,2,7,-1,0,0,1,-1,0,-1,2,1
KR_6758469293,420,2,75,20,1,-2,2,4,3,4,1,1,1,0,-1,3,4,0,1,1,0,8,63,4,3,7,-20,0,1,1,1,1,-1,3,1
KR_6691318398,420,0,-17,17,1,-2,0,2,3,4,1,-3,1,4,3,6,3,0,1,1,0,6,-328,0,7,7,-3,0,1,1,1,1,1,6,1
KR_6711946524,420,-4,-26,16,-7,-2,0,2,-2,5,7,-1,0,1,0,2,2,-2,0,2,0,-9,-200,0,7,7,1,0,0,-1,-1,-1,-1,6,1
KR_6668678861,440,5,145,16,10,4,5,1,0,1,1,5,5,0,1,3,2,0,3,3,0,7,-4,0,2,2,0,0,2,1,0,1,1,3,1
KR_6757664707,420,0,-25,-39,0,-4,0,4,2,4,2,1,2,1,0,3,3,1,2,1,0,6,7,1,5,6,1,0,0,1,-1,-1,-1,6,1
KR_6696970307,420,-1,6,4,3,3,5,2,1,2,1,1,6,5,-2,0,2,0,1,1,1,-6,7,4,7,11,-4,0,1,0,1,1,1,0,1
KR_6760235088,420,2,20,-9,9,2,2,0,7,10,3,3,4,1,-1,0,1,-2,0,2,1,4,7,2,5,7,-2,0,0,1,1,1,1,1,1
KR_6741373338,420,-2,-38,-6,-5,0,1,1,2,6,4,0,1,1,-2,0,2,-5,0,5,0,-8,5,7,4,11,-4,0,0,1,1,0,1,5,1
KR_6757928864,420,-1,16,-8,-5,3,5,2,3,4,1,-1,0,1,-4,2,6,-6,0,6,0,-6,-3,1,4,5,-4,0,0,-1,1,1,-1,5,1
KR_6746193876,420,4,23,-8,9,-1,0,1,4,5,1,1,3,2,4,6,2,1,1,0,-1,10,45,1,6,7,-26,0,0,1,1,1,-1,4,1
KR_6722489634,420,2,22,-8,11,1,2,1,3,4,1,1,6,5,3,3,0,3,3,0,-1,15,-8,-6,10,4,4,0,-1,1,-1,-1,-1,1,1
KR_6763710149,420,-3,51,-53,2,1,1,0,1,2,1,1,4,3,-3,1,4,2,2,0,0,3,-6,-4,7,3,2,0,-2,-1,-1,-1,1,6,1
KR_6746839113,420,-1,-22,-8,-6,2,2,0,-2,1,3,-3,0,3,-1,1,2,-2,0,2,1,-14,0,-4,9,5,-5,0,0,-1,-1,0,1,2,1
KR_6596004311,420,-1,-16,7,1,4,5,1,1,2,1,0,4,4,-5,1,6,1,3,2,0,3,-7,-3,5,2,0,0,0,1,-1,-1,-1,3,1
KR_6765933815,420,-1,21,8,0,0,2,2,0,4,4,2,3,1,-2,4,6,0,1,1,0,5,-5,0,5,5,6,0,0,-1,-1,0,-1,3,1
KR_6719050180,420,8,41,36,11,1,5,4,2,5,3,5,9,4,1,2,1,2,2,0,0,0,5,2,3,5,3,0,3,-1,1,1,1,2,1
KR_6684057667,420,2,22,8,6,3,8,5,4,4,0,0,1,1,0,3,3,-1,0,1,0,7,6,3,3,6,1,0,1,-1,1,1,1,1,1
KR_6656453574,420,1,19,5,-4,0,1,1,-4,1,5,0,1,1,0,3,3,0,2,2,0,-7,-18,0,6,6,4,0,0,1,-1,0,-1,2,1
KR_6590889720,420,4,64,-9,11,3,4,1,4,4,0,1,1,0,2,3,1,1,2,1,0,14,5,0,5,5,-1,0,2,-1,1,1,1,1,1
KR_6743842565,420,6,21,28,8,4,4,0,5,9,4,-1,2,3,-1,0,1,1,4,3,0,1,162,1,7,8,-24,0,2,1,1,1,-1,6,1
KR_6748981022,420,3,-5,7,7,1,1,0,2,3,1,0,1,1,2,3,1,2,2,0,0,8,-24,-5,8,3,27,0,1,1,-1,1,-1,6,1
KR_6763038479,420,6,39,21,17,0,1,1,2,4,2,7,8,1,6,6,0,2,2,0,0,11,6,1,8,9,1,0,1,1,1,1,1,6,1
KR_6649748396,420,-1,-61,-21,1,2,2,0,1,2,1,1,4,3,0,6,6,-3,0,3,0,10,25,0,7,7,-6,0,-1,0,-1,-1,-1,0,1
KR_6703641627,420,1,-12,12,2,0,2,2,0,5,5,3,4,1,-1,1,2,0,1,1,-1,1,-7,-3,10,7,6,0,0,0,0,0,-1,0,1
KR_6761377194,440,1,-62,45,-1,2,2,0,1,5,4,1,2,1,-5,1,6,0,0,0,0,-4,156,-5,9,4,1,0,1,1,1,1,-1,6,1
KR_6694742090,440,8,119,12,25,2,3,1,2,3,1,10,10,0,12,12,0,-1,3,4,2,19,-13,7,2,9,3,0,2,0,1,1,1,0,1
KR_6762599075,420,1,4,1,5,-1,0,1,5,6,1,3,5,2,0,1,1,-2,0,2,0,4,12,3,2,5,2,0,0,1,1,0,1,4,1
KR_6748965302,420,-1,-59,-12,0,0,1,1,-1,4,5,-7,1,8,1,1,0,7,8,1,0,11,-1,7,2,9,-1,0,0,1,-1,1,1,6,1
KR_6734200760,420,5,162,-8,15,3,3,0,0,1,1,5,6,1,7,8,1,0,0,0,1,8,-10,-3,5,2,11,0,2,1,1,1,1,3,1
KR_6579300581,420,0,14,10,6,0,0,0,0,1,1,0,4,4,5,5,0,1,1,0,0,6,17,-2,4,2,-2,0,1,1,1,1,1,5,1
KR_6765355433,420,3,93,-21,9,4,6,2,1,4,3,2,3,1,1,1,0,1,2,1,0,7,-8,4,2,6,4,0,1,-1,-1,1,1,3,1
KR_6757223751,420,-2,-90,30,-2,2,2,0,0,1,1,3,3,0,-4,1,5,-3,0,3,0,-3,6,6,4,10,-5,0,-1,-1,1,-1,1,4,1
KR_6761263087,420,0,-1,7,-6,0,1,1,1,5,4,3,4,1,-6,1,7,-4,1,5,-1,-5,-255,-2,3,1,-3,0,-1,0,0,-1,-1,0,1
KR_6690923635,420,3,-35,24,5,7,7,0,4,5,1,-3,1,4,-2,1,3,-1,0,1,0,-1,-6,-6,7,1,2,0,1,1,1,1,-1,5,1
KR_6763788171,440,1,-10,10,-3,2,2,0,3,6,3,-4,3,7,1,3,2,-5,0,5,0,4,33,-1,4,3,1,0,1,0,1,-1,-1,0,1
KR_6757474388,420,2,17,11,6,0,0,0,-3,2,5,2,2,0,6,6,0,1,1,0,0,13,-201,-2,7,5,7,0,1,1,1,1,-1,4,1
KR_6727044664,420,5,28,17,18,1,2,1,5,5,0,3,4,1,7,7,0,2,4,2,0,20,9,-2,7,5,2,0,1,1,1,1,1,1,1
KR_6701360659,420,1,40,12,2,-4,0,4,1,1,0,7,10,3,-1,1,2,-1,1,2,0,-12,-3,3,6,9,1,0,0,1,-1,1,1,6,1
KR_6757764125,440,3,-16,12,11,4,6,2,4,6,2,1,2,1,-1,2,3,3,3,0,1,25,-186,5,5,10,7,0,1,1,-1,1,1,5,1
KR_6754057426,420,-1,21,-16,-7,1,2,1,-3,1,4,-5,2,7,-1,3,4,1,3,2,-3,-10,-4,-6,10,4,3,0,1,-1,-1,1,-1,3,1
KR_6519779017,420,3,-6,11,6,1,4,3,-1,3,4,4,5,1,2,4,2,0,3,3,-1,18,108,-2,6,4,0,0,1,0,1,1,-1,0,1
KR_6710522021,420,6,84,13,6,4,6,2,2,5,3,-1,2,3,2,5,3,-1,5,6,-1,5,3,5,4,9,4,0,3,1,1,1,-1,4,1
KR_6654486508,420,-1,-20,-17,-2,-2,0,2,2,4,2,-1,0,1,3,7,4,-4,1,5,1,-4,-69,4,6,10,-5,0,0,1,-1,1,1,3,1
KR_6719799793,420,0,58,0,-2,-3,0,3,-1,0,1,-3,1,4,4,4,0,1,2,1,0,4,-18,2,4,6,3,0,1,1,-1,1,-1,2,1
KR_6760626694,440,0,-22,12,2,2,3,1,-4,1,5,4,6,2,2,3,1,-2,0,2,1,4,-8,3,4,7,5,0,0,1,-1,-1,1,4,1
KR_6723193444,420,1,5,0,-8,0,0,0,-1,3,4,-4,0,4,0,1,1,-3,0,3,0,-10,2,2,5,7,2,0,-1,1,-1,1,-1,1,1
KR_6712013503,420,0,41,-3,-8,1,2,1,-5,3,8,-1,2,3,1,3,2,-4,3,7,0,-10,3,2,3,5,-3,0,2,1,1,1,-1,6,1
KR_6739767657,440,4,0,10,7,7,9,2,-3,1,4,5,6,1,-3,2,5,1,2,1,-1,-4,8,-1,4,3,-3,0,3,-1,1,1,-1,4,1
KR_6753487251,440,2,121,-8,4,8,9,1,-3,1,4,-1,3,4,-1,2,3,1,2,1,1,0,3,-1,3,2,-3,0,1,1,-1,1,1,3,1
KR_6670357889,420,3,53,-1,12,-4,1,5,7,8,1,1,6,5,7,7,0,1,2,1,0,11,8,2,4,6,0,0,2,1,1,1,1,6,1
KR_6752057628,420,1,32,-28,-1,-2,1,3,0,4,4,2,2,0,-2,1,3,1,1,0,0,2,10,0,5,5,-4,0,0,-1,-1,0,1,5,1
KR_6734595463,420,4,-44,36,11,-1,3,4,1,2,1,5,5,0,3,3,0,3,3,0,0,16,-31,1,4,5,26,0,0,1,1,0,-1,6,1
KR_6696753909,420,4,70,4,7,-2,2,4,-1,0,1,2,6,4,3,3,0,5,7,2,0,1,-1,-2,5,3,0,0,2,1,1,1,1,3,1
KR_6760319510,420,6,76,4,16,3,5,2,0,2,2,7,8,1,9,9,0,-3,1,4,-1,22,-4,-3,8,5,2,0,1,-1,-1,1,1,5,1
KR_6680642047,420,4,30,24,10,4,5,1,-1,1,2,0,2,2,6,6,0,1,3,2,0,13,-5,2,5,7,0,0,2,1,1,1,1,2,1
KR_6689226002,420,2,32,20,8,-1,0,1,1,6,5,4,5,1,3,4,1,1,1,0,0,17,-123,6,4,10,-24,0,0,1,-1,0,1,1,1
KR_6721676123,420,1,31,12,-1,2,3,1,1,4,3,-3,1,4,-1,4,5,0,0,0,0,0,5,-1,5,4,-1,0,0,-1,1,1,1,3,1
KR_6730397622,420,1,-14,2,-5,-1,0,1,-1,3,4,2,3,1,-2,2,4,-3,2,5,-1,-11,1,-4,12,8,1,0,1,1,1,1,-1,6,1
KR_6619625859,420,3,72,53,8,2,3,1,0,3,3,1,3,2,4,7,3,1,1,0,4,16,20,8,6,14,-4,0,0,1,-1,1,1,3,1
KR_6745391551,420,0,36,1,1,3,3,0,1,2,1,-6,1,7,0,4,4,3,3,0,0,4,4,-1,7,6,-2,0,0,0,1,0,-1,0,1
KR_6699787068,420,3,51,-7,4,0,1,1,2,2,0,4,6,2,-1,3,4,-1,0,1,0,2,67,3,6,9,-2,0,2,1,1,1,1,5,1
KR_6735926812,420,5,18,6,20,1,2,1,3,4,1,4,4,0,7,7,0,5,6,1,1,28,11,6,0,6,-4,0,2,-1,1,1,1,3,1
KR_6758058945,420,4,-13,15,16,5,5,0,6,6,0,3,3,0,3,3,0,-1,0,1,0,17,-3,-4,6,2,1,0,0,-1,1,1,1,5,1
KR_6761451033,440,1,-7,-27,9,0,1,1,7,7,0,1,2,1,3,3,0,-2,2,4,0,11,-8,4,1,5,1,0,1,0,-1,1,1,0,1
KR_6763099706,420,3,14,-7,4,4,4,0,-2,3,5,-1,0,1,0,1,1,3,3,0,0,8,-43,-2,6,4,-2,0,2,-1,1,1,1,1,1
KR_6755513539,420,5,99,-12,13,6,6,0,3,5,2,0,2,2,3,4,1,1,1,0,0,12,10,1,2,3,2,0,3,-1,-1,1,1,2,1
KR_6702762191,420,4,54,6,11,-1,0,1,8,9,1,4,6,2,1,8,7,-1,0,1,0,3,5,0,4,4,-5,0,1,1,1,1,-1,3,1
KR_6741968395,420,0,39,-40,4,1,3,2,-4,1,5,0,1,1,-1,1,2,8,9,1,0,13,-8,1,6,7,-1,0,-1,1,-1,-1,-1,1,1
KR_6614302149,440,1,-24,31,5,-1,1,2,0,3,3,5,8,3,2,3,1,-1,1,2,0,-3,5,7,2,9,-5,0,-1,1,1,-1,1,5,1
KR_6749937577,420,-1,-43,8,-1,1,4,3,2,3,1,-3,1,4,-1,2,3,0,0,0,0,1,-5,-3,11,8,-1,0,0,1,1,1,1,3,1
KR_6691143590,420,2,43,12,9,2,3,1,5,6,1,1,3,2,1,2,1,0,0,0,0,9,-2,2,2,4,1,0,0,1,-1,1,1,1,1
KR_6757830193,420,2,-47,-7,5,-1,3,4,5,6,1,-2,0,2,3,4,1,0,1,1,-1,11,2,2,4,6,1,0,0,1,-1,-1,-1,6,1
KR_6693580668,420,0,24,-52,5,4,4,0,2,3,1,1,2,1,-2,9,11,0,1,1,0,6,7,-3,7,4,4,0,0,1,1,-1,-1,3,1
KR_6731210805,420,1,3,12,7,4,4,0,1,3,2,-2,3,5,1,2,1,3,4,1,0,12,1,3,4,7,-6,0,1,1,1,1,-1,3,1
KR_6747390321,420,3,64,-3,8,0,3,3,1,4,3,0,3,3,5,6,1,2,2,0,0,6,4,1,6,7,3,0,2,1,-1,1,1,4,1
KR_6752205355,440,4,42,19,13,-2,2,4,6,6,0,0,0,0,7,7,0,2,2,0,0,19,-310,7,2,9,1,0,1,1,1,1,1,6,1
KR_6721353880,420,2,4,-29,7,1,1,0,-1,3,4,1,2,1,5,7,2,1,2,1,1,2,-1,4,3,7,3,0,2,-1,1,1,1,1,1
KR_6765844954,440,2,-31,20,1,-6,1,7,2,2,0,-1,0,1,3,3,0,3,4,1,0,-1,-2,2,5,7,0,0,0,-1,1,-1,-1,2,1
KR_6743830465,420,0,30,-4,2,0,0,0,0,4,4,1,1,0,2,2,0,-1,1,2,0,2,216,-5,9,4,0,0,0,1,1,0,1,6,1
KR_6762756684,420,1,4,23,1,0,4,4,2,3,1,-2,1,3,2,3,1,-1,0,1,0,-4,38,0,5,5,-20,0,1,1,1,1,-1,6,1
KR_6762523164,420,1,6,-2,8,3,6,3,3,3,0,5,7,2,-3,2,5,0,3,3,0,1,-47,-2,5,3,-2,0,0,-1,1,-1,-1,2,1
KR_6762679123,420,1,4,-7,7,1,4,3,5,5,0,0,1,1,3,6,3,-2,1,3,0,9,6,4,2,6,1,0,0,-1,1,0,1,1,1
KR_6760218431,420,1,41,34,2,2,2,0,-1,5,6,3,4,1,0,2,2,-2,1,3,1,-3,-6,-3,7,4,2,0,1,1,1,1,1,6,1
KR_6742201903,420,2,33,-44,7,5,5,0,1,2,1,-1,1,2,3,4,1,-1,0,1,0,4,7,4,3,7,-4,0,0,1,0,-1,1,3,1
KR_6726064999,420,9,99,64,22,1,3,2,8,9,1,7,9,2,5,5,0,1,1,0,0,21,26,4,3,7,2,0,1,-1,0,1,1,2,1
KR_6595149453,440,6,60,18,11,5,5,0,-4,4,8,6,6,0,4,5,1,0,0,0,2,10,-384,0,6,6,2,0,0,-1,-1,1,1,6,1
KR_6437995166,440,3,68,15,1,2,4,2,-2,1,3,-2,3,5,3,3,0,0,1,1,0,1,6,4,1,5,-1,0,1,-1,-1,1,1,4,1
KR_6759625393,420,2,27,-8,0,2,3,1,-3,0,3,3,5,2,3,3,0,-5,1,6,0,2,11,-2,10,8,3,0,0,1,1,0,-1,3,1
KR_6763297535,420,5,23,15,7,3,4,1,0,2,2,3,3,0,0,4,4,1,1,0,0,-1,170,1,6,7,4,0,3,0,1,1,-1,0,1
KR_6756222792,420,4,4,6,16,3,4,1,4,5,1,6,7,1,3,5,2,0,0,0,0,22,-4,0,6,6,2,0,1,1,1,1,1,3,1
KR_6601552089,420,3,10,24,7,-1,2,3,5,6,1,1,3,2,2,5,3,0,1,1,0,6,13,2,3,5,-1,0,-1,-1,1,-1,1,6,1
KR_6675082852,420,4,23,-3,3,2,2,0,-3,2,5,8,10,2,-3,2,5,-1,0,1,0,-6,-211,1,5,6,0,0,-1,1,-1,-1,-1,4,1
KR_6757929726,420,0,19,-12,4,1,3,2,-5,1,6,6,9,3,3,5,2,-1,0,1,0,3,11,-1,6,5,0,0,0,-1,-1,-1,-1,6,1
KR_6763260526,420,-1,-26,34,-4,0,2,2,-2,1,3,2,3,1,-4,1,5,0,0,0,0,-5,-127,-3,8,5,1,0,0,-1,1,0,-1,6,1
KR_6697218947,420,3,45,16,4,-3,1,4,1,3,2,4,11,7,2,5,3,0,1,1,0,-4,-105,-5,10,5,6,0,1,1,1,1,-1,4,1
KR_6582394324,420,1,17,-35,3,0,2,2,-3,2,5,-1,1,2,5,6,1,2,2,0,0,6,-254,-5,9,4,4,0,0,-1,-1,1,1,6,1
KR_6742942752,440,8,129,24,16,2,2,0,1,2,1,3,3,0,10,10,0,0,0,0,0,14,4,0,5,5,1,0,3,-1,1,1,1,3,1
KR_6747660182,420,0,26,-19,6,2,3,1,3,5,2,-1,0,1,1,1,0,1,1,0,1,6,-2,-4,8,4,5,0,0,1,1,0,1,3,1
KR_6675024525,420,-1,-25,-16,1,2,4,2,0,6,6,-3,1,4,2,4,2,0,4,4,0,1,1,-4,6,2,0,0,1,1,-1,-1,1,3,1
KR_6765949628,420,2,47,9,2,0,5,5,3,5,2,2,3,1,-2,1,3,-1,0,1,1,7,4,2,4,6,-3,0,1,1,0,1,1,4,1
KR_6750372928,420,2,43,36,1,2,6,4,1,3,2,1,3,2,-2,6,8,-1,1,2,2,1,0,-3,7,4,0,0,0,1,1,1,1,6,1
KR_6756935614,440,0,16,24,2,-1,0,1,3,4,1,1,1,0,-2,4,6,1,1,0,1,1,-58,-2,5,3,21,0,1,0,1,1,1,0,1
KR_6718666358,420,1,26,-4,0,1,2,1,-2,4,6,-1,3,4,1,4,3,1,2,1,2,7,12,7,4,11,-4,0,-1,-1,1,-1,1,6,1
KR_6702452522,420,-2,13,-35,-4,2,4,2,-4,1,5,5,5,0,-4,0,4,-3,1,4,-2,-2,-2,2,6,8,2,0,0,-1,0,0,-1,6,1
KR_6746649246,420,5,17,13,3,4,5,1,-3,3,6,0,1,1,1,6,5,1,1,0,0,-5,3,2,4,6,-3,0,1,-1,1,1,-1,5,1
KR_6758789884,420,2,37,0,1,-2,1,3,-1,0,1,-2,2,4,6,6,0,0,2,2,0,1,5,-2,5,3,-4,0,0,-1,-1,0,-1,6,1
KR_6652077462,420,6,33,32,11,0,2,2,7,7,0,3,4,1,1,2,1,0,2,2,0,10,2,-2,6,4,-1,0,1,1,-1,1,1,5,1
KR_6763393609,420,3,-18,4,6,0,2,2,1,2,1,2,3,1,0,1,1,3,3,0,0,3,4,5,3,8,4,0,0,1,-1,0,1,2,1
KR_6756464184,420,3,16,4,0,1,1,0,0,3,3,-4,0,4,1,4,3,2,3,1,0,6,-2,-4,5,1,-1,0,0,-1,1,0,-1,3,1
KR_6698355366,420,-1,-1,22,-2,-6,0,6,0,4,4,0,1,1,4,7,3,0,1,1,-1,4,-13,-6,7,1,4,0,1,1,1,-1,-1,3,1
KR_6548415190,440,2,33,-5,2,-1,2,3,0,2,2,1,2,1,1,6,5,1,2,1,1,10,15,0,5,5,3,0,1,1,1,1,1,3,1
KR_6548489918,440,7,53,11,20,5,5,0,5,7,2,4,5,1,7,10,3,-1,2,3,0,8,7,2,2,4,0,0,2,1,1,1,-1,4,1
KR_6639461317,420,3,26,-5,10,2,2,0,2,4,2,1,2,1,3,6,3,2,3,1,0,8,-175,3,2,5,4,0,1,-1,1,1,1,5,1
KR_6765823867,420,2,17,15,3,3,4,1,-2,3,5,2,3,1,2,8,6,-2,0,2,2,0,-227,1,8,9,-11,0,3,-1,-1,1,-1,3,1
KR_6679746272,420,1,49,-9,8,1,1,0,4,7,3,4,6,2,-1,2,3,0,2,2,1,7,-39,2,6,8,30,0,1,1,1,1,1,3,1
KR_6746787420,420,2,-15,17,15,7,8,1,7,7,0,2,5,3,-1,0,1,0,1,1,1,24,-9,-5,8,3,-1,0,0,0,-1,0,1,0,1
KR_6675013571,420,1,-16,8,4,-1,0,1,-1,3,4,7,7,0,-1,1,2,0,1,1,0,6,-10,0,3,3,2,0,-1,1,-1,-1,-1,3,1
KR_6745784653,420,7,76,59,12,0,1,1,9,9,0,0,1,1,3,6,3,0,1,1,0,7,10,6,1,7,-1,0,2,1,-1,1,1,2,1
KR_6725807444,420,4,40,-7,2,2,3,1,-2,2,4,4,4,0,0,3,3,-2,0,2,0,-2,8,2,4,6,4,0,0,1,-1,0,1,4,1
KR_6752568287,420,1,52,24,-1,3,5,2,-1,2,3,-3,2,5,1,5,4,-1,1,2,0,-7,-13,-3,6,3,-3,0,1,1,1,1,1,6,1
KR_6429646665,440,-1,5,8,-1,-3,3,6,3,4,1,-3,2,5,1,6,5,1,2,1,2,15,336,5,1,6,-1,0,-1,0,1,-1,1,0,1
KR_6751086736,420,1,-1,5,3,1,1,0,3,6,3,2,2,0,-2,1,3,-1,0,1,1,7,-20,2,2,4,3,0,0,1,1,-1,1,5,1
KR_6731353541,420,4,83,-1,13,1,3,2,4,4,0,2,3,1,4,6,2,2,2,0,0,19,-48,0,4,4,19,0,2,-1,1,1,1,1,1
KR_6721432356,420,0,-44,10,1,-1,2,3,-1,3,4,1,1,0,1,2,1,1,1,0,0,5,120,0,4,4,3,0,0,1,1,-1,-1,4,1
KR_6487051781,420,3,16,25,5,-3,0,3,-2,4,6,7,8,1,3,4,1,0,0,0,0,4,-35,-32,39,7,-1,0,1,1,1,1,1,1,1
KR_6736112678,420,5,56,-28,18,0,3,3,3,3,0,6,6,0,6,7,1,3,4,1,0,20,6,2,1,3,0,0,2,1,1,1,1,2,1
KR_6736667031,420,2,67,16,14,3,8,5,3,5,2,3,4,1,8,8,0,-3,0,3,0,18,14,-4,8,4,7,0,2,1,1,1,1,3,1
KR_6755685248,420,1,-55,12,11,0,2,2,0,0,0,8,9,1,3,5,2,0,1,1,0,15,-6,-5,10,5,1,0,0,1,1,0,-1,6,1
KR_6698709478,420,1,11,26,4,3,3,0,6,8,2,-2,4,6,-5,2,7,2,2,0,0,1,32,1,3,4,-3,0,0,0,1,0,-1,0,1
KR_6762853786,420,3,16,3,9,2,2,0,-2,0,2,3,3,0,3,4,1,3,3,0,0,13,-12,-2,8,6,5,0,0,0,1,0,1,0,1
KR_6730850958,420,0,44,11,4,4,5,1,7,10,3,-6,4,10,5,5,0,-6,1,7,-2,14,-3,3,4,7,4,0,0,-1,-1,1,-1,5,1
KR_6755287392,420,6,69,54,10,2,2,0,3,3,0,4,6,2,-4,1,5,5,5,0,0,7,-1,-1,6,5,4,0,1,0,1,1,1,0,1
KR_6718250533,420,-2,-53,-8,-4,1,3,2,-4,1,5,-2,1,3,0,1,1,1,1,0,0,-5,-32,-2,6,4,8,0,-2,1,-1,-1,-1,3,1
KR_6631506648,420,2,24,16,5,4,5,1,-5,1,6,3,5,2,2,3,1,1,2,1,0,4,-5,-2,5,3,4,0,0,1,1,1,1,1,1
KR_6492332885,420,0,25,20,-4,1,3,2,0,2,2,-1,3,4,-3,2,5,-1,2,3,0,-6,15,-3,8,5,-1,0,-1,0,-1,-1,-1,0,1
KR_6715728951,420,2,31,8,2,8,8,0,-7,2,9,1,5,4,0,1,1,0,1,1,0,-6,7,-2,4,2,4,0,0,1,1,0,-1,6,1
KR_6703079247,420,0,55,-10,2,1,1,0,-3,1,4,0,3,3,3,4,1,1,1,0,0,1,-5,0,5,5,2,0,1,-1,1,1,1,4,1
KR_6763329930,420,0,29,20,-10,0,3,3,0,3,3,-5,1,6,-5,0,5,0,1,1,0,-14,7,-1,6,5,-4,0,0,1,0,0,-1,3,1
KR_6657089485,420,0,53,-16,1,0,1,1,-1,3,4,-3,0,3,5,9,4,0,0,0,0,1,-1,3,4,7,-2,0,-1,-1,1,-1,1,4,1
KR_6637333656,440,7,22,74,15,1,2,1,1,5,4,1,3,2,13,14,1,-1,3,4,0,16,-4,2,4,6,2,0,1,1,1,1,1,1,1
KR_6689725219,420,0,-9,20,6,3,3,0,2,5,3,-1,0,1,2,4,2,0,0,0,0,5,9,1,8,9,0,0,0,1,-1,-1,1,3,1
KR_6702686442,420,6,61,1,22,1,1,0,3,6,3,7,7,0,9,9,0,2,3,1,0,26,8,1,7,8,1,0,0,1,-1,1,1,6,1
KR_6745290965,440,-7,-51,-52,-14,-3,1,4,-5,2,7,-7,1,8,1,5,4,0,2,2,0,-7,-21,-7,7,0,1,0,-2,-1,-1,-1,-1,1,1
KR_6765016213,440,-3,-84,-7,-14,-6,1,7,3,4,1,-3,1,4,-7,5,12,-1,1,2,-1,-9,0,-3,6,3,1,0,-2,-1,-1,-1,-1,6,1
KR_6694209273,420,2,46,-17,-1,2,3,1,-3,3,6,0,3,3,0,4,4,0,2,2,-1,-2,2,0,6,6,3,0,0,1,-1,0,-1,2,1
KR_6751774839,420,2,12,11,4,5,6,1,-4,1,5,2,4,2,1,4,3,0,1,1,0,3,-199,-2,7,5,0,0,0,1,1,-1,1,3,1
KR_6759689501,420,1,-14,11,-2,0,2,2,-2,1,3,0,2,2,0,6,6,0,2,2,0,-2,6,2,3,5,-5,0,0,0,1,1,-1,0,1
KR_6764196931,420,-1,2,11,1,4,8,4,0,3,3,-3,0,3,-1,2,3,1,6,5,-1,0,10,0,4,4,-7,0,0,-1,-1,1,-1,3,1
KR_6700767969,420,-1,-64,8,1,2,3,1,1,2,1,1,1,0,-1,3,4,-2,0,2,0,-1,-3,0,5,5,-1,0,-1,-1,-1,-1,-1,5,1
KR_6500656514,420,1,8,-4,6,1,2,1,-1,3,4,-3,2,5,8,8,0,1,2,1,0,5,-11,1,5,6,2,0,2,-1,1,1,1,6,1
KR_6752766979,420,0,-15,1,0,0,0,0,-4,0,4,4,6,2,3,4,1,-3,0,3,0,2,0,0,4,4,-3,0,0,1,-1,0,1,3,1
KR_6758950694,420,0,52,-8,2,1,1,0,-5,1,6,4,4,0,1,2,1,1,1,0,0,2,34,2,5,7,-23,0,0,1,-1,0,1,3,1
KR_6764710124,420,-5,-90,-33,-4,-4,0,4,2,3,1,0,1,1,0,1,1,-2,1,3,0,-2,-16,-3,9,6,0,0,-1,-1,-1,-1,-1,5,1
KR_6683051745,420,3,16,16,8,-2,1,3,6,7,1,0,4,4,0,3,3,4,5,1,0,14,17,5,4,9,2,0,0,1,-1,1,1,2,1
KR_6745090515,420,0,-65,8,4,2,4,2,2,2,0,1,1,0,0,1,1,-1,0,1,0,6,-24,-3,5,2,4,0,-1,1,1,-1,-1,4,1
KR_6507562005,420,5,3,13,9,5,5,0,1,4,3,0,2,2,1,1,0,2,4,2,0,7,-12,3,4,7,-11,0,1,-1,-1,-1,-1,6,1
KR_6743439828,420,1,31,1,12,-2,0,2,2,4,2,2,3,1,6,7,1,4,4,0,0,22,-1,2,3,5,2,0,0,-1,1,1,-1,6,1
KR_6759877968,420,7,113,-1,12,4,6,2,-3,0,3,5,7,2,6,7,1,0,1,1,0,4,-8,3,5,8,0,0,3,1,1,1,-1,1,1
KR_6762180105,420,2,-18,-17,6,1,4,3,3,3,0,3,4,1,-2,1,3,1,1,0,0,9,-27,1,3,4,1,0,1,1,-1,1,-1,4,1
KR_6765586545,420,2,65,-20,10,2,2,0,1,3,2,-2,3,5,5,5,0,4,5,1,0,16,-5,3,5,8,4,0,3,0,-1,1,1,0,1
KR_6758875909,420,1,16,-4,-1,0,2,2,1,2,1,-2,1,3,1,6,5,-1,0,1,-2,-1,0,3,4,7,-5,0,0,1,1,0,1,6,1
KR_6685412452,420,4,131,4,10,4,8,4,5,5,0,-1,2,3,1,5,4,1,2,1,1,9,-4,3,2,5,3,0,2,1,-1,1,1,6,1
KR_6751750745,420,2,10,-29,12,3,4,1,4,5,1,1,2,1,6,8,2,-2,0,2,1,15,11,0,3,3,-1,0,2,0,1,1,1,0,1
KR_6686561980,420,-2,-22,-4,4,2,3,1,-5,1,6,2,5,3,4,6,2,1,2,1,0,-3,1,2,4,6,-4,0,0,-1,1,1,-1,2,1
KR_6764101060,420,4,-34,36,7,0,0,0,-2,3,5,2,4,2,7,7,0,0,1,1,0,-2,-3,0,6,6,0,0,1,1,1,1,1,2,1
KR_6741755612,420,2,6,12,5,1,2,1,0,2,2,-2,1,3,6,6,0,0,0,0,0,9,8,2,5,7,2,0,1,1,1,1,-1,3,1
KR_6532254707,420,4,33,7,3,4,4,0,0,4,4,1,6,5,-1,3,4,-1,1,2,0,2,-8,2,5,7,5,0,-2,1,1,-1,-1,6,1
KR_6745038450,420,3,-2,7,5,-2,0,2,1,6,5,-1,2,3,6,6,0,1,2,1,0,4,-2,-1,7,6,4,0,1,1,-1,1,-1,4,1
KR_6752301127,440,-1,12,-12,7,3,7,4,1,1,0,4,5,1,0,3,3,-1,0,1,0,13,-7,-1,6,5,4,0,0,-1,1,0,1,4,1
KR_6758737123,420,3,-15,4,17,-4,0,4,0,2,2,9,10,1,5,8,3,7,8,1,-1,13,5,2,5,7,4,0,2,1,1,1,-1,3,1
KR_6669099008,420,3,39,4,10,3,3,0,5,7,2,2,2,0,-2,2,4,2,2,0,0,8,7,2,3,5,0,0,1,1,-1,1,1,6,1
KR_6746960885,420,4,63,28,8,-1,0,1,4,5,1,2,4,2,1,1,0,2,2,0,-1,14,3,2,4,6,3,0,0,0,1,0,-1,0,1
KR_6731481573,440,2,48,4,1,0,1,1,-3,2,5,1,1,0,3,5,2,0,0,0,0,0,-5,3,2,5,4,0,1,-1,1,1,-1,4,1
KR_6693225881,420,3,-11,26,7,3,3,0,3,3,0,2,2,0,-1,1,2,0,0,0,0,6,21,-1,4,3,-6,0,0,1,-1,0,1,5,1
KR_6739242742,420,2,9,11,5,2,2,0,1,1,0,2,2,0,0,2,2,0,1,1,0,7,3,5,4,9,1,0,0,1,-1,0,1,1,1
KR_6759555568,420,-3,-2,-12,-6,1,4,3,-1,2,3,-1,1,2,-5,2,7,0,0,0,-1,-11,113,4,3,7,2,0,1,-1,1,1,-1,1,1
KR_6680076445,420,2,34,47,5,0,1,1,-3,2,5,-1,2,3,9,11,2,0,2,2,0,4,4,2,4,6,0,0,0,1,1,1,1,6,1
KR_6601322237,420,2,41,-17,5,-2,3,5,0,3,3,2,4,2,6,7,1,-1,0,1,0,7,-121,4,4,8,-4,0,1,-1,1,1,-1,5,1
KR_6765381513,420,-1,-19,-12,-5,6,6,0,-10,1,11,-3,0,3,-1,5,6,3,4,1,-2,-20,-13,-5,6,1,2,0,-1,0,-1,-1,-1,0,1
KR_6758695489,420,0,-52,-12,-2,-1,1,2,5,6,1,0,5,5,-3,2,5,-3,2,5,1,0,2,6,2,8,-4,0,0,0,-1,0,1,0,1
KR_6694745067,420,3,46,9,7,1,1,0,6,6,0,-2,2,4,2,4,2,0,3,3,0,7,25,-3,5,2,6,0,1,1,1,1,1,5,1
KR_6756133765,420,2,17,4,1,-4,0,4,2,2,0,-3,2,5,5,6,1,1,3,2,0,4,-12,5,3,8,3,0,1,1,-1,1,-1,1,1
KR_6751186428,420,0,4,-25,-1,1,3,2,3,4,1,-4,2,6,-2,3,5,1,1,0,-1,-1,-2,-4,10,6,-1,0,0,1,-1,1,-1,1,1
KR_6762568147,420,3,-7,-16,9,-1,3,4,4,5,1,3,4,1,2,3,1,1,1,0,0,10,-2,0,2,2,5,0,1,1,1,1,-1,5,1
KR_6757908761,420,8,87,13,15,2,3,1,0,3,3,4,6,2,10,10,0,-1,0,1,-1,13,-64,2,2,4,0,0,3,-1,1,1,-1,2,1
KR_6738626489,420,-1,1,16,-7,-5,1,6,-2,0,2,1,3,2,1,2,1,-2,1,3,0,-6,1,2,3,5,-6,0,-2,1,-1,-1,-1,1,1
KR_6747592358,420,-3,-12,4,-7,-3,0,3,-2,2,4,-5,2,7,3,5,2,0,0,0,0,-9,-17,-2,7,5,4,0,0,-1,1,1,1,1,1
KR_6734201786,420,1,6,0,3,2,3,1,-2,2,4,0,3,3,3,4,1,0,2,2,0,2,3,3,2,5,-2,0,0,-1,1,0,1,6,1
KR_6765027969,420,1,15,14,4,-4,0,4,2,2,0,4,5,1,1,3,2,1,2,1,0,10,4,-1,6,5,1,0,0,1,-1,1,1,2,1
KR_6762856276,420,7,92,45,11,0,2,2,3,5,2,6,7,1,1,6,5,1,1,0,0,2,-122,-1,4,3,0,0,0,1,1,-1,-1,3,1
KR_6759044241,420,2,23,9,4,-3,1,4,0,2,2,0,3,3,5,7,2,2,3,1,0,10,237,2,5,7,0,0,-1,-1,1,1,1,3,1
KR_6750761981,420,2,58,55,1,-1,0,1,1,1,0,5,5,0,-3,0,3,-1,0,1,0,-2,9,1,4,5,4,0,1,1,1,1,1,6,1
KR_6764873132,420,1,-12,-32,-5,-3,1,4,-1,3,4,-1,3,4,0,1,1,0,2,2,0,-3,-28,-2,6,4,1,0,1,-1,1,1,1,5,1
KR_6739236933,420,5,74,16,10,4,5,1,1,5,4,-2,4,6,2,3,1,5,5,0,0,11,1,-5,9,4,4,0,3,1,0,1,1,1,1
KR_6760500672,420,-1,-41,0,5,-1,1,2,-6,2,8,2,4,2,3,4,1,7,8,1,-1,9,20,1,4,5,-2,0,0,1,0,0,-1,4,1
KR_6747465538,420,-2,32,-31,-3,-1,1,2,-1,3,4,-2,1,3,0,1,1,1,1,0,0,-7,-5,1,4,5,-4,0,0,-1,-1,-1,-1,1,1
KR_6755234348,420,4,110,22,9,5,7,2,-2,2,4,4,5,1,-1,2,3,3,3,0,-1,0,-9,-1,6,5,0,0,0,-1,1,1,-1,4,1
KR_6765241915,420,1,38,20,10,2,4,2,6,6,0,0,0,0,-1,3,4,3,3,0,0,7,0,-1,5,4,8,0,0,1,1,0,1,1,1
KR_6758883033,420,6,21,13,16,4,4,0,4,7,3,-1,1,2,6,7,1,3,3,0,0,22,11,-2,6,4,0,0,2,1,1,1,1,6,1
KR_6727460180,420,2,4,-4,4,2,3,1,5,7,2,-1,1,2,-3,1,4,1,1,0,0,5,-8,-5,8,3,-1,0,0,-1,1,0,1,3,1
KR_6720185407,420,-4,-62,-7,-4,0,3,3,0,1,1,0,1,1,-4,0,4,0,1,1,0,-7,-4,0,4,4,-1,0,-2,-1,-1,-1,-1,2,1
KR_6757266007,420,3,-25,37,4,1,3,2,4,5,1,2,2,0,-3,1,4,0,1,1,0,7,1,-1,6,5,0,0,-2,-1,1,-1,-1,5,1
KR_6651911302,420,-1,25,-13,-2,0,2,2,-1,3,4,-5,0,5,3,4,1,1,1,0,0,-7,0,1,5,6,0,0,1,0,-1,1,1,0,1
KR_6747151834,440,6,93,-8,13,1,2,1,6,7,1,2,3,1,3,5,2,1,3,2,0,19,1,-2,4,2,0,0,2,0,0,1,1,0,1
KR_6759962435,420,4,59,43,4,2,3,1,1,2,1,-4,0,4,2,4,2,3,4,1,0,9,-13,0,6,6,-1,0,1,1,-1,1,1,5,1
KR_6679227822,420,0,4,-24,3,0,1,1,1,2,1,-3,0,3,6,6,0,-1,0,1,0,5,4,0,4,4,-2,0,0,1,-1,0,1,5,1
KR_6699565052,420,-1,5,0,-9,-1,1,2,-4,2,6,-2,1,3,-2,1,3,0,1,1,0,-11,12,5,4,9,-4,0,1,1,1,1,-1,5,1
KR_6687819803,420,-4,-32,-5,-6,1,1,0,-1,3,4,-5,1,6,-1,6,7,0,1,1,-1,-3,-12,0,6,6,-1,0,-1,1,-1,-1,-1,2,1
KR_6754231409,440,-2,47,-16,1,0,3,3,6,9,3,-5,2,7,1,2,1,-1,0,1,0,-3,-8,-3,6,3,4,0,0,1,-1,-1,-1,5,1
KR_6764773574,440,2,3,-22,2,0,2,2,2,4,2,-1,1,2,4,4,0,-3,0,3,0,13,-50,1,8,9,4,0,1,1,1,-1,-1,3,1
KR_6752036019,440,0,50,-4,-4,5,7,2,-7,1,8,0,3,3,1,5,4,-3,2,5,1,-13,1,-2,3,1,0,0,0,-1,-1,1,1,1,1
KR_6744472842,420,-1,-9,0,0,0,0,0,-2,4,6,-3,1,4,2,6,4,3,3,0,0,1,-7,-4,9,5,3,0,-1,1,-1,-1,1,1,1
KR_6730760927,420,2,-14,14,2,0,1,1,2,6,4,2,2,0,-1,1,2,-1,0,1,0,2,-3,-6,11,5,6,0,0,1,1,0,-1,5,1
KR_6755049832,420,-1,25,8,0,-1,1,2,2,2,0,0,4,4,-2,4,6,1,4,3,0,1,32,1,3,4,3,0,0,-1,1,0,1,2,1
KR_6745699239,420,2,0,18,2,0,1,1,2,5,3,-2,6,8,1,2,1,1,1,0,0,14,128,2,8,10,5,0,0,1,1,0,1,6,1
KR_6686228076,420,1,10,24,2,-3,1,4,4,5,1,-4,3,7,4,4,0,1,1,0,0,11,2,3,5,8,1,0,1,1,1,1,1,1,1
KR_6763972833,420,2,2,-4,1,3,3,0,0,3,3,6,7,1,-9,0,9,1,1,0,0,-4,4,-6,9,3,9,0,0,-1,1,-1,-1,5,1
KR_6762398709,440,1,54,20,-2,-1,6,7,3,6,3,1,2,1,-3,2,5,-2,0,2,2,-2,-1,-9,11,2,6,0,3,1,1,1,-1,4,1
KR_6764815099,420,4,45,-36,8,2,2,0,1,4,3,1,4,3,2,3,1,2,2,0,0,12,-2,-4,7,3,4,0,0,1,-1,1,1,4,1
KR_6691122297,420,4,35,31,6,7,8,1,3,3,0,-2,0,2,-1,2,3,-1,0,1,-1,4,36,2,4,6,5,0,2,-1,1,1,-1,1,1
KR_6691283776,420,0,20,5,1,2,4,2,2,4,2,-3,2,5,0,2,2,0,1,1,0,-1,27,-3,5,2,-3,0,1,1,1,1,-1,6,1
KR_6751062010,420,5,75,4,10,1,2,1,1,2,1,0,0,0,4,7,3,4,4,0,-1,7,-11,0,5,5,3,0,1,1,1,1,-1,2,1
KR_6666845998,420,2,10,59,5,-1,1,2,6,7,1,2,5,3,-3,2,5,1,2,1,0,-1,-3,-3,5,2,-1,0,0,-1,-1,0,1,5,1
KR_6765117884,440,3,128,1,3,2,2,0,4,9,5,-1,1,2,-1,3,4,-1,1,2,-1,-5,-4,-1,2,1,4,0,2,1,1,1,-1,1,1
KR_6717656935,420,6,40,64,13,6,7,1,1,6,5,3,6,3,1,2,1,2,2,0,0,1,10,3,3,6,-2,0,1,1,1,1,-1,4,1
KR_6744341735,440,2,84,-15,12,-1,0,1,-1,1,2,5,5,0,7,13,6,2,2,0,1,19,0,4,5,9,-3,0,2,1,1,1,1,2,1
KR_6630400216,420,0,-14,4,1,0,0,0,0,0,0,3,4,1,-3,1,4,1,3,2,-1,9,8,0,3,3,2,0,0,-1,1,0,-1,6,1
KR_6635297011,440,-1,-38,25,1,1,5,4,3,5,2,0,0,0,1,4,3,-4,1,5,0,-4,-27,-1,5,4,2,0,0,1,-1,0,1,1,1
KR_6747601140,420,0,52,20,2,4,4,0,-2,0,2,3,3,0,-4,2,6,1,1,0,0,-7,1,-1,5,4,2,0,0,1,1,0,1,5,1
KR_6690750903,420,4,78,-18,9,4,5,1,0,4,4,1,2,1,3,3,0,1,1,0,0,12,-1,0,2,2,4,0,4,-1,1,1,1,2,1
KR_6702481600,440,1,-37,34,5,2,3,1,-3,1,4,3,3,0,-3,2,5,6,7,1,0,4,-1,4,0,4,1,0,0,1,0,0,1,6,1
KR_6743577351,420,4,29,-12,17,-1,2,3,1,1,0,14,14,0,3,3,0,0,0,0,0,21,5,-1,3,2,2,0,1,1,1,1,-1,2,1
KR_6734151801,440,-2,-73,-16,-2,-1,0,1,-2,0,2,0,0,0,-1,3,4,2,3,1,0,-2,9,5,5,10,2,0,-2,1,-1,-1,1,5,1
KR_6751672731,420,5,78,36,8,-1,2,3,-2,0,2,5,9,4,5,6,1,1,2,1,-2,0,-8,4,5,9,5,0,1,1,-1,1,-1,3,1
KR_6678420300,420,3,-24,-20,12,5,5,0,1,1,0,3,3,0,3,5,2,0,2,2,0,15,-1,3,4,7,1,0,0,1,1,0,-1,1,1
KR_6690969831,420,1,33,24,6,0,1,1,-1,3,4,1,2,1,4,5,1,2,3,1,0,7,-1,-2,8,6,4,0,-1,1,-1,-1,-1,5,1
KR_6693818378,420,1,19,26,5,3,4,1,1,4,3,4,6,2,-1,1,2,-2,0,2,0,10,-26,2,5,7,7,0,1,1,1,1,-1,1,1
KR_6710407979,420,-1,-10,37,-2,0,1,1,1,2,1,-1,1,2,-4,0,4,2,3,1,0,-5,-43,-1,5,4,-4,0,-1,1,1,1,1,5,1
KR_6623552014,420,4,111,2,10,1,3,2,4,6,2,3,4,1,3,4,1,-1,1,2,0,8,-25,3,1,4,7,0,2,1,1,1,1,4,1
KR_6760709311,420,2,-1,-2,1,-1,2,3,1,2,1,1,1,0,0,2,2,0,0,0,0,4,-1,1,3,4,0,0,0,-1,0,0,-1,5,1
KR_6614945320,420,4,30,28,21,1,4,3,4,5,1,6,6,0,11,11,0,-1,0,1,1,29,-2,3,6,9,3,0,1,1,1,1,1,5,1
KR_6730447113,440,4,27,16,3,0,4,4,1,2,1,0,1,1,1,2,1,1,2,1,0,7,-1,-2,6,4,-1,0,0,1,0,-1,-1,3,1
KR_6717274200,420,6,-6,3,10,2,2,0,3,4,1,1,3,2,4,5,1,0,0,0,0,15,-2,-3,6,3,0,0,2,-1,1,1,-1,6,1
KR_6753984118,420,-3,-30,-44,1,-3,0,3,9,9,0,-5,2,7,0,0,0,0,0,0,0,3,10,5,2,7,-1,0,-1,0,0,-1,1,0,1
KR_6756263243,420,2,27,20,9,2,5,3,4,6,2,1,2,1,2,3,1,0,1,1,0,8,10,4,3,7,-2,0,2,1,1,1,1,4,1
KR_6741321356,440,0,-13,41,0,-1,2,3,0,2,2,2,2,0,-1,3,4,0,0,0,0,-2,-3,-1,5,4,2,0,-1,1,-1,-1,1,6,1
KR_6759785634,420,2,-44,-24,6,3,3,0,1,2,1,2,5,3,1,1,0,-1,1,2,0,1,-4,-2,7,5,0,0,-1,-1,1,-1,1,3,1
KR_6701107728,420,7,88,8,12,5,5,0,-2,0,2,-2,1,3,9,10,1,2,2,0,0,14,-2,-3,7,4,0,0,0,1,1,1,-1,4,1
KR_6743935729,420,-1,-41,-20,4,1,3,2,4,5,1,-1,1,2,-1,0,1,1,2,1,0,5,5,1,5,6,-4,0,0,-1,-1,-1,1,2,1
KR_6543249722,420,2,37,6,4,1,4,3,1,2,1,1,2,1,0,0,0,1,1,0,0,3,-9,1,7,8,0,0,1,-1,-1,1,1,6,1
KR_6746415245,420,-2,8,-10,4,0,5,5,1,2,1,2,2,0,1,2,1,0,0,0,0,9,4,4,1,5,-5,0,1,-1,-1,1,1,6,1
KR_6686774467,420,2,62,-32,5,-1,1,2,0,4,4,-1,0,1,6,7,1,1,2,1,0,10,15,0,5,5,4,0,0,-1,1,1,1,2,1
KR_6697076482,420,2,5,24,-3,-3,0,3,3,5,2,1,3,2,-3,2,5,-1,1,2,-1,-3,18,-1,6,5,3,0,1,1,-1,1,-1,2,1
KR_6730578761,420,5,81,32,8,-3,0,3,-1,3,4,5,6,1,7,8,1,0,1,1,0,10,1,-1,4,3,-2,0,1,-1,1,1,1,5,1
KR_6737634767,420,-1,48,-10,1,1,2,1,4,5,1,-2,3,5,-3,4,7,1,2,1,-2,3,2,3,7,10,3,0,1,-1,1,1,-1,6,1
KR_6744480934,420,1,81,-12,2,2,3,1,3,6,3,2,5,3,-5,0,5,0,0,0,0,1,27,2,5,7,-24,0,1,0,1,1,1,0,1
KR_6750436057,420,5,100,1,10,-1,0,1,6,8,2,5,5,0,-1,1,2,1,2,1,0,10,7,3,3,6,-1,0,2,1,-1,1,1,5,1
KR_6646719529,420,2,36,26,-2,0,1,1,-1,2,3,-4,1,5,3,6,3,0,0,0,0,-7,-2,-4,9,5,1,0,0,1,1,0,1,2,1
KR_6760878965,420,0,31,-4,2,3,4,1,4,5,1,-3,0,3,0,2,2,-2,0,2,0,4,-31,6,5,11,4,0,0,-1,1,0,1,1,1
KR_6760019961,420,4,64,11,11,-1,1,2,7,8,1,2,6,4,2,5,3,1,1,0,0,15,8,1,2,3,2,0,1,1,-1,-1,1,5,1
KR_6755032633,420,0,-10,20,0,6,10,4,-3,0,3,-2,1,3,1,1,0,-2,0,2,1,-2,-3,-4,8,4,-3,0,0,1,-1,-1,1,1,1
KR_6728942339,420,1,2,9,-1,0,1,1,-1,4,5,2,2,0,-2,1,3,0,0,0,0,-5,-13,1,3,4,3,0,1,1,1,1,1,5,1
KR_6735343696,420,3,-5,46,5,-4,0,4,4,4,0,-2,0,2,5,5,0,2,3,1,0,6,0,-1,6,5,3,0,1,1,-1,1,-1,6,1
KR_6765212015,420,4,20,-19,6,0,4,4,2,5,3,2,2,0,0,2,2,2,2,0,0,8,11,-3,5,2,-2,0,1,0,1,1,1,0,1
KR_6758109462,420,0,16,-3,-1,0,1,1,1,2,1,-1,2,3,0,1,1,-1,2,3,1,0,-263,-1,9,8,2,0,0,-1,1,0,1,5,1
KR_6765569344,420,1,-19,-24,5,0,2,2,5,7,2,0,2,2,0,2,2,0,0,0,0,9,65,2,3,5,-19,0,1,1,1,1,1,3,1
KR_6766191218,420,1,31,4,7,1,3,2,5,8,3,2,3,1,-1,3,4,0,1,1,0,11,-3,-2,4,2,1,0,1,1,1,1,-1,3,1
KR_6747518074,420,3,69,0,4,0,1,1,1,3,2,1,1,0,3,3,0,-1,1,2,0,6,3,-4,7,3,1,0,1,1,1,1,-1,6,1
KR_6763306926,420,-1,7,-16,-2,0,1,1,-3,1,4,-3,2,5,2,7,5,2,3,1,-3,-5,20,2,4,6,7,0,-1,1,1,-1,-1,5,1
KR_6757385014,420,3,91,44,5,2,4,2,-2,2,4,4,5,1,0,0,0,1,2,1,0,-3,6,-1,5,4,3,0,2,-1,1,1,1,4,1
KR_6764782232,420,2,37,20,5,-1,0,1,1,3,2,7,7,0,-3,4,7,1,1,0,0,1,-4,-2,6,4,2,0,0,1,1,1,1,1,1
KR_6758684262,420,1,7,-10,5,2,2,0,2,4,2,1,2,1,-2,2,4,2,3,1,0,5,6,4,6,10,-2,0,0,-1,1,1,1,6,1
KR_6687082385,420,-2,-130,24,-9,-3,1,4,-6,1,7,4,5,1,-4,2,6,0,0,0,-1,1,-9,-3,7,4,-2,0,0,1,-1,-1,-1,6,1
KR_6751835757,420,2,34,8,-2,-2,0,2,-1,2,3,1,3,2,-1,1,2,1,1,0,0,-3,-51,-1,6,5,4,0,0,1,-1,0,1,3,1
KR_6735956606,420,-1,-39,11,5,0,1,1,3,5,2,0,2,2,1,2,1,1,1,0,0,8,5,3,2,5,-5,0,1,1,1,1,-1,1,1
KR_6694413301,420,8,111,20,19,5,6,1,8,10,2,3,5,2,4,5,1,-1,1,2,0,9,34,0,6,6,0,0,4,0,1,1,1,0,1
KR_6758385625,420,-2,32,0,-3,-3,1,4,2,2,0,-1,3,4,0,1,1,-1,1,2,0,-3,2,-5,9,4,2,0,-1,-1,-1,-1,-1,4,1
KR_6704362259,420,-6,-31,20,-7,-4,0,4,0,3,3,1,3,2,-3,1,4,-1,0,1,2,1,-9,1,5,6,-2,0,0,1,0,0,1,1,1
KR_6736745205,420,-3,29,-8,3,-4,2,6,4,6,2,1,3,2,2,5,3,0,1,1,2,22,8,0,4,4,3,0,0,0,-1,1,1,0,1
KR_6740238548,420,-1,52,8,1,-6,1,7,0,2,2,6,8,2,0,3,3,1,2,1,0,1,7,-3,5,2,0,0,0,0,-1,1,1,0,1
KR_6761651742,420,4,-3,-3,5,7,7,0,2,2,0,-6,0,6,1,3,2,1,2,1,0,1,6,1,3,4,1,0,0,-1,0,0,-1,6,1
KR_6760033762,420,0,13,22,-2,2,2,0,1,3,2,3,3,0,-6,1,7,-2,2,4,-1,-3,16,3,3,6,-1,0,0,1,1,-1,-1,5,1
KR_6644522764,420,2,17,13,2,1,1,0,2,3,1,0,0,0,0,1,1,-1,0,1,0,0,-55,4,2,6,0,0,0,1,-1,0,1,5,1
KR_6735408511,420,1,52,0,-5,5,5,0,-5,0,5,-3,1,4,-2,1,3,0,1,1,1,-11,-3,-3,9,6,0,0,1,1,-1,-1,1,4,1
KR_6727980077,440,2,60,-24,4,1,8,7,-3,2,5,1,5,4,5,7,2,0,1,1,1,2,-4,0,1,1,0,0,1,-1,1,1,1,2,1
KR_6743275694,420,2,64,-12,2,-1,1,2,-4,1,5,0,1,1,8,8,0,-1,0,1,0,1,-12,1,3,4,4,0,0,1,-1,1,1,2,1
KR_6556341421,420,6,54,-17,14,3,3,0,5,6,1,3,6,3,4,5,1,-1,1,2,1,29,35,0,3,3,2,0,1,0,-1,1,1,0,1
KR_6736797725,420,-2,-12,17,-3,-2,0,2,2,5,3,-3,0,3,0,6,6,0,2,2,1,2,-7,-1,7,6,1,0,-1,1,-1,-1,1,4,1
KR_6572688355,440,6,20,24,15,2,3,1,2,2,0,5,6,1,4,5,1,2,2,0,0,9,22,6,1,7,-1,0,0,1,1,0,1,1,1
KR_6668919552,440,2,-3,4,4,-1,0,1,-3,1,4,0,3,3,4,6,2,4,4,0,0,11,-5,-1,4,3,2,0,0,1,-1,0,-1,4,1
KR_6720044973,420,2,49,-12,1,4,4,0,0,2,2,-3,3,6,-1,3,4,1,1,0,0,-2,323,-3,6,3,-2,0,0,1,1,1,-1,4,1
KR_6494668698,420,4,38,18,10,1,2,1,4,6,2,0,4,4,2,8,6,3,4,1,0,12,9,4,3,7,1,0,0,1,1,1,1,5,1
KR_6761050876,440,3,39,4,2,-2,0,2,-2,3,5,-2,2,4,3,6,3,5,5,0,0,7,7,1,4,5,5,0,1,0,0,1,1,0,1
KR_6765705968,420,-1,15,-3,4,-1,2,3,-1,1,2,1,4,3,5,8,3,0,2,2,3,6,-14,2,4,6,5,0,2,-1,1,1,1,5,1
KR_6764741536,420,0,-26,3,-9,-5,2,7,0,4,4,-4,1,5,-1,3,4,1,2,1,0,-3,6,-1,7,6,0,0,-1,0,0,-1,1,0,1
KR_6733584564,420,-1,6,-14,2,2,2,0,-1,3,4,-3,2,5,4,4,0,0,0,0,0,6,11,6,7,13,4,0,0,1,-1,-1,1,3,1
KR_6713876104,440,2,11,2,8,-4,1,5,3,6,3,-1,2,3,1,4,3,9,9,0,0,2,-6,1,3,4,5,0,1,1,1,1,1,2,1
KR_6486952212,420,4,37,12,6,3,3,0,-1,2,3,1,1,0,4,5,1,-1,0,1,0,3,3,5,3,8,1,0,2,1,1,1,1,2,1
KR_6753648948,420,-2,-45,-9,0,-1,1,2,5,8,3,-3,0,3,0,1,1,-1,0,1,0,3,126,-1,6,5,3,0,1,-1,1,1,-1,4,1
KR_6692389584,420,-4,-86,-29,0,-3,1,4,4,6,2,-3,1,4,3,3,0,-1,0,1,0,13,-6,0,8,8,0,0,-1,-1,1,-1,1,1,1
KR_6756128793,440,-1,52,-19,1,-3,2,5,-3,3,6,2,4,2,3,5,2,2,2,0,0,-6,-7,-3,6,3,9,0,1,-1,-1,1,1,4,1
KR_6765164524,420,1,-6,56,-4,0,3,3,-2,2,4,-3,3,6,2,3,1,-1,0,1,0,-8,-38,-5,7,2,1,0,-1,0,1,-1,-1,0,1
KR_6743680336,420,4,31,55,0,1,2,1,-3,3,6,3,7,4,3,4,1,-4,2,6,0,0,-1,-3,7,4,-2,0,0,1,-1,1,-1,4,1
KR_6762134402,420,2,36,-8,8,6,7,1,5,6,1,1,4,3,-1,2,3,-3,1,4,0,7,-9,5,3,8,-2,0,2,-1,1,1,1,4,1
KR_6737983087,420,-3,-74,-5,-2,-1,0,1,2,3,1,-6,0,6,1,2,1,2,3,1,0,1,-40,-4,6,2,13,0,1,-1,1,1,-1,2,1
KR_6727727632,420,3,47,8,2,3,3,0,-2,0,2,-1,0,1,2,4,2,0,2,2,0,2,22,3,2,5,-3,0,1,1,-1,-1,1,3,1
KR_6762127397,420,-4,-60,-7,-11,2,3,1,-2,0,2,-2,2,4,-5,2,7,-4,2,6,-1,-16,0,-3,5,2,-4,0,-1,-1,1,-1,-1,6,1
KR_6765211287,420,4,84,22,9,4,4,0,4,8,4,3,4,1,-1,0,1,-1,1,2,0,1,-56,0,5,5,11,0,1,-1,-1,1,-1,6,1
KR_6723142289,420,2,61,18,-1,5,5,0,2,3,1,-2,1,3,-6,3,9,0,1,1,0,3,-3,2,4,6,-1,0,1,-1,1,1,-1,6,1
KR_6693167325,420,-6,-6,11,-13,1,2,1,-2,2,4,-6,1,7,-4,0,4,-2,0,2,0,-22,19,0,6,6,-7,0,1,-1,1,1,1,6,1
KR_6609295969,420,-1,3,12,0,0,1,1,-4,1,5,5,5,0,-2,1,3,1,2,1,0,12,7,3,3,6,0,0,0,-1,-1,0,1,4,1
KR_6751395395,440,5,57,20,12,0,0,0,-2,2,4,2,2,0,2,2,0,10,11,1,0,5,-10,-1,5,4,7,0,0,1,-1,1,1,3,1
KR_6722411204,420,2,-4,5,7,3,3,0,5,8,3,-2,1,3,-1,1,2,2,2,0,0,13,-13,3,4,7,1,0,0,1,1,0,1,1,1
KR_6746274441,420,-1,13,-12,-1,-2,1,3,2,5,3,-1,2,3,2,4,2,-2,0,2,0,1,-5,1,8,9,2,0,0,1,1,1,1,1,1
KR_6756131287,420,6,113,28,12,1,1,0,1,1,0,5,5,0,5,8,3,0,1,1,0,11,12,6,1,7,3,0,1,1,1,1,1,1,1
KR_6630203017,420,0,-27,28,0,-5,0,5,2,5,3,1,6,5,3,5,2,-1,1,2,1,5,2,-2,4,2,0,0,-1,-1,1,1,1,6,1
KR_6345834261,420,3,57,8,4,0,1,1,0,2,2,-1,1,2,4,4,0,1,1,0,0,6,4,2,4,6,-4,0,0,1,-1,1,1,4,1
KR_6757897834,420,-1,12,-24,0,2,3,1,-2,2,4,0,3,3,0,3,3,0,2,2,0,2,-5,2,4,6,1,0,0,0,-1,0,-1,0,1
KR_6760295848,420,-1,-25,-9,0,1,2,1,-2,0,2,4,4,0,-2,0,2,-1,0,1,0,-2,1,2,4,6,-4,0,0,-1,1,0,1,3,1
KR_6763190015,420,0,38,5,2,3,4,1,0,3,3,1,1,0,-2,2,4,0,0,0,0,-9,-12,-3,5,2,5,0,3,1,1,1,-1,2,1
KR_6757712257,420,7,144,-5,19,4,5,1,5,7,2,4,8,4,4,7,3,2,2,0,0,5,1,-5,8,3,4,0,4,1,1,1,1,6,1
KR_6753439773,420,2,4,-12,7,3,4,1,-6,0,6,7,8,1,4,5,1,-1,0,1,0,10,-4,-2,9,7,2,0,0,-1,0,-1,-1,1,1
KR_6759130336,440,2,31,21,12,2,4,2,2,3,1,6,7,1,1,3,2,1,2,1,2,8,264,5,2,7,4,0,0,1,1,0,1,2,1
KR_6762656753,420,1,2,18,-1,0,0,0,0,2,2,0,2,2,0,2,2,-1,0,1,0,-4,-120,1,7,8,-1,0,1,1,1,1,-1,6,1
KR_6731915608,420,-4,-37,-28,-4,-3,2,5,1,4,3,0,2,2,-3,1,4,1,2,1,0,2,-2,-2,5,3,0,0,1,1,1,1,-1,4,1
KR_6686604301,440,7,64,56,17,-2,2,4,3,5,2,2,3,1,15,16,1,-1,0,1,0,16,5,1,4,5,1,0,2,1,0,1,1,3,1
KR_6694905888,420,-3,-72,-8,-8,-1,4,5,-2,3,5,-6,2,8,1,4,3,0,1,1,3,0,8,2,2,4,-3,0,-3,1,1,-1,1,1,1
KR_6764565539,420,2,54,-12,6,3,4,1,-1,1,2,3,4,1,1,1,0,0,1,1,0,0,-13,0,4,4,-2,0,1,1,1,1,1,5,1
KR_6707474660,420,-2,-90,40,-10,-6,2,8,1,2,1,3,4,1,-10,1,11,2,2,0,0,-23,-4,1,4,5,-3,0,-2,-1,1,-1,-1,3,1
KR_6731403591,420,1,-31,16,6,2,4,2,-3,1,4,1,2,1,1,3,2,5,5,0,1,6,5,-1,5,4,-1,0,1,-1,1,1,1,1,1
KR_6756654623,420,-3,-113,6,-4,0,3,3,-1,0,1,2,6,4,-5,2,7,0,0,0,0,-6,-290,-3,6,3,3,0,0,1,1,0,1,4,1
KR_6734696287,440,4,32,4,9,4,6,2,1,1,0,2,4,2,1,3,2,1,2,1,0,11,-4,9,2,11,-5,0,2,0,1,1,-1,0,1
KR_6763772759,440,4,-7,0,8,-2,1,3,0,3,3,4,6,2,5,5,0,1,1,0,0,16,12,0,6,6,3,0,0,1,1,0,-1,6,1
KR_6720466870,420,0,25,16,4,-5,0,5,3,5,2,-3,0,3,1,2,1,8,8,0,0,11,-5,0,2,2,5,0,-1,1,1,1,1,3,1
KR_6692135492,420,-1,-13,-12,5,1,3,2,2,3,1,0,2,2,3,5,2,-1,1,2,0,3,-3,-1,4,3,2,0,1,1,1,1,1,5,1
KR_6758631925,440,2,-12,-8,7,-4,0,4,1,5,4,-2,1,3,5,7,2,7,7,0,0,9,-7,-6,6,0,4,0,-1,1,0,-1,-1,5,1
KR_6759172579,420,-1,21,-5,4,4,5,1,2,5,3,-3,3,6,0,1,1,1,1,0,0,1,3,5,2,7,-2,0,-2,-1,-1,-1,1,6,1
KR_6722183355,420,0,-11,0,6,-3,2,5,3,4,1,-1,2,3,3,3,0,4,4,0,0,15,-32,2,5,7,6,0,3,1,1,1,-1,5,1
KR_6758996021,420,-1,35,15,1,0,0,0,-3,2,5,-3,1,4,4,5,1,3,3,0,0,-1,13,0,7,7,-5,0,1,0,1,1,1,0,1
KR_6707891971,420,6,98,8,3,4,4,0,1,3,2,2,3,1,-3,1,4,-1,0,1,1,-5,-7,-2,4,2,-2,0,0,-1,1,-1,1,1,1
KR_6666915291,420,-1,14,-4,-5,-6,0,6,4,6,2,4,4,0,-4,1,5,-3,0,3,0,1,7,1,2,3,1,0,-1,1,-1,-1,-1,5,1
KR_6760289305,420,-3,37,-12,-2,-1,1,2,-1,2,3,-1,5,6,3,6,3,-2,0,2,0,-3,0,4,2,6,3,0,-1,1,-1,1,1,1,1
KR_6752145442,420,7,107,20,7,2,3,1,-1,2,3,3,4,1,2,2,0,1,4,3,0,-2,5,-2,5,3,-1,0,1,1,1,1,-1,2,1
KR_6756475648,420,2,37,25,2,5,5,0,1,2,1,-2,1,3,-2,2,4,0,2,2,0,-1,-2,-2,5,3,0,0,1,1,1,1,1,5,1
KR_6729175948,440,-2,0,-9,2,0,3,3,0,3,3,4,5,1,3,4,1,-5,0,5,1,-1,-22,1,5,6,-5,0,-1,1,-1,-1,1,5,1
KR_6761296540,420,1,18,8,5,-2,0,2,-1,1,2,3,3,0,4,6,2,1,3,2,0,4,2,-3,7,4,0,0,-1,1,1,-1,1,5,1
KR_6763430768,420,3,53,24,7,4,4,0,-1,2,3,0,0,0,2,2,0,2,2,0,0,6,1,1,4,5,2,0,1,1,1,1,1,2,1
KR_6766120356,420,5,35,16,6,0,2,2,3,4,1,1,1,0,2,3,1,0,2,2,0,7,-12,1,3,4,0,0,2,1,1,1,1,4,1
KR_6735257310,420,1,24,31,0,1,2,1,0,2,2,5,5,0,-8,0,8,2,2,0,0,-4,0,-1,4,3,1,0,-1,-1,1,-1,-1,6,1
KR_6670156558,420,0,3,3,-1,-3,0,3,1,3,2,0,4,4,1,1,0,0,2,2,-1,6,39,-2,6,4,1,0,0,-1,1,0,-1,2,1
KR_6698386428,420,1,12,4,1,-1,0,1,2,2,0,0,1,1,-4,1,5,4,4,0,0,-3,226,-3,8,5,6,0,1,1,1,1,-1,1,1
KR_6579300275,420,-1,40,0,-2,2,2,0,-3,1,4,1,2,1,-2,2,4,0,0,0,0,-7,-10,-4,9,5,0,0,0,-1,-1,0,1,1,1
KR_6765883275,440,-3,-36,9,-4,1,2,1,0,1,1,2,3,1,-5,1,6,-2,0,2,0,-3,14,-1,6,5,-1,0,1,-1,1,1,-1,3,1
KR_6623672237,420,4,55,30,6,5,6,1,4,4,0,1,2,1,-3,3,6,-1,0,1,0,5,-22,-2,6,4,7,0,2,-1,1,1,1,3,1
KR_6736991571,420,1,10,28,1,-3,1,4,4,8,4,1,2,1,-4,5,9,3,3,0,0,6,-1,2,4,6,0,0,1,0,0,1,-1,0,1
KR_6756524816,420,0,56,8,-4,0,1,1,2,2,0,-1,2,3,-6,1,7,1,1,0,1,-1,-116,-1,6,5,4,0,-1,1,-1,-1,1,2,1
KR_6629536457,420,3,87,-4,2,1,3,2,2,4,2,1,2,1,-1,4,5,-1,0,1,0,-2,-17,0,4,4,7,0,1,-1,1,1,1,1,1
KR_6609221430,420,-2,-15,12,2,0,1,1,-1,1,2,6,7,1,-2,2,4,-1,0,1,0,-4,-8,0,4,4,6,0,0,1,1,0,-1,5,1
KR_6749256060,420,3,11,20,2,1,1,0,1,4,3,-1,5,6,1,2,1,0,1,1,-1,-9,-3,-3,6,3,2,0,-1,1,-1,-1,-1,5,1
KR_6497760326,420,1,46,-5,2,-1,0,1,-2,3,5,0,0,0,6,6,0,-1,0,1,2,6,-9,-2,7,5,2,0,0,1,-1,-1,1,2,1
KR_6686720933,420,4,-17,8,3,0,0,0,-1,2,3,3,6,3,4,6,2,-3,1,4,-1,9,2,-2,8,6,-3,0,1,1,1,1,-1,5,1
KR_6710319527,420,3,2,11,13,0,3,3,7,7,0,0,2,2,6,8,2,0,2,2,0,15,-1,4,5,9,5,0,1,-1,0,1,-1,4,1
KR_6743845889,420,0,0,4,-6,2,3,1,0,4,4,-4,1,5,-4,1,5,0,3,3,0,-10,-6,3,5,8,-3,0,0,1,1,0,-1,6,1
KR_6752884939,440,-1,-44,7,0,-3,0,3,1,1,0,1,1,0,0,1,1,1,2,1,0,4,-3,1,4,5,-2,0,-1,-1,-1,-1,1,3,1
KR_6692999029,420,1,-34,22,1,-2,0,2,3,3,0,-2,3,5,0,4,4,2,2,0,3,4,3,1,3,4,3,0,0,-1,-1,0,1,1,1
KR_6640909080,440,3,40,7,10,-1,2,3,-1,0,1,4,4,0,1,1,0,7,7,0,1,13,8,0,6,6,0,0,1,1,1,1,1,1,1
KR_6760389119,420,1,84,-5,9,3,4,1,3,5,2,2,4,2,0,3,3,1,3,2,1,16,8,2,3,5,0,0,0,1,1,0,1,1,1
KR_6765093920,420,7,52,12,13,5,7,2,2,4,2,4,4,0,2,4,2,0,0,0,0,17,13,-1,4,3,-1,0,1,1,1,1,1,2,1
KR_6532232494,420,3,14,10,2,1,2,1,2,5,3,-1,1,2,3,3,0,-3,2,5,0,5,-12,-7,9,2,-4,0,1,1,-1,1,-1,4,1
KR_6762964187,420,2,27,-20,4,1,3,2,7,8,1,-1,2,3,-5,2,7,2,3,1,0,-3,5,0,5,5,2,0,0,-1,1,0,-1,3,1
KR_6755564927,420,3,-24,32,4,4,4,0,7,7,0,-1,1,2,-7,1,8,1,1,0,0,-4,7,2,3,5,-3,0,0,-1,-1,0,1,2,1
KR_6761148973,420,3,29,4,-3,0,1,1,-4,5,9,-5,2,7,1,3,2,5,7,2,-1,-7,-7,-1,7,6,2,0,-1,1,-1,-1,-1,5,1
KR_6746006730,420,-1,-23,8,-6,-2,2,4,-3,4,7,2,2,0,-2,2,4,-1,0,1,0,-12,-32,-7,9,2,11,0,0,1,0,0,1,5,1
KR_6724659683,440,7,117,16,14,1,2,1,5,6,1,4,5,1,3,5,2,1,1,0,-1,14,-21,0,4,4,4,0,0,-1,1,0,-1,2,1
KR_6669577411,420,0,-14,12,5,-1,1,2,3,4,1,0,4,4,1,7,6,2,3,1,0,14,7,7,3,10,-1,0,1,1,1,1,1,3,1
KR_6759325239,420,1,-33,-16,7,-1,1,2,0,2,2,0,2,2,5,5,0,3,5,2,1,9,-45,-5,6,1,4,0,-1,0,1,1,1,0,1
KR_6733486880,440,3,63,32,18,3,3,0,6,8,2,5,9,4,3,4,1,1,2,1,3,23,68,8,2,10,1,0,2,1,1,1,1,2,1
KR_6610383762,420,-2,-42,-18,-4,-2,0,2,0,4,4,-2,1,3,1,5,4,-1,0,1,0,-3,12,-1,4,3,0,0,0,1,1,0,-1,5,1
KR_6736795936,440,0,23,24,-7,-1,0,1,-6,0,6,0,0,0,1,2,1,-1,0,1,0,-9,28,0,5,5,-5,0,-2,-1,1,-1,1,2,1
KR_6734969994,420,3,7,27,5,-2,1,3,7,9,2,1,1,0,0,3,3,-1,0,1,0,6,-35,-2,5,3,7,0,0,-1,-1,1,-1,1,1
KR_6752588151,420,-1,-8,8,6,1,2,1,4,6,2,1,1,0,0,5,5,0,0,0,0,10,-2,0,5,5,5,0,0,-1,0,0,1,6,1
KR_6740180469,440,2,10,12,3,3,4,1,-1,2,3,0,0,0,0,1,1,1,1,0,0,0,201,1,2,3,0,0,0,0,0,0,-1,0,1
KR_6709136471,440,0,-68,15,6,-1,0,1,7,9,2,1,2,1,0,0,0,-1,1,2,-1,8,50,0,3,3,-16,0,0,1,-1,1,-1,5,1
KR_6755412406,420,0,-55,16,-2,-4,0,4,0,0,0,4,7,3,2,6,4,-4,0,4,0,-1,10,7,5,12,-1,0,1,1,1,1,-1,2,1
KR_6745397418,420,2,85,20,4,0,2,2,1,2,1,-1,2,3,5,6,1,-1,0,1,0,-1,4,4,3,7,6,0,1,0,1,1,-1,0,1
KR_6692195746,420,1,61,-5,-4,3,6,3,-2,0,2,0,5,5,-4,1,5,-1,0,1,0,-14,-14,-7,11,4,-1,0,1,1,-1,1,-1,1,1
KR_6758500131,420,7,58,33,14,3,4,1,4,5,1,0,2,2,11,12,1,-4,2,6,1,14,-5,1,5,6,3,0,2,1,-1,1,1,4,1
KR_6741708309,420,-1,-12,32,-4,-4,1,5,-6,2,8,1,2,1,4,6,2,1,2,1,0,-4,-2,-8,10,2,-3,0,-2,-1,1,-1,-1,5,1
KR_6712174730,420,1,102,-16,3,4,7,3,-1,2,3,-1,1,2,3,4,1,-2,0,2,0,5,2,-2,4,2,5,0,2,1,1,1,1,5,1
KR_6680920459,420,2,-15,12,5,1,5,4,3,7,4,-1,2,3,1,2,1,1,2,1,0,8,-45,1,5,6,13,0,-1,1,-1,-1,1,1,1
KR_6762480832,440,2,48,-31,2,1,2,1,-3,2,5,1,1,0,2,6,4,1,3,2,0,4,7,-1,4,3,3,0,0,-1,1,0,-1,2,1
KR_6717158722,420,-1,52,-30,2,2,5,3,3,5,2,1,1,0,-2,2,4,-2,1,3,0,0,-43,6,3,9,-2,0,1,-1,1,1,1,4,1
KR_6711594517,420,-4,-41,20,-8,-2,2,4,-1,1,2,4,5,1,-7,0,7,-2,0,2,0,-17,33,1,5,6,-4,0,-1,1,-1,-1,-1,3,1
KR_6751648229,420,0,-4,19,-1,8,8,0,-1,1,2,-3,1,4,-4,1,5,-1,1,2,0,-11,2,-2,3,1,-1,0,0,1,-1,1,1,6,1
KR_6704792194,420,1,74,13,3,0,3,3,0,3,3,1,3,2,2,2,0,0,1,1,1,6,4,-1,6,5,4,0,0,1,-1,1,1,2,1
KR_6548550517,440,0,1,10,3,-1,1,2,2,2,0,1,3,2,0,2,2,1,1,0,0,0,11,-2,8,6,3,0,0,1,-1,1,-1,3,1
KR_6698815397,420,2,57,6,9,-1,2,3,-1,2,3,1,1,0,9,9,0,1,1,0,0,7,33,8,0,8,-5,0,1,1,-1,1,1,6,1
KR_6525054070,420,-1,-17,-24,-4,-5,2,7,-3,3,6,0,2,2,4,5,1,0,0,0,0,4,9,0,5,5,-1,0,0,-1,1,-1,-1,2,1
KR_6744576942,420,0,-49,24,7,-1,0,1,4,7,3,-3,1,4,3,3,0,4,4,0,0,16,2,1,8,9,-4,0,0,1,1,0,1,5,1
KR_6756683689,420,0,35,26,-3,2,4,2,0,5,5,0,0,0,-5,2,7,0,2,2,0,-7,14,1,4,5,-6,0,-1,1,1,-1,1,4,1
KR_6611043216,420,5,90,-11,6,3,4,1,1,2,1,-1,3,4,2,7,5,1,2,1,0,8,-16,-4,5,1,5,0,0,0,-1,0,-1,0,1
KR_6679320700,420,5,47,-8,7,2,3,1,2,7,5,6,6,0,-4,0,4,1,1,0,0,-8,10,-1,4,3,4,0,3,1,1,1,1,6,1
KR_6735832029,420,3,38,20,0,2,5,3,-2,1,3,4,7,3,-3,3,6,-1,2,3,1,-6,26,-3,8,5,-2,0,2,-1,1,1,1,3,1
KR_6684132105,420,2,29,32,1,1,1,0,-2,2,4,7,8,1,-4,2,6,-1,1,2,-2,-5,-40,-1,5,4,0,0,1,1,1,1,-1,6,1
KR_6754186510,420,0,11,22,5,2,2,0,4,5,1,2,3,1,-4,2,6,1,1,0,0,2,15,2,4,6,-7,0,-1,-1,1,-1,-1,2,1
KR_6741039326,420,3,42,-16,6,-1,3,4,2,4,2,3,4,1,2,3,1,0,1,1,2,9,-22,2,4,6,2,0,2,-1,1,1,1,6,1
KR_6733492758,420,0,30,5,1,3,5,2,-1,2,3,1,5,4,0,5,5,-2,0,2,0,-1,9,1,2,3,-3,0,-1,1,-1,-1,-1,4,1
KR_6717805899,420,4,47,-4,10,2,4,2,0,2,2,9,9,0,3,4,1,-4,0,4,-1,13,-16,6,2,8,2,0,3,0,1,1,-1,0,1
KR_6744264201,420,-3,-10,-15,-7,-1,0,1,-2,2,4,-2,2,4,-2,1,3,0,1,1,0,-10,-55,-3,8,5,3,0,0,1,-1,0,1,2,1
KR_6753086209,420,6,108,16,11,2,3,1,3,4,1,1,1,0,3,5,2,2,2,0,1,9,7,6,2,8,-1,0,0,-1,1,1,1,1,1
KR_6685492972,420,5,93,32,8,4,6,2,-3,3,6,-2,1,3,6,9,3,3,3,0,0,5,-3,0,4,4,5,0,2,1,1,1,1,5,1
KR_6694885353,420,3,45,-22,10,2,3,1,5,9,4,2,2,0,0,4,4,1,2,1,0,10,7,1,4,5,-3,0,1,-1,-1,1,1,1,1
KR_6754752319,420,3,25,12,6,0,0,0,6,6,0,-2,0,2,1,2,1,1,1,0,0,2,20,5,3,8,-8,0,0,1,1,1,1,1,1
KR_6736071778,420,1,-43,1,0,-2,2,4,3,5,2,2,3,1,-3,1,4,0,1,1,0,-4,5,-2,7,5,-3,0,0,-1,1,1,-1,3,1
KR_6754065030,420,3,106,53,3,3,3,0,4,6,2,-2,3,5,-2,1,3,0,0,0,0,-3,10,1,3,4,-3,0,1,0,1,1,-1,0,1
KR_6750703646,420,4,-5,21,7,2,3,1,1,3,2,4,5,1,0,1,1,0,3,3,0,4,-4,2,4,6,2,0,0,1,1,1,1,1,1
KR_6723582560,420,0,-2,8,1,-3,0,3,-2,2,4,-1,1,2,6,6,0,1,1,0,0,-3,-3,5,2,7,7,0,1,1,1,1,-1,2,1
KR_6691231352,420,-4,-76,-39,-1,-3,0,3,1,5,4,2,3,1,-1,0,1,0,0,0,0,0,-119,0,2,2,-2,0,0,-1,1,-1,1,1,1
KR_6680375539,420,1,28,8,2,-1,2,3,3,6,3,-1,1,2,3,6,3,-2,0,2,0,-1,-44,-1,7,6,15,0,-1,1,-1,-1,-1,3,1
KR_6724381647,420,0,28,2,4,1,3,2,0,4,4,-2,1,3,3,4,1,2,2,0,0,4,-9,1,5,6,-2,0,-1,0,-1,-1,1,0,1
KR_6707560760,420,0,-34,1,-4,3,4,1,0,1,1,0,3,3,-4,2,6,-3,0,3,1,-8,-53,-3,6,3,17,0,0,-1,1,-1,1,3,1
KR_6754298852,420,-2,-13,0,-1,1,4,3,-1,4,5,-1,4,5,-1,2,3,1,1,0,1,4,1,5,6,11,-6,0,0,0,-1,0,1,0,1
KR_6690821863,420,1,40,4,5,1,2,1,-4,2,6,1,3,2,6,6,0,1,3,2,0,10,2,8,3,11,-4,0,-1,-1,0,1,1,4,1
KR_6733236376,420,0,-35,0,-1,-1,2,3,1,1,0,-1,1,2,3,3,0,-3,1,4,0,3,-1,-3,9,6,5,0,0,1,-1,-1,-1,6,1
KR_6760673004,440,-3,-55,-7,-7,-5,1,6,1,4,3,-1,0,1,-3,2,5,1,1,0,0,3,-7,-2,5,3,-2,0,0,-1,1,0,-1,2,1
KR_6758318856,420,1,-7,27,-3,2,4,2,-1,3,4,-5,1,6,0,1,1,1,1,0,0,-3,-1,-3,7,4,-2,0,1,-1,1,1,-1,5,1
KR_6680136662,420,1,14,-4,6,-1,2,3,2,3,1,2,2,0,4,5,1,-1,0,1,0,8,-207,-1,7,6,-2,0,0,1,-1,-1,1,2,1
KR_6754373785,420,4,49,8,9,6,6,0,-2,1,3,2,3,1,3,8,5,0,2,2,2,14,-15,-1,4,3,1,0,1,-1,-1,1,1,1,1
KR_6595312680,440,7,50,36,17,12,13,1,-1,1,2,6,8,2,1,3,2,-1,0,1,0,11,17,3,3,6,-1,0,2,1,1,1,1,4,1
KR_6695894301,420,3,-22,25,1,-1,1,2,1,6,5,1,2,1,0,2,2,0,2,2,0,-7,-33,0,9,9,0,0,-1,1,1,-1,1,2,1
KR_6429540163,420,5,36,24,8,2,3,1,7,7,0,3,4,1,-2,1,3,-2,0,2,0,4,8,5,5,10,1,0,1,-1,1,1,1,1,1
KR_6737615587,420,4,108,7,9,5,5,0,5,7,2,4,6,2,0,4,4,-5,0,5,1,9,7,-3,8,5,6,0,2,1,1,1,1,2,1
KR_6756595169,420,-4,-19,-24,-6,-2,2,4,0,2,2,-1,0,1,-4,0,4,1,1,0,0,-7,3,0,7,7,-5,0,0,-1,1,0,-1,6,1
KR_6764747124,440,-2,-25,-16,-5,-8,0,8,4,5,1,3,5,2,-3,2,5,-1,0,1,0,-2,0,0,4,4,0,0,-1,0,-1,-1,-1,0,1
KR_6756233466,420,1,28,26,7,-2,1,3,4,5,1,-1,2,3,3,3,0,3,4,1,0,11,20,2,4,6,7,0,0,1,1,1,-1,2,1
KR_6699596794,420,0,-8,-15,-2,-5,1,6,3,4,1,0,1,1,-2,3,5,2,2,0,-1,-3,-5,-2,7,5,-3,0,0,1,1,0,-1,3,1
KR_6735768434,420,-1,-63,12,-2,-1,2,3,1,2,1,2,5,3,-2,7,9,-2,0,2,-1,-5,-9,-4,9,5,2,0,0,1,-1,0,-1,2,1
KR_6732432328,420,2,23,8,2,0,0,0,0,1,1,1,1,0,1,3,2,0,1,1,1,2,19,0,7,7,1,0,0,1,1,0,1,3,1
KR_6762778273,420,1,-19,6,3,0,1,1,-1,2,3,1,3,2,2,4,2,1,1,0,1,0,6,1,5,6,-4,0,0,1,1,0,1,4,1
KR_6751627378,420,2,25,-28,2,1,4,3,-1,2,3,2,2,0,0,1,1,0,1,1,0,-3,-6,1,3,4,3,0,0,-1,1,0,1,3,1
KR_6656839587,420,1,55,17,3,0,3,3,3,4,1,-1,0,1,0,1,1,1,2,1,1,7,-2,3,1,4,7,0,0,1,1,1,1,3,1
KR_6753636211,420,2,38,14,2,-4,2,6,4,5,1,-1,4,5,1,4,3,2,2,0,1,8,5,4,5,9,4,0,0,1,-1,-1,1,6,1
KR_6709105598,440,5,91,4,12,3,3,0,4,6,2,9,9,0,-1,1,2,-3,0,3,0,15,4,3,5,8,3,0,0,1,-1,1,1,2,1
KR_6703873511,420,1,61,42,8,11,11,0,0,5,5,2,3,1,-4,2,6,-1,1,2,0,-4,-2,-2,6,4,3,0,3,1,1,1,1,3,1
KR_6704272337,420,5,77,15,8,0,2,2,2,3,1,0,3,3,4,5,1,2,2,0,0,9,6,-1,5,4,0,0,2,1,1,1,1,3,1
KR_6736390556,440,5,44,3,16,7,8,1,3,5,2,-1,3,4,2,5,3,5,6,1,0,14,-80,2,4,6,3,0,2,-1,-1,1,-1,6,1
KR_6753394069,420,2,38,-3,5,7,7,0,3,4,1,1,4,3,-3,4,7,-3,1,4,1,-4,5,6,1,7,-3,0,1,-1,1,1,1,1,1
KR_6749525823,420,0,-48,-22,5,-3,2,5,0,2,2,4,4,0,4,4,0,0,2,2,0,5,-38,-3,4,1,27,0,-2,1,-1,-1,1,6,1
KR_6707078649,420,7,60,32,16,-1,0,1,3,6,3,9,9,0,7,8,1,-2,0,2,0,12,6,6,2,8,4,0,2,1,1,1,1,4,1
KR_6750211287,420,3,60,19,8,1,1,0,-3,1,4,9,9,0,2,4,2,-1,1,2,0,5,15,5,2,7,-3,0,0,1,1,1,-1,1,1
KR_6756247139,420,2,77,10,-1,3,4,1,1,4,3,3,5,2,-4,3,7,-4,0,4,0,-4,9,5,3,8,5,0,-1,-1,-1,-1,-1,5,1
KR_6669967370,420,-2,0,8,-2,-3,1,4,3,6,3,1,2,1,3,5,2,-6,0,6,0,3,15,11,4,15,0,0,-1,-1,1,-1,1,1,1
KR_6677501067,440,2,-15,20,7,2,2,0,3,3,0,4,6,2,-2,2,4,0,0,0,0,3,69,-1,3,2,0,0,-1,1,1,-1,1,2,1
KR_6748889168,420,4,18,-4,1,0,0,0,-2,2,4,1,4,3,2,5,3,0,0,0,1,2,2,-2,9,7,-2,0,0,-1,0,0,-1,6,1
KR_6757260385,420,6,110,18,7,-1,1,2,4,8,4,3,4,1,1,3,2,0,2,2,0,13,-18,1,1,2,2,0,4,1,1,1,1,2,1
KR_6758746092,420,4,34,39,6,0,1,1,1,2,1,2,6,4,-2,2,4,5,5,0,0,6,-12,-3,8,5,4,0,2,1,1,1,-1,4,1
KR_6753359520,420,3,80,-9,0,5,8,3,0,1,1,-2,2,4,-3,2,5,0,1,1,-1,-6,-1,1,5,6,0,0,0,0,-1,1,-1,0,1
KR_6745481389,420,3,46,40,3,0,2,2,0,2,2,4,6,2,1,3,2,-2,2,4,0,0,10,4,5,9,2,0,0,-1,-1,-1,1,6,1
KR_6765640875,420,4,67,5,3,-2,4,6,2,2,0,-3,5,8,5,5,0,1,4,3,-1,0,5,5,2,7,0,0,2,0,1,1,-1,0,1
KR_6764862887,420,-1,-64,12,0,-2,1,3,2,5,3,0,3,3,0,1,1,0,0,0,1,6,11,0,5,5,-1,0,-1,1,-1,-1,1,6,1
KR_6682029043,420,2,20,10,9,-1,1,2,3,3,0,2,2,0,-2,2,4,7,7,0,0,9,4,-1,4,3,-5,0,0,-1,-1,1,1,2,1
KR_6761381989,420,2,54,-40,8,2,2,0,5,6,1,1,4,3,3,3,0,-3,0,3,2,19,-160,-4,5,1,0,0,0,1,-1,0,1,3,1
KR_6647688145,440,3,-43,14,4,-3,0,3,7,8,1,-1,1,2,2,3,1,-1,0,1,0,10,-3,-2,7,5,5,0,1,-1,1,1,-1,3,1
KR_6759908304,420,3,58,-3,8,1,2,1,-1,3,4,8,9,1,1,1,0,-1,0,1,0,8,9,5,3,8,-2,0,1,-1,1,1,1,4,1
KR_6762006146,420,4,42,5,5,0,1,1,1,2,1,4,4,0,2,5,3,-2,2,4,0,5,-11,-5,13,8,9,0,1,-1,-1,1,-1,2,1
KR_6741153460,420,-3,-15,-11,-5,-5,1,6,0,2,2,3,4,1,-1,0,1,-2,0,2,0,-1,9,2,4,6,-3,0,0,1,1,1,1,4,1
KR_6758605477,420,1,34,-4,15,5,5,0,0,2,2,0,3,3,8,8,0,2,4,2,0,6,14,4,4,8,-9,0,3,-1,1,1,1,5,1
KR_6751684552,420,2,25,4,1,2,3,1,-2,3,5,-2,0,2,2,5,3,1,2,1,0,-4,-1,-2,5,3,2,0,1,-1,1,1,-1,5,1
KR_6648167752,420,-3,-23,8,1,-2,1,3,2,4,2,1,4,3,-1,1,2,1,1,0,0,5,-10,-3,7,4,0,0,-1,-1,-1,-1,-1,1,1
KR_6766181378,420,1,53,-11,5,5,5,0,2,4,2,1,4,3,-2,0,2,-1,0,1,0,6,-46,-10,13,3,12,0,3,1,1,1,1,3,1
KR_6751246323,440,1,26,8,0,1,4,3,-2,1,3,2,2,0,0,3,3,-1,2,3,0,-3,-44,1,8,9,28,0,0,1,-1,-1,1,6,1
KR_6617128355,420,1,45,16,9,5,5,0,5,5,0,-2,2,4,-1,1,2,2,2,0,0,2,12,2,3,5,-3,0,1,1,1,1,1,5,1
KR_6713797600,420,-1,-20,-16,-2,-1,1,2,-1,3,4,1,3,2,-1,3,4,0,0,0,0,0,9,1,6,7,0,0,0,-1,-1,1,1,2,1
KR_6733000917,440,2,77,-15,-1,-2,1,3,1,5,4,-2,0,2,3,3,0,-1,0,1,0,-6,3,-4,7,3,3,0,0,-1,1,1,-1,3,1
KR_6702694548,420,3,79,36,4,-1,2,3,3,4,1,4,5,1,-2,2,4,0,1,1,0,-4,-22,-1,8,7,6,0,0,1,1,1,-1,4,1
KR_6745801309,420,-1,-33,-3,-2,-2,2,4,2,5,3,-1,2,3,0,1,1,-1,0,1,0,1,-261,-5,10,5,4,0,2,-1,1,1,-1,1,1
KR_6674687761,440,0,25,15,-6,0,0,0,0,2,2,-3,0,3,0,2,2,-3,2,5,0,-13,-11,-1,3,2,-1,0,0,-1,-1,0,1,2,1
KR_6531578615,440,4,118,42,6,0,2,2,6,7,1,0,4,4,2,3,1,-2,0,2,1,0,-3,-1,6,5,2,0,1,1,1,1,1,1,1
KR_6523553809,420,0,-69,24,-5,-1,1,2,1,1,0,-1,1,2,-3,1,4,-1,0,1,0,-9,-19,0,6,6,-4,0,-2,-1,1,-1,-1,1,1
KR_6700498859,420,4,-56,21,4,2,2,0,0,7,7,0,3,3,0,1,1,2,2,0,0,10,-4,-2,5,3,4,0,-1,1,0,-1,1,5,1
KR_6717540557,420,2,29,-11,1,1,2,1,-1,1,2,-1,1,2,3,3,0,-1,0,1,0,0,0,2,6,8,2,0,0,-1,1,0,1,6,1
KR_6692544052,420,-2,-17,12,-8,-4,1,5,-3,0,3,2,2,0,-3,2,5,0,1,1,0,-9,-12,-3,7,4,3,0,-1,-1,-1,-1,-1,1,1
KR_6740060592,420,3,52,18,6,1,2,1,3,4,1,2,4,2,-1,1,2,1,2,1,0,6,-4,1,4,5,1,0,0,1,1,1,1,6,1
KR_6609009400,420,3,-11,21,9,-1,2,3,5,7,2,1,3,2,4,8,4,0,0,0,0,6,9,2,4,6,-2,0,1,1,1,1,-1,1,1
KR_6690423082,420,1,82,0,-7,0,0,0,-4,2,6,-4,1,5,0,3,3,1,2,1,0,-10,-51,-3,10,7,1,0,1,-1,1,1,-1,3,1
KR_6748458243,420,2,-1,-18,4,0,4,4,-2,2,4,-1,0,1,5,7,2,2,2,0,-1,6,4,6,2,8,-2,0,0,1,-1,0,-1,5,1
KR_6688554976,440,1,-27,23,1,-2,2,4,0,2,2,0,1,1,-2,2,4,5,5,0,-2,0,-10,-8,11,3,5,0,0,1,-1,1,-1,1,1
KR_6391678940,420,2,23,7,4,1,4,3,-2,2,4,4,5,1,-2,2,4,3,3,0,0,-6,-19,2,4,6,4,0,2,1,1,1,1,2,1
KR_6613151578,420,2,10,40,5,2,3,1,3,4,1,3,4,1,-1,3,4,-2,0,2,-1,-5,-5,3,7,10,-4,0,1,-1,1,1,-1,3,1
KR_6763991515,420,0,61,36,1,-5,0,5,-2,3,5,3,5,2,2,4,2,3,3,0,0,-1,-234,1,4,5,-1,0,1,0,-1,1,1,0,1
KR_6764182326,420,0,-61,17,2,2,3,1,-6,5,11,4,5,1,1,3,2,1,1,0,0,9,-49,0,9,9,2,0,0,-1,1,0,-1,2,1
KR_6720787499,440,4,121,21,10,-2,2,4,5,7,2,-4,0,4,5,5,0,6,8,2,2,11,-108,2,3,5,2,0,2,1,1,1,1,4,1
KR_6763193991,420,4,51,12,14,1,3,2,9,10,1,0,3,3,2,6,4,2,5,3,2,23,5,-3,5,2,7,0,1,-1,1,1,1,4,1
KR_6747236168,420,0,32,17,0,1,3,2,-2,0,2,7,7,0,-8,1,9,2,4,2,-1,-6,6,-2,6,4,0,0,2,1,-1,1,-1,4,1
KR_6749290229,420,0,7,-36,-1,-4,0,4,-3,1,4,0,0,0,4,4,0,2,2,0,0,-1,-38,7,4,11,-2,0,0,-1,-1,1,-1,2,1
KR_6764517931,420,4,-55,39,11,1,2,1,3,5,2,1,1,0,3,5,2,3,3,0,0,13,29,2,6,8,0,0,0,1,1,1,1,6,1
KR_6764471394,420,0,-35,-14,-3,0,1,1,0,4,4,-2,3,5,-1,1,2,0,0,0,0,-4,6,3,3,6,-7,0,0,1,-1,0,1,2,1
KR_6609090897,420,1,46,-7,4,3,4,1,0,3,3,-1,3,4,1,5,4,1,1,0,0,4,-15,5,7,12,2,0,0,-1,-1,0,1,2,1
KR_6741593902,420,-2,-29,27,-4,3,3,0,-2,3,5,-4,2,6,-1,5,6,0,1,1,0,-8,1,3,2,5,-5,0,0,1,1,0,1,3,1
KR_6740500434,440,2,-22,-8,9,2,2,0,-1,1,2,1,3,2,0,0,0,7,8,1,0,10,6,1,1,2,-2,0,1,-1,-1,1,1,2,1
KR_6345625733,420,-2,71,-15,-4,0,1,1,-1,1,2,-2,2,4,0,2,2,-1,0,1,0,-5,127,0,4,4,-1,0,0,1,-1,1,-1,2,1
KR_6755185924,420,1,7,9,3,0,3,3,2,5,3,-2,3,5,2,3,1,1,1,0,-1,8,-1,1,3,4,2,0,-1,0,1,-1,-1,0,1
KR_6743183161,420,3,-13,-9,5,-2,0,2,3,4,1,1,3,2,3,4,1,0,1,1,0,7,18,1,5,6,-5,0,0,-1,-1,0,1,3,1
KR_6591703677,420,-2,2,-12,1,0,2,2,-3,2,5,5,7,2,-2,1,3,1,1,0,0,4,-8,-2,12,10,-2,0,-1,1,-1,-1,1,4,1
KR_6640193983,420,2,54,32,9,-1,3,4,1,4,3,2,4,2,6,7,1,1,1,0,0,5,-21,-2,7,5,3,0,0,1,-1,0,1,3,1
KR_6753536991,420,7,87,32,16,2,2,0,2,3,1,13,14,1,3,5,2,-4,0,4,1,9,-21,-1,6,5,4,0,0,1,1,1,1,5,1
KR_6717876439,420,-1,-9,-45,-8,-2,4,6,-10,1,11,0,0,0,5,5,0,-1,4,5,-1,-2,0,1,4,5,1,0,-1,-1,1,-1,-1,5,1
KR_6766152793,420,5,55,-20,16,6,7,1,2,6,4,3,3,0,4,4,0,1,3,2,0,9,-4,3,1,4,3,0,1,1,-1,1,1,2,1
KR_6635045520,440,1,39,17,0,5,5,0,-7,0,7,2,3,1,-5,0,5,5,6,1,0,-2,107,0,5,5,-2,0,0,1,1,1,1,2,1
KR_6715353515,440,-1,-38,23,-1,-1,0,1,3,7,4,-2,0,2,-2,5,7,1,1,0,0,-1,5,-2,4,2,0,0,0,1,1,0,-1,2,1
KR_6669049068,420,4,46,3,8,-1,2,3,6,7,1,-4,2,6,6,8,2,1,3,2,1,20,-6,-4,9,5,-1,0,0,1,1,1,1,4,1
KR_6602911204,420,0,18,4,6,0,2,2,1,2,1,-2,3,5,5,6,1,2,2,0,0,2,1,-4,9,5,2,0,2,1,1,1,-1,5,1
KR_6744686689,420,1,-56,2,8,3,4,1,2,5,3,1,2,1,4,5,1,-2,0,2,0,11,15,2,7,9,-7,0,1,1,1,1,-1,6,1
KR_6759598514,420,0,-17,-10,1,-1,1,2,-3,2,5,0,2,2,4,5,1,1,2,1,-1,1,-2,-1,4,3,2,0,-1,1,-1,1,-1,6,1
KR_6753623057,420,-4,-47,1,-5,-2,1,3,-1,2,3,0,1,1,-2,2,4,0,1,1,0,-2,-29,-2,6,4,5,0,0,1,0,0,-1,6,1
KR_6716110677,420,-1,-22,-8,5,-2,0,2,0,2,2,6,6,0,0,3,3,1,1,0,0,9,4,2,3,5,-6,0,1,1,1,1,1,2,1
KR_6751723609,420,4,48,21,5,0,2,2,4,6,2,0,3,3,2,2,0,-1,1,2,0,10,-121,-2,7,5,1,0,-1,1,-1,-1,1,5,1
KR_6509515658,420,2,69,-11,4,-2,1,3,3,4,1,2,4,2,2,2,0,-1,1,2,0,9,-21,1,6,7,6,0,1,1,-1,1,1,6,1
KR_6668439526,420,3,50,38,7,0,0,0,0,1,1,2,2,0,2,5,3,3,3,0,0,7,6,4,3,7,0,0,0,1,1,0,1,5,1
KR_6730948295,420,2,-12,48,4,3,4,1,0,0,0,2,4,2,3,6,3,-4,0,4,0,1,2,-4,6,2,-2,0,1,-1,1,1,1,1,1
KR_6667306329,440,3,88,-1,6,1,1,0,0,1,1,1,1,0,2,5,3,2,2,0,0,9,7,-1,5,4,4,0,3,1,1,1,1,3,1
KR_6699149007,420,7,160,14,19,5,7,2,2,3,1,3,3,0,9,9,0,0,1,1,1,18,-2,2,2,4,2,0,2,1,-1,1,1,2,1
KR_6752192013,420,4,-29,37,8,5,7,2,-5,0,5,4,4,0,3,3,0,1,1,0,-1,9,37,1,5,6,1,0,1,1,1,1,-1,3,1
KR_6762391961,420,1,58,-7,-3,2,2,0,1,3,2,-3,1,4,-1,2,3,-2,1,3,0,-10,4,4,3,7,-4,0,0,-1,1,0,1,3,1
KR_6738334185,420,3,10,-20,10,2,3,1,4,5,1,5,5,0,-1,1,2,0,0,0,0,10,15,1,5,6,-3,0,0,1,1,1,1,3,1
KR_6741187964,420,1,10,4,-2,-1,0,1,-1,3,4,-1,2,3,3,6,3,-2,0,2,0,-4,7,2,5,7,0,0,0,1,1,1,-1,6,1
KR_6760334450,420,-1,17,-25,2,-4,0,4,-5,2,7,6,7,1,6,8,2,-1,1,2,-2,-1,1,-1,4,3,2,0,-1,1,-1,-1,-1,1,1
KR_6657848201,420,6,69,22,8,2,4,2,2,5,3,1,3,2,2,3,1,1,2,1,0,6,5,2,3,5,-5,0,2,1,1,1,1,4,1
KR_6610604688,420,5,60,-4,7,2,2,0,3,5,2,-2,1,3,3,4,1,1,1,0,0,6,7,4,3,7,-1,0,1,1,-1,1,1,1,1
KR_6757180037,420,-2,-17,8,-5,-1,0,1,1,2,1,-1,2,3,1,2,1,-5,0,5,0,-4,-5,-3,8,5,2,0,-1,0,-1,-1,-1,0,1
KR_6721189047,420,0,-51,-20,3,-2,2,4,3,6,3,0,4,4,2,3,1,0,2,2,-1,5,-18,-5,6,1,3,0,0,1,-1,0,-1,2,1
KR_6757839640,420,1,0,-11,5,1,2,1,6,6,0,-3,2,5,0,2,2,1,1,0,0,1,-3,-6,11,5,4,0,0,0,1,0,1,0,1
KR_6670561238,440,4,51,25,11,0,1,1,4,5,1,6,8,2,1,2,1,0,3,3,0,11,-40,2,1,3,20,0,2,1,1,1,1,5,1
KR_6766146447,420,2,11,30,-2,-2,0,2,2,5,3,0,2,2,0,4,4,-2,1,3,-1,3,83,-5,10,5,1,0,0,1,-1,-1,-1,5,1
KR_6762006008,420,0,-4,-7,7,-2,2,4,1,4,3,5,5,0,2,2,0,1,1,0,0,6,23,4,5,9,2,0,1,1,1,1,1,3,1
KR_6744606175,420,10,122,41,14,-1,2,3,1,4,3,9,11,2,2,2,0,3,3,0,1,5,34,0,4,4,1,0,4,1,1,1,1,6,1
KR_6762078339,420,1,-45,-24,7,1,2,1,3,6,3,-1,1,2,2,3,1,2,3,1,0,7,-3,-4,6,2,-2,0,1,1,1,1,-1,2,1
KR_6742775033,420,7,14,28,15,2,2,0,4,4,0,8,11,3,0,1,1,1,3,2,1,19,113,-1,5,4,2,0,2,1,1,1,1,1,1
KR_6742132267,420,2,25,8,6,2,5,3,3,3,0,2,3,1,1,3,2,-2,0,2,0,0,-1,-2,6,4,-2,0,1,-1,1,1,1,6,1
KR_6725755200,420,-1,1,-12,1,1,2,1,-3,1,4,-2,0,2,3,4,1,2,2,0,0,3,121,1,5,6,2,0,1,-1,1,1,1,4,1
KR_6737137971,420,5,45,-6,10,3,3,0,2,3,1,-4,0,4,7,9,2,2,2,0,0,14,108,6,5,11,4,0,2,1,-1,1,1,3,1
KR_6730792395,420,5,96,26,8,0,4,4,5,7,2,4,4,0,-1,3,4,0,0,0,0,15,6,2,4,6,1,0,2,-1,1,1,-1,3,1
KR_6759705390,440,1,-17,8,0,-6,0,6,1,4,3,5,7,2,1,4,3,-1,0,1,-1,-6,-100,5,2,7,3,0,1,-1,1,1,-1,3,1
KR_6743771646,420,-2,17,-24,1,3,4,1,-3,3,6,1,3,2,0,4,4,0,0,0,-1,-3,-2,3,2,5,-3,0,0,0,-1,-1,-1,0,1
KR_6760399160,420,1,17,-8,-3,-2,1,3,-3,1,4,2,3,1,-1,3,4,1,3,2,0,1,-3,-4,8,4,3,0,0,1,1,0,-1,3,1
KR_6761822230,420,-1,-78,15,-1,1,2,1,2,3,1,-4,0,4,1,2,1,-1,1,2,0,2,7,0,9,9,-6,0,0,-1,-1,0,-1,2,1
KR_6737092465,420,0,64,-8,-3,-1,1,2,0,1,1,-1,1,2,1,1,0,-2,0,2,0,-5,-192,-1,6,5,0,0,-1,1,-1,-1,1,5,1
KR_6700668333,420,0,-10,5,3,2,4,2,1,5,4,2,2,0,-4,1,5,2,3,1,0,-4,7,1,6,7,0,0,0,-1,1,-1,-1,2,1
KR_6631469693,420,1,-34,-11,2,2,2,0,9,11,2,-1,3,4,-5,1,6,-3,1,4,0,6,-217,1,6,7,-5,0,0,-1,1,-1,-1,1,1
KR_6744516359,420,-2,8,-9,-6,-1,2,3,-4,2,6,0,1,1,-1,0,1,0,0,0,-1,-1,-1,0,5,5,-3,0,-2,1,-1,-1,-1,2,1
KR_6739729378,420,3,55,-4,12,2,4,2,4,4,0,1,2,1,3,4,1,2,3,1,0,9,-38,1,4,5,-2,0,1,1,1,1,1,1,1
KR_6733648737,420,2,8,16,-3,1,2,1,-3,1,4,2,3,1,-1,5,6,-2,0,2,0,-5,-15,-5,8,3,1,0,1,1,1,1,1,5,1
KR_6675657584,420,2,12,12,2,0,0,0,-1,4,5,-1,4,5,7,7,0,-3,0,3,0,4,-8,2,5,7,4,0,1,-1,0,1,1,2,1
KR_6731321178,420,-1,4,-19,7,2,4,2,1,2,1,0,2,2,5,6,1,-1,0,1,1,10,-4,0,9,9,2,0,1,1,1,1,1,2,1
KR_6699660364,420,-2,-38,-26,-4,0,2,2,-1,0,1,-2,0,2,0,1,1,-1,0,1,0,-4,3,0,3,3,0,0,0,1,-1,0,-1,3,1
KR_6530392876,420,4,23,39,20,4,4,0,0,4,4,10,10,0,3,5,2,3,4,1,1,24,28,-3,9,6,3,0,0,1,0,1,1,5,1
KR_6753024377,420,0,-28,3,2,-1,2,3,1,2,1,1,4,3,1,3,2,0,0,0,0,-2,121,2,6,8,4,0,1,-1,1,1,-1,2,1
KR_6739024309,420,0,58,13,2,2,2,0,4,7,3,-4,1,5,-2,0,2,2,2,0,0,2,3,0,2,2,1,0,1,-1,1,1,1,2,1
KR_6708234868,420,1,-28,7,2,-3,0,3,5,6,1,0,3,3,-3,1,4,3,3,0,0,7,6,7,2,9,-1,0,0,-1,-1,0,1,4,1
KR_6754555325,420,1,32,8,2,1,1,0,0,1,1,0,0,0,-1,1,2,2,2,0,0,-1,4,1,7,8,0,0,0,1,0,0,1,3,1
KR_6681942235,420,-1,12,8,1,-2,1,3,1,3,2,0,5,5,2,4,2,0,1,1,0,3,-3,1,5,6,5,0,1,1,-1,1,1,5,1
KR_6543184860,420,1,34,-12,13,5,6,1,0,2,2,-1,3,4,8,8,0,1,1,0,2,27,-51,4,5,9,6,0,1,1,1,1,1,5,1
KR_6704736374,420,2,-23,12,9,3,3,0,3,4,1,3,4,1,-1,4,5,1,1,0,0,5,5,0,4,4,-2,0,1,1,1,1,1,6,1
KR_6609045207,420,4,42,40,11,2,3,1,3,4,1,6,6,0,-1,4,5,1,2,1,0,11,2,-5,8,3,-1,0,1,1,1,1,1,3,1
KR_6761691113,440,2,34,13,2,2,3,1,1,4,3,0,1,1,-1,4,5,0,0,0,0,-7,2,-5,7,2,1,0,2,-1,1,1,1,4,1
KR_6743403313,420,0,12,8,7,0,1,1,3,4,1,1,3,2,-1,3,4,4,4,0,1,8,122,4,2,6,-3,0,0,1,-1,0,1,2,1
KR_6654386509,420,2,19,-22,9,1,2,1,-1,2,3,3,3,0,5,5,0,1,1,0,0,12,4,-3,6,3,-1,0,1,1,-1,1,1,3,1
KR_6687850447,420,6,128,49,10,1,3,2,8,8,0,-2,3,5,4,5,1,-1,1,2,0,9,7,3,3,6,2,0,4,1,1,1,-1,1,1
KR_6640057438,420,1,-42,22,2,-1,1,2,1,6,5,1,5,4,-3,0,3,4,4,0,0,6,-2,0,5,5,1,0,0,1,1,0,-1,4,1
KR_6762657632,420,-2,-85,-7,-6,-1,1,2,-5,0,5,4,5,1,-5,2,7,1,1,0,-1,-10,-10,-3,8,5,-1,0,-1,0,1,-1,-1,0,1
KR_6704875534,420,4,23,15,17,1,3,2,6,6,0,4,5,1,7,9,2,-1,0,1,0,24,-8,-2,7,5,6,0,1,0,1,1,1,0,1
KR_6759746724,420,3,91,-5,4,1,1,0,-3,1,4,0,5,5,6,6,0,0,0,0,0,10,-14,0,3,3,3,0,0,1,1,1,-1,1,1
KR_6731825351,440,-2,-46,-12,1,-1,1,2,-3,0,3,2,2,0,2,6,4,1,2,1,0,6,1,-8,12,4,-5,0,-1,1,-1,-1,1,5,1
KR_6750788009,420,5,37,53,16,0,2,2,1,2,1,3,5,2,11,12,1,1,1,0,0,23,-17,-1,4,3,5,0,0,1,1,1,1,5,1
KR_6704660465,420,-3,-46,-20,2,2,2,0,2,3,1,-1,1,2,1,2,1,-2,0,2,0,3,6,-2,7,5,-3,0,1,-1,1,1,1,1,1
KR_6735299195,420,4,68,22,5,0,0,0,4,6,2,-1,1,2,-1,0,1,3,3,0,0,4,2,3,3,6,-1,0,0,1,-1,1,-1,5,1
KR_6746733122,420,0,-19,3,2,-1,1,2,-1,1,2,3,3,0,1,5,4,0,0,0,-1,2,1,1,6,7,-3,0,0,-1,-1,0,-1,4,1
KR_6505290968,420,0,56,-2,2,3,4,1,2,3,1,-1,3,4,-2,2,4,0,0,0,0,-2,-5,-2,6,4,-1,0,0,1,-1,-1,1,4,1
KR_6739116882,420,3,96,27,7,0,2,2,3,3,0,4,4,0,-1,0,1,1,1,0,0,9,-98,-3,4,1,5,0,1,1,1,1,1,3,1
KR_6756249276,420,2,16,-13,-1,2,2,0,-4,2,6,-2,2,4,1,3,2,2,2,0,0,-6,-22,-1,6,5,-1,0,-1,0,-1,-1,1,0,1
KR_6763537243,420,0,-31,3,1,3,3,0,-3,1,4,1,3,2,0,3,3,0,0,0,-1,-1,-1,-3,8,5,2,0,0,-1,1,0,-1,1,1
KR_6738132980,420,1,69,12,1,3,4,1,1,4,3,0,0,0,-3,4,7,0,2,2,0,-10,3,2,5,7,-1,0,1,-1,1,1,-1,4,1
KR_6637642688,420,2,-5,16,5,-3,1,4,1,2,1,1,1,0,5,6,1,1,1,0,1,11,-1,-3,7,4,-1,0,1,1,-1,1,1,5,1
KR_6760015174,420,1,0,-6,5,-1,3,4,-2,1,3,4,4,0,4,4,0,0,1,1,-1,15,-28,-2,8,6,-1,0,0,-1,1,1,-1,2,1
KR_6391203254,420,-1,53,-8,-2,-1,0,1,2,6,4,-2,1,3,-2,3,5,1,2,1,0,1,-2,-2,6,4,2,0,0,1,-1,0,1,3,1
KR_6755033918,420,-4,14,4,-14,-4,2,6,-4,6,10,-3,1,4,0,3,3,-3,0,3,1,-13,-8,-2,8,6,5,0,-1,-1,1,-1,1,1,1
KR_6759192731,420,2,13,43,8,1,1,0,9,10,1,-2,2,4,0,2,2,0,1,1,2,14,-4,1,7,8,0,0,0,1,-1,-1,1,2,1
KR_6654306659,420,3,15,20,4,1,3,2,3,7,4,3,3,0,-3,0,3,0,0,0,1,3,64,3,4,7,2,0,0,1,1,1,1,4,1
KR_6718097097,420,-4,-11,-20,-6,0,1,1,0,4,4,2,2,0,-6,1,7,-2,0,2,0,-4,13,2,5,7,-5,0,-2,-1,-1,-1,1,2,1
KR_6666693342,420,0,58,8,5,-3,1,4,1,2,1,2,4,2,4,8,4,1,3,2,1,12,-8,0,3,3,1,0,1,1,-1,1,1,2,1
KR_6721529175,420,1,43,-16,1,1,2,1,1,4,3,-1,3,4,-1,1,2,1,3,2,0,2,7,3,5,8,-3,0,0,1,1,0,1,1,1
KR_6761958362,420,1,-22,-1,0,2,2,0,3,3,0,-1,2,3,-2,0,2,-2,2,4,0,1,0,-1,5,4,4,0,-1,1,-1,-1,-1,3,1
KR_6764015790,420,-1,-6,7,-1,0,1,1,1,1,0,2,2,0,-3,0,3,-1,0,1,0,-6,-23,-2,5,3,3,0,-1,-1,-1,-1,-1,5,1
KR_6646220186,420,5,60,31,18,6,6,0,2,2,0,4,5,1,5,5,0,1,2,1,1,31,4,-1,5,4,1,0,0,1,1,1,1,2,1
KR_6746645325,420,1,48,-10,-1,-2,2,4,1,5,4,-1,5,6,-1,2,3,2,2,0,-1,-2,5,1,6,7,-3,0,0,-1,1,0,-1,2,1
KR_6736927483,440,-2,-47,-9,-7,-3,4,7,0,1,1,0,2,2,-1,1,2,-3,0,3,0,-7,-14,3,4,7,-1,0,-1,0,-1,-1,-1,0,1
KR_6743641084,420,1,15,13,3,2,3,1,1,5,4,1,2,1,0,4,4,-1,1,2,0,1,0,0,6,6,2,0,1,-1,1,1,1,6,1
KR_6757763008,420,0,-9,-10,2,1,1,0,0,1,1,-1,2,3,0,2,2,2,2,0,0,-4,1,-4,6,2,1,0,0,1,1,0,1,4,1
KR_6762437819,420,3,12,6,10,1,3,2,6,8,2,0,4,4,1,4,3,2,4,2,0,10,24,4,1,5,3,0,1,1,1,1,1,2,1
KR_6735070745,440,1,-2,-16,4,2,2,0,-1,0,1,1,2,1,0,0,0,2,2,0,0,1,-37,-6,8,2,34,0,1,-1,1,1,1,6,1
KR_6723215162,420,-1,-58,22,-5,-2,1,3,-1,7,8,-1,0,1,0,4,4,-1,0,1,0,0,25,0,3,3,-5,0,-1,1,-1,-1,-1,3,1
KR_6738008581,420,-2,-135,-34,7,-4,0,4,2,4,2,1,2,1,1,1,0,7,7,0,0,22,58,1,6,7,-1,0,-1,1,-1,-1,1,6,1
KR_6741293156,420,0,3,0,-3,-4,0,4,-1,4,5,2,4,2,2,3,1,-2,0,2,0,6,-6,-4,9,5,-2,0,0,1,-1,0,1,3,1
KR_6760954827,420,-2,20,-14,-2,0,2,2,-2,1,3,-3,0,3,3,6,3,0,2,2,0,2,0,2,3,5,2,0,1,-1,-1,1,-1,4,1
KR_6730926779,420,-1,10,9,-4,1,2,1,1,3,2,-2,5,7,-4,3,7,0,0,0,0,-10,2,5,5,10,-2,0,0,1,1,1,-1,5,1
KR_6694814478,420,4,66,25,13,-1,3,4,6,7,1,3,5,2,3,7,4,2,2,0,1,21,24,6,3,9,-25,0,3,-1,1,1,-1,3,1
KR_6750996413,420,1,-20,-16,2,-3,0,3,-2,0,2,3,5,2,3,7,4,1,1,0,1,-2,-35,3,6,9,23,0,-1,1,-1,-1,1,4,1
KR_6596515703,420,6,58,-20,6,3,3,0,-2,0,2,2,2,0,1,3,2,2,2,0,0,5,-134,1,5,6,3,0,1,1,-1,1,-1,1,1
KR_6730675643,420,1,-5,-2,2,-2,2,4,-1,0,1,-1,3,4,6,6,0,0,0,0,-1,0,12,0,4,4,2,0,0,-1,-1,0,-1,4,1
KR_6761400926,420,-2,14,-3,-4,0,0,0,-4,1,5,-3,0,3,1,4,3,2,2,0,-1,-2,-117,-1,9,8,-3,0,-1,0,-1,-1,-1,0,1
KR_6760601906,420,0,3,16,4,3,4,1,-2,2,4,4,4,0,1,2,1,-2,0,2,0,4,-5,6,4,10,4,0,1,-1,1,1,-1,6,1
KR_6728121948,420,3,73,-17,6,3,3,0,1,4,3,0,2,2,2,2,0,0,1,1,0,7,4,-5,9,4,6,0,0,-1,-1,1,-1,2,1
KR_6714163647,440,3,3,16,8,8,11,3,1,5,4,-1,2,3,0,2,2,0,2,2,0,1,7,-2,5,3,-1,0,1,1,1,1,1,5,1
KR_6634804993,420,0,-21,0,-3,-5,0,5,0,3,3,-1,2,3,2,5,3,1,1,0,-2,-8,-22,-5,9,4,-1,0,-2,1,-1,-1,-1,2,1
KR_6765047361,420,2,50,0,6,3,4,1,6,7,1,-5,0,5,1,3,2,1,3,2,0,11,9,2,1,3,-3,0,1,-1,1,1,1,2,1
KR_6731374665,420,0,-22,4,-3,-1,2,3,-4,2,6,1,3,2,0,4,4,1,2,1,1,-1,9,2,5,7,-6,0,-1,-1,1,1,1,6,1
KR_6709616755,420,-1,-2,-18,7,0,2,2,0,2,2,0,2,2,4,5,1,3,3,0,0,5,-25,-3,11,8,10,0,0,1,-1,1,1,4,1
KR_6746537469,440,2,2,27,-2,-3,0,3,6,7,1,3,3,0,-5,2,7,-3,1,4,0,-10,-3,-1,4,3,1,0,1,1,1,1,1,3,1
KR_6678700625,420,2,41,4,8,1,4,3,2,6,4,-1,1,2,7,8,1,-1,0,1,0,12,-3,1,3,4,2,0,2,-1,1,1,1,1,1
KR_6706275250,420,1,40,8,2,0,2,2,-1,4,5,1,3,2,1,5,4,1,1,0,0,3,6,-1,4,3,1,0,2,1,1,1,-1,1,1
KR_6757956703,420,1,44,11,1,0,3,3,-3,3,6,-1,4,5,2,3,1,3,4,1,1,2,-3,2,2,4,-2,0,2,1,0,1,1,2,1
KR_6691093422,420,-1,12,-8,-6,-1,0,1,-6,2,8,-2,1,3,2,4,2,1,1,0,0,0,6,-2,6,4,5,0,-1,-1,1,1,-1,3,1
KR_6713249598,420,4,11,12,1,1,3,2,0,2,2,3,3,0,-2,1,3,-1,0,1,-1,-7,-2,-1,3,2,3,0,0,-1,1,0,-1,3,1
KR_6728322704,420,1,15,-13,3,-3,1,4,4,4,0,-6,3,9,8,11,3,0,1,1,-2,9,-3,2,3,5,-1,0,0,0,1,1,1,0,1
KR_6704694783,420,5,41,21,7,3,4,1,-2,2,4,1,1,0,2,4,2,3,3,0,0,1,18,-1,4,3,-3,0,0,1,0,0,-1,1,1
KR_6596587218,420,4,53,15,9,7,8,1,1,2,1,0,4,4,1,3,2,0,0,0,0,15,-2,-2,6,4,-1,0,0,1,-1,-1,-1,4,1
KR_6761970702,420,5,18,18,7,-2,0,2,3,3,0,3,4,1,3,5,2,0,1,1,-2,14,-45,-1,3,2,23,0,0,1,-1,0,-1,5,1
KR_6725555813,420,5,103,-1,9,4,4,0,2,5,3,2,2,0,0,4,4,1,1,0,2,6,432,4,4,8,0,0,1,-1,1,1,1,4,1
KR_6668619574,420,-2,-54,9,-4,-3,0,3,-4,2,6,0,2,2,2,3,1,1,2,1,0,-6,-14,-1,6,5,8,0,-1,1,-1,1,1,6,1
KR_6704527183,420,5,90,41,11,7,7,0,-1,4,5,-2,4,6,8,8,0,-1,0,1,0,14,-258,2,4,6,-1,0,3,1,-1,1,1,5,1
KR_6361138190,420,2,17,-20,-1,0,2,2,-4,2,6,2,2,0,-2,0,2,3,3,0,0,-4,0,0,0,0,1,0,2,1,-1,1,1,2,1
KR_6695687191,420,4,69,27,9,7,7,0,0,3,3,-3,0,3,5,7,2,0,0,0,0,6,-5,-1,9,8,-3,0,2,1,1,1,1,4,1
KR_6736755262,420,3,-8,11,7,3,3,0,4,7,3,1,3,2,-1,2,3,0,0,0,0,10,24,2,3,5,0,0,1,-1,1,1,1,6,1
KR_6692959223,420,6,109,12,13,1,5,4,1,4,3,2,3,1,9,9,0,0,1,1,1,6,-12,-1,5,4,3,0,5,1,1,1,1,2,1
KR_6623333239,420,1,87,7,11,1,1,0,1,2,1,6,7,1,6,10,4,-3,0,3,2,10,11,4,4,8,2,0,0,1,1,1,1,5,1
KR_6746562342,420,2,63,1,-1,2,3,1,-1,5,6,4,6,2,-2,0,2,-4,2,6,0,-2,-56,-2,4,2,4,0,0,-1,1,-1,1,4,1
KR_6679438654,420,2,18,-5,14,-1,0,1,7,10,3,0,6,6,6,8,2,2,3,1,0,15,-300,5,5,10,2,0,0,1,-1,-1,1,2,1
KR_6766085042,420,1,-18,8,1,2,2,0,-1,2,3,-2,0,2,2,5,3,0,1,1,0,3,-11,-5,9,4,0,0,-1,-1,1,-1,1,2,1
KR_6269720385,420,-2,-43,40,-2,-3,0,3,-2,2,4,2,4,2,0,4,4,1,2,1,0,4,-125,-4,7,3,1,0,0,1,1,1,-1,3,1
KR_6763225318,420,3,14,44,3,-2,0,2,1,4,3,-3,4,7,2,3,1,5,7,2,0,-4,1,-3,9,6,4,0,2,1,1,1,1,2,1
KR_6740289281,420,-1,-81,-15,0,1,2,1,1,3,2,-3,0,3,-4,2,6,5,5,0,0,2,11,5,1,6,-4,0,-1,1,1,-1,-1,4,1
KR_6730588769,420,0,-51,-23,-1,1,1,0,0,3,3,3,5,2,-4,2,6,-1,0,1,0,-1,-10,-6,6,0,2,0,1,0,1,1,-1,0,1
KR_6692146013,420,1,-74,-5,9,3,3,0,5,6,1,0,3,3,1,3,2,0,2,2,0,12,129,0,6,6,1,0,1,-1,-1,1,-1,6,1
KR_6765205058,420,1,29,-2,0,0,1,1,2,2,0,-2,1,3,2,4,2,-2,0,2,-1,2,-36,-2,6,4,2,0,1,1,1,1,-1,3,1
KR_6728219856,440,8,102,12,12,5,5,0,4,5,1,6,6,0,-2,5,7,-1,1,2,0,9,21,1,2,3,3,0,3,1,1,1,-1,1,1
KR_6764725996,420,1,-15,-12,8,2,2,0,1,4,3,1,3,2,3,6,3,1,1,0,0,4,-15,0,4,4,-3,0,0,-1,1,1,1,5,1
KR_6690390773,420,2,32,-2,7,-3,4,7,-1,1,2,3,6,3,8,8,0,0,0,0,0,20,-5,0,5,5,1,0,0,1,-1,1,1,5,1
KR_6745910977,420,-5,-70,-8,-5,-3,0,3,3,5,2,0,1,1,0,4,4,-5,0,5,-1,3,2,5,3,8,0,0,-2,-1,-1,-1,-1,3,1
KR_6755467473,420,6,94,16,13,0,2,2,-5,1,6,1,2,1,8,9,1,9,10,1,1,21,13,-2,6,4,5,0,3,1,1,1,1,6,1
KR_6733899206,420,-2,34,-16,0,-2,2,4,3,4,1,2,5,3,0,2,2,-3,0,3,0,0,-38,2,7,9,16,0,0,-1,1,0,-1,6,1
KR_6747867200,420,-3,-28,-4,-4,-1,0,1,2,3,1,-3,3,6,-1,6,7,-1,1,2,1,-1,7,2,4,6,-4,0,0,0,-1,0,1,0,1
KR_6716030682,420,1,26,-20,4,2,3,1,-2,1,3,4,6,2,1,6,5,-1,0,1,0,4,14,5,6,11,-3,0,0,0,1,1,-1,0,1
KR_6757781039,420,4,8,36,6,1,2,1,5,8,3,0,3,3,2,3,1,-2,0,2,0,4,37,0,4,4,-3,0,0,1,1,1,-1,3,1
KR_6760698924,420,3,61,15,6,-1,1,2,-4,1,5,2,4,2,7,7,0,2,3,1,0,1,-2,-3,9,6,8,0,1,1,1,1,1,6,1
KR_6753081427,420,1,8,47,-3,3,5,2,-5,1,6,3,5,2,-3,0,3,-1,0,1,0,-10,-6,1,3,4,4,0,-1,-1,-1,-1,1,3,1
KR_6758389181,420,2,31,31,7,3,6,3,2,5,3,2,2,0,0,3,3,0,0,0,0,1,-2,3,1,4,2,0,0,-1,1,0,-1,1,1
KR_6744163583,420,8,57,33,18,2,3,1,4,4,0,8,9,1,1,7,6,3,4,1,1,14,9,3,3,6,-3,0,2,1,1,1,1,5,1
KR_6737862077,420,5,31,1,13,-2,2,4,6,6,0,1,4,3,4,6,2,4,4,0,2,17,7,1,3,4,4,0,5,1,1,1,1,5,1
KR_6766227070,420,-2,-26,-7,-2,-7,1,8,1,4,3,2,3,1,1,5,4,1,1,0,0,0,-27,0,6,6,-4,0,-2,1,-1,-1,1,6,1
KR_6685246327,420,-3,-26,-4,-4,-3,1,4,-1,3,4,4,9,5,-2,0,2,-2,2,4,0,-6,-8,-4,9,5,-3,0,-1,-1,1,-1,-1,2,1
KR_6681406870,420,0,29,-19,1,2,3,1,0,3,3,0,1,1,-1,3,4,0,0,0,0,-6,-4,2,6,8,2,0,1,-1,1,1,1,3,1
KR_6753767419,420,1,49,-4,-6,0,2,2,-4,3,7,0,2,2,2,4,2,-4,1,5,0,-9,-76,-2,7,5,1,0,0,1,-1,1,-1,3,1
KR_6640290620,420,-1,98,-28,2,1,5,4,0,2,2,-1,2,3,1,4,3,1,2,1,0,0,4,1,4,5,-1,0,2,-1,1,1,1,5,1
KR_6686490824,420,2,16,3,7,2,2,0,0,0,0,5,7,2,0,1,1,0,0,0,0,12,-21,1,6,7,-2,0,0,1,-1,0,1,3,1
KR_6756885860,420,3,74,-4,5,4,4,0,1,3,2,3,3,0,-5,1,6,2,2,0,0,3,3,-1,6,5,-2,0,-1,1,-1,-1,-1,2,1
KR_6745216423,440,4,5,25,9,5,6,1,-4,6,10,4,4,0,1,1,0,3,6,3,0,11,17,3,3,6,-2,0,1,1,1,1,-1,3,1
KR_6763135033,420,-1,7,-12,-8,-6,0,6,4,5,1,0,3,3,-5,3,8,-1,0,1,0,-4,8,4,1,5,-3,0,0,1,0,-1,-1,1,1
KR_6632857275,420,3,49,-24,5,0,0,0,-1,2,3,4,5,1,2,3,1,0,0,0,0,4,-10,-1,6,5,3,0,1,-1,-1,1,1,4,1
KR_6749139651,440,4,96,63,9,0,4,4,2,3,1,6,6,0,2,3,1,-1,1,2,0,6,-6,-4,8,4,-2,0,2,1,1,1,1,4,1
KR_6645693391,440,-2,-9,6,-3,-1,2,3,3,4,1,-1,0,1,-4,0,4,0,5,5,0,0,13,1,1,2,-2,0,0,1,1,0,-1,6,1
KR_6740368741,440,4,-2,-9,10,-1,0,1,2,4,2,1,4,3,0,0,0,8,9,1,0,12,0,0,5,5,2,0,0,1,1,1,1,2,1
KR_6758535633,420,2,105,14,1,0,3,3,2,3,1,0,2,2,0,2,2,-1,0,1,0,-2,7,5,2,7,4,0,3,1,1,1,1,5,1
KR_6506959079,420,-1,11,-7,0,3,4,1,-2,2,4,0,3,3,1,4,3,-2,2,4,0,1,-4,3,0,3,-3,0,0,-1,-1,-1,-1,4,1
KR_6526650150,420,-4,-81,-21,-4,1,3,2,2,2,0,0,1,1,-7,1,8,0,1,1,0,-7,-24,-4,8,4,0,0,-3,1,-1,-1,1,3,1
KR_6746414342,420,7,92,-5,14,4,4,0,3,3,0,1,5,4,5,6,1,1,1,0,0,13,-3,2,5,7,7,0,2,1,-1,1,1,2,1
KR_6761245318,420,-2,-34,-8,-3,4,4,0,-4,0,4,-1,3,4,-2,1,3,0,1,1,0,-3,-4,-4,9,5,-3,0,-1,-1,-1,-1,-1,3,1
KR_6701205021,420,0,-46,-8,7,-2,1,3,4,5,1,4,8,4,1,3,2,0,0,0,0,11,160,2,2,4,-1,0,0,1,0,-1,1,2,1
KR_6763881062,420,3,18,-12,10,1,2,1,0,3,3,2,2,0,5,5,0,2,2,0,1,15,23,7,3,10,-2,0,1,1,-1,1,1,3,1
KR_6728626820,440,-1,-3,-22,-1,0,1,1,2,3,1,1,3,2,-1,1,2,-3,2,5,0,0,3,3,3,6,-1,0,0,-1,-1,-1,1,6,1
KR_6766131940,420,3,-29,-7,-2,-3,0,3,-1,1,2,4,5,1,-1,2,3,-1,0,1,0,1,-3,-1,5,4,-4,0,-1,1,-1,-1,-1,1,1
KR_6738164355,420,3,-2,16,0,-1,3,4,4,7,3,0,1,1,-4,2,6,1,1,0,0,4,10,5,6,11,-2,0,1,-1,1,1,-1,4,1
KR_6765684819,420,1,-47,12,1,0,2,2,1,3,2,-1,1,2,2,4,2,-1,1,2,0,3,-305,3,2,5,2,0,0,-1,1,0,-1,4,1
KR_6720080017,420,3,39,-9,12,1,3,2,2,2,0,2,5,3,5,5,0,2,2,0,0,10,6,8,0,8,0,0,1,1,-1,1,1,6,1
KR_6755942252,420,2,64,-14,-1,0,1,1,-3,1,4,-2,3,5,4,8,4,0,0,0,-2,-7,-46,-3,6,3,-4,0,1,0,1,1,-1,0,1
KR_6754288638,440,0,27,-4,2,3,4,1,-3,1,4,0,1,1,0,1,1,2,3,1,0,-2,-13,2,3,5,6,0,0,-1,1,0,1,5,1
KR_6743777565,420,6,50,15,10,3,3,0,4,5,1,-1,0,1,4,5,1,0,0,0,0,9,11,2,4,6,2,0,-1,1,-1,1,1,4,1
KR_6763998362,420,0,5,-4,3,2,3,1,1,4,3,1,2,1,-4,0,4,3,5,2,0,-3,-25,1,6,7,-1,0,1,-1,1,1,1,5,1
KR_6705914241,420,-2,26,-8,3,-1,3,4,0,2,2,2,3,1,1,1,0,1,1,0,0,11,1,0,4,4,0,0,0,-1,1,-1,1,5,1
KR_6732976578,420,1,-46,-6,2,-4,0,4,3,6,3,1,2,1,1,2,1,1,2,1,0,5,135,-1,4,3,2,0,1,1,1,1,1,1,1
KR_6750620593,420,1,-9,-31,8,2,4,2,2,4,2,4,5,1,0,2,2,0,0,0,0,5,4,-2,5,3,-1,0,-1,0,1,-1,1,0,1
KR_6757771990,420,2,27,15,10,2,4,2,2,2,0,-2,4,6,1,3,2,7,9,2,0,21,1,-1,6,5,7,0,0,1,1,1,1,6,1
KR_6685746926,420,4,46,-19,5,-1,0,1,5,7,2,0,1,1,0,1,1,1,2,1,0,0,-221,4,2,6,-5,0,1,-1,1,1,1,6,1
KR_6763048908,420,0,24,15,0,-5,0,5,-3,2,5,2,2,0,3,3,0,3,3,0,-1,3,-7,-3,6,3,4,0,-1,-1,1,-1,-1,5,1
KR_6764894220,420,6,67,20,10,-1,0,1,2,2,0,6,6,0,0,4,4,3,3,0,0,11,9,2,4,6,-6,0,0,1,1,0,1,5,1
KR_6752006516,420,5,19,24,11,1,3,2,-1,3,4,8,9,1,2,4,2,1,2,1,0,7,161,5,1,6,-28,0,0,1,1,0,-1,4,1
KR_6346108114,420,4,-6,-15,8,4,4,0,1,1,0,2,3,1,3,6,3,-2,1,3,0,5,15,-4,8,4,-1,0,2,0,1,1,-1,0,1
KR_6760840095,420,4,79,19,9,-2,0,2,3,5,2,5,6,1,4,11,7,-1,2,3,0,9,0,0,4,4,1,0,3,-1,1,1,-1,3,1
KR_6757428039,420,0,-58,36,-3,-1,0,1,-1,1,2,0,1,1,-1,6,7,0,2,2,0,-9,-1,0,5,5,6,0,1,1,1,1,-1,2,1
KR_6713643894,420,1,-38,-24,6,1,5,4,8,10,2,-1,1,2,-1,1,2,-1,0,1,0,13,-17,1,4,5,3,0,1,1,1,1,1,4,1
KR_6766035561,420,4,27,-4,8,0,1,1,1,3,2,3,4,1,-1,0,1,5,6,1,-1,11,7,1,5,6,4,0,1,1,-1,1,-1,1,1
KR_6736480985,440,1,33,-21,0,-2,2,4,0,1,1,1,2,1,-1,1,2,2,2,0,0,1,37,2,4,6,3,0,1,0,-1,1,-1,0,1
KR_6763088620,420,4,138,-40,9,3,3,0,7,8,1,3,3,0,-4,0,4,0,1,1,0,6,378,5,2,7,1,0,3,0,1,1,1,0,1
KR_6765650556,420,1,29,18,4,2,3,1,-2,2,4,4,4,0,0,3,3,0,0,0,1,11,6,5,3,8,1,0,1,-1,1,1,1,5,1
KR_6738560985,420,2,42,14,3,-1,0,1,7,10,3,0,3,3,0,4,4,-3,0,3,1,-3,-9,1,4,5,1,0,-1,1,-1,-1,1,4,1
KR_6468125145,420,4,54,35,12,5,5,0,3,3,0,1,2,1,4,7,3,-1,0,1,0,20,4,5,4,9,3,0,0,1,1,1,1,3,1
KR_6758086986,420,2,66,-18,4,4,6,2,0,2,2,0,1,1,1,3,2,-1,0,1,0,4,-12,-1,7,6,7,0,0,-1,-1,-1,-1,4,1
KR_6706585876,440,-2,-70,-5,3,5,5,0,7,7,0,-3,1,4,-8,1,9,2,4,2,0,0,12,0,2,2,1,0,0,1,-1,-1,1,4,1
KR_6604931279,420,1,10,9,4,1,2,1,-1,2,3,3,3,0,0,4,4,1,1,0,0,4,7,2,3,5,-8,0,1,1,1,1,1,2,1
KR_6180554101,420,1,55,-23,6,-4,1,5,0,3,3,2,4,2,5,6,1,3,3,0,0,18,-229,-1,7,6,4,0,1,1,-1,1,1,4,1
KR_6755789524,440,3,57,-21,1,0,1,1,-1,3,4,3,5,2,0,1,1,-1,0,1,0,0,-17,5,3,8,2,0,1,1,0,1,1,3,1
KR_6762210728,420,1,71,-26,-1,0,0,0,-2,3,5,-4,3,7,1,2,1,4,4,0,0,2,2,1,2,3,-1,0,0,-1,-1,0,1,4,1
KR_6676611839,420,4,38,15,12,1,3,2,1,4,3,3,5,2,1,4,3,6,6,0,0,13,11,-4,10,6,3,0,1,1,1,1,1,3,1
KR_6764751570,420,4,73,-4,6,5,6,1,-1,0,1,-4,1,5,6,13,7,0,0,0,1,7,0,-3,7,4,5,0,2,-1,1,1,-1,4,1
KR_6752151504,420,-2,27,9,-4,-2,0,2,2,7,5,1,3,2,-6,1,7,1,2,1,0,-4,-10,5,5,10,4,0,-1,1,1,-1,-1,1,1
KR_6739965369,420,6,-15,6,18,2,4,2,2,2,0,-2,0,2,17,18,1,-1,0,1,3,27,10,3,2,5,-3,0,1,1,0,1,1,2,1
KR_6706473146,420,0,-26,-15,-2,-1,1,2,0,3,3,-4,0,4,1,3,2,2,3,1,0,-5,123,-5,8,3,7,0,1,-1,-1,1,1,1,1
KR_6678054335,420,2,0,-2,8,-1,1,2,3,4,1,0,1,1,5,5,0,1,1,0,1,10,1,2,5,7,-1,0,0,-1,1,0,1,6,1
KR_6709766921,420,1,-58,0,-3,-2,1,3,0,1,1,0,5,5,-2,4,6,1,2,1,0,11,8,-1,5,4,-1,0,-1,1,-1,-1,-1,2,1
KR_6635028495,420,2,6,24,-2,1,2,1,0,1,1,-2,2,4,0,3,3,-1,0,1,0,-6,-25,2,6,8,7,0,-1,1,1,-1,-1,2,1
KR_6692560192,420,3,40,21,5,0,2,2,3,4,1,-1,4,5,4,5,1,-1,0,1,0,1,-2,3,3,6,2,0,2,1,1,1,-1,1,1
KR_6761782851,420,-1,28,-16,-2,4,5,1,-2,2,4,-1,3,4,-2,0,2,-1,1,2,0,-4,2,1,4,5,-2,0,1,0,-1,1,-1,0,1
KR_6759934057,420,0,38,-8,-2,1,1,0,-4,1,5,-2,1,3,2,7,5,1,2,1,0,2,-26,-3,6,3,-16,0,1,-1,-1,1,1,6,1
KR_6699015364,420,-3,-46,12,-4,1,4,3,-7,0,7,1,3,2,2,3,1,-1,0,1,-1,-4,-6,-2,8,6,3,0,0,0,-1,0,-1,0,1
KR_6728933672,420,0,-7,-7,0,-1,0,1,4,5,1,2,3,1,-3,1,4,-2,1,3,0,-4,1,0,6,6,-2,0,0,-1,1,1,1,2,1
KR_6751766609,420,0,31,24,2,1,1,0,2,4,2,0,2,2,-1,4,5,0,0,0,0,-4,-20,-5,9,4,7,0,1,-1,1,1,1,5,1
KR_6720104939,420,2,56,-1,4,-2,2,4,4,5,1,-1,1,2,2,2,0,1,1,0,0,2,1,6,2,8,2,0,2,1,1,1,1,1,1
KR_6695924882,420,2,12,-9,2,0,3,3,4,6,2,0,1,1,1,3,2,-3,0,3,0,5,0,-2,8,6,-2,0,0,0,1,1,-1,0,1
KR_6754721278,420,2,13,18,3,-2,2,4,-2,0,2,5,5,0,1,4,3,1,3,2,0,-3,9,0,5,5,4,0,0,-1,1,0,1,5,1
KR_6744492890,420,0,-74,8,-3,-3,1,4,0,2,2,-1,3,4,-1,3,4,2,4,2,-1,1,3,-2,6,4,-4,0,1,0,-1,-1,-1,0,1
KR_6749971144,440,2,5,27,6,-3,1,4,-1,2,3,2,6,4,1,1,0,7,10,3,0,14,16,4,0,4,1,0,1,-1,1,1,1,4,1
KR_6713051226,420,4,88,-3,10,2,5,3,3,4,1,2,2,0,2,5,3,1,3,2,2,4,0,2,4,6,3,0,2,-1,1,1,1,6,1
KR_6746071470,420,2,3,19,6,-1,2,3,2,4,2,4,6,2,3,5,2,-2,0,2,0,7,5,1,8,9,-1,0,0,-1,-1,1,-1,2,1
KR_6619872552,420,4,44,18,12,1,1,0,3,6,3,6,7,1,2,7,5,0,1,1,0,16,-24,-1,5,4,20,0,0,1,-1,0,1,6,1
KR_6697686822,420,9,53,28,16,5,5,0,3,3,0,1,1,0,4,4,0,3,4,1,0,16,11,1,3,4,0,0,2,0,1,1,1,0,1
KR_6685875643,420,2,51,29,5,1,1,0,0,3,3,6,7,1,-1,1,2,-1,0,1,0,3,24,5,5,10,-6,0,1,1,-1,1,1,3,1
KR_6697418677,420,2,50,-2,-1,-5,0,5,2,3,1,0,0,0,2,3,1,0,0,0,0,5,12,3,3,6,0,0,1,1,1,1,-1,3,1
KR_6727050050,420,6,112,-3,15,6,6,0,0,2,2,4,4,0,2,3,1,3,4,1,0,13,-32,2,3,5,19,0,5,-1,1,1,1,3,1
KR_6753496252,420,-2,-86,-48,3,0,3,3,0,5,5,0,1,1,2,2,0,1,1,0,0,11,-5,-1,3,2,-4,0,-2,-1,-1,-1,1,1,1
KR_6640304084,420,3,63,1,2,1,2,1,-3,1,4,0,2,2,-1,0,1,5,5,0,0,-3,-4,-4,6,2,4,0,1,1,1,1,1,6,1
KR_6721506301,420,0,29,-26,1,0,0,0,2,5,3,-3,2,5,2,3,1,0,0,0,1,-1,-14,-3,10,7,0,0,0,1,1,0,1,6,1
KR_6765244386,420,-4,-36,-9,-5,-4,0,4,1,5,4,2,2,0,-1,1,2,-3,0,3,0,-4,-15,-1,8,7,2,0,0,-1,1,0,-1,6,1
KR_6743619364,420,-1,-15,-16,5,-3,0,3,-4,2,6,7,7,0,1,4,3,4,4,0,1,8,7,-2,6,4,3,0,1,1,1,1,1,5,1
KR_6732804138,420,-3,-26,-34,3,-1,2,3,2,5,3,-2,3,5,1,1,0,3,3,0,0,6,-22,0,4,4,-2,0,1,1,1,1,-1,2,1
KR_6763491383,420,1,31,12,3,0,4,4,2,4,2,1,4,3,1,4,3,-1,1,2,1,6,-4,-1,5,4,0,0,0,0,-1,0,1,0,1
KR_6738091892,420,4,-27,12,9,0,2,2,2,2,0,6,6,0,0,4,4,1,2,1,0,12,10,1,5,6,-4,0,1,1,0,1,1,3,1
KR_6744651904,420,5,94,4,9,-1,2,3,3,4,1,0,2,2,6,9,3,1,1,0,0,11,-50,0,5,5,0,0,0,1,-1,1,1,2,1
KR_6703437376,440,3,19,-28,3,1,5,4,-3,2,5,1,2,1,2,4,2,2,4,2,1,6,5,4,2,6,0,0,0,1,1,0,1,1,1
KR_6713844865,420,-1,-57,20,2,-1,1,2,2,6,4,2,3,1,-1,2,3,0,2,2,0,8,5,6,1,7,0,0,0,-1,1,0,-1,4,1
KR_6675049226,420,4,27,-24,12,2,2,0,1,3,2,-1,1,2,10,11,1,0,2,2,0,7,-1,6,3,9,-2,0,0,-1,-1,1,1,1,1
KR_6735081280,420,4,47,8,10,0,1,1,2,4,2,4,5,1,5,5,0,-1,0,1,-1,4,7,-1,7,6,2,0,0,1,1,0,-1,2,1
KR_6760054226,420,-4,-31,-20,-5,-1,2,3,-1,2,3,-2,1,3,-2,5,7,1,2,1,0,-5,-3,-1,7,6,2,0,-2,-1,-1,-1,-1,6,1
KR_6756026874,420,8,76,32,18,5,5,0,2,2,0,4,5,1,3,4,1,4,5,1,0,20,-10,-1,2,1,1,0,1,1,1,1,1,2,1
KR_6757980989,420,0,12,23,-2,-5,1,6,-2,2,4,0,1,1,1,3,2,4,4,0,1,3,42,3,3,6,1,0,1,1,-1,1,1,1,1
KR_6640270136,420,2,-10,4,4,1,1,0,-1,2,3,5,6,1,-1,0,1,0,0,0,0,0,0,1,4,5,-1,0,0,-1,1,1,1,5,1
KR_6692981423,420,3,4,64,4,1,3,2,3,3,0,1,3,2,2,4,2,-3,4,7,0,11,11,1,4,5,-3,0,0,1,1,1,1,5,1
KR_6760200510,420,1,27,16,-1,-1,1,2,1,1,0,1,2,1,-1,3,4,-1,1,2,0,-4,-56,4,0,4,-1,0,-1,0,1,1,1,0,1
KR_6765051114,420,4,64,29,1,-1,0,1,1,5,4,3,5,2,-1,3,4,-1,0,1,0,1,1,-5,10,5,1,0,2,1,-1,1,-1,6,1
KR_6764611998,420,3,28,25,1,7,7,0,-1,1,2,-1,2,3,-2,5,7,-2,0,2,1,-14,-16,1,6,7,0,0,3,1,1,1,1,6,1
KR_6613065492,420,2,60,6,7,2,3,1,4,6,2,-1,5,6,3,5,2,-1,0,1,0,-2,-17,1,3,4,0,0,1,-1,1,1,1,1,1
KR_6744928112,440,0,-32,0,-2,4,4,0,-4,1,5,-3,1,4,0,1,1,1,2,1,-2,-7,15,-5,7,2,-6,0,-1,1,1,-1,-1,6,1
KR_6670626458,440,3,41,41,7,0,2,2,1,1,0,-1,5,6,6,6,0,1,1,0,0,6,-24,-2,4,2,7,0,0,-1,0,-1,-1,5,1
KR_6728207377,420,0,27,9,3,1,2,1,4,6,2,-2,0,2,-1,1,2,1,2,1,2,5,-1,1,2,3,-1,0,1,1,1,1,1,6,1
KR_6736085239,420,5,49,27,11,-1,2,3,1,3,2,1,2,1,10,12,2,0,0,0,2,19,5,0,7,7,2,0,0,1,-1,1,1,4,1
KR_6613183736,420,4,78,13,13,-3,0,3,6,6,0,1,3,2,7,11,4,2,3,1,1,23,7,2,5,7,2,0,2,1,1,1,1,2,1
KR_6681502548,440,0,-62,-16,2,5,5,0,-3,0,3,3,3,0,-2,2,4,-1,0,1,0,2,1,1,2,3,2,0,-1,1,-1,-1,1,2,1
KR_6765307978,420,5,73,2,15,6,7,1,1,2,1,7,8,1,1,2,1,0,1,1,0,12,-19,5,4,9,1,0,2,1,1,1,1,1,1
KR_6755331550,420,0,10,-16,2,3,5,2,-1,2,3,1,1,0,-2,0,2,1,1,0,0,-3,10,0,2,2,0,0,0,-1,-1,0,1,1,1
KR_6761875845,420,2,18,16,4,5,6,1,1,2,1,-6,1,7,2,2,0,2,4,2,0,-8,6,4,4,8,1,0,2,1,1,1,1,4,1
KR_6759497491,420,-3,-18,18,-6,1,1,0,-7,0,7,1,3,2,-3,1,4,2,2,0,0,-8,43,-2,9,7,-19,0,0,1,0,0,-1,3,1
KR_6733443083,420,0,-13,19,6,-2,2,4,5,7,2,0,2,2,1,2,1,2,4,2,0,16,59,-3,7,4,-19,0,1,-1,-1,1,-1,3,1
KR_6657474304,420,2,57,-12,0,2,2,0,2,2,0,-5,1,6,2,6,4,-1,0,1,0,-2,-2,-2,5,3,-1,0,0,1,-1,0,1,6,1
KR_6507803763,420,4,59,27,10,6,6,0,4,4,0,1,2,1,-1,0,1,0,0,0,0,6,0,2,6,8,-1,0,1,-1,1,1,1,2,1
KR_6731022469,420,0,65,16,6,4,6,2,-1,3,4,2,6,4,-2,2,4,3,3,0,0,4,8,3,3,6,-1,0,-1,1,-1,-1,1,2,1
KR_6752400221,420,5,47,-6,19,3,3,0,5,7,2,3,5,2,6,7,1,2,2,0,1,15,109,-2,7,5,1,0,0,1,0,1,1,2,1
KR_6564039225,420,3,-48,-3,4,2,2,0,1,5,4,0,1,1,0,2,2,1,1,0,0,5,2,1,10,11,-5,0,2,-1,1,1,-1,6,1
KR_6731475433,420,2,33,6,7,2,5,3,-1,3,4,-1,4,5,3,4,1,4,5,1,-1,4,2,-5,11,6,-1,0,2,1,0,1,-1,1,1
KR_6668125720,420,0,16,32,4,-1,1,2,-6,0,6,2,3,1,5,5,0,4,4,0,1,5,5,2,2,4,1,0,0,1,-1,1,1,5,1
KR_6764408387,420,4,93,24,9,1,1,0,7,9,2,2,3,1,-2,1,3,1,1,0,0,4,8,-1,9,8,4,0,1,1,-1,1,1,4,1
KR_6642524339,420,0,57,16,-6,0,1,1,1,4,3,0,1,1,-3,2,5,-4,0,4,0,-11,13,2,3,5,1,0,1,1,1,1,-1,3,1
KR_6715954650,420,8,39,34,24,6,6,0,-2,2,4,5,6,1,15,16,1,0,1,1,0,22,-2,2,4,6,1,0,2,1,1,1,1,2,1
KR_6686193479,420,2,59,-8,5,1,1,0,3,6,3,3,4,1,-2,0,2,0,1,1,-1,1,-9,-2,6,4,2,0,0,1,-1,0,-1,6,1
KR_6753533042,420,5,92,16,10,3,3,0,0,2,2,5,7,2,3,3,0,-1,0,1,1,3,5,3,2,5,0,0,2,1,1,1,1,4,1
KR_6735885339,420,4,42,-8,8,3,3,0,7,7,0,0,2,2,0,2,2,-2,0,2,0,15,12,-4,10,6,5,0,1,1,1,1,1,5,1
KR_6756452279,420,0,39,12,4,1,1,0,-2,1,3,-4,1,5,7,7,0,2,3,1,0,15,-121,-1,5,4,0,0,-1,1,-1,-1,-1,6,1
KR_6731509021,420,5,46,33,3,-1,1,2,2,6,4,0,2,2,1,3,2,1,2,1,1,4,39,0,5,5,-3,0,2,1,1,1,1,4,1
KR_6765939854,420,3,57,8,6,-1,1,2,0,1,1,5,8,3,0,2,2,2,2,0,0,15,4,0,3,3,0,0,0,1,-1,0,-1,1,1
KR_6737966195,420,3,0,-8,14,0,0,0,-4,4,8,12,12,0,5,6,1,1,1,0,-1,18,18,12,4,16,-6,0,2,1,1,1,-1,3,1
KR_6757201434,440,2,-29,32,9,-3,2,5,5,7,2,0,3,3,4,4,0,3,5,2,2,16,0,1,3,4,2,0,0,-1,-1,0,1,1,1
KR_6743348335,420,4,100,-32,8,1,1,0,5,6,1,0,2,2,6,6,0,-4,0,4,0,15,-22,1,4,5,3,0,3,1,1,1,-1,6,1
KR_6684923070,420,0,-21,11,-2,0,0,0,1,1,0,-2,0,2,0,1,1,-1,0,1,0,1,-3,1,4,5,-1,0,-1,1,-1,-1,-1,3,1
KR_6691475495,420,1,56,-12,0,2,3,1,1,5,4,0,1,1,-3,0,3,0,1,1,1,8,6,1,5,6,0,0,0,-1,1,0,1,1,1
KR_6762812916,420,-4,-30,1,-12,-4,1,5,-4,1,5,1,5,4,-4,0,4,-1,2,3,0,-5,10,2,5,7,-3,0,-2,-1,0,-1,1,2,1
KR_6735228130,420,4,80,0,2,3,3,0,2,4,2,-2,0,2,2,4,2,-3,1,4,-2,-5,7,1,4,5,1,0,0,1,1,0,-1,6,1
KR_6721542942,420,7,97,73,5,-1,0,1,0,4,4,3,5,2,3,5,2,0,2,2,1,-1,7,3,4,7,3,0,2,1,1,1,1,5,1
KR_6756389815,420,3,-49,11,8,3,6,3,-2,3,5,0,2,2,6,6,0,1,1,0,0,6,-1,3,4,7,1,0,1,1,-1,1,1,2,1
KR_6684022346,420,0,10,32,-4,-3,1,4,-1,2,3,3,6,3,-3,1,4,0,0,0,0,-7,-2,0,7,7,1,0,1,1,1,1,-1,6,1
KR_6730426650,420,3,-7,12,4,1,2,1,1,5,4,0,1,1,2,2,0,0,0,0,0,9,-7,3,5,8,-1,0,0,-1,1,1,1,5,1
KR_6751218125,420,4,35,9,1,3,4,1,1,3,2,-3,0,3,1,3,2,-1,0,1,1,0,-10,-2,4,2,-1,0,0,1,-1,0,1,6,1
KR_6759719924,440,0,14,8,1,0,1,1,-1,3,4,0,1,1,2,5,3,0,4,4,0,2,-322,-3,3,0,2,0,1,1,1,1,1,3,1
KR_6707304832,420,2,50,3,-2,0,3,3,1,3,2,-3,1,4,0,1,1,0,2,2,0,-6,1,0,4,4,0,0,1,1,1,1,-1,4,1
KR_6429567336,440,-2,-20,-11,-3,-3,0,3,-1,5,6,1,4,3,2,5,3,-2,0,2,0,-3,-1,-3,9,6,-2,0,0,-1,1,-1,-1,2,1
KR_6763521264,420,1,23,32,1,0,0,0,0,4,4,1,2,1,-2,1,3,2,2,0,0,-3,-9,1,4,5,3,0,1,1,1,1,1,4,1
KR_6700226200,420,2,-4,36,3,4,4,0,0,2,2,-1,2,3,0,4,4,0,0,0,1,1,-3,3,3,6,2,0,1,-1,1,1,1,3,1
KR_6735536168,440,0,-31,8,4,0,0,0,4,5,1,1,3,2,-2,2,4,1,4,3,0,9,4,2,3,5,-3,0,0,0,1,0,-1,0,1
KR_6753960285,420,2,-25,12,2,4,5,1,-1,1,2,2,5,3,-1,1,2,-2,2,4,0,3,3,2,5,7,0,0,0,1,-1,0,-1,3,1
KR_6692066989,420,0,2,-17,1,-3,0,3,3,4,1,1,4,3,1,2,1,-1,0,1,0,9,2,7,1,8,-5,0,0,-1,1,0,-1,1,1
KR_6727016312,440,-2,-6,20,-4,-1,4,5,-3,2,5,-1,1,2,0,1,1,1,2,1,0,1,-10,1,7,8,6,0,0,1,0,-1,1,1,1
KR_6656954203,420,0,12,-5,-4,-1,0,1,2,6,4,0,3,3,-5,1,6,0,0,0,0,-5,11,0,6,6,3,0,0,-1,1,0,1,5,1
KR_6611884828,420,1,-9,-23,3,6,6,0,1,2,1,-2,0,2,-1,1,2,-1,1,2,0,7,-3,0,3,3,1,0,1,-1,-1,-1,1,5,1
KR_6584165396,420,3,-32,25,7,2,4,2,8,9,1,-2,2,4,0,3,3,-1,1,2,0,10,5,1,6,7,-7,0,1,1,1,1,1,6,1
KR_6745360992,420,3,3,-16,10,2,3,1,3,6,3,4,6,2,2,2,0,-1,3,4,0,10,-98,4,4,8,-2,0,1,1,-1,1,1,5,1
KR_6760737326,420,3,48,0,1,2,3,1,-1,0,1,2,4,2,-2,0,2,0,1,1,0,-2,-6,-3,4,1,4,0,1,-1,1,1,-1,6,1
KR_6668409458,420,6,87,28,18,5,5,0,2,4,2,7,9,2,4,6,2,0,2,2,1,13,3,3,5,8,9,0,2,-1,1,1,1,6,1
KR_6755811594,420,3,-28,16,7,-1,1,2,4,4,0,0,0,0,3,7,4,1,1,0,0,9,40,0,4,4,2,0,0,1,1,1,1,3,1
KR_6700662474,420,7,99,3,12,0,1,1,6,7,1,1,2,1,5,6,1,0,1,1,0,12,25,2,5,7,-2,0,1,-1,1,1,1,3,1
KR_6708982362,420,1,32,20,1,2,6,4,-2,1,3,-2,1,3,3,3,0,0,0,0,-1,-3,-3,-3,5,2,3,0,1,1,1,1,-1,2,1
KR_6736818635,420,0,15,-12,-1,2,3,1,-1,3,4,3,3,0,-3,1,4,-2,0,2,0,-2,10,3,7,10,-6,0,1,1,1,1,-1,6,1
KR_6726775872,420,4,21,16,8,4,4,0,3,4,1,3,5,2,-1,1,2,-1,0,1,0,4,2,-2,6,4,0,0,0,-1,0,0,1,5,1
KR_6746587732,420,-2,-78,28,-11,-4,0,4,1,6,5,-2,1,3,-3,2,5,-3,0,3,0,-7,-198,0,5,5,-3,0,0,1,-1,0,-1,5,1
KR_6667786938,420,1,40,9,7,0,3,3,5,7,2,-1,3,4,3,3,0,0,1,1,1,8,12,-1,4,3,2,0,1,0,-1,1,1,0,1
KR_6743021746,440,-1,-32,-22,6,-6,1,7,1,2,1,-1,2,3,8,8,0,4,5,1,0,13,9,-1,4,3,1,0,1,1,-1,1,1,2,1
KR_6753524341,420,0,2,14,2,2,4,2,0,6,6,-1,1,2,1,4,3,0,0,0,0,3,-21,2,9,11,-1,0,0,1,-1,0,1,2,1
KR_6754484872,420,-3,-42,-11,-3,-1,2,3,4,4,0,0,0,0,-4,3,7,-2,1,3,0,-6,4,-3,6,3,-1,0,-1,0,-1,-1,-1,0,1
KR_6677467770,420,3,40,0,7,3,6,3,-2,2,4,2,2,0,3,7,4,1,3,2,2,0,-1,3,4,7,-2,0,0,-1,1,1,-1,6,1
KR_6745851197,420,3,-23,0,7,4,7,3,2,3,1,2,4,2,-1,1,2,0,0,0,0,8,0,-1,4,3,2,0,0,-1,-1,0,1,3,1
KR_6748041056,420,-1,-25,-4,3,-2,0,2,7,8,1,-3,0,3,2,6,4,-1,1,2,0,6,-4,-3,5,2,6,0,0,-1,-1,-1,-1,3,1
KR_6668492267,420,-1,-11,-4,-3,-2,1,3,-1,3,4,-2,0,2,-3,0,3,5,6,1,0,-2,-2,-3,8,5,0,0,-1,1,-1,-1,-1,5,1
KR_6761660517,420,2,-28,39,-3,-3,2,5,-5,2,7,6,6,0,-1,0,1,0,1,1,0,1,-4,1,2,3,3,0,-2,-1,1,-1,1,6,1
KR_6763957357,420,-3,-9,-35,-2,0,1,1,-1,1,2,3,3,0,-4,1,5,0,2,2,0,-3,-38,-3,5,2,1,0,0,1,-1,-1,1,6,1
KR_6761543299,420,0,-15,12,6,3,3,0,3,5,2,0,2,2,2,2,0,-2,1,3,0,5,2,-1,6,5,0,0,-1,-1,0,-1,1,5,1
KR_6749660302,420,1,14,2,3,-3,0,3,-2,2,4,1,2,1,8,8,0,-1,0,1,0,10,39,1,3,4,3,0,0,1,-1,1,-1,1,1
KR_6611270479,420,1,-19,36,3,1,1,0,4,7,3,3,3,0,-5,2,7,0,1,1,0,0,-14,-3,10,7,1,0,0,-1,1,1,-1,4,1
KR_6577795864,420,0,-53,-3,6,-1,1,2,4,4,0,-2,1,3,6,6,0,-1,0,1,0,14,-21,3,4,7,19,0,0,1,-1,-1,1,1,1
KR_6735249835,420,3,80,24,5,-1,1,2,2,5,3,0,1,1,4,5,1,0,0,0,0,12,7,0,4,4,1,0,0,1,1,0,1,5,1
KR_6509480330,420,-4,-3,-24,0,1,4,3,0,4,4,-1,0,1,2,3,1,-2,1,3,0,-4,-11,2,5,7,1,0,0,-1,1,0,-1,3,1
KR_6728279597,420,6,100,27,16,1,2,1,5,6,1,0,1,1,10,15,5,0,0,0,0,9,2,-2,8,6,2,0,1,1,1,1,1,3,1
KR_6544228948,420,1,-5,32,4,2,3,1,0,6,6,1,1,0,2,4,2,-1,0,1,3,11,-3,1,5,6,-2,0,-1,1,-1,1,1,3,1
KR_6605651098,420,0,58,-12,2,-3,0,3,5,6,1,1,4,3,1,2,1,-2,0,2,0,6,-36,1,4,5,0,0,1,-1,-1,-1,1,1,1
KR_6697673034,420,0,-6,-30,4,-4,0,4,4,5,1,1,3,2,3,7,4,0,2,2,0,10,-1,-4,6,2,2,0,0,1,-1,-1,1,1,1
KR_6757359171,420,3,41,-17,10,3,4,1,2,3,1,0,2,2,5,6,1,0,6,6,0,9,127,1,6,7,1,0,1,1,1,1,1,2,1
KR_6730704267,420,3,-3,3,8,-2,0,2,0,4,4,7,7,0,-4,3,7,7,8,1,-1,3,5,-1,6,5,-7,0,-1,1,1,-1,-1,4,1
KR_6761971685,420,1,30,6,9,4,5,1,1,1,0,-1,2,3,6,7,1,-1,0,1,0,8,-5,-2,6,4,2,0,2,-1,1,1,-1,6,1
KR_6761333731,420,-2,44,-16,4,-1,1,2,-3,1,4,4,5,1,3,5,2,1,1,0,0,3,2,4,5,9,1,0,0,-1,-1,0,1,3,1
KR_6762852790,420,1,47,0,13,1,2,1,-1,1,2,4,4,0,7,7,0,2,5,3,1,11,12,-4,5,1,-2,0,0,1,-1,0,1,1,1
KR_6763352416,420,4,42,-7,10,4,6,2,2,3,1,1,5,4,-1,2,3,4,4,0,1,9,-10,4,7,11,2,0,2,1,1,1,1,3,1
KR_6752357601,420,1,125,4,3,1,1,0,0,1,1,1,1,0,1,1,0,0,0,0,0,4,2,4,1,5,-1,0,2,1,-1,1,1,3,1
KR_6736258777,420,7,80,24,12,3,3,0,1,3,2,4,4,0,4,5,1,0,0,0,0,11,7,1,2,3,2,0,2,1,-1,1,1,5,1
KR_6741718805,420,3,75,32,5,-3,0,3,-1,4,5,8,9,1,2,3,1,-1,1,2,0,4,-3,1,6,7,4,0,2,1,1,1,-1,2,1
KR_6697318360,420,2,19,-4,10,1,2,1,1,5,4,2,5,3,0,2,2,6,6,0,0,13,8,2,4,6,4,0,2,-1,-1,1,-1,3,1
KR_6728402739,420,8,103,24,14,3,3,0,4,4,0,3,3,0,4,5,1,0,1,1,0,9,-5,2,3,5,3,0,2,1,-1,1,1,6,1
KR_6611301834,420,6,73,-6,10,2,2,0,2,5,3,2,2,0,5,7,2,-1,0,1,-1,20,-6,-3,11,8,5,0,0,-1,-1,0,-1,4,1
KR_6753916374,420,1,2,-8,5,1,4,3,2,3,1,-1,2,3,5,6,1,-2,0,2,1,13,9,-5,10,5,-2,0,0,0,1,0,1,0,1
KR_6765299874,420,3,-10,10,4,2,3,1,1,3,2,-5,0,5,7,10,3,-1,0,1,0,7,-41,-1,9,8,12,0,0,1,-1,0,-1,3,1
KR_6594961962,440,0,-7,11,3,0,1,1,0,4,4,2,3,1,2,5,3,-1,1,2,-1,-1,57,4,4,8,-18,0,0,1,-1,0,-1,2,1
KR_6494606340,420,3,74,37,11,3,3,0,9,10,1,2,4,2,-1,1,2,-2,0,2,0,5,-19,-1,5,4,-4,0,2,1,1,1,-1,4,1
KR_6746359624,420,6,102,19,9,-1,1,2,1,1,0,11,12,1,-1,1,2,-1,0,1,0,10,-17,3,3,6,9,0,1,1,1,1,1,4,1
KR_6744137944,420,1,34,11,11,0,0,0,3,5,2,0,3,3,6,7,1,2,2,0,0,4,10,1,7,8,4,0,0,-1,1,1,-1,3,1
KR_6745360158,420,-2,-63,23,-6,-3,0,3,-2,5,7,-1,2,3,0,1,1,0,0,0,0,-6,-5,-3,6,3,2,0,1,-1,1,1,-1,1,1
KR_6692743643,420,6,101,22,18,4,5,1,8,10,2,6,6,0,0,0,0,0,0,0,1,16,-41,0,5,5,22,0,3,1,1,1,1,1,1
KR_6758004622,420,1,-24,4,6,1,2,1,-2,0,2,2,3,1,1,1,0,4,5,1,0,7,22,-2,2,0,3,0,-1,0,1,-1,1,0,1
KR_6761570054,440,4,43,20,3,1,2,1,-2,1,3,2,2,0,1,3,2,1,2,1,-1,0,-39,-2,7,5,31,0,0,1,-1,0,-1,1,1
KR_6740509562,420,4,25,9,9,3,3,0,2,2,0,3,3,0,0,4,4,1,2,1,0,10,101,0,7,7,6,0,1,1,-1,1,1,2,1
KR_6551591564,420,-1,-38,-4,-5,2,2,0,-3,3,6,0,2,2,-4,0,4,0,0,0,0,-12,-30,-7,11,4,2,0,0,-1,1,0,1,6,1
KR_6736720970,420,-2,-6,-20,2,2,2,0,-3,3,6,0,2,2,2,3,1,1,4,3,0,3,-21,3,5,8,-2,0,0,-1,-1,0,1,1,1
KR_6683767881,420,1,-8,8,1,-2,2,4,5,6,1,-4,2,6,-1,0,1,3,4,1,1,10,-236,-3,8,5,7,0,0,1,-1,-1,1,1,1
KR_6760126054,420,0,63,9,1,-4,0,4,-3,1,4,3,3,0,5,5,0,0,1,1,0,1,3,-4,8,4,1,0,-1,-1,1,1,-1,5,1
KR_6755824206,420,3,27,13,5,1,3,2,3,4,1,2,2,0,-1,1,2,0,0,0,0,1,4,1,4,5,1,0,0,1,1,1,1,2,1
KR_6762172973,420,0,8,-4,1,2,3,1,0,1,1,5,5,0,-4,1,5,-2,1,3,0,-5,3,0,6,6,1,0,0,-1,1,1,1,1,1
KR_6758503587,420,-1,13,4,-9,4,5,1,-4,2,6,-8,1,9,0,0,0,-1,1,2,0,-6,8,1,2,3,-1,0,0,0,-1,0,-1,0,1
KR_6640005703,420,3,22,16,5,0,1,1,1,2,1,2,4,2,2,4,2,0,3,3,0,3,5,4,4,8,2,0,2,-1,1,1,-1,1,1
KR_6660451654,440,3,14,10,7,-1,3,4,0,4,4,1,2,1,6,6,0,1,1,0,0,7,-6,7,2,9,2,0,0,1,1,1,-1,1,1
KR_6648051729,440,-2,-10,9,2,-3,1,4,1,3,2,1,2,1,4,5,1,-1,0,1,0,5,-11,-7,11,4,1,0,0,1,-1,0,1,4,1
KR_6735454784,420,3,46,8,9,6,7,1,-9,0,9,-1,1,2,11,11,0,2,2,0,2,15,-3,2,4,6,2,0,3,-1,1,1,1,4,1
KR_6662215619,420,3,20,12,8,0,2,2,3,5,2,1,2,1,4,5,1,0,1,1,0,10,38,-1,6,5,-4,0,-1,1,-1,-1,-1,5,1
KR_6765276273,420,3,64,7,8,3,5,2,1,6,5,0,2,2,2,4,2,2,2,0,1,1,21,6,1,7,-5,0,1,-1,1,1,1,3,1
KR_6724811033,420,4,43,36,3,1,2,1,2,6,4,0,2,2,1,3,2,-1,0,1,0,-2,-24,-2,4,2,0,0,0,0,-1,1,-1,0,1
KR_6760068357,420,5,88,32,8,2,3,1,4,6,2,-3,1,4,2,3,1,3,4,1,0,5,5,0,3,3,-2,0,2,1,1,1,1,1,1
KR_6761824583,440,-1,39,0,0,0,2,2,-2,0,2,4,4,0,-2,1,3,0,3,3,0,-5,-125,5,1,6,1,0,2,-1,1,1,1,5,1
KR_6747015428,420,-2,26,-28,-4,-2,1,3,-1,2,3,0,1,1,-4,0,4,3,3,0,0,-3,-7,-2,7,5,-1,0,0,-1,1,0,1,1,1
KR_6745897190,420,-1,-70,20,0,-1,0,1,3,7,4,-1,2,3,-1,1,2,0,3,3,0,3,147,-5,6,1,0,0,0,-1,-1,0,-1,5,1
KR_6761961963,420,2,-5,5,6,-2,2,4,5,8,3,-1,1,2,3,4,1,1,1,0,0,5,-3,-2,3,1,0,0,1,1,1,1,1,5,1
KR_6667236093,440,-2,-33,-32,-1,4,4,0,-6,0,6,2,2,0,-1,2,3,0,1,1,0,-7,179,0,6,6,4,0,2,-1,1,1,1,5,1
KR_6730648286,420,0,-74,29,2,0,1,1,-2,2,4,1,4,3,0,1,1,3,3,0,0,4,-7,-2,7,5,0,0,0,1,1,0,1,4,1
KR_6759569989,420,0,-10,32,0,-2,0,2,1,4,3,0,1,1,1,1,0,0,0,0,0,1,-45,-3,9,6,31,0,0,1,1,0,-1,5,1
KR_6756937956,420,-2,-32,-7,-4,-3,2,5,4,6,2,-1,4,5,-1,3,4,-3,2,5,2,10,-3,-6,7,1,5,0,-1,1,1,-1,-1,1,1
KR_6766073653,420,-4,-69,-10,1,-3,3,6,-1,5,6,-1,1,2,4,5,1,2,2,0,0,3,2,-1,6,5,-7,0,-1,1,-1,-1,1,4,1
KR_6759764812,440,-1,-33,-9,-6,4,5,1,-5,3,8,-4,1,5,-1,3,4,0,2,2,0,1,7,-6,9,3,0,0,0,0,0,0,-1,0,1
KR_6676595842,420,6,84,19,11,5,5,0,1,3,2,-2,0,2,7,9,2,0,0,0,1,16,-6,4,4,8,2,0,1,1,0,1,1,1,1
KR_6718875895,420,0,39,27,3,0,3,3,-4,0,4,3,4,1,5,5,0,-1,0,1,0,-2,-4,-2,7,5,1,0,0,1,-1,0,1,5,1
KR_6734840819,420,-2,13,20,-2,-4,0,4,4,6,2,-2,0,2,3,5,2,-3,1,4,0,2,4,1,4,5,-1,0,-1,0,1,1,1,0,1
KR_6763891874,420,7,58,14,11,5,6,1,2,2,0,1,1,0,1,1,0,2,2,0,1,10,3,1,4,5,-1,0,4,-1,1,1,1,6,1
KR_6757290036,420,1,-29,20,5,1,1,0,4,5,1,0,1,1,0,2,2,0,1,1,0,8,52,1,4,5,-6,0,1,-1,1,1,1,1,1
KR_6759313845,420,0,-17,-28,0,1,1,0,5,5,0,2,5,3,-2,2,4,-6,1,7,0,-5,-2,-1,3,2,-3,0,0,-1,-1,-1,-1,6,1
KR_6744698977,420,1,18,0,9,2,3,1,2,4,2,6,8,2,-1,2,3,0,0,0,0,15,-10,-1,5,4,1,0,1,-1,1,1,-1,3,1
KR_6748101075,420,2,38,18,8,4,5,1,9,10,1,-2,1,3,-3,1,4,0,0,0,1,17,17,-1,3,2,2,0,0,1,1,1,1,1,1
KR_6731788560,420,0,-4,-4,12,2,3,1,1,2,1,-1,2,3,6,7,1,4,4,0,1,18,-83,6,5,11,0,0,1,1,-1,1,1,5,1
KR_6608934770,420,2,26,14,4,0,3,3,1,5,4,1,1,0,0,2,2,2,3,1,-1,2,5,2,5,7,-3,0,0,-1,-1,0,-1,2,1
KR_6721091542,420,2,58,23,-1,4,4,0,-4,2,6,3,5,2,-2,3,5,-2,0,2,0,-4,425,0,6,6,-4,0,0,1,-1,0,-1,3,1
KR_6756510999,420,-1,-35,35,-8,-3,0,3,1,4,3,-4,2,6,-1,3,4,-1,0,1,0,-13,-9,4,4,8,-4,0,-1,1,1,1,-1,3,1
KR_6677717684,440,1,-10,-9,1,0,2,2,2,2,0,1,3,2,-1,4,5,-1,0,1,0,5,11,0,3,3,0,0,-1,1,1,-1,-1,3,1
KR_6750278151,440,5,100,38,9,-2,1,3,6,6,0,1,2,1,1,2,1,3,6,3,0,14,117,10,0,10,-1,0,1,1,1,1,1,5,1
KR_6690414365,420,3,65,24,3,-3,0,3,1,2,1,4,8,4,3,3,0,-2,2,4,2,12,7,2,5,7,2,0,1,1,1,1,1,1,1
KR_6698872515,420,3,-14,19,8,2,4,2,1,2,1,0,1,1,5,7,2,0,1,1,0,9,5,0,6,6,-3,0,0,0,1,1,1,0,1
KR_6742386875,420,2,17,47,5,0,3,3,1,3,2,1,2,1,1,1,0,2,2,0,0,6,1,1,3,4,1,0,1,1,1,1,1,1,1
KR_6760596900,420,1,-2,-1,3,-2,1,3,2,5,3,-1,1,2,2,2,0,2,2,0,0,10,-3,-2,5,3,2,0,1,0,0,1,-1,0,1
KR_6702405071,420,2,-2,-36,10,1,1,0,5,6,1,0,3,3,4,6,2,0,0,0,0,17,0,2,6,8,2,0,1,0,-1,1,1,0,1
KR_6576180960,420,5,14,51,14,4,4,0,7,8,1,-1,3,4,4,6,2,0,0,0,2,18,-6,4,5,9,0,0,2,1,1,1,1,5,1
KR_6747715562,420,5,83,1,13,3,3,0,5,6,1,3,3,0,3,3,0,-1,0,1,0,16,25,1,6,7,-4,0,1,0,-1,1,1,0,1
KR_6753377713,420,0,-17,-33,0,2,4,2,4,6,2,-1,1,2,-4,1,5,-1,0,1,0,-3,-4,-3,8,5,3,0,0,1,-1,1,1,6,1
KR_6747980655,420,-2,-6,-23,-5,3,4,1,-2,3,5,-5,0,5,-1,3,4,0,0,0,0,3,-11,2,5,7,0,0,0,-1,1,1,-1,1,1
KR_6657898386,420,5,67,38,12,6,6,0,3,7,4,3,3,0,0,0,0,0,0,0,0,13,8,0,3,3,2,0,2,1,1,1,1,4,1
KR_6715690434,420,3,48,8,4,2,4,2,0,0,0,3,3,0,-1,0,1,0,0,0,0,1,4,-6,7,1,-3,0,1,-1,1,1,-1,2,1
KR_6739927035,420,4,48,12,4,1,2,1,3,5,2,-1,1,2,1,3,2,0,1,1,0,4,3,0,4,4,4,0,0,1,1,0,1,6,1
KR_6757125398,420,4,46,16,5,4,7,3,-1,1,2,-1,3,4,2,3,1,1,1,0,0,1,-4,-1,4,3,1,0,0,-1,0,1,1,3,1
KR_6757129308,420,-2,-56,1,-1,-4,0,4,1,2,1,2,4,2,2,3,1,-2,0,2,0,0,6,0,5,5,3,0,1,1,-1,-1,-1,6,1
KR_6762180683,420,-1,-12,16,-9,-3,1,4,-2,2,4,-3,3,6,-1,1,2,0,1,1,0,-4,-12,-4,8,4,3,0,0,1,1,0,-1,4,1
KR_6756027361,420,4,22,-13,6,3,6,3,1,2,1,-2,1,3,0,1,1,4,4,0,-1,3,180,-4,7,3,0,0,-1,1,0,-1,-1,5,1
KR_6684060471,420,3,12,3,8,-3,2,5,4,7,3,2,2,0,2,4,2,3,3,0,0,5,-1,4,2,6,-1,0,0,1,-1,-1,-1,2,1
KR_6741313579,420,6,106,17,9,2,2,0,6,8,2,2,2,0,-2,0,2,1,2,1,1,5,124,2,1,3,-1,0,2,1,1,1,1,6,1
KR_6766157069,420,0,41,2,2,2,4,2,-2,1,3,0,3,3,1,3,2,1,2,1,1,-1,351,-6,7,1,3,0,0,1,1,1,1,6,1
KR_6758935711,420,0,-19,-19,3,1,1,0,-1,3,4,-1,3,4,4,8,4,0,2,2,-1,-5,1,7,1,8,2,0,-1,-1,-1,-1,-1,2,1
KR_6697775853,420,3,14,6,4,2,3,1,0,5,5,1,2,1,1,2,1,0,1,1,0,10,390,3,3,6,-2,0,0,1,0,1,-1,4,1
KR_6703186507,440,3,63,4,13,4,5,1,-2,0,2,-3,0,3,7,10,3,7,8,1,2,10,-10,2,3,5,1,0,0,1,0,0,1,2,1
KR_6690958435,420,1,37,-14,1,3,5,2,-3,1,4,1,2,1,-4,0,4,4,5,1,-2,0,-92,0,6,6,3,0,0,1,-1,1,-1,1,1
KR_6744484949,420,1,52,7,-1,2,4,2,-4,3,7,2,4,2,0,2,2,-1,0,1,0,-4,10,4,4,8,-1,0,1,1,1,1,-1,2,1
KR_6758373267,420,2,-6,24,1,-2,0,2,4,6,2,-1,1,2,3,6,3,-3,0,3,0,8,3,0,3,3,-2,0,0,1,-1,0,-1,2,1
KR_6766020914,420,3,41,-16,7,2,3,1,2,4,2,2,2,0,1,3,2,0,1,1,0,5,-1,3,6,9,4,0,0,1,1,0,-1,4,1
KR_6733458892,420,4,106,20,0,-2,1,3,-2,2,4,1,3,2,1,2,1,2,2,0,0,-3,109,-3,9,6,-3,0,1,-1,1,1,-1,5,1
KR_6764849661,420,-1,26,7,-4,1,3,2,2,3,1,-1,1,2,-6,0,6,0,2,2,0,-12,-13,-4,6,2,2,0,0,-1,1,1,-1,1,1
KR_6671774270,420,-3,-72,-1,-1,-6,1,7,2,4,2,-1,2,3,4,4,0,0,1,1,1,3,3,0,7,7,-3,0,-1,-1,1,-1,1,1,1
KR_6759935127,420,3,54,12,0,4,5,1,-2,2,4,-2,0,2,3,3,0,-3,0,3,0,0,-10,-6,10,4,-1,0,1,1,-1,1,1,4,1
KR_6739756529,440,4,97,9,10,2,2,0,-2,2,4,-1,2,3,8,9,1,3,3,0,2,15,-3,4,2,6,-3,0,2,-1,1,1,1,4,1
KR_6765122812,420,1,-10,-7,1,1,3,2,0,3,3,-3,0,3,2,7,5,1,1,0,0,-3,-1,2,6,8,2,0,0,-1,1,0,1,1,1
KR_6762126573,440,2,30,28,5,0,2,2,-2,1,3,0,3,3,3,5,2,4,5,1,0,0,102,4,6,10,-3,0,1,0,1,1,1,0,1
KR_6756396931,420,1,6,-2,6,2,3,1,0,1,1,1,3,2,1,4,3,2,3,1,0,3,-28,2,3,5,31,0,1,1,1,1,1,1,1
KR_6737581541,420,0,-28,18,4,-1,3,4,3,3,0,-1,1,2,3,3,0,0,0,0,0,12,1,2,3,5,2,0,0,1,0,0,-1,1,1
KR_6717651150,420,4,28,23,7,3,3,0,3,5,2,-1,4,5,1,5,4,1,1,0,0,2,-19,-5,8,3,8,0,2,-1,1,1,1,3,1
KR_6523486019,420,-1,-17,-5,-2,-1,0,1,1,5,4,-3,4,7,-1,2,3,2,4,2,0,-10,-7,-6,8,2,3,0,-1,1,-1,-1,-1,3,1
KR_6762333922,420,4,74,45,15,1,2,1,6,6,0,6,8,2,3,4,1,-1,3,4,0,8,44,6,4,10,-17,0,0,0,1,-1,-1,0,1
KR_6591679806,420,7,37,18,15,-1,0,1,11,12,1,7,7,0,-1,3,4,-1,0,1,0,7,29,-1,6,5,-3,0,2,1,-1,1,1,2,1
KR_6761262887,420,-3,-88,-8,-6,-4,0,4,0,6,6,-2,0,2,1,4,3,-1,0,1,0,-5,9,0,5,5,3,0,-1,-1,0,-1,-1,3,1
KR_6761763226,440,-1,71,-14,3,6,7,1,1,1,0,-2,0,2,-2,2,4,0,1,1,0,-2,-8,-1,5,4,3,0,1,1,-1,1,1,4,1
KR_6728684111,420,1,48,-8,2,0,4,4,2,4,2,-2,2,4,1,1,0,1,2,1,0,4,7,0,5,5,4,0,2,1,1,1,-1,3,1
KR_6751276438,420,1,29,16,-1,-2,0,2,-2,0,2,3,5,2,1,2,1,-1,2,3,1,-2,139,0,7,7,3,0,0,1,1,0,1,4,1
KR_6762128647,420,1,-41,12,5,1,3,2,1,4,3,-1,0,1,2,4,2,2,3,1,0,4,-1,0,7,7,2,0,0,1,-1,0,-1,3,1
KR_6694857484,420,2,19,-3,13,-1,2,3,0,3,3,7,8,1,5,7,2,2,3,1,0,8,116,1,4,5,2,0,3,1,-1,1,1,3,1
KR_6753859250,440,2,86,6,-2,0,2,2,-2,0,2,-1,0,1,0,0,0,1,3,2,0,-8,3,-5,7,2,-1,0,-1,-1,-1,1,-1,6,1
KR_6737316195,420,5,59,16,14,3,4,1,4,7,3,2,3,1,4,4,0,1,2,1,0,9,-9,-6,10,4,5,0,1,1,1,1,1,4,1
KR_6514647021,440,1,-71,16,-5,1,6,5,-1,1,2,0,7,7,-5,1,6,0,1,1,0,2,-11,0,4,4,-1,0,-1,-1,-1,-1,-1,6,1
KR_6755579715,420,0,-20,11,-1,0,1,1,-2,1,3,1,3,2,-1,1,2,1,2,1,1,-3,9,-1,8,7,1,0,0,1,1,0,1,1,1
KR_6722048519,420,2,-14,8,3,2,3,1,1,5,4,2,2,0,-2,5,7,0,2,2,0,-3,100,-4,7,3,3,0,0,1,-1,-1,1,3,1
KR_6735097549,420,2,40,28,0,0,1,1,-3,1,4,2,3,1,1,2,1,0,2,2,-1,-2,117,-2,6,4,9,0,0,1,1,0,-1,1,1
KR_6757112910,420,2,-26,12,5,1,2,1,-1,3,4,7,8,1,-4,2,6,2,3,1,-1,5,9,1,5,6,2,0,1,1,1,1,-1,1,1
KR_6763081515,420,3,36,6,5,3,4,1,-2,1,3,-1,1,2,4,5,1,1,2,1,0,7,10,3,5,8,0,0,1,1,-1,1,-1,3,1
KR_6752124754,420,3,-3,3,7,0,2,2,4,7,3,-1,0,1,4,4,0,0,1,1,0,5,1,4,1,5,2,0,1,-1,1,1,-1,3,1
KR_6669256003,420,2,17,-4,2,2,4,2,-1,0,1,0,1,1,-1,1,2,2,3,1,0,-1,7,0,4,4,-1,0,0,-1,-1,0,-1,5,1
KR_6679977851,420,2,-4,2,4,-1,1,2,3,3,0,4,4,0,0,2,2,-2,1,3,0,7,-4,3,5,8,-1,0,0,1,1,0,1,5,1
KR_6683855867,420,3,34,48,8,1,4,3,-3,1,4,1,2,1,8,8,0,1,1,0,-1,10,4,-3,7,4,0,0,2,1,1,1,-1,2,1
KR_6582389127,420,3,63,7,15,2,2,0,4,7,3,10,10,0,1,2,1,-2,0,2,0,16,-82,2,5,7,4,0,0,1,1,1,1,6,1
KR_6763223670,420,2,51,-11,4,2,3,1,5,8,3,0,0,0,0,2,2,-3,2,5,0,3,2,4,3,7,6,0,0,1,1,0,-1,4,1
KR_6757195728,420,3,0,-17,-1,-2,1,3,3,5,2,1,1,0,0,6,6,-3,0,3,0,0,68,1,4,5,3,0,-1,1,-1,-1,-1,6,1
KR_6754941649,420,2,-17,3,4,0,1,1,1,1,0,0,3,3,3,3,0,0,1,1,0,4,1,1,4,5,-4,0,-1,-1,-1,-1,-1,2,1
KR_6760513785,440,3,-20,4,2,2,3,1,-3,3,6,2,3,1,0,2,2,1,3,2,1,5,-4,-3,8,5,5,0,0,1,-1,0,-1,3,1
KR_6733899737,440,1,-8,7,5,-2,1,3,6,6,0,0,3,3,0,4,4,1,1,0,0,6,9,2,3,5,-6,0,1,-1,1,1,1,5,1
KR_6762195770,420,4,-39,16,6,2,2,0,-2,4,6,1,1,0,3,6,3,2,2,0,0,9,36,-2,4,2,-2,0,1,1,0,1,1,2,1
KR_6696923244,420,5,-12,18,17,1,1,0,4,5,1,7,7,0,4,4,0,1,1,0,0,23,-15,3,7,10,6,0,0,1,1,0,1,3,1
KR_6631661062,420,3,-34,-28,13,0,1,1,1,4,3,6,8,2,4,5,1,2,2,0,0,7,6,7,1,8,0,0,0,1,1,0,1,2,1
KR_6754431380,420,0,43,-10,6,8,9,1,-2,1,3,1,3,2,-1,2,3,0,1,1,0,1,-1,1,5,6,2,0,1,-1,1,1,1,3,1
KR_6738843896,420,6,57,31,16,6,6,0,5,5,0,1,3,2,0,1,1,4,4,0,1,21,-1,4,2,6,1,0,0,1,1,1,1,4,1
KR_6730634881,420,1,-41,17,0,1,1,0,-2,2,4,1,2,1,-3,4,7,3,4,1,0,-1,9,-1,6,5,-5,0,-1,-1,1,-1,-1,4,1
KR_6448957738,420,1,7,22,6,3,3,0,0,2,2,-2,2,4,2,5,3,3,4,1,0,3,16,-2,7,5,-3,0,1,1,1,1,-1,6,1
KR_6764507562,420,-3,-48,-14,-5,-1,0,1,0,0,0,0,2,2,-1,2,3,-3,0,3,0,-3,-39,-1,5,4,16,0,-2,-1,1,-1,1,5,1
KR_6686758421,420,-1,4,14,2,-1,1,2,-2,0,2,3,3,0,1,3,2,1,1,0,0,7,-1,-2,6,4,1,0,1,1,1,1,1,3,1
KR_6753543828,420,5,57,-1,9,5,5,0,2,3,1,0,2,2,2,2,0,0,3,3,0,11,-45,-4,8,4,4,0,1,-1,1,1,1,6,1
KR_6764558468,420,1,5,17,2,-1,1,2,1,4,3,3,3,0,2,6,4,-3,1,4,0,0,7,4,1,5,2,0,-2,-1,-1,-1,-1,4,1
KR_6741827072,420,3,48,28,17,3,4,1,3,3,0,3,5,2,4,4,0,4,4,0,0,18,-2,4,4,8,5,0,1,1,1,1,1,6,1
KR_6760550017,420,3,51,-9,10,2,2,0,1,4,3,3,5,2,2,3,1,2,2,0,0,6,10,3,3,6,4,0,1,-1,1,1,1,1,1
KR_6748699044,420,4,22,19,5,-2,0,2,0,4,4,2,2,0,3,4,1,2,2,0,0,15,-2,-2,8,6,2,0,0,1,-1,-1,1,1,1
KR_6741280000,440,3,31,4,8,0,1,1,-1,0,1,4,4,0,4,4,0,1,1,0,0,13,3,4,1,5,-4,0,0,1,-1,0,1,4,1
KR_6764065232,420,-2,29,-5,-3,-2,0,2,-6,0,6,2,2,0,3,4,1,0,0,0,0,-5,-15,2,5,7,-1,0,0,1,-1,0,1,4,1
KR_6763977422,420,2,4,-28,5,0,0,0,-1,1,2,6,7,1,0,2,2,0,1,1,0,4,4,-1,4,3,2,0,-1,0,-1,-1,-1,0,1
KR_6754992432,420,-2,10,-27,0,-3,1,4,-3,1,4,-2,5,7,6,6,0,2,2,0,0,1,3,3,2,5,-2,0,-1,1,-1,-1,-1,4,1
KR_6751720512,420,6,53,4,24,-3,0,3,5,6,1,12,12,0,11,12,1,-1,2,3,-1,17,113,0,5,5,3,0,1,1,1,1,-1,6,1
KR_6728131930,440,3,13,7,7,1,1,0,10,12,2,-4,0,4,0,1,1,0,2,2,0,10,-11,4,3,7,-4,0,1,-1,1,1,-1,2,1
KR_6746784886,420,2,21,-6,8,2,3,1,-2,1,3,3,3,0,3,6,3,2,2,0,1,8,3,0,7,7,2,0,0,-1,1,0,1,3,1
KR_6725563351,420,-1,5,15,11,1,3,2,2,5,3,3,7,4,5,5,0,0,0,0,0,7,-25,-3,8,5,3,0,0,1,1,-1,1,5,1
KR_6750820592,420,-1,-45,23,-3,-3,3,6,3,7,4,-1,2,3,-1,1,2,-1,1,2,-1,-2,-17,0,5,5,1,0,0,0,-1,-1,-1,0,1
KR_6745636968,420,3,29,16,9,1,3,2,6,8,2,-1,4,5,3,4,1,0,3,3,0,9,21,1,2,3,3,0,0,1,1,1,1,5,1
KR_6762926164,440,1,31,24,3,3,4,1,0,1,1,0,2,2,-1,4,5,1,1,0,0,7,-7,-4,8,4,3,0,1,1,1,1,1,6,1
KR_6757143623,420,1,86,-16,8,5,5,0,0,1,1,0,3,3,0,1,1,3,3,0,0,5,0,0,4,4,5,0,2,0,1,1,1,0,1
KR_6728047331,420,4,37,8,7,-1,1,2,4,5,1,2,5,3,1,2,1,1,2,1,0,6,4,0,6,6,-2,0,0,-1,0,0,-1,3,1
KR_6766042121,420,-1,-63,4,3,-1,0,1,-2,2,4,0,3,3,6,6,0,0,0,0,0,5,-20,-3,7,4,4,0,0,0,1,0,1,0,1
KR_6762593190,440,1,57,-42,1,-3,2,5,-1,1,2,0,2,2,5,9,4,0,1,1,0,-1,-39,-2,5,3,-1,0,0,-1,1,1,1,5,1
KR_6760020583,420,5,42,12,10,3,4,1,3,3,0,0,2,2,5,5,0,-1,1,2,0,10,13,1,5,6,1,0,2,1,1,1,1,4,1
KR_6697214682,420,2,46,14,3,2,2,0,-1,2,3,3,4,1,-2,1,3,1,1,0,0,5,22,2,4,6,-1,0,0,1,-1,-1,-1,6,1
KR_6644553238,420,5,22,5,9,0,2,2,-4,1,5,4,6,2,6,6,0,3,3,0,0,10,15,6,2,8,-4,0,2,-1,-1,1,1,4,1
KR_6702582285,440,1,51,-9,3,2,4,2,2,2,0,-1,1,2,-1,2,3,1,1,0,0,2,-5,4,0,4,3,0,2,1,1,1,1,4,1
KR_6756828838,420,1,9,-21,6,-1,0,1,4,5,1,0,4,4,1,3,2,2,3,1,0,14,-101,-1,7,6,2,0,0,1,1,1,1,2,1
KR_6746348495,420,0,2,47,-2,1,1,0,1,2,1,3,6,3,-8,0,8,1,1,0,-3,-3,-52,1,8,9,6,0,0,1,1,-1,-1,2,1
KR_6749666733,420,0,24,-17,4,-2,2,4,4,5,1,-1,2,3,1,3,2,2,3,1,0,7,-14,2,5,7,5,0,1,1,1,1,1,5,1
KR_6760584708,440,4,84,19,10,3,4,1,-3,4,7,0,0,0,9,9,0,1,1,0,0,8,-30,1,4,5,-1,0,2,-1,1,1,1,3,1
KR_6748047749,420,4,32,2,9,0,1,1,2,3,1,-1,3,4,3,3,0,5,5,0,0,11,-11,1,4,5,7,0,3,1,1,1,1,1,1
KR_6764582612,420,3,14,4,8,2,4,2,1,3,2,5,6,1,0,6,6,0,0,0,0,5,106,1,5,6,-4,0,2,1,1,1,1,2,1
KR_6692383632,420,-2,22,2,-3,-6,0,6,3,5,2,1,2,1,0,4,4,-1,2,3,0,1,1,1,4,5,6,0,0,1,-1,-1,-1,2,1
KR_6615533380,420,0,-22,-28,-4,-4,1,5,-1,0,1,1,5,4,0,2,2,0,2,2,0,-1,-2,2,3,5,-1,0,0,0,1,0,-1,0,1
KR_6762493014,420,9,118,16,18,6,6,0,-2,0,2,6,7,1,4,5,1,4,4,0,0,11,49,1,6,7,-19,0,4,1,1,1,-1,6,1
KR_6740611755,420,-1,-9,-16,1,-1,1,2,0,4,4,4,6,2,-4,0,4,2,4,2,0,2,11,-3,5,2,-2,0,0,-1,-1,-1,-1,4,1
KR_6628580772,420,3,28,-16,7,3,3,0,5,8,3,-3,0,3,0,5,5,2,2,0,0,15,8,3,3,6,2,0,1,-1,1,1,-1,4,1
KR_6757178355,420,-1,-23,29,4,2,3,1,-1,1,2,-2,3,5,2,3,1,3,3,0,0,4,-70,1,4,5,4,0,1,1,1,1,-1,2,1
KR_6758877423,420,1,96,8,4,-4,0,4,0,2,2,1,2,1,5,7,2,2,2,0,0,9,-3,-5,9,4,1,0,0,1,-1,0,1,4,1
KR_6756313834,420,3,21,1,4,3,3,0,-3,3,6,5,5,0,-4,1,5,3,3,0,0,-2,7,2,5,7,0,0,0,1,1,0,-1,4,1
KR_6765491488,420,0,-34,-9,-2,-1,1,2,-4,2,6,1,2,1,-1,2,3,3,3,0,0,-5,133,-2,5,3,-2,0,1,-1,1,1,1,2,1
KR_6750891431,420,1,-56,20,10,-1,1,2,1,1,0,-1,2,3,6,6,0,5,5,0,0,18,15,0,7,7,-2,0,1,1,-1,1,1,2,1
KR_6745842553,420,2,8,8,4,4,5,1,-1,0,1,-4,0,4,4,7,3,1,1,0,0,2,-23,1,2,3,4,0,1,1,1,1,-1,4,1
KR_6634797161,420,6,32,26,11,7,7,0,-4,0,4,2,2,0,6,9,3,0,0,0,1,9,9,-1,8,7,3,0,2,1,1,1,1,3,1
KR_6761574448,420,1,29,12,7,-1,0,1,-3,2,5,3,6,3,6,9,3,2,3,1,0,3,3,0,5,5,3,0,0,1,-1,1,1,2,1
KR_6573882805,420,-1,5,14,5,2,3,1,4,5,1,1,2,1,-2,1,3,0,0,0,0,8,16,3,5,8,1,0,0,-1,1,1,1,3,1
KR_6739209155,420,-7,-19,-12,-6,-1,2,3,4,7,3,-3,1,4,-1,2,3,-5,2,7,0,-5,-34,-2,8,6,0,0,-2,-1,-1,-1,-1,2,1
KR_6757324474,420,3,85,23,10,6,7,1,1,1,0,4,5,1,1,3,2,-2,0,2,0,5,-4,2,5,7,0,0,1,1,1,1,1,6,1
KR_6723686859,420,5,36,22,12,5,6,1,4,5,1,3,4,1,1,2,1,-1,1,2,0,7,-5,-3,6,3,0,0,2,1,1,1,1,5,1
KR_6721128708,440,0,16,-33,9,3,3,0,1,3,2,8,9,1,0,2,2,-3,0,3,2,20,37,2,2,4,6,0,1,1,0,1,1,2,1
KR_6739973397,440,2,87,-12,4,0,2,2,-1,0,1,2,3,1,-1,3,4,4,4,0,1,2,-7,-3,9,6,1,0,0,-1,1,0,1,3,1
KR_6760793940,420,1,40,-12,4,3,3,0,-2,3,5,3,4,1,-3,3,6,3,3,0,0,3,10,1,3,4,-5,0,2,1,1,1,1,1,1
KR_6693008749,420,1,53,-4,6,-8,1,9,3,6,3,0,2,2,11,14,3,0,1,1,1,9,1,0,3,3,-3,0,0,1,1,-1,-1,6,1
KR_6741985510,440,-1,95,-51,2,0,0,0,-1,2,3,1,1,0,1,1,0,1,1,0,0,3,-41,-1,6,5,7,0,1,1,-1,1,1,4,1
KR_6750581918,420,0,98,-7,7,4,4,0,6,7,1,-1,2,3,-3,2,5,1,1,0,1,5,-3,-3,8,5,0,0,1,1,-1,1,1,6,1
KR_6722226358,420,4,19,8,7,2,3,1,1,1,0,2,2,0,2,2,0,0,0,0,0,7,-8,-3,8,5,6,0,0,1,-1,0,-1,6,1
KR_6727536457,420,0,38,36,3,-1,0,1,2,6,4,-2,1,3,3,4,1,1,1,0,0,4,45,6,4,10,-1,0,0,-1,1,1,-1,1,1
KR_6744030298,420,1,-20,-17,4,3,3,0,1,4,3,1,2,1,0,5,5,-1,0,1,-1,7,-2,0,8,8,0,0,0,1,1,0,-1,4,1
KR_6757328408,420,-1,0,5,3,0,2,2,2,2,0,0,2,2,0,2,2,1,2,1,0,2,-2,-3,8,5,3,0,0,1,-1,0,-1,6,1
KR_6757273841,420,7,52,14,16,3,6,3,6,7,1,6,7,1,1,3,2,0,3,3,4,26,9,3,4,7,-3,0,1,1,1,1,1,6,1
KR_6752140187,420,3,29,32,10,-1,0,1,2,5,3,5,6,1,2,3,1,2,2,0,0,9,36,3,3,6,-18,0,2,-1,1,1,1,1,1
KR_6756423016,420,-2,-31,-13,-2,0,1,1,0,2,2,1,4,3,-4,2,6,1,2,1,0,-6,-9,2,1,3,3,0,-1,-1,1,-1,1,4,1
KR_6762530865,420,-1,0,-6,-1,1,4,3,4,5,1,-3,0,3,0,1,1,-3,1,4,0,-1,-3,4,9,13,-4,0,1,1,1,1,1,3,1
KR_6701700336,420,6,89,36,13,4,4,0,4,4,0,1,2,1,6,7,1,-2,0,2,0,13,-18,2,4,6,6,0,5,1,1,1,-1,1,1
KR_6684287458,420,6,16,30,10,2,3,1,6,6,0,0,1,1,1,4,3,1,1,0,0,13,32,1,4,5,-1,0,1,0,1,1,1,0,1
KR_6757936406,440,4,-5,41,2,-2,0,2,3,8,5,0,3,3,0,1,1,1,2,1,0,4,-14,-3,4,1,1,0,0,-1,-1,0,-1,4,1
KR_6680944821,420,-4,-69,-24,-5,-2,0,2,-3,0,3,-1,3,4,2,2,0,-1,0,1,0,-3,3,3,3,6,0,0,0,-1,-1,0,-1,4,1
KR_6760924266,420,0,41,2,3,1,3,2,0,3,3,2,2,0,-5,1,6,5,5,0,0,4,-9,-3,8,5,1,0,0,-1,1,0,1,6,1
KR_6692233652,420,1,-8,13,4,9,10,1,1,5,4,0,1,1,-7,2,9,1,2,1,0,0,2,1,3,4,-3,0,1,-1,0,1,1,4,1
KR_6601591414,420,3,67,20,5,2,4,2,2,2,0,-1,3,4,1,5,4,1,1,0,0,-8,-3,-3,5,2,4,0,0,0,1,1,1,0,1
KR_6765206035,420,5,42,5,7,1,3,2,0,2,2,2,5,3,0,1,1,4,6,2,0,8,40,3,2,5,-4,0,1,-1,-1,1,1,5,1
KR_6732876362,420,-5,-31,-11,-9,-5,1,6,1,1,0,-4,1,5,0,2,2,-1,1,2,0,-11,5,4,5,9,-8,0,0,-1,-1,0,-1,3,1
KR_6719188855,420,2,106,18,10,4,5,1,1,2,1,1,1,0,1,3,2,3,5,2,0,9,-27,1,2,3,1,0,1,-1,1,1,1,2,1
KR_6753692303,420,3,10,-9,7,2,2,0,2,4,2,1,2,1,3,5,2,-1,0,1,0,7,111,1,5,6,0,0,0,1,-1,1,1,4,1
KR_6764640151,420,-2,29,-23,1,0,4,4,0,1,1,1,3,2,2,4,2,-2,0,2,0,-2,-2,0,6,6,0,0,-2,1,-1,-1,1,5,1
KR_6758588400,420,3,86,47,5,4,4,0,-2,2,4,2,3,1,3,4,1,-2,0,2,0,-1,-10,4,1,5,0,0,1,1,1,1,-1,2,1
KR_6743043273,420,3,13,7,9,2,8,6,1,4,3,2,5,3,3,4,1,1,2,1,-1,-2,0,4,2,6,-5,0,-1,0,1,-1,-1,0,1
KR_6714379175,440,3,52,13,4,0,1,1,-2,1,3,0,2,2,-1,1,2,7,8,1,-1,5,2,-1,7,6,3,0,2,1,1,1,-1,3,1
KR_6746735537,420,0,11,23,-5,-3,1,4,1,2,1,1,3,2,-6,0,6,2,2,0,2,-2,-11,-5,9,4,0,0,0,1,1,-1,1,6,1
KR_6730718658,420,-1,25,32,2,-3,0,3,2,3,1,0,3,3,6,8,2,-3,0,3,-1,-1,-1,-8,11,3,4,0,-1,-1,1,1,-1,6,1
KR_6691939652,420,0,15,-19,-6,1,1,0,-3,2,5,-5,0,5,2,3,1,-1,1,2,0,0,4,3,3,6,7,0,1,-1,-1,1,-1,4,1
KR_6764527456,440,3,39,28,1,0,2,2,1,3,2,-2,3,5,4,5,1,-2,1,3,0,-2,2,0,4,4,0,0,1,-1,0,1,1,2,1
KR_6693951371,420,5,-11,-12,13,1,2,1,1,4,3,7,7,0,2,4,2,2,2,0,0,10,11,1,5,6,0,0,1,1,1,1,1,4,1
KR_6758991544,420,3,82,-10,0,3,5,2,0,1,1,-5,1,6,2,6,4,0,1,1,0,-2,-8,-3,8,5,6,0,1,-1,-1,1,-1,2,1
KR_6752887834,420,1,-37,-2,-3,0,2,2,1,3,2,-2,1,3,-4,0,4,2,3,1,-1,-9,3,-3,7,4,-2,0,0,1,0,0,-1,3,1
KR_6617469481,420,4,74,11,11,6,6,0,0,6,6,2,3,1,6,6,0,-3,0,3,0,5,6,0,7,7,5,0,3,1,1,1,1,4,1
KR_6728027233,420,-1,-3,0,2,-2,2,4,7,7,0,-1,0,1,0,3,3,-2,0,2,0,8,-26,0,5,5,4,0,-2,1,-1,-1,-1,1,1
KR_6573329848,420,3,49,11,3,-1,1,2,3,3,0,3,5,2,0,3,3,-2,0,2,0,-1,34,-2,7,5,5,0,2,-1,1,1,-1,5,1
KR_6757809534,440,4,49,3,2,5,6,1,-2,0,2,-1,3,4,-3,1,4,3,3,0,0,-2,-5,-1,7,6,3,0,1,0,1,1,-1,0,1
KR_6746167906,420,0,13,11,-3,2,2,0,-3,4,7,2,3,1,-3,2,5,-1,0,1,0,-9,13,2,5,7,-3,0,0,-1,1,1,-1,3,1
KR_6657176407,420,0,36,-17,3,0,1,1,1,3,2,-2,1,3,3,3,0,1,1,0,0,2,-6,0,6,6,1,0,2,-1,1,1,1,3,1
KR_6746109954,440,3,16,20,5,1,2,1,3,4,1,-4,1,5,4,5,1,1,2,1,0,6,-6,-1,6,5,-1,0,1,1,1,1,1,1,1
KR_6736580478,420,-4,12,-22,-2,0,0,0,-1,3,4,1,3,2,1,3,2,-3,0,3,0,-4,3,6,2,8,-2,0,0,-1,1,0,1,6,1
KR_6762853041,420,0,41,16,3,-3,1,4,5,8,3,-2,2,4,0,4,4,3,4,1,1,13,-7,3,5,8,1,0,0,-1,0,1,1,4,1
KR_6743976028,420,2,1,24,4,2,3,1,1,3,2,-1,3,4,-1,1,2,3,3,0,0,6,-107,1,5,6,1,0,0,1,-1,0,1,4,1
KR_6743698352,420,1,-21,12,0,-3,0,3,2,5,3,-1,0,1,2,2,0,0,0,0,0,3,5,2,3,5,-2,0,0,-1,-1,-1,-1,4,1
KR_6729679555,420,2,24,12,-4,1,2,1,-1,2,3,-4,0,4,-1,0,1,1,4,3,0,-7,-4,0,6,6,-3,0,0,1,1,0,-1,2,1
KR_6754225666,420,0,74,4,0,0,2,2,-3,0,3,2,2,0,2,4,2,-1,0,1,0,-1,-5,-1,5,4,5,0,1,-1,1,1,1,4,1
KR_6765457330,420,5,46,-7,15,2,3,1,2,4,2,5,5,0,3,4,1,3,3,0,0,13,19,2,2,4,-1,0,3,0,1,1,1,0,1
KR_6640863813,440,1,53,-12,7,2,3,1,-1,1,2,4,4,0,3,3,0,-1,3,4,2,5,33,-5,7,2,-4,0,0,-1,0,0,1,4,1
KR_6685649877,420,-1,60,4,-3,0,3,3,-3,1,4,0,1,1,0,1,1,0,0,0,1,-5,-6,0,7,7,0,0,0,-1,1,0,1,6,1
KR_6665664785,420,1,-16,-12,2,0,2,2,-4,1,5,3,5,2,2,2,0,1,1,0,0,6,5,-2,7,5,0,0,0,1,-1,0,1,4,1
KR_6754272277,420,0,35,-4,-3,-2,0,2,0,6,6,1,2,1,-2,2,4,0,1,1,0,4,-42,0,4,4,30,0,-1,-1,1,-1,-1,4,1
KR_6752096185,420,-3,30,-4,-3,-4,0,4,1,3,2,2,4,2,0,1,1,-2,0,2,0,3,5,2,5,7,-5,0,0,1,-1,0,-1,2,1
KR_6762259977,420,3,20,-16,2,1,3,2,1,4,3,1,2,1,1,3,2,-2,2,4,0,5,0,0,6,6,-1,0,1,-1,1,1,1,2,1
KR_6717499669,420,3,18,27,6,6,6,0,1,4,3,-4,4,8,-1,4,5,4,4,0,-1,5,-22,0,6,6,2,0,1,-1,1,1,-1,1,1
KR_6634703510,420,1,-15,-12,4,2,3,1,0,2,2,2,3,1,1,2,1,-1,0,1,1,8,4,2,4,6,2,0,-1,1,-1,1,1,2,1
KR_6763055146,420,3,0,0,8,1,2,1,1,2,1,6,7,1,0,2,2,0,1,1,-1,4,9,-5,7,2,6,0,0,1,-1,0,-1,2,1
KR_6746084349,420,0,46,-4,8,4,4,0,1,1,0,-1,0,1,4,4,0,0,0,0,0,11,-3,1,5,6,-2,0,1,-1,1,1,1,2,1
KR_6755398116,420,0,12,-4,-2,-4,0,4,2,2,0,2,2,0,-3,1,4,1,2,1,0,-2,4,-3,6,3,-2,0,0,-1,0,0,1,2,1
KR_6765841333,420,1,-66,11,-1,-4,1,5,2,4,2,-2,2,4,3,3,0,0,2,2,0,2,-5,-2,5,3,1,0,0,-1,0,0,-1,1,1
KR_6748783987,420,2,26,53,5,5,5,0,-1,1,2,1,3,2,0,4,4,0,1,1,-1,1,86,3,2,5,-3,0,1,1,1,1,-1,5,1
KR_6751697452,420,-2,11,-7,8,2,4,2,4,5,1,6,6,0,-2,5,7,-2,0,2,2,6,11,2,3,5,-1,0,1,-1,1,1,1,6,1
KR_6759479547,420,-2,8,-32,-5,2,2,0,-2,1,3,-2,2,4,0,1,1,-3,0,3,1,-3,-6,-3,9,6,0,0,-1,1,1,-1,1,5,1
KR_6734550987,420,4,50,40,7,6,6,0,-4,4,8,3,4,1,2,4,2,0,1,1,1,0,-3,-2,7,5,1,0,0,-1,1,1,1,1,1
KR_6682728249,420,0,-62,24,1,-2,1,3,1,4,3,0,0,0,2,4,2,0,0,0,0,-1,-12,-4,7,3,6,0,-1,-1,-1,-1,1,4,1
KR_6662265054,420,2,28,-8,4,-3,0,3,2,3,1,-1,0,1,4,8,4,2,2,0,0,3,-4,-1,4,3,-3,0,1,1,-1,1,1,2,1
KR_6654039972,420,2,-3,-14,5,0,0,0,-2,3,5,3,5,2,2,4,2,2,2,0,0,4,-3,2,3,5,2,0,1,1,-1,1,1,1,1
KR_6757073386,420,4,21,4,9,3,4,1,4,6,2,-1,2,3,-1,2,3,4,5,1,0,3,42,-5,8,3,-14,0,0,1,1,1,1,5,1
KR_6745241724,420,0,46,-6,1,4,4,0,0,1,1,-1,0,1,-1,3,4,-1,0,1,0,-1,123,3,6,9,-16,0,2,1,-1,1,-1,4,1
KR_6747118231,440,0,18,7,1,0,1,1,1,2,1,-2,0,2,0,0,0,2,2,0,0,2,1,0,4,4,2,0,0,1,-1,0,1,3,1
KR_6730471953,420,4,58,-7,8,-1,2,3,8,10,2,1,4,3,2,4,2,-2,0,2,0,10,6,6,3,9,-1,0,1,1,-1,1,-1,6,1
KR_6731438466,420,8,96,25,6,1,1,0,-3,2,5,5,5,0,3,5,2,0,1,1,0,2,4,0,2,2,3,0,1,-1,1,1,1,6,1
KR_6737871477,420,2,19,8,3,-3,2,5,1,7,6,6,6,0,-3,0,3,2,3,1,-1,-4,-5,-4,6,2,2,0,0,-1,-1,-1,-1,4,1
KR_6623279048,420,4,-9,27,11,5,5,0,7,7,0,0,2,2,1,1,0,-2,0,2,0,13,-2,3,5,8,5,0,1,1,1,1,1,2,1
KR_6763153896,420,5,77,9,9,4,4,0,-6,2,8,7,8,1,4,5,1,0,0,0,1,-6,-4,0,5,5,2,0,1,-1,1,1,1,6,1
KR_6692423562,420,4,-33,40,10,-1,3,4,3,3,0,8,9,1,0,0,0,0,0,0,0,22,0,0,6,6,4,0,0,1,1,1,-1,3,1
KR_6764689283,420,2,-46,7,8,-2,1,3,5,5,0,0,0,0,3,4,1,2,2,0,0,13,-6,-1,6,5,4,0,1,-1,1,1,1,4,1
KR_6748577110,420,6,123,4,14,2,3,1,8,9,1,0,5,5,2,2,0,2,4,2,0,20,-8,-3,7,4,0,0,0,1,-1,1,-1,4,1
KR_6760752301,440,4,3,11,10,0,2,2,1,3,2,2,7,5,2,3,1,5,5,0,0,5,13,1,3,4,3,0,1,1,-1,1,-1,3,1
KR_6734468500,420,4,-10,32,11,1,2,1,4,7,3,1,1,0,4,6,2,1,2,1,0,11,3,3,8,11,1,0,0,-1,1,0,-1,4,1
KR_6639455213,420,-1,-58,5,5,-3,0,3,5,6,1,2,2,0,1,1,0,0,1,1,0,9,-1,0,8,8,2,0,1,1,1,1,1,6,1
KR_6741508356,420,6,102,54,11,0,2,2,4,4,0,4,8,4,2,5,3,1,2,1,2,17,3,2,4,6,4,0,1,1,1,1,1,4,1
KR_6762780693,440,1,32,-12,6,4,5,1,4,6,2,-6,1,7,1,3,2,3,4,1,0,6,-1,-3,4,1,0,0,-1,0,1,-1,1,0,1
KR_6762836411,420,3,8,20,3,-3,1,4,1,2,1,0,3,3,3,9,6,2,2,0,2,-1,2,0,7,7,0,0,0,1,1,1,1,2,1
KR_6746374432,420,0,45,-4,4,-2,0,2,0,3,3,1,2,1,3,3,0,2,2,0,0,9,7,3,3,6,1,0,1,1,-1,1,-1,2,1
KR_6764816447,440,2,-35,40,4,8,9,1,-1,4,5,1,1,0,-3,2,5,-1,0,1,1,3,2,8,2,10,-2,0,-1,-1,1,1,1,5,1
KR_6764204885,420,-4,-16,1,-5,-7,1,8,-1,1,2,4,5,1,0,6,6,-1,4,5,0,-2,-9,1,5,6,4,0,-1,-1,1,-1,-1,4,1
KR_6762169198,420,4,1,26,12,3,3,0,6,6,0,5,5,0,0,2,2,-2,0,2,0,12,8,4,2,6,-1,0,1,1,1,1,1,6,1
KR_6756641723,420,3,65,1,5,-4,0,4,2,4,2,3,5,2,6,8,2,-2,0,2,0,14,-216,-2,6,4,6,0,-1,1,-1,-1,1,5,1
KR_6762544492,440,6,75,4,17,2,3,1,6,8,2,5,6,1,3,4,1,1,1,0,1,17,32,4,2,6,-2,0,1,0,0,1,1,0,1
KR_6695345647,420,4,40,-17,12,4,5,1,-3,1,4,2,4,2,9,12,3,0,1,1,2,18,-22,4,3,7,3,0,1,1,1,1,1,4,1
KR_6763827971,440,3,36,13,9,2,4,2,-1,1,2,4,4,0,4,5,1,0,1,1,-1,5,12,-2,4,2,0,0,0,1,-1,0,-1,3,1
KR_6757331112,420,-2,-51,-4,0,-3,0,3,0,2,2,1,2,1,2,4,2,0,2,2,0,-3,14,1,4,5,-2,0,0,1,-1,0,-1,4,1
KR_6724430947,420,5,16,31,10,3,3,0,3,4,1,5,6,1,0,1,1,-1,1,2,0,-2,9,5,1,6,0,0,0,1,0,1,1,1,1
KR_6763564975,420,0,6,-26,2,0,1,1,4,6,2,1,1,0,-4,1,5,1,1,0,-1,2,-8,0,6,6,5,0,-1,-1,-1,-1,-1,5,1
KR_6762691401,420,3,58,-12,0,1,1,0,-1,2,3,1,3,2,0,1,1,-1,1,2,0,-10,-4,1,6,7,1,0,0,1,0,0,1,1,1
KR_6690496728,420,5,96,14,10,2,3,1,1,2,1,4,7,3,4,9,5,-1,1,2,-2,-8,-3,1,5,6,2,0,2,0,1,1,-1,0,1
KR_6681546890,420,1,-32,24,-3,1,1,0,1,2,1,0,0,0,-5,1,6,0,1,1,0,-3,-2,0,6,6,-1,0,-1,1,1,-1,-1,4,1
KR_6720511573,440,0,18,20,-1,0,0,0,3,5,2,-4,0,4,1,3,2,-1,0,1,0,-1,-2,3,3,6,-25,0,1,1,1,1,1,4,1
KR_6666782083,420,0,-9,-24,1,-2,0,2,-2,2,4,5,6,1,2,4,2,-2,0,2,0,9,3,2,5,7,0,0,-2,-1,-1,-1,-1,2,1
KR_6757146858,440,0,-90,-5,6,-4,1,5,2,3,1,-1,2,3,5,8,3,4,4,0,-1,16,-425,-3,7,4,3,0,1,-1,1,1,-1,4,1
KR_6360719880,420,1,-38,-12,4,-1,1,2,-2,2,4,8,9,1,-2,0,2,1,1,0,0,14,0,0,0,0,3,0,-2,1,-1,-1,-1,4,1
KR_6730859291,420,0,-5,29,-1,2,3,1,1,2,1,-3,1,4,-1,1,2,0,0,0,0,-6,-21,-2,5,3,3,0,0,1,-1,-1,1,2,1
KR_6750520132,420,3,65,0,7,3,5,2,2,5,3,-1,0,1,0,5,5,3,4,1,0,2,-8,0,7,7,-2,0,1,1,1,1,1,3,1
KR_6743017106,420,1,-20,8,8,-3,2,5,2,4,2,2,3,1,4,6,2,3,3,0,0,18,-2,-4,9,5,4,0,0,1,1,-1,-1,1,1
KR_6623591427,420,1,54,-14,1,1,3,2,-1,6,7,2,2,0,-5,0,5,4,4,0,-2,-1,-21,6,5,11,1,0,1,-1,-1,1,-1,3,1
KR_6703040536,420,5,72,11,11,2,4,2,2,2,0,2,4,2,5,7,2,0,1,1,0,11,12,4,4,8,-3,0,3,1,1,1,1,6,1
KR_6720669854,420,0,38,-22,-1,0,1,1,3,7,4,-2,2,4,0,2,2,-2,2,4,1,4,146,0,6,6,6,0,0,1,-1,0,1,3,1
KR_6637319336,420,2,23,-8,5,1,1,0,3,7,4,0,1,1,-1,2,3,2,2,0,0,-2,-28,2,9,11,5,0,0,1,-1,0,-1,5,1
KR_6766127221,440,2,63,21,2,2,3,1,2,2,0,1,1,0,1,2,1,-4,1,5,0,-5,6,-1,3,2,1,0,0,1,1,0,1,6,1
KR_6762788027,420,3,9,32,11,0,2,2,4,6,2,9,9,0,0,1,1,-2,0,2,1,12,8,2,1,3,0,0,0,1,-1,-1,1,6,1
KR_6746109265,420,0,-4,-9,3,0,1,1,2,3,1,1,3,2,-2,2,4,2,3,1,0,9,-20,-2,6,4,0,0,0,1,0,1,1,6,1
KR_6741332097,420,0,-14,-12,3,2,3,1,3,7,4,-3,0,3,-1,1,2,2,2,0,0,-5,-1,-1,6,5,3,0,0,-1,-1,0,-1,6,1
KR_6751903101,420,4,-11,-4,4,-1,2,3,2,4,2,2,3,1,0,3,3,1,1,0,0,5,8,1,3,4,-6,0,1,-1,1,1,-1,2,1
KR_6749191705,420,2,74,-6,6,-2,0,2,-1,3,4,5,6,1,5,12,7,-1,0,1,0,11,-4,-2,5,3,-3,0,0,1,-1,1,-1,6,1
KR_6694896403,420,4,58,-25,14,2,3,1,11,12,1,4,4,0,-4,0,4,1,1,0,0,15,1,1,5,6,0,0,2,-1,1,1,1,1,1
KR_6622129751,420,3,60,6,5,6,6,0,0,1,1,-1,1,2,1,4,3,-1,0,1,3,6,256,2,5,7,-3,0,0,1,1,1,1,6,1
KR_6762855141,420,1,-3,1,-2,1,2,1,1,2,1,4,4,0,-4,3,7,-4,0,4,-2,-2,-20,2,5,7,5,0,1,-1,1,1,-1,3,1
KR_6765745239,420,1,0,-7,-1,5,5,0,0,2,2,-5,2,7,2,3,1,-3,1,4,0,-1,0,4,3,7,4,0,1,0,-1,1,1,0,1
KR_6727027380,440,-1,-25,-28,-8,2,2,0,2,3,1,-3,1,4,-10,3,13,1,2,1,-1,-10,-56,5,2,7,1,0,-1,-1,1,-1,-1,3,1
KR_6656503190,420,2,50,6,4,2,2,0,3,6,3,1,2,1,1,3,2,-3,0,3,0,5,-4,2,2,4,-2,0,2,1,1,1,1,3,1
KR_6758920188,420,-1,14,-25,6,1,2,1,1,6,5,-1,2,3,6,7,1,-1,0,1,0,10,19,8,1,9,-6,0,2,1,1,1,1,3,1
KR_6526642090,420,2,-53,24,4,0,1,1,4,6,2,2,3,1,-1,1,2,-1,1,2,0,5,-3,-2,4,2,2,0,-1,1,1,-1,-1,5,1
KR_6667376070,440,-1,-31,-12,5,3,3,0,0,1,1,0,0,0,1,2,1,1,1,0,0,6,2,3,4,7,-2,0,-1,-1,1,-1,1,5,1
KR_6745662210,420,1,18,-19,2,4,4,0,0,1,1,2,2,0,0,5,5,-4,0,4,0,-4,4,7,1,8,-4,0,-1,-1,1,-1,1,4,1
KR_6763916370,420,2,25,-8,5,0,2,2,2,7,5,1,1,0,1,2,1,1,2,1,0,5,44,5,4,9,5,0,0,1,-1,0,-1,6,1
KR_6764869312,420,-2,3,-6,4,2,4,2,5,7,2,-1,4,5,-2,0,2,0,1,1,0,1,-113,-5,7,2,2,0,0,-1,0,-1,-1,1,1
KR_6709804397,440,3,-3,5,8,-2,0,2,-1,3,4,6,9,3,5,6,1,0,0,0,0,10,24,0,7,7,-4,0,1,0,0,1,1,0,1
KR_6757259990,420,0,3,18,7,-6,0,6,1,2,1,6,6,0,2,2,0,4,5,1,1,8,2,0,6,6,4,0,1,1,1,1,1,3,1
KR_6761080165,440,3,20,-24,7,0,2,2,0,3,3,3,4,1,4,8,4,0,0,0,0,1,-10,-2,4,2,1,0,0,0,-1,0,-1,0,1
KR_6711922236,420,2,50,12,12,3,4,1,6,6,0,-5,0,5,9,10,1,-1,1,2,3,14,-6,3,1,4,0,0,0,1,1,1,1,6,1
KR_6738350963,420,1,54,20,11,2,2,0,1,3,2,4,6,2,3,6,3,1,2,1,0,15,-5,-1,6,5,1,0,1,1,1,1,1,4,1
KR_6752204190,420,0,41,23,0,-2,1,3,3,7,4,1,2,1,-2,1,3,0,0,0,0,-4,10,-2,6,4,-6,0,0,1,-1,-1,1,4,1
KR_6689914852,420,3,-5,12,13,3,4,1,2,6,4,3,4,1,5,6,1,0,0,0,0,20,10,4,3,7,-1,0,1,1,-1,1,1,3,1
KR_6751785029,420,-1,-6,0,3,0,2,2,3,3,0,1,6,5,1,4,3,-2,0,2,0,-2,1,-1,6,5,-1,0,0,1,1,1,-1,6,1
KR_6748307492,420,1,-50,4,2,-3,0,3,3,3,0,-1,0,1,0,1,1,3,3,0,0,6,-24,-6,8,2,6,0,-1,1,-1,-1,-1,1,1
KR_6755463929,420,5,128,13,9,-1,0,1,2,3,1,5,6,1,1,1,0,2,2,0,0,10,1,-6,10,4,3,0,1,-1,1,1,-1,5,1
KR_6703281624,420,3,51,-7,7,3,4,1,6,8,2,-2,2,4,2,4,2,-2,0,2,0,-1,4,5,2,7,-2,0,2,-1,1,1,1,6,1
KR_6739912503,440,3,18,24,3,-3,0,3,-3,5,8,1,2,1,5,8,3,3,3,0,0,0,2,-4,8,4,0,0,0,1,1,0,-1,4,1
KR_6726769813,420,8,68,-8,24,7,7,0,3,4,1,3,3,0,7,7,0,4,5,1,1,29,0,7,1,8,3,0,2,1,1,1,1,4,1
KR_6696661782,420,1,-10,32,0,1,3,2,-1,2,3,0,2,2,-2,0,2,2,3,1,-1,-5,11,-1,3,2,2,0,1,-1,1,1,-1,6,1
KR_6712511526,440,3,29,1,16,3,6,3,5,6,1,4,5,1,4,6,2,0,1,1,1,21,9,6,2,8,-5,0,0,1,1,1,1,1,1
KR_6760142043,420,1,-7,17,0,3,5,2,-2,0,2,-1,1,2,0,1,1,0,0,0,0,3,7,1,3,4,-3,0,1,-1,1,1,1,3,1
KR_6755425160,420,1,-8,4,5,-1,1,2,1,2,1,2,4,2,2,3,1,1,2,1,0,8,-20,-4,8,4,1,0,0,1,-1,0,1,1,1
KR_6759866049,420,2,16,-20,10,-2,0,2,5,7,2,5,6,1,0,4,4,2,3,1,0,9,4,-1,6,5,0,0,0,-1,-1,1,-1,3,1
KR_6752944212,420,5,78,34,7,3,3,0,-2,1,3,0,5,5,2,5,3,4,5,1,0,5,-162,0,6,6,-2,0,1,1,1,1,1,5,1
KR_6760686732,420,1,-21,22,2,-1,1,2,-3,1,4,4,7,3,3,6,3,-1,0,1,0,-4,255,-1,6,5,-2,0,1,1,1,-1,-1,3,1
KR_6669824354,420,4,86,-4,15,0,2,2,5,5,0,1,2,1,10,11,1,-1,0,1,-1,11,0,-4,7,3,4,0,2,1,-1,1,-1,4,1
KR_6736777585,420,-3,-66,4,-3,-1,2,3,-4,3,7,2,2,0,0,3,3,0,1,1,0,2,46,-2,6,4,15,0,-2,1,1,-1,-1,6,1
KR_6726167913,420,4,63,16,13,4,4,0,-2,0,2,3,3,0,8,12,4,0,1,1,1,3,-4,0,3,3,2,0,0,0,1,1,1,0,1
KR_6764034089,440,2,-23,-8,6,5,5,0,1,2,1,-1,2,3,0,1,1,1,3,2,0,10,-11,3,7,10,12,0,0,1,-1,0,-1,1,1
KR_6736000529,420,1,-12,-6,0,1,2,1,1,1,0,1,5,4,-5,0,5,2,3,1,-1,-5,12,3,2,5,-9,0,-1,1,-1,1,-1,6,1
KR_6765495895,420,0,-17,9,-1,3,4,1,-7,0,7,2,3,1,2,3,1,-1,0,1,0,-1,14,0,6,6,-4,0,0,-1,0,0,-1,3,1
KR_6762359308,420,1,8,0,9,-2,1,3,2,3,1,6,8,2,3,4,1,0,2,2,3,12,9,1,3,4,0,0,-1,1,1,-1,1,4,1
KR_6753875414,420,2,22,12,-1,0,1,1,0,2,2,2,3,1,-1,0,1,-2,0,2,0,-2,-12,2,6,8,1,0,0,-1,1,0,-1,5,1
KR_6752356383,440,1,63,-4,-6,-2,1,3,-2,3,5,1,2,1,-2,0,2,-1,2,3,0,-6,26,3,3,6,-1,0,3,-1,1,1,-1,4,1
KR_6687231285,420,-1,-4,-28,2,0,1,1,-1,0,1,4,5,1,-2,3,5,1,4,3,0,0,-156,4,3,7,0,0,0,1,-1,1,1,5,1
KR_6762223721,420,1,99,42,6,0,1,1,5,5,0,0,1,1,0,2,2,1,2,1,0,11,-37,0,6,6,3,0,0,1,1,1,1,3,1
KR_6763861047,420,-2,18,15,0,-3,2,5,3,4,1,1,5,4,0,4,4,-1,0,1,-1,5,-52,0,7,7,24,0,-2,-1,-1,-1,-1,6,1
KR_6735846702,420,1,-26,28,5,2,3,1,3,3,0,-3,0,3,1,1,0,2,4,2,0,3,-5,0,5,5,3,0,0,1,1,0,1,1,1
KR_6739886485,440,2,21,-16,2,2,3,1,3,3,0,-4,0,4,1,4,3,0,0,0,0,0,170,-2,6,4,2,0,2,1,1,1,-1,3,1
KR_6629752203,420,1,-14,19,3,1,6,5,1,3,2,1,3,2,-1,7,8,1,3,2,2,0,0,-7,12,5,1,0,0,1,-1,1,1,2,1
KR_6745694075,420,-1,-32,20,-5,-4,2,6,0,3,3,-3,0,3,1,3,2,1,3,2,-1,-6,-2,-6,9,3,6,0,1,-1,1,1,-1,4,1
KR_6639596040,420,2,-58,88,1,-5,2,7,0,6,6,1,1,0,2,3,1,3,4,1,1,6,-22,-1,4,3,-1,0,-1,1,1,1,1,3,1
KR_6727156742,420,2,7,12,10,-2,1,3,3,4,1,3,4,1,4,6,2,2,2,0,0,10,13,0,4,4,0,0,3,-1,1,1,-1,1,1
KR_6691146739,440,2,8,8,-6,2,3,1,-3,3,6,-4,0,4,-1,3,4,0,3,3,0,-20,2,-5,7,2,3,0,0,-1,1,-1,1,5,1
KR_6743581078,420,-3,15,-3,-5,-4,2,6,-1,0,1,-3,1,4,2,4,2,1,1,0,0,6,-2,-2,7,5,6,0,0,1,-1,1,1,6,1
KR_6531301825,420,3,-33,23,1,2,3,1,-1,3,4,0,2,2,-2,3,5,2,2,0,-1,-12,1,0,3,3,-1,0,2,-1,1,1,-1,3,1
KR_6677582073,440,-3,28,0,-5,-1,1,2,-4,3,7,4,9,5,1,3,2,-5,1,6,2,-7,-1,2,3,5,-2,0,0,1,-1,-1,1,1,1
KR_6721068681,420,1,70,21,6,1,2,1,2,7,5,5,5,0,-4,6,10,2,2,0,0,1,6,6,3,9,-3,0,2,1,1,1,1,3,1
KR_6713958448,420,3,35,12,1,0,2,2,-1,0,1,1,2,1,1,3,2,0,1,1,0,-4,-14,0,7,7,-1,0,0,-1,1,1,-1,3,1
KR_6601492701,420,0,28,25,1,1,2,1,-2,2,4,4,5,1,-3,2,5,1,1,0,-2,-5,-8,-1,4,3,-2,0,1,-1,1,1,-1,1,1
KR_6751358724,420,-3,-17,-24,-1,2,2,0,-1,1,2,-3,2,5,1,6,5,0,1,1,0,-3,153,6,0,6,-3,0,0,1,1,1,-1,2,1
KR_6679678165,420,1,-1,-4,-2,0,1,1,-4,0,4,0,1,1,-2,1,3,4,4,0,0,-5,1,-3,7,4,-2,0,0,0,-1,0,-1,0,1
KR_6640319513,420,11,190,28,18,1,3,2,2,2,0,2,2,0,8,9,1,5,5,0,0,19,-13,1,3,4,2,0,4,1,1,1,1,5,1
KR_6742481158,420,3,-6,27,5,-2,3,5,3,8,5,1,2,1,3,6,3,0,0,0,0,7,2,2,3,5,-4,0,0,1,1,-1,1,2,1
KR_6727518544,420,3,-5,0,4,4,4,0,4,5,1,1,4,3,-5,1,6,0,2,2,0,-4,-6,-1,6,5,-1,0,1,1,1,1,-1,6,1
KR_6762725907,440,2,-10,-13,6,0,1,1,0,3,3,3,3,0,3,5,2,0,2,2,0,4,0,-1,3,2,0,0,0,1,1,0,-1,5,1
KR_6735104704,420,1,31,4,5,2,4,2,2,3,1,0,1,1,2,3,1,-1,1,2,0,2,9,-2,5,3,1,0,1,0,1,1,1,0,1
KR_6652231997,420,0,-13,0,4,1,4,3,-2,3,5,4,8,4,3,5,2,-2,0,2,0,18,-1,-1,5,4,0,0,1,-1,1,1,1,5,1
KR_6537430670,420,6,78,10,7,10,10,0,1,3,2,0,1,1,-3,2,5,-1,1,2,1,-3,1,3,2,5,0,2,5,-1,1,1,1,3,1
KR_6666609644,420,-1,-56,-4,-3,-3,0,3,0,5,5,-1,1,2,3,6,3,-2,0,2,0,5,34,-1,3,2,2,0,-1,1,-1,-1,-1,2,1
KR_6760600223,420,0,27,30,-5,3,5,2,-3,2,5,1,2,1,-6,3,9,0,3,3,0,-18,-10,-5,8,3,-1,0,1,1,1,1,1,1,1
KR_6762265582,420,1,32,-12,5,-4,1,5,3,3,0,2,5,3,3,3,0,1,1,0,0,10,-9,2,3,5,-3,0,1,1,1,1,1,3,1
KR_6650111379,420,-1,23,3,4,2,4,2,-4,0,4,1,3,2,4,7,3,1,3,2,1,-2,-4,1,4,5,2,0,0,-1,1,1,1,4,1
KR_6763449944,420,3,22,43,9,4,4,0,8,9,1,1,2,1,-6,1,7,2,3,1,1,15,232,-2,5,3,-4,0,2,0,1,1,1,0,1
KR_6662782801,420,2,33,-2,0,-1,2,3,2,4,2,-4,2,6,0,6,6,3,4,1,0,-3,2,-5,8,3,5,0,1,-1,1,1,1,1,1
KR_6748740017,420,0,5,16,0,-1,0,1,4,5,1,-1,0,1,-1,0,1,-1,1,2,0,3,1,-3,6,3,-2,0,0,-1,1,0,-1,5,1
KR_6718401897,420,-6,-87,-23,-5,-5,1,6,4,6,2,-3,1,4,-2,4,6,1,2,1,0,-2,2,4,2,6,-1,0,0,0,-1,-1,1,0,1
KR_6731332360,440,1,38,14,4,-6,1,7,3,4,1,0,2,2,7,8,1,0,3,3,-2,1,38,-2,7,5,-26,0,1,-1,1,1,-1,4,1
KR_6748525849,420,0,78,-19,4,-1,2,3,2,3,1,2,5,3,1,4,3,0,1,1,0,5,-225,-1,4,3,5,0,-1,-1,-1,-1,1,4,1
KR_6656418576,420,1,70,7,4,2,3,1,-4,0,4,-3,1,4,5,5,0,4,6,2,0,5,10,2,5,7,1,0,2,1,1,1,1,1,1
KR_6739856702,440,4,-13,4,13,1,3,2,4,6,2,3,4,1,5,8,3,0,2,2,0,11,-15,3,3,6,-4,0,1,-1,1,1,1,3,1
KR_6765251081,420,5,56,33,10,-1,1,2,3,5,2,1,3,2,5,5,0,2,3,1,0,9,9,6,2,8,-1,0,2,1,1,1,1,1,1
KR_6731540012,420,4,51,20,4,-1,0,1,2,4,2,1,2,1,0,1,1,2,2,0,0,4,4,0,6,6,3,0,2,1,-1,1,-1,4,1
KR_6645792174,440,3,48,6,10,-2,1,3,1,4,3,2,5,3,6,7,1,3,5,2,0,2,12,5,4,9,0,0,0,1,-1,0,-1,6,1
KR_6584247382,420,0,27,20,-3,-4,1,5,3,6,3,1,3,2,-2,1,3,-1,1,2,0,6,32,2,4,6,-27,0,-1,-1,-1,-1,1,3,1
KR_6748874149,440,4,59,20,7,1,1,0,0,3,3,5,6,1,1,2,1,0,0,0,0,5,11,-4,7,3,2,0,-1,1,-1,1,-1,4,1
KR_6753771740,420,-3,6,9,-9,1,2,1,-4,1,5,-3,1,4,-1,1,2,-2,0,2,-1,-17,12,-4,7,3,2,0,0,1,-1,0,-1,4,1
KR_6693318408,420,5,25,8,4,-1,1,2,1,2,1,0,2,2,4,4,0,0,0,0,0,5,6,2,4,6,2,0,1,1,1,1,-1,5,1
KR_6760577796,440,1,37,-4,9,9,9,0,-1,2,3,4,5,1,2,4,2,-5,0,5,0,4,5,-2,4,2,-1,0,2,-1,1,1,-1,5,1
KR_6730477105,420,-2,43,-15,-2,1,1,0,0,1,1,-3,0,3,1,2,1,-1,1,2,0,-6,-19,3,5,8,25,0,0,0,-1,0,1,0,1
KR_6545233082,420,7,100,47,14,2,2,0,4,7,3,5,6,1,2,6,4,1,1,0,0,0,112,0,5,5,1,0,3,1,1,1,1,5,1
KR_6728033627,420,2,26,30,-3,3,3,0,-3,0,3,-3,0,3,3,5,2,-3,0,3,0,-6,35,2,3,5,-2,0,1,-1,1,1,1,2,1
KR_6758408091,420,1,-27,4,8,-1,3,4,6,7,1,-3,2,5,7,12,5,-1,0,1,-1,8,5,0,5,5,-3,0,0,0,1,-1,-1,0,1
KR_6732438423,420,4,33,3,5,0,1,1,-1,2,3,3,4,1,2,2,0,1,2,1,0,7,1,3,2,5,0,0,0,-1,1,0,1,1,1
KR_6702408673,420,0,33,-28,3,-1,4,5,2,2,0,1,3,2,0,1,1,1,1,0,0,6,11,3,4,7,-4,0,0,-1,1,0,1,4,1
KR_6764263780,420,6,81,52,9,2,3,1,3,7,4,2,5,3,2,3,1,0,1,1,0,8,17,-1,9,8,3,0,1,1,-1,1,1,5,1
KR_6714754329,420,-4,-46,-26,1,-1,2,3,7,7,0,1,1,0,-1,1,2,-5,1,6,1,-4,-314,-1,5,4,3,0,0,-1,1,0,1,3,1
KR_6762095637,420,4,75,4,14,2,3,1,5,6,1,5,5,0,2,2,0,0,0,0,0,11,6,2,1,3,1,0,1,1,1,1,1,4,1
KR_6761668446,420,0,33,-21,5,2,2,0,-1,4,5,2,3,1,2,2,0,0,2,2,0,2,3,1,5,6,0,0,2,-1,1,1,-1,1,1
KR_6708254540,420,2,28,-5,1,4,4,0,-4,2,6,2,2,0,-2,4,6,1,1,0,0,-11,27,2,7,9,-14,0,0,1,-1,1,1,3,1
KR_6669032796,420,3,31,12,7,3,3,0,1,3,2,-3,1,4,3,4,1,3,5,2,0,2,3,0,4,4,4,0,1,-1,1,1,1,4,1
KR_6762290074,420,-1,28,-4,-4,2,4,2,-2,2,4,2,3,1,-3,3,6,-3,0,3,0,-5,104,-4,6,2,-1,0,2,-1,1,1,1,5,1
KR_6693879942,420,3,-24,0,1,0,0,0,1,4,3,-1,1,2,-1,5,6,2,3,1,0,-2,6,-3,7,4,3,0,1,1,-1,-1,-1,1,1
KR_6757827657,420,2,14,-1,2,-1,4,5,1,2,1,3,4,1,0,2,2,-1,0,1,0,-3,11,-2,6,4,3,0,1,1,1,1,-1,3,1
KR_6755723504,440,4,6,0,14,3,5,2,5,6,1,4,4,0,-1,3,4,3,5,2,0,19,6,2,3,5,1,0,2,1,1,1,1,2,1
KR_6687620011,420,2,28,32,7,0,1,1,-2,2,4,4,7,3,5,6,1,0,1,1,0,7,9,-1,3,2,-1,0,1,1,1,1,-1,6,1
KR_6685205498,420,1,42,-8,-3,-1,0,1,-2,1,3,3,3,0,-2,0,2,-1,0,1,0,-9,11,1,6,7,0,0,1,1,-1,1,-1,1,1
KR_6765224396,420,4,100,6,15,0,1,1,6,7,1,-1,1,2,9,11,2,1,1,0,0,20,-45,3,3,6,28,0,1,1,1,1,1,5,1
KR_6752110983,440,-4,-6,2,-3,5,5,0,-2,4,6,-2,1,3,-2,5,7,-2,0,2,0,-10,-8,2,4,6,-2,0,0,0,0,-1,1,0,1
KR_6756369099,420,4,67,28,12,6,6,0,3,3,0,6,8,2,-1,3,4,-2,0,2,0,17,-1,3,5,8,1,0,1,1,1,1,-1,3,1
KR_6750463888,420,1,5,-20,2,2,4,2,-1,1,2,3,3,0,-2,1,3,0,3,3,0,-2,-13,1,4,5,5,0,1,1,1,1,1,6,1
KR_6762431490,420,0,20,-5,5,1,2,1,0,2,2,0,1,1,3,3,0,1,2,1,0,2,37,-1,6,5,-3,0,-1,1,1,-1,1,2,1
KR_6729505579,440,5,27,28,6,6,6,0,0,2,2,2,4,2,0,2,2,-2,0,2,0,-2,14,5,3,8,-3,0,1,1,0,1,1,3,1
KR_6743484288,420,2,-11,0,5,3,5,2,-2,1,3,1,1,0,0,2,2,3,4,1,0,7,-217,3,4,7,-1,0,0,1,1,0,1,2,1
KR_6759612116,440,4,21,-18,9,4,4,0,-1,3,4,2,3,1,1,3,2,3,3,0,0,7,9,-6,10,4,3,0,1,0,1,1,1,0,1
KR_6721349762,440,1,-47,5,2,1,1,0,-2,1,3,2,2,0,3,5,2,-2,0,2,0,6,227,0,5,5,-1,0,-1,1,-1,-1,1,1,1
KR_6760229952,420,-1,-14,-5,1,-2,1,3,1,2,1,-1,0,1,2,5,3,1,1,0,0,2,24,3,4,7,-1,0,-1,1,-1,-1,-1,3,1
KR_6722924829,440,0,12,1,-3,-4,2,6,9,11,2,0,5,5,-5,1,6,-3,2,5,0,-12,-18,2,2,4,-1,0,3,1,0,1,-1,2,1
KR_6753818372,420,6,3,8,16,5,5,0,3,5,2,2,2,0,3,6,3,3,4,1,2,20,55,-3,6,3,1,0,1,1,1,1,1,2,1
KR_6751815526,420,3,36,12,9,2,5,3,3,4,1,2,4,2,1,3,2,1,2,1,0,6,0,2,3,5,-1,0,2,-1,1,1,1,5,1
KR_6743120286,440,-2,-45,-8,-5,2,3,1,-2,1,3,-2,1,3,-4,2,6,1,1,0,0,-6,-13,-7,9,2,0,0,0,0,-1,1,-1,0,1
KR_6683367324,420,-3,-82,-4,-2,-4,2,6,0,5,5,5,6,1,-3,2,5,0,3,3,-1,-5,14,-6,8,2,4,0,-3,1,-1,-1,-1,5,1
KR_6752085437,420,-1,-8,1,2,-5,0,5,2,4,2,1,8,7,4,5,1,0,3,3,-2,5,-10,-1,4,3,3,0,0,-1,1,1,-1,1,1
KR_6752929694,420,5,7,39,8,3,5,2,-1,3,4,-4,0,4,5,5,0,5,6,1,0,8,6,1,1,2,-5,0,1,-1,1,1,1,5,1
KR_6694334481,420,5,28,0,9,2,2,0,0,4,4,1,3,2,5,5,0,1,5,4,0,10,20,1,2,3,4,0,1,-1,-1,-1,1,4,1
KR_6528828019,420,3,46,24,8,5,6,1,0,2,2,3,4,1,0,2,2,0,0,0,1,7,-5,-1,3,2,-5,0,0,1,0,1,1,1,1
KR_6744698945,420,1,21,-12,4,3,3,0,8,11,3,-3,0,3,-5,0,5,1,1,0,0,12,10,5,3,8,-2,0,0,-1,-1,0,1,1,1
KR_6715252310,440,2,73,-7,-3,0,1,1,2,4,2,-2,2,4,-1,1,2,-2,0,2,-1,-7,-5,-2,4,2,3,0,0,-1,-1,1,-1,3,1
KR_6595411357,420,6,83,22,9,6,6,0,-5,3,8,6,6,0,2,2,0,0,1,1,0,17,-62,0,7,7,2,0,0,1,-1,1,1,2,1
KR_6704025381,420,1,-5,13,2,-1,2,3,7,9,2,3,4,1,-6,0,6,-1,0,1,0,-5,12,0,2,2,1,0,1,-1,1,1,-1,2,1
KR_6708208678,420,2,-31,23,9,-2,5,7,6,7,1,5,11,6,1,1,0,-1,0,1,0,2,-2,0,5,5,0,0,0,1,0,0,-1,5,1
KR_6595078334,420,-1,-21,4,0,-9,1,10,2,5,3,2,5,3,5,7,2,0,1,1,0,6,2,3,2,5,1,0,-2,1,-1,-1,-1,1,1
KR_6735381825,420,1,73,8,4,-1,3,4,-1,1,2,5,5,0,2,3,1,-1,0,1,0,11,-3,2,4,6,4,0,0,1,-1,0,-1,2,1
KR_6724287970,440,0,-25,23,5,4,5,1,2,4,2,-3,0,3,3,7,4,-1,0,1,0,1,-17,-4,7,3,1,0,0,1,1,1,1,4,1
KR_6694051985,420,2,30,-8,0,2,2,0,0,2,2,2,5,3,-2,1,3,-2,0,2,0,-4,-3,1,5,6,-1,0,0,-1,1,0,-1,4,1
KR_6668097429,420,-1,1,42,4,4,4,0,-1,4,5,0,3,3,0,2,2,1,1,0,0,6,2,-3,7,4,-9,0,0,1,1,1,1,2,1
KR_6608783355,420,8,63,34,19,3,3,0,6,8,2,4,5,1,2,4,2,4,4,0,0,13,7,3,3,6,0,0,1,1,0,1,1,2,1
KR_6664516873,420,2,3,0,5,2,5,3,4,5,1,-1,0,1,0,2,2,0,0,0,0,4,123,0,7,7,-1,0,1,1,1,1,-1,3,1
KR_6720617071,420,4,71,28,10,4,5,1,2,5,3,0,3,3,1,3,2,3,5,2,0,4,3,-1,6,5,4,0,3,1,1,1,-1,2,1
KR_6719335068,440,4,16,31,8,-5,3,8,7,8,1,1,3,2,4,4,0,1,2,1,0,16,-187,2,3,5,-2,0,1,1,1,1,1,5,1
KR_6640842077,440,1,28,-19,1,2,3,1,1,2,1,-3,7,10,1,5,4,0,1,1,3,6,1,0,6,6,-5,0,-1,1,-1,-1,1,6,1
KR_6748799507,420,0,-48,-36,3,-4,0,4,-3,1,4,1,2,1,7,7,0,2,3,1,0,1,-20,1,4,5,1,0,1,1,1,1,-1,4,1
KR_6755727236,420,4,37,-13,3,2,3,1,-2,0,2,0,1,1,-1,5,6,4,8,4,0,-2,9,-7,8,1,3,0,1,1,0,1,1,1,1
KR_6747283936,420,2,45,20,6,-4,0,4,0,5,5,6,7,1,0,1,1,4,5,1,0,9,9,4,4,8,1,0,2,1,0,1,-1,4,1
KR_6764073530,440,2,-2,11,-2,-3,3,6,1,2,1,-1,1,2,-1,3,4,2,2,0,0,-1,72,4,5,9,-6,0,0,1,-1,0,-1,5,1
KR_6674042917,420,-1,36,-13,-1,-1,1,2,2,7,5,-2,0,2,1,2,1,-1,0,1,0,1,26,0,4,4,0,0,-2,1,-1,-1,-1,2,1
KR_6757944610,420,0,21,-4,-3,0,1,1,-1,1,2,-2,2,4,-1,2,3,1,2,1,1,-7,-210,2,4,6,-4,0,-1,-1,-1,-1,1,5,1
KR_6721187420,440,1,3,-4,3,0,2,2,3,4,1,0,7,7,0,3,3,0,1,1,0,3,-5,-2,6,4,5,0,1,1,1,-1,-1,5,1
KR_6757336634,420,0,0,-23,1,-2,2,4,-3,2,5,-2,0,2,7,9,2,1,1,0,-3,-10,-5,-2,5,3,4,0,1,1,-1,1,-1,3,1
KR_6728588214,420,-3,9,-14,-1,1,2,1,-2,3,5,3,4,1,-3,1,4,0,1,1,0,-1,22,2,5,7,5,0,1,-1,1,1,1,2,1
KR_6750456606,440,5,108,12,-1,-1,1,2,0,0,0,4,4,0,-5,2,7,1,2,1,0,1,15,2,0,2,-1,0,1,-1,1,1,1,2,1
KR_6747039409,420,2,7,25,-1,4,5,1,-1,2,3,-1,0,1,-4,2,6,1,2,1,0,1,34,-4,7,3,2,0,1,-1,1,1,1,3,1
KR_6716719321,440,2,92,12,11,2,4,2,2,4,2,-1,2,3,8,8,0,0,1,1,0,16,1,2,3,5,1,0,1,1,-1,1,1,4,1
KR_6733551112,420,3,30,11,13,-1,2,3,5,6,1,0,2,2,6,7,1,3,4,1,0,17,85,1,8,9,25,0,0,1,1,1,1,6,1
KR_6762229974,420,5,7,14,10,6,6,0,3,3,0,-2,2,4,3,4,1,0,0,0,0,12,8,1,5,6,-2,0,0,1,-1,-1,1,3,1
KR_6725040321,420,2,27,20,1,3,3,0,-6,4,10,0,3,3,4,4,0,0,0,0,0,-3,-8,2,3,5,-6,0,2,0,1,1,-1,0,1
KR_6729011266,440,0,-23,24,4,4,5,1,-1,1,2,-2,0,2,6,8,2,-3,1,4,0,-2,1,3,1,4,4,0,-1,1,1,-1,1,6,1
KR_6752434594,420,0,-12,3,1,-1,1,2,4,5,1,0,0,0,-1,1,2,-1,0,1,0,6,-393,0,2,2,-1,0,1,-1,1,1,1,3,1
KR_6727963540,420,-1,-22,-17,-5,-2,1,3,1,4,3,-3,2,5,-4,4,8,3,5,2,-2,-7,7,5,4,9,2,0,-1,-1,-1,-1,-1,5,1
KR_6677856269,420,4,53,-4,10,-2,1,3,1,1,0,5,6,1,2,3,1,4,5,1,1,13,3,0,5,5,0,0,0,1,1,0,1,1,1
KR_6743697596,420,0,7,-27,3,-3,0,3,3,3,0,1,4,3,2,3,1,0,1,1,0,2,-20,5,2,7,2,0,2,-1,1,1,-1,4,1
KR_6761613766,420,0,53,-20,5,0,1,1,4,6,2,1,2,1,0,1,1,0,1,1,0,4,1,2,4,6,4,0,0,1,-1,0,1,2,1
KR_6635139729,440,0,37,-8,-2,0,1,1,0,2,2,0,2,2,-1,2,3,-1,1,2,0,-4,5,-1,7,6,-1,0,0,1,1,0,-1,3,1
KR_6751399762,440,-4,-47,-9,-10,0,2,2,-3,1,4,-5,2,7,-3,3,6,1,1,0,0,-5,3,-2,2,0,1,0,-1,0,0,-1,-1,0,1
KR_6703526388,420,6,91,-13,16,5,7,2,5,6,1,-2,2,4,0,1,1,8,10,2,0,11,3,1,3,4,6,0,1,-1,1,1,1,1,1
KR_6761062907,420,4,-2,32,9,-1,1,2,1,3,2,3,3,0,5,7,2,1,3,2,0,19,22,1,3,4,1,0,0,1,-1,-1,1,3,1
KR_6754195030,420,1,75,20,4,-2,1,3,3,3,0,-3,1,4,6,8,2,0,1,1,0,1,-2,-4,9,5,-3,0,1,-1,1,1,1,4,1
KR_6707521097,420,4,17,8,8,0,0,0,0,3,3,2,3,1,2,2,0,4,5,1,0,10,-3,0,4,4,-3,0,-1,1,-1,-1,-1,6,1
KR_6359754958,420,-1,1,-16,-1,-4,0,4,1,3,2,0,2,2,0,2,2,2,3,1,0,-1,0,0,0,0,2,0,0,1,-1,0,1,4,1
KR_6750659935,420,1,21,0,-7,3,4,1,-2,1,3,-3,0,3,-4,1,5,-1,2,3,0,-7,17,2,2,4,0,0,1,0,0,1,-1,0,1
KR_6742956724,420,0,3,-3,6,2,3,1,0,4,4,3,3,0,2,3,1,-1,2,3,0,4,36,1,2,3,-33,0,0,-1,1,0,1,6,1
KR_6654453051,420,6,92,16,9,4,4,0,-1,2,3,1,2,1,5,5,0,0,0,0,0,1,-36,1,3,4,17,0,2,-1,1,1,1,6,1
KR_6707795383,420,4,78,-2,3,1,1,0,2,3,1,2,2,0,-2,0,2,0,0,0,0,3,7,6,3,9,-3,0,1,1,1,1,1,2,1
KR_6721313918,420,3,-41,16,5,3,3,0,2,3,1,0,1,1,0,2,2,0,0,0,0,4,-20,5,2,7,0,0,1,1,1,-1,1,6,1
KR_6759116572,440,5,-20,12,6,-1,2,3,8,10,2,0,2,2,-1,1,2,0,0,0,0,5,-6,-7,11,4,3,0,-1,1,-1,-1,1,6,1
KR_6684113314,420,2,12,0,2,-3,0,3,0,1,1,2,6,4,4,5,1,-1,2,3,-1,3,7,-1,5,4,1,0,1,1,0,1,-1,5,1
KR_6749948424,420,1,-2,40,-2,0,3,3,1,5,4,-3,0,3,3,4,1,-3,0,3,0,-6,6,0,7,7,-3,0,2,1,1,1,-1,5,1
KR_6570548451,420,6,114,8,16,2,2,0,3,4,1,4,6,2,4,5,1,3,3,0,1,15,10,3,5,8,3,0,4,1,1,1,1,1,1
KR_6765185247,420,2,26,-34,0,-4,1,5,1,3,2,1,5,4,3,5,2,-1,0,1,1,5,-5,1,6,7,-4,0,-1,1,0,-1,1,4,1
KR_6757717633,420,-2,-29,12,0,-2,1,3,3,5,2,1,2,1,0,6,6,-2,0,2,0,-1,9,4,5,9,3,0,-1,1,1,-1,1,3,1
KR_6711460983,420,1,5,-1,0,1,1,0,2,6,4,-3,3,6,-2,3,5,2,2,0,0,0,-37,2,4,6,3,0,0,1,-1,0,-1,2,1
KR_6765389023,420,3,-60,12,-1,-2,2,4,3,3,0,4,5,1,-7,2,9,1,4,3,0,-2,21,-1,5,4,-1,0,0,1,1,-1,-1,3,1
KR_6530472179,420,0,27,-21,0,-1,2,3,0,7,7,-1,2,3,0,2,2,2,2,0,-1,0,-282,-3,4,1,-2,0,0,-1,-1,0,-1,1,1
KR_6666949988,420,3,8,-11,12,6,6,0,2,5,3,5,5,0,-1,1,2,0,2,2,1,8,-4,-3,8,5,7,0,1,1,1,1,1,3,1
KR_6761036371,420,-2,-9,-16,2,-3,2,5,-4,1,5,1,5,4,8,10,2,0,0,0,1,12,23,3,2,5,0,0,1,-1,-1,1,1,4,1
KR_6728147340,440,2,-36,8,13,3,3,0,6,8,2,1,5,4,1,3,2,2,2,0,1,23,6,2,4,6,-2,0,0,0,-1,0,1,0,1
KR_6719284201,420,1,51,-20,0,0,1,1,1,4,3,-1,0,1,1,3,2,-1,0,1,0,0,6,4,4,8,-5,0,-1,1,-1,-1,-1,1,1
KR_6761257474,420,3,26,40,6,-3,0,3,4,5,1,4,4,0,0,0,0,1,1,0,0,15,28,-5,8,3,2,0,0,1,1,0,-1,6,1
KR_6736910669,420,1,30,20,2,-1,1,2,-1,2,3,-3,2,5,6,7,1,1,1,0,0,6,1,-1,6,5,3,0,-1,1,1,-1,-1,5,1
KR_6681624099,440,2,44,8,0,1,4,3,-3,2,5,4,4,0,-3,3,6,1,2,1,0,2,7,5,0,5,-4,0,1,-1,1,1,-1,6,1
KR_6738804315,420,1,20,2,0,1,3,2,4,5,1,-1,0,1,-2,1,3,-2,0,2,0,-5,-1,1,4,5,-2,0,0,-1,1,-1,-1,6,1
KR_6666281892,420,0,56,12,-5,-1,2,3,-2,1,3,-4,1,5,4,7,3,-2,1,3,-1,-9,-9,-10,13,3,7,0,2,1,-1,1,-1,1,1
KR_6741510230,420,-2,-18,-18,-4,-2,0,2,0,2,2,-1,1,2,-1,2,3,0,1,1,0,-5,-10,-3,5,2,4,0,0,-1,1,0,-1,4,1
KR_6760490723,420,3,6,8,5,4,5,1,-2,0,2,3,3,0,0,1,1,0,1,1,1,3,-1,1,5,6,-1,0,0,-1,1,1,1,6,1
KR_6750923765,420,3,42,3,3,2,2,0,-3,1,4,-1,1,2,5,8,3,0,2,2,0,7,10,1,4,5,-5,0,0,1,0,1,-1,2,1
KR_6677821706,420,0,-23,4,-6,0,1,1,-1,4,5,-2,2,4,-1,2,3,-2,1,3,0,-16,73,8,4,12,-3,0,0,1,0,-1,-1,1,1
KR_6752528319,420,4,92,58,7,6,7,1,1,4,3,0,3,3,-3,1,4,3,3,0,-1,2,-1,2,3,5,0,0,2,1,1,1,-1,5,1
KR_6752108709,420,2,83,7,0,0,2,2,-2,2,4,-4,1,5,6,7,1,0,0,0,0,-2,0,-3,8,5,-3,0,0,1,-1,0,-1,1,1
KR_6755029433,420,5,73,28,10,1,3,2,6,9,3,2,2,0,1,2,1,0,0,0,0,9,-36,4,4,8,1,0,0,1,1,1,-1,5,1
KR_6744177519,440,0,-54,4,0,0,1,1,3,5,2,-1,1,2,-3,0,3,1,1,0,0,-3,-26,-3,8,5,-2,0,0,-1,-1,0,1,2,1
KR_6763629404,420,3,46,19,2,4,4,0,1,3,2,1,4,3,-3,2,5,-1,0,1,0,-2,-12,-2,7,5,-2,0,0,1,1,1,-1,6,1
KR_6759772823,420,5,42,-8,4,-3,2,5,4,5,1,1,3,2,2,4,2,0,0,0,0,3,-5,2,3,5,3,0,2,1,-1,1,1,6,1
KR_6707621481,420,-2,-1,-16,-5,-2,3,5,-1,2,3,0,0,0,-2,3,5,0,2,2,0,-6,-17,-2,4,2,5,0,-1,-1,-1,-1,1,5,1
KR_6751871610,420,-1,-54,13,-1,1,2,1,-1,4,5,-1,1,2,1,4,3,-1,1,2,1,1,-2,1,7,8,0,0,0,1,1,0,1,4,1
KR_6761831847,420,-1,-17,-19,-6,1,1,0,-1,1,2,-1,2,3,-9,0,9,4,4,0,0,-10,-12,-4,6,2,-2,0,-1,-1,-1,-1,-1,6,1
KR_6733102468,420,2,43,14,4,5,6,1,-1,0,1,-2,1,3,1,2,1,1,2,1,0,2,-102,4,6,10,-3,0,0,1,1,0,1,5,1
KR_6713896163,420,4,10,1,9,2,5,3,3,6,3,3,8,5,-1,2,3,2,3,1,0,2,0,2,2,4,-1,0,-1,1,1,-1,1,6,1
KR_6746050419,440,5,17,8,5,-1,4,5,1,7,6,5,6,1,2,5,3,-2,1,3,0,-4,2,-2,2,0,3,0,0,1,1,1,1,5,1
KR_6720792630,420,3,48,-1,2,1,1,0,-2,3,5,1,2,1,1,2,1,1,1,0,0,5,-2,-1,7,6,-2,0,1,1,1,1,-1,6,1
KR_6714160983,420,2,7,-8,7,-2,0,2,-1,2,3,2,3,1,1,1,0,7,7,0,0,16,-7,0,7,7,6,0,0,1,1,0,1,6,1
KR_6686296720,420,1,25,-16,7,0,2,2,3,5,2,3,5,2,-1,2,3,2,2,0,-1,8,8,3,4,7,3,0,2,1,1,1,-1,6,1
KR_6760269710,420,-1,43,-2,-3,-1,2,3,-4,2,6,0,3,3,1,5,4,1,2,1,0,-2,-3,-3,6,3,0,0,1,1,-1,1,1,6,1
KR_6763413342,420,3,14,6,7,0,2,2,2,3,1,0,2,2,2,3,1,3,3,0,0,8,8,-2,5,3,1,0,0,0,-1,0,1,0,1
KR_6743486780,420,3,9,12,11,0,3,3,5,6,1,6,6,0,1,1,0,-1,0,1,0,13,3,4,3,7,4,0,0,-1,-1,0,-1,1,1
KR_6630141898,420,8,68,50,10,4,5,1,2,6,4,1,6,5,2,5,3,1,3,2,2,-4,1,-1,4,3,2,0,2,-1,1,1,1,5,1
KR_6737325796,420,3,-58,5,3,2,5,3,1,3,2,-3,3,6,3,8,5,0,0,0,-2,-3,11,5,2,7,-6,0,0,1,1,0,-1,4,1
KR_6760848268,420,-1,23,27,2,-3,0,3,2,4,2,-1,1,2,5,7,2,-1,2,3,0,1,13,2,5,7,-11,0,-2,-1,-1,-1,-1,6,1
KR_6675596678,420,1,10,2,7,-2,2,4,5,7,2,3,4,1,-2,1,3,3,3,0,1,11,0,-2,6,4,4,0,0,1,-1,0,1,5,1
KR_6345991905,420,2,44,-2,5,-2,1,3,0,5,5,-1,0,1,7,9,2,1,1,0,0,8,-128,-6,11,5,3,0,-1,1,-1,-1,-1,4,1
KR_6763949435,420,-3,-35,13,-7,4,4,0,-4,1,5,-2,0,2,-7,2,9,2,3,1,-1,-14,-51,-1,6,5,-2,0,0,1,1,0,-1,2,1
KR_6762896583,420,3,37,20,3,3,3,0,0,2,2,1,2,1,-2,0,2,1,2,1,1,-4,-14,2,5,7,5,0,1,1,1,1,1,1,1
KR_6763976273,440,-3,-8,7,-7,-9,1,10,3,4,1,0,0,0,-1,2,3,0,0,0,0,-2,2,4,4,8,1,0,-1,1,-1,-1,-1,3,1
KR_6765703181,420,-1,1,-4,-6,-1,1,2,-3,2,5,4,7,3,-4,2,6,-2,1,3,0,-8,-20,-4,9,5,3,0,0,0,-1,1,-1,0,1
KR_6754581385,420,-2,14,-20,-2,-2,2,4,5,5,0,-2,2,4,-5,2,7,2,3,1,0,-5,-3,-1,5,4,1,0,1,-1,1,1,1,3,1
KR_6751595177,420,-1,51,-2,3,3,3,0,-1,2,3,3,4,1,-3,0,3,1,1,0,0,-1,153,1,3,4,5,0,-1,1,-1,-1,1,1,1
KR_6734341921,420,1,20,-11,0,-2,1,3,-2,0,2,3,4,1,0,0,0,1,1,0,0,-2,-31,-5,8,3,7,0,1,0,0,1,1,0,1
KR_6757553231,420,-2,6,-8,-1,2,2,0,0,1,1,-1,1,2,-4,2,6,2,2,0,0,-5,4,-2,6,4,-6,0,-1,1,1,-1,1,5,1
KR_6743422351,420,-1,-26,-16,6,-1,2,3,2,4,2,3,5,2,2,4,2,0,0,0,1,14,-9,2,4,6,2,0,1,1,1,1,1,6,1
KR_6761466509,420,1,7,-20,20,4,5,1,3,3,0,7,8,1,5,5,0,1,1,0,1,27,23,4,2,6,-2,0,1,-1,0,1,1,5,1
KR_6760492212,420,5,25,20,8,4,4,0,-1,3,4,8,8,0,-2,0,2,-1,1,2,0,1,111,1,4,5,2,0,2,1,1,1,1,5,1
KR_6748940178,420,5,13,92,4,-1,1,2,1,2,1,6,6,0,3,4,1,-5,0,5,0,3,4,2,5,7,2,0,1,1,1,1,1,3,1
KR_6759497365,420,6,67,29,12,1,1,0,5,5,0,3,4,1,1,1,0,2,2,0,0,8,8,1,3,4,-2,0,1,0,1,1,1,0,1
KR_6757721138,420,-1,68,-12,2,5,7,2,-4,2,6,-1,2,3,2,4,2,0,1,1,1,7,-105,3,3,6,1,0,1,1,-1,1,1,5,1
KR_6748889389,420,-3,2,-2,-7,-1,2,3,0,6,6,0,2,2,-3,0,3,-3,0,3,0,-18,-30,-7,9,2,5,0,0,1,-1,0,-1,6,1
KR_6761179132,440,-2,-8,8,-3,-1,2,3,-2,2,4,-1,1,2,-1,2,3,2,2,0,0,-1,-1,-2,9,7,0,0,0,-1,-1,0,-1,2,1
KR_6733848908,420,-3,-80,5,-8,-5,0,5,4,6,2,-2,2,4,0,3,3,-5,1,6,1,-9,-3,1,4,5,-2,0,-2,1,-1,-1,1,6,1
KR_6669672999,420,3,17,-5,9,1,2,1,4,7,3,-1,3,4,3,4,1,2,3,1,2,11,5,-1,8,7,-3,0,2,-1,1,1,1,6,1
KR_6763590335,420,-3,-89,20,-1,-4,0,4,2,3,1,4,5,1,-1,1,2,-2,0,2,0,5,-36,-1,4,3,4,0,-1,1,1,-1,1,5,1
KR_6717680842,420,4,49,8,3,3,3,0,-5,1,6,-2,0,2,5,7,2,2,2,0,0,2,-12,3,5,8,2,0,0,-1,1,0,-1,2,1
KR_6549632436,420,6,14,36,6,4,4,0,2,3,1,3,5,2,0,1,1,-3,0,3,0,-1,-142,-3,9,6,1,0,0,1,1,1,1,2,1
KR_6656810831,420,1,28,-23,4,0,1,1,3,5,2,1,2,1,0,3,3,0,0,0,0,6,-2,1,7,8,1,0,-1,1,-1,-1,-1,5,1
KR_6644280163,420,1,18,7,7,4,5,1,-1,3,4,0,1,1,3,5,2,1,5,4,0,11,0,0,10,10,-1,0,0,1,-1,-1,1,5,1
KR_6765598728,420,4,34,26,8,-1,2,3,0,1,1,-1,2,3,6,6,0,4,4,0,0,6,4,2,1,3,4,0,1,1,-1,1,1,4,1
KR_6759446600,420,2,-35,12,2,-3,1,4,1,2,1,1,2,1,2,2,0,1,1,0,0,5,-92,1,3,4,-3,0,-1,1,-1,-1,-1,3,1
KR_6733035953,420,2,6,-4,0,1,2,1,-4,0,4,-2,1,3,4,4,0,1,1,0,0,0,403,0,4,4,1,0,0,1,-1,1,-1,4,1
KR_6746308652,420,0,11,-28,1,-1,1,2,2,5,3,0,2,2,-1,2,3,1,1,0,1,7,-98,-2,8,6,0,0,0,0,-1,1,1,0,1
KR_6756290579,420,2,-21,-9,-1,6,7,1,2,2,0,-6,2,8,-4,1,5,1,2,1,-3,-10,8,-6,10,4,-3,0,0,-1,-1,1,-1,4,1
KR_6729881726,420,2,66,29,3,2,2,0,2,4,2,-2,2,4,-1,6,7,2,2,0,2,11,16,-7,10,3,3,0,1,1,1,1,1,1,1
KR_6744462814,420,2,-1,23,7,6,7,1,-1,3,4,1,2,1,0,2,2,1,2,1,0,0,-6,0,3,3,-3,0,0,0,1,1,1,0,1
KR_6765256014,420,2,5,8,4,1,1,0,2,3,1,-1,0,1,1,2,1,1,2,1,0,6,152,1,7,8,-1,0,0,1,0,0,1,6,1
KR_6763766496,440,-2,11,22,-7,5,7,2,-4,0,4,1,3,2,-6,0,6,-3,0,3,-1,-9,-5,3,3,6,-2,0,1,1,0,1,-1,1,1
KR_6707835338,420,4,72,16,1,-1,3,4,3,5,2,5,7,2,-2,3,5,-4,1,5,2,1,-3,-1,7,6,1,0,1,1,1,1,1,3,1
KR_6688565802,420,-2,-24,16,0,-1,2,3,-2,0,2,-2,1,3,5,6,1,0,1,1,0,3,11,2,7,9,-4,0,0,-1,-1,0,-1,1,1
KR_6737179259,420,2,8,-12,4,1,1,0,1,3,2,-1,1,2,2,3,1,1,1,0,0,7,34,-5,11,6,1,0,1,-1,-1,1,-1,6,1
KR_6686634733,440,0,30,-12,0,1,2,1,-6,0,6,3,3,0,2,3,1,0,0,0,0,-4,5,0,4,4,-3,0,0,1,-1,-1,-1,1,1
KR_6728121064,440,1,-23,0,-1,1,1,0,1,2,1,-2,4,6,-3,2,5,2,2,0,0,-5,11,2,6,8,0,0,0,-1,1,0,-1,6,1
KR_6739568949,420,-5,-44,-26,-12,-5,0,5,-5,1,6,0,3,3,-2,1,3,0,1,1,0,-14,20,-5,8,3,-2,0,-2,1,1,-1,-1,4,1
KR_6756521469,420,-2,-42,13,-6,0,1,1,3,6,3,-4,1,5,-6,0,6,1,1,0,0,-8,-1,2,7,9,2,0,-1,1,1,-1,1,6,1
KR_6727406716,420,1,83,-4,6,-1,0,1,0,1,1,1,3,2,1,1,0,5,7,2,0,7,-131,1,5,6,-1,0,0,-1,-1,-1,1,1,1
KR_6607305139,420,-2,-18,19,0,1,1,0,2,3,1,0,0,0,-2,0,2,-1,2,3,0,-3,32,1,4,5,-7,0,0,1,1,1,1,5,1
KR_6762270287,420,-1,-40,-9,2,-3,0,3,6,6,0,-3,1,4,3,5,2,-1,1,2,0,3,-2,0,5,5,3,0,0,1,-1,0,1,5,1
KR_6733229289,420,-4,-24,-32,-3,-2,1,3,-1,6,7,0,3,3,1,2,1,-1,2,3,0,4,-308,3,3,6,-15,0,0,1,-1,0,1,4,1
KR_6742607151,420,3,86,-3,8,5,5,0,6,6,0,-4,3,7,2,3,1,-1,1,2,0,8,6,0,4,4,3,0,1,1,1,1,1,5,1
KR_6765698453,420,5,79,17,7,-1,0,1,3,4,1,1,3,2,2,3,1,2,2,0,0,4,-64,2,3,5,3,0,0,1,1,1,-1,6,1
KR_6428895280,440,1,40,-16,-4,1,3,2,0,0,0,2,4,2,-3,3,6,-4,1,5,-1,-10,8,7,3,10,-3,0,1,-1,0,1,1,6,1
KR_6692834717,420,-1,63,-4,1,-1,1,2,4,7,3,1,4,3,-3,5,8,0,2,2,0,-2,-6,2,5,7,3,0,0,1,1,0,-1,2,1
KR_6713308682,420,-2,-56,-24,2,-3,0,3,2,6,4,-2,0,2,4,7,3,1,2,1,0,8,1,0,5,5,-4,0,0,-1,1,0,-1,5,1
KR_6749698614,420,4,9,23,11,-3,0,3,3,3,0,2,2,0,2,5,3,7,8,1,0,10,-10,-5,9,4,4,0,0,1,-1,1,1,1,1
KR_6736633388,420,4,61,16,3,7,7,0,-4,0,4,1,5,4,0,2,2,-1,0,1,2,9,1,-2,10,8,8,0,0,-1,-1,0,1,6,1
KR_6360798470,420,2,6,-2,8,3,3,0,1,5,4,5,6,1,-1,2,3,0,1,1,0,7,0,0,0,0,2,0,0,1,-1,0,1,1,1
KR_6676513064,420,5,53,5,9,5,5,0,1,3,2,1,2,1,2,4,2,0,1,1,0,10,7,3,5,8,3,0,0,-1,1,0,-1,2,1
KR_6758836533,420,5,75,-31,11,5,5,0,3,6,3,-2,1,3,3,6,3,2,2,0,0,7,2,3,3,6,4,0,2,-1,1,1,1,6,1
KR_6609178631,420,5,54,16,15,3,3,0,1,1,0,5,6,1,4,5,1,2,2,0,0,13,-14,1,2,3,-2,0,1,1,1,1,1,4,1
KR_6763332939,420,5,117,-3,9,2,3,1,2,3,1,3,5,2,1,2,1,1,1,0,0,-1,-31,-1,3,2,-1,0,2,1,1,1,1,3,1
KR_6758552214,420,4,12,26,11,1,2,1,4,4,0,0,2,2,4,5,1,2,4,2,0,11,6,5,2,7,0,0,1,1,1,1,1,4,1
KR_6760174401,420,2,-6,41,10,-2,0,2,3,4,1,3,4,1,5,9,4,1,3,2,2,11,4,3,3,6,1,0,1,0,1,1,1,0,1
KR_6667977733,420,5,30,19,5,0,2,2,0,0,0,-1,1,2,0,2,2,6,7,1,-1,9,13,2,3,5,1,0,2,1,1,1,-1,2,1
KR_6733694520,420,1,-30,16,-7,1,3,2,0,1,1,-1,1,2,-6,0,6,-1,1,2,0,-9,3,-5,8,3,-4,0,-1,1,-1,-1,-1,3,1
KR_6693710045,420,1,-16,36,-3,-5,0,5,1,4,3,0,2,2,4,5,1,-3,2,5,0,-1,2,0,6,6,0,0,-1,1,-1,-1,-1,6,1
KR_6637447797,440,2,7,59,8,0,5,5,3,5,2,3,3,0,2,2,0,0,0,0,0,6,217,5,1,6,2,0,1,1,1,1,1,1,1
KR_6763614813,420,4,-14,14,13,0,1,1,1,2,1,5,6,1,8,9,1,-1,2,3,0,11,6,4,2,6,0,0,2,1,1,1,1,4,1
KR_6759885070,420,-1,74,-32,4,1,1,0,0,4,4,1,3,2,2,4,2,0,1,1,2,5,8,3,4,7,4,0,1,1,1,1,1,4,1
KR_6748555212,420,-1,14,-20,2,0,2,2,0,2,2,3,6,3,-1,0,1,0,0,0,0,3,12,5,1,6,2,0,1,-1,1,1,1,5,1
KR_6758941037,420,5,54,19,12,10,11,1,-2,2,4,4,5,1,-1,1,2,1,1,0,0,0,-8,-1,3,2,0,0,0,1,1,1,1,2,1
KR_6481945805,420,2,27,20,9,1,1,0,0,7,7,-2,4,6,8,8,0,2,3,1,3,25,-43,0,8,8,6,0,1,1,1,1,1,2,1
KR_6748637447,420,2,5,11,-1,2,3,1,-1,1,2,-2,2,4,1,3,2,-1,1,2,0,-1,9,3,3,6,1,0,1,1,-1,1,-1,2,1
KR_6719370454,420,5,27,11,13,6,7,1,1,2,1,-2,0,2,3,4,1,5,5,0,0,14,1,3,5,8,1,0,0,-1,1,0,1,4,1
KR_6747773771,420,8,165,11,31,2,5,3,4,5,1,6,7,1,15,17,2,4,4,0,0,29,-2,-1,4,3,0,0,2,0,0,1,1,0,1
KR_6741605994,420,3,23,-26,10,3,5,2,3,5,2,-1,3,4,0,2,2,5,9,4,1,14,1,2,3,5,4,0,3,1,1,1,1,3,1
KR_6747402937,420,0,21,-4,8,-3,0,3,1,2,1,5,5,0,5,6,1,0,0,0,0,11,-4,-2,6,4,2,0,0,1,-1,0,1,5,1
KR_6585875022,420,5,105,11,14,-1,2,3,-1,2,3,3,3,0,13,13,0,0,1,1,0,17,-128,4,5,9,3,0,3,1,1,1,1,4,1
KR_6691760762,420,4,37,27,4,1,3,2,-3,2,5,3,5,2,4,4,0,-1,3,4,-2,-2,-200,4,6,10,0,0,0,1,-1,1,-1,1,1
KR_6761982386,420,-1,2,0,-6,2,3,1,-3,0,3,-2,2,4,-1,2,3,-2,0,2,0,-10,-11,-1,4,3,1,0,-1,0,1,-1,-1,0,1
KR_6735295650,420,0,-3,13,3,-2,0,2,3,6,3,2,4,2,1,2,1,-1,0,1,0,9,-50,0,7,7,23,0,1,1,0,1,-1,4,1
KR_6764956597,440,5,14,37,16,2,6,4,-2,2,4,-2,0,2,13,13,0,5,6,1,1,23,3,-3,3,0,0,0,2,1,1,1,1,5,1
KR_6757112286,420,-1,39,-9,3,0,1,1,2,5,3,4,6,2,-3,3,6,0,0,0,0,0,-2,0,5,5,2,0,-1,-1,-1,-1,-1,4,1
KR_6763664407,420,1,-4,24,1,-2,0,2,7,8,1,-3,2,5,-2,0,2,1,2,1,0,3,-9,1,3,4,-1,0,-1,1,1,-1,1,2,1
KR_6757409174,420,5,81,7,14,2,2,0,-3,3,6,8,9,1,4,6,2,3,4,1,0,8,138,-2,5,3,-5,0,3,1,1,1,1,3,1
KR_6740272217,440,4,96,39,8,2,3,1,-1,2,3,4,5,1,4,5,1,-1,0,1,1,5,29,5,1,6,-4,0,0,0,0,0,1,0,1
KR_6701138980,420,3,21,43,2,4,5,1,3,3,0,-5,1,6,-1,1,2,1,2,1,-1,-3,-1,2,4,6,1,0,1,-1,1,1,-1,2,1
KR_6757015563,420,4,13,16,6,3,4,1,5,5,0,2,3,1,1,1,0,-5,1,6,0,10,5,-4,8,4,2,0,2,1,1,1,1,4,1
KR_6757190448,420,2,-3,28,12,-3,0,3,3,5,2,10,11,1,3,3,0,-1,2,3,2,8,28,2,5,7,0,0,0,1,1,0,1,2,1
KR_6756797686,420,1,43,2,3,0,0,0,-2,2,4,7,7,0,-2,2,4,0,1,1,0,-1,24,0,6,6,-3,0,2,-1,1,1,1,2,1
KR_6674301677,420,3,58,8,11,5,5,0,2,8,6,4,5,1,1,3,2,-1,0,1,0,14,2,3,2,5,-2,0,2,-1,1,1,-1,1,1
KR_6765774029,420,2,75,7,5,5,5,0,-1,4,5,-1,2,3,3,3,0,-1,0,1,0,2,-28,3,3,6,5,0,2,1,1,1,1,4,1
KR_6695838869,420,4,55,41,8,2,3,1,6,10,4,3,4,1,-3,0,3,0,0,0,0,-2,5,-3,5,2,-3,0,2,0,1,1,1,0,1
KR_6761044363,420,2,32,5,-3,4,4,0,-4,0,4,-4,0,4,3,4,1,-2,0,2,0,-2,-22,-2,6,4,5,0,1,-1,-1,1,-1,5,1
KR_6231755121,420,0,-77,-4,-2,-2,2,4,0,1,1,1,5,4,0,3,3,-1,1,2,0,-5,-9,1,6,7,1,0,0,1,-1,-1,-1,4,1
KR_6638746337,420,0,33,-1,5,-1,2,3,0,2,2,3,3,0,2,2,0,1,1,0,0,7,-15,-2,7,5,5,0,2,1,1,1,-1,5,1
KR_6692139186,420,1,-10,12,9,2,4,2,0,3,3,4,5,1,0,2,2,3,4,1,0,0,-97,1,5,6,-2,0,0,1,1,1,1,5,1
KR_6753207727,420,-2,4,-15,-3,3,4,1,1,1,0,-4,1,5,-1,0,1,-2,0,2,0,0,6,-1,4,3,-5,0,0,-1,1,-1,-1,4,1
KR_6576145446,420,3,16,8,-7,-2,0,2,-2,0,2,-4,0,4,0,2,2,1,1,0,-2,-7,3,-2,5,3,3,0,2,1,-1,1,-1,2,1
KR_6565314125,420,4,20,-4,11,2,6,4,4,5,1,1,1,0,4,5,1,0,1,1,0,13,139,-3,8,5,6,0,2,-1,-1,-1,-1,1,1
KR_6757688292,420,6,115,-4,15,3,3,0,4,7,3,-1,0,1,9,9,0,0,1,1,1,17,10,3,5,8,0,0,4,1,1,1,1,6,1
KR_6658681618,420,-1,-42,1,1,-3,3,6,5,7,2,2,4,2,-4,3,7,1,1,0,0,4,2,3,5,8,-2,0,0,1,1,1,1,5,1
KR_6741636762,440,0,-4,-32,-2,-1,1,2,2,2,0,-1,1,2,-1,1,2,-1,1,2,0,-6,7,3,6,9,-9,0,1,-1,1,1,-1,3,1
KR_6764440743,420,3,34,31,6,-4,1,5,1,4,3,4,5,1,5,6,1,0,0,0,0,7,10,4,3,7,-2,0,1,-1,1,1,1,6,1
KR_6750415488,440,8,72,68,12,0,1,1,8,8,0,4,4,0,2,6,4,-2,0,2,0,6,0,4,0,4,0,0,1,1,1,1,1,6,1
KR_6744348580,440,-2,-61,13,3,1,2,1,-1,0,1,-1,3,4,5,9,4,-1,0,1,0,-2,-1,2,3,5,-1,0,-2,-1,1,-1,-1,6,1
KR_6758736771,440,2,20,5,11,0,0,0,2,3,1,3,9,6,5,9,4,1,1,0,1,10,3,3,1,4,6,0,1,0,0,1,1,0,1
KR_6733426036,420,4,19,20,1,1,1,0,6,6,0,-1,3,4,-3,0,3,-2,1,3,0,-3,23,3,3,6,0,0,2,1,1,1,-1,4,1
KR_6757573814,420,0,-44,-4,3,-1,2,3,4,4,0,-1,4,5,-1,2,3,2,2,0,0,6,-6,-1,7,6,4,0,-1,1,-1,-1,1,5,1
KR_6763887550,420,0,-27,4,4,-1,2,3,-7,1,8,4,6,2,7,9,2,1,1,0,1,13,-7,-2,7,5,1,0,0,1,0,0,1,1,1
KR_6761012936,440,0,0,-10,2,2,3,1,3,4,1,0,0,0,-2,1,3,-1,1,2,0,0,55,-2,6,4,-2,0,0,1,-1,0,1,3,1
KR_6760878494,420,4,35,-3,5,3,5,2,1,1,0,-1,2,3,1,2,1,1,2,1,0,1,-4,-3,6,3,2,0,0,1,-1,1,1,5,1
KR_6758894140,420,3,64,12,9,9,9,0,-1,1,2,-2,2,4,3,4,1,0,2,2,0,-2,-10,1,1,2,0,0,0,-1,-1,1,1,5,1
KR_6747621690,420,1,-10,-31,3,4,5,1,-3,1,4,-2,2,4,1,5,4,3,4,1,0,-1,7,-2,6,4,5,0,0,1,-1,0,-1,2,1
KR_6706623539,420,3,11,11,12,1,3,2,5,7,2,7,7,0,0,1,1,-1,0,1,0,8,2,1,5,6,2,0,0,1,-1,0,1,1,1
KR_6700339511,420,0,36,-6,-1,-6,1,7,4,5,1,0,3,3,2,3,1,-1,1,2,0,10,3,-2,8,6,1,0,1,1,1,1,1,1,1
KR_6757696277,420,4,64,11,5,0,2,2,-2,2,4,3,3,0,0,1,1,4,4,0,0,3,10,6,1,7,-3,0,1,1,-1,1,-1,6,1
KR_6738731413,420,5,16,32,12,6,6,0,-2,1,3,0,1,1,2,4,2,6,6,0,0,6,6,-2,5,3,5,0,3,1,1,1,1,6,1
KR_6717433045,420,-1,-17,-4,4,0,1,1,2,3,1,2,3,1,0,4,4,0,0,0,1,4,1,0,9,9,0,0,0,1,-1,0,1,5,1
KR_6647282644,420,2,10,17,-3,-1,1,2,0,4,4,3,3,0,-4,1,5,-1,1,2,0,-6,0,2,4,6,2,0,0,-1,1,0,-1,2,1
KR_6707277388,420,4,55,4,2,5,5,0,-4,1,5,1,2,1,-1,1,2,1,1,0,0,0,9,-1,3,2,-2,0,1,-1,1,1,-1,5,1
KR_6670018857,420,1,1,23,1,0,2,2,0,4,4,2,3,1,1,1,0,-2,1,3,0,-3,-8,-3,5,2,4,0,1,1,1,1,1,3,1
KR_6764152981,420,2,29,8,6,2,3,1,4,6,2,-1,4,5,1,2,1,0,0,0,0,6,12,1,6,7,0,0,1,-1,1,1,-1,2,1
KR_6746802136,420,2,61,4,7,-1,3,4,1,5,4,2,4,2,6,6,0,-1,0,1,0,10,-4,2,7,9,0,0,1,1,1,1,-1,2,1
KR_6762265015,420,-1,-36,30,-1,-2,1,3,-1,2,3,2,4,2,0,2,2,0,2,2,0,-4,-6,-2,5,3,-1,0,1,-1,1,1,1,3,1
KR_6603400774,420,7,54,5,5,4,5,1,0,1,1,-3,1,4,4,5,1,0,0,0,0,9,-3,3,2,5,-3,0,0,1,-1,1,1,1,1
KR_6691582225,420,3,-27,29,7,2,3,1,2,2,0,1,1,0,2,2,0,0,1,1,0,7,7,-3,6,3,-1,0,1,1,1,1,-1,5,1
KR_6743752627,420,0,8,-17,6,4,5,1,1,5,4,-4,2,6,5,8,3,0,2,2,0,12,11,1,5,6,-6,0,3,-1,1,1,1,1,1
KR_6751742547,420,7,62,18,16,6,6,0,4,4,0,1,2,1,8,8,0,-3,0,3,0,18,10,2,4,6,2,0,1,1,1,1,-1,5,1
KR_6713452039,420,3,40,-4,8,4,5,1,1,1,0,2,2,0,2,3,1,-1,0,1,0,6,3,2,2,4,0,0,0,1,-1,0,1,1,1
KR_6752390529,420,4,70,35,11,7,8,1,1,3,2,1,3,2,2,3,1,0,0,0,-1,1,44,5,4,9,-4,0,1,1,1,1,-1,5,1
KR_6757410070,420,1,-24,-16,0,-5,1,6,-1,2,3,3,3,0,5,7,2,-2,1,3,0,4,-25,0,6,6,-3,0,-1,1,-1,-1,1,6,1
KR_6733399224,420,3,31,21,6,-1,0,1,6,7,1,2,3,1,1,4,3,-2,0,2,0,7,166,2,3,5,2,0,2,-1,1,1,-1,4,1
KR_6661341459,420,-1,-54,8,-5,0,1,1,0,3,3,1,1,0,-5,1,6,-1,2,3,0,-10,-183,-2,3,1,-2,0,-2,1,-1,-1,-1,6,1
KR_6748111573,420,-2,-68,0,-8,-1,1,2,0,1,1,-5,1,6,-3,1,4,1,3,2,0,-5,4,0,4,4,-2,0,-1,-1,-1,-1,-1,2,1
KR_6718282981,420,1,6,-36,9,-1,0,1,-1,4,5,1,2,1,7,8,1,3,3,0,1,11,-34,3,4,7,17,0,1,1,-1,1,1,6,1
KR_6743160822,420,1,56,-12,5,1,2,1,5,5,0,1,3,2,-2,0,2,0,0,0,0,8,1,4,2,6,-5,0,0,-1,-1,0,1,1,1
KR_6691487891,420,0,-19,12,-1,-1,1,2,-1,0,1,0,2,2,1,3,2,0,1,1,0,-2,382,1,4,5,1,0,0,0,1,0,1,0,1
KR_6750850426,420,3,-29,11,1,7,7,0,-2,3,5,1,3,2,-4,0,4,-1,0,1,-2,3,0,2,4,6,-4,0,0,-1,1,1,-1,3,1
KR_6761119775,420,2,82,-63,12,4,5,1,9,12,3,3,3,0,2,2,0,-6,1,7,1,22,19,3,7,10,3,0,1,-1,-1,1,1,4,1
KR_6678359040,420,0,-38,-1,0,1,4,3,1,1,0,0,1,1,0,1,1,-2,0,2,0,1,22,-1,5,4,3,0,0,-1,1,0,1,3,1
KR_6746135245,420,2,26,26,10,0,1,1,1,7,6,7,8,1,2,4,2,0,1,1,2,7,1,-2,8,6,4,0,1,1,1,1,1,1,1
KR_6761822674,420,2,60,-25,8,2,3,1,6,8,2,1,3,2,2,3,1,-3,3,6,0,10,4,3,5,8,-3,0,1,0,-1,1,1,0,1
KR_6735291881,440,-1,-60,16,4,2,3,1,4,6,2,-3,0,3,-4,2,6,5,5,0,0,3,8,1,3,4,2,0,0,-1,1,-1,1,1,1
KR_6759772507,420,5,117,8,13,0,3,3,3,6,3,2,3,1,2,3,1,6,7,1,0,10,191,-1,6,5,3,0,1,1,1,1,1,5,1
KR_6763384088,420,0,12,0,8,0,2,2,3,4,1,3,4,1,-1,3,4,3,4,1,0,7,2,1,4,5,4,0,1,1,1,1,1,4,1
KR_6703647964,420,5,-2,7,6,1,3,2,4,6,2,-1,1,2,2,2,0,0,0,0,0,8,-1,-1,5,4,0,0,1,1,1,1,-1,4,1
KR_6757145665,420,2,-18,4,3,3,6,3,3,4,1,-3,0,3,-1,2,3,1,1,0,1,9,-4,2,7,9,-6,0,0,1,1,1,1,6,1
KR_6762572936,420,4,21,19,9,-1,1,2,1,2,1,3,3,0,4,5,1,2,2,0,0,14,6,5,1,6,0,0,0,0,-1,0,1,0,1
KR_6694343514,420,-1,10,-40,1,-1,0,1,-2,2,4,3,4,1,-4,0,4,5,5,0,0,4,-14,1,4,5,1,0,0,1,-1,1,-1,1,1
KR_6675083758,420,-2,-8,9,-1,-2,0,2,1,3,2,0,0,0,-1,0,1,1,2,1,0,-1,8,6,4,10,-7,0,1,1,1,1,1,3,1
KR_6668758673,420,6,43,37,10,4,4,0,0,4,4,5,5,0,1,4,3,0,1,1,0,5,-11,-1,10,9,-2,0,2,1,1,1,1,1,1
KR_6762528959,420,-2,-27,-12,2,-1,1,2,0,2,2,-1,2,3,4,5,1,0,0,0,0,-1,-4,-3,8,5,4,0,0,-1,-1,0,1,3,1
KR_6725316995,420,5,16,19,14,3,4,1,11,12,1,1,1,0,-1,2,3,0,1,1,0,10,281,2,5,7,-1,0,1,-1,1,1,1,6,1
KR_6691692133,420,1,1,-12,1,1,3,2,4,5,1,-2,1,3,-4,3,7,2,2,0,-1,5,-7,0,6,6,-2,0,0,0,1,0,-1,0,1
KR_6609926662,420,4,32,17,7,3,4,1,1,5,4,0,3,3,0,2,2,3,3,0,1,12,14,2,4,6,-3,0,0,1,1,1,1,1,1
KR_6762070519,420,-4,3,-4,-5,-2,3,5,-3,0,3,0,2,2,1,5,4,-1,0,1,0,-4,37,1,6,7,-18,0,0,1,1,-1,1,5,1
KR_6759046224,420,2,-5,1,0,-1,1,2,5,7,2,-2,2,4,-2,0,2,0,0,0,-1,-3,-28,-4,7,3,7,0,0,-1,-1,0,-1,1,1
KR_6756621170,420,2,84,-6,6,0,0,0,9,9,0,-2,1,3,0,2,2,-1,1,2,0,6,8,8,3,11,-1,0,0,1,1,1,1,1,1
KR_6758097093,420,1,50,-4,11,-2,1,3,6,6,0,0,2,2,8,8,0,-1,0,1,0,10,2,-1,3,2,6,0,0,1,1,0,1,1,1
KR_6765919540,420,5,76,12,17,5,5,0,0,1,1,7,10,3,0,2,2,5,7,2,0,13,9,3,4,7,2,0,2,1,1,1,1,5,1
KR_6757649827,420,2,10,1,12,4,4,0,4,4,0,2,5,3,2,5,3,0,1,1,0,15,-29,-3,7,4,1,0,0,1,-1,0,1,5,1
KR_6707910715,420,1,19,-19,0,2,3,1,-4,0,4,4,6,2,-2,3,5,0,1,1,0,0,-6,0,4,4,6,0,2,1,1,1,1,4,1
KR_6762791718,420,2,14,12,-5,1,1,0,0,6,6,-6,1,7,-1,0,1,1,1,0,0,-4,2,0,7,7,4,0,1,1,-1,1,-1,3,1
KR_6719091334,420,1,4,12,-1,1,1,0,1,4,3,-3,0,3,-1,2,3,1,1,0,0,0,-52,-6,10,4,17,0,-1,1,-1,-1,-1,3,1
KR_6757204523,420,1,87,12,0,3,4,1,0,2,2,-2,4,6,0,2,2,-1,0,1,0,-12,1,2,2,4,2,0,3,1,1,1,1,5,1
KR_6736213414,440,3,45,40,7,3,4,1,4,5,1,-4,3,7,3,3,0,1,3,2,0,4,-10,3,2,5,7,0,1,-1,1,1,-1,1,1
KR_6740487638,420,1,-28,0,1,0,1,1,-2,2,4,2,2,0,0,1,1,1,2,1,0,-3,8,-2,7,5,0,0,0,-1,1,0,1,4,1
KR_6753292037,420,0,49,0,2,1,2,1,1,2,1,-1,1,2,0,3,3,1,2,1,0,4,3,-1,5,4,0,0,0,1,1,1,1,3,1
KR_6680000894,420,-2,0,-14,-5,2,5,3,0,1,1,-4,1,5,-2,2,4,-1,0,1,0,-11,11,2,8,10,-5,0,-1,-1,1,-1,-1,1,1
KR_6700386627,440,3,-45,19,8,5,6,1,0,1,1,0,0,0,0,1,1,3,3,0,0,3,-1,0,2,2,1,0,2,-1,1,1,1,3,1
KR_6744664718,420,0,80,23,-4,1,4,3,-3,2,5,1,2,1,0,2,2,-3,1,4,0,-12,-1,5,1,6,2,0,0,1,-1,-1,-1,2,1
KR_6561150402,420,-2,12,-4,-3,-3,1,4,-1,1,2,6,8,2,0,2,2,-5,1,6,0,1,-9,-1,7,6,4,0,1,1,-1,1,1,3,1
KR_6640729325,440,0,-2,11,-1,1,4,3,1,1,0,-5,3,8,1,2,1,1,1,0,1,0,-107,2,5,7,1,0,1,-1,1,1,1,3,1
KR_6717488470,420,3,2,11,9,-3,1,4,5,10,5,3,4,1,4,4,0,0,0,0,-1,2,-11,5,9,14,0,0,1,-1,1,1,-1,2,1
KR_6707923495,420,2,-12,-14,-2,1,3,2,-1,2,3,-3,1,4,2,4,2,-1,0,1,0,-2,-3,-2,4,2,2,0,1,-1,1,1,1,2,1
KR_6761147230,420,1,17,-6,2,4,4,0,0,3,3,-1,2,3,1,5,4,-2,1,3,1,1,-146,0,1,1,-2,0,1,1,1,1,1,3,1
KR_6750694884,440,-1,25,8,-5,-2,2,4,-6,0,6,0,5,5,2,2,0,1,3,2,0,-9,-27,-1,4,3,-13,0,0,1,-1,-1,-1,4,1
KR_6763003694,420,1,54,-16,5,1,4,3,-4,2,6,4,6,2,3,4,1,1,1,0,0,7,32,6,3,9,1,0,1,1,1,1,1,4,1
KR_6685317330,420,-3,1,-42,-2,0,0,0,0,0,0,1,4,3,2,4,2,-5,1,6,0,-4,5,-1,7,6,6,0,0,-1,1,0,-1,1,1
KR_6758106193,420,2,84,-33,7,-1,0,1,5,6,1,1,1,0,1,2,1,1,1,0,0,9,3,0,3,3,3,0,2,1,1,1,1,4,1
KR_6727010748,420,3,51,-5,4,1,3,2,0,3,3,4,4,0,-3,1,4,2,2,0,0,0,3,-3,6,3,0,0,1,1,-1,1,-1,5,1
KR_6678841416,420,3,-1,28,12,3,3,0,6,7,1,1,1,0,3,4,1,-1,0,1,0,14,33,-3,9,6,0,0,2,1,1,1,1,3,1
KR_6645984510,440,1,-15,16,0,1,2,1,-1,2,3,4,6,2,-2,0,2,-2,0,2,1,-4,2,-3,6,3,0,0,1,1,-1,1,1,1,1
KR_6754421976,420,5,58,12,12,4,4,0,2,3,1,3,3,0,2,5,3,1,2,1,0,10,6,8,2,10,1,0,1,1,1,1,-1,6,1
KR_6729606965,420,3,-31,-12,5,2,3,1,4,5,1,-3,2,5,2,2,0,0,2,2,1,14,0,1,4,5,-2,0,1,-1,1,1,1,3,1
KR_6765712355,420,4,66,-4,10,2,3,1,3,4,1,6,6,0,-3,0,3,2,3,1,0,2,4,0,4,4,-3,0,1,-1,-1,1,1,6,1
KR_6748075989,420,-1,-21,26,-1,3,3,0,-2,4,6,3,4,1,-5,0,5,0,1,1,0,-3,1,2,3,5,-6,0,1,1,1,1,-1,2,1
KR_6720647331,420,7,40,48,17,6,7,1,0,2,2,6,6,0,3,5,2,2,3,1,0,9,-20,-3,7,4,-1,0,1,1,-1,1,1,3,1
KR_6754099226,420,0,-81,20,1,-5,0,5,-2,0,2,5,6,1,2,3,1,1,1,0,0,0,-11,-3,7,4,5,0,1,-1,1,1,-1,2,1
KR_6749848703,420,3,64,1,-1,2,5,3,-1,4,5,2,5,3,-4,5,9,0,3,3,-3,-7,-7,-1,2,1,0,0,0,-1,1,-1,-1,6,1
KR_6760337127,420,4,74,12,7,2,4,2,-2,4,6,5,7,2,2,5,3,0,1,1,2,11,7,3,1,4,1,0,2,1,1,1,-1,4,1
KR_6599925742,420,0,-18,-37,4,-3,0,3,-1,1,2,6,8,2,3,4,1,-1,0,1,0,11,8,3,6,9,-4,0,-2,-1,-1,-1,1,6,1
KR_6752055722,420,1,64,9,0,2,2,0,-1,2,3,-1,0,1,0,3,3,0,1,1,0,-1,-83,-1,4,3,20,0,0,1,-1,0,1,3,1
KR_6742593402,420,1,-16,-31,3,0,2,2,-2,0,2,2,4,2,0,3,3,3,3,0,0,5,2,0,6,6,6,0,0,1,-1,0,-1,3,1
KR_6700094234,420,2,-7,-33,4,5,6,1,1,3,2,1,5,4,-4,0,4,1,1,0,0,2,-6,0,5,5,2,0,-1,-1,1,-1,-1,6,1
KR_6725572787,420,1,20,32,-3,1,3,2,-2,1,3,0,2,2,-2,1,3,0,0,0,0,-6,-16,-1,6,5,-5,0,0,-1,1,0,1,2,1
KR_6758821940,440,1,-50,-15,7,0,3,3,3,5,2,4,4,0,1,4,3,-1,0,1,-1,7,-52,0,3,3,20,0,1,1,1,1,-1,3,1
KR_6759169538,420,2,-15,43,0,4,4,0,-1,2,3,3,5,2,-6,2,8,0,1,1,-1,-8,-48,-4,8,4,29,0,-1,1,1,-1,-1,5,1
KR_6619765181,420,4,42,39,4,3,4,1,0,3,3,3,5,2,-1,0,1,-1,0,1,0,0,-4,-1,4,3,3,0,0,1,-1,1,1,4,1
KR_6595377394,420,0,-10,-27,3,5,5,0,4,6,2,4,6,2,-6,2,8,-4,1,5,0,-4,-46,-1,6,5,6,0,0,-1,1,1,1,1,1
KR_6666734633,420,2,12,16,-5,0,2,2,-1,3,4,0,2,2,-1,5,6,-3,0,3,-2,-13,2,-7,9,2,-6,0,0,0,-1,1,-1,0,1
KR_6731463110,420,3,48,4,10,2,4,2,6,7,1,4,5,1,-3,0,3,1,1,0,0,13,0,2,4,6,-1,0,1,1,1,1,-1,6,1
KR_6720642052,440,0,49,-7,3,0,1,1,3,6,3,-3,1,4,2,4,2,1,1,0,0,5,5,4,1,5,0,0,1,1,-1,1,1,2,1
KR_6760609349,420,7,45,0,13,2,4,2,3,6,3,4,4,0,2,4,2,2,2,0,0,8,-23,3,3,6,-2,0,2,1,1,1,-1,4,1
KR_6764465917,420,2,16,16,12,3,4,1,3,6,3,1,4,3,5,6,1,0,1,1,-2,5,6,2,3,5,-3,0,0,0,-1,1,-1,0,1
KR_6757335529,420,2,-11,48,5,1,2,1,-1,2,3,3,4,1,2,6,4,0,1,1,0,10,23,-1,7,6,1,0,0,1,1,0,1,2,1
KR_6582555887,420,0,-44,-21,5,2,4,2,5,7,2,-1,2,3,-1,5,6,0,0,0,0,10,75,9,1,10,-5,0,0,1,1,0,1,1,1
KR_6664640636,420,4,49,-3,8,-1,0,1,-2,2,4,4,5,1,6,7,1,1,2,1,0,9,33,-2,4,2,-21,0,1,1,-1,1,1,5,1
KR_6750144016,420,4,61,4,13,8,9,1,1,1,0,0,3,3,5,9,4,-1,0,1,-1,10,-8,4,4,8,3,0,1,0,1,1,-1,0,1
KR_6758078881,420,5,46,-8,11,1,2,1,10,10,0,-1,1,2,1,3,2,0,2,2,0,12,-263,0,5,5,1,0,1,-1,-1,1,-1,6,1
KR_6762480487,420,-1,4,7,-3,-3,1,4,-1,1,2,5,5,0,-2,1,3,-2,1,3,0,5,-8,-3,5,2,4,0,1,1,1,1,1,2,1
KR_6680983495,420,2,54,11,1,0,0,0,1,2,1,0,3,3,1,4,3,-1,3,4,1,-3,11,0,3,3,-3,0,0,1,-1,0,1,2,1
KR_6688008324,420,-1,23,-29,4,3,5,2,-2,2,4,1,5,4,2,4,2,0,1,1,0,1,7,0,7,7,-1,0,1,1,-1,1,1,2,1
KR_6640795241,440,6,126,36,10,0,0,0,4,6,2,-1,5,6,3,5,2,4,4,0,1,5,-10,2,3,5,-1,0,3,-1,1,1,1,5,1
KR_6745760483,420,3,40,8,-1,2,3,1,-1,3,4,-1,0,1,2,3,1,-3,1,4,0,1,3,-4,8,4,-2,0,1,1,1,1,-1,1,1
KR_6720716335,440,0,15,12,-1,-1,1,2,-2,4,6,-1,0,1,3,3,0,0,1,1,0,-9,13,4,3,7,-2,0,1,1,1,1,1,5,1
KR_6733590353,420,4,21,32,1,4,4,0,-3,1,4,0,1,1,0,2,2,0,0,0,0,-3,110,-2,6,4,3,0,1,-1,1,1,1,5,1
KR_6695718908,420,-3,-61,-20,-3,-1,1,2,0,1,1,-2,4,6,-1,2,3,1,2,1,0,-7,-1,0,7,7,-5,0,-1,-1,-1,-1,-1,5,1
KR_6757312069,420,4,28,17,0,-2,1,3,1,3,2,2,4,2,-3,2,5,2,2,0,0,5,27,-5,7,2,-8,0,1,-1,1,1,-1,6,1
KR_6713770342,420,-2,4,-8,-2,-1,2,3,1,3,2,1,2,1,0,2,2,-3,1,4,0,-2,-9,1,4,5,-3,0,-2,1,-1,-1,-1,5,1
KR_6740025275,420,1,60,20,5,6,7,1,2,4,2,0,1,1,-2,5,7,-1,0,1,2,3,21,-2,8,6,0,0,1,1,-1,1,1,3,1
KR_6746103587,440,-1,5,-4,2,1,3,2,-1,5,6,3,4,1,-1,5,6,0,2,2,0,4,-2,-1,3,2,3,0,1,-1,1,1,-1,6,1
KR_6711115937,440,0,-7,0,6,-1,1,2,-2,1,3,9,10,1,0,4,4,0,0,0,0,0,-11,-5,8,3,3,0,1,1,1,1,-1,6,1
KR_6743171489,420,4,49,48,1,3,3,0,5,6,1,-4,0,4,0,1,1,-3,0,3,0,2,-17,4,6,10,-4,0,0,1,-1,0,-1,1,1
KR_6747706791,420,-2,3,-11,3,-1,3,4,2,4,2,1,2,1,0,2,2,1,2,1,0,5,-6,-4,6,2,3,0,0,-1,-1,1,-1,3,1
KR_6744061574,420,3,70,23,8,3,3,0,0,4,4,1,5,4,4,5,1,0,0,0,0,6,-100,-1,4,3,-2,0,2,1,-1,1,1,5,1
KR_6679016531,420,2,-2,-6,4,4,6,2,1,3,2,1,4,3,-3,0,3,1,2,1,0,1,1,2,3,5,-2,0,0,0,-1,1,-1,0,1
KR_6755369685,440,-2,-20,-3,-1,3,5,2,-5,0,5,1,3,2,0,4,4,0,1,1,-1,-8,-5,-1,4,3,2,0,-1,1,1,1,-1,6,1
KR_6741271044,420,3,35,-11,8,1,1,0,2,4,2,3,3,0,5,7,2,-3,0,3,0,4,0,-4,10,6,3,0,0,1,1,0,1,5,1
KR_6637401813,420,-2,-59,-9,-6,-2,2,4,0,3,3,2,2,0,-3,4,7,-3,0,3,0,-12,1,-2,7,5,0,0,-1,-1,0,-1,-1,1,1
KR_6744893289,420,-1,-3,-20,-1,0,1,1,0,2,2,1,2,1,1,4,3,-3,0,3,0,1,0,1,6,7,2,0,0,0,-1,0,1,0,1
KR_6602828151,420,1,16,-5,4,-2,3,5,5,6,1,1,3,2,-1,0,1,1,1,0,0,7,51,-3,9,6,-22,0,1,-1,1,1,1,5,1
KR_6699648493,420,1,56,10,9,2,2,0,1,3,2,-1,0,1,5,5,0,2,3,1,0,9,-5,-1,5,4,-2,0,2,1,1,1,1,6,1
KR_6754134417,420,5,65,27,15,1,1,0,5,5,0,0,1,1,10,10,0,-1,1,2,0,12,-102,-1,7,6,6,0,0,1,1,1,1,4,1
KR_6678208048,420,4,67,37,7,-1,2,3,-1,1,2,3,4,1,3,3,0,3,3,0,1,3,-59,3,3,6,3,0,0,1,-1,0,1,5,1
KR_6741413329,420,3,17,16,6,4,6,2,1,3,2,0,2,2,1,2,1,0,3,3,0,7,-5,-2,7,5,6,0,0,-1,-1,0,-1,2,1
KR_6623055647,420,2,33,-2,-2,1,3,2,0,4,4,0,3,3,-3,1,4,0,2,2,0,-9,-174,0,6,6,7,0,-1,-1,1,-1,1,5,1
KR_6740436254,420,5,28,22,10,1,2,1,6,6,0,-2,1,3,3,3,0,2,2,0,0,13,-22,0,3,3,-2,0,3,-1,-1,1,1,1,1
KR_6730529103,420,-2,-46,25,-6,-4,0,4,2,5,3,-3,1,4,-1,3,4,0,0,0,0,-7,-126,0,5,5,-7,0,0,1,-1,0,1,1,1
KR_6618091018,420,-2,-48,-6,-6,-3,1,4,-1,1,2,-1,3,4,-1,2,3,0,1,1,0,-4,199,1,9,10,-3,0,-2,0,-1,-1,1,0,1
KR_6644286058,420,6,87,40,11,6,6,0,1,2,1,3,3,0,1,1,0,0,0,0,0,4,45,1,4,5,0,0,2,1,-1,1,1,3,1
KR_6751307130,420,2,77,5,8,1,6,5,2,4,2,3,4,1,2,5,3,0,1,1,0,3,-5,0,5,5,4,0,2,1,-1,1,1,2,1
KR_6747976356,420,4,38,-16,10,2,4,2,0,3,3,3,4,1,4,4,0,1,1,0,-1,8,15,5,3,8,-4,0,1,1,0,1,-1,4,1
KR_6761110919,440,2,62,17,0,2,3,1,-2,2,4,-2,1,3,3,4,1,-1,0,1,0,-3,-8,-1,9,8,-1,0,0,1,-1,0,-1,5,1
KR_6760449971,420,5,92,32,6,-2,1,3,3,4,1,5,5,0,-1,2,3,1,1,0,0,2,-5,-4,9,5,5,0,2,-1,1,1,1,6,1
KR_6758048645,420,3,69,-10,-3,2,2,0,0,1,1,-1,3,4,-2,3,5,-2,1,3,0,-10,3,0,5,5,-4,0,2,1,1,1,-1,1,1
KR_6666270203,420,1,13,-7,4,7,7,0,-1,3,4,-2,1,3,1,2,1,-1,0,1,0,0,-70,0,4,4,-1,0,1,-1,1,1,1,3,1
KR_6658096203,420,7,75,70,14,3,5,2,2,7,5,9,9,0,-1,1,2,1,2,1,0,7,-17,2,6,8,1,0,4,0,1,1,1,0,1
KR_6762103542,420,3,21,31,7,6,6,0,5,6,1,2,4,2,-3,1,4,-3,1,4,0,-4,0,0,5,5,0,0,1,-1,-1,1,-1,1,1
KR_6732495105,420,6,41,18,8,4,4,0,2,7,5,2,4,2,-1,5,6,1,3,2,0,2,16,1,7,8,0,0,1,1,1,1,1,3,1
KR_6675996285,420,-3,-19,8,-5,2,3,1,-5,3,8,-3,0,3,1,4,3,0,3,3,0,-2,-2,-2,9,7,-4,0,-1,1,-1,-1,1,3,1
KR_6729865584,420,2,35,-3,13,-3,1,4,9,11,2,7,9,2,-1,1,2,1,1,0,0,13,-1,3,3,6,2,0,1,1,1,1,1,2,1
KR_6762881432,420,0,9,1,0,3,3,0,2,3,1,-2,0,2,-1,2,3,-2,1,3,0,-4,-3,4,2,6,0,0,0,1,1,1,1,6,1
KR_6611238304,420,-1,-47,-8,-3,-4,2,6,0,4,4,1,2,1,0,3,3,0,2,2,0,3,-256,-3,8,5,7,0,0,1,-1,0,-1,1,1
KR_6762853727,420,0,6,-44,4,4,4,0,-1,3,4,1,4,3,2,4,2,-2,0,2,1,2,-7,-1,5,4,6,0,0,1,1,0,1,5,1
KR_6734984881,420,4,11,10,6,2,3,1,0,0,0,4,5,1,2,4,2,-2,0,2,0,5,-4,1,5,6,-4,0,3,1,-1,1,-1,3,1
KR_6760041601,440,2,-34,-4,8,2,2,0,4,5,1,2,3,1,2,5,3,-2,0,2,0,5,0,-2,5,3,1,0,0,1,-1,0,1,4,1
KR_6697259857,420,1,18,0,2,6,6,0,-2,1,3,1,2,1,-2,1,3,-1,0,1,-1,1,-1,3,4,7,0,0,0,-1,1,1,-1,1,1
KR_6695793231,420,1,-74,3,2,3,4,1,2,7,5,-4,1,5,-1,1,2,2,2,0,0,-5,-1,-1,11,10,-3,0,0,1,-1,0,-1,6,1
KR_6684009146,420,4,49,24,10,-2,1,3,1,3,2,6,7,1,1,2,1,4,6,2,4,21,-1,-2,9,7,4,0,1,1,1,1,1,1,1
KR_6737210613,420,1,49,0,5,-1,3,4,3,4,1,1,3,2,3,3,0,-1,0,1,0,12,2,0,5,5,1,0,0,1,-1,0,-1,4,1
KR_6739823247,440,-5,-12,-64,-4,-3,1,4,0,4,4,2,4,2,-5,2,7,2,3,1,0,-4,19,-2,6,4,2,0,0,-1,-1,1,1,4,1
KR_6763080124,420,4,5,8,12,4,4,0,7,7,0,0,1,1,1,2,1,0,0,0,0,11,1,1,3,4,-3,0,1,1,1,1,1,4,1
KR_6756187485,420,0,5,4,2,-2,2,4,0,2,2,1,3,2,-1,2,3,4,5,1,1,6,-13,-5,6,1,3,0,0,-1,1,1,1,5,1
KR_6634908496,420,1,-53,-19,1,0,1,1,1,3,2,-1,1,2,2,4,2,-1,2,3,0,1,6,-3,6,3,-4,0,0,-1,1,0,-1,1,1
KR_6718352612,420,4,48,23,5,1,3,2,4,4,0,-2,2,4,3,4,1,-1,0,1,0,8,7,1,3,4,-3,0,0,1,0,0,1,5,1
KR_6763174282,420,5,99,-8,8,1,2,1,5,7,2,1,3,2,0,2,2,1,1,0,0,10,1,0,4,4,-1,0,0,1,1,1,1,2,1
KR_6748992360,420,2,54,3,-2,-2,1,3,-2,0,2,4,5,1,-2,2,4,0,0,0,0,4,-1,-3,6,3,2,0,0,0,-1,-1,-1,0,1
KR_6507029038,420,2,16,1,3,0,1,1,1,1,0,2,2,0,0,1,1,0,0,0,0,2,9,-1,3,2,1,0,2,1,1,1,1,2,1
KR_6523804074,420,1,19,19,-2,0,2,2,-2,1,3,-2,1,3,3,3,0,-1,1,2,0,-2,-1,2,5,7,7,0,0,1,1,0,-1,1,1
KR_6602858960,420,2,39,2,7,1,2,1,3,6,3,-1,1,2,1,4,3,3,3,0,0,6,3,2,7,9,1,0,2,1,1,1,1,2,1
KR_6756690191,420,2,-47,-12,4,-2,1,3,-3,3,6,3,3,0,3,6,3,3,3,0,0,6,118,5,2,7,3,0,0,1,1,-1,-1,4,1
KR_6723643014,420,0,-6,-18,4,-2,1,3,6,6,0,1,5,4,1,4,3,-2,3,5,0,0,-9,3,3,6,-2,0,-1,1,1,-1,-1,2,1
KR_6735611014,440,0,-54,33,3,0,0,0,10,11,1,0,2,2,-2,3,5,-5,1,6,-2,-1,36,1,5,6,4,0,1,1,1,1,-1,2,1
KR_6608652331,420,-1,28,-31,1,2,2,0,2,3,1,0,2,2,-3,0,3,0,0,0,0,-3,-48,-1,5,4,19,0,1,-1,1,1,-1,6,1
KR_6763200271,420,6,18,31,13,0,2,2,-1,1,2,11,13,2,2,5,3,1,1,0,-1,3,-2,-4,5,1,2,0,0,1,0,1,-1,1,1
KR_6736597748,420,1,47,4,0,2,6,4,-10,1,11,4,6,2,2,3,1,2,3,1,1,-1,-3,2,4,6,3,0,0,-1,1,-1,1,1,1
KR_6761285386,420,-4,22,-15,-4,0,2,2,-1,1,2,0,1,1,-3,0,3,0,1,1,0,-3,-113,5,5,10,0,0,0,1,-1,0,1,3,1
KR_6724524388,420,0,10,-11,-7,-4,0,4,0,3,3,0,1,1,-2,1,3,-1,0,1,-2,-3,5,-1,7,6,2,0,0,1,0,0,-1,4,1
KR_6763175022,420,2,-30,9,5,6,7,1,1,2,1,1,2,1,-3,1,4,0,0,0,0,7,12,2,2,4,-2,0,0,0,1,1,-1,0,1
KR_6738244991,420,7,113,17,11,1,1,0,-1,4,5,2,3,1,6,8,2,3,3,0,0,15,2,-3,7,4,9,0,1,1,1,1,1,3,1
KR_6765154450,420,0,21,20,4,1,4,3,3,4,1,3,3,0,-4,1,5,1,2,1,0,7,3,4,2,6,-3,0,1,0,1,-1,1,0,1
KR_6757148121,420,4,49,4,9,2,5,3,1,3,2,1,5,4,5,7,2,0,1,1,0,8,13,2,4,6,-2,0,2,1,1,1,1,6,1
KR_6730777098,420,1,30,30,-3,-2,0,2,2,5,3,-1,3,4,-2,3,5,0,0,0,0,-5,4,2,5,7,-2,0,0,0,-1,0,1,0,1
KR_6760752088,420,0,17,-15,7,-1,1,2,-2,2,4,4,4,0,4,4,0,2,2,0,0,10,2,-2,6,4,1,0,1,1,0,1,1,2,1
KR_6717563908,420,1,42,12,6,1,2,1,6,7,1,-3,4,7,2,3,1,0,0,0,1,-3,-3,0,6,6,-2,0,0,-1,-1,1,1,6,1
KR_6665752879,420,3,48,32,4,3,4,1,1,3,2,1,5,4,0,3,3,-1,2,3,0,6,7,1,9,10,-7,0,0,1,-1,0,-1,6,1
KR_6761231553,440,2,19,28,3,2,2,0,3,5,2,-1,2,3,-2,4,6,1,2,1,0,0,1,1,5,6,-3,0,0,1,1,1,-1,6,1
KR_6762178319,420,5,15,16,8,0,1,1,-2,2,4,4,5,1,6,6,0,0,1,1,0,4,4,1,6,7,1,0,2,1,0,1,1,2,1
KR_6762960112,420,-2,-4,9,3,2,2,0,2,3,1,-2,2,4,-1,2,3,2,2,0,0,4,-84,0,5,5,-10,0,0,1,-1,-1,1,1,1
KR_6759695798,440,1,-42,20,10,0,3,3,3,4,1,-4,2,6,4,4,0,7,7,0,0,22,-9,-1,4,3,2,0,1,1,1,1,1,6,1
KR_6763383458,440,1,77,25,8,0,1,1,0,0,0,5,6,1,3,3,0,0,0,0,1,14,1,-1,5,4,4,0,0,1,1,0,1,2,1
KR_6740707759,420,-1,-40,32,-1,2,2,0,-1,3,4,0,1,1,-2,2,4,0,0,0,0,-6,-26,6,3,9,15,0,0,1,1,-1,1,3,1
KR_6752132272,420,-1,-27,4,3,-2,2,4,-4,0,4,0,5,5,4,7,3,5,5,0,0,9,-38,-3,5,2,16,0,-1,1,-1,-1,-1,5,1
KR_6750878162,420,0,22,-31,2,1,4,3,1,4,3,2,3,1,0,5,5,-2,1,3,0,5,-9,-3,5,2,-3,0,1,1,-1,1,1,1,1
KR_6750560567,420,3,35,6,8,-1,2,3,3,5,2,1,4,3,4,4,0,1,1,0,0,14,-7,-2,6,4,8,0,1,1,1,1,1,5,1
KR_6755460638,420,2,68,-8,12,2,3,1,3,5,2,-1,2,3,3,4,1,5,5,0,0,15,6,4,3,7,1,0,2,1,1,1,1,2,1
KR_6694778880,420,3,9,8,6,-1,1,2,-2,1,3,0,2,2,6,7,1,3,3,0,0,5,0,-4,11,7,2,0,0,1,1,1,1,1,1
KR_6764791577,440,2,68,-63,9,3,3,0,7,7,0,1,2,1,-1,1,2,-1,2,3,0,5,-34,-5,11,6,5,0,-1,-1,-1,-1,1,3,1
KR_6763141234,420,5,55,16,15,3,4,1,3,5,2,5,7,2,2,4,2,2,3,1,3,22,5,5,1,6,2,0,1,1,-1,1,1,4,1
KR_6762806874,440,2,55,-8,0,2,2,0,-1,6,7,-1,3,4,-2,3,5,2,2,0,0,0,5,2,4,6,3,0,-1,1,-1,-1,1,2,1
KR_6762732640,420,2,-12,14,-2,4,5,1,-1,5,6,-2,1,3,-1,2,3,-2,0,2,-2,-12,-2,1,6,7,-2,0,1,1,1,1,-1,2,1
KR_6758922128,420,2,33,11,6,-2,0,2,5,6,1,1,2,1,-1,2,3,3,3,0,-1,9,-86,-1,6,5,-2,0,1,1,1,1,-1,2,1
KR_6684048374,420,-2,-28,-24,-2,-3,0,3,2,3,1,-1,3,4,3,5,2,-3,0,3,0,-1,-24,2,5,7,-1,0,0,-1,1,0,-1,5,1
KR_6742828254,420,2,21,-44,1,5,5,0,-2,1,3,-2,0,2,-1,5,6,1,2,1,0,7,-114,2,5,7,0,0,0,-1,-1,0,1,6,1
KR_6749540259,420,4,79,-8,6,0,1,1,0,3,3,3,4,1,2,5,3,1,2,1,0,3,3,-2,5,3,5,0,2,1,1,1,1,1,1
KR_6760277147,420,0,25,-32,2,-2,2,4,4,6,2,2,5,3,-2,3,5,0,1,1,0,-7,-4,1,2,3,-2,0,0,-1,1,-1,-1,3,1
KR_6623400621,420,1,-30,24,4,1,1,0,1,4,3,2,3,1,2,3,1,-2,0,2,0,0,-17,-5,8,3,4,0,0,-1,1,0,1,5,1
KR_6732803672,420,-2,-9,-5,4,-2,1,3,4,5,1,0,0,0,0,2,2,2,3,1,0,5,6,3,5,8,3,0,0,1,-1,1,-1,4,1
KR_6738686763,440,-1,24,-8,-2,0,1,1,-1,0,1,2,4,2,-2,1,3,-1,0,1,0,0,1,0,5,5,-3,0,0,-1,-1,0,1,2,1
KR_6750939252,420,4,52,-36,13,4,5,1,3,5,2,-1,1,2,5,7,2,2,5,3,0,16,-6,-1,6,5,7,0,2,1,1,1,1,6,1
KR_6703731279,420,4,76,-4,2,4,4,0,-2,0,2,-3,4,7,4,5,1,-1,3,4,0,-3,1,-1,4,3,2,0,1,1,-1,1,-1,4,1
KR_6642924889,420,0,67,7,3,1,1,0,2,6,4,-1,2,3,2,3,1,-1,0,1,0,1,-7,5,4,9,4,0,0,1,1,1,-1,4,1
KR_6694683072,440,2,-30,32,5,4,5,1,-2,2,4,4,5,1,-2,4,6,1,2,1,0,0,-7,-4,7,3,3,0,0,-1,0,1,1,6,1
KR_6764195617,420,-1,17,13,-2,0,1,1,-2,4,6,-1,2,3,2,3,1,-1,0,1,0,0,20,0,5,5,-3,0,0,-1,1,0,-1,6,1
KR_6731411913,420,-1,40,11,4,4,5,1,1,5,4,-2,1,3,2,5,3,-1,0,1,0,9,3,2,5,7,3,0,2,-1,1,1,-1,6,1
KR_6755263979,440,7,172,18,9,3,7,4,2,2,0,4,4,0,0,1,1,0,0,0,0,2,9,2,2,4,3,0,3,1,1,1,1,4,1
KR_6746343091,420,7,6,28,8,0,0,0,0,1,1,5,6,1,4,6,2,-1,0,1,0,9,3,3,3,6,0,0,1,1,1,1,-1,5,1
KR_6692933186,420,1,-19,-39,3,1,2,1,3,4,1,-1,0,1,2,4,2,-2,2,4,0,10,83,-2,5,3,7,0,0,0,1,1,1,0,1
KR_6766168923,420,-1,-1,-12,-4,-1,0,1,2,5,3,-2,2,4,-3,0,3,0,1,1,0,-3,0,2,1,3,0,0,1,-1,1,1,-1,3,1
KR_6642619733,420,2,26,24,9,-5,1,6,4,4,0,9,13,4,0,0,0,1,3,2,0,-2,6,3,7,10,-1,0,1,1,1,1,-1,6,1
KR_6735004947,440,3,37,-6,6,3,5,2,8,8,0,3,5,2,-8,3,11,0,2,2,-2,2,-11,0,4,4,-2,0,1,1,-1,1,-1,1,1
KR_6753551192,440,0,58,4,3,1,3,2,1,2,1,-2,4,6,2,4,2,1,2,1,3,11,5,5,1,6,2,0,1,0,1,1,1,0,1
KR_6741149205,420,3,81,17,6,-3,0,3,3,7,4,6,6,0,-1,1,2,1,1,0,1,11,1,4,3,7,6,0,0,-1,1,1,1,5,1
KR_6752851821,420,2,-21,-3,7,-1,1,2,2,3,1,2,2,0,1,3,2,3,3,0,0,7,-18,3,5,8,-1,0,0,0,0,0,1,0,1
KR_6765759451,420,0,-52,12,2,2,3,1,3,3,0,1,1,0,-3,0,3,-1,3,4,0,-1,-2,-3,7,4,1,0,0,-1,1,0,-1,4,1
KR_6764469847,420,-2,6,-4,-5,-1,2,3,-1,0,1,1,2,1,-3,0,3,-1,0,1,0,-12,3,2,4,6,-8,0,0,1,1,0,1,6,1
KR_6765604056,420,9,162,24,24,1,2,1,2,4,2,11,12,1,7,8,1,3,4,1,0,19,3,2,3,5,0,0,2,1,1,1,1,2,1
KR_6762559521,440,4,22,8,7,4,4,0,4,5,1,-2,2,4,-1,1,2,2,2,0,0,2,-2,-2,6,4,4,0,1,1,1,1,1,5,1
KR_6758061073,440,1,26,22,4,1,1,0,2,7,5,-1,1,2,1,3,2,1,1,0,0,1,-7,0,7,7,0,0,1,1,1,1,1,3,1
KR_6721083789,420,2,100,0,7,0,1,1,1,3,2,1,3,2,4,6,2,1,1,0,0,7,1,2,4,6,0,0,0,1,-1,0,1,4,1
KR_6746044581,420,0,-17,-6,-5,-2,2,4,-1,0,1,-2,0,2,0,0,0,0,0,0,0,-8,-4,0,3,3,2,0,0,-1,-1,0,-1,3,1
KR_6625342296,420,6,62,43,12,2,3,1,8,9,1,0,1,1,3,5,2,-1,1,2,5,24,10,1,4,5,-2,0,1,1,1,1,1,6,1
KR_6753176875,420,7,62,31,14,3,5,2,0,1,1,4,6,2,7,8,1,0,0,0,1,12,7,-1,5,4,3,0,0,0,1,1,1,0,1
KR_6760886455,440,-1,-15,24,-6,-4,0,4,-1,1,2,0,3,3,0,0,0,-1,1,2,0,-4,-1,0,5,5,-3,0,0,1,-1,0,-1,1,1
KR_6764823723,420,1,-21,20,-5,-1,1,2,-4,2,6,2,7,5,-3,1,4,1,1,0,0,-11,3,-2,9,7,6,0,0,1,-1,0,1,4,1
KR_6760564009,420,-1,-12,24,-3,6,8,2,0,2,2,-2,0,2,-7,1,8,0,2,2,-2,-7,11,8,4,12,-5,0,-1,0,0,-1,-1,0,1
KR_6693985111,420,1,1,13,2,-3,2,5,2,4,2,2,3,1,3,4,1,-2,0,2,0,5,-16,-2,9,7,-2,0,0,-1,1,0,1,4,1
KR_6765780679,420,3,-6,27,8,2,4,2,0,5,5,2,3,1,2,3,1,2,4,2,0,10,-6,-2,5,3,6,0,3,0,1,1,1,0,1
KR_6720637909,420,2,-31,23,5,3,3,0,6,7,1,1,3,2,-1,2,3,-4,0,4,0,6,-9,-2,8,6,6,0,2,-1,1,1,1,2,1
KR_6759687109,420,-6,-63,-16,-7,-3,4,7,1,1,0,1,2,1,-2,2,4,-4,1,5,1,4,10,3,4,7,3,0,0,-1,1,1,1,1,1
KR_6744141486,420,3,44,-12,6,1,2,1,-1,1,2,3,4,1,2,2,0,1,1,0,0,5,1,4,2,6,0,0,-1,0,-1,-1,1,0,1
KR_6753663120,420,0,36,4,1,1,2,1,2,4,2,-4,1,5,2,3,1,0,0,0,0,1,-42,-5,7,2,25,0,1,-1,-1,1,-1,2,1
KR_6757692283,420,7,57,17,14,4,7,3,6,6,0,-3,0,3,4,5,1,3,4,1,1,12,23,-5,7,2,4,0,3,0,1,1,1,0,1
KR_6735564582,420,5,52,28,8,4,5,1,0,4,4,1,1,0,1,2,1,2,2,0,0,2,15,2,4,6,1,0,1,-1,1,1,1,3,1
KR_6753320553,440,1,-64,4,2,2,3,1,-3,0,3,2,3,1,3,3,0,-2,0,2,-1,-2,-21,-1,5,4,5,0,1,-1,1,1,-1,2,1
KR_6735013401,420,-2,-14,-7,-4,-2,1,3,-7,0,7,5,8,3,-1,0,1,1,1,0,0,-5,0,-1,5,4,-6,0,-1,-1,-1,-1,-1,5,1
KR_6759686260,440,0,55,-4,3,1,2,1,1,1,0,1,1,0,-2,1,3,2,2,0,0,2,-13,-3,6,3,1,0,0,-1,1,0,-1,1,1
KR_6698647227,420,2,41,5,9,0,3,3,3,4,1,-3,1,4,8,9,1,1,2,1,0,13,0,0,3,3,0,0,0,1,-1,1,1,6,1
KR_6758787346,420,-1,100,-25,-2,0,0,0,-2,1,3,-1,2,3,2,2,0,-1,0,1,0,-4,2,-4,7,3,1,0,2,-1,1,1,1,5,1
KR_6649218097,420,2,12,-7,8,2,2,0,0,4,4,0,2,2,5,6,1,1,1,0,-2,9,10,-2,7,5,4,0,1,-1,-1,1,-1,4,1
KR_6549652200,420,3,75,17,9,2,3,1,4,5,1,2,4,2,0,3,3,1,2,1,0,1,-6,-3,8,5,6,0,1,1,1,1,-1,2,1
KR_6760787279,420,0,53,20,1,2,3,1,3,4,1,-3,0,3,-3,1,4,2,2,0,0,-2,17,-4,9,5,2,0,1,1,1,1,1,4,1
KR_6652212762,420,6,51,38,9,-2,0,2,3,5,2,2,3,1,6,6,0,0,0,0,0,10,5,5,5,10,0,0,2,1,-1,1,1,1,1
KR_6731712756,420,5,52,1,8,3,3,0,0,6,6,5,5,0,1,4,3,-1,2,3,0,11,-8,1,5,6,3,0,1,-1,1,-1,1,6,1
KR_6709749537,420,2,38,36,11,2,2,0,6,6,0,3,3,0,1,5,4,-1,0,1,2,22,1,5,4,9,1,0,1,1,1,1,1,4,1
KR_6437879911,440,-2,-14,-6,4,0,1,1,3,3,0,4,7,3,-2,0,2,-1,0,1,0,4,-20,3,1,4,1,0,1,1,-1,-1,1,3,1
KR_6697632105,420,0,0,-57,2,-1,2,3,-4,1,5,-1,1,2,5,5,0,3,3,0,0,7,32,0,5,5,-3,0,1,-1,-1,1,-1,4,1
KR_6679093887,420,5,36,29,9,2,4,2,0,3,3,1,3,2,6,7,1,0,1,1,0,4,-7,-3,6,3,6,0,1,-1,1,1,1,1,1
KR_6737819239,420,2,55,32,4,-2,1,3,1,3,2,-2,2,4,5,8,3,2,3,1,0,10,182,1,3,4,2,0,0,1,1,-1,1,6,1
KR_6763829470,420,1,17,1,3,2,3,1,0,4,4,0,2,2,-3,1,4,4,4,0,-2,-3,-26,-1,2,1,2,0,1,-1,1,1,-1,6,1
KR_6757452595,420,1,-39,8,-5,-1,2,3,0,1,1,1,2,1,-3,3,6,-2,1,3,0,-3,65,-6,9,3,0,0,0,1,-1,0,-1,6,1
KR_6740688448,420,2,19,13,6,1,3,2,1,3,2,0,1,1,1,4,3,3,4,1,1,8,-1,-4,6,2,-4,0,0,1,-1,-1,-1,5,1
KR_6758985159,420,1,-16,4,2,0,0,0,4,4,0,-2,0,2,-1,1,2,1,2,1,0,6,-36,-1,7,6,21,0,1,-1,1,1,-1,1,1
KR_6741235952,420,-2,16,-20,-1,-3,2,5,-2,1,3,-1,1,2,5,7,2,0,1,1,0,0,3,1,6,7,-2,0,-1,1,-1,-1,1,3,1
KR_6672194988,420,5,106,68,16,3,3,0,-1,5,6,3,7,4,10,10,0,1,2,1,2,6,37,2,3,5,2,0,3,1,-1,1,1,2,1
KR_6677544420,420,2,-40,17,6,1,1,0,7,7,0,0,1,1,-1,2,3,-1,0,1,0,16,19,1,5,6,-2,0,0,1,0,0,-1,4,1
KR_6765175469,420,4,76,22,9,1,2,1,3,5,2,3,3,0,2,6,4,0,2,2,-2,7,4,3,3,6,-2,0,0,1,-1,1,1,5,1
KR_6757203045,420,0,-68,-8,9,1,2,1,6,7,1,3,3,0,0,0,0,-1,1,2,0,8,4,2,3,5,-1,0,-1,1,-1,1,-1,1,1
KR_6717291337,420,0,30,4,-5,5,5,0,-5,2,7,1,3,2,-5,1,6,-1,2,3,0,-16,1,-3,8,5,1,0,0,-1,1,0,1,6,1
KR_6764153187,420,4,29,13,13,1,4,3,6,7,1,1,2,1,4,4,0,1,2,1,0,6,395,3,6,9,-33,0,0,1,-1,1,1,2,1
KR_6739927276,420,2,25,-4,3,6,6,0,2,4,2,-1,3,4,-2,2,4,-2,1,3,0,-5,4,5,3,8,-2,0,0,-1,-1,1,-1,4,1
KR_6747643027,420,0,2,12,0,4,4,0,1,3,2,-3,0,3,-2,1,3,0,1,1,0,0,-8,2,5,7,-5,0,0,-1,-1,0,-1,5,1
KR_6733259613,420,-2,-16,-4,-7,2,5,3,0,2,2,-9,0,9,0,1,1,0,0,0,0,-13,-10,5,2,7,1,0,0,1,1,0,-1,4,1
KR_6762440290,420,3,36,16,1,-2,2,4,-1,1,2,2,2,0,1,4,3,1,1,0,0,-1,-1,4,4,8,-2,0,-1,1,-1,-1,1,5,1
KR_6764624227,420,6,18,28,22,0,0,0,3,5,2,5,5,0,10,12,2,4,6,2,2,38,160,5,2,7,3,0,1,-1,-1,1,1,5,1
KR_6751420294,420,5,7,24,9,-4,0,4,4,5,1,2,3,1,6,9,3,1,1,0,0,12,1,-4,10,6,1,0,1,1,1,1,1,3,1
KR_6746603282,440,3,70,-11,8,5,6,1,4,7,3,0,1,1,-3,1,4,2,3,1,0,-4,-5,-2,5,3,1,0,0,-1,1,0,1,2,1
KR_6757610959,420,0,37,-4,7,2,3,1,3,4,1,1,3,2,2,3,1,-1,0,1,0,8,-2,1,5,6,5,0,2,-1,-1,1,-1,3,1
KR_6558728455,420,1,55,-11,2,0,4,4,-2,2,4,6,7,1,-2,3,5,0,1,1,0,4,-1,-2,8,6,9,0,1,-1,1,1,1,4,1
KR_6688527075,420,-1,42,-7,0,2,4,2,-3,1,4,1,4,3,-2,2,4,2,3,1,0,-3,-3,-5,10,5,-3,0,1,-1,-1,1,-1,6,1
KR_6716660861,420,3,81,20,8,3,3,0,2,4,2,1,3,2,0,0,0,2,2,0,1,11,-3,2,5,7,3,0,1,-1,1,1,1,1,1
KR_6761001566,420,0,73,4,5,3,6,3,0,4,4,3,5,2,-1,1,2,0,1,1,0,5,-1,3,4,7,-2,0,1,1,-1,1,1,6,1
KR_6727499145,420,2,-13,27,0,-1,0,1,4,8,4,1,6,5,-3,6,9,-1,1,2,0,1,23,1,8,9,-1,0,0,-1,1,0,-1,5,1
KR_6759085275,420,3,7,8,13,0,4,4,-1,2,3,10,11,1,2,2,0,2,2,0,1,13,5,1,3,4,2,0,1,1,1,1,1,2,1
KR_6765496043,420,4,-5,25,10,4,4,0,-1,0,1,4,4,0,1,4,3,2,4,2,0,12,-2,0,6,6,-2,0,2,1,1,1,1,1,1
KR_6765496014,420,1,12,-6,2,2,2,0,0,2,2,-4,0,4,3,4,1,1,3,2,1,7,404,-5,6,1,-2,0,0,-1,1,0,1,4,1
KR_6727883270,420,-2,12,-4,1,1,2,1,-3,1,4,2,6,4,1,3,2,0,2,2,2,3,14,-1,6,5,-2,0,-1,1,1,-1,1,6,1
KR_6762812421,420,1,38,1,10,1,3,2,3,4,1,1,2,1,2,2,0,3,3,0,0,10,-48,7,3,10,-1,0,1,1,1,1,1,2,1
KR_6764279912,420,0,34,-26,3,1,2,1,-3,0,3,3,7,4,3,7,4,-1,0,1,1,1,-29,-4,8,4,-2,0,0,1,-1,-1,1,6,1
KR_6766118120,420,4,42,-10,9,3,4,1,-1,1,2,4,6,2,3,4,1,0,0,0,0,9,3,3,3,6,0,0,2,1,1,1,1,2,1
KR_6699793880,420,-2,-28,16,-1,3,5,2,-5,2,7,0,1,1,0,1,1,1,1,0,1,-1,17,-2,5,3,-31,0,0,1,1,0,1,2,1
KR_6759866128,420,3,32,27,6,-2,0,2,5,5,0,8,9,1,-5,2,7,0,2,2,0,-3,150,3,3,6,-2,0,1,1,1,1,-1,3,1
KR_6617222039,420,2,23,44,3,1,1,0,0,2,2,2,2,0,2,3,1,-2,0,2,0,-3,2,0,6,6,2,0,1,1,1,1,1,2,1
KR_6747114089,440,2,18,15,5,5,5,0,-1,0,1,-2,2,4,4,4,0,-1,0,1,0,8,1,2,4,6,-2,0,0,1,0,0,1,6,1
KR_6717227232,420,5,71,20,8,-1,0,1,1,4,3,6,6,0,3,3,0,-1,0,1,0,12,-217,2,1,3,-3,0,2,1,1,1,1,4,1
KR_6762451800,420,1,-2,-3,2,-1,2,3,2,4,2,0,2,2,1,3,2,0,1,1,0,8,-114,1,3,4,4,0,0,1,0,0,-1,2,1
KR_6717380073,420,4,38,0,10,-1,2,3,-1,1,2,6,6,0,3,5,2,3,5,2,0,11,12,6,1,7,4,0,0,-1,1,1,-1,6,1
KR_6694071645,420,3,48,22,1,0,2,2,1,3,2,0,1,1,-1,3,4,1,1,0,0,5,2,-2,8,6,0,0,0,-1,1,0,-1,6,1
KR_6618063363,420,1,-31,-11,-8,5,5,0,-4,1,5,-2,2,4,-6,3,9,-1,0,1,-2,-11,28,4,6,10,-1,0,1,-1,1,-1,-1,2,1
KR_6738634400,440,-1,10,8,0,-1,0,1,-1,3,4,-1,2,3,2,5,3,1,3,2,0,1,-40,-2,5,3,15,0,0,1,-1,1,1,3,1
KR_6742376060,420,-1,-2,-16,2,-1,1,2,0,3,3,0,2,2,2,3,1,1,1,0,0,8,36,5,3,8,-8,0,-1,-1,1,-1,1,5,1
KR_6746140398,420,0,29,8,3,3,3,0,-1,3,4,-3,1,4,2,5,3,2,2,0,0,7,-28,1,6,7,6,0,0,1,1,1,-1,6,1
KR_6763651927,420,4,98,30,13,3,4,1,4,7,3,1,5,4,7,9,2,-2,1,3,2,7,-8,4,3,7,3,0,4,1,1,1,1,5,1
KR_6745403658,420,3,119,26,11,1,3,2,4,6,2,6,6,0,0,2,2,0,1,1,0,4,3,2,4,6,1,0,2,-1,1,1,-1,5,1
KR_6697638843,420,-1,-33,14,-3,-1,2,3,1,5,4,8,8,0,-3,0,3,-8,1,9,-1,5,46,1,7,8,-1,0,-1,1,-1,-1,-1,1,1
KR_6746117526,420,1,-4,33,-2,2,3,1,3,4,1,-3,3,6,-5,1,6,1,1,0,0,-4,-163,3,5,8,-3,0,0,1,-1,-1,1,4,1
KR_6759556375,420,-1,30,0,-7,0,0,0,-3,1,4,1,4,3,-2,2,4,-3,1,4,0,-3,-19,-5,7,2,1,0,1,1,1,1,1,2,1
KR_6753811922,440,4,37,10,14,3,3,0,4,5,1,-1,4,5,7,10,3,1,3,2,0,4,8,0,2,2,2,0,1,1,1,1,1,2,1
KR_6693517535,420,3,37,-5,7,5,5,0,0,4,4,-2,1,3,3,5,2,1,5,4,1,10,41,-1,6,5,2,0,2,1,-1,1,1,2,1
KR_6752535827,420,2,11,16,0,0,2,2,0,1,1,2,3,1,-2,0,2,0,1,1,1,1,-2,-4,6,2,-5,0,0,1,-1,0,-1,1,1
KR_6759384038,440,7,128,21,10,0,4,4,-1,2,3,3,4,1,0,1,1,8,8,0,0,12,4,0,4,4,3,0,1,1,-1,1,1,3,1
KR_6765169588,420,1,68,12,0,-1,0,1,-4,2,6,3,5,2,1,3,2,1,1,0,0,-3,8,1,5,6,8,0,1,1,1,1,1,2,1
KR_6765019714,440,0,21,-8,-4,-5,2,7,4,6,2,-4,2,6,1,3,2,0,1,1,-1,0,-23,-2,6,4,4,0,-1,-1,1,-1,-1,1,1
KR_6669091650,420,1,-27,28,-2,2,2,0,-2,2,4,2,5,3,-5,2,7,1,1,0,-1,-1,41,-3,5,2,7,0,0,-1,1,1,-1,6,1
KR_6649492830,420,1,17,-8,4,1,3,2,-3,1,4,2,4,2,2,2,0,2,2,0,0,11,3,-2,7,5,-1,0,0,-1,-1,-1,1,5,1
KR_6743250952,420,2,5,16,8,0,3,3,0,2,2,2,3,1,4,5,1,2,5,3,0,16,6,-1,3,2,-3,0,2,1,-1,1,1,1,1
KR_6758631525,420,-3,15,-16,-6,0,2,2,-5,1,6,2,3,1,1,2,1,-4,0,4,1,-7,4,0,5,5,0,0,0,1,1,0,1,3,1
KR_6545289781,420,3,26,1,-3,-2,1,3,2,3,1,-5,2,7,2,2,0,0,1,1,0,-3,1,-2,8,6,1,0,0,1,1,0,-1,4,1
KR_6594948544,420,2,25,14,2,2,4,2,-4,0,4,1,2,1,1,2,1,2,2,0,0,-1,0,-3,5,2,3,0,1,-1,0,1,1,3,1
KR_6764228860,420,0,-53,4,2,1,2,1,-1,2,3,1,2,1,0,4,4,1,1,0,0,-2,187,4,2,6,4,0,-1,1,1,-1,-1,5,1
KR_6716959612,420,3,100,20,7,1,2,1,2,4,2,1,5,4,1,5,4,2,2,0,2,19,-1,-1,7,6,5,0,2,1,1,1,1,3,1
KR_6716821567,420,1,31,4,5,-3,1,4,1,2,1,7,8,1,0,3,3,0,0,0,-1,5,12,-3,9,6,3,0,0,1,-1,-1,-1,5,1
KR_6761931640,420,1,21,13,3,0,2,2,1,3,2,2,3,1,2,3,1,-2,0,2,0,-3,17,7,1,8,0,0,1,0,-1,1,1,0,1
KR_6761140413,420,-6,-59,19,-10,-4,0,4,-7,0,7,2,5,3,-2,0,2,1,2,1,-1,-4,-1,-2,6,4,-6,0,-2,-1,1,-1,-1,3,1
KR_6609228022,420,1,-16,8,-3,2,3,1,-6,2,8,-1,0,1,2,5,3,0,2,2,0,5,13,3,7,10,-8,0,-1,1,-1,-1,1,4,1
KR_6727350881,420,0,13,-24,4,6,7,1,1,2,1,-5,0,5,4,6,2,-2,0,2,1,14,-12,2,7,9,2,0,-1,1,-1,-1,1,1,1
KR_6765143809,420,0,7,7,-4,2,4,2,-1,1,2,0,4,4,-2,3,5,-3,0,3,-1,-1,-124,1,5,6,4,0,0,-1,1,1,-1,5,1
KR_6759866445,420,-3,-23,20,-17,-7,0,7,0,3,3,-1,3,4,-4,4,8,-5,0,5,1,-13,-15,-1,3,2,1,0,-3,-1,-1,-1,1,2,1
KR_6611131252,420,-1,-18,-6,6,3,4,1,-3,1,4,0,1,1,4,7,3,2,2,0,0,7,-7,4,5,9,-2,0,0,-1,1,0,1,4,1
KR_6742012892,420,5,5,53,9,-1,2,3,8,9,1,3,3,0,0,2,2,-1,0,1,-2,9,22,4,2,6,-4,0,0,1,-1,1,-1,6,1
KR_6692693346,420,-1,14,1,-3,-2,2,4,1,3,2,-3,0,3,4,4,0,-3,2,5,0,1,-26,-2,7,5,-4,0,1,1,-1,1,1,3,1
KR_6750826407,420,3,62,3,5,-2,0,2,1,1,0,1,1,0,3,3,0,2,2,0,0,4,-14,0,3,3,-4,0,0,1,1,1,1,3,1
KR_6721695576,420,7,134,46,13,5,5,0,5,6,1,3,3,0,1,3,2,-1,1,2,1,8,-37,0,5,5,2,0,4,1,1,1,1,1,1
KR_6758754259,420,4,105,31,9,6,7,1,-1,1,2,-1,2,3,2,4,2,3,3,0,0,7,5,1,4,5,1,0,0,1,1,1,1,6,1
KR_6760664257,420,-1,-54,-6,0,3,5,2,2,3,1,-1,1,2,-6,0,6,2,2,0,0,2,103,1,4,5,0,0,-3,1,1,-1,-1,2,1
KR_6760868949,420,6,73,36,7,4,4,0,0,4,4,-3,1,4,3,5,2,3,7,4,0,4,-3,0,7,7,-2,0,2,1,1,1,1,1,1
KR_6656588363,420,1,29,-7,7,-4,0,4,4,4,0,1,2,1,5,6,1,1,1,0,0,15,29,-4,9,5,2,0,0,1,1,1,1,3,1
KR_6756007120,420,-1,-23,-19,6,-2,1,3,-1,0,1,2,3,1,9,10,1,-2,0,2,1,9,0,2,3,5,1,0,1,1,-1,1,1,2,1
KR_6758195080,420,1,18,-10,1,-2,0,2,4,6,2,-3,3,6,2,4,2,0,0,0,0,0,2,4,3,7,-3,0,-1,-1,1,-1,-1,6,1
KR_6696300178,440,5,28,32,19,5,6,1,7,7,0,7,7,0,-1,0,1,1,1,0,1,18,31,4,2,6,3,0,1,1,1,1,1,4,1
KR_6704804080,420,0,43,-23,-4,-3,3,6,-1,3,4,-3,2,5,1,2,1,2,2,0,-1,-2,-54,-5,9,4,7,0,1,1,-1,1,-1,1,1
KR_6752499883,420,0,-4,-4,-4,-1,0,1,-4,2,6,2,4,2,-1,0,1,0,1,1,0,-5,38,-5,7,2,-14,0,-1,-1,-1,-1,-1,2,1
KR_6743606752,420,0,-26,7,-2,-3,0,3,-2,3,5,2,4,2,-2,1,3,3,4,1,-1,0,2,0,6,6,0,0,-1,1,-1,-1,-1,4,1
KR_6752445678,420,2,-12,20,3,4,6,2,-2,0,2,2,4,2,-3,1,4,2,3,1,0,10,-268,-3,7,4,-17,0,2,-1,1,1,1,6,1
KR_6761760163,420,4,41,-20,8,-1,2,3,3,4,1,0,1,1,5,7,2,1,2,1,0,13,5,2,3,5,0,0,1,-1,1,1,-1,2,1
KR_6613165847,420,0,22,-9,4,0,3,3,0,5,5,-3,1,4,6,6,0,1,1,0,1,5,4,-2,5,3,2,0,1,1,1,1,1,6,1
KR_6762556653,440,4,134,19,7,0,1,1,0,1,1,2,4,2,5,5,0,0,0,0,0,1,52,1,2,3,-18,0,2,1,-1,1,-1,1,1
KR_6762167544,420,2,20,-13,5,-3,3,6,1,1,0,2,3,1,6,6,0,-1,3,4,-1,8,-18,0,6,6,3,0,0,1,-1,0,-1,4,1
KR_6691840372,420,1,17,17,0,-3,1,4,1,2,1,-1,1,2,4,5,1,-1,1,2,0,2,-23,2,4,6,8,0,0,1,-1,1,1,3,1
KR_6595202817,420,0,9,-18,-7,-2,3,5,1,5,4,-2,1,3,-5,0,5,1,1,0,0,-13,-5,6,1,7,-4,0,0,1,1,0,-1,5,1
KR_6675837630,420,-1,-6,-5,1,-4,3,7,-2,1,3,2,3,1,5,8,3,0,4,4,1,18,11,0,7,7,2,0,0,1,-1,-1,1,4,1
KR_6763117364,420,1,57,18,2,-1,2,3,-1,1,2,4,8,4,1,3,2,-1,1,2,0,9,2,1,4,5,1,0,0,1,1,1,-1,2,1
KR_6651900611,420,4,36,-21,8,3,5,2,-1,5,6,1,4,3,3,3,0,2,2,0,2,17,0,-2,6,4,2,0,0,-1,1,1,1,1,1
KR_6757947345,420,1,5,12,4,1,3,2,2,5,3,3,6,3,-2,0,2,0,1,1,0,7,-38,4,3,7,26,0,-1,1,-1,-1,-1,5,1
KR_6648335646,420,-2,-19,17,-4,5,5,0,-1,0,1,0,1,1,-2,0,2,-6,0,6,0,-9,-22,-1,5,4,0,0,-1,-1,1,1,-1,4,1
KR_6728098268,420,2,23,8,-1,-3,1,4,4,6,2,2,2,0,-3,0,3,-1,0,1,-1,4,-208,-3,7,4,7,0,0,-1,-1,-1,-1,3,1
KR_6486884463,420,-3,-9,-14,1,-4,0,4,1,4,3,1,2,1,2,2,0,1,1,0,0,6,129,3,7,10,-2,0,1,-1,1,1,-1,6,1
KR_6718254200,440,4,-25,3,7,4,6,2,1,5,4,2,4,2,-1,0,1,1,2,1,0,7,-43,-3,5,2,12,0,0,1,-1,0,1,1,1
KR_6616762519,420,2,-23,15,7,-1,0,1,2,3,1,4,6,2,-2,1,3,4,4,0,0,10,235,2,4,6,0,0,0,1,-1,1,-1,4,1
KR_6671403405,420,-1,-43,-9,-2,-3,1,4,-1,6,7,-1,4,5,1,3,2,2,3,1,2,-6,6,1,2,3,0,0,-2,1,-1,-1,1,4,1
KR_6746394136,420,-2,28,-19,1,-1,1,2,1,3,2,-1,1,2,2,3,1,0,0,0,0,-3,-41,1,3,4,24,0,0,-1,1,-1,1,4,1
KR_6712717244,420,2,25,8,4,-4,0,4,8,9,1,1,2,1,-2,1,3,1,1,0,0,3,-5,1,5,6,3,0,0,1,1,0,-1,1,1
KR_6630226527,420,3,70,-8,7,-1,2,3,-4,2,6,7,8,1,2,4,2,3,3,0,0,6,13,3,3,6,3,0,4,1,1,1,1,3,1
KR_6765982386,420,4,64,23,11,3,6,3,1,3,2,9,11,2,-3,1,4,1,1,0,0,8,9,-1,4,3,-5,0,0,1,1,1,-1,6,1
KR_6680496108,420,6,108,-4,11,2,3,1,0,4,4,2,6,4,8,10,2,-1,1,2,0,14,-146,3,5,8,6,0,3,1,1,1,1,2,1
KR_6716115105,420,5,24,37,13,5,5,0,3,4,1,4,5,1,-1,3,4,2,2,0,1,16,-104,1,2,3,5,0,2,1,1,1,1,6,1
KR_6763938454,420,-2,-100,-7,0,-4,1,5,-2,2,4,5,5,0,-6,2,8,7,10,3,0,6,21,3,5,8,-5,0,-2,-1,1,-1,1,4,1
KR_6634389789,420,5,28,2,14,4,4,0,0,2,2,1,3,2,7,7,0,2,2,0,0,10,7,0,6,6,-3,0,1,1,-1,1,1,4,1
KR_6741403803,420,1,62,4,8,-2,2,4,8,8,0,3,4,1,-3,1,4,2,2,0,0,7,11,4,4,8,-5,0,3,1,1,1,1,3,1
KR_6760995500,420,3,61,44,7,-1,1,2,6,7,1,2,2,0,-1,1,2,1,2,1,0,5,36,5,2,7,-25,0,1,1,1,1,-1,1,1
KR_6753846667,440,1,-7,11,5,1,2,1,0,3,3,1,1,0,1,5,4,2,4,2,0,12,-406,0,3,3,0,0,0,-1,-1,-1,-1,1,1
KR_6701418307,420,2,-79,-24,2,-3,0,3,7,8,1,-3,3,6,0,2,2,1,1,0,0,5,-4,-7,10,3,1,0,-1,-1,-1,-1,1,6,1
KR_6687297122,420,0,42,0,-6,0,1,1,0,3,3,-3,0,3,-4,2,6,1,1,0,0,-9,-1,1,8,9,-2,0,0,-1,-1,-1,1,5,1
KR_6740962325,420,3,81,0,10,5,5,0,5,8,3,1,4,3,0,2,2,-1,2,3,0,2,-25,2,2,4,-4,0,1,1,0,1,1,4,1
KR_6751742196,420,4,90,12,5,3,3,0,-3,1,4,2,4,2,3,3,0,0,0,0,1,2,-1,-1,3,2,7,0,2,-1,1,1,1,1,1
KR_6734625945,420,0,-49,-33,2,-4,1,5,4,4,0,-4,1,5,5,6,1,1,2,1,1,8,-31,-3,8,5,-1,0,2,0,0,1,1,0,1
KR_6731055269,420,0,-26,-19,-3,1,1,0,-4,1,5,5,5,0,-4,1,5,-1,0,1,0,-7,21,3,4,7,-1,0,0,-1,-1,0,1,1,1
KR_6746142124,420,1,19,-13,7,4,4,0,0,1,1,2,3,1,-1,5,6,2,2,0,0,4,13,2,3,5,3,0,0,-1,1,0,-1,6,1
KR_6646161697,420,3,57,-4,15,6,7,1,2,4,2,3,4,1,5,5,0,-1,1,2,0,22,0,3,3,6,7,0,3,1,1,1,1,4,1
KR_6670061384,420,5,80,-1,16,4,4,0,7,8,1,-1,1,2,6,9,3,0,0,0,0,8,-19,-1,7,6,1,0,2,1,-1,1,1,5,1
KR_6696945055,420,1,33,14,-2,-3,2,5,0,2,2,2,4,2,-2,2,4,1,1,0,0,-8,-12,-5,8,3,6,0,-2,-1,1,-1,-1,2,1
KR_6555474132,420,-1,46,-8,5,2,3,1,0,2,2,-2,4,6,5,6,1,0,1,1,0,1,-4,-2,6,4,0,0,0,1,-1,0,1,4,1
KR_6765707135,440,3,53,-4,6,-1,1,2,2,2,0,1,4,3,3,3,0,1,1,0,0,10,8,1,4,5,-2,0,0,1,-1,0,1,3,1
KR_6723114501,420,6,100,36,13,1,2,1,5,5,0,1,4,3,5,5,0,1,2,1,0,12,25,-1,5,4,-1,0,2,-1,1,1,1,3,1
KR_6751724799,420,-1,9,-44,-3,2,2,0,4,5,1,-2,0,2,-4,1,5,-3,1,4,0,-10,-16,2,5,7,0,0,0,1,-1,-1,-1,6,1
KR_6717591912,420,1,-15,9,9,4,5,1,5,11,6,0,1,1,-1,2,3,1,1,0,0,-2,-2,0,4,4,6,0,1,1,1,1,1,5,1
KR_6656381412,420,0,18,-27,1,0,0,0,-1,3,4,0,3,3,1,3,2,1,1,0,0,-1,8,2,3,5,-5,0,1,1,1,1,1,6,1
KR_6766005090,420,4,14,-4,7,4,4,0,3,3,0,0,3,3,1,5,4,-1,0,1,-1,2,-24,1,4,5,3,0,0,-1,0,1,-1,6,1
KR_6723081212,420,1,19,-18,8,3,4,1,-2,3,5,2,2,0,4,6,2,1,2,1,0,7,52,4,6,10,-22,0,2,1,1,1,1,3,1
KR_6732474288,420,3,37,-20,10,3,4,1,4,7,3,-3,1,4,3,3,0,3,4,1,0,13,188,-2,5,3,4,0,4,1,1,1,1,3,1
KR_6730300534,420,0,28,-21,8,0,0,0,7,8,1,-2,2,4,2,3,1,1,2,1,-1,14,-209,2,4,6,-2,0,1,1,1,1,-1,4,1
KR_6601456535,420,-3,-17,16,-6,-1,0,1,-3,2,5,-3,3,6,1,4,3,0,0,0,0,-9,7,0,7,7,-5,0,0,1,1,0,1,1,1
KR_6730243292,420,2,12,-22,5,1,2,1,-1,5,6,2,7,5,1,4,3,2,3,1,0,-1,37,-4,10,6,-3,0,1,1,-1,1,1,3,1
KR_6700636558,420,2,42,28,-1,2,2,0,-1,3,4,-1,1,2,2,2,0,-3,0,3,0,-4,-9,-4,7,3,3,0,0,-1,1,1,1,4,1
KR_6722280977,420,4,19,-8,10,4,5,1,1,3,2,0,2,2,4,5,1,1,1,0,0,8,-40,-3,8,5,19,0,1,0,-1,1,1,0,1
KR_6559359237,420,-3,-40,-24,-6,-3,0,3,0,3,3,-8,0,8,5,7,2,0,0,0,-4,-27,0,2,3,5,-1,0,0,-1,1,0,-1,3,1
KR_6665603497,420,-4,-42,-47,-4,-1,1,2,3,3,0,-3,2,5,-1,5,6,-2,3,5,-1,1,0,2,5,7,-4,0,-2,-1,-1,-1,-1,4,1
KR_6760919825,440,-1,-7,25,5,0,4,4,5,8,3,9,9,0,-7,0,7,-2,1,3,0,5,-15,5,0,5,2,0,0,0,1,1,1,0,1
KR_6529047081,420,0,-35,-8,7,0,3,3,4,6,2,1,1,0,2,2,0,0,0,0,0,5,17,2,6,8,-5,0,0,-1,1,0,-1,6,1
KR_6553976641,420,3,-15,0,7,-1,1,2,0,5,5,-1,0,1,7,8,1,2,2,0,0,13,3,1,5,6,2,0,1,-1,1,1,1,2,1
KR_6729195346,420,2,-15,13,0,0,1,1,2,3,1,0,0,0,-1,0,1,-1,0,1,0,-5,-6,-1,5,4,4,0,1,-1,1,1,1,5,1
KR_6726591948,440,3,-4,12,5,-1,0,1,1,1,0,2,2,0,0,1,1,3,4,1,0,5,-43,-2,7,5,9,0,0,1,-1,0,-1,5,1
KR_6719078818,420,-1,-10,-12,0,4,6,2,1,4,3,-2,1,3,-1,0,1,-2,1,3,1,-4,3,1,3,4,0,0,1,-1,-1,1,1,4,1
KR_6671938039,420,1,58,17,6,2,2,0,2,4,2,0,3,3,2,7,5,0,2,2,1,0,-7,-2,5,3,2,0,1,-1,1,1,1,2,1
KR_6714379504,420,-3,-78,-32,-2,-4,2,6,1,2,1,-2,4,6,1,1,0,2,3,1,0,8,-5,2,4,6,4,0,-1,-1,0,-1,1,3,1
KR_6755798942,420,2,-4,-8,-1,-4,1,5,7,8,1,-3,0,3,0,1,1,-1,0,1,1,12,28,1,5,6,-2,0,-1,0,1,-1,1,0,1
KR_6679621880,420,2,-4,5,5,-2,1,3,3,3,0,2,2,0,2,2,0,0,1,1,0,9,1,-2,7,5,7,0,0,-1,0,0,1,1,1
KR_6713860183,420,-1,11,-8,-3,3,6,3,0,3,3,-3,1,4,-4,2,6,1,3,2,0,-4,-20,-3,7,4,4,0,1,1,-1,1,-1,5,1
KR_6749281679,420,2,30,-1,-5,-1,2,3,-3,1,4,1,3,2,-2,2,4,0,0,0,0,-9,5,2,7,9,1,0,0,1,1,1,-1,3,1
KR_6688226897,420,0,-8,16,-1,1,3,2,1,4,3,0,1,1,-3,1,4,0,1,1,0,-4,68,-1,6,5,2,0,1,-1,1,1,-1,2,1
KR_6432375935,420,2,-6,24,3,1,3,2,-3,3,6,2,7,5,4,4,0,-1,2,3,0,-3,-6,-1,4,3,-5,0,1,1,1,1,-1,5,1
KR_6695807538,420,-2,20,15,0,1,2,1,2,2,0,2,3,1,0,1,1,-5,1,6,1,2,-3,7,1,8,-4,0,1,-1,1,1,1,1,1
KR_6754264071,420,-2,-23,12,1,1,2,1,2,3,1,3,5,2,-3,1,4,-2,0,2,0,-2,2,-1,4,3,0,0,0,-1,1,1,1,1,1
KR_6759030454,420,4,7,24,4,2,2,0,2,4,2,3,6,3,-2,0,2,-1,0,1,0,-3,8,0,5,5,-4,0,0,-1,1,-1,-1,5,1
KR_6687891118,420,6,86,48,8,-2,2,4,5,10,5,5,5,0,0,2,2,0,1,1,0,0,70,-1,7,6,-28,0,1,0,1,1,-1,0,1
KR_6731099162,420,0,-45,14,-3,-1,2,3,-2,2,4,-3,0,3,3,3,0,0,0,0,0,2,-4,3,4,7,-5,0,-1,1,-1,-1,1,5,1
KR_6751468475,420,0,4,-30,-4,-4,0,4,3,4,1,-3,0,3,3,4,1,-3,1,4,1,0,-32,3,3,6,-1,0,-2,1,-1,-1,1,4,1
KR_6702231417,420,10,104,51,18,10,10,0,5,8,3,3,3,0,-1,1,2,1,1,0,2,16,6,2,3,5,5,0,5,1,1,1,1,4,1
KR_6675049547,420,4,32,-8,16,2,3,1,7,7,0,8,10,2,-1,1,2,0,2,2,0,18,-2,2,5,7,2,0,0,1,-1,1,-1,5,1
KR_6746484557,420,3,68,0,10,0,1,1,3,4,1,4,4,0,0,2,2,3,4,1,1,8,3,3,3,6,4,0,0,-1,1,0,1,4,1
KR_6752617645,420,0,13,12,-1,0,0,0,1,2,1,0,0,0,-2,1,3,0,0,0,0,-1,10,0,4,4,-6,0,0,1,1,0,-1,3,1
KR_6666698777,420,-1,34,-10,-2,0,0,0,-1,3,4,2,7,5,2,3,1,-5,1,6,0,-4,-72,-2,6,4,1,0,0,1,1,-1,1,4,1
KR_6642455120,420,0,42,0,0,3,4,1,-7,1,8,4,5,1,0,3,3,0,0,0,0,-1,-97,-2,6,4,-1,0,2,1,1,1,1,2,1
KR_6694205381,420,-2,71,-4,-2,3,3,0,-1,1,2,0,2,2,-5,0,5,1,1,0,0,-5,7,5,5,10,0,0,0,-1,1,1,1,6,1
KR_6529008089,420,1,30,-7,2,-1,4,5,3,4,1,-5,0,5,3,5,2,2,2,0,0,5,28,3,6,9,-1,0,1,1,-1,1,1,3,1
KR_6757100617,420,1,25,1,5,4,8,4,-5,1,6,2,5,3,1,4,3,3,3,0,3,13,1,-2,9,7,3,0,0,1,-1,0,1,6,1
KR_6755032126,420,3,5,55,1,2,2,0,1,4,3,2,3,1,-4,0,4,0,0,0,0,-5,21,-1,10,9,-4,0,1,-1,1,1,1,2,1
KR_6759254277,420,3,-11,31,5,4,4,0,4,5,1,-2,0,2,0,0,0,-1,0,1,0,3,20,-1,4,3,3,0,1,0,1,1,1,0,1
KR_6508984631,420,4,43,32,6,2,2,0,0,3,3,5,5,0,-1,2,3,0,0,0,0,-2,12,1,4,5,-1,0,-1,1,-1,-1,-1,3,1
KR_6683397592,420,-1,-4,-1,2,2,6,4,-1,3,4,-3,1,4,0,3,3,4,5,1,-1,4,-8,-6,11,5,4,0,-1,-1,1,-1,-1,5,1
KR_6734428238,420,5,23,25,17,-3,0,3,2,4,2,2,2,0,9,9,0,7,7,0,0,19,13,1,3,4,-1,0,3,1,1,1,1,2,1
KR_6762301550,420,2,32,-8,11,7,7,0,3,3,0,3,5,2,0,2,2,-2,0,2,1,6,1,3,2,5,-3,0,3,-1,1,1,1,2,1
KR_6604871731,420,1,8,10,12,-1,0,1,1,3,2,4,4,0,7,7,0,1,3,2,0,11,5,8,1,9,-1,0,2,1,1,1,1,5,1
KR_6733526685,440,1,-52,12,7,1,2,1,5,6,1,1,5,4,0,4,4,0,3,3,0,23,9,-1,8,7,6,0,-1,-1,-1,-1,1,5,1
KR_6514751748,440,-1,-62,-8,0,-1,0,1,-4,5,9,3,4,1,1,1,0,1,4,3,0,1,2,1,4,5,0,0,0,-1,1,1,1,6,1
KR_6754818885,420,6,74,16,16,1,2,1,1,3,2,2,3,1,8,8,0,4,4,0,0,11,45,-2,4,2,-19,0,2,1,1,1,1,6,1
KR_6738513060,420,7,98,12,20,5,5,0,0,2,2,6,6,0,4,9,5,5,5,0,-1,8,3,1,4,5,4,0,2,1,-1,1,-1,4,1
KR_6763215885,420,4,5,-16,15,2,2,0,6,7,1,3,5,2,3,5,2,1,1,0,0,24,-122,-1,4,3,2,0,1,1,1,1,1,1,1
KR_6758806874,420,5,22,-24,17,-1,2,3,9,11,2,7,7,0,-2,5,7,4,6,2,-1,13,5,3,3,6,2,0,2,1,1,1,-1,1,1
KR_6741325737,420,1,54,-11,-1,4,6,2,-3,1,4,-1,1,2,-1,1,2,0,0,0,-1,0,4,2,3,5,-3,0,2,1,1,1,-1,5,1
KR_6704601248,420,-2,-10,-10,-1,-2,1,3,1,4,3,1,5,4,-3,2,5,2,2,0,0,1,1,-1,5,4,1,0,-1,1,-1,-1,-1,4,1
KR_6755336607,420,2,40,37,6,0,3,3,-2,2,4,2,4,2,4,5,1,2,2,0,0,7,-9,4,4,8,3,0,1,1,-1,1,1,6,1
KR_6757997335,420,1,40,17,11,1,2,1,5,6,1,1,2,1,3,4,1,1,1,0,0,18,-1,6,4,10,2,0,0,1,1,0,1,4,1
KR_6724810028,420,2,-35,16,3,-2,1,3,5,6,1,-1,0,1,1,1,0,0,0,0,0,5,9,-1,6,5,-6,0,1,-1,1,1,-1,4,1
KR_6756345719,420,2,-46,40,7,1,2,1,2,3,1,3,6,3,1,3,2,0,2,2,0,2,0,-3,7,4,5,0,0,1,1,0,1,4,1
KR_6755601044,420,0,30,3,-2,-3,0,3,2,2,0,-3,0,3,1,2,1,1,1,0,0,-1,13,0,3,3,-1,0,1,1,-1,1,-1,3,1
KR_6759340632,420,-1,58,8,5,5,5,0,-2,4,6,0,4,4,1,1,0,1,1,0,0,-3,1,3,2,5,-2,0,1,-1,1,1,1,1,1
KR_6732194928,420,3,77,7,5,8,12,4,-3,1,4,2,3,1,-2,0,2,0,1,1,1,-5,153,2,5,7,2,0,2,-1,1,1,1,3,1
KR_6672101835,420,4,68,28,8,2,2,0,-1,2,3,2,2,0,4,6,2,1,2,1,0,5,2,2,3,5,-2,0,3,1,1,1,1,1,1
KR_6700383434,420,-1,-29,7,3,-4,1,5,4,6,2,0,1,1,1,2,1,2,2,0,0,10,10,-4,9,5,2,0,1,1,-1,1,1,1,1
KR_6704065184,420,2,-32,9,10,4,6,2,-4,0,4,-2,1,3,11,12,1,1,1,0,-1,16,17,9,3,12,0,0,2,-1,0,1,-1,6,1
KR_6688939431,420,-2,-12,16,-6,1,3,2,3,3,0,-4,1,5,-1,2,3,-5,0,5,0,-11,2,2,7,9,-1,0,-1,-1,1,-1,-1,4,1
KR_6763274586,420,4,57,-15,6,2,2,0,2,3,1,0,1,1,1,2,1,1,1,0,0,10,22,0,6,6,1,0,0,1,-1,1,1,6,1
KR_6694902330,420,2,24,35,1,-2,0,2,0,6,6,2,3,1,1,2,1,0,1,1,1,1,-10,1,4,5,5,0,-1,1,1,-1,1,3,1
KR_6736523575,420,3,29,-8,4,-1,0,1,1,2,1,5,6,1,-2,3,5,1,2,1,3,4,-7,-7,12,5,4,0,0,-1,-1,0,1,4,1
KR_6745933361,420,2,43,8,6,0,4,4,-5,1,6,6,8,2,3,5,2,2,2,0,0,2,-3,-1,6,5,1,0,2,0,0,1,1,0,1
KR_6656773762,420,-1,35,-27,6,1,2,1,8,9,1,1,5,4,-3,2,5,-1,1,2,0,4,48,3,3,6,-18,0,2,1,0,1,1,5,1
KR_6740435157,420,2,41,35,1,2,2,0,-1,1,2,0,1,1,-1,1,2,1,2,1,0,4,-5,0,2,2,0,0,1,1,1,1,-1,1,1
KR_6745068451,420,3,68,19,3,0,1,1,3,5,2,1,1,0,-1,1,2,0,0,0,0,0,-9,-2,3,1,3,0,0,1,1,1,1,3,1
KR_6742872886,420,-4,-65,-27,1,-2,3,5,-1,2,3,0,1,1,4,5,1,0,1,1,1,1,-101,1,2,3,-2,0,-2,1,-1,-1,1,2,1
KR_6763814591,440,4,-5,-4,9,10,10,0,-3,2,5,2,4,2,0,1,1,0,1,1,0,15,-2,-2,6,4,3,0,-1,1,0,-1,-1,6,1
KR_6757673635,440,3,16,13,5,2,3,1,-5,1,6,2,8,6,3,3,0,3,5,2,3,15,8,3,1,4,-5,0,1,1,1,1,1,5,1
KR_6697026043,420,2,58,-12,10,0,0,0,1,5,4,-2,0,2,5,6,1,6,7,1,0,10,11,2,4,6,-2,0,0,1,-1,1,1,4,1
KR_6751172484,440,1,-4,-8,0,1,4,3,1,3,2,-1,0,1,-1,1,2,0,1,1,0,1,50,4,4,8,-17,0,0,1,-1,0,-1,4,1
KR_6712517968,420,1,5,15,6,-2,4,6,3,4,1,-3,0,3,6,6,0,2,2,0,0,7,7,7,3,10,-3,0,-1,1,-1,-1,1,1,1
KR_6735654543,420,4,8,-12,17,-1,1,2,10,11,1,5,5,0,1,2,1,2,3,1,0,25,-5,-4,6,2,5,0,1,-1,-1,1,1,4,1
KR_6681743573,420,1,8,28,-2,4,6,2,1,4,3,-3,3,6,-4,4,8,0,0,0,0,-6,5,-1,10,9,1,0,-1,-1,1,-1,-1,1,1
KR_6750800529,420,1,40,31,12,-1,1,2,1,3,2,-2,3,5,14,15,1,0,2,2,1,16,-3,-1,8,7,6,0,0,1,1,1,1,4,1
KR_6752190368,420,0,2,15,-5,0,2,2,-3,1,4,-2,0,2,2,4,2,-2,3,5,-2,-9,123,-1,7,6,-2,0,2,-1,1,1,-1,5,1
KR_6757680893,440,1,-59,-31,-5,-5,0,5,0,1,1,-5,1,6,0,1,1,5,7,2,0,1,-4,-10,10,0,4,0,-1,0,-1,-1,-1,0,1
KR_6704130983,420,2,29,-21,3,-1,3,4,2,3,1,0,2,2,3,3,0,-1,1,2,0,7,-9,0,6,6,-1,0,1,1,-1,1,1,1,1
KR_6650002424,420,1,29,-13,5,3,3,0,2,4,2,-5,1,6,3,4,1,2,3,1,0,4,7,-1,4,3,1,0,0,1,-1,1,1,3,1
KR_6737301004,420,1,1,1,1,3,3,0,-3,5,8,1,4,3,-3,2,5,3,3,0,0,4,3,-4,8,4,4,0,0,-1,-1,0,-1,4,1
KR_6692071737,420,2,21,-1,6,1,2,1,0,4,4,-2,0,2,8,10,2,-1,1,2,2,11,1,-2,7,5,-2,0,0,1,1,0,1,3,1
KR_6765535457,420,-1,54,-52,-1,-4,1,5,-1,0,1,0,3,3,3,6,3,1,1,0,0,1,10,4,1,5,0,0,0,-1,-1,1,1,5,1
KR_6721710487,420,3,62,-18,7,7,9,2,2,3,1,2,4,2,-5,0,5,1,1,0,1,-8,9,3,1,4,-2,0,1,-1,1,1,1,6,1
KR_6749936276,420,2,27,-5,8,0,3,3,2,4,2,5,6,1,4,4,0,-3,0,3,0,9,123,3,4,7,-2,0,0,-1,0,0,1,1,1
KR_6717596310,420,7,68,48,10,5,6,1,1,1,0,-1,1,2,0,1,1,5,5,0,0,10,-2,-1,1,0,1,0,3,1,1,1,1,4,1
KR_6747850385,420,0,28,-8,7,2,4,2,0,1,1,2,4,2,2,3,1,1,1,0,1,4,-7,8,3,11,-7,0,1,-1,1,1,1,5,1
KR_6360983979,420,1,-30,16,-1,0,1,1,-1,2,3,-1,1,2,1,2,1,0,2,2,0,-1,0,0,0,0,5,0,1,1,1,1,-1,1,1
KR_6726417742,440,2,1,4,0,-1,1,2,0,2,2,2,3,1,-2,0,2,1,2,1,0,5,-8,0,7,7,1,0,0,0,-1,0,1,0,1
KR_6654151058,420,-1,-20,21,1,0,1,1,1,4,3,-1,1,2,1,1,0,0,0,0,0,-1,0,1,5,6,-2,0,0,1,-1,0,1,6,1
KR_6730535962,440,3,40,12,8,-2,2,4,0,1,1,6,6,0,3,7,4,1,1,0,0,13,6,3,4,7,1,0,1,-1,-1,1,-1,5,1
KR_6764936903,440,-1,42,-40,5,-6,1,7,6,7,1,-3,2,5,4,6,2,4,5,1,0,4,6,-1,8,7,-1,0,1,-1,-1,1,1,6,1
KR_6756840882,420,3,5,-5,8,4,6,2,-2,1,3,-2,2,4,3,3,0,5,5,0,0,1,108,-2,6,4,1,0,3,1,1,1,1,2,1
KR_6766208230,420,3,39,9,4,1,2,1,2,3,1,3,4,1,-1,3,4,-1,1,2,0,-3,132,-4,10,6,-4,0,2,-1,1,1,-1,2,1
KR_6759628539,420,2,39,12,9,2,3,1,2,2,0,0,1,1,4,4,0,1,1,0,0,7,12,0,6,6,3,0,0,1,-1,0,1,4,1
KR_6757967862,420,3,4,-21,9,1,1,0,2,3,1,7,8,1,-2,2,4,1,1,0,0,13,-10,2,4,6,-1,0,1,-1,-1,1,1,4,1
KR_6688977111,420,-1,4,24,-2,-1,1,2,5,6,1,-4,0,4,-1,6,7,-1,0,1,1,-8,-8,-6,13,7,3,0,-1,1,1,-1,1,4,1
KR_6760194424,420,0,27,-2,3,2,2,0,3,4,1,5,6,1,-4,4,8,-3,0,3,0,-6,-8,1,7,8,0,0,3,-1,1,1,-1,1,1
KR_6713084368,420,-1,-7,24,-1,4,5,1,2,4,2,2,3,1,-5,3,8,-4,0,4,-3,-3,-17,5,6,11,1,0,1,1,1,1,1,2,1
KR_6758834363,420,1,16,-13,6,4,5,1,-2,2,4,0,0,0,5,5,0,-1,0,1,0,4,25,-2,6,4,2,0,1,-1,-1,1,1,2,1
KR_6760740422,420,2,16,15,2,-2,0,2,-1,0,1,3,4,1,3,3,0,-1,0,1,0,4,2,-2,6,4,1,0,0,1,-1,1,-1,1,1
KR_6637231009,420,0,-20,-11,-1,3,5,2,3,3,0,-5,4,9,-2,0,2,0,1,1,0,4,17,2,6,8,-4,0,1,1,1,1,-1,2,1
KR_6749568705,420,4,73,28,9,0,3,3,4,7,3,3,4,1,1,3,2,1,2,1,0,4,-2,4,4,8,7,0,2,1,-1,1,-1,4,1
KR_6706455935,420,1,-21,-10,4,-3,0,3,2,5,3,-2,0,2,5,5,0,2,2,0,0,7,-2,-1,4,3,-1,0,1,1,-1,1,-1,6,1
KR_6751965168,420,7,39,51,-3,-4,0,4,0,1,1,3,4,1,1,3,2,-3,1,4,-1,-2,15,0,1,1,-1,0,3,1,1,1,-1,4,1
KR_6622207574,420,-1,-39,20,-2,0,2,2,-3,4,7,0,3,3,-1,0,1,2,2,0,0,-4,-7,-2,5,3,-4,0,-1,0,1,-1,-1,0,1
KR_6759146948,420,2,-10,14,9,-1,1,2,8,9,1,4,4,0,-3,1,4,1,1,0,0,4,5,5,2,7,-1,0,0,1,1,0,1,6,1
KR_6746458823,420,3,16,13,5,1,1,0,2,2,0,-1,2,3,1,3,2,2,2,0,1,4,0,0,6,6,3,0,0,1,-1,1,1,3,1
KR_6764281392,420,6,28,52,6,0,1,1,-1,2,3,5,5,0,1,3,2,1,1,0,0,12,-44,-6,11,5,7,0,2,1,1,1,-1,6,1
KR_6519743235,420,1,-26,54,6,0,1,1,3,6,3,1,2,1,2,4,2,0,3,3,0,7,-50,-1,5,4,25,0,0,1,0,1,1,3,1
KR_6766117576,420,-2,39,0,-8,-2,2,4,0,4,4,-1,3,4,-3,3,6,-2,1,3,0,-11,24,5,6,11,-8,0,1,-1,-1,1,-1,4,1
KR_6738300043,420,3,83,8,10,6,6,0,2,5,3,1,2,1,1,4,3,0,1,1,-1,1,22,0,5,5,5,0,1,1,1,1,-1,4,1
KR_6766193939,420,2,62,-16,6,4,5,1,2,3,1,0,0,0,-1,2,3,1,3,2,0,7,0,-2,4,2,4,0,1,0,1,1,-1,0,1
KR_6754997905,420,-1,42,16,1,-3,0,3,-4,1,5,1,1,0,7,7,0,0,2,2,1,4,-95,1,6,7,2,0,0,-1,-1,0,1,3,1
KR_6761516452,420,2,-40,0,5,3,4,1,2,4,2,0,2,2,2,4,2,-2,0,2,0,3,-194,3,3,6,-3,0,0,1,1,0,1,2,1
KR_6761911656,420,1,36,3,2,-1,1,2,-1,2,3,-1,1,2,2,3,1,3,3,0,0,1,62,-6,9,3,-16,0,3,-1,1,1,-1,4,1
KR_6758277820,420,5,25,31,12,2,4,2,-2,0,2,7,7,0,-1,0,1,6,6,0,0,6,-28,0,8,8,7,0,1,1,1,1,1,3,1
KR_6745348484,420,0,-16,-20,5,1,1,0,4,5,1,1,1,0,-2,1,3,1,1,0,0,10,5,0,3,3,-2,0,0,-1,-1,1,1,6,1
KR_6623487047,420,6,96,22,8,0,5,5,-5,0,5,5,8,3,5,6,1,3,4,1,-1,3,-2,-2,6,4,3,0,2,-1,1,1,-1,3,1
KR_6721451140,420,2,69,-1,9,3,4,1,3,5,2,3,4,1,0,0,0,0,0,0,0,8,8,-2,7,5,-3,0,0,1,-1,1,1,1,1
KR_6753913941,420,1,9,-16,4,3,4,1,2,3,1,-5,2,7,5,6,1,-1,0,1,0,9,7,3,1,4,-1,0,1,1,-1,1,-1,2,1
KR_6733584251,420,-1,-60,16,4,0,2,2,5,6,1,-2,0,2,1,7,6,0,0,0,0,5,24,4,4,8,4,0,0,0,1,0,-1,0,1
KR_6729527472,420,3,49,20,9,2,4,2,6,7,1,2,3,1,0,2,2,-1,0,1,0,13,-37,3,2,5,27,0,2,1,1,1,-1,3,1
KR_6670300505,420,12,99,61,20,4,4,0,4,5,1,6,6,0,6,6,0,0,1,1,3,30,0,5,0,5,0,1,5,0,1,1,1,0,1
KR_6761938178,420,3,13,8,6,-3,2,5,3,3,0,1,2,1,2,4,2,3,4,1,0,10,-18,-1,6,5,25,0,1,1,1,1,-1,1,1
KR_6615003115,420,-1,34,8,3,6,9,3,-2,0,2,-2,1,3,1,3,2,0,0,0,0,-6,-3,-5,9,4,-2,0,0,-1,1,1,1,3,1
KR_6752122491,420,2,63,14,4,1,4,3,-1,2,3,2,4,2,0,2,2,2,2,0,0,0,9,2,2,4,0,0,3,1,-1,1,1,1,1
KR_6762465262,420,-1,-18,-29,3,0,0,0,1,1,0,-2,1,3,3,5,2,1,2,1,0,2,122,0,7,7,-8,0,0,-1,1,0,1,5,1
KR_6693331599,420,-3,-87,-9,-6,-4,1,5,1,2,1,-3,0,3,-2,2,4,2,2,0,0,-8,-23,1,3,4,-3,0,-1,-1,-1,-1,-1,6,1
KR_6763944805,420,4,106,16,8,1,2,1,-3,1,4,4,5,1,4,4,0,2,2,0,0,7,10,5,7,12,6,0,0,1,1,0,1,2,1
KR_6759493811,420,1,46,12,3,7,7,0,-3,0,3,-2,1,3,2,4,2,-1,0,1,0,-5,-3,-2,8,6,2,0,1,-1,1,1,1,4,1
KR_6757102703,440,-1,29,-11,-4,4,7,3,-1,2,3,0,1,1,-3,0,3,-4,0,4,0,-10,40,-2,7,5,-31,0,1,-1,1,1,1,2,1
KR_6762212804,420,2,23,20,2,3,3,0,3,4,1,-4,1,5,2,2,0,-2,2,4,0,14,-1,-2,4,2,1,0,1,1,-1,1,-1,5,1
KR_6760635970,420,-1,27,8,0,3,3,0,2,3,1,-1,0,1,-3,0,3,-1,1,2,0,-4,-34,-3,8,5,17,0,0,-1,1,1,1,1,1
KR_6712789757,420,0,14,-8,-1,-2,0,2,-1,3,4,0,3,3,2,5,3,0,0,0,0,-1,8,3,4,7,-1,0,-2,1,-1,-1,-1,1,1
KR_6345952778,420,2,1,0,6,1,2,1,-1,1,2,-2,1,3,7,8,1,1,1,0,0,11,1,2,5,7,4,0,0,1,-1,1,1,4,1
KR_6765428086,420,3,55,8,2,4,5,1,0,1,1,0,4,4,0,3,3,-2,0,2,0,-1,-5,0,5,5,-5,0,0,-1,-1,1,-1,4,1
KR_6720037201,420,3,84,-1,9,2,4,2,4,7,3,0,2,2,-1,2,3,4,4,0,-2,1,10,3,3,6,1,0,2,-1,1,1,-1,3,1
KR_6624120385,420,-2,-48,-17,-5,-2,0,2,0,3,3,0,3,3,-4,0,4,1,1,0,0,-3,1,3,2,5,1,0,0,1,1,-1,1,2,1
KR_6735403436,440,5,35,20,10,0,3,3,-2,2,4,3,3,0,5,6,1,4,6,2,0,2,2,3,5,8,2,0,0,1,1,1,1,1,1
KR_6746961592,420,0,18,-4,5,0,2,2,4,4,0,-3,2,5,-2,3,5,6,6,0,1,3,-17,-3,7,4,2,0,1,1,-1,1,1,5,1
KR_6758898666,420,0,33,7,-9,0,0,0,1,2,1,-2,2,4,-6,4,10,-2,0,2,-1,-12,-4,-1,7,6,2,0,0,-1,1,0,-1,1,1
KR_6753267067,420,-1,-22,-21,-7,0,3,3,-3,5,8,-3,2,5,-2,3,5,1,1,0,-2,-14,15,1,10,11,1,0,-2,-1,-1,-1,-1,3,1
KR_6734676073,420,3,-10,33,3,2,2,0,2,3,1,-1,1,2,-1,0,1,1,2,1,0,-1,-114,4,4,8,1,0,0,-1,1,0,-1,4,1
KR_6695724948,420,-2,3,3,5,1,2,1,7,7,0,2,6,4,0,2,2,-5,2,7,1,10,-7,7,1,8,-2,0,0,-1,1,-1,1,3,1
KR_6668740753,440,-4,-11,0,-9,-4,4,8,-1,1,2,-1,0,1,-1,1,2,-2,0,2,0,-10,-6,2,2,4,-1,0,2,-1,1,1,1,3,1
KR_6755330378,420,1,30,-31,3,5,6,1,-5,2,7,4,5,1,-1,0,1,0,3,3,0,-11,49,7,3,10,-14,0,1,-1,1,1,1,2,1
KR_6757460557,420,3,-12,16,8,-3,1,4,2,3,1,3,6,3,2,6,4,4,4,0,0,5,-3,-1,6,5,1,0,1,0,1,1,-1,0,1
KR_6731123770,420,4,58,22,9,-5,1,6,-1,3,4,4,5,1,11,11,0,0,0,0,3,19,59,3,3,6,-23,0,-1,1,-1,1,1,4,1
KR_6737262658,440,3,34,10,2,5,5,0,2,6,4,1,1,0,-1,1,2,-5,2,7,-1,-8,21,1,2,3,0,0,0,-1,1,1,-1,6,1
KR_6760857605,440,4,14,8,14,3,5,2,6,6,0,4,6,2,1,2,1,0,1,1,1,12,44,5,3,8,-2,0,0,1,1,-1,1,4,1
KR_6762627519,420,-2,15,-32,0,-3,0,3,1,2,1,0,3,3,-1,0,1,3,3,0,0,-2,-26,1,4,5,4,0,0,0,1,0,-1,0,1
KR_6765147806,420,5,79,26,3,2,4,2,1,2,1,-1,0,1,2,3,1,-1,0,1,0,4,3,1,7,8,-7,0,1,-1,1,1,-1,1,1
KR_6749893622,420,2,33,29,-1,-2,1,3,-1,2,3,-1,5,6,3,5,2,0,2,2,-1,7,2,2,3,5,1,0,0,1,-1,0,-1,4,1
KR_6752715998,420,3,74,-16,9,5,5,0,2,2,0,2,3,1,-1,0,1,1,3,2,0,4,6,3,2,5,-2,0,1,-1,1,1,1,6,1
KR_6666240064,420,2,11,-7,1,2,4,2,4,6,2,-6,0,6,1,3,2,0,0,0,0,2,-5,2,3,5,-1,0,0,1,-1,1,-1,5,1
KR_6717516762,420,5,111,15,10,12,13,1,0,2,2,-2,1,3,0,2,2,0,1,1,0,5,-103,-4,9,5,2,0,4,-1,1,1,1,2,1
KR_6728048906,420,1,34,4,0,1,1,0,0,1,1,2,2,0,-2,4,6,-1,2,3,0,-4,-2,1,7,8,2,0,1,1,1,1,-1,2,1
KR_6754529869,420,0,-20,20,-2,0,1,1,2,7,5,3,5,2,-3,2,5,-4,0,4,0,-5,6,-3,7,4,-3,0,-1,-1,-1,-1,-1,6,1
KR_6758781684,420,5,86,-12,12,1,1,0,-1,1,2,4,4,0,3,3,0,5,6,1,0,12,-2,0,3,3,6,0,1,1,1,1,1,2,1
KR_6762210571,420,-1,59,-27,-2,-1,2,3,-1,2,3,-1,1,2,0,3,3,1,1,0,2,3,24,3,2,5,2,0,0,1,-1,-1,1,5,1
KR_6757909473,420,-1,21,17,-5,-1,0,1,1,4,3,0,1,1,-4,1,5,-1,2,3,0,-5,9,-1,5,4,-3,0,0,-1,1,0,-1,5,1
KR_6606325899,420,1,13,9,2,-4,1,5,2,3,1,0,2,2,4,5,1,0,0,0,0,7,-110,1,7,8,2,0,1,1,-1,1,1,2,1
KR_6736963521,420,-1,-20,-4,-4,2,2,0,-2,4,6,1,3,2,-4,0,4,-1,1,2,0,-2,-3,-9,13,4,3,0,0,1,-1,0,1,6,1
KR_6757465607,420,5,111,31,13,7,8,1,2,3,1,5,6,1,0,2,2,-1,1,2,0,3,95,-1,2,1,1,0,2,-1,1,1,1,3,1
KR_6753145255,420,0,-11,-24,0,-1,2,3,-3,2,5,2,2,0,-1,2,3,3,4,1,0,-3,15,4,4,8,1,0,0,0,0,0,1,0,1
KR_6638991875,420,1,-35,-26,3,5,6,1,-1,0,1,0,0,0,-1,0,1,0,1,1,0,0,-6,2,5,7,-3,0,0,-1,-1,-1,1,6,1
KR_6750535780,420,1,-20,7,-6,-6,0,6,-1,2,3,4,5,1,-1,3,4,-2,0,2,0,-5,2,1,5,6,-2,0,-1,0,-1,-1,-1,0,1
KR_6703098454,420,0,-40,15,1,0,2,2,0,3,3,2,4,2,1,2,1,-2,0,2,0,-6,-7,0,6,6,4,0,0,1,-1,1,1,2,1
KR_6759175021,420,5,52,0,8,-1,3,4,0,0,0,-3,0,3,6,8,2,6,6,0,0,4,16,0,3,3,-2,0,1,1,1,1,1,5,1
KR_6748076284,420,0,-58,10,-2,1,2,1,0,5,5,2,4,2,-3,0,3,-2,0,2,0,-3,0,-3,6,3,-3,0,0,1,1,-1,1,2,1
KR_6480794549,420,2,16,0,6,1,1,0,5,5,0,2,6,4,2,2,0,-4,0,4,0,-1,78,-1,6,5,1,0,0,1,1,1,-1,1,1
KR_6759420398,420,3,41,0,9,4,4,0,2,7,5,1,3,2,2,4,2,0,0,0,0,5,22,4,5,9,-1,0,0,-1,-1,1,1,3,1
KR_6723551154,420,5,68,-28,13,0,3,3,1,3,2,8,9,1,3,4,1,1,1,0,0,12,1,4,2,6,0,0,1,1,-1,1,-1,2,1
KR_6684981942,420,2,27,4,7,2,4,2,2,2,0,5,6,1,-1,2,3,-1,0,1,0,9,-3,0,6,6,-1,0,1,-1,-1,1,1,1,1
KR_6759241239,420,1,-17,17,4,2,2,0,-3,2,5,4,4,0,-2,0,2,3,4,1,0,3,-127,1,4,5,-3,0,0,0,1,1,1,0,1
KR_6741999897,420,9,130,16,15,6,6,0,5,6,1,5,5,0,-1,3,4,0,0,0,1,15,39,-3,6,3,8,0,3,-1,-1,1,1,4,1
KR_6766072325,420,1,45,-21,5,2,4,2,0,3,3,-4,0,4,8,10,2,-1,1,2,1,12,-11,-2,7,5,5,0,2,-1,-1,1,1,2,1
KR_6757533527,420,-1,46,8,5,3,4,1,-6,0,6,0,0,0,6,8,2,2,3,1,0,6,35,-6,8,2,-18,0,-1,1,-1,-1,-1,4,1
KR_6672643646,420,0,-38,-4,5,4,4,0,3,5,2,-4,0,4,1,1,0,1,3,2,1,9,30,2,4,6,23,0,0,-1,-1,0,1,1,1
KR_6553614697,420,3,18,26,0,1,3,2,-2,0,2,2,3,1,-2,2,4,1,2,1,0,-3,-1,-2,7,5,0,0,0,-1,1,0,-1,5,1
KR_6753696409,440,1,50,8,3,2,2,0,-1,1,2,1,2,1,1,1,0,0,0,0,0,3,51,1,2,3,1,0,0,-1,1,1,-1,3,1
KR_6725709242,420,1,-7,1,7,4,6,2,4,4,0,1,3,2,0,1,1,-2,0,2,0,5,-14,4,2,6,4,0,1,-1,1,1,1,5,1
KR_6760181980,420,1,5,-8,2,-4,1,5,3,6,3,2,3,1,1,3,2,0,1,1,1,9,-16,5,4,9,3,0,1,-1,1,1,1,3,1
KR_6733618827,420,1,1,11,4,1,3,2,2,3,1,-1,2,3,-1,1,2,3,3,0,0,-3,4,4,1,5,-1,0,-1,-1,-1,1,1,5,1
KR_6725619839,420,-2,-2,-24,0,-1,1,2,0,2,2,5,6,1,-4,2,6,0,0,0,0,7,-8,2,5,7,2,0,2,-1,1,1,-1,4,1
KR_6697177678,420,3,59,23,13,2,3,1,1,3,2,0,1,1,8,8,0,2,2,0,0,12,-1,-4,11,7,0,0,3,1,-1,1,1,5,1
KR_6702437811,420,-2,-51,-20,-3,-3,0,3,-1,1,2,3,5,2,-2,3,5,0,0,0,0,-6,-22,2,4,6,-1,0,-1,1,-1,-1,-1,6,1
KR_6740212984,440,0,35,35,-2,-4,1,5,1,2,1,-1,0,1,2,2,0,0,2,2,0,-5,8,2,2,4,4,0,1,1,1,1,1,4,1
KR_6755541557,440,5,99,44,3,2,3,1,-3,1,4,2,3,1,2,4,2,0,1,1,0,-1,-10,2,3,5,5,0,0,1,1,0,-1,4,1
KR_6676406376,420,0,14,8,3,-2,1,3,1,1,0,3,5,2,1,2,1,0,0,0,0,2,3,-3,9,6,1,0,2,1,-1,1,1,5,1
KR_6765337556,420,0,16,48,0,-2,2,4,4,6,2,3,5,2,-2,3,5,-3,0,3,3,4,-8,0,6,6,1,0,0,1,1,1,1,1,1
KR_6762776068,420,3,43,12,0,3,4,1,-2,2,4,-3,0,3,0,1,1,2,3,1,-1,-4,1,-5,9,4,5,0,0,-1,-1,0,-1,5,1
KR_6682085408,420,-1,-39,-2,4,-1,1,2,2,7,5,4,5,1,0,2,2,-1,0,1,0,5,3,2,5,7,1,0,0,-1,1,0,1,3,1
KR_6760782951,420,3,35,-4,10,3,5,2,1,2,1,1,2,1,0,3,3,5,5,0,0,9,-4,-2,6,4,2,0,1,0,0,1,1,0,1
KR_6698578361,420,2,40,-4,1,-2,1,3,1,4,3,0,2,2,5,6,1,-3,0,3,0,11,-6,0,5,5,3,0,-1,-1,-1,-1,1,3,1
KR_6740572782,420,-3,-83,12,-3,-5,1,6,3,4,1,-3,0,3,2,4,2,0,0,0,-1,-1,-7,-2,5,3,1,0,-1,-1,1,-1,-1,6,1
KR_6764086579,420,5,111,1,7,-1,1,2,3,4,1,3,4,1,1,4,3,1,3,2,0,4,-1,-1,5,4,-1,0,0,1,-1,0,1,1,1
KR_6720675864,420,3,38,16,10,2,3,1,1,3,2,-1,1,2,8,10,2,0,3,3,0,14,11,0,2,2,-1,0,0,1,0,1,-1,3,1
KR_6724824097,420,6,80,26,13,-1,2,3,1,3,2,13,14,1,2,3,1,-2,3,5,-3,6,4,-1,6,5,6,0,1,-1,1,1,-1,3,1
KR_6716167641,440,5,51,-24,11,1,3,2,7,7,0,2,8,6,1,1,0,0,0,0,0,5,-19,2,4,6,-4,0,2,1,1,1,1,3,1
KR_6678144221,420,1,28,-19,2,0,2,2,1,4,3,3,3,0,-1,0,1,-1,1,2,0,2,-54,-1,6,5,23,0,0,1,1,0,-1,2,1
KR_6762441532,420,-2,-4,0,-3,-1,1,2,-5,2,7,0,2,2,6,7,1,-3,2,5,0,-7,-9,-4,5,1,5,0,0,-1,1,0,-1,2,1
KR_6720036324,420,4,24,52,7,0,0,0,2,4,2,2,4,2,2,2,0,1,1,0,0,9,6,0,5,5,-2,0,0,-1,-1,0,-1,1,1
KR_6731521151,440,2,-52,32,1,4,5,1,-6,0,6,6,7,1,-3,4,7,0,1,1,-2,-3,49,1,8,9,-4,0,-1,-1,-1,-1,-1,1,1
KR_6720367564,420,3,33,20,3,0,2,2,0,4,4,2,2,0,2,3,1,-1,0,1,0,8,38,2,3,5,-21,0,0,1,-1,1,-1,3,1
KR_6761540142,440,1,71,19,-1,0,1,1,2,5,3,-1,0,1,-2,1,3,0,2,2,0,-5,10,-5,8,3,1,0,1,-1,1,1,1,4,1
KR_6724911621,420,5,76,-4,11,5,6,1,1,2,1,0,2,2,4,5,1,1,1,0,0,6,-2,1,7,8,5,0,0,1,-1,1,1,4,1
KR_6745097851,440,1,-19,28,6,1,3,2,1,4,3,1,2,1,1,1,0,2,2,0,0,4,1,-3,5,2,-3,0,-1,1,1,-1,1,3,1
KR_6723169640,420,1,80,-24,6,2,2,0,0,5,5,1,5,4,4,6,2,-1,1,2,1,9,-11,0,2,2,8,0,-1,1,-1,-1,1,5,1
KR_6707019760,420,0,64,24,10,2,2,0,-3,3,6,5,5,0,0,5,5,6,6,0,0,9,15,-7,7,0,3,0,3,-1,1,1,1,4,1
KR_6760648389,420,1,20,14,3,2,2,0,0,3,3,1,1,0,0,4,4,0,1,1,0,-2,-20,0,7,7,0,0,0,-1,1,0,-1,5,1
KR_6763266563,420,2,75,20,2,2,4,2,2,2,0,-2,1,3,0,5,5,0,0,0,1,1,0,-1,6,5,5,0,1,-1,1,1,1,1,1
KR_6685930198,420,-2,42,3,-7,-2,0,2,1,1,0,-7,0,7,2,2,0,-1,0,1,0,-6,7,0,4,4,-1,0,0,1,0,0,-1,4,1
KR_6758156443,420,1,47,-8,11,3,4,1,1,5,4,6,8,2,1,2,1,0,1,1,0,-3,-1,3,5,8,-3,0,-1,-1,1,-1,1,2,1
KR_6692624876,420,4,34,-16,5,2,3,1,3,5,2,-2,2,4,1,5,4,1,1,0,0,8,265,5,5,10,2,0,0,1,0,1,1,1,1
KR_6662879437,420,1,-6,-14,4,1,1,0,0,1,1,-1,3,4,3,3,0,1,1,0,1,8,-101,6,3,9,0,0,0,1,1,0,1,3,1
KR_6755968142,420,3,-91,16,4,0,3,3,3,5,2,-2,3,5,1,2,1,2,2,0,0,2,1,0,5,5,-1,0,0,1,1,-1,1,5,1
KR_6761953271,420,2,22,16,9,-4,1,5,3,4,1,7,8,1,2,2,0,1,3,2,1,12,-10,-3,6,3,0,0,0,1,-1,1,1,1,1
KR_6751301975,420,5,29,3,11,1,3,2,1,5,4,3,5,2,4,5,1,2,2,0,3,21,2,1,7,8,0,0,2,1,1,1,1,5,1
KR_6765725638,420,5,37,5,21,5,5,0,8,8,0,-1,1,2,6,8,2,3,4,1,1,17,114,0,4,4,5,0,3,1,1,1,1,5,1
KR_6738704745,420,-2,-64,13,2,2,3,1,-3,1,4,-3,2,5,7,8,1,-1,0,1,0,4,-4,-1,6,5,3,0,-3,1,-1,-1,-1,3,1
KR_6759581945,420,6,10,-2,20,1,1,0,6,7,1,6,6,0,9,9,0,-2,0,2,0,14,-2,-3,4,1,6,0,1,-1,-1,1,1,1,1
KR_6757990739,420,1,11,21,6,-2,0,2,3,4,1,2,4,2,-1,1,2,4,5,1,-1,9,-2,-3,5,2,2,0,1,0,1,1,-1,0,1
KR_6741992022,420,2,-60,17,4,-1,2,3,5,6,1,-1,2,3,-2,2,4,3,3,0,0,3,0,-4,7,3,0,0,0,-1,1,-1,-1,4,1
KR_6766180615,420,-2,-54,4,3,1,1,0,-3,3,6,6,6,0,-1,2,3,0,3,3,0,-7,-4,-1,4,3,-4,0,-2,-1,-1,-1,1,1,1
KR_6765152994,420,1,56,28,-1,1,1,0,-6,0,6,1,2,1,4,4,0,-1,0,1,0,-6,33,-1,3,2,-24,0,2,1,-1,1,-1,5,1
KR_6610705609,420,3,-30,-8,1,2,2,0,3,4,1,-2,2,4,-2,3,5,0,1,1,-2,-5,-73,-3,10,7,-4,0,0,1,-1,1,-1,4,1
KR_6733712258,420,3,-1,14,3,3,3,0,-2,1,3,2,4,2,1,3,2,-1,0,1,0,-1,75,-1,6,5,17,0,0,-1,-1,1,1,2,1
KR_6639488810,420,0,-19,4,-1,0,2,2,0,3,3,3,6,3,-3,0,3,-1,0,1,0,1,12,1,6,7,-1,0,0,-1,-1,-1,-1,5,1
KR_6722912818,440,7,40,19,16,5,5,0,2,2,0,6,7,1,1,5,4,2,2,0,0,13,10,5,2,7,-1,0,2,1,0,1,-1,5,1
KR_6750886974,420,-1,-20,-21,1,-2,1,3,-3,2,5,2,2,0,0,1,1,4,4,0,0,1,-16,-1,5,4,0,0,0,1,-1,-1,1,5,1
KR_6567207010,420,1,77,-10,9,1,1,0,1,4,3,0,3,3,9,9,0,-2,1,3,0,5,-19,3,3,6,3,0,1,1,-1,1,1,4,1
KR_6765095468,420,5,25,26,9,2,4,2,1,1,0,-1,1,2,7,8,1,0,0,0,0,10,2,-3,7,4,0,0,1,1,1,1,1,2,1
KR_6610996580,420,4,79,48,8,3,3,0,0,3,3,1,1,0,3,4,1,1,2,1,1,10,2,0,4,4,-5,0,1,1,1,1,1,1,1
KR_6757976793,420,5,30,9,8,1,2,1,5,6,1,-1,1,2,3,5,2,0,1,1,0,14,1,3,3,6,-1,0,2,-1,1,1,-1,6,1
KR_6704012220,420,2,-2,40,5,-1,1,2,1,2,1,3,3,0,2,3,1,0,0,0,0,7,-4,-1,10,9,4,0,0,1,-1,1,-1,2,1
KR_6747945199,420,-1,43,-8,4,3,4,1,3,8,5,-2,1,3,0,2,2,0,0,0,0,7,6,4,5,9,2,0,0,1,1,1,-1,3,1
KR_6715616558,420,0,-24,29,-3,-1,1,2,-2,1,3,-6,0,6,-3,0,3,9,11,2,0,2,-5,-1,8,7,0,0,0,1,-1,0,1,1,1
KR_6748100601,420,2,53,24,1,0,2,2,-1,2,3,0,4,4,0,1,1,2,2,0,0,3,316,4,1,5,-5,0,0,1,0,1,-1,2,1
KR_6682803279,420,-2,-11,-20,-7,-1,1,2,-5,2,7,0,3,3,2,4,2,-3,2,5,0,-11,-4,-2,4,2,8,0,1,-1,1,1,1,5,1
KR_6754066526,420,0,27,-8,2,2,2,0,-1,4,5,0,1,1,0,4,4,1,2,1,-1,-4,-18,-3,6,3,9,0,1,1,-1,1,-1,4,1
KR_6735176295,420,1,13,15,-4,1,1,0,0,0,0,-4,0,4,-2,3,5,1,1,0,0,-3,14,-1,6,5,1,0,-1,-1,1,-1,-1,6,1
KR_6753707945,420,1,4,32,3,1,2,1,7,9,2,-4,2,6,0,3,3,-1,0,1,-1,8,-17,-6,8,2,6,0,0,-1,1,-1,-1,1,1
KR_6717403649,420,4,45,8,5,4,4,0,-4,4,8,0,1,1,3,3,0,2,3,1,0,10,4,0,6,6,1,0,0,1,1,1,1,5,1
KR_6689382169,420,-5,-1,-2,-3,-4,1,5,1,6,5,-1,1,2,1,4,3,0,1,1,1,3,-8,-3,5,2,3,0,0,-1,1,-1,1,2,1
KR_6613510538,420,1,-3,-16,0,-1,1,2,-3,4,7,4,5,1,-1,4,5,1,1,0,0,6,-1,0,2,2,-3,0,0,-1,1,1,1,6,1
KR_6753561772,420,0,18,-37,0,-4,0,4,3,3,0,-3,1,4,2,5,3,2,2,0,0,4,8,-1,8,7,1,0,2,-1,1,1,-1,6,1
KR_6548161509,420,-3,-45,-32,-2,0,0,0,-3,5,8,5,5,0,-4,0,4,0,1,1,0,-2,13,0,7,7,-4,0,-1,-1,1,-1,-1,4,1
KR_6751702842,420,2,58,27,-1,-4,0,4,1,2,1,3,5,2,-1,2,3,0,0,0,0,-3,-114,-1,5,4,3,0,0,1,-1,1,-1,1,1
KR_6690992953,420,6,61,36,10,2,2,0,4,4,0,-1,1,2,1,1,0,4,4,0,1,10,-8,-1,6,5,2,0,0,1,1,0,1,5,1
KR_6676565624,420,0,-62,-4,-2,-2,1,3,2,4,2,-3,3,6,2,4,2,-1,0,1,0,10,-2,1,4,5,8,0,-1,-1,1,-1,1,4,1
KR_6762569029,420,1,15,4,6,5,7,2,1,2,1,1,2,1,0,2,2,-1,0,1,0,5,-4,0,4,4,-3,0,1,-1,-1,1,1,3,1
KR_6758121748,440,0,-17,9,7,3,7,4,5,5,0,0,2,2,3,3,0,-4,0,4,0,10,5,1,3,4,1,0,1,-1,1,1,1,3,1
KR_6528971461,420,4,81,12,14,-1,1,2,5,6,1,3,3,0,7,9,2,0,0,0,1,17,8,3,3,6,-1,0,0,1,-1,-1,1,1,1
KR_6746543281,420,2,-19,28,7,2,2,0,4,4,0,2,2,0,-2,0,2,1,2,1,2,13,18,4,6,10,-2,0,0,1,1,0,1,3,1
KR_6750606814,420,7,96,8,19,6,6,0,1,2,1,13,14,1,-1,3,4,0,1,1,0,12,7,0,4,4,3,0,1,1,1,1,1,4,1
KR_6765567011,420,2,-15,-15,10,-2,1,3,0,3,3,9,10,1,3,8,5,0,0,0,2,18,20,1,4,5,-2,0,1,1,1,1,1,2,1
KR_6719372600,440,0,18,-3,4,-1,0,1,1,4,3,1,6,5,3,5,2,0,2,2,0,12,8,3,5,8,-2,0,1,1,-1,1,-1,6,1
KR_6758474910,420,2,25,-2,8,1,2,1,0,3,3,3,7,4,2,7,5,2,2,0,0,10,-3,0,4,4,4,0,1,1,1,1,-1,4,1
KR_6737677771,420,3,71,12,4,1,3,2,5,8,3,0,0,0,0,2,2,-2,0,2,0,0,2,6,2,8,-5,0,1,-1,1,1,-1,3,1
KR_6697172766,420,-2,-37,22,3,3,5,2,3,3,0,-1,4,5,-3,2,5,1,2,1,0,3,1,-4,8,4,4,0,0,1,-1,1,-1,5,1
KR_6733384808,420,3,63,21,3,-1,1,2,4,5,1,-3,1,4,1,2,1,2,2,0,0,-5,3,-2,7,5,-1,0,0,-1,1,0,-1,1,1
KR_6743398453,420,3,28,0,16,5,5,0,6,7,1,0,3,3,2,3,1,3,3,0,0,28,8,7,0,7,-1,0,2,1,1,1,1,4,1
KR_6759989347,420,2,-17,2,4,1,1,0,-1,2,3,-1,4,5,0,3,3,5,5,0,-3,-2,230,-2,6,4,5,0,0,1,-1,1,-1,6,1
KR_6676556135,420,3,-33,-4,9,-4,1,5,4,6,2,8,10,2,1,6,5,0,0,0,0,27,-2,3,2,5,-2,0,0,1,-1,-1,1,3,1
KR_6721148793,420,3,-24,19,2,0,1,1,4,8,4,0,1,1,-2,1,3,0,1,1,0,0,22,-1,5,4,-1,0,0,-1,1,0,-1,1,1
KR_6732330523,420,1,25,8,4,6,6,0,-2,1,3,-1,0,1,1,6,5,0,0,0,0,2,-36,2,4,6,15,0,1,1,1,1,1,1,1
KR_6753030603,440,1,79,0,0,1,2,1,-2,3,5,-1,0,1,1,2,1,1,1,0,1,-5,-5,-2,7,5,4,0,1,-1,1,1,1,6,1
KR_6752170537,420,3,49,36,7,2,2,0,1,5,4,4,8,4,0,2,2,0,0,0,0,11,216,-2,9,7,-1,0,2,0,1,1,1,0,1
KR_6755591013,420,-1,27,-5,0,0,1,1,-2,0,2,1,2,1,1,1,0,0,0,0,0,3,5,1,7,8,-4,0,0,1,-1,-1,-1,1,1
KR_6756287906,420,1,69,-4,6,0,1,1,-3,1,4,2,3,1,7,8,1,0,1,1,0,15,6,3,4,7,4,0,0,1,1,1,-1,2,1
KR_6756179299,420,0,0,-21,-1,1,2,1,4,5,1,-2,1,3,-2,1,3,-2,0,2,0,-4,-13,-4,8,4,5,0,0,-1,1,1,1,1,1
KR_6650426964,420,0,-14,36,-2,0,3,3,-1,1,2,2,2,0,-3,1,4,0,0,0,0,-2,-4,-3,8,5,-3,0,-1,1,0,-1,-1,4,1
KR_6740417007,440,-1,2,-22,-3,-2,0,2,1,1,0,0,1,1,-3,0,3,1,3,2,0,1,-13,2,1,3,-1,0,1,1,-1,1,1,3,1
KR_6757137380,440,-4,-34,-9,-6,-7,0,7,1,2,1,1,2,1,1,4,3,-2,1,3,0,-1,-267,2,3,5,2,0,-2,1,-1,-1,1,4,1
KR_6726628443,420,4,37,40,9,4,4,0,2,2,0,2,4,2,0,1,1,1,2,1,1,14,-6,1,5,6,11,0,0,1,0,1,1,3,1
KR_6645615633,420,1,6,-19,3,0,3,3,2,3,1,-3,0,3,5,5,0,-1,1,2,0,7,7,5,6,11,-2,0,0,1,-1,0,1,5,1
KR_6759139691,420,8,76,22,18,2,3,1,8,8,0,4,4,0,4,4,0,0,0,0,0,24,1,1,6,7,5,0,3,-1,1,1,1,6,1
KR_6567156552,420,5,43,8,15,2,3,1,7,7,0,0,2,2,4,4,0,2,2,0,0,26,-33,4,3,7,15,0,2,-1,1,1,1,1,1
KR_6660284921,420,0,85,-15,-5,-1,2,3,-4,2,6,0,3,3,-1,2,3,1,1,0,0,-10,-18,5,5,10,1,0,1,1,1,1,1,3,1
KR_6757948036,420,1,8,0,1,-3,1,4,-2,2,4,4,5,1,2,2,0,0,2,2,0,0,-57,-2,7,5,-1,0,0,-1,1,0,-1,6,1
KR_6626492891,420,-2,8,24,-11,-2,1,3,-8,0,8,-1,5,6,1,5,4,-1,0,1,0,-15,-14,-6,9,3,6,0,-1,1,-1,-1,1,2,1
KR_6737568301,420,3,-27,-3,0,0,2,2,-1,1,2,2,2,0,-1,2,3,0,0,0,0,1,-1,-3,10,7,-2,0,0,1,-1,0,-1,5,1
KR_6745064924,440,1,2,-20,5,-2,0,2,5,5,0,1,1,0,2,2,0,-1,0,1,0,6,35,-2,5,3,-20,0,0,1,0,0,1,6,1
KR_6656881832,420,3,41,-8,11,1,3,2,3,6,3,1,4,3,3,5,2,3,3,0,0,18,8,-1,6,5,2,0,1,-1,1,1,1,6,1
KR_6731029804,420,1,-41,0,3,-1,2,3,4,6,2,-4,0,4,3,5,2,1,1,0,0,1,0,-2,5,3,0,0,0,1,1,-1,-1,3,1
KR_6605090757,420,5,24,12,9,-2,2,4,1,2,1,4,6,2,5,8,3,1,1,0,0,8,1,2,6,8,4,0,1,1,-1,1,1,2,1
KR_6727953388,420,1,33,20,-5,2,3,1,-2,0,2,0,2,2,-5,1,6,0,0,0,0,-14,-8,-4,6,2,-2,0,0,1,-1,0,-1,3,1
KR_6747391568,420,2,7,-27,7,-4,2,6,2,4,2,12,13,1,-2,0,2,-1,0,1,0,10,-23,1,8,9,6,0,-2,-1,-1,-1,1,6,1
KR_6762404906,420,3,53,32,1,-2,0,2,1,4,3,2,2,0,-1,1,2,1,1,0,0,-6,-2,-1,6,5,1,0,0,1,1,1,-1,4,1
KR_6751901113,420,-1,-41,6,2,-5,0,5,-4,1,5,2,4,2,4,7,3,5,5,0,0,4,17,-1,6,5,3,0,-1,1,1,-1,1,1,1
KR_6708838136,420,5,33,36,1,4,5,1,0,3,3,0,4,4,-2,2,4,-1,2,3,-1,2,1,6,1,7,-2,0,1,1,1,1,-1,5,1
KR_6758886113,420,4,-11,-14,6,-1,0,1,0,4,4,3,3,0,5,5,0,-1,0,1,0,4,-78,1,3,4,0,0,1,-1,1,-1,-1,6,1
KR_6720519694,420,2,59,29,9,3,4,1,0,4,4,2,2,0,5,7,2,-1,2,3,0,1,3,2,2,4,1,0,1,1,1,1,1,6,1
KR_6690813005,420,3,52,11,2,1,3,2,0,3,3,4,4,0,-4,2,6,1,1,0,0,2,-5,1,2,3,3,0,0,1,-1,1,1,6,1
KR_6765131850,420,4,37,-5,6,1,3,2,-1,2,3,5,5,0,-3,0,3,4,6,2,0,2,-15,0,4,4,5,0,0,-1,0,0,1,2,1
KR_6679748809,420,0,-46,16,-3,0,3,3,0,3,3,-4,2,6,1,3,2,0,1,1,0,-3,3,1,6,7,0,0,0,-1,-1,0,-1,5,1
KR_6608619028,420,9,192,7,34,6,6,0,4,4,0,9,9,0,8,9,1,7,7,0,3,29,3,-1,3,2,2,0,2,-1,1,1,1,6,1
KR_6761686709,420,-1,19,24,-2,1,1,0,-3,1,4,-3,0,3,3,3,0,0,0,0,1,1,-1,5,3,8,2,0,1,1,-1,1,1,3,1
KR_6611172142,420,2,41,-8,-4,-1,0,1,3,3,0,1,4,3,-6,2,8,-1,1,2,1,-7,6,5,5,10,0,0,0,1,-1,0,1,2,1
KR_6606354471,420,-1,-18,18,-4,3,4,1,-1,0,1,-4,1,5,-1,3,4,-1,0,1,0,-13,-5,2,5,7,-1,0,0,0,-1,0,1,0,1
KR_6760539940,420,-1,-30,-18,10,-1,3,4,0,2,2,2,2,0,7,10,3,2,3,1,2,22,8,1,5,6,-4,0,1,1,1,1,1,3,1
KR_6627485660,420,1,8,0,0,1,3,2,-1,2,3,0,0,0,-2,0,2,2,2,0,0,-3,-2,3,2,5,-6,0,0,0,1,0,-1,0,1
KR_6728978431,440,4,35,20,7,6,7,1,0,2,2,0,1,1,-1,4,5,2,2,0,0,2,-8,-4,6,2,2,0,1,1,1,1,1,2,1
KR_6727116267,420,0,54,-11,3,-1,0,1,-1,4,5,1,1,0,7,8,1,-3,1,4,0,6,31,0,5,5,-1,0,0,-1,-1,-1,1,2,1
KR_6764647443,420,7,84,-6,13,1,1,0,1,2,1,3,5,2,6,7,1,2,3,1,1,12,-14,6,1,7,0,0,3,1,1,1,1,3,1
KR_6764822808,420,3,13,28,9,4,5,1,-4,1,5,5,5,0,4,8,4,0,3,3,0,-2,9,-1,3,2,2,0,1,-1,1,1,-1,3,1
KR_6743362431,420,2,-3,20,2,-1,2,3,-1,4,5,4,4,0,1,1,0,-1,0,1,0,2,0,1,3,4,3,0,0,1,-1,0,-1,3,1
KR_6753506330,420,0,11,8,1,1,2,1,-3,2,5,2,4,2,1,3,2,0,1,1,0,-2,-206,-1,6,5,3,0,1,1,-1,1,1,1,1
KR_6762606249,440,1,70,-16,1,2,4,2,1,1,0,0,2,2,-1,2,3,-1,1,2,1,-2,10,2,2,4,-3,0,0,-1,1,1,1,4,1
KR_6754915049,420,2,-7,0,9,1,2,1,1,2,1,7,8,1,1,4,3,-1,0,1,1,14,-9,-1,4,3,0,0,2,1,1,1,1,2,1
KR_6762863053,420,4,-14,44,4,8,8,0,1,5,4,1,3,2,-5,1,6,-1,1,2,0,0,0,-2,7,5,2,0,1,0,1,1,-1,0,1
KR_6653031177,420,8,68,38,18,7,7,0,1,2,1,7,7,0,2,3,1,1,1,0,1,9,104,7,3,10,4,0,4,-1,1,1,1,1,1
KR_6755841458,420,3,45,23,11,2,4,2,4,6,2,6,9,3,0,4,4,-1,1,2,0,8,4,2,4,6,2,0,3,1,1,1,-1,1,1
KR_6681981173,420,2,36,-20,13,2,3,1,2,4,2,1,3,2,6,7,1,2,2,0,0,14,21,1,4,5,5,0,2,1,1,1,1,4,1
KR_6740320458,440,2,28,-8,5,0,0,0,2,3,1,-1,2,3,1,2,1,3,3,0,0,2,-1,1,2,3,1,0,2,1,-1,1,1,2,1
KR_6734479246,420,4,25,1,7,2,2,0,-1,2,3,4,6,2,3,5,2,-1,1,2,-2,7,-17,2,4,6,15,0,1,1,-1,1,-1,1,1
KR_6643794968,420,-1,4,5,3,0,2,2,0,1,1,3,4,1,1,6,5,-1,0,1,0,17,67,-2,7,5,-15,0,-1,1,1,-1,1,1,1
KR_6594813295,420,-5,-39,-24,-8,-6,0,6,-1,3,4,-1,2,3,1,5,4,-1,0,1,0,-9,-6,1,5,6,0,0,-1,1,1,-1,-1,4,1
KR_6685826695,440,1,34,3,4,1,5,4,1,2,1,1,3,2,-1,2,3,2,7,5,0,2,4,5,7,12,-2,0,0,1,1,0,1,1,1
KR_6567058120,420,3,15,8,3,1,2,1,0,5,5,5,5,0,-3,0,3,0,1,1,0,0,2,2,4,6,0,0,0,-1,0,0,-1,2,1
KR_6726743029,420,4,86,0,17,-1,1,2,5,8,3,4,6,2,9,9,0,0,0,0,4,33,5,0,9,9,2,0,3,1,-1,1,1,6,1
KR_6753306103,420,2,44,23,2,0,1,1,2,3,1,-2,1,3,0,2,2,2,2,0,0,1,2,0,3,3,-4,0,2,1,-1,1,1,5,1
KR_6765482269,420,2,32,8,-3,-2,2,4,2,3,1,2,3,1,-2,1,3,-3,1,4,0,-6,-121,4,6,10,-4,0,-1,-1,-1,-1,-1,3,1
KR_6600255772,420,8,12,-8,16,3,4,1,7,9,2,2,3,1,1,2,1,3,4,1,0,17,26,-1,3,2,1,0,2,-1,1,1,-1,6,1
KR_6726509297,440,4,100,-4,6,0,1,1,0,1,1,-2,0,2,6,7,1,2,2,0,0,5,-3,-2,9,7,5,0,0,1,1,0,-1,3,1
KR_6391538502,420,1,-35,21,-1,-3,0,3,1,1,0,0,0,0,0,3,3,1,2,1,0,1,4,-1,5,4,3,0,0,1,1,1,1,4,1
KR_6576060014,420,4,31,14,6,1,2,1,2,4,2,1,4,3,1,3,2,1,1,0,-1,4,164,0,7,7,4,0,1,1,1,1,-1,5,1
KR_6735074686,420,1,94,9,3,0,4,4,-1,3,4,2,4,2,-1,1,2,3,5,2,-2,-4,42,8,1,9,-5,0,1,-1,1,1,-1,2,1
KR_6505165623,420,0,-53,-24,0,1,2,1,1,2,1,-1,3,4,0,0,0,-1,0,1,0,6,-9,0,6,6,4,0,1,-1,-1,1,-1,4,1
KR_6764677886,420,0,66,-14,-4,2,3,1,-4,2,6,-2,0,2,2,3,1,-2,0,2,0,2,-6,-4,8,4,0,0,1,1,1,1,1,4,1
KR_6722547748,420,4,16,59,3,0,2,2,3,6,3,0,1,1,0,1,1,0,1,1,-1,5,9,5,2,7,-5,0,0,-1,-1,0,-1,1,1
KR_6761532138,440,6,47,-8,11,2,6,4,0,0,0,3,3,0,6,6,0,0,3,3,0,14,2,9,5,14,5,0,0,1,1,0,-1,6,1
KR_6751503567,420,-2,-33,-8,0,-5,1,6,-1,3,4,5,5,0,0,3,3,1,2,1,0,9,-25,1,7,8,0,0,0,1,-1,-1,-1,3,1
KR_6756355835,420,4,103,-7,9,7,8,1,0,3,3,2,3,1,0,3,3,0,1,1,0,1,-5,1,4,5,7,0,1,-1,1,1,1,6,1
KR_6681350661,420,2,-73,44,5,1,2,1,3,6,3,2,3,1,-2,2,4,1,1,0,0,-4,8,4,3,7,-11,0,1,1,1,1,1,6,1
KR_6391748442,420,3,84,-9,8,4,4,0,1,2,1,0,2,2,1,1,0,2,2,0,0,14,-23,7,5,12,-3,0,1,-1,1,1,1,1,1
KR_6758034638,440,0,28,4,-6,0,2,2,2,4,2,-2,0,2,-6,1,7,0,1,1,0,-8,3,0,4,4,-2,0,-1,0,-1,-1,-1,0,1
KR_6728141935,440,-2,5,-7,0,-4,1,5,3,4,1,2,4,2,0,1,1,-1,1,2,0,2,0,4,2,6,-6,0,-1,1,-1,-1,-1,6,1
KR_6764115335,420,5,27,28,11,6,8,2,3,3,0,1,1,0,0,1,1,1,1,0,0,8,-117,-2,6,4,0,0,2,1,1,1,1,3,1
KR_6754556415,420,0,20,-15,-3,2,3,1,-2,4,6,-3,0,3,0,3,3,0,0,0,-1,-8,-5,7,3,10,-2,0,0,-1,-1,1,-1,5,1
KR_6697078022,420,0,-14,21,-2,1,3,2,2,5,3,-5,0,5,-1,2,3,1,2,1,0,3,-20,0,5,5,1,0,-1,1,-1,-1,-1,5,1
KR_6763984847,420,5,5,10,7,1,2,1,3,6,3,-2,1,3,0,1,1,5,5,0,0,7,-47,0,7,7,26,0,0,-1,-1,1,-1,6,1
KR_6743033842,440,7,27,19,10,0,1,1,8,10,2,-1,3,4,3,4,1,0,0,0,0,8,1,-2,4,2,5,0,2,-1,1,1,-1,6,1
KR_6742181775,440,-5,-124,4,-6,-2,0,2,1,3,2,-1,1,2,0,0,0,-4,4,8,-1,-1,-14,-1,6,5,-4,0,-2,1,-1,-1,-1,6,1
KR_6681793150,420,3,68,12,4,7,8,1,-1,1,2,-2,3,5,1,3,2,-1,2,3,-1,6,46,-1,3,2,-16,0,3,1,-1,1,-1,3,1
KR_6752064107,420,4,41,-11,10,3,3,0,-2,2,4,4,5,1,2,4,2,3,3,0,-1,8,8,1,8,9,-2,0,-1,-1,-1,-1,-1,4,1
KR_6523108305,420,2,55,-11,4,-1,1,2,2,4,2,3,5,2,-1,2,3,1,3,2,0,7,18,4,2,6,3,0,1,-1,1,1,1,6,1
KR_6756705763,420,2,-12,-14,4,4,4,0,1,2,1,-3,1,4,1,3,2,1,1,0,0,9,-2,-3,7,4,1,0,1,-1,1,1,-1,4,1
KR_6694902298,420,3,99,36,2,5,6,1,-4,1,5,2,3,1,-1,2,3,0,1,1,1,-13,4,5,3,8,-3,0,0,1,1,1,1,2,1
KR_6756623697,420,0,-36,7,6,0,1,1,0,3,3,6,8,2,1,3,2,-1,0,1,0,7,50,-2,5,3,3,0,0,1,-1,-1,-1,3,1
KR_6738983553,420,3,-19,28,1,1,3,2,2,5,3,-1,1,2,-1,2,3,0,0,0,-2,-4,-12,-2,4,2,-1,0,0,1,-1,0,-1,5,1
KR_6754154262,420,-1,28,-4,5,-2,2,4,0,2,2,-3,0,3,11,11,0,-1,1,2,0,4,1,5,0,5,3,0,0,1,1,1,1,6,1
KR_6765585233,420,-2,24,-10,0,2,2,0,-2,1,3,-2,2,4,2,2,0,0,2,2,0,-4,-12,2,3,5,-2,0,-1,-1,-1,-1,-1,6,1
KR_6751657615,420,1,10,-1,-3,-2,4,6,0,3,3,-1,3,4,1,7,6,-1,0,1,-2,-7,121,-4,11,7,1,0,-2,1,-1,-1,-1,6,1
KR_6709619652,420,0,7,8,-2,0,1,1,-2,4,6,-3,3,6,3,5,2,0,0,0,0,-3,1,3,3,6,-2,0,1,-1,-1,1,1,1,1
KR_6615409941,420,-1,-16,12,1,-2,1,3,2,7,5,-2,4,6,3,4,1,0,0,0,0,-6,164,-2,7,5,0,0,-1,1,1,1,1,4,1
KR_6765345817,440,-2,57,-20,3,1,3,2,1,2,1,-2,2,4,2,5,3,1,2,1,0,0,43,3,1,4,-13,0,1,1,-1,1,-1,4,1
KR_6760225077,420,-1,-14,-17,3,1,2,1,5,7,2,0,4,4,-2,1,3,-1,0,1,0,9,-89,-3,9,6,25,0,-1,1,-1,-1,1,2,1
KR_6765973181,420,0,-15,8,3,0,2,2,1,2,1,0,1,1,1,3,2,1,1,0,0,4,-21,-3,9,6,4,0,-1,0,1,-1,1,0,1
KR_6751375116,420,0,5,-14,3,-2,2,4,4,4,0,-2,0,2,2,2,0,1,1,0,0,9,-2,1,3,4,2,0,0,1,1,1,1,6,1
KR_6677887849,420,3,65,30,9,2,2,0,11,11,0,-2,1,3,-2,7,9,0,1,1,3,25,10,1,6,7,7,0,1,-1,1,1,1,1,1
KR_6761157871,440,2,-9,-27,2,5,7,2,-3,2,5,3,3,0,-3,4,7,0,4,4,1,4,0,-2,5,3,1,0,0,1,-1,1,1,5,1
KR_6753090165,420,1,13,12,2,5,7,2,-1,1,2,3,5,2,-5,0,5,0,1,1,1,0,10,5,3,8,3,0,3,1,1,1,1,1,1
KR_6765422190,420,3,48,15,7,1,1,0,-1,2,3,0,2,2,5,5,0,2,2,0,1,7,-37,-2,4,2,1,0,0,1,-1,0,1,4,1
KR_6669657432,420,2,-5,15,7,-4,0,4,0,4,4,3,3,0,3,7,4,5,5,0,-1,1,0,0,3,3,2,0,0,1,-1,-1,-1,3,1
KR_6753405598,420,1,-12,-1,4,-1,2,3,4,4,0,0,1,1,0,2,2,1,1,0,0,7,46,1,5,6,-13,0,0,1,-1,0,-1,5,1
KR_6762633926,440,4,54,-8,-2,0,0,0,0,3,3,3,3,0,-2,3,5,-3,1,4,-1,-9,3,-4,9,5,-1,0,1,0,1,1,-1,0,1
KR_6748650344,420,1,57,-8,6,1,1,0,1,1,0,5,5,0,2,4,2,-3,1,4,0,4,-21,-3,5,2,28,0,2,1,1,1,-1,6,1
KR_6758517161,420,2,29,-24,8,-2,1,3,6,8,2,4,5,1,0,10,10,0,1,1,-1,5,34,-2,7,5,-2,0,1,1,-1,1,-1,1,1
KR_6683487701,420,1,1,-3,0,-2,1,3,0,3,3,3,5,2,-1,0,1,0,0,0,-1,2,-13,-1,7,6,8,0,1,-1,1,1,-1,2,1
KR_6746418178,420,1,69,-31,4,-1,1,2,4,6,2,2,4,2,0,2,2,-1,0,1,0,8,17,4,6,10,3,0,0,0,-1,0,1,0,1
KR_6680299552,420,-3,8,-36,-2,2,6,4,2,3,1,-2,0,2,-3,2,5,-1,2,3,0,-7,-22,8,4,12,-7,0,1,-1,1,1,-1,4,1
KR_6718995853,420,3,11,-4,7,2,2,0,1,2,1,1,2,1,3,4,1,0,1,1,0,7,-28,1,4,5,1,0,2,1,1,1,1,3,1
KR_6574166615,420,1,-29,15,5,-1,1,2,7,7,0,2,4,2,-4,1,5,1,3,2,0,2,-14,3,4,7,-1,0,1,-1,1,1,1,3,1
KR_6747738450,420,4,74,-8,11,2,2,0,8,11,3,3,4,1,-3,2,5,1,3,2,0,6,3,1,3,4,-3,0,2,1,0,1,-1,2,1
KR_6694837699,420,5,50,56,12,-2,0,2,3,3,0,7,7,0,4,7,3,0,2,2,0,12,3,-2,4,2,1,0,2,1,1,1,1,4,1
KR_6716462090,420,-4,-59,-3,-5,-3,0,3,3,3,0,-2,0,2,-2,1,3,-1,0,1,0,-6,-7,-5,6,1,7,0,0,1,-1,0,1,5,1
KR_6719528723,440,-1,-25,-16,-1,5,5,0,-3,4,7,-4,2,6,1,5,4,0,2,2,0,3,7,3,3,6,-1,0,0,0,1,1,1,0,1
KR_6764410802,420,-1,-38,14,2,-1,3,4,1,3,2,-2,1,3,4,5,1,0,1,1,0,15,25,-3,9,6,-4,0,1,1,1,1,-1,4,1
KR_6709201167,420,1,38,20,2,0,0,0,2,5,3,-1,0,1,0,3,3,1,1,0,0,5,-59,-2,6,4,2,0,0,1,-1,-1,1,2,1
KR_6753832531,420,3,-12,17,-2,2,3,1,2,2,0,-3,1,4,-4,0,4,1,1,0,-1,-6,-11,-6,9,3,-1,0,1,-1,1,1,-1,1,1
KR_6737971623,420,3,42,16,1,-2,3,5,0,3,3,-2,2,4,4,4,0,1,2,1,1,1,-201,2,8,10,-2,0,0,1,-1,1,1,2,1
KR_6686490946,420,5,52,51,7,2,4,2,3,8,5,1,2,1,-1,2,3,2,3,1,0,5,-3,-7,9,2,2,0,1,1,1,1,1,3,1
KR_6758018168,420,-3,10,-28,2,-1,1,2,0,2,2,4,5,1,-4,0,4,3,4,1,0,2,-2,3,3,6,1,0,0,-1,0,0,1,6,1
KR_6746685760,420,-3,-88,15,-5,-5,0,5,-1,1,2,-2,3,5,1,2,1,2,3,1,0,-9,15,-1,3,2,-5,0,0,-1,1,0,1,6,1
KR_6756058435,420,2,61,24,2,2,4,2,0,1,1,0,6,6,-2,6,8,2,4,2,1,-3,120,-3,9,6,1,0,0,-1,-1,-1,1,2,1
KR_6722020340,420,3,57,4,11,1,5,4,3,5,2,2,3,1,3,4,1,2,2,0,0,4,3,6,4,10,2,0,0,1,-1,0,1,2,1
KR_6765067332,420,1,8,4,1,1,1,0,-2,2,4,3,4,1,-2,2,4,1,1,0,0,1,-2,1,5,6,1,0,0,1,-1,1,-1,2,1
KR_6751687623,420,3,73,8,6,6,6,0,0,3,3,0,2,2,0,2,2,0,0,0,0,4,20,2,4,6,-4,0,1,1,1,1,-1,6,1
KR_6686341930,420,0,25,28,-1,0,1,1,-4,4,8,1,4,3,2,3,1,0,1,1,1,2,5,3,5,8,7,0,0,-1,-1,-1,1,6,1
KR_6471346863,420,3,-9,-21,6,2,2,0,-2,1,3,-2,1,3,4,9,5,4,4,0,0,6,9,2,3,5,-2,0,0,1,-1,1,1,5,1
KR_6754967147,420,4,-67,20,12,0,1,1,6,6,0,6,7,1,0,1,1,0,0,0,0,9,6,1,4,5,1,0,0,1,0,0,1,2,1
KR_6623202807,420,4,27,32,4,5,7,2,-6,2,8,0,1,1,5,6,1,0,2,2,-2,1,-192,-5,9,4,-3,0,1,1,-1,1,-1,5,1
KR_6634779147,420,0,40,15,-2,2,3,1,-4,2,6,-3,2,5,1,2,1,2,2,0,0,-9,54,2,2,4,-28,0,0,1,-1,1,-1,4,1
KR_6680428906,420,4,77,-4,2,1,3,2,1,5,4,5,5,0,1,3,2,-6,0,6,-1,4,2,-1,2,1,-2,0,1,1,-1,1,-1,6,1
KR_6741841188,420,3,25,21,7,4,4,0,0,2,2,5,8,3,-4,1,5,2,3,1,0,12,-13,-2,6,4,0,0,0,1,1,0,-1,5,1
KR_6758886049,420,0,70,-25,6,2,5,3,-2,4,6,3,4,1,2,3,1,1,2,1,1,2,14,-2,8,6,-2,0,0,-1,0,1,1,6,1
KR_6757351844,420,-3,-46,-20,-3,4,7,3,-5,4,9,1,1,0,-3,1,4,0,1,1,0,4,-18,2,2,4,0,0,-1,-1,1,-1,-1,6,1
KR_6645556510,420,3,-30,-6,6,3,3,0,0,1,1,3,3,0,-2,2,4,2,3,1,0,6,0,-2,9,7,-3,0,0,-1,1,0,-1,6,1
KR_6761101194,440,3,162,5,7,2,2,0,4,4,0,-4,0,4,4,5,1,1,3,2,0,5,-132,2,4,6,4,0,1,0,1,1,-1,0,1
KR_6640308998,420,0,14,2,2,4,4,0,0,3,3,0,1,1,-2,2,4,0,0,0,0,-1,-4,-1,7,6,1,0,1,-1,1,1,1,5,1
KR_6727516937,420,5,52,0,12,5,5,0,3,5,2,0,1,1,5,6,1,-1,2,3,0,13,32,2,5,7,3,0,1,1,0,1,1,3,1
KR_6642676022,420,4,-25,17,8,0,0,0,4,4,0,4,4,0,1,3,2,-1,0,1,0,4,58,1,4,5,0,0,0,1,0,0,-1,6,1
KR_6764310342,420,5,68,5,10,2,2,0,-2,5,7,3,6,3,6,6,0,1,2,1,0,-1,-36,-2,7,5,27,0,3,1,-1,1,-1,4,1
KR_6595143037,420,2,30,11,5,4,5,1,2,7,5,-8,1,9,5,6,1,2,3,1,0,9,-3,2,2,4,4,0,0,0,1,1,1,0,1
KR_6680361558,420,-3,26,-13,-7,0,3,3,-1,1,2,-1,2,3,-5,0,5,0,1,1,0,-8,-11,-2,4,2,1,0,0,-1,-1,1,1,1,1
KR_6731888571,440,-2,-2,-14,-7,-5,0,5,0,1,1,-2,1,3,1,2,1,-1,0,1,0,0,1,1,2,3,4,0,-1,1,-1,-1,-1,1,1
KR_6699682640,420,2,4,41,-5,1,4,3,1,3,2,-5,1,6,2,4,2,-4,0,4,0,-8,-2,-6,8,2,-1,0,-1,1,0,-1,-1,6,1
KR_6758382731,420,1,43,-1,7,5,5,0,-4,3,7,6,8,2,1,3,2,-1,2,3,1,-3,-2,1,3,4,4,0,1,1,-1,1,1,3,1
KR_6746064175,420,3,33,-7,2,4,4,0,-1,1,2,-5,1,6,4,5,1,0,1,1,0,1,4,0,5,5,-4,0,2,-1,1,1,1,1,1
KR_6757763494,420,2,34,-8,5,1,2,1,0,3,3,1,1,0,3,3,0,0,1,1,1,5,-28,1,2,3,1,0,1,-1,-1,1,1,2,1
KR_6758980234,420,-2,-36,-27,-7,-3,0,3,1,6,5,-2,2,4,-4,1,5,1,3,2,-3,-6,186,0,7,7,-10,0,-1,-1,-1,-1,-1,5,1
KR_6734489601,420,3,31,32,9,0,1,1,2,5,3,-1,3,4,6,7,1,2,2,0,0,23,-5,1,3,4,1,0,1,-1,1,1,1,6,1
KR_6720157370,420,0,6,25,2,0,2,2,-1,3,4,-1,0,1,1,4,3,3,4,1,1,8,-22,1,5,6,6,0,-1,1,-1,1,1,5,1
KR_6748736851,440,2,21,0,4,3,3,0,1,1,0,1,5,4,-2,1,3,1,1,0,1,7,-45,0,5,5,27,0,1,-1,-1,1,1,4,1
KR_6765352181,420,2,7,-9,7,4,6,2,2,3,1,-3,1,4,3,5,2,1,1,0,1,16,-12,-3,6,3,2,0,0,1,-1,0,1,2,1
KR_6762312795,420,3,26,-4,10,3,5,2,-1,1,2,2,3,1,4,4,0,2,4,2,0,13,0,6,4,10,-4,0,1,1,-1,1,-1,3,1
KR_6749054345,420,1,21,-12,3,1,1,0,3,6,3,1,2,1,-2,1,3,0,0,0,0,2,1,4,2,6,-2,0,0,1,-1,0,-1,6,1
KR_6754024509,420,2,97,3,6,3,3,0,1,3,2,2,2,0,0,0,0,0,0,0,0,7,-12,2,4,6,-4,0,2,-1,-1,1,1,3,1
KR_6722214288,420,2,107,8,10,5,5,0,3,3,0,0,1,1,2,3,1,0,1,1,0,9,-118,-2,8,6,4,0,0,-1,-1,0,1,1,1
KR_6373675810,420,3,74,-2,7,2,3,1,5,7,2,0,3,3,0,3,3,0,0,0,1,9,0,0,0,0,-1,0,2,1,-1,1,1,3,1
KR_6764362505,420,0,-18,0,2,-1,1,2,-2,3,5,2,3,1,3,3,0,0,0,0,0,4,132,5,2,7,2,0,0,-1,1,0,-1,3,1
KR_6724749748,420,4,80,0,4,0,1,1,3,5,2,1,2,1,2,4,2,-2,0,2,0,6,-2,1,6,7,2,0,1,-1,0,1,-1,1,1
KR_6705925731,420,2,114,-12,7,5,7,2,1,3,2,2,3,1,-2,2,4,1,2,1,0,7,1,-2,5,3,-1,0,1,1,-1,1,1,4,1
KR_6744435892,420,4,77,16,10,-1,0,1,6,9,3,2,6,4,3,10,7,0,3,3,-1,6,11,6,4,10,1,0,1,1,-1,1,-1,5,1
KR_6714572085,420,1,-25,4,0,0,1,1,2,2,0,1,3,2,-3,3,6,0,0,0,0,-2,-8,0,7,7,3,0,-1,-1,-1,-1,-1,6,1
KR_6584387246,420,2,41,7,3,1,1,0,-5,1,6,8,9,1,0,4,4,-1,0,1,0,3,-3,5,6,11,3,0,2,1,1,1,1,4,1
KR_6760242676,420,3,31,18,7,4,6,2,2,3,1,8,14,6,-7,0,7,0,2,2,-1,5,3,2,7,9,1,0,3,1,-1,1,-1,1,1
KR_6720028333,420,8,113,18,13,4,5,1,0,4,4,4,6,2,2,5,3,3,3,0,0,4,-11,4,8,12,4,0,0,-1,-1,1,1,6,1
KR_6759687250,420,1,-41,12,2,-1,2,3,-1,1,2,-1,1,2,0,0,0,5,5,0,0,7,19,3,2,5,0,0,0,-1,1,0,-1,4,1
KR_6620931951,420,-1,-49,8,3,-2,1,3,0,2,2,-1,1,2,6,9,3,0,1,1,0,11,2,-1,5,4,-1,0,2,1,1,1,-1,6,1
KR_6765559927,420,0,19,16,3,1,3,2,-5,2,7,5,7,2,2,3,1,0,0,0,3,0,14,2,3,5,-5,0,1,-1,0,1,1,5,1
KR_6733589648,420,1,19,23,7,1,3,2,2,5,3,2,3,1,1,2,1,1,3,2,1,18,-2,2,4,6,-3,0,2,1,1,1,1,6,1
KR_6675208730,420,3,14,12,0,-4,1,5,2,11,9,2,3,1,1,4,3,-1,0,1,-1,-6,-1,-1,8,7,3,0,0,1,1,0,1,3,1
KR_6762479152,420,3,51,24,10,3,4,1,-1,2,3,2,4,2,5,6,1,1,2,1,0,14,4,6,0,6,-5,0,1,1,1,1,-1,2,1
KR_6620885909,420,2,37,1,3,-3,0,3,-3,3,6,1,2,1,8,8,0,0,1,1,0,14,12,0,5,5,1,0,-1,1,-1,-1,-1,1,1
KR_6761269863,440,2,4,8,5,1,1,0,2,2,0,2,7,5,0,1,1,0,1,1,0,15,-10,-1,6,5,4,0,0,1,-1,0,-1,4,1
KR_6752768834,440,3,25,3,10,4,6,2,3,4,1,1,2,1,0,6,6,2,2,0,1,6,1,4,5,9,1,0,-1,1,1,1,1,2,1
KR_6756885077,420,-2,-41,-40,-4,0,4,4,-2,1,3,-8,2,10,6,10,4,0,0,0,-1,-7,5,1,6,7,-2,0,0,0,-1,-1,1,0,1
KR_6672569968,420,-2,13,4,-4,2,2,0,-9,4,13,-3,0,3,1,4,3,5,5,0,-1,-12,-4,-6,9,3,9,0,-1,1,-1,-1,-1,6,1
KR_6764246095,420,2,31,-3,2,-2,0,2,-1,2,3,3,4,1,0,2,2,2,2,0,0,-3,-3,-3,8,5,2,0,0,0,-1,0,-1,0,1
KR_6760101794,420,0,-31,-27,3,-1,1,2,4,5,1,1,2,1,0,2,2,-1,2,3,0,7,14,1,4,5,-2,0,1,1,-1,1,-1,6,1
KR_6712476491,440,5,158,-8,5,5,6,1,-2,1,3,3,5,2,-3,1,4,2,3,1,0,-2,2,-1,5,4,2,0,0,1,-1,1,-1,5,1
KR_6760343901,420,-1,-12,-16,-3,-6,0,6,0,1,1,1,2,1,2,2,0,0,0,0,0,7,-16,2,7,9,7,0,-1,1,-1,-1,-1,6,1
KR_6747171347,420,1,-8,5,2,-7,0,7,6,6,0,3,4,1,1,3,2,-1,1,2,0,2,-2,-3,4,1,2,0,0,1,1,1,1,2,1
KR_6498290032,420,1,44,20,4,0,1,1,0,3,3,0,2,2,2,5,3,2,4,2,0,4,-144,3,5,8,-3,0,0,0,-1,0,1,0,1
KR_6602460840,420,0,-29,-12,5,1,3,2,1,2,1,-1,3,4,1,3,2,3,3,0,0,12,59,2,5,7,0,0,-1,1,-1,-1,-1,1,1
KR_6757238940,420,1,57,4,4,0,4,4,7,8,1,-1,1,2,0,2,2,-2,1,3,0,3,1,-1,4,3,0,0,0,1,0,0,1,3,1
KR_6761052807,420,-1,19,15,2,-1,2,3,5,5,0,1,2,1,-1,3,4,-2,3,5,2,0,-11,4,4,8,5,0,0,1,-1,1,1,6,1
KR_6729238656,420,0,-7,-4,3,-5,0,5,4,9,5,0,2,2,-1,2,3,5,6,1,0,9,43,-1,5,4,-11,0,-1,1,-1,-1,1,6,1
KR_6689546360,420,-3,-40,7,-5,-1,0,1,-4,2,6,-3,2,5,0,4,4,3,3,0,0,-16,0,1,3,4,-2,0,0,-1,1,0,-1,5,1
KR_6764829052,420,5,109,8,14,8,8,0,2,6,4,-1,0,1,4,5,1,1,1,0,0,7,10,-2,8,6,2,0,0,-1,-1,1,1,4,1
KR_6748696887,420,0,-25,5,1,0,1,1,-2,0,2,-3,0,3,5,5,0,1,1,0,0,2,-6,-1,4,3,-3,0,0,1,-1,0,-1,1,1
KR_6765644632,420,0,9,1,2,-1,1,2,0,1,1,3,3,0,-2,0,2,2,3,1,0,-2,-14,-4,7,3,9,0,-1,0,-1,-1,-1,0,1
KR_6747093372,420,2,-5,4,6,3,5,2,1,5,4,4,5,1,0,1,1,-2,2,4,1,-6,5,0,6,6,1,0,0,1,1,1,1,5,1
KR_6758395014,420,5,100,26,4,0,3,3,0,3,3,3,3,0,1,5,4,0,0,0,0,-6,0,0,5,5,4,0,2,1,1,1,1,2,1
KR_6739670726,420,-1,24,-16,-2,-2,2,4,-1,2,3,-1,1,2,2,5,3,0,2,2,0,-2,-10,-2,5,3,4,0,-1,-1,-1,-1,-1,4,1
KR_6703976993,420,0,15,4,8,4,5,1,2,4,2,1,3,2,2,2,0,-1,0,1,0,7,-5,1,4,5,5,0,2,-1,0,1,1,6,1
KR_6757239787,420,3,36,4,7,4,4,0,0,3,3,6,6,0,-3,1,4,0,0,0,0,-1,2,-1,7,6,-2,0,2,-1,0,1,1,2,1
KR_6752984341,420,-2,27,-41,-6,0,1,1,-2,1,3,0,2,2,-1,3,4,-3,1,4,0,-7,-9,0,7,7,5,0,-1,-1,-1,-1,1,2,1
KR_6755653456,420,-3,-50,4,-3,0,0,0,-3,2,5,2,3,1,-1,1,2,-1,0,1,0,-2,2,1,3,4,-4,0,-1,-1,1,-1,1,2,1
KR_6718933055,420,2,63,19,6,4,5,1,3,3,0,3,4,1,-4,2,6,0,1,1,0,11,-67,4,2,6,1,0,0,-1,1,1,-1,1,1
KR_6754187429,440,4,15,4,6,2,4,2,3,4,1,1,2,1,0,2,2,0,0,0,0,2,2,-3,6,3,-1,0,1,1,1,1,-1,2,1
KR_6718452060,420,2,26,23,4,-2,0,2,0,2,2,2,2,0,3,4,1,1,3,2,0,6,-144,7,5,12,23,0,1,-1,-1,1,1,3,1
KR_6704843850,420,-2,18,-37,-4,0,0,0,0,2,2,0,1,1,-5,2,7,1,1,0,0,-6,-13,0,2,2,1,0,0,-1,1,0,-1,4,1
KR_6692462756,420,2,1,-8,7,-1,0,1,9,12,3,1,3,2,-2,0,2,0,0,0,0,3,-41,3,2,5,3,0,1,1,1,1,1,3,1
KR_6727404551,420,0,20,-27,2,-2,1,3,0,4,4,-1,0,1,5,6,1,0,0,0,0,6,-5,1,6,7,2,0,0,1,-1,0,-1,4,1
KR_6744715977,420,3,5,6,12,0,3,3,4,5,1,6,6,0,-1,2,3,3,3,0,2,10,140,4,2,6,-1,0,1,1,-1,1,1,2,1
KR_6760860801,420,0,8,-6,0,-2,2,4,1,4,3,1,4,3,1,5,4,-1,1,2,-1,-3,-9,5,2,7,-2,0,0,1,-1,-1,-1,4,1
KR_6739266024,420,0,16,11,2,1,1,0,2,8,6,0,1,1,0,3,3,-1,2,3,-1,-7,4,3,1,4,-4,0,1,-1,1,1,-1,5,1
KR_6754106871,420,2,-34,32,8,1,4,3,0,3,3,1,5,4,5,7,2,1,1,0,-1,11,21,4,2,6,-3,0,1,1,1,1,-1,1,1
KR_6692008826,420,2,-4,15,-2,0,1,1,-1,2,3,0,0,0,-1,0,1,0,1,1,0,-4,5,3,6,9,-8,0,0,1,0,0,-1,1,1
KR_6755540948,420,0,-41,17,4,-1,0,1,0,1,1,6,9,3,2,5,3,-3,0,3,0,10,224,7,3,10,-5,0,1,-1,1,1,-1,3,1
KR_6743867480,420,0,24,-9,2,-2,0,2,2,5,3,1,2,1,1,5,4,0,0,0,0,6,-184,-2,10,8,3,0,-1,1,-1,-1,1,5,1
KR_6700685952,420,3,78,20,2,-1,1,2,2,4,2,1,1,0,-1,1,2,1,1,0,0,0,24,-2,6,4,2,0,0,1,-1,-1,1,1,1
KR_6757390384,420,2,7,-12,1,-5,2,7,3,4,1,1,2,1,2,5,3,0,2,2,1,0,0,4,3,7,-5,0,-2,1,-1,-1,1,2,1
KR_6764850978,420,2,-15,35,-4,-3,2,5,-1,1,2,-2,0,2,0,1,1,2,2,0,0,0,-5,-1,9,8,-1,0,-1,0,1,-1,-1,0,1
KR_6752880278,420,2,28,36,1,6,6,0,-3,2,5,1,1,0,0,8,8,-3,1,4,0,0,-44,-4,7,3,-4,0,1,-1,1,1,1,5,1
KR_6113556961,420,3,33,45,6,3,3,0,-5,2,7,6,7,1,0,2,2,2,4,2,0,1,-5,2,4,6,3,0,2,1,-1,1,1,2,1
KR_6736587400,420,-1,-40,-37,3,4,4,0,1,4,3,1,1,0,-1,2,3,-2,3,5,-1,3,-10,0,4,4,0,0,0,0,1,1,-1,0,1
KR_6762183330,420,0,-32,-3,-8,-2,0,2,-2,2,4,-2,3,5,-2,4,6,0,1,1,-1,-5,4,1,3,4,-1,0,0,1,1,-1,-1,5,1
KR_6763237808,440,-1,-55,-4,-4,-2,1,3,-2,1,3,4,7,3,-2,2,4,-2,1,3,-1,5,1,0,3,3,-2,0,-2,1,-1,-1,-1,6,1
KR_6753273512,440,6,62,-1,15,6,7,1,1,4,3,0,0,0,5,5,0,3,3,0,0,14,202,3,3,6,-1,0,2,1,1,1,1,1,1
KR_6746614294,420,-2,-29,5,-2,-2,1,3,0,3,3,-4,1,5,4,4,0,0,0,0,0,1,37,-1,7,6,-14,0,-1,1,-1,-1,1,4,1
KR_6611957620,420,-3,27,5,-4,-1,2,3,-3,3,6,0,2,2,-1,2,3,1,1,0,0,-7,119,5,3,8,-6,0,0,0,-1,0,1,0,1
KR_6671650202,420,7,122,-12,15,5,5,0,3,6,3,2,3,1,5,9,4,0,1,1,-1,6,0,-5,9,4,6,0,1,1,1,1,1,6,1
KR_6698946507,420,3,-21,-5,2,1,4,3,2,2,0,0,2,2,-1,0,1,0,0,0,0,4,-5,1,6,7,0,0,-1,-1,-1,-1,1,6,1
KR_6731182320,420,5,9,4,13,1,2,1,3,4,1,4,7,3,3,6,3,2,2,0,1,13,-16,1,1,2,4,0,0,1,-1,1,1,3,1
KR_6746572527,420,2,84,-19,8,2,3,1,4,6,2,0,1,1,3,6,3,-1,1,2,0,13,-92,1,6,7,5,0,4,-1,1,1,1,5,1
KR_6727085449,420,1,36,-24,3,4,5,1,-2,1,3,1,4,3,-1,3,4,1,3,2,0,10,-16,4,4,8,8,0,2,1,-1,1,1,3,1
KR_6759067914,420,1,11,13,3,1,1,0,1,4,3,-1,0,1,0,3,3,2,2,0,0,-2,-6,7,3,10,1,0,1,1,1,1,1,3,1
KR_6727393563,420,2,22,-5,1,2,3,1,1,4,3,-3,3,6,2,2,0,-1,0,1,-1,-4,-12,2,4,6,0,0,1,1,1,1,-1,3,1
KR_6752949032,420,7,57,33,11,0,3,3,2,4,2,3,3,0,5,6,1,1,3,2,2,6,49,-1,7,6,-15,0,1,1,1,1,1,1,1
KR_6750495132,420,0,-1,-3,-5,0,3,3,1,1,0,-1,3,4,-5,2,7,0,0,0,0,-9,-10,-5,8,3,2,0,-1,-1,-1,-1,-1,1,1
KR_6614539904,420,3,21,56,3,7,8,1,-4,0,4,0,0,0,0,2,2,0,1,1,-1,-8,-9,-1,6,5,9,0,2,1,1,1,-1,3,1
KR_6730380074,420,3,67,4,5,-2,1,3,0,2,2,4,4,0,2,4,2,1,1,0,0,7,-18,1,4,5,5,0,2,1,-1,1,-1,6,1
KR_6761778409,420,6,38,52,13,4,5,1,5,7,2,1,2,1,2,2,0,1,1,0,0,6,-11,0,5,5,7,0,0,1,-1,0,1,3,1
KR_6591781152,420,2,55,-23,8,3,6,3,0,3,3,3,3,0,0,1,1,2,4,2,0,1,-10,-3,6,3,3,0,0,1,-1,1,1,2,1
KR_6734235789,440,1,-6,-8,1,3,4,1,-3,0,3,-2,1,3,3,4,1,0,1,1,0,1,3,1,4,5,1,0,0,1,0,0,-1,1,1
KR_6762258411,420,5,28,12,13,6,6,0,3,4,1,1,3,2,3,3,0,0,0,0,0,10,-2,0,2,2,1,0,0,1,1,1,1,4,1
KR_6625278604,420,4,-6,47,7,-3,1,4,1,5,4,5,6,1,4,5,1,0,1,1,0,8,4,5,1,6,3,0,-1,1,1,-1,-1,4,1
KR_6743148619,440,4,34,-1,5,-2,1,3,2,2,0,2,4,2,3,3,0,0,1,1,1,8,-40,-1,4,3,22,0,1,1,1,1,1,4,1
KR_6765106560,420,4,53,-15,14,2,3,1,5,6,1,5,6,1,5,5,0,-3,0,3,1,12,20,0,4,4,-1,0,1,-1,-1,1,1,6,1
KR_6733126887,420,1,66,-30,6,1,3,2,2,7,5,0,1,1,5,5,0,-2,0,2,0,7,-8,1,3,4,1,0,1,-1,1,1,-1,6,1
KR_6763326647,420,1,49,-16,4,2,3,1,-1,2,3,1,3,2,1,2,1,1,2,1,2,3,10,0,4,4,-1,0,1,-1,1,1,1,6,1
KR_6762414997,440,1,36,-35,8,-2,2,4,0,0,0,5,6,1,4,4,0,1,1,0,0,7,-3,-5,8,3,2,0,1,1,-1,1,-1,6,1
KR_6736088493,420,3,84,23,6,-2,1,3,-2,0,2,1,2,1,6,7,1,3,4,1,0,9,63,3,3,6,-21,0,3,-1,1,1,-1,4,1
KR_6758593243,420,6,43,28,14,4,4,0,4,4,0,1,2,1,2,3,1,3,3,0,0,12,-34,-2,4,2,0,0,3,1,1,1,1,4,1
KR_6699868173,420,5,47,22,11,3,4,1,2,4,2,5,5,0,-1,1,2,2,3,1,-1,11,5,-3,7,4,0,0,3,1,1,1,-1,1,1
KR_6674951172,420,2,88,-22,5,2,3,1,1,4,3,1,3,2,-1,3,4,2,4,2,2,1,-20,4,4,8,3,0,2,-1,1,1,1,3,1
KR_6742035878,420,2,-4,8,10,5,6,1,0,0,0,2,2,0,3,3,0,0,0,0,0,16,-6,1,6,7,1,0,1,1,-1,-1,1,4,1
KR_6539697239,420,-1,26,2,-7,1,1,0,0,3,3,-2,0,2,1,1,0,-7,0,7,0,-7,34,0,8,8,-3,0,0,0,-1,0,-1,0,1
KR_6733181703,420,0,13,19,-1,1,5,4,-1,3,4,-3,0,3,0,2,2,2,4,2,-1,-5,-11,-2,7,5,4,0,0,-1,1,0,-1,1,1
KR_6739392739,420,3,50,8,7,-1,4,5,3,6,3,3,3,0,2,6,4,0,0,0,1,5,-23,1,7,8,-2,0,2,1,1,1,1,6,1
KR_6761266902,420,5,70,4,17,5,5,0,6,8,2,1,1,0,4,5,1,1,2,1,2,22,2,4,5,9,-3,0,1,1,1,1,1,4,1
KR_6742033185,420,3,58,21,8,1,3,2,-1,1,2,6,6,0,2,2,0,0,0,0,0,8,9,2,6,8,3,0,1,1,1,1,1,4,1
KR_6760943247,420,4,75,11,6,2,3,1,0,1,1,-2,3,5,5,7,2,1,1,0,0,0,5,0,2,2,-2,0,1,1,0,1,1,2,1
KR_6626509701,420,3,-22,4,10,1,2,1,3,4,1,2,2,0,3,6,3,1,2,1,0,14,118,0,7,7,3,0,1,1,1,1,1,4,1
KR_6648271889,420,0,43,-28,0,1,2,1,-3,1,4,3,3,0,-4,2,6,3,4,1,0,-3,-1,0,8,8,-5,0,0,-1,-1,0,1,3,1
KR_6631582858,420,0,35,10,0,-1,2,3,0,2,2,1,3,2,1,2,1,-1,0,1,0,0,-3,-6,11,5,3,0,0,-1,1,-1,1,4,1
KR_6738365998,420,-3,-1,-9,-7,-3,1,4,-1,4,5,2,3,1,-4,2,6,-1,0,1,0,-10,-18,-3,8,5,-1,0,-1,-1,-1,-1,-1,4,1
KR_6759007148,420,-1,-21,-4,-5,1,2,1,7,10,3,-7,0,7,-2,1,3,-4,0,4,0,-2,7,3,2,5,-1,0,0,-1,-1,0,-1,5,1
KR_6755059044,420,2,37,0,8,-1,1,2,4,6,2,5,6,1,-3,2,5,3,5,2,0,4,-235,0,5,5,3,0,0,1,-1,0,-1,1,1
KR_6739794264,440,-1,8,-7,6,2,5,3,-4,0,4,3,3,0,3,6,3,2,2,0,0,-2,-4,0,4,4,-1,0,1,1,1,1,1,3,1
KR_6680004316,420,0,-70,8,-1,2,2,0,-3,0,3,-3,0,3,2,3,1,1,1,0,0,2,89,-1,6,5,3,0,0,-1,1,0,-1,5,1
KR_6757166752,420,4,34,24,2,4,4,0,1,4,3,2,2,0,-3,1,4,-2,0,2,0,1,19,1,3,4,3,0,0,-1,-1,1,1,3,1
KR_6758005500,420,1,-19,-17,-1,0,0,0,-1,0,1,-1,1,2,2,5,3,-1,0,1,0,1,0,1,5,6,1,0,0,-1,1,1,-1,3,1
KR_6750337134,420,4,80,48,-1,5,6,1,-3,2,5,1,4,3,-4,3,7,0,1,1,0,-1,15,-1,6,5,-1,0,0,1,1,1,-1,1,1
KR_6763631787,420,2,-17,33,4,-2,0,2,2,3,1,-1,4,5,-2,0,2,7,7,0,0,3,14,-3,6,3,-2,0,0,1,1,1,-1,2,1
KR_6650018121,420,3,25,0,11,1,1,0,4,4,0,0,1,1,4,5,1,2,2,0,0,15,5,-3,8,5,-1,0,1,-1,1,1,1,5,1
KR_6761579520,420,1,-31,26,-2,-2,0,2,2,2,0,-2,1,3,0,1,1,0,0,0,0,0,0,-2,8,6,-5,0,-1,1,1,-1,-1,1,1
KR_6744363538,440,-1,38,-28,-7,1,4,3,-3,1,4,2,4,2,-7,3,10,0,1,1,0,-7,36,-4,7,3,-9,0,-2,-1,-1,-1,-1,1,1
KR_6753342861,420,-2,-44,5,-5,-1,2,3,-1,3,4,-1,1,2,-2,1,3,0,1,1,0,-2,4,-2,7,5,4,0,0,-1,1,0,-1,5,1
KR_6746220827,420,5,12,43,10,3,3,0,3,4,1,8,11,3,-5,1,6,1,2,1,1,3,15,0,2,2,0,0,2,1,1,1,1,5,1
KR_6765232651,420,3,53,24,4,2,4,2,1,3,2,-2,3,5,4,5,1,-1,2,3,0,5,7,2,2,4,-1,0,3,1,1,1,-1,1,1
KR_6707862842,420,0,21,-2,-5,1,3,2,-6,2,8,-2,1,3,0,5,5,2,2,0,-1,-4,2,2,3,5,-3,0,2,-1,-1,1,-1,5,1
KR_6753325901,420,4,73,-24,5,2,3,1,1,2,1,0,2,2,4,6,2,-2,1,3,0,-3,1,4,3,7,3,0,2,1,1,1,-1,6,1
KR_6757529361,420,7,98,16,16,2,3,1,5,5,0,5,5,0,1,1,0,3,3,0,0,19,11,3,4,7,-1,0,0,1,1,1,1,1,1
KR_6675056562,420,0,46,-20,-1,-3,0,3,-1,0,1,-4,0,4,9,10,1,-2,0,2,0,7,-3,-4,7,3,3,0,1,1,-1,1,-1,4,1
KR_6725514526,420,0,9,-22,2,-4,1,5,3,5,2,-1,0,1,4,7,3,0,0,0,-1,8,19,-3,7,4,-4,0,0,-1,1,1,-1,6,1
KR_6756981048,440,3,39,28,2,2,2,0,3,5,2,2,2,0,-4,1,5,-1,1,2,0,-3,-3,-8,8,0,0,0,2,-1,1,1,-1,4,1
KR_6765943577,420,6,67,28,10,-1,1,2,7,7,0,1,4,3,3,3,0,0,1,1,0,9,37,1,5,6,2,0,0,-1,1,1,1,1,1
KR_6749064219,420,1,-34,32,2,-2,1,3,0,4,4,3,4,1,0,0,0,1,1,0,0,1,-8,-2,5,3,0,0,0,0,1,-1,-1,0,1
KR_6743247169,420,0,14,-1,2,-2,2,4,0,4,4,4,4,0,1,2,1,-1,1,2,0,1,-1,4,5,9,-3,0,1,-1,-1,1,1,2,1
KR_6742109849,420,0,26,15,6,2,5,3,-1,1,2,1,3,2,1,2,1,3,4,1,0,5,-21,4,2,6,-3,0,0,1,1,1,1,2,1
KR_6657923910,420,2,49,12,5,5,6,1,0,3,3,-1,2,3,0,2,2,1,2,1,0,8,-2,0,6,6,1,0,1,-1,1,1,-1,4,1
KR_6737298295,440,5,45,20,9,4,5,1,2,3,1,0,4,4,1,1,0,2,3,1,0,7,0,-1,5,4,4,0,0,1,-1,1,1,1,1
KR_6758034895,420,-1,-77,-2,-4,-2,3,5,2,5,3,-4,0,4,0,2,2,0,2,2,1,-2,-1,-4,5,1,-1,0,-2,1,-1,-1,1,2,1
KR_6652490938,420,-1,2,-16,-6,-3,1,4,-2,3,5,0,1,1,-3,1,4,2,2,0,0,-9,33,2,5,7,2,0,0,-1,1,1,1,6,1
KR_6746183053,420,-1,-22,-15,4,-1,1,2,0,2,2,-4,2,6,10,12,2,-1,2,3,1,8,30,-3,8,5,-2,0,-1,-1,-1,-1,1,5,1
KR_6765421425,420,4,-3,8,10,3,4,1,0,0,0,16,16,0,-4,2,6,-5,0,5,-1,11,-10,-2,6,4,2,0,2,1,1,1,-1,4,1
KR_6631581660,420,-2,-54,-10,-4,2,4,2,-2,1,3,0,2,2,-5,0,5,1,1,0,0,-5,-30,-3,5,2,5,0,0,1,1,0,1,3,1
KR_6749681396,420,1,25,31,-3,-4,3,7,0,1,1,-1,2,3,1,3,2,1,1,0,0,0,2,-1,5,4,0,0,0,1,0,0,1,2,1
KR_6738048657,420,4,48,-12,12,2,5,3,3,8,5,3,5,2,5,7,2,-1,1,2,1,13,-4,2,2,4,7,0,1,1,1,1,1,6,1
KR_6728881835,420,4,77,21,5,2,2,0,1,4,3,0,2,2,2,3,1,0,1,1,0,1,4,-1,4,3,3,0,0,-1,-1,1,1,5,1
KR_6690455825,420,1,50,12,1,-1,2,3,0,1,1,-3,1,4,6,7,1,-1,1,2,0,3,19,-1,6,5,1,0,0,-1,0,0,-1,6,1
KR_6748802829,420,2,17,19,2,3,3,0,0,1,1,-1,1,2,0,1,1,0,1,1,0,-3,-8,-2,6,4,3,0,0,1,1,0,-1,4,1
KR_6763154142,420,-1,-45,-6,-4,0,1,1,2,6,4,-3,1,4,-2,1,3,-1,1,2,0,-7,7,3,2,5,-6,0,-1,0,-1,-1,-1,0,1
KR_6740387430,420,-1,6,-12,0,4,4,0,-1,2,3,3,4,1,-1,1,2,-5,0,5,0,-4,2,-4,8,4,4,0,0,0,1,-1,1,0,1
KR_6639093929,420,3,34,7,3,-1,1,2,0,4,4,2,3,1,0,0,0,2,2,0,0,8,146,0,7,7,-1,0,-1,1,-1,-1,1,6,1
KR_6743801559,420,5,49,46,9,0,2,2,4,4,0,-4,2,6,6,7,1,3,3,0,0,6,13,2,2,4,3,0,0,-1,1,0,-1,5,1
KR_6678827908,420,-1,40,-8,-6,2,3,1,-4,2,6,1,4,3,-4,1,5,-1,1,2,0,2,38,0,4,4,-23,0,0,0,0,1,-1,0,1
KR_6724870568,420,-1,30,-44,5,1,2,1,0,2,2,3,4,1,3,4,1,-2,1,3,0,11,2,4,2,6,-1,0,0,-1,1,1,1,3,1
KR_6741817979,420,-1,1,6,-8,-5,0,5,-4,0,4,-1,2,3,-1,2,3,3,3,0,0,-2,11,0,7,7,-4,0,-1,-1,-1,-1,-1,3,1
KR_6198879984,420,4,26,47,4,7,7,0,1,3,2,-3,0,3,-2,4,6,1,1,0,0,3,-16,2,6,8,-1,0,2,1,0,1,1,5,1
KR_6765645253,420,-1,-19,4,1,-4,1,5,2,4,2,1,2,1,0,1,1,2,2,0,0,3,-4,-2,5,3,1,0,0,-1,0,0,1,5,1
KR_6717366867,420,6,26,25,12,0,2,2,0,1,1,8,10,2,2,3,1,2,2,0,-1,12,16,2,5,7,-1,0,3,1,1,1,-1,4,1
KR_6729830367,420,2,64,30,-6,-2,1,3,1,5,4,-5,2,7,1,4,3,-1,1,2,0,-9,7,3,3,6,-2,0,0,1,1,0,-1,3,1
KR_6620282586,420,2,-58,24,8,-1,1,2,-1,3,4,6,7,1,3,7,4,1,1,0,0,13,-4,-3,6,3,4,0,1,-1,1,1,1,3,1
KR_6756473178,420,3,67,12,3,1,2,1,1,2,1,2,3,1,-2,3,5,1,2,1,0,-1,1,2,4,6,4,0,0,1,-1,0,1,2,1
KR_6734144231,420,1,1,-3,4,1,2,1,-3,1,4,-2,1,3,7,8,1,1,2,1,0,3,-1,1,4,5,4,0,0,1,-1,0,1,4,1
KR_6762785839,440,1,33,16,-2,-1,0,1,1,1,0,0,1,1,-3,0,3,1,2,1,0,-5,2,-5,8,3,1,0,0,1,-1,1,1,6,1
KR_6751707423,420,3,23,9,6,5,6,1,0,2,2,2,4,2,1,1,0,-2,0,2,0,3,-211,3,4,7,-4,0,1,1,1,1,-1,4,1
KR_6756385094,420,1,-18,-16,6,-4,1,5,-2,0,2,6,8,2,4,5,1,2,4,2,0,7,119,2,8,10,7,0,3,-1,1,1,1,3,1
KR_6730518019,420,2,30,25,3,2,3,1,1,1,0,-1,1,2,1,3,2,0,0,0,0,2,4,5,3,8,-1,0,0,1,1,0,-1,3,1
KR_6743576217,420,6,35,24,6,-3,0,3,4,8,4,2,2,0,3,4,1,0,1,1,0,-1,10,0,8,8,-1,0,2,1,1,1,1,4,1
KR_6734624568,420,-4,2,-24,-7,-1,2,3,-1,3,4,-1,0,1,-3,0,3,-1,1,2,0,-6,97,2,6,8,0,0,0,-1,-1,-1,-1,6,1
KR_6730452725,420,-1,32,0,-1,-1,1,2,0,2,2,-5,2,7,4,7,3,1,1,0,0,-5,0,-2,5,3,1,0,0,1,1,0,1,2,1
KR_6760716091,420,0,-27,-5,7,-2,0,2,5,7,2,4,7,3,-1,4,5,1,1,0,2,13,26,6,3,9,5,0,0,-1,1,0,1,5,1
KR_6735460511,440,2,40,-10,7,-6,0,6,1,4,3,3,5,2,2,6,4,7,7,0,0,4,-8,1,6,7,5,0,0,1,-1,0,1,5,1
KR_6734966513,420,2,15,6,4,4,4,0,-1,2,3,1,5,4,1,2,1,-1,0,1,0,2,3,-1,7,6,3,0,2,1,1,1,1,1,1
KR_6733712203,420,-1,-30,4,-3,-2,1,3,-2,4,6,0,2,2,1,3,2,0,1,1,0,-6,-2,1,2,3,0,0,-1,-1,1,-1,1,2,1
KR_6681950123,420,4,50,-2,10,6,7,1,1,2,1,1,2,1,1,1,0,1,1,0,1,4,-6,-1,2,1,3,0,2,1,0,1,1,3,1
KR_6763785350,420,5,110,20,5,3,4,1,5,6,1,-1,1,2,-2,1,3,0,0,0,0,-6,-1,3,2,5,3,0,3,-1,1,1,1,5,1
KR_6738840402,420,1,-58,5,11,-2,1,3,2,6,4,0,2,2,9,12,3,2,3,1,0,18,-1,-4,7,3,6,0,1,1,1,1,1,2,1
KR_6606289941,420,2,14,25,12,0,3,3,4,5,1,-1,3,4,7,9,2,2,4,2,0,15,-25,7,2,9,11,0,2,1,1,1,1,6,1
KR_6756579587,420,3,48,16,6,2,3,1,1,3,2,3,4,1,3,6,3,-3,1,4,0,3,-1,0,4,4,-2,0,2,-1,1,1,-1,1,1
KR_6764408717,420,1,-26,12,4,1,2,1,-1,1,2,1,1,0,3,5,2,0,0,0,0,3,-200,-2,5,3,7,0,1,-1,-1,1,-1,4,1
KR_6726940093,420,-1,91,-25,-7,-1,3,4,2,4,2,-4,0,4,-1,1,2,-3,0,3,-1,-8,255,1,6,7,-4,0,0,1,-1,0,-1,5,1
KR_6688648017,420,4,68,13,6,3,4,1,2,2,0,2,3,1,0,1,1,-1,0,1,0,4,75,3,2,5,-12,0,1,-1,1,1,1,2,1
KR_6764766128,420,1,32,-32,6,-2,2,4,3,6,3,5,5,0,2,6,4,-2,0,2,0,3,4,5,6,11,-1,0,1,-1,1,-1,1,5,1
KR_6758612276,440,-1,2,3,-8,2,3,1,-4,1,5,-1,4,5,-4,3,7,-1,1,2,0,-6,1,-2,6,4,0,0,1,0,1,1,-1,0,1
KR_6719232637,420,0,17,10,-1,-4,0,4,1,1,0,2,3,1,-2,1,3,2,2,0,0,-1,-7,-5,9,4,-2,0,-1,1,-1,-1,-1,3,1
KR_6765802940,420,3,23,22,9,-1,2,3,-2,1,3,6,8,2,4,6,2,2,2,0,1,8,2,4,3,7,0,0,1,-1,1,1,1,3,1
KR_6766246064,420,3,109,-14,5,1,4,3,-1,1,2,0,2,2,4,4,0,1,1,0,0,8,-14,2,3,5,5,0,2,-1,-1,1,1,4,1
KR_6750992316,420,5,36,20,5,4,4,0,3,4,1,-1,4,5,-1,1,2,0,1,1,0,3,-9,-3,6,3,5,0,1,1,-1,1,1,5,1
KR_6665373951,420,2,18,-8,7,1,1,0,2,3,1,-2,1,3,7,8,1,-1,0,1,0,10,-30,1,6,7,-2,0,0,1,-1,0,1,1,1
KR_6697641093,420,2,51,23,1,1,1,0,3,4,1,-2,4,6,-1,0,1,0,0,0,0,-2,-105,-1,5,4,1,0,0,1,-1,0,-1,2,1
KR_6661531531,420,-1,44,-2,1,-1,2,3,2,3,1,0,1,1,0,6,6,0,0,0,0,2,-2,-1,6,5,2,0,0,-1,1,1,-1,6,1
KR_6764043403,420,1,51,-12,-4,3,3,0,2,4,2,0,0,0,-5,3,8,-4,1,5,-1,-2,-18,0,4,4,-5,0,1,-1,1,1,-1,1,1
KR_6638890650,420,1,-43,-32,4,3,4,1,-1,2,3,1,2,1,0,2,2,1,1,0,0,4,-12,-7,11,4,2,0,-1,-1,1,-1,-1,5,1
KR_6413694946,420,0,39,6,-1,3,4,1,-2,2,4,1,6,5,-3,1,4,0,2,2,0,3,2,0,5,5,-2,0,0,-1,-1,-1,1,6,1
KR_6704678096,420,2,46,-8,4,2,3,1,0,2,2,-1,2,3,2,4,2,1,3,2,0,9,41,2,4,6,-1,0,1,-1,1,1,-1,1,1
KR_6688048742,420,-3,-16,-7,-6,-3,0,3,-3,4,7,-3,1,4,5,7,2,-2,1,3,0,-4,12,-4,9,5,0,0,1,-1,1,1,-1,6,1
KR_6761724224,420,-1,-47,-6,-7,-7,0,7,-2,1,3,2,5,3,0,4,4,0,1,1,-1,-4,164,-2,5,3,2,0,-2,-1,-1,-1,-1,2,1
KR_6704280582,420,-1,-27,-12,3,-1,0,1,-2,2,4,3,3,0,2,3,1,1,1,0,2,8,2,2,6,8,4,0,1,1,1,1,1,6,1
KR_6715665658,420,1,46,20,3,0,3,3,1,3,2,3,6,3,-1,2,3,0,1,1,1,10,20,1,4,5,3,0,1,-1,1,1,-1,1,1
KR_6748798674,420,2,-18,27,9,-3,1,4,7,8,1,6,8,2,-3,1,4,2,2,0,0,15,10,1,4,5,-1,0,0,-1,1,1,1,2,1
KR_6762137424,420,-1,7,-20,-3,-4,0,4,1,2,1,1,1,0,1,1,0,-2,0,2,0,4,40,5,4,9,-3,0,0,-1,1,0,-1,4,1
KR_6727001313,440,-4,-41,1,-4,-5,1,6,-2,1,3,1,3,2,0,4,4,2,2,0,-1,0,7,-1,5,4,1,0,-1,-1,1,1,-1,6,1
KR_6746432718,440,0,-27,36,-4,-5,1,6,6,6,0,1,4,3,-1,2,3,-5,1,6,1,2,-9,-6,9,3,9,0,-1,1,1,-1,1,4,1
KR_6731266287,420,2,71,-1,11,-2,2,4,8,9,1,0,3,3,4,4,0,1,2,1,2,10,-25,-3,8,5,3,0,1,1,0,1,1,1,1
KR_6761772956,420,1,16,-6,5,1,1,0,2,3,1,6,7,1,-3,5,8,-1,1,2,0,8,106,-1,5,4,-9,0,2,-1,1,1,-1,5,1
KR_6763504271,420,-2,-77,-21,4,-4,1,5,-1,0,1,5,6,1,1,1,0,3,3,0,1,8,-3,-1,4,3,-2,0,-2,1,-1,-1,1,5,1
KR_6730824100,420,3,67,8,8,1,2,1,6,10,4,-4,1,5,2,4,2,3,4,1,0,6,-237,-1,7,6,-2,0,-1,1,-1,1,1,6,1
KR_6731537941,420,1,56,-32,-4,0,2,2,-1,4,5,0,0,0,-2,1,3,-1,0,1,0,3,-2,-5,10,5,0,0,0,0,1,0,-1,0,1
KR_6692222678,420,1,-42,16,-4,3,5,2,-4,3,7,-5,0,5,0,1,1,2,3,1,0,-4,-116,-4,5,1,-3,0,0,-1,1,-1,-1,2,1
KR_6741812465,420,1,1,-20,6,0,2,2,-1,3,4,5,7,2,1,3,2,1,2,1,0,-1,-35,2,3,5,20,0,0,-1,1,0,1,6,1
KR_6636222121,420,1,-41,19,-2,-1,2,3,-3,1,4,1,1,0,0,2,2,1,1,0,0,-4,6,0,5,5,-5,0,1,1,-1,1,-1,6,1
KR_6759992689,420,1,-6,16,5,-1,3,4,0,2,2,5,6,1,1,3,2,0,3,3,0,4,4,-4,6,2,0,0,0,0,-1,1,1,0,1
KR_6750910029,420,1,40,4,0,1,5,4,2,5,3,0,1,1,-1,2,3,-2,2,4,0,-7,298,0,5,5,5,0,0,1,1,0,-1,3,1
KR_6738379276,440,0,33,-18,8,1,2,1,2,5,3,0,1,1,1,2,1,4,4,0,0,2,-3,3,2,5,-1,0,0,1,1,0,1,1,1
KR_6764343530,420,2,-22,-17,6,0,2,2,2,2,0,0,2,2,3,4,1,1,4,3,1,12,12,5,1,6,-4,0,1,1,-1,1,1,4,1
KR_6745300539,420,-1,-10,-4,1,2,2,0,2,4,2,-4,0,4,0,5,5,1,1,0,0,0,-4,1,2,3,-3,0,-1,1,1,-1,1,5,1
KR_6759837458,420,4,79,17,10,5,5,0,1,4,3,2,2,0,0,1,1,2,2,0,0,4,-1,2,3,5,-3,0,2,-1,1,1,-1,5,1
KR_6748064339,420,1,23,44,6,4,5,1,-2,3,5,1,3,2,-1,3,4,4,5,1,1,-3,-4,5,3,8,-4,0,0,0,-1,-1,1,0,1
KR_6745437328,420,2,1,4,2,0,3,3,2,7,5,-5,0,5,1,3,2,4,5,1,0,0,-6,-3,9,6,5,0,1,-1,-1,-1,-1,2,1
KR_6740436941,420,4,48,-6,6,2,2,0,-1,1,2,3,3,0,2,2,0,0,0,0,0,4,-6,0,4,4,1,0,1,1,-1,1,1,6,1
KR_6761510851,420,3,45,25,13,-1,2,3,11,13,2,0,2,2,5,8,3,-2,0,2,-1,17,29,3,3,6,4,0,0,1,-1,-1,-1,6,1
KR_6747788451,420,2,7,5,7,2,2,0,3,3,0,2,4,2,-2,2,4,2,3,1,0,2,-8,-1,5,4,0,0,1,-1,1,1,1,3,1
KR_6592475918,420,4,1,49,7,-2,1,3,7,7,0,2,3,1,1,4,3,-1,0,1,0,15,11,2,5,7,-1,0,1,1,0,1,1,2,1
KR_6753225778,420,-1,-58,16,0,-4,1,5,2,3,1,-2,1,3,4,4,0,0,0,0,0,7,13,-5,7,2,-2,0,-1,-1,-1,-1,-1,2,1
KR_6677864166,420,0,-6,-16,1,5,7,2,-4,0,4,-2,0,2,4,5,1,-2,0,2,0,-2,2,0,6,6,1,0,1,1,1,1,1,5,1
KR_6763943083,420,1,30,-4,5,0,0,0,-2,1,3,2,3,1,5,5,0,0,2,2,1,13,-6,-3,6,3,4,0,1,-1,-1,1,1,5,1
KR_6685084473,420,-1,26,8,2,1,3,2,0,2,2,2,4,2,-1,2,3,0,0,0,0,0,5,-2,7,5,5,0,1,-1,1,1,-1,6,1
KR_6671498739,420,1,55,26,8,0,1,1,-1,4,5,-1,1,2,9,11,2,1,1,0,1,11,-14,-2,8,6,2,0,1,1,-1,1,1,1,1
KR_6756132161,420,0,-12,8,4,-1,1,2,1,3,2,1,4,3,2,5,3,1,1,0,0,1,-2,1,3,4,3,0,0,1,-1,1,1,6,1
KR_6762058060,420,5,60,51,5,0,1,1,-1,2,3,0,4,4,3,9,6,3,3,0,0,-5,3,-1,9,8,3,0,1,1,1,1,1,3,1
KR_6721261860,420,2,18,9,-3,1,3,2,-4,1,5,0,2,2,-1,4,5,1,6,5,-1,-2,-9,-5,9,4,1,0,0,0,1,0,-1,0,1
KR_6747248623,420,5,31,4,19,3,5,2,8,9,1,2,3,1,5,7,2,1,3,2,0,19,342,0,4,4,1,0,1,1,1,1,-1,5,1
KR_6702816918,420,2,-31,13,13,2,2,0,9,10,1,1,5,4,5,6,1,-4,0,4,-1,16,24,2,6,8,1,0,1,-1,1,1,-1,5,1
KR_6747541798,420,3,107,-9,4,3,5,2,-3,2,5,-1,1,2,3,4,1,2,2,0,0,6,39,4,2,6,-36,0,2,-1,-1,1,1,6,1
KR_6760766764,420,1,-35,-17,0,-2,2,4,2,2,0,-3,2,5,3,3,0,0,1,1,0,2,-10,1,6,7,3,0,-1,1,1,-1,1,4,1
KR_6629555019,420,3,6,4,8,1,4,3,-1,1,2,6,6,0,2,6,4,0,1,1,0,7,-1,-2,7,5,2,0,1,-1,1,1,1,6,1
KR_6346081683,420,2,-31,-1,6,1,4,3,-1,2,3,6,6,0,-2,0,2,2,3,1,0,10,1,-2,9,7,-1,0,0,1,1,-1,-1,3,1
KR_6762594118,420,3,-12,26,4,2,4,2,4,5,1,-1,3,4,0,3,3,-1,1,2,0,5,11,2,5,7,-8,0,1,1,-1,1,-1,4,1
KR_6762217824,420,7,44,44,16,4,4,0,2,3,1,1,2,1,9,10,1,0,0,0,0,8,6,7,1,8,3,0,2,0,1,1,1,0,1
KR_6700333612,420,0,23,-17,-1,-4,0,4,3,4,1,-2,2,4,3,4,1,-1,0,1,-1,1,120,-1,7,6,0,0,1,1,-1,1,-1,5,1
KR_6721269325,440,7,10,32,14,2,4,2,5,5,0,0,2,2,2,3,1,5,5,0,0,9,-1,-2,4,2,3,0,1,1,1,1,1,4,1
KR_6753268810,420,5,22,-4,10,5,5,0,0,2,2,0,2,2,4,6,2,1,3,2,0,7,-12,0,5,5,-3,0,2,1,1,1,1,2,1
KR_6755621239,440,0,16,35,3,0,2,2,2,3,1,0,4,4,-1,2,3,2,2,0,0,-1,43,2,5,7,-28,0,1,1,0,1,1,6,1
KR_6751357322,440,1,-45,-9,2,1,4,3,0,3,3,2,5,3,-1,2,3,0,0,0,0,3,-14,2,4,6,-2,0,0,1,-1,0,-1,3,1
KR_6507860696,420,-3,-47,-16,-5,-5,0,5,2,5,3,0,3,3,-4,3,7,2,2,0,-1,-8,8,-3,6,3,0,0,0,1,-1,-1,-1,5,1
KR_6711665913,440,4,45,-7,17,5,5,0,4,5,1,3,4,1,2,6,4,3,3,0,0,12,4,3,4,7,0,0,1,-1,1,1,1,3,1
KR_6468129334,420,6,111,3,2,2,2,0,2,2,0,1,2,1,-5,0,5,2,2,0,0,5,-5,1,6,7,-2,0,1,1,1,1,-1,6,1
KR_6555827361,420,3,10,14,0,-1,1,2,0,4,4,-2,2,4,1,3,2,2,3,1,0,-8,-15,-1,6,5,4,0,1,-1,-1,1,-1,1,1
KR_6763392656,420,1,8,36,-3,-1,3,4,-4,1,5,2,4,2,-2,2,4,2,3,1,0,-14,-3,1,6,7,-5,0,-1,1,1,-1,1,2,1
KR_6742470881,420,-3,-1,-18,0,-2,2,4,0,4,4,-2,0,2,2,6,4,2,4,2,0,7,-2,-1,5,4,-2,0,0,0,-1,0,1,0,1
KR_6743668077,420,-2,-11,-6,-2,-1,3,4,0,2,2,1,3,2,1,2,1,-3,0,3,0,-2,-24,0,4,4,-1,0,-1,-1,-1,-1,1,3,1
KR_6755062700,420,-3,24,5,-10,-1,1,2,-2,2,4,-5,0,5,-3,1,4,1,2,1,0,-3,2,-5,11,6,-8,0,0,-1,1,0,1,2,1
KR_6746170569,420,5,49,19,13,1,2,1,0,4,4,4,4,0,6,7,1,2,4,2,0,13,33,2,7,9,0,0,2,0,1,1,1,0,1
KR_6614748326,420,-1,-26,-4,-5,-2,0,2,-3,1,4,0,0,0,0,0,0,0,1,1,0,1,-4,-4,6,2,2,0,-1,1,-1,-1,-1,4,1
KR_6757780432,440,-4,1,-24,-3,0,2,2,1,1,0,2,3,1,1,2,1,-7,1,8,0,-1,-3,-4,6,2,-2,0,-1,-1,-1,-1,1,2,1
KR_6758216704,420,0,-20,24,1,3,3,0,1,5,4,0,4,4,-5,2,7,2,2,0,-1,-8,2,-3,8,5,-2,0,0,1,-1,0,-1,4,1
KR_6754514720,420,7,11,36,19,0,3,3,1,5,4,3,4,1,4,6,2,11,12,1,0,17,-1,-3,5,2,3,0,4,1,-1,1,-1,4,1
KR_6764313780,420,1,62,12,1,-4,0,4,2,2,0,-1,1,2,2,2,0,2,2,0,0,3,-49,-7,10,3,25,0,0,1,-1,1,-1,6,1
KR_6610927966,420,-1,6,-12,-6,-3,1,4,-2,1,3,1,2,1,-2,0,2,0,0,0,0,-4,-5,-1,6,5,-2,0,0,-1,1,0,-1,4,1
KR_6617777533,420,4,-19,36,13,3,3,0,7,8,1,0,0,0,3,6,3,0,1,1,0,19,5,3,4,7,2,0,0,1,1,1,1,4,1
KR_6748798817,420,3,18,0,6,-4,1,5,6,7,1,0,2,2,2,4,2,2,3,1,0,10,4,0,4,4,3,0,0,1,-1,1,1,5,1
KR_6746242488,420,5,96,8,15,5,6,1,2,4,2,5,5,0,5,5,0,-2,0,2,1,13,10,2,3,5,0,0,1,1,1,1,1,1,1
KR_6762015896,420,2,0,-17,6,2,3,1,-3,1,4,2,4,2,3,3,0,2,4,2,-1,8,9,2,5,7,-2,0,0,-1,1,1,-1,3,1
KR_6764683040,420,3,26,-3,-2,-2,1,3,0,1,1,-1,2,3,2,3,1,-1,0,1,0,-7,4,-2,6,4,-1,0,0,1,-1,0,-1,5,1
KR_6759807232,440,1,7,31,6,-1,0,1,2,3,1,6,7,1,-4,0,4,3,3,0,0,10,3,-3,5,2,2,0,0,1,1,0,1,4,1
KR_6692941030,420,1,20,8,0,-1,3,4,2,4,2,-3,1,4,1,2,1,1,1,0,0,1,3,-1,4,3,-4,0,1,0,-1,-1,-1,0,1
KR_6738432399,420,0,23,-10,-2,-3,0,3,3,3,0,0,2,2,-2,0,2,0,1,1,0,-3,-1,-3,7,4,5,0,1,-1,1,1,1,2,1
KR_6564084935,420,2,32,-20,5,-6,0,6,-3,3,6,2,2,0,10,10,0,2,2,0,0,13,10,1,3,4,-3,0,-1,1,-1,-1,-1,6,1
KR_6757146978,420,1,51,1,-2,-1,2,3,-2,2,4,2,3,1,-1,2,3,0,1,1,0,-6,8,-3,8,5,1,0,1,0,1,1,-1,0,1
KR_6743302930,420,-2,-13,-7,-3,-3,0,3,2,2,0,2,3,1,-1,4,5,-3,2,5,0,3,-4,1,5,6,-1,0,-1,-1,1,-1,1,5,1
KR_6757182818,420,1,30,-17,9,0,2,2,5,6,1,2,3,1,2,3,1,0,1,1,0,8,-2,0,4,4,3,0,0,-1,-1,-1,1,3,1
KR_6731704731,440,-1,-80,4,-4,-3,1,4,0,6,6,-4,0,4,2,4,2,1,3,2,0,-4,1,0,4,4,-4,0,0,0,1,1,-1,0,1
KR_6736425850,440,-2,-68,-20,0,1,3,2,1,2,1,0,1,1,-4,2,6,2,2,0,0,4,-1,3,4,7,-2,0,-2,0,-1,-1,-1,0,1
KR_6751001578,420,0,24,-11,2,0,3,3,-2,3,5,5,5,0,-1,1,2,0,1,1,-1,8,12,8,4,12,0,0,-1,-1,1,-1,-1,5,1
KR_6737548117,420,1,-20,9,1,-3,1,4,3,3,0,5,7,2,-3,2,5,-1,0,1,0,0,-3,5,5,10,3,0,-2,1,-1,-1,-1,4,1
KR_6758331308,420,-1,39,2,-1,1,1,0,2,4,2,1,1,0,-5,1,6,0,0,0,0,-1,-2,-3,6,3,-1,0,-2,1,-1,-1,1,4,1
KR_6658415310,420,2,6,-2,3,0,0,0,0,5,5,6,6,0,-4,1,5,1,1,0,0,-6,3,0,7,7,1,0,-1,1,1,-1,-1,2,1
KR_6704061890,420,-1,7,0,-4,5,5,0,-6,0,6,1,4,3,-3,3,6,-1,1,2,0,-7,6,5,3,8,1,0,-1,1,1,-1,1,1,1
KR_6687868924,420,2,-15,-36,6,6,7,1,2,2,0,0,0,0,-2,1,3,0,0,0,-1,2,0,-2,7,5,3,0,0,0,-1,-1,-1,0,1
KR_6757657036,440,-1,15,-20,-3,-1,8,9,0,1,1,3,6,3,-1,3,4,-4,0,4,1,4,4,1,5,6,-4,0,0,1,-1,-1,1,2,1
KR_6759975124,420,1,12,0,0,0,2,2,0,3,3,-1,2,3,0,4,4,1,1,0,0,-3,-2,-1,5,4,0,0,-1,-1,1,-1,1,6,1
KR_6733607298,420,1,28,-5,3,0,2,2,0,2,2,-1,3,4,3,3,0,1,3,2,0,10,6,-1,7,6,-1,0,2,1,-1,1,1,4,1
KR_6749083403,420,-1,-1,16,-8,0,4,4,-1,2,3,-5,0,5,-1,3,4,-1,0,1,0,-19,167,1,9,10,2,0,-1,-1,1,-1,-1,6,1
KR_6686466374,420,0,-31,25,8,-1,1,2,2,4,2,2,6,4,6,6,0,-1,0,1,0,18,-41,2,4,6,1,0,1,1,1,1,1,3,1
KR_6763012566,420,1,42,-9,5,3,5,2,-5,1,6,4,6,2,3,5,2,0,2,2,1,-4,8,0,7,7,-2,0,0,-1,1,1,1,4,1
KR_6618152519,420,-2,-16,41,-14,-4,0,4,-5,3,8,0,2,2,-4,0,4,-1,0,1,0,-10,-8,-5,9,4,-3,0,-1,1,-1,-1,-1,5,1
KR_6756623243,420,2,-27,8,6,0,2,2,1,2,1,6,7,1,2,3,1,-3,0,3,0,5,-3,2,6,8,1,0,1,-1,1,1,1,3,1
KR_6744124939,420,0,22,7,1,-2,1,3,-3,0,3,0,2,2,5,5,0,1,1,0,0,3,5,0,6,6,5,0,1,1,1,1,1,4,1
KR_6625378335,420,3,-8,4,8,5,6,1,1,2,1,3,5,2,1,5,4,-2,0,2,0,2,212,2,5,7,5,0,2,1,1,1,1,2,1
KR_6681863835,420,0,37,-4,-6,3,4,1,-7,3,10,2,3,1,-4,1,5,0,2,2,-1,-20,4,-1,5,4,1,0,1,1,1,1,-1,6,1
KR_6759868226,420,1,-8,25,0,0,1,1,-3,1,4,0,3,3,2,2,0,1,2,1,0,0,0,3,1,4,0,0,0,1,-1,0,-1,3,1
KR_6758365192,420,9,118,92,12,0,3,3,3,3,0,5,5,0,1,1,0,3,3,0,0,14,10,0,1,1,1,1,3,0,1,1,1,0,1
KR_6714970874,420,3,-24,-2,11,2,2,0,3,4,1,4,6,2,-1,3,4,3,3,0,1,11,-153,8,1,9,-3,0,0,1,-1,0,1,2,1
KR_6742779032,420,5,26,36,7,2,2,0,3,6,3,1,3,2,1,2,1,0,2,2,0,-3,-4,-3,8,5,-4,0,3,1,-1,1,-1,4,1
KR_6762562687,420,4,56,9,0,0,2,2,0,2,2,3,8,5,-1,2,3,-2,1,3,-1,0,-6,-1,7,6,5,0,0,-1,0,0,-1,2,1
KR_6756449288,420,9,116,72,14,-2,2,4,2,3,1,11,11,0,0,3,3,3,3,0,0,15,10,5,1,6,1,0,2,1,1,1,1,2,1
KR_6697550311,420,0,-19,-1,7,0,1,1,2,3,1,5,5,0,1,4,3,-1,1,2,1,1,-30,1,3,4,19,0,-1,0,1,-1,1,0,1
KR_6693995125,420,3,33,20,5,-2,1,3,1,3,2,1,2,1,4,5,1,1,2,1,0,11,8,3,5,8,-2,0,0,1,-1,1,1,6,1
KR_6637331924,420,-3,-75,-1,-5,-2,0,2,-1,1,2,3,4,1,-5,0,5,0,0,0,0,-10,28,-1,4,3,-4,0,2,-1,1,1,-1,5,1
KR_6674587590,440,0,53,-4,2,-1,0,1,-1,1,2,1,2,1,3,5,2,0,0,0,0,2,192,6,3,9,-2,0,1,1,-1,1,1,6,1
KR_6737606058,420,-1,7,8,4,-3,1,4,0,1,1,4,5,1,3,5,2,0,0,0,0,4,25,0,7,7,-2,0,0,1,1,1,1,4,1
KR_6696288601,420,0,-17,6,3,3,3,0,-2,1,3,2,2,0,0,0,0,0,0,0,0,1,-19,-2,8,6,-2,0,0,-1,1,0,-1,2,1
KR_6758795693,420,0,-15,-8,-4,-1,2,3,2,2,0,2,3,1,-5,1,6,-2,1,3,0,-3,2,0,3,3,0,0,-2,-1,-1,-1,-1,5,1
KR_6710131181,420,-1,-97,28,-1,0,0,0,0,2,2,-1,2,3,1,6,5,-1,1,2,-1,-9,-17,1,5,6,4,0,-1,1,1,-1,-1,4,1
KR_6757478016,420,1,32,4,2,-4,0,4,-2,4,6,0,3,3,7,8,1,1,1,0,0,3,-1,-2,8,6,3,0,-1,1,-1,-1,1,3,1
KR_6720057864,420,5,104,12,18,10,10,0,4,6,2,1,5,4,-2,0,2,5,5,0,0,12,-4,-2,5,3,5,0,3,1,1,1,1,1,1
KR_6760192001,420,3,116,-20,10,5,5,0,4,6,2,1,1,0,0,1,1,0,2,2,0,8,-1,1,3,4,4,0,1,1,-1,1,1,6,1
KR_6743215944,420,3,29,17,10,1,1,0,6,7,1,5,6,1,-3,1,4,1,2,1,0,10,-42,-6,8,2,27,0,1,1,1,1,1,3,1
KR_6685773348,420,7,81,20,14,6,6,0,1,3,2,-2,1,3,10,10,0,-1,1,2,0,1,1,1,3,4,1,0,2,-1,1,1,1,6,1
KR_6761730171,440,4,22,19,7,5,9,4,2,2,0,-2,2,4,2,3,1,0,0,0,0,8,-1,0,4,4,2,0,0,0,1,1,-1,0,1
KR_6746720048,420,-1,-21,24,-2,-3,0,3,0,2,2,0,3,3,0,4,4,1,3,2,1,0,9,2,4,6,-4,0,0,1,0,0,1,3,1
KR_6751032548,440,4,80,25,6,1,1,0,0,0,0,3,4,1,1,2,1,1,2,1,1,4,7,3,2,5,0,0,0,1,1,0,1,6,1
KR_6701256459,420,5,30,21,4,2,3,1,0,4,4,1,4,3,-1,3,4,2,2,0,0,-1,1,0,4,4,3,0,0,-1,1,-1,1,4,1
KR_6680153515,420,1,-9,4,3,0,0,0,1,2,1,0,3,3,0,3,3,2,3,1,0,4,38,1,4,5,0,0,1,1,-1,1,-1,3,1
KR_6628606974,420,9,83,12,17,1,1,0,2,4,2,3,4,1,6,8,2,5,5,0,0,20,-4,-6,8,2,2,0,2,1,0,1,1,2,1
KR_6740365473,420,3,4,79,10,3,6,3,0,1,1,1,1,0,-2,3,5,8,8,0,1,-3,-7,0,4,4,-2,0,0,1,1,-1,1,4,1
KR_6764548155,420,-1,9,27,-5,4,4,0,0,1,1,-1,1,2,-9,5,14,1,1,0,-4,-20,-5,-1,8,7,-1,0,1,-1,1,1,-1,2,1
KR_6763912679,420,0,51,17,0,0,1,1,-2,3,5,2,3,1,5,8,3,-5,1,6,0,4,4,2,3,5,1,0,-1,1,-1,-1,-1,4,1
KR_6762105803,420,2,52,-16,7,1,2,1,-1,2,3,1,2,1,3,4,1,3,3,0,0,10,1,0,5,5,5,0,0,1,1,0,-1,5,1
KR_6652476932,420,0,-13,-16,0,-4,0,4,3,6,3,-1,1,2,2,5,3,0,1,1,0,3,-5,-7,10,3,-3,0,0,1,-1,-1,-1,5,1
KR_6686695570,420,3,72,-8,2,0,1,1,-2,1,3,0,1,1,4,5,1,0,1,1,-2,-1,4,5,3,8,-4,0,1,1,-1,-1,-1,2,1
KR_6765732859,420,0,-13,4,-3,-1,1,2,0,1,1,0,0,0,-3,4,7,1,1,0,0,-1,20,0,5,5,-6,0,0,1,-1,0,1,1,1
KR_6645648274,420,-4,-10,0,-9,-8,0,8,-2,1,3,-1,3,4,2,5,3,0,1,1,0,-7,1,-5,6,1,-2,0,0,1,1,1,-1,2,1
KR_6715148498,440,1,-5,-24,-1,-5,2,7,7,9,2,1,3,2,-3,2,5,-1,0,1,0,0,1,2,3,5,-10,0,0,1,0,0,1,6,1
KR_6650545415,420,1,38,8,8,-2,0,2,2,3,1,6,6,0,2,2,0,0,0,0,0,12,-4,0,3,3,-1,0,0,1,1,0,1,4,1
KR_6677687154,420,-1,-17,10,0,-4,0,4,5,5,0,-1,1,2,-3,2,5,3,3,0,0,7,-5,-4,8,4,4,0,0,1,0,0,1,1,1
KR_6735989379,420,6,100,12,8,1,3,2,2,4,2,2,4,2,1,1,0,2,2,0,0,12,7,8,0,8,-2,0,2,1,1,1,-1,5,1
KR_6720032820,420,1,-35,-13,2,1,4,3,3,5,2,-2,0,2,-1,1,2,1,2,1,1,5,2,-2,5,3,0,0,2,-1,1,1,1,3,1
KR_6694304396,420,4,1,37,2,1,2,1,6,7,1,-1,2,3,-3,2,5,-1,0,1,0,-2,-5,-10,11,1,1,0,0,1,1,0,1,5,1
KR_6345891385,420,-1,-5,5,-3,0,2,2,-3,1,4,-4,2,6,3,3,0,1,1,0,1,-1,24,0,4,4,-1,0,-2,1,-1,-1,1,4,1
KR_6765202917,420,0,38,-4,1,-3,0,3,-3,1,4,0,3,3,4,6,2,3,4,1,0,8,0,-3,9,6,4,0,1,1,-1,1,1,5,1
KR_6699521608,420,-4,-38,-28,-7,1,1,0,-3,3,6,-3,3,6,-3,0,3,1,3,2,1,-6,-1,-1,5,4,2,0,-1,1,1,-1,1,6,1
KR_6747688020,420,2,108,-4,8,2,3,1,0,1,1,4,4,0,2,3,1,0,1,1,0,10,20,1,6,7,6,0,1,1,-1,1,1,4,1
KR_6762387325,420,2,-20,0,6,-2,2,4,3,5,2,4,4,0,-4,1,5,5,7,2,0,16,8,-4,7,3,0,0,1,-1,-1,1,1,6,1
KR_6507618628,420,3,28,-16,3,3,3,0,0,2,2,-2,1,3,0,1,1,2,2,0,0,2,-5,-3,6,3,2,0,0,1,-1,0,-1,4,1
KR_6752915103,440,6,66,8,13,1,3,2,5,6,1,1,3,2,3,3,0,3,6,3,0,8,-25,-1,7,6,-5,0,2,-1,1,1,1,5,1
KR_6601522809,420,0,37,30,-1,4,6,2,-6,4,10,-1,3,4,0,3,3,2,4,2,0,-17,-19,2,5,7,-7,0,1,1,-1,1,-1,5,1
KR_6677848861,420,-1,6,13,3,-1,2,3,1,3,2,3,5,2,-1,1,2,1,1,0,0,1,-3,3,4,7,-1,0,1,1,1,1,1,6,1
KR_6732114005,420,-5,-1,16,-7,-6,0,6,-5,4,9,1,1,0,2,4,2,1,2,1,0,-13,4,-5,8,3,1,0,0,1,1,1,-1,3,1
KR_6705237823,440,-1,-19,-20,-4,-5,0,5,0,3,3,2,4,2,-2,2,4,1,4,3,1,0,4,1,2,3,0,0,0,-1,-1,-1,1,6,1
KR_6762557719,420,0,-21,33,-6,1,3,2,-1,1,2,-1,3,4,-4,1,5,-1,0,1,0,-8,-2,-4,7,3,-1,0,-3,-1,1,-1,1,3,1
KR_6647776010,440,1,32,13,8,1,2,1,2,3,1,2,2,0,1,2,1,2,3,1,0,10,8,1,4,5,3,0,1,1,1,1,1,2,1
KR_6764112489,420,3,96,-5,13,0,3,3,3,6,3,4,5,1,4,6,2,2,3,1,0,12,49,2,4,6,-22,0,3,1,1,1,-1,4,1
KR_6731785436,440,4,18,43,9,0,0,0,5,6,1,0,1,1,2,3,1,2,3,1,0,6,2,1,2,3,2,0,0,-1,0,1,-1,4,1
KR_6761778103,420,3,35,0,2,-2,0,2,0,4,4,2,2,0,2,3,1,0,2,2,0,5,10,2,5,7,6,0,0,1,-1,0,-1,4,1
KR_6748501406,420,1,7,12,10,-5,0,5,0,1,1,4,4,0,3,5,2,8,8,0,0,10,11,3,5,8,-3,0,2,1,1,1,1,6,1
KR_6684820761,420,6,36,12,14,3,3,0,3,5,2,5,9,4,1,3,2,2,2,0,0,17,-1,4,4,8,1,0,2,1,1,1,1,4,1
KR_6725250616,420,4,15,20,14,0,4,4,3,4,1,6,9,3,4,5,1,1,4,3,1,22,-4,2,5,7,-1,0,0,1,1,1,1,5,1
KR_6750795674,420,0,28,27,-4,1,2,1,-1,1,2,-4,1,5,4,4,0,-4,0,4,0,-8,132,0,4,4,2,0,1,-1,1,1,1,6,1
KR_6751841187,420,6,44,28,8,5,6,1,-3,1,4,-1,3,4,3,3,0,4,5,1,0,4,9,-2,7,5,2,0,2,-1,1,1,1,3,1
KR_6694785743,420,4,30,-28,11,-1,2,3,3,4,1,-2,1,3,8,8,0,3,3,0,0,20,1,6,4,10,2,0,1,-1,-1,1,1,6,1
KR_6719700770,420,1,29,-4,3,-5,1,6,2,5,3,2,4,2,0,2,2,4,5,1,0,11,12,0,7,7,-5,0,-1,1,-1,1,1,3,1
KR_6752089502,420,1,36,8,4,2,4,2,-1,1,2,1,3,2,-1,2,3,3,4,1,1,-6,-4,-4,7,3,2,0,0,1,1,1,1,1,1
KR_6744983141,420,7,96,36,13,1,1,0,3,5,2,4,4,0,3,5,2,2,2,0,0,16,7,2,4,6,6,0,2,1,1,1,-1,2,1
KR_6766041525,440,-2,-38,12,-8,1,2,1,0,0,0,-6,0,6,-4,4,8,1,2,1,0,-5,-3,-4,4,0,5,0,-1,1,0,-1,-1,1,1
KR_6694661868,420,1,43,17,6,-1,2,3,4,4,0,0,2,2,3,5,2,0,2,2,3,6,-3,0,7,7,-3,0,1,1,1,1,1,4,1
KR_6741841365,420,6,110,63,13,5,5,0,6,6,0,-1,3,4,2,3,1,1,2,1,0,11,33,2,3,5,5,0,1,1,1,1,-1,5,1
KR_6760131271,420,1,64,49,7,1,4,3,0,2,2,7,7,0,1,3,2,-2,0,2,0,1,-13,2,4,6,4,0,1,1,1,1,-1,1,1
KR_6758716351,440,3,-9,-17,13,3,5,2,3,3,0,1,1,0,0,1,1,6,7,1,0,12,-5,0,2,2,2,0,0,-1,1,1,-1,4,1
KR_6759803008,440,2,58,-12,3,1,3,2,3,5,2,-3,0,3,0,0,0,2,6,4,0,1,-39,-3,6,3,0,0,2,1,1,1,-1,4,1
KR_6758905581,420,1,-6,49,-6,-1,1,2,-2,0,2,5,6,1,-8,0,8,0,2,2,0,-9,-39,-9,11,2,2,0,-1,-1,-1,-1,-1,5,1
KR_6677374966,420,1,44,5,3,0,3,3,-3,2,5,-3,2,5,6,7,1,3,3,0,0,4,11,1,9,10,-6,0,2,-1,1,1,1,6,1
KR_6708847983,420,1,-3,2,-2,3,6,3,-4,0,4,-3,0,3,0,2,2,2,3,1,0,-3,9,2,3,5,-4,0,1,1,1,1,-1,1,1
KR_6754598879,420,0,6,8,8,5,6,1,1,2,1,-2,0,2,2,5,3,2,2,0,1,10,-1,-2,7,5,-3,0,0,1,1,1,1,2,1
KR_6641914609,420,2,31,38,-1,-1,0,1,2,4,2,-1,3,4,-1,3,4,0,2,2,-2,-6,2,0,6,6,3,0,1,1,1,1,-1,5,1
KR_6621059792,420,3,-15,-17,6,-4,2,6,2,3,1,4,5,1,5,6,1,-1,0,1,0,10,-8,-1,5,4,4,0,-1,1,1,-1,-1,1,1
KR_6757969262,440,-2,-49,-24,-5,2,3,1,-5,1,6,0,2,2,0,3,3,-2,0,2,0,-4,-2,0,7,7,-1,0,0,-1,1,0,-1,6,1
KR_6757376825,440,2,41,46,9,9,9,0,1,4,3,-6,0,6,-1,2,3,6,8,2,0,1,-8,-1,2,1,-3,0,1,1,1,1,1,3,1
KR_6634702613,420,0,34,-5,4,0,2,2,-1,3,4,3,5,2,1,2,1,1,2,1,0,-2,6,0,3,3,2,0,-1,1,1,-1,-1,2,1
KR_6758889457,420,2,95,10,6,0,0,0,-3,3,6,2,5,3,0,3,3,7,7,0,0,-7,0,-2,5,3,3,0,1,-1,1,1,1,1,1
KR_6766108977,420,2,-44,-3,2,0,1,1,1,2,1,0,3,3,1,7,6,0,0,0,0,-3,-1,-3,7,4,4,0,0,-1,-1,0,1,2,1
KR_6765555064,420,1,-15,24,12,9,9,0,1,2,1,1,1,0,2,3,1,-1,0,1,1,12,115,5,3,8,2,0,1,1,-1,1,1,5,1
KR_6762269778,420,-2,41,-12,3,3,4,1,0,1,1,2,2,0,2,2,0,-4,0,4,0,-1,-7,1,3,4,6,0,1,0,1,1,1,0,1
KR_6721416322,420,6,28,28,11,2,3,1,0,4,4,4,4,0,2,2,0,3,3,0,0,13,-165,0,6,6,5,0,1,-1,-1,1,-1,1,1
KR_6612241809,420,4,75,28,2,0,1,1,-1,2,3,0,1,1,4,5,1,-1,0,1,0,1,-3,1,4,5,3,0,2,1,1,1,1,3,1
KR_6761121751,420,-2,26,16,-7,-4,0,4,2,5,3,-2,2,4,-4,1,5,1,1,0,0,-14,8,2,4,6,-1,0,1,1,-1,1,-1,6,1
KR_6734120288,420,0,9,36,-7,-3,0,3,-2,4,6,-3,2,5,1,5,4,0,0,0,1,-14,5,-1,6,5,-2,0,0,-1,1,1,1,3,1
KR_6684979302,440,3,75,16,11,2,3,1,2,6,4,7,11,4,1,4,3,-1,3,4,0,7,-4,-1,6,5,-1,0,0,1,0,0,1,6,1
KR_6690739110,420,-2,31,1,0,0,1,1,4,6,2,2,4,2,-5,1,6,-1,0,1,-1,0,13,-3,7,4,1,0,1,-1,-1,-1,-1,2,1
KR_6741816896,440,-1,35,12,1,2,4,2,-1,0,1,-3,0,3,2,2,0,1,1,0,0,-1,-4,1,6,7,3,0,1,1,1,1,-1,5,1
KR_6726739294,420,6,121,23,17,2,4,2,3,5,2,1,2,1,12,12,0,-1,0,1,2,16,1,1,3,4,3,0,0,1,1,1,1,6,1
KR_6750060227,440,0,-1,-13,1,4,6,2,4,6,2,1,6,5,-3,1,4,-5,1,6,0,2,28,5,2,7,-3,0,1,-1,1,1,1,3,1
KR_6742288824,420,2,88,47,4,2,3,1,-1,2,3,-3,0,3,4,5,1,2,2,0,1,-1,-156,2,5,7,-13,0,3,1,-1,1,1,5,1
KR_6727082885,420,6,75,23,10,3,4,1,2,5,3,3,3,0,2,8,6,0,0,0,-1,9,17,7,3,10,-1,0,3,1,1,1,-1,1,1
KR_6764097858,420,-2,-51,53,-5,-2,0,2,1,3,2,-3,0,3,-1,2,3,0,0,0,0,-3,12,3,4,7,-7,0,-1,0,1,-1,-1,0,1
KR_6764708282,420,0,-12,-7,0,2,2,0,3,3,0,-5,1,6,-1,4,5,1,2,1,1,-1,-27,-5,8,3,4,0,0,-1,-1,0,1,6,1
KR_6754816290,420,4,33,12,10,3,5,2,3,3,0,-4,1,5,4,4,0,4,6,2,0,9,7,4,8,12,1,0,1,-1,1,1,1,6,1
KR_6735633991,420,1,-5,28,2,0,1,1,1,4,3,3,4,1,-2,1,3,0,2,2,-1,-2,7,3,4,7,1,0,0,-1,1,0,-1,2,1
KR_6705972202,420,5,14,8,8,1,3,2,-1,3,4,2,6,4,1,2,1,5,5,0,-1,10,-2,-6,8,2,5,0,1,1,-1,1,-1,4,1
KR_6677784603,420,2,-27,-15,1,3,3,0,3,3,0,0,2,2,-5,0,5,0,0,0,-1,-2,2,2,6,8,0,0,0,1,1,-1,-1,4,1
KR_6703526560,420,4,48,34,4,-2,1,3,3,3,0,0,3,3,4,5,1,-1,0,1,0,4,428,0,7,7,-4,0,1,1,1,1,1,1,1
KR_6758034106,420,4,94,-14,11,6,8,2,-2,2,4,6,8,2,-1,1,2,2,3,1,0,5,-5,0,3,3,1,0,2,1,1,1,-1,6,1
KR_6694721681,420,-1,-16,-8,4,-1,1,2,-4,3,7,5,6,1,6,6,0,-2,2,4,0,4,0,-1,6,5,-5,0,-1,0,1,-1,-1,0,1
KR_6720066320,420,7,50,12,10,-1,1,2,8,10,2,2,5,3,1,3,2,0,1,1,-1,6,15,0,5,5,1,0,1,-1,1,1,-1,3,1
KR_6528868007,420,1,14,46,-2,0,2,2,-3,1,4,4,6,2,-2,1,3,-1,2,3,1,-10,4,3,5,8,-6,0,1,-1,1,1,1,6,1
KR_6765790365,420,-2,-14,-20,-5,1,1,0,-4,0,4,-1,0,1,-1,1,2,0,1,1,0,-5,35,-3,4,1,1,0,0,0,-1,0,-1,0,1
KR_6743502755,420,-2,-29,-20,-7,-3,1,4,-2,0,2,1,2,1,-3,1,4,0,2,2,0,-3,-3,3,1,4,0,0,0,-1,1,0,1,6,1
KR_6693242172,420,1,60,8,1,1,3,2,-3,0,3,-3,3,6,6,7,1,0,0,0,0,-2,6,-1,8,7,0,0,1,1,1,1,-1,3,1
KR_6756189210,440,2,-5,-26,7,1,2,1,4,4,0,-2,0,2,3,5,2,1,1,0,0,10,11,4,1,5,0,0,0,1,1,1,1,4,1
KR_6739572409,420,0,-33,32,3,1,3,2,-9,1,10,4,7,3,7,9,2,0,0,0,0,-4,-36,2,6,8,2,0,0,1,1,-1,-1,3,1
KR_6746115452,420,0,33,-17,2,4,5,1,0,4,4,-3,1,4,2,2,0,-1,1,2,0,-4,-28,1,6,7,4,0,2,1,1,1,1,5,1
KR_6733685460,420,2,54,23,5,-2,1,3,3,4,1,1,2,1,3,4,1,0,1,1,0,7,13,3,4,7,-3,0,0,1,-1,1,-1,4,1
KR_6763833710,420,0,10,-11,-2,2,2,0,2,3,1,-5,2,7,-1,2,3,0,0,0,-1,-3,23,4,2,6,3,0,2,1,0,1,-1,1,1
KR_6752852206,420,-1,-43,-12,-1,2,2,0,0,6,6,-3,0,3,-1,2,3,1,1,0,0,-2,5,1,6,7,-4,0,0,-1,1,-1,-1,2,1
KR_6735740853,420,1,-43,-16,8,2,2,0,4,4,0,2,2,0,0,2,2,0,1,1,0,10,2,-2,7,5,5,0,0,1,-1,0,-1,5,1
KR_6722228781,420,2,17,17,3,0,0,0,1,2,1,0,2,2,2,3,1,0,2,2,1,-1,-4,-4,7,3,4,0,1,1,-1,1,1,5,1
KR_6705092361,420,4,64,-4,0,1,2,1,-1,2,3,-1,1,2,1,3,2,0,0,0,0,-2,-22,4,2,6,-1,0,1,-1,1,1,-1,3,1
KR_6729416162,420,0,-62,14,3,6,6,0,-3,0,3,0,2,2,0,4,4,0,1,1,0,-1,-37,-5,9,4,2,0,1,-1,1,1,-1,4,1
KR_6735135350,420,0,-19,4,5,-1,0,1,3,3,0,2,3,1,0,0,0,1,1,0,0,11,-6,0,6,6,-1,0,0,1,-1,0,-1,4,1
KR_6361075208,420,1,40,7,4,5,7,2,-5,2,7,4,4,0,-1,2,3,1,1,0,-1,10,0,0,0,0,0,0,1,-1,1,1,-1,2,1
KR_6726125998,420,6,1,44,10,0,2,2,2,3,1,5,6,1,3,5,2,0,1,1,0,5,8,4,1,5,-2,0,0,1,-1,1,1,6,1
KR_6746480525,440,-2,-20,47,-1,7,8,1,0,2,2,0,1,1,-3,0,3,-5,2,7,0,2,3,5,2,7,-1,0,0,-1,1,0,1,1,1
KR_6746045464,420,2,12,-20,8,3,4,1,1,2,1,5,6,1,0,0,0,-1,0,1,0,4,114,3,3,6,5,0,1,0,0,1,1,0,1
KR_6617382016,420,-2,-52,5,2,-1,2,3,1,3,2,-2,2,4,1,4,3,3,3,0,0,4,-8,-2,5,3,2,0,0,1,-1,-1,1,5,1
KR_6744097640,420,0,79,-24,-1,2,3,1,-7,0,7,0,2,2,3,6,3,1,2,1,0,7,47,1,5,6,-31,0,1,-1,1,1,-1,1,1
KR_6691702880,420,0,21,-12,6,-3,1,4,1,6,5,0,2,2,3,5,2,5,6,1,2,14,5,2,4,6,-1,0,-1,1,-1,1,1,5,1
KR_6763570189,420,0,52,9,2,0,4,4,-1,0,1,2,3,1,3,3,0,-2,0,2,1,1,5,0,4,4,3,0,0,1,-1,0,1,3,1
KR_6765180526,420,2,98,-10,11,1,3,2,7,8,1,2,3,1,-1,1,2,2,2,0,1,18,2,1,5,6,0,0,0,1,1,-1,1,6,1
KR_6727133146,420,3,90,-3,4,-1,1,2,2,3,1,2,7,5,1,2,1,0,1,1,0,0,6,0,4,4,1,0,0,1,-1,0,1,4,1
KR_6728874530,420,-2,5,-16,2,0,0,0,0,1,1,2,3,1,4,5,1,-4,0,4,0,1,4,6,2,8,-5,0,1,1,1,1,1,6,1
KR_6742893817,420,3,23,26,9,1,2,1,10,11,1,2,2,0,-5,2,7,1,1,0,1,17,32,6,7,13,1,0,0,1,-1,-1,-1,6,1
KR_6724853402,420,8,75,27,22,9,9,0,3,4,1,2,3,1,7,7,0,1,1,0,0,14,7,3,1,4,3,0,5,1,1,1,1,4,1
KR_6751415773,440,0,-17,-12,3,1,1,0,1,5,4,0,1,1,1,3,2,0,2,2,0,0,208,-3,6,3,5,0,1,0,1,1,1,0,1
KR_6746173480,420,-1,51,1,10,2,4,2,0,3,3,2,3,1,5,5,0,1,2,1,0,12,-44,-4,8,4,19,0,1,-1,1,1,1,5,1
KR_6750967170,420,-1,8,-17,0,2,2,0,-1,2,3,2,3,1,-3,2,5,0,0,0,0,-5,9,1,2,3,1,0,1,-1,1,1,1,2,1
KR_6697859654,420,3,40,39,2,0,1,1,0,3,3,0,3,3,1,5,4,1,3,2,-1,2,-4,-1,7,6,-4,0,0,1,1,0,-1,2,1
KR_6744665908,420,2,38,8,2,4,4,0,-7,0,7,1,4,3,3,5,2,1,2,1,1,4,-5,0,5,5,-1,0,0,1,-1,1,1,3,1
KR_6760351532,420,-1,-13,0,-3,-1,2,3,1,5,4,2,2,0,-3,1,4,-2,0,2,0,-1,4,2,4,6,1,0,0,1,-1,0,1,6,1
KR_6716585009,420,3,96,-19,11,0,1,1,-1,4,5,5,5,0,7,8,1,0,0,0,0,9,-37,6,2,8,-1,0,1,0,-1,1,-1,0,1
KR_6639634934,420,-1,-32,4,1,1,2,1,-2,2,4,-2,2,4,2,4,2,2,2,0,0,-6,0,0,7,7,1,0,2,1,1,1,-1,5,1
KR_6682969889,420,-2,29,-5,2,1,1,0,0,3,3,5,6,1,-1,5,6,-3,0,3,0,0,3,1,6,7,-3,0,0,1,0,0,1,1,1
KR_6752024772,420,3,47,12,8,4,4,0,1,4,3,0,2,2,3,3,0,0,1,1,0,6,0,3,1,4,0,0,1,-1,1,1,1,6,1
KR_6763304533,420,1,30,32,-3,2,4,2,-1,0,1,5,7,2,-10,2,12,1,1,0,-1,-18,0,-2,7,5,1,0,2,1,1,1,1,1,1
KR_6766220194,440,3,2,15,6,4,4,0,0,1,1,-2,2,4,4,9,5,0,1,1,0,3,2,-6,6,0,2,0,0,-1,1,0,1,1,1
KR_6728103323,420,4,52,4,8,0,2,2,2,3,1,0,4,4,3,3,0,3,3,0,0,20,-9,-2,6,4,8,0,1,1,-1,1,1,6,1
KR_6692153641,420,4,10,4,9,2,2,0,2,4,2,4,5,1,1,2,1,0,0,0,0,15,28,-7,11,4,8,0,0,-1,-1,0,1,3,1
KR_6720753459,420,6,77,-5,9,4,4,0,-1,1,2,6,6,0,2,3,1,-2,0,2,0,5,8,5,2,7,3,0,2,-1,1,1,1,3,1
KR_6639466123,420,3,53,24,12,2,5,3,3,3,0,8,8,0,1,5,4,-2,0,2,0,2,6,0,8,8,3,0,2,-1,-1,1,1,5,1
KR_6649628241,420,3,-4,13,6,1,3,2,2,5,3,2,2,0,0,1,1,1,1,0,0,10,2,1,5,6,4,0,0,-1,-1,1,1,4,1
KR_6724952512,420,2,-1,-32,11,0,2,2,2,4,2,0,2,2,8,10,2,1,2,1,0,19,-6,-8,12,4,5,0,0,1,-1,1,1,2,1
KR_6553680837,420,5,35,11,12,2,2,0,1,2,1,4,4,0,5,5,0,0,0,0,0,14,-159,1,5,6,5,0,1,1,1,1,1,3,1
KR_6738764138,420,3,-10,20,4,-2,1,3,1,1,0,5,5,0,1,4,3,-1,1,2,1,7,11,1,5,6,-1,0,0,1,1,0,1,3,1
KR_6738638495,420,-3,-28,32,-12,-1,2,3,0,1,1,-4,1,5,-4,1,5,-3,0,3,0,-16,-11,2,5,7,-4,0,1,-1,1,1,1,3,1
KR_6757133753,420,5,39,43,5,3,5,2,0,4,4,1,2,1,1,4,3,0,1,1,0,3,36,6,2,8,-6,0,2,1,1,1,-1,4,1
KR_6749496881,440,0,33,11,9,0,2,2,-1,2,3,5,9,4,5,6,1,0,2,2,0,11,8,6,1,7,-5,0,2,1,-1,1,-1,6,1
KR_6751185774,420,2,27,-3,2,3,4,1,-5,2,7,5,6,1,-1,0,1,0,0,0,0,-7,1,-1,6,5,5,0,1,1,1,1,-1,6,1
KR_6731640916,420,-2,-37,-5,-3,-3,2,5,0,0,0,2,3,1,-1,5,6,-1,0,1,1,8,-6,0,6,6,1,0,0,-1,-1,-1,1,2,1
KR_6750928793,440,2,5,15,3,-1,2,3,3,4,1,-3,2,5,4,5,1,0,1,1,0,6,9,5,2,7,-1,0,0,1,1,0,1,1,1
KR_6607131571,420,1,-44,14,8,2,3,1,5,5,0,0,2,2,1,2,1,0,2,2,0,4,4,3,6,9,0,0,1,1,1,1,1,5,1
KR_6737798579,440,1,85,3,2,0,1,1,-1,4,5,-4,0,4,8,9,1,-1,1,2,-1,-1,2,2,3,5,-1,0,3,-1,1,1,-1,2,1
KR_6720332219,420,1,18,25,2,-1,1,2,2,3,1,2,2,0,0,4,4,-1,1,2,1,1,-5,0,5,5,5,0,1,1,-1,1,1,6,1
KR_6695845938,420,5,15,0,13,-3,1,4,4,6,2,4,5,1,7,9,2,1,1,0,0,11,2,1,4,5,-1,0,1,1,-1,1,1,5,1
KR_6428797416,440,1,-44,3,2,2,2,0,2,3,1,4,5,1,-3,1,4,-3,0,3,0,-2,50,-1,6,5,0,0,0,-1,1,0,-1,6,1
KR_6198938945,420,0,13,-9,1,1,1,0,1,2,1,-1,2,3,0,1,1,0,1,1,0,3,12,3,6,9,0,0,1,-1,1,1,-1,2,1
KR_6746541210,420,-1,53,24,-7,2,2,0,-8,1,9,-1,3,4,0,2,2,0,1,1,0,-2,-1,-5,5,0,-1,0,0,-1,-1,0,-1,6,1
KR_6748130046,420,1,-15,-12,-3,2,2,0,-4,2,6,-3,3,6,2,5,3,0,0,0,-2,6,-13,-3,8,5,4,0,0,-1,1,0,-1,3,1
KR_6756539030,420,1,36,-3,11,1,2,1,2,2,0,3,4,1,4,5,1,1,3,2,4,25,-1,-1,7,6,0,0,1,1,1,1,1,6,1
KR_6635260006,420,-3,37,0,0,-3,0,3,3,4,1,-1,0,1,0,0,0,1,1,0,0,3,-191,-3,6,3,1,0,0,1,1,0,1,2,1
KR_6758796491,420,2,60,-29,-3,-1,2,3,-2,2,4,-1,1,2,1,2,1,0,1,1,0,-5,565,0,5,5,0,0,1,1,1,1,-1,3,1
KR_6753374736,420,-2,-75,3,-6,1,2,1,2,4,2,-3,2,5,-4,2,6,-2,1,3,0,-8,-12,-2,4,2,0,0,-1,-1,0,-1,-1,4,1
KR_6703668853,420,4,2,12,8,1,1,0,3,4,1,-4,1,5,5,6,1,3,3,0,0,4,3,2,3,5,1,0,0,-1,1,1,1,5,1
KR_6733555244,420,6,134,37,15,3,4,1,1,4,3,3,3,0,6,6,0,2,3,1,1,17,4,-1,8,7,5,0,4,1,1,1,1,3,1
KR_6730530146,420,2,-26,4,4,-2,0,2,2,4,2,-1,1,2,5,6,1,0,0,0,2,10,-42,0,4,4,31,0,0,1,1,1,1,6,1
KR_6759183248,420,3,-31,-2,10,7,9,2,5,5,0,0,3,3,-4,1,5,2,4,2,0,13,-37,-5,8,3,5,0,0,-1,1,-1,1,5,1
KR_6717465702,420,7,124,40,16,12,13,1,-2,2,4,6,8,2,-1,2,3,1,2,1,0,5,0,1,3,4,3,0,4,1,1,1,1,1,1
KR_6727471955,420,1,85,33,9,-1,1,2,2,2,0,-2,1,3,8,8,0,2,3,1,2,7,-12,-1,6,5,0,0,2,1,1,1,1,6,1
KR_6728116646,420,5,46,20,16,1,1,0,6,6,0,3,3,0,4,5,1,2,2,0,0,17,218,0,4,4,-3,0,1,1,1,1,1,2,1
KR_6720735836,420,5,27,37,10,-1,3,4,4,5,1,-2,3,5,6,8,2,3,3,0,1,4,3,3,2,5,3,0,-1,0,0,-1,1,0,1
KR_6728171116,420,-2,13,-28,-4,0,3,3,-6,0,6,2,3,1,1,3,2,-1,1,2,1,0,-3,-3,6,3,5,0,1,1,-1,1,1,1,1
KR_6761557594,420,4,78,18,5,2,2,0,-2,2,4,1,3,2,3,6,3,1,1,0,-1,2,1,1,5,6,3,0,1,1,-1,1,-1,6,1
KR_6701385059,420,1,15,-17,-1,-1,3,4,4,7,3,-1,3,4,-1,1,2,-2,0,2,0,-2,-186,0,3,3,0,0,0,1,1,1,1,4,1
KR_6741531870,420,4,87,-13,3,2,2,0,1,3,2,3,5,2,-3,2,5,0,0,0,0,1,168,0,3,3,0,0,1,1,-1,1,1,6,1
KR_6754030970,440,-1,5,-4,0,1,4,3,1,2,1,-1,0,1,-2,0,2,1,2,1,0,2,25,-4,8,4,-5,0,1,1,-1,1,-1,4,1
KR_6667145212,420,0,-10,-8,-5,-3,2,5,1,4,3,-2,1,3,-4,1,5,3,3,0,0,0,2,-1,7,6,1,0,0,1,-1,0,-1,1,1
KR_6670085253,420,3,40,-10,-3,-1,1,2,3,4,1,-6,1,7,3,5,2,-2,0,2,-3,-20,-56,-1,6,5,-3,0,3,-1,-1,1,-1,4,1
KR_6753621267,440,-2,6,-23,3,-4,0,4,0,1,1,3,8,5,3,5,2,1,2,1,0,1,9,1,0,1,-2,0,1,1,1,1,1,2,1
KR_6758686855,440,3,15,-8,2,2,2,0,1,3,2,1,2,1,0,1,1,-2,0,2,0,0,1,2,3,5,4,0,0,1,0,0,-1,1,1
KR_6681638736,420,1,57,-24,-3,4,5,1,-5,2,7,0,4,4,-1,0,1,-1,5,6,-1,-13,-106,-4,9,5,1,0,1,-1,1,1,-1,1,1
KR_6757679095,420,0,12,32,3,0,2,2,-2,2,4,2,4,2,0,2,2,3,3,0,0,9,47,-4,7,3,2,0,0,0,-1,0,1,0,1
KR_6765963728,420,0,56,-4,-3,-2,2,4,-2,1,3,2,3,1,0,1,1,-1,0,1,0,1,-2,0,4,4,0,0,0,1,-1,-1,-1,5,1
KR_6733753205,420,0,-4,6,-5,-1,0,1,-2,1,3,1,3,2,-1,2,3,-2,1,3,0,-9,-8,-6,9,3,1,0,-1,1,-1,-1,-1,1,1
KR_6758211136,420,-2,-59,-16,-4,0,2,2,-5,1,6,0,1,1,-3,3,6,4,6,2,0,-2,-15,-5,8,3,0,0,1,-1,1,1,-1,1,1
KR_6730744118,420,1,-11,-7,6,2,2,0,3,5,2,1,1,0,1,3,2,-1,0,1,0,8,14,0,7,7,0,0,0,1,1,0,1,5,1
KR_6738617961,420,3,57,26,4,1,2,1,4,5,1,-1,4,5,-1,1,2,1,3,2,0,5,20,-3,11,8,2,0,1,1,1,1,-1,6,1
KR_6702878899,420,-1,74,0,1,10,11,1,2,6,4,-4,1,5,-3,3,6,-4,0,4,2,10,-1,9,2,11,2,0,2,1,1,1,1,6,1
KR_6750115227,420,-1,-15,-14,-11,-3,0,3,2,3,1,-7,3,10,-4,4,8,1,1,0,1,-18,14,3,5,8,-3,0,0,-1,1,0,1,2,1
KR_6593119461,420,4,35,28,12,0,2,2,2,5,3,0,3,3,8,8,0,2,2,0,0,19,7,3,4,7,-2,0,2,1,-1,1,1,5,1
KR_6728205069,420,5,76,28,2,0,1,1,-3,0,3,2,2,0,1,2,1,2,2,0,0,2,7,9,3,12,3,0,2,-1,1,1,1,1,1
KR_6668853182,440,-2,-45,-10,-2,0,5,5,3,4,1,0,2,2,-5,2,7,0,1,1,0,3,11,6,3,9,-2,0,0,-1,-1,0,1,1,1
KR_6752661839,420,2,69,0,9,-1,2,3,2,2,0,5,6,1,6,6,0,-3,0,3,0,12,9,-1,5,4,4,0,0,-1,1,0,1,5,1
KR_6682599093,420,4,44,28,12,6,6,0,-1,2,3,6,6,0,2,2,0,-1,0,1,0,12,0,-1,5,4,2,0,2,1,1,1,1,2,1
KR_6748531214,420,2,-30,16,15,-1,2,3,4,4,0,8,8,0,4,4,0,0,0,0,0,20,27,2,3,5,0,0,1,1,-1,1,1,4,1
KR_6750300583,420,3,62,28,10,3,3,0,1,3,2,5,7,2,1,3,2,0,0,0,2,5,-22,6,2,8,9,0,3,1,1,1,1,3,1
KR_6360926505,420,4,-26,-6,10,1,1,0,-1,2,3,1,5,4,7,7,0,2,2,0,0,10,0,0,0,0,1,0,0,1,0,-1,-1,1,1
KR_6762233572,420,0,39,-28,6,3,4,1,5,6,1,-1,1,2,0,1,1,-1,1,2,0,6,89,0,2,2,-1,0,1,1,-1,1,1,5,1
KR_6721489514,420,4,79,0,8,5,6,1,-1,2,3,0,2,2,4,5,1,0,0,0,0,1,9,1,5,6,3,0,2,0,1,1,1,0,1
KR_6750622712,420,2,10,20,-4,-2,2,4,0,1,1,-3,1,4,0,1,1,1,1,0,-1,-1,12,-1,8,7,-3,0,-1,1,1,-1,-1,3,1
KR_6700284407,420,3,-4,-6,6,2,2,0,-2,1,3,7,9,2,-2,3,5,1,3,2,0,3,-1,1,4,5,9,0,1,1,1,1,1,6,1
KR_6749940947,420,1,46,24,2,3,4,1,-4,4,8,1,1,0,-1,3,4,3,3,0,0,-5,6,2,3,5,1,0,1,-1,1,1,-1,3,1
KR_6739807440,420,2,35,-4,3,4,4,0,1,1,0,-1,2,3,-2,1,3,1,1,0,0,-2,-2,2,3,5,2,0,0,1,1,0,1,5,1
KR_6730530889,420,0,6,0,-5,4,5,1,-6,0,6,0,4,4,0,3,3,-3,1,4,-1,-7,10,5,1,6,-3,0,0,1,-1,0,-1,2,1
KR_6722760642,440,1,28,31,-1,-3,1,4,6,8,2,-1,1,2,1,1,0,-4,1,5,0,3,-4,-2,6,4,-1,0,0,1,-1,-1,1,5,1
KR_6704238121,420,8,133,21,13,10,10,0,-2,1,3,2,6,4,1,2,1,2,2,0,0,-1,-7,1,3,4,3,0,5,1,1,1,-1,1,1
KR_6759091420,420,1,29,28,8,3,4,1,-1,1,2,2,2,0,3,4,1,1,1,0,0,6,19,0,5,5,-3,0,1,1,1,1,1,1,1
KR_6764030060,420,-2,15,-29,-4,1,2,1,-6,4,10,2,4,2,-1,2,3,0,1,1,0,-6,1,3,4,7,3,0,-1,-1,1,1,1,3,1
KR_6742244604,440,1,51,-15,0,1,2,1,1,3,2,-2,0,2,1,3,2,-1,1,2,-1,-3,-1,3,5,8,0,0,0,-1,1,0,-1,6,1
KR_6762589730,440,5,24,19,11,4,5,1,3,7,4,3,3,0,0,5,5,1,1,0,0,3,2,1,4,5,1,0,1,1,1,1,1,2,1
KR_6739340464,420,4,54,0,12,3,4,1,1,5,4,3,3,0,4,5,1,1,1,0,0,12,6,4,4,8,3,0,1,-1,1,1,-1,6,1
KR_6657864151,420,2,18,-22,6,0,2,2,1,5,4,4,5,1,2,3,1,-1,0,1,0,7,12,1,3,4,-1,0,2,-1,1,1,1,4,1
KR_6684875693,420,7,92,24,14,6,6,0,-1,3,4,4,6,2,3,4,1,2,2,0,1,6,45,1,4,5,-16,0,2,1,1,1,1,4,1
KR_6617323913,420,4,71,-16,1,1,1,0,1,2,1,-4,0,4,3,3,0,0,0,0,0,9,5,4,2,6,-2,0,3,1,1,1,-1,4,1
KR_6754347848,420,1,69,-24,10,1,3,2,6,6,0,0,3,3,1,3,2,2,4,2,1,11,-82,3,1,4,-1,0,0,1,-1,-1,1,2,1
KR_6763336038,420,0,33,-4,2,-1,4,5,2,3,1,-1,3,4,3,3,0,-1,0,1,1,7,36,-3,5,2,-3,0,0,-1,-1,0,1,5,1
KR_6762648061,420,2,-22,60,6,0,3,3,3,3,0,1,3,2,-3,2,5,5,9,4,1,2,-101,1,4,5,3,0,-1,1,1,1,1,6,1
KR_6736686037,420,2,54,-8,6,0,2,2,1,3,2,1,4,3,5,8,3,-1,2,3,-1,8,0,3,2,5,1,1,2,1,1,1,-1,5,1
KR_6766018092,420,0,-16,8,2,0,1,1,-1,1,2,-1,0,1,1,4,3,3,3,0,1,7,8,1,5,6,-2,0,1,1,1,1,1,4,1
KR_6720779735,420,0,1,24,7,1,1,0,2,3,1,3,3,0,0,1,1,1,2,1,0,5,-1,6,1,7,2,0,0,-1,1,0,1,1,1
KR_6757358260,420,1,-65,4,-4,1,1,0,0,1,1,0,2,2,-1,0,1,-4,2,6,0,-4,-12,2,7,9,3,0,-1,-1,1,-1,-1,4,1
KR_6757218205,420,2,24,0,5,-2,1,3,4,4,0,1,2,1,2,3,1,0,1,1,0,6,0,-2,5,3,-3,0,0,-1,-1,0,-1,5,1
KR_6616338157,420,4,4,-16,11,0,3,3,4,6,2,3,4,1,5,8,3,-1,0,1,1,21,54,6,2,8,23,0,1,1,-1,-1,1,2,1
KR_6729699005,420,2,32,5,0,0,1,1,-3,5,8,2,3,1,-2,1,3,3,3,0,0,-2,-32,1,5,6,1,0,1,1,1,1,-1,4,1
KR_6737560068,420,2,71,-6,4,1,2,1,-3,4,7,6,7,1,-3,0,3,3,4,1,0,0,7,4,6,10,0,0,1,1,1,1,1,4,1
KR_6692943673,420,1,15,0,0,2,3,1,2,4,2,-5,0,5,1,7,6,0,1,1,0,-1,-3,-1,4,3,10,0,0,0,1,0,-1,0,1
KR_6754063694,420,2,70,5,7,0,4,4,3,7,4,-1,0,1,0,2,2,5,8,3,0,7,-7,3,4,7,1,0,1,0,0,1,-1,0,1
KR_6757677504,420,-2,-51,30,-5,-2,1,3,-1,5,6,-2,1,3,-3,2,5,3,4,1,0,0,-8,1,4,5,9,0,-1,1,-1,-1,-1,3,1
KR_6763211637,420,2,22,15,2,-1,1,2,2,4,2,3,3,0,-1,2,3,-1,0,1,0,-1,113,0,3,3,3,0,1,-1,1,1,1,4,1
KR_6764057252,420,1,14,6,4,1,1,0,0,3,3,-1,0,1,3,5,2,1,3,2,0,0,0,-3,7,4,3,0,1,0,1,1,1,0,1
KR_6743652239,420,1,14,-4,6,-3,0,3,2,3,1,7,9,2,0,1,1,0,1,1,0,4,13,3,2,5,0,0,2,1,-1,1,-1,2,1
KR_6765750507,440,3,-18,13,7,-1,1,2,2,4,2,6,6,0,2,3,1,-2,0,2,0,1,-1,0,4,4,-3,0,1,1,1,1,1,5,1
KR_6702400055,420,2,-1,23,1,-1,1,2,-1,3,4,3,5,2,0,3,3,0,1,1,0,-2,3,3,4,7,-1,0,0,1,0,0,-1,6,1
KR_6693987664,420,3,28,11,9,6,6,0,4,4,0,3,3,0,-7,3,10,3,4,1,-1,10,3,-2,5,3,3,0,2,-1,-1,1,-1,2,1
KR_6740687427,420,1,-15,1,5,-2,0,2,4,5,1,1,2,1,1,2,1,1,1,0,0,4,-110,2,2,4,2,0,0,-1,1,1,1,2,1
KR_6765986033,420,4,27,0,8,2,3,1,0,2,2,3,4,1,2,2,0,1,1,0,0,11,-9,-1,6,5,4,0,2,1,-1,1,1,1,1
KR_6758334676,420,6,80,16,11,2,4,2,0,2,2,2,3,1,7,8,1,0,1,1,-1,6,1,5,1,6,4,0,1,-1,1,1,-1,4,1
KR_6750399798,420,4,63,28,10,4,4,0,3,3,0,1,2,1,2,4,2,0,0,0,0,9,-22,1,4,5,5,0,1,1,1,1,-1,4,1
KR_6748050967,420,3,58,9,0,1,2,1,-1,5,6,-5,1,6,5,7,2,0,0,0,0,-1,0,0,4,4,-5,0,1,0,-1,1,-1,0,1
KR_6654134224,420,-1,-1,36,-3,0,1,1,-1,3,4,0,2,2,-1,1,2,-1,0,1,0,-3,-156,-7,12,5,-6,0,-1,1,-1,-1,-1,2,1
KR_6734351092,420,2,60,16,2,4,4,0,4,5,1,-3,1,4,-5,0,5,2,2,0,0,-5,8,1,4,5,-3,0,1,1,-1,1,1,1,1
KR_6764835660,420,3,38,32,5,3,3,0,4,9,5,1,4,3,-2,2,4,-1,1,2,-2,-9,10,1,4,5,1,0,-1,1,0,-1,-1,5,1
KR_6753848654,420,0,11,-40,-3,-1,1,2,1,1,0,-1,1,2,-2,0,2,0,1,1,0,-6,11,1,5,6,-2,0,1,1,1,1,-1,2,1
KR_6738095264,420,1,17,-3,5,4,5,1,3,6,3,-2,1,3,-1,2,3,1,1,0,0,7,4,2,5,7,-1,0,0,1,1,1,-1,2,1
KR_6761903769,420,-2,0,8,-7,0,1,1,-1,1,2,-1,4,5,-1,2,3,-4,0,4,0,-11,-3,-1,6,5,-1,0,0,1,1,0,-1,5,1
KR_6761511809,440,-2,-46,-45,5,2,2,0,-2,1,3,-2,0,2,6,6,0,1,4,3,-1,3,-2,-1,7,6,-7,0,-1,-1,-1,-1,-1,2,1
KR_6675100855,420,0,26,4,0,0,4,4,2,5,3,-1,1,2,1,2,1,-2,0,2,0,0,-5,-8,9,1,5,0,0,-1,1,0,-1,3,1
KR_6714638815,420,-1,18,23,1,-1,1,2,-1,4,5,-1,2,3,4,5,1,0,0,0,0,2,9,3,7,10,5,0,0,0,1,1,-1,0,1
KR_6762382361,420,6,60,35,6,1,2,1,1,1,0,0,1,1,3,4,1,1,1,0,0,5,7,3,4,7,0,0,2,1,1,1,1,6,1
KR_6680859722,420,1,-27,43,6,-3,1,4,2,2,0,4,4,0,0,1,1,3,3,0,0,4,39,1,2,3,-2,0,0,1,1,1,1,3,1
KR_6741138695,420,-2,-70,8,-6,-2,0,2,3,9,6,-3,1,4,-6,0,6,2,2,0,0,0,-15,1,5,6,-5,0,0,1,-1,-1,-1,6,1
KR_6761292205,440,0,42,-12,0,-1,0,1,1,2,1,1,1,0,-1,0,1,0,0,0,0,-1,8,1,4,5,-1,0,1,-1,1,1,1,2,1
KR_6744187778,420,2,21,13,5,0,2,2,4,4,0,2,2,0,0,3,3,-1,0,1,-1,1,3,-2,7,5,3,0,0,1,1,1,-1,3,1
KR_6709844402,420,0,-17,0,-4,3,5,2,-6,2,8,0,4,4,-2,2,4,1,3,2,0,-15,-1,0,5,5,0,0,-2,1,1,-1,-1,5,1
KR_6494708439,420,4,58,17,10,-3,0,3,3,6,3,1,2,1,8,8,0,1,1,0,0,21,146,1,4,5,-2,0,2,1,1,1,1,2,1
KR_6713755144,420,-1,15,0,1,1,2,1,-1,0,1,0,1,1,-2,1,3,3,4,1,0,0,108,-5,8,3,2,0,-1,-1,1,1,1,6,1
KR_6759156572,420,1,-4,12,10,2,3,1,3,3,0,2,2,0,2,2,0,1,1,0,0,15,-4,3,2,5,-1,0,0,1,-1,0,1,6,1
KR_6756793605,420,1,-15,17,16,3,4,1,2,4,2,3,4,1,7,7,0,1,1,0,0,14,0,-1,7,6,2,0,2,1,1,1,1,5,1
KR_6733855897,420,2,44,-1,6,0,0,0,1,4,3,-1,1,2,6,8,2,0,2,2,-1,6,-7,-4,8,4,5,0,1,1,1,1,-1,3,1
KR_6763436088,420,-3,-21,-7,-4,-3,1,4,-1,1,2,-3,1,4,4,5,1,-1,0,1,-1,-7,-13,-2,9,7,3,0,0,1,1,0,-1,6,1
KR_6685756504,440,4,28,8,5,1,1,0,2,3,1,3,3,0,0,0,0,-1,2,3,0,1,-14,-2,7,5,1,0,0,1,0,0,1,6,1
KR_6751529656,440,0,-70,1,0,-5,0,5,1,4,3,2,3,1,-1,1,2,3,4,1,0,-3,-5,-1,8,7,-3,0,0,0,1,0,-1,0,1
KR_6760980510,420,2,65,4,8,1,1,0,3,4,1,1,3,2,2,3,1,1,1,0,1,10,31,1,2,3,-26,0,0,1,1,0,1,6,1
KR_6688405919,420,3,65,-5,10,0,1,1,4,4,0,0,1,1,9,10,1,-3,0,3,1,15,-9,0,4,4,2,0,0,1,-1,-1,1,1,1
KR_6760015582,420,2,88,8,5,1,3,2,0,3,3,0,0,0,2,2,0,2,4,2,0,5,-2,5,2,7,2,0,1,1,1,1,1,5,1
KR_6762072736,420,1,45,12,2,0,0,0,2,4,2,1,2,1,-1,2,3,0,1,1,0,-1,6,-2,5,3,-4,0,0,1,-1,0,1,6,1
KR_6676083487,420,1,-24,12,5,3,4,1,2,3,1,-3,0,3,3,3,0,0,0,0,0,10,13,-2,6,4,-1,0,1,1,1,1,1,2,1
KR_6696981259,420,0,0,-3,1,-1,1,2,1,4,3,0,1,1,4,5,1,-3,0,3,1,0,-8,0,2,2,-1,0,0,1,-1,0,1,2,1
KR_6751229785,420,6,65,43,9,6,6,0,3,5,2,2,2,0,-2,1,3,0,0,0,0,8,43,-4,5,1,0,0,2,-1,1,1,1,3,1
KR_6762319575,440,1,-33,-20,3,3,4,1,2,2,0,-1,0,1,-1,3,4,0,1,1,0,7,9,0,5,5,-4,0,1,-1,1,1,1,5,1
KR_6760036892,420,-1,-21,29,-1,-2,4,6,-4,0,4,10,11,1,-4,0,4,-1,1,2,-1,-5,14,-4,6,2,5,0,-1,1,1,-1,-1,1,1
KR_6715803441,420,2,45,-28,5,0,2,2,4,6,2,1,3,2,1,1,0,-1,4,5,0,7,43,-1,4,3,2,0,1,1,-1,1,1,3,1
KR_6753802571,420,-2,-58,-33,0,1,2,1,-2,2,4,1,5,4,0,2,2,0,1,1,0,2,25,4,1,5,-4,0,-1,1,-1,-1,-1,1,1
KR_6751281980,440,5,47,25,11,4,7,3,1,3,2,-2,0,2,9,9,0,-1,0,1,0,18,10,-3,8,5,2,0,1,0,1,1,1,0,1
KR_6720722531,420,4,31,22,15,2,2,0,6,7,1,0,3,3,6,6,0,1,1,0,0,17,1,2,5,7,2,0,1,1,1,1,1,5,1
KR_6759987763,420,4,19,19,9,4,5,1,-1,2,3,2,4,2,6,7,1,-2,0,2,1,3,8,0,4,4,0,0,1,1,-1,1,1,4,1
KR_6720527736,420,4,46,2,11,1,3,2,3,3,0,1,1,0,4,5,1,2,2,0,0,10,0,-2,5,3,-1,0,1,1,0,1,1,2,1
KR_6738829520,420,3,-15,13,0,2,2,0,-7,1,8,2,4,2,2,4,2,1,1,0,0,-2,10,5,5,10,-3,0,2,1,1,1,1,5,1
KR_6528755070,420,1,62,-21,2,5,5,0,0,7,7,0,1,1,-1,2,3,-2,0,2,0,-3,-6,-2,4,2,-2,0,0,-1,1,0,-1,6,1
KR_6700316909,440,-2,-71,32,-4,2,5,3,0,5,5,-3,0,3,-2,0,2,-1,0,1,1,-2,47,-1,3,2,3,0,0,1,1,-1,1,5,1
KR_6742577374,420,4,8,20,2,1,2,1,3,5,2,0,4,4,-1,2,3,-1,2,3,1,8,33,4,4,8,-3,0,-1,1,1,-1,1,4,1
KR_6745718502,420,0,32,-20,-3,2,2,0,-5,4,9,-1,2,3,-2,3,5,3,4,1,0,-7,-9,0,6,6,-3,0,0,1,-1,0,1,1,1
KR_6640638583,420,3,-14,-7,7,-2,3,5,4,5,1,4,4,0,1,5,4,0,1,1,2,1,7,2,4,6,0,0,0,1,-1,-1,1,3,1
KR_6666609538,420,7,73,9,16,6,6,0,0,3,3,2,2,0,7,9,2,1,1,0,0,9,7,0,5,5,3,0,2,1,-1,1,1,2,1
KR_6762182744,420,0,-22,5,1,-3,1,4,6,7,1,-1,2,3,-1,3,4,0,0,0,0,9,-5,-7,10,3,-1,0,-1,1,-1,-1,1,2,1
KR_6047392764,420,1,-47,-21,1,2,4,2,1,4,3,-1,3,4,0,3,3,-1,1,2,0,1,4,0,7,7,-3,0,-1,-1,1,1,-1,3,1
KR_6764608840,420,2,18,3,8,0,3,3,0,2,2,4,5,1,4,4,0,0,0,0,0,6,4,4,3,7,0,0,0,-1,1,0,1,6,1
KR_6432319715,420,4,118,-28,10,1,2,1,2,4,2,4,4,0,3,3,0,0,0,0,1,3,-22,1,5,6,0,0,2,0,1,1,1,0,1
KR_6693476312,420,4,15,16,-1,2,3,1,-3,3,6,-5,1,6,1,5,4,4,4,0,0,1,2,-2,6,4,3,0,1,1,-1,1,1,4,1
KR_6751319938,440,-1,43,-11,-1,0,1,1,-2,0,2,2,3,1,2,2,0,-3,0,3,0,-5,-8,-6,8,2,0,0,1,1,-1,1,1,5,1
KR_6736250970,420,2,-8,-24,4,1,1,0,-1,1,2,4,5,1,0,3,3,0,2,2,1,5,21,-2,3,1,2,0,0,-1,-1,0,1,3,1
KR_6691679844,420,-1,35,-5,4,-2,2,4,2,4,2,4,4,0,0,1,1,0,0,0,0,2,3,1,5,6,1,0,0,1,-1,0,1,4,1
KR_6674756973,440,2,91,-32,1,4,5,1,-2,0,2,-1,3,4,3,3,0,-3,1,4,0,0,-40,0,5,5,12,0,2,0,0,1,-1,0,1
KR_6747118685,420,4,66,-3,7,5,6,1,-1,2,3,1,1,0,3,5,2,-1,2,3,1,6,34,1,3,4,-2,0,2,1,1,1,1,3,1
KR_6679805464,420,0,1,19,-1,-2,1,3,0,2,2,1,3,2,2,3,1,-2,0,2,0,1,5,2,3,5,4,0,0,0,1,0,1,0,1
KR_6717419159,420,2,31,24,4,2,3,1,1,6,5,-3,0,3,4,5,1,0,3,3,1,8,209,0,7,7,3,0,2,1,1,1,1,6,1
KR_6735035053,420,-2,-16,-24,0,-3,1,4,3,3,0,1,4,3,0,1,1,-1,0,1,0,6,-9,1,5,6,1,0,0,1,1,0,-1,6,1
KR_6733357798,420,2,124,31,3,5,5,0,0,2,2,-4,0,4,4,4,0,-2,0,2,1,1,-7,0,5,5,7,0,2,1,-1,1,1,4,1
KR_6678273351,420,7,78,76,10,0,2,2,9,9,0,-4,1,5,5,5,0,0,0,0,0,11,6,6,0,6,-1,0,1,1,0,1,1,3,1
KR_6740871259,420,-2,24,-8,-3,-2,0,2,1,4,3,2,3,1,-5,0,5,1,3,2,0,-9,-5,0,6,6,1,0,0,1,-1,0,-1,1,1
KR_6762672860,420,1,-11,-32,2,0,2,2,-1,1,2,1,3,2,3,4,1,-1,1,2,0,5,11,3,2,5,-1,0,0,1,-1,0,-1,2,1
KR_6739979190,420,-1,13,-12,2,3,4,1,-7,1,8,2,2,0,6,6,0,-2,2,4,2,-3,-2,3,3,6,1,0,1,1,1,1,-1,6,1
KR_6734774821,420,2,19,-8,7,1,2,1,2,5,3,1,4,3,3,3,0,0,1,1,0,17,13,-2,6,4,0,0,0,1,1,0,-1,2,1
KR_6753656897,420,1,33,19,4,-2,1,3,-1,1,2,7,7,0,0,0,0,0,0,0,0,6,-17,3,4,7,3,0,1,1,-1,1,-1,6,1
KR_6765989459,420,5,102,34,3,1,1,0,-1,1,2,2,5,3,3,3,0,-2,0,2,0,3,-3,5,2,7,-2,0,1,1,1,1,1,2,1
KR_6759488832,440,1,63,19,-4,-3,0,3,2,6,4,1,1,0,1,4,3,-5,0,5,0,-6,-4,1,5,6,-3,0,0,-1,1,1,-1,5,1
KR_6651109276,420,-1,-26,10,-7,-3,0,3,1,3,2,0,3,3,-4,1,5,-1,0,1,0,-7,-9,-4,9,5,2,0,0,-1,0,0,-1,3,1
KR_6744342760,420,-2,-50,-19,-7,-3,1,4,-3,3,6,5,6,1,-7,1,8,1,1,0,0,2,-3,4,4,8,0,0,-1,-1,1,-1,-1,5,1
KR_6745453952,420,2,48,11,3,1,1,0,2,5,3,3,4,1,-2,1,3,-1,1,2,0,0,-13,-7,9,2,5,0,1,1,-1,1,1,3,1
KR_6611354651,420,4,17,40,7,2,3,1,6,10,4,-2,4,6,-1,3,4,2,2,0,3,12,-3,-1,6,5,5,0,-1,1,-1,-1,1,5,1
KR_6675914546,420,5,21,8,8,4,4,0,-2,1,3,2,4,2,2,3,1,2,4,2,0,12,2,2,5,7,0,0,1,1,1,1,-1,4,1
KR_6758772057,420,3,113,-9,-1,-1,1,2,-1,2,3,1,1,0,0,1,1,0,0,0,0,1,5,4,3,7,5,0,2,-1,1,1,1,2,1
KR_6677828098,420,5,50,20,8,3,4,1,2,4,2,-3,1,4,3,4,1,3,4,1,-1,1,-2,-2,3,1,2,0,2,1,1,1,-1,2,1
KR_6764333529,420,2,52,3,10,1,2,1,5,5,0,1,1,0,4,5,1,-1,1,2,0,11,-6,2,5,7,0,0,0,0,0,0,1,0,1
KR_6679719060,420,3,38,-41,8,-3,1,4,3,4,1,9,9,0,1,3,2,-2,0,2,0,14,3,3,6,9,-4,0,1,0,1,1,1,0,1
KR_6760671835,420,3,53,16,4,1,2,1,0,0,0,5,5,0,-2,1,3,0,1,1,3,2,92,0,8,8,6,0,3,1,1,1,1,2,1
KR_6747151947,420,1,34,6,0,1,1,0,-1,4,5,1,1,0,-2,2,4,1,2,1,0,0,133,3,4,7,-4,0,2,0,1,1,1,0,1
KR_6726964114,420,3,10,12,8,5,5,0,0,2,2,3,4,1,0,2,2,0,0,0,0,7,-7,0,7,7,2,0,0,1,-1,0,-1,3,1
KR_6661501830,420,-1,-56,5,2,-1,2,3,-1,1,2,5,7,2,-1,3,4,0,1,1,0,6,7,0,7,7,9,0,0,1,-1,0,1,5,1
KR_6762258692,420,-1,82,5,0,4,5,1,-4,0,4,3,3,0,-1,2,3,-2,2,4,0,-12,46,2,3,5,-20,0,2,-1,1,1,1,6,1
KR_6690910954,420,2,18,11,-1,2,3,1,1,4,3,-3,0,3,-1,1,2,0,1,1,0,-5,0,0,5,5,0,0,1,-1,1,1,-1,6,1
KR_6744387236,420,2,26,-43,1,0,3,3,0,4,4,-3,0,3,6,8,2,-2,1,3,0,-1,5,-2,5,3,-3,0,1,-1,1,1,-1,4,1
KR_6696123664,420,3,19,19,8,0,1,1,2,4,2,4,5,1,1,3,2,1,1,0,0,11,177,-3,4,1,-4,0,1,-1,1,1,-1,6,1
KR_6613460870,420,4,30,-23,10,1,3,2,3,5,2,-3,2,5,9,11,2,0,0,0,0,14,47,-2,8,6,-2,0,1,1,-1,1,-1,2,1
KR_6756851480,440,-1,-17,4,-1,0,0,0,-3,1,4,0,1,1,3,3,0,-1,1,2,-1,-1,-8,-2,8,6,7,0,0,-1,1,0,-1,2,1
KR_6704199370,420,0,27,22,-3,7,7,0,-3,3,6,4,6,2,-5,0,5,-6,0,6,-1,-4,68,-1,7,6,-4,0,-1,-1,1,-1,-1,6,1
KR_6631666792,420,1,16,28,-3,2,3,1,-4,0,4,1,5,4,-1,3,4,-1,0,1,0,-4,3,-6,10,4,-4,0,0,1,1,0,1,3,1
KR_6751109494,440,2,31,20,6,1,2,1,0,0,0,2,4,2,1,1,0,2,3,1,0,5,148,-2,5,3,2,0,3,-1,1,1,-1,6,1
KR_6741913485,420,0,-37,-2,4,-2,1,3,7,7,0,0,1,1,-1,2,3,0,1,1,0,11,8,3,3,6,-1,0,0,-1,1,0,-1,2,1
KR_6764337178,420,-2,-64,-25,5,0,0,0,-2,0,2,7,12,5,0,2,2,0,0,0,0,10,123,1,4,5,-1,0,1,-1,1,1,-1,6,1
KR_6763453250,420,1,0,11,0,2,2,0,-5,2,7,3,5,2,0,3,3,0,2,2,0,2,-18,7,1,8,-4,0,1,0,1,1,-1,0,1
KR_6638990904,420,0,-64,8,-5,-1,0,1,1,3,2,1,2,1,-4,1,5,-2,1,3,0,1,13,-1,6,5,-4,0,0,1,-1,0,-1,5,1
KR_6757083598,420,4,35,37,9,2,3,1,0,1,1,6,7,1,1,3,2,0,0,0,1,5,-8,-1,5,4,4,0,1,1,-1,1,1,2,1
KR_6714506338,440,5,109,2,16,5,5,0,2,3,1,3,3,0,3,3,0,3,3,0,0,10,-4,2,5,7,3,0,3,1,1,1,1,3,1
KR_6639945365,420,6,71,11,11,2,2,0,1,2,1,7,7,0,0,1,1,1,2,1,0,13,10,3,3,6,4,0,2,1,1,1,1,6,1
KR_6746262877,420,-2,-17,-18,3,-2,0,2,2,3,1,1,4,3,4,7,3,-2,2,4,0,0,-19,-1,6,5,0,0,0,1,-1,0,1,6,1
KR_6634488397,420,3,88,48,0,1,2,1,2,4,2,0,1,1,-2,4,6,-1,0,1,0,4,-126,-1,5,4,-2,0,0,0,-1,0,1,0,1
KR_6670227154,420,5,4,12,15,3,4,1,5,6,1,0,0,0,5,6,1,2,2,0,1,25,0,-2,5,3,2,0,1,1,1,1,1,3,1
KR_6732477024,420,0,-1,2,7,-6,3,9,6,7,1,3,4,1,4,7,3,0,1,1,2,21,19,9,1,10,0,0,0,1,1,1,1,4,1
KR_6759052106,420,2,12,-20,8,1,2,1,4,5,1,-2,1,3,3,3,0,2,2,0,0,12,6,5,2,7,0,0,1,1,1,1,1,3,1
KR_6758992851,420,1,-71,1,-4,2,4,2,1,4,3,-1,3,4,-3,0,3,-3,0,3,0,-4,-179,0,5,5,0,0,0,-1,1,0,1,4,1
KR_6749946494,420,6,35,39,14,1,4,3,1,4,3,3,4,1,9,9,0,0,1,1,0,11,3,6,4,10,0,0,2,1,1,1,1,4,1
KR_6732350061,420,2,18,27,0,2,3,1,1,2,1,-5,2,7,2,6,4,0,0,0,0,-1,-15,1,6,7,0,0,0,-1,1,0,1,2,1
KR_6625409829,420,3,-20,35,11,2,3,1,5,6,1,2,3,1,2,3,1,0,3,3,0,9,23,4,3,7,-5,0,1,1,1,1,1,2,1
KR_6757210535,420,1,-2,-36,9,0,3,3,4,6,2,1,1,0,4,4,0,0,1,1,0,9,57,1,5,6,-2,0,0,1,1,-1,1,3,1
KR_6765773528,420,0,34,-35,4,-2,2,4,0,1,1,1,3,2,4,4,0,1,1,0,0,4,-6,3,1,4,2,0,2,-1,-1,1,1,1,1
KR_6721202707,420,6,58,-16,8,-2,1,3,0,3,3,0,0,0,8,8,0,2,2,0,1,13,5,4,3,7,1,0,3,-1,1,1,1,4,1
KR_6623123411,420,-1,-18,-6,1,1,2,1,4,6,2,2,2,0,-2,2,4,-4,0,4,-1,0,-34,3,5,8,-1,0,-2,1,-1,-1,-1,2,1
KR_6760553644,420,4,51,9,9,4,5,1,-1,1,2,5,5,0,0,1,1,1,1,0,2,7,2,4,2,6,0,0,1,1,1,1,1,1,1
KR_6702528770,440,-1,13,-24,-9,1,4,3,0,1,1,-2,2,4,-5,1,6,-3,1,4,-1,-9,-2,-3,7,4,-5,0,1,-1,-1,1,-1,6,1
KR_6761054390,420,7,18,24,13,-1,0,1,6,8,2,3,6,3,5,6,1,0,1,1,0,8,1,2,3,5,1,0,2,1,1,1,1,2,1
KR_6617532487,420,2,-22,5,3,-1,1,2,4,4,0,3,4,1,-3,2,5,0,0,0,0,0,-3,0,5,5,6,0,1,-1,1,1,1,2,1
KR_6764003003,420,-3,18,1,-4,2,4,2,-5,1,6,-1,0,1,-1,2,3,1,2,1,1,-7,-1,0,8,8,-8,0,0,1,-1,0,1,4,1
KR_6659684691,420,0,18,12,2,2,3,1,1,5,4,2,2,0,-3,3,6,0,1,1,0,17,-1,-3,10,7,-5,0,1,1,-1,1,1,1,1
KR_6753452464,420,3,41,48,2,2,3,1,0,4,4,1,3,2,-1,1,2,0,1,1,0,-6,11,3,4,7,6,0,0,1,0,1,1,1,1
KR_6746409154,440,3,10,-8,9,2,3,1,4,8,4,0,1,1,2,6,4,1,2,1,0,9,-9,1,3,4,0,0,0,0,0,0,1,0,1
KR_6752054432,420,-2,-4,-34,-3,0,2,2,3,6,3,-5,3,8,0,2,2,-1,0,1,0,8,-10,4,4,8,-3,0,-1,1,-1,-1,1,1,1
KR_6750199787,420,-1,57,-28,2,1,2,1,1,3,2,2,3,1,-2,0,2,0,3,3,0,-1,37,3,1,4,1,0,1,1,-1,1,1,1,1
KR_6486985846,420,0,-53,-4,-1,-3,2,5,-2,3,5,-5,0,5,8,10,2,1,1,0,0,3,16,-1,8,7,-1,0,0,-1,-1,-1,-1,5,1
KR_6756727376,420,0,-6,-4,8,3,4,1,5,7,2,2,5,3,0,0,0,-2,0,2,0,8,-37,2,5,7,0,0,0,0,1,0,-1,0,1
KR_6669168819,420,1,-3,5,-1,-2,3,5,1,2,1,0,2,2,2,2,0,-2,1,3,0,2,6,1,3,4,4,0,-1,1,-1,-1,-1,2,1
KR_6759448104,420,4,-15,-9,5,2,3,1,-1,4,5,0,4,4,3,5,2,1,1,0,0,10,3,3,2,5,-1,0,1,1,0,1,-1,5,1
KR_6539647625,420,6,90,4,16,3,3,0,4,7,3,0,5,5,6,7,1,3,4,1,0,19,-5,2,6,8,-2,0,2,0,1,1,1,0,1
KR_6652547620,420,0,25,0,2,0,3,3,-2,2,4,3,3,0,-1,2,3,2,4,2,0,-6,-6,3,5,8,0,0,0,1,-1,-1,1,3,1
KR_6735720161,420,0,13,21,-1,2,2,0,-1,1,2,-2,0,2,1,2,1,-1,3,4,0,-6,42,-1,5,4,-4,0,0,1,1,1,1,4,1
KR_6758955653,420,5,45,52,6,7,7,0,2,2,0,2,3,1,-6,0,6,1,1,0,1,-1,38,1,5,6,-9,0,2,1,1,1,1,5,1
KR_6526624020,420,1,-4,-16,9,2,2,0,4,10,6,-1,2,3,-2,1,3,6,6,0,1,13,7,2,5,7,-2,0,0,0,1,1,1,0,1
KR_6674692184,420,2,-3,-8,7,0,4,4,-2,0,2,7,8,1,0,4,4,2,2,0,0,4,-2,3,5,8,4,0,1,1,0,1,1,2,1
KR_6744703028,420,7,57,4,16,5,5,0,4,6,2,1,1,0,7,7,0,-1,0,1,0,17,1,6,4,10,0,0,4,1,1,1,1,4,1
KR_6688512792,440,5,24,7,8,1,1,0,5,6,1,2,6,4,4,6,2,-4,2,6,0,1,-20,0,3,3,28,0,0,-1,0,1,1,6,1
KR_6706684193,420,9,91,41,17,7,7,0,3,4,1,1,1,0,5,6,1,1,1,0,0,11,-28,1,3,4,2,0,2,1,0,1,1,1,1
KR_6736810100,440,2,68,9,-2,-2,0,2,2,3,1,-1,1,2,-2,0,2,1,1,0,0,2,7,-2,5,3,3,0,0,-1,1,1,-1,2,1
KR_6670107121,420,5,81,50,0,-1,1,2,4,6,2,0,2,2,-3,4,7,0,1,1,0,-4,-29,-6,8,2,2,0,0,-1,-1,0,1,2,1
KR_6704184466,420,2,22,15,6,4,6,2,-3,0,3,0,3,3,5,8,3,0,1,1,0,9,2,0,2,2,3,0,3,-1,1,1,1,5,1
KR_6621107615,420,5,57,13,10,3,4,1,1,4,3,0,1,1,3,4,1,3,3,0,-1,3,139,-3,6,3,1,0,5,1,1,1,-1,2,1
KR_6576099825,420,1,-47,23,2,1,1,0,-1,3,4,-2,0,2,4,7,3,0,1,1,-1,2,67,-4,8,4,1,0,0,1,1,0,-1,4,1
KR_6751702906,420,2,96,-24,8,3,3,0,-2,2,4,4,4,0,0,2,2,3,3,0,0,5,15,0,4,4,0,0,1,-1,-1,1,1,2,1
KR_6614907623,420,-1,-50,-15,6,2,3,1,-2,1,3,1,2,1,0,1,1,5,5,0,0,9,-15,2,7,9,-2,0,0,-1,1,0,1,1,1
KR_6752023148,420,4,26,14,4,-1,1,2,4,5,1,2,3,1,-1,3,4,0,1,1,0,4,-7,0,4,4,1,0,0,1,1,0,1,5,1
KR_6697125470,420,2,7,35,-1,-5,0,5,2,4,2,0,2,2,1,5,4,1,1,0,0,-4,27,-5,9,4,-10,0,0,1,1,-1,1,3,1
KR_6606432887,420,1,-1,-6,2,-1,2,3,1,3,2,-1,1,2,3,3,0,0,0,0,0,0,-2,0,5,5,3,0,0,0,-1,0,1,0,1
KR_6672741412,420,5,11,3,12,-1,1,2,5,6,1,3,5,2,5,7,2,0,0,0,0,21,1,3,4,7,4,0,0,1,1,-1,1,6,1
KR_6751710177,420,-1,-9,40,2,-1,1,2,-2,0,2,5,6,1,0,0,0,0,2,2,0,-4,-8,-4,5,1,0,0,0,1,1,0,-1,4,1
KR_6760989047,440,4,76,19,10,1,2,1,4,5,1,3,3,0,6,9,3,-4,0,4,0,2,3,4,1,5,3,0,1,1,1,1,1,6,1
KR_6676571962,420,3,68,-3,8,5,5,0,-3,2,5,0,2,2,5,7,2,1,1,0,0,12,17,1,5,6,5,0,-1,1,-1,-1,1,6,1
KR_6715620114,420,1,31,-4,5,5,5,0,1,1,0,1,3,2,-1,2,3,-1,0,1,0,3,115,-4,7,3,1,0,2,-1,1,1,1,2,1
KR_6761382685,420,4,75,12,13,5,5,0,-1,0,1,0,0,0,10,11,1,-1,0,1,0,20,15,3,4,7,-5,0,1,1,-1,1,1,3,1
KR_6761162623,420,3,73,13,6,3,3,0,0,1,1,2,5,3,0,1,1,1,3,2,0,-2,-7,-7,7,0,6,0,1,-1,1,1,1,1,1
KR_6735063831,420,-1,44,-3,0,2,2,0,0,5,5,-3,1,4,0,0,0,1,1,0,0,-7,-1,0,6,6,-4,0,0,-1,1,1,1,1,1
KR_6667046987,420,-1,85,-35,2,-1,2,3,2,5,3,-5,0,5,3,4,1,3,3,0,0,10,-5,-1,5,4,-2,0,0,1,-1,1,1,4,1
KR_6723049094,420,4,43,-4,7,5,8,3,1,1,0,0,2,2,-3,1,4,4,4,0,0,6,4,-2,7,5,4,0,2,-1,1,1,1,6,1
KR_6735100616,420,2,27,-4,1,-1,2,3,2,4,2,-1,1,2,-1,3,4,2,2,0,0,0,117,-1,5,4,-1,0,0,-1,-1,1,-1,6,1
KR_6744956467,420,2,-28,40,5,1,1,0,2,5,3,4,4,0,-2,1,3,0,0,0,0,5,-40,0,5,5,25,0,0,1,1,0,-1,2,1
KR_6761354054,420,-1,-80,4,-4,4,6,2,1,3,2,-2,2,4,0,1,1,-7,1,8,0,0,156,-7,8,1,0,0,0,1,-1,0,-1,2,1
KR_6687173730,440,6,56,18,12,0,2,2,6,10,4,4,5,1,0,4,4,2,2,0,0,20,-7,-1,5,4,3,0,0,1,-1,-1,-1,5,1
KR_6758123938,420,0,37,-82,12,3,5,2,3,5,2,4,6,2,0,0,0,2,2,0,0,13,-17,0,6,6,-4,0,3,-1,1,1,1,5,1
KR_6762719118,420,-2,-47,-1,-2,-3,2,5,2,2,0,-1,3,4,-1,4,5,1,3,2,0,-5,-159,3,1,4,-10,0,1,-1,-1,1,-1,2,1
KR_6745067453,440,3,68,-2,8,0,2,2,3,3,0,2,2,0,2,5,3,1,3,2,0,1,47,5,2,7,-17,0,1,1,1,1,1,6,1
KR_6725481321,420,2,7,-13,11,1,2,1,6,6,0,-1,4,5,3,6,3,2,2,0,0,9,0,-1,5,4,0,0,0,1,-1,0,1,6,1
KR_6730666118,420,-1,17,4,0,-1,1,2,0,2,2,4,5,1,-2,2,4,-1,1,2,-1,-6,-4,-2,6,4,3,0,0,-1,0,1,-1,2,1
KR_6655842934,440,3,95,19,18,2,3,1,2,4,2,-1,3,4,6,7,1,9,9,0,1,13,10,4,1,5,-5,0,2,1,1,1,1,3,1
KR_6740316135,420,3,4,27,3,0,2,2,2,5,3,-1,1,2,3,5,2,-1,0,1,0,3,-26,1,9,10,-1,0,-1,1,-1,-1,1,6,1
KR_6765928375,420,4,54,4,8,3,3,0,2,3,1,2,3,1,0,3,3,1,2,1,0,10,-4,2,8,10,5,0,0,1,1,1,1,5,1
KR_6736859901,420,2,48,-8,8,2,2,0,4,5,1,-4,2,6,4,6,2,2,2,0,2,12,-7,-1,5,4,3,0,0,1,1,1,1,6,1
KR_6739095689,420,0,17,-7,7,2,4,2,8,9,1,2,9,7,-4,3,7,-1,1,2,0,0,3,-1,6,5,5,0,0,1,1,-1,1,6,1
KR_6692439070,420,0,33,-6,-1,3,4,1,-4,0,4,-2,1,3,3,4,1,-1,1,2,-1,4,4,4,4,8,-1,0,2,-1,-1,-1,-1,5,1
KR_6747364155,420,4,43,22,8,0,0,0,1,2,1,0,2,2,7,10,3,0,1,1,0,7,-48,-2,7,5,3,0,1,1,-1,1,1,6,1
KR_6763127836,420,3,80,-4,7,1,3,2,3,4,1,4,5,1,-1,1,2,0,0,0,0,0,3,3,4,7,-2,0,2,-1,1,1,1,6,1
KR_6762549140,420,0,51,26,0,-1,0,1,1,3,2,-1,2,3,1,3,2,0,2,2,0,0,-3,1,4,5,3,0,0,1,-1,0,1,5,1
KR_6754323205,420,2,73,16,3,1,2,1,2,3,1,0,2,2,1,1,0,-1,0,1,0,5,-3,1,4,5,-1,0,1,-1,1,1,1,2,1
KR_6606031226,420,4,41,12,14,4,6,2,4,6,2,2,5,3,-1,1,2,5,5,0,1,8,20,1,2,3,4,0,2,1,1,1,1,6,1
KR_6552077465,420,-1,-15,27,-3,1,2,1,-5,0,5,0,2,2,1,4,3,0,0,0,0,-3,7,1,5,6,3,0,1,-1,1,1,1,3,1
KR_6734708474,420,0,-12,-12,9,-5,1,6,9,10,1,4,5,1,2,4,2,-1,0,1,0,14,-117,0,6,6,2,0,-1,1,1,-1,1,3,1
KR_6691608049,420,0,2,1,1,-1,0,1,1,6,5,0,4,4,-2,1,3,3,4,1,0,4,2,3,5,8,-3,0,0,-1,1,1,1,2,1
KR_6759316343,420,-1,3,12,-4,-1,1,2,-2,1,3,4,8,4,-1,3,4,-4,1,5,0,-14,-26,3,1,4,-3,0,-2,1,-1,-1,1,4,1
KR_6696733429,420,1,37,-10,4,0,3,3,2,3,1,2,3,1,-1,2,3,1,2,1,0,2,335,3,3,6,-2,0,3,0,1,1,-1,0,1
KR_6720210640,420,3,-1,0,6,1,4,3,4,5,1,2,3,1,1,2,1,-2,0,2,0,9,55,0,7,7,0,0,0,-1,-1,0,-1,3,1
KR_6631631456,420,4,44,24,7,1,2,1,6,7,1,2,5,3,-4,1,5,2,2,0,-1,9,3,6,4,10,1,0,0,1,-1,0,-1,4,1
KR_6681384280,420,6,55,12,12,1,3,2,7,8,1,2,5,3,1,1,0,1,2,1,2,20,33,2,1,3,-3,0,2,1,-1,1,1,1,1
KR_6764020383,420,5,91,-4,18,5,5,0,-1,1,2,2,4,2,13,13,0,-1,0,1,0,17,-5,4,2,6,0,0,3,1,0,1,1,3,1
KR_6702374996,420,6,62,-2,16,4,4,0,1,2,1,2,2,0,8,9,1,1,1,0,1,18,13,6,2,8,4,0,3,1,1,1,1,1,1
KR_6747797880,420,2,90,14,-1,2,4,2,-9,3,12,3,3,0,3,5,2,0,2,2,2,-5,12,1,4,5,0,0,2,1,1,1,1,4,1
KR_6688593330,420,2,28,-14,4,0,0,0,0,4,4,0,1,1,3,4,1,1,1,0,0,0,1,-2,5,3,-5,0,0,1,1,1,1,2,1
KR_6697864506,420,1,4,12,10,-1,1,2,1,1,0,6,7,1,4,5,1,0,0,0,0,19,6,4,4,8,2,0,-1,1,-1,1,1,5,1
KR_6760720180,420,-1,13,-4,3,-2,1,3,1,6,5,4,4,0,-1,1,2,1,3,2,0,6,-47,0,4,4,22,0,0,1,1,1,-1,3,1
KR_6725659700,440,1,-3,-4,7,1,1,0,0,5,5,5,8,3,-1,1,2,2,2,0,1,12,-10,4,8,12,2,0,0,1,1,0,1,4,1
KR_6728913173,420,2,-5,28,9,2,4,2,3,5,2,1,4,3,0,2,2,3,4,1,1,9,-8,-2,10,8,7,0,2,1,1,1,1,6,1
KR_6653915128,420,0,-44,28,1,-1,3,4,3,7,4,-1,3,4,-2,1,3,2,2,0,0,1,-46,-3,6,3,17,0,0,1,-1,1,-1,3,1
KR_6755080654,420,1,53,-16,1,-3,0,3,0,1,1,0,0,0,3,3,0,1,1,0,0,0,11,3,2,5,2,0,0,1,1,0,1,1,1
KR_6709816403,420,-3,-37,-8,-1,-5,1,6,3,3,0,-5,0,5,3,5,2,3,3,0,0,7,5,3,4,7,1,0,-1,1,-1,-1,1,2,1
KR_6764863399,440,0,9,-16,8,2,4,2,5,5,0,1,2,1,1,3,2,-1,0,1,0,14,-5,2,4,6,1,0,1,1,-1,1,1,4,1
KR_6760501503,420,1,-45,28,1,-1,2,3,-1,3,4,4,6,2,-1,3,4,0,1,1,0,9,-21,0,5,5,4,0,-1,-1,1,-1,1,1,1
KR_6695358147,420,3,66,28,7,1,2,1,1,2,1,2,5,3,2,2,0,1,2,1,0,5,-2,3,1,4,1,0,2,-1,1,1,1,4,1
KR_6762653838,420,4,22,25,9,-4,2,6,5,5,0,1,1,0,2,4,2,5,5,0,0,6,6,2,3,5,-3,0,1,1,-1,1,-1,4,1
KR_6755218323,420,0,-51,-10,-5,1,2,1,3,3,0,0,3,3,-9,1,10,0,1,1,0,-4,-1,-1,4,3,-4,0,0,-1,0,0,1,5,1
KR_6584317169,420,0,23,-3,4,0,2,2,4,7,3,1,2,1,-1,4,5,0,0,0,0,4,30,-1,4,3,-2,0,0,1,1,1,1,2,1
KR_6743078091,420,0,19,-24,2,-1,1,2,4,7,3,1,5,4,-1,2,3,-1,0,1,0,5,-117,0,7,7,-1,0,-1,-1,-1,-1,-1,5,1
KR_6747311880,420,2,63,-10,9,2,5,3,3,5,2,-1,2,3,2,2,0,3,3,0,0,7,15,2,3,5,0,0,0,1,-1,1,1,6,1
KR_6692554875,420,-1,-5,-24,-4,1,1,0,2,3,1,-1,0,1,-3,1,4,-3,1,4,0,-4,1,1,3,4,-3,0,0,-1,-1,0,-1,5,1
KR_6760196853,420,1,6,-25,3,0,1,1,2,5,3,-2,1,3,4,7,3,-1,0,1,0,4,-7,-4,7,3,2,0,1,-1,1,1,1,4,1
KR_6628091913,420,1,22,-24,-4,1,1,0,-3,2,5,1,1,0,0,1,1,-3,0,3,0,-3,-2,4,4,8,2,0,-2,-1,-1,1,-1,5,1
KR_6746681906,420,0,0,-43,0,0,1,1,-1,2,3,4,4,0,-3,1,4,0,1,1,0,3,-6,0,2,2,3,0,0,1,-1,-1,-1,5,1
KR_6733806734,420,0,24,35,-3,0,1,1,-2,0,2,0,3,3,-2,0,2,1,1,0,0,-8,13,-7,8,1,2,0,-2,1,1,-1,1,2,1
KR_6751960504,420,2,44,18,5,-6,0,6,13,14,1,0,1,1,3,7,4,-5,1,6,1,5,0,-4,6,2,2,0,3,-1,1,1,1,6,1
KR_6750254761,420,1,-28,8,-1,-2,3,5,-1,2,3,2,2,0,0,1,1,0,1,1,0,-1,1,5,3,8,2,0,0,1,-1,0,-1,2,1
KR_6678308022,420,0,-21,16,4,-1,2,3,0,2,2,5,7,2,0,0,0,0,0,0,0,1,5,0,7,7,-3,0,-1,1,1,-1,1,3,1
KR_6746812612,420,3,116,-24,1,-3,1,4,-2,3,5,1,2,1,5,6,1,0,1,1,0,3,-11,-1,6,5,2,0,0,-1,-1,1,-1,1,1
KR_6696734748,420,1,-20,1,2,1,2,1,1,3,2,1,2,1,-1,1,2,0,2,2,0,3,2,2,4,6,-2,0,0,-1,1,0,-1,6,1
KR_6762890739,420,3,56,9,2,2,3,1,0,1,1,1,2,1,-2,0,2,1,2,1,0,-2,32,5,3,8,-26,0,3,0,1,1,1,0,1
KR_6694242492,420,2,68,21,2,3,3,0,0,5,5,-2,1,3,2,4,2,-1,1,2,0,-1,0,-1,5,4,-3,0,1,1,-1,1,1,5,1
KR_6740447911,420,3,-5,-28,6,2,5,3,1,2,1,3,6,3,0,1,1,0,3,3,0,8,5,0,4,4,-4,0,2,-1,-1,1,-1,1,1
KR_6756389442,420,2,48,-1,5,-2,0,2,0,2,2,2,4,2,4,7,3,1,2,1,0,8,1,0,2,2,3,0,0,-1,-1,-1,-1,5,1
KR_6601348481,420,0,94,16,7,-1,2,3,0,3,3,3,4,1,5,5,0,0,1,1,5,17,-59,-3,7,4,3,0,3,1,1,1,1,4,1
KR_6574238648,420,9,99,-2,22,6,6,0,3,4,1,3,3,0,10,10,0,0,1,1,2,30,17,11,3,14,-4,0,4,0,1,1,1,0,1
KR_6625170735,420,0,41,-4,-2,3,3,0,2,3,1,-7,0,7,0,1,1,0,1,1,0,1,41,1,4,5,-4,0,1,1,-1,1,1,1,1
KR_6718061261,420,0,57,3,1,-1,0,1,1,2,1,1,2,1,0,2,2,0,0,0,0,1,1,1,4,5,4,0,0,1,-1,0,1,2,1
KR_6756754195,420,-1,1,-17,0,-1,1,2,3,3,0,-3,1,4,2,3,1,-1,2,3,0,2,2,2,6,8,1,0,0,-1,1,0,-1,1,1
KR_6757677267,420,-1,-9,36,-6,3,4,1,-3,1,4,1,1,0,-5,3,8,-2,0,2,0,-13,14,2,5,7,-3,0,0,-1,1,0,1,5,1
KR_6763148515,420,6,54,20,6,6,7,1,2,3,1,1,4,3,-2,0,2,-1,2,3,0,-2,-7,-2,5,3,2,0,2,-1,1,1,-1,4,1
KR_6756657168,420,6,46,-8,8,0,3,3,6,7,1,4,4,0,0,2,2,-2,0,2,0,12,13,3,3,6,0,0,2,1,-1,1,-1,6,1
KR_6674984334,420,6,24,-1,14,3,4,1,8,9,1,-3,1,4,5,5,0,1,1,0,0,16,0,0,4,4,4,0,0,1,0,1,1,4,1
KR_6765774814,420,3,-29,8,3,0,1,1,0,1,1,1,2,1,2,5,3,0,1,1,1,2,14,1,3,4,2,0,0,1,-1,0,1,2,1
KR_6742963391,440,1,29,45,0,3,3,0,1,3,2,1,2,1,-5,0,5,0,0,0,0,-8,40,-1,4,3,-23,0,1,-1,-1,1,1,3,1
KR_6728476278,420,0,-4,-1,-4,-3,0,3,2,7,5,-2,1,3,0,3,3,-1,0,1,0,5,-3,2,4,6,3,0,1,1,1,1,-1,5,1
KR_6728395677,420,0,11,-13,-3,3,3,0,-2,2,4,-1,2,3,0,3,3,-3,2,5,0,-15,-2,5,2,7,-3,0,2,-1,-1,1,1,3,1
KR_6762141613,420,2,12,8,6,5,7,2,0,3,3,1,2,1,0,2,2,0,2,2,0,3,18,-1,7,6,-2,0,0,1,0,0,1,6,1
KR_6755403259,440,3,11,36,8,7,7,0,1,4,3,-1,0,1,0,3,3,1,3,2,0,9,2,0,4,4,3,0,2,-1,1,1,-1,3,1
KR_6113573593,420,0,-41,-6,6,0,3,3,-1,3,4,8,9,1,-2,0,2,1,2,1,3,13,-6,-3,9,6,0,0,2,-1,1,1,1,2,1
KR_6647177652,420,2,64,12,5,1,2,1,0,1,1,3,3,0,1,1,0,0,0,0,0,3,3,3,4,7,4,0,0,1,0,0,1,6,1
KR_6746037141,420,3,56,0,10,6,6,0,4,7,3,-1,1,2,2,5,3,-1,1,2,0,7,18,5,3,8,4,0,1,-1,-1,1,1,4,1
KR_6720644706,420,1,77,-45,8,5,7,2,3,4,1,-4,0,4,4,4,0,0,1,1,1,7,3,-1,3,2,-1,0,2,-1,-1,1,1,6,1
KR_6686213690,420,-2,20,9,1,1,1,0,1,5,4,-1,2,3,2,4,2,-2,3,5,0,3,6,-2,9,7,7,0,0,1,-1,0,1,5,1
KR_6650507925,420,4,-12,44,6,3,3,0,1,4,3,-3,0,3,3,3,0,2,3,1,1,-3,-3,-2,5,3,3,0,0,1,1,0,1,5,1
KR_6687330750,420,3,77,16,0,-1,0,1,-2,2,4,3,6,3,-1,2,3,1,1,0,0,-3,8,5,3,8,-2,0,-1,1,-1,1,-1,4,1
KR_6760661476,440,0,-21,-2,-3,-2,0,2,-2,2,4,2,4,2,0,3,3,-1,1,2,0,-4,-7,4,1,5,-4,0,-1,-1,-1,1,1,4,1
KR_6623938327,420,-1,-14,10,1,0,2,2,1,4,3,1,3,2,0,1,1,-1,0,1,0,-3,-17,3,4,7,1,0,-2,-1,-1,-1,-1,6,1
KR_6709222950,420,5,27,15,9,1,3,2,4,5,1,-1,2,3,6,7,1,-1,1,2,0,13,7,2,6,8,0,0,2,-1,1,1,-1,6,1
KR_6742913042,420,1,11,28,-5,-2,0,2,-6,0,6,1,3,2,0,2,2,2,2,0,-1,-12,-1,-2,4,2,-3,0,0,-1,1,1,-1,3,1
KR_6760986615,420,4,14,-16,14,6,8,2,1,5,4,5,6,1,2,5,3,0,0,0,0,22,9,3,2,5,3,0,2,-1,0,1,1,4,1
KR_6765628866,420,5,-4,34,14,1,2,1,4,5,1,5,5,0,6,9,3,-2,1,3,2,17,30,0,5,5,1,0,1,1,-1,-1,-1,5,1
KR_6762460925,440,3,98,12,4,6,7,1,-1,0,1,-2,0,2,1,5,4,0,1,1,0,-13,-8,3,3,6,1,0,3,0,1,1,1,0,1
KR_6675067955,420,3,32,40,6,-2,1,3,4,5,1,1,1,0,3,4,1,0,0,0,0,5,37,-1,7,6,-10,0,1,-1,-1,1,1,4,1
KR_6704312089,420,2,44,8,5,-1,1,2,-4,1,5,2,4,2,6,6,0,2,2,0,0,9,-2,2,4,6,4,0,0,0,-1,0,-1,0,1
KR_6759606249,420,4,13,8,8,1,2,1,2,3,1,1,3,2,3,3,0,1,1,0,-1,15,-11,2,6,8,4,0,0,1,1,0,-1,6,1
KR_6757858959,420,1,40,-2,5,1,1,0,1,5,4,2,2,0,-1,4,5,2,3,1,0,7,-2,3,3,6,3,0,0,1,1,0,1,3,1
KR_6704160072,420,0,56,3,1,2,2,0,3,4,1,-2,2,4,0,2,2,-2,0,2,0,0,224,-4,6,2,2,0,0,-1,1,1,1,3,1
KR_6403299317,420,8,109,10,15,1,4,3,3,3,0,4,5,1,5,8,3,2,2,0,0,10,428,-7,12,5,13,0,0,1,-1,1,1,2,1
KR_6654285514,420,0,28,-25,9,2,2,0,2,5,3,3,4,1,2,2,0,0,0,0,0,7,232,1,7,8,1,0,0,1,1,0,1,2,1
KR_6765845439,420,-4,-23,-4,-2,-3,2,5,3,6,3,-1,2,3,0,2,2,-1,0,1,0,-1,4,-1,6,5,1,0,0,-1,-1,-1,1,6,1
KR_6748263814,420,1,-6,24,-1,1,2,1,3,3,0,2,3,1,-6,0,6,-1,0,1,0,-6,-1,1,6,7,3,0,1,1,1,1,-1,4,1
KR_6753988781,420,-2,46,-2,0,6,7,1,0,3,3,3,4,1,-5,2,7,-4,2,6,0,-3,-6,2,3,5,1,0,0,-1,1,-1,1,3,1
KR_6715547748,420,2,43,-4,6,2,2,0,2,6,4,2,2,0,-3,3,6,3,5,2,0,2,22,3,4,7,0,0,0,-1,-1,1,1,3,1
KR_6735925613,420,0,-33,31,-5,-1,0,1,0,2,2,-3,1,4,2,3,1,-3,1,4,-1,-8,-1,5,4,9,0,0,0,-1,0,0,-1,3,1
KR_6612018917,420,0,4,37,-7,0,1,1,-1,3,4,-6,0,6,0,5,5,0,1,1,-1,-4,17,-1,6,5,-4,0,0,1,-1,0,-1,6,1
KR_6716192867,420,10,228,48,14,3,5,2,2,5,3,2,3,1,1,3,2,6,7,1,0,0,5,2,0,2,2,0,3,1,1,1,1,6,1
KR_6699983325,420,6,86,17,11,1,1,0,1,2,1,5,6,1,5,7,2,-1,0,1,0,11,12,6,1,7,-1,0,1,1,1,1,-1,4,1
KR_6713235921,420,5,53,32,6,-3,4,7,1,2,1,4,6,2,5,5,0,-1,1,2,0,4,36,3,2,5,0,0,1,0,1,1,1,0,1
KR_6755482434,420,3,33,10,4,0,0,0,2,3,1,1,2,1,0,1,1,1,4,3,0,5,-6,-6,9,3,6,0,0,0,1,0,-1,0,1
KR_6753669721,440,3,-6,-16,9,3,3,0,0,3,3,1,2,1,5,5,0,0,1,1,1,9,-2,2,3,5,2,0,0,1,1,0,1,1,1
KR_6755857101,420,-2,-79,-13,2,-1,2,3,1,1,0,1,8,7,0,1,1,1,1,0,0,0,-6,0,5,5,-3,0,-2,0,-1,-1,-1,0,1
KR_6731386132,420,2,83,-14,11,0,3,3,6,6,0,0,2,2,1,3,2,4,5,1,0,11,302,1,3,4,4,0,4,1,1,1,1,1,1
KR_6730676527,440,1,8,-4,5,2,3,1,-4,3,7,2,4,2,0,1,1,5,5,0,0,5,0,0,4,4,-5,0,1,-1,1,1,1,5,1
KR_6747592112,420,3,39,-5,10,6,7,1,2,2,0,-1,1,2,3,4,1,0,0,0,0,1,-5,-2,7,5,-2,0,2,1,1,1,-1,2,1
KR_6675132095,420,1,-28,-21,-2,0,2,2,2,2,0,-5,1,6,-4,0,4,5,5,0,0,-1,-10,-5,8,3,2,0,-2,-1,-1,-1,-1,3,1
KR_6733846090,440,5,5,48,6,-1,0,1,9,9,0,-1,0,1,0,3,3,-1,0,1,0,9,5,-1,4,3,0,0,1,1,1,1,-1,6,1
KR_6747212860,420,-1,18,21,-4,0,2,2,-1,2,3,1,4,3,2,8,6,-6,1,7,2,-3,42,3,2,5,-37,0,0,1,-1,1,1,1,1
KR_6742548827,420,-1,-2,24,3,-1,0,1,1,5,4,1,1,0,1,1,0,1,1,0,1,2,1,-2,7,5,0,0,1,1,-1,1,1,1,1
KR_6693631672,420,3,-23,-27,5,-2,4,6,0,5,5,4,7,3,5,6,1,-2,1,3,1,17,0,0,5,5,1,0,0,1,-1,1,-1,3,1
KR_6585951276,420,2,60,16,0,2,2,0,-1,5,6,1,3,2,-4,5,9,2,2,0,1,-3,6,3,4,7,0,0,1,-1,1,1,1,2,1
KR_6762227256,420,1,-58,-5,2,0,3,3,2,2,0,-2,0,2,5,5,0,-3,0,3,0,3,9,3,2,5,-2,0,0,1,1,0,1,3,1
KR_6758464864,420,3,46,-2,8,2,5,3,6,7,1,6,7,1,-4,0,4,-2,0,2,0,7,0,0,6,6,1,0,0,-1,1,-1,1,3,1
KR_6670004099,420,1,33,-40,10,4,5,1,-2,3,5,5,5,0,3,5,2,0,1,1,0,6,-3,1,6,7,5,0,-1,1,-1,-1,1,4,1
KR_6757555064,420,3,33,37,9,-1,0,1,6,7,1,-1,1,2,5,7,2,0,4,4,1,18,8,3,4,7,-4,0,0,1,1,1,1,2,1
KR_6765673493,420,2,17,16,1,5,6,1,1,2,1,0,0,0,-3,0,3,-2,0,2,-1,-1,5,-2,8,6,-5,0,0,1,1,1,-1,6,1
KR_6430167164,440,1,-5,-24,12,0,1,1,4,7,3,1,1,0,7,7,0,0,0,0,0,14,-2,2,5,7,1,0,1,-1,-1,1,1,1,1
KR_6761012163,420,1,14,10,-2,3,4,1,-1,1,2,0,1,1,-4,1,5,0,0,0,0,-6,0,1,7,8,-1,0,0,0,0,1,-1,0,1
KR_6739127951,420,3,129,-4,5,1,1,0,4,4,0,-3,1,4,0,2,2,3,3,0,0,2,18,0,5,5,3,0,1,1,-1,1,1,2,1
KR_6756876335,420,4,18,24,6,2,3,1,-1,1,2,3,5,2,1,5,4,1,1,0,0,10,41,2,3,5,-32,0,-1,0,1,1,1,0,1
KR_6744991251,440,3,23,23,9,1,2,1,4,4,0,-1,1,2,3,3,0,2,2,0,0,9,-8,-4,7,3,5,0,2,1,1,1,1,4,1
KR_6688746928,420,2,21,30,2,0,3,3,-3,1,4,2,6,4,-2,3,5,5,6,1,0,-10,-2,-11,12,1,-2,0,2,-1,1,1,1,1,1
KR_6733098978,420,1,20,19,5,0,0,0,1,2,1,3,4,1,0,2,2,1,2,1,0,6,-18,-1,8,7,1,0,1,-1,1,1,1,5,1
KR_6622050029,420,1,28,2,1,1,2,1,5,6,1,-1,1,2,-1,3,4,-3,0,3,0,-2,5,5,4,9,2,0,-1,1,-1,1,-1,4,1
KR_6723585272,420,5,-8,8,4,-1,3,4,-3,3,6,3,6,3,6,8,2,-1,1,2,0,12,7,4,4,8,4,0,2,1,1,1,1,5,1
KR_6697190906,420,2,31,29,10,1,1,0,3,3,0,5,7,2,-3,2,5,4,6,2,1,17,-31,-1,5,4,1,0,1,-1,1,1,1,2,1
KR_6701927497,420,-1,60,-20,3,4,4,0,1,2,1,-1,1,2,0,3,3,-1,1,2,0,0,-3,-5,7,2,4,0,1,-1,1,1,1,5,1
KR_6728098816,420,2,27,24,2,-2,1,3,-3,2,5,3,6,3,4,4,0,0,0,0,0,2,2,-2,7,5,-6,0,1,1,-1,1,-1,1,1
KR_6751675941,420,1,-41,-9,7,-2,0,2,2,4,2,1,1,0,5,7,2,1,2,1,-1,11,2,0,6,6,0,0,-1,0,1,-1,-1,0,1
KR_6765667308,420,1,19,33,-3,-3,0,3,-2,0,2,3,3,0,-1,2,3,0,0,0,0,-2,9,-2,9,7,-5,0,0,1,1,0,-1,3,1
KR_6677823719,420,2,56,1,-1,0,0,0,-2,1,3,1,3,2,-2,0,2,2,3,1,-1,-2,9,-5,8,3,1,0,0,-1,-1,0,-1,4,1
KR_6750043138,420,-2,-12,-26,-4,-2,2,4,-2,2,4,1,3,2,2,3,1,-3,1,4,0,0,-2,-4,9,5,-8,0,-1,-1,-1,-1,1,3,1
KR_6741851827,420,-2,-26,-37,1,-1,1,2,4,4,0,0,1,1,-2,1,3,0,1,1,2,4,22,5,6,11,-4,0,0,1,1,0,1,6,1
KR_6711995934,420,9,90,38,5,0,1,1,1,2,1,1,2,1,-1,0,1,4,4,0,0,10,13,5,2,7,0,0,3,1,1,1,-1,3,1
KR_6679184296,420,1,-62,8,1,4,5,1,-3,3,6,3,4,1,-3,3,6,0,1,1,1,-1,-12,-6,11,5,-7,0,-1,-1,1,-1,1,2,1
KR_6754647094,420,1,-36,23,7,-1,1,2,7,7,0,2,2,0,-1,1,2,0,1,1,0,14,-158,4,2,6,-2,0,0,0,1,0,1,0,1
KR_6744033349,420,1,22,13,1,0,3,3,0,1,1,-3,1,4,5,5,0,-1,0,1,0,5,6,5,1,6,0,0,1,-1,-1,1,-1,3,1
KR_6635157979,420,2,41,33,5,3,4,1,4,5,1,0,0,0,-3,1,4,1,2,1,1,-1,92,2,6,8,2,0,1,-1,1,1,-1,5,1
KR_6514554810,440,2,11,5,4,2,3,1,0,2,2,1,2,1,0,1,1,1,1,0,0,0,6,0,5,5,4,0,0,-1,1,1,1,2,1
KR_6758948255,420,-1,-25,8,-1,-3,1,4,1,4,3,-5,2,7,3,7,4,3,3,0,1,5,-2,1,4,5,2,0,-1,-1,-1,-1,1,4,1
KR_6764040214,420,2,59,-57,6,2,5,3,1,3,2,0,2,2,0,2,2,3,3,0,1,8,9,0,5,5,-1,0,3,-1,1,1,1,2,1
KR_6762813228,420,3,27,-29,12,4,4,0,6,6,0,0,3,3,0,1,1,2,2,0,1,13,-9,-2,6,4,4,0,1,1,1,1,1,1,1
KR_6743261778,420,0,-41,-11,5,2,4,2,4,6,2,-6,0,6,5,6,1,0,2,2,-1,8,10,3,3,6,-2,0,-1,1,-1,-1,-1,1,1
KR_6639170719,420,5,85,13,10,0,1,1,1,4,3,4,7,3,5,5,0,0,1,1,0,5,2,1,3,4,0,0,0,1,-1,1,-1,1,1
KR_6605159386,420,4,54,17,7,0,2,2,2,3,1,3,3,0,0,1,1,2,2,0,0,9,1,-1,4,3,4,0,1,1,1,1,1,2,1
KR_6760375412,440,0,13,4,3,-3,1,4,-1,2,3,3,4,1,3,5,2,1,1,0,0,0,0,-3,6,3,2,0,0,-1,-1,0,1,1,1
KR_6723710409,420,1,46,-14,2,3,5,2,4,5,1,1,2,1,-2,1,3,-4,0,4,0,2,-5,-1,7,6,3,0,0,1,-1,-1,1,4,1
KR_6730581826,440,2,45,16,7,3,5,2,0,3,3,-1,1,2,2,3,1,3,4,1,-3,2,5,1,5,6,-6,0,1,-1,0,1,-1,4,1
KR_6625220848,420,4,43,-1,12,-1,0,1,1,2,1,7,7,0,4,4,0,1,1,0,0,6,0,5,2,7,-2,0,2,1,-1,1,1,4,1
KR_6744659146,420,0,60,-21,-1,7,8,1,-9,0,9,0,3,3,3,3,0,-2,1,3,0,-11,-6,0,4,4,-3,0,2,1,1,1,-1,4,1
KR_6690863489,420,0,45,-16,-7,0,2,2,-7,2,9,4,6,2,-3,1,4,-1,0,1,0,-3,7,0,9,9,-7,0,0,-1,1,-1,-1,1,1
KR_6755368555,420,2,31,9,4,0,0,0,0,2,2,-1,0,1,4,5,1,1,1,0,0,10,-121,-2,7,5,1,0,0,-1,-1,1,1,2,1
KR_6727156878,420,0,-37,-24,2,3,4,1,0,2,2,-2,2,4,0,2,2,1,2,1,0,8,9,1,5,6,-2,0,0,-1,1,1,1,5,1
KR_6733366869,420,2,17,17,-5,1,1,0,-3,2,5,-2,2,4,-1,1,2,0,0,0,0,-10,-12,-5,10,5,3,0,0,1,1,0,-1,5,1
KR_6641628112,420,-2,-48,-8,-1,-1,0,1,4,4,0,5,7,2,-9,0,9,0,3,3,0,3,-19,4,6,10,-4,0,-1,-1,1,-1,-1,1,1
KR_6760511940,420,5,110,-20,13,4,4,0,1,3,2,4,5,1,4,6,2,0,1,1,4,16,42,2,8,10,-11,0,3,1,-1,1,1,4,1
KR_6766157308,420,-3,-82,0,-7,-1,3,4,-1,0,1,2,3,1,-8,1,9,1,3,2,0,-9,-34,2,5,7,14,0,-3,1,-1,-1,-1,6,1
KR_6715373389,420,-1,15,27,-2,-2,1,3,4,4,0,0,4,4,-1,4,5,-3,0,3,0,-4,22,8,2,10,-1,0,0,-1,1,1,1,3,1
KR_6762905998,420,2,30,40,6,-2,0,2,2,4,2,0,2,2,6,6,0,0,1,1,0,9,47,-1,4,3,-2,0,1,1,1,1,-1,1,1
KR_6762345759,420,0,42,-4,8,0,0,0,4,4,0,3,3,0,1,3,2,0,1,1,0,7,89,-1,5,4,4,0,-1,1,-1,-1,1,4,1
KR_6766217776,420,2,-11,9,6,0,0,0,3,5,2,3,4,1,0,2,2,0,1,1,0,12,25,2,5,7,-6,0,-1,1,-1,-1,1,2,1
KR_6733305993,420,4,-4,20,3,0,0,0,4,5,1,-2,1,3,2,5,3,-1,0,1,0,3,3,2,4,6,-2,0,0,-1,1,0,-1,5,1
KR_6764492656,440,0,1,6,-1,-1,2,3,-1,2,3,0,1,1,0,3,3,1,1,0,0,-3,-32,-1,5,4,-1,0,0,1,0,0,-1,4,1
KR_6692795586,420,0,10,27,4,-2,2,4,-2,3,5,6,6,0,0,2,2,2,2,0,0,5,-187,8,4,12,-1,0,1,1,1,1,1,2,1
KR_6753246329,420,1,62,20,-2,-1,3,4,3,4,1,-3,1,4,-3,3,6,2,2,0,1,-6,8,0,4,4,-4,0,-1,0,1,-1,1,0,1
KR_6757644501,420,3,33,2,11,2,3,1,2,4,2,2,5,3,6,8,2,-1,0,1,2,13,-7,-4,11,7,0,0,2,1,1,1,-1,6,1
KR_6685887038,440,0,-12,9,4,2,2,0,-4,0,4,2,2,0,3,5,2,1,2,1,0,0,-2,1,5,6,0,0,0,1,-1,0,1,4,1
KR_6641758924,420,3,49,-1,10,5,7,2,3,4,1,1,1,0,1,2,1,0,1,1,-1,4,-1,-1,7,6,1,0,1,-1,1,1,-1,2,1
KR_6415086265,420,-1,-63,14,-3,0,1,1,-3,2,5,-3,1,4,3,3,0,0,0,0,1,0,0,-2,9,7,1,0,1,1,-1,1,1,4,1
KR_6765919156,420,1,13,-6,6,2,2,0,1,2,1,2,3,1,0,1,1,1,1,0,0,5,-23,3,2,5,-1,0,0,1,0,0,1,6,1
KR_6764940143,420,6,32,21,15,2,3,1,3,4,1,9,12,3,3,4,1,-2,0,2,1,19,111,1,4,5,-1,0,1,1,1,1,1,2,1
KR_6764125075,440,4,16,-20,12,0,2,2,1,2,1,0,5,5,8,8,0,3,4,1,0,12,9,-1,5,4,0,0,2,-1,-1,-1,-1,6,1
KR_6748052332,420,-1,60,15,3,5,8,3,1,6,5,0,3,3,-1,1,2,-2,0,2,0,0,7,2,7,9,-2,0,-1,1,1,-1,1,1,1
KR_6746565176,420,7,58,8,12,1,2,1,2,3,1,1,2,1,7,8,1,1,2,1,0,8,-8,0,4,4,0,0,1,1,-1,1,-1,6,1
KR_6758416252,420,5,82,-7,9,6,7,1,-3,1,4,-1,2,3,6,8,2,1,1,0,0,13,-6,0,4,4,2,0,1,-1,1,1,1,2,1
KR_6733738420,420,0,38,0,5,-1,0,1,8,8,0,0,4,4,-1,4,5,-1,1,2,0,14,50,0,3,3,-3,0,1,-1,-1,1,-1,5,1
KR_6720845601,440,0,18,-12,3,3,3,0,0,2,2,2,4,2,1,1,0,-3,1,4,2,2,6,-5,7,2,-3,0,0,-1,-1,0,-1,4,1
KR_6754494111,420,0,15,-4,4,1,1,0,1,3,2,0,3,3,2,3,1,0,0,0,0,6,-22,0,2,2,-1,0,1,1,-1,1,1,2,1
KR_6683942921,420,2,25,0,5,0,3,3,-1,2,3,5,5,0,0,0,0,1,1,0,-1,-3,-5,1,3,4,5,0,1,1,1,1,1,1,1
KR_6745953862,420,-2,13,-4,2,0,2,2,-1,3,4,-1,3,4,2,2,0,2,2,0,0,3,219,2,4,6,4,0,1,1,0,1,1,6,1
KR_6645626837,440,1,-15,-12,6,-1,2,3,3,3,0,-1,1,2,5,5,0,0,2,2,0,8,3,1,4,5,4,0,1,-1,1,1,-1,6,1
KR_6680452358,420,11,185,-8,8,2,3,1,3,3,0,-1,1,2,2,3,1,2,2,0,0,12,5,3,4,7,4,2,7,1,1,1,-1,2,1
KR_6763951974,420,4,23,20,8,1,2,1,0,1,1,4,4,0,4,4,0,-1,1,2,0,4,-2,1,4,5,1,0,2,1,-1,1,-1,4,1
KR_6736874056,420,-5,-24,-25,-5,-3,2,5,-2,2,4,4,6,2,0,3,3,-4,0,4,0,-11,35,0,6,6,-8,0,0,1,1,0,1,3,1
KR_6631683506,420,-2,-44,7,-4,0,0,0,1,5,4,-3,1,4,-2,0,2,0,2,2,0,-2,34,-4,7,3,-4,0,0,1,-1,0,-1,2,1
KR_6735412709,420,3,101,11,3,0,1,1,-4,2,6,6,8,2,0,1,1,1,2,1,0,3,-121,-1,7,6,0,0,2,1,1,1,1,1,1
KR_6748018645,420,-1,-8,9,2,-1,0,1,6,7,1,-4,0,4,1,3,2,0,0,0,0,7,4,0,4,4,5,0,2,1,-1,1,1,2,1
KR_6753445602,420,0,0,-44,4,-1,2,3,2,5,3,-2,1,3,2,3,1,3,4,1,0,8,1,6,2,8,-4,0,-1,-1,-1,-1,-1,3,1
KR_6739163953,420,2,39,26,8,5,5,0,1,4,3,6,6,0,-2,1,3,-2,0,2,0,1,10,3,1,4,-1,0,2,1,1,1,1,3,1
KR_6760254029,420,0,44,-19,2,0,3,3,-2,1,3,3,4,1,3,4,1,-2,0,2,0,3,4,0,6,6,0,0,-1,-1,-1,-1,-1,6,1
KR_6746501202,420,0,-18,-34,1,0,1,1,1,3,2,-2,3,5,3,3,0,-1,2,3,1,11,12,-3,9,6,4,0,1,-1,-1,1,1,1,1
KR_6709893705,440,-1,91,-26,5,2,3,1,-1,0,1,1,3,2,1,1,0,2,3,1,1,3,-1,1,5,6,-2,0,1,1,1,1,1,2,1
KR_6685021249,420,0,15,8,1,0,1,1,3,4,1,-1,1,2,-1,0,1,0,2,2,0,7,12,-1,5,4,25,0,-2,-1,1,-1,-1,2,1
KR_6750262763,420,0,-4,7,1,-2,4,6,2,7,5,4,4,0,-2,0,2,-1,0,1,0,1,6,5,2,7,-3,0,-1,-1,1,-1,1,2,1
KR_6729584823,420,2,-1,12,5,-1,0,1,3,4,1,-1,3,4,2,2,0,2,2,0,-1,-1,-13,1,5,6,5,0,0,-1,1,0,-1,2,1
KR_6694163726,420,-2,22,-13,-6,-6,0,6,2,5,3,2,5,3,-4,3,7,0,1,1,0,-3,-11,-1,7,6,0,0,0,1,1,0,1,3,1
KR_6685187827,420,1,-19,3,3,1,4,3,1,1,0,-1,2,3,2,2,0,0,1,1,0,7,2,-1,4,3,-3,0,0,-1,1,1,-1,6,1
KR_6753244580,420,10,198,47,19,6,8,2,11,14,3,-4,1,5,6,6,0,0,2,2,-1,10,9,-4,8,4,3,0,4,1,1,1,1,6,1
KR_6727066653,420,5,81,31,15,-3,1,4,2,2,0,7,7,0,0,1,1,9,10,1,0,10,-94,-2,4,2,1,0,0,-1,1,1,1,2,1
KR_6753889976,440,4,42,21,4,1,1,0,3,5,2,1,2,1,-1,6,7,0,1,1,0,3,-2,-1,4,3,2,0,1,-1,1,1,1,6,1
KR_6758570904,420,0,-9,4,1,0,4,4,-2,1,3,-1,1,2,4,4,0,0,0,0,-1,-3,42,-4,9,5,-15,0,-1,1,-1,-1,-1,1,1
KR_6748200198,420,0,45,-14,-1,-1,0,1,0,3,3,-1,1,2,1,1,0,0,1,1,0,-3,-9,-3,5,2,4,0,0,1,-1,0,1,3,1
KR_6722356102,420,0,19,0,7,-1,2,3,2,5,3,4,4,0,5,6,1,-3,0,3,1,16,5,1,7,8,2,0,1,1,1,1,1,5,1
KR_6751673584,420,3,36,20,-1,3,3,0,3,5,2,0,2,2,-5,0,5,-2,0,2,-1,-11,0,-2,6,4,-4,0,0,-1,1,0,-1,6,1
KR_6692475234,420,6,81,-11,11,1,2,1,3,3,0,-2,2,4,9,10,1,0,0,0,0,28,0,2,3,5,-3,0,1,0,1,1,1,0,1
KR_6661569200,420,-2,-65,20,-4,-3,1,4,-1,3,4,0,2,2,0,2,2,0,0,0,0,-13,-15,1,3,4,-2,0,-1,-1,0,-1,1,6,1
KR_6716507478,420,4,44,30,0,2,4,2,-2,0,2,-2,0,2,-1,2,3,3,3,0,1,-3,197,-3,7,4,2,0,0,1,1,1,1,3,1
KR_6716771068,440,3,6,8,5,9,9,0,-2,3,5,0,0,0,0,1,1,-2,0,2,0,-9,-20,-1,6,5,4,0,1,-1,1,1,1,6,1
KR_6585918372,420,3,36,24,3,1,4,3,-1,2,3,6,8,2,-4,1,5,1,1,0,0,-2,-31,-5,11,6,-7,0,2,1,-1,1,-1,1,1
KR_6757207084,420,2,44,-3,3,0,0,0,-1,1,2,4,7,3,-1,1,2,1,1,0,0,-1,15,-3,4,1,-20,0,-2,-1,-1,-1,-1,3,1
KR_6747961686,420,1,60,-6,-2,3,5,2,0,1,1,0,3,3,-4,2,6,-1,0,1,-1,-9,3,-3,7,4,0,0,0,1,1,1,-1,2,1
KR_6720217622,420,5,129,2,13,4,5,1,-1,3,4,6,6,0,4,5,1,0,0,0,0,7,1,-2,7,5,4,0,2,1,1,1,1,2,1
KR_6703210174,420,1,25,-12,8,-1,0,1,6,7,1,1,1,0,1,4,3,1,2,1,0,8,21,-2,5,3,3,0,0,1,0,0,1,6,1
KR_6733785086,420,1,16,0,6,1,2,1,0,3,3,5,5,0,1,4,3,-1,0,1,0,0,-1,0,5,5,4,0,0,1,-1,0,1,4,1
KR_6741440251,440,2,32,11,5,-2,0,2,2,2,0,2,3,1,2,3,1,1,2,1,0,7,4,1,4,5,-7,0,1,1,1,1,1,1,1
KR_6757862436,420,4,79,0,19,3,4,1,5,6,1,0,5,5,10,11,1,1,3,2,0,21,-2,-1,4,3,3,0,2,1,0,1,-1,5,1
KR_6737795892,420,0,-18,-10,-2,-1,3,4,2,4,2,-5,1,6,-1,1,2,3,3,0,0,-1,4,1,4,5,-4,0,0,1,-1,-1,1,2,1
KR_6737935814,420,-1,36,-4,0,-1,1,2,3,6,3,-1,2,3,0,3,3,-1,1,2,0,-6,-6,-3,9,6,5,0,1,-1,1,1,1,4,1
KR_6761515148,420,-2,24,-4,0,-2,0,2,-2,3,5,1,1,0,2,4,2,1,1,0,0,5,-391,0,8,8,-1,0,-1,-1,-1,-1,-1,6,1
KR_6694818425,420,2,66,0,4,-1,2,3,1,5,4,4,8,4,2,5,3,-2,0,2,-1,-3,-3,-5,10,5,5,0,2,0,1,1,-1,0,1
KR_6637260500,420,2,17,14,10,2,3,1,3,4,1,0,0,0,5,8,3,0,1,1,0,11,29,0,6,6,0,0,0,1,1,1,-1,5,1
KR_6663851911,420,3,20,20,7,-1,0,1,3,6,3,4,5,1,0,1,1,1,4,3,1,9,147,-1,3,2,-1,0,1,-1,1,1,1,3,1
KR_6751252118,420,4,97,40,13,-2,1,3,7,7,0,3,4,1,4,5,1,1,1,0,2,13,1,-1,6,5,5,0,2,1,1,1,1,5,1
KR_6734604896,420,-1,-42,0,0,0,2,2,-2,2,4,4,4,0,-2,3,5,0,1,1,-1,5,1,-2,6,4,5,0,-1,1,-1,-1,-1,2,1
KR_6702594507,420,0,-11,19,-1,-2,2,4,-1,3,4,0,5,5,1,2,1,1,2,1,0,-1,-6,-5,8,3,2,0,0,1,1,0,-1,2,1
KR_6764888431,420,1,10,24,-3,0,3,3,3,4,1,0,3,3,-6,0,6,0,0,0,0,-10,3,-2,8,6,-2,0,0,-1,1,1,-1,1,1
KR_6740600247,420,0,-11,36,1,-2,0,2,3,5,2,-1,0,1,2,5,3,-1,1,2,1,-1,4,0,6,6,-2,0,-1,1,-1,-1,1,5,1
KR_6759559422,440,0,34,-12,-6,-6,0,6,6,8,2,-8,2,10,-3,1,4,5,8,3,1,-11,0,-4,5,1,2,0,2,-1,1,1,1,5,1
KR_6730383153,420,6,88,12,10,3,3,0,3,3,0,0,0,0,3,3,0,1,1,0,0,11,-42,1,4,5,6,0,0,1,1,0,1,2,1
KR_6505227399,420,-3,-12,-34,0,-1,0,1,2,4,2,2,5,3,-2,2,4,-1,0,1,0,3,47,-2,7,5,2,0,2,0,1,1,-1,0,1
KR_6748721908,420,0,0,-16,1,-3,0,3,2,2,0,-1,1,2,3,4,1,0,1,1,0,12,10,1,6,7,-1,0,0,-1,0,1,1,3,1
KR_6750157450,440,-1,37,-12,6,1,1,0,2,4,2,0,1,1,3,5,2,0,1,1,0,6,31,5,1,6,-1,0,-1,0,-1,1,1,0,1
KR_6695176517,420,2,10,22,1,0,2,2,0,1,1,4,4,0,-3,0,3,0,2,2,0,-1,-3,3,5,8,-2,0,0,-1,-1,0,-1,6,1
KR_6764829344,420,2,-33,-1,7,4,4,0,2,2,0,1,1,0,0,1,1,0,0,0,0,5,-43,2,4,6,20,0,0,-1,1,0,1,6,1
KR_6717258116,420,0,33,-22,6,1,2,1,4,7,3,-3,3,6,3,3,0,1,2,1,0,15,4,5,1,6,-4,0,-1,1,-1,1,1,4,1
KR_6751656650,420,-1,7,-31,3,2,2,0,3,4,1,-1,0,1,-1,1,2,0,1,1,0,2,-16,2,4,6,0,0,1,-1,1,1,1,4,1
KR_6746218249,420,-1,-23,10,1,-3,0,3,1,5,4,1,3,2,3,6,3,-1,0,1,0,-6,-10,-4,6,2,2,0,-1,0,1,-1,-1,0,1
KR_6714821250,420,2,-35,-9,4,0,2,2,2,5,3,-1,3,4,0,0,0,3,5,2,0,7,-2,0,2,2,3,0,0,1,-1,0,1,4,1
KR_6750149534,420,2,-7,20,-6,5,10,5,-4,2,6,-2,3,5,-6,1,7,1,1,0,0,-9,326,2,4,6,-1,0,0,1,1,1,1,6,1
KR_6758809667,420,4,22,16,4,1,4,3,4,7,3,-3,0,3,0,3,3,2,3,1,0,1,-6,-2,4,2,-1,0,0,1,1,0,1,2,1
KR_6760644330,420,3,24,0,7,-2,1,3,4,7,3,1,4,3,4,4,0,0,1,1,0,16,8,0,5,5,3,0,2,-1,1,1,1,3,1
KR_6757724640,440,3,61,-8,13,6,6,0,0,2,2,1,3,2,3,4,1,3,3,0,0,17,-15,1,2,3,-1,0,0,0,1,-1,1,0,1
KR_6756662486,420,-1,-25,-20,-2,2,2,0,1,3,2,1,2,1,-6,1,7,0,0,0,0,-4,40,-3,8,5,-16,0,-1,1,-1,-1,-1,6,1
KR_6751462312,420,-2,-49,4,-7,-2,1,3,-2,2,4,-3,1,4,-2,2,4,2,2,0,0,-3,-14,-6,9,3,6,0,0,-1,-1,-1,1,4,1
KR_6746632987,420,2,-27,25,2,1,3,2,3,6,3,-4,2,6,2,5,3,0,1,1,-1,4,24,0,1,1,3,0,1,-1,1,1,-1,5,1
KR_6698421476,420,-1,2,19,-7,2,4,2,-5,2,7,-3,2,5,-1,2,3,0,1,1,0,-14,-3,1,5,6,1,0,0,1,-1,1,-1,2,1
KR_6734731926,420,3,61,-2,12,0,1,1,3,4,1,2,2,0,3,3,0,4,4,0,0,14,2,4,4,8,6,0,2,1,1,1,1,1,1
KR_6764532737,440,4,41,29,8,0,2,2,5,7,2,-1,0,1,6,12,6,-2,2,4,0,11,-2,1,5,6,1,0,-1,1,-1,-1,-1,2,1
KR_6761626565,420,4,56,32,5,2,4,2,-2,1,3,1,3,2,3,6,3,1,1,0,1,6,-14,1,3,4,1,0,0,1,1,0,1,4,1
KR_6764911451,420,3,-7,31,6,0,2,2,0,1,1,5,7,2,1,4,3,0,1,1,0,18,17,3,3,6,-2,0,0,1,-1,1,1,5,1
KR_6704526734,420,3,56,26,9,-2,0,2,-2,3,5,2,4,2,7,9,2,4,5,1,1,8,4,0,3,3,-1,0,2,1,-1,1,-1,1,1
KR_6724183299,440,5,13,35,7,-1,0,1,2,2,0,3,3,0,4,4,0,-1,0,1,0,3,-15,1,3,4,3,0,1,1,0,1,-1,3,1
KR_6765891920,420,0,26,8,1,1,2,1,0,2,2,-4,0,4,7,8,1,-3,0,3,1,3,-13,-3,9,6,1,0,2,1,-1,1,-1,3,1
KR_6753061175,440,0,-67,36,8,0,2,2,12,12,0,-5,0,5,1,2,1,0,1,1,2,4,-2,-1,9,8,0,0,-1,1,-1,-1,1,6,1
KR_6677389338,420,3,52,9,1,3,3,0,1,2,1,-4,1,5,1,3,2,0,1,1,0,-6,-6,0,7,7,4,0,0,-1,1,1,1,1,1
KR_6698399151,420,-2,-20,-6,-1,-3,1,4,1,1,0,0,1,1,1,5,4,0,2,2,0,6,14,-4,8,4,0,0,0,1,-1,0,1,6,1
KR_6746062739,420,2,11,32,-2,1,1,0,1,5,4,-5,1,6,1,4,3,0,2,2,0,7,4,-1,5,4,-4,0,1,1,1,1,1,1,1
KR_6634748792,420,-5,-72,0,-4,-5,2,7,1,2,1,-1,1,2,-1,4,5,2,2,0,0,-7,10,4,1,5,0,0,-2,0,-1,-1,1,0,1
KR_6755268751,420,4,138,10,3,4,5,1,2,3,1,-2,0,2,0,2,2,-1,0,1,0,-1,9,1,1,2,0,0,4,1,-1,1,1,5,1
KR_6741165625,420,1,-45,8,1,-2,1,3,2,2,0,0,2,2,1,3,2,0,1,1,0,2,6,1,2,3,-4,0,0,1,-1,-1,-1,6,1
KR_6610457450,420,6,6,35,10,-7,0,7,8,10,2,2,3,1,8,8,0,-1,1,2,0,17,101,0,3,3,4,0,4,1,1,1,1,2,1
KR_6723745878,440,2,57,-17,11,-2,3,5,2,4,2,10,12,2,-2,3,5,3,3,0,0,8,9,-1,4,3,1,0,1,1,1,1,-1,4,1
KR_6730398733,420,6,81,5,10,2,4,2,0,1,1,4,4,0,4,5,1,0,0,0,1,6,11,1,5,6,0,0,3,1,1,1,1,5,1
KR_6686442711,420,5,15,32,5,3,6,3,1,2,1,1,3,2,0,3,3,0,1,1,1,-1,19,-2,5,3,2,0,3,-1,1,1,1,1,1
KR_6742280489,440,3,26,24,6,1,1,0,5,5,0,0,0,0,-1,3,4,1,2,1,0,8,3,3,7,10,0,0,1,1,1,-1,1,5,1
KR_6573937970,420,2,74,-6,3,2,2,0,3,5,2,-1,3,4,0,1,1,-1,0,1,0,4,0,1,2,3,-2,0,0,1,1,1,1,5,1
KR_6756886172,420,6,99,15,3,1,3,2,-7,2,9,1,5,4,7,8,1,1,5,4,0,1,-24,3,2,5,3,0,1,1,-1,1,-1,2,1
KR_6746250152,420,0,36,-20,-4,-1,2,3,-2,2,4,1,1,0,-3,0,3,1,1,0,0,-1,12,7,2,9,-4,0,-1,1,-1,-1,-1,5,1
KR_6763408372,420,2,-6,-21,3,-2,0,2,-1,5,6,3,5,2,1,4,3,2,2,0,0,5,-21,-4,5,1,3,0,0,1,-1,0,-1,4,1
KR_6756709865,420,0,34,-8,4,0,1,1,0,1,1,3,7,4,4,7,3,-3,0,3,0,-1,-3,0,5,5,1,0,1,-1,0,1,1,5,1
KR_6739998298,420,5,47,11,3,-6,2,8,3,3,0,-1,2,3,8,9,1,-1,0,1,0,6,-318,0,6,6,-1,0,0,-1,-1,-1,-1,4,1
KR_6149847628,420,1,12,-17,0,-2,0,2,0,3,3,2,3,1,0,1,1,0,0,0,0,5,-20,3,6,9,-11,0,0,-1,1,0,-1,5,1
KR_6438051729,440,1,17,-4,0,-2,2,4,-3,2,5,2,3,1,0,0,0,3,3,0,0,1,-3,0,5,5,5,0,0,-1,-1,1,-1,1,1
KR_6688452932,440,-1,-28,23,-2,3,3,0,0,3,3,-4,2,6,-2,1,3,1,1,0,0,-3,8,0,5,5,-5,0,0,1,0,0,1,5,1
KR_6764306356,420,2,53,-14,6,1,1,0,1,7,6,-2,3,5,3,3,0,3,3,0,1,13,9,2,3,5,0,0,1,-1,1,1,1,5,1
KR_6747437594,420,4,114,-20,17,11,11,0,4,8,4,2,4,2,0,1,1,0,2,2,0,8,-10,3,2,5,4,0,1,0,1,1,1,0,1
KR_6763984764,420,0,45,2,-2,2,2,0,-1,2,3,-1,3,4,-3,2,5,1,1,0,0,-2,10,4,3,7,3,0,1,-1,1,1,-1,1,1
KR_6744610975,420,4,73,-4,1,4,5,1,-1,1,2,-2,1,3,1,3,2,-1,1,2,0,2,-5,-2,6,4,6,0,0,0,1,1,-1,0,1
KR_6753750635,420,1,17,23,10,0,1,1,6,7,1,2,2,0,1,3,2,1,2,1,0,8,-4,-1,6,5,-2,0,1,1,-1,1,1,3,1
KR_6748037768,420,1,-46,8,3,-1,1,2,-2,1,3,2,3,1,1,2,1,3,3,0,0,12,-15,-5,8,3,2,0,1,1,0,1,1,3,1
KR_6680186428,420,0,2,12,1,-2,1,3,2,9,7,2,3,1,-3,0,3,2,2,0,0,3,247,1,6,7,2,0,1,-1,-1,1,1,3,1
KR_6753732822,420,2,3,1,6,-1,0,1,3,6,3,1,3,2,1,6,5,2,2,0,0,13,0,-1,8,7,7,0,1,1,-1,1,1,5,1
KR_6722838497,440,-2,-7,0,-4,0,4,4,-5,2,7,0,2,2,-2,3,5,3,4,1,0,-3,58,0,3,3,-17,0,0,1,1,1,1,3,1
KR_6713295406,420,3,26,-4,4,0,2,2,0,3,3,-2,2,4,5,5,0,1,1,0,0,0,40,4,2,6,-17,0,1,-1,-1,1,-1,1,1
KR_6761878352,420,0,-10,-2,3,7,7,0,-6,1,7,3,5,2,-1,2,3,0,1,1,0,-2,7,4,2,6,3,0,0,-1,1,-1,-1,3,1
KR_6755154884,420,4,22,-10,10,3,4,1,-2,1,3,8,8,0,-1,1,2,2,3,1,0,8,2,1,4,5,2,0,0,-1,0,0,-1,3,1
KR_6761361618,440,1,-42,-4,6,-4,0,4,2,2,0,3,3,0,4,8,4,1,1,0,0,12,4,0,7,7,-6,0,-1,1,0,-1,1,4,1
KR_6704517561,420,2,49,5,1,2,2,0,-4,2,6,1,4,3,-1,2,3,3,4,1,1,-1,0,2,4,6,1,0,0,-1,1,1,1,1,1
KR_6746185892,440,2,-9,-15,3,-1,0,1,0,2,2,5,5,0,-4,1,5,3,3,0,1,7,0,-4,5,1,1,0,1,-1,-1,1,1,5,1
KR_6762236094,420,3,32,19,3,1,3,2,-2,3,5,-4,1,5,7,8,1,1,2,1,0,3,-17,-7,11,4,5,0,1,1,1,1,1,2,1
KR_6675058458,420,1,17,8,2,-1,0,1,0,3,3,-2,0,2,4,7,3,1,1,0,0,-3,-22,-1,8,7,2,0,0,1,-1,0,1,2,1
KR_6685115346,420,0,-2,36,-3,3,3,0,-1,1,2,0,1,1,-4,1,5,-1,0,1,0,-8,43,1,7,8,4,0,2,-1,1,1,-1,6,1
KR_6743938080,420,2,40,-7,8,1,3,2,1,4,3,2,2,0,3,3,0,1,1,0,2,16,1,2,4,6,5,0,0,1,-1,0,1,6,1
KR_6710241551,420,-1,2,-10,-1,0,0,0,-1,3,4,2,3,1,-2,1,3,0,1,1,1,-2,-8,0,5,5,0,0,0,-1,1,0,-1,6,1
KR_6677878224,420,2,30,44,5,5,7,2,-1,3,4,-4,2,6,5,6,1,0,0,0,3,12,10,1,5,6,-2,0,-1,1,-1,-1,1,2,1
KR_6753188384,420,1,58,13,-7,-2,1,3,-1,1,2,-4,3,7,0,2,2,0,0,0,0,-11,-8,-4,7,3,-3,0,0,1,-1,-1,-1,1,1
KR_6549589743,420,-2,2,-3,3,-1,1,2,1,2,1,2,2,0,6,6,0,-5,0,5,1,4,3,5,4,9,0,0,0,1,1,0,1,4,1
KR_6727034447,420,6,78,31,13,3,3,0,6,6,0,0,2,2,4,6,2,0,1,1,0,12,6,5,4,9,0,0,3,-1,-1,1,1,3,1
KR_6747203348,420,1,24,-5,1,1,4,3,-2,1,3,-3,3,6,5,5,0,0,0,0,0,9,11,-1,5,4,5,0,0,1,-1,1,1,2,1
KR_6755101852,440,3,119,19,3,1,2,1,-1,1,2,1,4,3,0,5,5,2,2,0,0,2,-30,1,3,4,2,0,1,1,1,1,1,6,1
KR_6754772880,420,-2,-29,-5,-2,0,2,2,0,4,4,-3,2,5,0,3,3,1,2,1,1,1,13,3,3,6,1,0,0,0,-1,0,1,0,1
KR_6666581486,420,0,20,-32,11,7,7,0,2,3,1,0,1,1,2,3,1,0,0,0,0,16,9,-2,4,2,-1,0,1,-1,-1,1,-1,1,1
KR_6742209411,420,4,-17,35,7,1,2,1,6,6,0,-2,0,2,2,3,1,0,0,0,0,10,-1,-2,5,3,0,0,0,1,-1,0,-1,4,1
KR_6756103131,420,-2,7,-11,-6,-3,2,5,4,4,0,-5,0,5,-2,4,6,0,0,0,-2,-11,0,3,3,6,-6,0,-1,0,1,-1,-1,0,1
KR_6498433016,420,-3,-2,-22,-4,-1,1,2,-6,2,8,-2,3,5,4,4,0,1,3,2,0,2,-8,0,2,2,1,0,0,1,-1,1,1,6,1
KR_6684734833,420,-3,-11,-23,-5,-3,3,6,-4,2,6,-1,1,2,4,4,0,-1,0,1,1,6,0,0,5,5,-1,0,0,1,-1,1,1,2,1
KR_6742358490,420,2,11,-8,7,2,4,2,3,6,3,3,4,1,2,7,5,-3,0,3,2,2,11,3,2,5,1,0,1,1,1,1,1,3,1
KR_6710381395,420,6,100,12,7,7,7,0,2,3,1,0,2,2,-1,3,4,-1,1,2,0,2,7,5,4,9,-10,0,1,1,1,1,-1,4,1
KR_6738143783,420,4,20,7,5,0,1,1,3,5,2,1,2,1,0,4,4,1,2,1,-1,17,-8,0,5,5,3,0,0,1,-1,0,-1,6,1
KR_6605024204,420,2,-4,12,1,0,1,1,1,7,6,4,4,0,-3,1,4,-1,0,1,0,8,-1,3,2,5,0,0,0,-1,1,0,1,1,1
KR_6743107963,420,4,65,20,12,1,1,0,1,4,3,5,5,0,5,6,1,0,2,2,0,17,1,2,7,9,6,0,0,1,-1,1,1,4,1
KR_6671451759,420,2,40,40,3,5,5,0,0,1,1,0,6,6,-1,5,6,-1,0,1,0,-6,-63,-4,8,4,1,0,2,0,1,1,1,0,1
KR_6750401114,420,6,-18,4,15,0,2,2,2,2,0,8,9,1,4,5,1,1,1,0,0,6,-5,0,5,5,1,0,1,1,1,1,1,1,1
KR_6747317636,420,6,89,2,14,0,2,2,6,7,1,3,4,1,5,6,1,0,0,0,1,13,0,1,3,4,-1,0,1,-1,-1,1,1,6,1
KR_6703927510,420,5,45,-2,7,6,7,1,0,2,2,0,3,3,0,4,4,1,2,1,2,10,24,1,4,5,1,0,0,1,-1,1,1,6,1
KR_6753146409,420,-2,-10,-15,0,-2,1,3,1,3,2,3,5,2,-1,1,2,-1,1,2,0,-1,-9,1,8,9,7,0,0,-1,-1,0,-1,1,1
KR_6764254629,420,-1,-1,-15,-6,0,2,2,-2,2,4,-4,1,5,-1,2,3,1,1,0,0,-12,-8,1,6,7,-1,0,-1,-1,-1,-1,-1,3,1
KR_6732955026,420,4,13,12,11,3,3,0,0,1,1,4,5,1,2,3,1,2,5,3,0,15,8,5,4,9,3,0,1,1,1,1,1,4,1
KR_6696612566,440,0,-19,-8,-2,2,3,1,2,5,3,-2,1,3,-1,2,3,-3,1,4,0,-6,35,-1,6,5,0,0,0,-1,1,1,-1,4,1
KR_6735605316,420,4,11,47,8,4,6,2,1,4,3,-1,3,4,4,6,2,0,2,2,0,-2,-2,0,6,6,0,0,2,1,1,1,1,5,1
KR_6727022461,420,4,54,28,-2,-1,2,3,0,3,3,1,1,0,-4,0,4,2,3,1,0,1,-18,-2,5,3,7,0,1,1,1,1,-1,2,1
KR_6566989565,420,3,22,16,7,-1,1,2,4,5,1,1,2,1,4,5,1,-1,0,1,0,19,-111,-6,9,3,4,0,1,-1,1,1,1,4,1
KR_6765189995,420,2,-27,17,0,2,2,0,-2,1,3,2,5,3,-2,3,5,0,2,2,0,-2,-4,-5,5,0,4,0,0,-1,1,1,-1,4,1
KR_6750265454,420,5,22,-12,11,3,3,0,3,5,2,-2,1,3,0,3,3,7,7,0,0,15,-7,1,3,4,-1,0,1,1,-1,1,1,2,1
KR_6753927153,440,5,63,-4,9,3,3,0,-2,1,3,-1,0,1,8,9,1,1,2,1,0,13,-15,2,1,3,1,0,0,-1,1,1,1,1,1
KR_6551648094,420,2,61,-8,-1,2,2,0,-2,4,6,-1,2,3,1,1,0,-1,0,1,0,-4,15,0,4,4,-3,0,1,1,-1,1,1,4,1
KR_6738581816,420,-1,28,-12,-4,0,0,0,-4,2,6,2,2,0,-3,4,7,1,1,0,-1,-8,4,4,4,8,-1,0,0,1,-1,-1,-1,4,1
KR_6678297615,420,2,80,20,3,-1,1,2,5,6,1,1,2,1,-1,2,3,-1,1,2,0,6,-10,-2,8,6,9,0,0,1,-1,0,1,4,1
KR_6725524713,420,0,21,-11,2,3,3,0,-1,7,8,3,4,1,0,2,2,-3,1,4,0,-7,-51,2,6,8,35,0,0,-1,1,0,1,6,1
KR_6734994073,420,0,36,12,-5,2,3,1,-2,2,4,-4,0,4,-2,2,4,1,1,0,-1,-7,-14,-1,8,7,-2,0,1,-1,0,1,-1,5,1
KR_6714100381,420,-2,77,-44,-1,0,0,0,-2,3,5,1,1,0,1,1,0,-1,0,1,0,-4,-3,0,6,6,3,0,0,-1,1,0,-1,1,1
KR_6760691810,420,1,74,-8,4,4,4,0,0,3,3,-1,1,2,0,1,1,1,4,3,0,7,1,1,3,4,-4,0,1,-1,-1,1,1,4,1
KR_6617641476,420,1,-42,27,8,4,5,1,-1,4,5,1,2,1,4,4,0,0,0,0,1,10,23,-2,7,5,2,0,2,1,1,1,1,6,1
KR_6732915147,420,-2,-16,-24,0,0,1,1,-5,2,7,5,6,1,0,2,2,0,1,1,0,-6,-21,-1,6,5,2,0,0,1,-1,-1,1,4,1
KR_6765897434,420,1,3,24,-2,-5,1,6,3,5,2,1,2,1,2,2,0,-3,0,3,-1,-2,26,2,4,6,-4,0,0,-1,1,0,-1,4,1
KR_6601459054,420,1,-16,-12,3,-1,1,2,-2,4,6,5,8,3,4,5,1,-3,1,4,-1,4,-111,0,4,4,-1,0,0,1,1,0,-1,5,1
KR_6758356755,420,7,107,20,16,3,3,0,1,4,3,6,7,1,6,7,1,0,2,2,0,12,-3,-2,6,4,7,0,1,1,1,1,1,4,1
KR_6702795731,420,-3,-95,18,-1,-6,1,7,4,4,0,0,3,3,1,7,6,0,2,2,1,12,-5,1,4,5,-3,0,-1,1,-1,-1,1,3,1
KR_6759507926,440,0,33,0,-1,-7,1,8,2,2,0,2,6,4,1,5,4,1,3,2,0,-4,-30,-2,5,3,-3,0,0,-1,0,1,-1,3,1
KR_6766187849,420,1,31,18,5,-1,2,3,-2,4,6,8,8,0,4,5,1,-4,1,5,1,3,3,2,2,4,1,0,0,-1,1,1,1,4,1
KR_6764038843,420,5,114,10,10,0,2,2,2,2,0,5,6,1,3,4,1,0,1,1,0,12,-1,-4,8,4,1,0,0,1,-1,1,1,3,1
KR_6753103601,420,2,-9,20,1,-1,3,4,3,4,1,0,1,1,0,2,2,-1,0,1,0,-7,113,3,3,6,3,0,1,1,1,1,-1,3,1
KR_6728179166,420,1,48,-26,3,2,2,0,2,4,2,1,2,1,-2,1,3,0,0,0,0,6,-13,0,7,7,1,0,1,1,1,1,1,2,1
KR_6735471103,420,1,64,-13,7,-3,0,3,2,3,1,2,2,0,4,4,0,2,3,1,0,7,8,3,4,7,3,0,1,1,-1,1,1,4,1
KR_6711639144,420,-2,-3,-3,0,-1,4,5,1,1,0,3,7,4,-4,3,7,1,2,1,0,8,-10,-1,5,4,-3,0,-1,-1,1,-1,-1,4,1
KR_6758844012,420,0,1,11,2,3,5,2,-2,1,3,-1,1,2,1,2,1,1,1,0,0,2,3,-3,7,4,4,0,0,-1,1,0,-1,5,1
KR_6743980992,440,-3,28,-36,0,0,2,2,-2,2,4,-3,0,3,3,3,0,2,3,1,-1,0,-11,-2,6,4,1,0,0,0,-1,1,-1,0,1
KR_6712490577,440,1,-61,-12,-1,3,4,1,1,4,3,4,4,0,-7,5,12,-2,2,4,-1,-3,-2,1,6,7,2,0,0,-1,1,1,-1,4,1
KR_6765328221,420,0,24,0,3,-2,1,3,6,6,0,1,3,2,-1,0,1,-1,0,1,0,6,-38,4,1,5,17,0,-1,1,1,-1,-1,1,1
KR_6760723683,440,1,-5,15,10,2,5,3,2,4,2,-1,2,3,6,7,1,1,1,0,0,10,7,-3,8,5,-10,0,0,-1,1,0,1,6,1
KR_6753385051,420,2,-55,15,0,-1,1,2,2,2,0,1,1,0,-3,2,5,1,2,1,0,0,60,3,2,5,-3,0,-1,-1,1,-1,1,2,1
KR_6669082236,420,3,30,7,7,0,1,1,3,5,2,5,6,1,-1,0,1,0,0,0,0,9,9,6,2,8,-2,0,0,-1,1,0,1,2,1
KR_6755429404,420,2,39,4,7,4,4,0,1,4,3,0,2,2,0,4,4,2,2,0,0,1,5,3,2,5,-2,0,0,1,1,1,1,4,1
KR_6741820696,420,1,43,19,5,6,7,1,-3,1,4,2,3,1,1,3,2,-1,1,2,0,-1,9,7,3,10,-2,0,1,1,-1,1,1,5,1
KR_6755141799,420,1,31,8,4,2,4,2,-4,1,5,5,8,3,1,5,4,0,0,0,0,3,-3,-4,7,3,4,0,1,0,-1,1,-1,0,1
KR_6507827676,420,1,27,-8,1,-3,1,4,0,1,1,1,4,3,0,1,1,3,3,0,1,2,21,-1,6,5,-3,0,0,1,-1,1,1,3,1
KR_6625173635,420,1,69,-6,8,2,3,1,-3,1,4,3,5,2,7,7,0,-1,0,1,0,5,1,4,4,8,-3,0,-1,1,-1,-1,1,5,1
KR_6713048063,420,2,-92,-24,9,-1,1,2,8,13,5,0,3,3,2,5,3,0,0,0,0,19,3,2,6,8,-4,0,-1,0,1,-1,-1,0,1
KR_6765410130,420,-1,5,0,1,-3,0,3,1,5,4,0,1,1,3,7,4,0,3,3,0,6,-107,2,2,4,1,0,-1,-1,1,-1,1,4,1
KR_6762127535,420,0,-4,27,4,-3,1,4,2,4,2,1,1,0,4,6,2,0,0,0,0,11,15,2,3,5,4,0,0,-1,-1,-1,-1,5,1
KR_6724724547,440,4,101,47,7,-3,2,5,6,7,1,1,5,4,-1,0,1,4,6,2,0,-8,-71,-2,4,2,2,0,4,1,1,1,-1,6,1
KR_6733059090,420,0,19,11,-3,0,1,1,-4,3,7,5,6,1,-2,1,3,-2,1,3,0,0,373,-4,7,3,-1,0,1,1,1,1,-1,1,1
KR_6680647744,420,3,71,-11,9,1,4,3,1,2,1,8,9,1,0,2,2,-1,0,1,0,8,-1,-2,7,5,3,0,0,1,1,1,1,1,1
KR_6756678962,420,3,58,26,9,1,1,0,4,4,0,0,2,2,3,6,3,1,2,1,0,14,2,4,3,7,3,0,2,1,-1,1,1,6,1
KR_6734717632,440,2,-2,0,13,-1,1,2,2,4,2,6,8,2,0,1,1,6,7,1,0,20,-13,-4,11,7,0,0,0,-1,1,1,-1,5,1
KR_6759431453,440,2,-25,-8,7,2,2,0,-3,2,5,3,8,5,1,3,2,4,8,4,1,20,45,2,4,6,-1,0,0,1,0,0,1,4,1
KR_6685155027,420,4,85,4,10,1,5,4,6,8,2,1,3,2,6,7,1,-4,1,5,0,13,-1,-1,4,3,2,0,3,1,-1,-1,1,4,1
KR_6761426170,440,-5,-81,1,-7,-5,2,7,-2,0,2,0,1,1,-1,3,4,1,3,2,0,-2,-16,0,4,4,0,0,-1,1,-1,-1,-1,6,1
KR_6731065032,420,1,-24,21,4,1,2,1,-4,3,7,3,5,2,4,5,1,0,3,3,0,0,1,0,3,3,-2,0,-1,1,-1,-1,1,6,1
KR_6762284126,420,-1,38,5,4,-1,0,1,6,6,0,1,3,2,-2,2,4,0,0,0,0,14,3,5,3,8,0,0,0,1,-1,0,-1,1,1
KR_6675000545,420,1,9,24,-1,2,2,0,-2,2,4,-2,1,3,1,4,3,0,0,0,0,-3,12,4,4,8,-7,0,-1,1,-1,-1,-1,3,1
KR_6764388551,420,2,41,15,1,0,1,1,1,2,1,1,3,2,0,4,4,-1,0,1,0,0,4,-3,7,4,-1,0,0,1,1,0,-1,5,1
KR_6749029389,440,0,15,-21,5,2,2,0,1,1,0,-1,2,3,5,6,1,-2,2,4,0,0,-14,3,5,8,-2,0,0,-1,1,0,1,3,1
KR_6717768238,420,5,55,8,11,-2,1,3,2,3,1,2,3,1,7,7,0,2,2,0,0,8,1,0,6,6,4,0,1,1,1,1,1,1,1
KR_6686276856,420,4,28,14,9,-1,2,3,9,12,3,-3,1,4,4,4,0,0,1,1,0,2,-3,-1,5,4,-8,0,0,1,-1,-1,-1,1,1
KR_6742731843,420,2,-14,20,3,0,2,2,5,5,0,-4,0,4,2,8,6,0,0,0,0,1,4,2,4,6,-5,0,1,1,-1,1,1,5,1
KR_6757510543,420,2,76,13,5,1,3,2,3,4,1,1,1,0,1,2,1,-1,0,1,0,2,6,3,5,8,2,0,0,1,1,0,1,5,1
KR_6677822287,420,4,16,27,11,1,5,4,2,3,1,2,2,0,6,7,1,0,0,0,0,9,4,4,2,6,-3,0,1,1,1,1,1,1,1
KR_6698966756,440,4,14,-4,12,-2,2,4,6,6,0,-3,1,4,9,10,1,2,2,0,0,17,-24,0,6,6,-1,0,1,1,-1,1,1,3,1
KR_6742538138,420,-2,-13,-6,-1,-6,0,6,2,4,2,2,3,1,2,2,0,-1,1,2,0,9,8,2,5,7,-4,0,0,-1,-1,-1,-1,6,1
KR_6763280832,420,4,-3,36,6,3,3,0,-1,3,4,1,2,1,-2,0,2,5,5,0,0,5,-2,2,4,6,0,0,0,-1,-1,0,1,6,1
KR_6764916482,420,-3,-2,-8,-4,-1,1,2,1,3,2,-3,0,3,0,0,0,-1,0,1,0,-2,-4,-2,3,1,1,0,0,-1,1,-1,1,1,1
KR_6694865126,420,3,83,11,12,6,7,1,6,7,1,0,1,1,0,4,4,0,2,2,0,3,23,2,4,6,7,0,2,0,0,1,-1,0,1
KR_6699489767,420,5,52,-5,6,1,2,1,7,8,1,-3,0,3,1,1,0,0,0,0,0,9,-5,4,3,7,4,0,0,1,-1,0,1,4,1
KR_6764039705,420,2,44,-9,6,0,1,1,1,4,3,-2,4,6,8,9,1,-1,2,3,0,3,1,-1,4,3,-1,0,1,-1,1,1,1,4,1
KR_6756783486,440,2,31,12,-2,-1,3,4,1,2,1,-1,0,1,-1,0,1,0,0,0,1,-1,1,1,3,4,-5,0,0,1,1,1,1,5,1
KR_6743729389,420,0,-24,-8,3,-1,0,1,2,3,1,-2,0,2,4,5,1,0,0,0,0,3,-1,2,3,5,0,0,0,1,-1,0,1,3,1
KR_6761426118,420,3,25,27,5,1,1,0,1,3,2,0,1,1,3,4,1,0,0,0,0,3,129,0,4,4,0,0,1,-1,1,1,1,5,1
KR_6750568866,420,2,71,-20,10,2,2,0,1,3,2,1,4,3,6,8,2,0,1,1,0,7,-13,-6,9,3,7,0,0,-1,1,0,1,5,1
KR_6662175035,420,1,3,12,4,2,3,1,2,3,1,1,1,0,0,2,2,-1,1,2,0,3,-5,-4,8,4,0,0,1,-1,1,1,-1,6,1
KR_6748900304,420,1,21,26,7,-1,2,3,2,4,2,2,3,1,3,4,1,1,3,2,0,5,13,0,3,3,4,0,1,1,1,1,1,1,1
KR_6672158894,420,0,4,-12,-4,-1,0,1,-5,2,7,0,2,2,3,3,0,-1,1,2,0,1,-2,2,5,7,-2,0,1,1,-1,-1,-1,6,1
KR_6725278915,420,-1,66,4,-2,-1,0,1,6,8,2,-9,0,9,1,1,0,1,1,0,0,-4,-109,-1,5,4,1,0,0,1,-1,0,1,5,1
KR_6749355092,420,3,34,28,7,3,3,0,2,4,2,0,3,3,3,4,1,-1,0,1,0,7,1,2,6,8,-4,0,1,-1,1,1,1,4,1
KR_6697245076,420,-1,-33,-10,-3,0,3,3,3,5,2,-1,0,1,3,5,2,-8,2,10,0,0,-4,5,7,12,-2,0,-1,1,-1,-1,-1,4,1
KR_6732410311,420,2,31,9,3,7,7,0,-2,1,3,-1,1,2,0,2,2,-1,1,2,1,6,-7,2,5,7,3,0,0,1,-1,0,1,6,1
KR_6760068002,420,3,90,39,2,-4,0,4,2,3,1,1,2,1,3,6,3,0,1,1,0,6,1,2,6,8,0,0,1,1,1,1,1,3,1
KR_6719293050,420,1,-69,37,-1,-1,1,2,-5,1,6,4,6,2,0,1,1,1,1,0,0,-3,12,0,5,5,-1,0,0,1,-1,1,1,5,1
KR_6627948745,420,0,24,0,5,6,6,0,-4,2,6,2,3,1,2,4,2,-1,2,3,0,-5,7,6,3,9,1,0,2,1,1,1,1,6,1
KR_6747516081,420,1,62,1,-1,1,1,0,0,4,4,1,3,2,-1,2,3,-2,0,2,0,-4,-7,-6,7,1,0,0,2,-1,1,1,-1,6,1
KR_6721188590,440,0,-38,21,-2,-4,0,4,2,3,1,3,3,0,-3,2,5,0,1,1,0,-6,139,-1,6,5,-11,0,1,-1,1,1,-1,1,1
KR_6759875348,440,-3,-47,8,-2,-4,0,4,4,5,1,4,5,1,-3,0,3,-3,2,5,0,1,7,1,4,5,-2,0,-2,-1,-1,-1,1,3,1
KR_6763636971,420,1,-22,-12,1,5,5,0,0,3,3,3,5,2,-6,2,8,-1,1,2,0,4,8,-4,8,4,-3,0,-1,-1,-1,-1,1,6,1
KR_6760712022,420,-1,11,-8,1,3,5,2,-4,1,5,6,6,0,-2,1,3,-2,0,2,0,-5,1,-3,6,3,0,0,-1,-1,-1,-1,1,5,1
KR_6728779602,420,-1,7,-39,6,1,2,1,-3,6,9,4,4,0,3,3,0,1,1,0,2,9,8,1,2,3,1,0,1,-1,1,1,1,4,1
KR_6359812574,420,5,53,2,7,9,9,0,-3,1,4,-1,3,4,2,4,2,0,0,0,0,6,0,0,0,0,-3,0,2,-1,1,1,-1,1,1
KR_6615363922,420,-1,9,-14,-4,2,3,1,5,6,1,-3,0,3,-3,1,4,-5,0,5,0,-2,-13,-5,7,2,3,0,0,1,-1,1,1,1,1
KR_6751287809,420,5,24,33,11,1,2,1,2,5,3,4,7,3,4,5,1,0,3,3,0,12,22,-3,6,3,3,0,0,1,-1,1,1,4,1
KR_6713283188,420,0,-43,-25,-2,-3,0,3,5,8,3,3,7,4,-6,1,7,-1,0,1,0,3,-23,3,6,9,3,0,0,1,-1,0,-1,3,1
KR_6622092224,420,-1,0,-1,2,2,2,0,-1,6,7,-2,2,4,3,5,2,0,2,2,0,-5,7,-6,9,3,2,0,1,1,1,1,-1,5,1
KR_6612193966,420,5,68,24,11,1,1,0,4,4,0,0,2,2,6,8,2,0,0,0,0,11,-4,0,5,5,0,0,1,1,-1,1,1,4,1
KR_6751473253,440,0,-4,24,1,2,4,2,-3,2,5,1,2,1,-1,1,2,2,2,0,0,2,-7,-2,7,5,3,0,0,1,0,0,1,2,1
KR_6631532031,420,1,56,12,-3,1,1,0,-4,3,7,1,1,0,0,2,2,-1,0,1,0,-2,-142,2,1,3,0,0,0,-1,-1,0,-1,1,1
KR_6730781767,420,9,91,20,18,13,13,0,4,5,1,3,4,1,-2,5,7,0,0,0,0,18,0,0,4,4,7,0,2,1,1,1,1,1,1
KR_6731095605,420,0,59,0,0,-2,1,3,0,3,3,-1,3,4,2,6,4,1,3,2,0,-2,-8,-8,10,2,3,0,-1,1,-1,-1,-1,4,1
KR_6763098326,420,-2,-28,4,-3,1,1,0,-2,1,3,-4,1,5,2,4,2,0,1,1,1,-2,12,4,6,10,-5,0,0,-1,1,0,1,3,1
KR_6764051229,420,1,-10,12,2,1,2,1,2,5,3,-1,2,3,-1,1,2,1,2,1,-1,-1,-1,1,5,6,1,0,1,1,1,1,-1,4,1
KR_6582320485,420,5,28,43,4,1,3,2,2,4,2,3,3,0,-4,4,8,2,3,1,1,-2,-20,3,7,10,8,0,0,1,1,1,1,6,1
KR_6761306266,420,7,154,19,8,5,5,0,-4,2,6,-2,4,6,8,10,2,1,2,1,0,6,-16,0,6,6,10,0,3,1,1,1,1,1,1
KR_6712559249,440,1,1,-12,10,3,4,1,5,5,0,-2,0,2,0,1,1,4,8,4,1,10,16,2,3,5,-1,0,2,-1,1,1,1,3,1
KR_6601718416,420,2,92,17,0,0,2,2,-1,1,2,4,9,5,-2,1,3,-1,1,2,0,0,23,-1,5,4,1,0,0,1,-1,0,-1,5,1
KR_6738406508,420,2,61,-20,-1,2,3,1,0,2,2,-5,2,7,4,6,2,-2,0,2,0,-13,-3,0,7,7,2,0,1,-1,1,1,1,5,1
KR_6751856279,420,4,47,24,8,4,4,0,2,4,2,-2,1,3,2,3,1,2,2,0,0,10,-7,0,5,5,0,0,2,-1,0,1,1,1,1
KR_6664585000,420,3,38,4,0,-1,1,2,-1,4,5,2,3,1,1,2,1,-1,0,1,0,-4,-63,2,6,8,6,0,1,1,-1,1,1,1,1
KR_6646105741,420,3,57,-6,6,5,5,0,3,5,2,-1,0,1,-1,1,2,0,2,2,0,5,2,-1,9,8,2,0,1,-1,-1,1,1,3,1
KR_6735367947,440,2,26,18,9,9,10,1,-3,2,5,-1,3,4,2,2,0,2,4,2,0,10,-329,2,1,3,2,0,1,-1,-1,1,1,1,1
KR_6674741835,420,2,105,35,3,0,0,0,1,1,0,3,4,1,-1,2,3,0,0,0,0,-1,3,0,3,3,2,0,1,1,-1,1,1,3,1
KR_6687972570,420,1,1,4,11,2,2,0,9,13,4,0,4,4,-1,3,4,1,1,0,0,9,9,0,5,5,1,0,0,1,1,1,1,3,1
KR_6759816242,420,2,4,20,10,-2,0,2,8,9,1,2,3,1,3,5,2,-1,2,3,1,10,-3,1,2,3,0,0,1,1,1,1,1,2,1
KR_6596207687,420,6,59,52,8,0,1,1,1,6,5,5,6,1,3,4,1,-1,1,2,0,1,7,1,3,4,0,0,2,1,0,1,-1,4,1
KR_6762616861,420,1,3,-41,7,-1,1,2,-3,1,4,6,9,3,3,6,3,2,2,0,1,3,-2,2,5,7,2,0,2,-1,1,1,-1,2,1
KR_6683576594,420,4,17,29,10,1,2,1,4,6,2,4,5,1,0,2,2,1,2,1,0,14,5,0,1,1,-1,0,1,1,0,1,-1,2,1
KR_6595347644,420,3,-4,-5,14,9,9,0,7,8,1,-3,2,5,1,4,3,0,0,0,0,5,3,-2,5,3,3,0,1,1,-1,1,1,6,1
KR_6752014292,420,1,99,1,0,-2,1,3,0,2,2,-1,1,2,2,2,0,1,1,0,0,1,-69,3,4,7,-1,0,1,1,1,1,1,5,1
KR_6710476110,420,4,70,42,5,4,6,2,-1,2,3,-3,2,5,3,3,0,2,3,1,1,8,0,-3,5,2,1,0,0,1,-1,1,1,5,1
KR_6758369849,420,6,10,9,23,6,7,1,9,10,1,3,3,0,4,5,1,1,1,0,-1,23,0,0,4,4,1,0,1,1,1,1,-1,5,1
KR_6759491980,440,-1,-6,-8,1,0,2,2,-3,2,5,2,4,2,3,4,1,-1,4,5,1,-1,49,4,2,6,-34,0,1,-1,1,1,1,1,1
KR_6650492994,420,4,34,23,13,1,1,0,0,2,2,6,6,0,6,6,0,0,2,2,-1,12,-3,4,2,6,-1,0,0,1,-1,0,-1,3,1
KR_6751946810,420,5,54,8,13,0,1,1,6,7,1,2,4,2,4,4,0,1,2,1,1,22,16,-4,7,3,4,0,0,1,-1,1,1,5,1
KR_6758774134,440,2,55,1,9,6,8,2,-2,1,3,0,5,5,6,8,2,-1,0,1,2,7,-4,0,7,7,-4,0,2,0,0,1,1,0,1
KR_6754857418,420,0,-25,-8,1,-7,0,7,-1,2,3,2,3,1,3,4,1,4,4,0,0,10,224,1,4,5,2,0,-2,1,-1,-1,-1,1,1
KR_6721524205,420,0,-8,4,1,2,5,3,-1,1,2,-3,2,5,1,4,3,2,2,0,0,0,2,3,6,9,-2,0,-1,-1,1,1,-1,1,1
KR_6737238339,420,6,40,28,8,5,5,0,1,7,6,0,3,3,1,2,1,1,1,0,0,8,0,3,4,7,-1,0,0,1,-1,1,-1,2,1
KR_6761365217,440,4,54,8,9,-1,1,2,2,2,0,2,4,2,2,4,2,4,4,0,0,5,0,3,3,6,2,0,1,1,1,1,1,5,1
KR_6738433715,420,2,0,-2,-3,-8,3,11,4,5,1,-2,2,4,0,5,5,3,4,1,-3,1,0,-4,7,3,-3,0,-1,1,-1,-1,-1,2,1
KR_6645870258,440,2,2,9,0,-2,3,5,2,4,2,1,2,1,1,4,3,-2,1,3,0,0,369,-3,5,2,2,0,0,1,-1,1,1,3,1
KR_6755547324,420,-1,-7,22,-2,-2,1,3,6,7,1,-1,3,4,-5,0,5,0,1,1,-1,-2,4,0,6,6,4,0,-1,-1,1,-1,-1,4,1
KR_6660356699,420,6,53,22,15,4,4,0,0,0,0,8,9,1,5,5,0,-2,2,4,0,18,-13,-7,10,3,10,0,2,1,1,1,1,1,1
KR_6724847166,420,2,-13,12,8,-1,2,3,6,6,0,-2,1,3,3,4,1,2,2,0,0,19,163,3,4,7,22,0,-1,1,-1,-1,-1,1,1
KR_6710957533,420,-1,-42,1,3,-1,1,2,2,2,0,7,7,0,-3,2,5,-2,0,2,0,3,1,-3,9,6,0,0,-1,1,1,-1,1,6,1
KR_6742912092,420,1,51,24,4,3,3,0,1,6,5,-1,1,2,2,3,1,-1,1,2,0,-7,2,-2,5,3,4,0,0,1,1,0,1,3,1
KR_6693421102,420,1,-31,8,-2,-3,2,5,-3,2,5,4,8,4,0,2,2,0,0,0,0,2,-5,3,4,7,-2,0,-2,-1,-1,-1,-1,6,1
KR_6740001127,420,4,25,45,5,1,2,1,-1,2,3,0,1,1,5,7,2,0,1,1,0,6,7,1,4,5,2,0,2,1,-1,1,-1,3,1
KR_6667459711,440,0,-29,-21,1,2,2,0,0,1,1,-2,0,2,-2,0,2,3,3,0,0,0,144,1,3,4,2,0,0,1,-1,0,1,6,1
KR_6724878985,420,1,-10,-2,2,1,1,0,0,1,1,-1,1,2,3,8,5,-1,0,1,0,2,-24,3,7,10,7,0,0,0,-1,1,-1,0,1
KR_6647230622,420,5,22,12,8,1,2,1,4,4,0,2,3,1,2,2,0,-1,0,1,0,15,-56,3,3,6,32,0,1,-1,1,1,1,4,1
KR_6733019368,440,5,40,32,12,7,9,2,-2,4,6,1,3,2,3,4,1,3,5,2,0,4,-19,1,2,3,19,0,0,1,1,0,1,1,1
KR_6728826734,420,-1,-75,28,3,3,4,1,2,2,0,-2,3,5,-1,2,3,1,2,1,0,9,-45,2,5,7,36,0,0,1,1,0,-1,2,1
KR_6728950950,440,2,28,7,1,2,2,0,5,5,0,0,2,2,-5,0,5,-1,2,3,0,0,-6,7,3,10,2,0,0,-1,1,0,1,1,1
KR_6763597651,440,0,23,24,-2,1,2,1,-2,2,4,-2,0,2,2,2,0,-1,0,1,0,-4,4,6,2,8,-4,0,0,1,-1,-1,-1,1,1
KR_6761142590,420,-1,-76,9,-3,-4,0,4,1,2,1,3,6,3,-2,1,3,-1,0,1,0,2,-14,5,3,8,-4,0,0,-1,1,0,-1,6,1
KR_6761040338,420,1,16,8,-4,4,4,0,0,2,2,-3,2,5,-4,3,7,-1,1,2,-1,-15,4,0,6,6,-2,0,0,-1,-1,0,-1,5,1
KR_6746631872,420,-1,-35,0,0,-1,1,2,1,2,1,2,5,3,2,3,1,-4,1,5,0,-2,-20,3,5,8,4,0,-1,1,-1,-1,-1,4,1
KR_6645713498,420,5,35,8,8,-3,1,4,2,2,0,3,4,1,7,9,2,-1,1,2,0,13,-29,1,5,6,5,0,0,1,-1,1,1,5,1
KR_6641859601,420,-1,-40,3,-2,2,4,2,-2,4,6,2,4,2,-5,1,6,1,3,2,-1,-3,-1,5,4,9,-3,0,0,1,1,1,-1,4,1
KR_6633180278,420,1,17,0,1,6,8,2,-2,3,5,2,5,3,-2,2,4,-3,1,4,-1,-3,-20,4,3,7,4,0,0,-1,1,1,-1,4,1
KR_6727114026,420,1,17,10,-2,0,3,3,0,4,4,-3,1,4,-1,3,4,2,3,1,-1,-3,4,-4,12,8,-5,0,0,1,-1,0,-1,4,1
KR_6693278788,420,2,-34,15,11,4,5,1,2,2,0,6,6,0,-3,0,3,2,4,2,0,8,-20,5,2,7,3,0,0,0,1,-1,1,0,1
KR_6737232377,420,2,75,-16,11,-1,0,1,1,3,2,3,4,1,7,10,3,1,2,1,0,13,-10,-1,5,4,6,0,2,1,-1,1,1,3,1
KR_6740390516,420,3,-7,27,10,1,1,0,5,7,2,6,7,1,-4,2,6,2,4,2,0,14,2,3,2,5,5,0,0,1,1,-1,1,2,1
KR_6757667581,420,2,68,4,2,-1,1,2,1,2,1,8,12,4,-4,3,7,-2,0,2,0,0,6,1,4,5,1,0,0,1,0,0,-1,2,1
KR_6751916605,420,2,43,12,0,3,3,0,-1,2,3,-1,0,1,-3,1,4,2,2,0,0,-6,-490,-2,8,6,1,0,0,-1,-1,-1,-1,1,1
KR_6696346588,440,5,29,40,2,1,2,1,-1,2,3,0,4,4,2,3,1,0,1,1,0,-5,-108,0,3,3,-1,0,0,-1,-1,-1,1,2,1
KR_6747803320,440,1,-22,0,-2,4,6,2,-3,2,5,0,4,4,-1,2,3,-2,0,2,-1,-10,-26,-3,6,3,-1,0,-1,1,-1,-1,-1,3,1
KR_6741103067,420,-1,2,-46,0,2,3,1,-2,1,3,3,3,0,-4,4,8,1,1,0,0,-4,-6,-1,4,3,-1,0,0,-1,1,1,-1,2,1
KR_6653060854,420,0,-9,-37,-2,1,5,4,-2,4,6,-2,0,2,-2,2,4,3,3,0,0,-2,21,-8,10,2,2,0,-1,0,-1,-1,1,0,1
KR_6675717579,420,4,69,14,6,2,3,1,2,3,1,3,4,1,-1,0,1,0,1,1,0,5,263,0,4,4,4,0,1,-1,1,1,1,3,1
KR_6733184532,420,4,24,-4,11,4,7,3,-1,3,4,-2,4,6,3,4,1,7,7,0,0,10,-356,1,2,3,2,0,2,1,-1,1,1,4,1
KR_6709909051,420,-3,35,-55,5,-3,0,3,3,7,4,0,1,1,3,5,2,2,2,0,1,9,-7,0,3,3,-1,0,1,1,-1,1,1,1,1
KR_6736751671,440,3,81,21,1,1,3,2,-2,3,5,0,1,1,2,2,0,0,0,0,0,3,40,4,5,9,-1,0,0,-1,1,1,-1,2,1
KR_6644382636,420,6,99,-21,10,1,2,1,4,4,0,2,2,0,3,3,0,0,0,0,0,7,17,7,1,8,2,0,2,1,0,1,1,4,1
KR_6759181278,420,2,55,1,0,1,2,1,-1,4,5,-1,2,3,-1,4,5,2,3,1,2,9,29,9,2,11,-5,0,1,0,0,1,-1,0,1
KR_6753466538,420,0,48,-13,8,-1,0,1,2,6,4,6,7,1,0,3,3,1,1,0,0,13,-39,1,4,5,3,0,-1,1,-1,-1,1,5,1
KR_6765076550,420,2,-12,3,4,-1,1,2,3,3,0,3,4,1,0,2,2,-1,1,2,0,13,-2,-3,7,4,2,0,0,1,1,0,-1,4,1
KR_6676005119,420,-2,-32,2,-3,0,1,1,-2,1,3,1,3,2,-2,1,3,0,2,2,0,-10,1,-1,4,3,-1,0,-1,-1,1,-1,1,3,1
KR_6760904847,420,1,-5,-28,0,-1,3,4,2,3,1,0,2,2,-1,3,4,0,1,1,0,6,5,2,3,5,1,0,1,0,1,1,-1,0,1
KR_6747464315,420,2,0,17,3,3,4,1,-2,0,2,1,1,0,2,6,4,-1,2,3,0,-2,-13,-4,9,5,-1,0,0,1,1,0,-1,5,1
KR_6699944977,420,5,42,27,3,7,7,0,-1,2,3,-2,1,3,0,1,1,-1,0,1,0,-6,-9,-5,7,2,5,0,0,1,1,1,1,1,1
KR_6762911188,420,-4,-28,-14,-11,-5,1,6,-4,2,6,1,3,2,-3,3,6,0,1,1,0,-16,292,-6,11,5,-3,0,-3,1,-1,-1,1,1,1
KR_6596056681,420,2,30,9,7,1,2,1,3,3,0,-1,0,1,4,4,0,0,0,0,1,6,-104,-2,6,4,4,0,0,-1,1,0,1,1,1
KR_6760307641,420,3,16,24,5,4,7,3,1,2,1,0,2,2,0,1,1,0,0,0,0,3,-26,3,3,6,8,0,1,1,1,1,1,5,1
KR_6567107700,420,2,34,0,9,1,2,1,3,3,0,-2,0,2,5,6,1,2,2,0,0,8,-11,-1,5,4,4,0,0,-1,1,1,1,6,1
KR_6746545127,420,-1,10,14,2,-1,2,3,2,4,2,2,3,1,-3,1,4,2,2,0,0,-1,-122,-8,11,3,6,0,0,1,-1,1,-1,5,1
KR_6750977204,420,1,-34,4,3,-1,3,4,3,4,1,1,2,1,-3,1,4,3,3,0,0,6,13,1,3,4,-3,0,0,1,-1,-1,-1,4,1
KR_6746523546,420,3,42,-7,9,1,4,3,4,5,1,2,3,1,2,3,1,0,0,0,0,6,-5,-5,8,3,-1,0,0,-1,1,1,-1,6,1
KR_6642525442,420,1,1,12,10,1,5,4,4,4,0,7,8,1,-1,4,5,-1,1,2,0,6,-10,-1,5,4,1,0,1,1,1,1,1,3,1
KR_6749242394,420,2,-1,6,7,4,4,0,6,7,1,1,1,0,-2,1,3,-2,1,3,0,8,-15,3,2,5,-4,0,0,0,-1,-1,1,0,1
KR_6751642604,420,-4,-23,-7,-6,-5,1,6,-2,0,2,6,9,3,-1,3,4,-4,0,4,0,0,6,4,5,9,2,0,1,-1,1,-1,1,4,1
KR_6752136892,440,3,52,24,12,2,5,3,10,13,3,2,2,0,-1,0,1,-1,2,3,0,14,-235,3,2,5,4,0,1,1,1,1,1,2,1
KR_6692630028,420,1,33,-3,4,2,3,1,1,3,2,3,3,0,-3,4,7,1,2,1,0,-1,18,2,6,8,3,0,-1,1,-1,-1,-1,2,1
KR_6753819677,420,0,-1,23,2,-3,0,3,0,4,4,-1,3,4,4,4,0,2,3,1,1,5,-10,2,4,6,6,0,-1,1,-1,-1,1,6,1
KR_6750243950,420,0,45,32,6,-4,0,4,2,4,2,-1,1,2,7,7,0,2,3,1,0,7,26,-2,7,5,5,0,1,1,-1,1,1,2,1
KR_6649953919,420,0,19,19,-2,-1,2,3,-1,2,3,2,4,2,-3,1,4,1,1,0,0,-13,0,2,9,11,2,0,2,1,1,1,-1,4,1
KR_6651066214,420,3,94,16,2,-2,0,2,0,1,1,-1,2,3,4,4,0,1,2,1,0,4,0,0,4,4,0,0,1,-1,1,1,-1,6,1
KR_6697255453,420,5,18,19,8,-2,1,3,4,4,0,3,4,1,3,5,2,0,3,3,0,14,0,-1,5,4,4,0,0,1,1,0,-1,1,1
KR_6697500954,420,-1,56,14,2,-1,0,1,-1,2,3,0,2,2,4,6,2,0,0,0,0,10,-178,-1,7,6,2,0,1,1,-1,1,1,3,1
KR_6755349150,420,3,38,-32,7,2,3,1,1,2,1,2,4,2,3,5,2,-1,0,1,0,9,-5,3,5,8,1,0,0,-1,-1,0,-1,3,1
KR_6762482069,440,0,20,17,-1,0,3,3,-4,0,4,2,5,3,1,5,4,0,2,2,0,-9,-24,2,2,4,-3,0,-1,-1,0,-1,1,5,1
KR_6759081694,420,1,-14,-12,3,1,2,1,1,3,2,2,2,0,-1,1,2,0,1,1,0,5,-33,-4,5,1,0,0,0,-1,1,-1,-1,3,1
KR_6702549138,420,1,38,21,2,2,2,0,-3,2,5,1,1,0,1,1,0,1,1,0,1,1,-2,2,4,6,0,0,2,1,1,1,1,3,1
KR_6733512808,420,0,-25,-2,5,7,7,0,1,3,2,0,4,4,-3,0,3,0,0,0,0,10,6,5,3,8,5,0,0,-1,1,0,-1,2,1
KR_6764138505,420,2,106,7,4,8,9,1,1,3,2,-4,1,5,-2,1,3,1,1,0,0,-6,11,5,4,9,0,0,3,1,1,1,1,1,1
KR_6762653104,440,-3,-65,-11,-6,-2,0,2,-6,1,7,-1,2,3,4,5,1,-1,3,4,0,0,-8,-3,5,2,-1,0,-2,-1,1,-1,-1,4,1
KR_6682781782,420,1,-11,10,-1,-1,1,2,-3,1,4,1,4,3,-1,1,2,3,3,0,0,-3,120,2,2,4,3,0,1,1,-1,1,-1,3,1
KR_6750680534,420,0,-40,-8,-3,-6,2,8,1,3,2,0,2,2,4,7,3,-2,1,3,-2,-9,2,-5,9,4,0,0,1,1,-1,1,-1,4,1
KR_6669716195,420,3,1,0,4,0,0,0,1,3,2,0,2,2,5,7,2,-2,0,2,0,6,-3,-4,5,1,0,0,0,1,-1,-1,-1,4,1
KR_6761208645,420,2,29,-16,4,1,1,0,3,3,0,-1,1,2,1,1,0,0,0,0,0,3,-21,1,4,5,3,0,0,1,1,0,1,3,1
KR_6734594358,420,2,9,16,-3,2,2,0,1,3,2,-5,0,5,-1,2,3,0,1,1,0,-6,31,6,7,13,-5,0,0,-1,1,1,-1,2,1
KR_6760453436,440,0,-33,-20,5,-6,0,6,3,4,1,3,3,0,2,3,1,3,4,1,0,9,-10,-6,10,4,0,0,-2,-1,-1,-1,-1,5,1
KR_6758862329,420,-1,-68,7,1,-4,0,4,3,3,0,-2,1,3,5,5,0,-1,1,2,0,4,19,1,5,6,2,0,1,-1,1,1,1,6,1
KR_6671578600,420,3,3,27,10,1,3,2,3,4,1,1,2,1,3,4,1,2,2,0,1,9,11,4,2,6,3,0,2,1,-1,1,1,5,1
KR_6763671326,420,1,68,-15,4,3,3,0,-6,1,7,4,5,1,3,4,1,0,1,1,0,4,-4,-2,8,6,3,0,0,-1,1,1,1,6,1
KR_6757784574,420,2,45,12,7,0,1,1,2,4,2,5,5,0,1,1,0,-1,0,1,0,5,-13,3,3,6,1,0,0,1,1,1,1,2,1
KR_6764935413,420,2,34,0,7,0,2,2,2,2,0,2,6,4,2,4,2,1,3,2,1,10,6,0,5,5,-4,0,0,1,1,0,1,5,1
KR_6763820067,420,1,41,22,9,-1,0,1,3,6,3,5,6,1,2,5,3,0,2,2,0,12,-14,2,5,7,2,0,2,1,1,1,1,5,1
KR_6712659947,420,5,73,99,7,-3,2,5,5,5,0,4,6,2,1,3,2,0,1,1,2,14,40,3,0,3,1,1,4,1,1,1,1,6,1
KR_6756215989,420,-3,10,-14,-5,-2,2,4,2,2,0,-4,1,5,-2,5,7,1,1,0,0,-8,-113,12,0,12,-4,0,-1,1,-1,-1,1,6,1
KR_6418871102,420,-4,-54,12,-7,-1,2,3,-6,1,7,-2,0,2,3,3,0,-1,0,1,0,1,1,-1,8,7,1,0,-1,1,-1,-1,1,3,1
KR_6753243847,420,2,10,23,4,-1,2,3,-4,0,4,9,9,0,0,1,1,0,0,0,0,8,-39,6,3,9,4,0,1,1,-1,1,-1,3,1
KR_6697088670,420,1,-23,36,-1,-2,2,4,0,4,4,6,8,2,-2,1,3,-3,1,4,0,-2,9,-1,7,6,-1,0,0,-1,-1,0,1,1,1
KR_6757661516,420,2,-40,-6,7,-1,0,1,6,6,0,1,1,0,2,3,1,-1,0,1,1,10,93,2,3,5,0,0,0,1,1,0,1,2,1
KR_6670715553,420,3,14,17,6,3,3,0,-3,1,4,2,4,2,2,2,0,2,3,1,-1,2,15,3,6,9,3,0,1,1,1,1,-1,1,1
KR_6763606340,420,3,68,-8,9,9,9,0,-2,2,4,0,0,0,5,5,0,-3,3,6,0,3,193,1,6,7,6,0,-1,0,0,1,1,0,1
KR_6731446134,420,0,-8,28,3,-2,1,3,0,2,2,-1,2,3,4,6,2,2,2,0,0,7,-218,1,4,5,-2,0,0,-1,-1,0,1,3,1
KR_6751754241,420,2,60,-4,11,5,6,1,1,5,4,-3,1,4,3,4,1,5,6,1,2,14,36,2,4,6,0,0,2,-1,1,1,1,6,1
KR_6718546780,420,4,19,23,14,0,1,1,1,4,3,5,5,0,2,3,1,6,6,0,1,19,-6,3,3,6,7,0,0,1,-1,0,1,1,1
KR_6690685657,420,0,73,0,1,3,3,0,0,2,2,-4,0,4,2,8,6,0,1,1,0,-5,-5,1,4,5,3,0,1,1,-1,1,1,1,1
KR_6610945846,420,-1,61,21,-2,1,3,2,0,2,2,-2,2,4,-1,1,2,0,0,0,0,-4,5,3,5,8,1,0,0,-1,1,0,-1,1,1
KR_6719347399,440,1,1,16,1,3,4,1,1,1,0,-4,4,8,0,2,2,1,4,3,0,3,-4,-1,7,6,-1,0,0,-1,1,0,-1,5,1
KR_6648144953,440,1,51,-16,4,0,2,2,1,1,0,1,1,0,3,6,3,-1,0,1,0,6,-5,1,4,5,2,0,0,-1,1,1,1,3,1
KR_6711213388,440,2,28,-8,8,3,4,1,3,3,0,0,7,7,0,2,2,2,5,3,-1,3,-38,6,3,9,24,0,0,1,0,1,-1,5,1
KR_6738261171,420,3,65,8,8,6,7,1,0,5,5,1,3,2,0,3,3,1,2,1,0,6,15,4,2,6,-2,0,1,-1,1,1,1,3,1
KR_6757639545,420,4,42,43,3,2,3,1,1,3,2,3,3,0,-2,2,4,-1,0,1,0,-7,-4,2,5,7,-2,0,-1,1,-1,-1,1,6,1
KR_6652145746,420,0,-35,-28,3,-2,0,2,-4,1,5,5,5,0,4,4,0,0,0,0,0,5,-1,5,3,8,3,0,-2,1,-1,-1,1,1,1
KR_6528772969,420,3,37,8,4,4,6,2,-1,0,1,0,1,1,1,3,2,0,0,0,1,0,-2,2,3,5,-2,0,1,1,-1,1,1,1,1
KR_6758819340,420,1,-69,10,6,0,3,3,3,3,0,1,4,3,2,5,3,0,3,3,0,7,-8,-3,6,3,1,0,0,1,1,1,-1,3,1
KR_6537436550,420,0,-50,8,4,0,1,1,-3,0,3,5,6,1,2,4,2,0,0,0,0,2,-83,-2,6,4,34,0,-1,-1,1,-1,1,4,1
KR_6702491449,420,0,-11,-17,-2,-3,0,3,1,6,5,-1,2,3,-1,5,6,2,3,1,-1,3,-6,3,5,8,2,0,-1,-1,1,-1,1,1,1
KR_6765959976,440,3,120,40,4,0,2,2,4,5,1,3,3,0,-2,2,4,-1,0,1,0,0,-161,3,1,4,-1,0,0,-1,1,1,-1,1,1
KR_6743926958,420,0,4,20,6,3,3,0,2,2,0,1,3,2,-3,1,4,3,3,0,0,6,-4,0,3,3,-1,0,0,1,-1,-1,1,2,1
KR_6523528360,420,2,-24,-3,6,1,2,1,0,1,1,1,1,0,4,4,0,0,0,0,0,9,228,0,5,5,5,0,3,1,1,1,1,2,1
KR_6697529503,420,3,22,-2,10,3,4,1,1,4,3,0,3,3,-4,0,4,10,10,0,0,2,-6,-7,9,2,2,0,1,-1,1,1,1,2,1
KR_6608792938,420,2,37,-4,3,0,3,3,5,6,1,-2,1,3,3,5,2,-3,0,3,0,1,-17,0,5,5,3,0,1,1,-1,1,1,6,1
KR_6755456765,420,7,71,36,10,2,4,2,2,4,2,7,9,2,0,1,1,-1,1,2,1,14,-2,4,2,6,5,0,3,1,1,1,1,6,1
KR_6736131142,420,4,47,28,-2,-2,2,4,3,3,0,-1,2,3,-1,1,2,-1,0,1,0,-6,46,-4,6,2,-16,0,1,1,-1,1,-1,6,1
KR_6601635028,420,2,54,-8,7,2,2,0,1,2,1,-1,0,1,0,4,4,5,5,0,0,1,-17,-3,6,3,1,0,0,-1,1,1,1,5,1
KR_6761322038,420,1,-28,46,-3,-2,2,4,3,3,0,1,3,2,-5,2,7,0,1,1,-1,-7,234,0,7,7,2,0,-1,1,1,1,-1,4,1
KR_6585896840,420,3,61,8,12,-2,0,2,7,8,1,2,3,1,7,8,1,-2,2,4,0,16,-2,-3,10,7,3,0,3,1,-1,1,1,5,1
KR_6747531714,420,-1,-2,-12,-3,2,3,1,-4,2,6,0,2,2,0,1,1,-1,1,2,0,0,6,0,5,5,1,0,0,1,1,0,-1,4,1
KR_6743294301,420,1,26,-12,8,2,2,0,1,3,2,0,1,1,6,8,2,-1,0,1,0,15,2,-1,4,3,1,0,1,1,-1,1,1,3,1
KR_6728588235,420,-1,-24,20,2,2,5,3,1,3,2,0,2,2,-4,1,5,3,3,0,-1,2,-35,-5,6,1,2,0,-3,1,-1,-1,-1,2,1
KR_6748472257,420,4,35,23,4,0,2,2,0,4,4,-3,2,5,5,8,3,2,3,1,0,3,2,0,4,4,0,0,2,1,0,1,-1,6,1
KR_6752025619,420,-2,13,-1,-1,-2,1,3,1,2,1,-2,4,6,1,3,2,1,1,0,0,7,114,0,5,5,0,0,-1,1,-1,-1,1,4,1
KR_6694877360,420,2,26,-36,5,-2,2,4,1,2,1,5,8,3,-1,2,3,2,3,1,-1,0,125,7,3,10,-4,0,1,1,1,1,-1,5,1
KR_6594723517,420,2,24,35,6,-1,1,2,0,5,5,-1,0,1,5,8,3,3,3,0,0,5,-10,-4,8,4,2,0,0,-1,-1,-1,-1,5,1
KR_6758032703,420,2,35,10,3,5,5,0,-3,2,5,-1,0,1,1,2,1,1,2,1,0,-4,1,0,6,6,-4,0,0,1,1,1,1,5,1
KR_6730407518,420,2,53,4,11,-1,1,2,1,2,1,6,8,2,4,6,2,1,1,0,0,16,9,7,3,10,-1,0,2,-1,-1,1,1,4,1
KR_6759693772,420,4,31,44,4,2,3,1,1,3,2,0,0,0,0,1,1,1,1,0,0,5,9,5,2,7,-6,0,1,1,0,1,-1,6,1
KR_6582296946,420,1,81,10,0,2,6,4,-1,4,5,1,7,6,0,2,2,-2,0,2,-2,-7,-10,0,2,2,-2,0,1,1,1,1,1,1,1
KR_6668273317,440,2,-25,8,5,-3,0,3,0,4,4,2,3,1,-2,1,3,8,8,0,0,15,11,2,5,7,4,0,2,1,1,1,-1,5,1
KR_6760677907,440,6,78,3,19,8,8,0,3,4,1,5,9,4,2,5,3,1,2,1,1,23,-15,3,4,7,3,0,1,1,0,1,1,2,1
KR_6765321825,420,0,-29,-8,4,3,3,0,-1,3,4,0,1,1,0,3,3,2,3,1,-1,4,0,-3,8,5,2,0,1,-1,1,1,-1,3,1
KR_6762585497,420,3,51,20,7,0,2,2,0,1,1,3,3,0,4,7,3,0,0,0,0,9,29,5,4,9,0,0,1,-1,1,1,1,5,1
KR_6726786387,420,2,33,4,5,2,3,1,4,6,2,2,3,1,-2,3,5,-1,1,2,0,0,-2,-3,5,2,0,0,1,1,1,1,-1,1,1
KR_6575481018,420,4,13,21,4,-1,1,2,-1,1,2,2,4,2,1,1,0,3,4,1,0,8,157,-1,7,6,4,0,0,-1,-1,0,-1,5,1
KR_6763056816,420,-2,-49,-44,-4,3,5,2,-1,3,4,-3,0,3,-1,3,4,-2,1,3,-2,-8,12,2,8,10,-1,0,1,-1,1,1,-1,1,1
KR_6731343236,420,8,88,44,16,1,2,1,8,8,0,4,4,0,3,3,0,0,2,2,0,11,27,-1,7,6,3,0,4,1,1,1,-1,3,1
KR_6711115910,420,2,-18,40,-2,0,0,0,-3,3,6,7,7,0,-2,3,5,-4,1,5,1,-2,-21,-1,7,6,0,0,0,1,-1,-1,1,5,1
KR_6762989586,420,5,56,22,7,2,3,1,6,6,0,4,4,0,-5,3,8,0,1,1,0,6,-12,-2,5,3,-1,0,0,1,0,0,-1,6,1
KR_6692748481,420,1,-22,3,6,-2,0,2,2,6,4,1,1,0,3,4,1,2,4,2,0,4,-22,0,3,3,4,0,0,0,1,0,1,0,1
KR_6750313801,420,2,-26,53,-3,-2,4,6,3,3,0,4,4,0,-6,2,8,-2,0,2,1,-2,11,4,5,9,0,0,1,-1,1,1,1,2,1
KR_6684703738,420,-1,-13,15,-5,0,0,0,-6,2,8,-2,2,4,3,3,0,0,2,2,-1,-7,-2,-1,5,4,3,0,-1,-1,-1,-1,-1,6,1
KR_6687462402,420,4,57,5,6,5,7,2,1,2,1,1,1,0,-1,4,5,0,0,0,0,-1,10,-4,5,1,0,0,2,1,-1,1,-1,3,1
KR_6739831344,420,5,99,-12,16,6,6,0,-1,1,2,2,4,2,2,4,2,7,7,0,1,9,46,5,1,6,-17,0,1,1,1,1,1,1,1
KR_6727025557,420,4,113,-16,6,2,3,1,0,2,2,-1,1,2,4,5,1,1,2,1,0,7,2,1,5,6,1,0,3,1,-1,1,1,2,1
KR_6727038085,420,4,49,44,9,2,2,0,2,3,1,2,6,4,5,6,1,-2,0,2,0,17,-25,1,5,6,-3,0,1,1,0,1,-1,1,1
KR_6759481242,420,4,33,33,10,2,2,0,1,2,1,5,8,3,1,6,5,1,1,0,-1,2,-10,4,2,6,-1,0,2,1,1,1,-1,5,1
KR_6756325157,420,1,46,11,2,0,1,1,5,5,0,1,2,1,-1,4,5,-3,2,5,0,-3,-1,0,7,7,-5,0,2,-1,1,1,-1,4,1
KR_6750346175,420,2,39,-20,6,-2,0,2,4,7,3,0,3,3,5,7,2,-1,1,2,0,8,4,2,3,5,-6,0,1,1,0,1,1,6,1
KR_6518730294,420,1,-4,-5,-1,1,2,1,4,6,2,-3,2,5,-6,1,7,3,3,0,0,5,-1,2,5,7,-7,0,0,-1,-1,-1,-1,4,1
KR_6762366193,420,0,120,-4,0,1,3,2,-2,0,2,4,4,0,-2,1,3,-1,0,1,0,-6,12,5,2,7,-2,0,1,1,1,-1,1,2,1
KR_6671342448,420,-1,1,24,2,3,5,2,-1,4,5,2,2,0,-2,1,3,0,1,1,0,-3,-24,-1,7,6,7,0,-1,1,-1,-1,-1,4,1
KR_6667583301,420,0,44,-15,-1,-1,0,1,0,8,8,2,4,2,-2,1,3,0,0,0,0,-2,2,1,5,6,1,0,0,-1,-1,-1,-1,1,1
KR_6677858526,420,2,-20,-2,11,-3,1,4,5,7,2,2,3,1,5,5,0,2,2,0,0,16,105,6,2,8,0,0,0,1,1,1,1,1,1
KR_6677799310,420,3,14,32,9,4,4,0,2,3,1,-1,2,3,2,3,1,2,2,0,0,3,4,4,1,5,0,0,1,1,1,1,1,1,1
KR_6634604547,420,2,-20,-6,1,-4,2,6,4,5,1,-1,1,2,1,2,1,1,2,1,0,11,-46,3,3,6,19,0,-1,1,-1,-1,-1,1,1
KR_6761316950,440,2,0,20,3,4,4,0,-3,1,4,1,2,1,1,7,6,0,1,1,-1,-2,-24,1,6,7,5,0,1,1,0,1,-1,5,1
KR_6756332941,420,-1,61,14,-2,-3,1,4,1,4,3,2,3,1,-1,3,4,-1,2,3,0,-3,11,7,1,8,-6,0,-1,1,0,-1,1,1,1
KR_6686569733,420,2,9,-2,6,1,2,1,7,7,0,0,0,0,-2,0,2,0,0,0,-1,2,16,2,6,8,-8,0,0,1,-1,-1,-1,1,1
KR_6764658050,420,2,-54,-20,6,1,3,2,-1,2,3,5,5,0,0,1,1,1,1,0,0,6,-6,1,5,6,1,0,-1,1,-1,-1,1,6,1
KR_6432446153,420,0,2,10,4,5,5,0,-2,2,4,-2,0,2,3,4,1,0,2,2,0,4,18,0,6,6,-3,0,1,1,1,1,-1,6,1
KR_6756250996,420,1,8,44,-8,1,4,3,3,4,1,-8,1,9,-2,1,3,-2,0,2,0,-9,1,4,3,7,-1,0,-2,1,-1,-1,-1,3,1
KR_6762126726,420,-2,-68,8,-4,-4,3,7,-4,3,7,4,6,2,-2,0,2,2,2,0,0,3,-2,-1,4,3,-5,0,-1,-1,-1,-1,-1,1,1
KR_6709837731,440,2,34,31,0,3,3,0,2,3,1,1,2,1,-3,1,4,-3,2,5,0,1,-10,4,1,5,1,0,0,-1,1,0,1,4,1
KR_6757129321,440,-2,-43,-12,-5,-6,0,6,2,4,2,-1,0,1,3,4,1,-3,0,3,0,3,54,3,2,5,-1,0,0,1,-1,-1,1,5,1
KR_6751902891,420,0,-17,-24,6,2,3,1,1,5,4,2,3,1,2,3,1,-1,1,2,0,8,-41,-2,7,5,30,0,0,1,-1,0,-1,6,1
KR_6745866049,420,1,12,-12,-2,0,0,0,-1,1,2,4,4,0,-7,1,8,2,2,0,0,-6,-5,-1,7,6,0,0,-1,-1,-1,-1,1,6,1
KR_6614640172,440,3,-2,8,7,2,3,1,-1,0,1,3,4,1,0,1,1,3,4,1,0,6,52,-1,3,2,0,0,-1,0,1,-1,1,0,1
KR_6760172261,420,2,30,32,9,0,0,0,1,5,4,9,9,0,3,4,1,-4,0,4,0,8,24,-1,5,4,1,0,1,-1,-1,1,1,2,1
KR_6720699338,440,1,-4,29,-6,0,2,2,-3,3,6,-3,2,5,0,2,2,0,2,2,-1,-10,-3,-5,8,3,-1,0,-1,1,-1,-1,-1,2,1
KR_6615028993,420,4,72,-5,6,1,1,0,-3,0,3,-3,0,3,7,8,1,4,4,0,2,9,8,2,2,4,-4,0,0,1,-1,1,1,1,1
KR_6696565018,420,-2,-16,6,-2,1,3,2,-1,2,3,1,1,0,-3,4,7,0,1,1,0,0,-2,-2,4,2,4,0,0,-1,1,1,1,2,1
KR_6752197319,440,-1,-17,-24,4,-1,1,2,2,2,0,5,5,0,-4,3,7,2,3,1,0,2,0,-1,5,4,1,0,-1,0,1,-1,1,0,1
KR_6760779093,420,2,17,0,10,2,3,1,8,9,1,-1,2,3,1,3,2,0,1,1,1,7,-3,3,3,6,-3,0,0,0,1,1,1,0,1
KR_6608718073,420,2,19,-20,8,0,3,3,-1,1,2,3,6,3,6,9,3,0,1,1,0,9,214,3,3,6,0,0,0,0,1,0,1,0,1
KR_6702074217,420,6,96,5,17,9,9,0,1,4,3,-4,0,4,8,8,0,3,4,1,0,16,1,-4,7,3,5,0,2,1,1,1,-1,3,1
KR_6647939892,440,-2,-6,4,-9,-3,1,4,-2,2,4,-2,1,3,-1,1,2,-1,1,2,0,-13,-6,-4,8,4,0,0,-1,1,-1,-1,-1,4,1
KR_6717448592,420,-5,-38,-23,-6,3,3,0,3,4,1,-6,3,9,-6,2,8,0,0,0,-1,-5,-4,3,2,5,-1,0,-2,-1,1,-1,-1,6,1
KR_6688305426,420,-2,-13,28,-6,-6,1,7,1,1,0,-3,0,3,2,2,0,0,1,1,-1,-9,-3,-2,7,5,-3,0,-1,1,-1,-1,-1,3,1
KR_6762378477,420,0,-5,-15,1,1,1,0,-3,1,4,-1,0,1,0,4,4,4,4,0,0,0,-52,-3,4,1,0,0,0,-1,1,0,1,3,1
KR_6180319984,420,0,-39,-19,2,3,3,0,-1,3,4,2,3,1,0,0,0,-2,0,2,0,-6,20,3,7,10,-3,0,1,-1,1,1,1,3,1
KR_6750630136,420,2,-32,51,6,3,3,0,1,2,1,0,3,3,1,4,3,1,1,0,0,6,120,-1,4,3,21,0,0,1,1,-1,1,2,1
KR_6753463970,440,3,13,69,10,-1,0,1,0,0,0,0,3,3,6,7,1,5,5,0,0,5,-20,4,1,5,0,0,1,1,0,1,1,6,1
KR_6548628546,440,-1,-55,-6,-4,4,5,1,0,2,2,-5,0,5,1,7,6,-4,0,4,0,-8,6,-4,10,6,1,0,0,-1,1,1,1,2,1
KR_6745995769,440,1,-54,-11,-1,2,4,2,1,4,3,1,3,2,-1,4,5,-4,1,5,-1,6,0,-2,3,1,-2,0,-1,-1,-1,-1,-1,1,1
KR_6713822861,440,-1,-28,9,0,2,3,1,6,8,2,-5,0,5,0,4,4,-3,3,6,0,-1,7,4,1,5,-2,0,0,1,-1,0,-1,5,1
KR_6757576387,420,0,-1,-28,3,-7,0,7,5,6,1,3,3,0,1,3,2,1,1,0,0,6,-185,0,4,4,1,0,-1,1,-1,-1,-1,3,1
KR_6639514305,420,4,32,8,11,-1,2,3,6,7,1,3,3,0,3,4,1,0,0,0,0,12,8,-1,6,5,5,0,0,1,-1,-1,1,1,1
KR_6752757655,420,-1,29,20,-7,2,4,2,-4,4,8,-2,0,2,0,2,2,-3,0,3,0,-11,-4,4,2,6,-4,0,0,1,1,-1,1,6,1
KR_6762212422,440,1,34,-10,3,0,2,2,0,2,2,-3,2,5,10,10,0,-4,0,4,0,8,-221,-1,8,7,1,0,-1,1,-1,-1,-1,1,1
KR_6765790231,440,3,95,24,-5,1,2,1,-3,5,8,-1,1,2,-3,3,6,1,3,2,-1,6,-39,-5,10,5,3,0,1,0,-1,1,-1,0,1
KR_6762674414,440,0,16,-12,-1,-4,0,4,2,2,0,0,1,1,1,2,1,0,1,1,0,2,-113,4,6,10,-3,0,0,-1,1,0,-1,3,1
KR_6735088012,420,-1,-56,45,-1,-1,1,2,4,6,2,0,2,2,-2,1,3,-2,1,3,0,-3,0,-2,6,4,2,0,-2,1,-1,-1,-1,3,1
KR_6760547828,420,5,38,-9,11,0,1,1,5,5,0,-1,2,3,5,8,3,2,3,1,2,23,4,-1,7,6,2,0,1,1,1,1,1,3,1
KR_6591178499,440,0,-17,4,-1,-3,0,3,3,6,3,-1,3,4,1,4,3,-1,1,2,-3,-5,-3,-2,7,5,0,0,-1,0,-1,-1,-1,0,1
KR_6694588875,420,4,67,18,11,3,4,1,3,4,1,1,3,2,2,3,1,2,3,1,0,10,5,3,2,5,4,0,1,-1,1,1,-1,1,1
KR_6764484940,420,1,87,-4,1,-2,1,3,-1,2,3,2,3,1,4,9,5,-2,1,3,0,4,3,4,4,8,1,0,0,-1,-1,1,1,4,1
KR_6760228848,420,0,9,-28,2,-2,2,4,2,2,0,-1,2,3,4,5,1,-1,0,1,0,1,4,1,8,9,3,0,-1,-1,1,-1,1,6,1
KR_6753912562,420,4,85,-7,8,2,3,1,-1,1,2,0,6,6,7,7,0,0,1,1,0,6,15,4,1,5,0,0,1,1,0,1,1,5,1
KR_6754030348,420,2,46,24,2,0,0,0,2,2,0,2,2,0,0,1,1,-2,1,3,0,6,-4,-1,4,3,3,0,0,1,-1,0,1,5,1
KR_6764180134,420,1,7,-68,10,2,2,0,2,6,4,6,10,4,0,1,1,0,1,1,0,14,48,-2,7,5,3,0,0,-1,1,-1,1,4,1
KR_6759262749,420,3,63,4,1,1,1,0,-2,1,3,0,5,5,2,3,1,0,0,0,1,0,-342,3,3,6,5,0,1,-1,1,1,1,3,1
KR_6720014242,420,2,41,0,6,3,5,2,0,2,2,1,2,1,-4,1,5,6,6,0,0,6,-5,-3,5,2,2,0,0,-1,1,0,1,3,1
KR_6734041170,420,6,16,28,9,3,5,2,3,6,3,3,7,4,2,4,2,-2,0,2,0,4,11,1,5,6,-2,0,2,-1,1,1,1,3,1
KR_6694865817,420,0,-6,-12,4,-4,0,4,5,6,1,4,5,1,-1,0,1,0,0,0,0,5,-190,-3,10,7,2,0,-1,1,-1,1,-1,3,1
KR_6500601256,420,6,46,6,10,2,3,1,1,1,0,1,3,2,2,4,2,4,6,2,0,1,-9,0,5,5,7,0,1,-1,-1,-1,1,1,1
KR_6752997481,440,3,15,8,12,5,5,0,0,1,1,-1,3,4,7,7,0,1,3,2,2,7,-1,-3,9,6,-8,0,1,0,1,1,1,0,1
KR_6616395054,420,2,-2,-5,7,-1,0,1,2,3,1,1,2,1,4,5,1,1,1,0,0,14,-5,-2,7,5,4,0,0,1,0,0,1,3,1
KR_6751961555,420,1,61,-19,-1,6,6,0,5,6,1,-2,1,3,-7,1,8,-3,0,3,0,4,64,1,7,8,-1,0,-2,-1,-1,-1,1,3,1
KR_6595356685,440,2,0,8,11,7,8,1,3,5,2,-1,6,7,2,3,1,0,1,1,4,22,15,3,1,4,-1,0,0,1,1,0,1,5,1
KR_6700491757,420,2,73,-20,2,3,3,0,-1,2,3,1,3,2,-1,3,4,0,3,3,-2,-4,6,-1,6,5,5,0,0,-1,1,1,-1,3,1
KR_6746537426,420,3,57,16,6,2,3,1,1,2,1,1,2,1,2,4,2,0,2,2,0,5,4,3,4,7,0,0,0,-1,-1,0,1,3,1
KR_6595914965,420,1,61,2,-5,0,2,2,2,5,3,-4,1,5,-2,3,5,-1,1,2,0,-4,-5,-1,5,4,-2,0,1,-1,-1,1,-1,5,1
KR_6699919258,420,-1,12,-20,2,-3,0,3,4,4,0,-1,2,3,1,3,2,1,1,0,0,5,165,-2,5,3,-2,0,0,-1,-1,-1,1,4,1
KR_6763449483,420,-1,20,17,-7,0,6,6,-2,0,2,-9,1,10,2,5,3,2,3,1,-1,-8,9,-1,3,2,1,0,0,-1,1,1,-1,5,1
KR_6732250872,420,1,36,36,5,0,2,2,0,4,4,6,6,0,-1,2,3,0,0,0,0,-2,2,5,2,7,-5,0,3,1,1,1,1,5,1
KR_6666633661,420,-3,-18,-16,-3,-4,1,5,4,4,0,-2,2,4,0,2,2,-1,0,1,0,3,26,-1,7,6,0,0,0,-1,-1,-1,-1,1,1
KR_6752998642,420,-1,22,2,-8,-1,1,2,0,2,2,-6,1,7,0,0,0,-1,0,1,0,-9,-13,-3,7,4,1,0,1,-1,1,1,-1,4,1
KR_6724508220,440,7,62,19,6,3,3,0,-2,3,5,8,8,0,0,3,3,-3,0,3,2,-3,1,-1,2,1,-2,0,1,-1,0,1,1,4,1
KR_6748499994,420,4,53,-9,7,3,3,0,4,6,2,-1,3,4,2,5,3,-1,2,3,0,5,4,2,4,6,-1,0,2,-1,1,1,-1,1,1
KR_6760355629,420,0,20,-9,1,3,4,1,-2,1,3,3,4,1,-2,1,3,-1,1,2,0,-6,-115,-2,7,5,-1,0,0,1,-1,0,-1,6,1
KR_6720849640,420,0,-34,-9,-3,1,3,2,1,4,3,-4,0,4,-1,2,3,0,0,0,0,-1,104,3,4,7,-2,0,0,1,-1,0,-1,6,1
KR_6656741596,420,3,78,-1,10,6,9,3,-1,3,4,1,3,2,3,3,0,1,1,0,0,2,6,8,2,10,-2,0,3,1,-1,1,1,3,1
KR_6764568264,420,1,18,12,2,1,1,0,4,4,0,-1,5,6,-2,2,4,0,2,2,0,7,-32,-1,5,4,17,0,0,1,-1,-1,1,1,1
KR_6756874464,420,0,-19,-8,7,1,4,3,0,2,2,6,6,0,-1,0,1,1,1,0,0,6,8,4,4,8,2,0,1,1,-1,1,1,6,1
KR_6730890928,420,0,6,-16,3,-2,3,5,-1,4,5,5,7,2,1,8,7,0,0,0,-2,3,-11,-2,7,5,4,0,-2,-1,-1,-1,-1,3,1
KR_6519926523,420,-2,-15,-8,0,-1,2,3,-2,4,6,1,2,1,0,1,1,2,2,0,0,3,101,5,2,7,-3,0,0,-1,1,1,1,6,1
KR_6694866970,420,-2,-70,40,-5,-4,0,4,1,5,4,-2,2,4,2,4,2,-2,1,3,0,-1,-6,-3,5,2,-2,0,0,0,1,0,1,0,1
KR_6669867298,420,0,-10,0,-5,2,2,0,-2,4,6,-2,0,2,-5,2,7,2,3,1,0,-13,-5,-6,6,0,1,0,1,-1,-1,1,-1,6,1
KR_6761763906,440,2,-74,-8,0,-2,4,6,0,3,3,-1,1,2,-1,1,2,4,6,2,-3,-8,-3,-6,6,0,1,0,0,-1,0,-1,-1,5,1
KR_6760968833,420,-2,-35,-12,-4,-3,0,3,2,7,5,-2,2,4,0,2,2,-1,1,2,0,2,44,-2,5,3,2,0,-1,0,1,-1,-1,0,1
KR_6752169489,420,3,28,36,8,-1,0,1,5,5,0,1,2,1,2,4,2,1,1,0,0,11,8,4,2,6,1,0,0,1,0,0,1,3,1
KR_6736687760,420,0,28,3,-2,-1,1,2,0,3,3,3,5,2,-3,0,3,-1,2,3,0,0,17,-4,7,3,0,0,0,1,1,-1,-1,5,1
KR_6743852422,420,-1,87,-13,-2,2,2,0,-3,1,4,1,3,2,-1,1,2,-1,0,1,0,0,-1,2,4,6,-5,0,0,-1,-1,0,1,1,1
KR_6729161683,420,4,63,20,8,1,1,0,3,5,2,-1,2,3,3,4,1,2,2,0,0,3,17,1,5,6,-1,0,2,1,1,1,1,1,1
KR_6687473463,420,1,-35,-2,-1,0,1,1,-3,0,3,3,3,0,0,6,6,-1,0,1,-1,-3,7,1,2,3,-2,0,0,-1,0,0,-1,1,1
KR_6656351483,420,0,16,12,-1,-1,0,1,2,6,4,4,4,0,-5,1,6,-1,2,3,0,-3,31,-3,8,5,-2,0,1,1,1,1,-1,5,1
KR_6759706773,420,-1,24,8,0,-2,1,3,3,4,1,-3,3,6,0,3,3,2,2,0,3,2,14,3,5,8,0,0,1,-1,1,1,1,5,1
KR_6734367809,420,4,15,-7,14,-1,1,2,3,4,1,3,4,1,9,10,1,0,1,1,0,11,-51,-4,10,6,34,0,0,-1,1,1,1,4,1
KR_6720041406,420,1,34,4,8,-1,4,5,1,1,0,4,4,0,3,3,0,1,3,2,2,-2,0,3,2,5,-3,0,1,-1,1,1,1,5,1
KR_6572587705,420,4,46,-15,10,2,3,1,-1,4,5,3,3,0,5,6,1,1,1,0,0,15,-13,-2,7,5,0,0,-2,1,-1,-1,-1,1,1
KR_6723703704,440,4,66,35,6,1,3,2,1,5,4,3,9,6,2,3,1,-1,0,1,0,-1,-3,3,5,8,2,0,3,1,1,1,-1,5,1
KR_6760722640,420,1,65,-21,0,5,6,1,-3,1,4,1,3,2,0,2,2,-3,1,4,0,-6,3,2,3,5,-2,0,2,0,0,1,1,0,1
KR_6759068284,420,-1,33,-12,6,0,0,0,3,4,1,0,6,6,5,6,1,-2,1,3,0,8,10,2,3,5,1,0,4,1,1,1,1,3,1
KR_6717553452,420,1,11,17,1,0,2,2,-4,4,8,-1,3,4,4,7,3,2,3,1,0,2,2,-5,8,3,6,0,1,-1,-1,1,-1,3,1
KR_6702288843,420,3,60,7,9,5,6,1,-1,5,6,1,3,2,6,9,3,-2,1,3,0,5,7,8,3,11,-2,0,1,1,1,1,1,3,1
KR_6741754377,420,2,74,-4,4,2,4,2,-6,3,9,5,6,1,2,2,0,1,2,1,2,11,-5,-5,8,3,6,0,1,1,1,1,1,3,1
KR_6758267315,440,-1,-8,5,-4,2,4,2,-4,1,5,-1,0,1,2,4,2,-3,0,3,-1,-4,-19,-5,6,1,3,0,1,1,-1,1,-1,4,1
KR_6766122982,420,-1,24,25,6,0,1,1,6,6,0,0,4,4,2,6,4,-2,1,3,1,4,-8,0,3,3,5,0,1,1,-1,1,-1,3,1
KR_6764047191,420,1,39,11,6,0,0,0,6,8,2,0,2,2,0,0,0,0,0,0,0,4,5,4,2,6,-1,0,0,1,-1,1,1,2,1
KR_6691519770,420,5,64,33,12,4,4,0,7,8,1,7,7,0,-6,1,7,0,1,1,0,6,-3,4,1,5,0,0,0,1,-1,0,1,4,1
KR_6658138767,420,1,-39,68,-1,-3,1,4,4,7,3,-1,2,3,1,3,2,-2,0,2,0,1,-16,-5,10,5,1,0,1,-1,1,1,-1,5,1
KR_6736307839,440,4,42,11,8,1,1,0,4,7,3,2,2,0,1,2,1,0,0,0,0,9,-170,-3,8,5,7,0,-1,1,-1,-1,1,1,1
KR_6742506504,420,1,-3,17,-1,3,4,1,-5,3,8,-4,2,6,3,4,1,2,4,2,1,1,170,-4,9,5,-2,0,0,-1,1,0,-1,6,1
KR_6519986502,420,0,5,-12,-2,1,2,1,-2,3,5,-4,1,5,-7,1,8,10,10,0,0,-4,-17,0,6,6,4,0,0,1,1,1,-1,2,1
KR_6617694123,420,-1,-7,-6,3,5,6,1,1,5,4,-2,0,2,-3,1,4,2,2,0,1,1,27,2,4,6,4,0,0,1,-1,1,1,6,1
KR_6760604206,420,4,19,3,12,2,2,0,2,5,3,7,8,1,0,3,3,1,1,0,0,11,-20,0,6,6,1,0,1,1,-1,1,1,6,1
KR_6764832302,440,-2,-13,-28,0,-5,0,5,2,2,0,-4,3,7,7,8,1,0,2,2,-1,9,6,4,3,7,-3,0,1,1,1,-1,-1,5,1
KR_6741568656,420,5,-49,15,9,0,1,1,4,7,3,-2,0,2,4,6,2,3,3,0,0,3,7,1,3,4,0,0,0,1,0,0,1,6,1
KR_6687362346,420,1,25,13,-7,2,2,0,-2,1,3,-2,1,3,-4,1,5,-1,0,1,0,-10,46,5,4,9,-17,0,2,-1,1,-1,-1,4,1
KR_6750910403,420,4,34,31,6,-1,3,4,1,2,1,4,4,0,3,3,0,-1,0,1,0,5,132,4,4,8,1,0,-1,1,-1,-1,-1,6,1
KR_6617590104,420,0,-31,-1,-2,-1,1,2,2,6,4,0,1,1,-4,0,4,1,3,2,0,-4,54,0,7,7,-13,0,1,-1,1,1,-1,5,1
KR_6649905351,420,1,9,23,9,2,3,1,1,2,1,1,3,2,6,7,1,-1,0,1,1,6,-17,1,5,6,-1,0,1,0,1,1,1,0,1
KR_6684322448,420,4,72,-27,13,4,5,1,2,5,3,1,6,5,2,4,2,4,4,0,0,15,1,1,4,5,3,0,1,1,1,1,-1,2,1
KR_6627841786,420,1,13,11,4,1,1,0,5,6,1,-2,1,3,1,1,0,-1,0,1,0,5,-99,-1,7,6,-1,0,0,-1,1,1,1,6,1
KR_6736867309,420,2,83,16,0,2,3,1,-2,1,3,2,3,1,-3,2,5,1,1,0,1,-8,7,-1,3,2,-3,0,1,-1,1,1,1,6,1
KR_6747762540,420,0,-63,-15,-2,1,4,3,0,3,3,1,2,1,-6,0,6,2,2,0,-1,-11,8,8,2,10,-5,0,0,-1,1,1,-1,3,1
KR_6761643390,420,1,13,-7,2,-2,0,2,3,5,2,-1,2,3,0,3,3,2,2,0,0,9,3,1,5,6,2,0,0,1,-1,0,-1,6,1
KR_6753134451,420,1,11,0,4,4,4,0,0,3,3,-3,0,3,3,7,4,0,0,0,0,9,9,1,6,7,-8,0,0,-1,-1,1,1,4,1
KR_6705112016,420,3,46,14,11,3,4,1,-1,6,7,-5,0,5,10,10,0,4,4,0,0,17,-422,2,5,7,4,0,0,-1,1,1,1,5,1
KR_6722022452,420,1,-21,17,7,3,5,2,0,4,4,0,2,2,3,6,3,1,1,0,0,11,-5,-4,8,4,3,0,1,0,-1,1,-1,0,1
KR_6688072410,420,-1,-11,16,0,-1,0,1,2,3,1,1,4,3,-3,1,4,1,3,2,-1,-1,-4,3,1,4,2,0,0,1,1,0,-1,1,1
KR_6555802188,420,10,100,38,19,4,5,1,2,3,1,3,6,3,4,5,1,6,8,2,1,28,23,4,5,9,0,0,4,1,1,1,1,1,1
KR_6575627123,420,4,47,21,8,2,3,1,2,6,4,-2,3,5,2,6,4,4,4,0,1,6,3,-1,6,5,-2,0,1,-1,1,1,1,3,1
KR_6760158949,420,2,56,-3,6,3,6,3,0,2,2,2,4,2,-3,3,6,4,5,1,0,5,11,0,5,5,0,0,1,-1,1,1,-1,3,1
KR_6728343797,420,2,6,-9,5,3,4,1,1,1,0,1,2,1,0,1,1,0,0,0,0,3,5,6,3,9,0,0,1,0,1,1,-1,0,1
KR_6753654787,420,4,47,16,7,2,2,0,2,5,3,0,1,1,3,8,5,0,3,3,0,0,-9,-1,5,4,3,0,0,-1,1,1,1,4,1
KR_6539556537,420,5,66,40,8,0,2,2,5,6,1,-1,2,3,3,8,5,1,1,0,0,11,-7,1,6,7,1,0,0,1,-1,-1,1,3,1
KR_6764370638,420,4,73,30,4,1,2,1,1,1,0,4,6,2,-2,1,3,0,1,1,0,-6,124,0,4,4,0,0,0,1,1,0,-1,5,1
KR_6759405944,420,-2,5,-14,-3,-1,0,1,3,4,1,-1,2,3,-3,0,3,-1,1,2,0,5,-9,-3,7,4,1,0,-1,-1,-1,-1,1,3,1
KR_6718820864,420,2,-14,-8,6,3,4,1,3,4,1,-2,3,5,2,4,2,0,1,1,0,10,62,-3,8,5,4,0,0,0,1,1,1,0,1
KR_6611038561,420,0,32,-30,5,-4,0,4,-1,2,3,-1,2,3,7,9,2,4,5,1,0,11,-15,1,6,7,-6,0,2,-1,1,1,1,3,1
KR_6737043658,420,7,45,38,8,0,2,2,1,3,2,9,9,0,-2,2,4,0,2,2,1,4,-31,-3,7,4,3,0,2,1,-1,1,1,2,1
KR_6764938417,420,-1,-59,19,-7,-1,3,4,5,6,1,-4,2,6,-8,1,9,1,3,2,0,5,6,1,5,6,3,0,-1,1,1,-1,1,3,1
KR_6746069852,420,3,64,10,-1,1,3,2,0,1,1,0,2,2,-3,0,3,1,3,2,0,-2,26,-3,7,4,0,0,2,-1,-1,1,-1,3,1
KR_6666577240,420,3,35,-15,4,-1,1,2,8,11,3,-1,1,2,-1,2,3,-1,0,1,-3,5,-117,4,4,8,-3,0,0,0,1,1,-1,0,1
KR_6733861907,420,0,-37,-14,0,1,3,2,2,3,1,1,3,2,-1,2,3,-3,0,3,0,-8,24,3,2,5,-2,0,0,-1,0,0,-1,6,1
KR_6728466210,420,2,23,23,2,-1,2,3,2,3,1,5,7,2,-4,1,5,0,0,0,0,-6,35,3,2,5,-3,0,0,-1,1,1,1,6,1
KR_6763009125,420,-1,-17,-8,-5,4,5,1,-1,1,2,2,3,1,-10,0,10,0,1,1,0,-6,-27,0,2,2,-1,0,1,1,1,1,1,2,1
KR_6755304053,420,0,35,-12,-1,-3,1,4,-2,3,5,3,3,0,5,7,2,-4,0,4,1,-1,1,0,4,4,4,0,1,1,1,1,1,5,1
KR_6628574121,420,4,2,23,7,2,3,1,2,4,2,-1,0,1,3,3,0,1,1,0,0,7,16,7,3,10,2,0,0,1,1,1,1,1,1
KR_6738077349,440,2,63,4,0,1,1,0,-1,3,4,1,1,0,-3,2,5,2,2,0,0,1,10,-2,8,6,3,0,0,-1,0,-1,-1,4,1
KR_6699824139,440,1,-2,24,-5,3,3,0,-1,4,5,-1,3,4,-6,0,6,0,0,0,0,-11,-1,-3,6,3,3,0,1,1,-1,1,-1,3,1
KR_6621007660,420,1,-11,-4,3,0,1,1,6,7,1,0,5,5,-2,1,3,-1,0,1,-1,-1,5,2,2,4,-4,0,0,1,1,1,-1,5,1
KR_6761353573,420,5,28,40,8,1,1,0,1,5,4,3,3,0,3,3,0,0,0,0,0,6,8,0,3,3,4,0,0,1,-1,0,1,3,1
KR_6532231029,420,6,48,28,11,1,1,0,4,8,4,1,4,3,5,8,3,0,3,3,0,15,11,2,4,6,-3,0,0,-1,1,1,-1,6,1
KR_6738031064,420,3,46,-7,5,0,1,1,2,3,1,5,5,0,-2,0,2,0,1,1,0,-1,13,2,5,7,-2,0,0,-1,-1,0,-1,1,1
KR_6652133395,420,-2,-55,-3,0,-2,0,2,3,6,3,1,1,0,-3,1,4,1,1,0,0,2,13,3,4,7,-6,0,0,-1,1,0,1,5,1
KR_6722923147,440,2,93,8,-2,-2,2,4,0,1,1,1,4,3,-2,1,3,1,2,1,0,-10,45,5,1,6,-2,0,0,1,1,0,-1,2,1
KR_6762434003,420,-1,-54,12,6,1,2,1,6,7,1,2,3,1,-1,2,3,-2,0,2,0,12,-18,3,3,6,-3,0,0,-1,1,0,1,5,1
KR_6747922161,420,3,36,44,4,1,1,0,3,5,2,5,5,0,-4,3,7,-1,1,2,0,-4,-27,-2,8,6,-3,0,2,1,-1,1,-1,3,1
KR_6759634038,420,0,-10,38,-5,-5,1,6,3,4,1,2,4,2,-5,0,5,0,0,0,0,-5,-2,-3,7,4,2,0,-1,1,-1,-1,-1,4,1
KR_6753412475,420,2,88,7,4,2,6,4,2,3,1,0,3,3,-2,1,3,2,4,2,0,-3,2,-2,4,2,-1,0,1,1,1,1,-1,2,1
KR_6745135852,440,4,83,16,5,0,2,2,3,3,0,1,1,0,1,1,0,0,0,0,0,4,-3,-1,7,6,4,0,1,1,1,1,-1,6,1
KR_6762731437,420,3,14,12,18,2,2,0,4,5,1,3,5,2,4,6,2,5,5,0,0,24,20,1,3,4,-3,0,3,-1,1,1,1,2,1
KR_6737026391,420,1,7,7,-2,1,3,2,-1,2,3,1,3,2,-3,0,3,0,0,0,0,-5,0,-1,5,4,0,0,1,1,-1,1,-1,2,1
KR_6720013900,420,6,3,13,11,0,1,1,6,6,0,1,3,2,3,5,2,1,1,0,0,11,3,5,2,7,3,0,2,0,1,1,1,0,1
KR_6666648344,420,-1,7,4,3,2,3,1,4,4,0,-4,1,5,1,3,2,0,0,0,1,9,3,-3,7,4,0,0,0,1,1,0,1,4,1
KR_6750228087,440,1,-14,-16,2,-1,1,2,5,5,0,-4,2,6,1,8,7,1,2,1,1,4,-176,2,3,5,3,0,0,1,-1,-1,1,1,1
KR_6746596846,420,-1,-14,-23,2,-1,0,1,1,1,0,1,3,2,1,2,1,0,1,1,0,7,50,1,3,4,4,0,-1,1,-1,-1,1,6,1
KR_6430106760,440,3,48,-16,8,1,2,1,-3,1,4,3,4,1,4,5,1,3,4,1,0,8,-2,3,6,9,8,0,2,1,1,1,1,3,1
KR_6762513436,420,2,76,22,2,1,1,0,-1,2,3,1,5,4,1,1,0,0,0,0,1,5,3,1,6,7,2,0,0,1,1,0,1,2,1
KR_6754635307,420,0,15,-8,2,1,4,3,-2,1,3,-3,1,4,3,4,1,3,3,0,0,-5,0,1,4,5,-4,0,1,1,1,1,-1,5,1
KR_6763854368,420,-1,29,-20,2,-1,0,1,3,3,0,0,1,1,1,4,3,-1,0,1,0,0,2,1,7,8,4,0,0,-1,-1,0,-1,4,1
KR_6763394826,420,4,80,-8,5,2,2,0,3,4,1,-1,4,5,1,2,1,0,1,1,0,8,6,2,2,4,1,0,2,1,1,1,-1,4,1
KR_6759108198,420,-1,19,31,-2,-2,1,3,2,4,2,1,1,0,-3,1,4,0,0,0,1,-4,13,0,7,7,3,0,0,1,-1,0,1,3,1
KR_6761083933,420,0,53,16,2,5,5,0,0,2,2,-3,1,4,-1,1,2,1,1,0,0,-5,-26,-1,6,5,3,0,0,0,1,0,1,0,1
KR_6755674419,420,2,-4,-15,6,4,5,1,-1,3,4,-3,2,5,6,7,1,0,0,0,3,16,9,5,4,9,-1,0,-1,1,-1,1,1,6,1
KR_6748093242,420,0,2,-9,1,1,1,0,-1,0,1,1,2,1,-1,2,3,1,3,2,0,-1,-14,4,5,9,1,0,0,1,-1,0,1,5,1
KR_6752251279,440,2,66,32,2,-1,2,3,4,7,3,-1,2,3,1,4,3,-1,0,1,0,1,2,-5,7,2,3,0,0,1,1,0,-1,4,1
KR_6766097418,420,-2,7,0,3,0,2,2,-4,1,5,-1,0,1,7,8,1,1,1,0,0,9,-5,-1,4,3,8,0,0,1,-1,-1,-1,5,1
KR_6752262046,420,6,123,-20,2,1,1,0,1,2,1,-2,1,3,1,2,1,1,1,0,0,1,-31,0,7,7,7,0,4,1,1,1,1,1,1
KR_6582643756,420,4,-2,-12,12,1,2,1,1,6,5,4,4,0,1,1,0,5,6,1,0,11,-5,0,6,6,9,0,1,1,-1,1,1,1,1
KR_6715709939,420,3,75,-1,15,3,5,2,-3,1,4,5,5,0,7,7,0,3,3,0,2,15,10,5,1,6,-3,0,2,1,1,1,1,5,1
KR_6759244933,440,1,19,10,9,9,9,0,0,1,1,4,5,1,-3,2,5,-1,0,1,0,8,-30,-3,5,2,-1,0,1,1,1,1,-1,5,1
KR_6747536179,420,1,70,-5,-2,6,6,0,-1,1,2,-1,3,4,-4,5,9,-2,0,2,0,-2,-119,3,3,6,1,0,-1,-1,1,-1,-1,3,1
KR_6760914777,420,1,27,24,1,0,1,1,5,6,1,-3,2,5,-2,6,8,1,2,1,0,-6,2,-5,6,1,2,0,0,1,-1,1,-1,4,1
KR_6689619630,420,-2,8,-15,-3,1,4,3,-2,6,8,0,6,6,-2,0,2,0,1,1,-2,-5,251,8,4,12,-5,0,-1,1,-1,-1,-1,2,1
KR_6692365433,420,0,-4,-19,2,6,7,1,4,8,4,-4,1,5,-4,0,4,0,0,0,0,2,-3,-4,9,5,-4,0,1,1,-1,1,-1,5,1
KR_6759329461,420,0,24,22,5,1,2,1,7,7,0,2,4,2,-2,0,2,-3,0,3,0,5,4,-1,6,5,-2,0,1,1,1,1,-1,2,1
KR_6629701685,420,3,34,3,11,3,3,0,6,7,1,1,2,1,1,3,2,0,1,1,0,10,-2,-2,6,4,-1,0,2,-1,1,1,1,5,1
KR_6551686409,420,1,-43,16,-2,1,3,2,2,4,2,1,3,2,-7,1,8,1,2,1,0,-16,29,-4,7,3,1,0,0,-1,0,1,-1,2,1
KR_6732744869,420,6,70,41,15,-1,0,1,6,8,2,8,12,4,1,6,5,1,5,4,0,10,42,-1,5,4,-19,0,3,0,1,1,1,0,1
KR_6762700139,420,3,41,-16,13,4,6,2,5,6,1,-1,0,1,2,5,3,3,3,0,1,14,1,-3,7,4,3,0,0,-1,-1,1,1,2,1
KR_6582487282,420,5,75,39,13,-1,0,1,4,6,2,1,3,2,3,5,2,6,6,0,0,8,112,-1,3,2,0,0,2,1,-1,1,1,5,1
KR_6353067766,420,1,-36,-5,8,-2,2,4,2,3,1,3,4,1,1,1,0,4,4,0,0,13,0,0,0,0,25,0,1,1,1,1,-1,4,1
KR_6722832934,420,5,-47,1,8,-1,1,2,2,3,1,1,2,1,3,5,2,3,3,0,1,9,-7,1,6,7,-1,0,1,1,1,1,1,4,1
KR_6707631718,420,2,48,18,8,2,2,0,0,2,2,0,2,2,3,5,2,3,4,1,0,11,9,0,4,4,5,0,1,1,1,1,1,5,1
KR_6748068482,420,4,55,-15,9,0,0,0,0,3,3,1,2,1,7,8,1,1,1,0,0,10,-2,7,5,12,3,0,1,1,1,1,1,5,1
KR_6757944005,420,-3,-8,5,-1,-2,1,3,-4,2,6,-1,1,2,2,5,3,4,5,1,1,5,7,7,1,8,-1,0,0,1,-1,1,-1,2,1
KR_6760660782,420,1,-21,7,6,4,4,0,3,4,1,-2,0,2,-2,1,3,3,3,0,0,6,-6,0,7,7,2,0,1,-1,1,1,1,5,1
KR_6722132094,420,-1,-88,-19,-3,-3,0,3,1,4,3,1,1,0,-5,1,6,3,3,0,0,-2,56,0,7,7,2,0,-2,-1,1,-1,-1,3,1
KR_6753792801,420,4,1,19,10,0,1,1,-1,3,4,5,5,0,4,4,0,2,2,0,0,8,26,5,2,7,1,0,2,1,1,1,1,6,1
KR_6765804937,420,1,-48,44,-1,-3,0,3,-1,2,3,0,2,2,0,3,3,3,3,0,0,5,4,2,6,8,-6,0,1,-1,-1,1,-1,5,1
KR_6684821623,420,3,70,13,1,0,1,1,0,3,3,0,0,0,1,1,0,0,0,0,0,3,-3,4,7,11,1,0,1,1,-1,1,-1,4,1
KR_6759645861,440,4,74,-5,6,2,4,2,2,3,1,0,2,2,-1,3,4,3,3,0,1,12,-19,-5,7,2,4,0,1,-1,0,1,1,2,1
KR_6741384148,420,4,145,-19,14,2,4,2,1,2,1,8,8,0,3,7,4,0,2,2,0,4,3,1,5,6,6,0,1,1,-1,1,1,2,1
KR_6667006359,420,3,80,-8,5,-4,0,4,2,4,2,2,4,2,2,5,3,3,3,0,0,2,-56,1,5,6,2,0,2,1,-1,1,1,5,1
KR_6731896648,440,-1,4,-12,3,6,7,1,-1,3,4,2,3,1,-4,1,5,0,0,0,-1,-3,-2,3,4,7,-4,0,1,-1,1,1,-1,6,1
KR_6763295320,420,8,175,21,11,4,5,1,-1,2,3,5,9,4,2,2,0,1,2,1,0,1,30,2,3,5,-2,0,5,1,1,1,1,5,1
KR_6715795140,420,1,2,16,4,1,3,2,0,2,2,0,1,1,2,4,2,1,1,0,0,0,-13,1,8,9,2,0,1,1,1,1,1,1,1
KR_6747606798,420,0,41,36,0,-2,3,5,1,2,1,2,5,3,-3,0,3,2,2,0,0,-4,-5,0,8,8,1,0,0,-1,-1,0,-1,1,1
KR_6755858550,420,1,32,-36,-1,0,1,1,-4,0,4,1,3,2,2,4,2,0,0,0,0,-1,-80,0,5,5,3,0,1,-1,-1,1,1,5,1
KR_6755977339,420,3,44,4,9,2,4,2,-1,3,4,9,14,5,-1,0,1,0,0,0,0,12,-25,4,2,6,-1,0,0,1,-1,1,1,2,1
KR_6733568262,420,2,22,-8,8,2,3,1,5,6,1,3,6,3,2,3,1,-4,0,4,0,11,-120,5,3,8,2,0,3,0,1,1,-1,0,1
KR_6757769826,420,7,80,1,15,5,6,1,0,1,1,6,6,0,2,5,3,2,2,0,0,10,-11,3,5,8,4,0,3,1,1,1,1,5,1
KR_6762731553,420,5,48,35,3,1,3,2,-2,1,3,3,4,1,1,4,3,0,2,2,0,0,2,4,7,11,3,0,2,1,1,1,-1,4,1
KR_6742609399,420,2,64,8,-2,2,3,1,1,4,3,-4,1,5,0,2,2,-1,2,3,0,-5,-4,3,6,9,2,0,0,1,1,0,1,1,1
KR_6705128117,420,3,11,8,7,-1,0,1,1,1,0,7,9,2,1,2,1,-1,2,3,0,12,-10,1,8,9,4,0,0,1,1,0,-1,3,1
KR_6658485714,420,5,44,-5,9,4,6,2,1,1,0,2,6,4,1,2,1,1,1,0,0,12,3,2,4,6,0,0,1,1,-1,1,-1,1,1
KR_6707811039,420,1,36,-7,-2,5,6,1,-2,3,5,-3,1,4,-3,2,5,1,1,0,0,-13,-10,-4,6,2,-1,0,1,-1,-1,1,1,1,1
KR_6763980837,440,-1,7,-15,5,0,2,2,1,5,4,1,4,3,4,7,3,-1,1,2,-1,15,-24,-1,6,5,5,0,1,0,1,1,-1,0,1
KR_6763437106,420,1,56,12,-5,3,3,0,-2,1,3,-1,2,3,-1,1,2,-4,0,4,0,-9,-11,0,5,5,-3,0,1,1,1,1,1,3,1
KR_6763244440,440,-5,-82,-20,-7,-9,0,9,-1,1,2,-1,0,1,6,6,0,-2,0,2,0,0,-2,-8,10,2,2,0,-1,-1,-1,-1,1,1,1
KR_6738108789,420,1,-11,-9,4,0,1,1,0,1,1,3,5,2,0,2,2,1,2,1,0,13,-5,3,3,6,3,0,0,1,1,0,-1,1,1
KR_6720793913,420,3,19,3,3,4,5,1,-2,1,3,2,2,0,1,2,1,-2,0,2,0,9,-2,-4,9,5,-2,0,0,-1,-1,0,-1,5,1
KR_6649813389,420,-1,34,3,-2,-1,1,2,-6,0,6,2,5,3,2,6,4,1,1,0,0,-6,-13,6,3,9,-3,0,0,-1,-1,0,1,3,1
KR_6752393628,420,1,14,36,2,0,0,0,1,3,2,1,2,1,1,1,0,-1,0,1,0,0,5,4,2,6,-6,0,0,1,1,0,1,5,1
KR_6764924927,420,1,91,48,-7,-1,3,4,-7,3,10,1,2,1,1,6,5,-1,2,3,1,-3,3,1,2,3,-3,0,0,1,0,0,1,4,1
KR_6651973465,420,3,35,-6,2,-2,1,3,-1,2,3,0,2,2,5,6,1,0,1,1,0,1,2,0,7,7,-4,0,0,1,-1,1,-1,5,1
KR_6684121293,420,2,17,0,6,1,4,3,3,6,3,-1,2,3,2,3,1,1,3,2,-1,-4,10,-2,5,3,4,0,0,1,-1,1,-1,4,1
KR_6760846103,420,4,81,20,9,4,4,0,-1,3,4,3,6,3,3,4,1,0,0,0,0,5,150,4,4,8,5,0,0,1,1,1,1,4,1
KR_6764854030,420,2,49,-12,3,1,2,1,4,5,1,-4,0,4,1,2,1,1,1,0,0,2,5,2,4,6,-3,0,0,1,-1,0,1,3,1
KR_6752400373,420,0,-33,-16,5,1,3,2,0,3,3,0,4,4,4,7,3,0,0,0,-1,5,-1,4,3,7,0,0,1,1,1,1,-1,1,1
KR_6692817220,420,2,3,40,3,4,5,1,0,4,4,6,6,0,-4,2,6,-3,0,3,-2,-2,-16,0,6,6,-4,0,-1,1,-1,-1,-1,1,1
KR_6750662644,420,9,67,22,30,2,5,3,2,3,1,2,3,1,19,21,2,5,6,1,0,29,-532,1,5,6,3,0,2,1,1,1,1,1,1
KR_6746466093,420,-1,-55,-12,2,4,4,0,-1,0,1,4,4,0,-7,3,10,2,2,0,-1,0,8,-1,5,4,0,0,-1,-1,1,-1,-1,5,1
KR_6762329487,420,6,50,20,9,4,4,0,4,5,1,3,3,0,2,3,1,-4,2,6,1,18,-1,1,6,7,6,0,1,1,1,1,1,1,1
KR_6762703783,440,0,25,8,-6,-7,1,8,2,4,2,-2,0,2,0,4,4,1,2,1,0,-7,-8,-1,5,4,1,0,-2,0,-1,-1,-1,0,1
KR_6765314179,420,0,15,18,2,0,4,4,-4,1,5,7,7,0,-1,2,3,0,3,3,0,-3,38,2,3,5,2,0,0,1,1,0,1,3,1
KR_6755177128,420,2,4,-8,3,-1,1,2,8,8,0,-1,2,3,-2,1,3,-1,1,2,0,-4,3,-1,5,4,-3,0,1,-1,0,1,-1,2,1
KR_6731607175,440,-1,18,17,3,-2,1,3,-2,3,5,4,5,1,2,6,4,1,3,2,-1,8,3,6,1,7,-1,0,1,-1,1,1,-1,5,1
KR_6722536389,420,0,-30,-21,4,2,4,2,-2,0,2,4,4,0,-1,1,2,1,2,1,0,5,8,-4,7,3,1,0,-1,0,-1,-1,1,0,1
KR_6745087844,420,-2,-29,-23,1,-3,1,4,0,4,4,1,2,1,3,6,3,0,1,1,0,6,21,1,4,5,0,0,1,1,-1,1,1,5,1
KR_6685275630,420,4,10,36,5,-1,2,3,2,4,2,7,7,0,3,4,1,-6,0,6,0,15,1,4,3,7,-1,0,-1,-1,-1,-1,1,4,1
KR_6762138148,420,5,33,19,16,1,2,1,3,3,0,7,8,1,3,3,0,2,2,0,0,14,0,0,6,6,1,0,2,1,1,1,1,4,1
KR_6639469659,420,-3,-44,-34,3,1,2,1,-1,2,3,2,4,2,-5,0,5,6,6,0,3,12,0,-1,7,6,0,0,2,-1,1,1,1,6,1
KR_6765312439,420,4,45,1,9,0,1,1,2,3,1,2,2,0,3,6,3,2,2,0,0,3,1,-2,4,2,3,0,1,1,1,1,1,3,1
KR_6736611430,420,0,0,-6,-5,0,4,4,-1,3,4,0,3,3,-3,1,4,-1,0,1,1,-2,-13,0,7,7,-5,0,-1,-1,-1,-1,1,6,1
KR_6743500202,420,2,24,-8,-3,-1,1,2,2,4,2,1,1,0,-6,2,8,1,1,0,-2,-10,2,-1,3,2,-3,0,1,1,-1,1,-1,6,1
KR_6761196922,440,1,4,25,9,0,2,2,2,2,0,2,3,1,0,4,4,5,5,0,0,3,-25,2,7,9,-4,0,0,0,1,0,1,0,1
KR_6755774716,420,2,-1,4,7,-1,2,3,7,7,0,-3,2,5,2,2,0,2,3,1,0,8,7,6,1,7,1,0,0,1,-1,0,-1,2,1
KR_6715878080,420,-2,-13,-15,-6,-3,1,4,4,6,2,-1,2,3,-7,1,8,1,2,1,0,-8,6,-4,8,4,-1,0,-1,1,-1,-1,-1,5,1
KR_6640913183,440,2,41,-12,2,-1,1,2,-1,2,3,-1,3,4,-2,0,2,7,8,1,0,8,-14,2,5,7,-2,0,0,1,1,1,1,3,1
KR_6746606774,420,0,-31,-9,3,2,4,2,-1,1,2,2,4,2,-3,2,5,3,4,1,0,6,7,0,4,4,2,0,1,-1,1,1,1,2,1
KR_6723371287,420,-2,8,-27,-1,-2,1,3,2,6,4,-3,2,5,2,2,0,0,1,1,0,1,-2,2,4,6,4,0,-1,1,-1,-1,-1,6,1
KR_6761052520,420,2,9,-8,10,1,1,0,0,1,1,7,7,0,5,7,2,-3,1,4,0,15,17,-1,7,6,5,0,0,-1,-1,0,-1,5,1
KR_6755476819,420,0,13,26,1,-7,0,7,1,3,2,2,5,3,6,8,2,-1,0,1,0,8,9,5,1,6,2,0,-1,1,-1,-1,1,3,1
KR_6689834646,420,3,-9,10,12,3,3,0,2,4,2,3,5,2,3,5,2,1,1,0,1,13,74,4,5,9,-24,0,1,1,1,1,1,5,1
KR_6703907119,420,2,8,-9,5,2,5,3,2,4,2,1,3,2,0,1,1,0,0,0,2,11,-111,-2,8,6,3,0,1,-1,1,1,1,4,1
KR_6694502737,420,0,-62,22,1,-2,0,2,1,6,5,2,2,0,0,5,5,0,1,1,1,2,42,0,6,6,3,0,0,-1,1,0,1,6,1
KR_6543676421,420,1,-11,36,8,-1,0,1,4,5,1,-1,4,5,3,4,1,3,3,0,0,23,-6,-2,6,4,4,0,0,0,1,1,1,0,1
KR_6756760248,420,4,18,-4,7,-1,0,1,5,5,0,3,3,0,1,2,1,-1,0,1,0,18,10,-1,3,2,0,0,0,1,0,0,1,4,1
KR_6663933840,420,3,43,5,5,1,3,2,2,3,1,-5,0,5,6,6,0,1,1,0,0,-2,-19,-2,7,5,2,0,2,-1,1,1,1,1,1
KR_6746069525,420,-2,-90,-1,-10,-5,1,6,1,6,5,0,1,1,-1,3,4,-5,0,5,0,-8,36,1,7,8,-14,0,-1,-1,-1,-1,-1,6,1
KR_6757000747,420,2,77,24,0,3,3,0,2,4,2,-3,2,5,-3,3,6,1,1,0,1,-7,-104,1,2,3,2,0,0,-1,1,1,1,1,1
KR_6756330661,420,2,29,8,6,0,2,2,3,4,1,2,5,3,-1,5,6,2,2,0,0,-6,-11,2,3,5,4,0,2,-1,1,1,1,1,1
KR_6762118887,420,2,-15,13,7,-1,0,1,0,0,0,4,4,0,0,2,2,4,4,0,0,9,5,-1,6,5,2,0,1,1,-1,1,1,3,1
KR_6753372056,420,7,191,24,1,2,2,0,0,4,4,-1,0,1,0,3,3,0,1,1,-1,11,-1,1,0,1,0,1,8,1,1,1,-1,3,1
KR_6765463234,420,2,-10,4,5,2,4,2,2,4,2,0,0,0,0,1,1,1,2,1,1,10,7,-1,6,5,-1,0,0,-1,1,1,1,1,1
KR_6719104374,420,7,112,39,14,6,8,2,-2,1,3,3,4,1,4,7,3,3,3,0,0,22,3,6,3,9,0,0,2,1,-1,1,1,4,1
KR_6730298950,420,1,76,-16,-1,-2,2,4,3,3,0,0,3,3,-3,2,5,1,1,0,2,-1,178,2,6,8,3,0,0,-1,1,1,1,2,1
KR_6635402155,440,6,57,40,16,1,2,1,5,5,0,1,5,4,6,6,0,3,3,0,0,16,-19,-3,6,3,2,0,0,0,0,1,1,0,1
KR_6694467488,420,-2,-13,12,-8,-2,3,5,-4,1,5,-1,3,4,1,4,3,-2,0,2,-1,-21,-63,1,3,4,4,0,-1,0,1,-1,-1,0,1
KR_6722070705,420,3,59,8,-1,3,3,0,1,2,1,5,6,1,-8,0,8,-2,0,2,0,-7,-7,-2,5,3,3,0,1,0,1,1,-1,0,1
KR_6729452196,420,3,-2,-28,5,1,2,1,0,2,2,1,1,0,3,5,2,0,0,0,0,9,6,-4,8,4,-2,0,0,1,-1,1,1,4,1
KR_6764260225,420,-3,-52,-2,-4,-2,1,3,-2,1,3,-1,2,3,-2,4,6,3,3,0,-2,7,-1,-10,15,5,-3,0,0,1,-1,0,1,1,1
KR_6640826656,440,5,56,0,17,4,6,2,-1,0,1,2,4,2,6,7,1,6,8,2,1,13,-1,-3,5,2,3,0,2,1,1,1,1,5,1
KR_6679259621,420,1,81,31,0,-3,1,4,-1,3,4,-2,1,3,5,6,1,1,1,0,0,-1,-6,-3,8,5,-4,0,1,1,1,1,-1,5,1
KR_6722685981,420,6,95,22,13,1,3,2,5,5,0,2,3,1,2,2,0,3,3,0,0,9,-36,3,8,11,33,0,0,1,1,1,-1,3,1
KR_6742963777,420,3,40,-2,7,4,4,0,2,2,0,1,2,1,1,1,0,-1,0,1,0,1,-7,-2,6,4,3,0,0,1,-1,1,1,5,1
KR_6728955617,420,-2,-46,16,-2,2,3,1,-1,1,2,-2,2,4,0,4,4,-1,0,1,0,-6,5,3,3,6,3,0,0,-1,1,1,-1,1,1
KR_6752227128,420,4,53,-7,7,1,2,1,2,4,2,4,8,4,-1,4,5,1,1,0,0,5,37,2,4,6,1,0,2,-1,1,1,-1,2,1
KR_6756195752,420,1,-27,32,8,-4,0,4,1,5,4,4,5,1,7,7,0,0,0,0,0,13,42,-2,8,6,-2,0,0,1,0,1,-1,3,1
KR_6684871493,420,7,78,57,5,2,2,0,2,5,3,3,4,1,-3,1,4,1,2,1,2,1,6,3,3,6,7,0,2,1,1,1,1,1,1
KR_6756817677,420,5,90,28,6,3,4,1,0,3,3,-3,2,5,7,8,1,-1,1,2,1,5,4,3,3,6,0,0,2,1,1,1,1,5,1
KR_6755332337,420,3,76,6,3,-1,1,2,1,6,5,3,4,1,3,6,3,-3,0,3,0,-6,3,5,2,7,-3,0,1,-1,1,1,1,3,1
KR_6692065800,420,-1,5,30,-8,-3,2,5,1,3,2,-3,2,5,0,0,0,-3,3,6,0,-14,21,-6,8,2,1,0,0,1,1,0,1,1,1
KR_6755063935,420,4,97,-9,13,3,3,0,0,0,0,5,8,3,2,3,1,3,3,0,0,10,-85,0,5,5,7,0,1,-1,1,1,1,6,1
KR_6684003220,420,0,23,-8,-1,-1,1,2,-5,2,7,3,4,1,2,4,2,0,1,1,0,1,-2,0,7,7,1,0,2,1,-1,1,1,5,1
KR_6606531511,420,1,-3,0,1,0,2,2,6,10,4,1,1,0,-5,2,7,-1,0,1,0,-5,13,-2,7,5,-1,0,0,-1,1,0,-1,1,1
KR_6760152363,420,-1,-2,-40,-1,5,7,2,1,2,1,-1,3,4,-1,2,3,-5,1,6,-1,1,3,3,8,11,-1,0,1,-1,1,1,-1,6,1
KR_6764134645,420,3,45,16,3,0,1,1,0,2,2,-3,1,4,4,5,1,2,3,1,0,3,10,0,3,3,0,0,0,1,-1,1,-1,6,1
KR_6635055468,420,-6,-85,-36,-8,3,4,1,-3,0,3,-7,1,8,2,3,1,-3,0,3,0,2,1,2,3,5,-2,0,-1,0,-1,-1,-1,0,1
KR_6608748733,420,5,51,28,1,-2,0,2,2,3,1,-2,0,2,5,5,0,-2,0,2,0,4,16,2,2,4,-1,0,2,-1,-1,1,1,6,1
KR_6680115455,420,1,8,19,4,-2,1,3,0,2,2,3,3,0,1,2,1,2,2,0,0,9,6,-1,7,6,-2,0,-1,1,-1,-1,-1,1,1
KR_6741208564,420,0,47,-8,-2,-3,1,4,-1,0,1,1,3,2,1,4,3,0,0,0,1,-5,-2,1,2,3,-6,0,0,0,1,1,1,0,1
KR_6765855770,420,3,25,42,10,0,1,1,6,8,2,3,3,0,1,3,2,0,0,0,0,9,9,3,2,5,-4,0,1,-1,1,1,1,4,1
