matchId,queueId,Diff_LV,Diff_CS,Diff_jglCS,Diff-K,Diff-K-top,K-WIN-top,K-LOSE-top,Diff-K-jug,K-WIN-jug,K-LOSE-jug,Diff-K-mid,K-WIN-mid,K-LOSE-mid,Diff-K-ad,K-WIN-ad,K-LOSE-ad,Diff-K-sup,K-WIN-sup,K-LOSE-sup,invadeKill,Diff-A,Diff_WARDplaced,Diff-ControlWARDplaced,LOSE_controlWARDPlaced,WIN_controlWARDPlaced,Diff_WARDkill,Diff_Inhibitor,Diff_TOWERkill,Diff_FirstDRAGON,Diff_FirstHERALD,Diff_Firsttower,Diff_FirstBLOOD,dragonType,result
KR_6680238195,420,2,31,23,-2,1,1,2,-2,3,1,0,0,0,-1,2,1,0,0,0,-1,-5,0,0,-7,7,-5,0,1,1,-1,1,-1,2,-1
KR_6741151351,420,0,-48,0,0,2,1,3,0,2,2,1,1,2,-4,6,2,1,0,1,-1,-1,14,-5,-3,8,1,0,0,0,-1,0,-1,0,-1
KR_6715516117,420,0,-59,11,-3,-2,3,1,-1,4,3,3,1,4,-3,4,1,0,0,0,0,-5,-9,-3,-2,5,3,0,-1,0,-1,-1,-1,0,-1
KR_6699866582,420,-4,-64,-16,-11,2,2,4,-4,4,0,-4,4,0,-1,2,1,-4,4,0,0,-11,4,-3,-1,4,-1,0,-1,-1,-1,-1,-1,5,-1
KR_6758569373,420,-2,-37,-4,6,3,0,3,5,1,6,-1,2,1,-1,1,0,0,1,1,1,8,17,3,-4,1,-5,0,0,-1,0,0,1,1,-1
KR_6528028661,420,-7,-62,-16,-12,-4,6,2,-5,5,0,1,2,3,-4,4,0,0,1,1,0,-11,-20,2,-5,3,-5,0,-1,-1,1,-1,-1,6,-1
KR_6760652874,420,-1,-26,-13,-11,3,1,4,-5,5,0,0,5,5,-5,5,0,-4,5,1,-1,-10,-5,-2,-1,3,-1,0,-1,-1,-1,-1,-1,1,-1
KR_6616336168,420,1,-28,13,7,2,1,3,0,3,3,-1,3,2,2,3,5,4,0,4,0,10,-12,-1,-2,3,0,0,1,0,1,1,-1,0,-1
KR_6659149621,420,1,5,0,-12,-1,2,1,1,2,3,-1,5,4,-13,15,2,2,0,2,-3,-11,-3,-3,-1,4,-4,0,0,1,0,0,1,2,-1
KR_6759759999,420,-3,-86,11,-6,-7,8,1,-3,5,2,5,0,5,-1,2,1,0,1,1,0,-4,3,3,-6,3,-6,0,-3,-1,1,-1,-1,5,-1
KR_6663998898,420,-3,-76,16,-3,2,1,3,-3,4,1,1,5,6,-1,4,3,-2,2,0,1,-4,1,4,-5,1,-1,0,-1,1,-1,-1,1,1,-1
KR_6693103516,420,2,31,13,3,0,1,1,6,0,6,1,0,1,-4,8,4,0,0,0,0,-3,2,-2,0,2,4,0,0,1,0,0,1,3,-1
KR_6756181551,420,-7,-87,-4,-21,-5,6,1,-4,5,1,-6,8,2,-7,8,1,1,2,3,0,-9,6,0,-1,1,1,0,-2,0,0,-1,-1,0,-1
KR_6752609744,440,-3,-44,4,-6,-4,6,2,3,2,5,-5,5,0,2,1,3,-2,2,0,0,-2,322,1,-4,3,0,0,0,1,0,-1,1,3,-1
KR_6750686408,420,-1,-41,8,1,-1,4,3,-2,4,2,5,2,7,1,7,8,-2,2,0,0,-3,10,1,-5,4,-1,0,0,1,0,-1,1,1,-1
KR_6649338517,420,-1,15,16,-10,0,3,3,-5,5,0,-5,7,2,-2,3,1,2,0,2,0,-8,6,-4,0,4,0,0,-1,-1,1,-1,-1,1,-1
KR_6743142416,420,-1,-32,-20,-4,-7,7,0,-6,6,0,6,0,6,3,2,5,0,1,1,0,-7,3,0,-3,3,5,0,-1,-1,-1,-1,-1,3,-1
KR_6743630027,420,1,-43,0,-3,-3,6,3,0,3,3,-3,4,1,3,0,3,0,0,0,0,4,6,2,-4,2,-1,0,-1,-1,0,-1,-1,3,-1
KR_6649725510,420,-1,-99,-24,-8,0,0,0,1,1,2,-1,1,0,-3,7,4,-5,7,2,-1,-8,-8,3,-5,2,-3,0,-1,0,1,-1,-1,0,-1
KR_6695811736,420,-6,-56,-20,-14,-1,1,0,-1,3,2,-5,7,2,-5,5,0,-2,2,0,0,-15,-5,-1,-2,3,-3,0,-2,-1,-1,-1,-1,3,-1
KR_6470765825,420,6,28,9,7,5,0,5,2,2,4,3,0,3,-3,4,1,0,1,1,0,2,11,0,-5,5,-6,0,2,-1,1,1,1,1,-1
KR_6702933409,420,-2,-73,0,-8,-3,5,2,-2,4,2,-1,2,1,-1,4,3,-1,1,0,0,-5,1,1,-4,3,1,0,-1,-1,-1,-1,-1,3,-1
KR_6741625210,420,2,38,28,-3,2,2,4,-2,3,1,1,0,1,-1,3,2,-3,4,1,0,-2,-234,-7,0,7,-2,0,-1,-1,-1,-1,-1,4,-1
KR_6514546855,440,-2,-47,-8,-7,-2,5,3,1,1,2,3,1,4,-9,9,0,0,3,3,0,-5,-4,-4,-4,8,2,0,-2,-1,-1,-1,-1,3,-1
KR_6731263828,420,-7,-58,-35,-9,-2,2,0,-4,5,1,-2,3,1,1,1,2,-2,3,1,0,-4,4,1,-6,5,-3,0,-2,-1,-1,-1,-1,1,-1
KR_6695642254,420,-5,-153,0,-11,2,2,4,-2,3,1,-5,7,2,-6,9,3,0,1,1,-1,-3,-15,1,-3,2,0,0,-1,0,-1,-1,-1,0,-1
KR_6687092988,420,-1,27,9,1,-1,2,1,0,1,1,3,1,4,-1,3,2,0,1,1,0,-8,-13,1,-4,3,0,0,0,1,1,0,1,3,-1
KR_6482984437,420,1,29,-8,5,1,2,3,2,3,5,3,0,3,-1,4,3,0,0,0,0,8,4,-4,-3,7,-1,0,1,-1,1,1,1,2,-1
KR_6636388357,420,-8,-64,-28,-3,-3,4,1,4,0,4,-2,3,1,1,0,1,-3,3,0,1,2,84,-1,-1,2,1,0,0,1,0,-1,1,3,-1
KR_6751423878,420,1,43,1,8,-2,4,2,4,4,8,5,0,5,3,2,5,-2,3,1,1,9,8,3,-5,2,5,0,-1,1,-1,-1,1,4,-1
KR_6709640951,420,-1,22,-36,-1,0,1,1,0,1,1,-4,4,0,-1,2,1,4,0,4,0,-1,-15,-5,-3,8,10,0,-1,-1,-1,-1,1,2,-1
KR_6711490087,420,-4,-32,-4,-4,-1,2,1,-2,3,1,-2,2,0,0,1,1,1,0,1,0,-3,2,1,-5,4,-1,0,0,1,1,-1,1,2,-1
KR_6716229996,420,-2,-23,-11,-2,-1,1,0,1,0,1,0,2,2,-1,2,1,-1,1,0,0,-4,0,2,-5,3,-2,0,0,-1,0,1,-1,5,-1
KR_6701327322,420,2,-34,9,1,-3,3,0,-1,1,0,5,1,6,1,4,5,-1,1,0,0,1,-4,2,-5,3,2,0,-2,-1,-1,-1,-1,5,-1
KR_6747438661,420,1,64,-16,-3,2,0,2,0,3,3,1,4,5,-3,5,2,-3,3,0,0,-8,2,4,-10,6,-5,0,1,1,1,1,-1,4,-1
KR_6691037155,420,2,22,-28,2,-1,4,3,0,3,3,1,3,4,-2,2,0,4,0,4,0,7,4,-5,-1,6,4,0,0,-1,0,0,-1,6,-1
KR_6658461574,420,2,-54,-1,-3,-3,5,2,5,0,5,-2,3,1,-3,6,3,0,1,1,-2,-1,6,-1,-5,6,3,0,-1,1,-1,-1,-1,2,-1
KR_6690336436,420,5,-12,11,2,1,1,2,3,2,5,-2,3,1,-1,2,1,1,0,1,0,7,-6,-1,-2,3,3,0,0,0,-1,-1,1,0,-1
KR_6741475590,420,-2,-69,13,-3,1,2,3,1,1,2,2,2,4,-8,8,0,1,1,2,0,-1,-140,2,-7,5,-2,0,-1,1,1,-1,-1,2,-1
KR_6763094548,420,2,-18,-27,2,6,1,7,-1,3,2,1,2,3,-5,7,2,1,0,1,1,-7,-7,-4,-2,6,-1,0,0,-1,0,1,1,1,-1
KR_6743809900,420,-1,-44,19,-5,4,0,4,-1,6,5,1,1,2,-8,9,1,-1,1,0,0,-8,0,3,-5,2,0,0,0,-1,1,1,-1,4,-1
KR_6685882510,420,-4,-131,-51,-3,-2,2,0,-4,4,0,2,1,3,2,0,2,-1,2,1,0,-2,35,0,-3,3,-4,0,-3,-1,-1,-1,1,2,-1
KR_6764433012,420,-1,-79,-20,-11,-3,5,2,0,1,1,2,2,4,-10,11,1,0,0,0,0,-10,282,-1,-4,5,1,0,-1,-1,0,-1,-1,6,-1
KR_6761306278,420,-1,-42,0,-7,-4,4,0,-2,2,0,-1,4,3,1,1,2,-1,1,0,0,-5,-1,-2,-2,4,0,0,0,-1,1,-1,-1,1,-1
KR_6758777425,420,4,20,28,4,-2,2,0,3,0,3,5,0,5,-4,4,0,2,0,2,0,5,119,1,-4,3,6,0,0,1,1,0,-1,6,-1
KR_6756462050,420,1,-51,36,2,-1,1,0,2,2,4,2,1,3,0,1,1,-1,2,1,-1,-3,-9,0,-5,5,1,0,0,1,-1,0,-1,2,-1
KR_6756807010,440,-4,-70,-20,-2,-3,3,0,5,0,5,-4,5,1,-1,2,1,1,0,1,0,5,237,2,-4,2,1,0,0,0,1,0,-1,0,-1
KR_6649657163,420,-4,-15,-24,-8,-3,4,1,-8,8,0,1,0,1,-1,2,1,3,0,3,0,-7,-1,3,-7,4,-1,0,-2,-1,-1,-1,-1,1,-1
KR_6724103617,440,1,68,-3,5,2,1,3,2,0,2,-6,8,2,4,4,8,3,0,3,0,9,11,-2,-3,5,1,0,1,0,0,1,1,0,-1
KR_6360378818,440,-6,-118,-8,-12,-4,4,0,-3,3,0,0,2,2,-5,6,1,0,1,1,-1,-9,0,0,0,0,1,0,0,0,-1,0,-1,0,-1
KR_6681385984,420,0,-5,9,2,1,1,2,2,1,3,3,0,3,-6,7,1,2,0,2,0,0,-3,4,-6,2,0,0,0,1,-1,1,1,4,-1
KR_6660494533,420,-3,-74,-8,-8,3,0,3,-3,3,0,-2,4,2,-5,5,0,-1,1,0,0,-8,-15,-6,-2,8,-1,0,0,-1,1,0,-1,6,-1
KR_6758131124,420,-2,-34,-16,-5,-4,4,0,-1,1,0,3,3,6,-3,5,2,0,0,0,0,-9,-3,-5,-2,7,-1,0,-1,-1,-1,-1,1,5,-1
KR_6649692953,420,-1,-49,-9,4,4,1,5,2,3,5,-1,2,1,-1,1,0,0,1,1,0,1,-7,0,-2,2,2,0,1,-1,1,1,1,5,-1
KR_6677387567,420,-4,-67,4,-3,-1,2,1,2,1,3,-3,3,0,-5,7,2,4,1,5,0,-3,9,2,-8,6,-9,0,0,0,-1,0,1,0,-1
KR_6742576949,440,-6,-147,-17,-18,-7,7,0,-5,6,1,-10,12,2,-1,3,2,5,0,5,0,-1,4,0,-1,1,-2,0,-3,1,0,-1,1,2,-1
KR_6759120097,420,0,-1,-20,-1,1,0,1,2,3,5,1,0,1,-3,4,1,-2,2,0,1,-8,5,1,-3,2,-2,0,1,1,1,1,1,2,-1
KR_6662927411,420,3,41,-20,1,1,1,2,2,2,4,0,1,1,-3,3,0,1,1,2,0,-1,353,-2,-2,4,-28,0,0,1,-1,1,1,2,-1
KR_6698359110,440,-6,-116,5,-12,-4,5,1,-2,5,3,-4,5,1,2,1,3,-4,4,0,1,-7,5,-2,-1,3,-4,0,-2,-1,-1,-1,1,4,-1
KR_6640446565,420,-2,-13,-4,-3,-3,3,0,-5,6,1,2,0,2,3,2,5,0,0,0,0,0,-7,1,-6,5,0,0,0,1,1,1,-1,4,-1
KR_6761962267,420,-4,-119,-4,-9,-2,3,1,1,2,3,0,2,2,-6,7,1,-2,3,1,1,-9,-5,0,-5,5,-2,0,-2,1,-1,-1,1,5,-1
KR_6698442427,420,0,-25,-24,-4,2,2,4,2,2,4,-5,6,1,-3,6,3,0,1,1,-1,-8,-17,0,-7,7,6,0,1,-1,-1,1,-1,2,-1
KR_6673944920,420,-5,-90,-12,-14,-7,7,0,-2,5,3,0,3,3,0,1,1,-5,5,0,0,-12,24,3,-4,1,-3,0,-2,-1,1,-1,-1,5,-1
KR_6748482860,420,0,8,-5,0,-1,5,4,4,1,5,1,2,3,-3,5,2,-1,2,1,-2,-8,2,1,-6,5,-3,0,0,-1,-1,-1,-1,6,-1
KR_6655555147,440,-3,-100,0,-8,-10,10,0,0,1,1,-2,5,3,3,3,6,1,0,1,0,4,6,-1,-3,4,1,0,0,0,0,-1,-1,0,-1
KR_6757510068,440,-6,-117,-5,-17,-1,2,1,-3,7,4,-7,8,1,-5,5,0,-1,3,2,0,-17,-20,4,-7,3,-2,0,-2,-1,-1,-1,-1,5,-1
KR_6676026045,420,-1,-45,16,1,-2,3,1,2,1,3,3,2,5,1,2,3,-3,3,0,0,0,-31,3,-4,1,12,0,-1,1,-1,-1,-1,4,-1
KR_6761716407,420,-2,-2,-22,-4,2,2,4,2,3,5,-10,11,1,4,0,4,-2,2,0,-2,-7,7,0,-4,4,-3,0,-1,-1,-1,-1,-1,5,-1
KR_6746037778,420,-2,-62,-4,-2,1,1,2,-4,5,1,-3,5,2,3,1,4,1,0,1,0,-1,-2,-6,0,6,2,0,0,1,-1,0,-1,3,-1
KR_6672773860,420,0,20,-17,-4,2,2,4,-4,4,0,-1,3,2,-1,1,0,0,1,1,0,-11,-3,3,-10,7,6,0,2,-1,1,1,-1,4,-1
KR_6738502046,420,-2,-11,12,-9,-2,3,1,-2,2,0,-1,2,1,-1,2,1,-3,3,0,0,-5,5,-3,-3,6,-3,0,0,1,-1,0,-1,4,-1
KR_6753364660,420,-3,-27,-12,-2,4,0,4,-2,3,1,-1,2,1,-2,5,3,-1,7,6,0,-5,5,1,-4,3,0,0,0,-1,0,-1,1,2,-1
KR_6733230320,440,-3,-35,-9,-3,-3,4,1,-3,4,1,-1,1,0,2,1,3,2,0,2,0,-1,-12,-2,-3,5,-2,0,-3,1,-1,-1,1,1,-1
KR_6647450558,420,-1,45,12,2,1,1,2,2,0,2,1,0,1,-3,4,1,1,0,1,0,2,-7,-5,-2,7,1,0,0,0,0,0,1,0,-1
KR_6758451967,440,0,-8,-4,8,5,1,6,0,3,3,3,0,3,0,2,2,0,0,0,0,0,23,0,-3,3,0,0,0,-1,-1,0,1,6,-1
KR_6756483256,420,0,-27,9,-3,-1,6,5,-5,5,0,0,5,5,1,3,4,2,0,2,0,-9,-152,4,-7,3,-2,0,0,-1,0,0,-1,6,-1
KR_6721357719,420,-3,-68,34,-13,-1,2,1,3,4,7,-3,3,0,-6,7,1,-6,6,0,-1,-20,2,5,-10,5,1,0,-3,1,-1,-1,-1,4,-1
KR_6760495977,420,-6,-108,4,-10,-9,9,0,-1,1,0,-1,1,0,1,3,4,0,0,0,-1,-3,10,-1,-5,6,-5,0,-2,-1,-1,-1,-1,2,-1
KR_6672297433,420,-1,-56,28,2,-1,2,1,1,1,2,2,0,2,0,2,2,0,5,5,0,0,27,-2,-4,6,4,0,0,0,1,0,-1,0,-1
KR_6678719373,440,-2,3,20,-3,-2,3,1,-2,3,1,-2,4,2,1,2,3,2,1,3,0,4,2,-3,-2,5,1,0,0,-1,1,0,-1,6,-1
KR_6750499095,420,-4,-14,-28,0,-2,5,3,0,4,4,2,2,4,0,6,6,0,0,0,1,1,-30,5,-7,2,7,0,0,-1,1,-1,1,6,-1
KR_6672303349,420,1,55,2,-4,-4,4,0,-3,4,1,-2,4,2,3,0,3,2,1,3,0,-6,-119,-2,-4,6,-2,0,0,1,-1,1,1,4,-1
KR_6650600083,420,-1,23,-35,4,4,1,5,-1,1,0,0,0,0,4,2,6,-3,4,1,0,3,19,-3,-4,7,5,0,0,1,1,1,-1,1,-1
KR_6641373805,420,0,-47,-3,-6,-1,3,2,1,4,5,-4,6,2,-1,2,1,-1,3,2,-1,-10,6,0,-2,2,-2,0,0,0,0,-1,-1,0,-1
KR_6743249877,420,-5,-70,-4,-18,-6,6,0,-7,8,1,0,1,1,-3,4,1,-2,2,0,0,-9,3,0,-2,2,-3,0,-3,1,-1,-1,-1,4,-1
KR_6622355795,420,0,0,4,1,-2,2,0,0,1,1,3,2,5,-2,3,1,2,0,2,0,-4,1,1,-7,6,6,0,-1,1,-1,-1,1,6,-1
KR_6751371551,420,-1,-22,-12,-2,1,0,1,-5,5,0,1,2,3,0,2,2,1,0,1,-1,-6,-92,-5,-2,7,-1,0,0,-1,-1,-1,-1,4,-1
KR_6737315025,420,-6,-39,-69,-4,-1,3,2,1,2,3,-8,9,1,4,0,4,0,0,0,0,-1,-255,-7,-1,8,-1,0,-3,-1,-1,-1,1,6,-1
KR_6743587478,420,-7,-31,-25,-12,-1,2,1,-3,3,0,-6,6,0,-1,1,0,-1,2,1,0,-9,1,-6,-1,7,0,0,-2,-1,-1,-1,-1,2,-1
KR_6756220722,420,-2,-56,24,-1,1,0,1,-1,4,3,2,0,2,0,4,4,-3,3,0,0,-6,-38,0,-2,2,36,0,-1,-1,0,-1,-1,5,-1
KR_6655130324,420,-6,-169,-4,-13,-7,7,0,-4,5,1,-3,3,0,2,1,3,-1,3,2,0,-6,5,6,-9,3,-8,0,-2,-1,0,-1,-1,5,-1
KR_6741509161,420,0,27,-13,-2,-3,4,1,1,1,2,4,2,6,-2,2,0,-2,2,0,0,-15,6,1,-5,4,-1,0,1,1,1,1,1,4,-1
KR_6761479669,420,1,-44,-2,-5,0,2,2,3,0,3,-2,4,2,-6,6,0,0,0,0,0,-3,306,2,-7,5,1,0,0,-1,0,0,-1,3,-1
KR_6689373651,420,-3,-67,-21,-2,-1,2,1,1,4,5,-1,1,0,0,5,5,-1,2,1,-1,3,46,1,-2,1,-36,0,0,0,1,1,-1,0,-1
KR_6560219019,420,0,30,-4,-3,2,1,3,-3,4,1,-1,1,0,0,3,3,-1,1,0,0,-5,8,-4,0,4,-1,0,2,0,1,1,-1,0,-1
KR_6762347134,420,-3,-21,12,-8,-3,3,0,-3,4,1,1,2,3,-4,5,1,1,0,1,-2,-12,-2,-3,-6,9,-3,0,0,1,0,0,-1,1,-1
KR_6604028863,420,-4,-28,-6,-7,3,0,3,1,2,3,-2,2,0,-4,6,2,-5,7,2,1,-5,-196,0,-2,2,-1,0,0,-1,0,-1,1,5,-1
KR_6731898846,420,0,-10,0,3,1,1,2,3,1,4,0,3,3,-4,5,1,3,0,3,0,4,-30,3,-4,1,23,0,-1,1,-1,-1,1,6,-1
KR_6762595351,420,0,2,0,5,-1,2,1,0,2,2,0,3,3,6,1,7,0,0,0,0,9,-8,-2,-4,6,2,0,2,-1,-1,1,-1,6,-1
KR_6327856746,420,-8,-74,-87,-6,-3,5,2,-6,6,0,-5,7,2,0,1,1,8,0,8,-1,0,-102,-2,-1,3,0,0,-4,0,0,-1,-1,0,-1
KR_6637881284,420,0,37,6,0,0,3,3,-3,5,2,2,4,6,0,2,2,1,0,1,0,-4,1,0,-4,4,2,0,0,-1,1,-1,-1,5,-1
KR_6729170409,420,-3,-48,1,-11,-1,1,0,-5,7,2,0,1,1,-4,5,1,-1,1,0,0,-12,-11,-2,-1,3,0,0,0,-1,1,0,-1,1,-1
KR_6752626887,420,-6,-76,-34,-13,-2,2,0,0,2,2,-4,4,0,-5,9,4,-2,3,1,0,-6,-1,-1,-4,5,7,0,-1,-1,0,-1,1,4,-1
KR_6764027730,420,-2,35,-12,-2,1,2,3,-1,4,3,-1,4,3,-1,3,2,0,1,1,-2,-5,1,1,-5,4,-1,0,0,0,-1,0,-1,0,-1
KR_6750264667,420,-3,-4,-42,-4,-1,4,3,1,3,4,-5,5,0,3,3,6,-2,2,0,1,1,1,-2,-4,6,0,0,-1,0,-1,-1,1,0,-1
KR_6725393829,420,-4,-82,-20,-9,1,0,1,1,4,5,-5,7,2,-3,3,0,-3,3,0,0,-14,4,-4,-2,6,-2,0,-1,-1,0,-1,-1,5,-1
KR_6637460410,420,-5,-31,-21,-14,2,1,3,-3,4,1,-4,6,2,-8,9,1,-1,2,1,0,-20,22,-3,-1,4,-24,0,-2,-1,1,-1,-1,3,-1
KR_6719826839,420,0,-52,-13,-1,-2,3,1,-1,5,4,1,4,5,0,2,2,1,3,4,-2,1,-44,-3,-3,6,6,0,0,0,-1,-1,-1,0,-1
KR_6723150170,420,-6,-60,-34,-14,1,1,2,-6,7,1,-2,3,1,-7,8,1,0,1,1,0,-9,-4,-3,0,3,0,0,-3,-1,1,-1,1,1,-1
KR_6731447578,420,-1,0,1,-7,1,0,1,-2,3,1,-3,4,1,1,1,2,-4,4,0,0,-7,-5,-3,-3,6,-2,0,-1,1,-1,-1,-1,2,-1
KR_6759495026,420,-1,28,20,0,1,2,3,0,3,3,1,4,5,-2,3,1,0,1,1,1,3,4,3,-5,2,5,0,0,1,1,1,1,1,-1
KR_6672840952,420,-7,-95,-28,-11,-6,8,2,0,4,4,-2,3,1,-2,2,0,-1,1,0,0,-13,0,-1,-4,5,-1,0,-2,-1,-1,-1,1,3,-1
KR_6726667272,420,0,-22,-8,-7,1,0,1,-1,2,1,-4,5,1,2,2,4,-5,6,1,0,-9,13,4,-8,4,-3,0,0,-1,1,1,-1,1,-1
KR_6757522870,440,-3,-68,-9,-6,-2,6,4,0,2,2,-4,4,0,2,2,4,-2,2,0,-1,-6,48,2,-4,2,-26,0,-1,-1,0,-1,-1,4,-1
KR_6663961293,420,-3,-40,-18,-11,-7,8,1,0,4,4,-2,3,1,-4,4,0,2,1,3,-1,-6,-6,-5,-2,7,-1,0,-1,-1,-1,-1,-1,5,-1
KR_6697643050,420,0,-31,-9,-2,-2,3,1,2,1,3,1,1,2,-3,3,0,0,0,0,0,-1,2,4,-4,0,-3,0,0,1,0,0,-1,6,-1
KR_6756899454,420,-5,18,-8,-11,0,2,2,-2,5,3,-6,7,1,-3,6,3,0,0,0,0,-7,7,-2,-1,3,1,0,-3,0,-1,-1,1,0,-1
KR_6763085555,420,-2,-30,-62,2,1,0,1,0,3,3,-2,5,3,5,0,5,-2,3,1,1,5,11,1,-2,1,-3,0,-1,0,-1,-1,1,0,-1
KR_6757739160,420,-2,-38,16,3,-3,4,1,1,3,4,3,0,3,3,3,6,-1,1,0,-1,5,6,3,-3,0,-2,0,-2,-1,-1,-1,-1,6,-1
KR_6701758370,440,5,30,-18,5,-1,3,2,1,0,1,1,2,3,0,1,1,4,0,4,0,3,-2,0,-5,5,7,0,0,-1,0,0,1,5,-1
KR_6743455698,420,1,-44,-24,-5,-2,4,2,1,4,5,1,2,3,-5,6,1,0,1,1,-2,-9,7,-1,-1,2,-4,0,0,-1,0,-1,-1,4,-1
KR_6756576876,420,-1,3,15,-5,-4,5,1,-5,5,0,7,0,7,-1,2,1,-2,2,0,0,-7,146,-2,0,2,-1,0,0,-1,-1,-1,1,3,-1
KR_6722120774,420,-3,-79,-28,-3,-3,6,3,7,3,10,-7,8,1,0,3,3,0,2,2,0,3,-2,1,-5,4,1,0,-1,1,0,-1,1,5,-1
KR_6653858294,420,2,52,-6,5,3,0,3,0,2,2,-3,4,1,4,1,5,1,1,2,1,7,4,-1,-4,5,1,0,2,1,1,-1,1,3,-1
KR_6762327309,420,1,-13,-16,0,2,1,3,0,6,6,2,3,5,-4,5,1,0,0,0,0,-1,-18,1,-3,2,-4,0,0,-1,1,1,-1,2,-1
KR_6626170409,420,-1,67,8,3,5,0,5,-2,6,4,5,1,6,-3,3,0,-2,3,1,0,1,-1,-2,-3,5,0,0,1,0,1,1,-1,0,-1
KR_6395278176,420,0,16,-14,-6,0,3,3,-4,8,4,1,3,4,0,3,3,-3,4,1,1,-7,1,-2,-5,7,0,0,0,0,-1,-1,1,0,-1
KR_6703668879,420,5,90,17,8,0,2,2,4,2,6,4,0,4,0,3,3,0,3,3,0,6,0,2,-2,0,-1,0,1,1,0,1,-1,5,-1
KR_6531464681,420,2,-18,-20,1,2,3,5,0,2,2,0,1,1,0,3,3,-1,1,0,0,4,-3,-1,-3,4,-2,0,1,0,1,1,-1,0,-1
KR_6715847897,420,-1,-71,-5,-6,-2,4,2,0,2,2,2,0,2,-7,7,0,1,2,3,0,2,-38,-4,0,4,10,0,1,-1,-1,-1,-1,4,-1
KR_6719732091,420,0,-65,40,0,-1,1,0,2,0,2,0,5,5,-1,2,1,0,0,0,0,0,22,-1,-8,9,-10,0,-1,1,-1,-1,-1,6,-1
KR_6683214165,420,2,26,-24,5,-1,3,2,3,0,3,0,1,1,2,1,3,1,1,2,0,9,310,1,-5,4,-2,0,0,1,-1,0,1,3,-1
KR_6647817606,420,-1,51,-3,-7,-1,2,1,-4,6,2,1,1,2,-2,5,3,-1,1,0,0,-8,-2,-3,0,3,2,0,0,1,-1,-1,-1,4,-1
KR_6739091229,420,-2,-32,0,-6,2,1,3,-2,5,3,-6,6,0,1,2,3,-1,2,1,0,-8,-1,4,-5,1,-4,0,0,-1,-1,-1,1,3,-1
KR_6666456587,420,-2,-11,13,-6,-4,4,0,0,3,3,-1,2,1,-2,3,1,1,0,1,-1,-4,-10,-2,0,2,0,0,-3,-1,-1,-1,-1,2,-1
KR_6738893182,420,-3,-22,-5,-10,-2,3,1,-5,5,0,-5,5,0,3,2,5,-1,3,2,0,-2,12,1,-4,3,-5,0,-1,-1,1,-1,1,6,-1
KR_6762480708,420,-1,-56,8,-10,-3,4,1,-6,6,0,-1,3,2,-1,3,2,1,1,2,0,-8,-1,3,-6,3,-4,0,0,-1,-1,-1,-1,1,-1
KR_6692209587,420,-3,24,-15,-5,0,1,1,-4,4,0,4,0,4,-1,1,0,-4,4,0,0,-7,7,1,-6,5,-1,0,0,-1,1,0,1,5,-1
KR_6748994761,440,-8,-49,-38,-9,-2,3,1,-1,5,4,-5,5,0,-2,5,3,1,2,3,0,3,0,-3,-5,8,-3,0,-2,-1,-1,-1,1,1,-1
KR_6649389791,420,-1,40,-23,0,1,3,4,-5,6,1,3,1,4,-2,2,0,3,0,3,0,-1,-87,-2,-1,3,21,0,0,-1,-1,1,1,1,-1
KR_6751855443,420,-3,-2,-23,-5,0,1,1,-5,7,2,-2,4,2,3,0,3,-1,1,0,0,-5,-1,0,-2,2,0,0,-2,-1,-1,-1,-1,6,-1
KR_6756215957,420,-4,-75,-23,-12,-8,8,0,0,3,3,-8,8,0,0,2,2,4,0,4,0,2,3,-2,-2,4,1,0,-1,-1,0,-1,-1,1,-1
KR_6712691754,420,0,21,10,-3,2,2,4,-2,2,0,-2,4,2,-1,3,2,0,2,2,0,0,-39,0,-3,3,26,0,1,1,1,1,-1,1,-1
KR_6730425354,420,-4,-21,-20,-9,2,2,4,3,3,6,-10,14,4,-2,3,1,-2,2,0,0,-5,-6,0,-6,6,3,0,-1,1,-1,-1,-1,1,-1
KR_6719308886,420,-1,-57,4,-7,-1,3,2,2,2,4,0,2,2,-7,7,0,-1,2,1,1,-7,0,0,-5,5,-1,0,0,1,-1,-1,1,1,-1
KR_6703542857,420,-3,-134,-18,-7,1,0,1,-1,1,0,1,2,3,-5,6,1,-3,3,0,0,-12,7,4,-5,1,-2,0,0,-1,1,0,1,4,-1
KR_5883861116,420,-2,2,16,-4,-1,2,1,-1,5,4,-4,6,2,2,5,7,0,1,1,0,-7,27,2,-4,2,0,0,0,-1,-1,0,1,5,-1
KR_6742712569,420,3,-37,-38,5,-2,3,1,4,0,4,-2,4,2,1,1,2,4,2,6,0,4,-7,3,-5,2,-2,0,2,0,1,1,1,0,-1
KR_6737315440,420,-6,-56,-4,-15,-4,4,0,-4,4,0,-1,1,0,-5,7,2,-1,2,1,0,-20,-3,0,-4,4,-5,0,-1,1,-1,-1,-1,1,-1
KR_6761929772,420,0,-20,17,-4,1,1,2,0,1,1,-2,3,1,-2,3,1,-1,2,1,0,1,-201,-4,-3,7,2,0,-1,-1,0,-1,-1,3,-1
KR_6744086871,420,-2,-18,-6,-12,-3,3,0,-5,8,3,-5,7,2,1,1,2,0,1,1,1,-12,526,-1,-5,6,-2,0,1,1,1,1,-1,5,-1
KR_6752988947,420,0,-72,-21,3,0,0,0,8,0,8,-2,2,0,-2,2,0,-1,1,0,0,3,-4,0,-6,6,5,0,0,-1,-1,-1,1,4,-1
KR_6711756095,420,-5,-49,-14,-12,1,1,2,-8,8,0,-5,5,0,0,3,3,0,1,1,0,-18,-7,-1,-3,4,-1,0,-4,-1,-1,-1,-1,6,-1
KR_6717582169,440,1,-87,24,1,3,2,5,-2,4,2,2,1,3,-2,5,3,0,3,3,-3,-4,11,-4,-1,5,-1,0,-1,1,-1,-1,-1,2,-1
KR_6697231886,420,1,-29,10,-3,-5,5,0,4,1,5,2,0,2,2,3,5,-6,6,0,-1,-5,-10,-5,-2,7,0,0,-1,-1,1,-1,-1,4,-1
KR_6758757579,420,2,-77,2,-2,-5,6,1,4,2,6,-1,3,2,2,0,2,-2,2,0,0,4,3,-4,-3,7,-1,0,0,1,-1,1,-1,1,-1
KR_6752903708,420,1,11,8,-1,0,1,1,-9,9,0,4,2,6,4,1,5,0,0,0,0,-8,29,-1,-1,2,2,0,0,-1,-1,0,1,4,-1
KR_6649653687,420,-5,-74,0,-7,-2,3,1,1,3,4,1,0,1,-5,5,0,-2,2,0,-2,-10,5,-5,-1,6,-4,0,-1,-1,1,-1,-1,2,-1
KR_6738898879,420,0,31,25,-4,0,1,1,-5,7,2,2,1,3,-1,4,3,0,0,0,0,-2,13,2,-4,2,-2,0,0,1,1,0,1,4,-1
KR_6683139930,420,0,59,3,0,0,1,1,1,0,1,1,2,3,-3,4,1,1,0,1,0,-4,-3,3,-5,2,3,0,1,0,-1,1,-1,0,-1
KR_6752323176,440,-1,-55,-40,-6,2,1,3,-2,3,1,-1,3,2,-3,5,2,-2,3,1,1,-5,11,4,-6,2,-1,0,-1,0,-1,-1,1,0,-1
KR_6751999149,420,-2,0,-26,-8,0,2,2,-3,5,2,0,2,2,-6,8,2,1,0,1,0,-11,-2,1,-9,8,1,0,-1,-1,1,1,-1,6,-1
KR_6667807648,420,-5,-16,-33,-8,-1,1,0,-7,7,0,1,1,2,-2,4,2,1,0,1,0,-4,-8,4,-4,0,-1,0,0,1,1,0,1,4,-1
KR_6699161076,420,0,71,-13,0,2,2,4,-1,1,0,-2,3,1,0,1,1,1,0,1,0,-5,-2,-4,-2,6,0,0,0,1,-1,1,1,4,-1
KR_6623284743,440,0,-62,12,-1,-1,1,0,-2,3,1,3,0,3,0,0,0,-1,4,3,-1,-6,-5,0,-6,6,-5,0,-1,-1,1,-1,-1,2,-1
KR_6716149501,420,-2,-26,4,-8,-3,4,1,-1,3,2,-2,2,0,0,1,1,-2,2,0,0,-4,-6,-2,-4,6,-1,0,-3,1,-1,-1,1,3,-1
KR_6763844536,440,-1,-69,-8,-1,-3,3,0,0,0,0,5,1,6,-2,3,1,-1,1,0,0,-3,16,-4,-2,6,-1,0,0,0,0,0,1,0,-1
KR_6702754696,420,-1,7,-4,-4,1,2,3,-3,4,1,-2,8,6,-3,3,0,3,0,3,0,-5,-162,-1,-2,3,1,0,2,-1,1,1,-1,5,-1
KR_6618808360,420,-2,18,-12,0,-2,3,1,1,5,6,1,0,1,0,3,3,0,1,1,-1,3,-11,0,-4,4,-2,0,-2,1,-1,1,-1,1,-1
KR_6720895780,420,-2,-11,0,-2,-4,5,1,3,0,3,-5,5,0,4,2,6,0,2,2,0,1,-2,3,-4,1,1,0,-1,-1,-1,-1,1,3,-1
KR_6759634948,420,-3,-71,0,-10,-2,2,0,0,4,4,0,2,2,-4,4,0,-4,4,0,-3,-11,15,0,-3,3,3,0,-1,0,1,-1,-1,0,-1
KR_6698637185,420,1,18,0,-2,-4,5,1,4,0,4,-2,2,0,2,1,3,-2,4,2,1,3,16,0,-5,5,0,0,0,0,-1,0,1,0,-1
KR_6761088530,440,-4,-84,-48,-9,-2,3,1,-5,8,3,3,0,3,-5,6,1,0,5,5,-1,-4,3,6,-7,1,0,0,-1,0,0,-1,-1,0,-1
KR_6669605857,420,-4,-67,13,-7,-2,3,1,-1,1,0,-5,5,0,3,0,3,-2,4,2,0,-3,-15,7,-8,1,-3,0,-2,1,-1,-1,-1,5,-1
KR_6758651364,420,-2,-108,4,-9,-4,5,1,-1,3,2,-3,4,1,-1,3,2,0,1,1,0,-4,203,1,-4,3,0,0,-2,1,1,-1,-1,3,-1
KR_6469394750,440,0,0,7,3,-4,7,3,0,1,1,2,1,3,2,5,7,3,0,3,-1,-1,6,-7,-3,10,3,0,0,0,-1,-1,-1,0,-1
KR_6701476497,420,2,40,6,1,-1,1,0,-3,4,1,1,4,5,1,1,2,3,0,3,0,0,17,1,-3,2,2,0,0,0,0,0,1,0,-1
KR_6593250722,420,-6,-27,-16,-10,-2,2,0,-2,2,0,-3,4,1,-3,7,4,0,1,1,-1,-12,-3,0,-5,5,-1,0,-1,-1,-1,-1,-1,5,-1
KR_6701175246,420,-4,-40,-24,-7,1,3,4,-1,2,1,-6,6,0,-4,6,2,3,0,3,0,-8,19,-1,-5,6,-3,0,-1,-1,-1,-1,-1,2,-1
KR_6740780603,420,-5,-70,-56,-6,-2,2,0,0,3,3,-5,6,1,-2,5,3,3,0,3,0,1,-12,-2,-2,4,-2,0,-2,-1,-1,-1,1,4,-1
KR_6565417448,420,0,-27,19,-1,1,0,1,2,3,5,-2,2,0,0,3,3,-2,2,0,0,-3,3,0,-5,5,5,0,1,-1,1,1,-1,6,-1
KR_6727738530,420,-6,-47,14,-12,-4,4,0,-2,5,3,-2,5,3,-2,3,1,-2,2,0,0,-11,1,-2,-3,5,-2,0,-1,-1,1,-1,-1,2,-1
KR_6764048066,420,-6,16,-53,-10,-3,3,0,-6,7,1,1,0,1,-2,2,0,0,0,0,0,-7,-1,4,-7,3,-4,0,-1,-1,1,-1,-1,2,-1
KR_6706478947,420,1,51,12,3,2,1,3,2,0,2,0,2,2,0,1,1,-1,1,0,0,2,-1,0,-4,4,3,0,1,-1,-1,-1,1,5,-1
KR_6627918851,420,1,43,9,5,-2,4,2,-2,4,2,-2,2,0,3,1,4,8,2,10,0,6,-1,0,-3,3,0,0,0,-1,-1,1,-1,3,-1
KR_6647283651,420,1,-9,9,0,-2,4,2,-5,5,0,2,2,4,4,0,4,1,1,2,0,-2,0,2,-5,3,0,0,1,-1,-1,1,-1,1,-1
KR_6761379993,420,1,-31,5,-3,0,1,1,3,2,5,-3,8,5,-1,4,3,-2,2,0,0,1,427,2,-5,3,2,0,0,1,0,0,-1,4,-1
KR_6705107679,420,-2,-70,-16,1,1,1,2,-1,3,2,1,1,2,0,1,1,0,0,0,0,1,-8,3,-8,5,3,0,-1,-1,1,-1,1,6,-1
KR_6596151370,420,0,7,-4,2,-1,2,1,2,2,4,0,2,2,1,4,5,0,0,0,1,5,2,3,-4,1,-1,0,0,1,1,0,1,5,-1
KR_6760984117,420,-1,36,-28,6,2,1,3,1,2,3,4,1,5,2,0,2,-3,4,1,0,2,-4,1,-2,1,-2,0,1,-1,-1,1,1,1,-1
KR_6760508779,420,-6,-28,-11,-13,-8,8,0,-1,5,4,-1,1,0,-3,4,1,0,2,2,0,-10,0,0,-2,2,2,0,-2,-1,-1,-1,-1,3,-1
KR_6715572984,420,-1,-4,8,-6,-1,3,2,-7,8,1,2,1,3,0,0,0,0,0,0,0,-9,3,0,-2,2,-1,0,0,1,0,-1,-1,1,-1
KR_6760340365,420,1,30,-28,0,0,1,1,-2,2,0,0,1,1,3,0,3,-1,1,0,0,-1,-8,0,-2,2,4,0,0,-1,-1,0,1,3,-1
KR_6749047178,420,0,-28,20,7,1,0,1,1,3,4,3,2,5,4,1,5,-2,2,0,0,7,5,2,-4,2,4,0,0,1,0,0,-1,3,-1
KR_6676059490,420,-2,-78,1,1,-3,4,1,4,1,5,-1,3,2,1,2,3,0,1,1,0,1,12,0,-2,2,1,0,0,1,-1,-1,-1,2,-1
KR_6753638586,420,-1,-37,-36,1,-2,2,0,4,0,4,2,1,3,-1,7,6,-2,2,0,0,6,7,5,-8,3,-1,0,0,1,0,0,1,4,-1
KR_6645475319,420,0,-28,-36,-1,-1,3,2,-3,5,2,-1,1,0,-1,5,4,5,0,5,0,-4,14,6,-8,2,-1,0,1,-1,0,1,1,6,-1
KR_6722126566,420,3,85,11,4,3,1,4,-2,4,2,-2,2,0,4,0,4,1,0,1,0,0,38,4,-7,3,-20,0,0,1,-1,1,1,2,-1
KR_6747196364,420,0,7,-8,4,3,0,3,0,1,1,-1,2,1,0,1,1,2,2,4,0,3,19,3,-4,1,-3,0,0,-1,-1,-1,1,5,-1
KR_6719437097,420,3,-74,16,8,-1,2,1,2,0,2,5,1,6,1,1,2,1,1,2,0,9,-39,3,-5,2,27,0,-2,1,1,-1,1,1,-1
KR_6672739970,420,-2,2,-6,-9,2,1,3,-2,6,4,1,2,3,0,2,2,-10,10,0,0,-4,-3,-1,-6,7,5,0,0,-1,1,1,1,4,-1
KR_6760140477,420,-6,-50,4,-15,-6,7,1,-4,5,1,0,1,1,-5,6,1,0,2,2,0,-8,-5,-1,-2,3,-3,0,-1,1,-1,-1,-1,5,-1
KR_6635450059,420,-5,-41,-24,-18,0,3,3,-2,4,2,-3,4,1,-12,14,2,-1,1,0,-3,-18,-5,-2,-3,5,-2,0,-2,-1,-1,-1,-1,5,-1
KR_6736523711,440,3,57,26,-3,1,2,3,1,1,2,-1,4,3,-1,2,1,-3,3,0,0,-4,1,0,-3,3,3,0,1,-1,1,1,-1,2,-1
KR_6298381435,420,3,73,28,6,2,0,2,4,4,8,0,2,2,2,2,4,-2,2,0,0,-2,28,-1,0,1,-21,0,0,1,0,1,-1,6,-1
KR_5897297329,420,-3,-36,-6,-7,-1,3,2,-2,5,3,-4,7,3,-1,1,0,1,2,3,1,6,13,5,-8,3,-5,0,0,-1,0,0,1,5,-1
KR_6396630119,420,-4,-103,-21,-22,-1,3,2,-2,4,2,-4,4,0,-16,16,0,1,0,1,0,-18,-3,1,-4,3,-2,0,1,1,1,-1,-1,3,-1
KR_6715925812,420,-4,-60,-11,-11,-6,6,0,1,2,3,-3,3,0,-2,3,1,-1,2,1,0,-7,4,3,-7,4,-1,0,-3,-1,1,-1,-1,4,-1
KR_6628713905,420,-6,12,-8,-10,-2,2,0,-4,6,2,-1,1,0,-3,4,1,0,0,0,0,-7,7,-2,-1,3,-1,0,-2,-1,-1,-1,-1,1,-1
KR_6707547158,420,0,54,-18,-2,0,1,1,1,1,2,-1,2,1,1,4,5,-3,3,0,-1,-2,7,3,-5,2,0,0,0,-1,-1,0,-1,4,-1
KR_6764043870,420,0,53,-12,-1,-1,2,1,-3,5,2,2,2,4,0,3,3,1,2,3,0,-1,-1,-1,-6,7,2,0,1,1,-1,1,-1,2,-1
KR_6703019806,420,2,-57,-20,14,3,2,5,4,0,4,-1,5,4,5,1,6,3,2,5,0,17,4,4,-6,2,0,0,0,-1,1,-1,1,6,-1
KR_6748611984,440,1,20,24,2,8,0,8,0,1,1,1,1,2,-5,6,1,-2,2,0,1,-7,2,3,-5,2,-2,0,0,1,1,1,1,6,-1
KR_6739788347,420,-5,-34,-32,-4,-3,4,1,-1,1,0,-2,4,2,3,3,6,-1,2,1,0,-4,-7,3,-5,2,-2,0,-1,1,-1,-1,-1,6,-1
KR_6709705105,420,0,29,-12,0,2,1,3,0,2,2,-1,2,1,-1,4,3,0,1,1,0,2,-14,0,-1,1,4,0,0,1,1,0,-1,4,-1
KR_6633520424,420,-1,48,8,1,2,0,2,-3,6,3,3,2,5,0,4,4,-1,3,2,0,-8,-6,-6,-1,7,2,0,1,-1,1,1,1,1,-1
KR_6759376302,420,-2,61,-4,-10,3,0,3,-4,5,1,0,2,2,-7,9,2,-2,3,1,0,-11,-421,-3,-2,5,3,0,1,-1,1,-1,-1,2,-1
KR_6704167910,420,0,-16,0,1,0,2,2,0,4,4,2,1,3,0,1,1,-1,2,1,0,11,-6,2,-5,3,-3,0,-1,1,1,-1,-1,3,-1
KR_6571927449,420,-1,-45,-20,0,2,0,2,0,1,1,-2,5,3,1,2,3,-1,2,1,0,0,-13,1,-3,2,0,0,-2,1,-1,-1,1,5,-1
KR_6643376388,420,0,-6,-8,9,0,1,1,2,0,2,0,3,3,7,0,7,0,0,0,0,13,7,5,-7,2,2,0,0,1,-1,0,1,6,-1
KR_6633915342,420,-6,-67,-32,-4,-4,5,1,1,1,2,1,3,4,1,2,3,-3,3,0,0,-6,14,1,-5,4,-2,0,-3,0,-1,-1,-1,0,-1
KR_5882568166,440,-7,-121,-39,-16,2,1,3,-3,4,1,-5,6,1,-10,12,2,0,2,2,0,-15,-5,-2,-6,8,-2,0,-2,-1,-1,-1,-1,4,-1
KR_6560588557,420,1,42,-16,-1,-4,5,1,2,1,3,0,1,1,0,1,1,1,1,2,-2,-4,-50,-3,-5,8,2,0,1,-1,1,1,-1,1,-1
KR_6729579098,440,-4,-80,-7,-5,-2,5,3,2,1,3,0,0,0,-5,5,0,0,1,1,0,-7,0,-3,-2,5,1,0,0,1,1,-1,-1,1,-1
KR_6755538217,420,-1,-5,1,0,-1,3,2,1,1,2,1,2,3,0,1,1,-1,1,0,0,-11,-227,3,-4,1,-2,0,0,-1,-1,0,-1,1,-1
KR_6700532994,420,0,-32,10,-4,-3,3,0,0,6,6,-3,6,3,4,1,5,-2,3,1,0,-5,7,7,-7,0,1,0,0,0,-1,-1,1,0,-1
KR_6689817294,420,-6,-15,-22,-18,-1,1,0,-2,5,3,-3,5,2,-11,11,0,-1,4,3,0,-26,-20,-6,-1,7,-1,0,-3,-1,-1,-1,1,2,-1
KR_6672292305,420,1,46,-21,2,-5,5,0,3,1,4,1,1,2,2,0,2,1,1,2,0,-1,-10,-5,-1,6,-2,0,0,-1,-1,-1,-1,2,-1
KR_6750276088,420,1,-47,-35,-3,-2,3,1,6,3,9,-1,5,4,-6,7,1,0,1,1,0,-1,8,-1,-3,4,0,0,0,-1,-1,0,-1,1,-1
KR_6754059436,420,-1,27,2,-14,-1,2,1,-5,6,1,-10,10,0,1,1,2,1,0,1,0,-10,-5,-4,0,4,5,0,0,0,1,-1,-1,0,-1
KR_6755506167,420,2,-12,12,-1,4,0,4,-1,2,1,0,4,4,0,2,2,-4,4,0,0,1,0,-2,-2,4,-1,0,0,-1,-1,-1,-1,3,-1
KR_6716589543,420,-3,-48,32,-7,-1,2,1,1,3,4,-1,2,1,-6,8,2,0,0,0,0,-6,1,0,-4,4,-2,0,-1,-1,-1,-1,-1,3,-1
KR_6758688585,440,0,-15,28,-1,-5,7,2,3,0,3,-2,5,3,3,2,5,0,1,1,0,5,5,3,-3,0,1,0,-1,1,-1,-1,-1,5,-1
KR_6726553093,420,-4,4,16,-6,-2,3,1,-3,5,2,-1,2,1,1,2,3,-1,1,0,0,-10,6,-1,-3,4,3,0,2,1,1,1,-1,3,-1
KR_6738988947,420,-10,-108,-104,-19,-5,6,1,-2,3,1,-8,9,1,-2,4,2,-2,2,0,-1,-6,-19,-2,0,2,-1,0,-3,-1,-1,-1,-1,6,-1
KR_6756939765,440,-1,-56,-12,3,3,1,4,-1,2,1,1,2,3,0,2,2,0,2,2,0,3,-1,-7,-1,8,-1,0,-1,-1,0,-1,1,4,-1
KR_6204598515,420,1,47,-19,4,1,0,1,-2,3,1,-1,2,1,4,1,5,2,0,2,0,1,-6,-2,-6,8,2,0,0,-1,-1,0,1,1,-1
KR_6627576273,420,-5,-98,-12,-4,-2,2,0,1,1,2,3,3,6,-4,9,5,-2,2,0,0,-1,2,6,-8,2,-5,0,-1,1,-1,-1,1,5,-1
KR_6724468155,420,-3,4,-29,-8,-1,3,2,-4,4,0,-3,3,0,0,3,3,0,1,1,0,-1,30,2,-4,2,-13,0,-1,0,-1,-1,1,0,-1
KR_6752033460,420,2,-90,14,-3,0,3,3,-5,8,3,-2,5,3,-1,3,2,5,0,5,0,0,-26,-5,-2,7,5,0,0,-1,1,0,-1,2,-1
KR_6734815994,420,-3,-108,-34,-9,-6,6,0,0,4,4,-2,3,1,-1,4,3,0,1,1,0,-6,4,1,-2,1,-3,0,-2,-1,-1,-1,-1,4,-1
KR_6764504559,420,2,-42,8,3,5,1,6,-1,2,1,-1,1,0,2,2,4,-2,5,3,1,-5,-163,-2,-2,4,6,0,0,-1,1,0,1,4,-1
KR_6763348168,440,-1,-17,18,-3,-5,7,2,-4,4,0,-3,4,1,3,2,5,6,2,8,-1,2,-10,-2,-1,3,0,0,-1,-1,0,-1,-1,3,-1
KR_6743020406,420,-2,7,-16,-6,-1,1,0,1,1,2,1,6,7,-9,9,0,2,0,2,0,-8,16,2,-6,4,-2,0,0,-1,0,1,-1,3,-1
KR_6694952737,420,-3,-101,-2,-6,3,0,3,-1,1,0,-4,4,0,-3,4,1,-1,1,0,0,-6,5,1,-4,3,-4,0,-3,0,-1,-1,1,0,-1
KR_6684571702,420,-2,6,12,0,3,2,5,-5,5,0,0,1,1,1,2,3,1,1,2,0,-5,-248,3,-3,0,6,0,0,-1,-1,1,-1,1,-1
KR_6748952791,420,-2,-11,-8,2,-4,4,0,-2,3,1,1,4,5,3,0,3,4,3,7,0,0,20,3,-8,5,1,0,-1,0,0,-1,1,0,-1
KR_6738624606,420,-7,-95,3,-19,-3,7,4,-2,2,0,-2,2,0,-10,10,0,-2,2,0,0,-11,2,-2,-3,5,-5,0,-2,-1,-1,-1,-1,2,-1
KR_6752566482,420,1,-44,0,1,-1,3,2,0,4,4,-1,3,2,0,2,2,3,0,3,0,3,5,-1,-5,6,-3,0,-1,-1,-1,-1,-1,5,-1
KR_6719544373,420,2,-7,20,6,6,0,6,4,1,5,2,3,5,-5,7,2,-1,1,0,0,-1,2,2,-4,2,-3,0,1,0,1,1,1,0,-1
KR_6764041565,440,1,-60,-3,-1,2,0,2,3,0,3,-5,5,0,1,3,4,-2,2,0,0,8,-12,-5,-1,6,-2,0,0,-1,-1,-1,-1,2,-1
KR_5768482153,420,-3,-21,-30,-5,-3,3,0,3,1,4,3,1,4,-7,9,2,-1,1,0,0,-4,-11,-5,-4,9,-3,0,-1,-1,-1,-1,1,5,-1
KR_6748945334,420,0,-34,14,-11,2,0,2,-4,5,1,-4,4,0,-6,8,2,1,0,1,0,-13,-11,-6,0,6,-5,0,-1,-1,1,-1,-1,4,-1
KR_6739838698,420,-3,-24,4,-6,-2,2,0,-8,10,2,0,1,1,5,0,5,-1,2,1,0,-4,4,-2,-4,6,1,0,0,-1,1,0,1,6,-1
KR_6733993293,420,-1,-80,32,-3,-3,4,1,-1,3,2,2,0,2,2,3,5,-3,3,0,0,1,-1,-5,-2,7,-2,0,-2,1,-1,-1,-1,4,-1
KR_6688242401,420,1,13,41,2,6,0,6,-1,4,3,-1,2,1,-1,4,3,-1,2,1,1,-11,-13,-1,-3,4,6,0,1,1,1,1,1,3,-1
KR_6661458026,420,3,20,0,2,1,0,1,0,6,6,-1,2,1,1,0,1,1,0,1,0,3,4,2,-7,5,0,0,1,0,1,1,-1,0,-1
KR_6727887372,420,-5,-59,-48,-16,-11,12,1,0,2,2,-2,4,2,-3,3,0,0,0,0,0,-10,7,-2,-2,4,-4,0,-2,-1,-1,-1,-1,2,-1
KR_6763713997,420,-5,-129,-10,-15,-3,5,2,-2,3,1,-5,5,0,-6,7,1,1,1,2,0,-10,5,-2,-1,3,-3,0,-1,-1,1,-1,-1,4,-1
KR_6636442611,420,1,-3,-16,2,0,1,1,1,4,5,0,1,1,0,1,1,1,0,1,0,10,-301,2,-6,4,0,0,0,1,-1,0,1,3,-1
KR_6554837506,420,0,-28,-32,2,-7,7,0,-1,2,1,0,3,3,5,2,7,5,1,6,-4,-5,22,1,-4,3,1,0,0,-1,-1,-1,-1,2,-1
KR_6760437501,420,3,51,-30,-3,0,2,2,0,2,2,-8,9,1,6,4,10,-1,3,2,0,2,7,1,-2,1,0,0,1,1,-1,1,1,5,-1
KR_6761690125,420,1,21,20,3,-1,3,2,2,2,4,1,1,2,1,1,2,0,0,0,0,3,-9,-1,-2,3,-2,0,-1,1,0,-1,-1,6,-1
KR_6719347226,420,1,-26,-20,6,-1,1,0,1,2,3,3,2,5,2,0,2,1,0,1,0,3,-128,2,-3,1,2,0,1,0,1,1,1,0,-1
KR_6749198220,420,2,30,-28,-3,4,1,5,-3,4,1,-2,6,4,-1,1,0,-1,1,0,-3,-8,-11,-6,-1,7,2,0,0,1,-1,0,-1,3,-1
KR_6762073182,420,1,-8,-8,14,1,0,1,2,4,6,6,2,8,4,4,8,1,0,1,3,18,28,0,-5,5,-6,0,0,1,-1,-1,1,4,-1
KR_6762960206,420,-6,-9,-12,-15,-2,5,3,3,2,5,-3,5,2,-14,14,0,1,1,2,1,-11,-5,3,-7,4,-1,0,-1,-1,1,-1,1,6,-1
KR_6754927322,420,0,-57,26,3,-1,1,0,3,1,4,-1,1,0,2,4,6,0,1,1,0,6,93,2,-4,2,-2,0,0,1,1,1,1,2,-1
KR_6760333715,420,-1,74,-20,-1,5,1,6,-1,4,3,0,4,4,-4,4,0,-1,1,0,0,-5,-48,1,-4,3,36,0,0,-1,0,0,1,1,-1
KR_6617804207,420,-1,-18,-7,-5,-3,4,1,3,4,7,-1,4,3,-4,6,2,0,2,2,-1,-1,11,0,-4,4,-5,0,-1,0,0,-1,-1,0,-1
KR_6756681087,420,2,-34,9,1,1,0,1,-2,2,0,4,2,6,-3,4,1,1,0,1,0,-4,0,-1,-5,6,4,0,0,-1,1,0,1,5,-1
KR_6725642429,420,-2,-58,-19,-3,1,0,1,0,4,4,-3,5,2,-1,3,2,0,0,0,-1,-8,16,2,-4,2,-3,0,-1,-1,0,-1,-1,2,-1
KR_6710328292,420,0,-42,-12,2,4,1,5,0,2,2,1,0,1,-1,2,1,-2,4,2,0,-1,-2,3,-6,3,-2,0,0,0,-1,-1,1,0,-1
KR_6333144360,420,-2,-21,4,-5,2,1,3,-2,2,0,-2,4,2,-3,7,4,0,1,1,0,-3,-25,-1,-4,5,-1,0,-2,-1,1,-1,-1,2,-1
KR_6649561211,420,0,26,-8,2,2,0,2,-2,5,3,-1,1,0,3,2,5,0,1,1,0,6,4,0,-7,7,3,0,-2,1,-1,-1,-1,4,-1
KR_6669795365,420,-5,-17,-48,-11,4,0,4,-5,5,0,0,2,2,-4,5,1,-6,7,1,0,-14,-10,-3,-3,6,-2,0,-1,-1,0,-1,-1,2,-1
KR_6670487000,420,-1,-40,17,1,-1,1,0,-1,3,2,-3,4,1,4,1,5,2,0,2,1,5,-1,-3,-6,9,-2,0,0,-1,1,0,1,2,-1
KR_6719586424,420,-3,-126,-32,-6,-2,2,0,2,1,3,-1,2,1,-4,4,0,-1,1,0,0,-6,45,-2,-3,5,-1,0,-2,-1,-1,-1,-1,3,-1
KR_6697274747,420,-1,-67,0,-3,1,0,1,2,1,3,-3,3,0,-2,3,1,-1,1,0,0,0,-13,-2,-3,5,1,0,0,-1,1,0,1,2,-1
KR_6617888504,440,3,-17,5,2,5,0,5,-3,9,6,2,1,3,-2,3,1,0,2,2,0,-3,3,2,-5,3,0,0,-2,-1,0,-1,1,4,-1
KR_6668237801,420,-3,-34,-20,1,1,0,1,-1,4,3,-1,6,5,1,0,1,1,0,1,0,2,1,-1,-3,4,-2,0,-1,-1,1,-1,-1,5,-1
KR_6209114810,420,-2,21,-5,-5,-1,2,1,-2,4,2,-4,4,0,3,4,7,-1,1,0,0,0,10,4,-6,2,1,0,0,-1,-1,-1,-1,4,-1
KR_6751842156,420,1,9,7,1,2,0,2,-1,5,4,-2,2,0,-2,3,1,4,0,4,1,5,-1,2,-5,3,2,0,0,1,1,0,1,1,-1
KR_6759326423,440,-3,-3,8,-1,0,3,3,1,0,1,-5,5,0,3,1,4,0,2,2,0,5,-277,1,-2,1,0,0,-1,0,0,-1,1,0,-1
KR_6762827821,420,-5,8,-28,-12,-2,2,0,-1,6,5,0,5,5,-8,10,2,-1,1,0,1,-4,-32,-1,-2,3,2,0,0,-1,0,0,-1,6,-1
KR_6743779117,420,-3,-37,19,-10,3,1,4,2,1,3,-5,8,3,-4,4,0,-6,6,0,-2,-20,1,-1,-2,3,-2,0,-1,1,-1,-1,-1,5,-1
KR_6734737073,420,-4,-39,0,-8,-4,5,1,1,3,4,-5,8,3,4,2,6,-4,4,0,0,2,18,4,-7,3,1,0,0,1,1,-1,-1,1,-1
KR_6729777938,420,-1,-71,-3,-7,-3,4,1,1,2,3,-5,8,3,-1,2,1,1,1,2,0,-6,9,0,-2,2,-1,0,0,1,0,0,-1,5,-1
KR_6658971869,420,-2,6,-8,-4,0,2,2,-1,3,2,-2,2,0,0,1,1,-1,1,0,0,-5,-192,1,-3,2,-1,0,-1,1,-1,-1,1,5,-1
KR_6554812004,420,-2,10,-16,-8,-2,4,2,-2,2,0,-2,5,3,0,1,1,-2,3,1,0,-11,2,-3,-1,4,2,0,0,1,-1,0,-1,5,-1
KR_6741022490,420,1,50,-19,0,-5,5,0,-6,6,0,-1,3,2,8,2,10,4,1,5,1,11,8,2,-6,4,1,0,0,-1,-1,-1,1,6,-1
KR_6761341152,420,-3,-67,-23,-7,0,3,3,0,2,2,-4,5,1,-4,4,0,1,0,1,0,-2,-20,-1,-7,8,-8,0,0,-1,-1,-1,-1,1,-1
KR_6639801979,420,-2,30,-8,-2,-3,5,2,0,1,1,4,0,4,-4,6,2,1,0,1,0,-5,-6,0,-3,3,-2,0,1,-1,1,1,-1,2,-1
KR_6747000039,420,-2,-24,-3,-4,0,1,1,-2,3,1,1,1,2,-2,3,1,-1,1,0,0,-10,-114,0,-6,6,1,0,-1,-1,-1,-1,-1,1,-1
KR_6605738549,440,1,5,-22,4,-1,3,2,-2,4,2,3,2,5,1,1,2,3,0,3,0,2,137,-3,-3,6,2,0,-1,1,-1,-1,1,3,-1
KR_6695375283,420,1,10,4,7,0,3,3,-2,4,2,3,2,5,3,0,3,3,0,3,0,15,-39,-1,-4,5,14,0,0,1,-1,-1,1,4,-1
KR_6729675436,420,-7,-84,-33,-14,-4,4,0,-6,7,1,-3,5,2,0,1,1,-1,1,0,0,-11,-45,-4,-1,5,23,0,-1,-1,-1,-1,-1,1,-1
KR_6633860603,420,-3,-14,-8,-14,-3,4,1,-4,6,2,-1,1,0,-3,3,0,-3,7,4,0,-25,1,0,-3,3,-6,0,0,1,-1,-1,1,5,-1
KR_6729317467,420,-1,11,-24,-1,3,0,3,3,4,7,0,3,3,-5,7,2,-2,2,0,1,-4,-3,-5,-3,8,0,0,0,-1,1,1,1,2,-1
KR_6759232131,420,0,22,-44,0,0,1,1,1,0,1,1,1,2,-2,2,0,0,2,2,-1,0,48,1,-3,2,0,0,0,1,-1,0,-1,1,-1
KR_6739065565,420,0,39,-35,-5,3,2,5,-5,6,1,-3,4,1,0,2,2,0,1,1,-3,-14,30,-3,-2,5,-18,0,1,-1,-1,1,-1,2,-1
KR_6712584343,420,0,-23,12,1,0,2,2,0,4,4,0,3,3,-3,6,3,4,0,4,1,-3,-14,-4,-5,9,6,0,0,-1,-1,0,-1,6,-1
KR_6715901801,420,-2,-70,1,2,-5,5,0,0,2,2,7,1,8,4,4,8,-4,4,0,0,12,38,4,-6,2,-12,0,1,1,1,1,1,5,-1
KR_6707535690,420,1,22,8,-1,4,1,5,-4,4,0,-1,1,0,2,1,3,-2,3,1,0,-4,-1,-1,-1,2,0,0,0,1,1,0,-1,1,-1
KR_6764357293,440,-3,-40,-2,-7,-3,4,1,-6,7,1,-3,3,0,4,2,6,1,0,1,0,2,1,-3,-4,7,-4,0,-1,1,-1,-1,1,4,-1
KR_6733796893,420,-3,-58,24,-12,-6,6,0,0,1,1,0,2,2,-3,4,1,-3,3,0,-1,-15,8,-4,-1,5,-4,0,-2,-1,-1,-1,-1,5,-1
KR_6702421890,420,-2,-5,-8,-1,-1,1,0,3,2,5,-3,5,2,4,2,6,-4,5,1,-1,-8,0,3,-7,4,-4,0,-1,-1,0,-1,-1,6,-1
KR_6762288768,440,-1,19,8,-1,-1,3,2,1,0,1,-1,3,2,0,2,2,0,1,1,0,-7,31,1,-4,3,-2,0,0,-1,1,0,1,6,-1
KR_6651625947,420,-1,5,-4,-10,1,1,2,-7,7,0,-1,2,1,-2,3,1,-1,1,0,0,-14,0,0,-3,3,0,0,1,-1,-1,1,1,2,-1
KR_6710839688,420,-6,-52,-43,-9,0,2,2,-5,5,0,-1,1,0,-2,2,0,-1,1,0,0,-3,-1,-3,0,3,-3,0,-2,-1,1,-1,-1,3,-1
KR_6650293761,420,0,-12,44,-2,1,2,3,-6,6,0,4,2,6,-2,3,1,1,1,2,-2,-5,-2,2,-5,3,1,0,0,1,-1,0,-1,2,-1
KR_6736487802,420,-1,-22,-12,-5,2,1,3,-2,4,2,-2,5,3,-5,7,2,2,0,2,0,-10,-13,-3,-2,5,0,0,0,-1,-1,0,1,5,-1
KR_6443216227,420,-3,-92,-4,-8,2,4,6,-6,7,1,0,3,3,0,2,2,-4,5,1,1,-15,342,0,0,0,-3,0,-2,-1,1,-1,1,3,-1
KR_6750397102,420,1,58,5,4,5,1,6,2,1,3,1,0,1,-3,5,2,-1,1,0,0,-4,-16,4,-5,1,-1,0,1,-1,1,1,1,6,-1
KR_6758302050,420,-2,-74,-33,-3,-4,5,1,1,4,5,-1,4,3,0,4,4,1,1,2,0,7,20,0,-2,2,-3,0,1,-1,-1,1,-1,3,-1
KR_6739103884,420,0,-22,11,-5,-1,2,1,-3,4,1,-4,7,3,5,2,7,-2,3,1,0,-3,11,3,-7,4,-1,0,-2,-1,-1,-1,-1,3,-1
KR_6741607419,420,-2,-28,-36,-2,0,0,0,-2,2,0,-3,6,3,1,5,6,2,1,3,-2,2,14,3,-5,2,2,0,0,1,-1,-1,-1,3,-1
KR_6653376416,420,1,43,15,3,5,1,6,-2,5,3,0,2,2,-1,1,0,1,0,1,0,-2,5,-2,-4,6,2,0,1,1,-1,1,1,6,-1
KR_6703115764,420,3,3,51,-1,-1,3,2,-2,3,1,5,0,5,-2,2,0,-1,1,0,-1,-5,9,1,-3,2,2,0,0,1,-1,1,-1,2,-1
KR_6757573006,420,-4,-42,-16,-9,-9,9,0,-2,3,1,0,2,2,3,0,3,-1,2,1,0,-4,-27,0,-3,3,4,0,1,1,-1,1,-1,4,-1
KR_6739158635,420,0,34,4,4,0,2,2,5,2,7,3,0,3,0,4,4,-4,4,0,0,1,-498,2,-6,4,6,0,1,1,1,-1,1,2,-1
KR_5962611703,420,-5,-89,-2,-9,-3,5,2,-2,2,0,3,0,3,-8,10,2,1,1,2,0,-10,-7,-3,-6,9,7,0,-3,-1,-1,-1,-1,5,-1
KR_6720572562,420,-1,-5,16,-5,-1,3,2,-3,4,1,2,1,3,0,6,6,-3,4,1,0,-9,-309,-3,-1,4,5,0,-1,-1,-1,-1,1,6,-1
KR_6750870702,420,2,105,7,-4,1,0,1,-2,3,1,-2,8,6,-1,2,1,0,0,0,0,-5,-1,-2,-1,3,0,0,0,-1,-1,0,1,6,-1
KR_6731205719,420,-2,49,4,-1,-3,4,1,-2,4,2,5,3,8,-2,4,2,1,0,1,2,10,36,0,-2,2,-31,0,0,-1,0,0,1,4,-1
KR_6742763626,420,0,-37,-50,-1,-3,3,0,0,4,4,1,1,2,-1,4,3,2,0,2,0,3,-30,1,-4,3,-1,0,-2,-1,-1,-1,1,6,-1
KR_6703360183,440,1,-64,-10,-4,-2,4,2,-4,5,1,-2,5,3,1,2,3,3,0,3,-1,-2,-1,1,-1,0,0,0,-1,0,-1,-1,-1,0,-1
KR_6751996889,420,2,62,24,2,1,2,3,6,2,8,-1,1,0,-2,3,1,-2,2,0,0,-2,4,1,-5,4,0,0,1,0,0,1,-1,0,-1
KR_6725057834,420,-1,1,-16,-5,-4,4,0,1,1,2,-4,4,0,0,2,2,2,1,3,-2,-7,-9,-1,-3,4,-1,0,-1,1,0,-1,-1,5,-1
KR_6625212915,420,-5,-66,-21,-13,0,1,1,-3,4,1,-8,8,0,-2,2,0,0,1,1,0,-17,-3,-4,0,4,1,0,-3,-1,-1,-1,-1,4,-1
KR_6721310092,440,-2,-6,-40,-4,-1,3,2,0,1,1,-1,1,0,-2,2,0,0,2,2,0,-2,30,1,-3,2,-3,0,0,-1,-1,-1,-1,6,-1
KR_6723581653,420,2,85,-4,-1,6,0,6,-4,5,1,2,1,3,-6,9,3,1,0,1,0,-3,-3,-2,-3,5,3,0,0,-1,1,1,-1,1,-1
KR_6727731926,420,2,50,8,10,3,0,3,7,1,8,2,0,2,-2,2,0,0,1,1,0,8,3,5,-7,2,0,0,1,1,1,1,1,2,-1
KR_6736996998,420,-1,-19,15,-4,-10,10,0,2,1,3,2,3,5,0,3,3,2,1,3,2,3,-122,-2,-1,3,1,0,0,-1,1,1,1,5,-1
KR_6741488097,420,1,-39,54,-3,4,1,5,3,1,4,-11,12,1,0,0,0,1,0,1,0,-11,7,0,-4,4,-1,0,-1,1,1,-1,1,4,-1
KR_6666581908,420,0,-35,-4,-2,-2,2,0,-1,2,1,3,3,6,0,1,1,-2,2,0,0,0,0,0,-4,4,-1,0,0,-1,-1,0,-1,5,-1
KR_6761866701,440,-5,-8,-5,-10,-1,2,1,-1,3,2,1,0,1,-6,6,0,-3,3,0,0,-8,-6,5,-8,3,2,0,0,-1,1,0,-1,2,-1
KR_6753177632,420,-1,-16,-8,-1,-1,4,3,1,4,5,2,0,2,0,1,1,-3,3,0,0,-4,-15,0,-4,4,8,0,0,-1,1,0,-1,5,-1
KR_6710111373,420,-2,-16,32,-11,-7,7,0,-5,9,4,2,6,8,0,2,2,-1,2,1,0,-9,2,-1,-4,5,3,0,0,0,-1,1,-1,0,-1
KR_6749828105,420,-4,-71,-21,-1,-6,6,0,-2,2,0,2,2,4,5,2,7,0,3,3,-1,2,9,0,-5,5,-5,0,0,-1,1,1,-1,6,-1
KR_6751575021,420,2,93,0,4,2,0,2,5,1,6,-7,9,2,4,0,4,0,1,1,0,0,-4,2,-7,5,1,0,1,1,1,1,-1,3,-1
KR_6755576509,420,-5,-75,-57,-5,1,2,3,-1,3,2,-3,5,2,3,4,7,-5,5,0,-1,1,11,0,-4,4,-2,0,0,-1,-1,-1,-1,4,-1
KR_6741663573,420,-5,31,3,-15,-2,2,0,-13,13,0,0,3,3,-1,3,2,1,0,1,0,-10,-10,-4,-5,9,6,0,-1,-1,0,-1,1,6,-1
KR_6761621282,420,-3,-70,-4,-5,1,4,5,1,0,1,-1,3,2,-2,6,4,-4,5,1,0,-2,-12,-3,-4,7,1,0,-1,-1,-1,-1,-1,2,-1
KR_6752990724,420,-2,24,-39,3,1,3,4,5,0,5,-2,2,0,-1,3,2,0,4,4,0,3,4,7,-8,1,-3,0,0,1,-1,-1,1,3,-1
KR_6734227216,420,-7,-37,-7,-18,-1,3,2,-5,6,1,-9,9,0,-4,5,1,1,1,2,0,-11,181,0,-1,1,-2,0,-2,-1,1,-1,-1,1,-1
KR_6701155445,420,-1,-49,12,-4,-2,3,1,-3,6,3,2,0,2,-1,1,0,0,0,0,0,-4,101,-4,-4,8,2,0,0,0,1,1,-1,0,-1
KR_6764001904,440,3,1,4,11,1,2,3,2,1,3,3,0,3,3,1,4,2,0,2,3,15,4,1,-4,3,-3,0,0,1,1,1,1,3,-1
KR_6730734937,420,0,-4,20,-3,1,1,2,-4,6,2,-3,5,2,3,0,3,0,0,0,0,1,8,-1,-4,5,0,0,-1,-1,0,-1,1,1,-1
KR_6661468358,420,-3,-36,-16,-2,-1,1,0,3,1,4,-1,2,1,-2,3,1,-1,1,0,0,1,-12,-4,0,4,1,0,0,-1,1,0,1,2,-1
KR_6338133117,420,0,0,-20,0,-6,6,0,4,3,7,-3,3,0,2,2,4,3,0,3,0,5,8,3,-9,6,0,0,0,-1,1,1,-1,3,-1
KR_6763405041,420,-1,-20,0,9,2,0,2,-1,3,2,2,2,4,2,2,4,4,1,5,0,7,-3,1,-2,1,-2,0,1,1,1,1,-1,1,-1
KR_6758298520,420,-3,-78,-8,-5,-2,4,2,-3,3,0,4,1,5,-1,1,0,-3,3,0,0,-9,6,-1,-3,4,-2,0,-2,-1,-1,-1,-1,4,-1
KR_6613009998,420,-5,-38,3,-20,-1,2,1,-2,2,0,-8,9,1,-10,11,1,1,0,1,0,-19,3,-6,-2,8,2,0,-1,1,-1,-1,-1,4,-1
KR_6643272977,420,-2,1,28,0,1,1,2,4,1,5,-5,5,0,1,2,3,-1,1,0,0,-3,-87,1,-6,5,-7,0,0,-1,-1,-1,1,5,-1
KR_6687874556,420,2,-11,12,9,0,2,2,2,0,2,2,2,4,4,1,5,1,0,1,1,10,151,1,-5,4,-2,0,3,1,1,1,1,5,-1
KR_6743010613,420,-1,62,-32,3,2,0,2,-2,5,3,0,2,2,5,0,5,-2,3,1,0,4,1,4,-5,1,-3,0,0,1,-1,1,-1,1,-1
KR_6647471067,420,-3,-33,8,-11,-2,3,1,-1,3,2,-4,4,0,-2,2,0,-2,2,0,0,-6,-20,-4,-2,6,3,0,0,1,-1,0,-1,3,-1
KR_6705605779,420,0,-30,-4,2,3,0,3,4,1,5,-5,5,0,-1,1,0,1,2,3,0,3,-34,-1,0,1,6,0,-1,-1,-1,-1,-1,3,-1
KR_6753664669,420,-1,-21,-20,-4,-2,3,1,0,0,0,-2,3,1,0,5,5,0,1,1,0,-3,-4,-2,-5,7,-2,0,-1,1,-1,-1,-1,3,-1
KR_6753825328,420,-3,-78,-15,-3,-3,3,0,-4,7,3,-4,5,1,6,1,7,2,3,5,0,7,27,-2,-1,3,-1,0,2,-1,1,1,-1,1,-1
KR_6683554436,420,-3,2,-29,-6,2,1,3,1,2,3,-8,8,0,-1,4,3,0,1,1,0,0,146,2,-4,2,0,0,-1,-1,-1,-1,-1,1,-1
KR_6668898576,420,-2,-2,-14,-5,-4,7,3,-5,5,0,1,3,4,2,0,2,1,0,1,0,-17,214,-3,-5,8,-6,0,1,-1,-1,-1,-1,2,-1
KR_6761499039,420,0,-73,-28,0,2,0,2,3,3,6,0,1,1,-2,4,2,-3,3,0,0,4,-3,5,-8,3,1,0,0,0,1,-1,-1,0,-1
KR_6504871030,420,2,31,4,0,0,0,0,-2,4,2,-1,3,2,3,0,3,0,0,0,0,1,-7,0,-5,5,3,0,0,1,-1,-1,-1,5,-1
KR_6744013745,420,-5,-147,-27,-12,-1,6,5,-3,5,2,-4,5,1,-8,8,0,4,0,4,0,-4,-5,-1,-3,4,-1,0,-4,1,-1,-1,1,1,-1
KR_6698627748,420,-3,-60,-24,-3,-1,3,2,-2,3,1,1,0,1,-2,4,2,1,0,1,0,-5,5,0,-4,4,-2,0,1,1,-1,1,1,5,-1
KR_6761603960,420,1,47,19,-2,-2,3,1,-1,4,3,0,1,1,0,2,2,1,2,3,0,-2,5,2,-4,2,1,0,-1,1,-1,-1,-1,3,-1
KR_6761915283,440,-1,22,16,-10,-1,1,0,-2,2,0,2,2,4,-6,6,0,-3,5,2,0,-3,-5,-6,-1,7,2,0,-1,1,-1,-1,-1,2,-1
KR_6673482819,440,1,38,5,-6,1,3,4,-4,6,2,-5,5,0,-2,6,4,4,1,5,-1,-4,3,-1,-1,2,-2,0,1,1,-1,1,-1,1,-1
KR_6651295880,420,-2,-96,-27,-1,-2,2,0,-1,5,4,-4,5,1,4,1,5,2,2,4,2,10,4,-1,-5,6,0,0,0,-1,1,0,1,4,-1
KR_6741747141,420,-4,-144,12,-8,-1,3,2,-2,3,1,0,2,2,-5,8,3,0,3,3,0,-13,39,-3,-4,7,-4,0,0,1,1,0,1,1,-1
KR_6764689338,440,-4,2,-5,-11,-9,9,0,2,2,4,-2,2,0,0,1,1,-2,3,1,-1,-13,-4,2,-6,4,0,0,-3,0,-1,-1,-1,0,-1
KR_6764716770,420,-2,51,25,-10,-3,4,1,-9,9,0,0,2,2,5,2,7,-3,5,2,0,-2,7,0,-6,6,0,0,-1,-1,-1,-1,-1,6,-1
KR_6713229925,440,-3,-11,4,-13,-5,6,1,-3,4,1,-4,4,0,-1,1,0,0,1,1,0,-15,-12,-1,-7,8,-4,0,-1,-1,1,-1,-1,4,-1
KR_6632415958,420,-1,-39,-28,-2,-1,1,0,-2,3,1,-1,4,3,0,2,2,2,2,4,0,-8,15,6,-6,0,-2,0,0,-1,1,1,1,6,-1
KR_6715505020,440,-6,-100,-12,-15,-1,2,1,-5,5,0,1,4,5,0,1,1,-10,14,4,0,-9,4,5,-6,1,-4,0,-2,-1,1,-1,1,2,-1
KR_6711606335,420,-3,49,-20,-10,0,3,3,0,1,1,-11,12,1,0,0,0,1,1,2,0,-5,-2,3,-5,2,-2,0,-1,-1,1,-1,1,3,-1
KR_6684928225,440,-1,-86,22,-4,2,0,2,-2,5,3,-2,2,0,-4,6,2,2,2,4,0,-7,24,1,-5,4,-2,0,0,-1,1,-1,-1,6,-1
KR_6746190055,420,-2,2,-7,-7,0,1,1,-3,4,1,1,0,1,0,2,2,-5,6,1,-1,-8,-114,2,-4,2,2,0,0,0,-1,0,-1,0,-1
KR_6719270660,420,-2,-36,13,-13,1,1,2,1,4,5,-8,9,1,-5,8,3,-2,2,0,-2,-14,1,1,-6,5,-4,0,0,-1,-1,1,1,5,-1
KR_6654541679,420,-3,-8,3,2,-1,2,1,0,3,3,1,2,3,1,1,2,1,0,1,1,6,4,2,-2,0,2,0,-1,0,-1,-1,1,0,-1
KR_6682296071,420,0,-9,-4,-4,0,1,1,1,1,2,2,2,4,-1,2,1,-6,7,1,1,-8,-9,5,-6,1,-8,0,-1,0,0,-1,1,0,-1
KR_6671672158,420,-7,-89,-18,-11,-3,5,2,-2,4,2,-4,4,0,-4,6,2,2,0,2,0,-13,-33,0,-5,5,-1,0,-1,-1,1,-1,-1,1,-1
KR_6560895926,420,0,54,-13,-11,-2,3,1,-1,2,1,-2,4,2,-7,7,0,1,1,2,-1,-8,-3,-1,0,1,1,0,0,1,-1,0,-1,4,-1
KR_6752449009,420,-1,-38,-16,-12,-2,2,0,-4,5,1,-4,5,1,-1,2,1,-1,1,0,0,-5,-6,1,-5,4,-3,0,-1,0,-1,-1,1,0,-1
KR_6758055083,420,0,-25,20,-6,-4,4,0,1,1,2,-2,3,1,-1,2,1,0,0,0,0,-7,6,-1,-2,3,-4,0,-1,-1,0,-1,1,1,-1
KR_6732564475,440,-6,-115,-35,-10,-8,9,1,0,3,3,-2,4,2,3,1,4,-3,4,1,0,-2,172,-1,-3,4,26,0,-1,-1,-1,-1,-1,5,-1
KR_6658279234,420,-3,-4,-24,-14,-2,4,2,-3,5,2,0,2,2,-7,7,0,-2,3,1,0,-21,-24,-1,-4,5,-5,0,-1,0,-1,-1,-1,0,-1
KR_6240088515,420,-4,8,-11,-10,1,1,2,-8,8,0,0,1,1,-4,8,4,1,2,3,0,-9,-10,2,-3,1,0,0,-2,1,-1,-1,-1,4,-1
KR_6739028513,440,-4,-119,-11,-10,-3,7,4,-4,5,1,-7,7,0,3,2,5,1,0,1,0,5,-12,1,-3,2,2,0,-1,0,0,-1,-1,0,-1
KR_6731177117,420,-3,-25,-36,-5,-2,3,1,-1,1,0,-3,5,2,0,2,2,1,0,1,0,-4,17,1,-4,3,1,0,-1,1,-1,-1,1,5,-1
KR_6763922230,440,-2,-12,0,-1,4,1,5,1,1,2,-4,5,1,-3,5,2,1,1,2,0,-1,-28,6,-11,5,1,0,-1,-1,1,-1,-1,4,-1
KR_6736615978,420,0,29,-6,4,0,2,2,1,1,2,-3,4,1,4,0,4,2,1,3,0,9,-28,1,-1,0,32,0,1,-1,0,1,1,1,-1
KR_6751981206,420,-7,-98,-42,-21,-4,5,1,3,4,7,-10,10,0,-5,6,1,-5,5,0,1,-8,133,2,-5,3,-4,0,-3,-1,-1,-1,1,2,-1
KR_6752062836,420,-3,-18,-3,-13,-3,3,0,-4,6,2,0,3,3,-4,5,1,-2,5,3,0,-16,-11,-3,-3,6,4,0,0,-1,-1,0,1,1,-1
KR_6760642856,440,-3,-72,8,-3,-4,4,0,1,0,1,3,1,4,-3,4,1,0,0,0,0,2,49,2,-4,2,-23,0,0,1,0,-1,1,1,-1
KR_6557260917,420,-8,-123,-20,-12,-1,3,2,-7,7,0,0,3,3,-3,3,0,-1,1,0,-1,-16,-3,-3,-3,6,0,0,-2,-1,1,-1,-1,3,-1
KR_6760342688,420,-1,-28,-14,-5,-1,3,2,-1,1,0,-3,5,2,-2,2,0,2,0,2,0,-4,60,2,-3,1,-28,0,-2,-1,-1,-1,1,4,-1
KR_6758281354,440,-3,4,-9,-7,-2,2,0,-3,3,0,1,2,3,-2,4,2,-1,2,1,0,-7,9,0,-5,5,-1,0,-1,-1,-1,-1,-1,6,-1
KR_6759869418,440,-3,18,-8,-11,-1,2,1,-2,3,1,-5,7,2,-3,5,2,0,1,1,0,-11,-18,-2,-6,8,-5,0,0,1,-1,0,-1,3,-1
KR_6617095692,420,-5,-32,0,-9,1,1,2,1,1,2,-1,2,1,-11,14,3,1,0,1,1,-2,-5,-5,-1,6,-3,0,-1,1,-1,-1,1,6,-1
KR_6762469648,420,2,41,12,6,1,2,3,2,0,2,0,3,3,4,1,5,-1,1,0,0,9,2,-1,-3,4,1,0,0,0,1,1,1,0,-1
KR_6703505392,420,-4,-66,0,1,-1,2,1,-2,2,0,3,1,4,-1,5,4,2,0,2,2,9,3,-1,-3,4,1,0,-1,1,1,1,1,2,-1
KR_6760295825,420,-3,50,-19,-8,-4,5,1,-5,7,2,2,1,3,1,1,2,-2,3,1,0,-7,-7,1,-4,3,0,0,-2,-1,0,-1,-1,4,-1
KR_6724895222,420,-3,-17,28,-5,-1,2,1,0,2,2,-8,8,0,5,0,5,-1,3,2,1,-2,1,0,-4,4,-1,0,0,-1,1,0,1,5,-1
KR_6393664762,420,-1,-54,-12,-1,-2,3,1,1,2,3,-2,4,2,3,0,3,-1,2,1,-1,15,7,4,-6,2,1,0,-2,1,-1,-1,-1,4,-1
KR_6729709339,420,2,-2,37,6,8,1,9,0,4,4,0,2,2,-3,4,1,1,1,2,0,5,143,-1,-3,4,-3,0,1,-1,1,1,1,1,-1
KR_6718619562,420,2,-31,3,5,-3,5,2,2,3,5,2,1,3,3,0,3,1,0,1,0,14,45,1,-5,4,0,0,-1,-1,1,-1,1,2,-1
KR_6730022399,440,1,6,23,-4,-3,4,1,-2,3,1,0,3,3,0,4,4,1,4,5,0,-2,-101,-1,-2,3,0,0,0,-1,0,0,-1,3,-1
KR_6614138281,420,0,-23,-1,0,-1,2,1,-2,5,3,3,1,4,1,1,2,-1,1,0,0,0,-11,-1,-3,4,2,0,0,0,0,0,1,0,-1
KR_6624399317,420,3,61,15,2,1,0,1,4,1,5,-7,7,0,3,1,4,1,0,1,0,5,23,2,-6,4,0,0,0,-1,0,1,1,6,-1
KR_6739261926,440,-2,-5,-36,4,0,0,0,1,1,2,2,0,2,-2,3,1,3,1,4,0,-2,-136,-3,-1,4,-1,0,0,-1,1,1,1,6,-1
KR_6750709536,420,-4,-61,-15,-10,0,1,1,-3,4,1,3,3,6,-8,9,1,-2,2,0,1,-17,-15,-1,-4,5,3,0,-1,-1,-1,-1,1,3,-1
KR_6663642375,420,-6,-80,-32,-12,-2,3,1,-5,5,0,-4,4,0,-1,1,0,0,0,0,0,-7,12,-4,-2,6,1,0,-3,-1,-1,-1,-1,2,-1
KR_6710326348,420,-4,6,-3,-3,1,0,1,3,2,5,-7,8,1,1,2,3,-1,2,1,0,-6,114,3,-10,7,-2,0,1,-1,1,1,-1,1,-1
KR_6747961707,420,-3,-31,3,-15,-3,3,0,-5,10,5,0,3,3,-6,7,1,-1,2,1,-1,-35,-1,-5,-4,9,2,0,-2,-1,-1,-1,-1,6,-1
KR_6642387115,420,1,-13,-4,0,0,3,3,0,4,4,3,2,5,-3,7,4,0,2,2,1,0,26,1,-4,3,-3,0,1,1,1,1,1,5,-1
KR_6697054513,420,-6,-81,-36,-11,-2,2,0,-4,5,1,-2,2,0,-2,3,1,-1,1,0,-1,-15,-17,-2,-5,7,0,0,-2,-1,1,-1,-1,4,-1
KR_6756759242,420,-2,4,-26,-4,-6,6,0,0,3,3,-5,7,2,5,1,6,2,0,2,0,9,-21,1,-6,5,3,0,-1,-1,1,-1,-1,4,-1
KR_6757053279,420,-2,-47,12,-8,-1,2,1,2,1,3,1,4,5,-10,12,2,0,0,0,0,-1,3,-3,-2,5,-1,0,-1,1,-1,-1,-1,4,-1
KR_6751729433,420,-1,68,-22,-5,-3,3,0,-1,2,1,0,2,2,0,3,3,-1,1,0,0,-4,-4,-3,-1,4,0,0,-1,-1,-1,-1,1,3,-1
KR_6664109371,420,0,-3,3,-4,-3,3,0,1,1,2,-5,5,0,1,2,3,2,1,3,-1,2,-190,-1,-5,6,-1,0,0,-1,-1,0,-1,5,-1
KR_6751542526,420,1,70,-20,0,0,2,2,-1,5,4,0,0,0,-1,3,2,2,1,3,0,4,30,2,-6,4,1,0,1,-1,-1,1,-1,6,-1
KR_6752474995,420,-2,8,12,-6,2,1,3,-6,8,2,0,0,0,-2,4,2,0,0,0,0,-8,-106,1,-5,4,0,0,0,1,1,-1,-1,3,-1
KR_6752009226,420,1,16,4,5,1,2,3,1,2,3,3,0,3,-1,3,2,1,1,2,0,3,-16,0,-4,4,-1,0,0,1,-1,0,1,3,-1
KR_6716600856,420,1,19,22,0,2,0,2,-4,4,0,-3,5,2,3,0,3,2,0,2,0,1,2,1,-6,5,1,0,1,1,-1,1,1,1,-1
KR_6741764589,440,-5,-86,-56,-12,2,2,4,2,3,5,-6,6,0,-7,8,1,-3,3,0,0,-3,2,-4,-3,7,-4,0,-1,-1,-1,-1,-1,3,-1
KR_6756994896,420,0,6,-52,-1,-1,2,1,-1,3,2,-1,5,4,-2,2,0,4,0,4,0,-7,16,-1,-6,7,0,0,0,-1,1,0,-1,6,-1
KR_6746012646,420,-4,-38,-26,-6,-3,3,0,0,3,3,0,3,3,-1,1,0,-2,3,1,0,-6,-109,0,-5,5,-1,0,-1,1,1,-1,-1,3,-1
KR_6749913988,420,-5,-56,-8,-11,-7,7,0,-3,5,2,3,2,5,-2,5,3,-2,2,0,0,-5,-121,3,-5,2,-3,0,-1,-1,1,-1,1,3,-1
KR_6650469478,420,0,14,24,2,2,3,5,-3,3,0,1,3,4,-1,9,8,3,1,4,2,3,10,-4,-2,6,-4,0,2,-1,1,1,1,4,-1
KR_6631478864,420,0,4,-19,-10,1,0,1,2,2,4,-4,5,1,-7,9,2,-2,3,1,1,-9,23,1,-7,6,0,0,1,-1,-1,1,-1,6,-1
KR_6760058391,440,-3,-56,-43,-1,-2,3,1,-1,2,1,-2,3,1,4,1,5,0,2,2,0,2,-39,-5,0,5,-2,0,-1,0,-1,-1,1,0,-1
KR_6694647818,420,-5,-65,-16,-12,1,2,3,-1,3,2,-3,4,1,-7,7,0,-2,2,0,0,-12,221,-1,-4,5,-1,0,0,-1,-1,-1,1,5,-1
KR_6721196828,420,1,-17,41,-2,-1,1,0,1,1,2,4,2,6,-5,5,0,-1,2,1,0,-4,-7,-1,-3,4,-3,0,0,1,-1,1,-1,4,-1
KR_6726951514,420,-1,-55,16,-4,2,2,4,-2,3,1,-2,5,3,-1,5,4,-1,2,1,0,1,-93,-7,-2,9,-3,0,-1,-1,-1,-1,1,6,-1
KR_6670468224,420,-4,-51,0,-7,-5,5,0,0,5,5,-3,4,1,2,1,3,-1,2,1,0,-6,-4,4,-5,1,2,0,0,0,-1,1,1,0,-1
KR_5793043803,420,-9,-42,-92,-12,2,4,6,-5,5,0,-5,5,0,-5,6,1,1,1,2,-1,-1,0,-1,0,1,-5,0,-3,-1,0,-1,-1,3,-1
KR_6738368371,420,-3,-22,0,-13,-3,4,1,-5,5,0,-2,2,0,-2,4,2,-1,1,0,0,-13,-4,-2,-2,4,0,0,0,-1,1,0,-1,1,-1
KR_6731173385,420,2,32,-4,1,-4,5,1,-1,2,1,1,2,3,5,1,6,0,0,0,1,4,26,0,-4,4,0,0,0,1,-1,-1,1,6,-1
KR_6761471257,420,-4,-41,-47,-7,-1,1,0,-2,4,2,0,2,2,-1,5,4,-3,4,1,-1,3,-111,-7,-2,9,5,0,0,-1,1,-1,-1,2,-1
KR_6763077944,440,-3,-31,-8,4,2,0,2,0,2,2,0,2,2,1,3,4,1,0,1,0,4,27,2,-4,2,0,0,0,-1,1,0,1,5,-1
KR_6672650487,420,0,-44,26,-5,-1,1,0,1,1,2,-2,3,1,-5,7,2,2,1,3,0,-9,17,1,-6,5,-2,0,-1,-1,1,-1,-1,3,-1
KR_6762913599,440,1,39,-26,0,-2,3,1,-2,2,0,-1,2,1,2,2,4,3,0,3,0,4,-10,0,-3,3,4,0,-1,1,-1,-1,-1,1,-1
KR_6761852153,420,-4,35,8,-13,-2,2,0,-6,6,0,-2,3,1,-3,4,1,0,1,1,-1,-20,-3,-4,-5,9,4,0,0,-1,-1,-1,-1,4,-1
KR_6636387258,420,0,29,3,-2,4,0,4,1,3,4,5,0,5,-7,11,4,-5,6,1,-1,-1,6,1,-2,1,-1,0,-2,-1,-1,-1,-1,3,-1
KR_6749195966,440,-5,-92,16,-9,0,4,4,1,3,4,-3,3,0,-9,11,2,2,0,2,1,6,9,-3,-2,5,-1,0,-3,-1,0,-1,1,5,-1
KR_6683826068,420,-1,-13,-12,-6,-3,3,0,-5,7,2,4,3,7,0,1,1,-2,2,0,0,-7,-1,-1,-10,11,1,0,0,-1,-1,0,1,6,-1
KR_6711622671,420,-2,-16,16,-3,-4,7,3,0,2,2,0,1,1,-1,1,0,2,0,2,0,0,-3,-3,-1,4,-4,0,0,1,0,0,1,4,-1
KR_6746265370,420,-1,59,-25,5,8,1,9,-3,3,0,1,3,4,-1,1,0,0,0,0,1,-2,159,2,-5,3,-3,0,0,1,-1,-1,1,4,-1
KR_6742811084,420,2,-2,45,2,5,0,5,-1,3,2,1,2,3,-2,2,0,-1,1,0,0,-5,-6,-1,-1,2,2,0,-1,-1,-1,-1,1,4,-1
KR_6223417590,420,-2,-42,18,-6,-1,1,0,0,1,1,-1,2,1,-4,7,3,0,0,0,0,0,-20,0,-7,7,3,0,-2,-1,0,-1,-1,3,-1
KR_6717478545,420,-1,-6,-12,-4,5,1,6,-1,2,1,3,0,3,-8,8,0,-3,5,2,0,-6,-22,-7,-1,8,2,0,1,-1,1,-1,-1,2,-1
KR_6750360328,420,0,-21,16,-2,-5,5,0,2,0,2,5,0,5,-3,6,3,-1,2,1,0,-10,-14,2,-2,0,2,0,0,0,1,-1,1,0,-1
KR_6751286647,420,-1,-21,-1,-2,-3,6,3,0,3,3,-1,2,1,1,3,4,1,0,1,0,-4,-5,1,-5,4,-2,0,-1,-1,-1,-1,-1,6,-1
KR_6684572526,420,-2,-17,12,-2,0,2,2,0,3,3,3,3,6,-5,6,1,0,2,2,-1,-2,-20,-5,-2,7,-3,0,0,0,1,0,-1,0,-1
KR_6739921282,420,-2,-9,-16,-12,-2,4,2,1,3,4,-4,5,1,-6,7,1,-1,1,0,0,-9,-237,-6,-3,9,0,0,-1,-1,1,1,-1,3,-1
KR_6753710304,420,-2,-18,-7,-4,-4,4,0,-3,3,0,-2,3,1,5,0,5,0,0,0,0,-1,52,4,-6,2,-15,0,0,1,-1,-1,-1,3,-1
KR_6748135061,420,-2,-21,4,0,2,0,2,3,1,4,-4,5,1,-4,6,2,3,0,3,0,-4,7,-4,-6,10,1,0,-2,0,-1,-1,1,0,-1
KR_6756658804,440,2,8,0,4,3,0,3,4,2,6,-1,4,3,1,0,1,-3,3,0,0,9,-4,3,-6,3,-6,0,0,-1,-1,0,-1,4,-1
KR_6726620738,420,-1,-45,13,2,-2,3,1,2,1,3,2,0,2,-2,3,1,2,0,2,0,1,32,0,-3,3,-3,0,0,0,0,-1,-1,0,-1
KR_5852124413,420,-1,-103,18,-1,1,2,3,1,3,4,6,2,8,-10,11,1,1,0,1,0,-5,-277,1,-4,3,2,0,-2,1,1,-1,-1,1,-1
KR_6755192218,420,-3,-5,-24,-5,2,1,3,-3,6,3,-7,7,0,4,1,5,-1,5,4,0,-3,122,8,-10,2,-2,0,1,1,1,1,-1,6,-1
KR_6755314103,420,-3,-44,-8,-7,-2,4,2,1,0,1,-2,2,0,2,0,2,-6,7,1,0,-5,-13,0,-4,4,1,0,-2,0,-1,-1,1,0,-1
KR_6636741214,420,2,55,36,0,-4,4,0,3,1,4,0,1,1,1,2,3,0,0,0,0,1,-2,-4,-5,9,0,0,0,1,0,-1,1,1,-1
KR_6761099548,420,-1,1,-4,1,2,0,2,-4,4,0,-1,1,0,2,1,3,2,0,2,0,3,5,4,-8,4,3,0,0,0,-1,0,1,0,-1
KR_6642466247,420,1,8,-24,-4,0,1,1,-4,4,0,-1,3,2,1,4,5,0,1,1,-1,-6,0,-1,-6,7,2,0,0,-1,0,-1,-1,4,-1
KR_6742514891,440,-3,20,0,-14,-4,4,0,-2,4,2,-5,6,1,-1,3,2,-2,3,1,0,-10,-4,-2,0,2,2,0,0,-1,0,0,-1,2,-1
KR_6652222119,420,-6,-83,-36,-12,-4,5,1,-2,2,0,-2,2,0,-5,7,2,1,0,1,0,-10,3,-2,-2,4,-2,0,-2,0,-1,-1,-1,0,-1
KR_6729405495,440,0,15,-12,-2,-1,1,0,1,1,2,0,2,2,-2,2,0,0,0,0,0,1,14,3,-7,4,0,0,0,1,-1,0,1,4,-1
KR_6761708862,420,0,25,-8,1,1,1,2,-2,3,1,2,1,3,1,3,4,-1,1,0,1,-5,8,3,-5,2,-1,0,-1,1,1,-1,1,3,-1
KR_6659054627,420,-2,1,-27,1,0,2,2,-1,3,2,-3,3,0,6,0,6,-1,1,0,0,-4,-8,0,-2,2,1,0,1,1,0,1,1,3,-1
KR_6640539282,420,2,39,-8,1,1,0,1,1,1,2,-2,2,0,2,4,6,-1,1,0,0,2,-29,-3,-4,7,2,0,1,1,1,1,-1,6,-1
KR_6706409289,420,-4,-75,8,-12,0,0,0,-2,3,1,-3,3,0,-5,5,0,-2,3,1,0,-9,107,5,-7,2,-2,0,-2,-1,-1,-1,-1,2,-1
KR_6741159274,420,-5,-122,-12,-5,0,0,0,0,3,3,-3,3,0,-1,1,0,-1,2,1,0,-6,-10,0,-3,3,-4,0,-1,-1,-1,-1,-1,3,-1
KR_6621547708,420,-3,-27,-20,1,-4,5,1,4,0,4,2,1,3,-2,4,2,1,1,2,0,3,-5,0,-4,4,0,0,1,-1,-1,-1,1,2,-1
KR_6716379146,420,-2,-35,-12,-6,1,0,1,0,1,1,-1,3,2,-6,9,3,0,0,0,0,-1,-5,0,-6,6,1,0,0,-1,1,-1,1,1,-1
KR_6749546700,440,-1,-18,-8,8,-4,7,3,0,1,1,2,0,2,10,1,11,0,2,2,0,11,8,1,-3,2,1,0,-1,-1,-1,-1,-1,5,-1
KR_6699602998,420,-2,-3,1,1,0,3,3,-3,3,0,6,1,7,-1,4,3,-1,2,1,-1,3,0,1,-4,3,0,0,0,1,-1,0,-1,2,-1
KR_6320845318,420,-5,-100,-26,-6,-2,3,1,-1,2,1,-3,3,0,3,2,5,-3,5,2,-1,4,-212,-5,-5,10,-5,0,-1,-1,-1,-1,-1,6,-1
KR_6729856035,420,-4,14,-21,-1,-2,3,1,0,1,1,0,1,1,5,3,8,-4,4,0,0,-1,-3,0,-5,5,1,0,1,-1,-1,1,1,2,-1
KR_6673691391,420,-2,-42,-3,-6,-3,3,0,2,2,4,-3,3,0,-3,6,3,1,0,1,0,-4,-113,-4,-2,6,0,0,-1,-1,1,-1,-1,3,-1
KR_6725791727,420,-3,-31,-36,-5,0,1,1,0,3,3,-5,7,2,0,1,1,0,1,1,0,4,19,0,-3,3,-2,0,-1,-1,-1,-1,-1,4,-1
KR_6658769741,420,-1,18,-3,-2,0,2,2,-4,4,0,-1,4,3,1,0,1,2,1,3,0,-3,-46,2,-5,3,-2,0,-1,1,-1,-1,1,6,-1
KR_6661798750,420,3,30,13,7,-5,5,0,1,1,2,5,1,6,5,0,5,1,2,3,0,5,-5,-5,-2,7,-1,0,1,-1,0,1,-1,3,-1
KR_6757636610,420,-9,-98,-32,-19,-3,5,2,-1,4,3,-6,6,0,-8,9,1,-1,1,0,0,-26,-42,-2,-4,6,-4,0,-4,1,-1,-1,-1,5,-1
KR_6703187589,440,1,-10,-9,11,1,2,3,4,2,6,-5,5,0,9,0,9,2,0,2,-1,14,6,8,-8,0,-1,0,-1,-1,0,1,-1,4,-1
KR_6684556531,420,-3,-36,16,-11,0,0,0,1,1,2,-2,2,0,-6,7,1,-4,5,1,0,-4,-27,-2,-2,4,29,0,-3,-1,-1,-1,-1,5,-1
KR_6655668317,420,-4,-86,-35,-6,-4,5,1,-3,5,2,1,3,4,2,1,3,-2,3,1,0,-8,3,4,-6,2,-1,0,-1,-1,0,-1,1,1,-1
KR_6764564466,420,-3,34,-25,-1,0,0,0,0,1,1,2,1,3,-1,4,3,-2,3,1,0,-1,-9,-1,-5,6,3,0,0,1,-1,0,1,4,-1
KR_6759606937,440,-1,-70,-24,0,-2,3,1,-3,4,1,1,3,4,1,0,1,3,4,7,-1,2,0,-1,-5,6,-1,0,-1,1,0,-1,-1,5,-1
KR_6602985953,440,3,64,28,9,4,1,5,4,3,7,1,2,3,1,8,9,-1,2,1,0,4,-40,5,-5,0,18,0,1,1,1,1,1,1,-1
KR_6657579960,420,-2,80,-59,-7,-2,2,0,0,7,7,-2,2,0,1,0,1,-4,4,0,0,-3,2,-4,-1,5,2,0,1,-1,-1,1,-1,6,-1
KR_6727163208,420,-2,-32,8,-4,4,0,4,-2,3,1,-7,8,1,0,3,3,1,4,5,0,-5,3,0,-2,2,0,0,1,1,-1,1,-1,6,-1
KR_6757674707,420,-1,-26,-16,-1,0,1,1,-4,4,0,3,0,3,0,1,1,0,0,0,0,-7,4,4,-5,1,-5,0,1,1,-1,1,1,2,-1
KR_5962620463,420,-4,-68,-41,-7,-2,4,2,-2,3,1,-1,3,2,-4,4,0,2,0,2,0,0,-1,-3,-2,5,-1,0,0,-1,1,0,1,2,-1
KR_6687500954,420,-1,-44,42,-1,-3,4,1,-3,5,2,2,1,3,2,2,4,1,1,2,0,1,-3,-5,-3,8,0,0,-1,1,-1,-1,-1,1,-1
KR_6735724714,420,0,-8,-6,-2,-3,3,0,-1,1,0,1,3,4,-2,2,0,3,0,3,0,0,10,2,-5,3,-3,0,0,1,-1,0,-1,5,-1
KR_6730990376,420,-4,-59,-8,-12,1,3,4,-7,8,1,-2,5,3,0,1,1,-4,4,0,0,-15,-6,3,-5,2,0,0,-1,-1,-1,-1,-1,5,-1
KR_6335776305,420,-1,-36,-32,3,4,0,4,-1,6,5,-1,2,1,0,0,0,1,0,1,0,0,1,2,-4,2,-2,0,0,1,1,0,1,6,-1
KR_6707136943,420,2,34,23,0,5,0,5,-2,5,3,-6,6,0,-1,2,1,4,0,4,1,2,0,-3,-4,7,-1,0,1,-1,1,1,-1,3,-1
KR_6361701008,420,-4,-79,-4,-5,-3,3,0,-4,6,2,-1,1,0,0,2,2,3,0,3,0,0,0,0,0,0,-1,0,-1,0,-1,1,-1,0,-1
KR_6721477356,420,-2,-45,-40,1,4,0,4,-1,5,4,-2,2,0,1,5,6,-1,2,1,-1,-8,4,0,-3,3,-3,0,-2,-1,-1,-1,-1,5,-1
KR_6762862092,420,-3,-53,-48,-2,2,1,3,0,2,2,3,1,4,-6,8,2,-1,2,1,0,-14,46,1,-3,2,-21,0,0,1,0,0,1,5,-1
KR_6699657813,420,-1,8,0,-7,-4,4,0,-5,8,3,4,0,4,-3,7,4,1,1,2,0,-15,-1,-1,-3,4,0,0,1,-1,0,1,-1,4,-1
KR_6760123029,420,-2,13,8,-11,3,1,4,-1,2,1,-5,5,0,-8,10,2,0,1,1,0,-9,1,-1,-4,5,-4,0,-1,-1,1,-1,-1,3,-1
KR_6698809034,420,3,92,5,3,-1,1,0,2,1,3,4,0,4,-1,3,2,-1,2,1,0,-3,15,3,-5,2,3,0,0,1,-1,1,1,4,-1
KR_6745390435,420,-2,-66,-26,3,-2,2,0,-1,2,1,0,4,4,3,2,5,3,0,3,0,11,-1,4,-5,1,-1,0,-1,-1,0,-1,1,3,-1
KR_6761669152,420,-2,35,54,-5,-2,4,2,-2,4,2,-1,3,2,1,1,2,-1,3,2,1,-10,-207,3,-6,3,-3,0,2,1,1,1,1,4,-1
KR_6734623062,420,-1,0,-5,-1,0,2,2,-2,3,1,1,3,4,3,1,4,-3,3,0,0,0,-21,6,-7,1,1,0,-1,-1,-1,-1,-1,6,-1
KR_6507129753,420,-7,-85,-12,-13,-3,3,0,-6,7,1,0,0,0,-2,3,1,-2,2,0,0,-18,-37,-4,-4,8,0,0,0,-1,-1,-1,-1,4,-1
KR_6393719070,420,-1,-64,-10,-3,-3,4,1,-1,6,5,-1,2,1,-2,4,2,4,1,5,0,3,4,1,-5,4,-2,0,-1,1,-1,-1,-1,6,-1
KR_6710807445,420,-1,-26,-23,-5,1,1,2,-4,7,3,-2,3,1,0,2,2,0,0,0,-3,-11,104,0,-4,4,26,0,2,-1,-1,1,-1,4,-1
KR_6704112118,440,-6,-95,-16,-18,-2,4,2,-4,5,1,0,3,3,-9,9,0,-3,3,0,1,-9,-1,0,-3,3,-4,0,-3,-1,0,-1,1,4,-1
KR_6428225634,420,-6,-27,-12,-10,-1,1,0,-5,5,0,0,2,2,-5,5,0,1,2,3,-2,-9,-4,0,-4,4,-1,0,-1,1,-1,-1,-1,1,-1
KR_6741187875,420,-6,-48,-38,-19,-4,4,0,-3,3,0,-6,8,2,-4,5,1,-2,2,0,0,-12,-97,-3,-1,4,-2,0,-2,-1,-1,-1,-1,5,-1
KR_6693457459,420,1,16,-16,-2,-1,2,1,2,2,4,-2,4,2,0,1,1,-1,1,0,0,-4,-11,3,-6,3,-3,0,0,-1,1,0,1,1,-1
KR_6754900481,420,1,11,20,-7,-4,4,0,-1,3,2,0,0,0,-2,4,2,0,0,0,0,-7,-6,4,-5,1,2,0,0,-1,0,-1,-1,5,-1
KR_6754395402,420,-5,-104,-20,-17,-2,3,1,-1,1,0,-7,11,4,-6,9,3,-1,2,1,0,-15,-4,-1,0,1,0,0,-2,0,1,-1,-1,0,-1
KR_6585699496,440,-1,-54,-4,-4,-3,6,3,2,0,2,-3,5,2,-1,2,1,1,5,6,-2,-9,-5,2,-5,3,-1,0,-1,-1,-1,-1,-1,2,-1
KR_6685446540,420,-2,25,-58,1,-3,5,2,-1,1,0,4,1,5,1,2,3,0,1,1,0,1,-120,-1,-3,4,-3,0,-2,0,0,-1,-1,0,-1
KR_6761395346,420,-6,-32,-34,-15,-1,2,1,-1,2,1,-3,4,1,-9,10,1,-1,1,0,0,-12,-10,0,-6,6,-4,0,-1,-1,-1,-1,-1,4,-1
KR_6469449222,440,-4,-37,1,-5,-5,7,2,5,0,5,0,2,2,-5,6,1,0,1,1,0,-1,267,3,-11,8,-2,0,-2,-1,-1,-1,-1,5,-1
KR_6753807529,420,-5,-63,-16,-15,-3,4,1,-2,2,0,-1,1,0,-9,10,1,0,0,0,0,-10,1,1,-3,2,-5,0,-3,-1,1,-1,-1,6,-1
KR_6762721409,420,-5,-78,-12,-11,0,2,2,-5,5,0,-5,7,2,-1,4,3,0,4,4,0,-4,108,-2,-2,4,1,0,-2,-1,1,-1,-1,6,-1
KR_6762456757,420,0,12,-8,1,-2,2,0,0,2,2,0,1,1,3,1,4,0,1,1,1,3,-4,-1,-1,2,0,0,0,-1,-1,0,1,4,-1
KR_6639247216,420,-2,-72,24,-6,0,1,1,1,0,1,-2,2,0,-2,3,1,-3,5,2,0,-2,4,2,-4,2,-1,0,-2,-1,-1,-1,-1,2,-1
KR_6746663926,420,-2,-87,-11,-4,-4,5,1,-1,3,2,1,2,3,0,2,2,0,1,1,0,-1,0,5,-6,1,-3,0,-1,-1,0,-1,-1,3,-1
KR_6751289884,440,2,114,-16,11,3,1,4,-1,5,4,5,0,5,2,1,3,2,4,6,0,8,-4,-1,-3,4,2,0,1,0,0,1,1,0,-1
KR_6762446880,420,-3,-34,8,5,-3,4,1,5,0,5,8,0,8,-7,9,2,2,1,3,1,-1,13,4,-4,0,-2,0,-2,-1,-1,-1,1,1,-1
KR_6719036061,420,-1,11,16,-3,1,2,3,-1,3,2,1,2,3,-3,5,2,-1,2,1,0,-5,-1,3,-5,2,-3,0,0,-1,1,1,-1,5,-1
KR_6701386947,420,-5,-50,-13,-6,0,1,1,-2,2,0,1,1,2,-5,6,1,0,0,0,0,-7,-6,-2,-3,5,-3,0,-1,-1,-1,-1,-1,1,-1
KR_6612681370,420,2,2,23,5,2,1,3,1,1,2,3,3,6,-1,3,2,0,1,1,-1,1,-8,-2,-4,6,-4,0,0,-1,1,1,-1,5,-1
KR_6699405089,420,-2,-1,-17,-1,0,3,3,0,3,3,0,1,1,1,3,4,-2,2,0,0,-1,13,7,-9,2,-2,0,1,-1,1,1,1,2,-1
KR_6762104339,420,-3,-28,-24,-4,1,4,5,0,2,2,-5,8,3,0,2,2,0,1,1,0,8,10,4,-7,3,-1,0,2,1,-1,1,-1,1,-1
KR_6761590601,420,0,-11,20,1,-1,1,0,2,1,3,0,4,4,1,1,2,-1,1,0,0,4,3,3,-3,0,0,0,-1,1,-1,-1,-1,4,-1
KR_6746505970,420,0,-18,28,2,2,0,2,-2,5,3,3,2,5,0,2,2,-1,2,1,1,-6,-2,2,-6,4,0,0,0,0,1,0,1,0,-1
KR_6751496623,440,-1,-44,4,-5,-2,3,1,-1,1,0,-1,1,0,-2,2,0,1,0,1,0,-5,-3,1,-7,6,2,0,-1,1,-1,-1,1,6,-1
KR_6744795980,420,-3,-64,-30,-8,0,3,3,-3,6,3,-1,2,1,-5,5,0,1,0,1,0,-2,-9,-1,-5,6,-4,0,-1,-1,-1,-1,-1,2,-1
KR_6738863103,420,1,-71,5,0,2,0,2,-2,6,4,-2,3,1,-1,4,3,3,0,3,0,6,-23,0,-2,2,12,0,0,1,1,-1,-1,2,-1
KR_6730817204,420,-5,-73,-25,-5,-5,5,0,0,2,2,-1,4,3,3,0,3,-2,3,1,0,-4,-2,-1,-2,3,-3,0,-1,-1,1,-1,-1,1,-1
KR_6703614711,420,-3,-28,-36,-7,0,1,1,-5,5,0,2,2,4,-4,6,2,0,0,0,0,-11,-22,6,-9,3,2,0,-1,-1,-1,-1,1,1,-1
KR_6643086876,420,-3,8,-36,-10,4,0,4,-13,13,0,1,1,2,-2,3,1,0,0,0,0,-22,-6,-1,-1,2,4,0,0,-1,1,0,-1,5,-1
KR_6634122672,440,-4,-47,20,-9,-1,3,2,-3,3,0,0,1,1,-1,2,1,-4,4,0,-1,-11,7,4,-7,3,1,0,-1,1,1,-1,-1,5,-1
KR_6740353199,420,-1,14,5,-8,-2,2,0,2,0,2,-8,8,0,0,5,5,0,2,2,0,-4,25,-2,-2,4,-4,0,0,-1,-1,-1,-1,5,-1
KR_6741232211,420,-3,-11,-1,-6,-2,2,0,-4,7,3,-3,4,1,3,0,3,0,1,1,0,-7,110,-2,-3,5,2,0,0,1,-1,1,-1,2,-1
KR_6729395398,440,3,-23,12,1,2,1,3,-2,4,2,0,1,1,1,4,5,0,1,1,-1,2,-6,-4,-4,8,9,0,0,1,-1,1,-1,3,-1
KR_6650243858,440,-1,-65,-16,-2,-2,4,2,5,1,6,-7,8,1,1,1,2,1,2,3,1,8,4,0,-3,3,1,0,-2,1,-1,-1,1,2,-1
KR_6723094406,420,-3,27,0,-3,0,0,0,-6,6,0,1,2,3,0,2,2,2,0,2,0,-11,-6,0,-2,2,-5,0,1,0,1,1,-1,0,-1
KR_6762959336,420,0,36,24,0,1,1,2,-3,4,1,1,3,4,-2,4,2,3,0,3,2,2,-13,-3,-3,6,3,0,1,1,1,1,1,6,-1
KR_6680637835,440,-5,-74,-12,-19,-5,5,0,-12,14,2,0,0,0,1,1,2,-3,4,1,-1,-26,-13,-6,0,6,1,0,0,-1,-1,-1,1,6,-1
KR_6734852959,420,1,20,17,0,-1,2,1,-2,4,2,0,1,1,1,1,2,2,1,3,0,-3,-12,-4,-1,5,2,0,0,1,-1,0,-1,3,-1
KR_6630227121,440,1,5,-21,6,-2,3,1,0,2,2,0,2,2,7,1,8,1,0,1,0,7,2,1,-4,3,3,0,-1,-1,0,-1,1,6,-1
KR_6319204660,420,-2,3,0,-2,0,0,0,-6,7,1,-5,7,2,9,1,10,0,1,1,0,-3,267,-3,-5,8,4,0,-1,1,-1,-1,1,6,-1
KR_6741627818,420,1,-17,20,1,3,1,4,1,2,3,-1,1,0,-1,2,1,-1,1,0,0,2,-5,-2,-2,4,0,0,1,-1,1,1,1,5,-1
KR_6764352786,420,-3,-56,-32,-1,4,0,4,0,2,2,-4,7,3,0,6,6,-1,1,0,-3,-3,-7,-5,-1,6,3,0,0,-1,-1,0,-1,4,-1
KR_6651093094,440,-2,-42,-8,4,-2,3,1,2,1,3,0,0,0,4,2,6,0,4,4,0,4,-7,0,-3,3,1,0,0,1,1,-1,1,2,-1
KR_6682863196,420,-2,3,-44,-9,1,0,1,-4,4,0,-5,5,0,1,3,4,-2,3,1,-1,-5,-117,-3,-2,5,-1,0,-1,-1,-1,-1,-1,1,-1
KR_6619518054,420,-4,-66,-10,-4,-4,6,2,-1,4,3,6,1,7,-6,9,3,1,0,1,0,-5,2,-2,-4,6,-3,0,-3,-1,1,-1,1,6,-1
KR_6754375363,420,-4,43,-12,-7,0,2,2,0,2,2,-2,5,3,-2,6,4,-3,5,2,0,-1,-191,-1,-4,5,-2,0,-1,1,-1,-1,-1,5,-1
KR_6687258738,420,-3,-2,-2,-7,-1,1,0,-1,4,3,-4,4,0,-3,4,1,2,1,3,0,-3,2,0,-5,5,0,0,1,-1,1,1,1,6,-1
KR_6733656446,440,3,-11,40,9,2,1,3,1,1,2,6,0,6,0,2,2,0,1,1,0,5,12,1,-4,3,-2,0,0,1,1,0,1,5,-1
KR_6756298504,420,6,50,12,2,5,1,6,-8,8,0,-4,4,0,5,1,6,4,1,5,0,0,-8,-1,-5,6,1,0,0,-1,0,1,1,5,-1
KR_6747126338,420,-5,-44,-28,-10,0,2,2,-3,4,1,-8,8,0,1,0,1,0,1,1,0,-7,4,-2,-1,3,0,0,-1,-1,-1,1,1,5,-1
KR_6671351959,420,-4,-70,4,-3,3,2,5,-5,7,2,-2,3,1,1,1,2,0,1,1,0,0,-2,-3,-3,6,-5,0,-2,-1,-1,-1,1,3,-1
KR_6716207444,440,-5,-32,-21,-13,0,4,4,-6,8,2,-2,2,0,-5,5,0,0,1,1,0,-11,3,2,-8,6,-3,0,-1,0,0,-1,-1,0,-1
KR_6739477090,420,0,-34,-48,4,-4,5,1,0,0,0,2,1,3,5,0,5,1,1,2,1,13,0,-1,-7,8,-4,0,0,-1,0,0,1,5,-1
KR_6753671982,420,-1,17,-36,5,2,0,2,0,1,1,4,2,6,-1,3,2,0,1,1,0,1,-7,-3,-4,7,-3,0,1,-1,1,1,1,5,-1
KR_6733596984,420,1,-19,-4,3,3,2,5,0,2,2,1,1,2,0,1,1,-1,1,0,1,0,29,-5,-5,10,-25,0,-1,1,1,-1,1,4,-1
KR_6729655329,420,-5,-96,1,-4,-1,3,2,-2,2,0,1,1,2,-1,3,2,-1,3,2,1,-2,84,-4,-2,6,-4,0,-1,-1,1,-1,1,5,-1
KR_6692731123,420,-3,-48,16,-8,-4,5,1,-3,5,2,-1,3,2,2,5,7,-2,2,0,0,-2,-122,-5,-3,8,-2,0,-1,-1,-1,-1,1,1,-1
KR_6762391623,420,1,-73,84,-5,0,1,1,-5,7,2,2,0,2,0,0,0,-2,2,0,0,-5,1,0,0,0,0,0,-2,1,1,-1,-1,5,-1
KR_6043424212,440,-4,-68,-17,-19,-2,5,3,-4,6,2,-6,6,0,-6,7,1,-1,2,1,-1,-20,-1,-1,-2,3,1,0,-3,0,-1,-1,-1,0,-1
KR_6742865215,420,0,15,4,3,2,1,3,-2,4,2,0,4,4,3,1,4,0,0,0,0,1,-1,0,-3,3,-3,0,0,1,-1,0,1,4,-1
KR_6738875548,420,-4,9,8,-3,-1,2,1,0,2,2,-1,3,2,-1,3,2,0,1,1,0,-3,25,-4,-1,5,-19,0,-1,1,-1,-1,1,1,-1
KR_6730857038,420,1,33,8,-4,0,1,1,3,0,3,-5,5,0,1,3,4,-3,3,0,0,-2,-39,0,-5,5,30,0,3,1,-1,1,1,1,-1
KR_6395139262,420,-4,-46,-16,-10,-4,5,1,-1,1,0,0,3,3,-5,5,0,0,0,0,0,-6,-9,-2,-1,3,-2,0,-1,1,-1,-1,-1,2,-1
KR_6762535948,420,-2,-68,-8,-6,6,0,6,-2,3,1,-5,5,0,-4,4,0,-1,2,1,-3,-15,1,-4,-1,5,1,0,-1,-1,1,-1,-1,5,-1
KR_6689502831,420,-3,14,11,-4,0,1,1,-3,4,1,1,2,3,2,2,4,-4,4,0,0,2,8,-2,-3,5,-2,0,1,1,0,1,1,2,-1
KR_6627098841,420,-8,-91,0,-14,-5,6,1,3,0,3,-5,6,1,-7,8,1,0,1,1,0,-6,-3,0,-6,6,2,0,-2,1,-1,-1,-1,2,-1
KR_6732789730,420,-2,-29,4,1,-2,3,1,2,0,2,-3,3,0,4,0,4,0,2,2,0,4,10,2,-5,3,2,0,-1,0,-1,-1,1,0,-1
KR_6757290553,440,-1,-56,-3,-7,0,0,0,-2,2,0,0,3,3,0,3,3,-5,6,1,0,-4,-97,0,-3,3,0,0,0,0,0,0,-1,0,-1
KR_6634838845,420,-1,-17,20,0,3,1,4,3,1,4,-1,2,1,-3,4,1,-2,2,0,0,0,-1,-1,-5,6,0,0,0,0,1,0,-1,0,-1
KR_6675386434,420,-1,-42,-10,-5,2,1,3,-2,3,1,-2,5,3,-5,5,0,2,2,4,0,-5,18,0,-5,5,-5,0,1,-1,0,-1,1,3,-1
KR_6731912210,420,-1,0,19,-4,-2,4,2,-1,2,1,1,0,1,-1,1,0,-1,2,1,0,-1,2,3,-7,4,0,0,0,1,1,1,-1,2,-1
KR_5882596574,440,-7,-61,-32,-13,-3,4,1,-2,4,2,-2,2,0,-4,4,0,-2,4,2,0,-7,-1,-3,-2,5,0,0,-1,0,1,-1,1,0,-1
KR_6703014106,440,-2,10,-29,-3,1,1,2,-5,7,2,2,0,2,0,6,6,-1,2,1,0,-5,-5,1,-4,3,-4,0,0,-1,1,1,-1,3,-1
KR_6740762210,420,-3,-45,3,-3,-1,3,2,2,3,5,-4,7,3,0,0,0,0,0,0,0,-1,-3,-7,-1,8,5,0,-1,-1,0,-1,1,6,-1
KR_6598103896,440,1,-1,4,0,0,1,1,-4,6,2,-2,4,2,0,2,2,6,3,9,-1,5,18,1,-5,4,-15,0,-1,1,-1,-1,-1,5,-1
KR_6661329530,420,-1,-60,-20,1,-3,4,1,2,1,3,0,5,5,0,2,2,2,0,2,0,8,-2,2,-3,1,-1,0,-1,-1,-1,-1,1,1,-1
KR_6702800393,420,3,7,5,3,0,2,2,6,1,7,-1,3,2,-4,6,2,2,1,3,1,6,9,5,-9,4,-4,0,-1,1,-1,-1,1,4,-1
KR_6698515402,420,-2,-2,-4,-8,-2,3,1,2,3,5,-3,4,1,-4,6,2,-1,1,0,1,-4,-38,-4,-3,7,3,0,0,-1,1,0,1,1,-1
KR_6705333348,420,-3,-61,-16,-9,-2,3,1,1,2,3,-3,4,1,-2,2,0,-3,4,1,0,-6,5,0,-1,1,-1,0,-1,1,-1,-1,1,3,-1
KR_6646725088,420,-2,-110,48,-8,1,2,3,0,3,3,-2,3,1,-4,5,1,-3,3,0,-1,-14,11,1,-4,3,-4,0,0,-1,-1,-1,-1,3,-1
KR_6638514675,420,3,5,31,7,1,2,3,4,1,5,7,0,7,-5,6,1,0,1,1,0,2,9,2,-6,4,-8,0,2,-1,1,1,-1,6,-1
KR_6760077727,420,-2,18,-15,-9,-6,7,1,-3,7,4,-3,4,1,2,0,2,1,0,1,0,-8,-11,-2,-2,4,1,0,1,0,-1,1,1,0,-1
KR_6722182462,420,-3,-34,-24,-3,-1,3,2,1,1,2,0,5,5,-1,5,4,-2,2,0,0,-4,-11,-1,-5,6,-1,0,0,0,0,-1,1,0,-1
KR_6743642830,420,-7,-70,-52,-6,-4,4,0,1,1,2,-1,4,3,-1,4,3,-1,1,0,0,-3,5,4,-7,3,0,0,0,1,1,-1,-1,1,-1
KR_6633680042,420,-7,-128,-8,-12,1,1,2,1,2,3,-6,8,2,-8,10,2,0,1,1,-1,-16,-14,-3,-2,5,-1,0,-2,-1,-1,-1,-1,4,-1
KR_6711569476,420,-3,-56,-12,-10,-2,3,1,-5,7,2,-3,3,0,1,1,2,-1,3,2,-1,-13,-1,-2,-1,3,-3,0,-2,-1,-1,-1,-1,3,-1
KR_6646628929,440,2,23,-20,9,-2,2,0,5,0,5,6,2,8,-1,6,5,1,1,2,0,9,35,3,-7,4,0,0,0,1,-1,-1,1,2,-1
KR_6725049642,420,-4,-13,-40,-8,-2,3,1,3,1,4,-1,2,1,-3,3,0,-5,5,0,0,1,-3,-2,-3,5,1,0,-1,0,1,-1,-1,0,-1
KR_6695771469,440,-3,-54,32,-4,7,0,7,1,1,2,-3,3,0,-9,12,3,0,2,2,0,-7,-2,0,-2,2,-1,0,1,-1,1,1,-1,4,-1
KR_6678636643,420,-2,-17,-8,-14,1,1,2,-8,10,2,-4,6,2,-4,6,2,1,1,2,-1,-11,-14,0,-2,2,-1,0,-2,-1,-1,-1,-1,3,-1
KR_6731152807,420,3,80,-17,-3,0,2,2,0,1,1,0,1,1,-6,11,5,3,0,3,-1,-3,23,-5,-2,7,-5,0,1,-1,-1,1,-1,3,-1
KR_6760589973,420,-1,-36,24,-1,2,0,2,1,2,3,-1,8,7,-3,8,5,0,1,1,0,-3,-3,-1,0,1,-2,0,-1,0,-1,1,1,0,-1
KR_6759719774,420,-5,-47,-32,-10,-1,2,1,-1,1,0,-6,7,1,-1,2,1,-1,1,0,1,-3,-7,0,-2,2,2,0,-2,-1,1,-1,1,5,-1
KR_6764391969,420,-4,-43,-21,-10,1,5,6,-2,4,2,-3,3,0,-6,6,0,0,1,1,-1,-10,8,0,-3,3,-2,0,-3,-1,1,-1,-1,3,-1
KR_6654337823,420,0,8,6,4,1,0,1,-5,6,1,1,1,2,8,0,8,-1,1,0,1,4,-5,0,-5,5,3,0,-1,1,-1,-1,-1,4,-1
KR_6759453877,420,-2,-40,4,-4,-4,5,1,-3,5,2,2,2,4,1,1,2,0,0,0,-1,5,-12,-4,-2,6,2,0,-1,0,-1,-1,-1,0,-1
KR_6731788231,420,-2,-87,-44,0,-2,2,0,1,3,4,-1,1,0,-1,2,1,3,0,3,0,3,53,2,-2,0,-1,0,-1,0,0,-1,-1,0,-1
KR_6683512060,440,1,17,-56,7,3,1,4,0,1,1,2,1,3,-1,2,1,3,2,5,0,4,-16,2,-4,2,13,0,0,-1,1,0,-1,5,-1
KR_6703336846,420,1,-54,11,-3,-2,3,1,-4,8,4,-1,4,3,1,1,2,3,0,3,0,-6,22,2,-6,4,-1,0,-1,1,-1,-1,1,5,-1
KR_6669205703,420,1,11,-12,-2,2,1,3,-1,1,0,2,1,3,-4,6,2,-1,1,0,1,-6,35,4,-7,3,-1,0,0,-1,1,1,1,1,-1
KR_6755590073,420,-6,-31,8,-11,1,0,1,-2,3,1,-4,6,2,-2,4,2,-4,4,0,0,-7,-150,3,-5,2,13,0,-1,1,1,-1,-1,5,-1
KR_6756329367,420,0,-5,4,2,1,2,3,0,1,1,-1,2,1,3,1,4,-1,1,0,0,1,-8,1,-2,1,2,0,1,-1,1,1,1,2,-1
KR_6739228913,420,-1,-50,-4,-6,4,1,5,0,1,1,-3,5,2,-6,6,0,-1,1,0,0,-7,-2,0,-4,4,-2,0,-1,-1,-1,-1,-1,2,-1
KR_6761134687,420,-1,-41,-5,3,1,1,2,3,0,3,1,1,2,-3,3,0,1,0,1,0,1,3,1,-3,2,-3,0,0,1,-1,0,1,2,-1
KR_6762481388,420,-8,-51,-26,-16,0,1,1,-3,5,2,-5,7,2,-6,6,0,-2,2,0,0,-13,-4,-5,0,5,0,0,-2,1,-1,-1,-1,5,-1
KR_5683178472,420,-2,19,-44,-3,-2,2,0,-5,6,1,0,0,0,4,1,5,0,0,0,0,-2,3,0,-2,2,-1,0,-1,-1,-1,-1,-1,6,-1
KR_6727263968,420,3,52,7,8,1,0,1,3,1,4,7,0,7,-1,3,2,-2,2,0,0,0,-32,2,-4,2,-1,0,0,-1,1,0,1,2,-1
KR_6631593755,420,-2,-24,9,-16,-5,6,1,0,2,2,-4,6,2,-6,6,0,-1,2,1,0,-10,-8,-4,-1,5,-4,0,-1,-1,1,-1,-1,5,-1
KR_6741964788,420,-1,-85,-13,-1,0,0,0,3,2,5,-3,4,1,-3,3,0,2,0,2,0,-4,4,-9,0,9,-3,0,0,-1,-1,-1,-1,2,-1
KR_6704101247,420,-3,-23,-28,-4,-4,4,0,1,0,1,2,3,5,-2,2,0,-1,2,1,0,-2,-25,0,-3,3,0,0,-1,-1,-1,-1,1,6,-1
KR_6615429632,420,-1,-96,2,-4,-7,7,0,4,1,5,-1,4,3,-2,2,0,2,2,4,1,13,-11,-1,-4,5,-5,0,0,-1,1,-1,1,4,-1
KR_6571697589,440,3,-32,4,1,-1,3,2,1,2,3,2,2,4,-5,5,0,4,1,5,0,0,-9,-3,0,3,3,0,0,1,0,0,-1,4,-1
KR_6754621885,420,-1,8,3,-9,1,2,3,-2,2,0,3,1,4,-7,8,1,-4,4,0,-3,-15,3,-1,-3,4,-4,0,-1,-1,1,-1,-1,5,-1
KR_6753928328,440,-3,-32,-2,-10,-1,1,0,1,0,1,-6,7,1,-1,2,1,-3,5,2,1,-9,2,3,-4,1,1,0,-1,-1,-1,-1,1,2,-1
KR_6753781443,420,0,-37,-23,1,-5,6,1,0,2,2,6,0,6,-2,3,1,2,0,2,-1,3,-370,1,-2,1,0,0,-2,-1,-1,-1,-1,6,-1
KR_6758128912,440,4,-50,-12,9,-1,1,0,1,2,3,2,2,4,3,2,5,4,1,5,0,7,1,4,-4,0,1,0,1,1,0,1,1,6,-1
KR_6684602829,420,-5,3,-59,-13,-1,2,1,1,4,5,-5,5,0,-5,7,2,-3,3,0,-1,-14,-1,-5,-3,8,-4,0,-1,-1,-1,-1,-1,3,-1
KR_6706579063,420,4,0,5,3,-3,5,2,-1,3,2,2,3,5,3,3,6,2,0,2,0,10,-26,-4,-2,6,5,0,-1,1,-1,-1,-1,4,-1
KR_6723485261,420,-6,-53,-44,-17,-4,6,2,-2,5,3,-3,4,1,-3,4,1,-5,5,0,0,-23,15,0,-5,5,5,0,-1,1,-1,-1,1,1,-1
KR_6729367819,420,-3,-17,8,-6,-4,4,0,-2,3,1,-1,2,1,0,4,4,1,0,1,0,-1,-143,-1,-4,5,27,0,-1,1,-1,-1,-1,4,-1
KR_6707649582,420,1,25,24,-1,2,0,2,-1,3,2,-1,3,2,0,1,1,-1,1,0,0,2,6,-3,-1,4,0,0,-1,-1,1,-1,-1,4,-1
KR_6704755737,420,-1,-8,3,1,1,1,2,0,1,1,0,1,1,0,2,2,0,2,2,0,4,-5,4,-5,1,-1,0,0,0,1,0,-1,0,-1
KR_6762721886,420,-3,10,-20,-6,2,2,4,-1,4,3,-3,3,0,-4,6,2,0,1,1,0,-9,4,-3,-3,6,2,0,1,0,-1,1,-1,0,-1
KR_6763420167,420,-5,-45,-16,-9,-3,3,0,-3,5,2,-1,2,1,0,1,1,-2,2,0,0,-8,18,-2,-6,8,-4,0,-1,1,-1,-1,-1,6,-1
KR_6656139310,420,-2,-74,5,-2,0,1,1,-4,4,0,-1,2,1,3,1,4,0,2,2,0,-5,-16,-4,-2,6,-1,0,-1,-1,-1,-1,1,2,-1
KR_6711756365,420,-3,-3,-42,-11,-7,9,2,-5,8,3,-3,4,1,4,4,8,0,0,0,-3,-7,32,-2,-2,4,-4,0,-2,1,-1,-1,-1,2,-1
KR_6653542621,420,-7,-24,-83,-17,-2,3,1,3,1,4,-10,11,1,-8,9,1,0,2,2,0,-8,40,-3,-2,5,-15,0,-1,-1,-1,-1,1,6,-1
KR_6739764078,420,-2,13,-20,-3,3,2,5,2,0,2,-1,1,0,-3,5,2,-4,5,1,-2,-4,7,0,-2,2,-3,0,0,-1,1,1,-1,5,-1
KR_6750609382,420,0,25,-43,-4,2,0,2,1,2,3,-3,6,3,-3,4,1,-1,1,0,0,-2,188,2,-4,2,0,0,0,-1,-1,0,-1,1,-1
KR_6746603613,420,2,14,-4,10,3,2,5,-1,4,3,6,1,7,1,1,2,1,2,3,0,2,-2,1,-5,4,-2,0,1,1,1,1,1,1,-1
KR_6763329186,420,-3,-35,-20,-7,4,1,5,-3,3,0,-1,1,0,-6,7,1,-1,1,0,0,-14,-38,-3,-1,4,21,0,-2,1,-1,-1,1,2,-1
KR_6722009904,420,-1,-48,8,-2,-4,4,0,1,3,4,3,0,3,0,0,0,-2,2,0,0,-9,24,1,-3,2,-1,0,-2,-1,-1,-1,1,3,-1
KR_6710052145,420,0,-23,12,1,-1,3,2,2,1,3,-2,3,1,4,0,4,-2,2,0,-1,2,0,1,-1,0,1,0,1,-1,1,1,-1,1,-1
KR_6752941028,420,-3,-51,6,-9,-2,3,1,-7,8,1,3,1,4,-4,5,1,1,1,2,-1,-10,-3,1,-4,3,-5,0,-3,-1,0,-1,-1,6,-1
KR_6762915607,420,0,-66,-12,-1,-6,6,0,0,0,0,2,1,3,5,0,5,-2,4,2,0,2,19,4,-4,0,-4,0,0,-1,0,0,1,6,-1
KR_6710882540,420,-8,-132,-20,-13,-2,3,1,-4,5,1,-9,10,1,2,0,2,0,0,0,0,-3,4,-2,-4,6,-2,0,-3,1,-1,-1,-1,4,-1
KR_6757624127,420,-1,-9,-20,-4,3,0,3,-1,1,0,-1,2,1,1,1,2,-6,7,1,0,-4,145,1,-1,0,-2,0,1,-1,0,1,-1,2,-1
KR_6705066808,420,-2,-39,21,-5,-3,4,1,-3,6,3,0,1,1,4,2,6,-3,3,0,0,-7,-2,0,-4,4,-1,0,-1,-1,0,-1,-1,2,-1
KR_6699168710,420,-4,-116,16,-7,-1,5,4,-2,7,5,-4,7,3,-1,1,0,1,0,1,0,-15,334,-7,-4,11,-5,0,-1,0,1,-1,-1,0,-1
KR_6715352997,420,-3,-16,4,-2,3,1,4,-1,4,3,-3,4,1,-2,6,4,1,1,2,0,-6,-2,-1,-3,4,-1,0,1,-1,0,1,-1,1,-1
KR_6727731555,420,-3,17,16,-4,2,0,2,0,3,3,-2,4,2,-4,6,2,0,0,0,-1,-5,-5,-2,-1,3,-1,0,0,0,1,-1,-1,0,-1
KR_6617908000,440,-3,-70,-20,-15,0,2,2,-8,8,0,1,2,3,-7,7,0,-1,1,0,-1,-27,-31,-3,-5,8,-3,0,-3,-1,-1,-1,-1,1,-1
KR_6757735263,420,-4,-52,-22,-3,-1,1,0,3,0,3,-1,4,3,-4,5,1,0,0,0,-1,-6,138,1,-4,3,-1,0,0,1,1,0,1,6,-1
KR_6727944293,420,0,-8,10,6,3,4,7,1,1,2,1,2,3,2,0,2,-1,2,1,-1,1,-7,-2,-2,4,1,0,0,-1,-1,-1,-1,1,-1
KR_6698933598,420,-4,-57,25,-6,-4,7,3,-2,4,2,1,1,2,-1,3,2,0,2,2,1,-6,-2,0,-4,4,2,0,-2,1,1,-1,1,1,-1
KR_6714713576,420,-5,-112,-17,-16,-1,3,2,-2,4,2,-2,6,4,-10,12,2,-1,2,1,0,-18,-6,-1,-2,3,1,0,-2,-1,-1,-1,-1,1,-1
KR_6706052474,420,-3,1,10,-1,-1,2,1,-3,3,0,2,1,3,2,0,2,-1,1,0,0,3,9,-1,-3,4,0,0,0,1,-1,0,-1,4,-1
KR_6655751063,420,2,-4,-11,-3,1,1,2,-5,7,2,-1,4,3,3,2,5,-1,3,2,-1,-6,-1,0,-4,4,2,0,0,-1,1,0,-1,2,-1
KR_6743822994,420,-2,-20,-20,-6,0,0,0,-1,2,1,-2,2,0,-2,3,1,-1,1,0,0,-4,-44,-2,-2,4,3,0,-1,-1,1,-1,-1,5,-1
KR_6751434241,420,-1,34,-8,-3,-2,2,0,-1,3,2,4,0,4,-6,6,0,2,0,2,0,-10,-2,-1,-4,5,-1,0,0,-1,1,1,-1,4,-1
KR_6759285504,420,-3,-26,-16,-2,6,0,6,0,3,3,-5,8,3,-3,7,4,0,0,0,0,-10,-5,-1,-2,3,0,0,0,-1,0,1,1,5,-1
KR_6745121634,420,-2,17,-21,-3,2,2,4,1,5,6,-2,4,2,-3,3,0,-1,2,1,0,-1,-12,2,-7,5,-1,0,-1,-1,1,-1,-1,2,-1
KR_6751546350,420,-4,-4,-4,-8,-6,7,1,-2,3,1,1,3,4,0,6,6,-1,2,1,-1,-2,0,2,-2,0,-1,0,-1,0,-1,-1,1,0,-1
KR_6647526722,420,1,29,17,-3,2,1,3,2,3,5,0,0,0,-3,5,2,-4,5,1,0,-8,-1,0,-1,1,1,0,-1,-1,1,-1,-1,4,-1
KR_6666406312,440,2,39,-20,7,-3,3,0,4,1,5,7,0,7,-3,3,0,2,0,2,0,12,10,0,0,0,1,0,1,1,-1,-1,-1,1,-1
KR_6706461054,420,-5,-89,-20,-5,0,2,2,-6,7,1,4,0,4,-3,3,0,0,1,1,0,-7,-13,-3,-1,4,0,0,-2,-1,-1,-1,-1,4,-1
KR_6749383371,420,0,-62,12,5,-1,1,0,1,2,3,-1,2,1,3,1,4,3,1,4,0,11,-8,-2,-5,7,6,0,-1,1,-1,-1,1,6,-1
KR_6733939910,440,-1,-19,16,1,0,0,0,-2,4,2,1,1,2,1,0,1,1,0,1,0,3,15,-2,-3,5,4,0,0,-1,0,0,1,4,-1
KR_6678539825,420,1,40,8,3,1,3,4,0,1,1,0,0,0,0,3,3,2,1,3,0,4,7,-2,-4,6,3,0,0,-1,-1,1,-1,4,-1
KR_6742877689,440,-3,9,-11,-8,-3,4,1,-2,5,3,-1,2,1,-3,3,0,1,1,2,0,-10,-23,0,-7,7,-3,0,0,0,0,0,-1,0,-1
KR_6627446998,420,0,-62,8,-6,-3,4,1,-2,3,1,-2,5,3,2,0,2,-1,1,0,-1,-13,1,-2,0,2,0,0,0,1,1,-1,-1,1,-1
KR_6694528612,420,3,41,-8,1,3,5,8,2,3,5,0,0,0,-2,5,3,-2,3,1,-1,-4,22,7,-9,2,-8,0,1,-1,1,1,-1,6,-1
KR_6762311757,420,0,5,-25,4,-2,3,1,3,0,3,3,2,5,0,2,2,0,1,1,0,3,160,-2,-2,4,2,0,0,-1,1,0,1,6,-1
KR_6661286387,420,-1,-56,26,-4,-3,4,1,1,6,7,0,2,2,2,1,3,-4,5,1,0,-1,-258,0,-2,2,1,0,-1,-1,0,-1,1,3,-1
KR_6338553224,420,-3,-74,16,-8,-5,5,0,0,1,1,-1,1,0,-1,4,3,-1,4,3,0,-6,183,-1,-5,6,0,0,-1,1,-1,-1,-1,3,-1
KR_6605335450,420,-8,-144,-4,-14,-4,4,0,-2,4,2,-2,3,1,-4,5,1,-2,4,2,0,-11,-29,4,-6,2,23,0,-2,-1,0,-1,1,3,-1
KR_6693373031,420,-5,-35,-28,-10,-6,7,1,3,0,3,0,2,2,-5,6,1,-2,3,1,0,-7,21,-5,-1,6,2,0,-1,-1,1,1,-1,4,-1
KR_6760708450,420,-1,-6,-19,-6,-3,5,2,-1,3,2,-1,7,6,-1,2,1,0,3,3,1,1,2,1,-3,2,1,0,0,0,1,1,1,0,-1
KR_6650409023,420,-2,-61,2,-2,-2,3,1,2,0,2,1,0,1,-6,6,0,3,0,3,0,-3,-10,-4,-1,5,2,0,-2,1,1,-1,-1,1,-1
KR_6686477480,420,-3,-35,4,-13,-7,7,0,2,1,3,-3,4,1,-2,2,0,-3,3,0,-1,-5,-161,0,-1,1,22,0,-3,-1,-1,-1,-1,3,-1
KR_6745920563,420,-4,14,-2,-7,-5,5,0,-3,5,2,3,1,4,-3,5,2,1,1,2,0,-6,-333,2,-3,1,0,0,-1,-1,0,-1,1,3,-1
KR_6756890459,420,0,-37,-22,0,0,2,2,-2,5,3,6,0,6,-3,3,0,-1,1,0,0,-1,-17,3,-6,3,0,0,2,-1,0,1,-1,4,-1
KR_6739513944,420,1,-38,-12,-4,-1,3,2,-1,7,6,0,3,3,-2,3,1,0,3,3,0,8,-7,0,-6,6,5,0,-2,-1,-1,-1,-1,5,-1
KR_6703738988,420,1,33,-18,2,4,0,4,4,0,4,-5,6,1,-1,4,3,0,1,1,0,-2,-19,2,-3,1,16,0,1,-1,1,1,1,3,-1
KR_6758723752,440,-4,-6,27,-4,-3,3,0,1,3,4,2,2,4,-3,3,0,-1,1,0,0,-3,-1,-1,-3,4,2,0,0,-1,-1,0,1,4,-1
KR_6761527800,420,-2,-55,19,-12,-7,7,0,-5,7,2,1,1,2,0,2,2,-1,1,0,0,-7,0,1,-4,3,-2,0,-2,-1,-1,-1,1,2,-1
KR_6668338886,420,1,15,0,2,6,0,6,-5,7,2,3,3,6,0,1,1,-2,2,0,0,-6,8,2,-7,5,-1,0,0,-1,1,0,1,3,-1
KR_6759565571,420,-4,-53,-40,-7,-1,1,0,0,0,0,-3,3,0,-2,3,1,-1,1,0,0,-7,-14,-3,-3,6,-2,0,0,-1,-1,-1,-1,3,-1
KR_6758961874,420,2,-6,28,2,0,4,4,4,2,6,-3,3,0,1,1,2,0,1,1,0,1,10,-4,-2,6,5,0,0,-1,-1,0,-1,1,-1
KR_6486038956,420,-4,19,16,-5,-3,3,0,-3,4,1,1,3,4,0,2,2,0,0,0,0,-8,2,1,-3,2,0,0,-1,1,-1,-1,-1,1,-1
KR_6702919364,420,-1,-46,-12,-2,0,1,1,0,4,4,-1,1,0,-2,3,1,1,0,1,0,1,7,-1,-4,5,-6,0,-1,-1,-1,-1,1,5,-1
KR_6757866270,420,0,27,-12,1,5,0,5,-1,1,0,1,1,2,-2,3,1,-2,2,0,0,0,-5,1,-4,3,0,0,0,-1,1,0,-1,5,-1
KR_6634853403,420,-4,13,-13,-11,-1,1,0,-2,2,0,-11,12,1,5,1,6,-2,2,0,0,-4,-6,-4,-2,6,3,0,-2,-1,-1,-1,-1,4,-1
KR_6710908484,420,-6,-117,-36,-8,-3,4,1,-5,5,0,-2,4,2,1,1,2,1,1,2,0,-2,0,-1,-3,4,0,0,-1,-1,-1,-1,1,5,-1
KR_6752574153,420,0,-13,12,-3,-6,6,0,4,2,6,0,1,1,1,1,2,-2,3,1,0,4,-2,3,-7,4,-5,0,-1,1,-1,-1,-1,1,-1
KR_6733680601,420,-1,-12,-20,-1,-2,3,1,5,1,6,2,1,3,-6,7,1,0,1,1,-1,-6,0,-1,-3,4,2,0,-1,0,-1,-1,-1,0,-1
KR_6738694424,420,-3,-2,2,-6,-2,3,1,2,3,5,-2,5,3,-1,4,3,-3,4,1,0,-11,-3,0,-3,3,-4,0,-2,-1,-1,-1,1,2,-1
KR_6747973662,440,-7,-93,-16,-11,-1,2,1,-7,7,0,0,3,3,-2,4,2,-1,2,1,0,-3,-31,-2,-4,6,3,0,-2,1,-1,-1,-1,2,-1
KR_6661006763,440,-5,-83,7,-9,-2,3,1,-2,5,3,-5,5,0,-1,3,2,1,4,5,0,-7,45,1,-3,2,1,0,-1,1,-1,-1,-1,5,-1
KR_6748986925,420,1,-28,20,-2,1,3,4,4,0,4,-2,4,2,-5,5,0,0,0,0,0,-8,-12,-6,0,6,-1,0,-1,-1,1,-1,1,6,-1
KR_6753652776,420,-2,-45,20,-4,0,1,1,0,2,2,-5,7,2,1,6,7,0,0,0,3,5,1,-1,-3,4,-2,0,0,-1,1,1,1,3,-1
KR_6752684377,420,1,-100,4,5,1,1,2,0,4,4,-1,2,1,2,1,3,3,0,3,0,10,-24,-1,-2,3,3,0,-1,-1,1,-1,1,5,-1
KR_6764055132,440,-7,-87,-26,-15,-1,1,0,-9,11,2,2,3,5,-3,5,2,-4,6,2,0,-18,38,1,-4,3,-4,0,-2,-1,1,-1,-1,3,-1
KR_6729858185,420,0,37,-4,-7,-3,4,1,-3,3,0,-4,5,1,2,2,4,1,0,1,0,0,20,-1,-5,6,-5,0,0,1,-1,0,1,3,-1
KR_6751775276,420,2,20,12,-2,-1,2,1,1,1,2,1,3,4,-2,4,2,-1,1,0,0,3,2,0,-3,3,0,0,0,1,1,0,-1,2,-1
KR_6758261032,420,0,-31,38,-4,-4,6,2,-3,4,1,0,1,1,3,2,5,0,0,0,0,-2,3,-1,-4,5,-1,0,-1,1,-1,-1,-1,1,-1
KR_6704752689,420,-1,-47,4,-3,-4,5,1,2,0,2,-4,6,2,-2,3,1,5,0,5,-1,3,-11,-4,-1,5,5,0,-1,0,-1,-1,-1,0,-1
KR_6635668160,420,-6,-99,-64,-16,-8,8,0,-6,7,1,0,2,2,-2,2,0,0,1,1,0,-6,-29,0,-3,3,0,-1,-4,-1,-1,-1,1,3,-1
KR_6701474885,420,-2,-21,8,0,6,0,6,0,2,2,-1,1,0,-3,5,2,-2,6,4,-1,-3,99,1,-2,1,1,0,1,1,1,1,-1,1,-1
KR_6743987369,420,-5,-64,-17,-14,-2,4,2,-1,4,3,-3,4,1,-6,8,2,-2,2,0,0,-17,3,2,-5,3,-2,0,-1,-1,0,-1,-1,3,-1
KR_6728353266,420,-1,-36,-3,-9,-5,5,0,3,1,4,-7,7,0,0,2,2,0,1,1,-1,-10,-10,-2,-4,6,1,0,-1,-1,1,-1,-1,1,-1
KR_6633557474,420,-5,-43,-65,-8,-6,6,0,-1,4,3,-5,5,0,1,1,2,3,1,4,-1,-4,-46,-4,0,4,28,0,-2,-1,1,-1,-1,4,-1
KR_6699408018,420,1,-49,4,-7,-1,2,1,1,3,4,-5,6,1,-2,2,0,0,2,2,0,-1,4,3,-5,2,-2,0,-2,-1,-1,-1,-1,1,-1
KR_6623251135,420,0,-40,23,1,2,3,5,5,0,5,-5,5,0,-2,2,0,1,0,1,0,-7,-23,-4,-1,5,2,0,0,-1,1,0,-1,2,-1
KR_6641327767,420,4,59,15,-2,2,2,4,-2,4,2,-7,8,1,1,5,6,4,0,4,-3,-5,-143,2,-5,3,-2,0,-1,-1,-1,-1,-1,4,-1
KR_6717905919,440,-4,-17,-40,-4,-6,7,1,-2,4,2,-3,4,1,6,0,6,1,0,1,0,8,8,-1,-2,3,-5,0,0,0,-1,-1,-1,0,-1
KR_6665763866,420,-2,-41,-4,0,-5,5,0,1,5,6,1,1,2,1,3,4,2,0,2,0,3,-3,2,-8,6,3,0,1,1,1,1,1,1,-1
KR_6672335595,420,-2,-41,18,-3,0,0,0,-4,4,0,1,2,3,0,4,4,0,0,0,0,-2,-8,1,-7,6,3,0,0,1,-1,0,1,4,-1
KR_6753088871,420,-1,44,43,-2,1,0,1,0,4,4,3,1,4,-3,5,2,-3,4,1,-2,-4,7,1,-4,3,-2,0,-2,1,-1,-1,-1,6,-1
KR_6741603492,420,0,13,-13,3,-1,2,1,-2,3,1,0,2,2,6,1,7,0,0,0,0,9,157,6,-9,3,0,0,-1,-1,-1,-1,1,4,-1
KR_6696817169,420,-8,-66,-64,-18,-1,1,0,-7,8,1,-1,3,2,-9,9,0,0,0,0,0,-14,-6,-8,0,8,0,0,-2,-1,-1,-1,-1,6,-1
KR_6659029249,420,-6,-54,-15,-17,-6,6,0,-4,6,2,-5,6,1,4,0,4,-6,6,0,-1,-9,-50,-1,-2,3,15,0,-2,-1,-1,-1,-1,1,-1
KR_6758648822,440,-3,-53,-2,-12,0,0,0,2,1,3,-4,4,0,-6,7,1,-4,4,0,0,-17,-11,-10,-1,11,-1,0,-2,-1,-1,-1,1,1,-1
KR_6367667838,420,-2,30,-6,-3,1,0,1,-1,1,0,-3,3,0,-1,3,2,1,0,1,0,1,0,0,0,0,-1,0,-1,1,-1,-1,-1,3,-1
KR_6760977357,420,-4,-131,-9,-5,-1,4,3,1,0,1,4,0,4,-9,10,1,0,1,1,-1,1,26,3,-4,1,-5,-1,-3,-1,1,-1,-1,2,-1
KR_6764327936,420,-5,71,-107,-4,-1,2,1,-3,3,0,-1,1,0,1,1,2,0,0,0,0,-3,52,1,-1,0,1,0,0,-1,-1,1,1,6,-1
KR_6746485746,440,-4,-65,0,-15,-1,2,1,1,0,1,0,3,3,-9,12,3,-6,6,0,-1,-18,-8,3,-6,3,-1,0,-2,0,0,-1,-1,0,-1
KR_6684731503,440,2,-26,11,9,0,1,1,6,2,8,2,0,2,1,3,4,0,2,2,0,10,-16,-2,-3,5,1,0,1,1,-1,1,1,4,-1
KR_6751350292,420,-6,-160,-29,-10,-8,8,0,-1,1,0,-1,2,1,-1,3,2,1,1,2,-1,1,4,2,-5,3,-4,0,-1,1,-1,-1,-1,3,-1
KR_6664163620,420,1,-31,-16,1,-2,3,1,1,1,2,-3,4,1,3,0,3,2,0,2,0,-2,6,4,-6,2,0,0,0,1,0,0,-1,3,-1
KR_6757477959,440,-4,2,-16,-7,-4,4,0,-2,5,3,0,2,2,-1,4,3,0,1,1,0,-5,-3,1,-2,1,4,0,1,-1,-1,1,-1,4,-1
KR_6747916897,440,-4,-11,-11,-4,-2,4,2,2,2,4,-3,4,1,-1,2,1,0,0,0,0,-7,6,1,-5,4,-1,0,0,-1,0,0,-1,5,-1
KR_6745002106,420,-4,-84,6,-10,-6,7,1,0,2,2,-3,4,1,0,3,3,-1,1,0,0,-12,48,4,-7,3,-21,0,-1,1,1,-1,-1,1,-1
KR_6709840015,420,-2,24,-2,-4,-2,3,1,-3,5,2,-6,6,0,4,1,5,3,1,4,-1,1,371,-2,-1,3,1,0,0,-1,-1,-1,-1,2,-1
KR_6750081960,440,1,-75,7,1,3,0,3,2,3,5,1,2,3,-6,8,2,1,1,2,0,4,-21,0,-3,3,-2,0,0,0,1,0,1,0,-1
KR_6740800317,420,-3,-62,-20,-11,1,2,3,-3,5,2,-4,6,2,-6,7,1,1,0,1,-1,-14,-20,1,-5,4,-1,0,-1,0,-1,-1,-1,0,-1
KR_6760637715,440,-5,-26,0,-14,2,3,5,-2,2,0,0,2,2,-14,16,2,0,2,2,0,-12,9,-2,-1,3,-5,0,-3,-1,-1,-1,-1,1,-1
KR_6728018240,440,-4,-88,-8,-4,1,6,7,2,2,4,-2,4,2,-4,8,4,-1,3,2,0,0,-22,-2,-4,6,-1,0,-1,0,0,-1,1,0,-1
KR_6740792439,420,-4,-56,-21,-12,-1,1,0,-2,3,1,-7,7,0,0,1,1,-2,2,0,0,-6,-2,8,-8,0,-3,0,-2,0,1,-1,-1,0,-1
KR_6656615651,420,0,-20,8,-2,3,1,4,7,0,7,-9,10,1,-2,2,0,-1,1,0,0,-1,-7,2,-3,1,0,0,0,-1,1,0,1,6,-1
KR_6573677453,440,-4,-84,-28,-13,-3,3,0,-4,6,2,-1,3,2,-3,4,1,-2,4,2,-1,-5,-4,-1,-3,4,1,0,-1,-1,1,1,-1,3,-1
KR_6676297975,420,2,-22,-24,1,1,2,3,0,1,1,0,0,0,1,0,1,-1,2,1,1,3,-2,-1,-4,5,-4,0,0,1,-1,0,1,5,-1
KR_6681362336,420,-6,-34,-16,-12,-8,8,0,0,2,2,-3,4,1,-2,3,1,1,0,1,0,-8,-2,-3,-2,5,0,0,-2,-1,-1,-1,1,6,-1
KR_6730393811,440,-4,-36,-36,-16,2,0,2,-7,7,0,-1,1,0,-11,11,0,1,1,2,-2,-17,-16,-1,-3,4,-2,0,0,-1,1,0,-1,2,-1
KR_6751957747,420,-3,-71,-20,-6,2,1,3,1,1,2,-2,4,2,-5,7,2,-2,2,0,0,-11,377,5,-7,2,-23,0,-1,-1,1,-1,-1,2,-1
KR_6762375407,420,-2,-28,-7,-8,-1,1,0,2,0,2,1,1,2,-10,11,1,0,1,1,0,-10,-1,2,-4,2,-5,0,0,-1,0,0,-1,1,-1
KR_6617970659,420,-3,-25,-4,-3,-1,2,1,-4,5,1,-1,2,1,1,2,3,2,0,2,0,-2,-6,2,-6,4,0,0,-1,-1,-1,-1,1,5,-1
KR_6744067445,420,1,25,-36,-2,0,2,2,1,1,2,-2,2,0,-2,4,2,1,0,1,0,-4,-10,0,-3,3,3,0,1,0,0,1,-1,0,-1
KR_6763376351,420,0,15,-9,-3,-3,5,2,1,2,3,4,2,6,-4,4,0,-1,2,1,1,3,7,4,-7,3,-2,0,-1,-1,-1,-1,1,1,-1
KR_6734252318,420,-6,-75,-36,-1,-1,1,0,0,2,2,-6,7,1,6,0,6,0,0,0,0,4,-106,6,-8,2,0,0,0,1,0,0,1,2,-1
KR_6664093931,420,3,25,48,3,-2,4,2,5,2,7,3,0,3,-3,5,2,0,3,3,0,3,41,-2,-3,5,-12,0,-1,-1,-1,-1,-1,4,-1
KR_6673388227,420,-3,-47,-4,-3,-4,5,1,1,4,5,-1,3,2,1,2,3,0,2,2,0,5,-541,-3,-1,4,1,0,-1,1,-1,-1,-1,1,-1
KR_6654273373,420,0,-45,-24,0,-5,7,2,2,7,9,-1,2,1,4,1,5,0,2,2,-2,11,298,10,-11,1,0,-1,-3,1,1,-1,-1,6,-1
KR_6710381729,420,1,-72,-7,2,-2,2,0,0,3,3,-1,2,1,3,1,4,2,2,4,0,5,3,-1,-3,4,2,0,0,-1,1,0,1,2,-1
KR_6754289695,420,-4,-24,-19,-13,-1,2,1,-2,4,2,-4,4,0,-5,8,3,-1,1,0,0,-7,-7,-6,-2,8,-6,0,-1,-1,-1,-1,-1,1,-1
KR_6721197376,440,-2,-48,1,-6,-8,8,0,-3,4,1,6,1,7,2,1,3,-3,3,0,-3,-4,-6,-4,-1,5,-4,0,-1,-1,-1,-1,-1,6,-1
KR_6393749549,420,-1,-100,12,5,1,1,2,-3,6,3,-1,1,0,6,1,7,2,0,2,0,9,3,1,-4,3,1,0,-2,1,-1,-1,1,6,-1
KR_6757424199,440,-2,-57,-10,-8,1,1,2,-4,6,2,-2,6,4,0,1,1,-3,3,0,0,-7,-39,-2,-1,3,2,0,0,1,1,0,-1,5,-1
KR_6702917508,420,1,-10,7,-2,1,1,2,-1,3,2,5,0,5,-4,6,2,-3,4,1,0,-6,4,-2,-2,4,1,0,1,-1,1,-1,1,1,-1
KR_6735390136,420,0,31,-4,0,-1,1,0,-1,4,3,-2,3,1,4,0,4,0,1,1,0,3,-4,3,-6,3,8,0,0,-1,-1,0,1,3,-1
KR_6628593520,420,1,48,4,0,3,0,3,3,1,4,-3,4,1,-3,4,1,0,0,0,-1,0,11,-3,-2,5,0,0,0,1,1,0,-1,6,-1
KR_6642486541,420,0,4,-39,4,-2,6,4,7,1,8,-3,4,1,3,1,4,-1,1,0,0,17,-4,1,-4,3,1,0,0,-1,0,-1,-1,4,-1
KR_6650900460,440,0,9,-36,-1,-3,4,1,-4,4,0,4,1,5,2,2,4,0,2,2,0,2,46,1,-5,4,-26,0,-1,-1,-1,-1,-1,2,-1
KR_6759613626,420,-3,-77,-16,-2,-2,4,2,-1,1,0,0,5,5,1,4,5,0,0,0,0,-2,279,3,-4,1,-2,0,-1,-1,-1,-1,-1,1,-1
KR_6643123815,420,1,16,-8,3,4,0,4,-5,5,0,-1,3,2,3,1,4,2,1,3,0,0,1,0,-2,2,2,0,-1,-1,-1,-1,-1,5,-1
KR_6673672335,440,2,82,-28,3,3,1,4,3,2,5,3,2,5,-8,11,3,2,0,2,0,2,246,-5,-2,7,0,0,0,-1,1,0,1,6,-1
KR_6718298654,440,0,1,56,-16,2,0,2,0,1,1,-6,8,2,-4,4,0,-8,8,0,-1,-22,-10,1,-5,4,4,0,-2,0,0,-1,-1,0,-1
KR_6703144529,420,-1,-25,-31,3,-2,2,0,2,3,5,-2,4,2,6,1,7,-1,1,0,1,14,151,-4,-4,8,-1,0,0,1,-1,0,1,4,-1
KR_6697726859,420,-3,-53,-11,-9,-2,2,0,-4,6,2,-2,2,0,0,2,2,-1,2,1,0,-11,3,2,-4,2,4,0,-1,1,1,-1,-1,6,-1
KR_6755488875,420,-7,13,-76,-6,0,1,1,-6,6,0,-2,2,0,1,2,3,1,1,2,0,-3,5,1,-4,3,1,0,0,-1,-1,1,1,1,-1
KR_6690514240,440,1,16,10,3,-2,4,2,0,5,5,1,2,3,3,3,6,1,0,1,0,-5,5,-5,-3,8,-3,0,0,1,1,0,-1,6,-1
KR_6684643511,420,-1,-32,6,-2,-1,3,2,-3,3,0,5,0,5,1,1,2,-4,4,0,0,-8,12,-1,-7,8,0,0,0,-1,-1,-1,1,6,-1
KR_6212709070,420,2,74,18,7,1,1,2,-2,5,3,1,3,4,4,0,4,3,3,6,1,4,-108,1,-8,7,4,0,1,-1,-1,1,1,2,-1
KR_6741179878,420,-2,-99,12,-4,2,2,4,1,3,4,-4,4,0,-3,3,0,0,1,1,0,-4,-344,2,-4,2,-2,0,0,-1,0,0,1,4,-1
KR_6731626371,420,2,42,20,5,-2,3,1,3,5,8,2,3,5,1,1,2,1,0,1,0,1,6,-4,0,4,1,0,-1,1,0,-1,-1,4,-1
KR_6622485037,420,-3,-2,-5,-8,-1,3,2,0,1,1,-3,4,1,-3,5,2,-1,1,0,-1,-9,13,1,-4,3,-1,0,1,-1,1,1,-1,1,-1
KR_6724248511,440,-2,-92,-30,-4,0,2,2,0,1,1,0,1,1,-1,3,2,-3,3,0,-1,-4,15,3,-4,1,-2,0,0,1,0,0,-1,6,-1
KR_6739874684,420,-8,-101,-24,-10,1,0,1,-3,5,2,-2,3,1,-5,5,0,-1,1,0,1,-7,-351,-1,-3,4,-31,0,-1,-1,-1,-1,1,1,-1
KR_6756916646,420,-1,20,-28,-1,3,0,3,-4,5,1,-2,4,2,0,5,5,2,1,3,0,4,-6,0,-3,3,-1,0,-1,-1,-1,-1,1,2,-1
KR_6747507258,420,-6,-139,-23,-11,-2,2,0,-2,4,2,-2,3,1,-5,5,0,0,1,1,0,-8,-8,-1,-3,4,-3,0,-1,1,0,-1,-1,4,-1
KR_6742416663,420,-2,-62,15,-3,1,1,2,-1,2,1,2,0,2,-4,4,0,-1,1,0,0,-1,258,0,-3,3,-1,0,-2,1,-1,-1,1,3,-1
KR_6747288802,420,-1,-13,10,-9,-1,1,0,-5,5,0,-2,4,2,0,3,3,-1,3,2,-1,-13,-12,-7,0,7,2,0,0,1,-1,0,-1,6,-1
KR_6696326823,440,0,-35,19,-12,-3,5,2,-1,2,1,2,1,3,-7,10,3,-3,3,0,-1,-14,-20,-3,-2,5,1,0,-1,-1,-1,-1,-1,2,-1
KR_6754584620,420,4,70,12,4,3,1,4,3,1,4,-1,1,0,-1,4,3,0,1,1,1,3,23,0,-5,5,-1,0,1,1,-1,1,1,3,-1
KR_6755159356,420,-8,-84,-22,-19,-4,4,0,-2,4,2,-9,9,0,-4,5,1,0,3,3,0,-13,3,0,-3,3,-3,0,-1,-1,1,-1,-1,2,-1
KR_6742866224,420,1,34,4,-2,-3,5,2,-3,3,0,1,1,2,2,1,3,1,2,3,0,-9,1,-1,-2,3,2,0,-1,1,-1,-1,1,6,-1
KR_6711788381,420,1,-51,-6,-1,-4,5,1,-1,3,2,-4,5,1,4,2,6,4,2,6,0,8,-10,-2,-2,4,-1,0,0,-1,-1,-1,1,1,-1
KR_6681913016,420,-1,27,-6,-7,-2,2,0,0,2,2,-6,7,1,-1,5,4,2,0,2,-2,-4,-56,-1,-4,5,0,0,-1,1,-1,1,-1,2,-1
KR_6757571151,440,-1,3,0,-10,-5,6,1,-3,3,0,-5,6,1,1,1,2,2,1,3,0,-11,1,-2,-3,5,-2,0,0,-1,0,0,-1,1,-1
KR_6725548612,420,-2,-98,-7,-6,-2,3,1,0,1,1,4,3,7,-7,7,0,-1,1,0,0,-17,-10,1,-4,3,-3,0,0,-1,1,-1,-1,2,-1
KR_6744144064,420,2,-14,-19,1,3,0,3,-1,3,2,-1,4,3,-2,2,0,2,1,3,0,2,8,0,-1,1,3,0,0,-1,-1,0,-1,5,-1
KR_6751558619,420,0,-8,18,-4,0,1,1,-1,1,0,-3,3,0,-1,2,1,1,0,1,0,-1,-33,-3,-1,4,29,0,-1,0,-1,-1,1,0,-1
KR_6738355874,440,-4,-11,-48,-6,1,0,1,-7,8,1,0,1,1,1,4,5,-1,4,3,0,-12,-8,0,-2,2,0,0,-2,1,-1,-1,-1,1,-1
KR_6762657366,420,0,-37,-2,-3,-1,1,0,0,1,1,1,1,2,-3,4,1,0,1,1,0,-2,-1,1,-4,3,2,0,0,-1,-1,0,-1,6,-1
KR_6697701615,420,-7,-77,-13,-13,-4,4,0,-3,3,0,-6,6,0,0,0,0,0,1,1,0,-8,6,2,-4,2,-5,0,0,1,-1,0,-1,2,-1
KR_6753278922,420,3,22,-11,4,2,2,4,2,2,4,0,2,2,0,3,3,0,1,1,0,-1,-12,1,-4,3,1,0,0,-1,1,1,-1,6,-1
KR_6752425956,420,-1,-42,0,-1,0,3,3,-4,5,1,2,0,2,0,1,1,1,0,1,0,-4,219,0,-4,4,-2,0,0,1,-1,0,-1,2,-1
KR_6735412689,440,-2,-41,16,-1,-8,10,2,0,1,1,7,0,7,-1,4,3,1,1,2,0,7,171,2,-5,3,2,0,-1,1,-1,-1,-1,3,-1
KR_6649772741,420,-4,-38,-16,-6,-1,2,1,-3,5,2,-2,4,2,-1,2,1,1,1,2,0,-5,3,0,-2,2,-4,0,-1,0,1,-1,1,0,-1
KR_6760667529,420,3,-52,16,4,-1,2,1,0,5,5,8,2,10,-2,5,3,-1,1,0,0,-5,2,-3,0,3,0,0,1,0,0,1,1,0,-1
KR_6646869840,420,-2,-14,23,-10,0,2,2,-6,10,4,-7,7,0,3,1,4,0,0,0,0,-4,4,-5,0,5,0,0,0,1,-1,0,-1,3,-1
KR_6746808291,420,0,-13,12,-1,-1,1,0,0,2,2,2,0,2,-1,2,1,-1,2,1,0,0,23,0,-3,3,0,0,0,0,0,0,-1,0,-1
KR_6730143156,420,0,-14,-4,0,-3,3,0,1,2,3,1,5,6,0,1,1,1,0,1,0,0,7,-5,-2,7,-3,0,-1,1,1,-1,-1,2,-1
KR_6628191110,420,-3,-50,-12,-8,-1,2,1,0,4,4,-3,3,0,-4,7,3,0,1,1,0,-3,19,-2,-5,7,-1,0,-2,-1,-1,-1,1,6,-1
KR_6732232167,420,-1,-27,2,-10,6,0,6,1,1,2,-5,5,0,-8,10,2,-4,4,0,2,-12,-3,-5,-4,9,-1,0,0,-1,1,1,1,1,-1
KR_6763266554,420,-2,-75,-17,-1,1,2,3,1,1,2,-3,3,0,0,6,6,0,1,1,0,-5,-28,1,-4,3,-1,0,-1,-1,1,-1,1,1,-1
KR_6743950242,420,-4,-52,-16,-9,-1,3,2,0,2,2,-5,5,0,-1,1,0,-2,3,1,0,-3,-4,-2,0,2,-2,0,-2,-1,-1,-1,-1,3,-1
KR_6764211155,420,0,32,-46,-5,4,0,4,-7,7,0,2,2,4,-5,5,0,1,1,2,0,-8,32,-7,0,7,1,0,1,1,-1,1,-1,6,-1
KR_6659275752,440,-1,-7,-1,-4,-2,4,2,-3,5,2,0,1,1,3,0,3,-2,2,0,-1,-3,2,-1,-1,2,-2,0,0,0,0,0,-1,0,-1
KR_6761569761,420,0,56,8,4,-4,5,1,-1,3,2,6,1,7,2,1,3,1,0,1,0,1,45,3,-5,2,-16,0,0,1,-1,0,1,5,-1
KR_6747733770,420,1,-102,27,-1,3,3,6,-3,5,2,-3,4,1,-2,3,1,4,0,4,0,6,-5,-6,0,6,4,0,0,0,-1,-1,-1,0,-1
KR_6735873148,420,0,69,9,-5,-3,3,0,-2,6,4,1,2,3,-4,5,1,3,2,5,0,-5,9,0,-5,5,-1,0,1,1,-1,1,-1,1,-1
KR_6764549659,420,-3,-49,-8,-3,0,1,1,-2,3,1,0,0,0,1,1,2,-2,2,0,0,-5,-2,2,-3,1,-1,0,-1,-1,0,-1,-1,2,-1
KR_6679179185,420,-5,-56,7,-13,-5,5,0,-4,6,2,0,1,1,-5,7,2,1,1,2,0,-13,24,-2,-1,3,1,0,0,-1,0,-1,-1,2,-1
KR_6732230469,420,-2,-40,-35,-3,-3,3,0,1,1,2,3,1,4,-3,3,0,-1,1,0,0,1,-27,-2,-2,4,-2,0,0,-1,-1,-1,-1,2,-1
KR_6725447732,440,1,-39,23,4,-6,7,1,8,1,9,-1,2,1,3,3,6,0,3,3,0,6,5,6,-8,2,-1,0,-1,0,1,1,1,0,-1
KR_6701396747,420,-3,-65,20,-7,-2,2,0,0,3,3,1,2,3,-6,6,0,0,1,1,0,-12,-44,1,-4,3,28,0,-2,-1,1,-1,1,4,-1
KR_6760159141,420,-3,-1,8,-14,-5,6,1,-7,7,0,1,2,3,0,2,2,-3,3,0,-1,-10,-9,-6,0,6,2,0,-1,1,-1,-1,-1,1,-1
KR_6680958290,420,-6,-31,4,-13,-5,6,1,0,2,2,-2,3,1,-4,8,4,-2,3,1,0,-11,3,4,-9,5,-1,0,-2,-1,-1,-1,-1,4,-1
KR_6717944329,420,-2,9,-39,3,-1,3,2,0,3,3,0,5,5,3,1,4,1,1,2,2,6,7,4,-5,1,0,0,1,1,1,1,1,5,-1
KR_6762663593,420,0,-17,-5,2,2,2,4,3,1,4,1,2,3,-3,5,2,-1,1,0,0,-1,-10,-5,0,5,-2,0,-1,-1,1,-1,-1,4,-1
KR_6667910224,420,0,-36,4,-1,-3,4,1,0,3,3,-2,3,1,1,4,5,3,1,4,0,3,-6,1,-6,5,4,0,-1,0,1,-1,-1,0,-1
KR_6758108886,420,-5,-51,-28,-12,-4,4,0,-3,4,1,-5,5,0,-1,5,4,1,1,2,0,-8,-9,-4,-1,5,2,0,-2,-1,-1,-1,-1,3,-1
KR_6734819145,420,3,-6,-16,4,0,2,2,-1,2,1,0,3,3,3,4,7,2,0,2,0,4,7,-2,-4,6,1,0,2,1,-1,1,1,5,-1
KR_6276779419,420,-10,-148,-16,-20,-6,6,0,-5,5,0,-6,9,3,-4,4,0,1,0,1,0,-17,1,1,-2,1,-2,0,-3,-1,-1,-1,1,4,-1
KR_6763190223,420,-6,-33,20,-15,0,1,1,1,2,3,-4,4,0,-8,9,1,-4,4,0,-1,-11,2,-1,-2,3,-1,0,-1,-1,1,-1,-1,3,-1
KR_6739675564,420,1,46,25,4,2,4,6,0,5,5,1,1,2,1,5,6,0,1,1,1,5,-6,3,-4,1,4,0,0,1,-1,0,1,1,-1
KR_6758272771,420,-3,9,-3,-7,-2,2,0,-3,4,1,-1,2,1,-3,3,0,2,0,2,-1,-10,-8,1,-5,4,1,0,0,-1,1,1,-1,1,-1
KR_6714257363,420,-2,-26,-24,0,-4,5,1,0,0,0,-4,6,2,3,5,8,5,1,6,0,14,2,-1,-3,4,-1,0,-2,1,-1,-1,-1,3,-1
KR_6703686567,420,-6,-112,-12,-11,-2,3,1,-2,2,0,-3,4,1,-4,5,1,0,0,0,-1,-7,59,-1,-3,4,-8,0,-2,1,-1,-1,-1,5,-1
KR_6751772221,420,1,-2,12,-1,-1,3,2,-6,10,4,0,2,2,5,1,6,1,0,1,0,-2,-317,2,-3,1,0,0,1,-1,1,1,1,6,-1
KR_6756994921,420,0,-34,-10,-12,-6,6,0,2,2,4,4,1,5,-9,11,2,-3,5,2,-2,-11,6,0,-7,7,-1,0,0,-1,-1,0,-1,2,-1
KR_6764519107,420,-1,-106,0,3,-2,2,0,0,2,2,4,0,4,1,2,3,0,0,0,0,7,-31,-4,-5,9,6,0,-1,1,0,-1,-1,4,-1
KR_6728294173,420,-1,-65,-8,-5,-3,5,2,-2,2,0,-2,7,5,1,1,2,1,3,4,0,-3,-1,-1,-4,5,-4,0,-1,1,0,-1,1,4,-1
KR_6744406705,420,-4,-38,-9,-12,-3,3,0,1,1,2,-7,8,1,-1,1,0,-2,2,0,0,-8,109,2,-5,3,-5,0,-2,1,1,-1,-1,1,-1
KR_6715192476,420,1,63,16,4,-2,2,0,0,3,3,2,1,3,5,0,5,-1,1,0,0,6,-287,0,-3,3,0,0,0,-1,1,1,-1,4,-1
KR_6734994689,420,-1,28,-10,-2,1,2,3,-4,4,0,3,1,4,-2,3,1,0,2,2,0,-15,11,4,-7,3,4,0,0,1,1,0,1,4,-1
KR_6717819109,420,-5,-119,-31,-12,-4,4,0,-5,9,4,0,1,1,-3,5,2,0,1,1,-1,-6,7,3,-3,0,-4,0,-3,-1,-1,-1,1,5,-1
KR_6723179898,440,4,-11,17,5,0,0,0,5,2,7,0,0,0,-1,5,4,1,3,4,1,0,5,2,-5,3,-2,0,1,0,1,1,1,0,-1
KR_6690588181,440,-2,-20,16,-3,-4,7,3,-1,3,2,3,0,3,-1,3,2,0,1,1,-2,-16,-12,1,-4,3,3,0,0,-1,1,-1,-1,6,-1
KR_6763829685,420,-1,-26,4,8,5,0,5,4,1,5,-3,4,1,2,3,5,0,2,2,-1,6,-19,3,-8,5,0,0,0,1,1,0,-1,3,-1
KR_6750487218,420,0,-9,-23,-8,-2,2,0,-5,8,3,0,3,3,0,3,3,-1,1,0,0,-2,132,-1,-5,6,3,0,0,1,-1,0,-1,2,-1
KR_6731692743,420,-6,-55,-16,-16,-4,5,1,0,1,1,-5,6,1,-4,5,1,-3,3,0,0,-15,-10,-3,-2,5,-2,0,0,-1,1,-1,-1,4,-1
KR_6692577320,420,1,-6,-7,2,0,1,1,-1,3,2,1,0,1,3,4,7,-1,1,0,0,3,4,-2,-4,6,0,0,0,1,1,0,1,5,-1
KR_6727526616,420,-3,25,-37,-5,-1,1,0,0,1,1,-2,7,5,0,4,4,-2,2,0,0,3,-4,4,-6,2,1,0,0,1,-1,0,1,1,-1
KR_6306567671,420,1,13,-6,-7,0,2,2,-1,3,2,-3,3,0,-4,4,0,1,0,1,0,-10,3,4,-6,2,-6,0,0,-1,1,1,-1,6,-1
KR_6483105618,420,2,61,-34,5,-1,1,0,3,3,6,1,0,1,1,0,1,1,0,1,0,5,95,3,-8,5,2,0,0,1,-1,0,1,1,-1
KR_6711134358,420,3,-21,-4,3,-1,2,1,1,2,3,5,0,5,0,2,2,-2,2,0,0,5,-2,-2,-4,6,-1,0,0,-1,-1,0,1,5,-1
KR_6676128879,420,-2,3,19,-3,2,3,5,-10,10,0,5,1,6,-2,3,1,2,0,2,0,-14,59,2,-5,3,19,0,1,-1,1,1,1,5,-1
KR_6739285390,420,1,24,7,5,6,1,7,1,1,2,0,1,1,0,4,4,-2,2,0,-1,-8,-9,-1,-3,4,1,0,3,0,0,1,-1,0,-1
KR_6701094896,420,-5,-111,-17,-13,-4,6,2,-2,4,2,-3,3,0,-6,7,1,2,1,3,-1,-10,-9,0,-4,4,4,0,0,1,-1,-1,-1,4,-1
KR_6729316896,420,2,2,28,-1,-1,2,1,1,3,4,3,0,3,-4,4,0,0,1,1,-1,-8,2,-1,-4,5,-2,0,0,0,1,-1,-1,0,-1
KR_6760050706,440,-4,-140,-28,-3,-1,1,0,2,2,4,-4,6,2,0,3,3,0,0,0,0,-1,-1,3,-6,3,-2,0,-1,1,-1,-1,1,3,-1
KR_6758138277,420,-1,18,-43,-5,2,1,3,-4,7,3,-2,2,0,-2,7,5,1,1,2,-2,-3,-23,-1,-2,3,-2,0,-1,-1,-1,-1,-1,3,-1
KR_6757261699,420,-3,-115,24,-4,-4,4,0,3,1,4,5,2,7,-6,7,1,-2,3,1,0,-4,-28,-2,-1,3,-2,-1,-5,1,-1,-1,-1,2,-1
KR_6687328719,440,-3,-12,-36,-4,3,1,4,-1,5,4,5,1,6,-11,12,1,0,1,1,-2,-9,-6,-2,-3,5,0,0,-1,-1,-1,-1,-1,5,-1
KR_6748013765,440,0,0,-24,-6,5,3,8,-1,2,1,-6,6,0,-3,4,1,-1,2,1,-1,-2,-4,-1,-5,6,2,0,-2,-1,-1,-1,-1,1,-1
KR_6631414661,420,-4,-21,-28,-6,-7,7,0,1,3,4,-5,6,1,-1,2,1,6,0,6,0,0,105,-4,-4,8,4,0,0,0,-1,-1,1,0,-1
KR_6724016987,420,-1,-51,-28,-5,-1,3,2,0,1,1,1,5,6,-5,6,1,0,1,1,0,-6,-9,-5,-3,8,-4,0,-1,-1,1,-1,-1,1,-1
KR_6745142048,420,-5,-52,-11,-16,-5,5,0,-6,8,2,-2,5,3,-3,4,1,0,1,1,-3,-22,5,1,-6,5,0,0,-1,-1,-1,-1,-1,3,-1
KR_6043544059,420,-4,-34,-35,-6,-1,1,0,0,5,5,-9,10,1,2,0,2,2,1,3,-3,-13,-19,-2,-6,8,0,0,0,-1,-1,0,-1,4,-1
KR_6757583367,440,-5,-8,-7,-10,-3,3,0,-1,1,0,-3,5,2,-1,2,1,-2,2,0,0,-5,10,-2,-2,4,0,0,-2,-1,1,-1,-1,5,-1
KR_6729570445,420,-9,-141,-27,-15,-4,5,1,0,2,2,-9,12,3,-2,3,1,0,0,0,0,-2,-1,2,-5,3,-3,0,-5,-1,-1,-1,-1,3,-1
KR_6757514199,440,-9,-114,-21,-13,-1,2,1,1,3,4,-1,4,3,-12,12,0,0,3,3,0,-14,1,-1,-2,3,1,0,-3,-1,-1,-1,-1,2,-1
KR_6603066157,420,-1,-8,3,1,-2,4,2,-2,3,1,6,1,7,-1,4,3,0,1,1,0,-1,2,-1,-2,3,0,0,0,1,0,0,1,5,-1
KR_6751645185,420,3,17,4,2,0,3,3,2,0,2,4,2,6,-3,6,3,-1,1,0,0,4,8,5,-8,3,-2,0,-2,1,-1,-1,-1,2,-1
KR_6710468589,420,-3,-4,-33,-5,0,1,1,-1,2,1,-2,2,0,-1,3,2,-1,1,0,0,2,33,6,-9,3,-37,0,-1,0,-1,-1,1,0,-1
KR_6759095464,420,-4,-71,-19,-9,-1,2,1,-5,5,0,-4,6,2,1,0,1,0,0,0,-1,-7,18,0,-4,4,-1,0,0,-1,-1,0,-1,3,-1
KR_6723327983,420,-3,5,10,-5,2,2,4,-9,9,0,-5,5,0,5,0,5,2,0,2,0,-7,57,1,-3,2,-15,0,0,1,-1,-1,1,4,-1
KR_6746434771,420,-1,27,8,0,3,0,3,-5,5,0,-3,3,0,3,3,6,2,1,3,2,-3,-1,1,-2,1,2,0,1,1,-1,1,-1,3,-1
KR_6729560455,420,-5,-76,-28,-12,-3,4,1,-5,6,1,0,2,2,-5,5,0,1,0,1,0,-13,-3,-1,-3,4,4,0,-1,0,0,-1,-1,0,-1
KR_6730540734,420,0,9,-4,0,-3,4,1,0,2,2,0,5,5,2,2,4,1,2,3,0,0,6,-6,-3,9,0,0,-1,1,-1,-1,1,1,-1
KR_6761573735,440,-2,78,-12,-5,-4,4,0,1,1,2,-1,4,3,-5,5,0,4,1,5,0,-9,0,0,-6,6,-1,0,0,1,-1,-1,1,6,-1
KR_6747405094,420,0,45,-15,-1,0,3,3,-4,5,1,3,1,4,1,1,2,-1,2,1,-1,-8,47,-1,-1,2,-18,0,-1,-1,1,-1,-1,1,-1
KR_6748644565,420,1,-38,4,11,1,1,2,3,1,4,-3,3,0,8,1,9,2,3,5,0,11,0,1,-2,1,2,0,1,1,-1,1,1,3,-1
KR_6738661574,420,-6,-37,-1,-12,-3,5,2,-4,4,0,0,3,3,-4,4,0,-1,2,1,0,-16,48,-2,-3,5,-14,0,-1,-1,-1,-1,-1,5,-1
KR_6674236712,420,-1,0,-25,2,2,2,4,-3,3,0,0,2,2,1,1,2,2,0,2,0,2,-2,-2,-3,5,0,0,-2,1,-1,-1,-1,2,-1
KR_6758416522,420,0,-28,-17,1,0,1,1,1,1,2,4,0,4,-4,5,1,0,1,1,0,2,-8,-1,-3,4,0,0,0,-1,-1,0,1,3,-1
KR_6660960995,420,-2,10,24,-7,2,0,2,-4,4,0,-6,6,0,0,2,2,1,0,1,0,-10,-11,1,-4,3,-3,0,-2,1,-1,-1,-1,4,-1
KR_6732301738,440,-3,-29,3,-11,0,2,2,-1,2,1,-9,9,0,-1,5,4,0,0,0,0,-11,-16,-1,-3,4,0,0,0,1,1,0,-1,3,-1
KR_6643071215,420,-2,-8,-8,3,-2,3,1,1,3,4,2,3,5,-2,2,0,4,0,4,1,8,6,-1,-1,2,1,0,0,-1,0,0,1,5,-1
KR_6697656828,440,0,21,-24,4,0,4,4,2,3,5,2,0,2,0,3,3,0,1,1,0,3,4,1,-3,2,5,0,1,1,-1,1,1,2,-1
KR_6762360560,420,-7,-75,-3,-16,-4,5,1,-1,3,2,-5,6,1,-6,6,0,0,2,2,0,-14,-7,-2,-3,5,2,0,1,-1,-1,-1,-1,3,-1
KR_6662723623,420,-1,47,-8,-6,0,2,2,-2,4,2,-5,5,0,0,2,2,1,1,2,1,-12,7,3,-6,3,-8,0,1,-1,1,1,-1,6,-1
KR_6757695624,420,0,-48,-16,-4,-4,4,0,-1,5,4,-1,5,4,2,1,3,0,2,2,-2,-1,6,-2,0,2,4,0,0,-1,1,0,-1,5,-1
KR_6733494418,420,4,29,34,6,4,1,5,1,1,2,-2,4,2,2,1,3,1,0,1,0,3,9,-3,-2,5,1,0,0,1,1,0,-1,3,-1
KR_6759373413,420,0,-29,-11,0,0,2,2,-1,5,4,1,1,2,-2,4,2,2,1,3,-1,0,21,0,-4,4,-1,0,-1,1,-1,-1,-1,3,-1
KR_6763048295,420,-5,19,-28,-16,-1,3,2,-5,6,1,-4,5,1,-3,5,2,-3,3,0,0,-15,-12,-5,-2,7,1,0,-1,1,-1,-1,-1,2,-1
KR_6649444585,440,3,42,-20,7,4,0,4,0,4,4,-3,3,0,6,1,7,0,1,1,1,9,21,0,-2,2,1,0,0,-1,1,1,1,2,-1
KR_6661731485,420,-5,11,-8,-10,-2,3,1,-2,3,1,1,1,2,-2,5,3,-5,5,0,0,-9,-3,1,-3,2,-2,0,0,0,1,-1,-1,0,-1
KR_6706307785,420,1,28,-9,-6,1,1,2,2,1,3,0,4,4,-7,8,1,-2,5,3,-2,-11,-3,3,-4,1,-2,0,0,-1,-1,-1,-1,3,-1
KR_6743046397,420,-2,17,20,-2,-1,1,0,-2,3,1,3,1,4,-3,3,0,1,0,1,0,-3,0,-1,-2,3,2,0,0,0,-1,0,-1,0,-1
KR_6697674109,440,1,-50,28,-2,1,0,1,-1,1,0,-1,1,0,0,0,0,-1,2,1,0,-2,-3,-5,-1,6,0,0,0,-1,1,-1,-1,5,-1
KR_6725845148,420,1,-3,-18,3,-1,2,1,2,1,3,4,2,6,-2,2,0,0,0,0,0,4,-1,2,-5,3,-2,0,0,1,1,0,1,5,-1
KR_6725277716,420,0,42,-20,-2,-2,2,0,0,3,3,3,0,3,-2,3,1,-1,2,1,0,-2,31,0,-4,4,-31,0,-1,-1,-1,-1,1,3,-1
KR_6758670392,440,-1,-50,-6,-4,3,3,6,-5,6,1,0,4,4,1,2,3,-3,3,0,1,-2,-13,0,-2,2,-4,0,0,-1,-1,-1,1,6,-1
KR_5882710514,440,-4,-71,-32,2,-3,4,1,2,0,2,3,3,6,1,1,2,-1,1,0,0,6,1,2,-6,4,4,0,-1,-1,-1,-1,1,1,-1
KR_6759207138,440,-4,27,-6,-8,-2,2,0,-1,2,1,-1,3,2,-3,4,1,-1,1,0,0,-12,-5,-1,-1,2,-1,0,0,0,0,0,-1,0,-1
KR_6752314274,420,-4,-38,-20,-9,-2,3,1,2,1,3,-9,9,0,0,4,4,0,3,3,1,5,1,3,-7,4,-4,0,-1,1,-1,-1,1,6,-1
KR_6764433307,420,0,-39,12,4,0,2,2,4,0,4,0,3,3,0,2,2,0,0,0,0,4,-347,-1,-4,5,1,0,-2,-1,-1,-1,1,6,-1
KR_6696139217,420,-3,-117,-20,-8,2,3,5,-2,6,4,2,0,2,-10,11,1,0,1,1,-2,-1,-7,-6,-5,11,1,0,-3,-1,1,-1,1,5,-1
KR_6647979420,420,-2,-2,-16,-5,-4,4,0,-2,3,1,-1,2,1,1,1,2,1,1,2,0,-8,-15,-2,-6,8,3,0,0,0,-1,0,-1,0,-1
KR_6746615402,420,-1,2,-18,-4,1,0,1,-6,6,0,-3,5,2,2,1,3,2,0,2,0,-1,2,0,-3,3,-1,0,-1,1,-1,-1,-1,4,-1
KR_6272161973,420,-1,16,-24,1,4,1,5,-2,4,2,0,3,3,-1,1,0,0,2,2,-1,-1,-13,-7,-2,9,2,0,0,1,-1,1,-1,2,-1
KR_6644358063,420,-4,-100,1,-10,-7,7,0,1,2,3,-2,2,0,-2,2,0,0,1,1,0,-10,2,0,-1,1,0,0,-2,-1,-1,-1,-1,4,-1
KR_6689117991,420,0,23,-16,-1,0,2,2,1,1,2,-3,5,2,1,2,3,0,0,0,0,2,47,-3,0,3,-18,0,0,1,-1,1,1,1,-1
KR_6733496623,420,-5,-88,-37,-6,2,1,3,-4,7,3,-5,5,0,-1,3,2,2,0,2,0,-1,-41,-1,-2,3,-3,0,-2,0,-1,-1,-1,0,-1
KR_6743020936,420,1,50,12,-4,3,2,5,-7,8,1,1,2,3,0,1,1,-1,1,0,0,-6,8,3,-6,3,-2,0,1,-1,-1,1,1,4,-1
KR_6762271262,420,-3,-55,-5,-8,-1,2,1,1,3,4,-4,5,1,0,4,4,-4,4,0,-1,-6,0,1,-4,3,-2,0,0,1,-1,0,-1,6,-1
KR_6741013333,420,-2,-26,-14,-9,-1,5,4,-4,6,2,-1,3,2,-1,1,0,-2,2,0,-1,-19,-4,4,-6,2,1,0,-1,-1,-1,-1,-1,2,-1
KR_6764699749,440,1,79,-25,0,0,2,2,1,2,3,0,4,4,-2,7,5,1,0,1,-2,-8,-2,4,-7,3,1,0,1,-1,1,1,-1,5,-1
KR_6675447720,420,-3,-24,-22,-4,-2,4,2,-3,3,0,0,1,1,2,0,2,-1,1,0,-1,-6,19,4,-5,1,-5,0,-2,0,-1,-1,-1,0,-1
KR_6762868356,420,-3,-32,33,-3,-4,5,1,3,1,4,0,3,3,1,2,3,-3,3,0,-1,-4,-8,2,-2,0,-1,0,-1,-1,1,-1,-1,5,-1
KR_6761916287,420,-2,78,8,-8,-5,6,1,-1,3,2,-1,5,4,-1,9,8,0,1,1,-2,-13,-4,-3,-1,4,1,0,-1,-1,-1,-1,-1,5,-1
KR_6702407022,420,1,15,-24,-1,2,1,3,3,2,5,-1,2,1,-5,6,1,0,2,2,0,-1,-8,-6,-3,9,1,0,0,-1,-1,0,-1,5,-1
KR_6757063245,420,-3,2,20,-10,-2,3,1,-1,3,2,-5,6,1,0,5,5,-2,3,1,0,-8,-8,-1,-2,3,-1,0,0,1,1,-1,-1,5,-1
KR_6561683162,420,-7,-159,-3,-13,1,2,3,-3,3,0,-3,4,1,-5,6,1,-3,3,0,-1,-11,-1,0,-5,5,-7,0,-3,-1,-1,-1,-1,5,-1
KR_6737202144,420,-1,86,8,-6,-2,2,0,-1,8,7,2,1,3,-2,5,3,-3,3,0,-1,-11,325,2,-5,3,0,0,-1,1,-1,-1,-1,3,-1
KR_6731695884,420,-5,-15,-6,-15,-4,5,1,0,3,3,-7,7,0,-5,6,1,1,1,2,0,-15,16,3,-6,3,-1,0,-1,0,0,-1,-1,0,-1
KR_6717854374,420,-3,-44,-6,-16,-8,8,0,-2,3,1,-2,3,1,2,2,4,-6,6,0,0,-8,-30,-5,-3,8,-2,0,0,-1,0,-1,-1,2,-1
KR_6717290065,420,0,-49,-16,-1,-3,3,0,3,1,4,2,2,4,-1,4,3,-2,2,0,0,-2,-1,-1,-3,4,0,0,1,0,-1,1,-1,0,-1
KR_6730859978,440,-3,-70,5,-6,-1,2,1,-3,3,0,-4,7,3,1,1,2,1,3,4,0,2,28,-1,-3,4,-19,0,-2,0,0,-1,1,0,-1
KR_6745253962,420,-5,-52,-16,-7,-1,2,1,-2,4,2,-1,1,0,-3,4,1,0,2,2,0,-7,3,0,-4,4,0,0,-1,-1,-1,-1,-1,3,-1
KR_6695815462,420,3,13,15,3,3,2,5,1,1,2,5,1,6,-5,5,0,-1,1,0,0,-7,-6,4,-6,2,2,0,1,1,-1,1,-1,6,-1
KR_6745736593,420,-2,-34,28,-4,-4,4,0,-2,2,0,3,1,4,1,4,5,-2,3,1,0,1,-1,2,-3,1,-3,0,-1,1,0,-1,-1,2,-1
KR_6750083186,440,0,-39,-6,-4,-1,6,5,-1,3,2,-1,2,1,0,2,2,-1,2,1,0,-6,3,3,-11,8,-6,0,0,1,1,-1,1,3,-1
KR_6757608329,420,3,17,17,10,1,1,2,-1,3,2,8,4,12,1,5,6,1,1,2,0,5,107,-1,-1,2,3,0,2,1,1,1,1,5,-1
KR_6718445019,420,1,89,-27,-4,1,4,5,-4,5,1,0,2,2,-1,2,1,0,2,2,0,-13,2,-1,-3,4,-1,0,1,1,-1,1,1,2,-1
KR_6754305128,420,-4,-39,-8,-16,-5,6,1,-5,5,0,-2,3,1,-3,3,0,-1,1,0,0,-10,-2,-5,0,5,-2,0,-2,-1,-1,-1,-1,6,-1
KR_6734726253,420,-7,-128,-8,-11,-1,2,1,0,1,1,-3,6,3,-5,5,0,-2,3,1,-1,-7,-17,-5,-2,7,-2,0,-3,-1,0,-1,-1,6,-1
KR_6761505490,420,-1,9,17,-1,0,3,3,1,1,2,5,0,5,-6,7,1,-1,3,2,0,-8,-1,2,-6,4,5,0,-2,-1,-1,-1,1,4,-1
KR_6750488743,420,-2,9,-3,-9,1,1,2,-3,4,1,-3,9,6,-6,7,1,2,3,5,-2,-19,-13,1,-2,1,2,0,0,0,0,0,-1,0,-1
KR_6760163090,420,1,-44,24,-1,0,1,1,-2,3,1,4,1,5,-3,4,1,0,3,3,-1,-5,11,-2,-3,5,1,0,0,1,1,0,-1,2,-1
KR_6738589664,440,-1,-5,-12,0,-2,2,0,-1,4,3,4,1,5,1,0,1,-2,3,1,-1,0,-3,2,-2,0,-1,0,-1,1,-1,-1,-1,1,-1
KR_6722974467,420,1,-17,24,0,2,0,2,-2,3,1,3,0,3,-2,3,1,-1,2,1,0,-4,3,3,-5,2,-2,0,0,1,0,0,-1,5,-1
KR_6684898801,420,-1,-15,8,-6,1,0,1,-1,3,2,-4,8,4,-3,5,2,1,1,2,0,-2,-2,-5,-1,6,-3,0,-2,-1,-1,-1,-1,5,-1
KR_6696994227,420,-5,-85,-4,-11,-3,4,1,-9,9,0,-2,5,3,-1,4,3,4,0,4,0,-13,1,-2,-2,4,3,0,-2,-1,-1,-1,1,5,-1
KR_6752482374,420,2,58,4,10,7,2,9,0,2,2,-1,2,1,4,0,4,0,2,2,0,1,3,5,-5,0,-2,0,3,-1,1,1,1,6,-1
KR_6701720754,420,0,-50,-20,0,-1,2,1,1,2,3,3,1,4,-6,6,0,3,0,3,-2,-8,-228,-1,-2,3,2,0,-2,-1,-1,-1,-1,3,-1
KR_6655004527,420,-4,-60,-30,-9,0,1,1,-6,6,0,-7,7,0,2,3,5,2,1,3,-1,-12,-9,0,-3,3,0,0,-1,1,-1,-1,-1,5,-1
KR_6730072416,420,-3,-47,0,-7,-2,2,0,-6,7,1,3,2,5,-2,2,0,0,1,1,0,-5,-5,0,-2,2,1,0,0,1,1,0,-1,3,-1
KR_6741059586,420,-4,-52,12,-5,-1,4,3,-1,1,0,0,4,4,-2,5,3,-1,3,2,1,0,1,-1,-6,7,5,0,-1,1,-1,-1,1,2,-1
KR_6701022895,420,-8,-112,0,-13,-8,8,0,-5,5,0,3,3,6,-3,4,1,0,1,1,-3,-21,-28,-6,-1,7,2,0,-3,-1,-1,-1,-1,2,-1
KR_6758818809,420,4,32,28,6,6,0,6,-1,3,2,3,3,6,0,2,2,-2,3,1,0,-5,-103,-1,-5,6,-1,0,-1,-1,1,-1,-1,3,-1
KR_6719082493,440,0,5,-16,-3,-1,1,0,-2,3,1,0,1,1,2,1,3,-2,2,0,0,0,6,2,-4,2,-2,0,-1,0,-1,-1,-1,0,-1
KR_6757348902,420,-5,-88,-7,-12,-1,3,2,-2,5,3,0,3,3,-8,9,1,-1,2,1,-1,-10,-17,-2,-3,5,-4,0,0,1,-1,-1,-1,5,-1
KR_6619282055,420,-2,7,-16,-2,-6,6,0,-3,5,2,3,1,4,5,0,5,-1,2,1,0,-6,0,-1,-2,3,1,0,-1,1,-1,-1,1,5,-1
KR_6749760191,420,-4,-28,-40,-8,-5,5,0,-3,3,0,0,0,0,2,0,2,-2,2,0,0,-10,-257,-2,0,2,2,0,-1,-1,-1,-1,-1,2,-1
KR_6752907429,420,-4,-32,-60,-8,-3,4,1,-1,2,1,-4,4,0,2,2,4,-2,2,0,-1,-2,6,0,-3,3,2,0,-3,-1,-1,-1,-1,3,-1
KR_6762181966,420,0,1,8,0,3,0,3,1,2,3,-5,11,6,-1,1,0,2,0,2,1,12,2,-3,-3,6,3,0,0,0,-1,-1,1,0,-1
KR_6698175021,420,-2,-32,-8,-2,-2,2,0,-2,3,1,0,2,2,0,3,3,2,1,3,0,-4,2,5,-10,5,4,0,0,-1,-1,0,1,2,-1
KR_6632173562,420,0,-49,24,3,-5,5,0,3,1,4,1,2,3,3,2,5,1,2,3,-1,4,6,2,-3,1,0,0,-1,-1,1,1,-1,2,-1
KR_6756713974,420,0,23,20,-6,1,1,2,-3,3,0,0,1,1,-2,3,1,-2,3,1,0,-11,-6,0,-2,2,-2,0,-1,-1,-1,-1,-1,3,-1
KR_6758538938,420,-4,-21,-12,-9,2,1,3,-1,3,2,-1,2,1,1,1,2,-10,10,0,0,-18,-173,1,-4,3,-5,0,-1,-1,1,-1,-1,2,-1
KR_6757986625,420,0,-32,13,-8,-2,2,0,1,1,2,-3,4,1,-3,8,5,-1,1,0,0,-8,-3,0,-2,2,-3,0,0,1,1,-1,-1,6,-1
KR_6757861068,420,-1,-11,4,-1,4,0,4,-1,2,1,-6,8,2,2,0,2,0,0,0,0,2,8,1,-4,3,-2,0,0,-1,1,1,-1,6,-1
KR_6747790928,440,1,21,16,1,-2,7,5,-2,3,1,-1,5,4,5,2,7,1,0,1,0,14,2,3,-6,3,0,0,-1,0,-1,-1,-1,0,-1
KR_6754176615,440,-5,-94,-7,-5,-2,2,0,2,0,2,-2,4,2,-1,5,4,-2,6,4,0,4,-52,-2,-2,4,23,0,-2,-1,-1,-1,-1,1,-1
KR_6743124119,420,-7,-70,-51,-11,-9,9,0,2,3,5,-7,7,0,4,2,6,-1,4,3,1,-2,16,0,-3,3,-5,0,0,-1,-1,-1,1,2,-1
KR_6764724652,440,0,-58,39,-3,3,0,3,-4,5,1,4,2,6,-7,8,1,1,3,4,0,-6,16,0,-5,5,1,0,0,-1,-1,-1,1,5,-1
KR_6611325455,420,-1,34,-24,-4,2,0,2,-7,8,1,2,1,3,-1,4,3,0,1,1,0,2,6,1,-6,5,1,0,-1,-1,1,-1,1,6,-1
KR_6634405156,420,4,31,36,5,-1,2,1,-2,4,2,6,2,8,1,0,1,1,3,4,0,1,-9,4,-8,4,3,0,1,-1,1,1,1,2,-1
KR_6685426182,420,1,92,-23,3,3,1,4,-2,2,0,2,2,4,2,2,4,-2,2,0,0,-3,-23,3,-7,4,4,0,1,0,0,1,1,0,-1
KR_6713347088,420,-4,-116,-26,-7,-8,8,0,3,1,4,0,1,1,-2,2,0,0,1,1,0,-1,1,6,-9,3,-5,0,-2,-1,-1,-1,-1,5,-1
KR_6745583492,420,0,21,20,4,-2,4,2,-4,6,2,5,0,5,1,3,4,4,0,4,1,2,12,1,-4,3,0,0,-1,1,-1,-1,1,4,-1
KR_6717900714,420,3,-18,-8,8,1,2,3,2,1,3,6,0,6,-7,8,1,6,0,6,-1,4,-3,-1,-4,5,2,0,1,-1,-1,-1,-1,4,-1
KR_6703086546,420,-5,-62,-12,-8,3,1,4,-1,5,4,-5,6,1,-1,2,1,-4,4,0,-1,-14,39,1,-3,2,-23,0,-1,-1,-1,1,-1,2,-1
KR_6701296312,420,-4,-57,-7,-9,0,2,2,-5,5,0,-1,3,2,-3,4,1,0,0,0,-1,-10,16,2,-5,3,0,0,-2,-1,1,-1,-1,3,-1
KR_6734131351,420,-2,-83,-24,-4,-1,2,1,2,1,3,2,3,5,-6,6,0,-1,3,2,0,2,-7,1,-1,0,-1,0,0,-1,1,-1,-1,2,-1
KR_6636653724,420,-5,-92,-20,-11,-1,2,1,-1,4,3,-9,12,3,0,2,2,0,0,0,0,-2,18,-3,-1,4,1,0,-3,1,1,-1,1,4,-1
KR_6714225424,440,-8,-139,-24,-15,0,4,4,-6,7,1,-6,7,1,-2,2,0,-1,1,0,0,-16,-20,-4,-1,5,-2,0,-1,-1,-1,-1,1,1,-1
KR_6752867820,420,-3,-1,-43,-8,-1,1,0,-5,6,1,0,3,3,-1,3,2,-1,1,0,-4,-18,-11,-4,-3,7,2,0,-1,1,-1,-1,1,5,-1
KR_6754443476,440,-1,-24,-5,0,2,1,3,2,0,2,0,1,1,-3,4,1,-1,2,1,0,-1,1,3,-6,3,1,0,0,1,-1,0,-1,3,-1
KR_6747481677,420,-3,16,4,-5,0,0,0,-2,5,3,0,4,4,0,2,2,-3,3,0,2,7,-2,2,-4,2,5,0,-1,0,-1,-1,1,0,-1
KR_6759996366,440,2,18,-7,1,1,1,2,-2,8,6,-2,4,2,4,2,6,0,3,3,-1,3,3,-4,-3,7,-4,0,-1,1,-1,1,1,5,-1
KR_6673382503,420,-3,53,-4,-4,0,0,0,-5,7,2,-5,5,0,5,1,6,1,0,1,1,-3,153,1,-5,4,4,0,0,-1,-1,0,1,1,-1
KR_6737856628,420,2,1,41,1,5,0,5,1,1,2,1,0,1,-6,7,1,0,1,1,0,-4,-10,-2,0,2,-1,0,0,-1,0,0,1,1,-1
KR_6682586136,420,-2,-61,3,-5,-2,3,1,1,0,1,-5,5,0,-1,3,2,2,0,2,0,-5,-3,-5,-3,8,1,0,-1,-1,-1,-1,-1,6,-1
KR_6715384322,420,-2,62,1,-8,-6,6,0,-6,6,0,0,2,2,2,0,2,2,1,3,0,-6,-15,-6,0,6,2,0,-2,-1,-1,-1,-1,2,-1
KR_6744982799,420,4,41,0,6,1,0,1,1,5,6,1,3,4,1,1,2,2,1,3,0,3,-5,0,-3,3,1,0,1,1,1,1,1,6,-1
KR_6753184931,440,3,72,-4,3,2,0,2,3,2,5,0,1,1,-1,2,1,-1,1,0,0,4,2,3,-7,4,-3,0,0,-1,-1,0,1,4,-1
KR_6763166704,420,-1,-15,-12,-5,1,1,2,0,3,3,-1,4,3,-6,6,0,1,2,3,0,-12,-3,2,-9,7,-3,0,0,0,-1,-1,1,0,-1
KR_6756572635,420,-1,-10,8,-7,-3,4,1,0,3,3,-2,2,0,-4,4,0,2,1,3,0,-3,6,5,-8,3,-1,0,0,-1,1,1,-1,2,-1
KR_6752099178,440,2,82,16,4,2,0,2,2,1,3,2,0,2,-4,4,0,2,1,3,0,-1,-4,-1,-2,3,-1,0,2,1,1,1,1,3,-1
KR_6764591057,420,-3,-73,12,-4,0,0,0,-6,8,2,4,1,5,-1,3,2,-1,1,0,0,-10,-176,-3,-6,9,-6,0,0,-1,1,0,-1,1,-1
KR_6319090700,420,2,-1,-4,4,-3,3,0,1,0,1,2,2,4,1,0,1,3,0,3,0,9,3,0,-5,5,0,0,-1,-1,-1,-1,-1,6,-1
KR_6688103885,440,-3,-61,-32,-6,-4,5,1,-1,3,2,-1,1,0,2,0,2,-2,3,1,0,5,-5,2,-3,1,-5,0,0,-1,-1,-1,-1,3,-1
KR_6695645960,420,-3,24,-11,-7,2,2,4,-3,3,0,-3,7,4,-1,2,1,-2,2,0,0,-7,6,-3,-4,7,2,0,0,-1,1,0,-1,5,-1
KR_6753974699,420,-4,-16,-28,-3,-2,2,0,1,1,2,-2,2,0,1,3,4,-1,3,2,1,-2,-2,1,-5,4,1,0,0,-1,-1,0,1,6,-1
KR_6757290595,420,1,-87,8,0,0,3,3,-3,5,2,2,2,4,-1,4,3,2,0,2,0,-2,4,3,-4,1,-4,0,0,-1,1,0,1,3,-1
KR_6639951775,420,1,-26,3,3,4,0,4,-3,4,1,0,3,3,1,1,2,1,0,1,0,9,-7,-3,-2,5,-2,0,1,1,-1,-1,1,2,-1
KR_6741704079,420,4,44,0,7,7,0,7,-3,6,3,1,3,4,1,2,3,1,0,1,-2,-3,-4,-1,-1,2,0,0,2,1,1,1,-1,5,-1
KR_6697715367,420,-4,11,5,-11,-5,5,0,-2,2,0,-3,6,3,0,1,1,-1,3,2,0,-2,-25,-4,-2,6,2,0,0,1,1,-1,-1,1,-1
KR_6761819140,420,-2,-18,5,-2,0,2,2,1,1,2,-4,5,1,2,4,6,-1,5,4,0,-9,-6,1,-6,5,-4,0,0,1,1,0,1,2,-1
KR_6764083685,420,1,-40,-12,4,2,0,2,2,5,7,0,1,1,1,1,2,-1,1,0,0,2,-48,-3,-3,6,34,0,-1,1,-1,-1,1,3,-1
KR_6732219365,440,1,-9,-9,-1,3,0,3,3,3,6,-6,8,2,-1,1,0,0,0,0,0,7,-25,-3,-3,6,3,0,1,-1,1,1,1,2,-1
KR_6636378089,420,-5,-60,-48,-2,-1,1,0,0,1,1,-6,8,2,2,2,4,3,0,3,1,3,3,2,-5,3,-3,0,-1,0,1,-1,1,0,-1
KR_6630487879,420,0,-72,8,-4,0,2,2,-6,6,0,-2,2,0,2,1,3,2,3,5,0,4,2,-1,-3,4,1,0,0,-1,-1,0,-1,4,-1
KR_6638278558,420,4,-20,28,7,-1,2,1,3,0,3,2,0,2,2,1,3,1,0,1,0,9,-14,0,-2,2,-2,0,-2,1,1,-1,-1,3,-1
KR_6764119350,420,-1,-84,-19,7,0,1,1,4,3,7,-2,3,1,6,2,8,-1,2,1,0,3,1,3,-3,0,-2,0,-1,1,-1,1,1,3,-1
KR_6713314122,420,-2,13,7,-3,1,1,2,-1,1,0,0,0,0,1,0,1,-4,4,0,0,-3,-5,1,-5,4,-1,0,-1,1,1,1,-1,1,-1
KR_6655831152,420,-4,-88,-8,-11,-7,7,0,0,1,1,-3,5,2,0,2,2,-1,2,1,0,-12,15,-5,-1,6,-5,0,-2,1,-1,-1,-1,6,-1
KR_6759132719,440,-1,-35,12,0,1,0,1,1,2,3,-3,3,0,3,0,3,-2,5,3,0,-1,-8,-2,-4,6,1,0,0,-1,-1,-1,1,5,-1
KR_6760462454,420,1,134,-88,3,1,0,1,-3,3,0,7,1,8,-5,9,4,3,0,3,0,-8,36,-3,-4,7,6,0,2,-1,-1,1,1,3,-1
KR_6731193404,420,-5,-28,-2,-12,-5,6,1,0,2,2,0,0,0,-6,7,1,-1,1,0,0,-19,-13,0,-3,3,-1,0,0,-1,-1,0,-1,3,-1
KR_6759505323,420,-1,-13,-11,2,0,2,2,-2,3,1,8,0,8,-3,4,1,-1,1,0,1,-3,-40,0,-3,3,21,1,1,-1,-1,1,1,4,-1
KR_6762733104,420,-5,-44,-2,-10,-6,6,0,-3,3,0,0,3,3,1,4,5,-2,2,0,0,-9,-6,-1,-3,4,-2,0,-1,-1,-1,-1,1,5,-1
KR_6762070957,420,4,-15,-4,3,1,1,2,4,0,4,1,3,4,-3,4,1,0,0,0,0,1,-7,2,-2,0,0,0,-1,-1,1,-1,-1,2,-1
KR_6696423000,420,-5,-21,-51,-6,-4,5,1,-4,8,4,1,0,1,0,4,4,1,0,1,0,8,19,-3,-4,7,-10,0,0,-1,-1,-1,1,6,-1
KR_6764475332,420,-1,26,12,-6,0,1,1,-3,4,1,3,2,5,-5,6,1,-1,2,1,0,-10,-1,0,-3,3,-3,0,0,-1,0,0,-1,2,-1
KR_6683652099,420,-1,-75,-37,-1,2,0,2,-3,7,4,1,1,2,-1,5,4,0,1,1,0,-13,49,2,-6,4,-2,0,-1,-1,-1,-1,1,6,-1
KR_6758765282,420,1,-9,7,-4,-2,5,3,1,4,5,-1,3,2,-2,3,1,0,1,1,0,-7,-11,-4,-3,7,3,0,-1,-1,1,-1,-1,4,-1
KR_6655895474,420,2,37,0,4,-1,3,2,1,0,1,-2,4,2,3,0,3,3,1,4,0,12,5,-2,-3,5,-3,0,-1,1,-1,-1,1,6,-1
KR_6751997311,420,-4,6,-31,-10,-1,2,1,-4,5,1,-3,6,3,-2,3,1,0,1,1,0,-9,-22,-2,-3,5,-3,0,-1,1,-1,-1,-1,6,-1
KR_6760715952,420,-2,-62,-23,-9,2,2,4,-4,8,4,1,6,7,-6,6,0,-2,4,2,0,-5,-3,3,-5,2,-2,0,0,-1,1,-1,-1,2,-1
KR_6759282966,420,1,-3,12,-4,0,4,4,1,1,2,-2,2,0,1,2,3,-4,4,0,0,-2,37,0,-3,3,-1,0,0,1,-1,0,1,1,-1
KR_6760119172,420,1,6,20,-3,1,1,2,2,0,2,2,1,3,-12,14,2,4,0,4,2,-7,5,3,-5,2,0,0,0,0,1,0,1,0,-1
KR_6641288648,420,-6,-63,-23,-16,-9,9,0,0,3,3,0,2,2,-4,5,1,-3,4,1,2,-3,1,0,-2,2,-3,0,-1,-1,-1,-1,1,1,-1
KR_6375738158,420,0,68,24,-8,4,0,4,-8,10,2,1,0,1,-3,3,0,-2,2,0,0,-11,0,0,0,0,0,0,0,1,1,0,-1,4,-1
KR_6692141276,420,-2,-47,-8,0,3,1,4,-1,1,0,0,3,3,-2,4,2,0,1,1,1,-1,293,1,-3,2,3,0,0,-1,0,0,1,1,-1
KR_6762184987,420,-2,-8,8,-5,-3,6,3,2,2,4,-2,2,0,0,1,1,-2,2,0,0,-4,14,3,-6,3,-8,0,-1,-1,-1,-1,-1,2,-1
KR_6763080617,440,2,-47,7,5,2,1,3,2,1,3,1,1,2,-1,3,2,1,1,2,-1,4,162,-3,-6,9,2,0,1,-1,1,1,-1,1,-1
KR_6749094552,440,-3,25,1,-6,-1,3,2,-5,6,1,0,1,1,2,2,4,-2,5,3,0,-9,-6,-4,-2,6,-5,0,-1,-1,-1,-1,1,3,-1
KR_6703598637,440,-3,-94,-28,-13,0,2,2,-1,5,4,-5,5,0,-7,7,0,0,0,0,0,-6,-29,-1,-2,3,22,0,-2,0,0,-1,-1,0,-1
KR_6749943319,440,-5,-69,-15,-8,-2,4,2,-1,5,4,1,2,3,-7,8,1,1,1,2,0,-11,-6,-3,-2,5,3,0,-2,-1,1,-1,-1,6,-1
KR_6690554473,440,-3,-53,2,-9,-2,4,2,0,0,0,-3,4,1,-2,3,1,-2,2,0,0,-16,0,3,-6,3,-1,0,-1,-1,1,-1,-1,6,-1
KR_6757885608,420,-4,-48,-21,-10,0,1,1,-5,7,2,1,0,1,-1,2,1,-5,6,1,0,-8,2,2,-6,4,-1,0,0,-1,1,0,1,2,-1
KR_6684592268,420,-5,-25,-34,-10,3,1,4,-3,6,3,-3,4,1,-3,4,1,-4,6,2,-2,-10,446,-1,-3,4,-2,0,0,-1,1,-1,-1,2,-1
KR_6511811853,420,-6,-145,-20,-4,-1,1,0,-2,3,1,1,0,1,-3,4,1,1,2,3,-1,-7,-3,-4,0,4,-1,0,-2,1,-1,-1,-1,3,-1
KR_6658966554,440,-3,-40,-4,-3,-3,3,0,-2,2,0,3,0,3,0,2,2,-1,2,1,0,-4,-23,-1,-2,3,12,0,0,0,1,-1,1,0,-1
KR_6700316121,420,2,-7,-7,4,4,1,5,-2,2,0,-2,4,2,3,1,4,1,0,1,1,5,13,0,-3,3,0,0,2,0,1,1,1,0,-1
KR_6533355710,420,-7,-90,-65,-15,-5,5,0,-9,9,0,-1,2,1,0,5,5,0,2,2,-2,-14,0,-4,0,4,-1,0,-1,-1,-1,-1,-1,2,-1
KR_6762672749,420,-2,-33,4,-5,-1,2,1,-2,4,2,-1,6,5,0,2,2,-1,2,1,0,-11,1,-1,-2,3,-4,0,-2,1,-1,-1,1,2,-1
KR_6538220723,420,-3,-17,12,-4,-3,4,1,0,4,4,-3,6,3,1,2,3,1,2,3,0,-1,-1,0,-2,2,-1,0,-1,1,-1,-1,-1,3,-1
KR_6738733939,420,-2,10,0,-5,0,2,2,2,2,4,-7,7,0,1,3,4,-1,1,0,0,-4,-3,3,-5,2,4,0,0,-1,1,0,-1,2,-1
KR_6723789675,420,0,28,-13,3,0,1,1,4,1,5,0,3,3,0,4,4,-1,2,1,0,-1,0,-5,-4,9,6,0,0,-1,-1,0,-1,3,-1
KR_6763446088,420,0,34,-10,-2,-1,2,1,1,6,7,-2,4,2,-1,4,3,1,0,1,-1,-1,9,2,-6,4,1,0,1,-1,1,1,-1,6,-1
KR_6727838866,420,-2,-70,-1,-5,-6,6,0,0,1,1,4,1,5,-5,10,5,2,0,2,0,-1,-9,2,-4,2,1,0,-1,0,0,-1,1,0,-1
KR_6736932214,440,-1,14,-12,-4,1,1,2,0,1,1,-6,7,1,2,4,6,-1,2,1,-3,-10,-75,-2,-4,6,-5,0,-1,0,-1,-1,-1,0,-1
KR_6730554454,420,-3,-62,22,-5,0,2,2,-1,2,1,-2,2,0,-2,3,1,0,1,1,0,-6,-47,-7,-1,8,2,0,-2,-1,-1,-1,1,6,-1
KR_6671153215,420,-4,-49,5,-6,-10,10,0,-2,3,1,-2,3,1,8,1,9,0,0,0,0,-1,-6,-5,-2,7,3,0,0,1,-1,-1,1,1,-1
KR_6732943338,440,0,-112,-8,-7,-1,2,1,2,2,4,-6,10,4,-1,2,1,-1,2,1,-1,-3,1,1,-5,4,-5,0,-3,1,-1,-1,-1,6,-1
KR_6590495089,420,1,-38,21,0,-1,1,0,1,3,4,2,3,5,-3,3,0,1,2,3,0,-4,-27,-2,-4,6,-1,0,1,-1,1,1,1,1,-1
KR_6742485967,440,-2,-122,-2,-5,-1,2,1,2,4,6,-2,5,3,-4,6,2,0,0,0,-1,-2,-5,-4,0,4,2,0,0,1,-1,0,-1,4,-1
KR_6751785495,420,-1,16,16,-6,1,3,4,-1,3,2,0,4,4,-6,7,1,0,1,1,0,-9,-6,0,-3,3,-1,0,1,0,0,1,-1,0,-1
KR_6690550870,420,-1,-24,-32,-5,3,0,3,-3,4,1,-6,7,1,-1,2,1,2,0,2,0,-6,0,-2,-2,4,2,0,-1,1,-1,-1,1,4,-1
KR_6762800879,420,-2,-36,-16,0,1,1,2,-1,1,0,-7,9,2,6,0,6,1,0,1,0,1,4,-4,0,4,3,0,-1,1,-1,-1,-1,5,-1
KR_6740270069,440,-2,-39,-24,1,2,0,2,-1,3,2,1,2,3,0,1,1,-1,1,0,0,-7,-4,3,-5,2,-5,0,0,-1,1,0,1,5,-1
KR_6683764311,420,-6,-53,-20,-7,-1,1,0,2,2,4,-1,3,2,-2,8,6,-5,5,0,0,-8,11,5,-5,0,-2,0,0,0,1,1,1,0,-1
KR_6683703103,420,-2,-63,-31,-2,-4,4,0,4,1,5,1,6,7,-2,6,4,-1,1,0,-1,-4,-3,-6,0,6,8,0,0,0,1,0,-1,0,-1
KR_6688009129,420,-2,-98,-42,-3,-1,2,1,1,5,6,1,1,2,-5,7,2,1,0,1,-1,-2,-7,-3,-5,8,0,0,-2,-1,-1,-1,-1,1,-1
KR_6750313270,440,-2,66,-3,1,-2,4,2,0,2,2,6,2,8,-2,3,1,-1,1,0,0,-9,4,0,-6,6,-2,0,1,-1,1,1,-1,5,-1
KR_6700026722,420,0,108,0,-4,2,1,3,1,0,1,1,2,3,-5,5,0,-3,3,0,0,-9,-117,2,-7,5,0,0,1,-1,1,1,-1,3,-1
KR_6212761463,420,3,16,-4,8,5,0,5,-3,3,0,3,1,4,2,1,3,1,0,1,0,3,1,3,-7,4,-1,0,-2,-1,-1,-1,1,5,-1
KR_6602901201,420,0,-36,-12,0,1,0,1,3,1,4,1,2,3,-5,6,1,0,0,0,0,-5,-7,-1,-3,4,-1,0,-1,-1,-1,-1,-1,6,-1
KR_6754060912,420,-2,-61,24,-14,0,2,2,-5,9,4,-6,6,0,-1,2,1,-2,2,0,0,-11,5,5,-10,5,-4,0,-1,-1,1,-1,-1,2,-1
KR_6750609816,420,-4,-27,-17,-8,-1,1,0,-6,7,1,-2,4,2,-2,3,1,3,0,3,-1,-4,-4,0,-1,1,-1,0,-1,0,0,-1,-1,0,-1
KR_6753954815,420,-1,-70,-9,-9,-1,4,3,-2,3,1,-5,6,1,1,3,4,-2,7,5,-1,-2,-316,-1,-5,6,-5,0,-2,-1,-1,-1,-1,6,-1
KR_6750936975,420,0,-7,10,5,6,1,7,1,3,4,-5,6,1,0,4,4,3,0,3,0,6,239,-2,-1,3,-1,0,0,-1,1,1,1,5,-1
KR_6740391907,420,1,-38,8,-2,-5,5,0,0,2,2,3,4,7,-1,2,1,1,1,2,1,-4,-7,-2,-6,8,3,0,0,-1,-1,-1,1,5,-1
KR_6730014421,420,-5,2,-28,-11,1,2,3,-9,10,1,-2,2,0,-1,2,1,0,0,0,0,-12,-4,4,-4,0,1,0,-1,-1,1,-1,-1,4,-1
KR_6758823441,440,-6,-78,-12,-17,-1,6,5,3,1,4,-9,9,0,-6,12,6,-4,5,1,-1,-11,-14,-1,-1,2,-1,0,-2,-1,1,-1,1,4,-1
KR_6698303687,420,-1,-6,3,-1,4,1,5,-5,6,1,0,1,1,-2,7,5,2,3,5,1,5,-160,-1,-3,4,-1,0,-1,1,0,-1,1,1,-1
KR_6745209988,420,0,-11,-16,-6,2,1,3,1,0,1,-3,6,3,-3,4,1,-3,3,0,0,-13,-51,-2,-3,5,8,0,-1,-1,-1,-1,1,5,-1
KR_6734986065,420,-1,-41,-4,4,1,5,6,-1,2,1,3,1,4,1,2,3,0,0,0,1,5,14,6,-6,0,-3,0,0,0,1,-1,1,0,-1
KR_6722288034,420,2,-28,34,-5,0,1,1,3,1,4,-1,3,2,-7,7,0,0,5,5,0,-9,-4,-1,-2,3,1,0,0,-1,1,1,-1,2,-1
KR_6756039467,440,-3,-86,8,-6,-1,1,0,-1,3,2,-2,4,2,-2,2,0,0,1,1,0,-9,-2,-2,-1,3,-4,0,-1,1,-1,-1,1,6,-1
KR_6758625530,420,-4,-108,-24,-9,0,2,2,-3,6,3,-6,6,0,1,2,3,-1,1,0,0,-3,-6,-3,-2,5,1,0,-2,-1,-1,-1,-1,3,-1
KR_6685025786,420,0,-61,-20,-6,-9,10,1,0,4,4,6,1,7,-3,3,0,0,1,1,0,-9,9,-3,-1,4,-1,0,0,-1,1,0,1,2,-1
KR_6756335471,440,-1,-8,-8,-2,5,1,6,-3,6,3,-2,4,2,0,3,3,-2,3,1,-1,-7,7,-1,-3,4,-6,0,1,-1,-1,1,-1,3,-1
KR_6639893542,440,-2,-53,-22,-6,0,2,2,-5,5,0,-2,3,1,1,1,2,0,1,1,0,-6,3,0,-4,4,-5,0,-1,-1,-1,-1,1,4,-1
KR_6643037779,420,-1,-26,-26,-1,-2,3,1,-4,6,2,3,1,4,2,1,3,0,3,3,0,4,39,-4,-2,6,-28,0,0,1,1,-1,-1,2,-1
KR_6764089122,440,-7,-76,-19,-22,-5,5,0,-9,10,1,5,0,5,-6,9,3,-7,7,0,-4,-30,14,1,-5,4,-2,0,-3,-1,0,-1,-1,4,-1
KR_6554544931,420,-1,0,0,-2,1,1,2,-1,3,2,1,0,1,1,2,3,-4,4,0,0,-6,29,-1,-5,6,-25,0,0,-1,0,0,1,3,-1
KR_6642246056,420,-2,-45,12,-10,0,2,2,0,5,5,-11,13,2,2,1,3,-1,1,0,2,-3,212,3,-5,2,-4,0,-2,1,-1,-1,1,1,-1
KR_6743441058,420,1,-11,4,-5,0,0,0,-5,7,2,2,0,2,-1,2,1,-1,1,0,0,-2,0,0,-3,3,-1,0,0,1,0,0,1,1,-1
KR_6653591192,420,-3,-120,-28,-1,-2,3,1,-2,5,3,0,1,1,2,0,2,1,0,1,0,3,5,3,-5,2,1,0,0,-1,-1,-1,1,6,-1
KR_6760545533,420,-2,-41,-16,-5,2,0,2,0,4,4,-5,6,1,-1,3,2,-1,2,1,-2,-7,45,-3,-2,5,5,0,0,-1,-1,-1,-1,5,-1
KR_6730250086,420,-4,-52,0,-13,-2,3,1,1,1,2,-9,9,0,-1,5,4,-2,2,0,0,-10,18,0,-2,2,-1,0,0,-1,-1,-1,-1,5,-1
KR_6752521816,440,2,-22,-8,4,7,1,8,-1,3,2,-2,5,3,0,2,2,0,1,1,0,4,1,5,-6,1,-4,0,0,-1,1,1,-1,3,-1
KR_6647294782,420,0,54,-36,-10,1,0,1,-3,5,2,-9,9,0,1,2,3,0,0,0,-1,-13,6,0,-2,2,-1,0,0,-1,-1,0,-1,2,-1
KR_6701664581,420,-3,2,-12,-10,-3,4,1,-3,5,2,2,1,3,-5,8,3,-1,2,1,0,-4,-3,-2,-3,5,1,0,-1,1,0,-1,-1,2,-1
KR_6730937357,420,0,-18,-16,1,-1,1,0,1,1,2,2,0,2,-2,5,3,1,0,1,0,0,14,-2,-4,6,-2,0,0,1,-1,0,-1,2,-1
KR_6764518105,420,1,38,4,-1,-1,2,1,3,3,6,-3,3,0,0,0,0,0,2,2,0,-6,-138,4,-6,2,-5,0,1,1,1,1,1,3,-1
KR_6749763887,420,-1,6,18,-7,1,1,2,0,4,4,1,3,4,-9,9,0,0,0,0,-1,-11,0,3,-8,5,-3,0,-2,-1,-1,-1,-1,6,-1
KR_6527946050,420,-4,-58,0,-4,-6,6,0,-1,1,0,4,3,7,0,0,0,-1,1,0,-1,2,-12,1,-3,2,3,0,-1,1,-1,-1,-1,5,-1
KR_6758442653,420,-3,-49,-5,-3,-5,6,1,3,2,5,0,1,1,2,2,4,-3,4,1,0,6,-6,-1,-3,4,0,0,-2,0,-1,-1,1,0,-1
KR_6636277893,420,0,-84,-3,8,2,0,2,-4,8,4,5,0,5,0,1,1,5,1,6,0,3,-33,1,-2,1,25,0,-3,1,1,-1,-1,1,-1
KR_6751860073,440,0,20,4,-3,1,2,3,-4,5,1,6,1,7,-4,5,1,-2,2,0,0,-7,11,-1,-1,2,-1,0,-1,1,-1,-1,1,2,-1
KR_6737495080,420,-1,-6,-9,-9,-1,2,1,-5,8,3,-2,3,1,-2,5,3,1,1,2,1,-15,-418,-2,0,2,-3,0,0,-1,1,0,1,6,-1
KR_6699582094,420,-3,33,-2,-13,1,1,2,-4,5,1,-1,3,2,-5,5,0,-4,4,0,0,-16,-33,4,-7,3,4,0,-2,-1,-1,-1,-1,3,-1
KR_6761462943,440,-1,-24,-11,-12,-1,1,0,-8,9,1,-3,4,1,3,1,4,-3,3,0,0,-12,105,1,-1,0,1,0,0,0,-1,0,-1,0,-1
KR_6613114672,420,-7,-24,-63,-12,-4,4,0,1,1,2,1,2,3,3,1,4,-13,13,0,0,-5,-7,-1,-3,4,2,0,-1,1,-1,-1,-1,3,-1
KR_6760792020,420,1,-3,-12,-2,-4,4,0,5,2,7,0,2,2,-2,7,5,-1,3,2,1,10,-3,0,-3,3,2,0,1,-1,-1,-1,1,3,-1
KR_6731500628,420,0,23,12,4,-1,2,1,2,2,4,2,1,3,1,1,2,0,1,1,0,5,-608,-1,-4,5,-1,0,0,1,0,-1,-1,3,-1
KR_6760858628,420,0,41,-4,-10,0,1,1,-7,10,3,-5,5,0,1,2,3,1,0,1,0,-19,-2,0,-7,7,-2,0,-1,-1,-1,-1,1,4,-1
KR_6635411270,420,-5,-111,-24,-9,-5,5,0,-6,6,0,0,1,1,1,0,1,1,0,1,0,-5,2,-2,-2,4,4,0,-2,1,-1,-1,-1,4,-1
KR_6762309145,420,-1,42,-25,2,-1,3,2,-4,6,2,2,1,3,3,3,6,2,0,2,1,2,9,1,-4,3,-1,0,0,-1,-1,0,1,3,-1
KR_6715902236,440,-2,-49,1,-2,-3,4,1,1,2,3,-1,2,1,1,2,3,0,2,2,-2,-2,18,-1,-4,5,-3,0,0,1,-1,0,-1,5,-1
KR_6725329788,420,-3,-78,-12,-2,-6,7,1,5,3,8,1,3,4,-3,6,3,1,0,1,-1,3,-352,0,-3,3,0,0,-1,1,-1,-1,1,3,-1
KR_6756334041,420,-5,-8,-12,4,1,1,2,-1,3,2,2,4,6,0,3,3,2,1,3,0,-1,-25,6,-8,2,2,0,-2,0,-1,-1,1,0,-1
KR_6762229046,420,-3,-10,9,-6,-1,2,1,0,3,3,-4,4,0,-1,7,6,0,1,1,0,-4,309,-2,0,2,-3,0,0,1,-1,-1,1,4,-1
KR_6731350684,420,0,39,13,-4,-1,1,0,4,6,10,-6,7,1,1,1,2,-2,2,0,0,-4,396,1,-4,3,-24,0,1,1,-1,1,-1,2,-1
KR_6761599115,420,-2,41,0,-3,4,2,6,1,2,3,-1,3,2,-8,9,1,1,1,2,0,-17,-8,-3,-1,4,4,0,0,-1,1,1,1,5,-1
KR_6760459295,420,0,14,24,-6,2,2,4,1,4,5,-4,7,3,-3,3,0,-2,3,1,0,-4,5,-1,-4,5,-4,0,0,1,0,-1,-1,4,-1
KR_6749141886,440,0,-3,15,-3,-4,5,1,1,0,1,0,3,3,-1,3,2,1,0,1,0,-5,4,2,-6,4,-9,0,1,1,1,1,-1,2,-1
KR_6764459716,440,-4,-55,28,-7,0,1,1,-1,1,0,-4,5,1,-1,6,5,-1,2,1,1,-1,-8,-2,-3,5,-1,0,0,0,0,-1,1,0,-1
KR_6733130481,440,2,26,-4,1,2,0,2,-3,5,2,-2,8,6,5,0,5,-1,1,0,0,-9,-7,1,-6,5,1,0,0,-1,1,1,1,5,-1
KR_6700917248,420,-2,-41,-16,1,1,3,4,-2,2,0,2,0,2,0,1,1,0,0,0,0,2,-5,-1,-5,6,-1,0,1,-1,1,1,1,6,-1
KR_6663915763,420,0,40,8,-3,1,1,2,-3,3,0,-2,2,0,1,0,1,0,1,1,0,3,-40,2,-2,0,6,0,0,1,-1,0,-1,5,-1
KR_6755147016,440,1,-21,82,3,-8,11,3,2,1,3,1,3,4,7,0,7,1,1,2,1,4,27,0,-1,1,0,0,-1,1,0,1,1,5,-1
KR_6760980223,420,-2,-35,-12,2,1,1,2,0,2,2,-2,3,1,2,2,4,1,0,1,0,-4,-107,-2,-2,4,2,0,0,-1,0,0,1,1,-1
KR_6703648986,420,-5,-62,-12,-9,-1,3,2,3,1,4,-7,9,2,-3,4,1,-1,1,0,0,-12,-44,-2,-3,5,42,0,-2,1,-1,-1,-1,3,-1
KR_6761039520,420,-2,-48,-6,1,1,0,1,3,3,6,-3,3,0,1,1,2,-1,1,0,0,-3,-115,1,-2,1,1,0,-1,-1,-1,-1,-1,5,-1
KR_6761909270,420,-3,-85,12,0,-3,5,2,-1,3,2,0,1,1,5,1,6,-1,2,1,0,1,11,2,-5,3,-5,0,0,-1,1,0,1,6,-1
KR_6712807756,420,-6,-60,36,-16,-5,5,0,-4,5,1,-1,4,3,-6,7,1,0,0,0,-1,-16,26,-1,-2,3,-2,0,0,0,-1,0,-1,0,-1
KR_6620859373,420,-4,-57,-20,-2,-6,6,0,5,0,5,0,2,2,2,3,5,-3,3,0,0,0,135,-1,-3,4,-4,0,-2,-1,-1,-1,1,3,-1
KR_6743479501,420,-3,-7,8,-5,-2,2,0,0,1,1,-1,4,3,-3,4,1,1,0,1,0,-8,0,2,-6,4,-1,0,0,1,1,0,1,6,-1
KR_6638128196,420,4,-24,15,13,2,2,4,5,1,6,-2,8,6,8,0,8,0,0,0,3,21,3,5,-8,3,2,0,2,1,0,1,1,5,-1
KR_6759611836,420,0,-32,-7,2,6,1,7,1,2,3,-1,4,3,-3,4,1,-1,1,0,0,-3,18,1,-4,3,-4,0,-1,-1,1,1,-1,6,-1
KR_6733426615,440,-3,-31,-18,-6,-3,5,2,-3,5,2,-2,2,0,2,3,5,0,3,3,1,-8,2,-2,-3,5,0,0,-1,-1,-1,-1,1,1,-1
KR_6696369042,420,-1,-40,3,1,1,1,2,-5,5,0,-2,4,2,0,3,3,7,0,7,0,-6,8,3,-5,2,0,0,1,1,-1,-1,-1,1,-1
KR_6640732738,420,-5,-116,0,-11,-2,3,1,-5,5,0,1,1,2,-1,1,0,-4,4,0,0,-10,-72,2,-7,5,-4,0,-4,-1,-1,-1,-1,1,-1
KR_6670273348,420,-3,-33,5,-9,-1,1,0,1,2,3,-1,1,0,-6,7,1,-2,2,0,0,-5,-89,-2,-5,7,0,0,0,-1,1,0,-1,5,-1
KR_6760527967,420,-3,-58,28,-3,-2,3,1,-1,2,1,0,5,5,-1,3,2,1,0,1,0,2,351,-1,-4,5,1,0,1,0,0,-1,-1,0,-1
KR_5769153659,420,-6,-136,-11,-9,-7,7,0,-2,4,2,-2,3,1,2,0,2,0,0,0,0,-1,1,1,-7,6,-4,0,-1,-1,1,-1,1,3,-1
KR_6738149540,420,-2,49,-122,4,-2,5,3,-2,2,0,-1,3,2,8,0,8,1,1,2,3,11,-46,-2,-2,4,27,0,-1,-1,-1,-1,1,5,-1
KR_6729978283,440,-1,-63,12,-5,-1,2,1,-4,4,0,-2,3,1,0,0,0,2,0,2,0,-4,-7,-3,-3,6,-3,0,-1,0,-1,-1,-1,0,-1
KR_6647680382,420,3,-7,20,0,1,1,2,-2,6,4,2,0,2,-1,3,2,0,3,3,0,2,28,1,-8,7,-12,0,0,-1,1,0,-1,3,-1
KR_6764001186,420,-3,3,4,-5,-1,2,1,0,3,3,-1,3,2,0,6,6,-3,3,0,-1,-12,-5,2,-4,2,2,0,-1,-1,-1,-1,1,3,-1
KR_6692374542,420,-2,-61,7,-10,-2,2,0,-4,5,1,-2,4,2,-1,7,6,-1,2,1,0,-17,14,0,-4,4,-2,0,-2,1,1,-1,-1,4,-1
KR_6578915330,440,-3,-98,5,-6,0,4,4,-1,3,2,-4,7,3,1,3,4,-2,3,1,0,-8,0,-7,-1,8,-5,0,-2,0,0,-1,-1,0,-1
KR_6751396908,420,-1,-58,36,-6,4,4,8,0,2,2,-4,5,1,-5,5,0,-1,1,0,0,-17,3,1,-6,5,-5,0,0,-1,1,1,1,5,-1
KR_6711361747,420,-3,-24,8,-9,-3,3,0,0,1,1,-3,5,2,-3,5,2,0,0,0,0,-6,-6,1,-2,1,2,0,-1,-1,-1,-1,-1,5,-1
KR_6684980548,420,-1,-11,-5,3,0,2,2,2,2,4,-1,1,0,2,2,4,0,0,0,0,5,4,-1,-3,4,-1,0,-1,1,-1,-1,1,3,-1
KR_6762599905,420,-4,-58,15,-8,-1,1,0,-5,6,1,-2,4,2,0,1,1,0,1,1,0,-3,-174,5,-6,1,-2,0,-2,1,0,-1,-1,3,-1
KR_6760730742,420,-2,-24,36,-7,0,1,1,-2,3,1,-3,4,1,-2,4,2,0,5,5,0,-9,-4,1,-4,3,6,0,-1,-1,-1,-1,1,1,-1
KR_6758034702,420,-1,-52,-2,2,2,0,2,2,2,4,-5,7,2,1,0,1,2,0,2,0,7,-16,-4,-1,5,5,0,0,1,-1,0,1,5,-1
KR_6756767725,440,1,-30,-12,-2,-2,3,1,-4,8,4,6,2,8,-2,2,0,0,2,2,0,3,-6,0,-2,2,0,0,1,1,0,1,-1,3,-1
KR_6702674074,420,-1,-46,-13,1,-9,9,0,8,0,8,-3,4,1,5,2,7,0,0,0,0,12,16,6,-7,1,1,0,0,-1,-1,-1,1,6,-1
KR_6717595300,420,-1,-80,-16,-7,0,2,2,4,0,4,-2,3,1,-7,8,1,-2,2,0,-1,-5,-1,0,-2,2,2,0,-1,-1,0,-1,-1,5,-1
KR_6469423198,440,4,31,28,11,5,2,7,1,3,4,4,1,5,0,2,2,1,1,2,1,10,0,-1,-6,7,-1,0,1,0,0,1,1,0,-1
KR_6605392440,420,1,-28,18,0,-1,2,1,-4,4,0,3,0,3,-3,4,1,5,0,5,0,1,76,-5,-1,6,1,0,0,-1,1,1,-1,4,-1
KR_6589227771,420,-1,-35,-4,-1,-1,1,0,1,2,3,-1,4,3,1,3,4,-1,1,0,0,1,38,-3,-5,8,1,0,0,1,-1,-1,1,5,-1
KR_6749898870,420,-1,-33,-16,5,1,0,1,3,5,8,-1,2,1,2,0,2,0,2,2,-1,3,-7,1,-5,4,-1,0,0,-1,1,1,-1,3,-1
KR_6761715765,420,-3,-34,-16,-12,-1,2,1,-4,6,2,-2,2,0,-2,3,1,-3,3,0,0,-9,298,-2,0,2,-1,0,0,-1,1,0,-1,4,-1
KR_6675610548,420,-1,-32,-24,-2,-1,3,2,0,1,1,3,0,3,-3,8,5,-1,1,0,0,2,-3,-3,-5,8,5,0,-1,-1,1,-1,1,6,-1
KR_6710405014,420,-10,-135,-12,-11,-3,4,1,-2,2,0,0,3,3,-6,6,0,0,0,0,-1,-11,331,-3,0,3,0,0,0,-1,1,-1,-1,2,-1
KR_6759735264,420,1,41,24,-3,0,0,0,0,1,1,4,0,4,-6,7,1,-1,1,0,0,-8,2,1,-8,7,1,0,0,-1,1,1,-1,6,-1
KR_6740970260,420,-3,-49,-16,-1,2,1,3,3,2,5,-3,4,1,-2,4,2,-1,1,0,0,1,4,-1,-5,6,0,0,-1,-1,-1,-1,1,5,-1
KR_5792948024,420,2,-45,-27,8,4,0,4,6,2,8,0,2,2,-2,4,2,0,3,3,1,6,5,3,-5,2,-1,0,2,-1,1,1,1,3,-1
KR_6763211658,420,-3,-79,-30,-4,-6,6,0,1,1,2,-4,4,0,3,1,4,2,1,3,0,1,5,0,-5,5,-1,0,-1,0,0,-1,-1,0,-1
KR_6753714560,420,1,1,8,0,6,0,6,-4,5,1,-5,7,2,5,1,6,-2,2,0,1,1,3,7,-9,2,-5,0,1,-1,-1,1,1,5,-1
KR_6649031229,440,-2,10,0,-7,0,2,2,-2,7,5,-1,3,2,-1,1,0,-3,4,1,0,-16,-20,-2,-1,3,1,0,0,1,1,1,-1,2,-1
KR_6750345007,420,-3,-59,-25,-12,-5,8,3,-6,6,0,4,2,6,-5,6,1,0,0,0,0,-10,-4,-5,-1,6,3,0,0,0,-1,-1,-1,0,-1
KR_6761180862,420,1,-17,-36,-2,0,0,0,3,0,3,4,1,5,-7,7,0,-2,2,0,0,-4,-343,2,-2,0,1,0,0,0,1,-1,1,0,-1
KR_6625167943,420,-5,-65,-28,-11,-3,5,2,-4,9,5,-4,5,1,1,3,4,-1,1,0,0,-6,-7,0,-1,1,-2,0,-1,-1,-1,-1,-1,3,-1
KR_6761970666,440,-6,-29,-15,-5,-1,3,2,-3,5,2,-2,5,3,4,1,5,-3,3,0,-1,0,111,2,-5,3,-2,0,-1,1,-1,-1,-1,3,-1
KR_6743322854,420,1,-29,19,1,1,1,2,0,2,2,6,0,6,-4,4,0,-2,2,0,0,-5,-3,-1,-2,3,3,0,0,-1,1,1,-1,6,-1
KR_6717131089,420,-1,32,-10,-6,2,2,4,-2,2,0,-3,4,1,-2,2,0,-1,1,0,0,-7,-12,1,-9,8,-5,0,1,-1,0,1,-1,5,-1
KR_6545388360,420,2,48,9,11,0,2,2,-1,3,2,0,5,5,7,0,7,5,0,5,0,6,4,-1,-7,8,1,0,1,-1,-1,1,1,3,-1
KR_6697008117,420,1,-30,20,1,1,1,2,3,6,9,-2,5,3,2,0,2,-3,4,1,0,-8,6,5,-5,0,-3,0,0,-1,-1,1,-1,5,-1
KR_6747909092,420,2,-24,24,2,2,1,3,4,0,4,-2,2,0,-2,4,2,0,0,0,0,3,17,-1,-4,5,-8,0,-2,1,1,-1,1,6,-1
KR_6671398168,440,-5,-74,-11,-4,-4,5,1,-4,5,1,1,0,1,3,3,6,0,0,0,0,-3,5,0,-2,2,-6,0,-1,-1,-1,-1,1,1,-1
KR_6747213388,420,-1,-55,1,-7,-3,3,0,2,1,3,-2,7,5,3,2,5,-7,7,0,-2,-11,15,4,-5,1,-3,0,-1,0,-1,-1,-1,0,-1
KR_6700374721,420,3,32,-2,4,-2,3,1,9,2,11,-3,5,2,-1,3,2,1,0,1,0,13,-17,3,-8,5,5,0,0,1,-1,0,-1,6,-1
KR_6754941858,420,-2,29,-18,-3,-3,4,1,-2,4,2,-2,2,0,3,1,4,1,0,1,0,-1,-1,3,-8,5,-1,0,0,0,0,0,1,0,-1
KR_6757791640,420,-1,-33,9,-2,-1,1,0,-4,4,0,-1,3,2,2,1,3,2,0,2,0,4,-6,-1,-3,4,4,0,0,1,-1,1,-1,1,-1
KR_6753292607,420,1,-37,24,-4,1,3,4,5,3,8,3,1,4,-10,10,0,-3,4,1,0,6,-265,-5,-1,6,-2,0,0,-1,-1,-1,-1,1,-1
KR_6557909775,420,-7,-95,-36,-14,1,2,3,-1,1,0,-6,6,0,-9,10,1,1,0,1,0,-3,5,2,-6,4,-3,0,-2,-1,-1,-1,-1,6,-1
KR_6757139078,420,0,72,-36,-1,1,2,3,0,1,1,0,2,2,-3,5,2,1,0,1,0,-7,5,0,-3,3,-1,0,0,0,-1,0,1,0,-1
KR_6658384602,420,-2,-28,-37,-1,-2,2,0,-4,6,2,1,1,2,-1,2,1,5,0,5,0,2,127,-1,-2,3,3,0,-1,-1,-1,-1,1,3,-1
KR_6702551826,420,0,-14,44,-1,6,0,6,-2,2,0,-5,5,0,-1,5,4,1,1,2,0,-7,5,1,-7,6,-3,0,2,1,1,1,-1,2,-1
KR_6670788283,440,4,54,20,8,-3,4,1,4,1,5,1,2,3,7,4,11,-1,1,0,1,5,315,0,-2,2,-1,0,0,0,0,0,1,0,-1
KR_6756594785,420,1,-67,-4,0,-4,5,1,8,3,11,-1,2,1,-3,6,3,0,1,1,1,5,-12,-1,-1,2,6,0,-1,0,-1,-1,1,0,-1
KR_6715852616,420,0,35,0,-2,-2,4,2,4,1,5,3,1,4,-7,7,0,0,0,0,0,-3,-42,-1,-1,2,20,0,0,-1,-1,0,-1,1,-1
KR_6208844258,420,1,55,-8,2,-4,4,0,7,2,9,1,3,4,1,1,2,-3,3,0,0,3,3,-1,-2,3,0,0,0,1,-1,-1,1,2,-1
KR_6662371304,420,-4,-36,-3,-16,-5,6,1,-4,4,0,-4,5,1,-3,4,1,0,2,2,-1,-15,10,-1,-5,6,1,0,-1,0,1,-1,-1,0,-1
KR_6763200599,420,-3,9,0,-2,-1,1,0,2,0,2,-7,7,0,4,4,8,0,3,3,-2,-3,34,-1,-3,4,-14,0,2,1,1,1,-1,4,-1
KR_6627311181,420,-7,-136,-10,-7,6,0,6,-5,6,1,-3,4,1,-9,9,0,4,0,4,0,-6,-43,-2,-2,4,-2,0,-2,-1,-1,-1,-1,5,-1
KR_6725203536,420,2,-6,22,4,-2,3,1,3,0,3,-7,7,0,7,0,7,3,0,3,-1,12,-1,-3,-1,4,0,0,1,1,1,1,-1,4,-1
KR_6759388431,420,2,15,43,-2,-4,5,1,0,2,2,2,1,3,-2,2,0,2,2,4,0,3,7,-1,-4,5,6,0,2,1,1,1,-1,4,-1
KR_6740179184,440,-4,-62,-3,-3,2,0,2,-1,2,1,0,4,4,3,3,6,-7,7,0,0,5,4,-3,-2,5,1,0,1,1,1,-1,-1,5,-1
KR_6751521239,440,2,-19,0,5,-3,3,0,6,0,6,1,0,1,-1,4,3,2,0,2,-1,5,-5,4,-8,4,2,0,-1,1,1,-1,-1,2,-1
KR_6715858057,420,-4,-89,-8,-19,-1,4,3,-5,6,1,-2,4,2,-8,10,2,-3,5,2,0,-18,-8,-3,-2,5,1,0,-1,-1,1,-1,-1,2,-1
KR_6748846331,420,-4,-120,-31,-7,-3,3,0,0,3,3,0,3,3,-2,4,2,-2,4,2,0,0,-1,4,-5,1,-2,0,-1,1,-1,-1,1,3,-1
KR_6698526712,420,-2,-68,-33,-3,0,0,0,2,3,5,1,1,2,-4,5,1,-2,2,0,0,-1,-21,3,-7,4,1,0,-1,-1,-1,-1,1,3,-1
KR_6602468190,420,0,24,-35,1,6,1,7,-2,5,3,-2,4,2,1,1,2,-2,2,0,0,-1,-10,1,-6,5,-2,0,-1,-1,-1,-1,-1,4,-1
KR_6761050485,420,-3,-92,5,-4,-1,1,0,-5,5,0,1,3,4,0,4,4,1,1,2,-1,-2,4,1,-3,2,2,0,0,-1,1,-1,-1,1,-1
KR_6747663909,420,-4,-107,23,-13,-3,3,0,-5,7,2,-2,4,2,-3,6,3,0,3,3,-2,-9,-29,-2,-1,3,17,0,-3,1,1,-1,-1,5,-1
KR_6735323228,420,0,-60,-4,2,1,2,3,-2,2,0,3,0,3,0,1,1,0,0,0,0,0,-26,-2,-1,3,2,0,0,1,1,0,1,5,-1
KR_6758904764,420,-2,68,20,-4,0,2,2,2,2,4,-3,3,0,-1,1,0,-2,2,0,0,-8,10,3,-4,1,0,0,1,-1,1,1,1,4,-1
KR_6662363698,420,-1,-75,-12,-6,-5,5,0,-2,3,1,-1,2,1,0,5,5,2,0,2,-1,0,1,-3,-4,7,-3,0,-2,-1,1,-1,-1,6,-1
KR_6756651915,420,-8,-109,-20,-14,0,3,3,1,0,1,-6,7,1,-9,9,0,0,1,1,0,-11,10,-2,-1,3,-7,0,-3,-1,-1,-1,-1,5,-1
KR_6663994851,420,-2,6,-12,4,1,3,4,-1,5,4,2,1,3,1,1,2,1,1,2,0,-6,9,1,-2,1,-1,0,1,-1,-1,1,-1,4,-1
KR_6757861325,420,0,-16,48,-8,-4,5,1,1,3,4,-6,6,0,-1,3,2,2,2,4,0,-2,13,-5,0,5,-1,0,-1,1,0,-1,-1,6,-1
KR_6571896092,440,1,17,-2,4,2,0,2,1,1,2,-1,2,1,1,1,2,1,2,3,0,1,-5,4,-5,1,-3,0,0,0,-1,0,1,0,-1
KR_6667234558,420,-4,-67,-13,-4,-1,1,0,-2,2,0,-4,4,0,4,1,5,-1,1,0,0,-4,-26,-2,-3,5,-2,0,-2,-1,-1,-1,1,1,-1
KR_6348753403,420,-3,-80,24,-8,0,2,2,-1,2,1,0,3,3,-6,6,0,-1,1,0,0,-5,-5,-2,-4,6,-1,0,-1,-1,-1,-1,-1,5,-1
KR_6725601228,420,-1,-33,-18,-2,-1,4,3,-4,7,3,7,0,7,-2,3,1,-2,5,3,-2,-2,-2,-3,-2,5,0,0,-2,1,-1,-1,-1,4,-1
KR_6697560783,420,2,60,26,-1,-1,1,0,-1,3,2,2,1,3,0,2,2,-1,1,0,-1,-2,-112,1,-6,5,-4,0,0,1,1,0,-1,2,-1
KR_6760883306,420,-3,-67,24,-7,-4,4,0,-2,2,0,3,2,5,-5,6,1,1,0,1,0,-10,15,0,-3,3,-1,0,-1,1,-1,-1,-1,6,-1
KR_6749315955,420,0,30,-12,-1,-4,4,0,-2,2,0,0,0,0,4,0,4,1,1,2,0,-1,-44,-3,-1,4,16,0,0,0,-1,-1,1,0,-1
KR_6496636649,420,0,-23,-28,0,1,1,2,0,3,3,2,0,2,-1,3,2,-2,2,0,-1,-6,1,-1,-6,7,4,0,0,1,1,0,-1,6,-1
KR_6681937978,420,0,-13,27,2,0,0,0,1,2,3,0,1,1,1,1,2,0,1,1,0,-4,-16,2,-5,3,-1,0,0,-1,0,0,-1,6,-1
KR_6761258174,420,-1,-68,1,-3,3,0,3,-1,3,2,-5,5,0,0,1,1,0,1,1,0,-8,5,7,-8,1,-3,0,0,1,-1,0,1,6,-1
KR_6515335174,420,-2,5,-17,-12,-1,3,2,0,3,3,-1,2,1,-5,7,2,-5,6,1,0,-11,7,5,-7,2,-4,0,0,-1,0,-1,-1,4,-1
KR_6754819920,420,-4,-81,-20,-10,1,2,3,-4,6,2,-4,6,2,-4,5,1,1,1,2,-2,-20,4,1,-5,4,-1,0,0,-1,-1,0,-1,5,-1
KR_6393774617,420,-6,-49,-16,-14,-1,1,0,-1,2,1,-5,5,0,-5,5,0,-2,3,1,-1,-13,-3,-4,-2,6,1,0,0,1,1,0,-1,6,-1
KR_6713818819,420,-5,-123,3,-13,-1,2,1,-7,7,0,-5,5,0,0,4,4,0,1,1,0,-10,67,0,-7,7,-2,0,-2,-1,-1,-1,-1,6,-1
KR_6666631211,420,-2,-45,21,-10,1,1,2,-2,3,1,0,2,2,-5,5,0,-4,5,1,0,-15,-3,-1,-3,4,1,0,0,0,0,0,-1,0,-1
KR_6734436904,420,3,82,48,8,0,2,2,1,1,2,3,2,5,3,2,5,1,0,1,1,4,-43,-4,-3,7,2,0,1,0,1,1,1,0,-1
KR_6762889300,420,-1,-57,-11,-8,0,3,3,3,1,4,-7,9,2,-9,11,2,5,1,6,0,-3,1,1,-6,5,-1,0,-3,-1,-1,-1,-1,3,-1
KR_6700819508,420,-4,51,-28,-9,7,0,7,-4,7,3,-4,6,2,-6,6,0,-2,4,2,0,-11,284,-4,-2,6,6,0,-1,-1,1,1,-1,1,-1
KR_6669122340,420,-4,-34,0,-6,-3,3,0,2,2,4,-4,6,2,-1,3,2,0,1,1,0,3,-1,1,-5,4,-3,0,-1,-1,0,-1,-1,3,-1
KR_6714494958,440,-4,20,-24,-9,0,1,1,-3,4,1,-2,2,0,-1,1,0,-3,3,0,0,-11,-39,0,-4,4,9,0,-1,-1,-1,-1,-1,2,-1
KR_6177965958,420,3,37,-21,4,0,0,0,1,0,1,1,1,2,-1,6,5,3,0,3,0,6,3,2,-6,4,0,0,1,-1,1,1,-1,1,-1
KR_6758130642,420,-1,-24,56,-3,0,1,1,-4,5,1,-3,4,1,4,1,5,0,1,1,0,-1,-2,-2,-4,6,2,0,-1,-1,0,-1,-1,6,-1
KR_6545495890,420,-2,-53,28,-6,-2,3,1,0,6,6,-6,6,0,-2,3,1,4,0,4,0,-3,-2,1,-4,3,0,0,0,-1,1,0,-1,1,-1
KR_6511825622,420,-5,-75,-55,-7,2,0,2,0,1,1,-6,7,1,-2,3,1,-1,1,0,-1,-1,-51,0,-4,4,7,0,0,-1,-1,0,-1,6,-1
KR_6717854670,440,-1,-35,-8,-1,-1,1,0,-8,8,0,4,1,5,1,1,2,3,0,3,0,2,19,3,-4,1,-2,0,0,0,1,0,1,0,-1
KR_6733017929,420,-2,1,-1,-5,-2,3,1,1,2,3,-3,3,0,1,1,2,-2,2,0,0,2,-6,-2,-4,6,1,0,-1,-1,-1,-1,-1,4,-1
KR_6753128839,420,0,-14,8,-2,1,2,3,0,4,4,0,0,0,0,2,2,-3,3,0,-1,-8,15,-8,-1,9,1,0,1,-1,-1,1,-1,3,-1
KR_6633805700,420,0,45,-20,3,3,1,4,3,0,3,-4,5,1,2,0,2,-1,1,0,0,1,53,-4,-2,6,-17,0,0,-1,0,0,-1,6,-1
KR_6692850974,420,0,-57,-1,-1,1,1,2,-3,5,2,0,2,2,0,2,2,1,0,1,0,-4,-8,4,-4,0,-2,0,-1,1,-1,-1,1,4,-1
KR_6689328017,420,-7,-137,-39,-13,-3,4,1,-4,4,0,2,0,2,-5,6,1,-3,4,1,-1,-11,-4,6,-10,4,-1,0,-2,-1,-1,-1,-1,3,-1
KR_6754418831,440,-2,-35,-11,-3,-3,5,2,-6,6,0,3,0,3,0,2,2,3,1,4,-3,-4,1,-1,-2,3,3,0,-1,1,0,-1,-1,3,-1
KR_6622267678,420,-3,20,0,-1,0,2,2,4,1,5,-4,7,3,-1,3,2,0,1,1,1,13,-6,5,-7,2,2,0,1,-1,1,1,1,5,-1
KR_6746305484,420,-5,-150,-42,-10,-5,5,0,-1,4,3,-5,5,0,-2,2,0,3,2,5,0,-1,-4,2,-4,2,1,0,-1,-1,-1,-1,-1,6,-1
KR_6741017771,420,-6,-68,1,-7,0,0,0,-1,4,3,-3,3,0,-3,4,1,0,1,1,0,-12,-6,-3,-3,6,0,0,0,0,-1,-1,-1,0,-1
KR_6737298428,420,3,54,52,-1,-1,2,1,-3,4,1,9,0,9,-6,9,3,0,0,0,-1,-17,-175,4,-8,4,0,0,3,-1,1,1,-1,4,-1
KR_6622194167,420,2,-45,0,2,-1,2,1,1,4,5,2,1,3,0,3,3,0,1,1,0,2,9,6,-10,4,-4,0,0,-1,1,1,1,4,-1
KR_6367736713,420,-2,-33,24,-7,-1,1,0,-3,5,2,-2,2,0,-3,7,4,2,0,2,0,-7,0,0,0,0,-2,0,-1,-1,-1,-1,-1,2,-1
KR_6761420951,420,-5,-9,-12,-14,0,1,1,-3,6,3,-2,4,2,-4,4,0,-5,5,0,0,-10,-124,1,-5,4,-2,0,-2,-1,-1,-1,-1,4,-1
KR_6690676077,420,-1,14,21,-7,-1,1,0,1,2,3,-1,2,1,-5,7,2,-1,1,0,0,-6,-1,-5,-1,6,-1,0,-1,-1,-1,-1,-1,2,-1
KR_6759218040,420,1,-7,8,-1,-4,5,1,1,2,3,0,1,1,0,3,3,2,1,3,0,5,-1,0,-6,6,0,0,1,1,1,1,1,2,-1
KR_6675491762,420,0,-6,-32,3,0,5,5,0,2,2,-1,4,3,4,2,6,0,1,1,0,3,-9,-4,-3,7,0,0,0,-1,-1,1,1,6,-1
KR_6685332716,420,0,-43,-8,5,-2,2,0,0,2,2,0,1,1,3,1,4,4,1,5,2,6,-16,-5,-1,6,-5,0,-1,1,-1,-1,1,1,-1
KR_6702463942,420,-4,-68,-10,-5,1,3,4,-1,5,4,-4,5,1,0,1,1,-1,1,0,-1,-4,-44,-2,-6,8,4,0,0,-1,1,0,-1,2,-1
KR_6738357469,420,-3,-51,-7,-5,-2,3,1,-3,4,1,3,0,3,-3,4,1,0,0,0,-1,-1,0,4,-8,4,0,0,-1,-1,-1,-1,-1,1,-1
KR_6729129802,420,0,5,0,-3,-1,3,2,-3,4,1,2,2,4,-1,3,2,0,1,1,0,-3,1,1,-5,4,0,0,0,-1,1,1,1,6,-1
KR_6741077330,420,1,30,0,1,3,0,3,-1,2,1,4,1,5,-2,4,2,-3,4,1,0,-3,-3,-5,-4,9,-1,0,0,1,-1,0,-1,5,-1
KR_6754647116,420,-3,-48,-36,-10,2,0,2,2,2,4,-8,10,2,-2,3,1,-4,6,2,-2,-9,-241,-1,-1,2,1,0,-1,-1,-1,-1,-1,4,-1
KR_6299529257,440,-3,-64,11,-10,-5,5,0,0,0,0,0,1,1,-4,4,0,-1,1,0,0,-6,10,4,-5,1,-1,0,-2,-1,-1,-1,-1,4,-1
KR_6655163326,420,-3,-23,-12,-7,3,0,3,-1,2,1,-8,9,1,1,2,3,-2,2,0,0,-2,-34,-5,-2,7,2,0,0,0,-1,0,-1,0,-1
KR_6748797742,420,0,-7,23,-3,2,3,5,0,3,3,-6,6,0,0,0,0,1,0,1,-1,1,9,3,-5,2,0,0,-2,-1,-1,-1,-1,6,-1
KR_6721043845,420,2,-43,-16,11,1,0,1,4,2,6,3,0,3,3,5,8,0,1,1,1,15,5,1,-6,5,-1,0,0,1,1,0,1,4,-1
KR_6593215351,420,-2,-23,-2,-3,2,2,4,3,1,4,-4,6,2,-3,3,0,-1,3,2,0,-2,2,2,-4,2,1,0,0,0,1,1,1,0,-1
KR_6699126758,420,-1,21,-20,1,0,1,1,1,2,3,2,1,3,-1,5,4,-1,1,0,0,4,-18,-3,-2,5,2,0,0,-1,1,1,-1,5,-1
KR_6661085472,440,0,-31,23,0,2,2,4,2,0,2,-2,2,0,-1,1,0,-1,1,0,0,0,-2,1,-4,3,2,0,-2,1,-1,-1,1,4,-1
KR_6738618864,440,-5,-68,-65,-18,2,1,3,-3,7,4,-2,3,1,-14,14,0,-1,2,1,0,-14,-7,2,-2,0,-1,0,-3,0,0,-1,1,0,-1
KR_6727956756,420,3,-25,-8,7,6,1,7,7,0,7,-3,4,1,-4,6,2,1,1,2,-1,7,27,2,-4,2,1,0,1,1,1,1,-1,1,-1
KR_6715551457,440,0,26,4,1,-1,2,1,-1,1,0,2,1,3,0,6,6,1,0,1,0,-4,-7,1,-3,2,-1,0,0,0,1,0,1,0,-1
KR_6759910927,420,-4,-57,-24,-9,-5,5,0,0,6,6,-1,1,0,-1,2,1,-2,2,0,0,-5,12,3,-9,6,-8,0,0,-1,-1,1,-1,6,-1
KR_6758250049,420,-2,21,18,-15,2,2,4,-3,4,1,-8,8,0,-4,5,1,-2,3,1,-1,-16,0,0,-3,3,-1,0,-1,-1,-1,-1,-1,4,-1
KR_6741572579,420,-6,-70,-5,-12,-4,4,0,-4,5,1,-3,4,1,-1,2,1,0,0,0,0,-16,1,-3,-3,6,-1,0,0,1,-1,-1,-1,4,-1
KR_6723928807,420,3,-18,0,10,3,0,3,0,1,1,-2,9,7,5,1,6,4,1,5,0,11,-100,-1,-4,5,-3,0,0,-1,-1,-1,-1,1,-1
KR_6713296222,420,0,-13,-3,-11,-3,4,1,0,2,2,-2,4,2,-7,7,0,1,0,1,0,-3,7,-2,-1,3,-5,0,-1,-1,0,-1,1,4,-1
KR_6730863768,420,-2,-17,-26,0,-2,3,1,3,0,3,0,2,2,0,3,3,-1,1,0,0,0,-6,1,-3,2,-1,0,0,1,-1,0,1,5,-1
KR_6616770985,420,-5,-60,0,-10,-5,5,0,-3,5,2,-3,5,2,4,0,4,-3,4,1,0,-8,-6,-3,0,3,5,0,1,-1,-1,1,-1,5,-1
KR_6762449051,420,2,-1,18,0,-2,2,0,2,0,2,-2,2,0,0,1,1,2,0,2,0,-1,-8,-2,-4,6,-3,0,0,-1,-1,0,-1,6,-1
KR_6756837067,420,-2,-88,0,-10,3,2,5,2,0,2,-1,2,1,-11,12,1,-3,3,0,0,-7,4,-2,-5,7,-5,0,-2,-1,-1,-1,-1,6,-1
KR_6734959271,420,0,-76,5,-4,0,3,3,-3,7,4,-1,3,2,0,2,2,0,0,0,0,-5,-4,-5,-2,7,-6,0,-1,1,-1,-1,-1,3,-1
KR_6306613314,420,-10,-81,-56,-23,-5,5,0,-6,6,0,-3,4,1,-7,8,1,-2,2,0,-1,-20,-13,-2,0,2,3,0,-5,-1,-1,-1,-1,2,-1
KR_6753222896,420,2,-23,-8,7,0,3,3,-1,2,1,3,2,5,5,0,5,0,1,1,0,7,19,-1,-3,4,-3,0,2,-1,1,1,1,5,-1
KR_6761894127,440,-1,-12,0,-2,-1,3,2,1,1,2,-2,2,0,2,2,4,-2,3,1,-1,-2,4,4,-7,3,-1,0,0,1,0,0,-1,1,-1
KR_6750070750,420,1,-6,-12,-2,-1,3,2,2,1,3,-1,2,1,-1,3,2,-1,2,1,-1,-5,-4,4,-7,3,1,0,0,-1,1,1,-1,5,-1
KR_6762367510,440,-5,-72,13,-11,-6,7,1,-2,2,0,1,1,2,-1,1,0,-3,4,1,0,-2,33,-13,-1,14,-16,0,-1,-1,-1,-1,-1,6,-1
KR_6662215771,420,-3,27,-13,-10,-2,2,0,-5,5,0,-4,4,0,0,4,4,1,0,1,0,-5,-13,0,-1,1,2,0,-3,-1,0,-1,-1,5,-1
KR_6715499744,420,1,12,4,3,-3,6,3,0,1,1,0,1,1,2,1,3,4,1,5,0,1,-3,-4,-3,7,0,0,1,1,1,1,-1,6,-1
KR_6750438763,420,-3,-100,-4,-5,0,2,2,1,1,2,-3,4,1,-1,2,1,-2,3,1,0,0,255,4,-6,2,3,0,-1,-1,1,-1,1,5,-1
KR_6731033757,420,3,-45,31,2,-2,3,1,4,1,5,0,0,0,2,1,3,-2,2,0,0,3,3,-3,-2,5,2,0,1,-1,0,1,1,6,-1
KR_6752162842,420,0,-46,0,-6,0,1,1,-1,2,1,-2,4,2,-2,2,0,-1,3,2,0,-4,-11,0,-3,3,-5,0,0,1,0,0,-1,3,-1
KR_6745968452,420,1,8,8,0,-3,4,1,3,1,4,4,4,8,-4,4,0,0,1,1,0,-1,7,-3,-2,5,-1,0,0,-1,-1,1,1,1,-1
KR_6750406837,420,-1,-37,-19,-2,0,2,2,-2,3,1,4,0,4,-4,5,1,0,0,0,0,-8,-8,0,-3,3,1,0,-1,-1,-1,-1,1,1,-1
KR_6751753040,420,-3,-39,-12,-1,-2,3,1,-2,3,1,2,1,3,2,2,4,-1,2,1,0,7,-82,-1,-3,4,-5,0,0,-1,-1,-1,-1,6,-1
KR_6655852454,440,-2,-3,-16,-6,3,0,3,-3,3,0,-6,6,0,-2,5,3,2,2,4,0,-10,7,8,-8,0,-4,0,-1,0,0,-1,-1,0,-1
KR_6760517895,420,0,18,-8,0,3,1,4,0,2,2,-7,8,1,2,2,4,2,2,4,0,1,340,-1,-2,3,-1,0,0,0,1,1,1,0,-1
KR_6741078764,420,1,-8,-44,1,-1,2,1,-2,4,2,4,1,5,0,1,1,0,0,0,0,5,15,6,-6,0,4,0,-1,-1,-1,-1,-1,5,-1
KR_6615015142,420,-1,-39,-59,2,0,2,2,-2,4,2,0,6,6,5,0,5,-1,3,2,0,-6,-13,-1,-5,6,2,0,0,-1,-1,-1,1,3,-1
KR_6738418727,420,-1,-2,-8,2,3,1,4,-6,6,0,2,3,5,2,1,3,1,0,1,0,-7,6,3,-6,3,-3,0,-1,-1,0,-1,1,4,-1
KR_6748974062,420,-2,-38,-4,1,-2,4,2,-1,5,4,0,3,3,4,0,4,0,1,1,0,12,4,8,-8,0,-2,0,0,1,-1,-1,1,5,-1
KR_6764131863,420,3,63,-11,4,5,2,7,1,3,4,1,1,2,-1,1,0,-2,4,2,0,-9,-280,2,-5,3,-5,0,0,-1,-1,-1,1,5,-1
KR_6610893672,420,-6,-42,-64,-11,-1,2,1,-1,4,3,-7,7,0,-2,2,0,0,0,0,0,-7,91,4,-7,3,0,0,0,-1,-1,0,-1,5,-1
KR_6763294037,420,-5,-57,0,-9,0,3,3,1,1,2,-1,2,1,-7,7,0,-2,2,0,0,-6,-4,-4,0,4,-1,0,-2,1,0,-1,-1,5,-1
KR_6610203332,420,-6,-109,-48,-12,0,2,2,-2,4,2,-5,6,1,-2,2,0,-3,4,1,0,-9,1,0,-3,3,-2,0,-1,-1,1,-1,-1,6,-1
KR_6733180676,440,-2,35,-28,0,-2,2,0,0,4,4,-5,5,0,3,2,5,4,1,5,0,2,41,2,-5,3,-20,0,-1,0,1,-1,1,0,-1
KR_6716532151,420,-3,-66,30,-11,-2,5,3,3,0,3,-3,5,2,-10,10,0,1,1,2,0,-21,3,3,-5,2,-3,0,-2,1,-1,-1,-1,1,-1
KR_6736415507,420,-3,-15,-4,-8,-2,3,1,-2,5,3,0,2,2,-4,4,0,0,1,1,0,-1,15,-1,-2,3,3,0,0,-1,1,0,1,6,-1
KR_6700960085,420,4,75,-4,12,1,1,2,4,1,5,3,1,4,4,0,4,0,0,0,0,12,-107,6,-6,0,0,0,0,-1,1,0,1,4,-1
KR_6744252917,420,0,-95,0,-2,-4,4,0,5,0,5,3,2,5,-6,10,4,0,1,1,0,-5,-1,-3,-3,6,5,0,-3,-1,-1,-1,1,3,-1
KR_6715124607,420,0,20,-16,-6,0,1,1,1,2,3,-4,5,1,-4,4,0,1,2,3,1,0,2,1,-3,2,-2,0,0,-1,0,0,1,5,-1
KR_6759600233,420,-2,-24,-16,-3,-1,1,0,0,1,1,-1,2,1,-2,5,3,1,1,2,0,-4,5,2,-4,2,1,0,0,1,-1,0,-1,4,-1
KR_6749132631,440,-2,-27,-11,-6,-2,2,0,2,0,2,2,6,8,-5,7,2,-3,3,0,0,-11,-1,1,-5,4,3,0,0,1,0,0,-1,3,-1
KR_6737277463,420,-4,-88,-13,-11,-1,5,4,-2,4,2,-5,6,1,-2,5,3,-1,1,0,-1,-6,-13,-4,-1,5,-4,0,-2,-1,-1,-1,-1,2,-1
KR_6752756770,420,-3,-72,-4,-2,-2,4,2,0,2,2,-3,4,1,2,3,5,1,0,1,1,0,-9,-1,-2,3,-2,0,0,1,-1,0,1,5,-1
KR_6729360832,420,-2,-67,7,-9,-4,5,1,-2,6,4,-4,8,4,-3,4,1,4,0,4,0,-4,23,-6,-1,7,-22,0,0,-1,0,0,1,5,-1
KR_6750908348,420,1,43,-37,-2,-1,4,3,-2,5,3,0,5,5,-1,1,0,2,0,2,0,1,-33,-4,-3,7,-2,0,0,-1,1,0,1,3,-1
KR_6716676342,420,1,-9,9,-4,2,2,4,2,0,2,0,2,2,-3,6,3,-5,5,0,0,-1,-4,2,-5,3,-1,0,-1,-1,1,-1,1,4,-1
KR_6683948915,420,-5,-11,-24,-11,-2,3,1,-2,3,1,-5,5,0,-2,4,2,0,0,0,-1,-17,-9,1,-5,4,4,0,-1,-1,-1,-1,-1,6,-1
KR_6761241710,420,-3,-56,-32,-7,-2,3,1,-4,6,2,-4,5,1,2,1,3,1,1,2,0,-3,101,0,-2,2,1,0,-2,1,-1,-1,-1,3,-1
KR_6745712737,420,-4,-25,4,-13,1,1,2,-2,4,2,-4,5,1,-6,8,2,-2,2,0,0,-13,-3,-2,-2,4,-1,0,-1,1,-1,-1,1,1,-1
KR_6748315735,440,-5,-78,0,-13,-14,14,0,1,0,1,1,0,1,-2,3,1,1,0,1,0,-9,52,2,-4,2,0,0,-2,-1,-1,-1,-1,6,-1
KR_6759852741,420,-3,-63,-10,-1,0,4,4,-1,3,2,0,3,3,1,4,5,-1,1,0,0,-8,170,-2,-2,4,0,0,-1,-1,-1,-1,1,4,-1
KR_6396586099,420,-3,-116,-6,-6,-2,2,0,5,1,6,-4,6,2,-4,5,1,-1,1,0,0,-8,8,3,-4,1,-2,0,-1,-1,0,-1,-1,4,-1
KR_6743589012,440,-3,-55,-16,-10,2,0,2,0,0,0,-4,5,1,-4,4,0,-4,4,0,0,-11,-37,-3,-2,5,13,0,-1,1,-1,-1,1,4,-1
KR_6756047845,420,1,-15,8,1,1,0,1,-4,4,0,2,1,3,2,3,5,0,0,0,0,2,11,1,-6,5,1,0,0,0,-1,0,1,0,-1
KR_6758849853,440,2,38,-23,2,4,0,4,-1,1,0,-4,4,0,2,3,5,1,1,2,1,2,17,1,-3,2,-1,0,-1,-1,0,-1,1,2,-1
KR_6759727980,420,-5,12,-16,-11,-5,5,0,-4,4,0,-4,7,3,3,7,10,-1,1,0,0,-14,10,3,-5,2,-3,0,-2,0,-1,-1,1,0,-1
KR_6731524610,420,-4,-39,-27,-12,2,0,2,-5,7,2,-10,10,0,3,1,4,-2,2,0,0,-6,-99,2,-4,2,0,0,-2,-1,0,-1,1,5,-1
KR_6741699396,440,-6,-55,-5,-15,-1,2,1,-6,6,0,-1,2,1,-4,4,0,-3,4,1,0,-10,-5,3,-3,0,0,0,0,0,0,0,-1,0,-1
KR_6717927850,420,-4,-50,-12,-15,-5,5,0,0,3,3,-2,3,1,-6,6,0,-2,2,0,0,-12,-4,-3,-2,5,-1,0,-1,-1,0,-1,-1,4,-1
KR_6618596155,420,-1,-59,-28,-6,1,1,2,-1,4,3,-5,6,1,0,1,1,-1,1,0,0,-8,0,-7,-2,9,4,0,-2,-1,-1,-1,1,6,-1
KR_6758801319,420,-6,-132,-28,-1,-1,1,0,1,2,3,0,3,3,-2,3,1,1,1,2,0,4,60,3,-5,2,-2,0,0,-1,1,0,1,2,-1
KR_6763717391,420,-7,-71,-38,-13,-4,4,0,-2,2,0,0,3,3,-3,3,0,-4,4,0,0,-11,-4,2,-5,3,0,0,-1,1,-1,-1,-1,6,-1
KR_6650187504,420,-1,-58,-8,0,-1,3,2,1,3,4,0,2,2,0,3,3,0,0,0,0,0,12,1,-2,1,-1,0,0,-1,0,0,-1,4,-1
KR_6726188905,420,-4,-72,20,-3,0,4,4,0,1,1,-4,5,1,1,1,2,0,1,1,-1,-10,-5,-2,-4,6,-2,0,-3,-1,1,-1,-1,2,-1
KR_6762125603,420,-3,18,-53,-2,1,0,1,-8,8,0,2,3,5,-2,3,1,5,0,5,0,-4,-4,0,-2,2,-2,0,-1,1,-1,-1,-1,3,-1
KR_6695148660,420,-5,-28,8,-13,-1,1,0,-1,3,2,-4,5,1,-6,6,0,-1,2,1,0,-14,-9,-2,-3,5,-1,0,-1,-1,0,-1,-1,4,-1
KR_6338233906,420,-4,-21,12,-5,4,1,5,0,4,4,-3,3,0,-7,9,2,1,0,1,0,-10,-8,-4,-3,7,-4,0,0,0,1,1,1,0,-1
KR_6682312910,420,-4,24,-20,-11,-2,2,0,-3,4,1,-4,8,4,-3,5,2,1,0,1,0,-1,4,-4,0,4,-1,0,-1,-1,-1,-1,-1,4,-1
KR_6686471783,420,-4,-62,-16,-10,-6,8,2,0,2,2,-1,4,3,-2,3,1,-1,1,0,0,-6,177,-3,-1,4,-1,0,-2,-1,1,-1,-1,4,-1
KR_6751344845,420,-3,-16,-12,-5,-4,4,0,3,0,3,-4,4,0,1,2,3,-1,2,1,0,1,-25,1,-2,1,-2,0,0,-1,-1,0,-1,4,-1
KR_6750795148,420,-2,14,-44,-2,-2,3,1,0,1,1,0,2,2,0,0,0,0,0,0,0,-5,-6,-3,-2,5,6,0,-2,-1,-1,-1,1,4,-1
KR_6322899430,420,-7,-110,-63,-11,-5,6,1,-2,6,4,0,1,1,-2,2,0,-2,3,1,0,-9,-2,0,-3,3,-2,0,-2,-1,-1,-1,1,2,-1
KR_6697040905,420,-2,11,7,-3,-3,3,0,1,2,3,-3,4,1,3,0,3,-1,1,0,0,0,-3,4,-6,2,-1,0,0,1,1,0,1,6,-1
KR_6699708417,420,-2,7,1,-9,-1,2,1,-5,6,1,-3,4,1,0,5,5,0,2,2,-2,-16,-1,-4,-4,8,1,0,0,1,-1,0,-1,6,-1
KR_6757898742,420,-3,-57,-28,-2,0,1,1,0,0,0,2,1,3,-3,5,2,-1,2,1,0,-2,0,-1,-7,8,0,0,-1,-1,0,-1,1,5,-1
KR_6645702941,420,-1,-1,-4,2,-2,5,3,3,0,3,1,4,5,-2,6,4,2,0,2,0,1,52,5,-8,3,-13,0,0,1,0,0,1,4,-1
KR_6602602586,420,0,3,-20,-3,8,0,8,-1,1,0,-2,4,2,-2,6,4,-6,6,0,0,1,3,0,-2,2,0,0,-1,-1,1,-1,-1,6,-1
KR_6681564861,420,-2,-57,-12,-5,1,2,3,-2,5,3,-4,4,0,1,0,1,-1,2,1,0,3,-7,-6,0,6,-4,0,-1,-1,1,-1,1,3,-1
KR_6734767810,420,-4,-17,-34,-12,4,0,4,-4,4,0,-8,8,0,-3,3,0,-1,1,0,0,-15,-10,-2,-5,7,2,0,0,-1,-1,-1,-1,1,-1
KR_6697080356,420,-1,20,-8,-4,1,0,1,-8,9,1,3,1,4,0,3,3,0,0,0,0,-5,6,-3,-4,7,3,0,0,0,-1,0,-1,0,-1
KR_6667387193,420,1,21,-13,4,1,1,2,-2,3,1,4,0,4,1,0,1,0,0,0,0,6,-265,-2,-5,7,2,0,1,-1,1,1,1,2,-1
KR_6740075275,420,-2,10,-21,-5,-1,1,0,-2,3,1,-6,7,1,3,2,5,1,0,1,0,-7,271,-3,0,3,3,0,0,-1,1,1,1,4,-1
KR_6728430073,420,-1,-12,4,-3,-4,5,1,-5,6,1,0,0,0,4,0,4,2,0,2,0,4,18,1,-3,2,-1,0,0,-1,0,1,-1,5,-1
KR_6728152495,420,-2,-29,2,-2,1,1,2,-2,4,2,2,1,3,-2,3,1,-1,1,0,0,1,-1,2,-4,2,0,0,1,-1,-1,1,-1,2,-1
KR_6707556703,440,-5,22,-40,-7,-1,2,1,-5,6,1,2,0,2,-2,6,4,-1,3,2,0,-2,3,-1,-4,5,0,0,0,-1,0,-1,1,6,-1
KR_6729388266,420,0,-34,8,2,-1,3,2,-1,5,4,5,1,6,1,1,2,-2,3,1,0,-2,5,-1,-3,4,-4,0,0,-1,0,0,-1,2,-1
KR_6721863723,420,-3,-5,-35,-6,0,0,0,-3,3,0,-1,2,1,0,2,2,-2,3,1,0,-5,-10,0,-3,3,-3,0,-1,-1,1,-1,-1,5,-1
KR_6725260322,420,-5,-44,-21,-9,0,2,2,0,4,4,-3,5,2,-7,8,1,1,2,3,0,-2,169,-3,-2,5,2,0,1,0,-1,-1,-1,0,-1
KR_6610134002,420,-2,-73,-6,-9,-2,3,1,-1,3,2,-3,4,1,0,1,1,-3,3,0,0,-11,-13,-4,0,4,3,0,-3,1,-1,-1,-1,6,-1
KR_6761063333,420,-4,15,-4,-10,-2,3,1,1,2,3,-5,6,1,-3,5,2,-1,3,2,-1,-14,-3,0,-2,2,0,0,-2,-1,-1,-1,-1,5,-1
KR_6756831770,420,-7,-108,4,-14,-2,4,2,-3,4,1,-3,5,2,-4,4,0,-2,2,0,0,-6,-3,-1,-1,2,-3,0,-1,-1,-1,-1,1,5,-1
KR_6762486166,420,-7,-67,-4,-15,-2,7,5,-1,4,3,-6,6,0,-3,4,1,-3,4,1,0,-4,7,-2,-1,3,-3,0,-2,0,-1,-1,1,0,-1
KR_6720166303,440,3,41,5,10,1,0,1,8,1,9,-2,2,0,2,1,3,1,1,2,0,9,10,2,-3,1,-5,0,1,1,1,1,1,4,-1
KR_6752279895,420,-2,-56,5,-11,-3,3,0,-1,2,1,0,1,1,-7,7,0,0,2,2,0,-7,-19,-2,-3,5,1,0,-1,0,-1,-1,-1,0,-1
KR_6731659306,420,0,-55,-40,-1,2,1,3,4,1,5,-2,3,1,0,1,1,-5,5,0,0,2,10,6,-9,3,1,0,1,1,1,1,-1,6,-1
KR_6672127107,420,2,-17,3,3,6,0,6,-2,4,2,3,0,3,-1,3,2,-3,4,1,1,3,-9,0,-3,3,0,0,-1,-1,1,1,1,5,-1
KR_6675863245,420,-4,-25,-20,-11,-1,2,1,-1,3,2,-6,9,3,-1,1,0,-2,4,2,0,-7,20,3,-3,0,-4,0,-2,1,0,-1,-1,5,-1
KR_6657431157,440,-1,11,0,-4,-2,3,1,0,2,2,0,3,3,-4,7,3,2,0,2,0,1,-10,-2,-2,4,-4,0,0,-1,0,0,1,5,-1
KR_6749586743,420,1,-20,-16,-1,-2,4,2,1,3,4,0,4,4,1,2,3,-1,1,0,0,-7,1,-1,-3,4,-2,0,0,1,0,0,-1,3,-1
KR_6396714059,420,-2,39,-76,0,0,0,0,-3,4,1,0,1,1,2,1,3,1,0,1,0,-2,48,4,-5,1,-33,0,0,-1,-1,0,1,5,-1
KR_6675590271,420,-1,-49,24,-2,-1,1,0,-2,3,1,0,4,4,2,4,6,-1,2,1,0,-3,75,-1,-1,2,0,0,0,-1,1,0,-1,6,-1
KR_6684640647,420,-2,-6,4,-2,1,3,4,-7,7,0,3,1,4,2,1,3,-1,2,1,0,-1,-13,1,-4,3,2,0,-2,1,-1,-1,-1,3,-1
KR_6675682850,420,-3,1,-5,-5,2,0,2,0,0,0,-2,4,2,-3,4,1,-2,2,0,0,-7,-95,-1,-3,4,-5,0,0,1,1,0,-1,3,-1
KR_6741730087,440,-4,-70,-3,-4,-4,5,1,-1,4,3,0,2,2,1,2,3,0,0,0,1,3,21,2,-4,2,3,0,0,-1,0,-1,1,6,-1
KR_6734753253,420,-3,-71,-26,-4,2,0,2,-2,4,2,-3,3,0,-1,2,1,0,0,0,0,-4,-3,-4,-1,5,3,0,-2,-1,-1,-1,1,2,-1
KR_6746660432,420,-7,-16,-32,-10,-5,5,0,-2,4,2,-2,4,2,0,2,2,-1,1,0,1,2,0,3,-5,2,-1,0,-1,1,1,-1,1,1,-1
KR_6695083465,420,-2,-31,2,-5,1,1,2,-2,3,1,1,4,5,-2,4,2,-3,6,3,0,-5,-3,1,-3,2,2,0,-4,-1,-1,-1,1,4,-1
KR_6704998000,420,-1,-32,-8,-4,-3,6,3,2,2,4,0,3,3,-5,6,1,2,1,3,0,1,4,-1,-6,7,-4,0,-1,-1,-1,-1,-1,4,-1
KR_6618093797,420,0,3,17,-1,4,0,4,-1,1,0,0,1,1,-3,6,3,-1,2,1,1,4,1,3,-6,3,2,0,1,-1,1,1,1,2,-1
KR_6735645627,420,1,-17,-20,-2,-1,2,1,2,2,4,1,1,2,-3,5,2,-1,1,0,0,-7,-15,-7,-4,11,3,0,0,1,1,0,-1,3,-1
KR_6625394722,420,-1,25,0,-5,1,1,2,0,2,2,1,1,2,-5,8,3,-2,5,3,-1,-8,32,3,-4,1,-13,0,0,-1,1,-1,-1,2,-1
KR_6700404826,420,0,-89,-12,2,-1,1,0,2,0,2,2,1,3,-1,1,0,0,1,1,0,2,7,-2,-4,6,-1,0,1,0,1,1,1,0,-1
KR_6750542362,440,-4,-26,-4,-6,-1,3,2,1,2,3,-2,3,1,-1,4,3,-3,4,1,0,-2,-4,0,-4,4,-1,0,-1,-1,-1,-1,1,6,-1
KR_6689538728,420,0,11,-16,-2,2,1,3,-1,4,3,-5,5,0,2,1,3,0,0,0,0,-6,8,-1,-3,4,-2,0,2,1,1,1,-1,4,-1
KR_6634100986,420,-2,-53,-36,-1,0,1,1,1,0,1,5,0,5,-5,7,2,-2,2,0,0,6,-30,-1,-1,2,11,0,-2,1,0,-1,-1,4,-1
KR_6757455568,420,-2,-39,-13,-6,-4,4,0,1,0,1,-6,6,0,-2,4,2,5,0,5,0,-6,-12,-6,0,6,2,0,-1,-1,-1,-1,1,6,-1
KR_6684782994,420,-5,2,-19,-11,-3,3,0,0,3,3,-4,7,3,-4,5,1,0,1,1,0,-10,-9,-1,-1,2,-1,0,-1,-1,-1,-1,-1,2,-1
KR_6699897178,420,-2,-83,-20,-4,-3,3,0,1,2,3,-2,5,3,0,2,2,0,0,0,0,5,-14,2,-5,3,-3,0,-1,-1,-1,-1,1,4,-1
KR_6694010503,420,-3,-71,-6,-10,-2,2,0,0,4,4,-6,8,2,-1,4,3,-1,3,2,0,-15,0,-2,-1,3,-3,0,-1,-1,-1,-1,-1,5,-1
KR_6696979958,420,-3,-98,-6,-6,-1,4,3,-1,5,4,-1,3,2,-5,6,1,2,0,2,0,-7,4,0,-5,5,-2,0,-3,-1,-1,-1,1,4,-1
KR_6742943337,440,-5,-52,-18,-7,-2,2,0,-2,3,1,0,2,2,-3,3,0,0,1,1,1,-4,-10,-4,-1,5,0,0,-1,1,-1,-1,1,3,-1
KR_6738241156,420,1,16,-7,-3,2,2,4,1,1,2,-2,2,0,-1,4,3,-3,3,0,0,-4,8,4,-7,3,-1,0,0,-1,0,0,-1,2,-1
KR_6684817224,440,0,16,-18,-3,-1,2,1,-1,3,2,-2,5,3,1,1,2,0,1,1,0,7,49,1,-4,3,0,0,-2,-1,-1,-1,1,1,-1
KR_6755246426,420,-1,-48,-3,-4,-3,3,0,0,2,2,-2,2,0,0,0,0,1,0,1,0,-3,-11,2,-5,3,3,0,-2,1,-1,-1,-1,5,-1
KR_6733363243,420,-1,10,11,-2,-2,4,2,-7,8,1,2,0,2,5,0,5,0,2,2,-1,-10,-40,-3,-2,5,2,0,0,1,-1,-1,-1,5,-1
KR_6626250386,420,-1,-72,-12,0,0,0,0,4,0,4,-2,4,2,-2,3,1,0,1,1,0,5,6,0,-3,3,1,0,0,-1,1,0,-1,3,-1
KR_6697907037,420,-3,-150,-20,-11,-2,2,0,-3,7,4,-4,6,2,-1,2,1,-1,2,1,0,-5,-9,-2,-3,5,1,0,0,0,-1,-1,-1,0,-1
KR_6756144585,420,-4,24,-25,-6,0,2,2,-2,3,1,-7,7,0,3,0,3,0,0,0,0,-9,-45,-3,0,3,1,0,-1,1,-1,-1,-1,6,-1
KR_6752236159,440,-5,-44,-6,-9,-8,8,0,0,0,0,-8,9,1,1,0,1,6,1,7,0,-5,42,5,-8,3,-3,0,-1,1,-1,-1,-1,3,-1
KR_6731388170,420,-1,-49,5,-1,-1,2,1,5,2,7,-6,6,0,0,2,2,1,1,2,0,0,-13,-4,-1,5,2,0,-1,-1,-1,-1,-1,3,-1
KR_6763978477,420,1,25,-4,-1,-1,4,3,0,2,2,-3,5,2,3,1,4,0,1,1,0,0,-4,1,-5,4,4,0,0,-1,0,0,-1,6,-1
KR_6694052624,420,-2,-94,17,-2,0,2,2,-1,3,2,-1,2,1,-2,7,5,2,0,2,0,4,0,-3,-3,6,0,0,0,1,1,0,1,3,-1
KR_6696785852,420,-3,2,8,-7,0,1,1,4,0,4,-5,10,5,-4,7,3,-2,3,1,0,-10,-11,0,-8,8,4,0,-1,-1,1,-1,-1,4,-1
KR_6753304922,420,-2,-7,-25,-3,0,3,3,-4,4,0,1,1,2,-1,2,1,1,0,1,0,-8,-31,-1,-2,3,6,0,1,-1,1,1,-1,4,-1
KR_6752344554,420,-8,-113,4,-28,-5,6,1,-1,1,0,-3,4,1,-17,21,4,-2,4,2,-1,-24,225,0,0,0,-2,0,-3,-1,-1,-1,-1,1,-1
KR_6639887684,420,0,-9,-1,-1,-5,5,0,4,2,6,3,2,5,-3,4,1,0,2,2,0,0,10,4,-4,0,-1,0,0,-1,-1,0,1,1,-1
KR_6632060322,420,2,37,-16,2,-3,3,0,-2,3,1,1,1,2,7,0,7,-1,2,1,0,0,-17,0,-4,4,1,0,1,-1,1,1,-1,6,-1
KR_6741135084,420,-1,-22,4,-7,-2,2,0,1,0,1,-5,5,0,-1,2,1,0,0,0,0,-2,-7,-1,-1,2,2,0,-1,-1,1,1,-1,2,-1
KR_6761815323,440,-1,30,-20,1,2,0,2,-3,3,0,0,1,1,-1,3,2,3,1,4,0,1,9,4,-7,3,-3,0,0,1,1,0,-1,3,-1
KR_6750877890,440,2,85,0,-2,1,1,2,2,0,2,2,4,6,-8,9,1,1,0,1,1,-2,0,-2,-1,3,2,0,1,-1,-1,1,1,2,-1
KR_6737555052,420,0,-45,-8,1,0,1,1,0,1,1,-3,3,0,1,0,1,3,0,3,0,4,-20,-3,0,3,5,0,0,0,0,0,1,0,-1
KR_6736843285,440,-4,-96,-7,-10,-2,2,0,-2,4,2,-1,3,2,-5,5,0,0,4,4,0,3,2,-5,-2,7,-3,0,-1,1,-1,-1,-1,3,-1
KR_6725482761,420,1,83,8,2,1,3,4,0,3,3,0,1,1,3,0,3,-2,2,0,0,-2,194,2,-4,2,-3,0,0,-1,-1,-1,1,2,-1
KR_6760387938,420,-4,-35,-12,-5,-3,4,1,3,0,3,-2,4,2,-1,1,0,-2,2,0,0,-1,-5,-3,-2,5,1,0,-1,1,-1,-1,1,5,-1
KR_6746381106,420,4,-27,-1,6,4,0,4,0,1,1,-4,6,2,5,0,5,1,2,3,0,8,-20,-2,-1,3,3,0,0,0,-1,0,1,0,-1
KR_6724017209,420,-2,11,-12,-11,-3,6,3,-3,5,2,-6,7,1,0,2,2,1,1,2,0,-7,-127,-4,-1,5,0,0,-3,-1,-1,-1,-1,6,-1
KR_6571769149,440,-2,-32,-8,-4,-3,3,0,-4,4,0,1,4,5,1,0,1,1,0,1,0,-8,-212,1,-2,1,-1,0,-1,1,1,-1,1,6,-1
KR_6761991199,420,-3,29,4,-18,1,3,4,-1,3,2,1,1,2,-19,20,1,0,1,1,1,-29,-2,-2,-1,3,0,0,-1,-1,1,1,1,5,-1
KR_6698678148,420,3,10,32,2,4,1,5,1,3,4,0,2,2,0,2,2,-3,4,1,0,-3,7,-5,-2,7,3,0,0,0,0,0,-1,0,-1
KR_6742198842,420,-2,-28,8,-9,-5,5,0,0,3,3,-1,1,0,0,3,3,-3,4,1,0,-10,6,-1,-7,8,0,0,-1,1,-1,-1,1,4,-1
KR_6756471931,420,-3,-94,20,-2,-2,3,1,3,1,4,-2,3,1,-4,5,1,3,1,4,0,4,13,0,-4,4,2,0,0,1,0,-1,1,5,-1
KR_6758459562,420,-1,3,-40,-9,0,1,1,-2,4,2,-9,9,0,2,0,2,0,0,0,0,-7,-3,-1,-4,5,1,0,0,0,1,0,-1,0,-1
KR_6745035148,420,-5,-84,-4,-13,-6,6,0,-4,8,4,-5,6,1,2,3,5,0,1,1,0,-12,-45,2,-2,0,13,0,-3,1,-1,-1,-1,1,-1
KR_6748980706,440,-4,-33,4,-3,-1,1,0,1,0,1,6,1,7,-8,10,2,-1,2,1,1,-8,-2,0,-3,3,-4,0,0,-1,0,0,1,1,-1
KR_6698604232,420,0,28,10,-2,1,1,2,3,0,3,-1,1,0,-4,5,1,-1,2,1,0,-7,59,-5,-1,6,3,0,0,1,0,0,-1,1,-1
KR_6752218023,420,1,-5,4,11,1,1,2,3,1,4,-1,4,3,3,2,5,5,0,5,0,19,-107,-2,-4,6,-1,0,0,1,-1,1,1,5,-1
KR_6441246105,420,0,52,-15,-2,1,1,2,-1,3,2,-5,5,0,1,3,4,2,3,5,0,3,6,-1,-2,3,0,0,0,1,0,0,-1,5,-1
KR_6763914427,420,0,11,-4,-5,4,1,5,-2,2,0,0,2,2,-7,9,2,0,1,1,-1,-11,0,-4,-3,7,-4,0,-1,1,1,-1,-1,6,-1
KR_6713479104,420,-4,-18,-30,-2,2,2,4,-3,4,1,1,2,3,0,1,1,-2,3,1,0,-1,-6,-3,-3,6,2,0,0,-1,-1,0,-1,5,-1
KR_6751504093,420,-1,-34,-12,-4,0,0,0,-3,3,0,-2,3,1,-1,1,0,2,1,3,0,-4,-163,3,-5,2,1,0,0,-1,1,-1,1,6,-1
KR_6729104787,420,-1,-60,-3,-4,-2,3,1,-1,4,3,-2,5,3,-1,2,1,2,3,5,0,0,-5,-3,0,3,2,0,-2,1,-1,-1,-1,4,-1
KR_6749836828,420,3,10,24,-2,3,0,3,2,0,2,-3,3,0,-3,5,2,-1,1,0,0,-2,4,-1,-2,3,-2,0,0,1,0,0,-1,1,-1
KR_6658239382,420,-5,-133,-36,-11,-1,1,0,-3,4,1,-4,4,0,-4,5,1,1,0,1,1,-6,-32,-4,-2,6,2,0,-3,-1,-1,-1,1,2,-1
KR_6701134542,420,0,-11,-23,2,5,1,6,-1,1,0,2,1,3,-1,2,1,-3,3,0,0,-3,2,5,-7,2,-2,0,1,1,1,1,1,2,-1
KR_6731831245,420,-3,-24,-27,-7,2,2,4,-3,4,1,2,0,2,-4,5,1,-4,4,0,-1,-6,310,0,-3,3,2,0,-2,-1,-1,-1,-1,2,-1
KR_6671024074,420,-3,-82,2,-2,1,3,4,3,2,5,0,1,1,-5,6,1,-1,1,0,0,-9,35,1,-7,6,1,0,0,1,1,-1,1,2,-1
KR_6761231893,420,-3,-19,-13,-4,1,2,3,1,2,3,-4,5,1,1,3,4,-3,4,1,0,0,-4,-1,-2,3,-1,0,-1,-1,-1,-1,-1,3,-1
KR_6745936435,420,-1,-76,10,-3,-4,5,1,2,1,3,-2,5,3,0,0,0,1,0,1,0,-3,345,-4,-1,5,-1,0,2,1,1,1,1,4,-1
KR_6759692600,420,-1,7,28,-4,1,0,1,-4,4,0,2,0,2,-3,5,2,0,1,1,0,-6,-18,1,-3,2,-1,0,0,-1,1,0,1,2,-1
KR_6741534668,420,-5,-36,-5,-9,2,1,3,-5,6,1,-2,3,1,-5,8,3,1,0,1,0,-5,11,-2,-3,5,-7,0,-2,1,-1,-1,1,5,-1
KR_6737316840,420,-4,-87,-9,-12,-4,6,2,1,0,1,-3,5,2,-6,7,1,0,2,2,-1,0,20,-1,-1,2,0,0,-2,-1,-1,-1,-1,1,-1
KR_6684907770,440,-1,-25,-4,5,1,1,2,0,4,4,-1,2,1,5,1,6,0,0,0,0,5,-1,-2,-3,5,0,0,0,0,1,0,1,0,-1
KR_6750565264,440,3,-2,0,-1,4,1,5,1,1,2,-3,5,2,-5,6,1,2,1,3,-1,2,15,1,-4,3,0,0,-1,1,1,-1,-1,6,-1
KR_6687961120,440,0,-23,32,7,-3,3,0,4,6,10,2,1,3,4,1,5,0,3,3,1,14,2,2,-3,1,-2,0,0,1,0,0,1,3,-1
KR_6759501322,420,-3,1,2,-3,-8,9,1,1,2,3,-4,4,0,9,0,9,-1,3,2,0,7,9,1,-1,0,1,0,-3,-1,-1,-1,-1,2,-1
KR_6748566565,440,-1,-20,8,-4,-1,1,0,-1,1,0,-2,3,1,0,3,3,0,0,0,0,-3,-16,0,-7,7,1,0,-1,1,-1,-1,1,3,-1
KR_6722453002,420,-4,-9,-19,-10,-1,1,0,3,2,5,-8,9,1,-3,4,1,-1,1,0,-1,-4,-6,-4,-4,8,1,0,1,-1,0,1,-1,6,-1
KR_6734777949,420,-5,-47,8,-5,-1,2,1,-7,8,1,0,2,2,2,0,2,1,0,1,0,-2,-22,-3,-3,6,4,0,-1,1,-1,-1,-1,3,-1
KR_6647027661,420,1,-10,-4,-9,-2,2,0,4,1,5,-1,3,2,-8,8,0,-2,3,1,0,-6,-2,-4,-3,7,3,0,-2,-1,-1,-1,-1,6,-1
KR_6216691005,420,-11,-110,-3,-18,-3,3,0,-6,8,2,-5,5,0,-3,6,3,-1,1,0,0,-16,0,0,-3,3,-3,0,-4,-1,-1,-1,-1,3,-1
KR_6723426946,420,-1,-75,2,-6,-6,6,0,-6,8,2,2,4,6,4,2,6,0,1,1,0,-5,23,1,-4,3,-3,0,-3,-1,1,-1,1,3,-1
KR_6745921227,420,-2,-27,20,1,-2,3,1,2,2,4,-2,4,2,3,1,4,0,1,1,0,4,-12,2,-4,2,-1,0,-1,0,1,-1,-1,0,-1
KR_6709826612,420,-4,-79,3,-12,6,1,7,-1,4,3,-1,2,1,-12,13,1,-4,4,0,-1,-7,-19,-4,-3,7,1,0,-1,-1,-1,-1,-1,5,-1
KR_6757293710,420,-3,-38,-14,-5,-4,5,1,-2,2,0,-1,3,2,1,2,3,1,2,3,0,0,5,-1,-3,4,-2,0,-1,1,0,-1,1,1,-1
KR_6738940042,420,-4,-5,7,-7,0,2,2,0,3,3,2,3,5,-3,3,0,-6,6,0,-2,-9,-4,1,-4,3,0,0,-1,1,1,-1,-1,6,-1
KR_6702951886,420,0,11,-14,10,-1,4,3,3,4,7,6,0,6,3,0,3,-1,2,1,0,19,-1,3,-4,1,-1,0,2,1,-1,1,1,1,-1
KR_6753357712,420,-2,-7,28,-4,-2,4,2,-2,4,2,-3,3,0,0,4,4,3,1,4,0,-11,6,0,-4,4,-2,0,0,1,-1,-1,1,6,-1
KR_6759435526,440,-6,-96,-32,-8,0,0,0,-5,8,3,-1,1,0,0,0,0,-2,3,1,0,-7,12,0,-7,7,-4,0,-2,-1,-1,-1,-1,2,-1
KR_6760971380,420,-1,-38,-8,-2,1,0,1,0,0,0,-3,6,3,0,3,3,0,2,2,-1,2,-335,-3,-1,4,0,0,-1,-1,1,-1,-1,4,-1
KR_6649974782,420,-3,-9,-4,-3,1,1,2,-1,2,1,0,5,5,-2,2,0,-1,1,0,-1,-5,82,-2,-1,3,-1,0,-1,-1,-1,-1,-1,4,-1
KR_6721912360,420,-4,-46,-5,-7,-2,4,2,-4,6,2,-2,3,1,-2,4,2,3,1,4,0,-5,1,3,-4,1,-1,0,-2,-1,-1,-1,1,2,-1
KR_6551835412,420,-1,-46,0,-6,-5,5,0,0,3,3,-2,4,2,1,3,4,0,0,0,0,-1,-21,-3,-5,8,3,0,-2,1,1,1,1,3,-1
KR_6738916060,420,1,58,12,-2,1,0,1,-1,1,0,2,0,2,-5,5,0,1,1,2,0,-5,31,-7,-3,10,-1,0,0,-1,-1,1,-1,1,-1
KR_6714746815,420,-1,-114,24,-6,-5,5,0,-5,5,0,0,2,2,0,2,2,4,0,4,-1,-5,-8,-1,-1,2,4,0,-1,1,-1,-1,-1,2,-1
KR_6482939835,420,-5,-86,-16,-14,-1,1,0,-8,10,2,0,4,4,-1,6,5,-4,5,1,0,-20,9,2,-7,5,-5,0,-1,-1,1,-1,-1,2,-1
KR_6738060601,420,-2,27,8,-1,0,2,2,1,2,3,3,3,6,-6,8,2,1,0,1,0,-5,-5,2,-4,2,0,0,0,-1,1,0,1,3,-1
KR_6749606648,420,-6,-58,-16,-15,-9,9,0,0,3,3,2,2,4,-8,9,1,0,1,1,0,-6,37,-4,-2,6,-20,0,0,0,-1,-1,1,0,-1
KR_6758260092,440,0,-4,24,1,1,2,3,0,2,2,1,3,4,3,3,6,-4,5,1,1,2,0,-1,-1,2,0,0,0,1,1,0,1,1,-1
KR_6749047595,420,-6,-98,-16,-14,-5,6,1,2,4,6,-3,4,1,-7,8,1,-1,2,1,-2,-15,336,1,-3,2,0,0,-3,-1,-1,-1,-1,5,-1
KR_6760295841,420,-2,6,16,-8,2,0,2,-2,2,0,-2,4,2,-4,6,2,-2,2,0,0,-6,-115,2,-6,4,0,0,0,0,-1,0,1,0,-1
KR_6744917637,420,1,7,11,2,2,1,3,-3,5,2,-1,2,1,2,2,4,2,0,2,0,-3,5,-2,-2,4,-1,0,0,-1,0,1,-1,4,-1
KR_6733735797,440,0,14,0,-10,2,0,2,-3,3,0,-2,2,0,-5,6,1,-2,3,1,-2,-17,-16,-8,-3,11,1,0,0,-1,-1,0,-1,6,-1
KR_6760331963,420,-3,-95,10,-11,2,2,4,1,1,2,-6,8,2,-8,10,2,0,2,2,-1,-17,-16,0,-1,1,-3,0,-1,-1,-1,-1,-1,2,-1
KR_6749429070,420,0,34,-57,4,0,1,1,2,0,2,2,0,2,3,2,5,-3,4,1,0,9,20,4,-5,1,0,0,0,1,-1,0,-1,5,-1
KR_6764191136,420,-2,10,-12,-5,-1,2,1,0,1,1,-5,5,0,0,4,4,1,0,1,-1,-5,2,-3,-3,6,1,0,0,-1,-1,0,-1,1,-1
KR_6727910876,420,-3,-19,-25,-11,5,0,5,-10,11,1,-2,3,1,-2,5,3,-2,2,0,0,-10,10,-6,-2,8,-13,0,0,1,-1,1,-1,2,-1
KR_6640791683,420,-1,34,-12,-3,0,0,0,3,1,4,-1,2,1,-5,5,0,0,0,0,0,-3,-1,2,-8,6,-2,0,0,1,-1,0,-1,2,-1
KR_6671214119,440,-3,-44,-27,-10,0,1,1,-1,4,3,-1,2,1,-7,10,3,-1,2,1,0,-4,4,1,-4,3,-5,0,0,-1,-1,-1,-1,4,-1
KR_6749695212,420,-1,-67,-8,-1,-3,8,5,3,0,3,-4,4,0,2,2,4,1,1,2,0,11,-9,-2,-4,6,4,0,-2,0,-1,-1,-1,0,-1
KR_6736366093,420,-2,-89,24,-5,0,2,2,-2,2,0,-1,1,0,-3,5,2,1,2,3,0,-11,7,0,-6,6,1,0,0,1,1,0,1,6,-1
KR_6732954899,440,-5,-107,9,-9,-2,3,1,1,5,6,0,0,0,-9,10,1,1,1,2,0,-7,-1,0,-3,3,-3,0,-1,0,-1,-1,1,0,-1
KR_6754087272,420,2,19,43,1,1,2,3,1,0,1,-1,1,0,1,3,4,-1,2,1,1,1,-21,-2,-3,5,3,0,0,1,1,0,1,4,-1
KR_6632559015,420,-3,-73,0,-4,-2,5,3,2,1,3,-3,3,0,-2,3,1,1,1,2,0,1,-2,-1,-1,2,-4,0,-1,1,-1,-1,1,6,-1
KR_6762215446,420,-1,-14,12,-7,1,2,3,-2,2,0,-1,5,4,-4,4,0,-1,1,0,-1,-7,1,-1,-2,3,1,0,-1,1,-1,-1,-1,1,-1
KR_6762785979,420,2,-8,19,8,4,2,6,-2,6,4,0,2,2,6,2,8,0,1,1,0,6,2,0,-2,2,1,0,2,1,-1,1,-1,6,-1
KR_6752351894,420,0,41,-5,2,3,2,5,6,0,6,-1,2,1,-6,7,1,0,2,2,0,2,19,0,-2,2,3,0,0,0,-1,1,-1,0,-1
KR_6746695369,420,-1,-34,20,-3,-1,2,1,-2,3,1,1,0,1,-2,2,0,1,1,2,0,-6,3,-2,-2,4,1,0,0,-1,1,0,1,6,-1
KR_6762530656,420,0,-10,-1,1,-3,5,2,0,3,3,1,1,2,5,0,5,-2,3,1,0,5,-158,2,-3,1,0,0,0,1,-1,-1,-1,1,-1
KR_6699804229,420,-2,-35,-8,0,-5,5,0,3,4,7,5,1,6,-4,5,1,1,0,1,0,13,-31,3,-4,1,11,0,-1,-1,-1,-1,-1,1,-1
KR_6655462380,420,-4,-89,-17,-3,3,0,3,-2,3,1,-6,7,1,1,0,1,1,0,1,0,0,21,1,-5,4,-4,0,-3,-1,-1,-1,-1,3,-1
KR_6749033719,420,-5,-82,-20,-10,-3,3,0,1,1,2,-5,7,2,-3,4,1,0,0,0,0,-6,3,-1,-1,2,-3,0,0,-1,-1,0,-1,2,-1
KR_6698563254,420,-1,23,4,-4,2,1,3,-2,5,3,1,1,2,-3,3,0,-2,3,1,-1,-9,19,0,-2,2,-5,0,1,1,-1,1,-1,1,-1
KR_6617228652,420,6,-13,25,10,1,0,1,0,3,3,3,2,5,5,0,5,1,0,1,0,10,-3,-4,-2,6,3,0,0,1,-1,0,1,4,-1
KR_6740470623,420,-2,8,36,-6,1,1,2,0,1,1,2,3,5,-7,8,1,-2,2,0,0,-12,-26,-3,0,3,1,0,-1,-1,1,-1,-1,5,-1
KR_6757355682,420,-8,39,-124,-8,1,2,3,0,1,1,-7,7,0,-2,3,1,0,0,0,0,-6,-2,0,-3,3,-2,0,0,-1,-1,-1,1,4,-1
KR_6737561088,420,0,-57,-4,0,1,2,3,-4,5,1,0,2,2,1,2,3,2,1,3,0,6,-4,-4,-3,7,-2,0,0,-1,-1,0,-1,5,-1
KR_6642635862,420,-5,-28,7,-8,-3,4,1,-7,7,0,-3,5,2,5,0,5,0,1,1,0,-2,46,-3,-4,7,-14,0,0,-1,-1,1,-1,4,-1
KR_6754315487,420,-1,-1,-7,-5,-4,4,0,-2,3,1,3,1,4,-2,4,2,0,0,0,0,3,4,-3,-2,5,-3,0,0,0,-1,0,-1,0,-1
KR_6633751521,420,0,5,-14,0,-1,2,1,2,1,3,-1,5,4,0,2,2,0,0,0,0,0,1,1,-3,2,-1,0,0,-1,-1,0,-1,4,-1
KR_6760050055,420,-4,-4,17,0,2,1,3,-1,3,2,-3,4,1,3,1,4,-1,1,0,0,-1,-76,1,-6,5,3,0,0,1,1,0,-1,5,-1
KR_6651713293,420,0,-33,27,-2,0,0,0,3,3,6,-1,4,3,-5,8,3,1,1,2,-1,-6,-52,-5,0,5,-1,0,-2,0,-1,-1,-1,0,-1
KR_6754294998,440,3,8,4,4,-2,5,3,1,3,4,0,0,0,2,1,3,3,0,3,0,3,-1,5,-8,3,2,0,0,1,1,0,-1,1,-1
KR_6721196795,420,0,-31,1,0,-8,8,0,2,4,6,1,1,2,-4,5,1,9,0,9,0,-1,16,-2,-3,5,0,0,0,1,1,-1,1,4,-1
KR_6735666185,420,2,-37,23,2,0,1,1,7,0,7,2,1,3,-4,4,0,-3,3,0,-1,0,-1,1,-4,3,0,0,0,0,0,0,-1,0,-1
KR_6701078353,420,-1,25,0,-2,2,2,4,-5,5,0,2,0,2,-2,3,1,1,1,2,-2,-7,-113,-1,-3,4,0,0,-1,0,1,-1,-1,0,-1
KR_6652694699,420,-5,-54,4,-9,-3,3,0,-1,4,3,-3,4,1,-2,2,0,0,0,0,-1,-5,3,1,-7,6,-4,0,-1,-1,1,-1,-1,6,-1
KR_6717796068,440,2,-60,31,8,7,0,7,4,2,6,-1,1,0,-3,4,1,1,3,4,0,12,-4,1,-2,1,-1,0,-1,1,-1,-1,-1,2,-1
KR_6713248823,440,-2,13,-16,2,2,1,3,-5,5,0,-1,3,2,3,2,5,3,0,3,0,3,44,1,-4,3,-25,0,0,0,1,0,1,0,-1
KR_6691864571,420,-1,15,-20,0,-2,3,1,2,2,4,0,3,3,-1,1,0,1,0,1,0,-2,-5,0,-3,3,2,0,1,-1,1,1,1,4,-1
KR_6754985058,420,-4,-71,1,-1,-3,5,2,-3,6,3,-2,7,5,6,2,8,1,1,2,0,-3,7,3,-5,2,-2,0,0,-1,1,1,-1,4,-1
KR_6738711229,440,-5,-64,-44,-9,-4,4,0,1,4,5,-3,5,2,-5,6,1,2,2,4,-1,-1,-30,-1,-2,3,0,0,-3,0,-1,-1,-1,0,-1
KR_6595119922,420,0,-38,-16,-5,-1,3,2,-3,6,3,2,2,4,0,7,7,-3,4,1,0,-3,-9,-3,-5,8,3,0,0,1,-1,-1,-1,2,-1
KR_6744709658,420,1,49,-2,6,-3,4,1,2,2,4,7,0,7,2,1,3,-2,4,2,0,1,17,-3,-2,5,-23,0,0,1,1,1,1,3,-1
KR_6762272753,420,-6,-73,-28,-12,-8,9,1,1,1,2,3,2,5,-8,10,2,0,0,0,-1,-5,-3,-3,0,3,1,0,-1,-1,0,-1,-1,4,-1
KR_6299429835,440,3,65,-11,6,3,3,6,-3,4,1,2,2,4,2,1,3,2,1,3,0,-8,3,3,-5,2,-1,0,1,-1,-1,1,-1,2,-1
KR_6689023790,440,0,52,19,-3,1,0,1,-1,2,1,-3,5,2,-1,2,1,1,6,7,0,-3,23,0,-6,6,-4,0,1,1,-1,1,-1,6,-1
KR_6750931689,420,-1,-43,8,2,2,3,5,1,2,3,3,1,4,-2,4,2,-2,2,0,1,1,0,1,-4,3,3,0,0,-1,0,0,1,2,-1
KR_6650107272,420,-2,-28,-12,2,0,1,1,2,2,4,-1,3,2,1,2,3,0,2,2,0,-5,-9,-5,-4,9,0,0,0,1,-1,0,-1,5,-1
KR_6697191115,420,-2,-13,0,2,3,1,4,1,3,4,-1,5,4,0,2,2,-1,1,0,0,-1,-6,-7,-2,9,2,0,0,-1,1,1,1,6,-1
KR_6737729806,420,-1,9,16,0,0,2,2,2,1,3,1,0,1,-4,7,3,1,2,3,0,-4,-6,-1,-5,6,-3,0,1,-1,1,1,1,4,-1
KR_6760999640,420,0,-10,-56,0,1,3,4,-2,5,3,1,2,3,-1,2,1,1,0,1,0,0,5,8,-8,0,3,0,-1,1,-1,-1,1,2,-1
KR_6764429193,420,-2,11,-20,-7,-5,5,0,2,2,4,-5,6,1,0,2,2,1,1,2,0,-8,1,-3,-2,5,1,0,0,-1,1,1,-1,6,-1
KR_6720940511,420,0,19,-24,-7,2,2,4,-4,8,4,0,1,1,-3,4,1,-2,3,1,0,-5,11,6,-8,2,-3,0,-1,-1,1,-1,-1,4,-1
KR_6757887864,440,-3,-39,-35,-5,-1,1,0,0,4,4,0,4,4,-2,3,1,-2,2,0,0,-1,2,-1,-3,4,1,0,-1,-1,-1,-1,-1,3,-1
KR_6748485528,420,-6,-77,-45,-13,-1,4,3,-11,11,0,1,1,2,1,0,1,-3,5,2,0,-11,-11,-1,-4,5,3,0,-1,1,-1,-1,-1,3,-1
KR_6753493441,420,-4,-11,-49,-16,-1,5,4,-6,7,1,-7,8,1,0,1,1,-2,2,0,-3,-13,-14,0,-4,4,-1,0,0,-1,0,-1,-1,6,-1
KR_6749369518,420,-3,-45,-13,-5,0,2,2,3,0,3,1,0,1,-8,8,0,-1,1,0,0,-7,0,0,-4,4,0,0,0,-1,1,-1,1,3,-1
KR_6757460907,420,0,26,8,1,3,0,3,-4,7,3,-2,3,1,3,1,4,1,1,2,0,-6,-19,-3,-4,7,6,0,0,1,0,0,1,6,-1
KR_6717510898,420,-1,-1,-29,-10,1,1,2,-4,4,0,-6,6,0,-3,5,2,2,0,2,-1,-10,42,-2,-7,9,-14,0,-2,-1,-1,-1,-1,6,-1
KR_6737574814,440,-2,52,19,-12,-3,4,1,-2,2,0,-5,6,1,-1,2,1,-1,2,1,0,-14,-7,-3,-3,6,0,0,-1,0,-1,-1,-1,0,-1
KR_6762488034,420,-1,-61,23,-5,1,2,3,0,4,4,0,6,6,-4,4,0,-2,4,2,0,0,-6,-1,-4,5,-3,0,0,0,1,0,1,0,-1
KR_6367765368,420,3,76,64,3,1,0,1,-2,4,2,3,1,4,-2,4,2,3,0,3,0,-13,0,0,0,0,0,0,-1,0,1,1,1,0,-1
KR_6755061241,420,-2,-34,8,-1,-2,3,1,1,3,4,-6,7,1,7,0,7,-1,1,0,-2,10,-208,1,-2,1,2,0,-1,-1,-1,-1,-1,5,-1
KR_6759732604,420,1,-75,5,0,3,2,5,5,1,6,-6,6,0,-2,3,1,0,0,0,0,-6,4,2,-4,2,-2,0,1,-1,1,1,-1,3,-1
KR_6749490085,420,-2,-44,4,-5,1,2,3,2,2,4,0,3,3,-7,8,1,-1,1,0,0,-11,9,0,-4,4,0,0,0,-1,-1,-1,-1,6,-1
KR_6646935262,420,-4,-37,11,-11,-3,3,0,0,0,0,-7,8,1,-3,5,2,2,0,2,0,-10,2,-2,-2,4,-1,0,-1,-1,-1,-1,-1,2,-1
KR_6666389941,420,1,30,0,-1,-1,1,0,0,2,2,-4,6,2,4,2,6,0,3,3,0,3,96,2,-8,6,-7,0,0,-1,-1,0,1,6,-1
KR_6672388821,420,-4,-64,-26,-3,1,2,3,2,0,2,-4,6,2,0,1,1,-2,4,2,-1,0,-4,0,-2,2,-1,0,0,-1,0,0,-1,3,-1
KR_6726158384,420,0,-50,-17,6,6,0,6,2,3,5,-1,1,0,-3,5,2,2,1,3,0,5,1,-1,-1,2,2,0,0,1,0,-1,-1,4,-1
KR_6662280626,420,0,-54,-4,0,1,3,4,-3,4,1,-5,5,0,3,0,3,4,0,4,0,4,-3,1,-4,3,3,0,-1,1,-1,-1,1,3,-1
KR_6698447274,420,0,118,-8,-9,3,1,4,-4,4,0,0,0,0,-9,9,0,1,1,2,0,-12,12,-3,-4,7,6,0,-1,-1,-1,-1,-1,1,-1
KR_6750276170,420,-2,3,-4,-5,-1,2,1,-1,1,0,-4,6,2,1,2,3,0,1,1,0,-4,-2,1,-3,2,-2,0,0,0,-1,-1,1,0,-1
KR_6755620098,420,-2,-8,-12,-10,4,0,4,1,2,3,-3,5,2,-14,14,0,2,0,2,0,-18,9,-3,-2,5,-2,0,-1,0,0,-1,-1,0,-1
KR_6627610103,420,-1,-60,39,-3,-1,2,1,0,3,3,-3,6,3,0,1,1,1,0,1,0,-5,-21,0,-4,4,-3,0,-1,-1,-1,-1,1,2,-1
KR_6759698644,420,-2,-33,-28,-1,-1,4,3,1,0,1,-2,3,1,2,1,3,-1,2,1,2,4,2,0,-3,3,3,0,0,1,1,1,1,5,-1
KR_6758638267,440,-1,-57,-20,-5,1,1,2,1,0,1,-4,6,2,1,2,3,-4,5,1,0,0,8,-2,-1,3,-5,0,0,-1,1,0,-1,5,-1
KR_6755775926,420,-7,-145,-4,-18,-5,5,0,4,1,5,-5,7,2,-12,12,0,0,2,2,-3,-23,-4,0,-2,2,-4,-1,-6,-1,-1,-1,-1,5,-1
KR_6694936102,420,-1,-14,-12,-2,2,1,3,-4,5,1,2,0,2,-1,3,2,-1,1,0,0,-9,-13,-10,-1,11,-1,0,-1,-1,-1,-1,1,4,-1
KR_6630564583,420,-2,-38,-28,-4,-1,3,2,-3,5,2,2,0,2,-3,5,2,1,0,1,0,-1,-22,0,-4,4,2,0,-3,-1,-1,-1,-1,6,-1
KR_6763895185,420,-3,19,-35,-6,0,1,1,-2,2,0,-7,9,2,2,1,3,1,1,2,0,1,-97,-2,-4,6,-22,0,-2,-1,-1,-1,1,3,-1
KR_6750197499,440,-3,4,4,-11,-2,2,0,-5,5,0,-2,4,2,1,2,3,-3,3,0,-1,-9,3,1,-3,2,0,0,-1,1,-1,-1,-1,4,-1
KR_6736534132,420,-3,-23,-8,-8,-7,8,1,1,1,2,-4,8,4,1,1,2,1,0,1,1,-8,-36,-8,-1,9,1,0,-1,1,0,-1,1,4,-1
KR_6667028225,420,-5,-81,-26,-6,-5,6,1,4,0,4,-4,4,0,0,3,3,-1,3,2,2,8,-6,-1,-4,5,4,0,-1,-1,-1,-1,1,2,-1
KR_6739397858,420,0,-8,28,-1,-2,4,2,-3,5,2,1,0,1,3,2,5,0,1,1,0,-2,13,2,-8,6,-1,0,0,1,1,0,-1,1,-1
KR_6626861477,420,4,29,-7,8,7,0,7,-4,9,5,1,1,2,3,1,4,1,0,1,0,10,-8,2,-4,2,-3,0,-3,1,-1,-1,1,5,-1
KR_6619051662,420,-2,7,6,-7,1,1,2,-2,4,2,-2,3,1,-3,5,2,-1,1,0,1,-5,-16,1,-5,4,2,0,0,-1,0,0,1,3,-1
KR_6700979198,420,-3,-85,30,-8,-2,4,2,-5,5,0,-1,3,2,0,6,6,0,0,0,1,-5,-5,-6,-1,7,1,0,-1,-1,1,-1,-1,3,-1
KR_6763489325,420,1,16,-17,1,5,0,5,0,2,2,-4,5,1,1,4,5,-1,1,0,-1,6,-6,0,-3,3,2,0,0,-1,-1,1,-1,1,-1
KR_6224233708,420,-5,-72,-28,-4,1,1,2,-3,8,5,0,1,1,-2,5,3,0,2,2,1,4,-20,7,-9,2,-3,0,-4,-1,1,-1,1,3,-1
KR_6745630031,420,-3,-76,-20,-9,0,0,0,-4,5,1,0,2,2,-4,4,0,-1,1,0,0,-11,-55,-3,-2,5,-5,0,-3,-1,-1,-1,-1,1,-1
KR_6619435476,420,-5,-34,-24,-7,-5,5,0,-1,2,1,-5,6,1,2,2,4,2,1,3,0,-4,-14,-6,-1,7,4,0,0,-1,0,0,-1,6,-1
KR_6683435875,420,3,38,29,4,-1,1,0,1,4,5,2,2,4,1,0,1,1,0,1,2,9,3,-4,-3,7,1,0,0,-1,1,0,1,3,-1
KR_6755369012,420,-2,7,20,-8,-1,3,2,-1,2,1,-3,4,1,-5,5,0,2,0,2,0,-10,-4,-1,-1,2,3,0,0,0,0,-1,1,0,-1
KR_6749451543,420,1,42,-12,6,7,0,7,-3,6,3,-1,2,1,4,1,5,-1,2,1,0,-1,-36,-1,-2,3,1,0,0,0,1,1,1,0,-1
KR_6733203871,420,-2,-59,-8,-5,-2,2,0,-1,2,1,0,4,4,0,2,2,-2,2,0,0,-8,112,0,-3,3,-2,0,0,1,-1,0,-1,6,-1
KR_6526184859,420,-4,-52,-42,-9,0,1,1,-4,6,2,-4,4,0,2,0,2,-3,4,1,0,-6,2,-2,-1,3,-2,0,-1,-1,-1,-1,-1,1,-1
KR_6699365731,420,-1,51,-16,-2,1,1,2,1,1,2,2,1,3,-5,6,1,-1,2,1,-2,-2,25,1,-6,5,-2,0,0,1,-1,1,1,4,-1
KR_6677341974,420,2,117,-28,7,1,2,3,1,0,1,0,1,1,4,0,4,1,0,1,0,5,-19,-2,-1,3,3,0,0,-1,-1,1,1,2,-1
KR_6761834683,440,1,-117,20,1,0,0,0,1,0,1,-2,3,1,1,3,4,1,0,1,0,2,-177,-1,-5,6,1,0,-1,-1,-1,-1,1,3,-1
KR_6730417314,440,-1,-41,32,-8,-2,2,0,1,1,2,-4,7,3,0,1,1,-3,3,0,0,-6,-4,0,0,0,-2,0,-1,-1,-1,-1,-1,4,-1
KR_6736481817,440,-4,-2,-21,2,2,3,5,2,1,3,-2,5,3,2,2,4,-2,2,0,0,4,9,-2,-2,4,-3,0,-1,-1,-1,-1,1,3,-1
KR_6715795246,420,-8,-97,-17,-19,-9,10,1,-2,4,2,-5,5,0,-4,4,0,1,1,2,0,-8,-1,-4,-1,5,-1,0,-3,-1,-1,-1,-1,3,-1
KR_6748506248,420,2,27,27,-3,-4,4,0,-2,4,2,-1,2,1,0,2,2,4,1,5,0,2,-14,0,-5,5,3,0,1,-1,1,1,-1,3,-1
KR_6763138169,420,-1,25,12,-5,0,3,3,-1,5,4,-1,6,5,-4,4,0,1,0,1,0,-4,5,0,-3,3,-3,0,0,-1,1,0,-1,6,-1
KR_6759998995,440,-5,-21,-22,-8,4,0,4,-8,9,1,1,0,1,-2,4,2,-3,5,2,0,-8,-2,-1,-2,3,-1,0,2,0,-1,1,1,0,-1
KR_6719348773,420,-1,-37,-55,0,-4,4,0,-1,3,2,1,2,3,4,0,4,0,2,2,0,2,6,2,-5,3,2,0,0,0,1,-1,-1,0,-1
KR_6699540027,420,-1,-7,0,-11,0,1,1,0,4,4,-6,7,1,-6,6,0,1,1,2,-1,-9,-4,3,-5,2,-4,0,-2,1,0,-1,1,4,-1
KR_6709011757,420,1,-28,36,-2,-1,2,1,-1,2,1,-4,4,0,5,0,5,-1,1,0,0,4,5,4,-5,1,0,0,0,-1,1,0,-1,6,-1
KR_6734832763,420,-4,-90,16,-14,0,1,1,-1,4,3,1,0,1,-14,15,1,0,2,2,0,-21,-3,-4,-1,5,0,0,-2,-1,1,-1,-1,3,-1
KR_6759249923,440,-4,-21,1,-11,-9,9,0,-3,6,3,5,0,5,-2,5,3,-2,2,0,0,-4,289,-5,0,5,-2,0,0,0,1,1,-1,0,-1
KR_6757113295,420,0,48,12,-3,0,1,1,-2,3,1,2,1,3,-3,6,3,0,2,2,0,-4,-1,3,-4,1,3,0,0,-1,1,0,-1,4,-1
KR_6763587633,420,-1,-10,1,1,-1,3,2,3,0,3,1,3,4,-2,5,3,0,3,3,0,3,-13,0,-3,3,-1,0,0,1,1,1,-1,2,-1
KR_6741249649,420,-6,-7,-40,-11,-3,3,0,0,3,3,-3,5,2,-5,7,2,0,1,1,0,-11,-18,2,-4,2,-3,0,-1,-1,-1,-1,-1,2,-1
KR_6757806348,420,0,3,12,-4,2,1,3,-2,2,0,0,3,3,-2,5,3,-2,3,1,1,-12,-366,1,-2,1,1,0,0,0,1,1,1,0,-1
KR_6661935863,420,-2,-67,0,1,-4,4,0,1,0,1,3,0,3,1,0,1,0,0,0,0,2,1,0,-2,2,2,0,-1,1,0,-1,1,3,-1
KR_6637223335,420,0,-58,12,-2,1,1,2,-4,6,2,-2,6,4,3,1,4,0,2,2,0,-1,3,-6,-2,8,6,0,0,1,0,-1,1,5,-1
KR_6764659057,440,-4,-44,-13,-19,-3,5,2,-5,5,0,0,1,1,-13,13,0,2,0,2,-2,-14,-2,-1,-2,3,1,0,-1,1,0,-1,-1,5,-1
KR_6761612855,420,-2,-11,5,-5,2,1,3,2,1,3,-2,5,3,-3,4,1,-4,5,1,-1,-13,-5,-5,-4,9,-4,0,0,-1,1,0,-1,5,-1
KR_5692841464,420,-3,-30,-21,-9,-2,3,1,-5,7,2,0,2,2,-1,2,1,-1,2,1,0,-2,-126,-2,-4,6,-1,0,-2,-1,-1,-1,-1,5,-1
KR_6648300715,420,1,-23,28,-3,1,0,1,4,0,4,3,1,4,-11,11,0,0,1,1,-1,-2,0,2,-5,3,-1,0,0,1,1,0,-1,2,-1
KR_6661491259,440,-6,-63,-6,-10,1,3,4,-5,8,3,-2,3,1,-11,11,0,7,1,8,0,-17,-4,-5,-1,6,-1,0,0,1,-1,-1,-1,1,-1
KR_6669128318,420,-8,-97,-20,-23,-4,5,1,-6,6,0,3,1,4,-8,10,2,-8,9,1,-3,-21,-20,-2,-4,6,1,0,-1,0,-1,-1,-1,0,-1
KR_6732470753,420,-5,-23,-28,-8,-4,4,0,-4,6,2,4,0,4,1,4,5,-5,5,0,0,-3,3,3,-5,2,3,0,-1,-1,1,-1,1,1,-1
KR_6747074269,420,-4,-5,-6,-8,-1,2,1,-2,3,1,-4,5,1,-1,1,0,0,0,0,0,-9,-7,0,-3,3,1,0,0,-1,-1,0,-1,2,-1
KR_6043347255,440,-5,-21,-23,-18,-2,3,1,-1,5,4,-7,9,2,-8,8,0,0,1,1,0,-18,0,-1,-2,3,0,0,-2,-1,-1,-1,-1,3,-1
KR_6761937699,420,-6,-61,-12,-12,-2,3,1,-1,5,4,4,0,4,-4,4,0,-9,11,2,0,-15,-16,-3,-3,6,-1,0,-3,-1,0,-1,1,4,-1
KR_6736552019,420,-4,-48,-12,-12,-2,4,2,-2,2,0,-6,6,0,-2,3,1,0,2,2,0,-7,3,-1,-4,5,-4,0,-1,1,-1,-1,-1,5,-1
KR_6760710513,420,-1,-30,27,-3,3,0,3,3,2,5,-4,7,3,-5,7,2,0,2,2,0,1,-7,-4,-2,6,2,0,1,1,1,-1,1,1,-1
KR_6763543443,420,1,-13,27,1,3,2,5,2,1,3,-1,2,1,-5,8,3,2,0,2,0,-6,-6,-9,0,9,-1,0,2,-1,1,1,1,6,-1
KR_6721283763,420,-3,-66,40,-13,1,2,3,-3,4,1,-6,8,2,-6,6,0,1,0,1,0,-12,14,0,-3,3,-6,0,-1,0,0,-1,-1,0,-1
KR_6644582703,420,-4,-77,-31,-4,1,2,3,-2,4,2,-8,8,0,2,1,3,3,0,3,0,0,-1,-1,-2,3,0,0,0,1,-1,-1,1,4,-1
KR_6627679580,420,-3,-37,-8,-7,-2,2,0,-2,2,0,1,0,1,-3,4,1,-1,2,1,0,-11,4,-2,-5,7,-5,0,0,1,-1,-1,-1,1,-1
KR_6710265404,420,9,99,20,-2,-7,8,1,5,0,5,4,0,4,-4,4,0,0,1,1,-1,8,181,-3,-2,5,5,0,4,1,1,1,-1,6,-1
KR_6634234565,420,4,17,4,12,5,1,6,-2,5,3,2,5,7,3,1,4,4,0,4,0,9,-1,-2,-1,3,2,0,2,-1,-1,1,1,3,-1
KR_6758168210,440,5,87,0,16,3,0,3,1,2,3,3,1,4,6,0,6,3,0,3,1,19,-6,1,-4,3,4,0,2,1,-1,1,1,3,-1
KR_6743225849,420,-2,3,-4,0,0,1,1,1,3,4,3,0,3,-5,5,0,1,0,1,-1,3,-1,3,-7,4,-2,0,0,1,1,0,-1,2,-1
KR_6573594672,420,-7,-136,-56,-8,2,0,2,11,0,11,-18,19,1,-2,3,1,-1,1,0,0,4,102,1,-4,3,2,0,-5,-1,1,-1,-1,4,-1
KR_6528681776,420,-3,-5,8,-9,-1,1,0,3,2,5,-2,5,3,-7,8,1,-2,2,0,0,-17,-6,-4,-4,8,-2,0,-1,-1,0,-1,-1,1,-1
KR_6679840864,440,-3,-69,-12,-13,0,1,1,-1,3,2,0,1,1,-8,8,0,-4,5,1,-1,-14,-1,2,-4,2,-5,0,-2,-1,-1,-1,-1,6,-1
KR_6685238444,420,-5,-40,-12,-10,0,3,3,-6,8,2,-3,3,0,-1,4,3,0,0,0,-2,-14,-12,-4,-2,6,3,0,-3,-1,-1,-1,-1,3,-1
KR_6733752845,420,-1,25,1,4,0,0,0,0,3,3,3,0,3,1,1,2,0,1,1,1,3,164,3,-6,3,-1,0,0,0,-1,-1,1,0,-1
KR_6749286399,420,0,76,-35,-1,3,0,3,0,4,4,0,1,1,-3,4,1,-1,3,2,0,-7,86,1,-5,4,-27,0,1,-1,1,1,1,6,-1
KR_6739024181,420,-2,-57,-20,-4,2,1,3,-1,4,3,-2,3,1,-1,2,1,-2,2,0,0,1,-18,0,-5,5,-5,0,0,-1,0,0,1,4,-1
KR_6705049431,420,-1,12,-20,2,3,1,4,-3,3,0,4,1,5,-4,6,2,2,1,3,0,1,382,1,-5,4,-1,0,0,0,0,1,1,0,-1
KR_6619093441,420,-2,-16,16,-12,-4,6,2,-3,4,1,-2,5,3,-2,4,2,-1,1,0,-1,-11,-4,-4,0,4,1,0,-1,-1,1,-1,-1,1,-1
KR_6659491586,420,-1,-15,20,-2,-1,1,0,-2,3,1,1,1,2,0,2,2,0,1,1,-3,-9,0,-6,-1,7,5,0,-2,-1,-1,-1,-1,2,-1
KR_6610259347,420,-3,-76,-24,-16,-3,3,0,-12,13,1,-1,3,2,1,1,2,-1,2,1,0,-6,-12,-3,-3,6,-5,0,-2,-1,-1,-1,-1,2,-1
KR_6720445267,420,1,5,-12,3,1,2,3,-3,5,2,3,1,4,0,1,1,2,0,2,0,5,-7,-1,-3,4,5,0,0,1,1,-1,-1,4,-1
KR_6730087467,420,-3,-64,-48,-8,-4,6,2,-5,8,3,-2,2,0,2,2,4,1,3,4,0,-2,25,0,-2,2,-2,0,-5,0,-1,-1,-1,0,-1
KR_6748001319,440,0,-64,14,-2,-4,5,1,0,1,1,0,2,2,3,0,3,-1,1,0,0,4,-5,-3,-5,8,1,0,-1,-1,-1,-1,1,6,-1
KR_6239342386,420,-4,-156,-12,-7,-3,3,0,-5,7,2,-5,6,1,6,1,7,0,2,2,0,-9,15,-5,-4,9,1,0,-1,-1,0,-1,1,3,-1
KR_6682048156,420,-1,17,16,2,-1,2,1,-4,5,1,-2,2,0,7,2,9,2,0,2,0,2,8,3,-6,3,-1,0,1,1,-1,1,1,5,-1
KR_6733475956,420,0,-10,4,-6,-2,2,0,-1,2,1,2,1,3,-6,11,5,1,3,4,-1,-8,1,0,-4,4,-1,0,-1,0,-1,-1,-1,0,-1
KR_6761952563,420,-7,-97,-15,-13,-3,3,0,-7,8,1,-2,4,2,0,3,3,-1,1,0,-1,-11,355,-3,0,3,0,0,-1,-1,-1,-1,-1,2,-1
KR_6761139627,420,-1,-44,-12,-5,-2,4,2,-4,5,1,1,1,2,-1,3,2,1,0,1,-1,-3,1,2,-4,2,-1,0,0,-1,0,0,-1,3,-1
KR_6761070124,420,0,-24,-32,0,-5,5,0,-1,1,0,2,1,3,5,0,5,-1,1,0,0,1,3,-1,-1,2,-3,0,0,1,0,0,-1,3,-1
KR_6744087452,420,-8,-29,-4,-12,-6,6,0,-2,3,1,1,1,2,-5,7,2,0,1,1,0,-10,-10,4,-5,1,1,0,-1,-1,1,-1,-1,2,-1
KR_6734056133,440,0,-24,-20,3,3,2,5,4,0,4,-3,4,1,-1,4,3,0,1,1,0,8,3,-6,-3,9,3,0,1,-1,-1,1,1,6,-1
KR_6728895451,420,-2,-87,-15,-6,2,2,4,1,3,4,-4,5,1,-1,4,3,-4,4,0,0,5,4,3,-5,2,-1,0,-2,0,-1,-1,1,0,-1
KR_6741206811,420,-3,-37,-8,-8,-6,6,0,0,2,2,-2,3,1,-2,9,7,2,1,3,0,-1,-2,1,-4,3,-2,0,-1,0,-1,-1,-1,0,-1
KR_6750249937,440,-1,-31,12,-1,2,1,3,3,3,6,-3,4,1,-3,3,0,0,1,1,0,-12,311,4,-6,2,-3,0,0,-1,1,1,-1,5,-1
KR_6728227963,420,-1,-23,-16,-9,-3,5,2,6,3,9,-5,5,0,-4,4,0,-3,3,0,-1,-5,21,-2,0,2,-4,0,-1,-1,-1,-1,-1,6,-1
KR_6752603429,440,-2,-32,0,-4,2,2,4,1,2,3,-5,8,3,2,1,3,-4,5,1,1,-1,-2,-2,-4,6,3,0,-1,-1,1,-1,1,4,-1
KR_6686948138,420,-3,-74,-20,-9,-3,3,0,-3,5,2,-1,3,2,-2,4,2,0,3,3,0,-6,-4,-2,-2,4,-1,0,-2,-1,-1,-1,1,4,-1
KR_6658397031,420,-1,-5,0,0,2,0,2,-1,2,1,0,3,3,-1,4,3,0,0,0,0,4,0,-1,-2,3,1,0,0,-1,-1,0,1,3,-1
KR_6737450804,420,-1,19,4,-5,1,2,3,-1,1,0,-2,3,1,-3,4,1,0,3,3,0,-6,-21,3,-5,2,4,0,1,-1,1,1,-1,1,-1
KR_6701917316,420,-6,-61,-40,-9,-5,8,3,3,1,4,-3,6,3,-3,6,3,-1,3,2,-1,-3,-1,-2,-2,4,-4,0,-1,-1,-1,-1,-1,5,-1
KR_6747919375,420,-3,4,-27,-9,-3,3,0,-2,4,2,-3,4,1,-1,6,5,0,0,0,0,0,-11,-2,-2,4,6,0,-1,-1,-1,-1,1,5,-1
KR_6624041199,420,0,-58,8,-1,0,0,0,-2,7,5,0,1,1,1,0,1,0,1,1,0,-3,-5,1,-5,4,1,0,0,1,-1,-1,1,4,-1
KR_6754126818,420,-3,-37,12,-10,-5,5,0,1,5,6,-4,4,0,-1,3,2,-1,2,1,0,-8,6,-1,-3,4,0,0,-1,-1,0,-1,-1,5,-1
KR_6663885119,420,-2,-26,4,4,-4,5,1,4,2,6,2,3,5,1,1,2,1,1,2,0,12,2,0,-4,4,-1,0,-1,1,-1,1,1,3,-1
KR_6723968003,420,-3,-13,24,-4,-2,3,1,0,4,4,-1,2,1,0,4,4,-1,2,1,0,1,5,0,-6,6,0,0,0,-1,0,0,-1,5,-1
KR_6633589010,420,1,68,-34,2,3,0,3,-3,3,0,5,1,6,-1,3,2,-2,2,0,0,-7,-6,0,-3,3,-3,0,0,-1,-1,0,1,1,-1
KR_6738920138,420,-1,-59,-2,-3,1,1,2,-2,3,1,-2,4,2,-1,4,3,1,1,2,2,-1,25,-5,-3,8,3,0,-1,-1,0,-1,1,1,-1
KR_6717465747,420,-1,-51,16,-1,2,2,4,2,0,2,0,2,2,0,3,3,-5,6,1,0,4,4,5,-7,2,-1,0,0,-1,-1,1,1,5,-1
KR_6706287289,420,-2,-31,-28,-4,-3,3,0,0,1,1,-2,3,1,1,3,4,0,0,0,-1,-2,17,2,-3,1,1,0,0,-1,-1,0,-1,2,-1
KR_6759021816,420,0,19,2,-5,2,0,2,0,4,4,0,3,3,-3,4,1,-4,4,0,-1,-6,-20,1,-5,4,3,0,1,-1,1,1,-1,4,-1
KR_6663010653,440,2,-25,5,7,-2,3,1,5,0,5,4,0,4,-1,1,0,1,1,2,0,8,6,0,-3,3,-1,0,0,1,-1,0,-1,2,-1
KR_6678157167,420,0,9,8,4,-2,2,0,1,1,2,0,3,3,4,1,5,1,1,2,0,12,-2,-4,-3,7,-2,0,0,0,-1,-1,1,0,-1
KR_6755661105,420,-2,72,-64,-1,-1,2,1,-1,3,2,1,3,4,-1,6,5,1,1,2,0,7,1,-3,-5,8,-5,0,0,0,-1,0,-1,0,-1
KR_6729763838,420,1,46,-18,-1,-3,5,2,1,2,3,2,2,4,0,4,4,-1,1,0,-1,-2,-12,-2,-4,6,5,0,0,-1,0,0,-1,6,-1
KR_6753852503,420,-4,-63,-18,-8,-6,6,0,-6,8,2,4,1,5,-1,2,1,1,1,2,0,-3,1,-5,0,5,-3,0,-3,1,-1,-1,1,2,-1
KR_6755401797,420,1,-79,8,3,1,1,2,2,2,4,-2,3,1,3,0,3,-1,1,0,0,0,-18,0,-4,4,4,0,0,-1,1,0,-1,6,-1
KR_6754127622,420,-5,-80,-37,-12,2,3,5,-1,1,0,-8,8,0,-4,4,0,-1,2,1,0,-11,0,0,-2,2,-1,0,-3,-1,1,-1,-1,1,-1
KR_6761968780,420,0,-15,12,-4,0,1,1,-3,3,0,1,5,6,-2,3,1,0,0,0,0,-11,-1,-1,-3,4,2,0,-1,-1,-1,-1,1,1,-1
KR_6754094511,420,-2,-11,4,0,2,0,2,-1,1,0,1,1,2,-2,3,1,0,0,0,0,-2,7,-1,-3,4,1,0,1,1,0,1,1,4,-1
KR_6756095175,420,-2,-22,8,-1,-1,3,2,1,0,1,-1,2,1,2,1,3,-2,2,0,0,-1,-17,-5,-5,10,5,0,-2,1,0,-1,1,3,-1
KR_6728595512,420,-1,-47,12,-4,-2,4,2,0,4,4,-4,5,1,0,1,1,2,0,2,0,2,6,0,-3,3,2,0,0,-1,1,-1,-1,3,-1
KR_6607642303,420,-4,-50,4,-4,0,1,1,-1,4,3,-1,2,1,-2,4,2,0,0,0,0,-2,-3,-1,-2,3,0,0,0,-1,0,-1,-1,6,-1
KR_6763076024,420,-4,0,-23,-12,0,1,1,-2,2,0,-3,3,0,-8,10,2,1,0,1,1,-12,2,0,-4,4,-5,0,-1,-1,-1,-1,1,3,-1
KR_6729691812,420,-3,-61,-4,-10,-1,1,0,-1,2,1,-4,5,1,-3,4,1,-1,2,1,0,-8,0,-1,-2,3,-8,0,1,-1,-1,1,-1,2,-1
KR_6572890374,420,-4,-39,-23,-10,3,2,5,-6,7,1,-5,8,3,-2,3,1,0,0,0,0,-16,-9,-3,-3,6,4,0,-2,-1,-1,-1,1,5,-1
KR_6618059768,420,0,-42,-12,-1,1,1,2,-1,2,1,1,2,3,-2,2,0,0,0,0,0,-4,6,2,-5,3,1,0,0,-1,0,0,-1,2,-1
KR_6752799532,440,-1,16,-1,-2,1,1,2,-2,4,2,0,1,1,-1,2,1,0,1,1,0,-7,-12,0,-4,4,2,0,-1,0,0,-1,1,0,-1
KR_6682227865,420,-5,-89,-12,-6,-7,7,0,1,1,2,-1,3,2,0,4,4,1,2,3,1,3,-41,-2,-1,3,23,0,-2,1,0,-1,1,2,-1
KR_6741864494,420,-1,-33,16,3,-2,2,0,2,0,2,4,0,4,1,0,1,-2,2,0,0,0,1,-1,-4,5,1,0,0,1,1,0,1,2,-1
KR_6683479794,420,-2,-40,8,-8,-6,7,1,-2,5,3,3,4,7,-2,5,3,-1,1,0,0,-2,6,-3,-2,5,5,0,0,0,1,1,-1,0,-1
KR_6687540203,420,-4,14,-36,-7,-2,3,1,-2,3,1,-3,3,0,-3,4,1,3,0,3,0,-10,-1,0,-1,1,0,0,1,-1,1,1,-1,5,-1
KR_6760225588,420,0,-18,28,0,-3,4,1,-4,5,1,1,1,2,1,3,4,5,1,6,0,-3,2,4,-6,2,-3,0,0,0,-1,1,-1,0,-1
KR_6739203737,420,0,-74,5,-5,-1,2,1,1,2,3,-5,5,0,1,2,3,-1,1,0,-1,-5,-2,-1,-5,6,-3,0,0,1,0,0,-1,6,-1
KR_6616756167,420,-3,-59,-24,-7,-3,5,2,0,0,0,-2,5,3,-1,2,1,-1,2,1,-1,-3,10,2,-5,3,-3,0,-1,-1,-1,-1,-1,1,-1
KR_6653285098,420,-3,-42,-20,-2,-2,3,1,2,1,3,1,2,3,-3,4,1,0,1,1,0,-3,376,-1,-1,2,2,0,0,1,-1,0,-1,3,-1
KR_6728501483,420,-3,-13,-4,-10,1,2,3,-5,5,0,-6,6,0,0,1,1,0,1,1,0,-16,5,-1,-4,5,-7,0,-2,0,-1,-1,1,0,-1
KR_6740102178,440,-1,-36,6,2,0,0,0,0,6,6,-1,1,0,4,0,4,-1,1,0,0,4,-4,-1,-2,3,3,0,-1,-1,-1,-1,-1,1,-1
KR_6743884940,420,-1,-31,-8,-3,-1,2,1,-1,1,0,-3,4,1,4,1,5,-2,2,0,-1,-4,16,-1,-2,3,0,0,-1,-1,1,-1,-1,5,-1
KR_6725736237,440,0,-25,-25,3,1,0,1,0,1,1,-4,4,0,2,3,5,4,1,5,0,3,4,2,-8,6,-4,0,0,-1,-1,0,1,4,-1
KR_6696254624,440,-1,-22,16,-2,-4,4,0,2,1,3,-1,2,1,1,0,1,0,3,3,1,-1,-4,1,-6,5,-5,0,0,-1,1,0,1,4,-1
KR_6753509387,420,-5,-74,-6,-12,-6,6,0,-1,2,1,-7,7,0,1,1,2,1,0,1,-1,-5,-2,-2,-1,3,2,0,-2,-1,-1,-1,-1,4,-1
KR_6720964287,420,-5,-79,-9,-16,-7,8,1,4,0,4,-6,8,2,-3,5,2,-4,4,0,0,-13,0,-2,-2,4,-2,0,-2,-1,-1,-1,-1,6,-1
KR_6634180584,420,-4,-131,9,-12,0,2,2,-4,8,4,-2,3,1,-4,6,2,-2,4,2,0,-18,-33,-2,-3,5,9,0,-4,-1,1,-1,-1,3,-1
KR_6762285291,420,-2,-42,-23,-4,-3,4,1,1,2,3,-3,5,2,3,0,3,-2,2,0,1,6,24,7,-8,1,-1,0,-1,-1,-1,-1,1,5,-1
KR_6725710910,420,-3,-33,19,-13,-3,3,0,-4,6,2,-2,2,0,-3,4,1,-1,1,0,-1,-18,-20,-3,-1,4,0,0,-1,-1,-1,-1,-1,6,-1
KR_6637446780,420,2,-30,16,0,-3,4,1,2,0,2,-4,6,2,3,2,5,2,1,3,0,7,-4,-6,-2,8,5,0,0,1,1,-1,-1,3,-1
KR_6758008265,420,-3,-10,12,-9,-3,3,0,0,1,1,1,4,5,-5,6,1,-2,3,1,0,-14,8,0,-4,4,-1,0,-1,-1,1,-1,1,4,-1
KR_6763461936,420,2,43,-24,2,3,0,3,-1,4,3,-2,4,2,2,3,5,0,4,4,0,-2,-7,-2,-2,4,3,0,0,1,-1,0,1,5,-1
KR_6698521162,420,0,-20,8,3,2,2,4,0,2,2,2,1,3,-3,6,3,2,1,3,0,-4,-5,1,-2,1,0,0,0,1,-1,0,-1,1,-1
KR_6762131339,420,0,-30,-8,-2,0,2,2,-2,4,2,1,2,3,-2,4,2,1,1,2,0,-1,6,-1,-4,5,-5,0,0,-1,-1,1,-1,2,-1
KR_5857940098,420,2,64,32,5,-3,4,1,2,2,4,-1,3,2,9,1,10,-2,2,0,0,11,13,2,-7,5,3,0,1,1,1,-1,-1,5,-1
KR_6673891820,420,-8,-129,-15,-16,-3,4,1,-2,3,1,-1,1,0,-9,9,0,-1,2,1,0,-11,-2,-1,-3,4,-2,0,-2,0,-1,-1,-1,0,-1
KR_6711010549,420,2,-5,-24,3,2,1,3,1,5,6,-1,2,1,2,1,3,-1,2,1,0,-3,-4,3,-5,2,1,0,0,-1,1,-1,1,2,-1
KR_6734847938,420,-4,-46,-32,-1,0,2,2,-1,3,2,-1,7,6,0,3,3,1,0,1,0,8,0,-1,-3,4,2,0,0,-1,-1,-1,-1,1,-1
KR_6743949716,420,0,-72,0,0,0,0,0,-1,2,1,-1,2,1,-2,4,2,4,1,5,0,9,12,3,-8,5,-7,0,-1,1,-1,-1,-1,2,-1
KR_6206622760,420,-2,23,-11,-1,-1,1,0,-2,3,1,0,3,3,2,2,4,0,2,2,0,-1,10,2,-9,7,-2,0,0,1,0,0,-1,2,-1
KR_6753019750,420,0,-32,-4,1,0,1,1,1,1,2,2,3,5,-1,3,2,-1,1,0,0,7,7,1,-4,3,-3,0,0,1,-1,-1,-1,3,-1
KR_6306591526,420,0,5,35,-5,2,3,5,0,5,5,-2,4,2,-1,4,3,-4,4,0,0,-19,10,-2,-1,3,-2,0,1,-1,-1,1,-1,4,-1
KR_6721482937,420,-4,-83,13,-11,-1,2,1,-1,2,1,-1,2,1,-7,10,3,-1,1,0,-2,-10,-2,-1,-2,3,0,0,-2,-1,-1,-1,-1,6,-1
KR_6636658502,420,2,70,0,3,2,0,2,-2,3,1,3,1,4,1,2,3,-1,1,0,0,-1,0,-3,-4,7,3,0,0,-1,-1,0,1,5,-1
KR_6759913884,440,1,-74,19,-2,-2,2,0,-3,4,1,0,2,2,3,5,8,0,0,0,0,-8,37,3,-9,6,0,0,0,1,0,0,-1,4,-1
KR_6749433095,420,1,-58,8,5,2,1,3,3,0,3,5,1,6,-5,5,0,0,0,0,0,19,56,5,-7,2,2,0,0,-1,-1,0,-1,4,-1
KR_6749307453,420,0,50,7,1,0,1,1,1,2,3,2,0,2,0,6,6,-2,2,0,0,-7,47,1,-3,2,-38,0,1,1,0,1,-1,1,-1
KR_6760566497,420,-6,-88,-12,-15,-6,7,1,-1,1,0,-7,7,0,-2,3,1,1,6,7,0,-11,-13,-3,-1,4,3,0,-4,-1,-1,-1,-1,2,-1
KR_6747348353,440,-5,-53,-12,-12,-1,1,0,-1,3,2,-7,8,1,1,0,1,-4,5,1,0,-6,0,-1,-1,2,0,0,-1,1,-1,-1,-1,1,-1
KR_6742843743,420,-1,-72,-29,-5,-1,2,1,-2,2,0,1,1,2,-4,5,1,1,1,2,0,1,-15,0,-4,4,-1,0,-1,-1,-1,-1,-1,5,-1
KR_6505800693,420,2,-74,4,3,1,3,4,1,4,5,3,2,5,-3,6,3,1,0,1,0,4,-7,-1,-1,2,0,0,-2,-1,-1,-1,-1,5,-1
KR_5969619837,420,0,14,9,-4,0,2,2,2,0,2,0,1,1,-4,5,1,-2,2,0,0,-5,-47,-2,-5,7,11,0,0,-1,1,-1,-1,2,-1
KR_6188050707,420,-3,-23,0,-8,2,1,3,-7,8,1,0,0,0,-5,6,1,2,0,2,0,-16,-15,-9,-3,12,4,0,-2,-1,-1,-1,-1,3,-1
KR_6630841935,420,-7,-136,-25,-16,2,2,4,-4,4,0,-5,8,3,-8,8,0,-1,1,0,0,-17,3,1,-3,2,-4,0,-1,-1,0,-1,-1,4,-1
KR_6656598372,420,-2,-22,37,-3,1,0,1,-5,9,4,-1,3,2,1,1,2,1,0,1,1,0,-203,-1,-3,4,4,0,-1,1,-1,-1,1,3,-1
KR_6617446028,440,3,9,6,4,0,1,1,3,0,3,4,3,7,-2,3,1,-1,2,1,-1,5,229,0,-8,8,-3,0,2,1,1,1,-1,5,-1
KR_6694926621,420,-3,-17,-27,-3,-1,1,0,1,4,5,-2,3,1,0,3,3,-1,1,0,0,4,-6,-1,-4,5,-1,0,-1,0,-1,-1,-1,0,-1
KR_6747813108,420,-1,-10,-12,-6,-4,4,0,-5,6,1,2,0,2,0,1,1,1,1,2,0,-3,-10,-3,-2,5,3,0,0,-1,-1,-1,1,5,-1
KR_6633657461,420,-5,-37,-49,-10,0,1,1,-6,7,1,-6,8,2,-2,3,1,4,1,5,0,-2,-6,0,-2,2,0,0,-1,-1,1,-1,-1,1,-1
KR_6598830796,440,-2,-7,-47,-12,-7,7,0,-4,8,4,1,1,2,-4,5,1,2,1,3,-1,-3,0,0,-2,2,1,0,-2,-1,-1,-1,1,1,-1
KR_6751658112,420,-2,-4,8,-8,3,1,4,-4,5,1,-6,8,2,-2,7,5,1,1,2,-2,-12,43,1,-4,3,-2,0,0,1,-1,-1,-1,5,-1
KR_6749838390,420,-5,-29,-22,-10,-1,3,2,-2,3,1,0,2,2,-5,6,1,-2,2,0,-1,-10,-15,-6,0,6,4,0,-1,-1,-1,-1,-1,4,-1
KR_5944717140,420,-3,-77,-29,-7,-1,1,0,-5,6,1,-5,6,1,4,1,5,0,1,1,-1,-5,-2,-5,-4,9,2,0,1,1,1,1,-1,4,-1
KR_6760008014,440,-4,-77,-12,-9,-9,9,0,-2,4,2,-3,4,1,1,5,6,4,1,5,-3,-9,0,-2,-2,4,4,0,0,0,0,-1,1,0,-1
KR_6751950259,420,-4,-35,-15,-3,3,2,5,2,2,4,-4,4,0,-2,3,1,-2,2,0,1,-2,-165,-2,-1,3,21,0,-2,1,1,-1,1,3,-1
KR_6746599025,440,1,56,9,0,0,3,3,-3,5,2,2,0,2,2,3,5,-1,2,1,0,-7,-3,5,-8,3,8,0,0,-1,1,-1,1,5,-1
KR_6731574850,420,-2,-134,6,-13,-5,5,0,0,2,2,-1,4,3,-8,10,2,1,1,2,0,-9,-12,1,-2,1,-2,0,-3,-1,-1,-1,-1,6,-1
KR_6694511966,420,0,-75,9,1,2,2,4,0,0,0,-3,4,1,1,2,3,1,0,1,0,0,4,1,-4,3,-1,0,1,1,1,1,1,3,-1
KR_6640996707,420,-3,-14,-40,-3,2,1,3,-5,5,0,0,2,2,0,2,2,0,0,0,0,-4,-2,2,-7,5,-1,0,0,1,1,0,1,4,-1
KR_6694917511,420,-1,42,24,1,2,0,2,-1,5,4,4,1,5,-5,6,1,1,0,1,0,-2,-4,0,-3,3,-3,0,0,1,1,1,1,3,-1
KR_6706401886,420,-1,18,-22,-6,-1,1,0,0,2,2,-3,3,0,1,2,3,-3,3,0,0,-8,6,0,-3,3,-2,0,1,-1,1,1,-1,4,-1
KR_6743035333,440,-2,-34,12,-8,-5,5,0,1,1,2,-1,3,2,-3,4,1,0,2,2,-1,-7,140,3,-5,2,-15,0,0,-1,-1,0,-1,3,-1
KR_6762602242,420,-4,-48,-17,-9,0,1,1,-1,2,1,-1,1,0,-5,6,1,-2,3,1,-2,-19,-14,-4,-3,7,0,0,-3,-1,1,-1,-1,4,-1
KR_6760128692,420,-3,-37,32,-11,-4,4,0,1,0,1,-3,4,1,-3,4,1,-2,2,0,0,-3,-9,-2,-2,4,2,0,-2,0,-1,-1,-1,0,-1
KR_6751470715,440,-2,-62,8,-2,0,3,3,1,0,1,-7,8,1,2,0,2,2,0,2,0,2,5,2,-7,5,-1,0,-1,1,0,-1,-1,3,-1
KR_6760388726,420,-2,-44,-20,3,-1,3,2,2,0,2,-2,2,0,2,3,5,2,1,3,1,12,8,2,-4,2,-1,0,-1,1,-1,-1,1,5,-1
KR_6763845797,420,-2,-7,-16,-4,-3,3,0,-2,3,1,2,1,3,-3,4,1,2,0,2,0,-6,-8,2,-5,3,-3,0,0,-1,-1,-1,1,4,-1
KR_6752708709,440,-1,3,-8,0,-7,7,0,-1,2,1,4,1,5,3,1,4,1,0,1,0,-1,-2,-2,0,2,-1,0,0,1,0,-1,1,5,-1
KR_6755709247,420,4,12,52,5,1,0,1,3,2,5,-3,7,4,5,4,9,-1,2,1,0,2,2,-1,-2,3,-4,0,2,1,-1,1,-1,2,-1
KR_6751407843,420,-3,-36,-18,-6,3,1,4,-1,3,2,-2,3,1,-6,6,0,0,0,0,0,-6,7,0,-2,2,-1,0,-1,-1,-1,-1,-1,2,-1
KR_6759704570,420,-5,-27,-42,-9,-1,1,0,-6,7,1,-2,4,2,0,1,1,0,1,1,0,-12,10,3,-5,2,0,0,-1,-1,-1,-1,-1,5,-1
KR_6560792953,420,-4,4,-28,-7,-4,4,0,-6,6,0,0,1,1,2,3,5,1,2,3,0,-8,28,9,-12,3,-4,0,-1,1,-1,-1,1,4,-1
KR_6759080201,420,0,-83,73,-1,-3,3,0,-1,4,3,0,5,5,2,6,8,1,1,2,0,6,4,-1,-3,4,-5,0,-2,1,1,-1,-1,3,-1
KR_6596132213,420,3,-10,5,1,10,0,10,0,2,2,-4,4,0,-2,2,0,-3,4,1,-1,-3,224,2,-3,1,-1,0,2,1,1,1,-1,5,-1
KR_6738992708,440,-3,-105,-32,-2,-2,2,0,0,1,1,5,1,6,-3,4,1,-2,3,1,0,2,243,-2,-2,4,4,0,0,-1,1,0,-1,1,-1
KR_6739062657,420,-2,41,-48,-5,-1,2,1,-2,5,3,-1,3,2,0,3,3,-1,2,1,0,-2,-1,5,-6,1,1,0,0,1,-1,0,-1,4,-1
KR_6585780297,440,-5,-53,-19,-12,-9,9,0,-6,7,1,4,1,5,-7,7,0,6,3,9,0,0,-1,-1,-5,6,-7,0,0,1,0,-1,1,1,-1
KR_6760645966,420,2,-115,56,-4,-4,4,0,5,1,6,3,1,4,-3,5,2,-5,6,1,0,0,22,1,-1,0,-1,0,-1,1,1,-1,-1,3,-1
KR_6747366291,440,0,-34,4,3,3,1,4,5,2,7,-2,3,1,-3,4,1,0,2,2,0,3,7,-1,-4,5,-1,0,0,1,0,0,1,6,-1
KR_6634812212,420,-1,-6,-20,2,-1,1,0,1,3,4,3,1,4,-1,3,2,0,2,2,0,3,293,0,-4,4,-1,0,1,0,1,1,1,0,-1
KR_6691906820,420,-3,-68,0,-3,-4,6,2,2,1,3,-4,5,1,4,1,5,-1,3,2,-1,0,-2,-1,-3,4,-3,0,1,1,-1,1,-1,5,-1
KR_6745824065,420,-1,5,8,1,-2,3,1,-1,2,1,3,2,5,0,1,1,1,0,1,1,-1,0,-2,-2,4,0,0,1,1,0,1,1,5,-1
KR_6754091235,420,-1,-14,-19,-7,-2,2,0,-4,5,1,0,0,0,-1,1,0,0,2,2,0,-10,0,3,-6,3,-2,0,0,-1,-1,0,-1,3,-1
KR_6753335400,420,2,-14,3,2,1,1,2,-1,5,4,1,1,2,-1,4,3,2,0,2,0,6,1,0,-3,3,1,0,0,-1,0,0,-1,6,-1
KR_6761515485,420,-1,23,8,-7,-7,8,1,1,0,1,-1,3,2,1,0,1,-1,1,0,0,-5,3,-1,-3,4,-1,0,0,0,-1,0,-1,0,-1
KR_6745892714,420,-1,-9,1,-5,3,0,3,-5,5,0,-2,5,3,-5,8,3,4,3,7,-1,-6,-347,-3,-2,5,0,0,-2,-1,-1,-1,-1,4,-1
KR_6759780185,420,-1,101,-4,-2,1,0,1,2,2,4,-6,7,1,-3,7,4,4,0,4,0,3,306,-1,-2,3,4,0,1,-1,-1,1,1,2,-1
KR_6761551422,440,-3,-85,-15,-8,-3,3,0,-3,4,1,-4,6,2,-1,2,1,3,0,3,0,-2,5,3,-4,1,-1,0,-2,0,-1,-1,-1,0,-1
KR_6642132495,420,0,-12,20,6,0,2,2,3,2,5,-2,2,0,5,0,5,0,0,0,0,5,-7,-2,-1,3,3,0,1,-1,1,1,1,3,-1
KR_6764109374,440,-3,-37,-29,-6,2,1,3,-7,8,1,1,1,2,-2,7,5,0,1,1,1,-13,7,5,-7,2,-2,0,0,-1,-1,-1,1,6,-1
KR_6634021706,420,-1,-92,-36,1,0,1,1,-2,2,0,-2,4,2,4,1,5,1,4,5,0,10,5,2,-6,4,-3,0,0,0,0,-1,-1,0,-1
KR_6759996451,420,1,-28,15,-1,-3,5,2,3,0,3,-1,2,1,2,0,2,-2,2,0,0,6,15,0,-3,3,-1,0,0,1,-1,0,-1,5,-1
KR_6763140120,440,-2,-2,5,-6,-5,7,2,-1,2,1,-2,4,2,1,2,3,1,0,1,1,-4,-3,2,-4,2,2,0,-1,1,0,-1,1,5,-1
KR_6761782346,420,-2,-118,-20,0,0,0,0,-2,3,1,-1,2,1,2,3,5,1,2,3,0,8,6,2,-4,2,1,0,-1,-1,0,-1,1,1,-1
KR_6726794459,420,-5,-56,8,-10,-1,3,2,-4,4,0,-2,2,0,-1,3,2,-2,2,0,0,-13,173,2,-6,4,2,0,0,0,0,-1,1,0,-1
KR_6761767389,420,-1,53,-18,-3,-2,3,1,0,3,3,1,1,2,-2,2,0,0,0,0,-1,-2,86,-5,-2,7,2,0,0,1,-1,0,-1,4,-1
KR_6760615656,420,2,-51,-4,0,2,1,3,3,1,4,-2,3,1,-2,4,2,-1,2,1,0,-3,3,-4,-2,6,-3,0,1,1,1,1,-1,5,-1
KR_6730881843,440,-1,-63,-17,-9,4,2,6,-5,6,1,4,2,6,-11,11,0,-1,1,0,-1,-8,-12,-5,0,5,0,0,0,0,0,-1,-1,0,-1
KR_6692789752,420,-5,-63,-40,-6,-3,4,1,2,3,5,0,3,3,-6,7,1,1,1,2,0,-8,-119,-6,0,6,-2,0,0,-1,-1,0,-1,2,-1
KR_6758668785,420,-6,-148,-20,-12,-2,4,2,-6,7,1,-2,2,0,-2,5,3,0,0,0,0,2,-11,2,-5,3,0,0,-3,-1,-1,-1,-1,2,-1
KR_6598771639,440,-1,26,-17,-5,-5,6,1,0,1,1,-3,4,1,2,0,2,1,1,2,0,-8,-4,-1,-2,3,0,0,0,-1,1,0,-1,2,-1
KR_6752083033,420,2,16,7,5,0,1,1,0,0,0,-3,4,1,8,0,8,0,0,0,0,2,0,-3,-2,5,0,0,0,1,-1,0,1,5,-1
KR_6732089107,420,0,15,36,-5,2,1,3,-6,9,3,0,3,3,-1,3,2,0,0,0,0,-5,9,-1,-7,8,-4,0,-1,-1,-1,-1,1,4,-1
KR_6615117994,420,-3,-13,-13,-7,0,2,2,2,2,4,-6,7,1,-1,1,0,-2,2,0,-1,-15,-8,1,-3,2,-3,0,-1,-1,1,-1,-1,4,-1
KR_6729921502,440,-4,-26,-4,-9,-2,3,1,1,2,3,-4,4,0,0,2,2,-4,7,3,1,-12,3,-3,-1,4,-1,0,-1,-1,-1,-1,1,4,-1
KR_6763221236,440,-3,18,16,-1,-1,2,1,-1,2,1,-1,4,3,-1,6,5,3,1,4,0,-3,2,-4,0,4,1,0,0,-1,1,1,-1,6,-1
KR_6764380118,420,1,18,-14,0,3,0,3,-5,6,1,-3,6,3,3,0,3,2,0,2,0,4,-10,1,-2,1,0,0,0,-1,1,-1,-1,5,-1
KR_6554749779,420,-1,21,-20,-2,-2,2,0,4,2,6,-4,5,1,0,2,2,0,0,0,0,0,-4,-5,-2,7,-2,0,0,-1,0,0,1,4,-1
KR_6699154792,440,-3,-50,0,-4,0,3,3,-2,4,2,2,1,3,-1,2,1,-3,4,1,0,-4,-2,0,-2,2,1,0,0,1,-1,-1,1,1,-1
KR_6704771799,420,-4,-78,-24,-8,-4,4,0,-1,4,3,-1,3,2,-2,4,2,0,2,2,1,-1,3,-1,-6,7,3,0,0,1,-1,-1,1,4,-1
KR_6706482098,420,-6,-24,-17,-10,0,2,2,-6,7,1,-1,4,3,1,7,8,-4,4,0,1,-3,70,-4,-1,5,2,0,-2,-1,-1,-1,-1,1,-1
KR_6725817612,440,-3,-98,-17,-7,-3,3,0,0,2,2,-1,5,4,0,3,3,-3,4,1,0,0,311,-1,-7,8,1,0,-2,0,0,-1,1,0,-1
KR_6666994504,420,2,79,12,10,3,0,3,-1,3,2,5,2,7,4,2,6,-1,4,3,1,3,-15,3,-7,4,0,0,0,1,-1,0,-1,1,-1
KR_6702746089,420,-1,-74,-1,-11,0,0,0,1,2,3,-1,5,4,-5,7,2,-6,6,0,0,-15,-9,-1,-3,4,-3,0,-1,-1,-1,-1,-1,4,-1
KR_6751184637,420,-6,-36,-81,-12,-4,6,2,-2,2,0,-2,6,4,-5,6,1,1,2,3,-1,-7,-17,-1,-2,3,-3,0,-2,-1,-1,-1,-1,4,-1
KR_6324550145,420,-1,-45,14,-7,-1,2,1,0,2,2,-2,3,1,-3,4,1,-1,2,1,0,-10,-31,1,-5,4,-3,0,0,1,1,-1,1,2,-1
KR_6764306598,420,3,58,22,6,1,0,1,0,3,3,1,2,3,1,2,3,3,0,3,-1,3,2,0,-5,5,0,0,1,0,0,1,-1,0,-1
KR_6731265296,420,3,57,16,6,-3,3,0,3,4,7,2,2,4,4,1,5,0,0,0,0,0,16,2,-5,3,-26,0,0,0,-1,0,1,0,-1
KR_6730297026,420,-3,-94,-27,-6,-5,5,0,3,1,4,-6,8,2,0,0,0,2,0,2,0,2,2,3,-6,3,-4,0,-1,-1,-1,-1,-1,5,-1
KR_6747607196,420,-1,-51,16,-1,-1,3,2,3,1,4,-3,4,1,-1,3,2,1,0,1,0,0,129,0,-2,2,2,0,-1,1,-1,-1,1,3,-1
KR_6763316147,420,-1,53,-56,-5,4,1,5,2,3,5,-4,5,1,-7,10,3,0,1,1,0,-5,-145,0,-2,2,0,0,1,1,-1,1,-1,5,-1
KR_6750828320,420,-4,-104,-12,-2,-4,4,0,0,1,1,3,0,3,0,1,1,-1,3,2,0,7,15,1,-2,1,-1,0,0,1,1,-1,-1,4,-1
KR_6696827180,420,-3,10,-45,-6,3,0,3,-2,3,1,2,1,3,-8,9,1,-1,2,1,0,-2,-5,1,-4,3,1,0,0,-1,1,-1,1,1,-1
KR_6701936852,420,-3,-55,-23,2,0,5,5,4,1,5,-1,1,0,1,1,2,-2,3,1,0,4,-122,-6,-1,7,2,0,0,-1,0,0,1,6,-1
KR_6762728510,420,-2,-98,-7,-6,-3,6,3,-1,1,0,-4,5,1,4,2,6,-2,4,2,-1,3,112,6,-7,1,-1,0,-2,1,1,-1,-1,2,-1
KR_6724526458,420,-1,-19,-8,-1,-3,5,2,-1,3,2,-2,4,2,4,0,4,1,1,2,0,6,-25,-2,-4,6,3,0,-1,0,-1,-1,-1,0,-1
KR_6719790220,420,-2,-76,-7,-6,-1,2,1,0,3,3,-2,4,2,-1,2,1,-2,2,0,-2,-6,-88,-2,-4,6,18,0,-1,-1,-1,-1,-1,4,-1
KR_6703696549,440,-3,-25,-4,-10,-2,2,0,-2,2,0,1,2,3,-5,6,1,-2,2,0,0,-11,-5,-1,-2,3,0,0,0,-1,-1,-1,-1,6,-1
KR_6709081341,420,-4,-81,-12,-10,0,1,1,-3,6,3,-3,3,0,-4,5,1,0,1,1,0,-10,-31,-1,-3,4,17,0,-2,-1,-1,-1,-1,4,-1
KR_6477280925,420,-3,-64,-9,-5,0,3,3,-1,3,2,-1,4,3,0,3,3,-3,3,0,1,-2,-44,-4,-4,8,15,0,-1,0,-1,-1,1,0,-1
KR_6745933459,440,0,25,4,1,2,0,2,0,1,1,-2,4,2,1,0,1,0,1,1,0,6,5,3,-6,3,1,0,0,1,1,0,-1,5,-1
KR_6753007563,420,-3,52,-15,-8,4,5,9,-3,3,0,-3,3,0,-2,2,0,-4,4,0,-1,-9,-10,0,-2,2,-2,0,1,-1,1,-1,-1,3,-1
KR_6671556801,420,0,35,31,0,-6,6,0,0,2,2,9,2,11,-2,3,1,-1,2,1,0,-5,10,1,-3,2,-1,0,0,0,1,0,1,0,-1
KR_6338180764,420,-1,-38,0,4,2,0,2,4,0,4,-1,2,1,-1,3,2,0,1,1,0,3,-2,-1,-4,5,-5,0,0,1,1,1,-1,1,-1
KR_6760873175,440,-2,-47,-22,-4,1,0,1,-1,1,0,-3,5,2,-1,4,3,0,1,1,0,1,-14,-2,-3,5,1,0,-1,1,-1,1,-1,3,-1
KR_6736841761,420,-6,2,-1,-14,-9,12,3,-4,5,1,3,1,4,-1,4,3,-3,3,0,-1,-11,17,-2,-2,4,4,0,-1,-1,-1,-1,-1,2,-1
KR_6643951887,420,-1,-9,-20,7,-4,4,0,2,1,3,0,0,0,10,0,10,-1,2,1,1,10,32,1,-3,2,0,0,-2,-1,-1,-1,1,6,-1
KR_6718868811,420,-2,22,16,-6,-1,4,3,2,1,3,0,1,1,-6,7,1,-1,2,1,0,-5,-2,1,-3,2,0,0,-1,-1,1,-1,1,5,-1
KR_6742726579,420,0,27,-4,0,3,1,4,-2,3,1,-2,5,3,-1,5,4,2,0,2,0,12,-8,0,-3,3,-3,0,0,0,-1,0,1,0,-1
KR_6734935176,420,1,29,-34,7,2,1,3,6,2,8,-1,1,0,0,6,6,0,1,1,0,7,19,2,-4,2,1,0,0,1,1,1,1,3,-1
KR_6199521418,420,2,-27,3,5,-1,3,2,5,0,5,-1,1,0,3,2,5,-1,2,1,0,9,9,6,-7,1,-4,0,-2,1,-1,-1,-1,5,-1
KR_6702912671,440,-4,-48,-28,-7,-6,7,1,-9,10,1,3,1,4,0,4,4,5,1,6,3,1,-6,-3,-2,5,-2,0,1,-1,1,1,1,1,-1
KR_6761171224,420,-4,-118,-24,-13,-4,5,1,0,1,1,-1,2,1,-2,3,1,-6,6,0,0,-14,3,-2,-3,5,2,0,-1,1,-1,-1,-1,4,-1
KR_6660675540,420,0,-40,-15,-3,-2,2,0,-1,5,4,-2,3,1,0,4,4,2,0,2,-1,1,0,0,-3,3,-3,0,-2,-1,-1,-1,-1,6,-1
KR_6699361669,420,-1,42,-12,-7,-7,7,0,0,1,1,0,1,1,0,1,1,0,0,0,0,-6,-55,-2,-2,4,0,0,0,-1,0,0,-1,3,-1
KR_6723746182,420,-6,-90,-44,-13,1,4,5,-6,6,0,-8,8,0,-1,2,1,1,2,3,1,-1,-259,-1,-2,3,-6,0,-1,-1,-1,-1,-1,4,-1
KR_6643581430,420,1,-16,13,0,-2,2,0,6,0,6,-6,6,0,2,0,2,0,2,2,0,-5,-56,-5,-3,8,3,0,-1,-1,-1,-1,-1,4,-1
KR_6752906406,440,-4,-91,-1,-4,-8,8,0,0,2,2,1,2,3,4,0,4,-1,1,0,0,7,34,-3,0,3,-21,0,-2,1,-1,-1,-1,4,-1
KR_6725597290,420,-3,-19,9,-10,-3,3,0,-6,8,2,2,2,4,-4,5,1,1,0,1,0,-9,3,2,-5,3,2,0,-1,-1,-1,-1,-1,2,-1
KR_6759828076,420,1,13,-25,6,7,1,8,-2,3,1,-2,4,2,2,2,4,1,1,2,0,-3,-16,1,-3,2,0,0,1,-1,0,1,1,6,-1
KR_6754932185,420,-2,22,-4,0,2,1,3,2,0,2,-1,4,3,-4,5,1,1,1,2,0,2,-6,-4,-2,6,3,0,1,-1,1,1,1,5,-1
KR_6704696063,420,-2,41,-26,-4,1,1,2,0,7,7,-1,3,2,1,2,3,-5,5,0,0,-7,-24,-3,-2,5,30,0,0,-1,-1,1,-1,6,-1
KR_6733849212,420,1,5,4,-1,-3,6,3,-2,4,2,3,2,5,0,2,2,1,0,1,0,-6,-20,-1,-2,3,2,0,-1,1,-1,-1,-1,5,-1
KR_6535014879,440,3,8,-4,3,2,1,3,-2,2,0,-2,3,1,6,0,6,-1,1,0,-1,0,22,-4,-2,6,-6,0,0,-1,1,0,-1,3,-1
KR_6268930907,420,0,-84,4,1,-6,6,0,1,3,4,8,0,8,-3,3,0,1,2,3,-1,0,-4,-3,0,3,2,0,-3,-1,-1,-1,-1,5,-1
KR_6734459908,440,0,-119,16,-1,-3,3,0,4,1,5,-1,3,2,2,2,4,-3,3,0,0,-2,5,4,-4,0,1,0,-1,1,1,-1,-1,3,-1
KR_6703103751,440,4,20,9,3,-1,5,4,0,1,1,0,4,4,4,0,4,0,1,1,0,7,37,3,-8,5,-15,0,0,1,0,0,-1,4,-1
KR_6759055777,420,-1,-17,-7,-8,-1,3,2,-1,3,2,-1,3,2,-1,6,5,-4,7,3,-1,-2,154,0,-2,2,4,0,0,-1,-1,-1,-1,1,-1
KR_6759644947,440,-2,19,-35,-9,1,3,4,-4,5,1,0,2,2,-6,6,0,0,2,2,0,-6,-25,-2,-4,6,3,0,1,-1,-1,-1,-1,1,-1
KR_6734931854,420,-9,-114,-29,-21,-11,11,0,-1,1,0,0,2,2,-6,6,0,-3,3,0,0,-12,-5,-3,-5,8,-3,-1,-5,0,-1,-1,-1,0,-1
KR_6733898513,420,2,14,0,4,0,1,1,1,1,2,1,2,3,0,1,1,2,1,3,0,6,1,-1,-3,4,0,0,0,0,1,0,-1,0,-1
KR_6730685621,420,-3,-58,40,-12,-1,1,0,3,1,4,-6,7,1,-5,7,2,-3,3,0,-2,-13,-1,4,-7,3,0,0,-1,-1,-1,-1,-1,4,-1
KR_6733388778,420,1,-80,22,1,-1,2,1,1,1,2,0,3,3,-1,3,2,2,0,2,0,-2,118,4,-9,5,4,0,0,1,-1,0,-1,4,-1
KR_6698149718,420,-3,-119,24,-5,-3,4,1,0,2,2,-1,3,2,2,1,3,-3,3,0,0,-3,-3,-2,-1,3,2,0,0,0,1,-1,-1,0,-1
KR_6670367879,420,0,-29,12,1,2,2,4,0,1,1,1,1,2,-2,2,0,0,0,0,0,2,1,0,-7,7,1,0,1,1,1,1,-1,6,-1
KR_6760386986,420,1,40,30,4,-2,3,1,2,1,3,5,0,5,-1,2,1,0,2,2,0,9,13,-5,-2,7,-5,0,2,-1,0,1,1,1,-1
KR_6746069703,420,1,50,5,-3,3,1,4,-4,4,0,-2,3,1,1,6,7,-1,1,0,0,-4,19,2,-2,0,0,0,2,1,1,1,1,2,-1
KR_6699150592,420,1,-20,12,1,2,0,2,-2,3,1,3,2,5,-3,7,4,1,0,1,-1,1,10,2,-5,3,-6,0,0,1,-1,0,-1,1,-1
KR_6752504503,420,0,-50,32,-4,-2,4,2,0,1,1,4,2,6,-3,5,2,-3,4,1,0,0,8,3,-4,1,0,0,-2,1,-1,-1,-1,1,-1
KR_6580177212,420,1,0,33,0,0,2,2,-6,7,1,2,3,5,6,0,6,-2,5,3,0,1,-11,1,-5,4,2,0,-1,1,-1,-1,1,4,-1
KR_6756796530,420,-1,-23,-17,0,-1,1,0,5,2,7,-2,4,2,0,5,5,-2,2,0,0,3,-3,-3,0,3,-2,0,-1,1,-1,-1,-1,3,-1
KR_6681516831,420,-4,-2,8,-10,-1,2,1,2,2,4,-1,2,1,-9,10,1,-1,2,1,0,-10,-182,1,-3,2,-2,0,-1,0,-1,-1,-1,0,-1
KR_6207903929,420,-6,-35,-10,-10,-6,7,1,1,2,3,0,4,4,-2,2,0,-3,3,0,-1,-25,2,0,-3,3,1,0,-1,0,0,-1,-1,0,-1
KR_6731401741,420,-4,-29,-8,-8,4,0,4,-4,5,1,2,1,3,-5,5,0,-5,5,0,0,-15,-6,-2,-2,4,1,0,-2,-1,0,-1,1,2,-1
KR_6751029581,440,-3,-40,22,-9,-7,8,1,6,1,7,-1,3,2,-2,3,1,-5,6,1,0,-3,-10,-5,-1,6,2,0,-1,1,-1,-1,1,1,-1
KR_6764484417,440,-1,-25,-10,-1,2,2,4,-1,2,1,-1,3,2,0,2,2,-1,1,0,0,-3,-120,4,-9,5,2,0,0,1,0,0,1,3,-1
KR_6714092022,420,-5,-48,-30,-7,-2,5,3,2,0,2,-1,3,2,-3,3,0,-3,4,1,0,-4,-7,-1,-1,2,-2,0,-1,-1,-1,-1,1,5,-1
KR_6760954006,420,-1,-99,23,1,-3,4,1,1,2,3,-2,4,2,3,0,3,2,0,2,0,8,2,-2,-4,6,-2,0,-1,1,1,-1,1,1,-1
KR_6750548478,420,-4,5,-33,-13,4,0,4,-4,5,1,-1,3,2,-10,11,1,-2,2,0,-2,-19,3,0,-6,6,4,0,-1,1,1,-1,-1,1,-1
KR_6730524171,420,1,21,-11,0,0,2,2,0,4,4,4,0,4,-1,2,1,-3,3,0,0,1,8,0,-4,4,-2,0,1,1,-1,1,1,6,-1
KR_6683790582,420,0,34,-16,-2,0,0,0,0,3,3,1,1,2,-3,4,1,0,1,1,1,-1,12,-2,-3,5,0,0,1,-1,0,1,1,1,-1
KR_6762386245,420,0,48,0,-6,5,0,5,-8,9,1,2,0,2,1,2,3,-6,7,1,-1,-12,-5,-5,-3,8,5,0,0,-1,-1,0,-1,3,-1
KR_6740380921,420,-5,-65,4,-7,-5,5,0,0,1,1,-4,7,3,1,0,1,1,0,1,0,0,-326,-3,-1,4,1,0,-1,-1,1,-1,-1,3,-1
KR_6758309523,440,-1,-16,-8,-6,-1,1,0,-4,4,0,0,2,2,0,4,4,-1,2,1,0,-12,184,-2,-2,4,1,0,-1,-1,-1,-1,-1,3,-1
KR_6484776003,420,-2,-28,16,-5,-2,2,0,-4,5,1,3,0,3,-1,1,0,-1,2,1,0,-6,383,3,-4,1,1,0,-1,0,-1,-1,1,0,-1
KR_6761504330,440,-1,-150,8,-2,-1,2,1,-6,7,1,5,1,6,0,0,0,0,1,1,0,-2,-32,-4,-2,6,3,0,-2,1,1,-1,1,1,-1
KR_6732568982,420,-1,23,-16,2,4,0,4,3,0,3,-3,5,2,-2,2,0,0,1,1,1,-2,20,1,-4,3,0,0,0,-1,1,0,1,5,-1
KR_6734738002,420,2,-28,-12,-2,3,0,3,0,6,6,-3,4,1,0,2,2,-2,2,0,0,2,-19,-1,-4,5,1,0,1,-1,1,1,-1,5,-1
KR_6634903419,420,-3,22,-2,-6,-5,5,0,1,3,4,-3,5,2,-1,5,4,2,1,3,0,-2,17,-3,-3,6,-18,0,0,-1,1,0,-1,3,-1
KR_5768678000,420,-1,-63,5,2,-1,2,1,8,5,13,-4,6,2,-1,4,3,0,1,1,0,1,-20,4,-8,4,-1,0,-1,-1,1,-1,1,1,-1
KR_6730937976,420,-2,19,-7,-2,-6,6,0,-2,2,0,9,0,9,0,2,2,-3,6,3,1,0,-3,1,-2,1,-1,0,-1,0,-1,-1,1,0,-1
KR_6703903326,420,-5,-91,3,-13,-7,7,0,-4,4,0,1,1,2,-1,2,1,-2,3,1,0,-12,-12,-4,-1,5,-1,0,-1,-1,-1,-1,-1,5,-1
KR_6742925627,420,-1,-14,-12,-1,3,0,3,-2,4,2,0,3,3,-2,4,2,0,1,1,0,-3,3,1,-3,2,-7,0,-1,-1,-1,-1,1,3,-1
KR_6733652023,420,3,1,28,5,1,3,4,3,0,3,-5,10,5,4,3,7,2,0,2,1,13,-4,3,-9,6,-2,0,1,1,-1,1,1,2,-1
KR_6299380307,440,1,-32,33,-4,-2,4,2,-2,4,2,1,1,2,0,3,3,-1,2,1,0,-4,41,-2,-2,4,-25,0,-2,-1,1,1,-1,2,-1
KR_6752748522,440,-3,-56,-21,3,2,2,4,0,1,1,1,7,8,0,3,3,0,0,0,0,4,-9,1,-7,6,-1,0,-1,-1,-1,-1,1,3,-1
KR_6761231057,440,-1,37,16,-8,-2,2,0,-2,2,0,-4,4,0,-3,5,2,3,1,4,0,-8,-4,-2,-1,3,-1,0,0,-1,-1,0,-1,2,-1
KR_6712962970,420,-1,6,10,-2,3,1,4,1,3,4,-2,2,0,-5,6,1,1,2,3,0,-6,-6,0,-3,3,-3,0,0,1,-1,-1,-1,4,-1
KR_6746916477,420,-2,-41,-8,-4,-3,4,1,0,2,2,-3,3,0,0,3,3,2,0,2,-1,-6,6,1,-2,1,2,0,-1,1,-1,-1,-1,3,-1
KR_6701611824,440,-5,55,-12,-10,-9,10,1,4,0,4,-1,2,1,0,0,0,-4,4,0,0,-8,-142,0,-7,7,-2,0,0,-1,-1,0,1,6,-1
KR_6754120348,440,-1,-26,-44,-1,-1,4,3,2,1,3,-2,2,0,0,1,1,0,2,2,0,3,36,-2,-5,7,-23,0,0,1,-1,0,-1,5,-1
KR_6649149671,420,-3,-73,0,-11,-1,2,1,0,1,1,-3,3,0,-7,9,2,0,0,0,0,-13,-6,-4,-3,7,-3,0,0,-1,-1,0,1,3,-1
KR_6759847678,420,-2,-37,-10,-4,-3,3,0,-2,4,2,-1,5,4,2,0,2,0,0,0,-2,-6,-52,-3,-1,4,-1,0,-1,-1,-1,-1,-1,2,-1
KR_6527852761,420,-3,-51,-20,-6,-1,2,1,7,0,7,-5,6,1,-4,4,0,-3,3,0,0,0,3,2,-5,3,-3,0,-2,1,-1,-1,1,3,-1
KR_6761348782,420,0,-3,36,-4,0,3,3,-7,7,0,1,4,5,4,0,4,-2,2,0,0,-10,5,-1,-2,3,-1,0,1,-1,-1,1,1,3,-1
KR_6726148511,420,-1,35,-4,-1,2,1,3,0,2,2,3,1,4,-6,6,0,0,1,1,0,-5,1,4,-5,1,-2,0,0,-1,1,1,1,1,-1
KR_6750871978,420,-2,-67,-8,-3,-2,3,1,-2,3,1,-1,4,3,1,2,3,1,0,1,0,-3,7,-1,0,1,-1,0,1,-1,0,1,-1,2,-1
KR_6753324111,420,-5,-51,-29,-10,-4,4,0,2,2,4,-2,2,0,-5,5,0,-1,4,3,0,-11,13,3,-4,1,-3,0,-2,-1,1,-1,1,6,-1
KR_6762214289,440,-6,-77,0,-13,-2,3,1,-1,1,0,-3,4,1,-5,5,0,-2,2,0,0,-10,-1,-3,0,3,0,0,-2,-1,-1,-1,-1,4,-1
KR_6692664287,420,5,-9,13,8,1,0,1,0,2,2,2,1,3,3,0,3,2,0,2,0,6,3,6,-7,1,0,0,0,-1,0,0,1,1,-1
KR_6764377103,420,1,17,40,-1,0,1,1,-1,1,0,3,2,5,-3,4,1,0,1,1,0,-10,-114,6,-6,0,-9,0,0,1,-1,0,-1,2,-1
KR_6744756301,420,-1,-21,3,-4,-1,2,1,-1,2,1,1,5,6,-3,3,0,0,0,0,0,-12,2,-2,-4,6,0,0,0,-1,1,0,-1,3,-1
KR_6744422559,420,0,-47,20,2,-3,3,0,6,0,6,-1,3,2,2,1,3,-2,2,0,0,2,-104,1,-4,3,-1,0,-1,1,1,-1,-1,6,-1
KR_6728396066,420,0,38,16,-4,-2,4,2,-1,2,1,-3,3,0,5,1,6,-3,3,0,0,-1,-29,-2,-4,6,6,0,-1,-1,1,-1,-1,5,-1
KR_6370236525,420,-1,4,4,3,-5,6,1,0,2,2,-4,5,1,10,0,10,2,1,3,-1,9,0,0,0,0,3,0,-1,1,-1,-1,-1,5,-1
KR_6749651220,420,0,-9,-19,1,1,4,5,1,1,2,-2,3,1,-1,2,1,2,0,2,0,5,-24,1,-5,4,4,0,-1,-1,-1,-1,-1,5,-1
KR_6682646124,420,-1,-88,-4,-3,3,0,3,-1,3,2,-1,3,2,1,3,4,-5,6,1,0,-10,-27,-3,-3,6,0,0,-1,0,0,-1,-1,0,-1
KR_6756551005,420,0,-38,-8,5,-3,5,2,0,1,1,4,2,6,3,2,5,1,0,1,2,8,4,0,-2,2,-2,0,-2,0,-1,-1,1,0,-1
KR_6637939035,420,0,-58,-51,-1,2,0,2,0,4,4,-5,5,0,-1,3,2,3,2,5,0,-2,-9,-1,-3,4,-2,0,-2,-1,-1,-1,-1,2,-1
KR_6599568018,420,-1,-28,15,-9,0,1,1,-1,4,3,-4,4,0,-1,1,0,-3,3,0,0,-7,-6,-1,-3,4,-1,0,-2,-1,-1,-1,-1,6,-1
KR_6728171973,420,-1,-5,-34,0,-6,7,1,2,1,3,3,2,5,-3,4,1,4,1,5,0,10,-4,1,-4,3,3,0,-1,1,-1,-1,1,1,-1
KR_6759481842,440,-3,-46,-24,-4,1,0,1,1,2,3,-5,7,2,-5,5,0,4,2,6,-1,0,56,-2,-3,5,0,0,0,-1,0,-1,-1,2,-1
KR_6718896265,420,-1,-53,13,0,-2,3,1,1,3,4,-5,8,3,0,0,0,6,0,6,-1,0,14,-2,-10,12,-6,0,-1,-1,-1,-1,-1,3,-1
KR_6763227784,420,-4,-83,-4,-16,-6,6,0,-3,3,0,-6,7,1,-1,1,0,0,0,0,0,-15,4,-5,-4,9,-4,0,-1,-1,1,-1,-1,5,-1
KR_6624246708,420,-2,-34,-36,-3,-1,3,2,2,1,3,2,1,3,-2,3,1,-4,5,1,0,-2,167,-3,-2,5,-2,0,-1,1,1,-1,1,6,-1
KR_6754035658,420,-4,-77,-40,-6,0,2,2,1,0,1,-4,4,0,-3,5,2,0,0,0,0,-4,-3,-1,-4,5,1,0,-1,-1,-1,-1,-1,4,-1
KR_6758903056,440,1,-51,-4,1,3,1,4,-2,3,1,-5,5,0,2,4,6,3,0,3,-1,0,11,5,-5,0,0,0,0,0,1,0,1,0,-1
KR_6687820167,420,-2,7,-18,-7,0,1,1,-1,4,3,-1,1,0,-4,5,1,-1,1,0,-1,-9,5,2,-6,4,-4,0,0,-1,1,1,-1,5,-1
KR_6763666653,420,0,-60,-44,-2,-4,7,3,1,2,3,-3,5,2,3,2,5,1,0,1,0,8,3,2,-7,5,-2,0,-1,1,0,-1,-1,1,-1
KR_6698476621,420,1,39,11,2,0,0,0,1,3,4,-3,3,0,3,2,5,1,1,2,0,-1,30,4,-7,3,-5,0,-1,1,1,-1,1,6,-1
KR_6712643426,420,-2,-11,-36,0,-2,4,2,1,2,3,1,3,4,1,5,6,-1,1,0,1,1,5,2,-5,3,-4,0,-2,-1,-1,-1,1,2,-1
KR_6763895789,420,-3,-72,-18,-8,-2,3,1,-1,1,0,-2,2,0,-3,6,3,0,0,0,-1,-14,7,-6,0,6,-4,0,-2,-1,-1,-1,-1,4,-1
KR_6735282959,420,-5,-80,4,-14,-9,9,0,1,4,5,0,0,0,-3,4,1,-3,3,0,0,-8,108,-1,-6,7,0,0,-1,-1,-1,-1,-1,2,-1
KR_6732842139,420,-1,24,28,0,-1,1,0,-1,3,2,-3,7,4,5,2,7,0,3,3,0,2,2,-1,-3,4,2,0,1,-1,1,1,1,6,-1
KR_6750975699,420,0,7,32,-5,3,0,3,-1,2,1,2,0,2,-8,9,1,-1,2,1,0,-11,-4,4,-7,3,-2,0,0,-1,-1,-1,1,3,-1
KR_6762429500,440,0,24,3,-1,6,0,6,0,1,1,1,2,3,-8,8,0,0,0,0,1,-7,8,-1,-4,5,0,0,1,-1,-1,1,1,1,-1
KR_6743381735,420,0,70,16,1,-2,3,1,-2,3,1,8,2,10,-2,4,2,-1,2,1,0,3,-13,-1,0,1,4,0,0,-1,-1,0,1,1,-1
KR_6629064981,420,0,0,-5,-3,3,1,4,-1,5,4,-2,2,0,-3,3,0,0,0,0,0,-7,28,-4,-3,7,-20,0,1,-1,0,-1,1,1,-1
KR_6744368021,420,-2,3,8,-13,-4,4,0,0,5,5,-3,4,1,-4,5,1,-2,3,1,0,-9,-231,-2,-2,4,4,0,0,-1,1,-1,1,1,-1
KR_6645295422,440,-3,-19,-44,-1,2,0,2,1,0,1,-1,3,2,0,1,1,-3,4,1,0,0,-7,-1,0,1,-2,0,-1,-1,-1,-1,-1,4,-1
KR_6759675282,420,3,108,-4,4,4,1,5,2,2,4,-7,9,2,1,1,2,4,2,6,0,10,-2,0,-6,6,2,0,1,1,-1,1,1,2,-1
KR_6762545232,420,2,37,-1,0,-1,2,1,-1,4,3,-1,3,2,5,0,5,-2,2,0,0,3,-1,2,-6,4,1,0,0,0,-1,0,-1,0,-1
KR_6456599086,420,-1,-14,16,2,1,2,3,-4,7,3,0,3,3,5,0,5,0,1,1,0,9,14,7,-11,4,-5,0,-1,1,-1,-1,-1,5,-1
KR_6743245706,440,-5,-7,-84,-12,-3,4,1,-5,5,0,-2,3,1,-2,5,3,0,1,1,0,-5,3,3,-6,3,-1,0,-1,-1,-1,-1,-1,3,-1
KR_6759231741,420,-2,-115,8,-6,-1,1,0,1,0,1,-1,1,0,-3,3,0,-2,2,0,0,-5,-24,-4,-1,5,17,0,-1,-1,0,-1,-1,4,-1
KR_6701633990,420,-3,22,-8,-5,-4,4,0,5,0,5,-6,6,0,0,5,5,0,0,0,1,-4,107,1,-4,3,-2,0,0,1,-1,0,1,2,-1
KR_6613964064,420,0,15,16,0,-1,3,2,-2,3,1,3,1,4,1,1,2,-1,3,2,1,-3,-18,2,-5,3,1,0,-1,1,1,-1,1,2,-1
KR_6635387114,420,1,92,-4,3,8,0,8,-3,3,0,-2,4,2,1,6,7,-1,1,0,0,-6,-8,0,-3,3,0,0,0,0,-1,1,1,0,-1
KR_6751383377,420,-1,-67,7,4,-4,5,1,2,1,3,0,2,2,5,2,7,1,2,3,0,9,2,0,-3,3,-2,0,0,0,1,0,1,0,-1
KR_6758285732,440,1,-48,-15,3,1,0,1,6,0,6,3,1,4,-7,7,0,0,1,1,0,2,9,1,-3,2,-3,0,0,-1,0,0,1,3,-1
KR_6764089059,420,3,29,4,9,4,0,4,2,3,5,-1,1,0,5,2,7,-1,3,2,0,2,0,-5,-1,6,4,0,0,-1,-1,0,1,5,-1
KR_6702834052,420,-3,-14,-31,-7,2,1,3,-1,3,2,-2,5,3,-4,6,2,-2,3,1,0,-2,-1,2,-5,3,-4,0,-2,-1,-1,-1,-1,4,-1
KR_6759246078,420,4,72,17,1,1,1,2,6,2,8,1,1,2,-5,9,4,-2,3,1,0,1,-5,-1,0,1,1,0,-1,-1,-1,-1,-1,6,-1
KR_6727194898,420,1,-43,-19,4,0,3,3,2,1,3,-1,2,1,-1,4,3,4,1,5,0,12,14,1,-5,4,3,0,2,1,-1,-1,-1,4,-1
KR_6614969723,420,-1,6,-8,-1,2,2,4,4,0,4,2,0,2,-5,6,1,-4,5,1,0,-8,-10,-1,-5,6,2,0,0,1,1,0,1,5,-1
KR_6632360819,420,-1,6,0,-1,3,0,3,4,0,4,-5,6,1,-2,4,2,-1,1,0,0,1,0,1,-3,2,3,0,1,1,1,1,-1,3,-1
KR_6724813895,420,-2,-70,16,-1,0,1,1,1,4,5,-5,5,0,2,0,2,1,1,2,0,0,-8,1,-3,2,2,0,0,1,1,-1,-1,4,-1
KR_6674420911,420,-1,60,-52,-5,2,1,3,-3,5,2,2,0,2,-5,5,0,-1,1,0,1,-12,13,0,-2,2,-2,0,1,0,-1,1,1,0,-1
KR_6589166004,420,-1,-40,-17,2,0,2,2,1,2,3,-1,5,4,1,2,3,1,1,2,0,7,1,1,-3,2,4,0,0,1,-1,0,-1,4,-1
KR_6758577745,420,1,24,-11,0,-2,4,2,-1,3,2,-2,2,0,3,0,3,2,0,2,0,4,4,-2,0,2,-2,0,-2,1,-1,-1,-1,1,-1
KR_6658620946,420,-2,-32,7,-5,-1,3,2,0,3,3,-2,3,1,-2,5,3,0,1,1,0,-7,0,-1,-4,5,-2,0,-1,1,-1,-1,-1,1,-1
KR_6702176393,420,-7,-51,0,-18,-5,5,0,-2,6,4,-2,4,2,-5,5,0,-4,4,0,-1,-17,-1,-1,-4,5,-1,0,-1,-1,-1,-1,-1,6,-1
KR_6763680472,420,0,25,-3,-1,4,0,4,-4,6,2,0,4,4,-1,5,4,0,2,2,0,-4,-2,-1,-5,6,-2,0,-1,1,-1,-1,-1,3,-1
KR_6740804193,420,-3,-26,21,-4,-4,4,0,-2,4,2,-3,3,0,5,3,8,0,2,2,0,1,-2,1,-5,4,3,0,-1,1,0,-1,-1,5,-1
KR_6729610572,420,0,-9,-24,7,-3,6,3,2,0,2,5,1,6,0,0,0,3,0,3,0,9,-49,-1,-4,5,16,0,0,1,1,-1,-1,1,-1
KR_6747884358,420,-3,-111,13,-10,-4,7,3,-1,3,2,-3,5,2,-2,4,2,0,0,0,0,-11,1,-1,-3,4,0,0,-2,-1,1,-1,-1,2,-1
KR_6714177152,420,-1,25,-8,2,1,3,4,-1,2,1,6,2,8,-2,4,2,-2,2,0,2,-1,-3,3,-4,1,0,0,0,1,-1,0,1,3,-1
KR_6596743699,420,-4,-85,4,-6,-1,1,0,1,1,2,-2,2,0,-4,6,2,0,0,0,0,-5,-4,1,-3,2,2,0,0,0,-1,0,-1,0,-1
KR_6739446944,420,-4,-137,-4,-11,-6,7,1,1,1,2,-1,5,4,0,2,2,-5,7,2,-2,-3,-2,-1,-3,4,-1,0,-2,1,1,-1,-1,1,-1
KR_6623437461,420,-1,-73,-22,5,2,1,3,3,2,5,-1,2,1,1,3,4,0,2,2,0,5,-105,-1,-4,5,-1,0,0,1,-1,0,1,6,-1
KR_6614324043,420,-3,-67,12,-5,-1,3,2,1,1,2,-2,5,3,1,1,2,-4,7,3,0,-6,-8,-2,0,2,2,0,-1,-1,-1,-1,-1,3,-1
KR_6760047183,420,1,22,4,2,-2,2,0,2,1,3,2,3,5,0,5,5,0,2,2,-1,1,-7,2,-4,2,4,0,0,-1,1,0,-1,4,-1
KR_6764499954,420,-3,-32,-5,-4,3,0,3,-4,5,1,-4,5,1,-2,7,5,3,1,4,1,-6,266,0,-4,4,-5,0,-1,-1,1,1,1,6,-1
KR_6649404899,420,0,7,-4,0,1,0,1,-1,2,1,-1,2,1,-2,8,6,3,0,3,0,1,-17,3,-4,1,26,0,-1,-1,0,-1,1,1,-1
KR_6762500713,420,-4,-90,-9,-10,-4,4,0,-1,3,2,-1,2,1,-2,3,1,-2,3,1,0,-6,-16,-2,-3,5,-2,0,0,-1,-1,0,-1,5,-1
KR_6682959277,420,-2,-9,4,-5,3,2,5,1,1,2,-8,9,1,-1,2,1,0,0,0,0,-10,3,6,-6,0,-1,0,-1,1,-1,-1,-1,1,-1
KR_6690805371,420,-1,-16,-19,-2,6,0,6,1,2,3,0,1,1,-6,6,0,-3,3,0,0,-7,-8,0,-3,3,-3,0,0,-1,1,-1,-1,5,-1
KR_6636397871,440,-2,-19,-8,-8,4,1,5,0,2,2,-1,2,1,-5,6,1,-6,6,0,0,-16,33,-1,-4,5,-2,0,1,-1,1,1,1,4,-1
KR_6730612020,420,4,33,12,9,3,0,3,1,2,3,5,3,8,-4,4,0,4,0,4,-1,-7,-18,-3,-1,4,4,0,0,0,1,-1,-1,0,-1
KR_6715777293,420,-4,-34,17,-5,-3,3,0,-4,4,0,2,0,2,0,1,1,0,1,1,0,-3,-307,1,-3,2,0,0,-1,-1,-1,-1,-1,3,-1
KR_6762276671,420,-3,-38,8,0,1,0,1,1,1,2,-4,7,3,2,4,6,0,3,3,0,4,-4,-1,-3,4,1,0,0,-1,1,-1,1,1,-1
KR_6760301820,420,-7,-64,-10,-24,-3,3,0,-13,14,1,-6,6,0,-4,6,2,2,0,2,0,-17,-19,-4,-1,5,-1,0,-1,0,-1,-1,-1,0,-1
KR_6757053615,420,-2,-10,-7,-5,-3,4,1,-2,3,1,1,0,1,-1,1,0,0,0,0,-1,-4,35,4,-7,3,-31,0,-2,0,0,-1,-1,0,-1
KR_6582254506,420,-7,-121,-39,-12,-2,2,0,-1,2,1,-2,5,3,-4,5,1,-3,3,0,0,-18,21,-3,-3,6,-3,0,-3,-1,0,-1,-1,5,-1
KR_6760276074,420,-2,30,-32,-3,-1,2,1,-2,2,0,0,3,3,0,5,5,0,2,2,0,-8,-35,-2,-2,4,8,0,0,0,0,0,1,0,-1
KR_6694363819,420,-1,-28,-5,0,3,0,3,-1,1,0,3,1,4,-4,6,2,-1,1,0,0,-5,4,4,-8,4,-8,0,0,-1,1,0,1,5,-1
KR_6634581140,420,-2,-64,-32,-6,-1,2,1,-1,2,1,-6,7,1,2,1,3,0,0,0,-2,-5,161,-5,-1,6,3,0,-1,-1,1,-1,-1,2,-1
KR_6699602833,420,0,-44,-17,-6,1,3,4,-1,1,0,2,0,2,-4,4,0,-4,4,0,-2,-10,-12,0,-2,2,-2,0,-2,-1,-1,-1,-1,6,-1
KR_6762790004,420,-1,-46,27,-4,-3,3,0,3,1,4,3,4,7,-5,5,0,-2,2,0,0,-4,-5,-4,-2,6,-3,0,1,-1,-1,1,1,5,-1
KR_6759767787,440,-1,-38,-4,1,-3,7,4,1,3,4,1,2,3,0,0,0,2,0,2,0,3,-2,0,-8,8,-2,0,0,-1,1,1,1,5,-1
KR_6758294568,420,1,-21,12,4,1,1,2,6,0,6,-1,1,0,1,1,2,-3,3,0,-1,1,3,-1,-3,4,1,0,0,1,-1,0,-1,6,-1
KR_6725483294,420,-1,38,10,-7,3,0,3,-2,3,1,-2,3,1,-5,7,2,-1,1,0,0,-10,6,4,-5,1,-3,0,0,-1,1,0,-1,5,-1
KR_6764678180,420,-3,-17,8,-12,-6,7,1,-1,3,2,-3,5,2,-5,7,2,3,0,3,2,-8,51,-3,-1,4,-8,0,0,-1,-1,-1,1,2,-1
KR_6752679713,440,-4,-13,4,-6,-1,3,2,-3,4,1,1,1,2,-4,5,1,1,2,3,0,-7,2,0,-5,5,-3,0,-1,-1,0,-1,1,4,-1
KR_6741793345,420,-6,-1,0,-13,0,0,0,-3,5,2,-5,6,1,-5,5,0,0,1,1,0,-8,-8,3,-7,4,4,0,-1,1,-1,-1,1,5,-1
KR_6604143948,420,-4,-56,-31,-5,-2,4,2,0,2,2,-3,5,2,0,4,4,0,2,2,-1,-1,5,-2,-4,6,-4,0,-1,0,1,-1,-1,0,-1
KR_6625621407,420,1,-10,0,2,-1,1,0,4,4,8,0,3,3,0,3,3,-1,3,2,0,5,128,0,-5,5,-23,0,0,-1,1,-1,1,1,-1
KR_6752386561,420,-1,52,3,-11,0,2,2,-4,6,2,-5,9,4,-3,5,2,1,1,2,-1,-19,105,-1,-2,3,2,0,0,-1,1,1,1,2,-1
KR_6719556297,420,-2,-30,4,-7,-6,6,0,3,0,3,0,4,4,-1,2,1,-3,3,0,0,-6,22,0,-4,4,-2,0,-1,-1,1,-1,-1,2,-1
KR_6761510345,420,0,40,12,-9,6,0,6,1,2,3,0,2,2,-14,15,1,-2,3,1,1,-15,5,1,-4,3,-5,0,1,0,0,-1,1,0,-1
KR_6760884571,420,-3,-78,40,-8,-3,3,0,1,2,3,-8,8,0,0,3,3,2,3,5,0,1,-55,-1,-1,2,-4,0,-2,-1,1,-1,-1,6,-1
KR_6721943148,420,0,-11,16,-10,2,1,3,-7,8,1,0,4,4,-4,6,2,-1,1,0,0,-12,3,1,-3,2,0,0,-1,0,-1,-1,1,0,-1
KR_6660412371,420,2,26,-28,0,5,0,5,0,2,2,-2,3,1,-3,6,3,0,0,0,0,-7,-6,2,-5,3,0,0,1,-1,1,1,-1,6,-1
KR_6670580938,420,1,-3,18,-3,1,0,1,-3,4,1,1,2,3,-2,3,1,0,0,0,0,-9,-115,-7,0,7,-1,0,0,-1,-1,-1,-1,1,-1
KR_6726261675,420,-2,-8,-30,-9,-2,3,1,-2,4,2,-3,4,1,-2,3,1,0,0,0,-2,-13,-15,-1,-2,3,0,0,-1,-1,-1,-1,-1,1,-1
KR_6751327666,420,-4,-49,-16,-5,-2,2,0,-1,2,1,1,5,6,-2,2,0,-1,1,0,0,-6,18,-1,-4,5,-2,0,0,-1,-1,0,1,4,-1
KR_6761219730,420,0,17,8,3,1,1,2,-2,6,4,3,2,5,1,5,6,0,0,0,0,11,5,2,-7,5,0,0,1,-1,0,1,-1,5,-1
KR_6695888810,420,-2,-27,8,-11,-1,3,2,0,1,1,-12,12,0,3,3,6,-1,1,0,0,-11,45,-4,-4,8,-23,0,-3,-1,-1,-1,-1,5,-1
KR_6757571539,420,0,-21,5,-2,2,2,4,2,4,6,-7,8,1,-2,4,2,3,0,3,0,3,-357,-2,-2,4,-2,0,0,-1,-1,-1,1,5,-1
KR_6646800439,420,-3,75,4,-4,-2,2,0,-1,2,1,4,3,7,-6,7,1,1,0,1,-1,-9,-5,0,-1,1,0,0,0,-1,0,0,1,1,-1
KR_6732734071,420,-1,-42,-16,-6,-1,2,1,-3,4,1,-1,6,5,0,4,4,-1,1,0,0,0,4,1,-2,1,-4,0,0,-1,-1,0,-1,2,-1
KR_6731306195,420,-5,-101,-24,-10,-3,3,0,-2,7,5,-5,6,1,0,5,5,0,1,1,0,-3,-9,1,-4,3,-4,0,-2,-1,-1,-1,-1,4,-1
KR_6761357438,440,-3,-34,1,-8,-7,7,0,-1,6,5,-2,5,3,1,4,5,1,2,3,0,-4,2,0,-3,3,2,0,1,-1,1,1,-1,4,-1
KR_6693190937,420,-2,-8,-20,3,5,1,6,-4,8,4,-2,3,1,3,2,5,1,1,2,0,-3,-10,-1,-4,5,3,0,-1,-1,-1,-1,1,2,-1
KR_6695722343,420,-4,-27,6,-4,-1,2,1,0,4,4,-4,6,2,2,2,4,-1,1,0,0,0,-1,1,-4,3,-4,0,0,1,-1,-1,1,6,-1
KR_6713088922,420,-1,23,-4,3,4,1,5,-1,3,2,-4,6,2,3,1,4,1,0,1,0,1,-151,1,-3,2,-3,0,1,1,-1,1,1,2,-1
KR_6738133383,420,-2,-11,-16,-4,-3,4,1,2,1,3,-4,4,0,1,0,1,0,0,0,0,4,0,0,-4,4,3,0,0,1,1,0,1,6,-1
KR_6764540490,420,-6,-32,-19,-15,-3,4,1,-6,9,3,-2,2,0,-3,3,0,-1,2,1,0,-5,9,2,-4,2,-4,0,-3,-1,0,-1,1,1,-1
KR_6704851841,420,-5,-87,-55,-10,1,1,2,-6,7,1,-5,7,2,0,2,2,0,1,1,0,-1,-1,-6,-1,7,-7,0,0,-1,-1,0,1,4,-1
KR_6744442358,420,-1,2,-5,0,0,1,1,1,1,2,3,2,5,-4,4,0,0,1,1,0,-1,14,7,-11,4,1,0,0,-1,1,0,1,4,-1
KR_6114362263,420,-4,-49,9,-10,1,3,4,-3,5,2,0,2,2,-4,4,0,-4,4,0,0,-16,-6,-3,-2,5,-1,0,0,1,1,1,1,3,-1
KR_6761131539,420,-2,-68,8,-5,-1,1,0,-1,1,0,-1,2,1,0,0,0,-2,2,0,0,-4,6,6,-9,3,-5,0,0,-1,0,0,1,4,-1
KR_6701018363,420,-1,-14,-24,-2,-1,2,1,0,0,0,-2,2,0,5,1,6,-4,5,1,0,-4,-7,0,0,0,0,0,1,0,-1,1,-1,0,-1
KR_6756291597,420,-4,-50,-25,-2,2,1,3,0,5,5,-1,3,2,-2,3,1,-1,1,0,1,-1,-151,0,-4,4,4,0,-2,-1,1,-1,1,4,-1
KR_6625723670,420,-1,-23,-15,-10,4,0,4,-4,4,0,0,4,4,-4,7,3,-6,7,1,-1,-14,2,-6,-2,8,0,0,-2,-1,-1,-1,-1,6,-1
KR_6762913446,420,0,-43,-15,-10,0,0,0,-7,7,0,-5,5,0,2,2,4,0,0,0,0,-12,-6,-3,-3,6,5,0,-1,-1,-1,-1,1,1,-1
KR_6750802519,420,-2,-10,-53,-8,-2,2,0,3,1,4,-3,4,1,-2,6,4,-4,5,1,0,-2,0,-1,-1,2,1,0,-2,1,-1,-1,-1,5,-1
KR_6755595334,420,3,8,-10,2,2,1,3,-1,2,1,1,2,3,1,1,2,-1,2,1,0,2,0,-2,-1,3,0,0,1,1,0,1,-1,4,-1
KR_6673465228,420,-7,-121,-23,-9,-3,3,0,4,3,7,-2,5,3,-8,8,0,0,2,2,0,-6,4,0,-3,3,-1,0,-1,-1,-1,-1,-1,1,-1
KR_6715535488,440,3,-37,12,1,2,0,2,0,3,3,4,0,4,-7,9,2,2,0,2,-2,-10,-2,1,-5,4,-3,0,0,-1,1,1,-1,1,-1
KR_6743406386,420,1,8,8,3,3,1,4,-1,3,2,0,3,3,2,5,7,-1,1,0,0,3,5,-4,-4,8,-1,0,2,-1,1,1,1,2,-1
KR_6741805979,420,-1,0,-4,2,2,3,5,1,3,4,2,1,3,-3,3,0,0,1,1,0,-4,-247,1,-5,4,0,0,1,-1,1,1,1,3,-1
KR_6623983381,420,-1,-55,10,-5,0,1,1,1,2,3,0,1,1,-5,5,0,-1,1,0,-1,-6,218,0,-1,1,-1,0,0,-1,1,-1,-1,6,-1
KR_6755436141,420,-1,79,-32,-10,-5,5,0,-3,3,0,6,0,6,-8,8,0,0,0,0,0,-13,-2,-2,-3,5,0,0,2,1,0,1,-1,4,-1
KR_6703754607,420,2,9,24,-2,-1,3,2,3,2,5,0,3,3,-5,5,0,1,0,1,0,-3,-116,5,-7,2,-2,0,-1,1,0,-1,1,2,-1
KR_6761892603,420,-4,-75,-34,-3,3,1,4,0,4,4,-4,5,1,0,3,3,-2,2,0,0,-2,-551,1,-4,3,19,0,-1,-1,1,-1,1,1,-1
KR_6643038205,420,-9,-102,-68,-22,-2,4,2,-4,4,0,-10,11,1,-3,3,0,-3,4,1,0,-11,-10,-2,-2,4,0,0,-5,-1,-1,-1,-1,5,-1
KR_6709843849,420,-5,-46,-51,-6,-7,8,1,0,5,5,2,0,2,0,5,5,-1,2,1,0,-2,-36,-3,-3,6,7,0,-1,-1,-1,-1,-1,5,-1
KR_6646972212,420,-3,48,-60,-15,2,2,4,-3,4,1,-4,7,3,-10,12,2,0,0,0,-1,-18,5,-3,-1,4,-2,0,2,-1,1,-1,-1,5,-1
KR_6276910864,420,2,-48,16,4,3,0,3,1,2,3,-2,4,2,1,2,3,1,0,1,-2,4,-1,4,-8,4,3,0,0,-1,1,-1,-1,1,-1
KR_6725339251,420,-3,-10,24,-8,-1,1,0,-3,7,4,0,4,4,-4,4,0,0,1,1,0,-4,-53,0,-4,4,-3,0,1,0,-1,1,1,0,-1
KR_6749198542,440,-3,-36,-9,-9,-2,3,1,1,2,3,-4,6,2,-3,3,0,-1,1,0,-1,-6,-5,3,-4,1,2,0,-2,1,-1,-1,-1,1,-1
KR_6558173057,420,-4,-119,7,-9,-6,6,0,0,7,7,-3,3,0,-2,2,0,2,0,2,0,-16,-17,0,-6,6,-7,0,-2,-1,-1,-1,-1,6,-1
KR_6763207986,420,-2,-17,-4,-1,0,1,1,3,4,7,-3,3,0,-1,2,1,0,1,1,0,-6,172,2,-4,2,20,0,-1,-1,-1,-1,-1,2,-1
KR_6649229170,420,1,-14,-21,-3,4,3,7,-3,3,0,0,1,1,-5,7,2,1,0,1,2,-20,11,4,-5,1,-5,0,1,-1,-1,1,1,2,-1
KR_6614064705,420,-1,-62,-16,-1,-1,4,3,1,3,4,-3,3,0,3,0,3,-1,1,0,0,0,-20,-4,-2,6,3,0,-2,-1,-1,-1,1,2,-1
KR_6762976478,440,-3,-33,16,-7,-11,11,0,2,0,2,0,0,0,2,4,6,0,1,1,0,0,6,2,-2,0,-1,0,-1,0,0,-1,-1,0,-1
KR_6764442164,420,1,35,4,-3,-2,3,1,0,0,0,1,2,3,-1,3,2,-1,2,1,0,-5,-4,-3,-2,5,3,0,0,-1,0,1,-1,5,-1
KR_6710028350,420,-3,-35,-18,-11,0,2,2,-4,6,2,-2,2,0,-5,5,0,0,2,2,0,-12,-97,-2,-2,4,-22,0,-2,-1,-1,-1,-1,2,-1
KR_6653364482,420,1,35,-12,-2,0,2,2,-2,4,2,-2,4,2,2,2,4,0,2,2,0,-3,141,4,-8,4,-3,0,1,-1,1,1,1,5,-1
KR_6634487804,420,1,28,9,-4,0,1,1,-3,4,1,-1,1,0,0,2,2,0,1,1,1,-4,13,-2,-5,7,-3,0,1,-1,1,1,1,4,-1
KR_6698711575,420,-4,-6,-4,-7,-3,3,0,-4,4,0,1,1,2,-3,3,0,2,2,4,0,-8,-3,0,-1,1,-4,0,0,-1,0,-1,1,5,-1
KR_6712221701,420,-3,-58,-73,-3,-1,3,2,-4,6,2,5,1,6,-2,5,3,-1,2,1,-1,8,-1,3,-5,2,-2,0,0,-1,-1,-1,1,5,-1
KR_6717356362,420,-3,-6,-21,-2,0,0,0,-1,5,4,1,0,1,-1,4,3,-1,1,0,0,-5,-9,1,-4,3,0,0,-2,-1,-1,-1,-1,2,-1
KR_6688996057,420,-2,-79,-16,-6,-5,5,0,2,2,4,0,4,4,-2,4,2,-1,1,0,0,4,202,4,-6,2,-1,0,0,-1,-1,-1,-1,1,-1
KR_6646591975,440,-1,13,-36,-10,1,0,1,-3,4,1,-2,2,0,-5,6,1,-1,1,0,0,-12,-22,1,-4,3,3,0,-1,1,-1,-1,-1,1,-1
KR_6656568478,420,-3,-67,-20,-7,-3,3,0,3,3,6,-4,5,1,-3,4,1,0,1,1,0,-4,2,-2,-5,7,-3,0,-1,-1,-1,-1,-1,3,-1
KR_6657544377,420,1,-12,8,3,2,1,3,1,3,4,-2,3,1,3,3,6,-1,1,0,0,4,-8,1,-3,2,1,0,0,1,1,0,1,2,-1
KR_6750627344,440,0,-37,-27,-3,1,1,2,1,3,4,-2,3,1,-3,4,1,0,2,2,-1,-7,1,0,-8,8,2,0,1,1,1,1,-1,4,-1
KR_6725905697,420,-5,-20,20,-17,-3,3,0,0,2,2,-6,7,1,-9,9,0,1,0,1,0,-15,39,-3,-1,4,-16,0,-3,1,-1,-1,-1,1,-1
KR_6732628900,420,-7,-45,-32,-15,-2,2,0,-1,3,2,0,0,0,-7,7,0,-5,6,1,0,-10,-3,-2,-3,5,-2,0,0,-1,1,-1,1,3,-1
KR_6753637096,420,3,46,16,5,5,0,5,2,0,2,-2,3,1,-1,4,3,1,0,1,0,2,1,6,-8,2,2,0,2,1,1,1,1,6,-1
KR_6747451683,420,-3,-44,-30,0,-1,2,1,1,1,2,0,4,4,2,0,2,-2,2,0,-1,-1,-10,-2,-2,4,-6,0,-3,1,-1,-1,-1,6,-1
KR_6530677811,420,1,28,-1,-2,-1,3,2,0,2,2,-1,2,1,-1,2,1,1,1,2,0,0,-8,-1,-2,3,2,0,0,1,1,0,-1,1,-1
KR_6754187000,440,-2,-81,-21,1,-4,4,0,-2,3,1,6,1,7,2,2,4,-1,3,2,2,16,2,-2,-4,6,4,0,0,1,1,0,1,5,-1
KR_6666604046,420,-4,-64,-15,-15,-2,2,0,0,2,2,-6,6,0,-8,11,3,1,0,1,-3,-23,7,1,-3,2,-9,0,0,1,-1,0,-1,6,-1
KR_6681171059,420,-2,-89,-3,-8,1,2,3,-1,2,1,-3,4,1,-7,8,1,2,0,2,0,-10,5,-1,-1,2,-1,0,-1,1,-1,-1,-1,4,-1
KR_6709124352,420,-3,20,-12,-9,2,1,3,-9,9,0,0,1,1,-3,4,1,1,3,4,0,-9,-8,1,-5,4,0,0,0,1,1,0,-1,4,-1
KR_6724126735,420,-4,-45,-16,-7,-1,2,1,-4,4,0,0,0,0,-1,1,0,-1,1,0,0,-5,-22,-3,-4,7,0,0,1,1,1,1,-1,1,-1
KR_6763223725,440,-3,3,-76,-8,1,1,2,0,3,3,-3,3,0,-2,3,1,-4,4,0,0,0,-2,-3,-4,7,-6,0,-1,-1,-1,-1,-1,1,-1
KR_6742345616,420,0,-8,24,-4,-4,5,1,3,1,4,-2,3,1,0,0,0,-1,1,0,0,-1,25,0,-3,3,-21,0,0,1,1,1,1,3,-1
KR_6760327887,420,-4,-26,-16,-1,0,1,1,1,1,2,5,1,6,-5,5,0,-2,2,0,0,-1,2,3,-3,0,-6,0,0,1,0,-1,-1,2,-1
KR_6704591914,420,-1,0,8,-5,7,0,7,-4,5,1,-4,5,1,-3,4,1,-1,1,0,1,-9,-6,-2,-1,3,-4,0,0,-1,1,1,1,4,-1
KR_6757928907,420,-3,-72,20,-11,1,4,5,0,1,1,-1,1,0,-14,15,1,3,1,4,1,-10,9,2,-4,2,-4,0,0,-1,0,-1,-1,3,-1
KR_6758420174,420,1,40,-4,-6,-2,3,1,-6,6,0,2,5,7,3,0,3,-3,5,2,0,-12,-2,0,-3,3,5,0,-1,-1,0,1,-1,2,-1
KR_6754933588,420,3,24,0,1,4,0,4,0,2,2,-2,3,1,-2,3,1,1,1,2,0,-5,-3,-5,0,5,-1,0,0,-1,-1,0,-1,3,-1
KR_6685625115,420,-1,34,-12,-2,5,0,5,0,2,2,-2,3,1,-3,4,1,-2,2,0,0,-1,1,2,-5,3,-1,0,0,-1,0,-1,-1,3,-1
KR_6757459900,440,-3,-57,4,-10,1,3,4,-1,3,2,0,3,3,-8,9,1,-2,4,2,-1,-15,-7,-2,-1,3,-1,0,0,-1,1,0,-1,6,-1
KR_6695760475,420,1,22,-21,4,-2,2,0,-1,2,1,4,0,4,3,0,3,0,2,2,0,6,-7,-3,-5,8,3,0,0,-1,-1,1,-1,1,-1
KR_6707119019,420,-2,-64,-4,2,-1,3,2,3,3,6,-1,1,0,1,1,2,0,1,1,0,4,-2,0,-6,6,-1,0,0,1,0,0,1,5,-1
KR_6674209308,420,0,-6,24,0,-2,4,2,3,2,5,1,6,7,-1,2,1,-1,1,0,0,2,7,-1,-3,4,2,0,-2,1,-1,-1,-1,3,-1
KR_6716867351,420,-5,-111,-17,-10,4,0,4,3,0,3,-3,3,0,-12,13,1,-2,2,0,-1,-11,3,3,-6,3,-2,0,-1,-1,-1,-1,-1,6,-1
KR_6714501342,420,1,-31,20,-13,1,2,3,-1,2,1,-1,2,1,-6,6,0,-6,7,1,0,-13,108,1,-2,1,-1,0,0,-1,1,-1,-1,5,-1
KR_6759950046,420,-5,-52,-32,-5,-8,8,0,3,2,5,0,1,1,0,2,2,0,1,1,0,3,-17,-4,-1,5,2,0,-1,1,0,-1,-1,6,-1
KR_6752911614,420,-1,14,-4,-2,-2,2,0,-4,5,1,2,0,2,0,5,5,2,0,2,-1,-4,-15,-2,-2,4,-2,0,1,-1,1,1,-1,3,-1
KR_6758210888,440,3,108,28,7,7,0,7,0,3,3,5,3,8,-3,9,6,-2,2,0,2,3,-146,0,-3,3,1,0,2,1,-1,1,1,5,-1
KR_6733895887,420,1,67,-4,2,4,0,4,-2,2,0,1,1,2,-1,3,2,0,1,1,0,-3,-40,-1,-4,5,24,0,1,-1,1,1,-1,4,-1
KR_6722779743,440,-3,-93,-18,3,-1,2,1,0,4,4,0,1,1,4,1,5,0,1,1,0,9,-615,5,-6,1,-1,0,0,0,-1,1,-1,0,-1
KR_6528098613,420,2,-16,0,5,0,2,2,1,3,4,5,3,8,-2,2,0,1,0,1,0,2,2,-3,-1,4,0,0,0,-1,-1,-1,-1,3,-1
KR_6714771453,420,-1,-12,12,-2,-2,3,1,1,2,3,3,2,5,-1,4,3,-3,3,0,0,-4,6,2,-5,3,1,0,-1,-1,1,-1,1,4,-1
KR_6699289880,420,1,16,-11,-4,-1,2,1,2,1,3,0,3,3,-3,5,2,-2,2,0,0,6,-7,2,-5,3,0,0,1,-1,-1,1,-1,4,-1
KR_6722984307,420,-6,-84,12,-13,-4,5,1,0,2,2,-8,8,0,-1,2,1,0,0,0,-2,-3,1,1,-3,2,-1,0,1,-1,1,1,-1,1,-1
KR_6683449690,420,-1,-25,8,-5,1,2,3,-2,3,1,0,0,0,-3,6,3,-1,3,2,0,-3,30,-2,-1,3,-21,0,1,-1,1,1,-1,1,-1
KR_6719272752,440,-3,-96,-43,-7,3,0,3,-2,3,1,1,2,3,-8,9,1,-1,2,1,-1,-14,-13,-3,0,3,-2,0,-1,-1,0,-1,-1,2,-1
KR_6705424669,420,-3,-54,-38,-10,-6,6,0,-3,6,3,0,1,1,2,0,2,-3,4,1,0,3,7,2,-4,2,-3,0,-1,0,-1,-1,-1,0,-1
KR_6762963468,420,0,-14,-7,-1,3,1,4,1,3,4,-5,5,0,3,0,3,-3,3,0,0,-7,7,-1,-1,2,-2,0,0,-1,1,0,1,6,-1
KR_6735952637,420,-4,-62,19,-8,0,2,2,-1,4,3,-4,6,2,-2,3,1,-1,1,0,0,-9,-6,-3,-5,8,2,0,-1,1,-1,-1,-1,3,-1
KR_6755842709,440,-1,-15,12,-4,5,1,6,-4,6,2,-3,6,3,0,1,1,-2,2,0,-1,3,2,2,-5,3,-3,0,-1,-1,0,-1,-1,3,-1
KR_6616740779,420,-3,26,-4,-8,0,3,3,3,1,4,-7,7,0,-3,4,1,-1,3,2,0,-3,55,4,-5,1,-25,0,2,-1,-1,1,1,4,-1
KR_6757722651,440,1,33,-16,2,1,0,1,0,3,3,6,0,6,-2,2,0,-3,4,1,0,-1,-2,-1,-3,4,0,0,0,-1,-1,1,1,2,-1
KR_6678690118,420,0,-44,-10,-4,0,2,2,2,2,4,-4,7,3,-3,4,1,1,0,1,0,-6,-8,4,-6,2,-4,0,0,-1,1,0,-1,3,-1
KR_6684720385,420,-1,-28,-5,-5,1,0,1,-3,6,3,-3,4,1,-1,2,1,1,0,1,0,-3,-9,0,-5,5,-2,0,0,-1,0,0,-1,3,-1
KR_6763785762,420,-1,-75,0,3,-1,1,0,1,3,4,4,1,5,1,1,2,-2,2,0,-1,6,0,1,-3,2,1,0,0,1,1,1,-1,4,-1
KR_6719069087,420,-4,-72,-12,-8,0,2,2,-2,3,1,-2,3,1,-2,2,0,-2,3,1,0,0,11,7,-9,2,-5,0,-1,-1,1,-1,1,5,-1
KR_6744125926,420,1,-57,0,-3,4,0,4,-1,2,1,3,0,3,-4,5,1,-5,5,0,0,-4,-27,4,-8,4,16,0,0,-1,0,-1,-1,3,-1
KR_6625274412,420,0,-39,-20,6,-3,4,1,2,1,3,2,4,6,1,3,4,4,0,4,0,15,90,-1,0,1,1,0,0,-1,-1,-1,-1,3,-1
KR_6636684734,420,-4,-58,-32,-12,-6,7,1,-1,3,2,-3,3,0,-1,1,0,-1,2,1,-1,-4,-3,-3,0,3,0,0,-2,-1,-1,-1,-1,4,-1
KR_6726895716,420,-3,-88,16,-3,-2,2,0,1,1,2,3,0,3,-4,6,2,-1,1,0,0,-4,-1,-1,-5,6,-4,0,0,-1,1,0,-1,6,-1
KR_6593235249,440,1,-97,-17,0,-2,7,5,0,1,1,0,0,0,-1,3,2,3,0,3,0,2,3,0,-6,6,2,0,-3,-1,-1,-1,-1,3,-1
KR_6724540048,420,0,-63,-5,-1,2,0,2,3,5,8,-6,7,1,-1,5,4,1,1,2,1,-6,1,-1,-1,2,1,0,-1,-1,0,-1,1,6,-1
KR_5755665150,420,-6,-67,1,-6,1,0,1,-1,3,2,0,1,1,-4,4,0,-2,2,0,0,-11,14,-6,-1,7,-3,0,-1,-1,1,-1,-1,2,-1
KR_6750130875,440,-1,-30,-4,-9,-2,2,0,-3,4,1,1,0,1,-5,5,0,0,0,0,0,-12,4,1,-6,5,-2,0,0,-1,0,0,-1,6,-1
KR_6629384177,420,-3,-41,-20,-8,-2,2,0,-9,9,0,-1,2,1,4,3,7,0,2,2,-1,-4,20,0,-3,3,-3,0,-1,-1,0,-1,-1,3,-1
KR_6724841406,420,-4,-64,-16,-8,2,0,2,-2,2,0,-2,3,1,-5,6,1,-1,1,0,-1,-12,26,0,-6,6,-2,0,0,-1,-1,-1,-1,3,-1
KR_6700118057,420,-3,12,-64,-4,1,2,3,-1,4,3,0,5,5,-1,2,1,-3,3,0,-2,1,-22,-1,-5,6,2,0,0,-1,1,-1,-1,4,-1
KR_6726556127,420,1,9,-24,6,2,1,3,0,2,2,7,0,7,-2,3,1,-1,1,0,0,-4,11,-2,-2,4,5,0,0,1,-1,0,1,1,-1
KR_6735876949,420,-6,-96,-66,-9,-5,5,0,2,0,2,-2,2,0,-5,5,0,1,0,1,0,-1,17,3,-5,2,-3,0,-2,-1,-1,-1,-1,2,-1
KR_6609206555,420,0,52,17,1,1,0,1,0,2,2,0,4,4,0,5,5,0,0,0,0,-2,27,-1,-6,7,-10,0,-1,1,0,-1,-1,4,-1
KR_6748266475,420,-3,-22,-28,0,-1,2,1,1,1,2,2,1,3,-5,5,0,3,0,3,1,7,3,-1,-1,2,-1,0,-2,-1,-1,-1,1,5,-1
KR_6652742007,420,-2,37,-17,-3,2,1,3,2,2,4,-1,2,1,-3,7,4,-3,4,1,-1,-5,-38,1,-5,4,1,0,0,-1,1,-1,-1,6,-1
KR_6614007922,420,-5,-86,-12,-16,-3,5,2,1,1,2,3,1,4,-15,16,1,-2,2,0,-1,-17,-6,-5,-4,9,4,0,-1,0,-1,-1,-1,0,-1
KR_6697742026,420,4,65,-2,3,2,0,2,-2,3,1,1,1,2,2,0,2,0,0,0,1,2,-8,-2,-4,6,3,0,1,1,-1,1,1,2,-1
KR_6722022923,420,-6,7,-39,-12,-4,4,0,-5,6,1,0,2,2,-4,6,2,1,1,2,0,-9,-1,3,-4,1,-5,0,-2,-1,0,-1,1,5,-1
KR_6585732990,440,2,10,-8,-1,-2,4,2,1,1,2,4,3,7,-1,1,0,-3,5,2,-1,-3,4,5,-7,2,-1,0,-1,-1,-1,-1,-1,3,-1
KR_6733816209,440,-2,-47,18,-3,-1,2,1,-2,4,2,0,0,0,0,0,0,0,1,1,0,-1,-41,0,-4,4,-5,0,0,0,-1,0,-1,0,-1
KR_6003184840,420,-2,-54,-36,-12,-3,4,1,-1,3,2,-2,4,2,-1,3,2,-5,5,0,0,-12,-9,-5,-1,6,4,0,-3,-1,-1,-1,1,5,-1
KR_6743725526,420,2,70,-32,3,-1,2,1,1,1,2,3,2,5,2,2,4,-2,2,0,0,1,-6,-4,0,4,1,0,2,-1,-1,1,1,4,-1
KR_6754901780,420,0,21,11,-5,3,1,4,1,4,5,0,3,3,-6,7,1,-3,3,0,0,-4,21,5,-8,3,-5,0,1,1,1,1,-1,5,-1
KR_6668949278,420,-1,58,-20,-1,1,0,1,-5,6,1,0,1,1,2,1,3,1,0,1,1,-7,-57,3,-4,1,2,0,0,1,-1,0,1,3,-1
KR_6743726060,420,1,-43,12,6,-2,4,2,1,1,2,1,1,2,2,3,5,4,0,4,0,10,-3,1,-3,2,0,0,-1,1,1,-1,-1,1,-1
KR_6577020161,420,-2,25,-32,-3,-3,4,1,-1,3,2,0,4,4,1,1,2,0,2,2,0,0,-23,6,-8,2,-4,0,-1,0,-1,-1,1,0,-1
KR_6680626601,440,-4,-77,-1,-8,6,1,7,-8,9,1,-8,8,0,3,0,3,-1,1,0,1,-8,11,8,-10,2,-5,0,-1,-1,0,-1,1,2,-1
KR_6760177057,420,1,-36,-4,2,7,3,10,1,2,3,-2,5,3,-1,3,2,-3,4,1,1,10,3,-2,-2,4,2,0,-2,-1,-1,-1,1,3,-1
KR_6696552216,420,-4,-45,-26,0,0,2,2,5,3,8,-4,4,0,-1,3,2,0,1,1,0,8,8,-3,-3,6,1,0,0,1,1,0,-1,3,-1
KR_6758703964,440,-5,-6,-4,-14,-4,6,2,-7,8,1,2,1,3,-5,7,2,0,2,2,0,-8,-4,-3,0,3,2,0,-3,0,-1,-1,1,0,-1
KR_6764022804,420,-2,-65,0,-1,-1,4,3,3,3,6,-2,2,0,-1,2,1,0,1,1,1,5,14,4,-6,2,-5,0,-1,1,1,-1,1,1,-1
KR_6655960868,420,0,-29,-3,-5,-2,3,1,0,3,3,-1,3,2,-2,2,0,0,0,0,0,-3,-111,-1,-3,4,3,0,-1,0,-1,-1,-1,0,-1
KR_6709734763,420,-1,-1,-32,-3,-3,3,0,-2,3,1,-3,3,0,5,0,5,0,0,0,0,3,-2,-1,-1,2,3,0,0,-1,-1,0,-1,3,-1
KR_6751532075,440,-2,-23,-28,-3,-2,3,1,0,0,0,-1,3,2,-2,3,1,2,3,5,0,-3,7,1,-5,4,1,0,0,0,-1,-1,-1,0,-1
KR_6741706530,420,-3,-94,-8,-17,2,1,3,2,1,3,-5,5,0,-13,14,1,-3,3,0,-1,-15,-14,-5,0,5,2,0,-4,-1,-1,-1,-1,5,-1
KR_6731230525,420,-6,-148,-31,-12,0,0,0,1,1,2,-9,13,4,0,3,3,-4,5,1,0,4,-8,0,-1,1,0,0,-3,0,0,-1,-1,0,-1
KR_6701653915,420,-5,-44,-9,-15,5,0,5,-6,8,2,-5,7,2,-4,4,0,-5,7,2,-1,-17,15,3,-5,2,-3,0,-2,-1,-1,-1,-1,2,-1
KR_6647329211,420,-4,-75,0,-8,-3,3,0,0,2,2,-2,3,1,-2,2,0,-1,1,0,0,-5,7,0,-3,3,-3,0,-1,-1,-1,-1,-1,2,-1
KR_6760056744,420,-2,-32,0,-4,-2,3,1,1,1,2,0,2,2,-2,3,1,-1,4,3,1,1,-1,5,-8,3,1,0,0,-1,1,-1,1,6,-1
KR_6664238352,420,1,-20,19,-1,-3,3,0,0,1,1,-1,1,0,3,0,3,0,0,0,0,5,1,-3,-1,4,5,0,0,1,-1,-1,1,1,-1
KR_6698673391,420,-4,-66,-11,-8,-1,1,0,-3,3,0,-2,2,0,-1,5,4,-1,2,1,0,-6,1,-2,-3,5,-4,0,0,1,-1,-1,-1,6,-1
KR_6758837882,420,2,28,23,-3,-1,1,0,1,2,3,3,1,4,-6,9,3,0,1,1,0,1,-1,0,-2,2,2,0,0,0,1,0,-1,0,-1
KR_6760808730,420,-6,-72,-53,-12,-4,4,0,0,2,2,-4,6,2,-4,5,1,0,2,2,1,-8,-129,-2,-2,4,0,0,-4,-1,-1,-1,1,3,-1
KR_6745592604,420,2,-82,41,4,-3,4,1,4,2,6,3,2,5,-1,3,2,1,0,1,0,17,8,2,-4,2,-2,0,1,-1,1,1,1,5,-1
KR_6725713473,420,-4,-51,-44,-8,-1,3,2,-1,1,0,-2,3,1,-5,5,0,1,0,1,0,-3,-33,-4,-1,5,4,0,-1,-1,1,-1,-1,6,-1
KR_6390284604,420,-2,-70,28,-2,-4,6,2,-2,3,1,-1,3,2,1,2,3,4,2,6,0,1,-2,-4,-3,7,3,0,-3,1,-1,-1,-1,1,-1
KR_6642576055,420,-1,74,-2,-6,-2,3,1,-2,3,1,1,0,1,-3,4,1,0,0,0,0,-7,0,-1,-3,4,-5,0,0,-1,-1,0,-1,4,-1
KR_6764282694,420,-1,10,-20,-7,2,0,2,-2,4,2,-3,4,1,-2,5,3,-2,2,0,0,-8,-7,4,-7,3,1,0,0,-1,1,0,-1,1,-1
KR_6686618620,440,-3,-85,-32,-2,-3,3,0,-1,2,1,3,1,4,-2,6,4,1,3,4,-2,-9,13,-2,-3,5,-3,0,-1,-1,-1,-1,-1,6,-1
KR_6759155359,420,-1,-46,-7,-4,-3,3,0,-2,2,0,-3,7,4,1,5,6,3,4,7,0,-2,-5,5,-6,1,-3,0,1,-1,1,1,-1,2,-1
KR_6751185805,420,-1,-75,17,-1,-2,4,2,-8,8,0,1,1,2,4,0,4,4,0,4,0,2,16,8,-9,1,-1,0,0,1,-1,-1,1,6,-1
KR_6754298556,420,-1,60,16,-8,-1,2,1,0,1,1,-4,5,1,-2,2,0,-1,1,0,0,-15,-20,2,-5,3,3,0,0,1,1,0,1,3,-1
KR_6760404367,420,-3,14,-26,-6,-4,5,1,3,0,3,3,0,3,-5,6,1,-3,3,0,0,-5,5,2,-4,2,1,0,-1,0,-1,-1,-1,0,-1
KR_6724128618,420,0,-6,-11,3,2,1,3,-3,6,3,4,0,4,0,3,3,0,0,0,1,6,0,-4,-6,10,-2,0,0,-1,-1,0,1,6,-1
KR_6731834958,420,-4,56,-8,-8,-2,2,0,-6,10,4,1,1,2,0,2,2,-1,2,1,2,-6,174,-3,-2,5,-1,0,0,0,-1,0,1,0,-1
KR_6662448065,420,1,15,11,2,-1,1,0,0,2,2,0,3,3,3,2,5,0,0,0,-1,2,-3,0,-5,5,1,0,0,-1,-1,0,-1,4,-1
KR_6756927558,420,-4,-99,-31,-7,-3,4,1,1,2,3,2,1,3,-5,6,1,-2,5,3,0,-7,-3,0,-6,6,4,0,-1,1,1,-1,1,2,-1
KR_6660807187,420,2,-7,20,6,-1,1,0,2,2,4,-2,4,2,5,4,9,2,0,2,0,10,-24,1,-6,5,-1,0,-1,1,-1,-1,1,3,-1
KR_6761832476,420,3,78,4,3,1,1,2,4,0,4,-2,4,2,-1,2,1,1,0,1,1,1,-12,-1,-3,4,1,0,0,-1,-1,0,1,3,-1
KR_6475466103,440,1,-67,-12,5,-1,2,1,3,1,4,4,3,7,-2,3,1,1,0,1,0,9,-31,0,-2,2,19,0,-1,1,-1,-1,-1,1,-1
KR_6761083935,420,-3,-43,-32,-1,-5,6,1,2,2,4,-2,4,2,3,1,4,1,1,2,-1,3,-38,-2,-3,5,15,0,0,1,1,1,-1,2,-1
KR_6510206104,440,3,19,33,-3,-1,2,1,-1,3,2,11,3,14,-11,13,2,-1,1,0,0,-14,-25,-1,-2,3,1,0,0,-1,1,-1,-1,5,-1
KR_6734198111,420,2,13,8,1,-1,4,3,1,2,3,-7,8,1,4,0,4,4,0,4,-1,7,0,1,-4,3,2,0,0,0,-1,-1,-1,0,-1
KR_6761996434,420,-2,-50,3,-9,-2,2,0,-2,2,0,-8,8,0,5,1,6,-2,4,2,0,-1,278,-2,0,2,1,0,-1,1,0,1,-1,4,-1
KR_6674609443,420,-8,-142,-74,-15,0,1,1,-12,12,0,1,2,3,-2,6,4,-2,4,2,-1,-15,-9,0,-4,4,-1,0,-4,-1,-1,-1,-1,4,-1
KR_6239259856,420,-2,-29,-5,0,-3,3,0,1,3,4,-4,4,0,4,1,5,2,1,3,0,-2,-7,-5,-1,6,5,0,-1,-1,-1,-1,-1,5,-1
KR_6727163463,420,-2,-35,-10,-2,1,0,1,3,1,4,-5,7,2,-1,2,1,0,2,2,0,3,1,0,-1,1,0,0,-1,-1,1,-1,1,5,-1
KR_6697838082,420,-3,-30,-20,-7,-1,2,1,3,1,4,-5,5,0,-4,6,2,0,1,1,-1,1,8,-2,-3,5,1,0,0,-1,-1,0,-1,1,-1
KR_6761260433,420,-4,-106,-36,-11,0,3,3,1,3,4,-5,5,0,-5,6,1,-2,3,1,0,-8,11,3,-4,1,0,0,-2,-1,-1,-1,-1,4,-1
KR_6481297022,440,0,-3,1,9,-4,4,0,2,0,2,5,1,6,2,4,6,4,2,6,0,9,-4,0,-4,4,-1,0,0,-1,0,0,1,2,-1
KR_6625148681,420,-2,-43,-11,2,2,2,4,-1,3,2,-2,3,1,2,3,5,1,2,3,1,5,1,3,-7,4,1,0,0,-1,-1,0,1,1,-1
KR_6652204807,420,-3,35,-16,-7,-3,3,0,-1,3,2,4,1,5,-4,5,1,-3,3,0,0,2,-4,-2,-2,4,1,0,0,-1,0,0,-1,5,-1
KR_6763661357,420,-3,-120,-12,-13,-1,2,1,0,3,3,-4,6,2,-6,7,1,-2,2,0,-2,-10,-249,0,-1,1,16,0,-1,-1,-1,-1,-1,1,-1
KR_6760305822,420,-3,-98,-31,-12,0,2,2,-1,4,3,2,3,5,-11,14,3,-2,2,0,0,-7,-2,3,-3,0,0,0,0,1,0,-1,-1,6,-1
KR_6756775648,420,0,-50,18,-3,-6,7,1,0,3,3,1,1,2,2,1,3,0,0,0,0,-3,-1,4,-7,3,4,0,1,1,1,1,-1,3,-1
KR_6758732065,420,-4,-57,-27,-6,2,2,4,-10,12,2,2,2,4,1,4,5,-1,2,1,1,-19,99,-8,-1,9,5,0,-1,-1,-1,-1,1,2,-1
KR_6696955500,420,-4,-6,-20,-3,-2,3,1,-3,4,1,1,0,1,0,1,1,1,1,2,0,-4,-7,-7,-1,8,7,0,-1,0,-1,-1,1,0,-1
KR_6728175153,440,2,3,-8,3,11,0,11,-1,4,3,-1,5,4,-2,4,2,-4,6,2,-1,13,8,5,-7,2,-5,0,0,1,0,-1,-1,3,-1
KR_6543693937,420,-3,-68,-7,-6,-2,2,0,-2,4,2,1,0,1,-1,4,3,-2,3,1,0,-8,-4,3,-7,4,-1,0,-1,-1,1,-1,-1,3,-1
KR_6177959060,420,-2,-6,16,-5,0,2,2,-1,2,1,-5,5,0,3,0,3,-2,2,0,0,-6,-3,-3,-1,4,1,0,0,1,1,0,1,2,-1
KR_6734090421,420,-1,7,-9,-8,2,1,3,-3,6,3,-5,6,1,-1,5,4,-1,1,0,0,-8,-3,2,-4,2,-1,0,-1,-1,1,-1,-1,2,-1
KR_6641018780,420,1,-32,-15,3,4,1,5,1,2,3,-3,5,2,1,0,1,0,1,1,0,0,6,5,-7,2,-2,0,2,-1,-1,1,1,3,-1
KR_6734796016,420,2,54,25,2,-1,3,2,-4,4,0,4,2,6,3,0,3,0,0,0,1,-2,5,0,-3,3,5,0,0,1,-1,1,1,2,-1
KR_6728088761,440,-2,-43,-31,-8,1,1,2,0,1,1,1,1,2,-7,9,2,-3,3,0,-1,-8,15,-5,-2,7,-1,0,-1,-1,-1,-1,-1,6,-1
KR_6739046718,420,-4,-31,31,-5,-3,3,0,0,4,4,-1,4,3,-3,4,1,2,0,2,3,4,-6,0,-4,4,0,0,0,1,-1,0,1,2,-1
KR_6612856254,420,-5,-37,-8,-13,-4,5,1,-3,5,2,-2,3,1,-3,6,3,-1,1,0,0,-9,-10,-4,0,4,-1,0,-1,-1,0,-1,-1,6,-1
KR_6724816811,420,1,16,4,1,-2,2,0,5,1,6,-1,1,0,-2,5,3,1,1,2,0,-3,5,3,-5,2,-2,0,1,-1,-1,1,-1,4,-1
KR_6338076289,420,-3,-113,-28,-3,-6,6,0,1,1,2,-2,4,2,3,1,4,1,2,3,0,7,1,2,-7,5,-4,0,-1,-1,0,-1,-1,5,-1
KR_6761337448,420,-4,-78,-8,-6,-2,2,0,-1,3,2,5,1,6,-1,4,3,-7,7,0,0,-10,-2,1,-2,1,0,0,0,1,1,0,-1,4,-1
KR_6724839692,420,-1,6,-8,-9,-1,5,4,-5,5,0,-2,3,1,-3,7,4,2,1,3,0,-15,-1,-3,-1,4,-1,0,0,-1,-1,-1,1,1,-1
KR_6736919364,420,1,30,8,7,2,3,5,3,2,5,3,1,4,-1,1,0,0,0,0,-1,8,37,-1,-3,4,-21,0,0,-1,-1,-1,-1,3,-1
KR_6693133993,420,-1,20,23,-2,-1,1,0,-5,5,0,1,6,7,-2,3,1,5,3,8,0,-3,55,-2,-1,3,-17,0,1,-1,-1,1,1,6,-1
KR_6764383183,420,0,-2,-12,2,0,2,2,-4,5,1,0,4,4,3,0,3,3,0,3,0,3,1,-1,-6,7,-6,0,-1,-1,-1,-1,1,4,-1
KR_6354108972,420,1,-30,9,-4,2,0,2,-5,5,0,1,1,2,-2,2,0,0,0,0,0,-5,0,0,0,0,5,0,0,-1,1,0,1,4,-1
KR_6674581878,420,-1,-6,-23,-1,-1,3,2,-3,3,0,4,0,4,-2,3,1,1,1,2,0,-4,-11,-3,-2,5,0,0,-1,-1,-1,-1,-1,6,-1
KR_6748306186,440,-2,-1,-21,-10,1,0,1,-3,3,0,-6,9,3,1,1,2,-3,5,2,0,0,-2,-3,-1,4,1,0,-2,-1,-1,-1,-1,4,-1
KR_6754524678,420,1,-12,9,7,-2,3,1,2,0,2,3,0,3,0,5,5,4,0,4,0,6,13,-2,-5,7,-27,0,0,0,1,0,1,0,-1
KR_6724974615,420,-4,-1,-76,-8,-2,2,0,-6,8,2,-2,3,1,0,1,1,2,0,2,0,-11,42,-2,-4,6,-4,0,0,-1,-1,-1,1,1,-1
KR_6715793468,420,-4,-40,-12,-5,-3,4,1,-2,3,1,-3,5,2,2,2,4,1,1,2,0,3,0,5,-7,2,-2,0,0,1,-1,-1,-1,3,-1
KR_6594139112,420,-3,-86,-12,1,-3,3,0,-2,4,2,2,0,2,5,2,7,-1,4,3,0,0,96,2,-6,4,-3,0,-1,0,-1,-1,1,0,-1
KR_6741597660,420,-6,-86,-14,-23,-4,4,0,-9,9,0,-4,5,1,-6,6,0,0,1,1,-3,-18,-5,-2,-1,3,0,0,-2,1,-1,-1,-1,2,-1
KR_6513814630,420,1,18,30,-2,1,0,1,2,1,3,-3,4,1,-1,4,3,-1,2,1,0,-3,22,-3,-3,6,1,0,0,-1,0,0,-1,1,-1
KR_6738765865,440,-4,-40,-48,-4,-3,3,0,-4,7,3,-1,1,0,1,1,2,3,0,3,0,-5,-19,-4,-1,5,7,0,-1,-1,0,1,-1,5,-1
KR_6764192014,440,-2,28,-17,-6,1,0,1,-2,3,1,-8,8,0,3,5,8,0,0,0,-1,-1,-17,3,-5,2,-1,0,0,-1,1,0,-1,5,-1
KR_6750133658,420,-5,-102,-1,-10,-3,4,1,-6,9,3,-3,4,1,4,0,4,-2,2,0,0,-10,2,-1,-1,2,-4,0,-1,-1,1,-1,-1,4,-1
KR_6741363168,420,-1,-71,11,-3,-2,3,1,-1,3,2,0,3,3,0,1,1,0,1,1,-2,2,3,-3,-2,5,4,0,0,1,-1,0,-1,5,-1
KR_6645893670,440,-3,-66,16,-7,-5,5,0,0,4,4,-1,4,3,-1,3,2,0,1,1,0,-9,-78,-2,-1,3,22,0,-1,-1,0,-1,-1,4,-1
KR_6741598791,420,-2,-17,-22,-2,1,2,3,-4,6,2,-1,5,4,3,3,6,-1,2,1,0,1,-10,-1,-5,6,-3,0,0,-1,0,0,-1,6,-1
KR_6629922216,420,0,-34,17,-12,-1,1,0,-6,6,0,-5,5,0,1,2,3,-1,1,0,0,-15,-64,-1,-1,2,-1,0,-1,-1,-1,-1,-1,4,-1
KR_6710314497,420,-3,-19,-16,-8,1,0,1,-4,5,1,-7,9,2,-1,4,3,3,0,3,0,-6,23,6,-8,2,-2,0,1,1,-1,1,1,3,-1
KR_6751801994,420,0,-20,-17,0,-2,2,0,2,0,2,6,0,6,-1,3,2,-5,5,0,0,-3,208,3,-5,2,-3,0,0,-1,-1,0,-1,2,-1
KR_6719498671,420,1,19,16,6,-2,2,0,6,3,9,-1,3,2,0,4,4,3,1,4,0,6,-1,-3,-3,6,-1,0,-1,1,-1,-1,1,4,-1
KR_6732973040,440,-1,3,-1,-6,-1,1,0,-1,1,0,-2,5,3,-1,6,5,-1,2,1,0,-5,2,1,-5,4,-1,0,1,-1,0,1,-1,5,-1
KR_6731102509,420,-3,-101,-18,-3,-1,2,1,3,1,4,-5,6,1,-3,6,3,3,0,3,2,10,128,0,-3,3,0,0,-2,1,-1,-1,1,2,-1
KR_6719669144,420,-1,-1,4,-4,-2,2,0,0,1,1,-2,3,1,-1,3,2,1,1,2,0,-1,-3,-2,-2,4,3,0,0,0,1,-1,1,0,-1
KR_6719391606,420,0,10,10,4,2,1,3,6,0,6,-2,6,4,-1,3,2,-1,1,0,0,9,2,4,-4,0,-1,0,0,1,1,-1,1,3,-1
KR_6732614462,420,-6,-73,-19,-16,-2,2,0,-2,3,1,-4,5,1,-3,5,2,-5,5,0,0,-10,32,-2,-2,4,-1,0,0,-1,1,0,-1,4,-1
KR_6602620816,420,2,59,12,2,3,1,4,-1,2,1,3,1,4,-3,5,2,0,1,1,0,3,-27,9,-9,0,1,0,2,0,0,1,-1,0,-1
KR_6755351376,420,-5,-66,17,-8,-6,6,0,-3,3,0,-4,5,1,0,3,3,5,0,5,0,-6,12,1,-2,1,-2,0,-2,-1,1,-1,1,3,-1
KR_6671277862,440,-2,-5,4,-5,-4,5,1,1,4,5,3,4,7,-5,8,3,0,0,0,-2,-14,2,3,-6,3,0,0,0,-1,1,0,-1,1,-1
KR_6759764422,440,3,-58,-12,7,0,1,1,7,0,7,-3,5,2,0,5,5,3,1,4,0,12,3,1,-7,6,1,0,0,0,1,1,1,0,-1
KR_6581653580,440,-6,-38,-29,-11,-6,7,1,-5,5,0,1,2,3,-1,4,3,0,0,0,-1,-6,-5,1,-3,2,-6,0,-3,0,-1,-1,-1,0,-1
KR_6616155149,420,-3,-43,7,-2,3,0,3,-2,4,2,-1,3,2,-2,2,0,0,0,0,0,-6,-3,-5,-1,6,1,0,-1,-1,-1,-1,1,5,-1
KR_6738697507,440,-3,-86,-32,-7,-3,4,1,-4,4,0,0,0,0,-1,1,0,1,0,1,0,-5,26,-4,-1,5,0,0,-1,-1,-1,-1,1,6,-1
KR_6675799336,420,-2,19,-24,-8,0,2,2,-2,6,4,1,1,2,-6,6,0,-1,1,0,0,-3,-136,-4,-4,8,3,0,-2,1,-1,-1,-1,4,-1
KR_6717925021,420,-2,-22,0,-2,-6,6,0,4,1,5,4,0,4,-4,5,1,0,1,1,1,1,-3,1,-4,3,0,0,-2,-1,0,-1,1,6,-1
KR_6743350855,420,-2,50,11,-1,2,1,3,-3,4,1,-3,4,1,2,1,3,1,0,1,0,-3,-264,-1,-2,3,2,0,0,-1,-1,0,1,4,-1
KR_6760493299,420,-2,-3,-8,-7,0,1,1,-1,3,2,-6,10,4,-1,2,1,1,1,2,0,-8,52,3,-4,1,-19,0,1,-1,-1,-1,-1,2,-1
KR_6760634314,420,1,6,-5,3,2,3,5,0,2,2,-1,2,1,1,2,3,1,1,2,1,0,5,-1,-1,2,1,0,1,1,0,1,1,1,-1
KR_6755272568,420,-2,78,4,-6,1,1,2,-1,1,0,-8,9,1,-1,3,2,3,0,3,0,1,-25,2,-4,2,-3,0,0,1,-1,0,1,6,-1
KR_6714646462,420,1,5,3,3,-4,4,0,3,3,6,4,0,4,0,5,5,0,1,1,0,8,-13,1,-3,2,-1,0,1,-1,1,1,1,1,-1
KR_6753050878,420,-3,-121,16,-6,0,4,4,-5,6,1,-1,2,1,-2,3,1,2,0,2,0,0,-14,-4,-3,7,5,0,-1,-1,-1,-1,-1,6,-1
KR_6725442336,420,-7,-129,34,-3,-3,4,1,3,0,3,-4,6,2,0,4,4,1,1,2,0,-5,-8,0,-4,4,-1,0,-4,1,-1,-1,1,3,-1
KR_6656803318,420,2,-44,44,5,-3,3,0,2,1,3,-1,1,0,6,3,9,1,0,1,1,8,8,-1,-3,4,-1,0,0,0,0,0,1,0,-1
KR_6759837164,420,4,58,15,4,0,1,1,2,0,2,3,0,3,1,1,2,-2,3,1,-1,-2,5,-1,0,1,-4,0,0,1,1,1,-1,2,-1
KR_6602582991,420,-2,27,-8,-7,-8,8,0,6,3,9,-5,6,1,-2,3,1,2,0,2,0,4,6,2,-2,0,-2,0,-1,0,0,-1,1,0,-1
KR_6658928592,420,1,63,11,5,0,0,0,3,1,4,-1,2,1,1,5,6,2,0,2,0,13,-6,-4,-1,5,0,0,0,1,1,1,1,3,-1
KR_6763139868,420,-1,-57,-28,4,1,1,2,2,2,4,2,3,5,0,0,0,-1,1,0,0,4,334,2,-3,1,-23,0,0,-1,1,0,-1,1,-1
KR_6723621534,440,-2,-21,-28,-5,2,1,3,-1,2,1,-6,6,0,-1,4,3,1,1,2,0,-8,-23,-3,-5,8,-5,0,1,-1,-1,1,1,5,-1
KR_6729392962,420,-3,-52,-20,-11,-3,4,1,2,2,4,-6,7,1,-1,1,0,-3,3,0,0,-4,8,-2,-5,7,0,0,0,-1,-1,0,-1,1,-1
KR_6676096145,420,0,35,-4,-8,2,1,3,-8,8,0,-5,7,2,0,1,1,3,0,3,-1,-9,108,-2,-2,4,-3,0,1,0,0,1,-1,0,-1
KR_6710282815,420,-3,50,-80,1,3,2,5,2,1,3,-6,9,3,1,0,1,1,1,2,0,2,11,2,-4,2,-2,0,0,0,-1,1,1,0,-1
KR_6733155819,440,-6,-70,-37,-18,-2,3,1,-5,5,0,-1,4,3,-7,8,1,-3,3,0,0,-16,6,-2,-5,7,-1,0,-2,-1,-1,-1,-1,5,-1
KR_6637742381,420,-4,-100,-39,-3,0,1,1,1,1,2,-5,7,2,0,4,4,1,1,2,3,6,-11,0,-4,4,1,0,-3,-1,1,-1,1,3,-1
KR_6760609283,420,-4,-35,-24,-17,-3,4,1,-6,7,1,-7,8,1,-1,1,0,0,0,0,0,-6,28,-1,-2,3,-7,0,-2,-1,-1,-1,-1,4,-1
KR_6679881922,420,-3,-85,13,-5,-3,4,1,3,3,6,-2,4,2,-2,5,3,-1,1,0,1,4,-12,-3,-2,5,2,0,-1,-1,-1,-1,1,4,-1
KR_6609344074,420,1,-23,-8,-1,0,1,1,6,2,8,-5,5,0,-2,5,3,0,2,2,1,3,-8,-3,-2,5,1,0,-1,-1,-1,-1,1,5,-1
KR_6755073379,440,-3,-83,-8,-10,-2,5,3,-2,2,0,1,2,3,-4,4,0,-3,3,0,0,-4,33,-3,0,3,-2,0,-1,-1,-1,-1,-1,3,-1
KR_6557968443,420,-1,-16,-24,0,1,2,3,2,2,4,-3,3,0,0,1,1,0,0,0,0,1,-1,2,-6,4,2,0,0,-1,-1,-1,-1,1,-1
KR_6746525054,420,1,38,36,5,-1,1,0,3,1,4,3,0,3,-1,2,1,1,0,1,0,6,-9,4,-4,0,-1,0,0,-1,0,0,1,3,-1
KR_6762879030,420,-1,9,-18,0,-2,2,0,-1,1,0,-1,4,3,6,0,6,-2,2,0,0,-9,-11,-4,-3,7,4,0,0,1,-1,1,1,1,-1
KR_6750268575,420,-3,-52,-15,-11,-1,1,0,-2,3,1,-2,5,3,-5,5,0,-1,1,0,0,-12,0,0,-2,2,-3,0,0,0,0,0,-1,0,-1
KR_6736609758,420,-2,-92,-4,-8,-1,3,2,-8,9,1,1,2,3,-2,2,0,2,0,2,-1,-10,18,0,-2,2,-3,0,0,1,1,0,-1,6,-1
KR_6753109592,440,-1,6,-35,-9,0,0,0,-3,5,2,-5,5,0,-1,5,4,0,1,1,0,-6,4,3,-6,3,-3,0,0,1,1,1,-1,6,-1
KR_6684825373,420,-4,-84,4,-10,-7,8,1,-1,2,1,4,2,6,-4,7,3,-2,2,0,1,-4,1,2,-3,1,-4,0,-1,1,-1,-1,1,1,-1
KR_6718559997,420,0,-30,-11,-6,-3,4,1,0,2,2,-3,6,3,1,2,3,-1,1,0,0,-3,36,-1,-3,4,0,0,1,-1,0,1,-1,2,-1
KR_6756965781,420,-1,-20,-20,-1,-3,3,0,1,0,1,0,3,3,3,0,3,-2,2,0,-1,3,0,-1,-3,4,2,0,0,-1,-1,0,-1,5,-1
KR_6595995308,420,-1,31,-39,0,-4,4,0,0,2,2,-1,3,2,3,2,5,2,0,2,1,4,232,-1,-6,7,0,0,1,1,-1,1,-1,1,-1
KR_6647407564,420,-6,-80,-20,-11,-2,3,1,-3,5,2,-2,4,2,-4,5,1,0,2,2,0,-2,-4,0,-2,2,-3,0,-1,-1,-1,-1,1,5,-1
KR_6623776000,420,0,44,15,-3,-1,1,0,-2,3,1,0,1,1,1,2,3,-1,1,0,0,1,119,9,-10,1,3,0,1,1,1,1,-1,6,-1
KR_6625091763,420,-2,-20,-8,-7,1,0,1,-4,6,2,0,3,3,-3,3,0,-1,1,0,0,-7,-15,-1,-4,5,-1,0,0,-1,-1,1,1,3,-1
KR_6739856448,420,0,8,-36,0,1,1,2,0,2,2,-2,2,0,3,0,3,-2,2,0,0,0,3,5,-11,6,0,0,0,-1,1,0,-1,4,-1
KR_6691659530,420,1,-24,16,-7,-3,3,0,-1,3,2,0,2,2,-3,3,0,0,0,0,0,-7,-15,2,-4,2,4,0,-1,-1,1,-1,-1,3,-1
KR_6667977143,420,-3,-82,-16,2,-1,2,1,2,1,3,1,2,3,3,0,3,-3,5,2,1,7,6,-9,0,9,0,0,0,0,0,0,1,0,-1
KR_6685084364,420,-3,-71,-21,2,0,3,3,4,1,5,-1,1,0,-2,4,2,1,1,2,1,7,-14,-4,-3,7,-1,0,-1,-1,1,-1,1,1,-1
KR_6719684681,420,1,-22,-8,1,3,2,5,-4,4,0,1,1,2,1,2,3,0,1,1,0,-2,4,2,-7,5,-4,0,-1,-1,-1,-1,-1,6,-1
KR_6742617312,420,0,26,-35,-2,1,1,2,-3,4,1,0,2,2,0,2,2,0,2,2,-3,-6,-5,1,-3,2,2,0,0,1,-1,1,-1,3,-1
KR_6704917675,420,2,-11,-10,1,-1,1,0,3,3,6,-1,2,1,0,5,5,0,1,1,0,6,19,-2,-6,8,-1,0,0,0,-1,0,-1,0,-1
KR_6757086870,420,1,35,-4,6,1,0,1,-4,6,2,2,0,2,1,1,2,6,1,7,1,14,-362,-3,-3,6,5,0,0,-1,-1,0,1,4,-1
KR_6651120801,440,-1,-10,41,2,1,1,2,-3,6,3,0,2,2,1,2,3,3,1,4,0,-1,8,0,-4,4,0,0,0,1,1,0,1,6,-1
KR_6752011929,440,-5,-39,-13,-14,1,2,3,-4,7,3,0,1,1,-7,9,2,-4,8,4,0,-11,3,1,-1,0,-1,0,0,1,0,0,-1,6,-1
KR_6755495583,420,-1,-28,-9,1,-1,3,2,1,2,3,0,1,1,-2,4,2,3,0,3,0,-1,26,-11,-1,12,-2,0,0,1,0,0,1,6,-1
KR_6763177533,420,-2,33,-8,2,4,0,4,1,1,2,0,2,2,-5,7,2,2,0,2,0,-8,24,-1,-3,4,-2,0,1,-1,1,1,-1,5,-1
KR_6735850578,420,0,-19,-1,0,0,1,1,0,5,5,-2,5,3,2,1,3,0,1,1,0,-4,-267,-3,-5,8,-1,0,0,-1,1,0,-1,4,-1
KR_6738556323,420,0,-10,0,1,0,2,2,0,3,3,1,1,2,0,4,4,0,0,0,0,1,5,-3,-1,4,2,0,0,0,-1,0,-1,0,-1
KR_6685822936,420,-5,-108,-24,-10,-4,5,1,-6,6,0,-1,2,1,2,1,3,-1,1,0,0,-2,-37,4,-7,3,1,0,-1,1,-1,-1,-1,5,-1
KR_6652505965,420,-3,-47,17,-8,-3,3,0,-1,6,5,3,0,3,-3,5,2,-4,5,1,0,-7,93,1,-3,2,0,0,1,1,-1,1,-1,5,-1
KR_6660547180,420,-1,32,0,-3,-1,2,1,-1,2,1,-2,2,0,0,2,2,1,1,2,0,4,146,4,-9,5,-1,0,1,1,-1,1,-1,3,-1
KR_6722143517,420,-2,-6,-28,-6,-4,4,0,3,1,4,-5,6,1,0,2,2,0,1,1,-1,-3,2,5,-8,3,-2,0,1,0,-1,1,-1,0,-1
KR_6757432782,420,0,28,-32,-6,-4,6,2,-2,5,3,2,0,2,-1,4,3,-1,3,2,0,0,-9,-2,-2,4,-1,0,0,-1,-1,1,-1,3,-1
KR_6749496895,420,0,-7,-12,-3,0,1,1,-4,8,4,-4,4,0,5,3,8,0,0,0,-1,-1,0,1,-4,3,-2,0,-1,1,0,-1,1,2,-1
KR_6748931269,420,1,-13,8,6,0,4,4,-4,4,0,8,1,9,1,2,3,1,1,2,0,-2,-348,-9,-1,10,2,0,1,0,-1,1,1,0,-1
KR_6761608967,420,3,-8,-16,6,-1,3,2,4,1,5,-2,4,2,2,0,2,3,2,5,0,6,10,2,-5,3,0,0,1,1,0,1,-1,4,-1
KR_6627000082,420,-4,-5,-19,-10,-8,9,1,0,4,4,0,1,1,0,1,1,-2,3,1,0,-1,48,-5,0,5,-7,0,-1,-1,1,-1,-1,1,-1
KR_6643564135,420,1,-43,0,8,1,0,1,1,1,2,5,0,5,2,1,3,-1,3,2,0,9,4,1,-3,2,0,0,1,1,1,1,-1,2,-1
KR_6757852096,420,0,-33,-20,2,-1,2,1,0,1,1,-5,6,1,7,1,8,1,0,1,0,8,-3,-3,-2,5,7,0,0,1,0,0,1,2,-1
KR_6711677788,420,-2,29,-33,-10,0,2,2,-1,2,1,-6,9,3,-2,5,3,-1,4,3,0,-11,-19,1,-3,2,-1,0,0,0,-1,0,-1,0,-1
KR_6697545147,420,-3,-53,-28,2,2,1,3,2,0,2,2,1,3,-5,5,0,1,1,2,0,2,-10,0,-3,3,1,0,0,0,1,-1,1,0,-1
KR_6715401531,420,-5,-25,-59,-8,-4,4,0,-3,4,1,0,0,0,-1,3,2,0,0,0,-1,-4,5,-2,-3,5,1,0,0,0,-1,-1,-1,0,-1
KR_6557850663,420,3,39,-16,7,0,0,0,2,0,2,3,0,3,3,1,4,-1,2,1,0,5,-17,0,-1,1,1,0,1,-1,1,1,1,6,-1
KR_6762990539,440,-1,5,18,-4,0,0,0,0,2,2,-3,3,0,-1,3,2,0,0,0,0,-4,20,-1,-4,5,-4,0,-1,1,1,-1,-1,3,-1
KR_6514665212,440,-1,-28,-12,-4,2,1,3,-3,4,1,-1,2,1,-5,7,2,3,0,3,-2,-15,10,-2,-2,4,-1,0,0,-1,0,0,-1,6,-1
KR_6762344086,420,-4,-80,2,-7,-5,6,1,0,4,4,0,1,1,-2,4,2,0,0,0,0,3,2,0,-4,4,-1,0,-1,-1,-1,-1,-1,3,-1
KR_6669155473,420,-5,-55,18,-19,-2,2,0,-12,12,0,1,0,1,-6,11,5,0,0,0,-2,-22,20,-2,-4,6,2,0,-2,1,-1,-1,-1,2,-1
KR_6593488858,420,-2,19,8,-5,-2,2,0,-1,3,2,2,3,5,-4,4,0,0,1,1,1,-10,343,-2,-2,4,-1,0,1,-1,0,1,1,6,-1
KR_6615683053,420,-1,-23,6,-3,4,0,4,-5,10,5,1,1,2,-2,2,0,-1,1,0,0,-9,23,1,-5,4,-3,0,0,-1,1,0,-1,5,-1
KR_6730593766,440,-5,-87,-18,-13,-1,2,1,-2,4,2,-7,7,0,-4,6,2,1,0,1,0,-10,-6,-7,0,7,0,0,-1,-1,-1,-1,-1,3,-1
KR_6633953003,420,-2,-95,12,-7,-3,4,1,4,4,8,-2,5,3,-5,5,0,-1,2,1,0,2,64,3,-5,2,-14,0,-1,-1,1,-1,-1,5,-1
KR_6720750872,420,-1,-53,-4,-6,-7,7,0,3,0,3,-2,8,6,-3,3,0,3,0,3,0,4,-3,0,-3,3,0,0,-1,1,-1,-1,1,1,-1
KR_6725230206,420,0,-63,45,-3,-2,2,0,-2,3,1,0,1,1,-4,8,4,5,0,5,1,-3,-6,-5,-3,8,2,0,-1,-1,1,-1,1,4,-1
KR_6746891209,420,3,51,-15,-1,-1,2,1,0,1,1,-5,8,3,1,1,2,4,1,5,0,6,7,-3,0,3,-1,0,2,1,1,1,-1,6,-1
KR_6725760691,420,2,-71,33,5,1,2,3,0,3,3,2,1,3,1,1,2,1,1,2,-1,3,-1,-1,-4,5,-1,0,0,1,0,0,-1,4,-1
KR_6666379353,420,0,-50,-4,-5,6,1,7,-2,6,4,-2,2,0,-3,3,0,-4,4,0,0,-15,-29,-1,-7,8,-1,0,0,0,1,1,-1,0,-1
KR_6749198972,420,1,17,-8,1,0,1,1,2,1,3,-3,3,0,2,2,4,0,2,2,0,2,-6,0,-3,3,2,0,0,-1,0,0,1,6,-1
KR_6742604687,420,-10,-30,-100,-3,1,0,1,-2,2,0,-2,4,2,-1,4,3,1,0,1,0,-10,15,0,-2,2,-3,0,-1,0,-1,-1,1,0,-1
KR_6757489272,420,-2,51,-4,-5,-1,2,1,-1,4,3,-1,3,2,-4,8,4,2,0,2,0,-3,-3,1,-4,3,1,0,-1,1,1,-1,-1,1,-1
KR_6560750322,420,-5,-108,-12,-10,1,2,3,-1,4,3,-7,7,0,-3,3,0,0,0,0,1,-10,-6,-5,-2,7,1,0,-2,-1,1,-1,1,3,-1
KR_6740752756,440,-6,-120,13,-13,-4,5,1,-2,4,2,-1,2,1,0,1,1,-6,6,0,0,-15,-3,-2,-3,5,-3,0,-2,-1,-1,-1,-1,5,-1
KR_6739026124,420,-1,-4,28,-7,-2,5,3,3,1,4,-4,8,4,-3,5,2,-1,1,0,0,-11,-4,0,-1,1,-3,0,0,-1,-1,-1,-1,2,-1
KR_6758250869,420,-2,-12,5,-10,1,4,5,1,3,4,-6,9,3,-4,5,1,-2,3,1,-1,-7,-13,-2,-1,3,5,0,-2,-1,1,-1,-1,6,-1
KR_6719766939,420,-1,9,8,-4,-9,9,0,2,2,4,-3,5,2,4,2,6,2,1,3,-1,-3,339,0,-5,5,-2,0,0,1,1,1,-1,2,-1
KR_6722027361,420,-2,-57,-8,-3,0,0,0,-1,2,1,-3,3,0,-3,3,0,4,2,6,-1,-2,-13,0,-3,3,-2,0,0,0,-1,-1,-1,0,-1
KR_6741607210,420,-1,21,0,-1,0,2,2,1,3,4,0,1,1,-3,4,1,1,0,1,0,-4,1,0,-2,2,-2,0,0,-1,1,-1,-1,3,-1
KR_6528100184,420,0,17,4,-5,3,0,3,0,0,0,-4,4,0,-4,5,1,0,0,0,-2,-11,15,-9,-5,14,-3,0,0,-1,0,0,-1,2,-1
KR_6762540827,420,-2,-55,-22,-7,1,0,1,-1,4,3,-7,7,0,1,0,1,-1,1,0,0,2,104,0,-1,1,1,0,0,1,0,0,-1,2,-1
KR_6739022091,420,0,-29,12,3,6,0,6,2,2,4,1,5,6,-5,6,1,-1,3,2,0,-6,0,-1,-6,7,1,0,0,0,1,-1,-1,0,-1
KR_6742448445,420,1,24,36,3,2,3,5,5,1,6,-6,7,1,1,4,5,1,0,1,3,6,-35,2,-3,1,11,0,0,1,-1,0,1,2,-1
KR_6612885395,420,2,57,-1,5,1,2,3,-1,3,2,4,2,6,1,2,3,0,0,0,0,8,-21,-2,0,2,0,0,1,0,0,1,-1,0,-1
KR_6741307173,420,0,35,-23,2,1,1,2,3,3,6,5,1,6,-6,9,3,-1,2,1,2,3,-162,1,-2,1,2,0,1,-1,1,1,1,6,-1
KR_6747461873,420,-5,-25,-36,-11,-3,5,2,-4,5,1,-3,3,0,-2,3,1,1,0,1,0,-9,-12,-1,0,1,1,0,-1,0,-1,-1,-1,0,-1
KR_6743363092,420,-3,-19,-2,-6,-1,3,2,-6,7,1,1,2,3,2,3,5,-2,5,3,1,-11,13,-1,-1,2,0,0,-2,-1,-1,-1,1,1,-1
KR_6747897460,420,1,-39,13,-3,-3,3,0,-1,1,0,1,1,2,0,1,1,0,0,0,0,2,19,-2,-1,3,0,0,0,0,-1,0,-1,0,-1
KR_6673094625,420,1,-59,4,-1,2,0,2,0,2,2,4,0,4,-7,9,2,0,0,0,0,-4,61,-2,-3,5,-1,0,0,-1,1,1,-1,4,-1
KR_6661473746,440,-8,-12,-66,-10,0,3,3,-1,1,0,2,5,7,-10,11,1,-1,2,1,1,-11,-5,-5,-1,6,2,0,-1,0,-1,-1,1,0,-1
KR_6728189289,420,4,75,0,3,1,2,3,1,3,4,0,2,2,1,3,4,0,0,0,0,1,-7,5,-8,3,1,0,2,1,1,1,-1,4,-1
KR_6762925733,440,-4,-87,-24,-1,1,1,2,-5,5,0,4,2,6,0,2,2,-1,2,1,0,-7,-4,-6,-2,8,25,0,-2,-1,-1,-1,1,4,-1
KR_6360416325,440,-2,56,-80,-2,4,0,4,-2,2,0,2,0,2,-3,5,2,-3,3,0,0,-5,0,0,0,0,-3,0,0,-1,0,1,-1,3,-1
KR_6758163171,420,1,26,8,0,-5,6,1,3,1,4,-2,4,2,5,0,5,-1,2,1,-1,1,-1,1,-5,4,2,0,0,-1,1,1,-1,4,-1
KR_6751466380,420,-3,-53,-4,-8,0,0,0,0,1,1,-5,7,2,-2,2,0,-1,2,1,0,-5,5,-1,-3,4,-5,0,-2,-1,-1,-1,-1,1,-1
KR_6726193773,420,-2,-61,-24,2,-5,7,2,1,1,2,-2,3,1,5,1,6,3,1,4,-1,5,-13,2,-5,3,3,0,0,1,-1,1,-1,3,-1
KR_6619132760,420,3,-8,29,7,-1,3,2,1,4,5,3,0,3,1,1,2,3,2,5,0,9,12,3,-4,1,-3,0,0,1,1,-1,1,4,-1
KR_6740724556,420,-5,-80,-32,-11,-4,5,1,-6,6,0,-2,4,2,1,3,4,0,1,1,-1,-7,0,-2,-5,7,4,0,-1,1,-1,-1,-1,4,-1
KR_6751577282,420,1,52,-8,4,5,0,5,1,3,4,-3,3,0,1,6,7,0,0,0,0,-1,8,1,-3,2,1,0,0,-1,1,1,1,6,-1
KR_6634328978,420,1,19,0,0,2,1,3,0,3,3,0,2,2,-2,3,1,0,1,1,0,-4,1,1,-2,1,-10,0,1,0,-1,1,-1,0,-1
KR_6763775855,420,0,-23,-20,6,2,0,2,3,1,4,2,1,3,-3,4,1,2,0,2,0,3,5,6,-8,2,0,0,-1,-1,1,-1,1,6,-1
KR_6763138701,420,1,-2,-10,-2,-1,2,1,0,4,4,-2,3,1,-3,5,2,4,2,6,0,-2,9,6,-7,1,3,0,0,-1,0,0,-1,4,-1
KR_6693931771,420,-1,-33,19,-6,4,1,5,-3,6,3,-2,4,2,-6,6,0,1,0,1,-2,-6,2,-3,0,3,0,0,-2,-1,-1,-1,-1,5,-1
KR_6675979783,420,0,4,8,-3,-3,5,2,0,2,2,-1,1,0,4,1,5,-3,3,0,0,5,1,-1,-2,3,3,0,-1,1,1,-1,-1,1,-1
KR_6688052265,420,-3,-30,-44,-3,0,2,2,0,2,2,-1,2,1,2,1,3,-4,5,1,0,-3,3,-1,-3,4,-1,0,-1,-1,-1,-1,1,2,-1
KR_6698362088,420,0,53,17,3,1,1,2,1,2,3,4,0,4,-3,8,5,0,1,1,0,1,-8,-4,-4,8,-1,0,1,0,0,1,1,0,-1
KR_6761224780,440,5,85,-18,19,4,0,4,1,1,2,1,8,9,9,1,10,4,0,4,1,16,-42,6,-7,1,7,0,3,-1,1,1,1,1,-1
KR_6764023516,420,0,-15,11,-1,-3,3,0,2,2,4,-1,3,2,3,1,4,-2,2,0,-1,-3,23,-1,-2,3,-1,0,0,0,0,0,-1,0,-1
KR_6763707048,420,-1,-30,12,-6,2,2,4,0,2,2,-3,5,2,-4,5,1,-1,1,0,0,-9,-18,1,-3,2,-3,0,1,1,-1,1,-1,5,-1
KR_6456721671,420,0,-80,23,3,2,2,4,-3,8,5,7,0,7,-2,3,1,-1,2,1,0,13,0,0,-4,4,-1,0,-2,1,-1,-1,-1,5,-1
KR_6566960553,420,1,-22,9,-2,-1,3,2,-4,6,2,0,2,2,2,1,3,1,0,1,0,1,8,-3,-3,6,0,0,-1,1,-1,-1,-1,6,-1
KR_6680643999,440,-1,-16,24,-13,-4,5,1,-12,16,4,1,1,2,2,7,9,0,1,1,1,-6,3,3,-3,0,-4,0,-1,0,0,-1,1,0,-1
KR_6759388300,420,-3,4,-28,1,-2,2,0,0,2,2,-6,6,0,7,1,8,2,0,2,0,11,2,3,-6,3,3,0,0,-1,-1,0,1,4,-1
KR_6617371979,420,-1,-111,-32,-5,-10,10,0,-1,1,0,2,1,3,1,3,4,3,1,4,0,-9,224,-1,-3,4,0,0,-2,0,1,-1,1,0,-1
KR_6651205169,440,-1,-41,-20,-4,1,1,2,2,0,2,-3,4,1,5,0,5,-9,9,0,0,0,33,-2,-2,4,-4,0,0,0,-1,0,-1,0,-1
KR_6733551620,420,-1,-34,-8,-3,-2,5,3,-1,2,1,2,4,6,-1,2,1,-1,4,3,0,-6,-7,0,-4,4,-2,0,0,1,-1,-1,1,6,-1
KR_6642059811,420,1,39,6,-1,-1,2,1,-2,5,3,3,0,3,1,2,3,-2,2,0,0,-5,9,1,-5,4,1,0,0,1,0,0,1,1,-1
KR_6729556138,420,-1,45,4,-7,3,1,4,-4,4,0,1,4,5,-4,4,0,-3,4,1,-1,-13,387,-1,-3,4,-1,0,0,-1,1,-1,-1,6,-1
KR_6638343197,420,0,61,-6,2,2,0,2,-3,6,3,-1,2,1,-2,6,4,6,0,6,1,0,19,-3,-4,7,3,0,0,1,-1,0,1,1,-1
KR_6736740990,420,-2,9,16,-1,-1,3,2,1,2,3,3,1,4,-5,5,0,1,0,1,0,-8,-1,0,-2,2,2,0,0,-1,1,0,-1,4,-1
KR_6204507939,420,0,-22,5,-2,-1,1,0,0,4,4,0,2,2,2,1,3,-3,3,0,0,-5,-4,-3,-3,6,1,0,0,-1,-1,0,1,5,-1
KR_6710956306,420,-1,33,-48,-1,3,1,4,-6,8,2,1,3,4,1,2,3,0,1,1,1,-2,4,-5,0,5,-1,0,0,-1,-1,-1,1,1,-1
KR_6676996694,420,2,13,-8,-1,-6,7,1,-2,3,1,5,2,7,-1,5,4,3,0,3,1,-1,8,0,-6,6,-3,0,0,1,0,-1,1,5,-1
KR_6759863733,440,-4,12,-35,-8,8,2,10,0,3,3,-10,10,0,-1,2,1,-5,5,0,1,-3,-4,-1,-1,2,-2,0,0,-1,-1,1,1,2,-1
KR_6721077603,440,-3,-61,-13,-2,-4,4,0,-2,4,2,-2,5,3,3,3,6,3,0,3,0,-2,-3,2,-3,1,0,0,-1,-1,-1,1,-1,5,-1
KR_6685391853,420,0,21,20,1,0,3,3,2,1,3,2,4,6,-4,4,0,1,1,2,0,7,3,-4,-3,7,6,0,0,1,-1,-1,1,4,-1
KR_6727267708,420,-1,-26,-1,0,-1,1,0,-1,1,0,3,2,5,0,7,7,-1,1,0,0,-3,40,0,-2,2,-16,0,1,1,-1,-1,-1,3,-1
KR_6636491808,420,-4,-66,-4,-2,-2,2,0,1,3,4,5,1,6,-5,7,2,-1,2,1,0,-7,3,3,-10,7,-1,0,-1,1,1,-1,1,6,-1
KR_6760049014,440,2,13,48,6,2,1,3,-1,3,2,4,1,5,4,4,8,-3,6,3,1,-1,4,1,-7,6,-2,0,0,1,1,0,1,3,-1
KR_6683650613,420,-4,-15,-4,-13,1,0,1,-8,11,3,-4,5,1,-3,3,0,1,1,2,-1,-19,-4,-2,-1,3,-4,0,-1,-1,-1,-1,-1,6,-1
KR_6757311937,420,-5,-36,4,-8,0,2,2,0,2,2,-6,6,0,-2,2,0,0,1,1,0,-7,13,-3,-3,6,-4,0,0,-1,-1,-1,-1,5,-1
KR_6760805508,420,1,17,-48,6,-2,3,1,1,3,4,0,1,1,5,2,7,2,0,2,1,3,2,-1,-3,4,-3,0,0,1,-1,1,1,4,-1
KR_6722285952,420,-1,-17,24,-4,1,0,1,-2,4,2,-6,6,0,2,0,2,1,0,1,0,3,-3,-3,-2,5,0,0,0,1,-1,-1,-1,1,-1
KR_6650952582,440,1,10,16,-4,2,1,3,-2,4,2,-4,6,2,-2,4,2,2,0,2,0,-4,-1,-1,-3,4,-4,0,-1,1,-1,-1,-1,2,-1
KR_6758892499,440,2,-13,52,2,3,1,4,2,3,5,-9,9,0,-3,3,0,9,0,9,1,6,-238,-2,-2,4,4,0,0,1,0,0,1,6,-1
KR_6695945861,420,-4,35,-57,-9,0,2,2,-12,12,0,-3,4,1,1,1,2,5,0,5,0,-6,-14,-3,-5,8,6,0,-1,-1,-1,-1,-1,4,-1
KR_6667820509,420,0,-54,34,-2,2,2,4,-2,4,2,-2,3,1,-2,3,1,2,1,3,1,0,199,-1,-3,4,2,0,-1,1,-1,-1,1,5,-1
KR_6764134804,440,0,8,-20,2,4,2,6,3,1,4,-2,4,2,-4,5,1,1,1,2,0,6,323,-2,-3,5,2,0,0,-1,1,1,1,4,-1
KR_6762322904,420,-4,-75,12,-13,-1,2,1,2,3,5,1,3,4,-10,11,1,-5,5,0,1,-10,17,0,-3,3,-2,0,-1,1,0,-1,1,3,-1
KR_6577281363,420,2,25,-12,5,-2,5,3,5,3,8,0,2,2,2,2,4,0,0,0,1,18,2,-1,-5,6,-2,0,-2,1,-1,-1,1,1,-1
KR_6724205367,420,-2,14,-32,-5,-1,3,2,-2,4,2,1,2,3,2,3,5,-5,5,0,-2,-6,273,1,-4,3,6,0,-2,-1,-1,-1,-1,2,-1
KR_6694113005,420,-2,-28,-22,2,0,1,1,-2,5,3,-4,5,1,6,3,9,2,1,3,0,4,-5,0,-5,5,-2,0,0,-1,0,0,1,4,-1
KR_6614691586,420,-4,-119,-20,-9,-7,7,0,-2,3,1,-2,2,0,0,2,2,2,0,2,0,-3,20,0,-3,3,-4,0,-2,1,-1,-1,-1,5,-1
KR_6695351050,420,-4,-15,0,2,-1,2,1,-1,4,3,4,0,4,0,1,1,0,0,0,0,3,-2,0,-1,1,-1,0,0,1,-1,-1,-1,4,-1
KR_6645643341,420,-3,-23,4,-6,1,1,2,-2,8,6,-3,4,1,0,2,2,-2,3,1,0,-6,6,-1,-2,3,0,0,-1,1,1,-1,1,4,-1
KR_6763126623,420,-5,-31,-16,-3,4,2,6,-2,6,4,-2,4,2,-1,5,4,-2,2,0,0,-6,13,4,-6,2,-1,0,-2,1,0,-1,-1,4,-1
KR_6754382485,420,0,31,-25,2,1,0,1,-1,2,1,0,2,2,2,0,2,0,0,0,0,2,117,1,-2,1,2,0,0,-1,-1,0,1,4,-1
KR_6682818787,420,1,-40,28,3,1,4,5,1,2,3,3,0,3,0,1,1,-2,2,0,0,1,-228,-1,-2,3,27,0,-1,1,1,1,1,6,-1
KR_6749218524,440,3,9,12,3,-1,1,0,4,0,4,-2,3,1,0,4,4,2,4,6,0,7,-5,-2,-2,4,-1,0,0,-1,1,1,-1,5,-1
KR_6743165207,440,-5,-93,-20,-11,-3,5,2,1,3,4,-4,4,0,-5,6,1,0,0,0,0,-7,-33,-3,0,3,2,0,-1,1,-1,-1,-1,4,-1
KR_6621617101,420,-3,-61,28,-9,-5,6,1,-2,5,3,1,2,3,0,1,1,-3,5,2,0,-10,-21,0,-5,5,2,0,-1,1,1,-1,-1,2,-1
KR_6680241982,440,0,-9,-14,-7,-6,6,0,-3,4,1,0,1,1,3,2,5,-1,3,2,0,0,-106,0,-7,7,-5,0,0,-1,-1,0,-1,2,-1
KR_6758260295,420,-1,-3,-36,-5,-1,2,1,-3,6,3,-1,3,2,1,2,3,-1,1,0,-1,-8,-15,-3,-1,4,-1,0,0,-1,1,0,-1,2,-1
KR_6626286081,420,-5,-75,-16,-4,0,4,4,-5,7,2,0,2,2,2,0,2,-1,1,0,0,-1,-4,-3,-3,6,2,0,-2,-1,-1,-1,-1,4,-1
KR_6743810922,420,-2,-50,0,-11,0,0,0,-4,5,1,-4,5,1,-3,3,0,0,0,0,0,-13,41,0,-3,3,-28,0,-2,-1,-1,-1,-1,2,-1
KR_6727950696,440,-3,10,-24,-1,2,1,3,0,3,3,-1,3,2,-2,3,1,0,1,1,0,-3,-77,1,-5,4,7,0,0,-1,0,0,1,1,-1
KR_6695201595,420,-9,-138,-28,-17,-1,2,1,-3,3,0,-8,8,0,-6,7,1,1,3,4,-1,-14,-4,1,-5,4,-1,0,-5,-1,-1,-1,1,2,-1
KR_6680429811,420,-3,-29,5,-11,-11,12,1,0,1,1,4,2,6,-2,6,4,-2,3,1,-4,-17,0,-1,0,1,-1,0,-1,-1,-1,-1,-1,3,-1
KR_6764517468,440,3,6,24,2,3,2,5,-1,3,2,-3,4,1,3,4,7,0,0,0,-2,0,0,4,-8,4,-5,0,1,-1,1,1,-1,2,-1
KR_6761742569,420,-2,-84,-8,-2,1,0,1,2,1,3,-5,8,3,-1,4,3,1,2,3,1,2,-4,-2,-5,7,-5,0,-1,-1,-1,-1,1,3,-1
KR_6614316115,420,3,21,-1,7,-1,2,1,-1,4,3,4,0,4,2,2,4,3,0,3,0,7,-18,2,-5,3,6,0,0,1,-1,0,-1,2,-1
KR_6734433622,420,-1,-5,-30,-6,-1,3,2,0,2,2,-2,2,0,-2,6,4,-1,1,0,-1,-8,-4,-2,-3,5,5,0,-1,-1,-1,-1,-1,6,-1
KR_6668215136,420,-5,-25,8,-11,0,1,1,0,3,3,-2,3,1,-7,8,1,-2,3,1,1,-10,2,2,-6,4,-6,0,-2,1,-1,-1,1,2,-1
KR_6753676579,420,-5,-105,-28,-11,-1,4,3,-3,4,1,-5,5,0,-3,3,0,1,0,1,0,-8,-2,-1,-6,7,1,0,-1,-1,-1,-1,-1,5,-1
KR_6673137137,420,-1,-13,4,-2,-3,3,0,-1,3,2,1,4,5,-2,3,1,3,0,3,0,-5,0,-5,0,5,-1,0,-1,-1,1,-1,1,1,-1
KR_6752809460,440,0,-44,-12,-2,-2,3,1,-4,4,0,4,0,4,1,1,2,-1,1,0,0,-5,-384,-2,0,2,-1,0,-1,0,-1,-1,-1,0,-1
KR_6659010393,420,-2,3,0,-5,0,1,1,-5,10,5,6,1,7,-6,7,1,0,0,0,-1,-6,-174,0,-2,2,-3,0,-1,-1,-1,-1,-1,5,-1
KR_6737084188,420,0,46,-24,3,-1,2,1,4,1,5,2,1,3,-2,5,3,0,0,0,0,4,-4,2,-5,3,0,0,0,0,-1,-1,-1,0,-1
KR_6731771507,420,-4,-88,-4,-10,-1,2,1,-1,2,1,-3,4,1,-3,8,5,-2,2,0,0,-12,7,1,-6,5,-4,0,-1,-1,-1,-1,-1,4,-1
KR_6681642437,420,-4,-71,-47,-10,-2,2,0,-3,3,0,-3,4,1,-4,5,1,2,2,4,0,-6,-5,0,-1,1,1,0,0,-1,-1,0,-1,2,-1
KR_6686430694,420,-3,5,4,-9,3,0,3,-12,15,3,1,2,3,-1,2,1,0,1,1,-1,-9,-4,-3,-3,6,0,0,0,0,-1,-1,-1,0,-1
KR_6742917800,420,1,55,4,8,3,4,7,0,1,1,2,1,3,0,2,2,3,1,4,0,0,-15,0,-4,4,3,0,1,-1,1,1,1,2,-1
KR_6754277087,420,-1,6,-42,3,2,3,5,0,3,3,-1,3,2,0,2,2,2,1,3,1,5,10,5,-5,0,-3,0,-1,-1,-1,-1,1,1,-1
KR_6732397030,420,0,1,1,1,-3,5,2,0,4,4,1,1,2,2,1,3,1,0,1,0,6,297,-1,-2,3,1,0,0,1,1,0,1,4,-1
KR_6756936803,420,-2,-4,16,-7,-2,2,0,-1,3,2,4,0,4,-6,9,3,-2,3,1,0,-6,2,3,-5,2,-1,0,1,-1,1,1,-1,6,-1
KR_6744743997,420,-6,-71,-16,-7,-3,3,0,-3,3,0,-3,5,2,0,4,4,2,2,4,0,1,204,-2,-2,4,-1,0,-3,1,-1,-1,1,3,-1
KR_6751003844,420,-1,-21,0,2,0,1,1,3,1,4,0,0,0,-2,4,2,1,0,1,0,2,-5,0,-3,3,-4,0,0,-1,1,1,-1,1,-1
KR_6725806292,420,-2,-45,-16,-2,5,0,5,-4,4,0,-3,3,0,-2,2,0,2,0,2,1,-8,-7,0,-2,2,2,0,0,-1,1,-1,1,1,-1
KR_6627566148,440,-1,-44,-15,-9,-3,4,1,-1,3,2,-4,5,1,0,4,4,-1,3,2,0,-11,-3,-4,0,4,-2,0,-1,-1,-1,-1,-1,1,-1
KR_6763262445,420,4,5,24,4,2,2,4,1,3,4,2,1,3,-1,3,2,0,0,0,0,2,13,-1,-2,3,4,0,1,1,0,1,1,1,-1
KR_6751408488,420,-8,-68,-32,-18,-3,3,0,-3,4,1,-3,3,0,-11,12,1,2,2,4,-1,-19,-1,-3,-2,5,-2,0,0,1,-1,-1,-1,4,-1
KR_6751878872,420,-2,-15,-13,4,-2,4,2,0,2,2,4,3,7,2,0,2,0,0,0,1,8,2,0,-4,4,-3,0,0,1,1,-1,1,3,-1
KR_6733328564,420,-3,-25,3,-4,-3,3,0,1,1,2,-3,4,1,2,3,5,-1,2,1,0,-2,131,1,-4,3,4,0,0,0,1,-1,-1,0,-1
KR_6718535413,420,-1,-51,-8,4,0,1,1,-2,3,1,2,1,3,4,1,5,0,0,0,0,6,-31,1,-6,5,2,0,-1,-1,-1,-1,-1,4,-1
KR_6759292745,420,-3,-4,-19,0,3,1,4,-2,5,3,-6,9,3,1,0,1,4,4,8,0,-7,-4,1,-4,3,-5,0,1,-1,1,1,1,6,-1
KR_6735219080,420,0,0,-12,-1,1,2,3,-4,7,3,-2,4,2,3,1,4,1,3,4,0,0,5,1,-5,4,0,0,0,-1,-1,-1,-1,2,-1
KR_6696514285,420,0,4,-36,-3,0,1,1,2,4,6,-3,5,2,-1,1,0,-1,1,0,0,0,-2,-3,-3,6,-1,0,0,-1,-1,1,-1,3,-1
KR_6764384384,420,-3,-58,-20,-4,-1,4,3,-1,3,2,1,1,2,-3,3,0,0,0,0,0,-10,1,-2,-3,5,0,0,0,-1,1,0,-1,2,-1
KR_6618074163,420,-3,63,-40,-6,1,0,1,-1,4,3,0,0,0,-7,7,0,1,0,1,2,-13,19,-3,-3,6,-3,0,1,-1,0,1,1,5,-1
KR_6756391864,420,-2,-52,-19,2,-1,1,0,-4,6,2,0,2,2,5,2,7,2,1,3,0,8,-14,-1,-3,4,2,0,0,-1,0,0,1,6,-1
KR_6756452633,440,3,40,28,7,9,0,9,-3,3,0,6,2,8,-4,5,1,-1,3,2,0,5,11,-2,-1,3,1,0,2,0,1,1,1,0,-1
KR_6741475044,420,3,-10,10,5,2,3,5,3,2,5,2,2,4,1,4,5,-3,3,0,2,5,172,1,-2,1,-2,0,2,1,1,1,1,5,-1
KR_6740992066,420,-5,-36,-39,-2,-3,6,3,1,2,3,4,1,5,-2,5,3,-2,2,0,-2,-1,16,3,-3,0,-3,0,0,1,-1,0,-1,1,-1
KR_6428197629,420,-2,-18,-29,-7,1,0,1,1,1,2,-3,5,2,-3,4,1,-3,4,1,0,-4,0,2,-6,4,-1,0,-1,-1,1,-1,1,2,-1
KR_6760046248,420,1,59,-17,3,0,1,1,-4,4,0,-3,3,0,6,0,6,4,2,6,0,5,37,-3,-2,5,-2,0,0,-1,-1,0,1,1,-1
KR_6119771422,420,-1,-25,0,-6,-2,2,0,-4,5,1,-1,1,0,1,3,4,0,2,2,0,-1,-4,-3,0,3,-2,0,0,-1,1,0,-1,2,-1
KR_6742937892,420,-3,-47,-1,-7,0,1,1,3,2,5,0,1,1,-8,8,0,-2,2,0,0,-7,-7,3,-3,0,-4,0,-1,-1,0,-1,-1,4,-1
KR_6741238179,420,0,91,28,-1,1,0,1,0,2,2,1,4,5,-1,3,2,-2,3,1,0,-5,-2,-1,-6,7,-1,0,0,-1,1,0,1,4,-1
KR_6242848195,420,-2,-51,4,-6,-2,3,1,3,1,4,5,1,6,-9,11,2,-3,4,1,0,-2,39,2,-4,2,-2,0,-1,-1,-1,-1,-1,3,-1
KR_6755280548,420,-1,-10,16,-4,-1,1,0,0,3,3,2,2,4,-3,8,5,-2,3,1,0,-2,-33,-1,-2,3,1,0,0,-1,-1,0,1,5,-1
KR_6713535404,420,-2,-54,-34,2,-4,5,1,5,1,6,3,0,3,-2,4,2,0,2,2,0,1,6,3,-5,2,-9,0,-1,1,-1,-1,-1,6,-1
KR_6757092567,420,-3,-53,-8,-10,0,1,1,-4,4,0,-5,6,1,1,3,4,-2,2,0,0,-10,-5,-4,-3,7,1,0,-1,1,0,-1,1,6,-1
KR_6595705220,420,-4,-101,-50,-9,-4,5,1,0,1,1,-4,4,0,-1,3,2,0,1,1,0,-9,-2,-3,0,3,-1,0,-1,0,1,-1,1,0,-1
KR_6734834193,420,-4,-53,-1,-15,-5,5,0,0,2,2,-3,6,3,-6,7,1,-1,2,1,0,-14,-9,-3,-2,5,-3,0,-3,1,-1,-1,-1,4,-1
KR_6676829336,420,-2,6,32,-9,-1,1,0,0,3,3,-2,4,2,-3,9,6,-3,4,1,0,-6,-5,-2,-3,5,2,0,-1,-1,-1,-1,-1,2,-1
KR_6752226200,420,-2,-77,12,-8,-6,6,0,0,4,4,4,0,4,-3,4,1,-3,3,0,0,-11,-167,2,-6,4,-1,0,1,-1,1,1,-1,6,-1
KR_6735478394,440,3,89,-1,2,5,0,5,-2,2,0,-1,3,2,0,0,0,0,1,1,0,-5,3,-1,-1,2,0,0,2,-1,1,1,1,5,-1
KR_6748120537,420,-3,-117,-20,-4,0,1,1,-2,3,1,1,1,2,-1,1,0,-2,2,0,0,-3,-25,3,-7,4,-2,0,-1,-1,-1,-1,-1,3,-1
KR_6752102990,440,-1,-58,-42,-5,-6,6,0,1,3,4,-2,6,4,2,3,5,0,2,2,0,-1,1,-1,-8,9,1,0,-1,-1,0,-1,-1,1,-1
KR_6759501005,420,1,-27,16,0,3,0,3,-2,3,1,2,3,5,-4,7,3,1,0,1,2,1,2,-2,-4,6,2,0,0,-1,0,0,1,5,-1
KR_6718066038,420,-2,-87,-24,-2,-1,3,2,-1,3,2,-3,3,0,2,0,2,1,0,1,0,4,3,-4,-3,7,0,0,-1,-1,1,-1,-1,2,-1
KR_6633492676,420,0,-27,-1,-4,-2,4,2,-2,4,2,-1,3,2,-1,1,0,2,0,2,-1,-5,67,-2,-1,3,-1,0,0,0,0,0,-1,0,-1
KR_6691251302,420,-2,-98,-25,1,3,0,3,0,2,2,-1,5,4,-1,3,2,0,2,2,0,-3,-4,-7,-2,9,0,0,-1,-1,-1,-1,1,1,-1
KR_6697103082,420,-4,-35,-20,-1,-2,2,0,-2,2,0,0,5,5,3,1,4,0,0,0,0,-3,2,-3,-6,9,1,0,0,-1,1,0,1,2,-1
KR_6725392061,420,1,-13,47,2,-1,2,1,2,2,4,-1,1,0,1,1,2,1,0,1,0,-2,8,3,-6,3,-4,0,2,1,1,1,1,3,-1
KR_6472023894,420,0,-18,-11,-2,3,0,3,-1,1,0,-2,2,0,-3,3,0,1,1,2,0,-3,-3,4,-7,3,0,0,0,-1,1,-1,1,2,-1
KR_6705706258,420,0,10,0,-4,-3,3,0,-3,4,1,2,1,3,2,1,3,-2,2,0,-1,-8,3,5,-5,0,1,0,1,-1,-1,1,-1,6,-1
KR_6740816209,420,0,-13,-4,-4,0,2,2,3,0,3,0,4,4,-7,7,0,0,3,3,0,-9,8,-1,-5,6,-3,0,0,-1,1,1,-1,2,-1
KR_6763233439,420,0,-16,-16,-1,0,1,1,4,0,4,-6,8,2,1,3,4,0,2,2,0,1,6,6,-9,3,-5,0,-2,1,-1,-1,1,3,-1
KR_6724184789,420,-3,-21,3,-10,-4,4,0,4,0,4,-3,5,2,-5,6,1,-2,3,1,-1,-13,-2,-2,-4,6,-1,0,-2,-1,1,-1,-1,2,-1
KR_6752006926,440,-1,-48,-20,2,3,0,3,0,3,3,0,0,0,-1,4,3,0,1,1,1,4,-1,-1,-1,2,-1,0,0,-1,1,0,1,2,-1
KR_6676884557,420,-4,-102,-3,-9,-2,2,0,-2,3,1,1,1,2,-7,7,0,1,0,1,0,-9,-22,0,-4,4,-5,0,-2,-1,1,-1,-1,4,-1
KR_6761430702,420,-1,-13,20,6,-1,2,1,0,4,4,4,0,4,3,0,3,0,1,1,0,7,39,4,-4,0,-1,0,0,1,1,0,-1,5,-1
KR_6207781273,420,-4,-50,16,-7,2,1,3,1,2,3,-2,2,0,-8,9,1,0,3,3,-1,-9,0,1,-9,8,-1,0,-2,-1,-1,-1,-1,2,-1
KR_6751854865,420,0,23,-9,-8,3,0,3,-4,5,1,-6,8,2,-1,4,3,0,2,2,0,-13,155,-7,-1,8,4,0,-1,-1,-1,1,1,3,-1
KR_6745196375,420,-2,-2,16,-5,-2,3,1,6,3,9,-8,8,0,0,4,4,-1,2,1,-1,2,-132,-2,-3,5,5,0,-1,1,-1,-1,-1,3,-1
KR_6762106232,420,0,-15,-4,2,-6,6,0,6,0,6,-3,3,0,3,1,4,2,1,3,0,10,-5,-3,0,3,1,0,1,-1,0,-1,1,1,-1
KR_6764600901,440,0,14,-3,-2,-5,6,1,1,0,1,-1,1,0,3,0,3,0,0,0,0,1,327,2,-4,2,1,0,1,1,1,1,1,6,-1
KR_6752354174,420,-2,-18,-12,-4,0,3,3,-3,7,4,2,2,4,-2,4,2,-1,3,2,0,-15,113,2,-4,2,-2,0,1,1,1,1,-1,4,-1
KR_6732037161,420,1,-29,-8,6,-1,1,0,4,0,4,-2,3,1,4,1,5,1,2,3,0,10,-2,0,-5,5,3,0,-1,1,-1,-1,1,4,-1
KR_6717619989,420,0,-96,-7,-2,-3,5,2,-2,2,0,-3,5,2,5,2,7,1,0,1,0,5,-5,3,-5,2,2,0,0,1,0,-1,-1,6,-1
KR_6700765352,420,0,12,10,-2,0,4,4,3,2,5,-2,5,3,-6,10,4,3,1,4,0,6,-5,-6,-6,12,-4,0,-1,-1,1,-1,-1,6,-1
KR_6748820577,420,-1,-30,17,-8,0,1,1,-3,7,4,2,1,3,-5,7,2,-2,2,0,0,-2,-286,5,-5,0,-1,0,-1,-1,1,-1,1,1,-1
KR_6751003970,440,1,55,-24,6,-2,3,1,6,1,7,1,0,1,2,5,7,-1,2,1,1,11,-6,9,-9,0,-1,0,1,-1,1,1,1,1,-1
KR_6763055036,420,-1,11,-13,-6,1,0,1,-5,7,2,-3,4,1,-1,4,3,2,1,3,0,0,-138,-4,-1,5,1,0,0,0,1,1,1,0,-1
KR_6716472300,420,1,4,-8,3,1,1,2,13,0,13,-9,9,0,-4,6,2,2,2,4,0,10,-30,0,-2,2,5,0,-1,1,1,-1,-1,3,-1
KR_6724195352,420,3,55,-8,6,-1,3,2,4,0,4,-1,3,2,1,0,1,3,0,3,0,9,-3,-2,-2,4,3,0,2,1,1,1,1,2,-1
KR_6761042158,420,-1,8,-50,4,2,0,2,1,0,1,3,1,4,-1,3,2,-1,1,0,1,0,-3,-1,-3,4,2,0,0,0,1,0,1,0,-1
KR_6756834841,420,-6,-111,-8,-7,-4,4,0,-1,3,2,1,2,3,-4,6,2,1,3,4,-1,-12,-20,-7,-1,8,0,0,-1,-1,1,-1,-1,4,-1
KR_6757023338,420,0,-41,40,6,0,2,2,4,1,5,1,1,2,1,2,3,0,2,2,0,1,29,4,-5,1,1,0,0,1,-1,0,-1,4,-1
KR_6621541393,420,-2,39,0,0,2,1,3,-5,7,2,0,1,1,-2,3,1,5,1,6,0,5,-2,2,-6,4,1,0,-1,1,-1,-1,1,2,-1
KR_6752003401,420,-3,-32,-8,-9,-3,4,1,-4,5,1,-2,2,0,1,1,2,-1,1,0,0,-1,60,0,-4,4,-36,0,-1,-1,1,-1,-1,4,-1
KR_6738410173,440,-1,10,28,-7,0,2,2,-7,7,0,-1,3,2,0,4,4,1,0,1,0,-6,8,-3,-2,5,7,0,0,-1,1,0,-1,2,-1
KR_6761047045,420,-1,27,-4,2,3,0,3,-1,5,4,-2,2,0,0,2,2,2,0,2,0,3,-31,4,-5,1,-2,0,0,1,-1,1,-1,4,-1
KR_6763813918,420,-2,-68,-37,-7,2,3,5,-1,3,2,-1,2,1,-3,7,4,-4,4,0,0,-6,-32,-4,-1,5,4,0,-2,-1,-1,-1,1,4,-1
KR_6717660986,420,6,57,5,1,2,0,2,2,0,2,1,2,3,-4,4,0,0,0,0,1,-7,19,3,-4,1,0,0,2,1,1,1,1,1,-1
KR_6760958303,440,-1,-13,12,-3,1,1,2,1,3,4,-1,1,0,-3,3,0,-1,2,1,0,-3,349,4,-6,2,4,0,0,1,1,1,1,5,-1
KR_6743475039,420,-2,-47,-14,-5,-1,2,1,-3,4,1,-1,2,1,-1,4,3,1,1,2,0,-5,-9,-1,-6,7,0,0,0,-1,0,-1,-1,2,-1
KR_6741845679,420,-1,-26,6,4,-5,5,0,-2,6,4,-2,2,0,13,0,13,0,0,0,1,14,-1,-4,-1,5,1,0,0,-1,1,-1,-1,5,-1
KR_6716336270,420,0,24,25,6,0,2,2,3,1,4,-2,3,1,3,0,3,2,0,2,0,15,49,3,-4,1,1,0,0,1,1,0,-1,1,-1
KR_6688974460,420,0,-26,-21,-1,1,2,3,-5,8,3,1,1,2,1,1,2,1,1,2,0,0,2,3,-6,3,-1,0,0,-1,1,0,-1,5,-1
KR_6753186165,420,-5,-21,7,-10,-2,3,1,-1,1,0,-5,6,1,-2,6,4,0,1,1,0,-13,14,-6,-1,7,1,0,-1,0,-1,-1,-1,0,-1
KR_6673104989,420,-4,-56,12,-10,0,2,2,-5,7,2,-7,8,1,-1,4,3,3,1,4,1,-10,103,-1,-3,4,-3,0,-1,1,1,-1,1,4,-1
KR_6618981564,420,1,24,-20,4,0,5,5,-2,4,2,4,1,5,2,4,6,0,1,1,-1,-5,-22,1,-5,4,-2,0,0,-1,-1,0,-1,1,-1
KR_6750360137,420,3,26,21,8,-3,6,3,3,0,3,2,0,2,5,1,6,1,1,2,0,8,2,1,-2,1,1,0,0,0,1,-1,1,0,-1
KR_6754507016,440,-1,-18,1,-3,-3,8,5,2,2,4,0,2,2,-3,7,4,1,0,1,0,-6,1,0,-3,3,-1,0,1,-1,0,1,1,4,-1
KR_6717808709,420,-2,-108,-8,3,2,1,3,0,2,2,0,1,1,2,3,5,-1,1,0,0,5,-8,-3,-2,5,1,0,-1,-1,-1,-1,1,1,-1
KR_6763985084,420,3,51,0,1,1,0,1,0,2,2,-1,7,6,1,4,5,0,1,1,0,3,275,3,-6,3,0,0,0,0,-1,-1,-1,0,-1
KR_6760620414,420,-8,-109,-14,-15,-6,6,0,0,1,1,-4,4,0,-2,3,1,-3,4,1,0,-11,202,-1,-3,4,-6,0,-4,-1,-1,-1,1,5,-1
KR_6760254854,420,-2,-50,6,-2,0,0,0,-2,6,4,1,2,3,1,2,3,-2,2,0,0,-1,2,-2,-2,4,-1,0,1,1,1,1,-1,1,-1
KR_6752028272,440,-1,-50,-24,-8,-2,2,0,-4,7,3,-3,3,0,1,1,2,0,4,4,2,-2,3,3,-3,0,-2,0,-1,-1,1,-1,1,2,-1
KR_6718352824,420,-2,-55,-14,0,0,2,2,-6,6,0,-1,2,1,7,1,8,0,1,1,1,6,6,1,-5,4,-2,0,-1,1,-1,-1,1,4,-1
KR_6719774621,420,-7,-79,-5,-8,-9,10,1,-2,2,0,0,1,1,3,1,4,0,0,0,0,-3,-18,1,-3,2,1,0,-3,-1,-1,-1,-1,5,-1
KR_6742807132,420,-3,0,3,-2,2,1,3,2,1,3,1,2,3,-1,2,1,-6,7,1,0,-7,6,-1,-4,5,0,0,-1,1,-1,-1,-1,2,-1
KR_6678185972,420,-3,0,-27,-6,0,2,2,-2,7,5,0,3,3,-3,4,1,-1,2,1,0,-5,4,-1,-4,5,-1,0,-1,1,-1,-1,-1,6,-1
KR_6662117712,420,-2,-67,-28,-4,-3,3,0,0,4,4,3,1,4,-4,6,2,0,0,0,0,-6,141,-1,-5,6,0,0,-1,1,1,-1,-1,5,-1
KR_6189738970,420,-2,-91,-31,-5,3,1,4,0,1,1,-5,6,1,-2,3,1,-1,1,0,0,-3,-5,-1,-6,7,3,0,-1,-1,0,-1,-1,1,-1
KR_6636462593,440,-2,-1,7,-4,1,1,2,3,1,4,-5,5,0,0,4,4,-3,5,2,0,-3,-220,2,-6,4,-1,0,0,-1,-1,0,-1,6,-1
KR_6721966239,420,-3,-9,20,-6,-3,4,1,0,2,2,4,0,4,-4,6,2,-3,3,0,0,-14,-1,-1,-4,5,1,0,0,-1,1,0,1,1,-1
KR_6751858322,420,-3,-13,-20,-4,0,2,2,-3,4,1,-1,2,1,-1,5,4,1,1,2,0,-10,-2,-2,-1,3,-2,0,-1,-1,-1,-1,1,5,-1
KR_6741013365,420,-1,15,-20,-3,-1,1,0,-1,1,0,-1,2,1,0,6,6,0,3,3,0,-3,-12,-4,-3,7,0,0,-1,-1,-1,-1,1,3,-1
KR_6675932916,420,0,-17,20,-7,1,2,3,-4,4,0,-1,5,4,0,5,5,-3,3,0,-1,-12,9,4,-8,4,-7,0,0,-1,1,-1,-1,1,-1
KR_6499050991,420,0,-28,14,-3,0,1,1,-1,1,0,0,1,1,-3,5,2,1,1,2,0,-3,-2,0,-4,4,5,0,0,-1,1,0,1,4,-1
KR_6761181999,420,-6,-161,-23,-3,1,1,2,0,3,3,1,1,2,-5,7,2,0,2,2,0,0,-537,-4,-1,5,21,0,-1,0,-1,-1,1,0,-1
KR_6739545779,420,-4,13,-56,-9,0,0,0,-3,6,3,-3,3,0,-2,3,1,-1,3,2,-3,-8,-1,-3,0,3,-5,0,-2,0,-1,-1,-1,0,-1
KR_6655833277,420,-5,-70,0,-16,-7,7,0,-1,1,0,-4,4,0,-3,4,1,-1,1,0,0,-16,-6,0,-3,3,-6,0,-2,-1,-1,-1,-1,1,-1
KR_6643012568,440,-3,46,-24,1,-3,4,1,1,1,2,0,2,2,1,0,1,2,0,2,1,6,-7,3,-6,3,4,0,0,0,0,0,1,0,-1
KR_6744377213,420,-8,-31,-61,-17,-1,1,0,-4,4,0,1,0,1,-6,7,1,-7,7,0,0,-16,121,-1,-2,3,-2,0,-1,1,-1,-1,1,3,-1
KR_6744157835,420,1,-110,4,1,3,1,4,2,2,4,-1,3,2,0,6,6,-3,3,0,-1,0,194,-1,-4,5,1,0,-1,0,-1,-1,-1,0,-1
KR_6742378330,440,-1,-101,10,-2,-6,10,4,5,0,5,3,1,4,-1,5,4,-3,5,2,1,2,-1,0,-3,3,-2,0,0,1,1,-1,1,4,-1
KR_6744383656,420,2,55,-14,2,1,2,3,0,3,3,4,1,5,-5,6,1,2,0,2,1,-1,351,-2,-3,5,7,0,0,-1,-1,0,1,1,-1
KR_6725883747,420,-3,-61,-20,-4,-2,2,0,2,0,2,-2,4,2,-2,5,3,0,1,1,-1,-6,13,-2,-3,5,-1,0,0,-1,0,0,-1,2,-1
KR_6717497024,440,5,67,-1,18,3,2,5,3,1,4,5,2,7,7,1,8,0,2,2,1,12,-5,-1,-4,5,5,0,1,0,-1,1,1,0,-1
KR_6755127403,420,-3,-13,12,-6,-1,1,0,-3,4,1,-2,4,2,1,1,2,-1,1,0,0,-5,-27,1,-3,2,27,0,0,1,-1,-1,1,6,-1
KR_6629896475,420,1,-2,6,-3,3,0,3,-5,6,1,-2,6,4,1,5,6,0,1,1,1,-5,2,4,-7,3,1,0,1,-1,-1,-1,1,4,-1
KR_6702737887,420,-1,-12,11,1,0,1,1,-3,4,1,0,1,1,3,2,5,1,0,1,0,8,-1,1,-8,7,2,0,0,0,0,0,1,0,-1
KR_6751966078,420,-2,-73,-40,-10,-6,6,0,0,3,3,-3,4,1,3,2,5,-4,4,0,0,-2,9,2,-3,1,-3,0,-1,-1,-1,-1,-1,3,-1
KR_6759825058,440,1,-40,1,2,-1,1,0,0,2,2,1,1,2,-1,2,1,3,1,4,0,1,-9,-3,-1,4,0,0,-1,1,-1,-1,1,6,-1
KR_6763335542,420,0,-12,0,-1,1,0,1,2,1,3,-4,5,1,-5,5,0,5,0,5,0,2,-5,-2,-3,5,4,0,0,-1,-1,-1,1,1,-1
KR_6731175622,420,2,-37,-8,3,-2,3,1,1,2,3,1,1,2,1,1,2,2,0,2,0,3,-44,0,-2,2,26,0,-1,0,0,-1,-1,0,-1
KR_6690983461,420,-6,-35,-53,-14,2,2,4,-5,5,0,2,0,2,-13,15,2,0,1,1,0,-17,86,6,-6,0,-3,0,-1,1,0,-1,1,4,-1
KR_5856065676,420,1,16,36,-1,5,2,7,-2,2,0,-6,6,0,3,2,5,-1,3,2,0,6,-6,4,-6,2,-4,0,1,1,-1,1,-1,5,-1
KR_6739260837,420,-2,-35,-28,1,1,1,2,1,2,3,2,3,5,-4,5,1,1,1,2,-1,1,-59,-2,-2,4,17,0,0,-1,1,0,-1,5,-1
KR_6528645406,420,0,-70,8,3,2,0,2,2,0,2,0,4,4,-1,2,1,0,0,0,0,3,-14,0,-3,3,-1,0,0,-1,-1,-1,-1,4,-1
KR_6693285691,420,1,-6,-4,1,3,1,4,3,0,3,-3,6,3,-2,3,1,0,1,1,0,2,1,0,-3,3,-2,0,1,-1,1,-1,-1,5,-1
KR_6734744726,420,-6,-51,-28,-7,0,0,0,0,5,5,-5,6,1,-3,3,0,1,0,1,0,-3,119,-2,-4,6,2,0,0,-1,-1,-1,-1,6,-1
KR_6720732479,420,-1,50,20,4,-1,2,1,7,0,7,1,2,3,0,2,2,-3,3,0,1,8,-8,2,-7,5,-1,0,-2,-1,-1,-1,1,2,-1
KR_6730965919,420,4,26,24,4,0,5,5,-1,2,1,0,2,2,3,2,5,2,1,3,-1,4,2,0,-4,4,-2,0,2,1,1,1,-1,3,-1
KR_6666850784,420,-8,-116,-15,-20,-8,9,1,-3,3,0,-7,7,0,-3,5,2,1,0,1,0,-11,0,-2,-2,4,1,0,-5,1,-1,-1,-1,5,-1
KR_6763520266,420,-3,-70,-15,-3,4,2,6,1,1,2,-2,2,0,-7,12,5,1,1,2,-1,-7,2,-2,-3,5,3,0,-1,-1,-1,-1,-1,3,-1
KR_6731935896,420,0,-30,0,7,-2,3,1,5,2,7,0,3,3,2,2,4,2,0,2,0,12,-5,1,-2,1,-1,0,1,1,1,-1,1,1,-1
KR_6655456562,420,-1,-54,20,-3,-3,3,0,-3,4,1,3,2,5,2,5,7,-2,4,2,0,-2,30,3,-4,1,0,0,-2,1,-1,-1,1,5,-1
KR_6759751709,420,-3,-86,-12,-9,-4,5,1,1,2,3,3,2,5,-10,10,0,1,0,1,0,-9,2,-4,-2,6,0,0,-3,-1,0,-1,-1,5,-1
KR_6731443083,420,-8,-106,16,-11,-1,2,1,-3,3,0,-2,2,0,-1,2,1,-4,4,0,0,-19,-8,-2,-2,4,0,0,-3,-1,-1,-1,-1,2,-1
KR_6731432932,420,1,1,-16,-3,0,3,3,-4,6,2,-1,2,1,1,3,4,1,1,2,0,-1,-43,3,-6,3,30,0,0,-1,-1,-1,1,2,-1
KR_6729288341,420,-7,-61,-40,-22,-4,6,2,-6,7,1,-2,2,0,-6,6,0,-4,4,0,0,-20,-7,-4,0,4,1,0,-2,-1,-1,-1,1,2,-1
KR_6761833071,440,-2,38,-36,-5,-8,8,0,0,0,0,0,0,0,2,0,2,1,0,1,0,-4,-29,-1,-4,5,5,0,0,-1,0,0,-1,2,-1
KR_6637914776,420,1,-7,-3,3,-3,4,1,5,0,5,1,4,5,-1,4,3,1,0,1,1,0,-4,2,-3,1,-1,0,0,-1,1,1,1,2,-1
KR_6707489347,420,1,-49,7,-5,0,2,2,-6,7,1,-4,5,1,1,2,3,4,0,4,-1,-10,2,-4,-5,9,-3,0,0,1,-1,-1,-1,2,-1
KR_5683308998,420,-5,-1,-12,-10,3,2,5,-9,10,1,-4,4,0,1,2,3,-1,1,0,0,-15,-287,-1,-6,7,-4,0,-2,-1,-1,1,-1,4,-1
KR_6678476136,420,-1,15,-4,-7,-3,3,0,2,0,2,-7,8,1,0,5,5,1,1,2,0,0,-3,0,-5,5,-6,0,0,-1,-1,0,-1,3,-1
KR_6756812498,440,-6,-142,8,-14,-1,1,0,0,2,2,-8,9,1,-6,8,2,1,1,2,-2,-23,-31,-3,-1,4,0,0,-4,-1,-1,-1,-1,4,-1
KR_6700721203,420,-7,-89,-15,-9,-5,6,1,0,1,1,0,1,1,-2,4,2,-2,4,2,0,-9,-48,-6,-1,7,0,0,-2,-1,-1,-1,-1,6,-1
KR_6752181850,420,2,68,24,1,1,0,1,-2,3,1,1,1,2,-2,3,1,3,2,5,0,-1,-3,-3,0,3,0,0,0,0,0,0,1,0,-1
KR_6746627244,440,-6,-110,-28,-19,-4,5,1,-2,2,0,-7,9,2,-4,7,3,-2,3,1,0,-9,-5,0,-1,1,-4,0,-3,-1,0,-1,-1,1,-1
KR_6762918416,420,1,58,-4,-1,2,3,5,3,1,4,-1,2,1,-2,2,0,-3,3,0,2,0,-121,1,-3,2,5,0,3,-1,1,1,1,4,-1
KR_6754932655,420,0,9,-24,-2,2,0,2,1,0,1,-3,4,1,1,1,2,-3,4,1,-1,-6,5,0,-3,3,-3,0,0,-1,-1,0,-1,5,-1
KR_6733412651,420,-1,-15,8,-4,2,2,4,0,2,2,4,1,5,-8,9,1,-2,3,1,0,1,-259,1,-6,5,1,0,0,-1,1,-1,1,4,-1
KR_6700973330,420,-1,-30,-12,-6,0,4,4,-4,5,1,-3,5,2,1,0,1,0,3,3,-1,0,8,0,-3,3,-2,0,-1,0,-1,-1,-1,0,-1
KR_6739487668,440,-6,-17,20,-10,-6,6,0,-1,1,0,0,1,1,-1,6,5,-2,4,2,0,-9,-7,2,-4,2,1,0,-2,0,0,-1,-1,0,-1
KR_6758966042,420,-3,-32,-45,-3,-1,3,2,-1,3,2,1,0,1,0,1,1,-2,3,1,0,1,-6,-2,-3,5,2,0,-1,-1,1,-1,-1,1,-1
KR_6749860738,420,-5,-56,24,-15,0,2,2,-3,3,0,-1,3,2,-10,10,0,-1,3,2,-1,-18,-139,-4,0,4,0,0,-2,-1,1,-1,-1,4,-1
KR_6614453230,420,-1,-55,-47,-5,-1,1,0,2,2,4,-3,4,1,-2,4,2,-1,1,0,0,-9,-8,5,-8,3,-4,0,-1,-1,1,-1,-1,1,-1
KR_6761835607,420,-4,-10,-15,-8,-1,3,2,-3,4,1,-3,3,0,1,1,2,-2,3,1,0,-7,12,7,-9,2,-1,0,-2,-1,1,-1,1,5,-1
KR_6729446629,420,1,12,-4,-2,0,2,2,-1,6,5,1,3,4,-1,3,2,-1,1,0,0,5,2,1,-3,2,-1,0,0,-1,-1,-1,1,3,-1
KR_6727934723,420,-2,-57,-11,-10,-1,3,2,-1,4,3,-1,1,0,-4,4,0,-3,3,0,0,-6,-42,-2,-4,6,15,0,-2,-1,-1,-1,-1,4,-1
KR_6554736744,420,-1,-66,8,1,-2,2,0,7,2,9,-3,3,0,-1,1,0,0,3,3,0,3,13,-1,-3,4,1,0,-1,0,1,-1,1,0,-1
KR_6699626074,420,-2,7,-25,-10,0,1,1,-3,4,1,-1,2,1,-4,6,2,-2,2,0,-1,-17,-4,-2,-5,7,1,0,0,-1,-1,-1,-1,5,-1
KR_6613040778,420,-2,-74,15,-8,-6,6,0,3,2,5,-1,1,0,-4,4,0,0,0,0,0,-7,-2,-4,-3,7,0,0,0,1,-1,0,-1,2,-1
KR_6659317766,420,-3,2,11,-3,1,0,1,-1,2,1,0,3,3,-4,6,2,1,0,1,0,2,11,3,-7,4,-3,0,0,-1,1,0,-1,1,-1
KR_6571850142,420,-2,-65,0,-2,-3,3,0,-1,3,2,-4,4,0,5,2,7,1,1,2,0,-1,62,1,-5,4,-26,0,-1,-1,-1,-1,1,6,-1
KR_6633527877,420,3,14,22,6,2,3,5,-1,2,1,1,0,1,4,0,4,0,2,2,0,5,5,2,-4,2,-3,0,0,1,1,0,1,5,-1
KR_6742772435,420,2,47,13,6,1,0,1,0,1,1,2,1,3,2,3,5,1,4,5,0,5,7,5,-7,2,0,0,2,1,1,1,1,5,-1
KR_6713714286,420,-3,-48,28,-4,0,2,2,-1,3,2,-5,5,0,0,2,2,2,1,3,0,-2,1,0,-3,3,4,0,1,-1,1,1,-1,1,-1
KR_6759184292,440,-3,-77,-16,-6,-1,2,1,3,1,4,-4,5,1,-3,4,1,-1,2,1,0,-1,4,-1,-1,2,2,0,0,-1,-1,-1,-1,2,-1
KR_6720120436,420,-5,45,-55,1,2,1,3,-2,2,0,-2,3,1,1,0,1,2,3,5,0,-7,-36,0,-1,1,1,0,0,-1,1,-1,1,1,-1
KR_6668979040,420,0,35,14,-5,1,1,2,-2,2,0,0,0,0,-2,5,3,-2,2,0,1,-12,-9,1,-3,2,2,0,0,1,1,0,1,6,-1
KR_6695059995,420,1,-31,40,1,2,0,2,-2,5,3,0,3,3,0,4,4,1,1,2,0,-1,-1,2,-8,6,2,0,0,-1,1,0,1,4,-1
KR_6749170250,420,-1,-48,-4,-5,-1,2,1,-2,4,2,4,0,4,-4,9,5,-2,2,0,0,-4,-1,-2,-4,6,-1,0,-1,1,0,-1,-1,3,-1
KR_6762316610,420,-2,-67,18,-5,-3,3,0,-1,3,2,-2,2,0,1,1,2,0,1,1,0,-2,-8,-1,-5,6,4,0,0,0,0,0,-1,0,-1
KR_6683133701,420,0,-42,-24,1,3,0,3,0,1,1,-3,3,0,0,3,3,1,2,3,0,4,48,2,-3,1,-18,0,0,1,1,0,-1,5,-1
KR_6698593308,420,1,-3,-12,-1,-2,5,3,1,1,2,-2,3,1,2,0,2,0,1,1,0,-1,-5,-2,-7,9,0,0,0,1,-1,0,-1,2,-1
KR_6764324594,420,-2,-63,4,-14,-5,5,0,-5,7,2,-1,2,1,-2,4,2,-1,2,1,0,-10,-8,-4,-1,5,-5,0,-2,-1,-1,-1,-1,6,-1
KR_6702860284,420,-1,-15,-7,-1,0,3,3,0,4,4,-3,4,1,2,2,4,0,1,1,0,1,-18,1,-6,5,0,0,1,-1,1,1,-1,5,-1
KR_6709056968,420,0,1,-12,6,-1,2,1,5,2,7,5,3,8,-2,3,1,-1,1,0,0,8,6,3,-7,4,-3,0,0,1,-1,-1,-1,6,-1
KR_6652726010,420,-5,-79,-24,-17,-1,3,2,-2,4,2,-9,10,1,-3,4,1,-2,3,1,-1,-6,-37,2,-4,2,16,0,-2,-1,-1,-1,-1,2,-1
KR_6758705403,420,-2,5,-4,-9,1,2,3,-4,5,1,-3,3,0,-1,4,3,-2,2,0,0,-11,-23,-3,-2,5,2,0,0,-1,-1,0,-1,1,-1
KR_6659036339,440,0,-3,-43,0,4,1,5,-7,7,0,4,1,5,-1,2,1,0,0,0,-1,-4,9,4,-4,0,1,0,1,-1,1,1,-1,4,-1
KR_6753142408,420,-2,18,-11,-3,-6,9,3,-2,2,0,2,3,5,5,1,6,-2,3,1,-1,-4,-312,-4,0,4,1,0,0,1,-1,-1,-1,6,-1
KR_6702987042,420,-1,49,-24,5,0,1,1,0,1,1,2,1,3,4,1,5,-1,2,1,0,3,11,-1,-1,2,-2,0,0,1,-1,0,1,2,-1
KR_6743074155,440,-2,4,-13,-2,3,0,3,-4,6,2,1,0,1,0,2,2,-2,2,0,0,-3,4,2,-5,3,-2,0,0,-1,1,0,1,4,-1
KR_6658580024,420,-3,-28,-8,-3,0,1,1,2,3,5,-4,4,0,-3,5,2,2,0,2,2,6,3,-4,-4,8,2,0,0,1,-1,0,1,1,-1
KR_6609489618,420,-1,-51,-20,-2,1,0,1,1,2,3,-1,3,2,-3,4,1,0,0,0,0,-2,-4,-5,-1,6,0,0,-1,0,-1,-1,-1,0,-1
KR_6645435549,420,-4,-38,-10,-12,-1,2,1,4,4,8,-4,5,1,-6,7,1,-5,5,0,0,-8,-7,-1,-4,5,-6,0,0,1,-1,-1,1,6,-1
KR_6678828146,420,1,14,12,1,-2,3,1,2,4,6,1,2,3,-1,4,3,1,1,2,-1,6,-1,-3,-3,6,-3,0,0,1,1,1,-1,4,-1
KR_6753422690,420,-6,-87,-20,-6,4,1,5,-1,2,1,-4,6,2,-4,5,1,-1,5,4,0,-6,-8,-3,-2,5,2,0,-4,-1,-1,-1,1,5,-1
KR_6742979256,440,-5,-77,6,-12,-2,6,4,-7,9,2,-5,7,2,0,2,2,2,2,4,1,-9,10,1,-4,3,-5,0,-1,-1,-1,-1,1,2,-1
KR_6675912262,420,0,-2,29,-1,1,0,1,1,2,3,-7,7,0,4,1,5,0,2,2,0,-5,0,2,-5,3,-4,0,0,1,-1,-1,1,1,-1
KR_6619675710,420,3,-17,20,10,-5,7,2,2,0,2,2,2,4,4,0,4,7,0,7,0,17,2,-2,-1,3,0,0,0,0,-1,1,1,0,-1
KR_6632532070,420,3,10,41,2,-4,5,1,1,2,3,0,1,1,2,1,3,3,0,3,0,1,0,-5,-2,7,-7,0,-3,-1,-1,-1,-1,1,-1
KR_6729200684,420,-3,-82,24,-10,2,0,2,-1,3,2,-5,7,2,-6,6,0,0,2,2,0,-7,-6,-3,-1,4,-1,0,0,-1,1,1,1,5,-1
KR_6752154411,420,-1,4,-12,-4,-3,6,3,-2,4,2,2,0,2,-1,3,2,0,1,1,0,-11,-18,1,-5,4,2,0,2,-1,1,1,-1,1,-1
KR_6671602296,420,-1,-55,-16,-1,-2,3,1,1,0,1,1,1,2,-3,6,3,2,1,3,0,5,1,3,-7,4,2,0,-1,1,-1,-1,-1,5,-1
KR_6749217316,420,-6,-61,-28,-19,-1,3,2,-3,6,3,-11,11,0,-5,6,1,1,0,1,-1,-8,-19,-2,0,2,1,0,-2,-1,-1,-1,-1,1,-1
KR_6747536484,420,-1,4,-4,-9,1,1,2,-3,3,0,-8,8,0,0,4,4,1,0,1,0,-7,-5,-2,-4,6,-1,0,-1,-1,-1,-1,-1,6,-1
KR_6708238249,420,0,-49,-4,-4,1,0,1,-6,6,0,-2,4,2,2,3,5,1,1,2,0,-4,5,-1,-2,3,3,0,0,-1,-1,-1,-1,4,-1
KR_6757431627,420,-2,-52,-32,-8,-4,6,2,-3,4,1,-1,1,0,0,1,1,0,2,2,-2,-6,-7,-1,-1,2,3,0,-3,-1,-1,-1,-1,1,-1
KR_6749866926,420,-1,-19,-16,1,0,0,0,0,1,1,-1,2,1,2,0,2,0,0,0,0,1,-9,-3,-3,6,5,0,-1,0,-1,-1,-1,0,-1
KR_6753293623,420,-3,-56,-4,-9,-3,5,2,-5,5,0,3,1,4,-3,5,2,-1,1,0,0,-4,-6,2,-3,1,-1,0,-3,-1,-1,-1,-1,6,-1
KR_6757269915,440,-4,-24,-49,-8,2,1,3,-1,4,3,-6,7,1,-3,3,0,0,0,0,0,-10,6,2,-4,2,-5,0,-1,-1,-1,-1,1,6,-1
KR_6723843012,420,-3,-27,4,-11,0,3,3,0,1,1,-4,5,1,-6,7,1,-1,1,0,-1,-7,346,-3,-2,5,2,0,-2,-1,-1,-1,-1,3,-1
KR_6750802836,440,1,-16,-19,0,2,0,2,2,0,2,-1,3,2,-3,3,0,0,0,0,0,-7,-17,-9,-1,10,7,0,-1,-1,-1,-1,1,1,-1
KR_6712897672,420,-1,37,4,-2,0,7,7,-2,2,0,-2,2,0,3,0,3,-1,1,0,0,-1,-28,-3,-4,7,4,0,1,0,-1,1,1,0,-1
KR_6746655008,440,-4,-45,-52,-4,0,0,0,0,3,3,1,1,2,-3,3,0,-2,2,0,0,-3,-13,-1,-3,4,-1,0,0,1,-1,0,1,3,-1
KR_6669652299,420,2,11,0,1,0,4,4,2,0,2,-7,8,1,4,1,5,2,2,4,-1,11,28,-1,-4,5,-2,0,0,-1,1,0,-1,1,-1
KR_6757028717,440,0,-24,65,-8,-3,4,1,-1,5,4,-1,4,3,-2,2,0,-1,5,4,-1,-9,1,-4,-3,7,2,0,-1,1,1,-1,-1,4,-1
KR_6720036603,420,-3,-80,-51,1,-1,2,1,0,4,4,3,5,8,-1,4,3,0,1,1,0,4,-20,5,-5,0,-4,0,2,-1,1,1,1,1,-1
KR_6759491522,440,-2,-79,-6,-4,2,2,4,-6,7,1,1,1,2,-1,2,1,0,2,2,0,-4,-3,-1,-1,2,-1,0,0,-1,0,0,-1,2,-1
KR_6761612024,440,-1,-99,16,-7,-3,3,0,0,5,5,-2,4,2,-1,3,2,-1,4,3,-1,-4,-5,-5,-1,6,3,0,0,1,0,0,-1,4,-1
KR_6760350079,440,-1,-106,28,0,-1,2,1,3,0,3,0,2,2,-1,3,2,-1,1,0,0,-4,-39,-1,-5,6,-3,0,-2,-1,-1,-1,-1,5,-1
KR_6736650846,420,0,-37,64,-1,-1,4,3,5,1,6,0,1,1,-4,4,0,-1,2,1,0,-9,-51,-4,-2,6,11,0,-1,0,1,-1,-1,0,-1
KR_6737520028,420,-3,-59,4,-11,-3,4,1,-1,2,1,-5,6,1,2,2,4,-4,4,0,0,-5,12,-8,-2,10,-1,0,0,-1,-1,0,1,6,-1
KR_6764612070,420,-1,-59,-9,-6,-3,4,1,1,4,5,1,2,3,-6,7,1,1,0,1,0,-3,333,-1,-3,4,-1,0,-1,-1,-1,-1,-1,6,-1
KR_6760174812,420,3,10,11,-1,0,1,1,-1,2,1,2,1,3,-3,5,2,1,0,1,0,-2,1,1,-5,4,-1,0,0,1,-1,0,-1,3,-1
KR_6727117955,420,-1,7,-20,1,-1,2,1,-1,5,4,3,2,5,1,0,1,-1,1,0,0,3,7,-1,-2,3,1,0,0,-1,-1,1,-1,6,-1
KR_6734616678,420,1,13,0,1,3,1,4,-3,3,0,-3,4,1,0,1,1,4,0,4,0,2,-11,-5,-2,7,1,0,0,0,-1,-1,-1,0,-1
KR_6762390665,420,-1,-10,14,-3,-1,1,0,-3,3,0,3,1,4,-2,2,0,0,0,0,0,-8,-1,-4,-2,6,1,0,1,-1,1,1,-1,4,-1
KR_6656910589,420,1,-85,6,-2,-3,4,1,0,2,2,0,2,2,4,0,4,-3,4,1,1,7,0,1,-3,2,-2,0,-1,1,-1,-1,1,4,-1
KR_6631636093,420,-6,-62,-45,-6,0,2,2,-4,5,1,-2,3,1,-1,1,0,1,0,1,0,-8,-5,-1,-3,4,-1,0,0,-1,1,1,1,4,-1
KR_6662778440,420,2,-32,29,1,4,0,4,1,1,2,0,3,3,-3,8,5,-1,5,4,-2,0,-9,-5,-2,7,3,0,-1,1,1,-1,-1,6,-1
KR_6697398032,420,1,36,-5,4,3,1,4,2,3,5,-3,4,1,6,1,7,-4,4,0,0,0,3,2,-3,1,-1,0,0,1,0,0,1,3,-1
KR_6720963971,440,0,-3,5,2,-4,6,2,4,3,7,2,5,7,0,0,0,0,2,2,0,-5,-106,1,-4,3,-3,0,0,-1,1,-1,1,2,-1
KR_6719688574,420,-1,27,-24,-3,0,2,2,5,1,6,-7,8,1,1,1,2,-2,3,1,0,-2,267,1,-4,3,1,0,0,1,1,-1,1,5,-1
KR_6687171525,420,1,5,-6,-6,-1,2,1,0,4,4,1,1,2,-2,5,3,-4,4,0,0,-9,-23,1,-6,5,1,0,0,-1,1,0,-1,1,-1
KR_6724183349,440,-4,-51,-31,-3,-4,6,2,-4,6,2,1,2,3,5,2,7,-1,1,0,1,3,64,0,-7,7,0,0,-1,0,1,-1,1,0,-1
KR_6740798503,420,4,10,-21,-4,2,0,2,2,1,3,1,2,3,-7,7,0,-2,2,0,0,-2,0,-1,0,1,-4,0,1,-1,1,1,1,1,-1
KR_6751749399,420,-3,22,-44,-5,0,2,2,0,4,4,-1,2,1,-5,6,1,1,0,1,0,-11,-4,0,-2,2,-1,1,3,-1,1,1,-1,5,-1
KR_6660562318,420,-3,9,-29,-7,-1,5,4,-5,7,2,-1,3,2,0,0,0,0,1,1,0,-10,-2,1,-6,5,-7,0,-1,1,-1,1,1,6,-1
KR_6759345723,420,-3,-54,-8,-10,-2,2,0,1,2,3,-6,8,2,-1,2,1,-2,2,0,-1,-10,-5,-2,-1,3,0,0,-1,0,-1,-1,-1,0,-1
KR_6640875189,420,1,-30,2,5,-2,4,2,3,1,4,-2,3,1,6,0,6,0,2,2,0,4,-9,1,-5,4,-3,0,1,-1,-1,1,1,3,-1
KR_6725064266,420,-3,-10,12,-10,-3,4,1,2,1,3,-7,9,2,-1,2,1,-1,2,1,0,-13,-18,2,-4,2,0,0,0,-1,-1,-1,-1,4,-1
KR_6560366947,440,0,-12,-24,2,2,0,2,0,0,0,2,0,2,-2,3,1,0,1,1,0,-1,-2,2,-4,2,-1,0,0,0,-1,0,1,0,-1
KR_6653194314,420,2,21,36,6,5,0,5,-1,2,1,-2,4,2,5,1,6,-1,1,0,0,4,-5,0,-5,5,2,0,0,1,-1,0,1,5,-1
KR_6750324832,440,-3,-123,8,-12,-5,7,2,0,1,1,-2,4,2,-6,8,2,1,0,1,-1,-4,24,1,-3,2,-2,0,0,0,1,0,-1,0,-1
KR_6745687478,420,-5,-48,-44,-13,-3,4,1,-3,4,1,-2,4,2,2,1,3,-7,8,1,-2,-14,6,-1,-4,5,-3,0,0,-1,1,-1,-1,5,-1
KR_6743562424,420,-3,64,-28,-11,-2,4,2,-1,2,1,1,1,2,-7,9,2,-2,4,2,0,-11,-3,-1,-6,7,1,0,0,-1,-1,0,1,2,-1
KR_6685500323,440,-3,-19,-28,-8,-2,2,0,-1,3,2,0,2,2,-2,4,2,-3,3,0,0,-7,2,3,-7,4,0,0,1,1,1,1,1,2,-1
KR_6726772864,420,1,78,0,1,-1,2,1,-3,5,2,3,0,3,2,4,6,0,0,0,0,2,12,2,-7,5,-1,0,0,1,-1,0,1,4,-1
KR_6757713310,420,-3,-50,12,1,1,0,1,3,1,4,-2,3,1,-1,2,1,0,2,2,1,0,2,2,-5,3,-2,0,0,0,1,0,1,0,-1
KR_6760166265,420,-2,-8,-12,-4,-9,9,0,1,0,1,2,4,6,4,2,6,-2,3,1,-1,-8,14,3,-8,5,-8,0,-1,1,-1,-1,-1,2,-1
KR_6692816921,420,-1,3,-50,0,-1,2,1,-1,3,2,3,0,3,0,4,4,-1,2,1,-1,-5,2,0,-2,2,-1,0,0,-1,0,0,-1,2,-1
KR_6752088997,420,-2,-49,12,-8,-4,4,0,4,1,5,-6,6,0,-1,2,1,-1,1,0,0,-5,-5,1,-4,3,-2,0,0,0,-1,-1,-1,0,-1
KR_6673890696,420,-2,74,-32,-9,4,0,4,0,2,2,-4,5,1,-2,3,1,-7,7,0,0,-7,20,0,-3,3,-2,0,0,-1,-1,1,-1,1,-1
KR_6734045538,440,2,-43,17,3,-1,2,1,3,1,4,0,0,0,1,0,1,0,2,2,1,11,5,4,-6,2,-2,0,0,0,0,0,1,0,-1
KR_6701753001,420,-2,-34,-11,-5,2,0,2,0,2,2,1,1,2,-3,4,1,-5,6,1,0,-9,-9,-3,-3,6,1,0,-1,-1,1,-1,-1,5,-1
KR_6735857856,420,2,-38,40,-5,3,1,4,-1,4,3,-2,3,1,-3,4,1,-2,2,0,0,-14,26,-1,-4,5,-5,0,1,1,1,1,-1,3,-1
KR_6754645804,420,5,75,34,12,2,2,4,0,2,2,9,1,10,0,1,1,1,1,2,1,18,0,3,-4,1,0,0,0,-1,1,1,1,3,-1
KR_6643447344,420,-2,-71,16,-3,-1,1,0,-4,5,1,1,1,2,1,4,5,0,1,1,0,0,40,5,-8,3,-14,0,0,-1,1,0,1,4,-1
KR_6750516803,420,1,1,1,5,-3,3,0,3,1,4,2,1,3,1,1,2,2,0,2,0,2,-49,3,-7,4,15,0,-1,-1,-1,-1,-1,1,-1
KR_5857762509,420,-1,-1,16,-11,-1,3,2,0,2,2,-9,11,2,0,4,4,-1,2,1,-2,-4,2,-3,-1,4,0,0,-2,1,-1,-1,-1,1,-1
KR_6761322507,420,-6,-12,-29,-17,-8,8,0,-8,9,1,0,0,0,-2,3,1,1,0,1,1,-5,10,0,-3,3,-1,0,1,-1,-1,1,1,5,-1
KR_6759206084,420,-2,-5,35,-4,0,2,2,-4,6,2,-1,6,5,2,1,3,-1,1,0,1,-1,3,-3,0,3,-1,0,1,1,-1,1,1,3,-1
KR_6610790616,420,3,57,-24,7,9,0,9,0,1,1,-1,6,5,0,3,3,-1,3,2,0,4,-13,0,-3,3,-1,0,4,-1,1,1,1,2,-1
KR_6640683756,420,-3,-32,-4,-5,-1,3,2,2,0,2,-3,6,3,-1,6,5,-2,2,0,0,-4,-5,-1,-1,2,-3,0,0,-1,1,0,-1,1,-1
KR_6717737970,420,-1,24,4,-7,1,0,1,2,2,4,-5,7,2,-4,6,2,-1,1,0,0,-11,3,-2,-5,7,1,0,0,-1,0,0,-1,2,-1
KR_6742717565,420,1,41,8,-1,3,1,4,-2,4,2,-4,5,1,-1,2,1,3,1,4,0,1,3,1,-5,4,-9,0,0,-1,1,0,1,1,-1
KR_6661862842,420,1,45,-4,-2,0,0,0,-9,10,1,1,1,2,5,0,5,1,1,2,0,-7,-28,0,-4,4,3,0,1,-1,1,1,-1,4,-1
KR_6674049778,420,-5,-18,-44,-6,-2,3,1,0,6,6,2,2,4,-4,4,0,-2,4,2,0,-1,253,0,-3,3,2,0,-1,0,-1,-1,1,0,-1
KR_6743204471,420,-3,-70,20,-4,-2,3,1,4,2,6,-1,1,0,-4,4,0,-1,2,1,0,-4,-10,-1,-2,3,1,0,0,1,0,0,1,6,-1
KR_6683021784,420,-2,-14,-12,-3,-5,5,0,-2,3,1,5,0,5,-1,4,3,0,1,1,0,2,-271,0,-2,2,0,0,0,-1,-1,-1,-1,4,-1
KR_6746142798,440,-3,-29,-8,-4,-7,11,4,1,1,2,-1,3,2,4,1,5,-1,3,2,-1,-3,-10,-5,-4,9,-3,0,-1,-1,1,-1,-1,1,-1
KR_6665612120,420,-2,33,-9,-4,2,2,4,-7,9,2,1,1,2,0,3,3,0,0,0,0,-5,-16,-5,-4,9,4,0,1,-1,1,1,1,1,-1
KR_6761817847,420,-3,-92,-24,-1,-3,4,1,-1,4,3,0,3,3,0,0,0,3,0,3,0,1,-409,-2,-4,6,-1,0,-1,-1,-1,-1,1,2,-1
KR_6763007800,440,1,-31,19,-1,-3,4,1,3,4,7,-3,5,2,2,1,3,0,0,0,1,11,3,5,-5,0,0,0,0,-1,0,0,1,5,-1
KR_6697018640,420,0,38,-10,-4,-1,1,0,0,0,0,-3,4,1,-5,7,2,5,0,5,0,-8,-13,5,-6,1,3,0,1,1,0,1,1,6,-1
KR_6716790584,420,-5,-8,17,-19,-3,3,0,-9,9,0,-6,9,3,1,0,1,-2,2,0,0,-12,34,-8,0,8,-15,0,0,0,0,0,-1,0,-1
KR_6732236820,420,1,1,-16,-2,0,3,3,0,4,4,-2,2,0,-4,4,0,4,1,5,1,-8,-12,-4,-4,8,8,0,0,-1,-1,1,1,6,-1
KR_6726548245,420,-5,-41,13,-8,1,0,1,-1,8,7,-2,2,0,-1,1,0,-5,7,2,0,-13,150,-3,-2,5,21,0,0,0,-1,-1,-1,0,-1
KR_6731568921,420,-2,69,-20,-3,4,1,5,-1,4,3,3,2,5,-6,10,4,-3,3,0,1,-9,-10,-1,-4,5,-1,0,1,-1,1,1,1,2,-1
KR_6609413088,420,-3,-92,-27,0,1,3,4,-2,2,0,-3,5,2,3,0,3,1,2,3,0,6,-47,1,-5,4,31,0,-2,-1,-1,-1,-1,4,-1
KR_6721249348,440,3,0,-4,5,1,3,4,5,0,5,-1,1,0,2,1,3,-2,4,2,1,10,-8,-1,-3,4,7,0,0,1,0,1,1,6,-1
KR_6752017366,420,-6,-136,-20,-11,-6,6,0,-3,3,0,-1,3,2,0,2,2,-1,1,0,0,-3,13,4,-6,2,-2,0,-2,-1,-1,-1,-1,6,-1
KR_6734496008,420,-1,46,-9,-2,3,1,4,-1,1,0,1,1,2,-3,3,0,-2,2,0,1,-2,-2,-4,-3,7,1,0,0,-1,1,1,1,1,-1
KR_6747704305,440,-4,-42,-23,-8,-11,14,3,1,0,1,5,0,5,-3,7,4,0,2,2,-1,-5,2,-1,-3,4,2,0,-1,-1,0,-1,-1,5,-1
KR_6206490771,420,0,-45,28,1,1,0,1,1,4,5,-3,5,2,2,1,3,0,3,3,0,1,2,3,-9,6,-2,0,-1,-1,1,-1,1,2,-1
KR_6759715411,420,-7,-157,-3,-7,2,1,3,-3,3,0,-3,7,4,-4,4,0,1,0,1,0,-11,-48,2,-6,4,-10,0,-2,-1,-1,-1,-1,4,-1
KR_6726033190,420,-6,-82,-15,-8,-7,8,1,-3,3,0,4,3,7,-2,2,0,0,2,2,0,-4,5,-2,-1,3,-5,0,-2,-1,-1,-1,-1,2,-1
KR_6759422951,420,-1,-56,-23,3,-2,6,4,2,2,4,1,3,4,1,2,3,1,2,3,0,5,-3,0,-3,3,2,0,1,-1,0,1,-1,6,-1
KR_6629850157,420,-2,-14,-10,-3,-4,5,1,-3,4,1,2,4,6,4,1,5,-2,2,0,0,-4,10,0,-4,4,-5,0,-2,1,-1,-1,-1,6,-1
KR_6761280462,420,-5,-7,-27,-11,0,3,3,-2,5,3,0,0,0,-6,7,1,-3,3,0,0,-9,-12,-4,-2,6,-2,0,-2,-1,-1,-1,-1,6,-1
KR_6676787275,420,-2,-28,-4,-4,-3,3,0,1,1,2,-3,3,0,-1,4,3,2,2,4,0,5,-8,-6,-1,7,5,0,0,-1,-1,0,-1,3,-1
KR_6762090450,420,0,-24,16,1,-1,2,1,3,2,5,-2,6,4,1,1,2,0,0,0,0,2,-3,-3,-6,9,5,0,-1,1,-1,-1,1,3,-1
KR_6762992432,440,-1,20,-1,-1,2,1,3,4,0,4,-1,1,0,-8,12,4,2,0,2,0,3,7,5,-10,5,2,0,1,-1,1,1,-1,4,-1
KR_6719105642,420,-5,-79,-12,-14,-4,6,2,-4,7,3,1,2,3,-8,8,0,1,0,1,0,-16,-1,1,-6,5,-2,0,-1,1,-1,-1,-1,4,-1
KR_6734335999,420,-1,-33,-23,-7,-2,2,0,-1,4,3,3,0,3,-2,3,1,-5,5,0,0,-6,5,0,-5,5,-5,0,0,-1,-1,0,-1,4,-1
KR_6724390089,420,-3,-6,-20,-8,-3,3,0,-4,4,0,-1,3,2,-4,4,0,4,0,4,0,-8,39,-2,-2,4,-22,0,-1,-1,-1,-1,-1,6,-1
KR_6683277911,420,1,53,4,4,-4,5,1,5,0,5,-2,5,3,4,0,4,1,2,3,1,7,-1,7,-8,1,0,0,-1,0,-1,-1,1,0,-1
KR_6701224984,420,-5,-13,-4,-9,-2,4,2,-9,9,0,0,0,0,2,2,4,0,1,1,0,-9,3,2,-5,3,0,0,0,-1,1,-1,-1,6,-1
KR_6716361671,420,0,55,-22,-1,-1,1,0,-5,5,0,1,1,2,1,2,3,3,1,4,0,-1,-6,-1,-3,4,1,0,0,-1,-1,0,-1,6,-1
KR_6704843079,420,-3,-76,-33,-6,-1,2,1,-1,2,1,-2,7,5,0,3,3,-2,2,0,0,-2,31,-1,-4,5,-5,0,-1,1,0,-1,1,3,-1
KR_6729471017,420,-5,-156,16,-10,0,3,3,-4,5,1,-2,4,2,-2,2,0,-2,4,2,-1,-10,19,4,-5,1,-3,0,-1,1,-1,-1,-1,2,-1
KR_6764225387,420,-2,-92,-21,0,-4,5,1,1,0,1,3,1,4,1,3,4,-1,2,1,1,-1,-100,4,-8,4,-3,0,-1,-1,-1,-1,1,3,-1
KR_6736468091,440,-7,-126,10,-11,-2,3,1,0,2,2,-7,7,0,-1,2,1,-1,1,0,0,-2,-14,-2,-1,3,0,0,-3,-1,0,-1,-1,4,-1
KR_6762805439,440,-4,-85,-24,-9,-1,3,2,-2,2,0,2,3,5,-8,9,1,0,0,0,0,-3,7,-3,-5,8,-3,0,-1,1,-1,-1,-1,2,-1
KR_6760697043,420,-1,-92,4,-5,2,1,3,0,3,3,-5,7,2,-1,1,0,-1,2,1,-1,-12,1,-5,-5,10,-4,0,0,-1,-1,0,-1,4,-1
KR_6747421473,420,-4,35,-7,-8,-1,1,0,0,1,1,-2,7,5,-4,5,1,-1,2,1,1,-9,-10,-1,-4,5,3,0,0,1,-1,0,1,6,-1
KR_6717970420,440,-1,-44,35,2,-1,1,0,1,5,6,1,3,4,2,3,5,-1,1,0,1,3,-13,-1,-2,3,1,0,-1,-1,1,-1,1,1,-1
KR_6742449302,440,0,-41,24,0,-3,3,0,1,0,1,0,1,1,1,1,2,1,1,2,0,0,-90,-3,-4,7,1,0,0,0,-1,0,-1,0,-1
KR_6761658771,420,-3,-34,32,-13,-3,3,0,-2,5,3,-4,5,1,-2,2,0,-2,2,0,0,-18,-2,0,-5,5,1,0,0,1,1,0,-1,1,-1
KR_6697552403,420,2,-21,10,5,4,0,4,1,3,4,2,0,2,-4,6,2,2,1,3,0,-2,2,2,-6,4,-4,0,1,1,1,1,1,2,-1
KR_6442133420,420,-2,-41,8,-3,2,1,3,-2,2,0,-2,3,1,1,1,2,-2,3,1,0,-3,4,-1,-2,3,-1,0,0,1,1,0,-1,2,-1
KR_6763174147,420,1,-67,11,3,1,0,1,1,3,4,-1,2,1,1,0,1,1,1,2,0,6,-1,-4,-1,5,3,0,0,-1,-1,0,1,6,-1
KR_6759805399,420,-3,-88,5,-2,-2,4,2,2,1,3,-1,7,6,0,2,2,-1,2,1,0,-1,-11,0,-2,2,2,0,-1,1,-1,-1,-1,6,-1
KR_6662071714,420,-4,-43,-39,-14,-1,3,2,0,0,0,-6,8,2,-5,7,2,-2,2,0,0,-13,-1,1,-3,2,-3,0,-3,-1,-1,-1,-1,4,-1
KR_6744840042,420,-4,-97,-20,-6,-3,4,1,-3,4,1,1,2,3,-2,2,0,1,1,2,0,-4,-3,0,-2,2,1,0,-2,-1,-1,-1,-1,3,-1
KR_6743213816,420,1,-76,-20,0,0,1,1,2,1,3,1,1,2,2,0,2,-5,6,1,1,11,-49,4,-7,3,18,0,-1,-1,-1,-1,1,6,-1
KR_6737608352,420,-2,-22,-35,-3,-5,5,0,0,0,0,2,3,5,0,0,0,0,0,0,0,-3,0,-1,-4,5,0,0,-2,-1,-1,-1,-1,6,-1
KR_6709645893,420,-3,18,-22,-2,0,1,1,-3,3,0,-2,2,0,2,4,6,1,1,2,1,5,-42,-1,-2,3,13,0,0,-1,1,1,1,1,-1
KR_6747037901,420,-5,-109,-12,-7,-8,8,0,-2,4,2,1,1,2,3,1,4,-1,1,0,0,0,353,2,-3,1,-3,0,-2,1,-1,-1,-1,4,-1
KR_6759295556,420,-7,-203,-39,-7,-2,3,1,-3,4,1,1,0,1,1,1,2,-4,4,0,1,-7,18,0,-3,3,-3,0,-2,-1,1,-1,1,6,-1
KR_6761973863,420,-3,15,-8,3,3,1,4,1,1,2,2,0,2,-2,4,2,-1,3,2,0,-1,-84,3,-3,0,2,0,0,0,0,-1,1,0,-1
KR_6695751335,420,-2,-32,12,-10,-2,4,2,0,3,3,2,0,2,-4,9,5,-6,7,1,0,1,-28,2,-6,4,2,0,-1,-1,1,1,1,2,-1
KR_6633595642,420,-1,9,-36,-1,-1,1,0,-1,4,3,-1,2,1,1,2,3,1,1,2,0,-2,-1,-3,-4,7,2,0,0,1,-1,0,1,1,-1
KR_6365373922,420,3,24,-4,12,-1,2,1,1,0,1,3,0,3,6,1,7,3,1,4,4,16,0,0,0,0,2,0,1,-1,1,1,1,5,-1
KR_6405348461,420,-4,-56,-17,-6,0,0,0,2,1,3,-1,3,2,-7,7,0,0,1,1,0,-3,8,4,-7,3,1,0,-1,0,0,-1,1,0,-1
KR_6622985100,420,-4,64,5,-4,-2,2,0,-4,7,3,3,0,3,-2,3,1,1,1,2,0,-5,-173,-1,-4,5,1,0,-3,-1,0,-1,1,6,-1
KR_6760701377,440,-5,-7,-34,-12,-4,4,0,-4,5,1,-4,4,0,1,0,1,-1,1,0,-2,-16,2,-2,-1,3,-1,0,-1,-1,-1,-1,-1,6,-1
KR_6631021518,420,-1,4,-40,-4,3,0,3,-5,6,1,-1,1,0,2,2,4,-3,3,0,2,-3,-10,3,-7,4,-3,0,-2,-1,1,1,1,3,-1
KR_6741338580,420,1,34,1,1,7,1,8,-5,8,3,-1,2,1,-3,4,1,3,1,4,1,-1,-3,-4,0,4,4,0,1,0,1,1,1,0,-1
KR_6651414447,440,-1,-70,11,-5,3,2,5,-2,3,1,2,1,3,-7,8,1,-1,1,0,0,-14,37,-1,-2,3,-4,0,0,-1,1,0,-1,3,-1
KR_6762549117,420,-1,33,28,-1,-2,2,0,0,2,2,2,0,2,0,1,1,-1,1,0,0,-1,4,2,-4,2,-1,0,0,-1,1,0,-1,3,-1
KR_6753231662,440,1,16,29,-4,2,1,3,2,1,3,-4,4,0,0,2,2,-4,5,1,0,-3,-4,1,-3,2,2,0,0,-1,0,1,-1,4,-1
KR_6720575726,440,-4,-49,-28,-6,1,0,1,3,1,4,-2,3,1,-1,1,0,-7,8,1,0,-1,-4,3,-4,1,-1,0,-2,0,0,-1,1,0,-1
KR_6757740546,420,-2,-64,8,-8,-4,7,3,0,0,0,-2,2,0,0,8,8,-2,3,1,-2,-11,-4,-2,-1,3,1,0,0,-1,1,1,-1,3,-1
KR_6741442352,420,-2,-39,-5,-9,0,1,1,-3,4,1,-3,4,1,-4,4,0,1,2,3,-1,-11,-4,-1,-3,4,4,0,0,-1,1,1,-1,3,-1
KR_6751841446,420,-3,-81,16,-8,-4,4,0,-1,2,1,-6,6,0,4,0,4,-1,1,0,0,0,36,3,-4,1,-24,0,-1,1,-1,-1,-1,5,-1
KR_6625325914,420,-4,-83,-9,-8,-1,3,2,-1,4,3,-1,2,1,-3,3,0,-2,2,0,0,-8,-1,-2,-2,4,-6,0,0,-1,1,0,-1,3,-1
KR_6696909682,420,-2,-64,-48,-11,0,1,1,-6,7,1,0,2,2,-8,11,3,3,0,3,0,-11,8,-2,-2,4,-5,0,-3,-1,1,-1,1,2,-1
KR_6760574284,440,-2,-38,-24,-3,-7,7,0,4,0,4,6,1,7,-1,6,5,-5,6,1,1,7,-9,4,-5,1,-1,0,-3,1,1,-1,1,1,-1
KR_6651511990,420,0,7,-24,1,-1,3,2,1,1,2,6,0,6,0,1,1,-5,5,0,0,-4,15,4,-7,3,1,0,0,-1,1,1,-1,1,-1
KR_6727997205,420,-1,38,-49,-1,3,0,3,-3,4,1,-2,3,1,1,3,4,0,0,0,0,-1,-7,1,-5,4,0,0,0,-1,-1,0,-1,3,-1
KR_6742004016,420,0,22,0,-4,-3,3,0,1,3,4,-1,3,2,1,0,1,-2,2,0,0,-5,-2,-1,-4,5,-5,0,-1,-1,0,-1,1,4,-1
KR_6750179153,420,0,54,23,3,-3,4,1,-1,1,0,7,0,7,0,3,3,0,2,2,-1,-9,13,0,-3,3,2,0,0,1,1,-1,-1,6,-1
KR_6640796299,420,-2,-99,1,1,-2,3,1,-2,3,1,3,0,3,1,1,2,1,0,1,0,-1,-268,0,-3,3,-2,0,0,1,1,0,1,1,-1
KR_6743224611,440,-2,-91,-16,-4,0,1,1,1,1,2,-3,4,1,-5,5,0,3,0,3,0,-5,-12,-1,0,1,2,0,0,-1,0,0,-1,4,-1
KR_6762415238,420,0,-58,3,-2,2,1,3,0,2,2,0,3,3,-4,10,6,0,4,4,0,1,6,1,-3,2,-5,0,0,-1,0,0,1,4,-1
KR_6642157623,420,-4,-119,8,-15,-5,6,1,2,0,2,-9,11,2,-1,1,0,-2,4,2,0,-5,90,1,-5,4,-3,0,-2,-1,-1,-1,-1,1,-1
KR_6758397269,420,-3,-68,19,-7,-3,4,1,-1,1,0,-2,2,0,0,4,4,-1,4,3,0,-7,1,0,-3,3,2,0,0,1,0,0,1,2,-1
KR_6685022209,440,-1,-8,-12,-7,-2,3,1,1,4,5,-3,5,2,-1,4,3,-2,2,0,0,-7,-9,-1,-1,2,1,0,0,-1,-1,0,1,2,-1
KR_6761763690,440,-5,-80,-36,-10,-9,9,0,-2,2,0,0,3,3,2,3,5,-1,1,0,-2,-14,2,0,-4,4,3,0,-1,-1,-1,-1,-1,5,-1
KR_6753347349,420,-4,33,-20,-2,2,3,5,-4,6,2,3,3,6,-4,4,0,1,2,3,0,-1,258,2,-6,4,-1,0,0,1,-1,0,1,3,-1
KR_6628135528,420,-2,-84,5,4,3,1,4,1,3,4,-2,2,0,3,2,5,-1,2,1,0,10,9,4,-9,5,-4,0,1,0,0,1,1,0,-1
KR_6741313347,420,0,-12,-20,-2,-9,9,0,-1,3,2,4,1,5,2,3,5,2,0,2,0,7,29,0,-5,5,-28,0,-1,-1,-1,-1,1,6,-1
KR_6695747166,420,1,18,8,2,-3,4,1,-1,5,4,2,2,4,3,2,5,1,0,1,0,5,7,6,-6,0,2,0,1,1,0,1,1,6,-1
KR_6764507563,420,-1,-33,-2,-4,-4,5,1,-5,6,1,3,1,4,3,0,3,-1,1,0,0,-15,170,-1,-2,3,0,0,0,1,-1,-1,1,3,-1
KR_6620960327,420,-7,-62,-52,-9,-5,6,1,4,0,4,0,1,1,-6,8,2,-2,2,0,0,-3,38,0,-5,5,-32,0,-1,-1,0,-1,-1,3,-1
KR_6719859220,420,1,19,19,-3,-3,3,0,3,1,4,1,2,3,-3,6,3,-1,3,2,0,0,17,-1,-4,5,-1,0,0,1,-1,-1,-1,4,-1
KR_6760349860,420,1,-38,6,10,-2,3,1,5,1,6,3,1,4,5,0,5,-1,1,0,2,14,8,2,-3,1,-6,0,0,1,-1,1,1,3,-1
KR_6749197851,420,3,70,-21,1,4,2,6,-4,4,0,1,2,3,1,2,3,-1,3,2,0,0,2,-2,-7,9,7,0,0,0,-1,1,1,0,-1
KR_6636289816,420,0,29,36,-1,3,2,5,4,0,4,-7,8,1,-1,2,1,0,0,0,0,-3,-12,3,-6,3,0,0,0,1,1,1,-1,4,-1
KR_6756767648,420,-3,-103,-4,-9,1,1,2,-1,3,2,-4,5,1,-3,4,1,-2,4,2,-1,-8,-32,0,-2,2,-4,0,0,1,-1,0,-1,1,-1
KR_6643473617,420,2,5,15,5,-2,4,2,4,3,7,0,1,1,1,2,3,2,1,3,0,11,5,-6,-3,9,3,0,0,1,-1,1,1,4,-1
KR_6734983096,420,4,37,24,-4,-3,3,0,0,2,2,-1,2,1,-1,2,1,1,0,1,0,-3,9,1,-5,4,-3,0,0,1,-1,0,-1,1,-1
KR_6759334614,420,-7,-68,-15,-16,-4,5,1,-1,2,1,0,3,3,-5,5,0,-6,6,0,1,-13,-2,3,-7,4,1,0,-1,-1,1,-1,1,3,-1
KR_6720884196,420,2,-4,20,2,-4,5,1,3,3,6,-1,2,1,2,1,3,2,1,3,0,9,2,-2,-4,6,-4,0,2,-1,1,1,1,6,-1
KR_6701589179,420,-3,-38,21,-2,0,0,0,-1,2,1,-2,3,1,4,0,4,-3,3,0,0,-9,16,3,-4,1,-3,0,0,1,0,-1,1,5,-1
KR_6627037955,420,-1,21,-6,-4,-2,2,0,3,2,5,4,0,4,-5,8,3,-4,4,0,-1,-3,-15,1,-3,2,2,0,-1,-1,1,-1,-1,5,-1
KR_6739995794,420,-2,-11,-4,-5,-5,6,1,-4,5,1,1,3,4,0,2,2,3,1,4,0,-2,7,2,-2,0,-1,0,0,1,-1,-1,1,6,-1
KR_6745768945,420,-7,-139,-18,-13,-4,5,1,-3,3,0,-6,7,1,-2,3,1,2,0,2,0,-6,6,2,-5,3,-2,0,-1,1,-1,-1,-1,3,-1
KR_6754009986,420,-2,-72,-11,-8,-4,4,0,-2,5,3,-4,6,2,3,2,5,-1,1,0,0,1,-3,-1,-4,5,3,0,0,-1,0,-1,-1,3,-1
KR_6726627458,420,0,40,-16,-6,0,1,1,-1,3,2,-6,7,1,0,5,5,1,1,2,0,-3,264,2,-4,2,1,0,0,-1,-1,0,1,3,-1
KR_6688362800,420,-5,-97,3,-1,6,1,7,-1,1,0,-2,5,3,-4,4,0,0,1,1,0,-1,-106,1,-4,3,-2,0,-4,1,-1,-1,1,6,-1
KR_6606111765,420,-1,-13,2,-13,-2,5,3,0,3,3,-6,6,0,-4,6,2,-1,3,2,0,-11,-5,1,-5,4,-1,0,-1,-1,-1,1,1,6,-1
KR_6752798077,440,3,-30,8,11,2,0,2,1,1,2,0,0,0,3,2,5,5,1,6,0,6,-5,0,-1,1,2,0,-1,1,1,1,1,6,-1
KR_6442663523,420,1,55,-27,-6,2,0,2,-2,2,0,-5,7,2,1,0,1,-2,2,0,0,-1,-26,2,-6,4,3,0,1,-1,1,1,-1,6,-1
KR_6565311997,420,-3,-24,-32,-7,-3,3,0,-3,3,0,-6,7,1,5,0,5,0,1,1,0,-3,-10,-4,-2,6,0,0,-1,-1,-1,-1,1,1,-1
KR_6761209020,420,0,-62,11,-7,2,0,2,2,1,3,-2,3,1,-6,6,0,-3,4,1,0,-7,-6,0,-5,5,4,0,-2,1,-1,-1,-1,4,-1
KR_6520891962,420,-2,-56,-40,-2,-1,1,0,-4,7,3,6,0,6,-3,4,1,0,1,1,0,0,-118,-2,-2,4,1,0,-2,0,-1,-1,1,0,-1
KR_6725313245,420,-1,-46,0,0,0,2,2,-5,6,1,3,1,4,-1,4,3,3,1,4,-1,0,4,-3,-3,6,0,0,-1,-1,-1,-1,-1,2,-1
KR_6753155543,440,1,29,-15,2,-2,4,2,-3,7,4,7,1,8,-2,3,1,2,1,3,0,0,6,-2,-1,3,2,0,0,1,-1,-1,-1,2,-1
KR_6702474948,420,-1,1,-16,1,-1,2,1,5,4,9,-1,3,2,0,1,1,-2,2,0,0,-3,-2,2,-4,2,1,0,-1,1,-1,1,1,5,-1
KR_6761004222,420,1,54,-27,1,-3,3,0,2,3,5,0,4,4,0,1,1,2,0,2,0,1,10,2,-4,2,-3,0,0,-1,1,1,-1,1,-1
KR_6695612849,420,-2,-36,-24,-9,1,0,1,-10,11,1,-2,4,2,2,2,4,0,3,3,0,-7,0,-2,-2,4,-3,0,0,-1,0,0,-1,1,-1
KR_6683437643,440,0,-14,-28,-4,0,1,1,1,0,1,-4,4,0,-1,2,1,0,0,0,0,-5,-4,-4,-1,5,1,0,0,-1,1,0,1,6,-1
KR_6712511038,420,-1,-25,-15,-1,3,0,3,-5,7,2,1,1,2,0,3,3,0,0,0,0,0,53,3,-5,2,-25,0,-1,-1,-1,-1,-1,4,-1
KR_6723850936,420,2,-44,36,0,-1,5,4,0,2,2,-1,2,1,4,1,5,-2,4,2,0,-6,-5,3,-5,2,-1,0,0,-1,-1,-1,1,6,-1
KR_6741709433,420,-3,-54,-6,-14,-13,13,0,-3,4,1,1,1,2,1,1,2,0,1,1,-1,-2,114,-1,-2,3,4,0,0,-1,-1,1,-1,2,-1
KR_6761227408,420,-1,-25,8,-4,-2,2,0,1,1,2,6,1,7,-6,8,2,-3,3,0,0,-7,1,-2,0,2,-2,0,-1,1,-1,-1,-1,3,-1
KR_6761583329,440,-3,18,-20,1,0,3,3,2,2,4,1,5,6,-3,7,4,1,0,1,0,-3,-7,-3,-3,6,5,0,0,-1,1,-1,1,6,-1
KR_6751806521,420,-2,19,0,-8,-1,3,2,-2,3,1,-1,2,1,-1,3,2,-3,4,1,-1,-8,1,-2,-2,4,0,0,-1,-1,-1,-1,-1,3,-1
KR_6729525340,420,-5,-34,0,-4,-3,3,0,-1,1,0,-3,5,2,2,1,3,1,1,2,0,-1,-1,-2,-2,4,5,0,-1,0,-1,-1,-1,0,-1
KR_6638211773,420,-1,-6,-5,1,1,3,4,0,1,1,-1,3,2,2,1,3,-1,1,0,1,-1,-22,3,-4,1,2,0,0,1,-1,0,1,6,-1
KR_6757476232,420,-2,-64,-4,-5,-1,1,0,-2,3,1,-3,3,0,-1,5,4,2,1,3,0,-7,-24,-3,-3,6,19,0,1,-1,1,1,-1,4,-1
KR_6567218050,420,-3,-24,21,-11,0,1,1,-5,5,0,-2,3,1,-3,4,1,-1,6,5,0,-11,-56,0,-1,1,-17,0,-2,-1,-1,-1,-1,2,-1
KR_6761433122,420,1,49,-18,-2,-2,3,1,1,3,4,-6,7,1,3,1,4,2,2,4,0,4,10,0,-4,4,-3,0,0,-1,-1,0,-1,6,-1
KR_6646787366,420,0,-94,0,2,-3,4,1,0,3,3,-4,6,2,5,1,6,4,0,4,0,5,-4,-3,-2,5,4,0,-1,0,-1,-1,-1,0,-1
KR_6760250521,420,-3,10,20,-10,1,1,2,1,2,3,-4,6,2,-1,3,2,-7,7,0,0,-4,-33,-1,-4,5,-1,0,-1,-1,1,1,-1,3,-1
KR_6672872016,420,0,11,-24,1,4,0,4,2,2,4,-1,1,0,-2,3,1,-2,4,2,0,1,-6,2,-6,4,-2,0,-1,-1,-1,-1,1,2,-1
KR_6709786682,420,3,-1,-26,11,1,3,4,3,2,5,6,2,8,4,0,4,-3,4,1,-2,11,15,1,-6,5,-1,0,1,-1,1,-1,-1,3,-1
KR_6732624254,420,0,-24,13,-5,1,0,1,-13,13,0,2,0,2,-1,4,3,6,0,6,0,-7,5,1,-7,6,-4,0,0,-1,-1,-1,1,6,-1
KR_6752980810,440,-5,-56,-28,1,-1,2,1,-1,2,1,-5,5,0,8,0,8,0,0,0,0,7,4,5,-5,0,3,0,0,-1,-1,-1,1,4,-1
KR_6696971318,420,-2,-43,-8,-6,-2,4,2,-2,2,0,2,1,3,-4,4,0,0,1,1,0,-3,-32,-1,-4,5,-3,0,0,1,1,-1,-1,5,-1
KR_6675966879,420,3,-15,20,6,1,0,1,2,1,3,2,2,4,-1,1,0,2,0,2,0,6,-130,-5,-2,7,0,0,0,1,-1,0,-1,1,-1
KR_6731966954,420,-5,-37,4,-12,0,1,1,-2,4,2,-1,1,0,-4,4,0,-5,5,0,0,-10,-3,-2,0,2,-3,0,-1,-1,-1,-1,1,3,-1
KR_6394428051,420,-3,-75,5,-8,-8,9,1,-1,3,2,-2,2,0,3,1,4,0,0,0,0,2,17,-4,-2,6,1,0,-2,-1,-1,-1,1,5,-1
KR_6669042814,420,1,22,-9,-4,-2,2,0,-5,6,1,-1,3,2,6,0,6,-2,3,1,0,2,-41,0,-1,1,27,0,0,-1,1,0,-1,2,-1
KR_6731519125,420,-2,-103,-43,-8,3,2,5,-5,5,0,1,3,4,-4,5,1,-3,5,2,1,0,-1,-2,-2,4,3,0,-2,1,-1,-1,1,3,-1
KR_6747876002,440,-3,-64,-6,-4,-1,2,1,5,3,8,-2,2,0,-6,10,4,0,0,0,1,-3,2,2,-5,3,2,0,0,-1,1,1,1,2,-1
KR_6752714360,440,2,-55,-4,3,0,2,2,4,1,5,-3,3,0,0,1,1,2,2,4,-1,6,1,1,-1,0,0,0,-2,1,-1,-1,-1,4,-1
KR_6530766456,420,-1,-50,-28,-1,-1,2,1,0,3,3,-1,2,1,0,3,3,1,0,1,0,0,1,3,-7,4,-3,0,0,-1,1,0,1,4,-1
KR_6757991228,420,-1,-4,-8,6,-1,2,1,0,2,2,0,3,3,4,1,5,3,0,3,0,6,-29,-1,-2,3,15,0,1,1,-1,-1,1,3,-1
KR_6671398912,420,0,6,-16,-1,-3,4,1,2,1,3,0,2,2,0,3,3,0,0,0,0,5,-197,-5,-4,9,5,0,0,1,0,0,-1,2,-1
KR_6628713738,420,3,30,-8,2,4,1,5,-1,3,2,1,3,4,-3,4,1,1,1,2,1,1,-4,-2,-6,8,1,0,-1,1,1,1,1,4,-1
KR_6743175827,440,2,28,0,9,2,2,4,4,1,5,1,3,4,-1,4,3,3,1,4,0,10,5,-2,-3,5,2,0,2,-1,1,1,1,3,-1
KR_6752102215,420,-4,-36,-20,-9,-8,10,2,1,0,1,-1,3,2,-1,2,1,0,0,0,0,-4,335,0,-5,5,-6,0,-1,1,-1,-1,1,3,-1
KR_6735844238,440,0,42,-8,-9,2,0,2,-3,3,0,-1,3,2,-6,8,2,-1,1,0,0,-11,-3,2,-2,0,-1,0,0,0,1,1,-1,0,-1
KR_6619811312,420,-1,-49,16,-8,1,0,1,0,2,2,-3,6,3,-4,6,2,-2,2,0,0,-5,5,1,-4,3,0,0,0,-1,1,0,1,4,-1
KR_6733217629,420,-2,-59,4,2,0,1,1,-1,1,0,-1,4,3,4,6,10,0,5,5,1,10,5,3,-7,4,-3,0,0,1,1,-1,1,5,-1
KR_6762609295,420,-2,-65,-19,-9,-6,6,0,0,2,2,-2,3,1,0,2,2,-1,1,0,0,-4,-7,0,-3,3,2,0,-1,0,1,-1,-1,0,-1
KR_6761110171,420,-2,-45,13,-9,-4,5,1,1,0,1,-1,2,1,-5,7,2,0,0,0,0,-8,8,-1,-3,4,-3,0,-1,-1,-1,-1,-1,4,-1
KR_6758867376,420,-1,-73,-28,-2,-3,5,2,0,2,2,-3,4,1,2,0,2,2,0,2,0,1,-1,-2,-4,6,3,0,0,-1,0,0,-1,6,-1
KR_6752657680,420,-2,-70,12,-7,-4,5,1,-2,2,0,-1,2,1,-1,8,7,1,0,1,0,4,-120,-4,-1,5,-25,0,-3,1,-1,-1,-1,1,-1
KR_6734125094,440,-1,-32,4,-3,-3,6,3,-2,2,0,0,2,2,1,3,4,1,3,4,-2,-13,-8,-4,-1,5,-2,0,-1,0,-1,-1,-1,0,-1
KR_6734202563,440,-1,-17,-5,0,4,1,5,-5,6,1,-1,2,1,2,3,5,0,0,0,-1,-6,2,5,-8,3,-6,0,0,0,-1,1,-1,0,-1
KR_6727187897,420,-3,-25,24,-4,-1,3,2,-2,3,1,-3,4,1,-1,3,2,3,0,3,0,-1,-123,2,-3,1,-3,0,-1,1,-1,-1,1,2,-1
KR_6617054231,420,-5,-67,-28,-7,-3,5,2,1,1,2,0,3,3,-3,4,1,-2,2,0,0,-6,0,0,-4,4,1,0,-1,-1,1,-1,1,4,-1
KR_6758814992,440,-5,-84,-36,-8,-2,4,2,-1,2,1,0,5,5,-4,4,0,-1,1,0,0,-11,-308,-4,-1,5,-2,0,-2,-1,-1,-1,1,2,-1
KR_6728673769,420,-3,39,-28,-3,-1,2,1,-1,4,3,3,0,3,-2,5,3,-2,5,3,0,-6,13,1,-2,1,-1,0,1,-1,0,1,-1,4,-1
KR_6752324834,420,-5,-88,-20,-9,-3,3,0,-2,3,1,-3,3,0,-1,5,4,0,0,0,-1,-2,-23,0,-1,1,-2,0,-2,-1,-1,-1,-1,2,-1
KR_6760921180,420,0,0,40,-6,-2,3,1,-10,12,2,-1,2,1,4,0,4,3,0,3,0,-1,1,-5,-1,6,2,0,1,-1,1,1,-1,5,-1
KR_6743512249,420,-6,-57,-12,-9,-3,3,0,-6,7,1,1,3,4,1,1,2,-2,2,0,0,4,26,-3,-2,5,-9,0,-1,-1,-1,-1,1,1,-1
KR_6733858347,420,-3,-21,-20,-9,1,1,2,-4,4,0,-3,3,0,-3,3,0,0,1,1,0,-11,-10,-3,-2,5,0,0,0,-1,-1,0,-1,6,-1
KR_6755304421,420,1,-16,0,-1,1,0,1,0,3,3,-1,3,2,-2,3,1,1,0,1,0,0,-191,-7,-1,8,-19,0,0,-1,1,0,-1,6,-1
KR_6752940686,440,-1,-25,-30,-2,0,2,2,0,0,0,2,3,5,0,2,2,-4,4,0,0,2,13,2,-6,4,0,0,-1,-1,0,-1,-1,5,-1
KR_6763179508,420,-1,-4,4,-6,-2,3,1,0,3,3,-3,4,1,-1,2,1,0,2,2,0,-2,0,1,-6,5,-2,0,-1,1,-1,-1,1,2,-1
KR_6742154167,420,-2,7,8,-11,-2,2,0,-4,5,1,-3,4,1,-3,8,5,1,2,3,0,-11,-9,-7,-1,8,-3,0,0,-1,-1,0,-1,4,-1
KR_6631353135,420,0,-14,-1,-1,4,1,5,-1,5,4,2,0,2,-3,3,0,-3,3,0,-1,-3,-9,-5,-1,6,-2,0,0,-1,-1,-1,-1,6,-1
KR_6752263101,420,-1,-74,28,-5,-1,1,0,0,2,2,0,2,2,-5,6,1,1,1,2,0,-8,-2,-1,-2,3,-2,0,0,1,1,-1,-1,2,-1
KR_6762857267,420,-1,-33,-39,-5,-4,4,0,3,4,7,3,1,4,-7,8,1,0,0,0,0,-1,-22,-1,-4,5,-1,0,2,-1,1,1,1,1,-1
KR_6679760855,440,-2,-31,-13,1,-2,2,0,0,2,2,-1,5,4,3,4,7,1,0,1,0,0,-10,-1,-3,4,3,0,0,1,0,0,-1,5,-1
KR_6741859924,440,2,13,16,2,-1,1,0,2,2,4,-2,2,0,5,1,6,-2,2,0,0,4,43,0,-6,6,-24,0,0,1,-1,0,1,6,-1
KR_6640935193,420,-1,28,25,-4,4,0,4,-2,6,4,0,2,2,-3,3,0,-3,3,0,0,-13,-8,1,-5,4,0,0,-1,-1,1,-1,1,4,-1
KR_6671953235,420,-12,-86,-28,-14,-2,3,1,-7,9,2,0,3,3,-4,4,0,-1,3,2,0,-19,-27,-4,-3,7,1,0,-5,0,-1,-1,-1,0,-1
KR_6702325340,440,-8,-102,-32,-19,-1,2,1,-7,7,0,0,2,2,-7,7,0,-4,4,0,-1,-17,-10,-3,-2,5,-1,0,-1,-1,-1,-1,-1,2,-1
KR_6705107708,420,-6,-82,20,-12,1,0,1,1,1,2,-1,5,4,-5,5,0,-8,8,0,0,-17,-150,-3,-2,5,0,0,-4,-1,-1,-1,-1,1,-1
KR_6748495331,420,-2,-41,17,-6,0,0,0,-6,7,1,1,1,2,0,5,5,-1,4,3,0,-1,0,0,-3,3,-4,0,-1,-1,0,-1,-1,3,-1
KR_6685094165,420,-1,33,-16,-4,-1,2,1,-5,6,1,3,2,5,-1,4,3,0,1,1,0,-2,6,2,-6,4,0,0,0,1,-1,0,-1,2,-1
KR_6633727219,420,-3,6,13,-2,-2,2,0,0,2,2,-1,1,0,0,1,1,1,1,2,0,0,-4,-1,-3,4,2,0,0,0,0,0,1,0,-1
KR_6739547185,420,-1,-17,0,-5,2,0,2,-4,5,1,-3,3,0,0,1,1,0,1,1,0,-5,2,-2,-4,6,-4,0,0,-1,-1,0,1,2,-1
KR_6742535685,440,-2,-48,16,-6,-5,5,0,1,3,4,-1,2,1,-2,4,2,1,1,2,0,-3,-5,3,-4,1,-4,0,-2,1,-1,-1,-1,2,-1
KR_6736811728,420,-5,-33,-4,-11,2,2,4,-1,2,1,-8,8,0,-4,4,0,0,1,1,0,-5,-8,1,-4,3,-2,0,-1,1,-1,-1,-1,5,-1
KR_6687527295,420,-3,-45,-12,-5,-3,5,2,-2,5,3,-1,5,4,2,4,6,-1,3,2,-3,-17,1,-1,-1,2,1,0,-1,-1,-1,-1,-1,1,-1
KR_6725473460,420,0,12,10,8,2,1,3,3,0,3,0,2,2,4,0,4,-1,2,1,1,7,4,1,-2,1,2,0,-1,-1,1,-1,1,5,-1
KR_6724074682,420,-1,-42,7,-4,3,1,4,1,0,1,-1,2,1,-3,5,2,-4,5,1,0,-4,-5,-3,-3,6,-2,0,-2,-1,-1,-1,1,6,-1
KR_6630069667,420,-2,-38,-28,-7,0,1,1,-4,5,1,-1,4,3,-2,3,1,0,1,1,0,-2,-8,0,-5,5,-2,0,0,-1,-1,0,-1,4,-1
KR_6623360056,420,1,-15,24,-1,-2,2,0,-2,3,1,-3,3,0,7,1,8,-1,1,0,0,4,3,-3,-2,5,-1,0,-1,1,-1,-1,-1,4,-1
KR_6761487736,420,1,17,11,-1,3,2,5,2,3,5,-4,4,0,-1,1,0,-1,1,0,0,-11,-7,4,-8,4,-4,0,0,-1,-1,1,1,5,-1
KR_6751166798,420,0,-15,20,-2,2,0,2,2,0,2,2,0,2,-7,8,1,-1,1,0,0,-1,-2,1,-4,3,-2,0,0,1,-1,-1,-1,2,-1
KR_6615610181,420,-6,-76,-4,-10,-3,3,0,-7,10,3,-1,2,1,1,2,3,0,0,0,0,-11,-20,-1,-1,2,-1,0,-1,-1,0,-1,1,2,-1
KR_6707429268,420,-6,-68,4,-10,0,1,1,-1,1,0,2,0,2,-6,6,0,-5,6,1,-1,-13,4,-1,-5,6,-4,0,-2,-1,1,-1,-1,6,-1
KR_6685524532,420,1,102,20,1,4,0,4,-2,2,0,-2,2,0,1,8,9,0,0,0,0,-7,25,2,-4,2,0,0,3,-1,1,1,1,1,-1
KR_6626506901,420,-3,-21,-32,-7,-1,1,0,3,3,6,-8,8,0,1,1,2,-2,4,2,0,3,15,-1,-4,5,0,0,-1,-1,-1,-1,-1,5,-1
KR_6684727033,420,0,2,18,9,0,1,1,0,2,2,2,4,6,4,0,4,3,0,3,1,9,-115,0,-1,1,1,0,1,1,1,1,1,3,-1
KR_6761295170,420,-4,-7,0,-6,-2,2,0,2,1,3,0,1,1,-5,5,0,-1,1,0,0,-5,3,1,-4,3,1,0,-3,-1,-1,-1,-1,4,-1
KR_6745210569,420,-2,-81,-5,-2,1,0,1,0,4,4,1,1,2,-4,5,1,0,1,1,0,-2,-27,1,-4,3,28,0,0,-1,1,-1,-1,1,-1
KR_6763333912,420,2,42,10,3,1,1,2,-1,2,1,4,1,5,-1,4,3,0,0,0,0,-2,8,4,-6,2,-2,0,2,-1,-1,1,1,4,-1
KR_6686042394,420,-1,-82,-9,-1,-2,3,1,3,2,5,-2,2,0,2,1,3,-2,2,0,0,4,-91,-1,-5,6,1,0,-1,-1,1,-1,-1,2,-1
KR_6758366263,420,-6,-56,-17,-10,-6,8,2,2,0,2,-1,2,1,-5,5,0,0,0,0,0,-10,11,-2,0,2,0,0,-1,1,-1,-1,1,1,-1
KR_6623207337,420,-8,-61,-64,-16,-4,4,0,-4,6,2,-4,4,0,-4,6,2,0,2,2,-1,-7,1,-3,-2,5,-6,0,-3,-1,-1,-1,-1,1,-1
KR_6764562886,420,1,22,11,2,-2,6,4,2,1,3,-1,6,5,2,1,3,1,1,2,1,3,285,0,-5,5,1,0,0,1,-1,0,1,3,-1
KR_6754865673,420,-5,-88,20,-4,0,2,2,-4,5,1,1,2,3,-3,4,1,2,0,2,0,-4,-4,-3,-3,6,-1,0,-1,-1,1,-1,1,1,-1
KR_6299699250,420,-6,-89,-12,-10,-3,4,1,-4,6,2,2,1,3,-2,7,5,-3,5,2,1,-6,7,-1,-1,2,0,0,-2,-1,1,-1,1,4,-1
KR_6729380452,420,-3,-16,0,-1,-1,3,2,3,1,4,1,2,3,-5,7,2,1,1,2,0,-2,282,-1,-6,7,0,0,1,1,0,1,-1,5,-1
KR_6762312555,420,2,-17,0,8,3,1,4,4,1,5,0,2,2,2,1,3,-1,3,2,0,4,-7,2,-6,4,5,0,0,-1,0,1,1,2,-1
KR_6706332484,420,-1,-15,41,-4,-5,5,0,2,2,4,2,1,3,-3,4,1,0,0,0,0,1,-2,0,-5,5,1,0,0,1,-1,1,1,5,-1
KR_6758785755,440,-2,-105,21,-4,-1,1,0,-1,2,1,-1,2,1,0,0,0,-1,1,0,0,-5,4,-1,-1,2,1,0,-2,0,-1,-1,-1,0,-1
KR_6752085411,440,1,-17,8,7,0,1,1,1,2,3,0,1,1,2,4,6,4,2,6,0,8,12,5,-5,0,-2,0,0,1,-1,0,-1,1,-1
KR_6737147512,420,-2,-5,3,-6,-2,3,1,-4,6,2,0,2,2,0,3,3,0,0,0,0,-2,-1,-2,-2,4,-4,0,0,-1,-1,0,-1,5,-1
KR_6754205758,420,-2,-51,-12,3,0,0,0,5,0,5,-3,5,2,2,3,5,-1,3,2,0,7,3,0,-2,2,-3,0,-1,1,-1,-1,1,5,-1
KR_6667143736,420,0,-40,12,2,-3,5,2,1,2,3,3,4,7,1,1,2,0,2,2,0,11,-35,-2,-4,6,0,0,-1,-1,1,-1,-1,6,-1
KR_6484824325,420,2,36,12,3,2,1,3,-1,4,3,2,3,5,-2,3,1,2,1,3,0,0,9,-2,-3,5,-1,0,0,-1,1,0,1,5,-1
KR_6660363311,420,-6,-87,8,-18,-6,8,2,-2,3,1,-5,6,1,-3,5,2,-2,2,0,0,-13,5,-2,-2,4,-1,0,-5,1,-1,-1,-1,4,-1
KR_6709285973,420,-3,-36,5,-3,-3,4,1,0,1,1,-2,2,0,2,0,2,0,0,0,0,1,-8,0,-1,1,-4,0,0,1,0,0,-1,2,-1
KR_6751511639,420,-2,-72,-32,-10,-2,2,0,-2,4,2,-1,6,5,-2,3,1,-3,3,0,0,-6,-10,1,-4,3,3,0,-2,0,-1,-1,-1,0,-1
KR_6752734501,420,-1,17,32,-4,2,1,3,-4,5,1,3,0,3,-4,5,1,-1,1,0,0,-9,-3,-1,-2,3,-2,0,1,1,1,1,1,4,-1
KR_6716278628,420,1,-6,-16,-3,0,1,1,-1,2,1,-7,7,0,4,1,5,1,0,1,0,-1,95,0,-5,5,-4,0,0,-1,-1,0,-1,2,-1
KR_6756705304,420,0,13,48,-1,1,0,1,2,4,6,-1,3,2,-2,3,1,-1,1,0,0,-2,-8,-4,-4,8,1,0,0,0,0,0,1,0,-1
KR_6706017963,440,2,-18,20,2,-1,4,3,-4,6,2,3,0,3,4,0,4,0,0,0,0,5,9,-1,-2,3,1,0,0,-1,-1,-1,1,5,-1
KR_6753566027,420,-1,13,-27,0,0,0,0,3,3,6,1,0,1,-5,6,1,1,0,1,0,-2,31,-6,-2,8,-20,0,0,0,1,0,-1,0,-1
KR_6705729659,420,-3,-43,-32,-5,0,1,1,0,2,2,5,0,5,-9,10,1,-1,3,2,-2,-7,-4,-3,-3,6,-2,0,-2,-1,1,-1,-1,1,-1
KR_6726444338,420,-2,-53,-26,-9,-2,5,3,-7,11,4,0,0,0,1,0,1,-1,1,0,0,-4,-10,-1,-2,3,2,0,0,-1,0,-1,-1,2,-1
KR_6760127165,420,-3,-119,-27,-11,1,2,3,-4,4,0,-1,6,5,0,2,2,-7,7,0,-1,-11,13,-3,-2,5,0,0,-2,1,-1,-1,-1,2,-1
KR_6761374944,420,-4,-12,-16,-8,0,2,2,-1,1,0,3,2,5,-8,8,0,-2,2,0,0,-16,-7,-4,-2,6,0,0,-2,-1,-1,-1,-1,6,-1
KR_6602976678,420,-4,-75,-10,-6,-1,4,3,-5,8,3,-2,3,1,2,0,2,0,1,1,0,1,0,0,-2,2,0,0,0,1,-1,-1,-1,2,-1
KR_6674155799,420,-3,-23,0,-2,-2,3,1,0,1,1,-1,2,1,4,2,6,-3,3,0,0,1,1,3,-5,2,3,0,0,1,1,-1,1,3,-1
KR_6634404791,420,0,106,-8,0,0,2,2,0,2,2,1,1,2,0,4,4,-1,1,0,1,0,3,-1,-4,5,1,0,1,1,-1,1,1,1,-1
KR_6576715192,420,-3,-71,12,-3,3,2,5,2,3,5,-3,5,2,-3,4,1,-2,3,1,0,-5,-1,-2,-4,6,0,0,-1,-1,1,-1,1,3,-1
KR_6733085488,420,2,-7,22,2,-1,2,1,-3,3,0,1,3,4,-2,4,2,7,0,7,0,-1,-4,-2,-2,4,1,0,0,0,-1,0,-1,0,-1
KR_6750689605,420,0,22,-16,1,3,1,4,0,1,1,1,0,1,-2,2,0,-1,3,2,1,0,-9,-6,-1,7,2,0,-1,0,0,-1,1,0,-1
KR_6759855533,440,-5,-74,-13,-16,-2,3,1,1,2,3,-3,7,4,-14,16,2,2,1,3,0,-13,-9,0,-2,2,-1,0,1,-1,-1,-1,-1,2,-1
KR_6746523797,440,-4,-54,-8,-3,-1,1,0,-1,1,0,0,1,1,-1,4,3,0,0,0,1,-4,-2,0,-6,6,3,0,0,-1,-1,0,1,6,-1
KR_6675160937,420,-3,-78,-16,-11,-4,4,0,3,0,3,-3,4,1,-1,4,3,-6,6,0,0,-24,234,-3,-1,4,-4,0,-1,0,1,-1,-1,0,-1
KR_6751943507,420,-4,-78,-23,-11,-2,3,1,-3,5,2,-5,5,0,-4,4,0,3,1,4,0,-5,-6,-4,0,4,3,0,-2,1,1,-1,-1,6,-1
KR_6670696949,420,0,81,-11,0,-1,2,1,-2,4,2,-1,1,0,4,2,6,0,0,0,0,-4,12,4,-6,2,0,0,0,-1,0,0,1,3,-1
KR_6755955997,420,-1,36,-28,-1,3,0,3,-6,8,2,2,0,2,-3,5,2,3,0,3,0,-3,2,-1,-3,4,-1,0,0,-1,1,0,-1,5,-1
KR_6738435607,440,-6,-112,-28,-4,0,3,3,-2,5,3,-2,4,2,3,2,5,-3,4,1,0,-2,-10,-1,0,1,0,0,-1,-1,-1,-1,1,2,-1
KR_6728072269,420,-5,-79,-1,-11,-3,5,2,2,0,2,-7,8,1,2,2,4,-5,5,0,-1,-4,3,-2,-2,4,2,0,-2,1,-1,-1,-1,3,-1
KR_6758349195,420,-4,-53,-22,-1,1,2,3,3,3,6,0,2,2,-2,2,0,-3,3,0,1,5,-9,-3,-2,5,2,0,-1,-1,-1,-1,1,1,-1
KR_6734798167,420,2,-19,17,-1,-1,3,2,-1,5,4,1,0,1,-1,2,1,1,2,3,0,-1,-22,-2,-1,3,-1,0,2,-1,1,1,1,5,-1
KR_6735822400,420,0,-62,-29,-2,3,1,4,-5,6,1,-6,10,4,1,1,2,5,0,5,-1,0,-18,-4,-1,5,0,0,1,-1,1,1,-1,1,-1
KR_6761386022,420,-1,-15,-11,-1,3,2,5,1,1,2,-2,3,1,-2,5,3,-1,2,1,0,0,-8,2,-7,5,3,0,0,1,1,-1,1,6,-1
KR_6666162554,420,-3,13,-19,-3,-4,4,0,2,1,3,1,1,2,1,0,1,-3,3,0,0,0,3,-1,-3,4,1,0,0,-1,1,-1,-1,5,-1
KR_6538275976,420,-6,-92,-20,-18,-5,6,1,-2,3,1,-5,6,1,-6,6,0,0,0,0,0,-10,0,-3,-1,4,-5,0,-2,1,-1,-1,-1,1,-1
KR_6761651524,420,-2,-37,-36,-9,0,0,0,-3,5,2,-1,3,2,-5,5,0,0,0,0,0,-8,-9,-3,-3,6,0,0,0,1,-1,0,-1,5,-1
KR_6700334564,420,3,92,9,2,3,0,3,1,1,2,-5,7,2,1,0,1,2,2,4,0,0,4,0,-2,2,0,0,-1,1,1,-1,1,1,-1
KR_6757897642,420,-4,-133,-31,-10,-5,5,0,-1,5,4,-5,5,0,0,3,3,1,1,2,-1,-5,17,3,-7,4,-2,0,-2,1,0,-1,-1,4,-1
KR_6749924783,420,3,35,28,7,2,1,3,-2,2,0,6,0,6,1,1,2,0,1,1,0,0,-3,7,-13,6,-1,0,0,1,0,0,1,4,-1
KR_6760116612,420,2,38,19,3,1,2,3,-1,2,1,6,2,8,-4,5,1,1,0,1,0,-2,122,-1,-4,5,-2,0,0,1,-1,-1,1,1,-1
KR_6684836880,420,2,35,12,7,5,0,5,-2,3,1,1,3,4,-1,2,1,4,1,5,-1,7,6,-2,-2,4,2,0,0,1,0,1,-1,1,-1
KR_6699693690,420,-11,-103,-104,-20,0,4,4,-4,5,1,-2,3,1,-12,12,0,-2,2,0,0,-16,-6,-7,0,7,0,0,-2,-1,-1,-1,-1,6,-1
KR_6763113518,420,-3,-46,12,-4,0,2,2,2,1,3,0,0,0,-5,7,2,-1,3,2,0,-2,-12,0,-3,3,1,0,0,1,-1,-1,-1,4,-1
KR_6636584487,420,0,52,0,-2,6,1,7,1,1,2,-6,6,0,-5,5,0,2,1,3,0,-4,-15,-1,-2,3,2,0,0,-1,-1,1,1,2,-1
KR_6729095215,420,-3,-4,-3,-9,0,0,0,-1,2,1,-2,2,0,-7,7,0,1,1,2,0,-15,337,1,-4,3,-3,0,-1,-1,0,-1,1,6,-1
KR_6746585853,420,1,-32,5,5,8,0,8,0,1,1,-2,2,0,-1,1,0,0,0,0,0,6,0,-4,-2,6,-2,0,1,1,1,1,1,1,-1
KR_6655625172,440,0,16,3,-8,-5,5,0,0,1,1,0,2,2,-2,2,0,-1,3,2,0,-6,2,2,-4,2,-1,0,0,1,1,0,-1,1,-1
KR_6733043007,420,-3,-4,-20,-11,-7,7,0,0,2,2,-1,3,2,-4,6,2,1,1,2,0,-7,-5,1,-2,1,-1,0,0,-1,-1,0,-1,1,-1
KR_6762922837,440,1,11,40,1,0,2,2,6,0,6,-3,4,1,-2,2,0,0,0,0,0,-5,-11,-2,-1,3,0,0,0,1,0,0,1,1,-1
KR_6614222905,420,-5,-88,-14,-11,-1,3,2,-1,4,3,-2,4,2,-5,5,0,-2,2,0,0,-12,-3,-2,-6,8,0,0,-1,0,-1,-1,-1,0,-1
KR_6705930511,420,-4,-18,-36,-5,1,0,1,-1,2,1,-3,5,2,-4,7,3,2,1,3,-1,-4,-39,3,-7,4,-5,0,1,-1,0,1,-1,2,-1
KR_6751187001,420,-3,-43,12,-3,-2,5,3,-4,4,0,-1,4,3,3,3,6,1,1,2,0,-1,-106,4,-7,3,-4,0,-2,-1,-1,-1,1,5,-1
KR_6708101797,420,1,-88,-9,3,3,0,3,5,0,5,-4,4,0,-2,4,2,1,0,1,0,6,38,6,-9,3,3,0,0,1,0,0,1,3,-1
KR_6667839111,420,2,-1,0,7,1,0,1,3,3,6,2,5,7,0,3,3,1,0,1,1,4,8,3,-4,1,2,0,0,1,-1,0,1,1,-1
KR_6738698724,420,2,26,7,-3,-2,3,1,-2,5,3,-5,6,1,1,1,2,5,0,5,1,2,-54,-2,-3,5,3,0,0,1,-1,0,1,3,-1
KR_6760777464,420,3,17,21,3,4,1,5,-1,2,1,0,0,0,0,2,2,0,0,0,0,5,-2,-3,-1,4,3,0,0,-1,0,1,1,2,-1
KR_6751775215,420,-3,-25,16,-6,-2,4,2,-6,6,0,2,2,4,-4,7,3,4,3,7,0,-8,-130,0,-5,5,-4,0,0,-1,0,0,1,2,-1
KR_6756020347,420,-1,36,-17,-7,3,2,5,-3,4,1,-2,2,0,-4,7,3,-1,2,1,-1,-15,-12,-3,0,3,2,0,1,-1,1,-1,-1,3,-1
KR_6737625085,440,-1,-7,8,-5,3,1,4,-5,8,3,0,2,2,-4,5,1,1,1,2,1,-12,4,-3,-2,5,-2,0,-1,1,1,-1,1,1,-1
KR_6760946678,420,-3,20,-17,-3,2,0,2,0,1,1,-2,2,0,-3,3,0,0,1,1,1,-1,-9,-1,-2,3,-3,0,0,-1,-1,0,1,6,-1
KR_6635078070,420,-1,-54,-13,-1,-1,2,1,1,2,3,4,0,4,-4,5,1,-1,1,0,0,-7,-1,2,-7,5,3,0,0,1,-1,0,1,2,-1
KR_6761728536,420,4,-34,24,9,5,0,5,-2,2,0,4,0,4,2,2,4,0,0,0,-1,1,13,2,-5,3,0,0,1,1,1,1,-1,5,-1
KR_6762244088,420,4,-23,-9,11,5,0,5,0,1,1,5,1,6,3,1,4,-2,2,0,0,4,-10,1,-3,2,-1,0,0,-1,1,1,1,6,-1
KR_6730423943,420,0,-72,-4,2,0,1,1,1,0,1,0,3,3,0,1,1,1,0,1,1,9,10,2,-7,5,-2,0,0,-1,0,0,1,6,-1
KR_6698965035,420,2,-41,-8,1,-4,6,2,1,1,2,3,2,5,2,0,2,-1,2,1,0,5,22,2,-4,2,-20,0,0,1,-1,0,-1,6,-1
KR_6644125441,420,-3,-97,-16,-5,0,0,0,-3,4,1,0,3,3,-2,2,0,0,0,0,-1,-8,-14,-1,-4,5,-4,0,0,-1,0,0,-1,4,-1
KR_6757858079,440,-4,-75,-24,-10,-3,4,1,-2,4,2,0,2,2,-4,5,1,-1,2,1,-1,-9,-24,0,-5,5,-2,0,-1,1,-1,-1,-1,3,-1
KR_6755403912,420,-1,-143,2,-4,-6,7,1,2,3,5,3,2,5,-4,4,0,1,0,1,0,6,-411,-7,-2,9,-2,0,-1,1,-1,-1,-1,5,-1
KR_6762995626,420,0,-34,8,-3,0,2,2,-7,7,0,-3,4,1,5,3,8,2,2,4,0,-4,6,-2,-1,3,-2,-1,-3,-1,-1,-1,1,5,-1
KR_6755552307,420,-6,-126,-24,-10,-3,4,1,-3,5,2,-3,4,1,0,2,2,-1,1,0,0,-13,-7,-2,0,2,-1,0,-3,-1,0,-1,1,2,-1
KR_6759074529,420,-3,-3,0,-8,-2,4,2,-5,6,1,-5,5,0,3,4,7,1,1,2,0,-6,12,3,-8,5,0,0,0,-1,0,0,-1,4,-1
KR_6701681917,440,0,-59,-11,-3,4,0,4,-1,4,3,1,0,1,0,0,0,-7,7,0,0,3,-5,-1,-8,9,-1,0,-1,-1,1,-1,-1,2,-1
KR_6722573564,420,2,11,-4,4,1,3,4,-1,4,3,4,3,7,1,1,2,-1,2,1,-1,0,-17,0,-7,7,-1,0,0,1,1,0,-1,4,-1
KR_6629799998,420,-8,-76,-32,-15,0,1,1,-1,1,0,-1,4,3,-8,8,0,-5,5,0,1,-15,-16,-4,-5,9,1,0,-1,1,0,-1,1,4,-1
KR_6750993954,420,-3,-23,-3,-4,1,3,4,-4,5,1,0,3,3,-1,1,0,0,1,1,0,-6,1,0,-2,2,0,0,0,-1,1,0,1,4,-1
KR_6739182515,420,-5,-12,-32,-6,3,1,4,-5,5,0,2,1,3,-3,5,2,-3,4,1,0,-10,-6,-3,-2,5,-2,0,0,-1,1,-1,1,3,-1
KR_6764013058,420,-2,39,-19,-8,-1,1,0,-5,6,1,-1,2,1,-1,6,5,0,2,2,0,-4,19,-2,-5,7,0,0,2,-1,1,1,1,2,-1
KR_6734913970,420,-4,-51,4,-6,-4,4,0,1,0,1,0,2,2,-2,4,2,-1,2,1,0,-8,-4,2,-4,2,-5,0,0,-1,1,-1,1,2,-1
KR_6712665755,420,-2,-8,8,0,2,1,3,1,1,2,-4,6,2,0,3,3,1,1,2,0,-3,-31,-1,-2,3,24,0,0,-1,-1,1,-1,3,-1
KR_6602936909,420,-1,101,-19,-7,0,0,0,-8,10,2,2,0,2,0,1,1,-1,1,0,0,-6,0,1,-2,1,1,0,-1,1,1,-1,1,3,-1
KR_6718598228,420,-2,-20,-12,-2,2,1,3,-3,3,0,-3,6,3,1,2,3,1,0,1,0,3,-28,-1,-6,7,-3,0,-1,1,-1,-1,1,4,-1
KR_6469401969,440,2,68,-16,6,0,4,4,3,0,3,2,4,6,1,2,3,0,2,2,0,3,5,-2,-7,9,-2,0,0,1,-1,1,1,1,-1
KR_6752147373,420,-3,-42,-8,-6,-2,3,1,1,0,1,-4,5,1,1,2,3,-2,3,1,0,-6,-10,-3,0,3,2,0,0,-1,0,-1,-1,3,-1
KR_6754281120,420,3,56,-20,1,-1,5,4,2,0,2,0,0,0,0,5,5,0,0,0,0,1,-5,-4,-3,7,2,0,1,-1,1,1,-1,6,-1
KR_6718104744,420,2,50,25,3,2,1,3,5,1,6,0,1,1,-4,5,1,0,2,2,1,1,-23,2,-3,1,-1,0,-1,-1,1,-1,1,3,-1
KR_6661209504,440,-7,-57,-16,-24,-5,5,0,-8,8,0,-5,7,2,-3,4,1,-3,4,1,-1,-28,-4,-1,-4,5,0,0,-2,0,0,-1,-1,0,-1
KR_6686714627,440,-3,-12,-4,0,-1,4,3,1,1,2,-1,3,2,2,2,4,-1,1,0,1,6,2,1,-4,3,-1,0,-1,0,-1,-1,1,0,-1
KR_6239403409,420,-4,-11,-32,-11,-7,7,0,-2,4,2,0,4,4,-2,4,2,0,2,2,0,-6,44,2,-8,6,-29,0,0,-1,1,1,1,3,-1
KR_6753845873,420,1,-34,-1,0,2,0,2,-2,3,1,3,1,4,-2,4,2,-1,2,1,-1,0,-114,2,-4,2,-1,0,0,-1,1,1,-1,2,-1
KR_6696294982,420,-2,18,-20,-4,-5,5,0,3,1,4,-1,3,2,-1,4,3,0,3,3,0,-6,-28,1,-4,3,1,0,-1,1,-1,-1,-1,4,-1
KR_5883872214,420,-4,-101,-26,-16,-3,3,0,0,5,5,-3,6,3,-11,13,2,1,0,1,0,-11,-2,2,-3,1,-5,0,-3,-1,-1,-1,-1,4,-1
KR_6695007372,420,0,-49,12,-2,2,1,3,0,5,5,1,1,2,-5,8,3,0,1,1,0,-1,4,3,-7,4,0,0,1,0,-1,1,1,0,-1
KR_6751233104,420,-4,-56,-40,-2,-1,2,1,1,4,5,0,2,2,-2,4,2,0,2,2,0,-6,-119,1,-4,3,-3,0,-2,1,-1,-1,1,2,-1
KR_6756241260,420,-1,-27,-25,-2,0,4,4,1,3,4,-3,5,2,-1,2,1,1,0,1,0,1,-18,2,-4,2,1,0,0,0,0,1,-1,0,-1
KR_6520207141,420,-5,-53,-44,-9,1,1,2,-4,11,7,-1,3,2,-4,5,1,-1,1,0,0,-8,19,3,-7,4,-5,0,0,-1,-1,0,-1,2,-1
KR_6729809000,420,2,13,-12,-1,2,0,2,2,0,2,-1,3,2,-6,7,1,2,0,2,0,4,27,2,-4,2,0,0,0,-1,1,1,1,4,-1
KR_6639397734,420,-2,26,-22,-9,1,0,1,-2,2,0,-4,6,2,-5,6,1,1,0,1,0,-14,-156,-5,0,5,28,0,0,-1,0,1,1,5,-1
KR_6749997268,420,1,62,-15,3,-5,7,2,3,1,4,2,1,3,3,2,5,0,0,0,1,11,-3,-3,-5,8,5,0,0,1,-1,1,1,5,-1
KR_6748186126,420,-1,39,-6,-4,2,0,2,-2,5,3,-2,3,1,-2,5,3,0,1,1,0,-10,-10,-1,-2,3,7,0,-2,1,1,1,1,5,-1
KR_6760642265,420,0,35,8,0,3,0,3,-3,5,2,-2,2,0,3,6,9,-1,3,2,0,-3,-19,-2,-2,4,5,0,1,0,1,1,1,0,-1
KR_6651705037,420,0,-33,-8,6,-1,3,2,1,2,3,-1,1,0,5,1,6,2,0,2,0,7,14,2,-3,1,-5,0,-1,1,-1,-1,1,6,-1
KR_6658336360,420,-3,-34,-27,0,-1,4,3,-6,7,1,-1,2,1,3,2,5,5,1,6,0,-6,-37,1,-8,7,2,0,1,1,1,1,1,3,-1
KR_6689849811,420,0,24,40,0,1,1,2,3,3,6,-2,2,0,-2,2,0,0,0,0,1,2,-1,-3,-2,5,-2,0,0,1,1,0,1,1,-1
KR_6713562554,420,-2,10,-26,-5,-4,6,2,-4,4,0,0,1,1,0,2,2,3,1,4,0,-3,3,1,-2,1,-3,0,-1,1,-1,-1,1,4,-1
KR_6643511835,420,-1,4,16,-5,-3,5,2,-1,2,1,-1,2,1,1,2,3,-1,2,1,0,-6,-4,-3,-3,6,2,0,-1,-1,1,-1,1,5,-1
KR_6752321624,420,-4,-95,-70,-6,0,0,0,-1,1,0,-6,8,2,1,3,4,0,0,0,0,4,-31,2,-3,1,24,0,-2,-1,0,-1,-1,6,-1
KR_6654226944,420,-1,-70,-17,-6,-4,4,0,1,4,5,-1,3,2,-1,3,2,-1,2,1,0,-4,5,-2,-3,5,-6,0,-1,-1,-1,-1,1,6,-1
KR_6754190344,420,1,21,12,4,-1,2,1,0,2,2,2,1,3,3,4,7,0,1,1,-1,5,2,-2,-1,3,1,0,0,1,-1,0,-1,5,-1
KR_6748790166,420,-3,44,5,-5,0,3,3,-6,8,2,1,1,2,1,1,2,-1,1,0,0,-6,3,1,-4,3,4,0,0,-1,-1,-1,1,3,-1
KR_6662470256,420,-4,-107,7,-14,-2,5,3,-1,4,3,-5,5,0,-7,10,3,1,0,1,-1,-13,-29,-3,-5,8,-3,0,-1,-1,-1,-1,-1,5,-1
KR_6711415799,420,-4,-28,-35,-8,0,1,1,-5,5,0,1,2,3,-4,6,2,0,1,1,0,-11,22,2,-5,3,-15,0,-1,-1,1,-1,1,4,-1
KR_6043582779,420,-4,-56,-24,-5,-2,3,1,-1,5,4,-2,4,2,1,1,2,-1,1,0,0,-6,4,2,-6,4,1,0,-1,-1,-1,-1,1,1,-1
KR_6684032935,420,2,52,-6,3,1,0,1,1,1,2,-1,4,3,3,3,6,-1,2,1,0,3,-3,2,-7,5,-1,0,0,-1,1,0,1,1,-1
KR_6762714258,420,1,-3,-1,1,-2,3,1,2,4,6,-3,6,3,1,4,5,3,1,4,0,5,-273,-1,0,1,-1,0,0,-1,1,0,-1,2,-1
KR_6760493349,420,-3,-41,0,-8,0,1,1,-3,3,0,-3,6,3,-1,1,0,-1,3,2,0,-8,-25,-5,-2,7,-1,0,-2,-1,1,-1,-1,1,-1
KR_6684871322,420,-1,-31,-21,-3,1,1,2,-2,4,2,-2,2,0,-1,3,2,1,1,2,-1,-2,0,-1,-2,3,4,0,1,-1,1,-1,-1,5,-1
KR_6685629712,440,-2,-60,-8,-7,-4,5,1,1,3,4,5,0,5,-8,8,0,-1,4,3,-2,-5,35,0,-6,6,0,0,0,1,-1,0,-1,5,-1
KR_6723646914,420,-4,-1,-16,-4,-1,2,1,-3,4,1,5,2,7,-2,3,1,-3,3,0,0,-7,3,3,-5,2,-3,0,-1,-1,-1,-1,-1,3,-1
KR_6749868461,420,-2,-64,-4,-8,0,2,2,-1,3,2,-2,6,4,-2,5,3,-3,3,0,0,-14,-215,-3,-4,7,-3,0,-1,-1,1,-1,-1,1,-1
KR_6752509934,420,-1,41,-12,-3,-1,1,0,2,1,3,-4,4,0,-1,2,1,1,0,1,0,-1,-41,0,-2,2,13,0,0,-1,0,0,-1,5,-1
KR_6663894704,420,-2,-14,4,-8,-1,2,1,-6,7,1,3,1,4,-3,3,0,-1,2,1,0,-9,-17,-1,-4,5,-3,0,0,-1,0,0,-1,3,-1
KR_6725049204,420,-2,-41,12,-5,-2,3,1,-4,4,0,0,1,1,-1,2,1,2,0,2,0,-5,-3,1,-1,0,0,0,-2,1,-1,-1,-1,4,-1
KR_6639739456,420,-5,-52,-25,-17,-3,5,2,0,3,3,-6,10,4,-4,4,0,-4,4,0,0,-10,302,-3,0,3,0,0,-2,-1,-1,-1,-1,2,-1
KR_6694488650,420,2,11,52,7,-4,4,0,0,1,1,1,1,2,3,3,6,7,1,8,-1,5,10,-1,-5,6,0,0,2,1,-1,1,-1,3,-1
KR_6710357906,420,-4,-79,-40,-11,-1,2,1,-2,4,2,-4,6,2,-4,5,1,0,4,4,-2,-9,-204,-7,-3,10,-4,0,0,-1,-1,-1,1,3,-1
KR_6762656743,420,-1,-39,-31,0,-4,5,1,0,3,3,5,0,5,0,2,2,-1,1,0,0,3,-140,-3,-2,5,3,0,-1,-1,1,1,1,6,-1
KR_6760657506,420,-4,-144,10,-12,-2,4,2,-5,9,4,-1,3,2,-4,6,2,0,1,1,0,-5,6,0,-3,3,-4,0,-3,-1,1,-1,-1,5,-1
KR_6741038126,420,3,59,-4,4,1,2,3,0,2,2,1,0,1,-1,2,1,3,1,4,1,2,4,1,-4,3,-4,0,2,-1,1,1,1,6,-1
KR_6719494976,420,1,-4,-8,-5,3,1,4,-1,5,4,-1,4,3,-4,5,1,-2,3,1,0,-9,-14,-3,-2,5,-5,0,-1,1,-1,-1,-1,5,-1
KR_6743637497,420,-2,-2,-12,-2,-2,3,1,0,4,4,-1,7,6,0,1,1,1,1,2,0,-3,13,5,-6,1,-1,0,-2,-1,-1,-1,-1,4,-1
KR_6726583090,420,-4,-86,-19,-13,-3,5,2,-1,4,3,0,0,0,-10,10,0,1,0,1,-1,-13,-12,1,-5,4,-3,0,-1,-1,-1,-1,-1,6,-1
KR_6705526007,420,-2,24,4,-8,2,0,2,-5,6,1,-3,3,0,-1,3,2,-1,3,2,0,-10,-65,2,-6,4,-3,0,0,1,1,-1,1,6,-1
KR_6642873150,420,-2,42,5,-7,1,1,2,-3,4,1,0,3,3,-4,4,0,-1,3,2,0,-6,2,1,-6,5,-4,0,1,-1,-1,-1,-1,3,-1
KR_6753537639,420,4,120,28,5,1,1,2,1,0,1,5,0,5,-1,1,0,-1,3,2,0,2,2,1,-3,2,0,0,1,-1,1,1,1,6,-1
KR_6760543400,420,-2,-20,0,-7,-4,4,0,-5,6,1,-1,3,2,0,4,4,3,0,3,0,-16,11,-2,-2,4,-7,0,-1,-1,1,-1,-1,1,-1
KR_6699749619,420,-2,-36,-32,-2,-1,2,1,-1,2,1,4,4,8,-5,6,1,1,0,1,0,-4,-1,1,-3,2,1,0,-2,0,-1,-1,-1,0,-1
KR_6650530954,420,-2,-13,24,-4,-4,5,1,2,1,3,3,1,4,-4,6,2,-1,2,1,0,-8,-3,-1,-4,5,-1,0,-1,1,1,-1,1,3,-1
KR_6733702652,420,-2,-93,8,-3,-3,4,1,3,1,4,2,1,3,-2,3,1,-3,3,0,0,-4,100,2,-6,4,4,0,0,-1,-1,0,1,4,-1
KR_6759749141,420,-1,-30,-32,-4,-1,2,1,-3,5,2,-1,2,1,1,1,2,0,1,1,0,-5,-10,-4,0,4,2,0,0,1,-1,-1,1,6,-1
KR_6669744176,420,-2,-45,-20,-4,2,0,2,-2,3,1,-1,2,1,-1,2,1,-2,2,0,0,4,-1,0,-2,2,0,0,-2,-1,-1,-1,-1,3,-1
KR_6748238515,420,2,7,-5,-5,-1,1,0,1,0,1,2,2,4,-8,9,1,1,1,2,0,0,67,-1,-2,3,3,0,-1,-1,-1,-1,-1,6,-1
KR_6762881545,420,-6,-97,-36,-15,-6,6,0,2,0,2,-3,4,1,-5,8,3,-3,5,2,0,-2,-14,2,-4,2,-3,0,-2,-1,-1,-1,-1,6,-1
KR_6696548669,420,-3,-64,2,-5,0,2,2,-1,1,0,0,3,3,-5,8,3,1,1,2,0,-2,7,0,-1,1,1,0,-2,-1,0,-1,-1,3,-1
KR_6723553960,420,-2,-71,-2,-14,-3,5,2,2,1,3,-5,5,0,-6,8,2,-2,2,0,0,-7,-5,-1,-2,3,0,0,-3,-1,-1,-1,-1,3,-1
KR_6737161133,420,-1,-7,-4,0,-2,2,0,2,4,6,3,1,4,0,7,7,-3,4,1,-1,3,-3,1,-2,1,0,0,1,1,-1,1,-1,4,-1
KR_6749694910,420,0,41,8,-9,2,0,2,-4,6,2,-2,4,2,-4,6,2,-1,1,0,0,-13,-18,-1,-2,3,-2,0,-1,-1,-1,-1,-1,1,-1
KR_6758424664,420,-3,-55,-7,-14,-3,4,1,-4,6,2,-4,5,1,-3,4,1,0,2,2,0,-8,132,-3,-3,6,-5,0,-2,-1,1,-1,-1,5,-1
KR_6731034088,420,1,-13,32,-3,2,2,4,4,0,4,-4,5,1,-3,3,0,-2,2,0,-1,-2,-115,0,-4,4,0,0,-2,0,1,-1,-1,0,-1
KR_6649297640,420,-1,-65,37,-4,-2,2,0,1,1,2,-1,1,0,-1,2,1,-1,1,0,0,1,9,0,-4,4,-3,0,0,-1,1,0,-1,6,-1
KR_6754860407,420,-6,-55,-48,-13,-6,6,0,-7,9,2,0,1,1,0,3,3,0,1,1,0,-1,28,-1,-3,4,-2,0,-2,-1,-1,-1,1,2,-1
KR_6763448970,420,0,59,-4,0,3,1,4,-3,3,0,-2,6,4,2,2,4,0,1,1,0,-2,-10,-2,-3,5,1,0,0,0,-1,0,1,0,-1
KR_6730671314,420,-5,-42,-56,-12,-2,5,3,-2,5,3,-5,10,5,2,2,4,-5,6,1,0,-7,-17,-3,-1,4,0,0,-2,1,-1,-1,-1,5,-1
KR_6715916578,420,0,3,-10,0,-3,6,3,4,1,5,2,2,4,-3,5,2,0,0,0,0,0,16,6,-10,4,1,0,0,-1,1,1,1,1,-1
KR_6724032190,440,-2,4,-21,-6,-2,3,1,1,1,2,-11,12,1,4,2,6,2,1,3,1,4,6,-2,-1,3,-4,0,-1,-1,-1,-1,1,1,-1
KR_6748722221,420,-1,9,16,0,-4,5,1,-6,7,1,1,2,3,10,1,11,-1,3,2,-1,2,-44,-3,-2,5,5,0,-1,0,1,-1,-1,0,-1
KR_6764419570,420,-3,-57,-20,1,-1,2,1,1,2,3,-3,7,4,2,3,5,2,0,2,0,-1,2,-3,-5,8,0,0,0,0,-1,0,-1,0,-1
KR_6708364183,420,-4,23,0,-7,-1,2,1,-1,3,2,-3,4,1,-2,3,1,0,0,0,0,-15,-3,4,-7,3,0,0,-1,-1,-1,-1,-1,4,-1
KR_6762718208,420,0,49,-12,-7,-3,4,1,-2,3,1,4,2,6,-2,6,4,-4,4,0,0,-2,12,0,-3,3,2,0,0,-1,1,0,-1,2,-1
KR_6625788516,420,-3,-63,39,-6,-2,4,2,2,0,2,-3,4,1,-1,4,3,-2,2,0,0,-1,-310,2,-4,2,-3,0,-1,-1,-1,-1,1,3,-1
KR_6738666556,440,3,-9,2,0,0,2,2,-3,5,2,3,2,5,1,3,4,-1,1,0,0,-3,-1,-3,0,3,-4,0,0,1,-1,0,-1,3,-1
KR_6725371559,420,2,-41,-14,-1,5,2,7,-2,2,0,3,2,5,-5,7,2,-2,2,0,1,6,-5,0,-1,1,0,0,0,1,0,1,1,5,-1
KR_6675677618,420,-1,-2,-15,-1,-3,3,0,-3,4,1,2,0,2,3,1,4,0,0,0,0,4,-29,3,-4,1,29,0,0,1,-1,1,-1,6,-1
KR_6699571691,420,-3,-31,8,-11,3,0,3,2,2,4,-6,6,0,-5,7,2,-5,6,1,-1,-12,5,2,-5,3,-1,0,1,0,-1,1,-1,0,-1
KR_6659215014,420,-1,-30,-18,-1,-3,5,2,-1,2,1,3,5,8,1,2,3,-1,3,2,0,-3,-4,-3,-2,5,-3,0,-1,-1,-1,-1,-1,1,-1
KR_5944573941,420,0,-7,12,-1,-3,4,1,-2,5,3,0,2,2,4,0,4,0,1,1,0,1,7,2,-5,3,-2,0,0,-1,-1,0,-1,2,-1
KR_6633688986,420,-4,-62,-28,-12,-2,4,2,-6,7,1,-1,2,1,-4,4,0,1,1,2,0,-9,20,-3,-4,7,-2,0,-1,-1,-1,-1,1,1,-1
KR_6709725567,420,-1,-61,0,-1,-2,5,3,-3,6,3,4,2,6,0,2,2,0,1,1,0,-2,6,4,-6,2,3,0,0,-1,-1,-1,-1,2,-1
KR_6733973957,420,-1,-21,4,2,0,2,2,3,2,5,1,1,2,-3,3,0,1,0,1,0,0,-3,1,-4,3,-1,0,-1,-1,1,1,1,1,-1
KR_6761883761,420,-2,-14,-8,-11,2,1,3,-4,4,0,-5,7,2,-4,5,1,0,0,0,-1,-10,-6,2,-6,4,2,0,0,1,-1,-1,-1,4,-1
KR_6740189389,420,-4,-32,-28,-11,-3,4,1,-2,3,1,1,2,3,-6,7,1,-1,2,1,-1,-9,1,-2,-1,3,-2,0,-1,-1,-1,-1,-1,1,-1
KR_6749376956,420,-1,9,29,-3,0,1,1,2,2,4,-1,3,2,-5,7,2,1,1,2,-1,0,-1,-2,-1,3,0,0,-1,1,1,-1,1,6,-1
KR_6628266725,420,2,27,12,-5,-3,4,1,2,1,3,-1,2,1,-3,4,1,0,0,0,0,-4,14,-2,-1,3,-2,0,0,1,-1,0,-1,1,-1
KR_6704759839,420,0,46,-14,-3,-2,2,0,0,3,3,-2,2,0,2,1,3,-1,2,1,0,-2,4,2,-5,3,1,0,0,-1,-1,0,-1,4,-1
KR_6704790098,420,0,44,-24,3,4,1,5,5,1,6,1,2,3,-4,4,0,-3,3,0,0,-3,-43,-1,-1,2,16,0,0,-1,-1,0,-1,5,-1
KR_6761754735,440,0,-21,0,1,1,1,2,0,1,1,1,1,2,1,2,3,-2,3,1,0,3,14,-2,-2,4,-3,0,0,0,1,0,1,0,-1
KR_6753039277,420,-3,22,15,-11,0,1,1,-3,5,2,-2,4,2,-3,3,0,-3,5,2,0,-11,0,0,-2,2,-2,0,-2,-1,-1,-1,1,6,-1
KR_6689830160,420,-1,-23,0,1,2,1,3,-3,3,0,4,1,5,-2,5,3,0,0,0,0,-1,2,-1,-3,4,-2,0,0,-1,1,0,-1,3,-1
KR_6762254741,420,0,71,-16,-3,1,2,3,-2,2,0,0,1,1,0,1,1,-2,2,0,0,-1,0,1,-3,2,0,0,-2,-1,-1,-1,-1,1,-1
KR_6764082009,420,-1,-73,17,-7,-2,5,3,6,1,7,-7,8,1,-2,4,2,-2,3,1,-1,3,-12,6,-6,0,-1,0,-2,-1,0,-1,-1,5,-1
KR_6715984889,420,-2,-90,10,2,0,3,3,3,6,9,0,2,2,-1,3,2,0,1,1,0,2,-305,3,-5,2,-2,0,0,1,0,-1,1,4,-1
KR_6725227810,420,-3,-39,-12,-4,-3,4,1,-1,3,2,-1,5,4,2,2,4,-1,1,0,0,3,-10,-7,0,7,0,0,-1,-1,1,-1,-1,1,-1
KR_6760780920,420,-1,-33,-20,-5,-2,3,1,-4,6,2,5,1,6,-4,4,0,0,0,0,0,-5,20,3,-7,4,-1,0,-2,1,-1,-1,-1,2,-1
KR_6737810207,420,-1,69,-40,0,-5,5,0,-1,3,2,3,0,3,1,2,3,2,0,2,0,3,7,1,-1,0,1,0,2,1,0,1,1,3,-1
KR_6733698765,420,3,18,20,3,-4,6,2,2,2,4,3,0,3,3,0,3,-1,3,2,0,4,8,2,-5,3,0,0,-1,0,-1,-1,-1,0,-1
KR_6763405298,420,-1,-35,-9,-8,-4,4,0,-3,4,1,-1,1,0,-1,2,1,1,0,1,0,-4,-38,-1,-4,5,7,0,0,-1,-1,0,-1,4,-1
KR_6758445266,420,-1,41,21,0,0,3,3,-2,8,6,1,0,1,0,0,0,1,1,2,0,-5,-2,1,-6,5,0,0,0,0,1,1,-1,0,-1
KR_6728658517,420,-3,12,-8,-8,0,1,1,-2,3,1,-6,6,0,0,2,2,0,1,1,2,-10,161,-3,-2,5,-1,0,1,0,-1,1,1,0,-1
KR_6743520468,420,-5,-65,-12,-3,-3,4,1,1,1,2,0,1,1,-1,1,0,0,0,0,0,0,15,-3,-3,6,-3,0,0,-1,1,0,-1,6,-1
KR_6623351593,420,2,37,-28,6,3,0,3,0,3,3,1,1,2,3,0,3,-1,1,0,0,8,9,0,-4,4,0,0,1,-1,1,1,1,1,-1
KR_6685298285,420,1,-10,13,7,-2,3,1,-1,2,1,3,0,3,5,2,7,2,0,2,0,7,1,-1,-2,3,1,0,0,1,1,0,-1,5,-1
KR_6417257279,420,-1,-94,-24,-5,-3,3,0,-3,4,1,0,3,3,-1,1,0,2,0,2,-2,-4,-10,-4,-2,6,2,0,-2,-1,-1,-1,-1,6,-1
KR_6749963388,440,1,-11,-17,0,-1,1,0,0,2,2,-2,2,0,4,0,4,-1,3,2,1,2,1,-2,-3,5,-1,0,0,-1,-1,0,1,4,-1
KR_6394453842,420,1,-2,4,2,-2,3,1,2,0,2,5,1,6,-5,6,1,2,0,2,0,6,78,-2,0,2,14,0,-1,1,-1,-1,1,1,-1
KR_6717990400,420,-4,-79,-79,-4,-5,6,1,-2,3,1,-4,4,0,5,2,7,2,0,2,0,0,-43,3,-5,2,-1,0,-1,-1,1,-1,-1,6,-1
KR_6761043112,440,-2,23,17,-3,1,1,2,1,5,6,-7,8,1,-3,4,1,5,2,7,0,-8,17,0,-3,3,-1,0,1,1,-1,1,1,1,-1
KR_6753567247,420,-2,-18,0,1,-3,3,0,-1,1,0,2,2,4,-1,2,1,4,0,4,0,-1,14,-1,-3,4,-2,0,-1,1,1,-1,1,4,-1
KR_6721553113,440,0,-18,-12,-7,-7,7,0,2,1,3,-2,3,1,2,1,3,-2,2,0,0,-9,-32,-3,-2,5,16,0,0,-1,1,0,-1,4,-1
KR_6740831292,420,-6,-91,-5,-11,-5,5,0,3,1,4,0,0,0,-5,5,0,-4,5,1,0,-6,-22,-2,-5,7,-2,0,-1,-1,1,-1,-1,6,-1
KR_6526507527,420,-2,-80,-32,-7,-3,5,2,-1,4,3,1,2,3,-6,9,3,2,0,2,-2,-9,-3,-1,-2,3,0,0,-1,-1,-1,-1,-1,2,-1
KR_6660483550,420,-1,5,0,-7,1,1,2,-5,7,2,0,2,2,-2,4,2,-1,2,1,0,-6,-5,-1,-4,5,-1,0,0,-1,1,1,-1,5,-1
KR_6740098655,420,0,31,-14,-5,-7,9,2,1,2,3,2,3,5,-1,2,1,0,1,1,0,7,-8,2,-3,1,2,0,-1,1,1,-1,-1,4,-1
KR_6750860668,420,-3,-30,-20,-8,-16,16,0,-2,3,1,3,2,5,8,0,8,-1,1,0,-1,3,-7,-3,-1,4,-1,0,-4,1,-1,-1,-1,3,-1
KR_6759337736,420,-4,-39,-7,-3,-4,5,1,1,3,4,2,2,4,1,2,3,-3,3,0,0,4,1,-3,-3,6,-3,0,-1,1,-1,-1,-1,5,-1
KR_6667953572,420,-3,-45,-29,-5,-1,1,0,-5,8,3,1,1,2,3,1,4,-3,4,1,-1,3,-4,-5,-1,6,3,0,-1,1,-1,-1,-1,2,-1
KR_6717450485,420,-1,-68,9,-2,-2,2,0,-1,6,5,0,2,2,0,1,1,1,1,2,0,0,-5,2,-3,1,-4,0,-1,-1,-1,-1,1,4,-1
KR_6737289197,420,-3,-10,-32,-1,3,4,7,-1,2,1,1,1,2,-4,5,1,0,0,0,-1,-10,0,-3,-1,4,-1,0,0,-1,-1,-1,-1,1,-1
KR_6754257444,420,-2,-86,-40,-1,-3,3,0,1,1,2,-1,3,2,3,1,4,-1,3,2,2,12,-7,-6,0,6,3,0,-1,1,-1,-1,1,5,-1
KR_6763953054,440,0,-100,-11,0,-2,5,3,3,0,3,-1,1,0,0,2,2,0,1,1,0,5,-3,3,-5,2,1,0,-1,-1,-1,-1,-1,4,-1
KR_6752835580,440,-3,3,8,-10,1,4,5,-1,2,1,-2,2,0,-6,6,0,-2,2,0,0,-2,15,0,-6,6,1,0,1,-1,0,1,-1,1,-1
KR_6710402603,420,-2,-13,-6,0,-1,2,1,0,2,2,-4,5,1,4,4,8,1,1,2,0,-1,108,1,-4,3,1,0,-1,-1,1,-1,1,4,-1
KR_6738401778,420,-1,-28,-8,4,-2,4,2,3,0,3,4,1,5,-2,5,3,1,0,1,0,5,19,8,-8,0,1,0,-1,1,0,-1,-1,6,-1
KR_6680215650,420,0,46,20,-11,-2,4,2,-2,6,4,0,4,4,-9,9,0,2,0,2,0,-14,0,-2,-2,4,-2,0,-1,-1,0,-1,1,3,-1
KR_6736246232,440,-2,-23,-14,-1,-1,1,0,4,0,4,5,3,8,-3,5,2,-6,6,0,-1,-5,-2,-1,-3,4,-2,0,0,-1,1,0,-1,5,-1
KR_6732159711,420,-2,-4,-8,-10,-3,4,1,-2,2,0,-1,3,2,-2,2,0,-2,2,0,0,-10,28,1,-5,4,-1,0,0,-1,-1,0,-1,1,-1
KR_6750257499,420,-3,-9,-16,-7,0,4,4,-2,2,0,-1,3,2,-4,5,1,0,0,0,0,-7,-6,3,-3,0,-2,0,-2,-1,-1,-1,1,3,-1
KR_6763152173,420,-4,-125,-31,-2,-4,7,3,6,2,8,1,0,1,-1,2,1,-4,5,1,-1,4,-3,1,-5,4,-6,0,0,1,1,1,-1,1,-1
KR_6206552697,420,-1,23,-22,-1,-4,4,0,4,2,6,-1,1,0,0,2,2,0,0,0,1,5,-173,-1,-6,7,0,0,0,-1,-1,0,1,1,-1
KR_6759799034,420,0,-59,-16,4,2,3,5,-1,3,2,5,1,6,-3,4,1,1,1,2,0,7,-26,-2,-3,5,-5,0,1,0,1,1,1,0,-1
KR_6728514947,420,-2,-124,-7,-4,2,0,2,-1,3,2,-5,6,1,-2,2,0,2,0,2,0,-6,-52,0,-2,2,38,0,-2,1,0,-1,-1,2,-1
KR_6751949040,420,-2,-47,4,-6,-1,2,1,2,1,3,-2,7,5,-5,5,0,0,1,1,0,-3,2,-2,-1,3,-3,0,-1,-1,-1,-1,-1,6,-1
KR_6756731449,420,1,41,-2,-1,-4,5,1,-2,4,2,2,2,4,0,2,2,3,0,3,0,2,10,1,-2,1,3,0,0,1,1,1,1,2,-1
KR_6745682385,440,-6,-30,-44,-3,3,1,4,-3,3,0,2,1,3,-2,3,1,-3,3,0,0,-2,8,-7,-1,8,2,0,-2,1,-1,-1,1,2,-1
KR_6749958023,420,-1,-39,27,-3,0,1,1,-2,4,2,-4,5,1,2,3,5,1,2,3,2,-4,3,3,-4,1,-2,0,1,-1,0,1,1,5,-1
KR_5943235109,420,0,-9,7,-5,-3,3,0,-1,5,4,-2,5,3,2,1,3,-1,1,0,0,-8,39,-1,-7,8,-1,0,1,-1,1,1,-1,2,-1
KR_6672467182,420,-3,-74,8,-5,-3,4,1,0,2,2,-2,4,2,0,0,0,0,0,0,0,-5,-1,-1,-3,4,1,0,-1,-1,1,-1,-1,4,-1
KR_6717285547,440,0,65,-8,-7,4,1,5,3,1,4,-7,7,0,-4,5,1,-3,4,1,0,-8,0,-2,-2,4,0,0,-1,-1,-1,1,-1,6,-1
KR_6712551469,420,-3,28,-12,-11,-1,4,3,-1,5,4,-1,3,2,-9,9,0,1,1,2,0,-11,-3,-1,-2,3,-1,0,2,1,1,1,-1,4,-1
KR_6666440045,420,-5,-24,-35,-13,-5,5,0,-7,7,0,0,0,0,4,3,7,-5,5,0,0,-7,3,-4,-4,8,0,0,-2,-1,-1,-1,-1,2,-1
KR_6720811295,420,-1,-21,-12,4,0,0,0,5,0,5,-2,4,2,-1,4,3,2,1,3,0,0,113,3,-5,2,-2,0,0,-1,1,0,1,6,-1
KR_6762523675,420,-3,-52,-20,-8,-2,3,1,-1,5,4,2,1,3,-5,7,2,-2,2,0,0,-12,106,-1,-1,2,-2,0,-1,-1,-1,-1,-1,2,-1
KR_5778337219,420,-6,-75,-32,-4,0,0,0,-3,4,1,-2,4,2,3,2,5,-2,2,0,0,-5,-4,-2,-2,4,0,0,-2,-1,-1,-1,-1,5,-1
KR_6700023446,420,0,-45,-8,7,-1,2,1,4,2,6,0,3,3,0,0,0,4,1,5,0,12,307,-2,-1,3,-3,0,0,-1,-1,0,-1,1,-1
KR_6742062499,420,-1,45,-28,2,-4,4,0,-1,2,1,1,1,2,4,4,8,2,2,4,1,6,7,1,-4,3,0,0,1,-1,-1,1,1,3,-1
KR_6763949940,420,-3,-31,-18,-1,-1,3,2,-3,4,1,-1,1,0,3,0,3,1,0,1,0,-1,-24,1,-5,4,-3,0,0,1,-1,-1,-1,1,-1
KR_6757911082,420,-6,-71,-20,-8,-6,7,1,1,4,5,0,2,2,-1,2,1,-2,2,0,0,-8,-4,-2,-1,3,2,0,-2,-1,-1,-1,1,2,-1
KR_6630203200,440,-9,-121,-24,-18,-7,7,0,1,2,3,-8,8,0,-4,4,0,0,1,1,0,-18,-17,-3,-3,6,0,0,-4,-1,1,-1,1,2,-1
KR_6762737058,420,-5,-9,-41,-7,0,2,2,3,0,3,-6,8,2,-3,3,0,-1,1,0,0,-4,3,-1,-1,2,-2,0,1,1,1,1,-1,4,-1
KR_6617980460,420,-2,-50,-11,-1,-6,6,0,0,1,1,-1,4,3,4,1,5,2,0,2,0,1,-12,-2,-4,6,1,0,0,1,1,-1,1,5,-1
KR_6714468136,420,-4,-121,16,-7,-1,2,1,-3,3,0,-3,5,2,0,2,2,0,1,1,0,-4,-46,-2,-4,6,19,0,-1,-1,1,-1,-1,1,-1
KR_6703460726,420,2,59,-8,0,1,0,1,-5,9,4,3,0,3,1,2,3,0,1,1,0,-8,24,2,-4,2,2,0,1,-1,0,1,-1,2,-1
KR_6755191718,420,-3,-83,-2,-13,-3,7,4,-6,9,3,1,3,4,-4,4,0,-1,1,0,0,-14,6,-1,-1,2,-2,0,-3,-1,-1,-1,-1,2,-1
KR_6721924738,420,-6,-91,14,-13,-4,4,0,0,2,2,-2,3,1,-7,8,1,0,1,1,0,-8,-5,-1,-3,4,-1,0,-1,-1,-1,-1,1,1,-1
KR_6726712183,420,-3,-94,16,-1,-3,3,0,0,1,1,1,1,2,-1,1,0,2,0,2,0,-2,-21,-6,-2,8,-4,0,-1,-1,-1,-1,1,4,-1
KR_6753966807,420,2,-6,16,-2,0,1,1,-7,7,0,0,2,2,-1,2,1,6,1,7,-1,-5,-1,-1,-1,2,4,0,0,-1,-1,1,-1,6,-1
KR_6730899927,420,2,30,12,1,0,1,1,-2,5,3,0,4,4,3,5,8,0,1,1,0,1,-9,-1,-2,3,1,0,-1,-1,1,-1,1,3,-1
KR_6643318234,420,-4,-110,-34,-13,-1,1,0,-6,6,0,-2,4,2,-5,5,0,1,0,1,0,-15,32,0,-5,5,-6,0,-1,0,1,-1,-1,0,-1
KR_6757829639,420,0,29,-11,-2,1,2,3,2,2,4,0,1,1,-4,4,0,-1,2,1,0,-1,-24,-2,-2,4,13,0,0,0,0,0,-1,0,-1
KR_6614927860,420,-4,-27,12,-7,2,0,2,1,0,1,-2,2,0,-7,7,0,-1,1,0,0,-5,1,2,-4,2,-3,0,-2,-1,-1,-1,-1,1,-1
KR_6700112904,420,-3,-13,-8,-18,-3,3,0,-9,10,1,-3,4,1,-2,4,2,-1,2,1,-2,-18,-25,-2,0,2,0,-1,-3,0,-1,-1,-1,0,-1
KR_6627195959,420,0,12,-28,1,3,1,4,-6,6,0,0,2,2,1,1,2,3,0,3,0,-2,2,-2,-2,4,0,0,0,1,0,0,1,6,-1
KR_6760654205,420,-2,-111,-1,-8,2,0,2,-5,6,1,-5,5,0,1,0,1,-1,1,0,0,-11,-3,-3,-2,5,0,0,-1,-1,-1,-1,-1,5,-1
KR_6742171637,420,-6,-139,12,-14,-8,8,0,-2,4,2,-2,3,1,-1,2,1,-1,1,0,0,-5,-1,0,-5,5,-1,0,0,-1,-1,-1,-1,4,-1
KR_6718003990,420,0,13,-32,3,0,1,1,-1,5,4,3,0,3,-2,4,2,3,1,4,0,3,-14,0,-5,5,5,0,0,-1,0,0,-1,5,-1
KR_6760720371,420,-3,-116,4,-8,-6,6,0,-2,2,0,2,0,2,0,2,2,-2,2,0,0,-6,209,2,-4,2,2,0,1,1,-1,1,1,3,-1
KR_6759823263,420,-2,-76,-24,-2,-2,2,0,3,0,3,-3,4,1,-2,4,2,2,2,4,0,3,-8,1,-1,0,-1,0,-1,-1,0,-1,-1,4,-1
KR_6648968391,420,-1,-51,8,-1,0,1,1,1,0,1,-5,7,2,2,0,2,1,0,1,0,4,1,5,-7,2,-4,0,-1,1,-1,-1,1,5,-1
KR_6726850071,420,-2,-4,-20,-2,1,2,3,-1,6,5,-1,2,1,-1,4,3,0,0,0,1,-1,3,-1,-4,5,-1,0,-1,-1,1,-1,1,6,-1
KR_6189795891,420,-6,-27,-18,-15,-4,5,1,-4,5,1,0,3,3,-3,5,2,-4,4,0,0,-16,-46,5,-8,3,17,0,-3,-1,-1,-1,1,1,-1
KR_6710773298,420,-4,-22,-8,-6,0,1,1,-3,6,3,-4,4,0,0,2,2,1,1,2,0,-9,-4,-3,-4,7,6,0,-1,-1,-1,-1,-1,4,-1
KR_6714128914,440,-2,0,-36,-3,0,3,3,-4,5,1,0,4,4,2,2,4,-1,1,0,0,3,-219,1,-4,3,5,0,-1,-1,-1,-1,-1,6,-1
KR_6687959069,420,-1,12,-1,-10,-6,6,0,-6,7,1,2,0,2,-1,6,5,1,2,3,-1,-8,8,0,-5,5,1,0,1,0,-1,1,-1,0,-1
KR_6587237651,420,1,24,-15,3,1,0,1,4,1,5,-4,6,2,5,3,8,-3,4,1,2,2,23,6,-8,2,0,0,-2,-1,-1,-1,1,5,-1
KR_6761762309,420,-6,-87,-4,-7,-6,6,0,-1,3,2,0,1,1,1,6,7,-1,1,0,0,-4,0,1,-5,4,-3,0,-2,-1,-1,-1,1,6,-1
KR_6697332441,420,-1,8,4,-5,1,1,2,-1,1,0,-3,3,0,-1,2,1,-1,1,0,-1,-2,-1,-5,-1,6,0,0,0,1,-1,-1,-1,3,-1
KR_6760530566,420,-2,-109,-5,-3,-2,2,0,-4,9,5,0,1,1,1,3,4,2,0,2,0,1,-14,-1,-2,3,2,0,0,-1,1,-1,-1,2,-1
KR_6764563181,440,-4,27,12,-9,-2,3,1,-2,9,7,-2,5,3,-4,4,0,1,1,2,0,-5,-121,-4,-3,7,-1,0,-1,1,1,-1,1,1,-1
KR_6760185301,420,-5,-6,-20,-13,2,1,3,-4,7,3,-4,5,1,-3,5,2,-4,5,1,0,-15,-3,0,-2,2,-5,0,-1,-1,-1,-1,1,6,-1
KR_6673915609,420,-4,17,-32,-3,3,1,4,-5,7,2,2,2,4,-3,8,5,0,1,1,2,-8,-4,-1,-2,3,1,0,-1,-1,1,-1,1,6,-1
KR_6753031615,440,4,-14,16,2,-2,4,2,3,1,4,3,0,3,-3,4,1,1,1,2,0,-1,-1,1,-4,3,-2,0,1,1,-1,1,-1,2,-1
KR_6715565025,420,0,-52,54,-3,3,1,4,-3,4,1,-5,6,1,1,1,2,1,2,3,1,-1,-40,-1,-4,5,25,0,0,1,1,-1,1,5,-1
KR_6723425312,420,-6,-70,1,-12,-7,8,1,-4,4,0,0,1,1,1,0,1,-2,3,1,0,-4,-10,-3,-2,5,-2,0,-1,-1,-1,-1,-1,4,-1
KR_6705670302,420,-1,-1,-8,-6,2,1,3,-4,5,1,-5,6,1,0,2,2,1,1,2,0,-3,22,2,-6,4,4,0,0,-1,-1,0,-1,5,-1
KR_6662201355,420,-3,-22,4,-2,-2,2,0,-3,6,3,2,1,3,3,3,6,-2,2,0,0,-13,-7,-5,-3,8,2,0,0,1,1,0,-1,6,-1
KR_6673861818,420,-5,-77,-16,-11,-3,4,1,-6,9,3,-2,5,3,-1,3,2,1,1,2,0,-4,0,2,-5,3,-3,0,-1,-1,-1,-1,-1,3,-1
KR_6675755668,420,-1,18,-15,-3,2,1,3,-3,4,1,-3,6,3,-1,2,1,2,0,2,0,-5,-4,0,-6,6,-1,0,0,1,0,0,-1,1,-1
KR_6733839259,420,-2,-8,-12,-2,1,1,2,-1,1,0,-2,6,4,0,3,3,0,0,0,0,0,5,3,-3,0,0,0,0,0,1,0,-1,0,-1
KR_6751078743,420,-3,-64,-28,-6,-2,4,2,-1,3,2,-1,1,0,-3,4,1,1,4,5,0,-3,-20,-2,-2,4,-1,0,-1,-1,-1,-1,-1,3,-1
KR_6754045359,420,-4,36,8,-18,-14,14,0,-1,1,0,-4,4,0,0,0,0,1,0,1,0,-9,4,-2,-1,3,1,0,0,1,-1,0,-1,2,-1
KR_6760194268,420,0,-50,20,5,3,0,3,3,0,3,1,2,3,-1,4,3,-1,1,0,0,4,-48,0,-6,6,18,0,1,-1,1,1,1,6,-1
KR_6764779350,420,-6,-117,18,-9,-2,3,1,-1,2,1,-6,7,1,2,5,7,-2,2,0,-1,-16,142,3,-5,2,-6,0,-2,1,1,-1,-1,1,-1
KR_6669699503,420,2,33,-24,7,2,3,5,1,1,2,-1,1,0,5,0,5,0,2,2,0,6,3,-4,-5,9,1,0,0,-1,-1,0,-1,1,-1
KR_6649606787,420,-4,-62,-3,-13,-1,3,2,-4,4,0,-4,5,1,-2,5,3,-2,3,1,0,-6,10,0,-3,3,1,0,0,-1,-1,-1,-1,3,-1
KR_6731561986,420,0,9,17,0,-2,3,1,-4,5,1,1,0,1,5,0,5,0,2,2,0,4,99,0,-5,5,0,0,1,1,0,1,-1,2,-1
KR_6634783744,420,-4,-49,-25,-11,-1,1,0,-2,4,2,1,2,3,-2,2,0,-7,7,0,0,-14,342,-8,0,8,-2,0,-1,-1,-1,-1,1,2,-1
KR_6764312903,420,-4,-72,-5,-10,-2,4,2,-1,2,1,-6,7,1,-2,2,0,1,1,2,0,-4,1,-2,0,2,2,0,0,-1,-1,0,-1,2,-1
KR_6749109028,420,1,-73,14,-1,4,0,4,-2,2,0,-2,3,1,-1,2,1,0,0,0,0,-1,6,-3,-1,4,1,0,0,0,1,0,-1,0,-1
KR_6645583544,420,0,-15,-7,2,2,1,3,0,3,3,-4,5,1,5,1,6,-1,1,0,0,7,-3,5,-7,2,-3,0,1,1,1,1,-1,2,-1
KR_6483057308,420,-4,-25,-3,-3,-3,3,0,2,2,4,0,4,4,-2,3,1,0,0,0,0,-6,2,7,-7,0,4,0,-1,1,-1,-1,-1,6,-1
KR_6737539057,420,-8,-149,-50,-17,-3,6,3,-3,4,1,-6,6,0,-3,5,2,-2,6,4,-1,-4,-5,-1,0,1,0,-1,-7,-1,-1,-1,-1,1,-1
KR_6745766551,420,1,-12,13,-5,2,0,2,-2,4,2,1,1,2,-7,8,1,1,0,1,0,-7,-12,-1,-5,6,9,0,0,1,1,0,1,1,-1
KR_6477250547,420,-3,-34,28,-7,-2,4,2,0,2,2,-2,2,0,-4,5,1,1,0,1,0,-6,-6,-3,-4,7,-1,0,1,-1,1,1,-1,3,-1
KR_6725378292,420,-5,-56,-72,-7,-3,3,0,0,1,1,1,3,4,-5,11,6,0,1,1,0,-7,-2,0,-4,4,-5,0,-2,-1,-1,-1,1,5,-1
KR_6729641968,420,-2,-42,-29,-1,0,3,3,-2,3,1,1,2,3,2,5,7,-2,2,0,0,6,-13,0,-3,3,-5,0,-1,1,-1,-1,1,4,-1
KR_6737617555,440,2,102,6,5,5,2,7,3,1,4,2,0,2,-3,6,3,-2,6,4,0,0,8,2,-6,4,-5,0,2,1,1,1,-1,4,-1
KR_6674561096,420,-1,-19,16,-9,-3,3,0,-7,8,1,2,2,4,2,1,3,-3,3,0,-1,-12,15,2,-8,6,2,0,0,-1,1,-1,-1,6,-1
KR_6748211747,420,1,8,0,6,5,0,5,0,2,2,0,2,2,-4,4,0,5,1,6,0,0,-9,1,-3,2,-1,0,1,-1,0,1,1,1,-1
KR_6647591325,420,0,-104,-8,4,-3,6,3,2,4,6,0,3,3,5,0,5,0,0,0,0,9,-97,-3,-2,5,0,0,-2,1,-1,-1,-1,1,-1
KR_6764310309,420,-5,-63,-46,-5,4,0,4,-1,2,1,-7,7,0,-1,5,4,0,0,0,0,1,-7,-1,0,1,-1,0,0,-1,-1,-1,-1,4,-1
KR_6761231413,420,-1,-32,12,0,1,3,4,-2,4,2,0,2,2,-1,1,0,2,0,2,1,7,9,5,-8,3,-3,0,-2,-1,-1,-1,1,3,-1
KR_6672717310,420,0,53,-35,-1,4,1,5,-2,4,2,-1,2,1,-2,5,3,0,0,0,0,-7,-6,-2,-3,5,-1,0,1,1,-1,1,1,3,-1
KR_6733381418,440,-1,-59,21,-1,-3,4,1,-4,5,1,-1,1,0,5,1,6,2,0,2,1,3,-15,1,-4,3,-1,0,1,1,0,1,1,5,-1
KR_6756594041,440,3,72,22,14,5,0,5,2,2,4,4,1,5,1,0,1,2,2,4,0,7,-1,-1,-2,3,1,0,2,1,1,1,1,5,-1
KR_6724086103,420,0,48,16,-6,-2,4,2,-2,5,3,-1,5,4,-1,1,0,0,0,0,0,-3,128,1,-6,5,5,0,0,0,-1,0,-1,0,-1
KR_6754378098,420,-2,-11,-28,-1,-3,3,0,7,1,8,-1,2,1,-3,4,1,-1,2,1,0,0,38,5,-9,4,-10,0,0,-1,-1,0,1,1,-1
KR_6751082279,420,0,-15,-26,3,1,4,5,1,1,2,2,0,2,-1,5,4,0,0,0,-1,3,10,-2,-3,5,0,0,0,-1,-1,0,-1,5,-1
KR_6760021896,440,-2,13,7,-1,7,0,7,-2,2,0,-8,9,1,-2,3,1,4,1,5,0,-5,23,2,-5,3,-2,0,0,-1,0,1,1,5,-1
KR_6762189103,420,-2,-13,20,-4,-1,2,1,1,2,3,-1,2,1,-2,5,3,-1,1,0,0,-2,36,-3,-1,4,-24,0,0,1,1,0,1,2,-1
KR_6743099663,420,-2,-32,-29,-2,2,1,3,2,2,4,-5,6,1,0,3,3,-1,1,0,0,-5,9,2,-5,3,-3,0,0,-1,1,0,-1,4,-1
KR_6632753264,420,-2,-85,-43,5,-1,2,1,0,2,2,-2,6,4,8,1,9,0,1,1,1,11,-4,4,-9,5,1,0,0,1,1,0,1,2,-1
KR_6617386385,420,-4,-138,-20,-10,-3,4,1,-5,5,0,-3,4,1,0,1,1,1,0,1,1,-2,-2,0,-2,2,-1,0,-1,-1,-1,-1,1,1,-1
KR_6747393723,420,1,37,-8,3,0,0,0,0,1,1,0,2,2,1,2,3,2,0,2,1,6,20,-2,-2,4,1,0,-1,1,-1,-1,1,5,-1
KR_6673528665,420,-3,-37,0,-9,-1,2,1,-4,4,0,0,1,1,-5,5,0,1,0,1,0,-9,182,1,-3,2,2,0,0,1,1,0,-1,1,-1
KR_6705515308,420,-5,-82,-33,2,-3,4,1,1,2,3,2,2,4,0,3,3,2,0,2,0,2,2,5,-8,3,0,0,1,0,1,-1,1,0,-1
KR_6693242774,420,-1,-26,20,-2,-2,2,0,3,3,6,0,4,4,-3,4,1,0,0,0,0,-10,6,3,-6,3,0,0,0,-1,0,-1,1,5,-1
KR_6602583755,420,-4,-5,-16,-20,-1,2,1,-13,14,1,-6,6,0,0,2,2,0,1,1,0,-14,-8,-2,0,2,1,0,-1,0,-1,-1,-1,0,-1
KR_6758671345,420,4,71,17,4,4,2,6,1,2,3,0,0,0,-1,3,2,0,1,1,0,2,28,3,-3,0,-1,0,0,1,1,0,1,1,-1
KR_6755757651,420,-7,-74,-29,-13,-4,5,1,1,4,5,-4,7,3,-6,6,0,0,1,1,0,-11,0,6,-8,2,-2,0,-2,-1,0,-1,1,2,-1
KR_6648793707,420,-5,-36,-8,-7,0,3,3,5,0,5,-3,5,2,-8,9,1,-1,2,1,1,-7,-6,-1,-6,7,0,0,0,-1,1,1,1,4,-1
KR_6750660235,420,-3,-1,-4,-6,-3,5,2,-4,4,0,1,3,4,0,2,2,0,1,1,0,-10,-6,-3,-2,5,-1,0,0,1,-1,0,1,2,-1
KR_6745942306,420,1,46,8,2,-4,4,0,2,1,3,1,1,2,-1,4,3,4,1,5,-1,-1,31,-5,-1,6,-12,0,1,-1,1,1,-1,6,-1
KR_6752841270,420,-5,-59,3,-13,2,1,3,-7,7,0,-6,8,2,-3,3,0,1,0,1,-1,-14,29,2,-4,2,-1,0,-1,0,-1,-1,-1,0,-1
KR_6762351300,420,-2,-72,-13,-1,0,0,0,-1,2,1,1,3,4,3,2,5,-4,5,1,0,-5,4,1,-3,2,-1,0,-1,1,-1,1,1,4,-1
KR_6744926712,420,-3,21,-16,-9,-2,3,1,0,3,3,-4,4,0,-3,4,1,0,3,3,0,-9,152,-2,-4,6,7,0,0,0,0,0,-1,0,-1
KR_6640461574,420,-4,-17,-24,0,-1,1,0,-2,3,1,-2,2,0,3,2,5,2,0,2,1,6,1,3,-5,2,-2,0,1,-1,0,1,1,6,-1
KR_6739942787,420,-3,28,7,-3,2,2,4,-3,5,2,-4,4,0,4,4,8,-2,4,2,0,3,-4,-2,-2,4,0,0,0,1,-1,0,1,3,-1
KR_6694683846,420,-2,-80,9,-9,-1,5,4,0,3,3,-1,3,2,-3,5,2,-4,5,1,0,-8,17,2,-4,2,-7,0,-1,-1,-1,-1,-1,2,-1
KR_6763668280,420,5,-3,28,10,-1,1,0,3,5,8,2,0,2,3,3,6,3,2,5,0,9,26,-2,-1,3,2,0,0,1,-1,-1,1,5,-1
KR_6763484284,440,-4,-37,8,-11,-5,5,0,-4,4,0,3,0,3,-2,5,3,-3,3,0,1,-10,-34,4,-4,0,-3,0,0,1,-1,-1,1,4,-1
KR_6744791210,420,-2,-3,-28,-4,-1,2,1,-4,6,2,-4,4,0,7,1,8,-2,3,1,0,6,7,-3,-1,4,-1,0,2,-1,-1,1,-1,2,-1
KR_6762788150,440,0,12,28,2,4,0,4,-2,4,2,-1,3,2,3,3,6,-2,2,0,0,-2,-30,-4,0,4,1,0,1,0,0,1,-1,0,-1
KR_6673583820,440,0,-26,27,-1,-3,3,0,4,4,8,-3,3,0,-2,5,3,3,3,6,1,-6,-40,1,-2,1,8,0,0,1,0,1,1,5,-1
KR_6763637299,420,-3,13,-39,-3,-1,3,2,-2,2,0,-5,5,0,4,2,6,1,2,3,0,-5,49,7,-9,2,2,0,1,-1,-1,1,1,3,-1
KR_6753251943,420,-2,-81,16,0,6,0,6,-1,3,2,-1,2,1,-3,3,0,-1,1,0,0,0,-3,-1,-3,4,-7,0,-2,-1,1,-1,1,4,-1
KR_6759886004,420,-2,-4,-5,-7,1,1,2,2,0,2,-3,4,1,-6,6,0,-1,3,2,0,-4,-1,2,-4,2,-1,0,-2,-1,0,-1,-1,2,-1
KR_6605894709,440,-1,-3,-12,2,1,2,3,-3,4,1,7,4,11,-4,6,2,1,0,1,0,-6,-157,3,-3,0,0,0,0,-1,-1,0,1,2,-1
KR_6756618389,420,0,-19,-9,-1,-1,1,0,1,2,3,0,3,3,2,2,4,-3,4,1,0,-3,6,-1,-3,4,-1,0,-1,0,-1,-1,-1,0,-1
KR_6649090906,440,-2,-26,3,-8,-3,3,0,2,2,4,-1,2,1,-4,6,2,-2,3,1,1,-9,-27,-1,-6,7,17,0,-2,-1,1,-1,1,6,-1
KR_6733426434,420,-1,-34,24,-2,3,2,5,4,0,4,0,0,0,-10,11,1,1,0,1,0,-4,-12,-1,-2,3,1,0,0,-1,1,-1,-1,6,-1
KR_6754974961,420,0,36,-23,-2,2,2,4,-1,3,2,0,2,2,-2,3,1,-1,1,0,0,-5,-3,-1,-4,5,5,0,0,-1,1,0,1,1,-1
KR_6354167207,420,0,-22,-4,4,3,0,3,0,1,1,0,1,1,2,2,4,-1,1,0,0,6,0,0,0,0,-3,0,1,0,1,1,-1,0,-1
KR_6754218545,420,-4,-11,-12,-13,-5,6,1,-2,3,1,-3,4,1,-3,5,2,0,1,1,0,-9,-10,-1,-3,4,2,0,-2,-1,0,-1,-1,6,-1
KR_6762444279,420,1,12,-16,0,-1,4,3,1,4,5,3,1,4,-2,5,3,-1,1,0,0,-4,0,-2,-4,6,1,0,-1,0,-1,-1,-1,0,-1
KR_6760196963,420,-4,-76,-16,-3,3,0,3,-1,1,0,-2,2,0,-2,5,3,-1,2,1,0,-9,-9,1,-2,1,-3,0,1,-1,1,1,-1,1,-1
KR_6762763409,420,-3,-73,-4,-8,1,4,5,-1,3,2,-3,3,0,-5,5,0,0,1,1,1,-12,-25,-5,-2,7,2,0,-1,-1,-1,-1,1,4,-1
KR_6660477877,420,-3,-52,-19,-16,1,0,1,-3,6,3,-5,5,0,-5,5,0,-4,4,0,0,-14,-141,-1,0,1,2,0,-3,-1,-1,-1,-1,6,-1
KR_6747543363,420,-7,-41,-39,-15,-1,2,1,-13,14,1,-3,3,0,4,2,6,-2,3,1,-1,-6,127,2,-6,4,-2,0,-1,1,-1,-1,-1,3,-1
KR_6724089840,420,0,-13,54,-7,2,1,3,1,2,3,-5,7,2,-5,5,0,0,1,1,-1,-9,1,-2,-2,4,0,0,1,-1,1,1,-1,5,-1
KR_6715974709,440,-1,-23,8,-3,3,0,3,-1,3,2,-3,7,4,1,1,2,-3,4,1,-1,3,-7,1,-3,2,3,0,0,-1,-1,0,-1,6,-1
KR_6683065286,420,1,13,0,-1,8,0,8,-2,2,0,1,2,3,-3,3,0,-5,6,1,0,-15,7,2,-7,5,0,0,0,1,1,-1,-1,6,-1
KR_6758066423,420,-3,-2,13,-8,-1,4,3,-1,1,0,-4,5,1,-1,5,4,-1,3,2,0,-7,2,-2,0,2,-3,0,0,1,-1,-1,1,2,-1
KR_6725035110,420,-5,-57,9,-12,-2,3,1,-3,4,1,-4,4,0,-4,5,1,1,0,1,0,-11,5,-2,-7,9,-3,0,-2,1,-1,-1,-1,6,-1
KR_6714526890,420,-1,-27,-8,-4,-2,2,0,-3,6,3,4,0,4,0,2,2,-3,3,0,0,-5,10,7,-11,4,-5,0,0,-1,-1,0,-1,6,-1
KR_6739598283,420,-3,-33,-8,-11,0,1,1,-3,4,1,0,2,2,-3,7,4,-5,7,2,0,-9,-47,2,-4,2,26,0,0,1,1,-1,-1,3,-1
KR_6760877896,420,-5,11,-9,-16,1,0,1,-2,4,2,-4,4,0,-6,6,0,-5,6,1,0,-21,-21,0,-3,3,2,0,-3,-1,-1,-1,-1,1,-1
KR_6699691511,420,-1,21,7,-6,1,0,1,-1,2,1,0,2,2,-4,5,1,-2,2,0,0,-4,-10,0,-5,5,1,0,-1,-1,1,-1,1,3,-1
KR_6708311938,420,-5,-93,28,-11,-10,11,1,0,1,1,0,2,2,1,0,1,-2,2,0,0,-3,0,-2,-3,5,-2,0,-2,1,1,-1,-1,1,-1
KR_6749507994,440,1,-11,25,-5,0,1,1,4,1,5,-2,3,1,-6,9,3,-1,2,1,-1,-13,-6,1,-5,4,-5,0,0,-1,1,0,-1,5,-1
KR_6674525062,420,-3,-35,-6,-1,0,3,3,0,3,3,-5,5,0,3,0,3,1,0,1,0,3,-10,-2,-2,4,-2,0,0,-1,1,-1,1,6,-1
KR_6753831848,420,0,15,-36,4,1,0,1,2,1,3,0,2,2,-2,2,0,3,1,4,0,5,-4,-1,-3,4,-2,0,0,-1,1,-1,-1,4,-1
KR_6656301143,420,-4,2,14,-15,-2,4,2,-5,7,2,-4,6,2,-1,2,1,-3,3,0,-1,-10,-19,0,-5,5,-1,0,-1,-1,1,-1,-1,6,-1
KR_6663702633,420,-4,-44,-20,-9,-4,5,1,0,5,5,-1,3,2,-4,8,4,0,1,1,0,3,-4,3,-8,5,-3,0,-2,-1,-1,-1,1,4,-1
KR_6764294864,420,-1,-34,8,-4,-3,6,3,0,0,0,1,1,2,0,0,0,-2,2,0,0,3,0,-2,-6,8,2,0,-1,1,0,-1,-1,5,-1
KR_6664154426,420,0,35,-24,2,1,2,3,-2,3,1,-3,5,2,3,3,6,3,0,3,0,0,-109,-6,-3,9,-3,0,0,-1,-1,0,1,6,-1
KR_6759457060,420,-8,-134,-20,-10,-1,4,3,3,0,3,-3,4,1,-7,8,1,-2,3,1,0,-5,-22,-1,-1,2,-3,0,-3,-1,-1,-1,1,6,-1
KR_6764430689,420,2,3,0,8,4,1,5,-3,3,0,1,1,2,5,2,7,1,0,1,0,2,-2,0,-4,4,1,0,1,0,-1,1,-1,0,-1
KR_6764574778,420,-3,-63,-36,-5,-4,4,0,0,5,5,-1,5,4,-1,5,4,1,2,3,0,2,-110,3,-6,3,-22,0,-1,1,0,-1,-1,3,-1
KR_6605702969,420,-7,-98,-56,-16,0,1,1,-9,9,0,-2,2,0,-4,7,3,-1,1,0,0,-12,-7,4,-6,2,-5,0,-2,-1,1,-1,-1,5,-1
KR_6656120803,420,-3,-62,14,-16,0,0,0,-1,4,3,-4,5,1,-3,3,0,-8,8,0,0,-22,-5,3,-6,3,-1,0,-1,-1,1,-1,-1,2,-1
KR_6621502465,420,-1,-81,-4,-4,0,1,1,1,2,3,-3,3,0,-1,2,1,-1,1,0,-1,-2,-10,-3,-2,5,1,0,-1,-1,-1,-1,-1,4,-1
KR_6716224727,420,-3,-35,-20,-6,-3,3,0,-1,4,3,0,1,1,-7,7,0,5,0,5,0,-9,126,-6,-1,7,0,0,-1,-1,1,-1,-1,4,-1
KR_6737480680,440,-1,9,5,0,2,1,3,1,0,1,0,7,7,-2,3,1,-1,1,0,0,-7,-21,3,-8,5,0,0,1,-1,1,-1,1,2,-1
KR_6758228410,420,2,25,3,0,1,3,4,-1,2,1,-1,2,1,0,2,2,1,0,1,0,-3,15,2,-4,2,2,0,2,1,1,1,1,5,-1
KR_6702923770,420,-1,58,-43,-5,1,1,2,-1,1,0,2,2,4,-3,5,2,-4,5,1,0,-5,5,1,-4,3,-21,0,0,1,0,0,-1,2,-1
KR_6747168504,420,-4,-87,-40,-8,0,1,1,-2,2,0,0,1,1,-5,6,1,-1,2,1,-1,-10,118,2,-7,5,-3,0,0,-1,1,0,-1,6,-1
KR_6761699206,420,-2,-80,-28,-1,-2,2,0,4,2,6,-1,2,1,-3,3,0,1,1,2,1,4,203,6,-7,1,-6,0,0,-1,1,0,1,4,-1
KR_6729697119,420,-2,1,-16,0,0,0,0,9,1,10,-4,7,3,-7,7,0,2,2,4,0,-1,-2,-4,-3,7,1,0,0,0,0,1,-1,0,-1
KR_6760232473,420,-2,-35,0,-6,2,1,3,2,0,2,-2,4,2,-8,8,0,0,3,3,0,-8,-3,3,-7,4,-2,0,-2,-1,1,-1,1,4,-1
KR_6696470586,420,1,35,-1,-5,2,2,4,-1,4,3,-5,6,1,0,2,2,-1,1,0,0,-8,-2,-2,-1,3,3,0,1,0,0,1,1,0,-1
KR_6748513806,440,4,-24,46,12,-1,4,3,4,4,8,7,0,7,1,3,4,1,1,2,2,15,0,0,-8,8,0,0,-2,-1,-1,-1,-1,6,-1
KR_6760862846,440,-5,-72,-8,-3,-1,1,0,-1,1,0,-1,3,2,0,0,0,0,0,0,0,0,-6,-2,-2,4,3,0,0,-1,-1,-1,1,3,-1
KR_6759355980,440,-4,-38,-19,-5,-2,2,0,-2,2,0,0,3,3,-1,3,2,0,2,2,0,1,18,3,-6,3,0,0,1,1,-1,1,-1,6,-1
KR_6761994887,420,-2,37,-28,-5,1,1,2,1,3,4,-3,6,3,-2,5,3,-2,4,2,-2,-5,116,-2,-2,4,-2,0,-1,-1,-1,-1,-1,2,-1
KR_6735197278,420,-2,-7,8,0,1,3,4,-4,8,4,-1,3,2,-2,4,2,6,1,7,-2,-3,-400,3,-4,1,0,0,1,0,1,1,-1,0,-1
KR_6747106144,420,-4,-62,-18,-2,-4,5,1,-1,2,1,4,1,5,0,2,2,-1,1,0,0,-3,-40,6,-6,0,16,0,0,-1,-1,-1,1,6,-1
KR_6650029784,420,2,-6,8,8,3,1,4,3,3,6,2,2,4,-1,12,11,1,1,2,2,5,-186,2,-6,4,-2,0,-1,-1,-1,-1,1,5,-1
KR_6738862910,420,-1,-30,-12,-9,-5,5,0,-2,6,4,-2,2,0,1,1,2,-1,1,0,0,-4,-46,-2,-2,4,14,0,0,-1,1,1,1,1,-1
KR_6660422894,420,1,49,-28,0,-1,2,1,-4,5,1,2,1,3,2,1,3,1,1,2,0,-3,-3,1,-3,2,-1,0,-1,1,-1,1,-1,2,-1
KR_6576968780,420,-5,-83,12,-18,-8,8,0,0,4,4,0,0,0,-4,4,0,-6,6,0,0,-13,-17,-2,-2,4,-3,0,0,-1,1,-1,-1,4,-1
KR_6731306891,420,-4,-45,-25,-13,-4,4,0,1,0,1,-2,5,3,-6,11,5,-2,2,0,1,-1,-9,5,-7,2,-2,0,-2,-1,1,-1,1,2,-1
KR_6738287494,420,-5,-62,4,-14,-1,1,0,-3,5,2,-4,6,2,-4,5,1,-2,2,0,0,-14,-7,-2,0,2,2,0,-2,0,-1,-1,-1,0,-1
KR_6745334327,420,4,35,-15,10,1,2,3,6,2,8,0,1,1,2,0,2,1,0,1,0,11,8,7,-9,2,-2,0,-1,1,-1,-1,1,4,-1
KR_6502133340,420,0,33,-46,-4,-4,4,0,2,2,4,-1,4,3,1,4,5,-2,2,0,-1,-5,12,-3,-3,6,-4,0,2,-1,-1,1,-1,1,-1
KR_6662623105,420,1,24,-8,5,3,0,3,-1,4,3,5,0,5,-3,3,0,1,2,3,0,-1,-4,-5,-1,6,-1,0,1,-1,1,1,-1,5,-1
KR_6725441802,420,-2,-13,8,-9,-2,3,1,0,3,3,-4,6,2,-2,2,0,-1,1,0,0,-8,4,-2,-4,6,2,0,-1,-1,-1,-1,-1,5,-1
KR_6759370694,420,1,-20,32,5,-3,5,2,2,0,2,5,2,7,0,1,1,1,1,2,0,5,10,2,-4,2,2,0,2,0,1,1,1,0,-1
KR_6713884108,420,2,3,-40,4,1,1,2,0,2,2,2,2,4,2,2,4,-1,1,0,0,8,1,2,-10,8,1,0,-1,-1,-1,-1,-1,5,-1
KR_6618907403,420,-3,-63,-27,-13,1,3,4,-3,3,0,-2,2,0,-3,5,2,-6,6,0,0,-13,-12,0,-6,6,-2,0,-3,1,-1,-1,-1,5,-1
KR_6742602003,420,0,15,12,-3,-4,4,0,-1,2,1,-3,6,3,4,2,6,1,0,1,-2,-2,7,1,-3,2,1,0,0,1,1,0,1,4,-1
KR_6754597988,420,-4,7,18,-8,-2,2,0,0,5,5,-2,2,0,-2,4,2,-2,2,0,0,-4,0,-2,-1,3,1,0,0,-1,1,1,-1,2,-1
KR_6656858845,420,-4,22,-41,-6,-2,2,0,-4,7,3,-2,5,3,5,3,8,-3,3,0,0,-7,-3,1,-5,4,-2,0,2,-1,1,1,1,6,-1
KR_6710156109,420,-3,-21,16,-6,-2,3,1,-1,1,0,-1,1,0,-3,3,0,1,0,1,0,-7,11,0,-7,7,-8,0,-1,-1,-1,-1,-1,5,-1
KR_6709004463,420,-1,-30,-13,-4,0,4,4,-3,3,0,0,2,2,-1,6,5,0,1,1,0,-4,3,-4,-2,6,2,0,0,-1,-1,0,-1,5,-1
KR_6752011388,440,-2,2,12,2,-2,3,1,-2,4,2,1,3,4,4,1,5,1,0,1,1,0,2,0,-2,2,1,0,0,1,1,0,1,3,-1
KR_6708793755,420,-1,2,8,2,-3,4,1,0,2,2,-1,2,1,4,1,5,2,0,2,0,1,-1,-1,-3,4,-3,0,-2,1,-1,-1,1,2,-1
KR_6712846708,420,-4,-85,-16,-7,-1,1,0,-2,4,2,-4,4,0,-3,5,2,3,0,3,2,-6,-32,3,-6,3,21,0,0,1,1,1,1,6,-1
KR_6740249504,420,3,87,24,-2,0,2,2,-1,3,2,2,1,3,-5,6,1,2,0,2,0,-7,24,-4,-3,7,-15,0,-1,-1,-1,1,-1,5,-1
KR_6741828842,440,0,-6,19,-1,-1,3,2,2,0,2,-1,4,3,0,2,2,-1,1,0,0,-4,8,2,-4,2,-1,0,0,-1,1,0,1,3,-1
KR_6763335989,440,0,-19,-4,-7,-1,2,1,-4,6,2,-1,2,1,-1,4,3,0,0,0,1,-11,0,-4,-2,6,2,0,0,-1,-1,-1,1,4,-1
KR_6685702598,440,4,30,20,-1,-6,7,1,3,1,4,-1,2,1,4,0,4,-1,2,1,-1,8,4,3,-7,4,0,0,0,1,-1,-1,-1,4,-1
KR_6745043412,420,-4,-21,-24,-7,-4,4,0,-3,4,1,-1,3,2,0,0,0,1,0,1,0,-2,0,4,-6,2,-1,0,-3,1,-1,-1,-1,5,-1
KR_6748296648,420,-5,-77,8,-11,-3,3,0,-2,2,0,3,0,3,-6,6,0,-3,4,1,0,-15,23,1,-5,4,-3,0,0,-1,1,0,-1,2,-1
KR_6750631224,420,-2,-11,-8,-12,-2,3,1,-1,1,0,-3,3,0,-5,8,3,-1,1,0,0,-13,6,-2,-3,5,-4,0,0,0,-1,0,-1,0,-1
KR_6748899352,420,-7,-120,-32,-17,-8,8,0,3,0,3,-6,6,0,-6,6,0,0,1,1,0,-13,-7,-3,-3,6,-3,0,-2,-1,-1,-1,-1,6,-1
KR_6724903836,420,-1,-44,1,-2,0,2,2,6,0,6,-3,4,1,-6,6,0,1,1,2,0,1,-13,-9,0,9,1,0,0,-1,-1,0,-1,2,-1
KR_6751935106,420,-2,-76,0,5,-1,2,1,3,0,3,2,1,3,2,1,3,-1,2,1,0,5,-113,4,-9,5,3,0,0,1,0,0,1,2,-1
KR_6740031424,440,3,7,17,5,3,2,5,-3,5,2,0,3,3,0,3,3,5,0,5,0,7,5,-2,-4,6,1,0,1,1,-1,1,1,1,-1
KR_6751787116,420,-7,-82,-36,-17,-2,3,1,-12,12,0,-1,1,0,-2,3,1,0,0,0,0,-12,9,-1,-1,2,0,0,-2,-1,-1,-1,-1,2,-1
KR_6752781405,440,-3,-87,2,-2,0,3,3,-3,8,5,0,2,2,0,0,0,1,1,2,0,2,-5,2,-2,0,-1,0,-2,1,1,-1,-1,6,-1
KR_6623662257,420,-1,0,-12,5,4,0,4,-1,3,2,1,1,2,1,3,4,0,2,2,0,-4,6,2,-6,4,-5,0,-1,1,-1,-1,-1,2,-1
KR_6762764572,420,0,-31,-2,1,2,1,3,4,1,5,3,0,3,-5,6,1,-3,4,1,0,-4,1,3,-6,3,-3,0,-1,-1,1,-1,1,2,-1
KR_6680162655,420,-3,-52,-14,-5,1,0,1,-3,3,0,4,0,4,-5,8,3,-2,3,1,0,-9,41,0,-4,4,-2,0,-1,-1,-1,-1,1,1,-1
KR_6639367894,420,-5,-95,-9,-15,-7,9,2,-1,2,1,-3,3,0,-3,4,1,-1,1,0,0,-10,-7,-1,-3,4,-1,0,0,-1,1,-1,-1,3,-1
KR_6760125639,420,-1,-19,-6,-8,1,0,1,-1,3,2,-5,9,4,-3,6,3,0,2,2,0,7,3,6,-6,0,-3,0,0,0,1,1,-1,0,-1
KR_6719575213,420,3,-12,8,10,0,1,1,0,1,1,1,1,2,8,2,10,1,0,1,0,12,0,1,-4,3,2,0,1,1,-1,1,1,4,-1
KR_6724165428,420,-1,-72,-43,-1,0,2,2,0,4,4,0,2,2,-1,5,4,0,0,0,0,3,0,1,-6,5,0,0,0,-1,0,0,-1,2,-1
KR_6755992593,420,-4,-39,-43,-8,5,0,5,-7,9,2,-4,6,2,-3,3,0,1,0,1,0,-8,-8,-1,-3,4,-3,0,-3,1,-1,-1,-1,2,-1
KR_6764002373,420,0,-13,13,3,-3,3,0,1,2,3,3,3,6,2,1,3,0,0,0,0,-1,-123,-4,-5,9,8,0,0,-1,0,0,1,1,-1
KR_6721752933,420,-5,-87,18,4,0,0,0,1,1,2,1,3,4,-1,3,2,3,0,3,0,8,-9,-2,-5,7,2,0,0,1,1,-1,-1,4,-1
KR_6741681947,420,-1,-69,23,-5,-4,4,0,1,1,2,-4,8,4,3,2,5,-1,1,0,0,-4,-9,-3,0,3,0,0,0,-1,1,0,-1,2,-1
KR_6653975722,440,2,56,-4,6,4,0,4,2,1,3,2,3,5,-2,3,1,0,1,1,0,10,-3,4,-6,2,-1,0,0,1,1,0,1,3,-1
KR_6683745628,420,-3,-49,-35,-8,-5,5,0,-1,3,2,1,0,1,-1,3,2,-2,2,0,0,-6,-6,1,-4,3,0,0,0,-1,-1,0,-1,3,-1
KR_6646964305,420,3,21,13,8,2,0,2,-3,4,1,3,3,6,4,0,4,2,1,3,0,0,3,0,-3,3,-1,0,1,-1,1,1,1,6,-1
KR_6718849908,420,-3,-52,8,-6,-6,7,1,0,3,3,-5,5,0,2,1,3,3,0,3,0,-13,-3,-2,-3,5,0,0,0,-1,-1,1,1,5,-1
KR_6701497758,420,-5,-76,-20,-9,-4,4,0,-1,3,2,-3,3,0,-1,1,0,0,0,0,-1,-11,-2,0,-3,3,-7,0,-1,-1,-1,-1,-1,6,-1
KR_6738404985,420,0,18,-24,-8,3,1,4,-5,5,0,0,2,2,-6,7,1,0,0,0,1,-12,4,0,-3,3,-3,0,-1,-1,0,-1,1,3,-1
KR_6361802208,420,1,-11,12,2,-1,2,1,-1,2,1,2,1,3,2,1,3,0,1,1,0,1,0,0,0,0,-1,0,0,1,1,0,1,6,-1
KR_6747572660,420,0,16,0,-2,-4,4,0,-3,4,1,2,4,6,2,3,5,1,0,1,0,-3,-1,-1,-3,4,3,0,0,1,1,-1,1,5,-1
KR_6734568105,440,-6,-83,-4,-10,-3,4,1,-3,3,0,-5,7,2,0,2,2,1,2,3,2,3,-2,1,-1,0,0,0,-1,-1,1,-1,1,1,-1
KR_6752776983,420,1,36,8,3,5,2,7,-3,4,1,-3,3,0,0,2,2,4,1,5,0,-2,-9,3,-4,1,-1,0,0,1,0,1,1,5,-1
KR_6713349555,420,2,-2,2,0,1,0,1,6,0,6,1,2,3,-6,7,1,-2,3,1,0,-7,382,3,-5,2,2,0,2,0,-1,1,-1,0,-1
KR_6745815004,420,-2,-87,-12,2,1,0,1,0,3,3,-3,3,0,2,3,5,2,1,3,0,7,1,-1,-2,3,1,0,-1,1,0,-1,-1,3,-1
KR_6731508826,420,-4,-50,-26,-1,1,1,2,-2,4,2,0,3,3,2,1,3,-2,2,0,0,-6,-1,-1,-3,4,2,0,0,-1,0,0,-1,4,-1
KR_6762847590,440,0,80,-35,8,3,0,3,1,3,4,3,1,4,0,1,1,1,1,2,0,-1,11,5,-7,2,0,0,0,-1,-1,0,1,6,-1
KR_6762416415,420,1,-62,-16,-1,1,1,2,-2,4,2,4,1,5,-5,5,0,1,0,1,0,-5,-5,3,-5,2,-3,0,0,-1,1,0,-1,5,-1
KR_6686994083,420,1,43,0,7,2,1,3,1,1,2,0,3,3,2,1,3,2,0,2,-1,7,-41,2,-5,3,2,0,0,1,-1,1,-1,6,-1
KR_6632605212,420,-2,-24,2,-5,-4,4,0,4,1,5,3,2,5,-7,9,2,-1,1,0,0,-2,335,2,-4,2,0,0,0,1,-1,-1,-1,3,-1
KR_6652178323,420,-8,-119,-22,-13,-3,5,2,0,1,1,-5,6,1,-1,4,3,-4,6,2,0,-7,-13,-1,-1,2,-2,0,-2,-1,-1,-1,1,2,-1
KR_6738854176,420,3,45,28,4,4,0,4,0,1,1,2,0,2,-5,5,0,3,2,5,0,-3,-3,-3,-3,6,1,0,1,-1,0,1,-1,2,-1
KR_6742125902,420,0,-16,16,2,-2,3,1,0,0,0,3,5,8,-2,2,0,3,1,4,0,1,-14,-1,-4,5,2,0,-2,1,-1,-1,1,2,-1
KR_6754325989,420,-3,-81,24,-6,-5,5,0,0,1,1,3,1,4,-3,4,1,-1,1,0,0,-5,-16,-4,-2,6,-1,0,0,1,1,0,-1,2,-1
KR_6741227510,420,-1,4,6,0,-2,4,2,-3,4,1,0,4,4,3,1,4,2,0,2,-2,-4,-252,2,-3,1,1,0,0,0,0,1,-1,0,-1
KR_6647368148,420,-6,-56,-28,-14,-2,3,1,-4,5,1,-3,3,0,-3,6,3,-2,2,0,0,-7,9,-1,-6,7,-4,0,-2,1,-1,-1,-1,5,-1
KR_6763441368,420,1,41,-24,10,6,0,6,-2,3,1,0,2,2,0,5,5,6,0,6,2,8,-345,-4,-3,7,-1,0,0,1,-1,1,1,1,-1
KR_6743944737,420,0,-26,20,-2,5,0,5,-1,4,3,-2,2,0,-2,4,2,-2,2,0,0,-5,1,-4,-1,5,2,0,-1,-1,1,-1,-1,6,-1
KR_6635481046,420,-5,-95,-13,-9,-3,5,2,-9,10,1,3,0,3,1,2,3,-1,4,3,0,6,2,-1,-5,6,1,0,-1,1,-1,-1,-1,1,-1
KR_6760015648,420,-2,30,16,-4,-4,4,0,2,1,3,1,1,2,-3,7,4,0,1,1,0,-6,3,2,-4,2,-2,0,-1,-1,1,-1,1,5,-1
KR_6646917248,420,-1,5,-8,-4,2,2,4,-1,3,2,0,1,1,-4,5,1,-1,2,1,0,-6,-2,2,-3,1,-4,0,0,-1,-1,1,1,2,-1
KR_6628254030,420,0,-65,-7,-3,4,0,4,-7,8,1,3,1,4,-3,5,2,0,1,1,0,-7,0,2,-5,3,-7,0,-2,-1,-1,-1,-1,2,-1
KR_6651710984,420,0,-13,-2,-4,0,0,0,-4,6,2,-1,3,2,1,1,2,0,0,0,0,0,-1,-2,-2,4,0,0,0,0,-1,0,-1,0,-1
KR_6760481845,420,-5,-4,-16,-10,1,4,5,-6,8,2,-3,4,1,-4,6,2,2,1,3,-1,-9,-5,-1,-4,5,-2,0,-1,-1,-1,-1,1,3,-1
KR_6763829751,420,0,-9,-10,0,-5,6,1,2,1,3,4,0,4,-1,3,2,0,1,1,0,8,-13,3,-4,1,-1,0,-2,-1,-1,-1,-1,3,-1
KR_6618732975,420,-1,38,10,-3,3,0,3,-4,4,0,-3,4,1,-1,2,1,2,0,2,-1,-9,-9,1,-4,3,3,0,0,-1,-1,-1,-1,4,-1
KR_6724517114,420,0,-15,-4,-4,3,1,4,-2,5,3,-3,5,2,0,3,3,-2,3,1,0,0,30,5,-6,1,-5,0,-1,1,-1,-1,-1,2,-1
KR_6759216347,440,0,-54,20,4,2,0,2,1,1,2,1,3,4,-4,4,0,4,1,5,1,5,7,-2,-7,9,0,0,1,0,-1,1,1,0,-1
KR_6526243748,420,-3,-68,-32,-4,-2,4,2,2,0,2,2,2,4,-4,5,1,-2,3,1,0,-3,0,1,-6,5,-2,0,-2,-1,-1,-1,-1,1,-1
KR_6456842982,420,0,38,0,2,-2,2,0,0,0,0,1,1,2,2,2,4,1,0,1,0,-3,-5,-4,-3,7,1,0,0,0,-1,0,1,0,-1
KR_6758907191,420,-3,-22,0,-9,0,2,2,-2,3,1,-9,12,3,3,1,4,-1,1,0,1,-7,-1,3,-3,0,2,0,0,1,0,-1,1,1,-1
KR_6761078221,440,2,-5,13,4,1,1,2,0,0,0,3,1,4,2,3,5,-2,3,1,0,6,109,-2,-5,7,-3,0,0,0,1,0,1,0,-1
KR_6695745463,420,-2,17,12,-9,0,0,0,-3,6,3,-6,7,1,1,1,2,-1,1,0,-1,-7,30,-4,-2,6,-31,0,0,-1,-1,0,-1,2,-1
KR_6724314679,420,1,2,-28,4,3,0,3,1,3,4,3,3,6,-2,4,2,-1,1,0,0,5,-8,4,-7,3,2,0,0,-1,1,1,-1,1,-1
KR_6216634868,420,-3,-13,-19,-6,-3,3,0,-2,4,2,0,1,1,-1,3,2,0,1,1,0,2,5,6,-10,4,-2,0,-1,-1,-1,-1,-1,3,-1
KR_6548399764,420,1,1,-11,4,2,0,2,-1,2,1,3,1,4,-2,2,0,2,0,2,0,-1,-11,-3,-3,6,-2,0,1,1,0,1,1,1,-1
KR_6762654832,440,-3,7,-24,-9,1,0,1,-8,8,0,-4,5,1,1,2,3,1,0,1,0,-7,-2,4,-7,3,-2,0,0,1,0,0,-1,3,-1
KR_6602501836,420,-4,11,-16,-2,0,1,1,-3,6,3,-2,5,3,1,4,5,2,0,2,0,0,36,2,-2,0,-2,0,0,-1,0,1,-1,6,-1
KR_6759680584,420,-3,-88,20,-1,-6,6,0,2,1,3,4,2,6,0,0,0,-1,1,0,-2,-12,-6,0,-2,2,-3,0,0,-1,1,0,-1,4,-1
KR_6758822565,420,3,21,11,1,3,0,3,-5,7,2,4,0,4,0,1,1,-1,1,0,0,1,-29,0,-4,4,6,0,1,1,-1,1,-1,3,-1
KR_6721330267,420,-5,-97,-12,-12,-4,4,0,-4,5,1,1,4,5,-5,5,0,0,3,3,0,-14,-8,-1,-2,3,1,0,-2,-1,-1,-1,-1,4,-1
KR_6761887284,420,-2,-59,8,-2,1,2,3,0,1,1,2,2,4,-3,5,2,-2,3,1,0,-9,-11,-3,-5,8,2,0,0,-1,1,0,1,5,-1
KR_6740919430,420,-1,-10,-28,1,0,3,3,6,2,8,2,0,2,-2,3,1,-5,6,1,-1,2,-3,-2,-3,5,4,0,1,-1,1,1,-1,4,-1
KR_6716456234,420,-1,-71,-35,-3,1,2,3,-1,4,3,-4,7,3,0,4,4,1,0,1,0,-1,-29,2,-3,1,0,0,-1,1,1,-1,-1,2,-1
KR_6648395269,420,-1,-1,32,-4,0,2,2,2,0,2,4,1,5,-10,10,0,0,0,0,0,-9,8,0,-6,6,-2,0,-1,-1,-1,-1,1,4,-1
KR_6740834423,420,1,-1,12,-1,1,0,1,-2,2,0,2,2,4,-1,7,6,-1,1,0,0,-8,-4,4,-6,2,-3,0,-1,0,0,-1,1,0,-1
KR_6666969829,440,2,-73,20,5,1,0,1,7,1,8,-2,5,3,0,2,2,-1,4,3,0,3,35,5,-5,0,-1,0,0,1,-1,0,1,1,-1
KR_6719649582,420,-5,-45,-12,-8,7,0,7,-7,8,1,-5,7,2,-3,3,0,0,1,1,1,-7,-3,0,-2,2,-1,0,-2,-1,-1,-1,1,3,-1
KR_6683207104,420,-4,-33,-5,-14,-3,4,1,-6,6,0,5,0,5,-10,11,1,0,0,0,0,-13,-1,-4,-2,6,-1,0,-2,-1,-1,-1,-1,3,-1
KR_6662829661,440,1,20,-16,9,-2,3,1,2,1,3,4,2,6,5,0,5,0,1,1,0,18,4,1,-1,0,0,0,1,0,0,1,1,0,-1
KR_6689207612,420,-3,-45,-32,-12,-3,4,1,-6,8,2,0,3,3,2,4,6,-5,6,1,-2,-13,-27,-2,-1,3,-1,0,0,-1,-1,-1,-1,3,-1
KR_6756980793,420,-1,-1,2,-6,-2,2,0,-5,7,2,-2,4,2,4,1,5,-1,1,0,0,6,1,1,-8,7,9,0,1,-1,-1,-1,1,3,-1
KR_6754155648,420,-1,-31,-32,-6,0,2,2,-6,6,0,6,0,6,-5,6,1,-1,2,1,0,-10,-6,-4,-1,5,-1,0,-2,-1,-1,-1,1,6,-1
KR_6763459708,420,2,20,-4,4,-7,8,1,4,2,6,3,2,5,1,3,4,3,0,3,0,7,1,-1,-3,4,0,0,-1,1,-1,-1,1,3,-1
KR_6760585773,420,-2,-84,0,-1,-2,3,1,3,1,4,1,1,2,-1,1,0,-2,4,2,0,-5,-42,2,-4,2,9,0,-1,-1,1,-1,-1,3,-1
KR_6763800202,420,-3,-20,-11,-4,-2,2,0,-1,3,2,-1,2,1,1,0,1,-1,1,0,0,-2,4,-2,-5,7,-3,0,-1,1,1,-1,-1,2,-1
KR_6758948561,440,0,46,-25,-2,1,3,4,-4,4,0,1,2,3,0,5,5,0,3,3,1,-5,3,3,-3,0,-1,0,0,-1,0,0,1,5,-1
KR_6655888372,420,-2,-1,-27,-6,-5,7,2,2,2,4,-4,6,2,2,0,2,-1,1,0,1,2,-24,-2,-5,7,-3,0,0,0,-1,-1,1,0,-1
KR_6200639788,420,-1,-27,-33,0,-1,1,0,-2,6,4,1,2,3,2,0,2,0,1,1,0,0,0,4,-9,5,-6,0,0,1,-1,0,1,5,-1
KR_6751220629,420,-2,13,12,-1,1,1,2,-4,5,1,-1,6,5,2,1,3,1,0,1,4,9,16,0,-4,4,-3,0,0,1,0,0,1,4,-1
KR_6625264317,420,0,-20,-16,4,0,1,1,-2,5,3,1,2,3,3,1,4,2,1,3,-2,4,-7,-4,-1,5,7,0,1,1,-1,1,-1,6,-1
KR_6723874094,420,-4,-99,-20,-3,3,1,4,-6,7,1,-1,5,4,1,4,5,0,1,1,0,0,-317,4,-8,4,-5,0,0,-1,-1,-1,-1,6,-1
KR_6754097772,420,-1,0,-12,-1,3,2,5,3,1,4,-6,6,0,-1,5,4,0,0,0,0,-6,20,-2,-3,5,-3,0,0,-1,1,1,1,1,-1
KR_6756953271,420,0,-17,-16,0,0,1,1,1,0,1,4,4,8,-3,5,2,-2,2,0,-1,-6,-22,2,-4,2,18,0,1,0,-1,1,-1,0,-1
KR_6734765090,420,-2,-5,-8,7,-2,3,1,6,0,6,3,0,3,0,3,3,0,0,0,0,1,1,2,-4,2,0,0,2,1,1,1,1,4,-1
KR_6683374923,440,-2,10,0,-5,1,0,1,-2,2,0,-1,1,0,-1,1,0,-2,3,1,0,-7,31,0,-2,2,1,0,-1,-1,0,-1,-1,4,-1
KR_6761761504,420,1,12,0,-2,2,0,2,0,2,2,1,2,3,-3,4,1,-2,3,1,0,0,149,-2,-2,4,-22,0,0,-1,1,0,1,2,-1
KR_6758059594,420,-2,-17,9,-2,-3,6,3,2,2,4,-3,4,1,5,1,6,-3,3,0,1,0,-74,-2,-3,5,3,0,0,-1,0,0,1,3,-1
KR_6756591980,420,-4,-48,-20,-13,-2,3,1,-4,4,0,-4,5,1,-2,2,0,-1,1,0,0,-14,141,-4,-2,6,-2,0,-1,-1,-1,-1,-1,5,-1
KR_6701562617,420,-2,-96,24,1,-2,5,3,0,1,1,-3,4,1,4,2,6,2,0,2,-1,11,2,1,-5,4,-2,0,-1,1,-1,-1,-1,5,-1
KR_6728194645,420,-2,-48,-4,-7,-1,4,3,0,3,3,-4,4,0,-3,6,3,1,0,1,1,-3,-45,-2,-6,8,19,0,0,-1,1,-1,1,4,-1
KR_6741532264,420,-2,-33,0,-2,-3,3,0,0,1,1,-3,4,1,3,3,6,1,0,1,-1,6,5,3,-5,2,5,0,-3,1,-1,-1,-1,1,-1
KR_6748974425,420,-1,-128,-4,-8,-2,4,2,1,2,3,-3,3,0,-4,5,1,0,1,1,0,3,-36,1,-5,4,9,0,-4,-1,-1,-1,-1,4,-1
KR_6731344856,420,-1,-95,-4,-6,0,2,2,1,2,3,-1,5,4,-5,6,1,-1,1,0,0,-2,-8,-5,-1,6,1,0,-3,1,1,-1,1,6,-1
KR_6689790248,420,-6,-119,-43,-16,-4,5,1,3,1,4,-4,8,4,-4,5,1,-7,7,0,-2,-15,-127,5,-8,3,-7,0,-1,-1,1,-1,-1,4,-1
KR_6698860444,420,-5,-86,-16,-10,1,1,2,-3,4,1,0,1,1,-2,2,0,-6,6,0,0,-9,-36,-3,-1,4,32,0,-2,1,-1,-1,-1,6,-1
KR_6043331011,420,0,27,8,2,-1,1,0,2,4,6,-1,1,0,5,0,5,-3,3,0,1,7,0,-1,-5,6,2,0,-1,1,-1,-1,1,5,-1
KR_6759937061,420,-2,-67,16,-6,-2,2,0,-1,1,0,-4,4,0,-1,4,3,2,2,4,0,-2,-14,-1,-2,3,-4,0,-1,1,-1,-1,-1,5,-1
KR_6755490732,420,-3,-36,-8,-8,1,1,2,-4,5,1,-5,6,1,0,5,5,0,0,0,0,-10,-19,-2,-2,4,0,0,0,-1,1,0,-1,2,-1
KR_6747498873,420,-1,-44,12,-7,1,1,2,-5,5,0,-3,5,2,0,1,1,0,1,1,0,-7,110,4,-6,2,0,0,-1,1,-1,-1,-1,2,-1
KR_6745573034,420,1,21,12,1,5,0,5,0,1,1,0,1,1,-1,1,0,-3,3,0,0,-4,-42,-1,-3,4,-1,0,1,1,-1,1,1,2,-1
KR_6727328871,420,-1,13,2,-3,-2,4,2,-4,7,3,-5,6,1,8,0,8,0,0,0,0,-2,-30,-2,-3,5,3,0,1,1,1,1,1,2,-1
KR_6739161405,420,2,-52,32,5,0,1,1,1,2,3,-2,4,2,1,3,4,5,1,6,0,7,-3,-2,-3,5,-1,0,-1,-1,-1,-1,1,3,-1
KR_6741025672,420,-2,-95,0,-4,-2,5,3,-3,4,1,0,2,2,0,2,2,1,1,2,0,-3,-3,1,-5,4,5,0,0,-1,-1,-1,-1,3,-1
KR_5883803966,420,-6,-67,-48,-16,-1,1,0,-7,8,1,-2,4,2,-5,5,0,-1,4,3,0,-14,-24,4,-5,1,-2,0,-2,1,1,-1,-1,1,-1
KR_6758262939,420,1,33,-13,-5,-4,8,4,2,0,2,-3,5,2,0,4,4,0,1,1,0,2,-18,1,-3,2,0,0,0,-1,0,-1,-1,4,-1
KR_6758844669,440,2,12,15,5,0,6,6,1,2,3,1,1,2,2,0,2,1,0,1,0,2,-1,-2,-2,4,-1,0,0,1,1,1,-1,1,-1
KR_6762974198,420,-3,44,-29,-4,2,0,2,-4,4,0,-1,3,2,-2,2,0,1,0,1,0,-7,116,-1,-2,3,-2,0,0,-1,0,0,1,5,-1
KR_6439925330,420,2,-9,36,5,-2,2,0,7,5,12,0,1,1,0,0,0,0,2,2,0,17,-27,7,-9,2,22,0,-1,1,-1,-1,1,4,-1
KR_6764621936,420,-8,-38,-40,-18,-2,2,0,-3,3,0,-3,5,2,-6,7,1,-4,4,0,-1,-14,0,-3,0,3,-2,0,-2,-1,-1,-1,-1,2,-1
KR_6193564892,420,0,-4,-16,-1,-7,8,1,0,1,1,6,1,7,1,3,4,-1,4,3,0,-3,-208,1,-6,5,-1,0,-1,-1,-1,-1,-1,3,-1
KR_6682939185,420,-2,-44,-4,-7,0,1,1,0,3,3,2,0,2,-9,9,0,0,1,1,1,-8,-5,-1,-5,6,-3,0,-2,-1,1,-1,1,6,-1
KR_6760712446,420,-7,-66,-27,-17,-4,5,1,-2,2,0,-4,5,1,-7,8,1,0,2,2,-1,-15,-8,-5,-2,7,-4,0,-1,-1,-1,-1,-1,2,-1
KR_6746026931,420,-4,-17,-8,-3,-3,6,3,1,0,1,-4,4,0,1,2,3,2,0,2,0,1,4,1,-4,3,1,0,-1,-1,-1,-1,1,1,-1
KR_6721092624,420,-3,-40,1,-6,-2,3,1,-3,3,0,-2,3,1,0,2,2,1,0,1,0,-4,-1,-5,-2,7,1,0,0,-1,-1,0,-1,5,-1
KR_6747064361,420,-2,-7,41,1,-3,4,1,5,1,6,3,4,7,-3,5,2,-1,1,0,1,-4,-36,-2,-2,4,19,0,-1,1,-1,-1,1,5,-1
KR_6625052703,420,-1,-124,-4,-3,-6,6,0,0,0,0,-1,3,2,2,6,8,2,0,2,0,4,12,-6,0,6,0,0,-1,-1,1,-1,-1,5,-1
KR_6667473351,420,-2,-3,-7,-7,1,2,3,-1,2,1,-4,4,0,-1,2,1,-2,2,0,0,-5,-4,3,-5,2,-2,0,0,0,1,0,1,0,-1
KR_6755280869,420,0,83,-16,-5,1,1,2,-3,3,0,1,2,3,-4,7,3,0,1,1,0,-6,48,4,-7,3,-33,0,0,-1,-1,1,-1,4,-1
KR_6746583536,440,2,-5,12,4,2,3,5,1,1,2,1,0,1,1,1,2,-1,1,0,0,-1,-379,-6,-1,7,0,0,-1,-1,-1,-1,-1,6,-1
KR_6684777809,420,-4,-136,16,-6,0,0,0,1,1,2,-6,6,0,0,4,4,-1,1,0,0,0,-1,-2,-2,4,2,0,-1,-1,-1,-1,-1,2,-1
KR_6731885521,420,-2,-8,-47,-2,1,2,3,1,1,2,-3,4,1,-1,3,2,0,1,1,0,1,61,-1,-2,3,-4,0,0,-1,-1,0,-1,6,-1
KR_6759072074,440,-3,-31,-8,-9,0,2,2,-6,6,0,4,1,5,-5,10,5,-2,2,0,1,2,11,-1,0,1,-1,0,0,1,-1,0,1,6,-1
KR_6694957576,420,4,90,-24,1,2,2,4,-2,4,2,1,3,4,-2,7,5,2,0,2,0,-6,5,-2,-3,5,2,0,1,-1,-1,1,-1,3,-1
KR_6667082817,420,-2,-80,13,-9,-2,2,0,-4,4,0,1,2,3,-3,4,1,-1,3,2,0,-14,4,1,-4,3,-6,0,-1,1,-1,-1,-1,1,-1
KR_6760239214,420,1,-5,-10,3,-2,6,4,1,2,3,2,1,3,4,4,8,-2,3,1,0,5,-7,2,-4,2,3,0,0,0,-1,0,1,0,-1
KR_6721132942,420,-7,-68,-15,-13,-4,4,0,-1,2,1,1,0,1,-3,6,3,-6,6,0,0,-7,13,1,-5,4,-3,0,-3,1,1,-1,1,1,-1
KR_6058551182,420,-5,-81,-6,-14,2,1,3,-4,6,2,1,2,3,-11,11,0,-2,4,2,-1,-12,256,-3,-2,5,-1,0,-2,-1,-1,-1,-1,2,-1
KR_6760266472,420,-2,-2,-9,-11,-2,3,1,-3,5,2,5,2,7,-6,6,0,-5,5,0,0,-12,-180,-1,-4,5,0,0,-3,-1,-1,-1,-1,4,-1
KR_6760569286,420,-5,-41,-16,-8,0,0,0,-2,4,2,-3,5,2,-5,8,3,2,0,2,0,-1,2,0,-1,1,-3,0,-1,1,-1,-1,-1,1,-1
KR_6763995564,420,1,21,-10,9,2,1,3,4,1,5,2,2,4,-1,7,6,2,4,6,0,16,-7,4,-5,1,2,0,0,1,-1,-1,1,1,-1
KR_6700096391,420,-1,58,5,-5,1,0,1,3,2,5,-2,4,2,-2,8,6,-5,5,0,-1,-13,-2,2,-5,3,-1,0,0,-1,1,1,-1,5,-1
KR_6715867496,420,-1,-7,-12,-4,-4,4,0,-2,2,0,-2,2,0,4,5,9,0,1,1,0,-3,-5,0,-7,7,0,0,-1,-1,0,-1,1,4,-1
KR_6762142511,420,-2,28,-4,0,3,0,3,-1,1,0,-2,3,1,-1,1,0,1,0,1,0,-4,5,1,-6,5,2,0,1,1,-1,1,1,2,-1
KR_6764697403,420,2,-7,32,-2,-1,2,1,2,3,5,-5,8,3,0,2,2,2,0,2,-1,-2,3,-4,-4,8,2,0,0,1,0,0,-1,2,-1
KR_6660729310,420,-5,-85,-5,-17,-1,2,1,-3,6,3,-3,4,1,-8,8,0,-2,3,1,-4,-26,4,1,-2,1,-3,0,-2,1,-1,-1,-1,2,-1
KR_6682544125,420,1,40,-21,-4,2,3,5,0,3,3,3,1,4,-7,7,0,-2,3,1,-2,-9,244,-3,-1,4,1,0,0,-1,1,0,-1,2,-1
KR_6716305125,420,-2,-35,-4,-6,-5,6,1,-1,2,1,-2,3,1,1,3,4,1,0,1,0,3,-6,0,-2,2,-1,0,-1,-1,-1,-1,-1,5,-1
KR_5753522258,420,-2,3,-12,-7,1,1,2,3,3,6,-4,7,3,-3,3,0,-4,4,0,0,-9,6,3,-7,4,-2,0,-1,0,-1,-1,-1,0,-1
KR_6716876163,420,2,14,-2,-1,0,1,1,1,0,1,1,2,3,-2,2,0,-1,1,0,0,1,-14,3,-6,3,2,0,-1,-1,1,-1,-1,2,-1
KR_6750737092,420,-3,-51,-4,-4,-3,4,1,0,2,2,-3,7,4,0,8,8,2,0,2,0,-4,21,-1,-3,4,-2,0,0,1,1,0,1,6,-1
KR_6747789456,420,-8,-112,-8,-21,-4,6,2,-3,4,1,-7,8,1,2,2,4,-9,11,2,0,-10,10,-7,-3,10,2,0,0,-1,0,0,-1,5,-1
KR_6733467591,420,-1,-21,-4,-2,0,3,3,0,1,1,0,2,2,-2,2,0,0,2,2,0,0,-5,0,-3,3,-2,0,0,-1,1,0,-1,4,-1
KR_6763527946,420,3,95,-7,5,7,0,7,0,3,3,-3,3,0,2,1,3,-1,1,0,0,6,-3,0,-3,3,-1,0,1,-1,-1,1,1,2,-1
KR_6760534589,420,-7,-60,-4,-18,-2,5,3,-2,3,1,-15,16,1,-1,1,0,2,0,2,-1,-9,-9,-2,0,2,1,0,-2,-1,-1,-1,-1,2,-1
KR_6687898921,440,-4,-31,0,-13,-2,6,4,-2,3,1,1,0,1,-8,8,0,-2,2,0,0,-9,0,0,-3,3,-2,0,-2,-1,1,-1,1,3,-1
KR_6715612110,440,1,34,-13,5,3,0,3,2,3,5,0,1,1,-2,3,1,2,0,2,0,7,-118,-5,-1,6,4,0,0,1,-1,0,-1,4,-1
KR_6760101599,420,2,25,12,2,0,1,1,-4,7,3,-2,2,0,7,1,8,1,1,2,-1,-6,227,-1,-4,5,8,0,1,1,-1,1,-1,6,-1
KR_6721272048,420,0,-5,-12,4,2,0,2,1,2,3,-3,3,0,4,0,4,0,1,1,0,7,8,0,-5,5,-3,0,0,1,0,0,1,4,-1
KR_6701580625,420,0,-77,-18,1,4,1,5,-1,1,0,-1,4,3,-3,3,0,2,1,3,1,-2,1,2,-6,4,1,0,0,0,1,0,1,0,-1
KR_6761610707,420,0,23,8,-2,-4,5,1,6,0,6,-3,3,0,1,3,4,-2,2,0,0,-4,-7,-4,-2,6,2,0,-1,0,-1,-1,1,0,-1
KR_6662724840,440,-3,13,-6,-4,2,2,4,-1,4,3,0,1,1,-1,1,0,-4,5,1,0,-3,-1,-1,-3,4,2,0,-1,-1,-1,-1,-1,3,-1
KR_6763021624,420,-1,6,-20,-5,1,0,1,-7,7,0,2,1,3,-1,1,0,0,1,1,0,-5,-35,-4,0,4,-1,0,-1,-1,-1,-1,-1,3,-1
KR_6741107601,420,-2,-23,-8,-3,1,1,2,2,2,4,1,0,1,-4,4,0,-3,3,0,0,-7,40,3,-4,1,-24,0,-2,-1,-1,-1,-1,3,-1
KR_6717406149,420,-10,-119,-47,-20,-8,8,0,-5,6,1,-1,4,3,-5,5,0,-1,1,0,0,-12,-9,-1,-4,5,-6,0,-2,-1,-1,-1,-1,5,-1
KR_6586436267,420,-3,-94,16,-6,1,0,1,-1,3,2,-1,4,3,-3,5,2,-2,2,0,0,-3,-40,-4,-3,7,-1,0,-3,1,-1,-1,-1,3,-1
KR_6635667922,420,-3,-75,16,-4,-4,4,0,2,1,3,1,3,4,-4,4,0,1,0,1,0,-3,4,1,-4,3,2,0,1,1,1,-1,-1,6,-1
KR_6733756107,420,-1,-76,20,7,2,0,2,4,0,4,1,3,4,0,3,3,0,1,1,0,12,164,4,-6,2,-2,0,0,1,1,1,-1,2,-1
KR_6710467399,420,-2,-59,-7,-8,-2,7,5,-1,3,2,-2,2,0,-2,4,2,-1,2,1,0,-13,-237,-5,0,5,3,0,1,-1,1,1,-1,2,-1
KR_6729468601,420,-1,-25,13,-4,0,3,3,1,1,2,-2,3,1,1,1,2,-4,4,0,0,-4,1,0,-2,2,1,0,-1,1,-1,-1,1,2,-1
KR_6640949366,420,2,-3,-20,9,2,0,2,0,4,4,3,4,7,0,2,2,4,0,4,0,10,1,2,-8,6,2,0,1,-1,0,1,1,2,-1
KR_6469433648,440,-4,-39,-8,-12,-4,5,1,-1,3,2,-3,4,1,-6,7,1,2,0,2,-1,-11,-10,-6,-2,8,-1,0,-1,-1,1,-1,-1,4,-1
KR_6755379482,420,-1,24,-15,-8,0,1,1,-2,4,2,-3,7,4,-3,4,1,0,0,0,0,-9,11,4,-7,3,-4,0,-2,0,-1,-1,1,0,-1
KR_6764563015,420,1,1,20,1,-2,3,1,0,2,2,2,1,3,1,1,2,0,0,0,0,2,-274,0,-3,3,0,0,-1,0,1,-1,-1,0,-1
KR_6733927806,420,-4,-165,-20,-3,-6,6,0,-1,2,1,-2,3,1,3,2,5,3,0,3,0,-1,-1,-3,0,3,-2,0,-2,-1,-1,-1,-1,1,-1
KR_6749723351,420,-3,-56,-9,-7,2,1,3,-1,2,1,-6,9,3,0,0,0,-2,2,0,0,-8,-3,-2,-5,7,-2,0,0,-1,-1,0,-1,5,-1
KR_6730060854,420,-4,-13,-10,-8,-3,3,0,-4,5,1,-7,7,0,5,2,7,1,0,1,-1,-2,-8,-3,-2,5,-1,0,1,-1,1,1,-1,1,-1
KR_6752240768,420,-1,47,-32,-4,-2,3,1,-3,7,4,2,2,4,0,0,0,-1,2,1,-2,-3,3,2,-5,3,1,0,0,-1,1,1,-1,3,-1
KR_6750845972,420,-6,-31,-24,-14,0,1,1,-9,10,1,-4,4,0,-1,3,2,0,0,0,0,-14,-8,-4,-2,6,3,0,-2,-1,-1,-1,-1,2,-1
KR_6729564811,420,-1,-17,4,0,1,1,2,-8,11,3,3,3,6,4,0,4,0,0,0,0,1,-30,1,-3,2,3,0,0,1,1,0,-1,4,-1
KR_6653639105,420,-3,-22,-25,-10,-4,4,0,-3,3,0,0,3,3,-2,2,0,-1,2,1,0,-8,4,1,-4,3,-1,0,0,-1,-1,0,-1,2,-1
KR_6739085415,420,-5,-115,-19,-8,-3,3,0,4,2,6,-4,5,1,-5,5,0,0,1,1,0,-6,-4,4,-6,2,-2,0,-1,-1,1,-1,1,2,-1
KR_6733174057,420,-6,-6,-16,-17,-1,2,1,-4,5,1,0,3,3,-12,13,1,0,0,0,0,-24,-43,0,-6,6,2,0,-1,-1,-1,-1,-1,3,-1
KR_6367630741,420,-6,-109,-32,-10,-2,2,0,-4,7,3,6,1,7,-4,5,1,-6,7,1,0,-13,0,0,0,0,-3,0,-2,-1,-1,-1,-1,3,-1
KR_6469385946,420,-5,-73,0,-7,3,1,4,0,5,5,0,2,2,-10,10,0,0,2,2,-1,1,2,1,-8,7,0,0,0,-1,1,1,-1,6,-1
KR_6760553806,420,-5,-78,-19,-7,-2,2,0,1,2,3,-7,9,2,2,0,2,-1,3,2,0,-3,0,2,-4,2,2,0,-2,-1,-1,-1,-1,6,-1
KR_6733271148,440,-6,-71,-38,-16,-5,6,1,-4,5,1,-1,2,1,-1,2,1,-5,5,0,0,-15,-10,-1,0,1,-1,0,-2,-1,-1,-1,-1,1,-1
KR_6654807480,420,-2,11,-24,-6,-1,1,0,2,1,3,-2,3,1,-8,8,0,3,2,5,0,3,-9,-2,-2,4,0,0,0,-1,1,0,-1,1,-1
KR_6763977352,420,-6,-41,-21,-7,2,0,2,2,1,3,-5,7,2,-2,2,0,-4,4,0,0,-4,-2,7,-10,3,-3,0,-1,1,-1,-1,1,6,-1
KR_6665172690,420,-1,-44,7,-12,-1,1,0,-2,2,0,0,2,2,1,0,1,-10,10,0,0,-16,-7,1,-7,6,0,0,0,0,0,0,-1,0,-1
KR_6729415550,420,-3,-13,-3,-6,-3,4,1,-1,2,1,-2,4,2,-1,2,1,1,0,1,0,-10,-119,0,-3,3,-2,0,-1,-1,-1,-1,-1,3,-1
KR_6604188081,420,1,101,7,-6,4,1,5,-5,7,2,-4,6,2,0,1,1,-1,1,0,0,-15,11,-1,-5,6,-2,0,0,-1,0,0,-1,5,-1
KR_6690602577,420,-2,-59,-24,-8,-1,2,1,-4,4,0,0,1,1,-2,5,3,-1,1,0,0,-9,0,-2,-3,5,-3,0,-1,0,-1,-1,-1,0,-1
KR_6679832707,440,0,13,-36,5,0,0,0,-1,4,3,5,1,6,0,1,1,1,0,1,0,2,37,3,-7,4,-2,0,1,0,1,1,1,0,-1
KR_6744094626,420,4,88,-49,2,1,3,4,-1,3,2,3,0,3,0,4,4,-1,2,1,0,-5,305,0,-4,4,-1,0,3,1,1,1,-1,5,-1
KR_6727880568,420,0,-43,8,-7,-2,3,1,-3,4,1,4,0,4,-4,5,1,-2,3,1,0,-9,-10,0,-3,3,2,0,0,-1,1,-1,-1,2,-1
KR_6745589430,420,1,-59,25,1,-5,6,1,0,2,2,-2,3,1,4,2,6,4,1,5,0,5,5,1,-3,2,-2,0,-1,1,-1,-1,1,3,-1
KR_6662294037,420,-3,-47,-20,-8,0,3,3,1,0,1,1,0,1,-10,11,1,0,1,1,0,-3,9,1,-4,3,0,0,-1,-1,-1,-1,1,2,-1
KR_6707640586,420,-4,5,-8,-10,-4,5,1,1,0,1,-6,8,2,1,2,3,-2,3,1,0,-5,-5,-4,-2,6,1,0,0,-1,1,0,1,2,-1
KR_5768528084,420,0,-52,-37,-1,3,1,4,4,0,4,-7,7,0,1,0,1,-2,2,0,-1,-2,-15,3,-5,2,2,0,-1,-1,-1,-1,-1,5,-1
KR_6764237270,420,0,31,9,0,1,0,1,4,4,8,-3,4,1,-2,2,0,0,0,0,0,-4,336,5,-6,1,-1,0,0,0,1,1,1,0,-1
KR_6753003989,420,-1,-11,-5,-7,0,1,1,-1,4,3,-4,4,0,-2,4,2,0,2,2,-1,-8,-13,-1,-5,6,1,0,0,1,1,0,-1,6,-1
KR_6711495649,420,-2,-108,32,-5,-4,5,1,-3,3,0,6,1,7,-4,7,3,0,1,1,0,0,-35,0,-5,5,6,0,1,1,1,1,-1,1,-1
KR_6669812480,420,1,13,-24,4,6,0,6,1,1,2,1,3,4,-5,10,5,1,1,2,0,-3,98,-3,-2,5,1,0,0,-1,1,1,-1,2,-1
KR_6727911165,420,1,16,0,1,6,0,6,-1,1,0,1,3,4,-2,2,0,-3,5,2,0,-4,-26,-2,-3,5,19,0,0,-1,1,1,-1,2,-1
KR_6753975708,420,3,56,30,8,-2,2,0,6,0,6,3,3,6,1,1,2,0,1,1,0,9,0,1,-5,4,1,0,2,1,0,1,1,1,-1
KR_6666696453,420,3,-27,56,3,0,1,1,5,0,5,-2,4,2,0,1,1,0,1,1,0,2,-87,3,-6,3,-1,0,0,0,1,0,-1,0,-1
KR_6688397875,420,-5,-35,-12,-5,-4,6,2,0,3,3,-1,3,2,0,4,4,0,0,0,0,3,0,-1,-4,5,-2,0,-2,0,-1,-1,-1,0,-1
KR_6764630770,420,4,11,-3,-1,0,0,0,6,0,6,2,1,3,-9,12,3,0,1,1,0,-6,9,2,-6,4,-5,0,1,1,-1,1,1,6,-1
KR_6657768642,440,2,14,28,2,1,0,1,0,2,2,-6,6,0,5,1,6,2,0,2,0,8,38,2,-5,3,-15,0,0,0,-1,0,-1,0,-1
KR_6761233560,420,1,9,20,-1,2,1,3,0,1,1,2,2,4,-3,9,6,-2,2,0,0,-3,-411,-4,0,4,3,0,-1,-1,-1,-1,1,1,-1
KR_6672542301,420,1,-70,22,-1,1,1,2,0,2,2,-2,2,0,0,0,0,0,0,0,0,-3,1,-1,-4,5,1,0,1,-1,1,1,-1,5,-1
KR_6761028020,420,0,-39,8,0,-1,2,1,-1,4,3,-2,4,2,2,2,4,2,0,2,0,-3,13,0,-7,7,-3,0,-1,0,-1,-1,-1,0,-1
KR_6739410547,440,-1,-56,-32,1,3,2,5,-4,7,3,0,1,1,2,2,4,0,2,2,0,2,370,-3,-2,5,-3,0,2,-1,1,1,1,2,-1
KR_6673959737,420,1,-12,21,1,4,1,5,-1,4,3,0,3,3,-2,2,0,0,0,0,0,7,-147,-1,-2,3,2,0,1,1,-1,-1,1,3,-1
KR_6760873531,420,-2,-35,-4,-2,-3,5,2,1,2,3,-1,2,1,-1,1,0,2,1,3,0,0,-9,2,-3,1,-1,0,-1,0,-1,-1,1,0,-1
KR_6629737462,420,0,49,-4,1,2,1,3,-1,3,2,2,1,3,-2,2,0,0,0,0,0,-1,-120,4,-8,4,1,0,0,-1,-1,-1,-1,5,-1
KR_6762530108,420,-3,66,-7,-9,0,1,1,-3,4,1,-2,3,1,-3,3,0,-1,1,0,0,-7,-8,-1,-2,3,-1,0,0,-1,0,0,-1,4,-1
KR_6731064163,420,-3,-51,-8,-4,1,0,1,-1,4,3,0,1,1,-1,3,2,-3,3,0,-1,-11,15,4,-6,2,-5,0,0,1,1,0,-1,1,-1
KR_6751091205,420,-3,-20,-8,-16,0,2,2,-3,3,0,-2,5,3,-7,8,1,-4,6,2,-2,-14,-9,-2,-2,4,-1,0,-2,-1,1,-1,1,2,-1
KR_6763910878,420,0,-30,16,-8,-3,3,0,-1,1,0,-1,6,5,-5,6,1,2,0,2,0,-7,-3,1,-4,3,-1,0,-1,-1,-1,-1,-1,5,-1
KR_6752174940,420,-4,-12,12,-9,0,1,1,1,1,2,-6,6,0,-2,3,1,-2,3,1,0,-6,-103,-4,-4,8,-4,0,-1,-1,-1,-1,-1,5,-1
KR_6764180906,420,-3,-55,-25,-5,-5,7,2,-4,6,2,-1,4,3,2,3,5,3,1,4,-1,-1,-5,3,-4,1,-2,0,-2,0,-1,-1,-1,0,-1
KR_6689408776,420,-5,-101,-8,-4,-6,7,1,5,0,5,-2,4,2,-3,3,0,2,0,2,0,-1,-76,0,-5,5,-1,0,-1,1,1,1,1,5,-1
KR_6755462541,420,-3,-56,-1,-7,2,1,3,1,4,5,0,3,3,-6,7,1,-4,4,0,0,-6,-3,-3,-1,4,-4,0,-1,-1,1,-1,1,3,-1
KR_6640860281,420,-1,-17,6,-3,-5,6,1,0,2,2,-1,3,2,1,2,3,2,0,2,1,6,4,3,-4,1,-2,0,0,1,-1,0,1,4,-1
KR_6745848008,420,-6,-127,-28,-14,-6,9,3,-6,6,0,-1,1,0,1,2,3,-2,2,0,0,-7,-134,2,-2,0,-3,0,-3,-1,-1,-1,-1,2,-1
KR_6740362047,420,-1,-39,7,-5,-5,6,1,-6,7,1,3,3,6,4,0,4,-1,1,0,-1,-9,1,4,-5,1,-1,0,-1,1,-1,-1,-1,5,-1
KR_6760751212,440,-1,-21,-16,-3,0,2,2,-3,4,1,4,1,5,1,2,3,-5,6,1,0,-5,1,-2,-3,5,0,0,-1,1,0,-1,1,2,-1
KR_6726386997,420,-1,-14,4,0,0,4,4,-2,2,0,0,4,4,0,1,1,2,0,2,0,-1,14,-1,-3,4,6,0,-1,1,1,-1,-1,6,-1
KR_6755026232,420,-3,-39,7,-11,-4,6,2,4,2,6,-1,4,3,-12,13,1,2,0,2,0,-6,-328,1,-2,1,0,0,1,-1,1,1,-1,3,-1
KR_6630109564,420,-2,-10,-17,2,3,3,6,-3,3,0,3,1,4,-2,4,2,1,0,1,0,2,-111,1,-5,4,1,0,0,1,-1,0,-1,3,-1
KR_6605103304,440,-4,-47,-23,-14,-4,4,0,-8,9,1,-1,2,1,-2,3,1,1,1,2,0,-12,5,1,-2,1,0,0,-1,0,-1,-1,-1,0,-1
KR_6753215272,440,-4,-9,-32,-6,1,4,5,-7,8,1,-1,2,1,0,2,2,1,0,1,0,-5,-1,-6,-2,8,-1,0,0,-1,0,-1,-1,4,-1
KR_6687508474,420,-2,21,0,-1,0,4,4,0,3,3,-4,5,1,5,1,6,-2,2,0,0,-9,10,-2,-3,5,0,0,1,0,1,1,-1,0,-1
KR_6729510314,420,-8,-31,-17,-22,-2,3,1,-8,8,0,-10,11,1,0,1,1,-2,2,0,-1,-23,-20,-5,0,5,2,0,-1,-1,-1,-1,-1,1,-1
KR_6752907157,440,-5,-24,6,-12,-3,3,0,-6,7,1,0,1,1,-3,4,1,0,0,0,0,-11,-7,-7,-4,11,4,0,-3,-1,-1,-1,-1,2,-1
KR_6683893081,420,-3,-52,-16,-13,-3,4,1,-3,6,3,-9,10,1,2,1,3,0,0,0,0,-11,189,-5,-4,9,-2,0,-2,-1,0,-1,1,3,-1
KR_6663872204,420,-2,-61,-24,2,-4,4,0,1,2,3,5,1,6,3,1,4,-3,3,0,0,7,-107,2,-4,2,-1,0,-2,-1,-1,-1,1,1,-1
KR_6731516404,420,2,52,13,-1,5,0,5,-2,3,1,3,0,3,-1,2,1,-6,6,0,1,1,-3,2,-6,4,-1,0,-1,1,1,-1,1,5,-1
KR_6737543336,440,-3,-49,-8,-3,-2,3,1,1,7,8,1,0,1,-2,3,1,-1,3,2,0,-3,-170,2,-6,4,-4,0,1,-1,1,1,1,6,-1
KR_6456666910,420,-3,-60,-11,-9,-2,5,3,-2,2,0,-5,5,0,3,1,4,-3,3,0,0,-4,386,-1,-3,4,0,0,-1,-1,1,-1,1,5,-1
KR_6723334080,420,0,-16,-20,-2,0,2,2,0,4,4,7,1,8,-1,2,1,-8,8,0,0,-3,8,3,-7,4,-1,0,-1,1,-1,-1,1,3,-1
KR_6722120682,420,0,-18,49,1,0,1,1,0,6,6,0,4,4,-4,7,3,5,1,6,0,9,4,3,-7,4,-2,0,1,1,1,1,-1,3,-1
KR_6742982817,420,0,-34,13,3,1,0,1,4,1,5,-2,2,0,0,1,1,0,0,0,0,7,54,0,-3,3,0,0,0,1,1,-1,1,6,-1
KR_6199561337,420,1,4,45,-2,2,0,2,4,0,4,-1,3,2,-7,7,0,0,1,1,0,-1,2,-1,-2,3,-1,0,0,-1,1,-1,1,5,-1
KR_6427406701,420,0,28,7,-3,0,3,3,-1,4,3,0,1,1,-1,2,1,-1,1,0,0,-4,101,1,-5,4,-4,0,0,-1,-1,0,1,5,-1
KR_6761305366,440,-1,-48,-15,3,1,1,2,0,1,1,0,1,1,3,2,5,-1,2,1,0,1,50,1,-3,2,-3,0,-1,-1,-1,-1,1,2,-1
KR_6751302781,420,-2,-66,-16,-7,-3,3,0,-2,5,3,2,0,2,-4,5,1,0,0,0,0,-5,-289,-7,0,7,3,0,0,0,-1,0,-1,0,-1
KR_6683545746,420,-1,-37,-6,-2,1,0,1,2,1,3,-2,6,4,-2,6,4,-1,1,0,0,-10,10,2,-4,2,0,0,-1,1,-1,-1,1,4,-1
KR_6712917919,420,-2,35,4,-1,-3,6,3,2,3,5,1,0,1,0,0,0,-1,4,3,1,0,-6,-3,-4,7,5,0,0,-1,-1,0,1,2,-1
KR_6661737498,420,-2,-21,-12,3,5,2,7,-3,6,3,0,2,2,1,0,1,0,1,1,0,8,-31,-4,-1,5,0,0,0,-1,1,0,-1,4,-1
KR_6618388726,420,0,-63,-32,-2,-4,6,2,-3,4,1,-1,3,2,5,1,6,1,0,1,0,3,228,-2,-2,4,3,0,-2,1,-1,-1,1,2,-1
KR_6656093959,420,-2,-6,-11,0,1,2,3,0,5,5,-2,4,2,0,2,2,1,1,2,3,5,-5,-5,-3,8,1,0,1,-1,1,1,1,1,-1
KR_6751535918,420,-2,32,-21,-3,-1,3,2,0,0,0,4,1,5,-4,4,0,-2,2,0,0,-15,-12,1,-3,2,-3,0,1,-1,1,1,-1,4,-1
KR_6754477750,420,-4,12,-16,-6,-1,1,0,-1,3,2,0,2,2,-3,3,0,-1,1,0,0,-6,34,0,-3,3,-27,0,0,-1,1,1,1,1,-1
KR_6741081119,420,-3,-50,-32,-3,-1,2,1,-2,5,3,1,2,3,-1,2,1,0,1,1,0,1,-81,2,-7,5,-2,0,-2,-1,-1,-1,1,4,-1
KR_6752969273,440,-3,11,12,-6,1,1,2,1,1,2,-5,5,0,-4,6,2,1,0,1,0,-3,-6,-1,-1,2,-1,0,0,1,0,0,-1,6,-1
KR_6762138364,420,-2,-3,-30,-5,-1,2,1,-5,5,0,2,2,4,-2,2,0,1,1,2,0,-1,-5,-2,-2,4,3,0,-2,-1,-1,-1,-1,1,-1
KR_6761034194,420,1,107,15,-2,5,3,8,-3,4,1,-5,8,3,1,2,3,0,1,1,1,0,-1,-1,-1,2,2,0,4,-1,1,1,1,6,-1
KR_6669584732,420,-4,-35,-2,-11,1,1,2,-5,9,4,-5,7,2,-3,8,5,1,1,2,0,-8,4,-4,-4,8,0,0,-2,-1,-1,-1,-1,1,-1
KR_6673336018,420,-6,-92,11,-13,-2,3,1,-3,4,1,-1,8,7,-6,6,0,-1,1,0,-1,-12,1,-1,-1,2,-3,0,-2,0,-1,-1,-1,0,-1
KR_6753872825,420,0,28,-4,-10,-3,4,1,5,1,6,-3,4,1,-4,4,0,-5,6,1,0,-13,-4,1,-5,4,-4,0,-1,0,0,-1,-1,0,-1
KR_6716070357,420,-1,15,-16,-4,4,1,5,2,0,2,-1,1,0,-6,6,0,-3,4,1,1,-1,475,-3,0,3,1,0,0,1,1,-1,1,4,-1
KR_6621387898,420,-6,-80,-32,-13,-2,2,0,-3,6,3,-5,7,2,-1,3,2,-2,2,0,0,-10,0,-2,-1,3,-1,0,0,-1,-1,-1,-1,3,-1
KR_6739999152,420,-6,-74,-14,-11,7,1,8,-4,4,0,0,3,3,-7,8,1,-7,7,0,-1,-13,-11,-1,-2,3,1,0,-1,-1,1,1,-1,1,-1
KR_6748195634,420,-5,-108,-11,-11,-3,4,1,-5,5,0,-2,2,0,1,4,5,-2,2,0,-2,-14,-12,4,-6,2,1,0,0,-1,-1,-1,-1,2,-1
KR_6598785534,420,0,-14,-17,-4,-3,4,1,2,1,3,-4,5,1,-1,4,3,2,1,3,0,1,8,-2,-3,5,0,0,0,0,-1,-1,-1,0,-1
KR_6721817967,420,-1,-69,-23,-3,-2,3,1,-3,4,1,1,0,1,-1,2,1,2,0,2,0,-1,6,2,-3,1,-2,0,-1,-1,-1,-1,-1,2,-1
KR_6526115387,420,-2,9,-30,-4,-5,8,3,3,1,4,-1,3,2,-1,1,0,0,0,0,0,-1,-3,2,-3,1,0,0,0,1,-1,0,-1,1,-1
KR_6649280740,420,-7,-101,-11,-16,-4,5,1,3,0,3,-9,9,0,-1,1,0,-5,5,0,0,-6,-11,-2,-1,3,-1,0,-1,0,-1,-1,-1,0,-1
KR_6741949231,440,-1,14,20,-1,0,5,5,4,1,5,-2,2,0,-2,3,1,-1,3,2,-1,-2,-10,-1,-5,6,1,0,0,-1,-1,1,-1,1,-1
KR_6729464145,440,-2,-9,-24,-1,-1,5,4,0,2,2,4,0,4,-2,2,0,-2,4,2,0,10,1,-1,-2,3,1,0,-2,-1,-1,-1,1,1,-1
KR_6757778980,420,-4,41,15,-17,2,0,2,-7,7,0,0,4,4,-8,10,2,-4,5,1,0,-16,-8,5,-7,2,-9,0,-3,1,-1,-1,-1,3,-1
KR_6668294779,420,0,-18,8,1,4,0,4,-1,2,1,0,3,3,-1,2,1,-1,1,0,0,-2,-7,0,-3,3,-1,0,0,-1,1,0,1,5,-1
KR_6763809792,420,-3,-11,4,-11,-2,3,1,1,1,2,-10,10,0,-3,4,1,3,0,3,0,-11,7,-1,-6,7,0,0,-1,-1,1,-1,-1,5,-1
KR_6760925866,420,1,35,-4,0,-4,4,0,2,0,2,3,2,5,-1,1,0,0,1,1,0,-3,-12,-2,-2,4,0,0,0,1,1,1,1,4,-1
KR_6764495083,420,0,-50,-12,6,-1,2,1,4,1,5,1,0,1,1,0,1,1,0,1,0,7,-12,-1,-3,4,3,0,0,0,-1,0,-1,0,-1
KR_6752824081,420,0,-31,-2,-2,5,1,6,-1,3,2,-3,4,1,-1,4,3,-2,2,0,-1,-9,-1,3,-4,1,-2,0,0,-1,1,1,-1,4,-1
KR_6637917039,420,0,9,4,-4,1,1,2,-6,7,1,0,2,2,1,0,1,0,0,0,0,-9,-193,-3,-3,6,0,0,-1,1,1,-1,-1,3,-1
KR_6735909231,420,-6,-131,-34,-9,0,2,2,-1,3,2,-2,3,1,-6,8,2,0,2,2,0,-4,-11,-3,-3,6,-2,0,-1,-1,-1,-1,-1,4,-1
KR_6702839730,420,-2,-40,-8,-7,-1,2,1,-4,4,0,-1,3,2,-3,6,3,2,0,2,0,-8,5,-2,-7,9,-2,0,-1,1,-1,-1,-1,5,-1
KR_6529186921,420,-5,-80,-9,-8,0,4,4,-3,5,2,-1,3,2,-5,7,2,1,1,2,-1,-6,13,0,-5,5,-1,0,-1,-1,1,-1,1,2,-1
KR_6761669577,440,-2,-24,-12,3,0,0,0,-2,5,3,5,0,5,0,1,1,0,1,1,0,1,-161,0,-3,3,-2,0,0,-1,1,0,-1,3,-1
KR_6743893647,420,-6,-64,-84,-14,-1,4,3,-2,2,0,-1,1,0,-4,7,3,-6,7,1,0,-12,0,-2,-2,4,-2,0,-2,-1,-1,-1,1,2,-1
KR_6712877852,420,2,89,0,4,-1,1,0,1,2,3,3,1,4,1,2,3,0,1,1,0,2,-4,0,-3,3,1,0,1,-1,1,1,1,1,-1
KR_6708557964,420,-6,-83,22,-8,1,0,1,0,4,4,-8,9,1,0,2,2,-1,2,1,0,0,-223,-1,-2,3,0,-1,-3,1,1,-1,-1,5,-1
KR_6762038924,420,-2,-23,-2,3,-3,5,2,-5,5,0,1,4,5,7,0,7,3,0,3,1,3,-26,-4,-2,6,4,0,0,-1,1,1,1,1,-1
KR_6579138720,420,2,-20,41,-1,3,1,4,0,1,1,-3,4,1,0,2,2,-1,1,0,0,-1,3,1,-4,3,2,0,1,1,1,1,-1,2,-1
KR_6733047355,420,-4,3,0,-4,-3,4,1,1,1,2,-3,5,2,1,2,3,0,5,5,0,-7,-6,-3,-3,6,0,0,0,-1,-1,0,1,6,-1
KR_6628081176,420,-3,-24,-24,-8,-5,5,0,-1,3,2,-2,4,2,4,4,8,-4,4,0,0,-3,-4,-3,-3,6,4,0,-1,1,1,1,-1,1,-1
KR_6753956573,420,0,-32,-8,0,-1,2,1,1,2,3,0,3,3,0,3,3,0,2,2,-1,0,3,0,-5,5,0,0,-1,-1,-1,-1,-1,2,-1
KR_6757282383,420,-3,-68,-18,0,0,1,1,5,4,9,-3,5,2,-1,3,2,-1,1,0,0,6,-335,3,-5,2,-5,0,0,-1,-1,0,-1,3,-1
KR_6763021849,440,2,37,-8,-1,1,3,4,0,1,1,4,1,5,-3,3,0,-3,3,0,0,-3,0,1,-3,2,4,0,1,-1,0,1,-1,3,-1
KR_6723895306,420,-3,6,-20,-6,2,1,3,-3,7,4,-3,3,0,-3,6,3,1,1,2,0,-14,-1,-2,-2,4,1,0,-1,-1,1,-1,1,6,-1
KR_6683732053,420,-4,-72,-4,-8,-4,4,0,2,0,2,-4,4,0,0,1,1,-2,2,0,0,2,0,0,-4,4,-3,0,0,-1,1,0,1,6,-1
KR_6759718483,420,0,17,-23,-2,-1,4,3,-1,3,2,-2,3,1,-4,5,1,6,1,7,0,3,-302,5,-5,0,2,0,0,1,-1,-1,-1,5,-1
KR_6730372442,420,2,-100,19,5,-1,3,2,2,2,4,-2,3,1,3,1,4,3,1,4,0,5,11,2,-4,2,-1,0,0,1,-1,0,-1,5,-1
KR_6656134914,420,-3,-60,-20,-8,-2,3,1,1,3,4,-4,6,2,-2,5,3,-1,1,0,0,-6,4,2,-5,3,0,0,-1,-1,1,-1,-1,3,-1
KR_6322849156,420,1,-61,2,3,-2,3,1,2,3,5,-1,1,0,4,2,6,0,0,0,0,6,-13,-1,-4,5,-4,0,0,1,-1,-1,-1,3,-1
KR_6754953809,420,-3,-21,-4,-6,-8,8,0,-1,1,0,2,3,5,1,3,4,0,0,0,0,-5,-8,-1,-4,5,-5,0,-1,-1,-1,-1,-1,3,-1
KR_6528499834,420,-1,12,12,-3,-2,4,2,3,3,6,2,1,3,-2,5,3,-4,5,1,-1,1,-17,-1,-2,3,3,0,-1,1,1,-1,-1,1,-1
KR_6645813332,440,-2,-2,-28,-5,-1,1,0,-4,5,1,-3,3,0,0,2,2,3,0,3,0,-3,0,-1,-2,3,3,0,-1,-1,-1,-1,-1,3,-1
KR_6703717901,420,-3,-97,-32,-9,1,3,4,-1,3,2,-5,7,2,-4,7,3,0,1,1,0,-3,-6,-2,-2,4,1,0,-2,-1,-1,-1,-1,3,-1
KR_6682889372,420,-1,-78,-24,1,1,0,1,-1,5,4,-2,5,3,2,0,2,1,2,3,0,4,-38,-2,-5,7,31,0,-2,1,-1,-1,1,6,-1
KR_6694987051,420,-5,-101,-43,-8,-3,4,1,1,0,1,1,1,2,-5,6,1,-2,3,1,0,1,5,6,-7,1,-3,0,-1,0,0,-1,-1,0,-1
KR_6693871608,420,-2,36,11,-1,4,2,6,-4,6,2,2,2,4,-2,4,2,-1,2,1,2,-9,-9,-4,-2,6,1,0,-1,0,0,-1,-1,0,-1
KR_6732681598,420,-1,28,9,6,0,0,0,3,3,6,1,2,3,1,0,1,1,0,1,0,5,-5,1,-2,1,0,0,1,1,1,1,1,5,-1
KR_6757025238,420,-8,-18,-80,-15,-5,8,3,0,2,2,-5,7,2,0,3,3,-5,5,0,0,-7,-1,-2,-2,4,-1,0,-1,-1,-1,-1,1,5,-1
KR_6350904957,420,-5,-158,-48,-10,-7,7,0,1,1,2,0,3,3,-5,5,0,1,0,1,-2,-3,-22,-2,-2,4,-1,0,0,-1,-1,-1,-1,6,-1
KR_6694996133,420,-1,26,-20,2,-1,3,2,1,0,1,-3,4,1,2,0,2,3,2,5,1,6,0,-2,-4,6,5,0,0,-1,-1,1,1,2,-1
KR_6653023015,420,0,-40,-4,-2,-2,3,1,-2,3,1,2,1,3,1,1,2,-1,1,0,0,3,-1,5,-7,2,-3,0,-1,-1,1,-1,-1,3,-1
KR_6752610202,420,1,28,3,4,2,1,3,-2,3,1,0,1,1,2,0,2,2,1,3,0,4,-3,-7,0,7,6,0,2,-1,-1,1,1,4,-1
KR_6554451998,420,0,19,-24,-1,2,3,5,-3,4,1,1,4,5,0,2,2,-1,1,0,0,3,-137,1,-4,3,-1,0,-1,1,-1,-1,1,4,-1
KR_6762313205,440,-4,-58,-20,-2,0,1,1,0,2,2,-3,5,2,-2,4,2,3,0,3,0,2,114,2,-5,3,-4,0,0,1,-1,0,1,6,-1
KR_6696392652,420,0,-1,-1,-1,-1,3,2,2,4,6,-3,3,0,0,2,2,1,1,2,1,3,-6,-4,-3,7,2,0,-1,-1,-1,-1,1,6,-1
KR_6682133150,420,3,70,-30,5,5,0,5,0,0,0,3,0,3,-1,1,0,-2,2,0,0,-4,2,0,-2,2,0,0,0,-1,0,1,-1,1,-1
KR_6763831962,420,-3,-34,-3,-11,-2,4,2,-1,4,3,-4,5,1,-4,7,3,0,2,2,0,-10,3,-3,-3,6,-1,0,0,0,-1,0,1,0,-1
KR_6735814137,440,-6,-33,-33,-18,-1,1,0,-3,4,1,-6,6,0,-5,7,2,-3,4,1,1,-9,1,-1,-1,2,3,0,0,-1,0,-1,1,1,-1
KR_6747319723,420,-2,15,1,-9,1,0,1,-8,9,1,-3,3,0,2,6,8,-1,1,0,-3,-18,-124,-5,-2,7,2,0,-1,-1,1,-1,-1,2,-1
KR_6749239327,420,-1,-10,-17,-8,4,2,6,-6,6,0,-6,6,0,-2,3,1,2,1,3,0,-6,-5,1,-5,4,8,0,-2,0,-1,-1,1,0,-1
KR_6730200780,420,3,50,16,2,2,1,3,-1,5,4,3,1,4,-2,5,3,0,2,2,0,-1,2,1,-4,3,3,0,0,1,-1,-1,1,4,-1
KR_6745340523,420,-5,-29,-26,-7,-3,3,0,0,4,4,-3,3,0,-1,1,0,0,0,0,0,-13,-1,-1,-4,5,4,0,-1,0,-1,-1,1,0,-1
KR_6646291172,420,2,43,16,-1,4,2,6,-3,3,0,-3,4,1,4,2,6,-3,4,1,0,-3,-7,-1,-3,4,3,0,0,-1,-1,1,-1,2,-1
KR_6760975122,420,0,30,-8,5,-2,2,0,2,1,3,3,1,4,0,5,5,2,1,3,0,8,-1,1,-6,5,2,0,1,-1,1,1,-1,6,-1
KR_6554709464,420,-4,-53,-16,-6,0,0,0,-3,5,2,4,1,5,-5,7,2,-2,4,2,0,-9,12,1,-3,2,-2,0,0,-1,1,-1,-1,1,-1
KR_6757534607,440,1,-24,-3,0,3,1,4,-2,2,0,-3,5,2,0,0,0,2,0,2,0,2,1,-2,-4,6,1,0,0,0,0,0,1,0,-1
KR_6756545690,420,-4,-96,-28,-14,-5,5,0,0,2,2,4,2,6,-8,11,3,-5,5,0,0,-4,-257,-2,-1,3,-7,0,-1,-1,-1,-1,-1,2,-1
KR_6682272263,440,1,-2,16,4,1,0,1,4,0,4,0,0,0,-2,5,3,1,3,4,-1,2,-33,2,-4,2,16,0,0,-1,1,1,-1,3,-1
KR_6764571943,420,-4,-50,-40,-6,0,1,1,0,2,2,-3,3,0,-1,1,0,-2,2,0,0,-10,-13,-3,-1,4,-3,0,-2,-1,1,-1,-1,6,-1
KR_6754165431,420,3,56,-4,-1,2,0,2,-3,4,1,3,0,3,-2,2,0,-1,3,2,0,-1,1,0,-4,4,-2,0,0,-1,1,0,1,5,-1
KR_6735269326,420,-1,7,24,-5,2,1,3,2,1,3,2,0,2,-9,10,1,-2,2,0,0,-9,20,4,-6,2,-2,0,0,1,1,1,1,6,-1
KR_6725346847,420,0,-17,-12,4,-3,4,1,3,3,6,6,2,8,-2,3,1,0,0,0,1,8,-11,1,-3,2,0,0,-1,-1,-1,-1,1,5,-1
KR_6719863900,420,-2,-39,-39,-4,-5,7,2,-3,4,1,1,1,2,4,0,4,-1,1,0,0,2,-3,4,-6,2,-3,0,-1,1,-1,-1,1,3,-1
KR_6370305536,420,-3,-56,0,-8,-4,5,1,-8,8,0,1,0,1,1,4,5,2,0,2,-1,-10,0,0,0,0,2,0,-1,-1,-1,-1,-1,6,-1
KR_6754560540,420,0,9,8,1,-3,4,1,-1,3,2,1,0,1,1,2,3,3,1,4,0,-4,5,3,-4,1,2,0,2,1,1,1,1,1,-1
KR_6656322080,420,-3,-55,-15,-5,3,1,4,-5,6,1,-2,5,3,0,3,3,-1,6,5,2,-6,-11,-3,-3,6,-1,0,-2,1,-1,-1,1,5,-1
KR_6726773611,420,1,38,-24,7,2,2,4,0,1,1,4,2,6,-1,5,4,2,1,3,1,8,3,6,-9,3,-3,0,1,-1,1,1,1,6,-1
KR_6752481200,420,-1,-19,3,-6,0,4,4,-4,6,2,-2,3,1,0,0,0,0,2,2,-1,-11,-17,-2,-4,6,1,0,-1,1,-1,-1,-1,6,-1
KR_6703564981,420,-2,-43,-17,-4,1,1,2,2,1,3,-5,5,0,-1,3,2,-1,1,0,1,-2,9,-5,-3,8,1,0,-2,-1,1,-1,1,1,-1
KR_6762375820,420,-9,-181,-33,-18,-4,9,5,-8,8,0,-4,4,0,-1,1,0,-1,1,0,-2,-13,-7,3,-3,0,-1,0,-4,1,-1,-1,-1,3,-1
KR_6721972211,420,-1,20,-4,1,-1,2,1,4,2,6,-4,4,0,4,2,6,-2,2,0,0,8,-23,-3,-3,6,9,0,-1,1,1,-1,1,2,-1
KR_6730147790,420,2,2,1,1,5,1,6,-5,5,0,3,2,5,0,1,1,-2,3,1,1,2,12,-1,-6,7,3,0,-1,1,-1,-1,1,2,-1
KR_6683252186,420,-1,25,-16,-4,0,1,1,-5,7,2,1,1,2,1,3,4,-1,1,0,0,-1,2,-2,-1,3,-1,0,0,1,-1,0,-1,3,-1
KR_6731928708,420,-1,-76,-26,-1,-4,5,1,2,4,6,0,1,1,-2,4,2,3,0,3,0,4,-10,1,-5,4,-3,0,0,-1,0,-1,-1,4,-1
KR_6691523282,420,0,-73,24,4,1,0,1,3,0,3,2,3,5,-1,5,4,-1,1,0,0,6,17,3,-6,3,0,0,-2,1,-1,-1,1,2,-1
KR_6674112909,420,-1,19,11,-8,2,1,3,-3,5,2,-7,7,0,-1,3,2,1,0,1,0,-6,-160,0,-4,4,7,0,0,1,-1,0,1,4,-1
KR_6676184152,420,0,-50,28,-1,0,4,4,1,0,1,0,1,1,-2,5,3,0,0,0,0,-2,-4,-1,-6,7,-3,0,-1,-1,1,-1,1,6,-1
KR_6743643035,420,0,-58,36,1,-2,4,2,2,2,4,4,0,4,-4,4,0,1,0,1,-1,-3,-22,0,0,0,24,0,-1,1,-1,-1,-1,2,-1
KR_6742956167,420,1,-36,-12,-4,2,0,2,2,0,2,1,3,4,-5,6,1,-4,4,0,-2,-6,-119,-4,0,4,3,0,-2,-1,-1,-1,-1,1,-1
KR_6670690917,420,-1,-3,-7,-1,5,0,5,-2,6,4,-5,6,1,1,1,2,0,0,0,0,5,-246,-2,-3,5,-1,0,0,-1,1,1,-1,2,-1
KR_6759956087,420,-2,6,4,-12,2,0,2,-2,3,1,-6,7,1,-4,6,2,-2,2,0,0,-26,6,1,-4,3,-3,0,-1,-1,0,-1,-1,6,-1
KR_6744116960,420,-2,-60,-23,-7,-5,5,0,1,0,1,-1,5,4,-2,3,1,0,1,1,0,-3,-2,1,-2,1,-2,0,0,-1,-1,-1,-1,1,-1
KR_6749623448,420,-2,3,-16,-3,3,0,3,-5,7,2,-2,2,0,2,2,4,-1,3,2,1,-1,-11,1,-5,4,-1,0,0,-1,1,0,1,3,-1
KR_6726980032,420,1,8,16,3,-3,6,3,9,1,10,-6,8,2,3,1,4,0,1,1,1,0,80,3,-4,1,-2,0,2,1,-1,-1,1,6,-1
KR_6729599476,420,0,28,-40,-2,0,3,3,0,1,1,0,5,5,0,1,1,-2,2,0,0,0,8,2,-4,2,-2,0,0,-1,-1,1,-1,5,-1
KR_6727331843,420,-2,-74,12,-4,0,1,1,-3,4,1,2,2,4,-3,3,0,0,0,0,0,-6,-3,1,-7,6,-3,0,0,1,0,-1,-1,3,-1
KR_6686646537,420,-6,-85,-36,-15,-2,4,2,0,4,4,3,3,6,-15,16,1,-1,3,2,1,-15,-9,0,-2,2,1,0,-2,-1,0,-1,1,2,-1
KR_6724077393,420,-5,-60,-24,-11,-6,6,0,-3,3,0,4,4,8,-4,4,0,-2,2,0,0,-4,6,-2,-4,6,2,0,-2,0,1,-1,-1,0,-1
KR_6759528705,420,1,-27,0,1,4,1,5,1,0,1,-4,8,4,0,1,1,0,0,0,0,1,-3,-3,-4,7,-1,0,-1,1,-1,-1,-1,1,-1
KR_6694916577,420,-2,-70,-8,-3,0,1,1,-1,3,2,6,1,7,-5,6,1,-3,4,1,0,-9,-10,-2,-2,4,1,0,-1,-1,1,-1,-1,2,-1
KR_6738307779,420,-1,-7,12,1,0,1,1,-1,3,2,-1,3,2,2,1,3,1,2,3,1,2,-27,3,-3,0,0,0,0,1,1,1,1,1,-1
KR_6673613071,420,-1,-24,-4,6,1,1,2,3,2,5,2,4,6,0,4,4,0,2,2,1,3,-7,-3,-1,4,-1,0,0,-1,0,0,1,6,-1
KR_6725869031,420,-5,1,4,-12,-5,7,2,-7,12,5,1,1,2,-3,4,1,2,1,3,0,-7,9,-1,-2,3,-2,0,-1,-1,-1,-1,-1,1,-1
KR_6750236142,420,-1,-34,9,-6,-3,4,1,-2,3,1,0,2,2,-2,4,2,1,2,3,0,-11,9,2,-5,3,-2,0,-2,-1,-1,-1,1,3,-1
KR_6756177976,420,1,-45,-1,-1,-2,2,0,0,4,4,1,3,4,1,1,2,-1,1,0,0,-3,-30,0,-3,3,0,0,0,-1,1,-1,-1,5,-1
KR_6760101955,440,-2,15,-4,-1,1,4,5,0,3,3,-2,5,3,0,5,5,0,0,0,0,9,-11,-1,-4,5,2,0,0,1,-1,-1,-1,2,-1
KR_6760763493,420,2,-29,8,3,9,0,9,2,0,2,-5,7,2,1,3,4,-4,4,0,0,4,35,-1,0,1,-24,0,0,0,-1,-1,1,0,-1
KR_6758731933,420,-2,-92,-16,-1,3,0,3,-1,3,2,-2,7,5,-2,7,5,1,1,2,0,-5,6,-1,-7,8,0,0,1,-1,1,1,1,6,-1
KR_6759608745,420,1,4,32,-2,0,2,2,-1,4,3,-2,2,0,2,1,3,-1,1,0,-1,-5,-11,-7,-2,9,5,0,0,0,0,-1,-1,0,-1
KR_6756124379,420,-3,3,-37,-8,0,2,2,-2,2,0,-5,6,1,0,0,0,-1,1,0,0,-8,6,-4,-4,8,3,0,-1,-1,1,-1,-1,2,-1
KR_6615141981,420,1,-19,52,-1,1,1,2,-1,3,2,4,1,5,-5,6,1,0,2,2,-1,-3,-3,-4,0,4,1,0,0,1,-1,0,-1,6,-1
KR_6740806860,420,-3,-92,-17,-10,-2,4,2,-3,4,1,-1,4,3,-2,4,2,-2,3,1,0,-10,36,-1,-2,3,-16,0,-2,0,-1,-1,-1,0,-1
KR_6692767295,420,1,18,-18,0,0,2,2,-4,5,1,2,2,4,1,4,5,1,0,1,0,0,-2,-3,-2,5,1,0,1,1,-1,1,-1,1,-1
KR_6764622067,420,1,63,-23,9,-2,2,0,0,0,0,4,0,4,8,2,10,-1,1,0,0,5,-5,-3,0,3,1,0,0,0,0,-1,1,0,-1
KR_6638697825,420,2,26,19,-4,0,2,2,4,1,5,-3,6,3,-5,6,1,0,1,1,0,-6,112,-3,-5,8,-1,0,0,-1,-1,1,-1,4,-1
KR_6762946242,420,-1,33,-8,-5,-1,2,1,-6,8,2,5,1,6,-4,7,3,1,2,3,0,-6,-1,-2,-3,5,2,0,-1,-1,-1,-1,1,3,-1
KR_6622089913,420,0,14,21,1,1,1,2,2,2,4,-3,4,1,2,5,7,-1,2,1,0,3,-7,-4,-4,8,3,0,1,1,-1,1,1,4,-1
KR_6752092207,420,-5,-36,-18,-4,-5,5,0,0,1,1,0,3,3,0,1,1,1,0,1,0,2,54,3,-3,0,-26,0,-1,0,-1,-1,-1,0,-1
KR_6743155706,440,-1,2,-20,-2,-2,4,2,2,2,4,-7,9,2,5,4,9,0,0,0,1,3,-22,-1,-6,7,0,0,1,-1,1,-1,1,6,-1
KR_6761964282,420,-3,-31,8,-6,1,2,3,-3,4,1,-5,7,2,1,1,2,0,1,1,0,1,-11,-7,-1,8,-4,0,-2,-1,-1,-1,-1,5,-1
KR_6675906713,420,-2,-10,-16,0,-7,7,0,2,0,2,3,3,6,2,1,3,0,0,0,0,3,9,-1,-3,4,5,0,0,0,-1,-1,1,0,-1
KR_6527760110,420,1,-3,-32,-1,2,1,3,-5,7,2,-3,4,1,3,0,3,2,1,3,-3,0,-8,3,-7,4,3,0,1,-1,1,1,-1,2,-1
KR_6720792159,440,-1,-5,-3,0,-2,3,1,3,0,3,-2,2,0,1,2,3,0,1,1,0,2,-29,-3,0,3,2,0,-1,-1,-1,-1,1,4,-1
KR_6702601747,420,-2,-47,12,-10,-4,5,1,2,2,4,-1,4,3,1,2,3,-8,16,8,-1,-23,5,8,-10,2,2,0,1,0,1,1,-1,0,-1
KR_6753026283,420,-1,-41,4,-6,-2,3,1,-1,4,3,-3,5,2,-1,3,2,1,3,4,0,-9,-13,-3,-2,5,3,0,0,-1,-1,0,1,2,-1
KR_6738839249,420,-1,18,4,-3,-3,3,0,0,1,1,5,0,5,-3,4,1,-2,2,0,0,-5,-8,4,-5,1,4,0,0,1,1,-1,-1,2,-1
KR_6702740064,420,-5,-6,0,-11,-3,3,0,-3,5,2,-5,5,0,0,2,2,0,1,1,0,-14,-3,0,-3,3,-4,0,-2,-1,-1,-1,-1,6,-1
KR_6730102628,420,-2,-118,-52,-4,3,3,6,-1,2,1,-3,7,4,0,3,3,-3,4,1,-1,-1,4,0,-3,3,1,0,0,-1,1,-1,-1,3,-1
KR_6726409239,440,-9,-94,-3,-4,2,0,2,-1,4,3,0,2,2,-4,4,0,-1,1,0,-1,-5,-2,0,-4,4,-3,0,-2,1,-1,-1,-1,2,-1
KR_6623258164,420,3,24,16,1,6,1,7,-4,4,0,7,0,7,-7,9,2,-1,1,0,0,-6,-43,-5,-2,7,-2,0,1,-1,1,1,1,5,-1
KR_6761313190,440,-1,-1,4,-3,3,1,4,-4,7,3,-1,1,0,-2,5,3,1,3,4,0,-16,4,4,-5,1,-4,0,1,-1,-1,1,-1,1,-1
KR_6645589228,420,-4,35,-6,-11,-2,3,1,-2,4,2,-1,2,1,-5,5,0,-1,2,1,0,-8,1,-5,-2,7,1,0,0,-1,-1,0,-1,3,-1
KR_6639930590,420,2,70,4,-1,2,2,4,2,2,4,1,2,3,-4,4,0,-2,3,1,0,-6,-3,-1,-3,4,2,0,1,-1,1,1,-1,6,-1
KR_6761781399,420,3,76,20,5,2,0,2,-3,5,2,5,0,5,-2,2,0,3,0,3,0,5,3,2,-4,2,-1,0,0,1,1,0,1,3,-1
KR_6719390410,440,-3,-26,-27,-9,4,0,4,-4,4,0,1,3,4,-8,11,3,-2,4,2,1,-10,-1,-1,0,1,-4,0,0,0,1,1,1,0,-1
KR_6729899281,420,2,41,20,0,0,0,0,-3,3,0,-5,6,1,10,1,11,-2,2,0,0,-6,9,1,-6,5,4,0,-1,-1,-1,-1,-1,5,-1
KR_6681798795,420,-5,-73,-13,-10,-6,6,0,-2,4,2,0,1,1,-2,4,2,0,0,0,-1,-2,-5,0,-2,2,4,0,-1,-1,1,-1,-1,4,-1
KR_6729623473,440,2,0,-3,3,0,1,1,-1,3,2,-2,4,2,2,2,4,4,2,6,0,2,-3,-4,-2,6,5,0,-1,0,-1,-1,1,0,-1
KR_6499015874,420,0,-63,-4,-2,-1,4,3,2,0,2,0,4,4,-2,2,0,-1,2,1,1,-10,9,-5,-2,7,3,0,-2,-1,-1,-1,1,1,-1
KR_6739738924,420,-3,-29,22,-4,-1,2,1,-2,3,1,0,2,2,-1,3,2,0,0,0,0,-4,2,-1,-2,3,-1,0,1,0,1,1,-1,0,-1
KR_6743325704,420,-2,-37,8,2,-2,4,2,-2,6,4,1,1,2,4,0,4,1,1,2,1,2,165,-2,-1,3,0,0,-1,-1,-1,-1,1,6,-1
KR_6646238769,420,-5,-44,-20,-8,-4,6,2,2,2,4,0,1,1,-3,5,2,-3,4,1,0,-7,-18,-6,-1,7,0,0,-1,-1,1,-1,-1,1,-1
KR_6755078294,420,2,27,26,-3,-2,2,0,-3,7,4,1,4,5,0,2,2,1,1,2,0,-4,0,1,-3,2,4,0,-1,-1,-1,-1,1,5,-1
KR_6705920139,420,0,-52,-19,-1,-3,5,2,-2,3,1,11,0,11,-6,7,1,-1,2,1,0,-4,8,4,-5,1,-4,0,0,0,-1,-1,-1,0,-1
KR_6695889383,420,-3,-34,16,-11,3,1,4,-6,8,2,-5,6,1,-4,10,6,1,0,1,-2,-26,-4,2,-6,4,0,0,-4,-1,-1,-1,-1,1,-1
KR_6732128945,420,-1,9,12,6,-2,2,0,3,1,4,4,1,5,1,2,3,0,0,0,5,23,4,-1,-2,3,1,0,0,1,-1,0,1,2,-1
KR_6720493358,440,1,6,-4,-1,4,0,4,0,1,1,4,1,5,-11,11,0,2,2,4,0,-2,-11,-2,-2,4,6,0,-1,-1,1,-1,1,4,-1
KR_6682986674,420,-4,-11,-20,-6,-2,6,4,-3,4,1,0,4,4,0,3,3,-1,1,0,0,1,-2,-1,-2,3,0,0,-1,-1,-1,-1,-1,2,-1
KR_6712613021,420,-4,-85,12,-6,-6,6,0,1,2,3,1,1,2,-2,5,3,0,1,1,0,-4,27,-3,-3,6,-11,0,-2,-1,-1,-1,1,6,-1
KR_6695674474,420,-4,-77,9,-10,-3,3,0,0,5,5,1,3,4,-7,8,1,-1,1,0,1,-6,2,-4,-6,10,0,0,-2,1,-1,-1,1,2,-1
KR_6443246927,420,-2,-94,-75,-3,-5,7,2,-1,5,4,2,2,4,2,3,5,-1,2,1,0,5,-4,2,-4,2,-2,0,-1,0,-1,-1,-1,0,-1
KR_6725545876,420,-5,-53,-41,-7,-5,5,0,0,3,3,-2,4,2,2,1,3,-2,2,0,0,3,6,2,-4,2,-3,0,0,1,-1,-1,1,5,-1
KR_6568386489,420,-2,42,14,-7,0,2,2,2,1,3,-5,6,1,-4,4,0,0,1,1,0,-11,14,-3,-4,7,1,0,-1,-1,1,-1,1,3,-1
KR_6633571539,420,-5,-37,-24,-11,-5,7,2,6,1,7,-3,4,1,-6,6,0,-3,3,0,0,-1,1,3,-9,6,-2,0,-2,-1,-1,-1,-1,6,-1
KR_6753060177,440,-1,-35,-8,-6,2,3,5,-2,2,0,-5,6,1,0,4,4,-1,1,0,0,-9,2,-4,-3,7,-3,0,-1,-1,-1,-1,1,2,-1
KR_6757062349,440,0,-79,4,1,0,1,1,2,1,3,-1,3,2,1,0,1,-1,3,2,0,9,-7,-2,0,2,1,0,0,-1,-1,0,-1,4,-1
KR_6761525654,420,-1,5,8,-3,-1,1,0,-2,2,0,1,1,2,-1,4,3,0,1,1,0,-7,24,3,-5,2,1,0,0,1,-1,0,-1,3,-1
KR_6571819586,440,-2,-54,36,-8,0,2,2,-3,3,0,-2,3,1,-2,2,0,-1,1,0,0,-16,0,3,-3,0,-2,0,-1,1,-1,-1,-1,6,-1
KR_6646961187,420,-4,-38,-23,-12,-5,5,0,-4,5,1,0,3,3,-3,3,0,0,1,1,0,-5,-11,0,-5,5,0,0,-1,1,-1,-1,-1,5,-1
KR_6757512726,440,-4,-35,-7,-7,4,2,6,-1,2,1,-1,6,5,-4,4,0,-5,6,1,0,-10,38,-2,-2,4,-5,0,-1,1,-1,-1,1,3,-1
KR_6593275576,420,-3,-13,-27,-1,-3,4,1,0,2,2,1,3,4,2,1,3,-1,2,1,0,3,2,0,-3,3,1,0,0,0,1,0,1,0,-1
KR_6717843002,420,0,-21,0,-4,-1,4,3,1,0,1,0,2,2,-3,4,1,-1,1,0,0,1,-14,0,-3,3,1,0,0,-1,1,-1,-1,6,-1
KR_6752944321,420,3,29,9,8,6,1,7,6,1,7,-3,5,2,-2,3,1,1,0,1,-1,3,-22,1,-5,4,5,0,0,-1,1,-1,-1,3,-1
KR_6675826932,420,-4,-41,16,-15,-4,4,0,1,1,2,-2,2,0,-5,5,0,-5,5,0,0,-14,18,0,-4,4,-5,0,0,-1,-1,0,-1,6,-1
KR_6367705842,420,-1,-63,-28,-2,-1,3,2,0,1,1,0,1,1,0,2,2,-1,2,1,0,-6,0,0,0,0,-10,0,-1,-1,1,-1,1,2,-1
KR_6702666755,420,-3,-53,-8,-8,-3,4,1,2,2,4,-2,5,3,-2,7,5,-3,3,0,0,-2,-5,-1,-4,5,-1,0,0,-1,-1,0,-1,1,-1
KR_6719324046,440,-5,-29,-24,-10,-4,5,1,-2,3,1,-1,3,2,-2,4,2,-1,4,3,-1,-18,6,-8,-1,9,1,0,0,-1,-1,0,-1,6,-1
KR_6708273286,420,-5,48,-60,-3,-5,6,1,0,4,4,-1,3,2,2,1,3,1,0,1,0,-1,7,3,-4,1,1,0,2,-1,1,1,1,4,-1
KR_6740403963,420,2,31,20,-3,-2,2,0,-2,3,1,2,2,4,-1,5,4,0,1,1,0,-2,-50,0,-2,2,19,0,0,1,-1,0,-1,4,-1
KR_6748273747,420,-4,-63,-38,1,-2,3,1,-1,3,2,-2,2,0,0,2,2,6,0,6,0,0,30,2,-5,3,3,0,-1,-1,-1,-1,1,5,-1
KR_6697444446,420,-7,-76,-8,-9,-6,8,2,-3,4,1,0,3,3,0,2,2,0,0,0,0,-1,-6,-2,-2,4,1,0,-1,-1,-1,-1,-1,2,-1
KR_6486357619,420,-4,54,-15,-9,0,2,2,-1,6,5,-5,8,3,-2,2,0,-1,2,1,-1,-5,-6,1,-3,2,-1,0,0,1,1,0,-1,1,-1
KR_6662301429,420,-2,5,-32,6,2,1,3,-2,2,0,0,3,3,5,1,6,1,0,1,0,8,-7,-3,-3,6,2,0,0,0,-1,-1,1,0,-1
KR_6712517239,420,-3,-33,16,-5,0,0,0,-2,5,3,0,3,3,-2,2,0,-1,2,1,0,-7,-8,-3,-2,5,1,0,0,-1,1,1,1,6,-1
KR_6683715658,420,-1,-51,-4,-7,-2,2,0,0,1,1,-4,4,0,0,2,2,-1,3,2,0,-5,69,-5,0,5,0,0,0,-1,-1,0,-1,1,-1
KR_6758806122,420,3,95,22,2,7,0,7,-3,4,1,2,5,7,-3,5,2,-1,2,1,1,2,-8,0,-5,5,5,0,2,-1,0,1,1,6,-1
KR_6762514428,420,-5,-126,-3,-11,0,1,1,1,4,5,-3,3,0,-4,5,1,-5,5,0,0,-10,14,0,-2,2,0,0,-3,-1,0,-1,-1,1,-1
KR_6752514519,420,2,6,1,11,4,1,5,2,3,5,-1,2,1,0,4,4,6,0,6,0,13,-41,-2,-3,5,18,0,0,1,-1,0,-1,1,-1
KR_6753537538,420,0,-10,4,1,-1,3,2,-3,3,0,1,0,1,3,0,3,1,1,2,0,-1,-51,-4,-1,5,15,0,0,-1,-1,-1,-1,2,-1
KR_6711023230,420,-3,-92,40,-5,0,2,2,0,3,3,0,3,3,-4,4,0,-1,1,0,-1,-8,-5,0,-3,3,0,0,0,-1,0,-1,-1,2,-1
KR_5944663702,420,-6,37,-26,-9,-3,3,0,-4,5,1,-3,3,0,2,2,4,-1,1,0,0,-9,-6,1,-6,5,3,0,0,1,1,0,-1,3,-1
KR_6738937478,420,-6,-80,-14,-18,0,2,2,0,4,4,-2,3,1,-15,15,0,-1,2,1,0,-14,19,-2,-2,4,-2,0,-1,-1,-1,-1,1,6,-1
KR_6639308154,420,-2,-12,-23,3,0,0,0,0,2,2,-2,2,0,3,0,3,2,0,2,0,0,47,-2,-1,3,-20,0,2,-1,1,1,1,2,-1
KR_6750280627,420,-2,40,4,-3,2,0,2,-3,3,0,-4,5,1,3,1,4,-1,2,1,0,-5,5,-3,-3,6,-2,0,1,-1,1,1,-1,5,-1
KR_6707222706,440,-11,-108,-59,-27,-5,6,1,-9,9,0,-5,5,0,-6,6,0,-2,2,0,-1,-34,-14,-5,-1,6,4,0,-4,-1,-1,-1,-1,4,-1
KR_6632108452,420,-5,-11,-3,-7,-3,3,0,-2,3,1,-2,4,2,-1,3,2,1,0,1,0,-2,2,1,-6,5,-8,0,-1,-1,-1,-1,-1,5,-1
KR_6751351922,420,0,29,48,-2,2,1,3,0,3,3,1,0,1,-4,4,0,-1,3,2,-1,-2,61,-3,-1,4,0,0,0,-1,1,-1,-1,2,-1
KR_6749584141,440,-2,23,-4,-14,1,2,3,-4,5,1,1,1,2,-9,10,1,-3,3,0,0,-22,-5,-4,-2,6,-3,0,0,-1,-1,0,1,5,-1
KR_6697682748,420,-9,-111,-12,-17,-8,8,0,-3,5,2,2,1,3,-8,10,2,0,1,1,0,-13,0,2,-8,6,0,0,-2,-1,1,-1,1,6,-1
KR_6759746722,420,7,-69,24,10,1,4,5,2,2,4,3,1,4,3,1,4,1,3,4,-1,13,-13,0,-2,2,-2,0,0,0,-1,-1,-1,0,-1
KR_6760855608,420,-1,-52,4,-1,0,2,2,1,2,3,3,2,5,-5,6,1,0,0,0,-1,0,-57,2,-6,4,2,0,0,0,1,1,-1,0,-1
KR_6560393709,420,-4,-37,-48,-7,-1,4,3,0,4,4,-1,3,2,-6,8,2,1,0,1,1,-9,3,2,-5,3,-2,0,-2,-1,-1,-1,1,3,-1
KR_6615567639,420,-5,-75,7,-19,-3,4,1,-9,11,2,0,2,2,-7,8,1,0,0,0,0,-16,3,1,-2,1,-1,0,-2,1,1,-1,-1,6,-1
KR_6757916670,420,-1,-92,-8,-5,-2,4,2,-2,3,1,5,0,5,-3,3,0,-3,3,0,0,-7,-12,-2,-3,5,0,0,-2,0,1,-1,-1,0,-1
KR_6752232686,420,-5,-51,-4,-10,-4,4,0,-4,4,0,-2,2,0,1,1,2,-1,1,0,0,-4,4,0,-5,5,-4,0,-1,1,-1,-1,-1,5,-1
KR_6751471311,420,-1,5,2,-5,-1,2,1,-6,6,0,-1,2,1,4,1,5,-1,2,1,0,-10,10,-1,-3,4,-1,0,0,-1,1,0,-1,6,-1
KR_6609280007,420,2,42,-4,-5,2,1,3,-5,6,1,-5,6,1,3,2,5,0,3,3,0,-4,-5,5,-10,5,-1,0,0,-1,-1,-1,-1,5,-1
KR_6763111940,420,0,32,-16,2,0,1,1,7,2,9,2,2,4,-5,5,0,-2,2,0,0,1,-358,1,-4,3,3,0,0,1,-1,0,1,5,-1
KR_6764461716,420,-5,-20,-46,-12,-8,9,1,-2,3,1,-1,2,1,-4,7,3,3,0,3,0,-6,-46,2,-4,2,15,0,-2,-1,-1,-1,1,2,-1
KR_6734879157,420,-4,-99,-5,-5,-1,1,0,1,0,1,-2,4,2,-3,4,1,0,1,1,0,-6,-124,1,-3,2,0,0,-3,0,-1,-1,-1,0,-1
KR_6731568453,420,-3,-17,-13,-5,1,1,2,-5,8,3,-1,5,4,0,1,1,0,0,0,0,-2,-7,-2,-2,4,1,0,0,1,-1,0,1,1,-1
KR_6683458457,420,-5,11,-33,-15,-6,6,0,-4,5,1,-4,5,1,-2,3,1,1,1,2,-1,-18,1,-3,-5,8,1,0,1,-1,-1,1,-1,2,-1
KR_6687766213,420,-2,-82,-4,-5,-2,3,1,-2,6,4,-2,4,2,3,0,3,-2,2,0,0,-6,-4,0,-5,5,2,0,-2,1,-1,-1,-1,3,-1
KR_6756477551,420,-5,-40,-37,-4,-2,2,0,1,0,1,-4,6,2,1,4,5,0,2,2,-1,-4,-2,-2,0,2,1,0,-1,1,-1,-1,-1,5,-1
KR_6742110926,420,-1,25,1,1,-1,2,1,-2,5,3,0,3,3,3,2,5,1,1,2,0,6,-10,-6,-3,9,5,0,0,-1,1,0,-1,2,-1
KR_6755727119,420,-2,-22,8,-9,0,3,3,-3,5,2,-2,3,1,0,2,2,-4,4,0,0,-2,-10,1,-3,2,-5,0,0,-1,0,-1,-1,6,-1
KR_6762944308,420,2,-54,30,1,-3,5,2,3,1,4,1,1,2,0,2,2,0,0,0,0,7,4,-1,-3,4,-3,0,0,1,1,0,-1,3,-1
KR_6717554745,420,-4,-51,12,-10,-2,3,1,-4,5,1,2,2,4,-5,5,0,-1,1,0,-1,-24,7,-2,-1,3,-2,0,-1,-1,-1,-1,-1,2,-1
KR_6730930219,420,-1,1,0,-2,0,1,1,0,2,2,3,3,6,-3,5,2,-2,5,3,0,2,-17,-3,-1,4,-3,0,-1,-1,1,-1,-1,4,-1
KR_6760016513,420,-6,-164,-1,-12,-2,2,0,-2,2,0,-3,6,3,-4,5,1,-1,3,2,0,-1,-4,3,-6,3,-5,0,0,-1,-1,-1,-1,2,-1
KR_6761526347,440,0,-25,26,2,-2,5,3,1,0,1,0,0,0,-3,3,0,6,1,7,0,-3,1,-3,-2,5,-1,0,0,-1,1,1,1,4,-1
KR_6709629119,420,-4,-20,-16,-9,-3,5,2,-2,2,0,-4,6,2,2,4,6,-2,3,1,-1,-7,4,-1,-4,5,-1,0,0,1,-1,-1,-1,6,-1
KR_6347742852,420,-5,-115,-4,-11,-2,7,5,1,1,2,-4,5,1,-4,4,0,-2,3,1,0,-7,24,2,-9,7,-6,0,-2,1,-1,-1,-1,5,-1
KR_6697234773,420,-3,-34,11,-11,-3,4,1,0,1,1,0,2,2,-4,7,3,-4,4,0,0,-9,11,-2,-1,3,-2,0,-2,1,-1,-1,-1,5,-1
KR_6747705340,420,0,-80,24,-6,-2,4,2,2,3,5,-3,7,4,-3,4,1,0,0,0,0,-2,8,2,-5,3,-5,0,1,1,0,1,1,1,-1
KR_6744775682,420,0,-20,-20,6,-1,2,1,6,1,7,1,0,1,1,1,2,-1,2,1,0,9,11,4,-8,4,0,0,0,-1,1,-1,-1,4,-1
KR_6682580585,420,5,-18,3,5,5,2,7,-1,3,2,-4,5,1,2,3,5,3,1,4,2,7,-2,-1,-2,3,0,0,1,1,1,1,1,1,-1
KR_6674251917,420,1,12,8,5,5,1,6,1,1,2,0,1,1,1,1,2,-2,2,0,0,6,-156,5,-6,1,2,0,1,1,1,1,1,4,-1
KR_6614149935,420,-2,-15,8,-3,1,2,3,-5,5,0,-1,3,2,2,2,4,0,1,1,0,-3,12,0,-3,3,-2,0,0,0,0,0,1,0,-1
KR_6633661463,420,-3,17,-12,-3,-3,3,0,2,1,3,-3,5,2,1,1,2,0,0,0,0,-6,2,-4,-3,7,4,0,1,-1,-1,1,-1,2,-1
KR_6746640693,420,-2,31,-17,-2,-3,3,0,0,0,0,1,1,2,0,2,2,0,1,1,0,0,-3,-4,-1,5,4,0,0,-1,1,0,-1,3,-1
KR_6697474469,420,1,18,8,-4,1,2,3,0,4,4,-2,3,1,-3,6,3,0,2,2,-1,-10,0,0,-3,3,-5,0,0,1,1,1,-1,5,-1
KR_6721258105,420,-5,-55,1,-16,-3,3,0,-1,1,0,-1,1,0,-11,11,0,0,0,0,-1,-22,-52,-2,-5,7,-8,0,0,-1,1,-1,-1,4,-1
KR_6758316223,420,2,26,5,5,6,2,8,-2,2,0,0,3,3,1,3,4,0,1,1,0,-2,-1,-1,-3,4,3,0,1,-1,1,1,-1,1,-1
KR_6760573077,420,-1,-104,4,-1,-1,2,1,1,2,3,-3,3,0,2,1,3,0,0,0,0,3,4,0,-5,5,-1,0,-1,-1,-1,-1,-1,4,-1
KR_6733559184,420,-4,20,-26,-12,-2,2,0,-4,4,0,-2,6,4,-4,6,2,0,3,3,-1,-22,-158,-3,-3,6,-2,0,-2,-1,1,-1,-1,5,-1
KR_6749331435,420,-5,-43,-13,-5,-1,3,2,2,1,3,-1,2,1,-5,7,2,0,1,1,0,-8,211,1,-4,3,-1,0,-2,-1,1,-1,-1,4,-1
KR_6751007582,420,0,18,0,-2,-3,6,3,-1,2,1,0,2,2,3,2,5,-1,1,0,2,-6,-4,-1,-2,3,-2,0,0,0,0,0,-1,0,-1
KR_6760985718,420,-2,-30,-4,-8,-6,6,0,-2,2,0,0,1,1,-1,6,5,1,2,3,-1,-8,-214,0,-3,3,2,0,0,-1,1,0,-1,1,-1
KR_6647904076,420,-2,26,-28,-4,-3,3,0,1,1,2,-4,4,0,3,2,5,-1,1,0,0,0,268,-1,-3,4,-2,0,0,1,-1,-1,1,6,-1
KR_6690459019,420,-3,-42,-4,-11,-5,6,1,-3,4,1,-1,3,2,0,4,4,-2,2,0,0,-3,4,-1,-2,3,-21,0,-1,0,-1,-1,-1,0,-1
KR_6656161123,420,-2,7,-41,-1,1,1,2,-3,4,1,5,0,5,-4,5,1,0,0,0,0,-6,-118,4,-7,3,1,0,0,-1,1,0,1,6,-1
KR_6741146873,420,-2,-42,16,-6,-3,4,1,-3,4,1,-4,4,0,5,3,8,-1,1,0,0,0,-51,0,-5,5,25,0,0,-1,1,0,1,3,-1
KR_6669025731,420,-1,18,-41,-4,2,0,2,-5,5,0,-3,8,5,3,0,3,-1,1,0,1,-7,-10,4,-6,2,1,0,0,1,-1,0,1,5,-1
KR_6759405643,420,3,54,20,4,0,2,2,-2,3,1,-3,3,0,8,1,9,1,2,3,0,7,3,2,-4,2,0,0,0,1,-1,-1,1,1,-1
KR_6743558270,420,-2,-53,39,-7,5,1,6,0,2,2,-10,10,0,-1,2,1,-1,2,1,0,-7,-3,-3,-1,4,-4,0,-1,-1,0,-1,1,2,-1
KR_6754865468,420,-3,24,-4,-4,0,1,1,2,3,5,-5,6,1,-2,3,1,1,1,2,0,-6,-7,0,-4,4,3,0,0,-1,1,0,-1,6,-1
KR_6697479855,420,0,-1,1,-3,3,0,3,-5,6,1,-3,4,1,0,1,1,2,3,5,0,-5,12,1,-6,5,0,0,0,1,-1,0,-1,5,-1
KR_6643873991,420,1,68,-7,5,5,0,5,2,2,4,1,2,3,-4,4,0,1,0,1,0,2,-3,1,-6,5,4,0,2,1,1,1,1,5,-1
KR_6741979083,420,1,-43,4,6,3,0,3,1,1,2,4,0,4,-2,3,1,0,1,1,1,3,66,2,-4,2,-1,0,0,-1,1,0,-1,5,-1
KR_6750384972,440,-6,-75,-28,-5,0,1,1,0,2,2,-2,4,2,-2,3,1,-1,1,0,0,-2,-38,4,-8,4,27,0,-2,-1,1,-1,-1,6,-1
KR_6731708625,420,-5,44,-67,-7,0,2,2,0,2,2,-6,8,2,-1,2,1,0,0,0,0,-3,-492,1,-4,3,26,0,-2,0,-1,-1,-1,0,-1
KR_6691339716,420,-4,-120,0,-9,-2,2,0,-2,3,1,2,0,2,-6,7,1,-1,3,2,0,-12,-3,-2,-2,4,0,0,-1,1,1,-1,-1,4,-1
KR_6734947959,420,-2,26,-51,-6,0,0,0,-4,5,1,1,0,1,-3,4,1,0,1,1,1,-5,80,-2,-2,4,-3,0,-2,-1,-1,-1,1,3,-1
KR_6745784650,420,0,18,7,-1,-3,4,1,1,2,3,2,1,3,3,2,5,-4,4,0,0,-5,28,-1,-3,4,2,0,0,-1,1,1,-1,3,-1
KR_6714276312,440,-3,14,-58,-14,0,1,1,-7,9,2,-1,2,1,-3,4,1,-3,5,2,0,-12,-2,-3,-3,6,-2,0,-1,-1,-1,-1,-1,1,-1
KR_6742689034,420,-4,-58,-8,-5,1,0,1,1,1,2,-3,4,1,-2,3,1,-2,4,2,0,-5,-5,1,-4,3,1,0,0,-1,1,0,-1,6,-1
KR_6711450310,420,-5,-125,-24,-11,-7,8,1,5,0,5,-2,2,0,2,1,3,-9,9,0,0,-6,-13,0,-6,6,-4,0,-1,-1,0,-1,1,2,-1
KR_6728264757,420,1,24,-9,2,-1,3,2,-1,3,2,1,2,3,3,1,4,0,1,1,1,11,6,3,-5,2,2,0,-1,1,-1,-1,1,1,-1
KR_6757932784,420,-3,-42,12,-2,1,0,1,0,1,1,1,1,2,-5,6,1,1,1,2,0,-2,-43,1,-3,2,-1,0,0,1,-1,0,-1,3,-1
KR_6350947754,420,-3,-81,26,-2,-3,4,1,0,4,4,1,4,5,0,3,3,0,2,2,0,-4,205,-3,-3,6,-1,0,-1,-1,1,-1,-1,4,-1
KR_6764670438,420,0,-66,-27,3,0,3,3,-2,3,1,-3,4,1,6,0,6,2,1,3,0,5,4,4,-6,2,-4,0,-1,-1,-1,-1,-1,4,-1
KR_6750404382,420,-7,-79,-33,-12,-4,5,1,-2,2,0,-4,4,0,0,3,3,-2,3,1,0,-5,-10,4,-4,0,2,0,0,-1,-1,-1,-1,4,-1
KR_6732978022,440,0,-3,24,0,5,1,6,0,4,4,-4,5,1,1,1,2,-2,3,1,2,6,9,-1,0,1,0,0,0,1,-1,0,1,3,-1
KR_6747096302,420,2,14,20,-2,2,1,3,4,1,5,0,1,1,-6,10,4,-2,2,0,0,-4,0,0,-4,4,-6,0,0,-1,1,0,1,5,-1
KR_6751946604,420,-1,2,-12,-11,-1,3,2,-7,7,0,0,1,1,-3,4,1,0,3,3,0,-11,25,3,-3,0,-3,0,0,1,-1,1,1,4,-1
KR_6755127932,420,-1,0,-39,5,2,3,5,-1,4,3,1,1,2,3,4,7,0,1,1,0,-2,5,3,-6,3,1,0,-2,-1,-1,-1,-1,1,-1
KR_6762214608,440,-2,-32,-11,1,-2,4,2,-4,6,2,3,0,3,4,0,4,0,0,0,0,4,-3,1,-3,2,-3,0,0,-1,-1,1,-1,3,-1
KR_6701224798,420,1,-32,3,-4,-2,4,2,0,5,5,1,1,2,-3,3,0,0,0,0,1,-4,3,1,-4,3,1,0,-1,0,0,-1,1,0,-1
KR_6726925793,420,-5,-85,-7,-12,1,0,1,-7,10,3,0,1,1,-2,3,1,-4,4,0,0,-6,-6,-2,-2,4,1,0,-2,-1,-1,-1,-1,3,-1
KR_6654834259,420,-6,-89,-21,-8,-4,7,3,1,1,2,0,3,3,-3,4,1,-2,2,0,1,0,0,-2,-1,3,-1,0,-5,-1,-1,-1,1,1,-1
KR_6762491977,420,-3,4,0,-3,3,0,3,1,1,2,0,7,7,-7,8,1,0,0,0,0,-13,-9,4,-6,2,0,0,1,1,0,1,1,4,-1
KR_6728707468,440,-1,-30,-4,-8,-1,1,0,-1,2,1,-5,6,1,-3,6,3,2,2,4,0,-2,-21,-1,0,1,-1,0,0,1,-1,-1,-1,4,-1
KR_6660612596,420,1,11,24,-5,1,0,1,-1,1,0,2,3,5,-7,7,0,0,1,1,0,-9,8,1,-4,3,1,0,0,-1,-1,0,-1,6,-1
KR_6697809975,420,-1,-20,6,-1,-3,5,2,1,2,3,4,0,4,0,2,2,-3,3,0,0,3,32,1,-5,4,-1,0,-1,-1,-1,-1,-1,5,-1
KR_6694207843,420,-2,-18,-38,-2,0,1,1,-2,3,1,2,1,3,1,3,4,-3,3,0,0,1,-4,-2,-3,5,4,0,0,-1,-1,0,-1,2,-1
KR_6725420763,420,0,-16,44,-2,-2,5,3,2,2,4,4,0,4,-6,6,0,0,0,0,0,-7,-3,3,-3,0,-1,0,-1,-1,1,-1,-1,4,-1
KR_6757798809,440,3,19,28,9,3,0,3,4,1,5,-2,2,0,5,1,6,-1,1,0,0,6,-4,-2,-4,6,-2,0,1,1,-1,1,1,6,-1
KR_6750354130,420,-2,-1,-17,2,3,0,3,-4,5,1,2,1,3,2,3,5,-1,1,0,0,-1,-8,-1,-2,3,3,0,0,-1,-1,0,-1,2,-1
KR_6745604846,420,-2,6,-8,-9,-2,2,0,-2,5,3,-3,5,2,-2,2,0,0,3,3,0,-15,-11,0,-3,3,-2,0,-1,0,1,-1,-1,0,-1
KR_6693148072,420,-1,-15,16,2,0,3,3,2,3,5,2,1,3,-2,2,0,0,1,1,0,-3,2,-1,-4,5,-5,0,1,1,1,1,1,1,-1
KR_6724696799,420,-3,68,-12,-3,1,2,3,1,5,6,-1,5,4,0,3,3,-4,4,0,1,1,62,0,-3,3,-12,0,-1,-1,1,1,1,2,-1
KR_6751479371,420,1,-49,-4,3,-1,3,2,3,1,4,-2,3,1,2,1,3,1,2,3,0,4,1,3,-6,3,-7,0,-1,1,1,-1,1,5,-1
KR_6647539112,420,-2,-1,-8,-7,0,1,1,-2,5,3,2,0,2,-6,6,0,-1,1,0,0,-8,-224,-4,-3,7,-3,0,-1,1,-1,-1,-1,3,-1
KR_6752947516,420,4,93,-21,4,-2,2,0,-4,4,0,0,2,2,1,1,2,9,0,9,0,24,-2,-1,-5,6,2,0,0,1,-1,0,-1,2,-1
KR_6669622852,420,2,-27,13,7,2,1,3,2,0,2,-1,2,1,5,0,5,-1,2,1,0,9,12,4,-10,6,-1,0,1,1,-1,1,-1,3,-1
KR_6755964633,420,0,-3,-16,-4,2,2,4,-3,5,2,-3,7,4,-1,7,6,1,2,3,0,-10,-4,-3,-3,6,0,0,1,-1,0,1,1,2,-1
KR_6741784276,440,-2,-69,40,-5,0,3,3,0,2,2,-1,3,2,-3,3,0,-1,1,0,-1,-2,-7,-5,-3,8,-3,0,-1,1,-1,-1,-1,1,-1
KR_6685056448,420,-3,-33,4,-9,1,0,1,-7,8,1,-5,7,2,1,2,3,1,1,2,0,-5,19,1,-3,2,-1,0,0,1,1,0,-1,6,-1
KR_6763296045,420,0,-23,-6,-3,0,1,1,1,3,4,-1,3,2,-4,5,1,1,0,1,0,-6,4,-2,-2,4,-1,0,0,1,1,0,-1,6,-1
KR_6748889859,420,-6,-67,-29,-4,2,2,4,-3,4,1,-2,4,2,0,2,2,-1,1,0,1,-5,-22,-1,0,1,2,0,0,0,1,-1,1,0,-1
KR_6764264743,440,-2,6,3,-2,-3,4,1,3,0,3,0,2,2,-3,4,1,1,0,1,0,3,-12,0,-1,1,5,0,-1,1,1,-1,-1,3,-1
KR_6717734826,420,0,33,-12,1,1,1,2,-1,1,0,1,2,3,-3,6,3,3,1,4,0,-4,17,2,-4,2,0,0,1,1,1,1,1,5,-1
KR_6664039420,420,-2,-43,-12,-3,-2,2,0,0,3,3,1,3,4,2,1,3,-4,4,0,1,-8,4,5,-5,0,-4,0,0,1,-1,-1,1,2,-1
KR_6732013195,420,-1,-23,-8,-6,1,0,1,-2,5,3,-2,5,3,-3,3,0,0,1,1,0,-12,-5,-3,-3,6,1,0,0,-1,1,1,-1,6,-1
KR_6702862751,420,0,63,8,1,0,2,2,-2,4,2,4,1,5,2,3,5,-3,4,1,0,5,15,0,-5,5,0,0,1,-1,1,1,-1,1,-1
KR_6712265263,420,-2,3,16,5,-4,4,0,6,1,7,-1,4,3,5,1,6,-1,2,1,0,7,-24,1,-4,3,4,0,0,1,1,1,1,5,-1
KR_6209206630,420,-1,-22,-4,-1,-2,2,0,3,2,5,-9,9,0,4,0,4,3,1,4,0,1,-17,-2,-4,6,-1,0,-1,1,-1,-1,-1,3,-1
KR_6750951170,420,-2,-33,12,0,2,0,2,2,2,4,-2,3,1,-2,5,3,0,0,0,0,-7,-6,2,-4,2,0,0,0,0,1,-1,-1,0,-1
KR_6659016090,420,-1,-26,19,-1,-1,3,2,-6,7,1,-1,4,3,0,2,2,7,0,7,0,-3,-1,0,-2,2,4,0,0,1,-1,-1,-1,3,-1
KR_6632680145,420,0,-3,-32,-1,1,0,1,-2,4,2,2,1,3,-3,3,0,1,0,1,0,-8,39,-5,-3,8,-29,0,0,-1,1,1,1,4,-1
KR_6759657782,420,-4,-44,-12,-7,-1,1,0,1,0,1,-3,6,3,0,1,1,-4,4,0,0,-7,14,4,-6,2,0,0,-2,-1,-1,-1,1,1,-1
KR_6736668310,420,-8,-78,20,-16,-3,5,2,-2,4,2,3,1,4,-13,14,1,-1,1,0,0,-10,0,3,-3,0,0,0,-2,-1,-1,-1,-1,3,-1
KR_6557798641,420,-5,-96,-38,-17,0,2,2,-6,6,0,-4,4,0,-5,5,0,-2,2,0,-1,-24,-48,4,-6,2,9,-1,-4,1,-1,-1,-1,3,-1
KR_6751112404,420,-1,-55,31,5,-3,4,1,2,3,5,7,2,9,0,2,2,-1,2,1,0,2,0,3,-6,3,-1,0,0,1,1,0,1,4,-1
KR_6754828687,420,-3,-47,-8,-8,-3,7,4,1,1,2,-4,9,5,-1,1,0,-1,1,0,-1,-1,1,2,-5,3,-4,0,-2,-1,0,-1,-1,4,-1
KR_6754010662,420,-3,11,8,-3,-3,5,2,1,1,2,3,0,3,-4,4,0,0,1,1,-1,-1,12,-2,0,2,3,0,-1,1,-1,-1,-1,5,-1
KR_6750206977,420,-4,-43,-24,-13,-1,3,2,-1,3,2,2,3,5,-13,15,2,0,3,3,-3,-24,-182,3,-4,1,-1,0,-2,-1,-1,-1,-1,3,-1
KR_6685009507,420,0,92,26,3,1,0,1,-4,7,3,1,1,2,5,4,9,0,1,1,1,6,-6,0,-2,2,3,0,1,1,1,1,1,4,-1
KR_6517388356,420,-1,-47,-20,-4,-1,4,3,-3,5,2,2,1,3,-3,5,2,1,3,4,0,2,-4,-2,-3,5,2,0,-1,0,0,-1,-1,0,-1
KR_6760647852,420,-1,85,-8,-4,0,0,0,-2,3,1,1,1,2,0,2,2,-3,3,0,0,-4,7,3,-5,2,-1,0,0,-1,0,0,-1,6,-1
KR_6059661238,420,-1,-24,-19,-2,2,1,3,-3,9,6,3,0,3,-2,3,1,-2,2,0,0,-5,-4,-1,-4,5,-1,0,0,0,0,0,-1,0,-1
KR_6740822296,440,-3,-121,-12,-11,-2,3,1,-6,8,2,-3,5,2,-2,4,2,2,1,3,0,-6,-5,0,-3,3,-1,0,-1,1,-1,-1,-1,4,-1
KR_6763187983,420,-10,-199,-80,-16,-8,9,1,1,2,3,-10,10,0,0,0,0,1,0,1,0,-1,-15,-2,0,2,0,-1,-6,-1,-1,-1,-1,5,-1
KR_6653373899,420,-1,-29,-37,2,-1,1,0,4,4,8,-3,4,1,2,1,3,0,0,0,0,9,48,-4,-1,5,5,0,1,-1,1,1,1,1,-1
KR_6763255947,420,-2,23,4,1,4,0,4,-2,2,0,4,0,4,-6,7,1,1,0,1,0,-6,-53,-1,-2,3,-1,0,1,0,1,1,1,0,-1
KR_6749587454,440,1,28,8,2,2,0,2,1,0,1,-2,4,2,-1,3,2,2,0,2,0,6,-9,4,-6,2,-1,0,0,1,-1,-1,1,3,-1
KR_6755178936,420,0,-80,12,-2,-4,4,0,3,0,3,1,2,3,-3,4,1,1,0,1,0,3,0,-2,-2,4,2,0,-1,1,1,-1,-1,2,-1
KR_6714589694,420,-7,-34,-39,-11,-1,3,2,-3,5,2,2,1,3,-8,10,2,-1,2,1,0,-13,6,0,-5,5,4,0,-1,-1,-1,-1,-1,4,-1
KR_6730812807,440,-1,32,12,-3,1,2,3,-1,2,1,1,3,4,-2,7,5,-2,2,0,-1,-8,0,3,-3,0,-4,0,0,0,-1,0,-1,0,-1
KR_6722190937,420,0,3,-1,-1,0,1,1,1,1,2,0,3,3,0,3,3,-2,2,0,0,0,58,2,-6,4,-23,0,0,-1,1,0,-1,4,-1
KR_6554648531,420,-3,-14,-40,-11,-3,3,0,-1,2,1,-4,4,0,-2,3,1,-1,1,0,0,-13,-20,-2,-5,7,-9,0,0,-1,-1,-1,-1,4,-1
KR_6694973090,420,0,66,-12,2,0,3,3,-3,3,0,5,2,7,0,1,1,0,2,2,0,-2,-2,-2,-2,4,1,0,0,-1,0,0,-1,2,-1
KR_6740828744,420,-1,26,-24,-1,-4,4,0,1,1,2,1,0,1,-1,4,3,2,0,2,0,-2,11,-2,-1,3,3,0,1,-1,-1,1,1,2,-1
KR_6704977499,420,-5,24,-48,-17,-4,4,0,-4,8,4,-2,3,1,-4,6,2,-3,4,1,1,-14,4,-1,-4,5,-2,0,-1,-1,-1,-1,1,1,-1
KR_6526536242,420,3,-15,32,9,2,1,3,6,0,6,1,4,5,0,0,0,0,0,0,0,10,-11,-2,-4,6,1,0,0,1,-1,1,1,3,-1
KR_6698411962,420,2,22,5,2,0,1,1,3,0,3,-2,2,0,1,2,3,0,2,2,0,2,-5,-5,-3,8,4,0,0,-1,1,0,1,4,-1
KR_6754979534,420,0,-17,-4,1,-7,7,0,-2,3,1,-1,1,0,8,1,9,3,1,4,0,10,-21,1,-6,5,2,0,0,1,-1,-1,-1,3,-1
KR_6698873990,420,-1,-28,3,-1,-5,6,1,3,3,6,1,0,1,3,0,3,-3,3,0,0,6,164,-1,-2,3,1,0,-2,-1,-1,-1,1,3,-1
KR_6751204782,420,-1,-87,-20,-5,-4,5,1,-4,7,3,0,2,2,1,0,1,2,0,2,0,3,3,0,-3,3,0,0,-1,-1,-1,-1,-1,3,-1
KR_6664994793,420,-1,-18,16,-3,-1,1,0,-3,4,1,1,2,3,2,0,2,-2,6,4,0,2,-42,-3,-2,5,23,0,0,-1,-1,-1,-1,4,-1
KR_6681458828,420,-2,-59,-20,-5,-2,2,0,-4,7,3,0,3,3,1,1,2,0,1,1,1,6,5,3,-5,2,-5,0,-2,0,-1,-1,1,0,-1
KR_6673893430,420,-1,-14,-16,-5,2,0,2,0,3,3,-2,3,1,0,2,2,-5,5,0,0,-4,87,7,-9,2,0,0,-3,1,1,-1,1,4,-1
KR_6763228814,440,0,11,20,-2,1,0,1,0,2,2,-4,7,3,-1,3,2,2,0,2,0,-2,-3,-1,0,1,0,0,1,-1,0,1,-1,3,-1
KR_6699614078,420,1,43,-8,6,-1,3,2,-3,6,3,2,1,3,5,8,13,3,0,3,-1,7,7,-3,-7,10,2,0,1,-1,1,1,-1,5,-1
KR_6760635134,420,-1,32,-44,5,2,0,2,-2,2,0,6,0,6,-3,6,3,2,1,3,0,5,-112,0,-1,1,0,0,-1,-1,0,1,1,4,-1
KR_6602552389,420,-2,-4,-20,-4,1,1,2,1,1,2,-5,7,2,-1,2,1,0,0,0,0,-2,4,-1,-2,3,1,0,0,-1,-1,-1,1,4,-1
KR_6685186301,420,-3,-34,-4,-5,2,2,4,-2,4,2,-7,7,0,4,0,4,-2,2,0,-1,-5,5,3,-7,4,-4,0,0,-1,-1,-1,-1,6,-1
KR_6634085439,440,0,-51,-3,6,3,0,3,-3,3,0,6,0,6,-1,1,0,1,2,3,0,3,-23,-1,-3,4,2,0,2,0,1,1,1,0,-1
KR_5792902786,420,-3,-74,3,-9,-5,5,0,-2,6,4,5,1,6,-4,6,2,-3,5,2,-1,-4,-7,-1,-2,3,0,0,-3,1,-1,-1,-1,4,-1
KR_6730032210,420,-2,-31,-24,-6,-1,2,1,-8,10,2,-2,3,1,4,0,4,1,2,3,1,-8,-8,-6,-2,8,-3,0,0,0,1,-1,1,0,-1
KR_6702625181,420,-9,-90,-9,-11,-3,3,0,-1,2,1,-3,3,0,-4,5,1,0,1,1,-1,-10,-22,-3,-1,4,2,0,-3,1,0,-1,-1,3,-1
KR_6756654691,420,0,29,11,-3,0,3,3,1,1,2,-1,2,1,-4,4,0,1,1,2,0,-3,65,-1,-2,3,-19,0,0,-1,0,1,-1,2,-1
KR_6573632640,420,-1,9,0,-3,-3,4,1,-1,2,1,-1,2,1,2,0,2,0,1,1,0,-4,12,-3,0,3,0,0,0,0,1,0,-1,0,-1
KR_6527378615,420,-3,9,28,-1,0,1,1,-3,4,1,2,1,3,0,0,0,0,1,1,0,0,-11,-8,-2,10,2,0,-1,1,-1,-1,1,3,-1
KR_6758781324,420,-1,50,1,-8,-5,5,0,-3,5,2,2,2,4,0,5,5,-2,2,0,-1,-1,-24,-5,0,5,2,0,1,1,1,1,-1,1,-1
KR_6684940012,420,0,-10,8,-5,3,0,3,-3,5,2,-3,4,1,-1,2,1,-1,2,1,0,-5,-3,-1,-3,4,2,0,0,-1,1,-1,-1,1,-1
KR_6623205774,420,-2,-64,-17,-13,-4,4,0,-2,4,2,-1,3,2,-6,6,0,0,1,1,0,-7,-144,-4,-3,7,-3,0,-2,-1,1,-1,-1,3,-1
KR_6741006516,420,3,54,9,7,1,1,2,0,3,3,-3,5,2,7,0,7,2,3,5,0,18,-3,0,-3,3,1,0,0,0,0,0,1,0,-1
KR_6660976881,420,1,11,-8,2,1,3,4,2,3,5,-3,3,0,2,0,2,0,1,1,0,6,-7,3,-4,1,4,0,0,-1,1,0,1,3,-1
KR_6752568181,440,1,-26,-10,0,0,0,0,4,1,5,-1,3,2,-3,4,1,0,1,1,-1,1,-4,-3,-3,6,0,0,-1,-1,-1,-1,-1,5,-1
KR_6754376236,440,-1,-26,-13,-2,-1,3,2,-2,3,1,2,2,4,-3,7,4,2,4,6,0,-7,-14,-8,-1,9,4,0,-1,-1,-1,-1,1,6,-1
KR_6703769059,420,2,26,-8,0,2,0,2,0,3,3,4,2,6,-2,4,2,-4,4,0,0,-4,-7,-1,-3,4,-2,0,-1,-1,-1,-1,-1,2,-1
KR_6396652428,420,-4,-39,-12,-13,-3,3,0,-4,5,1,-5,6,1,-1,7,6,0,1,1,0,-20,-5,1,-3,2,-2,0,0,-1,-1,-1,-1,3,-1
KR_6721304045,420,-7,-111,-23,-16,-11,11,0,-1,3,2,-1,2,1,-2,2,0,-1,1,0,0,-5,-286,0,-1,1,-4,0,-2,-1,-1,-1,-1,5,-1
KR_6710974722,420,-8,-112,-31,-12,-2,4,2,-7,9,2,0,2,2,-1,1,0,-2,2,0,0,-9,8,-2,-3,5,-1,0,-1,-1,0,-1,-1,2,-1
KR_6756263539,420,-2,44,-8,-4,1,2,3,-7,7,0,-3,4,1,1,1,2,4,0,4,0,-2,-8,-6,-2,8,2,0,-1,-1,-1,-1,1,6,-1
KR_6714413468,420,-1,-36,12,-3,-1,1,0,-2,4,2,-1,4,3,1,1,2,0,3,3,0,-3,-18,0,-3,3,4,0,0,-1,1,0,1,2,-1
KR_6757868533,420,-4,-49,4,-4,3,2,5,-1,2,1,-3,3,0,-3,5,2,0,2,2,0,-6,-17,0,-2,2,-5,0,-1,0,1,-1,1,0,-1
KR_6740848772,420,-6,-4,-40,-9,-1,2,1,-4,6,2,1,2,3,-6,9,3,1,1,2,0,-19,-1,-1,-2,3,-3,0,-1,-1,-1,-1,-1,1,-1
KR_6754909201,420,-5,-39,-24,-8,-1,1,0,-5,5,0,-1,3,2,-1,3,2,0,1,1,0,-1,6,1,-6,5,2,0,-1,-1,-1,-1,1,3,-1
KR_6762167683,420,-1,-84,8,0,-1,2,1,7,0,7,-3,5,2,-4,4,0,1,1,2,0,1,0,-1,-3,4,0,0,1,-1,1,1,-1,3,-1
KR_6746915141,420,-2,-72,12,1,3,1,4,1,1,2,2,3,5,-3,4,1,-2,2,0,0,4,10,-1,-2,3,3,0,-2,1,1,-1,1,5,-1
KR_6672326465,440,-3,-40,-23,-3,1,1,2,-4,4,0,1,0,1,-1,6,5,0,0,0,0,2,27,-1,-2,3,-1,0,0,-1,-1,0,-1,4,-1
KR_6729952599,420,0,48,-20,3,-2,2,0,-2,4,2,6,1,7,2,2,4,-1,3,2,1,4,8,4,-7,3,5,0,0,-1,1,0,1,3,-1
KR_6701273156,420,-5,-99,-12,-13,-1,3,2,2,0,2,-6,7,1,-6,6,0,-2,2,0,-1,-9,17,-3,-3,6,-5,0,-2,-1,-1,-1,-1,5,-1
KR_6720491612,420,-3,-67,-22,-6,0,3,3,0,1,1,-4,6,2,-1,2,1,-1,1,0,0,-11,-5,4,-5,1,2,0,-1,-1,-1,-1,-1,1,-1
KR_6669246214,420,-2,-15,-2,-4,-3,3,0,0,1,1,-2,2,0,1,1,2,0,0,0,0,-3,91,-1,-4,5,-2,0,0,-1,-1,0,1,4,-1
KR_6764701918,440,-3,-63,-43,-10,-1,1,0,0,1,1,-2,3,1,-6,7,1,-1,1,0,-1,-9,66,3,-4,1,0,0,-1,-1,1,-1,-1,6,-1
KR_6721050581,420,-3,-78,-19,-9,-2,2,0,-1,3,2,-2,4,2,-4,7,3,0,0,0,0,-8,219,3,-7,4,1,0,-1,-1,-1,-1,-1,1,-1
KR_6686564323,440,-4,-53,-20,-4,-3,4,1,-1,2,1,0,0,0,0,2,2,0,0,0,0,-4,-6,1,-6,5,1,0,-1,0,-1,-1,-1,0,-1
KR_6661364813,440,-6,-113,-27,-6,-1,4,3,-3,5,2,-1,4,3,-1,1,0,0,1,1,0,-2,-5,-3,-2,5,-3,0,0,1,1,0,1,1,-1
KR_6758424680,440,-1,26,-4,-4,1,1,2,3,1,4,-2,7,5,-3,5,2,-3,3,0,0,-3,6,5,-10,5,-1,0,1,-1,-1,1,-1,3,-1
KR_6747636149,440,1,16,2,1,1,1,2,4,1,5,-2,6,4,-3,3,0,1,0,1,0,5,20,3,-6,3,0,0,1,-1,1,1,-1,6,-1
KR_6764129386,420,1,14,-32,4,0,5,5,3,1,4,5,1,6,-2,3,1,-2,3,1,0,7,-13,0,-5,5,2,0,0,1,-1,-1,1,6,-1
KR_6645078892,420,1,-8,3,2,4,0,4,-4,4,0,1,2,3,1,2,3,0,3,3,1,-1,6,1,-1,0,0,0,0,-1,1,0,1,6,-1
KR_6731922173,420,-5,-68,-40,-5,-5,5,0,1,0,1,-2,3,1,1,1,2,0,0,0,0,4,15,-2,-2,4,-4,0,-1,-1,-1,-1,-1,5,-1
KR_6762510023,440,3,57,28,6,3,2,5,-4,7,3,2,1,3,3,6,9,2,2,4,0,-1,-12,-2,-2,4,5,0,1,-1,1,1,1,6,-1
KR_6751692094,420,-1,-49,8,-9,-1,2,1,-3,3,0,-5,8,3,-1,2,1,1,0,1,0,-5,10,1,-5,4,-5,0,-1,1,-1,-1,-1,4,-1
KR_6687518818,420,0,-9,-28,-5,-4,4,0,2,1,3,1,0,1,0,3,3,-4,5,1,0,-5,-15,5,-6,1,2,0,0,1,-1,0,-1,4,-1
KR_6639929293,440,-2,-102,-8,-5,2,1,3,-5,5,0,-1,2,1,-1,1,0,0,2,2,0,-2,-1,1,-6,5,-3,0,-1,1,-1,-1,-1,4,-1
KR_6726336204,420,6,-12,44,8,3,0,3,-1,5,4,3,1,4,1,3,4,2,1,3,1,5,3,2,-3,1,-3,0,1,0,1,1,1,0,-1
KR_6763973426,420,-5,0,-11,-9,0,0,0,-1,2,1,-5,7,2,-2,5,3,-1,1,0,0,-5,106,-4,-2,6,-3,0,-1,-1,-1,-1,1,2,-1
KR_6670606250,420,0,1,1,-5,-1,2,1,-6,8,2,-2,5,3,1,4,5,3,0,3,1,3,72,-2,-3,5,-14,0,1,-1,1,1,1,1,-1
KR_6672836053,420,-3,-78,-24,-8,-2,3,1,1,1,2,-5,6,1,-3,3,0,1,2,3,0,-9,5,-3,-2,5,-5,0,0,-1,1,0,1,2,-1
KR_6711606511,420,-3,4,0,-9,-7,8,1,-2,4,2,4,3,7,-4,4,0,0,0,0,0,-8,-369,-3,-4,7,0,0,-3,-1,-1,-1,-1,3,-1
KR_6728985737,420,1,-7,-9,-2,1,1,2,4,2,6,-3,8,5,-1,6,5,-3,4,1,0,-3,0,1,-4,3,0,0,1,1,1,1,-1,5,-1
KR_6685880638,440,-4,-14,-12,-10,-1,2,1,-3,4,1,-8,10,2,3,3,6,-1,1,0,0,-9,-7,-6,-1,7,-3,0,-2,-1,0,-1,-1,4,-1
KR_6727736036,420,-1,-69,-32,-7,1,1,2,-1,2,1,-7,8,1,-5,5,0,5,1,6,0,-3,-10,-2,-1,3,0,-1,-3,1,-1,-1,-1,4,-1
KR_6705474467,420,0,-16,-9,4,-6,10,4,3,2,5,2,1,3,6,0,6,-1,2,1,-1,9,-4,-1,-3,4,-1,0,-2,1,1,-1,-1,4,-1
KR_6723942771,440,-2,-21,14,-5,-1,1,0,1,3,4,-3,3,0,-3,6,3,1,2,3,-2,-5,-70,-4,-2,6,19,0,-1,-1,-1,-1,-1,4,-1
KR_6705010675,420,1,15,-33,9,3,1,4,-1,3,2,3,1,4,3,0,3,1,0,1,0,5,-39,-2,-2,4,20,0,0,-1,1,0,1,4,-1
KR_6740415919,440,1,17,16,1,-4,5,1,5,1,6,-5,6,1,4,0,4,1,1,2,0,3,8,-4,-1,5,3,0,0,0,-1,-1,-1,0,-1
KR_6740485752,440,0,56,-26,-9,0,0,0,-8,10,2,-3,4,1,1,2,3,1,0,1,0,-3,-143,0,-6,6,0,0,-1,-1,-1,-1,-1,4,-1
KR_6725598171,420,-5,-145,-20,-8,-3,4,1,0,2,2,-4,4,0,-3,4,1,2,0,2,0,0,3,-3,-1,4,-3,0,-1,0,-1,-1,-1,0,-1
KR_6759300035,440,0,-25,36,-3,1,0,1,-2,4,2,0,1,1,-2,5,3,0,0,0,0,-6,0,-1,-3,4,-5,0,0,1,1,0,-1,6,-1
KR_6713059719,420,2,45,-4,-2,-5,6,1,0,3,3,-1,1,0,4,1,5,0,2,2,2,-3,25,7,-9,2,1,0,1,0,-1,1,1,0,-1
KR_6658422973,420,-6,-100,-20,-18,0,3,3,-5,5,0,-8,9,1,-5,10,5,0,1,1,0,-13,11,2,-5,3,1,0,-2,-1,-1,-1,1,6,-1
KR_6691456160,420,-5,-64,8,-6,5,0,5,3,2,5,-4,4,0,-7,8,1,-3,4,1,0,-10,-24,-7,0,7,7,0,-1,1,-1,-1,1,1,-1
KR_6648457112,420,-2,-55,-32,-4,-3,4,1,0,1,1,-5,5,0,1,2,3,3,0,3,0,7,-3,-4,-4,8,0,0,1,-1,1,-1,-1,2,-1
KR_6634229680,420,-1,16,19,-3,0,2,2,-9,13,4,0,2,2,3,2,5,3,1,4,0,0,5,-5,-5,10,3,0,-1,1,-1,-1,1,1,-1
KR_6724783970,420,1,4,-20,5,0,1,1,-1,3,2,2,3,5,3,1,4,1,1,2,0,11,-11,-2,-3,5,5,0,1,1,-1,1,1,5,-1
KR_6674066154,420,-3,-12,3,-6,1,1,2,1,5,6,0,0,0,-6,6,0,-2,2,0,0,-10,344,0,-4,4,2,0,-1,-1,0,-1,1,3,-1
KR_6758771899,420,1,83,-7,-2,-3,3,0,-1,5,4,0,4,4,-1,5,4,3,0,3,0,-6,8,3,-5,2,-1,0,0,1,1,0,-1,3,-1
KR_6687790942,420,-4,-93,-18,-5,-1,1,0,3,0,3,2,5,7,-5,5,0,-4,6,2,0,0,-9,4,-6,2,-1,0,-2,1,1,-1,-1,1,-1
KR_6702423538,420,-7,-130,-12,-5,-4,4,0,-1,4,3,2,2,4,-1,1,0,-1,2,1,0,-1,9,2,-2,0,-2,0,-1,1,-1,-1,-1,1,-1
KR_6750517197,420,-2,59,32,-7,-1,1,0,-5,5,0,4,2,6,-4,6,2,-1,3,2,0,-6,2,0,-6,6,2,0,0,-1,-1,0,1,5,-1
KR_6630088755,420,-5,-55,12,-15,-1,3,2,-3,5,2,-6,6,0,-6,6,0,1,0,1,-2,-20,4,0,-6,6,-3,0,-1,-1,-1,-1,1,6,-1
KR_6763298982,420,-1,12,-12,-6,0,2,2,-3,3,0,-2,2,0,-1,5,4,0,2,2,0,-6,-18,5,-6,1,0,0,-1,0,1,-1,1,0,-1
KR_6752185339,440,-1,3,-15,5,-3,5,2,1,3,4,5,2,7,1,2,3,1,2,3,-1,3,-2,6,-7,1,0,0,1,1,1,1,-1,4,-1
KR_6759898358,420,-5,-40,-7,-9,0,1,1,-3,4,1,-3,4,1,1,1,2,-4,8,4,-1,-5,-2,3,-3,0,-1,0,-2,-1,-1,-1,-1,4,-1
KR_6756900259,420,-6,-70,-3,-22,-11,11,0,-7,7,0,-4,4,0,2,2,4,-2,3,1,0,-15,6,-1,-3,4,-4,0,-1,-1,1,-1,-1,6,-1
KR_6763961636,420,0,-26,8,7,7,1,8,1,1,2,-3,3,0,2,0,2,0,1,1,0,7,177,0,-5,5,2,0,0,1,-1,0,-1,6,-1
KR_6742097795,420,-2,-44,-36,-4,0,2,2,-12,12,0,5,0,5,1,3,4,2,1,3,-1,-4,-18,2,-6,4,-4,0,-1,-1,-1,-1,-1,4,-1
KR_6763178714,420,-2,12,8,-7,1,0,1,-4,6,2,-4,4,0,-1,4,3,1,0,1,0,-8,-14,1,-2,1,2,0,0,0,-1,0,1,0,-1
KR_6537858790,420,-2,-35,-8,-8,0,2,2,0,2,2,0,2,2,-1,2,1,-7,7,0,0,-11,-19,1,-4,3,-4,0,0,0,0,0,-1,0,-1
KR_6731662357,420,-2,29,-2,-5,-3,4,1,-2,6,4,6,0,6,-4,4,0,-2,2,0,0,-11,-3,-4,-2,6,3,0,0,-1,1,0,1,6,-1
KR_6762594110,420,-5,-26,4,-9,1,1,2,-2,4,2,-3,3,0,-4,9,5,-1,2,1,0,-9,-2,-1,-3,4,0,0,0,-1,-1,0,-1,6,-1
KR_6713534447,420,-4,-63,-10,-16,-7,8,1,5,0,5,-4,4,0,-5,6,1,-5,9,4,0,-12,54,3,-5,2,-32,0,0,-1,-1,-1,-1,6,-1
KR_6757413115,420,-7,-189,-56,-9,-2,2,0,0,1,1,-4,4,0,-5,5,0,2,0,2,0,-6,8,-1,-1,2,-2,0,-4,-1,-1,-1,-1,6,-1
KR_6762287850,420,0,19,12,-1,-1,2,1,2,1,3,4,1,5,-5,5,0,-1,2,1,0,-2,-149,-1,-3,4,-1,0,-1,-1,-1,-1,-1,6,-1
KR_6756273320,420,-6,-60,-16,-14,-2,3,1,-1,2,1,0,0,0,-8,8,0,-3,3,0,0,-12,2,0,-5,5,1,0,0,-1,1,-1,-1,4,-1
KR_6763244811,420,-1,-67,57,-7,1,2,3,0,1,1,-4,5,1,-5,6,1,1,1,2,0,-6,-3,-2,0,2,0,0,-1,-1,0,-1,-1,2,-1
KR_6761058595,420,-2,-43,-12,-13,-3,3,0,-1,2,1,-7,7,0,-3,5,2,1,0,1,0,-9,-3,-2,-3,5,1,0,-2,1,-1,-1,-1,2,-1
KR_6324027831,420,-2,-49,-8,0,1,0,1,3,2,5,1,1,2,-4,7,3,-1,2,1,-2,1,-97,2,-4,2,-19,0,-1,-1,1,-1,-1,4,-1
KR_6682938780,420,-3,-105,1,-7,-2,4,2,1,0,1,-4,4,0,-2,2,0,0,1,1,0,-6,3,-3,-1,4,-2,0,-1,-1,-1,-1,1,6,-1
KR_6760072399,440,-5,-69,-41,-16,-13,15,2,-3,3,0,-1,1,0,0,1,1,1,0,1,0,-15,1,2,-6,4,-4,0,-2,0,-1,-1,1,0,-1
KR_6665214929,420,-2,-6,-20,-7,0,3,3,-1,5,4,-4,4,0,-3,4,1,1,0,1,0,-4,30,-2,-2,4,-4,0,-1,-1,-1,-1,-1,3,-1
KR_6723757464,420,-3,-19,-57,-1,4,2,6,-9,12,3,0,0,0,5,5,10,-1,2,1,0,-5,-31,5,-10,5,2,0,-1,-1,-1,-1,1,5,-1
KR_6750316432,420,1,45,12,2,5,1,6,4,0,4,-2,3,1,-1,5,4,-4,6,2,0,3,0,0,-1,1,0,0,0,-1,1,1,-1,4,-1
KR_6739845378,420,-6,-116,-28,-9,-2,4,2,2,2,4,-5,5,0,-2,2,0,-2,4,2,0,-7,6,-3,0,3,-3,0,-1,0,-1,-1,-1,0,-1
KR_6700794285,420,1,6,-21,-3,-1,1,0,-3,3,0,0,4,4,-1,3,2,2,0,2,0,-2,59,3,-7,4,-2,0,-1,1,-1,-1,-1,5,-1
KR_6739571791,420,0,6,9,2,4,1,5,2,1,3,0,2,2,-3,4,1,-1,2,1,0,0,-12,0,-2,2,2,0,0,-1,1,0,-1,4,-1
KR_6731479302,420,1,20,-4,4,1,2,3,4,0,4,-3,5,2,0,2,2,2,0,2,0,8,8,-1,-3,4,0,0,0,1,-1,1,1,3,-1
KR_6756863298,440,2,-59,-12,6,2,2,4,-1,2,1,1,2,3,2,0,2,2,1,3,-1,7,1,-1,-2,3,3,0,-1,-1,0,-1,-1,2,-1
KR_6656977419,420,-5,-100,-8,-1,-4,4,0,1,2,3,-2,3,1,0,1,1,4,0,4,0,2,-35,3,-6,3,25,0,-3,-1,1,-1,1,1,-1
KR_6665670446,420,1,27,-4,0,2,1,3,4,1,5,0,1,1,-1,1,0,-5,5,0,0,-3,-3,4,-6,2,-4,0,0,-1,1,1,1,4,-1
KR_6753311365,440,-2,19,-8,-5,-1,2,1,-2,4,2,-5,8,3,3,0,3,0,1,1,0,-2,11,5,-7,2,1,0,0,0,-1,0,-1,0,-1
KR_6757498265,420,0,-29,-4,0,2,1,3,-1,1,0,-6,6,0,3,1,4,2,2,4,-1,4,35,-2,-3,5,-7,0,0,1,-1,0,-1,6,-1
KR_6730328625,420,-5,-33,-4,-6,-1,2,1,1,2,3,-10,11,1,1,1,2,3,0,3,0,-5,188,0,-3,3,0,0,0,-1,1,0,-1,1,-1
KR_6754411875,420,-4,-31,-14,-11,-4,5,1,0,2,2,-2,3,1,-4,7,3,-1,1,0,0,-7,-11,1,-3,2,1,0,-2,-1,-1,-1,-1,5,-1
KR_6727289122,420,-5,-73,-15,-8,-6,8,2,-1,3,2,2,0,2,-1,2,1,-2,2,0,-1,-7,14,1,-4,3,-2,0,-1,1,0,-1,-1,4,-1
KR_6750776005,420,2,47,12,2,7,1,8,2,1,3,-4,4,0,-2,2,0,-1,1,0,-1,-10,54,1,-3,2,-26,0,0,-1,0,1,-1,4,-1
KR_6742227207,420,-5,-84,-31,-15,-8,9,1,-3,4,1,-1,3,2,-4,5,1,1,0,1,-1,-7,5,-4,-2,6,-2,0,-1,-1,1,-1,-1,1,-1
KR_6760388516,420,-4,-116,-18,-10,-5,5,0,2,2,4,-2,3,1,-6,11,5,1,2,3,0,-4,-23,0,-3,3,-4,0,0,1,-1,-1,-1,2,-1
KR_6749747712,420,-3,-80,-73,-5,-3,3,0,1,0,1,-2,3,1,0,4,4,-1,2,1,-1,0,-5,-2,-1,3,-1,0,0,0,-1,-1,-1,0,-1
KR_6719215523,420,-1,14,15,-5,-5,5,0,-3,4,1,2,2,4,-1,4,3,2,0,2,0,-1,0,2,-5,3,2,0,0,1,0,0,-1,3,-1
KR_6700413541,420,2,106,-48,5,1,1,2,1,0,1,5,1,6,3,1,4,-5,8,3,1,-1,-3,-3,-2,5,3,0,0,0,0,0,1,0,-1
KR_6528026189,420,-2,-36,-12,-4,0,3,3,1,5,6,-3,3,0,1,2,3,-3,4,1,0,-1,8,6,-7,1,-1,0,-1,0,0,-1,1,0,-1
KR_6699274958,420,0,1,-8,2,1,0,1,-1,2,1,4,4,8,-3,4,1,1,1,2,0,1,-22,0,-3,3,3,0,1,-1,1,1,-1,2,-1
KR_6749067160,440,0,4,16,0,1,0,1,6,1,7,-2,3,1,-6,6,0,1,1,2,0,7,-3,-4,-5,9,-1,0,0,1,-1,0,-1,5,-1
KR_6658220018,420,0,-23,-24,-5,0,2,2,0,2,2,8,1,9,-12,12,0,-1,1,0,0,-15,-3,-2,-3,5,-4,0,2,-1,-1,-1,-1,6,-1
KR_6742212540,420,1,48,2,3,2,0,2,-2,3,1,0,2,2,1,2,3,2,0,2,1,10,-11,-3,-2,5,2,0,0,-1,-1,0,1,2,-1
KR_6672870107,420,-1,-50,-28,-4,0,2,2,0,3,3,-8,9,1,3,2,5,1,1,2,0,11,5,3,-6,3,-2,0,-1,1,-1,-1,-1,5,-1
KR_6763009788,420,-5,-39,-27,-3,-3,4,1,-3,5,2,1,0,1,1,0,1,1,1,2,0,0,-28,-1,-1,2,0,0,-1,-1,-1,-1,1,6,-1
KR_6697715208,440,2,38,-16,8,3,2,5,1,1,2,5,0,5,-1,3,2,0,0,0,0,4,4,-1,-2,3,-1,0,-1,1,-1,-1,1,4,-1
KR_6709955253,420,4,58,16,4,5,1,6,-3,4,1,-1,4,3,4,0,4,-1,2,1,0,-4,4,-1,-2,3,-1,0,0,1,-1,1,1,6,-1
KR_6742287671,420,0,40,1,4,5,0,5,1,3,4,-1,2,1,1,1,2,-2,2,0,0,7,215,-1,-2,3,-4,0,1,1,1,-1,-1,6,-1
KR_6622421900,420,-3,19,-22,-7,2,1,3,-3,4,1,-2,2,0,-4,4,0,0,0,0,0,-4,164,-4,-6,10,0,0,0,1,1,-1,-1,1,-1
KR_6753737283,420,-3,-58,20,-8,-6,6,0,0,3,3,0,3,3,-3,4,1,1,2,3,0,-4,7,4,-7,3,-1,0,0,0,1,0,-1,0,-1
KR_6683892052,420,-1,-50,16,-9,-6,6,0,0,2,2,-4,8,4,4,4,8,-3,3,0,1,-4,-13,-3,-3,6,-1,0,0,1,-1,-1,1,5,-1
KR_6671469170,420,1,50,-8,-3,1,3,4,1,0,1,-5,5,0,-1,1,0,1,0,1,1,-1,312,7,-10,3,-1,0,0,1,1,0,1,4,-1
KR_6680608781,420,0,-39,11,-3,4,1,5,1,2,3,-7,7,0,-2,4,2,1,0,1,0,-2,1,7,-8,1,1,0,-1,-1,1,-1,1,5,-1
KR_6637219303,420,-3,-111,-17,-9,-1,1,0,-2,3,1,4,3,7,-9,12,3,-1,2,1,0,-8,-15,-4,-2,6,0,0,-2,-1,-1,-1,-1,1,-1
KR_6705955672,420,0,14,-8,3,-1,5,4,1,0,1,2,0,2,0,2,2,1,1,2,0,-5,17,-2,0,2,0,0,0,-1,0,0,1,5,-1
KR_6661384812,440,0,-35,-5,-5,-5,6,1,0,7,7,1,1,2,-1,2,1,0,0,0,0,-4,-6,-5,-2,7,3,0,1,1,-1,1,1,5,-1
KR_6755583227,420,-2,-6,-9,4,-1,1,0,6,0,6,4,1,5,-2,3,1,-3,3,0,0,7,-2,-1,-3,4,-1,0,0,1,1,0,1,3,-1
KR_6725254556,420,-1,-96,-44,-9,0,1,1,-4,4,0,0,2,2,-1,2,1,-4,4,0,0,-9,-1,3,-5,2,4,0,-1,-1,-1,-1,-1,4,-1
KR_6760887457,440,-2,-15,-24,-3,-2,6,4,0,3,3,3,2,5,-3,7,4,-1,1,0,0,-10,-15,1,-8,7,7,0,-1,1,0,-1,1,6,-1
KR_6750832216,420,-2,-57,0,2,-1,3,2,-1,5,4,1,1,2,2,1,3,1,0,1,0,8,10,-1,-4,5,-2,0,-1,-1,1,-1,1,2,-1
KR_6683723247,420,-4,-18,28,-7,-3,3,0,0,0,0,1,3,4,-4,7,3,-1,4,3,0,-2,-7,4,-4,0,-1,0,-2,0,-1,-1,-1,0,-1
KR_6630786809,420,-7,-30,12,-18,-5,5,0,-6,7,1,-6,7,1,0,7,7,-1,1,0,0,-9,-174,5,-9,4,3,0,0,-1,1,0,1,2,-1
KR_6643511216,420,0,-14,6,-2,5,0,5,-1,2,1,-6,6,0,-2,4,2,2,0,2,0,-2,-1,-1,-5,6,2,0,-1,1,-1,-1,-1,4,-1
KR_6695552664,420,1,-36,9,4,0,4,4,3,2,5,4,1,5,-1,5,4,-2,2,0,1,1,14,-1,-4,5,0,0,1,-1,1,1,1,3,-1
KR_6717181195,420,2,27,8,3,4,0,4,0,3,3,-1,3,2,-2,2,0,2,1,3,-1,0,0,3,-6,3,-2,0,0,-1,0,0,-1,4,-1
KR_6724071624,420,-2,-11,12,-8,-3,5,2,-1,4,3,-2,2,0,-2,3,1,0,1,1,-1,-8,-2,-1,-3,4,-2,0,-1,-1,-1,-1,-1,3,-1
KR_6617311698,420,0,0,-24,-1,-1,2,1,0,2,2,-2,2,0,4,4,8,-2,3,1,-1,-4,-197,3,-3,0,-1,0,0,-1,-1,-1,-1,5,-1
KR_6759725358,420,1,39,-8,1,-1,1,0,1,1,2,0,1,1,0,0,0,1,0,1,0,1,2,-6,-1,7,1,0,0,0,1,0,-1,0,-1
KR_6763857136,420,1,-3,-12,-1,-5,5,0,1,2,3,2,1,3,0,1,1,1,0,1,0,3,28,-2,-4,6,-5,0,0,1,-1,-1,-1,3,-1
KR_6731627667,420,0,50,12,-2,1,2,3,-2,5,3,-2,5,3,1,2,3,0,1,1,0,-6,30,1,-2,1,0,0,0,-1,-1,-1,1,4,-1
KR_6730792655,420,-2,-70,-41,-3,-1,1,0,0,1,1,-2,2,0,0,2,2,0,0,0,-1,-1,-81,-1,-3,4,1,0,-1,-1,-1,-1,-1,6,-1
KR_6719253525,420,-1,-111,0,-8,0,0,0,-1,5,4,-5,6,1,0,2,2,-2,2,0,0,-3,-5,-3,-3,6,-1,0,0,-1,-1,0,-1,3,-1
KR_6763325701,420,-3,-61,4,-8,3,1,4,-2,4,2,-5,7,2,-5,5,0,1,0,1,0,-2,-485,0,-3,3,1,0,-1,-1,1,-1,-1,4,-1
KR_6688039873,420,-7,-65,-7,-13,-6,6,0,-2,4,2,-3,4,1,0,2,2,-2,2,0,0,-11,30,-1,-7,8,0,0,0,-1,1,0,-1,6,-1
KR_6668817483,420,3,-9,16,4,1,1,2,0,1,1,-1,1,0,5,0,5,-1,1,0,0,5,-6,-3,-3,6,5,0,0,-1,-1,0,-1,6,-1
KR_6753245754,440,-4,-111,-84,-6,-3,4,1,-4,6,2,4,1,5,-4,7,3,1,0,1,0,-5,1,-2,-4,6,-3,0,-1,-1,-1,-1,-1,1,-1
KR_6682566751,420,-8,-64,-31,-15,-4,4,0,-2,4,2,-7,7,0,-3,5,2,1,0,1,0,0,21,0,-4,4,-7,0,-2,-1,-1,-1,-1,4,-1
KR_6594062410,420,0,13,-14,-1,1,0,1,-2,5,3,3,2,5,-2,3,1,-1,1,0,0,-3,14,3,-7,4,-3,0,2,1,-1,1,1,3,-1
KR_6758889165,420,1,23,-36,8,3,1,4,-1,4,3,6,0,6,2,4,6,-2,3,1,0,5,4,2,-5,3,1,0,-2,0,0,-1,1,0,-1
KR_6644433737,420,2,-15,4,5,-1,1,0,1,3,4,1,2,3,4,5,9,0,0,0,0,-1,26,0,-2,2,-1,0,0,1,-1,0,1,2,-1
KR_6731640182,420,-3,-66,0,-10,-3,3,0,0,0,0,-1,2,1,-6,8,2,0,0,0,0,-10,-6,3,-3,0,-4,0,0,-1,0,0,-1,2,-1
KR_6651079564,420,-1,10,-16,-6,2,1,3,0,1,1,-9,10,1,0,4,4,1,0,1,0,-8,-5,-5,-2,7,-4,0,-1,-1,1,-1,1,1,-1
KR_6762559515,420,-3,26,4,-4,-3,4,1,0,2,2,-1,1,0,0,2,2,0,1,1,0,1,-113,-4,-2,6,-2,0,0,-1,-1,0,-1,4,-1
KR_6743294100,420,2,59,4,3,-2,4,2,2,4,6,3,1,4,3,3,6,-3,5,2,1,1,9,-2,-2,4,-1,0,2,1,1,1,1,4,-1
KR_6732445504,420,-3,-58,-24,-7,-5,5,0,-3,5,2,-1,2,1,1,1,2,1,2,3,0,0,-33,2,-5,3,16,0,0,0,-1,-1,-1,0,-1
KR_6483016922,440,0,-38,-8,1,0,2,2,-1,3,2,2,1,3,0,1,1,0,1,1,-1,0,-5,0,-3,3,1,0,0,-1,-1,1,-1,4,-1
KR_6643604965,420,-2,-28,-30,1,-1,3,2,-1,5,4,1,5,6,3,3,6,-1,1,0,-1,7,1,7,-10,3,-2,0,-1,-1,-1,-1,1,4,-1
KR_6618684418,420,-1,-45,-16,0,-5,5,0,0,1,1,0,3,3,4,1,5,1,1,2,0,3,1,-1,0,1,1,0,1,-1,1,1,1,3,-1
KR_6636758708,420,0,10,-4,4,-1,4,3,1,1,2,1,0,1,3,0,3,0,2,2,0,4,-2,1,-5,4,0,0,-1,1,1,-1,-1,1,-1
KR_6682310134,420,0,45,-35,3,1,1,2,-2,2,0,0,4,4,4,0,4,0,1,1,0,3,-19,0,-4,4,3,0,2,-1,1,1,1,2,-1
KR_6644236784,420,1,75,12,0,1,3,4,4,0,4,-2,2,0,-3,5,2,0,1,1,-1,-1,-108,1,-5,4,-4,0,2,-1,-1,1,-1,4,-1
KR_6685228494,420,-1,-43,20,-2,-4,4,0,1,1,2,0,4,4,3,0,3,-2,4,2,-1,-4,3,1,-4,3,-4,0,-1,-1,1,-1,-1,6,-1
KR_6724009653,420,1,30,3,1,0,1,1,-4,5,1,-1,5,4,5,2,7,1,1,2,-1,2,-32,-6,-2,8,3,0,1,0,0,1,-1,0,-1
KR_6763170227,440,-7,-20,9,-15,-4,4,0,-4,4,0,-5,6,1,0,0,0,-2,2,0,0,-9,22,1,-6,5,-9,0,-1,-1,0,-1,-1,2,-1
KR_6716207578,420,-5,-102,28,-10,-2,2,0,-2,2,0,0,3,3,-5,7,2,-1,1,0,0,-12,10,-2,-6,8,-7,0,-2,-1,-1,-1,1,4,-1
KR_6628015062,420,0,45,-47,1,2,2,4,-4,5,1,1,1,2,2,3,5,0,1,1,0,-3,3,4,-7,3,-3,0,1,-1,-1,1,1,4,-1
KR_6751047447,420,-1,-32,1,-4,-6,7,1,-3,4,1,0,4,4,6,1,7,-1,3,2,-2,-11,-7,-1,-4,5,2,0,-1,-1,1,-1,-1,6,-1
KR_6755815035,420,0,-50,-28,3,3,0,3,-1,5,4,1,4,5,0,2,2,0,1,1,0,3,-18,0,-3,3,2,0,0,-1,0,-1,-1,2,-1
KR_6726604813,420,-1,-28,-7,-5,-1,4,3,2,1,3,-3,4,1,-2,5,3,-1,4,3,-2,-12,-6,-3,-2,5,-4,0,1,-1,1,-1,-1,3,-1
KR_6732978779,420,-2,79,-12,-7,-3,4,1,-2,3,1,-4,4,0,0,4,4,2,1,3,0,-10,13,2,-5,3,-1,0,0,0,0,0,-1,0,-1
KR_6744910138,420,0,-15,-35,4,-1,2,1,-1,4,3,1,2,3,2,3,5,3,3,6,1,1,-7,-1,-2,3,1,0,0,-1,-1,0,-1,2,-1
KR_6761940397,420,1,-47,-16,-2,1,1,2,-2,4,2,4,1,5,-4,5,1,-1,1,0,0,-2,3,-5,-4,9,1,0,0,-1,-1,-1,-1,5,-1
KR_6758928101,440,-3,22,4,-12,-3,5,2,-2,3,1,-6,6,0,1,3,4,-2,2,0,2,-8,-4,-2,-2,4,-1,0,-1,1,-1,-1,1,6,-1
KR_6650185863,440,-2,-35,4,-7,-3,4,1,-2,2,0,-5,5,0,0,7,7,3,1,4,-1,6,-1,4,-4,0,-3,0,-4,-1,-1,-1,-1,5,-1
KR_6764123838,440,-2,23,-27,0,-2,4,2,0,2,2,1,2,3,-1,2,1,2,1,3,0,-1,47,1,-4,3,-16,0,-2,-1,-1,-1,1,3,-1
KR_6698598308,420,1,-28,6,3,3,0,3,3,0,3,3,1,4,-3,3,0,-3,3,0,0,-6,-50,2,-5,3,24,0,-1,1,-1,-1,1,2,-1
KR_6759725783,420,-4,-22,0,-7,-1,3,2,1,1,2,2,0,2,-9,12,3,0,1,1,1,-2,1,0,-4,4,3,0,0,-1,1,1,1,5,-1
KR_6716753815,420,-1,50,-39,-1,1,1,2,-7,7,0,2,3,5,2,0,2,1,1,2,-1,0,3,2,-5,3,-1,0,1,-1,1,1,-1,6,-1
KR_6749239840,420,-1,40,-9,-7,-1,4,3,1,3,4,2,1,3,-5,7,2,-4,5,1,0,-11,-7,0,-1,1,-1,0,-1,1,-1,-1,1,4,-1
KR_6548539953,420,0,32,-20,-4,-4,5,1,-2,2,0,3,0,3,-3,4,1,2,0,2,0,-3,-147,0,-4,4,10,0,0,1,-1,0,-1,4,-1
KR_6642970399,440,0,-11,-30,5,0,1,1,-2,2,0,0,3,3,5,1,6,2,0,2,0,9,10,0,-2,2,0,0,0,1,-1,1,1,1,-1
KR_6661064265,440,-1,1,8,-4,-4,4,0,-2,2,0,0,5,5,0,2,2,2,1,3,0,-4,-7,3,-4,1,2,0,0,0,-1,0,1,0,-1
KR_6756588052,420,-2,24,0,-6,1,0,1,2,1,3,-6,7,1,-3,4,1,0,1,1,0,-8,-9,1,-5,4,1,0,-1,-1,1,-1,-1,1,-1
KR_6669713854,420,-2,-32,-16,-3,-2,3,1,0,2,2,-2,3,1,-1,2,1,2,0,2,-1,-3,2,0,-5,5,0,0,1,-1,1,1,-1,2,-1
KR_6756841282,420,1,63,-17,3,2,2,4,-3,6,3,3,1,4,3,2,5,-2,3,1,0,10,47,-1,-2,3,-10,0,1,1,-1,1,-1,3,-1
KR_6633467288,420,-2,-79,1,0,-4,5,1,2,2,4,1,2,3,0,2,2,1,1,2,0,12,-18,-5,-1,6,3,0,-1,1,1,1,-1,3,-1
KR_6335147690,420,-2,-24,18,-4,0,4,4,-3,3,0,1,0,1,-3,4,1,1,1,2,1,-3,4,-4,-3,7,1,0,0,-1,-1,0,1,3,-1
KR_6733067223,420,4,34,-4,9,-2,5,3,2,1,3,5,0,5,3,0,3,1,1,2,0,7,-1,0,-5,5,-5,0,1,1,1,1,1,5,-1
KR_6763535421,420,-1,19,-25,2,0,0,0,0,0,0,0,3,3,-1,3,2,3,1,4,1,4,13,2,-4,2,-7,0,0,-1,-1,0,1,3,-1
KR_6762068523,420,0,-29,-11,-1,-1,2,1,2,0,2,0,1,1,-4,5,1,2,1,3,0,-3,117,0,-4,4,-4,0,-1,-1,-1,-1,-1,4,-1
KR_6694354979,420,2,91,35,4,5,0,5,1,2,3,3,0,3,-1,6,5,-4,5,1,2,3,-5,5,-9,4,-3,0,2,-1,1,1,-1,5,-1
KR_6704921919,420,-4,10,4,-10,0,2,2,0,3,3,-1,2,1,-6,6,0,-3,4,1,0,-16,-4,-3,0,3,-1,0,-1,0,-1,-1,-1,0,-1
KR_6735841046,440,-5,-63,8,-14,-5,5,0,0,2,2,1,0,1,-10,10,0,0,2,2,-2,-12,0,2,-4,2,2,0,-1,-1,-1,-1,-1,3,-1
KR_6667838852,420,-2,-27,-16,-7,1,1,2,-2,4,2,-6,6,0,-2,3,1,2,0,2,0,-6,-364,4,-5,1,-1,0,-1,1,1,-1,-1,1,-1
KR_6652878217,420,-1,4,-19,-4,-1,1,0,-6,6,0,2,3,5,2,1,3,-1,1,0,-1,-4,-12,-4,-1,5,6,0,1,-1,1,1,-1,6,-1
KR_6745989443,440,-6,-90,-16,-13,-2,2,0,-3,7,4,-5,5,0,-1,4,3,-2,3,1,0,-8,8,-2,-3,5,-3,0,-1,1,1,-1,1,6,-1
KR_6686862999,420,3,17,13,7,0,2,2,-1,3,2,4,0,4,5,1,6,-1,1,0,1,9,0,1,-6,5,-2,0,0,0,1,1,1,0,-1
KR_6761714774,420,-3,-15,-51,-1,-2,2,0,2,5,7,3,0,3,-4,8,4,0,1,1,-1,-2,0,0,-1,1,-1,0,-3,-1,0,-1,-1,2,-1
KR_6745664866,420,-3,-56,12,-9,-2,2,0,0,2,2,-4,4,0,-1,1,0,-2,3,1,0,-4,430,0,-4,4,-16,0,0,1,1,-1,-1,2,-1
KR_6691496664,420,-3,-75,-12,-1,0,1,1,-3,4,1,1,1,2,-2,5,3,3,2,5,1,2,25,0,-1,1,-2,0,-1,1,-1,-1,1,6,-1
KR_6558038283,420,-4,-146,-16,-15,-6,7,1,-2,3,1,-6,6,0,0,2,2,-1,1,0,0,-12,19,-1,-2,3,-3,0,-2,-1,1,-1,-1,1,-1
KR_6756288853,420,-1,-86,8,-5,-3,6,3,0,1,1,4,1,5,-1,1,0,-5,5,0,0,-2,0,4,-4,0,-3,0,-2,1,-1,-1,-1,2,-1
KR_6719908676,420,-3,-53,-8,-16,-6,6,0,1,2,3,-6,7,1,-2,2,0,-3,4,1,0,-14,-68,-4,-3,7,-1,0,0,-1,-1,0,1,3,-1
KR_6635601066,420,2,56,-13,6,2,0,2,-1,4,3,4,1,5,2,5,7,-1,3,2,1,6,-7,6,-6,0,-7,0,0,0,1,0,1,0,-1
KR_6739930337,420,-2,-8,-28,-2,-3,4,1,1,0,1,-1,4,3,1,0,1,0,2,2,-1,-2,1,1,-3,2,-29,0,2,-1,-1,1,-1,1,-1
KR_6749799335,420,-2,-66,-25,-9,1,2,3,1,4,5,-4,4,0,-2,4,2,-5,5,0,0,-7,-3,-4,0,4,-2,0,-1,-1,-1,-1,-1,5,-1
KR_6708898206,420,2,2,-14,4,1,0,1,0,1,1,-1,5,4,4,1,5,0,0,0,0,8,-152,1,-4,3,2,0,-1,-1,-1,-1,-1,1,-1
KR_6703634000,440,0,-62,-5,1,2,2,4,2,1,3,-2,2,0,-1,1,0,0,1,1,0,5,-1,-2,-2,4,0,0,0,1,0,0,1,5,-1
KR_6739421598,440,3,-6,21,7,2,0,2,1,0,1,-3,3,0,3,2,5,4,2,6,0,7,51,4,-6,2,-1,0,0,1,1,0,1,6,-1
KR_6741356274,420,-8,-70,-24,-13,-1,2,1,-3,5,2,-7,7,0,-3,4,1,1,2,3,-1,-5,-14,0,-2,2,1,0,-2,0,-1,-1,-1,0,-1
KR_6705241687,420,0,-41,24,2,2,1,3,1,0,1,-1,3,2,2,0,2,-2,2,0,0,-3,-3,1,-2,1,-3,0,1,1,1,1,1,5,-1
KR_6729618557,420,0,52,-8,-6,4,1,5,-9,10,1,-2,3,1,2,2,4,-1,1,0,0,-13,-1,-1,-5,6,4,0,-1,0,-1,-1,1,0,-1
KR_6756631651,420,-1,-101,-4,-2,-3,3,0,-3,4,1,0,4,4,1,4,5,3,0,3,-1,-7,-295,-1,-3,4,-3,0,0,-1,1,0,-1,2,-1
KR_6736352616,420,-1,-5,12,-9,-3,4,1,-2,3,1,0,0,0,-5,6,1,1,1,2,0,-8,184,-2,-3,5,-2,0,-2,1,-1,-1,-1,5,-1
KR_6735152355,420,-1,-24,20,-4,-5,7,2,-3,5,2,2,3,5,0,3,3,2,0,2,2,7,14,3,-6,3,-4,0,-1,1,-1,-1,1,1,-1
KR_6757652410,420,-5,-15,-24,-12,-4,4,0,-3,5,2,-1,2,1,-2,4,2,-2,4,2,0,-12,-320,-1,-2,3,1,0,0,-1,-1,0,-1,4,-1
KR_6696350451,420,0,40,4,-1,-3,3,0,-1,3,2,0,2,2,2,4,6,1,2,3,0,-1,1,0,-3,3,3,0,0,1,1,0,-1,2,-1
KR_6727875913,420,-3,12,-24,-8,3,1,4,-4,5,1,-4,5,1,-2,3,1,-1,4,3,0,-9,-2,-1,-4,5,2,0,-3,1,-1,-1,-1,4,-1
KR_6763237744,420,2,65,-16,2,-1,2,1,-2,3,1,3,1,4,4,1,5,-2,3,1,0,-1,7,0,-1,1,1,0,1,1,-1,1,1,3,-1
KR_6762651963,420,1,0,13,-4,-1,1,0,-1,2,1,-1,1,0,-1,4,3,0,2,2,0,-4,-141,-1,-4,5,-2,0,0,0,-1,1,-1,0,-1
KR_6562070773,420,0,22,13,-9,-2,4,2,-1,5,4,-1,4,3,-3,3,0,-2,2,0,0,-11,2,-6,-1,7,2,0,-1,1,-1,-1,-1,1,-1
KR_6760933084,420,3,2,-4,8,-2,2,0,4,0,4,5,2,7,-1,3,2,2,1,3,0,7,2,6,-8,2,2,0,0,1,1,1,1,4,-1
KR_6674256034,420,-3,-87,-28,-2,-2,3,1,0,1,1,-2,3,1,3,0,3,-1,1,0,0,3,8,3,-9,6,-5,0,-1,1,1,1,1,2,-1
KR_6757517944,420,1,-20,-9,5,0,3,3,2,0,2,0,2,2,2,0,2,1,0,1,0,9,2,3,-4,1,0,0,1,0,-1,1,1,0,-1
KR_6709697552,420,-2,-87,-4,-7,-5,8,3,5,2,7,-4,7,3,2,3,5,-5,7,2,-2,4,46,1,-3,2,-16,0,-2,0,0,-1,-1,0,-1
KR_6654500203,420,-2,-74,-43,-4,-4,4,0,0,3,3,-2,3,1,4,2,6,-2,3,1,0,-3,5,0,-4,4,-3,0,-2,1,-1,-1,-1,4,-1
KR_6749104500,420,2,-17,18,2,-4,4,0,3,1,4,-2,3,1,4,2,6,1,1,2,0,4,10,-3,-5,8,4,0,-1,1,-1,-1,-1,5,-1
KR_6639385470,440,-2,27,0,-9,1,0,1,2,2,4,-4,4,0,-1,3,2,-7,7,0,-1,-10,-65,-1,-4,5,5,0,0,1,1,0,-1,5,-1
KR_6691021020,420,-1,-4,-16,-5,-9,9,0,-5,7,2,5,0,5,0,4,4,4,1,5,-2,-3,-7,-2,-4,6,0,0,-2,1,-1,-1,-1,4,-1
KR_6764379323,420,-2,-9,-1,4,-1,2,1,1,1,2,-1,3,2,4,1,5,1,1,2,0,8,10,1,-4,3,4,0,0,1,1,1,1,2,-1
KR_6762729082,420,-1,2,3,-4,1,2,3,-3,4,1,-2,2,0,2,1,3,-2,3,1,0,-5,8,2,-5,3,-4,0,0,-1,-1,0,1,3,-1
KR_6761970536,420,-6,-79,-50,-14,0,2,2,-3,4,1,-7,7,0,-6,8,2,2,0,2,0,-7,-22,-2,-2,4,1,0,-1,-1,-1,-1,-1,5,-1
KR_6758987057,420,0,-6,20,7,1,0,1,2,2,4,5,1,6,-4,5,1,3,1,4,0,5,11,0,-2,2,0,0,1,1,1,1,1,3,-1
KR_6728709408,420,-4,26,4,-4,-4,4,0,-3,4,1,0,0,0,2,2,4,1,2,3,0,-6,20,1,-5,4,-28,0,0,1,-1,-1,-1,1,-1
KR_6762457261,420,-1,22,8,-1,0,0,0,-1,4,3,0,1,1,0,5,5,0,1,1,0,-1,1,2,-8,6,1,0,0,-1,1,0,1,1,-1
KR_6764317471,420,2,-11,-8,5,5,1,6,-3,3,0,2,1,3,1,1,2,0,2,2,-1,-1,7,0,-3,3,-2,0,1,1,1,1,-1,4,-1
KR_6752835765,420,-4,-56,-40,-8,-3,3,0,0,2,2,-2,4,2,-2,3,1,-1,2,1,0,-8,4,3,-9,6,0,0,-1,-1,-1,-1,1,5,-1
KR_6754510144,420,-5,-65,-5,-6,-6,6,0,1,4,5,-4,5,1,-1,2,1,4,1,5,0,-3,13,-2,-2,4,-2,0,0,0,1,0,-1,0,-1
KR_6760933515,420,-6,-19,-11,-7,-2,3,1,-2,4,2,-2,3,1,-1,3,2,0,1,1,0,0,8,2,-5,3,-4,0,-1,0,-1,-1,1,0,-1
KR_6699678186,420,-6,-82,-30,-14,-3,4,1,-4,5,1,1,4,5,-2,3,1,-6,6,0,-1,-9,5,-2,-5,7,-5,0,-1,-1,-1,-1,-1,4,-1
KR_6764079247,440,-2,-10,-27,0,2,4,6,1,2,3,-2,3,1,1,3,4,-2,2,0,1,7,-13,0,-1,1,1,0,0,0,-1,0,1,0,-1
KR_6761714109,420,-1,-27,-20,-3,-2,2,0,4,2,6,6,3,9,-3,6,3,-8,9,1,2,1,-1,1,-2,1,-2,0,0,-1,1,0,1,5,-1
KR_6709606521,420,-1,-24,-30,-1,-2,2,0,1,3,4,-1,1,0,0,1,1,1,0,1,0,2,49,6,-8,2,-18,0,-1,-1,0,-1,-1,3,-1
KR_6762061351,420,-2,-20,15,-8,2,0,2,-7,8,1,-2,3,1,-3,7,4,2,0,2,-2,-5,-30,1,-3,2,24,0,0,0,-1,-1,-1,0,-1
KR_6752700041,420,-2,-13,12,-3,-1,2,1,0,1,1,0,1,1,1,3,4,-3,3,0,-1,-7,1,3,-4,1,1,0,1,-1,1,1,-1,4,-1
KR_6762338812,420,-2,2,-23,-7,2,0,2,-8,8,0,4,0,4,-5,7,2,0,4,4,1,-7,0,-3,0,3,-2,0,-1,-1,-1,-1,1,2,-1
KR_6747818660,420,-4,-82,4,-11,-6,8,2,-2,3,1,-2,3,1,-2,4,2,1,0,1,0,-7,-25,-2,-1,3,2,0,-2,-1,1,-1,-1,6,-1
KR_6712195610,420,-4,-70,10,-13,-3,3,0,0,3,3,-2,3,1,-6,10,4,-2,2,0,-1,-16,35,-1,-1,2,-16,0,0,-1,1,0,-1,6,-1
KR_6746926321,420,1,70,3,2,0,1,1,1,3,4,1,1,2,1,0,1,-1,1,0,0,4,-2,-1,-5,6,-1,0,0,1,-1,0,-1,1,-1
KR_6749975357,420,5,60,39,8,5,0,5,3,0,3,2,1,3,-2,5,3,0,2,2,0,5,33,-2,-1,3,0,0,2,-1,0,1,-1,2,-1
KR_6734561433,420,2,56,-24,0,-4,6,2,-1,1,0,3,1,4,2,2,4,0,1,1,0,-7,-13,-8,-1,9,9,0,-1,-1,-1,-1,-1,1,-1
KR_6717161751,420,0,4,8,-5,-1,6,5,-2,4,2,-4,5,1,0,1,1,2,0,2,1,-6,-7,-3,-2,5,-3,0,1,-1,-1,1,1,6,-1
KR_6481202841,440,-1,-35,12,-3,2,4,6,0,3,3,-3,5,2,-2,2,0,0,2,2,-1,-4,-2,2,-7,5,-4,0,1,-1,0,1,-1,2,-1
KR_6668075096,420,-4,-37,-16,-11,-3,5,2,-1,3,2,-3,3,0,-3,4,1,-1,1,0,1,-7,-15,-2,-4,6,1,0,0,-1,-1,-1,1,1,-1
KR_6756851916,420,-6,-19,-11,-5,-2,4,2,-1,3,2,3,0,3,-4,6,2,-1,1,0,0,-9,22,-5,-2,7,1,0,-1,-1,-1,-1,1,1,-1
KR_6641500760,420,0,4,27,-3,-1,1,0,-4,4,0,2,2,4,1,5,6,-1,1,0,0,-6,8,-1,-5,6,-4,0,0,-1,1,0,-1,6,-1
KR_6725732778,420,0,2,-6,-4,1,1,2,-2,4,2,0,2,2,0,0,0,-3,4,1,0,-5,-9,-5,-3,8,1,0,-1,-1,-1,-1,1,1,-1
KR_6750159671,420,-1,-2,-24,-2,2,1,3,-1,2,1,-5,7,2,1,2,3,1,0,1,0,-3,-12,-5,0,5,-1,0,0,-1,1,0,-1,4,-1
KR_6678506706,420,-3,-52,-7,-7,-3,3,0,0,4,4,0,3,3,-3,4,1,-1,1,0,1,-3,12,3,-6,3,0,0,-1,-1,1,-1,1,4,-1
KR_6729016957,420,-3,-25,12,-10,-2,3,1,0,3,3,-5,5,0,-3,5,2,0,2,2,0,-10,-7,-3,-1,4,1,0,-2,-1,-1,-1,-1,3,-1
KR_6709915346,420,-5,-56,1,-7,-1,2,1,-3,4,1,-3,3,0,1,2,3,-1,3,2,0,-6,-11,0,-3,3,-1,0,-1,1,-1,-1,1,1,-1
KR_6758547316,420,0,-3,12,-7,1,0,1,-3,6,3,0,2,2,-3,4,1,-2,3,1,0,-3,-143,-2,-1,3,0,0,-1,-1,-1,-1,-1,3,-1
KR_6616062967,420,-2,-45,10,-4,0,0,0,1,3,4,-2,5,3,0,0,0,-3,4,1,0,-2,-2,1,-3,2,2,0,-1,1,-1,-1,-1,5,-1
KR_6554619085,420,-2,-26,-12,-11,1,1,2,0,3,3,-13,13,0,1,3,4,0,1,1,0,1,-12,-4,-4,8,0,0,-2,-1,-1,-1,-1,1,-1
KR_6698816138,420,0,-30,-8,7,1,1,2,1,0,1,-1,4,3,2,0,2,4,0,4,0,16,0,1,-4,3,3,0,0,-1,1,1,1,3,-1
KR_6720517963,440,-1,-39,-24,0,-4,4,0,4,4,8,-2,2,0,0,1,1,2,0,2,0,3,-4,4,-5,1,-3,0,0,-1,1,1,-1,3,-1
KR_6705003535,420,-2,20,-15,-4,0,2,2,-7,8,1,5,2,7,0,3,3,-2,2,0,0,-5,-9,-3,-2,5,2,0,0,0,-1,1,-1,0,-1
KR_6735793513,440,-4,-48,-4,-9,-2,2,0,-1,3,2,-2,2,0,-4,5,1,0,1,1,0,-7,-7,-4,-1,5,0,0,-2,-1,0,-1,-1,5,-1
KR_6698474867,420,1,-10,14,-2,3,0,3,-1,2,1,-2,4,2,-3,5,2,1,2,3,0,-5,14,0,-6,6,-5,0,1,-1,1,-1,1,5,-1
KR_6627122503,420,-3,-17,-11,-6,-2,2,0,-2,3,1,-1,1,0,-1,4,3,0,0,0,0,-8,-2,0,-1,1,1,0,0,1,-1,0,-1,2,-1
KR_6724668255,420,3,33,8,0,2,0,2,3,2,5,-1,5,4,-2,2,0,-2,2,0,0,-1,-10,2,-6,4,-3,0,1,1,-1,1,-1,6,-1
KR_6717562448,420,2,-24,0,3,1,3,4,2,1,3,0,2,2,0,0,0,0,3,3,0,-1,-9,-1,-1,2,2,0,2,-1,1,1,-1,1,-1
KR_6762363721,420,-1,-25,-8,-2,0,1,1,2,1,3,-3,4,1,2,1,3,-3,3,0,0,-2,3,-3,-4,7,3,0,1,-1,1,1,1,3,-1
KR_6577213482,420,0,-25,-17,-3,0,3,3,2,1,3,-2,4,2,-1,2,1,-2,2,0,0,1,-390,0,-4,4,-4,0,0,-1,-1,-1,-1,6,-1
KR_6723153639,440,-4,5,-16,-3,-4,4,0,1,3,4,0,2,2,2,2,4,-2,3,1,0,7,21,-1,-3,4,11,0,-1,0,-1,-1,-1,0,-1
KR_6667841677,420,-5,-84,-20,-10,-3,3,0,-4,6,2,-3,6,3,-2,6,4,2,0,2,-1,-1,19,-6,-2,8,0,0,-2,-1,-1,-1,-1,1,-1
KR_6695020401,420,6,23,-8,16,8,0,8,1,1,2,-1,6,5,6,0,6,2,1,3,0,12,5,4,-4,0,2,0,2,0,1,1,-1,0,-1
KR_6750033735,440,-4,-96,-19,-17,-2,3,1,-2,3,1,-8,8,0,-3,5,2,-2,2,0,0,-16,-10,-1,-3,4,2,0,-2,-1,-1,-1,-1,2,-1
KR_6722759647,440,-1,-67,23,-8,2,0,2,3,2,5,-4,5,1,-9,12,3,0,0,0,0,-5,-4,-4,-1,5,1,0,-1,-1,1,-1,-1,3,-1
KR_6751939724,420,-2,-77,-12,-8,-1,3,2,-3,3,0,-2,4,2,0,1,1,-2,5,3,-1,-7,-2,6,-6,0,-3,0,-1,-1,0,-1,-1,1,-1
KR_6761899302,440,2,1,-16,2,-3,4,1,2,2,4,0,3,3,3,0,3,0,0,0,0,4,4,2,-3,1,-3,0,1,1,1,1,-1,1,-1
KR_6683415139,420,-6,-59,-40,-13,-2,5,3,-3,5,2,-3,4,1,-5,5,0,0,1,1,-1,-8,128,1,-4,3,0,0,-1,-1,0,-1,-1,3,-1
KR_6757754671,420,2,42,0,-2,-1,1,0,1,3,4,3,0,3,-3,6,3,-2,3,1,0,-3,5,1,-5,4,0,0,-1,1,-1,-1,1,5,-1
KR_6669597474,420,-2,39,-28,-12,-1,1,0,-8,9,1,-2,4,2,4,2,6,-5,5,0,-1,2,-23,3,-5,2,-5,0,1,0,-1,1,1,0,-1
KR_6755168095,420,2,-50,0,5,6,0,6,-2,3,1,1,0,1,1,0,1,-1,2,1,0,0,6,1,-4,3,1,0,0,0,0,0,-1,0,-1
KR_6758186642,420,1,-4,32,-2,4,0,4,-3,3,0,0,3,3,-3,4,1,0,1,1,0,-4,2,3,-3,0,-2,0,0,0,-1,0,-1,0,-1
KR_6486355050,420,-1,8,-27,-6,0,1,1,-4,8,4,0,1,1,0,2,2,-2,2,0,0,-1,-1,4,-4,0,0,0,-1,-1,-1,-1,1,4,-1
KR_6605779251,420,-2,-8,20,-2,-3,3,0,6,2,8,-1,3,2,-1,4,3,-3,4,1,0,-1,4,3,-6,3,1,0,-1,1,1,-1,-1,1,-1
KR_6747431776,440,-4,-91,-28,-7,-3,4,1,-4,6,2,-1,3,2,-2,3,1,3,0,3,0,-7,51,5,-9,4,-25,0,-1,-1,-1,-1,-1,5,-1
KR_6661246084,440,-1,-41,4,-2,-1,1,0,1,2,3,-2,2,0,2,0,2,-2,3,1,0,-3,0,0,-4,4,-4,0,0,1,-1,0,-1,3,-1
KR_6662020621,420,-4,-58,-28,-1,-5,5,0,-4,4,0,7,0,7,1,1,2,0,0,0,1,4,-25,-5,-1,6,3,0,-2,-1,-1,-1,1,3,-1
KR_6685537175,420,0,-4,24,-4,2,3,5,3,0,3,-3,5,2,-6,6,0,0,3,3,0,-6,4,0,-8,8,2,0,0,1,1,0,-1,2,-1
KR_6761673312,440,-3,-88,-12,-4,2,1,3,-1,1,0,-2,3,1,-1,2,1,-2,2,0,0,-7,1,-1,-5,6,-5,0,-2,-1,-1,-1,1,5,-1
KR_6762132832,420,-4,-102,-12,-5,3,1,4,-1,1,0,-2,6,4,-3,3,0,-2,2,0,0,0,-5,-3,0,3,1,0,-2,1,-1,-1,1,4,-1
KR_6701198038,420,0,-20,-16,3,1,1,2,1,0,1,1,1,2,0,0,0,0,1,1,0,5,-1,3,-8,5,-5,0,-1,-1,-1,-1,1,1,-1
KR_6744880310,420,-3,-127,-8,-10,0,1,1,-4,5,1,-3,5,2,-4,4,0,1,0,1,0,-8,-11,-3,-2,5,2,0,-3,1,-1,-1,-1,3,-1
KR_6695690674,420,4,-8,16,2,7,0,7,-3,4,1,-3,3,0,-1,3,2,2,0,2,0,1,-16,-3,-1,4,4,0,-1,-1,1,-1,1,2,-1
KR_6736743893,420,-4,-45,-7,-6,2,0,2,1,4,5,0,0,0,-3,4,1,-6,6,0,-2,-9,-21,-2,-5,7,5,0,0,-1,-1,0,-1,4,-1
KR_6694947182,420,-4,-2,-81,-9,-11,11,0,-2,2,0,0,3,3,2,0,2,2,1,3,0,-1,8,-5,-1,6,4,0,-2,1,-1,-1,-1,2,-1
KR_6681466975,420,-2,18,4,-9,-2,3,1,-3,5,2,-1,4,3,-4,5,1,1,2,3,0,-13,5,2,-4,2,-1,0,-1,-1,-1,-1,1,6,-1
KR_6755921636,420,1,15,8,2,3,0,3,0,4,4,0,3,3,0,5,5,-1,1,0,0,8,-82,1,-8,7,3,0,-1,1,1,-1,-1,3,-1
KR_6739336331,440,3,-10,1,2,-3,3,0,-1,2,1,0,1,1,5,3,8,1,0,1,-1,-2,-28,-2,-3,5,5,0,0,1,1,-1,-1,3,-1
KR_6641416171,420,-5,-83,32,-8,-2,5,3,0,2,2,-3,5,2,-2,4,2,-1,3,2,-2,-7,-6,-2,-2,4,1,0,-1,-1,0,-1,-1,6,-1
KR_6696583439,420,-2,-55,-35,-6,0,2,2,-2,2,0,-2,2,0,0,1,1,-2,4,2,0,-6,-13,-1,-4,5,3,0,1,1,-1,1,1,2,-1
KR_6742228102,440,-5,-132,4,-13,-2,4,2,2,3,5,0,2,2,-10,10,0,-3,3,0,0,-16,-11,-2,-1,3,1,0,-4,-1,-1,-1,1,3,-1
KR_6760315506,420,2,12,-24,-3,4,0,4,-5,6,1,1,0,1,-4,4,0,1,3,4,-2,-5,119,0,-3,3,1,0,0,-1,1,-1,-1,2,-1
KR_6650116951,420,-2,-73,8,-8,-4,4,0,-2,6,4,0,1,1,0,3,3,-2,4,2,1,-6,103,-4,-5,9,5,0,-4,1,-1,-1,1,2,-1
KR_6743442954,420,-3,-51,-44,-8,-3,3,0,0,1,1,-3,4,1,1,0,1,-3,3,0,0,0,-12,4,-6,2,-4,0,-2,0,-1,-1,-1,0,-1
KR_6630501254,420,1,-31,16,-2,-2,5,3,0,2,2,3,2,5,-3,5,2,0,1,1,0,-2,-15,0,-4,4,-6,0,0,-1,-1,-1,-1,5,-1
KR_5883793759,420,-1,-38,-14,-2,-2,6,4,6,3,9,1,0,1,-4,10,6,-3,4,1,0,-11,-2,-1,-4,5,1,0,-1,1,-1,-1,-1,1,-1
KR_6751198076,440,-5,-17,-16,-6,-4,4,0,2,1,3,0,0,0,-1,5,4,-3,4,1,0,-7,42,4,-6,2,-14,0,0,-1,0,-1,1,2,-1
KR_6701614020,420,-2,-29,-25,-6,1,2,3,-1,4,3,-2,2,0,-2,4,2,-2,3,1,0,-6,-47,-1,-5,6,28,0,0,-1,0,-1,-1,5,-1
KR_6728080269,420,-1,-3,20,9,-1,1,0,-1,3,2,1,1,2,6,1,7,4,1,5,0,9,-53,0,-2,2,25,0,2,1,1,1,1,1,-1
KR_6745806959,420,-4,-111,-12,-20,-4,6,2,1,0,1,-3,6,3,-14,16,2,0,1,1,0,-4,4,-4,-1,5,0,0,-3,-1,1,-1,-1,2,-1
KR_6731415459,420,-8,-104,-39,-14,-2,2,0,-1,1,0,-5,7,2,-7,7,0,1,3,4,0,-12,-5,-5,-1,6,-3,0,-2,-1,-1,-1,-1,4,-1
KR_6755627544,420,-1,28,-17,-4,5,1,6,-2,3,1,-2,5,3,-3,4,1,-2,2,0,1,-6,-455,2,-4,2,-1,0,0,-1,0,0,1,3,-1
KR_6739687276,420,1,40,3,-1,6,1,7,-1,3,2,-2,4,2,-4,5,1,0,2,2,0,-2,-445,0,-1,1,-1,0,0,-1,-1,1,-1,1,-1
KR_6759405377,420,-4,-24,-28,-2,0,2,2,-1,3,2,2,2,4,3,0,3,-6,7,1,0,1,0,2,-3,1,-2,0,-1,0,0,-1,-1,0,-1
KR_6736481863,420,1,-25,-4,0,-3,4,1,-5,5,0,1,1,2,3,0,3,4,0,4,0,1,6,0,-5,5,-1,0,1,-1,1,1,1,6,-1
KR_6661159851,420,2,-7,-16,1,-1,3,2,1,4,5,3,4,7,0,1,1,-2,2,0,0,1,-23,-3,-5,8,2,0,-1,0,-1,-1,1,0,-1
KR_6763825832,440,-5,-122,-10,-15,-4,6,2,-1,1,0,-3,4,1,-10,11,1,3,3,6,0,-7,12,-5,-2,7,-1,0,-1,-1,0,-1,-1,3,-1
KR_6634328751,420,-1,55,-4,-3,-1,1,0,-1,4,3,0,4,4,0,5,5,-1,2,1,0,-4,262,-1,-3,4,-2,0,0,-1,-1,0,1,4,-1
KR_6727045973,420,3,8,9,10,-4,4,0,5,1,6,1,3,4,3,3,6,5,0,5,0,10,7,1,-3,2,-1,0,1,1,-1,1,-1,2,-1
KR_6593531339,420,-2,-51,4,-6,-3,5,2,0,1,1,2,1,3,-5,8,3,0,0,0,0,-2,-27,-1,-5,6,-1,0,-1,1,0,-1,1,5,-1
KR_6704809222,420,-2,-18,7,-9,-3,3,0,1,4,5,-5,5,0,-2,2,0,0,0,0,0,-3,-9,2,-3,1,0,0,-1,1,-1,-1,-1,5,-1
KR_6657702153,420,-2,-53,-12,-4,-4,5,1,-1,2,1,3,2,5,-2,5,3,0,0,0,0,-7,-4,-2,-7,9,3,0,-1,1,1,-1,1,3,-1
KR_6757808804,420,3,45,-16,4,2,1,3,2,2,4,-3,4,1,4,1,5,-1,2,1,0,-1,-11,-2,-3,5,3,0,0,-1,1,-1,-1,6,-1
KR_6681238610,420,0,64,-16,-4,2,0,2,-5,5,0,-6,8,2,5,1,6,0,2,2,0,-8,-49,-1,-4,5,-3,0,0,1,0,0,-1,3,-1
KR_6739432376,440,-4,-71,-3,-8,0,0,0,-2,4,2,-4,4,0,-2,7,5,0,0,0,0,-7,-255,-2,-3,5,-5,0,0,0,1,-1,1,0,-1
KR_6759840335,420,-4,-83,-18,-6,-2,3,1,0,4,4,-4,8,4,3,1,4,-3,3,0,0,10,-41,-2,-1,3,29,0,-1,1,-1,-1,-1,5,-1
KR_6434763399,420,-2,-9,4,3,-4,6,2,1,1,2,4,0,4,1,2,3,1,0,1,2,12,-5,-1,-4,5,1,0,0,-1,0,0,1,6,-1
KR_6756677048,440,-8,-81,-28,-20,-5,5,0,-2,3,1,-6,8,2,-1,3,2,-6,6,0,-1,-20,-7,5,-7,2,-4,0,-3,-1,0,-1,-1,4,-1
KR_6682609272,420,-3,-76,8,-3,1,0,1,1,2,3,-3,5,2,-3,7,4,1,2,3,0,5,1,-3,-2,5,1,0,-1,-1,-1,-1,-1,2,-1
KR_5701651733,420,2,-15,12,5,-3,3,0,1,1,2,4,1,5,2,2,4,1,0,1,0,2,7,0,-7,7,-1,0,0,-1,1,0,1,4,-1
KR_6659355098,420,-1,25,17,-8,0,3,3,-4,6,2,-1,4,3,-1,6,5,-2,4,2,-1,-2,12,-3,-3,6,-1,0,-1,-1,-1,-1,-1,1,-1
KR_6617399183,440,1,22,6,5,1,1,2,-1,4,3,6,0,6,0,2,2,-1,1,0,0,8,-16,4,-4,0,2,0,0,1,0,0,1,3,-1
KR_6703623768,420,-4,-29,-28,-3,1,3,4,-1,1,0,3,1,4,-6,11,5,0,1,1,0,-2,-4,0,-6,6,-2,0,-2,-1,-1,-1,-1,3,-1
KR_6762620099,420,-5,-63,-4,-12,0,0,0,-2,3,1,-5,5,0,0,5,5,-5,6,1,-1,-14,-6,3,-5,2,-1,0,-3,-1,-1,-1,-1,4,-1
KR_5897321874,420,-1,52,20,-2,-4,4,0,-2,6,4,-1,3,2,4,1,5,1,2,3,0,-10,-117,0,-8,8,-2,0,0,-1,1,1,1,4,-1
KR_6724307826,440,-1,-73,-40,-1,-2,2,0,6,0,6,-3,6,3,-2,4,2,0,3,3,1,-4,-3,-2,-3,5,0,0,-1,-1,1,-1,1,6,-1
KR_6750810264,420,-1,70,32,-5,0,3,3,2,3,5,-3,8,5,-3,4,1,-1,2,1,0,-6,-4,0,-6,6,-6,0,1,1,1,1,-1,5,-1
KR_6751009085,420,-2,-68,20,-2,-1,3,2,0,2,2,0,3,3,1,0,1,-2,3,1,0,-2,5,-2,-3,5,1,0,0,-1,1,0,1,6,-1
KR_6647176410,420,-3,-19,8,-3,-1,3,2,0,3,3,1,2,3,-3,7,4,0,0,0,0,-1,0,8,-10,2,-3,0,0,1,0,0,1,6,-1
KR_6740312912,420,-5,-36,-27,-7,-2,2,0,2,0,2,0,3,3,-8,8,0,1,0,1,0,-9,-8,0,-4,4,-1,0,0,-1,-1,-1,-1,6,-1
KR_6663755909,420,-1,9,-36,-4,4,0,4,-1,2,1,-4,4,0,-3,3,0,0,3,3,0,-6,-7,-1,-4,5,-2,0,0,-1,-1,0,1,1,-1
KR_6752617288,420,-2,-31,8,-15,0,2,2,-8,8,0,-1,1,0,-4,7,3,-2,5,3,0,-21,298,0,-1,1,0,0,-2,-1,-1,-1,-1,6,-1
KR_6613150064,420,-3,-11,-5,-8,0,1,1,-5,7,2,-3,3,0,0,3,3,0,1,1,0,-3,-27,-3,-3,6,4,0,-2,-1,0,-1,1,1,-1
KR_6675116588,420,-3,15,-47,-3,-1,3,2,-5,5,0,0,2,2,2,1,3,1,1,2,0,-3,-1,2,-4,2,-1,0,0,0,-1,-1,1,0,-1
KR_6733130118,420,-3,-59,-28,-5,0,2,2,-2,6,4,1,2,3,0,0,0,-4,6,2,1,-5,31,11,-11,0,-25,0,-1,-1,1,-1,1,2,-1
KR_6395118187,420,-3,-111,2,-8,-3,4,1,-2,3,1,0,2,2,0,3,3,-3,4,1,-1,0,-21,3,-6,3,-3,0,-4,0,-1,-1,-1,0,-1
KR_6721865477,420,0,-12,8,1,-1,1,0,-6,8,2,4,0,4,3,2,5,1,1,2,1,0,8,4,-6,2,-2,0,0,1,1,0,1,6,-1
KR_6704268865,420,-1,39,-24,-2,5,0,5,1,3,4,-3,5,2,-6,8,2,1,1,2,0,-13,-7,-2,-1,3,3,0,0,1,0,0,1,4,-1
KR_6740042870,420,2,20,-24,3,0,1,1,0,0,0,-1,1,0,4,0,4,0,2,2,0,1,-1,1,-4,3,1,0,1,-1,-1,1,1,2,-1
KR_6711566879,420,3,-30,48,9,4,0,4,0,2,2,-1,2,1,1,1,2,5,0,5,1,7,12,-3,-4,7,2,0,0,-1,1,0,1,6,-1
KR_6749888306,420,1,-9,-33,2,-1,3,2,0,4,4,-1,6,5,1,1,2,3,1,4,0,19,-6,0,-3,3,1,0,0,1,0,0,1,2,-1
KR_6745052992,420,-1,10,27,-3,-2,3,1,0,2,2,0,1,1,0,3,3,-1,1,0,0,-3,-41,1,-3,2,20,0,-1,-1,-1,-1,1,4,-1
KR_6747633574,420,-4,-38,8,-4,-3,3,0,1,2,3,-4,4,0,1,4,5,1,1,2,0,-1,-2,3,-5,2,2,0,0,1,-1,0,-1,6,-1
KR_6634098876,420,-4,-58,-20,-6,-5,5,0,0,1,1,1,3,4,-3,4,1,1,0,1,0,-2,-44,0,-3,3,11,0,-1,-1,-1,-1,-1,3,-1
KR_6762116041,420,-1,-63,4,-2,0,3,3,2,1,3,0,0,0,-1,3,2,-3,6,3,0,-7,-8,1,-2,1,2,0,-1,1,-1,-1,-1,1,-1
KR_6756057928,420,-1,-43,-3,-1,0,1,1,2,3,5,0,3,3,-5,7,2,2,1,3,0,0,-3,1,-2,1,-1,0,0,-1,1,-1,1,1,-1
KR_6759666541,420,-3,-75,-41,-8,-3,3,0,-1,3,2,0,4,4,-1,4,3,-3,3,0,0,-10,-9,-1,-3,4,-4,0,0,-1,-1,1,1,6,-1
KR_6759476046,420,-5,-8,-30,-12,-5,5,0,-3,6,3,-3,4,1,-1,3,2,0,2,2,0,-6,3,3,-7,4,-2,0,-2,-1,-1,-1,-1,1,-1
KR_6661214663,420,-1,-64,12,-2,3,0,3,-3,3,0,-1,2,1,-1,4,3,0,1,1,0,-7,1,-6,-3,9,-3,0,-1,0,-1,-1,-1,0,-1
KR_6698887501,420,1,31,7,-1,4,1,5,-1,2,1,-9,9,0,3,2,5,2,0,2,0,-9,11,0,-6,6,-1,0,-2,1,-1,-1,-1,3,-1
KR_6763145735,440,-1,19,8,-8,-4,5,1,1,0,1,0,3,3,-3,5,2,-2,3,1,-1,-11,21,1,-4,3,-1,0,0,-1,-1,0,-1,5,-1
KR_6675335641,420,4,84,10,6,3,0,3,-1,2,1,3,0,3,1,0,1,0,0,0,0,6,-1,-3,-2,5,-3,0,0,-1,1,0,1,3,-1
KR_6762541285,420,-2,-19,-20,-6,1,0,1,2,0,2,-3,4,1,-8,10,2,2,0,2,0,-5,-3,-2,-3,5,-1,0,0,-1,-1,-1,-1,1,-1
KR_6758753128,440,-1,15,4,-4,4,2,6,0,1,1,-1,3,2,-9,9,0,2,3,5,0,-3,6,-2,0,2,2,0,-1,0,0,-1,-1,0,-1
KR_6751486031,420,-2,38,-20,-10,3,1,4,-3,3,0,-1,1,0,-2,4,2,-7,8,1,0,-6,-3,-1,-1,2,1,0,0,-1,-1,1,-1,3,-1
KR_6683280816,420,2,-17,21,7,3,1,4,2,3,5,-4,4,0,2,2,4,4,0,4,0,11,4,2,-4,2,0,0,0,0,-1,1,1,0,-1
KR_6764615513,440,-4,-66,-32,-8,-3,3,0,1,4,5,-2,2,0,-5,5,0,1,4,5,0,-2,-103,-6,-1,7,0,0,-1,1,1,-1,-1,3,-1
KR_6692525741,420,1,-2,-12,-8,5,0,5,0,1,1,-4,6,2,-6,9,3,-3,4,1,-1,-10,2,-4,-2,6,0,0,0,-1,0,0,-1,3,-1
KR_6579207146,420,-6,-78,-12,-14,-5,5,0,-5,5,0,-1,3,2,-3,3,0,0,1,1,0,-13,-5,-3,-2,5,-6,0,-1,-1,-1,-1,-1,2,-1
KR_6683963811,420,-2,-68,-4,-2,-2,2,0,4,5,9,-4,4,0,2,3,5,-2,2,0,0,0,-2,2,-6,4,-2,0,-1,-1,-1,-1,-1,5,-1
KR_6648170015,420,4,12,24,8,0,3,3,0,2,2,3,0,3,5,1,6,0,0,0,0,9,-2,-1,-3,4,1,0,2,0,1,1,1,0,-1
KR_6635855259,420,-8,-54,-15,-15,-2,3,1,1,0,1,-6,6,0,-6,6,0,-2,2,0,-1,-8,-20,-7,-1,8,0,0,-2,-1,-1,-1,-1,2,-1
KR_6729497876,420,2,53,-11,3,-2,2,0,5,1,6,-1,3,2,2,4,6,-1,1,0,0,2,-5,-1,-3,4,2,0,0,-1,1,0,1,1,-1
KR_6748600897,420,-4,-44,-3,-6,-1,2,1,-5,9,4,-1,1,0,2,2,4,-1,2,1,0,-4,-248,-1,-4,5,1,0,0,-1,-1,-1,1,2,-1
KR_6734850084,420,6,74,-7,11,2,2,4,-3,4,1,11,1,12,1,2,3,0,2,2,0,7,-100,3,-4,1,3,0,1,1,1,1,1,3,-1
KR_6750593671,420,2,36,8,2,2,0,2,-3,3,0,-3,6,3,1,2,3,5,0,5,0,1,3,-1,-2,3,1,0,0,0,0,0,-1,0,-1
KR_6759256099,420,-1,-61,8,-1,1,0,1,-3,4,1,1,1,2,0,2,2,0,0,0,0,-7,-11,-3,-3,6,-4,0,0,1,-1,0,1,2,-1
KR_6753623957,420,-3,-63,-12,-5,-1,3,2,1,1,2,-2,5,3,-3,4,1,0,1,1,0,-8,-13,-1,-2,3,3,0,0,-1,-1,0,-1,6,-1
KR_6763414548,440,-5,-74,-40,-9,0,1,1,-3,3,0,-2,2,0,1,1,2,-5,5,0,0,-7,-114,-2,-2,4,-5,0,-1,-1,-1,-1,-1,3,-1
KR_6738504738,420,-4,-52,4,-7,-4,4,0,2,5,7,-4,4,0,-1,1,0,0,0,0,0,-4,8,3,-7,4,-2,0,-1,1,-1,-1,1,1,-1
KR_6741555639,420,-6,-74,-24,-2,-7,10,3,3,1,4,4,1,5,0,3,3,-2,5,3,0,7,-34,0,-7,7,11,0,-4,-1,-1,-1,1,3,-1
KR_6751478945,420,-3,-33,-35,-5,-3,4,1,-1,5,4,2,3,5,-4,5,1,1,1,2,0,-5,-3,1,-2,1,0,0,-1,0,-1,-1,1,0,-1
KR_6751844266,420,-2,-64,-29,-9,-5,5,0,5,1,6,-2,2,0,-2,7,5,-5,6,1,1,-6,-3,-4,-1,5,-1,0,-2,-1,1,1,1,2,-1
KR_6753682821,420,2,-24,-2,7,1,2,3,-1,1,0,4,1,5,4,0,4,-1,2,1,0,11,-3,-3,-2,5,4,0,0,0,1,0,-1,0,-1
KR_6736908167,420,-1,-17,0,-10,-4,4,0,4,1,5,2,3,5,-10,11,1,-2,2,0,-1,-12,-9,-4,-3,7,-4,0,0,-1,-1,0,-1,2,-1
KR_6477309212,420,2,-24,4,1,2,0,2,0,3,3,0,1,1,0,0,0,-1,1,0,0,-3,61,1,-5,4,-33,0,0,-1,1,0,1,4,-1
KR_6740768802,420,-4,-57,1,-14,-2,3,1,1,1,2,-5,7,2,-9,9,0,1,0,1,0,-13,-3,-4,0,4,-1,0,-2,-1,-1,-1,-1,5,-1
KR_6576663643,420,-4,-44,12,-11,-2,5,3,-2,3,1,1,2,3,-2,3,1,-6,7,1,0,-9,-6,-7,0,7,2,0,-3,0,-1,-1,-1,0,-1
KR_6726576525,420,-4,-15,-26,-8,-3,3,0,4,1,5,-5,5,0,-3,7,4,-1,1,0,0,-2,7,4,-6,2,-1,0,0,1,-1,0,-1,6,-1
KR_6685097244,440,1,-41,-19,3,3,2,5,0,1,1,1,2,3,0,0,0,-1,1,0,0,5,-137,0,-5,5,-2,0,-3,-1,-1,-1,1,5,-1
KR_6367612208,420,-2,-60,-24,0,2,1,3,1,1,2,0,2,2,-1,2,1,-2,3,1,0,1,0,0,0,0,1,0,-2,0,-1,-1,1,0,-1
KR_6692811696,420,2,38,14,1,2,0,2,3,2,5,0,3,3,-4,4,0,0,1,1,0,-2,18,0,-3,3,2,0,-1,-1,-1,-1,1,6,-1
KR_6735741119,420,0,-23,-12,-4,-4,4,0,-2,4,2,1,1,2,1,5,6,0,0,0,1,-9,14,1,-3,2,3,0,-1,-1,0,-1,1,3,-1
KR_6631547098,420,-2,-36,-26,-8,5,0,5,-1,3,2,-6,7,1,-5,5,0,-1,2,1,-2,-11,12,-1,-4,5,-3,0,0,-1,1,-1,1,1,-1
KR_6655909392,440,-4,-35,-28,-5,-1,1,0,-3,7,4,-1,5,4,0,0,0,0,1,1,0,-2,1,2,-5,3,-5,0,-2,-1,0,-1,-1,1,-1
KR_6739376653,420,3,33,21,4,-7,8,1,1,2,3,5,1,6,6,0,6,-1,2,1,1,9,38,2,-5,3,-13,0,0,1,1,-1,1,1,-1
KR_6671537928,420,-6,-79,-25,-17,0,2,2,-8,9,1,-1,1,0,-5,5,0,-3,3,0,-1,-14,38,-7,-1,8,-3,0,-1,-1,-1,-1,-1,4,-1
KR_5768996673,420,-3,18,-50,-3,4,0,4,1,1,2,-6,6,0,-2,3,1,0,1,1,0,-4,-1,-2,-3,5,-4,0,-1,-1,-1,-1,-1,2,-1
KR_6764161719,420,-2,21,-28,-2,-1,2,1,-2,4,2,-1,4,3,4,1,5,-2,3,1,0,-5,4,4,-5,1,2,0,0,0,0,0,1,0,-1
KR_6724233145,420,0,-2,-16,0,0,2,2,1,3,4,0,2,2,-2,2,0,1,4,5,-1,-4,12,3,-3,0,-4,0,1,-1,-1,1,-1,3,-1
KR_6757554705,440,0,20,15,0,5,0,5,-1,7,6,1,4,5,-5,7,2,0,0,0,-2,-1,4,2,-4,2,-2,0,2,1,1,1,-1,6,-1
KR_6752935763,420,-1,-72,-16,5,1,1,2,4,0,4,-2,3,1,2,0,2,0,0,0,0,9,6,3,-4,1,-4,0,0,-1,0,0,1,2,-1
KR_6528672738,420,-2,-30,-16,-4,-5,5,0,0,3,3,0,2,2,0,2,2,1,1,2,0,2,0,0,-2,2,-2,0,0,-1,1,1,1,1,-1
KR_6763299553,440,-3,-63,4,-5,-1,3,2,-9,11,2,7,1,8,-5,5,0,3,3,6,2,-6,2,-3,-4,7,6,0,-1,-1,-1,-1,-1,5,-1
KR_6678760609,420,-1,-36,1,-6,0,1,1,1,4,5,-4,7,3,-3,6,3,0,1,1,1,-9,1,-1,-3,4,-3,0,0,-1,1,-1,1,2,-1
KR_6730528855,440,-4,-100,-7,-7,-3,4,1,2,2,4,-1,1,0,-5,8,3,0,0,0,0,0,-5,-3,-1,4,0,0,-1,-1,-1,-1,-1,2,-1
KR_6727631026,440,5,49,36,12,-2,3,1,8,1,9,6,0,6,0,2,2,0,2,2,0,6,6,3,-7,4,-3,0,1,0,0,1,1,0,-1
KR_6593261783,440,4,15,20,4,1,3,4,-2,4,2,5,0,5,1,2,3,-1,1,0,0,4,-46,-2,-5,7,14,0,1,0,1,1,-1,0,-1
KR_6756711412,420,-2,2,-32,2,-1,2,1,-1,4,3,-1,1,0,4,1,5,1,0,1,0,5,6,2,-7,5,1,0,0,-1,-1,0,1,5,-1
KR_6758184356,420,-3,3,-24,-5,-6,7,1,-1,3,2,0,3,3,1,2,3,1,0,1,0,-1,52,-1,-1,2,-22,0,0,-1,1,0,1,4,-1
KR_6742603640,420,-3,-60,-4,-3,7,0,7,-1,2,1,-8,13,5,2,2,4,-3,3,0,0,-2,-4,-1,-2,3,-2,0,-2,-1,0,-1,-1,1,-1
KR_6496590565,420,-1,13,-5,-2,1,2,3,-4,7,3,-1,3,2,2,3,5,0,0,0,0,-6,19,-3,-5,8,-2,0,-1,-1,-1,-1,-1,3,-1
KR_6749904442,440,0,5,6,-2,6,0,6,-1,4,3,0,0,0,-8,9,1,1,0,1,-1,-14,-7,-2,-3,5,-1,0,-1,-1,-1,-1,-1,5,-1
KR_6661098630,420,-4,-106,-12,-10,-4,4,0,0,2,2,-1,3,2,-5,6,1,0,1,1,1,-11,17,-1,-4,5,1,0,-1,-1,0,-1,1,3,-1
KR_6755416250,420,0,-7,-7,-1,-4,5,1,2,2,4,5,1,6,-5,7,2,1,0,1,1,-2,-11,-2,-4,6,0,0,0,-1,1,0,1,2,-1
KR_6689873525,420,-5,-44,-43,-12,-9,9,0,-1,1,0,2,2,4,-3,5,2,-1,1,0,0,-4,4,0,-4,4,2,0,-3,-1,-1,-1,-1,1,-1
KR_6725942887,420,0,91,-20,1,1,1,2,3,0,3,2,1,3,-1,3,2,-4,4,0,-1,0,45,0,-3,3,-26,0,0,0,-1,0,-1,0,-1
KR_6752825281,440,0,-12,0,-3,2,1,3,-2,4,2,-1,1,0,-1,1,0,-1,1,0,0,-5,3,1,-2,1,0,0,0,1,1,0,1,3,-1
KR_6731268665,420,0,-59,8,-6,-2,3,1,1,3,4,-3,6,3,0,4,4,-2,4,2,-1,0,3,0,-1,1,-4,0,-1,-1,-1,-1,-1,5,-1
KR_6634953874,420,-1,-18,-27,0,0,1,1,-3,4,1,3,3,6,-1,3,2,1,0,1,0,0,8,-1,-2,3,-2,0,-2,1,-1,-1,-1,6,-1
KR_6642304327,420,-1,-2,4,4,5,1,6,3,3,6,1,3,4,-4,7,3,-1,2,1,1,1,8,-2,-3,5,0,0,0,-1,1,1,1,4,-1
KR_6625687643,420,-1,-84,-1,2,0,0,0,0,4,4,-1,2,1,0,1,1,3,0,3,1,2,-7,1,-7,6,-1,0,0,1,0,0,1,6,-1
KR_6758305590,420,0,46,0,-6,3,0,3,-4,5,1,-4,4,0,0,2,2,-1,1,0,0,-8,2,-3,-3,6,-4,0,0,0,-1,-1,-1,0,-1
KR_6735793080,420,-5,-39,12,-2,-1,1,0,0,4,4,-3,3,0,3,2,5,-1,2,1,0,-5,-8,-3,-2,5,2,0,0,-1,-1,0,1,4,-1
KR_6738736698,440,-3,-44,13,-9,-3,6,3,-3,3,0,0,1,1,-3,3,0,0,0,0,1,-8,-20,-1,-3,4,1,0,-1,0,0,-1,1,0,-1
KR_6658704229,420,-6,-119,7,-18,-4,5,1,-4,5,1,-2,5,3,-3,3,0,-5,5,0,0,-5,-4,3,-4,1,-1,0,-2,-1,-1,-1,-1,1,-1
KR_6674043118,420,-1,-73,6,-5,-1,2,1,0,2,2,-1,7,6,-3,7,4,0,2,2,-3,-7,49,0,0,0,-2,0,0,1,1,-1,-1,4,-1
KR_6727769963,420,0,48,-16,1,-2,3,1,2,2,4,3,1,4,-3,5,2,1,0,1,0,2,-16,0,-6,6,-1,0,0,-1,-1,0,1,3,-1
KR_6743711852,420,2,-13,28,10,0,2,2,4,0,4,1,2,3,5,1,6,0,2,2,-1,12,-5,1,-3,2,5,0,0,1,0,0,-1,6,-1
KR_6324629290,420,0,-29,2,3,-1,2,1,0,4,4,5,1,6,0,2,2,-1,2,1,0,-3,26,0,-6,6,0,0,2,0,1,1,1,0,-1
KR_6660801454,420,2,-14,-22,5,1,2,3,0,2,2,2,3,5,1,1,2,1,0,1,-1,0,10,-3,-3,6,3,0,0,1,-1,0,-1,6,-1
KR_6748935933,440,-3,-39,-23,-8,3,0,3,-3,5,2,-1,3,2,-6,7,1,-1,2,1,-1,-8,4,-3,-3,6,-5,0,-1,-1,-1,-1,-1,6,-1
KR_6762231828,420,0,20,8,-7,0,0,0,-8,9,1,4,2,6,-2,3,1,-1,2,1,0,-8,9,-3,-2,5,0,0,1,1,1,1,-1,2,-1
