matchId,queueId,Diff_LV,Diff_CS,Diff_jglCS,Diff-K,Diff-K-top,K-WIN-top,K-LOSE-top,Diff-K-jug,K-WIN-jug,K-LOSE-jug,Diff-K-mid,K-WIN-mid,K-LOSE-mid,Diff-K-ad,K-WIN-ad,K-LOSE-ad,Diff-K-sup,K-WIN-sup,K-LOSE-sup,invadeKill,Diff-A,Diff_WARDplaced,Diff-ControlWARDplaced,LOSE_controlWARDPlaced,WIN_controlWARDPlaced,Diff_WARDkill,Diff_Inhibitor,Diff_TOWERkill,Diff_FirstDRAGON,Diff_FirstHERALD,Diff_Firsttower,Diff_FirstBLOOD,dragonType,result
KR_6731860093,420,-5,-23,-24,-13,-2,3,1,-7,8,1,-4,5,1,3,3,6,-3,3,0,0,-17,31,-5,-3,8,-2,0,-2,1,-1,-1,1,4,-1
KR_6749510736,420,-7,-100,4,-10,-4,4,0,-3,5,2,0,1,1,-3,5,2,0,0,0,0,-5,-52,-2,-6,8,3,0,0,-1,1,-1,-1,5,-1
KR_6744043796,420,0,-14,-7,0,0,1,1,1,6,7,0,2,2,-1,3,2,0,1,1,0,2,30,-3,-6,9,1,0,1,1,-1,-1,1,4,-1
KR_6746665728,420,-1,17,-11,5,0,1,1,-2,2,0,2,0,2,5,0,5,0,0,0,0,10,-8,-3,-7,10,7,0,0,-1,1,0,1,2,-1
KR_6728621329,420,-2,-25,39,-10,-4,5,1,-7,7,0,2,0,2,-3,3,0,2,1,3,0,-9,-28,0,-7,7,-4,0,0,-1,1,0,1,6,-1
KR_6724602802,420,-3,-5,-32,-3,-1,2,1,1,2,3,-5,6,1,2,8,10,0,1,1,0,-2,17,3,-10,7,-4,0,0,1,-1,-1,1,2,-1
KR_6730911180,420,-3,-14,-44,1,2,1,3,2,3,5,1,0,1,-3,4,1,-1,1,0,-1,-2,18,-2,-6,8,-2,0,-1,-1,-1,-1,-1,6,-1
KR_6749619406,420,-2,-16,3,-1,-3,5,2,-2,2,0,0,3,3,2,2,4,2,0,2,0,-7,2,4,-12,8,-4,0,0,-1,1,1,1,6,-1
KR_6742593130,420,-2,25,-15,-8,1,0,1,-10,10,0,-4,6,2,5,0,5,0,0,0,-1,-6,-24,-3,-5,8,1,0,-2,1,-1,-1,-1,6,-1
KR_6746741106,420,-2,2,0,-4,-5,6,1,0,1,1,-2,2,0,2,4,6,1,0,1,0,5,5,1,-10,9,-1,0,0,-1,-1,-1,-1,5,-1
KR_6748776691,420,3,42,16,4,0,0,0,0,1,1,3,2,5,-1,1,0,2,2,4,0,8,1,-1,-5,6,-1,0,0,-1,-1,1,1,2,-1
KR_6743429262,420,1,17,-42,4,5,1,6,0,5,5,-2,3,1,0,2,2,1,0,1,-1,-2,-7,0,-8,8,3,0,-1,-1,-1,-1,-1,3,-1
KR_6749732045,420,-4,45,-31,-9,-3,4,1,-6,8,2,-3,4,1,4,0,4,-1,1,0,0,-7,-32,-1,-8,9,0,0,-1,1,-1,-1,-1,6,-1
KR_6729007301,420,-8,-52,7,-12,0,2,2,-4,8,4,-4,4,0,-1,2,1,-3,3,0,0,-23,-37,-1,-9,10,-2,0,-3,-1,-1,-1,-1,2,-1
KR_6731793619,420,-1,-14,-11,-2,0,1,1,1,1,2,-1,3,2,-2,3,1,0,0,0,0,0,-4,0,-10,10,1,0,-2,-1,1,-1,1,2,-1
KR_6739593616,420,3,-7,-5,5,1,2,3,-2,6,4,1,1,2,3,0,3,2,1,3,0,9,-8,1,-6,5,2,0,0,-1,1,1,1,6,-1
KR_6736610437,420,-8,-50,-38,-20,2,0,2,-8,9,1,-1,1,0,-5,5,0,-8,9,1,0,-28,-16,6,-12,6,-7,0,-3,0,-1,-1,1,0,-1
KR_6738621010,420,-3,-68,32,-5,-2,2,0,-3,4,1,0,1,1,0,5,5,0,2,2,1,-6,-13,-4,-6,10,5,0,-1,-1,1,-1,1,6,-1
KR_6746694495,420,2,17,-30,10,-1,1,0,5,1,6,3,1,4,3,0,3,0,1,1,2,24,8,3,-10,7,4,0,0,1,-1,-1,1,3,-1
KR_6747343062,420,-3,-96,9,-1,0,2,2,2,0,2,1,3,4,-3,5,2,-1,1,0,0,-3,-48,0,-10,10,2,0,-2,-1,1,-1,1,5,-1
KR_6734563527,440,-3,-59,0,-3,-2,2,0,2,2,4,3,1,4,-5,6,1,-1,2,1,0,5,-5,1,-5,4,1,0,0,1,-1,0,-1,1,-1
KR_6747758205,420,-5,-91,8,-10,-4,4,0,-5,6,1,-2,2,0,0,2,2,1,1,2,0,-13,-9,-3,-7,10,0,0,-4,1,-1,-1,1,5,-1
KR_6752139822,420,-3,-28,-3,-3,0,1,1,2,2,4,-2,3,1,-3,3,0,0,0,0,0,-8,12,1,-9,8,-3,0,0,-1,1,0,-1,5,-1
KR_6740076427,420,0,41,28,0,2,0,2,1,3,4,2,2,4,-5,6,1,0,0,0,0,-12,3,-1,-8,9,3,0,0,1,1,1,1,4,-1
KR_6736918412,420,-5,-56,-21,-18,-2,2,0,-3,6,3,2,1,3,-9,12,3,-6,6,0,0,-11,-13,-1,-7,8,0,0,-3,-1,-1,-1,1,3,-1
KR_6738243935,420,-2,-17,18,-5,1,2,3,-4,5,1,1,1,2,-3,4,1,0,2,2,1,-6,-5,-3,-9,12,0,0,-1,1,1,-1,1,6,-1
KR_6749489167,420,-4,-26,-20,-3,2,1,3,-3,5,2,-1,3,2,3,0,3,-4,5,1,-1,-2,19,0,-9,9,4,0,-2,-1,-1,-1,-1,6,-1
KR_6742798865,420,-5,-68,1,-13,-1,2,1,-3,5,2,-6,7,1,-4,6,2,1,0,1,0,-18,3,0,-9,9,-6,0,-2,-1,-1,-1,-1,5,-1
KR_6747005801,420,-2,-43,-26,-3,-4,6,2,0,1,1,-4,5,1,3,0,3,2,0,2,0,-3,8,-3,-8,11,-12,0,2,-1,-1,-1,-1,3,-1
KR_6741679760,440,-1,24,5,-1,-3,5,2,2,0,2,0,2,2,-1,4,3,1,0,1,1,-5,-33,-7,-5,12,2,0,0,1,-1,1,1,2,-1
KR_6713625571,420,-2,-20,-16,-1,0,2,2,0,2,2,1,0,1,-1,4,3,-1,2,1,0,7,-5,-4,-7,11,5,0,-1,-1,-1,-1,1,6,-1
KR_6743900927,420,-6,-73,-19,-11,3,1,4,0,5,5,-2,8,6,-8,8,0,-4,6,2,0,-12,-32,10,-14,4,-10,0,-1,-1,1,1,-1,3,-1
KR_6749875216,420,0,33,-40,5,1,1,2,2,2,4,2,0,2,1,5,6,-1,2,1,0,4,6,6,-9,3,-5,0,0,-1,-1,1,-1,2,-1
KR_6730964771,420,-1,3,-9,-3,-3,3,0,-2,5,3,1,1,2,2,1,3,-1,1,0,0,-8,-63,-2,-7,9,2,0,-1,1,-1,-1,1,4,-1
KR_6745295142,420,-2,-44,7,1,-2,3,1,-4,6,2,2,0,2,1,1,2,4,0,4,0,0,-2,2,-10,8,2,0,-2,-1,1,-1,-1,4,-1
KR_6746500069,420,1,-19,9,-10,-1,3,2,-3,7,4,-5,6,1,0,1,1,-1,1,0,0,-10,-9,0,-6,6,-3,0,-1,-1,-1,-1,-1,5,-1
KR_6747722210,420,-1,31,31,-9,-1,3,2,-1,3,2,-2,3,1,-5,6,1,0,0,0,0,-15,-2,-9,-8,17,-2,0,-1,1,-1,-1,1,2,-1
KR_6745869485,420,-1,-32,-8,-1,1,1,2,-6,7,1,-3,5,2,6,0,6,1,0,1,0,0,6,-1,-6,7,1,0,0,1,-1,1,1,4,-1
KR_6735477385,420,3,56,3,-1,0,2,2,1,2,3,2,0,2,-4,5,1,0,1,1,-1,2,-3,-1,-9,10,5,0,1,-1,-1,1,-1,2,-1
KR_6744562394,420,-4,-34,-31,-10,0,0,0,-3,4,1,-3,5,2,-4,5,1,0,1,1,0,-18,27,-2,-7,9,-1,0,-2,-1,-1,-1,-1,5,-1
KR_6748496437,420,-3,-58,0,-6,0,3,3,-1,3,2,-2,3,1,-2,2,0,-1,3,2,0,-12,-6,-5,-8,13,-2,0,-2,1,-1,-1,-1,5,-1
KR_6751508369,420,-1,-41,-13,-2,1,0,1,-6,6,0,0,3,3,2,1,3,1,1,2,0,-2,1,-1,-9,10,-1,0,0,-1,-1,0,-1,5,-1
KR_6747744088,420,-8,-48,-9,-18,-2,5,3,-4,5,1,-2,2,0,-3,4,1,-7,7,0,-1,-30,3,-1,-7,8,-9,0,-4,-1,-1,-1,1,5,-1
KR_6746543874,420,-4,-48,34,-14,-4,7,3,1,3,4,-10,10,0,1,3,4,-2,2,0,-1,-9,-3,0,-8,8,-6,0,-3,1,-1,-1,-1,4,-1
KR_6740917582,420,-6,-14,-8,-15,-5,5,0,-3,4,1,1,2,3,-7,7,0,-1,1,0,0,-21,35,-2,-6,8,-1,0,-1,-1,-1,-1,1,3,-1
KR_6743912310,420,-1,-35,6,-7,0,0,0,-4,5,1,-2,2,0,1,2,3,-2,4,2,0,-12,-28,-2,-5,7,-1,0,0,-1,1,0,-1,1,-1
KR_6750131104,420,0,24,-6,-1,0,1,1,-1,4,3,1,0,1,0,2,2,-1,1,0,0,1,7,3,-9,6,-1,0,-1,-1,-1,-1,-1,5,-1
KR_6748425411,420,0,-23,4,-1,-1,1,0,3,5,8,4,0,4,-6,8,2,-1,1,0,-1,-7,-3,-2,-9,11,1,0,0,1,1,1,-1,4,-1
KR_6747468305,420,-3,-39,1,-15,0,1,1,-5,6,1,-4,5,1,-8,10,2,2,0,2,-1,-22,2,-2,-10,12,-1,0,0,-1,-1,-1,-1,3,-1
KR_6744148889,440,-2,-59,12,-9,-1,2,1,-6,6,0,1,1,2,-1,2,1,-2,3,1,-1,-9,29,-3,-4,7,2,0,-2,-1,1,-1,-1,5,-1
KR_6750963640,420,-1,-19,-13,-4,-4,5,1,-4,5,1,-1,3,2,4,1,5,1,1,2,0,3,23,-3,-5,8,-9,0,-3,-1,-1,-1,1,2,-1
KR_6746232866,420,-3,-5,-2,-1,2,1,3,-2,3,1,1,3,4,-1,3,2,-1,2,1,0,1,-12,-3,-6,9,-1,0,-1,-1,-1,-1,1,2,-1
KR_6721792052,420,-2,-65,2,-4,-3,3,0,-1,4,3,0,3,3,-1,4,3,1,1,2,0,-1,-2,-2,-7,9,-2,0,-2,1,-1,-1,1,3,-1
KR_6713272442,420,-6,-63,-27,-14,-3,6,3,-2,3,1,-5,7,2,1,4,5,-5,5,0,0,-18,67,1,-8,7,-4,0,-3,-1,-1,-1,-1,2,-1
KR_6747097104,420,-2,-19,5,-8,-1,1,0,-1,3,2,-2,4,2,-2,3,1,-2,2,0,-1,-13,-11,-7,-4,11,-2,0,-2,-1,-1,-1,-1,4,-1
KR_6747290836,420,1,32,6,-3,-1,1,0,1,2,3,-1,2,1,-1,3,2,-1,1,0,0,-2,-7,-5,-5,10,0,0,0,1,-1,0,1,3,-1
KR_6743233332,440,-3,-62,-24,-4,0,0,0,-1,2,1,-1,2,1,0,1,1,-2,2,0,0,-2,-2,4,-7,3,5,0,-1,-1,1,-1,-1,4,-1
KR_6745353309,420,-4,-46,-40,-12,-1,2,1,-3,4,1,-3,4,1,-4,5,1,-1,1,0,0,-15,5,-3,-7,10,-4,0,-1,-1,-1,-1,-1,3,-1
KR_6748337842,420,-4,-57,-11,-8,-8,8,0,1,3,4,-3,4,1,0,1,1,2,1,3,1,-12,-40,-3,-4,7,3,0,-3,1,-1,-1,1,1,-1
KR_6745687006,420,0,-17,-12,5,3,1,4,-4,6,2,5,2,7,0,2,2,1,0,1,0,1,-8,3,-11,8,-2,0,-1,1,-1,-1,1,5,-1
KR_6748404705,420,0,18,-11,-1,-2,2,0,-1,4,3,3,1,4,-1,3,2,0,2,2,0,2,-26,-2,-6,8,-4,0,0,-1,-1,0,-1,5,-1
KR_6747346896,420,-5,22,-30,-14,-1,4,3,-10,12,2,-6,8,2,1,2,3,2,1,3,0,-25,-8,1,-11,10,5,0,0,-1,-1,-1,1,3,-1
KR_6751465189,420,1,-17,-13,-5,-1,2,1,0,2,2,5,1,6,-8,9,1,-1,1,0,0,-10,4,-9,-6,15,-1,0,0,-1,-1,-1,-1,2,-1
KR_6742831791,420,2,16,-12,3,-1,4,3,5,2,7,2,4,6,-2,2,0,-1,1,0,0,8,-38,2,-9,7,4,0,-1,1,-1,-1,-1,1,-1
KR_6739970835,420,1,-23,9,3,0,1,1,3,1,4,-2,4,2,1,2,3,1,1,2,0,1,46,-4,-8,12,-31,0,1,1,1,1,1,1,-1
KR_6751663123,420,-2,-13,7,-5,0,1,1,-1,2,1,-4,5,1,1,0,1,-1,1,0,-1,-7,5,2,-7,5,-4,0,1,-1,-1,1,-1,5,-1
KR_6732908598,420,0,-21,11,-3,-2,3,1,3,4,7,-4,4,0,0,2,2,0,1,1,0,-4,-33,-4,-6,10,6,0,-1,-1,1,-1,1,6,-1
KR_6751907975,420,2,19,-8,5,3,0,3,1,2,3,5,0,5,-2,3,1,-2,2,0,-2,7,-12,-3,-7,10,8,0,-1,-1,1,-1,-1,6,-1
KR_6743270252,420,-2,0,-4,-1,5,1,6,3,1,4,-2,5,3,-6,7,1,-1,1,0,0,-6,24,2,-9,7,-1,0,-1,-1,1,-1,1,6,-1
KR_6747735893,420,-3,-46,27,-4,-6,7,1,2,0,2,3,1,4,-2,3,1,-1,2,1,0,-10,0,0,-6,6,-9,0,0,1,1,-1,-1,1,-1
KR_6745492450,420,1,5,-4,4,1,0,1,0,3,3,-2,3,1,6,0,6,-1,1,0,0,8,-6,2,-11,9,3,0,-2,-1,-1,-1,-1,4,-1
KR_6734624203,420,-1,38,-1,0,1,1,2,0,1,1,0,2,2,-1,2,1,0,0,0,0,-8,54,-4,-7,11,6,0,-1,-1,-1,-1,1,6,-1
KR_6746723104,420,-5,19,-17,-14,0,1,1,-6,7,1,-6,7,1,-3,5,2,1,0,1,0,-8,-7,-7,-7,14,3,0,0,-1,-1,0,-1,6,-1
KR_6751819394,420,-3,-53,-9,-8,0,3,3,-3,5,2,-3,4,1,-2,3,1,0,2,2,0,-11,-11,1,-5,4,2,0,-2,-1,-1,-1,1,3,-1
KR_6747892991,420,1,-48,17,1,-2,2,0,0,1,1,0,1,1,3,0,3,0,0,0,0,2,8,-4,-6,10,3,0,0,1,1,0,1,6,-1
KR_6748175568,420,-10,-78,-39,-19,-5,5,0,-6,8,2,-3,3,0,-6,8,2,1,0,1,0,-27,-4,-2,-8,10,3,0,-3,0,-1,-1,-1,0,-1
KR_6722975142,420,-2,-47,8,1,3,0,3,-2,6,4,1,0,1,-1,1,0,0,0,0,0,0,-33,2,-11,9,6,0,0,1,-1,0,1,5,-1
KR_6744537138,420,-2,70,8,-13,0,2,2,2,2,4,-3,5,2,-8,8,0,-4,4,0,0,-24,8,2,-7,5,-1,0,0,-1,-1,-1,1,5,-1
KR_6738475094,420,-5,-53,-24,-7,1,2,3,-4,4,0,0,1,1,-3,4,1,-1,1,0,0,-13,-9,-5,-6,11,9,0,-2,-1,-1,-1,-1,1,-1
KR_6747296766,420,-2,15,34,-9,-2,4,2,-3,4,1,-3,4,1,-2,7,5,1,0,1,1,-11,-6,-1,-8,9,6,0,0,1,-1,-1,1,4,-1
KR_6749659619,440,-8,-85,-33,-21,-2,4,2,-5,8,3,-5,6,1,-9,9,0,0,1,1,0,-21,-16,0,-5,5,-3,0,-1,-1,0,-1,-1,1,-1
KR_6746265086,420,-1,17,-8,-7,1,0,1,4,0,4,-4,4,0,-6,8,2,-2,4,2,0,-9,5,-3,-9,12,-12,0,-2,-1,1,-1,1,5,-1
KR_6715163207,420,-9,-60,-36,-15,-8,8,0,-2,5,3,-2,2,0,-4,5,1,1,0,1,0,-18,4,-5,-4,9,-3,0,-3,-1,-1,-1,-1,3,-1
KR_6736328743,420,1,-34,17,-6,5,0,5,0,2,2,-3,6,3,-5,5,0,-3,3,0,-1,-11,0,-3,-8,11,-7,0,0,1,1,1,-1,4,-1
KR_6749750447,420,-1,-34,3,-4,-1,1,0,-2,2,0,3,4,7,0,3,3,-4,4,0,0,-6,4,1,-7,6,-10,0,-1,-1,-1,-1,1,2,-1
KR_6745357204,420,-2,-16,-5,-12,0,1,1,-1,3,2,-9,11,2,2,2,4,-4,4,0,0,-18,-42,-1,-9,10,7,0,0,-1,1,1,1,2,-1
KR_6723437363,440,-1,-17,13,-1,-1,3,2,1,2,3,0,0,0,0,0,0,-1,1,0,0,-8,67,2,-8,6,-29,0,0,-1,1,-1,-1,6,-1
KR_6744247067,420,-1,7,-17,-2,-4,4,0,-2,2,0,-1,2,1,0,2,2,5,0,5,0,1,-1,-1,-8,9,8,0,-1,1,-1,-1,1,6,-1
KR_6751290476,420,-1,18,4,-6,0,1,1,0,2,2,-2,3,1,1,2,3,-5,6,1,0,-8,6,-1,-10,11,-5,0,1,1,1,1,-1,1,-1
KR_6735827587,420,-2,-48,-21,-3,0,1,1,0,2,2,-2,2,0,-1,4,3,0,0,0,0,0,0,7,-14,7,-4,0,0,-1,1,0,-1,3,-1
KR_6744292657,420,0,2,-3,1,0,2,2,1,3,4,0,3,3,-2,3,1,2,2,4,0,4,-30,-2,-4,6,6,0,0,-1,-1,-1,1,2,-1
KR_6745879159,420,-2,-87,-27,0,-5,6,1,5,3,8,-2,2,0,1,3,4,1,2,3,0,8,22,-2,-9,11,1,0,-1,1,-1,-1,-1,6,-1
KR_6742816180,420,-3,-73,-13,-16,-5,5,0,0,4,4,-1,3,2,-9,11,2,-1,2,1,0,-23,-1,-4,-6,10,-2,0,-4,-1,-1,-1,-1,5,-1
KR_6744888615,420,-1,-52,0,2,-4,5,1,3,1,4,2,1,3,1,0,1,0,0,0,-1,7,-1,-4,-7,11,-8,0,-2,1,-1,-1,-1,4,-1
KR_6745218774,420,3,50,-42,-2,3,0,3,-5,6,1,0,3,3,1,3,4,-1,3,2,0,-7,-34,1,-12,11,4,0,0,-1,-1,1,-1,3,-1
KR_6735210462,420,0,32,-24,1,-2,4,2,2,0,2,2,3,5,-1,2,1,0,0,0,0,9,-23,0,-7,7,10,0,-1,1,-1,-1,-1,2,-1
KR_6729891097,420,1,6,2,-3,-7,8,1,5,3,8,1,1,2,-2,5,3,0,0,0,0,10,-230,1,-11,10,2,0,0,1,-1,-1,-1,5,-1
KR_6744872304,420,-6,-56,-6,-21,-4,5,1,1,1,2,-8,8,0,-10,10,0,0,0,0,-3,-30,6,-1,-8,9,-8,0,-1,-1,1,-1,-1,4,-1
KR_6747455564,420,2,13,-14,-2,2,0,2,-3,3,0,2,0,2,-3,3,0,0,0,0,0,-5,-40,-4,-7,11,1,0,1,0,-1,1,1,0,-1
KR_6751018065,420,-2,18,-26,-5,1,1,2,-6,6,0,0,3,3,0,3,3,0,0,0,0,-9,29,-2,-8,10,3,0,0,-1,-1,-1,-1,6,-1
KR_6748015543,420,-12,-182,-19,-13,-2,2,0,-2,5,3,-5,5,0,-4,7,3,0,0,0,1,-17,20,-4,-7,11,-11,0,-2,-1,-1,-1,1,1,-1
KR_6751120655,420,0,-56,-28,10,6,1,7,1,0,1,0,1,1,1,2,3,2,0,2,1,21,46,6,-9,3,-1,0,0,-1,1,0,1,4,-1
KR_6750964135,420,0,-34,24,1,1,0,1,-2,3,1,2,0,2,2,0,2,-2,2,0,0,4,52,4,-9,5,-6,0,0,-1,-1,0,-1,4,-1
KR_6729809969,420,-2,47,-28,-7,-4,5,1,-1,4,3,-5,5,0,1,3,4,2,0,2,0,-8,-30,2,-7,5,-1,0,-1,-1,-1,-1,-1,5,-1
KR_6747401302,420,0,4,-24,-1,1,1,2,-1,2,1,-1,2,1,-1,4,3,1,0,1,0,-5,-7,-1,-6,7,1,0,0,1,0,0,1,3,-1
KR_6750197150,420,1,-34,21,2,1,1,2,2,1,3,1,1,2,0,2,2,-2,2,0,0,-1,-6,-2,-6,8,6,0,-1,-1,-1,-1,-1,1,-1
KR_6745456107,420,-3,-61,4,-3,-3,3,0,1,3,4,2,1,3,-1,4,3,-2,2,0,0,-5,-18,3,-10,7,2,0,-1,-1,1,-1,-1,3,-1
KR_6746143743,420,-4,-40,-3,-11,-4,4,0,-6,7,1,-3,3,0,3,1,4,-1,1,0,0,-2,-8,-3,-8,11,3,0,-1,-1,1,-1,-1,6,-1
KR_6749408616,440,0,44,12,-1,3,0,3,0,1,1,2,1,3,1,1,2,-7,9,2,-1,-3,-169,3,-7,4,-3,0,1,-1,1,-1,-1,3,-1
KR_6739301573,420,-3,12,-55,-11,-2,2,0,-5,10,5,-1,4,3,-3,4,1,0,0,0,-1,-18,-48,-4,-4,8,-3,0,-1,1,-1,-1,-1,2,-1
KR_6749838509,420,2,-33,-4,4,-5,5,0,0,3,3,-2,3,1,10,5,15,1,1,2,0,11,3,-6,-10,16,-1,0,1,1,-1,1,-1,3,-1
KR_6748415805,420,1,27,8,0,5,0,5,-1,5,4,-1,3,2,-3,4,1,0,0,0,2,-5,-12,3,-12,9,9,0,1,-1,1,1,1,5,-1
KR_6742084806,420,-5,5,-2,-11,-3,4,1,-2,3,1,-7,10,3,2,0,2,-1,1,0,0,-9,-19,0,-10,10,-5,0,-3,1,-1,-1,1,2,-1
KR_6748877439,420,-5,1,-7,-19,-1,3,2,-7,8,1,-1,3,2,-3,6,3,-7,10,3,0,-28,-5,-6,-4,10,-3,0,-1,-1,-1,-1,-1,5,-1
KR_6744081396,420,-1,-40,-27,-1,2,2,4,2,1,3,-3,6,3,-3,4,1,1,0,1,0,2,13,1,-7,6,-9,0,-1,-1,-1,-1,1,1,-1
KR_6747832845,420,-6,-40,-57,-14,3,0,3,0,2,2,-10,11,1,-5,6,1,-2,2,0,0,-21,-13,-5,-2,7,2,0,-2,-1,-1,-1,-1,3,-1
KR_6747903851,420,0,12,8,-1,1,1,2,-1,3,2,2,2,4,-2,3,1,-1,1,0,1,-2,26,0,-10,10,1,0,0,-1,-1,0,1,1,-1
KR_6742383597,420,-4,-91,-16,-15,-2,3,1,1,1,2,-5,5,0,-6,6,0,-3,3,0,1,-22,19,-4,-7,11,-4,0,-3,-1,-1,-1,1,4,-1
KR_6749457740,420,-4,-51,12,-8,-4,4,0,0,5,5,-4,5,1,1,6,7,-1,2,1,0,-10,5,1,-8,7,-3,0,-2,-1,1,-1,1,1,-1
KR_6747259201,420,3,82,20,0,-2,4,2,0,5,5,-1,2,1,0,2,2,3,0,3,0,-3,-43,-1,-5,6,2,0,2,1,1,1,1,6,-1
KR_6732942519,420,-6,-37,-33,-12,-3,3,0,-8,9,1,-2,2,0,0,4,4,1,1,2,0,-17,-2,1,-7,6,-4,0,-2,-1,-1,1,1,4,-1
KR_6746755550,420,0,14,37,-5,2,1,3,0,3,3,-1,3,2,-2,3,1,-4,5,1,0,-14,-2,-4,-6,10,3,0,-2,-1,1,-1,-1,5,-1
KR_6748216408,420,1,42,-7,0,-1,2,1,0,3,3,-1,5,4,3,1,4,-1,3,2,0,10,-1,-1,-9,10,3,0,0,1,1,0,-1,5,-1
KR_6725337664,420,-2,7,-8,-3,0,2,2,0,1,1,-5,7,2,2,2,4,0,1,1,0,-4,-21,-3,-3,6,-3,0,0,1,-1,0,-1,5,-1
KR_6750386938,420,-3,-96,11,1,-2,3,1,7,2,9,-5,6,1,-1,3,2,2,1,3,0,14,0,0,-5,5,-1,0,-1,1,-1,-1,-1,2,-1
KR_6749587458,420,-2,-27,13,-12,1,0,1,-2,2,0,0,2,2,-11,11,0,0,0,0,-1,-16,10,2,-10,8,-7,0,0,-1,-1,0,-1,4,-1
KR_6748691520,420,-7,-77,-21,-15,-1,2,1,-9,9,0,-8,8,0,2,3,5,1,0,1,0,-10,-16,-6,-5,11,0,0,0,-1,1,1,-1,4,-1
KR_6751455068,420,1,3,53,-4,2,0,2,-2,5,3,-1,3,2,-3,5,2,0,0,0,1,-3,33,-5,-4,9,-9,0,-2,1,-1,-1,1,6,-1
KR_6726668157,420,-4,14,5,-14,-2,3,1,4,1,5,-7,7,0,-5,10,5,-4,4,0,-1,-13,3,2,-8,6,-3,0,-1,-1,-1,1,-1,3,-1
KR_6748074535,420,0,40,-23,-1,4,2,6,2,2,4,0,3,3,-5,5,0,-2,2,0,0,-6,-4,-2,-7,9,-1,0,0,-1,-1,1,1,3,-1
KR_6746600292,420,-8,-28,-48,-21,-3,4,1,-6,6,0,0,1,1,-12,13,1,0,0,0,0,-27,-10,-2,-5,7,1,0,-2,-1,-1,-1,-1,5,-1
KR_6735650698,420,-9,-103,8,-21,-7,7,0,-10,13,3,-7,8,1,3,1,4,0,2,2,-2,-27,-15,-4,-5,9,2,0,-4,-1,-1,-1,-1,3,-1
KR_6736161812,420,-7,-133,-30,-14,0,0,0,-4,5,1,-6,8,2,-4,6,2,0,1,1,0,-15,13,0,-5,5,-2,0,-6,-1,-1,-1,1,5,-1
KR_6725278689,420,-2,-45,-25,-7,0,1,1,-4,4,0,-2,5,3,-1,4,3,0,1,1,0,-8,-1,2,-8,6,-1,0,0,1,-1,0,1,6,-1
KR_6747730078,420,-2,-73,11,-1,0,1,1,1,1,2,1,2,3,-2,3,1,-1,2,1,0,-5,31,-2,-9,11,-7,0,-1,-1,1,-1,-1,1,-1
KR_6747352257,420,0,-29,-8,-2,1,1,2,-2,2,0,0,3,3,-1,1,0,0,0,0,0,-5,-12,-1,-6,7,6,0,-1,1,-1,-1,-1,6,-1
KR_6751761978,420,-2,-66,-1,-1,1,1,2,2,0,2,-1,2,1,-4,4,0,1,0,1,2,3,-35,-3,-4,7,4,0,-1,-1,1,-1,1,3,-1
KR_6746736098,420,-1,-8,15,-8,-4,5,1,6,2,8,-4,4,0,-6,11,5,0,1,1,0,-10,-18,-6,-3,9,5,0,-1,-1,-1,-1,1,3,-1
KR_6738113474,420,-7,-70,-12,-13,-3,4,1,-1,4,3,-5,6,1,-4,8,4,0,1,1,0,-10,-34,-4,-7,11,7,0,-2,1,1,-1,1,6,-1
KR_6728862627,420,-5,-66,-36,-11,-3,3,0,-4,6,2,-1,4,3,-4,5,1,1,0,1,0,-15,-6,-5,-5,10,1,0,-3,-1,-1,-1,-1,3,-1
KR_6749567319,420,-4,-65,-3,-14,-1,2,1,-2,4,2,-3,3,0,-5,8,3,-3,3,0,0,-14,3,-4,-6,10,-2,0,-1,-1,-1,-1,1,2,-1
KR_6716272089,420,-1,22,6,-10,1,0,1,-4,7,3,-2,3,1,-6,7,1,1,3,4,-2,-13,15,5,-15,10,-3,0,0,-1,1,1,1,2,-1
KR_6722033598,440,0,-4,-16,2,1,1,2,0,2,2,-4,5,1,0,1,1,5,0,5,0,-1,7,3,-8,5,-8,0,-1,-1,1,-1,1,5,-1
KR_6726708312,420,-8,-60,-63,-11,1,1,2,-7,7,0,-2,3,1,-2,3,1,-1,4,3,0,-19,-7,-1,-9,10,-8,0,0,-1,1,1,-1,6,-1
KR_6747388150,420,-1,1,19,-1,-1,2,1,4,0,4,1,0,1,-8,8,0,3,0,3,-1,-9,2,-1,-9,10,5,0,1,1,-1,1,-1,6,-1
KR_6750368835,420,-1,-18,-27,3,1,1,2,-1,2,1,0,3,3,0,3,3,3,1,4,0,-1,-12,2,-10,8,6,0,0,-1,1,1,1,1,-1
KR_6727429495,420,-2,17,-22,-10,-3,3,0,-6,7,1,1,1,2,-2,4,2,0,1,1,0,-13,-40,-4,-6,10,-3,0,-1,0,-1,-1,1,0,-1
KR_6748489321,420,-3,-14,1,-5,-4,6,2,0,3,3,-2,3,1,0,3,3,1,1,2,0,-3,-1,2,-8,6,1,0,-1,-1,1,-1,-1,6,-1
KR_6742256398,420,2,27,7,7,-3,4,1,3,1,4,5,0,5,3,1,4,-1,1,0,0,6,25,1,-7,6,0,0,0,-1,1,1,1,3,-1
KR_6737514660,420,-4,-13,-7,-2,1,2,3,-3,5,2,-2,3,1,2,3,5,0,0,0,-1,-2,-61,1,-7,6,22,0,-1,1,-1,-1,-1,6,-1
KR_6751258365,420,-3,-56,4,-9,1,2,3,-3,4,1,-1,3,2,-2,6,4,-4,4,0,0,-12,-6,3,-9,6,3,0,-3,1,-1,-1,-1,2,-1
KR_6751313208,420,-1,28,-2,1,7,0,7,3,2,5,-3,6,3,-4,4,0,-2,2,0,0,-14,-9,1,-11,10,0,0,1,1,1,1,1,4,-1
KR_6748655003,420,-2,14,-3,-5,2,0,2,-7,9,2,-1,2,1,2,7,9,-1,1,0,0,-14,27,-3,-5,8,-8,0,1,-1,1,1,-1,5,-1
KR_6742596191,420,-4,-71,-8,-10,1,0,1,-13,14,1,1,0,1,-1,2,1,2,0,2,0,-17,-34,-2,-4,6,-7,0,-1,-1,-1,-1,1,6,-1
KR_6743961738,420,-6,-54,-23,-8,-2,2,0,-6,8,2,-1,1,0,2,2,4,-1,1,0,0,-10,-1,1,-5,4,0,0,0,-1,-1,-1,-1,6,-1
KR_6735734392,420,0,27,9,0,1,0,1,1,1,2,-3,4,1,-1,1,0,2,1,3,0,-1,4,-3,-8,11,6,0,1,1,-1,1,-1,3,-1
KR_6750697781,420,-2,-28,0,-9,0,3,3,-2,4,2,-5,5,0,-3,5,2,1,0,1,0,-15,31,1,-8,7,-5,0,-2,0,-1,-1,-1,0,-1
KR_6746071674,420,2,63,-20,6,4,2,6,-1,3,2,2,2,4,0,3,3,1,0,1,0,-2,7,1,-11,10,5,0,2,-1,1,1,1,5,-1
KR_6750281209,420,-3,-76,4,-9,-3,3,0,1,2,3,1,1,2,-8,8,0,0,1,1,0,-9,-2,4,-13,9,3,0,-3,-1,1,-1,-1,4,-1
KR_6744335610,420,-1,56,-26,5,-1,5,4,-2,6,4,2,0,2,4,3,7,2,0,2,0,11,10,8,-10,2,-5,0,2,-1,1,1,1,1,-1
KR_6748324195,420,1,41,1,5,2,0,2,-3,5,2,6,1,7,2,0,2,-2,2,0,0,-5,-29,4,-8,4,-7,0,3,-1,1,1,1,6,-1
KR_6748574725,420,-4,-8,-19,-5,-2,2,0,1,0,1,-4,7,3,2,4,6,-2,4,2,-2,-4,-37,3,-6,3,0,0,0,-1,-1,1,-1,6,-1
KR_6745880001,420,0,5,-13,-2,2,1,3,-5,5,0,0,2,2,0,3,3,1,0,1,-1,-9,-10,2,-8,6,1,0,2,-1,1,1,-1,6,-1
KR_6751571879,420,-5,-17,-6,-12,2,1,3,-1,4,3,1,1,2,-10,13,3,-4,5,1,0,-15,-1,-2,-6,8,-1,0,0,-1,1,1,1,3,-1
KR_6741734284,420,-9,-135,-37,-21,-2,3,1,-8,8,0,-2,2,0,-6,7,1,-3,4,1,0,-19,-3,1,-7,6,-2,0,-3,-1,-1,-1,-1,2,-1
KR_6751604956,420,-8,-59,-56,-18,-3,3,0,-6,6,0,-3,6,3,-7,10,3,1,1,2,0,-10,-6,0,-6,6,-6,0,-2,-1,1,-1,-1,5,-1
KR_6725094605,420,-3,-28,-35,-7,-1,3,2,-1,6,5,1,1,2,-6,6,0,0,0,0,0,-20,-4,2,-10,8,-5,0,0,-1,1,1,1,2,-1
KR_6746475915,420,2,25,-10,1,-3,3,0,1,2,3,-3,3,0,5,1,6,1,2,3,1,7,-38,-5,-2,7,7,0,1,-1,-1,1,1,1,-1
KR_6745754732,420,-3,1,-20,-8,-4,5,1,1,2,3,-6,6,0,-1,5,4,2,1,3,0,-5,34,-3,-3,6,-1,0,-1,0,-1,-1,-1,0,-1
KR_6746140011,420,-5,-59,-43,-15,1,1,2,-1,4,3,-7,9,2,-4,7,3,-4,5,1,0,-20,3,6,-14,8,-5,0,-1,0,-1,-1,-1,0,-1
KR_6734522899,420,0,4,-16,7,1,1,2,3,1,4,1,1,2,2,3,5,0,0,0,0,4,16,3,-8,5,-4,0,0,-1,-1,-1,1,2,-1
KR_6747736869,420,0,25,-11,0,0,2,2,3,0,3,-2,3,1,0,1,1,-1,1,0,0,1,-9,0,-5,5,-2,0,1,-1,1,1,-1,5,-1
KR_6749643153,420,2,45,7,4,2,1,3,3,1,4,3,1,4,-4,4,0,0,0,0,0,3,10,-4,-4,8,2,0,1,1,1,1,1,4,-1
KR_6745031210,420,-2,-86,50,-12,-6,6,0,2,2,4,-1,4,3,-3,4,1,-4,4,0,-1,-8,-56,-2,-8,10,0,0,-1,-1,-1,-1,-1,5,-1
KR_6751437784,420,-2,-58,-1,0,-1,3,2,1,0,1,1,0,1,-1,2,1,0,0,0,0,3,-39,-3,-9,12,0,0,-1,-1,-1,-1,1,3,-1
KR_6748568696,420,-3,-18,8,-8,-1,1,0,-4,5,1,-1,4,3,-1,2,1,-1,1,0,0,-8,21,-2,-5,7,-11,0,1,1,-1,1,-1,6,-1
KR_6745618319,420,-1,-73,4,-7,-1,2,1,-1,5,4,1,2,3,-3,3,0,-3,3,0,0,-8,6,5,-9,4,-1,0,0,1,-1,-1,-1,4,-1
KR_6751261280,420,3,77,-25,7,-2,3,1,-1,3,2,2,1,3,6,0,6,2,0,2,0,9,37,4,-9,5,0,0,1,1,-1,1,-1,2,-1
KR_6751947430,420,0,-16,6,-1,-1,3,2,2,1,3,0,2,2,-3,6,3,1,0,1,0,-6,-5,2,-8,6,-1,0,1,1,1,1,1,3,-1
KR_6746174406,420,-1,-48,-21,-6,0,2,2,0,3,3,-2,3,1,-2,3,1,-2,3,1,0,-2,-25,-1,-7,8,-8,0,1,1,-1,-1,-1,5,-1
KR_6746587273,420,0,-23,-11,-5,-2,2,0,-1,1,0,0,2,2,-2,2,0,0,1,1,0,-8,-44,-2,-7,9,-3,0,-1,-1,-1,-1,-1,6,-1
KR_6748785899,420,-5,-12,-19,-15,-3,4,1,-8,10,2,-1,2,1,-3,5,2,0,0,0,-1,-33,-7,4,-12,8,-3,0,-1,1,-1,-1,-1,2,-1
KR_6734799425,440,0,12,25,-6,3,2,5,-3,4,1,-7,8,1,2,0,2,-1,1,0,0,-12,3,4,-9,5,-2,0,0,1,1,1,1,1,-1
KR_6746707125,420,-3,-10,-13,-6,-3,3,0,-1,2,1,0,1,1,-2,5,3,0,1,1,0,-7,-30,-4,-5,9,-2,0,0,1,-1,-1,1,6,-1
KR_6736653147,420,-5,-51,-3,-6,2,2,4,-2,4,2,-1,3,2,-6,8,2,1,1,2,0,-9,17,1,-9,8,-2,0,0,-1,1,1,-1,5,-1
KR_6743398015,420,-5,8,-31,-11,-3,3,0,-5,6,1,-5,5,0,3,2,5,-1,1,0,0,-21,8,0,-6,6,1,0,0,-1,-1,-1,-1,3,-1
KR_6716393022,420,-2,-71,11,-13,0,0,0,1,1,2,-6,6,0,-6,8,2,-2,3,1,-1,-28,36,-7,-2,9,-1,0,-4,-1,-1,-1,-1,6,-1
KR_6745725998,420,-1,3,-12,-4,1,2,3,-6,6,0,1,1,2,0,2,2,0,0,0,0,-9,-6,0,-8,8,-1,0,1,-1,1,1,-1,3,-1
KR_6746712955,420,1,-67,1,-2,0,1,1,0,2,2,0,1,1,-3,4,1,1,1,2,0,-7,-4,2,-12,10,-1,0,-1,1,-1,-1,-1,4,-1
KR_6751454345,420,2,28,-12,-5,-2,3,1,-2,5,3,0,2,2,-2,5,3,1,0,1,0,-3,25,-1,-9,10,1,0,0,0,-1,0,-1,0,-1
KR_6751876153,420,-1,-1,8,-1,-1,2,1,-3,3,0,1,1,2,1,2,3,1,0,1,1,-5,47,2,-6,4,-1,0,-1,1,-1,-1,1,5,-1
KR_6746665837,420,-1,-39,12,-7,0,0,0,-4,5,1,-4,4,0,2,2,4,-1,1,0,0,-6,7,2,-9,7,-6,0,-1,-1,1,-1,1,6,-1
KR_6736896832,420,-2,40,-12,-4,-1,1,0,0,4,4,-2,2,0,0,3,3,-1,2,1,0,-2,-17,1,-11,10,0,0,0,-1,-1,0,1,6,-1
KR_6745693509,420,-6,-3,-29,-8,-3,3,0,-5,6,1,-2,2,0,2,0,2,0,1,1,0,-8,3,-2,-7,9,1,0,-1,-1,-1,-1,1,2,-1
KR_6744060909,420,-2,-46,-15,-8,-5,6,1,-2,2,0,1,1,2,-2,4,2,0,1,1,-1,-5,-8,-8,-3,11,-1,0,-2,1,-1,-1,-1,1,-1
KR_6744482798,420,-3,27,-23,-2,0,1,1,-2,3,1,-1,2,1,-2,8,6,3,0,3,0,-6,16,0,-6,6,-5,0,0,-1,1,0,-1,4,-1
KR_6747373276,420,-1,4,6,-2,-1,4,3,-3,4,1,3,0,3,1,1,2,-2,2,0,0,3,-14,0,-7,7,10,0,1,1,-1,1,-1,5,-1
KR_6748891150,420,-3,11,-15,-18,-9,9,0,-1,4,3,0,2,2,-7,9,2,-1,1,0,0,-18,8,-1,-8,9,0,0,-2,-1,-1,-1,-1,4,-1
KR_6748047827,420,-2,7,-9,-4,0,1,1,-4,5,1,-1,3,2,1,0,1,0,1,1,0,1,-9,-6,-5,11,8,0,0,-1,1,1,-1,5,-1
KR_6744188673,420,-1,-77,12,-7,-2,3,1,-3,4,1,3,1,4,-4,5,1,-1,2,1,-1,-6,-5,-8,-3,11,0,0,-2,-1,-1,-1,-1,6,-1
KR_6745875719,420,0,-3,-7,3,0,1,1,-3,7,4,3,0,3,3,3,6,0,0,0,0,4,-5,-4,-7,11,-4,0,0,-1,-1,-1,1,2,-1
KR_6744315789,420,-1,30,0,-2,1,2,3,-2,6,4,-4,5,1,3,2,5,0,1,1,0,-17,-38,-3,-4,7,-4,0,0,-1,-1,-1,-1,6,-1
KR_6736483526,420,-1,-25,2,-1,1,0,1,-3,4,1,0,0,0,0,1,1,1,0,1,0,-1,9,3,-11,8,-4,0,0,-1,-1,0,-1,6,-1
KR_6742307894,420,-8,-87,-35,-18,-2,4,2,-3,3,0,-4,5,1,-8,8,0,-1,1,0,0,-21,39,3,-6,3,-19,0,-1,-1,-1,-1,-1,6,-1
KR_6750141294,420,-2,-25,3,-11,3,0,3,-3,6,3,-4,5,1,-6,7,1,-1,2,1,0,-22,17,-3,-4,7,-1,0,0,1,-1,-1,1,3,-1
KR_6747608766,420,-2,19,-34,-1,3,1,4,-2,5,3,-2,4,2,1,2,3,-1,1,0,1,-2,5,3,-9,6,0,0,-1,-1,-1,-1,1,1,-1
KR_6747892527,420,-3,2,-16,-3,0,1,1,-1,2,1,-2,2,0,-1,4,3,1,0,1,0,-8,-12,1,-11,10,3,0,0,-1,1,-1,-1,3,-1
KR_6750613087,420,-6,-56,-22,-11,-1,2,1,0,2,2,-7,8,1,-3,4,1,0,3,3,-2,-31,4,4,-10,6,-3,0,-2,1,1,-1,-1,2,-1
KR_6741935280,420,1,24,8,-4,0,1,1,0,4,4,-2,2,0,1,1,2,-3,4,1,0,-6,4,5,-9,4,-5,0,0,1,-1,0,1,6,-1
KR_6747930481,420,0,31,-22,-2,0,1,1,1,1,2,-1,1,0,-2,5,3,0,0,0,0,-5,38,2,-10,8,-2,0,0,-1,1,0,1,4,-1
KR_6738042432,420,1,16,13,1,-1,3,2,2,2,4,-1,1,0,1,1,2,0,0,0,0,-1,-6,-2,-9,11,-3,0,0,1,-1,0,1,6,-1
KR_6747665348,420,-3,-33,9,-15,-5,5,0,-4,7,3,1,1,2,-7,7,0,0,0,0,0,-20,30,-5,-5,10,-1,0,0,-1,1,-1,1,3,-1
KR_6745358074,420,-1,7,6,0,0,2,2,1,2,3,-2,3,1,3,1,4,-2,2,0,0,-7,-33,-3,-8,11,-6,0,-1,1,-1,-1,1,2,-1
KR_6749342596,420,-3,-101,5,-9,0,2,2,-4,5,1,-3,6,3,-1,1,0,-1,1,0,-1,-11,1,-2,-6,8,0,0,-3,-1,-1,-1,-1,4,-1
KR_6743860099,420,3,84,-7,3,-1,5,4,3,2,5,-4,4,0,5,1,6,0,0,0,0,4,1,1,-7,6,0,0,1,1,-1,1,-1,4,-1
KR_6747454892,420,-6,-125,-22,-16,-6,6,0,0,4,4,-2,4,2,-5,7,2,-3,3,0,0,-10,-10,-9,-2,11,1,0,-1,-1,-1,-1,-1,1,-1
KR_6718456687,420,0,58,-28,-3,0,3,3,1,2,3,4,1,5,-1,2,1,-7,8,1,0,-5,-7,4,-15,11,-2,0,0,-1,-1,-1,-1,3,-1
KR_6742805496,420,0,11,15,0,2,1,3,0,2,2,-1,3,2,-1,7,6,0,1,1,1,3,-11,0,-8,8,1,0,1,-1,1,1,1,4,-1
KR_6750439376,420,-4,0,-11,-9,0,1,1,-8,10,2,-3,4,1,1,2,3,1,0,1,0,-26,-6,-3,-7,10,-6,0,-1,-1,1,-1,1,3,-1
KR_6751667822,420,-2,-78,-20,-7,-3,3,0,-3,3,0,1,1,2,-3,5,2,1,1,2,0,-12,41,-2,-4,6,-13,0,-3,-1,-1,-1,-1,2,-1
KR_6747148730,420,-3,-29,-17,-3,0,1,1,1,2,3,-4,4,0,0,1,1,0,2,2,0,-6,39,-2,-8,10,1,0,-1,-1,1,1,1,2,-1
KR_6739196476,420,-2,-47,-2,-7,0,2,2,1,3,4,-2,2,0,-7,8,1,1,0,1,0,-11,-2,-3,-7,10,-2,0,-1,-1,1,-1,1,2,-1
KR_6751685237,420,-3,7,11,-6,-3,7,4,-3,4,1,-4,5,1,3,1,4,1,1,2,0,-4,15,1,-8,7,-2,0,1,1,-1,-1,-1,2,-1
KR_6748483924,420,0,45,19,-4,0,1,1,-3,6,3,-1,7,6,4,3,7,-4,4,0,-1,-17,-13,1,-10,9,2,0,0,1,-1,0,-1,5,-1
KR_6713019441,420,-2,-27,-23,-5,-5,5,0,2,4,6,-1,2,1,-2,4,2,1,0,1,0,3,7,-2,-7,9,-6,0,-1,1,-1,-1,1,1,-1
KR_6747140657,420,-2,-13,33,-1,-1,2,1,0,2,2,0,0,0,1,3,4,-1,1,0,0,-2,-7,1,-10,9,3,0,0,-1,1,-1,1,5,-1
KR_6749192424,420,-1,-35,56,-13,3,0,3,-8,9,1,-7,7,0,-3,4,1,2,0,2,0,-17,-12,-1,-10,11,-1,0,-2,-1,-1,-1,1,4,-1
KR_6724167647,420,-1,-3,-9,-2,-8,8,0,1,2,3,0,5,5,-1,3,2,6,2,8,2,-2,-226,3,-12,9,-2,0,0,1,-1,-1,-1,2,-1
KR_6746562529,420,-3,-33,-21,-5,-4,5,1,-1,5,4,0,3,3,1,2,3,-1,2,1,0,-3,-10,4,-11,7,-8,0,1,1,-1,1,-1,6,-1
KR_6746546000,420,-3,-8,19,-13,-1,2,1,-3,6,3,0,0,0,-8,12,4,-1,1,0,-3,-15,5,-3,-9,12,1,0,-1,-1,-1,-1,-1,1,-1
KR_6746060604,420,-2,2,8,-12,-3,4,1,-1,5,4,-5,5,0,-2,3,1,-1,2,1,0,-24,1,0,-12,12,0,0,-1,1,1,-1,-1,5,-1
KR_6747114965,420,1,-29,0,-4,-1,3,2,-3,5,2,-4,5,1,2,2,4,2,0,2,0,-5,10,-1,-8,9,-1,0,-1,1,-1,-1,-1,5,-1
KR_6745940043,420,-7,-58,-2,-17,-3,3,0,-2,4,2,-7,7,0,-3,5,2,-2,3,1,0,-22,6,1,-8,7,-8,0,0,-1,1,-1,-1,2,-1
KR_6740797417,420,-4,-51,0,0,3,0,3,-3,3,0,3,3,6,-2,3,1,-1,1,0,0,0,21,2,-11,9,-14,0,-1,1,1,-1,-1,6,-1
KR_6746581845,420,0,-37,-27,-1,0,3,3,-1,5,4,2,1,3,-2,3,1,0,0,0,0,-3,4,-3,-6,9,-2,0,-1,-1,-1,-1,1,4,-1
KR_6748875949,420,-2,-42,17,-6,-3,3,0,2,1,3,-1,3,2,-5,6,1,1,1,2,0,-10,1,-6,-5,11,-5,0,-1,1,1,-1,-1,3,-1
KR_6748852912,420,-4,-29,-20,-11,-7,8,1,-2,3,1,-1,3,2,1,1,2,-2,2,0,0,-22,21,4,-12,8,1,0,-2,-1,-1,-1,1,2,-1
KR_6751011370,420,-5,-14,10,-9,-6,6,0,1,4,5,-3,6,3,2,0,2,-3,6,3,0,-1,-12,5,-11,6,1,0,-2,0,1,-1,1,0,-1
KR_6742381321,420,-1,-9,6,-4,4,0,4,-10,12,2,0,2,2,2,1,3,0,2,2,0,-9,14,-1,-10,11,-5,0,0,-1,-1,-1,-1,1,-1
KR_6746722868,420,-7,-117,-12,-17,-4,6,2,-4,6,2,-2,2,0,-6,7,1,-1,2,1,0,-14,-3,-3,-6,9,2,0,-1,-1,-1,-1,-1,6,-1
KR_6731730882,420,-3,-37,-12,-6,2,0,2,-3,4,1,-4,5,1,-1,2,1,0,0,0,0,-8,-45,-5,-3,8,-5,0,-1,-1,-1,-1,-1,6,-1
KR_6716697614,420,-2,-26,13,-3,-4,4,0,-1,3,2,3,0,3,-1,2,1,0,1,1,0,-7,-1,3,-15,12,0,0,-1,1,-1,-1,-1,3,-1
KR_6745252643,420,3,22,3,16,3,2,5,8,2,10,-1,2,1,6,2,8,0,1,1,2,20,1,-3,-5,8,6,0,2,1,1,1,1,2,-1
KR_6749049214,420,-4,-49,-13,-3,0,0,0,4,4,8,-1,1,0,-5,6,1,-1,2,1,-1,-7,4,2,-12,10,-6,0,0,1,1,-1,-1,6,-1
KR_6743735999,420,-3,15,-21,-12,3,0,3,-6,7,1,-5,5,0,-2,3,1,-2,2,0,-1,-21,38,-3,-4,7,-4,0,-2,-1,-1,-1,-1,4,-1
KR_6748424403,420,0,-13,28,5,-2,2,0,2,3,5,0,3,3,6,1,7,-1,3,2,0,11,43,2,-9,7,-9,0,0,-1,1,1,-1,3,-1
KR_6725091622,420,-6,-78,-19,-17,-6,7,1,-7,7,0,-4,4,0,1,3,4,-1,1,0,-3,-18,-40,2,-5,3,5,0,-2,-1,-1,-1,-1,6,-1
KR_6747125341,420,-2,0,-19,-7,-1,2,1,2,2,4,-2,4,2,-6,6,0,0,0,0,0,-9,-7,-5,-4,9,1,0,-1,-1,1,-1,-1,2,-1
KR_6751406255,420,-5,12,-7,-19,-3,3,0,-11,11,0,0,3,3,-4,5,1,-1,2,1,0,-30,-23,-1,-4,5,-2,0,-4,-1,-1,-1,-1,2,-1
KR_6744690861,420,3,-24,20,0,-1,2,1,0,3,3,1,2,3,-2,6,4,2,0,2,0,-2,7,0,-8,8,-5,0,2,1,1,1,-1,3,-1
KR_6740764925,420,-3,3,3,-6,0,2,2,-2,6,4,0,1,1,-3,4,1,-1,2,1,-1,-7,0,-1,-8,9,-4,0,0,-1,1,0,-1,1,-1
KR_6735299977,420,-1,-58,7,-2,-1,2,1,-2,3,1,0,0,0,1,2,3,0,0,0,0,-3,4,2,-10,8,-6,0,1,1,1,1,1,5,-1
KR_6747867191,420,-2,17,-11,1,-2,4,2,-1,4,3,-1,1,0,3,1,4,2,0,2,-1,-2,-3,-2,-7,9,-2,0,-1,1,1,1,-1,6,-1
KR_6744615372,420,-3,-42,-25,-10,1,1,2,-3,4,1,0,0,0,-6,9,3,-2,2,0,0,-15,6,2,-9,7,-4,0,0,-1,1,1,-1,4,-1
KR_6727507273,420,0,-10,-4,0,2,0,2,-2,4,2,-1,3,2,0,2,2,1,0,1,0,-7,12,0,-6,6,-8,0,1,1,1,1,1,4,-1
KR_6748595812,420,-3,-85,18,-4,-1,3,2,-3,5,2,-1,2,1,3,1,4,-2,3,1,0,-7,-6,5,-8,3,6,0,0,-1,1,-1,1,1,-1
KR_6735933176,420,-2,-107,2,3,1,0,1,0,1,1,3,0,3,-1,2,1,0,0,0,0,7,47,0,-9,9,-5,0,0,1,-1,0,1,6,-1
KR_6748334392,420,-1,-20,-6,-5,1,0,1,-4,4,0,0,3,3,-3,6,3,1,1,2,0,-8,0,-1,-7,8,-10,0,-2,1,-1,-1,-1,1,-1
KR_6720315477,420,-9,-77,-93,-19,2,0,2,-7,7,0,-7,7,0,-4,4,0,-3,3,0,-1,-17,40,1,-5,4,-28,0,-2,-1,-1,-1,-1,4,-1
KR_6749694645,420,-1,-3,15,-3,-2,3,1,0,2,2,-3,4,1,2,1,3,0,0,0,0,-1,12,1,-9,8,-1,0,0,1,-1,1,1,6,-1
KR_6740973298,420,-1,52,-12,-4,1,0,1,-2,8,6,-4,5,1,0,3,3,1,0,1,0,-13,-22,5,-11,6,-3,0,1,-1,1,1,-1,5,-1
KR_6747980472,420,-3,-19,1,-4,-4,4,0,-2,3,1,1,0,1,2,2,4,-1,1,0,0,-3,25,-2,-7,9,-1,0,-2,1,-1,-1,-1,2,-1
KR_6739977062,420,-3,22,-17,-8,1,0,1,-5,6,1,-3,3,0,1,0,1,-2,2,0,-1,-16,8,-3,-6,9,-10,0,0,-1,1,1,-1,5,-1
KR_6734742133,420,-6,-26,-31,-7,1,0,1,-3,4,1,-1,2,1,-2,6,4,-2,2,0,0,-10,-18,4,-15,11,0,0,0,-1,1,0,-1,2,-1
KR_6738765168,420,-3,-39,4,-3,-4,4,0,0,5,5,1,2,3,0,0,0,0,2,2,0,-4,-19,2,-12,10,2,0,-1,-1,1,-1,-1,5,-1
KR_6746206340,420,-6,-57,-22,-12,-2,5,3,-2,4,2,0,0,0,-4,4,0,-4,4,0,0,-18,-4,0,-7,7,-5,0,-2,-1,1,-1,1,2,-1
KR_6749635833,420,-2,-55,4,-6,-3,4,1,-4,7,3,0,1,1,0,3,3,1,0,1,0,-2,34,2,-8,6,-26,0,-1,1,1,-1,-1,5,-1
KR_6743971365,420,0,-22,28,3,1,1,2,4,2,6,1,0,1,-4,5,1,1,0,1,0,1,1,-4,-6,10,-2,0,0,1,1,0,-1,3,-1
KR_6750853157,420,-3,-46,-8,-5,2,1,3,-4,5,1,-3,3,0,-1,2,1,1,0,1,0,-11,6,2,-12,10,-13,0,-1,-1,-1,-1,-1,4,-1
KR_6748559909,420,0,40,-3,-3,1,1,2,-1,3,2,-1,1,0,-2,4,2,0,1,1,0,-3,-8,-3,-7,10,0,0,-1,-1,1,-1,-1,2,-1
KR_6748360684,420,0,7,5,3,1,0,1,-1,2,1,1,0,1,1,2,3,1,1,2,0,5,-3,2,-8,6,8,0,0,-1,-1,0,-1,6,-1
KR_6735332615,420,0,24,15,-5,-2,3,1,-2,3,1,-2,3,1,2,1,3,-1,2,1,0,-4,4,1,-8,7,-3,0,-1,-1,-1,-1,1,3,-1
KR_6749661346,420,-3,-39,13,1,5,0,5,0,1,1,-1,3,2,-3,4,1,0,1,1,0,-2,4,1,-11,10,-1,0,0,-1,1,-1,1,1,-1
KR_6750232906,420,0,1,12,1,0,1,1,4,0,4,-1,6,5,-5,8,3,3,0,3,-1,3,-42,-5,-5,10,-1,0,0,0,-1,0,-1,0,-1
KR_6712742150,420,0,-15,-2,-4,0,1,1,3,2,5,-3,5,2,-1,2,1,-3,3,0,0,-6,-116,-2,-8,10,4,0,0,-1,-1,0,-1,2,-1
KR_6745297508,420,2,19,0,8,5,0,5,-1,2,1,1,4,5,3,3,6,0,1,1,0,11,-1,3,-9,6,3,0,0,-1,1,1,-1,4,-1
KR_6744592811,420,2,-4,-11,6,2,2,4,0,4,4,-1,4,3,4,0,4,1,1,2,0,1,-1,-2,-11,13,4,0,-1,-1,1,-1,1,1,-1
KR_6747754516,420,-1,-16,-1,-1,2,0,2,-5,6,1,-1,2,1,4,2,6,-1,2,1,0,-1,-1,1,-9,8,1,0,0,1,-1,1,1,5,-1
KR_6751752409,420,0,-55,11,2,3,0,3,3,1,4,-2,2,0,-2,4,2,0,0,0,3,4,62,1,-6,5,-6,0,0,1,1,0,1,2,-1
KR_6748799964,420,-2,-13,5,-2,0,2,2,-4,6,2,2,0,2,0,2,2,0,0,0,0,-5,5,-3,-7,10,5,0,0,-1,1,0,1,1,-1
KR_6718845138,420,-4,-52,-49,9,4,0,4,3,0,3,1,0,1,-1,5,4,2,1,3,4,20,35,4,-9,5,3,0,-1,-1,1,-1,1,3,-1
KR_6724497418,420,-2,-74,11,-3,0,1,1,-2,4,2,0,1,1,-1,2,1,0,1,1,0,-5,-5,-1,-8,9,2,0,0,1,1,-1,1,1,-1
KR_6732410432,440,-4,-65,-9,-7,-2,2,0,3,0,3,-6,6,0,0,1,1,-2,2,0,0,-8,25,-4,-4,8,-13,0,-3,1,-1,-1,-1,6,-1
KR_6747447512,420,-2,-20,2,2,2,1,3,1,3,4,1,1,2,2,2,4,-4,5,1,0,9,-4,5,-12,7,-5,0,2,1,1,1,1,6,-1
KR_6742567802,420,-3,-87,-5,-1,1,6,7,0,3,3,3,0,3,-6,6,0,1,1,2,1,12,34,0,-4,4,4,0,-2,-1,-1,-1,1,3,-1
KR_6739059677,420,-3,-13,-28,-4,3,2,5,-2,10,8,-4,6,2,-3,6,3,2,1,3,0,-2,5,6,-12,6,-2,0,0,-1,1,1,1,1,-1
KR_6734608245,420,-4,-107,-23,0,-4,4,0,4,2,6,-1,4,3,-1,5,4,2,1,3,1,11,16,0,-8,8,-4,0,-2,1,-1,-1,1,4,-1
KR_6746991508,420,-3,-51,-27,-11,-1,3,2,-6,7,1,0,2,2,-3,5,2,-1,1,0,0,-14,0,-2,-5,7,0,0,-2,-1,-1,-1,-1,5,-1
KR_6749970081,420,-5,-56,-22,-11,2,2,4,-3,3,0,-5,6,1,-6,7,1,1,0,1,-1,-23,-46,-6,-3,9,3,0,-1,-1,1,-1,-1,3,-1
KR_6750780244,420,-2,44,4,-2,-3,5,2,5,0,5,-2,2,0,-1,3,2,-1,1,0,0,-1,-41,0,-7,7,-1,0,0,1,-1,-1,-1,1,-1
KR_6742436919,420,0,28,-51,2,-1,2,1,0,5,5,3,0,3,1,1,2,-1,1,0,0,4,3,0,-7,7,-6,0,0,-1,-1,-1,1,4,-1
KR_6748682901,420,-3,4,-16,-11,3,1,4,-3,5,2,-1,2,1,-9,10,1,-1,1,0,0,-23,-13,-1,-12,13,6,0,-1,1,-1,-1,-1,2,-1
KR_6739874671,420,1,68,-16,-2,-3,3,0,3,0,3,-2,4,2,1,1,2,-1,1,0,0,-4,-3,5,-12,7,4,0,1,-1,1,1,1,4,-1
KR_6744494632,420,-3,3,-33,-8,-4,4,0,0,3,3,-1,3,2,-3,7,4,0,0,0,-1,-16,-9,1,-12,11,-1,0,0,-1,1,1,-1,5,-1
KR_6734469445,420,-2,30,-24,0,-1,2,1,2,4,6,-1,3,2,-2,4,2,2,0,2,0,1,-18,0,-9,9,3,0,0,1,-1,1,-1,3,-1
KR_6708491587,420,-1,22,-34,-5,1,0,1,-2,3,1,-3,4,1,1,1,2,-2,2,0,-1,-8,-28,-2,-10,12,-5,0,1,1,-1,-1,-1,2,-1
KR_6743630969,420,-6,-96,9,-16,-6,9,3,-6,8,2,-5,5,0,1,0,1,0,2,2,0,-9,-6,-8,-2,10,3,0,-4,-1,-1,-1,-1,3,-1
KR_6720521796,420,0,-28,-1,-2,2,0,2,-4,6,2,-2,3,1,2,2,4,0,1,1,0,-5,2,-6,-5,11,-1,0,-1,1,-1,-1,-1,6,-1
KR_6739911470,420,-3,-29,-8,-14,-5,8,3,-2,3,1,-3,3,0,-3,4,1,-1,1,0,-1,-20,-6,0,-12,12,-2,0,0,-1,-1,-1,-1,5,-1
KR_6743809248,420,-1,-9,-3,3,0,2,2,-1,1,0,3,1,4,1,0,1,0,0,0,0,-1,-34,3,-12,9,4,0,0,1,-1,1,1,3,-1
KR_6748827077,420,-2,-82,-6,-12,-3,5,2,-5,5,0,-5,6,1,1,5,6,0,1,1,-1,-18,-1,-5,-13,18,-12,0,-1,1,-1,-1,1,6,-1
KR_6743574413,420,-8,-100,-40,-20,0,4,4,-9,9,0,-3,4,1,-6,6,0,-2,3,1,0,-32,-41,-1,-5,6,1,0,-4,-1,1,-1,-1,1,-1
KR_6751756030,420,-3,-92,-24,-10,0,0,0,-1,7,6,-2,3,1,-11,14,3,4,0,4,-1,-17,10,3,-11,8,-3,0,-1,-1,1,-1,-1,1,-1
KR_6748422012,420,-1,17,-18,-5,-1,2,1,-3,3,0,0,0,0,1,1,2,-2,2,0,-1,-12,8,3,-9,6,2,0,0,-1,-1,1,-1,4,-1
KR_6739554111,420,-2,-38,6,-4,0,2,2,2,3,5,1,1,2,-1,4,3,-6,7,1,0,-6,10,3,-7,4,-2,0,-1,-1,1,-1,-1,4,-1
KR_6751953351,420,-3,11,-3,-11,-5,7,2,-5,5,0,3,1,4,-3,4,1,-1,1,0,1,-7,-18,-6,-5,11,6,0,0,1,-1,-1,-1,1,-1
KR_6743984925,420,3,12,24,6,-1,2,1,2,1,3,4,0,4,1,0,1,0,2,2,-1,5,-3,-5,-5,10,7,0,0,-1,1,0,-1,6,-1
KR_6748243853,420,-2,2,15,0,0,1,1,1,2,3,1,0,1,-1,2,1,-1,1,0,0,-1,4,0,-8,8,-5,0,-1,1,-1,-1,-1,3,-1
KR_6751989737,420,2,52,8,7,2,1,3,1,1,2,2,1,3,2,0,2,0,0,0,0,10,-47,1,-7,6,28,0,1,-1,1,1,1,6,-1
KR_6734551563,420,1,3,8,3,2,1,3,-1,6,5,4,0,4,0,3,3,-2,2,0,0,-2,6,3,-10,7,-4,0,-1,-1,1,1,1,3,-1
KR_6749205029,420,-2,-72,-10,-9,-4,4,0,2,3,5,-3,5,2,-4,4,0,0,1,1,-2,-10,9,-3,-6,9,-2,0,-1,1,-1,-1,-1,6,-1
KR_6744942072,420,-1,19,-36,-2,2,0,2,-7,7,0,-1,4,3,-2,4,2,6,0,6,-1,-2,15,8,-13,5,-3,0,1,1,-1,-1,-1,5,-1
KR_6743297033,440,-4,-68,-24,-10,-8,8,0,0,0,0,-5,7,2,2,1,3,1,4,5,1,-9,3,-2,-2,4,0,0,1,1,-1,1,1,6,-1
KR_6748018396,420,1,-33,3,-4,2,1,3,2,3,5,1,3,4,-9,10,1,0,1,1,0,-5,-10,-4,-5,9,-3,0,-1,1,-1,-1,-1,1,-1
KR_6742613091,420,-2,-27,6,-11,-2,3,1,-3,4,1,-8,11,3,2,2,4,0,0,0,-1,-6,0,0,-8,8,-7,0,-1,1,-1,-1,-1,4,-1
KR_6737409190,420,-1,-8,31,5,2,1,3,-1,3,2,2,3,5,3,2,5,-1,1,0,0,4,64,3,-10,7,-24,0,1,1,1,1,-1,4,-1
KR_6747582172,420,-1,-49,-6,-3,-1,3,2,-5,7,2,1,2,3,3,2,5,-1,3,2,-1,-6,-13,-6,-3,9,1,0,0,-1,-1,-1,-1,4,-1
KR_6744188511,420,-4,-30,-36,-6,-2,4,2,-3,4,1,-2,2,0,0,2,2,1,0,1,0,-9,4,-1,-8,9,2,0,0,-1,1,1,-1,5,-1
KR_6746132656,420,-2,9,-7,-6,-7,7,0,3,0,3,3,1,4,-3,5,2,-2,3,1,0,-1,-45,-3,-6,9,0,0,-1,-1,1,-1,-1,4,-1
KR_6748575794,420,-1,9,-8,-8,2,1,3,-3,6,3,-3,3,0,-3,4,1,-1,1,0,0,-10,-8,2,-7,5,-1,0,0,1,1,0,-1,2,-1
KR_6739946188,420,-1,19,8,0,-1,2,1,5,1,6,-3,4,1,-1,4,3,0,1,1,2,-1,20,3,-15,12,5,0,0,-1,1,1,1,3,-1
KR_6746692978,420,-3,-4,12,-8,1,2,3,-4,4,0,1,0,1,-5,6,1,-1,2,1,0,-11,23,3,-9,6,-4,0,-1,-1,-1,-1,-1,2,-1
KR_6750776978,420,0,-47,0,-2,3,1,4,-4,4,0,2,1,3,-5,6,1,2,0,2,0,-8,12,-3,-4,7,1,0,1,1,1,1,-1,4,-1
KR_6751038851,420,-1,-4,4,-6,-2,5,3,-1,2,1,0,1,1,1,4,5,-4,4,0,0,-1,1,-5,-7,12,1,0,-1,-1,-1,-1,-1,6,-1
KR_6750098156,420,1,-39,-20,4,1,1,2,4,1,5,0,2,2,-2,3,1,1,1,2,0,4,-42,5,-10,5,-8,0,-1,-1,1,-1,1,5,-1
KR_6737613079,420,-2,-2,-15,-4,-2,3,1,-2,4,2,2,0,2,-2,2,0,0,0,0,0,-7,0,3,-9,6,-3,0,-1,1,1,-1,-1,3,-1
KR_6726810542,420,-2,3,12,-6,-3,3,0,-7,9,2,5,2,7,-1,2,1,0,2,2,0,-10,-7,1,-6,5,2,0,0,1,-1,1,1,5,-1
KR_6748532770,420,-4,-22,-7,-11,-1,2,1,-5,5,0,-3,5,2,-1,2,1,-1,1,0,0,-20,-3,-6,-6,12,-5,0,-1,1,-1,-1,-1,5,-1
KR_6735908597,420,1,52,14,6,-3,3,0,2,3,5,1,3,4,4,2,6,2,0,2,0,2,-25,4,-11,7,0,0,1,1,-1,1,1,2,-1
KR_6743977709,420,4,-14,59,2,2,1,3,-6,10,4,4,1,5,2,1,3,0,1,1,0,4,-1,-1,-6,7,-1,0,0,-1,1,-1,1,1,-1
KR_6747127079,420,-1,-31,-5,-6,1,2,3,-3,6,3,-3,3,0,-1,1,0,0,1,1,0,-3,-9,-2,-8,10,-5,0,-1,1,-1,-1,1,6,-1
KR_6747780261,420,2,44,-7,-1,2,1,3,-1,4,3,1,2,3,-1,6,5,-2,2,0,0,-2,-5,3,-12,9,3,0,-1,1,-1,-1,1,3,-1
KR_6748680379,420,-2,-14,12,-11,-1,2,1,-4,9,5,0,2,2,-7,7,0,1,2,3,1,-4,-12,0,-8,8,-3,0,-1,0,-1,-1,1,0,-1
KR_6742179509,440,-2,-9,12,-2,-3,4,1,1,6,7,3,0,3,0,1,1,-3,3,0,-1,-2,-8,-6,-6,12,2,0,-2,-1,1,-1,-1,4,-1
KR_6747835761,420,-1,21,26,-15,0,1,1,-3,3,0,-9,10,1,-3,5,2,0,0,0,0,-23,-2,-4,-7,11,-1,0,-2,-1,-1,-1,-1,4,-1
KR_6742390034,420,0,2,-4,-3,-5,5,0,6,1,7,0,2,2,-3,3,0,-1,1,0,0,-4,-7,-6,-5,11,-1,0,0,-1,1,0,-1,5,-1
KR_6751502901,440,-5,-9,-29,-14,-9,10,1,1,4,5,-1,1,0,-8,9,1,3,0,3,0,-8,-7,-5,-6,11,3,0,-1,1,-1,-1,-1,1,-1
KR_6745685194,420,0,-11,-24,1,-8,9,1,-1,4,3,5,1,6,4,0,4,1,1,2,-1,10,8,-1,-9,10,1,0,-1,1,-1,1,-1,1,-1
KR_6741852832,420,-3,-62,1,-11,-4,4,0,0,5,5,-2,3,1,-5,6,1,0,0,0,0,-10,-10,-3,-5,8,2,0,0,0,1,-1,-1,0,-1
KR_6748443104,420,-6,-22,7,-12,-1,3,2,-6,8,2,1,3,4,-5,7,2,-1,1,0,0,-10,0,-4,-8,12,0,0,0,-1,-1,-1,-1,1,-1
KR_6739849765,420,-3,-45,-17,-1,0,2,2,0,1,1,-1,4,3,1,1,2,-1,3,2,0,-9,0,-5,-6,11,2,0,-1,1,1,-1,1,1,-1
KR_6749376471,420,-2,43,-15,-3,2,0,2,1,0,1,-5,8,3,-1,1,0,0,0,0,0,-8,-9,3,-8,5,4,0,1,-1,1,1,-1,5,-1
KR_6746406951,420,1,-5,-12,-1,1,1,2,-1,4,3,5,0,5,-5,6,1,-1,1,0,0,-1,-24,-3,-6,9,13,0,0,1,1,-1,1,4,-1
KR_6744727948,420,1,14,22,-1,0,0,0,-1,3,2,1,0,1,0,4,4,-1,1,0,0,-4,8,5,-13,8,-8,0,-1,1,-1,-1,-1,5,-1
KR_6749374966,420,-2,-13,-12,-8,-5,5,0,1,2,3,0,0,0,-5,5,0,1,0,1,0,-8,2,-1,-8,9,-2,0,-3,1,-1,-1,-1,4,-1
KR_6734675579,420,-3,-33,-22,-14,-5,6,1,1,0,1,-8,12,4,-4,5,1,2,0,2,0,-24,-19,-7,-6,13,1,0,-2,0,-1,-1,1,0,-1
KR_6746271196,420,-1,-58,-14,-9,-6,6,0,-5,6,1,-4,6,2,6,2,8,0,0,0,0,-13,7,4,-8,4,0,0,-2,-1,-1,-1,1,3,-1
KR_6742359015,420,-4,-83,8,-17,-2,3,1,-3,5,2,-2,3,1,-8,8,0,-2,2,0,0,-12,1,-1,-8,9,-6,0,-1,-1,-1,-1,-1,4,-1
KR_6745273470,440,0,80,-20,-4,-1,1,0,-1,3,2,1,1,2,-1,2,1,-2,4,2,0,-8,19,2,-6,4,2,0,0,-1,-1,-1,-1,2,-1
KR_6745962478,420,-5,-30,6,-15,-3,4,1,-3,5,2,-5,5,0,-3,3,0,-1,2,1,0,-18,-12,-9,-4,13,2,0,-2,-1,1,-1,-1,1,-1
KR_6742536983,440,-5,-77,-18,-11,-2,5,3,0,1,1,1,1,2,-5,5,0,-5,5,0,0,-17,3,1,-5,4,-3,0,-3,1,-1,-1,-1,5,-1
KR_6748757260,440,0,-55,13,1,0,1,1,2,2,4,1,1,2,-2,4,2,0,1,1,0,-1,-8,0,-7,7,3,0,0,1,1,0,1,6,-1
KR_6738504164,420,-2,-32,0,1,-2,2,0,-3,3,0,0,1,1,6,2,8,0,0,0,0,3,2,0,-10,10,-5,0,0,-1,1,0,1,5,-1
KR_6713197332,420,-10,-153,-16,-18,-2,3,1,-8,8,0,0,1,1,-7,7,0,-1,1,0,0,-31,14,-3,-9,12,-6,0,-3,-1,-1,-1,-1,5,-1
KR_6750139817,420,2,20,8,1,3,1,4,-2,3,1,1,0,1,-2,3,1,1,0,1,-3,-3,31,-4,-9,13,4,0,0,-1,1,-1,-1,1,-1
KR_6732709142,420,-2,-14,-28,-2,-1,1,0,2,1,3,1,2,3,-3,4,1,-1,1,0,0,0,22,4,-9,5,1,0,-1,-1,-1,-1,1,4,-1
KR_6747774979,420,0,-16,-6,0,-5,6,1,1,0,1,-2,5,3,7,3,10,-1,1,0,0,6,7,3,-9,6,0,0,-2,1,-1,-1,-1,5,-1
KR_6749662755,440,2,87,7,3,1,1,2,0,0,0,1,4,5,0,0,0,1,0,1,0,3,7,3,-7,4,1,0,1,1,0,1,-1,2,-1
KR_6742433215,420,-3,-1,-12,-7,-2,2,0,-3,3,0,0,1,1,-3,3,0,1,1,2,-1,-8,-6,-5,-3,8,7,0,2,0,1,1,-1,0,-1
KR_6736731447,420,0,2,-24,-1,-1,2,1,1,4,5,0,1,1,-1,2,1,0,0,0,0,10,0,0,-6,6,-1,0,0,-1,1,0,1,3,-1
KR_6745806928,420,0,-25,13,-1,0,3,3,2,1,3,-2,4,2,1,2,3,-2,2,0,0,-3,-36,-3,-9,12,-3,0,0,1,1,1,1,3,-1
KR_6743626861,420,-2,-28,15,-1,0,2,2,0,2,2,-1,4,3,0,4,4,0,1,1,0,-4,-25,2,-11,9,4,0,-1,1,1,-1,1,3,-1
KR_6749624701,420,-3,13,23,-15,1,0,1,-7,7,0,-6,8,2,-3,5,2,0,1,1,0,-22,4,-4,-6,10,3,0,0,-1,-1,-1,1,1,-1
KR_6745225945,420,-2,-40,-15,-6,0,3,3,-1,2,1,-1,2,1,-4,6,2,0,0,0,0,-9,-10,1,-8,7,6,0,-1,-1,1,-1,-1,3,-1
KR_6751539054,420,1,-45,-19,2,4,2,6,3,3,6,-3,4,1,0,3,3,-2,3,1,1,9,-3,4,-6,2,-4,0,0,-1,1,0,1,2,-1
KR_6728975844,420,-4,18,-23,-13,-5,5,0,-3,4,1,1,0,1,-4,5,1,-2,5,3,0,-9,-6,-2,-5,7,-2,0,-3,-1,-1,-1,-1,6,-1
KR_6745351937,420,-2,1,0,-8,-3,4,1,-1,6,5,0,1,1,-6,7,1,2,0,2,0,-13,0,-11,-6,17,1,0,0,1,-1,-1,-1,3,-1
KR_6739196072,420,-1,-61,-6,-6,0,2,2,1,2,3,-3,6,3,-5,6,1,1,1,2,0,-6,-1,-1,-8,9,0,0,-1,-1,1,-1,-1,6,-1
KR_6747808573,420,-3,0,16,-9,-5,5,0,-3,5,2,-1,3,2,0,1,1,0,2,2,0,-4,-6,-3,-6,9,1,0,1,1,-1,1,1,5,-1
KR_6751414818,420,0,-54,-1,-2,-1,1,0,0,3,3,3,0,3,-2,3,1,-2,3,1,0,-6,-20,-3,-6,9,6,0,0,-1,1,-1,-1,4,-1
KR_6747350072,420,-2,28,-7,-6,-5,5,0,0,2,2,1,0,1,-3,3,0,1,0,1,0,-10,-155,-3,-6,9,0,0,-1,-1,1,-1,-1,1,-1
KR_6748037162,420,-3,17,7,-14,0,2,2,-5,5,0,2,1,3,-7,8,1,-4,6,2,-1,-24,13,0,-10,10,-6,0,-2,-1,-1,-1,-1,2,-1
KR_6739661280,420,-2,11,-25,-5,0,0,0,0,3,3,-1,4,3,-2,2,0,-2,2,0,0,-1,-51,-4,-8,12,22,0,-1,-1,-1,-1,1,1,-1
KR_6747102937,420,-2,-25,-14,-5,5,1,6,-4,4,0,0,1,1,-6,7,1,0,1,1,0,-6,-2,-2,-6,8,0,0,-1,-1,-1,-1,1,3,-1
KR_6751635368,440,-2,-47,18,-3,3,0,3,0,2,2,-4,4,0,0,2,2,-2,4,2,0,1,3,4,-10,6,-6,0,-1,1,-1,-1,-1,5,-1
KR_6738823971,420,-1,-21,-40,0,1,3,4,-4,6,2,4,4,8,-2,4,2,1,1,2,-1,-2,-1,2,-10,8,-5,0,1,1,-1,1,-1,3,-1
KR_6746774925,420,-6,-57,-27,-5,3,0,3,-4,5,1,0,0,0,-4,5,1,0,1,1,0,-5,64,0,-7,7,0,0,-1,1,1,-1,1,3,-1
KR_6745369345,420,0,21,25,4,0,2,2,4,0,4,1,0,1,1,2,3,-2,3,1,0,0,35,1,-10,9,2,0,0,1,1,0,1,6,-1
KR_6741699361,420,2,-22,-8,1,0,2,2,2,4,6,2,1,3,-3,4,1,0,0,0,0,-3,-11,-4,-6,10,-3,0,-2,-1,1,1,-1,1,-1
KR_6732142206,420,-1,-2,0,1,2,1,3,-4,8,4,2,0,2,2,0,2,-1,3,2,-1,-1,37,1,-9,8,0,0,-1,1,-1,-1,-1,2,-1
KR_6742723184,420,3,45,-16,1,-1,2,1,3,1,4,-3,4,1,2,1,3,0,1,1,0,5,-6,0,-9,9,-3,0,1,1,1,1,-1,5,-1
KR_6731567959,420,-2,-61,-8,-12,-8,8,0,-2,3,1,-1,5,4,-2,5,3,1,0,1,0,-11,0,1,-7,6,-2,0,-1,-1,1,-1,-1,4,-1
KR_6744933495,420,-2,-63,0,-9,1,0,1,0,4,4,-6,6,0,-4,5,1,0,0,0,0,-16,-3,-4,-4,8,-1,0,0,-1,-1,1,-1,4,-1
KR_6747953485,420,0,-11,2,0,-2,6,4,0,1,1,3,1,4,-2,3,1,1,0,1,0,7,-23,-5,-9,14,9,0,1,-1,1,1,-1,3,-1
KR_6716477668,420,0,-9,1,1,1,0,1,2,5,7,-1,2,1,-1,2,1,0,1,1,0,4,-26,9,-15,6,-7,0,1,-1,1,1,1,1,-1
KR_6747957938,420,0,52,4,-11,1,1,2,-3,5,2,-1,2,1,-7,9,2,-1,2,1,0,-13,-2,-2,-6,8,3,0,-2,-1,1,-1,-1,2,-1
KR_6739216088,420,2,-18,51,3,2,1,3,1,2,3,2,1,3,-2,4,2,0,0,0,0,3,24,2,-11,9,-3,0,0,-1,1,1,1,2,-1
KR_6747639383,420,-4,-71,-7,-8,0,1,1,1,1,2,-2,8,6,-5,5,0,-2,2,0,0,-4,-8,-7,-4,11,5,0,-2,1,1,-1,-1,6,-1
KR_6748723681,420,-3,-37,9,-9,1,0,1,-6,8,2,-3,3,0,0,0,0,-1,1,0,0,-8,-18,-1,-8,9,7,0,-1,-1,1,-1,-1,1,-1
KR_6735799406,440,-3,3,-15,-13,2,0,2,0,5,5,-4,6,2,-9,11,2,-2,3,1,0,-16,-5,4,-8,4,0,0,-1,-1,-1,-1,-1,1,-1
KR_6744898097,420,0,35,11,2,1,0,1,3,0,3,-1,2,1,-1,3,2,0,0,0,0,2,61,-1,-9,10,3,0,-1,-1,-1,-1,-1,4,-1
KR_6748497144,420,-1,-35,21,-4,-4,5,1,0,4,4,-4,5,1,4,1,5,0,1,1,1,-2,-9,1,-11,10,0,0,1,-1,1,1,1,5,-1
KR_6730340666,420,1,-2,25,-1,1,2,3,2,3,5,-3,5,2,-1,2,1,0,1,1,0,4,39,1,-7,6,-7,0,1,-1,1,1,-1,2,-1
KR_6736669597,420,-5,-37,-13,-8,-3,3,0,1,2,3,-6,6,0,-3,5,2,3,1,4,1,-2,6,-1,-9,10,1,0,0,-1,1,-1,1,5,-1
KR_6748000182,420,-2,-10,11,-1,-7,8,1,1,1,2,3,2,5,2,4,6,0,1,1,0,-7,10,5,-12,7,-4,0,-2,1,-1,-1,1,2,-1
KR_6749276706,420,-3,-4,-47,2,0,0,0,-3,5,2,3,1,4,-1,2,1,3,0,3,0,0,-2,1,-7,6,1,0,-1,-1,-1,-1,1,4,-1
KR_6744264920,420,0,-2,-17,0,4,0,4,-2,4,2,-4,4,0,2,0,2,0,0,0,0,-3,1,-1,-8,9,2,0,1,-1,1,1,1,1,-1
KR_6747370067,420,-2,-13,-7,0,1,1,2,-1,3,2,4,1,5,-5,8,3,1,0,1,0,0,1,3,-10,7,5,0,-1,-1,1,-1,1,4,-1
KR_6748020022,420,3,19,-11,11,1,1,2,-1,3,2,2,2,4,5,1,6,4,0,4,0,14,-27,-1,-8,9,1,0,1,1,-1,1,-1,3,-1
KR_6750391684,420,1,21,27,1,2,1,3,-2,2,0,2,2,4,-1,2,1,0,0,0,0,-1,17,4,-7,3,4,0,1,1,1,1,1,2,-1
KR_6746571791,420,-3,29,-15,-14,-1,4,3,-9,10,1,-1,3,2,-3,3,0,0,1,1,-1,-16,-40,-8,-6,14,7,0,0,-1,-1,0,-1,3,-1
KR_6734070125,420,-1,17,-21,2,3,1,4,-1,4,3,-2,3,1,2,1,3,0,1,1,0,4,-7,3,-10,7,9,0,-1,-1,-1,-1,1,1,-1
KR_6745019668,420,-6,-82,-23,-12,-4,5,1,-5,7,2,1,1,2,0,5,5,-4,4,0,0,-16,-39,-3,-6,9,-2,0,-2,0,-1,-1,-1,0,-1
KR_6752111779,420,0,46,3,-1,-1,3,2,-7,10,3,0,1,1,4,0,4,3,3,6,0,-3,10,3,-8,5,-1,0,0,1,-1,1,1,2,-1
KR_6746744429,420,0,-14,27,-9,-2,4,2,1,1,2,-7,7,0,-2,2,0,1,0,1,0,-11,-20,-2,-3,5,-3,0,-1,-1,-1,1,-1,4,-1
KR_6748645900,420,-1,2,12,-5,-3,5,2,-4,4,0,-1,1,0,2,1,3,1,0,1,0,1,-19,-3,-8,11,3,0,-1,1,-1,1,1,4,-1
KR_6735487120,420,-4,-68,-4,-12,1,0,1,-2,5,3,-3,5,2,-8,9,1,0,1,1,2,-13,-6,-5,-6,11,1,0,0,-1,1,-1,1,5,-1
KR_6736555592,420,-4,-30,-16,-8,1,2,3,-10,11,1,-1,2,1,2,0,2,0,1,1,0,-17,0,1,-6,5,-5,0,0,1,1,1,1,6,-1
KR_6734482759,440,3,49,-26,6,-2,3,1,5,0,5,3,0,3,0,3,3,0,0,0,1,14,-4,-5,-1,6,3,0,0,1,1,0,1,4,-1
KR_6730871407,420,-1,30,-17,-4,1,0,1,-4,6,2,-2,3,1,2,2,4,-1,1,0,-1,-9,-5,2,-11,9,1,0,0,-1,1,0,-1,4,-1
KR_6723429570,420,-6,-31,-4,-12,-2,2,0,-3,3,0,-5,8,3,-2,2,0,0,0,0,-1,-15,-9,-4,-6,10,-6,0,0,-1,-1,-1,-1,1,-1
KR_6742977396,420,-2,-49,9,-5,0,1,1,-2,4,2,4,6,10,-9,11,2,2,0,2,0,-9,46,0,-8,8,-29,0,-1,-1,-1,-1,1,2,-1
KR_6747890054,420,-2,-41,-9,-7,4,0,4,-4,4,0,-3,3,0,-3,3,0,-1,2,1,-1,-10,1,-5,-6,11,-6,0,-1,-1,-1,-1,-1,5,-1
KR_6749040979,420,-2,-31,4,-6,-1,4,3,-5,6,1,0,3,3,0,2,2,0,1,1,0,-5,-9,-1,-7,8,-3,0,1,-1,1,1,1,3,-1
KR_6747939367,420,-7,-79,-18,-23,-10,11,1,-1,5,4,-4,4,0,-7,7,0,-1,1,0,0,-29,13,-5,-7,12,0,0,-4,-1,-1,-1,-1,5,-1
KR_6747914492,420,-4,-29,-6,-7,-4,4,0,-6,6,0,-1,2,1,3,1,4,1,1,2,0,-10,8,1,-9,8,-9,0,0,1,-1,-1,1,6,-1
KR_6738652593,420,3,19,-1,2,1,2,3,3,1,4,-2,4,2,0,0,0,0,1,1,0,0,0,3,-8,5,-2,0,1,1,1,1,-1,4,-1
KR_6750062644,420,0,14,-15,-3,2,0,2,-3,5,2,-4,5,1,-2,3,1,4,1,5,1,-3,1,-1,-6,7,5,0,-1,-1,-1,-1,1,4,-1
KR_6713561330,420,-2,-2,-6,-7,-1,1,0,-1,2,1,-5,6,1,-2,3,1,2,1,3,0,-6,-1,-5,-3,8,1,0,-1,-1,-1,-1,-1,5,-1
KR_6747894765,420,-1,-15,23,-3,-1,4,3,-1,4,3,-1,1,0,2,1,3,-2,2,0,0,-10,10,6,-10,4,-5,0,-1,1,-1,-1,-1,3,-1
KR_6748359713,420,-6,-127,-22,-12,-4,7,3,-1,2,1,-3,3,0,-3,5,2,-1,1,0,0,-12,-10,-2,-8,10,-10,0,-2,-1,-1,-1,1,1,-1
KR_6751123527,420,-2,-46,12,1,2,1,3,-3,3,0,1,1,2,1,1,2,0,0,0,0,-3,0,-4,-7,11,-6,0,0,-1,1,-1,1,6,-1
KR_6748990767,420,-4,-66,1,-10,0,2,2,-5,7,2,-1,1,0,-6,7,1,2,0,2,0,-13,-8,3,-9,6,-1,0,-1,-1,-1,-1,-1,5,-1
KR_6745185748,420,-3,-58,-22,-3,3,0,3,-7,7,0,2,3,5,-3,6,3,2,1,3,0,5,-10,-1,-8,9,0,0,-1,-1,-1,-1,-1,5,-1
KR_6745488606,420,0,-51,16,-3,-1,1,0,-3,5,2,1,2,3,1,1,2,-1,1,0,0,1,-13,-6,-2,8,7,0,-1,-1,-1,-1,1,5,-1
KR_6747743805,420,1,14,-12,3,-1,1,0,-2,4,2,2,3,5,3,7,10,1,1,2,-1,12,-45,1,-9,8,10,0,-2,1,-1,-1,-1,4,-1
KR_6745596539,420,-5,-22,-45,-13,3,0,3,-3,3,0,-8,8,0,-5,7,2,0,1,1,0,-20,7,2,-7,5,-12,0,-2,-1,-1,-1,1,4,-1
KR_6747621894,420,1,-32,24,-6,2,1,3,-1,2,1,-4,7,3,-1,4,3,-2,2,0,-2,-11,2,-3,-9,12,1,0,0,-1,-1,-1,1,6,-1
KR_6741785814,420,-1,-4,-7,-1,0,1,1,-1,3,2,-1,1,0,2,1,3,-1,1,0,0,-2,-6,0,-8,8,4,0,0,-1,1,0,1,4,-1
KR_6716162819,420,1,8,8,-7,3,0,3,-4,7,3,0,4,4,-2,3,1,-4,6,2,-1,-14,-35,-4,-6,10,-4,0,0,-1,1,1,-1,6,-1
KR_6740365931,420,-5,-78,-13,-5,-1,2,1,2,1,3,-2,3,1,-4,5,1,0,0,0,0,-10,36,-2,-9,11,-5,0,0,-1,-1,0,1,3,-1
KR_6751065740,420,-1,20,-21,-1,-3,4,1,1,2,3,1,3,4,0,1,1,0,1,1,0,-4,-45,-2,-8,10,-3,0,-1,1,-1,-1,-1,1,-1
KR_6748708955,420,-2,-37,-23,-5,-1,5,4,-1,5,4,-4,4,0,2,3,5,-1,1,0,0,-2,-19,1,-4,3,-5,0,-3,-1,-1,-1,-1,3,-1
KR_6744702096,420,1,68,8,-7,-1,2,1,-1,2,1,0,2,2,-3,5,2,-2,3,1,-2,-10,-12,-6,-8,14,5,0,0,-1,1,1,-1,6,-1
KR_6739035184,420,-3,-79,-22,-7,-6,6,0,1,2,3,2,2,4,-2,4,2,-2,4,2,0,-4,-36,-3,-6,9,3,0,-3,-1,-1,-1,-1,5,-1
KR_6750926272,420,3,18,20,5,4,0,4,0,2,2,0,1,1,-2,2,0,3,2,5,0,7,33,-1,-8,9,-1,0,0,1,1,-1,-1,4,-1
KR_6749923282,420,-4,-47,-9,-15,-8,9,1,-1,5,4,-1,2,1,-6,7,1,1,1,2,-1,-20,-5,-5,-7,12,7,0,-1,-1,-1,-1,-1,3,-1
KR_6741929208,420,1,44,-3,-3,1,4,5,-1,3,2,0,0,0,-2,2,0,-1,1,0,-1,-9,-2,-2,-6,8,4,0,1,-1,1,1,-1,5,-1
KR_6748853000,420,0,5,-20,-7,-5,6,1,0,1,1,-4,5,1,2,1,3,0,0,0,-2,-11,6,4,-12,8,-3,0,-1,-1,-1,-1,-1,1,-1
KR_6736655778,420,0,-23,30,-2,-1,1,0,2,0,2,-2,3,1,-1,2,1,0,0,0,0,0,-6,0,-9,9,6,0,1,-1,1,1,1,2,-1
KR_6731857688,420,0,-50,35,1,0,1,1,-1,4,3,-1,1,0,1,1,2,2,0,2,1,-2,-23,4,-10,6,-4,0,-1,-1,-1,-1,1,4,-1
KR_6747814378,440,1,19,12,0,5,0,5,-3,5,2,1,1,2,-3,4,1,0,1,1,0,1,-113,1,-4,3,-1,0,-2,1,1,-1,-1,2,-1
KR_6751902883,420,-4,-7,-13,-15,-2,2,0,-5,7,2,0,4,4,-6,6,0,-2,2,0,0,-32,3,0,-10,10,4,0,-3,-1,1,-1,-1,2,-1
KR_6710514220,420,0,-3,24,2,3,1,4,-5,7,2,2,1,3,2,1,3,0,0,0,-1,0,-4,3,-9,6,-4,0,0,1,-1,-1,-1,1,-1
KR_6747202616,420,-2,50,15,-10,-1,2,1,-2,8,6,0,2,2,-4,4,0,-3,3,0,0,-22,34,-3,-9,12,-15,0,1,1,-1,1,-1,6,-1
KR_6743123022,420,-4,-17,-40,-6,-6,6,0,2,1,3,-5,6,1,3,3,6,0,1,1,-1,-7,-27,2,-9,7,-4,0,0,1,-1,0,-1,4,-1
KR_6732035886,420,-1,15,-6,-1,-2,3,1,-1,4,3,-2,2,0,4,3,7,0,0,0,0,-2,31,0,-13,13,-4,0,1,1,1,1,-1,4,-1
KR_6729579590,420,-5,-61,2,-4,0,5,5,2,1,3,-3,4,1,-3,4,1,0,0,0,0,-16,-51,-1,-7,8,-5,0,-2,-1,1,-1,-1,4,-1
KR_6749566793,420,-1,12,-17,-5,0,1,1,-7,8,1,-2,5,3,2,2,4,2,1,3,0,-11,-57,1,-8,7,2,0,0,-1,1,1,-1,5,-1
KR_6748595448,420,1,63,4,3,5,0,5,-1,2,1,-2,2,0,2,2,4,-1,1,0,-1,4,-14,-2,-8,10,-2,0,1,1,1,1,-1,6,-1
KR_6746638774,420,-3,-42,-12,-9,0,2,2,1,6,7,-1,1,0,-7,8,1,-2,3,1,0,-12,-5,-7,-9,16,-6,0,0,-1,1,-1,1,5,-1
KR_6748906501,420,-2,-45,-25,-1,1,0,1,-1,2,1,-1,4,3,0,2,2,0,0,0,0,3,-11,-5,-4,9,-4,0,-1,-1,-1,-1,-1,1,-1
KR_6751072976,420,0,-20,-6,1,2,1,3,3,1,4,0,1,1,-4,7,3,0,0,0,0,-1,6,-4,-6,10,-4,0,0,-1,1,1,1,6,-1
KR_6748869568,420,0,-40,-21,-2,-1,3,2,0,2,2,0,1,1,-1,4,3,0,0,0,0,-5,1,2,-10,8,3,0,0,1,-1,1,-1,4,-1
KR_6749500242,420,0,29,51,-2,7,0,7,0,2,2,-6,9,3,-1,5,4,-2,2,0,0,-16,4,3,-9,6,3,0,2,-1,1,1,-1,3,-1
KR_6733516764,420,-3,-89,3,-3,-4,4,0,-3,4,1,8,1,9,-5,7,2,1,1,2,-2,-12,3,-1,-8,9,-4,0,0,-1,1,1,-1,4,-1
KR_6743127936,420,-1,-16,-21,-5,-6,7,1,-1,2,1,1,1,2,0,5,5,1,0,1,0,-1,-3,-2,-9,11,2,0,-1,-1,-1,-1,1,1,-1
KR_6740327513,420,1,-17,-13,-5,-1,1,0,5,5,10,-8,10,2,-2,6,4,1,1,2,0,5,-7,0,-9,9,0,0,-1,1,-1,-1,-1,6,-1
KR_6751512252,420,-4,-49,12,-6,0,1,1,-2,3,1,2,0,2,-2,3,1,-4,5,1,-1,-13,32,1,-8,7,-2,0,-1,1,-1,-1,-1,1,-1
KR_6751050934,420,1,-17,12,1,1,1,2,-3,6,3,-2,4,2,3,3,6,2,0,2,-1,3,11,1,-10,9,-6,0,0,-1,-1,-1,-1,4,-1
KR_6742948982,420,-1,-7,1,-1,-2,3,1,0,1,1,1,0,1,2,1,3,-2,2,0,1,-7,10,5,-12,7,-3,0,0,-1,1,0,1,5,-1
KR_6751402263,420,-2,-39,-19,-2,-1,2,1,-2,4,2,2,2,4,-1,5,4,0,0,0,0,6,17,1,-7,6,5,0,1,-1,1,-1,1,1,-1
KR_6738806019,420,-4,-9,-46,-7,-2,2,0,-1,2,1,-3,4,1,2,4,6,-3,4,1,0,-4,8,1,-9,8,7,0,-1,1,1,-1,-1,3,-1
KR_6731835118,420,1,-20,-5,-2,-3,4,1,6,1,7,-4,4,0,0,1,1,-1,1,0,0,3,-1,-1,-7,8,2,0,0,-1,1,0,-1,4,-1
KR_6748722057,420,-1,-43,12,-2,-3,6,3,0,3,3,0,1,1,1,4,5,0,2,2,0,-3,-46,-3,-10,13,-3,0,-2,1,-1,-1,-1,6,-1
KR_6746668589,420,-2,23,12,-5,-3,3,0,3,0,3,-5,6,1,-4,5,1,4,0,4,0,-8,-19,-5,-3,8,-1,0,-1,-1,-1,-1,1,4,-1
KR_6750523928,420,-2,-10,-16,-7,-6,6,0,-4,5,1,0,0,0,3,1,4,0,1,1,0,-8,3,-1,-7,8,-3,0,-2,1,-1,-1,-1,4,-1
KR_6726654566,420,-4,-21,0,-3,1,1,2,-6,7,1,1,1,2,0,3,3,1,0,1,0,-6,5,-2,-5,7,-1,0,-1,-1,1,-1,-1,6,-1
KR_6746345613,420,-2,-31,18,1,0,2,2,2,2,4,2,1,3,-3,3,0,0,1,1,0,3,-8,0,-7,7,-1,0,-1,-1,-1,-1,1,5,-1
KR_6730126577,420,-1,3,3,0,-3,4,1,0,4,4,4,1,5,-1,2,1,0,1,1,0,-5,-14,-2,-8,10,2,0,0,-1,-1,0,1,6,-1
KR_6729824390,420,0,55,-25,-1,1,4,5,-3,6,3,0,3,3,3,3,6,-2,3,1,0,3,5,2,-12,10,-4,0,1,1,1,1,1,3,-1
KR_6746563364,420,-1,39,-34,-1,-2,2,0,-3,4,1,1,0,1,2,3,5,1,4,5,0,-10,6,1,-6,5,-3,0,-1,-1,1,1,1,1,-1
KR_6725864648,420,-1,-46,-11,0,-1,1,0,2,3,5,-3,4,1,3,0,3,-1,1,0,0,10,14,-1,-6,7,0,0,-1,-1,-1,-1,1,2,-1
KR_6749510061,440,-1,23,10,-1,-5,6,1,2,1,3,-2,4,2,3,0,3,1,1,2,1,10,12,8,-12,4,-1,0,-1,0,1,-1,1,0,-1
KR_6739308876,420,5,47,14,11,6,0,6,3,5,8,0,3,3,1,2,3,1,1,2,1,11,7,5,-9,4,4,0,1,1,1,1,-1,1,-1
KR_6746335785,420,-7,-13,13,-9,-1,2,1,-8,11,3,-1,2,1,0,1,1,1,2,3,0,-11,20,5,-10,5,-7,0,-1,0,-1,-1,1,0,-1
KR_6720839895,420,-4,-1,-19,-5,0,1,1,-2,5,3,0,5,5,-4,6,2,1,1,2,0,-9,-31,-1,-5,6,-2,0,-1,-1,1,-1,-1,2,-1
KR_6731925071,420,-3,-30,6,-13,-2,3,1,-4,6,2,-3,6,3,-5,7,2,1,1,2,0,-10,-43,-1,-7,8,-5,0,-1,-1,-1,-1,-1,5,-1
KR_6745977452,420,2,43,36,9,-1,3,2,8,0,8,0,1,1,2,1,3,0,0,0,0,6,15,6,-10,4,-4,0,3,-1,-1,1,1,3,-1
KR_6744304367,420,-1,-55,1,1,0,1,1,1,3,4,-2,3,1,1,3,4,1,1,2,0,0,6,0,-8,8,-9,0,-1,1,1,1,1,2,-1
KR_6745630442,420,-2,-62,12,-13,-2,4,2,-8,9,1,0,2,2,-3,6,3,0,1,1,0,-12,-2,2,-12,10,0,0,-1,-1,-1,-1,1,3,-1
KR_6719825371,420,2,-50,39,2,-1,2,1,2,1,3,1,0,1,1,1,2,-1,1,0,0,6,-1,-6,-8,14,-4,0,0,-1,1,0,1,5,-1
KR_6735719914,420,0,28,20,-3,0,0,0,-2,3,1,-1,1,0,-1,5,4,1,1,2,1,-6,44,0,-6,6,-8,0,-1,-1,-1,-1,1,3,-1
KR_6746665422,420,1,-19,-17,4,-3,4,1,3,0,3,-4,8,4,4,1,5,4,2,6,0,12,-23,3,-13,10,-2,0,-2,1,-1,-1,1,1,-1
KR_6749668475,420,-1,-35,-13,-2,2,1,3,-2,4,2,-2,3,1,1,0,1,-1,1,0,0,-3,-13,0,-6,6,1,0,-1,-1,-1,-1,1,5,-1
KR_6749615642,420,1,-77,36,-1,0,1,1,3,1,4,-4,7,3,0,4,4,0,1,1,0,-7,-15,-2,-9,11,1,0,-1,1,-1,-1,1,4,-1
KR_6745723706,420,-1,-4,-4,-2,0,2,2,-1,4,3,0,1,1,-1,4,3,0,0,0,1,-8,-12,-7,-5,12,1,0,-2,1,-1,-1,1,5,-1
KR_6721238355,420,-4,-54,14,-7,-3,3,0,-3,4,1,-1,2,1,0,2,2,0,1,1,0,-11,-10,-3,-6,9,5,0,1,-1,1,1,-1,1,-1
KR_6745812232,420,-2,36,-15,-3,1,1,2,-1,3,2,-3,7,4,0,1,1,0,0,0,1,-9,-3,-1,-9,10,-4,0,2,1,-1,1,1,1,-1
KR_6744718890,420,-2,-53,-26,0,3,0,3,0,0,0,3,1,4,-4,5,1,-2,3,1,0,4,-7,-5,-3,8,3,0,-1,-1,-1,-1,-1,1,-1
KR_6744522947,420,-4,-49,13,-13,0,1,1,-8,8,0,-3,4,1,-1,1,0,-1,1,0,0,-23,-4,-2,-12,14,-3,0,-2,1,1,-1,1,6,-1
KR_6751139743,420,-1,26,-6,-2,-5,5,0,3,1,4,-2,4,2,1,1,2,1,0,1,0,7,-30,-2,-8,10,10,0,-1,1,-1,-1,-1,1,-1
KR_6743440884,420,0,-44,0,-6,-1,2,1,-3,5,2,0,3,3,-1,3,2,-1,2,1,0,1,-1,-2,-9,11,-4,0,-2,1,-1,-1,1,4,-1
KR_6729026353,420,-2,36,-10,1,-4,6,2,4,0,4,-3,6,3,7,1,8,-3,3,0,1,-15,-19,5,-7,2,-5,0,3,1,1,1,1,5,-1
KR_6746406331,420,-2,-27,8,-5,-2,4,2,1,1,2,-1,3,2,-4,4,0,1,0,1,0,-2,-4,3,-15,12,-3,0,1,0,-1,1,-1,0,-1
KR_6749245912,420,-6,-28,-18,-1,-1,3,2,1,1,2,0,3,3,-2,4,2,1,1,2,1,-3,-7,2,-8,6,0,0,-1,-1,1,-1,1,2,-1
KR_6746605557,420,-2,-72,21,-9,1,3,4,-2,7,5,1,1,2,-8,8,0,-1,1,0,-2,-22,14,-9,-3,12,-2,0,0,-1,1,1,-1,1,-1
KR_6737937519,420,-6,-59,-6,-7,-4,4,0,1,2,3,-3,3,0,1,1,2,-2,2,0,0,-1,-44,-2,-6,8,-4,0,-1,1,-1,-1,1,2,-1
KR_6738108136,420,-3,-32,-24,-12,1,1,2,-8,13,5,-1,3,2,-3,3,0,-1,2,1,0,-15,-23,-6,-4,10,-2,0,-2,-1,-1,-1,-1,3,-1
KR_6732576205,420,-5,-90,-39,-12,-1,2,1,-3,6,3,0,2,2,-7,8,1,-1,2,1,0,-7,36,-6,-3,9,-17,0,-1,-1,1,-1,-1,1,-1
KR_6743778128,420,0,-16,13,0,1,1,2,-2,2,0,1,1,2,-1,2,1,1,0,1,0,1,-7,-6,-6,12,8,0,-1,1,-1,-1,-1,3,-1
KR_6746675619,420,0,64,4,-8,0,3,3,-1,6,5,-6,7,1,1,1,2,-2,3,1,0,-10,18,2,-10,8,4,0,-1,-1,-1,-1,-1,4,-1
KR_6721356345,420,-4,-35,-5,-15,-1,1,0,-9,12,3,1,3,4,-7,9,2,1,1,2,-3,-27,-9,-3,-3,6,2,0,-3,-1,-1,-1,-1,6,-1
KR_6748627843,420,-4,-95,-9,-17,-5,6,1,-5,6,1,-1,3,2,-4,5,1,-2,4,2,0,-16,-9,-8,-3,11,4,0,-3,-1,-1,-1,-1,6,-1
KR_6745287941,420,-6,-130,-2,-19,-4,5,1,-7,10,3,2,2,4,-9,9,0,-1,1,0,-1,-22,-15,-6,-4,10,4,-1,-7,0,-1,-1,-1,0,-1
KR_6750806557,420,-1,19,-26,4,6,0,6,-2,3,1,1,1,2,-3,4,1,2,0,2,0,3,-15,1,-8,7,5,0,2,1,1,1,1,1,-1
KR_6744096575,420,-1,59,4,0,2,0,2,-1,2,1,-2,3,1,1,0,1,0,1,1,0,-1,-3,3,-10,7,-4,0,-1,1,-1,-1,1,6,-1
KR_6748324120,420,-1,14,-4,-3,0,1,1,4,2,6,-4,4,0,-3,4,1,0,0,0,1,-1,-15,-11,-8,19,2,0,0,-1,-1,1,1,3,-1
KR_6751202685,420,-3,-32,9,-5,0,0,0,-6,6,0,-1,1,0,1,4,5,1,0,1,0,-3,1,2,-10,8,-8,0,-1,-1,-1,-1,-1,6,-1
KR_6749259178,420,-5,-44,-8,-14,-2,2,0,-7,7,0,0,1,1,-4,5,1,-1,1,0,0,-21,-51,3,-9,6,-8,0,-2,-1,-1,-1,1,2,-1
KR_6746041082,420,-4,-21,4,-10,-1,1,0,-8,8,0,0,2,2,-2,4,2,1,0,1,0,-25,15,2,-11,9,-10,0,-2,-1,1,-1,1,1,-1
KR_6737218322,420,-3,-11,2,-6,1,0,1,-2,7,5,-6,6,0,1,2,3,0,1,1,1,-14,0,-3,-10,13,-3,0,2,-1,-1,1,1,5,-1
KR_6745727953,420,-2,-16,8,-1,6,2,8,1,1,2,-1,2,1,-7,8,1,0,1,1,0,-11,-2,-2,-10,12,-3,0,-1,-1,1,1,-1,4,-1
KR_6746696198,420,-3,-32,20,-10,-4,5,1,0,1,1,-2,3,1,-4,6,2,0,0,0,0,-12,-4,-2,-5,7,1,0,-3,1,-1,-1,-1,4,-1
KR_6748006014,420,2,39,-1,1,0,3,3,1,4,5,0,3,3,-1,2,1,1,0,1,0,-3,22,-4,-8,12,10,0,0,-1,-1,0,1,6,-1
KR_6740411229,420,-3,13,8,-1,-5,5,0,0,1,1,-3,3,0,5,0,5,2,0,2,0,5,40,3,-11,8,-4,0,0,-1,1,0,1,3,-1
KR_6737954405,420,-5,-50,-14,-23,-2,3,1,-9,11,2,-6,7,1,-4,6,2,-2,3,1,-2,-21,-8,-7,-2,9,-7,0,-1,-1,-1,-1,-1,6,-1
KR_6746247671,420,-5,-66,-44,-12,-1,3,2,1,2,3,-4,6,2,-8,11,3,0,2,2,0,-18,38,3,-11,8,-15,0,1,-1,-1,-1,1,1,-1
KR_6748615736,420,1,-48,15,-2,2,2,4,-1,4,3,-4,4,0,1,1,2,0,0,0,0,-1,2,-3,-7,10,5,0,0,1,1,0,-1,3,-1
KR_6734437064,420,1,44,34,-4,-2,3,1,-1,2,1,1,1,2,-2,3,1,0,0,0,0,-10,-5,2,-9,7,-7,0,2,1,1,1,1,2,-1
KR_6752161834,420,-1,25,37,-3,0,1,1,-2,2,0,1,0,1,-2,3,1,0,0,0,0,-8,-44,-5,-4,9,-1,0,0,-1,1,1,1,6,-1
KR_6750240483,420,-1,-24,22,-6,0,0,0,0,7,7,-2,3,1,-3,4,1,-1,1,0,0,-7,10,0,-7,7,-6,0,0,-1,1,0,-1,1,-1
KR_6748445874,420,-3,29,-22,-9,4,0,4,-5,11,6,0,2,2,-8,8,0,0,1,1,-1,-10,-29,1,-7,6,-4,0,0,-1,-1,0,-1,1,-1
KR_6747766414,420,1,9,-3,1,0,2,2,0,1,1,-1,4,3,2,1,3,0,0,0,-1,-3,-297,2,-11,9,-5,0,-1,-1,-1,-1,-1,4,-1
KR_6739634429,420,2,13,-12,-4,1,2,3,0,5,5,2,1,3,-6,7,1,-1,1,0,0,-5,-4,-2,-9,11,-2,0,1,-1,-1,-1,-1,4,-1
KR_6743677849,420,-3,-45,-11,-12,0,1,1,-9,10,1,-1,5,4,0,2,2,-2,3,1,0,-13,5,-6,-5,11,-7,0,0,-1,-1,-1,1,2,-1
KR_6741460028,420,-3,-1,-10,-2,0,1,1,0,5,5,2,3,5,-2,5,3,-2,2,0,-1,-3,-4,-2,-7,9,-1,0,0,-1,1,1,-1,6,-1
KR_6732415693,420,0,23,1,-11,-7,10,3,0,4,4,1,2,3,-4,6,2,-1,2,1,0,-31,-9,-1,-14,15,-6,0,0,-1,1,1,1,4,-1
KR_6747662920,420,2,7,0,6,0,2,2,1,2,3,3,0,3,1,1,2,1,1,2,0,9,7,0,-12,12,1,0,0,1,-1,0,1,5,-1
KR_6745957400,420,-6,-102,-1,-20,-5,8,3,-4,6,2,-1,1,0,-9,9,0,-1,1,0,0,-24,-30,-8,-4,12,-1,0,-2,1,-1,-1,1,6,-1
KR_6745433210,420,7,72,32,11,1,0,1,4,1,5,0,2,2,6,0,6,0,0,0,1,9,2,1,-8,7,1,0,2,1,1,1,1,6,-1
KR_6745380922,420,-1,21,-4,-7,-1,3,2,1,4,5,-4,5,1,-2,4,2,-1,2,1,0,-10,29,-1,-6,7,-2,0,-2,-1,1,-1,-1,6,-1
KR_6750220393,420,-2,-22,-12,-6,-1,4,3,-2,7,5,1,0,1,-3,4,1,-1,1,0,1,-4,-39,-3,-4,7,1,0,-2,1,-1,-1,1,2,-1
KR_6735556450,420,-1,-19,34,4,3,1,4,4,1,5,-2,3,1,-1,1,0,0,2,2,0,3,-23,3,-7,4,0,0,2,-1,1,1,1,6,-1
KR_6742479013,420,-5,-46,-4,-10,-5,6,1,-1,3,2,0,1,1,-2,2,0,-2,2,0,0,-19,-8,-6,-5,11,-9,0,0,-1,1,-1,-1,3,-1
KR_6749466994,420,-2,9,-35,3,5,0,5,-4,5,1,4,0,4,-4,4,0,2,0,2,0,14,39,5,-10,5,-3,0,-2,-1,1,-1,-1,2,-1
KR_6742760500,420,-1,-3,-63,-2,-2,3,1,4,3,7,0,4,4,1,3,4,-5,5,0,0,1,-10,0,-7,7,3,0,-1,-1,-1,-1,1,6,-1
KR_6750158807,420,-6,-71,-29,-11,0,2,2,-6,6,0,-2,2,0,-2,3,1,-1,1,0,-1,-14,-65,-2,-4,6,-1,0,-3,-1,-1,-1,-1,5,-1
KR_6738812597,420,-1,3,4,-6,1,1,2,-1,5,4,-1,2,1,-2,3,1,-3,4,1,0,-1,-5,-1,-8,9,1,0,0,-1,-1,-1,-1,6,-1
KR_6744168595,420,-2,-29,-17,-5,0,2,2,-4,5,1,0,1,1,-1,5,4,0,0,0,-2,-8,-22,-8,-2,10,6,0,-2,-1,-1,-1,-1,4,-1
KR_6745505074,420,0,-23,8,-2,2,0,2,-3,3,0,1,3,4,-3,5,2,1,1,2,0,2,-4,1,-6,5,1,0,0,1,1,0,-1,2,-1
KR_6747932027,420,-4,-54,-3,-11,-1,3,2,-7,9,2,0,2,2,-4,6,2,1,0,1,-1,-15,-16,3,-10,7,-1,0,-2,-1,1,-1,-1,1,-1
KR_6747102831,420,-1,-23,15,-2,0,1,1,-1,4,3,-2,3,1,1,1,2,0,0,0,1,-5,-5,-1,-11,12,-4,0,-2,-1,-1,-1,1,3,-1
KR_6740747093,420,-1,-14,-4,-2,1,1,2,-2,6,4,1,1,2,-2,4,2,0,1,1,0,-13,-46,-1,-7,8,10,0,-1,-1,-1,-1,1,5,-1
KR_6744197386,420,-8,-102,-25,-23,-5,5,0,-5,8,3,-5,7,2,-2,3,1,-6,7,1,0,-20,-5,2,-6,4,1,0,-1,-1,-1,-1,-1,6,-1
KR_6744305416,420,-7,-156,23,-9,-3,4,1,0,4,4,0,3,3,-4,5,1,-2,3,1,-1,-5,29,0,-5,5,-3,0,-3,0,-1,-1,-1,0,-1
KR_6749420693,420,-4,-60,-13,-10,2,3,5,-3,4,1,-7,7,0,-5,8,3,3,0,3,0,-17,-9,-12,-1,13,1,0,-2,-1,1,1,1,3,-1
KR_6748591859,420,-1,-6,7,-2,-2,3,1,2,0,2,-2,2,0,-1,1,0,1,0,1,0,-6,85,3,-6,3,4,0,-2,1,-1,-1,1,4,-1
KR_6746609911,420,-5,-30,-13,-14,-7,8,1,-1,6,5,-2,3,1,-1,2,1,-3,3,0,0,-20,12,2,-8,6,-7,0,-1,-1,-1,-1,-1,2,-1
KR_6747971652,420,1,-7,-3,1,3,1,4,-2,3,1,4,1,5,-6,7,1,2,1,3,0,-3,10,5,-15,10,-4,0,0,1,-1,-1,-1,5,-1
KR_6745409983,420,-6,-55,-10,-8,-5,5,0,-3,7,4,-4,4,0,2,3,5,2,0,2,1,-7,4,2,-8,6,-3,0,-2,-1,1,-1,1,2,-1
KR_6735753618,420,-1,-7,-53,-5,-5,6,1,3,1,4,-4,4,0,1,6,7,0,2,2,1,1,9,1,-10,9,-8,0,0,1,-1,0,1,6,-1
KR_6748463718,420,1,46,4,7,4,0,4,1,4,5,-3,3,0,6,1,7,-1,1,0,1,-3,0,-4,-7,11,8,0,0,1,-1,1,1,5,-1
KR_6747983472,420,-2,-37,-2,-7,-4,5,1,-1,3,2,-1,3,2,1,0,1,-2,3,1,0,-11,-64,-5,-8,13,2,0,0,0,-1,0,-1,0,-1
KR_6744208148,420,-4,-57,-23,-14,-5,5,0,-9,11,2,-2,3,1,2,2,4,0,1,1,0,-17,4,-3,-5,8,-4,0,1,-1,1,1,-1,5,-1
KR_6721323299,420,1,-14,7,-4,-1,2,1,-1,2,1,-5,6,1,1,2,3,2,1,3,0,-6,11,3,-9,6,-1,0,0,1,1,1,-1,5,-1
KR_6734677129,420,0,-8,10,4,0,0,0,0,3,3,1,1,2,2,3,5,1,1,2,1,11,22,0,-10,10,-4,0,2,-1,-1,1,1,1,-1
KR_6748005121,420,2,6,4,1,-5,7,2,0,2,2,5,3,8,4,0,4,-3,3,0,0,14,21,-7,-7,14,10,0,-1,0,-1,-1,1,0,-1
KR_6750835678,420,0,60,0,4,1,1,2,4,2,6,2,2,4,-2,2,0,-1,1,0,0,3,-8,-3,-5,8,2,0,0,-1,1,1,1,3,-1
KR_6742986156,420,-1,32,-15,-3,0,1,1,-3,4,1,-1,2,1,1,0,1,0,0,0,0,-8,-3,-1,-7,8,5,0,0,-1,-1,0,-1,4,-1
KR_6746009099,420,2,10,0,-2,-1,2,1,2,3,5,2,2,4,-6,7,1,1,2,3,0,-9,-15,2,-8,6,-3,0,1,1,1,1,1,5,-1
KR_6742535925,420,-3,-54,29,-16,2,2,4,-4,5,1,-2,3,1,-10,10,0,-2,2,0,0,-25,-36,-3,-6,9,-4,0,-2,1,-1,-1,-1,5,-1
KR_6738099482,420,-5,-54,10,-15,-7,8,1,1,3,4,0,5,5,-6,8,2,-3,3,0,0,-18,-13,-2,-6,8,-4,0,-2,-1,-1,-1,-1,6,-1
KR_6748745695,420,0,-14,-4,-7,-2,5,3,0,1,1,-2,5,3,-2,6,4,-1,1,0,-1,-7,5,1,-11,10,-5,0,0,0,1,-1,-1,0,-1
KR_6721689364,420,1,-39,-23,1,0,0,0,2,0,2,0,1,1,-1,3,2,0,1,1,0,5,33,2,-8,6,3,0,0,-1,1,0,-1,5,-1
KR_6744175975,420,-2,-1,-12,-3,-2,6,4,-3,6,3,-1,3,2,4,1,5,-1,1,0,1,-2,-15,0,-9,9,-6,0,-2,-1,-1,-1,1,6,-1
KR_6744099562,420,-1,11,-13,-5,-1,3,2,1,3,4,0,2,2,-5,5,0,0,1,1,0,0,-8,0,-9,9,3,0,1,1,1,1,-1,6,-1
KR_6743543668,420,-5,-50,-25,-17,-5,5,0,-3,4,1,-4,6,2,-3,3,0,-2,5,3,-1,-25,3,-1,-8,9,1,0,-1,-1,-1,-1,-1,2,-1
KR_6748494699,420,4,45,19,3,0,2,2,2,1,3,2,2,4,-1,6,5,0,0,0,0,-3,37,2,-12,10,3,0,2,-1,-1,1,1,6,-1
KR_6739733104,420,-8,-78,-31,-14,-5,6,1,-1,2,1,-4,4,0,-4,5,1,0,0,0,0,-11,-7,-4,-3,7,2,0,-2,-1,-1,-1,-1,4,-1
KR_6746661089,420,-3,6,-15,-10,-1,2,1,-5,5,0,-6,6,0,-3,4,1,5,1,6,1,-17,4,0,-10,10,2,0,0,-1,-1,0,1,5,-1
KR_6750942278,420,-3,-49,-32,-7,-3,5,2,2,4,6,-5,6,1,-2,9,7,1,1,2,0,-15,-11,-6,-4,10,3,0,-1,-1,1,-1,-1,5,-1
KR_6741231861,420,-6,-47,-23,-13,-1,3,2,-4,7,3,0,2,2,-5,5,0,-3,3,0,0,-20,-1,0,-8,8,2,0,-2,-1,-1,-1,1,4,-1
KR_6745850865,420,-5,-32,-23,-14,-5,6,1,-3,4,1,-5,8,3,-4,4,0,3,1,4,0,-29,-3,-3,-7,10,-2,0,0,0,-1,-1,1,0,-1
KR_6749575102,420,2,-57,-13,5,3,0,3,2,3,5,2,0,2,-2,4,2,0,1,1,0,9,-26,-4,-5,9,10,0,1,-1,1,1,-1,6,-1
KR_6751736326,420,-3,-48,-15,-12,-3,3,0,-4,6,2,-3,3,0,-2,2,0,0,0,0,0,-16,-5,-3,-5,8,0,0,-2,-1,-1,-1,-1,6,-1
KR_6745322419,420,1,-47,20,3,1,0,1,3,3,6,-2,4,2,0,4,4,1,0,1,0,3,44,0,-10,10,-5,0,-1,1,-1,-1,-1,4,-1
KR_6749234968,420,1,-13,-8,2,2,0,2,1,2,3,1,3,4,-1,3,2,-1,2,1,0,12,9,3,-8,5,-1,0,0,-1,-1,1,1,4,-1
KR_6747965055,420,0,-56,12,1,3,0,3,-2,4,2,2,0,2,-5,7,2,3,0,3,0,-3,14,-1,-8,9,0,0,0,1,1,1,-1,4,-1
KR_6747938451,420,-1,6,-35,-3,-2,2,0,-3,4,1,0,2,2,3,2,5,-1,2,1,2,4,12,-2,-6,8,-2,0,-1,-1,-1,-1,1,2,-1
KR_6747462817,420,-3,-22,4,-10,-2,2,0,1,2,3,-3,3,0,-4,5,1,-2,2,0,0,-8,-22,-6,-4,10,2,0,-1,-1,-1,-1,-1,2,-1
KR_6729451937,420,-2,-40,-1,-8,-2,3,1,-1,3,2,0,1,1,-5,5,0,0,1,1,0,-8,-15,-3,-5,8,5,0,0,-1,-1,-1,-1,4,-1
KR_6740102536,420,-3,-4,-19,-2,0,1,1,-1,4,3,-6,6,0,0,2,2,5,0,5,1,-4,-8,-6,-6,12,1,0,-2,1,1,-1,1,5,-1
KR_6748034830,420,-2,-13,5,-1,-2,4,2,0,2,2,0,1,1,1,0,1,0,0,0,0,-3,-7,-1,-8,9,4,0,0,-1,-1,0,-1,2,-1
KR_6749507657,420,-7,-47,-25,-14,-1,2,1,-3,5,2,-2,3,1,-5,5,0,-3,3,0,0,-16,18,-3,-4,7,8,0,0,-1,1,-1,-1,2,-1
KR_6734694248,420,0,-5,31,-5,-1,3,2,-1,2,1,1,0,1,-2,4,2,-2,2,0,0,-4,-7,-3,-5,8,5,0,-1,-1,-1,-1,-1,3,-1
KR_6725118502,420,-4,-63,-31,-2,-1,3,2,-3,5,2,-2,4,2,3,4,7,1,2,3,0,2,-3,-1,-9,10,1,0,-1,1,-1,-1,1,1,-1
KR_6749059469,420,1,-63,-24,-2,1,1,2,3,1,4,-1,2,1,-6,6,0,1,0,1,0,-1,5,-1,-7,8,-2,0,-4,1,-1,-1,-1,5,-1
KR_6745165469,420,-1,36,-19,1,-1,1,0,2,2,4,0,2,2,0,2,2,0,0,0,0,4,2,4,-9,5,-6,0,0,1,-1,0,1,6,-1
KR_6750767056,420,-3,-104,9,-7,-5,5,0,5,0,5,-3,3,0,-2,3,1,-2,2,0,0,-9,43,-1,-8,9,-33,0,-1,-1,-1,-1,-1,2,-1
KR_6732627982,420,2,26,3,1,7,0,7,0,3,3,0,1,1,-6,6,0,0,1,1,0,-4,-19,-5,-4,9,7,0,0,-1,1,1,-1,5,-1
KR_6737922893,420,-4,-86,-12,-8,-1,1,0,0,5,5,-4,4,0,-3,5,2,0,2,2,0,-5,-4,-1,-8,9,-4,0,0,-1,-1,-1,-1,3,-1
KR_6732767875,420,5,24,23,7,1,1,2,4,1,5,1,4,5,3,0,3,-2,2,0,0,10,-2,-3,-4,7,-1,0,-1,1,-1,-1,-1,2,-1
KR_6744286566,420,-4,-46,0,-6,-3,5,2,1,2,3,-5,5,0,2,0,2,-1,2,1,0,-11,6,2,-11,9,-5,0,-1,-1,1,-1,-1,5,-1
KR_6742176406,420,-3,-28,-24,-9,2,1,3,-5,6,1,-3,3,0,-2,6,4,-1,2,1,0,-22,-4,5,-10,5,-2,0,-1,-1,-1,-1,1,6,-1
KR_6746464518,420,-1,8,3,1,2,1,3,-3,7,4,-1,3,2,4,3,7,-1,1,0,0,-1,9,-2,-8,10,1,0,2,1,1,1,1,5,-1
KR_6748423574,420,-1,-37,4,2,-4,4,0,-2,6,4,2,0,2,5,3,8,1,0,1,1,-3,5,2,-10,8,-5,0,0,-1,-1,0,1,2,-1
KR_6749220003,420,3,-72,32,7,1,1,2,4,2,6,3,1,4,-3,3,0,2,1,3,0,7,36,1,-11,10,5,0,-1,0,1,-1,-1,0,-1
KR_6749984590,420,-6,-41,-20,-20,-5,5,0,-1,1,0,-5,6,1,-9,9,0,0,0,0,-2,-20,13,1,-7,6,-2,0,-2,-1,-1,-1,-1,5,-1
KR_6750587109,420,-6,-70,0,-14,0,0,0,4,2,6,-4,5,1,-7,9,2,-7,7,0,0,-15,-18,-3,-6,9,-7,0,-2,-1,1,-1,1,2,-1
KR_6740253259,420,1,-18,-4,0,1,1,2,-1,2,1,-1,2,1,3,2,5,-2,3,1,0,-2,12,4,-9,5,-9,0,0,1,1,0,1,1,-1
KR_6751442104,420,-9,-121,-30,-27,-9,10,1,-6,7,1,-5,5,0,-7,9,2,0,2,2,-3,-25,43,-4,-2,6,-9,0,-3,-1,-1,-1,-1,6,-1
KR_6751472678,420,1,-45,38,-4,0,2,2,-1,4,3,-4,6,2,0,3,3,1,0,1,-2,-3,-1,0,-10,10,7,0,-1,1,-1,-1,-1,3,-1
KR_6749577841,420,0,-42,27,-3,-2,3,1,-2,2,0,-1,3,2,1,1,2,1,1,2,0,-8,8,1,-9,8,2,0,0,-1,-1,0,-1,6,-1
KR_6744925434,420,-1,22,4,-4,0,2,2,0,3,3,0,1,1,-4,10,6,0,1,1,-1,-4,13,1,-9,8,-13,0,0,-1,1,0,-1,6,-1
KR_6747174197,420,-7,-67,4,-17,-1,5,4,-4,5,1,-5,8,3,-7,9,2,0,1,1,0,-20,-7,-5,-8,13,-3,0,-4,-1,1,-1,-1,4,-1
KR_6737533049,420,1,2,-1,-1,0,1,1,1,2,3,0,3,3,-1,3,2,-1,2,1,0,-3,-58,-5,-5,10,4,0,0,1,-1,0,-1,3,-1
KR_6743209049,420,-3,-23,8,-9,-2,2,0,1,1,2,-3,4,1,-4,4,0,-1,1,0,0,-9,-6,-1,-8,9,3,0,1,-1,1,1,1,2,-1
KR_6746562275,420,-7,-129,-15,-10,-7,9,2,-1,5,4,-3,4,1,1,3,4,0,2,2,0,-7,8,1,-9,8,-4,0,0,0,1,-1,-1,0,-1
KR_6724319872,420,1,72,-3,2,-1,2,1,-3,5,2,2,2,4,3,4,7,1,0,1,-1,-1,-5,4,-13,9,2,0,3,-1,1,1,-1,2,-1
KR_6744231588,420,0,-41,-8,-3,-2,3,1,0,5,5,-1,3,2,-1,2,1,1,1,2,0,-3,-29,-4,-3,7,-2,0,-1,1,-1,-1,-1,4,-1
KR_6748381115,420,-7,-130,-39,-18,-1,3,2,-4,5,1,-1,3,2,-12,14,2,0,2,2,-2,-30,0,-3,-7,10,2,0,-3,1,-1,-1,-1,5,-1
KR_6719230270,440,2,-24,8,-2,2,0,2,4,2,6,-6,8,2,-5,5,0,3,0,3,-2,-7,-6,-8,-3,11,2,0,0,1,-1,-1,-1,6,-1
KR_6742290177,420,-2,29,20,0,0,2,2,-1,7,6,0,2,2,1,3,4,0,0,0,-1,-6,17,7,-13,6,-29,0,-1,1,1,1,-1,5,-1
KR_6744544610,420,0,-24,-13,1,2,1,3,3,1,4,1,2,3,-4,5,1,-1,2,1,-1,-4,-8,-7,-5,12,5,0,0,1,1,-1,-1,6,-1
KR_6746559811,420,5,-8,-7,13,3,0,3,1,5,6,2,4,6,8,2,10,-1,1,0,0,22,-17,8,-13,5,-5,0,-1,1,-1,-1,1,6,-1
KR_6747444668,420,-9,-66,-48,-10,-5,5,0,1,1,2,-1,5,4,-4,4,0,-1,2,1,-1,-10,-34,1,-6,5,-7,0,-4,-1,-1,-1,-1,5,-1
KR_6742453223,420,-2,-39,19,0,1,0,1,1,2,3,-2,4,2,0,2,2,0,0,0,0,0,39,-2,-7,9,-11,0,1,1,1,1,1,4,-1
KR_6739748188,420,-2,-11,-18,-7,-3,3,0,-3,5,2,-6,6,0,5,0,5,0,0,0,0,-5,37,2,-8,6,-3,0,-1,-1,1,-1,1,1,-1
KR_6736285799,420,-4,8,-31,3,-4,4,0,2,1,3,2,2,4,2,1,3,1,0,1,0,13,-1,-1,-6,7,3,0,1,-1,-1,-1,1,5,-1
KR_6746942074,420,-3,11,-20,-7,-5,5,0,2,3,5,-1,1,0,-2,4,2,-1,1,0,0,-8,-20,-9,-8,17,1,0,-1,0,-1,-1,1,0,-1
KR_6714766661,420,0,-20,12,-7,0,0,0,-3,5,2,-5,5,0,2,3,5,-1,2,1,1,-1,5,-3,-5,8,-7,0,-1,-1,-1,-1,1,5,-1
KR_6751108757,420,-3,-24,-11,-5,-2,5,3,-1,4,3,2,3,5,-4,4,0,0,0,0,0,-14,-53,-5,-5,10,5,0,0,-1,-1,-1,1,3,-1
KR_6730562379,420,-5,-47,-29,-10,0,1,1,-8,9,1,-1,2,1,0,2,2,-1,2,1,0,-18,27,-6,-6,12,-4,0,0,1,-1,-1,1,4,-1
KR_6748391336,420,3,-16,-9,1,-1,3,2,4,2,6,1,1,2,-5,8,3,2,0,2,0,6,-17,-8,-5,13,2,0,1,-1,-1,1,-1,2,-1
KR_6750100076,420,-5,-52,-12,-8,-2,5,3,1,2,3,-1,4,3,-4,6,2,-2,2,0,1,-1,4,-2,-14,16,-4,0,-1,-1,1,-1,1,2,-1
KR_6750110672,420,-2,29,-10,-10,-1,2,1,-3,5,2,-2,3,1,-2,4,2,-2,2,0,0,-17,-5,0,-7,7,6,0,0,-1,1,1,-1,1,-1
KR_6750719553,420,0,-22,-20,0,0,1,1,1,5,6,-1,2,1,-1,1,0,1,2,3,-1,3,-47,-5,-4,9,3,0,0,-1,-1,0,-1,2,-1
KR_6744735879,420,-1,34,-47,0,-2,2,0,-2,4,2,-1,1,0,4,1,5,1,0,1,0,4,-12,-4,-7,11,1,0,-1,1,-1,-1,-1,6,-1
KR_6739407669,420,-6,-50,-26,-11,-6,6,0,1,3,4,-4,4,0,1,3,4,-3,3,0,0,-8,-30,5,-12,7,-3,0,-3,1,-1,-1,-1,6,-1
KR_6745727343,420,0,-23,-6,-6,-2,2,0,-3,4,1,-4,4,0,4,3,7,-1,1,0,0,-9,24,1,-11,10,0,0,-2,-1,1,1,-1,5,-1
KR_6748853491,420,2,47,-8,1,-1,2,1,1,3,4,1,2,3,-2,6,4,2,0,2,0,0,7,5,-15,10,-5,0,1,-1,1,1,-1,2,-1
KR_6744836832,420,-8,-65,-31,-20,0,2,2,-8,8,0,-5,5,0,-6,6,0,-1,1,0,0,-28,-13,-2,-8,10,-1,0,-3,-1,-1,-1,-1,5,-1
KR_6740531586,420,-6,-78,-29,-7,-2,2,0,1,1,2,0,1,1,-5,5,0,-1,1,0,0,-4,-6,-6,-3,9,5,0,-1,-1,-1,-1,-1,6,-1
KR_6747015199,420,5,62,1,7,-9,9,0,7,0,7,3,4,7,5,0,5,1,0,1,0,13,-15,4,-12,8,-3,0,1,-1,1,1,-1,4,-1
KR_6745907755,420,2,32,1,7,1,1,2,8,1,9,1,0,1,-3,7,4,0,0,0,0,6,20,6,-14,8,-2,0,0,-1,1,0,-1,3,-1
KR_6750688909,420,-2,5,10,-7,2,1,3,-3,3,0,-1,4,3,-2,2,0,-3,3,0,0,-8,-41,5,-11,6,5,0,1,-1,1,1,-1,5,-1
KR_6748580687,420,-1,42,9,-3,0,3,3,-3,5,2,-2,2,0,2,0,2,0,0,0,0,-11,-4,1,-7,6,-1,0,-1,-1,-1,-1,-1,3,-1
KR_6744798053,420,1,-22,5,-3,-2,3,1,-3,5,2,-2,4,2,2,2,4,2,1,3,1,-1,-303,4,-9,5,1,0,0,-1,-1,-1,1,1,-1
KR_6731261401,420,-9,-103,-56,-21,-7,9,2,-6,8,2,0,2,2,-6,7,1,-2,2,0,-2,-18,-18,-11,-3,14,1,0,-3,-1,-1,-1,-1,2,-1
KR_6732469958,440,-1,-7,0,-6,-2,2,0,0,0,0,3,0,3,1,0,1,-8,8,0,0,-4,-6,-1,-5,6,-1,0,1,-1,-1,1,-1,1,-1
KR_6743508276,420,-1,-12,0,-3,0,4,4,-2,3,1,-2,2,0,1,0,1,0,0,0,0,2,37,2,-8,6,0,0,0,-1,-1,0,-1,5,-1
KR_6745331921,420,-7,-31,-40,-11,-2,4,2,-4,4,0,1,1,2,-4,4,0,-2,2,0,1,-13,8,-4,-6,10,-2,0,-2,-1,-1,-1,1,6,-1
KR_6747209630,420,-1,-54,-4,-4,-1,1,0,-2,3,1,0,0,0,1,3,4,-2,2,0,0,0,-17,-9,-2,11,11,0,-1,-1,-1,-1,-1,3,-1
KR_6746724102,420,-1,56,-4,-7,-5,6,1,0,3,3,1,1,2,1,1,2,-4,5,1,-1,-9,25,0,-9,9,4,0,2,1,1,1,1,4,-1
KR_6747416629,420,-3,-58,-16,-11,3,0,3,-5,8,3,-5,5,0,-3,6,3,-1,3,2,0,-19,0,-2,-6,8,-2,0,-1,-1,-1,-1,-1,1,-1
KR_6742046305,440,-7,-112,-51,-6,-2,3,1,1,2,3,1,1,2,2,2,4,-8,8,0,-1,8,8,0,-6,6,1,0,-4,-1,-1,-1,-1,1,-1
KR_6725579178,420,-4,-62,-40,-11,0,0,0,-1,2,1,0,1,1,-9,10,1,-1,1,0,-1,-12,-2,5,-12,7,-7,0,-2,-1,-1,-1,-1,4,-1
KR_6740492950,420,1,-27,12,4,0,2,2,1,2,3,1,2,3,0,1,1,2,0,2,0,12,-5,-2,-6,8,5,0,-2,1,-1,-1,1,5,-1
KR_6745434139,420,2,-53,-12,4,1,2,3,1,2,3,2,1,3,2,0,2,-2,2,0,0,2,39,6,-12,6,-9,0,-1,-1,1,1,1,3,-1
KR_6750288283,420,0,-26,-8,-3,0,1,1,-1,3,2,-3,3,0,1,1,2,0,0,0,0,3,-8,-2,-7,9,5,0,0,-1,1,0,-1,1,-1
KR_6751637204,420,2,3,2,5,-4,4,0,-5,5,0,3,1,4,4,4,8,7,0,7,0,0,-36,-3,-5,8,-2,0,1,-1,1,1,1,3,-1
KR_6750157544,420,-2,-19,18,-6,4,1,5,-1,3,2,-3,3,0,-4,5,1,-2,2,0,-1,-8,18,2,-8,6,1,0,1,-1,-1,1,1,4,-1
KR_6742200133,420,-1,19,7,-4,-1,4,3,2,3,5,1,0,1,-4,8,4,-2,2,0,0,-6,-15,-5,-9,14,7,0,-1,-1,1,-1,-1,6,-1
KR_6746672707,420,-3,-15,-7,-5,-1,3,2,-1,3,2,-3,3,0,-1,2,1,1,0,1,0,-8,-11,-4,-5,9,-9,0,0,-1,-1,-1,1,1,-1
KR_6748371029,420,0,-23,-3,-3,0,1,1,-3,4,1,4,1,5,-4,4,0,0,0,0,0,-3,-1,-3,-6,9,-1,0,-2,1,-1,-1,1,3,-1
KR_6727906226,420,-1,-14,1,3,0,1,1,-1,4,3,-1,4,3,6,1,7,-1,1,0,1,14,-11,-1,-6,7,2,0,0,-1,-1,-1,1,3,-1
KR_6744250117,420,-6,-40,0,-13,2,2,4,-3,5,2,-5,5,0,-1,2,1,-6,6,0,0,-5,4,0,-8,8,-5,0,-4,-1,-1,-1,1,5,-1
KR_6748248100,420,0,27,-35,2,-1,2,1,0,3,3,1,0,1,2,2,4,0,1,1,0,3,-15,0,-9,9,10,0,1,-1,-1,-1,1,1,-1
KR_6750320090,420,0,-38,-4,-6,1,1,2,0,4,4,-1,2,1,-5,6,1,-1,1,0,0,-18,-8,-1,-9,10,2,0,0,1,1,0,-1,1,-1
KR_6748706791,420,-3,-2,7,-11,0,1,1,-1,2,1,-6,6,0,-4,4,0,0,0,0,-1,-24,-34,0,-4,4,-9,0,0,-1,1,1,-1,5,-1
KR_6738599362,420,-3,0,3,-6,-2,2,0,-5,5,0,-1,1,0,1,1,2,1,0,1,0,-9,0,2,-9,7,0,0,0,-1,1,0,-1,5,-1
KR_6725972813,420,-1,-5,-21,0,-4,6,2,6,1,7,-3,4,1,0,2,2,1,0,1,0,1,40,4,-7,3,0,0,0,1,-1,0,1,3,-1
KR_6742522715,440,-2,-63,11,1,1,3,4,-1,2,1,0,0,0,-4,6,2,5,2,7,0,-5,6,0,-6,6,-4,0,-1,1,-1,-1,1,1,-1
KR_6748772876,420,-4,-13,2,-8,0,2,2,-4,5,1,-1,3,2,-1,1,0,-2,3,1,-1,-5,6,0,-8,8,-3,0,-2,1,1,-1,-1,6,-1
KR_6746187755,420,0,-49,-7,-3,-2,4,2,1,2,3,1,2,3,-1,2,1,-2,3,1,0,-1,-29,-2,-10,12,9,0,-1,1,1,1,-1,6,-1
KR_6718585526,420,-3,-70,-64,-3,-1,3,2,1,1,2,1,2,3,-7,8,1,3,0,3,0,-6,2,-7,-4,11,-1,0,-3,1,-1,-1,-1,1,-1
KR_6741202361,420,-2,30,-19,-2,2,0,2,-3,3,0,0,1,1,-2,5,3,1,0,1,0,-8,-31,4,-10,6,3,0,0,-1,-1,1,1,1,-1
KR_6751003208,420,2,-17,-3,3,0,0,0,1,1,2,3,1,4,0,4,4,-1,1,0,0,-1,-1,-3,-5,8,3,0,1,1,1,1,-1,5,-1
KR_6750572215,420,0,-55,-4,1,-4,4,0,2,1,3,1,0,1,2,0,2,0,0,0,0,6,2,-1,-6,7,0,0,0,1,-1,0,-1,1,-1
KR_6744748564,420,-3,13,-2,-11,-1,1,0,-1,3,2,-2,5,3,-8,12,4,1,1,2,1,-23,-13,-1,-10,11,-2,0,-2,-1,1,-1,1,3,-1
KR_6745137974,420,-2,-19,-34,1,-5,5,0,-2,3,1,0,1,1,6,1,7,2,0,2,0,3,19,1,-8,7,-3,0,0,1,1,1,-1,5,-1
KR_6751425929,420,1,-14,-11,-1,1,3,4,-2,3,1,-4,5,1,1,1,2,3,2,5,0,-2,2,-1,-7,8,-1,0,1,1,1,1,1,6,-1
KR_6750476237,420,-10,-84,-32,-20,-5,5,0,1,4,5,-11,11,0,-4,6,2,-1,1,0,0,-15,-4,-3,-8,11,-4,0,-2,-1,-1,-1,-1,2,-1
KR_6735967134,420,-2,-5,-9,-4,-1,1,0,1,1,2,-4,4,0,0,0,0,0,2,2,0,-8,11,-4,-5,9,-3,0,0,1,-1,0,1,5,-1
KR_6738825492,420,-4,-15,-20,1,1,1,2,1,2,3,-2,2,0,0,0,0,1,1,2,0,4,11,2,-9,7,-6,0,-1,1,-1,-1,1,5,-1
KR_6746314546,420,3,-6,2,1,-3,3,0,4,2,6,-2,3,1,1,3,4,1,1,2,0,-3,40,-2,-10,12,-2,0,1,1,1,1,1,3,-1
KR_6750566709,420,-5,-1,-27,-11,-1,4,3,-3,6,3,-2,3,1,-3,5,2,-2,3,1,0,-21,0,-3,-7,10,-2,0,-2,-1,-1,-1,-1,1,-1
KR_6750331377,420,1,22,-4,0,1,1,2,-4,5,1,0,2,2,1,0,1,2,0,2,0,0,-43,3,-8,5,6,0,0,1,-1,0,1,1,-1
KR_6746070427,420,0,2,43,0,2,1,3,-4,5,1,1,3,4,-1,2,1,2,0,2,0,-3,35,-2,-9,11,-1,0,-1,1,1,-1,1,2,-1
KR_6744584433,420,-3,0,-16,-3,0,2,2,-4,6,2,0,3,3,2,3,5,-1,1,0,0,-1,12,1,-10,9,-2,0,0,-1,-1,-1,-1,3,-1
KR_6745104475,420,0,-5,8,-8,0,2,2,0,4,4,-8,9,1,1,1,2,-1,1,0,0,-8,61,-5,-5,10,4,0,-1,-1,-1,-1,-1,1,-1
KR_6747497698,420,0,-67,3,-1,2,1,3,-2,3,1,1,4,5,-3,3,0,1,0,1,0,-8,2,4,-9,5,-1,0,0,-1,-1,-1,1,4,-1
KR_6750954492,420,-1,0,-1,-4,-2,3,1,0,3,3,1,0,1,-3,3,0,0,0,0,0,-9,-3,-7,-4,11,-1,0,3,-1,1,1,1,6,-1
KR_6743882567,420,-2,-18,-35,-4,1,0,1,-4,6,2,-3,3,0,1,1,2,1,0,1,0,-7,7,1,-8,7,-2,0,0,1,-1,-1,-1,6,-1
KR_6751533509,420,2,-14,-18,2,0,1,1,5,0,5,2,1,3,-5,5,0,0,1,1,0,4,3,1,-10,9,-1,0,-1,-1,-1,-1,1,4,-1
KR_6748056535,420,0,-25,-20,2,0,0,0,-1,4,3,1,0,1,1,1,2,1,0,1,0,-1,-31,-3,-5,8,-1,0,-2,-1,-1,-1,-1,3,-1
KR_6751565722,420,-3,10,-35,-5,-3,4,1,-1,3,2,-1,2,1,0,4,4,0,0,0,0,-1,-2,-8,-7,15,6,0,0,1,-1,-1,-1,5,-1
KR_6744063239,420,-4,-41,-36,-5,-6,10,4,3,1,4,-1,3,2,0,0,0,-1,1,0,1,-6,9,2,-10,8,-1,0,1,-1,1,1,1,1,-1
KR_6723498070,440,-5,-101,-46,-10,-3,4,1,0,3,3,-5,5,0,-3,4,1,1,1,2,0,-2,-2,1,-8,7,2,0,-4,-1,1,-1,-1,5,-1
KR_6750685337,420,-2,4,-20,-8,1,1,2,-5,6,1,4,1,5,-8,8,0,0,0,0,0,-18,3,-3,-5,8,-3,0,-2,-1,-1,-1,-1,1,-1
KR_6744260437,420,-7,-45,-51,-13,1,2,3,-4,5,1,-3,3,0,-1,5,4,-6,6,0,0,-18,-34,-1,-6,7,-1,0,-4,-1,-1,-1,-1,2,-1
KR_6736952820,440,-3,-27,4,-14,-4,5,1,4,0,4,-7,7,0,-7,13,6,0,2,2,-2,-22,-5,-3,-2,5,3,0,-2,1,1,-1,-1,4,-1
KR_6743078369,420,-3,1,-31,0,0,1,1,-4,6,2,4,0,4,2,3,5,-2,3,1,0,-5,3,1,-10,9,-2,0,1,-1,1,1,1,1,-1
KR_6746674524,420,-2,-53,16,-9,-3,4,1,1,3,4,-2,6,4,-4,4,0,-1,3,2,0,-13,3,0,-12,12,-5,0,-1,1,-1,-1,1,6,-1
KR_6748789588,420,2,42,-17,8,0,0,0,2,5,7,7,3,10,-3,5,2,2,2,4,0,11,4,0,-11,11,4,0,1,1,-1,-1,1,5,-1
KR_6738962718,420,0,-25,78,-10,3,2,5,-5,7,2,-1,1,0,-8,9,1,1,1,2,-1,-16,-4,-5,-4,9,-7,0,-1,-1,-1,-1,-1,4,-1
KR_6751865261,420,2,23,-9,3,0,1,1,1,0,1,2,2,4,-2,4,2,2,0,2,0,4,-9,-5,-3,8,-1,0,0,1,-1,0,1,2,-1
KR_6747503340,420,-3,-31,-5,-7,-4,4,0,2,1,3,1,2,3,-4,9,5,-2,4,2,1,3,-2,2,-8,6,-7,0,0,0,-1,-1,1,0,-1
KR_6745032826,420,-5,-21,-15,-7,0,2,2,-4,5,1,0,2,2,-3,4,1,0,1,1,0,-14,0,1,-9,8,-2,0,-2,-1,-1,-1,1,2,-1
KR_6748003112,420,-1,32,-24,-10,5,0,5,-9,9,0,0,3,3,-6,8,2,0,1,1,0,-15,3,-2,-5,7,3,0,-1,-1,-1,-1,-1,5,-1
KR_6737642225,420,-3,-9,-10,-12,-2,3,1,-5,7,2,-6,6,0,-1,3,2,2,2,4,0,-5,38,-2,-7,9,-21,0,-1,1,-1,-1,-1,3,-1
KR_6750098694,420,2,42,3,7,3,2,5,3,1,4,0,2,2,3,1,4,-2,3,1,1,8,23,6,-11,5,-10,0,0,1,-1,-1,1,1,-1
KR_6750037946,420,-1,-30,33,4,3,0,3,1,2,3,-1,3,2,3,2,5,-2,2,0,0,6,8,-3,-10,13,2,0,0,1,-1,0,-1,1,-1
KR_6743204988,420,-4,18,-51,-2,0,0,0,-1,3,2,-2,3,1,1,1,2,0,0,0,0,-9,0,-2,-6,8,-5,0,-2,-1,-1,-1,-1,1,-1
KR_6750623556,420,-1,26,-9,-5,-1,3,2,1,2,3,-2,4,2,-1,3,2,-2,2,0,0,-6,-6,4,-10,6,-3,0,0,-1,-1,1,1,4,-1
KR_6732985152,420,-6,-82,-16,-27,0,1,1,-5,11,6,-11,11,0,-10,11,1,-1,2,1,0,-31,-4,3,-11,8,0,0,-6,0,-1,-1,-1,0,-1
KR_6720488307,420,-5,-78,-25,-13,0,2,2,-3,6,3,-1,3,2,-10,10,0,1,1,2,0,-8,58,0,-7,7,-7,0,0,-1,-1,-1,-1,3,-1
KR_6745321977,420,-3,-20,-7,-6,-1,4,3,-1,5,4,-3,4,1,-2,4,2,1,0,1,0,-6,1,1,-9,8,0,0,-1,0,-1,-1,-1,0,-1
KR_6747516491,420,0,-32,-3,-4,1,1,2,-2,5,3,1,3,4,-4,6,2,0,1,1,-1,-11,0,-2,-7,9,-6,0,1,1,1,1,-1,5,-1
KR_6750993211,420,-4,6,-16,-13,-2,2,0,0,2,2,-7,8,1,-4,5,1,0,0,0,0,-21,7,2,-10,8,4,0,-1,-1,1,-1,-1,3,-1
KR_6748396945,420,-3,-57,8,-11,-2,4,2,-5,6,1,1,3,4,-5,5,0,0,1,1,1,-9,-19,-3,-5,8,-1,0,-3,1,-1,-1,1,5,-1
KR_6749167932,420,-1,71,-5,-2,-1,1,0,-1,2,1,0,1,1,2,1,3,-2,4,2,0,2,-7,1,-9,8,1,0,0,-1,-1,0,-1,2,-1
KR_6738557237,420,-2,-22,11,-3,3,1,4,-2,5,3,0,0,0,-2,5,3,-2,2,0,0,-7,-32,4,-8,4,-2,0,-1,-1,-1,-1,-1,4,-1
KR_6738405092,420,-1,-34,-9,5,1,0,1,6,0,6,3,2,5,-5,6,1,0,0,0,0,7,45,-2,-10,12,-8,0,0,1,-1,-1,-1,1,-1
KR_6749621983,420,-1,-45,-10,-4,-2,3,1,4,4,8,-5,5,0,-2,4,2,1,0,1,0,-10,-5,-2,-6,8,1,0,-2,-1,-1,-1,-1,4,-1
KR_6744116614,420,-3,10,-26,-9,-2,4,2,-9,11,2,1,3,4,1,4,5,0,1,1,0,-5,8,2,-11,9,-2,0,-1,1,-1,-1,-1,2,-1
KR_6724432926,420,-5,-33,0,-9,-5,7,2,-6,7,1,2,0,2,-1,3,2,1,1,2,0,-12,5,2,-9,7,-5,0,-1,1,-1,-1,-1,2,-1
KR_6747194444,420,1,34,17,-1,2,0,2,0,5,5,-1,5,4,0,3,3,-2,4,2,1,-3,-7,-1,-8,9,5,0,1,-1,1,1,1,6,-1
KR_6742635948,420,-5,-105,18,-15,-2,3,1,-2,3,1,-7,8,1,-8,10,2,4,0,4,0,-12,-5,-7,-2,9,2,0,-2,-1,-1,-1,1,1,-1
KR_6744779036,420,-7,-108,-50,-14,-1,3,2,-3,5,2,0,2,2,-5,7,2,-5,7,2,0,-17,-5,-4,-6,10,-1,0,-3,-1,-1,-1,-1,3,-1
KR_6745621835,420,-1,-35,5,-3,1,1,2,-2,6,4,0,2,2,-1,1,0,-1,1,0,0,1,52,3,-11,8,-10,0,-1,1,1,-1,-1,4,-1
KR_6747424225,420,-1,-42,-11,-5,-1,3,2,-4,8,4,0,1,1,-3,3,0,3,0,3,0,-3,-5,-7,-5,12,10,0,1,-1,-1,-1,1,3,-1
KR_6750010676,420,0,-70,24,4,0,3,3,4,3,7,-2,8,6,1,2,3,1,0,1,1,8,-1,-4,-9,13,-3,0,-3,-1,-1,-1,1,4,-1
KR_6718872304,420,-4,-14,-4,-13,-2,2,0,-7,8,1,-2,3,1,-1,1,0,-1,2,1,0,-15,-3,-3,-4,7,-3,0,-1,1,-1,-1,1,1,-1
KR_6737673032,420,-4,28,-24,-7,5,1,6,-3,5,2,0,1,1,-5,5,0,-4,5,1,0,-6,3,7,-12,5,-7,0,-2,-1,-1,-1,-1,5,-1
KR_6720621537,420,-4,-9,-1,-9,-5,6,1,-4,5,1,2,2,4,-3,5,2,1,2,3,2,6,0,1,-7,6,2,0,-2,-1,1,-1,1,2,-1
KR_6741360899,420,-6,-92,-22,-22,-4,5,1,-4,6,2,-8,10,2,-4,4,0,-2,2,0,-1,-18,-2,-4,-5,9,-2,0,-2,-1,-1,-1,-1,1,-1
KR_6750668320,420,1,-6,-4,2,0,0,0,3,1,4,1,1,2,-1,1,0,-1,1,0,1,5,-8,-1,-8,9,12,0,0,-1,1,0,1,4,-1
KR_6751611340,420,1,48,-26,-2,-1,1,0,6,0,6,-2,6,4,-4,6,2,-1,2,1,-2,-9,-1,7,-12,5,-1,0,0,1,-1,-1,1,2,-1
KR_6721548861,420,-7,-111,-20,-19,-2,4,2,-6,8,2,-4,6,2,-9,9,0,2,0,2,-1,-17,-37,-4,-5,9,1,0,-4,-1,-1,-1,-1,1,-1
KR_6738543371,420,0,-33,4,-3,-2,2,0,-4,4,0,1,0,1,2,0,2,0,1,1,0,-3,38,-2,-7,9,0,0,1,0,-1,1,-1,0,-1
KR_6746085598,420,1,11,6,0,5,1,6,-3,4,1,0,1,1,-1,1,0,-1,3,2,0,-6,-2,0,-4,4,2,0,3,-1,1,1,-1,5,-1
KR_6743703574,420,-5,-13,-32,-14,-3,4,1,1,2,3,-6,6,0,-7,8,1,1,0,1,0,-22,-2,-1,-9,10,3,0,-1,1,-1,-1,-1,3,-1
KR_6731960923,420,-2,-50,19,-13,-5,6,1,-3,4,1,-2,3,1,2,1,3,-5,9,4,0,-11,16,-3,-3,6,1,0,-4,1,-1,-1,1,5,-1
KR_6748292370,420,-2,-26,-24,-2,1,1,2,-1,2,1,0,1,1,-2,2,0,0,0,0,0,0,6,3,-10,7,1,0,0,-1,-1,0,-1,2,-1
KR_6749381389,420,-2,-92,5,-6,-6,7,1,-1,3,2,0,3,3,-3,5,2,4,0,4,0,-4,6,1,-9,8,0,0,-1,1,1,-1,1,6,-1
KR_6732965077,420,-2,3,-1,-6,3,0,3,-1,5,4,-3,3,0,-1,4,3,-4,4,0,0,-5,-33,0,-8,8,-1,0,-1,-1,1,1,-1,5,-1
KR_6747909205,420,-4,-73,-21,-11,0,2,2,-5,5,0,-2,4,2,-1,2,1,-3,3,0,-1,-11,-5,2,-10,8,0,0,-1,-1,1,-1,-1,6,-1
KR_6749874596,420,0,-64,4,-3,-1,1,0,0,3,3,-1,2,1,-1,4,3,0,1,1,0,-2,-40,-6,-6,12,6,0,0,-1,1,0,1,6,-1
KR_6743426375,420,1,5,18,0,-1,1,0,1,4,5,0,2,2,2,3,5,-2,2,0,0,-1,-12,1,-7,6,5,0,0,1,-1,0,-1,6,-1
KR_6725321002,420,-4,-55,-5,-11,-1,1,0,-1,6,5,-2,5,3,-6,9,3,-1,2,1,0,-7,-28,2,-6,4,2,0,-1,-1,1,-1,-1,4,-1
KR_6747654421,420,-2,-10,-12,-6,2,0,2,-4,6,2,-4,6,2,1,1,2,-1,2,1,0,-6,31,-5,-5,10,-7,0,-1,1,-1,1,-1,3,-1
KR_6745348473,420,-2,-12,13,-8,2,0,2,-2,6,4,-4,6,2,-3,4,1,-1,3,2,0,-9,-13,-3,-5,8,-1,0,-2,-1,1,-1,-1,5,-1
KR_6752003371,420,3,49,-7,-2,1,0,1,-3,4,1,-2,4,2,2,3,5,0,1,1,0,-8,33,-5,-9,14,3,0,1,-1,1,1,-1,5,-1
KR_6743623149,420,-2,-50,-24,-5,0,1,1,-3,5,2,3,4,7,-5,7,2,0,0,0,0,-7,-15,0,-7,7,5,0,-2,-1,-1,-1,-1,5,-1
KR_6744552637,420,-1,-56,14,-3,0,3,3,0,6,6,-2,3,1,1,3,4,-2,2,0,-2,-14,-65,-8,-3,11,6,0,-1,-1,1,-1,-1,2,-1
KR_6745268581,420,-2,4,-19,-3,-3,3,0,-1,3,2,3,0,3,-3,4,1,1,0,1,1,-2,17,-3,-5,8,6,0,-1,-1,-1,-1,1,1,-1
KR_6747859921,420,-3,-14,-11,-8,-2,2,0,-1,3,2,-4,5,1,-1,4,3,0,1,1,0,-18,25,1,-7,6,4,0,2,-1,1,1,-1,3,-1
KR_6740468070,420,-2,-11,-10,-7,1,0,1,-3,3,0,-2,2,0,-2,2,0,-1,1,0,0,-9,-5,-3,-7,10,-3,0,0,-1,-1,0,-1,3,-1
KR_6740283900,420,-3,-15,4,-4,-1,2,1,-4,6,2,-1,2,1,3,0,3,-1,1,0,0,-2,1,-5,-6,11,-1,0,1,-1,-1,1,-1,3,-1
KR_6725725688,420,-1,-29,11,2,-3,3,0,0,3,3,4,1,5,3,2,5,-2,3,1,0,7,-2,-2,-8,10,1,0,0,1,-1,-1,-1,2,-1
KR_6737979422,420,-3,-42,-1,-10,2,2,4,0,5,5,-7,10,3,-5,7,2,0,0,0,0,-12,2,0,-10,10,2,0,1,1,-1,-1,1,2,-1
KR_6746746965,420,-3,-48,5,-3,0,2,2,-2,5,3,1,0,1,-3,7,4,1,0,1,0,-5,3,-4,-3,7,-3,0,0,1,-1,0,1,4,-1
KR_6743295938,420,-1,-70,-19,-5,0,1,1,-1,5,4,-1,2,1,-3,3,0,0,1,1,0,-5,-19,-2,-5,7,-6,0,-1,-1,-1,-1,1,6,-1
KR_6747569044,420,-1,-3,-10,-6,-3,3,0,-2,4,2,-1,4,3,1,1,2,-1,2,1,-2,-14,-17,-2,-6,8,7,0,1,-1,1,1,-1,5,-1
KR_6736013453,420,-2,-53,14,-6,-2,3,1,1,1,2,-2,2,0,-2,2,0,-1,3,2,0,-7,183,-5,-3,8,-2,0,-2,1,-1,-1,1,1,-1
KR_6734998694,420,-7,-100,-12,-20,-3,3,0,-6,6,0,-7,7,0,-5,7,2,1,1,2,0,-24,3,2,-9,7,-7,0,-2,-1,1,-1,-1,5,-1
KR_6733515668,420,0,-17,-26,-7,-1,3,2,-2,4,2,-3,5,2,-1,6,5,0,1,1,-2,-6,26,-1,-9,10,7,0,-1,-1,-1,-1,-1,1,-1
KR_6743833497,420,0,47,-1,-4,2,1,3,2,0,2,-3,4,1,-2,4,2,-3,3,0,0,-3,26,-2,-10,12,0,0,-1,-1,-1,-1,-1,5,-1
KR_6748013237,420,0,49,20,-1,0,0,0,0,1,1,-3,3,0,2,0,2,0,0,0,0,-2,13,2,-12,10,-5,0,1,-1,1,1,1,2,-1
KR_6733616935,420,-3,-30,-19,-6,2,1,3,-1,3,2,-4,4,0,-3,5,2,0,1,1,0,-15,-5,-1,-9,10,-5,0,0,-1,-1,-1,-1,1,-1
KR_6721644888,420,4,36,-8,1,3,0,3,-4,4,0,4,0,4,0,2,2,-2,4,2,0,2,-3,0,-5,5,3,0,2,-1,-1,1,1,3,-1
KR_6749519254,420,-4,-62,1,-13,-2,2,0,-3,4,1,-1,3,2,-5,7,2,-2,2,0,-1,-21,0,-1,-8,9,-8,0,1,-1,1,-1,-1,3,-1
KR_6751453820,420,0,-15,5,-2,2,2,4,0,0,0,0,2,2,-5,5,0,1,0,1,0,0,12,-4,-6,10,-2,0,0,-1,-1,0,1,4,-1
KR_6751457562,420,0,-35,-27,9,3,0,3,4,2,6,0,4,4,0,2,2,2,2,4,0,11,52,-5,-10,15,2,0,-1,-1,1,1,-1,5,-1
KR_6745647330,420,1,78,-9,-6,-1,2,1,1,1,2,-1,1,0,-4,5,1,-1,1,0,0,-10,-7,-2,-6,8,4,0,-1,-1,-1,-1,-1,4,-1
KR_6744263878,420,-3,-52,27,-2,-2,2,0,6,0,6,1,2,3,-2,6,4,-5,5,0,0,-12,2,2,-10,8,-6,0,0,1,-1,0,-1,4,-1
KR_6742968601,420,-3,-11,-51,-10,1,1,2,-6,6,0,-4,5,1,2,2,4,-3,3,0,0,-10,-44,-4,-8,12,-4,0,0,1,-1,-1,1,6,-1
KR_6747152724,420,0,-24,-25,0,1,2,3,-1,4,3,-1,4,3,2,0,2,-1,1,0,0,-4,133,-3,-5,8,3,0,0,-1,1,1,1,6,-1
KR_6739605210,420,-5,-86,-23,-5,3,3,6,-5,5,0,-2,2,0,0,7,7,-1,2,1,0,-8,-19,-5,-7,12,-1,0,0,-1,-1,-1,-1,2,-1
KR_6750384600,420,-4,-65,17,-10,0,1,1,-10,13,3,1,2,3,0,2,2,-1,1,0,0,-11,-2,-8,-6,14,-6,0,-1,-1,1,1,-1,2,-1
KR_6748952348,420,-3,17,-3,-3,-1,1,0,2,2,4,-1,1,0,-2,3,1,-1,1,0,0,-7,-9,-6,-6,12,8,0,-1,-1,-1,-1,-1,4,-1
KR_6749607111,420,-2,-29,-28,-1,-5,6,1,1,1,2,1,3,4,1,1,2,1,1,2,0,5,37,2,-7,5,1,0,-1,-1,1,-1,-1,1,-1
KR_6745425869,420,0,10,16,-2,-1,3,2,-3,3,0,-2,7,5,3,1,4,1,0,1,0,-6,-2,8,-18,10,10,0,1,1,1,1,1,4,-1
KR_6749884119,420,-6,-84,-12,-13,-4,4,0,-2,4,2,-2,4,2,-4,5,1,-1,1,0,0,-20,-2,-7,-3,10,-2,0,-1,1,1,-1,1,6,-1
KR_6750370614,420,-1,-7,-5,-5,-1,2,1,2,1,3,-3,5,2,-3,5,2,0,1,1,0,-5,6,2,-9,7,-2,0,-1,1,1,-1,-1,3,-1
KR_6735486520,420,-1,-2,-21,-3,2,0,2,-3,4,1,0,0,0,-3,4,1,1,1,2,-1,-4,-7,-2,-7,9,-1,0,0,1,1,-1,-1,4,-1
KR_6750969348,420,-1,-5,32,-6,-3,3,0,-1,4,3,0,1,1,-1,1,0,-1,2,1,0,-14,33,-3,-6,9,2,0,0,1,1,1,1,4,-1
KR_6745725063,420,-5,-1,-15,-9,0,0,0,-4,5,1,-3,3,0,-2,4,2,0,1,1,0,-10,0,-2,-3,5,0,0,-2,1,-1,-1,-1,5,-1
KR_6726901133,420,2,66,-9,-1,-1,3,2,-1,6,5,-1,4,3,0,2,2,2,0,2,0,-15,-35,1,-12,11,0,0,0,-1,1,1,-1,6,-1
KR_6751553972,420,-1,-21,13,-3,2,2,4,-1,2,1,1,1,2,-5,5,0,0,1,1,0,2,12,4,-10,6,-36,0,0,-1,1,0,1,5,-1
KR_6725715769,420,-3,8,-33,-9,-4,5,1,0,3,3,-5,6,1,2,0,2,-2,3,1,0,-4,-57,-5,-3,8,13,0,0,-1,-1,-1,-1,4,-1
KR_6741213416,420,-4,-57,-33,-2,2,0,2,2,1,3,-4,5,1,-1,3,2,-1,1,0,-1,-1,-11,1,-9,8,0,0,-2,1,-1,-1,-1,3,-1
KR_6748056533,420,1,-36,-4,-2,1,2,3,3,0,3,1,2,3,-7,10,3,0,0,0,0,1,0,-4,-9,13,3,0,0,1,-1,-1,-1,3,-1
KR_6738075335,420,-1,11,-5,5,4,0,4,4,1,5,1,1,2,0,5,5,-4,4,0,0,9,3,2,-10,8,0,0,1,-1,1,1,-1,5,-1
KR_6745775375,420,-1,-49,4,-11,-1,3,2,-1,4,3,-10,10,0,-1,7,6,2,0,2,0,-5,-14,-7,-2,9,3,0,-1,-1,-1,-1,-1,4,-1
KR_6752019574,420,-1,8,-42,-4,2,0,2,-3,4,1,-1,2,1,-2,3,1,0,0,0,0,-5,36,-3,-6,9,-4,0,-1,1,-1,-1,1,1,-1
KR_6749611626,420,0,22,26,2,1,1,2,2,2,4,-2,7,5,-1,2,1,2,0,2,0,3,-1,1,-11,10,0,0,-2,-1,-1,-1,-1,6,-1
KR_6749058914,420,-3,-2,-36,-14,-2,2,0,7,1,8,-3,3,0,-13,14,1,-3,5,2,-4,-23,9,-2,-8,10,1,0,-1,-1,-1,-1,-1,5,-1
KR_6745435374,420,-1,-60,-3,1,-2,2,0,0,3,3,2,2,4,0,5,5,1,0,1,-1,6,-36,-3,-10,13,3,0,-1,-1,-1,-1,-1,3,-1
KR_6751723340,420,0,6,-1,-1,-1,2,1,4,0,4,-1,3,2,-3,3,0,0,3,3,0,2,25,2,-10,8,-6,0,0,-1,-1,-1,-1,2,-1
KR_6750048626,420,-3,-55,24,-13,-5,5,0,2,0,2,-4,4,0,-3,5,2,-3,3,0,1,-7,-14,2,-7,5,1,0,-2,1,-1,-1,1,6,-1
KR_6745105326,420,-2,4,0,-2,2,0,2,0,3,3,0,1,1,-3,4,1,-1,1,0,0,-5,21,0,-11,11,-7,0,0,1,-1,-1,-1,3,-1
KR_6744459941,420,0,-27,30,-8,-1,4,3,-2,6,4,-4,6,2,-2,6,4,1,0,1,-2,-10,2,-1,-8,9,-3,0,-2,-1,1,1,-1,3,-1
KR_6748538389,420,0,-24,16,-4,1,2,3,-2,2,0,-1,2,1,-1,5,4,-1,3,2,0,-8,-11,3,-10,7,3,0,0,1,1,1,1,2,-1
KR_6745079547,420,0,55,16,-1,0,1,1,0,1,1,2,4,6,-4,4,0,1,0,1,1,1,3,3,-10,7,2,0,0,1,1,1,1,5,-1
KR_6750344461,420,-6,-30,-9,-11,-2,4,2,-1,3,2,-6,6,0,-1,1,0,-1,1,0,0,-10,7,-3,-4,7,-5,0,-1,-1,-1,-1,1,4,-1
KR_6735414945,420,-5,-9,-20,-10,-2,4,2,0,2,2,-5,6,1,-3,5,2,0,1,1,0,-7,-4,-7,-4,11,-3,0,0,-1,-1,0,-1,1,-1
KR_6736853045,420,-2,-16,-46,1,0,1,1,2,0,2,6,0,6,-6,7,1,-1,1,0,0,3,6,0,-7,7,-4,0,-2,1,-1,-1,1,1,-1
KR_6743801133,420,-1,21,-47,-5,1,4,5,-1,2,1,-7,9,2,0,2,2,2,1,3,-1,-6,-57,-1,-8,9,-6,0,1,-1,1,1,-1,4,-1
KR_6743758151,420,-1,-2,-15,-3,-1,1,0,-3,4,1,-1,1,0,2,0,2,0,0,0,0,-5,10,0,-9,9,-2,0,1,-1,1,1,-1,6,-1
KR_6749261849,420,-5,-22,-27,-16,-2,4,2,-5,7,2,-2,3,1,-5,7,2,-2,2,0,-1,-18,-8,0,-6,6,5,0,-1,-1,1,-1,-1,3,-1
KR_6733956092,420,-5,-17,-8,-13,-2,2,0,2,1,3,-2,5,3,-9,10,1,-2,2,0,0,-19,-3,5,-8,3,-4,0,-2,-1,1,-1,-1,3,-1
KR_6747986747,420,-2,9,11,0,1,1,2,-2,4,2,1,0,1,-1,2,1,1,0,1,1,0,-4,-7,-8,15,7,0,-2,1,-1,-1,1,4,-1
KR_6739429946,420,-5,-79,-26,-8,1,0,1,0,3,3,-5,5,0,-1,1,0,-3,4,1,0,0,1,-1,-5,6,-1,0,-1,-1,-1,-1,-1,4,-1
KR_6743642389,420,-4,-48,-26,-4,0,0,0,-1,5,4,1,0,1,0,1,1,-4,4,0,0,-7,20,-2,-8,10,-13,0,-1,1,-1,-1,-1,6,-1
KR_6724238969,420,0,-32,7,4,-1,1,0,7,3,10,-2,3,1,2,1,3,-2,2,0,0,9,-2,6,-13,7,-4,0,-1,-1,-1,-1,-1,4,-1
KR_6746717665,420,-1,-23,-15,-4,1,3,4,0,1,1,-4,4,0,-1,4,3,0,1,1,0,-3,9,0,-5,5,-4,0,0,1,-1,0,1,2,-1
KR_6742013929,420,-3,-39,-23,-5,3,1,4,-2,3,1,-5,6,1,-2,2,0,1,0,1,0,-4,-29,1,-6,5,-1,0,-1,-1,-1,-1,-1,5,-1
KR_6744545513,420,-6,-119,-34,-18,-4,4,0,-6,6,0,-4,4,0,-4,5,1,0,1,1,0,-17,-18,-1,-7,8,2,0,-3,-1,-1,-1,-1,1,-1
KR_6747058574,420,-1,90,-16,-6,1,2,3,-4,7,3,1,2,3,-5,5,0,1,1,2,0,-9,-32,-6,-7,13,-6,0,0,-1,-1,1,-1,2,-1
KR_6734643839,420,-7,-81,-19,-15,-6,6,0,-5,6,1,-1,3,2,-2,3,1,-1,1,0,0,-15,5,0,-8,8,-7,0,-4,-1,-1,-1,-1,4,-1
KR_6736593071,420,2,55,-13,6,2,1,3,2,1,3,-1,1,0,1,0,1,2,0,2,0,5,-38,2,-13,11,5,0,0,1,1,0,1,6,-1
KR_6731542927,420,2,-10,-4,7,-2,4,2,5,1,6,-1,2,1,4,2,6,1,0,1,0,26,-17,2,-9,7,1,0,-1,-1,-1,-1,-1,1,-1
KR_6734686017,420,1,27,-16,1,-2,2,0,2,1,3,-4,6,2,3,2,5,2,0,2,0,4,14,2,-8,6,-4,0,0,-1,-1,0,1,4,-1
KR_6744269168,420,-1,-8,-28,-2,1,0,1,-3,7,4,-2,7,5,4,3,7,-2,3,1,0,3,-33,5,-13,8,0,0,1,0,-1,-1,-1,0,-1
KR_6734592841,420,-1,4,-6,-2,3,2,5,0,2,2,-2,5,3,-2,2,0,-1,2,1,0,-2,-20,-6,-5,11,2,0,0,-1,1,1,-1,1,-1
KR_6746169104,420,-4,-74,-13,-7,-4,4,0,-1,3,2,-3,7,4,0,5,5,1,1,2,0,-3,-16,-8,-9,17,1,0,-1,-1,1,-1,-1,1,-1
KR_6719075933,420,-3,9,-8,-2,-2,3,1,2,3,5,-2,5,3,0,1,1,0,1,1,0,-7,-17,-7,-5,12,1,0,-1,1,-1,-1,1,3,-1
KR_6739058788,420,-7,-75,-36,-12,-2,2,0,-3,3,0,1,0,1,-8,8,0,0,0,0,0,-8,5,1,-5,4,-3,0,-1,1,-1,-1,-1,2,-1
KR_6751193741,420,-3,-50,-1,-12,-3,3,0,-1,3,2,-9,9,0,1,0,1,0,0,0,0,-19,-21,-7,-4,11,-9,0,-1,-1,-1,-1,-1,2,-1
KR_6744647374,420,2,-22,27,5,3,1,4,3,0,3,-3,5,2,1,3,4,1,0,1,0,5,-26,3,-12,9,0,0,2,1,1,1,1,6,-1
KR_6745309331,420,-2,-9,-30,-3,-1,3,2,-6,10,4,-2,4,2,6,0,6,0,1,1,0,1,-46,-3,-7,10,7,0,-2,-1,1,-1,-1,1,-1
KR_6746215830,420,0,-91,22,-2,-1,1,0,0,2,2,-3,5,2,0,6,6,2,2,4,0,3,-7,-3,-7,10,-1,0,-2,-1,1,-1,-1,4,-1
KR_6747630662,420,-2,-39,-8,-6,-4,7,3,1,2,3,1,0,1,-2,4,2,-2,2,0,0,-5,-4,-4,-5,9,-5,0,-1,-1,1,-1,-1,4,-1
KR_6734119188,420,-4,-115,-14,-7,-1,1,0,2,0,2,-7,7,0,-1,2,1,0,1,1,0,-1,-9,2,-7,5,-3,0,-2,-1,-1,-1,-1,1,-1
KR_6735066752,420,-1,25,20,-7,0,1,1,3,0,3,-5,9,4,-5,6,1,0,2,2,0,-8,4,0,-8,8,-2,0,-1,1,-1,-1,-1,6,-1
KR_6747344706,420,1,15,18,-8,0,0,0,-8,10,2,0,5,5,0,2,2,0,1,1,-1,-9,-29,-3,-6,9,-1,0,0,-1,-1,1,-1,6,-1
KR_6744137013,420,-4,-20,-43,-11,-1,3,2,-1,2,1,-5,9,4,-3,8,5,-1,2,1,2,-8,3,4,-11,7,-6,0,-2,-1,-1,-1,1,1,-1
KR_6741091468,420,-6,-20,-25,-12,-4,6,2,1,0,1,-3,3,0,-5,6,1,-1,2,1,-1,-15,-4,2,-11,9,-7,0,-2,-1,1,-1,-1,3,-1
KR_6749557021,420,3,11,-7,8,1,0,1,5,0,5,0,2,2,1,2,3,1,0,1,0,14,26,1,-11,10,-2,0,-1,0,-1,-1,1,0,-1
KR_6747825308,420,-3,-28,-4,-9,-2,3,1,-8,8,0,1,2,3,-1,3,2,1,0,1,0,-17,15,-3,-5,8,6,0,-1,1,-1,-1,-1,3,-1
KR_6744134903,420,-2,-89,-14,-14,-4,7,3,-9,11,2,2,4,6,-2,3,1,-1,2,1,1,-12,-4,-3,-8,11,0,0,-1,-1,-1,-1,1,1,-1
KR_6747077009,420,-1,-18,-4,-5,-1,4,3,-4,7,3,3,0,3,-4,5,1,1,0,1,0,-8,-4,1,-9,8,6,0,-2,-1,1,-1,-1,6,-1
KR_6742221552,440,2,-1,-24,0,-2,3,1,-3,6,3,0,1,1,8,1,9,-3,3,0,0,8,-10,-1,-3,4,2,0,-1,1,-1,-1,-1,2,-1
KR_6744321601,420,-3,4,-28,-7,-3,3,0,-2,2,0,-3,3,0,3,1,4,-2,2,0,0,-6,-4,-2,-4,6,1,0,0,1,-1,0,-1,1,-1
KR_6747791884,420,-2,-9,4,-5,-2,2,0,-5,5,0,2,0,2,0,0,0,0,0,0,0,-11,-4,-1,-7,8,0,0,0,-1,-1,0,1,5,-1
KR_6734236147,420,-3,8,-1,-5,1,3,4,-2,3,1,-4,4,0,-3,5,2,3,0,3,0,-5,-10,-2,-8,10,3,0,0,-1,1,-1,-1,1,-1
KR_6742757490,420,-2,-15,2,-6,-2,3,1,-2,3,1,-3,3,0,0,2,2,1,0,1,1,-3,-29,1,-9,8,-8,0,-2,1,-1,-1,1,4,-1
KR_6752036737,420,0,11,-8,-4,1,3,4,-4,4,0,3,0,3,-2,2,0,-2,2,0,0,-7,-5,0,-6,6,-6,0,1,1,-1,1,-1,2,-1
KR_6716441747,420,-6,-89,7,-9,-1,2,1,-3,5,2,0,1,1,-2,4,2,-3,3,0,0,-10,-3,3,-9,6,-13,0,-1,-1,1,-1,-1,4,-1
KR_6749557132,420,0,-41,12,-4,-2,3,1,0,2,2,-3,5,2,0,3,3,1,0,1,0,-6,-32,5,-13,8,1,0,1,1,-1,1,-1,6,-1
KR_6744262473,420,-3,-42,-16,-1,-1,4,3,0,0,0,-2,3,1,4,2,6,-2,3,1,2,-4,2,2,-8,6,-3,0,-2,1,-1,-1,1,4,-1
KR_6745286873,440,-2,-34,-26,-4,0,2,2,-3,5,2,1,4,5,-1,5,4,-1,1,0,-2,-9,-3,0,-7,7,-2,0,-1,-1,-1,-1,-1,1,-1
KR_6751850211,420,-1,-14,-16,4,0,1,1,3,4,7,-5,6,1,4,1,5,2,0,2,0,19,-1,0,-9,9,-8,0,1,1,-1,1,-1,2,-1
KR_6747671188,420,-1,19,-2,-3,0,1,1,1,2,3,1,2,3,-3,5,2,-2,2,0,0,-5,21,-2,-5,7,-9,0,-1,-1,-1,-1,-1,3,-1
KR_6749424446,420,-3,-17,-15,-3,3,0,3,-4,5,1,1,1,2,-2,2,0,-1,2,1,0,-1,23,-1,-7,8,-9,0,0,-1,1,0,-1,1,-1
KR_6750230342,420,-2,-18,2,-1,3,3,6,-2,3,1,-2,3,1,-1,1,0,1,0,1,0,-1,-28,0,-10,10,0,0,0,-1,-1,-1,-1,3,-1
KR_6747072715,420,0,42,12,-5,1,0,1,0,0,0,0,1,1,-6,6,0,0,0,0,0,-12,22,-2,-7,9,-4,0,-1,-1,1,-1,-1,6,-1
KR_6743364316,420,-2,-46,-29,-4,-2,2,0,-5,7,2,0,2,2,3,0,3,0,0,0,0,-9,0,-6,-5,11,-2,0,0,-1,1,0,1,4,-1
KR_6745385542,420,3,32,1,4,1,2,3,-1,3,2,0,1,1,2,3,5,2,1,3,0,5,-120,-1,-7,8,2,0,0,1,-1,1,1,2,-1
KR_6723143183,420,-3,1,8,-6,1,0,1,0,0,0,-3,8,5,-3,7,4,-1,1,0,0,-8,16,2,-9,7,-3,0,0,1,1,1,1,3,-1
KR_6747056469,420,-1,-24,-49,-2,-4,7,3,-1,3,2,0,2,2,2,2,4,1,0,1,0,4,-350,2,-11,9,-2,0,-1,1,-1,-1,1,2,-1
KR_6744866454,420,-1,-46,-24,-2,0,3,3,0,4,4,1,0,1,-4,5,1,1,0,1,0,-4,50,-2,-6,8,-25,0,-1,1,-1,-1,-1,1,-1
KR_6747933355,420,-1,7,-25,0,5,0,5,-6,8,2,3,2,5,-2,4,2,0,1,1,0,-10,-24,0,-11,11,0,0,-1,1,-1,-1,-1,4,-1
KR_6747401872,420,-7,-26,-27,-12,-8,8,0,1,0,1,2,2,4,-5,6,1,-2,2,0,-1,-16,-3,-3,-7,10,-4,0,0,-1,-1,-1,-1,3,-1
KR_6751325216,420,1,17,-17,1,2,0,2,1,3,4,-4,5,1,-2,3,1,4,1,5,0,2,-24,5,-13,8,-9,0,-1,1,-1,-1,-1,4,-1
KR_6746456366,420,-1,1,14,-3,1,0,1,-1,2,1,-5,7,2,1,2,3,1,1,2,1,-4,20,0,-6,6,-3,0,0,-1,1,0,1,6,-1
KR_6740229323,420,-2,-83,7,1,4,2,6,0,4,4,-1,1,0,-1,5,4,-1,1,0,0,-4,-9,3,-7,4,1,0,-1,1,1,-1,1,1,-1
KR_6743236641,420,0,15,-21,-4,0,3,3,-4,5,1,-1,3,2,2,3,5,-1,1,0,0,-6,-10,3,-14,11,-1,0,-2,-1,-1,-1,1,5,-1
KR_6747841780,420,-4,-16,4,-11,0,1,1,-4,5,1,1,2,3,-5,5,0,-3,3,0,0,-25,-1,6,-12,6,-2,0,-1,-1,-1,-1,1,3,-1
KR_6749548541,420,3,53,-11,1,0,1,1,-1,3,2,-1,1,0,3,0,3,0,0,0,0,2,39,3,-13,10,5,0,-2,-1,-1,-1,-1,5,-1
KR_6751668632,440,-6,18,-40,-14,-9,9,0,-2,5,3,0,0,0,-2,6,4,-1,2,1,0,-8,-53,3,-10,7,-4,0,0,-1,-1,1,-1,3,-1
KR_6745139449,420,-1,-39,-3,-8,0,0,0,0,4,4,-8,10,2,3,2,5,-3,3,0,0,-10,-15,-1,-8,9,3,0,-3,1,-1,-1,-1,4,-1
KR_6749110394,420,-1,-18,2,-2,-2,3,1,2,1,3,1,2,3,-1,3,2,-2,2,0,0,-2,6,-5,-9,14,-5,0,0,1,1,1,-1,2,-1
KR_6736931847,420,1,-14,11,3,1,1,2,1,2,3,1,7,8,-1,3,2,1,1,2,0,9,19,3,-13,10,2,0,1,1,-1,1,1,5,-1
KR_6744948636,420,-4,-36,-27,-10,-5,5,0,-2,2,0,-2,2,0,-1,1,0,0,1,1,0,-11,-36,-1,-8,9,4,0,0,-1,-1,-1,-1,3,-1
KR_6728907355,420,0,-81,-14,0,0,3,3,-2,4,2,-1,3,2,1,2,3,2,1,3,0,-5,39,2,-10,8,-6,0,0,-1,1,-1,-1,2,-1
KR_6748834053,420,-1,-26,1,4,-1,5,4,6,2,8,2,1,3,-3,3,0,0,3,3,0,9,-35,-5,-7,12,1,0,0,-1,-1,-1,1,3,-1
KR_6743028463,420,-2,-8,-8,-11,0,3,3,2,0,2,0,3,3,-10,10,0,-3,3,0,0,-16,-3,-1,-10,11,2,0,0,-1,-1,-1,-1,4,-1
KR_6739893530,420,2,20,18,8,-1,4,3,3,3,6,4,0,4,3,2,5,-1,1,0,0,12,12,3,-8,5,-6,0,1,-1,1,1,1,3,-1
KR_6737561000,420,-2,-71,4,-4,-2,3,1,0,4,4,-3,3,0,1,1,2,0,1,1,0,2,-3,-2,-5,7,-2,0,-1,1,-1,-1,-1,2,-1
KR_6742317538,420,-3,7,-12,-5,-1,1,0,-6,7,1,0,1,1,3,2,5,-1,1,0,0,-2,-1,2,-9,7,0,0,0,1,-1,-1,1,4,-1
KR_6744797352,420,-3,0,5,-15,-1,3,2,-8,8,0,-4,6,2,-1,2,1,-1,1,0,0,-25,-16,-1,-9,10,-6,0,-2,-1,1,1,-1,4,-1
KR_6743244669,420,-6,-93,-42,-9,-4,4,0,0,3,3,3,2,5,-5,7,2,-3,3,0,0,-17,-53,-4,-6,10,6,0,-2,-1,1,-1,-1,3,-1
KR_6724898952,420,4,77,-20,4,2,1,3,-1,2,1,3,1,4,0,1,1,0,1,1,0,11,0,-6,-5,11,4,0,2,-1,1,1,1,4,-1
KR_6747072972,420,-3,49,-4,-10,-2,2,0,-3,5,2,-1,2,1,-3,4,1,-1,2,1,0,-13,1,-4,-7,11,0,0,-1,-1,-1,-1,1,2,-1
KR_6749598716,420,-1,8,-1,4,-2,3,1,0,2,2,4,1,5,0,3,3,2,0,2,0,6,12,3,-6,3,-5,0,0,-1,1,1,1,2,-1
KR_6747164860,420,4,62,2,7,0,1,1,0,2,2,-1,3,2,5,1,6,3,0,3,1,13,8,4,-11,7,-5,0,3,1,1,1,1,5,-1
KR_6737547364,420,1,16,-19,4,5,0,5,0,0,0,2,1,3,-2,4,2,-1,1,0,0,8,-7,-3,-8,11,2,0,1,-1,1,1,1,4,-1
KR_6743133725,420,2,12,15,-2,-6,8,2,0,2,2,3,0,3,0,2,2,1,0,1,0,-4,-5,3,-11,8,3,0,0,-1,-1,1,1,4,-1
KR_6723169144,420,0,-10,-2,1,-1,2,1,1,1,2,-1,1,0,5,0,5,-3,3,0,0,3,0,2,-8,6,-8,0,-1,1,-1,-1,1,4,-1
KR_6747225447,420,0,35,-52,5,7,0,7,-2,3,1,1,0,1,-3,5,2,2,0,2,0,1,-45,-2,-8,10,9,0,2,-1,1,1,1,5,-1
KR_6744302020,420,-1,-10,16,-2,0,0,0,-1,3,2,-1,5,4,0,4,4,0,0,0,0,-3,1,2,-8,6,3,0,1,-1,1,1,-1,6,-1
KR_6737128187,420,2,11,24,-6,-5,6,1,-3,8,5,2,0,2,1,2,3,-1,1,0,0,3,9,2,-12,10,-3,0,-1,1,-1,-1,-1,3,-1
KR_6744747674,420,1,18,-8,1,-4,5,1,1,2,3,5,2,7,-1,3,2,0,1,1,0,1,-1,2,-6,4,-3,0,-1,-1,-1,-1,1,1,-1
KR_6748309843,420,-5,-37,-17,-6,-1,2,1,-2,4,2,2,3,5,-4,4,0,-1,1,0,0,-17,2,-5,-5,10,-2,0,-1,-1,1,-1,-1,6,-1
KR_6750059253,420,0,21,-9,3,0,3,3,-1,2,1,2,0,2,2,2,4,0,2,2,1,5,-15,0,-7,7,5,0,-1,1,1,1,1,5,-1
KR_6733407980,420,-2,-27,-11,-8,-1,2,1,-2,4,2,-2,2,0,-2,5,3,-1,2,1,0,-10,-6,-2,-9,11,-4,0,-2,1,-1,-1,1,2,-1
KR_6746053316,420,-11,-117,-37,-19,-1,1,0,-9,9,0,0,1,1,-7,7,0,-2,2,0,0,-25,-21,-3,-7,10,-8,0,-3,0,-1,-1,-1,0,-1
KR_6733005588,420,1,-28,8,7,0,1,1,4,3,7,-1,2,1,4,3,7,0,1,1,0,4,29,0,-6,6,-1,0,0,-1,-1,-1,1,4,-1
KR_6735721098,420,-3,18,-28,-5,0,0,0,-1,3,2,-5,5,0,1,0,1,0,0,0,0,-2,7,-3,-4,7,-3,0,-1,-1,-1,-1,-1,2,-1
KR_6740777307,420,-1,-54,11,-5,-2,2,0,-3,5,2,-1,7,6,2,4,6,-1,1,0,-1,1,-3,-3,-6,9,-9,0,0,-1,-1,0,-1,4,-1
KR_6750046712,420,-2,-6,-21,-6,-2,2,0,-3,5,2,-1,2,1,1,4,5,-1,1,0,0,-3,-20,-1,-7,8,-3,0,-1,1,-1,-1,1,2,-1
KR_6750070617,420,-3,-3,-28,-8,-4,4,0,-3,3,0,1,2,3,-1,2,1,-1,1,0,0,-13,-14,-3,-8,11,8,0,-3,-1,-1,-1,-1,2,-1
KR_6748993556,420,-4,-31,-14,-8,-2,2,0,-3,5,2,0,4,4,-3,3,0,0,1,1,0,-10,-47,-8,-5,13,2,0,-3,1,-1,-1,-1,3,-1
KR_6749393139,420,0,-48,10,6,1,0,1,2,1,3,-1,3,2,3,1,4,1,0,1,0,8,-2,4,-7,3,0,0,0,-1,0,0,1,5,-1
KR_6716080719,420,-3,-7,-11,-4,1,1,2,0,2,2,-3,3,0,-2,4,2,0,1,1,0,-12,10,-3,-9,12,-4,0,-2,1,-1,-1,-1,5,-1
KR_6746254267,420,0,43,21,6,1,2,3,3,1,4,-2,6,4,2,3,5,2,1,3,2,-2,-44,-4,-7,11,1,0,-1,1,1,-1,1,2,-1
KR_6749464370,440,0,-32,3,1,3,1,4,3,3,6,1,2,3,-1,3,2,-5,6,1,-1,-1,-7,-2,-5,7,3,0,-1,0,1,-1,1,0,-1
KR_6742340991,420,-9,-63,-41,-13,-5,6,1,0,3,3,-6,7,1,-2,4,2,0,0,0,-1,-16,-30,-2,-7,9,4,0,-3,-1,1,-1,-1,4,-1
KR_6749575537,420,-2,-23,0,-1,1,1,2,0,2,2,-1,1,0,-1,2,1,0,2,2,0,-1,-30,4,-9,5,1,0,1,1,1,1,1,4,-1
KR_6746526411,420,0,-11,-9,-1,1,1,2,2,2,4,2,2,4,-5,5,0,-1,1,0,0,2,41,2,-7,5,-3,0,1,-1,1,1,-1,4,-1
KR_6744930026,420,0,26,8,2,-3,3,0,1,1,2,2,0,2,1,0,1,1,0,1,0,4,-11,1,-7,6,4,0,0,1,-1,-1,-1,3,-1
KR_6744159990,420,1,20,-37,8,0,1,1,1,5,6,4,0,4,4,1,5,-1,1,0,-1,20,5,3,-11,8,3,0,-1,-1,-1,-1,-1,1,-1
KR_6748209140,420,-3,-87,-4,-8,0,4,4,-10,10,0,3,0,3,0,2,2,-1,2,1,0,-12,35,3,-11,8,-1,0,-4,-1,-1,-1,-1,5,-1
KR_6742994721,420,-1,-26,20,-4,0,0,0,1,5,6,1,1,2,-5,5,0,-1,2,1,0,-3,0,-6,-5,11,-1,0,0,1,-1,0,1,3,-1
KR_6721973666,420,-5,-29,-68,-6,-1,1,0,-1,2,1,-4,5,1,0,1,1,0,0,0,0,-2,-34,7,-11,4,3,0,-2,-1,-1,-1,-1,1,-1
KR_6748813716,420,-4,-8,-22,-14,-3,3,0,-1,4,3,-5,5,0,-5,5,0,0,3,3,0,-25,-1,-1,-8,9,3,0,1,-1,1,1,1,4,-1
KR_6746504009,420,1,43,-36,-8,0,1,1,-1,1,0,-6,6,0,0,2,2,-1,1,0,-1,-6,-30,-1,-6,7,0,0,0,-1,-1,0,-1,1,-1
KR_6737289112,420,-4,-122,-17,-6,-3,4,1,-1,5,4,-2,2,0,-4,8,4,4,1,5,0,-10,234,1,-7,6,-1,0,0,-1,1,-1,-1,5,-1
KR_6736788458,420,-5,-32,23,-9,-2,2,0,-4,7,3,-3,3,0,2,0,2,-2,2,0,0,-16,-14,5,-12,7,-3,0,0,-1,1,-1,1,2,-1
KR_6748341520,420,0,43,-22,-9,1,3,4,-3,7,4,-1,3,2,-6,6,0,0,0,0,-1,-11,-7,0,-9,9,0,0,-2,-1,-1,-1,-1,2,-1
KR_6748529362,420,0,-24,32,0,2,0,2,1,0,1,-3,3,0,0,0,0,0,1,1,0,-2,3,-3,-7,10,1,0,-2,1,-1,-1,-1,6,-1
KR_6744293493,420,-2,-11,0,2,6,0,6,0,3,3,-1,4,3,-7,10,3,4,0,4,0,-5,2,-2,-5,7,-2,0,0,-1,1,1,1,2,-1
KR_6751435199,440,-1,13,-12,2,2,0,2,1,2,3,1,4,5,-2,4,2,0,0,0,0,5,2,4,-7,3,-4,0,1,1,-1,-1,-1,6,-1
KR_6744026754,420,1,32,-28,8,2,0,2,2,1,3,0,0,0,2,1,3,2,1,3,0,9,28,7,-12,5,-4,0,2,1,-1,1,1,3,-1
KR_6744558512,420,-2,22,-46,1,2,0,2,-1,3,2,0,0,0,0,1,1,0,1,1,0,-3,-12,0,-10,10,-2,0,1,-1,1,1,1,3,-1
KR_6744033747,420,0,-19,12,-5,-2,2,0,-4,4,0,1,3,4,2,2,4,-2,2,0,0,-1,-30,-3,-4,7,-4,0,0,-1,-1,-1,-1,3,-1
KR_6748348986,420,1,-36,15,-4,3,1,4,-1,2,1,-1,2,1,-4,4,0,-1,4,3,0,-6,30,-2,-7,9,2,0,-2,-1,-1,-1,-1,6,-1
KR_6737073027,420,-5,0,-32,-6,1,0,1,-1,4,3,-4,4,0,-1,3,2,-1,1,0,0,-4,-6,3,-14,11,-6,0,-1,-1,-1,1,-1,5,-1
KR_6736632638,420,-3,-65,-24,-1,-2,2,0,0,3,3,-5,5,0,1,2,3,5,0,5,0,2,-17,-1,-7,8,-5,0,0,-1,1,1,1,5,-1
KR_6743877820,420,-3,-57,16,2,-1,1,0,-2,3,1,-1,1,0,4,2,6,2,0,2,0,-4,7,-1,-9,10,-10,0,0,-1,-1,0,1,1,-1
KR_6750593152,420,-3,12,-7,0,-1,1,0,1,1,2,0,0,0,0,1,1,0,0,0,0,3,2,0,-7,7,0,0,-1,1,-1,-1,-1,3,-1
KR_6750751075,420,-2,-40,-11,-4,-2,2,0,0,3,3,-1,2,1,-1,2,1,0,0,0,0,-4,-2,-5,-6,11,3,0,-1,1,-1,-1,1,6,-1
KR_6748288926,420,1,-29,25,0,0,2,2,-1,2,1,1,1,2,-2,3,1,2,2,4,1,1,3,-4,-6,10,-4,0,0,-1,1,1,1,1,-1
KR_6747276825,420,-2,-48,-5,-9,-4,4,0,-2,3,1,-3,4,1,1,4,5,-1,1,0,0,-11,12,-1,-9,10,1,0,0,-1,1,-1,-1,1,-1
KR_6745841530,420,-3,-24,20,-5,0,1,1,-3,3,0,-3,5,2,1,3,4,0,0,0,0,-17,10,3,-10,7,-6,0,1,1,1,1,-1,1,-1
KR_6748642394,420,2,6,-19,2,-2,4,2,-1,6,5,1,1,2,3,1,4,1,0,1,0,4,6,4,-11,7,-1,0,-3,1,-1,-1,-1,6,-1
KR_6745937607,420,-4,-31,-25,-9,1,1,2,-6,6,0,-1,4,3,-1,2,1,-2,3,1,0,-20,-22,-7,-5,12,-4,0,0,-1,1,0,-1,5,-1
KR_6719768925,420,-3,20,-27,1,1,0,1,0,0,0,1,0,1,-2,4,2,1,2,3,0,2,-1,0,-11,11,5,0,0,-1,-1,0,-1,3,-1
KR_6749219555,420,1,0,36,-2,-1,2,1,0,2,2,-2,4,2,0,4,4,1,3,4,0,-4,-3,3,-11,8,5,0,0,1,-1,0,1,1,-1
KR_6720411617,420,-3,-26,-26,-11,0,1,1,-2,5,3,-2,3,1,-6,10,4,-1,1,0,0,-11,-49,-7,-5,12,21,0,-1,1,-1,-1,-1,5,-1
KR_6747850094,420,1,63,-25,1,3,2,5,3,0,3,-3,4,1,-2,4,2,0,0,0,0,-1,6,4,-11,7,3,0,0,-1,1,1,1,2,-1
KR_6747387456,420,-5,-69,-7,-10,-6,8,2,-3,4,1,-1,6,5,1,2,3,-1,1,0,-2,-12,2,2,-11,9,-3,0,-1,-1,1,-1,-1,1,-1
KR_6747485925,420,-1,-17,-16,2,-4,4,0,3,3,6,2,0,2,-1,2,1,2,1,3,0,5,6,1,-6,5,-3,0,-1,-1,1,-1,-1,2,-1
KR_6751601523,420,-6,-43,-55,-12,2,0,2,-3,6,3,-8,8,0,-1,3,2,-2,3,1,-1,-11,2,1,-10,9,0,0,0,-1,-1,-1,-1,6,-1
KR_6741418276,420,-5,-28,-16,-11,5,0,5,-2,6,4,-2,3,1,-10,10,0,-2,3,1,0,-24,-8,-2,-4,6,-3,0,-1,-1,1,-1,1,3,-1
KR_6749934521,420,-2,-26,-18,-4,-1,2,1,5,0,5,-1,3,2,-6,9,3,-1,2,1,0,-5,-6,0,-10,10,-1,0,0,-1,-1,-1,1,4,-1
KR_6748866250,420,0,6,-13,3,1,0,1,1,3,4,2,2,4,-1,2,1,0,0,0,1,8,-6,3,-11,8,14,0,1,1,-1,1,1,2,-1
KR_6744581441,420,-7,-50,5,-21,-2,4,2,-4,6,2,-5,7,2,-9,12,3,-1,4,3,-4,-30,-12,-6,-7,13,1,0,-1,1,-1,-1,-1,2,-1
KR_6747446819,420,-1,-36,-39,-4,1,2,3,1,1,2,-3,6,3,0,3,3,-3,4,1,0,-6,7,3,-12,9,-5,0,-1,-1,1,1,-1,6,-1
KR_6742582657,420,-8,-168,-36,-12,-5,7,2,-7,7,0,0,2,2,-2,4,2,2,0,2,0,-11,-1,-2,-4,6,-6,-1,-4,-1,-1,-1,-1,1,-1
KR_6716843261,420,1,93,14,-5,-4,6,2,-3,3,0,0,2,2,3,1,4,-1,1,0,0,-16,-19,0,-8,8,0,0,2,-1,-1,1,1,6,-1
KR_6751610975,420,-3,-27,-40,-6,-5,5,0,-5,5,0,0,4,4,5,0,5,-1,1,0,0,-11,-11,-9,-3,12,-2,0,1,-1,-1,1,-1,3,-1
KR_6748024245,420,1,-23,4,-8,1,3,4,-2,3,1,-2,6,4,-4,4,0,-1,2,1,0,-6,-40,-7,-3,10,3,0,-1,-1,1,1,-1,4,-1
KR_6749642634,420,3,-41,8,10,2,0,2,4,1,5,0,0,0,5,0,5,-1,1,0,1,18,6,0,-7,7,1,0,0,1,1,1,1,3,-1
KR_6734765989,420,3,13,-5,-3,0,2,2,-1,3,2,1,0,1,-2,5,3,-1,2,1,0,-1,3,1,-7,6,-1,0,-1,-1,-1,-1,-1,6,-1
KR_6744278133,420,-2,-47,-7,0,-2,2,0,1,0,1,-1,5,4,2,1,3,0,3,3,0,4,-4,-1,-5,6,-2,0,-1,-1,-1,-1,-1,4,-1
KR_6734342005,420,-4,-15,-34,-2,2,0,2,1,5,6,-1,2,1,-3,5,2,-1,3,2,0,-5,-9,0,-9,9,0,0,0,-1,1,-1,1,6,-1
KR_6714548819,420,-4,-80,-12,-4,-5,5,0,4,1,5,2,0,2,-4,5,1,-1,1,0,0,3,6,3,-10,7,-11,0,-2,-1,-1,-1,-1,5,-1
KR_6738317760,420,-7,-111,-27,-17,-4,4,0,-7,7,0,-4,5,1,-3,5,2,1,0,1,0,-18,24,3,-14,11,-4,0,-3,-1,-1,-1,-1,6,-1
KR_6709123178,420,0,2,-3,-2,1,2,3,-5,5,0,-1,1,0,3,0,3,0,0,0,0,-7,-2,-1,-10,11,3,0,0,-1,1,1,1,2,-1
KR_6749942248,420,-1,-21,20,2,-5,5,0,0,2,2,3,1,4,3,0,3,1,1,2,0,7,46,-1,-6,7,-1,0,-1,1,-1,-1,-1,4,-1
KR_6722038452,420,1,-4,-6,2,0,1,1,4,0,4,-6,6,0,2,1,3,2,0,2,0,8,11,5,-13,8,-19,0,1,1,1,1,-1,3,-1
KR_6751093685,420,-4,-18,3,-12,3,2,5,-6,6,0,-2,4,2,-5,5,0,-2,2,0,-2,-14,1,-2,-7,9,-3,0,-2,-1,-1,-1,-1,2,-1
KR_6744212879,420,-3,-30,21,-6,2,0,2,-3,4,1,-1,3,2,-4,4,0,0,2,2,0,-13,-18,-4,-8,12,6,0,0,-1,1,-1,-1,6,-1
KR_6740236497,420,-4,-21,5,-8,-2,2,0,-1,6,5,-5,5,0,-1,4,3,1,0,1,0,-3,-12,-2,-9,11,-1,0,0,1,-1,-1,1,6,-1
KR_6746476480,420,-1,59,0,-1,0,1,1,-1,3,2,2,1,3,-3,6,3,1,1,2,0,-3,-1,-3,-5,8,7,0,2,1,1,1,-1,3,-1
KR_6743864336,420,-1,-62,39,-6,-2,2,0,-1,1,0,2,3,5,-4,5,1,-1,1,0,0,-11,19,-6,-8,14,3,0,-1,-1,1,-1,-1,4,-1
KR_6747842010,420,-4,-72,-22,-6,-1,3,2,0,0,0,-8,8,0,2,3,5,1,0,1,0,-3,-8,2,-10,8,-5,0,0,1,-1,-1,1,6,-1
KR_6738681701,420,-4,-69,-12,-16,0,1,1,-5,7,2,0,3,3,-7,9,2,-4,4,0,0,-16,3,-1,-8,9,-3,0,-3,-1,-1,-1,-1,2,-1
KR_6747883109,420,1,35,-6,0,5,3,8,-2,4,2,-2,3,1,0,1,1,-1,1,0,0,-5,3,-1,-7,8,-4,0,0,1,-1,-1,-1,5,-1
KR_6745648333,420,-4,-30,-20,-17,2,0,2,-1,4,3,-7,7,0,-7,9,2,-4,4,0,-1,-24,-36,-1,-9,10,-1,0,-1,-1,1,-1,1,6,-1
KR_6743417981,420,0,22,-18,0,-1,3,2,1,1,2,-2,4,2,1,0,1,1,1,2,0,0,16,1,-10,9,0,0,0,0,1,1,1,0,-1
KR_6749601823,420,0,-4,12,-1,-6,6,0,0,4,4,2,0,2,1,1,2,2,0,2,0,2,-34,-6,-8,14,2,0,0,-1,-1,0,-1,1,-1
KR_6748059419,420,-4,-15,-10,-6,-2,3,1,-1,1,0,-2,2,0,0,4,4,-1,1,0,1,-10,-73,-4,-8,12,0,0,0,-1,1,0,1,5,-1
KR_6745988716,420,-1,-28,24,-3,0,0,0,-3,4,1,1,1,2,-2,4,2,1,4,5,-1,-2,-22,-4,-10,14,2,0,-2,1,-1,-1,-1,3,-1
KR_6741520384,420,3,-27,17,2,-1,2,1,-2,2,0,5,3,8,0,3,3,0,0,0,0,-3,-1,-3,-5,8,4,0,0,-1,-1,-1,-1,3,-1
KR_6749183300,420,-1,-8,-16,6,-2,7,5,4,1,5,0,2,2,3,5,8,1,0,1,0,11,6,2,-9,7,4,0,0,-1,1,1,1,6,-1
KR_6750448786,420,5,44,23,10,2,0,2,1,5,6,5,1,6,2,3,5,0,2,2,0,5,0,2,-7,5,1,0,0,-1,1,-1,1,1,-1
KR_6745370983,420,-2,-41,-40,-10,1,4,5,-5,5,0,0,1,1,-7,7,0,1,1,2,0,-12,24,1,-11,10,-6,0,-2,-1,-1,-1,1,1,-1
KR_6716616810,420,-1,4,-1,-4,1,1,2,-4,8,4,0,1,1,0,1,1,-1,2,1,0,-5,-4,-4,-6,10,0,0,-1,-1,-1,-1,1,4,-1
KR_6744206981,420,-2,10,-20,-5,3,2,5,-1,4,3,1,6,7,-6,9,3,-2,2,0,1,-3,19,-4,-5,9,-1,0,0,-1,1,-1,1,5,-1
KR_6738925600,420,0,-82,-7,-1,-1,3,2,0,3,3,0,4,4,0,5,5,0,1,1,2,2,-10,-8,-3,11,-1,0,0,1,-1,-1,1,5,-1
KR_6726153353,420,0,-13,-28,6,0,2,2,1,1,2,3,0,3,3,1,4,-1,1,0,0,8,-5,2,-11,9,-3,0,0,1,-1,0,1,5,-1
KR_6731408348,420,-4,-90,-41,-3,-2,2,0,0,1,1,-1,2,1,0,2,2,0,1,1,0,5,4,2,-8,6,-6,0,-2,-1,-1,-1,-1,2,-1
KR_6747891860,420,-1,-36,11,-14,4,1,5,-12,12,0,-2,2,0,-5,5,0,1,1,2,0,-28,-39,-2,-7,9,-1,0,-2,-1,-1,-1,1,3,-1
KR_6750176521,420,0,-30,-26,1,-1,1,0,2,5,7,0,3,3,-4,4,0,4,0,4,-2,-5,-1,1,-4,3,2,0,-3,-1,-1,-1,1,6,-1
KR_6740548408,440,-2,-35,13,-2,-2,2,0,5,2,7,-2,4,2,-2,3,1,-1,2,1,1,-4,43,1,-7,6,-2,0,-1,1,-1,-1,1,4,-1
KR_6750600818,420,-3,-6,12,-9,-1,3,2,-5,7,2,-2,2,0,-1,2,1,0,0,0,0,-18,-5,-6,-3,9,1,0,-1,1,-1,-1,-1,1,-1
KR_6746008775,420,-2,9,7,-3,0,1,1,4,3,7,2,2,4,-9,13,4,0,1,1,-2,-19,0,-1,-8,9,1,0,-1,-1,-1,-1,-1,6,-1
KR_6748257146,420,-1,-35,-19,6,2,0,2,5,2,7,1,1,2,-2,2,0,0,3,3,1,17,43,4,-11,7,-1,0,2,-1,1,1,1,5,-1
KR_6742003583,420,1,-29,35,1,1,0,1,-1,3,2,1,3,4,0,3,3,0,0,0,0,-4,45,-1,-8,9,1,0,0,1,1,0,-1,3,-1
KR_6747130558,420,-5,-22,9,-15,-5,5,0,-6,9,3,-2,3,1,-1,3,2,-1,1,0,0,-16,-14,-3,-8,11,4,0,-5,-1,-1,-1,-1,6,-1
KR_6739100841,420,-1,-13,9,-8,1,1,2,-5,5,0,-2,4,2,-3,5,2,1,0,1,0,-8,-17,2,-8,6,4,0,0,-1,-1,0,-1,4,-1
KR_6735864726,420,-4,-48,-24,-5,-1,5,4,-2,6,4,-2,2,0,0,1,1,0,1,1,0,-10,32,-2,-7,9,-9,0,0,-1,-1,-1,1,3,-1
KR_6752114881,420,-4,-77,-11,-15,0,3,3,-8,8,0,1,4,5,-8,9,1,0,1,1,0,-13,12,-4,-6,10,2,0,-3,-1,-1,-1,-1,2,-1
KR_6740496966,420,-2,-13,-13,3,1,0,1,-4,8,4,0,1,1,7,0,7,-1,2,1,0,6,43,-5,-6,11,5,0,-3,1,1,-1,1,2,-1
KR_6741040095,440,-3,-94,-13,-3,1,3,4,-1,1,0,-3,6,3,0,4,4,0,0,0,3,12,58,-1,-6,7,3,0,-1,1,-1,-1,1,4,-1
KR_6735695574,420,-3,-53,12,-1,-2,5,3,0,3,3,4,1,5,-3,3,0,0,1,1,0,-6,1,0,-11,11,0,0,-1,-1,1,-1,1,1,-1
KR_6748286574,420,-1,21,9,1,1,1,2,5,2,7,-6,8,2,-1,4,3,2,1,3,2,-10,2,-5,-12,17,16,0,-1,1,1,1,1,1,-1
KR_6746776369,420,-3,-12,-22,-8,2,1,3,-7,10,3,-4,4,0,-1,3,2,2,0,2,0,-26,16,-1,-7,8,-5,0,0,-1,-1,-1,1,1,-1
KR_6735730218,440,-1,-19,15,-4,-5,8,3,2,2,4,0,1,1,-2,3,1,1,0,1,0,-3,4,-7,-3,10,2,0,-1,1,-1,-1,-1,1,-1
KR_6747714005,420,-5,-30,-42,-14,1,1,2,-2,5,3,-9,9,0,-3,4,1,-1,1,0,0,-22,9,1,-8,7,0,0,-1,-1,-1,-1,-1,2,-1
KR_6748068151,420,3,-45,5,7,-2,4,2,3,3,6,1,1,2,3,2,5,2,0,2,0,10,-4,5,-11,6,-2,0,0,1,1,1,1,1,-1
KR_6747570764,420,-1,-54,4,-4,-2,3,1,-3,7,4,-4,6,2,4,0,4,1,0,1,0,-9,-3,2,-10,8,-3,0,0,1,-1,1,-1,2,-1
KR_6750380020,420,0,6,26,3,-1,1,0,5,1,6,1,1,2,-1,5,4,-1,1,0,0,7,-7,0,-12,12,5,0,2,-1,1,1,-1,5,-1
KR_6752010781,420,0,12,-9,-9,-8,8,0,3,3,6,-5,6,1,1,2,3,0,1,1,0,-3,-1,0,-7,7,-2,0,-2,-1,-1,-1,-1,2,-1
KR_6742410725,420,-6,-56,-5,-9,-1,1,0,-2,5,3,-1,2,1,-4,7,3,-1,3,2,3,-9,14,-4,-7,11,1,0,-2,-1,-1,-1,1,6,-1
KR_6747841159,420,-5,-14,-24,-8,1,2,3,0,1,1,-5,5,0,-2,6,4,-2,5,3,0,-7,-14,-3,-6,9,3,0,-1,-1,-1,-1,1,3,-1
KR_6746287128,420,1,27,-16,-3,2,0,2,-1,3,2,0,1,1,-5,8,3,1,1,2,0,0,-31,1,-11,10,-3,0,0,1,-1,0,-1,2,-1
KR_6747898131,420,-3,40,-29,-8,1,2,3,-3,4,1,-2,4,2,-3,4,1,-1,2,1,0,-10,-30,-1,-7,8,4,0,0,-1,-1,-1,1,5,-1
KR_6736102734,420,-6,-18,-48,-8,-1,2,1,-3,6,3,-2,4,2,0,4,4,-2,2,0,0,-8,-2,4,-10,6,-6,0,-1,-1,-1,-1,-1,1,-1
KR_6747954977,420,-3,-41,-5,-7,-5,7,2,0,2,2,-3,6,3,-1,3,2,2,0,2,0,-9,-30,-5,-9,14,6,0,-2,1,-1,-1,-1,3,-1
KR_6745197079,420,-5,-66,-44,-9,-1,1,0,0,3,3,-7,9,2,2,2,4,-3,3,0,0,-6,-5,-1,-7,8,3,0,-3,-1,-1,-1,-1,3,-1
KR_6749487682,420,-9,-158,-4,-15,-3,3,0,-2,2,0,-4,7,3,-7,7,0,1,1,2,0,-17,-14,-2,-6,8,-1,0,-6,0,-1,-1,-1,0,-1
KR_6748722253,420,-6,-154,1,-15,0,4,4,-3,4,1,-2,3,1,-10,11,1,0,1,1,1,-21,-3,-3,-3,6,-4,-2,-8,-1,-1,-1,1,1,-1
KR_6741059629,420,-4,-49,-29,-11,2,0,2,-4,6,2,1,1,2,-9,10,1,-1,3,2,-1,-16,-35,-3,-8,11,-3,0,-1,-1,1,-1,-1,4,-1
KR_6747854444,420,0,13,-8,-1,0,1,1,1,3,4,-1,3,2,-1,2,1,0,0,0,1,7,-16,-5,-7,12,9,0,0,-1,-1,-1,1,2,-1
KR_6742594916,420,-1,16,7,0,0,1,1,-2,3,1,-2,5,3,6,2,8,-2,3,1,0,1,23,-1,-6,7,0,0,1,1,-1,1,-1,6,-1
KR_6722005697,420,1,46,-20,3,-4,4,0,0,1,1,2,1,3,3,0,3,2,0,2,0,4,5,-2,-8,10,-3,0,1,-1,-1,1,-1,1,-1
KR_6742283526,420,-5,-78,-22,-16,1,3,4,-3,3,0,-5,6,1,-6,6,0,-3,3,0,0,-21,5,1,-12,11,-12,0,-2,-1,-1,-1,-1,3,-1
KR_6748028002,420,-3,-51,-9,-5,1,0,1,-2,5,3,-1,3,2,-4,6,2,1,1,2,-1,-11,2,2,-6,4,2,0,-2,1,-1,-1,-1,4,-1
KR_6746628177,420,0,29,-5,-1,3,0,3,2,1,3,-2,4,2,-1,3,2,-3,3,0,0,-1,-2,5,-10,5,1,0,0,-1,1,-1,1,1,-1
KR_6749636125,420,-1,3,29,-2,-2,2,0,3,1,4,-7,7,0,3,3,6,1,1,2,0,-2,4,4,-11,7,-1,0,0,-1,-1,-1,-1,4,-1
KR_6723988243,420,-4,-24,-8,-7,-2,4,2,0,2,2,-2,2,0,-4,4,0,1,0,1,-1,-10,-3,3,-10,7,-3,0,-1,-1,-1,-1,-1,2,-1
KR_6742460395,420,-3,-66,-4,-8,0,3,3,0,3,3,2,3,5,-9,10,1,-1,1,0,0,-9,-15,-7,-3,10,7,0,0,-1,-1,-1,-1,6,-1
KR_6750514231,420,2,-22,-1,9,-1,3,2,0,2,2,5,1,6,3,1,4,2,0,2,0,11,-29,-2,-7,9,6,0,-2,1,-1,-1,1,6,-1
KR_6742474403,440,-4,-10,-27,-9,-2,2,0,5,2,7,1,1,2,-11,14,3,-2,3,1,0,-18,13,-2,-5,7,-3,0,-3,1,-1,-1,-1,1,-1
KR_6745275207,420,-4,-20,-4,-4,1,0,1,-3,5,2,0,1,1,-1,2,1,-1,1,0,0,-10,-20,-3,-10,13,-2,0,-2,-1,-1,-1,-1,2,-1
KR_6726404384,420,0,-18,15,2,0,0,0,3,2,5,-1,2,1,0,3,3,0,0,0,0,4,3,0,-7,7,17,0,0,-1,1,1,-1,5,-1
KR_6744318331,420,0,-10,-23,-9,-4,4,0,-3,4,1,0,1,1,-1,4,3,-1,1,0,0,3,-7,-5,-2,7,4,0,-4,-1,-1,-1,-1,3,-1
KR_6710532999,420,-4,-51,-6,-9,-2,3,1,1,3,4,0,1,1,-7,7,0,-1,2,1,0,-8,6,-1,-4,5,-2,0,-2,-1,-1,-1,-1,5,-1
KR_6743194079,420,-2,-72,-4,-3,-1,2,1,0,1,1,2,0,2,-4,4,0,0,1,1,0,-5,3,1,-7,6,6,0,0,-1,1,-1,1,4,-1
KR_6745499230,420,-3,-39,-21,-18,-2,2,0,-7,10,3,0,2,2,-7,8,1,-2,4,2,0,-21,-9,-1,-5,6,4,0,-2,-1,-1,-1,-1,5,-1
KR_6751047714,420,0,12,16,3,0,2,2,0,2,2,2,1,3,1,3,4,0,0,0,0,4,8,3,-7,4,-3,0,0,1,-1,1,1,3,-1
KR_6744081150,420,-1,-21,-25,1,0,2,2,5,2,7,-2,4,2,-1,3,2,-1,2,1,-1,7,14,4,-13,9,-9,0,-2,-1,1,-1,-1,4,-1
KR_6747798597,420,-2,-50,11,-5,1,2,3,-2,5,3,-2,5,3,-3,5,2,1,1,2,0,-4,5,0,-8,8,-7,0,0,1,-1,-1,1,1,-1
KR_6744824973,420,-1,-6,10,-5,0,4,4,1,2,3,-1,2,1,-2,3,1,-3,3,0,0,-11,-10,-5,-6,11,1,0,0,-1,1,-1,1,1,-1
KR_6751258177,420,-8,-55,-47,-21,-1,1,0,-6,7,1,-3,4,1,-12,13,1,1,0,1,0,-26,-57,-6,-7,13,1,0,-4,-1,-1,-1,-1,2,-1
KR_6736208472,420,-1,-37,8,-1,-1,1,0,1,4,5,0,6,6,1,4,5,-2,2,0,0,8,-7,-3,-7,10,-6,0,-1,-1,1,1,-1,3,-1
KR_6727845541,420,-4,-75,24,-19,-3,3,0,-2,5,3,-5,6,1,-5,8,3,-4,4,0,-1,-26,-1,0,-9,9,-10,0,-1,1,-1,-1,-1,1,-1
KR_6748069668,420,-1,26,-1,-13,0,0,0,-4,5,1,-3,9,6,-7,10,3,1,0,1,-1,-7,-5,-7,-2,9,5,0,-2,-1,-1,-1,-1,5,-1
KR_6748293706,420,-4,-19,-7,-3,-4,5,1,-3,4,1,4,0,4,-1,2,1,1,0,1,0,-4,-33,-3,-8,11,2,0,-2,1,-1,-1,1,5,-1
KR_6741506459,420,4,9,-34,9,0,3,3,5,3,8,0,1,1,3,2,5,1,0,1,0,15,38,4,-8,4,1,0,1,0,-1,1,-1,0,-1
KR_6721303333,420,-2,-10,-32,-5,0,3,3,-2,3,1,-2,2,0,-2,6,4,1,0,1,0,-8,-4,-2,-6,8,4,0,-1,-1,1,-1,-1,4,-1
KR_6744237884,420,-1,-4,-31,-2,1,0,1,1,3,4,-1,2,1,-3,5,2,0,1,1,0,-1,1,2,-9,7,-4,0,0,1,1,0,1,3,-1
KR_6743670340,420,-1,39,9,-3,-3,4,1,0,4,4,2,2,4,-3,5,2,1,1,2,1,-5,7,1,-7,6,4,0,0,-1,1,0,1,4,-1
KR_6744535790,420,2,-22,2,4,-1,2,1,0,3,3,0,1,1,5,1,6,0,0,0,0,7,-37,-5,-8,13,0,0,0,1,-1,-1,-1,6,-1
KR_6744505515,420,0,-30,-17,1,-1,2,1,1,3,4,-1,3,2,1,3,4,1,0,1,0,5,19,3,-8,5,-5,0,0,1,1,-1,-1,6,-1
KR_6746329243,420,1,20,8,1,-2,3,1,0,2,2,4,0,4,1,3,4,-2,3,1,0,2,-6,-5,-5,10,3,0,-1,1,-1,-1,-1,2,-1
KR_6736616109,420,-3,-59,0,-10,1,1,2,-8,12,4,-3,6,3,-2,8,6,2,0,2,-1,-12,-4,-4,-6,10,-1,0,-2,-1,1,-1,-1,6,-1
KR_6740061767,420,-4,8,6,-6,-2,2,0,-1,3,2,-4,4,0,0,5,5,1,0,1,0,-12,7,1,-9,8,-1,0,0,-1,1,-1,1,2,-1
KR_6746753552,420,0,-12,-4,3,-4,4,0,3,0,3,1,1,2,2,2,4,1,1,2,0,13,5,7,-16,9,5,0,0,1,1,-1,-1,6,-1
KR_6750201502,420,-4,-42,-21,-4,-4,5,1,1,1,2,1,3,4,-1,3,2,-1,1,0,0,-3,-34,0,-4,4,-3,0,0,-1,-1,-1,-1,4,-1
KR_6739290240,420,0,-2,16,-10,0,3,3,-3,5,2,-1,3,2,-1,2,1,-5,5,0,0,-12,-8,3,-13,10,5,0,1,-1,-1,-1,-1,6,-1
KR_6747563952,420,-3,-37,-14,-8,-1,4,3,-6,8,2,-3,6,3,0,4,4,2,0,2,1,-4,10,-7,-2,9,3,0,-3,0,-1,-1,1,0,-1
KR_6725112741,420,-1,-69,4,2,-1,2,1,3,5,8,1,0,1,-1,5,4,0,2,2,0,9,-2,0,-9,9,-4,0,-2,-1,-1,-1,1,4,-1
KR_6750862894,420,-5,-84,-44,-1,-5,5,0,3,1,4,3,3,6,-2,2,0,0,1,1,0,1,44,2,-10,8,-10,0,-2,-1,-1,-1,1,6,-1
KR_6708464378,420,-4,-29,-23,-3,1,3,4,-4,5,1,1,0,1,-1,4,3,0,0,0,0,-10,-1,-3,-6,9,-6,0,-2,-1,-1,-1,1,3,-1
KR_6741268081,420,-5,-38,-12,-11,-1,3,2,-5,6,1,-2,4,2,-2,2,0,-1,1,0,0,-16,28,-5,-5,10,-1,0,-2,-1,-1,-1,1,5,-1
KR_6744639280,420,1,-51,28,2,-1,2,1,5,2,7,0,0,0,-6,7,1,4,0,4,0,4,-3,-9,-7,16,-3,0,-1,-1,-1,-1,-1,4,-1
KR_6748736741,420,-2,-26,-6,1,-1,1,0,2,2,4,-2,9,7,3,4,7,-1,1,0,0,-7,32,4,-12,8,-6,0,-1,-1,1,-1,-1,5,-1
KR_6725074670,420,0,37,-18,-1,-2,2,0,-3,7,4,3,1,4,1,2,3,0,1,1,0,-5,-12,2,-10,8,3,0,0,1,-1,-1,-1,2,-1
KR_6747078672,420,0,-8,24,-4,-1,2,1,0,2,2,-4,5,1,1,2,3,0,0,0,0,-1,35,4,-11,7,-4,0,1,-1,1,1,1,3,-1
KR_6744130445,420,2,86,-15,-2,3,1,4,0,2,2,-1,2,1,-3,4,1,-1,2,1,0,-14,0,-3,-7,10,-1,0,-1,-1,-1,-1,-1,6,-1
KR_6744531118,420,3,40,17,3,5,0,5,0,2,2,0,1,1,-2,5,3,0,1,1,0,-6,1,0,-8,8,-3,0,0,-1,-1,1,-1,2,-1
KR_6745923540,420,-5,-71,-8,-6,-2,2,0,0,9,9,-1,1,0,-4,6,2,1,0,1,0,-16,-4,-1,-7,8,1,0,1,-1,1,1,-1,2,-1
KR_6745397652,420,-2,9,-24,-5,0,2,2,-2,4,2,-2,3,1,0,3,3,-1,1,0,0,-12,-2,0,-11,11,-2,0,0,-1,-1,0,1,5,-1
KR_6749953413,420,-5,-46,-15,-2,-1,1,0,2,0,2,-1,2,1,-2,3,1,0,1,1,0,1,-11,-4,-6,10,9,0,0,-1,1,0,-1,3,-1
KR_6749236375,420,-7,-84,-21,-21,-4,4,0,-4,4,0,-5,5,0,-7,8,1,-1,2,1,-1,-22,-10,-5,-2,7,-8,0,-1,-1,-1,-1,-1,2,-1
KR_6748807120,420,-2,18,-6,2,-3,3,0,2,2,4,1,3,4,1,2,3,1,1,2,0,4,-9,-3,-8,11,-1,0,2,-1,1,1,1,3,-1
KR_6750716912,420,-3,-94,-3,-1,1,2,3,-1,4,3,-3,3,0,-3,5,2,5,0,5,1,2,-23,-6,-7,13,0,0,0,-1,1,1,1,4,-1
KR_6732583315,420,-2,8,8,-6,0,2,2,1,3,4,3,1,4,-10,10,0,0,0,0,0,-1,-3,-2,-7,9,2,0,-1,1,1,1,1,1,-1
KR_6720654997,420,0,-10,15,-3,0,2,2,3,2,5,-1,4,3,-7,8,1,2,1,3,0,2,-7,-1,-6,7,-3,0,0,1,-1,-1,-1,1,-1
KR_6749198796,440,-2,-61,2,-11,2,1,3,-3,4,1,1,3,4,-10,11,1,-1,3,2,-1,-23,-140,-7,-4,11,6,0,-2,-1,-1,-1,-1,6,-1
KR_6739141180,420,2,20,4,6,-4,7,3,7,0,7,0,3,3,2,4,6,1,1,2,-2,11,-13,-3,-10,13,-5,0,0,-1,-1,1,-1,2,-1
KR_6743790423,420,6,49,17,12,0,0,0,4,1,5,6,1,7,4,0,4,-2,2,0,0,12,-6,4,-13,9,12,0,1,-1,1,-1,1,4,-1
KR_6740011160,420,1,0,13,0,-1,2,1,-1,4,3,-2,7,5,3,2,5,1,0,1,0,-4,2,2,-10,8,-8,0,1,1,-1,1,-1,5,-1
KR_6750034799,420,-9,-106,-55,-19,-7,7,0,-1,5,4,0,1,1,-10,15,5,-1,1,0,0,-7,37,-6,-8,14,-6,0,-4,-1,-1,-1,-1,2,-1
KR_6746676822,420,-7,-50,-16,-19,-2,2,0,-9,12,3,-8,9,1,-1,4,3,1,0,1,-1,-23,-31,1,-7,6,0,0,-2,-1,-1,-1,-1,2,-1
KR_6737735022,420,2,9,-20,2,-2,3,1,-5,7,2,4,1,5,6,4,10,-1,1,0,1,1,10,2,-9,7,1,0,1,1,-1,1,-1,3,-1
KR_6747356811,420,-1,-11,-11,2,4,0,4,-2,2,0,3,0,3,0,1,1,-3,3,0,0,-4,3,4,-10,6,-2,0,0,-1,1,0,1,4,-1
KR_6749909934,420,0,32,-17,-5,1,1,2,-5,6,1,-1,2,1,0,2,2,0,0,0,0,-13,-15,-1,-9,10,2,0,0,-1,1,1,-1,6,-1
KR_6745792971,420,1,-19,35,1,-1,1,0,2,1,3,-3,5,2,3,2,5,0,0,0,0,3,3,3,-10,7,0,0,0,1,1,0,-1,5,-1
KR_6746645596,420,-5,-24,0,-10,0,1,1,-4,4,0,-1,2,1,-3,5,2,-2,2,0,0,-15,2,0,-10,10,-3,0,-1,-1,-1,-1,1,4,-1
KR_6744971135,420,-2,-16,10,-4,0,3,3,1,1,2,1,1,2,-4,7,3,-2,2,0,0,-9,1,5,-12,7,-5,0,2,-1,1,1,-1,5,-1
KR_6718883943,420,-8,-90,-24,-10,-1,5,4,2,4,6,-3,4,1,-7,8,1,-1,2,1,-1,-5,4,-2,-6,8,1,0,-3,-1,-1,-1,1,4,-1
KR_6708549001,420,3,65,12,9,-2,3,1,1,3,4,6,0,6,4,3,7,0,1,1,0,16,3,5,-12,7,-1,0,2,1,0,1,1,3,-1
KR_6751697275,420,-2,-19,10,0,-8,10,2,1,1,2,2,0,2,5,3,8,0,0,0,0,-8,13,7,-14,7,-7,0,0,1,1,0,-1,5,-1
KR_6745551410,420,-2,-42,3,-7,1,1,2,-4,5,1,1,3,4,-4,7,3,-1,2,1,0,-9,-8,-5,-2,7,2,0,-1,-1,1,-1,1,6,-1
KR_6735778928,420,-2,22,-23,-4,3,0,3,0,2,2,0,2,2,-7,7,0,0,0,0,0,-11,-8,-2,-7,9,1,0,-2,-1,-1,-1,1,4,-1
KR_6748306443,420,-6,-68,-13,-9,0,4,4,-7,8,1,-5,6,1,1,1,2,2,2,4,0,0,0,-1,-7,8,-8,0,-2,0,-1,-1,-1,0,-1
KR_6745564892,420,3,-4,-3,-1,2,5,7,0,2,2,-5,6,1,4,2,6,-2,4,2,0,3,38,0,-5,5,1,0,0,-1,-1,-1,-1,3,-1
KR_6740429342,420,-9,-79,-9,-24,-5,6,1,-4,5,1,-3,3,0,-8,10,2,-4,4,0,0,-31,-44,-2,-8,10,-4,0,-2,-1,-1,-1,-1,2,-1
KR_6745779201,420,2,16,-39,3,3,0,3,3,2,5,-1,4,3,-2,9,7,0,0,0,0,-4,26,4,-13,9,-7,0,0,1,-1,-1,1,5,-1
KR_6750332221,420,-1,-70,-16,-3,-2,2,0,1,2,3,3,2,5,-3,3,0,-2,2,0,0,-3,-38,5,-11,6,-1,0,-1,1,-1,-1,1,4,-1
KR_6747991593,420,-1,-25,1,3,-2,2,0,4,3,7,2,2,4,2,4,6,-3,4,1,0,10,-4,0,-11,11,1,0,-1,1,-1,-1,-1,6,-1
KR_6744805065,420,-1,-20,-1,-2,1,1,2,-1,6,5,0,3,3,-2,2,0,0,0,0,0,-6,8,0,-11,11,-1,0,-1,-1,-1,-1,1,4,-1
KR_6750269297,420,-2,-3,-16,-8,-3,3,0,-3,3,0,-1,2,1,-4,5,1,3,0,3,-1,-2,-8,-2,-6,8,8,0,-1,0,-1,-1,-1,0,-1
KR_6741798013,420,-1,-15,16,-6,-6,7,1,-1,4,3,-1,4,3,0,3,3,2,0,2,1,6,37,6,-12,6,-1,0,0,1,1,-1,1,5,-1
KR_6749832912,420,1,30,-4,-2,1,0,1,1,3,4,0,0,0,-6,9,3,2,0,2,-3,-8,5,0,-11,11,-4,0,1,-1,-1,1,1,1,-1
KR_6751401273,420,-3,-25,-5,-6,2,2,4,-2,3,1,2,2,4,-4,4,0,-4,4,0,0,-10,-3,-1,-9,10,0,0,-2,-1,1,-1,1,1,-1
KR_6746645319,420,-8,-74,7,-18,-4,4,0,-11,14,3,-1,2,1,-1,5,4,-1,2,1,-1,-22,-36,-8,-3,11,-3,0,-1,-1,-1,-1,-1,2,-1
KR_6749495660,420,-1,-28,-12,-4,-3,3,0,2,1,3,-1,5,4,0,1,1,-2,2,0,-1,-10,-10,5,-9,4,-4,0,0,1,-1,-1,-1,1,-1
KR_6746508103,420,-3,-38,-16,-9,0,0,0,-4,6,2,-1,2,1,-5,6,1,1,1,2,0,-18,-11,-3,-8,11,7,0,1,-1,1,1,-1,3,-1
KR_6745784363,420,-3,-64,9,-9,-3,3,0,-6,9,3,1,3,4,1,5,6,-2,2,0,0,-9,30,-4,-9,13,7,0,-2,1,-1,-1,1,4,-1
KR_6745462143,420,-2,10,-28,0,1,3,4,-6,9,3,3,3,6,-5,8,3,7,0,7,2,-1,48,0,-9,9,-3,0,0,1,1,-1,1,1,-1
KR_6744134723,420,-1,-20,27,0,-1,2,1,1,4,5,-1,3,2,0,1,1,1,1,2,0,1,1,3,-10,7,-3,0,0,-1,1,0,-1,3,-1
KR_6743271251,420,-7,-7,-11,-8,3,1,4,-3,9,6,-2,2,0,-3,6,3,-3,3,0,2,-11,27,-7,-9,16,-4,0,0,-1,1,-1,1,2,-1
KR_6734815438,420,0,-3,27,-3,0,2,2,-1,3,2,0,0,0,-3,6,3,1,1,2,0,-3,-29,-1,-11,12,4,0,0,-1,1,1,-1,5,-1
KR_6750180091,420,-5,5,-12,-15,-3,3,0,-3,6,3,-3,4,1,-3,6,3,-3,3,0,0,-14,3,1,-10,9,-1,0,-1,1,-1,-1,-1,3,-1
KR_6745413987,420,-4,-58,11,-10,-1,3,2,-1,2,1,-2,3,1,-5,5,0,-1,2,1,0,-12,-11,-4,-5,9,0,0,-2,-1,-1,-1,-1,2,-1
KR_6744461452,420,-5,-80,5,-11,-1,2,1,-5,5,0,-1,2,1,-1,5,4,-3,3,0,0,-12,-14,-3,-9,12,4,0,-1,1,-1,-1,1,1,-1
KR_6740568307,420,-4,-75,-19,-10,-5,5,0,-6,7,1,2,4,6,0,3,3,-1,2,1,0,-7,-6,2,-8,6,-2,0,-2,1,-1,-1,1,2,-1
KR_6749413693,420,-4,-53,4,-8,-5,5,0,-2,5,3,-4,6,2,3,0,3,0,1,1,0,3,-3,0,-12,12,0,0,-1,-1,-1,-1,1,2,-1
KR_6747431990,420,-4,-7,-35,-25,-3,3,0,0,6,6,-8,10,2,-12,13,1,-2,3,1,0,-19,-4,2,-8,6,0,0,-3,-1,-1,-1,-1,1,-1
KR_6747319465,420,3,7,15,3,-2,3,1,-1,3,2,3,0,3,4,2,6,-1,1,0,0,8,11,4,-12,8,-2,0,0,1,1,1,1,5,-1
KR_6749311897,420,-5,-59,-41,-9,-4,4,0,-3,5,2,4,2,6,-6,8,2,0,2,2,-2,-6,-40,2,-8,6,-4,0,-1,-1,-1,-1,1,2,-1
KR_6734397956,420,0,-2,-1,-2,-1,1,0,-3,5,2,-1,1,0,1,0,1,2,0,2,0,-3,-3,-5,-6,11,4,0,0,1,-1,0,-1,1,-1
KR_6744316214,420,2,21,22,-4,-2,2,0,1,0,1,2,1,3,-2,6,4,-3,3,0,-2,-7,-9,4,-9,5,-3,0,0,-1,-1,0,1,6,-1
KR_6749466849,420,2,17,-8,3,2,1,3,1,2,3,4,0,4,-5,5,0,1,1,2,0,-1,11,3,-11,8,-9,0,0,1,1,0,1,4,-1
KR_6733592857,420,-9,-115,-49,-24,-3,5,2,-10,10,0,1,1,2,-12,16,4,0,2,2,0,-29,-8,-1,-10,11,-2,0,-4,-1,-1,-1,-1,5,-1
KR_6745232538,420,-2,-2,-2,-11,3,0,3,-5,7,2,-4,5,1,-5,5,0,0,2,2,0,-16,-8,-1,-10,11,0,0,0,-1,-1,-1,-1,5,-1
KR_6737585261,420,-5,-40,-25,-11,-3,3,0,-4,5,1,2,1,3,-6,7,1,0,0,0,0,-17,41,-2,-6,8,-22,0,-1,-1,-1,-1,-1,2,-1
KR_6719835762,420,-3,-51,-7,-4,-1,1,0,0,4,4,-2,4,2,-1,1,0,0,0,0,0,-8,-51,-3,-5,8,2,0,0,-1,1,0,-1,6,-1
KR_6716795348,420,-1,-22,8,-6,-5,5,0,3,0,3,6,0,6,-8,8,0,-2,2,0,0,-13,-10,2,-10,8,-5,0,0,-1,1,-1,1,5,-1
KR_6748739213,420,-4,-14,-13,-5,2,0,2,-5,6,1,-3,3,0,3,1,4,-2,2,0,-1,-7,0,3,-9,6,0,0,0,-1,-1,-1,-1,4,-1
KR_6744648379,420,-1,0,1,-3,2,0,2,-2,5,3,-2,4,2,-3,5,2,2,0,2,0,-10,-34,-6,-5,11,5,0,0,-1,1,-1,-1,6,-1
KR_6713662283,420,-1,-34,2,-4,-6,7,1,2,2,4,-2,3,1,-1,3,2,3,0,3,0,0,3,1,-8,7,-6,0,0,1,1,-1,-1,4,-1
KR_6744069552,420,0,10,16,1,-3,4,1,3,1,4,3,1,4,-4,4,0,2,0,2,0,6,5,7,-14,7,3,0,0,-1,1,1,-1,3,-1
KR_6744203352,420,-3,-36,-35,-2,1,2,3,-3,3,0,0,4,4,0,2,2,0,0,0,0,5,-18,0,-6,6,-3,0,-1,-1,-1,-1,-1,5,-1
KR_6743315126,420,-4,-35,-12,-9,-6,7,1,-3,3,0,2,2,4,-2,4,2,0,1,1,0,-5,-45,7,-15,8,-2,0,-1,1,-1,-1,-1,2,-1
KR_6744613562,420,-6,-76,-27,-13,0,2,2,-7,9,2,1,2,3,-6,6,0,-1,1,0,-1,-12,-7,-3,-3,6,-1,0,-1,-1,1,-1,-1,2,-1
KR_6728815472,420,0,4,-20,-2,-1,1,0,-5,6,1,2,1,3,0,3,3,2,0,2,0,-9,93,-2,-10,12,-9,0,2,-1,-1,1,-1,5,-1
KR_6749440936,420,1,-3,4,-1,1,0,1,-2,3,1,1,1,2,0,1,1,-1,1,0,0,-3,-4,-1,-10,11,8,0,0,-1,1,0,-1,1,-1
KR_6751970777,420,-1,37,-44,-5,0,2,2,-2,5,3,0,3,3,-3,4,1,0,1,1,0,-3,0,0,-9,9,2,0,0,0,-1,-1,1,0,-1
KR_6742304717,440,1,-5,14,-2,0,1,1,-1,3,2,-3,6,3,0,3,3,2,0,2,2,8,33,1,-8,7,-1,0,-1,1,-1,-1,1,4,-1
KR_6745363033,420,1,1,-1,-3,-2,2,0,2,2,4,-5,6,1,1,0,1,1,1,2,0,-12,12,5,-11,6,-3,0,-1,1,-1,-1,-1,3,-1
KR_6739344426,420,-1,-58,-15,-5,-1,2,1,-1,3,2,-2,2,0,-3,4,1,2,3,5,0,-4,-37,-1,-7,8,-12,0,1,1,-1,-1,-1,5,-1
KR_6751035586,420,-3,-4,-24,-9,0,1,1,-1,2,1,-10,10,0,1,2,3,1,1,2,-1,-13,1,-3,-7,10,-3,0,-1,-1,-1,-1,-1,4,-1
KR_6724428872,420,-6,-84,-8,-9,-2,2,0,-3,4,1,-1,2,1,-5,5,0,2,0,2,0,-17,-1,-5,-3,8,-2,0,0,-1,1,-1,-1,2,-1
KR_6744580463,420,1,8,36,-3,2,2,4,-1,3,2,-4,4,0,5,1,6,-5,5,0,1,-9,-46,-1,-11,12,2,0,-1,1,-1,-1,1,3,-1
KR_6748367863,420,-2,-41,-6,-6,-2,3,1,-2,2,0,-5,6,1,4,3,7,-1,1,0,-1,-5,7,0,-8,8,-4,0,0,1,-1,-1,-1,6,-1
KR_6745024071,420,-1,-66,-7,-7,-8,8,0,-5,7,2,3,1,4,3,0,3,0,0,0,0,-10,-1,0,-7,7,0,0,-1,-1,-1,-1,-1,5,-1
KR_6748336122,420,2,1,19,4,1,0,1,-3,5,2,0,2,2,5,0,5,1,0,1,0,1,0,0,-9,9,-2,0,0,-1,1,0,-1,2,-1
KR_6745841512,420,0,-26,18,-2,-5,5,0,0,3,3,-2,2,0,5,1,6,0,1,1,0,8,-3,-1,-7,8,7,0,1,1,-1,-1,-1,5,-1
KR_6742446056,420,5,13,-12,6,2,1,3,1,1,2,0,0,0,3,1,4,0,1,1,0,15,-3,2,-10,8,-1,0,1,1,-1,1,1,1,-1
KR_6745795231,420,2,23,4,2,2,2,4,-1,2,1,0,1,1,-1,2,1,2,0,2,0,-4,-6,4,-12,8,8,0,1,1,-1,1,1,4,-1
KR_6743929648,420,3,67,4,-6,1,0,1,-5,6,1,-1,3,2,-1,3,2,0,1,1,0,-14,0,3,-13,10,0,0,1,-1,-1,1,-1,4,-1
KR_6745746610,420,-1,33,21,-1,-2,2,0,2,3,5,-4,5,1,4,1,5,-1,1,0,2,1,41,3,-9,6,-2,0,0,-1,-1,-1,1,6,-1
KR_6742122469,440,-5,-121,-17,-9,-1,2,1,-1,2,1,0,0,0,1,4,5,-8,8,0,0,2,5,5,-10,5,0,0,-5,1,-1,-1,-1,1,-1
KR_6747057269,420,-4,-59,-2,-11,-1,2,1,-1,6,5,-6,8,2,-1,2,1,-2,2,0,0,-21,-9,-2,-3,5,1,0,-3,1,-1,-1,1,2,-1
KR_6750368563,420,-5,-107,-5,-16,-1,2,1,-2,7,5,-5,5,0,-7,7,0,-1,1,0,-3,-9,-1,1,-7,6,-3,0,-1,1,1,1,-1,5,-1
KR_6750513750,420,-2,-55,3,-10,0,2,2,-2,2,0,-3,3,0,-3,6,3,-2,2,0,-1,-15,2,-4,-3,7,-4,0,-1,0,-1,-1,-1,0,-1
KR_6750485588,420,-1,-15,-22,0,4,0,4,-6,6,0,1,3,4,1,5,6,0,1,1,-1,8,24,-1,-8,9,-3,0,0,1,-1,0,-1,5,-1
KR_6747193206,420,3,83,14,2,0,2,2,-2,5,3,3,4,7,3,3,6,-2,2,0,0,5,8,3,-9,6,-4,0,-1,-1,-1,1,1,3,-1
KR_6746109152,420,-5,-13,-27,-8,-2,2,0,-2,2,0,-4,5,1,0,2,2,0,3,3,0,-5,-5,2,-12,10,2,0,0,-1,1,1,1,6,-1
KR_6745942385,420,-1,-35,-11,-6,-3,3,0,-3,7,4,0,1,1,-1,2,1,1,0,1,0,1,-3,0,-7,7,4,0,-1,-1,-1,-1,1,1,-1
KR_6748291910,440,-9,-145,-16,-18,-6,6,0,-3,5,2,-3,5,2,-6,8,2,0,0,0,0,-17,-9,-4,-1,5,0,0,-4,-1,-1,-1,-1,4,-1
KR_6745382278,420,-2,-17,-24,3,4,0,4,0,3,3,-1,1,0,-1,4,3,1,1,2,0,5,-7,-1,-9,10,-3,0,0,-1,1,-1,1,4,-1
KR_6709186902,420,-4,33,-41,-9,0,1,1,-4,4,0,-1,2,1,-3,3,0,-1,2,1,0,-27,-53,0,-9,9,-7,0,0,1,1,1,1,5,-1
KR_6745310266,420,-4,-65,-10,-15,0,2,2,-3,3,0,-2,4,2,-8,8,0,-2,2,0,0,-25,-12,-3,-7,10,-1,0,-1,-1,1,-1,-1,6,-1
KR_6749040641,420,-3,49,-44,-6,2,0,2,-4,6,2,-1,2,1,0,3,3,-3,3,0,0,-11,-13,-3,-5,8,4,0,0,-1,-1,1,-1,6,-1
KR_6736070140,420,-2,-58,38,-11,-5,6,1,-2,4,2,-2,4,2,-3,3,0,1,1,2,0,-13,-29,-6,-4,10,3,0,0,-1,-1,-1,-1,6,-1
KR_6749876612,420,-7,-47,-15,-18,1,3,4,-6,11,5,-9,9,0,2,2,4,-6,7,1,1,-32,-36,-2,-6,8,6,0,-2,-1,-1,-1,1,4,-1
KR_6747851170,420,-1,2,-6,-5,-2,3,1,1,3,4,-1,5,4,-6,9,3,3,1,4,0,-2,18,1,-11,10,-1,0,-2,-1,-1,-1,-1,2,-1
KR_6749743121,420,-1,11,1,-4,0,2,2,-4,5,1,-1,3,2,1,0,1,0,0,0,0,-3,-17,-2,-5,7,4,0,-1,1,-1,-1,1,5,-1
KR_6751809166,420,0,51,-5,-4,1,1,2,-3,5,2,1,0,1,-2,4,2,-1,1,0,0,-3,6,4,-8,4,-5,0,0,-1,-1,0,-1,1,-1
KR_6749587951,420,1,-84,21,2,0,3,3,2,2,4,0,0,0,-1,3,2,1,1,2,0,0,-1,3,-14,11,-8,0,0,-1,1,-1,1,3,-1
KR_6750080100,420,-6,-81,8,-23,-9,9,0,-7,11,4,-2,2,0,-1,4,3,-4,4,0,1,-21,-4,-3,-5,8,-1,0,-3,-1,-1,-1,1,1,-1
KR_6735088518,420,-4,-106,-28,-5,-1,2,1,-1,2,1,-1,2,1,-2,3,1,0,0,0,0,-4,-23,-3,-11,14,-4,0,0,1,-1,0,-1,5,-1
KR_6732487424,420,1,76,11,5,2,3,5,3,1,4,1,1,2,-1,6,5,0,0,0,0,6,6,2,-10,8,0,0,2,-1,1,1,1,1,-1
KR_6745762393,420,-6,-79,-19,-8,-2,3,1,-1,3,2,-4,7,3,-2,4,2,1,1,2,0,-11,-11,-4,-9,13,-4,0,-1,-1,1,-1,-1,3,-1
KR_6742148304,440,-1,-11,-24,4,-1,4,3,2,4,6,-1,5,4,4,2,6,0,2,2,1,6,16,1,-9,8,2,0,0,-1,1,1,1,3,-1
KR_6749335008,420,5,19,4,9,4,1,5,-1,3,2,2,1,3,2,1,3,2,1,3,0,14,20,-4,-6,10,-2,0,-1,-1,-1,-1,-1,3,-1
KR_6748301925,420,-2,-37,9,-7,0,2,2,5,1,6,-10,10,0,-1,3,2,-1,2,1,0,1,0,0,-5,5,3,0,-2,1,1,-1,-1,5,-1
KR_6739033362,420,-2,-51,17,-7,0,0,0,-3,5,2,-1,3,2,-2,3,1,-1,1,0,-1,-12,-30,-5,-3,8,-11,0,-2,-1,-1,-1,-1,3,-1
KR_6749444994,420,-5,-56,-8,-8,1,0,1,0,2,2,-4,6,2,-5,7,2,0,0,0,0,-13,19,0,-8,8,-5,0,-2,-1,1,-1,1,3,-1
KR_6732997268,420,2,-30,8,1,-2,2,0,0,1,1,2,0,2,1,2,3,0,1,1,-1,0,18,3,-10,7,-1,0,1,-1,1,1,-1,1,-1
KR_6746540865,420,-4,-37,2,-8,-2,3,1,-5,6,1,1,2,3,-2,3,1,0,1,1,0,-12,-16,-3,-9,12,1,0,-2,1,-1,-1,-1,3,-1
KR_6737975199,420,-1,28,-13,-1,0,3,3,1,1,2,-4,6,2,2,4,6,0,2,2,0,1,-3,4,-12,8,-4,0,1,1,1,1,1,3,-1
KR_6744634970,420,-3,-36,0,-1,1,0,1,1,1,2,1,1,2,-5,6,1,1,0,1,0,-8,2,3,-9,6,-11,0,1,-1,1,1,1,2,-1
KR_6725135012,420,-2,-5,21,-13,-1,2,1,-6,11,5,-1,1,0,-5,5,0,0,2,2,0,-17,-13,-4,-5,9,-2,0,-1,-1,1,-1,-1,2,-1
KR_6744830149,420,-2,-32,4,-4,1,1,2,0,3,3,-4,4,0,-1,2,1,0,0,0,0,-6,-17,-1,-10,11,4,0,-2,1,-1,-1,1,2,-1
KR_6746290846,420,-3,-33,-9,-4,2,0,2,-1,4,3,1,3,4,-3,4,1,-3,3,0,0,5,-47,-4,-6,10,1,0,0,-1,-1,0,1,1,-1
KR_6741466286,420,-3,-55,-25,-3,1,0,1,-3,5,2,3,0,3,-4,5,1,0,1,1,0,-7,0,-3,-8,11,2,0,-2,-1,-1,-1,1,1,-1
KR_6747446299,420,-3,-57,-36,-6,0,4,4,1,1,2,-1,1,0,-5,6,1,-1,1,0,0,-3,-6,-4,-4,8,1,0,0,0,-1,-1,-1,0,-1
KR_6751524628,420,0,-51,30,-6,-2,3,1,1,1,2,-2,3,1,-2,7,5,-1,1,0,0,-6,-4,-4,-9,13,6,0,0,1,-1,0,-1,2,-1
KR_6751106340,420,2,-81,29,-1,4,3,7,0,3,3,3,0,3,-8,8,0,0,0,0,0,-7,-38,1,-7,6,6,0,-4,1,1,-1,-1,1,-1
KR_6744281298,440,-3,-38,9,-8,-7,7,0,-1,1,0,0,5,5,0,4,4,0,2,2,0,-5,-4,-1,-6,7,0,0,-1,-1,-1,-1,-1,6,-1
KR_6747605124,420,-5,-59,-39,-11,-1,3,2,-1,3,2,-4,5,1,-4,4,0,-1,2,1,0,-13,-7,-5,-4,9,-2,0,-2,-1,-1,-1,-1,3,-1
KR_6747453451,420,-1,-43,-11,-3,-5,6,1,0,3,3,0,3,3,3,0,3,-1,1,0,0,0,0,-5,-5,10,-3,0,0,-1,-1,-1,-1,1,-1
KR_6751615674,420,-2,-38,-28,3,0,3,3,-2,3,1,3,3,6,2,0,2,0,0,0,0,3,3,-1,-7,8,-3,0,1,-1,1,1,-1,4,-1
KR_6719027213,420,0,-3,5,1,3,0,3,-3,4,1,1,2,3,2,1,3,-2,2,0,0,7,41,1,-8,7,-5,0,0,-1,1,1,-1,5,-1
KR_6744093118,420,-1,20,5,-4,-3,4,1,-3,3,0,1,2,3,1,0,1,0,0,0,0,-4,-36,4,-12,8,-1,0,-1,1,1,-1,1,1,-1
KR_6749404275,420,-5,-41,-28,-17,0,1,1,-8,9,1,-3,4,1,-5,6,1,-1,2,1,0,-26,-13,-8,-4,12,4,0,1,-1,1,1,1,3,-1
KR_6735260332,420,-1,-14,4,-3,0,1,1,0,2,2,1,2,3,-3,3,0,-1,2,1,0,-15,35,3,-10,7,-4,0,1,-1,1,1,-1,6,-1
KR_6726838817,420,-1,-13,-8,-2,2,1,3,1,1,2,-4,7,3,-1,5,4,0,1,1,0,-9,76,2,-10,8,-1,0,0,1,-1,0,1,1,-1
KR_6752095765,420,-5,-3,-10,-13,-2,3,1,0,2,2,-5,7,2,-7,9,2,1,1,2,0,-12,-21,-3,-6,9,-4,0,-1,-1,-1,-1,-1,6,-1
KR_6743906201,420,1,27,4,0,2,2,4,0,4,4,0,4,4,-3,5,2,1,1,2,2,-4,5,-3,-6,9,3,0,-2,-1,-1,-1,1,5,-1
KR_6743763168,420,-3,-53,-22,-3,-1,1,0,1,3,4,-5,5,0,4,1,5,-2,2,0,-1,-7,0,-3,-8,11,-4,0,-2,-1,-1,-1,-1,6,-1
KR_6744384441,420,0,-12,-8,0,0,0,0,-1,3,2,0,0,0,0,3,3,1,0,1,0,2,9,5,-11,6,0,0,1,1,1,1,1,2,-1
KR_6750407640,440,0,34,-61,1,-1,1,0,3,1,4,0,2,2,0,1,1,-1,5,4,0,-1,-5,-3,-3,6,3,0,-1,-1,-1,-1,1,4,-1
KR_6747980370,420,1,-1,-7,1,-2,2,0,2,2,4,2,0,2,1,2,3,-2,2,0,0,0,-50,-3,-7,10,5,0,-1,1,-1,-1,1,6,-1
KR_6749269709,420,3,22,3,4,0,2,2,2,3,5,1,1,2,1,4,5,0,2,2,0,2,26,1,-9,8,2,0,0,-1,1,-1,1,2,-1
KR_6745992508,420,-1,-33,16,-3,-1,2,1,-2,7,5,0,3,3,-1,3,2,1,0,1,0,0,-3,-1,-6,7,-7,0,-1,-1,1,-1,1,5,-1
KR_6718871721,420,-5,-6,12,-12,-2,2,0,-2,2,0,-9,9,0,0,2,2,1,1,2,0,-11,-27,-2,-8,10,0,0,-1,1,-1,-1,1,3,-1
KR_6745284032,420,0,21,10,-1,-4,5,1,3,1,4,2,1,3,-2,3,1,0,0,0,0,1,-33,2,-10,8,-2,0,0,1,-1,-1,1,2,-1
KR_6720568451,420,-2,-24,-20,0,-2,2,0,1,6,7,0,2,2,0,2,2,1,1,2,0,10,25,1,-8,7,-1,0,0,1,1,-1,1,4,-1
KR_6746675552,420,2,1,-8,8,2,0,2,2,3,5,2,0,2,1,1,2,1,0,1,0,13,19,2,-11,9,3,0,0,-1,-1,-1,1,5,-1
KR_6725431919,420,-3,-27,-32,-4,2,0,2,-4,7,3,0,1,1,-2,3,1,0,0,0,0,-12,-8,-3,-6,9,-9,0,-2,1,1,-1,1,3,-1
KR_6742557421,440,-7,-70,-47,-14,3,0,3,-4,4,0,-1,3,2,-5,7,2,-7,8,1,0,-8,-5,2,-5,3,-4,0,-2,-1,-1,-1,-1,3,-1
KR_6746983633,420,-4,-39,-42,-5,0,1,1,-2,4,2,-2,6,4,-2,3,1,1,1,2,0,-14,-17,3,-10,7,-11,0,-1,-1,-1,-1,1,5,-1
KR_6747036874,420,0,2,-8,0,-3,4,1,0,2,2,3,1,4,0,2,2,0,0,0,0,-1,4,2,-6,4,-6,0,-1,-1,1,-1,-1,5,-1
KR_6747920484,420,-1,-17,-8,2,-1,4,3,2,2,4,0,1,1,3,0,3,-2,2,0,0,12,17,-2,-8,10,-9,0,-1,1,-1,-1,-1,2,-1
KR_6749466416,420,-2,30,8,-10,-1,2,1,-2,5,3,-4,4,0,-3,5,2,0,0,0,0,-17,-5,-1,-10,11,0,0,-1,-1,1,-1,1,1,-1
KR_6746042802,420,-2,-2,-53,-3,-1,5,4,1,2,3,-5,9,4,-1,4,3,3,1,4,0,8,6,0,-7,7,0,0,-2,0,1,-1,-1,0,-1
KR_6708632743,420,3,-54,2,0,-2,2,0,0,1,1,2,1,3,-2,3,1,2,0,2,0,-3,0,-2,-10,12,-2,0,0,1,0,0,1,2,-1
KR_6751470463,420,4,27,-19,9,1,1,2,-1,4,3,3,1,4,5,5,10,1,0,1,-1,6,-13,4,-10,6,5,0,1,1,-1,1,-1,3,-1
KR_6744106168,420,0,-18,23,-3,2,2,4,-3,6,3,1,1,2,-5,6,1,2,0,2,0,-4,-10,-5,-5,10,9,0,-1,1,-1,-1,1,3,-1
KR_6737653949,420,-1,-43,16,-7,-2,3,1,-2,5,3,-1,5,4,-3,3,0,1,2,3,1,3,-1,-3,-6,9,-2,0,-1,1,-1,-1,1,5,-1
KR_6723130543,420,-3,11,-19,-5,2,2,4,2,2,4,-1,3,2,-8,9,1,0,1,1,0,-15,27,2,-10,8,1,0,0,1,-1,-1,1,3,-1
KR_6714395932,420,-2,-62,16,-9,-1,3,2,2,0,2,-2,4,2,-6,7,1,-2,2,0,0,-18,101,-4,-7,11,-3,0,0,-1,-1,-1,-1,5,-1
KR_6750757479,420,-2,-62,-4,-4,-1,2,1,-3,3,0,-3,4,1,2,0,2,1,0,1,0,-13,13,-1,-10,11,-6,0,0,1,1,1,1,1,-1
KR_6751577407,420,-2,-27,26,-8,-1,1,0,-3,4,1,1,1,2,-3,3,0,-2,2,0,0,-9,48,3,-8,5,-5,0,0,-1,1,0,1,2,-1
KR_6748471166,420,-6,-52,-25,-15,-8,9,1,-7,7,0,-3,4,1,2,2,4,1,0,1,-1,-6,-5,-6,-3,9,2,0,-4,1,-1,-1,1,2,-1
KR_6750233408,420,1,-25,-8,4,0,2,2,1,4,5,0,0,0,1,1,2,2,0,2,0,4,-17,-4,-9,13,-3,0,-1,1,-1,-1,1,2,-1
KR_6747243295,420,0,29,-6,-2,-1,1,0,-1,4,3,-1,3,2,0,5,5,1,0,1,0,-3,5,4,-9,5,-9,0,0,-1,1,-1,-1,2,-1
KR_6732935535,420,-1,19,-8,-6,2,1,3,3,2,5,-4,6,2,-5,7,2,-2,2,0,0,-16,2,-1,-12,13,-2,0,0,1,-1,-1,-1,2,-1
KR_6747004436,420,-2,-66,-10,-10,-2,2,0,-5,6,1,0,2,2,-2,3,1,-1,1,0,0,-17,8,-4,-5,9,1,0,-1,-1,1,-1,-1,4,-1
KR_6748942323,420,-6,-88,-18,-13,-4,4,0,-4,4,0,1,2,3,-6,10,4,0,1,1,-2,-28,-9,-4,-5,9,-2,0,-2,-1,-1,-1,-1,3,-1
KR_6749233389,420,-6,-88,-26,-13,1,1,2,-9,9,0,-4,5,1,-1,2,1,0,1,1,-1,-11,39,2,-6,4,-2,0,-2,1,-1,-1,-1,2,-1
KR_6734799015,420,-3,-57,1,-4,4,1,5,-2,4,2,3,3,6,-9,11,2,0,0,0,0,-3,3,-1,-6,7,1,0,-2,-1,-1,-1,1,4,-1
KR_6746109457,420,0,26,-32,2,2,1,3,-1,3,2,0,0,0,2,1,3,-1,3,2,0,-2,-41,2,-9,7,-1,0,0,-1,-1,-1,-1,2,-1
KR_6746563617,420,-1,9,0,-2,2,2,4,-1,6,5,0,2,2,-2,2,0,-1,1,0,0,-7,1,1,-8,7,-6,0,1,-1,1,1,-1,1,-1
KR_6742336240,420,-1,1,4,-3,0,1,1,-1,3,2,-1,1,0,-2,4,2,1,2,3,0,-2,-4,-2,-6,8,-2,0,0,-1,-1,0,1,6,-1
KR_6745736935,420,-5,-72,0,-9,-1,4,3,-6,6,0,-1,3,2,-2,2,0,1,0,1,0,-11,32,-7,-3,10,-2,0,-3,-1,-1,-1,1,3,-1
KR_6750251416,420,-1,-34,-25,-6,0,1,1,-4,4,0,-2,4,2,-1,5,4,1,1,2,-1,1,-21,2,-10,8,6,0,-1,-1,1,-1,-1,1,-1
KR_6749714074,420,-2,25,-21,-6,-4,5,1,3,2,5,-2,3,1,-1,4,3,-2,5,3,-1,1,9,2,-10,8,-7,0,-3,1,-1,-1,-1,6,-1
KR_6739718721,420,-2,-27,-15,2,-4,4,0,0,0,0,3,1,4,4,0,4,-1,1,0,0,4,-4,1,-8,7,2,0,-1,-1,-1,-1,-1,5,-1
KR_6734715510,420,-3,-18,8,0,3,0,3,-3,5,2,-2,3,1,1,3,4,1,0,1,0,-5,5,2,-9,7,1,0,0,1,1,0,1,6,-1
KR_6751236011,420,-2,-60,-1,-1,-1,2,1,4,2,6,-4,5,1,-2,2,0,2,1,3,0,0,-1,-1,-6,7,-2,0,-2,-1,1,-1,1,4,-1
KR_6736050860,420,0,71,-27,2,2,0,2,1,4,5,-2,2,0,2,4,6,-1,1,0,0,-2,-14,3,-10,7,1,0,0,-1,1,1,1,2,-1
KR_6748009080,420,-2,-28,-24,-3,1,1,2,4,2,6,-2,3,1,-4,5,1,-2,2,0,0,4,29,4,-9,5,10,0,-1,-1,-1,-1,1,2,-1
KR_6746528782,420,1,-29,10,0,-5,7,2,-1,1,0,1,1,2,1,1,2,4,0,4,0,8,42,5,-9,4,2,0,0,1,-1,0,1,1,-1
KR_6749537024,420,-3,-32,-3,-3,-1,1,0,4,0,4,-2,3,1,-4,6,2,0,0,0,0,-3,-3,-1,-9,10,-3,0,0,-1,1,0,-1,4,-1
KR_6745453399,420,-3,-56,5,-13,-2,3,1,-9,12,3,-1,4,3,0,2,2,-1,3,2,0,-14,2,-3,-6,9,4,0,0,-1,-1,-1,1,2,-1
KR_6715569458,420,0,36,17,1,5,0,5,3,2,5,0,2,2,-5,6,1,-2,2,0,0,-7,24,0,-8,8,3,0,-1,-1,1,-1,-1,6,-1
KR_6725482656,420,-2,8,7,-5,1,1,2,-3,5,2,0,3,3,-2,5,3,-1,1,0,0,-18,-12,-3,-6,9,1,0,-1,-1,1,-1,1,4,-1
KR_6746779442,420,3,11,23,7,1,0,1,2,2,4,2,7,9,1,4,5,1,2,3,-1,10,15,6,-8,2,1,0,0,1,1,1,-1,1,-1
KR_6748969742,420,0,17,-5,0,3,3,6,-2,6,4,1,3,4,0,3,3,-2,2,0,0,-4,8,2,-8,6,7,0,-1,-1,1,1,-1,6,-1
KR_6739083960,420,-3,-16,-1,-6,0,2,2,1,3,4,-1,3,2,-1,5,4,-5,5,0,-1,-9,46,4,-13,9,-7,0,-1,-1,1,-1,-1,3,-1
KR_6747542609,420,-2,-43,8,-7,-2,5,3,-1,10,9,-2,3,1,-4,5,1,2,0,2,-1,-5,27,-2,-6,8,-1,0,1,-1,1,-1,-1,5,-1
KR_6750821463,420,-5,-1,-3,-6,0,1,1,2,4,6,-4,5,1,-3,9,6,-1,2,1,0,-17,-1,-2,-10,12,-8,0,-1,-1,-1,-1,-1,6,-1
KR_6743594321,420,-5,-72,5,-12,2,0,2,-9,11,2,1,1,2,-5,5,0,-1,1,0,-2,-16,0,0,-8,8,-2,0,-1,-1,1,-1,-1,5,-1
KR_6749987947,420,-2,28,-33,-1,-2,3,1,-1,1,0,1,1,2,1,0,1,0,0,0,0,-1,-12,-3,-6,9,2,0,-1,1,-1,-1,1,1,-1
KR_6735541404,420,-2,-10,1,-8,0,0,0,-1,2,1,-2,2,0,-4,6,2,-1,1,0,0,-7,0,-3,-8,11,0,0,-1,-1,1,-1,1,1,-1
KR_6747869686,420,-2,2,2,-3,-1,1,0,-1,2,1,0,3,3,0,2,2,-1,2,1,0,-2,6,-7,-6,13,6,0,-2,1,-1,-1,1,5,-1
KR_6746038531,420,-1,-25,-23,1,3,2,5,-1,5,4,2,2,4,-3,4,1,0,1,1,0,-2,-3,-6,-10,16,6,0,-2,1,-1,-1,1,1,-1
KR_6748375069,420,-1,2,-11,-3,-3,3,0,0,3,3,2,4,6,-3,5,2,1,0,1,1,-8,0,0,-6,6,1,0,-1,-1,-1,-1,1,4,-1
KR_6744221850,420,-1,-83,0,2,2,0,2,0,2,2,2,1,3,-2,4,2,0,0,0,0,-1,5,0,-7,7,-8,0,0,-1,1,0,1,3,-1
KR_6719185042,440,-7,-70,-33,-20,-2,4,2,-4,6,2,-2,2,0,-8,10,2,-4,4,0,-2,-23,0,-1,-4,5,1,0,-1,0,0,-1,-1,0,-1
KR_6742660121,420,1,-49,3,0,2,3,5,-2,4,2,-1,6,5,0,0,0,1,0,1,0,8,22,-1,-5,6,-5,0,-1,1,-1,-1,1,1,-1
KR_6749157624,420,1,82,-14,-3,-1,1,0,-5,8,3,-1,2,1,2,0,2,2,0,2,0,-10,17,-5,-8,13,0,0,-1,-1,-1,-1,1,5,-1
KR_6747948991,420,-1,-61,3,-8,-2,3,1,-2,7,5,-1,6,5,-3,6,3,0,0,0,2,-5,-8,-6,-7,13,0,0,-2,-1,-1,-1,1,4,-1
KR_6744830116,420,-3,-88,32,-7,0,1,1,-1,3,2,0,5,5,-7,7,0,1,1,2,0,-4,0,-3,-4,7,-7,0,-1,1,1,-1,1,6,-1
KR_6739696191,420,-2,-16,-5,-10,-2,2,0,-2,5,3,0,0,0,-6,6,0,0,1,1,0,-14,3,2,-6,4,2,0,0,-1,-1,0,-1,6,-1
KR_6743610402,420,-11,-141,-17,-21,-2,3,1,-8,8,0,-4,4,0,-6,6,0,-1,1,0,-1,-28,-8,-2,-4,6,-3,-2,-7,-1,-1,-1,-1,3,-1
KR_6737740708,420,-1,-41,32,-4,-3,4,1,0,2,2,-2,3,1,3,1,4,-2,2,0,0,4,4,-1,-9,10,-5,0,1,-1,-1,-1,1,3,-1
KR_6748941188,420,-3,-38,-7,-3,-1,1,0,0,2,2,-3,3,0,1,3,4,0,1,1,0,-7,42,0,-8,8,-33,0,-1,-1,-1,-1,1,2,-1
KR_6744240818,420,-3,-17,16,-7,4,0,4,-1,5,4,-2,6,4,-6,6,0,-2,2,0,0,-16,183,4,-12,8,1,0,2,1,1,1,-1,5,-1
KR_6750978702,420,2,58,10,4,1,2,3,1,3,4,3,2,5,-3,4,1,2,0,2,0,0,4,2,-11,9,2,0,1,-1,1,1,1,1,-1
KR_6740046198,420,-2,-54,16,-2,-3,4,1,-1,3,2,3,1,4,0,3,3,-1,2,1,0,-2,-3,4,-9,5,3,0,0,-1,1,-1,-1,4,-1
KR_6749135665,420,0,-3,7,-3,-3,3,0,-3,5,2,0,1,1,3,7,10,0,0,0,0,-2,-12,-1,-8,9,-5,0,0,1,1,0,-1,6,-1
KR_6748643466,420,0,-17,-4,-8,0,0,0,-2,3,1,-1,2,1,-5,9,4,0,0,0,0,-17,-4,-4,-4,8,1,0,-1,-1,1,-1,-1,2,-1
KR_6748904594,420,1,1,-8,4,-4,4,0,1,2,3,1,3,4,-1,10,9,7,2,9,1,9,32,-2,-8,10,1,0,-1,0,-1,-1,1,0,-1
KR_6748822877,420,-1,-16,-20,-5,1,2,3,-2,4,2,1,2,3,-5,5,0,0,2,2,0,-11,-4,-1,-5,6,1,0,-1,-1,-1,-1,-1,3,-1
KR_6716393720,420,-2,-22,-4,-6,-3,4,1,0,1,1,-6,6,0,4,1,5,-1,1,0,0,5,5,4,-10,6,-1,0,-2,1,-1,-1,-1,6,-1
KR_6737600285,420,-5,-74,-16,-15,-6,6,0,-7,10,3,-3,3,0,2,2,4,-1,2,1,0,-25,4,0,-8,8,-3,0,-3,-1,-1,-1,-1,4,-1
KR_6735985658,420,-2,-98,23,-5,-8,9,1,0,1,1,3,0,3,0,2,2,0,2,2,0,8,14,4,-14,10,-9,0,-2,-1,1,-1,-1,3,-1
KR_6746417577,420,-4,6,-32,-8,-4,4,0,0,6,6,-2,5,3,-3,4,1,1,1,2,0,-10,-151,8,-14,6,-8,0,-1,-1,-1,-1,1,6,-1
KR_6747640395,420,-2,48,3,-5,4,1,5,-6,8,2,0,1,1,-3,5,2,0,1,1,0,-7,-19,6,-11,5,0,0,0,1,-1,0,-1,6,-1
KR_6748414238,420,-5,-43,8,-16,-2,2,0,3,4,7,-2,3,1,-8,8,0,-7,7,0,0,-31,-19,-2,-11,13,2,0,-1,-1,-1,-1,-1,1,-1
KR_6750647377,420,-1,10,-29,-2,1,0,1,-4,5,1,0,3,3,2,2,4,-1,2,1,0,-1,-4,0,-8,8,-1,0,-1,1,-1,-1,-1,4,-1
KR_6748360611,420,-1,-12,-20,-8,-3,3,0,-1,5,4,0,3,3,-3,4,1,-1,1,0,0,-12,26,-3,-6,9,0,0,0,-1,-1,0,-1,6,-1
KR_6734762729,420,6,51,31,9,2,0,2,2,1,3,1,1,2,1,3,4,3,0,3,1,13,-6,7,-14,7,5,0,1,1,-1,1,1,1,-1
KR_6749016497,420,0,-39,-24,6,-1,3,2,3,4,7,3,2,5,3,4,7,-2,3,1,-2,17,-16,-3,-9,12,2,0,1,1,-1,-1,-1,6,-1
KR_6738987625,420,-1,-8,-35,-8,-2,3,1,-6,6,0,0,3,3,2,1,3,-2,2,0,0,-11,-30,-3,-4,7,2,0,-1,1,-1,-1,-1,6,-1
KR_6749070063,420,0,9,-9,1,1,0,1,1,1,2,-2,2,0,1,3,4,0,0,0,1,-3,15,1,-8,7,0,0,0,1,1,0,1,3,-1
KR_6741090212,440,-5,-38,-28,-11,-3,5,2,-3,3,0,-2,2,0,-3,4,1,0,0,0,0,-7,6,1,-6,5,-1,0,-1,-1,-1,-1,-1,6,-1
KR_6746151881,420,-1,-10,-26,-12,0,3,3,-4,5,1,-3,6,3,-2,4,2,-3,3,0,-1,-22,-10,-1,-5,6,-1,0,-1,-1,-1,-1,1,2,-1
KR_6737275562,420,-4,-74,-42,-4,-1,3,2,1,1,2,3,1,4,-5,5,0,-2,3,1,0,-4,-7,0,-10,10,0,0,-3,-1,-1,-1,-1,5,-1
KR_6749644834,420,1,-2,-12,2,1,2,3,3,2,5,0,3,3,-1,2,1,-1,1,0,0,-2,-16,1,-8,7,-4,0,-2,1,-1,-1,1,4,-1
KR_6746497980,420,-5,-26,-22,-5,1,0,1,-5,6,1,-2,2,0,-1,4,3,2,0,2,0,-10,-43,-5,-8,13,7,0,0,-1,-1,0,1,2,-1
KR_6742553121,420,-3,-4,13,-2,-1,1,0,-1,2,1,0,3,3,1,1,2,-1,1,0,0,-6,2,0,-5,5,-1,0,0,-1,1,0,-1,4,-1
KR_6746474115,420,-2,-29,-30,-6,-4,4,0,-2,4,2,2,1,3,2,2,4,-4,4,0,0,-7,8,0,-9,9,3,0,-1,-1,-1,-1,-1,1,-1
KR_6747698407,420,-2,4,-4,2,-1,1,0,3,1,4,1,1,2,-3,4,1,2,0,2,0,4,-8,1,-8,7,3,0,1,-1,-1,1,1,5,-1
KR_6747695182,420,0,-10,25,2,-2,3,1,-2,5,3,6,2,8,-1,3,2,1,0,1,0,-1,70,2,-8,6,-3,0,0,-1,1,0,-1,5,-1
KR_6736813968,420,-3,-66,29,-16,-2,4,2,-3,4,1,-5,10,5,-4,7,3,-2,3,1,-1,-15,185,2,-8,6,-1,0,-1,-1,-1,-1,-1,1,-1
KR_6737168507,420,-4,-79,18,-12,-5,7,2,-1,5,4,-2,3,1,-3,6,3,-1,1,0,-1,-11,12,8,-13,5,-6,0,-1,-1,1,-1,-1,3,-1
KR_6747157515,420,-3,27,-2,-3,3,1,4,-3,6,3,1,0,1,-3,3,0,-1,1,0,0,-20,-8,-3,-4,7,3,0,0,1,1,0,1,4,-1
KR_6750893194,420,-4,-85,-3,-10,-2,3,1,-5,7,2,2,2,4,1,3,4,-6,7,1,0,-17,3,1,-9,8,-4,0,0,-1,1,1,-1,4,-1
KR_6724684514,420,-2,12,-11,-5,1,0,1,-1,1,0,-4,5,1,-1,3,2,0,1,1,0,-12,-11,1,-10,9,4,0,1,-1,1,-1,-1,3,-1
KR_6748455517,420,-1,-42,-6,-12,-4,4,0,-1,2,1,-1,2,1,-5,8,3,-1,1,0,0,-13,16,-1,-9,10,-2,0,-1,-1,-1,-1,-1,2,-1
KR_6713139687,420,-3,8,-46,1,1,0,1,-1,3,2,1,2,3,1,1,2,-1,1,0,0,-2,-22,-6,-7,13,-2,0,0,-1,-1,0,1,2,-1
KR_6744100399,420,-6,-79,-12,-12,-3,3,0,-2,5,3,-5,6,1,0,1,1,-2,2,0,0,-15,-10,-3,-6,9,-7,0,-2,-1,1,-1,-1,6,-1
KR_6750127800,420,-3,-22,-5,-5,1,0,1,-4,4,0,-1,2,1,0,3,3,-1,1,0,-1,-9,2,0,-11,11,-4,0,1,1,1,1,-1,3,-1
KR_6751332993,420,-1,1,-9,-4,0,1,1,-4,4,0,-3,4,1,2,3,5,1,0,1,0,-8,43,4,-9,5,-36,0,1,-1,1,1,1,4,-1
KR_6737933865,420,-5,-84,-9,-11,-3,3,0,-1,2,1,-3,3,0,-2,3,1,-2,3,1,0,-8,-1,-2,-6,8,-5,0,-2,-1,-1,-1,1,3,-1
KR_6714633629,420,-2,9,6,-2,1,0,1,-4,6,2,4,0,4,0,2,2,-3,3,0,0,-5,-8,3,-9,6,8,0,0,-1,1,-1,-1,1,-1
KR_6746413033,420,-3,-67,4,-2,-2,2,0,-1,7,6,0,2,2,0,5,5,1,0,1,0,-1,9,3,-8,5,-5,0,-1,1,1,-1,-1,6,-1
KR_6722643968,420,-1,5,-17,1,-1,2,1,-2,7,5,-2,3,1,1,0,1,5,0,5,0,3,-38,1,-10,9,-6,0,2,1,1,1,-1,6,-1
KR_6749880755,420,1,0,4,-3,2,0,2,-1,3,2,0,2,2,-2,4,2,-2,3,1,0,-13,4,0,-9,9,-8,0,-1,1,1,-1,-1,5,-1
KR_6745165640,420,-3,-18,1,-4,2,3,5,1,2,3,-3,3,0,-3,4,1,-1,2,1,0,-12,0,0,-11,11,-3,0,0,1,1,1,-1,3,-1
KR_6740779234,420,0,-15,11,-8,0,2,2,0,3,3,-4,6,2,-4,5,1,0,1,1,0,-12,17,-6,-6,12,6,0,-1,-1,-1,-1,-1,1,-1
KR_6747531976,420,-1,-5,-10,3,0,2,2,1,2,3,2,2,4,-4,5,1,4,1,5,0,8,1,3,-14,11,9,0,-1,-1,1,-1,1,1,-1
KR_6738558960,420,-2,-73,-8,-1,0,0,0,0,1,1,0,1,1,-2,3,1,1,0,1,0,-3,-12,-2,-7,9,7,0,-1,-1,1,-1,-1,6,-1
KR_6746730679,420,-5,-17,-39,-7,-3,6,3,-2,4,2,-5,6,1,3,1,4,0,0,0,1,-10,-2,-5,-3,8,3,0,-4,1,-1,-1,1,4,-1
KR_6732980435,420,-5,-73,-6,-11,-2,2,0,-3,3,0,-4,5,1,0,4,4,-2,2,0,0,-14,-16,-5,-8,13,8,0,-1,-1,-1,-1,-1,6,-1
KR_6750122964,420,-1,-25,-15,-5,-1,1,0,-2,6,4,4,4,8,-9,13,4,3,2,5,-3,7,-13,-4,-5,9,2,0,-2,-1,-1,-1,-1,5,-1
KR_6746724477,420,-3,-6,8,-6,0,2,2,1,0,1,-5,5,0,1,6,7,-3,3,0,0,-12,1,4,-12,8,-3,0,0,-1,1,-1,1,1,-1
KR_6747548332,420,-4,-26,-17,-13,-3,3,0,-5,5,0,-1,4,3,-2,5,3,-2,2,0,0,-13,0,0,-8,8,-5,0,1,-1,1,1,-1,4,-1
KR_6750762457,420,-4,-41,35,-14,-3,3,0,-4,6,2,0,3,3,-3,3,0,-4,6,2,0,-13,-22,-4,-9,13,1,0,-2,-1,-1,-1,-1,5,-1
KR_6747470369,420,-3,4,-2,0,2,0,2,1,2,3,3,1,4,-4,9,5,-2,2,0,-1,-5,-4,-3,-11,14,-9,0,1,-1,1,1,-1,2,-1
KR_6751930454,420,-1,56,-13,3,3,0,3,0,1,1,-1,3,2,2,4,6,-1,2,1,0,3,8,2,-8,6,2,0,2,-1,-1,1,-1,5,-1
KR_6745670785,420,0,-38,-7,-4,1,5,6,-2,3,1,2,1,3,-5,7,2,0,2,2,0,-10,-11,-1,-8,9,1,0,-1,-1,-1,-1,-1,6,-1
KR_6721405013,420,-1,-55,-14,-7,7,3,10,-4,5,1,-3,4,1,-7,8,1,0,2,2,-1,3,-9,-2,-4,6,5,0,-1,-1,-1,1,-1,5,-1
KR_6732968055,420,-3,-43,-35,-11,1,1,2,-8,9,1,0,2,2,-6,7,1,2,1,3,0,-12,-3,0,-7,7,-8,0,-3,-1,-1,-1,1,2,-1
KR_6749057371,420,-3,-31,-29,-12,2,1,3,-4,7,3,-6,8,2,-1,2,1,-3,4,1,0,-6,-322,-2,-6,8,9,0,0,-1,-1,-1,-1,1,-1
KR_6742368351,440,-2,-68,-20,-5,-6,6,0,3,2,5,1,3,4,-3,3,0,0,0,0,0,0,28,3,-8,5,2,0,-1,0,0,-1,1,0,-1
KR_6746652090,420,-5,-14,11,-6,0,0,0,-3,7,4,-3,3,0,2,4,6,-2,3,1,0,-9,-4,2,-9,7,-6,0,-1,1,-1,-1,-1,1,-1
KR_6750458587,420,-2,-92,-5,-4,0,1,1,-3,5,2,1,5,6,-1,3,2,-1,2,1,0,-3,-43,1,-8,7,0,0,0,1,1,-1,1,6,-1
KR_6730633794,420,2,43,8,1,-1,2,1,1,1,2,2,0,2,-2,3,1,1,1,2,0,2,7,2,-14,12,-7,0,-2,1,1,-1,-1,1,-1
KR_6738048203,420,-7,-22,-27,-10,-1,1,0,-4,4,0,-3,3,0,-2,2,0,0,1,1,-1,-8,-63,-4,-5,9,1,0,0,1,-1,0,-1,3,-1
KR_6739357497,420,-1,7,-18,-1,-1,1,0,5,3,8,-1,2,1,-5,6,1,1,2,3,0,-5,-4,3,-9,6,1,0,0,-1,-1,-1,1,1,-1
KR_6745048531,420,-2,-40,14,-7,1,1,2,-5,6,1,-5,7,2,5,0,5,-3,3,0,0,-7,-9,-3,-7,10,4,0,1,-1,-1,-1,1,4,-1
KR_6749791191,420,-1,-16,6,-6,-1,1,0,-4,7,3,4,0,4,-4,5,1,-1,2,1,0,-6,27,-3,-9,12,0,0,1,-1,1,1,1,2,-1
KR_6747093715,420,-4,-41,-22,-6,0,2,2,-2,2,0,-1,2,1,-3,4,1,0,1,1,0,-17,2,0,-5,5,-8,0,1,-1,1,1,1,5,-1
KR_6751550400,420,-4,-21,-14,-12,-7,7,0,-2,2,0,-2,4,2,0,3,3,-1,2,1,0,-10,-32,1,-5,4,2,0,-1,-1,-1,-1,-1,2,-1
KR_6747973048,420,0,-3,6,-3,2,0,2,-7,7,0,3,2,5,2,1,3,-3,3,0,0,-9,-13,-4,-7,11,3,0,0,-1,-1,-1,-1,4,-1
KR_6744654787,420,-2,-4,-26,-2,-1,2,1,3,2,5,-4,7,3,0,5,5,0,0,0,0,5,-30,0,-9,9,-7,0,0,1,-1,-1,1,4,-1
KR_6749498213,420,-1,-19,11,-1,-1,2,1,2,0,2,0,2,2,-2,3,1,0,0,0,0,-2,-2,2,-9,7,7,0,2,-1,1,1,1,6,-1
KR_6746376268,420,-4,-23,-9,-3,1,0,1,-1,3,2,-1,3,2,0,2,2,-2,2,0,0,-2,0,2,-7,5,-3,0,-1,-1,-1,-1,-1,4,-1
KR_6744814471,420,-2,-48,-16,-6,2,2,4,-5,8,3,-2,2,0,-2,2,0,1,0,1,0,-7,25,4,-9,5,-5,0,0,-1,-1,-1,-1,5,-1
KR_6745012122,420,-6,-46,-11,-16,-4,5,1,-3,6,3,-3,5,2,-5,7,2,-1,1,0,0,-14,-28,-6,-6,12,0,0,-1,-1,-1,-1,-1,3,-1
KR_6747015739,420,1,51,-17,1,-1,2,1,-1,4,3,2,2,4,-2,2,0,3,0,3,0,2,8,-2,-8,10,1,0,2,-1,1,1,-1,6,-1
KR_6748994323,420,-3,12,-19,-8,-2,3,1,0,1,1,0,2,2,-4,5,1,-2,3,1,0,-22,3,3,-10,7,7,0,-1,-1,1,-1,-1,2,-1
KR_6735753465,440,-6,-143,-13,-10,1,3,4,2,2,4,-3,5,2,-6,7,1,-4,5,1,0,-13,-7,2,-9,7,3,0,-1,-1,1,-1,-1,1,-1
KR_6737121847,420,-2,-13,-19,-5,-5,6,1,-2,3,1,1,1,2,1,4,5,0,0,0,0,-6,12,0,-10,10,3,0,-1,1,-1,-1,-1,3,-1
KR_6749275782,420,-1,-77,-4,-3,1,0,1,1,3,4,-3,3,0,-1,6,5,-1,3,2,0,-5,60,2,-9,7,-12,0,-2,-1,1,-1,1,1,-1
KR_6741847351,440,0,3,-15,-5,0,2,2,-5,8,3,-2,5,3,-2,2,0,4,1,5,0,-16,-40,1,-8,7,-5,0,-1,1,1,-1,-1,2,-1
KR_6734303357,420,1,-18,16,-4,3,2,5,-7,9,2,1,4,5,-1,6,5,0,1,1,-1,2,-20,-8,-4,12,8,0,-2,1,-1,-1,-1,5,-1
KR_6734898993,420,1,-18,38,-1,-1,1,0,-1,3,2,2,1,3,-2,3,1,1,0,1,0,-4,-4,0,-11,11,8,0,1,-1,1,1,-1,4,-1
KR_6747924128,420,-5,-69,7,-14,-1,1,0,-4,4,0,1,2,3,-5,7,2,-5,5,0,0,-24,-47,-8,-3,11,7,0,-3,1,-1,-1,-1,3,-1
KR_6742504524,440,-2,-67,-16,-11,-6,7,1,1,2,3,-3,3,0,1,6,7,-4,6,2,0,-11,2,1,-5,4,-2,0,1,-1,-1,-1,-1,4,-1
KR_6749070799,420,-1,-58,-17,-5,-2,3,1,-1,6,5,0,2,2,-2,4,2,0,1,1,0,-13,-6,-2,-5,7,-1,0,0,-1,1,-1,1,5,-1
KR_6751396186,440,0,-56,-13,0,-1,7,6,8,0,8,-5,5,0,-1,1,0,-1,3,2,0,5,-4,-2,-4,6,3,0,-1,0,0,-1,-1,0,-1
KR_6747684176,420,-3,-104,-8,-2,3,1,4,0,0,0,-1,4,3,-2,3,1,-2,3,1,-1,-1,13,0,-7,7,-5,0,-1,1,-1,-1,-1,6,-1
KR_6737270757,420,-4,-53,-36,-9,-5,5,0,-1,4,3,2,1,3,-3,3,0,-2,2,0,-1,-8,241,-2,-6,8,-5,0,-1,-1,1,-1,-1,1,-1
KR_6750508339,420,1,-83,5,3,1,1,2,3,2,5,1,0,1,-1,2,1,-1,1,0,0,8,-3,3,-7,4,-1,0,0,1,1,0,-1,3,-1
KR_6737878883,420,2,21,8,0,0,2,2,4,1,5,0,1,1,-3,4,1,-1,2,1,0,-3,9,1,-6,5,4,0,0,1,-1,1,1,2,-1
KR_6746981936,420,-2,-28,-11,-3,-3,3,0,4,1,5,0,3,3,1,2,3,-5,6,1,0,-6,-7,-4,-6,10,2,0,0,-1,-1,0,-1,6,-1
KR_6730710780,420,0,-39,-40,-2,1,1,2,-4,7,3,0,4,4,1,1,2,0,2,2,-1,5,22,-2,-7,9,2,0,0,-1,1,0,-1,2,-1
KR_6736778795,420,0,-29,16,2,2,2,4,1,2,3,2,1,3,-3,7,4,0,0,0,0,-11,-3,-1,-9,10,-1,0,-1,-1,1,-1,-1,1,-1
KR_6745821440,420,-4,-11,-12,-20,1,1,2,-10,13,3,-2,2,0,-1,4,3,-8,10,2,0,-19,0,-5,-3,8,-2,0,-1,-1,-1,-1,-1,6,-1
KR_6738710261,420,-6,-22,16,-14,-2,4,2,-2,4,2,-3,3,0,-5,5,0,-2,2,0,0,-8,-12,5,-9,4,-2,0,0,-1,1,-1,-1,2,-1
KR_6746610597,420,0,-21,-5,2,-1,1,0,0,5,5,5,1,6,-1,3,2,-1,2,1,0,4,1,1,-6,5,3,0,2,-1,1,1,-1,5,-1
KR_6744968824,420,-1,-10,-5,-4,-5,6,1,1,3,4,1,0,1,-2,9,7,1,0,1,0,2,-5,0,-8,8,-6,0,0,1,-1,0,-1,2,-1
KR_6738840591,420,-4,-58,-34,-7,-2,4,2,0,1,1,-2,2,0,-6,6,0,3,0,3,0,-6,-8,-3,-6,9,-5,0,-1,-1,1,-1,-1,5,-1
KR_6747545587,420,3,52,8,7,5,1,6,-1,2,1,2,0,2,1,2,3,0,1,1,1,7,-10,-3,-6,9,9,0,-1,1,-1,-1,1,4,-1
KR_6736681226,420,-1,-16,-51,-11,2,3,5,-2,7,5,-4,4,0,-6,7,1,-1,1,0,-1,-10,-3,-8,-4,12,-2,0,0,-1,-1,-1,-1,3,-1
KR_6739521793,420,0,-44,-12,1,0,1,1,2,2,4,0,0,0,0,0,0,-1,2,1,0,-2,29,-2,-6,8,3,0,-1,-1,1,1,-1,1,-1
KR_6744529031,420,1,34,-15,-7,-2,3,1,-5,6,1,2,4,6,1,1,2,-3,3,0,0,-6,1,-1,-8,9,0,0,0,1,-1,-1,1,4,-1
KR_6744519238,420,1,23,-18,0,-1,2,1,-1,4,3,1,2,3,0,3,3,1,0,1,0,-1,4,-2,-6,8,3,0,1,-1,-1,-1,-1,1,-1
KR_6746314234,420,-1,-32,5,4,0,2,2,4,2,6,-3,5,2,1,3,4,2,0,2,0,7,13,-3,-9,12,10,0,1,-1,1,1,-1,2,-1
KR_6746697380,420,0,27,-4,4,1,1,2,0,5,5,1,3,4,2,0,2,0,2,2,0,3,-38,-1,-9,10,-4,0,1,-1,-1,-1,-1,1,-1
KR_6744470002,420,4,30,-12,1,2,1,3,2,1,3,-1,2,1,2,3,5,-4,4,0,-1,-1,13,5,-11,6,-1,0,0,1,-1,1,-1,1,-1
KR_6746604686,420,0,-1,-10,-6,-3,3,0,-8,8,0,1,1,2,4,3,7,0,2,2,0,-8,6,1,-9,8,-3,0,0,1,1,1,1,3,-1
KR_6746748612,420,-6,-14,-40,-11,-2,2,0,-1,6,5,-4,4,0,-4,6,2,0,0,0,0,-18,19,1,-3,2,4,0,-2,-1,-1,-1,-1,4,-1
KR_6747752848,420,-3,-78,-20,-2,-2,2,0,-3,3,0,1,2,3,2,0,2,0,1,1,0,-3,-11,-1,-5,6,-5,0,1,-1,1,1,1,6,-1
KR_6721271889,420,2,97,9,-6,3,0,3,-6,7,1,1,2,3,-3,5,2,-1,2,1,0,-8,-23,1,-7,6,4,0,-1,-1,-1,-1,-1,4,-1
KR_6730580335,420,-2,-75,-17,-2,0,2,2,-4,5,1,0,1,1,2,3,5,0,0,0,0,5,-1,-3,-9,12,1,0,-1,1,-1,-1,-1,6,-1
KR_6743943786,420,1,27,9,-6,-1,2,1,-2,3,1,-3,4,1,-1,2,1,1,0,1,1,-8,3,-2,-10,12,-6,0,-1,-1,-1,-1,1,2,-1
KR_6751475624,420,-4,-10,-7,-11,1,2,3,-4,8,4,-4,6,2,-2,4,2,-2,2,0,0,-8,-1,-5,-4,9,5,0,0,-1,-1,-1,-1,1,-1
KR_6738044875,420,-3,14,-17,-4,-2,4,2,-3,7,4,1,3,4,0,3,3,0,0,0,3,3,-11,-4,-5,9,3,0,0,1,-1,-1,1,4,-1
KR_6748043953,420,0,-25,22,-3,-4,4,0,2,2,4,1,1,2,0,1,1,-2,2,0,0,-5,13,-1,-10,11,3,0,-2,-1,-1,-1,1,5,-1
KR_6747068810,420,-6,9,-14,-8,-7,7,0,-4,4,0,4,0,4,-1,4,3,0,1,1,0,-6,-4,-3,-7,10,2,0,-1,1,1,-1,1,2,-1
KR_6735021107,420,-4,-36,-20,-2,-3,3,0,0,4,4,0,1,1,-1,2,1,2,0,2,0,-9,32,-3,-10,13,0,0,-1,-1,-1,-1,1,2,-1
KR_6730948832,420,-3,-11,7,-5,2,1,3,-3,5,2,-2,2,0,-2,4,2,0,1,1,1,-6,-7,4,-10,6,0,0,-1,-1,-1,-1,1,6,-1
KR_6751095670,420,-5,-86,-12,-12,4,1,5,-7,9,2,-2,2,0,-7,8,1,0,3,3,-1,-13,12,-4,-8,12,0,0,-2,-1,1,-1,-1,3,-1
KR_6746751670,420,-2,-55,0,-1,0,4,4,1,1,2,-2,3,1,-1,1,0,1,0,1,0,1,-6,-1,-7,8,-4,0,-1,-1,1,-1,1,2,-1
KR_6739569773,420,0,0,8,0,-1,2,1,-4,5,1,1,0,1,5,0,5,-1,1,0,0,1,-2,0,-8,8,2,0,0,1,-1,-1,-1,4,-1
KR_6726486628,420,0,-55,-30,-3,3,0,3,1,2,3,-10,10,0,4,4,8,-1,2,1,-2,0,-19,-2,-11,13,-6,0,-1,-1,1,1,-1,6,-1
KR_6737875311,420,2,-57,-15,-2,0,1,1,-4,4,0,2,0,2,0,0,0,0,1,1,0,-1,4,2,-10,8,-5,0,-1,1,1,-1,-1,2,-1
KR_6745341437,420,-7,-81,-6,-15,-1,1,0,-7,7,0,0,1,1,-3,4,1,-4,5,1,0,-16,16,-2,-8,10,-2,0,-1,-1,1,-1,-1,2,-1
KR_6714475970,420,-1,7,32,-6,-4,5,1,-1,3,2,-2,6,4,1,2,3,0,1,1,0,-2,14,4,-8,4,2,0,0,-1,-1,-1,-1,2,-1
KR_6724779423,420,-6,-69,-19,-9,0,2,2,-4,6,2,-4,4,0,2,0,2,-3,3,0,0,-19,-3,-9,-6,15,-5,0,-1,-1,-1,-1,-1,5,-1
KR_6750546222,420,-5,-78,-28,-11,1,0,1,-8,11,3,-6,6,0,2,2,4,0,1,1,0,-20,3,-1,-7,8,-2,0,-1,-1,1,-1,-1,6,-1
KR_6739577732,420,-2,-62,19,-5,2,2,4,0,3,3,0,0,0,-5,5,0,-2,2,0,0,0,3,4,-9,5,-4,0,0,1,1,1,-1,1,-1
KR_6749538822,420,-3,-88,-19,-10,-3,5,2,2,1,3,-5,5,0,-5,9,4,1,1,2,0,-10,26,-3,-6,9,-5,0,-2,-1,-1,-1,-1,3,-1
KR_6746047031,420,-4,-29,-5,-14,-2,3,1,-5,7,2,-1,2,1,-3,3,0,-3,4,1,0,-13,-14,-4,-5,9,5,0,-3,1,-1,-1,-1,3,-1
KR_6750201275,420,-3,-65,-12,-10,-3,4,1,3,2,5,-5,5,0,-4,8,4,-1,1,0,-1,-9,-13,-3,-8,11,-1,0,-2,-1,-1,-1,-1,1,-1
KR_6749812372,420,-1,-15,-16,-5,-3,4,1,-2,4,2,1,1,2,-2,4,2,1,1,2,0,-5,-10,0,-7,7,-1,0,-3,-1,-1,-1,-1,3,-1
KR_6743018511,440,-3,-38,-32,1,2,2,4,5,0,5,-2,2,0,-2,2,0,-2,3,1,0,1,6,4,-8,4,-8,0,-2,1,-1,-1,-1,6,-1
KR_6747952382,420,5,69,21,-5,1,1,2,0,3,3,-5,7,2,-1,6,5,0,0,0,-3,-20,-26,-6,-5,11,6,0,0,-1,-1,-1,-1,4,-1
KR_6736523912,420,-2,-137,-22,0,-1,1,0,2,0,2,-1,1,0,1,1,2,-1,2,1,0,-1,2,3,-8,5,-8,0,0,1,1,-1,-1,2,-1
KR_6737572768,420,1,-65,12,2,0,3,3,-1,6,5,1,0,1,2,1,3,0,1,1,0,11,-22,5,-16,11,2,0,-1,1,-1,-1,-1,6,-1
KR_6735838673,420,1,8,21,-2,-5,5,0,3,4,7,0,0,0,0,2,2,0,0,0,0,1,24,0,-8,8,-5,0,0,1,1,1,1,1,-1
KR_6749125498,420,3,100,0,6,1,0,1,2,3,5,0,3,3,3,0,3,0,0,0,0,10,7,4,-10,6,-2,0,2,-1,1,1,1,5,-1
KR_6733730940,420,-6,-70,-10,-10,-4,4,0,-5,6,1,-3,3,0,-5,8,3,7,1,8,0,-18,31,5,-11,6,-3,0,-2,1,-1,-1,-1,6,-1
KR_6750491595,420,0,-7,22,-4,1,0,1,-7,9,2,0,3,3,0,1,1,2,2,4,0,-15,-4,-4,-8,12,-10,0,0,-1,1,0,1,3,-1
KR_6746161380,420,0,20,-18,-3,1,1,2,-3,5,2,2,0,2,-1,4,3,-2,3,1,0,-4,34,7,-12,5,1,0,1,-1,1,1,1,4,-1
KR_6731571719,420,-2,-29,-13,4,0,3,3,2,3,5,0,1,1,4,0,4,-2,2,0,0,8,47,-1,-6,7,0,0,0,-1,1,-1,-1,3,-1
KR_6746946395,420,-1,-29,4,1,0,1,1,4,0,4,-1,2,1,-2,2,0,0,0,0,0,-2,-33,-3,-9,12,-2,0,0,1,-1,0,-1,3,-1
KR_6748037562,420,-1,-11,-29,-1,-4,4,0,1,2,3,-2,3,1,2,0,2,2,0,2,0,2,-3,0,-5,5,-4,0,-1,-1,-1,-1,-1,4,-1
KR_6735023327,420,-2,-56,-1,-4,-2,2,0,-2,6,4,1,2,3,-2,3,1,1,1,2,-1,-3,-9,3,-8,5,-1,0,1,1,1,1,-1,4,-1
KR_6747286806,420,-1,-4,-21,1,0,2,2,0,5,5,-1,3,2,2,0,2,0,0,0,0,-5,23,-1,-7,8,-2,0,-1,-1,-1,-1,1,4,-1
KR_6739256809,420,-5,-51,-8,-7,-3,3,0,0,3,3,-1,3,2,2,3,5,-5,6,1,2,-6,11,5,-14,9,-7,0,0,-1,1,-1,1,6,-1
KR_6746684654,420,-1,33,-36,3,3,1,4,-1,3,2,-2,5,3,3,3,6,0,0,0,-1,1,11,2,-7,5,1,0,1,-1,1,1,-1,4,-1
KR_6746221962,420,0,-19,-17,8,6,0,6,0,4,4,2,0,2,-1,1,0,1,1,2,1,12,-13,-1,-7,8,2,0,0,-1,1,0,1,5,-1
KR_6744004464,420,-2,21,9,-13,1,1,2,2,2,4,-4,6,2,-10,10,0,-2,2,0,0,-28,-4,-1,-6,7,-3,0,-1,-1,1,-1,1,3,-1
KR_6740454958,420,-5,-27,-43,-5,-4,4,0,-3,7,4,1,4,5,-1,2,1,2,0,2,0,-5,-52,1,-9,8,-7,0,-1,1,-1,-1,1,3,-1
KR_6735943564,420,1,17,20,-2,-6,6,0,0,2,2,-1,2,1,4,2,6,1,2,3,0,2,17,2,-10,8,2,0,0,1,1,-1,-1,1,-1
KR_6740427181,420,-2,-31,-39,1,-2,5,3,-2,3,1,3,0,3,2,1,3,0,1,1,0,7,-11,0,-9,9,5,0,-2,-1,-1,-1,-1,2,-1
KR_6750855934,420,-2,47,-4,-5,-4,4,0,-2,4,2,-1,5,4,0,2,2,2,3,5,0,-10,-27,-4,-6,10,0,0,-1,1,-1,-1,-1,1,-1
KR_6749641073,420,3,85,21,4,0,2,2,2,1,3,0,1,1,1,2,3,1,0,1,0,6,8,5,-11,6,1,0,2,-1,1,1,1,5,-1
KR_6742430121,420,0,48,0,-8,3,0,3,-11,13,2,-3,4,1,2,0,2,1,1,2,-1,-18,2,1,-12,11,3,0,-1,-1,-1,-1,-1,3,-1
KR_6741615255,420,-5,-40,4,-10,-1,2,1,-6,8,2,0,1,1,-2,3,1,-1,2,1,0,-12,-4,-6,-5,11,-8,0,0,-1,1,-1,-1,3,-1
KR_6748192152,420,-7,-68,9,-17,-5,5,0,-2,3,1,-2,3,1,-7,10,3,-1,1,0,0,-24,-6,-7,-7,14,-2,0,-2,0,1,-1,1,0,-1
KR_6719127311,440,-4,-75,-39,-7,4,0,4,-3,5,2,-8,9,1,1,1,2,-1,1,0,0,-9,8,5,-9,4,-3,0,0,-1,-1,-1,-1,4,-1
KR_6745835641,420,-3,-64,-10,-4,-3,4,1,2,1,3,-1,1,0,-1,3,2,-1,3,2,0,-1,24,1,-10,9,-5,0,-2,-1,1,-1,-1,6,-1
KR_6748055739,420,-3,-18,4,-18,-7,7,0,-1,1,0,-3,6,3,-8,10,2,1,0,1,0,-23,-2,-1,-9,10,-4,0,-2,-1,-1,-1,-1,1,-1
KR_6738652326,420,-10,-80,-16,-15,-1,4,3,-6,7,1,1,1,2,-10,10,0,1,0,1,0,-26,-2,-4,-7,11,-7,0,-1,-1,-1,-1,1,1,-1
KR_6749383732,420,5,12,4,4,-4,5,1,-3,5,2,3,3,6,6,2,8,2,1,3,0,10,51,-1,-7,8,-1,0,0,1,-1,1,1,5,-1
KR_6748199895,420,-4,-78,-22,-2,2,1,3,0,2,2,-7,7,0,3,1,4,0,1,1,0,1,-7,-2,-7,9,-1,0,-1,-1,1,-1,1,2,-1
KR_6748004854,420,1,-25,8,2,1,3,4,-2,6,4,2,2,4,0,1,1,1,0,1,-1,2,-3,6,-9,3,-1,0,1,1,1,1,1,5,-1
KR_6729507521,420,-2,-31,28,-8,-2,4,2,0,3,3,-1,1,0,-3,4,1,-2,3,1,0,-9,-46,0,-9,9,-3,0,-2,-1,-1,-1,1,6,-1
KR_6749406217,420,-1,4,-16,0,0,0,0,3,1,4,1,1,2,-4,5,1,0,0,0,0,-4,23,1,-10,9,-4,0,0,-1,1,-1,1,4,-1
KR_6747339475,420,2,70,40,6,2,0,2,3,1,4,-2,4,2,3,1,4,0,1,1,0,4,-11,3,-8,5,4,0,1,1,1,1,1,2,-1
KR_6744361487,420,1,-6,-6,-3,-2,4,2,1,6,7,1,1,2,-2,3,1,-1,1,0,-2,-5,15,7,-13,6,-4,0,-2,-1,-1,-1,1,4,-1
KR_6747583729,420,-3,-6,-30,-12,-3,3,0,-4,5,1,-3,3,0,-2,4,2,0,0,0,0,-10,14,-2,-5,7,-2,0,0,1,-1,1,-1,3,-1
KR_6737617750,420,-3,-14,-20,-4,2,0,2,-4,9,5,-1,2,1,-1,5,4,0,1,1,0,-8,-6,0,-7,7,0,0,-1,-1,-1,-1,1,6,-1
KR_6745917787,420,-3,-32,-5,-1,0,1,1,0,6,6,0,2,2,1,1,2,-2,3,1,0,-2,19,3,-7,4,1,0,0,-1,-1,0,-1,4,-1
KR_6748854693,420,-4,-58,-12,-6,3,1,4,-6,6,0,-7,7,0,3,1,4,1,2,3,0,-8,-14,-5,-3,8,-2,0,-3,-1,1,-1,-1,1,-1
KR_6748537271,420,0,-34,-13,1,-2,2,0,-3,4,1,4,1,5,1,4,5,1,0,1,0,4,6,-1,-11,12,-3,0,-2,-1,1,-1,-1,2,-1
KR_6748014326,440,-1,24,19,-5,1,1,2,-7,8,1,2,2,4,-4,4,0,3,0,3,0,6,1,6,-8,2,2,0,1,-1,0,1,-1,1,-1
KR_6746656655,420,1,-3,-7,-2,-2,2,0,0,3,3,-2,4,2,0,3,3,2,1,3,1,4,5,-4,-7,11,-7,0,-1,-1,-1,-1,1,2,-1
KR_6748624537,440,-2,-9,-21,-3,-1,2,1,-5,5,0,3,0,3,-1,1,0,1,1,2,0,-1,-50,5,-9,4,-1,0,0,1,-1,0,-1,4,-1
KR_6750941382,420,-1,-75,-9,-2,-1,3,2,-1,5,4,0,4,4,-1,3,2,1,0,1,0,-1,-7,-6,-7,13,-2,0,-2,1,-1,-1,-1,4,-1
KR_6738971323,420,1,-41,0,4,1,0,1,2,1,3,4,2,6,-1,4,3,-2,3,1,-2,9,-60,4,-6,2,-2,0,0,-1,1,0,-1,6,-1
KR_6748974430,420,-3,49,9,-10,-1,2,1,1,1,2,-3,5,2,-4,6,2,-3,6,3,0,-1,-3,-3,-3,6,1,0,1,1,-1,1,-1,3,-1
KR_6737015252,420,0,-44,-21,-2,1,2,3,1,2,3,-2,3,1,0,2,2,-2,3,1,0,-2,28,0,-9,9,4,0,-1,-1,1,-1,-1,3,-1
KR_6734173571,420,-5,-61,-23,-8,-2,3,1,2,2,4,-4,4,0,-2,3,1,-2,5,3,1,-5,14,8,-15,7,-2,0,-2,0,-1,-1,1,0,-1
KR_6743074260,420,-3,25,-34,1,-2,4,2,-3,7,4,-1,1,0,4,1,5,3,0,3,1,-2,1,4,-10,6,-9,0,1,-1,-1,1,1,4,-1
KR_6746553778,420,-4,-45,-5,-8,-2,3,1,-3,4,1,0,2,2,-3,4,1,0,0,0,0,-12,-4,-2,-5,7,5,0,0,-1,1,-1,-1,1,-1
KR_6747276311,420,0,4,-12,1,-3,3,0,6,1,7,1,1,2,-3,4,1,0,0,0,0,-1,1,0,-10,10,1,0,0,1,-1,0,-1,2,-1
KR_6745048589,420,-7,-76,-46,-14,-7,8,1,-1,3,2,-3,6,3,-1,3,2,-2,2,0,0,-20,20,12,-22,10,-14,0,-2,-1,-1,-1,1,5,-1
KR_6734667847,420,-5,-47,-23,-12,-4,4,0,-5,5,0,-2,4,2,0,2,2,-1,2,1,0,-23,-226,-4,-7,11,-3,0,0,1,-1,-1,-1,6,-1
KR_6747153817,420,-3,-33,-3,-9,1,1,2,-2,4,2,-4,4,0,-2,4,2,-2,3,1,0,-8,7,-8,-5,13,2,0,-1,-1,-1,-1,-1,2,-1
KR_6734709813,420,-2,-47,-28,-2,1,2,3,-2,3,1,0,1,1,-1,3,2,0,0,0,0,-1,-9,-3,-6,9,4,0,0,-1,-1,0,-1,4,-1
KR_6744788898,420,-2,-18,-2,-8,0,1,1,-6,6,0,1,4,5,-2,4,2,-1,1,0,0,-9,-32,-4,-8,12,1,0,-1,-1,0,-1,-1,6,-1
KR_6749218453,420,-2,15,20,-4,0,0,0,-4,4,0,2,1,3,-1,3,2,-1,3,2,0,-6,-41,-4,-6,10,7,0,-2,-1,-1,-1,1,4,-1
KR_6747084962,420,-4,-91,0,-6,-2,4,2,-6,8,2,1,0,1,3,0,3,-2,2,0,-1,-7,-12,-1,-6,7,-1,0,-1,1,-1,-1,-1,1,-1
KR_6741306901,420,-1,-48,-43,-2,-2,3,1,3,1,4,-5,6,1,1,2,3,1,1,2,0,3,-6,-5,-7,12,3,0,-1,1,1,-1,1,4,-1
KR_6751161351,420,-5,-68,-7,-5,-1,5,4,-2,4,2,2,2,4,-4,6,2,0,0,0,0,-9,15,3,-13,10,-13,0,-1,0,1,-1,-1,0,-1
KR_6721843768,440,3,-4,12,2,3,1,4,-5,7,2,1,0,1,7,0,7,-4,5,1,0,-3,3,0,-9,9,-6,0,-1,-1,-1,-1,-1,6,-1
KR_6750829187,420,-3,-20,25,-6,2,2,4,2,1,3,-9,10,1,-4,4,0,3,1,4,0,-3,-7,-2,-6,8,2,0,0,-1,-1,-1,-1,4,-1
KR_6737248432,420,-2,-35,-36,-3,0,2,2,-1,2,1,5,1,6,-6,8,2,-1,2,1,0,-1,-5,0,-7,7,-2,0,1,-1,1,1,1,5,-1
KR_6748926086,420,-2,-43,-14,-2,0,2,2,-1,2,1,-1,3,2,0,1,1,0,0,0,0,-11,-6,5,-12,7,1,0,0,-1,1,-1,-1,1,-1
KR_6743073501,420,-3,-7,-21,-7,-2,2,0,1,3,4,-2,2,0,-5,7,2,1,0,1,0,-5,-41,3,-13,10,2,0,-1,-1,-1,-1,1,3,-1
KR_6742456421,420,0,11,-32,0,-2,3,1,-4,6,2,1,3,4,3,1,4,2,0,2,0,-8,62,-9,-4,13,3,0,0,1,-1,1,1,4,-1
KR_6749764878,420,-4,-23,22,-4,5,2,7,-2,4,2,1,4,5,-8,12,4,0,1,1,1,8,-6,6,-12,6,6,0,-2,1,-1,-1,1,1,-1
KR_6742597442,420,-12,-119,-33,-28,-4,5,1,-6,7,1,-3,3,0,-12,13,1,-3,5,2,0,-24,-49,-5,-5,10,2,0,-3,0,-1,-1,1,0,-1
KR_6738798004,420,1,-9,28,3,-1,2,1,2,2,4,3,0,3,-1,1,0,0,0,0,0,8,9,2,-10,8,3,0,0,1,1,-1,-1,2,-1
KR_6737895145,420,-2,8,-1,-10,1,2,3,-3,6,3,-1,2,1,-6,6,0,-1,1,0,0,-14,-24,-2,-6,8,2,0,1,-1,1,1,1,6,-1
KR_6750914695,420,0,-9,0,0,-4,5,1,-2,5,3,0,2,2,4,0,4,2,0,2,1,-4,4,-2,-5,7,0,0,0,1,1,1,1,1,-1
KR_6726042747,420,-2,-6,-4,-8,-3,3,0,-1,3,2,0,1,1,-4,7,3,0,2,2,-1,-17,1,-1,-11,12,1,0,0,-1,1,0,-1,6,-1
KR_6745843538,420,-1,11,-21,-1,-1,1,0,2,1,3,0,0,0,-1,2,1,-1,1,0,0,0,-39,2,-8,6,-7,0,1,-1,-1,-1,1,6,-1
KR_6748342790,420,0,10,-12,3,-2,3,1,5,0,5,-1,2,1,2,1,3,-1,1,0,0,7,6,3,-9,6,2,0,-2,-1,-1,-1,-1,6,-1
KR_6745216288,440,7,-18,12,11,1,0,1,3,1,4,2,1,3,1,2,3,4,0,4,0,4,-2,-3,-5,8,10,0,1,-1,1,1,1,6,-1
KR_6748476292,420,2,27,2,9,1,2,3,5,1,6,-1,2,1,-2,5,3,6,2,8,0,7,-2,-2,-8,10,5,0,0,1,-1,1,-1,5,-1
KR_6747048538,420,0,-67,-1,-2,0,1,1,0,3,3,-2,2,0,-1,5,4,1,2,3,-1,-6,-41,-2,-8,10,8,0,0,0,-1,0,-1,0,-1
KR_6749625634,420,-2,-44,4,-3,0,2,2,2,2,4,0,2,2,-4,4,0,-1,1,0,0,-7,-27,-5,-9,14,-5,0,-2,-1,1,-1,-1,4,-1
KR_6744768074,420,-1,-5,-1,-2,-4,5,1,1,1,2,-1,3,2,-1,1,0,3,0,3,0,3,49,-1,-7,8,-5,0,0,1,-1,0,1,4,-1
KR_6751358990,420,-5,-74,-12,-12,-3,4,1,-2,2,0,-2,5,3,-5,5,0,0,1,1,-1,-9,1,-1,-6,7,5,0,-3,-1,-1,-1,-1,4,-1
KR_6745384867,420,-1,-20,-9,-1,2,3,5,0,3,3,-1,4,3,0,3,3,-2,2,0,0,0,-13,5,-13,8,-6,0,-1,1,-1,-1,-1,6,-1
KR_6748901293,420,-2,-79,-4,-12,-5,10,5,-7,8,1,-1,2,1,-1,4,3,2,1,3,-1,-20,42,-3,-5,8,-3,0,-1,-1,-1,-1,-1,2,-1
KR_6718645326,420,1,-35,15,-1,-3,3,0,0,2,2,3,1,4,-1,2,1,0,0,0,0,2,11,8,-14,6,-3,0,-1,-1,1,-1,-1,3,-1
KR_6734784873,440,-3,-6,-12,-10,-4,6,2,-1,3,2,-6,7,1,-1,2,1,2,2,4,0,-9,-5,1,-7,6,-6,0,-1,1,1,-1,-1,1,-1
KR_6747875820,420,-1,-35,-1,-3,0,2,2,-3,5,2,0,3,3,0,2,2,0,1,1,2,-1,-26,-3,-7,10,4,0,-1,1,-1,-1,1,4,-1
KR_6750797743,420,-3,-19,-6,-3,-1,3,2,-1,2,1,0,0,0,-1,3,2,0,1,1,0,-5,-4,0,-7,7,1,0,-1,-1,1,-1,-1,5,-1
KR_6746987277,420,-2,24,-22,-1,-2,4,2,-2,4,2,2,1,3,2,2,4,-1,3,2,1,0,12,-1,-8,9,-4,0,-2,1,-1,-1,1,1,-1
KR_6751028392,420,-1,-65,11,-10,-1,3,2,-1,4,3,0,3,3,-6,7,1,-2,2,0,0,-10,-9,-4,-3,7,-4,0,-2,1,-1,-1,-1,4,-1
KR_6751543773,420,-1,55,-11,-5,-10,11,1,4,3,7,0,2,2,0,1,1,1,0,1,0,-1,-23,4,-12,8,2,0,-1,-1,-1,1,-1,6,-1
KR_6746080388,420,-2,-36,-37,-5,1,0,1,-4,6,2,1,1,2,0,3,3,-3,5,2,-1,-6,-3,-2,-8,10,4,0,-1,0,-1,-1,-1,0,-1
KR_6749444056,420,-2,-38,8,-7,0,5,5,0,2,2,-5,5,0,-2,2,0,0,0,0,0,-12,5,-3,-2,5,1,0,-1,-1,1,-1,-1,1,-1
KR_6748255531,420,-5,-40,7,-13,-2,2,0,-3,5,2,-1,2,1,-4,4,0,-3,3,0,-1,-22,-13,1,-9,8,4,0,0,-1,1,-1,-1,1,-1
KR_6748027917,420,-9,-192,-30,-11,-2,4,2,-4,4,0,0,2,2,-4,5,1,-1,2,1,-1,-15,3,0,-9,9,-10,0,-4,-1,-1,-1,-1,2,-1
KR_6743661197,420,-4,-36,-29,-7,2,1,3,-2,2,0,-3,4,1,-4,7,3,0,0,0,1,-11,0,5,-10,5,-1,0,-1,-1,1,-1,1,6,-1
KR_6747084907,420,2,32,-10,1,4,0,4,-1,2,1,2,0,2,-2,5,3,-2,2,0,0,-12,-4,-3,-10,13,-3,0,1,-1,1,1,1,3,-1
KR_6734926082,420,1,9,-28,-7,-7,8,1,1,1,2,-2,2,0,0,6,6,1,1,2,-1,3,-9,-7,-7,14,-2,0,1,-1,-1,-1,-1,1,-1
KR_6747288693,420,-2,24,9,-11,-2,4,2,0,4,4,-2,2,0,-5,5,0,-2,2,0,-1,-11,-4,2,-8,6,-2,0,-1,1,-1,-1,-1,6,-1
KR_6745409829,420,-5,-12,-30,-17,-2,5,3,-6,7,1,0,1,1,-7,8,1,-2,2,0,-1,-28,-16,-6,-5,11,-1,0,-2,-1,1,-1,-1,2,-1
KR_6748210571,420,-3,-29,-42,-4,4,0,4,1,2,3,-9,9,0,1,2,3,-1,1,0,0,-8,7,-1,-6,7,4,0,-1,-1,1,1,1,6,-1
KR_6724831371,420,-2,-28,-28,-3,4,0,4,-4,4,0,2,2,4,-4,5,1,-1,2,1,0,-9,0,-1,-12,13,-3,0,-1,-1,-1,-1,1,4,-1
KR_6742685345,420,-2,2,1,-5,1,2,3,2,2,4,-3,3,0,-3,4,1,-2,3,1,0,-15,-12,-8,-5,13,1,0,-1,1,-1,-1,1,5,-1
KR_6748729069,420,-2,-17,7,-10,-1,1,0,-6,6,0,-2,3,1,-1,1,0,0,1,1,0,-15,-22,3,-10,7,-2,0,1,1,1,1,-1,3,-1
KR_6744664097,420,-3,1,6,-6,-1,1,0,5,3,8,0,1,1,-11,11,0,1,3,4,0,2,-6,2,-10,8,1,0,-1,-1,-1,-1,-1,5,-1
KR_6747768700,420,-5,-75,-32,-12,-5,6,1,-8,12,4,0,2,2,2,2,4,-1,2,1,2,-4,9,-2,-8,10,-4,0,-3,-1,-1,-1,1,1,-1
KR_6733668112,420,-1,-53,45,-1,-4,9,5,4,1,5,3,1,4,-2,4,2,-2,2,0,0,8,2,1,-11,10,9,0,-1,1,1,1,1,3,-1
KR_6746690821,420,-2,6,16,-12,-6,6,0,-3,6,3,1,0,1,0,1,1,-4,4,0,0,-12,-7,4,-9,5,-12,0,-2,-1,-1,-1,-1,4,-1
KR_6734252915,420,0,-15,-4,-2,2,0,2,-3,4,1,3,2,5,-3,5,2,-1,1,0,1,-6,3,0,-11,11,-1,0,-1,0,-1,-1,1,0,-1
KR_6744680739,420,1,-25,-18,-6,-2,4,2,-9,11,2,3,1,4,3,3,6,-1,1,0,-1,0,-4,1,-7,6,-6,0,-1,-1,-1,-1,-1,2,-1
KR_6744582013,420,-1,12,-5,-2,-2,2,0,2,3,5,-2,4,2,1,1,2,-1,1,0,0,-1,-9,-1,-8,9,8,0,0,1,-1,-1,1,4,-1
KR_6748588625,420,-1,-69,11,-11,1,2,3,-4,6,2,-3,4,1,-2,4,2,-3,3,0,-1,-7,2,-2,-8,10,-1,0,-1,0,-1,-1,-1,0,-1
KR_6748767299,420,-6,0,-15,-18,-3,3,0,-2,3,1,-5,5,0,-8,9,1,0,1,1,0,-28,2,-2,-9,11,-3,0,0,-1,1,1,-1,6,-1
KR_6749308032,420,-4,-66,2,-7,1,1,2,-2,5,3,-4,5,1,-3,3,0,1,2,3,0,-7,-8,-4,-6,10,7,0,-2,-1,-1,-1,-1,5,-1
KR_6751485230,440,-3,13,-16,-6,-5,5,0,-2,3,1,1,5,6,1,2,3,-1,1,0,0,-11,0,1,-7,6,2,0,-1,-1,-1,-1,1,4,-1
KR_6734510490,420,-1,6,-10,0,2,2,4,3,1,4,3,1,4,-7,9,2,-1,4,3,0,-3,-6,0,-11,11,6,0,0,1,1,1,-1,5,-1
KR_6747262832,420,-8,-46,-24,-16,1,0,1,-4,5,1,-5,8,3,-9,11,2,1,0,1,0,-23,-6,0,-9,9,-6,0,-1,-1,-1,-1,-1,3,-1
KR_6749270111,420,-3,3,-18,-1,1,1,2,-2,3,1,1,1,2,-2,4,2,1,0,1,0,-9,-37,3,-12,9,0,0,-1,-1,-1,-1,1,1,-1
KR_6727304706,420,-6,-71,-24,-14,-4,5,1,-2,3,1,-2,3,1,-5,6,1,-1,2,1,-1,-11,-25,-3,-5,8,9,0,-1,-1,1,-1,-1,3,-1
KR_6745613339,420,1,-10,31,-1,-4,5,1,0,3,3,3,1,4,1,3,4,-1,1,0,-1,-4,50,3,-8,5,-5,0,-3,-1,-1,-1,-1,5,-1
KR_6748050231,420,0,-8,-23,-2,-1,2,1,1,3,4,-1,2,1,-1,1,0,0,0,0,0,-4,-22,5,-12,7,3,0,-1,-1,-1,-1,-1,6,-1
KR_6747550361,420,-1,-10,4,-1,-1,3,2,0,1,1,0,2,2,-2,2,0,2,0,2,0,3,-8,-5,-5,10,-3,0,0,-1,-1,-1,1,3,-1
KR_6746803324,420,-3,-25,23,1,-2,4,2,1,0,1,0,4,4,1,6,7,1,0,1,0,6,-2,-2,-7,9,-8,0,1,-1,1,1,1,3,-1
KR_6746788288,420,0,17,8,-1,0,2,2,1,3,4,1,0,1,-4,5,1,1,0,1,1,-3,0,0,-7,7,-3,0,0,-1,1,1,1,4,-1
KR_6737058215,420,-2,-70,-3,-8,-4,4,0,-4,4,0,1,1,2,-1,2,1,0,0,0,0,-9,14,1,-9,8,-5,0,0,1,1,-1,-1,1,-1
KR_6746650479,420,-3,-90,-17,-3,-3,4,1,0,3,3,2,1,3,-2,4,2,0,0,0,0,-2,56,-3,-5,8,0,0,-1,-1,1,-1,1,1,-1
KR_6750343881,420,-4,-185,7,-15,-3,4,1,-2,7,5,-1,3,2,-5,8,3,-4,5,1,-2,-14,-6,-3,-4,7,1,0,-4,1,-1,-1,-1,4,-1
KR_6735076663,420,3,24,-17,6,3,1,4,2,2,4,3,0,3,-1,2,1,-1,2,1,0,3,-1,6,-11,5,-1,0,2,-1,1,1,1,5,-1
KR_6751571685,420,2,-45,36,-4,-4,4,0,-3,3,0,-4,6,2,5,4,9,2,1,3,-1,-5,10,0,-9,9,4,0,0,-1,1,1,-1,1,-1
KR_6737019191,440,-5,-59,-47,-18,-2,2,0,-9,12,3,-4,6,2,1,3,4,-4,4,0,1,-14,6,-1,-4,5,-1,0,-3,0,-1,-1,-1,0,-1
KR_6709252189,420,-2,-43,10,-7,-2,2,0,-6,6,0,2,3,5,-1,3,2,0,0,0,0,-10,1,2,-12,10,-6,0,-1,1,-1,-1,-1,1,-1
KR_6746202393,420,3,-63,17,5,3,1,4,0,4,4,1,2,3,-2,4,2,3,1,4,0,14,4,4,-10,6,2,0,0,1,1,1,-1,3,-1
KR_6744777324,420,0,67,12,0,0,1,1,-1,1,0,-3,3,0,3,0,3,1,0,1,0,-3,11,7,-11,4,-15,0,1,-1,1,1,1,6,-1
KR_6751597786,420,-1,-13,-28,0,2,0,2,-3,5,2,7,0,7,-4,6,2,-2,2,0,2,3,10,3,-11,8,5,0,-1,-1,1,-1,1,3,-1
KR_6747786793,420,-2,-24,-3,2,0,0,0,0,1,1,3,2,5,-1,4,3,0,1,1,0,4,2,0,-9,9,-7,0,0,-1,1,-1,-1,6,-1
KR_6745405264,420,-3,9,-5,-6,0,1,1,-7,9,2,-1,3,2,2,0,2,0,1,1,0,-9,-6,-6,-5,11,-1,0,-1,1,-1,-1,-1,4,-1
KR_6751224309,420,-2,15,-3,-7,-2,3,1,-2,3,1,-1,1,0,0,0,0,-2,3,1,0,-4,-2,-3,-5,8,-1,0,-1,1,-1,-1,1,4,-1
KR_6750718779,420,-2,-51,-5,-5,-3,3,0,5,2,7,-3,6,3,-4,4,0,0,1,1,0,-9,-9,0,-9,9,-2,0,0,-1,1,0,-1,1,-1
KR_6745204109,420,-3,-19,-24,-4,-6,6,0,2,3,5,1,2,3,-1,3,2,0,0,0,0,4,-2,-1,-10,11,0,0,-1,0,-1,-1,-1,0,-1
KR_6714699680,420,4,65,16,-6,2,0,2,-2,6,4,-2,3,1,-5,8,3,1,1,2,-4,-8,-12,-4,-5,9,1,0,1,-1,-1,1,-1,3,-1
KR_6742423207,420,-5,-51,-14,-15,1,0,1,-7,8,1,-7,7,0,-1,4,3,-1,2,1,-4,-25,79,-1,-8,9,-32,0,-2,0,-1,-1,-1,0,-1
KR_6725110264,420,-5,-30,-30,-14,2,1,3,-5,8,3,-1,3,2,-7,7,0,-3,3,0,-1,-20,-14,-2,-5,7,0,0,-1,-1,-1,-1,-1,2,-1
KR_6748004495,420,-3,11,-33,-3,-1,2,1,-4,6,2,1,1,2,1,1,2,0,1,1,0,-7,-58,-1,-10,11,-3,0,-1,1,-1,-1,1,1,-1
KR_6744033806,420,0,-23,-7,3,2,0,2,6,1,7,0,1,1,-5,8,3,0,0,0,0,-3,5,5,-12,7,1,0,0,-1,1,0,1,6,-1
KR_6730241003,420,-6,-89,26,-17,-2,4,2,-5,5,0,-1,2,1,-10,10,0,1,0,1,0,-18,62,-4,-6,10,-8,0,-2,-1,-1,-1,-1,1,-1
KR_6747187818,420,-4,-25,-33,-10,0,1,1,-3,4,1,-2,7,5,-3,4,1,-2,3,1,0,-12,-8,-8,-5,13,-1,0,-3,-1,-1,-1,-1,4,-1
KR_6745716157,420,1,-25,-13,-2,1,1,2,1,2,3,-1,4,3,-2,5,3,-1,1,0,0,1,3,0,-9,9,-3,0,1,-1,1,-1,-1,3,-1
KR_6743808610,420,-1,-4,-32,2,2,0,2,1,1,2,-4,4,0,4,2,6,-1,1,0,0,7,11,1,-10,9,3,0,0,-1,-1,0,1,6,-1
KR_6720380401,420,-2,-22,32,-4,1,1,2,-2,5,3,1,3,4,-3,4,1,-1,1,0,-1,-13,-12,-2,-9,11,-3,0,-1,1,1,-1,-1,3,-1
KR_6729774249,420,-5,-18,-2,-11,-3,4,1,-7,12,5,1,1,2,-1,4,3,-1,2,1,-3,-21,-74,-2,-5,7,6,0,-4,1,-1,-1,-1,3,-1
KR_6740986147,420,-4,-52,-26,-13,-1,1,0,-8,11,3,-1,1,0,-2,5,3,-1,1,0,0,-20,-4,-7,-7,14,-6,0,-1,1,-1,-1,-1,3,-1
KR_6746943008,420,-4,-80,-15,-3,-4,4,0,2,2,4,2,3,5,-2,3,1,-1,1,0,0,2,-6,0,-5,5,0,0,1,-1,-1,-1,-1,4,-1
KR_6746409326,420,-1,-47,-16,4,0,3,3,2,1,3,5,0,5,-2,5,3,-1,2,1,-1,4,-26,-2,-8,10,0,0,0,0,1,1,-1,0,-1
KR_6747690563,420,2,5,21,-4,-1,3,2,-3,3,0,0,0,0,0,1,1,0,1,1,0,-5,-37,0,-11,11,-6,0,0,1,-1,0,-1,1,-1
KR_6735670020,440,-2,-54,8,-1,-4,4,0,3,2,5,-2,2,0,0,0,0,2,0,2,0,-1,6,4,-10,6,-9,0,-1,-1,1,-1,1,4,-1
KR_6749514604,420,1,59,-31,5,2,1,3,0,4,4,3,0,3,0,1,1,0,1,1,0,9,6,5,-13,8,-1,0,0,-1,1,1,-1,6,-1
KR_6746650717,420,-3,-31,-49,-13,1,1,2,-8,10,2,0,2,2,-7,9,2,1,0,1,-2,-18,-16,-4,-7,11,0,0,-2,-1,-1,-1,-1,2,-1
KR_6744824795,420,-4,-66,-5,-14,-4,4,0,-4,4,0,-4,4,0,-4,4,0,2,0,2,-1,-13,64,-6,-4,10,-3,0,-1,1,-1,-1,-1,4,-1
KR_6735267698,420,-8,-85,-59,-14,-3,4,1,-4,4,0,-4,5,1,-4,4,0,1,0,1,0,-14,-5,-3,-4,7,0,0,-2,-1,-1,-1,-1,3,-1
KR_6748406534,420,-3,-16,-12,-6,0,0,0,-1,6,5,-1,4,3,-1,2,1,-3,3,0,0,-10,37,4,-9,5,-7,0,0,-1,1,1,1,3,-1
KR_6744485640,420,-3,-26,1,-8,-1,1,0,-4,5,1,-3,4,1,0,0,0,0,2,2,0,-4,2,-4,-6,10,-4,0,0,-1,-1,0,-1,2,-1
KR_6733554676,420,-4,-22,-17,-4,-3,4,1,0,3,3,0,5,5,1,1,2,-2,3,1,0,-2,-7,0,-7,7,2,0,-1,-1,-1,-1,-1,6,-1
KR_6735167164,420,-1,7,-11,0,1,1,2,-1,1,0,-1,3,2,3,2,5,-2,2,0,0,1,1,-3,-8,11,4,0,0,1,-1,0,1,6,-1
KR_6737909760,420,-8,-94,-21,-15,-4,4,0,-2,5,3,-3,5,2,-7,7,0,1,0,1,-3,-24,-9,-5,-3,8,-2,0,-7,-1,-1,-1,1,1,-1
KR_6735109583,420,3,-1,4,10,-1,2,1,9,0,9,1,0,1,3,1,4,-2,2,0,1,14,3,3,-13,10,-2,0,-1,-1,-1,-1,1,4,-1
KR_6750795974,420,-1,-33,-16,6,2,2,4,2,3,5,0,4,4,0,0,0,2,0,2,1,19,8,-2,-7,9,3,0,0,1,-1,-1,1,6,-1
KR_6748791787,420,-4,-47,6,-13,-1,4,3,0,3,3,-6,7,1,-4,5,1,-2,3,1,-1,-10,9,1,-8,7,0,0,-1,-1,-1,-1,-1,2,-1
KR_6746572120,420,1,11,2,-2,1,0,1,-4,7,3,4,1,5,-2,4,2,-1,3,2,0,-3,22,-2,-7,9,-1,0,-1,1,-1,-1,1,1,-1
KR_6743302489,420,-3,-2,-4,-7,0,1,1,-4,5,1,0,2,2,-3,4,1,0,0,0,0,-14,-47,-3,-6,9,-1,0,0,1,-1,-1,-1,4,-1
KR_6748519436,420,-1,-40,-4,-5,-2,3,1,-4,5,1,4,0,4,-2,3,1,-1,1,0,0,-11,-7,-3,-4,7,-2,0,0,1,-1,-1,-1,4,-1
KR_6745726022,420,-3,26,-28,-6,2,1,3,-1,4,3,-3,6,3,-2,3,1,-2,2,0,-1,-13,-14,0,-9,9,0,0,-1,-1,-1,-1,-1,6,-1
KR_6738147262,420,0,-23,23,-5,-1,1,0,2,0,2,-1,4,3,-4,8,4,-1,1,0,0,-10,-10,-4,-7,11,5,0,-1,-1,-1,-1,-1,1,-1
KR_6744813259,420,1,2,7,2,-3,4,1,7,1,8,-1,2,1,1,2,3,-2,2,0,0,6,-1,-2,-7,9,2,0,0,1,-1,0,1,1,-1
KR_6750962242,420,-1,-37,3,4,1,1,2,0,2,2,-3,4,1,6,2,8,0,1,1,0,7,9,4,-9,5,-3,0,-1,-1,-1,1,1,5,-1
KR_6743901299,420,-2,-45,2,0,-3,3,0,-1,2,1,5,0,5,-2,2,0,1,1,2,1,-4,-2,-1,-7,8,-2,0,0,1,-1,-1,1,6,-1
KR_6749121700,420,-1,9,-8,-8,0,1,1,-4,5,1,-5,6,1,2,3,5,-1,1,0,0,-10,27,0,-9,9,-14,0,1,-1,-1,1,-1,1,-1
KR_6749597525,420,0,-11,12,1,1,3,4,3,2,5,-1,2,1,-2,4,2,0,0,0,0,-2,-4,2,-10,8,4,0,0,-1,-1,0,1,6,-1
KR_6733461503,420,-2,7,-28,-6,0,1,1,-2,3,1,-2,2,0,-2,4,2,0,0,0,0,-15,-18,-4,-6,10,11,0,0,-1,-1,1,-1,4,-1
KR_6744490653,420,3,32,-6,6,0,1,1,0,6,6,5,1,6,1,0,1,0,0,0,0,13,5,-1,-6,7,0,0,1,1,1,1,1,6,-1
KR_6750645818,420,-2,7,0,-12,-1,5,4,-3,3,0,-4,5,1,-3,4,1,-1,1,0,0,-10,19,-4,-4,8,-1,0,1,1,-1,-1,-1,3,-1
KR_6747342207,420,-4,-94,-12,-7,-2,3,1,-3,5,2,0,1,1,-1,2,1,-1,2,1,0,-5,5,2,-8,6,-1,0,-2,-1,1,-1,-1,4,-1
KR_6748461556,420,-5,-76,0,-9,-5,5,0,1,1,2,-4,4,0,0,2,2,-1,1,0,0,-4,23,-4,-4,8,0,0,-2,-1,1,-1,-1,6,-1
KR_6748032684,420,-5,-47,22,-15,-3,4,1,-2,3,1,-5,9,4,0,1,1,-5,5,0,0,-9,41,2,-6,4,-3,0,-3,1,-1,-1,-1,3,-1
KR_6745711575,420,-2,-21,-8,-3,2,0,2,-3,3,0,-2,3,1,-2,3,1,2,0,2,0,-10,4,-4,-9,13,5,0,-1,-1,1,-1,-1,6,-1
KR_6748561442,420,1,10,13,-1,-5,5,0,2,4,6,0,2,2,2,2,4,0,0,0,0,5,5,3,-10,7,-1,0,0,1,-1,-1,-1,3,-1
KR_6751499652,420,0,34,8,1,-4,4,0,-1,3,2,1,3,4,5,1,6,0,0,0,0,1,-18,1,-9,8,11,0,0,-1,-1,-1,-1,6,-1
KR_6734427246,420,-1,-33,-11,5,1,0,1,-2,4,2,4,1,5,1,2,3,1,0,1,0,8,4,1,-13,12,-5,0,-1,1,-1,-1,1,1,-1
KR_6750267924,420,-3,-40,-5,-6,-2,3,1,-4,6,2,2,4,6,2,2,4,-4,5,1,1,-18,-13,-2,-5,7,0,0,-3,1,-1,-1,1,6,-1
KR_6735452744,420,-6,-94,-8,-11,-1,3,2,1,3,4,-2,2,0,-8,9,1,-1,1,0,0,-16,-2,2,-8,6,3,0,-1,-1,-1,-1,-1,2,-1
KR_6744441330,420,-5,-95,-18,-6,1,1,2,-5,6,1,3,5,8,-3,5,2,-2,3,1,0,-7,0,-2,-5,7,-3,0,-1,1,1,-1,-1,2,-1
KR_6751615689,420,-5,-55,-5,-15,-1,1,0,-6,7,1,-6,7,1,-1,3,2,-1,1,0,-3,-18,-27,-7,-5,12,0,0,-2,-1,-1,-1,-1,1,-1
KR_6748841059,420,-3,-27,-21,-7,-3,3,0,-4,5,1,0,1,1,-1,1,0,1,1,2,0,-4,6,1,-7,6,-11,0,0,1,-1,0,1,6,-1
KR_6744961553,420,-4,21,-1,-6,0,0,0,-6,7,1,0,2,2,1,3,4,-1,1,0,1,-7,26,1,-8,7,0,0,-1,-1,-1,-1,1,4,-1
KR_6742212305,420,1,24,0,1,2,1,3,2,2,4,-1,4,3,-1,2,1,-1,2,1,0,7,11,0,-11,11,-2,0,-3,-1,-1,-1,-1,3,-1
KR_6716738434,420,-3,-47,-2,-8,1,0,1,-6,9,3,2,4,6,-2,4,2,-3,3,0,0,-6,-10,3,-8,5,4,0,-2,-1,1,-1,-1,6,-1
KR_6735574237,420,0,-11,-4,-1,1,1,2,-1,4,3,-1,1,0,-3,4,1,3,0,3,0,-1,-37,0,-7,7,-1,0,1,1,1,1,-1,5,-1
KR_6746929596,420,-1,-28,36,-8,-7,7,0,0,3,3,3,0,3,-2,3,1,-2,2,0,-1,-14,-11,-1,-5,6,0,0,-2,1,-1,-1,-1,3,-1
KR_6738664185,420,-1,-24,-35,2,1,3,4,-2,3,1,6,1,7,-2,2,0,-1,2,1,0,5,-46,-5,-8,13,6,0,0,-1,1,0,-1,1,-1
KR_6735618801,420,-1,-43,-8,5,3,1,4,4,2,6,1,0,1,-3,6,3,0,3,3,0,12,133,-4,-9,13,-4,0,0,-1,1,0,1,2,-1
KR_6744557035,420,1,25,20,3,1,2,3,-2,4,2,1,0,1,-2,4,2,5,0,5,0,-5,-8,-6,-4,10,-3,0,-1,-1,1,-1,-1,6,-1
KR_6742488283,420,-3,-12,-14,-8,0,1,1,-3,5,2,-3,5,2,0,3,3,-2,2,0,0,-14,19,-3,-6,9,6,0,0,-1,1,0,-1,2,-1
KR_6745218522,420,-2,7,4,-8,-2,2,0,0,3,3,0,2,2,-4,4,0,-2,3,1,0,-10,-31,-1,-7,8,-10,0,-2,-1,-1,-1,-1,2,-1
KR_6748728817,420,-2,-26,-16,0,0,1,1,2,1,3,-2,3,1,1,2,3,-1,1,0,0,2,-9,-2,-5,7,6,0,-1,-1,-1,-1,1,6,-1
KR_6746756524,420,-2,-48,11,-6,-4,4,0,-2,2,0,0,3,3,0,5,5,0,0,0,0,1,-103,-3,-5,8,-32,0,-1,-1,-1,-1,-1,4,-1
KR_6746100622,420,-2,-13,11,-8,-3,5,2,2,2,4,-1,2,1,-5,8,3,-1,2,1,0,-7,2,-1,-8,9,-4,0,-1,-1,-1,-1,-1,1,-1
KR_6740054789,420,0,-39,20,-1,-2,2,0,3,3,6,0,1,1,-2,4,2,0,1,1,0,0,40,2,-9,7,-1,0,-1,1,1,-1,1,2,-1
KR_6752123291,420,-5,-19,-21,-10,-2,2,0,-4,5,1,-4,5,1,1,2,3,-1,1,0,0,-10,-2,1,-6,5,-5,0,-1,-1,-1,-1,1,3,-1
KR_6733019264,420,-4,-102,17,-7,4,0,4,1,0,1,-3,5,2,-7,8,1,-2,6,4,-1,-19,33,3,-11,8,-6,0,-1,-1,1,1,-1,3,-1
KR_6719148609,440,-2,8,8,-10,2,3,5,-2,5,3,-3,7,4,-5,10,5,-2,2,0,-1,-24,4,-6,-6,12,-1,0,-1,-1,1,1,1,2,-1
KR_6748070328,420,-2,-12,3,-5,1,2,3,3,2,5,-7,8,1,-3,4,1,1,0,1,0,-11,13,-1,-10,11,-4,0,-1,-1,1,-1,-1,6,-1
KR_6745441323,420,0,-52,6,0,-1,3,2,3,3,6,0,3,3,-2,4,2,0,2,2,0,8,2,1,-10,9,-2,0,0,-1,1,0,-1,2,-1
KR_6749707111,420,-2,-4,-9,-3,-1,2,1,1,2,3,0,2,2,-3,3,0,0,0,0,0,-2,-25,5,-10,5,-7,0,0,-1,-1,1,1,6,-1
KR_6746290204,420,0,-28,8,0,-3,5,2,2,2,4,2,0,2,0,4,4,-1,1,0,0,8,-43,-4,-5,9,2,0,-1,1,1,-1,-1,2,-1
KR_6740212724,420,-2,59,-13,-4,0,2,2,-4,5,1,1,2,3,-3,4,1,2,1,3,1,-8,2,-6,-8,14,-3,0,0,1,-1,0,1,1,-1
KR_6745034090,420,1,9,32,-4,0,1,1,1,2,3,0,3,3,-2,2,0,-3,4,1,0,-4,-3,-9,-4,13,1,0,0,-1,1,0,-1,4,-1
KR_6720658973,420,1,-34,-24,-2,-1,1,0,-5,8,3,2,0,2,1,2,3,1,0,1,0,-4,28,2,-13,11,-12,0,0,1,1,1,-1,1,-1
KR_6742408238,420,-3,-30,-17,-10,-4,5,1,-5,8,3,1,1,2,0,4,4,-2,5,3,0,-16,-3,-7,-6,13,2,0,-1,1,-1,-1,1,4,-1
KR_6731035930,420,-1,-20,-21,0,2,0,2,-1,2,1,-4,4,0,4,1,5,-1,2,1,0,7,1,1,-6,5,-5,0,1,1,-1,1,-1,2,-1
KR_6745891661,420,2,17,26,0,0,1,1,0,2,2,1,2,3,-3,4,1,2,1,3,0,-5,30,-5,-5,10,5,0,-1,-1,1,-1,-1,1,-1
KR_6743105607,420,-4,-50,-23,-8,-3,3,0,-4,8,4,-3,3,0,2,0,2,0,0,0,-1,-7,-1,0,-8,8,-1,0,-1,1,-1,-1,-1,1,-1
KR_6747185458,420,3,1,34,13,1,3,4,9,1,10,-2,2,0,0,3,3,5,0,5,0,18,-18,-1,-8,9,3,0,1,1,-1,1,-1,2,-1
KR_6747786277,420,0,34,-8,-1,-1,3,2,-1,4,3,-2,4,2,4,2,6,-1,2,1,-1,-2,-4,-3,-5,8,-2,0,0,-1,-1,-1,-1,3,-1
KR_6746688968,420,-4,-50,1,-5,-4,4,0,1,3,4,1,2,3,-2,3,1,-1,1,0,0,2,-2,-4,-8,12,0,0,0,-1,-1,0,-1,6,-1
KR_6744502668,420,-6,-13,-25,-14,-7,7,0,-5,7,2,-3,3,0,1,2,3,0,0,0,0,-10,-53,1,-8,7,-4,0,-1,-1,-1,-1,-1,3,-1
KR_6747119850,420,-3,-17,-15,-7,1,2,3,-6,9,3,0,0,0,-1,5,4,-1,2,1,-1,-2,-5,1,-7,6,-5,0,0,-1,-1,-1,-1,5,-1
KR_6745884172,420,-3,-80,-26,-1,0,1,1,0,3,3,2,1,3,-3,8,5,0,2,2,0,10,-15,-1,-9,10,-2,0,0,-1,1,-1,-1,5,-1
KR_6740916735,420,-2,29,-16,-4,0,0,0,-3,5,2,-1,2,1,0,1,1,0,0,0,0,-8,8,0,-8,8,-2,0,1,-1,1,-1,-1,6,-1
KR_6748657777,420,-3,-83,-11,-18,-1,2,1,-8,9,1,0,5,5,-5,7,2,-4,5,1,0,-14,15,-11,-4,15,-3,0,-2,-1,-1,-1,-1,4,-1
KR_6748399552,420,1,40,-8,4,2,0,2,2,0,2,0,2,2,0,1,1,0,1,1,1,3,31,5,-10,5,2,0,2,1,1,1,1,5,-1
KR_6744575737,420,-1,1,15,-9,-1,2,1,2,2,4,-6,7,1,-3,7,4,-1,1,0,-1,-24,-10,-3,-8,11,12,0,1,-1,1,1,-1,6,-1
KR_6735037813,420,-8,-79,-28,-21,0,1,1,-7,9,2,-3,3,0,-11,11,0,0,0,0,0,-27,-30,2,-10,8,-1,0,-3,-1,-1,-1,-1,6,-1
KR_6713213852,420,-4,-39,-11,-3,-2,4,2,3,1,4,-1,2,1,-1,3,2,-2,2,0,0,-1,25,-12,-6,18,0,0,0,1,-1,-1,-1,3,-1
KR_6748485064,420,-2,11,-13,-9,-3,4,1,-1,1,0,-3,5,2,-1,4,3,-1,1,0,0,-9,-7,2,-6,4,7,0,2,-1,1,1,-1,4,-1
KR_6751656566,440,-6,8,-19,-15,-1,2,1,-1,1,0,-1,1,0,-9,9,0,-3,4,1,0,-27,-73,0,-4,4,3,0,0,1,-1,-1,-1,1,-1
KR_6749300403,420,1,-33,-37,1,0,4,4,-1,3,2,-2,4,2,4,0,4,0,1,1,-1,1,-29,3,-10,7,-5,0,-2,1,-1,-1,-1,6,-1
KR_6720261623,420,-2,-39,0,-9,-4,5,1,-3,3,0,1,2,3,-4,6,2,1,0,1,0,-8,38,-4,-4,8,-17,0,0,-1,-1,-1,-1,2,-1
KR_6750563007,420,-2,-18,-25,-2,-1,2,1,4,2,6,-5,7,2,0,1,1,0,0,0,0,1,12,-1,-10,11,3,0,0,1,-1,-1,1,5,-1
KR_6734186259,420,1,8,18,3,-2,3,1,3,0,3,0,4,4,2,2,4,0,0,0,-1,7,-3,-3,-6,9,3,0,-1,1,-1,-1,-1,3,-1
KR_6743087377,440,-3,14,-28,-2,2,0,2,3,1,4,-2,3,1,0,0,0,-5,5,0,0,-3,-11,0,-9,9,1,0,-1,0,0,-1,-1,0,-1
KR_6749411583,420,0,-52,1,1,2,2,4,2,1,3,0,2,2,-4,5,1,1,0,1,0,-7,5,5,-14,9,-2,0,-1,1,-1,-1,-1,4,-1
KR_6743748730,420,-1,-15,2,-1,-1,2,1,0,3,3,-2,3,1,1,2,3,1,1,2,0,0,-7,-2,-7,9,4,0,-1,-1,-1,-1,-1,1,-1
KR_6743825228,420,-3,-23,-25,-1,1,0,1,-4,9,5,-1,3,2,4,0,4,-1,1,0,2,3,-6,-3,-2,5,-1,0,1,-1,-1,1,1,4,-1
KR_6742391193,420,-3,14,-7,-9,3,0,3,-8,8,0,-1,2,1,-1,4,3,-2,2,0,0,-17,-20,3,-10,7,-1,0,-2,-1,-1,-1,-1,2,-1
KR_6750008168,420,-6,-97,8,-5,-1,3,2,2,2,4,-1,1,0,-3,4,1,-2,2,0,0,-2,-35,-2,-9,11,-5,0,-2,1,-1,-1,-1,2,-1
KR_6745263261,420,-1,-28,-18,-4,1,1,2,0,2,2,0,1,1,-4,5,1,-1,4,3,0,-2,71,0,-7,7,1,0,-1,-1,1,-1,-1,2,-1
KR_6734646852,420,2,6,7,-7,0,1,1,2,1,3,-2,3,1,-6,7,1,-1,2,1,0,-7,-2,1,-9,8,0,0,0,-1,-1,0,-1,3,-1
KR_6750209331,420,-1,19,1,-2,-1,1,0,-3,3,0,5,2,7,-4,4,0,1,0,1,0,-7,14,8,-14,6,-11,0,1,-1,1,1,1,1,-1
KR_6745138772,420,0,48,12,1,-4,5,1,-4,5,1,0,2,2,6,0,6,3,1,4,1,-4,14,-1,-7,8,-3,0,0,1,1,1,1,6,-1
KR_6749466983,420,-7,-91,-25,-23,-2,3,1,-8,9,1,-4,6,2,-7,9,2,-2,3,1,0,-17,11,0,-8,8,-3,0,-3,-1,-1,-1,-1,5,-1
KR_6737294584,420,0,-47,-24,-4,0,2,2,4,4,8,-2,6,4,-2,5,3,-4,5,1,0,8,-5,-8,-3,11,5,0,-1,-1,-1,-1,-1,1,-1
KR_6734738623,420,-1,-46,7,-1,2,0,2,3,2,5,-5,6,1,-1,2,1,0,1,1,0,-3,-8,-1,-7,8,3,0,0,1,1,0,1,3,-1
KR_6747064878,420,-1,12,-14,2,-3,5,2,2,1,3,2,1,3,1,5,6,0,2,2,1,17,1,4,-9,5,7,0,-1,-1,-1,-1,1,4,-1
KR_6749958653,420,-1,-48,11,1,-4,4,0,3,0,3,6,0,6,-4,4,0,0,1,1,0,10,6,8,-12,4,-3,0,1,1,1,1,-1,2,-1
KR_6743046885,420,-4,-45,-2,-7,-1,1,0,-6,9,3,0,3,3,1,4,5,-1,1,0,0,-3,-7,-5,-4,9,0,0,0,-1,1,1,-1,1,-1
KR_6735059728,440,2,-1,4,10,-2,4,2,1,2,3,-2,4,2,6,2,8,7,0,7,2,8,14,6,-9,3,0,0,2,0,1,1,1,0,-1
KR_6749264192,440,-3,-77,-27,-7,-8,8,0,0,1,1,4,2,6,-1,1,0,-2,2,0,0,-12,20,3,-7,4,-7,0,-2,-1,1,-1,-1,3,-1
KR_6749920164,420,-2,-26,22,-12,0,2,2,-5,11,6,0,1,1,-7,7,0,0,1,1,-2,-25,0,2,-11,9,6,0,-2,-1,1,-1,-1,2,-1
KR_6751924791,420,-2,-81,8,-2,-5,5,0,-1,3,2,2,1,3,1,1,2,1,2,3,2,-5,3,-3,-8,11,5,0,-3,1,-1,-1,1,5,-1
KR_6751996669,420,2,-7,36,5,3,0,3,1,3,4,-1,1,0,1,2,3,1,0,1,1,6,178,6,-8,2,-1,0,1,1,1,1,1,2,-1
KR_6747981876,420,0,47,-15,0,0,0,0,4,1,5,1,2,3,-3,4,1,-2,3,1,-1,4,-1,5,-9,4,8,0,2,-1,1,1,-1,2,-1
KR_6720805953,420,2,39,-5,10,0,3,3,5,0,5,6,1,7,-2,5,3,1,0,1,0,15,36,-8,-4,12,12,0,0,1,1,1,1,2,-1
KR_6745484355,420,0,16,-7,-3,1,2,3,1,4,5,1,2,3,-6,6,0,0,1,1,0,-5,-20,-7,-5,12,10,0,-1,1,1,-1,-1,1,-1
KR_6743444523,420,-2,-7,-16,0,3,0,3,1,4,5,3,2,5,-8,11,3,1,0,1,0,-3,-2,4,-9,5,0,0,0,-1,1,0,-1,3,-1
KR_6746690115,420,2,44,-50,2,1,2,3,-5,7,2,2,0,2,3,0,3,1,1,2,0,0,-60,3,-10,7,0,0,1,-1,1,1,1,5,-1
KR_6746162938,420,1,1,1,-7,0,1,1,1,1,2,-5,6,1,-1,4,3,-2,2,0,0,-3,-46,3,-12,9,3,0,2,-1,1,1,-1,1,-1
KR_6747947416,420,-5,10,-8,-10,0,1,1,0,3,3,0,2,2,-9,9,0,-1,1,0,0,-20,-11,3,-12,9,-2,0,0,-1,1,-1,1,2,-1
KR_6743269891,420,1,25,14,-1,-1,3,2,-1,4,3,0,1,1,-1,2,1,2,1,3,0,-6,6,-3,-8,11,-4,0,1,1,1,1,1,4,-1
KR_6735995796,420,1,-12,8,3,5,0,5,1,3,4,-3,4,1,0,0,0,0,2,2,0,-1,-32,-2,-5,7,-6,0,0,-1,-1,1,-1,1,-1
KR_6735362025,420,0,-21,11,2,-1,1,0,4,1,5,3,0,3,-1,3,2,-3,3,0,0,2,6,4,-10,6,1,0,0,1,-1,1,-1,3,-1
KR_6745698521,420,-7,-59,-25,-19,-6,7,1,-8,9,1,-7,7,0,1,2,3,1,0,1,-3,-28,-53,-7,-6,13,-2,0,-2,1,-1,-1,-1,5,-1
KR_6745247474,420,-3,-38,-19,-3,3,0,3,-2,3,1,0,5,5,-3,4,1,-1,1,0,0,-9,18,-4,-7,11,2,0,-1,1,1,-1,1,6,-1
KR_6749763563,420,-2,7,-6,-6,1,1,2,-5,7,2,-1,2,1,2,2,4,-3,3,0,0,-11,7,-6,-8,14,-9,0,1,-1,-1,1,-1,6,-1
KR_6742174136,420,0,-18,-5,4,-1,5,4,5,2,7,0,2,2,-1,4,3,1,0,1,0,6,20,1,-7,6,-1,0,0,-1,1,0,-1,3,-1
KR_6747041747,420,-4,-103,-39,-14,-3,4,1,-5,5,0,2,2,4,-9,13,4,1,1,2,1,-20,9,-1,-5,6,-5,0,-2,0,-1,-1,1,0,-1
KR_6723478274,420,0,-45,47,-2,-3,4,1,-1,1,0,-1,3,2,3,1,4,0,0,0,0,-6,-10,-2,-9,11,3,0,1,-1,1,1,-1,3,-1
KR_6749457312,420,-2,-7,-40,-2,-2,2,0,0,2,2,0,2,2,0,2,2,0,2,2,0,-3,-4,4,-8,4,-3,0,-1,1,-1,-1,1,4,-1
KR_6750321779,420,-1,8,-33,-7,-1,2,1,-2,5,3,2,2,4,-2,6,4,-4,4,0,0,-14,-5,-7,-5,12,1,0,-2,-1,-1,-1,-1,4,-1
KR_6744059427,420,-6,-45,-31,-9,1,2,3,-5,5,0,-4,4,0,0,2,2,-1,1,0,0,-5,5,-1,-5,6,-3,0,-3,-1,-1,-1,-1,1,-1
KR_6725439798,420,-7,-71,-29,-17,-4,4,0,-5,6,1,-3,5,2,-4,6,2,-1,1,0,0,-13,1,-1,-3,4,-3,0,-1,1,-1,-1,-1,6,-1
KR_6748548721,420,1,59,-2,-3,1,0,1,-2,3,1,-2,5,3,0,1,1,0,0,0,0,1,-24,-4,-8,12,7,0,-1,-1,-1,-1,-1,4,-1
KR_6737943542,420,1,17,-1,3,-2,2,0,2,2,4,3,1,4,1,0,1,-1,1,0,1,1,29,1,-8,7,-1,0,1,1,-1,-1,1,2,-1
KR_6749933076,420,-4,16,-8,-10,-1,2,1,-1,3,2,0,2,2,-5,6,1,-3,6,3,-1,-9,-3,0,-6,6,-3,0,-1,1,-1,-1,-1,5,-1
KR_6747624468,420,-3,-37,-6,0,0,1,1,-1,4,3,-1,4,3,1,2,3,1,0,1,-1,-2,33,3,-10,7,-5,0,1,-1,1,1,-1,1,-1
KR_6749410049,420,-3,3,-7,-10,0,1,1,-6,7,1,-2,3,1,1,0,1,-3,3,0,0,-13,-41,0,-10,10,3,0,-2,-1,-1,-1,-1,1,-1
KR_6747328124,420,2,22,12,0,-1,2,1,1,2,3,5,1,6,-3,7,4,-2,2,0,0,-7,21,2,-8,6,1,0,0,1,1,0,-1,5,-1
KR_6746660182,420,-2,-5,-10,-8,-5,6,1,-5,7,2,-1,3,2,3,4,7,0,0,0,0,-3,17,-4,-9,13,13,0,0,1,-1,-1,-1,3,-1
KR_6718549287,420,2,56,6,-3,-2,4,2,0,1,1,-1,2,1,0,0,0,0,1,1,1,-8,76,-1,-7,8,-2,0,0,1,-1,0,1,2,-1
KR_6742428684,440,-5,-55,19,-5,-5,5,0,0,1,1,-3,4,1,0,2,2,3,0,3,0,-8,29,-4,-6,10,5,0,0,1,-1,-1,1,6,-1
KR_6731625148,420,-2,25,-15,-9,0,2,2,-1,3,2,-2,2,0,-5,5,0,-1,1,0,-1,-20,14,-7,-6,13,3,0,-1,-1,-1,-1,-1,4,-1
KR_6748335958,420,-5,-11,-26,-4,2,1,3,0,2,2,-5,5,0,-1,1,0,0,0,0,0,-6,8,1,-8,7,-1,0,-1,1,1,-1,-1,3,-1
KR_6734640203,420,-2,-77,-2,-12,0,0,0,-2,4,2,0,2,2,-9,9,0,-1,1,0,-1,-14,44,-5,-6,11,-5,0,0,-1,-1,-1,-1,1,-1
KR_6747376272,420,-2,-51,9,-7,0,1,1,-3,3,0,-4,7,3,-1,1,0,1,0,1,0,-9,-4,1,-8,7,-11,0,-1,-1,1,-1,1,3,-1
KR_6747427349,420,0,-35,-2,-3,2,0,2,-2,4,2,0,2,2,0,0,0,-3,3,0,0,-4,-1,3,-8,5,-3,0,0,1,-1,-1,-1,2,-1
KR_6747052711,420,-2,4,29,0,1,0,1,-1,1,0,2,2,4,-1,3,2,-1,1,0,0,-8,7,4,-11,7,-1,0,0,-1,1,1,-1,1,-1
KR_6744253745,420,1,-34,-10,-5,2,2,4,-3,4,1,0,3,3,-2,5,3,-2,3,1,0,-7,4,-5,-4,9,1,0,-3,-1,-1,-1,-1,2,-1
KR_6748787041,420,3,27,-12,7,4,0,4,2,1,3,2,1,3,-1,1,0,0,0,0,0,2,63,0,-7,7,1,0,0,1,1,0,1,6,-1
KR_6747987299,440,1,15,-5,2,-2,4,2,4,0,4,0,3,3,-1,2,1,1,2,3,0,-6,-6,3,-7,4,0,0,0,-1,-1,1,1,1,-1
KR_6746708174,420,-6,-103,-19,-15,-1,3,2,-1,3,2,-2,4,2,-10,10,0,-1,2,1,0,-11,-3,0,-8,8,-1,0,-2,-1,-1,-1,1,6,-1
KR_6737845869,420,-2,-11,7,-4,-1,3,2,-2,3,1,0,2,2,0,0,0,-1,2,1,0,-7,-8,-4,-6,10,-3,0,0,1,-1,0,1,1,-1
KR_6733787908,420,-4,-32,-21,-11,0,1,1,-5,6,1,-1,2,1,-6,7,1,1,0,1,0,-17,-25,-2,-4,6,-4,0,1,-1,1,1,-1,6,-1
KR_6748788630,420,-1,15,-11,-4,-7,7,0,0,2,2,2,3,5,2,5,7,-1,1,0,-2,-6,-14,-3,-4,7,-5,0,0,1,-1,1,-1,3,-1
KR_6746633128,420,-1,8,-30,-9,0,2,2,-1,7,6,-5,5,0,-2,4,2,-1,1,0,0,-8,19,-1,-9,10,-5,0,1,1,1,1,1,6,-1
KR_6744980949,420,0,-19,-2,-13,0,1,1,-1,6,5,-12,14,2,0,3,3,0,1,1,0,-23,19,-2,-8,10,-5,0,1,1,-1,1,-1,1,-1
KR_6737502936,420,-7,-34,8,-19,-4,4,0,-1,2,1,-3,3,0,-10,11,1,-1,2,1,0,-23,-14,-8,-9,17,0,0,0,-1,-1,-1,-1,2,-1
KR_6748306544,420,-3,-6,-22,-5,-4,5,1,1,0,1,-1,1,0,0,3,3,-1,2,1,0,-1,-12,-5,-6,11,-1,0,-1,-1,-1,-1,1,5,-1
KR_6750445646,420,-1,28,-32,-3,1,0,1,-1,1,0,0,2,2,-3,4,1,0,0,0,0,-4,41,1,-8,7,-7,0,-1,-1,-1,1,-1,4,-1
KR_6745418235,420,-7,-135,-48,-14,-1,1,0,-3,3,0,-3,4,1,-7,9,2,0,1,1,0,-13,-42,-3,-5,8,-4,0,-4,-1,-1,-1,-1,4,-1
KR_6745385479,420,-1,-29,31,-7,0,2,2,-4,6,2,0,3,3,-3,5,2,0,0,0,-1,-14,-5,-7,-8,15,1,0,0,1,-1,0,-1,5,-1
KR_6746333880,420,-1,-56,16,0,-4,4,0,0,3,3,4,1,5,2,2,4,-2,2,0,0,9,33,1,-9,8,-5,0,-1,-1,1,-1,-1,1,-1
KR_6744136239,420,-1,-1,-19,2,-1,1,0,-1,3,2,-3,4,1,5,1,6,2,0,2,0,8,12,1,-6,5,1,0,-1,1,-1,1,-1,3,-1
KR_6736642733,420,-3,-44,11,-5,-1,3,2,-2,3,1,-1,1,0,-1,3,2,0,0,0,0,-2,-3,1,-10,9,0,0,0,1,-1,-1,-1,5,-1
KR_6741921933,440,-1,0,-8,2,2,0,2,0,3,3,-4,5,1,1,0,1,3,0,3,0,0,3,1,-7,6,-3,0,0,1,1,0,1,1,-1
KR_6747961671,420,-3,-21,-20,-4,2,1,3,0,5,5,-4,4,0,-1,2,1,-1,2,1,0,3,12,0,-9,9,-7,0,0,-1,-1,-1,-1,3,-1
KR_6727350797,420,-4,-94,0,-8,0,2,2,-5,7,2,1,4,5,-3,4,1,-1,1,0,0,-20,38,2,-9,7,-3,0,-2,-1,1,-1,1,3,-1
KR_6724579839,420,-2,15,8,3,1,1,2,-1,1,0,3,2,5,0,0,0,0,0,0,0,7,-20,0,-9,9,-3,0,0,1,1,-1,1,4,-1
KR_6721749002,420,-3,-57,-7,-3,1,1,2,4,0,4,-3,5,2,-7,10,3,2,1,3,1,0,-17,1,-10,9,6,0,-3,-1,-1,-1,1,2,-1
KR_6749932590,420,2,78,-17,1,2,1,3,0,3,3,1,5,6,0,1,1,-2,2,0,0,-2,-18,-1,-4,5,0,0,1,1,1,1,1,6,-1
KR_6721270029,420,-7,-68,-4,-18,0,2,2,-2,7,5,-12,13,1,-4,4,0,0,1,1,-2,-21,32,-4,-5,9,-9,0,-1,1,1,-1,-1,3,-1
KR_6721169069,420,3,18,-17,6,1,2,3,2,3,5,2,0,2,1,2,3,0,0,0,0,16,-36,3,-12,9,4,0,-1,-1,-1,-1,-1,5,-1
KR_6743536143,420,-2,-40,20,-3,-1,2,1,-3,6,3,2,0,2,-2,5,3,1,0,1,1,-1,-3,-4,-9,13,-3,0,-1,1,-1,-1,1,6,-1
KR_6747301524,420,1,-22,-3,-1,0,1,1,-3,3,0,1,1,2,0,0,0,1,0,1,0,-1,-1,2,-8,6,-1,0,-1,-1,1,-1,-1,2,-1
KR_6747136265,420,-5,-85,8,-5,3,1,4,-5,5,0,3,1,4,-4,8,4,-2,2,0,0,2,-5,-1,-8,9,-8,0,-1,-1,1,-1,-1,1,-1
KR_6752080800,420,0,-2,19,-4,2,2,4,1,1,2,-4,4,0,-4,4,0,1,0,1,0,-4,1,2,-8,6,0,0,-2,0,-1,-1,-1,0,-1
KR_6746971088,420,-2,5,-13,-1,0,1,1,-2,3,1,1,3,4,2,0,2,-2,2,0,0,6,16,6,-11,5,-5,0,0,1,-1,-1,-1,6,-1
KR_6748285073,420,-2,-79,11,-11,-2,3,1,-4,6,2,-2,3,1,-4,4,0,1,0,1,0,-9,41,4,-14,10,-1,0,-2,-1,-1,-1,1,3,-1
KR_6744883495,420,-4,-32,0,-9,1,1,2,-6,7,1,2,0,2,-5,6,1,-1,1,0,-1,-24,4,1,-12,11,2,0,0,1,-1,0,-1,1,-1
KR_6720589789,420,-5,-50,-20,-4,-1,2,1,-5,7,2,-1,2,1,3,2,5,0,0,0,0,-5,-2,2,-7,5,0,0,-2,1,-1,-1,-1,2,-1
KR_6746503869,420,-4,30,-19,-8,-4,6,2,-6,6,0,1,1,2,2,2,4,-1,1,0,0,-12,-2,0,-5,5,0,0,-1,-1,-1,-1,-1,5,-1
KR_6751320501,420,-4,-7,20,-7,-3,3,0,-2,3,1,0,0,0,-3,3,0,1,0,1,0,-9,-41,3,-12,9,1,0,-1,1,1,-1,-1,4,-1
KR_6749526267,420,-5,-76,-4,-10,-1,3,2,-1,3,2,-1,3,2,-6,6,0,-1,1,0,0,-17,6,8,-14,6,-8,0,0,1,1,-1,1,4,-1
KR_6749137101,420,0,12,-6,0,2,3,5,2,0,2,-4,5,1,-1,4,3,1,0,1,-1,7,-9,-6,-6,12,1,0,-1,-1,-1,-1,-1,4,-1
KR_6743888034,420,1,-1,-5,-3,5,0,5,-5,6,1,-2,4,2,0,1,1,-1,1,0,0,-11,-42,-5,-4,9,-3,0,2,-1,1,1,1,1,-1
KR_6750547905,420,1,22,7,-4,2,3,5,-6,7,1,1,2,3,-2,3,1,1,1,2,-1,-14,-16,-5,-6,11,6,0,0,-1,-1,-1,-1,2,-1
KR_6736716908,420,0,-5,23,-2,1,0,1,3,0,3,-1,2,1,-5,5,0,0,1,1,0,-3,-8,0,-8,8,1,0,-1,-1,1,-1,1,4,-1
KR_6738165562,420,-7,-18,-36,-8,-3,3,0,-1,3,2,-2,6,4,-2,5,3,0,0,0,0,-11,14,3,-10,7,3,0,-3,-1,1,-1,1,4,-1
KR_6751523877,420,-2,-9,-12,2,-2,3,1,6,0,6,-3,4,1,1,2,3,0,1,1,0,6,11,-4,-4,8,7,0,0,1,-1,0,1,4,-1
KR_6730988464,420,-3,4,-27,-10,-1,1,0,-6,10,4,0,0,0,-2,4,2,-1,2,1,0,-14,-60,2,-6,4,7,0,-2,1,-1,-1,-1,6,-1
KR_6723527787,440,-3,-19,12,-11,-3,3,0,0,0,0,-2,2,0,-6,6,0,0,0,0,0,-17,-5,-2,-4,6,0,0,0,-1,1,0,-1,5,-1
KR_6745119183,420,-5,-130,-33,-10,-1,3,2,-6,8,2,-2,3,1,-1,5,4,0,2,2,-2,-12,-1,-1,-8,9,-3,0,-2,-1,-1,-1,-1,5,-1
KR_6737470999,420,-4,-71,9,-13,1,2,3,-1,3,2,-2,3,1,-1,1,0,-10,10,0,-1,-19,0,-4,-8,12,-5,0,-1,-1,1,-1,-1,4,-1
KR_6744027086,440,-1,1,9,-2,-1,2,1,3,2,5,3,1,4,-5,8,3,-2,3,1,0,-5,-6,-4,-2,6,1,0,0,-1,1,1,-1,3,-1
KR_6751625735,420,0,-4,8,2,-1,2,1,-1,3,2,2,2,4,2,2,4,0,0,0,0,9,-10,5,-11,6,8,0,-1,1,-1,-1,-1,4,-1
KR_6738746588,420,-7,-69,-16,-20,-9,9,0,-6,7,1,-6,8,2,2,1,3,-1,2,1,0,-13,-5,-1,-7,8,3,0,-1,-1,-1,-1,-1,2,-1
KR_6741420126,420,-1,-7,-5,-4,-2,3,1,0,2,2,1,0,1,-1,1,0,-2,2,0,0,0,35,2,-11,9,5,0,-1,-1,-1,-1,1,5,-1
KR_6742911561,420,2,17,38,-4,-5,7,2,-1,5,4,3,1,4,-4,5,1,3,2,5,-2,-3,1,0,-8,8,-7,0,0,1,1,1,-1,3,-1
KR_6748015360,420,0,-11,3,0,5,0,5,0,2,2,0,3,3,-4,7,3,-1,2,1,-1,-14,-9,-5,-6,11,4,0,1,1,1,1,-1,4,-1
KR_6744216340,420,-3,-23,-16,-10,-2,3,1,-3,5,2,-1,3,2,-4,7,3,0,1,1,0,-10,-8,0,-10,10,-5,0,0,1,-1,0,-1,4,-1
KR_6749335807,420,-3,-54,22,-8,1,4,5,-3,4,1,-1,2,1,-3,5,2,-2,2,0,0,-9,-14,-1,-9,10,-2,0,-1,1,-1,-1,-1,1,-1
KR_6748038375,420,-1,6,-8,-1,0,1,1,5,0,5,-6,7,1,0,5,5,0,1,1,0,4,33,-9,-1,10,-3,0,-1,1,1,-1,1,2,-1
KR_6751292091,420,0,-27,-21,-1,0,1,1,-2,4,2,1,3,4,0,1,1,0,0,0,0,4,-48,-5,-5,10,3,0,-1,-1,1,-1,-1,5,-1
KR_6744120836,420,-3,-24,-40,-2,0,2,2,2,6,8,-1,2,1,-4,4,0,1,0,1,0,-5,-33,-1,-8,9,-2,0,0,-1,1,-1,-1,6,-1
KR_6746609942,420,-2,24,-25,-4,2,1,3,-4,5,1,-1,2,1,-2,2,0,1,0,1,0,-9,-4,5,-11,6,-5,0,-1,-1,1,-1,1,6,-1
KR_6746709755,420,-4,-72,6,-12,-5,5,0,2,1,3,-1,4,3,-8,9,1,0,1,1,0,-15,3,2,-10,8,4,0,-1,-1,0,-1,-1,2,-1
KR_6747975964,420,-3,-4,7,-4,-6,7,1,-2,3,1,-1,2,1,3,0,3,2,0,2,0,-4,-18,0,-10,10,4,0,0,-1,1,-1,-1,4,-1
KR_6742370352,440,0,-19,-4,2,2,1,3,-1,4,3,1,3,4,0,4,4,0,0,0,0,5,5,1,-9,8,7,0,1,1,1,1,1,6,-1
KR_6738566840,420,-6,-50,8,-19,-4,4,0,-6,7,1,-5,5,0,-4,4,0,0,1,1,0,-19,-3,-3,-8,11,-7,0,0,1,1,-1,-1,2,-1
KR_6746572554,420,3,40,13,3,2,2,4,0,1,1,0,1,1,1,1,2,0,0,0,0,2,-24,-4,-7,11,5,0,0,1,-1,0,-1,1,-1
KR_6738024368,420,-4,-54,-24,-11,-4,4,0,-4,5,1,0,1,1,-3,4,1,0,1,1,0,-20,-1,-1,-9,10,-6,0,0,-1,-1,-1,-1,6,-1
KR_6737221683,420,-1,-22,-6,-5,-9,9,0,0,3,3,4,0,4,1,0,1,-1,1,0,-1,2,-6,-7,-8,15,4,0,-2,-1,-1,-1,-1,3,-1
KR_6744622314,420,-5,-10,-16,-9,0,1,1,-3,6,3,-5,5,0,1,0,1,-2,2,0,0,-19,-1,2,-6,4,0,0,0,-1,-1,-1,1,3,-1
KR_6747980399,420,-2,-1,-16,-5,-2,2,0,-2,2,0,1,0,1,-2,4,2,0,0,0,0,-6,5,0,-10,10,-1,0,0,-1,-1,0,-1,2,-1
KR_6746410613,420,-2,13,-8,-6,-1,2,1,0,0,0,1,1,2,-4,4,0,-2,3,1,0,-11,1,-6,-7,13,-1,0,0,1,-1,0,-1,4,-1
KR_6749631655,420,-2,-1,-26,0,1,0,1,3,1,4,-1,1,0,-3,3,0,0,0,0,0,-3,2,-2,-6,8,-3,0,0,-1,-1,1,1,3,-1
KR_6736848562,420,0,30,-33,-11,-3,3,0,-6,6,0,-1,4,3,-2,3,1,1,0,1,-1,-19,-9,-5,-7,12,3,0,0,-1,-1,0,-1,5,-1
KR_6735170449,420,-1,-4,-4,-6,0,2,2,-2,3,1,1,1,2,-5,5,0,0,1,1,0,-10,0,4,-9,5,2,0,0,1,1,0,1,2,-1
KR_6745457516,420,-3,-19,8,-9,-4,5,1,-1,1,0,-1,3,2,-1,2,1,-2,2,0,0,-14,-4,-3,-5,8,0,0,-1,1,-1,-1,-1,1,-1
KR_6725070803,420,-7,-103,-51,-13,-2,3,1,-2,4,2,-1,2,1,-7,8,1,-1,1,0,0,-15,-11,-3,-3,6,-2,0,-3,-1,1,-1,1,1,-1
KR_6750467974,420,-2,-79,11,-2,1,1,2,4,2,6,-2,4,2,-5,7,2,0,2,2,0,-6,64,-1,-10,11,-6,0,-2,-1,0,-1,-1,2,-1
KR_6747828051,420,-1,35,8,2,1,2,3,0,4,4,0,0,0,0,0,0,1,0,1,0,7,-12,-2,-8,10,9,0,0,-1,1,0,1,3,-1
KR_6743154047,440,-1,-58,-8,2,1,0,1,-2,2,0,2,1,3,0,0,0,1,0,1,0,7,-4,3,-8,5,-1,0,1,1,-1,1,1,4,-1
KR_6736141671,420,-1,-23,-2,-4,1,1,2,4,2,6,-1,4,3,-7,9,2,-1,1,0,0,1,1,-3,-8,11,0,0,-1,-1,1,-1,1,6,-1
KR_6743331078,420,-1,-39,-2,-5,2,0,2,-3,6,3,-1,1,0,1,1,2,-4,4,0,0,-8,-7,4,-10,6,-6,0,0,-1,-1,-1,-1,6,-1
KR_6745809903,420,-5,-75,19,-17,-4,5,1,-5,6,1,-5,9,4,-3,4,1,0,0,0,0,-18,-4,-7,-7,14,5,0,-2,0,-1,-1,-1,0,-1
KR_6739803150,420,-3,-47,0,-8,1,0,1,-5,10,5,-1,3,2,-2,3,1,-1,2,1,0,-9,-1,2,-11,9,5,0,0,-1,1,1,-1,1,-1
KR_6744197409,420,-4,-47,4,-10,-1,3,2,-5,6,1,3,2,5,-6,6,0,-1,1,0,0,-13,-7,-5,-6,11,2,0,-1,-1,1,-1,-1,6,-1
KR_6736021387,420,-1,-32,-5,-4,2,0,2,-7,7,0,-1,3,2,0,2,2,2,0,2,0,-8,4,-1,-10,11,-1,0,0,1,1,-1,-1,1,-1
KR_6748624166,420,-1,-37,15,-4,-1,2,1,-3,5,2,-2,2,0,0,1,1,2,0,2,1,-8,236,-3,-6,9,-6,0,0,-1,1,-1,1,2,-1
KR_6747806946,420,-1,-7,2,-5,-3,4,1,-6,7,1,3,2,5,0,2,2,1,0,1,0,-9,-34,-2,-7,9,-7,0,-1,1,-1,-1,-1,2,-1
KR_6738284352,420,2,69,20,1,2,0,2,4,2,6,-1,2,1,-5,8,3,1,0,1,1,2,-5,2,-9,7,5,0,0,1,1,1,1,1,-1
KR_6746450618,420,-1,50,6,-4,3,0,3,1,0,1,-2,2,0,-6,8,2,0,3,3,0,-10,19,-3,-5,8,0,0,0,-1,1,1,-1,1,-1
KR_6743836148,420,-2,-39,-1,-5,-3,5,2,4,4,8,1,4,5,-3,8,5,-4,4,0,2,-5,-12,-3,-7,10,-4,0,-1,1,-1,-1,1,2,-1
KR_6736751260,420,-1,-15,18,-6,-1,1,0,-4,6,2,-1,2,1,1,3,4,-1,1,0,0,-7,-5,6,-13,7,-8,0,-2,1,-1,-1,-1,3,-1
KR_6741460147,420,-2,19,-8,-6,-3,3,0,0,2,2,-1,2,1,-1,1,0,-1,1,0,0,-9,-5,-4,-3,7,0,0,-1,-1,-1,-1,1,1,-1
KR_6745215250,420,-3,-18,25,-11,-5,5,0,-6,6,0,-1,1,0,0,7,7,1,1,2,0,-20,3,0,-9,9,2,0,-1,-1,-1,-1,-1,4,-1
KR_6730442150,420,-11,-140,-17,-15,-3,3,0,-4,6,2,-3,3,0,-1,1,0,-4,4,0,0,-19,-49,-5,-3,8,-2,0,-4,1,-1,-1,-1,2,-1
KR_6726229054,420,2,40,25,-2,6,0,6,-6,7,1,0,3,3,-1,3,2,-1,3,2,0,-15,-3,1,-9,8,-3,0,2,-1,1,1,1,4,-1
KR_6735121716,420,0,-25,-14,4,4,1,5,-2,4,2,-1,4,3,3,3,6,0,0,0,1,16,11,2,-11,9,-3,0,1,1,1,1,1,2,-1
KR_6748678884,420,0,-18,10,-3,1,2,3,-2,2,0,-2,3,1,1,2,3,-1,1,0,-1,-2,-42,-5,-8,13,-8,0,-1,-1,-1,-1,-1,4,-1
KR_6751143237,420,-6,-50,-31,-24,-5,6,1,-12,14,2,-4,6,2,-4,7,3,1,1,2,-1,-25,8,-1,-4,5,-10,0,-1,-1,1,-1,-1,6,-1
KR_6742278321,440,-5,-57,-35,-10,-4,4,0,2,0,2,-3,7,4,-1,5,4,-4,5,1,0,-4,-4,1,-5,4,2,0,-1,1,-1,-1,-1,1,-1
KR_6748236019,420,-2,-39,2,-9,-1,2,1,0,1,1,-1,4,3,-5,5,0,-2,2,0,-2,-15,-42,-3,-7,10,-3,0,1,-1,1,-1,-1,3,-1
KR_6748968046,420,0,-38,22,5,3,1,4,0,4,4,4,0,4,-3,4,1,1,1,2,0,11,-15,0,-9,9,-9,0,1,1,1,1,1,2,-1
KR_6726706905,420,-1,-10,0,-4,1,0,1,-2,5,3,1,0,1,-6,7,1,2,0,2,-1,-6,-60,-2,-6,8,3,0,-1,-1,-1,-1,-1,3,-1
KR_6738592719,420,-1,-24,9,0,-4,4,0,2,1,3,3,1,4,0,4,4,-1,1,0,1,8,-28,4,-12,8,-2,0,0,1,1,0,1,5,-1
KR_6748031930,420,-3,-61,-6,-10,1,1,2,-4,5,1,-4,5,1,-5,5,0,2,0,2,0,-17,-14,-1,-6,7,0,0,-2,-1,-1,-1,-1,1,-1
KR_6743670557,420,-4,-36,-12,-15,2,2,4,-8,9,1,-8,9,1,-1,6,5,0,1,1,0,-17,-14,2,-8,6,-2,0,-1,-1,-1,-1,-1,5,-1
KR_6751354765,420,-1,-9,-33,-5,3,0,3,3,3,6,-6,6,0,-6,7,1,1,0,1,0,-3,10,-2,-12,14,-2,0,0,-1,1,1,-1,6,-1
KR_6729472815,420,-3,13,-21,0,-1,2,1,-2,3,1,0,1,1,3,0,3,0,1,1,0,-2,-33,0,-6,6,1,0,0,1,-1,0,-1,5,-1
KR_6746358770,420,-8,-83,6,-16,-5,5,0,-5,6,1,-3,4,1,-1,1,0,-2,2,0,0,-15,2,-1,-7,8,-7,0,-2,1,-1,-1,-1,2,-1
KR_6745095207,420,-1,21,-16,-2,2,2,4,-3,4,1,0,2,2,1,1,2,-2,2,0,0,-4,-2,1,-12,11,-2,0,1,-1,-1,1,1,6,-1
KR_6737593564,420,0,-2,-20,-4,1,1,2,-7,9,2,1,2,3,-2,3,1,3,0,3,0,-12,32,-4,-4,8,-3,0,1,1,-1,1,1,6,-1
KR_6738024526,420,3,37,44,0,-1,3,2,0,1,1,5,0,5,-2,2,0,-2,2,0,0,-8,-7,-1,-6,7,-2,0,-1,-1,1,1,1,5,-1
KR_6751544258,420,-3,-37,-17,-7,1,0,1,-3,6,3,-7,7,0,1,0,1,1,0,1,0,-5,-37,-3,-9,12,30,0,-2,-1,-1,-1,1,1,-1
KR_6731507164,420,-3,5,5,-8,-1,4,3,5,2,7,-3,5,2,-3,3,0,-6,7,1,0,-6,-27,-6,-7,13,-1,0,0,-1,1,-1,-1,1,-1
KR_6747348098,420,-1,2,17,-2,0,4,4,2,2,4,0,1,1,-4,4,0,0,0,0,1,-2,-3,1,-11,10,-3,0,2,-1,1,1,1,5,-1
KR_6741638030,420,-4,-71,-36,-19,0,2,2,-3,4,1,-10,11,1,-5,9,4,-1,2,1,0,-30,-17,-6,-3,9,1,0,-4,-1,-1,-1,1,5,-1
KR_6721380362,420,-1,-22,-1,-3,0,2,2,1,2,3,0,4,4,-2,7,5,-2,2,0,0,0,-14,-2,-5,7,4,0,-2,-1,1,-1,1,4,-1
KR_6748933419,420,0,-18,-31,-5,4,2,6,-8,9,1,1,1,2,-2,3,1,0,0,0,0,-10,-30,-10,-2,12,9,0,-2,-1,-1,-1,1,2,-1
KR_6740862459,420,1,5,-2,3,-1,2,1,1,1,2,0,0,0,0,1,1,3,0,3,0,5,-29,3,-10,7,-1,0,0,-1,-1,0,-1,4,-1
KR_6727289218,420,4,44,25,4,0,1,1,-1,6,5,6,1,7,-2,4,2,1,1,2,0,10,0,-5,-9,14,2,0,0,-1,-1,-1,1,5,-1
KR_6750093289,420,0,5,15,-3,-4,4,0,-2,2,0,2,1,3,-2,4,2,3,0,3,0,-6,2,-1,-7,8,2,0,2,1,1,1,-1,1,-1
KR_6736260930,420,-2,-2,-20,-9,0,1,1,-9,10,1,-1,2,1,1,2,3,0,1,1,0,-18,-8,-4,-9,13,3,0,-2,1,-1,-1,-1,6,-1
KR_6746494295,420,-8,-50,-28,-23,0,1,1,-7,8,1,-7,9,2,-3,6,3,-6,6,0,0,-25,-4,-3,-5,8,-9,0,-2,-1,1,-1,1,6,-1
KR_6743010729,420,-5,-55,-40,-7,1,2,3,-5,7,2,-2,3,1,-1,1,0,0,1,1,0,-10,-13,-3,-8,11,6,0,-3,-1,-1,-1,-1,5,-1
KR_6748542462,420,-1,59,12,-8,-2,5,3,-6,6,0,0,2,2,-2,2,0,2,1,3,-1,-14,-31,4,-8,4,-4,0,0,-1,1,0,-1,4,-1
KR_6748324612,420,4,56,23,9,-2,2,0,1,5,6,1,3,4,7,2,9,2,0,2,0,5,10,-2,-11,13,4,0,0,-1,1,1,1,6,-1
KR_6748870054,420,-1,-38,8,-5,-3,3,0,3,1,4,-2,4,2,-1,5,4,-2,3,1,0,-6,23,-2,-8,10,-13,0,-1,1,1,-1,-1,6,-1
KR_6745826788,420,-3,-9,-28,-8,0,1,1,-3,4,1,-6,6,0,1,0,1,0,0,0,0,-6,7,-2,-6,8,1,0,-1,-1,-1,-1,-1,5,-1
KR_6748044327,420,-2,-44,20,-4,0,2,2,-3,4,1,-1,2,1,1,2,3,-1,1,0,0,-4,2,-3,-6,9,-6,0,1,1,1,1,-1,4,-1
KR_6739968615,420,-9,-144,-44,-19,-8,9,1,-5,6,1,-3,3,0,-4,9,5,1,0,1,0,-21,-10,-4,-5,9,-4,0,-3,1,-1,-1,-1,2,-1
KR_6748557204,420,1,18,10,1,-3,4,1,0,4,4,4,0,4,0,3,3,0,0,0,1,-4,19,2,-10,8,4,0,0,1,-1,-1,1,6,-1
KR_6734702308,420,-3,-53,14,-13,0,1,1,-8,10,2,2,2,4,-7,7,0,0,0,0,0,-14,-12,-1,-5,6,9,0,-2,1,1,-1,1,2,-1
KR_6746189325,420,-2,68,-24,1,-3,4,1,1,3,4,1,3,4,2,4,6,0,0,0,0,-6,10,-1,-5,6,1,0,0,0,-1,1,1,0,-1
KR_6746359430,420,-2,-40,-4,-4,1,1,2,-2,3,1,-3,5,2,0,2,2,0,3,3,0,-2,-6,-3,-10,13,0,0,-1,-1,1,-1,-1,6,-1
KR_6736974675,420,0,9,25,4,2,1,3,4,1,5,1,1,2,-3,5,2,0,2,2,0,2,-7,-2,-10,12,5,0,-1,-1,1,-1,1,1,-1
KR_6742257168,420,-3,-74,-1,-5,-5,6,1,4,1,5,0,1,1,-4,6,2,0,0,0,0,-6,3,3,-6,3,-5,0,-3,-1,-1,-1,-1,5,-1
KR_6749330821,420,-7,-133,-24,-15,-3,5,2,-5,5,0,-2,5,3,-7,9,2,2,1,3,-1,-15,-16,-5,-5,10,3,0,-4,-1,-1,-1,-1,3,-1
KR_6751594205,420,-3,-22,6,-5,-5,5,0,0,5,5,4,0,4,-1,4,3,-3,5,2,0,1,-33,-3,-9,12,0,0,2,-1,1,1,-1,6,-1
KR_6745136292,420,-3,-7,-40,-5,0,1,1,2,6,8,-3,5,2,-2,6,4,-2,3,1,0,-6,-7,1,-8,7,-6,0,-2,1,-1,-1,1,1,-1
KR_6750677184,420,-2,24,-11,-9,0,3,3,-1,3,2,-6,6,0,-2,4,2,0,0,0,0,-17,8,1,-10,9,-6,0,-1,1,1,-1,1,3,-1
KR_6744559948,420,-4,-16,-40,-7,2,2,4,-3,7,4,-4,6,2,-2,4,2,0,0,0,1,-13,-7,1,-11,10,-2,0,-1,-1,1,-1,1,4,-1
KR_6744513499,420,-6,-11,-43,-15,-3,4,1,0,1,1,-9,13,4,-3,5,2,0,0,0,0,-20,12,-7,-3,10,0,0,-2,-1,1,-1,-1,1,-1
KR_6748830650,420,-3,-50,-18,-11,1,1,2,-1,3,2,1,1,2,-12,14,2,0,0,0,0,-14,8,-1,-6,7,0,0,0,-1,-1,-1,-1,3,-1
KR_6748823424,440,0,-29,-20,8,2,0,2,7,0,7,-1,2,1,2,0,2,-2,2,0,0,19,-33,1,-8,7,-3,0,0,1,-1,-1,1,3,-1
KR_6746798446,420,0,-13,-6,2,0,1,1,0,3,3,1,1,2,3,1,4,-2,3,1,0,8,-4,2,-6,4,-4,0,-1,-1,1,-1,-1,2,-1
KR_6751865910,420,-3,-17,-24,-6,1,0,1,2,2,4,-8,10,2,1,3,4,-2,5,3,0,4,67,3,-10,7,3,0,-1,-1,1,-1,1,1,-1
KR_6734595188,420,-1,-23,-4,1,1,1,2,-3,5,2,4,1,5,0,4,4,-1,3,2,0,7,-1,-3,-6,9,0,0,0,1,-1,-1,1,3,-1
KR_6745367633,420,0,-14,24,0,-4,4,0,3,4,7,-1,2,1,2,1,3,0,0,0,0,7,36,1,-7,6,-23,0,1,1,1,1,-1,3,-1
KR_6739673355,420,-4,-20,26,-12,1,0,1,-1,7,6,-3,3,0,-6,6,0,-3,3,0,1,-26,-17,1,-9,8,-1,0,-1,1,1,-1,1,4,-1
KR_6745467300,420,-2,-5,-12,0,0,1,1,-2,5,3,0,1,1,3,0,3,-1,2,1,-1,8,31,-1,-6,7,4,0,-1,-1,1,-1,-1,6,-1
KR_6745596076,420,1,21,20,5,-5,5,0,2,2,4,4,4,8,6,0,6,-2,3,1,0,9,-16,3,-4,1,1,0,1,-1,0,1,1,4,-1
KR_6745313214,420,-2,-3,-23,-6,1,0,1,-4,4,0,-2,3,1,-2,3,1,1,0,1,0,-15,4,5,-12,7,-7,0,1,-1,1,1,-1,5,-1
KR_6749453619,420,-4,-1,-36,-1,-3,4,1,0,1,1,0,1,1,1,0,1,1,0,1,0,2,1,2,-10,8,10,0,-1,-1,1,-1,-1,3,-1
KR_6721909898,440,-1,-6,-3,-5,-3,6,3,1,2,3,-1,1,0,1,1,2,-3,4,1,0,-10,10,3,-10,7,-2,0,-1,1,1,-1,-1,4,-1
KR_6751298185,420,-2,45,-2,-5,0,1,1,-2,2,0,-3,4,1,0,4,4,0,1,1,0,-5,-14,0,-6,6,-5,0,0,1,-1,0,-1,2,-1
KR_6750337419,420,-5,-105,1,-19,-1,3,2,-11,14,3,-5,5,0,-2,2,0,0,1,1,-1,-27,35,-2,-8,10,1,0,-2,-1,-1,-1,-1,5,-1
KR_6747622832,420,-6,-66,-22,-12,-2,2,0,1,1,2,-7,7,0,-4,5,1,0,0,0,0,-19,-16,-4,-3,7,0,0,-1,-1,0,-1,1,1,-1
KR_6747392909,420,0,31,-20,-3,-3,3,0,0,2,2,-1,3,2,1,1,2,0,0,0,0,-3,-35,1,-10,9,0,0,1,1,-1,1,1,6,-1
KR_6721971290,420,-7,-87,5,-13,-3,3,0,0,1,1,-6,7,1,-3,5,2,-1,2,1,0,-13,-2,2,-12,10,-10,0,-2,1,-1,-1,1,4,-1
KR_6749349730,420,-4,8,-24,-12,2,1,3,1,2,3,-3,4,1,-6,7,1,-6,6,0,0,-22,-4,0,-8,8,-1,0,0,-1,-1,-1,-1,1,-1
KR_6735894074,420,-2,-54,-5,-1,1,0,1,-4,5,1,0,1,1,1,1,2,1,0,1,0,2,-12,3,-11,8,2,0,-1,-1,1,-1,-1,3,-1
KR_6747245781,420,0,-23,12,-5,0,1,1,-4,6,2,1,4,5,-1,4,3,-1,2,1,0,-11,-3,-7,-4,11,1,0,-1,0,-1,-1,-1,0,-1
KR_6744929724,420,2,-15,12,-2,0,0,0,1,2,3,-2,2,0,-1,2,1,0,0,0,0,-3,-14,0,-13,13,9,0,0,-1,1,0,-1,4,-1
KR_6721383144,420,-2,-52,-15,-4,-3,4,1,0,2,2,-3,4,1,0,5,5,2,2,4,0,-13,22,-1,-7,8,-5,0,-3,1,-1,-1,1,1,-1
KR_6748030130,420,0,3,11,1,0,4,4,1,2,3,1,0,1,-1,2,1,0,2,2,0,5,4,0,-8,8,1,0,0,1,1,0,1,2,-1
KR_6741908289,420,2,30,23,4,2,0,2,1,3,4,4,1,5,-3,5,2,0,2,2,2,-7,9,0,-6,6,1,0,2,1,-1,1,1,3,-1
KR_6750190133,420,-1,-27,-32,2,4,0,4,2,2,4,-1,2,1,1,2,3,-4,5,1,-1,0,-3,-3,-6,9,0,0,0,-1,-1,0,1,3,-1
KR_6744568489,420,0,-31,-15,5,7,0,7,-2,3,1,3,3,6,-1,3,2,-2,2,0,0,5,-13,3,-10,7,-1,0,-1,1,-1,-1,1,6,-1
KR_6744703949,420,-2,12,-9,-10,2,1,3,-5,5,0,-3,4,1,-2,3,1,-2,3,1,0,-10,-8,-1,-10,11,4,0,-1,1,-1,-1,-1,4,-1
KR_6734419268,420,0,-4,4,1,-2,3,1,1,0,1,0,4,4,1,4,5,1,0,1,0,-1,0,0,-9,9,-1,0,-1,1,-1,-1,1,4,-1
KR_6739458405,420,0,-42,4,-6,-4,5,1,-2,5,3,0,5,5,0,2,2,0,1,1,-1,-12,50,-3,-10,13,-1,0,0,1,1,-1,-1,5,-1
KR_6748055964,420,0,-19,8,-9,0,1,1,1,2,3,-1,6,5,-8,12,4,-1,1,0,0,-16,10,0,-12,12,2,0,0,1,-1,-1,1,3,-1
KR_6742270959,420,-1,7,-13,-1,0,3,3,2,2,4,1,2,3,-1,2,1,-3,3,0,0,1,2,6,-12,6,2,0,0,-1,1,0,-1,3,-1
KR_6751589762,420,-1,-4,1,-11,2,1,3,-7,8,1,-1,2,1,-3,6,3,-2,3,1,0,-13,0,1,-7,6,-9,0,0,-1,-1,-1,-1,4,-1
KR_6747994108,420,-1,-37,-5,-14,-5,9,4,-3,5,2,-4,6,2,-2,3,1,0,1,1,0,-19,-12,-3,-5,8,0,0,-3,-1,-1,-1,-1,2,-1
KR_6746765756,420,1,30,0,-5,-1,1,0,-1,2,1,-1,5,4,-1,1,0,-1,1,0,0,-6,-20,-1,-5,6,-2,0,0,-1,-1,0,-1,6,-1
KR_6747962169,420,-3,-66,-15,-6,-1,3,2,-2,4,2,-5,6,1,2,1,3,0,1,1,0,-5,2,-2,-7,9,-7,0,-2,-1,-1,-1,-1,3,-1
KR_6750615851,420,-3,-65,-6,-1,-2,2,0,2,2,4,-1,3,2,1,2,3,-1,2,1,0,2,2,-2,-8,10,-1,0,1,0,1,1,1,0,-1
KR_6741608689,440,-1,-60,0,-2,-1,4,3,0,1,1,1,0,1,-1,2,1,-1,1,0,0,2,-37,3,-8,5,-5,0,0,-1,1,0,1,6,-1
KR_6728963075,420,0,23,1,-1,1,1,2,0,4,4,0,4,4,-2,3,1,0,1,1,0,-3,2,7,-11,4,4,0,-1,-1,1,-1,-1,2,-1
KR_6751669552,420,-1,-46,9,-2,-3,3,0,3,2,5,-2,3,1,-2,3,1,2,0,2,0,-5,-19,-2,-8,10,7,0,0,-1,-1,-1,-1,5,-1
KR_6746388552,420,-4,-84,-9,-8,-7,7,0,-1,5,4,0,2,2,4,1,5,-4,5,1,0,-4,3,5,-12,7,-12,0,-2,-1,-1,-1,1,4,-1
KR_6750141546,420,2,11,-5,5,2,1,3,0,5,5,3,4,7,2,0,2,-2,3,1,0,3,-36,2,-15,13,-2,0,1,-1,1,1,1,6,-1
KR_6750022068,420,3,56,14,6,1,1,2,-4,7,3,-1,2,1,1,2,3,9,0,9,-1,1,3,-4,-4,8,2,0,1,-1,1,1,-1,5,-1
KR_6748956061,420,-5,-35,-12,-10,1,1,2,-7,8,1,-1,4,3,-1,1,0,-2,2,0,0,-17,2,5,-10,5,-1,0,0,0,-1,0,1,0,-1
KR_6748453141,420,-1,0,-20,-3,1,1,2,-3,6,3,-2,6,4,1,4,5,0,0,0,0,2,1,1,-6,5,-3,0,-1,-1,-1,-1,-1,3,-1
KR_6744721062,420,-7,-12,-35,-23,-7,7,0,-6,6,0,-6,6,0,-1,4,3,-3,4,1,-2,-33,1,4,-11,7,-7,0,-2,1,-1,-1,-1,2,-1
KR_6748068325,420,-5,-55,-29,-17,-8,8,0,-1,4,3,-3,6,3,-2,3,1,-3,5,2,0,-11,-6,-1,-2,3,2,0,-3,-1,-1,-1,1,2,-1
KR_6745375285,420,-2,-25,-12,-4,-3,4,1,0,3,3,0,1,1,-1,2,1,0,1,1,0,-2,4,2,-11,9,-4,0,1,-1,-1,1,-1,2,-1
KR_6747672102,420,-1,-69,9,0,-6,6,0,2,2,4,1,1,2,0,5,5,3,5,8,-1,14,8,-4,-4,8,-1,0,-2,1,-1,-1,-1,4,-1
KR_6744707994,420,0,-24,1,-2,-2,2,0,1,5,6,-1,1,0,1,1,2,-1,1,0,0,4,61,-3,-5,8,-15,0,-1,-1,1,-1,-1,1,-1
KR_6747066437,420,-2,-35,-15,-2,-1,2,1,-3,6,3,7,0,7,-5,5,0,0,2,2,0,-9,-7,-2,-7,9,-4,0,-1,-1,-1,-1,-1,5,-1
KR_6749374314,420,-4,-68,3,-12,-3,5,2,-2,6,4,1,0,1,-3,6,3,-5,6,1,-3,-10,-34,-1,-6,7,1,0,-1,-1,-1,-1,-1,3,-1
KR_6749098197,420,-5,-113,24,-17,2,0,2,-2,2,0,-1,3,2,-14,16,2,-2,3,1,0,-25,-9,-5,-3,8,-1,0,-2,-1,-1,-1,1,1,-1
KR_6745924654,420,-2,-48,-5,-5,-4,4,0,-2,5,3,0,3,3,1,1,2,0,0,0,0,-1,13,-7,-8,15,-2,0,-1,-1,-1,-1,-1,3,-1
KR_6724504175,420,-1,-34,0,-4,3,1,4,-1,2,1,-4,7,3,-1,1,0,-1,1,0,0,-7,9,-1,-5,6,1,0,-1,-1,-1,-1,-1,1,-1
KR_6745318633,420,-3,-9,-40,-6,1,0,1,-1,4,3,0,3,3,-6,6,0,0,1,1,0,-9,-1,3,-10,7,-5,0,0,-1,1,0,-1,3,-1
KR_6749032942,420,1,-22,-11,1,-1,3,2,-1,3,2,2,0,2,1,3,4,0,1,1,0,5,30,-1,-6,7,2,0,0,1,1,0,-1,6,-1
KR_6747276277,420,0,15,31,2,0,2,2,0,2,2,2,1,3,-1,2,1,1,0,1,0,4,-9,-3,-4,7,5,0,1,-1,1,1,1,1,-1
KR_6747011264,420,-4,-25,-35,-6,-2,2,0,0,4,4,-4,4,0,2,1,3,-2,4,2,0,-8,-16,-4,-6,10,0,0,-3,-1,-1,-1,-1,5,-1
KR_6710050560,420,-4,-92,-8,-9,-4,7,3,-6,7,1,0,1,1,1,2,3,0,2,2,0,-10,1,0,-9,9,-7,0,-2,1,-1,-1,-1,1,-1
KR_6731802598,420,-2,-43,20,-4,2,1,3,-2,3,1,-2,3,1,-2,4,2,0,1,1,-1,-3,9,4,-12,8,-8,0,0,1,-1,-1,-1,5,-1
KR_6715835571,420,3,28,-1,8,0,0,0,1,0,1,2,2,4,2,0,2,3,0,3,0,13,8,4,-13,9,10,0,0,1,-1,-1,1,3,-1
KR_6748028779,440,-1,-3,3,-1,-1,2,1,1,1,2,3,1,4,0,0,0,-4,5,1,0,-3,5,5,-8,3,-6,0,-1,-1,-1,-1,-1,4,-1
KR_6724110098,420,-1,-76,-9,-1,2,0,2,-1,5,4,-2,6,4,0,1,1,0,1,1,0,4,7,-1,-10,11,-9,0,-1,-1,1,-1,-1,3,-1
KR_6745316871,420,-2,-27,16,-9,6,0,6,-3,7,4,-3,4,1,-7,8,1,-2,2,0,0,-14,-4,-1,-9,10,-1,0,0,-1,1,-1,-1,1,-1
KR_6749417952,420,-1,-51,3,3,1,2,3,2,3,5,5,1,6,-6,6,0,1,0,1,0,5,2,4,-10,6,-7,0,-1,1,-1,-1,-1,5,-1
KR_6751579939,420,1,-25,10,4,-4,5,1,3,1,4,-5,6,1,5,4,9,5,0,5,1,7,14,3,-9,6,1,0,-2,-1,-1,-1,1,3,-1
KR_6751143488,420,-3,-34,0,-4,-4,5,1,-1,3,2,0,3,3,3,4,7,-2,2,0,0,6,19,0,-7,7,4,0,0,-1,-1,-1,-1,1,-1
KR_6745440546,420,3,-67,-3,8,1,1,2,2,2,4,4,0,4,0,2,2,1,2,3,0,20,45,3,-13,10,-4,0,0,1,1,-1,1,5,-1
KR_6742847963,420,-2,-74,0,-6,-2,2,0,0,1,1,-6,6,0,2,2,4,0,1,1,-1,-5,-46,0,-7,7,0,0,0,1,-1,1,-1,2,-1
KR_6743191580,420,-1,15,-15,-10,-8,9,1,-1,3,2,2,0,2,-4,6,2,1,1,2,-2,-7,3,0,-8,8,5,0,-1,-1,-1,-1,-1,6,-1
KR_6742928616,420,-4,-25,32,-14,-1,2,1,-7,8,1,-2,4,2,-2,2,0,-2,2,0,0,-21,-9,-5,-9,14,4,0,-3,1,-1,-1,-1,1,-1
KR_6745482356,420,-2,8,-11,-2,-1,1,0,-1,2,1,5,1,6,-6,8,2,1,0,1,0,-7,-12,-2,-9,11,-1,0,0,-1,-1,-1,-1,2,-1
KR_6742449507,420,-3,-98,40,-11,0,3,3,-5,6,1,1,0,1,-6,6,0,-1,1,0,0,-12,-6,-4,-6,10,-1,0,-4,1,-1,-1,-1,3,-1
KR_6750205338,420,-2,-57,1,-12,2,1,3,-5,5,0,-5,6,1,1,0,1,-5,7,2,0,-17,-3,-5,-6,11,-1,0,-1,1,1,-1,-1,1,-1
KR_6746331195,440,1,25,24,2,3,1,4,4,0,4,1,3,4,-2,3,1,-4,4,0,0,8,-21,-1,-4,5,1,0,1,-1,1,1,1,1,-1
KR_6725005396,420,-1,-45,-6,-2,1,1,2,0,3,3,-1,2,1,1,5,6,-3,4,1,-1,-6,1,-3,-8,11,0,0,0,1,1,0,-1,3,-1
KR_6747606227,420,-3,-25,-27,-2,-1,4,3,1,2,3,-2,3,1,1,2,3,-1,1,0,0,3,6,0,-5,5,6,0,-1,1,-1,-1,1,3,-1
KR_6747244876,420,-4,-96,-15,-6,-4,5,1,-3,4,1,0,3,3,0,1,1,1,1,2,0,-7,-19,-2,-5,7,0,0,0,-1,1,-1,-1,2,-1
KR_6747666766,420,2,11,-32,-2,-1,1,0,-1,4,3,-2,2,0,2,2,4,0,0,0,0,-1,-12,-1,-7,8,1,0,1,-1,-1,1,-1,2,-1
KR_6720341424,420,1,19,-16,6,0,2,2,1,2,3,-1,2,1,4,0,4,2,1,3,0,4,-7,4,-13,9,4,0,0,-1,-1,1,1,2,-1
KR_6732961052,420,2,35,7,13,0,2,2,7,2,9,2,1,3,3,2,5,1,1,2,0,18,27,-2,-10,12,3,0,1,1,-1,1,1,2,-1
KR_6749880875,420,-3,-77,-16,-9,0,1,1,0,2,2,-6,8,2,-3,9,6,0,0,0,0,-17,-6,-5,-5,10,-1,0,-2,-1,-1,-1,-1,6,-1
KR_6743387188,420,-5,-88,-19,-12,0,1,1,-5,9,4,-4,4,0,-2,2,0,-1,1,0,0,-9,24,-5,-8,13,3,0,-2,1,-1,-1,-1,1,-1
KR_6745087573,420,-3,-45,-1,-3,0,2,2,-3,4,1,4,0,4,-3,6,3,-1,1,0,0,2,1,1,-10,9,-4,0,-1,-1,-1,-1,-1,1,-1
KR_6748843459,420,-3,19,-53,0,1,2,3,-3,6,3,1,4,5,1,3,4,0,0,0,0,7,-34,1,-7,6,-1,0,0,1,-1,1,-1,6,-1
KR_6745480287,420,0,1,10,1,1,1,2,3,1,4,0,4,4,-2,5,3,-1,1,0,0,-2,25,7,-14,7,-9,0,0,-1,1,0,1,2,-1
KR_6746626943,420,-1,32,-31,3,-1,3,2,-1,3,2,-2,3,1,4,3,7,3,0,3,0,4,-11,-6,-4,10,-2,0,-1,-1,-1,-1,-1,3,-1
KR_6725798242,420,3,17,5,-3,-1,2,1,1,6,7,1,2,3,-3,5,2,-1,1,0,0,6,2,4,-12,8,-7,0,-2,-1,-1,-1,-1,5,-1
KR_6726906844,420,-2,10,3,-5,0,1,1,-5,6,1,1,2,3,0,4,4,-1,1,0,-1,-8,-2,-2,-6,8,-4,0,-1,-1,-1,-1,-1,2,-1
KR_6742514495,420,0,61,14,1,0,1,1,4,1,5,-2,4,2,-3,3,0,2,1,3,0,1,-9,5,-10,5,4,0,0,1,1,0,1,6,-1
KR_6751485494,420,-1,0,3,3,3,1,4,1,1,2,-1,2,1,-1,3,2,1,1,2,0,13,-54,-6,-7,13,24,0,-2,1,-1,-1,1,4,-1
KR_6742041694,440,0,-23,24,-6,-2,2,0,-5,5,0,1,0,1,1,6,7,-1,2,1,0,-13,-30,-7,-3,10,-1,0,0,1,1,-1,-1,2,-1
KR_6743957168,420,-7,-11,-15,-17,-1,3,2,-7,8,1,-6,6,0,-2,2,0,-1,2,1,0,-19,-5,-2,-3,5,2,0,-4,-1,-1,-1,1,4,-1
KR_6746300923,420,-2,-47,-36,0,2,3,5,-1,2,1,-2,4,2,-1,6,5,2,1,3,0,-5,5,4,-10,6,-1,0,-1,1,-1,-1,1,4,-1
KR_6746959926,420,0,-11,0,-3,-2,3,1,-1,3,2,-1,1,0,0,0,0,1,1,2,-1,1,40,-1,-10,11,0,0,1,-1,1,1,-1,5,-1
KR_6744232758,420,5,75,19,11,0,2,2,7,0,7,2,0,2,4,2,6,-2,2,0,0,13,32,6,-10,4,-2,0,0,1,-1,1,-1,1,-1
KR_6730782896,420,-3,-13,16,-9,-1,3,2,-8,8,0,-1,3,2,2,2,4,-1,1,0,0,-19,-8,4,-11,7,7,0,0,1,-1,1,-1,3,-1
KR_6749151326,420,0,2,-2,-3,1,2,3,-1,3,2,-2,2,0,-3,3,0,2,0,2,0,-8,-1,0,-9,9,3,0,-2,-1,1,-1,1,3,-1
KR_6744998798,420,-4,-31,-56,-5,-2,4,2,-1,3,2,2,1,3,-5,5,0,1,1,2,1,-5,-2,-6,-6,12,-4,0,-1,-1,1,-1,1,1,-1
KR_6742714607,420,-2,-15,-18,-8,-5,5,0,2,2,4,-2,2,0,-3,3,0,0,1,1,0,-10,18,-3,-5,8,5,0,0,-1,-1,1,-1,5,-1
KR_6748932164,420,-3,-38,-9,-8,1,0,1,1,2,3,1,0,1,-11,11,0,0,0,0,-2,-8,-9,-1,-8,9,-3,0,-2,1,-1,-1,-1,3,-1
KR_6735376862,420,-4,-48,3,-15,-3,4,1,0,4,4,-6,6,0,-6,7,1,0,0,0,0,-15,-10,-7,-3,10,-3,0,-2,-1,-1,-1,1,4,-1
KR_6737774036,420,-2,-65,-28,-11,-4,6,2,-5,7,2,3,1,4,-4,4,0,-1,4,3,0,-8,5,3,-9,6,-1,0,-1,-1,-1,-1,-1,2,-1
KR_6749276987,420,1,-42,-16,1,0,2,2,3,0,3,-2,2,0,0,0,0,0,2,2,0,2,0,-2,-10,12,3,0,1,-1,1,1,-1,1,-1
KR_6740162423,420,-2,-46,-23,-4,-1,2,1,1,3,4,0,0,0,-4,6,2,0,0,0,0,-9,1,0,-8,8,3,0,0,-1,1,0,1,5,-1
KR_6746738047,420,1,15,-12,5,-2,3,1,6,2,8,-1,3,2,-1,1,0,3,0,3,0,8,-19,-2,-8,10,-2,0,0,1,1,0,-1,3,-1
KR_6746217350,420,2,52,4,-3,10,0,10,-3,4,1,0,1,1,-8,8,0,-2,2,0,0,-15,5,-3,-7,10,-1,0,0,-1,-1,0,1,5,-1
KR_6748252965,420,-2,-25,-9,-4,0,1,1,0,4,4,-5,6,1,1,2,3,0,0,0,0,-5,3,2,-10,8,-4,0,0,-1,1,0,-1,5,-1
KR_6746961173,420,1,-19,-4,-1,1,1,2,0,2,2,-2,3,1,1,3,4,-1,2,1,0,-1,-53,-2,-7,9,0,0,0,1,1,0,-1,6,-1
KR_6734659254,420,1,9,0,2,1,2,3,1,1,2,-1,1,0,1,2,3,0,0,0,0,2,-2,0,-7,7,3,0,1,-1,1,1,-1,6,-1
KR_6739394833,420,-4,-46,-27,-10,-3,4,1,-3,9,6,0,2,2,-1,3,2,-3,4,1,1,-7,15,-5,-6,11,-4,0,-2,-1,-1,-1,1,6,-1
KR_6745770664,420,0,-21,9,1,-1,1,0,-2,2,0,2,1,3,2,1,3,0,1,1,1,3,24,6,-11,5,2,0,-2,-1,1,-1,1,2,-1
KR_6738125322,420,-3,-83,-37,-10,-1,2,1,-2,4,2,-4,7,3,-7,7,0,4,1,5,-1,-17,-29,-3,-7,10,0,0,-1,1,-1,-1,1,6,-1
KR_6748956726,420,-2,-15,4,-6,-2,3,1,3,0,3,-3,3,0,-5,5,0,1,0,1,0,-12,3,5,-11,6,-7,0,-2,-1,-1,-1,1,2,-1
KR_6739752889,420,-6,-88,12,-11,0,0,0,-3,5,2,-1,3,2,-8,8,0,1,0,1,0,-17,3,-1,-11,12,-5,0,-1,-1,-1,-1,-1,1,-1
KR_6744848462,420,-1,-14,-6,-3,-1,1,0,-3,5,2,1,1,2,2,1,3,-2,2,0,1,-6,32,-2,-5,7,0,0,0,-1,-1,0,1,4,-1
KR_6746247216,420,-6,-65,-17,-15,-1,2,1,-11,12,1,-5,5,0,2,1,3,0,1,1,0,-21,-36,0,-6,6,-3,0,-1,-1,1,-1,1,1,-1
KR_6747397716,420,-3,32,-7,-8,1,0,1,-5,5,0,-4,7,3,1,0,1,-1,1,0,-1,-25,-37,1,-8,7,0,0,1,-1,1,1,-1,3,-1
KR_6730554334,420,1,-26,-12,2,1,0,1,2,0,2,1,1,2,-3,3,0,1,0,1,0,0,22,-6,-6,12,-5,0,0,1,-1,0,1,1,-1
KR_6751863477,420,0,41,8,-4,0,3,3,3,1,4,-2,4,2,-4,6,2,-1,3,2,1,-8,-1,3,-8,5,1,0,0,1,1,1,1,1,-1
KR_6752179999,420,1,17,-21,4,1,1,2,-1,5,4,2,1,3,2,2,4,0,3,3,0,6,37,6,-12,6,-4,0,1,-1,-1,1,1,2,-1
KR_6749112492,420,-4,-28,-20,-12,-1,1,0,-2,3,1,-1,3,2,-6,7,1,-2,2,0,0,-10,1,-2,-8,10,-4,0,-1,1,-1,-1,-1,6,-1
KR_6751406932,420,-3,-65,0,-9,-2,3,1,0,4,4,-6,6,0,-1,2,1,0,1,1,0,-16,-13,-3,-6,9,2,0,-1,-1,-1,-1,-1,3,-1
KR_6751496219,420,-2,42,-17,-1,-2,3,1,2,1,3,-3,3,0,2,0,2,0,0,0,0,1,2,5,-9,4,-2,0,0,0,-1,0,1,0,-1
KR_6746688337,420,-3,-51,4,-7,-1,1,0,-2,2,0,-4,5,1,0,0,0,0,0,0,0,-14,4,2,-10,8,-3,0,0,-1,1,-1,-1,4,-1
KR_6744247978,420,-6,-42,-15,-17,-5,5,0,-3,5,2,-2,3,1,-2,4,2,-5,5,0,0,-18,-1,4,-8,4,-9,0,-3,0,-1,-1,-1,0,-1
KR_6749998566,420,-1,40,-23,-8,-1,1,0,1,3,4,-1,5,4,-7,11,4,0,0,0,0,-13,4,-3,-8,11,1,0,0,-1,-1,-1,-1,2,-1
KR_6739850476,420,0,77,-5,-4,-2,2,0,-1,3,2,-1,1,0,0,1,1,0,1,1,0,-7,-52,-4,-5,9,22,0,0,-1,-1,0,-1,5,-1
KR_6747039057,420,-2,-20,-2,-5,-5,5,0,0,2,2,-2,3,1,1,1,2,1,1,2,-1,-8,-2,0,-11,11,-1,0,0,-1,1,0,-1,6,-1
KR_6742699162,420,-2,-40,-3,-5,-2,4,2,1,1,2,0,4,4,-5,5,0,1,0,1,0,-4,-4,-4,-4,8,-5,0,-2,-1,-1,-1,-1,3,-1
KR_6747511408,420,0,29,-6,-6,-10,11,1,-1,2,1,5,3,8,0,4,4,0,0,0,0,2,-238,-1,-6,7,-2,0,-1,-1,-1,-1,1,3,-1
KR_6717394359,420,-5,-103,4,-2,-3,4,1,-1,3,2,1,2,3,1,0,1,0,0,0,0,3,36,1,-7,6,2,0,-1,-1,-1,-1,-1,1,-1
KR_6745244315,420,-3,3,-28,-10,-3,3,0,-3,8,5,0,0,0,-4,5,1,0,1,1,0,-11,4,5,-7,2,-9,0,-2,-1,-1,-1,-1,1,-1
KR_6744696470,420,-4,-38,-13,-6,1,1,2,-1,1,0,-1,3,2,-9,9,0,4,1,5,0,-13,34,-7,-6,13,-19,0,0,-1,1,1,-1,2,-1
KR_6742347758,420,-6,-60,0,-14,1,1,2,-8,11,3,-1,2,1,-6,6,0,0,0,0,0,-25,16,-6,-6,12,-8,0,-3,-1,1,-1,1,5,-1
KR_6743933095,420,-5,-63,-11,-9,-9,9,0,-1,3,2,4,2,6,-3,5,2,0,1,1,-1,-4,16,-2,-5,7,-5,0,1,-1,-1,-1,-1,1,-1
KR_6725854218,420,-2,40,-17,-2,-6,6,0,3,0,3,0,0,0,2,0,2,-1,1,0,0,3,-2,5,-12,7,6,0,0,1,1,0,1,3,-1
KR_6741917278,420,-5,-24,-8,-14,-2,2,0,-7,7,0,-4,4,0,-1,5,4,0,1,1,0,-14,2,-3,-8,11,-7,0,-1,-1,-1,-1,-1,5,-1
KR_6747101776,420,0,-14,-4,0,-1,3,2,4,5,9,0,1,1,-4,5,1,1,0,1,0,-1,-12,-5,-9,14,-5,0,-1,1,-1,-1,1,3,-1
KR_6744478344,420,0,-26,0,-3,-3,3,0,-5,6,1,0,1,1,2,3,5,3,1,4,0,-1,-7,2,-7,5,0,0,-1,1,-1,-1,-1,5,-1
KR_6740593595,420,0,21,13,-2,1,1,2,1,1,2,-1,2,1,-2,2,0,-1,1,0,0,-4,-2,3,-10,7,7,0,0,-1,-1,1,1,1,-1
KR_6744853526,420,-4,-89,-6,-2,-2,4,2,0,3,3,-1,3,2,1,0,1,0,1,1,0,3,-7,-5,-7,12,5,0,-1,1,-1,-1,1,4,-1
KR_6745147142,420,2,68,7,-3,2,2,4,0,4,4,-5,6,1,-2,2,0,2,0,2,1,-14,-3,2,-6,4,2,0,-1,1,-1,-1,1,2,-1
KR_6750299644,420,-2,23,-52,-2,0,0,0,-2,3,1,-1,3,2,3,1,4,-2,3,1,0,5,-18,-1,-4,5,0,0,-2,1,-1,-1,1,6,-1
KR_6736506102,420,-4,-62,-13,-10,-1,2,1,-1,3,2,0,2,2,-5,7,2,-3,3,0,0,-6,14,1,-8,7,-9,0,-2,-1,-1,-1,-1,5,-1
KR_6730110350,420,-2,0,4,-2,-1,2,1,2,1,3,-1,4,3,-2,3,1,0,2,2,0,-4,7,3,-11,8,-2,0,0,1,1,0,1,6,-1
KR_6746949596,420,-5,-40,-8,-8,-2,2,0,0,2,2,-4,4,0,0,2,2,-2,2,0,0,-5,-1,-3,-5,8,3,0,-2,-1,-1,-1,-1,3,-1
KR_6738833038,420,-7,-95,10,-17,-3,3,0,-6,7,1,-2,3,1,-5,6,1,-1,1,0,0,-20,-16,-5,-4,9,2,0,-1,-1,1,-1,-1,3,-1
KR_6742486189,420,1,47,-10,2,0,2,2,5,3,8,1,0,1,-4,5,1,0,1,1,-1,4,-46,-2,-6,8,2,0,0,-1,1,0,-1,5,-1
KR_6746986088,420,1,43,-4,5,2,0,2,2,2,4,2,0,2,-2,2,0,1,1,2,0,6,-25,1,-9,8,-5,0,0,-1,1,1,1,6,-1
KR_6748279751,420,0,-24,44,4,3,1,4,3,1,4,-4,5,1,1,4,5,1,1,2,0,6,8,3,-7,4,1,0,0,1,1,1,-1,3,-1
KR_6751490752,420,-6,-63,-20,-20,-4,4,0,-7,8,1,-6,7,1,-2,4,2,-1,2,1,-2,-24,-43,-2,-7,9,-4,0,-2,-1,-1,-1,-1,4,-1
KR_6742314047,420,-2,-11,-2,0,2,1,3,0,3,3,1,0,1,-4,4,0,1,1,2,-1,1,4,-1,-6,7,-5,0,0,-1,1,1,-1,4,-1
KR_6751339671,420,-2,14,-7,-7,1,2,3,-3,4,1,1,4,5,-4,6,2,-2,2,0,0,-16,-21,6,-9,3,-1,0,0,-1,1,1,-1,2,-1
KR_6744265039,420,-3,16,-19,-3,-1,1,0,0,2,2,-1,1,0,0,2,2,-1,3,2,1,-2,-3,0,-7,7,8,0,1,1,1,1,1,1,-1
KR_6744547221,420,-7,-36,-23,-13,-3,5,2,-1,2,1,-4,5,1,-4,4,0,-1,2,1,0,-23,-9,-4,-5,9,3,0,-2,-1,1,-1,-1,5,-1
KR_6747410958,420,-2,-21,-32,-1,0,0,0,0,1,1,-2,2,0,-1,5,4,2,0,2,0,0,-24,3,-10,7,-7,0,0,-1,-1,-1,-1,1,-1
KR_6750455987,420,-1,12,9,-10,-1,1,0,-1,1,0,-4,5,1,-6,7,1,2,0,2,0,-18,-15,-3,-6,9,-3,0,-1,-1,-1,-1,-1,1,-1
KR_6752112404,420,-1,-60,-9,-1,-2,5,3,-4,5,1,7,0,7,-1,2,1,-1,2,1,-2,7,0,1,-9,8,-3,0,-1,-1,-1,-1,-1,4,-1
KR_6749104604,420,-1,-39,12,-4,-3,4,1,1,3,4,1,1,2,-3,3,0,0,1,1,0,4,2,2,-11,9,-6,0,0,1,-1,-1,1,6,-1
KR_6748440976,420,-4,-97,-3,-11,-4,5,1,-6,7,1,-1,1,0,0,4,4,0,1,1,0,-11,24,-2,-7,9,-2,0,-2,-1,-1,-1,-1,5,-1
KR_6744191021,420,-4,-55,-4,-11,0,4,4,-2,2,0,-7,8,1,-3,3,0,1,0,1,0,-13,-14,-6,-1,7,-1,0,-1,1,1,-1,-1,6,-1
KR_6747959042,420,-3,-58,-6,-11,-2,3,1,-7,8,1,1,2,3,0,1,1,-3,3,0,0,-14,-29,4,-10,6,-1,0,-2,-1,-1,-1,-1,5,-1
KR_6717456435,420,-3,-7,-39,3,0,0,0,-1,4,3,2,0,2,3,5,8,-1,1,0,0,3,-223,-3,-4,7,-4,0,1,-1,1,1,-1,1,-1
KR_6747920987,420,-1,8,2,-7,-2,3,1,1,1,2,-2,3,1,-2,3,1,-2,3,1,0,-4,-2,-1,-6,7,-2,0,-2,1,-1,-1,-1,2,-1
KR_6745740483,420,1,-51,6,-4,0,1,1,-3,5,2,-1,4,3,0,2,2,0,0,0,0,-7,5,2,-8,6,-2,0,1,-1,1,1,-1,6,-1
KR_6733602607,420,0,-72,15,2,-5,6,1,6,1,7,-3,4,1,4,1,5,0,0,0,3,7,-44,-1,-6,7,-1,0,-1,1,-1,-1,-1,4,-1
KR_6747840789,420,-2,-10,-20,-7,-1,3,2,3,4,7,-9,9,0,2,1,3,-2,2,0,0,-9,-6,5,-13,8,-2,0,0,-1,-1,-1,-1,6,-1
KR_6742560161,420,-1,-9,2,0,-1,3,2,6,2,8,-1,5,4,-2,7,5,-2,3,1,0,-8,1,-3,-7,10,-3,0,0,1,-1,-1,1,6,-1
KR_6748729680,420,-1,14,-36,-3,-3,5,2,2,1,3,-2,3,1,-1,3,2,1,0,1,0,-3,-12,-4,-7,11,-6,0,0,-1,-1,-1,1,4,-1
KR_6743226789,420,-4,-63,-2,-8,4,0,4,-5,6,1,-2,3,1,-4,5,1,-1,1,0,0,-4,-9,-3,-5,8,-1,0,-2,-1,-1,-1,1,5,-1
KR_6745989841,420,-3,-75,-29,-1,1,2,3,-1,2,1,1,3,4,-3,4,1,1,1,2,0,6,21,5,-10,5,-3,0,0,-1,1,-1,-1,6,-1
KR_6747551110,420,2,-29,29,2,3,0,3,3,1,4,-3,4,1,2,0,2,-3,4,1,0,7,8,0,-10,10,-7,0,0,-1,-1,0,-1,5,-1
KR_6751243699,420,-5,-39,-40,-7,-6,6,0,0,1,1,-3,3,0,2,0,2,0,1,1,0,-9,-6,-1,-5,6,3,0,0,-1,-1,-1,1,5,-1
KR_6709077101,420,-1,-51,-25,-3,2,0,2,-4,4,0,-1,1,0,1,0,1,-1,1,0,0,-10,28,1,-10,9,-3,0,0,-1,1,0,1,1,-1
KR_6746703614,420,-3,-55,-12,-6,-3,5,2,-1,3,2,-2,2,0,-1,1,0,1,0,1,0,-5,2,-2,-7,9,-6,0,-1,-1,1,-1,-1,4,-1
KR_6744674018,420,-3,1,-22,-13,-1,2,1,-8,12,4,1,1,2,-2,3,1,-3,3,0,-1,-28,38,0,-7,7,-23,0,-1,-1,-1,-1,-1,4,-1
KR_6739805302,420,2,-56,32,-2,-6,6,0,-2,3,1,4,0,4,2,0,2,0,1,1,0,7,5,3,-7,4,-4,0,-3,1,-1,-1,-1,4,-1
KR_6709270298,420,-3,-42,-40,-6,-4,7,3,-2,9,7,-2,2,0,2,1,3,0,0,0,0,0,-10,1,-10,9,-3,0,-2,-1,-1,-1,1,4,-1
KR_6751781345,420,-3,-56,-28,-9,-1,3,2,-1,2,1,-1,4,3,-3,8,5,-3,4,1,-1,-15,1,-2,-4,6,1,0,-3,-1,-1,-1,-1,3,-1
KR_6747158013,420,0,53,1,-1,1,1,2,-3,3,0,1,2,3,0,2,2,0,1,1,0,6,-2,1,-11,10,0,0,1,1,-1,1,-1,6,-1
KR_6747991873,420,1,-17,11,-6,2,0,2,2,4,6,-5,5,0,-3,5,2,-2,2,0,-1,-15,10,-3,-9,12,3,0,1,-1,1,1,-1,2,-1
KR_6749836347,420,-2,3,9,-6,-2,3,1,-2,4,2,-2,5,3,1,3,4,-1,2,1,0,-5,8,1,-7,6,-2,0,-1,1,1,-1,-1,2,-1
KR_6744833677,420,1,35,-4,1,1,1,2,-1,5,4,4,2,6,-3,4,1,0,1,1,0,-10,-8,-3,-6,9,-1,0,0,1,-1,1,1,2,-1
KR_6748544310,420,0,-41,-15,-2,-1,3,2,2,1,3,0,2,2,-4,5,1,1,1,2,0,3,-1,-4,-4,8,-1,0,1,1,-1,-1,-1,4,-1
KR_6745798419,420,-1,-10,-32,2,-1,3,2,0,2,2,5,2,7,-2,2,0,0,1,1,1,3,4,4,-7,3,2,0,1,1,1,1,1,6,-1
KR_6747918794,420,1,-16,11,2,1,1,2,1,2,3,-1,2,1,1,3,4,0,0,0,0,-2,43,2,-6,4,1,0,0,0,-1,-1,-1,0,-1
KR_6737849963,440,-1,-28,-11,-1,0,0,0,-2,6,4,0,2,2,2,0,2,-1,1,0,0,-1,1,5,-9,4,0,0,0,-1,1,0,1,1,-1
KR_6747773307,420,-1,-81,15,1,0,2,2,-2,3,1,5,1,6,-2,4,2,0,0,0,-1,-2,0,5,-10,5,-5,0,0,1,1,0,-1,5,-1
KR_6746906040,420,-1,15,16,0,2,0,2,-1,3,2,2,1,3,-3,3,0,0,1,1,0,1,-3,7,-11,4,-2,0,1,1,-1,1,1,5,-1
KR_6747049087,420,1,-24,-16,4,3,1,4,1,3,4,1,0,1,0,1,1,-1,1,0,0,1,6,1,-9,8,-8,0,-1,1,-1,-1,1,4,-1
KR_6748447377,420,1,20,25,-3,0,2,2,-1,4,3,-1,5,4,-1,3,2,0,3,3,1,-12,-13,5,-10,5,7,0,0,-1,-1,-1,1,3,-1
KR_6749107753,420,1,31,-10,7,1,0,1,3,1,4,-1,4,3,0,1,1,4,1,5,0,15,-3,5,-11,6,1,0,-1,1,1,-1,-1,5,-1
KR_6745345900,420,2,-5,16,3,5,0,5,-3,5,2,0,1,1,1,3,4,0,0,0,0,2,2,5,-10,5,-2,0,2,-1,1,1,1,3,-1
KR_6744206584,420,-3,-18,-3,-7,0,2,2,0,1,1,-1,1,0,-9,10,1,3,1,4,0,-9,-1,0,-8,8,-2,0,-1,-1,-1,-1,-1,2,-1
KR_6749144438,420,-1,-26,-5,-2,-5,6,1,2,0,2,1,3,4,1,0,1,-1,2,1,0,0,24,-1,-7,8,-2,0,1,-1,1,1,-1,4,-1
KR_6747029348,420,-5,-59,-11,-10,0,1,1,-3,4,1,-3,4,1,-3,5,2,-1,1,0,0,-11,13,-3,-7,10,2,0,-1,-1,-1,-1,-1,5,-1
KR_6743625170,420,-4,-13,-60,-12,-2,3,1,-1,3,2,-1,3,2,-9,10,1,1,1,2,1,-14,-3,-4,-5,9,1,0,-1,-1,-1,-1,1,2,-1
KR_6735696209,440,-3,-62,-27,-11,-7,7,0,0,1,1,5,0,5,-9,9,0,0,2,2,0,-12,15,4,-8,4,1,0,0,0,-1,1,-1,0,-1
KR_6747054363,420,-4,-105,24,-16,-1,2,1,-3,6,3,-2,3,1,-5,5,0,-5,5,0,0,-27,-8,-6,-7,13,-1,0,-1,-1,1,-1,-1,5,-1
KR_6749430397,420,-2,-23,-3,-6,1,3,4,-6,7,1,1,3,4,-1,3,2,-1,2,1,0,-22,-11,-6,-6,12,-4,0,-2,-1,1,-1,1,1,-1
KR_6747019825,420,-4,-80,-21,-9,0,4,4,-1,2,1,-3,4,1,-4,4,0,-1,2,1,0,-6,-40,-2,-3,5,-5,0,-3,-1,1,-1,-1,4,-1
KR_6747715191,420,0,-13,-6,-2,6,2,8,0,5,5,-3,6,3,-5,5,0,0,1,1,-1,-2,-40,2,-8,6,1,0,1,-1,1,1,-1,1,-1
KR_6745384492,420,-2,-31,-3,0,1,0,1,-2,4,2,0,5,5,0,4,4,1,1,2,0,0,-28,-3,-9,12,-1,0,0,-1,1,0,1,1,-1
KR_6732617057,440,-2,-5,-10,3,0,3,3,-1,2,1,2,2,4,-3,3,0,5,0,5,0,9,-9,3,-8,5,-1,0,0,1,-1,-1,-1,4,-1
KR_6747431607,420,0,-49,36,-2,1,0,1,0,2,2,-1,2,1,-3,4,1,1,1,2,0,-4,25,-1,-3,4,2,0,1,1,1,1,-1,1,-1
KR_6749655206,420,-2,18,-36,2,2,0,2,0,4,4,-1,1,0,2,0,2,-1,2,1,0,2,23,2,-12,10,1,0,1,-1,1,1,1,1,-1
KR_6725315433,420,-3,14,28,-12,-3,3,0,-8,8,0,-2,3,1,1,4,5,0,3,3,0,-18,2,0,-10,10,-1,0,-3,1,-1,-1,-1,1,-1
KR_6749210411,420,-1,-3,-5,-5,0,0,0,0,3,3,-1,1,0,1,1,2,-5,5,0,0,-9,5,-2,-6,8,-1,0,0,-1,-1,0,-1,3,-1
KR_6747727537,420,0,37,-9,0,0,0,0,7,0,7,-1,3,2,-4,8,4,-2,2,0,0,-6,0,1,-11,10,-2,0,0,-1,1,0,-1,1,-1
KR_6748379715,420,-4,-63,-17,-1,-1,1,0,1,4,5,0,1,1,0,5,5,-1,1,0,0,-2,-4,3,-8,5,0,0,0,-1,1,1,1,4,-1
KR_6743348881,420,-1,-2,-20,-2,-8,9,1,0,2,2,-1,2,1,6,0,6,1,0,1,0,7,-1,3,-9,6,2,0,1,-1,-1,-1,1,2,-1
KR_6746516004,420,-3,-33,-4,-7,3,4,7,-1,1,0,-8,8,0,-3,3,0,2,1,3,0,-7,-12,1,-9,8,-8,0,0,-1,-1,-1,1,1,-1
KR_6729006875,420,1,9,-5,1,-1,1,0,3,1,4,1,2,3,-2,2,0,0,0,0,0,-1,28,5,-11,6,-7,0,1,0,1,1,1,0,-1
KR_6747822026,420,0,48,-3,3,-1,1,0,1,2,3,2,0,2,-2,5,3,3,0,3,0,-1,3,2,-5,3,-2,0,1,1,1,1,1,2,-1
KR_6726125429,420,2,11,4,0,0,0,0,2,0,2,1,1,2,-2,3,1,-1,1,0,0,-3,12,1,-9,8,-2,0,0,-1,1,0,-1,5,-1
KR_6746087496,420,-1,27,13,2,-1,1,0,3,3,6,-1,2,1,0,3,3,1,2,3,0,3,34,-3,-4,7,3,0,2,1,1,1,1,3,-1
KR_6748835636,420,-3,-34,-13,2,0,1,1,4,0,4,1,1,2,-3,3,0,0,1,1,0,1,27,-4,-7,11,4,0,0,1,1,-1,1,3,-1
KR_6744223353,420,-2,-28,-4,-4,-1,1,0,0,2,2,-2,4,2,1,1,2,-2,2,0,0,1,-4,-3,-7,10,-2,0,1,-1,1,1,-1,4,-1
KR_6737138976,420,-5,-78,18,-4,-3,4,1,2,3,5,2,0,2,-4,7,3,-1,1,0,0,-2,2,-3,-2,5,2,0,-1,-1,1,-1,1,4,-1
KR_6718622467,420,-6,-78,-22,-15,-4,5,1,2,1,3,-5,5,0,-7,8,1,-1,2,1,0,-23,14,3,-7,4,-7,0,-3,1,-1,-1,-1,6,-1
KR_6749082161,420,-3,-31,4,-11,-1,2,1,-4,4,0,-4,4,0,0,2,2,-2,3,1,1,-16,0,0,-11,11,3,0,-1,-1,1,-1,1,1,-1
KR_6748969218,420,1,-30,12,7,0,2,2,3,2,5,1,4,5,5,1,6,-2,3,1,0,15,-15,-6,-10,16,1,0,-1,1,1,-1,1,1,-1
KR_6742077513,420,-2,-1,-28,6,3,0,3,1,4,5,-2,4,2,5,2,7,-1,1,0,2,10,-13,-1,-5,6,-3,0,0,-1,-1,0,1,3,-1
KR_6748865416,420,-3,-49,12,-2,-2,3,1,0,4,4,0,1,1,0,3,3,0,1,1,0,1,-2,-3,-9,12,3,0,-1,-1,1,-1,-1,4,-1
KR_6738722985,420,-4,-32,-8,-4,1,1,2,-1,1,0,-3,3,0,-1,1,0,0,0,0,0,-5,-5,1,-9,8,1,0,0,-1,-1,-1,-1,4,-1
KR_6745781825,420,-2,24,-7,0,0,3,3,-3,4,1,2,1,3,2,4,6,-1,1,0,0,0,6,6,-12,6,-3,0,-1,1,1,-1,-1,2,-1
KR_6718912223,420,-2,-10,-38,1,2,1,3,-9,12,3,-1,3,2,6,1,7,3,0,3,0,-9,8,1,-7,6,7,0,1,1,-1,1,1,4,-1
KR_6746453798,420,2,13,-32,-1,-2,2,0,0,4,4,1,3,4,0,2,2,0,1,1,0,6,4,2,-9,7,-1,0,0,-1,-1,-1,-1,1,-1
KR_6740345772,420,1,-24,-4,2,0,0,0,1,2,3,-1,1,0,2,0,2,0,0,0,0,6,5,1,-8,7,-2,0,0,1,1,-1,-1,6,-1
KR_6747641992,420,-6,-99,12,-17,-3,4,1,0,5,5,-7,8,1,-7,8,1,0,0,0,0,-17,-24,-1,-8,9,-12,0,-1,-1,1,-1,1,5,-1
KR_6746141506,420,-1,-11,27,-6,-4,4,0,1,2,3,-2,2,0,0,1,1,-1,1,0,0,-12,-9,-3,-10,13,-1,0,0,1,-1,-1,-1,2,-1
KR_6741354424,420,-5,-27,-32,-7,1,0,1,-2,6,4,-3,5,2,-3,3,0,0,0,0,0,-17,9,-4,-6,10,3,0,-1,-1,1,1,1,5,-1
KR_6748388657,420,-3,-90,-28,-6,-7,7,0,-3,3,0,3,1,4,-1,5,4,2,1,3,0,4,5,2,-9,7,-4,0,-1,1,-1,-1,-1,3,-1
KR_6751340859,420,-3,-82,36,-7,0,1,1,-2,2,0,0,2,2,-5,6,1,0,1,1,0,-16,-51,-7,-2,9,5,0,0,-1,1,0,1,4,-1
KR_6750111060,420,-6,-25,-11,-15,-4,5,1,-4,6,2,-2,4,2,-4,4,0,-1,1,0,0,-24,7,-5,-8,13,-1,0,-1,-1,1,1,-1,5,-1
KR_6744154748,420,-4,-88,-12,-8,-2,2,0,-7,8,1,-1,2,1,0,2,2,2,0,2,0,-5,-28,2,-11,9,1,0,-1,1,-1,-1,1,3,-1
KR_6736353350,420,-7,-88,-19,-18,-2,2,0,-2,5,3,-5,5,0,-6,7,1,-3,3,0,0,-15,-26,9,-11,2,-9,0,-1,1,-1,-1,-1,3,-1
KR_6739480952,420,-8,-71,-39,-17,-4,4,0,-9,12,3,-1,2,1,-3,7,4,0,1,1,0,-16,0,-2,-6,8,-4,0,-2,-1,-1,-1,1,2,-1
KR_6735384658,420,-2,-78,-36,-8,-3,7,4,-4,6,2,2,0,2,-2,5,3,-1,2,1,0,-17,-33,3,-12,9,0,0,-1,-1,1,-1,-1,5,-1
KR_6745184763,420,-5,-60,-20,-13,-4,4,0,-5,6,1,2,2,4,-5,9,4,-1,4,3,-2,-19,2,-2,-9,11,-8,0,-2,-1,-1,-1,-1,4,-1
KR_6737201161,420,-2,-34,1,-8,2,0,2,-1,2,1,-2,2,0,-7,7,0,0,1,1,0,-13,0,1,-9,8,-2,0,-1,-1,-1,-1,1,2,-1
KR_6750129247,420,-2,-67,16,-8,-4,5,1,-3,6,3,0,1,1,-3,4,1,2,1,3,-1,-8,-16,-6,-5,11,2,0,-3,1,-1,-1,-1,1,-1
KR_6746478343,420,0,-20,28,0,-2,2,0,4,0,4,-3,4,1,-1,6,5,2,1,3,0,7,31,1,-9,8,8,0,1,1,1,1,-1,2,-1
KR_6749698125,420,-9,-35,-60,-24,-1,2,1,-10,13,3,-7,7,0,-6,9,3,0,1,1,0,-28,-52,-4,-4,8,12,0,-1,-1,1,-1,-1,5,-1
KR_6748316215,420,-7,-68,-40,-16,-7,7,0,-3,4,1,-1,3,2,-4,5,1,-1,3,2,0,-10,-1,-4,-7,11,-6,0,-1,1,-1,-1,-1,6,-1
KR_6751281314,420,3,25,24,-2,-1,2,1,1,1,2,2,0,2,2,8,10,-6,6,0,0,-6,11,-5,-8,13,1,0,0,1,1,1,1,4,-1
KR_6738001091,420,-2,-18,-31,-4,-2,3,1,-1,5,4,1,2,3,-2,3,1,0,0,0,1,5,9,1,-10,9,-6,0,-2,-1,-1,-1,1,6,-1
KR_6747788471,420,-2,-48,3,-9,0,3,3,1,0,1,-2,2,0,-9,10,1,1,0,1,0,-12,29,-3,-6,9,-4,0,-2,-1,1,-1,-1,3,-1
KR_6746275457,420,-1,-2,-32,2,0,1,1,2,3,5,1,1,2,-2,4,2,1,1,2,0,0,-35,2,-10,8,0,0,1,-1,1,1,1,3,-1
KR_6748557483,420,1,22,24,3,0,2,2,2,2,4,0,1,1,1,1,2,0,1,1,0,-4,-2,-2,-7,9,-1,0,0,1,-1,0,1,2,-1
KR_6746659470,420,-2,-69,-13,-3,-1,3,2,-6,6,0,3,2,5,3,0,3,-2,4,2,1,-3,-31,1,-9,8,-7,0,-3,1,-1,-1,1,3,-1
KR_6746627186,420,-4,-23,0,-9,-2,2,0,-2,3,1,-1,1,0,-3,3,0,-1,1,0,0,-14,-1,0,-8,8,0,0,0,-1,1,1,1,1,-1
KR_6725645040,420,0,5,-18,0,0,1,1,-2,5,3,0,3,3,-1,3,2,3,0,3,-2,9,-63,-2,-6,8,-3,0,1,1,-1,1,-1,1,-1
KR_6747089703,420,-2,12,-5,-6,3,0,3,-2,4,2,0,3,3,-4,4,0,-3,4,1,0,-8,-12,-4,-5,9,2,0,0,-1,1,1,1,2,-1
KR_6713098179,420,-1,-30,24,-8,1,1,2,-3,6,3,-3,4,1,-2,3,1,-1,1,0,1,-8,7,2,-13,11,-4,0,-1,-1,1,-1,1,6,-1
KR_6747634390,420,1,43,-28,0,0,1,1,2,0,2,2,2,4,-5,7,2,1,0,1,0,-4,9,5,-10,5,-6,0,1,-1,-1,1,1,5,-1
KR_6739165119,420,-1,-69,9,-6,-4,4,0,-2,2,0,-2,2,0,2,2,4,0,0,0,0,-13,-33,0,-7,7,0,0,-2,1,1,-1,-1,3,-1
KR_6743734710,420,2,24,15,-3,3,0,3,-4,4,0,-7,8,1,4,1,5,1,1,2,0,-8,29,-1,-6,7,1,0,1,-1,1,1,-1,1,-1
KR_6746969035,420,0,-21,49,-6,-4,5,1,-1,6,5,1,1,2,-2,5,3,0,0,0,1,-10,22,-5,-6,11,7,0,0,0,-1,-1,1,0,-1
KR_6744135971,420,1,-14,17,-7,-3,4,1,2,0,2,0,5,5,-6,7,1,0,0,0,0,-16,2,0,-8,8,-6,0,1,-1,-1,-1,-1,5,-1
KR_6725513436,420,-8,-141,1,-17,0,1,1,-3,7,4,-4,5,1,-9,9,0,-1,1,0,0,-19,-13,-6,-5,11,0,0,-3,1,-1,-1,-1,1,-1
KR_6746661962,420,-1,-4,-9,-7,0,1,1,3,1,4,-4,6,2,-6,6,0,0,0,0,0,-8,-8,3,-11,8,5,0,-1,-1,-1,-1,-1,1,-1
KR_6743610685,420,-1,-51,-24,-3,1,0,1,-2,3,1,0,2,2,-1,5,4,-1,2,1,-1,0,-60,1,-10,9,2,0,-1,-1,-1,-1,-1,6,-1
KR_6710561518,420,2,-10,-4,-2,1,0,1,-2,4,2,2,4,6,-3,4,1,0,1,1,0,1,6,6,-11,5,-2,0,0,-1,-1,-1,-1,6,-1
KR_6742914013,420,-1,-33,-15,1,1,2,3,0,1,1,2,0,2,1,2,3,-3,4,1,0,2,2,-1,-9,10,-2,0,1,-1,-1,-1,1,1,-1
KR_6744874045,420,0,20,-37,0,1,0,1,0,5,5,-2,2,0,3,3,6,-2,2,0,-2,-9,10,6,-13,7,-1,0,1,1,1,1,-1,5,-1
KR_6748498377,420,-4,-24,13,-9,2,0,2,-7,12,5,-4,5,1,-1,3,2,1,0,1,0,-9,-1,2,-11,9,-5,0,-2,-1,1,-1,-1,3,-1
KR_6726059755,420,-5,-7,-20,-6,0,2,2,-1,4,3,0,2,2,-7,7,0,2,1,3,0,-13,-41,-5,-6,11,3,0,0,-1,1,1,1,6,-1
KR_6743053541,420,-2,13,5,-3,2,0,2,-2,3,1,-4,4,0,1,4,5,0,1,1,0,-8,-9,-3,-8,11,1,0,0,-1,1,-1,-1,4,-1
KR_6742751471,420,-2,18,-34,-9,-3,3,0,-4,6,2,-2,5,3,0,3,3,0,3,3,-1,-7,-36,-1,-8,9,-5,0,1,-1,1,-1,-1,4,-1
KR_6741077689,440,3,-92,47,4,3,3,6,0,1,1,1,1,2,-3,5,2,3,0,3,0,1,9,-2,-6,8,-1,0,1,1,1,1,1,4,-1
KR_6750550856,420,-2,-25,-18,-8,-2,2,0,-3,4,1,-4,4,0,-1,4,3,2,0,2,0,-12,-4,1,-7,6,-2,0,-2,-1,-1,-1,1,3,-1
KR_6729415042,420,-7,-30,-15,-18,-1,4,3,-8,9,1,-1,2,1,-6,6,0,-2,3,1,0,-21,-3,-1,-5,6,-4,0,-3,-1,-1,-1,-1,2,-1
KR_6744630191,420,3,11,-8,3,1,0,1,3,2,5,-2,3,1,0,3,3,1,1,2,0,5,40,2,-8,6,-3,0,0,-1,-1,1,-1,1,-1
KR_6746136688,420,0,19,-31,-2,1,1,2,-2,4,2,-2,3,1,3,2,5,-2,5,3,-2,-3,-17,5,-8,3,3,0,0,-1,1,-1,-1,2,-1
KR_6748709081,420,1,-60,44,-5,1,3,4,-4,5,1,-1,1,0,-1,1,0,0,1,1,0,-6,123,-2,-5,7,1,0,0,-1,1,-1,-1,1,-1
KR_6744705422,420,-8,-87,-2,-19,-1,3,2,-4,6,2,4,2,6,-15,17,2,-3,3,0,-1,-24,-11,-2,-7,9,2,0,-2,1,-1,-1,-1,2,-1
KR_6744661912,420,0,18,16,-6,-1,1,0,2,1,3,0,4,4,-5,5,0,-2,2,0,0,-5,6,0,-10,10,-6,0,-1,-1,-1,-1,1,1,-1
KR_6739410992,420,-2,9,15,-8,1,1,2,-3,4,1,-3,4,1,-2,5,3,-1,1,0,0,-13,0,0,-9,9,0,0,2,0,1,1,-1,0,-1
KR_6742110301,420,-1,-1,20,-7,-2,3,1,-1,3,2,0,2,2,-3,4,1,-1,1,0,0,-9,4,5,-13,8,-6,0,-1,-1,-1,-1,-1,5,-1
KR_6740974254,440,-7,-98,-29,-12,-2,3,1,-3,4,1,-1,2,1,-4,4,0,-2,3,1,0,-16,-7,-3,-8,11,-6,0,-3,-1,-1,-1,1,2,-1
KR_6747489880,420,-2,-26,10,-7,1,1,2,-5,6,1,-2,3,1,-2,8,6,1,0,1,0,-4,-5,0,-10,10,-2,0,-3,-1,-1,-1,-1,3,-1
KR_6741591438,420,-3,10,-15,-3,0,0,0,4,0,4,-2,3,1,-3,3,0,-2,3,1,0,-4,-13,6,-10,4,-7,0,-1,-1,-1,-1,-1,5,-1
KR_6749515788,420,-1,-51,17,-2,-1,2,1,2,1,3,-1,3,2,0,0,0,-2,2,0,0,-4,7,-2,-8,10,-1,0,-1,1,-1,-1,1,5,-1
KR_6743475952,420,-3,-18,18,-7,0,0,0,-2,7,5,-5,6,1,0,5,5,0,0,0,1,-9,-4,-2,-7,9,1,0,-2,1,-1,-1,1,4,-1
KR_6736863136,420,0,34,4,-4,-5,6,1,2,2,4,-1,1,0,0,2,2,0,3,3,0,-7,-17,1,-9,8,3,0,0,1,-1,-1,-1,2,-1
KR_6726867961,420,-1,-25,-16,-6,4,0,4,-4,6,2,-6,7,1,-1,1,0,1,0,1,1,-7,-52,0,-5,5,3,0,-1,-1,-1,-1,1,4,-1
KR_6750836294,420,1,7,-29,2,-2,2,0,3,2,5,-2,3,1,3,0,3,0,1,1,1,4,-45,-1,-9,10,12,0,2,-1,1,1,1,3,-1
KR_6743432466,420,-1,-9,13,-6,-5,5,0,-3,8,5,3,2,5,0,3,3,-1,1,0,-2,-9,34,3,-12,9,6,0,0,1,1,0,-1,5,-1
KR_6744458313,420,-4,-49,-31,-10,0,1,1,0,1,1,-4,4,0,-5,5,0,-1,1,0,0,-11,-57,2,-9,7,1,0,-2,-1,-1,-1,-1,6,-1
KR_6745834275,420,-1,-53,-11,-4,2,2,4,-3,4,1,0,3,3,-3,4,1,0,0,0,0,-9,5,-4,-8,12,-7,0,0,-1,1,-1,-1,5,-1
KR_6744910974,420,-5,-19,-16,-12,1,0,1,-7,11,4,-2,3,1,-3,4,1,-1,1,0,0,-19,-2,-2,-7,9,0,0,0,-1,1,0,-1,3,-1
KR_6746904507,420,2,66,-51,10,5,0,5,-4,5,1,1,1,2,7,1,8,1,0,1,0,10,-34,-1,-8,9,-5,0,0,-1,1,0,1,5,-1
KR_6743564229,420,-5,-14,-36,-8,0,1,1,-6,7,1,-4,5,1,2,1,3,0,0,0,1,-17,4,-2,-7,9,-5,0,1,1,-1,1,1,4,-1
KR_6736731113,420,-2,-96,23,-6,1,1,2,-6,7,1,2,1,3,-2,4,2,-1,2,1,0,-11,4,-1,-7,8,-9,0,0,1,-1,-1,1,5,-1
KR_6747117869,420,-1,-71,14,-5,0,1,1,4,0,4,-4,4,0,-5,6,1,0,1,1,-1,-3,61,2,-10,8,-8,0,-1,-1,-1,-1,-1,4,-1
KR_6736963817,420,1,-36,-11,-7,0,2,2,1,3,4,-1,4,3,-6,7,1,-1,2,1,0,-9,4,-3,-8,11,2,0,-1,-1,-1,-1,-1,6,-1
KR_6713244075,420,0,-10,-29,3,-1,1,0,5,2,7,-2,5,3,2,3,5,-1,2,1,0,6,-10,-5,-7,12,0,0,1,1,1,1,1,5,-1
KR_6743982680,420,-6,-105,13,-12,0,1,1,-7,9,2,-2,3,1,-3,3,0,0,0,0,-1,-10,31,-2,-9,11,5,0,0,0,1,-1,-1,0,-1
KR_6745652689,420,-2,38,4,1,1,1,2,-3,3,0,0,5,5,3,3,6,0,2,2,1,0,-9,-4,-5,9,-2,0,0,1,1,1,1,4,-1
KR_6740821447,420,-7,-40,-6,-7,-2,2,0,-5,5,0,1,1,2,-2,5,3,1,0,1,0,-6,-3,-3,-6,9,4,0,-3,-1,-1,-1,-1,1,-1
KR_6731210442,420,-2,-41,-6,0,1,0,1,0,4,4,2,1,3,-4,4,0,1,0,1,0,6,-3,-2,-5,7,5,0,-1,-1,1,1,-1,6,-1
KR_6743203879,420,-4,-57,11,-8,1,0,1,-4,6,2,-4,5,1,-2,3,1,1,1,2,0,-5,-16,-4,-5,9,-3,0,-2,-1,-1,-1,-1,2,-1
KR_6747527820,420,-5,-34,12,-12,-2,3,1,-4,4,0,-1,3,2,-6,6,0,1,0,1,0,-9,-6,-1,-8,9,-2,0,-1,1,-1,-1,1,1,-1
KR_6742838539,420,-5,-70,-12,-9,-1,1,0,-4,4,0,-6,6,0,1,0,1,1,0,1,0,-12,-5,2,-8,6,-2,0,-2,1,1,-1,-1,4,-1
KR_6751015957,420,-2,-13,-24,1,2,1,3,-2,4,2,1,2,3,-2,2,0,2,0,2,0,-3,3,4,-10,6,4,0,-1,-1,1,-1,1,6,-1
KR_6746381080,420,3,22,1,6,-2,2,0,2,4,6,1,2,3,3,2,5,2,0,2,0,4,1,0,-6,6,3,0,1,1,1,1,-1,2,-1
KR_6751460971,420,0,-65,13,-4,-2,3,1,-3,5,2,-1,4,3,1,1,2,1,0,1,0,-4,36,-1,-7,8,1,0,-2,-1,-1,-1,-1,1,-1
KR_6749613788,420,-3,-4,43,-9,1,3,4,-2,3,1,-2,3,1,-3,3,0,-3,4,1,0,-11,-10,-4,-4,8,2,0,-2,1,-1,-1,-1,3,-1
KR_6744626670,420,1,1,33,-8,-1,3,2,-3,4,1,3,2,5,-7,11,4,0,1,1,0,-26,31,-7,-3,10,-16,0,0,-1,-1,1,-1,2,-1
KR_6751102270,420,-3,-14,-40,-5,1,0,1,-1,5,4,-4,4,0,-1,5,4,0,1,1,0,3,4,-1,-8,9,1,0,-1,-1,-1,-1,1,5,-1
KR_6742202193,420,-1,-23,13,-6,-5,5,0,2,1,3,-3,4,1,-1,3,2,1,0,1,0,-7,0,-5,-5,10,3,0,-2,1,-1,-1,-1,3,-1
KR_6730845588,420,-2,-60,6,-3,-2,2,0,-4,4,0,-1,2,1,3,3,6,1,0,1,-1,2,-26,-6,-4,10,0,0,0,-1,1,-1,-1,4,-1
KR_6748082403,420,-4,-15,-15,-4,3,1,4,-1,5,4,0,5,5,-6,9,3,0,0,0,0,-3,1,1,-7,6,0,0,0,-1,-1,1,-1,5,-1
KR_6751215577,420,-1,58,13,-2,-2,4,2,3,1,4,-1,2,1,1,3,4,-3,3,0,0,-5,-11,-1,-4,5,3,0,0,1,-1,1,1,2,-1
KR_6746738682,420,2,4,15,-3,2,0,2,-4,6,2,1,1,2,-4,5,1,2,0,2,-1,-7,-16,-4,-9,13,8,0,-1,1,-1,-1,-1,6,-1
KR_6750625394,420,-4,-71,8,-6,1,4,5,3,0,3,-2,3,1,-7,7,0,-1,4,3,0,-11,1,4,-11,7,-6,0,-1,-1,-1,-1,1,5,-1
KR_6728252516,420,0,-56,-4,-9,-1,3,2,-4,6,2,1,3,4,-3,6,3,-2,2,0,-1,-4,44,0,-9,9,-3,0,-1,-1,-1,-1,-1,1,-1
KR_6744244000,420,-1,-31,1,-3,-1,2,1,2,1,3,-1,4,3,-1,3,2,-2,3,1,0,9,-5,0,-5,5,-1,0,-2,1,-1,-1,-1,1,-1
KR_6748004555,420,3,36,-18,11,0,0,0,6,2,8,2,2,4,0,2,2,3,0,3,-1,5,-21,1,-8,7,5,0,2,1,1,1,-1,2,-1
KR_6750405706,420,-2,39,0,-4,0,1,1,-3,5,2,-2,3,1,3,0,3,-2,3,1,0,2,-4,-2,-9,11,2,0,0,-1,1,1,1,5,-1
KR_6748600945,420,1,-25,36,-5,4,0,4,-3,6,3,-3,4,1,-4,7,3,1,0,1,0,-13,35,-2,-6,8,-2,0,2,-1,1,1,-1,1,-1
KR_6747375922,420,0,-50,14,-4,0,4,4,-4,5,1,1,1,2,-5,6,1,4,1,5,-1,-10,16,-3,-8,11,-4,0,0,-1,-1,-1,-1,5,-1
KR_6734198752,420,0,26,-9,-3,0,1,1,-7,7,0,-1,3,2,4,1,5,1,0,1,0,-6,-9,-6,-5,11,2,0,0,1,-1,0,-1,6,-1
KR_6749262669,420,-4,-3,-17,-9,-1,1,0,-1,4,3,0,0,0,0,4,4,-7,8,1,0,-10,4,1,-7,6,-2,0,-1,-1,-1,-1,-1,1,-1
KR_6721995317,440,0,-55,-10,0,-1,3,2,-3,5,2,2,2,4,2,2,4,0,0,0,0,3,-1,-3,-5,8,3,0,-1,1,-1,-1,-1,4,-1
KR_6748769654,420,-5,-58,-20,-10,-1,3,2,0,1,1,0,2,2,-9,11,2,0,1,1,0,-12,62,-3,-9,12,-3,0,-1,-1,1,-1,-1,4,-1
KR_6748660868,420,-1,21,-32,-4,2,2,4,-4,7,3,-5,7,2,3,2,5,0,0,0,1,-9,2,0,-11,11,2,0,0,-1,1,1,1,2,-1
KR_6750913763,420,-6,-77,15,-10,-5,5,0,-2,3,1,2,2,4,-4,5,1,-1,1,0,0,-14,4,-2,-6,8,-2,0,-2,1,1,-1,1,6,-1
KR_6748645971,420,-1,-91,-22,-6,1,1,2,-4,8,4,-1,3,2,-3,3,0,1,3,4,0,-9,0,-2,-8,10,1,0,-3,-1,-1,-1,-1,3,-1
KR_6749558443,420,-2,-39,1,-8,-6,7,1,2,0,2,-3,4,1,-1,2,1,0,0,0,0,-4,-17,-4,-3,7,0,0,0,-1,-1,-1,-1,3,-1
KR_6743036032,420,-4,-66,1,-3,-5,6,1,0,2,2,0,2,2,0,2,2,2,0,2,0,1,21,2,-8,6,-3,0,0,1,1,-1,1,2,-1
KR_6749663262,420,-4,-65,-19,-10,-1,1,0,-2,4,2,-2,3,1,-5,7,2,0,2,2,0,-5,-20,0,-9,9,-3,0,-1,-1,-1,-1,-1,3,-1
KR_6745439480,420,-7,-57,-36,-9,-5,5,0,-5,6,1,0,2,2,2,0,2,-1,1,0,0,-7,-29,-1,-5,6,-8,0,-1,-1,-1,-1,-1,3,-1
KR_6746272929,420,0,-47,7,0,1,2,3,-7,7,0,6,2,8,0,3,3,0,0,0,0,-11,-14,-2,-5,7,3,0,-1,1,-1,-1,1,5,-1
KR_6740751399,440,-7,-187,-68,-20,-7,10,3,1,2,3,-4,6,2,-12,13,1,2,0,2,1,-16,-44,2,-5,3,15,0,-4,-1,1,-1,1,5,-1
KR_6747922649,420,-5,-88,-13,-15,0,1,1,-13,13,0,0,1,1,-3,5,2,1,1,2,0,-15,2,-7,-5,12,-2,0,-1,-1,-1,-1,1,4,-1
KR_6747626527,420,-1,77,7,0,6,0,6,-1,3,2,-5,6,1,0,2,2,0,0,0,0,3,5,7,-10,3,-3,0,1,-1,-1,1,1,1,-1
KR_6744756035,420,-5,-63,-18,-13,2,1,3,-1,5,4,0,1,1,-14,15,1,0,0,0,-1,-20,-78,7,-14,7,11,0,-2,-1,-1,-1,-1,6,-1
KR_6746798053,420,-2,-13,11,-3,0,2,2,-2,5,3,-3,5,2,1,3,4,1,2,3,1,4,5,-9,-5,14,2,0,0,-1,-1,-1,-1,3,-1
KR_6746520104,420,-1,27,-15,-10,2,0,2,-3,6,3,-2,4,2,-6,8,2,-1,2,1,0,-6,-7,-2,-8,10,-5,0,0,-1,1,0,-1,5,-1
KR_6744151985,420,-1,-30,-44,-1,-1,3,2,6,1,7,-1,3,2,-4,6,2,-1,2,1,0,3,5,-2,-9,11,1,0,1,-1,1,-1,1,1,-1
KR_6744017061,420,0,-6,-7,-3,2,3,5,0,3,3,-1,1,0,0,4,4,-4,5,1,0,-8,-4,6,-14,8,-12,0,1,-1,1,-1,-1,1,-1
KR_6748792613,420,-1,-90,21,-5,0,1,1,-2,3,1,-1,5,4,-1,4,3,-1,2,1,0,-11,-6,-3,-7,10,0,0,-1,1,1,1,-1,6,-1
KR_6749541337,420,-1,28,-18,-6,1,3,4,-3,6,3,-1,4,3,-1,3,2,-2,4,2,0,-15,6,0,-7,7,-5,0,0,-1,-1,0,1,5,-1
KR_6731340812,420,-4,-28,-7,-7,-7,8,1,-2,4,2,2,1,3,1,2,3,-1,1,0,0,-6,-3,2,-11,9,-5,0,0,1,1,0,-1,3,-1
KR_6746704758,420,-3,-30,-9,-6,-3,4,1,1,3,4,-3,5,2,0,4,4,-1,1,0,0,-10,-3,2,-12,10,-5,0,-1,1,-1,-1,1,5,-1
KR_6748028509,420,3,-25,26,4,-1,1,0,3,1,4,5,0,5,-4,4,0,1,0,1,0,3,27,-5,-11,16,0,0,-1,1,1,-1,-1,5,-1
KR_6741022560,440,-1,-109,12,-4,1,2,3,-4,8,4,1,1,2,1,0,1,-3,3,0,0,-8,-6,-6,-1,7,-2,0,0,-1,-1,0,-1,1,-1
KR_6744257442,420,-2,30,15,-2,1,0,1,2,2,4,0,2,2,-5,5,0,0,0,0,0,-5,12,6,-11,5,-4,0,0,-1,1,1,-1,2,-1
KR_6748361310,420,-2,-75,8,-15,2,2,4,-8,8,0,-3,4,1,-4,7,3,-2,2,0,0,-19,-29,-7,-4,11,-7,0,-4,-1,-1,-1,-1,4,-1
KR_6725102434,420,-1,-3,7,-1,3,1,4,-4,7,3,2,2,4,0,4,4,-2,3,1,0,-6,26,-3,-8,11,-3,0,0,1,1,-1,-1,3,-1
KR_6742115825,420,-6,-24,-4,-13,-4,4,0,-1,2,1,-5,6,1,-1,2,1,-2,2,0,0,-27,-5,-10,-4,14,-2,0,-3,-1,-1,-1,-1,2,-1
KR_6746350682,420,0,49,-24,-4,3,0,3,-3,5,2,-2,2,0,-2,4,2,0,3,3,-1,-4,-8,4,-9,5,-2,0,1,-1,-1,1,-1,1,-1
KR_6746130128,420,0,-1,-28,1,-4,4,0,-4,6,2,0,2,2,7,0,7,2,0,2,0,8,0,-1,-8,9,-4,0,1,1,1,1,-1,2,-1
KR_6734361501,420,-2,2,-10,-11,2,4,6,-5,9,4,-4,4,0,-5,6,1,1,0,1,-1,-16,-3,-4,-6,10,0,0,-3,-1,-1,-1,-1,2,-1
KR_6745074475,420,5,105,6,4,2,0,2,-3,3,0,6,2,8,-1,2,1,0,1,1,0,-2,3,-5,-6,11,1,0,1,1,1,1,1,3,-1
KR_6751563680,420,-2,-37,16,-7,-2,2,0,-2,6,4,4,0,4,-5,8,3,-2,2,0,0,-9,1,-4,-5,9,-5,0,-1,1,-1,-1,-1,3,-1
KR_6745766198,420,-3,-21,-7,-5,2,1,3,-4,9,5,0,3,3,-3,6,3,0,0,0,0,-20,-5,5,-11,6,-4,0,0,-1,1,1,-1,5,-1
KR_6734973697,420,-4,-53,-56,-3,-2,3,1,1,0,1,-1,3,2,0,2,2,-1,1,0,0,1,31,-2,-5,7,-2,0,-1,1,-1,-1,1,5,-1
KR_6748276134,420,-4,-88,-27,-5,-4,4,0,0,2,2,-1,1,0,-1,2,1,1,0,1,0,-4,-5,-2,-7,9,-8,0,-1,-1,-1,-1,-1,5,-1
KR_6721532590,420,-2,-36,35,-7,-2,2,0,-2,2,0,-5,5,0,3,1,4,-1,1,0,0,-13,-3,-3,-4,7,2,0,-1,-1,-1,-1,1,2,-1
KR_6732563420,420,2,6,-8,9,-2,5,3,2,3,5,1,0,1,7,0,7,1,1,2,0,10,-24,-1,-8,9,0,0,1,1,-1,1,-1,1,-1
KR_6738535914,420,-6,-74,-12,-16,0,3,3,-5,9,4,-6,7,1,-7,9,2,2,1,3,-2,-18,-4,3,-6,3,-5,0,-2,-1,1,-1,-1,1,-1
KR_6750661308,420,-2,-42,-15,4,0,1,1,4,1,5,-1,1,0,1,3,4,0,2,2,0,10,-3,1,-10,9,3,0,0,1,-1,0,-1,6,-1
KR_6736483237,420,-4,-24,-24,-7,-1,2,1,-2,3,1,0,4,4,-5,6,1,1,0,1,0,-8,-29,-3,-7,10,0,0,-2,1,-1,-1,-1,2,-1
KR_6737559967,420,-1,49,-8,-3,-2,3,1,5,1,6,-4,5,1,-1,6,5,-1,2,1,-1,6,-38,5,-11,6,3,0,1,1,-1,1,1,5,-1
KR_6746308170,420,1,-53,7,-4,-1,1,0,1,3,4,1,1,2,-4,5,1,-1,3,2,0,-9,1,0,-7,7,-2,0,-1,-1,1,-1,-1,1,-1
KR_6749359124,420,-3,-30,-40,-6,1,1,2,-1,6,5,0,1,1,-4,4,0,-2,3,1,0,-7,7,-8,-3,11,0,0,-1,-1,-1,-1,1,3,-1
KR_6743523104,420,-1,-40,-5,3,-5,5,0,1,4,5,3,1,4,5,1,6,-1,2,1,1,8,3,1,-4,3,5,0,-1,-1,1,-1,1,4,-1
KR_6751187274,420,-1,5,8,-1,0,2,2,-1,3,2,0,1,1,1,4,5,-1,1,0,-1,-2,10,3,-14,11,0,0,-2,1,-1,-1,-1,5,-1
KR_6731662713,420,2,19,-7,0,3,2,5,-4,5,1,-3,4,1,2,2,4,2,0,2,1,3,14,4,-10,6,-3,0,1,1,-1,1,1,4,-1
KR_6749970781,420,-1,-27,-35,-9,-4,4,0,-3,4,1,0,1,1,-1,3,2,-1,2,1,0,-2,2,-4,-8,12,2,0,-1,-1,0,-1,-1,2,-1
KR_6745784048,420,-2,-68,-6,1,2,2,4,-2,3,1,-2,3,1,3,1,4,0,0,0,0,4,31,5,-13,8,-13,0,-1,-1,1,-1,1,4,-1
KR_6751502543,420,-4,-30,-15,-14,4,1,5,-1,4,3,-1,3,2,-15,17,2,-1,2,1,0,-20,5,0,-7,7,-6,0,-2,-1,1,-1,-1,4,-1
KR_6748649081,420,-3,7,-38,-2,1,2,3,-3,5,2,0,0,0,0,1,1,0,0,0,0,-9,-14,2,-10,8,2,0,0,-1,1,0,1,5,-1
KR_6743340924,440,-4,-43,-6,-2,-1,1,0,-9,9,0,4,0,4,0,3,3,4,2,6,0,-4,1,-2,-8,10,-3,0,0,1,-1,1,-1,1,-1
KR_6744192143,420,-4,-104,-28,-9,3,2,5,-6,9,3,0,4,4,-5,6,1,-1,1,0,0,-7,-52,-3,-8,11,-3,0,-1,1,1,-1,-1,3,-1
KR_6735600026,440,0,6,-3,3,-2,3,1,-3,4,1,5,2,7,2,2,4,1,0,1,1,3,-10,3,-8,5,6,0,0,1,0,0,1,5,-1
KR_6748004741,420,-2,-58,14,3,-2,3,1,-1,3,2,-3,3,0,10,2,12,-1,1,0,1,14,21,1,-9,8,2,0,-1,-1,1,-1,1,6,-1
KR_6737697267,420,2,17,48,8,-3,4,1,-2,4,2,5,1,6,6,0,6,2,1,3,0,12,-5,-2,-5,7,-2,0,2,1,1,1,-1,1,-1
KR_6751207247,420,3,-2,15,7,2,0,2,2,3,5,3,0,3,0,5,5,0,0,0,0,19,-8,-1,-10,11,-1,0,0,1,-1,1,1,5,-1
KR_6741028066,420,-1,53,-32,-7,6,1,7,-3,5,2,-2,3,1,-8,8,0,0,1,1,1,-4,-19,1,-7,6,-5,0,0,-1,-1,-1,1,1,-1
KR_6748460166,420,0,-19,39,-4,-1,2,1,-5,6,1,0,2,2,1,0,1,1,0,1,0,0,-8,7,-11,4,2,0,0,1,-1,-1,1,1,-1
KR_6744281548,420,-5,-56,12,-8,0,1,1,-1,3,2,-2,5,3,0,2,2,-5,6,1,0,-7,-5,-4,-6,10,-5,0,-1,-1,-1,-1,-1,4,-1
KR_6748981894,420,1,-3,4,4,3,4,7,-3,4,1,2,2,4,2,3,5,0,1,1,0,6,-176,5,-8,3,-1,0,0,1,-1,0,-1,3,-1
KR_6744220682,420,-1,-50,5,-1,0,3,3,4,1,5,-3,4,1,-2,3,1,0,1,1,0,-1,47,-1,-8,9,-7,0,-1,-1,1,1,-1,2,-1
KR_6746209337,420,-2,-47,-21,-9,-1,1,0,0,2,2,-8,8,0,3,1,4,-3,3,0,0,-16,-4,-2,-6,8,-3,0,-2,1,-1,-1,-1,1,-1
KR_6749683090,420,0,26,-7,2,-1,2,1,3,1,4,2,1,3,-3,4,1,1,1,2,0,8,-10,-6,-3,9,5,0,-1,-1,-1,-1,-1,6,-1
KR_6751376185,420,-1,18,-20,-8,-6,7,1,-1,2,1,-5,8,3,3,3,6,1,1,2,1,-13,-29,-2,-10,12,-1,0,-2,-1,-1,-1,1,3,-1
KR_6745446684,420,-1,-17,-4,-7,1,0,1,-5,5,0,-2,2,0,-1,2,1,0,1,1,0,-9,19,-6,-4,10,-4,0,0,-1,-1,-1,-1,3,-1
KR_6743911459,420,-1,15,-14,-5,-2,4,2,1,5,6,1,0,1,-6,7,1,1,0,1,0,-9,3,-1,-10,11,-1,0,-2,1,-1,-1,-1,2,-1
KR_6748355170,420,-1,-13,26,-5,1,2,3,0,4,4,-2,4,2,-1,2,1,-3,4,1,0,-8,-9,-3,-4,7,1,0,-1,-1,1,-1,1,6,-1
KR_6744203399,420,-6,-92,9,-5,-4,5,1,-2,7,5,1,2,3,-1,2,1,1,0,1,0,-3,-11,-3,-6,9,0,0,-1,-1,1,-1,-1,6,-1
KR_6745508035,420,0,33,6,-7,2,0,2,0,4,4,-3,3,0,1,0,1,-7,8,1,0,-7,-5,1,-8,7,0,0,-1,1,-1,-1,-1,6,-1
KR_6747586097,420,0,5,13,-10,-1,5,4,0,6,6,-6,6,0,-3,3,0,0,0,0,0,-20,29,-4,-5,9,-1,0,0,-1,1,1,-1,4,-1
KR_6733689364,420,-3,3,2,-15,-2,5,3,-2,5,3,0,0,0,-10,10,0,-1,1,0,0,-20,-14,-9,-5,14,2,0,-3,-1,1,-1,-1,3,-1
KR_6737994009,420,-3,-10,-27,-3,-3,4,1,0,2,2,-1,1,0,-2,3,1,3,0,3,-1,-1,-32,0,-8,8,5,0,-1,1,-1,1,-1,4,-1
KR_6743373116,420,0,-21,6,-7,1,2,3,-6,7,1,-2,4,2,0,3,3,0,0,0,0,-5,-1,-1,-8,9,0,0,-2,-1,-1,-1,-1,2,-1
KR_6745747932,420,3,0,8,0,-2,2,0,1,2,3,1,0,1,-1,1,0,1,0,1,0,4,221,-1,-8,9,-3,0,1,1,-1,1,-1,6,-1
KR_6747211646,420,-6,-63,-24,-20,-1,3,2,-2,2,0,-6,7,1,-10,12,2,-1,1,0,0,-21,39,-7,-2,9,-21,0,-3,0,-1,-1,-1,0,-1
KR_6734699851,420,-2,-96,16,-7,1,2,3,-1,3,2,0,1,1,-6,7,1,-1,1,0,0,-7,4,0,-9,9,-4,0,-1,-1,-1,-1,-1,3,-1
KR_6731447754,420,-4,-56,-12,0,0,0,0,2,2,4,0,1,1,-2,3,1,0,1,1,0,0,-22,-3,-8,11,0,0,-1,1,-1,-1,-1,4,-1
KR_6748293786,420,1,24,-5,-1,-2,2,0,-2,2,0,0,1,1,0,1,1,3,0,3,0,0,-14,2,-8,6,1,0,0,1,-1,1,1,2,-1
KR_6750939187,420,-3,-52,-3,-3,3,1,4,0,3,3,-2,4,2,-5,6,1,1,1,2,1,-5,7,0,-7,7,-12,0,0,1,-1,-1,1,3,-1
KR_6749625357,420,-7,-101,-8,-8,-1,1,0,-3,4,1,0,4,4,-4,6,2,0,1,1,0,-11,1,-5,-6,11,-4,0,-2,-1,1,-1,-1,4,-1
KR_6734333199,420,1,36,-7,4,1,1,2,0,3,3,0,3,3,3,5,8,0,1,1,0,7,2,-4,-4,8,-1,0,1,-1,-1,1,-1,2,-1
KR_6731487696,420,-2,7,6,-3,0,1,1,-2,6,4,0,2,2,0,1,1,-1,1,0,0,-9,0,-1,-10,11,5,0,1,1,1,1,1,4,-1
KR_6716555824,420,-1,14,17,-8,-4,4,0,-2,5,3,3,2,5,-5,6,1,0,0,0,0,-11,2,1,-11,10,-11,0,-1,-1,1,-1,1,1,-1
KR_6734783021,440,-13,-209,-48,-25,-11,13,2,-3,3,0,1,3,4,0,0,0,-12,15,3,0,-6,-8,-4,-1,5,-2,-1,-4,0,1,-1,-1,0,-1
KR_6740196702,420,0,-12,6,-3,1,1,2,-1,5,4,0,3,3,-3,6,3,0,1,1,0,-6,10,0,-11,11,8,0,-1,-1,1,-1,-1,1,-1
KR_6736522971,420,-5,-47,-16,-12,-1,3,2,-7,9,2,-4,8,4,2,2,4,-2,3,1,0,-8,-2,0,-9,9,-4,0,0,-1,1,-1,-1,2,-1
KR_6752058181,420,-3,6,-32,-8,-1,1,0,-4,6,2,-3,5,2,-1,2,1,1,0,1,0,-15,-32,-6,-6,12,-3,0,-2,-1,-1,-1,-1,6,-1
KR_6750938892,420,-1,-72,-5,-9,-1,2,1,-4,6,2,-2,4,2,1,0,1,-3,3,0,1,-13,29,-5,-5,10,-25,0,-1,1,1,-1,1,1,-1
KR_6741793961,420,0,30,0,2,-1,4,3,-2,6,4,3,0,3,2,0,2,0,0,0,0,2,-55,3,-9,6,4,0,2,1,1,1,-1,6,-1
KR_6749804174,420,-3,-29,0,-8,0,4,4,-1,2,1,-2,3,1,-5,5,0,0,1,1,0,-9,227,-3,-4,7,-4,0,0,0,1,1,1,0,-1
KR_6747737553,420,-1,-10,-5,-5,1,2,3,2,0,2,-1,4,3,-5,6,1,-2,6,4,0,-15,39,-1,-3,4,1,0,0,-1,1,-1,1,4,-1
KR_6746631522,420,-5,-45,-14,-7,-2,4,2,-4,4,0,0,2,2,1,0,1,-2,2,0,0,-4,0,0,-8,8,0,0,-1,1,-1,-1,1,1,-1
KR_6749330049,420,-5,-40,-34,-5,-3,3,0,1,2,3,2,2,4,-4,5,1,-1,1,0,0,0,-3,-5,-5,10,-3,0,-2,-1,-1,-1,-1,6,-1
KR_6746718936,420,-2,1,-9,-3,4,0,4,-2,4,2,-1,2,1,-1,1,0,-3,4,1,-1,-4,-1,2,-8,6,-4,0,0,-1,1,1,-1,3,-1
KR_6750292668,420,-3,-30,-7,-11,2,2,4,-6,7,1,-2,3,1,-5,6,1,0,0,0,-1,-9,-5,1,-7,6,2,0,-2,-1,-1,-1,-1,3,-1
KR_6744822405,420,2,-28,7,1,3,1,4,-2,2,0,-2,4,2,0,2,2,2,0,2,0,2,-79,-1,-7,8,-4,0,0,-1,0,-1,-1,1,-1
KR_6736181136,420,-2,-11,20,-7,-1,3,2,1,1,2,-1,4,3,-5,7,2,-1,1,0,0,-12,0,-3,-7,10,-2,0,-2,1,-1,-1,1,4,-1
KR_6741103643,420,-2,-37,-18,-8,-1,1,0,-3,3,0,-2,2,0,-2,5,3,0,0,0,0,-7,-47,-5,-8,13,-1,0,-2,-1,-1,-1,-1,4,-1
KR_6745398628,420,-2,-29,3,-12,-6,8,2,-2,5,3,-3,3,0,1,3,4,-2,2,0,1,-7,-1,-2,-7,9,2,0,-1,1,1,-1,1,2,-1
KR_6741044210,420,-1,-39,5,-2,1,1,2,0,4,4,-3,3,0,1,3,4,-1,1,0,0,-2,43,0,-9,9,-1,0,-2,1,-1,-1,-1,5,-1
KR_6750299988,420,-5,-39,3,-8,-3,5,2,4,2,6,-6,7,1,-2,3,1,-1,1,0,0,-9,-65,-4,-11,15,1,0,-1,1,-1,-1,-1,4,-1
KR_6744314578,420,4,64,13,6,2,1,3,2,1,3,-1,2,1,-1,1,0,4,0,4,0,5,4,2,-6,4,4,0,0,-1,1,0,-1,1,-1
KR_6741506254,420,-4,-51,-9,-6,-2,2,0,1,2,3,3,1,4,-8,8,0,0,0,0,-1,-9,-7,-4,-5,9,-2,0,-5,-1,-1,-1,-1,3,-1
KR_6734011058,420,0,-18,-6,-4,0,1,1,4,0,4,-6,6,0,-1,4,3,-1,1,0,0,-4,-5,2,-8,6,0,0,-1,-1,1,-1,1,3,-1
KR_6746700838,420,-2,7,-4,8,1,5,6,2,1,3,3,0,3,-1,5,4,3,1,4,0,6,20,5,-13,8,2,0,1,1,1,1,1,1,-1
KR_6744407775,420,3,42,23,9,-1,2,1,0,5,5,1,1,2,9,1,10,0,2,2,0,11,34,-2,-5,7,5,0,0,1,-1,1,-1,2,-1
KR_6744228408,420,-2,24,-24,-7,-6,7,1,5,1,6,-2,3,1,-1,1,0,-3,3,0,0,-5,3,4,-8,4,-4,0,0,1,-1,-1,-1,2,-1
KR_6713060779,420,0,9,-19,2,0,1,1,1,1,2,1,1,2,-1,1,0,1,0,1,0,0,-41,6,-14,8,2,0,0,-1,1,-1,-1,4,-1
KR_6752178265,420,1,-13,23,6,1,0,1,4,0,4,-2,3,1,0,3,3,3,0,3,1,13,46,5,-11,6,0,0,0,1,-1,-1,1,3,-1
KR_6745467676,420,-1,41,1,-5,-1,1,0,-2,4,2,-2,2,0,1,3,4,-1,2,1,1,-6,-3,0,-9,9,1,0,-1,-1,-1,-1,1,4,-1
KR_6750549701,420,2,94,24,-7,-1,2,1,-3,7,4,-1,3,2,2,5,7,-4,5,1,0,-18,-1,-4,-4,8,2,0,1,1,-1,1,1,5,-1
KR_6738845035,420,-2,0,23,-1,-3,6,3,2,1,3,3,2,5,0,5,5,-3,5,2,-1,5,-3,2,-6,4,-1,0,0,1,-1,0,-1,6,-1
KR_6748190467,420,-3,37,-18,-8,0,3,3,-2,3,1,-1,3,2,0,3,3,-5,5,0,1,-9,5,0,-8,8,3,0,-2,-1,-1,-1,1,3,-1
KR_6736701648,420,-3,-93,8,-9,-4,4,0,-2,3,1,-3,4,1,0,0,0,0,1,1,-1,-12,-359,0,-7,7,-2,0,-2,-1,-1,-1,-1,5,-1
KR_6736320641,420,-3,-66,-7,-7,0,2,2,-2,4,2,1,0,1,-6,6,0,0,0,0,0,-12,-21,0,-9,9,-3,0,0,-1,-1,-1,-1,2,-1
KR_6751245693,420,-1,-91,47,-3,-1,2,1,-6,6,0,5,1,6,1,2,3,-2,4,2,-2,-7,9,-9,-3,12,4,0,-1,0,1,-1,-1,0,-1
KR_6751585148,420,-1,-21,3,0,3,1,4,0,1,1,-2,5,3,-1,4,3,0,0,0,0,3,4,-4,-7,11,4,0,1,1,1,1,-1,6,-1
KR_6743469707,420,-9,-106,-13,-16,-4,5,1,-4,5,1,-4,4,0,1,2,3,-5,6,1,0,-15,-15,-1,-6,7,-2,0,-4,-1,-1,-1,-1,2,-1
KR_6744006160,420,-4,-35,1,-9,-2,3,1,-1,3,2,-2,6,4,-4,4,0,0,0,0,0,-15,-30,1,-5,4,-6,0,-2,-1,-1,-1,-1,5,-1
KR_6750035237,420,2,45,-7,-3,-4,5,1,1,3,4,-1,3,2,1,2,3,0,1,1,0,-2,2,-3,-7,10,-2,0,-1,-1,-1,-1,-1,4,-1
KR_6731549763,420,7,55,64,10,0,3,3,8,1,9,0,1,1,1,4,5,1,3,4,1,10,-28,1,-7,6,5,0,1,1,1,1,1,4,-1
KR_6750310182,420,-2,21,-10,-10,-5,7,2,-4,5,1,1,3,4,0,1,1,-2,2,0,0,-19,-5,-1,-7,8,-1,0,-2,-1,-1,-1,-1,2,-1
KR_6751432747,420,-4,-83,-30,-8,3,3,6,4,2,6,-3,3,0,-10,10,0,-2,3,1,1,-11,17,1,-8,7,-6,0,-1,-1,1,-1,1,6,-1
KR_6750820394,420,-1,6,23,-7,2,1,3,-3,5,2,2,0,2,-2,7,5,-6,7,1,0,-2,-16,-11,-4,15,-2,0,-2,0,-1,-1,-1,0,-1
KR_6749012996,420,-1,-25,-16,-4,-4,4,0,1,2,3,2,0,2,-2,4,2,-1,1,0,0,-3,34,-8,-8,16,-14,0,1,1,1,1,1,6,-1
KR_6732845496,420,0,-3,-4,-4,-2,3,1,-1,3,2,-4,4,0,3,1,4,0,2,2,0,-3,-4,-1,-5,6,4,0,1,-1,-1,1,1,2,-1
KR_6741985336,420,-1,9,-9,-8,0,2,2,-4,4,0,1,0,1,-4,4,0,-1,1,0,0,-8,-1,-1,-10,11,-10,0,0,-1,1,0,-1,1,-1
KR_6720219734,420,-3,-109,7,-3,-1,1,0,1,2,3,-3,3,0,0,1,1,0,0,0,0,-4,-1,-2,-8,10,1,0,0,-1,1,-1,1,5,-1
KR_6747984217,420,-3,-19,-14,-11,-2,2,0,-7,8,1,-2,3,1,1,0,1,-1,1,0,0,-11,-40,-5,-4,9,-1,0,0,-1,-1,1,-1,2,-1
KR_6718924905,420,-2,46,-20,-7,-1,1,0,0,2,2,1,2,3,0,1,1,-7,7,0,0,-5,-46,2,-12,10,4,0,-2,-1,-1,-1,1,2,-1
KR_6748517696,420,-7,-74,-63,-14,-7,8,1,4,5,9,-3,5,2,-3,3,0,-5,5,0,-2,-23,-6,5,-12,7,0,0,-1,-1,-1,-1,-1,2,-1
KR_6744466742,420,-2,-9,4,-6,-1,3,2,2,2,4,-2,2,0,-4,4,0,-1,2,1,0,-7,-29,-1,-10,11,1,0,1,-1,1,1,-1,6,-1
KR_6744648648,420,-3,-30,-6,-1,-1,2,1,4,2,6,-2,2,0,-2,5,3,0,0,0,0,-1,3,-1,-8,9,6,0,-2,-1,-1,-1,1,1,-1
KR_6747406127,420,-4,-12,-13,-17,-2,3,1,-5,6,1,-1,2,1,-8,9,1,-1,2,1,0,-22,-29,2,-5,3,-2,0,-2,-1,-1,-1,-1,3,-1
KR_6748397197,420,-3,-96,-15,-3,1,4,5,-7,8,1,0,3,3,4,1,5,-1,2,1,0,-1,1,5,-9,4,-8,0,0,-1,1,-1,-1,4,-1
KR_6749328287,440,-2,-4,-2,-4,-3,3,0,-2,3,1,5,2,7,-5,5,0,1,2,3,-3,-4,-9,-5,-5,10,2,0,-2,1,-1,-1,-1,1,-1
KR_6742394948,420,-1,-74,32,-3,-1,2,1,-1,2,1,-2,3,1,3,0,3,-2,2,0,0,2,5,-1,-6,7,-2,0,-1,1,1,-1,-1,2,-1
KR_6743819984,420,-1,-20,21,-5,-2,2,0,0,5,5,-7,7,0,4,2,6,0,1,1,0,-10,-33,4,-13,9,6,0,1,-1,1,1,-1,3,-1
KR_6744583913,420,-6,-61,-30,-6,-1,3,2,-1,1,0,-1,2,1,-3,6,3,0,1,1,0,-9,1,-5,-10,15,2,0,0,0,-1,-1,1,0,-1
KR_6747229649,420,-1,-21,12,2,1,1,2,-3,5,2,-1,2,1,6,3,9,-1,2,1,0,3,-37,-3,-3,6,4,0,0,1,-1,0,-1,2,-1
KR_6725807830,420,-2,-3,-12,-10,-3,3,0,-5,8,3,-4,6,2,4,3,7,-2,2,0,-1,-20,-72,2,-9,7,-4,0,0,-1,-1,-1,-1,2,-1
KR_6725369595,420,1,-8,-10,-9,2,1,3,4,1,5,-3,7,4,-10,11,1,-2,2,0,-2,-19,-6,-3,-6,9,1,0,-1,-1,-1,-1,-1,4,-1
KR_6744609160,420,2,-38,8,-5,2,0,2,3,0,3,-1,4,3,-8,8,0,-1,1,0,0,-8,-4,-2,-6,8,5,0,-1,-1,1,1,-1,5,-1
KR_6741656410,420,-1,-56,26,-3,-1,2,1,-2,3,1,-1,3,2,1,1,2,0,0,0,0,-7,65,1,-13,12,-18,0,-3,1,-1,-1,-1,5,-1
KR_6748385311,420,4,36,29,15,4,1,5,10,0,10,4,2,6,-2,4,2,-1,1,0,1,14,7,1,-8,7,4,0,0,1,1,0,1,3,-1
KR_6715905009,420,-2,-88,-19,-5,0,1,1,1,4,5,-3,3,0,-3,4,1,0,1,1,0,-4,32,0,-10,10,1,0,-1,-1,1,-1,-1,4,-1
KR_6749474733,420,2,28,10,2,0,2,2,0,2,2,0,1,1,2,2,4,0,1,1,0,0,-29,0,-8,8,5,0,0,1,-1,0,-1,1,-1
KR_6746775390,420,-3,-40,6,-5,-1,1,0,1,1,2,-6,7,1,0,2,2,1,1,2,0,-7,2,-5,-5,10,-4,0,0,1,-1,-1,-1,1,-1
KR_6749585670,420,0,-29,-1,0,-2,4,2,5,2,7,-5,5,0,2,2,4,0,1,1,0,12,25,4,-9,5,5,0,-1,1,1,-1,1,6,-1
KR_6749115594,420,0,-13,-5,0,3,0,3,3,0,3,-2,2,0,-2,4,2,-2,2,0,0,-5,-7,1,-10,9,-4,0,0,-1,1,0,1,5,-1
KR_6747375908,420,0,-18,-15,-2,-2,2,0,-1,7,6,-2,6,4,2,2,4,1,1,2,3,-3,-35,2,-8,6,-3,0,0,-1,-1,-1,1,1,-1
KR_6746397197,420,-4,-36,-44,-4,2,1,3,-2,5,3,2,0,2,-7,7,0,1,0,1,0,-13,-19,-3,-9,12,6,0,0,-1,1,1,1,2,-1
KR_6744011471,420,-3,-27,5,-7,-1,1,0,-6,8,2,1,2,3,4,1,5,-5,8,3,0,-15,-21,-1,-8,9,2,0,-2,-1,-1,-1,1,1,-1
KR_6733112239,420,-3,13,-11,-3,-2,4,2,2,3,5,-1,4,3,-4,5,1,2,0,2,0,-4,-14,-2,-7,9,3,0,-1,1,-1,-1,-1,4,-1
KR_6748389428,420,-4,-31,-8,-8,-3,3,0,-3,10,7,2,2,4,-2,4,2,-2,2,0,-1,-8,-8,-3,-5,8,-2,0,-1,-1,-1,-1,-1,3,-1
KR_6747685432,420,3,48,-14,3,0,1,1,-1,2,1,4,2,6,1,1,2,-1,2,1,0,-2,-5,0,-7,7,14,0,1,0,-1,1,1,0,-1
KR_6745207800,420,0,26,-8,-1,-2,3,1,0,2,2,-2,2,0,2,4,6,1,1,2,1,-14,39,-4,-7,11,0,0,0,-1,-1,-1,1,3,-1
KR_6734275617,420,-5,-44,-17,-11,-3,3,0,0,6,6,1,3,4,-7,11,4,-2,2,0,0,-26,-1,-2,-10,12,1,0,-1,-1,1,1,1,2,-1
KR_6743715108,420,0,-35,37,2,-3,3,0,5,1,6,4,0,4,-2,3,1,-2,2,0,0,4,27,3,-11,8,0,0,0,-1,1,1,-1,5,-1
KR_6744613081,420,1,-47,1,0,-3,5,2,1,3,4,-1,3,2,3,0,3,0,1,1,0,1,54,3,-12,9,-6,0,-2,-1,-1,-1,-1,5,-1
KR_6746347403,420,1,-1,-3,-2,-5,6,1,1,3,4,-1,3,2,2,1,3,1,0,1,-1,-6,9,-5,-3,8,1,0,-1,1,-1,1,-1,1,-1
KR_6740405628,420,-8,-54,-32,-17,-3,3,0,-6,8,2,-2,3,1,-4,7,3,-2,2,0,0,-27,-33,11,-16,5,-8,0,-2,-1,1,-1,-1,4,-1
KR_6743149259,420,-8,-138,-47,-24,-3,4,1,-1,3,2,-7,9,2,-9,11,2,-4,5,1,0,-19,-7,-2,-8,10,0,0,-1,-1,1,-1,-1,6,-1
KR_6742337043,440,-7,-153,-41,-15,-3,7,4,1,1,2,-2,2,0,-5,6,1,-6,7,1,1,-5,-5,5,-9,4,-3,0,-3,0,-1,-1,1,0,-1
KR_6747489312,420,0,-14,-17,-4,-1,4,3,-2,6,4,0,3,3,-2,5,3,1,0,1,-3,-2,-18,6,-15,9,-11,0,-2,-1,-1,-1,-1,1,-1
KR_6740179688,420,-2,-121,-21,-11,-2,4,2,-1,6,5,-1,2,1,-7,7,0,0,0,0,-1,-14,-32,-4,-1,5,0,0,-2,-1,1,-1,-1,6,-1
KR_6751369975,420,-1,-27,6,-4,1,0,1,0,2,2,-3,3,0,-1,2,1,-1,1,0,0,-5,-5,-3,-6,9,5,0,0,1,1,1,-1,4,-1
KR_6724980291,420,-7,-97,-39,-18,-6,6,0,-2,5,3,0,2,2,-10,12,2,0,1,1,0,-10,-13,-4,-4,8,4,0,-4,-1,-1,-1,-1,4,-1
KR_6744721237,420,-5,-44,-7,-10,4,0,4,-5,7,2,0,1,1,-4,6,2,-5,5,0,0,-17,26,0,-7,7,1,0,0,-1,1,1,1,2,-1
KR_6743658153,420,1,19,21,-6,-4,5,1,-2,4,2,-1,1,0,-1,2,1,2,1,3,0,-2,-2,-1,-10,11,2,0,0,1,-1,-1,-1,4,-1
KR_6747166288,420,2,-11,-33,2,3,1,4,2,3,5,2,3,5,-3,5,2,-2,2,0,0,15,-7,-2,-6,8,2,0,-1,-1,-1,-1,-1,6,-1
KR_6745408686,420,0,-5,-4,0,-3,4,1,-1,1,0,0,0,0,1,1,2,3,0,3,0,1,8,-3,-6,9,-5,0,-1,-1,-1,-1,1,2,-1
KR_6745472129,420,0,-33,5,-5,-2,3,1,-2,3,1,-3,4,1,-1,4,3,3,1,4,0,5,38,2,-11,9,0,0,0,-1,-1,1,-1,5,-1
KR_6745459593,420,-9,-41,-40,-19,-6,6,0,-5,6,1,-1,3,2,-5,8,3,-2,3,1,0,-16,-12,-3,-7,10,6,0,-4,-1,-1,-1,-1,4,-1
KR_6749996916,420,-1,-64,14,-5,-4,4,0,-1,5,4,0,1,1,-1,2,1,1,0,1,0,-14,-13,-4,-8,12,-2,0,0,-1,1,1,-1,4,-1
KR_6750571686,420,-4,-72,27,-4,-3,5,2,1,2,3,0,3,3,-1,2,1,-1,1,0,0,1,-31,3,-9,6,-5,0,-3,-1,1,-1,1,3,-1
KR_6744999443,420,-1,-19,28,0,0,2,2,-2,6,4,6,3,9,-4,4,0,0,0,0,0,1,11,0,-8,8,-2,0,-1,1,1,1,1,2,-1
KR_6736569111,420,-1,-31,-11,-3,-3,5,2,-1,2,1,0,2,2,0,2,2,1,0,1,0,-3,-5,-5,-8,13,5,0,-1,0,-1,-1,-1,0,-1
KR_6743537678,420,3,-3,12,5,3,0,3,-1,2,1,-1,3,2,3,1,4,1,0,1,0,12,6,4,-11,7,0,0,0,1,-1,1,-1,2,-1
KR_6749480417,420,-5,-10,-26,-16,-6,8,2,-4,4,0,-6,6,0,1,2,3,-1,1,0,-1,-17,-9,-9,-3,12,2,0,-1,-1,-1,-1,-1,4,-1
KR_6726318224,420,0,-11,4,-3,-3,5,2,-2,4,2,1,1,2,-1,5,4,2,2,4,0,-5,-6,-4,-7,11,5,0,-1,1,-1,-1,1,5,-1
KR_6748020670,420,1,-4,-15,5,-1,2,1,3,4,7,0,4,4,3,1,4,0,1,1,2,16,21,-1,-8,9,4,0,0,0,-1,0,1,0,-1
KR_6747820899,420,1,2,31,-1,0,2,2,-4,6,2,3,1,4,-1,1,0,1,0,1,0,0,-5,-5,-5,10,3,0,-1,-1,1,1,-1,2,-1
KR_6735485340,420,-3,-49,23,-13,1,1,2,-5,5,0,-2,2,0,-1,3,2,-6,7,1,0,-23,0,-2,-8,10,0,0,0,1,-1,-1,-1,6,-1
KR_6739912425,420,-2,-57,-2,-2,2,1,3,1,2,3,2,2,4,-5,5,0,-2,2,0,-1,-3,-4,-3,-6,9,-2,0,1,-1,1,1,-1,6,-1
KR_6747201231,420,2,9,-12,7,0,3,3,4,5,9,-1,3,2,3,5,8,1,0,1,-1,16,1,-1,-6,7,-4,0,0,0,1,1,-1,0,-1
KR_6747438442,420,-1,-24,18,-5,-3,4,1,0,2,2,0,3,3,-1,3,2,-1,1,0,0,-5,0,-3,-9,12,-9,0,-2,-1,-1,-1,-1,1,-1
KR_6749637415,420,0,2,21,-1,-1,1,0,4,3,7,-2,4,2,-3,5,2,1,0,1,0,5,-2,-6,-4,10,3,0,-1,1,-1,-1,-1,4,-1
KR_6748756776,420,-4,-35,-27,-4,0,0,0,-1,3,2,0,1,1,-3,3,0,0,1,1,-2,0,-37,-6,-6,12,-1,0,-2,1,-1,-1,-1,4,-1
KR_6742619621,420,-5,-60,-12,-20,-5,8,3,-5,6,1,0,5,5,-8,12,4,-2,3,1,-1,-13,7,-2,-4,6,-3,0,-2,-1,-1,-1,-1,6,-1
KR_6749389786,420,0,12,-10,3,-2,2,0,-2,3,1,1,2,3,6,1,7,0,1,1,0,6,3,1,-10,9,-3,0,-2,1,-1,-1,-1,5,-1
KR_6749605340,420,1,47,12,-6,0,1,1,-8,11,3,-2,4,2,1,5,6,3,0,3,0,-17,4,-7,-4,11,4,0,0,1,-1,0,-1,1,-1
KR_6747299239,420,2,-20,-10,7,2,2,4,2,2,4,3,1,4,-1,5,4,1,1,2,-1,12,0,-1,-6,7,3,0,0,-1,1,0,1,1,-1
KR_6744162876,420,-2,-31,6,1,-2,2,0,3,2,5,-4,4,0,3,2,5,1,0,1,0,5,-28,3,-10,7,0,0,0,-1,1,1,-1,5,-1
KR_6747619175,420,2,-4,-4,1,0,3,3,0,2,2,0,1,1,0,2,2,1,1,2,0,1,9,-6,-8,14,2,0,0,-1,-1,-1,-1,6,-1
KR_6749981526,420,-1,10,-25,-6,-1,1,0,-2,5,3,-3,6,3,0,3,3,0,0,0,-3,-12,-8,-5,-4,9,5,0,0,-1,-1,0,-1,2,-1
KR_6751044676,420,-1,-32,-12,0,-4,4,0,5,1,6,2,3,5,-4,7,3,1,1,2,-1,4,-1,1,-8,7,-1,0,0,1,1,-1,-1,6,-1
KR_6741713573,420,1,19,-8,2,-3,3,0,-1,3,2,5,0,5,-1,3,2,2,0,2,0,-3,62,-5,-8,13,0,0,0,1,-1,1,1,2,-1
KR_6720526443,420,2,-33,-7,4,-8,8,0,4,1,5,0,4,4,10,2,12,-2,2,0,0,20,3,3,-9,6,7,0,-1,1,-1,-1,1,5,-1
KR_6743661786,420,-6,-5,-32,-11,-2,4,2,-4,4,0,-1,3,2,-5,5,0,1,1,2,0,-11,-11,-4,-6,10,2,0,-1,1,-1,-1,-1,3,-1
KR_6748931984,420,1,20,-15,0,3,2,5,0,4,4,-1,2,1,-4,5,1,2,0,2,0,-4,0,0,-11,11,-1,0,-1,1,1,-1,-1,2,-1
KR_6749745498,420,-1,-36,-12,0,1,2,3,-3,5,2,2,1,3,1,0,1,-1,1,0,0,-2,-38,0,-5,5,-5,0,0,-1,1,0,1,2,-1
KR_6748489857,420,-3,-44,-48,-10,-5,6,1,3,1,4,-3,4,1,-3,3,0,-2,2,0,0,-18,6,-2,-6,8,-1,0,-1,-1,1,1,-1,5,-1
KR_6750226582,420,-5,-46,11,-6,0,0,0,-7,9,2,1,2,3,1,0,1,-1,2,1,0,-7,5,4,-9,5,-1,0,0,-1,1,-1,-1,5,-1
KR_6728544770,420,-3,-26,-5,-4,-2,3,1,-2,3,1,-1,3,2,1,5,6,0,0,0,0,-7,12,7,-15,8,-6,0,0,1,-1,0,1,2,-1
KR_6746792102,420,0,-6,-28,7,1,1,2,4,2,6,2,2,4,0,4,4,0,0,0,0,9,-1,1,-6,5,0,0,1,1,1,1,1,1,-1
KR_6748267941,420,-1,-6,28,-6,-6,6,0,1,1,2,2,1,3,-1,1,0,-2,3,1,0,-4,-3,0,-7,7,-6,0,-2,1,-1,-1,-1,1,-1
KR_6747239741,420,-3,34,-51,-4,0,1,1,-1,3,2,-4,4,0,2,1,3,-1,1,0,0,1,26,-4,-7,11,-4,0,0,1,1,-1,1,2,-1
KR_6748713912,420,1,13,26,-5,-4,4,0,1,5,6,1,1,2,0,4,4,-3,4,1,1,-6,6,8,-13,5,2,0,0,0,1,1,1,0,-1
KR_6735978334,420,-3,38,-23,-7,4,0,4,-5,5,0,-2,3,1,-4,5,1,0,1,1,0,-10,-17,-5,-3,8,-6,0,-1,-1,-1,-1,1,5,-1
KR_6751530053,420,0,8,-24,0,1,2,3,-3,7,4,0,2,2,3,4,7,-1,1,0,-1,4,-2,0,-5,5,2,0,-1,1,1,-1,-1,6,-1
KR_6746103448,420,-7,-79,-39,-13,-2,2,0,-4,4,0,-5,5,0,-2,6,4,0,1,1,0,-15,-40,-3,-12,15,-2,0,-2,-1,1,-1,-1,1,-1
KR_6751122057,420,-6,-41,-11,-11,-3,3,0,-5,6,1,0,4,4,-2,3,1,-1,1,0,0,-9,-5,0,-5,5,-2,0,-3,-1,1,-1,-1,4,-1
KR_6750747924,420,1,-47,-5,-4,-2,2,0,1,4,5,-4,5,1,2,4,6,-1,2,1,0,2,6,-3,-5,8,0,0,-1,-1,-1,-1,1,6,-1
KR_6737408597,420,1,-11,20,1,1,0,1,-3,5,2,4,1,5,-2,3,1,1,1,2,0,3,-2,2,-7,5,5,0,0,-1,1,0,-1,5,-1
KR_6744592183,420,-5,-30,-23,-7,-3,4,1,1,2,3,-2,3,1,-2,3,1,-1,1,0,0,-11,-6,1,-10,9,-7,0,-1,-1,-1,-1,-1,1,-1
KR_6737507475,420,-4,-17,28,-17,-1,3,2,-5,9,4,-1,2,1,-10,10,0,0,1,1,0,-18,-19,-6,-2,8,-1,0,0,-1,-1,1,-1,1,-1
KR_6750435916,420,3,21,24,3,-1,1,0,3,2,5,1,2,3,1,3,4,-1,1,0,1,0,11,7,-12,5,-1,0,1,1,1,1,1,2,-1
KR_6736629530,420,-4,-50,-6,-13,-6,6,0,-6,6,0,-1,2,1,0,2,2,0,1,1,0,-18,0,1,-10,9,-6,0,-2,1,-1,-1,-1,5,-1
KR_6738800089,420,0,9,48,-6,1,2,3,-1,5,4,-3,4,1,-2,6,4,-1,1,0,1,1,39,4,-16,12,-2,0,-1,-1,-1,-1,1,2,-1
KR_6750036561,420,-3,3,-23,-2,0,1,1,1,4,5,-3,5,2,-3,3,0,3,0,3,1,-8,2,0,-7,7,-5,0,-1,1,1,-1,1,3,-1
KR_6750621026,420,-1,21,-15,2,5,0,5,-1,1,0,-2,4,2,0,3,3,0,3,3,1,-5,16,7,-13,6,-7,0,1,1,-1,1,1,6,-1
KR_6749620809,420,-3,4,-39,-8,2,1,3,-8,9,1,-2,4,2,0,2,2,0,0,0,0,-16,9,3,-11,8,-2,0,-1,1,-1,-1,-1,2,-1
KR_6716767412,420,0,13,-1,-4,4,1,5,2,0,2,-7,8,1,-1,1,0,-2,3,1,0,-13,-9,-2,-8,10,7,0,-1,-1,-1,-1,-1,6,-1
KR_6749018665,420,-1,2,-38,5,4,0,4,-1,2,1,4,1,5,-2,2,0,0,0,0,0,7,0,0,-9,9,-1,0,-1,-1,1,-1,1,1,-1
KR_6746612557,420,-4,-51,-38,-10,-2,3,1,0,4,4,-6,9,3,-2,6,4,0,1,1,0,-16,31,2,-7,5,-3,0,-1,-1,-1,-1,1,4,-1
KR_6746012136,420,-3,15,-1,-17,-2,4,2,-6,6,0,-2,3,1,-3,4,1,-4,4,0,0,-19,-47,-1,-6,7,-2,0,-2,-1,-1,-1,-1,1,-1
KR_6749607495,420,-5,-87,22,-7,-4,5,1,0,2,2,-3,3,0,-1,1,0,1,1,2,0,3,-3,7,-10,3,-4,0,-1,1,1,-1,-1,3,-1
KR_6744255412,420,-5,-40,-43,-5,0,0,0,-5,7,2,-5,5,0,4,1,5,1,0,1,-1,-16,12,0,-10,10,5,0,1,-1,1,1,-1,3,-1
KR_6750655497,420,-2,-54,-9,-11,-3,4,1,-1,7,6,-1,2,1,-6,12,6,0,1,1,0,-13,-6,-8,-4,12,-3,0,-2,-1,-1,-1,-1,4,-1
KR_6743607268,420,-6,-104,-32,-5,-6,7,1,-1,2,1,-1,2,1,2,1,3,1,0,1,1,3,-41,4,-9,5,1,0,-1,-1,-1,-1,1,6,-1
KR_6723083849,420,1,-14,-6,-3,1,4,5,-1,2,1,2,1,3,-3,5,2,-2,2,0,0,-4,-39,-2,-10,12,4,0,0,1,-1,-1,-1,4,-1
KR_6749007576,420,-1,-65,22,-5,-4,4,0,1,2,3,2,0,2,-4,4,0,0,1,1,0,0,30,4,-13,9,-5,0,-1,1,1,-1,-1,6,-1
KR_6740463210,420,-6,17,-48,-7,-8,8,0,1,3,4,-1,2,1,1,0,1,0,1,1,0,4,-24,10,-14,4,-1,0,-1,-1,-1,-1,1,5,-1
KR_6745142393,420,-1,-11,-5,-8,0,2,2,0,4,4,-2,4,2,-5,6,1,-1,1,0,-1,-12,3,3,-13,10,-4,0,0,1,1,1,-1,4,-1
KR_6751641853,420,2,16,-7,4,2,0,2,-1,2,1,2,2,4,2,2,4,-1,2,1,1,6,4,-1,-6,7,1,0,0,-1,1,0,-1,6,-1
KR_6743724140,420,-4,-50,-20,-6,0,2,2,-1,7,6,-1,3,2,-5,7,2,1,0,1,0,-8,2,-4,-4,8,-3,0,-2,-1,-1,-1,-1,4,-1
KR_6741366505,420,-11,-140,-13,-33,-10,10,0,-4,5,1,-5,5,0,-13,13,0,-1,1,0,-1,-29,-13,-8,-4,12,4,0,-4,0,-1,-1,-1,0,-1
KR_6749680777,440,-1,-51,-8,-3,0,1,1,-3,3,0,2,1,3,-1,3,2,-1,2,1,0,-2,-43,0,-4,4,21,0,1,1,0,1,1,4,-1
KR_6728762514,420,0,-6,-26,-2,1,0,1,-1,5,4,-5,6,1,1,3,4,2,0,2,0,-7,12,-2,-8,10,-8,0,-1,-1,-1,-1,1,5,-1
KR_6751392336,420,-3,-45,-15,-6,-1,1,0,1,1,2,1,3,4,-4,4,0,-3,3,0,-1,-22,5,-2,-6,8,3,0,-2,-1,1,-1,-1,6,-1
KR_6744257622,420,-5,52,-36,-9,1,1,2,-3,4,1,-6,9,3,0,1,1,-1,1,0,0,-21,1,1,-5,4,-3,0,0,1,-1,0,-1,2,-1
KR_6750758785,420,-1,1,8,-3,-3,3,0,-3,5,2,-1,1,0,4,2,6,0,0,0,1,-5,-2,-1,-9,10,5,0,0,1,-1,-1,1,2,-1
KR_6749260133,420,-5,-23,-45,-10,-2,3,1,-1,5,4,-5,9,4,-1,2,1,-1,1,0,0,-7,-20,-3,-6,9,-1,0,0,-1,1,0,-1,5,-1
KR_6737287784,420,0,12,3,2,0,3,3,2,3,5,2,3,5,-4,5,1,2,1,3,0,3,19,6,-12,6,0,0,1,1,1,1,1,1,-1
KR_6737279054,420,-5,-23,-32,-2,0,0,0,-1,3,2,-1,2,1,0,1,1,0,0,0,0,-2,-2,-5,-6,11,-5,0,-1,-1,-1,-1,-1,5,-1
KR_6736906254,420,2,-85,64,-1,-1,1,0,-2,4,2,-3,4,1,4,0,4,1,0,1,1,1,5,3,-9,6,-2,0,-1,-1,1,-1,1,2,-1
KR_6741143680,420,-4,18,-27,-5,0,0,0,1,1,2,-5,5,0,-2,3,1,1,0,1,0,-9,-17,0,-8,8,-6,0,1,-1,-1,1,-1,6,-1
KR_6751693181,440,3,26,11,15,6,2,8,0,3,3,4,0,4,1,1,2,4,0,4,1,11,4,0,-7,7,0,0,2,-1,1,1,1,2,-1
KR_6748692782,440,-3,-27,-19,-7,-9,10,1,2,1,3,-3,4,1,4,1,5,-1,3,2,-2,-8,-51,-4,-4,8,-1,0,-1,0,-1,-1,-1,0,-1
KR_6748981733,420,1,29,10,0,1,1,2,0,3,3,0,2,2,-1,2,1,0,2,2,0,0,2,-6,-4,10,-4,0,0,-1,1,-1,-1,3,-1
KR_6730466683,420,3,9,-14,5,-1,1,0,0,4,4,-1,4,3,6,0,6,1,1,2,-1,10,-6,6,-12,6,4,0,0,1,-1,0,-1,2,-1
KR_6747017727,420,-2,-25,-3,-2,1,0,1,-1,3,2,-2,2,0,-1,3,2,1,0,1,0,-5,-4,-4,-4,8,2,0,0,-1,-1,0,1,3,-1
KR_6751354454,420,-3,-81,-4,-10,-2,4,2,-2,3,1,-1,1,0,-5,5,0,0,0,0,0,-9,1,-4,-5,9,1,0,-1,-1,1,-1,1,4,-1
KR_6745237571,440,-3,-18,-15,-3,0,0,0,0,1,1,0,2,2,-3,5,2,0,1,1,0,-3,-45,-6,-4,10,9,0,-1,-1,-1,-1,1,6,-1
KR_6741157700,440,-2,0,-55,1,2,0,2,0,5,5,0,1,1,0,1,1,-1,2,1,0,-2,-6,3,-8,5,0,0,-1,-1,-1,-1,1,3,-1
KR_6750872405,420,-1,-58,9,-5,-4,5,1,-3,5,2,0,2,2,-3,4,1,5,1,6,0,-9,7,1,-10,9,4,0,1,-1,1,1,-1,3,-1
KR_6749581609,420,-3,-57,-12,0,0,2,2,-2,4,2,3,1,4,-3,4,1,2,0,2,0,5,-7,-1,-6,7,-6,0,-1,1,1,-1,-1,2,-1
KR_6747951557,420,-5,-8,-3,-6,-8,8,0,3,0,3,1,2,3,-2,6,4,0,1,1,0,-8,-38,4,-11,7,-6,0,0,-1,1,-1,-1,4,-1
KR_6743951594,420,-9,-57,-24,-16,-1,1,0,-6,7,1,-8,9,1,0,1,1,-1,1,0,0,-23,3,-2,-8,10,-3,0,-1,-1,-1,-1,-1,1,-1
KR_6749821523,420,4,95,12,0,1,0,1,-1,2,1,-2,6,4,1,6,7,1,0,1,0,-3,44,2,-9,7,-24,0,2,-1,1,1,-1,4,-1
KR_6746403156,440,-2,-65,-23,-6,-6,7,1,1,2,3,-1,1,0,-1,4,3,1,0,1,0,0,-7,-3,-4,7,1,0,-1,1,-1,-1,-1,1,-1
KR_6728988995,420,1,-80,22,-2,0,2,2,2,0,2,0,1,1,-5,6,1,1,0,1,0,-10,72,1,-9,8,0,0,-1,-1,1,-1,-1,4,-1
KR_6748524323,420,-3,-25,-12,-2,-2,2,0,1,2,3,1,0,1,-1,2,1,-1,2,1,0,-6,9,1,-8,7,-8,0,1,1,-1,1,1,6,-1
KR_6739482403,420,-3,-32,-24,-2,1,0,1,-4,5,1,-1,5,4,2,3,5,0,1,1,0,5,2,-1,-6,7,-3,0,-1,-1,-1,-1,1,1,-1
