matchId,queueId,Diff_LV,Diff_CS,Diff_jglCS,Diff-K,Diff-K-top,K-WIN-top,K-LOSE-top,Diff-K-jug,K-WIN-jug,K-LOSE-jug,Diff-K-mid,K-WIN-mid,K-LOSE-mid,Diff-K-ad,K-WIN-ad,K-LOSE-ad,Diff-K-sup,K-WIN-sup,K-LOSE-sup,invadeKill,Diff-A,Diff_WARDplaced,Diff-ControlWARDplaced,LOSE_controlWARDPlaced,WIN_controlWARDPlaced,Diff_WARDkill,Diff_Inhibitor,Diff_TOWERkill,Diff_FirstDRAGON,Diff_FirstHERALD,Diff_Firsttower,Diff_FirstBLOOD,dragonType,result
KR_6765434593,420,0,-18,-28,2,4,1,5,0,4,4,-5,5,0,4,0,4,-1,2,1,2,1,215,-1,-6,7,-1,0,0,-1,1,0,1,2,-1
KR_6738129155,420,-3,-32,3,-4,-1,1,0,-3,4,1,-3,6,3,2,2,4,1,1,2,0,-2,-5,0,-5,5,1,0,-2,1,-1,-1,1,1,-1
KR_6763196345,420,-2,4,-29,-2,3,3,6,-4,4,0,0,1,1,-1,2,1,0,0,0,0,-5,9,-1,-6,7,-3,0,0,1,1,0,1,5,-1
KR_6758274244,420,-1,-21,-7,-3,-3,3,0,-2,3,1,-1,1,0,0,3,3,3,0,3,0,4,-35,1,-7,6,-1,0,-1,1,-1,-1,-1,4,-1
KR_6763345588,420,-3,5,-19,-10,4,0,4,-4,4,0,-1,1,0,-3,3,0,-6,6,0,0,-15,4,3,-5,2,2,0,-2,-1,-1,-1,-1,2,-1
KR_6755384470,420,0,-40,-3,4,1,4,5,0,1,1,2,2,4,1,3,4,0,1,1,0,11,17,-1,-6,7,4,0,-1,-1,1,1,1,1,-1
KR_6767646220,420,-2,-26,-43,-2,-1,3,2,0,4,4,2,2,4,-1,3,2,-2,2,0,-2,7,-16,9,-11,2,-3,0,-3,-1,-1,-1,-1,5,-1
KR_6777277471,420,-2,-18,-13,-9,2,1,3,-3,4,1,-5,5,0,-4,5,1,1,0,1,0,-4,-3,0,-5,5,-2,0,-3,-1,-1,-1,-1,4,-1
KR_6740579319,420,3,-10,20,6,0,0,0,2,2,4,4,5,9,3,2,5,-3,4,1,0,4,-3,-8,-3,11,0,0,2,-1,1,1,1,2,-1
KR_6770424960,420,-2,-43,-20,-3,0,3,3,-2,5,3,-3,3,0,2,3,5,0,0,0,0,-5,16,3,-7,4,-4,0,0,-1,1,0,1,1,-1
KR_6774854312,420,-3,-42,9,-6,-3,4,1,-2,5,3,0,2,2,0,2,2,-1,2,1,0,-4,-9,-1,-6,7,-2,0,-3,-1,1,-1,-1,3,-1
KR_6691148200,420,0,-27,-16,-8,1,0,1,-4,5,1,-4,5,1,-2,5,3,1,1,2,-1,-5,0,-4,-4,8,1,0,-2,1,-1,-1,-1,5,-1
KR_6773469913,420,2,-76,1,0,-1,3,2,2,1,3,-3,3,0,2,1,3,0,0,0,0,10,43,0,-5,5,-2,0,-2,1,-1,-1,-1,5,-1
KR_6775731564,420,0,21,-16,-2,-1,3,2,0,3,3,0,1,1,0,2,2,-1,4,3,0,0,-11,-3,-5,8,-3,0,1,-1,1,1,-1,3,-1
KR_6739572044,420,-5,-68,-40,-8,-2,4,2,-2,6,4,-3,5,2,0,6,6,-1,3,2,0,-7,25,-1,-4,5,-3,0,0,1,-1,-1,-1,5,-1
KR_6776039330,420,-3,-58,-9,-10,-2,4,2,-3,5,2,-3,5,2,-2,3,1,0,1,1,0,-9,16,-2,-5,7,-6,0,-2,-1,-1,-1,-1,1,-1
KR_6762968849,420,-1,-90,35,-2,1,1,2,1,2,3,-3,3,0,2,0,2,-3,5,2,0,-4,-24,6,-7,1,5,0,-1,-1,1,-1,1,5,-1
KR_6753273619,420,-3,14,-37,-6,-2,3,1,0,2,2,-2,7,5,-1,2,1,-1,2,1,0,-6,-4,5,-8,3,-3,0,-1,-1,1,-1,-1,2,-1
KR_6751131055,420,-2,-12,3,-11,-9,11,2,-1,5,4,1,4,5,-1,3,2,-1,2,1,-1,-17,3,4,-9,5,-4,0,-1,-1,1,1,-1,5,-1
KR_6732407997,420,-3,-65,-7,-5,2,1,3,-4,5,1,0,1,1,-3,3,0,0,0,0,0,-13,-7,-1,-4,5,-4,0,-1,-1,-1,-1,1,3,-1
KR_6703080309,420,1,55,8,4,-1,4,3,2,3,5,0,1,1,2,0,2,1,1,2,0,5,-45,4,-8,4,-2,0,1,1,-1,1,1,6,-1
KR_6737887062,420,3,21,-1,6,3,0,3,2,6,8,0,1,1,0,1,1,1,0,1,0,-1,17,5,-9,4,0,0,0,1,1,1,-1,5,-1
KR_6769139820,440,-4,-33,-56,-17,1,3,4,0,1,1,-2,4,2,-7,9,2,-9,11,2,-1,-18,3,-1,-2,3,-1,0,-2,-1,0,-1,-1,5,-1
KR_6771064678,440,2,-18,3,-3,2,1,3,-5,8,3,0,2,2,0,2,2,0,0,0,1,2,-22,-1,-6,7,7,0,1,1,-1,1,1,3,-1
KR_6759666053,420,-1,7,-15,0,3,1,4,-3,4,1,-2,3,1,1,2,3,1,0,1,0,0,-2,-2,-9,11,-3,0,1,-1,1,1,1,5,-1
KR_6769492330,420,-4,-22,-4,-8,-3,4,1,0,1,1,-2,3,1,-4,6,2,1,0,1,-1,-6,0,1,-6,5,-4,0,0,-1,1,0,-1,5,-1
KR_6774648096,420,-2,60,1,-6,0,0,0,-3,3,0,-3,5,2,-1,3,2,1,0,1,1,-11,15,-1,-4,5,-2,0,1,-1,1,1,1,3,-1
KR_6770581563,420,0,-43,24,0,0,1,1,2,2,4,5,2,7,-6,8,2,-1,2,1,0,-5,362,-1,-6,7,-4,0,0,0,-1,-1,-1,0,-1
KR_6777762604,420,3,-2,55,-4,0,2,2,0,4,4,-4,4,0,-2,3,1,2,0,2,-1,-11,4,0,-5,5,-3,0,1,-1,1,1,-1,2,-1
KR_6751993734,420,0,-8,12,-1,-3,5,2,-2,4,2,2,2,4,-1,4,3,3,1,4,0,8,109,-5,-7,12,-1,0,-2,-1,-1,-1,1,1,-1
KR_6693819706,420,-6,-38,-40,-14,-1,3,2,-6,10,4,-5,9,4,-3,6,3,1,1,2,0,-6,-3,1,-4,3,1,0,-2,-1,1,-1,-1,3,-1
KR_6770135252,440,-1,-39,12,0,-2,2,0,4,3,7,-3,4,1,1,4,5,0,2,2,0,4,32,-3,-3,6,-4,0,-2,0,-1,-1,1,0,-1
KR_6776004294,420,-3,-94,-28,-15,-2,4,2,-1,2,1,-6,7,1,-4,6,2,-2,2,0,0,-14,0,-2,-6,8,-2,0,-2,-1,-1,-1,-1,2,-1
KR_6755931189,420,-7,-96,-29,-11,-1,3,2,-1,2,1,-4,4,0,-2,3,1,-3,3,0,-1,-12,-5,3,-5,2,-4,0,-5,-1,-1,-1,-1,4,-1
KR_6733415997,420,-1,-4,0,-2,4,0,4,3,1,4,-5,6,1,-5,6,1,1,2,3,0,-16,8,0,-5,5,-5,0,2,-1,1,1,-1,5,-1
KR_6761840871,440,4,15,18,4,-1,3,2,1,3,4,1,1,2,0,1,1,3,2,5,0,4,27,6,-7,1,-4,0,0,0,1,0,-1,0,-1
KR_6629615777,420,-1,-47,-8,-4,3,2,5,-2,4,2,-3,4,1,0,2,2,-2,2,0,0,-6,-10,2,-8,6,-3,0,-1,-1,1,-1,-1,5,-1
KR_6769358322,420,-1,-41,-29,-3,1,1,2,-5,9,4,-1,1,0,3,5,8,-1,1,0,0,8,-33,1,-6,5,-2,0,1,-1,1,1,-1,5,-1
KR_6771643480,420,-4,-22,-3,-12,-1,1,0,-1,1,0,-3,3,0,-4,5,1,-3,3,0,0,-10,-2,-2,-4,6,-2,0,-1,-1,-1,-1,-1,5,-1
KR_6726277746,420,-3,-28,-12,-5,-6,6,0,-1,2,1,-1,2,1,4,4,8,-1,2,1,0,-3,-38,-1,-6,7,-2,0,-2,-1,-1,-1,-1,2,-1
KR_6764729464,420,-5,-74,-32,-12,2,2,4,-8,9,1,-1,4,3,-4,5,1,-1,2,1,-1,-13,39,2,-7,5,-1,0,-1,-1,1,-1,-1,2,-1
KR_6753267989,420,-1,43,23,-4,0,0,0,-5,6,1,-1,3,2,1,4,5,1,0,1,0,-7,-161,-2,-5,7,-2,0,1,-1,-1,1,1,5,-1
KR_6761925957,420,5,76,3,3,0,3,3,2,4,6,-2,4,2,3,0,3,0,1,1,0,3,1,1,-7,6,0,0,1,1,-1,1,1,1,-1
KR_6752254165,420,2,1,-15,4,-5,7,2,3,1,4,3,4,7,2,2,4,1,1,2,0,13,-12,3,-6,3,3,0,-2,-1,-1,-1,-1,1,-1
KR_6633592117,420,-1,-49,8,-5,0,0,0,-1,5,4,-1,1,0,-2,2,0,-1,3,2,0,-8,-7,-5,-4,9,1,0,-1,1,-1,-1,-1,1,-1
KR_6766235416,420,1,-1,23,3,2,3,5,0,2,2,-1,2,1,2,1,3,0,1,1,1,3,3,4,-11,7,0,0,0,1,1,0,1,3,-1
KR_6775548289,420,-2,-68,-24,0,6,2,8,-1,3,2,0,2,2,-3,5,2,-2,2,0,0,-3,117,-6,-5,11,0,0,-1,-1,1,-1,1,5,-1
KR_6776157796,420,-4,-58,-4,-8,2,3,5,2,2,4,-9,9,0,-1,2,1,-2,7,5,-1,-9,-10,-3,-7,10,0,0,-2,-1,-1,-1,-1,5,-1
KR_6748061542,420,-6,-52,5,-22,-2,3,1,-2,5,3,-12,14,2,-5,5,0,-1,1,0,1,-24,-20,-2,-3,5,1,0,-1,-1,-1,-1,1,3,-1
KR_6763412580,420,-3,-20,18,-9,-4,6,2,-1,2,1,-1,2,1,-7,7,0,4,1,5,0,-12,-15,-3,-4,7,6,0,0,-1,1,-1,-1,4,-1
KR_6773057066,420,-4,23,0,-9,-1,2,1,-1,4,3,-3,6,3,-4,7,3,0,1,1,2,-5,-2,-6,-2,8,-3,0,0,-1,-1,0,1,6,-1
KR_6771499794,420,-3,-80,8,-13,-4,4,0,-3,3,0,-1,3,2,-3,5,2,-2,2,0,0,-13,5,0,-5,5,2,0,0,-1,-1,-1,1,5,-1
KR_6777805789,420,0,-15,11,0,-2,3,1,2,1,3,-2,2,0,1,0,1,1,2,3,0,1,3,2,-9,7,-7,0,0,-1,1,0,1,5,-1
KR_6740391139,440,1,-16,-2,2,-4,5,1,1,1,2,-1,3,2,5,0,5,1,0,1,0,4,-10,0,-8,8,-2,0,1,1,-1,-1,-1,6,-1
KR_6765416681,420,-6,-91,-4,-13,-6,6,0,-1,1,0,-3,4,1,-2,4,2,-1,3,2,0,-8,3,1,-6,5,-4,0,0,1,-1,-1,-1,4,-1
KR_6774389690,420,0,-28,26,3,1,0,1,0,1,1,0,4,4,2,2,4,0,0,0,0,14,-2,-1,-6,7,-1,0,-1,1,-1,-1,-1,6,-1
KR_6774471624,440,-1,69,-1,-15,0,2,2,-8,9,1,-5,5,0,-1,3,2,-1,1,0,0,-16,17,2,-2,0,-21,0,-2,-1,-1,-1,-1,1,-1
KR_6773673855,420,-3,-47,-17,-1,3,1,4,-3,3,0,1,2,3,-5,7,2,3,0,3,0,-4,-152,-3,-4,7,30,0,0,1,-1,-1,1,1,-1
KR_6750938204,420,-5,-65,-39,-3,-2,2,0,-5,6,1,4,0,4,2,0,2,-2,2,0,0,-7,13,3,-9,6,-4,0,0,1,1,0,-1,3,-1
KR_6770076541,420,-3,-6,-28,-7,-1,2,1,-1,2,1,1,3,4,-4,7,3,-2,3,1,0,-9,3,-1,-8,9,3,0,0,-1,-1,1,-1,1,-1
KR_6770887249,420,2,8,-11,-2,1,2,3,-2,3,1,0,1,1,0,2,2,-1,1,0,0,-10,0,2,-7,5,-2,0,0,-1,1,0,-1,4,-1
KR_6766538569,420,-3,16,-37,-7,-2,2,0,-3,4,1,1,2,3,-2,5,3,-1,3,2,0,-11,-48,-1,-6,7,19,0,0,-1,1,0,1,6,-1
KR_6775548415,420,-2,-28,-2,0,0,0,0,-3,5,2,-2,4,2,4,2,6,1,0,1,0,4,-5,1,-9,8,27,0,-1,1,-1,-1,-1,3,-1
KR_6773399811,420,1,-6,-9,4,1,2,3,0,1,1,1,1,2,2,0,2,0,0,0,1,6,6,7,-9,2,1,0,1,1,-1,1,1,5,-1
KR_6682536453,420,-7,-56,-24,-17,-10,10,0,0,4,4,-4,4,0,-2,3,1,-1,2,1,0,-20,-30,-3,-3,6,-1,0,-1,1,-1,-1,1,4,-1
KR_6697213088,420,2,51,33,1,0,4,4,-1,6,5,2,3,5,4,1,5,-4,4,0,-1,-14,1,-1,-7,8,-2,0,0,-1,1,1,-1,1,-1
KR_6751356401,420,-7,-56,-35,-10,-5,5,0,0,3,3,-3,6,3,-3,3,0,1,2,3,0,-6,-36,-1,-6,7,5,0,-1,-1,1,-1,-1,6,-1
KR_6753160225,420,-2,5,-3,-6,3,0,3,0,3,3,-2,3,1,-6,7,1,-1,1,0,0,-4,-3,-3,-1,4,4,0,-2,-1,-1,-1,1,1,-1
KR_6751117321,420,-2,-18,-5,-5,0,1,1,1,3,4,-1,5,4,-2,2,0,-3,4,1,0,-3,-43,-1,-8,9,24,0,1,-1,1,1,1,4,-1
KR_6777729118,420,-3,-56,-8,-6,-1,1,0,-1,5,4,-3,3,0,-1,2,1,0,2,2,0,-6,-119,0,-4,4,-2,0,-1,1,-1,-1,-1,6,-1
KR_6751274865,420,0,48,-16,2,2,1,3,-2,2,0,2,0,2,-1,1,0,1,1,2,-1,-5,11,-3,-3,6,-8,0,0,-1,1,0,-1,3,-1
KR_6732653454,420,0,31,-14,-4,2,1,3,2,2,4,0,3,3,-8,10,2,0,2,2,-1,-4,7,4,-8,4,-3,0,0,1,-1,-1,-1,2,-1
KR_6764977617,420,-3,-47,3,-5,-2,3,1,0,1,1,-1,3,2,-3,7,4,1,1,2,0,-5,-2,-2,-4,6,0,0,0,0,1,0,-1,0,-1
KR_6770692630,420,-4,-20,4,-13,5,1,6,-1,3,2,-3,4,1,-12,12,0,-2,2,0,0,-13,-120,-1,-2,3,-4,0,0,-1,1,1,-1,1,-1
KR_6709022206,420,-2,37,-20,-5,-5,5,0,-5,10,5,1,2,3,5,0,5,-1,1,0,0,-4,-2,-7,-4,11,0,0,1,1,-1,1,-1,1,-1
KR_6734475660,420,4,-11,32,6,-2,3,1,0,1,1,1,0,1,5,1,6,2,0,2,0,8,-1,3,-8,5,5,0,0,1,-1,0,1,4,-1
KR_6771565691,420,-1,-4,1,-9,-6,7,1,-1,2,1,-1,3,2,-2,4,2,1,0,1,0,-9,7,0,-6,6,1,0,-1,-1,1,-1,-1,3,-1
KR_6721571045,420,-4,-68,3,-7,-1,2,1,-1,2,1,-2,3,1,-3,4,1,0,1,1,0,-8,-9,-2,-4,6,-1,0,-1,-1,-1,-1,-1,6,-1
KR_6731848388,420,-2,10,12,-10,-1,2,1,-1,3,2,-3,3,0,-4,5,1,-1,2,1,0,-19,-4,-2,-4,6,4,0,0,-1,1,-1,-1,3,-1
KR_6759710946,420,0,-35,0,0,3,1,4,2,1,3,0,2,2,-5,7,2,0,0,0,0,-1,114,2,-9,7,-4,0,-1,1,-1,-1,-1,3,-1
KR_6694650428,420,0,29,0,-3,2,2,4,-5,5,0,2,2,4,0,3,3,-2,4,2,0,-5,1,2,-5,3,0,0,1,1,1,-1,-1,4,-1
KR_6744922539,420,-5,-54,-18,-7,-2,3,1,-1,3,2,-5,6,1,1,2,3,0,0,0,0,-4,3,-1,-6,7,-5,0,-1,1,-1,-1,1,2,-1
KR_6747528304,440,-1,-65,15,0,1,0,1,-2,2,0,0,3,3,2,0,2,-1,3,2,-2,-7,8,-5,-4,9,-3,0,0,0,1,-1,-1,0,-1
KR_6700905992,420,-2,-49,4,-7,-3,3,0,-2,3,1,0,1,1,-3,3,0,1,0,1,0,-5,-12,-5,-9,14,0,0,-2,-1,-1,-1,-1,6,-1
KR_6760036810,420,-1,-12,5,-2,-2,2,0,1,5,6,1,1,2,1,0,1,-3,4,1,0,3,-18,-4,-6,10,-1,0,0,1,-1,0,1,4,-1
KR_6772108214,420,-3,-54,-10,-5,-4,5,1,0,2,2,-2,2,0,0,2,2,1,0,1,0,-3,-11,-1,-5,6,-2,0,0,-1,1,0,1,2,-1
KR_6767534486,420,1,-17,1,1,0,1,1,5,1,6,-3,7,4,0,4,4,-1,1,0,0,11,16,-1,-5,6,0,0,0,-1,1,0,-1,3,-1
KR_6739462802,420,0,-26,6,4,3,0,3,2,1,3,-1,2,1,0,4,4,0,2,2,0,10,18,1,-8,7,4,0,-1,-1,1,-1,-1,2,-1
KR_6770307043,420,3,-30,-12,4,0,1,1,0,4,4,-1,3,2,5,0,5,0,0,0,0,2,6,-1,-5,6,0,0,1,1,1,1,1,5,-1
KR_6773525228,420,0,9,-28,3,2,1,3,4,1,5,-1,3,2,-1,3,2,-1,1,0,0,-2,-2,-1,-8,9,6,0,-1,-1,-1,-1,-1,6,-1
KR_6665686901,420,-1,-46,13,-3,-1,1,0,3,0,3,4,0,4,-8,8,0,-1,1,0,-1,-9,95,3,-10,7,0,0,-1,1,1,-1,-1,1,-1
KR_6724552728,440,3,4,14,-2,2,0,2,1,0,1,-6,9,3,0,2,2,1,1,2,0,0,4,-2,-6,8,-3,0,-1,-1,1,-1,1,1,-1
KR_6774535884,420,1,12,-14,0,4,1,5,3,1,4,-2,4,2,-4,4,0,-1,1,0,0,2,-10,2,-6,4,-1,0,0,-1,-1,1,-1,3,-1
KR_6776943390,420,3,60,19,11,-1,3,2,1,2,3,-1,3,2,7,3,10,5,0,5,0,6,173,-3,-4,7,2,0,2,1,1,1,1,4,-1
KR_6776587545,440,0,-57,-3,-13,1,4,5,-3,7,4,2,3,5,-15,18,3,2,1,3,-4,-16,-5,-5,-1,6,-1,0,-5,-1,1,-1,-1,3,-1
KR_6738731354,420,-2,-33,-18,-4,-2,2,0,-2,7,5,0,2,2,2,1,3,-2,3,1,0,-2,2,-2,-6,8,6,0,0,1,-1,0,-1,5,-1
KR_6634221516,420,0,-45,52,-7,-1,3,2,-2,2,0,-1,1,0,-2,4,2,-1,1,0,0,-10,-5,-1,-6,7,2,0,-1,1,-1,-1,-1,4,-1
KR_6718194646,420,-1,-31,-16,-1,-1,4,3,3,2,5,-1,1,0,1,3,4,-3,3,0,0,4,-11,-3,-2,5,5,0,-3,1,-1,-1,1,5,-1
KR_6735310635,420,0,33,-4,0,-1,2,1,-1,4,3,-1,3,2,3,3,6,0,0,0,0,4,29,0,-10,10,3,0,1,-1,1,1,1,5,-1
KR_6761426424,440,-1,8,-31,1,1,0,1,7,1,8,-2,4,2,-4,5,1,-1,3,2,0,7,3,1,-7,6,4,0,-2,0,-1,-1,1,0,-1
KR_6777388050,420,-2,-1,-33,-6,0,3,3,0,3,3,-6,8,2,0,4,4,0,1,1,0,-10,14,-1,-6,7,-8,0,1,-1,1,1,1,1,-1
KR_6737184567,420,-1,5,4,-6,-2,2,0,1,1,2,-2,5,3,0,1,1,-3,4,1,0,-5,-3,-1,-6,7,1,0,0,0,-1,-1,-1,0,-1
KR_6747833209,420,-1,-22,-13,3,-1,2,1,-1,3,2,6,0,6,-2,2,0,1,0,1,0,6,-29,4,-9,5,-2,0,-1,1,-1,-1,1,5,-1
KR_6774870429,440,-6,-42,0,-12,-4,4,0,-2,2,0,-4,5,1,-1,5,4,-1,1,0,0,-9,2,3,-6,3,-1,0,-1,1,-1,1,-1,5,-1
KR_6673828249,420,1,9,16,-2,-2,4,2,-1,1,0,1,2,3,4,1,5,-4,5,1,-1,1,8,0,-5,5,0,0,1,-1,1,1,-1,2,-1
KR_6775520018,420,-4,-100,-31,-6,-2,4,2,-7,9,2,4,2,6,1,2,3,-2,2,0,0,-8,-33,0,-6,6,0,0,-1,-1,-1,-1,-1,3,-1
KR_6766920183,420,0,23,-28,3,1,0,1,-1,1,0,0,3,3,3,1,4,0,3,3,0,0,-12,-1,-4,5,2,0,0,1,1,1,1,5,-1
KR_6775618524,420,0,-52,-32,6,2,2,4,4,0,4,-2,3,1,0,1,1,2,0,2,2,13,19,2,-7,5,-3,0,-1,1,-1,-1,1,6,-1
KR_6748256931,420,0,12,-18,1,2,1,3,-1,5,4,0,2,2,-1,3,2,1,0,1,0,7,9,2,-7,5,-1,0,0,1,-1,0,-1,6,-1
KR_6740081845,420,-4,1,5,-16,-2,5,3,-1,2,1,-5,6,1,-5,6,1,-3,4,1,0,-19,-10,1,-3,2,-2,0,0,1,-1,-1,-1,6,-1
KR_6762718467,420,-7,-117,-65,-18,-6,7,1,-5,6,1,-4,6,2,0,3,3,-3,3,0,0,-10,-6,-3,-1,4,-3,0,-5,-1,-1,-1,-1,2,-1
KR_6721077977,420,-1,-8,36,1,-4,8,4,2,1,3,4,2,6,-2,8,6,1,0,1,0,-2,-2,-3,-8,11,3,0,-2,-1,1,-1,1,4,-1
KR_6762878746,420,0,61,18,-3,0,1,1,-7,7,0,2,1,3,1,2,3,1,0,1,0,-9,10,3,-12,9,-3,0,0,-1,-1,1,1,2,-1
KR_6775084163,420,-4,-29,-11,-7,-2,3,1,2,0,2,-8,8,0,1,2,3,0,1,1,0,-2,-15,5,-9,4,-4,0,0,-1,0,0,-1,6,-1
KR_6761131249,440,-1,15,-24,0,-1,2,1,-4,6,2,-1,2,1,5,2,7,1,0,1,0,4,142,8,-11,3,1,0,0,-1,-1,-1,-1,5,-1
KR_6738180524,420,-3,48,-28,-1,1,2,3,-5,7,2,1,0,1,3,2,5,-1,2,1,0,-5,-8,2,-6,4,3,0,1,1,1,1,-1,3,-1
KR_6767927980,420,-3,-48,-14,-8,-4,6,2,1,3,4,-2,2,0,-4,5,1,1,0,1,0,-2,18,-1,-5,6,0,0,-3,-1,-1,-1,-1,1,-1
KR_6701107485,420,4,29,-4,4,1,0,1,1,3,4,0,2,2,2,2,4,0,1,1,1,10,-9,4,-6,2,2,0,1,-1,1,1,1,5,-1
KR_6771183671,420,0,-6,-5,-2,-2,3,1,-3,5,2,-2,4,2,3,1,4,2,0,2,-1,-2,1,0,-7,7,2,0,-1,-1,1,-1,1,5,-1
KR_6769572974,420,-1,18,-60,2,2,1,3,0,3,3,2,1,3,-3,3,0,1,0,1,0,0,-139,5,-10,5,4,0,0,-1,1,0,1,1,-1
KR_6769675194,420,0,14,-2,-4,-3,3,0,0,1,1,-1,5,4,0,3,3,0,2,2,0,-4,16,-1,-4,5,3,0,1,1,1,1,-1,4,-1
KR_6765899861,420,0,-17,1,-4,-1,1,0,-2,6,4,0,1,1,-1,3,2,0,2,2,-1,-9,62,-3,-4,7,-9,0,0,-1,1,0,-1,4,-1
KR_6761929242,420,0,25,-5,5,0,3,3,1,4,5,1,4,5,-1,2,1,4,0,4,0,-1,-1,-1,-4,5,6,0,0,-1,1,0,1,6,-1
KR_6777251211,420,-1,-10,-36,0,0,1,1,2,1,3,-2,3,1,3,2,5,-3,3,0,0,7,-3,0,-9,9,-2,0,0,-1,1,0,1,1,-1
KR_6708019510,420,-2,-19,-31,2,3,2,5,-1,2,1,0,3,3,0,2,2,0,1,1,0,5,-1,6,-9,3,-9,0,-3,1,-1,-1,-1,1,-1
KR_6736597285,420,-1,-8,-5,1,-3,5,2,2,2,4,0,1,1,1,0,1,1,0,1,0,0,18,3,-9,6,-9,0,0,-1,-1,0,1,2,-1
KR_6747625243,420,-2,-42,20,-9,1,2,3,-1,3,2,-4,5,1,-4,5,1,-1,3,2,0,-16,133,-2,-6,8,1,0,1,-1,1,1,-1,1,-1
KR_6771552909,420,-6,-60,-30,-24,-4,5,1,-6,7,1,-6,6,0,-1,3,2,-7,8,1,0,-26,-5,0,-4,4,1,0,-2,0,-1,-1,-1,0,-1
KR_6769554411,420,-3,-30,12,-3,4,0,4,-1,3,2,-4,7,3,-3,3,0,1,2,3,0,-3,-8,-4,-4,8,0,0,1,-1,1,1,-1,6,-1
KR_6755832261,420,2,2,-27,3,-1,2,1,3,2,5,0,1,1,2,1,3,-1,1,0,0,6,14,1,-6,5,3,0,0,-1,-1,0,1,2,-1
KR_6770251575,420,-3,-77,-21,0,0,2,2,2,0,2,4,2,6,3,2,5,-9,10,1,-2,-8,-8,-3,-3,6,6,0,0,-1,0,-1,-1,5,-1
KR_6770236838,440,-3,-8,-30,-7,-2,7,5,0,1,1,-4,5,1,-9,9,0,8,0,8,0,9,1,-2,-4,6,-2,0,-2,1,1,-1,1,5,-1
KR_6777058886,420,1,16,11,6,0,2,2,2,2,4,-1,2,1,6,1,7,-1,2,1,0,10,8,2,-6,4,-1,0,1,1,1,1,1,2,-1
KR_6745264918,420,1,30,7,10,7,0,7,4,5,9,-3,3,0,2,2,4,0,1,1,2,9,7,-1,-6,7,5,0,0,-1,-1,1,1,5,-1
KR_6751110955,420,2,29,-13,8,4,0,4,2,2,4,0,1,1,4,0,4,-2,2,0,1,9,-29,1,-5,4,32,0,1,1,1,1,1,2,-1
KR_6745083955,420,1,-51,36,2,2,1,3,0,5,5,-1,3,2,0,5,5,1,0,1,0,0,105,-3,-3,6,4,0,0,1,1,0,-1,3,-1
KR_6758179481,420,1,27,-8,6,1,0,1,1,2,3,2,1,3,0,3,3,2,0,2,0,2,-14,1,-7,6,3,0,0,1,-1,-1,1,4,-1
KR_6761289467,420,-5,-8,-21,-12,1,0,1,-5,5,0,-6,7,1,-2,4,2,0,0,0,0,-13,-25,-3,-5,8,2,0,1,-1,1,1,-1,2,-1
KR_6769226514,420,1,-16,-19,3,3,2,5,-3,4,1,1,0,1,-1,2,1,3,0,3,-1,10,3,1,-7,6,2,0,-1,-1,-1,-1,-1,3,-1
KR_6717963209,420,-2,-15,-8,-3,7,0,7,-5,6,1,-5,6,1,0,1,1,0,0,0,0,-4,-8,6,-10,4,-4,0,-1,1,-1,-1,1,6,-1
KR_6731693153,420,-1,40,-9,2,-2,5,3,0,3,3,2,3,5,-1,4,3,3,0,3,1,9,-18,2,-10,8,1,0,2,1,0,1,1,3,-1
KR_6776225245,440,0,-9,4,-1,0,2,2,-5,5,0,5,2,7,0,2,2,-1,1,0,0,2,-15,-6,-3,9,11,0,-1,1,-1,-1,1,5,-1
KR_6734674724,420,-1,-53,-12,2,-1,2,1,-1,3,2,3,3,6,2,0,2,-1,2,1,0,-4,-1,-1,-3,4,-5,0,0,0,1,0,1,0,-1
KR_6774386033,420,0,12,2,-6,4,0,4,-7,8,1,2,1,3,-2,3,1,-3,4,1,0,-11,7,0,-6,6,-5,0,0,-1,-1,0,-1,1,-1
KR_6761339430,420,-1,-36,-22,-4,-3,4,1,-6,7,1,1,1,2,2,0,2,2,0,2,-1,-1,21,-4,-2,6,3,0,-1,-1,-1,-1,1,4,-1
KR_6746971646,420,-7,-128,-28,-14,-6,6,0,-2,3,1,-2,2,0,-4,4,0,0,0,0,-2,-23,5,-1,-2,3,-5,0,-4,-1,-1,-1,-1,4,-1
KR_6756136433,420,-2,-43,0,-4,-4,4,0,-4,5,1,0,1,1,4,1,5,0,1,1,0,-2,-8,-1,-6,7,3,0,-3,-1,-1,-1,-1,5,-1
KR_6771075646,420,-4,-71,-13,-11,-1,1,0,-1,6,5,-3,4,1,-7,9,2,1,0,1,-1,-23,-36,-1,-4,5,0,0,0,-1,1,-1,-1,1,-1
KR_6773571088,420,-1,-53,20,-6,2,0,2,-4,6,2,-3,3,0,-3,7,4,2,1,3,0,-6,1,-3,-5,8,-1,0,0,1,-1,-1,1,3,-1
KR_6777708047,420,-4,-9,-5,-9,1,2,3,-1,4,3,-1,2,1,-7,8,1,-1,2,1,-1,-13,-6,-3,-3,6,-2,0,-2,-1,-1,-1,-1,1,-1
KR_6773494051,420,-2,-1,-29,-1,0,3,3,0,4,4,0,1,1,0,0,0,-1,1,0,0,5,4,4,-8,4,0,0,1,-1,1,1,-1,3,-1
KR_6764696374,420,-3,2,-12,-1,3,3,6,-6,7,1,-3,3,0,2,0,2,3,1,4,0,-4,-15,-5,-8,13,0,0,2,-1,1,1,1,1,-1
KR_6774334773,420,-3,-39,-18,-8,-4,4,0,0,4,4,-5,9,4,1,1,2,0,2,2,0,-6,-2,-7,-3,10,2,0,0,1,-1,0,1,5,-1
KR_6748593773,420,0,-3,0,-2,3,0,3,-5,7,2,1,0,1,0,4,4,-1,1,0,0,-2,-10,3,-8,5,-3,0,-2,1,-1,-1,1,1,-1
KR_6762660902,420,-3,1,-21,-3,1,3,4,-2,4,2,0,3,3,-1,5,4,-1,1,0,0,-13,-5,-4,-5,9,-3,0,-1,-1,1,-1,-1,4,-1
KR_6771607500,420,-2,-48,16,-7,-1,2,1,-5,10,5,0,3,3,1,1,2,-2,3,1,-2,-5,3,-2,-6,8,-5,0,-2,1,-1,-1,-1,3,-1
KR_6770847809,420,1,-30,49,1,3,1,4,0,2,2,0,3,3,-1,7,6,-1,1,0,0,-5,0,2,-10,8,7,0,0,1,1,0,-1,1,-1
KR_6774245300,420,-3,-44,16,-9,2,0,2,-6,7,1,1,2,3,-2,3,1,-4,5,1,0,-13,17,5,-10,5,-6,0,0,-1,1,1,-1,5,-1
KR_6711793691,420,-3,-52,-12,-10,-5,6,1,-1,1,0,-4,4,0,1,2,3,-1,1,0,0,-12,-41,-1,-8,9,27,0,-3,1,-1,-1,-1,4,-1
KR_6776447273,420,-3,-29,23,0,1,1,2,-2,5,3,-2,2,0,2,0,2,1,1,2,2,8,37,0,-4,4,-5,0,0,1,-1,0,1,3,-1
KR_6757387156,420,-2,-56,0,-5,-1,4,3,2,1,3,-1,4,3,-5,5,0,0,1,1,0,-13,275,-3,-3,6,1,0,0,-1,1,-1,1,6,-1
KR_6736304170,420,3,41,-14,2,-2,5,3,-2,6,4,1,2,3,4,1,5,1,0,1,0,-2,1,2,-8,6,1,0,1,-1,1,1,-1,4,-1
KR_6710494218,420,-4,-20,-56,-7,-2,2,0,-4,4,0,1,2,3,-5,6,1,3,1,4,0,-10,-3,4,-7,3,-3,0,-2,-1,-1,-1,-1,5,-1
KR_6729005199,420,-3,-107,-29,-11,-2,3,1,-5,10,5,0,4,4,-4,9,5,0,2,2,-5,-4,24,-7,-2,9,-2,-1,-7,-1,-1,-1,-1,3,-1
KR_6769370679,420,-4,-62,-21,0,0,2,2,2,2,4,1,0,1,-2,3,1,-1,1,0,0,1,9,-1,-4,5,-8,0,0,-1,-1,-1,1,5,-1
KR_6756752564,420,-1,24,1,-6,-9,9,0,3,2,5,0,4,4,3,2,5,-3,3,0,-1,-5,-9,-1,-3,4,0,0,-1,-1,-1,-1,-1,5,-1
KR_6771971929,440,-1,7,12,-6,-1,1,0,1,2,3,-1,2,1,-4,6,2,-1,2,1,0,-9,12,-1,-5,6,2,0,0,-1,1,0,-1,2,-1
KR_6696547650,420,0,-9,14,-5,2,0,2,-1,7,6,-1,2,1,-2,2,0,-3,4,1,-1,-3,-12,2,-8,6,-3,0,-2,1,-1,-1,-1,3,-1
KR_6761545202,440,1,-49,-16,6,6,0,6,0,3,3,-1,1,0,0,1,1,1,0,1,0,3,-13,-7,-2,9,6,0,-1,0,-1,-1,1,0,-1
KR_6776171642,420,2,109,-11,7,-1,2,1,0,3,3,0,1,1,8,1,9,0,0,0,0,10,3,-3,-5,8,5,0,1,1,-1,1,1,5,-1
KR_6776831508,420,-3,-46,-38,-8,-2,2,0,-3,5,2,-1,4,3,-4,8,4,2,1,3,-2,-24,-9,-6,-1,7,-6,0,-3,-1,-1,-1,1,3,-1
KR_6771492308,420,-1,-36,-4,-1,1,0,1,3,0,3,-3,4,1,-2,7,5,0,1,1,-1,0,0,1,-6,5,-1,0,-2,-1,-1,-1,-1,2,-1
KR_6769524166,420,1,5,-13,-3,0,3,3,-3,5,2,0,4,4,0,0,0,0,0,0,0,-4,1,4,-8,4,-7,0,0,-1,-1,0,1,3,-1
KR_6764212439,420,-1,3,-24,-6,-1,1,0,-3,4,1,-8,8,0,1,3,4,5,1,6,0,0,-7,0,-6,6,-1,0,-1,-1,-1,-1,-1,1,-1
KR_6772189024,440,0,-27,26,4,0,0,0,-2,2,0,1,2,3,-2,3,1,7,2,9,-1,4,-2,3,-7,4,-1,0,0,1,-1,0,-1,1,-1
KR_6771704741,420,0,-6,-12,-2,0,4,4,-1,3,2,-5,7,2,4,0,4,0,1,1,0,-6,-7,3,-8,5,0,0,0,1,-1,0,1,2,-1
KR_6737288502,420,-4,8,-2,-14,0,1,1,-5,5,0,0,1,1,-4,4,0,-5,8,3,0,-17,5,-3,-4,7,3,0,0,1,-1,0,-1,1,-1
KR_6777744387,420,-1,11,-7,-6,-3,5,2,-6,6,0,4,1,5,0,0,0,-1,1,0,0,-12,-33,-2,-3,5,-2,0,-2,1,-1,-1,-1,1,-1
KR_6711004558,420,0,21,-47,1,3,1,4,0,5,5,1,0,1,-1,5,4,-2,3,1,3,15,-6,0,-7,7,-3,0,1,1,-1,1,1,1,-1
KR_6766215673,420,-8,-136,-48,-17,-4,6,2,-3,7,4,-9,9,0,-1,2,1,0,1,1,-1,-19,9,5,-8,3,0,0,-3,-1,-1,-1,-1,5,-1
KR_6752705209,420,0,-18,-16,-5,0,2,2,6,1,7,-8,8,0,-1,3,2,-2,3,1,1,-3,-124,-5,-3,8,-2,0,1,1,-1,1,1,6,-1
KR_6676989712,420,-5,-68,-8,-5,-5,6,1,2,0,2,-2,3,1,0,1,1,0,0,0,0,-4,2,1,-6,5,-4,0,-2,1,-1,-1,-1,2,-1
KR_6771272888,420,-3,-14,0,-4,-2,3,1,3,1,4,-3,3,0,0,2,2,-2,3,1,0,-3,0,3,-7,4,0,0,-2,-1,-1,-1,1,3,-1
KR_6756655410,420,-1,-14,23,-4,-1,4,3,-3,4,1,1,0,1,-2,4,2,1,1,2,0,-1,27,-5,-5,10,2,0,-1,-1,-1,-1,-1,4,-1
KR_6745492787,440,0,73,8,2,0,1,1,2,4,6,-1,5,4,5,0,5,-4,4,0,0,-5,8,3,-6,3,-2,0,0,1,-1,-1,1,5,-1
KR_6770678813,420,-2,27,-20,-7,-2,5,3,1,2,3,-1,3,2,-3,5,2,-2,3,1,0,-5,5,5,-9,4,2,0,-1,1,-1,-1,1,1,-1
KR_6775893763,420,3,37,-4,1,1,1,2,-2,2,0,1,5,6,0,4,4,1,2,3,0,-4,-17,2,-7,5,6,0,1,1,1,1,1,3,-1
KR_6768131604,420,-2,-32,-21,-9,-2,4,2,-5,7,2,1,2,3,-3,3,0,0,3,3,0,-5,-21,1,-5,4,6,0,-2,1,0,-1,-1,1,-1
KR_6767784564,420,0,65,-3,-1,1,1,2,3,0,3,-2,3,1,-5,7,2,2,0,2,0,-5,288,0,-4,4,-3,0,0,-1,1,1,-1,1,-1
KR_6672919898,440,-3,-12,1,-14,0,2,2,-6,10,4,2,1,3,-6,7,1,-4,5,1,0,-18,-43,-5,-2,7,3,0,0,1,-1,1,-1,1,-1
KR_6749048655,420,-5,-78,-44,-2,0,4,4,0,2,2,0,1,1,-2,4,2,0,2,2,0,-5,-9,0,-4,4,0,0,-2,1,-1,-1,1,4,-1
KR_6755677731,420,-3,-32,-27,-9,0,0,0,-3,6,3,0,2,2,-7,7,0,1,1,2,-1,-17,-84,0,-5,5,-7,0,-1,-1,-1,-1,-1,3,-1
KR_6707180245,420,1,-40,8,-6,1,1,2,-1,5,4,-1,3,2,-3,3,0,-2,2,0,0,-11,-8,0,-5,5,7,0,-2,-1,-1,-1,-1,4,-1
KR_6772257228,420,0,1,0,-1,-1,2,1,3,2,5,-3,3,0,-3,7,4,3,0,3,0,-2,51,2,-10,8,-9,0,0,-1,1,1,1,2,-1
KR_6723249871,420,-3,0,20,-9,-2,2,0,-6,6,0,0,2,2,0,2,2,-1,1,0,-1,-11,-6,-1,-7,8,3,0,-1,-1,-1,-1,-1,5,-1
KR_6765444050,420,0,20,-1,-3,2,2,4,1,0,1,-2,4,2,-1,1,0,-3,3,0,0,-4,3,-1,-4,5,-1,0,0,0,-1,1,1,0,-1
KR_6695130936,420,-2,-43,-7,-8,-5,7,2,3,2,5,-1,2,1,-4,5,1,-1,2,1,0,-15,19,-1,-6,7,-4,0,0,-1,1,0,-1,1,-1
KR_6708831633,420,0,-12,-14,-1,-1,3,2,1,1,2,-4,6,2,1,1,2,2,1,3,0,4,27,0,-6,6,-3,0,0,-1,-1,0,1,2,-1
KR_6772322517,420,-4,-66,-28,-8,-2,3,1,-3,3,0,-2,4,2,-1,3,2,0,0,0,0,-13,-2,-5,-2,7,-2,0,0,-1,-1,0,-1,3,-1
KR_6775534113,420,-1,-36,2,-8,-3,4,1,1,2,3,0,1,1,-7,8,1,1,1,2,-2,-13,-4,0,-6,6,-2,0,-2,-1,1,-1,-1,4,-1
KR_6655786307,420,0,11,-14,-8,0,0,0,-4,4,0,1,0,1,0,3,3,-5,5,0,0,-6,1,-1,-5,6,-2,0,-1,-1,-1,-1,-1,1,-1
KR_6715507531,420,1,-6,21,3,2,1,3,1,4,5,0,2,2,1,4,5,-1,1,0,0,-3,38,-2,-5,7,-5,0,0,1,1,1,1,6,-1
KR_6747016068,420,-3,44,-6,-3,6,1,7,-3,5,2,0,4,4,-6,7,1,0,1,1,0,-17,43,1,-7,6,6,0,0,-1,-1,1,1,6,-1
KR_6727323394,420,-3,-51,-20,-4,-2,2,0,-1,3,2,-2,2,0,1,0,1,0,1,1,0,-6,4,3,-8,5,-8,0,0,0,-1,0,-1,0,-1
KR_6772567746,420,-11,-186,-44,-9,-3,4,1,-5,8,3,-4,4,0,3,1,4,0,1,1,-1,3,-1,-4,-1,5,-1,0,-3,-1,-1,-1,-1,6,-1
KR_6708238711,420,-1,0,-16,-1,4,0,4,-1,5,4,-4,4,0,-2,3,1,2,0,2,0,-3,5,2,-8,6,0,0,0,-1,1,0,-1,5,-1
KR_6717848645,420,-9,-83,-45,-17,-6,7,1,-2,3,1,-3,4,1,-4,8,4,-2,2,0,0,-23,-3,-3,-3,6,0,0,-3,-1,-1,-1,-1,1,-1
KR_6674239958,420,-2,-64,-15,-6,3,0,3,-1,6,5,-3,3,0,-3,3,0,-2,4,2,-1,-12,-13,-9,-3,12,7,0,-1,-1,1,1,-1,6,-1
KR_6734771183,420,3,51,1,1,1,1,2,-3,4,1,4,3,7,0,2,2,-1,2,1,3,-3,-3,4,-8,4,4,0,1,1,1,1,1,6,-1
KR_6743434637,420,-3,-46,-20,-6,-1,1,0,-2,5,3,-3,4,1,1,4,5,-1,3,2,0,-5,-1,2,-9,7,1,0,-1,-1,-1,-1,1,1,-1
KR_6764379964,420,-5,-4,-32,-9,-1,2,1,-5,6,1,-2,3,1,-1,1,0,0,0,0,0,-3,3,3,-8,5,0,0,0,0,-1,-1,-1,0,-1
KR_6752923585,420,1,-25,14,1,-4,8,4,6,1,7,3,1,4,-2,2,0,-2,2,0,0,7,-7,-2,-5,7,-3,0,-1,1,1,-1,-1,6,-1
KR_6777076978,420,1,-25,28,5,-1,3,2,2,5,7,2,1,3,2,1,3,0,4,4,0,5,2,-2,-3,5,-2,0,0,1,-1,0,1,4,-1
KR_6770306523,420,-1,-21,32,-2,1,2,3,1,4,5,-1,3,2,-2,6,4,-1,1,0,-1,0,-237,2,-6,4,-1,0,0,1,1,0,-1,1,-1
KR_6766647362,420,-3,-25,-45,-6,-1,4,3,0,3,3,0,1,1,-1,4,3,-4,4,0,1,-1,-42,2,-5,3,19,0,-1,-1,-1,-1,1,6,-1
KR_6769358829,420,-2,-12,-4,-5,-3,3,0,-2,2,0,1,1,2,0,4,4,-1,1,0,0,-11,-2,1,-6,5,3,0,-3,-1,-1,-1,-1,3,-1
KR_6743644305,440,-6,-49,-20,-13,-4,7,3,-2,5,3,-3,4,1,1,1,2,-5,5,0,0,-9,-2,1,-5,4,-6,0,-2,1,-1,-1,-1,6,-1
KR_6769353800,440,-1,-30,12,-1,0,1,1,-4,5,1,-2,3,1,5,1,6,0,2,2,0,-3,0,3,-7,4,1,0,-1,1,-1,-1,1,1,-1
KR_6757048473,420,0,-1,-12,4,-6,6,0,5,1,6,3,0,3,-2,5,3,4,1,5,1,7,17,0,-7,7,0,0,0,1,1,1,1,5,-1
KR_6763363978,420,0,-42,-19,5,3,0,3,2,1,3,-2,3,1,3,0,3,-1,1,0,0,6,22,2,-9,7,-4,0,-1,1,1,-1,1,2,-1
KR_6775798642,420,0,18,0,5,3,4,7,-3,6,3,1,0,1,0,2,2,4,0,4,0,4,-7,-7,-2,9,8,0,1,-1,-1,1,1,4,-1
KR_6772039220,420,-1,-85,0,-6,-4,4,0,-1,1,0,2,0,2,-1,3,2,-2,2,0,0,-7,8,-1,-5,6,-9,0,0,1,1,0,-1,1,-1
KR_6741459882,420,-4,-56,-3,-19,-3,5,2,-1,3,2,-4,6,2,-7,8,1,-4,4,0,-1,-12,8,-4,-5,9,7,0,0,-1,-1,-1,-1,2,-1
KR_6761961917,420,-1,-14,21,-5,-1,5,4,-5,7,2,0,3,3,1,1,2,0,1,1,-1,-11,-1,-6,-3,9,1,0,0,1,-1,-1,-1,4,-1
KR_6773042861,420,-1,53,2,3,-2,5,3,2,2,4,0,4,4,2,1,3,1,0,1,0,2,-7,1,-8,7,5,0,0,1,-1,0,1,1,-1
KR_6689923226,440,-1,0,-28,-1,1,0,1,-1,1,0,1,5,6,-3,7,4,1,1,2,0,-6,-132,1,-4,3,-6,0,0,1,1,-1,-1,2,-1
KR_6772044139,420,-3,-82,16,-8,-2,4,2,1,2,3,0,2,2,-7,10,3,0,1,1,0,-13,5,2,-5,3,-5,0,-3,-1,-1,-1,1,4,-1
KR_6758723197,420,0,-14,-56,2,2,1,3,0,1,1,2,0,2,-1,4,3,-1,2,1,0,5,-2,0,-6,6,-2,0,1,-1,-1,1,-1,4,-1
KR_6711867336,420,-3,-31,-66,-2,-5,5,0,-2,4,2,1,6,7,4,3,7,0,1,1,-2,13,-25,0,-3,3,1,0,-2,1,-1,-1,-1,5,-1
KR_6745397715,420,-1,-3,-12,-4,0,3,3,-2,3,1,1,2,3,-2,4,2,-1,1,0,0,-2,-1,1,-5,4,-3,0,-1,-1,-1,-1,-1,5,-1
KR_6767816647,420,1,1,-8,-3,0,2,2,2,3,5,-1,4,3,2,1,3,-6,7,1,0,-5,11,5,-8,3,-3,0,0,-1,1,0,1,1,-1
KR_6728175146,420,-5,-17,-19,-8,-1,3,2,-9,10,1,0,2,2,2,1,3,0,0,0,0,-9,-6,-3,-6,9,3,0,0,-1,1,0,1,1,-1
KR_6707158228,420,-3,-25,-4,-10,0,1,1,-2,5,3,-5,6,1,-2,2,0,-1,3,2,0,-10,-48,1,-5,4,-4,0,-2,-1,-1,-1,1,3,-1
KR_6776369905,440,-4,-79,-32,-6,0,3,3,3,2,5,-3,4,1,-3,4,1,-3,3,0,0,-4,3,3,-6,3,-2,0,-1,1,-1,-1,-1,5,-1
KR_6619845262,420,-2,-7,-16,-7,1,1,2,-8,10,2,-1,1,0,-1,2,1,2,0,2,0,-12,12,2,-10,8,-3,0,0,-1,1,-1,-1,5,-1
KR_6771510177,420,2,1,33,7,1,2,3,1,3,4,-1,2,1,8,0,8,-2,3,1,3,14,-5,-1,-5,6,1,0,2,1,1,1,1,4,-1
KR_6768766375,420,-1,-39,22,-2,2,1,3,-2,5,3,1,0,1,-2,3,1,-1,1,0,0,-3,-77,-3,-5,8,-10,0,-1,-1,-1,-1,1,2,-1
KR_6700954065,420,-10,-92,-61,-16,-3,3,0,-5,6,1,0,1,1,-8,10,2,0,1,1,0,-14,-5,-4,-4,8,-1,0,-2,-1,-1,-1,-1,3,-1
KR_6753683620,420,2,-13,-7,3,1,3,4,2,0,2,0,1,1,1,1,2,-1,1,0,0,1,37,2,-6,4,3,0,-1,0,1,1,-1,0,-1
KR_6758484638,440,-4,-40,4,-10,-6,6,0,-2,3,1,1,4,5,-2,3,1,-1,1,0,0,-8,1,-1,-8,9,2,0,-1,0,-1,-1,1,0,-1
KR_6762858850,420,-3,-61,3,-4,-3,3,0,-4,5,1,2,2,4,0,5,5,1,0,1,0,-4,-104,1,-4,3,-5,0,-2,-1,-1,-1,1,3,-1
KR_6774849561,420,1,-15,17,1,-3,3,0,5,0,5,3,0,3,-2,4,2,-2,2,0,0,10,1,2,-6,4,-2,0,-1,-1,-1,-1,-1,3,-1
KR_6771380215,420,0,-73,17,-3,-2,4,2,-5,6,1,4,1,5,2,4,6,-2,2,0,0,-8,1,1,-7,6,-3,0,-2,-1,1,-1,-1,3,-1
KR_6713308277,420,1,-3,-9,5,2,2,4,0,5,5,-2,3,1,1,1,2,4,0,4,1,13,5,3,-8,5,0,0,1,0,-1,1,1,0,-1
KR_6770899828,420,-3,3,-48,-8,-8,9,1,-1,2,1,2,2,4,0,2,2,-1,1,0,-1,-6,-19,-2,-5,7,-1,0,-2,-1,-1,-1,-1,1,-1
KR_6774745571,420,-4,-7,-19,-10,1,4,5,-7,7,0,-2,5,3,-1,3,2,-1,1,0,0,-17,-27,-1,-5,6,-1,0,-1,-1,-1,-1,1,6,-1
KR_6755802189,420,0,-15,-6,6,1,2,3,0,2,2,1,0,1,1,0,1,3,0,3,0,13,4,-1,-5,6,-3,0,0,-1,1,0,1,5,-1
KR_6777291808,420,-1,-21,-1,-4,-2,3,1,1,0,1,-4,6,2,1,2,3,0,1,1,0,-7,-6,0,-8,8,4,0,0,1,0,0,1,3,-1
KR_6765300521,420,-3,-53,-9,-11,-1,3,2,-2,5,3,-5,6,1,-3,5,2,0,0,0,0,-4,-18,-2,-4,6,-3,0,-1,-1,-1,1,-1,1,-1
KR_6764969099,420,0,-25,19,-3,0,3,3,0,1,1,-3,3,0,2,3,5,-2,3,1,1,6,14,0,-4,4,2,0,-1,-1,1,-1,1,2,-1
KR_6699245400,420,-1,41,-17,-2,0,1,1,-2,4,2,-1,4,3,1,1,2,0,0,0,0,-2,-43,-2,-5,7,32,0,2,-1,1,1,1,5,-1
KR_6734875979,420,-4,-18,-13,-11,-1,2,1,-3,5,2,-3,4,1,-3,5,2,-1,1,0,-2,-15,30,3,-8,5,-4,0,1,-1,-1,-1,-1,3,-1
KR_6758785838,420,-2,-14,-16,-13,1,1,2,-4,4,0,-1,3,2,-6,6,0,-3,3,0,0,-17,2,-5,-4,9,-2,0,-1,-1,-1,-1,-1,3,-1
KR_6751832498,420,-3,-27,-7,-2,-2,3,1,-4,4,0,1,4,5,3,1,4,0,3,3,-1,-7,-23,0,-5,5,13,0,-1,-1,-1,-1,-1,2,-1
KR_6758147811,420,1,-11,-6,1,1,2,3,-1,2,1,0,0,0,0,2,2,1,0,1,-1,-2,90,3,-8,5,-3,0,0,1,1,0,-1,2,-1
KR_6736924250,420,-1,-41,13,-6,-4,4,0,-3,5,2,-1,2,1,2,1,3,0,2,2,0,-1,2,0,-10,10,-4,0,-1,1,-1,-1,1,2,-1
KR_6776108592,420,0,8,24,0,-8,8,0,0,2,2,0,2,2,8,0,8,0,0,0,-1,3,-2,1,-8,7,-3,0,0,1,1,-1,-1,3,-1
KR_6746680284,420,1,-9,-24,2,2,0,2,-7,7,0,3,2,5,2,2,4,2,0,2,-1,3,29,-3,-6,9,10,0,0,1,-1,-1,-1,3,-1
KR_6747789020,420,1,-19,-4,-4,0,1,1,3,2,5,-3,4,1,0,1,1,-4,4,0,0,-4,13,-1,-5,6,1,0,0,1,1,-1,-1,4,-1
KR_6761480396,420,0,-5,-1,7,1,1,2,-3,4,1,5,10,15,4,3,7,0,0,0,0,6,-5,-3,-3,6,5,0,1,1,1,1,-1,4,-1
KR_6777026485,420,-3,-91,25,-4,-3,3,0,-1,2,1,-1,6,5,0,5,5,1,0,1,0,-3,-2,1,-9,8,-5,0,0,-1,-1,-1,-1,5,-1
KR_6755166919,420,-5,-52,-18,-4,1,3,4,-1,3,2,-5,7,2,-1,2,1,2,0,2,0,0,7,2,-7,5,-1,0,-1,1,-1,-1,1,3,-1
KR_6775765852,420,1,2,27,3,-1,3,2,3,1,4,-1,3,2,-1,4,3,3,1,4,0,-1,2,1,-7,6,2,0,0,1,1,0,1,3,-1
KR_6767751113,420,0,-23,8,-6,-3,5,2,-2,2,0,-2,2,0,1,0,1,0,0,0,0,-5,11,-3,-8,11,2,0,-1,1,-1,-1,-1,5,-1
KR_6730420436,420,1,14,8,-7,1,1,2,-1,4,3,-5,5,0,-3,6,3,1,0,1,0,-9,-1,2,-7,5,-6,0,1,-1,-1,1,-1,4,-1
KR_6759999773,420,-2,33,-25,-1,-6,7,1,4,0,4,1,2,3,2,0,2,-2,2,0,0,-1,-18,1,-6,5,0,0,-1,1,-1,-1,-1,6,-1
KR_6772046131,420,-3,-20,-3,-5,1,1,2,-3,6,3,-4,6,2,0,2,2,1,1,2,0,-5,-7,1,-8,7,5,0,0,1,-1,0,-1,6,-1
KR_6770965689,420,-3,-71,-22,-7,0,2,2,1,0,1,-7,7,0,-1,1,0,0,0,0,0,-6,7,-1,-4,5,0,0,0,1,-1,1,-1,1,-1
KR_6767349630,420,-1,18,-10,0,3,5,8,-3,6,3,0,2,2,0,2,2,0,2,2,0,0,0,-2,-4,6,3,0,0,1,-1,0,-1,5,-1
KR_6740921979,420,2,-21,11,3,1,1,2,2,2,4,1,2,3,-1,3,2,0,0,0,1,10,1,5,-11,6,-4,0,0,-1,-1,0,1,3,-1
KR_6673566858,420,0,-25,-16,-5,0,1,1,0,2,2,-1,3,2,-4,4,0,0,0,0,0,-6,32,3,-8,5,-25,0,1,-1,-1,1,-1,1,-1
KR_6728462856,420,-5,-56,-4,-8,-1,1,0,-4,4,0,-2,2,0,0,0,0,-1,1,0,0,-5,28,-1,-4,5,-4,0,0,-1,1,0,-1,3,-1
KR_6736867558,420,-3,-22,16,-7,2,1,3,-3,4,1,-3,3,0,-3,3,0,0,1,1,0,-10,-99,4,-9,5,3,0,-1,-1,-1,1,-1,4,-1
KR_6761894133,440,-2,-54,5,-5,-2,2,0,-1,2,1,-2,3,1,0,0,0,0,0,0,0,-4,12,1,-5,4,-3,0,-1,1,1,-1,-1,6,-1
KR_6773394685,420,-4,-14,-16,-5,-4,4,0,-1,4,3,1,2,3,-2,5,3,1,1,2,0,-3,-3,-2,-3,5,4,0,0,-1,-1,-1,-1,6,-1
KR_6665337797,420,2,-22,-36,4,2,1,3,3,0,3,-1,2,1,1,3,4,-1,1,0,0,7,-2,-2,-6,8,-6,0,-1,1,-1,-1,1,1,-1
KR_6759352742,420,1,-1,-9,1,1,1,2,-3,4,1,5,0,5,-3,4,1,1,2,3,0,4,-219,0,-11,11,0,0,-1,-1,1,-1,-1,5,-1
KR_6529470685,420,-4,-4,-8,-8,1,2,3,-5,7,2,0,0,0,-4,4,0,0,0,0,0,-12,3,-2,-5,7,0,0,-1,-1,1,-1,-1,1,-1
KR_6734705795,420,-5,-57,15,-7,-2,3,1,-2,4,2,-1,2,1,-1,2,1,-1,1,0,0,-8,-8,-4,-4,8,-2,0,-1,1,-1,-1,-1,1,-1
KR_6686226062,420,0,10,-29,2,5,0,5,-1,3,2,-2,6,4,2,2,4,-2,3,1,1,-1,3,4,-9,5,1,0,-2,1,-1,-1,1,1,-1
KR_6763455838,420,0,-9,15,2,0,0,0,-1,2,1,-1,4,3,4,2,6,0,1,1,0,10,15,2,-10,8,-2,0,1,-1,1,1,1,3,-1
KR_6468628458,420,-4,-17,-39,-11,-2,3,1,-3,7,4,-1,2,1,-4,6,2,-1,3,2,0,-10,-154,-1,-6,7,-3,0,-2,-1,-1,-1,1,2,-1
KR_6768839533,420,-1,-13,0,-5,-4,7,3,1,5,6,-3,5,2,0,3,3,1,0,1,1,-10,2,-2,-4,6,-6,0,-1,1,1,-1,1,3,-1
KR_6723087263,420,-5,-21,-24,-11,-1,1,0,-1,4,3,-1,1,0,-9,11,2,1,1,2,0,-14,56,-3,-6,9,-36,0,-2,-1,-1,-1,-1,3,-1
KR_6770083276,420,0,-37,-3,3,6,1,7,-3,5,2,0,1,1,0,3,3,0,2,2,-1,3,-15,-1,-5,6,-2,0,-1,-1,-1,-1,-1,2,-1
KR_6775783396,420,-3,-27,-13,-3,-3,4,1,-2,5,3,-3,3,0,6,1,7,-1,2,1,0,5,4,0,-9,9,5,0,0,1,1,0,-1,3,-1
KR_6771724990,420,-4,-13,0,-13,1,2,3,-4,5,1,2,1,3,-10,10,0,-2,2,0,3,-9,25,2,-8,6,-5,0,-2,-1,1,-1,1,2,-1
KR_6767964020,420,0,-18,25,-2,-1,1,0,-4,6,2,-1,2,1,3,1,4,1,0,1,0,-2,-1,-3,-5,8,-4,0,0,1,-1,-1,-1,2,-1
KR_6763136948,420,-6,-27,-36,-13,0,1,1,-3,5,2,-1,5,4,-10,11,1,1,1,2,-3,-23,-5,3,-5,2,-2,0,-1,1,1,-1,-1,1,-1
KR_6742704606,420,0,20,-11,1,2,1,3,0,4,4,4,1,5,-5,5,0,0,0,0,0,2,-20,0,-7,7,-4,0,-1,1,-1,-1,1,1,-1
KR_6777462975,420,-5,-28,-20,-9,1,0,1,-4,4,0,-5,5,0,-1,2,1,0,0,0,0,-13,-8,2,-6,4,0,0,0,-1,-1,-1,-1,4,-1
KR_6757113845,420,-3,-29,-20,-8,-1,2,1,-8,8,0,-3,4,1,2,0,2,2,0,2,0,-9,2,-1,-6,7,-4,0,0,-1,-1,-1,1,4,-1
KR_6740514182,420,-1,-55,-24,-7,2,1,3,-1,2,1,1,2,3,-7,8,1,-2,3,1,-1,-8,7,1,-6,5,-3,0,-3,-1,1,-1,-1,4,-1
KR_6590766049,420,-2,-57,14,-7,-2,5,3,0,1,1,3,0,3,-2,3,1,-6,7,1,0,-7,2,4,-8,4,-3,0,0,-1,-1,-1,-1,1,-1
KR_6743682425,420,-1,-56,-16,-6,-2,2,0,0,2,2,4,2,6,-6,6,0,-2,2,0,-1,-8,-4,0,-7,7,-5,0,-1,-1,1,-1,-1,6,-1
KR_6719461231,420,-4,-50,2,2,0,0,0,-3,7,4,1,2,3,2,0,2,2,0,2,0,1,-3,-1,-4,5,-1,0,-4,-1,-1,-1,-1,2,-1
KR_6677926994,420,1,-20,-8,2,1,0,1,-1,2,1,5,1,6,-3,5,2,0,2,2,1,1,-15,-3,-2,5,4,0,0,-1,-1,0,1,1,-1
KR_6762900838,420,1,22,-34,3,-1,4,3,-3,5,2,-3,3,0,10,4,14,0,1,1,2,20,2,5,-11,6,1,0,1,1,-1,1,1,6,-1
KR_6765548621,420,-5,-83,-4,-13,-2,4,2,-3,6,3,-2,4,2,-5,6,1,-1,1,0,-2,-19,-194,2,-7,5,0,0,-1,-1,1,-1,-1,1,-1
KR_6764584352,420,3,-2,23,8,1,1,2,1,1,2,3,1,4,3,1,4,0,0,0,0,7,-3,1,-7,6,8,0,1,-1,1,1,-1,4,-1
KR_6762487412,420,-6,1,-8,-23,0,1,1,-2,2,0,-11,11,0,-8,8,0,-2,3,1,0,-21,30,-3,-3,6,-5,0,-2,-1,-1,-1,1,3,-1
KR_6759520535,420,-1,58,-7,-7,2,2,4,-5,6,1,-4,5,1,1,0,1,-1,2,1,0,-4,3,2,-4,2,-3,0,0,-1,-1,0,-1,6,-1
KR_6759146367,420,2,9,-12,-3,1,2,3,3,2,5,-1,3,2,-2,5,3,-4,4,0,-1,-4,-29,-4,-5,9,0,0,1,-1,1,1,-1,6,-1
KR_6740330586,440,-2,-34,-25,-5,-7,7,0,3,1,4,3,3,6,1,1,2,-5,5,0,1,-2,-12,6,-10,4,-3,0,-1,-1,-1,-1,-1,3,-1
KR_6775788436,420,-2,13,13,-2,3,2,5,-2,2,0,-5,6,1,-1,3,2,3,0,3,0,-9,-27,1,-9,8,-2,0,-1,1,-1,-1,1,4,-1
KR_6762598714,420,-8,-133,3,-21,-4,4,0,-7,7,0,-7,7,0,-4,5,1,1,0,1,-1,-22,-1,-1,-5,6,-4,0,-3,-1,1,-1,-1,3,-1
KR_6693842685,420,-4,-84,-41,-8,-1,3,2,-3,6,3,-1,2,1,-3,5,2,0,0,0,0,-8,9,4,-9,5,-3,0,-4,-1,-1,-1,1,1,-1
KR_6777314998,420,-8,-89,-12,-25,0,2,2,-13,13,0,-5,5,0,-5,7,2,-2,3,1,0,-22,-9,-3,-3,6,-4,0,-3,-1,-1,-1,-1,2,-1
KR_6766634847,420,-3,-9,45,-9,-5,7,2,3,2,5,-2,2,0,-4,4,0,-1,2,1,0,-11,48,-2,-2,4,1,0,2,-1,1,1,1,3,-1
KR_6758397758,420,-1,18,8,-6,-2,4,2,-2,5,3,-1,3,2,-1,1,0,0,2,2,0,-18,0,-5,0,5,4,0,1,-1,1,1,-1,3,-1
KR_6770755690,420,0,-13,-8,-3,-3,3,0,2,1,3,-2,2,0,1,0,1,-1,1,0,0,-1,9,3,-8,5,-6,0,-1,-1,-1,-1,1,3,-1
KR_6774501458,440,0,-25,-7,-7,-2,2,0,-1,3,2,-3,6,3,-1,2,1,0,2,2,0,-9,-14,-3,-4,7,0,0,-1,1,-1,-1,1,1,-1
KR_6667393259,420,-2,16,-9,-5,3,0,3,-3,5,2,4,0,4,-9,11,2,0,2,2,-1,-6,-59,-4,-7,11,0,0,0,-1,1,-1,-1,6,-1
KR_6748233305,420,1,90,-36,1,2,0,2,1,3,4,2,1,3,-3,5,2,-1,2,1,0,-8,-25,3,-9,6,-2,0,-1,-1,-1,-1,1,5,-1
KR_6776366203,420,-4,-36,9,-16,-4,7,3,-2,5,3,-4,5,1,-6,8,2,0,0,0,0,-9,0,-1,-5,6,-5,0,-2,-1,-1,-1,-1,2,-1
KR_6776060332,420,5,-19,-8,4,1,1,2,1,2,3,0,3,3,1,3,4,1,0,1,0,5,5,-2,-6,8,0,0,1,-1,1,1,-1,5,-1
KR_6747034428,420,-3,-47,-34,-3,1,1,2,1,2,3,-4,4,0,0,0,0,-1,1,0,0,-3,3,-2,-5,7,0,0,0,1,-1,0,1,4,-1
KR_6775660452,420,-3,14,-24,-9,-2,3,1,0,3,3,-1,1,0,-2,3,1,-4,5,1,0,-8,-40,0,-5,5,-4,0,-1,1,-1,-1,-1,1,-1
KR_6777827366,420,-6,-94,19,-21,-1,1,0,-6,7,1,-4,6,2,-10,10,0,0,1,1,-1,-22,9,-5,-2,7,2,0,-3,-1,1,-1,-1,6,-1
KR_6773943799,440,-2,-23,-15,-8,-5,6,1,0,2,2,0,3,3,-2,2,0,-1,2,1,-1,-11,-35,-2,-1,3,11,0,0,-1,1,0,-1,3,-1
KR_6718726383,420,-7,-45,-21,-10,-2,2,0,1,1,2,0,1,1,-5,6,1,-4,4,0,0,-8,-2,3,-7,4,-5,0,-1,-1,1,-1,-1,4,-1
KR_6745746401,420,-2,10,3,-2,-1,2,1,-3,4,1,2,2,4,0,2,2,0,0,0,-1,-7,1,0,-7,7,4,0,0,-1,1,0,-1,6,-1
KR_6774635781,420,-4,22,-25,-12,0,4,4,-5,6,1,0,2,2,-3,4,1,-4,4,0,0,-13,-4,0,-4,4,4,0,-1,-1,-1,-1,-1,5,-1
KR_6561504954,420,2,1,0,-3,1,3,4,1,3,4,-4,5,1,-2,3,1,1,2,3,0,-2,13,4,-8,4,-1,0,-1,1,-1,1,-1,1,-1
KR_6483755981,420,0,-43,0,1,0,1,1,0,2,2,1,1,2,0,1,1,0,0,0,0,2,1,4,-10,6,-10,0,-2,-1,-1,-1,-1,1,-1
KR_6744773913,440,-7,-112,-5,-12,-5,7,2,-1,3,2,-4,5,1,0,2,2,-2,4,2,1,-2,0,-2,0,2,-2,0,-3,1,-1,-1,1,1,-1
KR_6746988390,420,-6,-45,-28,-16,-2,3,1,-3,6,3,-4,4,0,-6,6,0,-1,1,0,0,-28,-52,0,-9,9,-1,0,-2,-1,-1,-1,-1,2,-1
KR_6599964968,420,-6,-43,-16,-12,-1,1,0,-10,10,0,-1,4,3,-1,3,2,1,0,1,0,-7,9,5,-7,2,-7,0,-1,1,-1,-1,-1,5,-1
KR_6757951176,420,0,-10,18,-3,-2,2,0,-1,4,3,1,2,3,-3,5,2,2,1,3,1,-6,1,-5,-5,10,-2,0,-1,-1,1,-1,1,1,-1
KR_6740864695,420,-4,-47,-19,-12,1,0,1,-2,3,1,-6,7,1,-4,4,0,-1,1,0,0,-12,-14,-3,-3,6,1,0,-2,-1,-1,-1,-1,2,-1
KR_6745247212,420,-1,-8,15,-5,0,0,0,-2,3,1,1,1,2,0,0,0,-4,5,1,0,-1,7,4,-9,5,-2,0,-2,1,-1,-1,-1,6,-1
KR_6777793735,420,-3,-39,-4,-4,-2,3,1,1,3,4,0,1,1,-4,8,4,1,0,1,0,-5,8,1,-7,6,-3,0,0,0,1,0,1,0,-1
KR_6770735642,420,-2,-17,-4,-1,1,2,3,-2,4,2,-4,4,0,2,1,3,2,0,2,0,-2,6,0,-9,9,-4,0,-1,-1,1,-1,1,1,-1
KR_6713977425,420,0,2,2,-11,-2,3,1,-2,9,7,-1,6,5,-4,5,1,-2,2,0,-1,-18,-20,-6,-6,12,2,0,-3,-1,-1,-1,-1,6,-1
KR_6678371204,420,-5,3,32,-13,-4,4,0,-2,5,3,0,2,2,-6,6,0,-1,1,0,0,-13,-1,0,-6,6,-1,0,0,1,-1,0,-1,6,-1
KR_6707442027,420,0,4,-43,1,1,1,2,-2,4,2,-2,5,3,2,2,4,2,1,3,0,5,2,0,-6,6,-5,0,0,1,-1,1,1,5,-1
KR_6751228457,420,-3,-51,-12,-4,-1,1,0,2,3,5,-6,9,3,2,0,2,-1,2,1,0,4,89,0,-6,6,-2,0,-3,-1,-1,-1,-1,1,-1
KR_6694128776,420,0,67,-40,-6,0,1,1,-5,8,3,-2,4,2,1,2,3,0,0,0,0,-11,-33,3,-7,4,-2,0,0,-1,1,1,1,1,-1
KR_6615674294,420,-2,-73,27,-1,-2,3,1,2,1,3,-3,3,0,0,3,3,2,0,2,0,-2,109,-2,-3,5,2,0,0,1,1,0,1,5,-1
KR_6765397159,420,-2,-11,-17,-3,0,0,0,-1,3,2,-1,2,1,0,1,1,-1,2,1,0,-5,-1,-6,-3,9,-4,0,-1,-1,-1,-1,1,2,-1
KR_6687249623,420,1,4,-8,-3,-1,2,1,3,1,4,3,0,3,-6,8,2,-2,2,0,0,-7,-8,-9,-2,11,5,0,-1,-1,-1,-1,1,6,-1
KR_6768207114,420,-2,-23,0,-7,0,1,1,-1,4,3,-3,3,0,-2,3,1,-1,2,1,0,-4,19,3,-9,6,3,0,-1,-1,1,-1,-1,2,-1
KR_6718110647,420,-4,-101,-31,-9,-4,4,0,0,1,1,-7,8,1,1,1,2,1,0,1,0,-4,-31,-3,-5,8,9,0,-1,-1,-1,-1,-1,3,-1
KR_6693742181,420,-2,-45,13,-7,1,1,2,-7,10,3,-2,3,1,2,4,6,-1,2,1,0,-8,-4,-3,-4,7,1,0,1,-1,1,1,-1,5,-1
KR_6774877758,420,-3,-77,10,-11,1,1,2,-5,5,0,-2,5,3,-4,4,0,-1,2,1,0,-10,-13,-7,-2,9,3,0,-2,-1,1,-1,-1,1,-1
KR_6747948976,420,-3,-75,-30,-7,1,0,1,1,2,3,-5,7,2,-1,4,3,-3,4,1,0,-8,-32,-1,-8,9,-4,0,-1,-1,1,-1,-1,6,-1
KR_6742385790,420,3,30,-13,14,1,5,6,0,1,1,7,0,7,4,1,5,2,0,2,0,23,-6,0,-10,10,2,0,2,1,1,1,-1,6,-1
KR_6777300915,420,-2,59,4,-8,-2,3,1,-6,6,0,2,1,3,-3,4,1,1,0,1,0,-7,14,-2,-6,8,-4,0,0,1,-1,-1,-1,4,-1
KR_6767125334,440,-2,30,-19,-7,-1,2,1,-2,3,1,0,2,2,-4,5,1,0,1,1,0,-7,5,4,-8,4,-2,0,0,-1,1,-1,1,2,-1
KR_6755944750,420,-2,-107,2,-4,2,0,2,-3,4,1,-2,5,3,1,2,3,-2,2,0,0,-2,-15,-4,-4,8,0,0,-1,1,-1,-1,-1,2,-1
KR_6772355328,420,-3,-55,-27,-2,2,0,2,-3,3,0,-1,2,1,1,3,4,-1,2,1,0,1,-23,-1,-7,8,4,0,-1,-1,-1,-1,1,2,-1
KR_6775184726,420,1,18,-4,1,1,2,3,0,1,1,1,3,4,0,1,1,-1,2,1,0,3,37,2,-5,3,-23,0,1,0,1,1,-1,0,-1
KR_6764328129,420,-2,-51,2,-9,-5,6,1,2,0,2,-2,2,0,-5,6,1,1,0,1,0,-8,2,-2,-3,5,-1,0,-1,-1,1,-1,1,6,-1
KR_6774083490,420,0,40,-28,4,-2,4,2,1,2,3,5,6,11,1,0,1,-1,7,6,0,1,7,3,-6,3,-3,0,2,-1,-1,1,1,3,-1
KR_6769170983,420,-4,0,-10,-12,-4,5,1,-2,2,0,-2,2,0,-4,5,1,0,0,0,-1,-12,-200,-2,-3,5,-5,0,-1,-1,-1,-1,-1,5,-1
KR_6753181179,420,-2,-6,-14,-5,-1,4,3,-4,6,2,0,3,3,1,2,3,-1,1,0,1,-4,-2,1,-6,5,0,0,-2,-1,-1,-1,1,6,-1
KR_6617579981,420,-5,-104,-11,-11,-1,3,2,2,2,4,-2,4,2,-10,13,3,0,3,3,0,-11,16,0,-7,7,-2,0,-2,-1,1,-1,-1,2,-1
KR_6763452746,420,1,-9,-8,5,-1,3,2,0,5,5,3,1,4,2,3,5,1,0,1,0,2,333,3,-4,1,-4,0,0,1,1,0,1,6,-1
KR_6706697097,420,2,78,30,1,0,1,1,0,1,1,-1,2,1,0,3,3,2,0,2,0,2,-54,-3,-4,7,2,0,1,1,1,1,1,6,-1
KR_6746400146,420,-1,-17,-2,-2,-1,5,4,-2,5,3,0,2,2,0,1,1,1,0,1,0,-3,0,1,-5,4,5,0,0,1,-1,0,-1,6,-1
KR_6768213266,420,-2,-10,20,-6,2,0,2,-4,4,0,2,1,3,-6,7,1,0,1,1,1,-9,0,-2,-4,6,-4,0,-2,-1,-1,-1,1,3,-1
KR_6753954182,420,-1,4,-16,1,-1,1,0,-2,3,1,2,1,3,1,3,4,1,0,1,0,0,8,6,-9,3,-1,0,0,1,-1,0,-1,3,-1
KR_6745961572,420,-5,-75,0,-14,-3,4,1,-3,4,1,-6,7,1,2,2,4,-4,5,1,0,-9,-13,-1,-5,6,2,0,0,-1,-1,0,-1,6,-1
KR_6774432541,420,-4,14,-20,-7,0,2,2,-4,7,3,0,0,0,-3,5,2,0,1,1,0,-10,17,-1,-6,7,0,0,0,-1,-1,0,-1,3,-1
KR_6728289544,420,-4,4,-50,3,1,2,3,-3,4,1,-1,2,1,6,0,6,0,0,0,2,5,-2,1,-5,4,4,0,0,-1,-1,-1,1,3,-1
KR_6765570835,420,-5,-73,3,-10,0,1,1,-1,3,2,-2,4,2,-7,7,0,0,1,1,0,-8,-153,-6,-3,9,3,0,-3,1,-1,-1,1,3,-1
KR_6765620748,420,-3,-78,-16,-8,-1,3,2,-1,1,0,-3,3,0,-3,6,3,0,0,0,-2,-16,1,-1,-7,8,2,0,-1,-1,-1,-1,-1,6,-1
KR_6671068630,420,-6,-77,21,-17,-4,4,0,-2,3,1,-2,4,2,-6,8,2,-3,4,1,-1,-25,-157,-4,-6,10,-2,0,-1,1,-1,-1,-1,2,-1
KR_6763466231,440,1,27,32,-2,3,1,4,-4,6,2,2,1,3,-2,4,2,-1,3,2,0,-6,0,-2,-4,6,2,0,1,0,-1,1,-1,0,-1
KR_6756920083,420,-4,-53,-15,-4,3,0,3,0,4,4,-3,4,1,-3,4,1,-1,1,0,0,-6,116,-3,-3,6,2,0,-1,-1,-1,-1,1,4,-1
KR_6765430326,420,-4,-36,3,-2,-5,6,1,5,2,7,-2,7,5,1,2,3,-1,2,1,-1,8,3,1,-7,6,-3,0,0,1,-1,0,-1,2,-1
KR_6771540762,440,-2,-55,5,-3,-1,3,2,1,3,4,1,1,2,-2,4,2,-2,4,2,-2,1,5,1,-4,3,-3,0,-1,1,-1,-1,-1,6,-1
KR_6777747579,420,3,34,-13,3,2,1,3,2,1,3,0,0,0,-1,3,2,0,2,2,0,1,5,3,-8,5,-4,0,-1,-1,1,-1,-1,6,-1
KR_6775364154,420,0,14,4,-18,1,3,4,-12,13,1,2,3,5,-6,6,0,-3,5,2,-2,-12,-36,-8,-1,9,2,0,-1,1,-1,-1,-1,2,-1
KR_6698722701,420,-3,-35,-5,-10,-2,4,2,-1,4,3,-2,2,0,1,2,3,-6,8,2,-2,-1,-32,-1,-2,3,0,0,-1,1,-1,-1,-1,3,-1
KR_6771408818,440,-2,-5,24,-9,3,3,6,-2,6,4,-7,8,1,-3,9,6,0,1,1,-1,-12,-12,1,-5,4,2,0,-1,-1,1,-1,-1,4,-1
KR_6768051785,420,-2,-8,-7,-1,0,3,3,5,2,7,0,2,2,-8,9,1,2,1,3,1,-1,-10,1,-7,6,-1,0,0,1,-1,0,1,3,-1
KR_6750479851,420,2,-6,-19,10,1,1,2,0,4,4,1,2,3,3,4,7,5,1,6,-2,4,4,4,-7,3,1,0,0,-1,1,0,-1,1,-1
KR_6772101776,440,-2,-19,18,-6,-2,3,1,-1,2,1,-5,5,0,4,1,5,-2,3,1,0,-2,20,2,-9,7,-2,0,-1,-1,-1,-1,-1,4,-1
KR_6766616710,420,-3,-55,-15,-3,-1,3,2,4,0,4,-3,5,2,-4,7,3,1,0,1,0,-6,8,2,-6,4,-5,0,-2,-1,-1,-1,-1,3,-1
KR_6771714860,440,0,-63,-36,3,2,1,3,1,0,1,4,3,7,0,3,3,-4,5,1,0,1,-7,2,-6,4,3,0,0,-1,1,0,1,4,-1
KR_6775726753,420,2,64,9,1,-4,5,1,0,1,1,-2,4,2,6,2,8,1,0,1,0,1,0,1,-7,6,-4,0,1,-1,-1,1,1,2,-1
KR_6774709866,420,-2,-55,-4,-3,0,1,1,-2,2,0,-2,4,2,2,0,2,-1,1,0,1,-4,0,-2,-3,5,-1,0,-2,-1,-1,-1,1,2,-1
KR_6768493894,420,-2,-29,15,-7,0,0,0,0,1,1,-1,3,2,-6,7,1,0,0,0,0,-11,-7,3,-8,5,-1,0,-1,1,1,-1,1,1,-1
KR_6767833815,420,-1,18,20,-7,3,1,4,-7,9,2,-1,4,3,-3,4,1,1,1,2,0,-12,-18,-3,-7,10,4,0,-1,-1,-1,-1,-1,2,-1
KR_6767575584,420,0,10,3,1,-2,3,1,-1,2,1,5,1,6,-1,1,0,0,0,0,0,0,-4,0,-7,7,-2,0,0,1,1,1,1,1,-1
KR_6752235609,420,-6,-29,-11,-18,1,1,2,-6,9,3,0,4,4,-6,7,1,-7,9,2,0,-21,-6,0,-4,4,-3,0,-2,0,-1,-1,1,0,-1
KR_6735441555,420,0,-44,-8,-4,-1,2,1,2,1,3,-5,6,1,1,1,2,-1,1,0,0,0,-9,1,-7,6,2,0,0,-1,-1,0,-1,2,-1
KR_6682699490,420,-1,3,7,1,5,1,6,1,2,3,1,0,1,-4,4,0,-2,2,0,0,-8,-20,-1,-10,11,13,0,0,-1,1,1,1,5,-1
KR_6776135302,420,6,12,39,5,4,2,6,-3,3,0,5,1,6,1,4,5,-2,3,1,2,2,-4,-3,-4,7,6,0,0,-1,-1,-1,1,2,-1
KR_6744678008,420,3,3,16,8,4,0,4,4,2,6,-4,6,2,4,4,8,0,0,0,0,7,1,0,-4,4,-4,0,0,-1,1,-1,1,2,-1
KR_6755128490,420,1,-36,-20,2,-1,2,1,2,1,3,7,0,7,-5,7,2,-1,1,0,-1,-5,8,2,-8,6,-6,0,0,-1,1,-1,-1,3,-1
KR_6767095290,420,0,-7,14,-6,2,1,3,-2,2,0,-2,3,1,-4,5,1,0,1,1,0,-6,1,0,-7,7,0,0,0,-1,0,-1,-1,4,-1
KR_6723204746,420,-3,-24,-9,0,-4,4,0,-2,5,3,0,2,2,2,2,4,4,1,5,-1,-1,-5,-4,-6,10,0,0,0,-1,-1,-1,-1,3,-1
KR_6738243571,420,0,-21,-13,3,-2,2,0,2,2,4,-2,3,1,3,0,3,2,0,2,0,7,7,2,-5,3,0,0,0,-1,-1,0,-1,5,-1
KR_6770089916,420,-3,-44,-17,-17,-6,7,1,-3,4,1,-2,3,1,-5,8,3,-1,1,0,-1,-4,4,1,-3,2,-2,0,-2,-1,1,-1,-1,2,-1
KR_6755927865,420,-3,-21,20,-5,-3,4,1,1,4,5,-1,2,1,-1,5,4,-1,1,0,0,-7,-6,2,-6,4,1,0,0,-1,0,0,1,6,-1
KR_6711976373,420,-1,-34,-22,-2,-1,4,3,-1,4,3,-2,2,0,1,3,4,1,1,2,0,-2,-167,-3,-4,7,1,0,0,-1,-1,-1,1,5,-1
KR_6762065934,420,0,44,1,1,-1,2,1,0,3,3,6,1,7,-2,4,2,-2,2,0,1,-3,11,2,-6,4,-2,0,-1,1,-1,-1,1,6,-1
KR_6744746501,420,-1,16,28,-2,2,0,2,2,1,3,-1,3,2,-3,3,0,-2,3,1,1,5,56,1,-5,4,-3,0,-1,1,-1,-1,1,5,-1
KR_6722630586,420,1,-3,7,-1,-1,2,1,1,1,2,0,5,5,-3,3,0,2,1,3,0,-4,-1,4,-8,4,0,0,0,1,0,0,1,6,-1
KR_6751384695,440,-6,-108,-12,-17,-2,2,0,-4,5,1,-2,5,3,-6,9,3,-3,3,0,0,-20,-13,-4,-1,5,0,0,-3,-1,-1,-1,-1,2,-1
KR_6740368538,420,3,24,19,1,-2,5,3,5,1,6,1,1,2,-2,5,3,-1,1,0,0,2,-5,2,-4,2,0,0,0,-1,-1,0,1,4,-1
KR_6740966567,420,-4,-50,-16,-3,-3,3,0,1,2,3,-1,1,0,0,0,0,0,0,0,0,-1,2,2,-7,5,-1,0,-1,1,1,-1,-1,6,-1
KR_6716270747,420,-4,5,-23,-11,-4,5,1,1,1,2,-1,3,2,-4,6,2,-3,5,2,-1,-17,-3,-3,-4,7,2,0,-2,-1,-1,-1,-1,2,-1
KR_6758860817,420,-1,-12,-13,-4,1,0,1,-7,8,1,1,1,2,-1,2,1,2,0,2,0,-11,-12,1,-8,7,-5,0,-1,-1,-1,-1,-1,6,-1
KR_6775784182,420,-1,-21,50,-5,0,3,3,-1,4,3,-4,5,1,0,0,0,0,0,0,-1,-6,-1,3,-10,7,-3,0,-1,-1,1,-1,-1,3,-1
KR_6762833122,440,3,15,17,2,-4,5,1,0,1,1,3,0,3,3,2,5,0,0,0,1,8,1,1,-6,5,2,0,0,1,-1,-1,1,6,-1
KR_6713287879,420,-2,-6,-20,0,1,4,5,4,2,6,0,1,1,-3,3,0,-2,5,3,0,-2,-47,-1,-5,6,24,0,0,-1,1,0,1,5,-1
KR_6741996167,420,1,31,4,5,3,0,3,1,3,4,-4,5,1,1,2,3,4,1,5,0,-1,101,1,-6,5,1,0,1,1,1,1,-1,2,-1
KR_6770024117,420,-2,-35,1,-6,2,1,3,-1,3,2,0,3,3,-7,10,3,0,1,1,0,-7,-6,-6,-4,10,3,0,0,-1,1,1,-1,4,-1
KR_6730721510,420,-1,-44,-16,-11,-4,5,1,-2,4,2,-3,3,0,-2,5,3,0,2,2,0,-1,-11,0,-5,5,3,0,-1,-1,-1,-1,-1,6,-1
KR_6761164644,420,-2,-27,-11,-1,-2,3,1,-1,2,1,2,0,2,1,1,2,-1,2,1,0,0,-9,5,-7,2,5,0,0,-1,1,0,-1,5,-1
KR_6718586251,420,-1,-20,1,-9,2,0,2,-2,4,2,-4,5,1,-6,6,0,1,1,2,0,-11,24,-1,-2,3,-1,0,0,-1,1,0,-1,1,-1
KR_6759268910,440,-1,-52,-22,2,-2,6,4,2,2,4,-1,5,4,0,7,7,3,1,4,-1,13,278,-5,-3,8,2,0,1,1,1,-1,-1,1,-1
KR_6746961831,420,-1,-24,2,-1,-5,6,1,1,1,2,2,0,2,-1,4,3,2,0,2,0,-5,3,-3,-4,7,-1,0,-1,-1,1,-1,-1,5,-1
KR_6741370518,420,2,19,-1,6,4,0,4,2,1,3,0,1,1,0,2,2,0,0,0,1,3,34,3,-6,3,-1,0,1,-1,1,-1,1,6,-1
KR_6771742737,420,-5,-54,-9,-7,0,0,0,0,3,3,-2,3,1,-2,3,1,-3,4,1,0,-3,-4,0,-4,4,-5,0,-2,-1,-1,-1,-1,3,-1
KR_6772514306,420,1,-21,17,-8,1,0,1,-12,12,0,1,4,5,-3,4,1,5,2,7,0,-4,-133,-3,-6,9,-2,0,-2,-1,1,-1,-1,5,-1
KR_6769871821,420,-3,-23,2,-11,1,2,3,-1,4,3,-6,6,0,-3,4,1,-2,2,0,0,-8,50,3,-9,6,-27,0,-1,-1,1,-1,-1,1,-1
KR_6768182379,420,-3,-42,-11,-8,1,0,1,-4,6,2,-1,1,0,-2,5,3,-2,2,0,0,-14,-17,1,-7,6,-1,0,-1,-1,1,-1,-1,4,-1
KR_6729305653,420,1,-15,-12,4,3,0,3,2,3,5,0,1,1,-2,3,1,1,1,2,0,5,-182,3,-6,3,-2,0,1,1,1,1,1,3,-1
KR_6774992648,440,-3,-13,-1,-4,0,3,3,-1,3,2,-5,5,0,1,1,2,1,0,1,-1,-6,-16,-1,-1,2,-1,0,0,-1,-1,0,-1,6,-1
KR_6629243432,420,-3,-45,20,-4,0,1,1,-1,2,1,-2,3,1,-1,3,2,0,0,0,0,-1,-5,2,-6,4,-2,0,-3,1,-1,-1,-1,2,-1
KR_6750128111,440,-4,-41,-8,-8,0,2,2,-2,6,4,-3,6,3,1,2,3,-4,5,1,0,0,-7,0,-3,3,-1,0,-1,-1,-1,-1,1,2,-1
KR_6746467088,440,2,72,-10,2,-1,4,3,1,1,2,1,1,2,2,1,3,-1,5,4,3,6,3,0,-4,4,-2,0,0,-1,1,1,1,6,-1
KR_6767321681,420,-5,-47,-45,-10,0,2,2,-4,9,5,0,1,1,-6,6,0,0,3,3,0,-11,-27,5,-11,6,-1,0,0,-1,1,1,-1,6,-1
KR_6735993281,420,-2,76,-16,-6,-1,2,1,-6,6,0,3,1,4,-1,1,0,-1,1,0,-1,-5,15,-2,-5,7,2,0,0,1,-1,-1,-1,3,-1
KR_6776485957,420,-4,-61,-24,-9,0,0,0,-2,3,1,-2,3,1,-3,6,3,-2,2,0,0,-8,-9,0,-6,6,-2,0,0,-1,-1,-1,1,3,-1
KR_6762784779,420,-2,9,-5,-4,2,0,2,-2,3,1,-5,6,1,1,1,2,0,0,0,0,-3,-2,2,-9,7,-3,0,0,-1,-1,-1,1,2,-1
KR_6767050057,420,0,11,48,0,4,1,5,2,0,2,-1,1,0,0,2,2,-5,5,0,-1,-3,30,2,-5,3,-6,0,1,-1,1,1,-1,4,-1
KR_6775296043,440,3,34,24,8,-1,4,3,4,0,4,4,0,4,2,3,5,-1,1,0,0,5,-9,-1,-5,6,-1,0,1,-1,1,1,1,5,-1
KR_6756933282,420,-1,4,22,1,1,1,2,1,4,5,5,0,5,-9,11,2,3,1,4,1,-5,-7,-4,-7,11,2,0,-1,0,1,-1,1,0,-1
KR_6677933515,420,-8,-126,-23,-11,-2,4,2,-3,3,0,-1,2,1,-5,7,2,0,2,2,1,-12,-52,-2,-6,8,3,0,-2,1,1,-1,1,1,-1
KR_6737876524,420,-1,-30,8,-1,-3,4,1,2,1,3,2,3,5,-1,1,0,-1,1,0,0,-4,-11,-2,-5,7,0,0,0,1,-1,0,-1,2,-1
KR_6750855688,420,-4,-35,-3,-9,4,0,4,-5,6,1,-3,7,4,-4,4,0,-1,3,2,0,-5,-4,1,-6,5,-4,0,-2,-1,0,-1,-1,3,-1
KR_6765865881,420,-2,-75,5,-13,0,3,3,-1,2,1,-7,7,0,-5,8,3,0,0,0,0,-9,-12,-2,-3,5,-1,0,-2,-1,-1,-1,1,6,-1
KR_6771563317,420,-1,-42,-24,-10,-4,4,0,-4,5,1,4,3,7,-6,12,6,0,0,0,-1,-12,-34,1,-7,6,-5,0,-2,-1,-1,-1,-1,3,-1
KR_6742332795,420,-1,19,-15,-6,-2,3,1,1,4,5,-1,2,1,-1,4,3,-3,4,1,0,-2,-6,8,-10,2,2,0,0,-1,-1,0,-1,2,-1
KR_6762007264,420,-3,-34,-18,-8,2,2,4,0,2,2,-5,6,1,-3,6,3,-2,4,2,-2,-8,-4,-1,-6,7,5,0,-1,-1,-1,-1,-1,3,-1
KR_6723263288,420,-1,17,-37,-3,0,1,1,1,2,3,-4,4,0,-1,3,2,1,1,2,0,-3,-43,-1,-5,6,0,0,1,-1,-1,-1,1,2,-1
KR_6759251906,420,-2,-33,-22,2,1,0,1,-2,4,2,0,1,1,2,3,5,1,1,2,-1,-7,-11,-3,-7,10,3,0,0,-1,-1,0,-1,5,-1
KR_6725608943,420,-1,21,5,-4,1,1,2,-1,4,3,-3,3,0,-1,3,2,0,0,0,0,-6,3,2,-7,5,-3,0,0,1,1,-1,-1,4,-1
KR_6710703941,420,-2,5,15,-8,4,1,5,-4,6,2,-3,3,0,-4,6,2,-1,1,0,2,-7,-2,-1,-6,7,-6,0,0,-1,1,1,1,5,-1
KR_6728950672,420,-1,-76,16,-6,-3,4,1,-4,5,1,0,3,3,0,3,3,1,0,1,0,-3,32,0,-6,6,-7,0,0,1,-1,-1,-1,4,-1
KR_6758332658,420,1,-27,-7,-1,4,2,6,2,1,3,-5,7,2,-3,8,5,1,3,4,2,-4,11,3,-10,7,-3,0,0,-1,-1,0,-1,1,-1
KR_6766621572,420,-10,-61,-36,-17,-4,6,2,-1,3,2,-2,3,1,-8,9,1,-2,2,0,0,-17,-140,-6,-5,11,7,0,-3,-1,-1,-1,1,3,-1
KR_6740260901,440,1,37,-17,0,-4,6,2,5,0,5,-1,1,0,0,2,2,0,2,2,0,-9,30,-1,-5,6,0,0,0,-1,1,-1,1,3,-1
KR_6742255338,420,-7,-28,-12,-17,-4,4,0,-7,8,1,-3,4,1,-3,3,0,0,3,3,0,-16,29,-2,-6,8,0,0,0,-1,-1,-1,-1,2,-1
KR_6775862123,420,-2,24,-4,-2,1,2,3,1,4,5,-2,2,0,-3,5,2,1,3,4,0,2,9,5,-7,2,-7,0,0,1,-1,0,1,2,-1
KR_6750428138,420,5,81,49,5,5,0,5,2,1,3,3,2,5,-5,8,3,0,1,1,1,2,-24,-2,-5,7,1,0,0,1,-1,-1,1,1,-1
KR_6756296200,420,-3,-87,12,3,-2,5,3,5,1,6,0,1,1,-2,2,0,2,0,2,1,7,-116,3,-7,4,-8,0,-2,1,-1,-1,1,5,-1
KR_6737168585,420,-4,-24,-31,-9,-1,1,0,-2,6,4,0,3,3,-6,7,1,0,0,0,0,-14,7,-3,-5,8,-4,0,0,-1,-1,0,-1,4,-1
KR_6720209574,420,-2,-8,-10,-3,-3,3,0,0,3,3,-1,3,2,1,3,4,0,2,2,0,-2,-14,0,-3,3,-4,0,1,-1,1,1,-1,1,-1
KR_6742922498,420,-5,-103,-12,-12,0,1,1,-7,9,2,-1,1,0,-3,3,0,-1,1,0,0,-13,24,-7,-1,8,-3,0,-3,-1,-1,-1,-1,1,-1
KR_6743355690,420,-4,-42,-39,-6,1,2,3,-2,4,2,-4,5,1,-1,1,0,0,0,0,0,-11,7,3,-5,2,-5,0,-1,-1,-1,-1,-1,1,-1
KR_6764569907,420,-2,17,-1,-10,0,2,2,-3,4,1,0,1,1,-7,9,2,0,0,0,1,-11,-51,-2,-10,12,6,0,1,-1,-1,1,1,6,-1
KR_6751937849,420,-1,41,-4,-9,-1,1,0,-7,9,2,0,1,1,0,1,1,-1,1,0,0,-15,1,-2,-6,8,0,0,0,1,1,0,-1,6,-1
KR_6759040305,420,-2,-6,6,-4,-1,2,1,2,2,4,-1,2,1,-7,8,1,3,1,4,0,-2,-89,0,-6,6,2,0,-1,1,-1,-1,-1,3,-1
KR_6734933724,420,-1,57,-23,-4,1,1,2,-5,6,1,0,1,1,-1,1,0,1,0,1,0,-9,17,3,-7,4,-3,0,0,-1,-1,0,-1,5,-1
KR_6711974323,420,5,42,16,18,9,0,9,-2,4,2,8,0,8,1,3,4,2,0,2,5,22,-13,1,-6,5,-1,0,0,1,-1,-1,1,5,-1
KR_6753442722,420,-5,-35,-4,-11,-3,4,1,2,0,2,-2,2,0,-7,9,2,-1,1,0,0,-4,-3,1,-8,7,-2,0,-1,-1,-1,-1,-1,4,-1
KR_6767799423,420,0,-20,6,0,-4,5,1,0,1,1,3,0,3,1,4,5,0,1,1,0,0,-115,2,-7,5,0,0,-1,1,-1,-1,-1,4,-1
KR_6759574867,440,-3,-14,-24,-1,-2,2,0,-1,4,3,3,2,5,-1,2,1,0,2,2,0,2,-3,-2,-7,9,2,0,0,-1,1,0,-1,3,-1
KR_6769439413,420,-1,-69,5,0,-3,3,0,3,1,4,-4,5,1,3,1,4,1,2,3,0,1,-12,-5,-6,11,3,0,0,1,-1,-1,-1,2,-1
KR_6743891054,420,-2,-80,-13,-7,-4,5,1,-6,8,2,-3,5,2,5,1,6,1,0,1,-2,0,-12,2,-4,2,2,0,-3,-1,-1,-1,1,6,-1
KR_6754983424,420,-2,13,21,-10,-1,1,0,-3,5,2,-2,6,4,-2,4,2,-2,3,1,-1,-9,3,0,-4,4,1,0,-1,1,-1,-1,-1,4,-1
KR_6753729014,420,-2,-19,-23,-7,-1,1,0,-3,6,3,-7,7,0,5,1,6,-1,1,0,0,-3,44,2,-8,6,-18,0,0,-1,-1,0,1,5,-1
KR_6736182219,420,3,99,6,10,7,1,8,1,2,3,0,2,2,2,1,3,0,0,0,0,4,-209,6,-7,1,0,0,1,1,1,1,1,4,-1
KR_6769991496,440,-3,-40,-13,-5,0,1,1,-3,5,2,-3,3,0,-1,4,3,2,1,3,0,-4,-7,-3,-1,4,-6,0,-1,1,-1,-1,-1,4,-1
KR_6775402475,440,-1,-13,28,-5,-4,6,2,-1,3,2,-2,4,2,4,0,4,-2,2,0,0,-5,-13,6,-9,3,3,0,0,-1,-1,0,1,3,-1
KR_6769949261,420,2,28,27,6,0,0,0,4,2,6,1,0,1,0,4,4,1,2,3,0,4,-9,0,-6,6,1,0,0,-1,-1,0,1,2,-1
KR_6740119790,420,-3,-46,-20,-8,-3,4,1,-2,3,1,-2,4,2,-3,4,1,2,0,2,0,-8,42,0,-7,7,-31,0,0,-1,1,-1,1,2,-1
KR_6773348901,440,-4,-17,-6,-3,-1,3,2,-3,8,5,3,0,3,-2,2,0,0,1,1,0,-3,-1,2,-7,5,1,0,-1,1,-1,-1,1,1,-1
KR_6722516141,420,-3,25,-36,-5,-2,2,0,-2,5,3,0,1,1,1,1,2,-2,3,1,-1,-5,-62,-5,-4,9,5,0,2,-1,-1,1,-1,3,-1
KR_6766743249,420,-5,-72,-6,-9,-1,2,1,-2,3,1,-2,4,2,-4,4,0,0,0,0,0,-8,-6,-2,-8,10,2,0,0,-1,-1,-1,-1,6,-1
KR_6661221646,420,-3,-78,28,-8,-3,3,0,-1,3,2,1,3,4,-5,6,1,0,2,2,0,-10,13,-1,-8,9,-9,0,-2,1,1,-1,-1,6,-1
KR_6744185256,420,-2,-26,25,-12,-4,6,2,-2,4,2,-3,4,1,-2,3,1,-1,1,0,0,-15,-22,-3,-2,5,4,0,-1,-1,-1,-1,-1,1,-1
KR_6762442495,420,-2,7,-1,-6,-2,4,2,-1,1,0,-1,2,1,-3,3,0,1,0,1,0,-5,3,-3,-5,8,-5,0,-1,-1,-1,-1,1,3,-1
KR_6762368422,420,-2,20,7,-1,0,1,1,-2,3,1,0,4,4,3,0,3,-2,2,0,0,-1,3,2,-7,5,5,0,0,-1,-1,0,-1,4,-1
KR_6766865513,420,-1,-16,-3,-5,-2,3,1,-1,2,1,-3,5,2,3,2,5,-2,2,0,1,-4,-2,7,-10,3,-3,0,0,1,1,1,1,4,-1
KR_6704747815,420,0,5,-4,1,-1,1,0,-1,3,2,3,2,5,-1,2,1,1,0,1,0,-2,16,0,-4,4,-1,0,0,1,-1,0,1,4,-1
KR_6773926407,420,1,38,-4,4,-1,3,2,-4,8,4,3,1,4,5,2,7,1,1,2,0,5,17,1,-6,5,-5,0,2,-1,1,1,1,5,-1
KR_6777029125,420,0,15,-23,5,0,0,0,1,3,4,1,3,4,2,2,4,1,0,1,0,11,-18,-2,-7,9,7,0,0,1,-1,0,-1,4,-1
KR_6601443752,420,1,6,1,-4,-3,3,0,1,0,1,-3,3,0,1,0,1,0,0,0,0,-10,-15,-1,-4,5,-1,0,0,1,1,0,-1,1,-1
KR_6771774748,440,-4,17,-12,-5,0,3,3,-1,4,3,-4,4,0,0,3,3,0,1,1,-1,-1,-47,3,-6,3,3,0,0,-1,0,-1,-1,6,-1
KR_6775708396,420,-4,-13,12,-14,-4,5,1,-2,2,0,0,1,1,-6,8,2,-2,3,1,0,-19,87,-3,-4,7,-1,0,-2,-1,-1,-1,-1,1,-1
KR_6770221573,420,-4,-55,-16,-8,1,1,2,-1,2,1,-4,5,1,-2,3,1,-2,3,1,-1,-15,-31,-6,-2,8,-1,0,1,-1,1,1,-1,3,-1
KR_6672970487,420,-9,-85,-51,-10,0,1,1,-5,8,3,-2,2,0,-4,6,2,1,2,3,0,-10,-6,-3,-3,6,-1,0,-1,1,-1,-1,1,3,-1
KR_6741171963,420,-4,-52,2,-11,-3,4,1,-1,3,2,1,1,2,-8,8,0,0,0,0,-1,-17,9,-1,-8,9,-5,0,-2,-1,1,-1,-1,3,-1
KR_6752217623,420,-3,-27,-16,-6,1,2,3,1,2,3,-2,5,3,-6,7,1,0,0,0,0,0,3,0,-4,4,-3,0,-1,1,-1,-1,-1,1,-1
KR_6716181306,420,1,73,-8,4,4,2,6,2,2,4,-2,4,2,-2,7,5,2,2,4,0,2,-3,4,-9,5,0,0,0,1,-1,0,-1,1,-1
KR_6770175239,420,-4,-43,23,-8,3,0,3,-8,9,1,2,3,5,-3,4,1,-2,2,0,-1,-19,0,-2,-5,7,-3,0,-1,-1,-1,-1,-1,2,-1
KR_6713686060,420,5,31,10,13,5,2,7,5,2,7,1,2,3,0,5,5,2,0,2,0,9,2,0,-7,7,-2,0,2,1,1,1,-1,2,-1
KR_6752537752,420,3,-28,18,6,2,3,5,1,2,3,4,0,4,3,3,6,-4,4,0,-1,4,-3,-1,-3,4,2,0,1,-1,1,1,-1,6,-1
KR_6763569817,420,-3,-67,-17,-6,-1,2,1,-2,3,1,-3,4,1,0,4,4,0,0,0,0,-12,-3,-2,-4,6,-5,0,-2,-1,-1,-1,-1,5,-1
KR_6774996042,440,3,44,9,2,0,2,2,2,1,3,-5,5,0,0,2,2,5,0,5,0,4,-1,1,-7,6,2,0,1,-1,1,1,1,6,-1
KR_6762242579,420,-1,8,21,2,0,1,1,-1,2,1,1,2,3,0,3,3,2,0,2,0,1,2,-3,-7,10,0,0,0,1,-1,-1,1,4,-1
KR_6773721645,440,-4,42,3,-17,-9,10,1,-3,3,0,-3,3,0,-1,2,1,-1,2,1,0,-27,33,-3,-6,9,-31,0,0,-1,-1,-1,-1,1,-1
KR_6767615081,420,-2,10,38,-9,0,0,0,-2,7,5,-5,5,0,-1,5,4,-1,1,0,0,-8,5,3,-6,3,-3,0,-1,1,-1,-1,1,4,-1
KR_6745024929,420,-1,-11,8,0,-2,4,2,-1,4,3,2,3,5,1,4,5,0,0,0,0,3,33,1,-7,6,2,0,0,-1,-1,-1,1,3,-1
KR_6757518416,420,2,61,-3,2,-3,3,0,2,1,3,1,0,1,-2,6,4,4,1,5,0,0,41,2,-9,7,-7,0,1,-1,-1,1,1,2,-1
KR_6771480737,420,-2,-68,-8,-4,-1,2,1,-5,5,0,-1,2,1,3,3,6,0,1,1,0,-4,-11,2,-5,3,-4,0,0,-1,-1,0,-1,5,-1
KR_6760031833,420,0,66,-12,3,-2,2,0,3,0,3,-1,4,3,3,2,5,0,1,1,0,1,8,6,-7,1,-4,0,-1,-1,-1,-1,1,5,-1
KR_6773712856,420,-4,-65,-9,-4,-1,1,0,-6,7,1,-3,3,0,4,1,5,2,0,2,0,-1,1,1,-7,6,-4,0,-2,-1,-1,-1,-1,3,-1
KR_6775461853,420,1,80,-3,-5,-1,1,0,-4,5,1,2,4,6,-3,3,0,1,0,1,0,-5,0,-1,-4,5,7,0,1,1,1,1,1,2,-1
KR_6776969330,420,-2,-50,28,-8,1,0,1,-3,4,1,0,1,1,-6,7,1,0,0,0,0,-14,-184,-7,-1,8,-2,0,-1,-1,-1,-1,-1,3,-1
KR_6774479541,420,-1,-76,26,9,1,1,2,6,2,8,4,1,5,-3,4,1,1,2,3,1,12,19,3,-8,5,-2,0,-1,1,1,-1,1,2,-1
KR_6775697790,420,1,37,0,0,-5,5,0,-4,5,1,0,2,2,7,0,7,2,0,2,0,4,4,2,-4,2,-3,0,0,1,-1,-1,1,5,-1
KR_6604230462,420,-3,21,26,-11,-1,3,2,-3,8,5,-4,6,2,-3,4,1,0,2,2,0,-14,-1,3,-10,7,-3,0,-1,-1,-1,-1,-1,3,-1
KR_6754235788,420,2,29,53,3,0,3,3,1,2,3,2,1,3,4,3,7,-4,4,0,0,1,17,1,-5,4,2,0,2,0,1,1,1,0,-1
KR_6735952882,420,-3,-5,-47,-9,-1,2,1,-3,5,2,-6,8,2,0,1,1,1,0,1,0,-17,-109,2,-7,5,2,0,-1,-1,-1,-1,1,3,-1
KR_6748551499,420,-3,25,-10,-6,-4,5,1,1,1,2,-4,4,0,1,3,4,0,0,0,1,-7,-1,-1,-6,7,0,0,-2,-1,-1,-1,1,2,-1
KR_6776925912,420,2,63,-7,6,-3,4,1,-1,3,2,1,1,2,9,1,10,0,0,0,0,10,8,0,-4,4,-3,0,1,-1,-1,1,-1,5,-1
KR_6751388532,420,-2,3,-23,-4,0,0,0,0,5,5,2,1,3,-5,8,3,-1,2,1,0,-3,0,2,-6,4,-2,0,0,-1,1,-1,1,3,-1
KR_6767408140,420,-4,-126,-8,-10,-6,6,0,-2,2,0,-3,3,0,1,1,2,0,0,0,0,-8,0,-7,-4,11,-6,0,-3,-1,-1,-1,-1,1,-1
KR_6753480855,420,0,-38,-24,7,-2,3,1,2,3,5,5,0,5,1,1,2,1,0,1,0,6,19,-2,-6,8,1,0,1,-1,-1,1,1,6,-1
KR_6755946970,420,0,-33,-7,-2,2,1,3,-5,6,1,1,3,4,3,6,9,-3,4,1,-1,-16,-1,-2,-6,8,1,0,1,1,0,1,1,2,-1
KR_6775816900,420,1,-41,5,0,-3,3,0,-1,2,1,2,2,4,2,3,5,0,0,0,0,2,7,-2,-6,8,-3,0,0,-1,1,0,-1,3,-1
KR_6774945887,420,-1,-11,0,-1,0,0,0,0,1,1,0,2,2,0,2,2,-1,1,0,0,-1,4,-2,-3,5,1,0,-1,1,1,1,1,4,-1
KR_6602404655,420,-4,-28,-24,-4,1,3,4,-4,7,3,0,3,3,-2,4,2,1,0,1,-1,-3,13,-2,-5,7,-5,0,-2,-1,-1,-1,-1,5,-1
KR_6755017379,420,-1,-21,9,-7,0,4,4,-5,7,2,-3,4,1,1,2,3,0,1,1,0,-4,4,-7,-1,8,2,0,-1,-1,-1,-1,-1,5,-1
KR_6764162083,420,-2,-12,-20,-3,-3,4,1,1,3,4,-4,6,2,2,2,4,1,2,3,2,-1,0,0,-9,9,-6,0,0,1,-1,-1,-1,5,-1
KR_6736408283,420,1,-49,21,-6,3,0,3,-2,3,1,1,8,9,-5,5,0,-3,3,0,0,-11,-2,-5,-4,9,-1,0,-1,1,-1,-1,-1,5,-1
KR_6777269913,420,-1,45,23,0,2,0,2,-4,5,1,3,2,5,-2,4,2,1,0,1,0,-9,8,3,-5,2,-5,0,2,-1,1,1,1,6,-1
KR_6751066066,420,-7,-127,-11,-12,-4,4,0,-5,5,0,-1,2,1,0,2,2,-2,3,1,0,-11,-22,0,-5,5,-8,0,-1,1,-1,-1,1,1,-1
KR_6713926058,420,2,34,-14,-3,4,1,5,-4,6,2,1,1,2,-4,6,2,0,2,2,0,-9,-1,2,-9,7,0,0,0,-1,1,1,-1,3,-1
KR_6775123894,440,-5,-28,-9,-9,-2,4,2,-4,4,0,5,4,9,-5,8,3,-3,3,0,-1,-3,6,5,-12,7,-2,0,0,-1,0,-1,-1,4,-1
KR_6776221545,420,-2,-15,-12,-3,1,3,4,-4,6,2,0,2,2,2,0,2,-2,2,0,1,-3,-1,8,-12,4,-7,0,1,-1,1,1,1,4,-1
KR_6764617205,420,-6,-56,-31,1,2,0,2,-2,5,3,0,1,1,1,3,4,0,0,0,0,1,7,1,-6,5,-10,0,-1,1,1,-1,1,2,-1
KR_6772107626,440,-6,-72,-16,-11,-6,7,1,0,4,4,-1,3,2,-1,6,5,-3,3,0,0,-14,1,-3,-5,8,-1,0,-2,0,-1,-1,-1,0,-1
KR_6776955493,420,-5,-7,22,-21,-3,3,0,-9,9,0,-5,6,1,-5,5,0,1,0,1,0,-21,37,-3,-5,8,2,0,-2,1,-1,-1,-1,2,-1
KR_6770904350,420,2,21,-24,4,7,0,7,4,2,6,-5,5,0,1,1,2,-3,3,0,0,13,249,-1,-4,5,-2,0,0,1,-1,-1,1,6,-1
KR_6766963281,420,-1,-19,-49,-6,-2,5,3,-1,4,3,-4,4,0,1,2,3,0,0,0,-1,-6,-181,-2,-1,3,-3,0,0,1,-1,0,-1,3,-1
KR_6758690726,440,-3,-33,-37,-10,-5,5,0,0,4,4,0,3,3,-5,6,1,0,2,2,0,-5,-3,3,-4,1,2,0,0,-1,-1,1,-1,4,-1
KR_6741608942,440,1,13,-6,-2,0,4,4,-4,4,0,-3,5,2,3,1,4,2,2,4,0,4,-6,-2,-5,7,-2,0,-2,1,-1,-1,1,2,-1
KR_6758213692,420,-3,-68,14,-11,2,2,4,-1,2,1,-4,6,2,-5,5,0,-3,3,0,-2,-14,4,0,-6,6,-3,0,0,-1,1,-1,-1,2,-1
KR_6774319892,420,0,-33,30,2,2,2,4,-2,6,4,2,3,5,2,4,6,-2,2,0,0,3,-8,0,-7,7,-1,0,-1,1,1,-1,1,1,-1
KR_6678841691,420,-2,-67,8,-2,-1,2,1,-2,5,3,2,0,2,-1,4,3,0,1,1,-1,-4,1,-1,-3,4,3,0,0,-1,1,-1,-1,2,-1
KR_6757896030,420,-4,-6,8,-3,2,2,4,1,1,2,-1,2,1,-4,4,0,-1,2,1,0,-9,-40,-1,-6,7,13,0,-1,-1,0,-1,1,4,-1
KR_6739425353,420,-8,-92,-70,-14,-1,1,0,-11,12,1,-5,5,0,-4,5,1,7,1,8,1,-16,-10,-2,0,2,-2,-1,-5,-1,-1,-1,-1,5,-1
KR_6771103316,420,-6,-104,-25,-12,-3,3,0,-1,3,2,-1,3,2,-2,4,2,-5,5,0,0,-11,-5,2,-4,2,-2,0,-1,1,0,-1,1,2,-1
KR_6753180870,420,-6,-96,-16,-12,1,1,2,-4,5,1,-5,7,2,-4,5,1,0,1,1,1,-17,-8,-2,-7,9,-2,0,-1,0,1,-1,1,0,-1
KR_6753384938,420,-2,-12,-15,-7,-4,4,0,-4,6,2,0,3,3,1,1,2,0,2,2,0,-10,2,5,-12,7,-6,0,-1,-1,-1,-1,-1,4,-1
KR_6723157116,420,-4,-5,-13,0,-3,5,2,-2,7,5,4,1,5,0,3,3,1,1,2,0,1,-210,1,-7,6,0,0,-1,1,1,-1,-1,6,-1
KR_6771514881,420,0,3,0,4,3,1,4,-1,4,3,-1,1,0,4,0,4,-1,1,0,1,9,8,8,-14,6,0,0,1,1,1,1,1,6,-1
KR_6726052357,420,-2,-42,-11,-9,-1,3,2,-1,1,0,-2,2,0,-5,6,1,0,3,3,0,-8,4,4,-10,6,-8,0,0,-1,-1,0,-1,6,-1
KR_6741178284,420,-5,-82,-31,-3,-5,6,1,2,0,2,2,1,3,-1,3,2,-1,2,1,1,-2,-6,-2,-5,7,7,0,-1,1,1,-1,1,2,-1
KR_6748690531,420,-4,-51,-20,-11,-4,4,0,-2,4,2,-2,2,0,-4,6,2,1,1,2,-1,-2,-6,-2,-2,4,-1,0,-1,-1,1,-1,1,2,-1
KR_6728608403,440,-1,-37,13,-4,0,2,2,1,1,2,-1,1,0,-6,7,1,2,1,3,0,-2,-14,0,-3,3,2,0,-1,0,0,-1,-1,0,-1
KR_6726864258,420,-2,8,-7,-10,-3,4,1,-4,6,2,-1,2,1,-2,4,2,0,3,3,-1,-15,1,-3,-5,8,3,0,0,-1,-1,-1,-1,3,-1
KR_6762821464,420,-1,10,-7,-4,-1,1,0,2,3,5,0,1,1,-5,6,1,0,0,0,0,-3,0,-3,-4,7,-4,0,1,-1,1,1,-1,3,-1
KR_6772448153,420,-3,-2,-14,-9,-3,3,0,-2,3,1,-2,2,0,-1,5,4,-1,3,2,0,-6,-1,-4,-3,7,-1,0,-1,1,1,-1,-1,1,-1
KR_6771590148,420,0,-4,13,-2,-1,1,0,-6,7,1,1,1,2,4,1,5,0,1,1,0,-5,-10,-4,-3,7,4,0,-1,-1,1,1,-1,1,-1
KR_6769797625,420,0,50,-17,-1,0,0,0,1,2,3,-4,5,1,2,2,4,0,5,5,1,0,-122,0,-5,5,-1,0,-1,-1,-1,-1,1,2,-1
KR_6776058772,420,1,-8,-2,8,4,1,5,-1,2,1,0,1,1,3,5,8,2,0,2,-1,12,25,7,-14,7,-5,0,0,-1,-1,-1,-1,5,-1
KR_6776350364,420,3,-6,21,-3,3,0,3,4,0,4,-4,4,0,-5,7,2,-1,1,0,0,-2,33,0,-8,8,-1,0,1,-1,-1,1,-1,5,-1
KR_6757549361,420,-2,24,-4,-5,1,0,1,-1,3,2,1,2,3,-4,5,1,-2,2,0,1,-8,1,7,-10,3,-2,0,1,0,1,1,1,0,-1
KR_6703037789,420,-4,68,-23,-3,3,2,5,-5,5,0,0,3,3,-3,3,0,2,0,2,0,-12,-30,-2,-3,5,-3,0,2,-1,1,1,1,5,-1
KR_6776930516,420,0,-85,7,-7,-1,2,1,-3,7,4,-5,6,1,1,1,2,1,2,3,-3,-15,-21,-1,-6,7,-1,0,0,1,-1,-1,-1,6,-1
KR_6736334753,420,0,-34,8,3,3,1,4,0,2,2,3,1,4,-2,4,2,-1,1,0,0,0,10,-1,-6,7,3,0,0,-1,1,1,1,5,-1
KR_6748170815,420,0,14,-11,-5,-4,6,2,1,3,4,1,0,1,-3,3,0,0,1,1,0,-1,10,1,-8,7,-4,0,0,-1,1,-1,-1,2,-1
KR_6748784931,420,-5,-15,-1,-16,-3,4,1,-8,8,0,0,2,2,-2,2,0,-3,3,0,0,-17,-18,-6,-5,11,1,0,0,-1,1,-1,-1,4,-1
KR_6734736257,420,-6,-100,-13,-15,1,2,3,-6,7,1,1,1,2,-10,10,0,-1,1,0,-1,-17,-29,5,-11,6,-9,0,-2,-1,-1,-1,-1,2,-1
KR_6720735005,420,-6,-69,-28,-4,-2,3,1,1,3,4,-2,2,0,-1,3,2,0,2,2,2,-4,-41,4,-6,2,15,0,-1,-1,-1,-1,1,6,-1
KR_6764984366,420,3,54,12,-1,2,0,2,-2,4,2,4,1,5,1,6,7,-6,7,1,0,-15,3,0,-6,6,4,0,2,0,1,1,-1,0,-1
KR_6775474634,420,-2,4,-9,-6,-1,4,3,-1,2,1,0,1,1,-5,6,1,1,1,2,0,-16,-1,0,-6,6,4,0,-1,1,1,1,1,6,-1
KR_6745057430,420,-1,-92,8,-2,0,1,1,2,4,6,0,1,1,-6,6,0,2,0,2,0,-1,193,-1,-5,6,-4,0,-3,1,-1,-1,-1,3,-1
KR_6766891259,420,5,80,5,0,2,1,3,1,1,2,-5,6,1,3,1,4,-1,2,1,0,-13,5,3,-8,5,0,0,0,-1,1,1,1,2,-1
KR_6776864904,420,-3,-58,-4,-9,-2,5,3,-1,2,1,-4,4,0,-2,5,3,0,0,0,-1,-17,-170,0,-5,5,0,0,-2,-1,-1,-1,-1,1,-1
KR_6775611429,420,-6,-137,-19,-15,-3,3,0,-4,5,1,2,2,4,-9,9,0,-1,3,2,0,-14,-211,-3,-4,7,2,0,-4,-1,-1,-1,-1,6,-1
KR_6776358847,420,-4,26,17,-12,2,0,2,-3,8,5,2,0,2,-9,12,3,-4,4,0,0,-15,-7,-8,-1,9,-3,0,0,-1,-1,-1,-1,2,-1
KR_6776138354,420,2,54,26,-6,0,1,1,-5,6,1,0,2,2,-1,4,3,0,2,2,0,0,74,-5,-6,11,-7,0,-1,-1,-1,-1,-1,3,-1
KR_6773766706,440,-1,-19,-19,0,4,1,5,-8,11,3,0,4,4,1,5,6,3,0,3,-1,-13,-4,2,-4,2,-3,0,-2,-1,-1,-1,-1,4,-1
KR_6772229350,420,-1,46,-14,-2,1,1,2,-6,10,4,1,1,2,2,1,3,0,1,1,1,-2,-22,5,-8,3,-4,0,0,-1,1,0,1,3,-1
KR_6773438756,440,0,18,24,-3,-5,7,2,1,1,2,1,2,3,1,1,2,-1,1,0,0,4,0,-4,-1,5,4,0,-1,0,-1,-1,-1,0,-1
KR_6770751061,420,-1,-7,-12,2,4,1,5,0,1,1,0,2,2,-3,4,1,1,3,4,0,-3,36,0,-4,4,1,0,0,-1,1,1,1,3,-1
KR_6776348591,420,-2,-59,-12,-6,1,2,3,-4,7,3,1,1,2,-7,10,3,3,0,3,0,-11,-427,-2,-4,6,-5,0,-1,-1,-1,-1,-1,1,-1
KR_6775661889,420,0,40,-17,-8,-1,2,1,-5,6,1,-3,4,1,1,1,2,0,0,0,0,-5,168,7,-9,2,1,0,0,-1,-1,-1,1,3,-1
KR_6583144073,420,-3,5,-30,-1,0,2,2,-1,2,1,-2,3,1,1,2,3,1,1,2,0,1,14,0,-5,5,-1,0,0,-1,-1,-1,1,1,-1
KR_6740485553,420,-4,-98,-26,-6,-3,3,0,3,2,5,-2,2,0,-2,4,2,-2,2,0,0,-2,-17,-6,-4,10,-2,0,-1,-1,-1,-1,-1,6,-1
KR_6775776184,440,-3,-51,-19,-11,1,3,4,-6,6,0,-3,5,2,-5,9,4,2,1,3,-1,-21,-2,-4,-1,5,3,0,1,-1,0,-1,-1,4,-1
KR_6768424276,420,1,-8,-26,1,-2,5,3,1,4,5,0,3,3,5,0,5,-3,6,3,1,9,-4,0,-4,4,-3,0,-2,1,-1,-1,1,2,-1
KR_6757121668,440,2,67,-3,2,2,1,3,3,0,3,-1,4,3,-2,2,0,0,1,1,0,-5,-34,-7,-2,9,3,0,0,-1,1,0,-1,2,-1
KR_6735671675,440,2,-20,0,11,3,0,3,4,1,5,2,1,3,2,0,2,0,0,0,0,10,-2,-1,-4,5,0,0,-1,1,-1,-1,1,1,-1
KR_6756548269,420,-3,-47,-5,-6,-5,7,2,0,5,5,2,0,2,-1,2,1,-2,2,0,0,-3,-3,-4,-6,10,-2,0,-1,-1,-1,-1,-1,4,-1
KR_6730472318,420,-2,-50,24,-1,-5,6,1,1,4,5,0,2,2,-1,6,5,4,3,7,-1,-5,-13,-9,-2,11,1,0,1,1,1,1,-1,3,-1
KR_6742206579,420,1,19,16,0,0,0,0,2,2,4,1,2,3,-3,3,0,0,0,0,0,-1,19,-3,-4,7,-2,0,-2,-1,-1,-1,-1,3,-1
KR_6767631405,420,1,44,-28,6,4,1,5,-2,2,0,2,0,2,3,0,3,-1,2,1,0,5,-82,-1,-7,8,26,0,1,1,-1,1,1,1,-1
KR_6772347400,420,-1,18,-4,-1,0,2,2,2,4,6,3,2,5,-3,3,0,-3,3,0,0,-3,18,3,-8,5,-2,0,-1,-1,-1,-1,-1,3,-1
KR_6767887635,420,2,-19,8,0,1,1,2,0,4,4,-3,4,1,2,5,7,0,0,0,0,2,-6,-1,-4,5,1,0,1,-1,1,1,-1,3,-1
KR_6772920507,440,-6,-120,-20,-13,-5,7,2,-10,11,1,0,1,1,-1,3,2,3,1,4,0,-6,209,0,-6,6,-3,0,-2,0,0,-1,1,0,-1
KR_6719998933,420,-10,-80,-54,-28,-8,8,0,-7,8,1,-3,5,2,-6,6,0,-4,4,0,-1,-23,-24,-3,-5,8,7,0,-6,-1,-1,-1,-1,4,-1
KR_6777552856,420,-1,-32,-45,-4,1,2,3,-4,4,0,-1,3,2,0,1,1,0,0,0,0,-4,33,8,-11,3,4,0,0,-1,1,1,-1,3,-1
KR_6774349923,420,-2,31,29,-2,-4,7,3,0,1,1,1,0,1,3,2,5,-2,2,0,0,14,4,0,-5,5,-1,0,0,-1,1,1,-1,2,-1
KR_6759637934,420,4,40,0,3,4,1,5,-1,3,2,-2,3,1,1,4,5,1,1,2,0,-5,12,6,-11,5,-2,0,2,-1,1,1,1,4,-1
KR_6718258888,420,0,-37,4,-2,6,0,6,-1,4,3,0,3,3,-6,8,2,-1,1,0,0,-10,-3,-1,-7,8,-1,0,2,1,1,1,-1,6,-1
KR_6760008895,420,-5,-79,10,-5,1,4,5,0,6,6,1,4,5,-7,8,1,0,0,0,0,-14,17,-6,-4,10,2,0,-1,1,1,-1,-1,2,-1
KR_6774290611,420,-2,-16,-5,-7,0,2,2,-2,6,4,-3,4,1,-1,2,1,-1,1,0,-1,-26,-1,3,-6,3,0,0,1,-1,1,1,-1,2,-1
KR_6738524977,440,-7,-58,-28,-8,-2,3,1,-4,5,1,-3,3,0,1,2,3,0,1,1,1,-5,-3,2,-6,4,-2,0,-1,0,-1,-1,1,0,-1
KR_6598581876,420,-5,-19,-25,-1,2,1,3,-1,2,1,-1,3,2,0,1,1,-1,1,0,1,0,8,3,-8,5,-4,0,0,-1,1,0,1,1,-1
KR_6769764969,420,-5,-83,25,-5,-1,1,0,-5,8,3,2,5,7,2,3,5,-3,3,0,0,-12,-3,0,-7,7,-2,0,-1,-1,1,-1,1,3,-1
KR_6755748203,420,1,5,7,1,2,1,3,-2,4,2,2,3,5,-1,1,0,0,0,0,0,0,-27,-4,-5,9,1,0,-1,-1,1,1,-1,1,-1
KR_6768776752,440,-3,-61,0,-1,0,2,2,-5,5,0,2,0,2,0,2,2,2,1,3,0,-2,-2,-4,-2,6,7,0,0,-1,1,0,1,5,-1
KR_6741534617,420,-2,15,11,-12,1,1,2,-5,11,6,-4,5,1,-1,5,4,-3,3,0,-4,-17,-4,-4,-2,6,-5,0,0,-1,-1,-1,-1,6,-1
KR_6741883182,420,-2,-46,16,-7,0,2,2,2,2,4,0,4,4,-8,11,3,-1,2,1,0,-14,-113,-2,-8,10,-2,0,0,1,1,-1,-1,6,-1
KR_6736859475,420,-1,-44,-9,-1,-2,3,1,3,1,4,-2,3,1,0,2,2,0,0,0,0,0,1,-3,-6,9,0,0,0,-1,1,0,-1,1,-1
KR_6777529246,420,0,39,-16,-1,1,1,2,-3,4,1,4,0,4,0,2,2,-3,3,0,0,-5,23,-1,-4,5,2,0,0,-1,-1,0,1,1,-1
KR_6757128632,440,-6,2,-29,-13,-3,4,1,-3,4,1,1,0,1,-6,6,0,-2,2,0,0,-15,-3,-1,-5,6,-6,0,-4,-1,-1,-1,-1,2,-1
KR_6764494836,420,1,37,5,1,2,1,3,-2,3,1,0,2,2,1,5,6,0,1,1,1,7,-2,4,-11,7,1,0,0,0,0,0,1,0,-1
KR_6724864797,420,-3,-33,-36,-1,-2,4,2,-2,6,4,5,1,6,-1,2,1,-1,1,0,0,1,-6,-3,-6,9,2,0,-1,-1,-1,-1,-1,2,-1
KR_6705848418,420,0,27,-20,5,2,1,3,0,4,4,-1,3,2,2,1,3,2,0,2,-1,3,-13,-2,-6,8,-4,0,0,-1,1,0,-1,1,-1
KR_6713569929,420,-4,-51,-26,-9,-2,3,1,-2,2,0,-4,5,1,3,0,3,-4,4,0,1,-2,-27,-4,-5,9,0,0,0,-1,-1,-1,1,4,-1
KR_6675701255,420,-1,26,-15,-1,1,2,3,-1,2,1,2,2,4,-3,4,1,0,1,1,0,-1,-12,-8,-3,11,0,0,0,-1,-1,-1,1,5,-1
KR_6741525935,440,-4,-53,8,-11,-2,2,0,-4,6,2,-1,7,6,-3,4,1,-1,2,1,-1,-14,19,-1,-2,3,-2,0,-2,1,-1,-1,-1,1,-1
KR_6772193910,420,-5,-94,-5,-11,-1,2,1,-1,2,1,1,3,4,-10,10,0,0,0,0,0,-13,0,1,-5,4,-1,0,-1,1,-1,-1,1,4,-1
KR_6733599824,420,-4,-61,-40,-10,-1,2,1,0,1,1,0,2,2,-9,10,1,0,2,2,0,-15,19,1,-8,7,-4,0,-2,-1,-1,-1,-1,3,-1
KR_6775266164,420,-1,-10,12,-3,0,2,2,-5,6,1,1,3,4,0,1,1,1,2,3,0,1,-5,-5,-4,9,3,0,-2,-1,-1,-1,-1,4,-1
KR_6772208032,420,0,-23,4,0,0,2,2,2,2,4,-1,4,3,-1,1,0,0,1,1,1,7,1,-3,-3,6,-3,0,0,1,-1,0,1,2,-1
KR_6744681942,420,-4,-82,-18,-11,-4,6,2,-2,2,0,1,0,1,-3,3,0,-3,3,0,0,-10,-23,2,-6,4,-2,0,-1,0,1,-1,-1,0,-1
KR_6761795576,420,0,18,-8,-7,-3,4,1,-2,3,1,-4,4,0,0,1,1,2,1,3,1,-11,-7,-1,-7,8,-1,0,-2,-1,-1,-1,1,4,-1
KR_6744945606,420,-2,-22,4,0,1,0,1,-3,5,2,1,1,2,0,2,2,1,0,1,0,-4,-3,4,-7,3,-1,0,0,1,1,0,-1,4,-1
KR_6729160438,420,-3,39,-40,-6,-3,4,1,0,2,2,2,1,3,-6,6,0,1,1,2,0,-13,1,2,-6,4,0,0,0,1,1,0,1,1,-1
KR_6754416412,420,-2,-77,12,-11,-2,3,1,-5,5,0,1,2,3,-4,7,3,-1,2,1,0,-4,2,3,-10,7,1,0,-2,-1,-1,-1,-1,5,-1
KR_6762915698,420,-3,12,-19,-7,-1,3,2,0,2,2,-5,7,2,-3,3,0,2,2,4,0,-13,299,7,-11,4,2,0,0,1,1,0,-1,3,-1
KR_6770512093,420,0,-35,14,-5,-3,4,1,1,4,5,2,4,6,-5,5,0,0,0,0,0,-12,8,7,-10,3,-11,0,-1,1,-1,-1,-1,2,-1
KR_6740604367,420,-3,29,-2,-6,0,4,4,-2,6,4,3,2,5,-7,10,3,0,2,2,0,-3,24,0,-5,5,1,0,-2,-1,-1,-1,-1,2,-1
KR_6751579580,420,-7,-88,-67,-14,-8,8,0,0,5,5,-2,6,4,-5,6,1,1,1,2,-4,-15,-22,-5,-2,7,0,0,-2,-1,1,-1,-1,2,-1
KR_6767778645,440,-3,-2,-32,-7,2,1,3,-3,6,3,-1,2,1,-5,8,3,0,2,2,0,-8,-4,-3,-2,5,0,0,0,-1,-1,0,-1,4,-1
KR_6759953553,420,-3,-7,4,-6,-4,6,2,-2,4,2,0,3,3,-2,3,1,2,1,3,0,-6,34,1,-6,5,-21,0,0,-1,-1,0,1,4,-1
KR_6738253048,420,-6,-41,-23,-13,-1,4,3,-4,4,0,0,0,0,-9,10,1,1,1,2,0,-13,-9,-4,-5,9,-1,0,-1,-1,1,-1,1,5,-1
KR_6664202075,420,-2,-13,9,-3,-3,3,0,2,0,2,-1,3,2,-2,2,0,1,0,1,1,-2,8,0,-7,7,1,0,0,1,-1,0,1,6,-1
KR_6749399318,420,0,41,-11,8,2,0,2,-2,3,1,7,1,8,0,4,4,1,0,1,1,11,-1,-2,-7,9,0,0,0,-1,1,1,1,5,-1
KR_6752165610,420,-4,-23,-39,-1,-2,3,1,-2,4,2,-3,4,1,6,0,6,0,0,0,0,3,-2,0,-6,6,-2,0,-2,1,-1,-1,1,5,-1
KR_6771394450,420,-3,-12,-37,-3,-3,4,1,-1,2,1,-1,2,1,1,3,4,1,0,1,-1,-6,-7,-2,-7,9,0,0,0,-1,1,0,-1,3,-1
KR_6763896786,420,-2,-39,9,-5,1,3,4,1,4,5,-6,7,1,0,3,3,-1,2,1,-1,-12,3,-2,-3,5,-5,0,0,-1,1,0,-1,2,-1
KR_6775963985,420,-3,-53,2,-8,1,0,1,-3,4,1,-5,6,1,0,1,1,-1,2,1,0,-12,-43,-1,-5,6,1,0,-1,1,-1,-1,-1,4,-1
KR_6775851886,420,4,8,-10,11,0,0,0,3,2,5,2,0,2,4,0,4,2,1,3,1,16,-4,1,-4,3,0,0,0,1,1,1,1,3,-1
KR_6742883901,420,-1,4,-52,-2,4,0,4,1,1,2,-1,4,3,-4,7,3,-2,2,0,0,-1,-14,5,-7,2,-2,0,2,-1,1,1,-1,1,-1
KR_6763559062,420,-5,-7,-15,-11,-4,5,1,1,0,1,-1,1,0,-1,3,2,-6,7,1,-1,-13,-10,-6,-4,10,6,0,0,-1,-1,-1,-1,1,-1
KR_6755470291,420,0,78,0,10,5,0,5,2,2,4,6,0,6,-1,4,3,-2,4,2,0,6,6,-1,-5,6,3,0,1,-1,1,1,1,2,-1
KR_6775882081,420,-4,-55,25,-11,-1,5,4,2,1,3,-10,11,1,-2,2,0,0,2,2,0,-17,-3,-1,-3,4,0,0,-1,-1,-1,1,-1,1,-1
KR_6777243261,420,-1,9,5,-9,0,2,2,-2,5,3,-3,3,0,-3,3,0,-1,1,0,0,-9,0,1,-9,8,-3,0,0,-1,1,0,-1,3,-1
KR_6758882067,420,2,-2,-32,4,0,2,2,-3,7,4,2,2,4,4,0,4,1,0,1,1,12,3,2,-6,4,1,0,-1,-1,-1,1,1,4,-1
KR_6740040757,420,0,-10,21,-1,1,0,1,0,2,2,2,1,3,-1,2,1,-3,3,0,0,0,3,7,-11,4,-4,0,0,-1,1,0,1,3,-1
KR_6776166086,420,-4,-33,-20,-11,1,1,2,0,5,5,-5,7,2,1,0,1,-8,8,0,0,-10,-1,2,-6,4,-4,0,-2,-1,1,-1,-1,1,-1
KR_6756979174,420,3,30,4,0,1,2,3,1,3,4,-2,2,0,-2,2,0,2,1,3,0,7,-115,1,-6,5,-2,0,0,-1,-1,0,-1,2,-1
KR_6775002258,420,1,38,8,0,4,0,4,1,0,1,-3,5,2,-2,4,2,0,0,0,0,6,7,-3,-2,5,1,0,0,-1,-1,1,-1,1,-1
KR_6769319602,420,-2,-29,-20,-1,0,3,3,1,5,6,-4,4,0,3,0,3,-1,1,0,0,3,-10,4,-11,7,4,0,-1,1,1,-1,1,6,-1
KR_6750664133,420,0,-28,1,-4,2,1,3,-3,5,2,-4,6,2,0,4,4,1,1,2,0,-3,-2,-1,-4,5,-1,0,1,-1,1,1,1,1,-1
KR_6765976110,420,0,3,-19,-3,-2,3,1,-4,4,0,4,0,4,0,1,1,-1,1,0,0,-6,3,-1,-6,7,-3,0,0,-1,1,0,-1,4,-1
KR_6764938946,440,4,92,-8,8,-1,3,2,10,1,11,-1,1,0,3,3,6,-3,4,1,0,10,52,2,-3,1,-23,0,2,1,1,1,1,3,-1
KR_6749164362,420,-5,-45,-33,-7,0,0,0,-6,6,0,-1,2,1,0,1,1,0,0,0,0,-6,-12,1,-3,2,2,0,-1,-1,-1,-1,1,3,-1
KR_6772549131,420,-6,-92,-24,-10,0,2,2,-3,5,2,-1,6,5,-4,5,1,-2,2,0,0,-10,3,0,-5,5,2,0,-2,-1,-1,-1,-1,4,-1
KR_6742195480,420,-6,-41,4,-17,-6,6,0,-3,5,2,0,3,3,-9,11,2,1,0,1,-2,-14,6,1,-4,3,-1,0,-1,-1,1,-1,-1,3,-1
KR_6775552544,420,-3,-5,-12,-3,0,1,1,-1,4,3,3,0,3,-4,7,3,-1,4,3,0,0,0,4,-6,2,-7,0,-2,1,1,-1,-1,2,-1
KR_6645204323,420,-2,-24,-20,-5,0,0,0,-5,6,1,0,2,2,0,0,0,0,1,1,0,-7,-8,0,-9,9,3,0,-1,-1,1,-1,-1,1,-1
KR_6757110030,420,2,11,-5,5,2,1,3,0,3,3,2,0,2,1,2,3,0,1,1,0,4,-5,-3,-6,9,2,0,0,-1,1,0,1,3,-1
KR_6718846983,420,-6,-51,-62,-5,0,1,1,1,1,2,-4,5,1,0,3,3,-2,5,3,0,-6,162,-5,-5,10,2,0,-2,1,1,-1,-1,3,-1
KR_6737579732,420,0,1,-8,-2,-1,1,0,3,2,5,-3,3,0,-2,4,2,1,1,2,0,-4,4,-1,-7,8,-3,0,0,0,-1,0,1,0,-1
KR_6773138172,420,0,-33,-9,-7,-1,1,0,-1,2,1,-1,4,3,-3,3,0,-1,1,0,0,-9,-7,-7,-1,8,5,0,-1,-1,-1,-1,1,5,-1
KR_6762475948,420,-2,-44,-33,-2,4,3,7,-3,4,1,-4,4,0,0,1,1,1,1,2,-1,2,-113,-2,-4,6,-1,0,0,-1,0,-1,-1,5,-1
KR_6690362665,420,-2,-64,-28,-12,-3,3,0,-2,4,2,-3,4,1,-4,7,3,0,1,1,0,-14,-8,0,-5,5,-2,0,-1,1,1,-1,-1,6,-1
KR_6772120041,420,4,55,8,4,3,2,5,-2,2,0,2,1,3,1,4,5,0,1,1,0,3,4,-1,-3,4,3,0,2,1,-1,1,-1,4,-1
KR_6775024663,420,1,-28,11,0,1,1,2,2,4,6,1,1,2,0,4,4,-4,5,1,0,-2,0,2,-4,2,-2,0,-1,1,0,-1,-1,3,-1
KR_6775916625,420,0,35,-28,6,4,0,4,-2,4,2,0,4,4,2,1,3,2,2,4,0,9,16,2,-7,5,-1,0,1,-1,-1,1,1,6,-1
KR_6763091515,420,0,-16,-4,0,2,1,3,-1,6,5,-1,4,3,0,1,1,0,0,0,0,-4,-1,3,-8,5,-1,0,3,1,1,1,1,2,-1
KR_6748104297,420,-1,-7,5,0,4,1,5,1,3,4,-4,4,0,-1,2,1,0,0,0,0,-3,-3,-3,-2,5,0,0,-1,-1,1,-1,-1,6,-1
KR_6777863744,420,0,-6,-15,-6,1,1,2,-1,5,4,-1,3,2,0,2,2,-5,5,0,2,-8,-38,1,-7,6,-2,0,0,-1,1,0,1,6,-1
KR_6742116988,420,-4,-2,-24,-2,-1,3,2,-1,2,1,-4,6,2,4,2,6,0,2,2,0,2,38,1,-3,2,-19,0,-1,-1,0,-1,1,1,-1
KR_6705114791,420,0,-4,27,-6,-3,4,1,0,3,3,-2,2,0,-3,4,1,2,0,2,0,-10,-8,-4,-3,7,5,0,-2,-1,-1,-1,-1,2,-1
KR_6774228222,420,-3,-19,25,-9,-5,5,0,-1,1,0,-1,2,1,-5,7,2,3,0,3,0,-8,-3,-2,-5,7,0,0,-1,-1,-1,-1,-1,3,-1
KR_6775556076,420,-2,41,28,-2,-3,3,0,-2,4,2,-1,3,2,5,0,5,-1,1,0,0,-8,2,-4,-6,10,3,0,0,-1,-1,-1,-1,6,-1
KR_6772233677,420,-8,-131,-22,-15,-8,8,0,2,0,2,1,2,3,-7,8,1,-3,3,0,0,-9,-8,-4,-5,9,2,0,-1,-1,-1,-1,-1,1,-1
KR_6744996271,420,-4,-46,-4,-14,-2,4,2,-7,8,1,-2,3,1,-1,5,4,-2,2,0,0,-14,-33,-2,-5,7,-1,0,0,1,-1,0,-1,5,-1
KR_6761703287,420,1,-52,17,-3,-1,2,1,-1,2,1,3,0,3,0,0,0,-4,4,0,0,-3,46,1,-8,7,-40,0,0,-1,1,-1,1,2,-1
KR_6728362266,420,-2,37,-4,-4,1,0,1,-6,6,0,1,1,2,0,1,1,0,0,0,0,-12,-3,3,-7,4,-2,0,0,-1,-1,0,-1,3,-1
KR_6743222583,420,-1,-18,-7,0,1,1,2,-1,2,1,-2,2,0,2,2,4,0,1,1,-1,-7,5,0,-9,9,-3,0,0,-1,1,0,-1,1,-1
KR_6775687055,420,1,-40,-28,4,-1,2,1,1,3,4,1,2,3,0,0,0,3,1,4,1,9,16,-1,-5,6,2,0,0,1,-1,0,1,5,-1
KR_6731478179,420,-3,-18,4,-12,-2,3,1,1,2,3,-6,6,0,-3,3,0,-2,2,0,0,-3,-22,3,-9,6,-3,0,0,-1,-1,-1,-1,5,-1
KR_6777085171,420,-2,13,7,4,-2,4,2,1,1,2,2,2,4,3,1,4,0,2,2,0,1,-6,-5,-6,11,1,0,-1,1,1,-1,1,4,-1
KR_6744968163,420,-1,29,-32,2,0,3,3,6,2,8,0,2,2,-3,7,4,-1,1,0,-1,4,-42,-3,-8,11,19,0,-1,1,-1,-1,-1,4,-1
KR_6755983190,420,-5,-153,-28,-11,-2,2,0,-1,3,2,-2,2,0,-5,5,0,-1,1,0,0,-8,21,-6,-2,8,-1,0,-2,-1,-1,-1,-1,4,-1
KR_6744921026,420,-3,-66,-11,-9,-4,4,0,0,2,2,-4,4,0,-2,2,0,1,0,1,0,-6,16,-3,-3,6,-2,0,-1,1,-1,-1,-1,5,-1
KR_6777144854,420,-3,-33,0,-5,0,4,4,1,0,1,-3,3,0,-2,2,0,-1,1,0,0,-4,-36,2,-5,3,23,0,0,-1,1,0,1,2,-1
KR_6762280094,420,-1,5,3,0,0,1,1,1,2,3,3,2,5,-2,2,0,-2,2,0,0,-7,136,1,-7,6,3,0,0,-1,1,0,1,3,-1
KR_6713910987,420,-5,-39,-46,-4,0,4,4,1,2,3,2,1,3,-8,8,0,1,0,1,0,-17,-6,-1,-6,7,-5,0,-2,-1,-1,-1,1,3,-1
KR_6768055634,420,-1,-33,15,-3,0,0,0,-2,4,2,-1,3,2,0,6,6,0,2,2,0,-8,0,2,-6,4,-4,0,-1,1,1,1,1,4,-1
KR_6759353309,420,0,44,19,5,-1,4,3,0,2,2,0,6,6,4,1,5,2,0,2,2,15,-3,6,-10,4,-3,0,1,1,1,1,1,5,-1
KR_6767124067,420,-5,-116,-40,-13,-1,2,1,-6,7,1,-1,7,6,-4,5,1,-1,1,0,-1,-17,12,3,-7,4,-4,0,-1,1,-1,-1,-1,2,-1
KR_6773161813,420,-2,-32,4,-3,-1,3,2,4,1,5,-6,6,0,-2,5,3,2,0,2,0,3,3,-4,-2,6,1,0,0,1,-1,-1,-1,5,-1
KR_6774991176,420,-1,-3,-5,-3,4,0,4,0,1,1,0,1,1,-7,11,4,0,0,0,0,-8,19,5,-12,7,-8,0,-1,-1,-1,-1,1,6,-1
KR_6757684523,420,-2,-19,-8,-9,-1,1,0,-2,5,3,-4,6,2,-3,3,0,1,2,3,0,-8,117,-3,-4,7,-6,0,-1,1,-1,-1,-1,3,-1
KR_6768030753,420,-4,-32,20,-15,-6,6,0,-4,8,4,-2,2,0,-4,4,0,1,0,1,0,-15,-62,-5,-6,11,19,0,-1,-1,-1,-1,1,4,-1
KR_6776553501,420,-2,14,-4,-3,-1,1,0,-3,6,3,1,0,1,0,4,4,0,3,3,-1,-6,28,1,-8,7,-1,0,0,1,-1,0,1,6,-1
KR_6773477941,420,0,30,-6,11,-1,1,0,5,0,5,3,0,3,-3,6,3,7,0,7,0,13,-99,6,-9,3,3,0,2,-1,1,1,1,2,-1
KR_6733453503,420,0,33,20,-8,2,0,2,-3,6,3,-2,2,0,-3,5,2,-2,2,0,0,-16,124,0,-8,8,0,0,1,-1,1,1,-1,4,-1
KR_6776454188,420,1,-47,-9,2,0,1,1,-1,3,2,0,0,0,2,1,3,1,0,1,0,4,-3,2,-8,6,6,0,0,1,-1,0,1,5,-1
KR_6767432565,420,-5,-73,-24,-13,-4,5,1,-3,4,1,-5,5,0,2,1,3,-3,3,0,0,-14,2,3,-7,4,-3,0,0,-1,-1,-1,-1,3,-1
KR_6756344039,420,-2,-54,-4,-6,-3,4,1,0,1,1,0,0,0,-3,4,1,0,1,1,0,-10,0,3,-7,4,2,0,0,0,-1,0,1,0,-1
KR_6765840643,420,-3,-75,-1,-5,-5,6,1,7,2,9,-1,3,2,-2,6,4,-4,4,0,-1,-14,-1,-1,-6,7,-3,0,0,-1,1,-1,-1,5,-1
KR_6769301801,420,-5,-23,15,-13,-2,3,1,-4,4,0,-5,6,1,-2,2,0,0,1,1,0,-9,-10,-4,-3,7,-2,0,0,-1,-1,-1,-1,4,-1
KR_6754302843,420,-8,-110,-20,-22,-5,7,2,-2,4,2,-6,7,1,-5,5,0,-4,5,1,0,-16,-23,-2,-2,4,-3,0,-4,-1,1,-1,-1,2,-1
KR_6760030154,420,1,42,7,3,-1,4,3,2,2,4,1,2,3,-2,6,4,3,0,3,0,1,-6,4,-10,6,1,0,1,-1,1,1,1,3,-1
KR_6713288540,420,0,-63,-15,0,-1,3,2,-2,2,0,0,2,2,1,3,4,2,1,3,-2,3,6,-1,-2,3,-3,0,-1,-1,-1,-1,-1,4,-1
KR_6748266864,420,3,12,-2,7,3,1,4,1,0,1,-1,1,0,3,3,6,1,1,2,0,9,7,5,-8,3,1,0,1,-1,-1,1,-1,5,-1
KR_6728900507,420,0,12,-12,0,1,1,2,-3,4,1,2,4,6,-2,5,3,2,0,2,0,-4,-122,1,-7,6,1,0,0,-1,-1,-1,1,3,-1
KR_6770511743,420,6,20,-4,14,7,0,7,3,1,4,5,1,6,1,1,2,-2,2,0,0,18,-4,-1,-4,5,0,0,1,1,-1,1,1,5,-1
KR_6624918659,420,0,10,9,-2,0,2,2,0,3,3,-1,3,2,-2,2,0,1,0,1,0,4,12,1,-6,5,2,0,0,1,1,-1,-1,2,-1
KR_6760023756,420,-4,-16,-19,-9,-2,3,1,0,2,2,-2,2,0,-3,6,3,-2,2,0,0,-15,-130,-2,-3,5,1,0,-1,1,1,-1,-1,2,-1
KR_6709200981,420,-2,-81,-24,-2,-3,3,0,0,0,0,-1,3,2,1,3,4,1,0,1,0,5,-7,-1,-3,4,3,0,0,-1,-1,-1,1,5,-1
KR_6629083251,420,0,-46,0,1,1,2,3,2,3,5,0,2,2,-3,6,3,1,0,1,0,-1,19,0,-8,8,-1,0,1,1,1,1,-1,4,-1
KR_6777424346,420,1,3,8,0,-2,3,1,1,3,4,1,3,4,0,2,2,0,0,0,0,-1,-1,-1,-6,7,2,0,0,1,1,0,1,1,-1
KR_6772613994,420,-2,-60,20,-9,-3,5,2,-4,4,0,0,3,3,-2,4,2,0,0,0,0,-13,3,-2,-3,5,-3,0,-2,-1,1,-1,-1,1,-1
KR_6767310139,420,1,-62,-4,5,2,0,2,1,2,3,2,0,2,1,1,2,-1,2,1,0,4,116,-3,-2,5,0,0,-1,1,-1,-1,-1,2,-1
KR_6733730001,420,-1,-32,-2,-4,-2,4,2,1,3,4,2,2,4,-5,8,3,0,1,1,2,-4,-16,3,-10,7,2,0,-1,-1,1,-1,1,1,-1
KR_6774156673,420,2,-35,2,5,-2,4,2,0,2,2,0,2,2,2,0,2,5,0,5,0,9,4,-4,-3,7,-3,0,1,1,-1,1,1,1,-1
KR_6770489848,420,0,6,7,0,-1,2,1,-3,4,1,2,1,3,0,2,2,2,1,3,0,-6,2,3,-8,5,5,0,-1,1,-1,-1,-1,4,-1
KR_6768093364,420,-4,12,-33,-5,0,1,1,-2,3,1,0,1,1,-2,2,0,-1,1,0,0,-8,-11,-1,-8,9,4,0,0,-1,1,0,1,2,-1
KR_6704378485,420,0,-68,4,6,0,1,1,1,4,5,4,1,5,-1,3,2,2,0,2,0,4,2,0,-5,5,4,0,0,0,1,-1,1,0,-1
KR_6753656940,420,-3,-68,-13,-7,-3,4,1,0,5,5,-1,1,0,-2,2,0,-1,2,1,0,-8,22,-3,-3,6,-4,0,-2,-1,-1,-1,-1,1,-1
KR_6777415769,420,-2,-4,-24,-5,-1,1,0,3,1,4,-1,2,1,-7,10,3,1,1,2,0,2,14,5,-12,7,-3,0,-1,-1,-1,-1,-1,6,-1
KR_6757169365,420,-2,-19,2,2,6,2,8,0,1,1,2,1,3,-5,7,2,-1,1,0,0,4,-8,-2,-9,11,-5,0,-1,1,1,-1,1,6,-1
KR_6756094647,420,3,37,-16,-4,1,3,4,1,1,2,-5,7,2,1,4,5,-2,3,1,-2,-4,16,2,-9,7,-3,0,1,-1,1,1,1,6,-1
KR_6604191425,420,-1,29,12,-7,0,1,1,-2,5,3,-2,4,2,-1,2,1,-2,3,1,-1,-8,50,2,-9,7,-5,0,-1,-1,-1,-1,-1,4,-1
KR_6774729775,440,-1,-58,-20,-4,0,2,2,2,1,3,-2,5,3,-3,5,2,-1,1,0,0,-4,-36,-6,0,6,-2,0,0,-1,0,0,-1,3,-1
KR_6765950431,420,0,60,21,2,1,2,3,3,5,8,-1,4,3,-1,6,5,0,0,0,0,-2,-6,-5,-3,8,5,0,1,1,1,1,1,1,-1
KR_6676863708,420,0,-13,0,0,-1,2,1,1,5,6,-1,1,0,2,2,4,-1,1,0,0,2,-11,-1,-7,8,-2,0,0,-1,1,0,-1,3,-1
KR_6756152504,420,-4,-14,8,-8,1,1,2,1,4,5,-9,9,0,3,1,4,-4,6,2,0,-9,7,3,-6,3,-4,0,1,-1,1,1,-1,6,-1
KR_6762909539,420,-2,-8,-4,-6,-2,5,3,-2,3,1,0,3,3,-1,3,2,-1,1,0,0,-12,1,4,-9,5,-1,0,-1,-1,-1,-1,-1,1,-1
KR_6776608416,440,-4,-58,0,-10,5,1,6,-1,2,1,-6,6,0,-7,9,2,-1,2,1,0,-14,-19,-2,-1,3,-2,0,0,-1,-1,-1,1,5,-1
KR_6735545371,420,0,15,-16,4,-2,3,1,4,0,4,-1,1,0,1,2,3,2,1,3,0,6,1,3,-5,2,-1,0,0,-1,1,0,1,1,-1
KR_6637215699,420,3,22,-8,0,2,2,4,-4,4,0,-4,4,0,5,1,6,1,1,2,0,-1,-34,-4,-6,10,1,0,2,1,-1,1,1,1,-1
KR_6764434081,420,1,-42,27,0,0,2,2,3,1,4,-3,5,2,-3,5,2,3,0,3,0,-5,-5,3,-10,7,3,0,1,1,-1,1,-1,3,-1
KR_6765105317,420,-3,22,-32,1,2,1,3,3,1,4,-3,4,1,-3,4,1,2,0,2,0,5,-6,1,-5,4,4,0,0,1,1,0,-1,3,-1
KR_6758668141,420,-3,-8,-57,1,1,0,1,5,2,7,1,2,3,-2,2,0,-4,4,0,1,1,128,5,-11,6,-1,0,0,-1,1,0,-1,5,-1
KR_6755340729,420,-2,5,24,-11,3,0,3,-7,7,0,-5,5,0,-1,3,2,-1,1,0,0,-20,-5,-5,-4,9,-5,0,0,-1,-1,0,-1,4,-1
KR_6765363069,420,-4,-17,-4,-9,-2,2,0,2,3,5,-6,6,0,-4,5,1,1,1,2,-1,-15,-26,-3,-4,7,1,0,-2,-1,1,-1,-1,5,-1
KR_6761906576,420,-9,-135,-38,-11,-5,5,0,-11,11,0,3,1,4,-5,8,3,7,0,7,4,5,-15,3,-7,4,3,0,-3,-1,1,-1,1,5,-1
KR_6764455470,420,0,-29,4,0,-3,3,0,4,2,6,1,0,1,-1,1,0,-1,1,0,0,-3,-8,-1,-6,7,4,0,-1,1,-1,-1,1,1,-1
KR_6764735131,420,-3,-36,-28,-15,-4,4,0,2,1,3,-3,3,0,-7,7,0,-3,3,0,-2,-17,1,-1,-5,6,3,0,-2,-1,-1,-1,-1,1,-1
KR_6741708293,420,-2,-51,23,-9,-6,6,0,-1,2,1,-3,3,0,2,2,4,-1,1,0,0,-5,4,0,-7,7,-9,0,-1,1,-1,-1,1,5,-1
KR_6776340397,420,-2,-41,-7,-5,3,2,5,-2,5,3,-2,2,0,-4,6,2,0,1,1,0,-7,-10,0,-8,8,5,0,0,1,1,1,1,2,-1
KR_6776024391,420,0,23,-4,1,0,3,3,-1,3,2,0,1,1,0,1,1,2,1,3,1,6,0,2,-10,8,-2,0,1,1,1,1,1,6,-1
KR_6763681288,440,-1,-81,-3,-7,-2,2,0,0,4,4,-2,3,1,-3,5,2,0,1,1,0,-3,-30,0,-4,4,2,0,-1,1,0,-1,1,6,-1
KR_6751393521,440,1,-19,18,2,1,2,3,-1,3,2,-2,4,2,4,5,9,0,0,0,-2,-19,-3,0,-4,4,-2,0,1,1,-1,1,-1,6,-1
KR_6747881530,420,-3,-65,-41,-11,2,0,2,1,1,2,-4,4,0,-5,6,1,-5,5,0,0,-9,-3,1,-3,2,0,0,-3,-1,-1,-1,-1,6,-1
KR_6749511394,420,-2,-40,-5,-8,1,3,4,-5,8,3,0,2,2,-4,5,1,0,2,2,0,-13,14,-5,-1,6,0,0,2,-1,1,1,-1,4,-1
KR_6748561368,420,-5,-47,-9,-9,-5,5,0,-3,3,0,-1,4,3,4,0,4,-4,5,1,0,-6,-7,3,-8,5,-2,0,-1,1,-1,-1,-1,3,-1
KR_6774521942,440,-2,-23,32,-10,-2,2,0,1,1,2,-8,9,1,0,0,0,-1,1,0,0,-9,-110,-4,-4,8,-1,0,0,-1,1,0,-1,6,-1
KR_6760079278,420,-4,8,-60,-6,-1,1,0,-2,5,3,1,2,3,-3,5,2,-1,2,1,0,-1,19,4,-8,4,-3,0,-1,-1,-1,-1,-1,4,-1
KR_6740549277,420,1,-13,17,5,-5,7,2,2,2,4,1,0,1,4,1,5,3,0,3,0,2,108,1,-6,5,7,0,2,1,1,1,1,5,-1
KR_6771521680,420,-4,-34,-12,-7,-1,1,0,0,4,4,-3,4,1,-1,2,1,-2,2,0,0,-10,9,4,-9,5,3,0,0,1,1,-1,1,2,-1
KR_6734636608,420,-1,5,-12,-3,-2,2,0,2,4,6,-2,2,0,-2,2,0,1,0,1,-1,-6,5,1,-9,8,-4,0,0,1,1,0,-1,5,-1
KR_6775638040,420,1,-32,10,0,4,1,5,1,3,4,2,1,3,-6,7,1,-1,1,0,1,-3,140,-2,-5,7,7,0,1,-1,1,1,1,5,-1
KR_6775794068,440,-7,-87,-4,-20,-1,2,1,-5,5,0,-6,7,1,-3,4,1,-5,5,0,0,-13,-6,-1,-2,3,1,0,-1,0,-1,-1,-1,0,-1
KR_6738773147,420,-1,-7,24,-7,0,0,0,-2,5,3,-3,3,0,0,2,2,-2,2,0,0,-11,2,0,-4,4,-2,0,-1,-1,-1,-1,-1,2,-1
KR_6716028575,420,-1,79,16,2,0,2,2,-1,4,3,5,0,5,0,2,2,-2,2,0,0,1,-2,-1,-6,7,-1,0,0,-1,1,1,1,5,-1
KR_6752117815,420,-2,-41,-32,0,-3,5,2,4,3,7,-3,6,3,1,2,3,1,0,1,1,15,1,-3,-4,7,6,0,-1,-1,1,-1,1,4,-1
KR_6759741142,420,1,11,15,-7,1,0,1,-1,3,2,-5,7,2,-3,3,0,1,2,3,0,-13,-2,-3,-4,7,5,0,2,-1,1,1,-1,3,-1
KR_6775911359,420,1,31,16,6,2,0,2,1,0,1,-1,2,1,1,3,4,3,1,4,1,8,-3,2,-8,6,-11,0,1,1,-1,1,1,2,-1
KR_6772643932,420,0,-11,-16,-3,0,2,2,-1,3,2,-3,5,2,1,0,1,0,0,0,0,-1,-3,0,-4,4,1,0,-1,1,-1,-1,-1,4,-1
KR_6777238159,420,-3,8,-4,-10,-4,4,0,0,1,1,-7,7,0,0,3,3,1,0,1,0,-11,-1,0,-5,5,3,0,-1,1,-1,-1,-1,2,-1
KR_6756177579,420,-5,2,-22,-4,0,2,2,-2,4,2,1,0,1,-3,6,3,0,0,0,0,-5,3,3,-8,5,-10,0,-1,-1,1,-1,1,2,-1
KR_6772690900,420,2,23,-4,12,0,1,1,1,2,3,2,4,6,5,1,6,4,0,4,2,11,-2,4,-9,5,-1,0,1,1,-1,1,1,1,-1
KR_6734650648,420,0,-44,0,-2,0,3,3,6,0,6,-1,4,3,-5,6,1,-2,2,0,-1,-1,0,1,-8,7,-10,0,1,1,-1,1,-1,5,-1
KR_6777221096,420,-1,-24,-4,2,-1,2,1,-1,3,2,1,4,5,4,3,7,-1,1,0,0,1,12,3,-9,6,-3,0,0,1,1,1,1,1,-1
KR_6772377705,420,-8,-64,-43,-25,-4,5,1,-7,8,1,-2,5,3,-6,8,2,-6,7,1,-2,-27,-11,-7,-2,9,0,0,-3,-1,-1,-1,-1,3,-1
KR_6772337733,420,-6,-46,-36,-18,-1,1,0,-1,3,2,-5,5,0,-1,2,1,-10,10,0,0,-24,11,0,-5,5,-5,0,-1,-1,1,-1,-1,1,-1
KR_6777376418,420,-2,-3,-8,-8,-2,2,0,-3,3,0,-1,4,3,0,4,4,-2,3,1,0,-5,3,2,-6,4,-1,0,0,-1,-1,1,1,5,-1
KR_6773277417,420,-2,-47,18,3,-1,2,1,1,0,1,-1,1,0,2,0,2,2,0,2,0,3,6,-3,-7,10,-3,0,0,1,-1,0,-1,6,-1
KR_6753987725,420,-4,-47,-9,0,-5,5,0,-4,5,1,3,1,4,5,1,6,1,0,1,0,10,4,2,-7,5,1,0,-1,1,-1,-1,1,3,-1
KR_6773154006,420,0,-22,-3,2,-1,5,4,-1,1,0,0,0,0,3,0,3,1,1,2,0,7,5,1,-6,5,3,0,0,1,-1,-1,-1,5,-1
KR_6775798424,440,-2,-33,-5,-4,-4,4,0,-1,5,4,-3,4,1,4,4,8,0,0,0,0,3,-41,-2,-4,6,-1,0,1,0,0,1,1,0,-1
KR_6749822168,420,-3,-21,8,-8,-3,4,1,-4,7,3,-2,5,3,4,2,6,-3,5,2,-1,-11,-5,-5,-3,8,-1,0,-2,-1,-1,-1,-1,2,-1
KR_6777744111,420,-2,-7,10,-6,-1,3,2,1,2,3,-1,1,0,4,0,4,-9,10,1,0,-6,-2,0,-4,4,-3,0,0,1,1,-1,1,4,-1
KR_6776421961,440,-7,-22,-11,-11,5,4,9,-3,3,0,-5,5,0,-6,7,1,-2,2,0,0,-20,-26,2,-5,3,-1,0,-1,1,-1,-1,1,3,-1
KR_6715270808,420,-1,9,27,-9,-3,3,0,2,2,4,-5,6,1,-1,4,3,-2,2,0,-1,-13,-27,0,-6,6,-1,0,-1,-1,1,-1,-1,6,-1
KR_6718399663,420,2,19,28,2,0,0,0,2,2,4,2,3,5,-4,5,1,2,0,2,0,-9,34,-2,-5,7,1,0,0,-1,1,0,1,5,-1
KR_6759553778,420,-3,13,2,-5,-1,1,0,0,1,1,2,1,3,-4,5,1,-2,2,0,0,-11,-5,-3,-4,7,-1,0,0,-1,-1,0,-1,1,-1
KR_6656427127,420,-2,-29,-1,-2,0,1,1,-1,3,2,-1,3,2,0,3,3,0,0,0,0,-4,26,-2,-6,8,-5,0,0,-1,1,0,-1,3,-1
KR_6713279292,420,-7,-139,-35,-12,-2,4,2,-1,2,1,-4,4,0,-5,6,1,0,0,0,0,-9,-7,-6,-1,7,0,0,-4,-1,-1,-1,-1,3,-1
KR_6682591581,420,-2,-20,8,-2,-1,6,5,-1,2,1,-1,1,0,-1,3,2,2,0,2,-1,-7,-11,-2,-5,7,3,0,0,-1,-1,0,-1,2,-1
KR_6725361885,420,-1,33,-8,-4,1,0,1,-3,4,1,1,1,2,-2,6,4,-1,1,0,-2,-1,8,3,-9,6,6,0,0,-1,1,1,-1,2,-1
KR_6651111426,420,-7,-40,-63,-14,-4,6,2,-5,6,1,-3,3,0,0,1,1,-2,3,1,0,-5,-2,-2,-6,8,0,0,-2,-1,-1,-1,-1,4,-1
KR_6730583476,420,2,38,25,1,3,1,4,2,1,3,1,3,4,-5,6,1,0,1,1,0,5,32,-5,-5,10,-4,0,0,1,-1,0,-1,6,-1
KR_6710707399,420,-4,-78,-14,-13,-3,4,1,-1,2,1,-3,4,1,-5,5,0,-1,1,0,-1,-15,12,2,-8,6,-8,0,-2,-1,-1,-1,-1,5,-1
KR_6772299165,420,0,39,-10,-3,-3,3,0,1,2,3,2,2,4,-3,4,1,0,0,0,0,-2,96,1,-8,7,27,0,0,1,-1,1,1,4,-1
KR_6766596155,420,-5,-109,8,-17,0,1,1,-8,8,0,1,1,2,-7,7,0,-3,3,0,-1,-17,-17,-10,-3,13,1,0,-1,-1,1,-1,-1,5,-1
KR_6775792273,420,-3,-3,6,-7,0,2,2,-1,7,6,-2,2,0,-2,4,2,-2,2,0,0,-16,12,2,-6,4,-2,0,1,-1,-1,1,-1,3,-1
KR_6721981827,420,-2,-82,-1,-5,-2,2,0,-3,9,6,-1,3,2,0,2,2,1,1,2,0,-2,118,0,-8,8,-19,0,0,-1,1,-1,1,4,-1
KR_6741057687,420,0,-10,8,-4,0,2,2,0,3,3,-1,2,1,-1,3,2,-2,4,2,0,-8,-30,1,-4,3,0,0,0,-1,1,0,1,2,-1
KR_6760092706,420,-1,-30,28,-1,2,0,2,-3,3,0,0,1,1,0,0,0,0,0,0,0,-1,-8,-2,-7,9,4,0,-1,1,1,-1,-1,3,-1
KR_6771507668,420,-2,-31,-4,-4,-5,5,0,2,1,3,1,2,3,-3,6,3,1,1,2,0,2,-43,4,-7,3,17,0,1,-1,1,1,-1,4,-1
KR_6713211033,420,2,-2,3,6,4,0,4,1,2,3,1,1,2,1,2,3,-1,2,1,1,9,-3,-6,-3,9,0,0,1,-1,1,1,1,6,-1
KR_6765431190,420,-4,-142,-31,-18,-2,6,4,-4,6,2,-3,8,5,-6,8,2,-3,4,1,-2,-20,-3,-3,-3,6,0,0,-3,-1,-1,-1,-1,1,-1
KR_6759988029,420,-1,-18,15,-4,0,1,1,0,3,3,1,1,2,-3,3,0,-2,3,1,0,-6,-32,-3,-4,7,7,0,-1,1,-1,-1,-1,3,-1
KR_6722958459,420,-6,-83,-10,-9,-2,2,0,-3,6,3,2,2,4,-3,5,2,-3,4,1,0,-1,-15,-3,-4,7,33,0,-2,-1,1,-1,1,3,-1
KR_6762441120,420,0,-45,-14,-1,-3,4,1,3,3,6,-2,2,0,2,0,2,-1,1,0,0,0,-20,0,-5,5,6,0,-2,-1,-1,-1,1,5,-1
KR_6777278070,420,0,-7,-4,-4,0,3,3,1,1,2,-2,3,1,-3,3,0,0,1,1,0,-1,21,5,-10,5,-4,0,0,-1,1,-1,-1,2,-1
KR_6700972220,420,-2,1,-2,-3,4,1,5,-3,4,1,-2,4,2,0,4,4,-2,2,0,0,-9,0,-4,-3,7,-4,0,0,1,-1,-1,1,6,-1
KR_6748013170,420,-4,-38,-16,-2,0,1,1,0,3,3,-2,3,1,1,1,2,-1,1,0,1,1,34,3,-6,3,-1,0,0,-1,1,0,1,4,-1
KR_6762326108,420,-2,-63,-12,1,2,1,3,-1,6,5,0,4,4,2,2,4,-2,3,1,0,2,29,2,-4,2,-2,0,0,-1,1,0,1,5,-1
KR_6762858013,420,-5,-4,-20,-9,-1,2,1,-5,7,2,-2,4,2,-2,3,1,1,0,1,0,-8,2,2,-6,4,-4,0,-1,1,-1,-1,-1,2,-1
KR_6713590948,420,-1,61,-12,-4,0,2,2,-4,4,0,-1,1,0,0,0,0,1,1,2,3,-8,81,1,-4,3,-19,0,0,1,-1,-1,1,5,-1
KR_6744870967,420,-1,-29,-3,-1,0,1,1,-8,9,1,0,3,3,5,3,8,2,0,2,0,-8,-6,-3,-5,8,1,0,1,-1,1,1,1,1,-1
KR_6469537020,420,-2,-58,-3,-4,4,1,5,-3,5,2,-4,4,0,-1,3,2,0,0,0,0,-13,-11,2,-8,6,-5,0,0,1,1,1,1,3,-1
KR_6745001722,420,-5,-72,-18,-8,-4,4,0,-2,6,4,-3,4,1,0,2,2,1,3,4,1,-7,-15,3,-6,3,-1,0,-1,-1,1,-1,1,4,-1
KR_6698314987,420,1,27,-17,5,1,1,2,2,4,6,2,2,4,-2,7,5,2,0,2,-1,1,30,3,-4,1,1,0,0,-1,-1,0,-1,6,-1
KR_6639632375,420,-2,-34,-23,0,1,1,2,-1,2,1,1,4,5,0,3,3,-1,2,1,0,3,-9,-2,-5,7,1,0,0,1,-1,-1,1,1,-1
KR_6732122220,420,-2,-11,23,-6,-3,5,2,0,2,2,-1,2,1,-1,3,2,-1,1,0,0,-5,21,2,-9,7,-9,0,-1,-1,1,-1,-1,5,-1
KR_6656546696,420,-3,32,-6,-9,3,3,6,-4,6,2,-3,4,1,-2,3,1,-3,6,3,1,-11,-39,2,-7,5,6,0,0,-1,-1,-1,1,3,-1
KR_6774165010,420,-1,-21,-9,0,0,2,2,-5,5,0,2,2,4,1,1,2,2,1,3,0,0,-8,-5,-6,11,1,0,-2,1,-1,-1,1,4,-1
KR_6769663357,420,-3,-5,8,-2,1,0,1,-1,3,2,-3,4,1,2,0,2,-1,1,0,0,0,-4,-2,-7,9,2,0,-1,-1,-1,-1,-1,5,-1
KR_6762169184,420,-4,-50,-10,-8,-4,5,1,0,2,2,-3,4,1,-2,5,3,1,0,1,0,0,-1,0,-5,5,0,0,-1,1,-1,-1,1,6,-1
KR_6760948562,420,0,-24,-7,1,-2,3,1,5,3,8,-1,2,1,1,2,3,-2,4,2,1,-7,21,4,-9,5,-3,0,1,-1,-1,1,1,1,-1
KR_6629305317,420,3,0,8,7,-1,2,1,0,4,4,2,1,3,5,0,5,1,0,1,0,2,33,-5,-1,6,4,0,2,1,1,1,1,2,-1
KR_6747044984,420,0,-38,-7,1,1,1,2,4,0,4,-4,5,1,1,1,2,-1,1,0,0,4,17,-2,-6,8,-4,0,-1,0,-1,-1,1,0,-1
KR_6761184813,420,-2,-20,17,-7,-1,2,1,-4,5,1,-1,3,2,1,2,3,-2,2,0,0,-10,-57,1,-5,4,-3,0,0,-1,-1,-1,-1,5,-1
KR_6730915348,420,0,-25,0,4,1,2,3,0,1,1,3,2,5,-1,2,1,1,2,3,2,12,-3,4,-12,8,2,0,1,1,1,1,1,3,-1
KR_6736203509,440,-2,-31,20,-2,3,0,3,-2,3,1,-1,2,1,0,2,2,-2,3,1,0,-4,-10,2,-5,3,-4,0,-1,-1,-1,-1,1,5,-1
KR_6755583472,420,0,17,-12,2,1,2,3,-3,5,2,2,1,3,3,1,4,-1,2,1,-1,-2,-8,-1,-4,5,-1,0,2,-1,-1,1,-1,2,-1
KR_6485904595,420,-3,-32,-11,-6,-6,7,1,-4,5,1,2,0,2,2,2,4,0,0,0,0,2,-16,-3,-6,9,-6,0,-2,1,-1,-1,-1,4,-1
KR_6757533368,420,1,26,-9,4,1,2,3,5,2,7,-1,2,1,0,4,4,-1,2,1,0,4,-13,0,-5,5,1,0,0,1,-1,0,-1,3,-1
KR_6752019372,420,-1,-41,12,-2,1,1,2,1,1,2,0,1,1,-4,7,3,0,2,2,0,-10,-4,1,-7,6,-1,0,1,-1,1,1,-1,2,-1
KR_6755065373,420,-1,-19,4,-5,-2,3,1,1,3,4,0,1,1,-5,7,2,1,2,3,0,-9,9,2,-8,6,-4,0,0,-1,1,0,1,4,-1
KR_6771430242,420,-2,-37,-5,-1,-2,2,0,-2,3,1,2,1,3,-1,5,4,2,0,2,0,1,3,3,-7,4,-3,0,-2,-1,-1,-1,1,4,-1
KR_6776216532,420,-2,-52,-17,8,-1,2,1,4,0,4,4,1,5,-1,3,2,2,1,3,0,12,36,0,-5,5,-21,0,0,1,-1,0,1,5,-1
KR_6766244585,420,1,86,-7,-5,-1,2,1,0,2,2,-2,3,1,-3,5,2,1,2,3,0,-10,-4,-1,-7,8,2,0,1,-1,1,1,-1,4,-1
KR_6755032042,420,-6,-11,-60,-5,3,2,5,-1,4,3,-1,2,1,-4,5,1,-2,3,1,0,-6,-14,-1,-4,5,6,0,-1,-1,-1,-1,-1,1,-1
KR_6774662778,420,4,46,16,5,0,2,2,-2,4,2,6,1,7,-4,7,3,5,2,7,0,-3,-272,-1,-3,4,0,0,2,-1,1,1,1,3,-1
KR_6774692384,420,-2,-3,-9,-6,1,0,1,1,1,2,0,2,2,-8,9,1,0,0,0,0,-13,-16,3,-7,4,0,0,-1,-1,1,-1,-1,4,-1
KR_6743928491,420,2,-65,17,6,-1,2,1,-1,2,1,1,2,3,5,3,8,2,1,3,0,8,3,1,-9,8,-7,0,-1,1,-1,-1,-1,4,-1
KR_6752721587,420,4,27,3,11,-1,4,3,6,2,8,3,1,4,-1,4,3,4,0,4,0,12,-109,1,-6,5,-3,0,0,1,-1,0,1,3,-1
KR_6469490555,420,-3,-111,-30,-2,-1,3,2,-2,4,2,-3,5,2,1,3,4,3,0,3,0,1,-30,-1,-5,6,4,0,-2,1,-1,-1,-1,5,-1
KR_6774399384,420,-1,13,16,-6,-3,4,1,-1,2,1,-3,4,1,-2,3,1,3,0,3,0,-4,-11,-2,-2,4,8,0,0,1,-1,0,-1,3,-1
KR_6743431543,420,-4,-91,-8,-6,-3,5,2,0,4,4,-1,1,0,-1,3,2,-1,1,0,0,-7,5,-2,-4,6,-7,0,0,-1,-1,-1,-1,4,-1
KR_6693609229,420,-3,15,3,-10,-5,6,1,-7,8,1,0,2,2,0,0,0,2,3,5,0,-11,-2,-3,-7,10,-3,0,1,-1,1,1,-1,3,-1
KR_6759685858,420,0,21,-12,-8,-3,3,0,1,0,1,-3,4,1,-2,2,0,-1,3,2,-2,-9,0,3,-7,4,3,0,0,-1,1,0,-1,1,-1
KR_6731653134,420,-3,7,20,-12,3,0,3,-5,5,0,-6,6,0,-4,5,1,0,0,0,0,-21,20,-6,-2,8,3,0,0,-1,-1,-1,1,2,-1
KR_6763042266,420,-5,0,-15,-7,1,1,2,-3,5,2,-1,6,5,-2,4,2,-2,3,1,0,-9,10,0,-6,6,-8,0,-1,1,-1,-1,-1,3,-1
KR_6760872579,420,-1,-55,22,-7,-1,3,2,-1,3,2,-1,4,3,-3,5,2,-1,3,2,-1,-19,2,-2,-5,7,0,0,1,-1,1,1,-1,2,-1
KR_6775512467,420,-6,3,-32,-5,-5,5,0,2,0,2,3,1,4,-2,3,1,-3,3,0,0,5,7,-2,-4,6,-6,0,-1,1,-1,-1,-1,1,-1
KR_6765678721,420,-1,-33,-24,-2,2,0,2,-1,3,2,0,0,0,-2,4,2,-1,2,1,0,2,70,1,-6,5,-7,0,-1,-1,-1,-1,1,3,-1
KR_6764928399,420,0,5,5,-2,-1,1,0,1,2,3,0,2,2,-4,6,2,2,0,2,0,0,14,-1,-6,7,4,0,0,-1,0,0,1,2,-1
KR_6775258642,420,-3,-50,20,-5,-3,4,1,0,2,2,1,1,2,-1,3,2,-2,2,0,0,-3,13,-3,-4,7,-1,0,-3,1,0,-1,-1,5,-1
KR_6770372617,420,0,-45,-35,-3,4,0,4,-2,3,1,-1,1,0,-4,4,0,0,1,1,0,-10,6,4,-11,7,0,0,0,-1,1,1,-1,4,-1
KR_6761832671,420,-3,-10,-14,-2,0,2,2,6,2,8,-5,6,1,-3,7,4,0,3,3,1,8,-19,-5,-4,9,3,0,-2,1,-1,-1,1,1,-1
KR_6731787548,420,-1,-15,-12,1,1,1,2,3,2,5,-1,3,2,-1,4,3,-1,2,1,1,6,6,3,-6,3,-5,0,-1,-1,-1,-1,1,2,-1
KR_6737408237,420,0,-38,7,-1,1,2,3,-2,6,4,-3,3,0,1,0,1,2,0,2,0,2,27,1,-7,6,3,0,0,1,-1,0,-1,1,-1
KR_6672740212,420,-3,-51,-36,-9,-9,9,0,-2,5,3,2,2,4,-1,5,4,1,0,1,-1,-1,-35,-7,-5,12,4,0,-2,-1,-1,-1,-1,2,-1
KR_6772707013,420,-3,-27,-20,-7,0,3,3,1,3,4,-3,4,1,-4,4,0,-1,3,2,0,-7,-9,-4,-2,6,4,0,-3,-1,-1,-1,1,6,-1
KR_6769558068,420,0,-26,6,-4,-1,4,3,-2,4,2,-4,5,1,4,4,8,-1,1,0,-1,-3,1,1,-8,7,3,0,0,-1,-1,-1,-1,3,-1
KR_6777495776,420,-2,-35,-39,-3,-3,4,1,-3,5,2,0,0,0,1,0,1,2,0,2,-1,-3,-2,3,-8,5,2,0,-1,-1,-1,-1,-1,4,-1
KR_6735317553,420,-1,9,-7,0,1,3,4,-1,4,3,1,2,3,-1,2,1,0,0,0,0,-4,-3,-2,-7,9,4,0,0,1,1,0,-1,6,-1
KR_6772971149,420,-2,4,9,-5,1,2,3,-3,4,1,-4,6,2,1,6,7,0,1,1,0,-2,-12,1,-8,7,1,0,0,-1,-1,-1,1,4,-1
KR_6760009288,420,-2,8,6,-4,1,1,2,-1,1,0,2,3,5,-5,8,3,-1,1,0,0,-4,30,1,-4,3,-4,0,-2,-1,-1,-1,1,5,-1
KR_6772117544,440,3,53,10,13,0,1,1,6,1,7,3,5,8,2,3,5,2,0,2,3,18,10,3,-7,4,-7,0,1,-1,1,1,1,5,-1
KR_6715321633,420,-2,34,10,-5,-2,3,1,0,6,6,0,4,4,-1,3,2,-2,2,0,3,0,1,-2,-8,10,1,0,-1,1,1,-1,1,1,-1
KR_6726218999,420,-4,-90,-23,-9,-1,2,1,0,2,2,-4,5,1,-4,4,0,0,1,1,0,-9,-3,0,-4,4,-5,0,-1,-1,-1,-1,-1,3,-1
KR_6728759205,420,0,-19,-17,2,-5,6,1,2,2,4,3,1,4,3,2,5,-1,1,0,-1,15,15,1,-6,5,-1,0,-1,1,-1,-1,-1,1,-1
KR_6771279552,420,1,-25,-8,4,1,1,2,-1,4,3,2,0,2,2,0,2,0,1,1,0,2,20,-5,-4,9,6,0,0,-1,1,0,1,1,-1
KR_6773623627,420,-5,-41,-8,-11,0,0,0,-7,9,2,0,2,2,-7,7,0,3,0,3,0,-23,12,-1,-8,9,-9,0,0,-1,1,-1,-1,4,-1
KR_6725464485,420,1,1,-4,-1,0,1,1,-1,2,1,-4,5,1,2,3,5,2,0,2,-1,5,-14,0,-3,3,0,0,0,1,1,0,-1,2,-1
KR_6726627334,420,0,-32,-2,0,-2,2,0,0,1,1,-3,3,0,3,0,3,2,0,2,-2,-2,-10,-6,-5,11,5,0,1,1,-1,1,-1,2,-1
KR_6769394179,420,-3,-60,0,5,0,2,2,0,3,3,5,0,5,0,3,3,0,0,0,0,2,-14,-2,-6,8,1,0,0,-1,1,0,1,1,-1
KR_6756508777,420,-6,-92,-41,-22,-3,5,2,-7,10,3,-6,8,2,-3,4,1,-3,3,0,0,-20,-166,0,-9,9,4,0,-1,-1,-1,-1,-1,6,-1
KR_6754819392,420,-1,-23,-9,-1,-3,3,0,-2,5,3,2,5,7,-1,3,2,3,2,5,1,-4,-15,1,-9,8,2,0,1,-1,1,1,1,4,-1
KR_6745146064,420,-2,-49,-21,0,2,0,2,2,5,7,2,2,4,-2,4,2,-4,4,0,-1,-8,16,-1,-5,6,4,0,-1,-1,1,-1,-1,1,-1
KR_6760236652,420,-5,-27,0,-9,-7,7,0,0,4,4,-4,6,2,2,1,3,0,0,0,0,-5,-2,2,-5,3,2,0,0,-1,1,1,-1,1,-1
KR_6772929465,420,1,-11,-18,3,-5,5,0,2,1,3,1,2,3,5,0,5,0,0,0,0,10,13,8,-9,1,-1,0,0,-1,-1,0,-1,1,-1
KR_6763231008,420,-6,-65,-15,-7,-4,5,1,1,1,2,-3,4,1,0,1,1,-1,1,0,0,-6,0,-1,-5,6,-1,0,-2,-1,1,-1,-1,1,-1
KR_6747720194,420,2,13,16,5,0,1,1,5,6,11,4,1,5,-5,5,0,1,0,1,0,4,3,0,-7,7,1,0,0,-1,1,0,1,4,-1
KR_6757138660,420,-1,6,19,-2,0,1,1,-4,6,2,1,0,1,0,3,3,1,0,1,0,6,100,-2,-5,7,4,0,0,-1,-1,0,-1,3,-1
KR_6702799146,420,-2,-15,9,-2,-2,2,0,3,1,4,-6,7,1,0,3,3,3,0,3,1,12,-1,1,-10,9,-6,0,0,1,-1,-1,1,6,-1
KR_6776431831,440,-5,-27,-16,-12,-2,2,0,-1,5,4,-5,6,1,-3,7,4,-1,1,0,0,-5,6,3,-9,6,-6,0,-1,0,-1,-1,1,0,-1
KR_6768282271,420,2,-32,37,5,2,3,5,0,2,2,-3,4,1,4,0,4,2,0,2,0,4,0,6,-9,3,2,0,1,-1,-1,1,1,2,-1
KR_6776327668,440,-2,-39,14,-5,0,0,0,-2,6,4,-5,6,1,3,2,5,-1,2,1,0,-5,33,-3,-9,12,-19,0,-1,-1,-1,-1,-1,6,-1
KR_6768692551,420,-1,-9,-11,0,3,0,3,-4,6,2,3,1,4,-3,4,1,1,0,1,0,1,-9,-4,-8,12,3,0,0,-1,-1,-1,-1,4,-1
KR_6710559149,420,-2,-42,-16,-13,8,1,9,-5,9,4,-5,5,0,-7,7,0,-4,4,0,0,-13,182,-4,-4,8,-3,0,-2,-1,-1,-1,-1,4,-1
KR_6745278031,420,-2,-59,35,-2,-3,4,1,-3,6,3,-1,3,2,1,1,2,4,0,4,2,-7,-29,-2,-6,8,0,0,-1,1,-1,-1,-1,1,-1
KR_6776477720,420,-5,-80,44,-14,-1,3,2,-7,8,1,-5,6,1,-1,3,2,0,0,0,0,-19,-5,-4,-4,8,-4,0,-2,1,-1,-1,-1,2,-1
KR_6740310115,420,0,-5,8,-3,-4,4,0,1,5,6,1,2,3,1,0,1,-2,2,0,0,2,-6,0,-6,6,-2,0,0,1,1,-1,-1,2,-1
KR_6672810450,440,-2,35,-6,1,6,1,7,1,2,3,-2,2,0,-2,4,2,-2,2,0,0,-2,1,5,-9,4,-4,0,2,1,-1,1,1,4,-1
KR_6774414359,420,0,22,20,2,-1,3,2,3,2,5,2,1,3,0,1,1,-2,2,0,0,0,-53,-3,-4,7,33,0,2,1,1,1,1,3,-1
KR_6771612198,420,1,15,24,-5,-4,4,0,-2,3,1,-1,2,1,2,1,3,0,1,1,0,-6,-4,-1,-5,6,3,0,0,-1,1,0,1,3,-1
KR_6687806861,420,-4,-143,-5,-9,-4,6,2,-7,7,0,0,2,2,2,2,4,0,0,0,0,-1,-1,2,-6,4,5,-1,-2,0,-1,-1,1,0,-1
KR_6661475318,420,-7,-69,-43,-10,-6,6,0,-1,3,2,0,2,2,-2,6,4,-1,3,2,0,-9,-36,0,-8,8,-6,0,-2,1,-1,-1,1,5,-1
KR_6700931990,420,1,46,-14,-3,-1,2,1,1,2,3,-10,11,1,6,1,7,1,0,1,0,-4,-227,0,-4,4,-5,0,0,-1,-1,-1,1,2,-1
KR_6771656934,420,-3,-71,1,-12,-3,5,2,-2,4,2,-3,5,2,-5,6,1,1,0,1,0,-7,32,-2,-8,10,1,0,-2,-1,-1,-1,-1,5,-1
KR_6716016831,420,-5,-103,-18,-15,-1,1,0,-8,9,1,-3,3,0,-3,4,1,0,0,0,0,-18,-3,-5,-3,8,-6,0,-1,-1,0,-1,-1,6,-1
KR_6771709763,420,-1,-19,-18,-1,-3,5,2,-1,1,0,1,2,3,3,2,5,-1,1,0,0,5,12,5,-8,3,16,0,-1,-1,1,-1,-1,1,-1
KR_6771213721,420,1,-16,36,-8,-2,2,0,-4,6,2,0,3,3,-1,4,3,-1,3,2,0,-9,39,1,-7,6,-27,0,-1,-1,-1,-1,-1,4,-1
KR_6759398578,420,-3,-27,22,-13,-2,2,0,-3,3,0,0,2,2,-5,5,0,-3,3,0,0,-16,-131,-1,-7,8,1,0,-1,1,-1,-1,-1,1,-1
KR_6758002482,420,-2,-18,-20,-5,-2,3,1,-4,6,2,-3,5,2,1,5,6,3,2,5,0,-2,-6,-2,-8,10,4,0,0,-1,1,0,-1,6,-1
KR_6771501199,420,-1,-16,18,-7,1,0,1,1,3,4,2,4,6,-10,11,1,-1,1,0,0,-25,4,6,-12,6,-3,0,0,1,-1,-1,-1,4,-1
KR_6772304024,420,-3,-19,-19,-7,-3,3,0,-4,6,2,-1,2,1,-1,5,4,2,0,2,0,-4,31,5,-9,4,-13,0,-2,1,-1,-1,1,3,-1
KR_6745685525,420,-3,-31,1,-2,3,0,3,0,1,1,-1,1,0,-3,4,1,-1,1,0,1,-10,358,2,-8,6,-2,0,0,0,1,-1,1,0,-1
KR_6770332316,440,0,19,23,-4,-1,1,0,0,2,2,-1,2,1,-2,2,0,0,0,0,0,-6,6,1,-7,6,-2,0,-1,-1,0,-1,-1,6,-1
KR_6756136167,420,1,5,3,4,2,0,2,1,3,4,3,1,4,-1,3,2,-1,1,0,1,5,-2,1,-7,6,3,0,-1,1,-1,-1,1,4,-1
KR_6713259342,420,-1,-29,6,-3,1,0,1,-4,4,0,-2,2,0,2,5,7,0,1,1,0,-5,3,-2,-3,5,-3,0,0,1,1,0,-1,1,-1
KR_6772969518,440,1,41,-21,2,2,0,2,1,0,1,2,0,2,-3,5,2,0,1,1,0,-3,-7,-5,-2,7,3,0,2,-1,0,1,-1,6,-1
KR_6757167172,420,-1,-15,-35,-5,0,2,2,-5,8,3,1,1,2,0,1,1,-1,1,0,0,-6,5,0,-6,6,-1,0,0,-1,-1,0,1,6,-1
KR_6758610345,420,4,53,0,9,3,2,5,0,1,1,3,0,3,2,1,3,1,1,2,0,8,10,1,-6,5,8,0,2,-1,1,1,1,2,-1
KR_6774170118,420,-2,-10,28,-5,-1,2,1,-2,5,3,-5,5,0,4,1,5,-1,1,0,0,-6,5,1,-9,8,-3,0,-1,-1,-1,-1,1,4,-1
KR_6719830039,420,-1,21,-20,0,3,0,3,0,1,1,-4,5,1,1,0,1,0,1,1,0,4,12,2,-6,4,-3,0,0,1,1,0,1,3,-1
KR_6763323033,420,3,-59,13,4,-1,1,0,2,4,6,3,0,3,0,2,2,0,1,1,0,3,6,-2,-6,8,-4,0,1,-1,1,1,1,4,-1
KR_6751896343,420,1,35,8,0,-2,3,1,1,3,4,3,4,7,0,2,2,-2,3,1,-1,-3,-7,-1,-6,7,8,0,0,-1,1,0,-1,2,-1
KR_6768847959,420,-2,16,1,-1,1,0,1,-3,5,2,2,8,10,2,2,4,-3,4,1,1,2,44,5,-8,3,-22,0,-1,1,-1,-1,1,1,-1
KR_6669427999,420,-1,5,-6,-9,-4,4,0,-1,4,3,-1,3,2,-2,4,2,-1,1,0,0,-11,-7,-1,-3,4,-1,0,-1,1,-1,-1,-1,6,-1
KR_6744532510,420,2,27,50,2,2,0,2,-3,4,1,1,2,3,0,4,4,2,0,2,0,-1,10,0,-9,9,5,0,-1,-1,-1,-1,1,2,-1
KR_6777521104,420,-4,4,-8,-7,-7,7,0,4,3,7,-2,3,1,-1,4,3,-1,1,0,0,-1,-15,4,-11,7,2,0,0,-1,-1,-1,-1,3,-1
KR_6761626814,420,-2,-64,-11,-1,0,0,0,0,2,2,4,1,5,-5,7,2,0,0,0,0,1,39,1,-8,7,-5,0,-1,1,-1,-1,1,2,-1
KR_6694809313,420,-4,-102,-40,-8,-8,8,0,-4,4,0,1,2,3,1,5,6,2,0,2,0,-6,-17,-8,-2,10,2,0,-1,1,1,-1,-1,6,-1
KR_6777247240,420,-2,-63,4,-5,-1,1,0,-2,2,0,2,2,4,-3,4,1,-1,1,0,0,-6,-4,-1,-4,5,-1,0,0,-1,-1,0,1,4,-1
KR_6687337238,420,0,-23,1,-4,4,0,4,-5,6,1,-1,4,3,-1,2,1,-1,1,0,0,-15,34,-1,-8,9,1,0,1,1,-1,1,-1,5,-1
KR_6756248339,420,-1,-8,2,0,2,1,3,-6,10,4,-1,2,1,4,1,5,1,0,1,0,9,21,0,-8,8,-4,0,0,-1,-1,0,1,4,-1
KR_6577936747,420,-2,26,4,-5,0,1,1,3,0,3,-1,1,0,-6,8,2,-1,1,0,-1,-3,29,-5,-4,9,0,0,-1,-1,1,-1,-1,1,-1
KR_6775146550,440,-1,24,0,-3,2,1,3,-1,1,0,-4,4,0,-1,2,1,1,0,1,0,-1,1,-1,-4,5,-1,0,0,0,0,0,-1,0,-1
KR_6744574334,420,0,29,3,-6,3,3,6,-2,2,0,1,1,2,-9,9,0,1,0,1,0,-14,-13,0,-5,5,5,0,0,-1,-1,1,1,4,-1
KR_6775898368,420,-3,-19,13,-3,-1,2,1,2,1,3,-2,3,1,1,1,2,-3,3,0,0,-5,-8,-4,-3,7,-3,0,-2,1,-1,-1,1,6,-1
KR_6729421108,420,-5,-84,-27,-7,2,1,3,-6,6,0,-3,3,0,-1,4,3,1,0,1,0,-7,-13,-8,-5,13,2,0,-2,1,-1,-1,-1,6,-1
KR_6744736651,420,-3,-22,-42,-12,0,1,1,-2,3,1,-7,7,0,-2,4,2,-1,3,2,-2,-22,12,-5,-2,7,-5,0,-2,-1,-1,-1,-1,1,-1
KR_6764792269,420,-4,1,16,-7,1,0,1,-3,7,4,-2,4,2,-2,4,2,-1,1,0,0,-10,-77,1,-8,7,28,0,0,1,1,1,-1,5,-1
KR_6762239611,420,3,6,24,4,1,1,2,4,2,6,-2,2,0,-2,6,4,3,1,4,0,2,-3,-2,-7,9,1,0,0,-1,-1,0,1,6,-1
KR_6774927301,420,-2,-51,-21,0,1,2,3,-1,5,4,-1,1,0,-2,3,1,3,0,3,0,-1,-31,-4,-2,6,1,0,0,-1,-1,0,-1,5,-1
KR_6740975680,420,-2,-31,-4,-10,0,1,1,-4,4,0,-2,3,1,-2,2,0,-2,4,2,0,-8,-24,-4,-2,6,1,0,-1,-1,-1,-1,-1,6,-1
KR_6773132960,420,1,-8,15,-5,0,1,1,-3,4,1,-5,5,0,0,1,1,3,2,5,0,-7,-1,-4,-2,6,-3,0,-1,1,-1,-1,1,5,-1
KR_6758576992,420,-5,-52,-6,-8,-3,4,1,-3,4,1,-1,2,1,0,0,0,-1,1,0,0,-7,-7,1,-5,4,-1,0,-2,-1,-1,-1,-1,2,-1
KR_6744230756,420,-2,-40,-26,-7,1,1,2,2,1,3,2,2,4,-6,6,0,-6,7,1,0,-9,7,1,-5,4,-10,0,-1,-1,1,-1,-1,3,-1
KR_6748635706,420,-5,-89,-2,-14,-3,4,1,2,1,3,-5,5,0,-7,8,1,-1,2,1,0,-14,-8,-3,-5,8,-2,0,-3,1,1,-1,1,6,-1
KR_6764784072,420,1,-19,19,-1,1,0,1,-1,4,3,-1,2,1,1,2,3,-1,1,0,0,-2,3,0,-7,7,-2,0,0,0,1,1,1,0,-1
KR_6776719624,420,1,32,-8,-3,-1,2,1,-3,6,3,1,0,1,-1,2,1,1,1,2,0,-6,-32,-2,-9,11,10,0,0,1,-1,0,1,3,-1
KR_6763129898,420,-2,-56,-13,-9,4,1,5,-9,10,1,-1,2,1,-3,5,2,0,2,2,0,-10,54,4,-7,3,-24,0,-1,1,-1,-1,-1,6,-1
KR_6715459089,420,-3,-62,21,-8,-1,2,1,0,2,2,0,1,1,-4,4,0,-3,3,0,0,-3,71,-5,-3,8,-24,0,0,-1,-1,-1,-1,1,-1
KR_6767063628,440,1,-57,-13,-2,3,0,3,-4,6,2,1,1,2,-3,3,0,1,0,1,0,-6,-2,-1,-7,8,-3,0,0,-1,-1,0,-1,3,-1
KR_6728812239,420,3,5,-12,4,2,2,4,3,1,4,3,0,3,-4,6,2,0,1,1,0,-1,4,5,-7,2,-4,0,1,1,1,1,1,1,-1
KR_6775754790,420,-4,-104,-19,-3,2,1,3,-4,6,2,1,3,4,-2,2,0,0,0,0,0,1,5,1,-6,5,-1,0,-1,-1,1,-1,-1,4,-1
KR_6672886095,440,-3,-90,0,-2,1,0,1,1,1,2,1,1,2,-5,6,1,0,0,0,0,-2,-8,3,-6,3,1,0,-1,1,0,-1,1,4,-1
KR_6728377255,420,-2,17,20,0,3,0,3,-3,4,1,-1,6,5,0,4,4,1,0,1,1,-6,-16,-7,-2,9,5,0,-1,-1,0,-1,1,3,-1
KR_6689482242,420,-1,19,5,3,1,2,3,1,1,2,1,1,2,-1,1,0,1,0,1,0,0,27,-1,-8,9,-4,0,-1,-1,1,1,1,6,-1
KR_6741630594,440,0,-18,3,1,1,0,1,-2,3,1,3,1,4,0,3,3,-1,2,1,0,2,-7,1,-3,2,2,0,0,1,-1,0,1,2,-1
KR_6776193355,420,4,16,24,2,6,0,6,1,2,3,-3,4,1,-2,5,3,0,1,1,0,2,-10,-4,-6,10,1,0,1,-1,1,1,1,2,-1
KR_6763740927,420,-3,-16,-1,-8,-2,4,2,0,2,2,1,1,2,-7,7,0,0,0,0,0,-12,-3,-2,-4,6,0,0,0,-1,-1,0,-1,2,-1
KR_6770320024,420,-3,-23,-19,-2,-4,5,1,2,2,4,-1,3,2,0,3,3,1,0,1,0,0,-164,-2,-3,5,1,0,-2,-1,-1,-1,1,5,-1
KR_6773002650,420,-6,-91,-23,-11,0,1,1,-3,3,0,-4,5,1,-4,5,1,0,0,0,0,-13,-8,-2,-5,7,6,0,-1,-1,-1,-1,1,6,-1
KR_6620430992,420,-3,-19,-26,-6,2,0,2,2,3,5,-5,5,0,-5,6,1,0,0,0,-1,-12,-42,-1,-7,8,-2,0,-1,-1,-1,-1,-1,4,-1
KR_6757540241,420,0,-43,-7,-2,0,2,2,-3,4,1,-2,3,1,4,1,5,-1,2,1,0,-8,-32,3,-7,4,17,0,-1,1,-1,-1,-1,6,-1
KR_6777036718,440,-2,-57,7,-8,-1,2,1,4,0,4,-6,6,0,-6,10,4,1,0,1,0,-9,2,4,-9,5,-2,0,0,1,1,-1,-1,4,-1
KR_6762421993,420,-2,-41,15,-6,-4,4,0,-2,4,2,3,2,5,-3,7,4,0,2,2,0,-11,-1,0,-5,5,-5,0,-2,-1,-1,-1,-1,5,-1
KR_6746400801,440,-6,-85,-32,-13,-5,6,1,-7,7,0,-4,6,2,-2,4,2,5,0,5,-1,-13,5,2,-4,2,-1,0,-2,1,-1,-1,-1,6,-1
KR_6740608465,420,2,23,-48,11,2,0,2,12,1,13,-1,3,2,0,1,1,-2,2,0,0,15,-6,2,-6,4,2,0,1,-1,1,1,1,5,-1
KR_6697296501,420,-1,0,24,-4,4,0,4,1,2,3,-1,2,1,-4,5,1,-4,4,0,1,-10,-190,3,-10,7,-7,0,2,-1,1,1,1,4,-1
KR_6750987647,420,-3,-15,-11,-9,1,2,3,-3,4,1,-2,4,2,-5,5,0,0,0,0,0,-14,-102,-4,-6,10,0,0,-1,1,-1,-1,-1,3,-1
KR_6738230989,420,-4,-12,0,-10,-1,3,2,-2,6,4,-2,2,0,-4,6,2,-1,1,0,0,-12,-35,2,-8,6,4,0,-1,1,-1,-1,1,6,-1
KR_6672878152,420,0,-1,1,4,-1,2,1,-1,2,1,1,1,2,5,1,6,0,0,0,0,5,-1,3,-8,5,1,0,-1,-1,-1,-1,1,4,-1
KR_6754351764,420,1,9,17,4,1,3,4,0,1,1,-2,4,2,4,3,7,1,0,1,0,0,-181,1,-5,4,0,0,1,1,1,1,1,5,-1
KR_6777435927,420,0,1,12,0,-3,4,1,0,3,3,0,1,1,2,4,6,1,1,2,1,9,1,-1,-3,4,-5,0,0,-1,1,1,1,4,-1
KR_6771285776,420,1,-36,16,-5,-8,8,0,2,4,6,-1,2,1,1,6,7,1,1,2,0,6,12,1,-6,5,-3,0,0,1,-1,-1,-1,5,-1
KR_6697105303,420,-3,-50,-35,-9,-1,2,1,3,2,5,-4,6,2,-8,8,0,1,1,2,0,-15,6,4,-10,6,-4,0,-2,1,-1,-1,1,3,-1
KR_6770233631,440,0,30,0,2,2,2,4,0,2,2,-3,6,3,3,1,4,0,0,0,0,-11,-3,5,-8,3,-2,0,0,1,1,0,1,2,-1
KR_6773070326,420,0,15,6,3,0,3,3,-3,5,2,-2,2,0,5,0,5,3,0,3,0,7,0,1,-5,4,0,0,-1,1,-1,-1,-1,4,-1
KR_6704912079,420,0,-4,5,-1,2,0,2,0,4,4,-1,3,2,-2,2,0,0,0,0,0,1,147,-5,-3,8,-2,0,0,-1,1,1,-1,1,-1
KR_6751537119,420,-1,-23,-12,-4,-2,3,1,-3,5,2,0,3,3,-1,6,5,2,1,3,-1,4,-2,1,-5,4,-1,0,0,-1,-1,0,-1,2,-1
KR_6771145498,420,-2,-5,-24,-3,-1,3,2,0,0,0,-2,4,2,-1,1,0,1,0,1,0,-2,-10,-8,-3,11,0,0,-1,1,1,-1,-1,2,-1
KR_6776438121,420,-3,-52,-1,-5,0,1,1,-6,6,0,1,3,4,-1,6,5,1,0,1,0,-5,21,1,-3,2,5,0,0,-1,-1,1,1,6,-1
KR_6765333750,420,-1,-3,-1,-10,0,1,1,-3,4,1,2,1,3,-9,9,0,0,1,1,0,-12,3,-3,-5,8,-4,0,-2,1,-1,-1,-1,5,-1
KR_6694667526,420,-1,-10,-19,-6,1,1,2,-1,2,1,-5,5,0,0,2,2,-1,1,0,0,-16,-36,0,-11,11,-5,0,0,-1,-1,0,-1,5,-1
KR_6776780247,420,0,26,-11,-2,-3,3,0,-4,6,2,-1,2,1,-1,2,1,7,0,7,0,-6,11,1,-5,4,1,0,1,1,-1,1,1,4,-1
KR_6771556988,420,-1,17,-25,-3,0,2,2,-3,5,2,-2,3,1,1,1,2,1,0,1,0,-7,34,1,-7,6,-4,0,-1,-1,-1,-1,-1,3,-1
KR_6747142791,420,1,6,-21,3,2,1,3,-3,5,2,-2,4,2,5,1,6,1,0,1,0,4,0,9,-14,5,-5,0,0,-1,1,1,1,4,-1
KR_6735988691,420,-4,-68,-16,-11,-5,6,1,1,2,3,-4,5,1,0,1,1,-3,3,0,0,-6,-6,-4,-2,6,-3,0,-2,-1,1,-1,1,6,-1
KR_6774572154,440,-3,-80,-12,-4,1,0,1,-2,4,2,-2,2,0,-1,3,2,0,0,0,0,-6,-10,-6,-2,8,-2,0,0,-1,1,0,1,2,-1
KR_6758435088,420,-2,-51,-21,-7,-2,4,2,-1,2,1,4,2,6,-9,10,1,1,0,1,0,-1,44,-3,-4,7,-20,0,-2,-1,-1,-1,-1,1,-1
KR_6765443510,420,-2,-58,6,-6,3,1,4,-4,6,2,-3,5,2,-2,2,0,0,0,0,-1,-10,-3,-2,-5,7,3,0,1,-1,1,1,-1,1,-1
KR_6772288875,420,-3,-65,-12,-5,-2,4,2,1,2,3,2,2,4,-5,6,1,-1,1,0,0,1,-9,-2,-3,5,1,0,0,1,1,0,-1,3,-1
KR_6774965993,420,-3,-3,-17,-7,-1,2,1,-2,6,4,1,1,2,-4,6,2,-1,2,1,2,-4,-6,2,-7,5,1,0,-1,-1,-1,-1,1,3,-1
KR_6777530796,420,-1,20,-15,-1,-2,2,0,0,1,1,-4,6,2,5,0,5,0,0,0,0,-10,-6,-1,-6,7,0,0,0,1,-1,0,-1,2,-1
KR_6774810155,440,0,-7,12,-6,-4,4,0,2,2,4,-2,3,1,-1,2,1,-1,3,2,0,-1,-31,-4,-2,6,-4,0,-1,1,-1,-1,-1,3,-1
KR_6740113885,420,-3,-48,-23,-4,-2,2,0,1,1,2,-2,3,1,0,8,8,-1,2,1,0,-2,-22,-5,-7,12,-2,0,-1,1,-1,-1,1,3,-1
KR_6716721727,420,-1,-43,-1,-3,-6,6,0,-3,4,1,6,0,6,-1,1,0,1,0,1,0,0,-5,1,-8,7,2,0,-2,1,-1,-1,-1,2,-1
KR_6697630073,420,-4,-67,7,-6,0,3,3,-2,3,1,-1,3,2,-2,2,0,-1,1,0,0,-10,0,1,-8,7,-5,0,-2,-1,-1,-1,1,3,-1
KR_6772392552,420,-4,-38,32,-7,-2,3,1,-12,13,1,-1,4,3,8,2,10,0,1,1,-1,-4,-1,-2,-5,7,-3,0,2,-1,1,1,-1,5,-1
KR_6709269094,420,-5,-52,-15,-13,0,2,2,3,3,6,-9,10,1,-3,3,0,-4,4,0,0,-7,4,1,-4,3,-4,0,-2,-1,-1,-1,-1,3,-1
KR_6719606683,420,-3,36,-4,-1,0,0,0,-2,3,1,-1,3,2,1,0,1,1,0,1,0,0,-17,3,-6,3,1,0,-1,1,-1,-1,1,2,-1
KR_6774486291,420,3,6,-2,5,2,2,4,-1,4,3,1,2,3,3,4,7,0,1,1,0,12,-1,1,-6,5,0,0,2,-1,-1,1,1,1,-1
KR_6776965488,440,-1,-10,15,-7,2,0,2,0,0,0,-6,7,1,1,0,1,-4,6,2,0,-5,-25,-4,0,4,0,0,-1,-1,1,-1,-1,4,-1
KR_6761714861,420,-6,-15,-7,-12,-2,2,0,-4,5,1,-2,2,0,-3,6,3,-1,4,3,-1,-12,98,0,-7,7,0,0,0,-1,1,1,-1,2,-1
KR_6774303870,440,-1,10,-12,3,0,1,1,3,2,5,-1,6,5,1,2,3,0,2,2,0,12,109,-8,-2,10,4,0,1,0,0,1,1,0,-1
KR_6777455716,420,2,13,18,-3,-1,2,1,2,5,7,-7,9,2,1,0,1,2,0,2,0,7,-9,1,-4,3,-2,0,-1,-1,-1,-1,-1,4,-1
KR_6746950202,420,-3,27,-22,-12,-5,5,0,1,0,1,-11,13,2,4,1,5,-1,1,0,2,-5,22,-1,-3,4,2,0,-2,-1,-1,-1,-1,5,-1
KR_6771700517,440,0,28,19,2,1,0,1,-1,5,4,2,0,2,2,2,4,-2,2,0,0,0,22,-2,-5,7,2,0,0,-1,-1,0,1,1,-1
KR_6714937480,420,0,-42,19,9,-2,5,3,2,0,2,6,0,6,1,2,3,2,0,2,1,12,3,4,-8,4,1,0,-2,1,-1,-1,1,6,-1
KR_6762530991,420,-1,-38,-8,-2,0,1,1,-1,4,3,-9,9,0,5,2,7,3,0,3,0,1,-3,-3,-4,7,-1,0,0,-1,-1,1,1,5,-1
KR_6598537345,420,-4,-21,-1,-7,0,1,1,-2,3,1,0,2,2,-1,2,1,-4,4,0,0,-12,-8,-1,-4,5,2,0,-1,-1,-1,-1,1,2,-1
KR_6715984908,420,0,43,-5,-4,0,2,2,1,1,2,-3,6,3,-2,6,4,0,0,0,0,-4,18,0,-5,5,0,0,1,-1,1,1,-1,1,-1
KR_6772758258,420,-1,-12,-18,3,1,1,2,-2,2,0,-1,4,3,3,4,7,2,1,3,0,5,1,2,-6,4,1,0,0,1,1,0,-1,2,-1
KR_6773208679,420,1,6,2,-3,5,0,5,6,1,7,-5,6,1,-4,4,0,-5,6,1,0,-1,4,-1,-5,6,2,0,2,-1,1,1,1,5,-1
KR_6764169046,420,-1,0,15,5,2,0,2,3,2,5,0,4,4,0,3,3,0,1,1,0,1,-11,3,-7,4,0,0,-1,0,-1,-1,-1,0,-1
KR_6755797157,420,-5,-66,-16,-15,2,2,4,-2,4,2,-5,5,0,-5,5,0,-5,5,0,0,-28,5,-1,-9,10,-2,0,0,-1,-1,-1,-1,4,-1
KR_6711875236,420,-1,12,-12,-3,-3,4,1,0,1,1,1,1,2,0,3,3,-1,1,0,-1,-7,-230,2,-6,4,-6,0,0,1,-1,0,-1,1,-1
KR_6741990360,420,-1,-63,-11,-8,1,1,2,-2,6,4,2,0,2,-7,9,2,-2,2,0,-1,-14,-2,3,-6,3,-1,0,0,-1,1,-1,-1,1,-1
KR_6762501175,420,-3,-32,-25,-5,-1,1,0,-1,1,0,-1,3,2,-4,8,4,2,2,4,0,-8,1,-4,-5,9,1,0,0,-1,-1,0,-1,3,-1
KR_6763629611,420,2,74,19,8,-4,4,0,3,1,4,4,0,4,4,0,4,1,1,2,0,13,34,2,-6,4,2,0,2,-1,1,1,1,5,-1
KR_6737313541,420,-6,-50,-36,-16,0,1,1,-5,5,0,-1,2,1,-10,10,0,0,0,0,-2,-22,6,1,-4,3,-1,0,0,-1,-1,-1,-1,3,-1
KR_6772282556,420,2,43,-3,-2,-1,2,1,0,1,1,2,0,2,-4,6,2,1,1,2,0,-1,-13,-2,-6,8,4,0,-1,-1,-1,-1,-1,6,-1
KR_6730555115,420,-4,-84,-4,-2,1,1,2,-5,5,0,1,4,5,1,4,5,0,0,0,0,-2,178,0,-7,7,-1,0,-3,1,-1,-1,-1,4,-1
KR_6637887180,420,-2,-28,-4,1,6,0,6,0,2,2,2,1,3,-5,5,0,-2,2,0,0,-7,1,0,-6,6,2,0,0,-1,1,-1,-1,1,-1
KR_6715564786,420,-1,-69,28,-5,-1,3,2,1,5,6,0,1,1,-4,4,0,-1,1,0,0,-7,67,0,-9,9,-5,0,-1,-1,1,-1,1,2,-1
KR_6737788084,420,-2,-48,2,-10,-1,4,3,-1,1,0,-6,6,0,-2,4,2,0,2,2,-1,-15,0,-2,-5,7,-5,0,0,1,-1,0,-1,3,-1
KR_6774793303,420,-2,-24,5,-7,-2,7,5,-3,5,2,-1,2,1,-2,2,0,1,0,1,0,-8,6,2,-6,4,-2,0,-1,-1,-1,-1,-1,5,-1
KR_6743542634,440,0,28,-33,5,0,3,3,-1,4,3,2,0,2,4,0,4,0,1,1,0,8,-5,1,-2,1,3,0,-1,1,-1,-1,-1,2,-1
KR_6767913816,420,-2,-102,9,-8,1,1,2,-2,3,1,0,2,2,-6,6,0,-1,1,0,0,-17,93,-8,-4,12,2,0,-2,1,1,-1,1,1,-1
KR_6759970338,420,3,58,-23,6,6,1,7,3,1,4,-2,4,2,-2,3,1,1,0,1,0,12,-4,0,-5,5,0,0,0,-1,1,1,1,2,-1
KR_6773797383,420,-7,-119,-20,-18,-9,10,1,-3,5,2,-1,4,3,-6,6,0,1,0,1,0,-8,14,2,-6,4,-5,0,-3,-1,1,-1,-1,6,-1
KR_6681181139,420,-1,66,-8,-3,1,3,4,-7,9,2,2,2,4,1,2,3,0,0,0,0,-9,2,2,-6,4,0,0,1,-1,1,1,1,6,-1
KR_6767821173,420,2,32,12,1,-2,3,1,2,2,4,2,1,3,2,3,5,-3,4,1,0,5,39,4,-10,6,13,0,-1,-1,1,-1,-1,3,-1
KR_6659603506,420,-5,-104,-63,-5,8,1,9,1,5,6,-6,6,0,-6,7,1,-2,2,0,0,-5,-6,-9,-3,12,-4,0,0,-1,1,1,-1,4,-1
KR_6766179013,420,-3,-20,-10,-10,-6,6,0,3,4,7,0,3,3,-3,8,5,-4,4,0,0,-9,-5,-1,-6,7,4,0,-2,-1,1,-1,-1,2,-1
KR_6770907230,420,-2,0,27,-2,-2,3,1,-3,4,1,4,0,4,-3,6,3,2,0,2,0,-2,4,-1,-6,7,3,0,0,1,-1,0,-1,1,-1
KR_6711898883,420,-4,-26,-36,-8,-2,3,1,1,3,4,-2,2,0,-7,7,0,2,0,2,0,-8,-30,-7,-3,10,2,0,-3,-1,-1,-1,-1,6,-1
KR_6766786001,420,-1,-31,-13,-3,-3,4,1,-2,5,3,2,0,2,1,5,6,-1,2,1,0,-2,100,-1,-4,5,2,0,0,1,-1,0,1,2,-1
KR_6771497123,420,0,-17,16,-6,-4,4,0,0,4,4,5,1,6,-5,7,2,-2,2,0,0,-4,5,-4,-3,7,-2,0,0,-1,1,1,-1,5,-1
KR_6775758854,420,0,1,9,-2,2,0,2,1,3,4,0,5,5,-5,8,3,0,0,0,2,-4,-6,3,-7,4,-1,0,0,1,-1,-1,1,5,-1
KR_6735727785,420,-2,-47,-24,-4,-1,1,0,-4,4,0,-2,4,2,2,2,4,1,0,1,0,-1,-1,0,-4,4,-1,0,-1,1,-1,-1,-1,4,-1
KR_6768731889,420,-8,-106,-24,-15,-3,5,2,2,1,3,-4,5,1,-9,9,0,-1,1,0,-1,-20,-7,-2,-3,5,-2,-1,-4,-1,-1,-1,-1,4,-1
KR_6561662765,420,3,30,8,5,2,1,3,4,0,4,-1,4,3,1,1,2,-1,1,0,-1,0,-4,1,-6,5,1,0,1,-1,1,1,-1,3,-1
KR_6770102219,420,-2,-17,0,-4,4,1,5,3,0,3,-3,6,3,-6,9,3,-2,2,0,0,-4,-14,-2,-4,6,0,0,-2,-1,1,-1,1,4,-1
KR_6745061791,420,-2,-29,4,-3,0,5,5,2,2,4,0,2,2,-4,4,0,-1,1,0,0,4,89,-1,-4,5,0,0,2,-1,1,1,-1,1,-1
KR_6777221644,420,2,14,0,2,2,1,3,-1,5,4,-1,3,2,1,1,2,1,1,2,0,4,-28,1,-5,4,14,0,-1,-1,-1,-1,1,2,-1
KR_6736883253,420,-4,-10,-31,-4,0,0,0,-3,6,3,-1,3,2,0,1,1,0,1,1,0,-6,-6,1,-9,8,2,0,0,-1,1,0,1,3,-1
KR_6766693916,420,-5,-51,-5,-13,-2,3,1,-6,9,3,-3,4,1,0,1,1,-2,2,0,0,-14,-10,1,-8,7,1,0,-1,1,-1,-1,-1,2,-1
KR_6769096799,420,0,-33,16,-1,3,5,8,-1,4,3,-2,3,1,-3,5,2,2,1,3,0,-1,-1,3,-10,7,-3,0,-1,-1,1,-1,1,3,-1
KR_6741138269,420,-8,-36,-24,-13,4,2,6,-3,3,0,-5,8,3,-8,9,1,-1,2,1,0,-11,-5,1,-7,6,0,0,-2,-1,-1,-1,-1,3,-1
KR_6775811298,420,-3,-49,-4,2,-2,3,1,-1,7,6,2,1,3,1,6,7,2,0,2,1,8,-13,-6,-4,10,1,0,0,-1,-1,0,1,3,-1
KR_6717900206,420,-2,-85,12,1,-5,7,2,2,0,2,2,1,3,1,1,2,1,0,1,0,7,20,-1,-7,8,-5,0,0,-1,-1,0,-1,5,-1
KR_6769650237,420,-2,-54,12,-7,-1,2,1,3,3,6,0,1,1,-5,5,0,-4,6,2,0,-6,2,-2,-3,5,1,0,0,-1,-1,-1,1,5,-1
KR_6769579657,420,1,-13,0,-1,0,2,2,-2,2,0,0,3,3,2,0,2,-1,2,1,0,1,-7,-3,-3,6,-1,0,-1,-1,1,-1,-1,1,-1
KR_6761383610,420,1,29,9,-7,-3,5,2,1,2,3,-2,4,2,0,2,2,-3,3,0,0,-3,7,4,-8,4,-8,0,1,1,1,1,-1,3,-1
KR_6723019821,420,2,-3,-1,3,-3,6,3,0,3,3,2,0,2,0,1,1,4,1,5,0,-2,31,-6,-3,9,6,0,0,1,1,0,1,1,-1
KR_6768821779,440,-3,30,-44,-10,-1,3,2,-9,12,3,-3,3,0,-1,5,4,4,0,4,0,-13,-10,-6,-1,7,0,0,0,-1,-1,-1,1,1,-1
KR_6751561064,420,1,23,12,0,-3,3,0,2,2,4,4,1,5,-3,3,0,0,1,1,0,-5,-11,5,-9,4,-6,0,1,1,1,1,1,3,-1
KR_6775746012,440,-2,-45,-13,-9,2,1,3,-4,4,0,-3,4,1,-5,5,0,1,0,1,0,-10,9,-4,-2,6,1,0,-1,-1,-1,-1,-1,2,-1
KR_6758860703,420,1,15,17,-2,-1,2,1,-2,4,2,2,0,2,-2,3,1,1,2,3,0,-5,2,5,-6,1,-3,0,0,1,1,0,1,1,-1
KR_6689167332,420,1,52,-10,4,4,1,5,-4,7,3,5,0,5,0,3,3,-1,2,1,0,2,4,-3,-6,9,-3,0,1,1,1,1,1,4,-1
KR_6776873271,420,-2,-65,-18,-7,-2,2,0,1,4,5,-5,6,1,-3,4,1,2,0,2,1,3,59,1,-8,7,-1,0,-3,1,1,-1,1,2,-1
KR_6738043031,420,1,-52,8,2,1,2,3,1,4,5,-2,4,2,2,2,4,0,1,1,0,8,14,-5,-2,7,-5,0,0,-1,1,-1,-1,4,-1
KR_6762700593,420,-1,-1,-8,0,5,0,5,-2,4,2,-2,3,1,-1,3,2,0,0,0,0,-10,-9,-5,-3,8,4,0,0,-1,1,-1,1,6,-1
KR_6770694442,420,-2,43,-12,-11,-2,2,0,-1,4,3,-6,6,0,-3,5,2,1,0,1,0,-10,6,0,-7,7,2,0,0,-1,1,0,-1,2,-1
KR_6775780048,420,-1,-50,13,-7,-1,2,1,-1,3,2,1,2,3,-7,10,3,1,0,1,1,-1,-5,-6,-2,8,1,0,0,-1,-1,-1,1,5,-1
KR_6748571078,420,-6,-123,11,-15,-4,4,0,-4,4,0,-5,8,3,-2,5,3,0,1,1,-2,-24,4,2,-8,6,2,0,-3,-1,-1,-1,-1,1,-1
KR_6731893600,420,-1,-11,-12,-11,0,0,0,-7,11,4,1,0,1,-4,6,2,-1,1,0,0,-9,-32,-2,-7,9,2,0,-1,1,1,-1,-1,2,-1
KR_6771760581,420,-4,-17,-19,-6,2,1,3,-3,4,1,3,2,5,-3,5,2,-5,6,1,0,-9,-7,2,-9,7,-8,0,0,-1,1,0,-1,4,-1
KR_6775067286,420,-4,-79,-12,-5,-2,3,1,-2,5,3,0,1,1,-1,1,0,0,0,0,0,-1,8,0,-5,5,-4,0,0,-1,-1,0,-1,1,-1
KR_6777158093,420,-2,-1,-3,0,1,1,2,-2,4,2,1,1,2,0,4,4,0,2,2,0,3,-47,0,-5,5,4,0,-2,1,-1,-1,1,2,-1
KR_6776033700,420,-3,-62,8,-6,-3,3,0,-6,9,3,2,1,3,1,1,2,0,2,2,0,0,-32,0,-4,4,-2,0,0,1,-1,-1,-1,1,-1
KR_6764006878,420,0,-5,9,-2,-6,6,0,0,2,2,-1,4,3,0,4,4,5,1,6,0,-6,-7,5,-9,4,-3,0,0,1,1,1,1,5,-1
KR_6762762742,420,-2,-4,-19,-4,2,1,3,-4,5,1,0,0,0,1,2,3,-3,3,0,1,-3,58,0,-8,8,-2,0,1,-1,1,1,1,2,-1
KR_6774603462,440,-3,-69,-4,-10,0,4,4,-5,7,2,-3,5,2,-2,6,4,0,0,0,-1,-7,-17,4,-7,3,-7,0,-1,-1,1,1,-1,4,-1
KR_6773982376,420,-1,-37,3,-2,-1,2,1,1,2,3,3,0,3,-6,7,1,1,4,5,-1,1,9,1,-5,4,3,0,-1,-1,1,-1,-1,1,-1
KR_6775391708,440,1,-70,-2,4,0,1,1,2,3,5,0,0,0,-1,3,2,3,1,4,0,8,21,-3,-3,6,0,0,-1,1,-1,-1,-1,5,-1
KR_6728805788,420,-2,-42,-36,-4,-4,5,1,-3,5,2,0,2,2,3,1,4,0,1,1,0,-8,6,2,-9,7,-6,0,-2,1,-1,-1,1,5,-1
KR_6774306023,420,-2,56,-18,-7,-2,2,0,0,1,1,-5,7,2,1,1,2,-1,2,1,0,-10,5,-1,-9,10,-1,0,1,-1,1,-1,-1,1,-1
KR_6762350307,420,-1,-22,-28,-1,3,2,5,-3,4,1,-2,5,3,-1,2,1,2,0,2,-1,2,-28,-2,-4,6,-5,0,-1,-1,-1,-1,-1,4,-1
KR_6653827214,420,-2,57,-20,-4,0,1,1,-2,4,2,-2,3,1,0,1,1,0,1,1,0,-9,220,0,-7,7,4,0,0,1,-1,-1,1,3,-1
KR_6728688221,420,-2,-28,49,-9,0,1,1,-3,3,0,-4,7,3,-1,3,2,-1,2,1,-1,-15,20,1,-4,3,-7,0,0,-1,-1,0,-1,3,-1
KR_6736276262,420,1,-21,-6,1,1,1,2,-1,2,1,4,0,4,-2,5,3,-1,3,2,-2,-8,5,3,-9,6,-1,0,0,1,1,0,-1,1,-1
KR_6760571852,420,-1,10,12,4,2,2,4,3,2,5,5,1,6,-2,5,3,-4,4,0,0,6,-12,7,-9,2,-2,0,-2,1,1,-1,1,4,-1
KR_6777169234,420,-4,-28,-19,-7,-4,4,0,-5,5,0,-1,3,2,3,2,5,0,2,2,0,-6,23,6,-8,2,-3,0,-1,1,-1,-1,1,6,-1
KR_6769531256,420,0,-12,-30,-2,2,0,2,3,0,3,-6,6,0,-1,4,3,0,1,1,0,1,-1,-8,-3,11,-2,0,0,-1,1,0,-1,2,-1
KR_6758395903,440,1,-42,-8,1,2,0,2,-1,3,2,-3,4,1,1,1,2,2,0,2,0,5,53,2,-5,3,3,0,-1,1,-1,-1,1,1,-1
KR_6747168886,420,-3,-16,3,-10,-2,5,3,-1,3,2,0,1,1,-2,7,5,-5,5,0,0,-15,-14,-2,-5,7,2,0,1,-1,1,1,-1,4,-1
KR_6765144679,420,-3,-21,-20,-5,-1,1,0,-2,5,3,-1,2,1,-2,2,0,1,1,2,0,-9,47,-1,-2,3,-1,0,-1,0,-1,-1,-1,0,-1
KR_6767172128,420,-3,-32,-9,-5,0,2,2,-5,6,1,-3,3,0,1,2,3,2,2,4,1,-5,-2,-4,-5,9,4,0,1,-1,1,1,1,4,-1
KR_6753924535,420,-2,-50,3,3,1,0,1,0,3,3,0,2,2,-2,4,2,4,1,5,0,5,37,2,-9,7,1,0,2,1,1,1,1,1,-1
KR_6760356642,420,-2,4,-12,-4,-2,3,1,3,2,5,-5,6,1,-2,6,4,2,1,3,0,-2,-17,3,-10,7,-2,0,0,-1,1,-1,-1,3,-1
KR_6764594367,440,-2,-21,0,-1,2,1,3,-5,6,1,2,1,3,1,2,3,-1,1,0,0,-3,-77,-5,-5,10,-1,0,1,-1,-1,1,1,3,-1
KR_6755739068,420,-4,-81,-25,-4,-2,3,1,-2,7,5,0,2,2,0,1,1,0,2,2,0,-11,12,4,-8,4,2,0,0,-1,1,-1,-1,6,-1
KR_6777535277,420,0,33,8,4,-3,3,0,4,0,4,2,1,3,0,1,1,1,0,1,0,4,-1,-2,-6,8,-1,0,0,-1,-1,0,1,6,-1
KR_6758794547,420,-8,-88,-47,-8,-1,3,2,0,1,1,-1,1,0,-6,6,0,0,1,1,0,-4,-5,2,-9,7,1,0,-1,-1,-1,-1,-1,2,-1
KR_6706252367,420,0,12,-15,2,-2,3,1,-2,3,1,-1,4,3,6,1,7,1,2,3,1,2,168,2,-7,5,-1,0,-1,1,-1,-1,1,2,-1
KR_6762800943,420,0,-55,-17,1,2,1,3,0,3,3,2,2,4,-3,3,0,0,1,1,0,6,5,-2,-4,6,-5,0,1,1,1,1,1,2,-1
KR_6770949061,420,-5,-26,-39,-8,-2,3,1,-2,2,0,-1,2,1,0,5,5,-3,4,1,1,-6,-7,-1,-5,6,0,0,-2,-1,0,-1,1,3,-1
KR_6768656637,420,-5,-25,-12,-11,-2,5,3,-3,5,2,-2,3,1,-4,6,2,0,0,0,0,-11,9,-3,-3,6,-3,0,-1,-1,-1,-1,1,4,-1
KR_6727152030,420,1,-27,18,9,0,1,1,2,0,2,7,1,8,-1,5,4,1,3,4,1,9,3,2,-8,6,3,0,0,-1,1,1,1,1,-1
KR_6774576038,420,-2,-45,-19,0,-2,4,2,4,2,6,1,2,3,-5,6,1,2,2,4,0,-8,-2,2,-8,6,1,0,0,1,1,0,1,3,-1
KR_6761887464,420,0,42,-6,-1,1,1,2,-2,4,2,-4,4,0,5,1,6,-1,2,1,0,0,11,7,-11,4,-7,0,0,-1,1,-1,1,4,-1
KR_6773657496,420,0,10,-12,-7,-1,1,0,-1,3,2,-1,1,0,-4,7,3,0,1,1,0,-11,2,-1,-5,6,2,0,0,-1,1,-1,-1,5,-1
KR_6767765745,420,-1,-6,15,0,-3,3,0,1,1,2,0,1,1,0,3,3,2,0,2,-1,-1,-15,-4,-3,7,-4,0,0,1,-1,0,-1,2,-1
KR_6732594591,420,1,7,-13,-1,1,1,2,3,2,5,0,2,2,-3,3,0,-2,2,0,0,-5,24,-4,-4,8,-1,0,-2,-1,-1,-1,1,6,-1
KR_6738168112,420,-3,-64,28,-6,-1,2,1,-3,3,0,-3,3,0,0,2,2,1,1,2,0,-6,-6,-4,-5,9,-6,0,-1,1,-1,-1,-1,3,-1
KR_6742436809,420,-3,-47,-8,-9,-4,4,0,-4,4,0,-2,3,1,0,2,2,1,1,2,0,-8,41,3,-6,3,-22,0,0,1,1,0,-1,3,-1
KR_6713576532,420,1,-12,-7,6,-1,1,0,-3,5,2,0,2,2,9,5,14,1,0,1,1,14,-21,0,-6,6,-2,0,1,1,-1,1,1,6,-1
KR_6729060302,420,0,28,-2,-4,0,2,2,2,2,4,-6,10,4,0,2,2,0,0,0,0,9,-2,2,-7,5,4,0,0,-1,1,-1,-1,3,-1
KR_6741087555,420,-3,-25,-16,-4,0,2,2,-1,2,1,-4,5,1,-1,2,1,2,0,2,0,-4,12,-3,-5,8,0,0,0,0,-1,-1,-1,0,-1
KR_6774010094,420,-1,5,7,-1,-1,3,2,-2,4,2,3,1,4,-1,1,0,0,0,0,-1,2,53,2,-9,7,-16,0,-1,-1,1,-1,-1,4,-1
KR_6775635805,420,-2,61,31,-11,0,0,0,0,4,4,-6,7,1,-3,5,2,-2,3,1,0,-20,-6,-2,-7,9,-2,0,-1,1,-1,-1,1,3,-1
KR_6756954426,420,-3,-46,-1,-4,-2,3,1,-1,5,4,0,3,3,0,4,4,-1,3,2,0,-2,-3,3,-9,6,4,0,-2,-1,-1,-1,-1,3,-1
KR_6741983875,420,-2,-27,19,-4,-4,4,0,0,3,3,1,1,2,0,2,2,-1,1,0,0,-2,-6,-3,-2,5,2,0,-1,-1,1,-1,-1,3,-1
KR_6773358424,420,3,46,-6,13,0,3,3,2,1,3,7,1,8,2,2,4,2,0,2,1,24,34,-4,-9,13,1,0,1,1,1,1,1,2,-1
KR_6751473174,420,3,47,-10,11,1,3,4,-1,2,1,1,0,1,6,2,8,4,1,5,1,10,4,3,-8,5,2,0,0,1,0,0,1,6,-1
KR_6762407109,420,3,51,-10,7,2,1,3,-1,2,1,1,4,5,3,2,5,2,1,3,0,7,-26,1,-7,6,-3,0,-1,1,-1,-1,-1,5,-1
KR_6774688901,420,-5,-68,0,-11,-6,8,2,-2,4,2,2,1,3,-6,7,1,1,2,3,0,-15,-187,1,-5,4,0,0,-4,1,-1,-1,-1,2,-1
KR_6767709783,420,0,-20,11,-11,-1,4,3,-3,5,2,-4,6,2,-6,6,0,3,0,3,-4,-18,-6,-5,-2,7,3,0,-2,1,1,-1,-1,3,-1
KR_6753945263,420,2,8,19,6,8,0,8,4,1,5,-4,5,1,1,2,3,-3,3,0,0,4,0,3,-5,2,0,0,3,1,1,1,1,3,-1
KR_6770108039,440,0,-1,27,-2,-1,1,0,-1,1,0,-1,2,1,1,2,3,0,2,2,1,1,7,6,-10,4,-5,0,0,1,1,0,1,5,-1
KR_6776647471,420,-3,-11,6,-12,-3,3,0,-5,5,0,-1,3,2,-4,9,5,1,0,1,-3,-22,-1,-2,-6,8,0,0,-1,1,-1,-1,-1,4,-1
KR_6773455880,420,1,11,16,-2,-2,3,1,-1,5,4,0,2,2,2,4,6,-1,1,0,0,0,19,-3,-6,9,-2,0,0,-1,-1,0,-1,5,-1
KR_6687213100,420,-4,-39,-3,-7,-6,7,1,3,5,8,0,5,5,-3,6,3,-1,1,0,0,-12,-12,-1,-8,9,5,0,-1,-1,1,1,1,4,-1
KR_6755085181,420,-1,29,-17,-5,1,0,1,-3,5,2,0,1,1,-1,4,3,-2,2,0,-1,-11,7,-2,-4,6,-9,0,0,1,-1,0,-1,3,-1
KR_6753418375,420,-6,-63,-26,-14,-6,7,1,-5,8,3,-1,4,3,-2,2,0,0,1,1,0,-16,100,-4,-3,7,6,0,-1,-1,-1,-1,-1,6,-1
KR_6774974024,420,-4,-55,-32,-6,0,3,3,-1,3,2,-4,4,0,-1,3,2,0,1,1,0,-6,2,1,-5,4,-7,0,-2,-1,1,-1,-1,5,-1
KR_6773800031,440,-4,-55,-3,-7,0,4,4,-2,3,1,1,3,4,-2,5,3,-4,4,0,-1,-9,-38,-1,-3,4,22,0,-2,-1,-1,-1,-1,3,-1
KR_6740203477,420,-2,-29,-10,-5,3,3,6,-7,8,1,-1,3,2,1,6,7,-1,1,0,0,-3,5,0,-7,7,1,0,0,-1,1,-1,-1,1,-1
KR_6759496662,420,-2,-23,9,-12,0,2,2,-3,5,2,-3,3,0,-6,10,4,0,0,0,1,-12,-17,3,-9,6,-2,0,-1,1,-1,-1,-1,1,-1
KR_6776573568,440,-3,-73,-9,-4,2,1,3,-2,3,1,0,0,0,-1,1,0,-3,3,0,0,-3,3,-1,-5,6,3,0,0,1,-1,-1,-1,5,-1
KR_6776279558,420,-1,-16,5,-1,2,0,2,-3,5,2,0,1,1,2,0,2,-2,2,0,0,-4,10,1,-7,6,-4,0,1,-1,-1,1,-1,2,-1
KR_6735874691,420,0,-72,-36,-4,-4,5,1,-3,4,1,-3,4,1,1,1,2,5,0,5,-2,-1,5,3,-9,6,-7,0,0,-1,1,-1,-1,4,-1
KR_6643538178,420,-1,-25,8,-7,0,2,2,2,1,3,0,3,3,-8,9,1,-1,3,2,0,-10,4,3,-10,7,-4,0,0,1,-1,-1,-1,1,-1
KR_6771504814,420,-3,-77,15,-8,-4,5,1,-5,7,2,4,1,5,-1,2,1,-2,3,1,0,-15,31,2,-6,4,-1,0,-1,-1,1,-1,-1,2,-1
KR_6777816837,440,-1,-6,-14,3,0,0,0,4,4,8,-1,2,1,1,3,4,-1,1,0,1,3,-14,4,-5,1,-1,0,0,1,-1,0,1,2,-1
KR_6773424206,420,-6,-54,-32,-16,-4,7,3,-3,4,1,-2,3,1,1,3,4,-8,8,0,0,-9,-12,0,-6,6,0,0,-2,-1,-1,-1,1,1,-1
KR_6726608646,420,0,27,6,-4,0,1,1,-3,3,0,-2,3,1,1,2,3,0,0,0,0,-6,1,1,-6,5,-2,0,0,-1,-1,-1,1,4,-1
KR_6763393747,420,-4,-65,-16,-2,-2,4,2,1,1,2,-1,4,3,0,3,3,0,2,2,0,-4,-3,-1,-3,4,-2,0,0,1,1,-1,1,1,-1
KR_6653881966,420,2,40,-31,8,7,0,7,1,3,4,-4,5,1,3,2,5,1,0,1,0,9,4,-3,-7,10,-1,0,2,0,1,1,-1,0,-1
KR_6775529963,420,-2,-39,-16,1,-1,2,1,1,7,8,2,2,4,2,0,2,-3,4,1,0,7,16,-1,-6,7,4,0,-2,-1,1,-1,-1,5,-1
KR_6621241645,420,-1,0,-7,-7,-4,6,2,-1,3,2,7,1,8,-9,10,1,0,1,1,0,-3,2,2,-6,4,2,0,2,1,1,1,-1,6,-1
KR_6713186471,420,-4,-43,8,-6,-2,2,0,-5,5,0,0,3,3,1,3,4,0,0,0,0,-12,-39,0,-4,4,26,0,-2,1,-1,-1,1,1,-1
KR_6751063582,420,-7,-96,-24,-6,-1,4,3,-1,4,3,1,1,2,-1,3,2,-4,4,0,0,-3,-31,4,-13,9,3,0,-1,-1,-1,-1,-1,4,-1
KR_6763701901,420,-5,22,-17,-9,-2,3,1,-3,4,1,-2,3,1,-1,2,1,-1,2,1,0,-7,-49,-4,-8,12,4,0,0,-1,1,-1,1,1,-1
KR_6775972501,420,-1,-44,33,-10,-1,1,0,0,3,3,-3,6,3,-3,4,1,-3,3,0,0,-14,8,-1,-5,6,-1,0,0,-1,1,-1,-1,2,-1
KR_6719777924,420,1,-24,-22,8,-1,5,4,0,2,2,7,0,7,0,6,6,2,0,2,0,21,-8,-1,-5,6,7,0,-1,1,1,-1,1,6,-1
KR_6760834200,420,-4,-31,-13,-14,-5,6,1,-3,4,1,-1,5,4,-2,3,1,-3,3,0,0,-8,-12,0,-5,5,-2,0,1,-1,1,-1,-1,6,-1
KR_6776069394,440,-2,19,-5,-1,-1,5,4,-2,3,1,3,1,4,-2,3,1,1,2,3,0,7,-14,2,-7,5,-1,0,0,-1,1,0,-1,2,-1
KR_6766970758,420,-2,-78,12,-16,1,2,3,-2,3,1,-4,4,0,-10,11,1,-1,1,0,-1,-23,0,-2,-5,7,1,0,-3,-1,1,-1,-1,5,-1
KR_6764547375,420,-1,-47,-4,-2,1,1,2,-3,5,2,1,1,2,0,2,2,-1,2,1,0,-1,0,1,-9,8,1,0,-1,-1,-1,-1,-1,6,-1
KR_6750755301,420,0,-17,-11,-1,0,1,1,5,1,6,0,2,2,-4,4,0,-2,2,0,0,-7,2,2,-4,2,-5,0,0,-1,1,1,1,6,-1
KR_6752947878,420,0,20,20,-5,-2,2,0,-4,7,3,2,2,4,-1,4,3,0,1,1,-1,-10,17,-3,-3,6,1,0,0,1,1,0,-1,6,-1
KR_6774623864,420,-2,-9,-11,-9,-7,7,0,-3,4,1,0,4,4,1,2,3,0,0,0,0,-10,5,0,-7,7,-8,0,0,-1,1,1,-1,2,-1
KR_6753169741,420,0,-23,8,-6,-1,3,2,-6,6,0,1,0,1,-1,1,0,1,1,2,0,-9,-3,-10,-1,11,6,0,-2,0,-1,-1,-1,0,-1
KR_6644742773,420,3,-7,29,2,-1,3,2,1,5,6,-1,2,1,3,3,6,0,0,0,0,-7,1,0,-8,8,-4,0,0,-1,-1,0,-1,1,-1
KR_6713292040,420,-2,9,-17,-9,3,0,3,0,0,0,-3,3,0,-6,7,1,-3,4,1,0,-13,-5,2,-8,6,2,0,-1,-1,-1,-1,1,1,-1
KR_6696250718,420,-4,-47,-16,-7,-1,2,1,-8,11,3,-2,4,2,4,4,8,0,1,1,0,-11,-12,-8,-2,10,7,0,-2,-1,-1,-1,-1,2,-1
KR_6774485230,420,-2,-41,4,-5,1,1,2,2,2,4,-3,7,4,-7,8,1,2,0,2,0,-8,-5,0,-6,6,0,0,0,1,-1,-1,-1,5,-1
KR_6748302368,420,-5,-94,-27,-12,0,1,1,-6,8,2,-5,6,1,-1,3,2,0,2,2,0,-22,-4,1,-9,8,-5,0,-1,-1,0,-1,-1,3,-1
KR_6750672147,420,-2,30,-32,-4,-2,2,0,-4,4,0,0,1,1,2,2,4,0,0,0,0,0,17,5,-8,3,0,0,0,-1,1,1,-1,5,-1
KR_6774307995,420,-4,-58,-13,-3,-2,3,1,-2,2,0,1,1,2,0,1,1,0,0,0,0,4,-19,-3,-4,7,9,0,0,-1,1,0,-1,3,-1
KR_6766214206,420,-2,-15,-15,-8,-6,6,0,1,0,1,-1,1,0,-1,5,4,-1,1,0,0,-4,-2,-2,-9,11,-6,0,-1,1,1,-1,1,1,-1
KR_6775382984,420,-2,-22,-23,-10,-3,4,1,-3,3,0,0,3,3,-3,3,0,-1,1,0,0,-7,-14,-3,-4,7,2,0,-2,-1,-1,-1,1,1,-1
KR_6751162912,420,1,3,-19,5,1,5,6,0,4,4,1,1,2,3,0,3,0,0,0,1,13,47,-1,-7,8,-5,0,-1,-1,-1,-1,1,4,-1
KR_6776224669,420,-2,-20,-4,-5,0,2,2,2,3,5,-9,10,1,2,2,4,0,1,1,-1,-4,3,0,-4,4,5,0,0,-1,1,1,-1,2,-1
KR_6749482795,420,2,-8,-3,6,3,1,4,0,4,4,0,3,3,0,0,0,3,1,4,0,-2,-1,-5,-6,11,3,0,0,-1,-1,0,1,4,-1
KR_6752347455,420,3,-2,14,4,6,1,7,2,3,5,-3,5,2,-1,2,1,0,1,1,0,-3,8,8,-12,4,2,0,1,-1,1,1,1,2,-1
KR_6731691451,420,-5,-11,14,-12,-3,4,1,-2,5,3,0,3,3,-4,5,1,-3,3,0,-1,-7,34,-4,-2,6,1,0,-2,-1,1,-1,-1,1,-1
KR_6737174326,440,-1,-39,-12,-3,-2,2,0,-2,4,2,-2,6,4,1,2,3,2,3,5,0,-6,10,2,-6,4,1,0,-1,-1,-1,-1,1,3,-1
KR_6733958569,420,0,-27,-4,0,4,0,4,2,3,5,-5,5,0,-1,4,3,0,0,0,0,1,0,1,-3,2,1,0,1,-1,1,1,-1,4,-1
KR_6767016745,420,2,49,7,-1,9,0,9,-3,4,1,2,1,3,-10,11,1,1,0,1,0,-9,10,0,-4,4,-4,0,0,1,-1,-1,1,4,-1
KR_6751348973,420,-3,23,-3,-7,-2,2,0,-3,3,0,0,3,3,-1,4,3,-1,1,0,-1,-13,-50,-2,-3,5,5,0,0,1,1,0,-1,3,-1
KR_6753880331,420,-3,-15,-8,-7,1,0,1,-5,9,4,-5,8,3,3,0,3,-1,1,0,1,-6,-12,0,-6,6,2,0,-2,-1,-1,-1,1,2,-1
KR_6739524949,420,-4,-46,-9,-4,0,3,3,-3,7,4,1,2,3,-2,3,1,0,1,1,0,4,-3,4,-8,4,2,0,-1,1,-1,-1,-1,1,-1
KR_6768640453,420,-3,-124,-18,0,-1,2,1,-2,4,2,2,0,2,1,0,1,0,0,0,0,2,11,-4,-5,9,1,0,-1,1,-1,-1,-1,3,-1
KR_6759069088,420,-7,-59,-56,-9,-1,2,1,-1,1,0,-4,6,2,-3,7,4,0,1,1,0,-8,8,0,-3,3,-3,0,0,-1,1,-1,1,3,-1
KR_6733742450,420,-2,-39,2,0,0,1,1,4,1,5,0,2,2,-4,6,2,0,1,1,0,-7,3,1,-9,8,-5,0,1,1,1,1,-1,2,-1
KR_6776402512,420,-7,-21,0,-13,-5,6,1,-2,5,3,-6,7,1,-1,2,1,1,0,1,0,-5,-4,-4,-1,5,-1,0,0,-1,-1,-1,1,2,-1
KR_6767839696,420,1,-10,-2,-3,-1,1,0,-1,4,3,1,2,3,-1,1,0,-1,2,1,0,-4,-31,3,-8,5,-1,0,0,0,0,-1,1,0,-1
KR_6771061831,420,-4,-49,-26,-9,-1,4,3,-2,6,4,-4,4,0,-2,2,0,0,0,0,0,-7,5,-1,-5,6,-1,0,0,1,1,1,1,2,-1
KR_6672466553,420,-1,-23,30,-5,-2,4,2,2,2,4,0,3,3,-6,8,2,1,0,1,-1,-10,108,-8,-5,13,-9,0,-2,-1,-1,-1,-1,5,-1
KR_6559459877,420,3,-26,18,2,0,0,0,-4,5,1,2,1,3,2,1,3,2,2,4,0,10,12,-2,-5,7,-3,0,1,-1,1,1,-1,3,-1
KR_6733227713,420,-1,-26,4,-9,1,2,3,-1,1,0,0,6,6,-8,8,0,-1,1,0,0,-8,-10,-3,-4,7,-1,0,-3,-1,-1,-1,-1,3,-1
KR_6763326436,420,-2,-79,2,-3,-5,6,1,-1,3,2,-2,3,1,8,0,8,-3,4,1,-1,0,11,3,-5,2,-4,0,-3,-1,-1,-1,-1,1,-1
KR_6575053977,420,0,42,-16,7,4,0,4,1,1,2,-2,3,1,2,1,3,2,0,2,0,11,3,4,-9,5,4,0,1,1,-1,1,1,5,-1
KR_6776949000,420,-5,-92,-30,-5,0,3,3,-2,5,3,2,3,5,-3,5,2,-2,2,0,0,-4,34,5,-6,1,1,0,-1,-1,-1,-1,-1,1,-1
KR_6634078825,420,-5,-2,-48,-10,-1,3,2,-7,7,0,-4,6,2,2,3,5,0,1,1,0,-11,4,5,-12,7,-4,0,0,-1,-1,1,-1,6,-1
KR_6753894642,420,-3,-20,8,-8,4,0,4,-7,11,4,-2,2,0,-2,7,5,-1,1,0,1,-18,-5,-4,-4,8,3,0,0,-1,-1,0,1,4,-1
KR_6774911204,420,-5,-56,-18,-17,-5,5,0,-1,2,1,-4,6,2,-6,7,1,-1,1,0,0,-15,-11,-5,-2,7,0,0,-3,-1,-1,-1,-1,1,-1
KR_6740937725,420,-10,-128,-9,-16,-3,4,1,-7,10,3,-4,5,1,-1,1,0,-1,1,0,0,-16,7,0,-5,5,-5,0,-2,1,-1,-1,1,5,-1
KR_6629433716,420,-4,-74,-11,-10,-1,1,0,-3,6,3,2,2,4,-5,6,1,-3,3,0,0,-4,-233,0,-5,5,-4,0,-3,-1,-1,-1,1,5,-1
KR_6690606075,420,2,-15,0,7,4,0,4,4,1,5,0,0,0,-1,4,3,0,2,2,0,9,-3,3,-10,7,4,0,1,0,1,1,1,0,-1
KR_6746383019,420,3,77,15,8,-2,3,1,2,1,3,3,4,7,5,0,5,0,1,1,0,4,4,7,-9,2,-1,0,0,1,1,0,1,1,-1
KR_6750351977,420,1,-8,2,3,-3,5,2,2,1,3,0,2,2,4,3,7,0,2,2,0,6,-4,2,-6,4,4,0,-1,0,1,-1,1,0,-1
KR_6743497775,420,0,-16,19,-7,0,1,1,-3,3,0,0,1,1,-4,4,0,0,0,0,0,-9,23,-6,-1,7,-2,0,0,-1,1,-1,-1,2,-1
KR_6777401676,420,-1,29,16,-3,1,4,5,-4,5,1,4,2,6,-3,5,2,-1,1,0,0,1,1,1,-6,5,-4,0,-1,-1,-1,-1,1,3,-1
KR_6771207221,420,-2,45,-11,-7,0,3,3,0,2,2,-9,11,2,0,2,2,2,2,4,0,-12,-6,2,-6,4,2,0,0,-1,1,-1,1,3,-1
KR_6753324845,420,-1,5,-37,1,2,2,4,-2,6,4,0,5,5,-1,3,2,2,2,4,0,-13,-2,-1,-6,7,-1,0,-1,-1,1,-1,1,3,-1
KR_6742143332,420,-2,-55,-10,-6,-2,3,1,1,3,4,-4,5,1,0,1,1,-1,1,0,-1,0,-10,2,-6,4,4,0,-1,0,1,-1,-1,0,-1
KR_6761686013,440,-1,59,-12,0,-1,3,2,-5,5,0,-1,4,3,2,0,2,5,0,5,0,-7,9,3,-6,3,0,0,1,-1,1,1,1,1,-1
KR_6754497535,420,-5,-45,-10,-11,-3,4,1,-2,4,2,-7,8,1,1,2,3,0,0,0,0,-14,-36,1,-5,4,1,0,-1,-1,-1,-1,-1,6,-1
KR_6764109657,420,0,-33,32,0,0,4,4,3,3,6,-3,4,1,3,2,5,-3,3,0,0,-2,-5,-3,-9,12,1,0,0,1,-1,1,1,6,-1
KR_6770112700,420,1,0,40,-3,0,1,1,-1,3,2,2,0,2,-3,3,0,-1,2,1,1,-4,30,-3,-4,7,4,0,1,-1,1,1,1,2,-1
KR_6726803527,440,2,28,-12,-1,0,1,1,-4,6,2,2,0,2,3,1,4,-2,2,0,0,1,3,3,-9,6,-6,0,1,1,1,1,-1,5,-1
KR_6762986257,420,-5,-122,-8,-18,-3,4,1,-1,1,0,-7,7,0,-5,7,2,-2,3,1,-1,-19,-2,-3,-2,5,-1,0,-5,-1,-1,-1,-1,1,-1
KR_6775498543,420,-4,-35,8,-7,-4,4,0,0,2,2,-3,3,0,1,1,2,-1,1,0,0,-9,49,1,-4,3,-28,0,0,0,1,0,-1,0,-1
KR_6758370494,420,-6,-26,-9,-19,1,0,1,-3,5,2,-1,1,0,-14,14,0,-2,4,2,-1,-23,-7,0,-6,6,-13,0,0,-1,1,-1,-1,3,-1
KR_6726927427,420,2,1,32,9,2,1,3,3,1,4,3,0,3,2,0,2,-1,1,0,0,11,2,0,-7,7,-3,0,0,1,-1,0,-1,4,-1
KR_6730390163,420,3,56,-4,6,0,1,1,0,6,6,2,2,4,1,4,5,3,1,4,0,4,25,6,-8,2,3,0,2,1,-1,1,-1,6,-1
KR_6775198510,420,-1,-58,25,-2,2,1,3,-2,7,5,-4,5,1,2,1,3,0,1,1,0,-1,-162,-4,-5,9,0,0,0,-1,1,-1,1,5,-1
KR_6751567910,420,1,20,0,5,2,2,4,-1,1,0,4,1,5,1,3,4,-1,2,1,1,2,5,-4,-4,8,0,0,0,1,-1,-1,1,6,-1
KR_6748645808,420,-4,26,-28,-10,-3,6,3,2,4,6,-7,9,2,-1,6,5,-1,2,1,0,-12,10,8,-8,0,-5,0,-1,-1,1,-1,-1,2,-1
KR_6758000997,420,-2,3,5,-2,-1,1,0,-1,2,1,1,1,2,2,1,3,-3,4,1,0,-5,46,-1,-6,7,-18,0,0,1,1,0,1,4,-1
KR_6738247893,420,-4,-59,-24,-6,-1,3,2,-4,6,2,-1,2,1,-2,3,1,2,0,2,0,-2,-14,3,-10,7,-2,0,-1,-1,1,-1,-1,3,-1
KR_6777293673,420,0,-50,19,-3,0,2,2,0,2,2,1,1,2,-4,5,1,0,0,0,0,-7,-5,-1,-4,5,5,0,0,-1,-1,0,-1,1,-1
KR_6736197896,420,-2,-14,-26,-7,1,2,3,2,1,3,-8,9,1,-1,2,1,-1,2,1,0,1,-11,-2,-6,8,-1,0,0,-1,1,-1,-1,2,-1
KR_6770414793,420,0,1,-4,-7,-4,4,0,1,2,3,-5,6,1,1,4,5,0,0,0,0,-1,20,0,-8,8,-7,0,0,1,-1,0,1,3,-1
KR_6740229602,420,0,-38,19,-6,0,1,1,-3,4,1,0,1,1,-1,1,0,-2,3,1,0,-11,-52,-3,-6,9,-2,0,-1,-1,1,-1,-1,2,-1
KR_6759443361,420,-5,-112,-51,-12,-1,3,2,-4,7,3,-5,5,0,-1,3,2,-1,1,0,1,-7,20,4,-9,5,-6,0,-2,-1,1,-1,1,1,-1
KR_6770689514,420,2,7,9,5,3,2,5,-2,3,1,2,1,3,1,2,3,1,2,3,0,4,47,0,-5,5,-6,0,-1,-1,1,1,1,1,-1
KR_6768343768,420,-2,-37,24,-19,1,1,2,-6,6,0,-6,7,1,-6,7,1,-2,3,1,-2,-20,-4,-5,-1,6,1,0,-1,-1,1,-1,-1,3,-1
KR_6601489932,420,-5,-29,0,-9,-2,3,1,-3,5,2,-7,7,0,3,1,4,0,0,0,0,-9,2,-3,-6,9,0,0,0,1,1,-1,-1,1,-1
KR_6730158149,420,-6,-40,-36,-11,-2,4,2,-4,5,1,-1,1,0,-3,8,5,-1,2,1,-1,-12,16,-4,-2,6,2,0,-2,-1,-1,-1,-1,4,-1
KR_6760924669,420,-3,-41,1,-9,3,1,4,-5,5,0,-3,4,1,-4,7,3,0,2,2,0,-13,-7,-6,-4,10,7,0,-1,-1,-1,-1,-1,4,-1
KR_6763285686,420,-1,-55,-5,4,3,1,4,-1,4,3,1,0,1,-1,4,3,2,0,2,0,3,3,2,-8,6,-3,0,2,-1,1,1,1,5,-1
KR_6753892455,420,-1,-20,-21,-3,-3,3,0,-1,1,0,0,2,2,1,2,3,0,0,0,0,0,5,0,-6,6,2,0,0,0,-1,-1,-1,0,-1
KR_6681973072,420,0,12,-8,-5,-7,8,1,1,1,2,0,2,2,2,2,4,-1,1,0,0,-2,1,-1,-2,3,4,0,0,1,-1,1,-1,4,-1
KR_6759977931,420,-3,-16,-12,-8,-1,2,1,-5,5,0,-3,3,0,1,1,2,0,1,1,-1,-4,-18,-6,-3,9,4,0,1,-1,-1,-1,-1,2,-1
KR_6766664272,420,-2,-50,-17,-1,-1,2,1,-2,3,1,0,2,2,0,1,1,2,0,2,0,2,-13,2,-4,2,3,0,-1,0,1,-1,-1,0,-1
KR_6776274475,420,-2,-49,-29,-7,2,0,2,-1,1,0,-5,5,0,-2,3,1,-1,3,2,-1,-8,-8,-2,-3,5,7,0,0,-1,1,0,-1,1,-1
KR_6771751196,420,-1,-12,-4,4,-5,5,0,2,2,4,2,1,3,7,1,8,-2,2,0,0,9,80,-3,-4,7,1,0,1,1,-1,1,1,2,-1
KR_6767086476,440,1,-56,-16,2,2,1,3,3,3,6,2,2,4,-5,6,1,0,0,0,0,3,17,1,-4,3,-3,0,1,-1,1,1,-1,2,-1
KR_6749517189,420,-2,-57,-3,-2,0,1,1,2,1,3,-2,5,3,-1,4,3,-1,4,3,0,-1,-18,-4,-2,6,1,0,-4,-1,0,-1,-1,4,-1
KR_6770702490,420,-3,-56,-5,-8,0,0,0,-1,5,4,-3,6,3,-4,5,1,0,1,1,0,-16,-1,-1,-6,7,-4,0,0,-1,-1,0,1,5,-1
KR_6769197162,420,-2,-40,12,-1,1,3,4,-2,2,0,-1,3,2,4,0,4,-3,3,0,0,-4,-35,1,-4,3,-2,0,1,1,1,1,1,4,-1
KR_6744363195,420,-3,-57,-21,-13,-4,4,0,-1,2,1,-1,1,0,-8,10,2,1,2,3,0,-13,115,-1,-5,6,-1,0,-1,-1,-1,-1,-1,1,-1
KR_6735958713,420,3,-2,0,1,-1,3,2,2,3,5,1,2,3,-2,4,2,1,0,1,0,-5,8,2,-9,7,0,0,0,-1,-1,0,-1,5,-1
KR_6770113207,420,-2,-29,-22,-1,2,2,4,-2,4,2,-4,4,0,2,1,3,1,1,2,0,4,-3,-1,-7,8,-1,0,1,0,1,1,-1,0,-1
KR_6736027794,420,-6,-61,-4,-9,-2,5,3,0,5,5,-7,7,0,1,2,3,-1,1,0,-1,-12,-30,1,-7,6,-3,0,-2,-1,-1,-1,1,4,-1
KR_6771627916,420,1,-65,0,0,1,1,2,-2,3,1,2,1,3,-3,4,1,2,1,3,0,6,-16,0,-7,7,0,0,0,-1,1,-1,-1,1,-1
KR_6751539498,420,0,-39,9,-3,-2,3,1,3,0,3,-3,3,0,-3,3,0,2,0,2,0,-1,-4,2,-5,3,0,0,-1,-1,1,-1,1,3,-1
KR_6742424240,420,-2,-28,-3,-2,3,0,3,-5,7,2,0,0,0,3,0,3,-3,3,0,1,3,1,2,-7,5,-1,0,-1,-1,1,-1,1,6,-1
KR_6762721095,420,-4,-63,8,-10,-2,2,0,-1,4,3,-2,2,0,-3,5,2,-2,3,1,0,-13,12,-3,-4,7,-6,0,0,-1,-1,0,-1,4,-1
KR_6758346900,420,2,-22,-4,4,-1,2,1,6,3,9,0,2,2,-1,4,3,0,1,1,1,4,9,1,-7,6,-2,0,-1,-1,1,-1,1,3,-1
KR_6748517446,420,-3,-39,-28,-2,2,2,4,0,3,3,-3,4,1,-2,5,3,1,1,2,0,7,-38,3,-5,2,14,0,0,-1,-1,1,1,4,-1
KR_6775510117,420,4,3,23,9,0,2,2,1,5,6,2,4,6,5,1,6,1,1,2,0,15,10,-2,-5,7,1,0,0,1,-1,1,-1,6,-1
KR_6713118402,420,0,-26,-12,2,4,2,6,0,2,2,-1,2,1,-2,2,0,1,0,1,0,-4,-4,-4,-3,7,-2,0,0,-1,1,1,1,4,-1
KR_6772699813,420,-1,2,1,-2,-5,6,1,-4,7,3,3,1,4,5,2,7,-1,1,0,1,-10,12,-2,-4,6,-2,0,1,-1,1,1,1,3,-1
KR_6776033894,440,-9,-116,-41,-18,-5,5,0,-4,5,1,6,0,6,-9,9,0,-6,7,1,0,-21,-10,-4,-2,6,-5,0,-3,0,-1,1,-1,0,-1
KR_6759586967,420,-3,1,20,-10,1,1,2,-3,4,1,-3,3,0,-6,8,2,1,0,1,0,-14,3,-3,-7,10,-6,0,0,-1,-1,-1,-1,5,-1
KR_6761437053,420,-3,-44,21,-8,-2,3,1,1,1,2,-1,2,1,-5,7,2,-1,1,0,-1,-7,-1,2,-4,2,-4,0,0,-1,1,1,-1,5,-1
KR_6740273591,440,5,104,60,9,2,3,5,2,3,5,3,0,3,2,1,3,0,2,2,0,-2,6,2,-5,3,2,0,1,1,-1,1,1,5,-1
KR_6752349839,440,2,-2,7,4,5,2,7,-3,8,5,-2,2,0,0,3,3,4,1,5,2,9,-62,-2,-3,5,2,0,1,1,0,-1,1,5,-1
KR_6773439098,420,-1,-40,-7,-5,4,0,4,-4,4,0,1,1,2,-6,9,3,0,4,4,0,-11,-1,-1,-5,6,4,0,0,1,-1,-1,-1,4,-1
KR_6777805320,420,2,-4,5,3,1,3,4,3,2,5,2,0,2,-2,3,1,-1,1,0,0,-1,17,6,-10,4,-3,0,0,1,-1,0,1,1,-1
KR_6754268736,440,-2,-87,10,-5,1,1,2,2,1,3,1,3,4,-3,7,4,-6,7,1,0,-5,-14,-2,-3,5,0,0,-3,-1,1,-1,-1,2,-1
KR_6776803251,420,-8,-51,-40,-9,3,0,3,-6,7,1,-2,5,3,-2,4,2,-2,2,0,0,-12,-5,5,-6,1,-3,0,-4,-1,-1,-1,-1,2,-1
KR_6720136156,420,-4,-25,-1,-7,-1,3,2,-1,3,2,-3,5,2,-1,3,2,-1,2,1,-1,-4,0,5,-7,2,-3,0,-1,-1,-1,-1,-1,2,-1
KR_6777098003,420,-4,69,-38,-12,-1,1,0,-6,7,1,-2,3,1,0,4,4,-3,5,2,-4,-14,-1,3,-8,5,0,0,0,1,-1,0,-1,4,-1
KR_6759469913,420,0,18,4,-5,3,1,4,2,0,2,-5,6,1,-6,6,0,1,0,1,0,-11,-75,-4,-4,8,18,0,0,-1,-1,1,-1,5,-1
KR_6727668928,420,1,27,-15,9,2,2,4,-2,5,3,2,1,3,6,2,8,1,1,2,0,10,13,5,-8,3,4,0,2,1,1,1,1,2,-1
KR_6753387336,420,-2,-1,-40,-10,-1,2,1,-2,3,1,-5,5,0,-2,3,1,0,2,2,0,-11,-22,4,-9,5,3,0,-1,1,-1,-1,1,6,-1
KR_6740655555,420,0,29,-24,10,0,2,2,2,2,4,0,0,0,7,0,7,1,0,1,0,12,-52,3,-5,2,24,0,-1,1,1,1,1,2,-1
KR_6774982244,440,1,29,9,1,-2,2,0,-6,6,0,6,2,8,3,1,4,0,1,1,0,2,1,0,-5,5,-1,0,1,-1,1,1,-1,5,-1
KR_6698553421,440,0,14,30,0,2,0,2,4,3,7,-3,6,3,-2,7,5,-1,2,1,0,-11,-27,4,-5,1,-2,0,0,-1,1,0,1,3,-1
KR_6770896204,420,-1,86,12,-4,0,1,1,-5,5,0,0,1,1,0,1,1,1,0,1,0,-10,12,4,-8,4,-1,0,0,1,1,0,-1,3,-1
KR_6772065447,420,0,-50,-24,0,-3,6,3,-5,5,0,0,1,1,9,1,10,-1,1,0,0,2,-40,-2,-4,6,-6,0,1,-1,1,-1,1,5,-1
KR_6761625713,420,-2,-24,-25,-7,-2,2,0,0,4,4,0,0,0,-8,8,0,3,0,3,-1,-10,3,-1,-6,7,-4,0,0,1,-1,0,-1,4,-1
KR_6767888883,420,0,64,2,2,5,0,5,-3,7,4,-1,1,0,0,1,1,1,0,1,0,2,-6,1,-5,4,-2,0,-1,-1,-1,-1,-1,2,-1
KR_6744931091,420,-2,-21,3,-7,-1,1,0,-2,4,2,-3,5,2,0,4,4,-1,1,0,0,-11,-4,0,-5,5,-1,0,-2,-1,-1,-1,1,4,-1
KR_6766734878,420,-3,-14,-3,-8,-1,5,4,0,2,2,-4,6,2,-4,4,0,1,0,1,0,-15,6,5,-10,5,-4,0,1,-1,1,1,1,4,-1
KR_6776545458,420,-2,4,-16,2,0,1,1,2,1,3,0,2,2,-1,2,1,1,1,2,1,4,-6,6,-10,4,-7,0,1,-1,1,1,1,6,-1
KR_6763499738,420,-4,-19,0,-4,-1,3,2,-4,5,1,1,2,3,2,3,5,-2,2,0,0,-7,-4,0,-7,7,0,0,0,1,-1,0,1,1,-1
KR_6710898121,420,-2,-72,-2,-9,-1,2,1,-4,6,2,-2,4,2,-3,4,1,1,2,3,0,-14,-2,-6,-3,9,-5,0,-1,1,-1,-1,-1,6,-1
KR_6775654001,420,2,60,-3,5,0,2,2,3,0,3,-1,4,3,3,3,6,0,3,3,0,5,9,3,-6,3,-1,0,0,-1,1,1,1,5,-1
KR_6766859871,440,0,-42,-15,3,4,0,4,2,2,4,0,4,4,-2,3,1,-1,1,0,1,11,-2,-2,-6,8,1,0,-1,0,-1,-1,1,0,-1
KR_6711910160,420,-5,-31,15,-14,-6,6,0,-2,3,1,-4,9,5,0,2,2,-2,3,1,0,-16,-1,2,-5,3,2,0,0,-1,1,0,-1,2,-1
KR_6774271970,420,-2,1,-24,0,-1,1,0,0,2,2,1,2,3,-1,2,1,1,0,1,0,0,-6,-5,-6,11,2,0,1,1,1,1,-1,3,-1
KR_6738960254,420,-2,-8,-22,-4,-1,3,2,0,3,3,-3,9,6,0,3,3,0,2,2,0,-8,-5,-1,-5,6,4,0,1,-1,1,1,1,1,-1
KR_6690788252,420,-2,-31,15,-4,0,2,2,3,1,4,-5,9,4,-1,1,0,-1,1,0,-1,-3,-45,-3,-5,8,-1,0,0,1,-1,-1,-1,3,-1
KR_6766401493,420,-6,-85,-59,-9,-1,2,1,-5,5,0,-1,2,1,-1,3,2,-1,1,0,0,-12,3,3,-5,2,-4,0,-2,0,-1,-1,-1,0,-1
KR_6771947940,440,0,52,16,-8,-3,4,1,-4,4,0,-2,2,0,1,4,5,0,1,1,0,-11,-63,-8,-1,9,2,0,0,-1,-1,1,-1,1,-1
KR_6771951353,420,-3,-19,-12,-4,0,0,0,-2,2,0,-2,3,1,-2,3,1,2,0,2,0,-2,-21,1,-5,4,-3,0,0,-1,1,0,-1,4,-1
KR_6768296894,440,3,51,18,-5,2,1,3,-4,5,1,0,4,4,-3,7,4,0,1,1,-1,-7,20,0,-2,2,-2,0,0,1,-1,1,-1,5,-1
KR_6747065486,420,1,17,0,4,-2,3,1,3,1,4,2,1,3,2,1,3,-1,1,0,0,3,-44,4,-8,4,30,0,0,1,-1,-1,1,6,-1
KR_6737291866,420,-3,-17,1,-7,1,1,2,-2,4,2,1,1,2,-6,7,1,-1,1,0,-2,-10,-12,-2,-7,9,2,0,-2,-1,-1,-1,-1,1,-1
KR_6755767312,420,0,35,12,-1,4,0,4,2,2,4,3,3,6,-10,11,1,0,0,0,0,-11,-23,4,-8,4,-6,0,0,1,-1,0,-1,5,-1
KR_6716443268,420,1,6,-24,2,0,2,2,0,3,3,-2,5,3,1,0,1,3,0,3,0,6,-40,-4,-5,9,0,0,0,-1,1,0,1,2,-1
KR_6765959770,420,-3,-81,-40,-10,1,1,2,-4,7,3,-1,2,1,-5,6,1,-1,1,0,-1,-6,46,0,-8,8,5,0,0,-1,-1,0,-1,6,-1
KR_6728518539,420,-6,-49,-40,-6,-1,1,0,-4,6,2,3,1,4,-3,3,0,-1,1,0,0,0,-14,1,-9,8,4,0,-2,1,-1,-1,1,3,-1
KR_6765918919,420,-8,-58,-43,-10,-2,3,1,-2,2,0,2,4,6,-7,8,1,-1,2,1,0,-16,-105,-1,-6,7,-1,0,-3,-1,-1,-1,-1,5,-1
KR_6774546140,420,-4,-21,8,-11,-3,3,0,-1,2,1,-2,5,3,-4,6,2,-1,1,0,-1,-15,-14,1,-5,4,0,0,-1,1,-1,-1,-1,6,-1
KR_6772203712,420,-2,-40,33,-6,-1,4,3,-3,6,3,1,1,2,-3,7,4,0,1,1,0,-17,-10,-5,-4,9,9,0,-1,1,1,-1,-1,2,-1
KR_6770669492,420,3,64,-24,0,2,0,2,1,3,4,-6,6,0,3,2,5,0,1,1,0,1,0,-1,-5,6,-1,0,1,-1,-1,1,-1,6,-1
KR_6775728002,420,-1,-62,-14,-5,0,1,1,0,2,2,-4,4,0,-1,1,0,0,0,0,0,-13,41,-2,-6,8,0,0,0,-1,1,0,-1,2,-1
KR_6619085458,420,-3,-48,-12,-4,0,1,1,-3,4,1,-1,1,0,1,0,1,-1,1,0,0,-3,-6,-3,-7,10,-7,0,-1,-1,-1,-1,1,1,-1
KR_6749129954,420,3,-19,43,2,0,1,1,1,4,5,2,2,4,-2,4,2,1,0,1,0,-4,-5,2,-5,3,27,0,0,1,1,1,1,6,-1
KR_6764044965,420,-4,-53,-18,-8,-1,1,0,-2,5,3,0,3,3,-3,4,1,-2,2,0,0,-13,-128,-6,-4,10,6,0,-1,-1,-1,-1,-1,5,-1
KR_6708548456,420,-3,-74,37,-6,-1,3,2,-3,5,2,-1,1,0,0,2,2,-1,1,0,-2,-7,-23,-6,-1,7,3,0,-2,-1,1,-1,-1,5,-1
KR_6743090846,420,-3,19,-13,-9,0,0,0,-8,9,1,2,0,2,-4,5,1,1,1,2,0,-12,-4,1,-8,7,-3,0,0,1,1,1,-1,1,-1
KR_6752263640,420,2,18,-20,-1,-3,3,0,7,2,9,0,0,0,-5,9,4,0,0,0,1,7,-4,-1,-7,8,-3,0,0,1,-1,1,1,1,-1
KR_6759995075,420,-2,26,-25,-7,-1,2,1,-1,1,0,-8,9,1,4,4,8,-1,1,0,0,-11,6,-2,-4,6,-5,0,0,-1,-1,1,1,3,-1
KR_6736708960,420,0,-55,9,2,0,2,2,-1,2,1,-2,5,3,6,3,9,-1,1,0,0,-6,1,3,-8,5,-3,0,1,1,1,1,-1,6,-1
KR_6759279619,420,-7,-99,-63,-13,-3,4,1,-1,3,2,-10,10,0,1,1,2,0,0,0,0,-6,-4,5,-9,4,1,0,-1,-1,-1,-1,-1,1,-1
KR_6764834372,420,-1,-12,-34,-1,-2,2,0,3,0,3,-2,3,1,0,2,2,0,0,0,0,3,13,3,-6,3,-6,0,1,-1,-1,-1,1,3,-1
KR_6706728564,420,-1,-6,-56,-2,1,1,2,3,3,6,-3,3,0,-6,10,4,3,1,4,1,6,-25,0,-7,7,-3,0,-1,-1,-1,-1,1,3,-1
KR_6718957971,420,-5,-47,3,-8,-5,5,0,-1,4,3,-3,5,2,0,1,1,1,0,1,0,-6,1,1,-4,3,-3,0,-2,1,-1,-1,-1,2,-1
KR_6775715455,420,-2,-45,-16,-10,1,0,1,1,1,2,0,3,3,-6,7,1,-6,6,0,0,-13,-10,-3,-1,4,1,0,1,-1,1,1,-1,5,-1
KR_6771944651,420,3,8,-36,7,0,1,1,-2,3,1,3,4,7,4,0,4,2,1,3,0,10,-8,-4,-3,7,5,0,1,-1,-1,-1,1,1,-1
KR_6772904283,420,0,3,34,0,-1,3,2,-4,5,1,3,1,4,-2,4,2,4,0,4,0,-4,-69,-1,-5,6,2,0,1,1,1,1,-1,1,-1
KR_6769390821,420,-2,-22,18,-1,-2,2,0,2,1,3,-1,2,1,-1,6,5,1,0,1,0,0,-172,-8,-3,11,20,0,-1,0,1,-1,1,0,-1
KR_6604294296,420,-2,-10,0,5,-1,2,1,4,2,6,0,1,1,4,0,4,-2,2,0,0,4,1,2,-9,7,5,0,0,1,-1,1,1,2,-1
KR_6771111380,420,0,44,-16,-1,-1,3,2,1,2,3,0,4,4,-2,5,3,1,1,2,0,3,3,4,-6,2,-2,0,0,1,-1,-1,-1,6,-1
KR_6767034512,420,-2,-72,-28,-11,1,1,2,-6,6,0,-1,2,1,-7,10,3,2,0,2,1,-10,6,3,-12,9,-1,0,-1,-1,-1,-1,1,4,-1
KR_6771250106,420,0,-14,-12,-5,0,2,2,0,4,4,-1,5,4,-5,5,0,1,1,2,-1,-12,-3,-3,-7,10,2,0,0,-1,-1,0,-1,1,-1
KR_6762103107,420,-5,-53,-57,-16,1,1,2,-2,5,3,-4,5,1,-6,8,2,-5,7,2,1,-18,-4,-2,-3,5,-1,0,-1,-1,-1,-1,-1,5,-1
KR_6707698392,420,1,31,-15,7,0,0,0,2,2,4,1,2,3,2,1,3,2,0,2,0,14,-32,0,-6,6,27,0,0,-1,-1,1,-1,5,-1
KR_6731417733,420,1,43,-4,-3,2,2,4,-1,2,1,-1,2,1,-2,4,2,-1,2,1,0,-3,-22,0,-5,5,-2,0,1,-1,1,1,1,2,-1
KR_6765904819,420,-1,19,-28,5,-2,2,0,5,1,6,0,4,4,1,2,3,1,2,3,0,6,-2,3,-6,3,1,0,1,-1,1,1,1,5,-1
KR_6731467976,420,-2,-26,6,-7,-1,1,0,-1,2,1,-4,4,0,1,3,4,-2,3,1,0,-9,-43,3,-9,6,-4,0,-1,-1,1,-1,-1,4,-1
KR_6761255513,420,0,-23,-4,3,1,0,1,2,1,3,0,2,2,0,2,2,0,0,0,0,9,-41,-2,-4,6,-3,0,0,-1,1,0,-1,6,-1
KR_6775089990,420,1,14,-9,3,5,0,5,0,1,1,-1,5,4,0,2,2,-1,1,0,0,-2,50,6,-9,3,-6,0,0,-1,1,0,1,3,-1
KR_6759968568,420,1,26,3,-4,0,3,3,-2,4,2,-2,4,2,1,2,3,-1,1,0,0,-11,28,-1,-4,5,-6,0,-1,-1,-1,-1,1,1,-1
KR_6745278941,420,-3,-97,-22,-7,-7,7,0,-1,3,2,-4,4,0,3,1,4,2,0,2,0,6,10,-2,-5,7,-4,0,0,1,1,-1,-1,1,-1
KR_6729449636,420,0,18,-4,3,0,3,3,3,0,3,6,1,7,-5,6,1,-1,2,1,0,5,14,2,-7,5,2,0,-1,1,1,-1,1,4,-1
KR_6687098173,420,-4,-51,-24,-6,-3,4,1,-2,2,0,-1,1,0,2,1,3,-2,2,0,0,-4,-2,-2,-6,8,2,0,-1,-1,1,-1,1,4,-1
KR_6720242571,420,-1,-13,8,4,1,2,3,2,4,6,5,0,5,-4,6,2,0,3,3,0,2,2,2,-7,5,4,0,0,-1,1,0,-1,6,-1
KR_6746181194,420,-1,-46,13,-5,-3,4,1,-3,3,0,3,1,4,-2,3,1,0,2,2,0,-7,-129,-3,-6,9,-3,0,0,-1,-1,-1,1,3,-1
KR_6602494903,420,1,2,16,-1,3,0,3,-4,5,1,2,0,2,-2,3,1,0,0,0,0,-1,4,1,-8,7,-2,0,0,1,-1,0,-1,6,-1
KR_6766028915,420,-3,-23,-15,-2,0,0,0,-1,5,4,2,3,5,-2,3,1,-1,1,0,0,-2,7,4,-9,5,-8,0,0,-1,-1,0,1,6,-1
KR_6681896184,420,-1,-48,-10,-4,-1,3,2,-4,5,1,2,2,4,-1,3,2,0,2,2,0,3,2,0,-3,3,-4,0,-1,-1,-1,-1,1,3,-1
KR_6771158903,420,-7,-116,-14,-27,-4,7,3,-2,2,0,-14,14,0,-7,7,0,0,1,1,0,-16,-7,-5,0,5,-1,0,-4,-1,-1,-1,-1,5,-1
KR_6768960068,420,3,27,-25,6,0,3,3,0,2,2,6,0,6,2,0,2,-2,2,0,0,3,-3,5,-8,3,6,0,0,1,-1,0,-1,1,-1
KR_6770422630,420,-2,2,-12,-8,-1,3,2,1,0,1,-2,4,2,-6,7,1,0,2,2,-1,-12,5,-3,-5,8,-3,0,-1,-1,-1,-1,-1,6,-1
KR_6766969369,420,-5,-14,4,-9,2,1,3,0,1,1,-8,10,2,-4,4,0,1,0,1,0,-14,-8,-5,-2,7,-2,0,-1,-1,-1,-1,1,6,-1
KR_6762249922,420,-1,16,-9,-2,1,2,3,-2,2,0,1,1,2,-2,3,1,0,0,0,0,-4,-2,0,-5,5,3,0,-1,-1,1,-1,-1,5,-1
KR_6720779417,420,-2,-15,-16,-2,6,1,7,-3,5,2,1,3,4,-3,6,3,-3,3,0,0,5,-1,2,-8,6,4,0,-1,-1,-1,-1,1,6,-1
KR_6772228396,420,-2,16,-12,-1,1,4,5,-1,2,1,1,0,1,0,1,1,-2,5,3,1,2,5,2,-7,5,-4,0,0,-1,-1,0,1,4,-1
KR_6714160526,420,-3,-5,-15,-12,-8,10,2,0,4,4,1,1,2,-4,6,2,-1,1,0,0,-11,13,3,-5,2,-6,0,-1,1,-1,1,-1,1,-1
KR_6694778858,420,-8,-126,-7,-19,-4,4,0,-1,2,1,-9,10,1,-2,3,1,-3,5,2,-3,-28,29,-6,-3,9,-5,0,-2,-1,-1,-1,-1,1,-1
KR_6763867132,420,-1,-19,0,-3,0,2,2,-5,7,2,2,0,2,1,3,4,-1,1,0,-2,-1,13,4,-9,5,2,0,-2,-1,1,-1,1,4,-1
KR_6617338371,420,-4,-80,-22,-8,0,3,3,-6,9,3,-1,2,1,-2,3,1,1,0,1,-1,-15,-14,-3,-7,10,1,0,-1,-1,-1,-1,-1,1,-1
KR_6763969354,420,0,-4,15,-2,2,2,4,-4,6,2,0,3,3,-3,5,2,3,0,3,0,-6,-5,-8,-5,13,2,0,2,0,-1,1,-1,0,-1
KR_6775192697,420,-6,-66,-5,-14,0,0,0,-4,4,0,0,2,2,-9,11,2,-1,1,0,0,-13,-2,-3,-3,6,-6,0,-3,-1,-1,-1,-1,5,-1
KR_6777493416,420,0,-24,8,4,-2,3,1,2,0,2,-1,2,1,4,1,5,1,2,3,0,14,-5,-7,-2,9,0,0,-1,1,-1,-1,1,5,-1
KR_6773678763,420,-1,-52,-8,2,1,0,1,1,1,2,-2,3,1,2,0,2,0,1,1,1,7,44,6,-9,3,-6,0,0,1,-1,0,1,3,-1
KR_6766615223,420,0,23,7,-2,5,0,5,-3,4,1,2,0,2,-2,2,0,-4,4,0,0,-7,2,0,-6,6,-3,0,-1,-1,-1,-1,-1,1,-1
KR_6774798305,420,3,-46,18,2,1,1,2,-3,5,2,-1,3,2,3,2,5,2,0,2,0,-1,7,0,-9,9,-1,0,1,1,1,1,1,3,-1
KR_6744915599,420,-5,-48,-28,-15,-1,2,1,-2,5,3,-7,9,2,-2,2,0,-3,3,0,0,-7,-14,2,-9,7,-1,0,0,-1,1,-1,-1,2,-1
KR_6744874448,420,-2,-9,-32,-2,-2,3,1,4,1,5,1,4,5,-4,6,2,-1,1,0,2,-2,8,-1,-3,4,0,0,0,-1,1,1,1,3,-1
KR_6773247415,420,0,12,0,4,2,0,2,-5,5,0,1,2,3,4,0,4,2,2,4,0,1,19,4,-10,6,2,0,0,1,-1,1,-1,6,-1
KR_6773712373,440,-1,32,-28,0,2,1,3,1,2,3,-2,5,3,1,0,1,-2,2,0,0,6,7,1,-4,3,-5,0,0,1,-1,0,-1,2,-1
KR_6738636479,420,-7,-58,-25,-14,0,1,1,-2,7,5,-5,6,1,-4,4,0,-3,4,1,-1,-13,12,-1,-5,6,-1,0,-1,-1,1,-1,-1,4,-1
KR_6764873712,420,-3,-17,1,-4,1,1,2,-3,4,1,-2,4,2,-1,3,2,1,0,1,-1,-8,10,-2,-7,9,-5,0,0,1,-1,0,-1,1,-1
KR_6764833641,420,0,7,-40,-2,1,1,2,3,1,4,0,3,3,-6,6,0,0,0,0,0,-6,7,4,-9,5,-3,0,0,-1,1,-1,-1,2,-1
KR_6736796768,420,-5,-69,16,-18,-4,4,0,-7,8,1,-2,6,4,-4,6,2,-1,2,1,0,-23,-11,-10,-2,12,1,0,-2,-1,-1,-1,-1,2,-1
KR_6774640570,420,-4,8,-24,-11,-1,3,2,1,2,3,-4,5,1,-7,9,2,0,1,1,0,-3,37,2,-9,7,-20,0,-1,1,1,1,1,3,-1
KR_6705743910,420,-3,-41,-29,-3,1,4,5,-3,7,4,-2,6,4,5,0,5,-4,5,1,0,-13,-1,-4,-5,9,-3,0,-2,-1,-1,-1,-1,6,-1
KR_6752748054,420,-2,-13,16,-3,0,3,3,4,0,4,-3,3,0,-2,2,0,-2,2,0,0,-6,-8,0,-6,6,1,0,0,0,1,0,1,0,-1
KR_6770209637,420,-5,-102,20,-15,-4,4,0,-1,1,0,-7,8,1,-1,2,1,-2,2,0,-2,-18,-7,-1,-3,4,-1,0,0,1,-1,-1,-1,3,-1
KR_6738747351,420,-2,-2,-19,-6,1,1,2,-3,4,1,-4,6,2,-1,3,2,1,0,1,-1,-6,-56,4,-8,4,-4,0,0,-1,1,0,-1,2,-1
KR_6761907853,440,2,-21,10,2,3,1,4,2,1,3,-3,3,0,1,2,3,-1,2,1,1,-7,173,-2,-5,7,9,0,1,0,-1,1,1,0,-1
KR_6777839210,420,1,4,-21,-4,-1,1,0,-4,5,1,-1,3,2,2,0,2,0,0,0,0,-6,-12,-3,-4,7,4,0,0,1,-1,0,-1,2,-1
KR_6697079557,420,-1,-2,27,-9,-4,4,0,2,1,3,-3,3,0,-4,5,1,0,0,0,0,-9,42,-4,-6,10,-2,0,-1,1,-1,-1,-1,3,-1
KR_6745023030,420,-4,-60,12,-9,-2,3,1,-1,10,9,-1,3,2,-4,6,2,-1,1,0,-1,-8,-5,-3,-6,9,5,0,-1,-1,1,1,-1,5,-1
KR_6736994333,420,-4,-6,-31,-5,-3,6,3,-1,4,3,-1,2,1,1,2,3,-1,2,1,0,9,23,3,-8,5,-4,0,-2,-1,-1,-1,-1,1,-1
KR_6754559220,420,1,-28,17,0,-2,4,2,4,2,6,-1,2,1,2,4,6,-3,3,0,0,0,13,-1,-3,4,1,0,0,1,-1,-1,-1,4,-1
KR_6775764323,420,-4,19,-51,-5,4,0,4,-7,7,0,-2,4,2,0,2,2,0,1,1,1,0,-4,1,-6,5,1,0,-1,-1,1,-1,1,5,-1
KR_6732306590,420,1,86,9,-2,1,2,3,0,2,2,-2,3,1,-2,5,3,1,1,2,0,-4,30,4,-7,3,-1,0,2,-1,1,1,1,6,-1
KR_6759422523,420,2,42,-15,4,4,0,4,1,5,6,-1,2,1,-1,2,1,1,0,1,0,5,-13,-1,-7,8,5,0,0,-1,1,0,-1,5,-1
KR_6773018864,420,-2,12,-52,-2,2,2,4,-2,4,2,1,2,3,-3,4,1,0,0,0,0,-3,3,4,-6,2,-2,0,-1,1,-1,1,1,5,-1
KR_6723872678,420,-1,-22,-14,9,3,2,5,4,1,5,5,0,5,-5,6,1,2,1,3,1,5,-37,1,-6,5,4,0,0,1,1,1,1,6,-1
KR_6764407973,420,1,47,23,4,3,3,6,-4,5,1,-4,4,0,11,1,12,-2,2,0,0,5,-401,-1,-5,6,8,0,2,-1,1,1,-1,2,-1
KR_6775053537,440,-1,-12,-17,-4,-2,4,2,0,3,3,0,5,5,-2,4,2,0,1,1,0,-5,2,2,-4,2,0,0,-1,1,-1,-1,1,5,-1
KR_6777640018,440,2,59,8,1,-4,4,0,3,3,6,0,2,2,0,1,1,2,1,3,-1,9,2,-6,-1,7,6,0,0,0,1,1,-1,0,-1
KR_6750654156,420,2,17,-1,0,1,1,2,-3,5,2,-2,4,2,4,1,5,0,2,2,0,2,34,1,-6,5,-2,0,0,1,-1,-1,-1,6,-1
KR_6761171096,420,-1,1,19,-7,-4,5,1,2,2,4,0,4,4,-3,5,2,-2,2,0,0,-5,-1,0,-4,4,-1,0,-1,1,-1,-1,-1,2,-1
KR_6762799279,420,-1,-8,-1,-12,-5,5,0,0,6,6,-1,2,1,-6,8,2,0,2,2,-2,-22,-7,2,-8,6,-2,0,0,-1,-1,1,-1,4,-1
KR_6681778643,420,1,46,-14,-6,-1,4,3,0,4,4,-1,2,1,-3,6,3,-1,1,0,0,0,8,3,-7,4,-1,0,1,-1,0,1,-1,3,-1
KR_6625609573,420,0,12,-3,-3,1,4,5,-8,11,3,2,1,3,2,2,4,0,1,1,0,-5,-8,-3,-9,12,1,0,0,1,-1,0,-1,2,-1
KR_6776937473,420,1,-9,27,-1,3,0,3,-1,3,2,-5,6,1,2,2,4,0,2,2,0,-1,-1,4,-8,4,0,0,1,-1,1,1,1,2,-1
KR_6710727235,420,-4,-26,2,-5,-1,2,1,0,1,1,0,0,0,-3,4,1,-1,2,1,0,-4,-20,-4,-6,10,-2,0,-2,0,-1,-1,1,0,-1
KR_6602481200,420,-2,-18,2,-8,-5,6,1,0,2,2,2,1,3,-3,3,0,-2,2,0,1,-14,-15,0,-10,10,-6,0,-1,-1,-1,-1,1,6,-1
KR_6765480944,420,-2,-39,12,-9,0,1,1,-2,4,2,-1,3,2,-5,6,1,-1,2,1,0,-5,-12,4,-5,1,1,0,0,-1,-1,0,-1,3,-1
KR_6770490861,420,-1,-38,8,-2,0,4,4,0,0,0,-2,3,1,0,1,1,0,0,0,0,4,18,2,-8,6,-6,0,0,1,-1,-1,-1,6,-1
KR_6561739748,420,0,7,13,-6,1,0,1,-1,3,2,1,2,3,-7,8,1,0,0,0,0,-13,-1,-7,-4,11,3,0,-1,-1,-1,-1,-1,3,-1
KR_6710442885,420,0,30,20,-7,3,0,3,-4,6,2,-2,3,1,-4,4,0,0,1,1,0,-15,18,-2,-3,5,-7,0,-1,-1,1,-1,-1,5,-1
KR_6735862245,420,-5,-51,-4,-18,1,3,4,-5,6,1,-6,6,0,-8,9,1,0,0,0,1,-17,-8,-4,-3,7,-5,0,-4,-1,-1,-1,1,5,-1
KR_6777295850,420,0,13,3,5,1,0,1,4,2,6,0,2,2,4,2,6,-4,5,1,0,4,9,4,-9,5,-9,0,0,1,-1,1,-1,3,-1
KR_6742766655,420,-5,-75,-38,-3,2,0,2,2,2,4,-4,4,0,-3,3,0,0,0,0,1,-10,-10,-5,-3,8,2,0,-1,1,-1,-1,1,1,-1
KR_6775577758,420,-6,-43,-44,-7,-1,1,0,-2,3,1,-5,6,1,2,0,2,-1,1,0,0,-10,-72,3,-10,7,0,0,0,-1,1,0,1,4,-1
KR_6668672400,420,-2,-21,11,-7,3,3,6,-2,6,4,-4,6,2,-4,5,1,0,0,0,-1,-6,2,0,-6,6,1,0,0,-1,-1,-1,-1,3,-1
KR_6774440016,420,1,31,-12,-7,0,1,1,-4,4,0,-1,3,2,-1,3,2,-1,1,0,0,-13,-9,3,-9,6,-1,0,0,1,1,0,-1,4,-1
KR_6738693125,420,-3,-32,-21,-9,-4,4,0,-1,7,6,-2,3,1,-1,3,2,-1,1,0,0,-7,-82,-3,-4,7,-13,0,-1,-1,-1,-1,-1,4,-1
KR_6752185038,420,2,38,-10,4,1,0,1,-3,5,2,-3,4,1,7,1,8,2,0,2,1,3,-7,4,-10,6,2,0,1,1,1,1,1,4,-1
KR_6777595637,420,1,-50,2,4,-2,3,1,3,0,3,4,2,6,1,2,3,-2,2,0,0,3,22,-2,-7,9,-2,0,-1,1,-1,-1,1,1,-1
KR_6776186012,420,-2,-4,-17,-13,-1,2,1,-4,4,0,4,1,5,-9,14,5,-3,3,0,0,-11,-8,-2,-8,10,3,0,-1,-1,-1,-1,-1,6,-1
KR_6750618339,420,3,45,-11,7,0,0,0,4,3,7,1,2,3,0,3,3,2,1,3,0,0,17,1,-6,5,4,0,0,1,-1,0,1,4,-1
KR_6621162838,420,2,25,-12,3,3,0,3,-3,9,6,4,1,5,0,1,1,-1,5,4,0,-1,11,2,-6,4,0,0,0,1,1,1,1,2,-1
KR_6768867565,420,1,17,1,-4,2,1,3,-1,1,0,-1,2,1,-3,6,3,-1,2,1,0,-7,-6,-4,-2,6,4,0,1,-1,1,1,-1,6,-1
KR_6774265487,420,-6,-74,-28,-15,1,1,2,-7,7,0,-4,8,4,0,3,3,-5,5,0,-1,-10,-61,4,-8,4,9,0,-3,-1,-1,-1,-1,2,-1
KR_6744111585,440,2,-30,-8,5,3,0,3,0,2,2,0,2,2,2,0,2,0,5,5,0,3,-25,-1,-6,7,8,0,-1,1,-1,-1,-1,1,-1
KR_6738163711,420,-3,-4,-20,1,-1,2,1,2,2,4,1,0,1,0,2,2,-1,1,0,1,2,-3,1,-3,2,-4,0,0,-1,-1,0,1,6,-1
KR_6769662377,420,-2,-2,4,-8,-2,3,1,-4,6,2,0,3,3,0,1,1,-2,3,1,0,-7,9,1,-8,7,-4,0,-1,-1,1,-1,1,6,-1
KR_6759553127,420,-3,-83,12,-7,3,0,3,-6,7,1,-1,2,1,-3,4,1,0,0,0,0,-15,-13,-6,-4,10,7,0,0,0,-1,-1,-1,0,-1
KR_6772840557,420,0,-69,19,9,-1,3,2,2,2,4,1,5,6,5,3,8,2,2,4,0,3,1,-2,-4,6,-1,0,0,1,1,0,-1,5,-1
KR_6776579142,420,1,-6,-8,6,2,1,3,4,1,5,-1,5,4,2,3,5,-1,3,2,0,8,287,2,-7,5,3,0,0,-1,1,1,-1,1,-1
KR_6774675700,440,-3,-75,23,-16,-4,4,0,0,2,2,-9,9,0,-2,4,2,-1,1,0,0,-15,-33,-4,-2,6,1,0,-1,0,-1,-1,-1,0,-1
KR_6775988515,420,3,97,16,6,4,0,4,1,2,3,1,0,1,0,7,7,0,0,0,0,6,-181,-1,-6,7,3,0,2,1,-1,1,1,1,-1
KR_6773033675,440,-1,-28,-2,-1,2,2,4,0,2,2,-2,8,6,-3,4,1,2,0,2,0,-11,-28,-6,-1,7,3,0,1,1,-1,1,-1,4,-1
KR_6738087325,420,0,-1,-17,-4,2,0,2,-3,5,2,-3,4,1,-1,5,4,1,1,2,0,-10,-21,-2,-5,7,-2,0,1,-1,1,1,-1,5,-1
KR_6714229295,420,-4,-63,-60,-7,-3,5,2,-4,9,5,0,3,3,0,6,6,0,0,0,0,-4,1,-2,-4,6,-2,0,-3,1,1,-1,1,2,-1
KR_6758484940,420,0,10,-2,-8,7,1,8,-11,13,2,-1,5,4,-2,4,2,-1,1,0,0,-17,3,3,-8,5,2,0,-2,-1,1,-1,-1,4,-1
KR_6773425076,420,-1,-31,-2,-2,-5,6,1,5,3,8,0,3,3,-2,3,1,0,0,0,0,3,8,0,-6,6,-8,0,0,-1,-1,0,-1,5,-1
KR_6774008011,420,1,20,19,-5,1,2,3,-2,3,1,-2,2,0,-1,2,1,-1,1,0,0,-4,-8,3,-9,6,-1,0,0,-1,1,1,1,1,-1
KR_6689963815,440,0,-38,2,4,6,1,7,-2,3,1,4,4,8,-3,5,2,-1,1,0,0,-1,18,-6,-5,11,-2,0,0,-1,1,-1,-1,4,-1
KR_6759537487,420,0,15,8,-4,6,0,6,-3,4,1,-3,7,4,-1,6,5,-3,3,0,0,-11,28,-3,-5,8,-1,0,1,-1,-1,1,1,5,-1
KR_6732988321,420,-2,5,3,-6,-1,3,2,-7,9,2,0,2,2,2,3,5,0,1,1,0,-4,8,0,-6,6,0,0,-1,-1,-1,-1,-1,1,-1
KR_6777308739,420,-1,-33,-10,2,-3,4,1,3,5,8,2,2,4,0,4,4,0,1,1,1,13,36,-2,-6,8,-18,0,0,-1,1,-1,1,5,-1
KR_6727809333,420,-7,-75,-33,-13,0,2,2,-4,5,1,1,2,3,-10,10,0,0,1,1,0,-10,-11,3,-6,3,2,0,-2,1,1,-1,1,4,-1
KR_6681558268,440,-5,-103,-19,-14,-4,5,1,5,1,6,2,0,2,-3,5,2,-14,18,4,0,-6,26,4,-9,5,-3,0,-1,1,-1,-1,-1,2,-1
KR_6775620825,420,-1,-26,15,0,0,2,2,0,2,2,1,2,3,-3,3,0,2,0,2,0,-1,9,-1,-8,9,-4,0,-1,1,-1,-1,1,1,-1
KR_6731740916,420,-3,-10,-28,-7,0,0,0,-7,10,3,0,1,1,1,1,2,-1,2,1,0,-7,2,-1,-4,5,2,0,-1,-1,-1,-1,-1,1,-1
KR_6777721224,420,-1,-10,-24,3,3,0,3,5,1,6,-2,4,2,-4,7,3,1,2,3,0,0,32,6,-7,1,4,0,0,1,-1,1,1,5,-1
KR_6687460155,420,-2,-78,-16,-5,-6,6,0,-3,5,2,2,1,3,1,2,3,1,0,1,0,0,-45,3,-9,6,19,0,-2,-1,-1,-1,1,2,-1
KR_6756008068,420,-3,-79,-45,-7,-4,4,0,-2,3,1,0,1,1,-3,4,1,2,0,2,0,-8,-44,-2,-5,7,2,0,-2,-1,-1,-1,-1,6,-1
KR_6674095579,420,0,18,-13,-5,1,1,2,-2,4,2,-7,8,1,3,0,3,0,1,1,0,-8,5,-2,-7,9,-3,0,-1,-1,-1,-1,-1,1,-1
KR_6767418640,420,-4,-76,42,-7,0,3,3,-1,5,4,-3,3,0,-3,4,1,0,1,1,0,-14,311,4,-9,5,-1,0,-1,1,-1,-1,1,4,-1
KR_6773614902,440,1,-29,-12,-3,-5,5,0,1,3,4,-4,7,3,3,0,3,2,0,2,0,1,-118,0,-6,6,-1,0,-1,1,-1,-1,-1,2,-1
KR_6751023854,420,-3,-59,0,-6,0,0,0,0,1,1,-2,5,3,-2,4,2,-2,3,1,-1,-5,32,-3,-9,12,9,0,-1,-1,-1,-1,-1,6,-1
KR_6745425884,420,-1,-58,-2,-1,-1,2,1,-3,4,1,-1,2,1,3,2,5,1,0,1,0,-1,-69,-4,-1,5,30,0,-2,1,-1,-1,1,3,-1
KR_6768574211,420,0,27,-12,-3,0,0,0,-2,3,1,-1,1,0,-2,3,1,2,1,3,0,-3,-26,-4,-4,8,0,0,0,-1,1,0,-1,3,-1
KR_6761252514,420,1,-44,16,1,-1,2,1,-3,4,1,5,0,5,-1,4,3,1,0,1,0,-1,-23,1,-7,6,-3,0,-1,-1,-1,-1,1,1,-1
KR_6741268020,420,-4,-14,-24,0,-2,5,3,0,3,3,0,2,2,2,1,3,0,2,2,0,1,3,6,-13,7,-5,0,-1,-1,-1,-1,1,2,-1
KR_6749713308,420,1,31,13,1,-1,1,0,1,0,1,0,2,2,0,1,1,1,0,1,-1,2,0,2,-6,4,2,0,0,-1,0,0,-1,5,-1
KR_6759942432,420,-1,35,-6,-8,-3,3,0,-4,4,0,-2,3,1,0,5,5,1,0,1,0,0,-12,-3,-3,6,0,0,-2,-1,-1,-1,-1,2,-1
KR_6776398274,420,-6,-49,9,-17,-3,3,0,-4,6,2,-1,3,2,-8,8,0,-1,1,0,0,-28,-4,-3,-6,9,1,0,-2,-1,1,-1,1,5,-1
KR_6736480102,420,1,-19,31,1,-2,3,1,-1,1,0,2,2,4,2,4,6,0,2,2,0,2,10,-1,-7,8,-3,0,1,1,1,1,1,5,-1
KR_6767512630,420,2,83,3,3,-1,3,2,1,7,8,1,3,4,3,1,4,-1,1,0,-2,-9,119,3,-4,1,1,0,2,1,-1,1,-1,6,-1
KR_6736887028,420,-3,-26,-15,-2,-5,5,0,2,4,6,-1,2,1,2,3,5,0,2,2,0,-3,-2,6,-12,6,-2,0,-3,1,-1,-1,1,1,-1
KR_6713937690,420,0,22,-13,-3,2,2,4,2,3,5,-3,4,1,-4,6,2,0,2,2,0,-8,3,4,-11,7,-8,0,1,-1,-1,1,1,6,-1
KR_6697663740,420,-5,-99,-16,-10,-8,8,0,-3,7,4,-2,2,0,2,2,4,1,1,2,1,-3,-1,0,-8,8,6,0,-3,-1,-1,-1,1,2,-1
KR_6698656356,420,-1,9,-12,-8,-5,5,0,2,3,5,1,3,4,-4,5,1,-2,4,2,-1,-13,5,-1,-5,6,5,0,-2,-1,-1,-1,-1,2,-1
KR_6768536408,440,4,-35,19,5,1,2,3,1,2,3,-2,5,3,5,0,5,0,4,4,0,4,-12,0,-7,7,5,0,0,1,1,0,1,5,-1
KR_6742339000,420,0,1,-23,2,3,2,5,1,1,2,1,4,5,-2,4,2,-1,2,1,0,-2,-2,1,-6,5,5,0,1,-1,1,1,1,6,-1
KR_6716748017,420,-5,-109,-15,-13,-6,6,0,-3,5,2,-2,3,1,-3,3,0,1,0,1,-1,-11,-35,0,-10,10,-9,0,-3,-1,-1,-1,-1,6,-1
KR_6736042408,420,1,39,-26,-1,1,1,2,4,0,4,-1,2,1,-2,3,1,-3,4,1,-1,0,-16,5,-9,4,0,0,-1,0,1,-1,-1,0,-1
KR_6752269655,420,1,1,5,1,1,1,2,2,1,3,0,4,4,-3,4,1,1,2,3,0,-3,1,-2,-5,7,-5,0,1,1,-1,1,-1,6,-1
KR_6756591582,420,0,71,-14,-4,-1,3,2,-6,7,1,-1,4,3,4,0,4,0,0,0,1,7,10,3,-11,8,6,0,1,1,-1,1,1,2,-1
KR_6770939982,420,4,-54,36,10,0,2,2,5,2,7,7,1,8,-5,6,1,3,1,4,0,17,-130,0,-4,4,0,0,1,-1,1,1,-1,2,-1
KR_6764649641,420,0,9,23,3,1,1,2,-1,5,4,1,0,1,1,3,4,1,0,1,0,-1,1,0,-7,7,4,0,0,0,-1,0,1,0,-1
KR_6733619159,420,-2,-87,3,-11,-3,3,0,-5,6,1,1,2,3,-3,5,2,-1,1,0,0,-20,-153,-2,-5,7,21,0,0,-1,-1,-1,-1,2,-1
KR_6767253891,420,0,44,6,-3,-4,4,0,-1,5,4,2,1,3,2,1,3,-2,4,2,1,0,23,0,-7,7,2,0,1,-1,1,1,1,3,-1
KR_6745368398,420,-1,-24,-9,2,-1,3,2,0,3,3,4,1,5,0,2,2,-1,1,0,1,11,-10,-10,-2,12,4,0,1,-1,1,1,1,3,-1
KR_6759095520,420,-7,-80,-24,-6,-3,4,1,0,2,2,-2,3,1,0,3,3,-1,2,1,0,1,4,-2,-7,9,-5,0,-1,-1,-1,-1,-1,1,-1
KR_6680565376,440,-3,-25,-19,-4,-3,5,2,0,3,3,-1,2,1,1,2,3,-1,2,1,1,-1,-4,-3,-4,7,4,0,0,-1,-1,0,1,4,-1
KR_6770365496,420,-1,-99,-12,-6,3,2,5,-3,4,1,1,2,3,-6,7,1,-1,1,0,0,-9,-4,-3,-4,7,-2,0,-3,-1,-1,-1,-1,4,-1
KR_6744775715,420,-4,-70,-2,-4,-3,8,5,-1,2,1,4,1,5,-1,4,3,-3,7,4,1,-10,68,2,-4,2,-3,0,0,-1,1,-1,1,6,-1
KR_6753132953,420,0,-28,11,-3,-2,4,2,-1,4,3,0,2,2,1,1,2,-1,1,0,-2,-5,21,1,-6,5,0,0,0,1,1,-1,-1,4,-1
KR_6774993804,420,7,86,11,12,2,2,4,6,0,6,-2,2,0,2,1,3,4,0,4,0,22,15,-4,-1,5,3,0,0,1,-1,-1,-1,3,-1
KR_6758784021,420,-2,-64,-36,-9,-6,6,0,0,5,5,0,2,2,-2,3,1,-1,1,0,-1,-3,-2,-2,-4,6,1,0,-1,-1,-1,-1,-1,5,-1
KR_6724252626,420,1,-13,5,1,1,2,3,-1,5,4,2,0,2,1,1,2,-2,2,0,0,-6,-24,3,-9,6,2,0,0,1,-1,0,1,3,-1
KR_6750159016,420,1,11,-17,-4,2,2,4,-1,3,2,-3,4,1,-2,4,2,0,0,0,1,-6,-3,-3,-5,8,0,0,0,-1,1,0,1,5,-1
KR_6721280681,440,-3,6,8,-3,2,0,2,1,0,1,0,1,1,-4,6,2,-2,2,0,0,-6,-2,5,-9,4,0,0,0,-1,1,0,-1,6,-1
KR_6775703036,420,-2,-34,-12,-7,1,0,1,-2,2,0,-3,4,1,-2,2,0,-1,1,0,0,-7,5,1,-10,9,-6,0,-1,-1,1,-1,-1,6,-1
KR_6762159857,420,-4,-39,-14,-3,-3,4,1,0,2,2,0,3,3,-2,6,4,2,1,3,0,3,2,2,-5,3,-6,0,-2,-1,-1,-1,-1,1,-1
KR_6726340624,420,2,20,4,3,6,0,6,-1,4,3,1,1,2,2,0,2,-5,6,1,0,-2,2,1,-7,6,0,0,0,1,0,-1,-1,3,-1
KR_6776542077,420,-1,21,-10,-4,-2,2,0,-1,2,1,2,1,3,-3,7,4,0,0,0,0,-2,-1,1,-7,6,6,0,0,1,-1,0,-1,5,-1
KR_6734095579,420,-4,-52,0,-11,-3,3,0,0,1,1,-2,5,3,-3,7,4,-3,3,0,-2,-17,1,-2,-5,7,-4,0,-2,1,-1,-1,-1,4,-1
KR_6639135229,420,0,-50,13,-8,-2,3,1,0,4,4,-3,3,0,-1,3,2,-2,2,0,0,-8,10,2,-9,7,-5,0,1,0,1,1,1,0,-1
KR_6773384340,420,-2,13,-19,2,2,0,2,-1,4,3,0,0,0,1,0,1,0,0,0,1,3,-21,-5,-5,10,5,0,0,-1,1,0,1,6,-1
KR_6774005980,420,-3,-21,-23,1,0,2,2,2,2,4,-1,4,3,0,4,4,0,1,1,0,8,107,7,-10,3,-1,0,0,-1,1,0,1,2,-1
KR_6715572446,420,-5,-58,-3,-15,-5,5,0,-1,4,3,-2,5,3,-2,6,4,-5,5,0,0,-10,-1,1,-5,4,-2,0,-4,1,-1,-1,-1,2,-1
KR_6767961808,420,0,57,-14,-1,1,0,1,-3,3,0,-3,5,2,5,2,7,-1,2,1,0,-5,17,-4,-3,7,0,0,-1,-1,-1,-1,1,2,-1
KR_6743541993,420,-6,-20,-12,-7,-2,2,0,-4,5,1,-2,3,1,2,1,3,-1,1,0,0,-4,1,0,-7,7,-6,0,1,-1,1,1,-1,5,-1
KR_6741455156,420,-5,-28,-1,-6,-3,3,0,-2,3,1,1,0,1,-2,3,1,0,0,0,0,-9,-115,3,-8,5,-4,0,-1,-1,-1,-1,1,1,-1
KR_6772124838,440,-5,-38,4,-17,-5,6,1,-1,3,2,-4,5,1,-7,8,1,0,1,1,0,-11,-7,-1,-2,3,0,0,-1,-1,-1,-1,1,3,-1
KR_6744983782,420,-2,-104,27,-10,-3,3,0,4,3,7,-8,9,1,-2,4,2,-1,2,1,0,-6,3,-1,-6,7,2,0,-2,1,-1,-1,-1,3,-1
KR_6765105287,420,0,24,15,-12,0,1,1,-6,7,1,-2,3,1,-3,5,2,-1,2,1,0,-23,9,1,-6,5,-4,0,1,-1,1,-1,-1,4,-1
KR_6743551773,420,-3,-40,12,-7,0,0,0,-2,4,2,2,1,3,-7,7,0,0,0,0,0,1,2,-1,-5,6,-5,0,-2,-1,1,-1,-1,2,-1
KR_6748566109,420,-8,-100,-22,-22,-3,4,1,-4,5,1,-4,6,2,-11,11,0,0,1,1,-4,-24,6,5,-7,2,1,0,-2,-1,-1,-1,-1,3,-1
KR_6722340653,420,0,-63,-4,-1,-2,4,2,-3,7,4,0,2,2,2,0,2,2,1,3,0,3,-5,1,-6,5,-1,0,1,-1,1,1,1,4,-1
KR_6772873294,420,-6,-11,-24,-7,0,3,3,-3,5,2,-3,4,1,1,0,1,-2,3,1,0,-10,-6,-3,-2,5,-2,0,-1,-1,1,-1,1,3,-1
KR_6753025421,420,-1,-29,24,1,2,1,3,1,0,1,-1,4,3,1,3,4,-2,2,0,0,8,5,0,-6,6,-2,0,1,1,1,1,1,2,-1
KR_6727671644,440,-6,-134,-8,-7,0,2,2,-1,6,5,-4,5,1,-1,2,1,-1,2,1,0,-3,-10,-3,-1,4,-1,0,-2,-1,1,-1,-1,5,-1
KR_6770943502,420,-6,-50,-11,-12,-3,6,3,-5,6,1,-1,2,1,-3,5,2,0,0,0,1,-5,-4,-2,-3,5,1,0,-1,-1,1,-1,1,5,-1
KR_6751620956,420,-3,-30,-29,-2,-1,4,3,-4,7,3,3,0,3,-2,4,2,2,0,2,0,-4,-15,3,-8,5,0,0,0,-1,-1,-1,-1,5,-1
KR_6770113950,440,-4,-17,-24,-7,1,0,1,-1,2,1,-5,6,1,-3,6,3,1,0,1,0,-10,11,4,-7,3,-8,0,0,-1,-1,0,-1,6,-1
KR_6776293378,420,-1,-6,-1,0,-5,6,1,1,3,4,0,4,4,3,2,5,1,0,1,0,-6,23,7,-12,5,3,0,-1,1,-1,-1,1,2,-1
KR_6756971154,420,-4,11,-5,-4,2,2,4,-1,1,0,0,4,4,-4,4,0,-1,1,0,0,-6,7,3,-7,4,0,0,1,-1,1,1,1,2,-1
KR_6751971413,420,-1,15,15,-3,-6,7,1,2,2,4,-3,3,0,2,2,4,2,0,2,-1,-1,-22,1,-7,6,4,0,0,1,-1,-1,-1,4,-1
KR_6723015850,420,1,95,-18,-1,0,2,2,-5,8,3,-1,2,1,6,1,7,-1,1,0,0,-9,80,2,-7,5,-19,0,3,1,-1,1,-1,4,-1
KR_6774906618,420,-4,-13,-2,-6,1,1,2,-2,3,1,0,0,0,-3,6,3,-2,2,0,0,-5,-10,-3,-6,9,1,0,-1,-1,-1,-1,-1,6,-1
KR_6754797327,420,2,-2,-21,-7,0,0,0,-6,7,1,-1,6,5,1,1,2,-1,1,0,0,-12,4,7,-11,4,-1,0,0,1,-1,0,1,6,-1
KR_6772383343,420,1,12,17,-2,2,0,2,1,1,2,-1,4,3,-3,4,1,-1,3,2,-2,-11,22,2,-6,4,1,0,2,1,1,1,-1,6,-1
KR_6768826569,420,-4,-49,5,-4,-4,5,1,0,4,4,2,1,3,-2,5,3,0,1,1,0,-4,-107,-1,-7,8,6,0,-1,-1,1,-1,-1,5,-1
KR_6751151503,420,-3,-27,-32,-6,1,0,1,-1,5,4,-2,4,2,-3,5,2,-1,1,0,1,0,-2,-4,-6,10,-4,0,-1,-1,0,-1,1,3,-1
KR_6744761067,420,-4,-42,27,-14,3,0,3,2,1,3,-6,6,0,-14,14,0,1,0,1,0,-15,-258,-4,-2,6,-2,0,-4,-1,-1,-1,-1,1,-1
KR_6722215257,420,0,-15,4,-4,-3,5,2,2,2,4,-1,2,1,-1,3,2,-1,1,0,0,-5,17,-4,-3,7,1,0,-1,1,-1,-1,-1,1,-1
KR_6759621969,420,-9,-64,-13,-13,-3,3,0,0,1,1,-8,8,0,-2,2,0,0,0,0,0,-13,-40,-1,-3,4,-4,0,-2,-1,-1,-1,-1,3,-1
KR_6744822767,420,3,7,12,0,-2,2,0,3,2,5,0,0,0,-2,8,6,1,0,1,-2,-9,1,-2,-6,8,3,0,1,1,1,1,-1,4,-1
KR_6761800140,440,1,38,-8,-4,-5,7,2,0,2,2,1,0,1,2,1,3,-2,3,1,0,-7,106,5,-9,4,-1,0,0,1,-1,-1,1,4,-1
KR_6775092631,420,-3,9,-12,-11,-4,4,0,2,2,4,4,1,5,-8,11,3,-5,6,1,-2,-10,-24,0,-7,7,0,0,-1,-1,1,-1,-1,5,-1
KR_6770638547,420,-2,-54,-27,-3,2,4,6,0,1,1,-4,5,1,0,3,3,-1,4,3,0,-2,-3,-4,-2,6,0,0,-1,1,-1,1,-1,6,-1
KR_6753059515,420,-5,-82,-20,-16,-3,3,0,-1,2,1,-3,5,2,-6,10,4,-3,6,3,0,-8,-4,-1,-5,6,-3,0,-1,1,-1,-1,-1,5,-1
KR_6776004962,420,-2,-37,26,-7,1,0,1,-4,7,3,-2,4,2,1,1,2,-3,5,2,0,-5,-8,-2,-5,7,-4,0,0,-1,1,0,-1,5,-1
KR_6775565380,420,-3,-59,0,-11,-1,3,2,-5,7,2,2,1,3,-7,9,2,0,0,0,0,-14,-8,-7,-2,9,7,0,-1,-1,1,-1,1,5,-1
KR_6765473139,420,-1,-23,-19,-7,1,1,2,-4,4,0,0,3,3,-2,2,0,-2,4,2,0,-15,-4,-9,-3,12,-4,0,0,-1,0,0,-1,6,-1
KR_6754852313,420,-1,11,-20,1,-1,3,2,2,5,7,-2,5,3,1,4,5,1,0,1,0,4,4,3,-6,3,-3,0,-1,-1,-1,-1,-1,4,-1
KR_6776178280,420,1,12,0,7,0,3,3,2,2,4,1,2,3,3,4,7,1,0,1,2,17,5,1,-8,7,3,0,0,1,-1,-1,1,3,-1
KR_6769632502,420,-2,-48,-40,-6,6,0,6,-11,12,1,-5,6,1,3,1,4,1,2,3,0,-7,-32,3,-7,4,23,0,1,1,-1,1,1,3,-1
KR_6768010116,420,1,18,16,3,-2,2,0,-2,2,0,2,2,4,2,3,5,3,0,3,1,-2,-6,-3,-3,6,-1,0,-1,-1,-1,-1,1,6,-1
KR_6713609453,420,-2,-48,-5,-4,-2,6,4,1,3,4,2,3,5,-4,7,3,-1,1,0,0,2,-5,1,-6,5,2,0,-2,-1,-1,-1,-1,3,-1
KR_6776328299,420,-2,-59,-10,-2,1,1,2,0,3,3,0,2,2,0,3,3,-3,3,0,0,0,-38,-3,-6,9,-2,0,-1,-1,-1,-1,-1,5,-1
KR_6776024707,420,-4,-67,-1,-13,-2,4,2,-2,4,2,-4,5,1,-3,5,2,-2,4,2,0,-13,-2,-3,-3,6,-1,0,0,1,-1,-1,1,2,-1
KR_6773163599,440,-1,25,-1,-8,-4,5,1,-1,1,0,1,3,4,-5,7,2,1,0,1,0,-5,-3,-2,-6,8,-4,0,0,1,-1,0,-1,1,-1
KR_6716128412,420,-7,-103,-30,-19,-4,6,2,-4,5,1,-2,2,0,-6,6,0,-3,3,0,0,-17,2,5,-8,3,-5,0,-1,-1,-1,-1,-1,4,-1
KR_6760060580,420,-4,7,-7,-9,-7,7,0,-1,4,3,0,1,1,-2,5,3,1,0,1,0,-5,-195,-5,-1,6,-1,0,-1,1,-1,-1,1,2,-1
KR_6761864455,420,-1,0,0,-4,4,1,5,-3,6,3,-2,3,1,-3,4,1,0,0,0,0,-12,2,1,-9,8,-2,0,0,-1,1,-1,-1,2,-1
KR_6775651133,420,0,-8,4,-7,1,1,2,-7,7,0,0,1,1,-3,4,1,2,0,2,0,-5,127,-2,-5,7,0,0,1,-1,-1,1,1,3,-1
KR_6744384615,420,-1,-37,-9,-3,0,4,4,-2,4,2,0,3,3,2,4,6,-3,3,0,0,-5,-8,-2,-6,8,6,0,0,-1,-1,-1,-1,2,-1
KR_6761804313,420,1,-10,-18,1,3,0,3,0,2,2,-3,3,0,1,2,3,0,0,0,0,5,-3,1,-6,5,2,0,0,1,-1,0,1,1,-1
KR_6760015117,420,-4,-134,-27,-2,1,0,1,-1,3,2,-5,6,1,2,1,3,1,0,1,0,-4,-3,-3,-4,7,-5,0,-3,1,-1,-1,-1,4,-1
KR_6773927453,440,-5,-23,-9,-8,2,2,4,-4,7,3,-5,5,0,-1,3,2,0,0,0,0,-3,13,1,-4,3,-1,0,0,-1,1,0,1,6,-1
KR_6747757028,440,-3,-37,4,-2,0,2,2,-1,2,1,0,0,0,-1,1,0,0,1,1,0,2,-31,2,-7,5,6,0,-1,0,-1,-1,-1,0,-1
KR_6773162195,420,-1,4,-3,-3,-2,3,1,1,2,3,-2,3,1,1,2,3,-1,1,0,0,-2,2,-5,-2,7,1,0,0,1,-1,1,-1,5,-1
KR_6771442874,440,1,61,-9,-1,2,0,2,0,1,1,0,1,1,-3,5,2,0,0,0,0,1,-32,-4,-6,10,0,0,0,0,-1,0,1,0,-1
KR_6722026981,420,1,-25,-12,-2,5,2,7,-4,5,1,1,2,3,-3,3,0,-1,3,2,0,0,-9,1,-6,5,3,0,1,1,1,-1,1,2,-1
KR_6764231798,420,1,-25,12,-5,-7,7,0,3,2,5,0,5,5,1,4,5,-2,2,0,0,4,-1,-7,-3,10,-1,0,-2,1,-1,-1,1,4,-1
KR_6776020583,420,0,-54,-5,0,0,0,0,1,1,2,1,1,2,-3,3,0,1,0,1,0,0,157,-1,-3,4,-2,0,0,-1,1,0,1,5,-1
KR_6766888337,420,-3,-34,24,-2,0,2,2,1,2,3,0,1,1,-2,4,2,-1,2,1,0,0,24,1,-8,7,-2,0,0,-1,1,0,1,6,-1
KR_6687942243,420,0,20,-8,10,0,1,1,-3,3,0,2,5,7,6,0,6,5,1,6,0,4,-102,4,-7,3,0,0,0,0,1,0,1,0,-1
KR_6755443487,420,-3,-28,34,-3,2,0,2,2,0,2,-6,8,2,0,3,3,-1,3,2,1,-9,-4,0,-5,5,1,0,-1,-1,1,-1,1,2,-1
KR_6774654762,440,0,12,11,0,-2,2,0,-1,3,2,1,2,3,3,2,5,-1,3,2,0,5,-166,-4,-5,9,11,0,0,1,-1,-1,-1,1,-1
KR_6767803780,420,-4,-9,-8,4,-1,3,2,1,3,4,-4,5,1,8,0,8,0,0,0,0,12,48,1,-7,6,-23,0,0,1,-1,-1,-1,5,-1
KR_6736305265,420,-3,-23,-13,-6,1,2,3,0,3,3,-4,5,1,-3,4,1,0,0,0,0,-3,4,1,-7,6,-2,0,0,-1,1,0,1,4,-1
KR_6736676786,420,-3,-6,4,-3,-3,5,2,0,4,4,4,0,4,-2,2,0,-2,2,0,0,-7,-5,0,-5,5,6,0,0,-1,1,0,1,5,-1
KR_6755165428,420,-1,-21,11,3,-8,9,1,7,0,7,-2,4,2,8,0,8,-2,3,1,0,18,6,6,-9,3,0,0,-1,1,0,-1,1,5,-1
KR_6768899590,420,0,4,9,-5,2,0,2,-1,1,0,-3,6,3,1,4,5,-4,4,0,0,-1,3,-1,-6,7,3,0,1,-1,1,1,-1,4,-1
KR_6768721311,440,-1,-50,16,-7,1,2,3,-3,6,3,-1,1,0,-2,7,5,-2,5,3,1,-7,-5,-5,-5,10,5,0,-2,-1,1,-1,-1,4,-1
KR_6758751340,420,0,22,-10,4,2,1,3,0,2,2,-1,3,2,3,2,5,0,2,2,0,8,0,-2,-5,7,4,0,2,1,1,1,1,2,-1
KR_6770387594,420,-2,-96,-8,-8,-2,2,0,-6,7,1,-1,3,2,0,3,3,1,0,1,0,-3,34,2,-6,4,-3,0,-1,-1,-1,-1,-1,6,-1
KR_6733071597,420,-1,-26,-11,-3,-2,3,1,1,3,4,0,2,2,-5,5,0,3,0,3,0,2,-57,-6,-2,8,30,0,-2,-1,-1,-1,-1,4,-1
KR_6755271763,420,-2,-3,25,-6,-1,3,2,-2,5,3,-4,5,1,1,1,2,0,1,1,0,-11,-15,-3,-5,8,1,0,0,1,-1,-1,1,3,-1
KR_6767083386,420,1,17,-25,-2,-1,2,1,-1,7,6,0,1,1,1,2,3,-1,3,2,0,4,18,0,-3,3,-2,0,0,1,-1,-1,-1,1,-1
KR_6777191189,420,-1,17,-12,2,-2,3,1,-4,5,1,4,1,5,4,0,4,0,1,1,0,-2,-26,1,-5,4,0,0,-1,1,-1,-1,1,1,-1
KR_6713567937,420,-3,-27,5,-7,-1,1,0,0,1,1,-2,4,2,-2,3,1,-2,2,0,0,-11,-30,2,-7,5,-8,0,-2,-1,-1,-1,-1,2,-1
KR_6772900057,420,-1,-60,-4,0,-1,1,0,0,7,7,-1,2,1,3,0,3,-1,2,1,0,2,22,-1,-5,6,7,0,0,-1,1,0,-1,6,-1
KR_6741429392,420,5,58,27,1,3,0,3,-3,6,3,4,1,5,-2,5,3,-1,1,0,0,-12,-4,-4,-7,11,8,0,1,1,1,1,1,5,-1
KR_6728532732,440,-2,-10,-8,-9,-1,1,0,4,2,6,-1,1,0,-9,10,1,-2,2,0,0,-20,38,-2,-6,8,-27,0,-1,-1,1,-1,1,6,-1
KR_6776134265,420,-2,-12,-29,-5,-1,1,0,1,1,2,-2,3,1,-3,5,2,0,0,0,-1,-1,0,0,-6,6,-3,0,0,-1,-1,0,-1,4,-1
KR_6715381812,420,2,19,38,1,0,1,1,0,0,0,5,0,5,-3,5,2,-1,2,1,0,0,1,2,-4,2,-1,0,0,1,-1,-1,-1,2,-1
KR_6765659048,420,-2,-45,3,-4,0,4,4,0,3,3,-5,5,0,-2,4,2,3,1,4,0,-7,-8,-1,-4,5,-1,0,-1,-1,1,-1,-1,6,-1
KR_6771314773,420,-1,70,12,-7,-12,14,2,0,2,2,6,0,6,-2,3,1,1,0,1,0,-21,20,2,-8,6,-1,0,3,1,1,1,1,1,-1
KR_6767618135,420,-2,-8,-8,-2,0,1,1,0,0,0,-3,3,0,1,2,3,0,0,0,0,-4,12,1,-5,4,1,0,2,1,1,1,1,5,-1
KR_6710704052,420,-8,-162,-1,-19,-6,7,1,2,2,4,-1,3,2,-9,9,0,-5,5,0,0,-20,-18,-3,-4,7,2,0,-2,-1,-1,-1,-1,5,-1
KR_6774072542,420,-4,-45,-1,-11,-8,8,0,-1,2,1,-3,7,4,1,2,3,0,2,2,0,-2,-4,-4,-9,13,-6,0,0,-1,-1,1,1,4,-1
KR_6773975734,420,2,13,29,-3,-1,3,2,2,0,2,1,3,4,-2,4,2,-3,3,0,0,1,-3,-2,-5,7,4,0,0,-1,-1,-1,1,2,-1
KR_6777085442,420,-1,14,3,-4,1,1,2,-2,2,0,0,2,2,-5,6,1,2,0,2,0,-9,107,-1,-5,6,0,0,-1,-1,-1,-1,-1,6,-1
KR_6770433793,420,-5,-38,-21,-16,-4,4,0,0,2,2,-9,9,0,-5,6,1,2,1,3,0,-8,-138,-3,-4,7,3,0,-1,-1,-1,-1,1,2,-1
KR_6747911987,420,-3,-65,-26,-6,-1,3,2,-2,4,2,0,0,0,-7,8,1,4,0,4,0,-3,28,0,-7,7,-35,0,-1,-1,-1,-1,1,5,-1
KR_6752198774,420,-3,26,-11,-10,2,2,4,-5,6,1,-3,5,2,-3,4,1,-1,2,1,0,-15,-17,-2,-4,6,4,0,-2,-1,-1,-1,-1,5,-1
KR_6772591833,420,1,-59,4,2,2,1,3,3,1,4,-2,2,0,0,1,1,-1,2,1,0,8,-88,-2,-3,5,19,0,1,1,-1,1,1,3,-1
KR_6713246687,420,0,-73,8,2,1,2,3,0,2,2,2,0,2,-2,5,3,1,0,1,-1,11,0,0,-5,5,2,0,-2,1,1,-1,-1,2,-1
KR_6547154602,420,1,26,0,-6,3,0,3,-2,4,2,-6,6,0,-2,5,3,1,0,1,0,-9,-43,-1,-11,12,-1,0,-1,-1,1,1,-1,3,-1
KR_6764978319,420,2,-7,12,1,5,0,5,1,4,5,0,2,2,-4,5,1,-1,2,1,0,0,10,5,-5,0,1,0,-1,-1,1,-1,-1,5,-1
KR_6731967207,420,-5,-17,-27,-10,-1,2,1,-4,5,1,1,0,1,-3,5,2,-3,3,0,0,-7,-5,1,-8,7,-3,0,-2,1,-1,-1,-1,4,-1
KR_6765400603,420,0,-3,-16,-6,-2,2,0,-3,4,1,-2,5,3,2,1,3,-1,2,1,0,-1,2,-3,-7,10,5,0,-1,-1,-1,-1,-1,5,-1
KR_6773833258,420,-3,-39,-55,-2,0,2,2,-3,4,1,-1,2,1,5,5,10,-3,7,4,0,0,-4,-4,-2,6,-2,0,1,1,-1,-1,1,6,-1
KR_6760073505,440,-5,-10,1,-12,-2,6,4,-1,5,4,-5,6,1,0,1,1,-4,5,1,1,-8,1,2,-7,5,-3,0,0,-1,1,1,1,1,-1
KR_6770464140,420,-2,-13,-17,-9,-2,3,1,-3,4,1,-3,5,2,-2,5,3,1,0,1,-1,-13,-5,3,-6,3,-4,0,0,-1,-1,0,-1,6,-1
KR_6755227013,420,0,-35,-19,2,-1,4,3,-1,1,0,-4,5,1,7,1,8,1,1,2,-1,1,8,4,-7,3,-11,0,0,1,-1,1,-1,4,-1
KR_6767542582,420,-4,2,-20,-4,1,1,2,3,2,5,-8,9,1,0,4,4,0,0,0,0,5,1,-2,-7,9,-10,0,1,-1,-1,-1,1,2,-1
KR_6774931514,440,-5,-34,4,-7,0,1,1,-2,2,0,1,1,2,-5,6,1,-1,3,2,0,-3,112,2,-4,2,-2,0,-1,-1,-1,1,-1,5,-1
KR_6771989231,420,0,-1,15,0,1,1,2,3,1,4,2,1,3,-6,6,0,0,0,0,0,-3,-4,-3,-2,5,-1,0,0,-1,1,1,-1,1,-1
KR_6732047806,420,2,20,3,5,-1,2,1,4,3,7,-1,1,0,1,1,2,2,2,4,0,8,4,4,-5,1,0,0,2,1,-1,1,1,3,-1
KR_6769445266,420,2,37,0,0,0,1,1,1,1,2,1,5,6,-2,2,0,0,0,0,0,7,7,1,-5,4,-6,0,0,-1,1,0,-1,2,-1
KR_6760069418,420,-3,-56,-14,-10,-4,4,0,-3,4,1,-2,6,4,-1,6,5,0,1,1,0,-15,-2,-11,-3,14,3,0,-2,1,-1,-1,-1,5,-1
KR_6754770185,420,1,-34,0,0,1,1,2,-1,3,2,-3,4,1,2,1,3,1,0,1,0,5,6,-3,-2,5,7,0,0,1,-1,0,1,6,-1
KR_6774293735,420,-4,5,14,-2,3,0,3,-2,3,1,-3,5,2,1,1,2,-1,1,0,0,2,-78,1,-5,4,1,0,1,-1,1,1,-1,5,-1
KR_6743433192,420,-4,-29,-3,-12,-8,8,0,-2,2,0,0,2,2,-2,3,1,0,0,0,0,-16,3,-3,-6,9,-6,0,-1,-1,-1,-1,-1,3,-1
KR_6757483779,420,-1,61,31,-3,1,2,3,1,3,4,-4,5,1,-2,6,4,1,2,3,0,-6,16,5,-9,4,-3,0,1,-1,1,1,1,3,-1
KR_6759219250,420,-5,-16,-21,-6,-3,3,0,-5,8,3,3,4,7,-1,5,4,0,1,1,0,2,-3,-7,-6,13,-5,0,-1,0,-1,-1,1,0,-1
KR_6665846788,440,-5,-62,-34,-6,0,5,5,-5,5,0,-1,3,2,1,1,2,-1,1,0,0,-11,-6,-6,-2,8,1,0,-2,1,-1,-1,-1,2,-1
KR_6767176329,420,1,12,21,-2,-1,1,0,-3,3,0,-2,2,0,2,1,3,2,0,2,0,-4,-2,4,-11,7,-6,0,-1,-1,-1,-1,-1,4,-1
KR_6754585985,420,-2,61,-41,-2,-3,5,2,0,6,6,0,0,0,2,3,5,-1,1,0,0,-1,3,4,-10,6,-1,0,0,-1,-1,1,1,1,-1
KR_6772280244,440,-3,-86,-21,-5,-4,4,0,-1,2,1,-5,5,0,2,3,5,3,0,3,0,2,3,-1,-4,5,1,0,-1,-1,-1,-1,-1,2,-1
KR_6740132071,420,-1,-11,-32,-6,-1,4,3,-4,5,1,-1,2,1,-1,3,2,1,0,1,0,-8,-2,4,-8,4,0,0,0,-1,1,-1,-1,1,-1
KR_6762806789,420,0,-19,-25,0,0,1,1,0,2,2,1,1,2,0,2,2,-1,1,0,0,1,-3,-2,-5,7,-1,0,0,-1,1,0,-1,4,-1
KR_6774470857,420,-1,-10,8,-4,1,0,1,-2,2,0,-2,2,0,0,1,1,-1,2,1,0,-7,-3,-1,-3,4,2,0,-1,-1,0,-1,-1,1,-1
KR_6740286115,440,-3,-35,-29,-4,1,1,2,3,3,6,1,1,2,-7,8,1,-2,2,0,0,-10,-13,-5,-2,7,1,0,-3,-1,1,-1,1,4,-1
KR_6678406132,420,0,35,-12,2,-1,3,2,7,3,10,-7,8,1,4,2,6,-1,1,0,0,15,-4,1,-6,5,3,0,-1,1,-1,-1,-1,2,-1
KR_6758307043,420,-2,-41,20,-11,-5,5,0,-3,4,1,-6,7,1,3,3,6,0,0,0,-1,-10,-1,-3,-4,7,-2,0,-2,-1,-1,-1,-1,1,-1
KR_6752115519,420,2,-20,12,4,-4,7,3,1,5,6,5,2,7,3,2,5,-1,1,0,-1,10,-1,-2,-5,7,0,0,-1,0,-1,-1,-1,0,-1
KR_6777018696,420,-2,-3,0,-6,0,1,1,1,1,2,-3,3,0,-1,4,3,-3,3,0,-1,-4,48,2,-10,8,-23,0,1,-1,1,1,-1,4,-1
KR_6760001470,420,0,-43,-15,0,-1,2,1,-1,2,1,1,2,3,-2,3,1,3,0,3,0,5,-10,-3,-5,8,1,0,-1,-1,-1,-1,1,5,-1
KR_6769338705,420,-3,-7,-7,-4,-5,5,0,-2,4,2,1,1,2,2,0,2,0,0,0,0,0,-21,-4,-4,8,3,0,-1,1,-1,-1,1,2,-1
KR_6762094873,420,-2,-95,-32,-4,-1,2,1,-5,6,1,0,4,4,1,1,2,1,0,1,0,2,-12,1,-4,3,0,0,0,1,1,-1,-1,6,-1
KR_6774961146,420,-3,3,-41,-9,-6,6,0,0,1,1,-4,7,3,1,0,1,0,1,1,0,-7,4,0,-5,5,-6,0,0,1,1,1,-1,1,-1
KR_6723245015,420,-3,-98,16,-11,0,1,1,-5,8,3,-3,5,2,-2,5,3,-1,1,0,-1,-5,48,-1,-3,4,-1,0,-1,-1,-1,-1,-1,2,-1
KR_6741591380,420,1,-3,14,-2,-5,5,0,1,3,4,2,2,4,-1,2,1,1,1,2,0,0,33,1,-6,5,-3,0,1,-1,1,1,-1,1,-1
KR_6714514636,420,-3,-28,-52,-11,-1,1,0,-3,4,1,-6,7,1,-1,2,1,0,1,1,0,-9,28,-5,-4,9,-1,0,-1,-1,-1,-1,-1,4,-1
KR_6772118696,420,-1,-33,-32,-3,3,0,3,2,0,2,0,1,1,-8,8,0,0,1,1,0,-4,-10,-4,-2,6,-2,0,-1,-1,1,-1,-1,4,-1
KR_6689958088,440,-5,-37,-16,-11,0,2,2,-1,1,0,-3,3,0,-4,4,0,-3,3,0,0,-8,-134,-5,-1,6,0,0,0,-1,-1,-1,-1,5,-1
KR_6773863711,420,-3,-56,-35,-9,-1,1,0,0,0,0,-1,5,4,0,3,3,-7,7,0,0,-11,-34,3,-8,5,-6,0,0,1,-1,-1,-1,2,-1
KR_6725818769,420,1,-19,0,1,6,1,7,-1,4,3,-1,4,3,0,2,2,-3,5,2,0,8,12,-7,-4,11,4,0,0,1,1,1,-1,1,-1
KR_6740417928,420,-2,25,5,0,-4,5,1,2,0,2,3,1,4,-1,5,4,0,0,0,2,6,5,4,-10,6,-9,0,1,-1,1,1,1,5,-1
KR_6730881999,420,-1,-14,-19,-7,3,1,4,-4,6,2,2,2,4,-9,9,0,1,0,1,1,-11,28,9,-13,4,-6,0,-1,-1,-1,-1,1,3,-1
KR_6712719068,440,-1,53,-23,-9,0,1,1,-4,5,1,1,4,5,-1,7,6,-5,5,0,2,-9,-7,0,-8,8,-3,0,-2,-1,-1,-1,1,5,-1
KR_6767747975,420,-3,-48,-7,-1,-2,5,3,1,2,3,0,2,2,0,3,3,0,4,4,0,2,2,0,-5,5,-5,0,-2,1,-1,-1,-1,6,-1
KR_6764509912,420,-5,-82,-24,-14,-5,6,1,0,5,5,-2,3,1,-7,8,1,0,0,0,-1,-8,-5,-7,-3,10,2,0,-3,-1,-1,-1,-1,3,-1
KR_6771924111,420,-2,-2,-5,-4,0,2,2,-4,6,2,0,3,3,3,1,4,-3,3,0,1,6,27,5,-7,2,-2,0,-1,-1,-1,-1,1,1,-1
KR_6724732957,420,-6,-108,4,-15,-5,6,1,-1,2,1,-5,6,1,-4,5,1,0,2,2,0,-5,-44,-7,-3,10,2,0,-1,1,-1,-1,-1,1,-1
KR_6751831284,420,-6,-84,-29,-7,0,2,2,-6,8,2,2,1,3,-2,2,0,-1,2,1,0,-9,19,-2,-2,4,-5,0,0,-1,1,-1,-1,1,-1
KR_6773929482,420,-3,-33,-13,2,3,1,4,-3,5,2,-1,3,2,4,4,8,-1,2,1,0,7,16,3,-12,9,-7,0,-1,1,-1,-1,1,1,-1
KR_6672916478,420,-4,-80,-25,-5,-1,3,2,-2,3,1,1,1,2,0,5,5,-3,3,0,0,-3,10,1,-6,5,-3,0,-1,-1,-1,-1,-1,1,-1
KR_6629950127,420,-1,-24,-3,-12,-1,2,1,-7,7,0,-4,4,0,-1,2,1,1,2,3,0,-12,-150,-3,-4,7,2,0,-1,-1,1,-1,-1,6,-1
KR_6694850965,420,0,12,-12,-1,-1,2,1,1,3,4,3,1,4,1,1,2,-5,10,5,-1,1,58,0,-6,6,1,0,0,1,-1,1,1,3,-1
KR_6758275914,420,1,27,-39,3,8,1,9,-4,4,0,3,0,3,-4,6,2,0,0,0,0,-2,2,1,-8,7,2,0,1,-1,1,1,1,3,-1
KR_6705762310,420,1,-23,12,-1,-2,2,0,3,4,7,-1,1,0,0,2,2,-1,1,0,0,3,-18,-1,-3,4,18,0,0,1,1,0,1,4,-1
KR_6763647455,420,-3,-1,-27,-7,-3,3,0,0,1,1,-3,6,3,0,2,2,-1,2,1,0,-3,-3,-4,-3,7,0,0,-1,1,-1,-1,1,3,-1
KR_6776670234,420,-6,-18,-23,-14,-1,3,2,-4,4,0,-3,4,1,-4,5,1,-2,3,1,0,-18,-91,2,-4,2,-1,0,-2,-1,-1,-1,1,3,-1
KR_6710021379,420,-2,4,-14,-6,2,2,4,-3,5,2,-7,9,2,-1,2,1,3,0,3,0,-13,5,-4,-4,8,-4,0,-2,-1,-1,-1,-1,2,-1
KR_6767534548,420,-1,-59,-4,0,1,1,2,-2,3,1,4,1,5,-3,4,1,0,0,0,0,0,-33,3,-11,8,-1,0,1,1,1,1,-1,2,-1
KR_6714725304,420,-9,-164,-27,-16,-5,6,1,-5,5,0,-2,2,0,-4,5,1,0,0,0,0,-22,0,-3,-4,7,-1,0,-3,-1,-1,-1,-1,1,-1
KR_6774343059,440,3,29,-1,6,0,0,0,0,3,3,4,0,4,-1,2,1,3,3,6,0,10,0,3,-9,6,0,0,0,0,1,1,1,0,-1
KR_6771617154,420,4,74,27,3,4,0,4,2,3,5,-1,2,1,1,0,1,-3,4,1,-1,0,13,-1,-3,4,-2,0,3,-1,1,1,-1,5,-1
KR_6759832607,420,-4,1,8,-6,-4,4,0,-1,2,1,-5,5,0,2,6,8,2,0,2,0,0,-2,-1,-3,4,-2,0,0,-1,-1,-1,1,2,-1
KR_6773950604,420,0,-26,-28,1,-2,2,0,-5,8,3,3,1,4,3,2,5,2,1,3,1,0,9,-1,-5,6,-5,0,1,-1,-1,1,1,1,-1
KR_6776419422,420,3,-11,19,0,2,0,2,-2,5,3,0,1,1,1,2,3,-1,1,0,0,-4,-4,-4,-1,5,3,0,0,-1,1,0,-1,2,-1
KR_6774555280,420,-2,-21,2,-2,1,3,4,-1,4,3,1,1,2,-2,8,6,-1,2,1,0,-4,-1,2,-5,3,-1,0,-1,-1,-1,-1,1,4,-1
KR_6747107650,420,-2,-45,-22,0,1,0,1,-1,3,2,0,1,1,-1,1,0,1,0,1,0,-3,2,-1,-7,8,0,0,0,-1,1,1,1,5,-1
KR_6765506469,420,-2,-67,-33,1,-4,4,0,3,0,3,2,2,4,0,3,3,0,2,2,0,11,0,1,-4,3,-4,0,-1,1,-1,-1,-1,6,-1
KR_6752647514,420,4,31,19,4,-3,6,3,3,2,5,4,0,4,0,0,0,0,1,1,0,5,-19,4,-7,3,14,0,0,0,1,0,1,0,-1
KR_6692915730,420,-4,-18,-44,-4,-7,8,1,0,1,1,4,0,4,-1,5,4,0,0,0,-2,5,-53,-2,-6,8,0,0,-3,-1,-1,-1,-1,1,-1
KR_6776534474,440,0,-13,19,-1,0,3,3,-5,5,0,4,1,5,0,2,2,0,0,0,-1,-7,-15,-4,-3,7,-1,0,0,-1,-1,0,-1,4,-1
KR_6743910221,420,-6,-29,-56,-10,0,1,1,-2,5,3,-6,6,0,-2,5,3,0,0,0,0,-14,-5,-3,-4,7,3,0,-1,-1,-1,-1,-1,6,-1
KR_6696438831,420,-1,52,-16,0,3,1,4,-3,4,1,-4,7,3,4,0,4,0,1,1,0,-7,-24,-4,-2,6,-2,0,1,-1,1,1,-1,3,-1
KR_6752050421,420,-4,-31,6,-11,3,0,3,-10,12,2,0,3,3,-3,6,3,-1,1,0,0,-9,1,-4,-5,9,-1,0,-1,1,-1,-1,1,1,-1
KR_6766175823,420,1,-12,19,-2,2,0,2,-5,6,1,2,2,4,-2,3,1,1,1,2,0,-7,3,-4,-3,7,-6,0,0,-1,-1,-1,-1,2,-1
KR_6758920607,420,0,-14,12,6,-1,2,1,0,3,3,4,3,7,4,1,5,-1,3,2,0,5,-3,3,-5,2,-1,0,0,1,1,0,1,4,-1
KR_6730500741,420,-1,4,8,-8,1,0,1,-5,8,3,-3,4,1,1,1,2,-2,3,1,0,-9,10,-2,-5,7,1,0,0,1,-1,-1,-1,2,-1
KR_6741537736,420,-1,-36,-7,-3,-5,5,0,2,2,4,-4,4,0,4,2,6,0,1,1,0,-6,7,3,-5,2,-6,0,-1,1,-1,-1,-1,6,-1
KR_6754924041,420,-2,-47,-23,-6,-1,2,1,-1,2,1,-6,7,1,1,1,2,1,0,1,0,-3,30,0,-5,5,-5,0,-2,-1,-1,-1,-1,4,-1
KR_6751599129,420,-2,-7,11,-2,5,0,5,2,2,4,-1,2,1,-7,8,1,-1,3,2,0,-3,46,2,-6,4,-26,0,1,-1,1,1,1,3,-1
KR_6719465817,420,3,28,22,8,1,3,4,2,1,3,0,3,3,3,0,3,2,1,3,0,14,165,3,-7,4,0,0,0,1,-1,1,1,6,-1
KR_6757058883,420,-4,5,-16,-5,1,2,3,0,4,4,-1,3,2,-4,6,2,-1,1,0,0,-14,1,1,-7,6,-2,0,1,1,1,1,1,5,-1
KR_6735035754,420,-2,-6,-3,-5,0,1,1,-6,6,0,0,1,1,1,1,2,0,0,0,0,-5,-30,5,-11,6,15,0,0,-1,-1,0,-1,6,-1
KR_6599904420,420,-1,-31,-4,-1,-3,3,0,2,2,4,3,3,6,-3,3,0,0,0,0,0,4,-11,-2,-7,9,4,0,-1,-1,-1,-1,-1,2,-1
KR_6777522642,420,0,20,-19,-6,-1,2,1,-5,5,0,-2,4,2,-3,4,1,5,0,5,0,-3,-9,-4,-5,9,3,0,-1,1,-1,-1,1,1,-1
KR_6736436661,420,-4,12,-1,-5,2,0,2,-5,7,2,-4,6,2,1,2,3,1,0,1,1,-9,-4,0,-6,6,1,0,1,-1,-1,1,1,3,-1
KR_6767959511,420,-1,-37,27,-4,-1,2,1,0,1,1,3,1,4,-6,6,0,0,0,0,0,-3,-6,-1,-3,4,-1,0,0,-1,1,0,-1,3,-1
KR_6776811674,440,-5,-33,-38,-10,-1,3,2,-1,1,0,-8,8,0,0,1,1,0,3,3,0,-7,-5,-2,-5,7,5,0,-1,1,-1,-1,1,1,-1
KR_6741760259,440,-1,0,9,-3,1,0,1,-4,5,1,3,0,3,-3,5,2,0,1,1,0,-9,10,-5,-1,6,0,0,-1,-1,1,-1,-1,6,-1
KR_6774249892,420,-1,-60,-27,-8,-4,4,0,0,3,3,-1,3,2,-1,4,3,-2,2,0,-1,-13,-20,-6,-4,10,6,0,-1,1,-1,-1,-1,1,-1
KR_6602391816,420,-3,-49,-8,-2,1,0,1,-2,2,0,1,2,3,-1,3,2,-1,1,0,0,1,17,4,-8,4,-9,0,0,1,-1,0,1,5,-1
KR_6775712180,420,-2,-3,-20,-4,-3,4,1,-2,4,2,4,0,4,-4,5,1,1,1,2,-1,-1,-24,0,-6,6,-1,0,0,1,-1,0,-1,6,-1
KR_6756213554,420,1,-48,44,-3,0,2,2,-1,3,2,-3,5,2,-4,4,0,5,2,7,0,0,5,3,-8,5,2,0,0,1,1,0,-1,1,-1
KR_6767906221,420,-1,-45,-25,-1,3,1,4,5,1,6,-3,5,2,-3,4,1,-3,3,0,0,-9,-6,-3,-5,8,2,0,-1,-1,-1,-1,1,2,-1
KR_6730306930,420,2,-10,10,0,-2,2,0,-5,5,0,3,0,3,1,1,2,3,0,3,0,3,5,1,-7,6,0,0,-1,-1,0,-1,1,3,-1
KR_6751439747,420,0,63,-25,1,0,0,0,-4,4,0,7,1,8,-1,8,7,-1,1,0,0,2,11,7,-11,4,-1,0,0,1,-1,-1,-1,1,-1
KR_6768723279,420,-3,-93,2,-11,-3,4,1,1,4,5,-4,6,2,-4,6,2,-1,2,1,-3,-9,3,4,-10,6,-9,0,-1,-1,-1,-1,1,6,-1
KR_6728017927,420,0,83,-10,-7,3,0,3,6,0,6,-7,8,1,-8,9,1,-1,2,1,0,-13,-32,1,-4,3,-2,0,1,-1,-1,-1,1,2,-1
KR_6659749855,420,0,-44,-16,-2,-7,8,1,-1,5,4,3,1,4,3,0,3,0,2,2,-2,0,33,1,-7,6,-1,0,0,1,-1,-1,-1,1,-1
KR_6760122441,420,-2,18,-23,-6,-2,2,0,2,3,5,0,1,1,-3,5,2,-3,3,0,-1,-12,0,-3,-5,8,-2,0,0,-1,1,-1,1,6,-1
KR_6715862548,420,4,19,-5,9,6,2,8,2,3,5,-1,5,4,1,2,3,1,1,2,1,0,-22,-3,-4,7,1,0,2,-1,1,1,1,5,-1
KR_6775136770,420,-2,-86,19,-9,-2,3,1,-2,5,3,-1,1,0,-3,3,0,-1,1,0,0,-11,-6,-7,-2,9,5,0,-3,-1,-1,-1,-1,6,-1
KR_6745354763,420,-1,-42,4,-4,-2,2,0,-1,3,2,-1,1,0,1,6,7,-1,2,1,0,-1,-2,1,-7,6,-1,0,-2,1,-1,-1,-1,2,-1
KR_6774844649,420,0,-48,-8,0,3,0,3,2,3,5,-2,3,1,0,1,1,-3,4,1,0,-3,-18,2,-7,5,1,0,0,-1,1,0,-1,4,-1
KR_6741784723,420,-1,-9,-35,-6,3,0,3,-6,8,2,0,2,2,-3,3,0,0,0,0,0,-14,1,-1,-6,7,0,0,-1,-1,1,-1,-1,2,-1
KR_6777179101,420,-1,-19,-16,1,4,2,6,0,1,1,3,1,4,-6,8,2,0,0,0,0,-2,4,3,-9,6,1,0,1,-1,-1,1,1,1,-1
KR_6744878112,440,-3,-61,-8,-5,1,0,1,2,2,4,-2,4,2,-5,5,0,-1,2,1,0,-11,6,1,-6,5,-2,0,-1,1,1,-1,1,5,-1
KR_6669460252,420,-7,-121,-28,-12,-3,4,1,-5,6,1,-4,5,1,-1,3,2,1,1,2,0,-8,0,-2,-4,6,-5,0,-4,-1,-1,-1,-1,6,-1
KR_6760809450,420,3,70,6,-2,0,2,2,0,3,3,-3,4,1,-1,1,0,2,0,2,-1,-7,10,-7,-2,9,5,0,1,-1,-1,1,-1,1,-1
KR_6655640515,420,-1,-24,-20,-2,-2,4,2,-1,1,0,0,3,3,-1,3,2,2,1,3,0,0,-3,1,-5,4,4,0,0,-1,1,-1,-1,1,-1
KR_6775058975,440,-1,-57,-15,1,2,0,2,-2,4,2,1,1,2,0,4,4,0,1,1,0,-3,-1,1,-7,6,-8,0,0,1,1,0,-1,4,-1
KR_6774035898,420,-1,-1,-28,1,0,1,1,4,2,6,-3,3,0,1,2,3,-1,2,1,0,3,-2,1,-6,5,-3,0,0,1,-1,-1,1,3,-1
KR_6763291370,420,-1,39,-19,0,-1,1,0,-3,4,1,-2,2,0,6,0,6,0,2,2,0,3,-17,0,-4,4,0,0,0,1,-1,-1,1,1,-1
KR_6707609194,420,-1,-10,16,-12,0,0,0,3,2,5,-3,7,4,-8,9,1,-4,5,1,-1,-16,2,-5,-3,8,-4,0,-1,-1,-1,-1,-1,2,-1
KR_6724136875,420,0,-52,13,-1,-1,3,2,-1,3,2,1,0,1,1,1,2,-1,1,0,0,1,-7,-1,-4,5,-2,0,0,-1,-1,0,-1,6,-1
KR_6759182237,420,-3,-7,7,-6,-2,4,2,0,5,5,-1,3,2,-2,4,2,-1,1,0,0,-15,10,-2,-5,7,1,0,-1,-1,1,-1,-1,5,-1
KR_6774482095,420,-2,62,-8,-6,-1,1,0,-1,2,1,-3,5,2,0,0,0,-1,4,3,-1,-17,-17,-4,-4,8,7,0,-1,1,-1,-1,-1,1,-1
KR_6625132655,420,-2,-1,-36,0,1,1,2,-3,3,0,-2,4,2,2,2,4,2,0,2,-1,0,2,1,-6,5,4,0,1,1,-1,1,-1,2,-1
KR_6739469719,440,2,41,-4,2,-1,1,0,4,1,5,4,0,4,-4,4,0,-1,1,0,0,2,5,6,-7,1,3,0,1,-1,-1,1,-1,3,-1
KR_6777618510,420,0,-20,9,7,3,3,6,0,1,1,-3,4,1,5,1,6,2,3,5,0,12,4,0,-7,7,-4,0,0,1,-1,1,1,3,-1
KR_6713926296,420,-3,-85,-40,-16,7,0,7,-4,4,0,-9,10,1,-7,12,5,-3,5,2,1,-11,-54,-2,-3,5,4,0,-1,0,-1,-1,1,0,-1
KR_6671429647,420,0,7,28,-7,-3,6,3,-1,4,3,-1,4,3,-2,5,3,0,2,2,0,-11,-4,-6,-4,10,0,0,-1,-1,1,-1,-1,3,-1
KR_6777253878,420,0,-32,-4,6,2,2,4,1,2,3,8,0,8,-5,5,0,0,0,0,0,5,-13,2,-8,6,-2,0,1,1,1,-1,1,1,-1
KR_6777856177,420,-7,-97,-45,-18,-1,2,1,-3,4,1,-10,11,1,-3,4,1,-1,1,0,0,-13,-21,-7,-3,10,5,0,-3,-1,-1,-1,-1,1,-1
KR_6702389346,420,3,-4,12,-1,-1,2,1,-2,4,2,2,1,3,1,1,2,-1,1,0,0,-7,9,3,-8,5,-2,0,0,-1,-1,0,1,6,-1
KR_6768440554,420,0,49,-46,3,3,0,3,9,0,9,1,1,2,-5,6,1,-5,7,2,0,-3,5,1,-8,7,-4,0,0,-1,1,1,1,6,-1
KR_6728987046,420,-6,-109,-13,-12,-4,7,3,-2,3,1,-6,6,0,0,1,1,0,1,1,0,-4,-4,3,-7,4,-5,0,-3,-1,-1,-1,1,2,-1
KR_6722968020,440,-2,-26,20,-4,-1,2,1,1,2,3,1,2,3,-6,9,3,1,2,3,1,-2,-11,-5,-2,7,1,0,-1,-1,0,-1,1,3,-1
KR_6766931466,440,3,61,-25,-2,2,1,3,-1,2,1,-3,4,1,-1,3,2,1,0,1,0,-2,-12,1,-6,5,3,0,1,-1,0,1,-1,5,-1
KR_6769344777,420,-2,30,24,1,-3,3,0,2,0,2,-2,3,1,5,4,9,-1,4,3,1,1,-14,1,-5,4,1,0,2,1,1,1,1,3,-1
KR_6743783286,420,-2,-40,-13,-8,-6,7,1,-4,9,5,2,2,4,-1,2,1,1,1,2,-1,2,-170,-6,-2,8,-6,0,-1,-1,-1,-1,-1,5,-1
KR_6723102554,420,1,20,25,0,2,1,3,0,3,3,2,1,3,-4,9,5,0,0,0,0,0,-229,2,-6,4,-3,0,1,1,-1,1,-1,3,-1
KR_6707773543,420,1,-63,-27,-4,-4,5,1,-3,5,2,4,1,5,-1,3,2,0,0,0,-1,3,55,-5,-2,7,0,0,0,-1,0,0,-1,1,-1
KR_6758412573,420,0,-34,-3,-5,0,0,0,-2,4,2,-1,4,3,-1,3,2,-1,2,1,0,-1,127,1,-6,5,-1,0,-1,1,-1,-1,1,2,-1
KR_6700917611,420,-3,-53,-4,-11,2,2,4,-5,8,3,-3,3,0,-6,9,3,1,3,4,0,-11,-11,-3,-7,10,-3,0,-2,1,-1,-1,-1,3,-1
KR_6770184063,440,1,-27,0,-1,4,0,4,0,0,0,-2,3,1,-2,6,4,-1,1,0,0,-8,15,1,-4,3,0,0,-1,-1,1,-1,1,4,-1
KR_6741234318,420,0,-19,37,-6,-1,2,1,-5,6,1,0,2,2,1,3,4,-1,1,0,0,-11,9,2,-10,8,-10,0,0,1,1,0,1,4,-1
KR_6744690707,420,-5,-69,-4,-5,-4,5,1,0,3,3,-2,4,2,0,4,4,1,1,2,0,0,45,0,-3,3,-3,0,0,1,-1,-1,1,2,-1
KR_6770165799,420,2,16,-26,2,2,1,3,1,3,4,-2,2,0,0,1,1,1,0,1,0,-2,14,-1,-3,4,-2,0,-1,1,-1,-1,1,5,-1
KR_6758203042,420,-5,-47,-16,-17,-2,2,0,-7,9,2,-4,5,1,-4,5,1,0,2,2,0,-20,6,-3,-1,4,2,0,-1,0,-1,-1,-1,0,-1
KR_6760992369,420,0,35,-1,-2,-4,4,0,3,1,4,-1,1,0,0,5,5,0,0,0,0,3,-1,-1,-5,6,-1,0,0,1,-1,0,-1,1,-1
KR_6469618632,420,-2,-47,-11,-4,0,1,1,-4,6,2,0,2,2,1,0,1,-1,1,0,0,-5,-28,-1,-6,7,-8,0,-1,-1,-1,-1,-1,5,-1
KR_6765740023,420,-3,-30,-19,-2,3,2,5,-4,5,1,1,2,3,0,3,3,-2,3,1,0,0,29,-3,-4,7,1,0,-2,-1,-1,-1,1,3,-1
KR_6772363844,420,-4,-47,-8,-3,-4,4,0,0,2,2,1,1,2,1,1,2,-1,1,0,0,0,-11,-5,-2,7,1,0,-1,-1,-1,-1,-1,6,-1
KR_6756661561,420,-1,-55,10,-11,-6,6,0,2,0,2,0,2,2,-7,7,0,0,3,3,-1,-13,198,-9,-2,11,1,0,-1,-1,1,-1,-1,6,-1
KR_6722725976,420,-3,-12,-8,-6,-3,3,0,-3,6,3,2,2,4,-1,3,2,-1,2,1,0,-5,1,-2,-3,5,-4,0,0,1,-1,-1,-1,1,-1
KR_6728867192,420,-2,29,0,-2,-1,2,1,-4,7,3,2,2,4,-1,2,1,2,0,2,1,-6,261,2,-10,8,0,0,0,-1,1,1,1,5,-1
KR_6774808685,420,0,8,19,3,3,0,3,-4,6,2,2,1,3,2,2,4,0,0,0,0,0,3,0,-5,5,0,0,0,1,-1,1,1,1,-1
KR_6775638920,440,-3,-77,-12,-12,0,2,2,1,3,4,-12,12,0,-3,5,2,2,1,3,0,-1,-12,-4,-2,6,-1,0,-2,-1,-1,-1,-1,1,-1
KR_6760062544,420,-3,-11,-5,-6,-1,2,1,1,3,4,0,4,4,-3,4,1,-3,4,1,0,-10,3,-1,-5,6,-1,0,0,-1,-1,-1,1,3,-1
KR_6764614213,420,-3,3,-20,-1,-3,3,0,2,2,4,2,0,2,-1,4,3,-1,1,0,0,2,-2,-1,-5,6,7,0,-1,-1,-1,-1,1,2,-1
KR_6667853566,420,3,62,-2,4,2,0,2,2,1,3,-1,4,3,1,1,2,0,1,1,0,5,11,6,-10,4,1,0,0,-1,1,-1,1,5,-1
KR_6776965714,420,-1,-16,17,-5,-2,3,1,2,2,4,-4,4,0,0,1,1,-1,1,0,-1,-3,-5,-4,-3,7,6,0,0,-1,1,0,-1,3,-1
KR_6712987280,420,1,3,-9,0,0,1,1,1,1,2,0,5,5,0,2,2,-1,1,0,0,-8,-126,1,-4,3,-3,0,0,1,-1,-1,1,3,-1
KR_6753502060,420,-4,-106,15,-10,-2,3,1,-4,6,2,-2,4,2,-2,3,1,0,0,0,0,-8,0,1,-6,5,-6,0,-1,1,-1,-1,1,5,-1
KR_6773368689,420,3,38,-15,-3,1,0,1,-1,4,3,1,0,1,-1,2,1,-3,3,0,0,-6,-63,6,-12,6,-4,0,0,-1,-1,0,-1,6,-1
KR_6735567832,440,-1,-3,8,2,3,0,3,2,0,2,-2,3,1,-3,3,0,2,0,2,0,-3,-2,-2,-4,6,-3,0,-1,-1,1,-1,1,5,-1
KR_6762093187,420,0,-7,28,-7,-1,5,4,-3,4,1,-4,5,1,1,2,3,0,0,0,0,-9,10,-2,-4,6,-7,0,-1,1,-1,-1,-1,2,-1
KR_6735389237,420,-4,-40,-26,-6,-6,6,0,-3,5,2,2,2,4,-1,3,2,2,1,3,0,-3,-120,4,-12,8,-5,0,-1,-1,-1,-1,-1,1,-1
KR_6774876834,420,-1,-46,-12,9,1,1,2,7,2,9,-2,2,0,1,1,2,2,0,2,0,10,2,1,-7,6,-3,0,0,-1,-1,0,1,5,-1
KR_6762184718,420,-3,-13,-12,-10,1,3,4,1,1,2,-2,3,1,-11,12,1,1,1,2,2,-7,3,2,-5,3,-4,0,-1,1,1,-1,1,3,-1
KR_6771812753,420,-1,-6,-8,-2,5,1,6,0,6,6,-3,4,1,-5,7,2,1,1,2,-1,-4,4,5,-8,3,0,0,-1,1,-1,-1,-1,5,-1
KR_6774804365,440,-1,5,4,-2,-1,2,1,1,2,3,1,2,3,-5,5,0,2,1,3,0,1,-4,1,-5,4,1,0,0,-1,-1,-1,-1,1,-1
KR_6767301409,440,-5,-63,-24,-7,-3,5,2,-1,2,1,-4,5,1,3,0,3,-2,3,1,0,-4,-12,-3,-3,6,-1,0,-1,-1,-1,-1,-1,6,-1
KR_6772853445,420,-1,50,11,-6,1,2,3,1,1,2,-2,3,1,-6,6,0,0,0,0,0,-6,1,-2,-7,9,0,0,0,-1,1,1,1,3,-1
KR_6774885354,420,-4,-11,8,-2,-3,3,0,4,1,5,0,2,2,-1,4,3,-2,2,0,0,-6,-8,-2,-6,8,0,0,-1,-1,-1,-1,1,1,-1
KR_6761401541,420,4,28,8,11,2,2,4,5,0,5,3,3,6,1,2,3,0,0,0,0,10,13,5,-8,3,1,0,0,0,1,1,1,0,-1
KR_6774449387,420,3,11,-4,2,3,1,4,3,1,4,-1,1,0,-4,4,0,1,1,2,0,0,-2,-1,-6,7,4,0,1,1,-1,1,1,1,-1
KR_6777514014,420,1,-18,12,5,1,3,4,1,4,5,0,4,4,0,1,1,3,0,3,1,10,-3,2,-6,4,-2,0,0,0,-1,-1,1,0,-1
KR_6775681454,420,-4,-26,22,-11,1,1,2,-4,6,2,-5,8,3,-3,3,0,0,0,0,0,-17,4,0,-4,4,-7,0,-1,-1,-1,-1,-1,5,-1
KR_6728228164,420,-2,-63,-19,-10,0,1,1,-3,7,4,-5,7,2,-3,4,1,1,0,1,-2,-3,-20,4,-9,5,5,0,-1,-1,-1,-1,-1,5,-1
KR_6771399599,420,-1,-28,-15,-2,0,0,0,-2,7,5,1,0,1,1,4,5,-2,4,2,0,-5,0,0,-6,6,7,0,-1,-1,-1,-1,1,6,-1
KR_6696446968,420,-1,15,-29,0,2,2,4,-2,3,1,-1,2,1,1,0,1,0,1,1,0,-5,-1,-3,-5,8,3,0,0,1,1,0,1,5,-1
KR_6773911113,420,2,43,3,2,1,2,3,-2,4,2,4,0,4,-1,5,4,0,2,2,-1,-4,31,-3,-4,7,-25,0,-1,-1,-1,-1,-1,1,-1
KR_6752086114,420,2,63,9,1,1,1,2,-1,1,0,3,4,7,-2,5,3,0,1,1,-1,-6,-18,-1,-6,7,5,0,1,1,-1,1,-1,2,-1
KR_6736436948,420,-4,-37,-12,-7,0,1,1,-6,7,1,-4,6,2,2,4,6,1,0,1,0,-14,11,4,-7,3,-4,0,1,-1,1,1,1,2,-1
KR_6748383164,420,-1,6,1,-4,-3,4,1,1,1,2,4,0,4,-5,7,2,-1,1,0,0,-5,-8,-2,-6,8,1,0,-1,1,1,-1,-1,6,-1
KR_6718144619,420,-2,-4,15,-12,-2,2,0,-3,5,2,0,3,3,-6,6,0,-1,3,2,0,-22,15,-1,-8,9,-6,0,1,-1,1,1,-1,5,-1
KR_6747959376,420,-7,-86,-7,-14,-4,4,0,0,0,0,-5,5,0,-3,3,0,-2,3,1,0,-9,-8,-2,-2,4,-4,0,-2,-1,1,-1,-1,5,-1
KR_6772431345,420,-3,6,-10,-13,0,1,1,-9,9,0,0,3,3,-5,5,0,1,1,2,-1,-14,-42,-6,-2,8,2,0,0,1,-1,0,-1,4,-1
KR_6696839721,420,1,12,8,1,0,0,0,1,2,3,1,1,2,1,2,3,-2,2,0,0,1,14,0,-7,7,-1,0,0,-1,1,0,1,3,-1
KR_6759077742,420,2,16,3,-7,-5,6,1,2,2,4,-3,3,0,-2,3,1,1,1,2,0,-7,0,-3,-3,6,0,0,0,1,-1,0,-1,6,-1
KR_6766091310,420,0,5,11,3,2,0,2,6,3,9,1,1,2,-3,5,2,-3,3,0,0,6,25,-7,-3,10,7,0,1,1,1,1,1,4,-1
KR_6776208531,420,-1,-60,-13,-10,2,1,3,4,1,5,-3,6,3,-13,13,0,0,1,1,0,-6,39,1,-7,6,-2,0,-1,-1,-1,-1,-1,6,-1
KR_6749571779,440,-1,-69,-6,-1,3,0,3,1,1,2,0,3,3,-5,6,1,0,0,0,0,0,13,0,-5,5,2,0,-1,-1,1,-1,-1,4,-1
KR_6766222766,420,-3,-32,-8,-8,-2,3,1,-3,5,2,-1,1,0,2,2,4,-4,6,2,0,-8,4,-4,-2,6,-7,0,0,0,0,0,-1,0,-1
KR_6755681544,420,-2,9,-10,-3,-1,4,3,-1,4,3,3,0,3,-4,4,0,0,0,0,0,-5,1,-3,-6,9,-3,0,0,1,1,1,-1,4,-1
KR_6774739011,420,0,-38,-14,3,-1,2,1,2,2,4,-2,4,2,6,1,7,-2,3,1,0,2,-8,-1,-5,6,4,0,2,-1,-1,1,-1,3,-1
KR_6707948492,420,3,0,5,2,0,1,1,0,0,0,2,1,3,-2,3,1,2,0,2,0,-4,-39,-2,-8,10,6,0,-1,1,-1,-1,-1,1,-1
KR_6775913833,440,-2,16,-18,-9,2,1,3,-4,4,0,-6,6,0,0,1,1,-1,1,0,0,-11,1,-2,-4,6,-1,0,1,-1,1,1,-1,2,-1
KR_6773292446,420,-1,-12,22,-7,-1,4,3,-4,6,2,1,3,4,-4,7,3,1,0,1,0,-22,2,2,-4,2,-4,0,0,-1,-1,-1,-1,2,-1
KR_6747046199,420,-3,-59,-1,-10,-4,4,0,-5,6,1,-3,3,0,0,3,3,2,1,3,0,-6,45,0,-7,7,-14,0,-1,-1,-1,-1,1,6,-1
KR_6771062367,420,-4,-61,-14,-1,0,1,1,-2,6,4,0,3,3,3,1,4,-2,2,0,0,-3,-29,-2,-4,6,3,0,0,-1,-1,-1,1,6,-1
KR_6763380461,420,0,31,-7,-11,0,1,1,-6,8,2,1,3,4,-1,1,0,-5,5,0,1,-14,-31,-1,-8,9,6,0,0,1,-1,-1,1,3,-1
KR_6777417704,420,2,41,-19,5,1,0,1,3,2,5,0,2,2,2,1,3,-1,1,0,0,10,2,6,-10,4,-2,0,1,-1,-1,1,-1,3,-1
KR_6771019665,420,-3,-14,-16,-9,-5,7,2,0,2,2,-1,4,3,-3,4,1,0,2,2,0,-5,-20,-3,-5,8,4,0,-1,-1,-1,-1,1,2,-1
KR_6758079844,420,-4,-17,-31,-7,0,0,0,-4,5,1,-1,1,0,-3,3,0,1,0,1,0,-9,167,0,-7,7,-7,0,-2,-1,-1,-1,-1,4,-1
KR_6768442511,420,-2,6,-4,-7,-2,4,2,-1,4,3,1,1,2,-6,7,1,1,1,2,0,-12,7,3,-7,4,-4,0,0,-1,1,0,-1,4,-1
KR_6758312531,420,-6,-120,-44,-8,-1,2,1,-5,7,2,0,1,1,-3,5,2,1,0,1,1,-9,-7,2,-6,4,-1,0,-3,-1,-1,-1,1,3,-1
KR_6758159825,420,0,41,22,-4,-2,2,0,-3,6,3,-1,1,0,1,4,5,1,0,1,0,-2,15,0,-5,5,-2,0,0,1,-1,-1,-1,4,-1
KR_6736464565,420,0,-14,0,2,0,2,2,1,4,5,-2,3,1,0,2,2,3,1,4,0,5,-9,3,-5,2,1,0,0,1,-1,-1,-1,5,-1
KR_6774423766,420,-3,-25,21,-7,-2,5,3,-2,4,2,-1,3,2,-1,3,2,-1,3,2,-1,-14,-4,2,-5,3,1,0,0,-1,-1,0,-1,6,-1
KR_6775659345,420,-2,-36,-8,-5,1,1,2,0,4,4,-1,3,2,-3,5,2,-2,2,0,0,-7,-8,-1,-5,6,-2,0,0,-1,1,0,-1,2,-1
KR_6775666555,420,-2,-37,-10,-5,1,1,2,-1,4,3,4,6,10,-5,6,1,-4,4,0,-1,-6,0,-10,-5,15,-7,0,-1,-1,-1,-1,1,6,-1
KR_6757151328,420,1,0,-20,5,1,1,2,3,4,7,-1,2,1,-2,4,2,4,0,4,0,3,4,4,-9,5,-3,0,1,1,-1,1,1,5,-1
KR_6777022276,420,-2,-68,20,-6,-1,4,3,0,1,1,-3,5,2,-3,3,0,1,1,2,0,-11,69,-8,-4,12,1,0,0,1,1,0,1,6,-1
KR_6705226575,420,-2,-7,-5,-3,-1,3,2,-1,5,4,-4,6,2,1,3,4,2,3,5,1,-5,-14,10,-12,2,-5,0,0,0,0,0,1,0,-1
KR_6774375030,420,-2,14,12,-13,-2,3,1,-3,6,3,-3,6,3,-4,5,1,-1,1,0,0,-11,-3,-7,-3,10,1,0,-1,-1,-1,1,-1,1,-1
KR_6763600722,440,0,-58,-4,-5,3,1,4,0,3,3,-4,5,1,-1,1,0,-3,3,0,0,-2,21,3,-5,2,3,0,0,0,0,0,-1,0,-1
KR_6750157161,440,-3,18,20,-7,-4,5,1,1,0,1,-2,6,4,-1,2,1,-1,1,0,0,0,-4,-1,-4,5,1,0,-1,-1,-1,-1,-1,6,-1
KR_6762856147,420,-4,-75,-39,-4,-1,4,3,-2,5,3,0,1,1,0,0,0,-1,1,0,0,-6,-14,1,-6,5,1,0,0,-1,-1,-1,-1,1,-1
KR_6751159634,420,2,-28,-11,2,1,2,3,-2,3,1,1,3,4,2,1,3,0,1,1,0,10,13,1,-6,5,-4,0,1,-1,1,1,-1,1,-1
KR_6765007452,420,-1,0,-4,0,-2,6,4,3,3,6,-1,2,1,3,1,4,-3,4,1,0,8,-18,4,-8,4,-1,0,-1,1,-1,-1,-1,6,-1
KR_6774932375,420,-1,10,-19,0,1,2,3,0,7,7,-1,3,2,0,4,4,0,0,0,0,-8,6,4,-7,3,-3,0,0,1,-1,1,-1,3,-1
KR_6722836062,440,1,14,7,-1,0,5,5,-1,6,5,-2,5,3,1,5,6,1,3,4,0,-8,13,0,-4,4,3,0,1,-1,-1,1,1,5,-1
KR_6760129600,420,0,-40,-4,-3,2,1,3,-3,4,1,2,1,3,-5,8,3,1,3,4,1,-9,2,5,-12,7,5,0,0,1,1,-1,1,3,-1
KR_6777645290,420,-2,10,-36,-3,2,7,9,-2,3,1,0,2,2,-4,6,2,1,0,1,0,-11,22,3,-7,4,1,0,-1,-1,1,-1,-1,1,-1
KR_6751293671,420,-9,-113,31,-22,-7,7,0,-5,7,2,-2,5,3,-9,10,1,1,0,1,-1,-17,-4,-4,-6,10,-4,0,-3,-1,-1,-1,-1,2,-1
KR_6729855950,420,-1,16,-21,-1,-2,2,0,-1,2,1,0,1,1,1,1,2,1,0,1,0,2,-5,5,-7,2,-1,0,0,1,-1,-1,-1,4,-1
KR_6740276549,420,-8,-61,-31,-24,-3,5,2,-3,7,4,-1,1,0,-3,4,1,-14,14,0,-1,-22,-7,-2,-6,8,-7,0,-2,-1,-1,-1,-1,4,-1
KR_6763616546,420,-4,-67,0,-13,-7,7,0,-3,5,2,1,2,3,-4,6,2,0,0,0,0,-8,43,-3,-3,6,-17,0,-1,-1,-1,-1,-1,3,-1
KR_6736006815,420,2,-27,16,7,0,1,1,4,2,6,0,3,3,2,1,3,1,0,1,0,11,-24,0,-8,8,-3,0,0,1,1,1,-1,2,-1
KR_6759955899,420,1,-43,14,-3,-1,2,1,1,2,3,1,1,2,-1,2,1,-3,3,0,0,3,-9,-4,-7,11,2,0,0,-1,-1,-1,-1,2,-1
KR_6728759650,420,-2,-112,8,-8,-3,5,2,4,0,4,-4,4,0,-3,6,3,-2,3,1,0,0,-36,2,-3,1,11,0,-3,-1,-1,-1,-1,4,-1
KR_6758845091,420,2,-38,48,-2,2,2,4,4,3,7,-2,4,2,-5,7,2,-1,1,0,0,-9,-3,3,-5,2,1,0,-1,-1,-1,-1,1,5,-1
KR_6740945623,420,-6,-42,-16,-10,-4,5,1,-4,7,3,-5,6,1,3,1,4,0,1,1,0,0,5,0,-4,4,1,0,0,1,-1,-1,-1,1,-1
KR_6604176428,420,2,80,19,-5,0,2,2,-1,5,4,0,3,3,-4,6,2,0,1,1,-1,-18,3,0,-8,8,-2,0,1,-1,1,1,-1,1,-1
KR_6604197866,420,0,-60,7,4,0,1,1,0,0,0,3,3,6,1,0,1,0,0,0,1,2,-7,1,-8,7,-5,0,-1,-1,-1,-1,1,6,-1
KR_6757868123,420,0,11,-9,-4,0,3,3,0,4,4,-3,4,1,1,1,2,-2,2,0,-1,-7,0,-2,-2,4,-3,0,0,1,-1,-1,-1,2,-1
KR_6711184195,420,-3,-33,-13,-1,2,0,2,-1,6,5,-1,7,6,-2,4,2,1,0,1,-1,0,-5,0,-10,10,-4,0,-4,-1,1,-1,-1,2,-1
KR_6758983668,420,0,-14,13,-3,-1,3,2,-2,3,1,0,3,3,0,0,0,0,0,0,0,-8,-165,1,-10,9,1,0,0,1,1,0,-1,5,-1
KR_6764225611,420,-2,-28,19,-10,-3,3,0,2,0,2,-6,6,0,-3,4,1,0,2,2,0,-14,0,-5,-4,9,-2,0,-1,-1,-1,-1,-1,4,-1
KR_6776410026,420,-5,-79,24,-9,-1,6,5,-6,6,0,-2,2,0,-2,4,2,2,0,2,0,-3,-12,1,-6,5,0,0,-2,1,-1,-1,-1,2,-1
KR_6773695026,440,-2,-32,4,-3,5,3,8,-3,7,4,-3,5,2,-2,5,3,0,1,1,-1,-2,-3,-7,-1,8,-1,0,0,-1,-1,-1,-1,3,-1
KR_6774573976,420,-1,-31,-20,-3,-1,2,1,-1,4,3,2,0,2,-2,3,1,-1,3,2,0,-4,-11,0,-6,6,-4,0,0,1,-1,-1,-1,3,-1
KR_6719699859,420,1,39,-4,5,1,1,2,-3,7,4,2,3,5,0,4,4,5,1,6,0,5,-57,3,-6,3,-4,0,1,1,1,1,1,3,-1
KR_6743620374,420,-3,-27,-8,-16,-4,4,0,0,3,3,-4,4,0,-7,7,0,-1,1,0,0,-23,-67,-2,-6,8,-5,0,-1,-1,-1,-1,-1,3,-1
KR_6747073400,420,-1,24,4,-4,-1,2,1,1,1,2,-1,3,2,-3,4,1,0,0,0,0,-9,119,-6,-3,9,1,0,1,-1,1,1,1,2,-1
KR_6765125081,420,0,-9,-24,2,-1,3,2,0,2,2,-4,5,1,7,1,8,0,1,1,1,9,10,1,-5,4,1,0,1,1,-1,1,1,4,-1
KR_6679854777,420,1,-26,-2,0,-1,2,1,0,3,3,3,2,5,-1,2,1,-1,1,0,0,1,-1,-1,-9,10,-6,0,1,-1,1,1,-1,4,-1
KR_6770776940,420,-1,-66,-32,0,-3,4,1,1,2,3,2,0,2,2,1,3,-2,2,0,0,5,-333,0,-8,8,2,0,-1,-1,1,-1,-1,2,-1
KR_6739597794,420,-5,-59,15,-7,-4,4,0,0,2,2,-2,4,2,-2,4,2,1,1,2,0,-6,-5,1,-5,4,-2,0,-1,1,1,-1,-1,6,-1
KR_6768255675,420,-1,-60,19,8,1,2,3,7,2,9,-3,3,0,-2,4,2,5,0,5,0,11,-9,1,-7,6,8,0,0,1,1,1,1,6,-1
KR_6774369178,420,-1,15,8,-11,-1,2,1,-5,7,2,-3,3,0,-2,4,2,0,2,2,0,-14,-4,-5,-6,11,4,0,-1,1,-1,-1,-1,2,-1
KR_6777063303,420,-1,29,-13,5,4,3,7,2,3,5,-1,3,2,0,1,1,0,0,0,0,12,19,-3,-3,6,2,0,-1,-1,-1,1,1,5,-1
KR_6761363713,420,-6,-54,-23,-13,3,1,4,-3,6,3,-6,6,0,-5,10,5,-2,3,1,2,-11,2,2,-8,6,-2,0,-5,-1,-1,-1,1,5,-1
KR_6774313959,420,-3,-17,-25,-11,-2,3,1,-9,10,1,-3,3,0,2,1,3,1,0,1,0,-14,-1,2,-7,5,-7,0,-1,-1,1,-1,-1,6,-1
KR_6741130284,420,-1,-16,28,0,0,1,1,-4,6,2,2,1,3,0,3,3,2,0,2,0,-2,1,0,-7,7,1,0,-1,1,-1,-1,-1,6,-1
KR_6766737144,420,1,-67,-13,2,0,2,2,-1,2,1,1,5,6,2,3,5,0,1,1,1,3,9,-1,-6,7,-4,0,-2,-1,-1,-1,1,4,-1
KR_6771729276,420,-4,-107,8,-4,0,2,2,-3,6,3,1,1,2,-3,7,4,1,0,1,0,-2,23,0,-7,7,-5,0,-3,1,-1,-1,-1,2,-1
KR_6655876142,420,2,-1,-1,5,1,1,2,-1,2,1,-2,2,0,7,1,8,0,0,0,0,3,-3,-2,-8,10,4,0,0,-1,1,0,1,6,-1
KR_6777278577,420,-2,-61,-1,-5,1,0,1,1,3,4,-3,3,0,-6,8,2,2,0,2,0,-2,-2,-1,-4,5,0,0,-1,-1,1,-1,-1,1,-1
KR_6741679955,420,1,11,-38,3,0,2,2,0,2,2,-2,2,0,0,2,2,5,0,5,0,5,1,2,-10,8,-1,0,0,1,-1,1,-1,1,-1
KR_6752353068,420,-5,-21,-8,-14,-2,2,0,-1,4,3,-6,7,1,-5,8,3,0,1,1,0,-9,6,-2,-4,6,-4,0,0,0,-1,-1,-1,0,-1
KR_6718603806,420,-1,-26,-33,-3,0,3,3,-2,3,1,0,2,2,-1,5,4,0,0,0,0,6,-6,-1,-7,8,-1,0,-1,-1,-1,-1,-1,4,-1
KR_6761746909,420,-6,-68,-14,-16,-6,9,3,-1,5,4,-3,3,0,-1,2,1,-5,5,0,-2,-15,22,-3,-3,6,-3,0,-2,1,-1,-1,-1,5,-1
KR_6742721998,420,-2,-61,-23,-7,2,0,2,-5,7,2,0,3,3,-4,4,0,0,0,0,0,-8,-5,-3,-3,6,4,0,-2,-1,1,-1,1,5,-1
KR_6773207171,420,3,12,6,5,1,1,2,4,5,9,0,2,2,1,0,1,-1,1,0,0,7,-1,-4,-4,8,3,0,0,-1,-1,0,-1,1,-1
KR_6773292451,420,3,32,-12,-1,-1,2,1,-9,10,1,2,0,2,6,1,7,1,0,1,-2,-6,6,-1,-9,10,-9,0,0,1,-1,1,-1,1,-1
KR_6770983333,420,1,7,28,-2,-2,6,4,-1,2,1,-3,5,2,5,1,6,-1,1,0,0,-2,-3,-2,-4,6,3,0,-1,1,-1,-1,1,6,-1
KR_6757948457,420,-3,-40,-7,-6,1,1,2,-1,4,3,-3,3,0,-4,5,1,1,0,1,0,-16,-1,-3,-3,6,-5,0,0,-1,1,0,-1,6,-1
KR_6718352104,420,0,-4,-19,-7,1,0,1,-3,4,1,0,0,0,-1,5,4,-4,4,0,-1,-13,-36,-7,-4,11,1,0,1,-1,-1,-1,-1,2,-1
KR_6713869651,420,-3,-56,-19,0,0,2,2,0,2,2,2,2,4,-3,4,1,1,0,1,0,5,-3,3,-7,4,-6,0,-2,-1,1,-1,1,5,-1
KR_6749061229,420,-2,-40,-4,-5,-4,4,0,-2,7,5,1,2,3,-2,5,3,2,0,2,0,-6,22,-2,-4,6,1,0,-1,-1,-1,-1,-1,4,-1
KR_6774552252,420,-8,-138,-28,-19,-2,3,1,1,2,3,-5,6,1,-11,13,2,-2,2,0,-1,-17,-9,-4,-4,8,1,0,-3,-1,-1,-1,-1,6,-1
KR_6725549341,420,-1,-6,-34,-9,1,4,5,2,1,3,-5,7,2,-4,6,2,-3,4,1,0,-5,-4,-4,0,4,1,0,0,1,1,-1,1,1,-1
KR_6752086186,420,-4,-56,-15,-9,-3,5,2,-1,4,3,1,2,3,-4,5,1,-2,4,2,0,-12,139,1,-8,7,-7,0,-3,-1,-1,-1,-1,2,-1
KR_6769229030,420,-1,-14,13,0,0,2,2,-3,3,0,-1,4,3,4,2,6,0,0,0,0,-2,26,-1,-5,6,1,0,0,1,-1,0,1,4,-1
KR_6765357747,420,0,-55,22,0,1,2,3,2,0,2,0,1,1,-3,4,1,0,3,3,0,-1,9,3,-7,4,-1,0,0,1,1,0,-1,1,-1
KR_6770394576,420,-2,22,-4,-6,-2,2,0,-5,8,3,1,0,1,0,0,0,0,3,3,0,-2,5,2,-8,6,-2,0,-1,-1,-1,-1,-1,6,-1
KR_6775682532,440,-5,-53,-18,-15,-3,3,0,2,0,2,-2,2,0,-6,7,1,-6,6,0,0,-12,-4,0,-5,5,-4,0,-1,-1,-1,-1,-1,2,-1
KR_6771144012,420,-4,-42,-21,-14,-1,1,0,-5,8,3,-10,10,0,-2,4,2,4,0,4,0,-20,155,-2,-5,7,1,0,0,-1,-1,-1,-1,3,-1
KR_6719046086,420,-4,23,-7,-2,-1,4,3,-1,3,2,-2,6,4,2,0,2,0,1,1,0,-3,-39,-2,-5,7,-5,0,0,1,-1,0,1,6,-1
KR_6776894951,420,-2,-23,-10,-6,-2,2,0,-1,1,0,0,3,3,-4,4,0,1,2,3,-2,-5,-5,4,-7,3,-1,0,-2,-1,-1,-1,-1,3,-1
KR_6775249163,440,-1,15,-10,0,1,2,3,0,3,3,0,2,2,0,2,2,-1,2,1,0,1,-5,-2,-3,5,7,0,0,1,-1,-1,-1,1,-1
KR_6776417077,420,3,-12,24,4,2,0,2,3,0,3,2,3,5,-2,4,2,-1,1,0,0,3,3,2,-6,4,1,0,0,-1,1,-1,-1,4,-1
KR_6740557934,420,1,54,4,3,2,1,3,-4,7,3,-1,2,1,3,5,8,3,1,4,0,-3,30,0,-5,5,3,0,0,-1,1,1,1,3,-1
KR_6737321138,420,-4,-53,-2,-7,-3,3,0,-1,1,0,4,0,4,-7,9,2,0,2,2,0,3,-6,-3,-6,9,3,0,0,0,-1,1,-1,0,-1
KR_6690308702,420,-5,-52,-32,-13,-1,2,1,-1,1,0,-7,7,0,-4,5,1,0,0,0,0,-16,-16,-1,-2,3,-1,0,0,-1,-1,-1,-1,3,-1
KR_6764179988,420,-3,-83,-56,-1,1,2,3,-1,3,2,1,0,1,4,1,5,-6,6,0,0,0,163,0,-10,10,-5,0,-2,-1,-1,-1,1,1,-1
KR_6743108171,420,1,104,-2,5,3,1,4,-2,7,5,4,1,5,1,0,1,-1,3,2,0,-1,-35,5,-7,2,3,0,2,1,-1,1,1,1,-1
KR_6726896749,420,-6,-67,-18,-5,0,1,1,-3,3,0,-1,2,1,0,0,0,-1,1,0,0,-6,-13,-1,-4,5,-6,0,-2,-1,-1,-1,1,3,-1
KR_6725025036,420,-1,-26,-29,-3,0,1,1,2,1,3,-2,4,2,-1,3,2,-2,3,1,0,-3,3,3,-11,8,-3,0,-1,1,-1,-1,1,3,-1
KR_6713468602,420,-1,-43,-26,1,1,3,4,0,6,6,0,0,0,-1,2,1,1,1,2,1,1,64,3,-6,3,4,0,0,-1,1,0,1,4,-1
KR_6761820188,420,-2,-22,16,-4,-1,1,0,3,1,4,-3,3,0,-2,2,0,-1,1,0,0,-4,31,1,-8,7,-2,0,-1,1,1,-1,-1,6,-1
KR_6762704966,420,-2,6,1,-5,2,0,2,-2,3,1,-2,3,1,-1,3,2,-2,3,1,0,-9,3,-2,-7,9,0,0,-2,-1,-1,-1,-1,3,-1
KR_6745078777,420,-3,-42,-13,-9,-2,4,2,-1,5,4,-6,6,0,1,2,3,-1,1,0,0,-22,-31,-5,-5,10,-5,0,0,1,0,1,1,5,-1
KR_6740367176,440,-6,-29,-19,-3,0,1,1,-2,3,1,-2,2,0,-1,3,2,2,2,4,0,-5,1,4,-6,2,-4,0,0,0,-1,0,1,0,-1
KR_6771796200,420,-3,-48,-28,-6,0,2,2,-2,2,0,0,1,1,-2,4,2,-2,2,0,0,-7,-114,2,-10,8,1,0,0,1,-1,-1,-1,6,-1
KR_6752207695,420,-1,-22,-32,-6,3,0,3,-2,2,0,-2,4,2,-4,5,1,-1,1,0,0,-8,-15,2,-7,5,-5,0,0,-1,1,1,-1,6,-1
KR_6718812809,420,-2,-25,20,-7,-4,4,0,-3,7,4,-5,5,0,6,1,7,-1,1,0,0,-12,-6,0,-7,7,3,0,-2,1,-1,-1,1,1,-1
KR_6771973207,420,0,45,8,-3,2,0,2,-5,5,0,-1,2,1,0,4,4,1,0,1,0,-8,4,5,-6,1,-3,0,0,1,-1,0,-1,3,-1
KR_6774413568,420,0,-35,27,-1,-3,3,0,1,1,2,1,2,3,-2,3,1,2,1,3,0,1,-19,-1,-5,6,-4,0,-1,1,-1,-1,-1,1,-1
KR_6757156510,420,4,70,7,4,2,1,3,-3,4,1,0,6,6,7,0,7,-2,3,1,0,3,-17,5,-9,4,-2,0,-1,1,1,-1,1,3,-1
KR_6708555417,420,-1,-38,-5,-3,-8,8,0,-1,1,0,4,1,5,1,3,4,1,0,1,0,1,-17,-10,-1,11,-1,0,-1,1,-1,-1,-1,3,-1
KR_6745225621,420,-1,-19,21,-3,-3,3,0,-1,4,3,-1,3,2,4,0,4,-2,3,1,-1,-8,1,0,-6,6,-2,0,0,-1,1,0,-1,5,-1
KR_6721578365,420,-1,19,-20,-6,3,0,3,-4,4,0,-5,7,2,-4,6,2,4,0,4,-1,-8,-75,-4,-3,7,0,0,-2,-1,-1,-1,-1,5,-1
KR_6736151123,420,0,-30,-13,-4,-1,3,2,-1,5,4,-1,4,3,-1,2,1,0,4,4,0,-2,16,-1,-4,5,-3,0,0,1,1,-1,-1,4,-1
KR_6771008826,420,-5,-60,2,-20,-2,4,2,-6,6,0,-4,4,0,-7,8,1,-1,4,3,0,-19,-7,-6,-1,7,-2,0,-3,-1,-1,-1,-1,6,-1
KR_6704983683,420,1,-36,4,1,-2,4,2,5,2,7,0,3,3,-1,2,1,-1,1,0,0,1,11,5,-9,4,-6,0,0,1,-1,1,1,6,-1
KR_6741266974,420,-7,-57,17,-13,-7,8,1,-1,2,1,-1,3,2,-3,5,2,-1,2,1,0,-13,-5,0,-8,8,-5,0,-3,-1,-1,-1,-1,2,-1
KR_6656636763,420,1,-40,29,-4,3,2,5,-1,4,3,1,2,3,-7,7,0,0,0,0,2,-4,1,-3,-5,8,2,0,0,1,-1,-1,1,4,-1
KR_6766026347,420,0,-14,5,0,3,3,6,3,2,5,-3,4,1,-4,4,0,1,0,1,-1,0,-5,-2,-4,6,-5,0,0,-1,1,-1,-1,2,-1
KR_6763298234,420,-2,-21,8,-11,-1,1,0,-5,5,0,0,2,2,-4,5,1,-1,2,1,0,-17,4,6,-10,4,-9,0,0,1,0,0,1,2,-1
KR_6752284945,420,-3,31,5,-7,1,3,4,0,3,3,-2,3,1,-4,6,2,-2,2,0,-1,-14,243,-6,-6,12,1,0,-2,-1,-1,-1,-1,2,-1
KR_6764858379,440,-2,-27,-20,-9,3,2,5,-3,8,5,-11,11,0,2,1,3,0,0,0,-1,-13,8,-1,-3,4,-6,0,-1,0,0,-1,-1,0,-1
KR_6761588784,420,2,90,-42,6,-4,4,0,-1,5,4,5,3,8,4,2,6,2,0,2,0,9,-137,3,-8,5,3,0,1,1,1,1,1,3,-1
KR_6731719439,420,-1,-26,-15,-6,2,1,3,-5,6,1,-1,3,2,0,1,1,-2,3,1,-2,-8,118,0,-7,7,1,0,0,1,-1,0,-1,2,-1
KR_6741976839,420,0,-52,31,-8,1,4,5,0,2,2,-3,4,1,-4,9,5,-2,3,1,0,-6,11,-5,-4,9,3,0,-1,-1,-1,-1,1,2,-1
KR_6740000716,420,2,-4,16,1,-6,6,0,2,3,5,5,0,5,-3,3,0,3,1,4,1,-1,-67,-5,-4,9,6,0,0,-1,1,0,1,3,-1
KR_6762872445,420,0,14,20,2,-1,1,0,-2,2,0,-1,2,1,5,3,8,1,1,2,0,10,-2,1,-7,6,3,0,1,-1,1,1,-1,4,-1
KR_6777802627,420,-1,-2,-7,-3,5,0,5,-3,3,0,-6,9,3,0,0,0,1,0,1,0,-6,10,4,-7,3,1,0,1,-1,1,1,-1,4,-1
KR_6754923275,420,-2,-80,20,-4,5,1,6,0,2,2,1,3,4,-9,11,2,-1,1,0,0,-3,4,-1,-7,8,-3,0,-4,-1,1,-1,-1,1,-1
KR_6723189139,420,1,-43,15,6,0,1,1,3,1,4,-2,2,0,3,3,6,2,0,2,0,6,-18,7,-9,2,24,0,0,1,1,-1,1,2,-1
KR_6617001265,420,-2,-43,20,-4,-2,2,0,1,4,5,1,3,4,-2,4,2,-2,3,1,-2,-11,7,0,-5,5,-4,0,0,-1,1,0,-1,3,-1
KR_6774518069,420,-1,-29,17,-9,0,1,1,0,4,4,0,3,3,-4,4,0,-5,6,1,0,-17,-10,1,-6,5,0,0,0,1,-1,0,1,5,-1
KR_6761544721,420,-4,-10,3,-10,-2,2,0,-4,5,1,2,2,4,-5,6,1,-1,1,0,0,-15,-4,0,-5,5,-1,0,0,-1,-1,-1,1,6,-1
KR_6743678142,420,-1,-31,-33,-4,1,2,3,-5,6,1,-3,5,2,1,2,3,2,1,3,0,-7,10,7,-9,2,0,0,0,-1,-1,1,-1,1,-1
KR_6728459880,420,0,56,-29,-2,-2,2,0,-3,6,3,1,1,2,2,0,2,0,0,0,0,0,44,-1,-7,8,2,0,0,-1,1,0,-1,4,-1
KR_6713320003,420,-7,-67,-16,-8,-3,3,0,1,1,2,0,2,2,-5,8,3,-1,1,0,-1,-4,14,1,-5,4,0,0,-1,-1,0,-1,-1,5,-1
KR_6763510165,440,-1,-52,-8,-1,-1,4,3,-4,7,3,4,0,4,-1,2,1,1,0,1,0,1,-7,2,-5,3,5,0,0,-1,1,1,-1,4,-1
KR_6763876760,420,2,18,-16,3,-1,1,0,0,3,3,1,2,3,4,2,6,-1,1,0,0,5,-9,-8,-4,12,8,0,-1,1,-1,-1,1,4,-1
KR_6679711000,420,-1,-5,-26,3,0,1,1,-3,5,2,3,2,5,2,0,2,1,0,1,1,6,-4,2,-7,5,0,0,0,-1,-1,-1,1,3,-1
KR_6732953411,420,-2,73,4,-7,-4,4,0,-4,5,1,2,2,4,-1,5,4,0,0,0,0,-14,34,-3,-6,9,2,0,0,-1,-1,1,-1,4,-1
KR_6728661867,420,1,41,-31,2,1,1,2,4,1,5,-3,3,0,1,0,1,-1,2,1,0,-1,-18,3,-5,2,2,0,0,-1,-1,1,1,4,-1
KR_6765165529,420,3,18,20,6,2,1,3,6,1,7,1,3,4,-2,7,5,-1,1,0,0,14,29,-1,-6,7,-1,0,1,-1,1,1,-1,2,-1
KR_6761435621,420,-2,6,1,-3,1,1,2,1,1,2,-3,3,0,-2,2,0,0,0,0,-1,-4,-40,-3,-4,7,12,0,0,-1,1,0,-1,2,-1
KR_6772866919,420,2,7,13,4,2,1,3,3,1,4,0,2,2,-1,2,1,0,0,0,0,6,4,0,-5,5,-4,0,2,-1,1,1,1,3,-1
KR_6716591675,420,1,-10,-8,-5,2,0,2,-6,6,0,-4,6,2,2,2,4,1,0,1,-1,-7,-53,-8,-1,9,34,0,0,-1,1,1,-1,3,-1
KR_6711961060,420,-6,-61,-26,-18,-7,8,1,0,5,5,-2,3,1,-6,6,0,-3,3,0,0,-12,3,-4,-5,9,3,0,-2,-1,-1,-1,1,3,-1
KR_6748844308,420,-1,20,-35,-5,-1,2,1,-2,4,2,-3,3,0,-1,5,4,2,1,3,0,-2,0,-3,-2,5,4,0,-1,0,1,1,1,0,-1
KR_6776844668,420,-2,-61,-7,-10,1,2,3,-3,6,3,-3,3,0,-4,7,3,-1,1,0,-3,-18,3,2,-6,4,1,0,-1,1,-1,-1,-1,6,-1
KR_6767304908,440,0,16,-4,-6,-3,4,1,0,3,3,4,1,5,-7,9,2,0,1,1,0,-2,1,2,-6,4,0,0,0,0,0,0,1,0,-1
KR_6761909940,420,-2,-57,-8,0,2,2,4,-2,3,1,-1,3,2,2,1,3,-1,2,1,0,-4,-8,1,-6,5,-2,0,-1,-1,1,-1,1,5,-1
KR_6724187141,420,1,45,-3,-3,-1,1,0,-2,6,4,-4,6,2,4,4,8,0,1,1,0,-8,0,4,-10,6,1,0,1,-1,-1,-1,-1,6,-1
KR_6750202219,420,-2,-23,6,-10,-7,7,0,-2,4,2,-5,5,0,3,2,5,1,1,2,0,-7,131,2,-8,6,0,0,-2,1,-1,-1,-1,6,-1
KR_6766641366,420,0,-29,-17,2,-6,6,0,0,5,5,4,3,7,3,2,5,1,0,1,2,12,-5,2,-7,5,-1,0,1,1,-1,-1,1,2,-1
KR_6753187511,420,-1,-3,6,-7,3,2,5,3,0,3,-2,2,0,-7,8,1,-4,4,0,0,-9,2,0,-7,7,-5,0,0,1,-1,-1,1,3,-1
KR_6772301293,420,1,-5,-3,0,0,2,2,1,1,2,0,4,4,0,2,2,-1,2,1,-1,0,9,7,-13,6,-4,0,0,-1,-1,-1,-1,6,-1
KR_6714379682,420,-1,10,-8,-3,1,0,1,4,1,5,-8,8,0,0,3,3,0,0,0,0,-1,-3,2,-12,10,-4,0,1,-1,1,1,-1,3,-1
KR_6775498798,420,0,-84,12,-3,-2,2,0,0,5,5,2,2,4,-1,6,5,-2,3,1,0,-1,-6,1,-7,6,0,0,-1,-1,1,1,-1,4,-1
KR_6772163279,440,-3,-30,-48,1,2,0,2,-1,4,3,2,3,5,-1,1,0,-1,1,0,0,3,6,1,-5,4,-6,0,0,-1,1,0,-1,4,-1
KR_6775872556,420,1,49,5,1,0,0,0,0,1,1,1,1,2,0,0,0,0,0,0,0,-1,113,0,-5,5,-2,0,0,-1,1,0,1,4,-1
KR_6765743093,440,0,-3,-28,8,8,0,8,-2,5,3,-1,5,4,2,3,5,1,0,1,0,6,-5,-4,-5,9,3,0,-1,1,-1,-1,1,4,-1
KR_6742114082,420,-7,-76,-25,-14,-3,4,1,-3,3,0,-7,8,1,-1,1,0,0,1,1,-1,-20,-2,-2,-3,5,-5,0,-1,-1,-1,-1,-1,3,-1
KR_6768351503,420,1,-38,-9,0,1,0,1,-1,7,6,0,2,2,0,1,1,0,0,0,0,3,-124,6,-9,3,-8,0,0,1,1,0,-1,1,-1
KR_6713147097,420,-4,-14,-52,-9,-1,2,1,0,2,2,0,3,3,-7,8,1,-1,2,1,0,-15,-16,3,-5,2,5,0,-1,1,-1,-1,1,6,-1
KR_6743752293,420,-2,-77,6,-6,-5,5,0,0,4,4,-1,2,1,0,5,5,0,0,0,-1,-2,-34,-3,-6,9,23,0,0,1,-1,-1,-1,5,-1
KR_6752487758,420,-2,-64,0,-3,-2,5,3,-3,4,1,3,1,4,-2,3,1,1,0,1,0,-3,29,0,-6,6,3,0,-1,1,-1,-1,-1,2,-1
KR_6772209288,420,1,48,15,1,0,3,3,1,0,1,-1,2,1,-1,6,5,2,0,2,0,0,369,5,-8,3,0,0,1,1,1,1,-1,6,-1
KR_6771644362,440,0,-8,-12,-5,-1,3,2,-2,4,2,4,6,10,-4,5,1,-2,4,2,0,-4,-27,2,-7,5,-1,0,0,0,-1,1,1,0,-1
KR_6746996076,420,-2,-32,0,-2,1,0,1,0,0,0,-4,9,5,1,3,4,0,0,0,0,2,-4,2,-9,7,2,0,0,-1,-1,0,-1,5,-1
KR_6745184729,420,-3,-98,-2,-9,-6,6,0,-4,5,1,2,1,3,-2,3,1,1,1,2,0,-10,-3,-7,-1,8,-3,0,0,0,-1,-1,-1,0,-1
KR_6722631227,420,-2,18,-15,-1,1,1,2,1,1,2,-2,3,1,0,1,1,-1,1,0,0,-3,-1,2,-6,4,2,0,0,-1,-1,0,1,2,-1
KR_6761427556,420,1,-32,9,6,0,0,0,3,3,6,1,0,1,2,1,3,0,0,0,0,12,-11,-4,-4,8,6,0,0,1,1,0,-1,4,-1
KR_6775909661,420,-1,34,-16,-1,-2,2,0,-1,4,3,-3,3,0,5,0,5,0,0,0,0,2,-2,-1,-8,9,0,0,1,-1,1,1,-1,1,-1
KR_6770801236,420,-2,-31,-17,-5,0,1,1,-1,2,1,0,1,1,-1,3,2,-3,3,0,0,-6,-10,-5,-4,9,-8,0,-1,-1,-1,-1,-1,1,-1
KR_6650288247,420,0,-2,-9,-7,-4,5,1,1,2,3,-4,5,1,1,2,3,-1,1,0,-1,-7,-44,-2,-8,10,-2,0,0,1,-1,-1,-1,3,-1
KR_6770810857,420,0,3,34,-2,2,1,3,-2,4,2,0,2,2,-2,3,1,0,0,0,0,-5,5,1,-8,7,-5,0,1,-1,1,1,-1,2,-1
KR_6744216327,420,-4,-56,-32,-11,0,2,2,-2,2,0,-4,4,0,-3,4,1,-2,2,0,0,-17,5,-4,-1,5,-2,0,0,-1,-1,-1,-1,2,-1
KR_6725011747,440,0,-45,0,-2,-1,2,1,2,1,3,2,3,5,-1,1,0,-4,8,4,0,-9,5,2,-3,1,-3,0,0,-1,1,-1,-1,6,-1
KR_6740543107,420,-2,18,-4,-6,-2,3,1,-2,6,4,1,2,3,-2,2,0,-1,3,2,-1,-7,11,5,-9,4,-3,0,1,-1,1,1,-1,4,-1
KR_6771597915,420,-1,-46,-22,0,0,1,1,2,2,4,0,1,1,-4,5,1,2,0,2,0,-7,-33,0,-6,6,0,0,1,-1,1,1,-1,5,-1
KR_6764481834,420,0,-29,-20,-4,-1,2,1,0,1,1,1,1,2,-3,5,2,-1,2,1,-1,-5,218,7,-9,2,-5,0,-1,-1,-1,-1,-1,5,-1
KR_6755844811,420,-2,-35,-10,1,0,1,1,2,4,6,0,1,1,-3,9,6,2,0,2,0,3,-10,2,-7,5,3,0,1,1,-1,1,-1,3,-1
KR_6754098091,420,-2,16,-9,2,-1,2,1,-1,3,2,3,1,4,0,5,5,1,0,1,1,-1,-9,-2,-6,8,25,0,-1,-1,1,-1,1,5,-1
KR_6733684556,420,1,-25,12,2,3,0,3,4,2,6,-3,3,0,-2,4,2,0,0,0,0,2,-114,-8,-5,13,9,0,0,-1,1,1,-1,3,-1
KR_6762093874,420,-3,-8,-1,-3,1,1,2,1,0,1,0,1,1,-5,5,0,0,1,1,0,2,3,3,-7,4,3,0,-1,-1,1,-1,-1,5,-1
KR_6768801715,420,-2,-51,16,-11,-1,2,1,-1,3,2,-5,7,2,1,0,1,-5,7,2,-1,-13,46,2,-7,5,-21,0,0,-1,1,-1,-1,2,-1
KR_6762038365,420,-3,-18,38,-11,-2,4,2,0,5,5,1,0,1,-11,11,0,1,1,2,-3,-25,-13,0,-8,8,1,0,-1,1,1,-1,-1,1,-1
KR_6738633869,420,-2,-99,-19,-7,0,3,3,-4,7,3,-4,6,2,1,3,4,0,0,0,-1,-5,22,1,-4,3,-4,0,-4,-1,-1,-1,-1,4,-1
KR_6773698133,420,-2,-83,-2,-6,-3,3,0,0,2,2,-5,5,0,1,1,2,1,0,1,0,2,-13,-1,-6,7,-4,0,-1,-1,-1,-1,1,2,-1
KR_6759103357,420,-5,-54,-36,-2,-1,1,0,4,3,7,-2,5,3,-3,4,1,0,2,2,-1,-2,-18,2,-7,5,0,0,-1,-1,-1,-1,-1,3,-1
KR_6734541063,420,-4,-9,23,-11,-4,4,0,-4,5,1,-2,3,1,-1,2,1,0,1,1,0,-17,-28,-5,-2,7,-1,0,-1,1,-1,-1,-1,6,-1
KR_6777399823,420,-2,16,-4,-2,-1,2,1,-2,3,1,-1,3,2,1,1,2,1,0,1,1,-1,1,-2,-5,7,0,0,-1,1,-1,-1,1,1,-1
KR_6735555722,420,0,-50,12,5,-1,3,2,2,1,3,3,2,5,-2,4,2,3,0,3,0,1,10,0,-6,6,-2,0,1,1,1,1,1,1,-1
KR_6730007386,420,-2,6,14,-3,0,3,3,0,5,5,0,1,1,-3,7,4,0,1,1,1,-9,-10,-4,-3,7,7,0,0,-1,1,0,1,6,-1
KR_6743357817,420,0,-78,-9,0,-3,3,0,0,3,3,4,1,5,0,2,2,-1,2,1,0,9,-30,3,-10,7,2,0,-2,-1,-1,-1,1,6,-1
KR_6762734286,420,-3,29,-13,-6,1,3,4,1,2,3,-3,5,2,-4,8,4,-1,1,0,-1,-6,-3,-1,-5,6,2,0,-1,-1,1,-1,-1,5,-1
KR_6711034259,420,-4,-20,-56,-10,1,2,3,-1,2,1,-1,2,1,-7,7,0,-2,2,0,0,-18,16,-4,-6,10,-1,0,-2,-1,-1,-1,-1,2,-1
KR_6727553707,440,-3,-46,12,-13,-2,2,0,-8,11,3,2,0,2,-4,7,3,-1,1,0,0,-32,-15,-2,-6,8,8,0,-2,0,0,-1,-1,0,-1
KR_6777117728,420,-4,-54,7,-10,-1,2,1,-4,6,2,-2,3,1,-4,9,5,1,1,2,0,-14,-6,-4,-2,6,1,0,-2,-1,1,-1,-1,4,-1
KR_6777074243,420,1,-45,9,-1,-2,4,2,6,1,7,0,3,3,-5,5,0,0,0,0,0,2,-35,1,-7,6,-4,0,0,1,1,0,1,4,-1
KR_6643482576,420,-1,16,-27,-7,-2,4,2,-2,6,4,-3,4,1,1,3,4,-1,1,0,1,1,-30,1,-12,11,3,0,-1,1,-1,-1,1,3,-1
KR_6753509865,420,-2,-12,5,-8,-1,1,0,1,1,2,-2,2,0,-3,3,0,-3,4,1,0,-17,-9,1,-6,5,-2,0,0,-1,1,1,-1,4,-1
KR_6755601317,420,0,39,-8,0,5,0,5,-3,3,0,-3,4,1,0,2,2,1,0,1,0,1,-11,-3,-3,6,2,0,0,-1,-1,-1,-1,2,-1
KR_6763868634,420,0,25,-9,7,2,1,3,0,2,2,1,1,2,5,5,10,-1,2,1,-1,9,-23,4,-8,4,-1,0,0,1,1,0,-1,4,-1
KR_6772484677,420,-7,-152,-56,-16,-1,2,1,-8,8,0,-7,7,0,2,3,5,-2,2,0,0,-12,-1,0,-5,5,-3,0,-1,-1,-1,-1,-1,2,-1
KR_6693709171,420,-4,-62,-28,-12,-1,2,1,-4,5,1,0,2,2,-3,4,1,-4,4,0,0,-8,-40,-1,-3,4,0,0,-3,-1,-1,-1,-1,3,-1
KR_6736013753,420,-8,-15,-127,-17,-1,3,2,-1,2,1,-5,7,2,0,2,2,-10,10,0,0,-10,9,2,-7,5,-6,0,0,-1,-1,1,-1,1,-1
KR_6768884817,420,-3,-27,-4,-11,-2,2,0,-6,6,0,1,1,2,-4,5,1,0,2,2,0,-11,22,5,-9,4,-3,0,-1,-1,-1,-1,-1,1,-1
KR_6748060702,420,-5,-84,-36,-19,-2,2,0,-6,8,2,-3,5,2,-9,10,1,1,1,2,0,-10,-3,-6,-4,10,1,0,-3,-1,-1,-1,-1,2,-1
KR_6756446059,420,1,39,20,8,1,0,1,6,0,6,4,1,5,-5,7,2,2,2,4,0,1,168,6,-10,4,-3,0,1,1,1,1,1,3,-1
KR_6763348449,420,2,-15,-2,8,2,1,3,0,3,3,1,0,1,5,1,6,0,0,0,0,11,8,3,-7,4,0,0,1,1,1,1,1,4,-1
KR_6763261045,420,-3,-9,-15,-10,-1,3,2,-1,3,2,-3,3,0,-5,5,0,0,0,0,-1,-10,-11,-5,-2,7,-1,0,0,-1,1,-1,-1,4,-1
KR_6742182057,420,-4,-57,-9,-12,-3,4,1,-7,8,1,0,2,2,-1,4,3,-1,2,1,0,-14,30,-3,-4,7,0,0,-2,1,-1,-1,-1,1,-1
KR_6776236907,420,-5,-31,-24,-20,-3,5,2,-6,9,3,-3,7,4,-7,12,5,-1,2,1,2,-20,6,3,-10,7,2,0,-2,1,1,-1,1,2,-1
KR_6768115874,420,2,-50,-8,5,-1,1,0,-2,6,4,7,0,7,1,2,3,0,2,2,0,7,4,-4,-3,7,1,0,-1,1,1,-1,1,2,-1
KR_6762751284,420,-2,-23,-30,-6,-2,4,2,-3,5,2,-1,3,2,-1,6,5,1,1,2,0,-7,4,-1,-5,6,-3,0,1,1,1,1,-1,5,-1
KR_6777865985,420,-1,-33,-9,-5,-4,5,1,-1,3,2,-1,2,1,0,3,3,1,0,1,0,0,7,-3,-2,5,3,0,0,-1,1,1,1,5,-1
KR_6764875493,420,0,56,-16,-2,1,0,1,-3,3,0,-2,4,2,3,2,5,-1,2,1,0,-8,-42,2,-8,6,28,0,0,1,-1,1,1,2,-1
KR_6763096719,420,-1,-8,-17,-4,-2,2,0,-1,3,2,0,0,0,-2,2,0,1,0,1,0,0,-6,-1,-5,6,1,0,1,-1,0,1,-1,3,-1
KR_6667868298,420,1,26,-5,4,1,0,1,1,1,2,0,2,2,0,3,3,2,0,2,0,1,54,2,-13,11,3,0,-1,-1,-1,-1,1,1,-1
KR_6767327137,420,2,44,-4,-5,6,0,6,-1,2,1,-2,3,1,-9,10,1,1,0,1,0,-12,15,5,-14,9,-7,0,0,-1,1,-1,-1,5,-1
KR_6769759819,420,-2,-15,3,-9,-2,4,2,1,1,2,-3,4,1,-6,7,1,1,0,1,-1,-10,7,5,-10,5,-7,0,-1,-1,-1,-1,-1,4,-1
KR_6748823130,420,-5,-54,7,-4,-1,1,0,1,0,1,1,1,2,-7,7,0,2,1,3,1,-4,-4,-3,-5,8,-4,0,0,-1,1,0,1,5,-1
KR_6751374070,440,1,12,-20,2,1,1,2,1,0,1,-1,3,2,-1,4,3,2,1,3,0,3,6,2,-6,4,-1,0,0,-1,1,0,-1,3,-1
KR_6757072419,440,0,-32,0,0,3,1,4,5,0,5,1,3,4,-2,3,1,-7,7,0,0,-2,0,-1,-5,6,-6,0,-1,0,-1,-1,1,0,-1
KR_6764438629,420,-4,-32,-18,0,-2,3,1,1,3,4,3,1,4,-1,1,0,-1,1,0,-1,-1,-5,4,-8,4,0,0,-1,1,-1,-1,-1,6,-1
KR_6738606076,420,-1,-50,16,-7,-5,5,0,0,2,2,3,1,4,-6,6,0,1,0,1,-2,-9,2,0,-5,5,-4,0,-2,-1,-1,-1,-1,6,-1
KR_6737974331,420,1,29,-20,0,-1,1,0,0,5,5,1,2,3,0,0,0,0,0,0,0,-3,7,0,-5,5,-1,0,0,-1,1,0,-1,5,-1
KR_6767069767,440,-6,-54,-20,-15,-3,4,1,-1,2,1,-2,4,2,-5,5,0,-4,4,0,-1,-16,-16,-1,-6,7,-2,0,-2,-1,-1,-1,-1,6,-1
KR_6768405997,420,-3,23,-20,-6,0,1,1,-6,8,2,-3,5,2,4,1,5,-1,3,2,-1,-12,25,7,-8,1,-6,0,-1,1,-1,-1,-1,6,-1
KR_6745111552,420,-5,-95,-46,-15,0,1,1,-8,8,0,0,1,1,-4,5,1,-3,3,0,0,-18,-42,-4,-4,8,1,0,-1,1,-1,-1,-1,1,-1
KR_6776098606,420,1,21,43,-2,0,1,1,-3,8,5,-2,5,3,0,4,4,3,0,3,-1,-5,-13,-5,-3,8,4,0,1,-1,1,1,-1,6,-1
KR_6770337483,440,0,-29,8,-4,-3,4,1,-2,3,1,-2,2,0,3,1,4,0,0,0,0,-1,-1,-4,-3,7,-3,0,0,-1,1,0,-1,6,-1
KR_6766697886,420,-3,-32,-33,-5,-1,2,1,-1,2,1,-2,6,4,-1,2,1,0,0,0,0,-9,2,3,-6,3,-8,0,-2,-1,-1,-1,1,1,-1
KR_6744385389,420,-4,-7,-4,-10,-3,3,0,-1,4,3,-5,6,1,2,1,3,-3,4,1,0,-13,18,7,-10,3,-6,0,0,-1,1,1,1,2,-1
KR_6667739873,420,0,-10,-4,4,1,0,1,2,1,3,2,0,2,0,0,0,-1,1,0,1,7,29,4,-10,6,5,0,2,1,1,1,1,5,-1
KR_6767273088,440,0,-23,31,-1,0,2,2,1,2,3,-1,1,0,0,3,3,-1,1,0,1,0,-1,3,-11,8,-1,0,1,1,1,1,1,6,-1
KR_6709286860,420,3,26,4,-4,-3,4,1,-3,5,2,0,4,4,-1,1,0,3,0,3,0,-4,-9,-3,-4,7,2,0,0,-1,-1,-1,-1,3,-1
KR_6721975965,420,-2,-32,-8,-7,-3,4,1,3,4,7,2,1,3,-6,6,0,-3,5,2,0,-9,2,1,-8,7,-4,0,-3,-1,1,-1,-1,1,-1
KR_6750509991,420,0,25,7,1,-3,5,2,-1,3,2,-2,2,0,8,0,8,-1,2,1,0,3,6,2,-6,4,1,0,0,1,-1,-1,-1,3,-1
KR_6734394468,420,-2,-50,17,-2,0,4,4,-1,3,2,0,0,0,-2,2,0,1,0,1,1,3,2,7,-9,2,-5,0,0,-1,-1,0,1,5,-1
KR_6740879262,420,0,-50,-36,-6,-8,8,0,-2,6,4,2,0,2,-3,5,2,5,0,5,-2,-3,-45,-2,-6,8,7,0,-1,-1,-1,-1,-1,6,-1
KR_6763425880,420,-1,-76,-15,-6,-4,5,1,-2,5,3,4,0,4,-5,5,0,1,0,1,0,1,-12,4,-10,6,-1,0,-1,-1,1,-1,-1,4,-1
KR_6771300849,420,-2,18,2,-9,3,2,5,-11,11,0,1,2,3,0,5,5,-2,2,0,0,-5,-13,-4,-3,7,5,0,0,-1,1,1,-1,3,-1
KR_6755160536,420,2,-19,18,0,-2,5,3,1,1,2,-1,1,0,-2,3,1,4,0,4,0,-7,15,0,-2,2,0,0,0,-1,-1,0,1,1,-1
KR_6758784513,420,-2,-5,10,-4,2,1,3,-1,2,1,-2,4,2,-3,3,0,0,1,1,0,-7,1,-4,-5,9,4,0,-1,-1,-1,-1,-1,1,-1
KR_6773194203,420,-2,74,-8,-2,3,2,5,-6,6,0,-1,1,0,2,1,3,0,0,0,1,-4,-13,6,-8,2,-4,0,0,-1,-1,0,1,2,-1
KR_6718331367,420,1,-35,12,-3,-1,2,1,4,1,5,-2,4,2,-2,2,0,-2,2,0,0,-2,15,6,-11,5,-6,0,0,1,-1,0,-1,6,-1
KR_6604160559,420,-2,-12,-20,-3,-2,2,0,0,2,2,2,3,5,-1,4,3,-2,2,0,1,-1,3,2,-10,8,-6,0,-1,-1,-1,-1,1,5,-1
KR_6765807293,420,-4,-49,-58,-11,2,1,3,-2,3,1,-4,5,1,-4,4,0,-3,3,0,0,-13,1,4,-8,4,-5,0,-2,-1,1,-1,-1,3,-1
KR_6708763277,420,-2,-19,-16,-1,-3,5,2,-1,4,3,4,2,6,-2,3,1,1,0,1,0,1,4,1,-7,6,-1,0,0,-1,1,0,-1,1,-1
KR_6744209506,420,-3,-55,-3,-11,1,0,1,-5,7,2,-1,2,1,-2,4,2,-4,4,0,1,-6,61,-6,-5,11,-1,0,-3,-1,-1,-1,1,2,-1
KR_6651518325,420,-6,-80,-32,-17,-5,5,0,-3,3,0,-5,7,2,-2,6,4,-2,2,0,0,-18,1,-3,-6,9,-5,0,-2,1,-1,-1,-1,4,-1
KR_6741686262,420,-3,-86,12,-4,-2,2,0,-4,8,4,-2,2,0,3,2,5,1,0,1,0,0,15,2,-8,6,-4,0,-1,1,-1,-1,1,1,-1
KR_6763423732,420,-2,-25,-16,-4,0,2,2,-4,5,1,0,2,2,0,0,0,0,1,1,0,-7,4,1,-5,4,-3,0,-1,-1,-1,-1,-1,1,-1
KR_6777600690,420,1,-16,21,7,4,0,4,3,4,7,-3,4,1,1,2,3,2,1,3,0,3,-2,-1,-6,7,1,0,-1,-1,1,1,1,3,-1
KR_6725601183,420,-3,-43,-17,-1,-3,3,0,6,3,9,-5,5,0,0,3,3,1,1,2,0,-4,8,1,-4,3,1,0,0,1,-1,-1,1,4,-1
KR_6776976276,420,-2,29,25,-5,-3,3,0,-5,5,0,1,2,3,3,0,3,-1,1,0,0,-7,12,1,-9,8,2,0,0,1,-1,-1,1,1,-1
KR_6770616606,420,-4,-25,2,-10,-1,2,1,-4,4,0,-5,5,0,-3,4,1,3,0,3,-1,-12,-202,0,-5,5,2,0,-1,-1,-1,-1,-1,2,-1
KR_6776518145,420,-4,-63,-18,-3,-3,3,0,2,2,4,0,4,4,-2,3,1,0,2,2,0,-4,3,3,-10,7,-6,0,-1,-1,1,-1,1,5,-1
KR_6747534106,420,-4,1,-11,-10,-3,5,2,-2,4,2,0,1,1,-1,3,2,-4,4,0,-1,-12,12,0,-9,9,1,0,-2,-1,-1,-1,-1,1,-1
KR_6765396860,420,-4,-8,-37,-4,0,3,3,-3,7,4,-2,3,1,0,5,5,1,1,2,0,2,7,7,-11,4,-3,0,1,1,1,1,1,5,-1
KR_6740609992,420,-2,-36,2,-8,1,1,2,-3,3,0,0,1,1,-6,7,1,0,1,1,0,-11,107,-1,-4,5,2,0,-2,1,1,-1,-1,2,-1
KR_6764470502,420,-2,-57,-8,-5,0,4,4,-5,5,0,1,2,3,1,2,3,-2,2,0,0,-11,-8,1,-8,7,3,0,-2,-1,1,-1,-1,5,-1
KR_6720452468,420,-3,-61,-8,0,2,1,3,6,1,7,-3,4,1,-5,5,0,0,0,0,1,2,9,-5,-5,10,2,0,0,-1,1,0,1,1,-1
KR_6749329631,420,-2,24,-34,-1,-1,2,1,-4,6,2,-2,2,0,6,0,6,0,1,1,0,1,-183,-1,-7,8,6,0,-1,1,-1,-1,-1,4,-1
KR_6766871770,420,-3,-14,35,-12,0,1,1,-2,5,3,-3,7,4,-4,4,0,-3,3,0,1,-10,-11,-4,-4,8,2,0,-1,1,-1,-1,1,2,-1
KR_6775796260,420,0,-12,24,-5,-1,3,2,-2,6,4,-1,2,1,1,1,2,-2,4,2,0,-6,-31,3,-4,1,-8,0,1,-1,-1,1,1,5,-1
KR_6723231158,420,-3,-14,-8,-6,1,2,3,0,2,2,-2,3,1,0,1,1,-5,7,2,0,-8,20,1,-6,5,-3,0,0,1,1,1,-1,3,-1
KR_6765326041,420,0,-39,-3,9,0,1,1,0,3,3,6,1,7,4,1,5,-1,1,0,0,9,3,0,-5,5,1,0,1,0,1,1,1,0,-1
KR_6732470231,420,-5,-42,17,-10,-6,6,0,-1,6,5,-5,6,1,0,1,1,2,0,2,0,-3,3,0,-7,7,-2,0,-1,-1,1,-1,-1,2,-1
KR_6774933744,420,1,-43,8,-3,5,0,5,-7,7,0,3,0,3,-4,5,1,0,1,1,-1,-8,1,6,-9,3,3,0,-1,-1,1,-1,-1,4,-1
KR_6755239958,420,-1,20,27,-8,-3,3,0,2,2,4,-3,3,0,-4,6,2,0,1,1,0,-6,1,-1,-4,5,1,0,0,-1,1,1,-1,6,-1
KR_6753210743,420,1,32,17,1,-2,4,2,-3,5,2,3,0,3,0,2,2,3,1,4,0,-5,5,0,-7,7,3,0,1,-1,-1,-1,-1,5,-1
KR_6758353751,440,0,-75,-44,-2,-4,4,0,2,2,4,2,3,5,-3,6,3,1,2,3,0,1,-42,2,-5,3,11,0,-2,1,-1,-1,-1,2,-1
KR_6718660601,420,-5,-45,-39,-7,-1,3,2,-6,6,0,-4,7,3,1,2,3,3,0,3,2,1,4,-3,-5,8,0,0,-2,-1,-1,1,1,4,-1
KR_6727807361,420,-5,27,20,-16,-4,6,2,-3,4,1,-5,7,2,-2,3,1,-2,4,2,-3,-34,-4,-1,-5,6,-5,0,-1,-1,1,-1,-1,5,-1
KR_6752319234,420,0,-15,-11,1,2,0,2,-4,7,3,1,0,1,1,2,3,1,0,1,1,0,-14,-5,-4,9,5,0,0,1,-1,0,1,1,-1
KR_6775829440,420,-5,-83,-48,-8,-4,5,1,-3,4,1,1,3,4,0,5,5,-2,3,1,0,-5,-4,4,-10,6,3,0,-2,-1,-1,-1,-1,2,-1
KR_6761847974,420,-2,-20,-4,-9,2,2,4,-4,4,0,-4,4,0,0,0,0,-3,4,1,0,-13,-4,1,-5,4,-1,0,1,-1,-1,-1,-1,2,-1
KR_6759814349,420,2,-15,55,3,-2,4,2,4,3,7,1,0,1,-1,3,2,1,2,3,-1,3,84,-1,-5,6,5,0,-1,-1,-1,-1,-1,2,-1
KR_6730329747,420,-3,-46,-14,-8,-1,2,1,2,2,4,-1,3,2,-6,7,1,-2,5,3,0,-7,-5,-4,-3,7,-5,0,-1,-1,-1,-1,-1,1,-1
KR_6743470762,420,2,25,-16,0,-1,2,1,4,2,6,-1,3,2,-4,4,0,2,0,2,0,3,24,4,-9,5,5,0,0,-1,-1,0,-1,6,-1
KR_6764151750,420,1,-33,-5,3,2,2,4,5,1,6,-1,1,0,-2,3,1,-1,1,0,2,7,50,2,-8,6,-15,0,1,-1,-1,-1,1,3,-1
KR_6716853628,420,4,60,34,3,3,2,5,2,3,5,-1,4,3,1,5,6,-2,4,2,1,-5,-6,1,-5,4,-1,0,0,-1,-1,1,1,5,-1
KR_6754734013,420,-3,-58,23,-8,3,0,3,-1,7,6,0,4,4,-8,10,2,-2,2,0,0,-4,14,-4,-4,8,-1,0,-1,1,1,-1,1,3,-1
KR_6695079935,420,-5,-27,-19,-4,-2,3,1,-1,4,3,-1,1,0,1,0,1,-1,2,1,0,-1,13,7,-9,2,-8,0,0,-1,1,0,1,3,-1
KR_6761087678,420,-2,-35,8,-4,-3,3,0,2,1,3,2,1,3,-7,8,1,2,1,3,-1,-1,13,-2,-3,5,2,0,-1,1,1,-1,-1,5,-1
KR_6714285066,420,-1,53,19,-6,-2,3,1,-1,3,2,1,1,2,-4,4,0,0,0,0,0,-12,-8,1,-4,3,3,0,1,1,0,1,-1,2,-1
KR_6726739712,440,-4,-70,-13,1,3,0,3,0,2,2,0,1,1,0,3,3,-2,2,0,3,10,5,1,-5,4,-1,0,0,1,-1,-1,1,5,-1
KR_6696098202,420,2,-27,11,2,1,1,2,0,4,4,-2,4,2,2,1,3,1,1,2,0,6,36,1,-6,5,0,0,1,-1,1,1,-1,5,-1
KR_6742939775,420,-6,-100,-12,-16,-3,4,1,-4,6,2,-8,10,2,-1,6,5,0,2,2,0,-6,97,-4,-3,7,-2,0,-3,-1,-1,-1,1,3,-1
KR_6775080070,420,-4,-76,-24,-16,-4,4,0,-7,9,2,-8,8,0,2,3,5,1,1,2,0,-15,-24,-1,-6,7,-1,0,1,-1,1,-1,-1,2,-1
KR_6745643949,420,1,9,-5,3,-1,3,2,1,2,3,1,0,1,3,2,5,-1,1,0,0,8,19,0,-7,7,-3,0,0,-1,1,0,1,3,-1
KR_6655494327,420,-2,-3,-17,-6,-2,3,1,1,3,4,-1,1,0,0,3,3,-4,4,0,0,-11,2,-1,-5,6,-1,0,-1,1,-1,-1,-1,2,-1
KR_6776091648,420,-2,-28,15,-3,-4,5,1,5,1,6,-3,5,2,-1,2,1,0,0,0,-1,-7,-25,1,-3,2,-3,0,0,1,-1,1,-1,6,-1
KR_6771827523,420,-3,-92,-12,-2,-2,2,0,-1,5,4,-3,4,1,3,1,4,1,0,1,0,-6,7,4,-7,3,-3,0,0,-1,-1,-1,1,5,-1
KR_6736355963,420,2,10,-8,6,1,1,2,0,4,4,1,1,2,3,1,4,1,0,1,0,8,2,2,-7,5,3,0,0,1,1,0,-1,4,-1
KR_6639063751,420,-1,-93,-9,-9,-1,2,1,-6,7,1,-3,3,0,0,2,2,1,0,1,0,-12,-7,-5,-5,10,2,0,0,-1,-1,0,-1,6,-1
KR_6754916393,440,-1,-87,-3,3,-3,3,0,3,1,4,-1,2,1,3,5,8,1,2,3,0,19,-39,-5,-4,9,19,0,-3,1,-1,-1,-1,2,-1
KR_6742478587,420,1,-12,1,0,3,1,4,-1,3,2,-2,2,0,0,4,4,0,1,1,0,-4,-14,-2,-3,5,1,0,0,1,-1,0,1,5,-1
KR_6751570246,420,0,29,-36,-3,-3,4,1,-3,3,0,-1,4,3,3,2,5,1,0,1,-1,-2,-8,0,-7,7,-3,0,-3,1,-1,-1,-1,3,-1
KR_6672161501,420,-3,-78,-1,-9,-9,9,0,1,5,6,-1,2,1,0,3,3,0,1,1,0,0,-5,1,-6,5,-3,0,-2,-1,-1,-1,-1,6,-1
KR_6766603937,420,-1,88,4,-2,-1,1,0,0,3,3,6,0,6,-6,8,2,-1,1,0,1,-11,-8,-1,-4,5,4,0,1,1,1,1,1,5,-1
KR_6745433056,420,-2,-85,7,-2,3,1,4,-3,5,2,1,3,4,-3,3,0,0,2,2,0,-5,60,3,-10,7,0,0,0,-1,1,0,-1,3,-1
KR_6775639524,420,-2,-36,17,-2,-1,1,0,-2,4,2,1,1,2,-2,3,1,2,0,2,0,-6,-4,-6,-5,11,0,0,1,1,-1,1,-1,5,-1
KR_6748315132,420,1,-14,-8,1,3,0,3,0,3,3,0,4,4,-3,6,3,1,1,2,-1,4,-11,4,-9,5,1,0,-3,-1,-1,-1,-1,3,-1
KR_6770928966,420,-5,-64,-4,-10,-1,2,1,1,3,4,-2,4,2,-6,6,0,-2,3,1,0,-3,-12,-3,-2,5,4,0,-2,-1,-1,-1,-1,5,-1
KR_6740228254,440,-5,-23,-7,-18,0,0,0,-10,11,1,-7,9,2,3,2,5,-4,4,0,0,-14,-4,-3,-4,7,2,0,-2,-1,-1,-1,-1,5,-1
KR_6758706952,420,-5,23,3,-10,-4,4,0,-4,6,2,-2,3,1,-1,3,2,1,0,1,-1,-9,21,-6,-4,10,0,0,0,-1,1,0,-1,2,-1
KR_6770257716,440,-1,10,-17,1,-7,9,2,2,0,2,-2,3,1,4,1,5,4,0,4,0,3,2,-4,-6,10,2,0,0,1,1,1,1,3,-1
KR_6653941500,420,0,44,16,-3,0,2,2,-2,4,2,-3,3,0,4,1,5,-2,3,1,-1,-1,8,0,-8,8,3,0,0,-1,-1,0,-1,3,-1
KR_6655716411,420,-2,-22,-12,-5,-2,4,2,-1,4,3,1,1,2,-2,4,2,-1,1,0,0,-1,0,-5,-5,10,-2,0,0,-1,-1,0,1,4,-1
KR_6746262131,420,-1,-37,3,-8,2,1,3,-6,6,0,-2,2,0,-6,8,2,4,1,5,-3,-12,19,-5,-3,8,6,0,-1,-1,-1,-1,-1,1,-1
KR_6771556782,420,-1,-16,7,1,0,2,2,3,0,3,1,3,4,-2,5,3,-1,1,0,0,1,-4,0,-6,6,2,0,-1,-1,-1,-1,1,5,-1
KR_6717773513,420,-1,-56,19,1,5,0,5,-1,3,2,-1,3,2,-1,2,1,-1,1,0,0,4,22,6,-10,4,1,0,0,0,1,0,-1,0,-1
KR_6777674163,420,0,-39,-12,1,5,2,7,0,4,4,-3,5,2,0,3,3,-1,4,3,2,13,1,2,-6,4,3,0,-2,0,1,-1,1,0,-1
KR_6752319321,420,-3,-72,8,-8,-4,6,2,-1,1,0,-2,4,2,-1,2,1,0,2,2,0,-4,-5,-3,-2,5,-1,0,-3,1,-1,-1,-1,2,-1
KR_6767929592,420,-4,-12,2,-9,-2,3,1,-9,10,1,-1,3,2,0,6,6,3,2,5,-1,-9,-59,-2,-5,7,30,0,-1,1,-1,-1,-1,5,-1
KR_6732713841,420,-1,-80,3,2,2,1,3,1,1,2,-2,3,1,-1,6,5,2,1,3,0,-4,-4,2,-9,7,-2,0,0,-1,1,1,1,2,-1
KR_6773693616,420,-2,-17,-24,-3,-2,2,0,4,4,8,-6,6,0,-1,5,4,2,1,3,0,1,107,-2,-4,6,3,0,0,-1,1,0,1,6,-1
KR_6713325658,420,-9,-148,-92,-21,0,2,2,-12,12,0,3,6,9,-15,17,2,3,3,6,-4,-16,-1,-4,-4,8,0,0,-5,0,-1,-1,-1,0,-1
KR_6762309251,420,0,44,2,-3,2,0,2,-1,5,4,-5,7,2,0,2,2,1,1,2,0,-4,-5,2,-9,7,2,0,1,0,1,1,-1,0,-1
KR_6771889781,420,-3,24,22,-1,-2,3,1,2,6,8,0,1,1,1,1,2,-2,3,1,1,4,0,3,-5,2,-5,0,0,-1,-1,1,1,3,-1
KR_6760087257,420,-2,-24,-23,-8,2,0,2,-2,3,1,-1,3,2,-9,10,1,2,0,2,-2,-9,-7,-2,-4,6,-5,0,-2,1,-1,-1,-1,6,-1
KR_6761579349,420,-2,-37,19,0,-2,5,3,2,0,2,1,2,3,-2,2,0,1,2,3,0,7,6,4,-9,5,-2,0,0,-1,1,-1,-1,4,-1
KR_6752402206,420,1,-27,32,-2,-1,5,4,0,2,2,-4,4,0,2,2,4,1,0,1,0,-4,-21,-2,-3,5,1,0,0,1,-1,1,-1,1,-1
KR_6770416555,420,-1,-30,-4,4,0,1,1,2,4,6,1,3,4,1,4,5,0,1,1,1,5,-9,2,-9,7,-2,0,0,-1,1,0,1,4,-1
KR_6776857914,420,-9,-63,-38,-14,-2,3,1,1,1,2,-2,2,0,-9,10,1,-2,4,2,0,-11,-25,4,-12,8,5,0,0,-1,-1,-1,-1,4,-1
KR_6722990511,420,-2,-47,0,-12,-5,5,0,-1,4,3,-3,4,1,0,1,1,-3,3,0,-1,-8,-11,-2,-6,8,10,0,-1,-1,-1,-1,-1,1,-1
KR_6773203506,420,5,11,27,8,1,2,3,3,3,6,4,0,4,1,2,3,-1,1,0,0,10,-4,1,-5,4,1,0,1,1,-1,1,-1,5,-1
KR_6713154845,420,3,41,20,4,-3,5,2,2,3,5,0,2,2,5,1,6,0,1,1,-1,12,3,3,-6,3,2,0,2,-1,1,1,-1,2,-1
KR_6698298792,420,0,4,-29,-2,3,0,3,1,1,2,1,1,2,-6,8,2,-1,1,0,0,-4,-38,-4,-4,8,0,0,0,-1,-1,-1,-1,4,-1
KR_6776844586,420,-3,-52,-7,-9,0,2,2,0,3,3,-2,3,1,-7,10,3,0,0,0,0,-17,7,5,-10,5,-2,0,-2,-1,1,-1,-1,1,-1
KR_6769158965,440,-2,1,7,-5,-1,2,1,2,4,6,-2,4,2,1,1,2,-5,5,0,0,3,-5,0,-3,3,2,0,-1,-1,-1,-1,-1,5,-1
KR_6639716434,420,-5,-84,3,-2,-3,4,1,3,3,6,-1,1,0,0,0,0,-1,2,1,0,0,-9,-3,-2,5,4,0,-2,-1,-1,-1,1,5,-1
KR_6763239419,420,2,-11,0,5,1,0,1,5,2,7,1,2,3,-2,5,3,0,2,2,0,10,10,0,-8,8,-3,0,0,1,-1,0,-1,6,-1
KR_6719759477,420,-1,-7,52,-8,0,1,1,-3,4,1,-5,5,0,0,2,2,0,1,1,0,-8,-3,-3,-6,9,-3,0,0,-1,1,1,-1,2,-1
KR_6768063447,420,-2,-74,1,-4,-6,6,0,-1,2,1,3,0,3,2,0,2,-2,2,0,0,-4,5,2,-5,3,-5,0,-2,-1,-1,-1,1,3,-1
KR_6770993820,420,-4,-41,-43,-7,1,2,3,-2,6,4,-3,5,2,-3,6,3,0,0,0,0,-7,-17,1,-8,7,-4,0,0,-1,-1,1,-1,6,-1
KR_6775659765,440,-7,-164,-8,-18,-3,3,0,-2,2,0,-2,2,0,-7,7,0,-4,4,0,0,-18,-9,-2,-3,5,-4,0,-3,1,-1,-1,-1,4,-1
KR_6762139947,420,-1,18,-28,-3,-1,1,0,-2,6,4,0,3,3,1,1,2,-1,3,2,0,-8,5,3,-8,5,-4,0,0,1,-1,-1,-1,3,-1
KR_6738248933,420,-6,-102,-44,-10,-3,3,0,-1,3,2,1,5,6,-4,5,1,-3,3,0,0,-2,7,2,-6,4,-3,0,-1,1,-1,-1,1,1,-1
KR_6746521757,420,-2,21,-3,-9,-2,4,2,-3,4,1,-1,4,3,-5,6,1,2,1,3,0,-7,-28,-1,-4,5,5,0,-1,-1,-1,-1,-1,6,-1
KR_6761766727,420,-4,21,-27,0,2,2,4,0,4,4,0,2,2,-2,8,6,0,2,2,5,4,-10,4,-8,4,-2,0,-1,-1,1,-1,1,2,-1
KR_6739298029,420,-4,-17,1,-6,-3,3,0,1,1,2,0,1,1,-1,3,2,-3,4,1,0,-5,-103,-4,-6,10,-1,0,-1,-1,1,-1,-1,1,-1
KR_6754764799,420,-2,-30,-18,-3,2,0,2,1,6,7,-1,2,1,-2,3,1,-3,3,0,0,0,-18,-2,-6,8,1,0,-1,-1,-1,-1,-1,5,-1
KR_6770635246,420,-2,-15,-4,-5,1,3,4,1,2,3,-2,3,1,-5,5,0,0,0,0,0,-4,44,1,-4,3,-4,0,-1,1,-1,-1,-1,1,-1
KR_6769342284,420,-6,-118,-14,-19,-3,3,0,-4,5,1,-6,7,1,-2,2,0,-4,7,3,1,-16,-2,-3,-8,11,0,0,-1,-1,-1,-1,1,3,-1
KR_6777831587,440,-3,-14,16,-3,3,0,3,-1,3,2,0,2,2,-7,8,1,2,1,3,0,-7,-2,-4,-2,6,-2,0,-3,1,1,-1,-1,4,-1
KR_6756746715,420,-4,-60,-12,-8,-5,5,0,2,0,2,-1,2,1,-3,4,1,-1,3,2,0,-8,11,-1,-5,6,-7,0,-2,1,-1,-1,-1,5,-1
KR_6713051376,420,-5,-94,-20,-10,1,3,4,-8,8,0,-2,4,2,-5,6,1,4,1,5,0,-4,-22,-4,-1,5,0,0,-1,0,-1,-1,-1,0,-1
KR_6763083306,420,1,32,5,1,4,0,4,4,2,6,-3,4,1,-2,2,0,-2,2,0,0,-7,-126,-1,-3,4,2,0,1,-1,1,1,1,3,-1
KR_6748694866,420,-1,-12,-5,-2,-3,4,1,6,3,9,-1,3,2,-2,4,2,-2,3,1,0,-7,-18,-2,-3,5,7,0,1,-1,-1,1,1,6,-1
KR_6769995659,420,-1,14,-26,-1,2,1,3,0,3,3,-2,3,1,1,0,1,-2,2,0,0,-1,3,7,-11,4,3,0,0,-1,-1,0,1,2,-1
KR_6775382025,420,2,22,6,-4,1,0,1,-2,5,3,-3,6,3,-2,4,2,2,1,3,0,-2,32,2,-8,6,-4,0,0,1,-1,-1,-1,6,-1
KR_6698424008,420,-5,-38,-20,-11,-2,3,1,1,5,6,-4,5,1,-7,9,2,1,1,2,0,-13,-14,-9,-4,13,4,0,-2,-1,1,-1,1,4,-1
KR_6775578210,420,0,-2,10,-2,-5,5,0,4,1,5,4,1,5,-2,6,4,-3,6,3,-2,0,-5,-3,-3,6,-1,0,0,-1,1,1,-1,1,-1
KR_6757144964,440,-5,-113,-112,-6,0,5,5,-3,3,0,-1,13,12,-1,2,1,-1,2,1,-2,0,-25,0,-1,1,0,0,-5,0,-1,-1,-1,0,-1
KR_6752355317,420,-5,-58,-14,-9,-6,8,2,-2,2,0,-1,2,1,1,1,2,-1,1,0,1,-3,0,-3,-2,5,-1,0,-1,-1,-1,-1,1,1,-1
KR_6725417035,420,-2,5,5,1,-4,4,0,3,1,4,2,1,3,-1,3,2,1,1,2,0,3,7,-3,-5,8,1,0,-1,-1,-1,-1,-1,4,-1
KR_6771012423,420,-4,-15,5,-4,-6,6,0,1,0,1,2,3,5,-1,1,0,0,0,0,0,1,5,2,-7,5,-3,0,-1,-1,-1,-1,1,2,-1
KR_6765326886,420,-4,-50,-6,-6,0,0,0,-1,3,2,2,5,7,-3,5,2,-4,4,0,1,-6,1,-1,-6,7,-13,0,-3,-1,-1,-1,1,4,-1
KR_6776830493,420,-8,-38,-5,-12,-3,3,0,-2,5,3,-2,2,0,-1,4,3,-4,5,1,-1,-18,4,-1,-7,8,-7,0,-1,-1,1,-1,-1,1,-1
KR_6773132744,420,-2,-25,35,-9,0,0,0,-1,3,2,-6,7,1,-3,4,1,1,2,3,0,-6,7,-4,-3,7,-5,0,0,0,1,-1,1,0,-1
KR_6753131548,420,0,-11,4,2,3,0,3,1,1,2,-1,2,1,-3,4,1,2,0,2,0,6,-4,-2,-7,9,0,0,1,1,1,1,1,1,-1
KR_6764952116,420,-5,-45,4,-6,3,1,4,-3,3,0,-3,4,1,0,4,4,-3,4,1,1,-6,1,3,-9,6,1,0,0,1,1,1,1,3,-1
KR_6776343871,420,-3,-57,-1,-8,-1,2,1,1,2,3,-4,6,2,-3,4,1,-1,1,0,0,-8,-7,-4,-2,6,-3,0,-2,0,-1,-1,-1,0,-1
KR_6775232541,440,-3,-54,2,-4,2,1,3,-3,6,3,-1,3,2,-4,6,2,2,0,2,1,-3,-1,4,-6,2,1,0,0,-1,-1,0,1,3,-1
KR_6759677460,440,-1,-35,-8,-4,-1,3,2,0,3,3,-1,3,2,0,1,1,-2,3,1,0,4,4,1,-9,8,-4,0,0,-1,-1,0,1,1,-1
KR_6756395542,420,-2,-49,-23,-4,0,1,1,-3,4,1,-2,4,2,1,1,2,0,0,0,0,-1,-18,-11,-1,12,5,0,-3,-1,-1,-1,-1,5,-1
KR_6764362549,420,2,7,48,-3,-1,3,2,1,4,5,0,0,0,-2,3,1,-1,1,0,0,0,21,-4,-2,6,-5,0,-1,-1,-1,-1,1,6,-1
KR_6670685020,420,-3,-60,-14,-12,-1,1,0,-6,7,1,-2,3,1,0,3,3,-3,4,1,0,-13,-1,-5,-3,8,5,0,-1,-1,-1,-1,1,3,-1
KR_6746330772,420,-1,-43,4,0,0,2,2,3,3,6,-3,3,0,0,3,3,0,2,2,1,0,253,-3,-5,8,7,0,-1,-1,1,-1,1,4,-1
KR_6775831757,420,-1,7,4,-2,-1,2,1,-1,3,2,0,3,3,7,2,9,-7,9,2,0,-5,2,1,-5,4,-8,0,-1,1,-1,-1,1,6,-1
KR_6767369181,420,-2,-39,-29,4,4,1,5,-3,4,1,4,1,5,0,0,0,-1,2,1,0,6,2,-2,-2,4,0,0,-1,-1,-1,-1,-1,4,-1
KR_6760098730,420,2,34,-6,6,3,2,5,1,2,3,4,1,5,-2,4,2,0,0,0,0,9,-8,-2,-3,5,-2,0,1,1,1,1,1,6,-1
KR_6772363243,420,-4,-25,-31,-9,-4,4,0,1,2,3,-5,5,0,-1,2,1,0,0,0,0,-3,-20,2,-9,7,-1,0,-1,-1,-1,-1,-1,5,-1
KR_6722857577,420,-1,44,-23,-4,0,1,1,-1,5,4,0,2,2,-3,4,1,0,0,0,-3,-14,6,3,-7,4,-4,0,1,1,-1,1,-1,4,-1
KR_6735062890,420,-1,-16,36,-3,-5,6,1,-1,2,1,-1,2,1,3,1,4,1,1,2,0,0,-6,-2,-5,7,3,0,-2,1,-1,-1,-1,3,-1
KR_6621106530,420,-4,-23,-20,-4,-3,4,1,-2,3,1,0,1,1,2,4,6,-1,2,1,0,1,-13,-3,-3,6,0,0,-1,-1,-1,-1,1,2,-1
KR_6764242389,420,-6,-79,-28,-14,-9,9,0,-3,3,0,-1,4,3,1,1,2,-2,2,0,0,-12,22,-3,-6,9,1,0,-4,-1,-1,-1,-1,5,-1
KR_6777854022,420,-3,-1,-48,-9,-1,2,1,-2,3,1,-2,6,4,-4,4,0,0,0,0,0,-15,-15,-3,-6,9,1,0,0,-1,1,0,1,4,-1
KR_6698445753,420,-6,-107,-23,-11,0,2,2,-1,1,0,-5,6,1,-1,5,4,-4,4,0,0,-11,-31,-3,-3,6,2,0,-2,-1,-1,-1,1,1,-1
KR_6759323007,420,0,41,-12,-4,0,1,1,0,3,3,2,0,2,-2,2,0,-4,6,2,0,-10,-1,-2,-5,7,2,0,1,-1,1,1,1,1,-1
KR_6633900668,420,-1,-10,6,-2,1,0,1,1,6,7,-3,4,1,-2,3,1,1,2,3,0,-5,-1,3,-8,5,-8,0,0,-1,-1,-1,1,4,-1
KR_6763913286,420,0,3,-31,-4,-4,5,1,-1,2,1,0,1,1,1,2,3,0,1,1,0,2,47,2,-8,6,-3,0,-1,-1,-1,-1,-1,3,-1
KR_6771620954,440,-4,-90,-8,-4,0,0,0,-1,5,4,0,1,1,-1,2,1,-2,2,0,0,-4,7,0,-6,6,-4,0,0,1,-1,0,1,5,-1
KR_6740790050,420,-2,-53,4,-5,-4,4,0,-3,6,3,-3,8,5,3,2,5,2,0,2,0,-5,-3,-2,-4,6,4,0,0,1,-1,-1,-1,2,-1
KR_6750838958,440,0,15,7,0,-1,4,3,-3,6,3,6,0,6,-3,3,0,1,0,1,0,-3,-12,3,-7,4,-6,0,0,1,1,1,1,6,-1
KR_6774174333,420,-2,-27,0,-3,-1,3,2,-1,2,1,-2,2,0,1,3,4,0,1,1,0,1,-2,-1,-7,8,1,0,-1,1,1,-1,-1,6,-1
KR_6744362979,420,-1,31,1,-6,-3,8,5,-2,3,1,-2,4,2,-1,1,0,2,1,3,0,-16,-13,-3,-7,10,5,0,0,1,-1,-1,-1,1,-1
KR_6764571932,420,-5,-39,-37,-10,0,1,1,-10,10,0,5,1,6,-3,3,0,-2,3,1,0,-15,-9,-4,-5,9,-1,0,-3,-1,-1,-1,-1,2,-1
KR_6743871071,420,-3,-46,-40,-6,-4,6,2,0,1,1,-1,3,2,-3,3,0,2,0,2,-1,-5,29,-4,-3,7,0,0,-1,-1,1,-1,-1,3,-1
KR_6695390756,420,4,84,29,3,3,2,5,0,3,3,-1,4,3,0,2,2,1,0,1,0,-5,9,0,-5,5,0,0,1,1,1,1,-1,4,-1
KR_6743686426,420,0,-45,-11,-5,1,1,2,-1,3,2,1,1,2,-6,6,0,0,0,0,0,-11,-1,-6,-2,8,1,0,0,-1,1,-1,-1,3,-1
KR_6763537963,420,-3,-93,-4,-6,-3,3,0,-4,4,0,3,2,5,1,1,2,-3,3,0,0,-9,-18,1,-5,4,-5,0,-1,1,1,-1,-1,1,-1
KR_6756892066,420,0,-12,-5,-5,4,0,4,0,5,5,-1,4,3,-7,11,4,-1,1,0,-3,-1,5,0,-6,6,-5,0,-3,-1,-1,-1,1,4,-1
KR_6774878772,440,1,17,4,3,5,0,5,2,3,5,-4,5,1,0,1,1,0,1,1,0,-2,8,0,-2,2,0,0,2,-1,1,1,1,4,-1
KR_6775956754,420,-2,-43,20,-11,-4,5,1,-4,6,2,-1,2,1,-1,2,1,-1,3,2,-1,-20,-3,-1,-3,4,-1,0,0,1,-1,0,-1,4,-1
KR_6757961821,420,-3,-27,-16,-6,-2,4,2,1,2,3,1,1,2,-5,9,4,-1,1,0,0,-5,-15,-3,-5,8,4,0,-1,-1,-1,-1,-1,6,-1
KR_6738965661,420,-1,-75,6,-5,0,4,4,1,3,4,-2,4,2,-2,5,3,-2,2,0,0,-4,13,7,-9,2,-5,0,0,0,1,1,-1,0,-1
KR_6673763216,420,-5,-68,-20,-7,-1,1,0,-1,6,5,-3,7,4,0,0,0,-2,3,1,0,-3,-19,-6,-3,9,-1,0,-3,1,-1,-1,1,3,-1
KR_6770513078,420,0,43,-24,10,3,0,3,0,3,3,-2,3,1,7,2,9,2,0,2,0,16,-3,-1,-5,6,8,0,1,1,1,1,1,6,-1
KR_6735830666,420,0,-40,9,0,3,1,4,3,0,3,-8,9,1,2,1,3,0,0,0,0,4,39,-1,-3,4,-5,0,-1,1,-1,-1,1,2,-1
KR_6723997811,420,-2,-10,-13,3,0,2,2,-3,5,2,0,1,1,6,0,6,0,0,0,0,8,-13,-5,-6,11,2,0,0,1,-1,-1,-1,5,-1
KR_6770908730,420,-4,-51,-13,-16,-3,3,0,0,3,3,-3,6,3,-7,10,3,-3,5,2,1,-12,8,1,-3,2,0,0,-1,-1,-1,-1,1,5,-1
KR_6747847813,420,-1,21,-16,-3,5,0,5,-2,3,1,-5,5,0,-1,3,2,0,2,2,0,-3,-16,-3,-3,6,-1,0,1,1,-1,1,1,1,-1
KR_6765389581,420,-5,-11,-29,-5,1,1,2,-5,6,1,1,6,7,-4,5,1,2,0,2,1,-15,-13,0,-9,9,-7,0,-2,1,-1,-1,1,5,-1
KR_6765435303,420,0,12,8,4,1,1,2,1,3,4,2,2,4,1,0,1,-1,2,1,0,6,-36,-3,-5,8,10,0,-1,-1,-1,-1,-1,3,-1
KR_6687833856,420,-2,-19,-28,1,4,2,6,-5,6,1,1,2,3,-2,3,1,3,0,3,0,-4,-23,3,-5,2,2,0,0,1,-1,-1,1,1,-1
KR_6774274686,420,-2,38,-24,-11,-1,3,2,-2,6,4,2,5,7,-7,7,0,-3,3,0,-1,-10,5,3,-8,5,-7,0,-1,-1,-1,-1,-1,5,-1
KR_6770785184,420,-1,28,17,-5,-1,1,0,0,5,5,-1,5,4,-3,6,3,0,1,1,0,-5,-110,2,-7,5,2,0,-1,1,1,-1,-1,2,-1
KR_6634154360,420,0,-40,11,2,0,1,1,2,1,3,-1,1,0,1,0,1,0,0,0,0,4,80,2,-8,6,0,0,0,-1,1,0,1,3,-1
KR_6733662998,420,-5,-33,-4,-13,-4,7,3,-9,10,1,0,3,3,-2,6,4,2,4,6,0,-12,-4,-6,-2,8,3,0,-2,1,-1,-1,-1,3,-1
KR_6775333508,420,0,38,24,1,2,1,3,-3,3,0,-5,6,1,6,0,6,1,3,4,-1,-4,35,-3,-6,9,-8,0,0,1,-1,-1,-1,1,-1
KR_6763651903,420,0,-34,-28,4,1,0,1,-1,2,1,4,1,5,-1,3,2,1,0,1,0,6,1,-4,-6,10,12,0,0,-1,1,1,1,5,-1
KR_6775143691,440,-3,-36,-20,-6,4,3,7,-7,7,0,-8,8,0,5,1,6,0,1,1,0,1,-226,-4,-5,9,-1,0,1,-1,1,-1,-1,5,-1
KR_6774652327,420,-4,17,-29,-5,0,2,2,-3,5,2,1,2,3,-3,4,1,0,1,1,-1,-16,-36,3,-9,6,2,0,0,-1,-1,-1,-1,4,-1
KR_6758336975,420,-5,-62,-23,-15,-4,5,1,-2,6,4,-3,4,1,-6,7,1,0,0,0,-1,-17,0,4,-10,6,-6,0,-3,-1,-1,-1,-1,2,-1
KR_6753863814,420,2,17,20,-7,0,2,2,-2,3,1,-1,5,4,-5,5,0,1,0,1,0,-1,2,-5,-7,12,-4,0,-1,1,-1,-1,-1,1,-1
KR_6705324981,420,1,11,2,5,2,2,4,1,5,6,1,0,1,2,1,3,-1,2,1,0,6,-34,6,-11,5,11,0,1,-1,1,1,1,2,-1
KR_6649030103,420,-3,-59,-11,-4,0,1,1,-3,4,1,-1,2,1,0,1,1,0,0,0,0,-10,-43,-1,-5,6,12,0,-1,1,-1,-1,1,3,-1
KR_6776039046,420,-4,-44,-34,-12,-2,3,1,-4,6,2,-1,3,2,-5,5,0,0,1,1,0,-15,6,-2,-4,6,-4,0,-1,1,1,1,-1,4,-1
KR_6769259847,420,0,-94,31,-5,0,3,3,0,2,2,1,4,5,-5,5,0,-1,2,1,0,-9,-12,-5,-3,8,-1,0,-2,-1,-1,-1,-1,6,-1
KR_6767197727,420,-2,7,-9,-1,0,3,3,-1,5,4,-1,4,3,-2,3,1,3,0,3,1,-5,0,-5,-2,7,3,0,0,1,-1,1,1,4,-1
KR_6700160246,420,-1,7,-8,-6,0,2,2,-1,5,4,-4,4,0,0,0,0,-1,1,0,0,1,-96,-3,-5,8,-3,0,0,-1,-1,1,-1,5,-1
KR_6762801801,420,-3,-8,-6,-5,0,1,1,-1,5,4,0,3,3,-2,6,4,-2,3,1,0,-2,-12,-3,-5,8,6,0,1,-1,1,1,1,2,-1
KR_6777726622,420,-1,4,8,2,5,1,6,1,5,6,1,3,4,-4,6,2,-1,1,0,1,2,4,1,-6,5,3,0,-1,1,-1,-1,1,1,-1
KR_6529298394,420,-2,9,8,-9,1,1,2,-4,6,2,-3,4,1,-4,4,0,1,1,2,0,-15,-12,-2,-4,6,-1,0,-2,-1,-1,-1,-1,1,-1
KR_6629529377,420,-5,-169,-36,-8,-5,5,0,1,4,5,-4,6,2,1,0,1,-1,2,1,0,2,3,2,-8,6,2,0,-3,-1,-1,-1,-1,3,-1
KR_6774486779,420,-1,8,0,-4,-2,2,0,0,1,1,-1,1,0,-2,2,0,1,0,1,0,0,-8,4,-8,4,-4,0,0,-1,-1,0,-1,5,-1
KR_6718629555,420,-6,-58,-3,-7,-4,4,0,0,4,4,-2,6,4,-1,3,2,0,1,1,0,-3,2,-1,-4,5,0,0,-3,-1,-1,-1,1,3,-1
KR_6752457935,420,-3,-13,2,-7,-3,3,0,6,1,7,-1,4,3,-9,12,3,0,2,2,-1,-3,9,-2,-6,8,-1,0,0,-1,-1,-1,1,3,-1
KR_6725060936,420,1,29,-24,0,4,1,5,-4,5,1,0,2,2,-1,3,2,1,0,1,0,-7,-54,1,-6,5,16,0,1,1,1,1,-1,2,-1
KR_6718996009,420,0,26,8,1,1,0,1,3,1,4,0,1,1,-3,3,0,0,0,0,0,3,6,6,-10,4,0,0,0,-1,1,0,1,4,-1
KR_6768552343,440,1,44,16,5,2,2,4,-2,5,3,0,2,2,4,0,4,1,1,2,0,6,-2,0,-6,6,-1,0,1,1,-1,1,-1,3,-1
KR_6759366844,420,-4,-47,-13,-13,-4,8,4,-2,4,2,1,1,2,-8,8,0,0,3,3,0,-16,-1,4,-9,5,-1,0,-4,-1,-1,-1,-1,5,-1
KR_6738131591,420,-3,-57,-40,-2,-1,3,2,-2,3,1,1,3,4,-1,3,2,1,0,1,0,-3,-145,-2,-6,8,-2,0,-1,-1,1,-1,-1,6,-1
KR_6689385933,420,4,-8,0,7,0,1,1,3,1,4,1,0,1,1,2,3,2,1,3,1,5,-7,-6,-4,10,-5,0,-1,1,-1,-1,1,2,-1
KR_6730060770,420,0,8,-12,3,0,1,1,2,3,5,2,1,3,0,4,4,-1,3,2,0,2,-35,0,-7,7,33,0,0,-1,1,1,-1,6,-1
KR_6741944985,420,-3,-82,-24,-4,0,1,1,-3,5,2,3,2,5,-3,5,2,-1,3,2,-1,-4,150,0,-4,4,-1,0,-1,-1,-1,-1,-1,6,-1
KR_6775344323,420,4,-3,25,6,-3,4,1,7,1,8,2,0,2,-3,7,4,3,0,3,1,14,19,4,-11,7,0,0,1,1,-1,1,1,3,-1
KR_6759023130,420,1,39,18,3,1,1,2,3,1,4,-1,3,2,-1,3,2,1,1,2,0,5,-43,3,-8,5,36,0,0,-1,-1,0,-1,2,-1
KR_6771043890,420,0,-27,-7,-2,0,2,2,-1,1,0,-1,1,0,0,0,0,0,0,0,0,-1,3,2,-9,7,-6,0,-1,-1,-1,-1,-1,4,-1
KR_6761770909,420,-4,-13,-12,-10,-4,4,0,-3,4,1,2,4,6,-4,4,0,-1,1,0,-1,-12,32,2,-8,6,1,0,-1,1,-1,-1,-1,6,-1
KR_6776895019,420,0,16,8,0,-3,3,0,-1,3,2,2,0,2,1,3,4,1,1,2,0,-2,-7,3,-7,4,5,0,2,1,1,1,1,2,-1
KR_6777030263,440,-3,-44,-35,-4,-3,4,1,2,4,6,-5,6,1,0,5,5,2,0,2,0,-1,-4,1,-5,4,-1,0,0,-1,-1,-1,-1,3,-1
KR_6726849661,420,1,18,-12,-1,0,0,0,2,3,5,1,2,3,-4,7,3,0,0,0,0,5,75,7,-14,7,-5,0,0,1,-1,0,-1,4,-1
KR_6770483499,420,-5,-44,-39,-8,-2,4,2,-4,4,0,-2,2,0,0,1,1,0,1,1,0,-10,-1,1,-5,4,-2,0,-3,-1,-1,-1,-1,5,-1
KR_6773981156,440,-1,-8,39,-6,-1,6,5,-1,2,1,0,1,1,-3,3,0,-1,1,0,0,-3,13,-2,-3,5,2,0,-1,1,1,-1,-1,3,-1
KR_6672553834,420,-2,18,-48,-7,1,2,3,-6,7,1,-2,5,3,3,2,5,-3,4,1,0,-10,-2,4,-8,4,-1,0,-1,1,-1,-1,-1,5,-1
KR_6775852329,420,-1,47,8,-6,1,0,1,-1,2,1,-4,4,0,-1,1,0,-1,2,1,0,-10,-2,-1,-3,4,0,0,0,-1,-1,0,-1,4,-1
KR_6751583622,420,-3,77,-30,-10,0,2,2,-6,7,1,-2,4,2,-1,4,3,-1,2,1,0,-13,2,-2,-7,9,-5,0,1,0,-1,1,1,0,-1
KR_6772809996,420,-4,-78,28,-10,-3,4,1,-5,6,1,-1,3,2,0,1,1,-1,1,0,0,-9,-8,-2,-3,5,1,0,-2,-1,-1,-1,-1,1,-1
KR_6774777103,420,-1,-43,10,-6,1,3,4,1,1,2,-1,4,3,-6,8,2,-1,2,1,0,-6,6,2,-8,6,2,0,0,1,-1,0,-1,1,-1
KR_6774907020,420,-6,-62,-32,-9,-2,3,1,-2,2,0,2,1,3,-3,4,1,-4,5,1,0,-5,-7,-1,-7,8,-1,0,-1,-1,1,-1,-1,6,-1
KR_6772833969,420,-2,-10,-7,-7,0,1,1,-4,5,1,2,1,3,-8,8,0,3,2,5,-3,-10,-38,0,-7,7,-1,0,0,-1,1,-1,-1,6,-1
KR_6744524405,440,-9,-81,-53,-24,-7,8,1,-4,7,3,-3,7,4,-8,8,0,-2,3,1,-1,-15,-1,-1,-6,7,-2,-1,-3,-1,-1,-1,-1,1,-1
KR_6761128281,420,-3,-152,20,-7,-3,6,3,-5,6,1,0,1,1,-2,4,2,3,0,3,0,-6,-4,-3,-3,6,-1,0,-3,1,-1,-1,-1,2,-1
KR_6760097963,420,1,6,-2,0,3,0,3,-2,5,3,0,4,4,0,1,1,-1,2,1,0,-6,30,-4,-4,8,0,0,0,-1,-1,0,-1,4,-1
KR_6768861055,420,0,-76,11,-8,-1,4,3,-6,10,4,1,1,2,-2,7,5,0,2,2,0,-14,-4,1,-9,8,-2,0,-2,-1,1,-1,-1,5,-1
KR_6701008219,420,-4,-13,-8,-10,-1,3,2,0,3,3,-8,8,0,2,2,4,-3,4,1,0,-12,117,-1,-5,6,-2,0,-1,-1,-1,-1,-1,6,-1
KR_6767050990,420,-2,-32,-15,0,-1,1,0,0,1,1,0,2,2,1,0,1,0,0,0,0,4,-14,1,-6,5,0,0,-1,1,-1,-1,-1,1,-1
KR_6736333399,420,-6,-32,-24,0,0,0,0,2,2,4,-2,3,1,-2,4,2,2,2,4,-1,-5,-9,-1,-8,9,3,0,-2,1,-1,-1,-1,5,-1
KR_6728851652,420,-4,22,-33,-6,3,0,3,-6,8,2,-4,6,2,2,2,4,-1,3,2,-1,-5,-3,4,-9,5,-5,0,-1,-1,-1,-1,-1,4,-1
KR_6769414334,420,0,-12,-8,-2,1,1,2,-4,4,0,2,0,2,-1,2,1,0,1,1,0,4,0,1,-9,8,2,0,-1,-1,-1,-1,-1,3,-1
KR_6774020500,420,-5,-65,20,-12,-4,6,2,2,1,3,-5,5,0,-4,4,0,-1,2,1,0,-8,-3,-6,-5,11,-5,0,-2,1,1,-1,1,4,-1
KR_6705088353,420,-3,11,-6,-3,1,2,3,-2,3,1,-2,2,0,0,2,2,0,1,1,0,-6,-2,1,-4,3,-4,0,0,-1,-1,-1,-1,3,-1
KR_6773721755,420,-3,9,-22,-4,0,0,0,-4,5,1,-2,4,2,1,1,2,1,2,3,0,-13,-27,-5,-2,7,3,0,0,-1,1,0,-1,6,-1
KR_6672656560,420,-5,-2,-48,-13,-6,6,0,-1,1,0,0,0,0,-7,7,0,1,1,2,0,-10,-23,-2,-5,7,-1,0,-2,-1,-1,-1,-1,6,-1
KR_6777371988,420,2,-13,41,3,0,0,0,0,5,5,3,1,4,-2,7,5,2,0,2,0,-4,-7,-1,-3,4,-1,0,1,-1,1,1,1,3,-1
KR_6773860080,420,0,7,-11,-4,-4,4,0,0,2,2,0,2,2,-2,5,3,2,0,2,-1,-7,6,3,-7,4,-1,0,0,1,-1,1,-1,1,-1
KR_6710524587,420,1,-52,30,2,-2,3,1,2,3,5,1,1,2,1,1,2,0,1,1,0,-2,0,1,-9,8,-7,0,0,-1,-1,-1,-1,5,-1
KR_6771634771,420,-3,1,-6,-11,1,2,3,-1,2,1,-3,4,1,-5,6,1,-3,3,0,-1,-14,-7,-5,0,5,0,0,-1,-1,1,-1,-1,5,-1
KR_6777780618,420,-5,-12,-25,-12,-7,7,0,-2,5,3,-1,3,2,-1,5,4,-1,1,0,0,-18,9,6,-9,3,-2,0,-1,1,-1,-1,-1,1,-1
KR_6757023266,420,-2,-12,-24,-7,-3,4,1,-3,6,3,-1,4,3,0,0,0,0,1,1,0,-4,-4,-5,-2,7,5,0,1,0,-1,1,-1,0,-1
KR_6764992712,420,-4,3,-4,-14,-3,5,2,0,1,1,1,0,1,-9,10,1,-3,3,0,0,-18,5,4,-8,4,-6,0,0,-1,0,-1,-1,3,-1
KR_6749441064,420,-1,-21,-16,-6,0,3,3,-5,6,1,0,3,3,-1,2,1,0,0,0,0,-7,5,3,-6,3,2,0,-1,-1,-1,-1,-1,4,-1
KR_6772432156,420,-2,-37,-30,0,-1,3,2,-2,5,3,3,0,3,0,2,2,0,1,1,0,11,-18,1,-7,6,2,0,-1,1,-1,-1,1,4,-1
KR_6750987301,420,-3,-13,-28,-4,-4,5,1,-3,7,4,2,0,2,0,0,0,1,0,1,-1,-2,102,4,-9,5,-4,0,-2,1,-1,-1,-1,5,-1
KR_6722921747,420,-1,-2,-34,-6,0,1,1,-5,6,1,2,0,2,0,4,4,-3,3,0,0,-4,25,3,-10,7,-5,0,0,1,-1,0,1,5,-1
KR_6719968599,420,-1,-52,-11,-5,-2,2,0,-3,4,1,0,2,2,-2,4,2,2,1,3,0,-3,0,-3,-5,8,2,0,0,-1,-1,0,-1,4,-1
KR_6741717048,420,-4,-18,-26,-6,3,1,4,-3,4,1,-2,4,2,-4,5,1,0,0,0,0,-9,-11,-6,-2,8,7,0,0,-1,-1,-1,1,3,-1
KR_6755331125,420,-2,55,12,-4,2,1,3,-6,8,2,1,2,3,-1,2,1,0,1,1,1,4,4,-4,-5,9,0,0,1,1,-1,1,1,3,-1
KR_6729297045,420,0,-23,7,-1,0,1,1,2,4,6,-3,4,1,-1,4,3,1,0,1,0,-5,-11,3,-7,4,0,0,-1,-1,1,-1,-1,5,-1
KR_6769945079,420,0,-35,-4,2,-2,3,1,0,5,5,4,1,5,-3,5,2,3,1,4,0,4,20,-5,-3,8,-5,0,1,-1,1,1,1,3,-1
KR_6769986926,440,-3,5,-5,-7,-1,1,0,-1,4,3,-5,6,1,0,1,1,0,1,1,0,-3,-52,-2,-3,5,3,0,0,-1,1,0,1,3,-1
KR_6690509297,420,-7,-48,-45,-8,-9,11,2,2,3,5,-3,5,2,1,1,2,1,0,1,-1,4,-8,-3,-1,4,-2,0,-5,-1,-1,-1,-1,5,-1
KR_6723606775,420,-5,-35,-4,-14,-1,2,1,0,3,3,-9,9,0,-3,3,0,-1,1,0,0,-17,-16,-7,-2,9,-1,0,-1,-1,-1,-1,1,6,-1
KR_6773516765,420,-1,-40,1,-6,2,0,2,-5,8,3,-2,2,0,1,0,1,-2,2,0,0,-3,19,-4,-3,7,2,0,-1,1,-1,-1,-1,4,-1
KR_6771384167,420,-4,-28,4,-4,-1,1,0,-4,5,1,0,4,4,0,1,1,1,2,3,0,-9,4,0,-6,6,5,0,0,1,-1,0,1,2,-1
KR_6770053764,420,-2,-5,-17,-5,-1,3,2,-1,5,4,1,4,5,-6,6,0,2,0,2,1,-8,-1,2,-5,3,1,0,-3,-1,-1,-1,1,1,-1
KR_6682787808,420,1,-19,3,-1,-5,5,0,1,1,2,3,0,3,-2,3,1,2,1,3,0,-2,6,-1,-5,6,-3,0,0,1,-1,0,1,5,-1
KR_6743055580,420,-8,-149,-69,-11,-1,1,0,-7,7,0,-3,3,0,0,0,0,0,0,0,0,-5,-9,1,-5,4,-7,-1,-5,-1,-1,-1,-1,5,-1
KR_6753398955,420,-2,31,-13,-7,0,5,5,-3,3,0,-1,3,2,-3,6,3,0,2,2,0,-16,3,2,-10,8,-2,0,0,-1,-1,-1,-1,1,-1
KR_6775640559,420,-6,-72,-32,-15,-3,4,1,2,2,4,-1,2,1,-10,11,1,-3,3,0,0,-13,17,0,-7,7,-5,0,-2,-1,-1,-1,-1,3,-1
KR_6760054934,440,-2,-39,18,-6,-1,1,0,-4,5,1,0,1,1,-1,1,0,0,0,0,0,-8,10,5,-7,2,-2,0,1,0,1,1,1,0,-1
KR_6776178560,440,0,-57,1,-2,3,0,3,-1,3,2,-2,3,1,-2,2,0,0,0,0,0,-4,36,5,-8,3,-3,0,-1,1,-1,-1,1,2,-1
KR_6754088780,420,-6,-41,-12,-20,-2,2,0,-7,9,2,-1,2,1,-7,8,1,-3,3,0,0,-17,1,-3,-4,7,-2,0,-2,-1,-1,-1,-1,4,-1
KR_6770899121,420,-4,-57,-22,-9,-4,4,0,-5,6,1,0,2,2,1,1,2,-1,1,0,0,-6,-4,0,-5,5,-4,0,-1,-1,-1,-1,-1,4,-1
KR_6663383423,420,-2,-21,21,-5,-5,5,0,2,1,3,-3,5,2,1,1,2,0,1,1,0,-10,6,-2,-6,8,-5,0,-1,-1,-1,-1,1,2,-1
KR_6744873447,420,-1,17,1,-3,-1,1,0,-3,4,1,0,2,2,-2,3,1,3,1,4,0,-9,-18,-3,-6,9,9,0,0,-1,-1,-1,1,3,-1
KR_6750843400,420,1,20,8,4,0,3,3,-2,3,1,1,1,2,5,0,5,0,0,0,1,11,1,2,-9,7,1,0,1,1,1,1,1,5,-1
KR_6772024911,420,-2,38,-38,-11,-1,2,1,-7,9,2,-3,4,1,-2,2,0,2,2,4,0,-12,24,-1,-4,5,-15,0,-1,-1,-1,-1,-1,2,-1
KR_6711594294,420,-1,0,0,2,1,2,3,2,3,5,-2,2,0,0,4,4,1,1,2,-2,-5,-7,3,-11,8,-9,0,0,1,-1,1,-1,3,-1
KR_6773203557,420,-4,-70,-1,-7,0,2,2,-2,5,3,-4,6,2,-1,4,3,0,0,0,0,-6,20,-2,-3,5,1,0,0,-1,-1,0,1,6,-1
KR_6776053558,420,-4,-25,-16,-11,-1,2,1,0,3,3,-2,3,1,-7,8,1,-1,2,1,0,-13,4,1,-6,5,-10,0,-2,-1,-1,-1,-1,3,-1
KR_6748344305,420,-2,-60,-8,0,-1,2,1,2,6,8,-2,4,2,2,0,2,-1,2,1,0,5,31,0,-5,5,-2,0,-1,-1,-1,-1,1,2,-1
KR_6775035492,420,-1,8,2,-6,2,1,3,1,0,1,-3,4,1,-2,4,2,-4,5,1,-1,2,-1,-1,-3,4,-4,0,-1,-1,-1,-1,-1,2,-1
KR_6777765952,420,-5,-31,-72,-13,-3,4,1,-5,7,2,-6,8,2,1,4,5,0,2,2,0,-3,-6,-2,-3,5,5,0,-1,-1,-1,-1,-1,5,-1
KR_6770106468,440,-2,-18,-44,-10,-1,4,3,-8,11,3,-4,5,1,1,4,5,2,0,2,2,-16,8,-2,-4,6,-1,0,1,-1,-1,1,1,1,-1
KR_6745675925,420,-1,-70,9,-2,0,2,2,3,2,5,1,0,1,-6,8,2,0,1,1,2,-3,6,-3,-4,7,0,0,-1,-1,1,-1,1,2,-1
KR_6776253794,420,-2,-30,-16,0,0,2,2,1,3,4,-1,2,1,-1,1,0,1,2,3,0,-4,18,-7,-1,8,-3,0,0,-1,0,0,1,5,-1
KR_6753209520,420,-6,-95,1,-17,-7,9,2,-3,4,1,0,3,3,-5,6,1,-2,3,1,-1,-20,35,-4,-3,7,2,0,-2,-1,-1,-1,1,6,-1
KR_6775316166,420,3,-41,3,6,3,0,3,0,1,1,2,1,3,-1,3,2,2,0,2,0,9,14,2,-10,8,-5,0,0,-1,1,1,1,2,-1
KR_6765998401,420,-3,-65,28,-5,-4,4,0,3,1,4,-4,5,1,-1,5,4,1,1,2,2,-1,5,2,-10,8,-2,0,-3,1,1,-1,1,6,-1
KR_6773224140,420,-3,-92,-1,-7,-7,7,0,4,1,5,-3,4,1,-2,3,1,1,2,3,-1,0,-5,1,-10,9,-2,0,-2,1,-1,-1,-1,5,-1
KR_6771541109,420,-2,18,0,-6,-1,2,1,-3,3,0,-2,6,4,-1,5,4,1,0,1,0,-5,0,-2,-5,7,2,0,-1,-1,0,-1,-1,6,-1
KR_6732697807,420,0,50,-12,2,1,0,1,2,0,2,0,2,2,-1,3,2,0,0,0,0,2,4,2,-7,5,-3,0,0,1,-1,0,-1,6,-1
KR_6758657159,420,0,11,-9,0,-6,6,0,1,1,2,-5,7,2,7,3,10,3,1,4,0,0,-5,5,-6,1,-4,0,-1,1,0,1,1,3,-1
KR_6729267306,420,-1,-28,12,-5,-3,5,2,3,1,4,-3,3,0,0,5,5,-2,2,0,0,1,-17,-2,-6,8,3,0,1,1,1,1,-1,1,-1
KR_6587574920,420,0,-20,11,0,2,1,3,-3,3,0,0,1,1,3,1,4,-2,3,1,0,5,-4,1,-6,5,1,0,0,1,-1,-1,-1,5,-1
KR_6776605692,440,2,79,-22,-3,0,3,3,-2,3,1,-4,4,0,1,0,1,2,1,3,0,-6,5,0,-6,6,-3,0,0,-1,-1,-1,-1,4,-1
KR_6773345087,420,-1,14,9,3,2,0,2,1,3,4,1,2,3,-2,3,1,1,0,1,0,-2,56,4,-7,3,-1,0,-1,-1,1,-1,-1,4,-1
KR_6740162296,420,0,-39,-4,3,2,2,4,-3,4,1,2,0,2,2,2,4,0,0,0,0,7,-6,-1,-3,4,2,0,0,-1,-1,-1,-1,5,-1
KR_6733522409,420,-3,-3,-24,-4,-2,3,1,1,2,3,-1,2,1,-2,3,1,0,1,1,-1,1,10,-2,-5,7,0,0,0,-1,-1,1,-1,2,-1
KR_6772103666,420,-3,-16,-26,-4,-1,1,0,2,1,3,-1,1,0,-7,7,0,3,0,3,0,-2,1,-1,-5,6,5,0,0,1,-1,0,-1,6,-1
KR_6776772767,440,0,17,18,6,-1,4,3,1,0,1,-1,3,2,6,1,7,1,1,2,2,9,-80,-2,-1,3,14,0,0,1,-1,-1,1,2,-1
KR_6763300938,420,-5,-123,1,-3,3,2,5,-3,5,2,-1,5,4,-3,4,1,1,1,2,0,0,-8,-3,-4,7,-9,0,-1,-1,1,-1,1,1,-1
KR_6762838226,420,2,43,4,6,-2,4,2,1,1,2,-2,4,2,9,1,10,0,4,4,0,10,-13,2,-7,5,4,0,1,1,-1,1,-1,2,-1
KR_6561438485,420,0,-60,-8,-3,-1,1,0,2,5,7,1,4,5,-2,3,1,-3,3,0,0,-1,161,-3,-4,7,3,0,0,-1,-1,-1,-1,5,-1
KR_6738742609,420,-5,-47,-8,-14,0,1,1,-9,9,0,3,0,3,-5,5,0,-3,3,0,0,-18,-6,-1,-8,9,1,0,-2,-1,-1,-1,-1,2,-1
KR_6765317303,420,-3,-85,4,-4,0,0,0,-2,2,0,1,0,1,-2,2,0,-1,1,0,0,-8,-22,-3,-5,8,-7,0,0,-1,1,0,-1,4,-1
KR_6764199365,420,0,-21,12,4,-3,3,0,-4,4,0,5,0,5,5,0,5,1,0,1,0,0,155,-4,-3,7,1,0,-1,1,-1,-1,1,4,-1
KR_6768148834,420,-3,-49,-32,-9,-3,3,0,-3,5,2,-4,4,0,-1,4,3,2,2,4,1,-5,3,-3,-4,7,4,0,0,-1,-1,-1,1,2,-1
KR_6767047176,420,-5,-58,-36,-16,-5,6,1,-1,3,2,0,2,2,-10,10,0,0,1,1,-1,-12,-18,-6,-7,13,0,0,0,-1,-1,-1,-1,2,-1
KR_6774408481,420,-2,-15,0,-8,1,0,1,-2,5,3,-1,2,1,-7,7,0,1,0,1,0,-11,6,-4,-3,7,-4,0,-2,-1,-1,-1,-1,5,-1
KR_6771121231,420,1,93,-14,2,2,2,4,-6,8,2,2,2,4,1,2,3,3,0,3,0,-6,-3,-2,-4,6,3,0,3,-1,0,1,-1,1,-1
KR_6776086069,440,-3,-49,25,1,1,1,2,2,0,2,-2,2,0,0,1,1,0,5,5,0,0,3,-6,-4,10,0,0,-1,1,1,-1,-1,5,-1
KR_6756301567,420,-1,22,-7,-14,-3,4,1,-1,7,6,-5,6,1,-9,10,1,4,2,6,-2,-19,3,-1,-6,7,-1,0,-1,-1,-1,-1,-1,3,-1
KR_6764580743,420,0,-33,-6,1,0,1,1,0,3,3,3,0,3,-4,5,1,2,1,3,-1,0,-81,4,-7,3,4,0,0,-1,-1,0,-1,5,-1
KR_6764666814,420,0,8,-4,2,1,2,3,5,0,5,2,0,2,-3,6,3,-3,3,0,0,4,-15,-3,-5,8,7,0,0,1,1,1,-1,3,-1
KR_6744005592,420,-3,-91,-27,-3,-1,3,2,-4,5,1,2,1,3,0,6,6,0,2,2,0,-9,-8,3,-6,3,-4,0,-4,-1,-1,-1,1,2,-1
KR_6758736284,420,-2,-35,-38,-4,0,1,1,-3,3,0,-1,3,2,3,2,5,-3,3,0,0,3,-37,-2,-4,6,-1,0,0,-1,1,0,-1,1,-1
KR_6776084113,420,-4,-73,7,-5,-2,2,0,4,2,6,-1,1,0,-6,6,0,0,1,1,0,-9,5,3,-7,4,2,0,-1,-1,1,-1,-1,2,-1
KR_6665381328,420,0,38,15,-6,0,0,0,-6,7,1,2,1,3,-2,2,0,0,0,0,0,-4,4,0,-5,5,-1,0,-1,1,-1,-1,-1,6,-1
KR_6729245513,420,-4,-35,-54,-15,-2,3,1,-3,6,3,2,4,6,-13,13,0,1,1,2,-2,-35,-2,0,-5,5,-7,0,-3,-1,1,-1,-1,5,-1
KR_6762369634,420,-7,-77,-46,-19,-5,5,0,-5,5,0,2,2,4,-9,11,2,-2,3,1,0,-16,10,1,-5,4,-5,0,-4,-1,-1,-1,1,3,-1
KR_6726101957,420,1,5,31,-3,-1,3,2,-2,5,3,-5,9,4,5,0,5,0,1,1,2,1,-3,-1,-5,6,-1,0,1,1,-1,1,1,2,-1
KR_6772745920,420,-4,23,-12,-10,-6,7,1,-5,5,0,1,0,1,0,0,0,0,0,0,0,-8,2,-3,-3,6,2,0,0,-1,-1,-1,-1,2,-1
KR_6772856005,420,-2,-90,-32,2,2,1,3,1,0,1,2,1,3,-6,10,4,3,0,3,0,-2,-12,1,-9,8,-2,0,-1,-1,1,-1,-1,4,-1
KR_6774165057,420,3,75,12,6,0,4,4,5,3,8,-5,5,0,5,2,7,1,1,2,-1,-4,-38,-3,-5,8,-2,0,2,1,1,1,-1,3,-1
KR_6739574539,420,-4,-99,23,-12,0,2,2,-1,2,1,-2,3,1,-7,7,0,-2,2,0,-2,-14,-103,-3,-6,9,-10,0,-2,-1,-1,-1,-1,3,-1
KR_6775631972,420,0,3,11,-1,2,1,3,4,1,5,-2,3,1,-5,5,0,0,2,2,0,-10,-6,-2,-3,5,5,0,0,-1,1,1,1,6,-1
KR_6740608121,420,-6,-98,-50,-17,-6,6,0,-3,3,0,-3,4,1,-3,4,1,-2,2,0,0,-15,-4,-2,-3,5,1,0,-3,-1,-1,-1,-1,3,-1
KR_6759676046,420,-2,-41,20,4,1,1,2,3,1,4,0,1,1,0,5,5,0,0,0,0,1,34,1,-8,7,2,0,0,0,1,1,-1,0,-1
KR_6757578318,420,-2,-47,12,2,-1,1,0,2,1,3,3,1,4,-2,3,1,0,1,1,0,10,140,2,-8,6,1,0,-1,-1,1,-1,1,4,-1
KR_6766082448,420,1,28,5,-3,-9,11,2,-1,4,3,2,2,4,1,1,2,4,0,4,1,9,-2,1,-6,5,5,0,0,1,1,1,1,3,-1
KR_6765061402,420,0,0,-2,-6,0,0,0,2,1,3,-5,7,2,-3,4,1,0,2,2,0,-14,6,-1,-3,4,-3,0,-1,0,-1,-1,-1,0,-1
KR_6722017256,420,-2,-24,-8,-11,-10,11,1,-1,7,6,-1,4,3,0,2,2,1,1,2,-1,-13,-5,-2,-5,7,-3,0,-2,-1,1,-1,-1,4,-1
KR_6777622503,420,-3,7,-16,-6,-1,1,0,-2,2,0,2,3,5,-3,5,2,-2,2,0,0,-8,5,0,-5,5,-4,0,0,-1,-1,-1,1,1,-1
KR_6711498215,420,4,11,2,1,3,0,3,0,5,5,1,2,3,-3,3,0,0,0,0,0,0,-11,-1,-6,7,2,0,0,-1,1,0,-1,3,-1
KR_6770446443,420,1,-7,-15,0,-2,4,2,-2,4,2,-1,3,2,5,2,7,0,0,0,0,6,14,-1,-4,5,0,0,1,-1,-1,1,-1,5,-1
KR_6772319296,420,1,15,10,1,-3,4,1,0,1,1,-3,4,1,5,5,10,2,0,2,0,6,-3,-1,-8,9,-2,0,0,-1,1,0,1,4,-1
KR_6758933440,420,3,36,-8,4,3,1,4,0,2,2,1,2,3,3,0,3,-3,3,0,0,2,-15,3,-7,4,0,0,1,-1,-1,1,1,1,-1
KR_6776909866,440,-5,-71,-30,-12,-4,5,1,0,2,2,-4,8,4,-5,6,1,1,0,1,0,-8,-3,3,-7,4,-1,0,-2,-1,-1,-1,-1,4,-1
KR_6771808137,420,4,12,9,6,0,0,0,2,0,2,0,1,1,3,0,3,1,0,1,0,6,11,-1,-8,9,0,0,-1,1,1,1,1,4,-1
KR_6764454689,420,-1,22,-5,-6,1,2,3,-1,3,2,-2,5,3,-4,5,1,0,0,0,0,-9,-16,3,-6,3,-3,0,-2,1,-1,-1,1,2,-1
KR_6749195535,420,0,17,-8,-1,2,0,2,-5,5,0,-2,3,1,5,0,5,-1,1,0,0,2,-123,-2,-5,7,-2,0,-1,-1,-1,-1,1,1,-1
KR_6776118366,420,-1,14,3,-3,-3,4,1,-1,2,1,0,2,2,1,1,2,0,0,0,0,1,22,1,-9,8,-1,0,0,-1,1,-1,-1,6,-1
KR_6774955121,420,-2,1,3,1,4,2,6,3,1,4,-4,4,0,-2,5,3,0,2,2,0,-3,-140,4,-8,4,0,0,-1,-1,1,-1,1,5,-1
KR_6653609245,420,-2,18,9,-12,-1,3,2,-2,3,1,-2,6,4,-4,6,2,-3,3,0,-3,-27,-17,-9,-2,11,-4,0,-1,-1,-1,-1,-1,3,-1
KR_6769160901,420,2,28,-7,10,0,0,0,0,3,3,9,0,9,1,3,4,0,1,1,0,14,39,-1,-3,4,0,0,0,-1,-1,0,1,3,-1
KR_6731686969,420,-1,-27,-4,-6,1,1,2,-1,2,1,-3,4,1,-2,3,1,-1,1,0,0,-11,10,6,-9,3,-5,0,0,-1,1,0,1,1,-1
KR_6723117894,420,-7,-86,-23,-9,-2,2,0,-3,4,1,1,1,2,-5,5,0,0,0,0,0,-9,1,1,-5,4,-6,0,-4,-1,-1,-1,-1,3,-1
KR_6764573949,420,0,-21,16,-7,-4,4,0,2,1,3,-1,2,1,-4,5,1,0,1,1,-2,-10,25,-1,-5,6,-11,0,-1,1,-1,-1,-1,6,-1
KR_6768211340,420,-2,-30,-6,-6,-1,3,2,-2,3,1,-1,3,2,1,2,3,-3,3,0,0,-14,1,-1,-6,7,-5,0,-1,-1,-1,-1,-1,5,-1
KR_6763657720,440,-2,-39,-20,-4,-2,2,0,2,0,2,0,1,1,-4,6,2,0,2,2,0,-1,-24,-2,-4,6,17,0,0,0,1,0,-1,0,-1
KR_6761179834,420,-1,52,-3,-9,0,2,2,2,0,2,-3,4,1,-7,7,0,-1,1,0,0,-9,-123,-3,-3,6,-6,0,0,-1,-1,0,-1,6,-1
KR_6620793143,420,-3,-22,-8,1,3,2,5,7,1,8,-2,4,2,-2,2,0,-5,5,0,0,-1,-4,-1,-5,6,-2,0,1,-1,1,1,1,2,-1
KR_6734877576,420,-4,-17,20,-12,-1,1,0,0,3,3,-4,6,2,-7,7,0,0,3,3,1,-7,-3,-6,-4,10,-2,0,-1,-1,-1,-1,1,4,-1
KR_6740811251,420,-3,-31,8,-8,-2,3,1,-2,2,0,-5,5,0,2,2,4,-1,1,0,0,-7,-12,-4,-5,9,3,0,-1,-1,1,-1,-1,4,-1
KR_6679756942,420,-3,-47,-17,-5,-1,2,1,4,1,5,-1,3,2,-3,7,4,-4,5,1,1,2,-11,-3,-4,7,0,0,1,-1,-1,-1,1,3,-1
KR_6777805978,420,-8,-139,-3,-12,-3,6,3,-4,4,0,-3,5,2,-3,6,3,1,0,1,0,-3,-10,0,-8,8,3,0,-2,-1,-1,-1,-1,3,-1
KR_6769820892,420,-4,-74,-23,-6,-2,3,1,-4,4,0,0,3,3,2,2,4,-2,5,3,0,-8,-1,-3,-6,9,1,0,0,-1,-1,0,1,5,-1
KR_6747678262,440,-2,-5,-21,4,1,1,2,-2,4,2,5,1,6,2,1,3,-2,3,1,0,13,-203,2,-5,3,2,0,-2,-1,1,-1,1,4,-1
KR_6710384995,420,-4,-19,-13,-9,5,1,6,-7,7,0,-9,9,0,2,5,7,0,0,0,-1,-4,-2,1,-5,4,-4,0,-1,-1,-1,-1,-1,3,-1
KR_6751204613,440,0,13,24,2,2,1,3,-1,3,2,6,1,7,-3,6,3,-2,2,0,0,0,50,2,-5,3,-19,0,-1,1,1,-1,1,4,-1
KR_6765078947,420,-1,3,-29,-5,3,0,3,-3,3,0,-1,2,1,-1,4,3,-3,6,3,0,-11,11,2,-5,3,-3,0,-2,-1,-1,-1,1,4,-1
KR_6771749801,420,-2,-22,-12,-2,1,1,2,-1,4,3,-4,7,3,1,1,2,1,1,2,0,7,-6,-5,-4,9,-1,0,-1,1,-1,-1,1,1,-1
KR_6764983779,420,-5,33,-17,-7,3,0,3,-5,9,4,-4,5,1,1,1,2,-2,3,1,0,-10,-3,1,-5,4,3,0,0,-1,1,1,1,6,-1
KR_6764333253,420,-8,-92,-28,-22,-7,7,0,-2,3,1,-5,8,3,-8,10,2,0,0,0,0,-20,-7,-3,-2,5,2,0,-2,-1,-1,-1,-1,4,-1
KR_6711199750,420,-1,-32,-33,1,1,2,3,-5,8,3,0,2,2,4,1,5,1,0,1,-2,-2,-7,-2,-4,6,4,0,-1,-1,-1,-1,-1,3,-1
KR_6777469469,420,-2,6,-1,-3,-5,5,0,-1,4,3,0,2,2,1,2,3,2,1,3,0,8,-6,3,-10,7,1,0,1,-1,1,1,-1,4,-1
KR_6767241060,420,-1,-56,32,-12,-2,4,2,2,1,3,-3,3,0,-9,10,1,0,1,1,0,-12,0,2,-7,5,2,0,0,-1,1,-1,-1,5,-1
KR_6766779809,420,-3,-57,2,-6,1,0,1,0,3,3,-3,3,0,-1,4,3,-3,3,0,0,-10,5,2,-6,4,-3,0,-1,-1,1,-1,1,1,-1
KR_6747180940,420,-1,-57,10,-3,-2,3,1,2,0,2,0,1,1,-6,6,0,3,0,3,0,1,-148,-1,-6,7,-1,0,-3,-1,1,-1,1,1,-1
KR_6753045147,420,1,-78,-4,-5,-5,5,0,1,1,2,4,2,6,-3,4,1,-2,2,0,0,-2,7,0,-7,7,-4,0,-3,1,-1,-1,-1,4,-1
KR_6747481682,420,-1,-8,14,-3,-1,3,2,-2,5,3,-1,2,1,2,0,2,-1,2,1,-1,-7,-2,4,-9,5,12,0,-1,1,-1,-1,-1,4,-1
KR_6700064954,420,2,23,8,-1,1,1,2,-3,4,1,2,2,4,2,1,3,-3,4,1,-1,-1,-13,0,-6,6,0,0,1,-1,1,1,-1,5,-1
KR_6771860480,440,-4,-20,-16,-11,-4,5,1,0,3,3,0,1,1,-6,9,3,-1,3,2,0,-4,-4,-1,-1,2,3,0,-1,-1,-1,-1,-1,4,-1
KR_6716423041,420,-5,-82,-12,-11,-4,4,0,-4,5,1,2,4,6,-5,7,2,0,0,0,0,-15,-12,-9,0,9,1,0,-3,1,-1,-1,-1,3,-1
KR_6764412798,420,-3,-42,-2,2,-1,1,0,0,1,1,5,0,5,-3,5,2,1,1,2,0,6,-26,2,-5,3,1,0,-1,-1,1,-1,1,5,-1
KR_6774919270,420,-2,15,-36,1,-4,4,0,3,3,6,2,1,3,-2,3,1,2,0,2,0,5,17,2,-4,2,-2,0,0,1,-1,-1,-1,5,-1
KR_6775235590,420,-1,15,19,-4,-3,3,0,-7,8,1,2,2,4,2,4,6,2,1,3,0,-4,-11,0,-5,5,6,0,1,-1,-1,-1,1,4,-1
KR_6773357428,440,-1,8,9,-5,-4,4,0,1,1,2,-1,2,1,-1,4,3,0,1,1,0,-4,36,0,-6,6,-2,0,0,0,1,0,1,0,-1
KR_6692889713,420,-2,-17,-15,-6,1,0,1,-2,5,3,-1,1,0,-3,3,0,-1,1,0,0,-5,-12,1,-10,9,-1,0,0,1,-1,-1,-1,3,-1
KR_6765885261,420,-4,-13,-7,-13,-4,5,1,-4,5,1,3,0,3,-9,10,1,1,1,2,0,-17,-15,1,-8,7,1,0,-1,-1,1,-1,1,4,-1
KR_6777155558,420,2,16,-13,6,0,1,1,4,0,4,-1,2,1,1,0,1,2,0,2,0,7,11,3,-8,5,0,0,-1,-1,-1,-1,1,2,-1
KR_6770805000,420,0,-61,-16,8,-2,4,2,5,4,9,1,0,1,-1,7,6,5,0,5,0,9,-4,-2,-7,9,3,0,-2,-1,-1,-1,1,6,-1
KR_6776854367,420,-2,-55,25,-7,0,4,4,-4,7,3,-2,2,0,-2,4,2,1,1,2,0,-8,-13,2,-8,6,-2,0,-2,0,-1,-1,1,0,-1
KR_6753432205,420,-1,-38,0,-3,1,2,3,-3,5,2,0,1,1,-3,6,3,2,1,3,1,-6,-3,0,-7,7,-2,0,0,-1,1,-1,1,1,-1
KR_6734147146,420,2,-55,-8,2,-3,6,3,0,1,1,1,0,1,4,1,5,0,1,1,0,11,5,-1,-3,4,-4,0,-2,1,-1,-1,1,5,-1
KR_6764067721,420,-4,-65,0,-9,2,1,3,-3,3,0,-5,5,0,-2,5,3,-1,1,0,0,-13,-20,3,-5,2,-1,0,0,-1,1,-1,1,1,-1
KR_6768735678,420,-3,-65,-34,-6,1,0,1,-4,6,2,-2,3,1,-1,2,1,0,1,1,0,-7,-15,-4,-3,7,-1,0,-2,-1,1,-1,1,2,-1
KR_6758226460,420,-2,-26,-44,-1,0,1,1,-2,4,2,0,2,2,0,2,2,1,1,2,-1,-7,-41,-6,-3,9,1,0,0,-1,1,-1,-1,2,-1
KR_6770135338,420,-2,-6,0,-2,-2,2,0,0,4,4,-1,3,2,1,1,2,0,0,0,0,-10,-3,4,-6,2,-3,0,0,0,0,-1,1,0,-1
KR_6744536165,420,-2,62,-12,-2,1,1,2,-1,4,3,3,2,5,-4,4,0,-1,2,1,2,-2,-20,-2,-3,5,-3,0,0,1,-1,0,1,6,-1
KR_6754249287,420,-1,27,-6,-4,1,0,1,-3,5,2,-2,3,1,0,3,3,0,0,0,-1,-10,-26,2,-9,7,-1,0,0,-1,-1,1,-1,2,-1
KR_6762865301,420,-3,-19,-39,6,3,1,4,0,3,3,0,1,1,4,1,5,-1,1,0,0,4,-2,4,-8,4,1,0,-1,-1,1,-1,1,3,-1
KR_6708969751,420,-7,-127,-35,-2,-2,2,0,-1,4,3,-2,2,0,6,2,8,-3,3,0,0,10,-5,5,-9,4,-9,-1,-5,1,-1,-1,-1,3,-1
KR_6734870538,420,-5,-81,-36,-9,-6,6,0,-3,3,0,0,1,1,-1,2,1,1,1,2,0,-5,-10,-8,-3,11,-3,0,1,-1,-1,-1,1,2,-1
KR_6762992189,420,1,62,32,-3,-4,4,0,-2,3,1,1,0,1,0,0,0,2,0,2,1,2,-21,2,-5,3,-1,0,0,1,-1,1,1,4,-1
KR_6742776901,420,0,41,4,-2,-1,2,1,1,1,2,-4,5,1,1,1,2,1,0,1,0,-2,-165,5,-8,3,-7,0,0,1,1,1,1,6,-1
KR_6761734865,420,3,22,0,-2,0,2,2,0,5,5,-2,3,1,-1,8,7,1,2,3,0,-1,-23,-6,-1,7,8,0,-1,-1,1,-1,-1,1,-1
KR_6730769029,420,2,11,8,7,1,1,2,1,1,2,3,0,3,2,2,4,0,1,1,0,15,61,2,-6,4,5,0,0,1,-1,0,1,5,-1
KR_6763039088,420,-3,-85,5,-7,-4,7,3,-3,3,0,-6,7,1,5,3,8,1,0,1,0,-1,105,5,-5,0,0,0,-1,1,-1,-1,1,1,-1
KR_6731743977,420,-2,3,-27,-3,4,1,5,0,2,2,-2,4,2,1,3,4,-6,7,1,2,3,-19,5,-10,5,-6,0,-1,1,-1,-1,1,5,-1
KR_6765242601,420,-2,-32,-3,-3,0,3,3,-2,2,0,-1,1,0,0,1,1,0,0,0,1,-6,-1,-1,-4,5,2,0,0,-1,1,0,1,3,-1
KR_6769420629,420,-5,-109,-20,-3,-2,2,0,-3,5,2,1,3,4,0,1,1,1,0,1,0,-2,-20,6,-11,5,-4,0,0,1,-1,-1,-1,3,-1
KR_6762783642,420,1,13,-8,4,5,0,5,-1,3,2,-2,2,0,-1,4,3,3,0,3,0,-1,5,-5,-1,6,-3,0,1,1,1,1,-1,2,-1
KR_6743659287,420,-4,-55,8,-9,-3,4,1,0,3,3,-3,4,1,-3,3,0,0,1,1,0,-19,14,-3,-4,7,-4,0,0,1,-1,1,1,1,-1
KR_6758724901,420,-1,-26,16,2,0,0,0,-2,4,2,-1,2,1,2,1,3,3,2,5,0,-5,-3,-2,-3,5,7,0,-1,-1,-1,-1,1,4,-1
KR_6750592415,420,-4,-20,4,-9,-1,1,0,-3,6,3,-1,3,2,-4,6,2,0,0,0,-1,-21,1,4,-9,5,-2,0,-1,-1,1,-1,-1,6,-1
KR_6774529458,440,-2,-69,0,-4,-3,4,1,-2,6,4,-2,3,1,3,1,4,0,1,1,0,1,-10,-3,-3,6,0,0,-1,-1,1,-1,1,1,-1
KR_6758223683,420,-2,-30,-13,-5,-5,8,3,1,1,2,0,3,3,-2,5,3,1,1,2,1,1,-26,-4,-6,10,4,0,-2,-1,1,-1,1,1,-1
KR_6750748418,440,-1,-31,13,-8,-3,4,1,-1,3,2,-1,2,1,-3,3,0,0,0,0,0,-4,-7,0,-6,6,2,0,-1,1,-1,-1,-1,1,-1
KR_6730641955,420,-4,-48,-11,-14,3,1,4,-5,7,2,-4,8,4,-6,7,1,-2,2,0,0,-20,-1,-1,-4,5,1,0,-2,-1,1,-1,-1,3,-1
KR_6771991598,420,0,4,-15,-3,-3,3,0,0,0,0,-4,4,0,5,0,5,-1,2,1,0,2,7,3,-9,6,2,0,0,1,-1,0,1,6,-1
KR_6757034209,420,0,6,-8,0,2,0,2,-1,4,3,0,2,2,2,1,3,-3,3,0,0,2,-173,-1,-6,7,-2,0,0,1,-1,0,-1,2,-1
KR_6777009644,420,0,-46,12,-8,-2,4,2,-2,5,3,-1,2,1,-1,5,4,-2,2,0,0,-3,103,1,-8,7,0,0,0,1,-1,-1,-1,1,-1
KR_6693498436,420,-4,-63,-5,-11,2,0,2,-7,7,0,-5,6,1,-2,3,1,1,0,1,0,-13,16,0,-3,3,-7,0,-1,-1,1,-1,-1,6,-1
KR_6747843122,420,-3,-77,-4,-12,-3,4,1,-2,3,1,-3,3,0,-2,3,1,-2,2,0,-1,-17,-15,-3,-2,5,-5,0,0,-1,-1,-1,-1,6,-1
KR_6768098387,420,-2,-39,-14,-3,-2,2,0,3,1,4,-2,7,5,-3,4,1,1,1,2,0,4,2,-2,-6,8,4,0,0,-1,-1,-1,1,4,-1
KR_6698795843,420,-3,-71,-38,-5,0,2,2,-1,7,6,-1,4,3,-4,6,2,1,0,1,0,-1,-9,-3,-4,7,4,0,-1,-1,1,-1,-1,4,-1
KR_6752422909,420,0,35,2,-5,2,1,3,-3,3,0,-1,3,2,-1,7,6,-2,3,1,0,-14,-33,0,-4,4,-3,0,1,1,-1,1,-1,6,-1
KR_6765653242,420,-1,4,-20,1,-3,4,1,1,2,3,-3,4,1,4,1,5,2,0,2,0,4,12,-1,-3,4,0,0,0,-1,-1,-1,1,4,-1
KR_6776297031,420,1,80,24,4,0,1,1,1,3,4,-2,3,1,1,2,3,4,0,4,0,8,85,2,-6,4,-19,0,2,-1,1,1,1,6,-1
KR_6775524034,420,-1,22,-26,-3,2,0,2,-2,8,6,-2,3,1,0,2,2,-1,1,0,0,-1,1,2,-7,5,2,0,0,-1,-1,0,-1,1,-1
KR_6755744447,420,-5,-48,-1,-9,-4,4,0,-4,5,1,1,1,2,-2,2,0,0,0,0,0,-10,-7,1,-3,2,-4,0,0,1,-1,0,-1,5,-1
KR_6776288243,420,-3,-21,-6,-9,1,3,4,-2,4,2,-2,4,2,-3,4,1,-3,4,1,0,-22,9,1,-8,7,0,0,-1,-1,1,-1,1,6,-1
KR_6749209281,420,-1,-21,-8,3,0,1,1,6,1,7,-6,7,1,3,2,5,0,0,0,0,12,4,0,-8,8,4,0,1,1,-1,1,-1,3,-1
KR_6777345054,420,-2,16,28,0,-4,5,1,5,0,5,2,1,3,-1,4,3,-2,3,1,2,2,3,1,-7,6,-1,0,0,1,-1,-1,1,3,-1
KR_6772069791,440,1,59,-4,-3,2,1,3,-1,3,2,2,1,3,-4,5,1,-2,3,1,0,-11,-2,-2,-5,7,1,0,2,-1,1,1,-1,4,-1
KR_6768526597,420,1,40,0,-6,-4,4,0,1,2,3,0,2,2,-4,5,1,1,0,1,0,-10,-52,3,-6,3,0,0,1,-1,1,1,-1,1,-1
KR_6754164010,420,3,20,2,6,2,2,4,-2,4,2,5,2,7,0,1,1,1,1,2,0,3,33,3,-9,6,-1,0,1,1,-1,1,1,5,-1
KR_6727740876,440,-6,-33,-71,-9,0,3,3,-2,7,5,0,3,3,-2,2,0,-5,6,1,0,-7,-125,-1,-4,5,-5,0,-3,-1,-1,-1,1,4,-1
KR_6706478448,420,-2,-35,-41,-8,2,5,7,-8,8,0,-1,2,1,-1,5,4,0,0,0,1,4,-18,-5,-7,12,1,0,-2,-1,-1,-1,1,1,-1
KR_6759138344,420,-9,-116,-12,-23,-7,7,0,-6,6,0,-3,3,0,-6,6,0,-1,1,0,-1,-25,11,2,-4,2,-2,0,-5,-1,-1,-1,-1,3,-1
KR_6769135724,420,-6,-63,17,-13,-4,4,0,-3,3,0,-5,6,1,-1,2,1,0,0,0,0,-5,19,-2,-4,6,-3,0,0,-1,1,0,1,4,-1
KR_6771427994,420,-7,-44,-13,-20,-3,3,0,0,2,2,-3,3,0,-12,12,0,-2,2,0,0,-25,-13,-5,-3,8,3,0,-2,-1,-1,-1,-1,5,-1
KR_6742054785,420,-4,-32,-4,-9,-5,5,0,-1,5,4,-4,5,1,1,3,4,0,2,2,-1,-7,-15,-3,-5,8,1,0,-1,-1,-1,-1,-1,2,-1
KR_6731627670,420,0,18,-32,0,0,2,2,0,4,4,1,0,1,-1,4,3,0,0,0,1,0,123,7,-14,7,-4,0,0,-1,1,1,1,5,-1
KR_6775652058,420,-7,-80,-33,-8,-4,6,2,0,3,3,-3,4,1,-1,4,3,0,0,0,1,0,1,5,-8,3,-7,0,0,-1,-1,0,1,6,-1
KR_6748219030,420,-2,-27,23,-5,0,2,2,-6,8,2,-1,6,5,3,1,4,-1,2,1,0,-5,-26,1,-9,8,1,0,-1,1,-1,-1,-1,4,-1
KR_6747980657,420,-7,-68,-47,-16,0,2,2,-9,9,0,-3,5,2,0,3,3,-4,5,1,-2,-15,-7,-2,-5,7,-4,0,-1,-1,-1,-1,-1,5,-1
KR_6694749911,420,-4,-11,9,-7,-4,4,0,0,2,2,-1,2,1,-2,5,3,0,0,0,0,-1,16,-3,-3,6,1,0,-1,-1,-1,-1,-1,4,-1
KR_6773302150,420,-3,-71,-14,-8,-1,1,0,3,2,5,-5,8,3,-6,6,0,1,2,3,-1,-2,9,0,-5,5,-7,0,-1,-1,-1,-1,-1,6,-1
KR_6746457145,420,1,-8,0,2,2,0,2,4,2,6,-6,6,0,4,1,5,-2,2,0,0,4,21,2,-6,4,-5,0,1,-1,1,1,-1,1,-1
KR_6774790695,420,-2,19,-25,1,0,4,4,-1,1,0,-3,8,5,6,4,10,-1,2,1,0,-12,-3,-1,-9,10,-3,0,0,-1,-1,-1,-1,1,-1
KR_6769198682,420,2,15,-9,4,1,3,4,-1,1,0,3,1,4,0,1,1,1,0,1,0,1,233,3,-8,5,-1,0,1,1,-1,1,-1,6,-1
KR_6764113470,420,-2,-55,7,-6,-2,2,0,-7,8,1,2,0,2,0,2,2,1,0,1,0,-9,7,-1,-5,6,-4,0,-2,-1,-1,-1,-1,1,-1
KR_6776192636,420,-1,24,1,-6,-2,4,2,-1,2,1,-2,2,0,0,4,4,-1,1,0,0,-10,279,-2,-4,6,1,0,0,1,1,0,1,2,-1
KR_6752010475,420,-3,-19,-16,-7,-2,3,1,0,0,0,0,3,3,-1,1,0,-4,5,1,0,-5,10,-2,-4,6,-4,0,0,0,1,0,-1,0,-1
KR_6775109782,420,0,-27,0,0,0,2,2,-2,3,1,-2,2,0,4,3,7,0,1,1,0,-1,-4,-8,-3,11,4,0,1,-1,1,1,1,3,-1
KR_6777200052,420,-3,-45,1,-9,-5,6,1,1,2,3,3,2,5,-7,8,1,-1,2,1,0,-17,0,-3,-8,11,-6,0,-1,-1,-1,-1,-1,1,-1
KR_6728887750,420,-1,-26,18,-5,-4,5,1,0,3,3,1,0,1,-1,3,2,-1,1,0,0,-6,-1,-2,-4,6,2,0,-3,1,-1,-1,-1,4,-1
KR_6759945134,420,-3,3,-20,-3,-3,3,0,-4,5,1,2,2,4,-1,5,4,3,0,3,0,5,-16,0,-4,4,-2,0,0,-1,-1,0,1,1,-1
KR_6756754463,420,-4,-64,-32,-12,1,0,1,-4,5,1,-4,6,2,1,1,2,-6,8,2,0,-13,6,3,-7,4,-3,0,-1,-1,-1,-1,-1,6,-1
KR_6750556170,420,-4,-31,20,-6,2,2,4,-3,5,2,-2,3,1,-3,5,2,0,1,1,0,-9,0,0,-7,7,-2,0,0,1,0,0,1,4,-1
KR_6681599801,440,-2,-52,-22,-10,-2,2,0,-5,6,1,-4,4,0,0,0,0,1,2,3,0,-7,-12,-2,-6,8,-1,0,-1,-1,-1,-1,-1,3,-1
KR_6773064294,420,-5,-99,-3,-9,-2,3,1,0,1,1,-3,3,0,-4,6,2,0,1,1,0,-6,27,-3,-7,10,-10,0,1,-1,1,1,-1,3,-1
KR_6767000782,440,-6,-83,-35,-4,-2,3,1,2,2,4,-2,2,0,-1,2,1,-1,2,1,0,0,-3,-4,-8,12,-2,0,-1,-1,-1,-1,-1,5,-1
KR_6774142661,420,-4,-22,-13,-11,-2,2,0,-5,9,4,0,2,2,-2,3,1,-2,2,0,0,-18,-47,4,-10,6,24,0,-2,-1,-1,-1,-1,1,-1
KR_6774260624,420,4,11,23,2,1,1,2,0,5,5,0,3,3,2,4,6,-1,1,0,1,9,12,1,-5,4,5,0,1,1,1,1,1,6,-1
KR_6735110717,420,-1,7,-21,-4,0,2,2,-4,7,3,-2,4,2,-1,2,1,3,1,4,0,-13,-39,-2,-3,5,4,0,1,-1,0,1,1,6,-1
KR_6766394151,420,-2,-12,20,-2,-3,3,0,1,3,4,2,1,3,-3,3,0,1,1,2,0,1,-39,2,-4,2,21,0,0,1,-1,0,1,2,-1
KR_6766009596,440,-1,-4,-20,1,-2,3,1,4,1,5,-2,3,1,1,1,2,0,1,1,0,6,-4,-1,-5,6,1,0,-1,1,-1,-1,-1,1,-1
KR_6777247794,420,-6,-33,8,-13,-8,8,0,-3,5,2,-4,5,1,1,4,5,1,2,3,0,1,32,0,-5,5,-10,0,-1,-1,-1,-1,-1,3,-1
KR_6762250340,420,-4,-31,-4,-15,3,1,4,-6,8,2,-3,5,2,-8,10,2,-1,1,0,-1,-23,-14,1,-7,6,-1,0,-1,-1,-1,-1,-1,4,-1
KR_6741973679,420,1,-2,48,-4,-6,7,1,5,1,6,-2,6,4,2,1,3,-3,4,1,0,-2,-21,4,-8,4,7,0,-1,-1,-1,-1,1,6,-1
KR_6755827610,420,2,-24,12,3,0,1,1,3,1,4,2,0,2,0,4,4,-2,4,2,-1,10,-290,3,-8,5,-1,0,-1,1,1,-1,-1,6,-1
KR_6742226273,420,-3,-4,0,-3,4,0,4,-7,7,0,2,2,4,3,1,4,-5,7,2,-1,-12,-62,0,-7,7,-3,0,-1,-1,1,-1,-1,1,-1
KR_6774194240,420,3,13,5,6,2,0,2,0,2,2,0,3,3,3,3,6,1,0,1,-1,8,10,6,-10,4,1,0,0,1,1,0,-1,1,-1
KR_6771671237,420,-5,-111,-8,-11,-6,6,0,-1,3,2,-5,6,1,1,1,2,0,2,2,-1,-17,-10,-5,-3,8,4,0,-1,-1,-1,-1,-1,3,-1
KR_6707430955,440,-2,40,-16,0,-3,4,1,-1,3,2,4,0,4,0,1,1,0,0,0,0,-5,-168,1,-6,5,-1,0,0,1,-1,0,-1,4,-1
KR_6771625632,420,-2,-31,1,-4,1,3,4,-2,8,6,-3,6,3,0,2,2,0,1,1,1,-7,-85,0,-5,5,34,0,-2,-1,-1,-1,1,1,-1
KR_6774480638,420,-3,-17,8,-3,-1,2,1,-1,3,2,-1,3,2,-2,6,4,2,0,2,0,-7,-24,-3,-4,7,3,0,-1,1,-1,-1,-1,4,-1
KR_6773555773,420,1,8,-24,4,4,1,5,0,2,2,0,0,0,-2,5,3,2,0,2,0,-2,16,1,-7,6,-8,0,0,-1,-1,0,1,5,-1
KR_6738333685,420,-1,-4,-17,-4,3,2,5,-4,5,1,1,0,1,1,1,2,-5,5,0,1,-9,-41,0,-8,8,-6,0,0,1,1,0,1,5,-1
KR_6762343309,420,2,52,16,-3,2,0,2,-2,4,2,-2,2,0,0,2,2,-1,2,1,0,-11,6,2,-6,4,1,0,3,-1,1,1,-1,4,-1
KR_6773052214,440,-4,-74,-15,-5,-2,3,1,-2,2,0,-5,5,0,2,0,2,2,0,2,0,-2,6,2,-6,4,-4,0,-1,1,-1,-1,-1,5,-1
KR_6772379855,420,1,-12,26,-3,-3,3,0,-3,5,2,3,3,6,-2,3,1,2,0,2,0,-7,150,2,-7,5,-2,0,0,0,-1,-1,-1,0,-1
KR_6751129911,440,-2,-31,-12,-3,1,0,1,2,4,6,2,0,2,-9,9,0,1,0,1,0,-3,-11,-2,-4,6,-3,0,-1,-1,1,-1,-1,1,-1
KR_6771462438,420,-2,-73,18,-8,-5,5,0,2,1,3,-2,2,0,0,0,0,-3,3,0,0,-7,-6,-5,-4,9,-5,0,-1,-1,-1,-1,-1,4,-1
KR_6663371779,420,-3,-17,7,-16,-2,4,2,-6,6,0,0,2,2,-5,6,1,-3,4,1,-3,-23,2,1,-6,5,0,0,-1,1,-1,-1,-1,5,-1
KR_6769296353,420,-4,-34,-5,-16,-2,3,1,-10,10,0,-1,4,3,0,4,4,-3,3,0,0,-22,-10,-4,-2,6,-1,0,-3,-1,-1,-1,1,6,-1
KR_6753284999,420,2,38,1,0,2,0,2,0,1,1,2,0,2,-4,4,0,0,0,0,0,-3,-11,-5,-6,11,4,0,0,1,1,1,-1,3,-1
KR_6739554755,420,1,75,-28,-6,0,1,1,0,2,2,-3,6,3,-2,5,3,-1,1,0,0,-17,11,2,-8,6,-1,0,0,1,-1,0,-1,4,-1
KR_6758687204,420,-1,-12,-17,-1,1,1,2,-1,4,3,-4,4,0,2,0,2,1,0,1,0,6,-30,-2,-8,10,1,0,0,1,1,1,1,1,-1
KR_6693885838,420,0,-30,17,2,-2,2,0,0,2,2,2,2,4,1,3,4,1,0,1,0,1,20,1,-6,5,3,0,0,-1,-1,-1,1,1,-1
KR_6737829493,420,-2,-52,-7,-7,-1,3,2,-3,3,0,-4,6,2,-1,2,1,2,2,4,-1,-3,-17,-4,-4,8,6,0,-2,-1,-1,-1,-1,4,-1
KR_6739394911,440,2,-34,18,9,3,0,3,2,3,5,3,0,3,-2,3,1,3,1,4,0,6,180,1,-4,3,-2,0,-1,1,-1,-1,1,3,-1
KR_6724658071,420,-2,-28,-12,-1,-1,2,1,3,0,3,-5,6,1,3,2,5,-1,2,1,0,3,62,0,-8,8,2,0,-1,-1,1,-1,1,3,-1
KR_6768046585,420,-1,7,-35,-2,0,1,1,-2,3,1,-3,5,2,1,3,4,2,2,4,0,-9,-12,-2,-5,7,-4,0,-1,1,-1,-1,1,5,-1
KR_6768791405,440,2,-26,4,3,-1,2,1,1,0,1,0,1,1,3,0,3,0,2,2,0,6,1,-3,-2,5,1,0,0,1,-1,-1,-1,1,-1
KR_6768847017,420,-3,-35,-17,-4,3,1,4,-2,3,1,-2,3,1,-4,4,0,1,0,1,-1,-12,21,-2,-4,6,-11,0,-1,-1,-1,-1,-1,3,-1
KR_6768500695,420,-1,-9,-20,-3,-6,6,0,-2,3,1,1,0,1,4,3,7,0,0,0,0,-3,8,7,-13,6,-5,0,0,1,-1,-1,1,1,-1
KR_6777421870,420,-2,-54,-40,3,-1,2,1,2,2,4,0,2,2,2,2,4,0,1,1,0,13,-8,2,-7,5,0,0,-1,-1,-1,-1,1,2,-1
KR_6761662592,440,-3,4,4,-5,0,3,3,-3,3,0,1,3,4,0,0,0,-3,4,1,0,-9,2,-1,-4,5,3,0,-1,1,-1,-1,1,4,-1
KR_6776607340,420,2,-1,16,9,-3,4,1,4,0,4,2,2,4,2,4,6,4,0,4,-1,17,-4,2,-5,3,0,0,0,1,1,1,-1,5,-1
KR_6774803084,420,1,0,61,-6,-2,2,0,2,2,4,-2,4,2,-3,5,2,-1,1,0,0,-7,31,-1,-5,6,-2,0,-1,1,1,1,1,4,-1
KR_6759150509,420,-1,49,-9,-2,-2,3,1,5,3,8,0,1,1,-5,6,1,0,1,1,0,-11,-5,-4,-4,8,6,0,0,1,1,0,1,3,-1
KR_6772705137,420,0,-11,-16,-6,-5,8,3,-1,3,2,-3,5,2,3,1,4,0,1,1,-1,-6,-14,0,-5,5,-1,0,-1,-1,-1,-1,-1,6,-1
KR_6765222078,420,-5,-43,-13,-7,-3,3,0,0,6,6,2,4,6,-4,6,2,-2,3,1,0,-16,6,-2,-4,6,-8,0,-2,-1,-1,-1,1,1,-1
KR_6771756373,440,-3,-111,1,-3,1,2,3,-1,4,3,-3,6,3,-1,3,2,1,0,1,0,1,12,2,-9,7,-6,0,-2,1,1,-1,1,6,-1
KR_6773440904,420,-7,-87,-10,-11,-3,4,1,-1,4,3,-5,6,1,-1,1,0,-1,1,0,0,-17,-15,-2,-8,10,-7,0,-3,1,-1,-1,-1,4,-1
KR_6776066982,420,0,-27,27,-2,-1,1,0,-1,5,4,1,2,3,-1,2,1,0,0,0,0,1,7,0,-6,6,-3,0,1,1,1,1,1,3,-1
KR_6770843230,420,1,36,0,-4,1,0,1,1,0,1,-2,2,0,-4,5,1,0,0,0,0,-6,-18,-3,-4,7,2,0,0,0,1,0,-1,0,-1
KR_6761486319,420,-1,-50,-12,-2,0,3,3,0,2,2,-3,4,1,2,1,3,-1,1,0,0,-2,-3,-2,-5,7,2,0,0,1,0,1,-1,6,-1
KR_6736722626,420,-7,-77,-21,-9,-4,4,0,1,3,4,2,1,3,-8,8,0,0,0,0,0,-11,-13,-2,-3,5,-4,0,-2,-1,-1,-1,-1,3,-1
KR_6690165420,420,-2,-19,-33,-1,1,0,1,1,2,3,-4,6,2,-1,3,2,2,0,2,0,-2,2,0,-8,8,-5,0,0,1,-1,0,1,1,-1
KR_6760702599,420,0,-25,1,-11,3,2,5,-7,11,4,-5,8,3,0,5,5,-2,3,1,-4,-18,-29,-2,-6,8,-4,0,1,-1,-1,-1,-1,3,-1
KR_6771660979,440,-3,51,-39,-10,-3,4,1,1,0,1,-5,5,0,-2,2,0,-1,1,0,0,-8,-7,-6,-2,8,0,0,0,1,-1,-1,-1,2,-1
KR_6768376974,440,3,2,-3,0,0,2,2,-5,6,1,6,2,8,1,4,5,-2,6,4,-2,7,14,-2,-9,11,5,0,1,-1,1,1,-1,5,-1
KR_6769243864,420,4,0,15,1,-3,3,0,0,2,2,3,2,5,1,2,3,0,0,0,0,6,8,3,-7,4,-3,0,0,1,1,0,-1,4,-1
KR_6763655330,420,-3,-25,-3,-10,1,1,2,-6,7,1,0,4,4,0,2,2,-5,5,0,0,-7,-17,-1,-7,8,2,0,0,-1,1,0,-1,5,-1
KR_6758985759,420,-1,16,-12,-3,6,0,6,-5,7,2,3,0,3,-5,6,1,-2,4,2,0,-5,-5,-3,-4,7,5,0,0,-1,-1,-1,-1,6,-1
KR_6771686557,420,3,33,22,-2,0,1,1,0,4,4,-6,6,0,2,0,2,2,2,4,1,-5,-33,-1,-8,9,-4,0,0,-1,1,0,1,3,-1
KR_6774011776,420,1,-48,12,-3,2,0,2,1,1,2,4,0,4,-12,15,3,2,2,4,0,-2,331,3,-8,5,-1,0,1,1,1,1,-1,6,-1
KR_6749323097,420,-2,-16,-22,5,-2,3,1,0,3,3,1,1,2,6,0,6,0,2,2,0,11,-3,4,-10,6,2,0,-1,1,-1,-1,1,3,-1
KR_6715502567,420,-1,51,-3,5,-2,4,2,4,0,4,1,1,2,3,0,3,-1,1,0,0,15,4,4,-7,3,0,0,1,1,1,1,1,2,-1
KR_6773652688,420,-3,-50,10,-1,0,4,4,-2,6,4,2,1,3,-1,3,2,0,1,1,0,-12,9,2,-6,4,-4,0,-1,-1,1,-1,-1,1,-1
KR_6750884211,440,0,7,14,-8,-5,5,0,2,1,3,-3,3,0,-2,5,3,0,1,1,0,-5,-26,-1,-2,3,4,0,-1,1,1,-1,1,3,-1
KR_6707681165,440,-3,-11,4,-9,-5,7,2,-2,4,2,-4,6,2,3,2,5,-1,2,1,0,-10,43,3,-5,2,-14,0,0,-1,1,1,-1,2,-1
KR_6763060769,440,-1,-9,6,-3,0,0,0,0,3,3,-1,4,3,-1,1,0,-1,1,0,0,-8,-2,3,-6,3,0,0,1,0,1,1,1,0,-1
KR_6754878236,420,-7,-41,-76,-17,3,2,5,-5,6,1,-16,19,3,1,3,4,0,0,0,-4,-19,-7,1,-5,4,-2,0,-4,-1,-1,-1,1,6,-1
KR_6745919106,420,0,-24,-11,-6,0,4,4,1,2,3,0,2,2,-9,10,1,2,0,2,0,-10,-28,-2,-2,4,1,0,-2,0,-1,-1,-1,0,-1
KR_6767278984,420,-2,-8,19,-11,5,1,6,-9,11,2,-8,8,0,1,4,5,0,1,1,0,-11,1,1,-8,7,1,0,1,-1,-1,1,-1,4,-1
KR_6774171331,420,2,-29,12,-4,-2,3,1,0,1,1,1,2,3,-3,4,1,0,1,1,-1,-5,309,1,-7,6,-3,0,1,-1,1,1,-1,5,-1
KR_6746463435,420,1,-48,-12,4,-2,3,1,0,4,4,0,0,0,6,0,6,0,0,0,0,8,12,3,-8,5,-4,0,1,1,-1,-1,1,2,-1
KR_6767826487,420,-5,2,-24,-5,1,3,4,-3,4,1,-1,2,1,-2,3,1,0,1,1,0,3,-23,-4,-7,11,0,0,0,-1,1,-1,-1,3,-1
KR_6773090637,420,2,36,-5,0,-3,3,0,-3,4,1,0,0,0,5,1,6,1,1,2,0,2,3,1,-7,6,-2,0,1,1,-1,1,-1,6,-1
KR_6774251223,420,-3,-44,5,-8,-9,9,0,1,3,4,2,1,3,-2,6,4,0,2,2,0,1,-29,0,-4,4,-7,0,0,0,1,-1,1,0,-1
KR_6763863693,420,-4,-70,-9,-10,-4,6,2,1,1,2,-3,4,1,-3,4,1,-1,1,0,0,-6,-3,-5,-2,7,4,0,-3,-1,-1,-1,-1,2,-1
KR_6775131973,420,-4,-90,0,-8,1,2,3,-3,5,2,-3,3,0,-3,4,1,0,3,3,0,-4,-128,-4,-4,8,3,0,-4,-1,-1,-1,-1,1,-1
KR_6731241474,420,1,-19,-36,4,0,2,2,0,1,1,-1,6,5,4,2,6,1,0,1,0,12,-42,0,-6,6,20,0,-1,-1,-1,-1,-1,3,-1
KR_6743510362,420,2,100,-3,5,1,1,2,2,3,5,-4,4,0,4,4,8,2,0,2,0,7,-25,-2,-10,12,1,0,0,1,-1,1,1,3,-1
KR_6769397445,420,-1,-4,12,-5,-2,2,0,-1,6,5,-2,4,2,1,3,4,-1,2,1,0,0,8,3,-7,4,-1,0,0,1,-1,1,-1,1,-1
KR_6748229629,420,2,-4,9,0,-3,4,1,3,0,3,-1,3,2,2,0,2,-1,1,0,0,7,2,-3,-5,8,4,0,1,-1,1,1,-1,4,-1
KR_6701022759,420,-3,-32,-17,-15,-1,3,2,-2,3,1,-5,6,1,-6,9,3,-1,1,0,0,-17,-9,-5,-4,9,4,0,-1,-1,-1,-1,-1,1,-1
KR_6761587965,420,-1,-32,-2,-3,0,1,1,-3,5,2,-2,4,2,1,4,5,1,0,1,0,-8,-6,-2,-5,7,-3,0,0,1,-1,0,1,5,-1
KR_6772165030,420,-5,-73,5,-18,-7,7,0,-7,7,0,1,1,2,-2,5,3,-3,3,0,0,-11,1,0,-3,3,-5,0,-1,-1,-1,-1,-1,4,-1
KR_6561613417,420,0,-2,-9,1,-1,1,0,2,1,3,-2,4,2,4,1,5,-2,2,0,-1,6,7,2,-10,8,-4,0,-1,-1,-1,-1,-1,6,-1
KR_6747019804,420,-2,-13,8,-12,1,0,1,-5,7,2,-3,5,2,-4,4,0,-1,1,0,0,-26,1,-1,-10,11,-7,0,0,-1,1,0,-1,3,-1
KR_6737304734,420,1,-5,27,3,-4,6,2,4,2,6,-3,4,1,5,2,7,1,0,1,0,5,18,2,-6,4,-2,0,1,-1,1,1,1,2,-1
KR_6774733468,420,-4,-112,0,-13,0,3,3,-1,4,3,-4,5,1,-9,9,0,1,0,1,0,-17,6,-2,-6,8,-3,0,-2,-1,-1,-1,-1,2,-1
KR_6700972936,420,-1,28,4,-2,-2,3,1,1,3,4,-2,2,0,0,1,1,1,0,1,0,0,-1,-2,-6,8,5,0,1,1,1,1,-1,2,-1
KR_6469512263,420,-4,-6,-35,-9,0,0,0,-3,5,2,-2,3,1,-2,4,2,-2,2,0,0,-13,0,1,-8,7,-2,0,-1,-1,-1,-1,1,3,-1
KR_6719882254,420,-3,-16,-53,-6,-4,5,1,-2,5,3,0,2,2,1,4,5,-1,1,0,0,-9,-22,-1,-7,8,2,0,0,0,-1,0,-1,0,-1
KR_6776261767,420,-3,-30,5,-10,-4,5,1,-4,6,2,1,1,2,-4,5,1,1,1,2,0,-13,-6,0,-3,3,-4,0,-1,-1,-1,-1,-1,3,-1
KR_6671097344,420,0,9,5,-8,1,0,1,-6,8,2,-2,6,4,-4,8,4,3,0,3,0,-5,-3,-3,-6,9,-2,0,1,1,1,1,-1,2,-1
KR_6769061689,420,-7,-20,-28,-11,-3,5,2,-3,3,0,-3,3,0,-3,4,1,1,0,1,0,-10,-3,-1,-7,8,-1,0,-2,1,-1,-1,1,6,-1
KR_6767795963,420,-3,-30,0,-12,-1,1,0,-6,7,1,-4,4,0,-2,6,4,1,0,1,0,-14,-41,1,-7,6,-6,0,-3,-1,-1,-1,-1,2,-1
KR_6763095016,420,-4,-66,-16,-18,-2,3,1,-7,9,2,0,2,2,-6,7,1,-3,3,0,0,-21,29,-5,-3,8,-17,0,-1,-1,-1,-1,-1,3,-1
KR_6763884190,420,-2,-70,12,-8,2,2,4,-1,4,3,0,2,2,-7,8,1,-2,2,0,0,-15,-5,4,-9,5,2,0,-2,1,1,-1,-1,3,-1
KR_6742771404,420,2,9,-16,-6,-2,2,0,-5,5,0,-1,2,1,3,0,3,-1,2,1,-1,-7,15,-3,-4,7,-1,0,0,-1,-1,1,-1,6,-1
KR_6767492792,420,-1,13,-12,0,3,2,5,-2,4,2,-1,3,2,0,4,4,0,0,0,0,-5,6,7,-9,2,-2,0,0,-1,1,0,-1,5,-1
KR_6757096860,440,-3,-28,1,-9,-1,2,1,-3,9,6,-4,4,0,-1,3,2,0,0,0,0,-4,-8,-2,-4,6,0,0,-1,-1,-1,-1,1,1,-1
KR_6757342925,420,-2,-76,-3,-4,-2,3,1,-1,2,1,0,1,1,0,0,0,-1,1,0,0,-8,-7,-1,-7,8,-3,0,-1,-1,-1,-1,-1,3,-1
KR_6739809682,420,-8,-85,-23,-12,-6,7,1,0,1,1,-2,5,3,-5,5,0,1,0,1,0,-6,32,1,-5,4,-7,0,-2,-1,-1,-1,-1,6,-1
KR_6769161270,420,-8,-36,-37,-20,1,0,1,-11,11,0,-4,4,0,-4,4,0,-2,2,0,0,-20,-49,1,-6,5,-1,0,-2,-1,-1,-1,-1,1,-1
KR_6775995905,440,-8,-87,-1,-28,-3,5,2,-5,5,0,0,1,1,-9,9,0,-11,11,0,0,-22,-13,-5,-2,7,1,0,-3,0,-1,-1,-1,0,-1
KR_6770100035,440,-5,-7,-16,-10,3,1,4,0,1,1,-5,8,3,-1,3,2,-7,8,1,0,-10,-36,0,-5,5,28,0,-1,1,-1,-1,-1,1,-1
KR_6777653867,420,-5,-31,-14,-8,-3,4,1,-2,3,1,1,3,4,-2,3,1,-2,3,1,0,1,38,-5,-5,10,-27,0,-1,-1,-1,1,-1,3,-1
KR_6770500154,420,-3,-39,27,-10,0,2,2,2,4,6,-5,6,1,-6,7,1,-1,1,0,-1,-18,-3,-2,-1,3,1,0,0,1,1,1,-1,4,-1
KR_6735915743,420,0,25,24,-2,-5,5,0,4,2,6,-2,3,1,-1,2,1,2,1,3,0,-4,25,-2,-4,6,2,0,0,-1,1,1,1,4,-1
KR_6770539044,420,-7,-157,-28,-10,-1,1,0,-4,5,1,-3,7,4,-3,4,1,1,1,2,0,-10,-109,-6,-3,9,0,0,-4,-1,-1,-1,1,5,-1
KR_6740303568,420,-1,-48,48,-5,-4,4,0,4,0,4,-10,10,0,3,6,9,2,0,2,0,-8,-29,1,-7,6,-3,0,-2,-1,-1,-1,1,3,-1
KR_6768209459,420,-4,-57,-1,-10,0,3,3,-3,4,1,-5,5,0,-3,4,1,1,0,1,-1,-7,-4,-4,-6,10,-3,0,-1,-1,-1,-1,-1,1,-1
KR_6774253517,420,-1,44,-3,3,2,1,3,-4,4,0,1,2,3,4,3,7,0,3,3,0,1,3,1,-6,5,-5,0,1,0,-1,1,-1,0,-1
KR_6740900161,420,-4,9,13,-19,-5,6,1,-3,4,1,-5,5,0,-6,7,1,0,1,1,-2,-24,-7,-2,-3,5,3,0,-2,-1,-1,-1,-1,5,-1
KR_6773114666,440,-4,-91,-16,-15,-3,4,1,0,3,3,-6,8,2,-6,7,1,0,2,2,-3,-27,2,-5,-3,8,-3,0,-1,-1,-1,-1,-1,3,-1
KR_6770572569,440,-2,-44,-35,1,3,2,5,-1,4,3,0,1,1,1,1,2,-2,4,2,0,6,-5,2,-3,1,-2,0,-2,-1,-1,-1,1,1,-1
KR_6714603881,440,-3,-56,-8,-2,-2,2,0,0,2,2,-7,8,1,2,1,3,5,0,5,0,-10,-2,-1,-5,6,-3,0,0,-1,-1,1,-1,2,-1
KR_6698375497,420,-7,-86,-12,-17,-4,4,0,0,6,6,-2,4,2,-3,4,1,-8,9,1,-2,-23,-18,-5,-2,7,8,0,0,-1,1,-1,-1,2,-1
KR_6776307293,440,2,-4,9,-2,-7,8,1,1,0,1,4,0,4,0,3,3,0,2,2,0,1,4,-1,-7,8,-3,0,0,-1,-1,-1,-1,5,-1
KR_6774185073,420,-5,-18,-45,-9,-3,3,0,-7,7,0,2,1,3,0,2,2,-1,2,1,0,-6,11,0,-6,6,2,0,-2,-1,-1,-1,1,1,-1
KR_6758015573,420,-3,-54,-22,-8,-7,8,1,3,2,5,-2,5,3,-2,4,2,0,0,0,0,2,-6,3,-10,7,3,0,-1,-1,-1,-1,1,2,-1
KR_6771445489,420,1,16,-25,4,4,2,6,-5,6,1,1,3,4,5,0,5,-1,3,2,0,-4,-14,-7,-3,10,4,0,0,-1,1,0,1,6,-1
KR_6625075566,420,-3,7,-9,-7,-2,3,1,-2,4,2,-1,2,1,-1,3,2,-1,2,1,0,-5,7,2,-8,6,-3,0,-2,-1,1,-1,-1,6,-1
KR_6751495563,420,-3,-53,2,-7,-3,3,0,0,5,5,-1,3,2,-3,3,0,0,1,1,0,-8,2,-3,-4,7,-5,0,0,-1,-1,-1,1,5,-1
KR_6681435719,420,-2,-3,-10,-9,-4,4,0,0,3,3,-2,5,3,-4,4,0,1,0,1,0,-7,-13,-3,-7,10,2,0,1,1,1,1,-1,5,-1
KR_6777807452,420,1,12,0,-3,0,2,2,3,2,5,0,3,3,-7,8,1,1,0,1,0,-11,9,1,-8,7,-9,0,-1,-1,1,-1,-1,6,-1
KR_6669604984,420,-2,30,0,-12,2,1,3,1,2,3,-9,11,2,-5,7,2,-1,2,1,0,-27,-9,-3,-4,7,4,0,-2,1,-1,-1,1,3,-1
KR_6775960850,420,0,30,-5,3,2,1,3,-2,3,1,1,1,2,-1,3,2,3,0,3,0,-2,-2,0,-7,7,2,0,1,1,-1,1,-1,3,-1
KR_6770966914,420,0,-11,-16,2,0,0,0,2,4,6,-1,2,1,0,2,2,1,1,2,0,-8,-9,-1,-7,8,7,0,0,-1,1,0,1,5,-1
KR_6661532653,420,-7,-61,-24,-12,-1,2,1,-5,5,0,-1,2,1,-5,5,0,0,1,1,0,-13,-6,-1,-4,5,-1,0,-2,-1,-1,-1,1,3,-1
KR_6766511697,420,-3,14,-40,-9,-3,3,0,-1,2,1,-4,4,0,-2,3,1,1,0,1,0,-7,-6,1,-4,3,2,0,0,-1,-1,-1,1,3,-1
KR_6737305819,420,-5,-44,-19,-5,1,1,2,-6,6,0,0,1,1,0,2,2,0,0,0,0,-13,-7,-2,-5,7,3,0,-1,-1,-1,-1,-1,6,-1
KR_6771527853,420,-4,-32,-32,-8,-1,1,0,-4,5,1,2,1,3,-4,4,0,-1,2,1,-1,-15,2,1,-5,4,-6,0,0,-1,1,-1,-1,4,-1
KR_6702201492,420,-2,-33,-17,1,5,0,5,-2,3,1,-2,4,2,1,2,3,-1,1,0,0,4,20,0,-7,7,-6,0,-1,-1,-1,-1,-1,1,-1
KR_6756824380,440,-2,-11,-18,-7,1,4,5,-1,3,2,-3,6,3,-4,4,0,0,1,1,1,-6,8,0,-6,6,-7,0,0,-1,-1,-1,1,6,-1
KR_6753970740,420,-2,-53,-24,-6,-2,2,0,0,3,3,2,3,5,-6,6,0,0,1,1,0,-5,22,0,-7,7,-4,0,-1,-1,-1,-1,-1,3,-1
KR_6765374218,420,-1,3,-4,-3,-2,2,0,-2,2,0,0,0,0,2,2,4,-1,1,0,0,-6,5,-2,-5,7,-3,0,0,1,-1,0,-1,1,-1
KR_6743501024,420,-4,-50,-24,-7,-2,6,4,1,2,3,-2,2,0,-3,4,1,-1,1,0,0,-3,65,-2,-3,5,-1,0,-3,-1,-1,-1,-1,2,-1
KR_6763998469,420,-2,-101,10,-12,-1,2,1,-2,2,0,-1,1,0,-4,4,0,-4,4,0,0,-15,0,-6,-6,12,-5,0,-2,-1,-1,-1,-1,3,-1
KR_6486040119,420,-5,-40,-45,-7,-5,5,0,0,3,3,-1,1,0,-1,6,5,0,0,0,0,3,-26,-1,-6,7,-1,0,-1,-1,-1,-1,-1,3,-1
KR_6763622277,440,-3,-10,1,-10,-5,5,0,-2,2,0,-3,5,2,2,4,6,-2,2,0,0,0,-6,1,-3,2,1,0,-3,1,-1,-1,-1,1,-1
KR_6776637491,440,-3,-6,16,-13,-3,3,0,-6,8,2,-2,3,1,-1,4,3,-1,1,0,0,-13,32,1,-5,4,0,0,0,1,0,-1,-1,6,-1
KR_6753327467,420,2,77,-16,4,0,2,2,-4,7,3,3,1,4,3,1,4,2,0,2,0,-3,26,1,-4,3,-1,0,1,1,-1,1,1,6,-1
KR_6769354411,420,-1,-27,-11,-7,-5,6,1,-1,2,1,-4,5,1,2,0,2,1,0,1,0,-9,9,7,-9,2,0,0,-2,-1,-1,-1,1,3,-1
KR_6757093102,420,-8,-38,-18,-12,-5,7,2,-1,2,1,-2,6,4,-3,3,0,-1,1,0,0,-6,-2,-3,-4,7,-2,0,-2,-1,-1,-1,1,3,-1
KR_6774740366,420,-3,4,-35,3,-1,2,1,2,0,2,1,1,2,2,2,4,-1,1,0,0,8,0,1,-7,6,1,0,0,1,-1,1,1,3,-1
KR_6758609252,420,-4,-36,-31,-16,4,0,4,-13,14,1,-4,6,2,-7,8,1,4,0,4,-2,-15,3,-3,-3,6,1,0,-1,-1,1,-1,-1,6,-1
KR_6759517610,420,-1,35,8,-6,0,2,2,0,0,0,1,2,3,-5,5,0,-2,2,0,0,-10,1,-7,-5,12,-3,0,0,-1,1,1,-1,5,-1
KR_6771047795,420,-1,-60,-4,3,-4,4,0,1,1,2,8,0,8,3,1,4,-5,7,2,0,3,-4,-6,-3,9,4,0,1,1,-1,1,-1,6,-1
KR_6770530245,420,-3,-53,25,-9,-2,3,1,2,0,2,0,2,2,-6,8,2,-3,3,0,0,-2,38,3,-9,6,-3,0,-1,1,-1,-1,-1,2,-1
KR_6744427934,420,5,73,20,11,4,0,4,0,0,0,0,1,1,6,2,8,1,1,2,0,10,3,2,-6,4,-2,0,0,1,-1,0,1,1,-1
KR_6758025664,420,0,22,7,4,3,1,4,1,3,4,0,2,2,-2,5,3,2,0,2,0,6,26,0,-8,8,0,0,0,0,1,1,1,0,-1
KR_6715213494,420,0,1,4,-8,1,1,2,-5,8,3,0,1,1,-4,5,1,0,0,0,0,-11,37,-1,-6,7,-3,0,0,-1,-1,-1,1,4,-1
KR_6773229683,420,-3,-5,-30,-5,-1,2,1,1,3,4,-1,1,0,-5,5,0,1,1,2,-1,-6,4,4,-8,4,-7,0,-1,-1,-1,-1,-1,5,-1
KR_6775385540,440,2,69,-10,2,3,0,3,-5,5,0,3,2,5,4,2,6,-3,5,2,0,9,7,9,-11,2,-7,0,1,1,-1,-1,1,4,-1
KR_6758081998,420,-1,-26,-37,-1,-2,2,0,-2,4,2,-3,5,2,1,3,4,5,0,5,0,4,123,0,-7,7,3,0,-1,-1,-1,-1,-1,2,-1
KR_6770996268,420,1,22,15,2,1,0,1,-1,3,2,2,1,3,0,1,1,0,1,1,0,-1,-119,-2,-2,4,1,0,-1,1,-1,-1,-1,2,-1
KR_6759250245,420,1,41,-12,6,3,1,4,1,1,2,-1,2,1,1,1,2,2,0,2,0,11,-13,3,-11,8,7,0,2,1,1,1,1,6,-1
KR_6776261833,420,-1,-10,-15,-2,2,2,4,-4,6,2,0,2,2,1,2,3,-1,2,1,-1,-1,2,4,-6,2,-3,0,0,-1,-1,-1,1,5,-1
KR_6771219752,420,-1,-5,24,-5,-2,4,2,0,3,3,1,3,4,-5,5,0,1,2,3,0,-2,15,2,-9,7,-1,0,-1,-1,1,-1,-1,6,-1
KR_6769334851,420,-3,-70,-25,-4,-4,4,0,4,0,4,2,0,2,-7,7,0,1,0,1,-1,-7,1,1,-7,6,4,0,-1,-1,1,-1,-1,6,-1
KR_6747305360,420,-6,-75,2,-21,-8,9,1,-2,3,1,-4,4,0,1,1,2,-8,8,0,-2,-33,-45,-2,-3,5,-4,0,-3,-1,1,-1,-1,1,-1
KR_6774461953,420,1,22,-1,1,1,0,1,-1,7,6,1,0,1,0,1,1,0,0,0,0,3,1,5,-8,3,-6,0,1,0,1,1,1,0,-1
KR_6714019866,420,-3,-28,-17,-4,0,3,3,-3,5,2,-1,2,1,0,0,0,0,0,0,0,-2,-8,-7,-3,10,-2,0,0,-1,1,0,1,2,-1
KR_6767009880,420,-3,-15,2,-3,-3,3,0,-1,2,1,0,3,3,-4,5,1,5,0,5,0,-1,-21,3,-8,5,-3,0,0,-1,1,0,1,2,-1
KR_6731845724,420,-4,-25,15,-10,-3,4,1,-3,5,2,-1,1,0,-3,7,4,0,1,1,0,-9,-31,2,-6,4,1,0,0,1,1,0,-1,6,-1
KR_6733310553,420,0,-32,-21,-3,1,1,2,-7,7,0,3,1,4,-2,3,1,2,1,3,0,-7,-17,-6,-3,9,5,0,0,-1,1,0,1,5,-1
KR_6764139323,420,1,45,31,6,2,1,3,3,2,5,2,1,3,-1,5,4,0,3,3,0,7,205,0,-6,6,3,0,2,-1,1,1,1,2,-1
KR_6770447709,420,-2,-32,-17,-11,1,2,3,-4,5,1,-1,4,3,-7,7,0,0,1,1,-4,-20,-28,-2,-4,6,-1,0,-2,-1,1,-1,-1,1,-1
KR_6776373508,440,3,65,-3,7,4,0,4,2,1,3,3,0,3,0,4,4,-2,4,2,0,1,3,2,-5,3,-2,0,-1,1,-1,-1,1,4,-1
KR_6758200450,420,-3,4,13,-5,0,3,3,2,0,2,1,2,3,-2,4,2,-6,7,1,0,-3,27,-1,-6,7,-4,0,0,0,1,0,1,0,-1
KR_6762545087,420,3,64,-19,-3,0,0,0,-2,4,2,0,1,1,-1,4,3,0,0,0,0,-9,-2,-6,-5,11,0,0,0,-1,-1,0,1,6,-1
KR_6774720489,440,0,-39,18,-5,-5,5,0,2,1,3,-2,2,0,-1,4,3,1,0,1,0,0,8,-3,-5,8,-2,0,0,-1,-1,-1,-1,5,-1
KR_6730607436,420,-4,19,-5,-11,-5,6,1,0,7,7,-2,2,0,-2,3,1,-2,2,0,0,-9,-2,1,-3,2,0,0,-1,0,-1,-1,-1,0,-1
KR_6747472889,440,-5,-52,-24,-10,2,0,2,-5,5,0,-3,5,2,-1,3,2,-3,3,0,0,-12,0,4,-6,2,-1,0,-1,-1,1,-1,-1,6,-1
KR_6764708362,440,0,26,1,-2,-2,3,1,-5,7,2,5,1,6,0,1,1,0,1,1,2,2,-9,-1,-4,5,8,0,0,1,-1,0,-1,6,-1
KR_6756757041,440,-1,34,32,-4,-2,4,2,-2,3,1,1,3,4,1,1,2,-2,2,0,0,3,-5,-4,-3,7,-2,0,0,-1,1,-1,-1,2,-1
KR_6760935549,420,-4,6,-25,-3,-1,3,2,-6,7,1,1,3,4,4,1,5,-1,2,1,0,1,-44,1,-5,4,11,0,-1,1,-1,-1,-1,3,-1
KR_6720246583,420,-6,-112,-4,-11,-3,6,3,2,2,4,-10,11,1,-1,3,2,1,0,1,1,0,-19,-3,0,3,1,0,-4,-1,-1,-1,1,6,-1
KR_6730056818,420,0,-69,13,-6,-3,4,1,4,1,5,-3,4,1,-5,7,2,1,1,2,0,-5,-34,3,-9,6,-8,0,-2,-1,-1,-1,1,3,-1
KR_6769803565,420,-5,-103,5,-8,-5,5,0,1,1,2,-3,4,1,-1,2,1,0,0,0,0,-3,-3,3,-6,3,0,0,-1,-1,1,-1,-1,6,-1
KR_6711698183,420,-6,-86,-28,-12,0,1,1,-1,2,1,-1,2,1,-6,7,1,-4,6,2,0,-25,7,-1,-10,11,-7,0,-1,-1,-1,-1,-1,5,-1
KR_6772316737,420,-4,-13,-24,-22,-3,4,1,-7,9,2,2,3,5,-11,13,2,-3,3,0,0,-32,-30,-1,-3,4,-2,0,-3,-1,-1,-1,-1,5,-1
KR_6776407104,420,-2,-9,-24,1,-2,2,0,-4,8,4,5,2,7,3,1,4,-1,2,1,-1,3,-100,-1,-3,4,2,0,0,1,-1,1,-1,2,-1
KR_6765580869,420,0,44,-27,0,1,2,3,-1,5,4,-1,4,3,1,1,2,0,3,3,0,-10,1,4,-10,6,-1,0,1,-1,1,1,1,4,-1
KR_6771797396,420,1,42,-24,3,0,1,1,4,1,5,0,1,1,-1,2,1,0,2,2,0,2,6,1,-5,4,-3,0,0,1,1,0,1,2,-1
KR_6777138902,420,-3,-29,-11,-11,0,3,3,-4,5,1,-7,9,2,2,1,3,-2,3,1,0,-8,6,-2,-5,7,-5,0,-1,1,-1,-1,-1,2,-1
KR_6690714019,420,3,0,-1,3,-5,5,0,6,1,7,-3,5,2,3,2,5,2,0,2,0,12,125,0,-4,4,0,0,0,1,-1,-1,-1,6,-1
KR_6716134117,420,-1,-32,56,-6,0,2,2,-1,2,1,-2,2,0,-4,6,2,1,2,3,0,-11,-9,1,-6,5,-1,0,0,1,1,1,-1,5,-1
KR_6773284431,420,-1,-64,6,-2,1,2,3,-1,4,3,-3,4,1,1,2,3,0,1,1,0,-3,25,-2,-4,6,1,0,-1,-1,1,-1,1,5,-1
KR_6745863589,420,-4,-114,20,-9,-3,3,0,0,4,4,2,4,6,-9,11,2,1,0,1,1,-7,47,-3,-1,4,-2,0,-2,1,-1,-1,1,1,-1
KR_6756117695,420,-3,-72,-12,-9,-1,3,2,-1,4,3,1,4,5,-5,8,3,-3,4,1,0,-6,5,-3,-3,6,2,0,0,1,0,0,1,2,-1
KR_6775879797,420,-4,-70,16,-8,-4,4,0,-4,5,1,-1,4,3,4,3,7,-3,5,2,-1,-10,-10,-1,-5,6,-2,0,-1,1,-1,1,-1,5,-1
KR_6773223933,440,2,19,13,1,0,2,2,5,0,5,-4,4,0,1,1,2,-1,3,2,0,4,-2,-2,-5,7,4,0,0,1,-1,-1,1,6,-1
KR_6776004541,420,-4,-36,-32,-1,0,1,1,0,7,7,0,2,2,-3,4,1,2,0,2,1,-6,-2,-2,-7,9,2,0,-2,-1,-1,-1,1,4,-1
KR_6769231078,420,-3,-37,-16,-4,0,2,2,2,1,3,-5,6,1,-1,1,0,0,1,1,0,2,1,0,-6,6,0,0,0,-1,1,0,1,4,-1
KR_6762898235,420,-1,41,-10,-1,1,0,1,-1,2,1,-1,4,3,-2,4,2,2,0,2,0,-14,-65,-1,-4,5,-3,0,0,-1,1,1,1,1,-1
KR_6672094381,420,0,-17,-4,2,1,1,2,-5,7,2,-2,2,0,3,0,3,5,0,5,0,5,43,-2,-5,7,-17,0,1,1,-1,1,1,3,-1
KR_6775961635,420,-4,-28,-55,-8,0,1,1,-5,5,0,-4,4,0,1,0,1,0,1,1,0,-2,9,-4,-4,8,1,0,0,-1,-1,1,1,2,-1
KR_6719517169,420,0,14,-18,0,5,1,6,0,5,5,-1,5,4,-3,6,3,-1,1,0,0,-10,160,-5,-7,12,0,0,1,-1,1,1,-1,3,-1
KR_6756285706,420,-5,-93,-19,-8,0,1,1,-2,4,2,-10,10,0,3,1,4,1,2,3,-1,4,27,1,-5,4,1,0,-1,-1,1,-1,-1,5,-1
KR_6751487507,420,0,-18,-6,-2,0,1,1,-2,5,3,0,3,3,-2,3,1,2,2,4,-2,-7,-22,0,-6,6,4,0,-1,-1,1,-1,-1,6,-1
KR_6776109140,440,-2,-29,-13,-10,-3,3,0,2,0,2,-2,3,1,-8,9,1,1,1,2,-1,-16,38,0,-6,6,-26,0,0,-1,1,1,-1,3,-1
KR_6769170264,420,2,30,4,2,0,2,2,1,2,3,0,0,0,1,0,1,0,1,1,-1,0,-6,-2,-6,8,4,0,-1,-1,-1,-1,-1,5,-1
KR_6771045985,420,3,85,26,-2,-1,3,2,0,4,4,-1,7,6,-1,5,4,1,1,2,-1,-9,0,-10,-2,12,4,0,1,-1,-1,1,-1,6,-1
KR_6679242642,420,-6,-149,-28,-13,1,3,4,-3,3,0,-4,5,1,-3,4,1,-4,4,0,0,-13,0,1,-8,7,1,0,-1,-1,1,-1,-1,1,-1
KR_6732240104,420,-2,-26,-25,-2,1,2,3,1,1,2,-3,4,1,-1,3,2,0,0,0,1,-1,1,-2,-5,7,-6,0,-1,1,-1,-1,1,1,-1
KR_6776183037,440,1,-35,28,0,0,0,0,-3,4,1,0,1,1,2,1,3,1,0,1,0,-5,2,3,-7,4,-4,0,0,1,0,0,-1,6,-1
KR_6759151849,420,0,-36,13,0,0,2,2,2,1,3,-10,10,0,6,3,9,2,1,3,-2,0,5,1,-6,5,0,0,0,1,1,1,-1,1,-1
KR_6764935136,440,-3,-20,4,0,6,1,7,-4,4,0,0,2,2,1,1,2,-3,4,1,0,1,11,5,-6,1,-1,0,-1,0,1,-1,1,0,-1
KR_6775221132,420,-2,-22,24,-6,-3,3,0,1,0,1,-1,3,2,-2,4,2,-1,2,1,0,-9,-38,1,-7,6,1,0,-1,1,-1,-1,1,2,-1
KR_6693974841,420,-2,-29,-26,-5,0,3,3,-5,5,0,2,0,2,-1,3,2,-1,1,0,0,-8,-92,-6,-3,9,3,0,-1,-1,-1,-1,-1,6,-1
KR_6772505744,420,-3,-51,-19,1,2,0,2,-3,5,2,-4,6,2,4,1,5,2,0,2,2,6,22,1,-6,5,3,0,0,1,-1,-1,1,1,-1
KR_6737090553,420,1,5,19,1,-3,3,0,1,2,3,0,3,3,3,0,3,0,0,0,0,0,3,1,-6,5,-3,0,1,1,-1,1,-1,5,-1
KR_6713773281,420,-4,-29,-19,-12,-4,5,1,-4,6,2,-2,4,2,-1,4,3,-1,2,1,0,-12,-56,-2,-5,7,19,0,-1,1,-1,-1,1,4,-1
KR_6777395055,420,-2,-11,-9,1,-2,3,1,3,2,5,-1,2,1,2,4,6,-1,4,3,0,7,-7,3,-6,3,0,0,-2,-1,-1,-1,-1,1,-1
KR_6775968480,420,-2,-15,-8,-10,4,2,6,-5,5,0,-3,4,1,-3,9,6,-3,3,0,0,-12,8,3,-10,7,-3,0,-1,-1,-1,-1,-1,6,-1
KR_6770563259,420,0,39,-8,1,2,1,3,0,1,1,-3,4,1,2,1,3,0,0,0,0,-1,-230,-3,-7,10,-3,0,-1,-1,1,-1,-1,2,-1
KR_6755971130,420,-4,-33,-20,-7,-1,2,1,-5,5,0,1,3,4,0,4,4,-2,2,0,0,-7,5,4,-9,5,-2,0,0,-1,1,-1,-1,4,-1
KR_6761912187,440,-6,-98,-15,-17,-6,7,1,-7,10,3,1,1,2,-3,4,1,-2,4,2,0,-2,25,-1,-3,4,-11,0,0,0,0,0,-1,0,-1
KR_6757138533,440,3,31,3,6,-1,1,0,3,6,9,1,2,3,2,1,3,1,0,1,0,6,6,2,-7,5,0,0,0,1,1,1,1,3,-1
KR_6714720717,440,-3,-72,-29,-12,-3,5,2,-7,7,0,-3,5,2,1,0,1,0,1,1,0,0,-42,-2,-6,8,-1,0,-1,-1,-1,-1,-1,1,-1
KR_6777128195,420,-3,-17,-9,-10,0,2,2,0,5,5,-3,3,0,-8,11,3,1,0,1,-1,-11,-4,-12,-1,13,2,0,-2,-1,-1,-1,-1,5,-1
KR_6770886430,420,-4,-61,-23,-12,-1,4,3,-1,3,2,-10,10,0,-2,2,0,2,0,2,0,-8,-278,-2,-5,7,-3,0,1,-1,-1,1,1,5,-1
KR_6694031627,420,0,3,48,-6,-5,6,1,1,4,5,3,1,4,-4,7,3,-1,3,2,-1,-9,7,2,-7,5,-5,0,-1,-1,1,1,-1,2,-1
KR_6761359995,420,-1,13,-16,0,-5,6,1,1,1,2,1,2,3,0,2,2,3,0,3,0,3,-28,0,-7,7,6,0,-1,-1,1,-1,1,5,-1
KR_6740157627,440,-4,-25,-4,-11,0,2,2,-3,4,1,-2,4,2,4,1,5,-10,11,1,0,-15,7,-5,-2,7,-3,0,-1,-1,-1,-1,-1,2,-1
KR_6762561185,420,-2,-80,11,-4,-1,4,3,-1,3,2,-2,2,0,0,1,1,0,0,0,0,-4,-1,-4,-2,6,2,0,0,-1,-1,0,-1,2,-1
KR_6753332329,420,-4,-31,1,-14,0,1,1,-2,2,0,-2,5,3,-10,12,2,0,2,2,0,-16,-1,-11,-2,13,3,0,-2,-1,-1,-1,-1,4,-1
KR_6772116661,440,-5,-75,-38,-13,-1,2,1,1,2,3,-4,6,2,-7,9,2,-2,2,0,0,-14,6,1,-6,5,3,0,-3,-1,-1,-1,1,4,-1
KR_6759895407,420,-1,7,-3,-2,0,2,2,1,3,4,0,2,2,1,2,3,-4,4,0,0,2,0,2,-10,8,-3,0,-1,-1,1,-1,1,6,-1
KR_6775394699,420,-6,-101,-18,-17,-4,4,0,-2,6,4,-8,9,1,-3,5,2,0,0,0,-2,-10,188,-4,-1,5,2,0,-4,1,-1,-1,-1,2,-1
KR_6756035010,420,-6,-58,-26,-11,2,2,4,-2,6,4,-6,9,3,-5,7,2,0,0,0,-1,-2,-5,-8,-3,11,-3,0,-1,-1,1,-1,-1,3,-1
KR_6770556481,420,0,33,19,-2,-1,1,0,-3,3,0,0,3,3,0,2,2,2,0,2,0,-3,3,1,-7,6,-5,0,0,-1,1,0,-1,6,-1
KR_6767362656,420,-2,7,-9,1,2,0,2,2,1,3,1,0,1,-2,3,1,-2,4,2,0,3,5,5,-8,3,-2,0,1,-1,1,1,-1,3,-1
KR_6739683135,420,1,21,17,0,-1,4,3,0,1,1,3,0,3,1,7,8,-3,3,0,1,1,5,-6,-2,8,-1,0,0,-1,-1,-1,1,2,-1
KR_6777009774,420,-1,-8,-1,-2,-3,5,2,-2,3,1,3,2,5,0,2,2,0,1,1,0,3,181,5,-10,5,-1,0,-1,-1,-1,-1,1,3,-1
KR_6749544022,440,-3,-46,-13,-8,5,0,5,-4,5,1,0,2,2,-7,7,0,-2,3,1,0,-10,-40,-1,-4,5,1,0,-2,-1,-1,-1,-1,1,-1
KR_6740182328,420,1,6,9,4,4,1,5,1,4,5,0,2,2,0,1,1,-1,1,0,0,-2,3,-1,-7,8,-3,0,0,-1,1,-1,1,1,-1
KR_6774338940,420,-1,-47,0,5,0,2,2,1,2,3,-1,4,3,3,1,4,2,0,2,0,10,-7,-3,-6,9,8,0,-1,1,-1,-1,1,4,-1
KR_6713805456,420,-2,9,9,1,-6,8,2,2,1,3,0,2,2,2,4,6,3,0,3,1,-1,4,0,-8,8,2,0,0,-1,1,-1,1,3,-1
KR_6768002954,420,-2,-20,53,-8,-1,2,1,-1,3,2,0,0,0,-4,4,0,-2,2,0,0,-6,8,-1,-2,3,-5,0,-3,1,-1,-1,-1,3,-1
KR_6748637558,420,-1,-46,-12,4,0,3,3,4,1,5,-1,2,1,3,0,3,-2,2,0,0,6,27,0,-4,4,4,0,-1,-1,1,-1,1,5,-1
KR_6711936190,420,2,56,21,1,-3,3,0,3,5,8,-1,3,2,2,0,2,0,0,0,0,7,21,4,-8,4,1,0,1,-1,1,1,-1,4,-1
KR_6713274160,420,1,-13,4,2,-4,4,0,0,1,1,-3,5,2,7,0,7,2,2,4,-2,16,3,1,-5,4,-1,0,-1,1,-1,-1,-1,6,-1
KR_6765731967,420,0,-43,7,-3,-2,3,1,2,2,4,3,1,4,-5,9,4,-1,1,0,0,-5,0,-2,-5,7,-3,0,-1,1,-1,-1,-1,5,-1
KR_6770186483,420,-6,-64,-32,-7,-1,2,1,-1,2,1,-1,1,0,-1,2,1,-3,3,0,0,-11,16,0,-8,8,-8,0,-1,1,-1,-1,1,4,-1
KR_6764688197,420,1,-54,29,1,-1,2,1,4,1,5,-1,2,1,-2,7,5,1,1,2,0,3,44,-3,-3,6,-4,0,-1,-1,1,-1,-1,6,-1
KR_6774767623,420,0,-16,11,1,-2,3,1,0,4,4,1,2,3,3,3,6,-1,3,2,0,2,-1,1,-6,5,-1,0,0,1,-1,-1,-1,2,-1
KR_6736364818,420,-1,-77,-9,0,-2,4,2,0,2,2,-1,1,0,2,1,3,1,0,1,0,5,0,-2,-6,8,-2,0,0,1,-1,1,1,3,-1
KR_6769666708,420,-1,-61,16,-3,0,1,1,-3,5,2,-2,2,0,-2,5,3,4,1,5,-1,0,-325,1,-4,3,-4,0,0,-1,-1,-1,-1,2,-1
KR_6774643286,420,-2,-37,17,-2,0,2,2,-5,6,1,3,1,4,2,2,4,-2,2,0,1,6,-11,-9,-3,12,2,0,1,-1,-1,-1,1,1,-1
KR_6604249643,420,-1,25,-8,-1,-4,4,0,4,1,5,-3,4,1,1,4,5,1,0,1,1,9,10,1,-7,6,-2,0,-1,1,-1,-1,1,6,-1
KR_6769128538,420,-1,48,11,-2,-4,5,1,-1,3,2,0,1,1,4,2,6,-1,1,0,0,-3,-46,-1,-6,7,0,0,0,1,-1,0,1,4,-1
KR_6747154197,420,-4,-67,-9,-13,-4,5,1,-4,5,1,-1,2,1,-4,4,0,0,2,2,0,-12,-16,-2,-5,7,-6,0,0,-1,1,-1,1,2,-1
KR_6735504424,420,1,46,2,-2,2,0,2,-3,6,3,-1,3,2,3,3,6,-3,4,1,-2,-7,14,5,-10,5,-6,0,0,1,-1,0,-1,1,-1
KR_6755447946,420,-2,-86,-22,-3,1,0,1,-2,6,4,-4,5,1,0,4,4,2,1,3,0,-1,-17,-3,-4,7,-1,0,-2,-1,-1,-1,-1,6,-1
KR_6740678256,420,4,59,-5,7,0,2,2,3,0,3,6,3,9,-1,2,1,-1,2,1,0,3,-1,6,-10,4,-1,0,0,0,-1,0,-1,0,-1
KR_6707747068,420,-6,-35,-58,-12,2,2,4,-7,8,1,-2,3,1,-3,4,1,-2,2,0,-1,-17,-3,3,-6,3,2,0,-2,-1,-1,-1,1,3,-1
KR_6762504534,420,-3,-5,1,-8,0,3,3,-1,5,4,-5,6,1,-1,3,2,-1,1,0,0,-19,-7,0,-3,3,3,0,0,-1,-1,1,1,4,-1
KR_6759888385,420,-2,4,-17,-15,-2,5,3,-1,4,3,4,1,5,-11,11,0,-5,6,1,-1,-13,2,-2,-2,4,-3,0,0,0,1,-1,-1,0,-1
KR_6771913714,420,3,-55,17,4,2,1,3,0,4,4,2,2,4,0,6,6,0,1,1,1,2,43,4,-9,5,-7,0,1,1,-1,1,1,5,-1
KR_6760985107,420,3,51,-20,1,4,0,4,-3,5,2,1,2,3,-3,4,1,2,1,3,0,-5,90,7,-10,3,-3,0,1,-1,1,1,1,4,-1
KR_6752774277,420,2,-20,4,5,3,1,4,1,2,3,-4,6,2,4,2,6,1,1,2,0,8,-17,1,-5,4,-1,0,-1,-1,-1,-1,-1,6,-1
KR_6761560410,420,-3,-92,-4,-2,-3,4,1,-2,3,1,0,1,1,4,0,4,-1,1,0,0,1,4,3,-5,2,0,0,0,1,-1,0,1,5,-1
KR_6742278678,420,-2,-25,8,-7,1,0,1,-8,9,1,3,0,3,-2,3,1,-1,1,0,0,-6,39,0,-5,5,-2,0,0,1,1,0,1,4,-1
KR_6772243502,420,1,9,-10,-2,1,0,1,0,2,2,-3,3,0,0,0,0,0,0,0,0,-1,6,0,-5,5,1,0,0,1,1,0,-1,1,-1
KR_6735272304,420,-3,-20,-31,-8,-1,1,0,-8,9,1,-2,3,1,5,2,7,-2,3,1,0,-1,-10,1,-4,3,-4,0,0,-1,-1,-1,-1,2,-1
KR_6753340447,420,-7,-2,-42,-13,-1,1,0,-2,5,3,-2,3,1,-9,12,3,1,0,1,0,-12,-23,-1,-2,3,-1,0,-2,1,-1,-1,-1,6,-1
KR_6771953250,440,-1,-16,17,-1,-2,3,1,2,2,4,-6,7,1,1,1,2,4,1,5,0,-1,-6,-2,-4,6,2,0,-2,-1,1,-1,1,3,-1
KR_6755381151,420,-3,-15,21,-9,-5,7,2,2,2,4,-6,8,2,-1,5,4,1,0,1,-2,-5,4,-4,-5,9,-1,0,-1,-1,-1,-1,-1,1,-1
KR_6761354106,440,-4,11,-24,-7,-2,3,1,0,3,3,-2,2,0,-5,5,0,2,1,3,0,-6,-8,-1,-4,5,1,0,-2,-1,0,-1,1,3,-1
KR_6777573317,420,-3,-57,-32,-5,2,0,2,0,4,4,-2,4,2,-1,3,2,-4,4,0,0,-9,-51,2,-6,4,0,0,0,1,1,-1,-1,2,-1
KR_6732372228,420,0,54,-13,4,-1,3,2,2,4,6,3,1,4,0,1,1,0,1,1,1,-6,-19,2,-5,3,7,0,0,-1,-1,0,1,4,-1
KR_6762290709,420,-2,-28,15,-4,-1,2,1,3,0,3,-5,8,3,-2,4,2,1,0,1,0,-1,-25,0,-8,8,0,0,-1,1,-1,-1,-1,4,-1
KR_6767083036,420,1,-34,9,3,1,1,2,2,3,5,1,3,4,-1,2,1,0,1,1,0,2,-4,-2,-5,7,4,0,0,-1,-1,0,-1,1,-1
KR_6742960241,420,-2,-14,17,-8,-1,1,0,-3,5,2,-1,1,0,-2,4,2,-1,1,0,0,-9,-21,-3,-4,7,-1,0,0,-1,0,0,-1,3,-1
KR_6772213520,420,-1,13,-4,0,-1,1,0,-2,5,3,-1,2,1,5,1,6,-1,1,0,0,1,22,-5,-6,11,-1,0,1,1,-1,1,1,5,-1
KR_6752562717,420,-5,-108,-14,-14,-2,2,0,2,1,3,-6,7,1,-5,5,0,-3,4,1,-2,-16,-18,-10,-1,11,-5,0,-3,-1,-1,-1,-1,5,-1
KR_6719939332,420,-1,22,-21,-4,0,2,2,0,4,4,-2,2,0,-3,3,0,1,0,1,0,-7,-6,-3,-4,7,3,0,-1,1,1,-1,-1,1,-1
KR_6752605708,420,1,-11,10,5,0,1,1,-5,6,1,4,2,6,4,0,4,2,1,3,0,7,-4,1,-5,4,5,0,1,1,1,1,-1,5,-1
KR_6762921599,420,4,62,4,0,1,0,1,2,3,5,-2,3,1,-1,3,2,0,1,1,0,-5,-8,-5,-2,7,7,0,0,-1,1,1,-1,4,-1
KR_6716896197,420,0,36,-17,1,2,0,2,2,4,6,-2,6,4,0,2,2,-1,1,0,0,4,1,3,-6,3,1,0,-1,1,-1,-1,1,1,-1
KR_6693758800,420,-3,-50,12,-15,-1,3,2,-6,6,0,-4,5,1,-2,2,0,-2,2,0,0,-27,-3,1,-5,4,-2,0,-2,1,-1,-1,-1,1,-1
KR_6772298720,420,-2,-53,15,-5,0,1,1,-4,4,0,0,0,0,-1,4,3,0,1,1,0,-4,6,3,-6,3,0,0,-1,-1,1,-1,1,2,-1
KR_6720488305,420,-6,-93,-8,-13,-4,4,0,-2,2,0,-3,4,1,-4,4,0,0,0,0,0,-17,-14,-4,-4,8,3,0,0,-1,-1,-1,-1,5,-1
KR_6777309734,420,2,-25,0,8,1,0,1,1,3,4,5,1,6,3,4,7,-2,3,1,0,13,-4,-6,-7,13,4,0,0,-1,1,-1,-1,3,-1
KR_6731809645,420,-1,-120,-3,-2,-3,4,1,3,0,3,0,2,2,-1,3,2,-1,3,2,1,3,5,3,-8,5,0,0,-1,1,-1,-1,1,4,-1
KR_6767574102,420,-2,-67,-3,-1,3,2,5,0,0,0,2,1,3,-7,9,2,1,0,1,1,0,140,0,-5,5,-2,0,0,-1,1,1,1,3,-1
KR_6776816917,420,-1,42,-7,0,0,1,1,2,2,4,0,0,0,-2,5,3,0,0,0,0,-5,140,2,-7,5,2,0,0,1,1,0,1,4,-1
KR_6771873164,420,-1,1,-38,-5,-2,3,1,-2,3,1,-2,6,4,0,2,2,1,0,1,0,1,-41,-1,-7,8,5,0,0,1,-1,0,-1,6,-1
KR_6619135207,420,-2,-41,-6,-8,-2,4,2,-3,6,3,0,1,1,-4,6,2,1,0,1,0,-10,-6,-2,-4,6,-1,0,0,1,1,0,-1,3,-1
KR_6702335034,420,2,10,-9,2,6,0,6,-1,2,1,5,4,9,-7,7,0,-1,3,2,0,-11,-3,-1,-5,6,2,0,1,1,1,1,1,3,-1
KR_6765999971,420,0,-10,14,-3,-2,2,0,-3,7,4,5,2,7,-2,6,4,-1,2,1,0,2,-5,-4,0,4,5,0,1,-1,1,1,1,1,-1
KR_6661453246,420,-7,-16,-9,-15,1,1,2,1,3,4,-5,6,1,-7,8,1,-5,5,0,-2,-17,61,-6,-7,13,4,0,-2,-1,-1,-1,-1,4,-1
KR_6764513463,420,1,41,-16,1,1,2,3,1,1,2,-2,3,1,-1,4,3,2,0,2,0,3,-2,-1,-4,5,0,0,1,1,-1,1,1,6,-1
KR_6755113659,420,0,-15,31,-7,3,0,3,-2,3,1,-2,5,3,-4,6,2,-2,5,3,0,-14,-5,-3,-6,9,3,0,1,1,-1,-1,-1,5,-1
KR_6730811614,440,1,20,28,6,0,1,1,4,1,5,4,3,7,-4,4,0,2,1,3,0,1,-19,1,-5,4,-1,0,0,-1,1,0,1,6,-1
KR_6751386567,420,-1,-32,14,-3,3,0,3,-3,4,1,-5,6,1,0,1,1,2,0,2,0,-3,11,0,-7,7,1,0,1,-1,1,1,-1,3,-1
KR_6776098189,420,0,43,-7,-5,-2,3,1,-2,2,0,-1,1,0,-1,2,1,1,0,1,0,-4,-14,-5,-8,13,-9,0,0,-1,1,1,1,5,-1
KR_6766575624,420,-3,-55,-21,-1,-5,5,0,0,2,2,-1,3,2,4,2,6,1,1,2,0,13,-5,1,-8,7,4,0,0,1,-1,1,-1,3,-1
KR_6748004708,420,-2,2,0,-10,-1,1,0,-8,9,1,5,0,5,-6,9,3,0,1,1,0,-11,10,8,-13,5,-6,0,-2,-1,1,-1,-1,4,-1
KR_6774378153,420,-2,-10,-17,-2,-1,4,3,-3,6,3,1,0,1,1,1,2,0,1,1,0,-1,1,-4,-2,6,-1,0,-1,-1,-1,-1,1,5,-1
KR_6770467009,420,0,-36,29,-2,-3,4,1,2,2,4,2,1,3,-3,6,3,0,0,0,-2,-5,-13,-1,-8,9,6,0,0,1,1,-1,-1,5,-1
KR_6753299847,420,1,-18,20,0,2,1,3,0,2,2,1,1,2,-2,6,4,-1,1,0,0,-5,18,8,-11,3,-7,0,0,1,1,-1,1,3,-1
KR_6727866379,420,-1,51,0,-4,-1,4,3,-1,2,1,-2,2,0,2,2,4,-2,2,0,0,-8,2,1,-6,5,1,0,-2,1,-1,-1,1,3,-1
KR_6702883532,420,-5,-65,-32,-15,-3,4,1,-6,9,3,1,1,2,-6,7,1,-1,1,0,0,-15,20,-3,-7,10,-7,0,-2,-1,-1,-1,-1,3,-1
KR_6765868345,420,-5,-22,-21,-11,-3,3,0,-2,5,3,-5,5,0,3,3,6,-4,4,0,0,-18,371,-2,-3,5,0,0,0,1,-1,-1,-1,2,-1
KR_6748070394,420,1,30,-3,3,3,2,5,0,3,3,1,1,2,-3,8,5,2,1,3,1,-3,39,2,-7,5,-19,0,0,1,1,1,1,6,-1
KR_6736790629,420,5,36,4,1,0,3,3,0,3,3,1,1,2,1,2,3,-1,2,1,-1,3,5,0,-4,4,-3,0,-1,-1,-1,-1,-1,2,-1
KR_6758874423,420,0,32,3,0,0,3,3,0,4,4,1,2,3,0,6,6,-1,2,1,1,1,-7,-3,-5,8,7,0,-1,1,-1,-1,1,4,-1
KR_6776114682,420,-1,-70,-1,-2,-1,2,1,3,0,3,0,1,1,0,3,3,-4,4,0,0,-1,-44,-4,-2,6,-7,0,-2,-1,-1,-1,-1,6,-1
KR_6671473668,420,-4,-37,-47,-15,-2,3,1,-7,8,1,-4,6,2,-1,2,1,-1,1,0,0,-9,22,-1,-3,4,-2,0,-4,-1,-1,-1,-1,3,-1
KR_6758097716,420,0,-22,-19,1,0,2,2,2,3,5,0,2,2,-1,3,2,0,1,1,0,2,-7,-3,-3,6,1,0,0,1,0,0,1,5,-1
KR_6768025887,420,2,10,25,0,-2,2,0,2,5,7,2,1,3,-1,2,1,-1,2,1,0,3,-8,-6,-3,9,6,0,0,1,-1,-1,-1,3,-1
KR_6728091859,420,0,-13,4,-8,-4,6,2,-4,4,0,-1,4,3,-1,4,3,2,0,2,-1,-18,13,-2,-3,5,3,0,-1,-1,-1,-1,-1,1,-1
KR_6671514561,420,2,-10,19,-1,-3,4,1,2,3,5,-2,4,2,1,0,1,1,0,1,0,6,33,0,-6,6,-8,0,-2,-1,-1,-1,-1,3,-1
KR_6655158856,420,-5,-73,-39,-11,-3,5,2,-1,5,4,-1,4,3,-3,3,0,-3,4,1,0,-19,-14,-5,-4,9,7,0,-2,0,-1,-1,-1,0,-1
KR_6759661085,420,0,-8,0,-7,-5,5,0,-4,5,1,2,2,4,-1,6,5,1,0,1,0,-10,-2,-5,-3,8,-1,0,-2,1,-1,-1,-1,2,-1
KR_6769993117,420,-2,-31,-14,-6,-6,6,0,2,2,4,-1,1,0,-1,1,0,0,0,0,0,-1,8,4,-8,4,1,0,-1,-1,-1,-1,-1,4,-1
KR_6748972627,420,-1,-10,16,-7,-2,4,2,0,1,1,-3,5,2,-1,3,2,-1,1,0,0,-7,-4,1,-5,4,0,0,0,-1,1,-1,1,3,-1
KR_6702873245,420,0,-14,16,-4,2,1,3,0,2,2,-5,6,1,-1,3,2,0,2,2,0,-6,4,1,-9,8,-11,0,-1,1,-1,-1,-1,3,-1
KR_6582595382,420,-3,-33,-5,-6,-4,4,0,-5,8,3,3,1,4,0,3,3,0,0,0,0,-6,2,-4,-5,9,1,0,0,-1,1,-1,-1,4,-1
KR_6695467847,420,-1,9,-12,-1,1,2,3,2,5,7,0,5,5,-5,6,1,1,0,1,0,-12,-8,-2,-4,6,-5,0,-1,-1,-1,-1,-1,2,-1
KR_6743114643,420,-4,-41,10,-7,-3,3,0,0,3,3,0,3,3,2,1,3,-6,7,1,0,-8,0,6,-8,2,2,0,-1,1,-1,-1,1,1,-1
KR_6776511846,440,5,-21,3,8,0,4,4,-3,5,2,5,1,6,4,0,4,2,2,4,0,-1,-12,2,-5,3,3,0,1,-1,-1,-1,-1,5,-1
KR_6776452322,440,-1,69,8,-1,-4,4,0,2,3,5,-1,2,1,2,2,4,0,4,4,0,2,10,3,-7,4,-2,0,-1,1,-1,-1,-1,6,-1
KR_6738590993,420,-5,-115,-12,-15,-3,3,0,-4,5,1,-5,7,2,0,3,3,-3,3,0,0,-19,-130,-7,0,7,-3,0,-1,1,-1,-1,-1,6,-1
KR_6777040379,420,0,9,-20,10,-1,2,1,1,3,4,1,1,2,5,2,7,4,0,4,1,22,-4,-5,-2,7,4,0,-1,1,-1,-1,1,6,-1
KR_6775654894,420,-4,0,-16,-9,-1,1,0,-6,7,1,2,2,4,-5,5,0,1,0,1,0,-18,0,3,-9,6,-2,0,0,-1,-1,0,-1,1,-1
KR_6765897961,420,-4,9,-14,-8,-3,4,1,3,0,3,-6,8,2,0,2,2,-2,4,2,1,-7,-27,1,-8,7,-3,0,-3,-1,1,-1,1,4,-1
KR_6775486810,420,-3,-39,-30,-7,-4,5,1,-6,9,3,-6,6,0,5,2,7,4,0,4,0,1,-3,1,-5,4,-2,0,-2,1,0,-1,-1,4,-1
KR_6749624441,420,-1,32,-32,0,0,1,1,1,1,2,-1,4,3,-1,4,3,1,2,3,0,4,-5,-2,-4,6,-1,0,-1,1,-1,-1,-1,3,-1
KR_6729009338,420,-1,-12,8,-4,1,1,2,-5,7,2,-3,5,2,1,1,2,2,0,2,-1,3,4,1,-6,5,-1,0,0,1,1,1,-1,6,-1
KR_6777621589,440,-1,-50,6,-4,-2,2,0,-4,5,1,-1,4,3,0,1,1,3,4,7,-2,-1,10,-2,-6,8,-3,0,-1,-1,-1,-1,-1,1,-1
KR_6736937631,420,-4,-70,-24,-13,-2,5,3,3,2,5,-5,6,1,-6,7,1,-3,3,0,0,-20,-2,-7,-2,9,-3,0,-2,-1,-1,-1,-1,1,-1
KR_6760305429,420,2,-54,0,7,2,0,2,-4,4,0,8,0,8,1,0,1,0,1,1,0,12,-2,1,-6,5,2,0,0,0,1,0,1,0,-1
KR_6767724273,420,-9,-58,-9,-8,-2,4,2,1,1,2,-5,7,2,-4,7,3,2,1,3,0,-9,-10,0,-8,8,4,0,-1,1,1,-1,1,2,-1
KR_6711227520,420,-2,-31,-1,-2,-2,2,0,-5,9,4,-2,3,1,4,0,4,3,0,3,0,-7,1,-2,-4,6,3,0,-1,-1,1,-1,1,5,-1
KR_6762910221,420,1,49,5,2,0,3,3,0,3,3,-2,2,0,-1,13,12,5,0,5,0,-4,-2,-3,-5,8,-3,0,1,-1,-1,1,1,2,-1
KR_6775850436,420,0,-7,15,0,0,3,3,2,1,3,0,2,2,-2,5,3,0,0,0,0,3,-5,3,-7,4,5,0,0,-1,-1,0,1,1,-1
KR_6758340470,440,-4,-35,-22,-14,5,0,5,-4,4,0,-14,14,0,-4,4,0,3,0,3,-1,-18,32,5,-11,6,-1,0,-1,-1,-1,-1,-1,4,-1
KR_6769733607,420,0,-42,-40,4,-2,4,2,0,4,4,2,2,4,1,4,5,3,0,3,0,5,2,2,-7,5,-2,0,-1,-1,1,-1,-1,2,-1
KR_6754225582,420,-1,-12,-1,2,0,0,0,-5,5,0,4,1,5,-1,4,3,4,1,5,0,3,-13,-5,-2,7,2,0,-2,-1,-1,-1,-1,2,-1
KR_6775875904,420,-4,-50,11,-6,-2,2,0,1,1,2,-1,1,0,-2,3,1,-2,2,0,0,-4,28,4,-8,4,-4,0,0,-1,1,0,-1,1,-1
KR_6775740589,420,1,74,12,1,0,2,2,-1,2,1,-1,2,1,3,0,3,0,1,1,0,0,14,-2,-5,7,1,0,0,-1,0,0,1,5,-1
KR_6764381085,420,-4,-44,-9,-11,-7,8,1,-3,5,2,-1,4,3,-1,2,1,1,0,1,0,-10,-3,-1,-7,8,1,0,-2,1,0,-1,-1,1,-1
KR_6760029156,440,-2,-35,-31,-1,1,1,2,-3,6,3,-1,3,2,3,2,5,-1,1,0,-2,-7,-1,3,-9,6,-2,0,0,-1,1,-1,-1,2,-1
KR_6740155226,420,-2,-88,-16,0,-6,6,0,0,1,1,3,1,4,3,1,4,0,2,2,-1,3,-22,-5,0,5,-5,0,-3,-1,-1,-1,-1,5,-1
KR_6721601719,420,1,39,33,0,2,0,2,2,0,2,0,2,2,-3,5,2,-1,2,1,0,-7,-2,-4,-6,10,6,0,1,1,1,1,1,6,-1
KR_6761546427,420,-6,-37,-17,-17,2,1,3,-9,11,2,-5,6,1,-4,5,1,-1,1,0,-3,-23,2,2,-7,5,-6,0,-2,-1,-1,-1,-1,5,-1
KR_6776157902,420,-4,-41,-9,-5,-4,4,0,0,0,0,-2,2,0,1,1,2,0,1,1,0,-6,-20,-1,-2,3,-5,0,-1,1,-1,-1,-1,2,-1
KR_6771664438,420,2,-18,-13,4,0,0,0,1,0,1,0,4,4,2,2,4,1,0,1,0,8,-6,-1,-5,6,2,0,1,-1,-1,1,1,4,-1
KR_6735072154,420,-8,-42,-35,-15,0,0,0,-3,3,0,-7,8,1,-4,5,1,-1,1,0,0,-12,-17,-6,-5,11,-6,0,-2,1,-1,-1,1,3,-1
KR_6768052741,420,-3,-67,2,-8,-5,6,1,2,2,4,-2,4,2,-1,4,3,-2,2,0,0,-6,2,1,-7,6,-1,0,-1,1,-1,-1,-1,5,-1
KR_6776812946,420,-1,-2,-44,1,3,0,3,1,3,4,-2,5,3,-1,2,1,0,1,1,0,1,154,1,-4,3,6,0,0,-1,1,0,-1,5,-1
KR_6764619366,440,-3,36,3,-3,3,0,3,-5,7,2,-1,1,0,-4,6,2,4,2,6,1,-9,-15,-8,-1,9,1,0,2,-1,1,1,1,1,-1
KR_6748597305,420,3,31,37,-4,4,2,6,-1,2,1,-1,3,2,-7,11,4,1,0,1,0,-11,-1,-4,-2,6,0,0,0,1,-1,1,1,6,-1
KR_6765019155,420,3,-67,43,3,0,3,3,2,5,7,-1,5,4,2,1,3,0,1,1,0,6,4,0,-6,6,0,0,0,-1,1,-1,-1,6,-1
KR_6763061782,420,1,-76,21,-3,0,1,1,-2,4,2,-3,3,0,1,3,4,1,0,1,0,-2,7,6,-10,4,-1,0,0,-1,1,0,1,2,-1
KR_6773582278,420,-5,-64,12,-12,-3,4,1,-7,8,1,-1,1,0,-1,1,0,0,0,0,0,-11,12,-5,-4,9,-7,0,-2,1,-1,-1,-1,1,-1
KR_6728174343,420,-1,3,2,-4,-2,2,0,-3,9,6,3,1,4,-1,2,1,-1,2,1,0,4,-6,-3,-1,4,8,0,-1,-1,-1,-1,1,6,-1
KR_6757292968,420,0,9,45,8,-1,1,0,1,1,2,7,1,8,0,1,1,1,1,2,1,7,156,-2,-4,6,5,0,1,1,-1,1,1,6,-1
KR_6748058204,420,-2,38,-23,-8,2,1,3,-3,4,1,-2,4,2,-2,3,1,-3,4,1,0,-5,-4,5,-6,1,-3,0,-1,-1,1,1,1,1,-1
KR_6695188862,420,0,66,-5,-6,2,2,4,-3,5,2,-1,3,2,-1,2,1,-3,5,2,0,-8,4,-1,-6,7,2,0,1,0,-1,1,-1,0,-1
KR_6735561473,420,1,26,-3,-5,0,3,3,-1,5,4,-2,4,2,-4,4,0,2,0,2,0,-7,-7,3,-9,6,3,0,1,-1,1,1,1,1,-1
KR_6763585213,440,-1,-5,8,-3,-4,6,2,0,2,2,-2,3,1,-2,2,0,5,1,6,0,-4,-1,-3,-3,6,0,0,1,0,1,1,-1,0,-1
KR_6776025510,420,0,-7,16,-6,2,1,3,0,2,2,-4,5,1,-3,4,1,-1,1,0,0,-5,19,-2,-3,5,4,0,-1,-1,1,-1,-1,4,-1
KR_6777357904,420,0,4,0,0,-3,4,1,1,4,5,0,1,1,3,3,6,-1,2,1,0,9,-2,-1,-5,6,1,0,-1,-1,-1,-1,1,1,-1
KR_6769608407,420,1,64,28,-4,1,1,2,2,3,5,1,2,3,-7,10,3,-1,1,0,0,-9,-2,-5,-6,11,-3,0,-1,-1,1,1,-1,4,-1
KR_6776284206,420,-5,-58,-11,-9,-2,2,0,-1,2,1,-2,3,1,-2,2,0,-2,2,0,0,-18,29,1,-6,5,0,0,-3,-1,-1,-1,-1,4,-1
KR_6715669528,420,4,16,11,6,-4,4,0,0,3,3,3,1,4,7,2,9,0,0,0,1,12,15,3,-9,6,1,0,1,1,-1,1,1,6,-1
KR_6766582169,420,-4,23,-15,-9,1,0,1,-4,5,1,-3,7,4,-3,5,2,0,0,0,0,-14,-7,-7,-3,10,5,0,-1,-1,1,-1,1,1,-1
KR_6744951049,420,-7,-107,-62,-7,-5,5,0,0,2,2,-3,3,0,0,2,2,1,0,1,0,-3,20,-1,-6,7,0,0,-3,-1,-1,-1,-1,6,-1
KR_6748963170,420,-1,-7,-16,-4,-3,4,1,1,0,1,0,2,2,-2,3,1,0,0,0,-1,-3,-7,-3,-3,6,0,0,0,-1,1,0,-1,5,-1
KR_6769994539,420,1,-17,-9,2,3,1,4,0,3,3,-2,3,1,1,3,4,0,1,1,0,-5,9,5,-9,4,-3,0,-1,-1,1,-1,1,5,-1
KR_6776477626,420,-5,-19,14,-9,-1,1,0,1,1,2,-3,3,0,-1,5,4,-5,6,1,1,-16,-9,-3,-4,7,1,0,-1,0,-1,-1,1,0,-1
KR_6764247406,420,0,-3,-6,-3,-1,3,2,-2,2,0,-1,4,3,0,2,2,1,1,2,0,-1,-57,-2,-6,8,17,0,0,-1,1,1,-1,1,-1
KR_6777210893,420,2,22,1,-4,1,2,3,-1,1,0,-3,4,1,-1,1,0,0,0,0,0,-7,-31,0,-2,2,2,0,-1,-1,-1,-1,-1,5,-1
KR_6774583492,420,-1,-11,-13,-7,-3,4,1,0,4,4,-4,6,2,-2,12,10,2,1,3,0,11,32,-4,-6,10,3,0,-1,-1,-1,-1,1,3,-1
KR_6772406164,420,-2,27,-19,-6,-4,6,2,-5,7,2,2,4,6,-3,5,2,4,1,5,0,-14,-14,2,-10,8,0,0,-2,-1,-1,-1,-1,2,-1
KR_6752350024,420,1,-22,8,9,2,4,6,1,1,2,1,2,3,4,3,7,1,0,1,0,21,2,4,-9,5,-1,0,-1,1,-1,-1,1,2,-1
KR_6751107135,420,-2,-5,-17,-3,-3,3,0,-1,1,0,-3,3,0,0,0,0,4,0,4,0,-2,-14,0,-6,6,-8,0,0,1,-1,0,1,5,-1
KR_6736808877,420,1,0,-9,4,0,1,1,0,2,2,0,2,2,3,1,4,1,0,1,0,1,0,-1,-2,3,-2,0,1,1,-1,1,1,6,-1
KR_6671194281,420,-3,-10,-16,-13,0,2,2,-5,5,0,-4,5,1,-4,6,2,0,0,0,-1,-18,-11,-1,-7,8,-1,0,0,1,-1,-1,-1,4,-1
KR_6767773613,420,0,-31,5,0,-2,4,2,2,1,3,1,1,2,0,1,1,-1,1,0,0,-7,-37,-2,-4,6,4,0,0,0,1,0,1,0,-1
KR_6729526191,420,-5,-42,-12,-10,-2,3,1,-2,2,0,-5,6,1,1,5,6,-2,2,0,0,-7,38,-1,-7,8,-20,0,-2,-1,-1,-1,-1,3,-1
KR_6736436133,420,-1,-37,-35,-2,0,3,3,-4,6,2,-3,4,1,2,4,6,3,0,3,0,-6,7,4,-6,2,-1,0,-3,1,-1,-1,-1,3,-1
KR_6767795967,420,2,19,33,5,-1,4,3,3,4,7,3,0,3,1,2,3,-1,3,2,0,7,3,2,-4,2,2,0,1,1,1,1,-1,2,-1
KR_6761220349,420,-2,-52,7,-5,-1,1,0,-3,4,1,-3,3,0,0,1,1,2,1,3,0,-3,-8,1,-4,3,2,0,-1,0,-1,-1,-1,0,-1
KR_6724666379,440,-1,-39,-8,-4,0,3,3,-1,3,2,-2,2,0,0,1,1,-1,1,0,0,-5,0,-3,-4,7,0,0,-2,-1,1,-1,1,4,-1
KR_6724980202,440,-5,-85,-39,-4,5,2,7,-2,3,1,-1,3,2,-3,5,2,-3,4,1,0,0,-29,-1,-2,3,-2,0,-2,-1,0,-1,1,2,-1
KR_6773753109,420,2,-5,24,6,1,1,2,3,1,4,3,0,3,1,1,2,-2,2,0,0,1,-5,0,-6,6,9,0,1,1,1,1,1,6,-1
KR_6759354733,420,2,-2,16,-4,-1,1,0,-2,3,1,3,0,3,-2,3,1,-2,2,0,0,-10,-3,-5,-4,9,-5,0,2,-1,1,1,-1,5,-1
KR_6775569278,420,-4,15,3,-8,-2,4,2,-4,5,1,-2,4,2,2,1,3,-2,2,0,0,-7,-8,-4,-6,10,10,0,0,-1,1,0,1,6,-1
KR_6777114527,420,-2,-19,15,-6,0,2,2,-2,4,2,-4,4,0,-1,2,1,1,0,1,0,-5,-2,3,-7,4,2,0,0,1,-1,0,1,2,-1
KR_6738468533,420,-1,-55,-7,-4,-2,4,2,1,6,7,-2,3,1,-2,3,1,1,0,1,0,-3,38,1,-6,5,-3,0,0,-1,1,0,-1,3,-1
KR_6759516345,440,2,75,-15,10,1,1,2,-1,1,0,4,1,5,1,2,3,5,0,5,0,13,0,0,-3,3,3,0,-1,1,-1,-1,1,4,-1
KR_6775815782,420,0,30,17,-3,2,0,2,-3,4,1,-1,1,0,1,1,2,-2,2,0,0,-9,0,5,-9,4,3,0,0,-1,1,-1,-1,2,-1
KR_6738786937,420,-2,-41,-19,-13,-3,3,0,-4,7,3,-3,4,1,-2,4,2,-1,1,0,-2,-23,-26,1,-7,6,0,0,-3,1,-1,-1,-1,1,-1
KR_6750955448,420,-2,22,11,1,-2,3,1,3,3,6,0,4,4,-2,4,2,2,0,2,1,-4,9,7,-8,1,-4,0,1,-1,1,1,1,4,-1
KR_6735970254,420,0,-51,15,5,-2,4,2,1,3,4,0,4,4,4,1,5,2,0,2,1,11,0,0,-3,3,0,0,-1,1,-1,-1,1,4,-1
KR_6775778558,420,-2,29,-16,-9,1,0,1,-5,5,0,-1,3,2,-1,2,1,-3,3,0,0,-7,1,3,-8,5,0,0,-1,-1,-1,-1,-1,3,-1
KR_6777602575,420,-4,-52,-11,-10,-1,3,2,-2,6,4,-3,3,0,-3,3,0,-1,1,0,0,-14,-11,-9,-1,10,3,0,-1,-1,1,-1,-1,4,-1
KR_6753787890,420,0,-50,25,-12,-1,3,2,-6,7,1,-2,5,3,-3,5,2,0,1,1,-1,-17,-26,-4,-3,7,0,0,0,1,1,0,-1,2,-1
KR_6750425004,420,0,17,4,-6,3,0,3,-8,10,2,2,0,2,-2,5,3,-1,2,1,0,-7,-27,-4,-1,5,4,0,-1,-1,-1,-1,1,2,-1
KR_6749574277,420,-2,-38,7,-1,-3,5,2,-1,2,1,4,0,4,-4,6,2,3,0,3,1,0,-2,0,-5,5,-2,0,-1,1,-1,-1,1,3,-1
KR_6767373553,420,-1,46,-32,-2,3,0,3,-1,1,0,-2,4,2,-1,1,0,-1,1,0,0,-1,-188,0,-6,6,5,0,1,1,1,1,1,3,-1
KR_6770509928,420,1,-21,4,-2,-1,1,0,1,1,2,-1,2,1,-1,3,2,0,1,1,0,-3,-2,3,-7,4,1,0,-1,1,1,-1,-1,3,-1
KR_6711993106,420,-3,-20,-5,3,0,2,2,1,2,3,-4,4,0,5,1,6,1,0,1,0,9,-15,5,-9,4,-4,0,0,0,-1,1,-1,0,-1
KR_6768558128,420,1,18,-14,2,4,0,4,-3,4,1,0,2,2,0,1,1,1,1,2,0,2,-2,-2,-4,6,6,0,0,-1,-1,0,-1,6,-1
KR_6775997011,420,-4,-54,-15,-9,-2,3,1,0,1,1,-3,6,3,-2,2,0,-2,2,0,0,-12,-12,1,-5,4,-2,0,-3,-1,-1,-1,-1,1,-1
KR_6771554777,420,-2,-66,4,-4,-3,4,1,3,2,5,1,0,1,-3,3,0,-2,2,0,0,-9,-3,-4,-2,6,-3,0,0,-1,1,-1,-1,2,-1
KR_6750618335,420,5,41,29,-1,5,0,5,-1,4,3,-2,3,1,-3,5,2,0,0,0,0,-7,26,1,-4,3,-1,0,0,-1,1,0,-1,6,-1
KR_6710733857,420,-2,21,-36,4,-2,2,0,0,4,4,0,1,1,2,0,2,4,0,4,0,10,-8,-1,-3,4,-5,0,0,1,-1,1,-1,5,-1
KR_6754953752,420,-4,16,-17,-12,1,1,2,-6,6,0,-2,3,1,-5,5,0,0,2,2,0,-19,5,2,-8,6,-5,0,0,-1,-1,0,-1,2,-1
KR_6770340485,420,-1,13,30,-7,0,2,2,-6,6,0,-1,1,0,0,5,5,0,1,1,0,-8,2,2,-6,4,-1,0,0,-1,1,0,-1,2,-1
KR_6770542281,420,0,-32,10,-4,-1,2,1,-2,5,3,0,3,3,0,1,1,-1,1,0,0,-7,-225,0,-5,5,5,0,0,1,1,0,1,6,-1
KR_6767680292,420,1,-16,-12,-7,-1,1,0,-1,4,3,-4,7,3,-1,4,3,0,2,2,0,1,3,1,-8,7,2,0,0,-1,-1,0,-1,4,-1
KR_6485944857,420,-1,10,-14,0,-2,3,1,0,3,3,-1,2,1,2,1,3,1,1,2,0,1,-5,-2,-7,9,3,0,0,-1,-1,-1,-1,4,-1
KR_6774445469,420,-2,-3,-8,0,0,1,1,1,0,1,1,0,1,-4,5,1,2,4,6,0,0,2,0,-6,6,-3,0,-1,1,-1,-1,1,5,-1
KR_6771498033,420,-2,5,-21,-2,6,0,6,1,2,3,-6,6,0,-4,4,0,1,0,1,0,-2,2,-1,-8,9,-5,0,0,-1,-1,-1,1,3,-1
KR_6775799554,420,-5,-69,0,-12,-6,7,1,-2,6,4,-2,2,0,-1,3,2,-1,2,1,0,-7,-6,-2,-4,6,2,0,-2,1,0,-1,-1,2,-1
KR_6775747399,440,0,-15,12,-6,2,2,4,-5,6,1,-5,5,0,7,3,10,-5,6,1,0,-8,-8,-2,-2,4,-5,0,1,-1,-1,1,-1,5,-1
KR_6714108236,420,0,-46,13,-6,-2,2,0,-2,4,2,1,6,7,-2,6,4,-1,3,2,-4,-5,-10,5,-12,7,3,0,-2,-1,1,-1,-1,3,-1
KR_6775705598,420,-2,-48,6,-3,2,1,3,-3,6,3,-1,4,3,0,2,2,-1,1,0,0,-8,3,3,-6,3,-3,0,0,1,-1,-1,1,2,-1
KR_6776350093,420,-2,-37,3,-1,-1,5,4,-2,4,2,3,1,4,-2,4,2,1,1,2,1,7,-193,3,-7,4,0,0,0,-1,1,1,1,1,-1
KR_6764950437,420,-1,-33,-4,-10,-6,6,0,-2,2,0,1,3,4,-1,2,1,-2,2,0,0,-15,9,-1,-7,8,-8,0,0,-1,1,0,-1,3,-1
KR_6709456520,420,-4,-99,-47,-6,0,2,2,0,4,4,0,0,0,-4,5,1,-2,2,0,0,0,-4,-4,-6,10,-1,0,-1,-1,-1,-1,-1,6,-1
KR_6767269162,420,-5,-45,-24,-4,-2,2,0,-3,4,1,0,2,2,1,0,1,0,0,0,0,-2,-7,-3,-5,8,0,0,-1,-1,-1,-1,1,6,-1
KR_6775222108,420,-2,-7,16,-1,-3,3,0,-2,3,1,6,0,6,-4,5,1,2,0,2,0,2,44,2,-10,8,-1,0,-1,-1,-1,-1,1,2,-1
KR_6772228174,420,-1,-50,-9,-1,-4,4,0,3,2,5,-2,3,1,2,3,5,0,1,1,1,0,2,1,-7,6,-2,0,0,-1,1,-1,1,1,-1
KR_6770665005,420,-2,-38,-20,-12,0,2,2,-3,3,0,-6,6,0,-5,5,0,2,1,3,0,-11,7,0,-6,6,-4,0,-1,1,-1,-1,-1,3,-1
KR_6777728150,440,1,-7,-12,5,2,4,6,6,0,6,-1,3,2,-2,3,1,0,0,0,0,-2,21,1,-4,3,-6,0,0,1,0,-1,1,6,-1
KR_6776288579,420,0,-49,-10,3,2,0,2,-5,5,0,4,1,5,2,2,4,0,1,1,0,-4,-7,0,-5,5,-1,0,0,0,-1,0,-1,0,-1
KR_6766241764,420,0,6,34,4,1,3,4,-1,3,2,1,3,4,1,4,5,2,1,3,0,-2,5,4,-8,4,-1,0,0,-1,1,1,1,5,-1
KR_6710740045,420,-4,-45,-7,-5,1,0,1,0,3,3,-4,5,1,-2,4,2,0,2,2,0,-3,-4,5,-8,3,1,0,-2,-1,1,-1,1,6,-1
KR_6772841425,420,-3,-31,-9,-7,2,1,3,-7,10,3,4,0,4,-5,5,0,-1,1,0,0,-10,0,-1,-4,5,3,0,-1,1,-1,-1,1,1,-1
KR_6713657013,420,-4,-73,-28,-6,-2,4,2,-3,3,0,-4,5,1,4,4,8,-1,2,1,0,1,77,0,-7,7,-16,0,0,-1,-1,-1,-1,4,-1
KR_6775502678,420,-2,12,0,-4,-3,3,0,0,2,2,2,1,3,-1,4,3,-2,5,3,-4,-15,-8,0,-6,6,6,0,-1,-1,1,-1,-1,2,-1
KR_6771444196,420,-1,20,-19,-1,3,1,4,-2,3,1,-2,2,0,1,2,3,-1,1,0,0,1,-17,2,-5,3,0,0,2,-1,1,1,-1,5,-1
KR_6673960526,420,-3,-26,34,-4,-1,2,1,-5,8,3,4,1,5,-2,3,1,0,1,1,0,-4,-7,-5,-5,10,-1,0,-1,-1,1,-1,1,1,-1
KR_6748576275,420,-3,-32,-18,-7,1,1,2,-4,7,3,0,1,1,-3,3,0,-1,1,0,0,-15,5,-7,0,7,-5,0,0,1,-1,-1,1,1,-1
KR_6691028934,420,-4,-57,-30,-12,-5,7,2,-4,9,5,-5,5,0,4,1,5,-2,2,0,0,-4,-106,-2,-6,8,0,0,-2,1,-1,-1,1,6,-1
KR_6772374060,420,-4,-61,3,-9,-1,3,2,-2,4,2,-5,5,0,-1,2,1,0,1,1,0,-2,-13,-3,-5,8,4,0,-1,-1,1,-1,-1,4,-1
KR_6777112048,420,0,16,32,1,1,1,2,0,1,1,-1,2,1,-1,1,0,2,0,2,0,-2,-7,-4,-3,7,-2,0,0,-1,1,0,1,4,-1
KR_6757915869,420,0,19,-6,6,-1,1,0,5,2,7,2,2,4,2,1,3,-2,3,1,0,9,-2,2,-7,5,0,0,0,0,1,0,1,0,-1
KR_6767116269,420,-2,-33,3,2,-1,3,2,-1,3,2,3,0,3,2,0,2,-1,1,0,2,5,-7,-3,-5,8,0,0,0,1,1,0,1,2,-1
KR_6708203015,420,-1,12,-4,-6,2,1,3,-2,3,1,-1,3,2,-4,8,4,-1,1,0,0,-8,-7,-3,-10,13,2,0,0,-1,1,-1,1,5,-1
KR_6771573548,420,-2,-27,-12,-6,-4,4,0,-1,4,3,0,1,1,2,4,6,-3,4,1,0,-9,4,6,-11,5,-4,0,-1,-1,-1,-1,-1,4,-1
KR_6774766149,420,-4,-51,0,-11,4,1,5,-3,3,0,-6,6,0,-3,3,0,-3,3,0,0,-17,17,-2,-3,5,-5,0,0,-1,-1,0,1,6,-1
KR_6770049282,420,-4,10,-17,-10,-6,7,1,2,2,4,-4,7,3,-1,2,1,-1,1,0,0,-6,3,-1,-5,6,1,0,-1,1,-1,-1,1,2,-1
KR_6776588349,420,-2,3,-22,1,1,3,4,1,0,1,2,2,4,-5,6,1,2,2,4,0,1,-9,-1,-3,4,-4,0,-2,-1,1,-1,1,3,-1
KR_6773564308,420,0,19,-15,-1,-3,6,3,-2,2,0,1,3,4,5,1,6,-2,3,1,0,9,0,2,-6,4,-4,0,1,0,0,1,-1,0,-1
KR_6771020557,420,-2,-18,-4,-3,-9,9,0,1,3,4,2,2,4,2,0,2,1,1,2,0,-1,2,1,-8,7,0,0,1,-1,-1,1,-1,1,-1
KR_6486075394,420,0,-3,-12,-4,1,0,1,-6,6,0,-1,2,1,1,0,1,1,0,1,1,-4,31,1,-7,6,2,0,-1,0,-1,-1,1,0,-1
KR_6755197017,420,1,20,10,-2,0,3,3,-5,8,3,0,3,3,1,2,3,2,0,2,0,-10,21,-1,-2,3,-3,0,1,-1,1,1,1,4,-1
KR_6612742043,420,1,-9,42,-4,2,2,4,-4,6,2,3,1,4,-3,6,3,-2,3,1,0,-4,-15,0,-6,6,-4,0,-1,1,-1,-1,-1,6,-1
KR_6744152445,420,-1,-110,30,-3,-2,3,1,1,5,6,1,1,2,0,4,4,-3,3,0,0,1,-16,-2,-5,7,22,0,-2,-1,1,-1,-1,3,-1
KR_6758625794,420,0,-7,2,6,4,0,4,9,3,12,-2,4,2,-6,8,2,1,0,1,1,8,4,6,-11,5,-6,0,-2,1,1,-1,1,5,-1
KR_6768092038,420,-3,-22,-4,-5,-2,3,1,-3,3,0,-2,4,2,2,1,3,0,1,1,0,-3,2,-1,-4,5,-2,0,0,-1,1,-1,-1,2,-1
KR_6765639964,420,-4,-24,-23,-13,-3,3,0,0,1,1,-2,4,2,-3,3,0,-5,7,2,0,-13,-17,0,-5,5,-4,0,-2,-1,-1,-1,-1,4,-1
KR_6701034153,420,2,7,-19,1,-4,6,2,8,2,10,-3,4,1,0,7,7,0,1,1,-2,2,-5,-3,-5,8,0,0,-1,1,-1,-1,-1,5,-1
KR_6730531090,420,1,-4,-9,-3,1,0,1,0,2,2,0,0,0,-3,5,2,-1,2,1,0,-8,-8,5,-8,3,1,0,0,-1,1,0,1,6,-1
KR_6757890343,440,-3,-60,12,-5,-4,5,1,2,1,3,-3,5,2,0,4,4,0,1,1,0,1,3,-1,-3,4,2,0,-2,1,-1,-1,1,1,-1
KR_6773579936,420,3,-16,21,3,0,1,1,0,2,2,2,2,4,3,2,5,-2,3,1,1,4,0,3,-5,2,7,0,1,-1,-1,1,1,3,-1
KR_6777319063,420,-1,-21,13,-9,1,2,3,1,2,3,-1,1,0,-6,9,3,-4,4,0,1,-17,29,-3,-5,8,-2,0,-1,1,-1,-1,1,5,-1
KR_6762867017,420,-4,-36,-14,-10,-2,2,0,2,4,6,-3,5,2,-8,10,2,1,0,1,0,-23,168,-4,-6,10,-2,0,0,-1,1,1,-1,1,-1
KR_6734756015,420,-4,-48,1,-18,-4,4,0,-7,9,2,-4,5,1,-4,7,3,1,1,2,0,-18,-16,-2,-7,9,1,0,-4,0,-1,-1,-1,0,-1
KR_6767118130,440,1,93,28,2,-3,4,1,4,1,5,-1,2,1,1,2,3,1,0,1,0,1,0,3,-8,5,4,0,1,1,1,1,1,4,-1
KR_6777157212,420,-6,-80,-8,-7,0,1,1,0,5,5,0,3,3,-7,7,0,0,2,2,0,-1,-17,3,-8,5,1,0,-2,-1,-1,-1,-1,4,-1
KR_6770494088,420,-3,-48,-40,-6,1,1,2,-4,7,3,3,3,6,-1,2,1,-5,5,0,0,-3,24,3,-7,4,-4,0,-1,-1,-1,-1,1,6,-1
KR_6774586096,420,0,39,-8,6,2,2,4,-1,2,1,2,3,5,3,1,4,0,0,0,0,6,22,2,-8,6,0,0,-1,1,-1,-1,1,3,-1
KR_6744910658,420,-4,-48,11,-9,-3,4,1,-1,7,6,-2,3,1,-3,5,2,0,0,0,0,-7,0,-1,-8,9,-6,0,0,-1,-1,-1,-1,4,-1
KR_6739719116,420,-1,-19,-56,-4,2,3,5,-3,4,1,0,3,3,-4,6,2,1,1,2,-1,-4,-2,-3,-3,6,2,0,-2,-1,-1,-1,-1,2,-1
KR_6739699528,420,-3,-42,14,-6,-3,3,0,3,1,4,-3,4,1,-3,8,5,0,0,0,-1,-6,-5,-2,-4,6,3,0,-1,-1,1,-1,-1,4,-1
KR_6777376988,420,-1,-27,11,1,-3,6,3,-1,2,1,3,1,4,2,0,2,0,2,2,0,0,7,-2,-5,7,1,0,0,1,-1,1,1,4,-1
KR_6728599507,420,0,30,-20,-1,2,1,3,1,2,3,-1,4,3,-3,4,1,0,0,0,0,-3,1,-2,-4,6,1,0,-1,1,-1,-1,-1,4,-1
KR_6752869040,420,-1,-92,21,-2,-4,5,1,-1,7,6,2,2,4,-1,5,4,2,1,3,0,5,1,3,-9,6,1,0,-1,-1,-1,-1,-1,2,-1
KR_6735543104,420,2,42,-2,7,2,0,2,6,1,7,-4,5,1,3,0,3,0,2,2,0,6,-111,1,-6,5,0,0,1,1,1,1,-1,4,-1
KR_6766044241,420,0,-17,1,-4,-1,2,1,1,3,4,-2,2,0,-2,4,2,0,2,2,-1,-4,-12,-7,0,7,3,0,-2,0,-1,-1,-1,0,-1
KR_6739265146,420,-8,-101,-49,-17,-5,6,1,0,0,0,-6,7,1,-2,6,4,-4,5,1,0,-20,-186,-7,-1,8,-3,0,-2,-1,-1,-1,-1,6,-1
KR_6748422966,420,1,-21,19,-2,1,0,1,2,2,4,-1,1,0,-6,7,1,2,1,3,0,-1,1,3,-7,4,-1,0,-2,-1,1,-1,1,4,-1
KR_6729164072,420,3,22,19,-1,1,2,3,2,5,7,-6,6,0,2,1,3,0,0,0,0,3,-107,2,-6,4,-7,0,0,1,-1,-1,-1,1,-1
KR_6753432199,420,-1,-33,-7,-8,1,0,1,-5,8,3,-2,3,1,-2,4,2,0,0,0,0,-15,-4,2,-8,6,2,0,1,-1,-1,-1,-1,5,-1
KR_6745056041,420,-1,2,4,-3,0,2,2,4,1,5,-3,5,2,-5,9,4,1,0,1,-3,-13,-26,0,-6,6,-2,0,-1,1,-1,-1,-1,6,-1
KR_6770783213,420,-4,-21,-17,-6,-4,5,1,1,1,2,0,5,5,-3,5,2,0,1,1,0,0,7,-4,-5,9,5,0,-2,0,-1,-1,-1,0,-1
KR_6776498176,440,1,-18,23,-1,-1,2,1,-3,4,1,0,1,1,0,2,2,3,0,3,0,-2,-5,3,-8,5,1,0,1,-1,1,1,-1,3,-1
KR_6667809416,420,2,4,-16,-4,1,0,1,-2,3,1,0,1,1,-4,4,0,1,0,1,0,-1,-7,-5,-3,8,4,0,0,-1,-1,-1,-1,3,-1
KR_6711844976,420,-3,22,-25,-5,-1,1,0,-4,6,2,-1,1,0,1,2,3,0,2,2,0,-4,19,4,-8,4,-3,0,1,-1,-1,1,-1,2,-1
KR_6763812467,420,3,40,-23,9,-1,3,2,6,1,7,1,3,4,2,1,3,1,0,1,0,17,18,-2,-6,8,3,0,1,0,-1,1,1,0,-1
KR_6774240868,420,0,-28,7,-5,2,0,2,-2,5,3,0,2,2,-5,9,4,0,0,0,1,-10,35,0,-7,7,1,0,-1,-1,1,-1,1,4,-1
KR_6770885762,420,-2,-24,11,-6,3,0,3,-8,8,0,0,2,2,0,4,4,-1,1,0,0,-9,-12,-3,-6,9,1,0,0,-1,0,-1,1,6,-1
KR_6756651848,440,-2,-7,-22,4,-2,4,2,5,0,5,0,1,1,0,0,0,1,1,2,0,11,13,2,-8,6,0,0,-1,1,1,-1,1,1,-1
KR_6777778726,420,0,11,-4,-7,2,0,2,-1,2,1,-9,10,1,1,1,2,0,3,3,0,-5,-16,5,-10,5,6,0,0,1,1,0,-1,3,-1
KR_6761961013,420,0,-9,-43,1,3,0,3,1,6,7,-1,4,3,-1,2,1,-1,1,0,0,-3,-13,3,-8,5,7,0,-1,0,-1,-1,1,0,-1
KR_6625781228,420,-3,-18,12,-4,0,1,1,-4,4,0,-1,2,1,1,1,2,0,0,0,0,-5,59,-4,-3,7,0,0,0,-1,-1,-1,-1,1,-1
KR_6770850424,420,-4,5,0,-12,-4,5,1,-5,5,0,-4,4,0,1,4,5,0,1,1,0,-15,-53,2,-8,6,-3,0,-1,1,-1,1,-1,3,-1
KR_6774970201,440,-1,-27,-4,-4,-3,4,1,3,2,5,-4,5,1,-1,3,2,1,0,1,0,4,-5,-3,-2,5,0,0,-1,-1,-1,-1,-1,2,-1
KR_6771837577,420,-3,-38,21,-9,-2,2,0,-1,4,3,-5,6,1,4,0,4,-5,8,3,0,-12,94,-4,-5,9,-1,0,0,-1,-1,-1,-1,3,-1
KR_6772461023,420,-2,-79,-26,-3,-1,1,0,6,1,7,-8,9,1,3,0,3,-3,4,1,0,-1,-16,-2,-5,7,1,0,1,-1,1,1,-1,6,-1
KR_6771068393,420,1,-30,5,-7,4,0,4,0,2,2,-7,7,0,-4,8,4,0,0,0,-2,-12,0,-3,-2,5,-3,0,0,-1,-1,-1,-1,3,-1
KR_6743737726,420,-4,-46,-13,-12,-7,8,1,3,1,4,3,0,3,-6,8,2,-5,5,0,-1,-8,4,-3,-3,6,-2,0,-1,-1,-1,-1,-1,1,-1
KR_6753305001,420,-2,-64,3,-3,0,2,2,1,2,3,-2,4,2,-1,3,2,-1,1,0,0,-3,13,2,-7,5,-24,0,-2,1,-1,-1,-1,6,-1
KR_6743130770,420,-7,-45,-7,-14,-9,9,0,1,5,6,-1,2,1,-3,5,2,-2,3,1,-1,-17,7,2,-8,6,-3,0,-2,-1,1,-1,-1,4,-1
KR_6768882028,420,3,82,-3,-2,0,4,4,-3,4,1,-1,4,3,2,1,3,0,1,1,0,-7,45,-4,-2,6,-17,0,0,-1,0,0,-1,6,-1
KR_6755972303,420,-2,5,-35,-5,4,1,5,-2,3,1,3,1,4,-9,10,1,-1,2,1,0,-12,-35,2,-6,4,-2,0,-2,-1,-1,-1,1,4,-1
KR_6737131860,420,2,-16,5,0,1,1,2,1,6,7,0,2,2,-2,5,3,0,0,0,0,3,1,1,-8,7,-1,0,1,-1,-1,1,-1,2,-1
KR_6753851625,420,-3,-71,-24,-15,-1,3,2,-4,5,1,-5,5,0,-3,5,2,-2,4,2,0,-21,-22,0,-5,5,0,0,-1,-1,0,-1,-1,6,-1
KR_6765459476,420,-3,-60,2,-3,0,2,2,-1,4,3,3,0,3,-2,2,0,-3,3,0,0,0,-4,-5,-3,8,-4,0,-1,-1,-1,-1,-1,1,-1
KR_6758814857,440,1,17,5,3,1,2,3,0,2,2,3,2,5,3,2,5,-4,6,2,0,-4,13,1,-5,4,3,0,0,1,1,1,1,1,-1
KR_6775768309,420,-1,-41,-9,-11,-2,5,3,-5,9,4,-4,6,2,-1,5,4,1,2,3,0,-10,-8,-1,-6,7,4,0,0,-1,-1,-1,-1,3,-1
KR_6751022393,420,-3,-26,-28,-7,0,2,2,0,2,2,1,2,3,-7,8,1,-1,1,0,0,-11,-9,-3,-5,8,5,0,-1,-1,-1,-1,-1,3,-1
KR_6734868026,420,0,-25,-3,0,-1,3,2,4,4,8,1,1,2,-2,2,0,-2,2,0,0,-2,-24,-6,-4,10,4,0,1,-1,1,-1,1,1,-1
KR_6721787257,420,0,26,-5,-3,-2,2,0,-1,2,1,2,1,3,-2,2,0,0,0,0,0,-8,15,-1,-7,8,-2,0,0,-1,1,0,-1,5,-1
KR_6777838407,420,-2,-25,-23,-5,-3,4,1,-4,5,1,0,2,2,2,1,3,0,2,2,0,-2,-3,-5,-3,8,-2,0,0,-1,1,-1,-1,4,-1
KR_6741583495,420,1,46,-19,-4,-2,2,0,-2,5,3,1,3,4,1,1,2,-2,2,0,0,4,-18,-9,-2,11,2,0,0,-1,-1,0,-1,6,-1
KR_6753201232,420,-6,-83,-26,-8,-3,4,1,0,2,2,-2,2,0,-2,2,0,-1,1,0,0,-10,-17,-1,-5,6,-6,0,-2,1,-1,-1,-1,2,-1
KR_6777334759,420,-3,-31,-27,-2,-2,3,1,1,1,2,1,4,5,-2,3,1,0,0,0,0,-5,17,4,-10,6,-2,0,0,-1,1,-1,-1,2,-1
KR_6772205374,420,1,-13,-10,-6,-3,5,2,-1,3,2,-1,5,4,0,2,2,-1,3,2,0,-2,-15,2,-2,0,1,0,-1,0,-1,-1,1,0,-1
KR_6755451390,420,0,11,-9,3,3,1,4,-1,2,1,5,0,5,-2,2,0,-2,2,0,-1,0,-71,3,-8,5,6,0,0,-1,-1,0,-1,2,-1
KR_6760694881,420,-6,-24,-20,-11,0,1,1,0,3,3,-4,4,0,-6,7,1,-1,1,0,0,-8,3,-3,-3,6,0,0,-2,-1,1,-1,1,2,-1
KR_6772370605,420,-3,25,20,-5,0,3,3,2,3,5,-2,3,1,-3,6,3,-2,3,1,1,-7,-1,-3,-5,8,3,0,0,1,-1,0,1,6,-1
KR_6714148718,420,-5,-78,4,-12,-2,3,1,-7,9,2,-1,4,3,-2,2,0,0,1,1,0,-22,-19,0,-4,4,0,0,-1,-1,1,-1,1,6,-1
KR_6741358899,420,-3,-25,-20,-5,-3,4,1,-2,3,1,-3,5,2,6,3,9,-3,3,0,0,-8,-16,3,-9,6,-3,0,-1,-1,-1,-1,-1,4,-1
KR_6624492388,420,-5,-24,-12,-16,-5,6,1,1,3,4,-6,8,2,1,4,5,-7,7,0,0,-12,-11,-5,-6,11,-5,0,-4,-1,-1,-1,-1,5,-1
KR_6766927225,420,-3,-97,-12,-11,0,2,2,-4,4,0,0,0,0,-5,5,0,-2,2,0,0,-15,-23,3,-7,4,-5,0,-2,-1,-1,-1,1,5,-1
KR_6770221557,420,-5,-129,5,-9,0,1,1,-1,5,4,-3,5,2,-5,6,1,0,1,1,-1,-4,-3,-3,-4,7,0,0,-2,-1,-1,-1,-1,3,-1
KR_6766822542,420,0,-32,-5,-4,1,1,2,-4,6,2,-3,5,2,2,1,3,0,0,0,0,0,0,-5,-3,8,1,0,1,-1,-1,1,1,4,-1
KR_6777164433,420,-5,-49,-7,-3,-1,2,1,-1,4,3,-3,4,1,2,2,4,0,0,0,0,0,-10,0,-7,7,-6,0,0,-1,1,-1,-1,4,-1
KR_6767551562,420,-1,35,-24,-1,1,1,2,-3,5,2,2,1,3,0,4,4,-1,1,0,0,-2,-75,2,-8,6,2,0,1,1,-1,1,1,5,-1
KR_6772052508,420,1,-27,0,-6,-2,3,1,-3,3,0,-6,6,0,3,1,4,2,0,2,0,1,-1,-6,-6,12,-8,0,0,-1,-1,-1,-1,1,-1
KR_6773768540,420,-2,-7,-33,5,-7,7,0,9,1,10,2,3,5,0,3,3,1,1,2,2,26,26,3,-10,7,7,0,-1,1,-1,1,1,1,-1
KR_6770733931,420,3,16,3,2,-1,2,1,3,0,3,0,5,5,1,3,4,-1,1,0,0,-5,-4,0,-5,5,7,0,1,-1,1,1,1,1,-1
KR_6697839698,420,-2,-37,15,-5,-2,3,1,-2,5,3,2,1,3,-3,5,2,0,0,0,0,-7,-18,0,-6,6,2,0,0,1,-1,-1,-1,4,-1
KR_6723209568,420,-2,-23,12,-7,1,4,5,2,3,5,-3,4,1,-5,7,2,-2,2,0,1,-9,0,-2,-4,6,-4,0,-1,1,1,-1,1,2,-1
KR_6758792519,420,-2,-50,-12,-6,0,3,3,1,1,2,2,0,2,-9,9,0,0,2,2,-1,-8,-14,-8,-4,12,0,0,0,-1,-1,0,-1,5,-1
KR_6764665028,420,3,-6,30,7,6,1,7,-2,2,0,5,1,6,-1,2,1,-1,3,2,0,-2,-4,1,-6,5,6,0,1,-1,1,1,1,4,-1
KR_6752973771,420,1,42,44,3,-1,2,1,7,2,9,1,6,7,-2,7,5,-2,2,0,0,5,28,0,-5,5,4,0,-1,1,-1,-1,-1,2,-1
KR_6724189273,420,-1,-67,4,1,0,3,3,1,2,3,-1,1,0,1,1,2,0,0,0,0,0,95,5,-13,8,-31,0,0,-1,-1,0,1,4,-1
KR_6771956332,420,-2,-15,12,-7,-3,3,0,-2,5,3,0,3,3,-1,6,5,-1,2,1,0,0,0,0,-6,6,-8,0,0,1,1,-1,1,1,-1
KR_6763115686,420,0,-24,-13,2,1,1,2,-1,5,4,2,3,5,1,1,2,-1,2,1,0,8,-17,3,-9,6,0,0,-2,1,-1,-1,-1,6,-1
KR_6772184951,420,-2,66,-8,-6,0,1,1,-4,6,2,1,2,3,1,1,2,-4,4,0,-1,-17,-9,-5,-2,7,-4,0,-1,-1,1,-1,-1,5,-1
KR_6772961083,420,-1,-17,3,5,2,1,3,0,2,2,2,0,2,3,2,5,-2,3,1,0,3,0,1,-6,5,0,0,0,1,1,0,1,3,-1
KR_6592959035,420,-4,-10,-17,-3,1,4,5,-1,4,3,-3,6,3,0,1,1,0,0,0,1,4,7,6,-7,1,-4,0,0,1,-1,-1,1,3,-1
KR_6743464049,420,-3,5,8,0,3,2,5,-6,8,2,2,2,4,1,0,1,0,0,0,0,-9,3,3,-9,6,-3,0,1,1,-1,1,1,5,-1
KR_6761689608,420,-4,-44,-4,-7,-6,6,0,2,2,4,-3,5,2,0,2,2,0,1,1,0,1,19,-2,-4,6,-3,0,-3,1,-1,-1,-1,5,-1
KR_6755789274,420,-4,-46,-29,-9,-2,3,1,0,4,4,-1,4,3,-3,4,1,-3,4,1,0,-7,-9,-3,-5,8,0,0,0,0,1,0,1,0,-1
KR_6776097956,420,1,14,16,5,0,0,0,2,3,5,-1,4,3,1,3,4,3,0,3,1,2,4,-3,-8,11,8,0,1,1,1,1,-1,2,-1
KR_6732666196,420,-2,-59,-28,-4,-3,5,2,1,6,7,0,0,0,0,2,2,-2,3,1,-1,2,-42,-1,-6,7,5,0,0,-1,1,1,-1,4,-1
KR_6748923676,420,-2,14,-26,-10,-1,3,2,-8,10,2,0,3,3,-1,2,1,0,0,0,0,-10,-9,-3,-5,8,2,0,0,-1,-1,-1,-1,3,-1
KR_6750870900,420,-2,-34,-12,0,0,0,0,-1,3,2,2,4,6,-1,2,1,0,0,0,0,-5,-11,-5,-3,8,3,0,0,-1,-1,0,-1,2,-1
KR_6649096643,420,-4,-48,-35,-7,-2,3,1,2,2,4,-4,5,1,-1,1,0,-2,3,1,0,-2,15,4,-11,7,-10,0,-3,-1,-1,-1,1,1,-1
KR_6770616196,420,-1,-17,6,-7,-1,2,1,0,2,2,-5,7,2,-1,1,0,0,0,0,0,-11,0,0,-6,6,1,0,0,1,-1,0,-1,3,-1
KR_6771027817,420,1,-24,12,-5,-3,4,1,-2,3,1,6,2,8,-5,7,2,-1,1,0,0,-11,6,-2,-7,9,-5,0,-1,-1,-1,1,-1,6,-1
KR_6763318715,440,0,-3,-16,0,3,1,4,0,2,2,-1,1,0,-2,3,1,0,0,0,0,-5,-13,-2,-7,9,3,0,-2,-1,-1,-1,1,2,-1
KR_6769323095,420,3,15,3,2,0,3,3,4,3,7,-2,3,1,1,1,2,-1,1,0,0,3,61,1,-6,5,-2,0,1,1,1,1,-1,2,-1
KR_6769201054,420,-3,-54,-16,-5,0,2,2,-1,3,2,-1,2,1,-4,5,1,1,1,2,-3,-2,-2,-2,-4,6,-1,0,-2,-1,-1,-1,-1,1,-1
KR_6775944898,420,1,-1,31,-10,-3,3,0,0,1,1,-3,5,2,-3,4,1,-1,2,1,0,-12,0,2,-7,5,4,0,-1,-1,1,-1,-1,3,-1
KR_6711903401,420,-4,-21,-20,-6,-1,3,2,-2,4,2,-3,4,1,0,2,2,0,0,0,0,0,-26,0,-3,3,0,0,-1,1,-1,-1,1,2,-1
KR_6775230947,420,2,-30,-9,2,-2,2,0,-1,4,3,6,0,6,0,2,2,-1,4,3,0,1,-8,-3,-5,8,3,0,-1,1,-1,-1,-1,6,-1
KR_6734798474,420,-1,-12,12,-3,1,1,2,1,2,3,-1,4,3,-1,3,2,-3,3,0,0,-2,24,-2,-4,6,-4,0,-2,-1,-1,-1,-1,2,-1
KR_6760046541,440,-9,-74,-17,-10,2,1,3,-10,10,0,-2,2,0,0,4,4,0,0,0,1,-15,-23,-1,-5,6,-2,0,1,1,1,-1,1,3,-1
KR_6773692033,420,-5,-40,-33,-9,-2,3,1,2,1,3,-4,5,1,-3,5,2,-2,2,0,0,-11,4,6,-7,1,3,0,1,-1,-1,1,1,1,-1
KR_6776183372,420,-1,26,33,-3,0,3,3,1,0,1,0,2,2,-3,3,0,-1,2,1,0,-6,1,1,-6,5,-2,0,1,-1,1,1,-1,2,-1
KR_6759622779,420,1,21,-16,3,1,1,2,0,2,2,3,1,4,1,1,2,-2,3,1,0,4,109,-3,-5,8,4,0,1,-1,-1,1,1,3,-1
KR_6766195876,420,-1,-9,-15,0,0,1,1,1,2,3,2,1,3,-3,3,0,0,0,0,0,0,-8,-2,-6,8,-3,0,-1,0,-1,-1,1,0,-1
KR_6760156298,420,-4,28,37,-8,-3,3,0,-2,3,1,-4,4,0,1,6,7,0,3,3,1,-13,-36,-1,-8,9,-3,0,-1,1,1,-1,1,4,-1
KR_6753899600,420,2,0,41,0,1,1,2,1,2,3,3,0,3,-3,3,0,-2,2,0,3,-7,2,3,-6,3,-2,0,-1,-1,1,-1,1,6,-1
KR_6774103700,440,0,-6,-16,1,-2,4,2,2,2,4,-2,4,2,2,1,3,1,1,2,0,-1,2,3,-5,2,-1,0,0,-1,1,0,1,1,-1
KR_6739608987,420,0,42,3,4,3,3,6,5,1,6,-6,10,4,1,3,4,1,0,1,1,-5,43,2,-6,4,0,0,1,1,1,1,1,2,-1
KR_6768312939,420,-2,30,-6,-7,1,3,4,0,3,3,0,3,3,-4,4,0,-4,5,1,0,-6,27,4,-7,3,-5,0,0,-1,1,0,1,6,-1
KR_6759678195,420,-1,12,24,3,-3,5,2,1,1,2,3,2,5,3,0,3,-1,3,2,1,3,-2,0,-4,4,-2,0,0,1,-1,1,-1,6,-1
KR_6725458148,420,2,42,12,4,1,0,1,-1,7,6,-3,5,2,6,1,7,1,0,1,0,7,31,2,-9,7,-24,0,1,1,1,1,1,1,-1
KR_6758591082,420,-4,-93,-15,-1,-4,5,1,2,0,2,2,4,6,1,1,2,-2,3,1,0,4,14,-3,-3,6,-2,0,-3,1,-1,-1,-1,5,-1
KR_6767512546,420,-3,-43,-64,-11,-2,6,4,2,2,4,-5,6,1,-6,6,0,0,0,0,0,-13,1,-5,-3,8,-2,0,-2,-1,-1,-1,-1,1,-1
KR_6695951027,420,-8,-140,-21,-15,-3,4,1,0,5,5,-4,6,2,-5,9,4,-3,6,3,-1,-5,-6,-3,-4,7,0,0,-3,-1,-1,-1,-1,6,-1
KR_6776118045,420,-3,6,-61,-5,0,4,4,-7,7,0,-2,3,1,3,1,4,1,0,1,1,-7,31,5,-8,3,-8,0,-1,1,-1,-1,1,4,-1
KR_6743538182,420,-1,12,1,1,-1,1,0,-1,3,2,1,0,1,1,2,3,1,0,1,0,3,8,8,-10,2,-4,0,0,1,-1,-1,1,2,-1
KR_6772980038,420,-2,-12,-4,-1,-2,2,0,-3,3,0,3,1,4,1,1,2,0,0,0,0,-2,1,0,-7,7,-1,0,0,1,-1,0,1,2,-1
KR_6731213871,420,0,39,-16,3,-3,5,2,3,2,5,0,1,1,2,2,4,1,3,4,0,6,-16,6,-10,4,-4,0,-1,1,1,-1,1,5,-1
KR_6741385719,420,-2,8,-28,-4,1,2,3,0,3,3,-3,3,0,-2,2,0,0,0,0,0,-4,-228,1,-5,4,-3,0,0,-1,-1,0,1,6,-1
KR_6745827353,420,-2,-32,-30,-10,-1,2,1,-6,6,0,-3,3,0,-1,2,1,1,0,1,0,-11,31,-3,-4,7,1,0,-1,1,-1,-1,-1,2,-1
KR_6700880309,420,-1,18,-8,0,1,4,5,-2,2,0,-3,5,2,3,1,4,1,0,1,-2,0,-38,-3,-5,8,9,0,1,-1,-1,1,-1,5,-1
KR_6775584976,420,0,-3,-4,-9,-3,3,0,1,2,3,-5,6,1,-4,6,2,2,1,3,-1,-11,21,-2,-5,7,-2,0,2,-1,1,1,-1,6,-1
KR_6760756562,420,-2,-7,-9,-13,-1,1,0,-2,3,1,0,4,4,-9,10,1,-1,1,0,0,-20,-40,6,-12,6,-7,0,0,-1,-1,-1,-1,1,-1
KR_6764391293,420,2,-22,-5,7,3,1,4,7,2,9,-1,4,3,-2,3,1,0,1,1,0,7,4,-1,-5,6,-4,0,0,1,-1,0,1,3,-1
KR_6752106397,420,0,23,-5,-6,2,0,2,-3,4,1,1,4,5,-4,7,3,-2,2,0,1,-16,-155,-2,-5,7,5,0,-1,-1,-1,-1,1,1,-1
KR_6644754659,420,2,30,3,-3,-1,3,2,-1,2,1,3,1,4,-3,4,1,-1,1,0,0,-10,-17,-6,-5,11,2,0,-1,1,-1,-1,-1,2,-1
KR_6776598427,440,-4,-71,-26,-11,-4,5,1,-1,4,3,2,1,3,-6,7,1,-2,2,0,0,-4,-11,-3,-3,6,0,0,-1,-1,-1,-1,1,4,-1
KR_6765103840,420,0,47,8,6,1,3,4,-2,3,1,8,0,8,-2,5,3,1,0,1,0,3,32,3,-5,2,-5,0,0,1,1,-1,-1,1,-1
KR_6770676246,420,-2,3,28,-3,-1,2,1,-3,3,0,-1,3,2,2,1,3,0,0,0,0,0,1,5,-9,4,-3,0,0,1,-1,-1,1,6,-1
KR_6673143629,420,0,13,-6,-2,-1,2,1,-2,5,3,-2,3,1,2,0,2,1,1,2,0,-2,3,-1,-6,7,5,0,-2,-1,-1,-1,-1,6,-1
KR_6770550949,440,-1,-51,-28,-8,-3,4,1,-2,3,1,-1,5,4,3,2,5,-5,6,1,0,-6,4,-2,-2,4,-1,0,0,-1,0,0,-1,1,-1
KR_6763692907,440,0,-32,20,2,3,1,4,2,1,3,-1,2,1,-1,1,0,-1,2,1,0,6,-3,2,-5,3,-2,0,-1,1,0,-1,1,5,-1
KR_6742938342,420,-2,-16,1,-6,-1,1,0,-1,3,2,-2,4,2,0,3,3,-2,2,0,-1,-11,-5,-2,-3,5,4,0,1,-1,-1,1,-1,3,-1
KR_6756431354,420,0,-20,-6,-2,0,1,1,-5,6,1,4,1,5,-2,3,1,1,0,1,1,-3,-5,5,-10,5,-2,0,0,1,0,0,1,2,-1
KR_6622268683,420,-5,-73,-30,-7,1,0,1,-3,4,1,-3,4,1,-2,3,1,0,0,0,0,-7,17,-1,-7,8,-3,0,-2,-1,-1,-1,-1,5,-1
KR_6718535820,420,-4,-30,-16,-7,1,2,3,-4,5,1,0,1,1,-2,4,2,-2,4,2,0,-5,-6,0,-6,6,-3,0,-1,-1,-1,-1,-1,1,-1
KR_6773402460,420,-1,-25,24,-2,-1,3,2,0,2,2,-1,2,1,1,0,1,-1,1,0,-1,-3,-1,-1,-7,8,-4,0,1,-1,1,1,-1,6,-1
KR_6710319154,420,1,-33,18,-8,-4,5,1,-3,4,1,3,1,4,-4,4,0,0,1,1,-1,-11,-10,-9,-1,10,1,0,0,1,-1,-1,-1,2,-1
KR_6588046388,420,-3,43,13,-5,-1,3,2,-1,7,6,2,5,7,-6,10,4,1,0,1,1,0,14,3,-7,4,-3,0,0,1,-1,1,1,3,-1
KR_6717221129,420,-4,0,-31,-10,-1,1,0,0,3,3,-2,3,1,-3,3,0,-4,4,0,0,-6,8,-6,-5,11,-5,0,-1,-1,-1,-1,-1,5,-1
KR_6762482131,420,-2,-59,-21,-1,0,3,3,-2,3,1,3,3,6,-3,5,2,1,1,2,0,-10,1,-1,-6,7,-4,0,-3,1,-1,-1,1,3,-1
KR_6704830678,420,-2,-2,19,-5,3,3,6,3,0,3,-7,7,0,0,1,1,-4,5,1,0,1,-9,2,-5,3,-1,0,1,1,1,1,1,4,-1
KR_6771435178,420,2,-28,8,6,-1,3,2,6,2,8,0,1,1,-4,5,1,5,0,5,0,9,5,5,-8,3,-3,0,0,-1,1,0,1,1,-1
KR_6772217083,420,-1,-50,8,0,2,0,2,0,3,3,2,3,5,-2,3,1,-2,2,0,0,1,-4,0,-7,7,-2,0,-2,-1,1,-1,1,6,-1
KR_6759562264,420,-1,52,-11,5,-3,3,0,3,1,4,0,2,2,5,0,5,0,0,0,0,10,12,5,-6,1,-2,0,2,1,1,1,1,1,-1
KR_6759421420,420,-2,-4,8,-3,1,1,2,1,5,6,-2,3,1,-3,4,1,0,1,1,0,-2,2,-1,-4,5,0,0,0,-1,-1,-1,-1,6,-1
KR_6735790408,420,0,-55,15,-4,-1,3,2,3,1,4,-2,4,2,-4,7,3,0,3,3,-3,-6,-2,0,-7,7,6,0,0,1,1,-1,-1,2,-1
KR_6771109192,420,-4,13,0,-9,0,3,3,-3,4,1,-2,4,2,-5,5,0,1,3,4,1,-8,-8,1,-4,3,-1,0,0,-1,-1,-1,1,6,-1
KR_6751315658,420,-9,-71,-46,-20,0,0,0,-5,6,1,-10,12,2,-6,9,3,1,0,1,0,-15,-10,-6,-3,9,-3,0,-3,1,-1,-1,-1,4,-1
KR_6604130743,420,-1,-17,-9,-4,-2,5,3,3,1,4,0,1,1,-5,6,1,0,0,0,0,-3,-12,-3,-6,9,8,0,-2,-1,-1,-1,-1,1,-1
KR_6737497561,420,-3,-36,-3,-12,-2,2,0,-1,3,2,-3,4,1,-3,4,1,-3,3,0,0,-10,-4,-2,-4,6,-2,0,0,-1,-1,-1,-1,4,-1
KR_6752199900,420,1,-2,8,11,3,1,4,0,3,3,3,2,5,3,2,5,2,0,2,0,7,4,2,-8,6,1,0,1,-1,1,1,1,5,-1
KR_6770644112,420,0,-2,6,-6,1,1,2,-1,4,3,-4,5,1,-3,4,1,1,0,1,0,-11,31,-2,-6,8,-1,0,1,1,-1,1,1,4,-1
KR_6752227009,420,2,-44,-3,5,-3,4,1,5,0,5,2,0,2,0,1,1,1,0,1,0,17,-8,-3,-6,9,6,0,0,1,1,1,-1,2,-1
KR_6702920006,420,1,-53,13,2,-3,4,1,2,1,3,-2,4,2,-2,4,2,7,1,8,0,9,3,-3,-9,12,0,0,0,1,-1,-1,1,5,-1
KR_6771370137,420,-1,-18,-28,5,5,2,7,-4,5,1,2,1,3,-2,3,1,4,1,5,1,13,-26,4,-9,5,-1,0,2,1,1,1,1,3,-1
KR_6769167104,420,-1,-21,-25,-3,-3,4,1,-4,4,0,1,3,4,4,2,6,-1,2,1,0,3,38,1,-8,7,4,0,0,1,-1,0,-1,4,-1
KR_6770924533,420,-3,-52,-20,-7,-1,2,1,0,3,3,-3,3,0,0,3,3,-3,3,0,0,-8,24,-4,-4,8,-4,0,-2,-1,-1,-1,-1,5,-1
KR_6758972166,420,2,55,7,9,5,2,7,1,0,1,0,1,1,2,3,5,1,0,1,0,7,-10,5,-10,5,1,0,1,1,-1,1,1,5,-1
KR_6731642926,420,-3,-56,-12,-7,-3,3,0,-5,5,0,1,4,5,0,0,0,0,0,0,0,-2,-25,-1,-6,7,0,0,-3,-1,-1,-1,1,4,-1
KR_6776213209,420,-1,12,8,-1,-4,5,1,-2,3,1,1,1,2,5,1,6,-1,1,0,0,4,7,-1,-5,6,-2,0,-1,1,-1,-1,1,5,-1
KR_6777187587,420,-1,1,0,-3,-3,3,0,3,3,6,-1,4,3,1,0,1,-3,6,3,0,-1,10,3,-10,7,-4,0,0,1,1,0,-1,2,-1
KR_6774822257,420,1,-31,13,4,-1,1,0,-2,4,2,0,2,2,5,0,5,2,0,2,0,5,-201,-4,-1,5,-1,0,0,1,-1,1,-1,4,-1
KR_6759933382,440,-2,-28,11,-5,0,1,1,0,1,1,-1,2,1,-3,4,1,-1,1,0,0,-7,3,-5,-4,9,-2,0,0,-1,0,0,-1,5,-1
KR_6775779292,420,-2,-92,17,2,-4,7,3,6,1,7,-1,2,1,0,1,1,1,0,1,0,9,32,-1,-4,5,-1,0,-2,1,-1,-1,-1,5,-1
KR_6714662992,440,-6,-8,-59,-7,0,2,2,-4,5,1,1,0,1,-3,3,0,-1,5,4,0,-5,7,1,-5,4,-3,0,-2,1,1,-1,1,2,-1
KR_6777614016,420,-2,38,7,1,0,1,1,1,3,4,-1,3,2,2,4,6,-1,1,0,0,13,-15,5,-7,2,-1,0,0,1,-1,0,1,3,-1
KR_6700216649,440,-2,9,3,-1,-2,3,1,7,0,7,3,2,5,-2,3,1,-7,8,1,-2,-2,5,1,-8,7,-4,0,1,-1,1,1,1,1,-1
KR_6756830682,420,0,-8,-9,1,0,1,1,-1,2,1,-3,3,0,4,1,5,1,1,2,0,11,-12,0,-8,8,1,0,0,1,-1,0,-1,4,-1
KR_6761987718,420,1,-34,4,-6,-2,3,1,-4,6,2,-2,4,2,1,1,2,1,0,1,0,-14,28,1,-6,5,-7,0,0,-1,-1,1,-1,5,-1
KR_6773845985,420,-1,-37,4,-7,5,0,5,-1,3,2,-10,10,0,-1,5,4,0,0,0,0,-19,3,-5,-2,7,3,0,-3,1,-1,-1,-1,5,-1
KR_6758126901,420,-2,-42,29,-9,1,1,2,-4,5,1,0,1,1,-3,4,1,-3,3,0,0,-10,94,-6,-3,9,-2,0,-1,-1,-1,-1,-1,6,-1
KR_6727749613,420,-2,-52,-31,3,1,0,1,2,1,3,1,0,1,-2,2,0,1,1,2,0,1,30,0,-7,7,1,0,0,-1,1,0,1,1,-1
KR_6777121053,420,1,7,-20,0,-1,1,0,0,4,4,-1,5,4,1,4,5,1,2,3,0,-2,-3,5,-9,4,3,0,0,1,-1,0,-1,6,-1
KR_6753883270,420,0,-26,7,-1,-4,4,0,-1,2,1,0,4,4,4,1,5,0,0,0,0,-1,-1,5,-9,4,-2,0,-1,1,-1,-1,-1,6,-1
KR_6748560972,420,2,3,35,-7,-3,3,0,-1,5,4,-3,3,0,0,1,1,0,0,0,-1,-10,-16,-2,-4,6,1,0,0,1,-1,1,-1,6,-1
KR_6766958110,420,-5,-86,0,6,-3,4,1,0,4,4,6,0,6,2,0,2,1,0,1,-1,12,-2,-1,-5,6,-1,0,0,1,1,-1,-1,5,-1
KR_6764977440,420,-1,-1,-15,-6,-1,2,1,-5,5,0,2,2,4,-2,5,3,0,2,2,0,-9,2,-5,-3,8,-7,0,-1,1,-1,-1,-1,2,-1
KR_6758463532,440,2,3,-30,5,6,1,7,-3,3,0,0,3,3,-3,5,2,5,0,5,0,6,2,-6,-1,7,-1,0,0,0,0,-1,-1,0,-1
KR_6752941344,420,-3,22,-8,2,-4,5,1,3,4,7,1,2,3,1,2,3,1,1,2,0,1,3,6,-9,3,-5,0,0,-1,1,1,1,6,-1
KR_6775894026,420,-3,-52,20,-14,3,0,3,-3,3,0,-6,7,1,-7,7,0,-1,1,0,0,-19,-123,-2,-4,6,-5,0,-2,-1,1,-1,-1,6,-1
KR_6773358177,420,-1,-23,-12,-3,0,4,4,-2,3,1,2,1,3,-3,7,4,0,1,1,0,6,4,-2,-5,7,-4,0,-1,1,1,-1,1,3,-1
KR_6758795173,440,-2,-25,-19,-5,0,4,4,-2,6,4,-5,8,3,2,4,6,0,4,4,-2,-8,-2,-1,-5,6,2,0,1,-1,-1,1,-1,1,-1
KR_6752097359,420,-5,15,12,-14,-5,7,2,-2,3,1,-3,6,3,-4,6,2,0,0,0,-1,-12,-48,-3,-4,7,8,0,-2,1,-1,-1,-1,5,-1
KR_6774573159,420,-5,-108,-36,-5,-8,11,3,0,3,3,5,1,6,-2,3,1,0,2,2,0,2,-10,-2,-4,6,-5,0,-2,1,-1,-1,1,2,-1
KR_6776710582,440,5,57,12,4,3,0,3,4,3,7,2,0,2,-3,6,3,-2,4,2,0,-2,1,3,-5,2,2,0,0,-1,1,0,-1,1,-1
KR_6592886295,420,0,-30,-12,-4,4,1,5,-7,9,2,-1,3,2,-1,1,0,1,2,3,0,-1,-7,-4,-3,7,-1,0,0,-1,-1,-1,-1,5,-1
KR_6776601871,440,-1,-34,-6,-2,-6,6,0,0,1,1,7,0,7,-3,4,1,0,0,0,0,0,4,-1,-4,5,1,0,-1,1,1,-1,1,4,-1
KR_6772323860,420,-7,19,-23,-8,0,0,0,-2,5,3,-5,7,2,1,5,6,-2,2,0,0,-13,-3,-1,-5,6,-6,0,-1,-1,-1,-1,-1,4,-1
KR_6754474792,440,1,-2,-1,-2,1,1,2,-1,4,3,0,1,1,-1,5,4,-1,1,0,0,-3,0,-1,-3,4,2,0,-1,-1,1,-1,-1,1,-1
KR_6759349967,420,-3,-60,3,-6,1,2,3,-1,1,0,-2,5,3,0,4,4,-4,4,0,0,0,9,3,-8,5,-6,0,-2,-1,1,-1,-1,3,-1
KR_6769497369,420,-1,11,-6,-7,1,1,2,1,3,4,-7,8,1,-3,5,2,1,0,1,0,-14,5,2,-8,6,-3,0,-1,1,-1,-1,1,1,-1
KR_6773250750,420,2,-5,-5,6,1,1,2,6,2,8,0,0,0,-1,4,3,0,1,1,0,8,-86,-1,-4,5,5,0,-1,-1,-1,-1,-1,2,-1
KR_6736766221,420,-2,-13,-16,2,-1,1,0,2,1,3,1,1,2,0,3,3,0,0,0,0,6,4,-1,-6,7,1,0,1,-1,1,1,1,6,-1
KR_6731420873,420,-6,-77,3,-11,3,1,4,-6,6,0,-2,3,1,-6,9,3,0,1,1,0,-8,1,0,-6,6,0,0,-1,0,-1,-1,-1,0,-1
KR_6771731324,420,-1,-26,3,-7,0,2,2,1,3,4,-3,5,2,-1,4,3,-4,7,3,0,3,-1,5,-11,6,-4,0,-2,1,1,-1,1,6,-1
KR_6769876133,420,-2,13,24,-7,-1,2,1,-3,4,1,-1,1,0,-2,2,0,0,0,0,0,-10,-4,-1,-5,6,-1,0,0,1,-1,0,-1,5,-1
KR_6752280159,440,-5,-96,-56,-7,-6,6,0,-6,8,2,4,2,6,0,1,1,1,0,1,0,-8,12,-4,-1,5,0,0,-2,0,-1,-1,-1,0,-1
KR_6764121786,420,-3,14,-44,-7,-2,3,1,0,2,2,-3,4,1,0,3,3,-2,2,0,-1,-14,-3,3,-10,7,0,0,0,-1,-1,0,-1,3,-1
KR_6775285039,440,-1,-18,-13,-2,-5,5,0,-3,4,1,3,1,4,0,1,1,3,0,3,0,5,21,-5,0,5,0,0,0,-1,1,0,-1,5,-1
KR_6776396720,420,-4,0,-19,-3,-1,2,1,-2,4,2,0,2,2,0,1,1,0,1,1,0,-5,3,-2,-3,5,-1,0,-2,-1,-1,-1,-1,4,-1
KR_6769614940,420,-2,-66,-23,-8,-3,5,2,-5,5,0,3,0,3,-2,3,1,-1,2,1,0,-5,30,-6,-3,9,-2,0,0,-1,1,-1,1,2,-1
KR_6776903832,420,-5,-93,-2,-15,0,1,1,-9,11,2,0,1,1,-5,8,3,-1,3,2,0,-20,-179,-1,-6,7,-24,0,-2,1,-1,-1,-1,1,-1
KR_6762036384,420,-3,-10,16,-6,-6,7,1,-3,5,2,4,2,6,-1,5,4,0,2,2,0,-5,3,0,-3,3,2,0,-1,-1,-1,1,-1,4,-1
KR_6775530431,420,-2,8,9,-6,-7,9,2,3,1,4,0,6,6,-2,4,2,0,3,3,1,-8,-29,-2,-3,5,0,0,0,0,1,1,1,0,-1
KR_6735855898,420,-3,-49,-13,-12,-1,2,1,-3,6,3,-3,4,1,0,1,1,-5,5,0,0,-10,8,-3,-6,9,-1,0,1,-1,1,1,-1,3,-1
KR_6763360760,420,-1,6,-1,-6,-1,2,1,-1,4,3,2,1,3,-5,7,2,-1,1,0,0,-5,-169,-5,-2,7,2,0,0,1,-1,0,-1,5,-1
KR_6768395284,420,2,28,-9,4,2,0,2,-1,4,3,3,2,5,0,3,3,0,1,1,-2,3,10,4,-8,4,-4,0,1,1,-1,1,-1,4,-1
KR_6765353256,420,-1,-42,-9,-1,1,0,1,2,1,3,-2,4,2,-4,6,2,2,0,2,0,1,5,0,-4,4,-3,0,0,-1,-1,-1,-1,1,-1
KR_6691081073,420,-1,30,15,-6,-2,3,1,-2,5,3,-3,4,1,0,3,3,1,1,2,0,-15,-80,-1,-6,7,-3,0,-1,-1,-1,-1,1,4,-1
KR_6767162033,420,-2,37,0,3,0,0,0,0,4,4,-3,5,2,4,2,6,2,0,2,0,2,-19,5,-10,5,1,0,0,-1,-1,0,1,3,-1
KR_6776145841,440,-2,-91,-11,-7,1,1,2,-3,4,1,-1,1,0,-3,3,0,-1,1,0,0,-11,-4,-3,-4,7,0,0,-1,-1,-1,-1,-1,5,-1
KR_6765040835,420,-3,-37,5,-6,0,5,5,-2,3,1,-2,5,3,0,2,2,-2,3,1,0,-6,-13,3,-7,4,-4,0,0,-1,1,0,-1,5,-1
KR_6768428340,420,-1,17,-24,-5,1,1,2,1,2,3,0,4,4,-6,7,1,-1,3,2,0,-4,-43,3,-7,4,0,0,0,-1,-1,-1,1,2,-1
KR_6708223038,420,-6,-78,-12,-11,0,1,1,-5,6,1,-3,4,1,-3,6,3,0,0,0,0,-11,-3,-2,-7,9,1,0,0,-1,-1,-1,-1,6,-1
KR_6751024778,420,0,2,-7,4,0,3,3,3,0,3,1,0,1,3,2,5,-3,3,0,0,7,26,3,-9,6,-2,0,-1,-1,-1,-1,1,5,-1
KR_6764304006,420,-3,65,-29,-3,-5,5,0,1,1,2,-4,4,0,2,0,2,3,0,3,0,3,11,-1,-3,4,0,0,-1,1,-1,-1,-1,4,-1
KR_6769437041,420,1,10,28,1,-3,5,2,-2,4,2,2,1,3,2,3,5,2,0,2,0,0,-10,-1,-8,9,2,0,0,-1,-1,0,-1,1,-1
KR_6733493237,420,-6,-144,-87,-14,-3,4,1,-11,12,1,-4,4,0,4,0,4,0,0,0,-1,-13,-1,1,-6,5,-1,0,0,-1,-1,-1,-1,4,-1
KR_6765843736,420,-3,7,-4,-9,-3,4,1,1,2,3,-4,4,0,-3,3,0,0,1,1,0,-4,-10,-4,-5,9,2,0,-1,0,-1,-1,-1,0,-1
KR_6705711986,420,-2,-43,12,-8,0,2,2,1,2,3,-6,6,0,-4,6,2,1,0,1,0,-14,-5,3,-7,4,0,0,-1,-1,-1,-1,1,4,-1
KR_6771571437,420,-4,-5,-6,-2,-4,5,1,0,3,3,-3,3,0,6,2,8,-1,1,0,3,12,-365,-3,-2,5,-2,0,-1,1,-1,-1,1,6,-1
KR_6767112427,420,-2,-85,-31,-1,-3,3,0,-1,7,6,-4,4,0,6,0,6,1,0,1,0,3,-3,-6,-2,8,3,0,-1,-1,-1,-1,-1,2,-1
KR_6771520511,420,1,-2,8,2,1,0,1,1,2,3,2,3,5,-1,2,1,-1,2,1,0,1,-4,-4,-1,5,4,0,1,-1,-1,1,1,4,-1
KR_6774072329,420,0,-9,-11,-1,-2,2,0,-2,4,2,0,6,6,4,3,7,-1,1,0,-1,4,4,-8,-6,14,9,0,1,-1,-1,1,-1,6,-1
KR_6743708145,440,-1,-44,-20,-3,-4,4,0,-2,3,1,0,2,2,4,1,5,-1,2,1,1,-1,-9,-8,-3,11,2,0,0,1,-1,-1,1,4,-1
KR_6773074938,420,0,-47,-28,8,8,1,9,-4,6,2,2,0,2,2,3,5,0,0,0,0,15,0,-1,-4,5,1,0,-1,1,-1,-1,-1,3,-1
KR_6730441870,420,1,9,-7,2,4,1,5,0,4,4,-3,4,1,-2,4,2,3,1,4,0,-4,152,0,-3,3,-1,0,0,1,1,-1,-1,3,-1
KR_6776804564,420,0,-35,6,1,-2,2,0,-1,2,1,3,2,5,0,1,1,1,0,1,0,2,7,-1,-4,5,-3,0,-1,1,-1,-1,1,6,-1
KR_6769181114,420,-4,-56,1,-8,-4,5,1,1,2,3,-5,6,1,0,1,1,0,0,0,0,-7,-8,-1,-9,10,-3,0,0,1,1,1,1,3,-1
KR_6744573581,420,-2,-29,-18,-8,-1,1,0,-4,5,1,-1,4,3,-1,3,2,-1,1,0,0,-9,29,3,-7,4,-6,0,1,-1,1,1,1,5,-1
KR_6741899621,420,-1,-40,1,-6,-2,4,2,6,5,11,-4,8,4,-7,8,1,1,0,1,-2,-12,10,-1,-4,5,0,0,0,-1,1,-1,-1,6,-1
KR_6714911844,420,1,-88,33,0,-2,3,1,5,1,6,1,2,3,-6,7,1,2,3,5,0,1,6,4,-7,3,-8,0,0,0,-1,-1,-1,0,-1
KR_6763623669,420,1,-26,1,-3,-3,4,1,-3,6,3,1,1,2,0,3,3,2,0,2,-1,3,-28,-1,-5,6,0,0,-1,-1,-1,-1,-1,6,-1
KR_6777304177,420,-5,-97,0,-10,-2,3,1,0,2,2,-7,9,2,-1,5,4,0,0,0,0,-1,-12,-3,-4,7,-3,0,-2,-1,-1,-1,-1,4,-1
KR_6757635890,420,-3,-2,12,-9,0,3,3,3,4,7,-4,5,1,-5,10,5,-3,4,1,-1,-6,28,3,-12,9,2,0,-1,-1,-1,-1,1,2,-1
KR_6759748700,420,-2,-8,8,-7,0,2,2,3,2,5,-4,6,2,-6,6,0,0,2,2,1,-9,10,0,-7,7,4,0,-1,-1,1,-1,1,2,-1
KR_6693683164,420,-3,-87,13,-3,-1,1,0,2,3,5,0,1,1,-4,6,2,0,0,0,0,-7,-12,-4,-6,10,7,0,-1,-1,1,-1,-1,5,-1
KR_6760784869,420,-3,-20,-21,-15,-4,6,2,-1,3,2,-6,7,1,-3,3,0,-1,2,1,0,-11,-21,0,-4,4,-6,0,-2,-1,-1,-1,1,5,-1
KR_6623588021,420,0,33,34,-2,1,1,2,-1,2,1,-3,5,2,0,2,2,1,0,1,0,-11,4,4,-10,6,-1,0,0,-1,1,1,-1,5,-1
KR_6766232500,420,-3,-21,8,-7,-9,10,1,1,2,3,0,4,4,3,1,4,-2,4,2,0,-7,-17,-3,-7,10,12,0,-1,-1,1,-1,1,6,-1
KR_6759954223,440,1,-28,18,-4,1,2,3,1,1,2,-4,4,0,3,1,4,-5,8,3,0,-7,-16,0,-7,7,-2,0,-1,-1,1,-1,-1,6,-1
KR_6739732914,420,-2,-2,17,-2,2,2,4,-2,4,2,-4,5,1,1,3,4,1,1,2,0,2,3,4,-9,5,-4,0,-1,0,-1,-1,-1,0,-1
KR_6770715583,420,-1,28,-1,-7,-7,7,0,1,2,3,1,3,4,-2,4,2,0,1,1,0,-3,1,1,-6,5,-3,0,-2,1,-1,-1,1,6,-1
KR_6777686764,440,0,2,-4,-2,0,1,1,2,3,5,1,2,3,-4,6,2,-1,3,2,0,-2,3,6,-9,3,-1,0,1,-1,1,1,1,2,-1
KR_6775162758,420,-3,-41,-48,-5,0,2,2,-4,6,2,0,4,4,-1,6,5,0,0,0,1,-1,-1,-3,-6,9,-3,0,-1,1,-1,-1,1,2,-1
KR_6693799676,420,-3,23,8,-10,-2,5,3,-4,6,2,-5,7,2,0,1,1,1,0,1,-2,-11,6,-1,-7,8,3,0,-3,1,-1,-1,-1,6,-1
KR_6754165028,440,-2,-41,-16,-6,-11,12,1,0,1,1,3,0,3,-1,3,2,3,2,5,0,-2,6,4,-6,2,3,0,-2,0,-1,-1,-1,0,-1
KR_6737243131,420,-3,-47,-21,0,4,1,5,-6,8,2,-1,3,2,1,4,5,2,1,3,1,1,-39,-1,-6,7,7,0,0,-1,1,-1,-1,6,-1
KR_6763574941,420,-1,2,-11,1,-1,1,0,2,5,7,0,0,0,-2,3,1,2,1,3,0,1,8,1,-7,6,2,0,0,-1,1,1,1,6,-1
KR_6761340778,420,-1,-2,7,-7,-1,3,2,-4,7,3,0,2,2,-3,3,0,1,0,1,0,-3,-12,-3,-6,9,1,0,0,-1,-1,-1,1,5,-1
KR_6775622140,420,-1,3,8,-4,-3,5,2,-1,3,2,1,1,2,1,1,2,-2,2,0,0,-4,-32,3,-9,6,-6,0,-1,-1,-1,-1,1,3,-1
KR_6770074814,420,-1,19,-10,1,1,2,3,0,2,2,4,0,4,-3,6,3,-1,3,2,0,7,0,3,-8,5,-3,0,-1,1,1,-1,1,5,-1
KR_6747915159,420,-2,-6,-19,2,-1,2,1,3,3,6,-1,4,3,-3,3,0,4,1,5,0,7,39,6,-6,0,1,0,0,-1,1,0,-1,6,-1
KR_6747708023,420,3,35,19,1,-1,3,2,0,3,3,4,1,5,-3,5,2,1,2,3,-1,4,43,8,-11,3,-16,0,1,1,-1,1,-1,4,-1
KR_6746126440,420,-4,-57,-20,-7,0,2,2,-3,4,1,-3,3,0,-1,1,0,0,0,0,0,-5,-3,-2,-4,6,-3,0,-1,-1,-1,-1,-1,3,-1
KR_6754587311,420,-3,-66,12,-5,-2,3,1,-2,5,3,1,1,2,1,1,2,-3,3,0,-1,-4,-27,0,-9,9,8,0,0,1,-1,0,-1,5,-1
KR_6756856332,420,-3,3,-15,-1,-2,4,2,3,0,3,1,2,3,-2,3,1,-1,1,0,0,3,1,-2,-4,6,7,0,0,1,-1,-1,1,3,-1
KR_6770321444,440,-2,-37,-8,-2,2,0,2,2,2,4,0,2,2,-2,2,0,-4,5,1,0,6,1,-1,-7,8,6,0,-2,-1,-1,-1,-1,5,-1
KR_6774436719,420,2,18,4,7,6,1,7,0,3,3,-1,3,2,2,0,2,0,1,1,0,10,-4,2,-4,2,-2,0,1,-1,1,1,-1,4,-1
KR_6762488560,420,-2,-24,-14,-6,-3,5,2,1,2,3,2,0,2,1,2,3,-7,7,0,0,0,16,4,-8,4,-6,0,0,-1,1,-1,-1,4,-1
KR_6776974792,420,1,2,4,3,4,0,4,3,3,6,-1,2,1,-1,3,2,-2,3,1,0,-4,-2,3,-7,4,3,0,-1,-1,1,-1,-1,2,-1
KR_6736006026,420,-4,-7,-14,-9,0,1,1,2,2,4,-5,5,0,-7,8,1,1,0,1,0,-14,-10,1,-6,5,4,0,1,-1,1,1,-1,2,-1
KR_6761880323,420,-5,-70,-5,-18,-1,3,2,-7,9,2,-5,7,2,-3,5,2,-2,3,1,-1,-22,6,-2,-4,6,-4,0,-2,-1,-1,-1,-1,5,-1
KR_6761618059,420,1,12,-8,-2,2,1,3,0,3,3,-3,4,1,-1,6,5,0,1,1,0,-5,-1,-4,-5,9,2,0,-1,0,-1,-1,-1,0,-1
KR_6759443296,420,-2,25,3,-6,2,1,3,-1,2,1,1,1,2,-6,7,1,-2,3,1,0,-12,2,-1,-4,5,-3,0,1,-1,-1,1,1,6,-1
KR_6752370172,420,-2,-40,-13,-3,2,0,2,-2,3,1,-5,6,1,1,2,3,1,1,2,0,-2,-19,2,-7,5,1,0,0,1,-1,-1,-1,4,-1
KR_6670007270,420,1,-44,15,-4,4,1,5,-1,3,2,-1,2,1,-5,5,0,-1,2,1,0,-9,-7,-3,-8,11,4,0,1,-1,-1,1,-1,2,-1
KR_6773743597,420,0,-9,7,6,3,0,3,3,1,4,0,0,0,1,0,1,-1,1,0,0,8,6,5,-6,1,-2,0,1,1,1,1,1,4,-1
KR_6752409459,420,-3,-17,-25,0,-7,7,0,-1,5,4,0,2,2,4,2,6,4,0,4,1,13,-135,-5,-4,9,3,0,0,-1,1,-1,1,4,-1
KR_6627546432,420,-2,-46,-8,2,0,0,0,1,2,3,1,2,3,1,0,1,-1,1,0,0,5,-5,-1,-4,5,1,0,0,-1,1,0,-1,4,-1
KR_6713249022,420,-2,-59,-34,-10,-3,4,1,-3,5,2,-3,9,6,1,4,5,-2,2,0,0,-17,5,-8,-2,10,-1,0,-2,-1,-1,-1,-1,4,-1
KR_6762128426,420,3,-9,14,8,-1,2,1,3,1,4,2,2,4,4,3,7,0,1,1,0,14,-1,-2,-4,6,-1,0,0,-1,1,1,1,6,-1
KR_6772047294,440,-2,31,-46,-4,-5,5,0,0,1,1,-1,2,1,2,2,4,0,1,1,0,0,0,-2,-4,6,1,0,0,1,-1,-1,-1,1,-1
KR_6729294172,420,-2,17,34,-9,0,4,4,-1,4,3,-3,5,2,-3,3,0,-2,2,0,-2,-22,27,-5,-5,10,5,0,-1,-1,1,1,-1,6,-1
KR_6756554871,420,-2,11,0,-8,-1,3,2,-5,5,0,-1,3,2,3,2,5,-4,4,0,0,-8,5,1,-6,5,2,0,0,1,-1,0,-1,4,-1
KR_6745198290,420,-7,-41,-13,-14,-6,6,0,-4,4,0,3,2,5,-6,7,1,-1,1,0,1,-18,-4,-1,-6,7,-2,0,0,-1,1,0,1,1,-1
KR_6577923588,420,-4,-13,-33,-10,1,2,3,-1,4,3,-5,5,0,-6,9,3,1,1,2,-3,-11,37,2,-5,3,-28,0,-1,-1,-1,-1,-1,2,-1
KR_6760877130,420,-1,-15,16,-4,-2,2,0,3,1,4,1,2,3,-7,11,4,1,0,1,-1,2,-2,-3,-5,8,3,0,0,-1,1,-1,-1,5,-1
KR_6721822821,420,2,-7,-1,6,8,1,9,1,1,2,-6,8,2,3,2,5,0,1,1,0,7,1,0,-4,4,-5,0,-1,-1,1,1,1,5,-1
KR_6772370004,420,-4,-9,0,-13,0,1,1,-6,6,0,0,1,1,-5,6,1,-2,2,0,-1,-12,-16,3,-11,8,-4,0,-1,1,-1,-1,-1,1,-1
KR_6774182243,420,-3,-58,-12,-11,1,0,1,-3,6,3,-4,4,0,-5,9,4,0,2,2,0,-4,-6,0,-7,7,5,0,0,-1,1,-1,1,6,-1
KR_6758241798,420,4,27,25,7,-2,2,0,3,1,4,-4,4,0,6,1,7,4,0,4,0,5,7,2,-5,3,4,0,1,1,1,1,1,5,-1
KR_6766143177,420,2,-38,4,5,0,0,0,2,2,4,1,1,2,1,2,3,1,0,1,-1,3,-126,0,-5,5,-2,0,0,-1,1,0,-1,5,-1
KR_6726354378,420,2,33,20,3,7,1,8,-3,5,2,4,0,4,-3,6,3,-2,4,2,0,-2,-1,4,-10,6,1,0,2,1,-1,-1,-1,3,-1
KR_6697729128,420,-10,-148,-32,-1,2,1,3,2,0,2,0,1,1,-6,6,0,1,0,1,0,-5,-6,-3,-1,4,0,0,-2,-1,-1,-1,-1,1,-1
KR_6758390457,420,2,12,7,3,3,1,4,-7,9,2,2,3,5,7,4,11,-2,2,0,0,5,8,3,-8,5,5,0,0,-1,1,1,-1,2,-1
KR_6727646957,420,-3,-18,25,-9,-2,3,1,-8,9,1,2,2,4,-2,5,3,1,1,2,0,-20,-2,2,-9,7,2,0,-1,1,-1,-1,1,2,-1
KR_6777312487,440,2,22,3,3,1,1,2,-2,4,2,0,1,1,2,3,5,2,1,3,1,2,2,-5,-4,9,-15,0,0,0,-1,0,1,0,-1
KR_6716349856,420,0,12,7,-5,1,1,2,-8,9,1,0,0,0,1,0,1,1,1,2,0,-4,2,-1,-7,8,-4,0,-2,1,-1,-1,-1,3,-1
KR_6682758603,420,-4,-82,-55,-11,-3,4,1,-2,6,4,2,2,4,-4,7,3,-4,5,1,0,-9,8,9,-15,6,-4,0,-1,-1,-1,-1,1,6,-1
KR_6771614370,420,-5,-41,6,-8,-1,3,2,-4,6,2,2,1,3,-4,5,1,-1,2,1,0,-4,5,1,-8,7,-4,0,-1,-1,1,-1,1,1,-1
KR_6725065961,440,-3,8,-6,-5,0,1,1,4,2,6,1,0,1,-7,7,0,-3,5,2,0,-10,-5,0,-5,5,4,0,-1,-1,1,-1,-1,1,-1
KR_6731784842,420,0,13,11,-2,2,3,5,-3,5,2,1,2,3,-2,5,3,0,1,1,1,-12,-31,-9,-3,12,7,0,1,-1,1,1,1,3,-1
KR_6729987252,420,2,-75,12,-1,-2,3,1,3,2,5,0,2,2,1,3,4,-3,4,1,0,-6,-4,0,-6,6,-1,0,-1,-1,-1,-1,1,6,-1
KR_6756438809,420,2,19,-7,6,2,1,3,-1,3,2,5,1,6,0,1,1,0,1,1,0,1,4,3,-6,3,1,0,0,1,1,0,1,4,-1
KR_6750288731,420,-1,-47,-8,-3,0,0,0,0,3,3,0,2,2,-4,6,2,1,0,1,0,1,28,2,-6,4,0,0,-1,1,-1,-1,1,3,-1
KR_6689208838,420,0,13,20,-3,-1,1,0,1,1,2,-1,4,3,1,2,3,-3,3,0,-1,-7,-29,-3,-6,9,-1,0,0,-1,-1,1,-1,1,-1
KR_6772151918,440,2,40,6,1,-4,4,0,1,0,1,0,0,0,4,0,4,0,0,0,1,7,3,2,-6,4,-3,0,-1,1,1,-1,1,4,-1
KR_6769148098,420,-6,-40,-20,-11,1,1,2,-1,6,5,-1,3,2,-7,10,3,-3,4,1,-1,-16,-7,6,-8,2,0,0,0,-1,-1,0,-1,6,-1
KR_6725047563,420,-7,-55,-48,-11,-3,3,0,1,1,2,-4,5,1,-1,4,3,-4,4,0,0,-13,-11,-8,-8,16,-2,0,-1,-1,-1,-1,1,3,-1
KR_6772074340,420,-3,-2,8,2,0,1,1,-1,4,3,-1,3,2,3,5,8,1,2,3,0,-2,8,0,-5,5,0,0,1,1,1,1,-1,2,-1
KR_6731052482,420,0,-12,-8,0,3,2,5,-1,4,3,4,0,4,-5,7,2,-1,2,1,-1,-4,-3,1,-4,3,2,0,1,1,1,1,-1,6,-1
KR_6769055991,420,-3,-18,-8,-9,-3,3,0,-1,1,0,-3,4,1,0,2,2,-2,2,0,0,-15,-4,1,-9,8,-4,0,0,1,-1,-1,-1,6,-1
KR_6759682212,420,3,2,2,-1,1,2,3,-5,9,4,-2,3,1,5,1,6,0,0,0,0,7,-18,-2,-4,6,-4,0,0,0,1,1,1,0,-1
KR_6722225801,420,-4,-79,-14,-18,-1,3,2,-11,11,0,-4,4,0,-1,6,5,-1,4,3,0,-10,-9,-6,-3,9,-3,0,-2,-1,-1,-1,-1,1,-1
KR_6775811444,440,0,30,-22,2,4,1,5,1,1,2,-1,1,0,2,0,2,-4,4,0,0,-3,-2,1,-3,2,0,0,0,-1,-1,1,-1,1,-1
KR_6777601636,420,0,-13,2,-6,3,2,5,-5,5,0,-1,2,1,-5,7,2,2,1,3,-2,-11,-4,-3,-7,10,-3,0,0,-1,1,-1,-1,1,-1
KR_6732889363,440,-3,-61,-27,1,-3,5,2,5,3,8,-4,5,1,0,0,0,3,0,3,0,11,-21,-1,-4,5,-1,0,-1,-1,1,-1,-1,3,-1
KR_6757389447,420,-2,-32,13,-3,2,1,3,0,2,2,-2,3,1,-2,2,0,-1,1,0,0,-10,-2,-2,-4,6,3,0,0,-1,1,0,-1,4,-1
KR_6768666637,420,0,-29,1,-1,2,0,2,0,6,6,-2,3,1,-1,2,1,0,0,0,0,1,102,-5,-2,7,5,0,0,-1,1,0,1,6,-1
KR_6698968322,420,-7,-79,-19,-17,-3,5,2,-4,5,1,-8,10,2,-2,6,4,0,1,1,0,-15,3,2,-7,5,1,0,-1,-1,-1,-1,-1,3,-1
KR_6754695218,420,-4,-22,10,-10,2,2,4,-5,6,1,1,0,1,-8,8,0,0,0,0,0,-8,-1,0,-4,4,-2,0,-2,0,-1,-1,-1,0,-1
KR_6765409384,420,-3,-89,25,-7,-1,2,1,3,0,3,-1,1,0,-8,8,0,0,0,0,0,-9,-3,-1,-4,5,-3,0,-1,-1,1,-1,-1,6,-1
KR_6752770430,420,1,4,24,8,3,0,3,2,2,4,2,2,4,-1,3,2,2,0,2,3,15,3,4,-10,6,-1,0,1,-1,1,1,1,3,-1
KR_6770649606,420,-3,13,-7,-7,0,1,1,0,1,1,-5,5,0,2,1,3,-4,5,1,0,-13,228,2,-7,5,-3,0,-1,1,-1,1,-1,4,-1
KR_6762982714,420,1,-17,21,-2,0,1,1,3,3,6,0,4,4,-2,2,0,-3,3,0,0,-10,-5,3,-9,6,-7,0,1,-1,1,1,1,6,-1
KR_6772112908,440,-2,-99,11,-6,-1,2,1,5,0,5,0,1,1,-8,9,1,-2,2,0,0,-5,21,2,-7,5,-5,0,-1,-1,1,1,-1,5,-1
KR_6771676151,440,-12,-167,-61,-22,-3,3,0,-1,3,2,-5,5,0,-9,9,0,-4,5,1,0,-20,-62,-2,-2,4,-1,-1,-4,-1,-1,-1,-1,2,-1
KR_6731789138,420,-1,4,21,0,2,1,3,-2,4,2,-4,4,0,4,2,6,0,0,0,0,2,-18,0,-5,5,2,0,2,-1,1,1,-1,4,-1
KR_6775485864,420,-2,-53,-12,2,2,1,3,2,2,4,-1,4,3,-1,2,1,0,1,1,0,2,3,-3,-4,7,1,0,-2,-1,-1,-1,-1,6,-1
KR_6764305096,440,0,24,4,-3,-2,5,3,-1,3,2,1,0,1,-2,5,3,1,1,2,0,-5,9,-5,-6,11,1,0,0,-1,0,0,1,2,-1
KR_6732654881,420,-3,-5,20,-10,0,1,1,-4,4,0,-1,3,2,-3,3,0,-2,2,0,0,-12,-30,-6,-2,8,-1,0,-2,-1,1,-1,-1,1,-1
KR_6762940242,420,2,25,7,-1,1,1,2,-2,3,1,4,0,4,-5,8,3,1,0,1,0,2,3,-1,-5,6,-2,0,0,1,-1,-1,-1,3,-1
KR_6732773847,420,-2,-55,-26,-5,5,2,7,-8,8,0,-1,3,2,-3,4,1,2,0,2,0,-5,-31,0,-5,5,-2,0,0,0,-1,-1,1,0,-1
KR_6668733899,420,0,-8,22,1,0,5,5,3,3,6,0,3,3,-1,4,3,-1,1,0,0,2,-32,-2,-4,6,-2,0,0,-1,-1,0,-1,1,-1
KR_6768678944,440,-2,-54,10,-9,-4,5,1,-2,3,1,-3,8,5,-1,3,2,1,4,5,0,-1,3,-1,-3,4,1,0,-1,-1,1,-1,1,6,-1
KR_6771862176,420,-1,-53,1,-2,-4,5,1,-4,5,1,4,5,9,1,2,3,1,0,1,0,2,112,-4,-2,6,4,0,-1,1,-1,-1,-1,2,-1
KR_6775633656,420,-3,20,0,-4,-2,3,1,-1,6,5,-2,4,2,2,1,3,-1,1,0,0,-1,-15,1,-5,4,-4,0,-1,-1,0,-1,-1,4,-1
KR_6759302501,420,-1,15,24,-5,2,1,3,-2,6,4,-3,3,0,-1,3,2,-1,1,0,0,-8,14,-3,-3,6,1,0,0,-1,-1,-1,-1,3,-1
KR_6757160052,420,1,-39,28,-2,1,4,5,-1,4,3,-1,2,1,0,0,0,-1,1,0,0,-8,-17,2,-7,5,0,0,0,1,1,1,-1,1,-1
KR_6704428710,420,0,22,0,-10,0,4,4,-3,6,3,-5,5,0,-2,4,2,0,1,1,0,-9,8,2,-5,3,-1,0,0,-1,1,0,1,5,-1
KR_6740234382,420,-1,59,-7,-6,5,2,7,-4,5,1,1,3,4,-2,3,1,-6,7,1,0,-20,0,0,-5,5,2,0,0,-1,-1,1,1,1,-1
KR_6758298924,420,2,10,16,0,0,3,3,3,1,4,0,4,4,-2,2,0,-1,2,1,-1,0,-9,3,-7,4,-4,0,1,-1,1,-1,-1,5,-1
KR_6767332035,420,-3,-53,-27,-4,-1,2,1,-2,2,0,-1,3,2,1,2,3,-1,1,0,0,-4,-10,-4,-5,9,0,0,-2,-1,1,-1,-1,5,-1
KR_6759718043,420,-3,-57,7,-7,-1,2,1,-1,4,3,-1,3,2,-5,5,0,1,1,2,0,-13,-7,-1,-6,7,1,0,-3,-1,-1,-1,-1,4,-1
KR_6770037475,420,-1,27,-1,-2,-1,2,1,-3,7,4,1,3,4,1,3,4,0,1,1,0,-1,6,-3,-4,7,3,0,0,1,1,1,-1,6,-1
KR_6761257418,440,-3,-32,-10,-3,4,0,4,0,5,5,-5,7,2,-2,5,3,0,0,0,0,-6,14,-1,-3,4,-1,0,0,-1,1,0,1,4,-1
KR_6766672502,420,2,-3,13,-1,3,1,4,-2,3,1,2,2,4,-3,6,3,-1,1,0,0,-4,-55,-2,-5,7,25,0,-1,1,1,-1,-1,4,-1
KR_6776828669,420,-2,-12,-12,1,2,3,5,-2,4,2,1,3,4,0,5,5,0,1,1,0,3,28,10,-14,4,3,0,-1,-1,1,-1,1,3,-1
KR_6750230901,420,2,-15,27,-6,-4,5,1,-3,4,1,3,0,3,-2,3,1,0,1,1,0,-11,49,-6,-3,9,2,0,-1,-1,1,-1,-1,3,-1
KR_6741412743,420,-4,-52,-33,-8,1,1,2,0,3,3,-4,5,1,-1,3,2,-4,4,0,0,-8,1,3,-7,4,-2,0,-1,-1,-1,-1,-1,1,-1
KR_6736705081,420,-4,-53,-20,-3,-1,1,0,-1,7,6,0,1,1,-1,1,0,0,1,1,0,-6,80,-4,-5,9,8,0,-1,-1,-1,-1,1,2,-1
KR_6761002448,420,0,-44,-7,2,0,3,3,3,1,4,3,0,3,-2,2,0,-2,3,1,1,6,12,2,-6,4,0,0,0,-1,1,-1,1,3,-1
KR_6707635226,440,-3,-52,4,-8,-5,5,0,-2,4,2,-6,8,2,5,0,5,0,1,1,0,-6,-15,3,-7,4,-6,0,-3,1,-1,-1,-1,2,-1
KR_6765754984,420,-5,-68,16,-11,-3,4,1,-6,8,2,0,1,1,-1,6,5,-1,1,0,0,-13,-8,-1,-4,5,0,0,-3,1,-1,-1,-1,5,-1
KR_6714923879,420,0,23,3,-5,-2,6,4,2,2,4,-3,7,4,-1,4,3,-1,2,1,-1,-15,6,3,-8,5,0,0,-1,1,-1,-1,-1,4,-1
KR_6756109794,420,-4,-12,-11,-10,-2,3,1,0,1,1,-2,3,1,-3,4,1,-3,5,2,0,-8,-9,-3,-1,4,2,0,-2,-1,-1,-1,-1,4,-1
KR_6770619780,440,1,-21,24,-4,-1,4,3,-2,2,0,-1,7,6,2,0,2,-2,2,0,0,-6,1,-3,0,3,3,0,0,-1,1,-1,-1,4,-1
KR_6773341132,420,-4,-14,-8,-10,0,2,2,-4,4,0,-2,2,0,-4,4,0,0,0,0,0,-19,-4,-4,-6,10,-3,0,-1,1,-1,-1,-1,1,-1
KR_6762121901,420,3,25,-8,9,2,2,4,0,3,3,6,3,9,1,0,1,0,0,0,2,13,-21,0,-5,5,-5,0,1,-1,1,1,1,5,-1
KR_6768117890,420,-1,-26,7,5,2,1,3,5,0,5,1,3,4,-1,3,2,-2,2,0,0,11,-133,3,-6,3,4,0,-2,1,1,1,-1,5,-1
KR_6744731800,440,-1,-23,12,-6,5,1,6,-5,5,0,1,2,3,-5,6,1,-2,2,0,0,-9,27,-2,-2,4,3,0,-1,-1,1,-1,1,6,-1
KR_6762490453,420,-1,-26,12,-5,2,2,4,-2,5,3,0,3,3,-5,8,3,0,3,3,-1,-8,-3,2,-8,6,-3,0,1,-1,1,1,1,5,-1
KR_6744615572,420,-4,-92,-4,-10,-2,3,1,0,3,3,-4,6,2,-3,3,0,-1,1,0,-2,-16,-21,-3,-3,6,17,0,-3,-1,-1,-1,-1,6,-1
KR_6754145668,440,-1,33,-15,-1,4,0,4,-5,5,0,-1,6,5,0,0,0,1,1,2,0,1,-7,-1,-5,6,-2,0,0,1,-1,-1,-1,3,-1
KR_6775599709,420,-2,17,2,-7,0,2,2,-3,4,1,0,2,2,-3,5,2,-1,1,0,0,-18,43,-8,-4,12,-7,0,-4,-1,-1,-1,-1,5,-1
KR_6741189844,420,1,52,-30,2,-3,5,2,2,2,4,4,1,5,3,0,3,-4,4,0,0,1,-25,-4,-4,8,4,0,0,1,-1,0,-1,1,-1
KR_6770263662,420,-3,-46,4,-5,-4,5,1,2,4,6,-3,4,1,-2,4,2,2,0,2,0,-2,2,-3,-7,10,2,0,0,1,-1,0,-1,5,-1
KR_6749754805,420,-1,-24,-6,-5,-2,6,4,-3,5,2,3,0,3,-4,6,2,1,3,4,0,-8,-5,-3,-3,6,0,0,0,1,-1,-1,-1,2,-1
KR_6766377311,420,-3,33,11,-6,4,1,5,-1,2,1,-2,3,1,-3,5,2,-4,6,2,0,-13,-10,-1,-5,6,2,0,0,1,-1,-1,1,6,-1
KR_6693563124,420,-1,-15,-11,-1,0,2,2,-4,5,1,3,1,4,0,2,2,0,0,0,0,4,-67,0,-5,5,-3,0,0,-1,-1,0,1,4,-1
KR_6767500409,440,-2,-78,16,-7,0,4,4,-6,6,0,-4,5,1,-1,6,5,4,0,4,0,-6,0,1,-4,3,1,0,-2,1,-1,-1,-1,2,-1
KR_6749256464,420,-2,-22,-8,-3,0,1,1,-2,2,0,0,3,3,1,2,3,-2,3,1,0,-3,5,3,-6,3,-10,0,-1,-1,-1,-1,-1,4,-1
KR_6756085717,420,-2,24,-34,-5,-2,3,1,3,1,4,0,0,0,-7,10,3,1,1,2,0,0,-1,2,-11,9,2,0,-1,-1,-1,-1,1,1,-1
KR_6765770833,420,1,22,9,2,1,0,1,5,2,7,-4,4,0,0,1,1,0,0,0,0,-4,-2,-3,-5,8,-3,0,1,-1,1,1,1,2,-1
KR_6770509279,420,-4,-82,15,-6,-2,3,1,1,0,1,-1,3,2,-2,3,1,-2,2,0,0,-13,3,0,-5,5,-1,0,-1,-1,-1,-1,1,4,-1
KR_6760428008,420,-1,-8,4,1,-4,4,0,-1,5,4,4,0,4,1,2,3,1,1,2,0,1,-13,-4,-3,7,3,0,0,1,-1,0,1,2,-1
KR_6745748655,420,-1,39,-16,0,2,0,2,-1,3,2,-4,4,0,2,6,8,1,1,2,0,-7,33,4,-8,4,-1,0,0,-1,-1,1,1,5,-1
KR_6768802659,420,2,60,12,-7,-4,4,0,0,4,4,-1,5,4,-2,3,1,0,1,1,-1,-5,-3,-7,-3,10,1,0,1,-1,1,1,-1,6,-1
KR_6673915357,420,-1,-49,24,-4,0,2,2,0,2,2,-1,4,3,-4,4,0,1,1,2,0,-8,4,0,-7,7,-9,0,-1,1,1,-1,-1,4,-1
KR_6777650292,420,1,114,-4,-2,-3,3,0,-2,3,1,-1,4,3,5,3,8,-1,2,1,0,2,-13,-1,-6,7,0,0,2,-1,-1,1,1,1,-1
KR_6774026025,420,-4,-67,-8,-10,-5,5,0,0,2,2,-4,5,1,-3,4,1,2,0,2,0,-4,22,2,-6,4,-9,0,-2,-1,-1,-1,-1,5,-1
KR_6739099392,420,-3,-31,12,-8,-4,5,1,-5,5,0,2,1,3,-2,2,0,1,1,2,0,-6,14,2,-8,6,-2,0,-2,1,-1,-1,-1,1,-1
KR_6740844938,420,-2,-16,-3,-8,2,0,2,0,4,4,-2,2,0,-7,8,1,-1,1,0,0,-19,-2,3,-10,7,-4,0,-2,-1,1,-1,-1,1,-1
KR_6773983897,420,-5,-71,-17,-4,3,1,4,0,3,3,-2,5,3,-4,5,1,-1,1,0,0,-4,9,3,-6,3,-5,0,-3,-1,-1,-1,-1,2,-1
KR_6761829419,420,-3,17,-20,-6,-1,2,1,-5,9,4,-2,3,1,0,1,1,2,0,2,1,-1,0,3,-7,4,-3,0,0,1,1,0,1,4,-1
KR_6770858654,420,-3,-59,-32,-3,-2,3,1,-4,5,1,-2,2,0,5,0,5,0,1,1,-1,-2,1,2,-6,4,-2,0,0,-1,1,0,-1,6,-1
KR_6772994249,420,-5,-69,5,-11,-3,4,1,-2,4,2,-2,3,1,-5,5,0,1,0,1,0,-18,-4,-4,-4,8,-2,0,0,-1,-1,-1,-1,3,-1
KR_6774825491,440,-1,-12,-20,-3,0,1,1,-1,2,1,0,0,0,-2,3,1,0,1,1,0,-5,3,4,-8,4,-5,0,-1,0,0,-1,-1,0,-1
KR_6777812887,420,-2,-94,17,-2,0,1,1,-3,4,1,5,1,6,-4,4,0,0,1,1,0,-4,-57,-2,-4,6,-2,0,0,1,1,0,-1,4,-1
KR_6768227764,420,-2,-20,20,-4,-1,1,0,-1,5,4,-2,2,0,0,2,2,0,1,1,0,-3,-5,-4,-7,11,2,0,0,-1,1,0,1,4,-1
KR_6756273294,420,1,-37,-11,1,1,0,1,1,2,3,-2,2,0,-2,5,3,3,0,3,-1,2,-24,-5,-5,10,4,0,-1,-1,-1,-1,-1,1,-1
KR_6775731448,420,2,26,34,5,1,5,6,3,2,5,-3,6,3,3,1,4,1,0,1,2,14,8,4,-8,4,7,0,0,1,1,1,1,5,-1
KR_6529572359,420,-2,2,-4,-6,1,1,2,-5,5,0,-3,3,0,4,1,5,-3,3,0,0,-17,38,0,-9,9,5,0,0,1,1,-1,1,3,-1
KR_6776176324,420,-1,-3,2,0,0,2,2,-3,7,4,2,1,3,1,2,3,0,1,1,0,2,-2,4,-9,5,6,0,1,1,0,1,1,5,-1
KR_6714099725,420,-2,1,-4,-9,-3,5,2,-5,8,3,-2,3,1,1,2,3,0,0,0,-1,-11,-19,-9,-4,13,3,0,-2,-1,-1,-1,-1,2,-1
KR_6755680740,440,-1,-4,4,-2,2,1,3,-6,8,2,-2,3,1,4,1,5,0,0,0,0,-1,4,-3,-2,5,-1,0,1,-1,-1,1,1,2,-1
KR_6737423941,420,-3,-28,-8,-11,-2,2,0,0,3,3,-3,3,0,-6,8,2,0,0,0,0,-10,20,-2,-5,7,-3,0,0,1,1,-1,1,5,-1
KR_6770269867,420,4,-42,3,3,0,2,2,2,2,4,-1,4,3,-1,3,2,3,0,3,0,3,-1,0,-6,6,1,0,0,-1,-1,0,-1,6,-1
KR_6761711014,420,-1,-27,11,-4,-3,5,2,-6,7,1,2,1,3,1,3,4,2,0,2,0,-6,-2,3,-9,6,0,0,0,0,-1,0,-1,0,-1
KR_6751490539,440,-1,13,5,-9,0,2,2,-1,1,0,-1,3,2,-4,4,0,-3,5,2,0,-13,4,0,-4,4,0,0,0,-1,1,1,-1,6,-1
KR_6732971408,420,0,44,7,-6,1,4,5,-3,5,2,-1,1,0,-5,5,0,2,1,3,0,-17,4,-3,-4,7,0,0,1,-1,0,1,-1,2,-1
KR_6737224965,420,-1,32,-16,-4,3,0,3,-4,7,3,1,1,2,-2,2,0,-2,2,0,0,-9,1,2,-6,4,-4,0,0,-1,1,0,-1,2,-1
KR_6776947270,420,-2,-19,4,-13,-2,2,0,-1,3,2,-3,4,1,-3,5,2,-4,4,0,0,-12,-5,-1,-6,7,-6,0,-1,1,1,-1,1,2,-1
KR_6752867092,420,0,-33,-16,2,1,2,3,-2,2,0,1,2,3,2,2,4,0,0,0,1,11,2,-1,-3,4,-7,0,0,1,-1,-1,1,3,-1
KR_6734642266,420,-1,5,5,-8,1,1,2,-8,10,2,-3,3,0,0,2,2,2,1,3,0,-7,-4,4,-9,5,-1,0,0,1,-1,1,-1,2,-1
KR_6730282265,420,-5,-50,3,-8,3,1,4,-6,8,2,1,1,2,-8,10,2,2,0,2,0,-11,1,-1,-7,8,-3,0,0,-1,-1,-1,1,6,-1
KR_6693611397,420,0,-27,-11,1,-4,4,0,2,4,6,-1,2,1,3,4,7,1,1,2,0,10,7,7,-9,2,-4,0,-1,1,-1,-1,1,5,-1
KR_6675064383,420,1,-37,1,-5,2,1,3,-4,4,0,-1,4,3,2,1,3,-4,4,0,0,-7,-33,5,-9,4,2,0,-1,1,-1,-1,-1,4,-1
KR_6768138790,420,-3,-80,2,-12,-2,3,1,-5,7,2,-3,7,4,0,5,5,-2,3,1,-1,-9,-6,-6,-6,12,1,0,-1,1,-1,-1,-1,5,-1
KR_6775201145,440,-2,-95,16,-2,-1,1,0,-2,3,1,-2,5,3,5,1,6,-2,2,0,0,3,7,-2,-5,7,-6,0,0,-1,1,0,-1,1,-1
KR_6711747616,420,1,-1,-6,-7,-2,3,1,-7,10,3,-3,4,1,3,4,7,2,1,3,1,-1,118,-1,-9,10,-1,0,-1,-1,-1,-1,1,5,-1
KR_6771182435,420,1,50,15,4,0,1,1,1,0,1,2,3,5,-1,5,4,2,2,4,0,4,4,0,-5,5,4,0,-1,1,-1,-1,1,6,-1
KR_6739648613,420,-3,-51,4,1,0,2,2,2,1,3,0,6,6,-1,4,3,0,3,3,1,7,-62,2,-6,4,0,0,0,-1,-1,-1,1,1,-1
KR_6598601054,420,-2,-45,-31,1,1,2,3,2,4,6,-4,4,0,0,2,2,2,1,3,1,-1,-44,0,-6,6,16,0,-1,1,-1,-1,1,1,-1
KR_6765961410,420,0,-1,15,-4,-2,4,2,-2,6,4,1,2,3,3,4,7,-4,4,0,-3,-20,17,-5,-4,9,1,0,-1,-1,-1,1,1,6,-1
KR_6764910651,440,-2,-34,-18,-5,0,2,2,0,1,1,-2,3,1,-1,2,1,-2,2,0,0,-1,12,5,-7,2,-2,0,0,-1,-1,-1,1,4,-1
KR_6764268687,440,-4,-15,15,-7,-5,8,3,4,2,6,0,4,4,-2,2,0,-4,7,3,0,-8,-6,-5,-3,8,-3,0,0,1,-1,1,-1,1,-1
KR_6756682470,420,0,-13,20,-3,-4,4,0,1,4,5,-2,4,2,2,0,2,0,1,1,0,4,26,3,-8,5,-3,0,1,1,1,1,-1,3,-1
KR_6776491112,420,-5,-50,-26,-10,0,3,3,-5,6,1,1,1,2,-2,3,1,-4,4,0,0,-19,-10,-3,-7,10,0,0,-1,-1,-1,-1,-1,3,-1
KR_6737271827,420,-3,-92,-8,-8,0,0,0,-2,5,3,-1,1,0,-3,4,1,-2,2,0,0,-6,38,6,-10,4,-3,0,0,-1,-1,-1,-1,3,-1
KR_6739072690,420,-1,-15,7,-6,0,1,1,-1,3,2,-2,2,0,1,0,1,-4,4,0,0,-4,10,1,-8,7,-9,0,0,-1,1,-1,1,2,-1
KR_6734789616,420,1,-22,26,-1,2,1,3,-4,6,2,0,0,0,1,1,2,0,1,1,0,-2,10,-3,-3,6,1,0,0,1,-1,-1,-1,4,-1
KR_6776730884,420,3,5,-12,6,0,2,2,1,1,2,2,2,4,4,2,6,-1,1,0,1,5,3,1,-7,6,4,0,-2,1,-1,-1,1,4,-1
KR_6768863506,420,-1,-29,0,-2,0,0,0,2,0,2,2,6,8,-7,8,1,1,0,1,2,-4,-17,1,-7,6,1,0,0,1,1,-1,1,1,-1
KR_6761508054,420,-2,-31,16,-4,-2,4,2,-2,3,1,1,1,2,-1,2,1,0,1,1,0,-1,5,0,-8,8,-1,0,0,-1,1,-1,-1,1,-1
KR_6744622747,420,0,-58,-19,1,2,1,3,0,4,4,2,2,4,-2,4,2,-1,2,1,0,2,7,4,-9,5,-3,0,0,-1,1,0,1,4,-1
KR_6776300681,440,-4,-3,-24,-2,-1,2,1,-3,5,2,-3,4,1,2,2,4,3,0,3,0,-2,-37,1,-5,4,10,0,-1,-1,1,-1,1,3,-1
KR_6758318398,420,0,25,3,-2,-3,4,1,1,0,1,1,2,3,0,1,1,-1,3,2,0,-8,-19,1,-4,3,-2,0,0,-1,1,0,1,3,-1
KR_6776613989,420,-2,-80,-15,-4,0,2,2,-2,3,1,1,0,1,-4,5,1,1,1,2,0,-2,-5,-3,-2,5,-1,0,0,-1,-1,-1,-1,5,-1
KR_6732142889,420,-2,11,-4,-3,0,1,1,-7,8,1,-1,2,1,3,1,4,2,0,2,1,-5,30,2,-7,5,-1,0,1,-1,-1,1,1,1,-1
KR_6741003576,420,0,-29,-18,2,-3,4,1,-5,5,0,4,0,4,4,1,5,2,0,2,0,7,-3,2,-7,5,6,0,0,1,-1,-1,-1,5,-1
KR_6728376609,420,-4,-12,-40,-3,0,2,2,-3,8,5,2,3,5,-2,2,0,0,1,1,0,0,28,1,-3,2,-3,0,0,-1,0,0,1,4,-1
KR_6769845307,420,-1,-11,-5,-4,1,1,2,0,1,1,-2,3,1,-1,1,0,-2,2,0,0,-6,-270,3,-10,7,-10,0,0,0,0,0,1,0,-1
KR_6752374283,420,-1,-42,2,-4,-1,3,2,1,1,2,0,1,1,-3,5,2,-1,1,0,0,-11,-1,-2,-5,7,-2,0,0,-1,1,-1,1,3,-1
KR_6732239352,420,-2,-28,-24,-10,-8,8,0,-5,8,3,-2,4,2,2,1,3,3,0,3,0,-5,1,-1,-8,9,2,0,0,-1,-1,-1,-1,4,-1
KR_6764269214,420,-1,7,-2,1,-3,4,1,1,1,2,0,4,4,2,6,8,1,0,1,1,4,-17,-2,-6,8,8,0,1,1,-1,1,1,1,-1
KR_6749241217,420,-1,-36,4,-5,-2,2,0,0,1,1,-1,5,4,-1,2,1,-1,2,1,0,-8,-26,3,-8,5,-5,0,-1,-1,-1,-1,-1,6,-1
KR_6768310108,420,1,39,-15,-13,-4,6,2,-3,7,4,-5,6,1,-1,3,2,0,1,1,-1,-14,-12,1,-6,5,5,0,-1,1,-1,-1,-1,6,-1
KR_6738105490,420,0,-20,-21,-2,0,1,1,-1,2,1,-1,3,2,0,2,2,0,1,1,0,-1,-51,4,-11,7,-7,0,-1,1,-1,-1,-1,5,-1
KR_6770660409,420,-1,64,4,-7,3,0,3,-1,8,7,-4,5,1,-4,7,3,-1,1,0,0,-10,5,2,-6,4,-2,0,0,-1,-1,-1,1,1,-1
KR_6744832719,420,-2,-12,-28,1,-3,3,0,-4,6,2,1,4,5,6,0,6,1,1,2,0,3,21,3,-8,5,-2,0,0,-1,1,-1,-1,1,-1
KR_6776402495,420,-8,-74,-51,-17,-5,5,0,2,3,5,-9,10,1,-6,7,1,1,0,1,0,-20,2,-3,-4,7,1,0,-2,-1,-1,-1,-1,4,-1
KR_6754991039,420,-4,-14,2,-10,-1,3,2,-1,2,1,-4,6,2,-4,6,2,0,0,0,0,-11,-8,-2,-6,8,4,0,0,1,-1,-1,-1,6,-1
KR_6774746303,420,0,3,-4,-5,0,1,1,-3,6,3,-2,4,2,-1,2,1,1,0,1,0,-6,40,0,-5,5,0,0,0,-1,-1,0,1,2,-1
KR_6716311555,420,-4,15,-7,-4,3,2,5,-2,2,0,3,2,5,-2,2,0,-6,7,1,0,-10,-13,-3,-3,6,-2,0,-2,-1,1,-1,1,3,-1
KR_6765261859,420,-1,-16,8,-3,-5,6,1,6,1,7,-2,3,1,-2,4,2,0,1,1,0,-10,16,1,-9,8,-9,0,0,1,0,0,-1,4,-1
KR_6776251593,420,0,14,28,-5,-1,2,1,-3,4,1,1,3,4,-3,6,3,1,0,1,0,-2,3,-1,-5,6,3,0,-1,1,-1,-1,1,3,-1
KR_6753086135,420,-1,-2,9,-5,0,2,2,-1,4,3,0,4,4,-4,5,1,0,1,1,0,-4,-2,-4,-4,8,5,0,-1,0,-1,-1,-1,0,-1
KR_6767873095,420,-1,-9,-12,2,-3,4,1,2,7,9,2,2,4,1,2,3,0,3,3,0,10,6,-4,-3,7,3,0,-1,1,1,-1,1,3,-1
KR_6755524950,420,-1,-39,-21,-7,2,2,4,-6,8,2,4,1,5,-4,6,2,-3,3,0,-2,-4,-116,0,-4,4,3,0,-1,-1,0,-1,-1,6,-1
KR_6756256202,420,0,-44,-8,-6,3,1,4,-3,4,1,-1,5,4,-5,7,2,0,0,0,0,-4,55,2,-7,5,-40,0,-1,-1,-1,-1,-1,5,-1
KR_6769775341,440,-2,26,-15,-9,-1,1,0,-1,3,2,-5,9,4,1,2,3,-3,4,1,-1,-23,-1,-2,-5,7,-2,0,0,-1,1,1,-1,3,-1
KR_6770315967,420,-2,-21,-27,-6,-2,2,0,2,0,2,-3,4,1,0,4,4,-3,4,1,0,-9,-2,5,-9,4,0,0,-1,-1,-1,-1,1,4,-1
KR_6736630318,420,-1,34,16,-10,-3,3,0,-1,4,3,-1,1,0,-3,3,0,-2,2,0,0,-16,-6,0,-7,7,5,0,0,-1,1,1,1,5,-1
KR_6488953928,440,-2,-35,4,-4,0,3,3,1,1,2,-1,2,1,-4,4,0,0,1,1,0,-3,28,3,-4,1,-4,0,-2,-1,1,-1,1,2,-1
KR_6758130329,440,2,41,16,2,1,1,2,-3,3,0,-3,5,2,4,2,6,3,5,8,1,5,2,1,-7,6,2,0,-1,-1,-1,-1,-1,6,-1
KR_6617975953,420,-1,23,-12,-3,1,2,3,-1,2,1,-2,7,5,0,2,2,-1,3,2,-2,-7,3,1,-5,4,-1,0,0,-1,-1,0,-1,1,-1
KR_6771863328,420,0,40,42,-3,4,1,5,-5,7,2,1,0,1,2,3,5,-5,5,0,0,-4,-15,3,-9,6,-3,0,-1,-1,1,1,1,2,-1
KR_6719390302,420,-5,-61,-13,-8,5,2,7,-6,9,3,-2,4,2,-4,5,1,-1,2,1,0,-18,-9,-2,-4,6,0,0,-2,1,-1,-1,1,3,-1
KR_6715923631,420,-2,-11,-16,-8,-1,3,2,2,2,4,-5,6,1,-3,5,2,-1,2,1,0,-4,22,0,-6,6,-6,0,-2,1,-1,-1,1,3,-1
KR_6777785638,440,-2,-18,6,-4,-2,2,0,1,1,2,2,0,2,-5,6,1,0,0,0,1,-5,-1,2,-3,1,-1,0,-1,1,-1,-1,1,5,-1
KR_6770599313,420,-5,-12,-16,-11,-4,5,1,-4,5,1,4,2,6,-6,7,1,-1,1,0,0,-10,9,-1,-5,6,-2,0,0,1,0,-1,-1,5,-1
KR_6776632319,440,0,-26,-14,-7,1,1,2,1,1,2,0,1,1,-5,7,2,-4,4,0,0,-11,31,-4,-2,6,1,0,0,-1,1,-1,-1,3,-1
KR_6752297475,420,0,3,-4,2,1,1,2,-3,4,1,7,0,7,-2,4,2,-1,2,1,2,4,29,3,-6,3,-3,0,2,-1,1,1,1,4,-1
KR_6709281723,420,1,-50,9,-3,0,2,2,3,3,6,0,1,1,-3,3,0,-3,4,1,0,-2,24,1,-4,3,-3,0,-3,-1,-1,-1,-1,1,-1
KR_6740820946,420,0,16,12,-1,2,0,2,3,2,5,-1,3,2,-3,8,5,-2,2,0,0,1,-1,-1,-5,6,-1,0,-1,-1,-1,-1,1,5,-1
KR_6776277506,420,-1,-10,18,-14,-1,1,0,-8,9,1,-1,4,3,-3,8,5,-1,1,0,-2,-21,-3,-1,-3,4,2,0,-1,-1,-1,-1,-1,6,-1
KR_6754157871,420,-6,-82,-15,-19,-5,5,0,-3,5,2,-1,1,0,-7,7,0,-3,3,0,-1,-17,-5,-8,-2,10,-6,0,-4,-1,-1,-1,-1,1,-1
KR_6777461208,420,0,19,-20,3,-1,3,2,3,2,5,2,1,3,-1,2,1,0,2,2,0,4,-6,2,-7,5,2,0,0,1,-1,-1,1,6,-1
KR_6775837088,440,-4,-109,9,-9,-2,3,1,-2,4,2,-3,3,0,-4,8,4,2,2,4,0,-7,-5,-3,-3,6,-1,0,-1,-1,-1,-1,1,1,-1
KR_6756171208,420,-3,-73,8,-8,3,2,5,-10,10,0,0,0,0,-1,3,2,0,0,0,0,-14,-8,-3,-2,5,-1,0,-1,-1,-1,-1,-1,4,-1
KR_6772268709,420,-2,-46,-24,-1,2,1,3,-2,4,2,0,1,1,-1,3,2,0,2,2,0,2,-14,-8,-3,11,4,0,-1,1,-1,-1,-1,2,-1
KR_6748072602,420,-2,-137,-12,-9,-5,9,4,-2,2,0,3,0,3,-3,7,4,-2,2,0,0,-9,20,-2,-4,6,-6,0,-2,-1,1,-1,-1,6,-1
KR_6745933197,420,-5,-35,-31,-11,-5,5,0,-3,4,1,-1,4,3,-3,4,1,1,0,1,0,-10,-2,-3,-4,7,3,0,-2,-1,1,-1,-1,3,-1
KR_6777717285,420,3,-27,7,2,-1,2,1,4,2,6,-1,3,2,0,2,2,0,1,1,0,2,11,1,-7,6,-6,0,0,-1,-1,0,-1,2,-1
KR_6777571864,440,-1,-71,7,-7,-2,2,0,-1,3,2,3,0,3,-5,7,2,-2,2,0,0,-8,-13,-5,-1,6,3,0,-2,-1,-1,-1,-1,2,-1
KR_6777508116,420,-4,-94,-1,-4,3,0,3,-2,2,0,1,3,4,-2,2,0,-4,4,0,0,2,2,4,-9,5,-1,0,-1,1,-1,-1,1,1,-1
KR_6759727225,420,0,-34,31,-6,-1,2,1,3,1,4,-1,1,0,-2,5,3,-5,5,0,0,-7,1,-3,-2,5,-3,0,-1,1,-1,-1,1,2,-1
KR_6776396853,420,0,5,-12,4,1,1,2,3,2,5,-1,1,0,0,6,6,1,0,1,1,4,-1,-2,-4,6,3,0,-1,-1,1,-1,1,3,-1
KR_6755070184,420,-3,-30,-6,-4,2,1,3,2,2,4,0,1,1,-2,7,5,-6,8,2,-1,-4,181,1,-6,5,-29,0,0,-1,1,1,-1,1,-1
KR_6751230990,420,2,-17,-10,-1,-2,4,2,-6,6,0,6,1,7,1,1,2,0,0,0,0,-3,0,1,-5,4,-1,0,1,1,-1,1,1,6,-1
KR_6776177623,420,-3,-9,-18,-8,-2,2,0,-1,2,1,-1,3,2,-4,7,3,0,1,1,-1,-10,-7,-3,-3,6,0,0,-1,-1,1,-1,-1,3,-1
KR_6768881310,420,0,51,33,-5,-5,7,2,1,2,3,-2,2,0,2,3,5,-1,2,1,0,-1,-43,-3,-5,8,3,0,0,1,1,0,-1,6,-1
KR_6770932553,420,0,2,-12,1,0,4,4,3,2,5,0,1,1,-4,5,1,2,1,3,0,3,0,3,-7,4,1,0,-1,1,-1,-1,1,5,-1
KR_6768247654,420,0,17,2,-3,3,0,3,-1,2,1,-3,4,1,-3,4,1,1,0,1,0,-4,-41,-4,-2,6,22,0,0,1,-1,0,1,5,-1
KR_6694718028,420,0,6,-33,-1,-1,2,1,0,3,3,2,3,5,-2,2,0,0,3,3,0,4,-2,0,-7,7,1,0,0,-1,-1,-1,-1,3,-1
KR_6745989618,420,-2,12,-30,-9,0,1,1,-4,5,1,2,2,4,-5,5,0,-2,2,0,-2,-15,-41,2,-6,4,25,0,-1,-1,1,-1,-1,5,-1
KR_6776190488,420,0,-12,10,-4,-2,2,0,-1,1,0,3,1,4,-5,6,1,1,0,1,0,-7,-158,2,-7,5,-2,0,-3,1,-1,-1,-1,6,-1
KR_6772468105,420,0,13,4,-7,0,1,1,-2,5,3,-4,4,0,1,2,3,-2,3,1,1,-5,8,-5,-3,8,-8,0,-1,-1,-1,-1,1,5,-1
KR_6756699680,420,-2,-84,20,-6,0,2,2,3,2,5,-2,4,2,-7,9,2,0,2,2,0,-4,8,2,-9,7,-6,0,0,-1,1,-1,-1,4,-1
KR_6767856647,420,-2,-24,18,-14,2,3,5,-6,6,0,-2,3,1,-8,8,0,0,1,1,-3,-18,-5,-3,-4,7,3,0,-2,-1,-1,-1,-1,2,-1
KR_6713187158,420,-9,-144,-39,-22,-3,3,0,-2,4,2,0,2,2,-12,14,2,-5,6,1,-2,-28,-157,0,-5,5,-1,0,-4,-1,-1,-1,-1,3,-1
KR_6772628959,420,-4,-30,-1,-12,-3,4,1,-2,4,2,-4,7,3,-2,4,2,-1,1,0,0,-14,-9,-3,-6,9,-3,0,-1,-1,1,-1,-1,3,-1
KR_6743746617,420,-6,-90,-23,-13,0,3,3,1,1,2,-9,11,2,-4,5,1,-1,2,1,0,-7,-15,-8,-2,10,2,0,-2,-1,-1,-1,-1,5,-1
KR_6773543942,420,-1,6,-5,-6,1,1,2,-3,3,0,-2,3,1,3,2,5,-5,5,0,0,-9,-20,-1,-5,6,-2,0,-1,1,-1,-1,1,6,-1
KR_6776060152,420,-5,-54,2,-16,-2,2,0,-6,6,0,3,1,4,-11,12,1,0,1,1,-1,-21,-215,1,-7,6,-6,0,-3,-1,-1,-1,-1,6,-1
KR_6743506883,420,-2,-75,-1,-9,-1,3,2,-1,5,4,0,1,1,-5,5,0,-2,2,0,0,-8,-37,-2,-2,4,11,0,-1,1,-1,-1,-1,3,-1
KR_6754220948,440,-5,-45,-1,-12,-1,1,0,-5,6,1,-1,1,0,-3,3,0,-2,2,0,0,-15,1,-1,-3,4,-2,0,-1,-1,-1,-1,-1,5,-1
KR_6740077165,420,0,-26,-12,0,1,3,4,-2,4,2,-1,3,2,1,0,1,1,0,1,0,-3,39,3,-5,2,-5,0,-1,1,-1,-1,1,3,-1
KR_6771588556,440,-4,-50,-4,-1,-3,3,0,3,2,5,2,2,4,-4,5,1,1,3,4,-1,0,-4,-2,-3,5,-5,0,-2,0,-1,-1,-1,0,-1
KR_6752098718,420,1,-24,-20,9,6,0,6,-1,5,4,2,2,4,4,3,7,-2,2,0,1,6,5,6,-8,2,-4,0,0,-1,-1,0,1,6,-1
KR_6713619039,420,-3,-110,19,-13,-1,2,1,-3,8,5,-8,10,2,0,3,3,-1,3,2,0,-10,-14,-5,-4,9,6,0,-1,-1,1,-1,-1,5,-1
KR_6769308155,420,-2,-43,-40,4,0,2,2,0,2,2,3,1,4,1,2,3,0,0,0,0,5,2,4,-9,5,3,0,-1,1,1,-1,1,5,-1
KR_6763217738,420,1,-63,7,4,0,1,1,4,3,7,2,1,3,0,2,2,-2,4,2,0,3,-6,-2,-5,7,-2,0,-1,0,-1,-1,1,0,-1
KR_6753806290,420,-2,76,-6,-6,2,0,2,-5,7,2,-5,6,1,1,0,1,1,0,1,0,-4,-16,-4,-5,9,2,0,1,-1,-1,1,-1,3,-1
KR_6773719368,420,-2,17,-3,-6,-2,3,1,0,3,3,0,2,2,-5,6,1,1,0,1,0,-4,-245,-5,-4,9,8,0,-1,1,-1,-1,-1,6,-1
KR_6774210013,420,-1,-15,-15,1,2,0,2,0,2,2,-2,4,2,2,2,4,-1,1,0,0,2,4,1,-6,5,-3,0,0,1,-1,0,-1,5,-1
KR_6702437336,420,-2,-55,8,-2,-2,2,0,-2,8,6,0,2,2,-1,2,1,3,0,3,0,-4,3,1,-6,5,0,0,-2,-1,-1,-1,-1,4,-1
KR_6690182721,420,1,27,-6,3,0,0,0,1,4,5,0,1,1,2,2,4,0,1,1,0,0,-15,-2,-6,8,5,0,-1,-1,-1,-1,1,2,-1
KR_6777221054,420,1,28,26,-2,-1,4,3,6,1,7,-3,4,1,-5,6,1,1,1,2,1,4,6,3,-7,4,-4,0,-2,1,-1,-1,1,6,-1
KR_6674013869,420,-2,18,1,-2,0,2,2,3,2,5,5,2,7,-11,13,2,1,3,4,0,-7,-30,0,-5,5,2,0,1,0,1,1,1,0,-1
KR_6743475465,420,-1,16,-39,1,-2,5,3,1,2,3,-2,2,0,3,1,4,1,0,1,1,6,-1,2,-8,6,3,0,-1,-1,-1,-1,1,1,-1
KR_6772508479,420,-3,-64,-7,-8,-2,6,4,5,3,8,0,1,1,-7,9,2,-4,4,0,0,-3,5,1,-5,4,-2,0,-1,-1,-1,-1,-1,4,-1
KR_6742939276,440,-3,-79,4,-8,-3,5,2,1,0,1,-1,1,0,-2,5,3,-3,3,0,1,-7,-107,-4,-4,8,4,0,-1,1,-1,-1,1,5,-1
KR_6672953818,440,-6,-12,-35,-5,1,0,1,-1,4,3,4,0,4,-1,1,0,-8,8,0,1,-1,-2,2,-7,5,1,0,-2,0,-1,-1,1,0,-1
KR_6727115160,420,2,50,7,9,1,2,3,-2,3,1,5,1,6,2,0,2,3,0,3,0,11,13,7,-10,3,-7,0,-1,1,-1,-1,-1,1,-1
KR_6769778775,420,-5,-70,10,-13,-1,3,2,3,2,5,-8,9,1,-5,7,2,-2,2,0,-2,-11,-5,0,-5,5,-4,0,-1,-1,1,-1,-1,6,-1
KR_6729847899,420,-1,-43,-14,5,-4,4,0,4,1,5,1,2,3,2,0,2,2,0,2,0,8,5,0,-5,5,-2,0,-1,-1,-1,-1,-1,6,-1
KR_6745696401,420,-3,-66,-20,-2,-6,7,1,4,1,5,-4,5,1,4,0,4,0,0,0,-1,4,-322,0,-7,7,1,0,-1,-1,-1,-1,-1,6,-1
KR_6743802831,420,-3,-89,-5,-4,-4,4,0,0,4,4,1,2,3,-1,2,1,0,1,1,1,-2,22,-1,-5,6,4,0,-4,-1,-1,-1,1,2,-1
KR_6726679416,420,0,62,10,-2,2,0,2,2,1,3,-2,4,2,-7,8,1,3,0,3,0,1,-3,0,-5,5,5,0,1,-1,1,1,-1,3,-1
KR_6713321318,420,-6,-79,-68,-12,-4,5,1,-7,7,0,3,1,4,-4,5,1,0,0,0,0,-13,15,-1,-3,4,-1,0,-2,-1,0,-1,-1,2,-1
KR_6774659780,440,-2,-34,-7,-4,-2,2,0,4,1,5,-1,2,1,-4,5,1,-1,2,1,0,-4,-2,-4,-3,7,0,0,0,0,-1,0,1,0,-1
KR_6767182107,440,1,26,-15,2,2,0,2,-2,3,1,2,0,2,-1,3,2,1,1,2,0,2,19,-1,-4,5,-2,0,1,1,1,1,-1,6,-1
KR_6777230625,440,1,13,1,2,-1,3,2,2,0,2,-1,2,1,2,0,2,0,2,2,0,3,-10,-1,-5,6,3,0,-1,1,1,-1,1,3,-1
KR_6772435652,420,-4,-16,-13,-8,-2,2,0,-4,4,0,1,0,1,-1,4,3,-2,2,0,-2,-12,53,4,-6,2,-2,0,-1,-1,-1,-1,-1,5,-1
KR_6773740242,420,-3,-19,-16,-6,0,0,0,1,1,2,-4,6,2,-3,4,1,0,0,0,0,-5,-14,4,-9,5,-6,0,0,-1,-1,0,-1,4,-1
KR_6765501059,420,-1,-13,9,0,-2,2,0,2,2,4,1,0,1,0,0,0,-1,1,0,0,4,1,-1,-5,6,5,0,0,1,-1,0,1,5,-1
KR_6731709587,420,1,5,-14,0,-4,4,0,-2,4,2,4,1,5,3,1,4,-1,2,1,0,-3,3,-3,-3,6,5,0,-1,1,-1,-1,-1,5,-1
KR_6776018394,440,-6,-75,-34,-17,-4,5,1,-5,7,2,-2,3,1,-4,7,3,-2,3,1,-1,-11,-10,-3,-5,8,2,0,-1,-1,-1,-1,-1,4,-1
KR_6633720108,420,-4,-64,35,-10,-4,4,0,-1,2,1,-3,5,2,-1,3,2,-1,2,1,-1,-12,42,-4,-6,10,1,0,-2,-1,1,-1,-1,4,-1
KR_6724765215,420,3,-12,14,1,3,0,3,1,2,3,0,2,2,-2,2,0,-1,2,1,0,1,0,0,-6,6,1,0,0,-1,1,0,1,1,-1
KR_6772484038,420,1,22,-1,-7,-1,2,1,-2,3,1,0,0,0,-2,2,0,-2,2,0,0,-10,-111,-1,-6,7,-6,0,-1,-1,-1,-1,1,3,-1
KR_6765885183,420,-2,3,18,-4,1,1,2,-1,3,2,-5,5,0,1,3,4,0,2,2,0,-3,-6,1,-5,4,3,0,-1,1,-1,-1,1,5,-1
KR_6775230629,420,-4,-27,3,-15,-5,5,0,-7,7,0,-3,4,1,2,1,3,-2,2,0,-1,-10,-14,-1,-4,5,7,0,-2,1,-1,-1,-1,6,-1
KR_6742544267,420,1,-2,-37,-2,1,0,1,-1,6,5,-3,3,0,-2,5,3,3,0,3,0,-9,-5,-1,-5,6,-2,0,-1,-1,1,-1,1,5,-1
KR_6771981390,440,-2,-102,-3,-4,1,3,4,-4,7,3,-4,5,1,3,1,4,0,1,1,-2,-12,-13,-3,-4,7,-1,0,-1,-1,-1,-1,-1,5,-1
KR_6772977126,440,-1,78,4,-3,3,0,3,-2,5,3,1,1,2,-7,13,6,2,1,3,1,-5,-7,-4,-4,8,3,0,1,0,1,1,1,0,-1
KR_6685096587,420,0,17,-16,5,-3,3,0,-1,4,3,1,0,1,7,1,8,1,1,2,0,4,10,3,-8,5,-6,0,1,-1,1,1,1,6,-1
KR_6772682964,420,-4,-9,-22,-7,-8,9,1,1,1,2,-2,3,1,1,2,3,1,1,2,0,-15,-16,-1,-10,11,-1,0,-1,-1,-1,-1,1,6,-1
KR_6710952649,420,-4,22,11,-8,-6,6,0,-2,3,1,-3,4,1,2,0,2,1,1,2,0,-8,-3,3,-6,3,1,0,0,1,-1,-1,-1,4,-1
KR_6775737471,440,-8,-116,-17,-12,-2,2,0,0,1,1,-7,7,0,0,0,0,-3,3,0,0,-12,1,-2,-3,5,-3,0,-1,-1,-1,-1,-1,3,-1
KR_6774732538,440,-1,34,16,-12,-3,4,1,0,5,5,-1,8,7,-5,5,0,-3,4,1,-1,-14,20,-2,-4,6,-4,0,1,-1,-1,1,1,3,-1
KR_6775921554,420,-6,-78,-28,-17,-6,7,1,-7,7,0,-1,2,1,3,1,4,-6,6,0,0,-11,0,0,-5,5,-1,0,0,-1,-1,-1,-1,5,-1
KR_6764960808,420,0,2,-15,-4,-3,3,0,1,2,3,-3,5,2,1,2,3,0,1,1,0,-5,10,4,-6,2,-3,0,1,1,-1,1,-1,4,-1
KR_6774610880,420,1,39,-7,0,3,1,4,1,1,2,-6,7,1,0,3,3,2,0,2,0,2,-7,0,-5,5,-9,0,-1,-1,-1,-1,1,1,-1
KR_6736424730,420,-2,23,-13,-5,1,1,2,-5,7,2,0,3,3,0,2,2,-1,1,0,0,-6,38,-3,-3,6,1,0,0,0,-1,0,-1,0,-1
KR_6725539787,420,-3,-51,-16,-5,-2,2,0,-3,5,2,0,2,2,-1,2,1,1,0,1,0,-8,29,0,-8,8,-5,0,0,-1,1,0,1,2,-1
KR_6761035403,420,-3,-30,-16,-4,2,0,2,-5,6,1,-2,2,0,1,0,1,0,1,1,0,-5,14,1,-6,5,-2,0,1,-1,-1,1,-1,4,-1
KR_6697015609,420,-2,-14,-12,-4,-2,2,0,-1,4,3,1,0,1,-2,3,1,0,0,0,0,-1,1,-2,-10,12,-6,0,-1,-1,-1,-1,-1,5,-1
KR_6765006719,420,4,56,-11,5,1,1,2,-1,4,3,0,4,4,4,0,4,1,1,2,1,1,6,0,-5,5,0,0,1,1,1,1,1,4,-1
KR_6771619125,420,-3,-52,-20,2,4,0,4,-1,3,2,0,2,2,0,3,3,-1,1,0,0,4,8,4,-7,3,-5,0,-1,1,-1,-1,-1,4,-1
KR_6770801615,420,-2,-38,1,-8,0,2,2,-3,4,1,-1,2,1,0,2,2,-4,4,0,0,-4,-260,3,-7,4,0,0,0,-1,0,-1,-1,4,-1
KR_6747030432,420,1,-44,13,6,-3,3,0,3,1,4,-2,3,1,5,0,5,3,0,3,0,11,-6,-1,-7,8,2,0,1,1,-1,1,-1,4,-1
KR_6728973595,420,-1,-30,-3,-4,-2,2,0,-1,3,2,-1,5,4,-1,4,3,1,0,1,-1,-6,-30,-2,-5,7,3,0,-1,-1,-1,-1,-1,4,-1
KR_6736945632,420,-4,-57,-18,-4,-1,1,0,-2,2,0,0,3,3,-1,3,2,0,1,1,0,-1,93,-3,-6,9,2,0,-1,-1,-1,-1,1,2,-1
KR_6773202480,420,-4,-19,4,-4,-2,2,0,-4,5,1,-2,3,1,4,0,4,0,1,1,0,-3,-24,-1,-7,8,5,0,1,-1,1,1,-1,4,-1
KR_6678973631,420,0,-23,23,-4,-5,5,0,-1,4,3,1,2,3,1,0,1,0,0,0,0,-6,-38,-5,-7,12,-2,0,-1,1,-1,-1,-1,4,-1
KR_6759508135,420,0,-7,4,1,2,1,3,1,2,3,1,0,1,-3,7,4,0,0,0,0,-3,-36,-1,-3,4,23,0,0,0,1,1,-1,0,-1
KR_6734894029,420,-2,-8,-26,-3,-2,2,0,0,6,6,-1,5,4,2,1,3,-2,2,0,0,0,-14,-1,-8,9,2,0,-1,-1,-1,-1,-1,6,-1
KR_6769324275,420,-5,-65,-11,-11,-2,3,1,-5,5,0,0,2,2,-5,9,4,1,1,2,0,-12,-33,2,-8,6,18,0,-1,1,1,-1,-1,3,-1
KR_6655557621,420,-1,38,4,5,1,5,6,0,3,3,1,1,2,3,1,4,0,1,1,2,11,-57,-1,-3,4,20,0,-1,1,-1,-1,1,3,-1
KR_6696982617,420,0,-1,-1,-3,3,1,4,2,4,6,-3,3,0,-4,4,0,-1,1,0,0,0,-7,-2,-4,6,2,0,0,1,-1,0,1,6,-1
KR_6658928191,420,-4,-26,-12,-4,-5,5,0,4,2,6,-1,3,2,-1,3,2,-1,2,1,0,3,-52,3,-5,2,23,0,0,1,-1,-1,-1,5,-1
KR_6658853200,420,-6,-9,-36,-13,2,2,4,-9,9,0,-3,3,0,-3,5,2,0,2,2,0,-13,-39,1,-6,5,25,0,-3,-1,-1,-1,1,4,-1
KR_6758721094,420,1,31,1,-3,0,2,2,-3,3,0,4,1,5,-5,6,1,1,1,2,-2,-4,27,-1,-4,5,1,0,0,1,-1,0,-1,6,-1
KR_6747798618,420,0,2,-15,2,3,1,4,0,5,5,-4,4,0,4,0,4,-1,3,2,0,6,2,1,-7,6,3,0,0,-1,-1,0,1,2,-1
KR_6750350397,420,-4,-109,-12,-3,0,4,4,2,3,5,0,3,3,-5,7,2,0,1,1,0,5,6,-1,-4,5,-4,0,0,-1,-1,-1,-1,6,-1
KR_6770352357,420,-1,-28,4,-1,1,2,3,2,0,2,-3,4,1,5,1,6,-6,6,0,0,-6,10,3,-6,3,-8,0,-1,-1,-1,-1,1,3,-1
KR_6586392598,420,-6,-68,0,-10,-4,6,2,-3,5,2,-3,5,2,1,5,6,-1,2,1,1,-11,5,10,-15,5,-6,0,-1,-1,1,1,1,4,-1
KR_6764746474,420,3,45,-26,8,0,3,3,4,0,4,5,0,5,-1,3,2,0,0,0,0,8,3,-1,-4,5,2,0,-2,1,-1,-1,1,1,-1
KR_6759348117,420,1,-8,-1,-6,-2,3,1,1,4,5,1,3,4,-7,9,2,1,1,2,0,-10,-4,0,-5,5,1,0,-2,-1,1,-1,1,1,-1
KR_6763272426,420,-2,-12,-44,-7,-7,7,0,1,2,3,-1,2,1,0,0,0,0,0,0,0,-1,9,-4,-1,5,0,0,-3,1,-1,-1,-1,2,-1
KR_6725575219,420,-3,-30,12,-3,-3,3,0,0,6,6,1,1,2,1,0,1,-2,4,2,0,1,16,2,-7,5,-2,0,0,-1,1,-1,1,3,-1
KR_6662831803,420,-3,-117,-16,-19,-5,7,2,-5,6,1,-2,3,1,-7,8,1,0,1,1,0,-22,-6,0,-5,5,-3,0,-3,-1,-1,-1,-1,2,-1
KR_6727714971,420,-2,7,-9,-3,-1,1,0,-3,4,1,1,1,2,0,5,5,0,1,1,0,-2,8,1,-7,6,-3,0,1,1,1,1,1,4,-1
KR_6775032091,420,-1,-26,-11,-5,0,1,1,1,1,2,0,2,2,-6,6,0,0,0,0,0,-5,-8,-7,-1,8,-2,0,-1,-1,-1,-1,1,2,-1
KR_6763953073,420,3,-59,19,2,0,3,3,3,1,4,-1,3,2,-1,2,1,1,0,1,0,-1,-15,-1,-6,7,0,0,0,1,1,0,1,6,-1
KR_6773811092,420,1,-71,-4,1,-1,2,1,3,3,6,-1,3,2,-3,4,1,3,0,3,0,10,-77,-4,-4,8,22,0,1,1,-1,1,-1,1,-1
KR_6729346064,420,1,28,-16,-2,2,2,4,-3,6,3,-9,9,0,5,3,8,3,1,4,0,3,-17,-1,-5,6,3,0,0,1,-1,1,1,2,-1
KR_6765326258,420,1,-29,0,1,3,0,3,4,3,7,-6,6,0,0,4,4,0,0,0,0,2,26,2,-8,6,6,0,0,1,1,-1,-1,2,-1
KR_6776358379,420,0,16,-11,-1,-1,2,1,-3,6,3,0,1,1,3,1,4,0,1,1,0,1,3,2,-7,5,-2,0,0,-1,1,0,-1,5,-1
KR_6727768392,420,-3,-54,12,-1,-4,5,1,2,3,5,5,0,5,-5,7,2,1,0,1,0,1,18,-5,-4,9,0,0,-2,1,-1,-1,1,2,-1
KR_6775475549,420,-1,31,-9,-4,-5,5,0,1,3,4,1,0,1,-2,3,1,1,0,1,0,-1,4,3,-6,3,-4,0,0,1,-1,0,-1,1,-1
KR_6734578862,420,0,26,-23,6,5,1,6,-2,3,1,0,0,0,4,2,6,-1,1,0,0,7,9,7,-9,2,1,0,1,-1,1,1,1,1,-1
KR_6742885839,420,-2,-17,1,-5,2,2,4,-1,1,0,-5,8,3,0,2,2,-1,2,1,0,-4,77,-2,-4,6,-2,0,-1,1,-1,-1,1,2,-1
KR_6649140607,420,-2,-11,-28,-6,-1,2,1,-4,5,1,0,4,4,-3,5,2,2,0,2,0,-12,7,2,-7,5,-6,0,0,-1,-1,-1,-1,6,-1
KR_6764968153,440,0,-18,9,-12,1,2,3,-4,5,1,-6,6,0,-5,7,2,2,1,3,0,-7,-27,-5,-3,8,-1,0,0,-1,0,0,-1,3,-1
KR_6770870507,420,-1,62,-14,2,1,0,1,1,1,2,-2,3,1,2,2,4,0,1,1,0,1,54,2,-4,2,-5,0,1,-1,-1,1,1,6,-1
KR_6724797301,420,-2,-2,8,-6,5,1,6,-3,4,1,-5,8,3,-2,3,1,-1,4,3,0,-16,23,-1,-6,7,-2,0,-1,-1,1,1,-1,4,-1
KR_6743692848,420,-2,-17,-8,-4,1,1,2,-3,5,2,1,2,3,-1,3,2,-2,2,0,-1,-3,-330,-2,-4,6,6,0,1,-1,-1,1,-1,3,-1
KR_6752516771,420,0,68,1,-1,1,2,3,0,1,1,-7,8,1,2,2,4,3,0,3,0,-4,-34,-1,-6,7,4,0,0,-1,-1,-1,-1,5,-1
KR_6777166094,420,0,-13,-8,-1,0,2,2,1,2,3,-2,3,1,0,1,1,0,1,1,0,-4,-5,-3,-5,8,-1,0,1,1,1,1,-1,6,-1
KR_6672943551,420,-3,-49,-13,-4,5,0,5,-4,7,3,-2,4,2,-3,4,1,0,0,0,0,-2,-25,-1,-5,6,-3,0,0,-1,-1,-1,1,3,-1
KR_6757974258,420,0,-6,0,-2,-2,3,1,2,1,3,2,0,2,-3,3,0,-1,1,0,0,-3,0,1,-4,3,1,0,0,1,-1,-1,1,5,-1
KR_6771888184,440,-2,-21,-36,-2,0,4,4,-2,5,3,-2,2,0,1,2,3,1,1,2,1,5,-78,1,-7,6,-3,0,-1,1,-1,-1,1,3,-1
KR_6765198226,420,0,23,22,-4,0,2,2,2,0,2,-6,6,0,0,2,2,0,0,0,0,-4,-19,-2,-6,8,-3,0,0,-1,1,0,1,4,-1
KR_6766776534,420,0,0,-7,-6,-1,2,1,-5,6,1,-2,2,0,3,1,4,-1,1,0,0,-5,-15,0,-8,8,0,0,0,1,1,0,-1,1,-1
KR_6745335427,420,0,-18,28,4,4,1,5,1,5,6,-3,3,0,1,1,2,1,0,1,0,0,-18,2,-4,2,1,0,-1,-1,1,-1,1,5,-1
KR_6743673302,420,0,51,15,-7,0,2,2,-3,6,3,-3,3,0,0,3,3,-1,2,1,0,-16,-13,5,-10,5,1,0,0,1,-1,1,-1,4,-1
KR_6775976177,440,-3,-65,4,-3,-2,4,2,0,1,1,2,2,4,-5,6,1,2,2,4,0,-4,-56,-5,-5,10,13,0,-2,0,1,-1,-1,0,-1
KR_6724667886,420,-4,-115,-44,-12,0,3,3,0,3,3,-6,7,1,-6,6,0,0,0,0,0,-10,24,-1,-6,7,-2,0,0,-1,-1,-1,-1,1,-1
KR_6742431189,420,2,-16,-2,0,1,2,3,0,1,1,-4,4,0,2,0,2,1,0,1,0,4,7,-1,-5,6,0,0,-1,1,-1,-1,1,2,-1
KR_6769003956,440,-2,-143,12,-10,-3,4,1,-4,5,1,-4,5,1,-4,5,1,5,3,8,-2,-5,-53,1,-7,6,24,0,-1,1,1,-1,-1,2,-1
KR_6752289713,420,0,-35,-8,-6,-1,1,0,-2,2,0,-3,5,2,-3,3,0,3,2,5,-2,-15,-19,-2,-6,8,5,0,0,1,1,1,-1,4,-1
KR_6744545086,420,-1,-17,5,4,3,0,3,-1,3,2,0,1,1,1,2,3,1,1,2,1,4,6,1,-8,7,-1,0,1,1,-1,1,1,6,-1
KR_6762610532,420,-3,-32,23,-5,3,1,4,1,0,1,-4,5,1,-4,7,3,-1,2,1,0,1,13,-3,-4,7,0,0,2,-1,1,1,1,3,-1
KR_6722746145,420,-6,-81,-41,-17,0,2,2,-6,11,5,-4,5,1,-6,6,0,-1,1,0,0,-13,-4,-3,-3,6,3,0,-3,-1,-1,-1,-1,5,-1
KR_6772410394,420,-1,31,-42,3,-3,4,1,1,2,3,-2,3,1,8,2,10,-1,2,1,1,7,14,0,-5,5,0,0,0,1,-1,0,1,4,-1
KR_6742856149,420,-4,-14,-8,-12,1,0,1,-8,8,0,0,1,1,-3,4,1,-2,2,0,0,-14,4,-2,-6,8,-3,0,-1,-1,1,-1,-1,4,-1
KR_6598518801,420,-8,-61,-5,-20,-6,6,0,-2,3,1,-6,8,2,-8,9,1,2,1,3,0,-11,-15,-2,-6,8,-2,0,-3,1,-1,-1,-1,2,-1
KR_6756527635,420,-5,-87,-8,-9,0,3,3,-3,4,1,-6,6,0,-1,2,1,1,1,2,0,-14,-22,-8,-4,12,7,0,0,-1,1,-1,1,1,-1
KR_6756429749,420,-2,18,11,-4,-5,5,0,3,2,5,0,3,3,-2,2,0,0,1,1,0,-7,-18,3,-7,4,-6,0,1,-1,1,1,-1,3,-1
KR_6766963099,420,0,17,-20,-3,-4,6,2,-1,3,2,5,1,6,-1,2,1,-2,2,0,0,-2,-1,2,-7,5,3,0,-1,1,-1,-1,-1,1,-1
KR_6765278322,420,-1,20,17,0,1,1,2,-1,4,3,0,0,0,0,0,0,0,0,0,0,1,116,3,-6,3,-1,0,0,1,1,1,1,5,-1
KR_6757090632,420,4,-47,7,3,1,1,2,2,2,4,3,1,4,-2,4,2,-1,1,0,0,3,16,-1,-7,8,-2,0,1,1,-1,1,1,2,-1
KR_6776017717,420,-1,-37,27,-1,0,2,2,0,2,2,-1,2,1,0,1,1,0,1,1,0,-6,-7,-2,-5,7,0,0,-1,-1,1,-1,-1,2,-1
KR_6758717352,420,-2,15,-18,-3,4,1,5,-5,5,0,-2,4,2,0,0,0,0,1,1,0,-12,-45,7,-9,2,4,0,2,-1,1,1,1,4,-1
KR_6728647681,420,1,-14,15,0,-3,3,0,-1,2,1,0,1,1,0,3,3,4,1,5,0,3,-1,-2,-7,9,-2,0,1,1,-1,1,1,4,-1
KR_6705440795,420,2,-27,-6,1,-1,1,0,4,2,6,1,1,2,-1,4,3,-2,2,0,0,6,-5,0,-4,4,0,0,0,-1,-1,0,1,4,-1
KR_6777324700,420,-1,-51,-35,-1,1,0,1,1,1,2,0,1,1,-4,4,0,1,1,2,0,-7,-7,1,-10,9,1,0,0,1,1,0,-1,5,-1
KR_6712007922,420,-4,-43,-21,-9,-1,2,1,-3,6,3,-2,4,2,-5,5,0,2,2,4,0,-8,152,1,-9,8,1,0,-1,1,-1,-1,-1,6,-1
KR_6771341432,420,-2,-43,-28,-5,1,2,3,0,0,0,-5,5,0,-1,1,0,0,0,0,0,-3,-2,-4,0,4,2,0,-2,-1,-1,-1,-1,3,-1
KR_6719996462,420,-5,-98,27,-15,-8,11,3,-4,5,1,-2,4,2,0,3,3,-1,2,1,1,-11,-333,-4,-2,6,-1,0,-2,-1,-1,-1,1,2,-1
KR_6727592860,440,-3,-28,-38,-1,0,2,2,6,0,6,0,2,2,-4,8,4,-3,5,2,-1,11,-13,-3,-4,7,5,0,1,0,-1,-1,-1,0,-1
KR_6776082706,420,-2,-18,7,-1,0,1,1,3,1,4,0,2,2,-5,8,3,1,1,2,0,-2,7,3,-8,5,-2,0,0,-1,1,0,1,6,-1
KR_6772896828,440,0,33,-51,4,2,0,2,0,3,3,0,1,1,2,3,5,0,3,3,-1,-1,8,5,-9,4,-3,0,1,0,-1,1,-1,0,-1
KR_6774711344,440,1,50,-29,2,5,0,5,-1,4,3,-3,6,3,0,4,4,1,1,2,0,-8,446,4,-9,5,-3,0,1,-1,1,1,1,3,-1
KR_6747651998,420,-6,-36,3,-18,-3,5,2,-6,8,2,-2,5,3,-4,5,1,-3,3,0,-3,-28,-13,-4,-3,7,0,0,-1,-1,-1,-1,-1,5,-1
KR_6776789537,440,-5,-33,-5,-5,1,2,3,-1,4,3,-1,5,4,-2,6,4,-2,2,0,0,-4,-4,2,-4,2,-3,0,-1,-1,1,-1,-1,2,-1
KR_6767182306,440,1,-84,-5,6,0,1,1,2,2,4,3,1,4,1,3,4,0,0,0,0,2,5,0,-5,5,-5,0,1,0,1,1,1,0,-1
KR_6753442477,420,-4,-22,-13,-12,-1,1,0,-4,5,1,1,1,2,-4,6,2,-4,5,1,0,-12,24,-2,-5,7,-1,0,-2,-1,-1,-1,-1,1,-1
KR_6773714054,420,-1,-24,-30,-7,1,2,3,-1,5,4,0,2,2,-1,1,0,-6,6,0,0,-7,109,-3,-2,5,0,0,0,-1,1,-1,1,2,-1
KR_6770808632,420,-4,24,-53,-9,1,1,2,-1,4,3,-3,5,2,-2,5,3,-4,5,1,1,-14,9,4,-6,2,-2,0,0,-1,1,0,1,3,-1
KR_6755761461,420,-4,-49,-20,-6,-5,5,0,-5,7,2,3,1,4,2,5,7,-1,1,0,2,-6,-24,4,-8,4,-2,0,-1,-1,-1,-1,1,1,-1
KR_6771390112,420,-3,-76,-20,-11,-3,3,0,-3,4,1,-5,7,2,1,2,3,-1,1,0,0,-18,-58,4,-10,6,13,0,-2,-1,-1,-1,-1,1,-1
KR_6762107790,420,-1,-13,21,0,2,2,4,-1,3,2,1,2,3,-2,4,2,0,2,2,1,-1,16,-6,-6,12,-1,0,-1,-1,-1,-1,1,1,-1
KR_6774024176,440,-5,-103,4,-14,-8,8,0,6,0,6,-1,5,4,-5,10,5,-6,6,0,0,-9,-2,-6,-1,7,-2,0,-2,-1,-1,-1,-1,4,-1
KR_6468660170,420,-1,-11,-1,-8,-1,2,1,-2,4,2,0,1,1,-6,7,1,1,0,1,0,-5,31,-1,-6,7,-2,0,-1,-1,1,-1,-1,6,-1
KR_6761434325,420,-1,-11,-1,-3,2,0,2,-5,7,2,0,3,3,-3,5,2,3,0,3,0,1,9,-2,-6,8,3,0,0,1,-1,-1,-1,5,-1
KR_6698521316,440,-9,-78,-63,-19,-5,7,2,-8,9,1,3,2,5,-2,7,5,-7,11,4,-1,-19,-10,-3,0,3,0,0,-3,-1,0,-1,-1,4,-1
KR_6721680151,420,-2,-26,-54,0,2,1,3,-3,6,3,0,1,1,1,1,2,0,0,0,0,5,31,-2,-5,7,-2,0,0,1,-1,0,-1,6,-1
KR_6751505076,420,-2,-35,-5,-1,0,4,4,-1,3,2,4,0,4,-2,3,1,-2,2,0,0,-2,-138,-4,-2,6,1,0,-1,-1,1,-1,1,6,-1
KR_6768008234,420,1,-6,8,4,-2,3,1,0,2,2,4,0,4,2,3,5,0,1,1,0,5,2,3,-7,4,4,0,1,-1,1,1,1,6,-1
KR_6486123043,420,-3,-75,-25,-5,1,0,1,0,5,5,0,1,1,-5,10,5,-1,1,0,0,-7,-43,-2,-5,7,25,0,-1,-1,-1,-1,-1,2,-1
KR_6767775819,420,-3,-44,16,-4,-3,3,0,-2,2,0,0,3,3,2,1,3,-1,1,0,0,1,-8,-2,-2,4,4,0,0,-1,-1,0,-1,4,-1
KR_6775266670,420,-1,-22,-6,5,1,1,2,-1,4,3,4,0,4,0,1,1,1,1,2,0,3,1,-1,-8,9,1,0,-1,-1,0,-1,-1,6,-1
KR_6750802914,420,-3,-7,0,-8,2,0,2,-7,7,0,-1,3,2,-1,1,0,-1,1,0,-1,-17,-18,-2,-2,4,1,0,0,-1,1,0,-1,3,-1
KR_6694660301,420,0,37,-12,-2,0,2,2,2,5,7,0,2,2,-4,6,2,0,1,1,0,-3,1,2,-9,7,0,0,-1,1,-1,-1,-1,2,-1
KR_6736721974,420,-1,-116,-2,-6,0,2,2,2,1,3,2,1,3,-7,10,3,-3,3,0,0,-3,-4,5,-12,7,-3,0,0,-1,0,-1,-1,6,-1
KR_6775714496,420,-1,-54,-24,-3,1,0,1,-3,9,6,1,3,4,-2,3,1,0,1,1,-1,-3,-6,6,-9,3,1,0,-1,1,1,-1,-1,2,-1
KR_6770815110,420,2,-12,24,3,-4,5,1,3,2,5,4,2,6,1,1,2,-1,1,0,0,7,-119,0,-5,5,1,0,1,-1,1,1,-1,3,-1
KR_6768440826,420,0,18,4,-1,0,0,0,1,1,2,-4,4,0,1,0,1,1,0,1,0,3,-1,3,-5,2,0,0,0,1,-1,0,-1,1,-1
KR_6693743804,420,3,-3,0,4,3,1,4,-3,7,4,1,2,3,2,0,2,1,0,1,0,6,3,5,-12,7,-2,0,2,-1,1,1,-1,1,-1
KR_6723173107,420,2,-32,2,6,0,0,0,2,3,5,8,1,9,-3,8,5,-1,1,0,-1,7,5,2,-6,4,3,0,0,-1,1,1,-1,3,-1
KR_6744073181,420,-3,-50,-24,-7,1,1,2,-1,2,1,1,0,1,-7,7,0,-1,1,0,-1,-12,-8,-3,-3,6,0,0,0,-1,0,-1,1,4,-1
KR_6748184991,420,0,-6,9,-5,-4,5,1,0,2,2,-5,6,1,4,1,5,0,0,0,0,-4,6,-2,-7,9,2,0,1,1,-1,-1,-1,4,-1
KR_6765699001,420,-1,13,-11,-4,-3,3,0,-4,5,1,2,0,2,1,3,4,0,1,1,0,-3,18,-1,-7,8,1,0,-2,-1,-1,-1,-1,2,-1
KR_6775992936,420,2,61,31,3,3,3,6,-4,10,6,1,0,1,2,4,6,1,1,2,1,-5,10,0,-8,8,2,0,0,-1,1,1,-1,1,-1
KR_6770166630,440,-4,-15,-28,-12,-1,3,2,-3,3,0,-1,3,2,-6,7,1,-1,1,0,0,-17,33,-7,-2,9,-3,0,-1,-1,-1,-1,1,1,-1
KR_6700904705,420,0,44,-4,-6,1,1,2,0,4,4,1,1,2,-7,7,0,-1,1,0,0,-10,-3,1,-9,8,1,0,0,1,-1,1,1,1,-1
KR_6737293188,420,-5,-69,-29,-2,0,2,2,1,3,4,0,2,2,-3,7,4,0,0,0,0,-11,101,0,-6,6,0,0,-2,-1,-1,-1,1,3,-1
KR_6776151468,420,0,43,20,-2,0,1,1,0,3,3,-2,5,3,0,2,2,0,0,0,0,-4,-2,0,-5,5,0,0,1,1,-1,1,-1,4,-1
KR_6619745199,420,-1,27,23,-4,-1,2,1,-1,4,3,-1,3,2,-1,2,1,0,0,0,0,-8,9,-3,-5,8,-7,0,-1,-1,1,-1,1,5,-1
KR_6743811840,420,-3,-27,-18,-8,-6,8,2,-2,3,1,0,2,2,-3,4,1,3,1,4,0,-7,-40,-3,-7,10,10,0,-1,-1,-1,-1,-1,4,-1
KR_6772358370,420,3,44,2,11,3,0,3,2,3,5,3,0,3,3,1,4,0,0,0,0,14,-2,1,-7,6,-5,0,2,1,-1,1,1,4,-1
KR_6768567290,420,-3,0,-3,-8,1,1,2,-2,3,1,-9,9,0,2,1,3,0,1,1,0,-7,138,-4,-4,8,8,0,0,-1,-1,0,1,5,-1
KR_6771574116,420,-1,18,-15,2,0,4,4,4,0,4,1,0,1,-2,5,3,-1,2,1,0,1,-121,0,-7,7,-2,0,-1,-1,-1,-1,1,5,-1
KR_6770384510,420,-2,20,-19,-2,4,1,5,2,1,3,-3,3,0,-2,3,1,-3,3,0,0,-4,6,5,-9,4,0,0,0,-1,-1,0,1,6,-1
KR_6737147376,420,1,-48,20,0,-3,4,1,0,1,1,-1,1,0,0,3,3,4,0,4,0,4,4,-3,-6,9,3,0,-1,-1,-1,-1,-1,3,-1
KR_6726975398,420,-1,5,18,-12,-1,2,1,1,8,9,-4,6,2,-8,9,1,0,1,1,-2,-21,-21,-2,-5,7,6,0,-2,-1,0,-1,-1,2,-1
KR_6774870377,420,-1,0,-19,-3,-1,2,1,0,3,3,-3,3,0,1,1,2,0,0,0,0,-2,10,2,-6,4,-3,0,0,-1,-1,0,-1,4,-1
KR_6758752016,420,-3,-10,3,-14,-1,2,1,-2,3,1,-5,5,0,-6,6,0,0,0,0,0,-19,-14,1,-5,4,1,0,-3,-1,-1,-1,-1,2,-1
KR_6762985407,420,0,15,-27,-5,3,0,3,-3,3,0,-1,1,0,-3,4,1,-1,1,0,0,-8,0,0,-6,6,-1,0,-1,-1,-1,-1,1,3,-1
KR_6745715202,420,-2,-12,-12,-10,-5,5,0,-7,8,1,-2,3,1,1,2,3,3,0,3,0,-15,-3,-2,-6,8,3,0,-1,-1,-1,-1,-1,5,-1
KR_6751359600,440,-3,-36,4,-3,-2,4,2,2,2,4,0,1,1,0,2,2,-3,3,0,-1,-1,65,-1,-4,5,6,0,0,-1,1,-1,-1,6,-1
KR_6756654087,420,-9,-75,-11,-17,-1,3,2,-7,7,0,-5,8,3,-3,3,0,-1,1,0,0,-14,3,5,-7,2,1,0,-2,-1,-1,-1,-1,3,-1
KR_6774696631,420,-2,-29,-20,-2,1,3,4,-3,5,2,8,0,8,-8,8,0,0,0,0,0,-8,-4,9,-10,1,-1,0,-2,1,1,-1,-1,5,-1
KR_6719400400,420,1,15,-12,6,2,2,4,-1,3,2,3,1,4,3,0,3,-1,3,2,0,9,-25,-1,-9,10,0,0,1,1,0,1,1,6,-1
KR_6754998422,420,-1,-52,-36,-11,4,0,4,-2,3,1,-3,4,1,-6,6,0,-4,5,1,-2,-20,-54,-6,-3,9,3,0,0,-1,-1,-1,-1,6,-1
KR_6768850162,440,-2,-15,-4,1,0,3,3,4,0,4,-1,1,0,1,1,2,-3,3,0,0,-1,-1,-2,-2,4,1,0,0,1,-1,1,-1,4,-1
KR_6776100439,420,-4,-46,-20,-8,-2,3,1,-1,3,2,-2,2,0,-1,5,4,-2,2,0,0,-10,-4,-4,-5,9,-3,0,-1,-1,-1,-1,-1,5,-1
KR_6704431586,420,-3,-26,-4,-4,1,1,2,-2,4,2,-1,3,2,-3,3,0,1,1,2,0,-18,2,2,-6,4,-6,0,-1,-1,1,-1,-1,6,-1
KR_6693871216,420,-3,-73,34,-6,3,0,3,-3,4,1,-2,2,0,-4,4,0,0,0,0,0,-16,11,1,-5,4,-4,0,0,1,1,0,-1,4,-1
KR_6760966556,420,0,11,27,-1,0,1,1,2,2,4,0,2,2,-2,4,2,-1,1,0,0,1,-9,-3,-5,8,-1,0,-1,1,1,-1,-1,5,-1
KR_6775832630,420,0,-1,-8,3,-1,2,1,1,2,3,-1,4,3,2,2,4,2,0,2,0,9,-9,0,-4,4,0,0,-1,1,-1,1,-1,2,-1
KR_6714322347,420,1,26,20,-2,1,1,2,-2,2,0,-1,3,2,-1,2,1,1,0,1,1,-1,3,-5,-6,11,5,0,0,-1,-1,0,1,3,-1
KR_6724906989,420,1,-10,6,-1,0,1,1,0,5,5,-2,4,2,3,4,7,-2,2,0,0,0,-94,-3,-4,7,-2,0,-1,-1,-1,-1,1,4,-1
KR_6763038150,440,-6,-61,-21,-15,-9,10,1,-4,5,1,1,5,6,-3,6,3,0,0,0,0,-16,-1,-2,-1,3,0,0,-2,0,0,-1,-1,0,-1
KR_6774765034,420,-2,-29,0,-10,-9,9,0,-1,2,1,2,1,3,-5,7,2,3,0,3,0,-3,18,-8,-3,11,1,0,0,1,-1,-1,-1,5,-1
KR_6763635644,440,5,53,8,7,2,3,5,4,0,4,6,0,6,-3,4,1,-2,2,0,0,-7,-17,-2,-6,8,0,0,1,-1,1,1,-1,6,-1
KR_6770951748,420,1,1,-5,6,0,1,1,-2,4,2,-3,5,2,6,1,7,5,0,5,-1,12,5,2,-7,5,-2,0,0,-1,-1,0,-1,3,-1
KR_6777246936,420,-3,-5,11,-9,0,0,0,-2,4,2,-4,5,1,-4,5,1,1,0,1,0,-9,2,-3,-6,9,-5,0,-1,1,-1,-1,-1,4,-1
KR_6602453346,420,1,-5,-17,8,5,0,5,2,4,6,0,1,1,0,1,1,1,0,1,1,8,1,7,-13,6,2,0,1,-1,1,1,1,5,-1
KR_6771449689,420,-5,-27,-39,-15,1,1,2,-8,9,1,-3,5,2,-4,4,0,-1,4,3,0,-14,-7,0,-6,6,-1,0,-1,1,-1,-1,-1,6,-1
KR_6753558379,420,-1,-17,12,-4,3,1,4,-3,6,3,-2,3,1,0,4,4,-2,3,1,0,-6,-2,1,-9,8,-2,0,0,-1,1,0,-1,1,-1
KR_6775953603,420,1,-34,-5,3,0,3,3,4,3,7,-1,3,2,-2,6,4,2,0,2,0,0,-10,-3,-5,8,4,0,0,-1,1,0,-1,5,-1
KR_6713584890,420,-5,-44,-11,-13,-1,4,3,-10,11,1,2,3,5,-1,4,3,-3,3,0,1,-20,-24,1,-6,5,-6,0,-2,-1,1,-1,1,6,-1
KR_6701069880,420,-5,-23,-33,-9,-4,4,0,-4,4,0,-3,4,1,4,2,6,-2,2,0,0,-13,3,4,-6,2,-2,0,-1,-1,-1,-1,-1,6,-1
KR_6759805292,420,-2,1,-15,-1,0,2,2,-1,1,0,-1,1,0,1,1,2,0,1,1,0,3,2,1,-6,5,0,0,1,1,1,1,1,1,-1
KR_6750934474,420,0,16,-20,-8,-1,2,1,0,4,4,-5,7,2,1,2,3,-3,3,0,-1,-22,34,1,-7,6,-6,0,1,-1,1,-1,-1,3,-1
KR_6758421851,440,1,51,-15,0,-2,4,2,2,4,6,1,2,3,0,2,2,-1,3,2,0,6,-13,-1,-2,3,4,0,0,-1,-1,1,-1,4,-1
KR_6629388156,420,-4,-106,13,-11,-1,3,2,-3,4,1,-4,4,0,-1,3,2,-2,2,0,-2,-7,2,0,-6,6,-5,0,-1,-1,-1,-1,-1,4,-1
KR_6753097324,420,4,6,15,11,4,0,4,3,2,5,3,1,4,-2,3,1,3,0,3,0,15,8,3,-6,3,-2,0,1,1,1,1,1,1,-1
KR_6770175049,440,0,-37,-12,-1,3,1,4,1,3,4,-2,4,2,-5,5,0,2,0,2,0,2,-8,-6,-2,8,3,0,0,-1,1,-1,-1,1,-1
KR_6737429856,420,1,-37,-20,8,0,3,3,5,3,8,-2,2,0,4,1,5,1,2,3,-1,8,-20,-2,-4,6,-5,0,0,0,1,0,-1,0,-1
KR_6771736958,420,-8,-28,-32,-14,-1,1,0,-1,3,2,-4,5,1,-2,4,2,-6,6,0,0,-12,8,3,-5,2,-4,0,-2,0,-1,-1,-1,0,-1
KR_6655643003,420,-3,2,-27,-8,3,1,4,-9,10,1,1,2,3,0,2,2,-3,5,2,-1,-21,-18,-5,-4,9,7,0,-3,1,-1,-1,-1,5,-1
KR_6775496272,420,-2,-10,5,-1,0,2,2,0,2,2,-2,3,1,-1,7,6,2,1,3,0,1,12,6,-8,2,-3,0,-1,1,1,-1,-1,5,-1
KR_6776061142,420,3,-9,4,4,2,0,2,-2,7,5,0,3,3,5,2,7,-1,1,0,0,12,46,-3,-4,7,6,0,-1,1,-1,-1,-1,2,-1
KR_6752116191,420,-2,7,7,-7,-4,4,0,-3,4,1,1,2,3,-1,1,0,0,1,1,0,-12,-67,-3,-5,8,1,0,1,-1,1,1,-1,1,-1
KR_6768890710,420,-2,-18,5,-9,-2,2,0,-5,7,2,-1,2,1,-1,2,1,0,2,2,0,-7,2,-1,-6,7,-3,0,0,-1,0,-1,-1,2,-1
KR_6768121516,420,-1,8,-3,-4,-4,5,1,-3,3,0,4,0,4,-2,7,5,1,1,2,2,-3,-13,0,-6,6,2,0,-1,-1,-1,-1,1,2,-1
KR_6762975596,420,0,-16,-45,2,-2,3,1,1,3,4,4,1,5,-1,2,1,0,1,1,0,3,-1,-3,-3,6,1,0,1,-1,1,1,1,5,-1
KR_6777445340,420,-1,-5,-20,-5,3,0,3,1,5,6,-3,3,0,-4,5,1,-2,2,0,-1,-13,15,3,-10,7,-2,0,-1,-1,-1,-1,-1,1,-1
KR_6715226421,420,-1,-50,-32,-1,-1,1,0,1,2,3,0,3,3,0,1,1,-1,1,0,0,2,-9,-7,-4,11,1,0,-2,1,-1,-1,1,3,-1
KR_6707213282,420,-1,13,-14,-7,1,1,2,-6,9,3,1,1,2,-2,4,2,-1,1,0,1,-5,1,3,-7,4,2,0,-1,-1,-1,-1,1,6,-1
KR_6777371903,420,-2,-2,-2,-10,2,1,3,-6,7,1,-1,6,5,-2,5,3,-3,3,0,0,-21,2,-4,-3,7,1,0,1,1,1,1,1,6,-1
KR_6767808187,420,-4,-53,-24,-3,-3,5,2,-2,4,2,2,0,2,0,1,1,0,3,3,0,-10,9,6,-11,5,-5,0,-1,-1,-1,-1,-1,2,-1
KR_6775299998,440,2,21,3,3,-4,5,1,2,0,2,0,3,3,3,3,6,2,5,7,-1,1,1,-4,-1,5,1,0,2,-1,0,1,-1,2,-1
KR_6763329971,420,-8,-117,-44,-25,-5,5,0,-5,5,0,-7,9,2,-7,7,0,-1,1,0,0,-40,3,-2,-3,5,-5,0,-4,-1,-1,-1,-1,2,-1
KR_6774394194,420,-3,-4,1,-11,-8,8,0,3,4,7,-2,2,0,-5,5,0,1,2,3,0,-11,-18,-1,-6,7,4,0,-1,1,-1,-1,-1,4,-1
KR_6704289929,420,-1,-17,-21,-1,0,4,4,5,1,6,0,0,0,-3,5,2,-3,3,0,0,7,-40,-2,-5,7,-2,0,-2,-1,-1,-1,-1,4,-1
KR_6697056699,420,-2,-61,-24,-2,-1,1,0,-5,6,1,0,3,3,4,2,6,0,2,2,-1,-4,5,3,-11,8,-7,0,0,1,-1,-1,-1,2,-1
KR_6770896041,420,-1,-9,12,2,0,2,2,1,2,3,3,2,5,-2,3,1,0,0,0,0,6,-4,2,-8,6,-4,0,0,-1,1,0,-1,6,-1
KR_6777149615,420,-2,-7,-5,-5,-1,2,1,-2,2,0,-1,1,0,-2,2,0,1,2,3,0,-11,-3,-2,-5,7,-3,0,-1,1,-1,-1,-1,1,-1
KR_6713299120,420,-6,-6,-27,-11,-5,6,1,-3,5,2,-2,3,1,0,3,3,-1,1,0,0,-3,0,2,-7,5,-4,0,-2,-1,-1,-1,-1,1,-1
KR_6737199631,440,-1,-23,-24,-2,2,1,3,2,0,2,-5,10,5,-4,4,0,3,0,3,-1,-6,-3,-1,-3,4,3,0,-2,-1,-1,-1,-1,1,-1
KR_6702308049,420,-6,-83,-44,-11,-1,1,0,-1,3,2,-5,5,0,-5,6,1,1,0,1,0,-13,-10,-4,-2,6,4,0,-1,1,-1,-1,-1,6,-1
KR_6690949949,420,0,54,2,-6,-7,7,0,-1,4,3,-6,10,4,5,1,6,3,2,5,0,8,20,-8,-3,11,6,0,-2,-1,-1,-1,-1,1,-1
KR_6774684096,420,1,-26,-7,4,0,0,0,-1,3,2,4,2,6,1,2,3,0,2,2,0,18,21,4,-8,4,-2,0,0,-1,-1,-1,-1,2,-1
KR_6747204356,420,-7,-99,-9,-15,-2,3,1,-5,6,1,-5,6,1,-1,3,2,-2,4,2,0,-15,-14,1,-7,6,2,0,-2,-1,-1,-1,1,5,-1
KR_6761647890,420,1,-24,-12,5,2,3,5,3,0,3,-1,1,0,0,2,2,1,0,1,-1,4,-49,-3,-4,7,15,0,1,-1,1,1,-1,4,-1
KR_6765235792,420,1,33,-16,-4,2,0,2,-3,4,1,-1,1,0,1,6,7,-3,3,0,1,-7,-134,3,-8,5,3,0,0,-1,1,-1,1,3,-1
KR_6760652173,420,-1,-19,-19,0,1,0,1,2,1,3,7,3,10,-7,7,0,-3,3,0,-1,-6,11,2,-6,4,-2,0,-1,-1,-1,-1,-1,4,-1
KR_6777857609,420,2,-27,18,-4,0,3,3,3,4,7,-7,8,1,-1,1,0,1,0,1,0,1,259,-1,-6,7,2,0,-1,-1,-1,-1,1,6,-1
KR_6758572512,420,1,-93,20,7,1,3,4,0,2,2,3,1,4,4,1,5,-1,3,2,0,12,57,2,-5,3,-1,0,-1,-1,1,-1,1,6,-1
KR_6721350771,420,-4,-48,-1,-7,0,2,2,-2,3,1,-5,7,2,2,0,2,-2,2,0,0,-2,-7,-1,-2,3,0,0,-1,1,-1,-1,-1,2,-1
KR_6767945699,420,-1,31,7,-9,-2,2,0,-2,3,1,0,3,3,-4,7,3,-1,1,0,0,-15,8,-3,-4,7,1,0,0,-1,1,0,-1,2,-1
KR_6775907576,420,1,-27,17,-2,5,0,5,3,0,3,-4,5,1,-4,7,3,-2,2,0,1,-3,-8,-1,-4,5,0,0,0,-1,1,1,-1,3,-1
KR_6771396900,420,0,-1,4,8,-2,2,0,1,2,3,6,1,7,-1,4,3,4,0,4,0,8,4,1,-5,4,3,0,1,1,0,1,-1,4,-1
KR_6724293937,420,0,69,25,-6,2,0,2,0,5,5,-8,8,0,2,2,4,-2,3,1,0,-13,-5,4,-10,6,1,0,-1,1,-1,-1,1,5,-1
KR_6777006303,440,0,-38,12,-10,4,0,4,-3,5,2,-2,3,1,-7,7,0,-2,2,0,0,-13,3,-9,-3,12,-1,0,0,1,-1,0,-1,6,-1
KR_6739550203,420,0,-61,11,8,-1,4,3,6,1,7,2,0,2,1,0,1,0,0,0,0,16,24,-1,-4,5,-3,0,0,1,-1,-1,-1,4,-1
KR_6713204833,420,-3,-2,-16,-4,-1,4,3,3,2,5,-2,4,2,-2,4,2,-2,3,1,0,-11,14,2,-10,8,-11,0,-1,-1,-1,-1,1,5,-1
KR_6758629511,420,0,78,-5,-5,0,1,1,0,2,2,-1,4,3,-2,3,1,-2,2,0,0,-5,-115,-4,-2,6,1,0,0,-1,1,0,1,6,-1
KR_6700960766,420,-1,-38,-16,4,-1,4,3,1,3,4,0,3,3,3,0,3,1,1,2,0,11,-2,3,-7,4,-2,0,-1,1,-1,-1,-1,2,-1
KR_6692226754,440,1,-50,-2,5,1,0,1,0,3,3,-1,1,0,2,3,5,3,0,3,0,6,4,-2,-1,3,1,0,0,1,1,0,-1,1,-1
KR_6721150671,420,-1,-61,45,-8,-4,4,0,-7,7,0,0,1,1,3,0,3,0,0,0,0,-4,1,-1,-4,5,3,0,0,1,-1,-1,-1,3,-1
KR_6775260760,420,-2,-5,-24,5,-4,5,1,-1,5,4,3,1,4,7,0,7,0,1,1,0,6,-9,-4,-4,8,1,0,0,1,-1,-1,-1,5,-1
KR_6719648136,420,-3,-47,-4,-7,-5,5,0,-5,6,1,-4,5,1,5,0,5,2,0,2,0,1,-1,6,-12,6,-2,0,1,-1,1,1,-1,1,-1
KR_6776499003,420,-3,-24,16,-5,-3,3,0,-4,7,3,1,2,3,0,3,3,1,0,1,0,1,-261,-2,-4,6,-1,0,-1,1,-1,-1,-1,2,-1
KR_6708895596,420,-3,-43,16,-2,-1,1,0,-6,8,2,-2,3,1,7,0,7,0,1,1,0,4,-2,3,-5,2,-2,0,-3,1,-1,-1,1,2,-1
KR_6750830142,440,-6,-65,-17,-18,-5,6,1,-1,1,0,-3,4,1,-6,9,3,-3,4,1,0,-15,-148,-6,-1,7,-2,0,-1,-1,-1,-1,-1,4,-1
KR_6732102789,420,-2,-22,-7,-3,0,2,2,-2,3,1,0,3,3,1,0,1,-2,3,1,0,-5,-10,-2,-8,10,-4,0,-1,-1,-1,-1,-1,1,-1
KR_6742156885,420,-2,-56,-7,1,0,0,0,2,2,4,3,0,3,-3,3,0,-1,1,0,0,-4,-1,-1,-5,6,-2,0,-1,-1,-1,-1,-1,3,-1
KR_6748648060,420,-2,-104,-19,-7,-1,1,0,-1,5,4,0,1,1,-4,6,2,-1,1,0,0,-8,-8,-1,-9,10,-4,0,-2,-1,1,-1,1,4,-1
KR_6769120866,420,-2,3,11,-4,1,2,3,-5,6,1,0,2,2,0,0,0,0,0,0,0,-9,26,-1,-8,9,0,0,0,-1,-1,-1,1,1,-1
KR_6775989919,420,1,-1,-11,0,0,1,1,0,4,4,-2,4,2,2,0,2,0,0,0,0,6,-8,0,-5,5,3,0,-1,0,1,-1,-1,0,-1
KR_6744695930,420,3,22,16,2,1,1,2,-3,4,1,2,1,3,3,3,6,-1,1,0,0,1,-59,-3,-5,8,1,0,2,-1,-1,1,1,5,-1
KR_6767322418,420,-1,-40,-7,2,-1,2,1,0,1,1,1,1,2,0,1,1,2,0,2,0,3,-9,-6,-2,8,2,0,1,-1,1,1,1,4,-1
KR_6715642339,420,-4,-17,-47,-9,4,1,5,-5,6,1,-4,6,2,-3,3,0,-1,3,2,0,-10,4,2,-6,4,-2,0,-1,-1,1,-1,-1,1,-1
KR_6772673773,420,-3,-16,-16,-11,-2,5,3,-6,8,2,1,1,2,-3,5,2,-1,1,0,0,-19,-9,-1,-6,7,5,0,1,-1,-1,1,1,2,-1
KR_6763184982,420,-3,-29,-25,-5,2,0,2,-2,4,2,2,1,3,-7,7,0,0,1,1,0,-8,-138,0,-7,7,-1,0,-1,-1,-1,-1,-1,1,-1
KR_6751280402,440,-3,-20,-3,-9,-4,4,0,-2,7,5,-1,2,1,-4,4,0,2,0,2,0,-3,7,-2,-4,6,-5,0,-1,0,1,-1,-1,0,-1
KR_6469573042,420,-5,-57,1,-3,-2,3,1,-1,1,0,1,4,5,0,3,3,-1,1,0,0,-1,-8,-3,-8,11,-5,0,-1,-1,1,1,-1,4,-1
KR_6774990302,420,-2,-2,-11,-7,-2,2,0,-2,3,1,-1,1,0,-3,4,1,1,1,2,0,-8,11,-1,-5,6,-3,0,-1,1,-1,-1,-1,6,-1
KR_6763311096,440,-3,-47,-10,-2,1,0,1,5,1,6,-12,12,0,3,4,7,1,0,1,0,0,42,-3,-2,5,-26,0,1,0,0,1,1,0,-1
KR_6775116903,420,0,-11,-3,1,-2,6,4,2,2,4,0,5,5,2,3,5,-1,3,2,-3,-14,59,-1,-6,7,-4,0,0,1,1,0,1,6,-1
KR_6775580078,420,-4,-96,9,-8,0,2,2,1,2,3,-1,2,1,-7,7,0,-1,1,0,0,-14,4,3,-10,7,-13,0,-2,-1,-1,-1,-1,3,-1
KR_6773215440,420,-2,-24,-25,-4,6,0,6,-4,6,2,-1,2,1,-5,6,1,0,0,0,0,-9,-4,-3,-3,6,-2,0,0,-1,1,-1,-1,3,-1
KR_6726809869,420,-3,-37,-52,-7,4,2,6,-5,5,0,-2,3,1,-2,3,1,-2,2,0,0,-11,80,1,-7,6,-2,0,-1,-1,-1,-1,-1,6,-1
KR_6777847329,420,-2,-2,-4,-8,3,4,7,-1,6,5,0,1,1,-9,9,0,-1,2,1,-1,-17,7,5,-7,2,-6,0,1,1,1,1,-1,1,-1
KR_6747088278,420,-5,-13,-16,-7,-3,3,0,-8,10,2,3,0,3,1,0,1,0,0,0,1,-9,2,1,-6,5,-1,0,-1,-1,1,-1,1,3,-1
KR_6755281140,420,-2,-9,4,-9,-2,2,0,-3,6,3,0,1,1,-3,3,0,-1,1,0,0,-11,-114,-1,-4,5,-6,0,-1,-1,1,-1,-1,3,-1
KR_6772522776,420,-2,-25,-39,5,2,0,2,5,0,5,-2,3,1,1,2,3,-1,1,0,0,7,65,2,-5,3,1,0,-1,-1,-1,-1,1,5,-1
KR_6746699658,420,-1,-22,-8,-2,1,0,1,6,0,6,1,0,1,-9,9,0,-1,1,0,0,1,4,2,-4,2,-1,0,-1,1,1,-1,1,2,-1
KR_6743935265,420,-1,-19,-24,4,-2,2,0,3,2,5,2,4,6,1,0,1,0,1,1,0,2,-8,0,-4,4,0,0,-1,-1,-1,-1,1,4,-1
KR_6773599778,420,-7,-79,-33,-19,-2,2,0,-6,7,1,-5,5,0,-9,10,1,3,0,3,0,-20,-11,-2,-2,4,-2,0,-2,1,-1,-1,-1,5,-1
KR_6764011920,420,1,40,36,-4,-1,2,1,-2,4,2,0,4,4,-2,3,1,1,1,2,0,-3,-3,-3,-4,7,0,0,0,-1,1,0,-1,3,-1
KR_6766974111,420,-2,-6,22,-13,-4,6,2,2,2,4,-3,6,3,-7,10,3,-1,1,0,-1,-9,108,1,-5,4,-5,0,-3,-1,-1,-1,-1,6,-1
KR_6765874742,420,-2,-28,-5,-7,-6,6,0,-1,5,4,-1,3,2,2,0,2,-1,1,0,2,-7,8,3,-8,5,-5,0,0,-1,-1,0,1,4,-1
KR_6750386144,420,-1,-18,-8,1,-1,2,1,-2,6,4,1,1,2,4,1,5,-1,2,1,0,5,9,6,-10,4,-9,0,1,1,-1,1,1,4,-1
KR_6730076867,420,-4,-89,-19,-4,-2,2,0,-2,4,2,0,4,4,1,1,2,-1,1,0,0,5,-1,3,-6,3,-2,0,-3,1,-1,-1,-1,4,-1
KR_6721326514,420,-3,-95,4,-3,4,1,5,0,2,2,-3,3,0,-5,10,5,1,0,1,0,-9,-4,-3,-5,8,-4,0,0,-1,1,1,-1,4,-1
KR_6774207283,420,3,7,1,5,1,0,1,-2,2,0,1,0,1,4,2,6,1,0,1,0,2,2,-1,-3,4,5,0,0,1,-1,1,1,6,-1
KR_6702160187,420,1,0,14,-11,-4,6,2,-2,4,2,-1,2,1,-3,4,1,-1,1,0,0,-17,10,0,-6,6,-8,0,-3,-1,-1,-1,-1,5,-1
KR_6776420986,440,-1,24,-2,3,-2,5,3,5,0,5,-1,4,3,1,1,2,0,0,0,0,6,-7,-5,-5,10,1,0,-1,-1,-1,-1,1,1,-1
KR_6773104748,420,-5,-84,-13,-10,-4,5,1,-3,3,0,-1,3,2,-1,2,1,-1,1,0,0,-12,2,3,-8,5,2,0,-2,-1,-1,-1,-1,5,-1
KR_6776178382,420,1,-7,-22,-1,2,0,2,-1,2,1,-3,5,2,1,0,1,0,1,1,0,-5,52,0,-4,4,5,0,0,-1,-1,-1,-1,1,-1
KR_6750819666,420,0,27,-9,4,1,0,1,4,4,8,-1,4,3,-1,5,4,1,0,1,0,4,8,1,-6,5,-8,0,1,1,-1,1,-1,6,-1
KR_6748587608,420,1,72,-11,-2,2,2,4,-1,4,3,-2,2,0,0,1,1,-1,1,0,0,-2,-11,-5,-4,9,9,0,0,1,-1,-1,1,1,-1
KR_6754020604,420,-3,-28,-14,-1,6,1,7,1,3,4,-5,6,1,-3,5,2,0,1,1,0,-2,-7,7,-9,2,-1,0,2,-1,-1,1,-1,4,-1
KR_6671147454,420,0,-29,19,-7,2,0,2,-3,6,3,-5,5,0,-1,2,1,0,2,2,0,-11,-8,4,-12,8,-1,0,0,-1,1,-1,1,6,-1
KR_6761597526,440,-1,-55,3,5,-2,2,0,6,2,8,2,0,2,-2,5,3,1,1,2,-1,5,-1,0,-6,6,1,0,0,-1,1,0,-1,5,-1
KR_6721604742,420,2,5,0,-4,-2,2,0,-2,3,1,-1,3,2,0,1,1,1,2,3,0,1,120,0,-5,5,-5,0,0,-1,-1,0,1,4,-1
KR_6773158278,420,-2,-41,-20,2,-2,2,0,4,1,5,2,1,3,-2,2,0,0,0,0,0,5,-41,0,-4,4,2,0,0,1,-1,0,1,5,-1
KR_6766540804,420,-2,-33,-6,0,-1,4,3,1,1,2,5,1,6,-2,5,3,-3,5,2,2,2,-6,3,-7,4,-2,0,-1,-1,-1,-1,1,2,-1
KR_6757673891,420,0,6,3,9,4,0,4,-1,4,3,1,2,3,6,2,8,-1,2,1,0,18,1,3,-8,5,-4,0,0,1,-1,0,1,1,-1
KR_6777714716,420,-1,-71,18,1,0,1,1,2,2,4,-1,2,1,0,3,3,0,1,1,1,0,-9,2,-6,4,-1,0,0,-1,1,-1,1,6,-1
KR_6770781344,420,-1,-62,-26,-8,0,3,3,-5,6,1,-1,3,2,-3,3,0,1,1,2,0,-3,-13,-2,-7,9,1,0,-1,-1,-1,-1,-1,1,-1
KR_6775573661,420,-3,-27,-30,-7,-1,4,3,-3,5,2,1,1,2,-3,5,2,-1,1,0,-1,-9,1,-2,-4,6,-2,0,-2,-1,-1,-1,-1,5,-1
KR_6742768342,420,0,-26,12,2,-2,3,1,2,1,3,-1,2,1,3,0,3,0,1,1,0,8,-1,2,-6,4,3,0,-1,1,1,-1,-1,2,-1
KR_6775205426,420,-1,6,7,-8,-1,4,3,2,0,2,-2,3,1,-1,2,1,-6,6,0,0,-17,-11,0,-6,6,2,0,-1,-1,1,-1,-1,1,-1
KR_6695416932,420,-4,-62,-12,-6,-2,2,0,-4,5,1,4,3,7,-4,6,2,0,1,1,1,-8,-55,5,-9,4,7,0,-2,1,-1,-1,1,2,-1
KR_6719983734,420,-4,-58,18,-14,-1,2,1,-1,5,4,1,4,5,-10,12,2,-3,3,0,0,-10,-2,1,-6,5,0,0,-1,-1,1,-1,-1,4,-1
KR_6761353285,420,1,12,36,6,1,1,2,1,1,2,3,2,5,0,6,6,1,1,2,0,8,7,2,-6,4,-1,0,0,1,1,0,-1,1,-1
KR_6754171604,420,0,61,-38,5,2,1,3,3,4,7,0,1,1,1,4,5,-1,3,2,-1,7,-4,3,-5,2,-3,0,-1,-1,-1,-1,1,4,-1
KR_6776654153,420,1,-41,-9,4,5,1,6,4,2,6,-1,1,0,-6,6,0,2,1,3,0,12,4,-2,-4,6,-2,0,-1,0,1,-1,-1,0,-1
KR_6771836422,420,-2,-3,12,-8,-1,1,0,-6,6,0,1,1,2,-2,3,1,0,1,1,0,-5,25,2,-6,4,-7,0,-1,0,1,-1,-1,0,-1
KR_6761824969,420,-1,-37,-28,-4,-3,4,1,1,7,8,2,2,4,-7,9,2,3,1,4,-2,-8,-8,-10,-6,16,10,0,-2,-1,-1,-1,-1,1,-1
KR_6729919925,420,-4,-16,-9,-5,-2,4,2,-1,7,6,0,1,1,-2,3,1,0,1,1,0,-4,-25,-1,-4,5,-2,0,-2,1,-1,-1,1,4,-1
KR_6706615371,420,-2,-37,-16,2,-2,4,2,4,3,7,3,1,4,-3,3,0,0,1,1,0,2,3,1,-6,5,-1,0,1,-1,1,1,1,3,-1
KR_6764390524,420,3,10,-15,5,1,2,3,0,3,3,3,2,5,0,3,3,1,2,3,0,2,0,3,-9,6,-1,0,1,0,-1,1,1,0,-1
KR_6661254832,420,-7,-41,-55,-14,1,0,1,-5,6,1,-3,6,3,-3,4,1,-4,5,1,0,-18,2,1,-10,9,-5,0,-4,-1,-1,-1,-1,2,-1
KR_6776070663,420,0,-5,20,3,-2,3,1,2,3,5,5,0,5,-2,4,2,0,1,1,0,4,8,1,-7,6,-6,0,0,-1,-1,1,-1,1,-1
KR_6601350188,420,0,-13,0,-6,3,2,5,-5,6,1,-1,1,0,-4,5,1,1,1,2,0,-14,-9,5,-9,4,1,0,2,1,1,1,1,6,-1
KR_6772495365,420,-2,-29,0,-1,-1,1,0,-1,1,0,-1,2,1,2,1,3,0,1,1,0,0,-1,-4,-6,10,-5,0,0,-1,1,1,1,1,-1
KR_6766715768,420,0,-4,10,-4,0,2,2,-1,5,4,2,3,5,-4,4,0,-1,1,0,-1,-8,-40,-5,-1,6,-1,0,0,1,-1,-1,-1,4,-1
KR_6739640627,420,-7,-88,18,-17,-1,2,1,-6,7,1,-4,4,0,-4,7,3,-2,2,0,-1,-20,-16,-5,-2,7,2,0,-2,-1,1,-1,-1,1,-1
KR_6775694854,420,1,59,-13,-1,1,2,3,-3,4,1,3,0,3,-2,3,1,0,0,0,0,-1,-56,0,-4,4,2,0,0,1,-1,0,1,2,-1
KR_6775805050,420,-1,-15,-4,-1,-2,2,0,2,1,3,-2,3,1,-1,2,1,2,0,2,0,2,-28,-8,-1,9,4,0,0,-1,-1,0,-1,2,-1
KR_6774095850,420,-6,-71,-8,-17,-1,1,0,-6,6,0,-2,2,0,-7,8,1,-1,2,1,0,-25,101,-1,-5,6,-3,0,-2,-1,-1,-1,-1,2,-1
KR_6776044018,420,0,-27,12,1,5,1,6,1,5,6,0,3,3,-2,5,3,-3,7,4,0,-2,26,0,-5,5,-7,0,1,1,1,1,-1,4,-1
KR_6777078814,440,1,-20,-18,2,4,1,5,0,2,2,-3,4,1,1,0,1,0,1,1,0,2,5,0,-6,6,0,0,0,-1,1,-1,-1,1,-1
KR_6708974102,420,-4,-26,0,-7,-7,8,1,1,3,4,2,1,3,-3,5,2,0,2,2,0,-4,-226,0,-7,7,2,0,-1,1,-1,-1,1,1,-1
KR_6765648061,420,0,32,1,-2,-4,5,1,1,1,2,0,3,3,1,2,3,0,2,2,1,-3,-12,-8,-6,14,1,0,0,1,-1,0,1,6,-1
KR_6774890604,440,1,-76,15,2,-4,4,0,11,0,11,-1,2,1,-6,8,2,2,2,4,0,10,10,-4,-5,9,-3,0,-2,-1,-1,-1,1,1,-1
KR_6650347225,420,-4,-92,17,-9,-3,4,1,3,2,5,-6,6,0,-2,6,4,-1,1,0,0,-9,-1,-4,-4,8,-7,0,-3,-1,1,-1,-1,2,-1
KR_6729202763,420,1,-20,-15,4,-2,2,0,4,1,5,4,1,5,-3,5,2,1,2,3,-1,6,-7,-5,-2,7,1,0,0,1,1,1,-1,1,-1
KR_6774919288,420,1,22,2,1,-5,5,0,4,1,5,0,1,1,2,0,2,0,1,1,0,6,-13,-2,-5,7,2,0,0,1,1,1,1,5,-1
KR_6743056077,420,2,-22,26,-2,-3,3,0,4,3,7,-1,4,3,-2,3,1,0,0,0,0,-9,21,-7,-3,10,6,0,-1,-1,-1,-1,-1,1,-1
KR_6623514511,420,0,-23,0,-1,-2,3,1,1,2,3,-4,5,1,4,0,4,0,0,0,0,5,-2,0,-7,7,-3,0,-1,-1,-1,-1,-1,2,-1
KR_6707559337,440,2,66,8,2,-1,2,1,-3,5,2,-1,2,1,9,0,9,-2,3,1,0,7,6,3,-5,2,1,0,1,1,-1,1,-1,5,-1
KR_6773294028,440,-3,34,-1,-7,-3,3,0,-2,6,4,2,0,2,1,3,4,-5,5,0,0,-2,-2,-3,-9,12,0,0,0,-1,1,0,1,2,-1
KR_6742308056,420,-1,-47,-27,2,-1,2,1,-1,3,2,-1,2,1,3,1,4,2,2,4,0,0,-2,-1,-3,4,0,0,-1,1,-1,-1,-1,2,-1
KR_6678084167,420,-3,20,-35,-7,1,1,2,-6,7,1,0,4,4,-2,5,3,0,2,2,0,-8,0,-4,-3,7,-2,0,0,-1,1,0,-1,4,-1
KR_6724946674,440,1,-7,-20,6,-2,4,2,6,4,10,2,2,4,0,2,2,0,1,1,0,11,19,2,-3,1,3,0,0,1,-1,-1,1,1,-1
KR_6758453453,440,-4,-51,-11,-10,1,1,2,-4,5,1,-3,8,5,-6,6,0,2,0,2,0,-15,21,-6,-2,8,0,0,-2,-1,1,-1,-1,3,-1
KR_6723245315,420,-1,10,-5,-1,1,0,1,-6,6,0,0,3,3,0,1,1,4,0,4,0,-3,-20,0,-10,10,3,0,0,-1,1,0,1,3,-1
KR_6771525141,420,0,-44,12,5,3,0,3,5,3,8,-1,2,1,-2,4,2,0,2,2,-1,0,6,4,-8,4,6,0,0,1,-1,-1,-1,1,-1
KR_6705152328,420,-5,-36,-10,-11,-4,5,1,-4,5,1,4,3,7,-7,9,2,0,0,0,-4,-23,13,-2,-4,6,1,0,-1,-1,-1,-1,-1,1,-1
KR_6776216720,420,-3,-5,-18,-5,-3,5,2,-1,3,2,-8,9,1,6,0,6,1,0,1,-1,-2,5,-1,-6,7,-3,0,-1,-1,-1,-1,-1,2,-1
KR_6771466074,420,-3,-94,21,-5,1,1,2,3,1,4,-3,4,1,-5,7,2,-1,1,0,-1,-1,22,4,-9,5,0,0,-2,-1,-1,-1,-1,2,-1
KR_6770343978,420,-5,6,0,-15,-3,3,0,-2,2,0,-5,6,1,-4,6,2,-1,1,0,0,-18,1,1,-5,4,-6,0,0,-1,1,0,1,2,-1
KR_6758702202,420,-3,-40,-4,-14,-3,5,2,2,0,2,-4,5,1,-4,4,0,-5,5,0,-1,-12,-10,-4,-6,10,0,0,-2,-1,-1,-1,-1,6,-1
KR_6769871502,420,0,13,17,-10,-1,1,0,-7,10,3,0,1,1,-4,5,1,2,2,4,0,-7,3,2,-6,4,-2,0,-1,-1,-1,-1,-1,2,-1
KR_6777771724,440,0,16,-2,3,0,2,2,1,0,1,3,1,4,0,5,5,-1,1,0,0,9,9,3,-5,2,-2,0,0,1,-1,0,1,3,-1
KR_6740899273,420,-7,-75,-48,-11,-4,4,0,0,5,5,-4,4,0,-2,5,3,-1,2,1,0,-6,346,-1,-5,6,-1,0,-1,1,1,-1,-1,4,-1
KR_6772336700,420,2,68,39,0,-1,4,3,3,2,5,3,3,6,-4,5,1,-1,2,1,0,-5,0,-5,-1,6,2,0,0,1,-1,0,-1,1,-1
KR_6777273588,420,-7,-73,-27,-21,-3,4,1,-3,6,3,-10,11,1,-5,8,3,0,0,0,0,-16,-16,-3,-4,7,3,0,-3,-1,-1,-1,1,1,-1
KR_6775852577,420,-1,-34,-22,-3,-2,3,1,-2,4,2,0,2,2,1,3,4,0,1,1,0,5,15,2,-4,2,-1,0,-2,1,-1,-1,1,2,-1
KR_6717158230,420,2,-35,3,7,-1,3,2,1,2,3,2,1,3,1,4,5,4,0,4,-1,14,2,2,-6,4,3,0,-1,1,-1,-1,-1,3,-1
KR_6710745827,420,0,-7,-39,0,0,0,0,1,3,4,1,3,4,-1,2,1,-1,1,0,0,-3,89,-2,-4,6,1,0,0,1,1,0,1,5,-1
KR_6744656930,420,-7,-48,-20,-13,-5,5,0,-3,3,0,-3,6,3,-2,5,3,0,0,0,-2,-20,32,-2,-5,7,-20,0,-1,1,-1,-1,-1,2,-1
KR_6775919603,420,-1,-20,-1,-6,-1,4,3,-1,3,2,-1,2,1,0,1,1,-3,4,1,1,-2,-1,0,-5,5,-3,0,-1,-1,1,-1,1,1,-1
KR_6769127173,440,-7,-41,-18,-21,-6,6,0,-4,6,2,-8,10,2,0,7,7,-3,5,2,1,-12,-39,-1,-5,6,22,0,-2,-1,0,-1,1,5,-1
KR_6765266605,420,0,27,2,-3,-2,4,2,0,1,1,0,2,2,-2,4,2,1,0,1,-1,3,15,2,-10,8,-4,0,-1,1,-1,-1,-1,1,-1
KR_6620389657,420,-2,-12,-13,7,1,3,4,3,1,4,-1,2,1,3,1,4,1,0,1,1,8,-96,5,-10,5,5,0,-1,1,-1,-1,1,1,-1
KR_6770156193,420,-1,-42,-9,-2,1,1,2,-2,4,2,-2,3,1,2,3,5,-1,2,1,1,1,-24,-1,-4,5,-2,0,-1,-1,-1,-1,1,5,-1
KR_6769830380,440,-3,20,-24,-10,-3,3,0,-2,4,2,-4,5,1,-1,2,1,0,2,2,-3,-27,-3,2,-8,6,1,0,0,1,0,0,-1,3,-1
KR_6742053362,420,-2,-13,-42,0,4,1,5,-5,6,1,-3,4,1,2,6,8,2,1,3,-3,2,-13,0,-8,8,1,0,-1,-1,-1,-1,-1,5,-1
KR_6766939100,420,0,-30,8,-4,1,2,3,-5,7,2,-1,2,1,2,0,2,-1,2,1,1,-3,3,-1,-6,7,1,0,-1,-1,-1,1,1,4,-1
KR_6620476681,420,-3,-41,17,-11,-2,3,1,-4,5,1,-2,4,2,-2,3,1,-1,1,0,0,-18,-7,-3,-3,6,-2,0,-1,1,-1,-1,-1,2,-1
KR_6711931551,420,-2,-36,-15,3,-8,8,0,5,1,6,2,1,3,5,1,6,-1,2,1,0,14,-21,-2,-5,7,-2,0,0,-1,-1,0,-1,1,-1
KR_6726799320,420,2,45,-7,0,-3,5,2,1,0,1,-2,2,0,4,0,4,0,1,1,0,1,-2,2,-6,4,0,0,0,1,-1,-1,1,6,-1
KR_6756627847,420,-3,14,-1,-16,-1,3,2,-5,8,3,-8,9,1,0,2,2,-2,2,0,0,-26,-3,1,-7,6,-5,0,0,1,1,-1,-1,5,-1
KR_6719667553,420,3,-22,25,3,0,0,0,1,1,2,-1,4,3,3,1,4,0,0,0,0,7,2,1,-7,6,-2,0,-1,1,-1,-1,-1,6,-1
KR_6693792013,420,-1,8,4,-3,-2,3,1,1,2,3,-3,4,1,0,1,1,1,1,2,0,2,2,4,-7,3,0,0,-1,1,-1,-1,1,4,-1
KR_6769187231,420,-1,-40,0,-1,2,0,2,0,3,3,-1,4,3,-1,1,0,-1,1,0,0,4,14,-1,-4,5,2,0,-1,-1,-1,-1,1,3,-1
KR_6727710323,420,0,-64,-18,-4,6,0,6,-3,6,3,-4,6,2,-2,3,1,-1,3,2,-1,-13,-25,-4,-5,9,1,0,-2,-1,-1,-1,-1,4,-1
KR_6728865105,420,-1,-27,30,-6,1,0,1,-2,2,0,-6,7,1,2,2,4,-1,1,0,-1,-18,-6,1,-8,7,-4,0,-2,-1,-1,-1,-1,2,-1
KR_6774815980,420,3,44,-22,4,3,0,3,2,2,4,-3,3,0,5,4,9,-3,3,0,1,10,9,1,-7,6,-4,0,0,1,0,0,1,6,-1
KR_6739545286,440,-5,-38,12,-18,2,2,4,-3,3,0,-7,8,1,-11,12,1,1,0,1,0,-25,-8,1,-5,4,1,0,-1,1,-1,-1,-1,3,-1
KR_6741551033,440,4,33,-9,4,1,3,4,-1,3,2,1,2,3,3,1,4,0,1,1,0,2,-25,0,-6,6,2,0,1,-1,1,1,1,3,-1
KR_6775930783,420,1,-4,-7,1,1,1,2,-2,5,3,1,2,3,2,1,3,-1,2,1,0,-2,-24,-3,-1,4,-1,0,0,-1,-1,0,-1,1,-1
KR_6704630733,420,-1,-8,-6,-5,-1,3,2,-1,4,3,-1,4,3,-1,4,3,-1,1,0,0,-1,14,-1,-6,7,-17,0,-1,-1,1,-1,-1,1,-1
KR_6729094146,420,-9,-29,-96,-22,-1,2,1,-11,13,2,-9,10,1,0,3,3,-1,2,1,-1,-25,7,1,-6,5,0,0,-1,-1,-1,-1,-1,2,-1
KR_6735951424,420,0,14,-13,-5,4,1,5,-7,10,3,-1,2,1,-1,1,0,0,1,1,0,-1,-60,4,-9,5,-1,0,1,-1,1,1,1,1,-1
KR_6761053608,420,0,-76,-8,-1,-2,2,0,1,2,3,0,1,1,-1,1,0,1,1,2,1,-2,21,4,-6,2,-2,0,-1,-1,1,-1,1,5,-1
KR_6728255616,420,0,-45,41,-2,-3,5,2,0,4,4,2,1,3,-2,2,0,1,1,2,0,2,-12,0,-6,6,-1,0,0,-1,1,-1,1,2,-1
KR_6762416954,420,0,-53,8,6,0,2,2,-5,6,1,8,1,9,3,0,3,0,1,1,0,-1,8,-1,-5,6,3,0,0,1,1,1,1,4,-1
KR_6777105137,420,0,24,28,-8,-1,2,1,0,5,5,-4,6,2,-5,6,1,2,0,2,0,-18,-14,0,-7,7,-7,0,0,1,-1,0,-1,6,-1
KR_6715236514,420,-2,17,-11,-7,-3,3,0,0,6,6,-2,5,3,-2,5,3,0,1,1,0,-14,-19,-4,-2,6,2,0,-2,-1,1,-1,1,3,-1
KR_6715620384,420,5,35,21,12,2,0,2,1,1,2,2,2,4,3,2,5,4,2,6,0,8,8,1,-7,6,5,0,1,-1,1,1,1,3,-1
KR_6730648045,420,1,2,-3,4,0,2,2,2,2,4,0,3,3,1,1,2,1,1,2,0,8,-7,-3,-3,6,1,0,0,0,-1,0,1,0,-1
KR_6764806884,440,-2,-91,-18,-5,-3,3,0,-2,3,1,-2,4,2,2,1,3,0,3,3,0,0,-9,4,-7,3,-4,0,0,1,1,0,1,3,-1
KR_6765409965,420,1,15,11,1,-1,2,1,2,1,3,1,1,2,1,5,6,-2,2,0,0,3,-80,3,-7,4,1,0,0,1,-1,-1,1,6,-1
KR_6725423114,420,-8,-82,5,-17,-7,8,1,-7,7,0,-2,3,1,2,1,3,-3,3,0,0,-8,2,-1,-4,5,-2,0,-2,-1,-1,-1,-1,1,-1
KR_6777122481,420,-2,-32,16,-8,0,1,1,-3,4,1,-5,5,0,-1,1,0,1,2,3,0,-7,88,-3,-3,6,0,0,-2,1,-1,-1,1,6,-1
KR_6773456220,420,1,24,-8,3,3,1,4,-2,2,0,5,0,5,-1,2,1,-2,2,0,0,0,-18,-4,-5,9,6,0,1,1,1,1,-1,3,-1
KR_6754013908,420,-3,30,-6,-6,-2,3,1,0,5,5,-4,5,1,2,0,2,-2,2,0,0,-10,-21,0,-5,5,-3,0,0,1,1,0,-1,5,-1
KR_6766038760,420,-1,7,-16,-6,-2,4,2,-3,4,1,1,1,2,-2,4,2,0,1,1,0,-2,25,-5,-6,11,-2,0,0,1,-1,0,-1,4,-1
KR_6745757755,420,-3,-56,0,-1,4,2,6,-1,3,2,-3,3,0,0,5,5,-1,2,1,0,-2,-4,-4,-4,8,2,0,0,1,1,-1,1,3,-1
KR_6770602087,420,-3,25,-4,0,1,1,2,1,2,3,-1,2,1,-2,4,2,1,1,2,0,4,-106,-2,-4,6,-2,0,0,-1,-1,0,1,6,-1
KR_6774117421,420,-3,20,5,-4,-3,4,1,-2,7,5,-3,5,2,0,1,1,4,0,4,0,5,2,-3,-3,6,1,0,-1,1,-1,-1,-1,4,-1
KR_6775529400,420,-1,0,18,-4,-4,5,1,-2,2,0,-2,3,1,2,2,4,2,0,2,0,-2,0,0,-5,5,3,0,0,1,1,0,1,3,-1
KR_6768650725,420,-1,-35,-42,-1,3,0,3,1,3,4,0,2,2,-3,3,0,-2,2,0,0,-2,-35,2,-7,5,-6,0,1,-1,-1,1,1,1,-1
KR_6774416757,420,-2,-25,-8,-4,-3,3,0,0,3,3,0,2,2,-1,2,1,0,1,1,0,-1,-32,-4,-2,6,3,0,-1,0,-1,-1,-1,0,-1
KR_6669699129,420,-6,-115,-10,-13,-6,6,0,-3,8,5,-4,7,3,0,3,3,0,1,1,1,-5,22,-1,-6,7,-2,0,-2,-1,1,-1,1,6,-1
KR_6775955193,420,-1,8,-4,-3,-2,2,0,0,2,2,-5,6,1,2,2,4,2,1,3,0,-2,9,2,-9,7,-4,0,1,1,-1,-1,1,2,-1
KR_6767907636,420,-3,0,-1,-8,4,0,4,-6,8,2,0,2,2,-7,9,2,1,2,3,-1,-14,10,-1,-7,8,-1,0,0,1,0,1,1,4,-1
KR_6763638618,440,-5,-115,-24,-12,-5,6,1,-5,6,1,-2,4,2,1,3,4,-1,1,0,-1,-9,214,-5,-2,7,2,0,-1,0,-1,-1,-1,0,-1
KR_6723858924,420,2,-9,-8,1,2,1,3,-1,7,6,2,0,2,-2,2,0,0,0,0,0,-6,-96,2,-6,4,0,0,0,-1,1,1,-1,4,-1
KR_6760858908,420,-1,6,-4,-3,-4,4,0,2,2,4,-4,5,1,6,1,7,-3,3,0,-1,6,-19,0,-8,8,1,0,-1,1,-1,-1,-1,4,-1
KR_6724855506,420,-1,0,-24,1,-4,5,1,1,3,4,0,4,4,4,0,4,0,1,1,0,14,-6,-2,-3,5,0,0,2,-1,-1,1,1,2,-1
KR_6759740609,420,-5,-23,14,-10,-6,7,1,-1,3,2,-4,7,3,0,2,2,1,1,2,0,-3,6,6,-11,5,-2,0,-1,1,-1,-1,1,5,-1
KR_6770750451,420,-5,-53,-7,-12,-2,3,1,-5,9,4,-3,3,0,-3,3,0,1,1,2,0,-18,-16,-1,-5,6,-3,0,-3,-1,-1,-1,-1,1,-1
KR_6740839944,420,-8,-48,-32,-19,-2,6,4,-8,8,0,-1,2,1,-7,7,0,-1,1,0,0,-34,-34,1,-6,5,-4,0,0,-1,-1,-1,-1,1,-1
KR_6777047975,420,4,54,-12,13,-1,3,2,3,2,5,5,1,6,3,1,4,3,1,4,1,20,-4,3,-10,7,4,0,0,-1,-1,-1,1,1,-1
KR_6770830245,420,-2,3,-35,-4,-4,4,0,-3,3,0,3,2,5,0,4,4,0,4,4,0,-2,-16,3,-9,6,1,0,-1,-1,-1,-1,1,1,-1
KR_6772748820,420,-3,-100,-3,-3,-1,1,0,-1,4,3,1,2,3,-2,4,2,0,1,1,0,-4,-1,-4,-2,6,2,0,-1,1,-1,-1,-1,1,-1
KR_6767546859,420,1,33,-5,-1,2,0,2,-1,5,4,4,2,6,-6,6,0,0,0,0,0,-19,-2,-3,-3,6,1,0,0,-1,1,0,1,6,-1
KR_6769080821,420,-3,-56,4,0,-1,5,4,1,0,1,0,2,2,0,3,3,0,1,1,0,4,0,-1,-4,5,0,0,-1,1,-1,-1,1,4,-1
KR_6743566579,420,-6,-21,-28,-13,-4,5,1,-1,2,1,-2,3,1,-6,6,0,0,1,1,-1,-11,-1,-2,-3,5,-2,0,-2,1,0,-1,-1,6,-1
KR_6767243852,420,-1,-21,-14,-3,-1,2,1,-2,3,1,-2,4,2,0,2,2,2,0,2,0,-2,-36,-6,-5,11,1,0,0,1,1,-1,1,3,-1
KR_6767082829,420,-1,15,-9,0,-1,2,1,1,3,4,1,2,3,-2,3,1,1,0,1,0,0,-5,0,-7,7,-1,0,0,1,-1,0,-1,6,-1
KR_6769215784,420,1,-48,-8,4,2,0,2,3,1,4,1,0,1,-1,2,1,-1,2,1,0,7,6,2,-7,5,-1,0,0,-1,1,0,-1,6,-1
KR_6772565138,420,0,-21,3,2,0,3,3,-1,2,1,1,1,2,2,2,4,0,1,1,0,8,123,1,-5,4,-3,0,-1,1,-1,-1,1,2,-1
KR_6768851008,420,-3,-83,1,-11,0,1,1,0,3,3,-2,3,1,-4,4,0,-5,6,1,0,-14,-4,1,-3,2,-3,0,-2,-1,-1,-1,-1,6,-1
KR_6776224024,420,-2,4,7,0,-5,5,0,1,3,4,4,2,6,-1,1,0,1,0,1,0,4,-18,-8,-4,12,3,0,-1,1,-1,-1,-1,4,-1
KR_6766229495,420,0,3,21,-4,-4,4,0,3,1,4,3,0,3,-7,8,1,1,0,1,0,-8,8,2,-8,6,-27,0,-1,-1,1,-1,-1,3,-1
KR_6682707891,420,1,-35,-20,3,4,0,4,-2,4,2,1,5,6,3,0,3,-3,5,2,0,4,-1,1,-5,4,-1,0,0,-1,1,1,-1,3,-1
KR_6724916843,420,-4,-112,-12,-10,-1,2,1,-5,6,1,2,0,2,-4,4,0,-2,2,0,0,-10,-263,0,-1,1,-3,0,-2,-1,1,-1,-1,1,-1
KR_6774993154,440,2,24,-13,6,1,2,3,6,3,9,-1,2,1,0,1,1,0,1,1,-1,10,3,0,-8,8,1,0,-1,-1,-1,-1,-1,2,-1
KR_6763919501,420,1,39,-28,-8,-1,1,0,-6,8,2,-5,6,1,8,0,8,-4,4,0,0,-1,-38,-2,-3,5,1,0,-2,-1,-1,-1,-1,5,-1
KR_6742293921,420,-1,1,-2,2,-6,7,1,2,1,3,0,5,5,5,2,7,1,1,2,0,0,-6,0,-6,6,-10,0,0,-1,-1,-1,-1,2,-1
KR_6774015145,420,-1,28,-20,-1,-1,1,0,-2,3,1,-3,5,2,2,0,2,3,0,3,0,3,43,-3,-5,8,-26,0,0,-1,-1,1,1,5,-1
KR_6738066297,420,-2,-23,4,-5,0,2,2,-1,4,3,0,0,0,-3,7,4,-1,2,1,-1,-4,17,3,-8,5,6,0,0,-1,1,0,-1,1,-1
KR_6767805618,420,0,-13,45,1,-2,3,1,5,1,6,0,1,1,-4,6,2,2,0,2,0,3,1,1,-10,9,0,0,0,-1,-1,-1,-1,4,-1
KR_6754307879,420,0,-5,-15,1,-1,2,1,0,2,2,2,4,6,0,3,3,0,1,1,0,-2,-2,-2,-5,7,-4,0,0,-1,1,0,1,6,-1
KR_6743982631,420,-5,-61,-16,-9,-4,4,0,1,3,4,-3,5,2,-2,2,0,-1,2,1,-1,-5,-13,-1,-5,6,-7,0,-1,0,-1,-1,-1,0,-1
KR_6769760052,420,-2,-10,2,-5,0,0,0,1,2,3,-2,2,0,-4,4,0,0,3,3,0,-11,-1,0,-6,6,-4,0,-1,-1,-1,-1,-1,2,-1
KR_6759683488,420,-1,3,20,0,-1,3,2,1,1,2,2,2,4,-1,4,3,-1,2,1,0,-6,-1,-1,-6,7,-3,0,-1,-1,1,-1,-1,1,-1
KR_6736525421,420,-2,-37,-39,-7,-4,4,0,2,4,6,1,1,2,-6,8,2,0,0,0,0,-1,-40,-7,-4,11,3,0,-1,-1,-1,-1,-1,6,-1
KR_6761502271,440,4,76,17,9,4,0,4,-1,4,3,-1,3,2,6,2,8,1,2,3,2,13,-43,-2,-6,8,-3,0,1,1,-1,1,1,3,-1
KR_6775726762,420,-3,-77,-12,-3,0,0,0,-1,3,2,0,2,2,-1,3,2,-1,2,1,0,-7,-31,-6,-4,10,24,0,0,-1,1,0,-1,1,-1
KR_6776105665,420,-1,-66,-16,-3,1,0,1,-2,6,4,-2,3,1,-1,4,3,1,2,3,-1,0,-10,3,-7,4,1,0,0,-1,1,-1,1,3,-1
KR_6734720098,420,-1,-56,28,-8,-1,1,0,3,1,4,-5,13,8,-3,4,1,-2,2,0,0,-12,66,0,-6,6,4,0,0,-1,1,0,-1,1,-1
KR_6755231632,420,-4,-26,-17,-18,-6,7,1,-5,6,1,-3,5,2,-3,4,1,-1,1,0,-1,-17,21,-5,-4,9,2,0,-1,-1,-1,-1,-1,6,-1
KR_6773636479,420,0,11,-3,3,-1,2,1,2,1,3,-1,2,1,3,2,5,0,1,1,0,7,7,-1,-9,10,3,0,-1,1,-1,-1,1,5,-1
KR_6762862301,420,2,-31,-1,3,5,0,5,2,2,4,-1,6,5,-1,3,2,-2,2,0,0,-5,-31,-8,-2,10,-3,0,0,-1,-1,0,1,5,-1
KR_6774042110,440,-1,-20,-12,-5,2,2,4,-2,3,1,-2,6,4,0,1,1,-3,3,0,0,-3,8,-1,-3,4,1,0,2,0,-1,1,-1,0,-1
KR_6772311459,420,0,-1,9,6,-1,2,1,-5,6,1,4,2,6,5,0,5,3,0,3,0,3,12,0,-6,6,-2,0,-1,1,-1,-1,1,6,-1
KR_6734470349,420,0,-29,23,-4,-1,4,3,2,3,5,-3,4,1,-4,4,0,2,1,3,0,1,38,-1,-6,7,-10,0,-1,-1,1,-1,-1,3,-1
KR_6770986417,420,0,-12,-7,-2,-1,1,0,0,3,3,0,2,2,-2,5,3,1,1,2,0,-2,0,-5,-7,12,5,0,-1,-1,-1,-1,1,2,-1
KR_6775888257,440,2,-13,-5,-1,1,0,1,-2,3,1,0,3,3,-1,1,0,1,1,2,0,-2,-18,-1,-5,6,2,0,-1,1,-1,-1,-1,4,-1
KR_6775261429,420,-2,-54,-26,-4,-1,3,2,-2,3,1,2,1,3,-2,2,0,-1,2,1,-1,-4,-47,-1,-9,10,2,0,0,1,-1,-1,-1,4,-1
KR_6732345965,420,0,32,-26,-3,2,0,2,2,4,6,-8,8,0,0,4,4,1,1,2,1,-1,-11,1,-7,6,-2,0,1,1,1,1,1,3,-1
KR_6771915008,420,-3,16,-4,-9,1,1,2,-1,1,0,2,0,2,-6,6,0,-5,5,0,0,-6,-4,-3,-3,6,2,0,-2,-1,-1,-1,-1,6,-1
KR_6748695514,420,3,80,16,12,3,1,4,-2,5,3,-1,1,0,6,0,6,6,0,6,-1,7,-7,-5,-5,10,9,0,1,1,-1,1,-1,2,-1
KR_6753008351,420,-1,-36,0,4,-2,2,0,5,3,8,0,2,2,2,0,2,-1,1,0,0,9,-3,0,-5,5,3,0,0,-1,1,1,1,5,-1
KR_6774078225,420,-5,-91,-2,-9,-1,4,3,-4,4,0,-3,4,1,0,1,1,-1,1,0,0,-11,18,1,-5,4,-8,0,-1,1,0,-1,-1,5,-1
KR_6735044237,420,-2,6,-16,-1,2,2,4,-1,7,6,1,1,2,-5,6,1,2,0,2,-1,-3,-6,-8,-6,14,1,0,-2,-1,1,-1,-1,2,-1
KR_6739586439,440,1,-55,16,5,3,0,3,0,5,5,-1,3,2,-1,2,1,4,1,5,0,11,85,-1,-3,4,-1,0,0,1,0,0,1,6,-1
KR_6764350017,420,-2,36,0,-7,-6,6,0,-2,3,1,-1,3,2,1,1,2,1,0,1,0,-5,-15,-1,-6,7,1,0,-1,1,-1,-1,-1,6,-1
KR_6775279796,420,-2,-44,-20,4,2,1,3,4,2,6,0,1,1,-3,6,3,1,0,1,0,15,-13,-4,-6,10,3,0,1,-1,-1,-1,1,1,-1
KR_6733398044,420,-2,28,8,-6,0,0,0,-8,11,3,3,1,4,-2,2,0,1,0,1,1,-15,-4,0,-7,7,-4,0,0,1,-1,1,1,4,-1
KR_6740040174,420,-1,-30,-16,-1,-2,2,0,2,2,4,4,0,4,-3,3,0,-2,2,0,0,1,-41,-5,-5,10,21,0,-1,-1,-1,-1,-1,5,-1
KR_6770758677,420,1,-42,-21,6,6,2,8,-3,5,2,2,0,2,0,1,1,1,0,1,0,6,-5,4,-6,2,2,0,0,-1,1,1,1,6,-1
KR_6740923069,420,2,0,24,1,1,0,1,-5,7,2,0,2,2,5,3,8,0,1,1,0,-4,-1,4,-6,2,1,0,0,1,-1,1,1,3,-1
KR_6751945895,420,4,3,-6,8,-1,2,1,3,1,4,0,3,3,3,1,4,3,0,3,0,17,1,-3,-7,10,7,0,-1,-1,-1,-1,1,4,-1
KR_6766367195,420,-1,-38,-5,3,-3,3,0,3,0,3,-2,2,0,2,1,3,3,0,3,0,9,4,1,-7,6,-2,0,0,-1,1,0,1,1,-1
KR_6754871210,420,-3,-79,-24,6,-1,2,1,1,0,1,0,1,1,4,1,5,2,0,2,0,9,46,8,-13,5,-4,0,1,1,-1,1,1,6,-1
KR_6771296544,420,-3,15,-13,-5,3,0,3,-9,10,1,-1,2,1,2,1,3,0,2,2,0,-8,89,0,-5,5,0,0,0,-1,0,1,1,2,-1
KR_6670285027,420,0,13,12,-2,-4,6,2,-2,2,0,0,1,1,5,0,5,-1,1,0,0,-6,127,2,-5,3,-2,0,-1,1,-1,-1,-1,6,-1
KR_6747058587,420,-5,-57,-13,-11,5,0,5,-1,3,2,-2,3,1,-12,12,0,-1,2,1,0,-18,-2,0,-7,7,2,0,-2,-1,1,-1,1,1,-1
KR_6756119561,420,-5,-117,-5,-14,-3,4,1,-1,5,4,-8,8,0,-2,2,0,0,1,1,-2,-9,-27,-1,-4,5,-1,0,-3,-1,-1,-1,-1,4,-1
KR_6773867082,420,0,-41,19,2,-1,2,1,0,2,2,2,0,2,-2,7,5,3,0,3,-1,0,29,-8,-4,12,10,0,0,1,-1,-1,-1,4,-1
KR_6771684940,420,-3,-63,13,-17,-3,3,0,-4,8,4,-1,3,2,-6,7,1,-3,3,0,0,-15,-23,-1,-1,2,-1,0,-2,-1,-1,-1,-1,3,-1
KR_6776001432,420,-1,-15,-22,-1,-4,5,1,2,0,2,-3,5,2,3,1,4,1,0,1,0,5,8,5,-8,3,1,0,0,1,0,1,-1,6,-1
KR_6774599967,420,0,13,-28,1,-3,4,1,0,3,3,5,1,6,0,3,3,-1,2,1,0,9,5,2,-8,6,-1,0,0,1,-1,1,1,2,-1
KR_6755029959,420,-3,-56,-18,-3,-2,2,0,2,2,4,-2,2,0,-3,8,5,2,2,4,0,-3,-9,-4,-4,8,1,0,-2,1,-1,-1,-1,4,-1
KR_6760711435,420,-4,-64,-24,-10,-3,3,0,-1,6,5,0,1,1,-6,7,1,0,1,1,0,-2,1,2,-6,4,-4,0,0,-1,1,0,-1,2,-1
KR_6743388304,420,-7,-66,-17,-8,-4,6,2,-1,4,3,-3,3,0,1,1,2,-1,2,1,0,3,36,1,-5,4,-6,0,-3,-1,1,-1,-1,4,-1
KR_6777129026,420,-2,-6,0,-2,-2,3,1,2,1,3,-2,2,0,0,4,4,0,0,0,0,1,27,-4,-5,9,-2,0,-1,-1,-1,-1,1,1,-1
KR_6772016619,420,-1,34,8,-3,4,0,4,-1,2,1,-2,3,1,-4,4,0,0,1,1,0,-6,-4,-1,-3,4,1,0,-1,-1,-1,-1,1,1,-1
KR_6769424778,420,-2,-27,-20,-8,0,3,3,-1,2,1,-3,4,1,-5,6,1,1,0,1,-2,-13,-14,-5,-3,8,-2,0,-1,-1,1,-1,-1,2,-1
KR_6714785330,440,-5,-11,-36,-9,-4,5,1,-7,7,0,3,0,3,1,1,2,-2,4,2,0,-9,1,3,-6,3,-6,0,-1,-1,-1,-1,1,1,-1
KR_6729854911,420,3,63,7,6,-1,2,1,0,1,1,6,0,6,1,1,2,0,1,1,0,3,-16,1,-4,3,5,0,1,1,1,1,1,4,-1
KR_6737248150,420,-3,-27,-23,-3,-4,4,0,-1,2,1,2,3,5,0,3,3,0,1,1,0,-5,21,-1,-7,8,-4,0,-1,-1,-1,-1,-1,6,-1
KR_6709268912,420,-2,-26,-27,-3,-4,4,0,-3,5,2,4,3,7,1,0,1,-1,1,0,0,-4,-21,-10,-2,12,1,0,0,-1,-1,0,-1,2,-1
KR_6681501934,420,2,12,0,10,2,1,3,0,4,4,7,0,7,1,3,4,0,0,0,1,4,-5,1,-6,5,2,0,1,-1,-1,1,1,4,-1
KR_6698278584,420,-7,-57,-56,-13,-1,4,3,-1,3,2,-1,4,3,-10,10,0,0,1,1,-1,-27,-49,-1,-5,6,-2,0,-1,-1,1,-1,-1,6,-1
KR_6757631556,420,1,12,-17,3,2,1,3,2,2,4,-1,4,3,-1,4,3,1,1,2,0,1,2,-4,-5,9,-1,0,0,0,1,0,1,0,-1
KR_6765508852,420,-2,3,-41,0,2,0,2,-3,5,2,1,4,5,-1,2,1,1,0,1,0,1,-5,-3,-5,8,-2,0,-2,-1,-1,-1,1,4,-1
KR_6683010737,420,-7,-55,0,-10,-2,2,0,0,3,3,-3,4,1,-5,5,0,0,2,2,0,-11,-5,1,-5,4,-2,0,-1,-1,-1,-1,-1,4,-1
KR_6751419479,440,0,79,32,4,-1,2,1,2,1,3,0,1,1,3,2,5,0,2,2,0,0,0,-3,-5,8,4,0,1,1,1,1,1,2,-1
KR_6775723127,440,-2,-41,2,-10,0,1,1,0,1,1,-5,5,0,-2,6,4,-3,3,0,-1,-9,4,4,-8,4,0,0,-3,-1,1,-1,-1,2,-1
KR_6761052221,420,0,-12,-5,-7,-2,2,0,-1,4,3,1,1,2,-6,6,0,1,1,2,0,-7,-11,-1,-5,6,1,0,-2,0,1,-1,-1,0,-1
KR_6742072877,420,-6,-13,-51,-6,0,1,1,0,0,0,-3,4,1,-3,3,0,0,0,0,0,-16,-78,1,-5,4,-2,0,1,-1,-1,1,1,6,-1
KR_6615600611,420,-1,-34,-2,2,1,1,2,-1,3,2,4,1,5,-3,3,0,1,0,1,0,2,-1,-1,-4,5,-1,0,-1,1,-1,-1,-1,3,-1
KR_6732021709,420,0,-27,5,5,2,1,3,4,3,7,-1,1,0,0,3,3,0,1,1,0,3,5,6,-8,2,0,0,0,-1,-1,-1,1,4,-1
KR_6674154432,420,0,3,28,2,1,2,3,4,1,5,-1,2,1,-2,2,0,0,1,1,0,7,42,-2,-7,9,4,0,0,1,0,0,-1,6,-1
KR_6699724925,420,-1,-23,-27,-3,2,1,3,1,2,3,-2,3,1,-3,4,1,-1,1,0,0,-3,-51,3,-12,9,14,0,0,1,-1,0,-1,5,-1
KR_6700825932,420,-2,24,-16,-6,-3,3,0,0,5,5,-3,5,2,1,0,1,-1,1,0,1,6,4,-6,-4,10,1,0,-1,1,-1,-1,1,3,-1
KR_6768347685,420,-5,-19,2,-9,-4,5,1,1,2,3,-1,2,1,-3,4,1,-2,3,1,1,-16,-13,-3,-5,8,0,0,-1,1,0,-1,1,6,-1
KR_6772561863,420,-2,-3,-20,-7,0,0,0,1,2,3,-2,2,0,-6,7,1,0,2,2,-3,-12,-7,-3,-3,6,-6,0,-4,-1,-1,-1,-1,5,-1
KR_6768594804,420,-2,-71,-2,-1,0,1,1,0,3,3,-1,2,1,-1,3,2,1,0,1,0,-3,3,1,-8,7,2,0,0,-1,1,1,1,2,-1
KR_6750573896,420,-1,-18,-21,0,0,3,3,1,3,4,-2,6,4,0,2,2,1,0,1,0,4,1,1,-6,5,3,0,0,1,0,1,-1,1,-1
KR_6769099582,420,-1,-39,12,-9,-2,3,1,-4,4,0,2,1,3,-3,3,0,-2,3,1,-1,-10,-27,2,-6,4,-5,0,-1,-1,-1,-1,-1,5,-1
KR_6759776388,420,2,17,-44,8,4,1,5,-2,4,2,1,1,2,4,4,8,1,3,4,0,2,-41,3,-6,3,20,0,1,-1,1,1,-1,6,-1
KR_6756716285,420,1,22,12,4,4,2,6,0,4,4,1,3,4,2,2,4,-3,3,0,0,0,-5,1,-6,5,2,0,0,1,1,1,1,6,-1
KR_6758175492,420,-2,16,-2,-9,-1,3,2,-4,6,2,-9,12,3,6,3,9,-1,2,1,-2,-14,-8,4,-9,5,0,0,1,1,1,1,-1,3,-1
KR_6615893883,420,-1,-60,-15,0,-2,5,3,-1,4,3,1,3,4,2,1,3,0,1,1,0,-3,-9,0,-7,7,-5,0,0,-1,1,0,1,1,-1
KR_6773910363,420,0,12,14,-3,0,2,2,-6,7,1,0,2,2,3,1,4,0,0,0,0,-16,-30,-1,-4,5,-1,0,0,-1,1,0,1,4,-1
KR_6773895985,420,-4,-31,4,-6,2,0,2,-2,2,0,-6,6,0,-1,6,5,1,1,2,0,-15,-21,3,-8,5,-8,0,-2,-1,-1,-1,1,4,-1
KR_6755272113,420,0,9,15,-2,2,1,3,1,2,3,-4,5,1,-2,6,4,1,1,2,0,-2,12,5,-8,3,-7,0,-1,-1,-1,1,1,2,-1
KR_6772308329,440,-2,61,-20,-4,-6,9,3,-2,3,1,5,0,5,-1,3,2,0,0,0,0,-10,-1,0,-7,7,5,0,-1,1,-1,-1,-1,3,-1
KR_6768461905,440,0,-38,-8,-6,2,0,2,-3,6,3,-2,5,3,-3,7,4,0,2,2,0,-3,1,0,-6,6,0,0,-1,1,-1,-1,1,1,-1
KR_6744538861,440,-1,-46,3,6,6,1,7,0,3,3,-1,1,0,-1,3,2,2,0,2,0,1,8,2,-5,3,-5,0,1,1,1,1,1,3,-1
KR_6767004996,420,1,-14,-4,-1,-3,3,0,-3,4,1,3,1,4,2,2,4,0,0,0,1,-7,9,2,-9,7,4,0,0,-1,-1,0,-1,5,-1
KR_6771260788,420,2,-9,-26,2,1,1,2,-4,6,2,2,1,3,2,4,6,1,1,2,0,-3,12,1,-6,5,0,0,0,-1,-1,0,1,1,-1
KR_6774178088,420,-2,-28,-4,0,-2,2,0,3,3,6,-1,5,4,-2,2,0,2,0,2,-1,8,38,0,-11,11,-5,0,1,1,1,-1,-1,5,-1
KR_6775831490,420,-3,-74,5,-6,-5,5,0,-4,4,0,3,0,3,-1,3,2,1,0,1,0,-8,13,0,-9,9,-16,0,0,-1,1,0,-1,2,-1
KR_6761818403,420,-1,-38,-11,-5,0,4,4,-2,2,0,1,0,1,-1,4,3,-3,3,0,0,-13,-15,-7,-3,10,-1,0,-1,-1,-1,-1,-1,4,-1
KR_6729067785,420,0,-5,8,-5,2,0,2,-4,6,2,-3,7,4,-1,2,1,1,0,1,0,-5,22,-3,-4,7,-2,0,-1,-1,1,1,-1,5,-1
KR_6756388961,420,0,8,-23,-9,1,1,2,-1,3,2,0,1,1,-9,9,0,0,0,0,0,-18,2,-5,-2,7,0,0,-1,-1,1,-1,-1,1,-1
KR_6705473940,420,4,40,57,11,1,0,1,1,3,4,5,0,5,-1,2,1,5,0,5,1,18,2,-2,-6,8,2,0,1,-1,1,1,1,4,-1
KR_6773965232,420,-2,-37,-27,-7,1,2,3,-4,4,0,-2,5,3,-2,3,1,0,1,1,0,-7,-25,-8,-1,9,0,0,0,-1,1,0,-1,5,-1
KR_6769121562,420,1,54,-7,-5,0,1,1,-1,2,1,-6,8,2,4,1,5,-2,4,2,0,-2,199,-4,-5,9,-4,0,0,1,1,-1,-1,6,-1
KR_6774380208,420,2,20,-6,0,2,0,2,2,2,4,1,2,3,-2,3,1,-3,4,1,0,-4,11,-1,-3,4,-10,0,2,-1,1,1,-1,6,-1
KR_6729201320,420,-1,-24,3,-9,-2,2,0,-4,6,2,-6,7,1,2,5,7,1,1,2,0,-11,1,-3,-3,6,1,0,-1,-1,-1,-1,1,4,-1
KR_6768378296,420,-1,-23,-16,-3,1,2,3,0,1,1,-3,3,0,-1,2,1,0,0,0,0,-6,-18,0,-6,6,-1,0,-1,-1,-1,-1,1,6,-1
KR_6730058286,420,1,36,-6,10,0,2,2,4,5,9,0,0,0,6,0,6,0,1,1,2,21,7,0,-7,7,-2,0,3,-1,1,1,1,1,-1
KR_6749456030,420,-3,-60,12,-3,0,4,4,0,2,2,-3,6,3,-1,2,1,1,1,2,0,-3,-5,1,-7,6,0,0,-3,1,-1,-1,-1,1,-1
KR_6776522295,420,-1,27,24,-1,0,3,3,0,0,0,-2,4,2,2,2,4,-1,2,1,0,-2,2,0,-3,3,-1,0,-1,-1,-1,-1,-1,3,-1
KR_6758838548,420,-4,-26,-12,-9,2,1,3,-2,3,1,0,2,2,-5,7,2,-4,4,0,0,-10,-4,1,-9,8,2,0,-2,-1,1,-1,1,3,-1
KR_6753936411,420,-2,-26,-4,-4,-3,3,0,-2,5,3,1,2,3,1,4,5,-1,3,2,0,-4,-21,0,-3,3,-4,0,-1,-1,-1,-1,-1,3,-1
KR_6767878420,420,-3,-14,-13,-3,-1,2,1,-1,6,5,-2,6,4,1,2,3,0,2,2,0,-4,7,2,-9,7,-4,0,-1,0,-1,-1,1,0,-1
KR_6777599819,420,-4,-27,-6,-11,-2,3,1,1,2,3,-6,6,0,-2,6,4,-2,2,0,1,-15,-56,-4,-3,7,18,0,1,-1,1,-1,1,3,-1
KR_6765402454,420,-4,-43,-40,-5,-4,4,0,-4,5,1,-6,6,0,5,1,6,4,0,4,-1,2,-15,-2,-5,7,1,0,-2,-1,-1,-1,-1,4,-1
KR_6767905047,420,3,17,16,-7,-2,2,0,4,0,4,0,3,3,-6,6,0,-3,3,0,-1,-11,-131,-8,-2,10,2,0,0,-1,-1,0,-1,6,-1
KR_6764993778,420,0,-18,8,-4,4,0,4,-3,4,1,0,3,3,-6,7,1,1,1,2,0,-9,6,5,-9,4,-8,0,-1,1,-1,1,1,5,-1
KR_6770738366,420,-1,-31,15,-4,3,0,3,-3,6,3,-8,10,2,4,0,4,0,0,0,0,-2,7,6,-8,2,-5,0,0,1,-1,1,1,6,-1
KR_6768877018,420,1,33,-16,0,-1,2,1,1,2,3,1,0,1,0,2,2,-1,1,0,0,2,-3,4,-10,6,-1,0,0,1,-1,-1,1,6,-1
KR_6774280546,440,-1,34,35,-4,2,1,3,-2,3,1,-2,2,0,-1,3,2,-1,1,0,0,-11,255,3,-10,7,-4,0,1,-1,1,1,1,4,-1
KR_6773479499,440,-2,-96,-8,-6,-2,2,0,5,1,6,-4,7,3,-2,7,5,-3,4,1,-2,2,118,5,-9,4,-5,0,-1,-1,-1,-1,-1,4,-1
KR_6774541297,420,-3,-13,21,-12,-5,7,2,-1,2,1,-6,7,1,-1,4,3,1,0,1,0,-10,5,-1,-8,9,-4,0,-1,1,-1,-1,1,1,-1
KR_6776198917,420,-1,-4,-9,-5,2,0,2,0,3,3,-2,2,0,-5,5,0,0,0,0,0,-5,3,-4,-5,9,-1,0,-1,1,-1,-1,-1,1,-1
KR_6759888912,440,0,-10,-24,-4,0,1,1,1,1,2,-1,3,2,-4,4,0,0,2,2,0,-6,-16,-5,-4,9,0,0,-1,1,-1,-1,-1,1,-1
KR_6773674944,420,-2,18,-36,-6,-1,2,1,-1,2,1,1,1,2,-4,5,1,-1,4,3,0,-9,0,-4,-8,12,2,0,0,-1,-1,-1,-1,6,-1
KR_6755098617,420,-6,-45,-17,-13,-3,4,1,-3,4,1,-6,6,0,-2,2,0,1,1,2,0,-11,-41,-3,-4,7,3,0,-1,-1,1,-1,1,5,-1
KR_6745014106,420,-1,-23,23,0,1,2,3,-2,4,2,-2,2,0,1,1,2,2,2,4,0,-4,8,2,-9,7,-2,0,2,1,1,1,-1,5,-1
KR_6767522615,420,-1,14,17,-6,0,2,2,-11,13,2,0,3,3,5,1,6,0,1,1,-1,-2,-5,1,-6,5,1,0,1,-1,1,1,-1,5,-1
KR_6777456951,420,0,-64,8,1,1,2,3,0,1,1,1,4,5,-5,9,4,4,1,5,0,-1,35,-1,-6,7,7,0,0,1,-1,0,-1,5,-1
KR_6743736475,420,0,13,-8,0,2,0,2,-1,6,5,3,3,6,-2,2,0,-2,3,1,0,1,-24,-1,-4,5,5,0,0,-1,1,0,1,4,-1
KR_6776294780,420,1,25,47,-10,0,4,4,-3,4,1,-4,4,0,-3,6,3,0,1,1,-1,-16,-5,-6,-4,10,3,0,1,-1,1,1,-1,2,-1
KR_6611487737,420,-3,-69,-12,-7,-1,2,1,-2,6,4,-5,8,3,-1,3,2,2,3,5,0,-5,112,-2,-5,7,-2,0,-2,-1,-1,-1,1,1,-1
KR_6772994313,420,-2,-46,4,-4,2,2,4,-4,6,2,-5,5,0,0,1,1,3,1,4,0,-11,-8,-3,-3,6,1,0,-1,1,1,-1,-1,1,-1
KR_6759987278,440,-1,-5,-8,2,3,0,3,1,2,3,-2,3,1,-1,2,1,1,0,1,0,4,-10,5,-7,2,-1,0,1,0,0,1,-1,0,-1
KR_6764904497,420,0,-18,12,-1,-1,1,0,1,1,2,-2,2,0,0,3,3,1,0,1,-1,2,-3,2,-9,7,-5,0,0,1,-1,0,-1,1,-1
KR_6767220970,440,-3,12,8,-9,-1,3,2,-1,2,1,-3,4,1,-4,4,0,0,0,0,0,-2,-4,0,-4,4,-3,0,-1,-1,-1,-1,1,6,-1
KR_6696511583,420,-1,-10,-22,3,-3,4,1,2,0,2,-1,2,1,3,2,5,2,0,2,0,10,41,2,-8,6,1,0,-1,-1,-1,-1,-1,3,-1
KR_6728630116,420,0,47,-17,-8,0,1,1,-1,4,3,-2,3,1,-3,4,1,-2,2,0,0,-20,-17,-3,-5,8,1,0,0,-1,-1,-1,-1,3,-1
KR_6777755764,420,-4,-42,-6,-14,-1,5,4,-7,8,1,-1,2,1,-3,5,2,-2,2,0,0,-8,-42,-8,-5,13,-3,0,-1,-1,-1,-1,-1,6,-1
KR_6765498085,420,0,-32,7,-1,1,1,2,-5,5,0,1,2,3,2,3,5,0,0,0,0,0,-2,1,-8,7,5,0,-1,1,1,-1,-1,3,-1
KR_6756619191,420,-9,-108,-57,-16,-7,7,0,-7,9,2,-3,5,2,1,0,1,0,0,0,0,2,-199,-5,-1,6,-2,0,-2,-1,-1,-1,-1,2,-1
KR_6744096643,420,0,8,-4,1,4,0,4,2,4,6,-2,4,2,-2,4,2,-1,1,0,-1,9,26,-4,-4,8,0,0,-1,1,-1,-1,1,3,-1
KR_6736214969,420,-7,-81,-11,-15,-5,6,1,-8,10,2,-2,3,1,1,2,3,-1,4,3,0,-11,-5,-1,-2,3,-1,0,-2,1,-1,-1,-1,1,-1
KR_6766758633,420,-5,-107,3,-10,0,4,4,-6,7,1,1,1,2,-5,7,2,0,0,0,0,-3,0,2,-7,5,-3,0,-2,-1,1,-1,-1,2,-1
KR_6772598307,420,-2,-5,-20,-2,-2,4,2,-2,3,1,1,2,3,0,2,2,1,1,2,0,-6,10,-5,-4,9,-1,0,0,1,-1,-1,1,4,-1
KR_6761731381,440,-3,20,2,-3,-2,6,4,2,2,4,-1,1,0,-2,5,3,0,2,2,0,1,-1,-2,-5,7,3,0,-2,-1,-1,-1,1,6,-1
KR_6738434562,420,-2,44,-19,7,-2,3,1,1,2,3,10,1,11,-4,9,5,2,2,4,0,5,-28,-2,-9,11,1,0,0,1,1,-1,-1,2,-1
KR_6669948048,420,-2,-16,4,-6,-4,4,0,2,1,3,0,3,3,-3,4,1,-1,2,1,-1,0,-6,-2,-6,8,-1,0,-1,0,1,-1,-1,0,-1
KR_6749737297,420,-1,-10,-28,-2,2,1,3,1,3,4,-2,6,4,-3,5,2,0,1,1,0,1,-31,2,-7,5,4,0,1,-1,1,1,-1,2,-1
KR_6772384364,420,-2,-48,-12,-1,-3,4,1,1,2,3,3,0,3,-2,6,4,0,0,0,0,1,-2,2,-7,5,-6,0,-1,-1,1,-1,-1,5,-1
KR_6749296337,420,1,3,-1,-3,-2,4,2,1,2,3,-3,5,2,1,3,4,0,1,1,-3,1,24,2,-8,6,0,0,-1,-1,0,-1,-1,2,-1
KR_6751756378,420,-2,-8,-32,-4,-2,4,2,3,1,4,-2,4,2,-2,4,2,-1,1,0,0,1,56,4,-10,6,-21,0,0,-1,-1,0,1,5,-1
KR_6760117066,420,-1,-39,-7,2,1,3,4,-1,1,0,1,1,2,2,1,3,-1,1,0,0,4,2,0,-7,7,-6,0,-1,1,-1,-1,-1,2,-1
KR_6769954352,420,1,12,-13,6,5,0,5,2,2,4,-1,5,4,2,2,4,-2,3,1,0,4,-33,6,-8,2,-2,0,1,-1,1,1,-1,1,-1
KR_6769922255,440,-1,-11,9,-1,-3,4,1,-3,3,0,1,1,2,1,1,2,3,1,4,0,-1,6,1,-5,4,1,0,1,1,-1,1,-1,6,-1
KR_6759437658,420,-3,-34,8,-13,-1,5,4,-4,8,4,-2,3,1,-4,5,1,-2,2,0,0,-15,51,-2,-3,5,-13,0,-1,-1,-1,-1,-1,5,-1
KR_6748863641,420,1,-23,4,2,-4,4,0,2,3,5,1,1,2,4,3,7,-1,3,2,0,2,-17,2,-8,6,-1,0,1,1,1,-1,-1,2,-1
KR_6774730300,420,2,-2,-8,-1,4,1,5,0,2,2,-3,5,2,0,1,1,-2,3,1,0,-1,-3,-2,-8,10,2,0,2,-1,1,1,1,1,-1
KR_6765721418,420,-5,-63,-13,-5,-1,2,1,0,0,0,-4,5,1,0,0,0,0,1,1,0,-7,-39,2,-6,4,0,0,-2,-1,-1,-1,-1,3,-1
KR_6776987410,420,1,14,21,-6,-1,1,0,-1,3,2,-2,3,1,-1,1,0,-1,1,0,0,-5,4,4,-9,5,-7,0,0,-1,-1,0,-1,2,-1
KR_6752951647,420,-3,-9,10,-8,-2,3,1,-5,5,0,1,1,2,1,0,1,-3,3,0,-2,-14,14,-3,-5,8,-3,0,0,-1,1,0,-1,3,-1
KR_6772617889,420,0,-2,10,-3,-1,1,0,0,4,4,-4,5,1,3,2,5,-1,1,0,0,-1,0,-4,-4,8,-2,0,-1,1,-1,-1,-1,6,-1
KR_6722458122,420,-4,-44,13,-8,-2,2,0,-2,4,2,1,2,3,-2,3,1,-3,4,1,0,-12,13,5,-9,4,1,0,0,-1,1,0,-1,5,-1
KR_6727585764,420,0,-101,-4,-1,3,0,3,0,0,0,-6,10,4,0,2,2,2,1,3,0,10,-3,0,-5,5,-1,0,-1,-1,1,-1,-1,5,-1
KR_6765270805,420,3,40,9,9,1,3,4,4,2,6,1,2,3,2,2,4,1,2,3,1,21,7,1,-7,6,-9,0,0,-1,-1,0,1,2,-1
KR_6771709895,420,-1,-35,0,-2,0,1,1,0,4,4,-1,1,0,2,1,3,-3,3,0,0,0,-1,0,-8,8,-6,0,0,-1,-1,-1,1,5,-1
KR_6768183120,420,-1,-59,12,-2,-4,5,1,1,2,3,-6,6,0,4,0,4,3,0,3,0,6,48,4,-10,6,-12,0,0,1,-1,0,-1,3,-1
KR_6625033192,420,-3,-25,28,-2,-7,7,0,0,2,2,0,1,1,3,3,6,2,1,3,-1,8,253,-3,-4,7,0,0,-1,-1,-1,-1,-1,2,-1
KR_6706441819,420,-1,-28,-4,1,-2,4,2,-2,7,5,2,1,3,3,1,4,0,1,1,0,7,-28,-3,-5,8,2,0,-1,-1,1,-1,1,6,-1
KR_6764477283,420,1,28,19,-4,-4,5,1,-1,2,1,0,0,0,1,0,1,0,1,1,0,1,5,2,-4,2,5,0,1,1,1,1,-1,6,-1
KR_6764509799,420,-2,-40,-20,-2,1,2,3,1,3,4,-5,6,1,1,3,4,0,2,2,0,0,-4,-1,-4,5,1,0,0,-1,-1,0,-1,6,-1
KR_6764678331,420,-1,-14,28,-4,0,1,1,-3,6,3,0,3,3,3,0,3,-4,5,1,0,1,140,2,-5,3,-3,0,-1,1,-1,-1,1,2,-1
KR_6755786032,420,-2,-16,15,-1,3,0,3,-3,3,0,5,1,6,-5,8,3,-1,1,0,0,-1,7,0,-9,9,-2,0,0,1,1,0,-1,2,-1
KR_6765156098,420,-9,-64,-54,-20,-4,5,1,-8,11,3,-4,5,1,-4,5,1,0,1,1,0,-23,-50,-1,-3,4,16,0,-2,-1,1,-1,-1,2,-1
KR_6770505001,420,2,-16,59,2,-1,1,0,-6,9,3,1,3,4,6,2,8,2,2,4,0,-4,-1,-5,-2,7,-1,0,2,-1,1,1,1,5,-1
KR_6771677562,440,0,-21,2,-2,-4,4,0,-2,3,1,0,0,0,3,0,3,1,2,3,0,0,15,2,-5,3,1,0,1,-1,1,1,1,3,-1
KR_6771520791,420,-5,-65,-37,-3,-3,4,1,-4,4,0,3,2,5,0,3,3,1,0,1,0,-1,48,3,-5,2,-34,0,-2,-1,-1,-1,-1,4,-1
KR_6772908443,440,-5,-40,-12,-11,-1,1,0,-1,3,2,-2,3,1,-6,7,1,-1,1,0,0,-10,-3,1,-6,5,-2,0,-1,-1,1,-1,1,1,-1
KR_6745365792,420,2,-50,22,0,0,2,2,1,5,6,-1,2,1,1,2,3,-1,1,0,0,4,8,5,-8,3,0,0,0,1,1,-1,-1,2,-1
KR_6732241833,420,-2,5,-5,-9,0,2,2,-5,6,1,-1,3,2,-4,4,0,1,1,2,0,-14,10,5,-8,3,-6,0,0,-1,-1,-1,1,2,-1
KR_6693987097,420,-3,-3,4,-5,-4,4,0,-3,4,1,2,4,6,-2,3,1,2,1,3,-1,0,-6,-3,-6,9,-1,0,-1,-1,-1,-1,-1,6,-1
KR_6776133221,420,-2,-96,-1,-5,-3,5,2,0,5,5,-5,6,1,1,1,2,2,0,2,0,-5,2,-2,-3,5,-4,0,-2,-1,1,-1,1,6,-1
KR_6776979886,420,0,-18,-16,3,0,4,4,-2,3,1,0,3,3,4,1,5,1,1,2,0,6,13,2,-5,3,1,0,1,1,-1,1,1,5,-1
KR_6731321856,420,-2,8,-29,-3,2,3,5,-6,7,1,3,3,6,-2,2,0,0,0,0,0,-3,23,1,-8,7,-7,0,1,1,1,1,1,4,-1
KR_6770097604,440,-4,-7,-39,-18,-3,3,0,-4,4,0,-2,6,4,-5,6,1,-4,4,0,0,-21,-8,-6,-1,7,-3,0,-3,-1,-1,-1,-1,5,-1
KR_6772067233,420,1,-12,-4,6,5,1,6,3,1,4,0,4,4,-1,2,1,-1,4,3,0,4,-5,-1,-6,7,0,0,1,-1,1,1,1,2,-1
KR_6758278391,420,0,7,20,-4,2,3,5,-2,3,1,-5,5,0,-1,1,0,2,0,2,0,-6,10,7,-10,3,1,0,0,-1,1,1,-1,6,-1
KR_6773292527,420,1,-32,-8,-5,1,2,3,-2,4,2,1,2,3,-6,9,3,1,0,1,0,-5,19,0,-6,6,-6,0,0,-1,1,0,-1,4,-1
KR_6763503548,420,0,-27,-1,-6,-4,5,1,-2,4,2,-2,4,2,1,1,2,1,0,1,0,3,-4,3,-5,2,-4,0,0,1,-1,0,-1,2,-1
KR_6777667757,420,-2,-45,-12,-5,0,1,1,-4,8,4,1,0,1,-3,4,1,1,1,2,0,-6,-32,-5,-3,8,4,0,-1,-1,1,1,-1,6,-1
KR_6771484526,440,-1,49,0,-8,-2,3,1,-3,3,0,1,2,3,-4,4,0,0,0,0,0,-12,5,-2,-4,6,1,0,-1,1,-1,-1,-1,6,-1
KR_6766120464,420,1,23,21,4,-4,5,1,3,2,5,6,0,6,-1,3,2,0,3,3,0,2,12,1,-3,2,-3,0,2,1,1,1,-1,2,-1
KR_6709294947,420,-1,-19,-7,-6,-1,2,1,-5,6,1,1,0,1,0,3,3,-1,3,2,0,1,-58,-4,-4,8,0,0,-1,1,-1,-1,-1,3,-1
KR_6738121534,420,-4,-26,-30,-2,1,1,2,-2,4,2,0,3,3,1,3,4,-2,2,0,0,1,-1,0,-4,4,3,0,0,-1,-1,-1,-1,3,-1
KR_6777709577,440,-2,-52,7,-1,-1,2,1,-2,4,2,0,1,1,-1,3,2,3,0,3,-1,-2,-3,0,-2,2,-2,0,-2,-1,1,-1,-1,5,-1
KR_6687151072,420,-3,-59,-8,-9,2,0,2,-7,9,2,-1,3,2,-4,6,2,1,0,1,1,-9,-10,-7,-4,11,2,0,-1,-1,-1,-1,1,5,-1
KR_6726691862,420,1,-6,30,-6,3,1,4,-4,6,2,-4,6,2,0,3,3,-1,1,0,-1,-13,5,2,-5,3,3,0,0,-1,1,1,1,1,-1
KR_6757124282,420,-2,-36,3,-7,-4,4,0,0,1,1,-2,2,0,-1,2,1,0,0,0,0,-5,0,-1,-7,8,-1,0,0,-1,-1,0,-1,5,-1
KR_6693780584,420,-4,-33,-27,-7,-4,4,0,2,1,3,-2,3,1,2,0,2,-5,5,0,0,-5,-2,5,-10,5,1,0,-1,1,-1,-1,1,1,-1
KR_6742399483,420,-3,-34,-8,-8,3,1,4,-2,3,1,-5,8,3,-5,5,0,1,0,1,-2,-14,17,2,-8,6,-2,0,-2,-1,1,-1,-1,3,-1
KR_6747102927,420,3,6,-12,6,2,1,3,3,2,5,2,0,2,0,4,4,-1,1,0,0,2,-5,3,-8,5,2,0,0,1,1,0,1,5,-1
KR_6748021158,420,1,-1,0,7,-2,2,0,3,2,5,1,4,5,4,0,4,1,0,1,0,7,24,-2,-5,7,-3,0,1,1,1,1,-1,1,-1
KR_6776998995,420,-1,-23,6,6,1,1,2,3,4,7,2,1,3,0,2,2,0,0,0,0,4,-4,3,-8,5,1,0,0,1,1,0,1,5,-1
KR_6766210946,420,-1,-106,-9,0,-10,10,0,4,0,4,3,0,3,4,0,4,-1,2,1,0,6,7,1,-7,6,-1,0,-2,-1,1,-1,-1,3,-1
KR_6777059103,440,-2,-46,5,-2,-4,4,0,-3,4,1,2,2,4,2,3,5,1,2,3,0,-2,-22,-7,-3,10,2,0,-1,-1,-1,-1,-1,2,-1
KR_6734673829,420,0,-55,0,-1,-1,3,2,6,1,7,-3,6,3,-2,5,3,-1,2,1,0,3,-6,-1,-6,7,3,0,-1,-1,1,1,-1,6,-1
KR_6746059427,420,-2,-36,3,-4,0,0,0,-2,3,1,-6,6,0,1,2,3,3,0,3,1,4,-4,-8,-1,9,1,0,-1,-1,1,-1,1,2,-1
KR_6738104126,420,-1,5,-12,-9,-2,2,0,-1,1,0,0,4,4,-6,7,1,0,0,0,0,-9,-39,-3,-6,9,13,0,-2,-1,-1,-1,-1,5,-1
KR_6727741953,420,0,24,-1,-2,-3,5,2,3,5,8,1,2,3,-2,6,4,-1,1,0,0,-2,7,2,-9,7,-4,0,2,1,-1,-1,-1,3,-1
KR_6764927705,420,-2,15,-3,0,-1,6,5,2,2,4,-1,1,0,0,2,2,0,0,0,0,-5,22,0,-8,8,-5,0,-1,1,1,-1,1,5,-1
KR_6764896166,440,-7,-14,-34,-12,-4,4,0,-1,2,1,-2,4,2,-2,6,4,-3,5,2,0,-7,-2,8,-13,5,-1,0,0,-1,-1,-1,1,5,-1
KR_6733614465,420,-6,-55,-13,-14,-4,4,0,-4,5,1,0,1,1,-6,8,2,0,1,1,0,-22,-10,-1,-6,7,5,0,-1,-1,-1,-1,1,2,-1
KR_6766933705,420,-2,-28,-16,-3,0,1,1,-2,4,2,-1,1,0,2,2,4,-2,2,0,0,1,0,0,-4,4,3,0,-2,-1,-1,-1,-1,2,-1
KR_6736745876,420,0,1,18,-6,2,2,4,-4,6,2,2,0,2,-5,7,2,-1,2,1,-1,-11,2,2,-9,7,-4,0,1,-1,1,1,-1,4,-1
KR_6765852582,420,1,4,3,3,-1,3,2,-4,6,2,2,0,2,3,2,5,3,2,5,0,7,14,-1,-9,10,2,0,0,-1,-1,-1,1,2,-1
KR_6772055728,420,-2,-43,-13,-3,-5,7,2,5,1,6,-1,3,2,-1,2,1,-1,4,3,0,4,-7,-2,-5,7,1,0,-2,0,-1,-1,1,0,-1
KR_6776549758,420,-1,-38,-14,4,0,2,2,2,3,5,1,1,2,2,3,5,-1,2,1,1,3,4,4,-8,4,0,0,-1,1,-1,-1,1,5,-1
KR_6775610580,420,-5,-54,24,-4,-3,3,0,-4,4,0,0,1,1,0,2,2,3,0,3,0,-2,-6,-1,-4,5,0,0,-2,-1,-1,-1,1,6,-1
KR_6765299773,420,0,-4,-24,1,0,1,1,-1,1,0,3,2,5,0,0,0,-1,1,0,0,1,-5,-4,-4,8,7,0,-1,-1,1,-1,-1,5,-1
KR_6740598150,420,-1,-26,-16,-7,-1,4,3,-4,6,2,0,0,0,-2,4,2,0,1,1,0,-11,-5,-1,-4,5,0,0,0,1,-1,-1,-1,3,-1
KR_6767850272,420,-1,6,-12,-2,4,2,6,0,1,1,-2,3,1,-4,4,0,0,1,1,0,-4,-5,-5,-3,8,-3,0,0,-1,-1,0,1,4,-1
KR_6770502643,420,-5,-95,-37,-12,-2,3,1,-4,7,3,0,1,1,-1,3,2,-5,5,0,-2,-18,-45,0,-7,7,14,0,-3,-1,1,-1,-1,2,-1
KR_6771887669,420,-5,-24,-20,-18,-5,7,2,-5,5,0,0,1,1,-4,7,3,-4,4,0,0,-18,10,-8,-3,11,-5,0,-2,-1,-1,-1,-1,1,-1
KR_6706797640,420,-4,-20,-32,-6,-3,3,0,3,2,5,-2,4,2,-3,6,3,-1,4,3,-2,-8,-46,-2,-8,10,6,0,-1,-1,1,-1,-1,4,-1
KR_6758598569,420,-2,-36,-26,-2,-2,4,2,0,2,2,-2,4,2,0,1,1,2,0,2,1,-1,-4,1,-6,5,-2,0,-2,-1,-1,-1,1,5,-1
KR_6777686413,420,0,53,-8,2,3,0,3,1,3,4,4,0,4,-5,6,1,-1,1,0,1,7,2,-2,-7,9,6,0,0,-1,1,1,1,4,-1
KR_6744234117,420,1,54,8,-4,0,2,2,2,5,7,-2,2,0,-4,7,3,0,0,0,-1,-10,3,1,-7,6,-2,0,1,1,1,-1,-1,3,-1
KR_6763202394,440,-1,-54,8,4,1,1,2,0,1,1,1,2,3,1,1,2,1,4,5,0,8,-21,5,-11,6,-2,0,-1,0,-1,-1,1,0,-1
KR_6777145030,420,-2,-42,10,-9,-2,2,0,1,1,2,-3,4,1,-5,5,0,0,0,0,-1,-13,-72,0,-7,7,-5,0,0,-1,-1,0,-1,4,-1
KR_6604155129,420,-1,-26,-3,-6,-4,7,3,1,1,2,2,5,7,-3,3,0,-2,2,0,0,-8,-2,-1,-9,10,0,0,-1,1,-1,-1,1,4,-1
KR_6754947815,420,-1,-45,-5,-5,0,2,2,1,3,4,0,0,0,-5,5,0,-1,1,0,0,-9,3,1,-6,5,-6,0,1,-1,-1,1,-1,6,-1
KR_6765313620,420,1,-13,13,4,1,2,3,3,4,7,0,2,2,-1,3,2,1,0,1,0,0,-10,0,-9,9,3,0,0,1,1,0,1,2,-1
KR_6741041751,420,-3,-52,4,-4,3,1,4,-4,5,1,-3,4,1,-2,5,3,2,1,3,1,-10,8,-3,-5,8,-3,0,0,0,1,0,1,0,-1
KR_6770471764,440,-1,-32,-52,-4,0,1,1,-2,4,2,-3,4,1,0,1,1,1,2,3,0,0,-34,1,-2,1,2,0,-1,1,-1,-1,-1,6,-1
KR_6771370007,420,0,19,-6,0,-1,2,1,-1,3,2,-1,2,1,5,1,6,-2,3,1,0,11,-4,-6,-3,9,0,0,0,1,-1,1,1,3,-1
KR_6759309093,420,-4,-5,0,-12,2,0,2,-3,6,3,-3,3,0,-7,7,0,-1,1,0,0,-20,-7,-3,-4,7,0,0,-2,-1,-1,-1,-1,1,-1
KR_6728478275,420,-5,-70,0,-7,-1,2,1,5,0,5,-2,2,0,-7,7,0,-2,2,0,-2,-12,-1,1,-5,4,-2,0,-1,-1,1,-1,-1,4,-1
KR_6777846952,440,-5,-70,-32,-7,-1,1,0,-2,6,4,-1,1,0,-3,3,0,0,1,1,0,-5,12,2,-5,3,-3,0,0,-1,-1,0,-1,3,-1
KR_6754501090,420,-1,-4,28,-2,3,2,5,0,4,4,0,3,3,-2,6,4,-3,3,0,3,-1,15,5,-11,6,-8,0,1,1,1,1,1,1,-1
KR_6671054529,420,-2,-18,18,2,-1,3,2,-1,2,1,-1,4,3,5,0,5,0,0,0,0,9,3,0,-9,9,-3,0,-1,1,-1,-1,-1,2,-1
KR_6729780906,420,1,-18,32,1,-3,5,2,1,1,2,0,1,1,-2,3,1,5,1,6,0,2,10,1,-6,5,-1,0,-1,1,1,-1,-1,1,-1
KR_6751463710,420,-2,-34,-4,-6,-2,3,1,0,5,5,0,1,1,-2,7,5,-2,2,0,-1,-6,13,-1,-3,4,2,0,0,-1,1,-1,-1,5,-1
KR_6771758452,420,-4,-77,-9,-7,-3,3,0,-2,2,0,-1,3,2,-1,2,1,0,0,0,0,-2,102,-3,-5,8,-1,0,-2,1,-1,-1,-1,1,-1
KR_6730417573,420,-6,-15,-3,-9,-3,3,0,-4,5,1,1,2,3,-3,4,1,0,0,0,-1,-11,5,-3,-4,7,-4,0,-1,1,-1,-1,-1,2,-1
KR_6735010367,420,4,8,4,7,5,0,5,0,6,6,2,1,3,3,1,4,-3,3,0,0,-1,1,-4,-2,6,3,0,1,-1,1,1,1,2,-1
KR_6718902724,420,-2,-70,12,0,0,2,2,0,4,4,-2,5,3,-2,6,4,4,0,4,-1,-1,27,-7,-5,12,2,0,0,-1,-1,-1,-1,2,-1
KR_6753321098,420,-3,-44,-33,3,-1,3,2,0,2,2,4,1,5,0,2,2,0,3,3,0,2,6,0,-7,7,-10,0,-1,1,-1,1,1,5,-1
KR_6708044345,420,3,18,4,-3,-2,4,2,-1,4,3,5,1,6,-7,8,1,2,1,3,0,-4,-1,4,-9,5,-3,0,-2,1,1,-1,1,5,-1
KR_6775757340,420,0,5,0,-4,-2,3,1,0,2,2,-5,5,0,3,2,5,0,1,1,0,2,-7,-2,-4,6,0,0,-1,0,-1,-1,-1,0,-1
KR_6768362538,420,-4,-61,-37,-10,-3,3,0,2,4,6,-6,6,0,-3,6,3,0,2,2,0,-17,15,-1,-5,6,-3,0,0,-1,-1,-1,1,6,-1
KR_6707726575,440,-1,-27,16,-3,2,2,4,-2,6,4,2,3,5,-4,9,5,-1,2,1,-1,8,3,-5,-2,7,0,0,-1,0,0,-1,-1,0,-1
KR_6776499616,420,-5,-44,-30,-5,1,1,2,1,0,1,3,0,3,-9,10,1,-1,2,1,0,-4,-11,2,-7,5,25,0,-1,-1,1,-1,-1,5,-1
KR_6772969270,420,1,-17,33,3,0,3,3,3,1,4,-2,4,2,2,0,2,0,0,0,0,5,11,2,-7,5,-2,0,0,1,-1,0,1,3,-1
KR_6764548913,420,-5,-87,-20,-15,-1,3,2,-6,6,0,0,2,2,-4,5,1,-4,4,0,0,-15,-2,-2,-4,6,-1,0,-2,-1,-1,-1,-1,6,-1
KR_6705207734,420,-1,31,0,-4,-1,4,3,2,2,4,-5,6,1,0,2,2,0,0,0,-1,-6,4,2,-5,3,-1,0,0,0,1,1,-1,0,-1
KR_6768009053,420,-5,-60,-19,-8,-1,3,2,-2,6,4,-2,3,1,-6,7,1,3,0,3,-3,-1,2,1,-9,8,1,0,0,1,1,1,-1,2,-1
KR_6771512990,420,-3,22,20,-4,-5,6,1,1,3,4,-1,2,1,2,4,6,-1,1,0,0,4,16,0,-8,8,-9,0,0,-1,-1,0,-1,3,-1
KR_6740254280,420,-1,66,-19,0,1,1,2,-1,1,0,-5,5,0,3,0,3,2,0,2,0,4,26,1,-7,6,-2,0,1,1,-1,1,1,4,-1
KR_6706539773,420,-1,35,3,-6,-2,3,1,-2,6,4,0,1,1,0,2,2,-2,2,0,0,-5,104,-4,-4,8,4,0,0,-1,-1,0,1,4,-1
KR_6774406873,420,-5,-15,-2,-5,-1,2,1,-4,6,2,1,2,3,-1,1,0,0,0,0,0,-10,-6,-2,-4,6,-1,0,0,1,-1,0,-1,4,-1
KR_6772146293,420,0,-9,2,-1,0,0,0,-3,3,0,2,0,2,0,1,1,0,2,2,0,0,-37,-2,-4,6,4,0,-1,1,-1,-1,1,5,-1
KR_6735083845,420,-1,41,-29,2,2,1,3,1,4,5,-1,3,2,3,2,5,-3,3,0,0,-7,12,5,-8,3,-5,0,1,-1,1,1,-1,2,-1
KR_6771056641,420,1,46,-8,-2,1,1,2,3,2,5,1,2,3,-3,6,3,-4,4,0,0,-18,-5,2,-8,6,3,0,0,-1,-1,1,1,5,-1
KR_6724976474,420,-1,-57,-27,-1,-2,4,2,3,3,6,2,2,4,-6,7,1,2,0,2,-1,0,-12,-4,-4,8,-1,0,0,-1,1,-1,-1,2,-1
KR_6592759759,420,2,31,31,7,2,1,3,0,4,4,2,1,3,3,3,6,0,0,0,0,5,18,6,-11,5,1,0,0,-1,-1,0,1,3,-1
KR_6772127076,420,-1,-44,11,-2,-2,3,1,-2,2,0,3,1,4,-1,3,2,0,1,1,0,-6,4,-4,-2,6,0,0,-1,1,-1,-1,1,5,-1
KR_6765809275,420,-2,-23,-7,-5,-1,5,4,-1,5,4,-1,3,2,0,1,1,-2,2,0,0,-1,-7,0,-4,4,-3,0,-1,-1,1,-1,1,1,-1
KR_6763910612,420,1,15,4,-2,1,1,2,0,6,6,-2,4,2,-3,5,2,2,2,4,0,-3,18,-1,-7,8,-8,0,1,1,-1,1,-1,3,-1
KR_6764765884,420,-1,-19,8,-4,-2,3,1,-2,5,3,0,2,2,1,2,3,-1,2,1,-1,-2,-107,0,-6,6,-5,0,0,1,-1,-1,-1,3,-1
KR_6770536783,420,3,-26,24,8,2,1,3,2,0,2,1,1,2,0,2,2,3,1,4,0,7,7,2,-5,3,-4,0,2,1,1,1,-1,6,-1
KR_6728769507,420,-4,-34,12,-11,-5,5,0,-2,4,2,0,1,1,-4,4,0,0,0,0,0,-9,-3,0,-7,7,2,0,-1,1,-1,-1,-1,1,-1
KR_6771976790,420,-2,-8,-16,-4,0,1,1,-1,3,2,2,1,3,-4,5,1,-1,1,0,0,-5,2,0,-5,5,1,0,-1,-1,1,-1,-1,1,-1
KR_6684842088,420,-1,8,0,1,3,0,3,0,3,3,0,1,1,-2,2,0,0,0,0,0,6,6,0,-5,5,1,0,0,1,-1,0,-1,2,-1
KR_6753461677,420,-2,32,-8,0,-1,2,1,2,2,4,-1,3,2,0,2,2,0,0,0,0,0,185,-1,-5,6,-24,0,0,-1,1,0,-1,2,-1
KR_6752330908,420,0,-73,24,-2,-5,5,0,9,1,10,0,0,0,-4,4,0,-2,2,0,0,-4,2,-5,-2,7,-4,0,-3,-1,1,-1,1,6,-1
KR_6765976758,420,0,4,7,-3,0,1,1,1,2,3,-1,4,3,-3,4,1,0,1,1,-1,-5,2,-5,-7,12,-4,0,0,-1,1,0,-1,6,-1
KR_6735806872,420,-2,-54,-8,-3,0,2,2,0,5,5,-6,6,0,1,2,3,2,1,3,-1,-1,17,5,-10,5,-1,0,1,-1,1,1,-1,3,-1
KR_6775692645,420,-3,-57,-17,-14,0,0,0,-4,7,3,-1,2,1,-4,7,3,-5,5,0,0,-18,-9,-3,-4,7,2,0,0,1,-1,0,-1,2,-1
KR_6754512602,420,-1,-42,-2,0,4,0,4,-5,6,1,-4,5,1,3,1,4,2,0,2,0,0,6,-1,-6,7,-5,0,-1,0,-1,-1,1,0,-1
KR_6777232216,420,-3,-32,4,-2,0,2,2,1,2,3,-5,5,0,3,2,5,-1,2,1,1,2,7,5,-11,6,-5,0,1,-1,-1,-1,1,5,-1
KR_6739336746,440,-3,15,12,-11,-2,3,1,1,1,2,-6,7,1,0,2,2,-4,5,1,-1,-13,1,1,-3,2,0,0,0,-1,1,0,-1,2,-1
KR_6744495189,420,-1,-65,-16,4,-1,1,0,2,1,3,0,3,3,2,1,3,1,1,2,0,7,-37,3,-10,7,-4,0,0,1,-1,0,-1,5,-1
KR_6771530660,440,-1,8,19,-4,-4,5,1,-1,2,1,2,1,3,0,3,3,-1,2,1,0,-3,-2,1,-8,7,-5,0,-1,0,-1,-1,-1,0,-1
KR_6762537750,420,-5,-84,-48,-8,-7,8,1,-1,2,1,3,1,4,-1,4,3,-2,2,0,0,0,2,1,-5,4,0,0,-3,-1,-1,-1,-1,5,-1
KR_6748473417,420,0,-26,12,1,1,0,1,-3,6,3,4,2,6,-2,7,5,1,0,1,0,12,-1,-2,-5,7,-5,0,0,1,-1,0,-1,2,-1
KR_6745140945,420,-4,-23,13,-10,0,2,2,-8,9,1,-5,7,2,2,3,5,1,1,2,1,-14,-21,0,-5,5,-3,0,-2,1,-1,-1,1,5,-1
KR_6719901806,420,-1,-70,-28,-11,-3,4,1,-1,4,3,-6,9,3,-1,3,2,0,3,3,0,-6,-15,-2,-4,6,-1,0,-2,-1,-1,-1,-1,6,-1
KR_6742317468,420,1,-65,12,0,-4,5,1,-1,6,5,3,4,7,2,2,4,0,1,1,0,5,-12,1,-5,4,-11,0,0,-1,-1,-1,1,3,-1
KR_6769875291,420,-3,-6,12,-9,-2,2,0,-2,4,2,1,1,2,-4,5,1,-2,5,3,-1,-10,13,-2,-6,8,-3,0,-1,-1,-1,-1,-1,1,-1
KR_6735617476,420,-1,-51,-1,-2,2,1,3,-2,3,1,-3,9,6,2,4,6,-1,1,0,0,-4,119,-2,-3,5,0,0,-2,1,-1,-1,1,3,-1
KR_6775886576,420,-1,20,-24,-4,-3,4,1,1,3,4,-3,4,1,0,1,1,1,0,1,0,-3,-1,2,-11,9,-6,0,0,1,-1,0,-1,4,-1
KR_6724879464,440,2,17,28,-4,6,0,6,1,2,3,-5,8,3,-6,8,2,0,0,0,0,-10,1,0,-4,4,-2,0,2,-1,1,1,-1,4,-1
KR_6762528017,420,-3,27,7,-7,-6,7,1,0,4,4,-1,1,0,-1,1,0,1,0,1,0,-10,31,-2,-5,7,-4,0,-2,-1,-1,-1,-1,6,-1
KR_6750777438,420,1,-5,-20,-4,-1,3,2,0,4,4,-4,5,1,1,7,8,0,2,2,1,2,11,2,-7,5,-7,0,-1,1,-1,-1,1,4,-1
KR_6773807692,420,-4,-7,1,-10,1,0,1,-5,6,1,-2,5,3,-3,5,2,-1,1,0,-1,-18,31,2,-7,5,-5,0,-1,-1,-1,-1,-1,4,-1
KR_6748185938,420,0,-48,-11,-3,0,4,4,-2,7,5,-2,5,3,0,3,3,1,0,1,0,6,6,1,-6,5,-5,0,0,1,0,-1,1,2,-1
KR_6776256265,440,1,-18,-28,4,2,2,4,-2,2,0,2,1,3,2,2,4,0,0,0,0,2,-2,0,-6,6,-3,0,1,-1,1,1,-1,1,-1
KR_6743794995,440,-5,-87,-18,-16,-2,2,0,-3,4,1,-2,7,5,-6,6,0,-3,3,0,0,-13,-1,-1,-4,5,-3,0,-1,-1,0,-1,-1,2,-1
KR_6773697105,420,0,-22,8,-4,2,1,3,-1,4,3,-1,4,3,-3,3,0,-1,1,0,0,-4,-6,-2,-7,9,3,0,-1,-1,-1,-1,-1,2,-1
KR_6653879111,420,1,-26,-25,-2,2,0,2,-3,5,2,2,1,3,-4,4,0,1,2,3,0,4,30,1,-8,7,1,0,0,-1,-1,-1,-1,2,-1
KR_6644779647,420,-1,-24,20,-2,-1,3,2,-3,5,2,4,0,4,0,1,1,-2,2,0,0,3,-6,-1,-8,9,2,0,1,-1,1,1,-1,6,-1
KR_6729238410,420,-7,-83,-44,-18,-4,4,0,-5,8,3,-4,7,3,-3,3,0,-2,2,0,-1,-10,-35,1,-7,6,-5,0,-2,-1,-1,-1,-1,4,-1
KR_6775015946,420,0,11,3,-3,0,1,1,0,4,4,-3,3,0,0,2,2,0,0,0,2,2,36,0,-6,6,-2,0,0,-1,-1,0,1,2,-1
KR_6757434688,420,1,-79,15,4,-1,1,0,1,2,3,6,1,7,-2,2,0,0,2,2,0,9,6,6,-11,5,-2,0,1,-1,1,1,-1,1,-1
KR_6758715365,420,-1,4,-4,-4,-3,4,1,1,3,4,-3,5,2,2,1,3,-1,2,1,0,-4,4,-2,-3,5,-1,0,1,-1,1,1,-1,6,-1
KR_6776124554,420,0,-29,-19,0,-2,5,3,-1,4,3,2,1,3,1,3,4,0,0,0,-1,-4,-2,-4,-3,7,-2,0,-1,-1,1,-1,-1,3,-1
KR_6752860262,420,-3,-44,-31,-4,-2,2,0,1,3,4,-3,4,1,2,2,4,-2,2,0,0,5,6,-3,-6,9,-2,0,-2,-1,-1,-1,1,6,-1
KR_6764687293,440,-4,19,3,-14,-2,2,0,-3,3,0,-1,4,3,-4,6,2,-4,6,2,0,-20,2,5,-8,3,-4,0,0,-1,-1,-1,-1,5,-1
KR_6751040760,420,-5,-61,-22,-13,-2,4,2,-1,2,1,-5,5,0,-3,3,0,-2,2,0,-1,-23,-5,0,-4,4,5,0,0,-1,-1,0,-1,2,-1
KR_6763565068,420,-2,-42,-2,-12,-2,2,0,-5,8,3,0,1,1,-3,3,0,-2,2,0,0,-9,-2,-4,-6,10,-4,0,-1,-1,1,-1,-1,4,-1
KR_6774515566,420,4,-9,28,-2,-2,2,0,-2,4,2,4,1,5,-1,3,2,-1,2,1,0,-4,-4,-4,-6,10,-3,0,0,1,-1,-1,-1,5,-1
KR_6774481588,420,1,-11,8,-4,1,0,1,1,2,3,1,0,1,-6,7,1,-1,1,0,0,-6,-4,-3,-7,10,5,0,0,-1,1,0,1,6,-1
KR_6777803019,420,3,11,24,8,2,1,3,3,1,4,1,0,1,-1,5,4,3,1,4,2,11,3,0,-4,4,-1,0,2,-1,1,1,1,4,-1
KR_6749107019,440,2,-45,4,2,1,2,3,-3,5,2,0,1,1,1,3,4,3,1,4,0,0,0,-2,-2,4,0,0,1,1,0,1,-1,6,-1
KR_6739182175,420,-2,-20,-7,-10,-1,4,3,-1,3,2,3,3,6,-9,9,0,-2,2,0,0,-20,258,-4,-1,5,1,0,-1,-1,-1,-1,-1,4,-1
KR_6759397445,420,7,33,27,13,3,0,3,5,0,5,4,1,5,1,3,4,0,3,3,0,12,6,-1,-6,7,0,0,1,-1,1,1,1,6,-1
KR_6771290509,420,1,26,-20,1,-1,1,0,1,6,7,0,1,1,2,4,6,-1,2,1,0,-2,-13,-4,-3,7,1,0,-1,-1,-1,-1,1,1,-1
KR_6763654966,440,1,-35,-14,0,-1,2,1,6,0,6,1,3,4,-2,4,2,-4,4,0,1,2,-3,-1,-6,7,4,0,0,1,-1,-1,1,1,-1
KR_6764079853,420,2,39,13,10,5,2,7,1,5,6,5,1,6,0,5,5,-1,2,1,3,10,-11,6,-12,6,3,0,0,1,1,1,1,1,-1
KR_6725495355,420,0,-10,-21,-2,-1,1,0,2,1,3,0,3,3,-2,5,3,-1,2,1,0,1,26,6,-8,2,-3,0,-1,-1,1,-1,-1,5,-1
KR_6711756805,420,1,-28,-12,3,-2,3,1,0,5,5,0,1,1,4,0,4,1,1,2,0,6,-7,0,-8,8,1,0,-1,1,1,-1,-1,2,-1
KR_6774562016,420,0,-27,-16,2,-5,5,0,6,1,7,-1,3,2,1,2,3,1,1,2,-1,8,15,1,-10,9,1,0,0,-1,-1,0,-1,6,-1
KR_6733205029,420,-1,16,-25,-2,0,1,1,-2,2,0,-1,2,1,1,1,2,0,0,0,0,-1,4,-1,-3,4,-3,0,0,-1,1,0,1,6,-1
KR_6773914163,420,1,-32,-43,6,0,1,1,1,4,5,1,1,2,3,1,4,1,2,3,0,6,-59,-1,-6,7,20,0,0,-1,-1,0,-1,5,-1
KR_6736022996,420,3,67,2,2,3,1,4,1,3,4,-2,6,4,2,2,4,-2,3,1,0,7,22,3,-10,7,5,0,1,1,-1,-1,-1,6,-1
KR_6740746585,440,-2,-47,-11,-7,-2,2,0,2,1,3,-5,5,0,2,4,6,-4,4,0,0,-2,14,6,-10,4,-3,0,0,-1,1,0,1,1,-1
KR_6774558828,420,-4,-97,-35,-6,0,3,3,0,2,2,-4,4,0,-4,6,2,2,1,3,0,-6,154,7,-8,1,-6,0,0,-1,1,-1,-1,5,-1
KR_6759702243,420,-2,-35,-4,-2,0,0,0,2,3,5,-1,4,3,-3,3,0,0,0,0,0,-2,-35,3,-6,3,-6,0,0,-1,1,1,-1,1,-1
KR_6732169555,420,-3,-38,1,-6,-4,5,1,-4,7,3,3,0,3,-1,3,2,0,1,1,0,-3,-17,-7,-4,11,0,0,-1,-1,-1,-1,-1,4,-1
KR_6766662999,420,-1,-4,-4,-2,-1,3,2,4,0,4,-2,3,1,-3,5,2,0,2,2,0,1,-1,-1,-8,9,-1,0,-2,1,-1,-1,1,5,-1
KR_6744603646,420,-1,-84,-2,7,-4,5,1,6,5,11,-2,3,1,6,0,6,1,2,3,1,23,-4,3,-6,3,-5,0,1,-1,-1,1,1,4,-1
KR_6773992145,440,-8,-111,-40,-11,-8,8,0,1,0,1,-2,4,2,-1,3,2,-1,1,0,0,0,-6,-4,0,4,2,0,-2,0,-1,-1,-1,0,-1
KR_6656746694,420,0,30,5,3,0,2,2,-1,3,2,5,1,6,-3,4,1,2,0,2,0,-3,4,0,-6,6,5,0,0,1,1,1,1,6,-1
KR_6777843794,420,3,35,9,3,-5,6,1,3,0,3,1,1,2,2,5,7,2,0,2,0,0,-39,-1,-6,7,-2,0,1,1,-1,1,-1,6,-1
KR_6755772012,420,-2,-30,-14,-5,-2,3,1,-5,7,2,-2,3,1,4,0,4,0,0,0,0,-1,-2,-7,-1,8,3,0,-1,-1,1,-1,-1,2,-1
KR_6774753457,420,-5,-15,-28,-11,-2,2,0,-2,5,3,-3,3,0,-4,4,0,0,0,0,-1,-14,-2,-7,-3,10,-4,0,-1,-1,-1,-1,-1,2,-1
KR_6764769875,440,0,-24,38,-7,5,0,5,-10,10,0,0,4,4,0,1,1,-2,3,1,0,-10,-1,-5,-3,8,4,0,0,1,-1,1,-1,6,-1
KR_6728108947,420,-1,30,26,0,-1,2,1,-1,5,4,-1,4,3,2,2,4,1,1,2,0,-1,-1,3,-7,4,4,0,1,-1,1,1,-1,3,-1
KR_6730749512,420,-3,-31,-4,-8,-3,3,0,2,4,6,-5,5,0,-3,4,1,1,0,1,0,-11,-3,0,-4,4,7,0,0,1,-1,-1,-1,5,-1
KR_6771251569,420,-3,-33,4,-16,0,3,3,-6,12,6,-3,4,1,-3,6,3,-4,5,1,-2,-24,22,-4,-5,9,-1,0,0,-1,1,-1,-1,1,-1
KR_6752388477,420,2,61,-15,5,0,1,1,0,2,2,2,2,4,-1,5,4,4,0,4,0,7,-1,1,-5,4,1,0,0,1,-1,1,-1,2,-1
KR_6756425935,420,-1,-85,31,-8,-2,3,1,0,5,5,-2,7,5,-3,3,0,-1,1,0,0,-15,-6,-3,-4,7,-2,0,-1,0,1,-1,-1,0,-1
KR_6751860399,420,-2,-2,-30,1,-1,4,3,1,3,4,1,1,2,3,2,5,-3,5,2,0,2,6,0,-5,5,3,0,-1,0,-1,-1,-1,0,-1
KR_6742365864,420,-1,-24,-2,-4,-1,4,3,2,0,2,-5,7,2,-1,2,1,1,2,3,0,-7,-7,-6,-3,9,-3,0,0,1,1,1,-1,1,-1
KR_6743871316,420,2,9,-2,-2,2,1,3,1,2,3,0,2,2,-5,5,0,0,0,0,0,-6,0,-3,-3,6,1,0,0,-1,1,0,-1,3,-1
KR_6745118585,420,0,-3,-3,-2,5,0,5,-3,4,1,-1,3,2,-3,4,1,0,1,1,0,-12,0,-9,0,9,-6,0,0,-1,-1,-1,1,5,-1
KR_6770721524,420,-1,-18,7,-5,-2,5,3,2,4,6,-1,4,3,-4,6,2,0,1,1,-2,-4,4,3,-7,4,-2,0,0,-1,1,0,1,5,-1
KR_6760985279,420,-3,-59,3,-12,-3,3,0,-2,4,2,1,2,3,-4,4,0,-4,4,0,0,-18,114,-4,-4,8,-4,0,0,1,1,1,-1,5,-1
KR_6770910844,420,1,19,8,0,3,1,4,-3,6,3,0,5,5,-3,3,0,3,1,4,0,-10,-3,-3,-2,5,-2,0,1,1,-1,1,1,3,-1
KR_6749867075,420,-2,-25,24,-11,-5,6,1,-3,5,2,-4,5,1,-1,4,3,2,1,3,-4,-15,-3,-2,-4,6,3,0,0,-1,-1,-1,-1,6,-1
KR_6641055758,420,3,-19,11,3,-1,2,1,1,6,7,1,4,5,2,2,4,0,1,1,0,7,-20,1,-8,7,-3,0,0,-1,1,-1,-1,3,-1
KR_6698394074,420,-4,7,-32,-3,2,1,3,-5,6,1,1,0,1,0,2,2,-1,1,0,0,-8,-9,0,-8,8,12,0,0,1,1,-1,-1,6,-1
KR_6617841138,420,-1,-28,-1,-10,-13,13,0,-3,4,1,3,0,3,5,0,5,-2,2,0,0,-5,-28,0,-5,5,-3,0,-1,-1,-1,-1,-1,5,-1
KR_6775936324,420,-1,-48,4,-3,2,0,2,-5,7,2,3,2,5,-4,5,1,1,0,1,0,-8,-5,-1,-6,7,1,0,1,-1,1,1,1,3,-1
KR_6688929326,420,-5,-64,-34,-18,-3,3,0,-4,6,2,-4,5,1,-6,7,1,-1,2,1,-1,-20,-45,-4,-5,9,21,0,-2,-1,-1,-1,-1,1,-1
KR_6742022028,420,-2,6,-8,-2,-1,3,2,2,1,3,-1,2,1,-2,3,1,0,0,0,0,-3,-28,0,-8,8,-1,0,-2,0,-1,-1,1,0,-1
KR_6755063751,420,1,-16,16,3,1,2,3,1,5,6,1,1,2,-2,4,2,2,0,2,1,7,4,1,-8,7,-5,0,-1,-1,1,-1,1,3,-1
KR_6774827555,440,-1,-77,12,-2,-1,3,2,-1,2,1,3,1,4,-1,3,2,-2,2,0,1,4,-321,1,-3,2,2,0,-1,1,1,-1,1,4,-1
KR_6777493957,420,-7,-8,-20,-5,-4,5,1,-4,7,3,1,1,2,2,1,3,0,1,1,1,2,-2,2,-5,3,-1,0,-1,-1,-1,-1,1,5,-1
KR_6747883664,440,1,-38,94,-1,-1,3,2,3,2,5,-2,2,0,-2,3,1,1,3,4,-1,1,-9,-2,-4,6,-1,0,-1,0,0,-1,-1,0,-1
KR_6700169798,420,-2,18,9,-2,-1,1,0,-2,5,3,2,2,4,-3,3,0,2,0,2,0,-1,-139,-1,-5,6,1,0,0,-1,0,0,-1,3,-1
KR_6711818269,420,0,-4,6,4,-6,6,0,-2,3,1,2,0,2,6,1,7,4,0,4,0,10,8,2,-8,6,0,0,2,1,1,1,1,5,-1
KR_6777371098,420,-1,-10,12,-1,-1,3,2,1,3,4,-4,6,2,3,1,4,0,2,2,1,-5,-6,-4,-5,9,1,0,-1,1,-1,-1,1,3,-1
KR_6731664966,420,-1,-33,-7,-5,-4,4,0,1,4,5,-2,3,1,-1,4,3,1,0,1,0,-9,-1,-4,-1,5,3,0,-1,1,-1,-1,-1,6,-1
KR_6775829711,420,-1,-6,-4,-1,1,0,1,-4,4,0,1,0,1,0,4,4,1,0,1,0,-2,168,-5,-4,9,5,0,0,-1,1,-1,1,5,-1
KR_6769675778,440,-1,14,-31,4,2,0,2,-1,1,0,-1,2,1,4,1,5,0,2,2,1,4,-2,-1,-3,4,1,0,0,-1,1,0,1,5,-1
KR_6772352668,420,-1,21,4,-2,3,0,3,-4,7,3,-3,5,2,4,1,5,-2,2,0,0,-2,-2,0,-4,4,-2,0,0,0,1,1,1,0,-1
KR_6763660709,420,-1,-1,-47,-1,1,0,1,0,1,1,0,2,2,-2,4,2,0,0,0,0,-2,9,1,-7,6,-2,0,0,-1,-1,-1,1,4,-1
KR_6738770570,420,-4,-29,-4,-9,-3,5,2,-2,3,1,-3,4,1,1,1,2,-2,2,0,0,-6,-17,-5,-7,12,2,0,0,-1,-1,0,-1,5,-1
KR_6771628529,440,-3,-76,-20,-13,-3,4,1,-1,2,1,-1,3,2,-5,6,1,-3,3,0,0,-9,-15,-2,-3,5,0,0,-3,-1,-1,-1,-1,4,-1
KR_6763217292,420,0,-8,-5,-3,0,2,2,0,2,2,-3,4,1,-4,4,0,4,0,4,-1,-5,3,-2,-6,8,-6,0,-1,-1,-1,-1,-1,5,-1
KR_6757671713,420,-4,-9,12,-3,-1,4,3,-3,8,5,6,2,8,-7,8,1,2,1,3,2,4,12,2,-4,2,-10,0,-2,-1,-1,-1,1,2,-1
KR_6777440167,440,0,13,-46,5,1,0,1,8,1,9,-3,4,1,1,0,1,-2,2,0,0,7,-39,0,-6,6,2,0,0,-1,1,0,-1,6,-1
KR_6774485259,420,-7,-124,10,-13,-4,4,0,0,1,1,-3,4,1,-5,5,0,-1,1,0,-1,-18,-35,-3,-2,5,0,0,-2,-1,-1,-1,-1,1,-1
KR_6748819712,420,-2,-29,8,-2,0,1,1,1,2,3,2,0,2,-3,4,1,-2,2,0,0,-3,38,5,-9,4,-27,0,0,1,1,0,-1,4,-1
KR_6672722068,420,-2,54,-1,-3,3,1,4,0,2,2,-5,7,2,-1,3,2,0,0,0,0,-14,-39,3,-8,5,-3,0,0,-1,1,1,-1,2,-1
KR_6729314734,420,-7,-110,-36,-16,-4,4,0,-5,8,3,-3,4,1,-4,6,2,0,2,2,1,-15,-7,-7,-2,9,1,0,-3,-1,-1,-1,1,3,-1
KR_6775605009,420,-2,-61,0,1,1,1,2,1,2,3,0,2,2,2,0,2,-3,3,0,0,3,6,0,-11,11,-1,0,0,-1,1,0,1,2,-1
KR_6769840183,420,-2,-8,11,-4,5,0,5,-5,5,0,1,1,2,-3,4,1,-2,2,0,0,-14,0,-7,-6,13,2,0,0,1,1,0,1,5,-1
KR_6776283327,420,-1,-19,2,-5,5,1,6,-4,4,0,0,1,1,-3,4,1,-3,3,0,0,-8,275,2,-6,4,-5,0,1,1,1,1,1,6,-1
KR_6766290493,420,-5,-29,-20,-6,-1,2,1,-4,5,1,-1,1,0,-2,3,1,2,2,4,0,-2,-13,1,-9,8,-3,0,-1,-1,-1,-1,-1,2,-1
KR_6740602977,420,-7,-112,-17,-17,-4,4,0,-4,7,3,1,3,4,-6,8,2,-4,4,0,-1,-21,-1,1,-5,4,-2,0,-3,-1,-1,-1,-1,3,-1
KR_6751101545,420,-2,-90,8,-13,-4,4,0,-5,8,3,-2,2,0,0,4,4,-2,2,0,-2,-17,-44,-2,-4,6,-1,-1,-4,-1,1,-1,1,1,-1
KR_6737263209,420,3,83,4,-2,2,1,3,-1,3,2,-2,3,1,3,1,4,-4,9,5,0,-6,-6,0,-7,7,7,0,-1,1,-1,-1,1,3,-1
KR_6771252482,420,0,-32,-5,-5,-5,6,1,5,2,7,1,2,3,-6,6,0,0,1,1,0,-7,1,0,-7,7,0,0,1,-1,1,1,-1,6,-1
KR_6684943936,420,-8,-71,-20,-20,-4,4,0,-6,6,0,-8,9,1,0,3,3,-2,2,0,0,-19,1,2,-8,6,1,0,0,-1,-1,-1,-1,6,-1
KR_6755780991,420,-3,-53,-28,-8,-3,4,1,5,2,7,-2,3,1,-7,9,2,-1,1,0,-2,-4,22,0,-4,4,0,0,-2,0,-1,-1,-1,0,-1
KR_6729675268,420,-2,-46,21,-2,0,4,4,-1,4,3,-3,3,0,2,2,4,0,0,0,0,5,9,-5,-6,11,-5,0,-1,1,-1,-1,1,5,-1
KR_6573314056,420,-7,-81,-16,-18,-5,7,2,-4,6,2,-4,5,1,-4,6,2,-1,1,0,0,-14,-31,1,-8,7,-2,0,-2,-1,-1,-1,-1,3,-1
KR_6750876670,420,-4,-48,-23,-11,0,2,2,-5,6,1,-1,4,3,4,0,4,-9,9,0,0,-7,-2,-7,-3,10,-3,0,-3,-1,-1,-1,-1,3,-1
KR_6763884212,420,-2,-28,-21,-3,-2,2,0,0,0,0,-2,2,0,0,1,1,1,0,1,0,-5,-33,-2,-8,10,3,0,0,-1,-1,0,-1,6,-1
KR_6772369982,420,-6,-29,-33,-15,-2,3,1,-5,7,2,-5,6,1,-2,4,2,-1,1,0,0,-16,80,4,-8,4,-2,0,-2,-1,-1,-1,1,2,-1
KR_6776469487,420,0,-16,19,-10,-3,4,1,-3,3,0,-1,3,2,-3,3,0,0,0,0,0,-12,-100,-4,-5,9,-1,0,0,-1,1,0,1,4,-1
KR_6772172832,440,-1,-45,15,-8,-1,5,4,0,2,2,1,0,1,-6,9,3,-2,3,1,-1,-11,-122,2,-5,3,-1,0,-1,-1,1,-1,-1,4,-1
KR_6771816163,420,-3,-78,4,-2,1,2,3,-4,6,2,0,1,1,2,0,2,-1,1,0,0,-5,9,-3,-5,8,2,0,0,-1,-1,0,-1,4,-1
KR_6766986270,420,-6,-56,0,-18,-1,2,1,-2,4,2,-5,5,0,-9,10,1,-1,2,1,0,-22,-2,-1,-5,6,-2,0,-2,1,-1,-1,1,5,-1
KR_6769174152,420,1,-39,4,0,-4,4,0,0,5,5,0,0,0,2,1,3,2,0,2,0,0,-5,-2,-5,7,6,0,0,1,1,1,1,6,-1
KR_6749003791,420,-1,-8,-2,-1,0,2,2,0,1,1,1,2,3,-2,3,1,0,0,0,0,1,-115,-2,-6,8,-5,0,-1,-1,-1,-1,-1,6,-1
KR_6698486913,420,-1,-11,10,-9,-1,1,0,-8,11,3,0,3,3,0,1,1,0,0,0,1,-8,-10,0,-4,4,2,0,-1,-1,1,-1,1,5,-1
KR_6748595938,420,1,-4,-7,-2,-1,3,2,2,2,4,0,2,2,-2,2,0,-1,4,3,0,-1,3,0,-7,7,-5,0,-1,1,-1,-1,1,2,-1
KR_6735987406,420,1,-14,24,4,-4,8,4,2,1,3,3,0,3,2,3,5,1,0,1,-2,10,9,5,-7,2,-3,0,-1,1,-1,-1,-1,6,-1
KR_6713091575,420,-2,-58,35,3,-4,4,0,1,2,3,1,1,2,4,1,5,1,0,1,0,13,4,5,-8,3,-4,0,0,1,-1,-1,1,2,-1
KR_6776281068,420,-5,-8,-6,-12,0,1,1,-6,7,1,-4,5,1,0,4,4,-2,3,1,0,-13,0,0,-6,6,-4,0,-1,-1,-1,-1,-1,3,-1
KR_6764611498,420,2,43,48,3,1,2,3,0,2,2,6,0,6,-4,5,1,0,0,0,1,-1,10,6,-11,5,-3,0,1,1,1,1,1,6,-1
KR_6757328595,420,-6,-63,-23,-13,1,1,2,-6,6,0,-1,3,2,-6,6,0,-1,2,1,0,-21,-72,-3,-4,7,-3,0,-1,-1,-1,-1,1,4,-1
KR_6769944755,420,-1,-30,1,4,1,3,4,2,0,2,-4,4,0,2,2,4,3,1,4,0,4,-6,-2,-7,9,-2,0,1,-1,-1,1,1,6,-1
KR_6766656257,420,-3,-16,-17,-2,-3,4,1,0,2,2,2,1,3,2,1,3,-3,3,0,0,2,-16,-1,-5,6,3,0,-1,-1,-1,-1,-1,5,-1
KR_6752556953,420,1,20,-4,4,-2,3,1,-1,6,5,-1,2,1,4,0,4,4,1,5,-1,3,135,-2,-4,6,2,0,0,1,-1,1,-1,5,-1
KR_6775047310,420,-2,-17,33,-7,-3,3,0,2,5,7,-3,3,0,-3,3,0,0,1,1,0,-4,-28,-2,-6,8,0,0,0,1,-1,-1,1,1,-1
KR_6747989027,420,1,-66,-4,4,-1,2,1,1,6,7,2,0,2,1,2,3,1,2,3,0,15,-51,1,-6,5,28,0,-1,1,-1,-1,1,3,-1
KR_6769874835,420,1,-9,20,7,2,2,4,1,3,4,1,3,4,4,4,8,-1,1,0,0,13,-2,1,-7,6,-3,0,0,-1,1,-1,1,3,-1
KR_6756231532,420,-1,15,27,-2,0,1,1,-1,8,7,2,0,2,-2,3,1,-1,1,0,1,1,6,-3,-3,6,-2,0,0,1,-1,-1,1,6,-1
KR_6747004637,420,0,-39,-4,-7,-1,2,1,-4,4,0,-1,3,2,-1,1,0,0,1,1,0,-9,-2,1,-5,4,2,0,1,-1,-1,1,1,2,-1
KR_6775533475,420,-6,-82,-36,-15,-4,5,1,-2,2,0,0,2,2,-3,5,2,-6,6,0,0,-10,123,4,-7,3,-2,0,-3,-1,-1,-1,-1,3,-1
KR_6758392791,440,0,50,22,3,4,2,6,4,3,7,-3,7,4,-3,5,2,1,2,3,3,4,-2,-3,-4,7,0,0,1,-1,1,1,1,1,-1
KR_6738679994,440,-1,-13,-1,-4,2,1,3,0,2,2,-3,4,1,-2,5,3,-1,4,3,-1,-8,-1,0,-3,3,-1,0,0,1,1,0,-1,3,-1
KR_6754521838,420,-3,-60,-34,-6,4,1,5,-3,4,1,-5,5,0,-1,5,4,-1,1,0,0,-2,213,2,-5,3,-11,0,-1,-1,1,-1,-1,4,-1
KR_6768083281,420,-1,11,8,-2,-2,4,2,1,5,6,1,2,3,-4,7,3,2,1,3,0,-6,37,4,-7,3,-6,0,-1,1,-1,-1,1,2,-1
KR_6768896439,420,-2,-7,-10,4,1,2,3,3,0,3,-1,1,0,2,1,3,-1,1,0,0,5,236,-1,-4,5,3,0,0,-1,1,1,1,3,-1
KR_6766675674,420,-6,-11,-17,-12,-1,3,2,-7,7,0,-2,6,4,-1,1,0,-1,1,0,0,-8,-3,-1,-3,4,-5,0,-1,-1,-1,-1,1,3,-1
KR_6775190236,420,-5,-31,-19,-17,-6,6,0,-2,4,2,-4,6,2,-1,3,2,-4,4,0,-1,-10,-19,-1,-8,9,-1,0,-3,1,-1,-1,-1,1,-1
KR_6726579004,420,-4,-41,-29,-10,0,1,1,-1,4,3,1,1,2,-3,4,1,-7,7,0,0,-11,-5,-3,-4,7,1,0,-2,-1,1,-1,-1,3,-1
KR_6740150079,420,-4,-113,-3,-12,3,0,3,-2,4,2,-6,6,0,-7,9,2,0,0,0,-2,-14,22,-4,-3,7,-1,0,-1,-1,-1,-1,-1,2,-1
KR_6752785444,420,-3,-61,-1,1,0,2,2,1,1,2,2,0,2,0,4,4,-2,2,0,0,8,4,1,-7,6,-2,0,-1,1,0,-1,-1,3,-1
KR_6776239909,440,-6,-120,-4,-22,-5,5,0,-4,4,0,-2,4,2,-5,5,0,-6,6,0,0,-17,-3,-1,-4,5,2,0,-3,1,-1,-1,-1,4,-1
KR_6736431181,420,-1,60,39,-2,5,0,5,-5,7,2,-2,3,1,0,4,4,0,3,3,0,-7,-10,0,-5,5,2,0,0,-1,-1,-1,-1,2,-1
KR_6774527149,420,0,15,-25,4,0,3,3,-1,5,4,1,1,2,3,3,6,1,0,1,0,-1,166,-2,-6,8,1,0,1,1,-1,-1,1,4,-1
KR_6752928753,420,3,-17,10,-1,1,3,4,0,2,2,1,4,5,-3,5,2,0,1,1,0,4,22,-3,-4,7,-5,0,1,-1,-1,1,-1,1,-1
KR_6714476433,420,-2,25,27,-2,-1,4,3,1,2,3,1,3,4,0,2,2,-3,3,0,0,-3,43,2,-7,5,-11,0,0,1,-1,1,1,5,-1
KR_6768056177,420,3,0,-17,8,6,0,6,-1,3,2,-1,2,1,4,1,5,0,1,1,0,3,1,4,-8,4,4,0,1,-1,1,1,1,2,-1
KR_6725632249,420,-4,-82,-67,-12,-2,4,2,-4,4,0,-4,4,0,-3,4,1,1,1,2,0,-8,3,5,-9,4,0,0,0,-1,-1,-1,1,6,-1
KR_6763604768,420,-3,-31,20,-6,-2,3,1,-3,6,3,0,3,3,2,3,5,-3,3,0,-3,-12,2,1,-7,6,1,0,0,1,-1,0,-1,5,-1
KR_6777857838,420,-5,-34,-12,-11,-5,5,0,-4,5,1,-1,2,1,0,2,2,-1,1,0,0,-11,8,5,-9,4,-4,0,-1,1,1,-1,-1,2,-1
KR_6752048470,420,1,-60,32,4,0,2,2,2,1,3,6,1,7,-4,5,1,0,1,1,0,5,-41,1,-6,5,2,0,-1,1,1,-1,1,1,-1
KR_6763035819,420,0,-3,6,-2,2,1,3,2,2,4,-3,4,1,0,3,3,-3,3,0,0,-8,39,2,-6,4,-24,0,0,1,1,-1,-1,4,-1
KR_6741080929,420,-5,-48,-12,-4,-2,4,2,3,0,3,-2,2,0,-4,4,0,1,0,1,1,-8,-33,-5,-5,10,2,0,0,-1,1,0,1,2,-1
KR_6774876853,440,2,-14,12,2,-3,3,0,0,3,3,3,1,4,-1,4,3,3,0,3,0,0,6,-1,-5,6,-3,0,2,-1,1,1,-1,3,-1
KR_6773973036,420,-1,-34,9,-3,-2,3,1,-2,3,1,-2,2,0,3,2,5,0,1,1,0,-7,9,0,-7,7,-19,0,0,1,1,1,1,3,-1
KR_6763897403,420,5,36,10,13,5,0,5,5,1,6,1,3,4,-1,4,3,3,1,4,0,3,-2,3,-6,3,-4,0,0,1,1,1,1,3,-1
KR_6672798970,420,1,14,4,6,0,0,0,0,3,3,3,1,4,-1,3,2,4,0,4,0,-3,3,-2,-5,7,1,0,0,-1,1,0,1,3,-1
KR_6773901388,420,-1,-40,-3,3,0,3,3,-1,3,2,5,1,6,-2,4,2,1,0,1,0,-1,-5,-1,-5,6,-3,0,-1,-1,1,-1,1,4,-1
KR_6763954568,420,-1,-16,-11,2,1,1,2,-1,3,2,-2,2,0,4,2,6,0,0,0,0,1,1,6,-10,4,-1,0,0,-1,1,1,1,3,-1
KR_6764660055,440,-9,-71,-19,-18,-3,5,2,-7,8,1,-6,6,0,-1,5,4,-1,2,1,0,-34,-4,3,-5,2,-3,0,-1,-1,0,-1,-1,3,-1
KR_6767314385,420,-4,-55,3,-3,-3,4,1,1,5,6,-2,4,2,0,5,5,1,0,1,-1,-11,-15,-6,-5,11,2,0,-2,-1,1,-1,-1,1,-1
KR_6733264657,420,0,41,-8,2,0,1,1,0,1,1,0,1,1,1,1,2,1,0,1,0,11,10,-1,-6,7,7,0,1,-1,1,1,1,1,-1
KR_6651292824,420,-1,-47,15,-8,5,1,6,-4,5,1,-5,5,0,-2,4,2,-2,2,0,-1,-17,19,-7,-5,12,-6,0,3,-1,1,1,-1,6,-1
KR_6777010180,440,-3,-23,4,3,1,1,2,2,1,3,-4,5,1,-2,2,0,6,0,6,0,0,2,0,-6,6,0,0,-1,1,1,1,1,4,-1
KR_6774816272,420,-5,-25,-6,-11,3,0,3,-5,5,0,-8,8,0,1,1,2,-2,2,0,0,-12,-9,-7,-4,11,-1,0,-2,-1,-1,-1,-1,4,-1
KR_6759867628,440,5,27,12,9,0,1,1,-1,4,3,3,0,3,6,0,6,1,0,1,2,16,-7,6,-9,3,2,0,2,1,1,1,1,2,-1
KR_6704280924,420,5,42,47,7,1,0,1,0,1,1,0,0,0,4,2,6,2,2,4,1,10,44,-8,-4,12,-6,0,2,0,1,1,1,0,-1
KR_6774889583,420,-1,-46,11,-7,2,2,4,-6,7,1,0,1,1,-1,3,2,-2,3,1,-1,-13,5,1,-7,6,-6,0,-1,-1,-1,-1,-1,3,-1
KR_6761986176,420,-5,-133,-14,-14,0,4,4,-3,7,4,-1,2,1,-8,9,1,-2,3,1,0,-15,-1,0,-7,7,-5,0,-5,-1,-1,-1,-1,2,-1
KR_6758030617,420,-2,-25,12,-14,2,1,3,-9,9,0,-5,6,1,-3,5,2,1,0,1,0,-20,125,1,-4,3,-4,0,0,-1,-1,0,1,3,-1
KR_6763444423,440,-3,-45,-2,5,1,0,1,6,5,11,0,0,0,-1,3,2,-1,1,0,0,9,-2,4,-10,6,6,0,0,1,-1,0,-1,2,-1
KR_6744947688,420,-2,-8,24,-10,0,2,2,-6,7,1,-5,5,0,1,2,3,0,0,0,0,-15,-9,0,-5,5,-8,0,-1,1,-1,-1,-1,3,-1
KR_6595720618,420,-3,0,-43,-8,1,1,2,-6,6,0,-4,5,1,1,2,3,0,0,0,0,-11,3,-3,-5,8,-2,0,-2,-1,-1,1,-1,6,-1
KR_6600978004,420,0,-2,-23,0,1,2,3,-1,3,2,-1,1,0,1,4,5,0,1,1,0,5,-1,0,-5,5,1,0,0,0,0,0,-1,0,-1
KR_6776357150,420,-3,-25,-16,-2,0,0,0,0,3,3,-3,4,1,3,1,4,-2,3,1,1,7,9,3,-7,4,-11,0,0,1,-1,0,1,5,-1
KR_6774087234,420,-1,-23,-16,3,-1,2,1,4,3,7,2,2,4,-1,5,4,-1,1,0,1,3,2,3,-7,4,2,0,-1,1,-1,-1,1,3,-1
KR_6703512225,420,-3,-37,1,-11,0,3,3,-3,3,0,-2,2,0,-6,6,0,0,0,0,0,-20,-1,1,-5,4,0,0,-2,-1,-1,-1,-1,4,-1
KR_6775858565,420,-5,-57,-6,-10,-5,5,0,-1,3,2,-2,2,0,-2,5,3,0,0,0,0,-11,217,-4,-5,9,-3,0,0,-1,1,0,-1,6,-1
KR_6772487090,420,-1,52,7,-8,0,1,1,-3,3,0,-3,8,5,-1,1,0,-1,1,0,0,-8,-156,-2,-6,8,-1,0,0,-1,1,-1,1,1,-1
KR_6757620346,420,-1,-4,-3,-1,-1,3,2,1,3,4,2,2,4,-2,4,2,-1,2,1,1,2,16,6,-10,4,-3,0,-1,1,1,-1,1,3,-1
KR_6753320142,420,-5,-74,-4,-10,-4,5,1,0,1,1,2,2,4,-7,7,0,-1,1,0,0,-5,-1,-1,-6,7,-3,0,-2,-1,-1,-1,-1,6,-1
KR_6744777543,420,0,1,16,-5,2,1,3,-5,8,3,-1,3,2,-2,2,0,1,0,1,0,-10,8,-5,-5,10,-3,0,1,1,-1,1,1,5,-1
KR_6769149676,420,-2,-37,13,-6,2,1,3,0,1,1,0,0,0,-5,5,0,-3,3,0,0,-7,0,0,-6,6,-6,0,-1,-1,1,-1,-1,4,-1
KR_6761299664,420,-2,-97,-11,-3,3,0,3,-1,2,1,-3,4,1,1,2,3,-3,3,0,0,-4,11,-2,-2,4,-1,0,0,1,-1,-1,1,3,-1
KR_6742359497,420,-6,-52,-36,-17,-6,6,0,-3,4,1,-2,4,2,-2,4,2,-4,4,0,0,-16,-132,-5,-2,7,-1,0,-3,-1,-1,-1,1,6,-1
KR_6769204787,420,-4,-51,-20,-4,1,2,3,1,1,2,-1,3,2,-2,5,3,-3,3,0,0,-4,11,6,-9,3,-9,0,0,1,1,0,1,4,-1
KR_6776559942,440,-1,10,0,3,2,1,3,-1,4,3,3,0,3,2,0,2,-3,3,0,0,2,-3,3,-6,3,-7,0,1,1,1,1,1,2,-1
KR_6694220797,420,-1,-52,13,-8,-1,2,1,-1,6,5,-4,5,1,-4,5,1,2,1,3,0,-1,-19,4,-11,7,-4,0,-1,-1,-1,-1,-1,5,-1
KR_6757491239,420,-5,-48,-53,-16,-4,5,1,2,4,6,-5,5,0,-5,5,0,-4,5,1,0,-10,-24,0,-3,3,1,0,0,-1,1,-1,-1,3,-1
KR_6575011803,420,1,-6,-16,3,-1,4,3,3,1,4,4,2,6,-4,5,1,1,0,1,1,3,6,2,-6,4,-1,0,0,1,1,1,1,2,-1
KR_6625535614,420,1,12,-21,2,0,2,2,-1,2,1,1,4,5,2,2,4,0,0,0,0,-2,7,1,-8,7,-1,0,2,-1,1,1,1,3,-1
KR_6760029709,420,1,-23,-10,3,0,2,2,3,3,6,-3,3,0,3,0,3,0,1,1,2,3,13,2,-7,5,1,0,0,1,-1,-1,1,5,-1
KR_6745485439,440,-2,-37,-22,-4,-6,6,0,1,2,3,0,3,3,-1,2,1,2,0,2,0,4,-7,-4,0,4,2,0,-2,1,-1,-1,-1,5,-1
KR_6667826793,420,-2,-12,-4,-5,-1,2,1,-3,3,0,4,1,5,-4,6,2,-1,1,0,0,-3,-5,-7,-2,9,5,0,0,-1,-1,-1,-1,4,-1
KR_6773748913,420,1,-5,-23,2,-1,1,0,3,1,4,3,1,4,-2,7,5,-1,1,0,0,-1,-13,1,-8,7,1,0,-1,-1,1,1,-1,4,-1
KR_6764728652,420,-2,-44,-3,-10,-4,5,1,-2,3,1,-1,1,0,-2,4,2,-1,1,0,0,-22,-36,2,-7,5,-3,0,-1,-1,-1,-1,1,5,-1
KR_6776804113,420,0,14,16,-3,2,2,4,1,2,3,-4,5,1,-1,4,3,-1,1,0,1,-7,5,-7,-5,12,-5,0,0,1,1,1,1,1,-1
KR_6765591932,420,0,-68,30,-3,1,1,2,-1,3,2,-1,4,3,-4,5,1,2,0,2,0,-5,29,-5,-3,8,1,0,1,1,1,-1,-1,1,-1
KR_6761263857,420,0,17,6,1,3,0,3,-5,8,3,3,1,4,-4,4,0,4,2,6,0,1,4,-1,-11,12,-7,0,-1,1,1,-1,-1,1,-1
KR_6774589736,420,1,-21,-24,-7,-2,4,2,-1,4,3,-4,5,1,1,3,4,-1,1,0,0,-6,-8,4,-9,5,5,0,0,-1,-1,0,-1,3,-1
KR_6761542857,420,-1,-20,-20,4,-1,1,0,0,2,2,1,3,4,3,2,5,1,0,1,0,2,4,-2,-7,9,5,0,0,1,-1,0,1,3,-1
KR_6707091393,420,-1,-49,4,-5,2,0,2,2,0,2,-3,5,2,-5,5,0,-1,1,0,0,-2,7,-2,-4,6,1,0,0,1,-1,-1,-1,6,-1
KR_6767010926,420,-4,-40,-20,-11,-7,7,0,-4,7,3,-1,1,0,3,5,8,-2,2,0,0,-10,-35,-5,-4,9,-1,0,-1,1,-1,-1,-1,4,-1
KR_6765123141,440,-2,-24,-10,-2,3,1,4,-3,6,3,-7,9,2,2,3,5,3,0,3,1,8,16,8,-10,2,1,0,1,-1,1,1,1,2,-1
KR_6761086672,420,1,48,2,1,2,0,2,3,0,3,-2,5,3,-2,2,0,0,0,0,0,-4,9,-1,-6,7,-2,0,0,1,1,0,-1,1,-1
KR_6745273722,420,-6,-105,-43,-17,1,0,1,-1,1,0,-9,11,2,-6,9,3,-2,3,1,-3,-20,-346,-6,-4,10,-4,0,-2,-1,-1,-1,-1,2,-1
KR_6763020267,420,1,12,-15,4,-4,4,0,3,3,6,0,1,1,5,0,5,0,1,1,0,9,-14,2,-6,4,-5,0,0,1,-1,0,1,3,-1
KR_6777528379,420,-1,-56,11,0,-4,5,1,-4,5,1,0,3,3,5,1,6,3,1,4,0,1,9,-4,-6,10,0,0,0,1,-1,-1,1,1,-1
KR_6760718560,420,-3,-41,16,4,-3,5,2,1,1,2,6,1,7,0,4,4,0,0,0,0,-3,23,4,-5,1,1,0,0,0,0,1,1,0,-1
KR_6768808799,420,1,-56,-14,0,-2,4,2,-1,3,2,3,1,4,0,2,2,0,0,0,1,6,-8,-3,-3,6,2,0,-1,-1,1,1,1,2,-1
KR_6765351768,420,-3,-26,-20,-7,3,2,5,-6,6,0,1,2,3,-4,5,1,-1,1,0,0,-9,1,2,-5,3,-2,0,0,-1,1,1,1,6,-1
KR_6720217837,420,-6,-69,12,-13,-5,5,0,-2,4,2,-1,5,4,-5,5,0,0,1,1,0,-16,-8,-4,-1,5,-3,0,-3,1,-1,-1,-1,5,-1
KR_6771567629,420,1,44,4,8,2,1,3,0,4,4,-4,4,0,10,2,12,0,1,1,3,12,-23,0,-2,2,2,0,0,1,-1,1,1,5,-1
KR_6774867359,440,-2,-2,-33,3,0,3,3,-2,4,2,0,2,2,4,0,4,1,0,1,2,12,7,4,-7,3,-3,0,0,1,1,-1,1,1,-1
KR_6756896735,420,0,58,-8,-2,1,0,1,-3,4,1,-1,1,0,-1,5,4,2,0,2,0,-4,4,1,-7,6,-4,0,0,-1,-1,1,1,6,-1
KR_6704066030,440,-5,-120,4,-8,1,0,1,-4,8,4,-4,6,2,-1,2,1,0,2,2,0,-16,-36,-3,-1,4,-1,0,-2,-1,1,-1,-1,3,-1
KR_6752975007,420,2,-12,-9,7,-2,5,3,6,1,7,0,3,3,2,0,2,1,0,1,0,16,0,-6,-5,11,2,0,1,-1,1,-1,1,2,-1
KR_6767832670,420,-1,51,19,3,1,1,2,3,4,7,-2,3,1,1,1,2,0,2,2,0,2,-112,-2,-3,5,3,0,1,1,-1,1,1,2,-1
KR_6741175810,420,-2,-50,-11,-5,-4,6,2,-1,2,1,2,0,2,0,1,1,-2,2,0,0,-2,10,3,-7,4,-1,0,-1,1,-1,-1,-1,5,-1
KR_6757926672,420,0,-38,-8,0,-3,3,0,1,2,3,1,2,3,1,1,2,0,0,0,0,-2,-6,0,-7,7,-2,0,0,1,-1,-1,-1,3,-1
KR_6729108884,420,-1,24,16,-5,1,1,2,-7,7,0,3,1,4,2,0,2,-4,4,0,0,-15,-30,-7,-2,9,2,0,0,-1,-1,-1,-1,1,-1
KR_6771089875,420,-2,31,-15,-4,1,0,1,-5,7,2,1,2,3,-1,4,3,0,0,0,0,-9,4,7,-10,3,-1,0,0,-1,-1,1,-1,6,-1
KR_6760054203,420,0,34,-5,3,1,2,3,1,1,2,2,3,5,-2,3,1,1,0,1,0,-9,-8,0,-8,8,1,0,1,1,-1,-1,1,3,-1
KR_6773570775,440,0,-31,-24,1,3,1,4,0,3,3,-2,4,2,3,2,5,-3,3,0,-1,-2,7,-2,-5,7,-5,0,0,-1,-1,1,-1,6,-1
KR_6761642880,420,1,-31,8,1,4,2,6,-5,9,4,3,1,4,-1,4,3,0,0,0,0,5,44,3,-7,4,-1,0,-1,1,-1,-1,1,1,-1
KR_6776457206,420,0,-63,59,-4,-2,2,0,-2,7,5,1,3,4,0,2,2,-1,1,0,1,-13,-40,-6,-8,14,5,0,0,-1,1,0,-1,4,-1
KR_6771408992,420,0,39,33,1,-1,1,0,-1,1,0,0,2,2,3,2,5,0,1,1,0,0,-38,1,-5,4,-27,0,1,1,1,1,1,4,-1
KR_6775645964,420,-3,-58,-22,-13,0,3,3,-5,6,1,-1,2,1,-8,8,0,1,1,2,0,-14,-3,-1,-5,6,-2,0,1,-1,1,1,-1,5,-1
KR_6748078694,420,-3,-68,-12,-10,-2,4,2,-5,5,0,-1,5,4,1,0,1,-3,4,1,0,-6,2,-5,-6,11,-1,0,0,1,-1,-1,1,6,-1
KR_6777567726,420,-1,-21,36,-6,-4,5,1,5,1,6,-1,4,3,-5,7,2,-1,2,1,1,4,-4,-5,-3,8,3,0,0,1,-1,0,-1,3,-1
KR_6774418909,420,-2,64,-18,-1,-1,2,1,2,0,2,-1,2,1,1,2,3,-2,2,0,0,-4,-46,2,-8,6,5,0,0,1,-1,-1,1,1,-1
KR_6775159839,420,-7,-18,-7,-19,1,0,1,-4,5,1,-3,5,2,-13,13,0,0,0,0,-1,-28,-168,-1,-2,3,1,0,1,1,1,-1,-1,3,-1
KR_6698813021,420,0,1,8,-3,3,1,4,-8,9,1,0,2,2,1,2,3,1,0,1,0,-6,7,0,-9,9,-2,0,-2,1,-1,-1,1,5,-1
KR_6773123330,420,-2,66,4,-8,0,1,1,-3,6,3,-8,8,0,4,1,5,-1,1,0,0,-12,18,1,-9,8,-11,0,1,1,1,1,1,2,-1
KR_6764158019,420,0,-79,-8,7,1,0,1,1,0,1,0,1,1,-1,3,2,6,1,7,-1,3,-5,2,-4,2,5,0,-1,0,1,-1,1,0,-1
KR_6764136492,420,0,8,0,3,-1,2,1,1,3,4,5,0,5,-1,4,3,-1,2,1,0,-2,-8,-3,-4,7,-3,0,-1,1,-1,-1,1,4,-1
KR_6771903968,420,-1,36,-32,-10,-4,6,2,0,4,4,-5,5,0,1,3,4,-2,2,0,1,-15,-10,-2,-4,6,0,0,-1,1,-1,-1,1,6,-1
KR_6775084760,420,1,-5,-11,8,-3,5,2,3,1,4,1,2,3,4,1,5,3,0,3,0,7,15,6,-8,2,-10,0,0,1,1,1,-1,5,-1
KR_6689277040,420,2,-55,-5,6,-1,2,1,5,3,8,1,5,6,0,4,4,1,0,1,-1,3,-10,-7,-3,10,-3,0,-2,-1,-1,-1,-1,1,-1
KR_6772022930,440,-1,-9,5,0,0,1,1,1,3,4,0,2,2,-1,4,3,0,1,1,1,4,12,2,-3,1,-2,0,1,0,1,1,1,0,-1
KR_6772846755,420,-3,-22,-6,-9,1,1,2,-1,5,4,-8,9,1,0,3,3,-1,5,4,0,-12,-4,7,-10,3,-1,0,0,1,1,1,-1,5,-1
KR_6748419917,420,-1,15,2,-11,-4,4,0,0,0,0,2,5,7,-8,8,0,-1,1,0,0,-14,0,-1,-9,10,0,0,-2,-1,-1,-1,-1,3,-1
KR_6751784864,420,2,35,-3,-2,1,2,3,-1,1,0,0,1,1,0,2,2,-2,2,0,0,-3,-41,-8,-1,9,0,0,0,-1,1,0,1,6,-1
KR_6709471969,420,1,22,-39,5,3,0,3,3,3,6,-2,5,3,2,0,2,-1,1,0,0,5,-31,1,-5,4,-4,0,0,1,-1,-1,-1,6,-1
KR_6756768713,420,-4,12,-48,-11,3,3,6,-4,4,0,1,1,2,-10,11,1,-1,1,0,-1,-14,-3,-3,0,3,-3,0,-2,-1,-1,-1,-1,1,-1
KR_6763675836,420,-7,-37,-13,-11,-2,7,5,-9,10,1,-1,1,0,0,1,1,1,0,1,0,-8,-4,0,-8,8,-4,0,2,1,-1,-1,-1,5,-1
KR_6777352836,420,-2,-33,10,-1,-1,1,0,-2,3,1,0,2,2,2,0,2,0,0,0,0,1,173,-2,-6,8,-5,0,0,-1,-1,-1,1,1,-1
KR_6777622078,420,-3,2,-9,-7,-3,3,0,0,2,2,-4,7,3,-2,2,0,2,1,3,0,-7,-1,-7,-2,9,-2,0,-2,-1,-1,-1,-1,2,-1
KR_6775448579,420,0,-24,12,1,-2,3,1,-1,3,2,3,4,7,0,4,4,1,1,2,2,-1,0,1,-5,4,2,0,-1,1,-1,-1,1,4,-1
KR_6774863074,440,2,-13,0,3,1,0,1,2,1,3,3,1,4,-2,5,3,-1,2,1,0,6,1,0,-4,4,-5,0,-1,1,0,-1,-1,6,-1
KR_6754367575,420,-2,37,-17,-9,4,1,5,-5,8,3,-3,4,1,-6,6,0,1,0,1,1,-17,378,1,-8,7,-8,0,-1,1,-1,-1,1,4,-1
KR_6758226944,420,1,24,13,0,-4,5,1,4,0,4,3,4,7,-1,4,3,-2,3,1,2,4,-62,2,-6,4,15,0,0,1,-1,0,1,2,-1
KR_6764781408,420,1,30,-5,5,2,1,3,3,3,6,0,3,3,0,1,1,0,1,1,-1,3,13,5,-8,3,-1,0,0,-1,-1,0,-1,1,-1
KR_6720415633,420,-1,-89,-13,-4,0,0,0,-2,5,3,-4,6,2,1,2,3,1,0,1,-1,-7,-45,-3,-3,6,7,0,0,-1,-1,-1,-1,1,-1
KR_6754525916,420,-2,8,-16,-8,-5,7,2,4,1,5,-6,9,3,-2,2,0,1,1,2,0,-3,-4,1,-5,4,3,0,0,-1,-1,-1,-1,1,-1
KR_6765140723,420,2,51,1,-5,-3,3,0,-5,6,1,1,0,1,1,1,2,1,1,2,0,-4,153,-4,-4,8,-28,0,0,1,-1,1,-1,6,-1
KR_6777849883,420,1,-12,-12,5,0,1,1,1,4,5,4,1,5,-2,4,2,2,0,2,0,0,-32,0,-5,5,0,0,-1,1,1,1,1,1,-1
KR_6765977179,420,-3,-17,11,-9,-1,2,1,0,4,4,-6,8,2,-3,4,1,1,1,2,0,-3,-15,2,-5,3,-2,0,0,-1,1,1,-1,5,-1
KR_6735619437,420,3,35,4,8,3,1,4,2,2,4,1,1,2,1,0,1,1,0,1,1,16,4,3,-9,6,2,0,0,-1,1,1,1,2,-1
KR_6670180463,420,3,18,-47,7,0,1,1,2,2,4,1,4,5,2,1,3,2,1,3,0,9,-8,-4,-3,7,4,0,1,-1,1,1,1,4,-1
KR_6554616475,420,-1,-16,12,-3,0,4,4,-3,7,4,0,1,1,-1,1,0,1,0,1,0,-1,-11,-4,-3,7,5,0,-1,-1,-1,-1,-1,2,-1
KR_6751369755,420,-2,15,-11,-5,-5,6,1,-5,7,2,3,0,3,0,3,3,2,1,3,1,2,6,1,-7,6,-7,0,1,1,-1,1,1,5,-1
KR_6725092844,440,-2,26,12,-1,1,0,1,2,0,2,-2,5,3,-4,6,2,2,1,3,0,-5,29,0,-4,4,-1,0,-1,-1,-1,-1,1,2,-1
KR_6706887030,420,-3,-5,-24,-2,-7,8,1,2,3,5,3,1,4,1,1,2,-1,1,0,1,8,221,-3,-2,5,-2,0,-1,-1,1,-1,1,1,-1
KR_6725266390,420,0,-57,8,2,-1,2,1,5,4,9,0,4,4,-3,6,3,1,2,3,1,8,-37,4,-9,5,31,0,-2,-1,1,-1,1,6,-1
KR_6750899344,420,1,-16,12,0,-1,3,2,-1,5,4,0,3,3,3,0,3,-1,3,2,0,-4,18,-1,-5,6,2,0,1,1,1,1,1,1,-1
KR_6758361611,440,-1,-33,11,-7,-5,5,0,1,2,3,-1,6,5,1,0,1,-3,5,2,-1,-3,-5,-2,-3,5,1,0,0,-1,1,-1,-1,6,-1
KR_6690859183,420,-3,-22,-28,2,2,1,3,0,2,2,3,1,4,-2,2,0,-1,2,1,0,3,1,1,-6,5,2,0,0,-1,1,0,1,2,-1
KR_6746221150,420,-2,-35,11,-10,4,2,6,-4,5,1,-9,11,2,1,4,5,-2,3,1,0,-13,216,-3,-4,7,-2,0,-1,-1,0,-1,-1,4,-1
KR_6717899354,420,-1,51,-12,-5,-4,4,0,-5,6,1,2,3,5,2,1,3,0,0,0,0,-18,-8,-2,-3,5,2,0,-1,-1,-1,-1,1,6,-1
KR_6745111887,420,3,60,4,4,1,1,2,3,1,4,-1,4,3,1,2,3,0,0,0,0,-1,25,2,-8,6,2,0,1,-1,1,1,1,4,-1
KR_6697756036,420,0,-20,0,0,1,2,3,-2,4,2,1,0,1,-1,2,1,1,1,2,0,2,6,2,-10,8,0,0,0,-1,-1,0,-1,2,-1
KR_6771332909,420,-2,54,-9,-6,0,2,2,-7,8,1,-2,2,0,3,5,8,0,0,0,0,-9,-177,-2,-7,9,1,0,0,1,0,0,-1,2,-1
KR_6762585688,420,0,-38,24,4,0,1,1,3,0,3,0,3,3,1,1,2,0,1,1,0,3,-10,9,-10,1,0,0,0,1,1,0,1,1,-1
KR_6754610311,420,-1,-45,25,-3,4,0,4,-1,3,2,-2,5,3,-5,7,2,1,1,2,0,1,101,-2,-6,8,-1,0,0,1,-1,-1,1,3,-1
KR_6706817481,420,-6,-66,-22,-15,-8,8,0,-7,7,0,1,1,2,1,3,4,-2,2,0,0,-15,-48,1,-9,8,21,0,-2,-1,-1,-1,-1,2,-1
KR_6742383013,420,-2,-6,-5,-3,3,1,4,4,1,5,-4,5,1,-4,4,0,-2,3,1,-1,-3,-6,2,-6,4,1,0,-2,-1,1,-1,-1,5,-1
KR_6737053045,420,0,-43,14,6,0,1,1,5,2,7,0,2,2,2,2,4,-1,1,0,0,4,16,0,-6,6,8,0,1,-1,1,1,1,5,-1
KR_6776760590,440,0,28,4,-8,-5,6,1,-1,1,0,2,0,2,-6,6,0,2,2,4,-1,-14,-116,-9,-3,12,1,0,0,1,1,0,-1,3,-1
KR_6732799012,420,-2,20,-33,-5,1,1,2,-1,6,5,-4,6,2,1,2,3,-2,3,1,0,-10,7,-5,-5,10,-1,0,0,-1,1,1,1,6,-1
KR_6764686048,420,-3,7,-31,-6,0,2,2,-2,4,2,-2,3,1,-1,2,1,-1,3,2,-1,-7,-8,-4,-3,7,-1,0,0,-1,-1,-1,-1,2,-1
KR_6762638498,420,3,45,30,0,9,0,9,-5,5,0,-4,6,2,-4,4,0,4,0,4,0,-5,8,-4,-4,8,-1,0,1,-1,1,1,1,4,-1
KR_6775090664,420,-3,-13,7,-9,-6,7,1,-5,8,3,0,2,2,3,1,4,-1,1,0,0,-8,-9,-6,-3,9,2,0,-1,-1,-1,-1,1,5,-1
KR_6774443893,420,-1,-25,-24,-4,0,3,3,-1,3,2,-1,2,1,-2,2,0,0,1,1,0,-3,-5,-2,-6,8,1,0,-1,-1,1,-1,1,5,-1
KR_6777269259,420,-2,-48,-9,-3,1,0,1,-5,7,2,-1,3,2,0,2,2,2,0,2,0,5,-4,-4,-5,9,1,0,0,-1,-1,-1,-1,3,-1
KR_6763918493,420,-3,-5,-18,-3,0,1,1,-2,2,0,3,2,5,-3,4,1,-1,1,0,0,-11,4,2,-6,4,0,0,-1,1,1,1,1,1,-1
KR_6777636331,440,1,25,-13,-1,-4,4,0,2,2,4,-2,4,2,3,1,4,0,2,2,0,4,8,4,-7,3,-2,0,-1,-1,-1,-1,-1,2,-1
KR_6774497879,420,1,-25,-3,-2,1,0,1,-3,3,0,1,1,2,-2,5,3,1,2,3,0,3,1,-1,-5,6,-1,0,0,-1,-1,-1,-1,5,-1
KR_6777011927,420,-2,21,-6,2,2,0,2,0,3,3,1,1,2,0,3,3,-1,1,0,0,4,-5,-2,-5,7,1,0,0,1,0,0,1,1,-1
KR_6738198927,420,-1,-24,-4,-1,-1,1,0,0,2,2,-4,4,0,3,1,4,1,1,2,0,3,-34,2,-9,7,23,0,0,-1,-1,0,-1,4,-1
KR_6764225684,440,-5,-20,-25,-16,-6,8,2,-4,5,1,-4,6,2,0,2,2,-2,3,1,-1,-16,-3,-4,-3,7,-3,0,-2,-1,-1,-1,-1,1,-1
KR_6772417616,420,0,-11,-13,0,-6,8,2,-2,6,4,0,2,2,8,0,8,0,2,2,0,5,14,1,-7,6,0,0,-1,-1,-1,1,1,5,-1
KR_6771468061,420,-2,42,-27,-5,1,3,4,-7,8,1,-3,5,2,3,1,4,1,1,2,0,-7,-34,-1,-4,5,-5,0,0,0,-1,-1,-1,0,-1
KR_6743729207,420,-5,20,-32,-8,0,1,1,0,2,2,-7,10,3,1,1,2,-2,2,0,1,-18,-8,1,-8,7,4,0,1,1,1,1,1,1,-1
KR_6765591132,420,-1,-32,-16,-9,0,2,2,-7,7,0,-1,5,4,-3,4,1,2,1,3,0,-7,-15,-8,-3,11,3,0,-1,-1,-1,-1,-1,6,-1
KR_6763042784,420,-1,27,-13,1,-4,5,1,3,2,5,1,1,2,0,3,3,1,0,1,0,-2,-14,-2,-5,7,2,0,0,-1,-1,0,-1,6,-1
KR_6773002317,420,-3,2,0,-4,-1,2,1,3,2,5,-1,3,2,-5,5,0,0,0,0,0,-9,14,1,-6,5,1,0,1,-1,1,1,1,1,-1
KR_6771360976,420,1,14,3,-6,0,1,1,-4,4,0,2,2,4,-2,2,0,-2,2,0,-1,-7,-26,-6,-3,9,2,0,0,0,0,0,-1,0,-1
KR_6763017111,420,-4,-25,12,-7,-2,2,0,-1,2,1,1,1,2,-1,4,3,-4,6,2,-1,-7,5,-3,-5,8,-9,0,0,-1,1,-1,-1,6,-1
KR_6771327740,420,-5,-75,-9,-9,-3,4,1,3,1,4,-5,7,2,-3,5,2,-1,1,0,0,-6,-12,-2,-2,4,3,0,-2,-1,-1,-1,-1,1,-1
KR_6773502253,420,-4,-18,-28,-4,-1,2,1,3,2,5,-7,8,1,0,1,1,1,0,1,1,2,-35,0,-5,5,-3,0,0,-1,1,0,1,1,-1
KR_6776097727,420,0,92,-17,-1,2,0,2,-3,3,0,-1,1,0,1,2,3,0,0,0,0,1,-3,0,-4,4,3,0,1,1,-1,1,-1,5,-1
KR_6777338872,420,-3,-17,-4,-8,-3,4,1,0,1,1,1,0,1,-7,8,1,1,0,1,0,-7,0,-2,-7,9,4,0,0,1,-1,0,1,1,-1
KR_6755168965,420,-1,-17,4,-5,1,2,3,1,1,2,-1,1,0,-5,5,0,-1,1,0,0,-7,106,-2,-4,6,4,0,0,1,-1,0,-1,6,-1
KR_6769054468,440,-1,41,20,-7,1,1,2,-3,11,8,1,0,1,-3,5,2,-3,3,0,0,-10,2,-1,-3,4,-1,0,-2,-1,1,-1,-1,4,-1
KR_6759486961,420,-2,-78,-11,2,-2,3,1,4,2,6,0,3,3,-1,3,2,1,2,3,1,6,-117,-4,-3,7,3,-1,-2,1,-1,-1,-1,3,-1
KR_6756345901,420,-2,-39,1,-9,1,0,1,-2,2,0,-1,3,2,-7,7,0,0,1,1,0,-9,3,-4,-3,7,-2,0,1,1,1,1,-1,1,-1
KR_6774334945,420,3,22,4,0,2,1,3,-2,6,4,-3,4,1,-3,6,3,6,0,6,-1,-4,6,1,-5,4,0,0,0,-1,-1,-1,-1,5,-1
KR_6698691947,420,-2,-48,-3,-9,-4,4,0,-1,2,1,-4,5,1,-1,2,1,1,0,1,0,-9,-1,2,-6,4,-3,0,-1,-1,1,-1,-1,3,-1
KR_6692587124,420,-3,-51,-11,-14,-2,2,0,-1,6,5,-2,4,2,-5,5,0,-4,5,1,-1,-21,-8,-5,-3,8,-4,0,-1,-1,-1,-1,-1,5,-1
KR_6712009109,420,-3,-12,-33,-4,1,0,1,-5,7,2,-2,3,1,4,3,7,-2,2,0,0,3,51,3,-9,6,-19,0,0,-1,-1,-1,-1,4,-1
KR_6758055699,420,-2,37,27,-1,-1,2,1,4,3,7,1,1,2,-5,6,1,0,0,0,0,1,2,2,-6,4,1,0,1,-1,-1,1,-1,3,-1
KR_6748484094,420,-11,-145,-61,-13,-3,3,0,-1,2,1,-3,4,1,-4,4,0,-2,3,1,-1,-8,-36,2,-5,3,1,0,-4,-1,-1,-1,-1,3,-1
KR_6756760001,420,-3,-96,-26,-4,-4,4,0,5,1,6,-2,3,1,-3,4,1,0,0,0,0,-3,3,1,-6,5,-3,0,-2,1,-1,-1,-1,1,-1
KR_6698526541,420,-3,-21,-1,-6,-4,4,0,-2,4,2,4,0,4,-2,3,1,-2,2,0,0,-7,26,2,-7,5,-3,0,0,-1,1,0,1,3,-1
KR_6759550811,420,-3,-65,-29,-8,-2,3,1,-1,4,3,1,1,2,-5,8,3,-1,1,0,0,-14,11,1,-8,7,-11,0,-1,-1,1,1,-1,4,-1
KR_6718932868,420,-2,-7,-23,-10,-2,3,1,-4,4,0,-6,6,0,1,2,3,1,0,1,0,-6,1,-2,-4,6,2,0,-2,-1,-1,-1,-1,2,-1
KR_6756569109,420,0,28,-28,2,-1,1,0,-4,6,2,1,2,3,4,1,5,2,1,3,0,4,18,0,-8,8,3,0,0,-1,1,0,1,3,-1
KR_6751799631,420,-3,-23,-5,-8,-2,4,2,1,1,2,0,0,0,-6,6,0,-1,2,1,0,-9,13,2,-6,4,-1,0,-1,-1,1,-1,-1,3,-1
KR_6753401758,420,1,25,6,5,1,1,2,3,0,3,3,1,4,-1,3,2,-1,2,1,1,3,35,2,-9,7,-2,0,0,1,1,1,1,3,-1
KR_6655581160,420,-3,-18,-9,-10,-1,4,3,-5,6,1,0,2,2,-2,4,2,-2,2,0,-2,-13,-4,1,-7,6,3,0,-1,1,-1,-1,-1,5,-1
KR_6736167396,420,1,25,20,-11,-3,4,1,-3,4,1,-3,3,0,-1,2,1,-1,1,0,0,-13,-13,-4,-2,6,5,0,-1,-1,1,-1,-1,5,-1
KR_6705167496,420,-1,47,4,9,-1,2,1,6,2,8,1,3,4,3,2,5,0,0,0,0,5,4,5,-10,5,6,0,1,1,1,1,-1,6,-1
KR_6731733359,420,-1,-52,3,-5,0,4,4,-4,4,0,0,3,3,-2,3,1,1,1,2,-1,-2,9,0,-7,7,-1,0,-1,-1,-1,-1,-1,2,-1
KR_6711048788,420,2,68,12,7,5,0,5,1,4,5,2,1,3,-2,6,4,1,0,1,-1,5,-34,-2,-6,8,-3,0,2,-1,1,1,1,1,-1
KR_6615528811,420,0,12,-44,3,4,0,4,-2,3,1,-5,6,1,1,2,3,5,0,5,0,3,10,1,-6,5,-1,0,2,-1,-1,1,1,6,-1
KR_6745043265,420,-6,-57,-21,-9,-5,5,0,1,4,5,-4,7,3,-3,4,1,2,0,2,0,-4,17,2,-6,4,0,0,0,-1,1,1,1,1,-1
KR_6776899899,420,-4,86,-11,-10,1,0,1,-7,7,0,-2,3,1,-1,5,4,-1,1,0,0,-23,-39,0,-9,9,-1,0,0,-1,1,0,-1,1,-1
KR_6720243591,420,2,35,-15,0,3,1,4,-5,8,3,-2,4,2,4,0,4,0,1,1,0,-5,4,4,-10,6,-2,0,0,-1,-1,1,1,3,-1
KR_6770745455,420,-3,-51,23,-12,0,3,3,0,1,1,-11,12,1,-3,4,1,2,0,2,0,-12,-12,-4,-5,9,4,0,-1,-1,1,-1,1,6,-1
KR_6769774219,420,1,-2,20,-3,2,0,2,-3,5,2,2,1,3,-1,1,0,-3,5,2,0,-6,-7,-4,-3,7,-4,0,-1,-1,1,-1,1,4,-1
KR_6761744552,420,-2,-32,-29,-5,-3,3,0,-2,5,3,-4,4,0,-1,2,1,5,2,7,0,-4,2,-2,-8,10,-1,0,-1,1,-1,-1,-1,2,-1
KR_6761128613,420,-1,-22,-38,0,1,2,3,1,3,4,-3,4,1,-2,2,0,3,0,3,0,-9,-18,-1,-5,6,2,0,0,-1,-1,-1,1,2,-1
KR_6769558643,420,-1,14,12,1,-1,5,4,0,2,2,4,4,8,-1,4,3,-1,2,1,0,4,-5,5,-11,6,3,0,0,-1,1,0,-1,2,-1
KR_6584122382,420,-2,-16,-7,-4,-3,4,1,5,1,6,1,1,2,-6,8,2,-1,2,1,0,-6,1,1,-5,4,-2,0,-2,-1,-1,-1,-1,5,-1
KR_6742113943,420,-3,-10,8,-10,-3,3,0,-2,6,4,-6,8,2,-1,5,4,2,0,2,0,-14,-7,-1,-9,10,5,0,-1,-1,-1,-1,-1,5,-1
KR_6761346791,420,-6,-3,-31,-20,-2,2,0,-7,7,0,-1,3,2,-6,8,2,-4,4,0,-4,-31,-8,-4,-4,8,-4,0,-1,-1,1,-1,-1,3,-1
KR_6755820428,420,-3,-72,-34,-15,-8,10,2,-3,4,1,-1,4,3,-3,7,4,0,1,1,0,-15,0,-3,-4,7,-4,0,-2,-1,-1,-1,-1,5,-1
KR_6763482605,420,-3,-24,-9,-10,-4,4,0,-1,3,2,-3,3,0,-1,1,0,-1,1,0,0,-9,70,4,-10,6,-2,0,0,-1,-1,0,-1,2,-1
KR_6754148190,420,1,-35,16,-5,2,0,2,-3,4,1,-6,6,0,2,4,6,0,0,0,0,-7,-80,-3,-4,7,-5,0,0,1,1,1,1,3,-1
KR_6716618980,420,-2,-34,-33,-6,0,2,2,-2,3,1,-4,4,0,0,2,2,0,1,1,0,-9,2,2,-4,2,-3,0,0,-1,-1,0,1,1,-1
KR_6735898793,420,-9,-103,-12,-17,-2,3,1,-3,6,3,-5,5,0,-2,3,1,-5,6,1,1,-7,-26,-5,-1,6,0,0,-2,-1,-1,-1,1,1,-1
KR_6775190761,420,1,33,22,-1,5,1,6,3,2,5,3,0,3,-7,8,1,-5,6,1,0,-12,35,-2,-4,6,-6,0,1,1,1,1,-1,6,-1
KR_6729204983,420,-2,-42,23,-2,1,1,2,-2,4,2,-1,3,2,0,4,4,0,2,2,0,-2,2,7,-11,4,2,0,-1,1,1,-1,1,5,-1
KR_6751584144,420,-1,30,-20,-2,0,0,0,-3,5,2,2,4,6,2,2,4,-3,3,0,0,-11,-15,0,-8,8,4,0,0,-1,1,1,1,5,-1
KR_6716072253,420,1,2,8,-2,2,0,2,1,2,3,-2,7,5,-4,4,0,1,0,1,0,-1,15,-2,-8,10,1,0,0,-1,-1,0,-1,5,-1
KR_6751415895,440,-1,-27,15,-2,1,2,3,0,2,2,1,0,1,-2,3,1,-2,3,1,0,6,3,4,-6,2,-2,0,0,-1,1,-1,-1,3,-1
KR_6745009690,420,1,-15,9,-2,-1,2,1,-2,3,1,-1,3,2,5,4,9,-3,3,0,-1,-4,5,1,-10,9,-1,0,0,-1,-1,-1,-1,1,-1
KR_6762014330,420,0,21,8,5,0,0,0,4,1,5,1,3,4,0,1,1,0,2,2,0,7,-36,3,-4,1,0,0,2,-1,1,1,-1,3,-1
KR_6777367032,420,-2,8,-20,3,-1,2,1,7,3,10,-2,4,2,-1,1,0,0,1,1,0,13,-3,3,-8,5,4,0,-1,-1,-1,-1,1,6,-1
KR_6692448435,420,-2,-23,-21,-9,2,0,2,-4,6,2,-2,4,2,1,4,5,-6,6,0,0,-25,-11,-1,-4,5,2,0,-1,-1,1,-1,-1,3,-1
KR_6775534626,420,-2,-34,4,-9,-3,4,1,-2,4,2,0,0,0,-3,5,2,-1,1,0,0,-3,-6,-2,-6,8,1,0,-1,-1,1,-1,-1,4,-1
KR_6752325188,440,-4,-55,-41,-5,-3,4,1,4,2,6,-5,6,1,-1,1,0,0,1,1,0,3,6,7,-9,2,-4,0,-3,1,-1,-1,1,2,-1
KR_6773750004,420,-2,-57,0,-6,-3,3,0,2,2,4,-3,3,0,-2,4,2,0,1,1,0,-4,-29,4,-8,4,-5,0,-1,1,0,-1,-1,2,-1
KR_6771703945,420,4,80,-3,4,1,1,2,2,2,4,1,1,2,-2,2,0,2,1,3,0,7,-1,4,-7,3,-4,0,0,1,-1,0,-1,5,-1
KR_6740604645,420,-6,-84,-13,-10,2,1,3,0,2,2,-5,8,3,-8,8,0,1,2,3,0,-18,-5,-4,-1,5,1,0,-2,1,-1,-1,-1,2,-1
KR_6734784140,420,-1,-34,9,2,0,1,1,-1,5,4,0,1,1,4,3,7,-1,2,1,0,-1,-5,2,-7,5,-4,0,0,0,1,0,1,0,-1
KR_6749109819,420,-2,-44,19,-2,-3,4,1,2,1,3,-1,5,4,1,0,1,-1,3,2,0,-4,67,4,-8,4,2,0,0,0,-1,0,-1,0,-1
KR_6760927298,420,-5,-40,-23,-10,-2,2,0,-4,5,1,-2,2,0,-2,4,2,0,0,0,0,-10,-3,1,-4,3,3,0,-1,-1,-1,-1,-1,4,-1
KR_6753283177,420,-3,-52,-9,-12,3,1,4,-2,6,4,-4,7,3,-7,8,1,-2,4,2,-1,-18,-1,-2,-6,8,-2,0,-1,1,1,-1,-1,3,-1
KR_6721634983,420,-1,47,-32,-6,-3,4,1,0,2,2,0,1,1,-2,4,2,-1,1,0,0,-4,1,-2,-7,9,-5,0,-1,1,-1,-1,-1,1,-1
KR_6697118667,420,-4,-47,28,-6,0,2,2,0,3,3,-2,3,1,-3,3,0,-1,1,0,0,-1,-4,-3,-3,6,2,0,0,-1,0,-1,-1,3,-1
KR_6708084351,420,-5,-50,-42,-5,-2,4,2,-3,3,0,0,1,1,0,1,1,0,0,0,-1,-9,4,2,-10,8,0,0,-2,1,-1,-1,-1,2,-1
KR_6751551310,420,-3,-26,-11,-3,0,3,3,-2,3,1,-3,4,1,0,4,4,2,0,2,1,-9,-3,-1,-3,4,-4,0,-1,-1,-1,-1,1,5,-1
KR_6737739058,420,1,48,-20,0,-3,3,0,1,2,3,0,3,3,5,2,7,-3,3,0,-1,0,-65,-6,-3,9,44,0,0,1,-1,1,-1,3,-1
KR_6776927968,440,2,-17,-20,-3,0,1,1,-3,3,0,3,0,3,-5,6,1,2,1,3,0,-1,8,-1,-4,5,4,0,-2,0,-1,-1,1,0,-1
KR_6775084231,440,-6,-38,-19,-15,-3,5,2,2,3,5,-6,11,5,-5,6,1,-3,3,0,0,-22,-1,3,-6,3,0,0,-1,-1,1,-1,-1,5,-1
KR_6769027356,440,3,7,-4,9,-5,5,0,4,0,4,0,1,1,9,1,10,1,5,6,-1,5,-13,1,-6,5,5,0,1,-1,1,1,-1,5,-1
KR_6770467577,420,2,20,38,1,-1,2,1,0,4,4,4,2,6,-2,5,3,0,4,4,1,-5,9,-1,-7,8,-2,0,1,1,1,1,1,2,-1
KR_6773138579,420,-3,11,-7,-11,5,0,5,-1,2,1,-7,8,1,-7,7,0,-1,1,0,0,-16,-149,-5,-4,9,9,0,0,-1,1,1,-1,5,-1
KR_6720196052,420,-5,-29,-25,-17,-9,10,1,-2,3,1,-4,6,2,-2,5,3,0,1,1,0,-6,16,-2,-7,9,-3,0,-3,-1,-1,-1,-1,6,-1
KR_6764654463,440,-1,-21,15,-7,0,3,3,-2,3,1,-1,3,2,-5,8,3,1,1,2,0,-4,2,-1,-4,5,-2,0,0,-1,-1,1,1,2,-1
KR_6766193878,420,-2,-26,1,-4,-2,4,2,-3,4,1,5,1,6,-2,7,5,-2,2,0,-2,-14,-8,-5,-1,6,0,0,0,-1,-1,-1,-1,2,-1
KR_6777438839,420,-3,-91,24,-5,-3,4,1,-1,5,4,-2,3,1,2,2,4,-1,1,0,0,-4,185,-3,-7,10,-1,0,-1,1,-1,-1,-1,2,-1
KR_6730217704,420,1,-15,8,4,2,1,3,4,1,5,-3,3,0,2,2,4,-1,3,2,0,12,0,4,-7,3,4,0,1,-1,1,1,1,3,-1
KR_6723783292,420,-3,-62,-5,-2,-2,3,1,-2,5,3,5,0,5,-2,4,2,-1,1,0,0,3,-33,-5,-4,9,-6,0,-1,-1,-1,-1,1,4,-1
KR_6772278119,420,2,20,-13,5,1,0,1,3,1,4,-2,3,1,4,0,4,-1,1,0,0,13,-3,1,-4,3,-1,0,1,-1,-1,1,-1,5,-1
KR_6772133644,420,0,18,32,-6,-6,6,0,2,1,3,-3,4,1,0,2,2,1,0,1,0,-6,117,-3,-3,6,0,0,1,1,-1,1,-1,6,-1
KR_6735803568,420,-4,12,-13,-14,2,0,2,1,1,2,-9,10,1,-6,6,0,-2,2,0,0,-20,8,-3,-5,8,1,0,-2,-1,-1,-1,-1,3,-1
KR_6777294893,420,1,-3,-1,-2,-2,2,0,0,2,2,-1,3,2,0,2,2,1,2,3,0,-10,-27,-6,-3,9,3,0,-1,1,-1,-1,-1,1,-1
KR_6774993649,420,4,-7,29,0,1,1,2,-2,7,5,1,3,4,0,3,3,0,1,1,0,2,27,1,-8,7,5,0,1,-1,1,1,-1,6,-1
KR_6696181950,420,-5,-16,-35,-10,-1,2,1,6,6,12,-5,6,1,-5,7,2,-5,5,0,0,-10,-13,-2,-4,6,2,0,-2,-1,1,-1,-1,1,-1
KR_6743794956,420,-2,-55,13,-9,-2,3,1,-3,4,1,-1,2,1,-2,2,0,-1,1,0,0,-7,19,-2,-4,6,-5,0,-1,0,-1,-1,-1,0,-1
KR_6775480612,420,-2,22,6,0,-2,2,0,4,6,10,0,1,1,-1,3,2,-1,2,1,1,-3,-11,-4,-5,9,5,0,-2,-1,-1,-1,1,5,-1
KR_6773970249,420,-2,-24,-29,-2,-4,4,0,-2,3,1,0,2,2,1,1,2,3,0,3,0,2,-18,-2,-2,4,2,0,0,-1,-1,-1,-1,3,-1
KR_6775567317,440,3,8,11,4,-2,2,0,0,0,0,-1,5,4,3,7,10,4,0,4,0,12,-6,-5,-2,7,4,0,-1,-1,-1,1,-1,5,-1
KR_6777822609,420,-4,-7,-27,-12,2,1,3,-1,2,1,0,1,1,-11,13,2,-2,3,1,-1,-15,26,-5,-4,9,-1,0,-2,-1,-1,-1,-1,3,-1
KR_6744339843,440,0,33,-24,4,9,1,10,-2,4,2,0,1,1,-3,4,1,0,0,0,0,6,-2,0,-4,4,4,0,0,-1,-1,-1,-1,4,-1
KR_6774355007,420,2,33,29,1,3,2,5,-1,6,5,4,1,5,-5,5,0,0,0,0,1,-1,25,3,-6,3,-2,0,1,1,-1,1,1,4,-1
KR_6757727315,420,-1,-94,-5,-1,-6,6,0,2,0,2,-2,4,2,2,2,4,3,0,3,0,8,8,-4,-4,8,-5,0,-2,-1,-1,-1,-1,4,-1
KR_6754312772,420,-2,-1,-8,7,2,0,2,1,4,5,1,0,1,0,3,3,3,1,4,0,2,-93,3,-9,6,0,0,-1,1,1,-1,1,1,-1
KR_6748430667,420,-1,-40,-12,-9,1,2,3,0,3,3,-5,5,0,-5,7,2,0,0,0,0,-7,8,-3,-5,8,-4,0,-1,-1,-1,-1,-1,5,-1
KR_6775759940,440,1,74,-2,0,5,1,6,4,1,5,-11,11,0,2,2,4,0,1,1,0,-2,-1,1,-8,7,2,0,0,-1,0,0,1,5,-1
KR_6771662423,420,-5,-65,-16,-8,-3,5,2,-2,3,1,-4,4,0,1,2,3,0,0,0,0,-7,2,-1,-6,7,0,0,1,-1,1,1,1,4,-1
KR_6763713009,440,4,21,12,14,2,2,4,5,0,5,2,0,2,4,4,8,1,0,1,0,9,-1,-1,-5,6,0,0,1,1,-1,1,1,5,-1
KR_6771022215,420,-6,-61,-25,-13,-1,4,3,-2,4,2,1,7,8,-9,11,2,-2,3,1,0,-12,106,-3,-5,8,2,0,-3,0,1,-1,-1,0,-1
KR_6629159363,420,-3,19,-40,-5,-5,5,0,-1,3,2,-4,4,0,4,0,4,1,0,1,0,1,0,-3,-5,8,0,0,2,1,1,1,1,4,-1
KR_6765235890,420,-2,-20,0,-2,3,0,3,-1,5,4,-3,4,1,0,3,3,-1,1,0,0,-4,3,-2,-4,6,-1,0,0,1,1,1,-1,2,-1
KR_6775908694,420,-2,10,-12,-6,-6,6,0,-1,4,3,-1,2,1,2,0,2,0,0,0,0,3,-48,-3,-4,7,1,0,0,-1,-1,-1,1,4,-1
KR_6762774135,440,-3,-65,-3,-1,2,2,4,0,1,1,-1,4,3,-1,5,4,-1,1,0,0,0,12,3,-7,4,-2,0,0,-1,1,0,1,6,-1
KR_6771129447,420,-4,-23,-4,-10,-6,7,1,-3,4,1,-2,2,0,0,1,1,1,0,1,0,-8,-9,-5,-3,8,4,0,-2,1,-1,-1,-1,1,-1
KR_6740524374,420,-6,-55,-59,-8,-6,6,0,2,0,2,-6,7,1,0,2,2,2,0,2,0,-12,-9,1,-11,10,-3,0,0,1,-1,-1,-1,6,-1
KR_6777215550,440,-5,-97,8,-9,-4,4,0,-4,4,0,-4,8,4,1,2,3,2,1,3,0,-2,6,-5,-1,6,0,0,-2,-1,-1,-1,-1,2,-1
KR_6745962042,420,-3,-12,-12,-10,-5,6,1,3,2,5,-5,6,1,-1,3,2,-2,3,1,0,-17,-39,4,-7,3,6,0,-2,-1,-1,-1,-1,2,-1
KR_6697084794,420,0,42,24,1,-2,2,0,0,1,1,-1,1,0,5,1,6,-1,1,0,0,5,1,1,-7,6,1,0,0,1,-1,0,1,4,-1
KR_6733710631,420,0,-24,-3,0,-1,3,2,2,2,4,-3,4,1,2,3,5,0,0,0,0,3,8,-1,-5,6,-7,0,0,-1,1,1,1,2,-1
KR_6777279968,440,-3,-14,-67,3,-2,2,0,-2,3,1,5,2,7,-1,2,1,3,0,3,0,4,4,0,-5,5,-3,0,0,0,-1,0,1,0,-1
KR_6718654297,420,-3,4,4,-6,-1,2,1,-2,3,1,-5,5,0,2,1,3,0,0,0,-1,0,-4,-3,-7,10,-4,0,1,1,-1,1,-1,6,-1
KR_6772243382,440,0,-19,-12,2,3,0,3,0,2,2,1,0,1,-3,4,1,1,1,2,0,1,5,-2,-5,7,-1,0,0,-1,1,1,-1,2,-1
KR_6707854672,420,5,122,33,-7,-2,3,1,0,2,2,-2,3,1,-1,3,2,-2,3,1,0,-8,35,6,-11,5,-1,0,2,-1,1,1,1,3,-1
KR_6760086919,420,-6,-83,-46,-13,-6,6,0,-5,5,0,-3,4,1,0,3,3,1,1,2,0,-7,251,3,-5,2,2,0,0,-1,1,1,1,4,-1
KR_6774579648,420,-6,-90,-15,-3,-1,1,0,2,1,3,0,0,0,-4,4,0,0,0,0,0,-1,2,-1,-5,6,-3,0,-2,1,-1,-1,1,6,-1
KR_6716189332,420,0,38,-10,-2,-7,7,0,1,1,2,1,2,3,2,1,3,1,1,2,0,2,-5,3,-3,0,1,0,2,0,-1,-1,-1,0,-1
KR_6739334965,420,0,38,-31,-1,1,1,2,-2,4,2,0,2,2,-6,9,3,6,0,6,0,-8,-4,-6,-3,9,-1,0,0,1,-1,0,-1,6,-1
KR_6753316123,420,1,8,-13,6,6,0,6,-3,4,1,1,0,1,1,1,2,1,0,1,0,1,-12,2,-6,4,-1,0,0,-1,1,1,1,1,-1
KR_6775721026,440,-5,-25,-17,-11,-1,1,0,-3,3,0,0,1,1,-3,3,0,-4,5,1,0,-10,-8,-2,-2,4,1,0,0,-1,-1,-1,-1,1,-1
KR_6775463141,420,-5,-23,11,-14,0,1,1,-6,6,0,-5,7,2,-2,2,0,-1,2,1,0,-20,-9,-4,-4,8,-2,0,0,-1,1,-1,-1,4,-1
KR_6772353548,420,0,0,24,-3,4,1,5,-1,3,2,5,0,5,-6,6,0,-5,5,0,0,-1,-13,1,-4,3,1,0,-1,-1,-1,-1,-1,6,-1
KR_6761498292,420,-4,-48,-9,-11,-4,4,0,-5,8,3,-1,5,4,-1,4,3,0,1,1,-1,-13,-1,-5,-3,8,5,0,-3,1,-1,-1,-1,1,-1
KR_6762984218,440,-4,-17,12,-6,-2,4,2,3,1,4,-4,5,1,-3,8,5,0,1,1,0,-12,-8,-3,-2,5,0,0,-1,0,0,-1,-1,0,-1
KR_6765410081,420,-1,-10,8,-5,-3,3,0,2,2,4,0,1,1,-4,6,2,0,0,0,0,-4,6,-2,-5,7,-9,0,-1,-1,-1,-1,1,2,-1
KR_6713089924,420,-3,-12,-59,-2,-1,2,1,0,4,4,-4,6,2,3,1,4,0,2,2,0,7,4,0,-7,7,-8,0,1,1,-1,-1,1,6,-1
KR_6777341759,420,-2,-8,-20,-17,-5,5,0,-2,5,3,1,0,1,-9,9,0,-2,2,0,-2,-23,-10,-3,-6,9,-5,0,-1,-1,-1,-1,-1,3,-1
KR_6742077239,420,-3,-32,-22,-5,-5,6,1,-1,2,1,4,0,4,0,1,1,-3,4,1,-2,-8,170,-3,-8,11,0,0,-3,-1,-1,-1,-1,5,-1
KR_6770525454,420,0,1,0,-5,1,1,2,2,5,7,-3,3,0,-4,7,3,-1,1,0,0,3,-4,-3,-4,7,2,0,-1,-1,1,1,-1,4,-1
KR_6777474757,420,-3,32,33,-8,-1,2,1,-4,6,2,-1,3,2,0,5,5,-2,3,1,0,-12,-110,-1,-4,5,0,0,0,-1,1,0,1,5,-1
KR_6772937198,420,1,-70,-16,4,3,0,3,3,0,3,-1,1,0,-3,4,1,2,0,2,0,4,77,1,-6,5,-3,0,-1,-1,1,-1,1,1,-1
KR_6765189630,420,-6,-58,-35,-13,-2,3,1,-2,3,1,0,1,1,-8,8,0,-1,1,0,-1,-12,3,-2,-3,5,-3,0,-2,0,-1,-1,-1,0,-1
KR_6765927563,420,1,31,-12,2,1,2,3,-2,3,1,1,2,3,-2,7,5,4,0,4,0,-4,5,-1,-7,8,3,0,0,0,1,0,1,0,-1
KR_6761739112,420,0,-11,-13,1,2,2,4,-1,2,1,2,0,2,-3,5,2,1,1,2,1,-1,-14,1,-5,4,-1,0,0,0,-1,0,1,0,-1
KR_6771154167,440,-1,18,-14,-5,-4,5,1,-3,4,1,2,3,5,0,2,2,0,1,1,0,-2,14,3,-7,4,-1,0,0,-1,-1,-1,-1,6,-1
KR_6745003222,420,3,7,42,4,3,2,5,0,3,3,-1,5,4,1,1,2,1,2,3,0,5,227,-3,-4,7,1,0,0,1,-1,1,1,3,-1
KR_6774223377,420,-5,-67,-8,-13,-5,7,2,0,2,2,-4,4,0,-1,2,1,-3,3,0,0,-7,7,3,-6,3,-2,0,-1,-1,-1,-1,1,6,-1
KR_6755756824,420,-3,-52,-27,-3,-1,3,2,-3,4,1,-1,6,5,0,1,1,2,1,3,0,5,-5,-3,-5,8,-1,0,2,1,1,1,1,2,-1
KR_6777831055,420,1,-3,-5,6,-3,3,0,4,2,6,5,1,6,0,3,3,0,1,1,1,8,156,0,-6,6,5,0,-1,1,-1,-1,1,1,-1
KR_6756233773,420,1,56,7,2,2,0,2,2,2,4,-2,4,2,-2,3,1,2,1,3,0,-1,2,7,-10,3,-9,0,1,-1,1,1,1,6,-1
KR_6777246932,420,0,10,8,-5,4,1,5,0,2,2,-6,6,0,-2,3,1,-1,1,0,-2,-12,-59,0,-6,6,-3,0,0,-1,1,1,-1,6,-1
KR_6776619307,420,-2,-46,-12,2,1,1,2,0,4,4,0,3,3,0,2,2,1,0,1,0,9,-4,2,-5,3,4,0,0,-1,-1,0,-1,3,-1
KR_6773010165,420,-3,-34,-20,-7,-4,6,2,-3,4,1,0,0,0,1,0,1,-1,1,0,0,-7,1,-2,-8,10,-1,0,-1,-1,1,-1,-1,6,-1
KR_6767003392,420,-2,-51,1,-10,-3,4,1,1,4,5,-4,7,3,-1,3,2,-3,4,1,0,-6,12,-5,-4,9,-2,0,0,-1,1,-1,-1,1,-1
KR_6720214779,420,-3,-16,3,-8,1,0,1,-3,6,3,-1,3,2,-6,6,0,1,0,1,0,-16,-5,-1,-6,7,-3,0,-2,-1,1,-1,1,4,-1
KR_6667784509,420,5,54,28,8,3,1,4,4,2,6,1,0,1,-1,3,2,1,2,3,0,0,65,-1,-10,11,-28,0,1,1,1,1,1,6,-1
KR_6746528604,420,-5,-48,4,-13,-5,5,0,-6,7,1,1,2,3,0,1,1,-3,5,2,0,-8,16,-3,-4,7,-6,0,-3,-1,-1,-1,-1,5,-1
KR_6765360595,420,-4,-134,12,-16,-4,5,1,-3,5,2,-3,5,2,-6,9,3,0,0,0,0,-6,-9,-8,-2,10,-2,0,-4,0,1,-1,-1,0,-1
KR_6761476105,420,-4,-71,0,-10,-8,8,0,3,0,3,-1,3,2,-4,4,0,0,1,1,1,3,-20,2,-8,6,-2,0,-1,0,-1,-1,1,0,-1
KR_6752392188,440,-2,-61,-6,-7,-8,10,2,2,1,3,-4,8,4,4,1,5,-1,4,3,-1,-3,3,-2,-5,7,3,0,-1,-1,-1,-1,-1,6,-1
KR_6720552583,420,-3,-51,12,-8,0,0,0,-1,4,3,1,1,2,-7,8,1,-1,1,0,0,-10,4,1,-6,5,22,0,-1,-1,1,-1,-1,5,-1
KR_6740817374,420,-2,-34,31,-5,0,3,3,1,2,3,-2,2,0,-3,3,0,-1,2,1,0,-11,-101,-1,-6,7,-6,0,0,-1,0,-1,1,3,-1
KR_6741307759,420,-4,-94,2,-4,-5,5,0,1,1,2,2,0,2,-3,5,2,1,1,2,0,-11,-7,0,-8,8,4,0,0,1,1,0,-1,4,-1
KR_6769069089,420,-1,-51,7,-14,-3,3,0,-2,5,3,-9,9,0,-1,2,1,1,0,1,0,-13,1,-3,-1,4,1,0,-1,1,-1,-1,-1,5,-1
KR_6777861855,440,-1,63,-24,-2,-2,3,1,1,2,3,-1,2,1,-4,6,2,4,1,5,-1,-10,-7,-3,-4,7,3,0,1,-1,-1,1,-1,3,-1
KR_6775966791,420,1,-45,19,6,1,1,2,-2,4,2,4,2,6,0,2,2,3,0,3,0,2,-33,0,-7,7,-3,0,0,1,0,0,-1,5,-1
KR_6757137619,440,0,7,-10,-2,5,0,5,0,3,3,-2,4,2,-1,2,1,-4,4,0,2,-3,-35,1,-5,4,-1,0,1,-1,1,1,1,2,-1
KR_6773674283,440,-3,-9,-43,-3,-3,3,0,-1,3,2,1,0,1,1,0,1,-1,1,0,0,2,-20,-3,-5,8,6,0,-1,-1,-1,-1,-1,4,-1
KR_6776511138,420,-2,-33,4,-7,0,2,2,-7,8,1,0,1,1,1,0,1,-1,1,0,0,-10,15,-1,-6,7,-7,0,-1,-1,-1,1,-1,4,-1
KR_6763120185,420,-4,-59,11,-9,-2,2,0,-1,2,1,-2,3,1,-2,3,1,-2,2,0,0,-9,-7,0,-7,7,2,0,-2,-1,1,-1,-1,3,-1
KR_6771431938,420,-5,-122,2,-12,-2,3,1,-3,4,1,1,0,1,-4,7,3,-4,5,1,0,-14,-32,-2,-4,6,-3,0,-4,-1,-1,-1,-1,2,-1
KR_6776112837,420,1,-3,20,-2,0,3,3,-9,10,1,4,0,4,2,2,4,1,1,2,0,-8,5,0,-3,3,2,0,0,-1,-1,0,1,2,-1
KR_6713310794,420,-1,62,-24,2,3,4,7,-4,7,3,-1,1,0,5,2,7,-1,1,0,0,7,-53,-5,-3,8,17,0,1,0,1,1,1,0,-1
KR_6761862585,420,-2,-17,-20,0,5,1,6,1,0,1,-3,4,1,-4,4,0,1,0,1,0,-6,-4,2,-8,6,-4,0,1,-1,1,-1,1,1,-1
KR_6774745536,420,-3,-7,-19,-2,2,1,3,-1,3,2,-2,2,0,-5,8,3,4,1,5,-1,-13,3,0,-6,6,0,0,0,-1,1,1,-1,6,-1
KR_6775204742,420,-1,22,36,1,0,3,3,1,1,2,1,4,5,0,1,1,-1,1,0,0,-2,-7,-8,-5,13,5,0,1,1,-1,1,-1,1,-1
KR_6775507797,420,0,-23,16,-3,1,2,3,-2,4,2,0,3,3,-3,4,1,1,0,1,0,-2,-135,3,-8,5,-1,0,0,-1,1,1,-1,4,-1
KR_6766068996,420,-4,-35,4,-4,-4,5,1,-8,9,1,5,0,5,1,3,4,2,1,3,0,-3,22,-7,-3,10,2,0,0,-1,-1,1,-1,5,-1
KR_6764367719,420,-2,-78,-12,-6,-1,1,0,-4,4,0,-2,2,0,0,1,1,1,0,1,0,-7,-5,-2,-1,3,3,0,-3,-1,-1,-1,-1,2,-1
KR_6775617863,440,-5,-63,-22,-10,4,0,4,-1,1,0,0,4,4,-11,11,0,-2,2,0,0,-17,-16,0,-4,4,-2,0,-1,-1,1,-1,-1,4,-1
KR_6774256054,440,5,18,24,7,0,1,1,4,0,4,4,0,4,-2,2,0,1,1,2,0,6,286,1,-8,7,-8,0,2,1,1,1,1,2,-1
KR_6739677058,440,0,12,-36,1,-4,4,0,1,2,3,2,2,4,1,2,3,1,0,1,0,8,0,1,-7,6,-1,0,1,1,-1,1,1,4,-1
KR_6735841387,420,1,21,-28,2,-1,2,1,-3,3,0,1,4,5,5,2,7,0,1,1,0,7,133,3,-7,4,1,0,-1,1,-1,-1,-1,4,-1
KR_6771449456,420,-4,-76,-21,-2,4,0,4,-2,4,2,0,3,3,-1,2,1,-3,4,1,0,0,-25,3,-4,1,0,0,-3,1,-1,-1,1,3,-1
KR_6732536448,420,-5,-27,-12,-6,-2,3,1,-7,10,3,1,0,1,0,2,2,2,0,2,1,-4,-18,1,-6,5,-1,0,0,-1,-1,-1,1,1,-1
KR_6738730944,420,0,22,-12,-9,0,1,1,-3,3,0,-2,5,3,-2,4,2,-2,2,0,0,-8,-121,-1,-4,5,0,0,-1,-1,-1,-1,-1,2,-1
KR_6747995123,420,-6,-150,11,-19,-8,13,5,1,1,2,2,3,5,-12,13,1,-2,3,1,-1,-4,3,2,-5,3,-3,0,-3,1,-1,-1,-1,4,-1
KR_6757614539,420,-1,44,13,0,1,2,3,0,1,1,-3,5,2,2,1,3,0,2,2,0,0,17,1,-3,2,-6,0,-1,1,-1,-1,-1,3,-1
KR_6773447042,420,-1,-21,-32,0,2,1,3,-4,6,2,0,2,2,3,2,5,-1,1,0,0,-3,3,1,-5,4,-5,0,0,1,-1,0,1,3,-1
KR_6742230064,420,-3,24,4,6,2,3,5,0,1,1,-3,4,1,5,2,7,2,3,5,1,11,-3,-3,-3,6,-2,0,0,1,1,1,1,6,-1
KR_6744431674,420,1,3,-16,3,4,0,4,2,2,4,0,5,5,-2,5,3,-1,2,1,0,10,10,4,-10,6,-6,0,1,-1,1,1,1,2,-1
KR_6774011291,420,1,0,13,1,2,1,3,4,0,4,-5,6,1,1,1,2,-1,1,0,0,5,-9,-4,-1,5,2,0,-1,-1,-1,-1,-1,4,-1
KR_6765916386,420,-3,1,-8,-7,0,0,0,-1,5,4,0,1,1,-5,8,3,-1,2,1,-1,-4,1,-3,-5,8,-4,0,0,-1,-1,0,-1,6,-1
KR_6735704744,420,4,7,-5,10,2,1,3,1,0,1,5,0,5,2,0,2,0,2,2,0,15,51,1,-8,7,3,0,-1,-1,1,-1,1,1,-1
KR_6765816305,420,-2,-29,-3,-7,-1,2,1,-6,6,0,-2,6,4,3,0,3,-1,1,0,0,-7,3,0,-6,6,-2,0,-1,-1,-1,-1,-1,2,-1
KR_6776053258,420,0,27,-24,-1,-7,7,0,1,1,2,1,1,2,5,0,5,-1,2,1,0,-4,5,-2,-5,7,-1,0,1,1,1,-1,-1,2,-1
KR_6772280452,440,-1,-5,20,-6,-5,5,0,-3,4,1,1,2,3,0,1,1,1,0,1,0,-8,391,4,-7,3,0,0,-1,1,-1,-1,-1,1,-1
KR_6773848773,420,-1,14,33,-5,1,1,2,1,4,5,-1,2,1,-6,8,2,0,0,0,-1,-10,29,0,-4,4,0,0,-1,-1,1,-1,-1,6,-1
KR_6748718931,420,0,-11,8,-4,2,1,3,6,0,6,-3,6,3,-8,8,0,-1,3,2,0,0,-1,0,-5,5,-5,0,0,1,-1,0,-1,4,-1
KR_6774555443,420,-2,-42,19,-3,0,1,1,3,1,4,1,1,2,-8,8,0,1,1,2,-1,-7,-5,2,-6,4,-4,0,-1,-1,1,1,-1,1,-1
KR_6761903486,420,2,-23,36,0,-2,2,0,0,5,5,1,2,3,2,3,5,-1,1,0,0,2,-9,2,-7,5,2,0,1,1,1,1,1,2,-1
KR_6773581793,420,-2,1,12,-5,1,1,2,-3,7,4,-3,7,4,0,4,4,0,1,1,0,2,22,-8,-2,10,2,0,1,1,1,1,1,1,-1
KR_6771982476,440,-3,3,15,-8,0,2,2,2,1,3,-2,3,1,-8,8,0,0,2,2,-1,-16,-4,-5,-1,6,-6,0,-1,1,-1,-1,-1,1,-1
KR_6661286784,420,-2,-43,-12,-7,1,2,3,-4,6,2,-1,1,0,-3,4,1,0,2,2,0,-9,-6,-6,-2,8,-1,0,0,-1,1,0,1,1,-1
KR_6774503880,420,-5,-103,-1,-6,-1,2,1,-3,4,1,-2,2,0,-1,2,1,1,0,1,0,-11,-5,-2,-6,8,-4,0,-1,-1,-1,-1,-1,5,-1
KR_6776559548,420,-2,-48,7,-2,-3,3,0,1,2,3,-2,3,1,2,0,2,0,0,0,0,-2,-6,-2,-5,7,-3,0,-1,1,-1,-1,-1,2,-1
KR_6748335737,420,-4,-86,-13,-8,-4,5,1,0,2,2,-2,3,1,-1,3,2,-1,1,0,0,-7,-4,-3,-2,5,-1,0,-3,-1,-1,-1,1,3,-1
KR_6747580450,420,0,7,20,7,-1,2,1,1,3,4,-1,4,3,4,1,5,4,1,5,-1,5,-106,-3,-5,8,3,0,1,1,1,1,-1,5,-1
KR_6762952044,440,0,8,-24,3,1,1,2,-1,1,0,4,0,4,-1,2,1,0,3,3,0,1,60,2,-6,4,-2,0,0,-1,-1,0,1,5,-1
KR_6777079054,420,-1,-62,-36,-1,0,1,1,1,0,1,1,2,3,-2,2,0,-1,1,0,0,-5,-7,7,-12,5,2,0,-1,-1,-1,-1,-1,6,-1
KR_6772517601,420,-1,-15,8,3,-3,3,0,0,5,5,1,0,1,3,2,5,2,2,4,0,6,4,1,-6,5,0,0,-1,1,1,-1,-1,6,-1
KR_6773064668,420,-2,4,2,-6,0,2,2,-2,3,1,-2,2,0,-2,3,1,0,0,0,0,-7,-1,0,-6,6,3,0,0,-1,1,-1,-1,6,-1
KR_6740856507,440,-3,-48,-8,-10,1,0,1,-4,4,0,-3,5,2,-3,4,1,-1,1,0,-1,-19,-12,-1,-1,2,-3,0,-3,1,-1,-1,-1,3,-1
KR_6771373574,420,1,-15,-1,0,1,0,1,4,0,4,-1,2,1,-2,2,0,-2,2,0,0,-4,-132,-3,-6,9,-1,0,0,-1,-1,0,-1,5,-1
KR_6669866276,420,-2,7,-21,-7,-2,2,0,-3,5,2,-1,2,1,-1,2,1,0,2,2,0,-10,6,-1,-6,7,5,0,1,-1,-1,1,1,3,-1
KR_6744499349,440,-5,-34,-4,-9,2,1,3,-3,3,0,-9,10,1,1,5,6,0,1,1,0,-7,15,4,-8,4,5,0,-3,-1,-1,-1,-1,5,-1
KR_6736986702,420,-1,-67,-25,-4,0,2,2,-5,10,5,-4,5,1,5,1,6,0,3,3,1,0,11,-1,-7,8,-4,0,1,0,1,1,1,0,-1
KR_6718297809,420,-4,-37,-31,-4,-2,3,1,0,2,2,-3,3,0,0,3,3,1,0,1,1,3,26,-3,-4,7,4,0,0,-1,-1,-1,1,4,-1
KR_6766968149,420,-2,-49,-23,-12,-7,7,0,-4,6,2,0,0,0,0,4,4,-1,1,0,-1,-16,-1,-1,-7,8,0,0,-2,-1,-1,-1,-1,6,-1
KR_6751380992,420,-11,-151,-28,-16,-5,5,0,-1,6,5,-7,8,1,3,1,4,-6,7,1,0,-19,-9,5,-9,4,-5,0,-2,-1,1,-1,-1,4,-1
KR_6756435700,420,-1,2,28,-1,-2,3,1,1,3,4,1,3,4,-2,4,2,1,0,1,0,5,-40,2,-8,6,7,0,0,1,-1,1,1,3,-1
KR_6766585242,420,-4,-70,-27,-9,-9,9,0,3,1,4,-2,3,1,-2,4,2,1,0,1,0,-1,10,0,-4,4,-2,0,-1,-1,1,-1,1,4,-1
KR_6759940097,420,-3,-61,-26,-15,0,3,3,-6,10,4,-7,7,0,0,5,5,-2,2,0,0,-20,-8,1,-7,6,-2,0,-2,-1,-1,-1,-1,6,-1
KR_6767982488,420,2,57,11,-1,2,1,3,-2,2,0,0,1,1,-1,3,2,0,0,0,-1,-8,2,0,-4,4,-7,0,2,1,1,1,-1,4,-1
KR_6777205266,420,0,63,-4,-3,5,0,5,-2,4,2,-3,7,4,-3,3,0,0,0,0,0,-7,-42,-4,-3,7,22,0,0,-1,-1,1,-1,4,-1
KR_6774591630,420,-3,-31,-12,-3,-2,2,0,0,1,1,0,0,0,-1,4,3,0,2,2,0,1,-112,2,-8,6,-1,0,-1,-1,-1,-1,1,5,-1
KR_6772535455,420,-4,-90,-11,-12,-5,7,2,-2,4,2,3,0,3,-4,5,1,-4,4,0,-2,-11,-6,-1,-6,7,-1,0,-2,1,-1,-1,-1,3,-1
KR_6764533158,440,-3,62,-3,-4,2,1,3,2,0,2,-1,1,0,-6,6,0,-1,1,0,0,-7,3,-2,-5,7,0,0,0,1,-1,-1,-1,3,-1
KR_6745790984,420,0,-15,-8,6,2,0,2,3,3,6,6,3,9,1,1,2,-6,6,0,0,3,14,7,-9,2,-6,0,-1,1,1,1,-1,3,-1
KR_6769748552,420,-1,19,-6,-2,-2,5,3,-3,5,2,1,2,3,0,1,1,2,1,3,0,-2,0,-2,-7,9,-1,0,1,-1,1,1,1,1,-1
KR_6707057147,420,-3,-26,12,-3,0,3,3,0,4,4,0,1,1,-3,3,0,0,1,1,0,-4,1,-3,-5,8,-2,0,-1,-1,-1,-1,1,2,-1
KR_6774847372,420,-2,11,-1,-5,-2,3,1,0,1,1,-1,2,1,-2,4,2,0,0,0,0,-9,-3,-3,-5,8,6,0,2,1,1,1,1,2,-1
KR_6749148783,420,-2,-7,-4,-2,-1,2,1,-1,3,2,1,1,2,-1,3,2,0,0,0,0,1,-30,-1,-7,8,13,0,-2,1,-1,-1,-1,5,-1
KR_6755095422,420,-1,-28,-16,-4,0,2,2,-3,3,0,0,3,3,-1,4,3,0,1,1,-1,-4,103,-5,-7,12,3,0,0,1,1,0,-1,4,-1
KR_6774713843,420,-3,-27,16,-7,-4,5,1,0,1,1,1,2,3,-3,4,1,-1,2,1,0,-10,-6,-4,-3,7,1,0,-1,1,1,-1,-1,3,-1
KR_6773580325,420,-1,8,-3,2,-1,2,1,5,1,6,1,0,1,-1,4,3,-2,4,2,0,7,6,1,-6,5,-3,0,0,1,-1,0,1,2,-1
KR_6763168467,420,-1,-3,12,-2,0,2,2,2,0,2,-7,7,0,2,1,3,1,0,1,0,1,14,5,-8,3,2,0,0,1,-1,0,1,2,-1
KR_6773637454,420,-5,-36,12,-5,-3,4,1,-1,3,2,1,3,4,0,3,3,-2,2,0,0,-2,10,-2,-4,6,1,0,0,-1,1,1,-1,3,-1
KR_6711669350,420,-1,-7,12,-5,0,1,1,-1,5,4,0,1,1,-4,5,1,0,0,0,0,-7,0,2,-9,7,-1,0,0,-1,-1,-1,1,5,-1
KR_6764602199,420,-5,-49,-31,-8,0,2,2,-1,2,1,-7,7,0,1,3,4,-1,2,1,-1,-7,106,-2,-5,7,-5,0,-1,-1,-1,-1,-1,4,-1
KR_6717279518,420,-5,-67,-8,-10,1,1,2,-3,5,2,-6,7,1,-1,2,1,-1,3,2,0,-11,11,5,-10,5,-6,0,-1,-1,1,-1,-1,2,-1
KR_6765339893,420,-2,-21,-15,-5,-1,3,2,-1,3,2,2,1,3,-4,5,1,-1,2,1,-3,-17,-10,4,-6,2,-2,0,0,-1,-1,0,-1,2,-1
KR_6743793487,420,-2,-62,23,-5,-3,4,1,-5,7,2,6,0,6,-4,5,1,1,0,1,0,-4,-23,4,-7,3,4,0,-1,1,-1,-1,1,5,-1
KR_6751421928,420,-1,-23,-23,1,2,0,2,-1,5,4,1,4,5,3,1,4,-4,4,0,0,5,-14,-6,-2,8,9,0,1,-1,1,1,1,6,-1
KR_6469475124,420,2,5,-1,5,2,0,2,3,0,3,-1,1,0,2,0,2,-1,1,0,0,9,32,-1,-7,8,3,0,1,-1,1,1,-1,2,-1
KR_6760798961,420,-2,-73,3,-5,-1,1,0,-2,4,2,-1,2,1,0,3,3,-1,1,0,0,-6,-7,-4,-4,8,4,0,0,-1,-1,-1,-1,4,-1
KR_6736044986,420,-3,-49,19,-2,0,0,0,1,1,2,1,1,2,-4,8,4,0,1,1,0,-7,0,-6,-6,12,-3,0,-2,1,-1,-1,-1,3,-1
KR_6772137000,420,0,8,5,0,-4,5,1,4,0,4,0,3,3,1,0,1,-1,1,0,0,-5,19,5,-7,2,-1,0,-1,0,0,-1,1,0,-1
KR_6744698369,420,0,12,8,-4,1,3,4,3,2,5,-4,6,2,-4,6,2,0,1,1,0,-6,128,-1,-5,6,-1,0,0,1,1,1,-1,5,-1
KR_6771358185,420,-3,-54,11,-4,-1,2,1,3,1,4,-1,1,0,-2,2,0,-3,3,0,0,-3,-17,-3,-4,7,-2,0,-1,-1,1,-1,-1,1,-1
KR_6773713982,420,-4,-59,0,-5,-2,2,0,1,5,6,-3,3,0,0,1,1,-1,1,0,0,-8,-128,1,-6,5,-4,0,-2,-1,-1,-1,-1,2,-1
KR_6761961742,420,1,-1,11,1,2,1,3,0,5,5,-1,3,2,0,2,2,0,2,2,0,4,0,2,-7,5,-2,0,0,-1,-1,0,1,5,-1
KR_6756565762,440,2,11,-16,-2,0,0,0,3,0,3,-1,1,0,-4,4,0,0,1,1,0,-6,6,0,-5,5,-2,0,0,1,1,0,1,4,-1
KR_6744072180,440,0,-13,11,-11,-4,7,3,-3,6,3,-3,3,0,0,3,3,-1,5,4,-1,-20,5,3,-9,6,-4,0,-2,-1,-1,-1,-1,3,-1
KR_6777182386,420,-5,-45,-19,-9,0,2,2,-6,7,1,-6,9,3,3,2,5,0,2,2,1,-4,-1,2,-7,5,-3,0,0,-1,1,-1,1,3,-1
KR_6769464621,440,-4,-146,-8,-5,-2,3,1,-6,7,1,1,2,3,1,0,1,1,1,2,0,4,0,2,-10,8,-2,0,-2,1,0,-1,1,3,-1
KR_6723820262,420,2,21,14,6,3,4,7,1,4,5,2,0,2,2,2,4,-2,4,2,-2,4,-285,0,-9,9,9,0,1,1,1,1,-1,1,-1
KR_6757410268,420,-4,-75,-42,-15,-4,5,1,-9,10,1,-1,2,1,2,2,4,-3,4,1,-1,-11,5,-1,-6,7,-2,0,-2,-1,-1,-1,-1,4,-1
KR_6739621282,440,-2,-34,6,-4,1,0,1,1,0,1,0,1,1,-4,4,0,-2,2,0,0,-3,1,-2,-3,5,-3,0,-1,-1,0,-1,-1,5,-1
KR_6755982402,420,-4,-39,-5,-2,-2,3,1,-2,7,5,3,1,4,1,2,3,-2,5,3,-1,-8,1,4,-6,2,5,0,-1,-1,1,-1,1,5,-1
KR_6754743632,420,-1,18,-8,-2,-2,4,2,-3,5,2,2,2,4,2,0,2,-1,1,0,0,-1,-7,5,-7,2,-7,0,0,1,1,0,1,2,-1
KR_6765825453,440,3,3,12,3,-3,3,0,3,2,5,1,2,3,2,5,7,0,1,1,0,5,3,1,-6,5,3,0,1,1,-1,1,1,3,-1
KR_6763398827,420,-1,20,-1,-6,-4,6,2,2,2,4,-2,4,2,-2,4,2,0,1,1,-1,-9,-7,-3,-6,9,-2,0,0,1,-1,-1,-1,5,-1
KR_6763706045,440,-3,-12,-23,-2,-5,5,0,3,0,3,-1,2,1,1,4,5,0,2,2,1,-3,-137,-1,-5,6,-3,0,-2,-1,-1,-1,1,4,-1
KR_6758856439,420,2,60,12,6,4,1,5,4,1,5,0,1,1,0,4,4,-2,4,2,0,6,3,6,-9,3,-3,0,1,-1,-1,1,1,2,-1
KR_6773477004,420,-3,-43,-4,-2,-1,2,1,0,0,0,-2,2,0,-2,4,2,3,0,3,0,-10,-2,2,-6,4,-6,0,-1,0,-1,-1,-1,0,-1
KR_6777311970,420,1,10,-12,-4,1,0,1,-6,8,2,1,1,2,0,6,6,0,1,1,1,-10,305,-3,-5,8,0,0,-1,-1,-1,-1,1,2,-1
KR_6766222552,420,1,-3,-6,-3,1,2,3,-2,4,2,-2,4,2,0,6,6,0,1,1,0,-2,4,0,-7,7,-2,0,0,1,-1,0,1,4,-1
KR_6771661591,440,-4,-52,-23,-1,1,1,2,-1,1,0,-1,4,3,-2,4,2,2,1,3,0,1,-3,-2,-2,4,4,0,0,-1,1,0,1,4,-1
KR_6776920688,420,1,-16,36,1,1,0,1,-1,5,4,-3,4,1,2,3,5,2,1,3,0,-2,-5,-3,-4,7,3,0,2,1,1,1,-1,5,-1
KR_6770652016,420,-2,-60,-8,-8,-4,5,1,-5,6,1,2,2,4,-2,5,3,1,2,3,0,-11,-5,-4,-4,8,4,0,-2,-1,-1,-1,-1,3,-1
KR_6765711998,420,0,12,-4,5,0,1,1,-1,1,0,0,1,1,7,1,8,-1,2,1,0,11,-177,-2,-3,5,2,0,2,1,1,1,1,4,-1
KR_6769307504,420,-2,-47,18,-6,-1,3,2,1,0,1,-4,5,1,0,2,2,-2,3,1,0,-1,-2,4,-9,5,14,0,-1,-1,1,-1,-1,5,-1
KR_6716022945,420,-3,-103,12,-10,-3,3,0,0,1,1,1,4,5,-5,8,3,-3,3,0,0,-12,-8,-1,-7,8,-2,0,-2,-1,1,-1,-1,1,-1
KR_6770965936,420,-3,-12,-45,0,1,1,2,1,2,3,-1,2,1,1,3,4,-2,2,0,0,0,6,2,-7,5,-2,0,-1,-1,1,-1,-1,1,-1
KR_6766712081,420,0,-50,-32,1,0,4,4,1,2,3,0,4,4,-1,2,1,1,1,2,0,2,20,-2,-5,7,-4,0,-1,-1,-1,-1,-1,2,-1
KR_6728923703,420,-2,-16,9,-6,-3,5,2,-6,7,1,-1,1,0,3,1,4,1,0,1,0,-5,16,-7,-5,12,-6,0,-2,1,-1,-1,-1,4,-1
KR_6748257205,420,-8,-89,2,-16,-2,3,1,-4,6,2,-1,3,2,-5,7,2,-4,4,0,0,-22,13,1,-6,5,-8,0,-3,-1,-1,-1,-1,6,-1
KR_6763347255,420,0,42,-22,-8,1,1,2,-1,4,3,-2,3,1,-6,7,1,0,1,1,0,-14,-9,-4,-4,8,2,0,0,-1,1,1,-1,1,-1
KR_6756794948,420,2,17,4,-1,2,0,2,0,2,2,4,2,6,-5,6,1,-2,2,0,0,2,-66,-6,-4,10,-1,0,-2,-1,1,-1,-1,6,-1
KR_6776486335,420,1,10,7,3,-2,2,0,4,3,7,0,2,2,0,2,2,1,1,2,0,3,-16,2,-5,3,1,0,0,-1,1,1,1,4,-1
KR_6710852771,420,0,-23,-4,-4,1,2,3,-5,9,4,0,2,2,0,6,6,0,1,1,-1,-17,2,2,-7,5,-5,0,0,-1,-1,0,-1,4,-1
KR_6749221799,420,1,30,11,-2,-3,5,2,1,5,6,-4,6,2,3,0,3,1,0,1,0,-3,-17,-5,-5,10,8,0,0,1,-1,-1,1,1,-1
KR_6749129824,420,-4,-29,-17,-12,0,0,0,-5,7,2,-6,6,0,-1,5,4,0,2,2,0,-17,111,-3,-7,10,2,0,0,-1,-1,0,1,4,-1
KR_6737227597,440,0,18,-30,3,1,0,1,3,1,4,1,2,3,-1,2,1,-1,1,0,0,3,-16,-3,-2,5,4,0,0,-1,-1,0,1,5,-1
KR_6737259192,420,-1,21,32,-2,-1,2,1,1,5,6,-2,2,0,-1,1,0,1,0,1,0,-1,-11,-4,-7,11,4,0,0,1,1,0,1,4,-1
KR_6745738080,420,-2,3,-26,-3,2,1,3,-2,2,0,-1,2,1,0,3,3,-2,3,1,0,0,15,7,-10,3,-4,0,-1,-1,-1,-1,-1,1,-1
KR_6777316851,420,1,-40,-11,-4,0,2,2,-2,3,1,-2,4,2,4,1,5,-4,6,2,-1,-13,0,2,-8,6,-3,0,0,-1,-1,0,-1,6,-1
KR_6774912617,440,-6,25,-32,-6,5,2,7,-2,3,1,-5,6,1,-2,3,1,-2,2,0,0,-12,76,3,-4,1,-2,0,0,1,-1,0,-1,3,-1
KR_6764499277,420,2,-2,-22,4,1,1,2,2,2,4,3,0,3,0,1,1,-2,2,0,-1,5,4,0,-5,5,2,0,0,1,1,0,-1,4,-1
KR_6721028104,420,0,-20,-31,4,0,3,3,4,2,6,-2,2,0,1,1,2,1,0,1,0,9,5,6,-8,2,2,0,-2,1,-1,-1,1,2,-1
KR_6774840016,420,-3,-33,19,-11,-2,2,0,-3,3,0,-3,5,2,-4,4,0,1,1,2,0,-12,9,1,-6,5,-4,0,-1,-1,-1,-1,-1,3,-1
KR_6766676331,420,-3,3,-19,-6,-1,2,1,-1,3,2,-1,2,1,1,2,3,-4,8,4,0,-4,30,2,-7,5,0,0,-1,-1,-1,-1,1,4,-1
KR_6755082064,420,2,-22,15,7,2,0,2,5,1,6,-1,3,2,1,1,2,0,0,0,0,9,-48,1,-7,6,23,0,0,1,1,0,1,4,-1
KR_6741026575,420,0,-60,-17,-3,0,2,2,-1,3,2,1,0,1,-2,2,0,-1,2,1,0,-2,-19,-1,-4,5,-2,0,-1,1,-1,-1,-1,4,-1
KR_6753462447,420,2,4,-11,13,1,3,4,7,0,7,4,2,6,0,3,3,1,0,1,0,16,3,3,-7,4,-1,0,0,0,1,1,-1,0,-1
KR_6776335947,420,-3,20,-16,-2,0,1,1,0,5,5,1,1,2,-4,4,0,1,0,1,0,-12,-38,2,-5,3,6,0,-1,-1,-1,-1,1,3,-1
KR_6769225744,420,-1,-55,-8,-1,3,1,4,-2,3,1,-1,7,6,-1,4,3,0,2,2,0,12,-10,-1,-5,6,6,0,-1,0,-1,-1,-1,0,-1
KR_6763607869,420,-1,43,-18,1,-1,1,0,-3,7,4,3,1,4,1,2,3,1,1,2,0,2,12,6,-11,5,-3,0,-3,1,-1,-1,-1,6,-1
KR_6746992393,420,4,109,-4,7,4,1,5,4,1,5,-2,3,1,4,2,6,-3,3,0,0,5,-20,7,-10,3,4,0,2,-1,1,1,-1,5,-1
KR_6741116551,420,-4,-20,-35,-6,-1,2,1,0,2,2,-4,6,2,-2,3,1,1,1,2,0,-12,3,1,-7,6,-4,0,-1,1,1,1,-1,3,-1
KR_6770520328,420,0,-35,-14,-6,2,2,4,0,2,2,-7,7,0,-2,3,1,1,0,1,0,1,-4,-3,-4,7,3,0,-1,-1,-1,-1,-1,1,-1
KR_6768200271,420,2,-22,-11,5,5,0,5,3,1,4,0,4,4,-4,4,0,1,0,1,1,6,-1,0,-9,9,5,0,1,-1,1,1,1,6,-1
KR_6765109642,420,-2,-61,9,-3,-2,3,1,-1,3,2,2,2,4,0,4,4,-2,3,1,-2,-10,-23,2,-9,7,0,0,0,-1,1,0,-1,2,-1
KR_6620499789,420,3,20,34,6,0,1,1,2,2,4,2,1,3,3,2,5,-1,3,2,0,8,-38,-1,-8,9,14,0,-1,-1,-1,-1,1,2,-1
KR_6765363925,420,-4,-46,5,-15,-4,4,0,-6,8,2,1,3,4,-1,2,1,-5,5,0,-1,-24,-8,-3,-4,7,2,0,-3,-1,-1,-1,-1,6,-1
KR_6649057506,420,-1,1,-19,2,1,3,4,0,5,5,1,1,2,1,1,2,-1,1,0,1,2,-12,-6,-4,10,5,0,-1,-1,-1,1,1,5,-1
KR_6694297932,420,-4,-6,-17,-3,2,0,2,0,1,1,0,2,2,-2,3,1,-3,3,0,-1,-6,3,-2,-4,6,-4,0,1,-1,0,1,-1,4,-1
KR_6769883819,420,-2,-16,-29,5,-2,2,0,0,4,4,1,2,3,5,0,5,1,0,1,0,9,-3,-2,-5,7,-1,0,-1,1,-1,-1,-1,5,-1
KR_6713822191,420,2,69,-19,3,3,2,5,-1,3,2,-1,1,0,2,1,3,0,1,1,0,-1,6,1,-5,4,4,0,0,1,1,1,1,6,-1
KR_6718652728,420,-3,-26,-9,-7,0,1,1,1,2,3,2,0,2,-8,9,1,-2,3,1,0,-13,1,5,-6,1,-2,0,-2,-1,-1,-1,-1,1,-1
KR_6775138535,420,0,25,-16,1,2,2,4,0,3,3,1,1,2,-2,6,4,0,1,1,0,3,163,-3,-5,8,2,0,-1,-1,-1,-1,-1,5,-1
KR_6771908714,420,-1,-27,-4,-7,-1,2,1,-3,5,2,-1,1,0,-3,4,1,1,1,2,-1,-11,-2,2,-6,4,-6,0,0,-1,-1,0,-1,6,-1
KR_6773917175,420,-1,7,-5,-4,-1,2,1,-6,6,0,-3,4,1,4,1,5,2,0,2,0,-2,-3,1,-6,5,0,0,1,1,1,1,-1,3,-1
KR_6771673791,420,-2,-80,-38,-4,1,3,4,-2,2,0,1,1,2,-1,3,2,-3,3,0,0,2,32,0,-5,5,-3,0,0,-1,1,0,-1,5,-1
KR_6770498056,440,0,-62,4,0,1,2,3,-1,3,2,-1,6,5,2,3,5,-1,1,0,-2,-4,-2,-2,-5,7,0,0,1,-1,1,1,-1,3,-1
KR_6765485614,420,-2,-84,-32,-3,0,3,3,0,2,2,-1,3,2,-2,4,2,0,0,0,-1,6,-17,2,-5,3,2,0,-2,-1,-1,-1,-1,5,-1
KR_6747719710,420,-5,-72,-36,-11,-3,3,0,-9,10,1,1,3,4,-1,4,3,1,3,4,0,-17,-12,6,-6,0,-8,0,0,1,-1,-1,-1,6,-1
KR_6726958230,420,-1,0,19,-4,-3,4,1,-2,5,3,1,1,2,-1,4,3,1,1,2,0,-8,1,-2,-5,7,-10,0,0,-1,1,0,1,6,-1
KR_6775024697,420,-3,-91,-25,-6,-3,4,1,3,0,3,-3,3,0,-2,5,3,-1,1,0,0,1,65,2,-4,2,-1,0,-1,1,-1,-1,1,4,-1
KR_6593031269,420,1,-32,20,-1,0,3,3,0,1,1,2,3,5,-2,3,1,-1,3,2,-1,0,-20,0,-7,7,-3,0,-1,1,-1,-1,-1,1,-1
KR_6773695076,420,-2,-29,-6,-4,0,2,2,-3,4,1,-1,4,3,-2,3,1,2,0,2,0,-4,-2,-1,-6,7,3,0,0,-1,1,-1,-1,3,-1
KR_6663395309,420,2,51,3,4,1,2,3,0,2,2,-1,2,1,3,2,5,1,0,1,0,5,6,0,-7,7,4,0,2,1,-1,1,1,1,-1
KR_6765919076,420,-2,-13,14,-3,4,1,5,2,2,4,-2,3,1,-8,8,0,1,1,2,0,-3,1,1,-5,4,-3,0,1,-1,1,1,1,2,-1
KR_6750281416,420,0,-21,12,0,-2,3,1,1,3,4,-3,4,1,0,3,3,4,2,6,0,6,-6,-2,-3,5,-2,0,2,1,-1,1,1,6,-1
KR_6730869135,440,0,-6,-24,-1,-1,1,0,-4,4,0,4,2,6,0,2,2,0,1,1,0,-6,-3,-7,-4,11,-1,0,0,-1,-1,0,-1,2,-1
KR_6755202930,420,-4,16,-21,-14,-3,3,0,0,1,1,-8,8,0,-1,2,1,-2,2,0,0,-22,-2,1,-6,5,-2,0,-3,-1,-1,-1,-1,6,-1
KR_6774832610,420,0,11,8,-5,4,0,4,2,2,4,-7,7,0,-3,6,3,-1,2,1,0,-7,-20,1,-8,7,-2,0,0,-1,-1,0,-1,3,-1
KR_6775507808,420,-1,-4,-2,-5,-2,2,0,2,3,5,-4,5,1,-1,4,3,0,0,0,-1,0,3,3,-7,4,1,0,0,-1,1,1,-1,3,-1
KR_6763925733,420,2,-12,19,-4,1,1,2,-1,2,1,2,0,2,-3,4,1,-3,3,0,0,-9,2,1,-6,5,-3,0,0,-1,1,1,1,1,-1
KR_6768388031,420,-1,-9,19,-2,0,2,2,0,2,2,1,2,3,-2,3,1,-1,1,0,0,-5,-14,-5,-7,12,-3,0,0,-1,1,1,-1,4,-1
KR_6751946736,420,1,-32,-11,3,-1,2,1,1,5,6,1,3,4,2,5,7,0,3,3,0,2,3,1,-8,7,-7,0,0,-1,-1,-1,1,5,-1
KR_6737257526,440,1,51,0,-4,1,1,2,1,1,2,-1,2,1,-9,9,0,4,0,4,0,-2,-6,-2,-2,4,-2,0,2,1,-1,1,-1,6,-1
KR_6772259961,420,-1,-5,-8,-4,-1,1,0,-2,4,2,0,2,2,4,3,7,-5,5,0,0,0,-21,5,-9,4,6,0,-3,-1,-1,-1,-1,4,-1
KR_6713147556,420,0,46,-26,2,4,1,5,-2,3,1,-2,4,2,2,1,3,0,0,0,0,-2,54,1,-9,8,-10,0,0,1,-1,0,1,3,-1
KR_6763581993,420,1,0,-20,5,-1,4,3,0,3,3,5,0,5,1,0,1,0,0,0,0,4,-22,-4,-5,9,7,0,0,1,1,-1,-1,1,-1
KR_6721734843,420,0,-23,-17,2,-3,4,1,0,7,7,5,2,7,3,3,6,-3,3,0,0,8,-3,4,-8,4,-1,0,0,1,-1,0,1,6,-1
KR_6777778818,420,-1,1,8,-4,1,1,2,-2,3,1,-2,4,2,-1,1,0,0,1,1,0,-5,-66,1,-6,5,-1,0,0,-1,-1,-1,1,1,-1
KR_6726726136,420,-1,-65,-27,-1,-2,5,3,1,3,4,-1,1,0,1,2,3,0,1,1,0,6,30,2,-8,6,2,0,-1,-1,-1,-1,-1,6,-1
KR_6777517801,440,-1,-33,-8,-4,3,3,6,-2,3,1,-1,4,3,0,0,0,-4,7,3,-1,-1,117,6,-8,2,-5,0,-1,-1,-1,-1,-1,1,-1
KR_6774845093,420,-2,-78,31,-8,-4,4,0,-3,5,2,0,3,3,-2,2,0,1,0,1,-1,-12,160,2,-6,4,-1,0,0,0,-1,-1,-1,0,-1
KR_6776587090,420,-2,7,0,-2,2,2,4,-2,3,1,-1,4,3,0,1,1,-1,1,0,0,-6,-127,-5,-4,9,-1,0,2,-1,1,1,-1,4,-1
KR_6698405774,420,2,26,46,1,0,2,2,-5,5,0,1,1,2,4,1,5,1,1,2,-1,1,112,-6,-3,9,2,0,0,1,1,1,-1,5,-1
KR_6731755811,420,-2,-9,-16,-5,-2,3,1,-3,3,0,0,1,1,0,4,4,0,0,0,0,-8,0,-2,-5,7,6,0,-2,-1,-1,-1,1,5,-1
KR_6773786425,420,0,-60,-8,4,1,0,1,-1,2,1,-1,3,2,3,2,5,2,1,3,0,2,-6,-3,-8,11,-4,0,0,1,1,0,1,2,-1
KR_6749384774,420,-3,-19,6,-7,1,1,2,0,2,2,-3,4,1,-1,3,2,-4,4,0,0,-8,-26,0,-5,5,-2,0,-1,-1,0,-1,-1,6,-1
KR_6755808749,420,-6,-85,-55,-9,-2,2,0,-4,6,2,0,2,2,-2,3,1,-1,2,1,0,-4,5,0,-5,5,-1,0,-1,-1,-1,-1,-1,2,-1
KR_6728692543,420,0,27,9,-4,3,1,4,-4,5,1,0,4,4,-1,3,2,-2,2,0,-2,-12,-67,6,-9,3,22,0,-1,1,-1,-1,-1,6,-1
KR_6775094621,420,-4,-54,-25,-9,-3,3,0,-2,2,0,-2,3,1,-1,6,5,-1,1,0,-1,-7,-21,0,-5,5,-1,0,-1,-1,-1,-1,-1,6,-1
KR_6774578863,420,0,11,12,-1,1,1,2,0,2,2,1,1,2,-1,1,0,-2,3,1,0,-7,-108,5,-9,4,-10,0,1,-1,1,1,1,6,-1
KR_6767017373,420,1,-2,16,3,-1,2,1,0,2,2,-2,6,4,7,1,8,-1,2,1,0,-2,19,-2,-6,8,-3,0,0,0,-1,1,-1,0,-1
KR_6757093732,420,1,-35,37,-1,4,0,4,2,1,3,-2,4,2,-6,6,0,1,1,2,0,-8,-3,5,-7,2,-2,0,1,-1,1,1,-1,3,-1
KR_6767175870,420,-2,-40,7,0,-1,1,0,2,1,3,-2,7,5,-1,5,4,2,0,2,0,-6,6,2,-8,6,-7,0,0,-1,1,0,1,2,-1
KR_6777570290,420,1,0,1,4,1,3,4,1,2,3,3,1,4,-1,5,4,0,0,0,1,9,19,0,-7,7,-1,0,1,-1,1,1,1,5,-1
KR_6776232021,440,-1,-29,-7,-1,-1,3,2,2,3,5,1,1,2,-4,7,3,1,0,1,0,2,2,0,-5,5,-1,0,0,1,1,0,1,5,-1
KR_6774653896,420,-2,-42,-26,-3,-6,6,0,2,4,6,-2,5,3,3,0,3,0,2,2,0,6,3,1,-6,5,0,0,-1,1,-1,-1,-1,6,-1
KR_6762697189,420,-5,-85,-6,-11,2,0,2,-5,6,1,-2,2,0,-4,8,4,-2,3,1,0,-16,3,3,-8,5,-2,0,-3,-1,-1,-1,-1,1,-1
KR_6759746542,440,-3,-10,16,-9,-1,3,2,-2,2,0,-2,6,4,-2,2,0,-2,3,1,0,-5,3,2,-8,6,1,0,-1,0,-1,-1,-1,0,-1
KR_6742507102,420,-3,-2,-12,-3,-2,3,1,-3,6,3,-1,3,2,-4,4,0,7,1,8,0,-10,-9,-2,-3,5,5,0,0,-1,-1,-1,1,4,-1
KR_6746829127,420,0,-56,0,-3,-2,2,0,3,2,5,-3,3,0,0,3,3,-1,2,1,-1,-4,9,-2,-5,7,-1,0,1,-1,1,1,-1,3,-1
KR_6758904204,420,0,-58,8,5,1,2,3,0,3,3,2,1,3,2,1,3,0,4,4,-1,8,-4,3,-6,3,-1,0,0,-1,-1,0,-1,3,-1
KR_6776914679,420,-1,-41,-7,-4,-1,2,1,-4,4,0,0,2,2,1,1,2,0,1,1,0,-12,10,-4,-8,12,3,0,0,1,-1,0,1,3,-1
KR_6723195388,420,-3,-69,-36,-5,0,2,2,-6,14,8,1,2,3,2,3,5,-2,3,1,0,-3,-1,3,-6,3,-4,0,-2,-1,-1,-1,1,5,-1
KR_6773787604,420,-2,-11,-13,-2,-1,1,0,0,3,3,2,1,3,-2,3,1,-1,2,1,-2,-5,-31,1,-5,4,5,0,-1,0,1,-1,-1,0,-1
KR_6774093841,440,-1,-21,23,-7,1,0,1,0,3,3,4,1,5,-9,9,0,-3,3,0,-1,-11,2,-6,-5,11,5,0,0,-1,1,0,-1,6,-1
KR_6733260463,420,1,15,4,2,1,1,2,-2,3,1,2,0,2,4,2,6,-3,4,1,0,4,-23,-1,-7,8,0,0,0,-1,1,1,1,3,-1
KR_6759606815,420,-2,-60,10,-1,0,3,3,-2,4,2,1,0,1,-3,4,1,3,0,3,0,-4,-48,-1,-3,4,24,0,0,0,1,-1,1,0,-1
KR_6759256236,420,1,-19,-14,1,2,2,4,0,6,6,-1,3,2,0,6,6,0,0,0,0,3,171,-1,-4,5,-3,0,-2,-1,1,-1,1,2,-1
KR_6761091906,420,-5,-25,11,-19,-1,2,1,-3,4,1,-5,7,2,-11,12,1,1,0,1,0,-22,-5,-10,-2,12,7,0,-1,-1,1,-1,1,6,-1
KR_6751882286,420,0,-28,13,2,-1,2,1,1,1,2,1,1,2,-2,2,0,3,0,3,0,10,-8,-5,-5,10,0,0,-1,1,1,-1,-1,3,-1
KR_6775948377,420,-1,-46,29,1,-5,6,1,2,3,5,3,0,3,0,2,2,1,1,2,0,7,4,2,-6,4,-2,0,-1,-1,0,-1,-1,4,-1
KR_6750930203,420,-3,-66,-19,-8,-1,1,0,-4,4,0,-1,1,0,-2,3,1,0,1,1,0,-21,13,1,-9,8,-6,0,0,-1,-1,-1,1,4,-1
KR_6748221173,420,-1,15,13,2,3,0,3,1,2,3,0,3,3,-1,4,3,-1,2,1,0,-6,31,-4,-2,6,-13,0,0,1,0,0,1,5,-1
KR_6772829558,420,-3,-76,-29,-8,-2,2,0,-3,3,0,-1,3,2,-4,5,1,2,0,2,0,-9,2,2,-7,5,-4,0,-2,-1,-1,-1,-1,4,-1
KR_6735759730,420,-2,-62,-9,-7,-1,2,1,-5,11,6,1,1,2,-2,5,3,0,1,1,0,-8,7,7,-12,5,0,0,0,-1,1,0,-1,6,-1
KR_6752586987,420,0,-44,27,-4,-2,4,2,-3,3,0,1,1,2,-2,3,1,2,1,3,0,-6,0,-2,-1,3,3,0,-2,1,-1,-1,-1,2,-1
KR_6771738622,440,2,-12,29,-6,-2,3,1,-2,5,3,0,3,3,0,0,0,-2,4,2,-2,-18,-11,-6,-3,9,0,0,-1,1,-1,-1,-1,2,-1
KR_6755505272,420,1,1,5,3,-4,5,1,2,0,2,-2,3,1,5,1,6,2,0,2,0,8,8,-5,-4,9,3,0,0,-1,-1,1,-1,6,-1
KR_6773531467,420,-3,-44,-4,-15,7,0,7,-7,7,0,-6,6,0,-8,8,0,-1,3,2,-2,-29,-113,1,-7,6,-5,-1,-3,-1,1,-1,-1,5,-1
KR_6771985460,420,-1,-4,-7,-1,-1,2,1,1,1,2,-1,1,0,0,2,2,0,0,0,0,2,-31,-1,-4,5,1,0,2,1,1,1,1,6,-1
KR_6753357119,420,1,-17,-28,1,-7,7,0,1,2,3,2,0,2,5,0,5,0,1,1,1,9,-8,1,-8,7,7,0,-1,1,-1,-1,1,3,-1
KR_6758036361,420,-1,-10,20,-2,-2,3,1,1,0,1,1,0,1,-2,3,1,0,1,1,0,0,0,6,-12,6,-11,0,-1,-1,1,-1,-1,6,-1
KR_6758309591,420,1,-1,10,0,0,0,0,-3,3,0,-2,2,0,2,2,4,3,0,3,0,-1,0,0,-6,6,-1,0,2,1,1,1,-1,6,-1
KR_6751799293,420,-3,-32,7,-12,-5,7,2,0,2,2,1,3,4,-6,6,0,-2,2,0,-1,-5,20,0,-3,3,0,0,-2,-1,1,-1,-1,1,-1
KR_6775211862,420,-3,-18,10,-9,-2,4,2,-2,2,0,-8,10,2,0,3,3,3,2,5,-1,-15,-228,0,-6,6,-5,0,0,-1,1,0,-1,3,-1
KR_6770764559,420,-3,-33,-42,-3,0,2,2,-1,3,2,1,2,3,-5,7,2,2,0,2,0,-5,0,1,-6,5,-1,0,-1,-1,1,-1,1,5,-1
KR_6770592693,440,-1,-34,-4,5,5,1,6,4,0,4,0,6,6,-6,6,0,2,2,4,0,-2,-17,1,-5,4,-4,0,0,0,1,1,1,0,-1
KR_6744484569,420,-3,-25,-40,-15,3,1,4,-6,6,0,-3,5,2,-7,7,0,-2,2,0,0,-16,-10,-5,-1,6,5,0,-1,-1,-1,-1,-1,5,-1
KR_6714156880,420,0,-2,40,-7,0,2,2,0,1,1,-7,7,0,0,2,2,0,2,2,0,-8,-2,-4,-3,7,0,0,-2,1,-1,-1,-1,1,-1
KR_6771002514,420,1,-65,-5,5,0,2,2,-5,6,1,1,1,2,7,1,8,2,1,3,0,2,31,-2,-6,8,0,0,1,1,-1,1,1,1,-1
KR_6773357106,420,-2,-28,-16,-7,-3,3,0,-1,1,0,-1,1,0,-3,5,2,1,0,1,0,-12,-10,-5,-5,10,0,0,-1,-1,1,-1,-1,4,-1
KR_6667763876,420,-2,-21,-23,-4,0,1,1,-5,6,1,-2,4,2,1,3,4,2,0,2,0,-11,12,-6,-5,11,1,0,1,-1,-1,1,-1,2,-1
KR_6770944483,420,-3,-68,1,-4,1,1,2,-4,6,2,0,0,0,0,1,1,-1,2,1,0,-11,-51,1,-7,6,21,0,0,-1,1,1,-1,4,-1
KR_6773529351,440,-1,-46,4,-2,-1,4,3,4,1,5,-3,4,1,0,8,8,-2,2,0,0,11,0,1,-7,6,3,0,-1,-1,1,-1,-1,4,-1
KR_6753414754,420,-3,-56,-22,-7,2,2,4,-1,2,1,-2,5,3,-5,5,0,-1,1,0,0,-7,5,-3,-5,8,5,0,0,-1,-1,0,1,4,-1
KR_6728364457,420,-1,-30,-24,1,-1,1,0,1,2,3,-2,3,1,2,1,3,1,1,2,0,0,-41,1,-6,5,-3,0,-1,-1,1,-1,1,4,-1
KR_6722780948,420,-5,-72,-22,-4,3,0,3,-6,7,1,1,1,2,-2,3,1,0,1,1,0,-2,-9,-4,-7,11,-1,0,0,-1,-1,0,-1,6,-1
KR_6761611942,420,-6,-16,-40,-4,0,4,4,-2,4,2,1,3,4,-3,8,5,0,1,1,0,-4,-2,2,-8,6,-3,0,1,-1,-1,1,-1,2,-1
KR_6773220347,420,-3,-30,-19,-4,-1,2,1,-2,4,2,0,3,3,-1,2,1,0,0,0,1,5,-30,5,-10,5,1,0,-1,-1,-1,-1,1,3,-1
KR_6769121336,420,-3,-3,1,-6,-1,2,1,-4,6,2,3,1,4,-3,5,2,-1,1,0,1,-14,-39,1,-5,4,-2,0,-1,1,1,-1,1,4,-1
KR_6747076948,420,-8,-79,-1,-14,-4,4,0,-7,9,2,-2,2,0,0,1,1,-1,1,0,0,-8,35,-7,-2,9,-4,0,-1,1,-1,-1,-1,3,-1
KR_6775726233,420,4,27,4,4,3,1,4,1,1,2,3,3,6,1,2,3,-4,5,1,-1,5,-13,-6,-2,8,1,0,-2,-1,1,-1,-1,4,-1
KR_6773661324,420,-1,-18,-21,-5,-3,3,0,3,2,5,1,0,1,-5,5,0,-1,1,0,0,-3,-13,-5,-3,8,5,0,-2,1,-1,-1,-1,1,-1
KR_6758219494,420,-2,-8,3,-3,0,2,2,2,2,4,-1,2,1,-3,3,0,-1,1,0,0,-8,-34,-1,-6,7,-1,0,0,-1,1,-1,1,2,-1
KR_6771663282,420,0,9,29,6,0,1,1,3,1,4,1,1,2,2,1,3,0,0,0,0,6,-8,1,-5,4,3,0,1,1,1,1,1,1,-1
KR_6756707247,420,-3,-49,-28,-5,-2,3,1,-3,4,1,-1,4,3,2,0,2,-1,1,0,0,-11,4,-5,-5,10,-6,0,0,-1,-1,0,-1,5,-1
KR_6774494612,420,-1,-16,-6,-1,1,2,3,-2,3,1,-2,5,3,1,2,3,1,1,2,1,1,1,0,-5,5,-2,0,2,-1,1,1,1,2,-1
KR_6777176339,420,0,6,-11,-4,2,2,4,-2,6,4,-4,4,0,1,2,3,-1,1,0,0,-11,-10,0,-5,5,4,0,0,1,0,0,1,3,-1
KR_6776069381,420,-4,-80,-1,-6,-3,3,0,-1,4,3,3,0,3,-5,6,1,0,0,0,0,-8,7,5,-7,2,-10,0,-1,-1,-1,-1,-1,6,-1
KR_6663851676,420,-4,-97,16,-8,-3,3,0,-2,5,3,1,1,2,0,4,4,-4,4,0,0,0,-11,-5,-6,11,-1,0,0,1,-1,0,-1,1,-1
KR_6762110688,420,-3,-15,-1,-3,-3,3,0,1,0,1,1,2,3,-2,3,1,0,1,1,0,-3,-9,-1,-5,6,2,0,0,-1,1,0,1,1,-1
KR_6601802287,420,-3,-50,-49,-3,-1,1,0,-2,3,1,-2,4,2,4,2,6,-2,3,1,-2,7,5,1,-8,7,-2,0,1,1,-1,1,-1,1,-1
KR_6776898050,420,-5,-64,-15,-8,1,1,2,-3,3,0,-6,6,0,0,0,0,0,0,0,0,-8,-1,0,-5,5,-4,0,0,1,1,-1,-1,5,-1
KR_6770377850,440,-3,-56,8,-6,-3,5,2,-1,3,2,-1,1,0,-2,3,1,1,0,1,0,-1,1,-3,-2,5,1,0,0,-1,-1,-1,-1,4,-1
KR_6671175152,420,-6,-56,7,-8,0,1,1,-3,4,1,-7,7,0,0,2,2,2,0,2,0,-19,11,-3,-5,8,0,0,-1,-1,-1,-1,1,3,-1
KR_6772330851,420,0,14,40,5,-1,3,2,6,1,7,0,2,2,0,1,1,0,0,0,0,4,28,3,-7,4,0,0,0,1,1,0,1,6,-1
KR_6766198281,420,0,-31,-7,0,1,0,1,1,5,6,-2,3,1,-1,7,6,1,1,2,0,0,2,1,-3,2,-1,0,0,-1,1,-1,-1,1,-1
KR_6774241527,420,-2,-24,7,-5,0,2,2,-2,3,1,-1,2,1,-1,2,1,-1,1,0,0,-11,19,3,-6,3,-2,0,-1,1,1,-1,-1,6,-1
KR_6707963517,420,-3,0,-18,-6,-2,4,2,-2,5,3,0,4,4,-1,1,0,-1,1,0,0,-18,-10,-1,-6,7,3,0,-1,-1,-1,-1,-1,4,-1
KR_6766518148,420,-2,7,-12,2,0,2,2,0,3,3,0,3,3,3,0,3,-1,1,0,1,4,6,4,-6,2,1,0,1,-1,1,1,1,6,-1
KR_6770116204,440,-1,79,3,-10,5,2,7,-5,5,0,-3,3,0,-4,6,2,-3,5,2,0,-9,4,4,-7,3,3,0,0,-1,1,1,1,4,-1
KR_6759451360,420,-2,-2,-12,-2,-4,6,2,-2,3,1,4,0,4,-1,3,2,1,0,1,0,2,113,2,-7,5,-2,0,0,-1,-1,-1,-1,3,-1
KR_6483661931,420,-2,-91,-13,4,1,1,2,-3,7,4,3,0,3,1,3,4,2,1,3,0,4,-56,0,-8,8,5,0,-1,1,-1,-1,1,5,-1
KR_6761827099,420,4,28,17,2,-2,3,1,-2,4,2,8,1,9,-1,2,1,-1,1,0,0,1,2,-3,-4,7,8,0,-1,1,-1,-1,1,6,-1
KR_6766022261,420,-6,-72,-26,-8,-4,6,2,-2,5,3,0,2,2,0,2,2,-2,2,0,-1,-9,40,1,-6,5,-3,0,-1,-1,-1,-1,-1,3,-1
KR_6768245397,420,-2,-40,-7,-5,0,2,2,-5,6,1,-4,7,3,2,1,3,2,0,2,0,0,18,-4,-3,7,-4,0,-2,0,-1,-1,-1,0,-1
KR_6771643648,420,-2,-37,-4,-6,-2,3,1,-6,7,1,1,1,2,2,1,3,-1,1,0,0,-4,-37,0,-7,7,-3,0,-1,1,-1,-1,-1,2,-1
KR_6774625871,440,-2,-55,-6,-2,-2,3,1,3,3,6,1,1,2,-6,8,2,2,2,4,0,-9,-8,-1,-3,4,2,0,-1,-1,-1,-1,1,5,-1
KR_6763075171,420,-6,-39,-13,-16,-5,5,0,-1,5,4,-3,5,2,-2,4,2,-5,5,0,0,-20,-32,1,-3,2,1,0,-3,-1,-1,-1,1,2,-1
KR_6776126747,420,-8,-84,-19,-25,-6,6,0,-15,16,1,6,0,6,-8,8,0,-2,3,1,-1,-35,6,-1,-3,4,-6,0,-3,-1,-1,-1,-1,1,-1
KR_6657344701,420,0,-61,8,8,0,2,2,4,2,6,6,0,6,-3,3,0,1,0,1,0,7,-70,-2,-5,7,37,0,-1,1,-1,-1,1,5,-1
KR_6753260950,420,-2,-51,15,-6,-1,2,1,-1,3,2,0,2,2,-4,7,3,0,1,1,0,-2,29,0,-5,5,1,0,-1,-1,-1,-1,1,3,-1
KR_6739664633,420,6,92,-22,8,2,0,2,1,1,2,1,1,2,2,3,5,2,2,4,0,1,26,0,-4,4,-1,0,1,-1,1,1,1,6,-1
KR_6770311187,440,1,47,-10,5,1,0,1,1,2,3,-2,3,1,5,4,9,0,3,3,0,6,-15,0,-6,6,3,0,1,1,0,1,1,2,-1
KR_6762953082,420,-1,-33,-16,-4,0,1,1,-2,3,1,-2,2,0,1,2,3,-1,1,0,0,-5,0,0,-11,11,-3,0,0,1,-1,0,-1,2,-1
KR_6777645948,420,-1,-75,-9,-4,-3,3,0,4,3,7,2,1,3,-5,5,0,-2,2,0,-1,-8,5,-1,-7,8,-3,0,-2,-1,-1,-1,-1,2,-1
KR_6728726183,440,-1,20,-7,-1,-1,4,3,-1,4,3,-2,2,0,3,3,6,0,0,0,0,0,10,3,-6,3,-1,0,-2,1,-1,-1,1,6,-1
KR_6748506606,420,1,19,5,-1,3,2,5,-5,6,1,1,2,3,1,3,4,-1,2,1,-1,-8,2,4,-6,2,-2,0,0,-1,1,1,-1,1,-1
KR_6714107069,420,-3,-1,5,-17,-3,3,0,0,1,1,-8,8,0,-4,7,3,-2,2,0,0,-26,34,-1,-3,4,-14,0,-2,-1,-1,-1,-1,4,-1
KR_6629591728,420,-6,-92,-14,-13,0,4,4,1,2,3,-6,6,0,-4,4,0,-4,4,0,-3,-16,-9,-3,-5,8,0,0,-2,-1,-1,-1,-1,3,-1
KR_6768277051,420,-3,57,-24,-4,3,0,3,-5,5,0,0,3,3,-2,4,2,0,1,1,0,-12,-4,0,-6,6,-8,0,1,1,-1,-1,1,3,-1
KR_6749880678,420,2,-13,5,-4,-1,2,1,-7,8,1,0,2,2,2,1,3,2,1,3,1,-5,-2,2,-7,5,2,0,0,-1,-1,0,1,4,-1
KR_6774317419,420,-1,0,17,0,1,1,2,0,5,5,0,1,1,0,2,2,-1,1,0,0,0,-7,1,-6,5,0,0,1,-1,1,1,-1,5,-1
KR_6611527384,420,4,21,-16,6,4,0,4,-1,2,1,0,3,3,2,2,4,1,1,2,0,6,-25,0,-8,8,3,0,1,1,-1,1,-1,3,-1
KR_6770668232,420,-1,14,-13,-3,-2,3,1,0,5,5,-1,4,3,-1,4,3,1,0,1,0,-13,-145,4,-9,5,0,0,-2,-1,1,-1,-1,1,-1
KR_6739138559,420,-1,22,-13,-5,-4,6,2,-4,8,4,4,1,5,-1,3,2,0,3,3,0,-6,-5,0,-8,8,1,0,-2,-1,0,-1,-1,5,-1
KR_6735734343,420,0,10,0,1,-1,3,2,-2,6,4,0,1,1,5,2,7,-1,2,1,0,0,46,4,-6,2,-35,0,0,1,-1,0,1,1,-1
KR_6777082374,440,0,13,11,-14,-4,6,2,-4,7,3,4,2,6,-6,7,1,-4,4,0,-2,-38,5,0,-3,3,-5,0,-1,-1,1,-1,-1,5,-1
KR_6774359627,420,2,14,8,0,2,1,3,-1,3,2,-4,7,3,2,0,2,1,1,2,-2,-1,10,1,-6,5,-2,0,1,-1,-1,-1,-1,5,-1
KR_6766081718,420,-1,-30,28,-4,-4,4,0,3,0,3,-1,3,2,-2,4,2,0,0,0,0,2,37,-1,-8,9,1,0,0,1,1,0,-1,5,-1
KR_6600908299,420,-7,-71,-8,1,-2,2,0,5,0,5,-1,1,0,1,2,3,-2,3,1,0,3,4,-1,-8,9,-4,0,-2,1,-1,-1,-1,2,-1
KR_6694843502,420,-4,-91,-32,-6,-1,1,0,-4,7,3,3,2,5,-7,7,0,3,1,4,0,-1,5,-2,-4,6,3,0,-1,1,-1,-1,1,3,-1
KR_6768551501,440,-6,-88,-34,-18,-1,3,2,-6,7,1,-7,7,0,-6,7,1,2,0,2,-1,-16,-12,2,-4,2,-2,0,-3,-1,-1,-1,-1,2,-1
KR_6772403264,420,-6,-129,-37,-10,-5,5,0,-3,4,1,2,3,5,-4,4,0,0,1,1,-1,-9,9,-3,-3,6,-4,0,-3,1,1,-1,-1,1,-1
KR_6777496701,420,1,53,-22,-1,-3,3,0,0,2,2,1,0,1,2,2,4,-1,1,0,0,-5,-2,-4,-2,6,3,0,0,1,-1,0,-1,3,-1
KR_6758895506,420,-5,-5,-15,-15,-1,1,0,-5,5,0,-1,5,4,-5,5,0,-3,6,3,0,-24,-41,-3,-4,7,1,0,-1,-1,-1,-1,1,2,-1
KR_6777229433,420,1,-32,12,-5,2,0,2,-2,5,3,1,3,4,-5,7,2,-1,1,0,0,-7,-5,1,-4,3,-2,0,-2,-1,1,-1,-1,5,-1
KR_6754250760,440,-1,41,52,-1,-2,4,2,2,0,2,2,0,2,-2,3,1,-1,2,1,0,2,4,4,-9,5,-6,0,-1,1,1,-1,-1,1,-1
KR_6767222535,420,-2,-26,16,-10,-3,5,2,-4,5,1,-1,3,2,0,2,2,-2,2,0,0,-8,70,-4,-5,9,-9,0,0,-1,-1,1,-1,5,-1
KR_6774644178,420,-4,-22,-45,-9,0,1,1,-4,4,0,-5,6,1,0,1,1,0,0,0,0,-9,-133,-1,-3,4,0,0,-2,-1,-1,-1,-1,4,-1
KR_6764783731,420,-2,-14,0,-10,-2,3,1,-4,5,1,-2,5,3,0,0,0,-2,2,0,0,-13,27,-2,-8,10,1,0,0,1,-1,0,-1,1,-1
KR_6768827257,420,-4,21,-11,-9,2,1,3,2,5,7,-9,12,3,-3,5,2,-1,1,0,-1,-10,-17,-2,-2,4,-4,0,-1,-1,1,-1,-1,1,-1
KR_6762595753,420,-2,-8,-11,-6,0,0,0,3,0,3,-2,2,0,-7,8,1,0,0,0,0,-10,1,2,-8,6,-2,0,-1,-1,-1,-1,1,2,-1
KR_6755331703,420,-3,-36,12,3,1,0,1,0,3,3,0,5,5,2,0,2,0,0,0,0,12,-13,-2,-4,6,3,0,0,-1,1,1,-1,5,-1
KR_6773099767,440,-3,-1,28,-12,-4,6,2,1,2,3,-8,9,1,-1,2,1,0,0,0,0,-5,15,0,-7,7,-3,0,0,-1,1,0,-1,2,-1
KR_6749736677,420,-1,-11,-8,-1,0,1,1,-2,3,1,0,2,2,3,5,8,-2,3,1,0,4,-10,-2,-6,8,6,0,-1,1,-1,-1,-1,5,-1
KR_6711729120,420,-4,-45,-2,-7,-3,7,4,-8,10,2,4,2,6,0,4,4,0,0,0,0,-4,-22,0,-7,7,-3,0,0,-1,1,1,1,3,-1
KR_6738714579,420,-2,-37,6,-12,1,2,3,1,1,2,1,2,3,-10,11,1,-5,5,0,-1,-6,-7,-3,-4,7,-1,0,-4,1,-1,-1,-1,1,-1
KR_6713213765,420,-1,-74,12,-3,1,1,2,-5,5,0,1,3,4,0,4,4,0,0,0,0,-7,-23,2,-8,6,-8,0,1,-1,-1,1,-1,1,-1
KR_6742801289,420,-2,-4,-2,-6,-1,2,1,2,2,4,-5,6,1,-1,2,1,-1,2,1,0,-8,2,2,-8,6,-9,0,-3,1,-1,-1,1,5,-1
KR_6766352235,420,-1,13,-12,-9,-5,5,0,2,1,3,-4,5,1,-3,4,1,1,0,1,0,-2,-8,-10,-4,14,-2,0,-2,-1,-1,-1,-1,1,-1
KR_6725968246,420,-3,-38,1,-8,-3,3,0,-2,4,2,-7,7,0,3,1,4,1,1,2,0,-3,0,3,-6,3,0,0,-2,-1,-1,-1,-1,1,-1
KR_6756348261,420,1,50,1,-3,2,0,2,3,5,8,-4,4,0,-2,3,1,-2,2,0,1,-10,5,2,-7,5,2,0,2,-1,1,1,1,2,-1
KR_6765530162,420,-3,15,-6,-7,-3,6,3,1,1,2,-2,2,0,-2,3,1,-1,1,0,0,-9,31,-4,-2,6,2,0,1,1,-1,-1,-1,2,-1
KR_6761313122,420,-2,4,-25,1,1,0,1,1,2,3,-3,4,1,4,3,7,-2,3,1,0,4,-1,-2,-4,6,-3,0,0,-1,-1,0,-1,5,-1
KR_6768181442,420,-2,30,13,-7,-4,4,0,-4,6,2,-2,3,1,3,2,5,0,1,1,0,-2,-5,-3,-3,6,3,0,-1,-1,-1,-1,1,6,-1
KR_6759460460,420,-2,-45,-13,-6,1,3,4,2,0,2,-1,3,2,-9,9,0,1,0,1,0,2,-2,3,-10,7,-4,0,-1,-1,1,1,-1,2,-1
KR_6771848943,420,-1,-18,-12,5,1,1,2,-2,5,3,-1,1,0,6,1,7,1,1,2,0,2,6,1,-7,6,-1,0,0,-1,0,1,1,3,-1
KR_6766594350,420,0,-1,7,-4,0,1,1,0,1,1,1,3,4,1,5,6,-6,6,0,0,-3,12,5,-10,5,-1,0,0,-1,1,0,-1,4,-1
KR_6773453182,420,-2,12,-17,-2,-3,4,1,-5,5,0,1,0,1,7,0,7,-2,2,0,1,-2,3,7,-9,2,2,0,0,1,-1,1,1,1,-1
KR_6748022780,420,1,48,5,1,0,0,0,2,2,4,-2,2,0,4,2,6,-3,3,0,0,6,-8,1,-6,5,-3,0,-1,-1,-1,-1,-1,4,-1
KR_6763510830,440,1,17,0,2,3,1,4,-1,2,1,-1,1,0,0,3,3,1,0,1,0,6,-41,1,-7,6,25,0,-2,1,-1,-1,1,4,-1
KR_6756332846,420,-1,19,15,-9,-6,6,0,-1,1,0,3,1,4,4,1,5,-9,11,2,0,-9,3,-2,-5,7,-1,0,0,1,-1,1,-1,6,-1
KR_6762787074,420,-1,-29,-19,-9,-1,4,3,-2,4,2,-2,4,2,-3,4,1,-1,2,1,-1,-10,14,2,-5,3,-5,0,1,-1,-1,1,-1,4,-1
KR_6739950864,420,-2,-63,-13,-5,0,2,2,-6,7,1,2,0,2,-3,5,2,2,2,4,0,-7,12,2,-5,3,0,0,0,1,-1,-1,-1,4,-1
KR_6775957090,420,2,3,-15,-1,0,2,2,0,1,1,1,3,4,-4,4,0,2,1,3,0,0,-5,-3,-5,8,6,0,0,1,-1,0,-1,1,-1
KR_6770960671,420,0,1,3,0,0,3,3,-2,3,1,-2,2,0,4,2,6,0,1,1,1,3,-12,-4,-4,8,1,0,0,1,-1,0,1,2,-1
KR_6776977822,420,1,-19,-9,5,4,2,6,-1,5,4,1,2,3,1,3,4,0,0,0,0,4,6,7,-12,5,-1,0,-2,-1,-1,-1,-1,5,-1
KR_6770817678,420,-4,-58,-8,-13,-4,4,0,-4,5,1,0,1,1,-5,5,0,0,1,1,0,-20,30,1,-4,3,-2,0,0,-1,0,0,-1,1,-1
KR_6758937967,420,-3,-89,-13,2,0,2,2,4,2,6,0,1,1,1,1,2,-3,5,2,0,10,1,-3,-2,5,1,0,0,1,1,0,-1,3,-1
KR_6746922189,420,-4,-14,-8,-12,3,2,5,-11,13,2,-3,3,0,-1,3,2,0,0,0,0,-15,-9,0,-6,6,1,0,-2,-1,-1,-1,-1,5,-1
KR_6742044535,420,-4,-53,-4,-8,1,1,2,-2,5,3,3,1,4,-7,8,1,-3,5,2,0,-13,-3,-4,-2,6,-2,0,0,1,-1,-1,-1,5,-1
KR_6732996579,420,-1,-43,28,-12,1,1,2,-3,7,4,-4,8,4,-5,10,5,-1,2,1,-1,-12,-1,-2,-4,6,1,0,-2,-1,1,1,-1,2,-1
KR_6769846366,420,-1,0,-5,-6,0,3,3,-1,3,2,-2,5,3,-2,5,3,-1,2,1,0,-9,-1,2,-6,4,-1,0,-1,-1,-1,-1,-1,1,-1
KR_6769120459,420,-1,-54,56,-2,-3,4,1,4,1,5,1,1,2,-1,2,1,-3,4,1,2,1,-26,-5,-3,8,2,0,-1,1,-1,-1,1,5,-1
KR_6776322581,420,-3,-72,4,-11,-4,7,3,-3,3,0,-5,8,3,0,3,3,1,2,3,-3,-14,7,0,-4,4,-1,0,-2,-1,-1,-1,-1,3,-1
KR_6752722130,420,-2,-40,-17,-10,3,0,3,-5,9,4,-3,5,2,-5,7,2,0,1,1,-1,-9,17,-1,-1,2,-1,0,-2,-1,-1,-1,-1,3,-1
KR_6764204803,420,-1,-21,-21,2,-2,2,0,1,4,5,2,1,3,0,2,2,1,0,1,0,3,-2,-1,-7,8,5,0,0,-1,1,0,1,6,-1
KR_6769483549,420,-3,-23,3,-3,-2,4,2,2,1,3,-2,5,3,-2,3,1,1,0,1,0,-2,5,-2,-3,5,2,0,0,-1,1,0,-1,2,-1
KR_6765087675,420,-6,-68,-17,-15,-7,7,0,-3,4,1,-5,6,1,-1,3,2,1,1,2,0,-11,100,1,-8,7,-4,0,-2,-1,-1,-1,-1,5,-1
KR_6760060171,420,-1,-23,-6,2,2,3,5,-3,3,0,3,0,3,0,4,4,0,1,1,0,3,-3,1,-6,5,-1,0,-1,-1,1,-1,1,1,-1
KR_6736795459,420,0,-5,-6,-1,0,2,2,0,1,1,-3,5,2,2,2,4,0,0,0,-1,-1,-49,0,-3,3,2,0,0,-1,-1,0,-1,6,-1
KR_6713596569,420,-1,3,-16,-2,-6,7,1,0,0,0,0,2,2,3,1,4,1,2,3,0,6,-300,-4,-5,9,3,0,0,-1,-1,0,-1,2,-1
KR_6771989912,420,1,71,4,-3,1,1,2,1,1,2,0,2,2,-3,4,1,-2,2,0,0,1,7,-1,-5,6,2,0,0,-1,-1,1,-1,4,-1
KR_6772658959,420,-3,-35,-21,-5,-5,6,1,1,1,2,-1,1,0,0,4,4,0,0,0,1,-7,8,-2,-7,9,-2,0,0,-1,1,1,1,6,-1
KR_6712177536,420,4,53,8,9,2,0,2,2,3,5,0,5,5,6,6,12,-1,1,0,0,1,0,3,-6,3,2,0,0,-1,1,1,1,6,-1
KR_6766150107,420,-2,-45,7,-7,-3,3,0,-2,2,0,1,1,2,-5,6,1,2,0,2,-1,-10,-4,0,-9,9,1,0,-1,1,1,-1,-1,2,-1
KR_6745103407,420,-4,-66,-27,-4,-3,4,1,-1,2,1,0,3,3,-1,4,3,1,1,2,0,-6,-3,-1,-5,6,3,0,0,-1,1,1,1,2,-1
KR_6773706192,420,-4,-1,-18,-10,-5,6,1,-1,1,0,-1,3,2,-2,6,4,-1,3,2,-1,-13,9,0,-6,6,-2,0,0,1,1,-1,-1,5,-1
KR_6761844392,440,-1,-21,6,-11,-5,8,3,-1,3,2,0,1,1,-5,6,1,0,4,4,0,-22,7,3,-7,4,-4,0,-1,1,1,-1,1,3,-1
KR_6711018796,420,-2,30,-3,-8,3,2,5,0,2,2,-3,4,1,-9,10,1,1,1,2,0,-19,-28,-5,-3,8,2,0,-1,1,-1,-1,1,5,-1
KR_6770309780,420,-2,67,-24,-3,0,3,3,0,0,0,-3,4,1,1,1,2,-1,1,0,0,-5,-2,2,-5,3,2,0,0,-1,1,1,-1,2,-1
KR_6759447537,420,-2,23,22,-1,-5,6,1,2,1,3,4,0,4,0,3,3,-2,3,1,0,10,-222,-2,-4,6,4,0,1,1,1,1,1,3,-1
KR_6769938164,420,-1,36,29,-3,-2,4,2,5,1,6,-6,7,1,-1,4,3,1,2,3,1,6,1,5,-12,7,6,0,-1,1,-1,-1,1,1,-1
KR_6758983399,420,0,-11,13,-7,1,2,3,-1,2,1,1,2,3,-5,5,0,-3,5,2,0,-12,24,4,-9,5,0,0,-1,-1,1,-1,-1,6,-1
KR_6771864919,440,-2,-10,-23,-2,-2,3,1,6,2,8,-4,5,1,-1,3,2,-1,2,1,0,-1,3,3,-8,5,-1,0,0,-1,-1,0,-1,6,-1
KR_6776514845,420,0,-54,3,1,-1,1,0,1,1,2,0,2,2,2,2,4,-1,1,0,0,3,0,-1,-2,3,2,0,-1,-1,-1,-1,1,1,-1
KR_6763556045,440,-3,19,4,-5,1,0,1,-4,5,1,0,3,3,-1,3,2,-1,1,0,0,0,8,0,-4,4,4,0,-2,1,0,-1,1,1,-1
KR_6770478901,420,-8,-87,-45,-12,0,3,3,-8,8,0,-1,3,2,-1,1,0,-2,2,0,0,-14,-5,-2,-4,6,-1,0,-2,-1,-1,-1,-1,1,-1
KR_6775780429,420,3,-39,22,9,0,3,3,2,1,3,-3,4,1,5,0,5,5,0,5,0,11,4,4,-11,7,3,0,1,-1,1,1,1,3,-1
KR_6732271289,420,-2,-40,13,-8,0,0,0,-1,3,2,-3,3,0,-4,4,0,0,0,0,0,-9,35,-5,-1,6,5,0,0,-1,1,1,-1,2,-1
KR_6768731448,420,-4,-42,-32,-6,-1,2,1,-5,6,1,-2,4,2,2,3,5,0,1,1,0,-11,-6,-3,-6,9,1,0,1,-1,1,-1,-1,3,-1
KR_6777793685,420,-2,-64,-14,-7,-2,3,1,-2,4,2,1,1,2,-3,5,2,-1,2,1,0,-12,-14,-1,-6,7,3,0,-1,-1,-1,-1,-1,5,-1
KR_6767187380,440,-1,-25,-4,-1,-2,2,0,-2,2,0,5,2,7,0,4,4,-2,3,1,0,-7,-132,-2,-3,5,-1,0,-2,1,-1,-1,1,2,-1
KR_6753559451,420,-1,3,-12,-5,2,0,2,-5,7,2,3,0,3,-4,4,0,-1,1,0,0,-10,-3,-3,-1,4,2,0,-1,1,1,-1,-1,6,-1
KR_6739721742,420,0,-29,-35,-3,-1,1,0,-6,6,0,0,1,1,3,2,5,1,1,2,0,-5,-3,0,-4,4,1,0,0,1,1,-1,1,3,-1
KR_6769798070,420,-4,-43,-31,-12,-4,4,0,-7,10,3,2,3,5,-5,6,1,2,0,2,-1,-2,19,0,-6,6,-4,0,-1,-1,-1,-1,-1,1,-1
KR_6773917957,420,0,-5,6,-6,2,3,5,-4,5,1,-1,1,0,-3,6,3,0,3,3,0,-12,0,4,-7,3,-2,0,-1,-1,1,-1,1,6,-1
KR_6775948253,420,-3,-30,8,-9,-2,3,1,1,2,3,0,1,1,-5,7,2,-3,4,1,0,-6,-1,2,-8,6,5,0,1,-1,-1,1,-1,5,-1
KR_6772130882,420,-1,13,-32,0,3,0,3,-3,6,3,-1,1,0,1,0,1,0,0,0,0,-1,-6,1,-7,6,1,0,0,-1,-1,0,1,4,-1
KR_6776044008,420,1,15,-16,4,-2,3,1,0,5,5,2,1,3,2,0,2,2,0,2,0,4,-36,-3,-6,9,3,0,-1,-1,1,-1,-1,1,-1
KR_6769234821,420,-3,-40,-24,-2,2,1,3,1,3,4,1,1,2,-5,5,0,-1,2,1,0,-6,-141,-3,-3,6,-3,0,-1,-1,-1,-1,1,4,-1
KR_6765792412,420,-3,-42,-17,-10,3,0,3,-1,1,0,-2,2,0,-9,9,0,-1,1,0,0,-13,-17,-1,-3,4,-2,0,-2,-1,1,-1,-1,2,-1
KR_6771310081,420,-1,-27,-24,-1,3,0,3,1,1,2,-2,2,0,-3,5,2,0,0,0,1,-5,-6,-3,-6,9,5,0,-1,-1,-1,-1,1,1,-1
KR_6777221396,420,3,11,-4,3,2,2,4,-3,5,2,-1,2,1,6,2,8,-1,2,1,0,2,8,1,-6,5,4,0,-1,-1,-1,-1,-1,5,-1
KR_6744849342,440,-3,-83,-7,-15,-6,6,0,0,4,4,-5,5,0,-3,4,1,-1,1,0,-1,-16,11,-4,-2,6,-5,0,-3,-1,-1,-1,-1,6,-1
KR_6774763992,440,-1,-26,-13,-12,-1,2,1,-1,4,3,2,2,4,-9,9,0,-3,4,1,-2,-14,6,6,-8,2,1,0,-2,0,-1,-1,-1,0,-1
KR_6738746430,420,-2,-51,16,-11,-2,3,1,-2,4,2,-4,5,1,-4,5,1,1,1,2,-1,-19,-5,-5,-5,10,-2,0,-2,-1,-1,-1,-1,3,-1
KR_6777214952,420,2,8,-28,0,2,1,3,5,2,7,-4,5,1,-1,5,4,-2,4,2,0,-3,5,0,-6,6,-2,0,-1,1,-1,-1,-1,2,-1
KR_6742389460,440,-4,-52,-70,-13,5,1,6,-8,9,1,1,2,3,-3,3,0,-8,9,1,0,-7,18,2,-4,2,0,0,-1,-1,-1,-1,-1,6,-1
KR_6765172301,420,-2,26,-14,-7,0,2,2,-2,2,0,0,2,2,-5,5,0,0,1,1,0,-11,9,-5,-2,7,-1,0,0,1,-1,-1,1,1,-1
KR_6741689588,440,0,-42,43,2,-1,2,1,1,1,2,2,1,3,3,3,6,-3,5,2,0,7,16,-2,-3,5,2,0,0,-1,-1,-1,1,1,-1
KR_6766728431,420,-2,32,-17,-3,1,2,3,-2,2,0,-3,4,1,2,1,3,-1,2,1,0,-8,1,2,-8,6,-3,0,-1,-1,1,-1,-1,1,-1
KR_6776115799,420,-7,-68,7,-16,-4,4,0,-8,8,0,-1,3,2,-5,6,1,2,0,2,0,-13,16,2,-7,5,-4,0,-3,-1,-1,-1,-1,3,-1
KR_6761573887,420,0,-36,0,-6,-8,8,0,2,0,2,-2,2,0,-1,2,1,3,0,3,0,2,0,0,-4,4,3,0,1,-1,-1,-1,-1,3,-1
KR_6760451580,420,-3,-33,34,-10,-5,5,0,0,5,5,-7,7,0,1,2,3,1,0,1,0,-2,-12,3,-9,6,-10,0,-1,-1,1,-1,-1,4,-1
KR_6741086004,420,-3,-13,-20,-2,3,0,3,-5,5,0,5,1,6,-2,2,0,-3,3,0,0,-2,78,3,-10,7,-29,0,1,1,1,-1,-1,3,-1
KR_6629814867,420,1,88,-8,-5,1,1,2,1,1,2,-9,10,1,1,0,1,1,0,1,0,-12,-101,0,-4,4,-1,0,0,1,-1,1,1,3,-1
KR_6728299009,420,-4,-29,-13,-4,-1,1,0,-2,2,0,-4,4,0,5,0,5,-2,2,0,0,0,-37,0,-7,7,-4,0,0,1,-1,-1,-1,4,-1
KR_6772482648,420,-2,19,-8,-5,0,0,0,-2,2,0,1,3,4,-3,3,0,-1,1,0,0,-6,6,3,-10,7,-3,0,0,-1,1,0,1,5,-1
KR_6763824145,420,-1,-69,6,-1,-2,3,1,3,1,4,4,0,4,-3,5,2,-3,3,0,0,-2,9,5,-11,6,-3,0,0,-1,1,-1,1,3,-1
KR_6713472625,420,1,-24,50,0,2,0,2,-1,7,6,2,2,4,-5,6,1,2,1,3,1,0,-16,0,-7,7,2,0,0,1,1,-1,1,1,-1
KR_6754737401,420,3,30,5,5,1,1,2,2,2,4,-1,1,0,0,0,0,3,0,3,0,6,0,-3,-3,6,0,0,0,-1,1,0,-1,6,-1
KR_6617031141,420,-3,-30,-11,-4,-5,6,1,0,4,4,-1,3,2,-2,2,0,4,0,4,0,-2,10,5,-7,2,-3,0,-2,0,-1,-1,1,0,-1
KR_6763192635,420,-1,-24,-8,-3,0,2,2,6,2,8,-6,8,2,-2,2,0,-1,1,0,0,1,31,4,-8,4,1,0,-1,-1,1,-1,1,1,-1
KR_6735787507,420,-2,22,-23,-11,-3,4,1,-2,2,0,-6,6,0,0,1,1,0,2,2,0,-12,4,-2,-4,6,1,0,-1,-1,-1,-1,1,6,-1
KR_6739155461,420,5,50,10,2,-6,6,0,1,4,5,3,2,5,2,3,5,2,0,2,-2,-1,-20,-3,-5,8,4,0,0,1,-1,-1,-1,4,-1
KR_6713278906,420,0,-9,-7,0,-1,3,2,-1,7,6,-3,3,0,5,0,5,0,1,1,0,5,43,0,-5,5,-15,0,-1,-1,-1,-1,1,1,-1
KR_6739974806,420,1,-17,8,-2,-3,3,0,-4,5,1,2,2,4,3,1,4,0,0,0,0,-2,-13,-5,-3,8,0,0,-2,-1,-1,-1,1,1,-1
KR_6776265821,420,-1,-12,17,-4,-3,6,3,-3,4,1,-1,1,0,2,4,6,1,1,2,-2,-9,-124,0,-8,8,0,0,1,-1,1,1,-1,5,-1
KR_6645239408,420,-5,-47,-63,-6,2,2,4,-7,7,0,1,2,3,1,4,5,-3,4,1,0,-10,-8,-4,-4,8,0,0,-1,-1,-1,-1,-1,5,-1
KR_6776005958,420,0,16,3,-6,-1,5,4,-1,2,1,3,2,5,-3,3,0,-4,5,1,0,-14,-5,-3,-6,9,-5,0,-2,-1,1,-1,-1,4,-1
KR_6743596292,420,0,17,28,1,3,0,3,4,0,4,-3,9,6,-4,5,1,1,0,1,-1,-13,3,-4,-5,9,-5,0,1,-1,1,1,-1,5,-1
KR_6752762918,420,-2,-59,7,-5,0,2,2,-3,7,4,-1,2,1,0,3,3,-1,4,3,0,1,-81,4,-7,3,-2,0,-2,-1,1,-1,1,1,-1
KR_6761570903,440,0,-14,-27,2,-1,2,1,5,1,6,-3,5,2,-2,3,1,3,2,5,1,3,21,2,-6,4,0,0,-1,-1,-1,-1,1,3,-1
KR_6754492591,420,-2,5,-19,-15,2,2,4,-5,5,0,-5,6,1,-7,8,1,0,0,0,0,-26,11,0,-4,4,-3,0,-1,-1,1,-1,1,1,-1
KR_6773864870,420,2,-16,16,1,-1,2,1,0,3,3,2,3,5,1,1,2,-1,3,2,0,0,17,2,-4,2,1,0,0,-1,1,0,1,2,-1
KR_6740133402,420,-2,-3,-13,1,1,0,1,-3,6,3,1,1,2,4,1,5,-2,2,0,1,-1,-386,3,-8,5,-1,0,0,-1,1,0,1,1,-1
KR_6770543244,440,-1,-66,-28,-2,-1,2,1,-4,6,2,2,0,2,1,1,2,0,0,0,0,-2,4,-1,-4,5,-2,0,0,-1,1,0,1,4,-1
KR_6776004530,420,-1,-30,4,-2,-4,5,1,3,4,7,0,1,1,-3,6,3,2,1,3,0,-3,-3,4,-8,4,-4,0,-1,-1,-1,-1,1,1,-1
KR_6770478182,420,-3,-10,12,-8,-2,2,0,-3,5,2,1,3,4,-4,4,0,0,0,0,0,-13,58,-4,-5,9,-5,0,-1,-1,1,-1,1,1,-1
KR_6749492359,440,1,44,-13,3,0,5,5,-1,1,0,1,0,1,1,4,5,2,1,3,0,5,-35,-2,-6,8,-4,0,0,-1,-1,0,1,3,-1
KR_6746893178,420,0,-20,-2,5,1,2,3,1,2,3,2,2,4,0,2,2,1,0,1,0,6,-22,-1,-4,5,-1,0,-1,-1,-1,-1,1,6,-1
KR_6757030838,420,-1,41,-12,-4,-4,5,1,-1,2,1,-4,4,0,3,1,4,2,0,2,0,3,-49,-4,-5,9,4,0,0,-1,-1,0,1,6,-1
KR_6671859826,420,1,31,12,0,-1,3,2,1,3,4,2,2,4,1,5,6,-3,3,0,0,8,1,-2,-7,9,0,0,0,1,-1,0,-1,5,-1
KR_6730351123,420,-6,-64,-8,-16,0,0,0,-6,8,2,-2,4,2,-7,10,3,-1,1,0,0,-10,22,0,-9,9,-6,0,-1,-1,-1,-1,-1,4,-1
KR_6757899255,420,-2,-51,5,-15,-5,7,2,-5,7,2,-1,3,2,-5,7,2,1,2,3,-2,-15,-3,4,-6,2,-4,0,-3,-1,-1,-1,-1,4,-1
KR_6764205648,420,-3,-45,-20,-10,-2,3,1,-3,5,2,-3,7,4,-1,4,3,-1,2,1,0,-5,-2,0,-6,6,1,0,0,-1,-1,0,-1,3,-1
KR_6750076937,420,-5,-13,-25,-2,-4,4,0,-1,1,0,-2,2,0,5,0,5,0,2,2,0,2,7,-1,-5,6,2,0,0,-1,-1,0,1,5,-1
KR_6740706225,420,2,6,9,1,-3,3,0,5,0,5,2,1,3,-2,2,0,-1,1,0,-1,5,14,-4,-3,7,-1,0,0,1,1,0,-1,2,-1
KR_6774886001,420,3,12,7,5,5,1,6,-1,6,5,0,0,0,2,0,2,-1,1,0,0,-4,21,6,-11,5,-7,0,-1,1,1,1,1,6,-1
KR_6776949448,420,-3,-49,-8,-3,-3,3,0,-4,4,0,1,0,1,1,0,1,2,0,2,0,0,-9,-3,-3,6,5,0,-2,-1,-1,-1,1,2,-1
KR_6774615277,420,-3,-11,10,-2,2,0,2,-2,6,4,-2,3,1,1,0,1,-1,2,1,0,-3,27,-2,-3,5,-4,0,0,-1,1,1,-1,1,-1
KR_6777621240,420,-1,10,16,-2,-2,3,1,2,3,5,1,1,2,-1,1,0,-2,2,0,0,2,-22,-1,-3,4,2,0,0,1,-1,0,1,2,-1
KR_6759572563,420,-4,-16,-6,-13,0,0,0,-4,11,7,-6,7,1,-1,2,1,-2,3,1,-3,-14,-6,1,-10,9,-5,0,-1,-1,-1,-1,-1,4,-1
KR_6772078636,420,1,36,-4,0,-6,6,0,-1,3,2,4,2,6,5,1,6,-2,3,1,0,3,1,8,-11,3,3,0,1,1,1,1,1,6,-1
KR_6723932128,420,-1,-28,12,-7,0,2,2,-2,4,2,0,1,1,-2,4,2,-3,3,0,0,-11,-20,-3,-4,7,5,0,0,1,-1,0,-1,2,-1
KR_6765363574,420,2,-34,24,6,1,1,2,4,0,4,6,2,8,-3,3,0,-2,3,1,-2,9,6,2,-7,5,-1,0,-1,1,1,-1,-1,3,-1
KR_6772867038,420,-1,-61,-6,1,-1,2,1,2,3,5,2,1,3,-3,3,0,1,1,2,0,2,0,-3,-3,6,0,0,-1,1,-1,-1,1,3,-1
KR_6765398210,420,-5,-52,-8,-5,-3,3,0,0,1,1,-4,4,0,2,1,3,0,0,0,0,-2,34,-4,-5,9,-3,0,0,1,-1,-1,1,2,-1
KR_6740463054,420,2,6,-1,3,-3,6,3,-2,3,1,0,3,3,0,4,4,8,0,8,0,17,12,-3,-5,8,-5,0,1,1,-1,1,-1,1,-1
KR_6772342242,420,-5,-70,23,-6,-4,6,2,-1,1,0,-2,3,1,1,1,2,0,0,0,0,-7,-100,4,-6,2,1,0,0,1,-1,-1,-1,6,-1
KR_6760460392,420,-1,37,8,-4,2,0,2,1,1,2,-3,3,0,-5,6,1,1,0,1,0,-9,0,3,-7,4,0,0,0,-1,1,0,-1,3,-1
KR_6769420603,420,0,0,7,1,-3,3,0,1,4,5,2,1,3,2,0,2,-1,2,1,0,8,0,-4,-3,7,-3,0,0,-1,-1,-1,1,4,-1
KR_6773598176,420,-1,-7,-4,-7,0,1,1,-2,6,4,-2,3,1,-3,3,0,0,0,0,0,-7,-6,-3,-5,8,0,0,-1,1,-1,-1,-1,1,-1
KR_6766075988,420,0,-20,2,-3,-2,3,1,3,3,6,-2,3,1,-2,2,0,0,3,3,0,-1,-10,0,-4,4,-3,0,-1,-1,1,-1,1,3,-1
KR_6772297338,420,-1,12,-4,-1,2,0,2,0,5,5,-4,6,2,-1,2,1,2,0,2,1,11,-5,2,-8,6,-4,0,-1,-1,-1,-1,1,2,-1
KR_6776006478,420,-4,-80,4,-14,-5,6,1,2,4,6,-1,1,0,-10,12,2,0,2,2,-1,-20,6,3,-5,2,-6,0,-2,-1,1,-1,-1,1,-1
KR_6684996119,420,0,-12,40,-8,-6,7,1,-2,3,1,-3,4,1,3,1,4,0,0,0,0,-4,-6,4,-9,5,-4,0,-1,1,1,1,-1,6,-1
KR_6747571314,420,-4,-36,9,-8,1,1,2,-5,7,2,0,2,2,-4,4,0,0,1,1,0,-9,2,0,-6,6,2,0,0,1,-1,-1,-1,2,-1
KR_6641021495,420,1,-49,34,-3,-3,3,0,-1,4,3,-3,3,0,1,0,1,3,0,3,1,0,2,-1,-6,7,0,0,1,1,1,1,1,5,-1
KR_6735799605,420,3,40,3,1,1,0,1,-2,5,3,0,1,1,2,1,3,0,0,0,0,-1,28,-1,-7,8,-3,0,0,-1,-1,0,-1,2,-1
KR_6735894384,420,-8,-81,-43,-14,-7,7,0,-3,3,0,-2,3,1,0,1,1,-2,3,1,0,-11,-57,-4,-4,8,-3,-1,-4,-1,-1,-1,-1,2,-1
KR_6719975416,420,-3,-35,-4,-8,-1,3,2,-4,7,3,0,3,3,1,2,3,-4,4,0,0,-8,11,2,-4,2,-4,0,-1,-1,-1,-1,-1,4,-1
KR_6758779220,420,-1,-98,4,-5,-3,3,0,-4,7,3,1,0,1,0,4,4,1,1,2,0,-1,21,0,-8,8,-9,0,-2,-1,-1,-1,-1,4,-1
KR_6777647758,420,3,-8,18,6,-1,2,1,2,0,2,3,2,5,1,4,5,1,2,3,0,13,-7,-2,-6,8,4,0,0,-1,1,-1,-1,5,-1
KR_6711621347,420,-1,29,6,-5,0,1,1,-1,1,0,-4,4,0,1,2,3,-1,1,0,0,-11,-9,2,-7,5,-3,0,0,1,-1,0,1,1,-1
KR_6775805989,420,-5,-91,-8,-9,-2,2,0,-5,7,2,0,3,3,0,2,2,-2,2,0,-1,-14,-7,-1,-5,6,-7,0,-2,-1,-1,-1,-1,5,-1
KR_6692524604,420,-4,-1,-12,-5,0,2,2,8,0,8,-4,5,1,-4,5,1,-5,5,0,0,-7,-8,2,-9,7,1,0,-1,-1,-1,-1,1,6,-1
KR_6757029067,420,-6,-38,-12,-13,-1,2,1,-8,9,1,-2,3,1,-3,4,1,1,0,1,0,-15,-20,-1,-5,6,-1,0,0,-1,-1,0,-1,6,-1
KR_6774812044,420,2,-7,16,2,3,0,3,-2,6,4,4,2,6,-4,9,5,1,1,2,0,6,105,-1,-5,6,-2,0,1,-1,1,1,1,6,-1
KR_6770393392,440,-5,-73,-40,-13,-5,5,0,-2,4,2,-7,8,1,4,6,10,-3,4,1,-1,-4,-67,3,-4,1,0,0,-2,-1,-1,-1,-1,1,-1
KR_6770839536,420,1,-51,12,-2,-3,5,2,1,1,2,0,2,2,0,3,3,0,1,1,0,-3,2,1,-6,5,-1,0,0,-1,1,-1,1,3,-1
KR_6656688750,420,4,90,-20,9,5,1,6,4,2,6,-3,7,4,2,1,3,1,0,1,-1,9,0,5,-10,5,6,0,2,1,1,1,-1,1,-1
KR_6684730746,420,-3,-22,4,-8,-5,6,1,-1,4,3,0,2,2,0,2,2,-2,2,0,0,-7,6,3,-9,6,2,0,-2,-1,-1,-1,1,1,-1
KR_6767129668,440,-2,-22,-45,-6,-2,2,0,-6,6,0,2,1,3,0,1,1,0,0,0,0,-2,13,0,-7,7,-2,0,-1,-1,-1,-1,-1,5,-1
KR_6776993082,420,-7,-92,-27,-19,-4,5,1,-3,6,3,-4,5,1,-6,7,1,-2,3,1,0,-24,-4,-4,-3,7,-7,0,-2,-1,-1,-1,1,6,-1
KR_6738049358,420,0,-30,28,-1,-7,8,1,2,1,3,3,2,5,1,1,2,0,2,2,0,8,-4,-4,-3,7,-2,0,-1,-1,-1,-1,-1,3,-1
KR_6763480713,420,-2,-19,7,-9,0,0,0,-1,2,1,0,1,1,-5,6,1,-3,3,0,0,-17,-9,-2,-4,6,-1,0,-1,1,1,-1,-1,4,-1
KR_6772906255,420,1,-21,6,-2,0,2,2,-2,3,1,0,1,1,0,2,2,0,0,0,0,1,-26,5,-10,5,-7,0,0,-1,1,0,-1,6,-1
KR_6775958084,420,0,-75,1,-9,-4,5,1,0,2,2,-1,2,1,-4,4,0,0,0,0,0,-12,3,0,-4,4,-8,0,-1,1,1,-1,-1,4,-1
KR_6759873518,420,-1,14,11,6,6,1,7,1,5,6,1,3,4,0,2,2,-2,2,0,0,11,27,7,-7,0,-4,0,-1,-1,-1,-1,1,6,-1
KR_6758958179,420,1,-19,-19,-6,-1,1,0,-8,9,1,-2,3,1,5,1,6,0,2,2,0,-4,5,-1,-4,5,-6,0,-2,1,-1,-1,-1,6,-1
KR_6602438237,420,1,27,40,-2,0,0,0,-2,4,2,-2,5,3,1,2,3,1,0,1,0,-11,0,0,-11,11,2,0,0,1,-1,0,-1,2,-1
KR_6766520263,420,-3,-71,1,-10,-1,3,2,-6,6,0,-2,3,1,-1,5,4,0,0,0,0,-11,-32,-3,-6,9,5,0,-1,0,1,-1,-1,0,-1
KR_6771494747,420,0,-42,-25,3,4,0,4,3,0,3,-3,3,0,1,1,2,-2,2,0,0,4,-6,-2,-3,5,-2,0,-1,-1,-1,-1,1,5,-1
KR_6761790052,440,-1,-48,-11,0,0,1,1,-1,1,0,-1,2,1,1,3,4,1,1,2,0,3,-17,4,-7,3,-6,0,0,0,1,0,-1,0,-1
KR_6673084606,420,1,-7,17,0,1,0,1,1,2,3,0,3,3,-1,3,2,-1,1,0,0,-1,9,-4,-4,8,4,0,1,1,1,1,-1,2,-1
KR_6772033142,440,-5,-100,11,-12,-1,2,1,0,5,5,5,2,7,-14,16,2,-2,2,0,0,-11,2,1,-6,5,-5,0,-2,-1,1,-1,1,2,-1
KR_6763359741,420,-2,-1,-14,-7,0,1,1,-2,4,2,1,1,2,-5,5,0,-1,2,1,0,-3,-11,0,-10,10,2,0,-1,-1,1,-1,1,2,-1
KR_6764988452,420,1,-19,27,4,0,2,2,3,2,5,0,3,3,1,3,4,0,1,1,0,6,-9,2,-7,5,-3,0,0,1,1,1,-1,4,-1
KR_6761964246,420,-3,-59,12,-5,3,2,5,2,2,4,-3,5,2,-5,6,1,-2,3,1,0,-1,-46,1,-8,7,17,0,-2,-1,-1,-1,1,3,-1
KR_6748592480,420,3,53,1,7,3,2,5,4,3,7,3,1,4,-6,7,1,3,1,4,0,2,-84,-4,-3,7,3,0,1,-1,1,1,1,4,-1
KR_6755781246,420,-1,10,20,-11,-6,7,1,-4,7,3,-1,4,3,-1,2,1,1,2,3,0,-11,1,-4,-5,9,-2,0,-1,-1,1,-1,1,6,-1
KR_6744066284,420,-4,-61,-19,-11,-3,5,2,0,1,1,-4,7,3,-3,4,1,-1,1,0,0,0,17,1,-5,4,-2,0,-1,-1,1,-1,-1,5,-1
KR_6776802337,420,-3,3,-40,-10,-1,1,0,-2,3,1,-2,4,2,0,2,2,-5,5,0,0,-10,18,-4,-3,7,0,0,0,-1,-1,0,-1,1,-1
KR_6775137668,420,-2,-27,0,5,-1,2,1,6,2,8,-1,1,0,0,1,1,1,0,1,0,4,0,3,-8,5,4,0,-2,1,1,-1,1,2,-1
KR_6696592271,420,3,84,41,-3,5,1,6,-3,7,4,0,2,2,0,3,3,-5,5,0,0,-14,5,-2,-5,7,-7,0,0,-1,1,1,-1,2,-1
KR_6765947212,420,-4,-68,-24,-4,-2,2,0,0,4,4,1,5,6,-2,7,5,-1,1,0,-2,-11,-13,1,-5,4,1,0,-2,-1,1,-1,1,3,-1
KR_6772714564,420,-6,-97,-32,-21,-1,1,0,-9,9,0,-5,5,0,-4,4,0,-2,2,0,0,-24,-3,-3,-5,8,-2,0,-3,-1,-1,-1,-1,2,-1
KR_6744964539,420,0,61,-22,-3,-1,3,2,0,3,3,2,1,3,-1,3,2,-3,3,0,0,-6,9,3,-5,2,-6,0,0,1,-1,-1,1,5,-1
KR_6718754701,420,2,35,12,5,4,0,4,2,3,5,1,1,2,-3,4,1,1,0,1,0,6,115,9,-12,3,-1,0,1,1,-1,1,-1,5,-1
KR_6529363894,420,0,-5,20,-6,0,1,1,-3,9,6,2,0,2,-2,5,3,-3,5,2,0,-11,36,-3,-5,8,-5,0,-3,-1,-1,-1,-1,2,-1
KR_6687875615,420,0,-36,32,-4,4,1,5,0,1,1,-4,4,0,-3,3,0,-1,1,0,0,-8,3,2,-7,5,-6,0,-2,-1,-1,-1,-1,3,-1
KR_6705546302,420,-1,-15,-17,-7,-2,3,1,-5,6,1,1,2,3,-1,5,4,0,0,0,0,-13,-26,2,-7,5,-6,0,0,-1,-1,0,-1,1,-1
KR_6770232817,420,-1,37,4,-4,-5,5,0,-4,5,1,4,1,5,-1,4,3,2,0,2,0,-9,-23,1,-5,4,0,0,0,-1,-1,-1,-1,1,-1
KR_6773772010,420,-2,29,-16,3,0,1,1,2,3,5,-2,3,1,5,0,5,-2,2,0,1,1,-18,1,-9,8,2,0,0,1,-1,0,1,3,-1
KR_6776054240,420,-6,-85,-34,-6,2,0,2,-5,5,0,0,1,1,-2,2,0,-1,2,1,-1,-9,16,4,-6,2,1,0,0,-1,1,0,-1,4,-1
KR_6750884840,420,-5,-82,-39,-12,-1,1,0,-4,8,4,-3,6,3,-4,6,2,0,3,3,-2,-13,-22,2,-9,7,-5,0,-2,-1,-1,-1,-1,4,-1
KR_6714947635,420,0,-53,-10,-6,-1,4,3,0,3,3,-3,3,0,-2,6,4,0,0,0,0,-8,-3,1,-9,8,-1,0,-1,0,-1,-1,1,0,-1
KR_6771834356,420,2,-3,-21,6,3,0,3,-3,3,0,1,2,3,3,0,3,2,0,2,0,11,0,1,-4,3,-2,0,-1,0,-1,-1,1,0,-1
KR_6775170806,420,-5,-7,-21,-12,-1,2,1,-4,4,0,-3,4,1,-3,4,1,-1,1,0,0,-17,3,2,-7,5,-2,0,0,-1,-1,-1,-1,2,-1
KR_6772794408,420,-5,-63,22,-8,-1,3,2,-2,4,2,-5,6,1,0,0,0,0,0,0,0,4,-3,-1,-3,4,0,0,-2,1,-1,-1,1,6,-1
KR_6773382110,420,-4,-8,-44,-7,0,2,2,-3,3,0,-1,1,0,-3,3,0,0,1,1,0,-11,-1,-1,-5,6,0,0,-2,-1,1,-1,1,4,-1
KR_6776878953,420,0,-62,-44,-2,2,2,4,1,2,3,4,0,4,-9,11,2,0,1,1,0,-2,-3,-2,-5,7,2,0,0,-1,1,-1,1,5,-1
KR_6775709529,420,-2,-7,-13,-8,-1,2,1,-3,3,0,-6,7,1,1,4,5,1,1,2,0,-15,28,0,-11,11,-11,0,-1,-1,-1,-1,1,2,-1
KR_6769396943,420,-2,14,-4,-8,0,4,4,-1,2,1,-1,2,1,-5,5,0,-1,1,0,-1,-8,27,-2,-8,10,-1,0,0,-1,1,0,-1,5,-1
KR_6757699650,420,-1,-22,-55,2,2,0,2,-4,5,1,2,2,4,1,1,2,1,0,1,1,7,-3,-5,-4,9,7,0,1,-1,-1,1,1,6,-1
KR_6713973606,420,0,-21,5,0,-1,2,1,4,0,4,3,1,4,-6,7,1,0,2,2,0,8,2,-1,-7,8,5,0,-1,1,1,1,-1,2,-1
KR_6775319041,440,-2,-27,-20,-5,1,1,2,-2,2,0,-6,7,1,0,2,2,2,2,4,0,-13,5,4,-8,4,-2,0,-2,-1,-1,-1,1,4,-1
KR_6683642552,420,-6,-63,-31,-9,2,1,3,-6,6,0,-1,4,3,-4,5,1,0,2,2,0,-14,2,0,-5,5,-3,0,-2,1,-1,-1,-1,6,-1
KR_6771548573,420,-4,-91,7,-6,-4,4,0,-4,4,0,0,1,1,1,2,3,1,1,2,0,-4,-4,0,-8,8,0,0,-2,1,-1,-1,-1,6,-1
KR_6598467623,420,-7,-122,-4,-19,1,1,2,0,1,1,-5,5,0,-12,12,0,-3,5,2,0,-20,3,-1,-5,6,0,0,-4,-1,-1,-1,-1,4,-1
KR_6775020074,420,3,37,33,6,-2,4,2,1,2,3,1,3,4,6,2,8,0,2,2,0,14,12,-4,-6,10,6,0,-2,1,-1,-1,1,5,-1
KR_6771529758,440,-3,0,0,-2,0,0,0,-3,4,1,0,0,0,1,1,2,0,1,1,0,-2,-24,0,-8,8,-6,0,1,1,1,1,1,1,-1
KR_6673129544,420,-4,-16,15,-4,-2,3,1,-3,8,5,-2,3,1,4,0,4,-1,1,0,0,-7,7,1,-5,4,-3,0,0,-1,-1,0,1,6,-1
KR_6745324339,420,1,12,-18,-8,1,2,3,-6,8,2,1,1,2,-2,4,2,-2,2,0,-1,-11,49,-3,-4,7,-20,0,0,-1,-1,-1,-1,5,-1
KR_6770019687,420,0,-7,6,0,5,1,6,-3,5,2,1,1,2,-4,4,0,1,0,1,0,-4,0,1,-7,6,-2,0,1,-1,-1,1,-1,2,-1
KR_6772361744,420,2,1,12,4,-3,4,1,4,0,4,-2,3,1,4,1,5,1,0,1,0,11,-258,2,-9,7,-8,0,-1,-1,-1,-1,-1,5,-1
KR_6713300573,420,-3,-51,-23,-4,-2,2,0,-3,5,2,-4,4,0,6,0,6,-1,1,0,1,4,4,-7,-3,10,-18,0,1,-1,-1,1,1,5,-1
KR_6743621035,420,-2,-39,-8,-3,-2,3,1,3,1,4,0,4,4,-4,5,1,0,1,1,0,-7,2,0,-3,3,1,0,0,-1,1,1,-1,5,-1
KR_6759021308,420,-5,24,-41,-12,-4,5,1,3,3,6,-2,5,3,-7,10,3,-2,3,1,-1,-6,-8,1,-6,5,0,0,0,1,-1,-1,-1,3,-1
KR_6728985772,420,0,-25,24,-10,0,2,2,-2,4,2,-4,5,1,-1,3,2,-3,4,1,0,-7,-20,-2,-3,5,3,0,-1,-1,1,-1,-1,4,-1
KR_6777841348,420,-3,-21,-14,-9,1,0,1,-2,7,5,-5,6,1,-3,6,3,0,0,0,-1,-10,9,-1,-7,8,-7,0,0,-1,-1,-1,-1,3,-1
KR_6743828802,420,-9,-113,-27,-11,-6,7,1,-11,11,0,1,1,2,7,1,8,-2,2,0,0,-7,2,1,-7,6,-2,0,-3,1,-1,-1,-1,6,-1
KR_6762903538,420,-1,32,-14,-10,0,4,4,-3,6,3,-4,6,2,-3,6,3,0,1,1,0,-6,7,-5,-3,8,-1,0,-1,-1,0,-1,-1,3,-1
KR_6693705740,420,-2,5,-35,-8,0,1,1,-1,4,3,-5,6,1,0,2,2,-2,2,0,-1,-4,-6,-6,-4,10,1,0,0,1,-1,0,-1,3,-1
KR_6774428706,420,5,0,53,7,0,1,1,1,3,4,-2,4,2,3,5,8,5,0,5,0,11,-34,0,-5,5,2,0,1,1,1,1,1,3,-1
KR_6670747435,420,-3,-23,-16,-11,0,1,1,-4,6,2,-3,4,1,-5,6,1,1,0,1,0,-9,0,-8,-4,12,-1,0,-1,1,-1,-1,-1,2,-1
KR_6759797689,420,-2,-62,-30,-10,-1,3,2,-6,9,3,-8,9,1,7,0,7,-2,2,0,-2,-4,0,-1,-7,8,0,0,-1,-1,-1,-1,-1,6,-1
KR_6679675158,420,0,-25,28,-3,-5,5,0,5,4,9,1,2,3,-5,5,0,1,0,1,0,4,34,-4,-6,10,-9,0,-1,-1,-1,-1,-1,3,-1
KR_6755535268,420,-5,17,-18,-8,1,0,1,0,4,4,0,0,0,0,7,7,-9,9,0,-2,-12,-25,1,-9,8,-4,0,-1,1,-1,-1,-1,6,-1
KR_6742086883,420,-4,-48,-28,-12,-1,2,1,0,4,4,-3,3,0,-5,5,0,-3,3,0,0,-15,-28,-3,-3,6,-7,0,-1,-1,-1,-1,-1,3,-1
KR_6753752622,420,-1,12,-24,-4,1,0,1,-3,7,4,3,1,4,-4,7,3,-1,1,0,0,-9,-30,-3,-7,10,0,0,0,-1,-1,0,1,4,-1
KR_6642904936,420,-3,-61,2,-11,-5,6,1,-3,6,3,3,1,4,-1,3,2,-5,7,2,0,-19,243,-5,-5,10,3,0,-1,-1,1,-1,-1,6,-1
KR_6775561779,420,-5,-18,-5,-16,-2,3,1,-3,4,1,-4,4,0,-5,8,3,-2,3,1,0,-21,17,-1,-3,4,-1,0,-2,0,-1,-1,-1,0,-1
KR_6769901103,420,0,32,0,0,0,3,3,2,0,2,2,0,2,-3,3,0,-1,1,0,0,-1,1,-4,-5,9,4,0,0,-1,1,0,1,5,-1
KR_6774746836,420,-5,-77,-37,-2,0,2,2,1,2,3,2,0,2,-3,3,0,-2,2,0,0,-6,19,0,-5,5,2,0,-1,-1,-1,-1,1,2,-1
KR_6772064665,440,-4,-49,-35,-1,-1,3,2,2,2,4,4,1,5,-1,2,1,-5,6,1,0,-7,68,0,-5,5,-3,0,-3,1,-1,-1,-1,3,-1
KR_6761257288,420,-5,-109,0,-13,-2,3,1,-2,6,4,-5,5,0,-5,7,2,1,2,3,0,-6,15,-1,-4,5,-5,0,-1,-1,1,1,-1,4,-1
KR_6739231986,420,-1,54,-16,-8,-3,4,1,0,3,3,1,6,7,-3,9,6,-3,4,1,0,-10,-4,-5,-1,6,1,0,-3,-1,-1,-1,-1,3,-1
KR_6772345312,420,-4,-57,-32,-6,-3,3,0,-1,2,1,4,1,5,-3,6,3,-3,4,1,0,-4,-1,2,-7,5,-6,0,0,-1,1,0,-1,6,-1
KR_6775975546,420,2,-37,14,8,2,1,3,0,5,5,-2,2,0,3,2,5,5,2,7,2,4,-4,-4,-3,7,0,0,0,-1,1,0,1,6,-1
KR_6765357823,420,2,27,25,-3,2,1,3,-2,5,3,1,1,2,-5,6,1,1,0,1,0,0,-7,-6,-6,12,4,0,0,-1,-1,0,-1,4,-1
KR_6769981430,420,-2,-41,-16,-7,-1,1,0,-2,3,1,-5,5,0,3,3,6,-2,3,1,0,-19,4,-4,-3,7,2,0,0,-1,-1,0,-1,5,-1
KR_6760085489,420,0,35,2,-3,0,3,3,2,0,2,0,3,3,-6,7,1,1,1,2,-2,-8,8,4,-7,3,0,0,0,1,-1,0,-1,2,-1
KR_6751290770,440,1,-37,15,3,0,1,1,2,3,5,6,0,6,-5,5,0,0,0,0,0,0,1,7,-7,0,-5,0,0,-1,-1,0,1,3,-1
KR_6681681844,440,-4,-54,-4,-4,-3,3,0,5,1,6,-1,1,0,-2,2,0,-3,3,0,0,-7,5,1,-8,7,-5,0,0,-1,-1,-1,-1,5,-1
KR_6739503492,420,0,-21,5,4,0,1,1,0,2,2,0,2,2,1,1,2,3,0,3,0,5,36,6,-10,4,3,0,0,1,1,0,1,2,-1
KR_6745408426,420,-2,-23,23,-9,-5,5,0,2,2,4,-3,4,1,-2,2,0,-1,1,0,-1,-21,-33,-7,-2,9,4,0,0,1,1,-1,-1,5,-1
KR_6734411231,420,-3,-64,-30,-2,-3,3,0,-1,2,1,1,1,2,1,2,3,0,0,0,0,2,-1,0,-5,5,0,0,-1,1,1,-1,1,5,-1
KR_6672996579,440,1,58,5,2,2,2,4,1,5,6,2,1,3,-2,4,2,-1,3,2,1,-2,14,4,-9,5,-9,0,2,1,0,1,1,3,-1
KR_6775764914,420,-1,-86,1,2,4,0,4,4,1,5,-3,5,2,-4,6,2,1,0,1,0,-4,125,-1,-5,6,3,0,-2,-1,1,-1,1,3,-1
KR_6776739856,440,-1,-29,-23,-5,-1,2,1,-5,6,1,-1,2,1,2,1,3,0,2,2,0,-1,-41,0,-4,4,1,0,-3,1,-1,-1,-1,5,-1
KR_6764359246,420,1,26,0,-1,-5,6,1,-1,3,2,-1,2,1,3,2,5,3,0,3,-1,-4,68,1,-5,4,1,0,-1,1,1,-1,-1,3,-1
KR_6767465905,420,-8,-61,-36,-17,-6,7,1,-4,7,3,-4,9,5,-3,4,1,0,0,0,0,-14,-4,0,-4,4,1,0,-2,-1,1,-1,1,6,-1
KR_6775560491,420,-6,45,-18,-20,-5,5,0,0,3,3,0,3,3,-14,15,1,-1,1,0,-1,-25,-5,-7,-1,8,-2,0,1,1,1,-1,-1,1,-1
KR_6735766395,420,-3,-24,-22,-3,2,0,2,2,0,2,-3,4,1,-3,4,1,-1,1,0,0,-7,1,1,-7,6,-8,0,0,-1,-1,-1,-1,4,-1
KR_6736341939,420,-4,3,3,-16,-4,6,2,-1,3,2,-11,12,1,2,2,4,-2,4,2,0,-12,-3,-1,-5,6,0,0,-1,-1,-1,-1,-1,5,-1
KR_6770222519,420,1,-29,7,4,1,1,2,3,0,3,3,1,4,-3,4,1,0,0,0,0,-4,-24,0,-6,6,2,0,0,1,1,0,1,4,-1
KR_6770396422,420,0,18,12,-6,1,1,2,2,0,2,-4,5,1,-3,3,0,-2,2,0,0,-7,3,3,-6,3,-1,0,0,1,-1,0,-1,6,-1
KR_6763576652,440,-4,45,6,-13,-6,8,2,-4,4,0,-1,1,0,-2,4,2,0,0,0,0,-5,37,-4,-1,5,-25,0,-1,0,-1,-1,-1,0,-1
KR_6699860418,420,-4,-72,-34,-11,-1,2,1,0,4,4,-5,8,3,-7,8,1,2,0,2,-1,-16,-30,-2,-5,7,0,0,-2,-1,-1,-1,-1,1,-1
KR_6723949517,420,-1,-72,36,-5,-6,6,0,-2,4,2,7,0,7,-4,6,2,0,4,4,-2,-8,8,4,-8,4,1,0,-2,-1,1,-1,-1,6,-1
KR_6767554004,420,-2,-49,-5,-11,-1,3,2,-8,9,1,1,5,6,-2,2,0,-1,1,0,0,-8,-48,-2,-7,9,-1,0,-2,1,-1,-1,-1,3,-1
KR_6747341628,420,2,-21,5,6,1,1,2,4,2,6,1,3,4,0,0,0,0,0,0,0,7,-10,2,-7,5,-1,0,2,1,1,1,1,6,-1
KR_6763839751,420,0,9,-10,-2,0,4,4,-1,4,3,-1,3,2,-2,7,5,2,0,2,0,1,-267,-4,-4,8,3,0,-1,1,-1,-1,1,6,-1
KR_6770738416,440,4,76,-3,0,2,1,3,1,1,2,-5,5,0,-1,7,6,3,1,4,1,-1,21,-3,-4,7,-1,0,1,-1,1,1,1,3,-1
KR_6739286012,420,-1,21,-14,1,-4,5,1,2,1,3,1,0,1,3,0,3,-1,1,0,0,4,0,2,-6,4,-1,0,0,1,-1,1,1,2,-1
KR_6713851903,420,2,-16,-8,2,3,0,3,1,1,2,-3,4,1,0,3,3,1,0,1,0,5,-5,0,-10,10,5,0,1,1,-1,1,1,2,-1
KR_6765174852,420,-6,-118,-22,-10,-3,6,3,3,0,3,-3,6,3,-7,8,1,0,1,1,0,-7,2,-6,-3,9,-2,0,-1,-1,-1,-1,-1,3,-1
KR_6755520849,420,-2,-71,-20,1,1,0,1,0,0,0,-2,4,2,0,2,2,2,0,2,-1,2,0,-1,-5,6,0,0,0,-1,1,0,-1,3,-1
KR_6758598109,420,-1,-19,-40,-6,-5,8,3,-1,3,2,-3,3,0,3,3,6,0,0,0,0,-4,12,2,-5,3,2,0,-2,0,-1,-1,-1,0,-1
KR_6772093825,420,-5,-25,-1,-10,-3,3,0,-9,10,1,-1,4,3,4,2,6,-1,2,1,0,-14,-6,-6,-3,9,-3,0,-3,-1,-1,-1,1,1,-1
KR_6756481883,420,1,-3,8,8,3,1,4,2,2,4,1,0,1,1,3,4,1,1,2,0,7,7,2,-7,5,-1,0,2,1,-1,1,1,6,-1
KR_6777840162,440,-2,12,-22,-7,0,0,0,-3,3,0,-4,5,1,0,1,1,0,0,0,0,-12,-83,-1,-6,7,-6,0,0,-1,-1,-1,-1,2,-1
KR_6682639707,420,2,28,8,6,1,2,3,-1,1,0,4,0,4,1,3,4,1,1,2,1,4,10,5,-13,8,3,0,0,-1,1,-1,1,5,-1
KR_6769479233,420,-2,-33,1,1,0,3,3,-1,6,5,0,1,1,1,3,4,1,0,1,0,4,-1,0,-7,7,13,0,-1,-1,1,-1,1,4,-1
KR_6769208316,420,-4,-97,-84,-7,-3,3,0,-3,4,1,0,1,1,-2,3,1,1,2,3,-1,-16,4,-5,-2,7,1,0,-2,-1,-1,-1,-1,5,-1
KR_6765784192,420,6,66,16,6,-2,3,1,4,1,5,2,2,4,3,1,4,-1,1,0,0,10,-15,-1,-3,4,9,0,1,1,-1,1,1,1,-1
KR_6753537216,420,0,37,-5,-4,3,1,4,-3,6,3,0,2,2,-4,4,0,0,0,0,0,-12,-2,1,-4,3,-6,0,0,-1,-1,1,-1,4,-1
KR_6749355132,420,0,15,-16,5,-2,2,0,-2,4,2,3,0,3,4,2,6,2,1,3,0,10,-6,0,-5,5,3,0,-1,1,-1,-1,1,3,-1
KR_6762951005,420,-2,20,-14,-1,-3,4,1,0,2,2,0,1,1,2,3,5,0,2,2,-1,-2,120,1,-7,6,-2,0,1,1,-1,1,-1,1,-1
KR_6777097516,420,0,-29,-15,-3,0,1,1,2,0,2,-3,3,0,-2,4,2,0,2,2,0,-5,1,5,-10,5,-4,0,0,1,1,0,1,2,-1
KR_6776760297,420,-3,-20,6,-5,-3,5,2,0,3,3,0,2,2,1,1,2,-3,5,2,0,-5,-3,-8,-2,10,9,0,0,1,-1,0,-1,3,-1
KR_6772627366,420,-2,-48,-4,4,-2,5,3,5,1,6,-2,3,1,5,2,7,-2,2,0,0,4,-13,4,-10,6,4,0,1,-1,1,1,1,3,-1
KR_6769438096,420,-1,-85,-7,-2,-1,3,2,-3,4,1,-1,4,3,3,0,3,0,0,0,0,1,3,1,-6,5,-1,0,0,0,-1,0,1,0,-1
KR_6772492176,420,3,61,15,-5,-4,4,0,4,2,6,-5,6,1,-1,3,2,1,0,1,1,-6,-18,-7,-4,11,10,0,0,1,-1,1,1,5,-1
KR_6744278820,420,2,-16,-24,6,1,1,2,2,2,4,4,2,6,0,3,3,-1,2,1,0,5,99,5,-8,3,2,0,0,1,1,-1,1,6,-1
KR_6771489788,420,-4,-61,-4,-6,-3,6,3,0,1,1,-4,6,2,-1,5,4,2,1,3,0,-10,-3,-1,-4,5,1,0,-2,-1,-1,-1,-1,6,-1
KR_6774086146,440,0,-69,13,4,-8,8,0,3,3,6,0,2,2,9,1,10,0,0,0,0,17,39,0,-6,6,-8,0,-2,-1,1,-1,-1,5,-1
KR_6758787808,420,2,56,-12,6,2,2,4,4,1,5,-5,10,5,2,1,3,3,1,4,1,11,-3,-4,-4,8,2,0,0,-1,1,1,1,1,-1
KR_6772974210,440,-3,-71,-12,-4,3,0,3,-4,7,3,-1,2,1,0,5,5,-2,4,2,0,-3,245,0,-4,4,-1,0,-1,0,0,-1,1,0,-1
KR_6747564450,420,-7,-125,-30,-11,-2,3,1,0,0,0,-4,6,2,-3,4,1,-2,2,0,0,-14,22,0,-3,3,-7,0,-1,-1,-1,-1,-1,4,-1
KR_6775098253,420,-2,-35,-17,-8,0,1,1,1,2,3,1,0,1,-2,3,1,-8,10,2,-2,-6,2,0,-5,5,2,0,-2,-1,1,-1,-1,2,-1
KR_6767260231,420,-4,14,-38,-9,-5,5,0,-2,2,0,-1,1,0,0,1,1,-1,1,0,0,-9,-3,-1,-2,3,0,0,0,-1,-1,-1,-1,2,-1
KR_6687292695,420,1,30,4,1,4,1,5,-3,4,1,-1,2,1,1,1,2,0,0,0,0,0,-12,3,-9,6,5,0,0,-1,1,1,1,1,-1
KR_6737590085,420,2,-39,44,5,2,0,2,1,1,2,1,2,3,1,1,2,0,2,2,0,7,-4,1,-4,3,2,0,1,1,1,1,1,2,-1
KR_6762212507,420,0,0,-27,0,0,1,1,-2,5,3,0,2,2,2,1,3,0,0,0,-1,-2,-20,1,-5,4,-5,0,0,-1,1,0,-1,4,-1
KR_6748973046,420,-2,-22,-4,-2,6,0,6,-1,4,3,-2,3,1,-5,6,1,0,1,1,0,3,-3,-3,-5,8,-1,0,-2,1,-1,-1,1,4,-1
KR_6715622803,420,-5,-81,-1,-7,-4,5,1,0,3,3,2,1,3,-6,7,1,1,0,1,-1,-2,8,1,-6,5,-4,0,-1,1,-1,-1,-1,4,-1
KR_6773981603,420,-1,-35,-7,0,-2,2,0,4,1,5,-1,3,2,-2,4,2,1,0,1,0,2,30,0,-5,5,-2,0,0,-1,1,0,1,3,-1
KR_6756100178,420,-1,-3,-26,-3,-1,3,2,-1,3,2,1,0,1,-2,4,2,0,0,0,-1,-6,-95,-1,-5,6,-2,0,-1,-1,-1,-1,-1,3,-1
KR_6655724402,420,-6,-31,-45,-11,-4,5,1,-4,8,4,0,1,1,-5,7,2,2,0,2,0,0,3,-1,-5,6,1,0,-1,-1,-1,-1,1,1,-1
KR_6766686512,420,-2,77,-5,-8,-2,3,1,-3,3,0,0,2,2,-2,6,4,-1,2,1,0,-9,-22,4,-6,2,5,0,-1,-1,1,-1,-1,5,-1
KR_6738543234,420,-7,-136,1,-10,-1,4,3,-1,3,2,-1,2,1,-3,4,1,-4,4,0,0,-13,-7,-1,-4,5,-3,0,-2,-1,-1,-1,-1,3,-1
KR_6751824596,420,-3,19,11,1,-2,2,0,2,2,4,-3,5,2,-1,2,1,5,0,5,0,9,15,5,-10,5,-5,0,-1,1,-1,-1,1,5,-1
KR_6772248565,420,-3,-24,-30,-8,-6,6,0,1,2,3,1,1,2,-3,3,0,-1,2,1,1,-6,-48,-4,-1,5,0,0,-2,-1,-1,-1,1,1,-1
KR_6768832108,420,-1,-33,8,-5,3,1,4,-5,6,1,-3,3,0,3,2,5,-3,3,0,0,-5,-11,-7,-4,11,4,0,-1,-1,-1,-1,1,1,-1
KR_6777108950,420,-3,-38,-33,-10,-1,2,1,-11,11,0,3,2,5,-2,4,2,1,1,2,0,-11,24,-6,-1,7,-2,0,-1,0,0,-1,-1,0,-1
KR_6774034565,420,3,39,2,5,2,2,4,-2,3,1,4,0,4,0,2,2,1,1,2,0,2,23,-1,-6,7,5,0,1,1,1,1,1,5,-1
KR_6760046993,420,2,25,8,-3,0,1,1,-3,7,4,4,1,5,-6,7,1,2,3,5,0,-1,-13,-1,-6,7,-3,0,0,-1,1,-1,-1,4,-1
KR_6753139912,420,-8,-94,-9,-23,-2,2,0,-7,7,0,-2,6,4,-9,9,0,-3,5,2,-1,-30,-13,-7,-2,9,-1,0,-2,0,1,-1,-1,0,-1
KR_6758693474,420,-2,-25,28,-13,-3,3,0,-5,6,1,0,1,1,-3,5,2,-2,2,0,0,-23,11,-2,-2,4,-1,0,-1,1,-1,-1,-1,6,-1
KR_6761935571,420,1,-23,8,-3,2,1,3,-1,4,3,-4,4,0,-1,2,1,1,2,3,-1,-4,25,4,-9,5,-7,0,1,0,1,1,-1,0,-1
KR_6773660518,420,-3,-15,-20,-7,-3,3,0,-1,3,2,-1,2,1,-1,2,1,-1,1,0,0,-2,-5,0,-6,6,1,0,-2,-1,-1,-1,-1,6,-1
KR_6761759050,420,0,-95,4,-1,-4,5,1,-3,5,2,6,2,8,0,1,1,0,0,0,0,1,-17,-4,-4,8,-5,0,-1,-1,-1,-1,-1,6,-1
KR_6764742708,440,3,19,1,0,0,1,1,2,1,3,-3,4,1,1,0,1,0,0,0,0,-2,-1,-2,-3,5,-3,0,0,0,1,0,-1,0,-1
KR_6776418213,420,2,43,-25,-3,-2,3,1,4,3,7,-3,4,1,0,3,3,-2,4,2,0,0,12,2,-8,6,-3,0,0,-1,-1,1,-1,2,-1
KR_6777332210,420,-4,-76,-24,-4,-2,2,0,-3,5,2,2,2,4,1,3,4,-2,2,0,0,3,0,1,-6,5,-2,0,-3,-1,-1,-1,1,4,-1
KR_6760875633,420,2,-10,6,13,0,3,3,9,1,10,-3,4,1,2,3,5,5,0,5,0,30,4,2,-6,4,3,0,1,0,1,1,1,0,-1
KR_6737779331,420,-1,14,18,-9,0,1,1,-6,6,0,-2,3,1,0,1,1,-1,1,0,-1,-15,6,2,-9,7,-2,0,-2,-1,-1,-1,-1,5,-1
KR_6727918589,420,-3,2,-17,-7,-1,3,2,-3,4,1,-5,5,0,3,0,3,-1,1,0,0,-2,6,7,-9,2,-7,0,-2,-1,1,-1,-1,1,-1
KR_6752479459,420,0,49,6,-1,3,2,5,-1,2,1,1,1,2,-1,4,3,-3,3,0,0,-11,-24,0,-8,8,-1,0,0,0,-1,-1,1,0,-1
KR_6735930394,420,-1,-25,28,0,2,1,3,-4,7,3,2,2,4,-3,5,2,3,0,3,0,-8,11,-1,-5,6,-3,0,-1,1,-1,-1,1,3,-1
KR_6753262449,420,-2,13,1,0,0,1,1,-1,1,0,1,1,2,0,2,2,0,0,0,0,-4,28,1,-5,4,-25,0,0,-1,1,1,-1,2,-1
KR_6738657230,440,-1,25,-20,1,-3,5,2,0,1,1,-1,3,2,2,1,3,3,0,3,0,2,-24,-3,-3,6,-2,0,-1,-1,-1,-1,1,5,-1
KR_6717109328,420,-1,-5,9,-7,3,4,7,-1,4,3,-1,4,3,-7,7,0,-1,2,1,-2,-20,-1,2,-6,4,-1,0,0,-1,1,1,-1,2,-1
KR_6762419073,420,0,-17,32,-7,-2,4,2,2,1,3,0,3,3,-5,8,3,-2,3,1,0,-2,7,-3,-5,8,-6,0,0,1,-1,0,-1,5,-1
KR_6775126563,420,-1,26,-7,2,-1,2,1,5,7,12,3,1,4,-3,4,1,-2,2,0,1,6,26,2,-7,5,-12,0,1,1,1,1,1,2,-1
KR_6758803578,420,2,-34,-1,-1,0,2,2,6,0,6,-1,2,1,-7,9,2,1,0,1,-1,5,31,-4,-5,9,5,0,0,1,1,-1,-1,1,-1
KR_6690337042,420,-1,8,-15,-2,1,0,1,1,1,2,-4,4,0,1,0,1,-1,1,0,0,-2,4,2,-4,2,-1,0,0,0,1,0,-1,0,-1
KR_6764313852,420,-2,-48,9,-2,-1,1,0,-4,5,1,3,2,5,1,0,1,-1,3,2,0,-2,6,1,-5,4,-4,0,-1,0,-1,-1,-1,0,-1
KR_6759208583,440,-7,-50,-10,-17,-2,3,1,-2,5,3,-7,7,0,-8,8,0,2,0,2,0,-18,7,1,-7,6,-7,0,-1,-1,-1,-1,1,3,-1
KR_6772756023,420,0,24,7,-4,1,0,1,-1,2,1,-2,3,1,-1,2,1,-1,1,0,0,-7,-6,0,-4,4,-1,0,-2,1,-1,-1,-1,5,-1
KR_6763343607,420,-3,-29,-3,-14,-2,2,0,0,2,2,-7,7,0,-2,7,5,-3,3,0,0,-14,-4,0,-6,6,0,0,-2,1,-1,-1,-1,4,-1
KR_6759810904,420,-1,31,-3,-2,1,0,1,0,4,4,0,4,4,-2,2,0,-1,1,0,0,-2,-33,-1,-5,6,1,0,-1,1,-1,1,-1,1,-1
KR_6755382231,420,-2,3,-47,-9,1,1,2,1,3,4,-3,7,4,-3,5,2,-5,7,2,0,-11,-4,0,-8,8,3,0,-1,-1,-1,-1,-1,3,-1
KR_6769217116,420,-5,-36,-33,-11,0,0,0,-1,4,3,-2,3,1,-6,8,2,-2,3,1,0,-16,-11,7,-10,3,-5,0,-2,-1,-1,-1,-1,5,-1
KR_6753757858,420,0,-1,-14,3,1,2,3,-1,6,5,0,1,1,2,2,4,1,0,1,0,1,249,-1,-6,7,18,0,2,-1,1,1,-1,5,-1
KR_6761525123,420,-4,-61,5,-11,-5,5,0,-2,2,0,2,0,2,-5,7,2,-1,1,0,0,-2,-2,0,-7,7,-6,0,0,1,-1,-1,-1,3,-1
KR_6751562857,420,0,-5,-5,-10,0,3,3,0,4,4,-2,2,0,-6,7,1,-2,3,1,0,-10,-9,-7,-1,8,5,0,-2,-1,-1,-1,1,2,-1
KR_6767863666,420,-2,-27,-26,-12,-2,3,1,0,3,3,-6,7,1,-1,4,3,-3,4,1,0,-9,-9,-1,-6,7,1,0,-1,-1,1,-1,-1,6,-1
KR_6727940863,420,-3,-20,34,-12,-2,3,1,-1,3,2,-3,3,0,-6,6,0,0,0,0,0,-17,7,0,-7,7,-2,0,0,1,1,-1,1,2,-1
KR_6705817067,420,-5,-21,-28,-10,-1,3,2,-1,3,2,-2,4,2,-3,6,3,-3,3,0,0,-9,12,-1,-6,7,3,0,-1,-1,-1,-1,-1,3,-1
KR_6732509282,420,-4,-1,-4,-7,0,1,1,-2,4,2,-2,3,1,-3,5,2,0,1,1,0,-11,3,2,-9,7,-5,0,0,1,-1,0,1,3,-1
KR_6732827629,440,1,-24,4,6,2,1,3,-1,4,3,0,4,4,5,0,5,0,1,1,1,9,7,1,-8,7,3,0,-1,1,-1,-1,1,4,-1
KR_6773506650,420,-4,-58,14,-17,0,2,2,-2,3,1,-7,8,1,-9,11,2,1,0,1,0,-17,-2,-3,-4,7,-4,0,0,-1,1,-1,-1,6,-1
KR_6758616196,420,-2,-2,-7,-13,-5,6,1,-7,9,2,-4,4,0,2,7,9,1,2,3,-1,-13,1,4,-9,5,-2,0,-1,-1,-1,-1,-1,1,-1
KR_6772697385,420,1,-47,-6,1,0,3,3,3,2,5,0,1,1,0,5,5,-2,2,0,-1,-1,-3,-2,-4,6,0,0,1,1,-1,1,-1,6,-1
KR_6772256150,420,4,54,-16,5,-2,2,0,4,1,5,1,3,4,2,1,3,0,0,0,0,4,34,4,-8,4,-3,0,1,-1,1,1,1,2,-1
KR_6744370337,420,-1,-58,-18,-5,0,1,1,-2,2,0,0,2,2,-1,5,4,-2,3,1,0,6,76,-3,-6,9,4,0,-1,0,-1,-1,-1,0,-1
KR_6734765230,420,0,25,-30,0,0,1,1,-2,3,1,-1,2,1,3,0,3,0,0,0,0,2,-37,3,-9,6,-2,0,1,1,1,1,-1,6,-1
KR_6771788299,420,1,12,23,6,0,1,1,-2,4,2,3,0,3,5,2,7,0,1,1,5,13,2,0,-5,5,-3,0,2,1,-1,1,1,5,-1
KR_6743193543,420,1,-36,-9,-1,-2,2,0,-4,8,4,2,1,3,3,1,4,0,2,2,0,-2,22,-4,-6,10,0,0,1,1,-1,1,-1,4,-1
KR_6777751686,440,0,-59,-3,-3,-2,2,0,3,0,3,-3,4,1,-1,2,1,0,3,3,0,-2,4,3,-5,2,-3,0,0,1,-1,0,-1,5,-1
KR_6775990956,420,0,2,9,0,-3,4,1,0,1,1,2,1,3,-1,5,4,2,0,2,0,2,11,-3,-2,5,-1,0,-1,1,-1,-1,1,6,-1
KR_6724757723,420,-5,-86,-8,-11,-6,6,0,3,0,3,-4,5,1,-2,2,0,-2,2,0,0,-9,-8,-5,-6,11,3,0,-1,1,-1,-1,-1,6,-1
KR_6697063159,420,-4,-71,-12,-5,-2,4,2,1,1,2,-4,4,0,-1,1,0,1,0,1,0,0,4,2,-7,5,-7,0,-1,-1,-1,-1,-1,4,-1
KR_6737117115,420,1,-30,-13,2,2,1,3,1,2,3,-2,4,2,-1,5,4,2,1,3,0,12,-16,-1,-4,5,4,0,0,1,1,0,-1,3,-1
KR_6754054094,420,2,42,-5,15,10,0,10,3,0,3,2,1,3,-1,7,6,1,1,2,0,9,-70,4,-6,2,8,0,1,1,1,1,-1,1,-1
KR_6629018566,420,-7,-118,-19,-17,-5,6,1,-6,7,1,-4,4,0,-1,1,0,-1,1,0,0,-15,2,-1,-5,6,-4,0,-3,-1,1,-1,-1,2,-1
KR_6709251861,420,-7,-88,-43,-13,2,1,3,0,3,3,-6,6,0,-8,10,2,-1,3,2,0,-8,6,0,-4,4,-4,0,-3,-1,-1,-1,-1,1,-1
KR_6731082173,420,-2,-68,0,-3,0,4,4,-4,6,2,-3,4,1,5,1,6,-1,2,1,0,-3,-3,-5,-3,8,-2,0,-2,-1,-1,-1,-1,1,-1
KR_6741933272,420,-1,-12,-34,-8,-5,5,0,-2,3,1,-1,5,4,2,1,3,-2,3,1,0,-3,50,5,-6,1,-25,0,-2,-1,-1,-1,1,5,-1
KR_6767979669,420,1,-2,-5,-6,-2,3,1,2,1,3,-2,5,3,-2,4,2,-2,5,3,-4,-10,1,-2,-2,4,6,0,-2,-1,-1,-1,-1,4,-1
KR_6748426420,420,1,13,-8,10,-3,4,1,4,3,7,6,5,11,4,3,7,-1,2,1,0,6,4,10,-11,1,-3,0,1,1,-1,1,1,4,-1
KR_6765532597,420,-3,-7,-4,-9,0,4,4,-3,9,6,-6,9,3,1,1,2,-1,2,1,-1,-2,2,-3,-6,9,-3,0,-2,1,-1,-1,-1,5,-1
KR_6706802527,420,0,12,-21,-1,-1,1,0,-3,4,1,1,2,3,3,0,3,-1,3,2,0,2,63,3,-5,2,-9,0,0,1,1,0,-1,2,-1
KR_6746972652,420,-2,36,-12,-5,0,2,2,-6,11,5,1,4,5,1,2,3,-1,2,1,0,-12,-57,0,-7,7,-4,0,0,-1,1,0,1,2,-1
KR_6776216067,420,2,-47,-5,2,1,0,1,-4,5,1,4,2,6,0,2,2,1,1,2,0,7,-37,4,-10,6,25,0,-1,-1,-1,-1,1,4,-1
KR_6719997398,420,-3,20,-24,-6,-3,3,0,-1,1,0,-5,5,0,3,0,3,0,3,3,0,-2,-32,-4,-4,8,1,0,-1,-1,-1,-1,-1,4,-1
KR_6770464797,420,-2,-49,-21,-5,2,0,2,2,1,3,-3,4,1,-4,4,0,-2,2,0,0,-8,-32,1,-8,7,1,0,-2,1,-1,-1,-1,2,-1
KR_6713246431,420,2,74,2,2,1,1,2,-3,5,2,3,2,5,0,0,0,1,1,2,0,3,8,0,-5,5,2,0,0,1,-1,1,1,6,-1
KR_6774808964,420,1,17,8,1,1,1,2,7,1,8,0,2,2,-6,7,1,-1,1,0,0,2,-6,2,-6,4,0,0,-1,1,-1,-1,-1,6,-1
KR_6758136971,420,-2,-19,4,-7,-2,4,2,-1,5,4,-4,4,0,0,2,2,0,0,0,0,-10,-34,-5,-4,9,1,0,-2,1,-1,-1,1,1,-1
KR_6767437198,420,0,23,-24,-4,-2,2,0,2,3,5,1,0,1,-3,4,1,-2,2,0,0,-5,19,5,-11,6,-2,0,0,-1,1,0,1,4,-1
KR_6770452304,420,-3,-19,9,-9,-3,5,2,0,2,2,-1,3,2,-2,3,1,-3,4,1,0,-4,5,-1,-4,5,-4,0,-3,1,1,-1,-1,1,-1
KR_6742366947,420,1,30,-16,2,1,0,1,-1,1,0,-1,4,3,0,1,1,3,0,3,-1,1,93,-2,-3,5,8,0,0,1,1,1,-1,1,-1
KR_6771612599,420,-4,-28,-22,-10,0,1,1,-3,3,0,-6,6,0,-1,1,0,0,0,0,0,-16,-42,-4,-3,7,-4,0,0,1,1,0,-1,1,-1
KR_6770229336,420,3,19,-8,2,2,2,4,1,3,4,1,1,2,1,0,1,-3,4,1,0,-6,22,0,-5,5,-5,0,0,-1,1,0,-1,5,-1
KR_6777540592,440,0,46,-17,1,-1,3,2,-5,5,0,0,0,0,6,1,7,1,0,1,-1,-1,97,-6,-4,10,6,0,1,-1,-1,1,-1,1,-1
KR_6605399282,420,-4,-69,1,-3,-5,5,0,2,2,4,0,3,3,-2,4,2,2,1,3,-1,0,10,0,-6,6,-3,0,-1,-1,-1,-1,-1,3,-1
KR_6743050315,420,-1,-42,-15,-2,1,0,1,-3,6,3,-1,3,2,-2,5,3,3,0,3,0,-10,-1,-2,-4,6,-1,0,-1,-1,-1,-1,1,6,-1
KR_6777061305,420,2,-8,3,1,2,3,5,0,2,2,-1,4,3,2,0,2,-2,2,0,1,-2,23,5,-7,2,-4,0,-1,1,-1,-1,1,4,-1
KR_6777704230,420,1,-25,12,0,2,1,3,1,1,2,-2,2,0,0,2,2,-1,2,1,0,-3,16,2,-8,6,-4,0,-1,1,1,-1,-1,3,-1
KR_6769739388,420,-6,13,-12,-12,0,1,1,-3,4,1,-1,4,3,-6,7,1,-2,2,0,0,-14,-10,-2,-9,11,-4,0,-1,-1,-1,-1,1,2,-1
KR_6692779521,420,-1,-48,10,-5,-1,3,2,-1,3,2,-4,5,1,-2,5,3,3,1,4,0,-6,-16,-3,-3,6,1,0,-1,-1,1,-1,1,4,-1
KR_6770777837,420,0,15,16,-1,0,2,2,-2,4,2,2,2,4,1,3,4,-2,4,2,-1,-9,192,0,-7,7,-1,0,-2,1,-1,-1,-1,3,-1
KR_6769559945,420,-3,-101,-33,-6,1,1,2,-4,7,3,-1,5,4,-2,4,2,0,0,0,-1,-1,3,-2,-2,4,-2,0,-1,-1,-1,-1,-1,4,-1
KR_6770825200,420,-3,-44,-15,-10,-2,4,2,-1,6,5,0,2,2,-5,6,1,-2,2,0,0,-21,23,1,-7,6,-7,0,-2,1,-1,-1,1,3,-1
KR_6775568049,420,-3,-76,17,-9,-4,5,1,-3,6,3,2,0,2,-2,2,0,-2,2,0,0,-16,42,1,-5,4,-7,0,-1,-1,1,-1,-1,2,-1
KR_6765539140,420,1,-38,-7,-2,-3,3,0,1,2,3,1,0,1,-1,2,1,0,0,0,0,1,8,6,-10,4,-2,0,-1,1,1,-1,1,3,-1
KR_6749636960,420,-1,-67,-7,-1,-4,4,0,4,1,5,-3,3,0,1,2,3,1,0,1,0,4,-18,0,-3,3,2,0,0,1,-1,-1,1,4,-1
KR_6617520950,420,-3,-77,-21,-12,-4,5,1,-1,2,1,0,2,2,-9,10,1,2,0,2,-1,-12,2,-1,-5,6,1,0,-2,-1,-1,-1,-1,6,-1
KR_6642934015,420,-2,-5,-24,0,7,1,8,-5,7,2,1,1,2,-2,5,3,-1,2,1,0,-2,7,-2,-4,6,-2,0,0,1,-1,0,-1,6,-1
KR_6767522786,420,-5,-64,4,-13,-1,2,1,0,3,3,-7,7,0,-5,5,0,0,0,0,-1,-18,4,2,-10,8,-6,0,0,-1,-1,-1,-1,4,-1
KR_6777110417,420,-4,-63,0,-14,-2,2,0,-6,7,1,-1,2,1,-4,4,0,-1,1,0,0,-18,-11,-6,-2,8,1,0,-1,-1,1,-1,-1,4,-1
KR_6718053130,420,-1,-14,1,2,2,4,6,-3,5,2,0,1,1,-2,4,2,5,3,8,0,-11,-12,-10,-2,12,9,0,0,1,-1,1,1,4,-1
KR_6732219625,420,-1,-97,-3,1,0,1,1,2,2,4,-4,5,1,3,1,4,0,0,0,0,3,12,1,-3,2,-5,0,-1,1,-1,-1,-1,2,-1
KR_6775712519,440,-2,30,-11,-1,-2,2,0,-1,3,2,-4,4,0,7,2,9,-1,1,0,0,-5,-7,-4,-2,6,0,0,0,1,-1,-1,-1,3,-1
KR_6763390737,440,-4,-48,8,-12,-2,3,1,-1,2,1,-14,14,0,5,1,6,0,1,1,-1,-7,2,0,-2,2,-1,0,-2,0,0,-1,-1,0,-1
KR_6775820200,440,0,24,-21,3,1,1,2,-1,3,2,-3,3,0,4,2,6,2,0,2,2,6,6,2,-6,4,-2,0,0,-1,-1,0,1,2,-1
KR_6722342997,420,3,2,-17,6,4,0,4,2,1,3,-3,6,3,2,2,4,1,1,2,0,7,-7,-2,-7,9,2,0,0,1,-1,0,1,2,-1
KR_6775953486,420,0,0,20,-1,-2,3,1,-3,4,1,1,1,2,3,2,5,0,0,0,0,-1,-30,0,-8,8,-2,0,1,1,1,1,-1,5,-1
KR_6773690773,420,-2,7,21,0,3,0,3,-1,1,0,3,0,3,-6,6,0,1,0,1,-2,2,21,3,-7,4,-5,0,0,-1,1,-1,-1,4,-1
KR_6593953771,420,-6,-72,-4,-9,-1,2,1,2,1,3,-2,2,0,-6,6,0,-2,3,1,0,-11,-105,0,-7,7,2,0,-1,-1,1,-1,1,5,-1
KR_6775461604,420,-4,10,-25,-1,0,1,1,1,4,5,1,3,4,-1,6,5,-2,3,1,-2,0,20,-5,-4,9,2,0,0,-1,1,0,-1,4,-1
KR_6771034453,420,3,45,-4,7,4,1,5,2,3,5,1,4,5,-1,6,5,1,3,4,1,18,-9,-6,-2,8,2,0,0,1,-1,-1,1,6,-1
KR_6686249102,420,-6,-26,-4,-15,-4,5,1,-1,3,2,-6,7,1,-4,4,0,0,4,4,-1,-16,4,0,-5,5,-3,0,-2,1,-1,-1,-1,3,-1
KR_6707972946,420,-5,-51,8,-14,2,1,3,-3,4,1,-8,8,0,-7,8,1,2,0,2,0,-16,-7,-4,-4,8,1,0,-2,1,-1,-1,-1,3,-1
KR_6771805150,420,1,-29,27,1,-1,2,1,1,1,2,5,2,7,-6,7,1,2,0,2,0,-9,1,0,-5,5,-2,0,0,1,1,1,-1,6,-1
KR_6732918804,440,-2,-35,8,-4,0,1,1,1,1,2,-1,2,1,-2,2,0,-2,3,1,0,-4,-20,2,-6,4,0,0,0,0,0,0,1,0,-1
KR_6759700697,420,0,-23,12,-5,4,1,5,-6,7,1,-1,2,1,-1,3,2,-1,1,0,0,-7,-138,1,-7,6,11,0,-1,1,-1,-1,-1,1,-1
KR_6777279845,420,0,-1,24,-1,-7,8,1,4,1,5,2,0,2,0,1,1,0,1,1,0,9,1,-1,-7,8,4,0,-2,1,1,-1,1,5,-1
KR_6722268610,420,1,11,7,0,0,1,1,0,5,5,2,2,4,-3,3,0,1,1,2,0,3,-4,-1,-8,9,1,0,0,-1,-1,1,-1,1,-1
KR_6757059208,420,-1,-5,17,-1,2,0,2,3,5,8,-2,4,2,-4,4,0,0,1,1,0,-9,-1,-1,-4,5,-2,0,0,-1,1,1,1,1,-1
KR_6598323335,420,-4,-19,-13,-8,2,0,2,-2,5,3,-2,2,0,-6,6,0,0,0,0,0,-11,2,2,-7,5,-3,0,-1,-1,-1,-1,-1,5,-1
KR_6773344568,420,1,24,3,-2,0,1,1,-2,5,3,0,2,2,-1,4,3,1,3,4,0,5,20,0,-5,5,-8,0,0,-1,1,-1,1,6,-1
KR_6761866718,420,-4,5,-33,-10,-1,1,0,-5,6,1,-6,6,0,0,1,1,2,2,4,0,-15,305,-6,-1,7,4,0,-1,1,-1,-1,-1,4,-1
KR_6770618591,420,-2,-12,-20,-2,0,2,2,2,2,4,-1,1,0,-3,5,2,0,0,0,1,-1,-3,2,-8,6,2,0,0,-1,-1,0,1,1,-1
KR_6767698582,420,-3,-13,-10,-11,-4,6,2,-1,2,1,-2,3,1,1,2,3,-5,5,0,0,-10,-8,-2,-6,8,-1,0,0,1,-1,-1,-1,2,-1
KR_6761034011,420,-3,3,-3,-4,3,0,3,-3,4,1,-6,6,0,3,4,7,-1,2,1,0,-7,1,1,-8,7,3,0,-1,0,-1,1,1,0,-1
KR_6774879845,440,3,-66,17,6,-4,4,0,0,3,3,3,2,5,0,3,3,7,0,7,0,15,-2,-2,-4,6,3,0,-1,-1,1,-1,1,4,-1
KR_6752635483,420,-2,-28,-25,-2,0,2,2,1,1,2,-2,6,4,-1,2,1,0,0,0,0,1,16,-4,-4,8,-12,0,0,-1,1,-1,1,1,-1
KR_6753255395,420,2,25,20,-6,0,3,3,0,4,4,-1,2,1,-5,5,0,0,0,0,0,-5,-7,-2,-3,5,9,0,0,1,-1,1,-1,1,-1
KR_6764249911,420,-1,-75,31,-1,0,1,1,2,0,2,0,5,5,-4,4,0,1,0,1,0,5,-1,-1,-6,7,0,0,-1,1,-1,-1,-1,4,-1
KR_6764519577,420,-4,-89,-8,-11,-3,4,1,3,2,5,-5,5,0,-3,3,0,-3,3,0,0,-12,14,-3,-4,7,-3,0,0,-1,-1,-1,-1,2,-1
KR_6775462350,420,2,-20,36,0,0,4,4,0,3,3,2,1,3,-6,6,0,4,0,4,0,3,36,-2,-5,7,-7,0,-1,-1,1,-1,-1,6,-1
KR_6772926990,420,2,-26,12,2,1,0,1,-2,3,1,1,1,2,1,2,3,1,0,1,0,11,-35,0,-6,6,22,0,1,1,1,1,1,3,-1
KR_6748378639,420,1,39,-4,3,3,1,4,1,2,3,1,1,2,-5,7,2,3,0,3,-1,-8,1,-3,-6,9,3,0,1,-1,1,1,-1,4,-1
KR_6750298603,420,-4,1,-4,0,-4,4,0,-2,5,3,5,1,6,-3,3,0,4,1,5,2,3,-3,1,-7,6,-4,0,0,-1,-1,-1,1,5,-1
KR_6750170834,420,0,4,31,-2,2,3,5,-3,4,1,-1,3,2,2,1,3,-2,2,0,0,-12,21,4,-9,5,0,0,0,-1,1,0,1,4,-1
KR_6762759541,420,-3,1,-23,-9,-3,3,0,-1,1,0,1,0,1,-5,5,0,-1,1,0,0,-9,-21,-8,-2,10,3,0,-1,-1,-1,-1,-1,3,-1
KR_6743430139,420,-2,-53,-21,-2,-7,7,0,4,0,4,1,0,1,-1,1,0,1,0,1,0,3,-5,2,-7,5,3,0,1,-1,1,1,-1,4,-1
KR_6775017535,440,0,14,11,-5,0,0,0,-9,12,3,4,2,6,-2,2,0,2,0,2,0,-9,-46,6,-10,4,-5,0,2,1,1,1,-1,3,-1
KR_6727813271,420,-4,-64,-9,-8,-2,3,1,-2,2,0,-4,5,1,-1,3,2,1,0,1,0,-3,18,-3,-2,5,-5,0,-1,1,-1,-1,-1,1,-1
KR_6617907540,420,-1,-3,0,-2,-1,3,2,1,6,7,-1,2,1,-2,4,2,1,0,1,0,-1,-6,2,-5,3,1,0,0,1,-1,-1,-1,2,-1
KR_6774368689,440,-2,-14,-20,-3,1,1,2,4,2,6,-1,6,5,-5,6,1,-2,2,0,0,-1,-2,-2,-4,6,4,0,-1,0,1,-1,-1,0,-1
KR_6772532540,420,-1,-54,-17,7,1,3,4,-2,2,0,5,3,8,4,1,5,-1,2,1,1,9,-8,6,-9,3,1,0,0,1,0,-1,1,2,-1
KR_6771106828,420,2,3,-8,4,1,1,2,7,3,10,-3,3,0,-3,6,3,2,1,3,0,6,4,2,-8,6,4,0,-1,1,-1,-1,-1,6,-1
KR_6769580299,420,-1,-28,-7,-10,2,2,4,-4,6,2,1,4,5,-11,11,0,2,0,2,0,-6,10,1,-8,7,-3,0,0,-1,1,-1,-1,4,-1
KR_6776145147,440,-3,54,0,-7,-1,1,0,-6,6,0,1,1,2,-1,3,2,0,0,0,-1,-9,-1,1,-7,6,3,0,0,-1,1,1,-1,2,-1
KR_6769778164,420,1,-60,16,6,-4,4,0,-3,4,1,6,2,8,7,1,8,0,0,0,0,17,-12,-4,-3,7,3,0,-2,1,-1,-1,1,5,-1
KR_6700796883,420,-2,4,-20,-3,0,0,0,-7,9,2,0,1,1,1,3,4,3,1,4,0,-7,-3,-1,-6,7,-2,0,0,-1,-1,0,1,2,-1
KR_6770188528,440,-1,-35,3,-7,-4,4,0,0,0,0,-4,6,2,1,1,2,0,0,0,0,-3,9,2,-6,4,1,0,0,1,1,0,-1,3,-1
KR_6759515508,420,0,34,-1,9,1,2,3,-2,4,2,-1,1,0,8,0,8,3,1,4,1,4,-34,-1,-6,7,22,0,1,1,-1,1,1,1,-1
KR_6747613511,440,-2,8,-31,-7,-5,7,2,1,0,1,-3,4,1,-2,3,1,2,2,4,0,2,-2,-6,-1,7,0,0,-3,-1,-1,-1,-1,3,-1
KR_6761798858,420,-1,-22,-30,-6,1,2,3,-2,4,2,1,1,2,-4,5,1,-2,2,0,-1,2,85,2,-5,3,-5,0,-1,1,-1,-1,-1,3,-1
KR_6775490800,420,-1,-75,0,-4,-5,7,2,1,0,1,-5,5,0,3,2,5,2,0,2,0,11,-2,-5,-5,10,2,0,-1,-1,-1,-1,-1,3,-1
KR_6746178251,420,2,-7,25,-3,2,1,3,-2,4,2,-2,3,1,-3,5,2,2,2,4,0,-4,-12,-6,-2,8,-5,0,1,1,1,1,-1,2,-1
KR_6749580325,420,-2,-44,0,-3,-3,6,3,2,3,5,-6,6,0,6,1,7,-2,3,1,0,9,-12,-1,-4,5,0,0,0,1,-1,-1,1,6,-1
KR_6740177332,440,0,-21,1,2,1,0,1,-1,6,5,1,1,2,1,0,1,0,2,2,0,3,1,-4,-5,9,2,0,0,1,-1,0,1,4,-1
KR_6738838642,420,-1,-52,22,-3,-1,4,3,0,1,1,-3,6,3,2,3,5,-1,1,0,0,-3,-40,2,-6,4,19,0,-2,-1,-1,-1,-1,5,-1
KR_6772195373,420,-7,-117,-5,-17,-6,7,1,-9,9,0,-1,1,0,0,3,3,-1,1,0,0,-21,-32,4,-8,4,1,0,-3,-1,-1,-1,-1,5,-1
KR_6773488292,420,2,39,8,2,-1,1,0,-3,5,2,2,1,3,5,1,6,-1,1,0,0,-1,29,5,-9,4,4,0,0,1,-1,1,-1,4,-1
KR_6769112764,420,-2,21,-5,-13,-1,2,1,-4,5,1,-12,12,0,3,3,6,1,0,1,0,-12,38,1,-7,6,-25,0,-2,-1,1,-1,-1,6,-1
KR_6715268727,420,-2,-17,-36,-7,0,3,3,0,4,4,-2,3,1,-1,2,1,-4,4,0,-1,-11,-7,-5,-1,6,1,0,0,-1,-1,0,-1,5,-1
KR_6776780898,420,4,39,12,2,6,2,8,1,3,4,-3,5,2,-1,4,3,-1,4,3,0,1,4,5,-7,2,2,0,2,1,1,1,-1,1,-1
KR_6730521664,420,-6,-53,-24,-11,-4,6,2,1,2,3,-5,6,1,-3,4,1,0,1,1,0,-12,9,-2,-3,5,-6,0,-1,-1,1,-1,1,4,-1
KR_6771080537,420,2,8,-37,10,-2,3,1,2,1,3,3,0,3,1,1,2,6,0,6,0,15,11,4,-6,2,0,0,-2,1,1,-1,1,1,-1
KR_6770821249,420,2,-9,20,0,-2,2,0,1,6,7,6,1,7,-4,6,2,-1,2,1,0,-3,-22,2,-11,9,2,0,-1,1,1,-1,1,5,-1
KR_6771624168,420,1,-54,5,3,0,0,0,6,3,9,-4,6,2,3,1,4,-2,2,0,0,2,210,-2,-3,5,1,0,0,-1,1,0,1,1,-1
KR_6770420829,420,-2,-21,-1,-3,-1,1,0,-3,4,1,-1,1,0,3,0,3,-1,2,1,0,-1,21,-2,-4,6,2,0,0,-1,-1,0,-1,2,-1
KR_6774633522,420,3,24,-9,10,2,1,3,2,4,6,7,0,7,0,4,4,-1,1,0,0,9,3,1,-6,5,-4,0,1,0,1,1,1,0,-1
KR_6769198704,420,-2,8,-23,0,-2,3,1,3,1,4,-6,6,0,5,1,6,0,0,0,0,2,-1,1,-7,6,-4,0,0,-1,1,1,1,3,-1
KR_6722824948,420,-1,-3,-11,1,-2,4,2,5,3,8,0,1,1,-4,6,2,2,1,3,0,5,19,1,-6,5,2,0,0,1,1,0,-1,5,-1
KR_6620170563,420,-6,-45,-15,-12,-2,4,2,-3,5,2,-3,3,0,-2,2,0,-2,2,0,0,-15,5,3,-8,5,-6,0,0,-1,-1,-1,-1,4,-1
KR_6761884579,420,0,-61,28,-6,1,1,2,-4,6,2,0,2,2,-2,4,2,-1,2,1,-2,-11,32,-3,-5,8,-1,0,-1,-1,-1,-1,-1,2,-1
KR_6763234896,420,0,-20,-37,2,-2,3,1,0,2,2,0,1,1,4,0,4,0,1,1,0,2,-5,0,-7,7,3,0,1,-1,1,1,1,1,-1
KR_6761961190,420,0,-17,-8,0,-2,3,1,1,4,5,-1,3,2,-2,3,1,4,0,4,2,13,-3,1,-7,6,-2,0,0,1,-1,0,1,5,-1
KR_6746277554,420,3,122,11,3,3,0,3,0,3,3,-1,4,3,1,2,3,0,1,1,0,-1,24,4,-6,2,2,0,0,1,1,1,-1,2,-1
KR_6775752696,440,0,-11,11,-5,4,0,4,2,1,3,-1,2,1,-4,4,0,-6,7,1,0,-5,-7,1,-4,3,3,0,-1,-1,-1,1,-1,1,-1
KR_6775692824,420,-6,-127,-24,-18,-4,5,1,-3,8,5,-5,5,0,-6,6,0,0,2,2,-2,-24,-54,-5,0,5,1,0,-1,-1,-1,-1,-1,5,-1
KR_6774376452,420,2,20,-13,3,0,5,5,2,2,4,1,3,4,0,3,3,0,0,0,0,4,18,1,-6,5,-1,0,1,-1,1,1,-1,3,-1
KR_6770760690,420,-2,-15,-28,-8,1,1,2,-4,5,1,-6,6,0,1,1,2,0,0,0,0,-19,6,-3,-3,6,0,0,0,-1,1,0,-1,6,-1
KR_6771546004,420,-2,2,3,0,1,0,1,-4,5,1,0,1,1,1,1,2,2,0,2,0,-3,8,-1,-5,6,1,0,0,1,1,0,1,6,-1
KR_6777602070,420,-5,-23,-18,-9,-6,7,1,-5,7,2,-3,5,2,3,3,6,2,2,4,0,-1,-4,-4,-4,8,2,0,-1,-1,-1,-1,1,4,-1
KR_6737050828,420,-1,-82,24,-10,-7,7,0,3,1,4,-3,5,2,-4,4,0,1,0,1,0,-17,-5,-4,-3,7,5,0,-3,-1,-1,-1,-1,1,-1
KR_6769907645,420,-2,-20,-4,-5,-1,2,1,0,1,1,-2,5,3,-1,3,2,-1,1,0,-2,-10,-11,-3,-4,7,0,0,0,-1,-1,-1,-1,4,-1
KR_6758930938,420,1,87,13,-1,2,1,3,0,3,3,-1,1,0,-3,5,2,1,0,1,0,3,8,-6,-2,8,-1,0,-1,-1,-1,-1,1,4,-1
KR_6765125460,420,1,-1,20,6,2,2,4,6,1,7,0,1,1,-2,3,1,0,2,2,0,8,-6,1,-5,4,2,0,0,1,1,1,-1,3,-1
KR_6777526847,440,-5,-44,-8,-10,-6,7,1,0,1,1,-1,4,3,0,1,1,-3,3,0,0,-8,7,-2,-6,8,-3,0,0,-1,-1,-1,1,2,-1
KR_6758839110,420,-2,-55,-24,-5,4,0,4,1,2,3,-4,5,1,0,3,3,-6,7,1,1,-12,-18,-6,-4,10,-4,0,-1,-1,1,-1,1,3,-1
KR_6771106417,420,-2,29,-10,-6,0,1,1,-4,6,2,0,1,1,-2,5,3,0,1,1,0,-3,2,2,-5,3,3,0,1,-1,1,1,1,4,-1
KR_6754911972,420,-5,-69,-13,-12,0,2,2,-1,3,2,-3,4,1,-11,12,1,3,0,3,-1,-18,239,-2,-4,6,1,0,-2,-1,-1,-1,-1,2,-1
KR_6761939534,440,-2,37,27,-3,1,0,1,0,1,1,-1,2,1,1,2,3,-4,4,0,0,-4,-7,-2,-6,8,0,0,1,0,1,1,1,0,-1
KR_6730214505,420,-1,6,11,-7,0,0,0,2,2,4,0,4,4,-6,7,1,-3,3,0,-3,-13,-3,-2,-6,8,4,0,-1,-1,-1,-1,-1,5,-1
KR_6772447867,420,-4,-33,-8,1,4,1,5,0,3,3,0,3,3,-3,3,0,0,1,1,0,5,-4,3,-7,4,2,0,0,-1,1,0,-1,6,-1
KR_6770897391,420,-4,-17,-44,-10,-2,2,0,1,2,3,-5,5,0,-2,3,1,-2,5,3,-1,-1,27,3,-7,4,4,0,-3,-1,-1,-1,-1,3,-1
KR_6775310820,420,0,-28,18,2,-2,2,0,0,2,2,-3,6,3,0,1,1,7,0,7,-2,-2,9,4,-10,6,1,0,0,1,1,-1,-1,4,-1
KR_6774546504,420,0,-14,5,-2,-5,5,0,-2,3,1,-4,5,1,10,0,10,-1,1,0,0,2,9,4,-9,5,-2,0,0,-1,-1,-1,-1,1,-1
KR_6754246703,420,0,-33,-33,-4,-1,1,0,-1,3,2,-1,1,0,0,1,1,-1,1,0,0,-4,-12,0,-7,7,-5,0,-2,1,-1,-1,-1,5,-1
KR_6775675613,420,-5,-39,-7,-12,-1,2,1,-1,1,0,-1,1,0,-8,10,2,-1,1,0,0,-13,-46,3,-6,3,-4,0,-2,-1,0,-1,1,6,-1
KR_6769386416,420,1,43,-4,0,0,1,1,-5,9,4,-3,3,0,6,0,6,2,0,2,1,3,-10,1,-6,5,1,0,1,-1,1,1,1,4,-1
KR_6704492576,420,2,26,-29,3,3,0,3,-2,2,0,3,0,3,0,2,2,-1,1,0,0,1,-11,-3,-5,8,3,0,0,-1,1,0,-1,6,-1
KR_6770207013,420,1,17,-8,2,1,0,1,-1,6,5,-2,4,2,0,3,3,4,0,4,0,-2,5,3,-10,7,-7,0,0,1,1,0,1,2,-1
KR_6749240568,420,-4,-19,-8,-6,-1,1,0,0,1,1,1,0,1,-5,5,0,-1,1,0,0,-7,-7,-3,-2,5,-2,0,0,-1,-1,-1,1,6,-1
KR_6772495579,420,2,89,-15,3,4,1,5,-5,6,1,-2,2,0,4,3,7,2,0,2,2,-1,18,-1,-7,8,-7,0,0,-1,-1,1,1,4,-1
KR_6738155599,420,-2,6,-23,-9,-6,6,0,3,0,3,-1,4,3,-5,8,3,0,1,1,0,-6,-59,0,-6,6,-2,0,0,-1,1,0,-1,2,-1
KR_6771114306,440,-3,-26,22,2,-1,2,1,-2,6,4,3,1,4,1,3,4,1,1,2,0,5,-8,-5,-3,8,7,0,-1,-1,1,-1,1,2,-1
KR_6749115606,420,-1,2,0,2,-1,3,2,1,1,2,4,1,5,1,3,4,-3,3,0,0,0,20,3,-6,3,-3,0,2,1,1,1,1,4,-1
KR_6770878419,420,1,37,-9,1,2,2,4,0,3,3,1,1,2,-2,7,5,0,0,0,0,0,-61,-6,-5,11,28,0,2,-1,1,1,1,6,-1
KR_6773940820,420,-1,26,-4,-13,-3,3,0,-2,2,0,0,4,4,-5,5,0,-3,4,1,0,-13,-3,-2,-4,6,0,0,-2,-1,-1,-1,-1,5,-1
KR_6770061093,420,-2,-52,-34,-11,-3,3,0,-3,8,5,-2,5,3,-2,2,0,-1,3,2,-2,-18,7,4,-8,4,-4,0,-3,-1,-1,-1,-1,3,-1
KR_6769831169,440,1,31,15,1,5,2,7,-2,2,0,1,1,2,-5,8,3,2,0,2,0,-8,0,-1,-4,5,0,0,0,0,-1,1,-1,0,-1
KR_6692716224,420,2,-36,16,-2,-5,6,1,2,3,5,-2,3,1,3,6,9,0,0,0,0,9,24,-5,-4,9,2,0,-1,1,-1,-1,-1,4,-1
KR_6769148370,420,1,23,5,-1,1,1,2,-5,5,0,8,0,8,-6,6,0,1,0,1,-2,-19,-3,2,-6,4,1,0,1,-1,1,1,-1,4,-1
KR_6743036615,420,-1,34,-4,-4,-1,2,1,2,4,6,-1,3,2,-6,6,0,2,0,2,0,-7,26,-2,-3,5,3,0,0,-1,-1,1,1,3,-1
KR_6734252003,420,-1,2,21,-13,-1,5,4,-4,7,3,-1,3,2,-7,9,2,0,0,0,0,-28,29,2,-7,5,-12,0,-1,-1,1,1,1,4,-1
KR_6776446006,420,-3,-38,-13,-7,-5,5,0,0,1,1,-2,2,0,1,1,2,-1,2,1,0,-11,-23,-4,-1,5,-1,0,-1,-1,-1,-1,1,5,-1
KR_6772341521,420,1,-2,-11,0,-2,4,2,3,1,4,-4,5,1,2,3,5,1,1,2,0,4,-6,1,-6,5,-7,0,-2,-1,-1,-1,1,3,-1
KR_6756992551,420,-1,-58,-19,-2,3,0,3,-2,3,1,1,0,1,-4,4,0,0,1,1,0,-4,-42,-2,-5,7,1,0,0,-1,1,1,1,5,-1
KR_6601029626,420,1,-23,-12,2,-4,5,1,-3,6,3,2,1,3,3,0,3,4,1,5,0,-6,-20,1,-5,4,2,0,1,-1,1,1,-1,5,-1
KR_6776467468,420,1,16,-1,1,-2,3,1,-1,2,1,0,3,3,3,2,5,1,1,2,-1,11,19,2,-10,8,3,0,1,1,-1,-1,-1,2,-1
KR_6769939329,420,0,30,-5,-6,1,1,2,-1,6,5,0,2,2,-5,5,0,-1,2,1,0,-14,-48,-7,-4,11,24,0,-1,-1,1,-1,1,1,-1
KR_6744171795,420,-5,-91,-3,-11,-3,5,2,-2,4,2,-4,4,0,-2,2,0,0,1,1,0,-15,131,-2,-3,5,-18,0,-1,-1,-1,-1,-1,4,-1
KR_6766842311,420,-3,-14,7,-4,1,0,1,-4,6,2,-1,3,2,-1,3,2,1,3,4,1,-7,-3,1,-4,3,-2,0,0,-1,1,-1,1,2,-1
KR_6669645065,420,-1,30,-6,-3,0,2,2,0,1,1,1,0,1,-4,8,4,0,2,2,-1,-10,-6,-6,-5,11,4,0,-1,1,-1,-1,-1,6,-1
KR_6773635608,420,1,-46,23,1,-4,4,0,1,3,4,0,3,3,3,1,4,1,1,2,0,6,-9,1,-6,5,-5,0,0,1,-1,0,1,5,-1
KR_6772077150,420,-3,-34,34,-2,0,1,1,2,5,7,0,5,5,-3,4,1,-1,1,0,0,0,2,-2,-5,7,5,0,0,-1,1,1,1,4,-1
KR_6738766406,420,-2,48,-3,-3,-1,6,5,-2,3,1,-1,3,2,1,5,6,0,0,0,-1,0,4,-4,-4,8,0,0,0,-1,1,1,-1,5,-1
KR_6702925712,420,-1,-1,-12,-5,0,1,1,-3,4,1,-6,6,0,3,0,3,1,0,1,1,-7,-2,3,-6,3,4,0,0,-1,-1,-1,1,4,-1
KR_6759878720,420,-5,-24,-8,-7,-2,3,1,-3,3,0,-1,2,1,-1,4,3,0,4,4,0,-6,-51,-3,-4,7,29,0,0,1,-1,-1,-1,3,-1
KR_6716528793,420,-3,0,-10,-1,0,1,1,-4,6,2,2,1,3,-2,2,0,3,0,3,0,-5,-1,3,-6,3,-4,0,0,1,-1,-1,1,5,-1
KR_6729992457,420,0,-21,-6,7,0,1,1,1,7,8,0,1,1,5,1,6,1,2,3,1,8,3,4,-8,4,0,0,0,1,-1,0,-1,6,-1
KR_6777069203,420,2,0,-5,0,0,3,3,2,2,4,2,1,3,-1,2,1,-3,4,1,0,8,8,5,-8,3,-6,0,0,-1,1,-1,-1,5,-1
KR_6743263361,420,-2,-46,-12,-6,1,2,3,-2,4,2,-2,3,1,-3,4,1,0,0,0,0,-10,-3,-2,-4,6,0,0,-1,-1,-1,-1,-1,4,-1
KR_6752412098,420,-2,-76,-7,-8,0,2,2,-2,4,2,0,1,1,-6,8,2,0,0,0,0,-6,-13,0,-5,5,3,0,0,-1,-1,-1,-1,2,-1
KR_6761785987,420,1,-52,28,6,-2,3,1,-2,5,3,0,1,1,8,0,8,2,2,4,0,7,-3,-2,-5,7,4,0,0,1,1,0,1,4,-1
KR_6698864296,420,-1,-20,-4,-3,1,0,1,-2,2,0,4,1,5,-5,6,1,-1,2,1,0,-1,35,-1,-6,7,1,0,-1,-1,1,-1,-1,3,-1
KR_6760988824,420,-1,4,12,4,-4,4,0,2,2,4,5,0,5,1,2,3,0,1,1,0,4,0,2,-8,6,1,0,0,1,1,0,1,2,-1
KR_6745076493,420,-1,-5,-4,-7,1,1,2,0,2,2,0,2,2,-6,7,1,-2,2,0,-1,-6,140,-2,-5,7,2,0,0,-1,-1,-1,-1,1,-1
KR_6764923879,420,-4,-41,-15,-9,-1,2,1,-2,3,1,-1,2,1,-5,5,0,0,0,0,0,-9,-11,-4,-4,8,-4,0,-2,-1,-1,-1,-1,6,-1
KR_6769995256,440,-2,28,-20,-3,-3,3,0,-2,2,0,2,1,3,3,1,4,-3,3,0,0,-5,-27,-2,-5,7,3,0,0,0,1,0,-1,0,-1
KR_6758175114,420,-3,31,-34,1,-3,3,0,1,1,2,0,2,2,2,0,2,1,0,1,0,3,1,-2,-5,7,1,0,0,1,-1,0,-1,3,-1
KR_6771578841,420,-2,-39,3,3,-3,3,0,5,5,10,0,5,5,0,3,3,1,0,1,0,2,0,-1,-4,5,0,0,-2,-1,-1,-1,1,6,-1
KR_6772688802,420,0,19,14,5,4,3,7,-1,3,2,1,1,2,-1,3,2,2,3,5,-1,-2,3,2,-5,3,1,0,0,-1,-1,-1,1,3,-1
KR_6773637802,420,0,-26,4,-1,-1,3,2,-1,4,3,1,2,3,-1,3,2,1,0,1,0,0,9,1,-4,3,-3,0,-1,-1,1,-1,-1,3,-1
KR_6753906939,420,-5,-37,7,-10,-4,5,1,-2,5,3,-3,3,0,-1,3,2,0,0,0,1,-2,14,-3,-1,4,1,0,0,-1,-1,-1,1,6,-1
KR_6697672656,420,-3,-37,-26,-3,-2,4,2,1,4,5,-1,1,0,1,1,2,-2,2,0,0,-1,2,3,-6,3,-2,0,-1,1,-1,-1,-1,2,-1
KR_6736717360,420,3,38,-7,7,1,1,2,1,2,3,4,0,4,-1,2,1,2,0,2,0,8,-35,-1,-7,8,22,0,0,-1,-1,0,1,3,-1
KR_6777465625,420,-2,-30,-12,2,1,0,1,3,0,3,-3,6,3,0,3,3,1,2,3,2,5,-124,0,-8,8,0,0,0,-1,1,-1,1,2,-1
KR_6775619202,420,0,-46,-4,5,-1,2,1,3,2,5,0,3,3,4,1,5,-1,1,0,0,17,-3,3,-9,6,5,0,-1,1,-1,-1,1,6,-1
KR_6776066428,420,-1,-91,13,6,6,1,7,2,3,5,3,0,3,2,1,3,-7,8,1,-2,2,-8,-4,-2,6,2,0,-1,1,1,-1,-1,6,-1
KR_6741973902,420,-2,18,-14,-8,3,2,5,-3,4,1,-7,7,0,-2,4,2,1,2,3,-1,-15,-12,-4,-6,10,-4,0,-1,-1,-1,-1,-1,5,-1
KR_6716942511,420,0,-10,24,-5,0,2,2,2,5,7,-5,7,2,-1,2,1,-1,2,1,0,4,5,0,-6,6,2,0,0,1,1,1,-1,2,-1
KR_6752025484,420,-1,11,12,-6,3,0,3,-2,4,2,0,2,2,-4,9,5,-3,4,1,0,-9,0,-3,-5,8,3,0,-1,1,-1,-1,-1,4,-1
KR_6751426664,420,-3,-55,9,-6,0,5,5,-1,3,2,-2,3,1,-4,6,2,1,2,3,-1,1,2,-1,-5,6,2,0,0,-1,1,-1,-1,1,-1
KR_6761868703,420,3,22,24,2,1,2,3,2,3,5,0,2,2,-1,2,1,0,0,0,0,2,-48,2,-5,3,14,0,0,-1,1,0,-1,3,-1
KR_6768038482,420,-3,-25,-9,-11,-3,3,0,-7,11,4,1,5,6,-2,2,0,0,0,0,0,-9,-4,-2,-5,7,5,0,-2,-1,-1,-1,1,5,-1
KR_6693855581,420,-3,-32,0,-8,-5,6,1,0,3,3,-6,6,0,4,1,5,-1,3,2,0,-4,-9,-2,-6,8,-3,0,-1,1,-1,1,-1,3,-1
KR_6755014843,420,2,29,16,-1,-4,6,2,-2,2,0,2,2,4,0,1,1,3,0,3,-2,1,5,-1,-5,6,-2,0,0,-1,-1,0,-1,1,-1
KR_6768250748,420,-1,20,12,0,1,2,3,3,1,4,3,1,4,-7,7,0,0,2,2,-1,-5,0,-2,-5,7,0,0,0,1,1,0,-1,5,-1
KR_6763396635,440,-6,-77,23,-12,-3,5,2,-6,6,0,-4,5,1,2,0,2,-1,1,0,0,-10,-179,-2,-6,8,5,0,0,1,-1,-1,1,6,-1
KR_6764665331,440,0,57,11,3,-1,3,2,4,3,7,3,0,3,-2,4,2,-1,1,0,0,1,-18,-2,-4,6,5,0,0,-1,1,0,1,2,-1
KR_6727651906,440,2,-30,1,0,4,0,4,-1,2,1,-4,4,0,0,3,3,1,0,1,0,2,123,5,-9,4,-5,0,-1,1,-1,-1,-1,3,-1
KR_6769406758,420,-3,-35,-48,-5,-3,3,0,-1,4,3,0,2,2,-1,3,2,0,2,2,0,-1,-13,3,-9,6,8,0,-1,-1,-1,-1,-1,4,-1
KR_6634282904,420,-3,-63,-19,-8,2,1,3,-2,3,1,-1,2,1,-7,8,1,0,0,0,0,-6,-9,-5,-7,12,0,0,-1,-1,-1,-1,-1,1,-1
KR_6756090195,420,1,5,36,0,-1,1,0,2,3,5,-5,6,1,6,1,7,-2,3,1,1,6,9,2,-10,8,-2,0,1,1,-1,1,1,6,-1
KR_6692818587,420,-2,-8,-8,-2,-2,2,0,1,3,4,4,2,6,-7,7,0,2,2,4,0,-8,-17,-7,-2,9,-2,0,-1,1,1,-1,-1,4,-1
KR_6773779352,420,4,48,6,6,1,1,2,2,1,3,0,0,0,0,2,2,3,0,3,0,5,-13,0,-4,4,2,0,2,1,1,1,1,3,-1
KR_6771120493,420,-2,0,4,-7,0,3,3,-2,3,1,-5,6,1,-3,4,1,3,0,3,1,-7,-9,-2,-4,6,-2,0,0,1,-1,-1,1,2,-1
KR_6755858038,420,-1,-57,21,0,1,2,3,-2,4,2,0,1,1,-1,5,4,2,0,2,0,-1,17,-1,-6,7,5,0,1,-1,-1,-1,1,6,-1
KR_6738027620,420,-3,-81,-21,-4,-2,2,0,-3,3,0,0,3,3,2,2,4,-1,2,1,0,3,-40,4,-7,3,0,0,0,-1,-1,0,1,1,-1
KR_6691200045,420,0,-40,-36,3,-2,2,0,3,1,4,2,1,3,3,0,3,-3,4,1,0,-4,-85,2,-8,6,4,0,0,-1,1,0,1,6,-1
KR_6730673328,420,-2,117,-4,-5,3,1,4,1,1,2,-2,2,0,-4,5,1,-3,4,1,0,-10,1,1,-6,5,-3,0,1,-1,1,1,1,3,-1
KR_6769240985,420,-3,-27,-8,-7,-2,4,2,-7,8,1,0,2,2,0,1,1,2,0,2,0,-8,-5,-3,-5,8,0,0,0,0,1,0,-1,0,-1
KR_6776443440,420,3,1,-28,11,2,2,4,3,2,5,3,1,4,1,0,1,2,0,2,0,14,-56,2,-6,4,27,0,2,1,1,1,1,2,-1
KR_6729130041,420,-4,-54,-35,-5,2,0,2,-4,5,1,-1,6,5,0,3,3,-2,2,0,0,1,-42,0,-7,7,29,0,-2,1,-1,-1,-1,3,-1
KR_6675662317,420,-5,-57,-12,-10,-5,6,1,-3,4,1,-2,3,1,0,3,3,0,4,4,-1,-7,-6,-2,-5,7,-3,0,-3,-1,-1,-1,-1,6,-1
KR_6775863277,420,-2,-47,-49,-4,2,0,2,-3,4,1,-1,4,3,-2,3,1,0,1,1,-1,-2,1,-4,0,4,3,0,0,-1,1,0,-1,5,-1
KR_6773342708,420,0,-6,41,0,1,0,1,-4,5,1,0,2,2,0,3,3,3,0,3,0,-3,-7,-3,-3,6,5,0,0,-1,-1,0,-1,1,-1
KR_6769658685,420,0,11,-8,-2,1,1,2,-4,5,1,2,1,3,-1,2,1,0,0,0,0,1,12,1,-8,7,0,0,2,-1,1,1,-1,5,-1
KR_6771395507,440,3,18,16,6,-3,5,2,3,1,4,1,2,3,5,0,5,0,0,0,0,16,-1,-3,-3,6,3,0,1,1,-1,-1,1,4,-1
KR_6709686830,420,3,30,22,0,-1,3,2,4,4,8,1,1,2,-4,6,2,0,2,2,0,-1,6,-7,-4,11,1,0,-1,1,-1,-1,-1,5,-1
KR_6774511110,420,-3,14,-21,-3,-1,2,1,0,2,2,-4,5,1,-1,3,2,3,0,3,0,-1,16,5,-6,1,-5,0,0,-1,1,1,-1,2,-1
KR_6769875158,420,-2,2,2,-4,-1,4,3,1,2,3,-2,3,1,0,1,1,-2,2,0,0,-3,25,3,-9,6,0,0,0,-1,1,0,-1,4,-1
KR_6759106187,420,-2,-22,-7,-2,-1,4,3,2,1,3,4,0,4,-4,5,1,-3,3,0,-1,3,8,-2,-6,8,5,0,-1,1,-1,-1,-1,5,-1
KR_6775776199,420,0,-4,-9,-1,3,0,3,-4,5,1,-2,5,3,1,0,1,1,0,1,0,-1,-33,3,-8,5,3,0,0,-1,1,0,1,2,-1
KR_6604108898,420,-1,-24,-28,-8,-6,6,0,-3,4,1,-2,4,2,5,2,7,-2,2,0,0,-2,-2,-4,-5,9,-3,0,1,-1,-1,1,-1,6,-1
KR_6753857178,420,0,-47,-41,0,-1,4,3,2,4,6,0,2,2,-1,6,5,0,1,1,0,-8,112,-2,-6,8,-3,0,0,0,-1,-1,1,0,-1
KR_6777379629,420,-4,21,-37,-4,-2,3,1,1,2,3,-6,6,0,4,3,7,-1,2,1,1,-4,-6,-1,-6,7,3,0,0,1,1,-1,1,3,-1
KR_6775595114,420,1,24,6,2,-1,3,2,3,0,3,0,1,1,-1,3,2,1,0,1,0,0,0,1,-8,7,4,0,0,1,-1,1,1,3,-1
KR_6547103417,420,-7,-49,-13,-14,3,0,3,1,5,6,-3,4,1,-8,9,1,-7,8,1,1,-19,-39,-4,-3,7,-1,0,-4,1,-1,-1,1,5,-1
KR_6730283187,420,0,39,-1,1,-1,2,1,3,2,5,1,1,2,2,3,5,-4,6,2,0,-1,24,1,-8,7,4,0,0,1,1,0,-1,1,-1
KR_6770397174,420,-3,1,-40,-4,1,0,1,-5,6,1,0,0,0,-2,2,0,2,1,3,0,-5,-1,1,-8,7,1,0,0,-1,1,0,-1,3,-1
KR_6775752203,420,0,-73,-8,1,-1,2,1,1,2,3,1,1,2,-1,4,3,1,0,1,0,8,3,2,-8,6,1,0,-1,-1,-1,-1,1,5,-1
KR_6642892713,420,-2,8,11,1,1,2,3,2,3,5,-2,4,2,0,2,2,0,2,2,1,0,-1,4,-9,5,2,0,0,1,-1,-1,1,5,-1
KR_6714943424,420,-3,-47,1,-16,-5,6,1,-1,3,2,-4,4,0,-5,6,1,-1,1,0,0,-12,-3,-1,-5,6,2,0,-2,1,-1,-1,-1,3,-1
KR_6775796326,420,-1,-11,19,-8,-3,3,0,-2,3,1,-2,2,0,-2,2,0,1,1,2,0,-16,-7,-5,-5,10,-1,0,-1,-1,1,-1,-1,2,-1
KR_6772913220,420,-2,-20,0,-7,-1,1,0,-4,5,1,-4,6,2,2,1,3,0,1,1,0,-13,3,4,-8,4,0,0,0,-1,-1,-1,1,2,-1
KR_6775661143,420,-1,-49,-15,-5,-3,6,3,-1,2,1,-2,2,0,-1,4,3,2,0,2,-3,-4,47,-2,-6,8,-5,0,-1,1,-1,-1,-1,3,-1
KR_6774803298,420,0,12,20,-4,0,4,4,3,1,4,-3,5,2,-3,6,3,-1,1,0,1,-10,0,0,-5,5,-3,0,1,1,1,1,1,6,-1
KR_6742040980,420,-3,-26,-16,-10,-3,4,1,-2,7,5,-2,5,3,-2,2,0,-1,2,1,0,-9,-16,-4,-3,7,-2,0,0,1,-1,1,-1,2,-1
KR_6725564487,420,-3,-4,18,-7,-8,8,0,-5,10,5,-1,5,4,5,0,5,2,2,4,-1,-2,-7,-6,-6,12,5,0,-3,-1,-1,-1,-1,6,-1
KR_6746322733,420,-6,-64,-30,-12,-1,3,2,-2,3,1,-4,4,0,-3,3,0,-2,2,0,0,-8,86,-2,-3,5,2,0,-3,-1,-1,-1,-1,1,-1
KR_6770261472,440,-3,-56,34,-15,2,1,3,-2,3,1,-2,3,1,0,2,2,-13,13,0,0,-11,32,-2,-3,5,-11,0,-2,1,-1,-1,-1,4,-1
KR_6695393920,420,1,52,4,0,0,2,2,7,0,7,-3,4,1,-4,7,3,0,0,0,0,-6,-33,3,-9,6,4,0,2,-1,1,1,-1,5,-1
KR_6770684853,420,-3,17,-20,-7,0,2,2,-3,4,1,-1,1,0,-3,4,1,0,0,0,0,-11,1,-5,-3,8,-4,0,-1,1,1,-1,-1,6,-1
KR_6744966453,420,-4,-7,-10,-9,-2,4,2,-2,4,2,1,1,2,-3,4,1,-3,3,0,0,-20,86,-2,-7,9,2,0,-1,-1,-1,-1,-1,3,-1
KR_6771463426,420,-1,5,-4,-1,3,0,3,1,2,3,-1,2,1,-3,3,0,-1,3,2,0,1,-1,-2,-4,6,-1,0,-1,-1,-1,-1,1,5,-1
KR_6709062976,420,0,-27,27,6,1,2,3,-1,6,5,2,0,2,0,1,1,4,0,4,0,4,-7,-5,-5,10,1,0,0,-1,1,0,1,1,-1
KR_6772027517,420,2,-6,12,2,0,1,1,0,0,0,4,1,5,-2,2,0,0,1,1,0,2,149,3,-8,5,4,0,0,1,-1,0,1,1,-1
KR_6736052292,420,-1,-51,-8,-3,-4,4,0,1,3,4,-2,2,0,5,0,5,-3,4,1,-2,-6,-2,1,-8,7,0,0,-1,-1,-1,-1,-1,5,-1
KR_6757847184,420,-2,0,-21,3,-1,2,1,1,1,2,2,0,2,1,3,4,0,1,1,0,5,-40,0,-5,5,21,0,-2,-1,-1,-1,1,2,-1
KR_6777754809,420,0,-62,19,-7,-4,4,0,-2,7,5,0,1,1,0,4,4,-1,1,0,0,-9,-1,-6,-4,10,4,0,-1,-1,-1,-1,-1,4,-1
KR_6765711528,420,-1,-47,-20,-5,-3,3,0,0,3,3,-1,2,1,-1,6,5,0,3,3,1,-3,-2,1,-8,7,-9,0,0,-1,-1,-1,1,6,-1
KR_6751459648,420,-4,-19,-8,-9,-1,3,2,-2,3,1,-3,4,1,-2,2,0,-1,1,0,0,-16,4,0,-7,7,0,0,-1,1,-1,-1,-1,3,-1
KR_6753355963,420,2,40,34,-1,2,2,4,-2,5,3,-2,3,1,1,1,2,0,1,1,0,1,1,-2,-3,5,2,0,1,1,0,1,1,3,-1
KR_6752024766,420,-4,-80,-8,-8,-2,3,1,-2,3,1,-2,3,1,0,1,1,-2,2,0,0,-7,29,6,-11,5,-9,0,0,-1,1,-1,-1,2,-1
KR_6762601974,420,-4,-27,-13,-11,-1,5,4,-4,4,0,-2,2,0,-2,2,0,-2,2,0,0,-14,-14,-1,-2,3,-3,0,-2,-1,-1,-1,-1,4,-1
KR_6776014301,420,1,38,35,-3,1,0,1,-2,3,1,-4,7,3,2,0,2,0,0,0,0,-1,-8,-4,-4,8,5,0,0,-1,-1,0,-1,5,-1
KR_6742998718,420,0,-25,10,4,2,2,4,-2,4,2,1,5,6,2,1,3,1,2,3,0,6,-2,2,-7,5,-1,0,0,-1,-1,-1,-1,3,-1
KR_6770586413,420,-1,-71,-12,0,0,3,3,3,0,3,0,2,2,-3,4,1,0,0,0,0,-2,-3,3,-9,6,-3,0,0,-1,0,-1,-1,5,-1
KR_6747746944,420,-1,22,-8,-6,1,2,3,-4,5,1,-5,5,0,3,2,5,-1,3,2,-2,-15,5,-2,-4,6,3,0,1,1,1,1,-1,4,-1
KR_6722068298,420,2,-29,-36,9,0,0,0,3,1,4,0,1,1,1,1,2,5,1,6,0,10,-1,2,-5,3,2,0,0,0,1,0,1,0,-1
KR_6749588653,420,0,28,-8,-3,-1,3,2,0,1,1,-1,5,4,0,2,2,-1,1,0,0,5,-58,0,-7,7,2,0,-2,1,-1,-1,-1,4,-1
KR_6742650500,420,0,48,23,-1,2,0,2,-3,5,2,1,2,3,-2,7,5,1,2,3,0,-6,15,-1,-5,6,-3,0,1,0,1,1,1,0,-1
KR_6775897989,420,0,8,8,-3,-4,4,0,3,0,3,-2,3,1,-1,3,2,1,1,2,0,6,2,-2,-4,6,-2,0,0,1,-1,0,-1,6,-1
KR_6762327396,420,-1,-94,42,2,2,1,3,4,0,4,-3,6,3,-1,5,4,0,0,0,-1,5,-38,1,-8,7,0,0,0,1,1,-1,-1,4,-1
KR_6641427883,420,-6,-4,-43,-13,-3,3,0,-6,7,1,-4,4,0,0,2,2,0,2,2,-1,-9,3,0,-7,7,-2,0,0,-1,-1,-1,-1,6,-1
KR_6743515521,420,-4,-27,-38,-7,1,1,2,-6,8,2,0,2,2,0,1,1,-2,2,0,1,-11,-1,1,-6,5,-1,0,0,-1,-1,-1,1,1,-1
KR_6771732649,440,-2,69,1,-6,0,3,3,2,1,3,-2,4,2,-6,7,1,0,1,1,0,-7,-1,-3,-4,7,-2,0,1,1,1,1,1,2,-1
KR_6753235713,420,-2,-22,1,-3,-1,2,1,0,2,2,1,4,5,-2,3,1,-1,1,0,0,-9,5,6,-8,2,-1,0,-1,1,1,-1,-1,5,-1
KR_6744415905,420,0,-8,0,-5,3,1,4,-8,10,2,6,1,7,0,2,2,-6,7,1,-4,-21,-17,4,-7,3,-4,0,0,-1,0,1,-1,3,-1
KR_6764825595,420,6,15,11,8,0,1,1,-1,2,1,4,1,5,3,1,4,2,1,3,0,8,6,2,-4,2,-1,0,0,0,-1,1,-1,0,-1
KR_6758889695,420,2,-13,15,3,-4,4,0,3,2,5,1,1,2,3,1,4,0,0,0,0,11,-104,4,-6,2,-1,0,0,1,0,0,-1,3,-1
KR_6775924052,420,-3,-40,-19,-6,2,0,2,-2,5,3,2,2,4,-3,4,1,-5,6,1,0,-6,-35,-2,-4,6,2,0,0,-1,1,0,-1,3,-1
KR_6752400338,420,-3,-56,-8,-3,-7,8,1,2,2,4,1,2,3,1,1,2,0,1,1,0,4,-3,-5,-6,11,0,0,-2,1,-1,-1,-1,3,-1
KR_6758844654,420,-2,18,2,1,4,0,4,0,2,2,-12,17,5,7,1,8,2,0,2,-1,-15,5,-2,-5,7,1,0,-1,-1,-1,1,-1,3,-1
KR_6767362284,420,-1,-9,0,3,-5,5,0,3,1,4,6,3,9,-1,1,0,0,2,2,0,3,-5,-2,-3,5,1,0,0,1,-1,1,1,6,-1
KR_6771016689,420,-1,-58,-44,-6,-1,4,3,-1,2,1,-4,4,0,-1,2,1,1,0,1,0,-7,-6,-2,-6,8,-1,0,-1,-1,-1,-1,-1,4,-1
KR_6710926501,420,-4,-17,-15,-4,1,1,2,-2,6,4,-2,4,2,-1,2,1,0,3,3,0,-12,11,6,-9,3,-2,0,2,-1,1,1,1,6,-1
KR_6752391719,420,-2,-62,20,-2,-2,2,0,0,2,2,-1,2,1,0,0,0,1,0,1,0,-1,7,0,-6,6,0,0,0,1,1,0,1,6,-1
KR_6770997521,420,0,-106,7,-1,-8,10,2,-4,4,0,0,5,5,10,0,10,1,0,1,0,8,-2,0,-10,10,-2,0,-2,1,-1,-1,1,5,-1
KR_6770951718,420,-3,-4,-2,-11,-1,3,2,-1,4,3,-7,7,0,-3,5,2,1,1,2,0,-11,-9,-4,-3,7,-1,0,0,-1,-1,-1,-1,3,-1
KR_6764173011,420,2,80,-20,-1,2,0,2,-4,5,1,2,3,5,0,4,4,-1,1,0,0,-16,-12,-2,-7,9,4,0,1,-1,-1,1,-1,2,-1
KR_6758605533,420,-3,44,-25,-8,3,3,6,2,0,2,-5,5,0,-5,5,0,-3,3,0,0,-10,-1,-4,-2,6,1,0,-1,-1,-1,-1,-1,4,-1
KR_6754265926,420,3,15,2,0,-2,4,2,-4,4,0,2,1,3,2,1,3,2,0,2,0,-1,-9,2,-8,6,9,0,-1,1,-1,-1,1,5,-1
KR_6776859371,420,-1,7,-17,-4,-1,5,4,-2,4,2,-2,3,1,0,3,3,1,0,1,0,-6,-11,-4,-4,8,5,0,0,-1,-1,-1,-1,3,-1
KR_6767562406,420,3,96,1,4,1,2,3,6,1,7,1,4,5,-4,6,2,0,0,0,0,-1,44,-7,-1,8,-23,0,0,0,1,1,1,0,-1
KR_6767763277,420,0,-80,-6,1,0,1,1,2,3,5,-2,4,2,1,4,5,0,3,3,2,14,10,2,-7,5,-4,0,-2,1,-1,-1,1,6,-1
KR_6697258047,420,-3,-28,-40,-8,-3,5,2,-4,8,4,-3,3,0,2,1,3,0,1,1,-1,-6,22,-5,-6,11,4,0,1,-1,-1,1,-1,6,-1
KR_6477465132,420,1,-17,-7,-1,-1,3,2,0,2,2,0,2,2,1,0,1,-1,1,0,0,0,0,2,-10,8,-4,0,1,1,-1,1,-1,3,-1
KR_6673015834,440,-4,-104,-15,-11,-2,4,2,-1,8,7,-3,4,1,-5,6,1,0,1,1,-2,-13,-3,-1,-5,6,1,0,0,-1,1,-1,-1,3,-1
KR_6746726887,420,-3,-30,-37,-6,0,2,2,-2,5,3,-1,1,0,-3,4,1,0,0,0,0,-10,-3,-5,-2,7,-3,0,0,1,-1,-1,1,2,-1
KR_6777738520,420,-2,1,0,-9,-1,2,1,0,2,2,3,1,4,-9,9,0,-2,2,0,0,-15,45,5,-9,4,-22,0,0,-1,1,-1,-1,5,-1
KR_6739577584,420,0,-45,-17,-6,3,0,3,-4,6,2,-4,5,1,-1,5,4,0,1,1,0,-3,10,3,-7,4,-5,0,0,1,1,0,-1,4,-1
KR_6756999223,420,-3,-77,4,-5,2,0,2,-3,4,1,-1,3,2,-1,3,2,-2,2,0,0,-6,7,3,-9,6,-10,0,-1,1,-1,-1,-1,4,-1
KR_6749538854,420,-3,-14,-20,-9,-2,2,0,-2,4,2,0,2,2,-4,6,2,-1,1,0,0,-11,16,2,-3,1,-1,0,-1,-1,-1,-1,-1,1,-1
KR_6773182302,420,-1,-19,-8,-2,-1,2,1,2,3,5,-1,2,1,-4,6,2,2,1,3,0,-4,20,3,-5,2,-7,0,0,-1,-1,0,-1,3,-1
KR_6724916034,420,0,69,-2,-1,-2,2,0,4,4,8,-2,3,1,0,2,2,-1,2,1,-2,-5,-3,1,-6,5,0,0,1,1,-1,1,-1,4,-1
KR_6737920915,420,-3,-70,-32,-1,0,1,1,0,4,4,1,1,2,-1,2,1,-1,1,0,0,-3,17,5,-8,3,-9,0,0,-1,-1,0,1,6,-1
KR_6773306881,440,-6,-40,-18,-13,-3,5,2,2,0,2,-2,3,1,-6,7,1,-4,4,0,0,-5,-4,1,-7,6,1,0,-1,0,-1,-1,-1,0,-1
KR_6776176630,420,-4,-70,-12,-5,-2,3,1,-2,4,2,0,0,0,-3,3,0,2,0,2,0,-8,87,1,-5,4,-1,0,0,-1,1,0,-1,2,-1
KR_6759609328,420,-3,-27,10,-2,-1,2,1,3,2,5,0,3,3,-3,3,0,-1,1,0,0,-7,-8,-3,-4,7,1,0,1,-1,1,1,-1,5,-1
KR_6742107500,420,-2,-51,-47,-2,-1,2,1,-2,4,2,0,1,1,2,3,5,-1,1,0,0,-5,-26,2,-11,9,-7,0,0,-1,1,1,-1,4,-1
KR_6764390720,420,-5,-75,-24,-7,-3,6,3,-2,4,2,-2,3,1,-2,3,1,2,2,4,1,-1,7,0,-5,5,-3,0,-3,-1,-1,-1,1,6,-1
KR_6737702979,420,-3,-18,6,-7,3,0,3,-5,9,4,-2,4,2,-3,4,1,0,0,0,0,-13,3,-4,-3,7,-6,0,0,1,1,1,1,3,-1
KR_6763041767,420,0,-71,2,-2,2,0,2,-2,4,2,-3,5,2,-1,2,1,2,0,2,-1,-3,-3,2,-7,5,-5,0,-1,-1,1,-1,-1,3,-1
KR_6773272629,420,1,-32,21,-2,-1,1,0,0,1,1,-2,2,0,0,0,0,1,0,1,0,0,-7,-4,-8,12,-1,0,-1,-1,-1,-1,-1,1,-1
KR_6766032862,420,2,-20,-14,-3,1,2,3,-2,3,1,0,1,1,-2,6,4,0,0,0,0,-8,8,0,-5,5,-6,0,0,-1,-1,0,1,5,-1
KR_6767874054,420,-1,17,16,-1,-1,1,0,-6,7,1,-1,1,0,6,3,9,1,0,1,0,-4,-2,6,-12,6,1,0,1,1,1,1,1,1,-1
KR_6595680780,420,0,80,-8,-6,-1,3,2,-1,3,2,2,2,4,-7,8,1,1,2,3,0,-14,-12,-2,-5,7,-2,0,1,1,-1,1,-1,6,-1
KR_6759816138,440,-2,-36,1,-7,-1,2,1,1,5,6,-1,1,0,-3,3,0,-3,5,2,0,-4,14,-3,-7,10,-8,0,0,0,-1,-1,1,0,-1
KR_6757137504,420,4,2,-6,6,1,0,1,1,0,1,0,2,2,2,1,3,2,0,2,0,2,0,2,-8,6,1,0,-1,1,-1,-1,1,3,-1
KR_6697257657,420,-1,-18,6,-6,-3,5,2,-1,3,2,0,2,2,-1,5,4,-1,1,0,0,-3,-1,2,-8,6,-1,0,-2,-1,-1,-1,-1,1,-1
KR_6775284145,420,-3,-57,-12,-8,-7,8,1,-4,5,1,-3,3,0,6,2,8,0,1,1,-1,-1,-9,1,-4,3,-2,0,-2,1,1,-1,-1,6,-1
KR_6659904841,420,-1,-11,9,-10,0,1,1,-10,11,1,1,3,4,-1,3,2,0,2,2,0,-7,-10,-4,-3,7,-1,0,-1,-1,-1,-1,-1,4,-1
KR_6777047680,440,0,-14,-4,0,-4,6,2,3,2,5,5,1,6,-3,6,3,-1,2,1,0,1,-5,-1,-2,3,0,0,0,1,1,-1,-1,2,-1
KR_6744978928,420,3,37,-4,5,2,0,2,1,1,2,0,2,2,3,5,8,-1,2,1,0,1,-2,2,-8,6,5,0,-1,1,-1,-1,-1,5,-1
KR_6777709875,420,-7,-36,-8,-15,-4,4,0,-2,3,1,-9,9,0,0,3,3,0,0,0,0,-5,-4,0,-4,4,-4,0,-1,1,1,-1,-1,6,-1
KR_6758566931,420,-2,29,-11,-5,0,1,1,-1,5,4,-5,6,1,-2,3,1,3,1,4,-1,-8,2,-4,-4,8,0,0,-1,-1,1,-1,-1,5,-1
KR_6773540052,420,-6,-35,-11,-15,-2,3,1,-5,5,0,-3,5,2,2,1,3,-7,7,0,0,-22,-4,1,-5,4,-1,0,-1,-1,-1,-1,-1,1,-1
KR_6743546767,420,1,17,15,-4,2,0,2,-1,6,5,2,0,2,-4,5,1,-3,4,1,0,-6,-14,3,-7,4,0,0,1,1,1,1,-1,5,-1
KR_6750779047,420,-1,26,17,-2,2,1,3,5,0,5,-4,8,4,-2,3,1,-3,4,1,0,5,4,9,-11,2,-8,0,1,1,1,1,-1,2,-1
KR_6713816354,420,1,-65,20,3,3,2,5,6,1,7,-3,3,0,-4,6,2,1,2,3,1,14,8,-4,-5,9,-6,0,0,-1,1,1,1,4,-1
KR_6770828708,420,1,-12,28,-5,1,2,3,0,3,3,-1,2,1,-4,7,3,-1,1,0,0,-10,5,0,-3,3,3,0,0,0,-1,-1,1,0,-1
KR_6770637292,420,-1,-58,-5,-2,-1,1,0,-3,3,0,-1,2,1,3,0,3,0,0,0,0,5,55,0,-7,7,-27,0,-1,1,-1,-1,1,1,-1
KR_6758474585,440,-7,-114,-17,-22,0,1,1,-8,9,1,-7,7,0,-5,5,0,-2,3,1,-1,-17,-7,-4,-3,7,0,0,-3,-1,0,-1,-1,5,-1
KR_6773792552,440,-4,-38,-16,-13,-4,7,3,-1,3,2,-5,5,0,-3,5,2,0,1,1,0,-15,-8,-2,-3,5,2,0,0,0,-1,-1,1,0,-1
KR_6771905508,440,-5,-62,6,-17,-3,3,0,-4,8,4,-1,3,2,-9,11,2,0,1,1,-1,-23,-8,-4,-3,7,1,0,1,1,1,1,-1,5,-1
KR_6771725784,420,-2,-80,15,-4,2,1,3,-2,2,0,0,3,3,-2,2,0,-2,2,0,-1,-13,16,0,-6,6,-2,0,-1,0,-1,1,-1,0,-1
KR_6706360493,420,2,-7,25,0,0,1,1,0,2,2,0,3,3,1,0,1,-1,1,0,0,3,-25,1,-6,5,1,0,0,1,-1,0,-1,5,-1
KR_6774804170,420,-5,-90,-37,-8,-1,3,2,-9,9,0,1,3,4,0,1,1,1,2,3,-1,-3,152,4,-6,2,-4,0,-1,-1,-1,-1,-1,1,-1
KR_6743855670,420,-5,-22,-14,-10,-3,4,1,-7,9,2,1,2,3,0,7,7,-1,2,1,-3,-20,-9,0,-8,8,2,0,-1,1,-1,-1,-1,2,-1
KR_6774147686,420,-1,-10,-8,-6,-1,2,1,0,2,2,-4,4,0,-3,6,3,2,0,2,0,-6,5,0,-5,5,-1,0,-2,-1,-1,-1,-1,6,-1
KR_6766185606,440,-4,-68,12,-9,-1,4,3,1,1,2,-8,8,0,-2,3,1,1,3,4,0,2,6,-3,-3,6,-1,0,-3,-1,-1,-1,-1,5,-1
KR_6769531709,420,3,30,7,-1,3,2,5,-5,5,0,1,0,1,-1,2,1,1,0,1,0,-3,10,2,-6,4,-5,0,-1,1,-1,-1,1,5,-1
KR_6773000176,420,-3,-70,-11,-8,-4,5,1,-2,5,3,-1,3,2,-1,5,4,0,2,2,-3,-13,-37,-2,-4,6,1,0,0,-1,-1,-1,-1,1,-1
KR_6772321122,420,-1,-56,-36,2,4,0,4,-3,5,2,1,2,3,0,2,2,0,2,2,0,5,-1,-2,-6,8,2,0,-1,-1,-1,-1,1,2,-1
KR_6723030721,420,-1,-3,30,-3,-8,9,1,-3,4,1,3,6,9,5,2,7,0,1,1,1,0,18,4,-5,1,-5,0,0,-1,-1,-1,1,6,-1
KR_6740586571,420,4,-8,16,4,1,1,2,-2,5,3,4,3,7,6,1,7,-5,5,0,0,2,3,0,-6,6,-1,0,1,-1,1,1,1,4,-1
KR_6763202417,420,-1,-43,-16,-6,0,1,1,-5,8,3,0,2,2,-2,2,0,1,0,1,0,-7,3,-3,-5,8,0,0,-1,-1,0,-1,1,5,-1
KR_6774402688,420,-1,-16,-4,-2,1,1,2,-1,3,2,3,2,5,-4,4,0,-1,1,0,-1,-1,-10,-3,-3,6,2,0,0,-1,-1,-1,-1,1,-1
KR_6706306117,420,-2,-33,-12,-4,-2,3,1,0,4,4,-4,5,1,0,3,3,2,2,4,0,-5,2,2,-4,2,-3,0,-1,-1,-1,-1,-1,1,-1
KR_6770935766,420,1,2,0,0,2,2,4,1,1,2,1,3,4,-1,7,6,-3,4,1,-1,-2,-7,-3,-4,7,0,0,-1,1,-1,-1,-1,1,-1
KR_6730417339,420,-4,-85,-11,-8,-4,4,0,-1,2,1,1,1,2,-3,4,1,-1,1,0,0,-12,-11,-1,-7,8,-3,0,0,-1,-1,0,-1,2,-1
KR_6746028956,420,1,-59,9,-2,0,1,1,-6,8,2,1,2,3,2,1,3,1,4,5,0,-8,-26,-3,-6,9,-8,0,-1,-1,-1,-1,1,3,-1
KR_6705312288,420,1,40,1,3,2,1,3,0,4,4,2,0,2,-1,2,1,0,2,2,0,9,7,3,-7,4,1,0,2,-1,1,1,-1,5,-1
KR_6711961256,420,-3,33,3,-1,1,0,1,-2,5,3,-2,3,1,-2,3,1,4,1,5,0,-2,1,2,-10,8,-1,0,1,1,-1,1,-1,5,-1
KR_6729131870,420,-5,-50,-48,-8,0,0,0,-1,4,3,-6,8,2,-2,4,2,1,0,1,0,-4,-24,-5,-2,7,-5,0,-1,-1,-1,-1,1,1,-1
KR_6771850571,440,-3,8,0,-9,1,0,1,-3,4,1,-5,5,0,-1,3,2,-1,3,2,0,-13,33,-3,-7,10,-6,0,-1,-1,1,-1,-1,2,-1
KR_6776038790,420,-3,-41,-8,-5,2,1,3,-5,7,2,-1,1,0,0,1,1,-1,1,0,0,-10,-7,-1,-6,7,-2,0,-1,-1,1,-1,-1,4,-1
KR_6684788973,420,-4,-52,-12,-9,-8,8,0,-1,2,1,-4,6,2,4,1,5,0,0,0,0,-9,-43,0,-8,8,12,0,0,1,-1,-1,-1,6,-1
KR_6751019169,420,0,-7,-12,-1,5,1,6,-3,8,5,0,2,2,-2,3,1,-1,2,1,0,-3,-11,-6,-3,9,2,0,0,-1,1,1,1,2,-1
KR_6759028072,420,1,48,-20,3,3,0,3,1,6,7,0,3,3,-2,2,0,1,3,4,0,1,4,-2,-5,7,0,0,0,0,-1,-1,-1,0,-1
KR_6742284994,420,2,50,11,-1,1,0,1,-1,3,2,2,4,6,-2,5,3,-1,1,0,0,-13,-2,-3,-5,8,-5,0,0,-1,1,1,1,3,-1
KR_6740444261,440,-1,-34,11,-5,0,4,4,0,2,2,-3,4,1,-2,4,2,0,2,2,0,-13,-4,-5,-4,9,2,0,-1,-1,1,-1,-1,6,-1
KR_6768447664,440,0,-2,-25,1,2,3,5,0,4,4,-2,6,4,1,4,5,0,0,0,-1,4,-3,-1,-3,4,-1,0,-2,-1,-1,-1,1,5,-1
KR_6763069078,420,-1,12,24,1,2,1,3,-1,1,0,7,0,7,-4,6,2,-3,4,1,2,0,26,-2,-5,7,1,0,-1,-1,-1,-1,1,1,-1
KR_6765551312,420,-4,-6,1,-11,-3,5,2,-5,8,3,-2,4,2,-1,4,3,0,1,1,0,-10,-6,2,-7,5,6,0,-1,-1,-1,-1,1,3,-1
KR_6777614390,420,-3,-9,0,-10,-4,6,2,-2,3,1,0,2,2,-4,4,0,0,0,0,-1,-13,-13,-2,-4,6,-3,0,2,-1,1,1,-1,1,-1
KR_6771367431,420,0,-23,-22,-3,-1,2,1,-5,7,2,3,2,5,0,6,6,0,0,0,-2,-3,-7,-5,-3,8,2,0,0,-1,-1,-1,-1,3,-1
KR_6774217976,420,0,1,-6,-2,4,0,4,-1,3,2,-1,2,1,-4,4,0,0,0,0,0,-9,0,0,-5,5,0,0,0,-1,1,1,1,2,-1
KR_6776151753,420,-2,5,0,-4,2,0,2,-4,5,1,0,1,1,-1,3,2,-1,1,0,0,-8,-177,-2,-7,9,17,0,0,1,-1,0,1,4,-1
KR_6774956488,420,-2,-81,-19,-9,0,3,3,-4,4,0,-1,2,1,-5,7,2,1,0,1,0,-11,1,-1,-6,7,-1,0,0,-1,1,-1,-1,1,-1
KR_6769706215,420,-1,23,26,-8,1,2,3,-6,6,0,-1,3,2,-1,3,2,-1,2,1,0,-10,-1,-1,-7,8,-4,0,0,-1,1,-1,-1,2,-1
KR_6718729761,420,3,-23,-9,6,-2,2,0,6,1,7,2,2,4,1,4,5,-1,1,0,0,10,-16,-5,-4,9,6,0,-1,0,1,-1,1,0,-1
KR_6761906432,420,1,31,12,-2,-4,5,1,0,2,2,3,1,4,-1,2,1,0,0,0,0,0,15,2,-5,3,2,0,1,1,-1,1,-1,2,-1
KR_6737145808,420,0,-27,6,2,0,2,2,-1,2,1,-1,5,4,4,1,5,0,0,0,0,6,-9,1,-7,6,-3,0,1,-1,-1,1,1,5,-1
KR_6758845632,420,0,50,-13,-5,-1,2,1,-7,9,2,2,0,2,1,3,4,0,1,1,0,-8,-1,-1,-6,7,-7,0,-1,-1,-1,-1,1,5,-1
KR_6764758490,420,-2,14,-5,-1,0,1,1,0,0,0,2,2,4,-3,4,1,0,1,1,0,-2,0,3,-10,7,-1,0,1,-1,1,1,1,2,-1
KR_6735559397,420,2,-40,14,-3,2,1,3,-1,5,4,-6,8,2,2,2,4,0,1,1,0,2,-7,1,-8,7,-1,0,0,-1,1,-1,-1,2,-1
KR_6771959339,420,4,38,8,7,2,0,2,-1,4,3,-3,4,1,9,0,9,0,1,1,0,6,-1,0,-5,5,0,0,1,-1,-1,1,-1,5,-1
KR_6775947251,420,-3,-72,-16,-8,0,0,0,-2,5,3,-3,3,0,-2,4,2,-1,1,0,0,-11,-24,-2,-6,8,1,0,0,-1,-1,0,-1,1,-1
KR_6758752128,420,-3,-35,-16,-8,-5,5,0,-3,4,1,-1,4,3,-1,3,2,2,1,3,0,-8,1,-3,-4,7,2,0,0,1,-1,-1,1,1,-1
KR_6561418158,420,-5,-37,4,-9,0,3,3,2,5,7,-2,2,0,-6,6,0,-3,3,0,0,-9,8,0,-7,7,-4,0,-1,-1,1,1,-1,4,-1
KR_6776549233,440,1,-42,-13,5,-5,6,1,2,2,4,1,3,4,7,0,7,0,0,0,0,9,-8,-3,-3,6,3,0,3,-1,-1,1,-1,6,-1
KR_6776658234,420,-1,-39,-20,0,-1,2,1,4,0,4,0,0,0,-1,4,3,-2,2,0,0,6,4,1,-6,5,-1,0,-1,-1,1,-1,-1,6,-1
KR_6777863980,420,-2,-29,-19,-6,-2,2,0,-2,2,0,-3,3,0,0,2,2,1,0,1,0,-8,7,0,-6,6,-4,0,0,-1,0,0,-1,4,-1
KR_6772925097,420,-2,33,-4,-5,0,1,1,-2,3,1,3,2,5,-5,5,0,-1,1,0,-2,-18,5,1,-6,5,-2,0,0,-1,-1,-1,-1,3,-1
KR_6767622616,420,-1,25,-24,-4,-1,2,1,-2,4,2,-1,5,4,-1,3,2,1,0,1,0,-6,1,-4,-4,8,-4,0,1,1,1,1,1,4,-1
KR_6744663601,420,0,-59,23,-1,-1,2,1,5,0,5,-4,4,0,-2,3,1,1,1,2,0,-5,-44,-2,-4,6,10,0,-1,-1,1,-1,1,4,-1
KR_6765892390,440,-1,-23,-12,0,2,0,2,0,2,2,2,2,4,-4,5,1,0,0,0,-1,-6,-2,-3,-5,8,2,0,0,-1,1,0,-1,3,-1
KR_6736395913,420,1,6,-3,1,0,1,1,-3,3,0,0,2,2,1,0,1,3,0,3,0,-2,2,0,-7,7,-4,0,1,1,-1,1,-1,4,-1
KR_6629641497,420,-5,-123,-8,-13,-2,4,2,-4,5,1,-1,3,2,-2,3,1,-4,4,0,-3,-16,-30,-1,-4,5,-3,0,-4,-1,-1,-1,-1,3,-1
KR_6723138520,420,0,-53,18,6,1,2,3,3,2,5,2,1,3,1,2,3,-1,3,2,1,6,40,-1,-4,5,-1,0,0,0,1,-1,1,0,-1
KR_6770398116,420,-2,-31,-16,-2,1,0,1,-3,6,3,-2,2,0,1,2,3,1,2,3,-1,-4,-10,2,-5,3,-1,0,0,1,-1,0,-1,2,-1
KR_6709233714,420,-1,-109,-25,-2,1,0,1,-1,3,2,0,2,2,-2,4,2,0,0,0,0,4,0,0,-7,7,0,0,0,-1,1,-1,1,3,-1
KR_6776327875,420,-1,-49,-4,-5,0,0,0,-4,8,4,4,1,5,-5,5,0,0,4,4,-1,-12,-1,1,-6,5,1,0,0,-1,-1,0,-1,1,-1
KR_6770890097,420,-4,-21,-9,-12,0,2,2,-8,9,1,-6,6,0,3,1,4,-1,1,0,1,-10,26,-2,-3,5,2,0,-1,1,-1,-1,1,3,-1
KR_6776421130,420,0,-12,22,3,-2,3,1,4,4,8,-1,3,2,-3,4,1,5,2,7,0,4,-380,-6,-3,9,2,0,0,-1,1,1,-1,1,-1
KR_6707477569,440,0,-32,-8,-2,-2,3,1,-1,3,2,-1,2,1,3,0,3,-1,1,0,0,3,4,0,-3,3,-2,0,-1,-1,-1,-1,-1,5,-1
KR_6673676363,420,-4,-10,-11,-8,4,0,4,-2,2,0,-3,4,1,-5,7,2,-2,2,0,0,-15,-15,-8,-4,12,2,0,-1,-1,1,-1,-1,2,-1
KR_6762687582,420,-1,4,-13,-2,6,0,6,-3,4,1,1,1,2,-4,4,0,-2,3,1,0,-10,3,1,-6,5,-7,0,1,-1,1,-1,1,2,-1
KR_6768757158,420,1,-38,47,-10,-3,3,0,0,2,2,-5,5,0,-1,3,2,-1,1,0,0,-8,-20,3,-9,6,4,0,-1,-1,1,-1,-1,4,-1
KR_6771880435,420,2,8,-3,4,4,1,5,2,5,7,0,2,2,-2,2,0,0,0,0,0,3,5,5,-8,3,3,0,-1,1,1,-1,-1,3,-1
KR_6557236024,420,2,4,-5,9,-1,1,0,1,3,4,0,2,2,6,0,6,3,1,4,2,13,8,5,-8,3,-4,0,2,1,-1,1,1,6,-1
KR_6745720220,420,5,2,40,4,-1,2,1,-2,3,1,1,1,2,2,5,7,4,0,4,0,1,1,2,-11,9,6,0,1,1,-1,1,-1,5,-1
KR_6775822550,420,-4,-36,4,-7,0,2,2,-1,2,1,-3,4,1,0,1,1,-3,3,0,0,-14,-2,1,-7,6,0,0,-1,-1,1,-1,1,2,-1
KR_6756833581,420,-8,-46,-9,-18,-2,4,2,-3,3,0,-11,12,1,0,1,1,-2,2,0,1,-22,-16,-2,-2,4,3,0,-6,1,-1,-1,1,3,-1
KR_6760088875,420,-3,-50,-35,-7,0,1,1,-3,5,2,-1,2,1,-1,1,0,-2,3,1,-1,-1,1,1,-6,5,-4,0,-1,-1,-1,-1,-1,3,-1
KR_6775278214,420,-3,15,-36,-7,2,0,2,-2,2,0,-1,3,2,-7,9,2,1,3,4,0,-13,-7,0,-6,6,-2,0,-1,-1,1,-1,1,5,-1
KR_6685682618,420,1,-9,-23,3,-1,3,2,3,0,3,2,1,3,-2,3,1,1,0,1,0,1,7,6,-12,6,1,0,0,1,1,0,-1,5,-1
KR_6693559053,420,-4,-22,-12,-9,-2,4,2,-6,9,3,1,1,2,-2,2,0,0,0,0,0,-12,2,1,-3,2,2,0,-1,-1,-1,-1,-1,6,-1
KR_6771528952,420,1,-19,19,-10,-1,2,1,-2,3,1,-4,4,0,0,4,4,-3,3,0,0,-13,-6,0,-4,4,0,0,0,1,1,1,-1,6,-1
KR_6743653917,420,0,-57,24,1,-3,4,1,6,1,7,2,2,4,-4,6,2,0,1,1,0,9,-31,1,-7,6,8,0,-2,-1,-1,-1,-1,5,-1
KR_6761955480,420,-8,-97,-68,-10,-4,4,0,-7,7,0,0,3,3,2,0,2,-1,1,0,0,-12,-19,-4,-1,5,0,0,-4,-1,-1,-1,1,3,-1
KR_6752271119,420,-4,-8,15,-4,-1,2,1,0,3,3,0,0,0,-2,2,0,-1,2,1,0,-12,-4,-1,-4,5,3,0,0,-1,1,0,-1,4,-1
KR_6777600002,420,-5,-64,-88,-7,-3,3,0,-7,7,0,-2,2,0,3,1,4,2,0,2,0,-8,-5,3,-5,2,0,0,-1,-1,-1,-1,-1,3,-1
KR_6774443451,420,-3,-50,-21,-3,1,3,4,0,6,6,-3,3,0,0,1,1,-1,2,1,1,-1,0,0,-6,6,-6,0,-3,1,-1,-1,1,2,-1
KR_6768866350,420,-3,6,31,-4,-2,3,1,-2,4,2,6,0,6,-2,6,4,-4,5,1,3,-4,-8,-5,-4,9,1,0,0,-1,1,0,1,4,-1
KR_6774820801,420,-3,-40,15,-8,-3,3,0,-4,5,1,1,3,4,-2,3,1,0,1,1,1,-8,9,-1,-7,8,-6,0,0,0,1,-1,1,0,-1
KR_6772638654,420,-2,-42,13,-4,1,2,3,-4,4,0,4,0,4,-2,3,1,-3,3,0,-1,-12,2,1,-6,5,1,0,1,-1,1,1,-1,6,-1
KR_6770361161,440,-4,-33,-8,-6,1,1,2,-6,7,1,0,0,0,3,2,5,-4,4,0,0,-11,-8,-5,-7,12,1,0,0,-1,0,0,-1,5,-1
KR_6561484027,420,-1,39,-42,1,5,0,5,-3,3,0,-2,3,1,0,1,1,1,0,1,0,-4,-51,0,-2,2,14,0,0,-1,-1,-1,1,5,-1
KR_6700118003,420,-1,-12,8,-4,1,1,2,-7,7,0,-1,1,0,2,2,4,1,0,1,-1,-8,-35,-2,-9,11,-2,0,-1,-1,-1,-1,-1,2,-1
KR_6772468845,420,0,-72,34,1,-3,4,1,1,2,3,4,1,5,-2,6,4,1,1,2,0,0,5,2,-10,8,1,0,0,-1,1,-1,-1,2,-1
KR_6735124826,420,-3,-78,-20,-10,-3,5,2,-2,4,2,0,1,1,-4,7,3,-1,2,1,-1,-11,-9,-7,0,7,4,0,-1,-1,0,-1,-1,4,-1
KR_6770705207,420,1,-17,-16,-2,4,0,4,-8,11,3,0,0,0,2,1,3,0,2,2,0,-8,-11,-4,-5,9,6,0,0,-1,-1,0,-1,5,-1
KR_6743995298,420,-6,-56,-4,-2,0,3,3,-1,3,2,-5,5,0,3,1,4,1,0,1,-1,-10,-15,-2,-6,8,-3,0,-2,-1,1,-1,-1,6,-1
KR_6751343306,420,1,30,24,-3,5,0,5,-2,3,1,-2,6,4,-3,5,2,-1,1,0,0,-16,-2,-5,-5,10,-1,0,1,1,1,1,-1,6,-1
KR_6762346473,420,1,11,12,3,-4,5,1,3,3,6,3,2,5,0,2,2,1,0,1,2,14,11,5,-8,3,2,0,-1,1,1,-1,1,4,-1
KR_6769978927,420,2,35,0,3,1,2,3,2,2,4,-1,3,2,-1,2,1,2,0,2,-1,7,-399,5,-9,4,-6,0,0,-1,1,0,-1,5,-1
KR_6776077922,420,0,4,-1,3,2,0,2,0,1,1,-2,7,5,1,1,2,2,2,4,1,13,6,2,-6,4,-2,0,0,1,-1,0,1,2,-1
KR_6754270473,420,-1,45,10,3,4,1,5,-2,2,0,-1,4,3,1,0,1,1,0,1,0,-3,2,4,-8,4,-4,0,0,-1,1,0,1,4,-1
KR_6775603255,420,1,-46,12,-3,-4,4,0,1,1,2,3,1,4,-5,5,0,2,0,2,0,3,0,-3,-3,6,3,0,0,-1,1,1,-1,6,-1
KR_6742965325,420,-4,5,-28,-4,0,2,2,-1,4,3,-3,4,1,1,2,3,-1,1,0,1,-4,-5,-2,-6,8,-5,0,0,-1,-1,0,1,4,-1
KR_6761510690,440,-3,-46,-32,-7,0,1,1,-2,7,5,-2,4,2,-2,2,0,-1,1,0,0,-1,-12,2,-7,5,-6,0,-1,-1,-1,-1,-1,1,-1
KR_6658203169,420,-3,32,-5,-11,-5,6,1,-5,7,2,-1,4,3,-1,3,2,1,0,1,0,-18,-11,-8,-3,11,2,0,-3,1,-1,-1,-1,1,-1
KR_6774923482,420,2,38,0,5,7,0,7,-2,3,1,-3,4,1,2,2,4,1,0,1,0,-1,-116,3,-11,8,-1,0,1,-1,1,1,-1,3,-1
KR_6731107935,420,-4,-38,-35,-7,-2,5,3,3,1,4,0,1,1,-1,2,1,-7,8,1,0,-7,-1,1,-4,3,0,0,-5,-1,1,-1,1,2,-1
KR_6759229868,420,-1,-52,-22,-5,1,0,1,-3,7,4,1,1,2,-4,4,0,0,0,0,0,-8,-2,5,-8,3,-5,0,-1,1,-1,-1,-1,4,-1
KR_6679719304,420,-3,-17,11,-3,-2,3,1,-2,4,2,1,2,3,-1,5,4,1,1,2,0,-6,-33,-1,-5,6,5,0,0,1,-1,0,1,4,-1
KR_6718179493,420,-2,-110,13,-2,-3,3,0,-3,6,3,5,1,6,1,0,1,-2,2,0,0,-5,-5,-1,-4,5,1,0,0,-1,-1,-1,-1,4,-1
KR_6710760578,420,-1,9,-9,-6,0,0,0,-2,2,0,-2,3,1,-1,2,1,-1,1,0,0,-8,-6,-4,-4,8,-1,0,0,-1,-1,-1,-1,5,-1
KR_6772010764,420,-2,-12,15,-3,-2,3,1,3,1,4,0,3,3,-2,6,4,-2,2,0,0,-1,6,1,-6,5,-4,0,0,-1,1,0,1,1,-1
KR_6740613744,420,-2,-112,-8,-7,-2,4,2,-3,6,3,-3,4,1,1,2,3,0,1,1,0,-3,38,0,-5,5,-1,0,-1,-1,1,-1,-1,5,-1
KR_6764867344,420,1,44,13,3,0,2,2,2,1,3,4,2,6,-2,6,4,-1,1,0,0,0,10,-1,-3,4,0,0,1,1,-1,1,1,4,-1
KR_6772267453,420,-1,-84,-5,2,0,1,1,-4,4,0,-2,3,1,5,1,6,3,2,5,0,3,-60,-4,-3,7,33,0,0,0,-1,-1,-1,0,-1
KR_6770380654,420,-2,19,17,-6,-2,2,0,-1,5,4,0,2,2,-4,4,0,1,0,1,0,-8,-21,-1,-9,10,5,0,0,-1,-1,0,1,4,-1
KR_6759882247,420,-1,0,-20,-8,-2,2,0,-3,4,1,1,2,3,-1,2,1,-3,3,0,-1,-17,-14,-1,-5,6,0,0,0,1,-1,0,-1,5,-1
KR_6775246580,440,-5,-34,-17,-11,1,1,2,0,1,1,-5,6,1,-8,8,0,1,0,1,-1,-12,0,0,-6,6,-8,0,-1,-1,1,-1,-1,1,-1
KR_6757960980,420,-4,-53,-44,-1,1,2,3,-2,2,0,0,1,1,-2,4,2,2,0,2,-1,-9,0,2,-6,4,-6,0,-1,-1,1,-1,-1,4,-1
KR_6774931304,420,-3,-26,-17,-7,-1,3,2,-4,6,2,-2,3,1,0,2,2,0,0,0,0,2,40,-6,-4,10,6,0,0,-1,1,1,1,2,-1
KR_6773510723,420,-1,20,-1,-2,0,1,1,-1,3,2,0,1,1,-1,6,5,0,1,1,1,4,-73,-3,-4,7,0,0,-1,-1,1,-1,1,4,-1
KR_6767519121,420,0,26,8,-5,-3,3,0,0,3,3,-1,5,4,1,1,2,-2,2,0,0,-5,-18,3,-11,8,6,0,1,1,1,1,1,2,-1
KR_6769757173,420,2,2,-13,2,2,0,2,-1,3,2,-3,7,4,3,2,5,1,3,4,0,3,-14,-3,-5,8,2,0,2,-1,1,1,1,3,-1
KR_6687226014,420,-5,-85,-1,-21,-4,5,1,-2,6,4,-5,5,0,-7,7,0,-3,4,1,0,-24,1,-5,-2,7,-2,0,-4,-1,-1,-1,-1,6,-1
KR_6775002107,420,-3,-17,-32,-5,0,1,1,-3,5,2,-2,6,4,-1,3,2,1,0,1,0,-4,4,3,-8,5,-6,0,-1,-1,-1,-1,-1,1,-1
KR_6756480357,420,-3,-66,25,-8,-3,3,0,-3,4,1,1,6,7,-2,4,2,-1,5,4,-1,-10,5,4,-7,3,0,0,0,1,1,1,-1,4,-1
KR_6741525330,420,-2,-14,5,1,-4,4,0,-4,4,0,-1,1,0,6,1,7,4,0,4,0,3,-1,-1,-5,6,4,0,-1,1,-1,-1,1,3,-1
KR_6776239880,420,-3,-74,-7,-6,1,1,2,-1,3,2,-2,3,1,0,3,3,-4,4,0,0,0,0,1,-9,8,-3,0,-1,-1,-1,-1,-1,2,-1
KR_6773625489,420,-5,-62,-11,-11,-1,2,1,-5,6,1,-2,3,1,-3,4,1,0,2,2,0,-7,-5,-6,-2,8,3,0,0,-1,-1,-1,-1,3,-1
KR_6759420747,420,-1,103,-1,2,3,0,3,-4,5,1,-1,2,1,3,0,3,1,0,1,0,4,-6,3,-6,3,1,0,1,1,-1,1,1,1,-1
KR_6711808870,420,-3,-39,13,-7,-2,2,0,-4,4,0,0,0,0,0,2,2,-1,1,0,0,-9,97,-8,-2,10,-9,0,-1,-1,-1,-1,1,2,-1
KR_6750829793,420,-1,-15,32,-5,1,0,1,-3,4,1,-3,4,1,0,2,2,0,1,1,0,-12,-2,1,-7,6,-2,0,-2,1,-1,-1,-1,1,-1
KR_6661315918,420,-4,-58,-13,-10,3,1,4,0,6,6,-5,8,3,-6,6,0,-2,3,1,0,0,-14,0,-6,6,-2,0,-1,-1,1,-1,-1,5,-1
KR_6749259856,420,1,-2,-8,1,2,1,3,0,3,3,-4,6,2,2,4,6,1,1,2,-1,0,29,4,-9,5,-4,0,1,-1,-1,1,-1,6,-1
KR_6738587323,440,-6,-26,-8,-6,-6,8,2,-1,2,1,0,2,2,1,1,2,0,1,1,0,-9,-26,-2,-3,5,1,0,-1,-1,-1,-1,1,1,-1
KR_6761912601,440,-3,-86,-6,-3,1,0,1,1,0,1,-1,1,0,-5,5,0,1,1,2,0,0,-7,-3,-3,6,0,0,-1,0,-1,-1,1,0,-1
KR_6763845777,420,3,44,14,3,4,0,4,-2,3,1,-1,3,2,2,0,2,0,0,0,0,-2,-6,-3,-6,9,-3,0,2,-1,1,1,1,2,-1
KR_6769733640,420,0,39,27,0,-2,4,2,-3,3,0,1,2,3,3,4,7,1,0,1,0,-4,-3,0,-4,4,4,0,0,-1,0,0,1,5,-1
KR_6773267731,420,-2,-63,-20,-3,0,1,1,-1,3,2,-3,4,1,-1,3,2,2,0,2,0,-7,22,1,-6,5,1,0,-1,-1,-1,-1,-1,3,-1
KR_6601403518,420,0,-38,-17,-4,2,0,2,-3,4,1,0,1,1,-2,4,2,-1,2,1,0,-8,6,0,-5,5,-2,0,0,1,1,1,-1,5,-1
KR_6772270477,420,-3,-56,-10,-11,-1,1,0,-1,7,6,-4,4,0,-1,2,1,-4,5,1,0,-7,9,2,-5,3,-5,0,-1,-1,-1,-1,-1,3,-1
KR_6776272887,420,-1,-8,24,-4,-1,1,0,-7,12,5,-4,4,0,7,0,7,1,1,2,0,-1,-8,-6,-3,9,2,0,0,-1,-1,0,1,3,-1
KR_6742405670,420,0,20,-8,-6,2,1,3,-6,8,2,1,1,2,-2,3,1,-1,1,0,1,-6,88,-3,-3,6,13,0,1,-1,-1,1,1,1,-1
KR_6763263094,420,-1,52,9,-2,0,2,2,-2,4,2,1,0,1,0,2,2,-1,2,1,0,1,4,2,-7,5,-5,0,0,1,-1,0,-1,4,-1
KR_6750698306,420,-2,-23,-4,1,1,0,1,2,2,4,-4,6,2,0,4,4,2,0,2,0,0,-18,7,-15,8,-4,0,-1,1,-1,-1,1,5,-1
KR_6753977555,420,-1,10,0,5,4,2,6,-1,1,0,3,0,3,2,1,3,-3,3,0,0,2,0,2,-8,6,3,0,0,1,-1,-1,1,2,-1
KR_6754423144,440,-4,12,16,-6,-1,2,1,-3,3,0,-3,4,1,4,2,6,-3,3,0,0,8,-9,-4,-3,7,7,0,-1,1,-1,-1,1,2,-1
KR_6771911640,420,-2,-14,-18,-3,1,0,1,-1,2,1,-4,5,1,3,2,5,-2,2,0,0,-5,2,1,-7,6,-1,0,1,-1,-1,1,-1,4,-1
KR_6752498378,420,1,6,44,-7,2,2,4,-2,4,2,-1,4,3,-4,8,4,-2,2,0,0,-16,-24,-1,-5,6,3,0,0,1,-1,0,-1,4,-1
KR_6756728571,420,-3,-1,15,-5,0,1,1,-4,5,1,-2,3,1,1,0,1,0,0,0,0,-6,0,-6,-4,10,0,0,0,-1,1,0,1,5,-1
KR_6720273870,420,0,-50,-2,-2,-1,2,1,0,2,2,3,2,5,-1,3,2,-3,3,0,-1,-3,-7,-1,-5,6,0,0,1,-1,-1,1,-1,6,-1
KR_6732717025,420,-2,28,12,-7,-1,1,0,-3,6,3,-1,3,2,-2,4,2,0,0,0,0,-9,75,-2,-4,6,-1,0,0,-1,-1,-1,-1,2,-1
KR_6726273661,420,-4,-41,-17,-9,-2,3,1,-1,4,3,-4,6,2,-2,4,2,0,2,2,0,-14,4,4,-5,1,-3,0,-2,-1,-1,-1,-1,1,-1
KR_6777045809,420,0,31,-15,-11,-3,4,1,-4,5,1,-1,3,2,-1,4,3,-2,4,2,0,-11,2,-1,-9,10,5,0,0,-1,-1,0,1,1,-1
KR_6756605808,420,-3,-24,10,-9,1,1,2,-1,4,3,-6,6,0,-2,3,1,-1,3,2,0,-8,-12,-1,-4,5,-3,0,-1,-1,-1,-1,-1,5,-1
KR_6769330777,420,-3,-21,-4,-9,0,1,1,-3,4,1,-4,5,1,-2,3,1,0,0,0,0,-15,7,5,-6,1,1,0,0,-1,0,0,-1,2,-1
KR_6762741403,420,4,56,12,5,6,1,7,-4,8,4,-3,5,2,6,4,10,0,0,0,1,6,-2,0,-7,7,1,0,1,1,1,1,-1,4,-1
KR_6678897576,420,1,12,8,0,-1,3,2,4,3,7,-1,1,0,-1,2,1,-1,1,0,0,2,-4,-6,-4,10,5,0,-1,1,-1,-1,1,5,-1
KR_6698970028,420,-3,-71,-9,-9,-3,3,0,-3,4,1,0,1,1,-4,5,1,1,0,1,0,-10,104,-1,-8,9,-9,0,-1,-1,-1,-1,-1,6,-1
KR_6773242052,420,0,-18,-31,-3,-1,1,0,-1,1,0,-1,1,0,-5,8,3,5,0,5,0,-4,-17,0,-4,4,-2,0,0,-1,-1,0,-1,4,-1
KR_6751672925,420,-2,-55,-22,-11,-2,3,1,-1,4,3,-1,2,1,-5,5,0,-2,2,0,-1,-8,3,-3,-4,7,-2,0,-1,-1,-1,-1,-1,6,-1
KR_6767188666,420,0,6,-28,0,0,2,2,-5,6,1,1,1,2,5,4,9,-1,2,1,1,0,-67,0,-7,7,-30,0,0,-1,1,1,1,3,-1
KR_6767783104,420,-3,19,-26,-5,-2,4,2,-1,3,2,2,1,3,-4,5,1,0,2,2,0,-4,-4,0,-5,5,-1,0,0,0,-1,-1,1,0,-1
KR_6769510596,420,1,-2,4,1,4,2,6,3,1,4,-4,4,0,0,1,1,-2,2,0,0,2,11,0,-6,6,-5,0,0,1,-1,1,1,6,-1
KR_6747571458,420,-3,-64,-30,-9,4,0,4,-4,5,1,-4,4,0,-4,4,0,-1,1,0,0,-7,-1,2,-5,3,0,0,-1,-1,1,-1,-1,6,-1
KR_6777679491,420,-1,42,-16,3,-3,5,2,2,6,8,3,1,4,-3,5,2,4,0,4,0,-2,8,3,-7,4,-1,0,-1,0,1,1,-1,0,-1
KR_6751643870,420,1,23,29,2,-3,3,0,8,0,8,-4,6,2,0,4,4,1,1,2,1,4,-11,1,-3,2,-2,0,-1,1,-1,-1,1,5,-1
KR_6768446411,420,3,11,-10,7,0,5,5,4,3,7,1,2,3,1,2,3,1,0,1,0,14,8,4,-7,3,6,0,0,1,1,0,1,6,-1
KR_6755123039,420,1,39,16,4,2,2,4,-1,4,3,0,2,2,2,1,3,1,0,1,0,-2,-2,0,-5,5,1,0,0,1,-1,-1,1,6,-1
KR_6773773503,420,1,44,8,2,2,0,2,4,2,6,-1,1,0,-2,4,2,-1,1,0,-1,-4,13,3,-7,4,-6,0,0,-1,1,1,-1,3,-1
KR_6777417325,420,2,33,16,6,-3,4,1,2,3,5,0,2,2,5,0,5,2,1,3,0,9,-2,-1,-6,7,2,0,0,-1,-1,1,1,4,-1
KR_6757814465,420,-1,8,-18,2,-2,3,1,-1,6,5,4,2,6,2,6,8,-1,2,1,2,8,-4,1,-6,5,4,0,1,0,1,1,1,0,-1
KR_6750709008,420,-2,-43,21,-11,-2,2,0,-3,8,5,-7,7,0,0,2,2,1,1,2,0,-17,1,5,-10,5,4,0,-1,1,-1,-1,-1,2,-1
KR_6698444001,420,-2,-19,-9,5,1,2,3,11,0,11,-5,6,1,-1,2,1,-1,1,0,0,2,6,4,-8,4,0,0,0,1,1,-1,1,4,-1
KR_6774309834,420,-1,-30,23,-3,-2,3,1,-1,5,4,4,0,4,-4,5,1,0,2,2,-1,-5,19,-5,-2,7,5,0,0,0,-1,-1,-1,0,-1
KR_6715678237,420,0,-23,-29,6,-1,3,2,2,3,5,4,2,6,1,4,5,0,1,1,2,14,0,2,-10,8,1,0,-1,-1,-1,-1,1,6,-1
KR_6777662837,420,-4,-20,-4,-7,-3,4,1,2,2,4,-2,2,0,-2,2,0,-2,2,0,0,-3,5,-4,-4,8,5,0,-1,-1,-1,-1,-1,4,-1
KR_6757582807,420,-4,-72,17,-15,-4,5,1,-4,4,0,1,1,2,-4,8,4,-4,4,0,0,-13,-14,1,-6,5,-2,0,-3,-1,-1,-1,-1,2,-1
KR_6759685166,420,-2,-48,-5,-6,-3,4,1,-4,5,1,3,0,3,-2,2,0,0,2,2,0,-13,-6,1,-7,6,-5,0,-1,-1,1,-1,-1,1,-1
KR_6769128862,420,2,60,15,-4,1,1,2,-2,4,2,1,2,3,-4,5,1,0,1,1,0,-5,-14,-5,-6,11,4,0,1,-1,-1,1,-1,2,-1
KR_6776530386,420,0,27,39,-8,1,1,2,-4,5,1,2,2,4,-6,6,0,-1,1,0,0,-19,-3,0,-4,4,4,0,0,-1,1,-1,-1,6,-1
KR_6752530665,420,-2,-103,-12,-1,-1,3,2,3,2,5,-2,4,2,0,1,1,-1,1,0,0,-3,221,-1,-6,7,1,0,-1,-1,1,-1,-1,4,-1
KR_6746024389,420,-3,-23,-7,-6,-1,3,2,-1,2,1,-1,1,0,1,2,3,-4,5,1,0,-10,-124,-4,-3,7,0,0,0,-1,-1,-1,-1,2,-1
KR_6705823372,420,1,-22,-13,-1,6,0,6,0,1,1,-2,5,3,-2,2,0,-3,3,0,0,0,49,-1,-5,6,-15,0,-1,-1,-1,-1,-1,2,-1
KR_6769404576,440,0,-38,-13,5,3,2,5,1,2,3,1,3,4,-1,2,1,1,0,1,0,8,30,-4,-3,7,2,0,0,-1,1,0,1,2,-1
KR_6765529996,420,2,145,-10,-3,2,1,3,0,6,6,1,1,2,-3,6,3,-3,5,2,0,-5,-3,8,-9,1,0,0,2,-1,1,1,1,2,-1
KR_6743756767,420,0,41,-4,-5,1,1,2,-5,7,2,-3,3,0,2,2,4,0,1,1,0,-8,9,2,-4,2,-7,0,0,1,1,0,-1,1,-1
KR_6769512364,420,2,25,0,3,-2,2,0,-1,3,2,0,1,1,8,3,11,-2,2,0,0,6,11,6,-8,2,-1,0,1,1,1,1,1,3,-1
KR_6773261465,420,-6,-25,-39,-16,-3,3,0,-1,1,0,-3,4,1,-11,11,0,2,1,3,-1,-32,9,-2,-3,5,1,0,-2,-1,-1,-1,-1,5,-1
KR_6726858431,440,-2,5,-6,-6,-2,3,1,-1,1,0,1,4,5,-4,4,0,0,1,1,0,-8,-1,-1,-4,5,0,0,-1,0,-1,-1,-1,0,-1
KR_6773585983,420,0,8,15,-5,-3,4,1,-5,6,1,-2,3,1,2,1,3,3,2,5,0,-12,0,-2,-6,8,5,0,0,-1,1,0,1,2,-1
KR_6777427724,420,2,22,21,4,-3,4,1,0,3,3,6,1,7,2,1,3,-1,1,0,0,9,5,-2,-4,6,-2,0,-1,1,-1,-1,1,4,-1
KR_6772790038,420,-5,-45,-20,-12,-2,3,1,-6,7,1,-1,2,1,-4,4,0,1,0,1,0,-12,-26,-7,-2,9,4,0,-1,-1,1,-1,-1,3,-1
KR_6754077882,440,1,1,-9,4,2,0,2,4,0,4,3,2,5,-3,4,1,-2,2,0,0,6,11,-1,-4,5,3,0,-1,1,-1,-1,1,2,-1
KR_6738119745,420,1,7,-3,5,2,0,2,-1,4,3,5,1,6,-1,5,4,0,0,0,0,5,0,0,-4,4,1,0,1,1,1,1,1,2,-1
KR_6773603927,420,-1,-22,-12,-4,1,1,2,0,3,3,2,4,6,-7,8,1,0,0,0,0,-11,-5,0,-7,7,-7,0,0,-1,-1,-1,-1,2,-1
KR_6775864074,440,-4,-34,0,-13,-5,5,0,-2,3,1,-3,3,0,-7,7,0,4,0,4,0,-18,-20,-4,-5,9,-1,0,-3,1,-1,-1,-1,3,-1
KR_6689176789,420,-11,-124,-27,-17,-2,5,3,-7,9,2,-3,4,1,-2,3,1,-3,4,1,0,-14,1,-1,-3,4,-3,0,-4,-1,-1,-1,1,4,-1
KR_6744004546,420,0,-38,4,2,-3,5,2,3,1,4,-2,4,2,-1,5,4,5,1,6,0,-1,15,3,-9,6,-3,0,-2,1,-1,-1,-1,4,-1
KR_6763230380,420,-1,-38,-8,-2,3,2,5,1,1,2,0,0,0,-4,5,1,-2,2,0,0,-4,6,1,-6,5,6,0,0,-1,1,-1,-1,6,-1
KR_6705203676,420,-4,-23,-8,-11,-2,2,0,4,3,7,-8,9,1,-3,4,1,-2,3,1,0,-4,-1,-1,-3,4,-1,0,0,-1,-1,-1,-1,1,-1
KR_6769269299,420,1,-9,7,-3,3,3,6,-2,5,3,2,2,4,-5,7,2,-1,1,0,0,-3,6,7,-11,4,-8,0,-1,1,-1,-1,1,3,-1
KR_6773794305,420,-1,-21,20,1,0,1,1,-4,4,0,-1,1,0,6,2,8,0,1,1,0,-4,0,4,-9,5,-5,0,0,1,1,0,1,1,-1
KR_6739841998,420,-4,-15,-17,-8,-3,3,0,-1,4,3,1,1,2,-2,3,1,-3,3,0,-1,-13,-8,2,-10,8,1,0,1,1,1,1,-1,1,-1
KR_6742333445,440,-4,-28,-76,-4,2,1,3,3,1,4,-2,4,2,0,3,3,-7,8,1,0,-12,-5,-2,-3,5,4,0,-1,-1,-1,-1,-1,4,-1
KR_6765001490,420,-3,-29,17,-5,1,4,5,4,0,4,-9,13,4,-1,1,0,0,0,0,-2,4,5,-3,-5,8,-6,0,-1,1,-1,-1,-1,4,-1
KR_6715779460,420,3,17,-28,5,0,3,3,-1,3,2,1,0,1,1,0,1,4,0,4,0,9,-177,-1,-6,7,1,0,0,-1,-1,0,-1,5,-1
KR_6763486157,440,-1,26,-5,-7,2,0,2,-2,4,2,2,0,2,-8,8,0,-1,2,1,0,-24,-78,-5,-5,10,3,0,1,-1,1,1,1,4,-1
KR_6770421297,420,0,-40,-8,0,-1,2,1,1,4,5,3,0,3,-2,4,2,-1,3,2,-1,-5,24,6,-11,5,4,0,0,-1,1,-1,-1,3,-1
KR_6762329571,420,-1,-90,-15,-3,-2,2,0,2,1,3,-2,2,0,1,1,2,-2,3,1,0,-3,6,-3,-6,9,-4,0,-1,-1,-1,-1,1,5,-1
KR_6750042327,420,-4,-34,9,-8,0,4,4,-4,8,4,-3,5,2,0,1,1,-1,3,2,2,3,-12,2,-8,6,-6,0,-1,1,1,-1,1,1,-1
KR_6744801805,440,-7,-32,-127,-7,2,3,5,-8,11,3,-3,4,1,3,0,3,-1,2,1,0,-10,-1,0,-4,4,1,0,-2,-1,-1,-1,1,6,-1
KR_6741043680,420,-3,-33,0,-4,0,2,2,-7,7,0,2,0,2,1,1,2,0,1,1,0,-4,6,-1,-5,6,-4,0,-1,1,1,-1,-1,1,-1
KR_6737111505,420,-5,-37,7,-13,-3,3,0,1,3,4,-2,3,1,-4,4,0,-5,5,0,0,-23,-18,-2,-5,7,-3,0,-2,-1,-1,-1,1,6,-1
KR_6706308311,420,-1,-27,38,-3,-2,2,0,-2,5,3,-1,2,1,3,3,6,-1,4,3,0,1,11,3,-9,6,-10,0,0,1,-1,0,1,6,-1
KR_6759251580,420,-1,-43,6,0,0,0,0,0,3,3,0,2,2,2,1,3,-2,3,1,0,3,-3,-1,-5,6,-3,0,0,1,-1,0,-1,5,-1
KR_6763185451,420,-2,-46,-20,-5,1,0,1,-1,2,1,0,0,0,-5,5,0,0,1,1,0,-6,13,4,-9,5,-1,0,0,-1,1,0,-1,4,-1
KR_6772506548,420,-2,-10,3,-11,-2,3,1,-2,4,2,-2,4,2,-4,5,1,-1,2,1,-2,-14,-2,-3,-4,7,4,0,-1,1,1,-1,-1,6,-1
KR_6766630451,420,-3,-16,32,-8,2,0,2,-5,6,1,-4,4,0,-1,3,2,0,1,1,0,-9,-2,0,-4,4,-3,0,0,1,-1,0,1,2,-1
KR_6773986749,420,-5,-10,1,-13,-7,8,1,-2,2,0,-7,7,0,6,0,6,-3,4,1,0,-15,-11,-3,-2,5,-1,0,-1,1,-1,-1,1,2,-1
KR_6777611550,420,-1,-3,10,-4,3,1,4,-1,1,0,3,2,5,-3,3,0,-6,6,0,-1,-6,-9,-3,-1,4,1,0,-1,-1,-1,-1,-1,6,-1
KR_6770315133,420,-3,-33,-8,-14,0,0,0,-5,7,2,-3,6,3,-5,7,2,-1,2,1,0,-19,43,-3,-5,8,-1,0,0,-1,1,-1,-1,2,-1
KR_6767566688,420,-6,-25,-51,-14,0,2,2,-10,11,1,1,2,3,-4,6,2,-1,1,0,-2,-23,-24,3,-6,3,-2,0,-2,-1,-1,-1,1,2,-1
KR_6765326799,420,-4,-79,-22,-10,3,1,4,-5,5,0,-2,2,0,-4,4,0,-2,2,0,0,-13,-6,-2,-7,9,1,0,-4,-1,-1,-1,-1,6,-1
KR_6772998819,420,-1,-44,-9,2,1,0,1,-1,3,2,-2,2,0,4,0,4,0,0,0,0,-2,6,0,-6,6,0,0,3,1,1,1,1,1,-1
KR_6735968760,420,-4,-4,-6,-10,-2,4,2,1,1,2,-6,6,0,-2,2,0,-1,1,0,-1,-12,3,-8,-2,10,-2,0,-1,-1,1,-1,-1,3,-1
KR_6762283062,420,-2,35,-10,-11,-1,2,1,-9,11,2,-1,4,3,0,1,1,0,1,1,0,-20,116,2,-8,6,-3,0,-1,1,-1,-1,-1,6,-1
KR_6735929233,420,0,49,15,1,0,1,1,-1,5,4,4,1,5,0,2,2,-2,2,0,0,1,2,1,-6,5,0,0,1,-1,1,1,1,6,-1
KR_6761343428,420,0,-11,18,-1,-1,2,1,-2,2,0,-1,2,1,1,1,2,2,1,3,0,0,3,-3,-5,8,1,0,1,-1,-1,1,-1,4,-1
KR_6736934494,420,-4,-92,-56,-9,-6,7,1,1,1,2,-4,8,4,-1,2,1,1,0,1,-2,-8,-2,-1,-3,4,-1,0,-2,1,-1,-1,-1,6,-1
KR_6768362899,420,-2,19,-8,-8,-2,5,3,-2,3,1,1,1,2,-4,6,2,-1,2,1,0,-9,-2,-1,-3,4,-1,0,-1,-1,-1,-1,1,2,-1
KR_6762907886,420,1,97,-35,8,7,0,7,5,0,5,-2,2,0,0,2,2,-2,3,1,0,0,-48,-2,-4,6,12,0,3,0,1,1,1,0,-1
KR_6761549401,420,0,27,19,-10,0,5,5,-1,2,1,-4,5,1,-1,4,3,-4,4,0,-1,-17,-35,3,-8,5,2,0,-1,-1,1,-1,-1,2,-1
KR_6774703456,420,-2,-4,-18,-7,0,1,1,-1,3,2,-3,4,1,-3,3,0,0,0,0,0,-19,3,-7,-2,9,1,0,0,-1,-1,-1,-1,4,-1
KR_6776964417,420,0,-16,-32,2,-3,3,0,0,2,2,1,1,2,5,1,6,-1,1,0,0,12,-16,-1,-5,6,3,0,0,-1,1,-1,-1,4,-1
KR_6775428323,420,-4,-42,-20,-14,-5,5,0,-6,8,2,-1,5,4,0,5,5,-2,3,1,0,-13,-35,-7,-1,8,-1,0,-3,1,-1,-1,-1,2,-1
KR_6775661230,420,-1,-82,-6,4,2,0,2,2,1,3,1,2,3,0,0,0,-1,1,0,0,6,17,-1,-4,5,-2,0,0,1,-1,0,1,2,-1
KR_6771774407,420,-6,-96,1,-11,0,1,1,-4,4,0,-5,5,0,0,1,1,-2,2,0,-1,-16,-3,-6,-3,9,-1,0,-1,-1,-1,-1,-1,1,-1
KR_6725595390,420,-4,-56,-1,-1,5,2,7,-3,6,3,1,3,4,-2,3,1,-2,6,4,2,-5,300,-2,-3,5,-2,0,-2,-1,1,1,1,4,-1
KR_6748724576,420,-3,10,-13,-9,1,0,1,3,1,4,-6,8,2,-7,8,1,0,1,1,-3,-14,7,0,-7,7,-5,0,0,-1,-1,0,-1,2,-1
KR_6777700559,420,-3,-29,23,-5,-1,5,4,-1,5,4,-1,2,1,-1,3,2,-1,1,0,0,-5,-20,-2,-7,9,1,0,0,-1,-1,-1,1,1,-1
KR_6763267983,420,-2,-64,-15,-8,-5,8,3,-6,8,2,0,5,5,3,0,3,0,0,0,-2,-9,-20,2,-8,6,-5,0,1,1,-1,-1,-1,3,-1
KR_6736044239,420,-2,-13,8,-8,1,2,3,-6,6,0,-1,3,2,-1,2,1,-1,1,0,0,-14,-8,-2,-5,7,2,0,-1,1,1,-1,-1,2,-1
KR_6776580765,420,-4,22,-20,-3,-2,3,1,-2,2,0,0,2,2,2,0,2,-1,1,0,0,-5,18,-2,-8,10,0,0,-1,-1,-1,-1,1,5,-1
KR_6746890512,420,1,-41,15,-1,-1,2,1,1,1,2,-3,7,4,2,1,3,0,0,0,0,8,120,3,-9,6,1,0,0,1,1,1,1,6,-1
KR_6777205778,420,-4,-33,39,-7,-3,4,1,-1,3,2,-1,2,1,-2,4,2,0,1,1,0,-8,1,-3,-7,10,-1,0,-1,-1,-1,-1,-1,5,-1
KR_6775507662,420,-1,21,-3,-2,0,1,1,1,2,3,2,1,3,-5,5,0,0,1,1,0,-3,9,5,-9,4,0,0,-1,-1,1,-1,-1,6,-1
KR_6690654188,420,-2,-29,8,1,-4,4,0,3,4,7,-1,1,0,2,2,4,1,0,1,0,-6,55,1,-7,6,2,0,-1,-1,1,-1,1,6,-1
KR_6773084685,420,-3,-90,-12,-4,-4,4,0,0,2,2,1,1,2,-2,8,6,1,0,1,0,-2,1,0,-7,7,0,0,-1,-1,1,-1,1,3,-1
KR_6769758290,420,-1,23,-19,-2,-1,2,1,2,2,4,0,0,0,-2,4,2,-1,1,0,0,-3,24,0,-5,5,-4,0,0,1,-1,-1,-1,3,-1
KR_6705050553,420,-3,47,-16,2,-1,2,1,-1,5,4,-2,3,1,7,1,8,-1,2,1,0,6,-3,-1,-6,7,2,0,1,1,-1,1,1,6,-1
KR_6698336814,420,-4,-4,-27,-7,1,2,3,-8,10,2,-1,4,3,-1,5,4,2,0,2,-1,-21,-6,-3,-6,9,-1,0,0,-1,-1,-1,-1,6,-1
KR_6771439448,420,-4,-14,4,-14,-2,5,3,-4,5,1,-3,4,1,-4,5,1,-1,2,1,0,-21,-1,2,-9,7,5,0,2,-1,1,1,-1,4,-1
KR_6707832172,420,-6,-73,-11,-5,-2,2,0,-6,6,0,2,1,3,0,5,5,1,2,3,0,-3,-5,-2,-5,7,3,0,0,-1,-1,-1,1,4,-1
KR_6776096874,420,-2,-64,-4,-2,-2,3,1,2,1,3,-3,5,2,2,4,6,-1,4,3,0,8,5,-1,-6,7,0,0,0,1,-1,0,-1,1,-1
KR_6763127665,420,0,0,-16,-4,1,2,3,-2,2,0,-2,3,1,-2,4,2,1,1,2,0,-11,-2,2,-9,7,-1,0,0,-1,-1,-1,1,1,-1
KR_6755979958,420,-2,0,-5,-5,-4,5,1,-5,5,0,-1,3,2,2,4,6,3,0,3,0,-6,11,3,-8,5,-4,0,0,1,1,1,1,6,-1
KR_6733352628,420,-2,8,11,0,-3,6,3,1,1,2,-2,5,3,4,0,4,0,0,0,0,-1,-2,0,-4,4,-3,0,-1,-1,1,-1,-1,2,-1
KR_6725649424,420,-1,-10,0,-1,-1,1,0,1,1,2,-3,6,3,1,1,2,1,0,1,0,0,3,1,-6,5,-2,0,0,-1,1,0,-1,2,-1
KR_6765766386,420,-6,-53,-36,-19,-5,6,1,-4,4,0,-6,7,1,-4,5,1,0,1,1,0,-7,8,-2,-2,4,-4,0,-2,-1,-1,-1,-1,4,-1
KR_6724966546,420,1,7,-1,3,-1,1,0,1,2,3,3,5,8,-3,3,0,3,0,3,1,12,-2,0,-5,5,-3,0,-1,1,-1,1,1,5,-1
KR_6743625259,420,1,12,-15,-4,-3,4,1,0,1,1,0,2,2,-1,3,2,0,1,1,0,-7,-24,-2,-6,8,1,0,0,-1,1,-1,1,1,-1
KR_6699735706,420,1,27,2,0,0,1,1,-2,6,4,3,2,5,-1,3,2,0,0,0,0,-7,77,1,-8,7,0,0,2,1,1,1,-1,4,-1
KR_6751238667,440,-3,-68,-3,-10,-1,2,1,3,2,5,4,1,5,-4,4,0,-12,14,2,0,-8,-10,0,-2,2,3,0,-1,-1,0,-1,1,1,-1
KR_6774709406,420,-1,23,-36,-5,3,1,4,-7,8,1,-1,2,1,-1,2,1,1,1,2,0,-12,0,3,-5,2,-3,0,-1,-1,-1,-1,1,5,-1
KR_6761129833,420,-3,-41,31,-6,-3,4,1,1,2,3,-2,2,0,-1,2,1,-1,1,0,-1,-9,-3,-4,-6,10,1,0,-1,-1,-1,-1,-1,2,-1
KR_6776517848,420,-3,-56,5,-7,4,1,5,-4,5,1,-4,4,0,-4,6,2,1,0,1,0,-8,-4,-1,-6,7,-1,0,0,-1,1,-1,-1,6,-1
KR_6777393580,440,-5,-26,-22,-13,0,2,2,-3,4,1,-5,6,1,3,2,5,-8,8,0,0,-9,-28,-3,-2,5,-2,0,-1,1,-1,-1,1,6,-1
KR_6753578681,420,-2,-37,0,1,-1,1,0,6,0,6,1,0,1,-5,5,0,0,1,1,1,-1,-5,-2,-8,10,-10,0,-1,1,1,-1,1,6,-1
KR_6771086188,420,-3,-23,-16,-7,-2,4,2,0,5,5,-3,5,2,-2,5,3,0,0,0,-1,-3,-1,1,-7,6,-1,0,-1,-1,-1,-1,-1,5,-1
KR_6759638403,420,-2,-7,-5,-1,0,2,2,0,6,6,-1,3,2,0,3,3,0,1,1,0,0,-28,-2,-3,5,-5,0,0,1,-1,0,1,2,-1
KR_6740773979,420,-4,-69,-42,-6,-2,2,0,0,5,5,-1,1,0,-3,6,3,0,1,1,0,-6,-5,-2,-3,5,-4,0,-2,-1,-1,-1,-1,4,-1
KR_6749600334,420,0,17,20,-1,-2,2,0,-1,1,0,0,1,1,2,0,2,0,0,0,0,2,-50,8,-10,2,-8,0,0,-1,1,0,-1,4,-1
KR_6769569994,420,2,-26,-26,5,3,4,7,1,3,4,0,1,1,0,0,0,1,0,1,0,7,-4,2,-8,6,2,0,-1,1,1,-1,-1,4,-1
KR_6745765055,420,-3,16,-19,1,-3,3,0,-2,4,2,4,3,7,2,0,2,0,2,2,0,-1,-36,4,-7,3,-2,0,-1,-1,-1,-1,1,4,-1
KR_6710775377,420,-8,-119,-8,-3,0,0,0,-1,3,2,-3,3,0,0,0,0,1,0,1,0,0,-9,-4,-1,5,-6,0,-7,-1,-1,-1,-1,6,-1
KR_6744857396,420,1,0,-24,1,-4,4,0,1,3,4,0,7,7,5,0,5,-1,2,1,0,-2,2,2,-7,5,0,0,1,-1,-1,1,1,2,-1
KR_6770480742,420,2,3,7,4,-1,2,1,2,3,5,1,0,1,1,2,3,1,1,2,-1,1,-2,0,-6,6,5,0,-1,1,-1,-1,-1,6,-1
KR_6772043431,420,-4,-37,-4,-8,-5,5,0,-3,3,0,0,2,2,0,1,1,0,1,1,0,-7,-66,-3,-5,8,1,0,-1,1,-1,-1,-1,6,-1
KR_6756649896,420,-7,-84,-32,-12,0,1,1,-7,8,1,0,2,2,-4,6,2,-1,1,0,0,-12,8,5,-7,2,-5,0,-2,-1,-1,-1,1,3,-1
KR_6736106475,420,-4,3,-32,-10,0,1,1,-2,4,2,-8,8,0,2,0,2,-2,2,0,0,-10,-7,-2,-6,8,2,0,-2,-1,-1,-1,1,3,-1
KR_6777122753,420,0,56,14,-1,0,2,2,0,1,1,0,0,0,0,1,1,-1,1,0,0,0,-8,0,-5,5,3,0,0,1,1,1,-1,4,-1
KR_6696368056,420,1,16,-7,5,-4,5,1,6,1,7,-4,4,0,5,0,5,2,0,2,0,12,1,-1,-4,5,-3,0,0,-1,-1,1,1,4,-1
KR_6741993307,420,2,26,16,-6,-1,1,0,-6,8,2,-4,5,1,5,1,6,0,2,2,-2,1,0,-2,-7,9,-7,0,-1,1,-1,-1,-1,3,-1
KR_6700223526,420,0,19,12,-1,-4,5,1,-2,5,3,0,2,2,3,0,3,2,0,2,0,4,122,-1,-3,4,-2,0,1,1,1,1,1,3,-1
KR_6777372994,420,-3,-60,-3,-7,-1,1,0,3,5,8,-4,7,3,-3,3,0,-2,2,0,0,-1,-2,-1,-6,7,-1,0,-3,-1,-1,-1,-1,5,-1
KR_6762927470,420,-3,-38,-22,-8,-3,4,1,-1,3,2,-2,4,2,-1,3,2,-1,1,0,-1,-5,-1,-5,-2,7,-2,0,-1,1,-1,-1,-1,2,-1
KR_6774458753,420,0,20,-4,-6,1,0,1,0,4,4,-5,5,0,-3,6,3,1,2,3,0,-9,19,-1,-7,8,3,0,-1,-1,1,-1,-1,4,-1
KR_6759452652,420,2,39,3,0,0,1,1,-4,4,0,2,3,5,2,2,4,0,2,2,0,3,22,-3,-5,8,1,0,2,1,1,1,1,2,-1
KR_6775787085,440,-2,-55,-16,-3,0,2,2,-4,4,0,0,3,3,6,1,7,-5,5,0,0,-6,17,3,-6,3,-1,0,-1,1,-1,1,-1,2,-1
KR_6764906552,420,-1,9,-7,0,2,2,4,-7,8,1,1,1,2,2,1,3,2,1,3,0,-7,-23,-8,-4,12,13,0,0,1,1,0,1,6,-1
KR_6776364505,420,-1,-35,-17,-8,0,2,2,2,1,3,-2,2,0,-5,7,2,-3,3,0,-1,-10,-24,-4,-4,8,1,0,-2,1,-1,-1,-1,5,-1
KR_6764250721,420,-3,3,4,-2,0,1,1,-5,9,4,0,3,3,2,3,5,1,2,3,1,4,7,-1,-4,5,-2,0,-3,0,-1,-1,1,0,-1
KR_6749938599,420,3,-3,23,0,-5,7,2,8,1,9,1,1,2,-1,5,4,-3,3,0,0,3,0,-1,-5,6,-4,0,0,1,-1,1,1,6,-1
KR_6775826621,440,-1,52,-8,3,5,3,8,-3,3,0,3,3,6,-3,4,1,1,0,1,-1,-6,7,7,-8,1,-8,0,0,-1,1,1,-1,1,-1
KR_6736646403,420,-1,-67,-12,-7,0,5,5,-1,3,2,-3,5,2,-4,5,1,1,2,3,0,-10,-2,1,-7,6,-3,0,-2,-1,0,-1,1,4,-1
KR_6669871159,420,1,7,-16,4,-3,3,0,2,1,3,1,0,1,3,1,4,1,0,1,0,5,-4,-1,-6,7,8,0,0,-1,1,0,-1,6,-1
KR_6769979608,420,0,-56,29,-8,-2,3,1,0,2,2,2,0,2,-8,8,0,0,0,0,0,-9,-1,-2,-5,7,1,0,-1,-1,-1,-1,-1,5,-1
KR_6775744553,420,-1,31,11,-4,-2,4,2,1,2,3,-5,6,1,1,2,3,1,1,2,0,-2,-155,1,-7,6,-8,0,0,-1,-1,0,1,6,-1
KR_6718667123,420,0,-62,2,-1,2,3,5,1,2,3,-2,4,2,-2,2,0,0,0,0,0,-8,-6,0,-4,4,2,0,1,-1,1,1,-1,2,-1
KR_6749857619,420,-2,-23,4,-7,1,0,1,2,3,5,-8,8,0,-3,3,0,1,0,1,0,-3,13,1,-8,7,0,0,-1,-1,-1,-1,1,5,-1
KR_6664257507,420,-4,-52,17,-5,-3,3,0,1,2,3,4,1,5,-4,4,0,-3,3,0,-1,-2,-3,-2,-4,6,3,0,-1,1,-1,-1,-1,5,-1
KR_6757613895,420,-8,-87,-17,-15,3,1,4,-1,2,1,-6,7,1,-10,10,0,-1,1,0,0,-14,2,1,-4,3,1,-1,-7,-1,-1,-1,-1,3,-1
KR_6738325056,420,1,49,25,-1,1,1,2,-4,7,3,0,3,3,2,2,4,0,1,1,0,-13,-28,2,-7,5,0,0,0,0,-1,0,1,0,-1
KR_6734760691,420,-5,-27,-60,-12,0,0,0,-8,12,4,-3,5,2,1,3,4,-2,4,2,-1,-5,-3,-2,-6,8,-2,0,-2,-1,-1,-1,-1,2,-1
KR_6775871502,420,1,33,-5,5,-3,7,4,3,0,3,1,3,4,4,0,4,0,1,1,0,9,11,3,-7,4,-2,0,1,1,-1,-1,1,5,-1
KR_6751965410,420,-1,-23,-1,-7,-2,3,1,-2,3,1,0,3,3,-3,4,1,0,2,2,0,-7,10,6,-8,2,-5,0,-1,-1,1,-1,-1,4,-1
KR_6777005003,420,-1,-42,-4,-2,-1,2,1,0,2,2,0,2,2,-1,1,0,0,0,0,0,-1,-53,-6,-4,10,17,0,-1,-1,-1,-1,-1,2,-1
KR_6727900155,420,-6,-135,-72,-5,0,0,0,-3,4,1,-2,2,0,0,1,1,0,0,0,0,-3,-7,-5,-3,8,-2,0,-2,-1,-1,-1,-1,2,-1
KR_6704206173,420,-4,-64,5,-10,-1,2,1,-2,3,1,-2,5,3,-2,3,1,-3,3,0,-1,-14,-146,-8,-3,11,4,0,-3,1,-1,-1,-1,4,-1
KR_6771860126,420,-1,-18,-21,-5,-3,4,1,-2,4,2,2,1,3,-2,3,1,0,0,0,0,-10,2,-3,-4,7,1,0,0,1,-1,0,-1,6,-1
KR_6772160372,440,1,-11,-4,7,-2,2,0,12,4,16,0,1,1,-3,5,2,0,1,1,0,2,6,3,-4,1,-2,0,0,1,1,0,1,5,-1
KR_6728073647,420,-2,32,-28,-8,2,0,2,-7,8,1,0,2,2,4,1,5,-7,7,0,-1,-14,-17,4,-7,3,0,0,0,-1,-1,0,-1,6,-1
KR_6764230264,420,-11,-121,-38,-15,-5,5,0,-3,5,2,-2,2,0,-3,3,0,-2,3,1,0,-13,-6,-3,-7,10,4,0,-2,-1,-1,-1,-1,5,-1
KR_6719962343,420,-1,-84,-2,4,0,3,3,5,1,6,0,2,2,-2,3,1,1,1,2,0,10,1,2,-8,6,-3,0,-1,-1,-1,-1,1,5,-1
KR_6695992237,420,1,-23,-1,2,3,5,8,-1,4,3,-1,1,0,0,3,3,1,0,1,0,-7,-40,3,-6,3,-5,0,2,-1,1,1,-1,6,-1
KR_6764736392,420,-3,-39,4,-11,0,0,0,-1,4,3,-2,3,1,-7,7,0,-1,3,2,0,-17,-20,-1,-9,10,3,0,-1,1,-1,-1,1,4,-1
KR_6770703742,420,-1,55,9,5,3,0,3,-2,7,5,2,0,2,2,1,3,0,0,0,0,6,4,1,-7,6,-5,0,0,1,0,0,1,1,-1
KR_6777037086,420,0,-88,2,-1,1,2,3,1,1,2,0,1,1,-3,3,0,0,0,0,0,4,-12,2,-5,3,1,0,0,-1,1,1,1,6,-1
KR_6775677910,420,-4,-60,-21,-13,-1,3,2,-3,5,2,0,1,1,-9,12,3,0,2,2,-1,-15,28,-3,-4,7,-4,0,-1,-1,1,-1,-1,6,-1
KR_6768050130,420,-1,27,-2,-2,-5,6,1,-2,3,1,0,2,2,4,3,7,1,0,1,0,-1,5,3,-7,4,0,0,-1,1,-1,-1,-1,4,-1
KR_6619581803,420,1,19,8,2,4,1,5,0,1,1,-4,6,2,1,2,3,1,0,1,0,-2,-3,-4,-5,9,0,0,1,1,1,1,-1,4,-1
KR_6756817305,420,-1,-56,-8,-2,-6,6,0,5,2,7,5,1,6,0,2,2,-6,6,0,-1,3,2,0,-3,3,0,0,-2,-1,1,-1,-1,2,-1
KR_6735497839,420,-2,21,0,-2,-1,1,0,2,1,3,-5,5,0,4,4,8,-2,2,0,0,5,4,0,-6,6,-1,0,0,-1,-1,0,1,1,-1
KR_6763220238,440,-2,-69,1,-13,-1,1,0,1,3,4,-3,4,1,-5,6,1,-5,7,2,0,-11,-15,-3,-3,6,1,0,-2,1,1,-1,-1,4,-1
KR_6587967257,420,-1,-1,-16,-7,1,1,2,0,4,4,-3,3,0,-8,10,2,3,3,6,-1,-10,-4,-2,-8,10,-2,0,-1,-1,1,-1,-1,5,-1
KR_6774386594,420,-1,-2,15,-13,-1,3,2,-7,9,2,0,0,0,-3,4,1,-2,2,0,0,-1,-9,0,-8,8,-2,0,0,-1,-1,-1,-1,2,-1
KR_6725667087,420,-2,-20,-8,-1,-3,4,1,-2,3,1,-1,2,1,3,0,3,2,0,2,0,-1,-25,-2,-4,6,-2,0,0,1,-1,-1,1,6,-1
KR_6771303751,420,1,6,20,-1,6,0,6,-5,6,1,-1,2,1,0,2,2,-1,1,0,0,-3,-6,0,-9,9,0,0,-1,-1,-1,-1,-1,1,-1
KR_6722917466,420,-2,-33,-20,-3,-5,6,1,-3,4,1,-3,4,1,4,3,7,4,3,7,0,-6,4,0,-5,5,1,0,0,-1,-1,1,-1,1,-1
KR_6776060606,420,-1,-71,-10,1,1,0,1,-5,6,1,7,2,9,-3,4,1,1,4,5,0,-3,-3,-1,-5,6,2,0,0,1,1,0,1,2,-1
KR_6713887562,420,-1,-12,-16,-1,-4,4,0,-1,1,0,4,1,5,-1,2,1,1,0,1,0,2,-27,-2,-5,7,1,0,0,1,-1,-1,1,5,-1
KR_6736946495,420,-4,-45,-24,-9,-4,4,0,-2,3,1,-1,2,1,-1,5,4,-1,2,1,0,1,-72,0,-5,5,-22,0,-2,1,1,-1,-1,3,-1
KR_6766225088,420,-2,-19,-9,0,-2,3,1,0,4,4,2,2,4,0,3,3,0,1,1,0,5,3,-1,-6,7,3,0,-2,-1,-1,-1,1,3,-1
KR_6769494129,420,1,8,7,-9,-1,3,2,-4,8,4,-2,6,4,-1,4,3,-1,1,0,-3,-15,-27,-4,-2,6,1,0,-1,1,-1,-1,-1,1,-1
KR_6759589511,420,-1,-65,6,-4,-2,3,1,2,1,3,2,2,4,-6,6,0,0,0,0,1,-2,5,3,-7,4,-3,0,-1,1,1,-1,1,3,-1
KR_6775761716,420,-1,-55,-24,-10,0,3,3,-3,3,0,-4,7,3,-2,3,1,-1,1,0,-2,-15,-5,-8,-5,13,-4,0,-2,-1,1,-1,-1,3,-1
KR_6771604131,420,-4,-104,-21,-13,-5,5,0,-4,6,2,0,2,2,-4,4,0,0,1,1,-3,-13,-171,-1,-6,7,-5,0,-2,-1,1,-1,-1,3,-1
KR_6774394816,420,-3,-13,8,-4,0,2,2,-2,5,3,-1,2,1,-1,2,1,0,1,1,0,-10,-7,1,-6,5,0,0,-2,-1,-1,-1,-1,1,-1
KR_6772276304,420,-4,11,11,2,-1,2,1,5,2,7,2,3,5,-5,7,2,1,0,1,0,-4,39,-2,-7,9,-8,0,1,1,1,1,1,5,-1
KR_6762761043,420,1,14,12,0,3,0,3,-2,3,1,-5,5,0,3,1,4,1,0,1,1,-6,-7,0,-5,5,-4,0,-2,-1,-1,-1,1,4,-1
KR_6752442209,420,-1,34,-10,-6,-3,5,2,-4,7,3,-1,2,1,1,5,6,1,0,1,0,0,104,-7,-1,8,4,0,0,1,-1,1,-1,6,-1
KR_6771001175,420,-5,-61,-12,-11,-2,3,1,-2,5,3,-1,3,2,-4,5,1,-2,3,1,-1,-11,-40,-3,-2,5,4,0,-2,-1,-1,-1,-1,4,-1
KR_6775968107,440,1,34,-12,0,3,1,4,2,2,4,-4,4,0,0,3,3,-1,1,0,-1,-7,-29,3,-8,5,2,0,1,-1,1,1,-1,2,-1
KR_6754361977,440,-2,-113,-22,-6,-3,3,0,-2,4,2,-1,1,0,0,8,8,0,0,0,0,-2,-13,-3,-1,4,1,0,0,1,1,-1,-1,4,-1
KR_6594239223,420,-4,-63,5,-12,0,1,1,1,5,6,-5,6,1,-4,6,2,-4,5,1,-2,-26,-28,-9,-3,12,3,0,-1,1,-1,-1,-1,3,-1
KR_6707862111,420,-5,-19,3,-9,-5,6,1,3,3,6,-5,5,0,-2,3,1,0,0,0,0,-12,-18,0,-9,9,2,0,0,1,-1,-1,-1,5,-1
KR_6771593708,420,0,-40,5,-2,-5,5,0,-2,2,0,2,2,4,2,2,4,1,0,1,0,-1,2,-1,-4,5,1,0,0,1,1,0,1,3,-1
KR_6772759902,420,1,-13,26,2,1,1,2,5,1,6,-5,6,1,1,2,3,0,0,0,0,4,-9,0,-6,6,-2,0,0,-1,1,0,1,1,-1
KR_6732344129,420,-2,-20,10,-8,-6,6,0,3,2,5,-4,5,1,-1,2,1,0,0,0,0,-14,-6,-2,-4,6,3,0,0,-1,-1,-1,1,4,-1
KR_6763127801,420,4,35,-11,4,3,0,3,-1,2,1,3,2,5,-1,2,1,0,0,0,0,5,-1,-1,-6,7,-2,0,-1,1,-1,-1,1,6,-1
KR_6775130957,420,-1,38,-12,-5,0,2,2,-3,4,1,-2,5,3,0,3,3,0,0,0,0,-3,-27,-2,-2,4,27,0,-1,1,-1,-1,1,2,-1
KR_6766894004,420,0,-3,11,-4,0,1,1,0,3,3,-1,2,1,-3,3,0,0,0,0,0,-8,-6,-10,-1,11,0,0,0,-1,-1,0,-1,6,-1
KR_6771509001,420,0,-35,-24,1,-1,2,1,-2,3,1,0,2,2,4,0,4,0,1,1,-1,-1,-8,-2,-6,8,-2,0,-1,-1,-1,1,-1,4,-1
KR_6766122305,420,-4,3,-35,-4,1,1,2,-2,3,1,0,2,2,-3,6,3,0,1,1,0,-11,-18,-4,-7,11,5,0,0,1,1,0,1,5,-1
KR_6773889392,420,-4,-78,-12,-13,-6,7,1,-5,6,1,-1,2,1,-2,2,0,1,0,1,0,-10,-6,0,-8,8,-1,0,-2,-1,0,-1,-1,3,-1
KR_6768748746,440,-3,-82,-11,-1,3,1,4,-4,4,0,1,1,2,-2,5,3,1,1,2,-1,1,-18,-2,-4,6,-1,0,1,-1,-1,-1,-1,3,-1
KR_6699806652,420,0,7,-16,2,7,0,7,2,1,3,-8,8,0,1,0,1,0,0,0,0,8,2,-2,-4,6,0,0,0,-1,-1,0,-1,6,-1
KR_6754457093,420,3,-4,8,2,-1,5,4,-1,3,2,2,3,5,1,3,4,1,2,3,0,-1,2,-2,-8,10,5,0,2,1,1,1,-1,2,-1
KR_6777050974,420,-2,-19,21,-2,-6,8,2,1,2,3,4,6,10,0,2,2,-1,3,2,-1,2,2,-3,-5,8,-2,0,0,1,1,1,-1,6,-1
KR_6772374870,420,-1,-53,4,-2,2,1,3,0,1,1,-3,4,1,-1,3,2,0,0,0,0,-1,6,4,-8,4,-1,0,-1,1,-1,-1,1,2,-1
KR_6639763641,420,-1,-8,5,2,0,0,0,3,0,3,1,1,2,-1,2,1,-1,1,0,1,2,58,2,-6,4,-2,0,-1,1,-1,-1,1,2,-1
KR_6744462586,420,-5,-46,-30,-7,-2,4,2,-1,2,1,-2,5,3,0,2,2,-2,2,0,0,-5,-30,2,-3,1,0,0,0,-1,-1,0,1,1,-1
KR_6763531029,420,-2,-31,-13,-2,2,1,3,-1,3,2,-3,4,1,-1,6,5,1,0,1,1,-3,-26,2,-11,9,4,0,0,-1,1,1,1,6,-1
KR_6772507945,420,1,24,10,3,1,0,1,-1,1,0,7,0,7,-2,5,3,-2,2,0,0,1,-7,0,-5,5,0,0,0,1,1,-1,-1,5,-1
KR_6769659709,420,-1,27,16,-5,3,3,6,-3,5,2,-3,4,1,-1,3,2,-1,1,0,-1,-10,4,4,-10,6,-4,0,0,-1,1,1,-1,4,-1
KR_6758033785,440,1,-82,-4,9,0,3,3,-2,6,4,8,3,11,2,0,2,1,2,3,0,8,-8,2,-7,5,3,0,0,1,1,0,-1,6,-1
KR_6768855602,420,-5,-88,8,-8,-7,8,1,-1,4,3,1,2,3,0,1,1,-1,1,0,-1,-11,-12,-5,-3,8,3,0,-3,1,1,-1,-1,3,-1
KR_6768465069,440,3,-12,8,7,1,3,4,-1,3,2,1,1,2,1,7,8,5,0,5,0,5,13,3,-7,4,0,0,2,1,1,1,1,2,-1
KR_6731367506,420,-3,-21,-13,-9,-3,6,3,-3,5,2,-1,1,0,-2,3,1,0,0,0,0,-15,4,0,-5,5,-4,0,-3,1,-1,-1,-1,3,-1
KR_6771810551,440,0,1,-28,1,-2,3,1,0,3,3,-2,4,2,2,0,2,3,0,3,-1,0,5,1,-3,2,-2,0,1,1,-1,-1,-1,3,-1
KR_6774634135,420,-4,-43,-11,-4,0,2,2,0,1,1,-3,3,0,-1,1,0,0,1,1,0,-4,-28,0,-5,5,-3,0,0,-1,1,1,-1,2,-1
KR_6768879709,420,-1,-17,-16,-1,-1,2,1,-2,3,1,3,0,3,0,0,0,-1,1,0,0,-6,0,-3,-5,8,0,0,1,1,1,1,1,5,-1
KR_6752467908,420,-2,-75,-12,-2,-6,7,1,-3,5,2,6,0,6,1,1,2,0,0,0,0,11,-8,0,-6,6,-4,0,-2,-1,-1,-1,-1,1,-1
KR_6753084457,420,-1,42,-11,0,-3,4,1,-3,3,0,2,2,4,6,2,8,-2,2,0,0,-5,14,0,-5,5,-5,0,-2,1,-1,-1,1,3,-1
KR_6728561017,420,-1,-2,29,-4,-1,3,2,1,4,5,-7,9,2,4,2,6,-1,2,1,0,-8,12,0,-8,8,-8,0,0,0,1,0,1,0,-1
KR_6748505733,420,-2,-67,-12,1,2,1,3,0,1,1,4,3,7,-4,5,1,-1,1,0,0,-9,-17,4,-7,3,3,0,-2,1,-1,-1,1,3,-1
KR_6763671479,420,-1,-27,4,-2,-1,2,1,4,1,5,1,2,3,-7,7,0,1,0,1,0,-5,0,1,-6,5,0,0,0,-1,-1,-1,-1,4,-1
KR_6737299203,420,1,20,8,-3,0,0,0,1,2,3,-2,2,0,-1,3,2,-1,1,0,1,-1,-4,2,-8,6,-5,0,2,-1,1,1,1,3,-1
KR_6670564292,420,1,-6,16,1,4,3,7,1,3,4,-2,4,2,0,5,5,-2,2,0,2,-1,4,-3,-4,7,-5,0,2,-1,1,1,-1,4,-1
KR_6754710020,420,-4,-24,-32,-11,-2,3,1,-1,6,5,-3,3,0,-3,4,1,-2,3,1,-1,-15,5,1,-8,7,0,0,0,-1,-1,-1,-1,2,-1
KR_6762842032,420,0,11,23,5,3,0,3,1,2,3,1,0,1,-2,2,0,2,1,3,0,1,1,-2,-7,9,2,0,0,-1,1,-1,1,2,-1
KR_6777757176,420,-1,-4,-6,1,2,2,4,-3,4,1,0,3,3,1,2,3,1,0,1,0,-3,-177,-3,-1,4,2,0,1,-1,1,1,-1,5,-1
KR_6753024504,420,2,-21,7,0,1,1,2,-3,5,2,1,1,2,-1,1,0,2,0,2,0,-4,0,0,-7,7,1,0,0,-1,1,0,-1,6,-1
KR_6772801459,420,-1,-22,-2,4,-1,2,1,-2,2,0,2,2,4,6,1,7,-1,2,1,0,9,5,6,-10,4,-2,0,0,-1,1,0,1,6,-1
KR_6760070861,420,-6,-35,-26,-7,2,1,3,-5,7,2,1,1,2,-5,7,2,0,1,1,2,1,1,-1,-6,7,3,0,-1,-1,-1,-1,1,3,-1
KR_6765124609,420,-2,-54,-16,1,-3,4,1,-2,4,2,-1,2,1,3,3,6,4,1,5,0,7,-9,-4,-4,8,-1,0,-1,-1,-1,-1,1,6,-1
KR_6771616202,440,-2,-85,1,-10,-1,3,2,2,2,4,-8,8,0,-4,8,4,1,0,1,0,-11,5,3,-10,7,-1,0,-1,-1,-1,-1,-1,1,-1
KR_6776079910,420,-3,-11,-37,-9,-1,3,2,-4,6,2,-4,4,0,0,5,5,0,1,1,0,-7,5,-2,-4,6,-2,0,-1,-1,-1,-1,-1,6,-1
KR_6776103350,420,-2,4,19,-3,-4,4,0,2,3,5,1,2,3,-1,6,5,-1,3,2,0,-4,-26,-2,-6,8,9,0,-1,1,-1,-1,1,1,-1
KR_6775640789,420,-3,-53,-18,-8,1,0,1,-2,2,0,-4,5,1,-2,5,3,-1,1,0,0,-14,-2,-1,-4,5,4,0,-2,1,1,-1,1,1,-1
KR_6748948798,420,-3,2,-17,0,-1,2,1,-2,5,3,0,2,2,3,0,3,0,1,1,0,6,-5,-1,-4,5,4,0,1,1,1,1,1,6,-1
KR_6768161043,420,-1,-64,16,3,0,1,1,2,4,6,4,1,5,-3,4,1,0,0,0,1,3,18,8,-10,2,1,0,0,1,1,-1,1,6,-1
KR_6773976655,440,-2,-39,-28,-3,3,1,4,1,0,1,-8,8,0,1,2,3,0,3,3,0,1,10,1,-5,4,1,0,0,-1,1,-1,-1,2,-1
KR_6761883292,440,-1,5,18,-4,-5,8,3,1,0,1,0,2,2,-2,2,0,2,0,2,0,-5,10,-2,-3,5,3,0,0,-1,-1,1,-1,6,-1
KR_6734709627,420,1,1,5,-4,1,2,3,-7,7,0,-3,3,0,4,4,8,1,0,1,0,-8,-3,-4,-3,7,-1,0,-1,-1,-1,-1,-1,3,-1
KR_6754889830,420,-7,-91,-3,-10,-3,3,0,-3,7,4,1,1,2,-5,6,1,0,3,3,-2,-7,14,0,-7,7,-7,0,-1,1,-1,-1,-1,4,-1
KR_6695989848,420,-4,20,16,-15,-5,7,2,-3,5,2,0,4,4,-5,5,0,-2,4,2,0,-8,4,-5,-7,12,2,0,-3,1,-1,-1,-1,3,-1
KR_6718881113,420,4,24,12,-2,0,3,3,3,0,3,-3,6,3,-1,1,0,-1,1,0,1,-1,21,-2,-6,8,-2,0,-1,-1,-1,-1,1,5,-1
KR_6775902017,420,3,6,15,8,-4,5,1,6,3,9,3,0,3,4,2,6,-1,1,0,0,17,1,-1,-7,8,7,0,0,1,-1,0,-1,4,-1
KR_6744039214,420,-4,-52,6,-11,-1,3,2,-9,9,0,-1,3,2,1,1,2,-1,1,0,0,-14,12,-1,-5,6,2,0,-1,1,-1,-1,1,5,-1
KR_6594269920,420,-3,-69,-28,-6,-4,5,1,-1,3,2,1,0,1,1,0,1,-3,3,0,0,-7,202,0,-4,4,-3,0,0,-1,1,0,-1,6,-1
KR_6677782856,420,-9,-91,31,-13,-4,4,0,1,3,4,-5,6,1,-4,5,1,-1,1,0,0,-10,-31,0,-7,7,-12,0,-2,-1,1,-1,1,4,-1
KR_6693936306,420,-5,-123,-3,-5,-5,5,0,-1,2,1,6,2,8,-4,4,0,-1,3,2,0,-7,-1,3,-5,2,-2,0,-1,-1,1,-1,1,3,-1
KR_6761971892,420,-1,-24,20,-5,-2,2,0,-1,4,3,-1,2,1,0,2,2,-1,1,0,0,-4,8,0,-5,5,-4,0,0,1,0,0,-1,5,-1
KR_6769248587,420,1,16,27,1,-3,4,1,1,3,4,4,1,5,-3,4,1,2,0,2,0,1,12,0,-6,6,-7,0,1,-1,0,1,-1,3,-1
KR_6744508727,420,-2,-16,-40,-6,-1,2,1,-7,7,0,-4,5,1,5,0,5,1,0,1,-1,-10,-5,1,-5,4,4,0,-1,-1,-1,-1,-1,1,-1
KR_6759727361,420,-2,0,-8,-4,-1,1,0,1,1,2,-2,2,0,-1,2,1,-1,1,0,0,-8,4,4,-9,5,-1,0,-2,-1,-1,-1,-1,6,-1
KR_6773858499,440,-3,-48,13,-5,1,2,3,-2,3,1,1,2,3,-4,6,2,-1,1,0,0,-2,-5,2,-8,6,-6,0,-1,-1,-1,-1,1,5,-1
KR_6777064451,420,-3,-20,-42,-13,0,3,3,-3,3,0,-6,6,0,-1,3,2,-3,3,0,0,-13,47,1,-7,6,-28,0,1,-1,1,1,-1,4,-1
KR_6704236940,420,-4,-32,0,-9,-2,2,0,1,3,4,-2,5,3,-3,4,1,-3,3,0,0,-5,-8,-3,-6,9,2,0,-2,1,-1,-1,-1,4,-1
KR_6705620897,420,5,44,16,8,2,3,5,-3,6,3,5,1,6,2,2,4,2,0,2,2,3,-3,2,-6,4,-3,0,1,1,-1,1,1,5,-1
KR_6775851008,420,-5,-62,-32,-11,1,0,1,-12,14,2,-3,5,2,1,1,2,2,0,2,0,-13,-5,-3,-7,10,2,0,-1,-1,-1,-1,1,5,-1
KR_6756641771,420,1,-1,-7,-4,-1,1,0,-1,2,1,-2,6,4,1,1,2,-1,1,0,0,-7,102,-3,-4,7,1,0,0,1,1,0,-1,6,-1
KR_6714046801,420,-11,-101,-37,-21,-3,3,0,-3,5,2,-5,5,0,-3,4,1,-7,7,0,-1,-30,-12,-1,-5,6,2,0,-2,1,-1,-1,-1,2,-1
KR_6577965785,420,-3,-70,14,-6,-2,3,1,-5,5,0,1,3,4,0,1,1,0,0,0,0,-9,13,0,-8,8,-3,0,-2,1,-1,-1,1,5,-1
KR_6743015369,420,-4,-79,-16,-8,0,1,1,-1,5,4,-1,4,3,-7,8,1,1,0,1,0,-8,-1,-8,-2,10,-3,0,-3,-1,-1,-1,-1,4,-1
KR_6752885803,420,3,25,-2,-8,2,1,3,-1,3,2,-4,5,1,-5,5,0,0,0,0,-1,-14,-4,-3,-3,6,-4,0,-1,1,-1,-1,-1,5,-1
KR_6774461919,440,-3,1,-37,-11,-1,3,2,-7,10,3,-2,2,0,-1,5,4,0,1,1,-2,-16,4,0,-5,5,-1,0,-1,-1,-1,-1,-1,3,-1
KR_6777775024,420,-1,-56,10,-4,-1,2,1,-6,7,1,3,1,4,1,1,2,-1,2,1,0,-4,-3,1,-5,4,-5,0,0,-1,1,-1,-1,1,-1
KR_6772396147,420,0,-42,-12,5,0,2,2,-1,5,4,7,1,8,0,4,4,-1,3,2,2,15,-15,-6,-5,11,4,0,0,1,1,1,1,3,-1
KR_6747115467,420,0,-10,-39,-3,-2,3,1,-3,5,2,-3,4,1,4,0,4,1,0,1,0,1,1,3,-9,6,6,0,0,1,-1,-1,-1,3,-1
KR_6770102915,420,-2,-19,-16,-8,-2,2,0,-3,5,2,1,4,5,-1,4,3,-3,4,1,0,-14,-1,-5,-4,9,0,0,0,-1,0,0,1,2,-1
KR_6769947140,440,-5,-92,-8,-22,-5,5,0,-3,3,0,-7,9,2,-5,6,1,-2,2,0,-3,-32,-6,-1,-5,6,-2,0,-2,-1,0,-1,-1,3,-1
KR_6771916943,440,0,-6,-16,-2,2,1,3,-4,6,2,1,0,1,-1,1,0,0,1,1,0,-6,-2,-8,-2,10,0,0,-1,-1,-1,-1,1,4,-1
KR_6745403393,420,-4,-40,5,-14,-3,3,0,-1,6,5,-4,7,3,0,1,1,-6,7,1,0,-15,-21,1,-7,6,-1,0,0,-1,-1,-1,-1,5,-1
KR_6763118653,420,-2,-66,8,-4,1,1,2,1,3,4,0,1,1,-4,5,1,-2,2,0,-1,-5,-63,-3,-3,6,12,0,-1,-1,1,-1,-1,4,-1
KR_6694615023,420,-3,-1,1,-4,0,4,4,-1,4,3,-1,2,1,-1,1,0,-1,4,3,-1,-3,-3,0,-5,5,0,0,-1,-1,1,-1,-1,3,-1
KR_6677181458,420,-2,0,-16,-8,0,2,2,-4,9,5,0,2,2,-1,2,1,-3,3,0,0,-21,8,-2,-7,9,2,0,0,-1,-1,0,-1,3,-1
KR_6766829452,420,2,27,8,-1,5,1,6,-2,2,0,-2,2,0,0,1,1,-2,3,1,0,-3,-6,-1,-8,9,0,0,0,-1,-1,-1,-1,2,-1
KR_6739189904,420,2,-79,13,3,-6,6,0,0,3,3,4,2,6,1,1,2,4,1,5,0,4,-2,6,-11,5,-1,0,-1,-1,1,-1,1,3,-1
KR_6749376838,420,3,80,-17,0,-4,4,0,-2,4,2,3,2,5,0,3,3,3,0,3,0,-1,-88,-3,-4,7,-6,0,1,-1,-1,1,-1,2,-1
KR_6661454745,420,-1,-18,13,-9,-2,2,0,3,1,4,-6,8,2,-4,5,1,0,1,1,0,-5,-30,-4,-3,7,-5,0,-1,-1,-1,-1,1,6,-1
KR_6752509921,420,-6,-12,4,-8,1,1,2,-2,6,4,-3,3,0,1,3,4,-5,5,0,-1,-14,-2,3,-9,6,0,0,0,1,1,1,-1,5,-1
KR_6600930037,420,1,72,-20,5,1,0,1,2,5,7,0,0,0,1,0,1,1,0,1,0,7,18,0,-5,5,2,0,0,1,1,0,1,1,-1
KR_6773448217,420,-1,-15,-4,-7,-1,2,1,-1,7,6,-2,4,2,-1,3,2,-2,2,0,0,-6,-6,-6,-3,9,1,0,0,-1,1,0,1,2,-1
KR_6746987030,420,-4,20,-32,-4,-1,1,0,-2,6,4,-1,2,1,0,0,0,0,0,0,0,1,20,0,-7,7,-6,0,-1,-1,1,1,-1,5,-1
KR_6729608306,420,0,43,5,-4,-1,1,0,-2,5,3,-4,4,0,2,4,6,1,0,1,-2,0,1,-2,-6,8,8,0,-1,1,-1,-1,-1,3,-1
KR_6769343956,420,-6,-78,-18,-9,3,1,4,-3,6,3,-1,3,2,-6,8,2,-2,2,0,0,-10,-2,-1,-4,5,-4,0,-2,-1,1,-1,-1,4,-1
KR_6758369583,420,-8,-113,-21,-24,-4,4,0,-11,11,0,1,0,1,-10,11,1,0,0,0,0,-36,-11,0,-6,6,0,0,-3,-1,-1,-1,-1,5,-1
KR_6707871827,420,0,24,36,-5,3,0,3,-2,4,2,-1,2,1,1,0,1,-6,6,0,0,-9,22,-1,-6,7,0,0,-1,-1,-1,-1,1,6,-1
KR_6740733448,440,-9,-49,-62,-30,-7,7,0,-7,7,0,-2,2,0,-9,12,3,-5,5,0,-1,-39,-3,-4,0,4,-7,0,-2,-1,-1,-1,-1,1,-1
KR_6744803564,420,0,-18,26,-11,1,1,2,-5,5,0,-3,4,1,-4,7,3,0,0,0,-1,-12,-26,-8,-4,12,1,0,-1,1,-1,-1,-1,3,-1
KR_6777167492,440,3,-29,20,7,2,1,3,-1,1,0,-5,6,1,5,0,5,6,0,6,0,4,1,1,-6,5,-1,0,0,1,1,1,-1,2,-1
KR_6761432648,420,1,6,-10,0,3,3,6,-3,4,1,3,1,4,-3,6,3,0,1,1,-1,-1,-16,-5,-3,8,-2,0,0,-1,1,1,-1,3,-1
KR_6777566799,420,-2,-16,4,-9,0,0,0,-1,3,2,-4,6,2,-1,2,1,-3,3,0,1,-14,33,0,-8,8,1,0,-2,-1,-1,-1,1,6,-1
KR_6594522271,420,-2,-19,-4,-4,-2,2,0,-4,5,1,-1,2,1,3,1,4,0,1,1,0,-8,18,-2,-8,10,2,0,0,-1,-1,0,-1,6,-1
KR_6768299587,420,-2,9,-15,-7,-2,3,1,3,0,3,-5,6,1,-2,3,1,-1,2,1,0,-7,3,2,-8,6,-2,0,-1,-1,1,1,-1,6,-1
KR_6777195103,420,-3,4,-5,-8,-2,4,2,4,1,5,-1,3,2,-6,8,2,-3,3,0,1,-3,5,5,-8,3,0,0,-1,1,-1,-1,-1,3,-1
KR_6772206218,420,0,2,34,-7,-3,6,3,-1,2,1,0,3,3,-3,3,0,0,0,0,0,-11,-9,-5,-2,7,2,0,-2,1,-1,-1,-1,3,-1
KR_6699271133,420,-4,-28,-15,-14,2,0,2,-5,7,2,-1,1,0,-9,10,1,-1,2,1,0,-23,-8,-3,-5,8,-1,0,-2,0,-1,-1,-1,0,-1
KR_6771808321,420,2,27,9,2,4,0,4,1,3,4,-1,1,0,-2,4,2,0,1,1,0,-2,5,0,-6,6,-5,0,1,-1,1,1,1,5,-1
KR_6716521521,420,-1,-69,-1,-2,-4,6,2,0,4,4,10,0,10,-5,5,0,-3,3,0,3,12,-5,-1,-6,7,-2,0,-1,-1,-1,-1,1,1,-1
KR_6776806762,420,-5,-88,-16,-9,-4,5,1,-2,2,0,-1,1,0,-2,5,3,0,1,1,0,-1,-6,-4,-3,7,3,0,-1,-1,-1,-1,-1,4,-1
KR_6736416047,420,-3,-30,-4,-11,1,1,2,0,3,3,-1,2,1,-6,7,1,-5,5,0,0,-6,37,4,-8,4,-2,0,-2,-1,-1,-1,-1,3,-1
KR_6742384174,420,-5,-59,0,-12,-4,4,0,-1,3,2,-2,2,0,-3,4,1,-2,2,0,0,-13,-1,0,-5,5,-1,0,-1,1,-1,-1,-1,2,-1
KR_6656581965,420,-4,7,-29,-9,-1,1,0,-3,5,2,-1,5,4,-3,4,1,-1,2,1,0,-19,-29,-3,-6,9,-4,0,-2,-1,-1,-1,1,2,-1
KR_6757468551,420,-2,-16,-35,2,1,0,1,-2,5,3,1,2,3,4,0,4,-2,2,0,0,-3,3,3,-10,7,0,0,0,1,-1,0,1,5,-1
KR_6736240050,420,-2,22,-16,1,-2,3,1,-1,5,4,1,1,2,4,0,4,-1,2,1,1,4,-32,1,-7,6,-5,0,1,1,-1,1,1,2,-1
KR_6651353405,420,-3,-18,-21,-10,-1,2,1,-5,7,2,5,2,7,-3,3,0,-6,6,0,0,-15,-3,1,-4,3,-3,0,-2,0,-1,-1,-1,0,-1
KR_6758813560,420,-5,-25,9,-14,-4,4,0,-3,3,0,-4,6,2,-4,4,0,1,0,1,0,-15,-17,-3,-5,8,-4,0,-3,-1,-1,-1,-1,6,-1
KR_6704142244,440,-2,-61,3,-14,1,1,2,-2,2,0,-4,4,0,-7,7,0,-2,2,0,-1,-20,-80,-8,-1,9,3,0,-4,-1,-1,-1,-1,5,-1
KR_6756000123,420,-3,-22,-27,-2,-4,5,1,3,4,7,-4,6,2,1,1,2,2,1,3,-1,5,-4,2,-4,2,4,0,0,1,1,0,-1,5,-1
KR_6752334588,420,-1,14,-20,0,-5,6,1,0,5,5,0,1,1,4,0,4,1,2,3,0,-8,-18,3,-8,5,-3,0,0,-1,1,0,1,5,-1
KR_6763687095,440,-1,-47,-33,0,-3,3,0,0,1,1,2,3,5,1,4,5,0,0,0,0,3,-33,-2,-1,3,3,0,0,0,-1,0,1,0,-1
KR_6661494169,420,-3,-4,-51,1,-2,3,1,-1,4,3,-2,4,2,7,0,7,-1,1,0,0,7,-24,2,-8,6,7,0,1,1,1,1,1,1,-1
KR_6774409628,420,-4,21,-17,-2,0,3,3,-3,7,4,-4,5,1,3,1,4,2,0,2,1,0,9,0,-6,6,-9,0,0,1,-1,0,1,3,-1
KR_6757160675,440,-2,-7,-18,1,-7,8,1,3,2,5,0,2,2,4,0,4,1,0,1,0,-2,1,4,-8,4,1,0,0,0,1,-1,-1,0,-1
KR_6769208405,420,-4,-59,-40,-8,-4,4,0,-1,3,2,-2,4,2,-2,3,1,1,1,2,0,-5,-33,-2,-3,5,0,0,-2,-1,-1,-1,1,4,-1
KR_6771881508,420,-4,-53,-28,-5,-1,2,1,1,2,3,0,1,1,-4,6,2,-1,1,0,0,-7,8,-2,-4,6,-3,0,-1,-1,-1,-1,-1,1,-1
KR_6754717882,420,-4,-54,0,-10,-1,2,1,-1,2,1,-3,4,1,-4,4,0,-1,1,0,0,-11,138,1,-8,7,21,0,-2,-1,1,-1,-1,1,-1
KR_6777511237,420,-4,-71,-15,-12,4,2,6,-4,6,2,-3,4,1,-4,5,1,-5,6,1,0,-13,-1,-1,-6,7,-6,0,-2,1,0,-1,-1,6,-1
KR_6762874060,420,-5,-59,-30,-9,0,2,2,-1,1,0,-5,7,2,-1,3,2,-2,2,0,0,-3,0,2,-5,3,1,0,0,-1,-1,-1,1,5,-1
KR_6671288967,420,-5,-44,-8,-12,0,2,2,-5,7,2,-5,6,1,-2,4,2,0,3,3,-1,-12,53,-3,-1,4,-1,0,-1,-1,-1,-1,-1,6,-1
KR_6736684132,420,1,-3,-14,0,0,1,1,1,1,2,-1,8,7,0,2,2,0,1,1,0,7,16,-1,-5,6,2,0,0,1,1,0,-1,3,-1
KR_6736092545,420,-2,10,4,-13,-4,4,0,-5,6,1,-1,4,3,-1,2,1,-2,2,0,0,-15,-5,-2,-3,5,-1,0,-1,-1,-1,-1,-1,5,-1
KR_6767791708,420,-2,-48,32,-8,-2,3,1,-4,7,3,-4,4,0,-1,3,2,3,1,4,0,-8,-38,-1,-5,6,0,0,2,1,1,1,1,1,-1
KR_6772431902,420,-3,-52,4,-10,-2,3,1,0,1,1,-3,6,3,1,4,5,-6,6,0,0,-11,-19,0,-7,7,-6,0,-2,-1,-1,-1,-1,1,-1
KR_6642924319,420,-3,-15,4,-13,0,1,1,-4,6,2,-6,7,1,-2,4,2,-1,2,1,0,-19,-1,-1,-6,7,-1,0,-2,1,-1,-1,-1,3,-1
KR_6767023767,420,-2,-20,-8,-9,-3,5,2,-2,4,2,-1,3,2,-3,4,1,0,1,1,-1,-7,7,-2,-4,6,-6,0,-3,1,-1,-1,-1,3,-1
KR_6731282381,420,0,-3,-19,1,-5,6,1,0,5,5,3,4,7,3,2,5,0,1,1,0,2,-5,-1,-5,6,3,0,1,-1,1,1,1,2,-1
KR_6761951639,420,2,-30,30,1,-3,3,0,1,2,3,2,6,8,0,2,2,1,0,1,0,-5,-5,-1,-5,6,4,0,0,0,1,0,-1,0,-1
KR_6742029130,420,-2,-22,8,-4,0,1,1,-2,5,3,1,2,3,-2,4,2,-1,2,1,-1,-8,-9,-5,-4,9,-3,0,0,1,-1,0,-1,6,-1
KR_6775366821,440,0,1,-17,-1,-1,1,0,-4,4,0,-5,6,1,8,0,8,1,3,4,0,-3,2,2,-6,4,2,0,-1,-1,1,-1,1,1,-1
KR_6768786466,420,-3,-101,-16,-7,1,1,2,-2,2,0,-2,5,3,-3,5,2,-1,1,0,-1,-6,8,-2,-6,8,0,0,-2,-1,1,-1,-1,3,-1
KR_6769507540,420,1,-70,-7,3,-1,4,3,4,0,4,0,4,4,0,2,2,0,0,0,0,13,-8,-2,-3,5,-3,0,-1,-1,-1,-1,-1,3,-1
KR_6752458457,420,4,22,-12,14,4,1,5,1,0,1,6,0,6,2,1,3,1,0,1,-1,11,11,1,-4,3,0,0,-1,1,-1,-1,-1,5,-1
KR_6770623398,420,-5,-35,-24,-15,-5,7,2,-2,3,1,-1,2,1,-8,8,0,1,0,1,0,-14,-4,-2,-6,8,3,0,0,-1,-1,-1,-1,6,-1
KR_6776173825,440,-1,38,-32,-8,0,3,3,3,0,3,-5,5,0,-7,8,1,1,2,3,0,-12,-20,-1,-7,8,-3,0,0,-1,-1,-1,-1,3,-1
KR_6718279228,420,-3,-7,4,-8,-4,4,0,0,4,4,1,1,2,-4,5,1,-1,1,0,0,-8,-4,-1,-7,8,-1,0,-1,1,-1,-1,-1,4,-1
