matchId,queueId,Diff_LV,Diff_CS,Diff_jglCS,Diff-K,Diff-K-top,K-WIN-top,K-LOSE-top,Diff-K-jug,K-WIN-jug,K-LOSE-jug,Diff-K-mid,K-WIN-mid,K-LOSE-mid,Diff-K-ad,K-WIN-ad,K-LOSE-ad,Diff-K-sup,K-WIN-sup,K-LOSE-sup,invadeKill,Diff-A,Diff_WARDplaced,Diff-ControlWARDplaced,LOSE_controlWARDPlaced,WIN_controlWARDPlaced,Diff_WARDkill,Diff_Inhibitor,Diff_TOWERkill,Diff_FirstDRAGON,Diff_FirstHERALD,Diff_Firsttower,Diff_FirstBLOOD,dragonType,result
KR_6619305671,420,1,18,-24,6,-1,3,2,0,1,1,0,4,4,7,1,8,0,1,1,1,13,3,-1,-1,2,-1,0,0,-1,-1,-1,1,3,-1
KR_6730411074,420,-4,14,-19,0,2,2,4,0,3,3,-5,6,1,2,1,3,1,0,1,0,-2,3,1,-4,3,4,0,-1,1,-1,-1,1,6,-1
KR_6738112066,420,-1,-4,-16,1,-4,6,2,3,0,3,4,1,5,0,1,1,-2,3,1,0,2,6,2,-3,1,-5,0,-1,-1,1,-1,1,6,-1
KR_6760319830,420,-1,2,8,6,0,2,2,2,1,3,0,3,3,1,3,4,3,2,5,0,6,-19,-2,-1,3,2,0,1,1,-1,1,1,3,-1
KR_6739504069,420,-1,-31,8,-1,1,1,2,1,1,2,-3,8,5,0,2,2,0,0,0,0,-11,-9,-1,-1,2,2,0,-1,-1,0,-1,1,3,-1
KR_6741760855,420,-2,-21,3,-6,-3,3,0,-2,3,1,-5,6,1,1,1,2,3,0,3,0,2,2,-4,-2,6,1,0,-2,-1,-1,-1,-1,4,-1
KR_6746439844,420,-5,-47,-12,-12,-3,4,1,-4,4,0,1,4,5,-3,5,2,-3,3,0,1,-10,3,-2,-1,3,2,0,-2,-1,0,-1,1,6,-1
KR_6681482423,420,-4,-31,-4,-6,-1,3,2,1,2,3,-3,6,3,-1,2,1,-2,2,0,0,-5,5,3,-3,0,0,0,-2,1,-1,-1,-1,3,-1
KR_6745114804,440,-2,-7,17,-2,-6,6,0,5,1,6,0,5,5,-1,2,1,0,3,3,1,10,1,-1,-1,2,-5,0,-1,1,0,-1,1,1,-1
KR_6659786396,420,-3,-66,-23,-8,-1,2,1,-1,3,2,5,0,5,-10,10,0,-1,1,0,-1,-8,0,-3,-3,6,2,0,-1,1,1,-1,-1,2,-1
KR_6702450232,420,-5,-52,-11,-4,-1,2,1,-4,4,0,1,2,3,0,0,0,0,0,0,0,-3,-22,-1,0,1,-2,0,0,-1,-1,-1,1,3,-1
KR_6669983198,420,-5,-62,-41,-6,-2,4,2,0,4,4,-5,6,1,0,3,3,1,1,2,1,-5,-20,1,-3,2,-2,0,-2,-1,-1,-1,1,2,-1
KR_6684567480,420,-7,-47,-12,-10,-1,3,2,-1,1,0,-2,2,0,-6,6,0,0,2,2,0,-9,-5,2,-4,2,2,0,-2,-1,-1,-1,-1,6,-1
KR_6721886391,440,-3,-52,-8,-13,-3,3,0,-6,10,4,3,1,4,-6,9,3,-1,1,0,0,-15,3,-1,0,1,-2,0,-1,-1,0,-1,1,5,-1
KR_6669041227,440,-1,7,-10,-1,-1,4,3,1,2,3,-1,2,1,-1,4,3,1,0,1,0,-1,5,1,-2,1,0,0,0,0,0,0,1,0,-1
KR_6756563678,420,2,59,-12,-1,3,0,3,-3,3,0,-1,3,2,-1,1,0,1,2,3,1,-3,-23,1,-2,1,-1,0,0,-1,0,0,1,4,-1
KR_6755633550,420,0,9,7,-3,-1,1,0,0,2,2,-1,2,1,-1,3,2,0,1,1,-1,0,3,-5,0,5,0,0,0,0,1,0,-1,0,-1
KR_6670892592,420,0,-42,2,2,-1,4,3,2,2,4,2,3,5,-2,4,2,1,2,3,0,3,14,0,-4,4,-5,0,-1,1,1,-1,1,1,-1
KR_6743657325,420,-3,-24,3,-8,-1,1,0,1,2,3,-1,2,1,-7,7,0,0,1,1,0,-6,-6,-1,-3,4,-2,0,-2,-1,1,-1,-1,1,-1
KR_6627641786,420,-4,-27,-4,-11,0,4,4,-2,5,3,-6,6,0,-2,6,4,-1,4,3,-1,-9,-22,-3,-2,5,2,0,-1,1,-1,-1,1,3,-1
KR_6725506677,420,0,8,-16,2,2,0,2,-3,3,0,-2,5,3,5,1,6,0,0,0,0,1,-39,0,-1,1,2,0,0,-1,-1,0,-1,2,-1
KR_6763831676,420,-1,21,-11,-1,1,1,2,1,1,2,-1,4,3,-1,2,1,-1,1,0,0,-3,-9,-4,0,4,2,0,0,1,-1,0,-1,4,-1
KR_6741684178,440,-2,-62,8,2,1,3,4,3,1,4,-2,4,2,-1,9,8,1,4,5,-1,7,1,2,-2,0,1,0,-1,1,-1,-1,1,6,-1
KR_6730538735,440,2,-39,8,1,0,1,1,3,3,6,0,1,1,-2,2,0,0,0,0,1,3,-8,1,-3,2,1,0,-1,-1,0,-1,1,6,-1
KR_6748651256,420,-1,-40,-8,1,-3,3,0,0,2,2,3,3,6,3,1,4,-2,3,1,1,-2,278,10,-11,1,-5,0,1,1,0,1,1,5,-1
KR_6755450069,420,2,-28,5,6,0,2,2,-2,3,1,5,4,9,4,0,4,-1,1,0,0,7,-9,-2,-4,6,3,0,0,-1,-1,0,1,1,-1
KR_6720144770,420,-3,-116,-20,-5,0,2,2,3,0,3,-5,5,0,-2,3,1,-1,1,0,0,-2,-16,-3,0,3,-1,0,-3,0,1,-1,-1,0,-1
KR_6669403568,420,-2,-53,-24,-3,-2,3,1,-2,3,1,-2,2,0,0,2,2,3,1,4,0,-3,10,-1,-5,6,0,0,0,-1,-1,-1,1,4,-1
KR_6625296549,420,-3,-38,-52,1,-4,4,0,-2,5,3,1,1,2,4,1,5,2,0,2,0,4,49,5,-6,1,-15,0,1,-1,1,1,1,6,-1
KR_6722653474,420,2,74,20,0,7,0,7,-3,6,3,-1,4,3,1,3,4,-4,4,0,1,-7,-24,2,-4,2,-1,0,0,1,-1,1,1,6,-1
KR_6744742130,440,-5,1,-24,-13,-1,1,0,1,4,5,-1,3,2,-4,5,1,-8,9,1,0,-7,-2,1,-4,3,1,0,-2,-1,-1,-1,-1,6,-1
KR_6762839017,420,-7,-112,8,-13,-2,3,1,-1,3,2,0,2,2,-9,10,1,-1,1,0,0,-14,-13,-5,0,5,0,0,-3,1,-1,-1,-1,5,-1
KR_6757742998,420,-1,-24,-12,0,1,0,1,0,4,4,-1,4,3,-1,5,4,1,1,2,0,1,1,1,-3,2,-3,0,0,-1,1,0,-1,2,-1
KR_6638635914,420,-1,-18,8,-9,-1,1,0,-7,8,1,2,2,4,-3,3,0,0,0,0,0,-14,-1,-3,-3,6,-1,0,0,0,-1,0,-1,0,-1
KR_6750982352,420,-6,-100,-55,-5,10,1,11,-5,6,1,2,0,2,-2,2,0,-10,11,1,0,-3,-3,-5,0,5,0,0,-4,-1,-1,-1,-1,2,-1
KR_6731768294,420,-2,-33,-24,-3,2,1,3,-1,3,2,-1,4,3,0,1,1,-3,4,1,0,-6,-17,-3,-2,5,-4,0,1,-1,-1,1,-1,3,-1
KR_6762154871,420,-4,-25,-4,-16,0,3,3,-1,1,0,-6,6,0,-8,9,1,-1,2,1,0,-11,0,-3,-1,4,1,0,-2,-1,0,-1,-1,5,-1
KR_6761243513,440,1,28,-8,-4,-1,3,2,2,2,4,-7,8,1,1,5,6,1,3,4,0,-13,0,-6,-2,8,2,0,1,1,0,1,-1,2,-1
KR_6739979589,420,-2,-26,-4,-3,-3,4,1,1,0,1,-1,2,1,0,2,2,0,2,2,0,-3,6,0,-2,2,-3,0,0,1,-1,0,-1,3,-1
KR_6757339808,440,-1,-9,-16,-4,2,2,4,0,2,2,4,0,4,-9,10,1,-1,2,1,1,-4,-10,-2,-5,7,0,0,0,1,-1,-1,1,4,-1
KR_6712638913,420,-3,-85,-8,-4,1,2,3,-3,3,0,-1,1,0,-2,2,0,1,1,2,0,-1,-6,-7,-2,9,-2,0,-1,-1,-1,-1,-1,3,-1
KR_6731015125,420,-5,-134,-6,-18,-6,7,1,-1,2,1,-7,9,2,-3,3,0,-1,1,0,-3,-14,-29,-2,-2,4,3,0,-1,1,-1,-1,-1,4,-1
KR_6672980045,420,-3,10,-3,-4,-4,5,1,0,1,1,0,4,4,1,0,1,-1,1,0,0,-2,5,-1,-2,3,1,0,-1,-1,-1,-1,-1,1,-1
KR_6764075152,420,0,-45,1,-4,-1,3,2,1,1,2,-1,2,1,-3,3,0,0,0,0,0,-4,-129,0,-3,3,1,0,-1,0,0,-1,-1,0,-1
KR_6757364743,420,1,9,-9,5,4,1,5,0,3,3,1,0,1,1,1,2,-1,2,1,1,-3,-7,-1,-2,3,1,0,1,-1,0,1,1,5,-1
KR_6686892173,440,-4,-62,-20,-3,-4,5,1,0,2,2,-5,7,2,4,1,5,2,0,2,0,5,1,0,-1,1,-1,0,-2,-1,-1,-1,1,1,-1
KR_6723994239,420,0,-7,-21,-3,-5,5,0,1,0,1,1,0,1,-2,3,1,2,1,3,0,3,1,-1,-2,3,-3,0,-1,-1,-1,-1,-1,2,-1
KR_6756803604,420,-4,-86,16,-10,-1,1,0,-6,6,0,1,1,2,0,5,5,-4,4,0,0,-10,-33,1,-5,4,24,0,0,0,1,1,1,0,-1
KR_6739413666,420,0,-37,11,6,-2,4,2,-1,3,2,2,0,2,8,0,8,-1,2,1,0,3,-4,-1,-3,4,-2,0,-3,-1,-1,-1,-1,4,-1
KR_6502922617,420,-3,8,-13,-13,3,3,6,-8,8,0,1,2,3,-7,8,1,-2,4,2,0,-17,-3,-3,0,3,-3,0,-1,-1,1,-1,-1,6,-1
KR_6713231006,420,1,-4,-7,2,1,1,2,5,0,5,0,4,4,-4,6,2,0,3,3,0,4,-1,2,-2,0,-3,0,-1,-1,0,1,1,3,-1
KR_6761730592,440,3,9,-12,5,-3,3,0,5,1,6,-2,4,2,2,0,2,3,1,4,1,3,-11,2,-2,0,-1,0,0,0,-1,1,1,0,-1
KR_6720960551,440,-1,-5,0,-1,-3,6,3,-1,2,1,3,2,5,2,2,4,-2,3,1,-1,-4,-2,-3,-2,5,3,0,-1,-1,-1,-1,1,5,-1
KR_6699379346,420,-1,2,-9,-6,1,1,2,0,1,1,-6,6,0,-3,4,1,2,1,3,0,-6,-8,-2,0,2,1,0,0,-1,1,0,-1,6,-1
KR_6762422267,420,0,-31,-12,-11,-1,2,1,-3,4,1,-2,4,2,-4,5,1,-1,1,0,0,-17,-3,0,-1,1,-2,0,0,1,0,0,-1,4,-1
KR_6705055130,420,-4,-111,0,-4,0,0,0,0,3,3,-2,3,1,-3,4,1,1,0,1,0,-7,-6,1,-5,4,4,0,0,-1,1,0,-1,1,-1
KR_6763271483,420,-1,-58,-4,-5,2,1,3,-1,3,2,-4,4,0,-2,5,3,0,0,0,0,-8,-5,-2,-2,4,3,0,0,-1,1,0,-1,1,-1
KR_6725373675,420,0,-58,-13,-2,3,1,4,3,4,7,-6,7,1,-1,1,0,-1,1,0,0,-5,5,-1,-2,3,1,0,0,1,-1,0,-1,4,-1
KR_6686734575,420,-1,-86,32,-7,-3,6,3,-2,4,2,0,3,3,-2,4,2,0,0,0,0,-7,-12,1,-5,4,0,0,-3,-1,0,-1,-1,4,-1
KR_6671272760,420,-3,-66,12,-3,-3,4,1,-3,3,0,0,3,3,2,0,2,1,1,2,1,-2,-168,0,0,0,1,0,-2,1,-1,-1,1,1,-1
KR_6699413150,420,-4,-54,-24,-3,6,0,6,0,1,1,-9,9,0,1,0,1,-1,1,0,0,-1,-9,-1,-2,3,4,0,-1,-1,-1,-1,1,2,-1
KR_6761093986,420,-6,-121,-56,-9,-2,3,1,-1,3,2,-1,2,1,-5,6,1,0,3,3,0,-2,3,-2,-1,3,0,0,-2,1,-1,-1,-1,5,-1
KR_6712415631,420,-8,-81,-32,-22,-5,5,0,-2,4,2,-7,8,1,-7,7,0,-1,1,0,-1,-28,-4,2,-3,1,-1,0,-3,-1,-1,-1,-1,3,-1
KR_6722891718,420,-1,-61,8,-4,1,4,5,2,2,4,-8,8,0,2,1,3,-1,1,0,0,-2,-4,-2,-1,3,0,0,-1,-1,1,-1,1,3,-1
KR_6762259724,420,-1,-8,0,-5,2,3,5,-1,4,3,1,2,3,-7,7,0,0,0,0,0,-9,-115,0,-1,1,-1,0,-3,-1,1,-1,1,3,-1
KR_6653210348,420,-2,-76,-24,4,2,2,4,1,2,3,0,1,1,1,1,2,0,0,0,0,3,-4,1,-1,0,1,0,0,0,0,0,1,0,-1
KR_6754766736,420,0,-67,12,-5,2,2,4,-2,3,1,0,4,4,-4,5,1,-1,2,1,0,-10,32,-4,-3,7,-15,0,-1,-1,0,-1,-1,4,-1
KR_6764326864,420,1,15,8,7,4,2,6,-1,7,6,3,0,3,1,1,2,0,0,0,0,4,453,2,-2,0,2,0,1,1,1,1,1,5,-1
KR_6669865237,420,-3,-103,-8,-7,2,1,3,-1,3,2,-2,5,3,-2,5,3,-4,4,0,0,-6,-2,0,-2,2,-1,0,-1,-1,1,-1,-1,4,-1
KR_6760778471,420,-2,-44,-8,-2,1,3,4,-1,4,3,-3,5,2,-1,3,2,2,0,2,0,1,0,-2,-2,4,0,0,0,1,-1,0,-1,4,-1
KR_6706087661,420,-7,-95,-29,-11,-2,5,3,-3,5,2,-4,4,0,-1,3,2,-1,3,2,0,-1,-1,-2,-4,6,-2,0,-3,-1,0,-1,1,5,-1
KR_6695093371,420,2,-7,26,3,0,2,2,0,2,2,1,1,2,2,1,3,0,0,0,0,5,12,2,-2,0,-2,0,0,1,1,0,-1,1,-1
KR_6659111343,420,-4,-107,-15,-5,-4,4,0,0,2,2,-2,3,1,0,4,4,1,1,2,-3,-7,41,-6,-1,7,-18,0,-1,-1,-1,-1,-1,3,-1
KR_6758976219,420,-8,-49,-100,-15,-2,2,0,-6,7,1,-4,5,1,-1,2,1,-2,2,0,0,-6,-34,-3,-1,4,19,0,-3,-1,-1,-1,-1,4,-1
KR_6706701985,420,-2,-13,8,-8,0,1,1,-2,5,3,2,2,4,-6,7,1,-2,3,1,-2,-10,18,0,-5,5,0,0,-1,-1,-1,-1,1,4,-1
KR_6764248068,420,1,-72,12,2,2,1,3,2,1,3,1,1,2,-2,2,0,-1,1,0,0,4,-4,-1,-3,4,-3,0,-1,-1,1,-1,1,6,-1
KR_6584857381,440,2,-40,37,5,0,3,3,2,4,6,3,5,8,1,2,3,-1,1,0,0,8,13,-1,-4,5,0,0,0,1,0,-1,-1,6,-1
KR_6761465896,440,2,8,28,5,-1,2,1,2,4,6,6,0,6,1,3,4,-3,4,1,0,-1,-3,-1,-3,4,-2,0,-1,-1,-1,-1,-1,5,-1
KR_6670966138,420,-3,-44,-12,-1,0,1,1,4,0,4,-1,3,2,-4,5,1,0,1,1,0,-4,-37,1,-6,5,22,0,-2,0,0,-1,1,0,-1
KR_6656608149,420,-3,-84,-5,-6,0,1,1,1,0,1,-3,4,1,-3,3,0,-1,1,0,0,-3,-217,0,-3,3,1,0,-2,-1,-1,-1,-1,2,-1
KR_6712749782,420,2,98,-19,1,3,1,4,1,2,3,-2,4,2,-2,3,1,1,2,3,0,3,14,-2,-1,3,0,0,1,0,-1,1,1,0,-1
KR_6761559093,440,2,-38,20,7,1,2,3,-4,8,4,6,0,6,5,0,5,-1,2,1,0,11,-2,-4,-2,6,3,0,-1,1,-1,-1,1,1,-1
KR_6734848390,420,-2,4,20,-8,2,0,2,-7,8,1,-4,6,2,1,3,4,0,0,0,-2,-9,256,-4,-1,5,1,0,-1,1,-1,-1,-1,6,-1
KR_6707213761,420,0,8,-4,-4,-3,3,0,-2,4,2,-4,7,3,4,1,5,1,0,1,-1,-6,70,-1,-3,4,-1,0,-1,-1,-1,-1,-1,2,-1
KR_6673228444,420,1,-12,12,-2,4,2,6,1,3,4,0,3,3,-3,4,1,-4,4,0,0,-3,-4,2,-3,1,-1,0,0,1,1,-1,-1,6,-1
KR_6615726656,420,3,-30,-5,9,0,2,2,0,1,1,2,1,3,5,1,6,2,0,2,0,10,35,1,-3,2,0,0,0,1,0,0,-1,6,-1
KR_6760756338,420,-1,-3,0,-5,-4,4,0,-1,2,1,2,3,5,3,2,5,-5,5,0,0,-3,17,-1,-2,3,-3,0,-1,1,-1,-1,-1,2,-1
KR_6756604647,420,-1,2,2,-2,0,1,1,5,0,5,-2,4,2,-3,3,0,-2,2,0,1,-4,6,-2,-3,5,-3,0,2,-1,1,1,1,2,-1
KR_6728498776,420,-2,-43,0,-5,-1,2,1,0,4,4,-2,4,2,-2,2,0,0,0,0,-1,-1,-42,0,-1,1,-2,0,0,-1,1,0,-1,3,-1
KR_6752526623,420,-2,2,8,0,-6,7,1,4,1,5,4,2,6,-2,2,0,0,2,2,-1,0,-20,-4,0,4,2,0,0,0,1,0,-1,0,-1
KR_6585871359,420,-7,-58,-56,-11,-5,6,1,-3,4,1,2,3,5,-2,2,0,-3,5,2,0,-10,8,-1,-3,4,0,0,-2,-1,-1,-1,-1,4,-1
KR_6745694644,420,-1,28,-24,-2,-1,1,0,-6,6,0,3,0,3,1,1,2,1,1,2,0,-3,-145,-2,-2,4,20,0,-1,1,-1,-1,-1,4,-1
KR_6763176894,420,-6,-93,-7,-13,-1,1,0,-1,5,4,-5,5,0,-4,4,0,-2,4,2,0,-14,-26,1,-3,2,-2,0,-2,-1,-1,-1,-1,5,-1
KR_6749511804,420,0,-65,28,-2,-6,9,3,0,1,1,4,2,6,-1,1,0,1,2,3,-1,-3,-5,-1,-3,4,1,0,-1,1,0,-1,-1,4,-1
KR_6726161940,420,1,39,4,3,4,0,4,-3,6,3,2,0,2,1,1,2,-1,1,0,0,2,140,-3,-1,4,3,0,0,-1,1,0,1,5,-1
KR_6635793836,420,0,5,-24,2,0,4,4,2,0,2,-5,9,4,1,3,4,4,0,4,0,-6,3,-3,-3,6,-4,0,0,-1,1,1,-1,3,-1
KR_6730483000,440,-7,-55,-28,-9,3,1,4,-10,11,1,0,2,2,-4,5,1,2,1,3,-1,-20,-12,2,-4,2,-1,0,-2,0,1,-1,-1,0,-1
KR_6726342988,440,1,4,4,-4,-3,6,3,1,4,5,-7,7,0,-1,4,3,6,0,6,0,-4,-3,-6,0,6,0,0,-2,1,-1,-1,1,4,-1
KR_6762622724,420,-1,-28,-16,-1,-2,3,1,-1,3,2,-2,4,2,5,1,6,-1,1,0,0,4,-5,-2,-4,6,4,0,1,-1,1,1,1,5,-1
KR_6723615337,420,-2,-66,36,-9,-5,5,0,-3,6,3,-1,1,0,1,4,5,-1,1,0,-2,-5,-68,6,-7,1,-15,0,-3,-1,1,-1,-1,2,-1
KR_6626225713,420,-2,40,0,1,-2,4,2,-2,2,0,1,1,2,3,1,4,1,1,2,-1,1,4,5,-7,2,-1,0,-1,-1,1,-1,-1,2,-1
KR_6685670324,440,-5,-94,-15,-3,0,1,1,3,0,3,3,2,5,-5,5,0,-4,4,0,1,0,-8,-6,-4,10,5,0,0,0,0,0,-1,0,-1
KR_6761661822,420,-1,-38,-8,1,-4,5,1,-3,3,0,2,5,7,3,1,4,3,0,3,0,8,22,-4,-1,5,0,0,1,-1,0,1,1,3,-1
KR_6715417390,420,-1,-33,-12,1,1,0,1,-4,4,0,1,0,1,3,1,4,0,1,1,0,-1,-5,8,-10,2,-2,0,0,-1,1,0,-1,2,-1
KR_6604234064,420,-2,-3,2,-4,-3,3,0,2,1,3,-1,3,2,2,0,2,-4,4,0,0,-3,-3,-2,0,2,-1,0,-1,1,-1,1,-1,4,-1
KR_6762963973,420,-4,-90,-27,-9,-1,3,2,-1,3,2,-8,8,0,1,1,2,0,1,1,0,-4,11,4,-7,3,-3,0,-1,-1,-1,-1,-1,5,-1
KR_6660456950,420,-1,-1,-15,1,3,3,6,3,2,5,2,3,5,-5,5,0,-2,2,0,1,-5,0,3,-6,3,-2,0,-3,1,-1,-1,1,1,-1
KR_6764425987,420,-1,9,7,-1,0,1,1,-1,3,2,1,1,2,-2,2,0,1,0,1,0,0,-45,0,-2,2,22,0,-1,0,-1,-1,-1,0,-1
KR_6745635535,420,0,9,-8,1,0,2,2,-3,5,2,4,1,5,-1,2,1,1,2,3,0,2,37,1,-3,2,-2,0,1,-1,1,1,-1,2,-1
KR_6608764895,420,1,-9,12,3,0,0,0,4,2,6,0,2,2,0,1,1,-1,1,0,0,-5,-108,0,-5,5,0,0,-2,1,-1,-1,1,1,-1
KR_6760689335,440,0,-46,4,-5,3,1,4,0,1,1,-2,4,2,-6,7,1,0,0,0,1,-11,15,1,-3,2,6,0,0,-1,1,0,1,1,-1
KR_6749298479,420,2,-8,17,6,7,1,8,0,3,3,-2,4,2,-1,2,1,2,0,2,0,-4,0,2,-5,3,-3,0,1,1,1,1,1,4,-1
KR_6735687534,420,-1,-78,8,-1,0,2,2,0,3,3,1,1,2,1,2,3,-3,3,0,0,-6,-102,0,-2,2,-1,0,1,1,-1,1,-1,4,-1
KR_6756881609,420,2,-26,16,5,7,0,7,2,0,2,5,4,9,-7,7,0,-2,3,1,1,4,-10,-6,0,6,0,0,4,1,1,1,1,2,-1
KR_6747625788,440,1,12,8,10,0,2,2,3,1,4,0,1,1,6,0,6,1,1,2,0,12,0,4,-4,0,-1,0,-1,1,-1,-1,1,4,-1
KR_6718543787,420,-5,-13,-15,-13,-3,5,2,-3,3,0,-4,5,1,-3,4,1,0,0,0,-1,-6,-32,1,-4,3,0,0,0,-1,-1,-1,-1,4,-1
KR_6756261006,420,1,63,1,-4,1,1,2,-3,4,1,3,1,4,-5,5,0,0,0,0,0,-8,4,2,-4,2,-2,0,0,1,-1,-1,-1,4,-1
KR_6620325227,420,-2,-7,17,1,0,1,1,0,3,3,2,1,3,-1,3,2,0,3,3,0,4,-10,-1,-2,3,1,0,-2,-1,1,-1,1,3,-1
KR_6624186519,420,-6,-78,-20,-14,-1,4,3,-11,12,1,-1,2,1,-1,2,1,0,0,0,1,-12,-3,-5,-4,9,3,0,-1,-1,-1,-1,1,2,-1
KR_6746614339,420,-5,-55,-2,-6,-1,3,2,-4,6,2,-4,8,4,1,3,4,2,0,2,0,-6,-5,-2,-3,5,-3,0,-1,1,-1,-1,1,2,-1
KR_6695070539,420,0,-52,16,1,1,3,4,1,2,3,2,1,3,-2,6,4,-1,2,1,1,4,-9,-5,-1,6,3,0,-1,-1,-1,-1,1,3,-1
KR_6739909238,420,0,-4,-16,-3,-2,2,0,0,1,1,1,3,4,-2,5,3,0,2,2,0,2,-4,0,-4,4,3,0,0,-1,0,0,-1,2,-1
KR_6663239546,420,3,29,24,7,2,0,2,2,2,4,3,0,3,1,0,1,-1,1,0,0,6,-255,2,-4,2,-1,0,1,1,1,1,-1,2,-1
KR_6659164773,420,-2,-18,0,-3,-2,3,1,-4,6,2,-2,6,4,3,1,4,2,0,2,0,-4,7,6,-6,0,-2,0,-1,1,-1,-1,1,6,-1
KR_6720530500,440,-3,-98,24,-5,-1,1,0,1,0,1,2,5,7,-3,5,2,-4,4,0,0,-8,2,-1,-3,4,-3,0,0,-1,0,-1,-1,5,-1
KR_6672835398,420,4,47,20,11,2,2,4,2,0,2,3,3,6,3,2,5,1,0,1,0,-2,-14,0,-4,4,2,0,1,0,1,1,1,0,-1
KR_6709510296,420,-1,-27,8,-4,-6,6,0,-1,3,2,0,4,4,4,2,6,-1,4,3,1,1,2,3,-3,0,-1,0,0,1,0,0,1,4,-1
KR_6741540838,420,1,-94,14,1,-3,6,3,2,1,3,1,3,4,1,1,2,0,0,0,0,4,-45,2,-4,2,9,0,0,1,-1,-1,1,4,-1
KR_6730893969,420,-2,-9,10,-12,0,0,0,-6,6,0,-6,8,2,0,0,0,0,0,0,-1,-12,4,-2,-2,4,2,0,0,1,0,-1,-1,1,-1
KR_6750754236,420,1,-9,7,-1,-4,5,1,0,2,2,-1,7,6,4,1,5,0,1,1,0,3,2,2,-2,0,0,0,1,-1,1,1,-1,5,-1
KR_6658939230,420,-1,-43,-20,0,1,2,3,-1,1,0,-2,3,1,1,2,3,1,0,1,0,-1,-210,-5,0,5,0,0,1,1,-1,-1,1,4,-1
KR_6760392430,420,-3,17,-60,2,-3,6,3,1,1,2,-3,3,0,3,3,6,4,1,5,0,9,-6,1,-2,1,2,0,-1,-1,1,-1,1,1,-1
KR_6754339013,420,-1,74,-36,-4,1,1,2,-1,4,3,-5,7,2,1,3,4,0,1,1,0,-1,17,1,-3,2,1,0,1,-1,1,1,1,2,-1
KR_6735120147,420,-7,-101,-41,-16,-3,3,0,-3,7,4,-5,5,0,-2,3,1,-3,3,0,0,-8,-313,2,-2,0,0,0,-1,-1,0,-1,-1,4,-1
KR_6664601547,420,-2,-99,8,-1,0,3,3,2,6,8,-2,2,0,-1,2,1,0,2,2,-1,1,-1,0,-6,6,-5,0,-1,-1,0,-1,-1,5,-1
KR_6737663896,420,0,63,12,-6,1,2,3,-1,2,1,-5,5,0,1,1,2,-2,2,0,0,-4,-16,-1,-2,3,-2,0,0,-1,0,0,1,4,-1
KR_6707142782,420,-2,-52,-40,-10,-1,1,0,-4,5,1,-1,4,3,-4,4,0,0,2,2,0,-5,5,1,-6,5,-9,0,0,0,-1,-1,-1,0,-1
KR_6735971006,420,-2,25,-21,-3,0,1,1,-6,8,2,3,0,3,-1,2,1,1,1,2,0,-3,109,1,-6,5,-4,0,0,1,1,0,1,4,-1
KR_6736106457,420,-4,-56,-20,-10,0,2,2,-1,1,0,-4,6,2,-5,9,4,0,1,1,-2,-11,-15,-3,-3,6,-6,0,-1,-1,0,-1,-1,4,-1
KR_6695843176,420,-4,-61,-18,-10,-2,3,1,-10,12,2,0,3,3,2,2,4,0,3,3,-1,0,1,-3,-3,6,-6,0,-2,-1,0,-1,-1,5,-1
KR_6681952515,440,0,-36,-14,3,0,0,0,4,2,6,-1,1,0,3,4,7,-3,3,0,0,9,37,0,-3,3,-30,0,0,1,-1,-1,-1,1,-1
KR_6756706223,420,-3,-15,-8,-3,-1,1,0,-1,2,1,-2,2,0,1,0,1,0,0,0,0,-1,40,-5,-1,6,-23,0,0,-1,0,0,-1,4,-1
KR_6610508550,420,-1,45,7,-3,-7,7,0,-3,5,2,-1,2,1,7,0,7,1,1,2,0,-1,3,2,-6,4,-5,0,0,-1,1,1,-1,4,-1
KR_6641996689,420,-2,-36,-20,-2,-2,2,0,-1,4,3,-3,4,1,3,0,3,1,2,3,0,1,0,-2,-3,5,2,0,-2,-1,-1,-1,-1,1,-1
KR_6764573158,420,0,-9,-8,-4,-2,2,0,-1,3,2,-1,3,2,-4,4,0,4,0,4,0,0,40,-2,-2,4,-20,0,0,0,-1,0,-1,0,-1
KR_6583186606,420,3,57,44,5,8,0,8,-1,5,4,-1,5,4,-1,3,2,0,0,0,0,-3,-8,2,-3,1,3,0,1,-1,0,1,-1,5,-1
KR_6750202738,420,-2,10,16,-5,-4,9,5,-1,6,5,3,1,4,-2,5,3,-1,1,0,0,-7,5,3,-4,1,1,0,0,1,0,1,1,5,-1
KR_6651526351,420,1,13,-12,-2,0,2,2,1,1,2,-3,8,5,-1,1,0,1,0,1,0,-1,0,-1,-1,2,1,0,1,-1,1,1,1,5,-1
KR_6731605611,420,0,-27,5,-5,0,1,1,-4,5,1,-2,4,2,0,0,0,1,0,1,0,-7,-2,3,-4,1,-1,0,1,1,1,1,-1,6,-1
KR_6708998341,440,0,10,-4,5,3,1,4,2,2,4,0,1,1,-2,2,0,2,2,4,0,3,2,-2,-2,4,1,0,-1,1,1,-1,1,2,-1
KR_6745995160,420,-3,-67,-1,-4,-6,7,1,0,0,0,-3,3,0,5,2,7,0,2,2,0,1,9,2,-5,3,-1,0,-1,-1,-1,-1,-1,2,-1
KR_6764535317,420,-4,-83,-8,3,-1,2,1,4,1,5,-5,5,0,2,4,6,3,2,5,0,5,-106,0,-1,1,1,-1,-2,0,1,-1,1,0,-1
KR_6622792673,420,-5,-102,-84,-7,-7,8,1,-4,5,1,3,0,3,-1,3,2,2,1,3,0,0,-13,-3,0,3,1,0,-1,1,-1,-1,-1,6,-1
KR_6705268025,420,-4,-45,-42,-14,-1,3,2,-2,6,4,-3,5,2,-7,8,1,-1,1,0,-1,-10,19,6,-8,2,-6,0,-2,-1,0,-1,1,5,-1
KR_6751091178,420,0,-4,10,4,-5,5,0,0,1,1,3,0,3,3,1,4,3,1,4,0,10,246,4,-4,0,-6,0,0,1,-1,-1,1,6,-1
KR_6654158395,420,-2,-20,11,-4,-4,5,1,-1,5,4,-3,4,1,3,4,7,1,0,1,0,0,-2,-4,-2,6,2,0,0,0,1,1,-1,0,-1
KR_6756225626,440,-6,-20,-40,-7,-2,3,1,-2,2,0,0,3,3,-3,4,1,0,0,0,0,-8,1,1,-1,0,-1,0,-2,-1,0,-1,1,3,-1
KR_6761177020,440,-4,-57,0,-14,-3,7,4,-8,11,3,0,3,3,-4,6,2,1,0,1,0,-14,-17,-2,-1,3,0,0,-1,1,-1,-1,1,6,-1
KR_6687017538,440,-2,-48,8,-6,3,0,3,-1,2,1,-2,2,0,-4,6,2,-2,4,2,0,-11,2,-1,-4,5,-3,0,0,-1,-1,0,1,4,-1
KR_6726693479,420,1,-43,-15,6,1,1,2,2,4,6,0,3,3,3,2,5,0,1,1,0,8,7,5,-5,0,-1,0,0,-1,-1,1,1,3,-1
KR_6746194057,420,-5,-16,-36,-11,-4,5,1,-4,4,0,-1,2,1,0,1,1,-2,2,0,0,-8,24,1,-2,1,-15,0,0,-1,-1,-1,-1,6,-1
KR_6638211773,420,-1,-6,-5,1,1,3,4,0,1,1,-1,3,2,2,1,3,-1,1,0,1,-1,-22,3,-4,1,2,0,0,1,-1,0,1,6,-1
KR_6760409300,420,3,-6,8,9,0,3,3,9,0,9,2,3,5,-2,2,0,0,1,1,-2,18,-46,0,-4,4,23,0,2,1,0,1,-1,1,-1
KR_6618122223,420,1,22,-8,-4,-1,2,1,-2,3,1,0,0,0,2,1,3,-3,3,0,-3,-13,-6,-2,0,2,-2,0,-1,-1,-1,-1,-1,6,-1
KR_6619524479,420,-6,-61,-12,-10,-6,7,1,-6,6,0,1,1,2,1,2,3,0,0,0,0,-12,-36,-2,-2,4,2,0,-1,1,-1,-1,-1,4,-1
KR_6724781932,420,-2,33,-16,0,0,1,1,-2,3,1,2,0,2,-1,2,1,1,0,1,0,1,-3,1,-4,3,-4,0,-1,1,0,-1,-1,1,-1
KR_6665016025,420,2,-23,6,2,3,2,5,-1,2,1,-1,4,3,3,0,3,-2,3,1,-1,-3,-39,-1,-2,3,3,0,-1,1,1,-1,-1,4,-1
KR_6747241980,420,1,13,-20,1,3,0,3,0,2,2,0,1,1,-2,6,4,0,1,1,0,-4,-12,0,-4,4,-2,0,1,-1,1,1,-1,3,-1
KR_6702414597,420,0,18,-8,1,2,3,5,-1,4,3,0,1,1,-1,1,0,1,0,1,0,0,-1,1,-5,4,-2,0,1,-1,1,1,1,1,-1
KR_6691959468,420,-6,-10,-9,-7,1,3,4,0,1,1,-11,11,0,1,1,2,2,1,3,1,-11,284,0,-1,1,-2,0,-1,-1,-1,-1,1,3,-1
KR_6726545350,420,-4,-83,-12,-5,-6,6,0,0,0,0,1,0,1,-1,2,1,1,0,1,0,0,-47,-4,-2,6,25,0,-2,1,-1,-1,1,3,-1
KR_6750082421,420,-1,3,-20,-2,-2,2,0,4,0,4,-1,4,3,-2,6,4,-1,1,0,1,-3,-2,3,-6,3,6,0,0,-1,-1,0,1,6,-1
KR_6754078157,420,-1,-14,3,-3,1,0,1,-2,3,1,-1,4,3,-1,5,4,0,2,2,0,0,-141,-3,-3,6,-2,0,0,1,-1,0,1,5,-1
KR_6762643608,420,-1,-68,-21,-8,-1,1,0,-3,4,1,-3,4,1,-2,2,0,1,0,1,0,-4,2,-2,-2,4,-1,0,0,-1,-1,0,-1,5,-1
KR_6762174818,420,2,-24,23,-4,-10,13,3,5,3,8,1,2,3,0,1,1,0,2,2,-1,2,1,-1,0,1,-2,0,-1,1,-1,-1,-1,3,-1
KR_6719712543,420,-6,-140,3,-8,0,2,2,-1,3,2,-7,9,2,-1,2,1,1,0,1,0,-6,-14,-1,-4,5,0,0,-3,1,-1,-1,-1,2,-1
KR_6583268140,420,-6,-28,-19,-5,-2,3,1,0,2,2,-3,4,1,2,1,3,-2,3,1,0,-4,49,-2,-1,3,-20,0,-1,0,-1,-1,1,0,-1
KR_6644858194,420,3,-33,8,8,2,1,3,2,0,2,2,2,4,3,0,3,-1,2,1,0,7,-4,0,-3,3,1,0,-1,0,-1,-1,-1,0,-1
KR_6740725595,420,-1,-65,16,-5,0,0,0,-6,8,2,4,1,5,-2,3,1,-1,1,0,0,-6,2,1,-6,5,-4,0,-1,1,-1,-1,-1,5,-1
KR_6656166140,420,-6,-14,-30,-7,1,1,2,-4,4,0,-3,4,1,-4,5,1,3,0,3,0,-10,-3,-3,-1,4,3,0,-1,-1,1,-1,-1,3,-1
KR_6740202316,420,-3,4,-4,-6,-2,2,0,-1,3,2,-3,5,2,-1,3,2,1,0,1,1,-2,-58,-1,-2,3,-2,0,0,-1,0,-1,1,4,-1
KR_6752912497,420,-4,27,12,-5,-2,2,0,-4,5,1,0,1,1,0,1,1,1,1,2,0,-2,-4,-2,0,2,0,0,0,-1,-1,0,1,3,-1
KR_6740701019,420,-5,-63,-28,-10,-1,2,1,0,1,1,-2,3,1,-6,8,2,-1,1,0,0,-9,-8,-3,-1,4,-3,0,0,-1,-1,0,-1,4,-1
KR_6691155151,420,0,-45,-23,-4,2,1,3,-5,5,0,3,0,3,-3,4,1,-1,3,2,1,-1,-1,-1,0,1,2,0,0,-1,-1,0,1,2,-1
KR_6618799719,420,-1,7,-7,4,5,0,5,1,1,2,-2,6,4,-1,3,2,1,0,1,0,1,-18,6,-7,1,0,0,-1,-1,1,1,-1,5,-1
KR_6742103821,420,-2,6,12,-5,0,1,1,-6,6,0,2,2,4,-1,1,0,0,0,0,0,-6,-9,-6,-1,7,1,0,0,1,-1,-1,1,4,-1
KR_6653127586,420,5,63,3,7,4,0,4,2,0,2,-1,2,1,2,2,4,0,0,0,0,3,-3,2,-4,2,2,0,0,-1,-1,0,1,5,-1
KR_6671029644,420,-3,-16,-33,-6,-6,6,0,0,2,2,-2,2,0,3,1,4,-1,1,0,0,-2,12,-4,-6,10,-14,0,-2,1,-1,-1,1,6,-1
KR_6635953153,420,-5,-38,-29,-7,-5,5,0,2,3,5,-2,4,2,1,3,4,-3,4,1,1,-2,-5,0,-3,3,-1,0,-2,-1,-1,-1,1,1,-1
KR_6749955853,420,1,-19,11,-1,6,0,6,0,0,0,-3,6,3,-2,5,3,-2,2,0,0,-1,-9,-2,-1,3,1,0,1,0,1,-1,1,0,-1
KR_6633980669,420,-3,-12,7,-5,2,2,4,-2,4,2,-4,6,2,1,2,3,-2,2,0,0,-9,-12,0,-4,4,-3,0,0,-1,-1,0,-1,4,-1
KR_6762402813,440,-5,-162,-8,-3,-2,2,0,-1,2,1,-3,8,5,2,2,4,1,2,3,0,6,4,2,-3,1,1,0,-2,1,-1,-1,1,1,-1
KR_6681740559,420,-5,-68,-12,-15,-1,2,1,4,1,5,-9,9,0,-7,7,0,-2,2,0,0,-13,-5,-1,-1,2,-1,0,-1,-1,-1,-1,-1,5,-1
KR_6663957148,420,-2,14,-12,-10,-2,3,1,1,2,3,0,2,2,-9,9,0,0,1,1,0,-6,-100,2,-3,1,-3,0,0,1,-1,-1,-1,1,-1
KR_6702419242,420,-1,-15,28,-8,-2,2,0,0,1,1,-8,8,0,1,1,2,1,0,1,0,-2,7,0,-4,4,-5,0,0,1,-1,-1,-1,6,-1
KR_6759870351,420,-1,-2,16,-1,-2,3,1,-1,2,1,-2,2,0,2,0,2,2,1,3,0,0,0,3,-4,1,-1,0,1,1,1,1,-1,4,-1
KR_6760020868,420,-5,-51,-24,-1,-2,5,3,-4,5,1,7,0,7,1,1,2,-3,4,1,0,3,184,-1,-3,4,0,0,0,0,-1,-1,-1,0,-1
KR_6763436531,420,-2,50,-56,-6,1,0,1,0,1,1,-1,1,0,-3,3,0,-3,3,0,0,-5,-12,-4,-2,6,2,0,0,-1,-1,0,-1,2,-1
KR_6762372378,420,5,33,-1,8,-2,5,3,4,0,4,1,0,1,2,1,3,3,1,4,0,10,-7,2,-4,2,2,0,2,1,0,1,1,5,-1
KR_6675982525,420,1,33,32,-8,-5,5,0,1,2,3,1,0,1,-1,2,1,-4,4,0,1,-7,-8,-5,-2,7,-1,0,0,1,-1,1,1,3,-1
KR_6736340732,420,0,-17,-30,-5,-1,3,2,0,2,2,2,0,2,-4,5,1,-2,2,0,0,-9,-22,-2,-2,4,-4,0,0,-1,-1,0,-1,5,-1
KR_6760662919,420,-2,3,23,-10,3,1,4,-1,5,4,-6,8,2,-7,7,0,1,1,2,-1,-12,2,0,-4,4,1,0,-1,1,-1,-1,-1,3,-1
KR_6654211915,440,-1,-49,-28,-1,-1,3,2,4,0,4,3,2,5,0,3,3,-7,7,0,0,-2,215,-2,-2,4,-5,0,-1,1,1,-1,1,2,-1
KR_6698958399,420,3,42,4,10,6,1,7,2,3,5,3,1,4,1,2,3,-2,4,2,2,5,-47,0,-3,3,19,0,-1,1,-1,-1,1,3,-1
KR_6719580122,420,-3,-67,-4,-9,-6,6,0,-4,6,2,1,4,5,-1,2,1,1,2,3,0,-10,16,-6,0,6,1,0,-1,-1,-1,-1,-1,6,-1
KR_6688388284,420,-3,-31,12,-8,-1,2,1,-4,4,0,0,2,2,-4,6,2,1,1,2,0,-8,-2,-2,-4,6,1,0,0,0,1,0,-1,0,-1
KR_6611137461,420,0,5,-32,2,-1,3,2,1,2,3,4,2,6,1,2,3,-3,4,1,0,3,155,0,0,0,2,0,1,1,1,1,-1,4,-1
KR_6764231623,420,1,-43,8,3,1,1,2,0,0,0,-2,4,2,2,1,3,2,1,3,0,6,7,0,-3,3,-4,0,0,-1,-1,0,1,4,-1
KR_6720117915,420,0,-10,4,0,4,2,6,1,1,2,-2,2,0,0,7,7,-3,3,0,0,-10,9,-4,-1,5,-2,0,-1,-1,-1,1,-1,6,-1
KR_6706337382,420,0,-37,27,-7,-6,7,1,2,1,3,0,4,4,-3,3,0,0,0,0,-1,2,-3,4,-6,2,-2,0,0,0,0,-1,-1,0,-1
KR_6692330970,420,-3,-28,-33,-3,-6,6,0,-1,2,1,-4,6,2,4,1,5,4,0,4,-1,3,-1,0,-2,2,1,0,-1,0,-1,-1,-1,0,-1
KR_6649081982,420,1,25,7,-2,2,1,3,-1,3,2,2,1,3,-6,7,1,1,0,1,-1,-6,7,-1,0,1,1,0,-1,1,-1,-1,-1,1,-1
KR_6758075589,420,4,20,-12,1,0,2,2,1,6,7,1,1,2,4,2,6,-5,5,0,-1,-1,-1,3,-5,2,1,0,0,-1,1,0,-1,1,-1
KR_6603848573,420,2,76,0,7,2,1,3,1,1,2,-4,6,2,7,0,7,1,1,2,0,5,4,-1,-1,2,1,0,1,0,1,1,-1,0,-1
KR_6754198298,420,3,68,10,6,-2,4,2,-1,2,1,3,2,5,5,2,7,1,0,1,1,8,-1,1,-3,2,2,0,1,1,1,1,1,2,-1
KR_6732014325,420,-1,-98,-13,4,-1,2,1,0,1,1,-1,4,3,-1,4,3,7,0,7,0,4,1,0,-2,2,-3,0,-2,-1,1,-1,-1,3,-1
KR_6733817453,420,-2,-4,12,-12,-4,6,2,-1,1,0,-1,2,1,-3,5,2,-3,4,1,-2,-17,5,-2,-3,5,-1,0,0,1,-1,1,-1,5,-1
KR_6753762367,440,-1,63,-24,-12,-9,9,0,0,7,7,1,0,1,-1,2,1,-3,3,0,-2,-12,-6,1,-1,0,-1,0,0,-1,0,-1,-1,4,-1
KR_6745919799,420,-1,-12,4,3,-2,3,1,1,2,3,4,6,10,2,6,8,-2,2,0,2,2,-4,-1,-1,2,-1,0,2,1,1,1,1,3,-1
KR_6759569766,420,-2,-71,88,-4,-4,7,3,0,0,0,1,1,2,0,2,2,-1,3,2,0,-4,6,2,-3,1,-4,0,0,1,1,0,1,6,-1
KR_6762890732,420,0,-32,28,-1,1,0,1,0,1,1,-1,2,1,-1,1,0,0,0,0,0,2,-148,-2,-1,3,1,0,0,-1,-1,0,-1,6,-1
KR_6719794984,420,-1,-35,-23,2,-4,6,2,6,2,8,2,4,6,-2,2,0,0,1,1,0,-1,-37,-5,-1,6,0,0,-1,-1,-1,-1,-1,1,-1
KR_6761109708,440,-3,-33,-36,-4,1,0,1,-2,3,1,2,3,5,-7,7,0,2,0,2,0,-8,0,3,-5,2,-2,0,-1,-1,1,-1,-1,3,-1
KR_6755772642,420,-1,-42,0,-6,-2,2,0,-3,4,1,1,1,2,-1,2,1,-1,1,0,0,-2,0,0,-3,3,1,0,-1,-1,-1,-1,1,3,-1
KR_6754430650,420,-10,-112,-39,-14,-12,12,0,-1,2,1,3,1,4,-2,3,1,-2,2,0,0,-6,4,2,-4,2,-4,-1,-4,0,-1,-1,-1,0,-1
KR_6756210540,420,2,-8,40,3,-3,4,1,6,1,7,1,2,3,1,0,1,-2,2,0,0,2,3,-1,-2,3,1,0,0,1,0,0,-1,2,-1
KR_6757803497,420,0,-46,-44,2,-3,4,1,1,1,2,5,0,5,1,1,2,-2,2,0,1,7,-8,3,-3,0,-1,0,-1,-1,-1,-1,1,4,-1
KR_6740253251,420,-6,-78,-20,-5,-1,3,2,-1,3,2,-1,3,2,1,3,4,-3,3,0,0,-4,-20,-2,-2,4,0,0,-1,1,-1,-1,1,6,-1
KR_6730897021,420,-2,-34,-4,-9,-3,4,1,-10,13,3,3,2,5,3,2,5,-2,3,1,-1,-3,-13,2,-5,3,1,0,1,-1,1,1,-1,2,-1
KR_6760043982,420,3,-11,20,-2,0,2,2,-2,4,2,-1,2,1,1,2,3,0,3,3,0,-11,-10,-2,-2,4,2,0,0,0,1,0,-1,0,-1
KR_6749908799,420,-2,12,-2,-10,3,1,4,-7,10,3,-2,2,0,-3,5,2,-1,1,0,-1,-11,35,-2,-2,4,-11,0,-1,-1,-1,-1,-1,1,-1
KR_6626649570,420,0,-22,24,-2,-1,1,0,3,0,3,-2,2,0,-1,4,3,-1,3,2,0,-2,289,-1,-3,4,1,0,-1,1,0,-1,-1,4,-1
KR_6634287123,420,-4,-51,-12,-8,-4,4,0,-2,3,1,-2,3,1,-1,3,2,1,1,2,0,-5,9,7,-9,2,0,0,-1,-1,1,-1,-1,3,-1
KR_6754146066,420,-4,-68,20,-6,-1,2,1,1,1,2,-2,2,0,-2,2,0,-2,2,0,0,-6,-1,-2,-2,4,-1,0,-1,-1,1,-1,-1,1,-1
KR_6613805367,420,0,24,-16,-1,1,1,2,0,2,2,1,2,3,-2,4,2,-1,1,0,0,-2,21,-2,-3,5,5,0,0,-1,1,-1,1,4,-1
KR_6741014097,420,-1,-25,31,0,-3,3,0,3,1,4,-1,3,2,1,0,1,0,2,2,0,4,-28,0,0,0,1,0,1,0,1,1,1,0,-1
KR_6755706901,420,-2,42,16,-3,-1,1,0,-3,3,0,2,2,4,-2,3,1,1,0,1,1,-4,-122,-1,-2,3,-1,0,1,1,1,1,1,6,-1
KR_6759366409,420,-2,-58,-20,-5,-4,5,1,2,0,2,-2,3,1,0,2,2,-1,3,2,-1,5,2,0,-3,3,-1,0,0,1,0,0,-1,1,-1
KR_6760098305,420,-3,8,-17,-11,-4,6,2,-3,3,0,0,1,1,-3,3,0,-1,1,0,-1,-7,-13,-4,-2,6,0,0,-2,-1,-1,-1,-1,2,-1
KR_6648024993,420,2,-50,5,3,2,1,3,-3,5,2,-6,6,0,5,0,5,5,0,5,1,6,-35,2,-5,3,-1,0,0,-1,1,1,1,2,-1
KR_6685898386,420,-4,-24,-11,-4,-1,3,2,-2,3,1,0,2,2,3,0,3,-4,4,0,0,-2,-3,1,-1,0,-1,0,-1,1,-1,1,1,5,-1
KR_6651599152,420,-3,-2,-4,-5,-1,2,1,0,1,1,0,1,1,-4,4,0,0,0,0,1,-4,22,-4,0,4,1,0,0,-1,0,0,1,4,-1
KR_6686663236,420,1,-6,4,4,0,1,1,2,1,3,-2,4,2,0,3,3,4,2,6,0,6,10,-1,-1,2,-3,0,0,1,-1,0,1,4,-1
KR_6756895066,420,-2,-25,-21,-5,1,2,3,-4,6,2,-1,4,3,0,3,3,-1,1,0,0,-9,-11,-1,-2,3,1,0,0,1,-1,0,-1,1,-1
KR_6671373454,440,2,-34,-12,6,-2,2,0,-2,5,3,4,1,5,3,0,3,3,2,5,1,15,14,1,-2,1,-1,0,1,0,0,-1,1,0,-1
KR_6727045677,420,-2,-76,-58,-4,-1,2,1,2,0,2,-10,13,3,5,2,7,0,0,0,0,7,55,2,-4,2,2,0,-1,-1,-1,-1,-1,2,-1
KR_6726544198,440,-2,-126,-7,0,-4,4,0,2,0,2,0,2,2,2,2,4,0,0,0,1,7,-30,4,-7,3,8,0,-1,1,1,-1,1,6,-1
KR_6743577489,440,6,77,32,4,4,2,6,-1,3,2,0,1,1,-1,2,1,2,0,2,0,3,-1,-4,-3,7,4,0,0,1,-1,0,-1,3,-1
KR_6656471875,420,2,-53,-12,4,-1,3,2,2,3,5,3,0,3,-3,7,4,3,0,3,-2,-2,-6,-2,-2,4,1,0,0,1,-1,0,-1,6,-1
KR_6624546541,420,-2,-14,11,-1,3,0,3,1,0,1,-6,7,1,-2,2,0,3,2,5,0,2,-14,3,-4,1,-4,0,-1,-1,-1,-1,-1,1,-1
KR_6720785784,420,-4,-70,4,-12,-2,4,2,0,5,5,-3,3,0,-8,10,2,1,1,2,0,-8,-33,-4,0,4,1,0,-3,1,-1,-1,-1,6,-1
KR_6753157487,420,0,-58,16,-7,-4,4,0,1,2,3,1,2,3,-5,5,0,0,0,0,0,-5,7,-1,-2,3,0,0,-1,-1,-1,-1,-1,6,-1
KR_6736212856,440,-2,-30,-10,-6,-2,7,5,0,2,2,5,0,5,-7,8,1,-2,3,1,-1,-9,-10,2,-3,1,-1,0,-1,-1,0,-1,-1,5,-1
KR_6668487935,420,-2,-101,-16,-4,-1,4,3,3,3,6,-5,6,1,0,3,3,-1,2,1,0,-4,0,0,-3,3,0,0,-2,-1,1,-1,1,3,-1
KR_6347009957,420,-3,-69,4,-11,-5,5,0,3,0,3,0,1,1,-2,4,2,-7,8,1,0,-5,-1,0,0,0,0,0,-2,0,-1,-1,-1,0,-1
KR_6758586240,440,-3,-58,6,-7,-2,2,0,-2,5,3,-1,6,5,-3,5,2,1,2,3,0,-6,-11,-1,-2,3,4,0,0,-1,1,0,-1,2,-1
KR_6752491366,440,-7,-93,-35,-19,-3,3,0,0,2,2,-2,3,1,-13,14,1,-1,2,1,0,-22,2,-1,-1,2,-1,0,-1,0,-1,-1,-1,0,-1
KR_6666443403,420,-4,-17,-41,-5,1,2,3,-1,2,1,-5,5,0,-5,7,2,5,0,5,0,3,-16,0,-3,3,1,0,-1,1,-1,-1,1,5,-1
KR_6729215632,440,1,-31,-20,0,-6,7,1,-1,1,0,5,0,5,4,0,4,-2,3,1,0,3,7,1,-6,5,4,0,0,-1,-1,0,-1,4,-1
KR_6689237722,420,-6,-25,-36,-2,1,1,2,0,4,4,-3,4,1,-2,3,1,2,2,4,0,-12,3,2,-4,2,1,0,1,-1,-1,-1,1,2,-1
KR_6761000491,420,0,-7,-8,5,-2,2,0,3,0,3,2,1,3,2,0,2,0,2,2,0,7,3,2,-4,2,1,0,0,1,-1,0,1,5,-1
KR_6727609177,420,-4,-15,-30,-8,-7,9,2,-2,5,3,4,0,4,0,2,2,-3,3,0,-1,-5,-1,0,-2,2,2,0,0,-1,1,-1,-1,4,-1
KR_6736112338,420,-4,-35,-38,-9,1,0,1,-2,3,1,-4,8,4,-2,6,4,-2,5,3,0,-3,-7,-1,-5,6,1,0,-2,-1,-1,-1,1,4,-1
KR_6764093850,420,-2,24,-8,-12,-2,2,0,-10,10,0,-4,7,3,4,0,4,0,1,1,-1,-8,-5,-3,-3,6,1,0,0,0,-1,0,-1,0,-1
KR_6743290207,420,-2,-21,-4,-8,-3,4,1,-4,4,0,-2,5,3,0,2,2,1,0,1,0,-5,-8,-2,-1,3,1,0,-1,0,-1,-1,-1,0,-1
KR_6718916683,420,0,44,-33,-6,-4,5,1,-4,5,1,3,2,5,-1,3,2,0,0,0,0,-7,-5,-3,0,3,1,0,0,-1,1,0,-1,2,-1
KR_6758240420,420,-4,43,-92,-5,3,0,3,-3,6,3,-8,8,0,2,2,4,1,0,1,2,-1,6,-1,-2,3,-1,0,-1,0,-1,-1,1,0,-1
KR_6710947682,420,1,-63,12,2,4,0,4,-5,6,1,0,2,2,2,0,2,1,1,2,0,4,-15,-1,-5,6,2,0,0,0,-1,0,1,0,-1
KR_6757390619,440,-2,-54,16,-4,0,2,2,1,0,1,-4,5,1,0,2,2,-1,1,0,0,0,-2,-1,-3,4,1,0,0,-1,-1,-1,-1,3,-1
KR_6735514438,440,2,-1,5,6,0,0,0,9,0,9,-1,5,4,-3,4,1,1,0,1,0,1,34,2,-3,1,-14,0,-1,1,0,-1,1,5,-1
KR_6739688145,440,-5,-37,-28,-3,5,0,5,0,0,0,1,1,2,-3,4,1,-6,6,0,0,1,45,0,-4,4,-22,0,-1,-1,0,-1,1,1,-1
KR_6717806797,420,-5,-32,-28,-12,-1,3,2,2,1,3,-6,8,2,-2,4,2,-5,5,0,1,-7,-9,3,-4,1,-2,0,-1,1,-1,-1,1,4,-1
KR_6705853569,420,2,90,-37,3,-1,2,1,1,2,3,-1,3,2,5,0,5,-1,2,1,0,2,3,-2,0,2,2,0,0,-1,0,1,1,4,-1
KR_6750976905,420,-3,11,-25,-13,5,0,5,0,1,1,-8,8,0,-5,5,0,-5,5,0,0,-14,-7,0,-4,4,0,0,0,1,-1,-1,-1,5,-1
KR_6752305728,420,1,-15,20,0,0,0,0,2,0,2,-2,4,2,0,2,2,0,2,2,0,2,2,3,-5,2,1,0,0,1,-1,1,1,5,-1
KR_6755187718,420,0,10,15,3,-7,8,1,4,0,4,5,3,8,-1,6,5,2,0,2,0,12,5,-1,-2,3,3,0,0,1,-1,-1,1,3,-1
KR_6756938415,440,-1,-55,-12,-1,2,3,5,-1,1,0,-2,3,1,0,1,1,0,0,0,0,4,0,3,-4,1,-1,0,0,-1,1,-1,-1,5,-1
KR_6746032742,420,-1,-47,4,-1,-2,3,1,1,1,2,0,0,0,0,0,0,0,1,1,0,-1,-2,-1,-2,3,-3,0,0,-1,1,0,-1,1,-1
KR_6615511212,420,1,-31,12,-2,0,0,0,3,2,5,-4,5,1,-4,6,2,3,2,5,0,-3,-5,-7,-1,8,5,0,-1,-1,-1,-1,-1,4,-1
KR_6627547132,420,-2,3,-11,-7,-1,3,2,-4,5,1,1,1,2,-1,3,2,-2,3,1,0,-3,2,-3,-3,6,-2,0,-2,1,-1,-1,-1,5,-1
KR_6615473294,420,-1,9,-16,3,-1,2,1,4,3,7,-6,9,3,7,0,7,-1,1,0,3,21,11,7,-8,1,2,0,-1,0,1,-1,1,0,-1
KR_6760142825,420,-3,-67,-23,-8,-1,2,1,-4,7,3,1,2,3,-8,9,1,4,1,5,0,-19,54,-3,-1,4,2,0,-1,0,-1,-1,1,0,-1
KR_6760489649,420,-3,-64,-5,-3,1,0,1,-1,1,0,3,5,8,-5,5,0,-1,2,1,0,0,-6,-1,-4,5,-1,0,-2,-1,-1,-1,1,1,-1
KR_6762686932,440,-5,-39,-44,-8,0,2,2,-2,2,0,-6,6,0,0,2,2,0,0,0,0,-5,-12,-6,-3,9,11,0,-1,1,-1,-1,-1,3,-1
KR_6672690014,420,-2,-26,12,0,1,1,2,2,2,4,-1,2,1,0,2,2,-2,3,1,0,-5,6,2,-4,2,0,0,-1,-1,1,1,-1,3,-1
KR_6735152441,420,2,-6,18,0,2,0,2,-1,5,4,-1,3,2,2,3,5,-2,3,1,2,7,-219,1,-4,3,2,0,-1,-1,-1,-1,1,6,-1
KR_6735649045,420,0,28,20,-2,-1,1,0,1,2,3,-4,4,0,1,1,2,1,0,1,0,3,35,-1,-1,2,-33,0,0,1,-1,0,1,6,-1
KR_6618195559,420,-4,-67,-23,-5,-2,3,1,-4,4,0,-1,2,1,2,1,3,0,1,1,0,-7,0,-1,-4,5,1,0,-2,-1,-1,-1,1,6,-1
KR_6761674576,420,-3,-122,-12,-3,-4,5,1,0,1,1,0,1,1,3,0,3,-2,2,0,1,1,-14,-1,-3,4,5,0,-1,-1,-1,-1,1,4,-1
KR_6741280543,440,-1,-11,-44,-1,1,2,3,0,2,2,-3,4,1,1,1,2,0,1,1,0,3,-37,-1,-5,6,13,0,0,1,-1,0,1,2,-1
KR_6632011978,420,-4,-53,4,-8,0,2,2,0,2,2,1,3,4,-9,9,0,0,1,1,0,-11,4,1,-1,0,-1,0,-1,-1,-1,-1,-1,4,-1
KR_6736557652,420,-3,-17,-9,-4,-1,1,0,0,2,2,1,5,6,-1,1,0,-3,3,0,1,-6,-56,-3,-1,4,26,0,-3,1,-1,-1,1,1,-1
KR_6738483040,420,-1,-9,-8,1,1,1,2,-2,6,4,2,0,2,-1,1,0,1,0,1,0,2,166,-3,-3,6,2,0,0,-1,-1,0,1,5,-1
KR_6751084318,440,-2,-74,12,-6,-7,8,1,0,2,2,1,3,4,-2,5,3,2,1,3,-1,3,60,3,-4,1,-22,0,-1,1,-1,-1,-1,3,-1
KR_6741473818,420,-2,-71,3,-2,-1,3,2,-3,3,0,0,0,0,4,2,6,-2,2,0,0,-1,-296,-3,-2,5,3,0,-1,0,-1,-1,-1,0,-1
KR_6762893844,420,3,-20,0,6,-1,1,0,3,2,5,7,0,7,-3,6,3,0,3,3,1,-3,-2,4,-4,0,32,0,-1,-1,1,1,1,1,-1
KR_6630432629,420,-5,-6,-32,-7,-2,3,1,-4,6,2,0,1,1,-1,3,2,0,1,1,0,-3,268,-3,-4,7,-3,0,0,-1,-1,0,-1,3,-1
KR_6720575027,440,-7,-154,-10,-11,2,0,2,-3,3,0,-7,7,0,-1,1,0,-2,2,0,0,-6,2,-4,-1,5,-1,0,-1,-1,0,-1,1,6,-1
KR_6635415212,420,4,44,20,13,-1,2,1,4,0,4,4,1,5,4,2,6,2,1,3,0,8,5,1,-1,0,0,0,1,0,0,1,-1,0,-1
KR_6705065515,420,-3,9,-29,-10,-2,3,1,0,2,2,-8,9,1,-1,2,1,1,0,1,0,-13,421,2,-5,3,-1,0,0,-1,1,1,-1,2,-1
KR_6694005446,420,1,-26,28,-1,-1,3,2,4,1,5,-1,4,3,-3,3,0,0,3,3,1,5,9,0,-4,4,-3,0,0,-1,1,0,1,6,-1
KR_6604341342,420,-3,-101,-19,-11,-7,8,1,-2,2,0,-6,8,2,6,0,6,-2,3,1,0,4,-394,-1,-3,4,-1,0,-4,-1,-1,-1,1,2,-1
KR_6764049753,420,-2,-3,20,-13,-2,4,2,-1,1,0,-9,9,0,-3,4,1,2,0,2,0,-12,-2,-1,-3,4,3,0,-1,1,0,-1,-1,5,-1
KR_6628713478,420,-1,-6,-32,-5,0,0,0,3,2,5,-8,8,0,-1,3,2,1,1,2,0,-2,-6,-2,0,2,0,-1,-3,-1,-1,-1,-1,6,-1
KR_6671050115,420,-2,-102,-4,-10,0,2,2,-1,3,2,-3,5,2,-5,5,0,-1,1,0,0,-7,-8,0,-3,3,3,0,0,1,-1,0,-1,6,-1
KR_6685089236,420,0,-63,12,-1,0,1,1,-3,5,2,1,2,3,-1,1,0,2,2,4,0,1,1,-1,0,1,-1,0,1,1,1,1,1,5,-1
KR_6760026845,440,-4,-50,-7,-7,1,1,2,3,3,6,-2,5,3,-8,8,0,-1,2,1,0,-10,1,1,-4,3,5,0,1,1,1,-1,1,6,-1
KR_6749700074,420,-5,-110,12,-12,-5,7,2,-1,6,5,-2,3,1,-2,3,1,-2,2,0,0,-17,-3,-3,-4,7,0,0,-2,-1,-1,-1,-1,5,-1
KR_6528041278,420,-5,-7,-24,-8,-3,3,0,-5,5,0,-3,4,1,3,2,5,0,2,2,0,-5,1,0,-2,2,1,0,-3,-1,-1,-1,-1,5,-1
KR_6661415019,440,-3,20,-25,-3,-7,9,2,3,0,3,-1,2,1,3,1,4,-1,2,1,0,9,-24,0,-5,5,0,0,-1,-1,-1,-1,-1,2,-1
KR_6732154367,440,-4,-53,0,-3,3,2,5,-4,5,1,-2,3,1,-2,2,0,2,1,3,0,-6,2,0,-4,4,-1,0,1,-1,1,1,-1,1,-1
KR_6751679391,420,-4,4,-4,-9,-1,2,1,-4,5,1,-1,4,3,-3,5,2,0,4,4,0,-14,-2,-1,-2,3,0,0,0,-1,-1,0,1,1,-1
KR_6725970269,420,-3,-50,-20,-10,-4,5,1,2,2,4,-1,3,2,-6,10,4,-1,1,0,0,2,-11,-6,-1,7,0,0,0,-1,1,-1,-1,4,-1
KR_6740895773,420,-4,-103,-24,-9,2,1,3,-3,5,2,-4,6,2,-3,5,2,-1,2,1,-1,-10,339,-2,-2,4,1,0,-1,1,0,-1,-1,2,-1
KR_6750299518,420,-1,39,-24,0,3,2,5,-2,3,1,-1,5,4,-1,4,3,1,1,2,0,3,4,1,-5,4,0,0,-1,0,-1,-1,1,0,-1
KR_6759679413,420,-2,16,-100,-2,1,2,3,-2,3,1,1,1,2,-1,3,2,-1,1,0,1,4,-10,8,-8,0,-5,0,1,-1,1,1,1,1,-1
KR_6751352604,420,0,-22,-48,-3,-3,3,0,0,2,2,-1,1,0,1,1,2,0,0,0,0,3,-9,0,-6,6,0,0,1,1,-1,1,-1,2,-1
KR_6761995624,420,-2,-92,-18,-7,-5,5,0,-1,3,2,-1,1,0,1,1,2,-1,2,1,1,0,3,-1,-1,2,0,0,-1,-1,-1,-1,1,6,-1
KR_6763160151,420,-1,24,48,3,-2,3,1,-2,2,0,2,2,4,1,4,5,4,2,6,0,-6,358,1,-2,1,0,0,2,0,0,1,1,0,-1
KR_6632621607,420,-3,-27,-24,-1,4,2,6,4,1,5,-1,3,2,-1,1,0,-7,7,0,0,-1,-42,1,-4,3,16,0,0,-1,0,-1,-1,1,-1
KR_6743232795,420,-8,-123,-59,-16,-5,5,0,-3,3,0,-8,9,1,0,4,4,0,1,1,0,-7,22,-2,0,2,1,0,-2,-1,0,-1,-1,3,-1
KR_6744855938,420,-7,-50,-20,-11,-3,4,1,-2,2,0,-4,5,1,2,2,4,-4,4,0,0,-7,8,3,-6,3,-2,0,0,-1,0,0,-1,1,-1
KR_6685956558,420,1,-7,13,5,2,1,3,4,2,6,-4,6,2,4,0,4,-1,2,1,0,3,543,1,-4,3,0,0,2,-1,0,1,1,5,-1
KR_6716042906,420,-1,53,8,-5,0,0,0,-2,2,0,-3,3,0,1,0,1,-1,1,0,0,-5,-1,2,-6,4,-5,0,0,1,0,0,-1,6,-1
KR_6759647677,420,-2,-79,-8,-11,-6,6,0,-4,4,0,4,1,5,-4,7,3,-1,1,0,0,-6,-1,-6,-5,11,2,0,0,-1,1,0,-1,6,-1
KR_6722775066,420,-2,-15,-5,-3,1,1,2,-4,5,1,1,2,3,0,4,4,-1,1,0,0,0,-4,-1,-3,4,0,0,0,-1,1,0,-1,6,-1
KR_6764023685,420,-4,-114,11,-9,2,0,2,0,1,1,-9,11,2,-2,3,1,0,0,0,0,-2,-7,0,-4,4,-5,0,-2,-1,0,-1,-1,5,-1
KR_6664435931,440,-3,-115,-24,-8,0,0,0,-3,4,1,-6,7,1,0,1,1,1,1,2,0,-3,12,2,-3,1,-2,0,-2,1,-1,-1,-1,4,-1
KR_6763393802,420,-2,-29,-28,1,4,3,7,1,2,3,1,2,3,-4,4,0,-1,3,2,0,-2,-128,4,-6,2,-2,0,1,-1,1,1,1,6,-1
KR_6753604605,420,-5,-104,-4,-17,3,0,3,-4,6,2,-1,3,2,-14,16,2,-1,1,0,-2,-18,2,2,-6,4,-1,0,-2,1,1,-1,-1,3,-1
KR_6761256452,420,-3,-26,-8,-1,2,3,5,-6,7,1,1,2,3,1,1,2,1,2,3,0,-3,-10,-4,-3,7,3,0,-1,-1,-1,-1,-1,5,-1
KR_6729945108,420,-3,-25,4,-6,1,0,1,0,1,1,-6,6,0,-2,2,0,1,1,2,0,-3,11,-1,-2,3,-1,0,-1,-1,1,-1,-1,4,-1
KR_6623847991,420,-1,-63,-9,-4,0,1,1,-1,2,1,0,2,2,-3,4,1,0,1,1,0,3,8,4,-8,4,-1,0,0,1,0,0,-1,2,-1
KR_6744917962,420,-4,-25,0,-12,-8,8,0,0,1,1,-6,6,0,0,5,5,2,1,3,0,-18,-7,1,-5,4,0,0,0,1,-1,-1,1,4,-1
KR_6763147192,420,0,15,0,-8,2,4,6,-3,3,0,0,1,1,-4,4,0,-3,3,0,0,-9,19,-4,0,4,0,0,1,-1,1,1,-1,3,-1
KR_6746468305,420,-1,-70,-16,1,1,1,2,-4,5,1,2,0,2,0,3,3,2,0,2,0,-2,-1,2,-7,5,0,0,-1,1,-1,-1,1,6,-1
KR_6664378688,440,-1,8,-16,-3,3,1,4,-3,4,1,0,2,2,-1,2,1,-2,2,0,0,-5,2,1,-2,1,1,0,0,-1,1,0,-1,3,-1
KR_6740367458,420,-1,27,-12,-2,-2,3,1,3,3,6,-5,5,0,1,0,1,1,0,1,0,1,6,2,-4,2,-2,0,1,-1,-1,1,-1,6,-1
KR_6763303674,420,-3,-41,-28,-4,-2,3,1,3,0,3,-1,3,2,-5,5,0,1,0,1,0,-4,2,0,-2,2,-1,0,0,1,1,0,1,6,-1
KR_6763345122,440,1,26,-12,7,-3,4,1,-1,1,0,1,3,4,3,2,5,7,1,8,0,3,-1,6,-9,3,3,0,0,1,-1,-1,-1,4,-1
KR_6655433411,420,1,90,15,6,2,6,8,1,1,2,-1,3,2,4,0,4,0,1,1,0,6,-11,2,-3,1,0,0,1,-1,-1,1,1,6,-1
KR_6741147331,420,1,-34,71,1,2,1,3,3,1,4,0,4,4,-2,3,1,-2,2,0,1,0,14,3,-3,0,-1,0,-2,0,-1,-1,1,0,-1
KR_6762306102,440,-6,-75,0,-19,-3,3,0,-3,3,0,1,2,3,-11,11,0,-3,3,0,-1,-27,-17,-5,-2,7,-4,0,-2,-1,0,-1,-1,2,-1
KR_6753799213,440,-3,-40,-28,-6,0,0,0,-7,7,0,-3,4,1,0,1,1,4,3,7,0,1,5,1,-4,3,3,0,0,-1,0,0,-1,5,-1
KR_6749529234,420,-2,-19,-9,-13,4,1,5,-2,3,1,-3,7,4,-13,14,1,1,1,2,0,-13,-4,-4,-1,5,-1,0,-2,-1,1,-1,-1,2,-1
KR_6761469862,440,-4,-74,-12,-4,0,1,1,-3,4,1,3,0,3,0,2,2,-4,6,2,-1,1,-3,3,-4,1,1,0,-1,-1,-1,-1,-1,4,-1
KR_6730015805,420,-3,18,-65,-4,-2,2,0,-3,3,0,0,1,1,1,1,2,0,1,1,0,0,-2,-1,-2,3,0,0,-1,-1,-1,-1,-1,1,-1
KR_6724070657,420,2,-13,28,2,1,0,1,-2,7,5,5,0,5,-3,4,1,1,0,1,0,9,0,-1,-2,3,-2,0,0,-1,1,0,-1,4,-1
KR_6748540582,440,2,-28,-4,2,1,2,3,0,2,2,1,1,2,1,6,7,-1,1,0,0,-5,0,1,-1,0,-1,0,1,1,-1,1,1,6,-1
KR_6703995433,420,-1,-70,27,-1,-2,5,3,1,3,4,0,0,0,-1,4,3,1,0,1,0,4,-73,1,-2,1,18,0,0,1,-1,-1,-1,4,-1
KR_6692411910,420,3,-38,-27,11,6,1,7,0,1,1,4,0,4,1,1,2,0,1,1,0,5,-15,-3,-2,5,4,0,0,0,-1,1,1,0,-1
KR_6738662351,420,1,24,16,2,3,1,4,-1,2,1,-3,5,2,4,2,6,-1,1,0,0,7,50,-3,-8,11,-16,0,-1,0,-1,-1,1,0,-1
KR_6624265408,420,-3,7,-57,-7,-1,1,0,1,2,3,2,1,3,-8,10,2,-1,3,2,-2,-12,-111,-5,0,5,1,0,-1,1,0,-1,-1,2,-1
KR_6616780557,420,-2,-41,-12,0,-5,6,1,5,4,9,-6,6,0,2,0,2,4,0,4,-1,14,-2,0,-3,3,0,0,0,-1,-1,-1,-1,2,-1
KR_6747456680,440,3,22,4,8,-1,4,3,2,2,4,1,1,2,1,0,1,5,1,6,0,7,-35,-3,-3,6,18,0,0,1,-1,0,1,3,-1
KR_6706924459,420,-4,-33,-36,-14,-1,4,3,-12,13,1,0,3,3,1,4,5,-2,2,0,-2,-9,-331,0,-1,1,1,0,-1,1,-1,-1,1,4,-1
KR_6762125652,420,-1,56,-23,-1,-3,5,2,-3,5,2,4,2,6,1,0,1,0,0,0,0,5,-4,2,-2,0,3,0,0,0,-1,0,-1,0,-1
KR_6747358468,420,1,10,64,-1,-2,3,1,2,1,3,1,0,1,-1,2,1,-1,3,2,0,1,-3,0,-5,5,-1,0,-2,-1,1,-1,-1,1,-1
KR_6751152228,420,-1,27,20,-2,-1,2,1,-3,3,0,1,2,3,0,3,3,1,1,2,0,4,3,3,-3,0,1,0,0,0,0,-1,1,0,-1
KR_6760994790,420,1,-22,-4,7,2,1,3,0,4,4,0,3,3,3,1,4,2,0,2,0,4,-31,-1,-1,2,2,0,1,-1,1,1,-1,4,-1
KR_6763192691,420,-4,-9,-24,-4,-3,5,2,-1,3,2,1,0,1,0,0,0,-1,1,0,1,-1,-5,1,-2,1,0,0,-1,-1,-1,-1,1,1,-1
KR_6579965884,420,0,39,-14,0,3,0,3,-6,7,1,-4,5,1,7,0,7,0,1,1,1,4,47,-1,-2,3,-35,0,-1,0,0,-1,1,0,-1
KR_6711627095,420,2,-25,61,-2,-1,1,0,0,1,1,1,0,1,-1,2,1,-1,1,0,0,-3,6,0,-1,1,4,0,-1,-1,1,-1,-1,6,-1
KR_6640063336,420,-4,-85,-28,-7,2,1,3,-3,5,2,-3,4,1,-5,5,0,2,0,2,0,-6,-15,-1,-1,2,1,0,-1,0,-1,-1,1,0,-1
KR_6756245541,420,0,-10,3,-4,-1,3,2,3,0,3,2,1,3,-4,4,0,-4,4,0,0,-2,1,0,-4,4,1,0,0,-1,1,-1,-1,5,-1
KR_6710296998,440,-3,11,-16,-10,-2,2,0,-4,6,2,-2,2,0,-1,3,2,-1,1,0,0,-9,7,1,-6,5,-4,0,-1,-1,-1,-1,-1,5,-1
KR_6716611580,420,-1,-68,-16,-6,-2,3,1,4,1,5,-3,4,1,-2,3,1,-3,5,2,-1,-2,-3,0,-4,4,1,0,-2,-1,-1,-1,-1,1,-1
KR_6742914484,420,-4,-81,8,-11,0,2,2,-3,4,1,-2,3,1,-5,5,0,-1,1,0,0,-9,-28,0,-3,3,-2,0,-2,-1,1,-1,1,2,-1
KR_6709084492,420,-1,-44,-4,-4,-3,3,0,-2,2,0,2,2,4,-2,3,1,1,0,1,0,-1,4,-1,-1,2,0,0,0,-1,-1,0,1,6,-1
KR_6762570414,420,0,25,-4,2,0,2,2,-2,9,7,-2,3,1,5,0,5,1,1,2,0,0,-4,3,-4,1,2,0,-1,-1,-1,-1,1,5,-1
KR_6693825278,420,1,-14,11,1,0,0,0,1,3,4,-2,3,1,-1,6,5,3,1,4,0,5,4,0,-3,3,0,0,0,1,0,0,-1,5,-1
KR_6751502194,420,-4,-63,-24,-10,-5,5,0,0,0,0,0,5,5,-4,5,1,-1,1,0,-1,-2,-359,-4,-3,7,4,0,-2,-1,-1,-1,-1,2,-1
KR_6708314137,420,-3,-67,-28,-11,-6,7,1,1,1,2,-3,6,3,-3,3,0,0,1,1,0,-7,-20,-1,-4,5,0,0,0,-1,-1,-1,-1,4,-1
KR_6749462165,440,-1,-16,11,-5,3,2,5,2,1,3,-6,6,0,-1,2,1,-3,3,0,0,-6,-1,0,-2,2,-2,0,-2,-1,-1,-1,1,3,-1
KR_6549175835,420,-1,-44,11,-4,-1,4,3,1,0,1,-3,3,0,-2,3,1,1,0,1,0,-6,6,2,-2,0,-4,0,0,-1,-1,-1,1,5,-1
KR_6762352922,440,-4,-44,-24,-6,0,1,1,-4,4,0,-1,4,3,-2,2,0,1,0,1,0,-2,3,-3,-3,6,-3,0,-1,-1,-1,-1,-1,1,-1
KR_6762905198,440,-5,-112,-3,-18,0,5,5,-8,9,1,1,1,2,-10,12,2,-1,1,0,-1,-14,0,-3,-2,5,-1,0,-2,0,-1,-1,-1,0,-1
KR_6681971520,420,-3,13,-24,1,1,2,3,0,2,2,2,0,2,-3,5,2,1,0,1,0,-2,-46,2,-4,2,23,0,-1,1,0,-1,1,3,-1
KR_6735102585,420,-3,-30,-32,-5,-3,3,0,1,4,5,0,2,2,-2,2,0,-1,1,0,0,0,-5,-2,-2,4,-3,0,-3,-1,-1,-1,-1,2,-1
KR_6613470895,420,-4,-80,-24,-5,-3,5,2,-3,5,2,-2,2,0,3,2,5,0,2,2,0,-4,-12,-4,-4,8,-1,0,0,1,1,-1,-1,6,-1
KR_6696035980,420,-4,-10,-16,-1,1,1,2,0,5,5,-1,1,0,-1,5,4,0,0,0,0,-3,-4,5,-7,2,-4,0,-2,-1,-1,-1,1,6,-1
KR_6727812230,420,-7,-29,-3,-19,-5,5,0,-7,7,0,-6,6,0,0,4,4,-1,1,0,0,-22,3,1,-2,1,-1,0,-2,0,-1,-1,1,0,-1
KR_6523497338,420,-2,-10,0,-1,-1,2,1,2,1,3,0,2,2,-3,4,1,1,0,1,0,-7,2,-2,-2,4,1,0,0,-1,-1,0,1,4,-1
KR_6718258950,420,2,-29,4,5,-3,3,0,2,0,2,4,2,6,1,1,2,1,1,2,-2,8,-4,0,-7,7,0,0,0,-1,1,1,-1,4,-1
KR_6761456319,440,-5,-117,-15,-5,0,0,0,-1,1,0,0,3,3,-2,3,1,-2,3,1,0,-2,-1,1,-1,0,-2,0,0,-1,0,-1,-1,5,-1
KR_6743623141,420,-2,-35,-16,-9,2,0,2,-8,8,0,-3,5,2,1,1,2,-1,2,1,0,-5,-128,-4,0,4,1,0,-1,-1,0,-1,-1,3,-1
KR_6630601463,420,0,-36,12,-5,-7,9,2,-1,2,1,1,2,3,0,2,2,2,1,3,-1,1,1,-2,-3,5,-1,0,1,1,1,1,-1,3,-1
KR_6739374242,440,-3,-42,-5,-14,-1,1,0,0,3,3,-4,7,3,-3,5,2,-6,6,0,0,-6,-5,-3,-1,4,2,0,-2,-1,-1,-1,-1,3,-1
KR_6630318728,420,-1,-43,22,-5,3,1,4,-1,2,1,-1,4,3,-2,6,4,-4,4,0,1,-7,-5,-5,-4,9,-2,0,-2,-1,-1,-1,1,4,-1
KR_6763079196,420,2,-34,27,0,-2,3,1,1,4,5,0,4,4,2,3,5,-1,1,0,-2,-6,-5,-1,-3,4,0,0,0,0,1,0,-1,0,-1
KR_6748440789,420,-4,-23,-20,-11,-2,4,2,-2,3,1,-3,4,1,-4,6,2,0,1,1,0,-14,-11,-4,0,4,-1,0,0,0,0,0,-1,0,-1
KR_6745778805,420,-5,-85,0,-9,-5,6,1,0,2,2,-4,4,0,0,3,3,0,1,1,0,-3,4,3,-3,0,3,0,-2,0,-1,-1,-1,0,-1
KR_6759614131,420,-5,-64,-21,-5,0,0,0,-1,1,0,1,1,2,-5,5,0,0,0,0,0,-6,-7,1,-3,2,-2,0,-2,-1,-1,-1,1,3,-1
KR_6737657269,420,-5,-21,-23,-2,-2,4,2,2,2,4,-4,5,1,1,5,6,1,1,2,2,-5,16,0,-2,2,-1,0,-1,-1,1,1,1,3,-1
KR_6665369717,420,-1,-65,-24,-2,1,1,2,0,1,1,-1,2,1,-1,2,1,-1,3,2,1,1,3,-1,-3,4,4,0,1,-1,-1,1,1,3,-1
KR_6654308920,440,-4,-8,12,-6,0,5,5,2,1,3,-1,3,2,-2,4,2,-5,6,1,0,-8,-3,-4,-1,5,-2,0,0,-1,0,-1,1,2,-1
KR_6719859052,420,2,27,23,0,-5,6,1,-1,2,1,1,3,4,5,0,5,0,0,0,0,4,-15,-1,-3,4,-1,0,0,-1,-1,0,1,5,-1
KR_6693100451,420,-2,-13,-20,-4,-7,8,1,7,1,8,1,2,3,-1,2,1,-4,4,0,-1,-1,0,3,-4,1,5,0,0,-1,1,0,-1,6,-1
KR_6640120699,420,-3,-21,6,-7,-1,2,1,-8,8,0,-1,1,0,3,2,5,0,2,2,0,-11,4,-5,-2,7,-5,0,-1,-1,1,-1,1,3,-1
KR_6607905641,420,-1,-7,4,-2,0,1,1,-4,4,0,0,4,4,2,0,2,0,0,0,1,-3,-11,-2,-3,5,1,0,0,1,-1,1,1,6,-1
KR_6681449477,420,-2,18,-28,-10,-4,4,0,-8,8,0,2,3,5,-1,1,0,1,0,1,0,-7,-35,1,-3,2,-3,0,0,-1,1,0,-1,5,-1
KR_6750912585,420,-2,13,0,-3,0,4,4,-3,4,1,1,4,5,-2,3,1,1,2,3,-1,3,-168,-1,-3,4,17,0,1,1,-1,-1,1,2,-1
KR_6758931583,440,-1,18,-22,-4,-3,3,0,0,3,3,1,3,4,-2,3,1,0,1,1,0,-5,8,-1,-1,2,-2,0,0,-1,-1,0,-1,5,-1
KR_6718691380,440,-1,79,-11,-9,3,1,4,-4,5,1,2,3,5,-10,13,3,0,1,1,-1,-20,14,-4,-5,9,-29,0,0,-1,1,1,-1,1,-1
KR_6735977839,420,-3,-83,-27,-11,0,1,1,-5,5,0,-2,2,0,-2,2,0,-2,2,0,-2,-15,-3,-2,-2,4,0,0,-1,-1,-1,-1,-1,5,-1
KR_6755190119,420,1,38,-7,6,2,0,2,2,3,5,1,0,1,-1,3,2,2,0,2,-1,8,-96,-1,-1,2,-1,0,0,1,1,1,-1,3,-1
KR_6664335964,440,1,-18,43,-5,3,1,4,0,3,3,-4,6,2,-4,6,2,0,0,0,0,-6,-16,-1,-1,2,-1,0,-3,1,-1,-1,1,3,-1
KR_6711139881,420,-5,-80,-28,-1,-1,3,2,-5,9,4,0,2,2,5,0,5,0,0,0,0,2,-4,-1,-3,4,3,0,-3,1,-1,-1,-1,5,-1
KR_6762267803,420,-4,-45,7,-2,4,1,5,1,0,1,-4,4,0,-2,3,1,-1,1,0,0,-6,-14,-7,-2,9,-2,0,-1,-1,1,-1,1,1,-1
KR_6686932386,420,-1,-10,12,-10,5,1,6,0,2,2,-3,5,2,-9,9,0,-3,3,0,0,-19,-8,-1,-1,2,-2,0,0,1,1,-1,1,5,-1
KR_6756924188,420,-1,29,-8,-4,-3,3,0,-2,2,0,1,0,1,-1,2,1,1,2,3,0,0,3,1,-3,2,2,0,-1,1,-1,-1,-1,1,-1
KR_6724695829,420,-5,-41,-8,-14,-2,3,1,-3,3,0,-5,7,2,-3,5,2,-1,2,1,0,-7,65,0,-2,2,-1,0,-2,-1,1,-1,-1,2,-1
KR_6763033433,420,1,44,-4,-6,1,0,1,-4,5,1,-2,5,3,0,5,5,-1,1,0,0,-11,-19,-2,-4,6,7,0,0,-1,-1,0,-1,2,-1
KR_6655740534,420,1,67,-8,-4,2,2,4,-5,5,0,1,3,4,-3,5,2,1,0,1,-1,-10,4,2,-3,1,2,0,0,-1,-1,-1,-1,5,-1
KR_6752310271,420,-2,-41,-23,-2,1,1,2,2,0,2,0,1,1,-5,8,3,0,1,1,0,-4,270,-5,-1,6,5,0,-1,0,-1,-1,-1,0,-1
KR_6724877118,420,-2,24,12,-5,-1,3,2,0,3,3,-2,5,3,-2,3,1,0,2,2,0,-5,-2,-1,0,1,-1,0,0,-1,-1,-1,1,6,-1
KR_6661585114,420,-1,-111,-12,0,0,1,1,3,1,4,6,1,7,-5,6,1,-4,5,1,0,-3,-9,-5,-2,7,-1,0,-2,-1,1,-1,-1,3,-1
KR_6760115824,420,-2,-6,-15,-2,-3,4,1,0,0,0,-4,7,3,4,0,4,1,0,1,0,3,8,0,-2,2,2,0,-1,1,-1,-1,-1,6,-1
KR_6752165235,420,-3,7,-12,-4,-5,5,0,-1,2,1,0,2,2,2,3,5,0,0,0,0,2,-2,4,-5,1,-1,0,-1,1,-1,-1,1,6,-1
KR_6756567695,420,-4,-23,-28,-4,8,1,9,0,2,2,-4,4,0,-4,4,0,-4,4,0,1,-5,8,4,-5,1,-4,0,-2,-1,-1,-1,1,4,-1
KR_6682447102,420,0,10,-20,3,0,2,2,0,2,2,1,1,2,1,1,2,1,0,1,0,6,8,3,-4,1,2,0,0,-1,-1,0,1,6,-1
KR_6737822967,420,-3,-80,10,-7,-2,5,3,-1,2,1,-4,5,1,1,1,2,-1,1,0,0,-1,3,-1,-2,3,3,0,-1,1,-1,-1,-1,1,-1
KR_6741374548,420,-2,37,-19,1,-11,11,0,3,0,3,1,1,2,8,2,10,0,2,2,2,5,8,8,-11,3,-5,0,0,-1,-1,1,1,6,-1
KR_6755786359,420,1,-60,20,0,-2,3,1,1,0,1,-2,3,1,3,3,6,0,1,1,0,5,-7,1,-4,3,4,0,0,-1,-1,0,1,3,-1
KR_6725737717,420,-1,9,12,-10,1,1,2,0,3,3,-4,4,0,-6,7,1,-1,2,1,-1,-9,-1,-4,0,4,1,0,1,-1,0,1,-1,3,-1
KR_6650334776,440,-3,-18,-37,-5,3,0,3,0,1,1,-2,2,0,-5,8,3,-1,3,2,0,-7,-17,0,-5,5,-1,0,0,-1,1,0,-1,5,-1
KR_6744790099,420,2,0,65,-2,1,2,3,3,3,6,-5,5,0,0,0,0,-1,1,0,0,-2,-22,1,-5,4,1,0,-2,-1,-1,-1,-1,1,-1
KR_6762328399,420,1,-38,-4,6,-3,5,2,6,0,6,4,2,6,-1,1,0,0,0,0,-2,5,0,-1,-3,4,-4,0,1,1,1,-1,-1,1,-1
KR_6670769837,420,-3,-80,4,-11,-2,3,1,1,2,3,-3,4,1,-7,8,1,0,1,1,-1,-4,-13,0,-3,3,-1,0,-3,-1,0,-1,-1,1,-1
KR_6759384771,420,4,-3,8,3,1,4,5,3,0,3,0,3,3,-1,2,1,0,0,0,0,1,42,1,-2,1,-10,0,0,-1,-1,0,-1,3,-1
KR_6722097798,420,1,-64,-12,5,0,2,2,4,4,8,2,2,4,-2,5,3,1,1,2,-1,10,-29,-3,-4,7,-1,0,0,1,1,0,-1,3,-1
KR_6720640651,420,0,39,12,5,4,0,4,3,1,4,-1,1,0,1,1,2,-2,2,0,0,-1,-266,-1,-4,5,2,0,1,0,0,1,-1,0,-1
KR_6726559477,420,2,75,15,3,4,0,4,2,1,3,0,3,3,0,2,2,-3,3,0,1,3,12,1,-4,3,2,0,0,-1,-1,0,1,1,-1
KR_6764183778,420,2,56,56,4,2,0,2,3,3,6,2,2,4,-3,5,2,0,2,2,3,11,36,-4,0,4,0,0,1,0,-1,1,1,0,-1
KR_6674258524,420,-3,11,0,-5,-5,5,0,1,2,3,-1,3,2,1,0,1,-1,1,0,0,-4,-9,0,-1,1,0,0,0,1,0,0,1,5,-1
KR_6743178401,440,-3,-84,-20,-8,-2,3,1,-5,6,1,0,2,2,3,1,4,-4,4,0,0,-5,3,1,-1,0,-4,0,0,1,-1,0,-1,2,-1
KR_6634720717,420,-7,-107,-28,-8,-2,3,1,-5,5,0,0,3,3,0,3,3,-1,1,0,0,-3,-27,-6,-1,7,2,0,0,-1,0,-1,-1,5,-1
KR_6764593613,420,-6,-138,8,-15,-5,5,0,2,6,8,-1,2,1,-6,8,2,-5,7,2,0,-6,18,7,-9,2,-1,0,-1,0,0,-1,-1,0,-1
KR_6761303046,440,2,0,0,2,-1,4,3,-1,3,2,-3,5,2,7,0,7,0,1,1,0,0,17,7,-8,1,2,0,0,0,0,1,-1,0,-1
KR_6715186246,420,-2,3,24,-2,0,2,2,3,4,7,-4,5,1,-3,5,2,2,0,2,0,-10,39,-2,-2,4,0,0,1,1,0,1,1,5,-1
KR_6757449368,440,-1,-36,-16,-1,-1,3,2,-3,4,1,-1,4,3,2,3,5,2,2,4,0,1,19,-1,-5,6,-21,0,-1,-1,-1,-1,-1,2,-1
KR_6669952053,420,-5,-84,8,-11,-4,4,0,-3,3,0,-3,5,2,1,1,2,-2,2,0,0,-9,-186,-1,-3,4,-3,0,-1,1,-1,-1,-1,6,-1
KR_6722885991,420,-6,-47,-37,-14,0,0,0,-3,4,1,-4,4,0,-5,5,0,-2,2,0,-1,-14,-24,-1,-2,3,0,0,-1,-1,-1,-1,-1,3,-1
KR_6718858747,420,-2,-46,3,-4,0,3,3,-2,3,1,-1,2,1,0,0,0,-1,1,0,0,-6,0,-1,-4,5,3,0,-2,-1,-1,-1,-1,5,-1
KR_6747598868,440,-3,7,5,-8,-5,5,0,-5,5,0,2,2,4,1,7,8,-1,1,0,0,0,43,0,-3,3,-19,0,0,0,-1,-1,-1,0,-1
KR_6761747548,420,-12,-207,-46,-9,0,2,2,2,1,3,-4,4,0,-5,6,1,-2,3,1,0,-6,-19,-4,0,4,2,0,-4,-1,-1,-1,-1,4,-1
KR_6736360790,420,3,20,16,7,2,0,2,-3,3,0,3,0,3,3,1,4,2,0,2,0,4,0,1,-3,2,-1,0,1,1,1,1,1,2,-1
KR_6759760884,420,-1,-29,-27,-4,0,1,1,0,1,1,-3,4,1,0,2,2,-1,1,0,0,4,-10,3,-7,4,-5,0,-2,-1,-1,-1,-1,1,-1
KR_6757780760,420,0,-22,-24,-4,-3,3,0,-1,3,2,0,7,7,0,0,0,0,0,0,0,-1,1,3,-5,2,-2,0,0,-1,-1,0,1,6,-1
KR_6720781108,420,0,-16,-12,-3,-1,1,0,3,4,7,-1,4,3,-3,3,0,-1,1,0,0,-8,6,-2,-1,3,-1,0,0,-1,1,-1,-1,4,-1
KR_6750072088,420,1,17,-12,3,0,0,0,2,1,3,1,2,3,-1,1,0,1,0,1,0,2,-32,6,-6,0,32,0,0,-1,-1,0,1,1,-1
KR_6762810658,440,2,43,-16,5,-1,1,0,0,4,4,1,1,2,7,5,12,-2,5,3,-1,-1,-37,0,-1,1,-1,0,0,0,0,1,1,0,-1
KR_6514637305,420,-6,-68,-41,-9,-5,6,1,-2,2,0,0,2,2,-3,3,0,1,0,1,0,-6,-7,-4,-2,6,-1,0,-4,0,-1,-1,-1,0,-1
KR_6748265523,420,-3,-49,-20,-5,2,0,2,-2,4,2,-8,8,0,3,1,4,0,1,1,-1,0,17,0,-3,3,0,0,-1,-1,-1,-1,-1,2,-1
KR_6708926838,440,-2,-63,-1,-11,-3,3,0,0,3,3,-2,3,1,-5,6,1,-1,2,1,0,-9,-10,2,-4,2,-1,0,-1,-1,1,-1,-1,6,-1
KR_6651955922,420,-10,-138,-15,-21,-3,3,0,-1,2,1,-9,10,1,-5,6,1,-3,3,0,-1,-16,3,1,-3,2,-4,0,-3,-1,-1,-1,-1,2,-1
KR_6752578697,420,0,19,-31,-2,-1,1,0,-3,4,1,-6,6,0,8,0,8,0,1,1,-1,1,-8,0,-1,1,-1,0,0,1,1,-1,-1,6,-1
KR_6752455825,420,-2,-57,-44,-2,-1,1,0,-1,1,0,-1,1,0,0,0,0,1,0,1,0,1,10,-1,-2,3,-16,0,0,-1,-1,0,-1,2,-1
KR_6746703481,420,-3,9,-4,-18,-8,8,0,-1,2,1,-3,4,1,-5,9,4,-1,3,2,-3,-21,-9,-10,-2,12,0,0,0,0,-1,0,-1,0,-1
KR_6762987838,420,2,47,0,2,2,0,2,0,3,3,-2,4,2,3,3,6,-1,2,1,0,-1,2,4,-5,1,-1,0,1,-1,0,1,-1,2,-1
KR_6752407777,420,0,0,-33,1,2,0,2,1,2,3,0,2,2,0,2,2,-2,2,0,0,-1,42,-4,-1,5,-39,0,0,-1,1,0,1,6,-1
KR_6636885087,420,1,-29,-5,-4,3,0,3,-2,3,1,-5,6,1,5,0,5,-5,5,0,0,-4,-4,3,-5,2,2,0,-2,-1,-1,-1,-1,4,-1
KR_6596202034,420,-3,-30,-24,-8,2,2,4,1,3,4,0,0,0,-8,8,0,-3,3,0,0,-12,-8,0,-3,3,0,0,-1,-1,0,-1,-1,5,-1
KR_6737461142,420,3,1,32,8,3,1,4,2,0,2,3,1,4,0,4,4,0,0,0,0,7,6,0,0,0,-2,0,1,1,-1,1,1,1,-1
KR_6710205711,420,0,-32,-18,0,-2,2,0,-4,5,1,2,1,3,4,2,6,0,0,0,0,4,10,3,-6,3,-1,0,-1,-1,-1,-1,-1,6,-1
KR_6592380184,420,-3,-35,-29,-6,1,0,1,-1,3,2,-1,4,3,-4,6,2,-1,1,0,1,-3,-5,0,-1,1,-1,0,-1,-1,-1,-1,1,3,-1
KR_6745158923,420,-1,12,17,-8,1,2,3,-2,3,1,-4,5,1,-4,4,0,1,1,2,0,-8,257,5,-7,2,-3,0,1,-1,1,1,-1,5,-1
KR_6750261046,420,-5,-148,-12,-16,-2,3,1,-1,3,2,-3,6,3,-7,7,0,-3,5,2,-1,-14,1,4,-4,0,-1,0,-3,-1,-1,-1,-1,4,-1
KR_6760276899,420,-1,-88,11,0,-1,4,3,2,1,3,2,3,5,-2,2,0,-1,1,0,0,2,-8,-1,-1,2,-4,0,-1,-1,1,-1,1,3,-1
KR_6699282477,420,-2,-5,-8,-3,2,2,4,0,1,1,-1,1,0,-1,4,3,-3,3,0,0,-7,-3,0,-5,5,-2,0,-1,-1,-1,-1,-1,1,-1
KR_6710484289,420,0,-42,36,-3,-2,4,2,-1,1,0,0,3,3,-1,3,2,1,2,3,0,1,-74,-3,-2,5,1,0,-4,-1,-1,-1,-1,4,-1
KR_6631478528,420,-8,-112,-13,-12,-7,7,0,-1,1,0,-4,4,0,-1,3,2,1,2,3,0,-10,129,-3,0,3,1,0,-1,1,-1,-1,1,3,-1
KR_6738283630,420,-1,-99,-38,4,-1,2,1,-1,4,3,-1,4,3,4,0,4,3,0,3,-1,5,-8,-3,-6,9,2,0,-1,1,0,-1,-1,4,-1
KR_6744566381,420,-4,-39,-16,-6,-3,3,0,0,1,1,-1,1,0,0,0,0,-2,2,0,0,-1,-23,0,-4,4,3,0,0,1,-1,-1,-1,4,-1
KR_6748580422,440,-7,-102,-5,-14,-6,6,0,1,1,2,-3,6,3,-1,1,0,-5,6,1,0,-4,7,-1,-1,2,-2,0,0,1,0,0,-1,1,-1
KR_6699087893,420,-6,-122,-80,-10,-4,4,0,0,2,2,-3,3,0,-1,2,1,-2,3,1,0,-3,-4,-3,0,3,0,0,-2,1,-1,-1,-1,4,-1
KR_6689646535,440,1,-7,-20,-6,-2,4,2,4,2,6,0,4,4,-4,4,0,-4,4,0,0,1,1,1,-3,2,-4,0,1,0,1,1,-1,0,-1
KR_6756006391,420,-2,-18,-16,-6,2,0,2,-7,7,0,-3,4,1,-1,2,1,3,0,3,0,-4,-6,-5,-2,7,3,0,1,0,-1,-1,-1,0,-1
KR_6628140984,420,-2,-21,0,-8,-5,5,0,0,2,2,7,1,8,-9,9,0,-1,3,2,0,-9,1,-1,-3,4,-5,0,0,-1,1,-1,-1,4,-1
KR_6724607227,420,-4,-31,-30,-6,-3,4,1,1,0,1,-1,4,3,-1,3,2,-2,2,0,0,-4,-302,-2,-2,4,-2,0,-2,-1,-1,-1,-1,5,-1
KR_6741779549,420,-2,11,-28,0,0,2,2,1,3,4,-3,3,0,3,1,4,-1,1,0,2,-4,9,0,-4,4,0,0,0,0,0,0,1,0,-1
KR_6719258452,420,-4,-6,15,-2,0,0,0,0,1,1,-5,5,0,0,0,0,3,1,4,1,-4,-2,-2,0,2,1,0,-1,-1,1,-1,1,6,-1
KR_6727522937,440,-3,32,-29,-6,1,1,2,-6,10,4,6,2,8,-3,5,2,-4,8,4,3,1,23,0,-2,2,2,0,1,-1,0,1,-1,3,-1
KR_6627630856,420,-4,20,12,-9,0,1,1,0,2,2,-5,5,0,-4,6,2,0,0,0,0,-9,-9,1,-4,3,-1,0,0,-1,1,-1,-1,2,-1
KR_6662922580,420,1,-4,0,5,1,0,1,3,3,6,-9,10,1,8,0,8,2,1,3,1,11,246,0,-3,3,1,0,0,1,1,1,1,1,-1
KR_6747111644,420,-5,-70,-8,-10,2,2,4,-3,4,1,-3,5,2,-4,7,3,-2,5,3,0,-10,-7,-1,0,1,-3,0,-1,-1,1,-1,-1,6,-1
KR_6652933397,420,0,6,16,-6,-4,4,0,0,3,3,0,1,1,1,0,1,-3,5,2,0,-4,6,2,-2,0,0,0,0,1,-1,0,-1,6,-1
KR_6753971943,420,1,12,8,0,-1,2,1,-1,3,2,4,0,4,-1,4,3,-1,1,0,0,-1,3,0,-1,1,0,0,0,1,-1,0,1,3,-1
KR_6693927828,420,3,-3,-24,6,-1,2,1,4,0,4,3,2,5,-1,3,2,1,0,1,0,6,-1,0,-2,2,3,0,1,1,1,1,1,1,-1
KR_6747887128,420,-2,21,10,-7,-2,5,3,-1,1,0,-1,1,0,-1,4,3,-2,3,1,1,-9,-5,0,-4,4,4,0,0,1,-1,-1,1,2,-1
KR_6757316293,440,1,70,14,7,2,1,3,4,1,5,6,1,7,-1,6,5,-4,6,2,1,2,26,7,-7,0,-3,0,2,0,1,1,1,0,-1
KR_6675714503,420,0,-10,0,-4,-2,4,2,-3,3,0,-2,5,3,2,2,4,1,1,2,0,-3,-4,-2,-4,6,-1,0,0,1,-1,-1,-1,6,-1
KR_6743353557,420,-2,-70,-17,-9,-4,4,0,0,2,2,2,0,2,-7,7,0,0,2,2,0,-6,-1,1,-3,2,-6,0,-1,-1,-1,-1,-1,2,-1
KR_6724241559,440,-4,-53,3,-9,2,1,3,1,2,3,-2,2,0,-11,13,2,1,0,1,0,-10,9,-1,-2,3,0,0,1,1,1,-1,-1,2,-1
KR_6757658873,420,-3,-20,-6,4,-1,1,0,3,3,6,-1,2,1,2,1,3,1,1,2,0,7,-44,2,-6,4,26,0,0,1,-1,0,1,1,-1
KR_6665022637,420,0,27,-28,1,-1,3,2,-3,5,2,3,1,4,3,0,3,-1,1,0,0,-4,-345,4,-6,2,-4,0,0,1,-1,1,1,1,-1
KR_6750909923,440,-1,-31,28,-5,3,1,4,-2,5,3,3,3,6,-6,6,0,-3,3,0,-1,-20,0,-5,0,5,3,0,-1,-1,0,-1,-1,2,-1
KR_6691183661,440,-3,-32,7,-10,-3,3,0,-3,3,0,-1,5,4,-2,3,1,-1,2,1,-2,-13,-5,-3,-2,5,-1,0,0,0,0,0,1,0,-1
KR_6737687346,420,-3,-46,-3,-9,2,1,3,2,2,4,-2,4,2,-7,7,0,-4,5,1,0,-10,12,8,-9,1,-4,0,-2,-1,1,-1,1,3,-1
KR_6608710559,420,-2,-33,-21,-9,0,2,2,2,4,6,-1,2,1,-10,10,0,0,0,0,0,-9,-7,-1,-5,6,2,0,0,-1,1,-1,1,6,-1
KR_6763311562,420,-3,-10,-16,-7,-5,6,1,0,1,1,-1,4,3,-1,2,1,0,0,0,0,-2,471,-3,-1,4,2,0,0,-1,-1,1,-1,5,-1
KR_6751090171,420,-3,16,-28,-3,-3,8,5,-2,3,1,1,2,3,1,4,5,0,1,1,0,0,3,1,-3,2,1,0,0,0,-1,-1,1,0,-1
KR_6742173396,440,-2,-48,-20,1,1,1,2,1,2,3,0,3,3,-1,4,3,0,0,0,0,2,19,1,-2,1,3,0,0,0,1,0,-1,0,-1
KR_6725769728,440,-7,-129,-14,-15,-4,5,1,-2,4,2,-3,5,2,-5,5,0,-1,1,0,-1,-11,-12,1,-4,3,1,0,-2,1,-1,-1,-1,2,-1
KR_6671402010,420,-5,-39,-33,-2,-3,3,0,-2,3,1,-5,7,2,7,1,8,1,3,4,0,-3,-13,1,-2,1,1,0,1,-1,-1,1,-1,2,-1
KR_6743593722,420,-7,-87,-12,-21,-4,4,0,-4,6,2,-12,12,0,1,2,3,-2,3,1,2,-12,-8,-5,-1,6,-1,0,-2,1,-1,-1,1,4,-1
KR_6756281339,420,-4,-54,8,-2,0,1,1,0,1,1,2,0,2,-2,2,0,-2,3,1,0,-2,21,1,-6,5,-2,0,-1,-1,-1,-1,-1,4,-1
KR_6762512282,420,-4,-59,-12,-9,0,2,2,-4,4,0,-4,7,3,0,3,3,-1,3,2,0,-1,-273,-1,-1,2,0,0,-1,0,-1,-1,1,0,-1
KR_6640304453,420,0,39,0,-3,3,1,4,-1,3,2,0,2,2,-4,5,1,-1,2,1,0,-8,-5,0,-2,2,-1,0,-2,-1,1,-1,-1,5,-1
KR_6706982843,420,1,30,12,4,-2,3,1,1,1,2,0,1,1,4,1,5,1,3,4,0,8,11,-1,0,1,-3,0,0,1,0,0,1,3,-1
KR_6640001476,420,2,43,28,-1,1,1,2,-3,5,2,0,2,2,-3,3,0,4,2,6,0,-6,33,-3,0,3,-20,0,1,-1,-1,1,-1,3,-1
KR_6755091304,420,-2,0,-1,-2,-3,3,0,2,0,2,0,1,1,-1,8,7,0,0,0,0,-12,4,-1,-2,3,-5,0,1,-1,1,1,1,2,-1
KR_6744781931,420,-3,17,0,-5,1,1,2,-3,6,3,-3,5,2,0,2,2,0,0,0,0,-4,-8,-3,-1,4,2,0,-2,-1,0,-1,-1,2,-1
KR_6757303179,420,-5,-104,-52,-12,0,2,2,-3,4,1,-4,5,1,-1,5,4,-4,8,4,-3,-16,-3,-3,0,3,0,0,-1,-1,1,1,-1,1,-1
KR_6744357131,420,-7,-79,-36,-12,-4,5,1,-3,4,1,-4,6,2,-1,2,1,0,1,1,0,-8,37,4,-6,2,-2,0,-1,0,-1,-1,-1,0,-1
KR_6750920024,420,-3,-109,-32,-8,0,1,1,-5,5,0,2,2,4,-4,4,0,-1,1,0,0,-5,134,-1,-3,4,-4,0,-2,-1,0,-1,-1,2,-1
KR_6750014248,420,3,30,15,2,0,0,0,2,3,5,0,2,2,-2,2,0,2,0,2,1,8,31,1,-3,2,-27,0,0,1,0,0,1,3,-1
KR_6643999093,420,-1,-3,-19,-3,1,3,4,-3,4,1,3,1,4,-1,1,0,-3,3,0,-1,-4,-3,1,-2,1,-3,0,-1,-1,-1,-1,-1,5,-1
KR_6613469717,420,2,29,-7,2,-1,1,0,-5,8,3,4,1,5,6,1,7,-2,3,1,0,2,-317,1,-2,1,1,0,0,-1,0,0,-1,2,-1
KR_6715836879,420,-4,-72,12,-5,-3,4,1,1,0,1,1,3,4,-4,5,1,0,1,1,0,-2,-8,-2,-1,3,-2,0,-2,1,-1,-1,-1,4,-1
KR_6639539520,420,1,-20,15,2,0,4,4,0,0,0,2,0,2,2,0,2,-2,2,0,0,1,7,0,-3,3,-1,0,-1,1,1,-1,1,1,-1
KR_6530818667,420,0,-42,16,-2,0,2,2,2,1,3,-1,2,1,-4,4,0,1,1,2,0,0,-10,-4,-2,6,-4,0,0,1,-1,0,1,3,-1
KR_6725089808,420,-7,-31,-53,-18,-2,2,0,-4,4,0,-4,6,2,-4,4,0,-4,4,0,-1,-15,-1,-2,-2,4,-6,0,-1,1,-1,-1,-1,6,-1
KR_6760986211,420,0,4,-12,-2,0,2,2,1,1,2,0,4,4,-3,3,0,0,0,0,0,2,3,-3,-1,4,-4,0,-1,-1,-1,-1,-1,3,-1
KR_6710078728,420,-2,-44,12,-7,-2,2,0,-3,4,1,1,4,5,-1,4,3,-2,3,1,0,-4,108,3,-4,1,1,0,0,0,1,-1,-1,0,-1
KR_6763229775,440,0,46,-8,-3,1,1,2,-2,2,0,-6,6,0,1,5,6,3,0,3,0,1,-7,-3,-2,5,4,0,1,1,-1,1,-1,2,-1
KR_6762417929,420,-3,-63,-19,-11,-6,7,1,-1,2,1,0,2,2,-1,3,2,-3,4,1,-1,-10,-16,-1,0,1,0,0,-2,0,-1,-1,-1,0,-1
KR_6759718603,420,3,47,5,5,1,2,3,1,1,2,-3,4,1,4,1,5,2,0,2,0,7,5,2,-6,4,5,0,0,1,-1,0,1,6,-1
KR_6750275575,420,-1,-63,0,-7,0,1,1,2,3,5,-8,8,0,-2,2,0,1,1,2,0,-4,-6,-3,-3,6,2,0,-1,1,-1,-1,-1,3,-1
KR_6759765279,420,-2,34,0,-6,1,3,4,1,1,2,-4,5,1,-3,5,2,-1,2,1,0,-3,-1,1,-4,3,2,0,0,-1,0,0,1,3,-1
KR_6674921599,440,-3,-20,-59,-8,-1,1,0,-7,7,0,-1,2,1,-1,2,1,2,1,3,0,0,4,-2,-4,6,0,0,0,1,-1,-1,-1,3,-1
KR_6751514373,440,-1,10,16,-6,5,0,5,-4,4,0,-1,3,2,-6,8,2,0,1,1,0,-9,15,3,-5,2,-2,0,1,0,0,1,-1,0,-1
KR_6758868337,420,0,16,0,0,-1,5,4,3,0,3,-4,6,2,-2,4,2,4,1,5,1,1,2,-4,0,4,0,0,0,1,-1,-1,1,1,-1
KR_6732820314,420,-1,-50,30,-6,-2,3,1,2,3,5,-5,7,2,-2,6,4,1,1,2,1,-9,-2,-4,-1,5,2,0,-1,-1,-1,-1,-1,1,-1
KR_6708378581,420,0,-25,20,-4,0,0,0,-1,2,1,-4,6,2,-1,1,0,2,3,5,0,-6,-2,-1,-2,3,-2,0,0,1,1,0,-1,3,-1
KR_6724606622,420,-3,37,-32,1,-2,3,1,-2,3,1,-1,1,0,4,3,7,2,3,5,-1,3,2,-3,-1,4,2,0,-1,-1,-1,-1,-1,3,-1
KR_6763186773,420,1,-15,-7,4,-2,2,0,4,1,5,-4,6,2,3,2,5,3,0,3,0,3,341,-2,-2,4,-1,0,0,1,1,1,-1,2,-1
KR_6751425436,420,-4,-35,8,-9,-4,6,2,-2,5,3,-4,6,2,3,3,6,-2,3,1,1,0,-1,-3,0,3,-1,0,0,-1,0,0,1,3,-1
KR_6651494297,420,4,31,-8,11,0,4,4,3,3,6,-1,3,2,4,1,5,5,1,6,0,17,-38,-4,-2,6,2,0,1,1,0,1,-1,1,-1
KR_6513802141,420,2,123,3,-2,-2,3,1,0,4,4,0,1,1,0,1,1,0,2,2,0,-5,403,2,-4,2,-1,0,0,1,0,0,-1,1,-1
KR_6760596547,420,-2,5,9,-8,-2,2,0,-2,3,1,0,6,6,-4,6,2,0,4,4,0,-14,403,0,-5,5,1,0,-2,-1,1,-1,-1,1,-1
KR_6693844231,420,-2,-56,-19,-8,-8,8,0,0,3,3,1,2,3,-3,3,0,2,3,5,0,7,-17,-2,0,2,3,0,0,-1,0,0,-1,4,-1
KR_6644451565,420,-1,30,10,0,1,1,2,2,4,6,-3,3,0,-3,4,1,3,3,6,0,-4,288,-2,-2,4,-3,0,-1,-1,0,1,-1,1,-1
KR_6742742377,420,-5,-120,-31,-5,-5,5,0,-6,11,5,0,4,4,1,0,1,5,1,6,0,-4,322,4,-4,0,0,0,-1,0,0,-1,-1,0,-1
KR_6630073282,420,0,-52,-5,-13,-1,2,1,3,4,7,-5,6,1,-7,7,0,-3,3,0,0,-13,16,-6,0,6,-18,0,-1,1,-1,-1,-1,1,-1
KR_6745293871,420,-1,-49,12,-4,2,1,3,1,2,3,0,2,2,-5,7,2,-2,2,0,-1,-2,1,-4,-4,8,2,0,-1,1,1,-1,-1,6,-1
KR_6678777381,440,0,9,23,-6,0,3,3,2,0,2,0,0,0,-8,10,2,0,0,0,0,-13,-2,0,-3,3,0,0,0,-1,0,-1,-1,3,-1
KR_6679126733,420,-2,-32,-60,-5,-2,2,0,4,1,5,-2,2,0,-3,4,1,-2,4,2,-1,1,-4,5,-5,0,-3,0,0,1,0,-1,-1,1,-1
KR_6626997926,420,-4,-94,20,-11,0,3,3,0,3,3,-4,4,0,-6,7,1,-1,1,0,0,-5,11,-1,-1,2,0,0,-2,1,-1,-1,-1,5,-1
KR_6739352480,420,-2,75,-8,-8,-4,4,0,-2,6,4,-2,3,1,0,4,4,0,0,0,1,-6,-8,0,-5,5,-1,0,-1,-1,-1,-1,1,1,-1
KR_6762751565,420,-6,-76,-8,-10,2,3,5,0,0,0,-10,10,0,1,1,2,-3,4,1,0,-3,6,-4,-1,5,-1,0,0,-1,-1,-1,1,1,-1
KR_6650738024,440,-1,-44,2,-13,1,0,1,0,2,2,-2,4,2,-12,12,0,0,2,2,0,-10,-1,-2,-4,6,-2,0,-1,-1,1,-1,-1,4,-1
KR_6752414143,420,-1,-39,8,3,2,1,3,1,0,1,1,1,2,0,5,5,-1,1,0,0,-4,2,1,-3,2,-3,0,-1,0,1,-1,1,0,-1
KR_6728641159,420,-4,-84,9,-4,0,0,0,-1,3,2,-4,5,1,-1,3,2,2,1,3,0,-3,0,6,-7,1,-2,0,0,1,1,0,-1,1,-1
KR_6748896533,440,-4,-28,-16,-4,-6,6,0,3,1,4,-4,5,1,1,6,7,2,1,3,0,-3,-6,0,-2,2,2,0,-2,1,-1,-1,-1,2,-1
KR_6763987108,420,1,-67,12,-1,-1,1,0,1,0,1,2,2,4,-2,2,0,-1,2,1,0,0,19,0,-2,2,-5,0,0,-1,-1,0,-1,6,-1
KR_6741828181,420,-2,-63,-13,-4,2,0,2,2,1,3,-1,4,3,-6,7,1,-1,1,0,0,-2,7,2,-3,1,-1,0,-1,-1,1,-1,-1,6,-1
KR_6652377953,440,-2,-33,-24,-2,1,2,3,1,2,3,-4,5,1,0,4,4,0,1,1,0,-2,-1,-1,-3,4,0,0,-1,-1,-1,-1,-1,2,-1
KR_6265998970,420,-1,-70,-25,2,0,1,1,3,0,3,0,0,0,-1,3,2,0,0,0,0,3,2,1,-5,4,-2,0,0,1,1,0,1,2,-1
KR_6759826483,420,-1,42,-8,-6,-6,6,0,2,2,4,4,3,7,-6,6,0,0,1,1,0,-7,-2,-2,-1,3,3,0,-2,0,-1,-1,1,0,-1
KR_6705329847,420,0,24,4,-1,2,0,2,-6,8,2,3,2,5,1,3,4,-1,1,0,0,-2,-341,-3,-1,4,0,0,1,-1,0,1,-1,5,-1
KR_6675864136,440,2,44,23,4,2,0,2,2,1,3,2,1,3,-2,2,0,0,2,2,0,-2,-2,-3,0,3,-2,0,2,0,1,1,-1,0,-1
KR_6702975631,420,1,-22,8,-2,-1,2,1,-4,4,0,-1,4,3,3,0,3,1,1,2,0,0,39,-2,-2,4,-21,0,0,-1,1,0,-1,1,-1
KR_6750846352,420,-1,40,-20,0,1,2,3,-5,5,0,2,2,4,1,0,1,1,0,1,0,-3,-4,0,-2,2,-1,0,0,-1,0,0,1,2,-1
KR_6740713228,420,-4,-89,-35,-6,1,1,2,0,1,1,-2,5,3,-3,4,1,-2,3,1,0,-10,-132,-3,0,3,1,0,-2,-1,-1,-1,-1,1,-1
KR_6635851606,420,-4,19,-74,-5,2,0,2,-6,6,0,-1,2,1,0,1,1,0,3,3,0,-3,40,4,-4,0,-2,0,-2,-1,-1,-1,-1,4,-1
KR_6657977495,420,-2,18,-12,-2,2,1,3,-5,6,1,-2,5,3,0,6,6,3,0,3,0,1,6,0,-3,3,-5,0,0,-1,1,1,1,2,-1
KR_6761412572,420,-2,49,1,-5,1,3,4,1,5,6,1,2,3,-7,7,0,-1,1,0,0,-4,-5,-4,-1,5,2,0,0,1,-1,-1,-1,1,-1
KR_6763279303,420,0,52,-27,2,2,0,2,-2,4,2,3,1,4,0,2,2,-1,2,1,0,-1,21,4,-5,1,-1,0,0,0,-1,1,1,0,-1
KR_6725231300,420,1,-6,-1,1,-8,8,0,0,2,2,2,1,3,4,1,5,3,0,3,0,9,41,2,-3,1,-18,0,0,-1,-1,-1,1,1,-1
KR_6749841312,420,0,-2,12,0,0,1,1,-3,3,0,-2,4,2,1,1,2,4,1,5,0,2,17,2,-3,1,0,0,0,0,1,0,-1,0,-1
KR_6741419118,420,-4,-1,-32,-8,-1,2,1,-5,5,0,-2,3,1,-2,3,1,2,0,2,0,-15,-24,-3,-1,4,-2,0,-3,1,-1,-1,-1,2,-1
KR_6514371338,420,-4,-120,-20,-11,3,2,5,-2,4,2,-7,7,0,-6,6,0,1,0,1,0,-9,-35,-1,-4,5,-1,0,0,-1,0,-1,-1,3,-1
KR_6695313103,420,0,23,-5,-4,1,1,2,-5,6,1,-2,2,0,3,1,4,-1,1,0,0,-9,9,4,-5,1,4,0,0,1,-1,-1,-1,6,-1
KR_6720895309,420,2,-9,-4,1,3,0,3,-6,8,2,1,2,3,0,1,1,3,0,3,0,-1,-2,-3,0,3,2,0,0,-1,-1,-1,1,1,-1
KR_6750152391,440,1,-12,12,-7,0,1,1,-1,3,2,0,1,1,-4,5,1,-2,2,0,-1,-11,27,-2,-3,5,-15,0,-1,1,1,-1,-1,3,-1
KR_6751061314,440,-4,-31,-12,-11,-4,6,2,-3,4,1,1,0,1,-4,8,4,-1,1,0,0,-5,-1,-3,-1,4,-1,0,-1,-1,-1,-1,-1,2,-1
KR_6672727505,440,-1,-51,-25,0,-1,4,3,0,1,1,0,0,0,-1,2,1,2,3,5,1,3,3,1,-3,2,1,0,0,-1,1,0,1,3,-1
KR_6588758697,420,-2,-5,0,-7,1,2,3,-3,3,0,-2,2,0,-3,5,2,0,0,0,0,-9,-10,-5,0,5,-2,0,0,-1,0,-1,1,1,-1
KR_6727796144,420,0,20,-7,-8,0,1,1,-1,4,3,-1,3,2,-4,5,1,-2,2,0,0,-10,-106,-1,-2,3,-1,0,-1,-1,0,-1,-1,1,-1
KR_6745053228,420,-3,36,24,-13,1,1,2,-2,2,0,-1,3,2,-7,8,1,-4,4,0,0,-17,-1,0,-1,1,0,0,-2,0,-1,-1,1,0,-1
KR_6618836723,420,-5,-17,0,-12,-5,5,0,2,2,4,-3,5,2,-6,6,0,0,0,0,0,-9,1,1,-3,2,-2,0,-1,-1,0,-1,1,4,-1
KR_6700504420,420,1,-28,24,1,1,1,2,0,1,1,1,2,3,-1,1,0,0,1,1,0,-3,-5,-3,-4,7,2,0,-1,-1,-1,-1,1,2,-1
KR_6753357792,420,2,15,-9,-3,2,1,3,-2,2,0,-1,2,1,-2,3,1,0,0,0,0,-8,-3,-6,-2,8,-4,0,0,-1,-1,0,-1,5,-1
KR_6682875327,420,0,44,4,-1,-2,3,1,-3,10,7,1,1,2,3,0,3,0,1,1,4,-4,11,2,-2,0,-2,0,0,-1,-1,-1,1,6,-1
KR_6640711170,420,-2,-78,24,-9,1,3,4,-3,5,2,-1,1,0,0,1,1,-6,6,0,0,-5,-2,-3,-1,4,-3,0,-1,-1,-1,-1,1,3,-1
KR_6764451538,420,-1,-13,4,-6,-2,3,1,-4,5,1,1,0,1,-1,5,4,0,0,0,0,-9,-24,1,-2,1,-1,0,0,-1,-1,0,-1,6,-1
KR_6739537155,420,-4,-46,-26,-6,-1,2,1,2,0,2,-1,7,6,-5,7,2,-1,1,0,0,-6,-3,3,-4,1,-3,0,-1,-1,-1,-1,1,1,-1
KR_6760186120,440,-1,-1,32,-7,0,4,4,-5,7,2,5,2,7,-3,6,3,-4,5,1,-1,-15,-4,1,-2,1,1,0,1,0,-1,1,1,0,-1
KR_6745207641,420,-4,-60,-36,-9,-5,6,1,-6,8,2,2,1,3,-1,3,2,1,0,1,-1,-10,40,-1,-2,3,-24,0,0,0,0,0,-1,0,-1
KR_6751946716,420,0,-4,-16,0,1,1,2,-2,3,1,-3,5,2,3,0,3,1,0,1,0,3,6,3,-3,0,2,0,0,1,-1,0,-1,5,-1
KR_6730774274,420,-1,1,-22,1,0,2,2,1,1,2,0,2,2,-1,1,0,1,0,1,0,-2,2,3,-4,1,2,0,0,-1,1,0,-1,4,-1
KR_6652020865,420,-1,3,-39,-5,-5,5,0,-2,5,3,3,1,4,0,2,2,-1,1,0,0,-4,11,2,-5,3,2,0,0,-1,0,1,-1,3,-1
KR_6675792970,420,1,6,-8,-1,-2,2,0,2,0,2,-4,6,2,0,1,1,3,0,3,0,3,-517,-1,-4,5,1,0,0,-1,-1,0,-1,3,-1
KR_6759254925,420,-5,-33,8,-14,-7,8,1,-5,5,0,-1,2,1,0,2,2,-1,1,0,-1,-4,-23,-3,-1,4,5,0,-1,0,-1,-1,-1,0,-1
KR_6714982936,420,-4,-12,-12,-4,-4,5,1,-2,2,0,0,2,2,2,3,5,0,1,1,-1,-9,-242,-3,0,3,2,0,-1,-1,0,-1,-1,2,-1
KR_6747827186,420,-1,31,28,1,-1,2,1,-2,4,2,0,3,3,1,2,3,3,0,3,0,-2,-5,-4,-3,7,2,0,-1,1,-1,-1,1,1,-1
KR_6763313575,420,0,-6,-4,0,-6,8,2,2,1,3,-3,4,1,5,1,6,2,0,2,0,5,-3,-3,-4,7,-4,0,-2,1,-1,-1,1,5,-1
KR_6748355256,420,2,-9,-34,5,-1,3,2,6,0,6,2,3,5,-3,4,1,1,0,1,0,3,-151,-1,-4,5,14,0,0,1,-1,-1,1,4,-1
KR_6679050252,420,-5,-35,-23,-13,-2,2,0,-4,4,0,0,0,0,-4,4,0,-3,3,0,0,-10,0,-3,-3,6,3,0,0,-1,-1,-1,-1,4,-1
KR_6756501556,420,-2,-31,-28,4,-6,7,1,5,0,5,0,2,2,5,1,6,0,1,1,0,6,30,-2,-1,3,-15,0,-3,0,0,-1,-1,0,-1
KR_6666907556,420,-4,-13,24,-10,-5,6,1,3,1,4,-3,4,1,-2,3,1,-3,4,1,0,-8,-7,-1,-2,3,1,0,0,0,1,-1,-1,0,-1
KR_6748892153,420,1,-4,-8,3,-1,2,1,-2,5,3,-1,3,2,5,0,5,2,0,2,0,5,-20,-3,-2,5,4,0,1,1,1,1,1,4,-1
KR_6746343143,420,0,8,-18,11,4,0,4,-4,5,1,9,1,10,1,1,2,1,0,1,0,7,14,0,-4,4,1,0,1,0,1,1,1,0,-1
KR_6695134248,420,-5,-110,-48,-4,-2,3,1,1,3,4,-3,3,0,0,2,2,0,1,1,0,3,-5,0,-1,1,0,0,-2,1,-1,-1,1,5,-1
KR_6728759664,420,-2,-24,0,-7,-1,1,0,0,1,1,-8,8,0,4,0,4,-2,2,0,0,4,-2,0,-5,5,-1,0,0,-1,1,-1,1,5,-1
KR_6708365974,420,-2,-81,8,1,-4,4,0,6,1,7,3,1,4,-1,1,0,-3,3,0,0,-1,-1,-2,0,2,6,0,-2,-1,0,-1,1,1,-1
KR_6726605999,440,-1,-48,23,-9,-2,3,1,-1,3,2,0,1,1,-5,6,1,-1,1,0,0,-4,5,1,-4,3,2,0,-1,0,0,-1,1,0,-1
KR_6664962858,420,0,-84,6,-5,-3,5,2,-3,3,0,-2,4,2,0,1,1,3,0,3,0,-8,16,1,-2,1,-1,0,0,-1,-1,0,-1,4,-1
KR_6674230146,420,1,20,-34,6,4,0,4,0,3,3,0,5,5,0,0,0,2,0,2,0,2,0,1,-4,3,-1,0,-1,0,-1,-1,1,0,-1
KR_6717363308,440,-4,-57,-15,-3,-1,3,2,0,2,2,-1,3,2,-1,5,4,0,0,0,0,0,-20,4,-5,1,5,0,-1,-1,-1,-1,1,4,-1
KR_6667398605,420,-7,-87,-33,-16,-4,6,2,-6,6,0,-2,2,0,-3,5,2,-1,1,0,-1,-10,-14,-3,-2,5,-1,0,-2,-1,-1,-1,-1,1,-1
KR_6759980126,420,-5,-59,-10,-11,0,3,3,1,2,3,-1,2,1,-8,10,2,-3,4,1,0,-11,416,-1,-3,4,-4,0,-2,-1,1,-1,1,2,-1
KR_6715019395,420,-1,13,24,1,2,0,2,2,0,2,-5,6,1,0,6,6,2,1,3,0,9,-3,-2,-2,4,-1,0,0,-1,-1,-1,-1,6,-1
KR_6704255474,420,2,-26,-36,0,0,2,2,4,2,6,-6,7,1,0,4,4,2,0,2,0,6,-114,1,-2,1,-2,0,0,-1,-1,1,-1,3,-1
KR_6655277512,420,-6,-110,8,-9,0,3,3,1,1,2,-3,3,0,-5,6,1,-2,2,0,0,-11,-45,-1,0,1,21,0,-2,1,1,-1,-1,5,-1
KR_6742019613,440,1,-51,-8,12,-1,2,1,-2,4,2,5,1,6,7,1,8,3,1,4,0,20,1,4,-4,0,3,0,-1,1,1,-1,1,6,-1
KR_6760769013,420,-1,-14,4,1,-1,2,1,3,0,3,-2,2,0,1,0,1,0,0,0,0,2,-11,-2,0,2,-2,0,-1,0,0,-1,-1,0,-1
KR_6658750633,420,-1,-31,48,2,-1,4,3,0,4,4,1,3,4,0,3,3,2,1,3,0,-1,23,3,-3,0,0,0,-2,1,0,-1,-1,5,-1
KR_6641759553,420,2,14,36,1,-2,4,2,4,0,4,3,2,5,-6,7,1,2,0,2,-1,-1,-3,1,-4,3,-1,0,0,1,1,1,-1,1,-1
KR_6759458587,440,1,13,1,4,2,1,3,-2,4,2,-3,3,0,1,2,3,6,0,6,0,-1,-6,-1,0,1,3,0,1,-1,-1,1,1,3,-1
KR_6648714338,420,3,21,0,14,-1,3,2,0,1,1,7,0,7,2,2,4,6,0,6,4,21,30,-2,-2,4,-16,0,0,1,0,1,1,4,-1
KR_6613381081,420,0,-18,2,3,-3,4,1,-1,4,3,-1,1,0,4,2,6,4,1,5,2,3,4,7,-8,1,-8,0,-2,1,1,-1,1,2,-1
KR_6717611968,420,-2,-25,-20,-2,-3,3,0,-1,4,3,0,3,3,3,2,5,-1,2,1,0,1,-42,-1,0,1,1,0,-1,-1,1,-1,-1,3,-1
KR_6726476791,420,3,67,-4,3,0,2,2,4,1,5,-1,2,1,-1,1,0,1,0,1,1,0,292,2,-4,2,-1,0,1,1,1,1,1,2,-1
KR_6691604810,420,-2,3,-32,-8,3,1,4,-1,1,0,2,1,3,-6,6,0,-6,7,1,0,-9,305,2,-4,2,-1,0,-2,-1,-1,-1,-1,4,-1
KR_6643593604,420,2,-37,15,4,1,1,2,4,1,5,-3,4,1,2,4,6,0,0,0,0,7,12,1,-1,0,0,0,0,1,0,0,-1,1,-1
KR_6748614711,420,0,-12,25,6,8,0,8,1,2,3,0,3,3,-4,6,2,1,3,4,0,1,-66,2,-7,5,-5,0,1,1,0,1,-1,3,-1
KR_6762763083,440,0,-18,-44,-1,-2,4,2,-1,1,0,1,1,2,0,2,2,1,1,2,0,-4,113,5,-8,3,-6,0,0,-1,-1,0,1,5,-1
KR_6737756303,420,-8,-63,-20,-12,1,1,2,-6,7,1,-5,7,2,-2,3,1,0,0,0,0,-8,8,2,-2,0,0,0,-1,-1,-1,-1,-1,2,-1
KR_6762185820,440,-3,-28,-37,-11,-4,5,1,0,0,0,-4,6,2,0,6,6,-3,3,0,-1,-10,-4,-2,-7,9,5,0,0,-1,-1,-1,-1,2,-1
KR_6724451504,420,-5,-92,12,-8,0,3,3,-2,5,3,4,0,4,-13,13,0,3,1,4,-1,-3,52,-4,-1,5,2,0,-2,0,-1,-1,-1,0,-1
KR_6551327577,440,-2,8,7,5,-2,2,0,-3,6,3,-1,2,1,10,2,12,1,1,2,2,7,0,-1,-5,6,0,0,0,-1,0,1,1,2,-1
KR_6738293890,420,0,23,18,-8,2,2,4,-6,6,0,-1,3,2,-1,5,4,-2,4,2,-1,-7,43,-2,-3,5,-17,0,1,1,1,1,-1,6,-1
KR_6628936190,420,-1,-45,-7,-2,-5,5,0,-2,8,6,0,1,1,3,0,3,2,1,3,-1,6,9,-4,-2,6,2,0,-1,1,1,-1,-1,3,-1
KR_6748327264,420,-1,-33,43,-2,-1,2,1,0,3,3,-1,7,6,0,0,0,0,0,0,0,-2,109,1,-4,3,-1,0,0,0,0,0,-1,0,-1
KR_6762631660,440,-1,-97,-16,-5,0,2,2,-1,1,0,2,4,6,-4,7,3,-2,2,0,0,-5,-34,3,-3,0,20,0,-3,0,-1,-1,-1,0,-1
KR_6756842469,420,-3,-102,4,-8,1,1,2,-2,4,2,0,3,3,-5,8,3,-2,2,0,0,-14,-3,-4,0,4,1,0,0,0,0,0,-1,0,-1
KR_6709184102,440,-8,-152,-21,-15,-8,8,0,-1,3,2,-3,4,1,-5,5,0,2,0,2,0,-8,1,2,-4,2,2,0,-3,-1,-1,-1,-1,5,-1
KR_6716207720,420,1,35,-12,2,-1,2,1,4,1,5,2,1,3,0,2,2,-3,3,0,0,1,-4,0,-1,1,3,0,1,-1,-1,1,-1,2,-1
KR_6693390055,420,-3,-14,-28,-3,-4,4,0,-1,2,1,1,2,3,2,2,4,-1,2,1,0,-2,11,0,-5,5,2,0,0,-1,1,0,-1,3,-1
KR_6691274346,420,-3,-43,12,-11,-2,3,1,-3,5,2,-2,2,0,-2,2,0,-2,4,2,0,-9,-1,1,-3,2,-3,0,-1,-1,-1,-1,-1,4,-1
KR_6759913463,420,-3,-61,8,-20,-6,8,2,-3,4,1,-3,5,2,-7,10,3,-1,2,1,0,-20,-2,-3,-5,8,-10,0,-2,0,-1,-1,-1,0,-1
KR_6723809148,420,0,-44,0,2,-2,2,0,-1,2,1,4,0,4,0,0,0,1,0,1,1,5,5,2,-5,3,2,0,-1,1,0,-1,1,6,-1
KR_6721191057,420,0,-45,12,-5,-4,4,0,1,2,3,2,0,2,-3,3,0,-1,2,1,0,-5,-39,1,-4,3,21,0,0,0,1,0,-1,0,-1
KR_6620071910,420,-1,-35,20,-3,0,1,1,-1,5,4,-2,5,3,0,2,2,0,0,0,-2,-3,5,2,-5,3,-4,0,-1,-1,0,-1,-1,1,-1
KR_6756345890,420,3,-120,54,4,-3,3,0,1,1,2,0,0,0,0,1,1,6,0,6,0,3,-13,-2,-2,4,0,0,0,-1,1,1,1,4,-1
KR_6735197740,420,-5,-83,-14,-8,0,2,2,0,0,0,-4,4,0,-2,2,0,-2,2,0,-1,-9,-5,-5,-2,7,0,0,-2,1,-1,-1,-1,6,-1
KR_6719920426,420,-2,48,5,-10,-1,1,0,-5,6,1,-1,2,1,-3,5,2,0,1,1,-3,-24,-6,-5,0,5,0,0,0,-1,-1,1,-1,5,-1
KR_6729168209,420,0,38,4,-2,1,0,1,2,3,5,-3,4,1,-2,4,2,0,0,0,0,-1,20,5,-7,2,-4,0,1,1,-1,1,-1,1,-1
KR_6736311218,420,-1,-53,0,-3,2,1,3,1,4,5,-2,4,2,-2,4,2,-2,3,1,0,-4,-5,-6,-1,7,0,0,0,-1,1,1,-1,1,-1
KR_6656822023,420,1,-40,-15,-8,-2,2,0,-3,3,0,0,3,3,0,0,0,-3,4,1,0,-5,15,0,-1,1,-2,0,-1,-1,-1,-1,1,5,-1
KR_6745909173,420,0,-30,0,-2,2,0,2,-2,3,1,-6,7,1,2,3,5,2,0,2,1,-3,-2,-1,-2,3,1,0,0,1,0,0,1,2,-1
KR_6735890554,420,-2,-15,40,-6,-4,5,1,-3,3,0,-2,2,0,0,7,7,3,0,3,0,1,-8,-3,-3,6,-1,0,-1,1,-1,-1,1,3,-1
KR_6740202355,420,-2,-77,-13,-2,-1,1,0,2,1,3,0,1,1,-3,3,0,0,0,0,0,-2,1,2,-3,1,-2,0,0,1,0,0,-1,4,-1
KR_6756993305,440,-7,-131,-8,-10,-1,1,0,-7,7,0,-4,4,0,0,5,5,2,1,3,0,-6,126,-1,-1,2,0,0,-1,0,-1,-1,1,0,-1
KR_6763463103,420,-3,10,-4,-8,-1,3,2,0,1,1,0,3,3,-4,5,1,-3,5,2,0,-4,0,-1,-2,3,2,0,-1,-1,1,-1,1,5,-1
KR_6756315677,420,-4,-98,9,-6,0,3,3,-1,2,1,-1,2,1,-2,5,3,-2,2,0,0,-9,-3,-5,0,5,-1,0,1,-1,1,1,1,4,-1
KR_6730875756,420,-1,-51,32,-7,-1,1,0,1,5,6,-5,5,0,-2,6,4,0,0,0,0,-11,-3,-2,-3,5,-4,0,0,-1,1,0,-1,2,-1
KR_6727140499,420,-2,2,-12,-8,-3,3,0,-5,6,1,0,1,1,0,3,3,0,3,3,0,-11,26,-1,-3,4,-6,0,0,-1,1,0,-1,5,-1
KR_6746294457,420,-2,10,25,-6,-3,3,0,-2,3,1,-4,5,1,3,1,4,0,1,1,0,-4,-6,-1,-2,3,0,0,-1,-1,-1,-1,1,5,-1
KR_6764202066,420,0,-1,-12,2,-2,3,1,4,0,4,0,2,2,-2,4,2,2,1,3,0,5,11,9,-10,1,-3,0,0,1,1,-1,1,5,-1
KR_6745083345,420,-6,-31,-11,-8,0,3,3,-7,7,0,-1,1,0,0,0,0,0,0,0,0,-12,7,2,-2,0,0,0,0,1,-1,-1,1,3,-1
KR_6760983505,440,1,43,14,-9,-2,3,1,-3,7,4,-6,7,1,0,4,4,2,0,2,-2,-5,23,3,-7,4,-6,0,0,1,0,-1,-1,3,-1
KR_6758042517,420,4,36,8,9,0,3,3,1,0,1,3,1,4,1,0,1,4,0,4,0,8,-117,-1,-1,2,-1,0,1,1,0,1,1,6,-1
KR_6750977909,440,0,3,56,-8,-3,3,0,0,2,2,-2,2,0,-1,1,0,-2,2,0,0,-7,-15,-4,-1,5,0,0,-1,1,-1,-1,-1,6,-1
KR_6738427417,420,-5,-2,0,-6,-3,4,1,0,2,2,-2,3,1,-1,2,1,0,2,2,0,-12,-16,-2,-4,6,-4,0,0,-1,1,0,1,5,-1
KR_6696295901,420,1,-14,-28,2,-5,6,1,0,2,2,3,0,3,3,0,3,1,0,1,0,8,0,-3,0,3,0,0,1,1,0,1,-1,4,-1
KR_6763666038,420,-3,-66,-7,-2,-1,1,0,-3,4,1,-2,6,4,4,1,5,0,0,0,0,2,-6,1,-4,3,1,0,0,1,1,0,1,1,-1
KR_6755067225,420,1,-13,8,0,5,0,5,1,1,2,-3,4,1,-3,3,0,0,1,1,0,-4,3,1,-6,5,-2,0,-1,-1,1,-1,-1,6,-1
KR_6585814618,420,2,11,3,12,2,0,2,-1,2,1,7,1,8,5,3,8,-1,3,2,2,4,4,-1,-6,7,7,0,1,1,1,1,1,6,-1
KR_6753347086,420,-2,1,-4,-8,-5,5,0,-1,1,0,2,0,2,-3,5,2,-1,1,0,0,-3,36,-3,-3,6,-28,0,-1,-1,0,-1,1,6,-1
KR_6720730899,420,-1,-10,-20,-7,0,1,1,0,3,3,2,3,5,-8,11,3,-1,1,0,-1,-12,-164,1,-2,1,-28,0,-2,-1,-1,-1,-1,3,-1
KR_6623115488,420,0,-63,34,-5,-2,3,1,-1,3,2,5,2,7,-3,5,2,-4,5,1,-2,-8,5,1,-6,5,-1,0,0,1,1,0,-1,3,-1
KR_6642252628,420,1,-11,-12,3,2,1,3,-1,1,0,0,0,0,0,0,0,2,1,3,1,-1,-11,-1,-1,2,0,0,0,-1,-1,-1,1,2,-1
KR_6749859776,420,-2,-69,44,-4,-6,7,1,2,0,2,-2,4,2,0,3,3,2,3,5,-1,-4,9,0,0,0,0,0,-3,-1,-1,-1,-1,4,-1
KR_6753877419,420,-5,-74,-4,-11,-4,4,0,-1,2,1,-5,6,1,-2,4,2,1,3,4,0,-4,5,1,-3,2,-2,0,-1,-1,-1,-1,-1,6,-1
KR_6748048019,420,-2,-78,-25,-3,-3,4,1,-1,6,5,-3,3,0,5,1,6,-1,1,0,-1,1,-2,-2,-1,3,0,0,-4,-1,-1,-1,-1,4,-1
KR_6722932617,420,0,24,-35,-2,3,2,5,0,5,5,-8,10,2,2,0,2,1,1,2,0,-1,-13,1,-3,2,-1,0,0,1,-1,-1,-1,5,-1
KR_6730761557,420,0,-16,4,9,-2,3,1,4,1,5,7,1,8,0,1,1,0,2,2,0,17,7,2,-6,4,-1,0,-1,1,-1,-1,1,2,-1
KR_6725486914,440,-6,-93,-11,-9,-1,1,0,-5,5,0,-1,2,1,-2,6,4,0,1,1,-1,-9,-6,0,-4,4,-5,0,0,-1,1,-1,1,4,-1
KR_6743027563,420,0,-2,14,-1,7,0,7,1,1,2,-4,5,1,-2,2,0,-3,3,0,0,-6,-9,0,-3,3,-5,0,-1,-1,1,-1,-1,4,-1
KR_6707452032,420,-4,-43,-4,-3,-1,2,1,-5,5,0,3,0,3,0,2,2,0,1,1,0,-2,-44,4,-7,3,21,0,-1,-1,-1,-1,1,2,-1
KR_6709648423,420,0,-28,-8,5,2,0,2,-1,5,4,2,3,5,4,2,6,-2,2,0,1,5,6,-4,-1,5,2,0,0,0,-1,-1,1,0,-1
KR_6760697279,420,-4,-64,-5,-8,-2,3,1,-2,4,2,-3,3,0,0,1,1,-1,1,0,0,-6,4,-1,-5,6,-3,0,-1,-1,-1,-1,1,3,-1
KR_6665622479,420,-3,-91,7,-2,4,1,5,0,2,2,-7,7,0,1,0,1,0,0,0,0,-1,-7,-3,0,3,0,0,-1,-1,-1,-1,1,4,-1
KR_6755276681,420,-3,-65,16,-13,-6,6,0,1,1,2,1,2,3,-9,9,0,0,1,1,-1,-10,-1,0,-1,1,-1,0,-1,-1,-1,-1,-1,6,-1
KR_6763484651,420,0,18,-9,-9,-1,2,1,-3,5,2,-4,4,0,1,1,2,-2,4,2,0,-13,136,0,-5,5,-18,0,0,-1,-1,-1,1,2,-1
KR_6727585606,420,1,39,-13,0,5,0,5,-3,4,1,2,0,2,-3,3,0,-1,2,1,0,-4,1,4,-4,0,-3,0,1,-1,1,1,1,4,-1
KR_6714317086,420,0,22,-11,-5,1,1,2,-5,6,1,1,2,3,0,1,1,-2,3,1,0,-7,-29,-2,-3,5,2,0,-1,0,1,-1,1,0,-1
KR_6760590853,440,-5,-53,-3,-8,1,0,1,-1,2,1,-7,9,2,-2,6,4,1,0,1,0,-11,-7,-1,-2,3,1,0,-2,-1,-1,-1,-1,5,-1
KR_6763758667,420,1,40,0,3,1,1,2,-1,2,1,-1,1,0,0,1,1,4,0,4,0,4,1,3,-4,1,0,0,0,-1,-1,0,-1,4,-1
KR_6753869061,420,0,4,20,-4,-4,4,0,2,2,4,2,1,3,-2,2,0,-2,3,1,0,-2,-17,1,-4,3,-1,0,0,-1,0,0,-1,3,-1
KR_6746346147,420,-3,-48,-12,-2,-3,3,0,-1,2,1,2,2,4,2,1,3,-2,3,1,0,4,14,-1,-2,3,-4,0,0,1,-1,0,1,3,-1
KR_6700177199,420,-5,-62,23,-7,2,1,3,1,0,1,0,1,1,-8,8,0,-2,2,0,0,-7,3,0,-2,2,0,0,-3,-1,-1,-1,1,5,-1
KR_6723120074,420,0,-66,44,-1,2,1,3,0,0,0,2,1,3,-4,4,0,-1,1,0,1,-3,0,0,-6,6,-5,0,-2,-1,1,-1,1,5,-1
KR_6696292085,420,-4,-19,-43,-8,-1,2,1,-1,4,3,-4,6,2,0,0,0,-2,2,0,0,-3,50,2,-2,0,-24,0,0,-1,-1,-1,1,5,-1
KR_6664091189,420,-4,-25,-12,-16,-3,3,0,3,1,4,-5,6,1,-14,15,1,3,1,4,-1,-13,5,-1,-4,5,4,0,0,-1,0,-1,-1,6,-1
KR_6664176907,420,3,34,-18,4,-4,4,0,1,0,1,3,0,3,5,0,5,-1,2,1,0,9,1,2,-6,4,3,0,2,-1,1,1,1,5,-1
KR_6705667626,420,-4,-14,-20,-5,-1,1,0,-6,6,0,0,4,4,0,2,2,2,0,2,0,-5,4,-6,-2,8,1,0,0,1,-1,0,1,5,-1
KR_6656439356,420,-1,-66,8,-4,-3,4,1,-4,5,1,-1,3,2,0,3,3,4,0,4,0,-11,-2,-3,-2,5,-2,0,1,-1,1,1,-1,3,-1
KR_6760304877,420,-2,-24,-8,0,2,0,2,-6,7,1,3,0,3,0,1,1,1,0,1,0,2,0,-2,-2,4,-2,0,0,-1,-1,0,-1,6,-1
KR_6763457513,420,-2,-61,16,-3,-3,6,3,1,0,1,3,2,5,-3,4,1,-1,2,1,0,-1,-124,2,-3,1,-4,0,-1,1,-1,-1,-1,1,-1
KR_6756469753,420,1,42,33,-2,0,2,2,0,1,1,3,2,5,-4,6,2,-1,1,0,-1,-13,-5,-3,-2,5,1,0,-2,-1,-1,-1,-1,5,-1
KR_6750865097,420,4,52,12,4,3,1,4,-1,2,1,2,0,2,1,0,1,-1,1,0,0,4,2,-1,-2,3,0,0,0,0,1,0,1,0,-1
KR_6762023326,420,1,-61,-7,1,0,3,3,0,6,6,-2,4,2,3,0,3,0,0,0,0,5,-17,3,-5,2,0,0,0,1,0,1,1,3,-1
KR_6727045823,420,1,-17,-36,5,-2,2,0,-2,5,3,-1,2,1,7,0,7,3,0,3,0,11,6,3,-4,1,3,0,0,1,1,0,-1,2,-1
KR_6647717092,420,-6,-74,-24,-14,-4,5,1,-7,8,1,-3,4,1,0,1,1,0,0,0,0,-9,3,-1,-2,3,-3,0,-1,-1,-1,-1,-1,6,-1
KR_6637548274,420,1,-7,24,4,-6,7,1,-2,4,2,2,0,2,9,0,9,1,2,3,0,4,196,3,-5,2,1,0,1,-1,1,-1,-1,4,-1
KR_6640077436,420,-2,-13,-35,-9,-5,6,1,-2,6,4,-4,4,0,2,0,2,0,2,2,-3,-8,15,3,-4,1,4,0,1,-1,-1,1,-1,4,-1
KR_6730587731,440,-6,-88,-14,-18,-3,5,2,-7,8,1,-1,3,2,-7,8,1,0,0,0,-2,-30,-5,-2,-1,3,-1,0,-2,-1,-1,-1,-1,2,-1
KR_6660317674,420,-3,-55,-7,-8,-1,3,2,-1,1,0,-6,7,1,1,3,4,-1,3,2,0,1,-1,-1,-2,3,1,0,0,-1,-1,0,1,4,-1
KR_6761647340,420,-2,-92,-8,-7,-1,2,1,4,0,4,-3,6,3,-4,9,5,-3,3,0,0,-7,360,-5,0,5,-4,0,0,-1,-1,0,1,4,-1
KR_6663832309,440,-3,-52,-20,-4,0,2,2,-4,6,2,-1,3,2,1,0,1,0,0,0,0,-5,-27,0,-1,1,0,0,-1,0,-1,-1,-1,0,-1
KR_6737520233,420,-3,35,-39,-5,-1,3,2,-2,5,3,2,0,2,1,1,2,-5,6,1,0,-4,-3,-3,-2,5,2,0,-2,1,-1,-1,1,5,-1
KR_6721889351,420,-2,-60,15,-8,0,2,2,-4,4,0,-5,5,0,-1,3,2,2,0,2,-1,1,-319,1,-5,4,-3,0,-2,-1,1,-1,-1,4,-1
KR_6750907494,440,-3,-17,-4,-11,-2,3,1,-8,8,0,2,2,4,-1,3,2,-2,4,2,1,0,-4,-3,-2,5,0,0,-1,-1,1,-1,1,3,-1
KR_6764288213,420,-4,-24,-14,-6,-6,6,0,-1,2,1,3,1,4,-1,4,3,-1,1,0,0,-1,185,-5,-1,6,1,0,1,-1,1,-1,-1,3,-1
KR_6754801272,420,-1,-9,-82,-5,4,1,5,-5,5,0,-5,7,2,2,0,2,-1,2,1,0,0,-4,-3,-2,5,-2,0,1,0,0,1,-1,0,-1
KR_6663922947,420,-2,-24,-41,-11,-4,5,1,-3,3,0,-8,9,1,6,0,6,-2,2,0,0,-10,0,0,-3,3,0,0,0,1,1,-1,-1,6,-1
KR_6748836100,440,1,13,32,3,0,1,1,7,1,8,2,3,5,-3,7,4,-3,4,1,-1,-1,-4,0,-2,2,1,0,0,-1,1,1,-1,6,-1
KR_6743229752,420,-1,-50,8,-3,2,2,4,-2,3,1,1,0,1,-4,5,1,0,2,2,0,-9,-3,-2,-1,3,3,0,1,-1,1,1,-1,4,-1
KR_6732556334,420,-2,-52,8,-1,3,3,6,-1,1,0,-3,6,3,0,3,3,0,0,0,0,-3,12,0,-2,2,-5,0,1,1,1,1,-1,2,-1
KR_6760516701,420,1,41,-3,0,6,1,7,-1,3,2,-1,3,2,-3,4,1,-1,1,0,0,-8,-14,-5,-1,6,4,0,1,1,0,1,1,5,-1
KR_6762047536,420,4,48,4,3,4,1,5,-2,4,2,2,2,4,-1,6,5,0,0,0,0,-4,52,0,-3,3,-21,0,2,-1,0,1,1,5,-1
KR_6756423744,420,-1,59,-1,0,2,2,4,-5,7,2,4,2,6,2,1,3,-3,4,1,-1,-2,-26,-1,0,1,2,0,2,0,0,1,-1,0,-1
KR_6655626484,440,-4,-51,-29,3,-1,4,3,2,5,7,-1,4,3,3,1,4,0,1,1,-1,5,-3,0,-2,2,0,0,-1,-1,1,-1,-1,4,-1
KR_6762748333,420,1,-111,-8,3,0,0,0,-1,5,4,6,1,7,-1,2,1,-1,2,1,0,9,-22,0,-4,4,4,0,0,0,0,0,-1,0,-1
KR_6727738708,420,-1,-9,20,5,0,4,4,1,1,2,-3,5,2,6,2,8,1,1,2,0,9,-53,0,-5,5,10,0,0,1,1,-1,1,2,-1
KR_6683938512,420,-3,-47,-17,-6,-4,4,0,0,2,2,-1,1,0,-1,1,0,0,0,0,0,-2,42,0,-3,3,2,0,0,-1,1,0,-1,3,-1
KR_6651602738,420,-2,22,-13,2,-2,2,0,3,4,7,0,2,2,-2,4,2,3,0,3,-1,-1,-4,-1,-2,3,2,0,-1,1,-1,1,-1,3,-1
KR_6640953410,420,-2,-74,32,0,-3,3,0,0,1,1,1,2,3,-2,4,2,4,0,4,-1,-2,-32,-1,-2,3,0,0,-1,1,0,-1,-1,4,-1
KR_6723510155,420,1,-1,16,4,-1,1,0,4,1,5,4,2,6,0,4,4,-3,4,1,0,3,457,-2,-1,3,1,0,0,-1,0,0,1,1,-1
KR_6723517118,440,-7,-61,-75,-9,0,1,1,-2,4,2,-2,5,3,-3,6,3,-2,3,1,0,0,163,1,-3,2,-2,0,-2,1,-1,-1,-1,6,-1
KR_6678461429,420,1,-4,-8,1,0,2,2,-3,4,1,-4,6,2,6,0,6,2,0,2,0,-5,-26,4,-5,1,10,0,1,1,0,-1,-1,3,-1
KR_6678836807,420,1,58,28,2,6,0,6,3,6,9,1,2,3,-9,9,0,1,0,1,1,7,16,4,-5,1,-1,0,0,0,1,1,1,0,-1
KR_6733537420,420,-3,68,-46,-2,-2,6,4,1,0,1,1,4,5,1,1,2,-3,5,2,-1,-2,10,3,-3,0,1,0,2,0,-1,1,-1,0,-1
KR_6753101157,420,-5,-38,24,-18,-4,4,0,-3,4,1,-4,5,1,-4,5,1,-3,3,0,0,-16,-26,2,-4,2,5,0,-2,-1,1,-1,-1,6,-1
KR_6741523799,420,5,100,8,12,0,0,0,4,2,6,4,0,4,2,0,2,2,0,2,1,8,139,-2,-3,5,6,0,1,1,0,1,1,5,-1
KR_6717260838,420,-2,-31,2,-8,-3,6,3,-1,1,0,-2,4,2,2,2,4,-4,4,0,-1,-3,-3,-4,-3,7,-2,0,-2,-1,-1,-1,-1,6,-1
KR_6759351395,420,-1,-99,9,-9,-1,2,1,1,1,2,2,2,4,-8,8,0,-3,3,0,0,-13,-13,0,-2,2,-1,0,-1,-1,-1,-1,-1,5,-1
KR_6695336036,420,-3,-57,4,-8,0,0,0,0,2,2,1,2,3,-7,8,1,-2,2,0,-1,-10,-46,-1,-2,3,23,0,0,-1,1,0,-1,6,-1
KR_6665108980,420,-2,-46,12,-2,-4,5,1,-2,2,0,0,0,0,5,0,5,-1,1,0,0,2,-3,-3,-1,4,-2,0,-2,1,-1,-1,-1,1,-1
KR_6724017870,420,-3,-100,3,-9,-2,2,0,1,3,4,2,3,5,-9,9,0,-1,2,1,-1,-14,-220,-1,-4,5,-2,0,-2,-1,-1,-1,-1,1,-1
KR_6719596184,420,-1,-33,-3,-1,1,0,1,-2,3,1,-2,3,1,1,3,4,1,0,1,0,1,-15,3,-7,4,-2,0,-1,1,0,-1,-1,4,-1
KR_6667992822,420,-4,23,-12,-9,-4,5,1,-1,3,2,4,2,6,-1,4,3,-7,7,0,2,-5,-10,-6,-3,9,4,0,-2,-1,0,-1,1,5,-1
KR_6637861313,420,0,-17,1,-2,2,0,2,2,0,2,-2,7,5,-3,3,0,-1,2,1,-1,3,-13,-2,-2,4,-1,0,0,-1,1,1,-1,2,-1
KR_6759765446,420,-1,25,4,0,-1,1,0,-2,2,0,2,3,5,1,0,1,0,0,0,0,-2,-9,-3,-3,6,4,0,0,-1,1,0,1,4,-1
KR_6709636956,420,-2,-3,-11,-5,0,0,0,0,1,1,-1,1,0,-2,2,0,-2,2,0,0,-8,4,1,-3,2,-2,0,1,1,1,1,-1,3,-1
KR_6753638391,440,1,-20,12,-5,-2,2,0,-2,4,2,-1,3,2,0,5,5,0,2,2,0,-8,-9,-2,-2,4,3,0,0,1,1,0,1,6,-1
KR_6664487389,420,-3,-45,-4,-13,-2,3,1,-4,5,1,3,1,4,-8,9,1,-2,2,0,0,-8,-12,-1,-5,6,0,0,-2,-1,-1,-1,-1,4,-1
KR_6758774553,420,1,-65,12,2,0,2,2,3,0,3,-3,7,4,3,4,7,-1,3,2,0,9,-10,-1,-4,5,3,0,0,1,1,0,-1,6,-1
KR_6751280878,420,-1,30,7,-8,1,0,1,-3,6,3,-3,8,5,-3,6,3,0,1,1,-1,0,32,3,-4,1,-19,0,0,1,-1,-1,-1,3,-1
KR_6764166812,420,0,2,0,-3,1,0,1,-1,1,0,-4,4,0,1,0,1,0,1,1,1,-5,167,1,-3,2,9,0,0,-1,-1,1,1,5,-1
KR_6736014011,420,2,-25,15,2,5,2,7,3,0,3,0,2,2,-6,9,3,0,0,0,0,5,-30,-2,-2,4,21,0,0,1,-1,-1,1,4,-1
KR_6756827141,420,-1,-31,-34,-8,-5,7,2,-2,2,0,-2,2,0,0,2,2,1,0,1,0,-2,-3,-1,-2,3,-4,0,0,1,-1,-1,-1,4,-1
KR_6637839035,420,-4,-24,22,-8,4,0,4,-2,3,1,-10,15,5,-3,3,0,3,0,3,0,-4,13,1,-3,2,-5,0,0,-1,1,-1,1,5,-1
KR_6741029358,420,4,33,-12,2,0,3,3,-4,5,1,1,1,2,3,1,4,2,0,2,0,3,24,2,-4,2,-16,0,0,1,0,1,-1,3,-1
KR_6672818915,440,-3,-29,-4,-7,-1,3,2,0,3,3,-7,7,0,2,0,2,-1,1,0,0,-12,2,-3,-2,5,-5,0,0,-1,1,0,-1,5,-1
KR_6759495635,420,1,-40,12,5,2,1,3,2,0,2,2,1,3,-1,2,1,0,0,0,0,1,-3,0,-1,1,-1,0,-1,-1,-1,-1,-1,3,-1
KR_6670937560,420,-5,-34,-13,-17,2,0,2,-4,4,0,-9,10,1,-6,6,0,0,0,0,0,-10,-520,-1,-1,2,2,0,-3,1,-1,-1,-1,3,-1
KR_6650365028,420,-3,-59,-12,-7,0,3,3,1,2,3,-3,6,3,-5,6,1,0,1,1,1,-5,-29,0,-4,4,-1,0,0,-1,1,1,1,1,-1
KR_6708448351,420,-2,-24,-21,-7,-4,5,1,-2,4,2,2,0,2,-3,3,0,0,0,0,-1,-1,-3,1,-1,0,1,0,-2,-1,-1,-1,-1,2,-1
KR_6708310656,420,-3,15,36,-9,-4,7,3,-2,3,1,-2,3,1,1,0,1,-2,3,1,0,-9,-13,2,-3,1,5,0,0,0,-1,0,1,0,-1
KR_6619573232,420,1,-15,-4,-2,0,4,4,-3,5,2,1,4,5,-1,5,4,1,0,1,1,-1,2,1,-6,5,-2,0,-1,0,-1,-1,1,0,-1
KR_6727035227,420,1,-17,0,6,-1,2,1,-1,3,2,5,1,6,1,2,3,2,0,2,-1,1,1,5,-5,0,-3,0,1,1,1,1,-1,4,-1
KR_6717051194,420,-2,-34,17,-5,-4,4,0,-1,1,0,0,1,1,1,4,5,-1,3,2,0,-2,-275,2,-4,2,-1,0,0,-1,1,-1,-1,5,-1
KR_6727566451,420,-7,-80,-41,-13,-4,4,0,-5,6,1,-1,5,4,-5,5,0,2,4,6,-1,-12,9,-2,-2,4,-3,0,-2,-1,-1,-1,-1,4,-1
KR_6732318286,440,1,-56,-20,-3,-4,4,0,5,1,6,6,1,7,-10,11,1,0,0,0,-1,-2,3,-1,-1,2,1,0,-1,-1,0,-1,-1,3,-1
KR_6762015254,420,1,-36,4,-1,1,0,1,2,1,3,3,1,4,-8,8,0,1,0,1,0,1,-109,0,-5,5,0,0,0,1,1,0,1,4,-1
KR_6695721886,420,-3,-20,-4,-1,5,0,5,-5,5,0,0,0,0,0,3,3,-1,2,1,0,-5,-17,-1,-2,3,2,0,1,1,0,1,1,1,-1
KR_6761290734,420,-1,-8,4,-6,0,1,1,-2,3,1,-3,5,2,1,1,2,-2,2,0,0,-8,2,3,-3,0,-1,0,0,1,1,0,-1,3,-1
KR_6266110891,420,-4,-74,-20,-6,-3,3,0,-4,4,0,1,3,4,1,2,3,-1,4,3,0,-5,-3,-5,0,5,3,0,-1,1,-1,-1,1,1,-1
KR_6763666973,420,-1,-64,-16,-7,-1,2,1,-1,4,3,-5,7,2,0,3,3,0,0,0,0,-10,-12,-6,-2,8,1,0,-1,-1,-1,-1,-1,6,-1
KR_6758704810,420,3,37,0,12,0,3,3,-6,6,0,4,0,4,9,1,10,5,1,6,1,6,1,2,-3,1,1,0,1,1,-1,-1,1,4,-1
KR_6748785393,420,-6,-77,-16,-15,-8,9,1,-4,4,0,-5,5,0,2,1,3,0,0,0,-2,-10,-260,3,-4,1,-2,0,-3,1,-1,-1,-1,1,-1
KR_6725594600,420,-1,-53,0,-7,-4,5,1,2,4,6,1,2,3,-5,5,0,-1,1,0,0,-11,-4,1,-7,6,-1,0,0,-1,1,0,-1,4,-1
KR_6691933300,420,0,21,12,-4,1,0,1,-1,6,5,-1,2,1,-1,4,3,-2,3,1,0,-5,-42,-1,-3,4,18,0,-1,1,-1,-1,1,5,-1
KR_6647772210,420,-1,-32,12,0,0,2,2,2,2,4,3,0,3,-7,8,1,2,0,2,0,-1,-1,0,-7,7,-5,0,-1,-1,-1,-1,1,2,-1
KR_6756508704,420,-1,96,32,-3,0,2,2,-1,2,1,1,1,2,-1,4,3,-2,2,0,0,-5,2,0,-1,1,0,0,1,-1,0,1,1,4,-1
KR_6636144099,420,-4,-49,-37,-7,-3,3,0,-3,5,2,-3,4,1,3,2,5,-1,2,1,0,-4,-7,-3,-3,6,-2,0,-1,-1,-1,-1,-1,4,-1
KR_6763981565,420,-1,-45,-8,-5,-4,4,0,-3,3,0,-2,2,0,5,1,6,-1,1,0,0,0,22,-1,-5,6,-5,0,-1,-1,-1,-1,-1,6,-1
KR_6763956598,420,0,-61,-20,5,3,0,3,-2,3,1,2,2,4,1,4,5,1,3,4,0,5,-6,0,-4,4,3,0,0,-1,-1,0,1,1,-1
KR_6652882189,420,0,-2,-29,1,0,2,2,-3,4,1,2,0,2,3,1,4,-1,2,1,0,3,-251,-2,-2,4,2,0,1,1,-1,1,1,4,-1
KR_6652167338,420,-2,26,6,0,0,2,2,-2,2,0,2,3,5,1,1,2,-1,2,1,0,1,-6,-3,-3,6,0,0,0,-1,0,0,1,6,-1
KR_6691121493,420,-2,-32,4,-1,-1,4,3,0,1,1,1,1,2,-2,4,2,1,2,3,0,1,-14,0,-3,3,-2,0,-1,1,-1,-1,-1,6,-1
KR_6619673883,420,0,-16,9,-4,-4,6,2,0,3,3,-2,3,1,1,0,1,1,0,1,1,4,0,-3,-5,8,1,0,-1,-1,-1,-1,1,1,-1
KR_6732531026,420,1,-17,10,2,-4,4,0,8,0,8,0,0,0,-1,1,0,-1,1,0,0,4,181,1,-4,3,16,0,-1,1,1,-1,1,2,-1
KR_6760784222,440,0,-5,24,-2,-1,2,1,0,2,2,2,0,2,-4,9,5,1,1,2,-1,-6,7,3,-8,5,-1,0,-1,1,1,-1,-1,6,-1
KR_6615155089,420,-6,-52,0,-18,-4,4,0,-5,5,0,-1,2,1,-3,3,0,-5,7,2,0,-12,-408,-1,0,1,-2,0,0,-1,-1,-1,-1,2,-1
KR_6722621899,420,-6,-56,-78,-6,-1,2,1,-2,3,1,5,1,6,-6,6,0,-2,2,0,0,-9,-3,-6,-1,7,-2,0,-3,0,-1,-1,1,0,-1
KR_6758810621,420,-4,-65,-19,-2,0,1,1,-1,3,2,4,1,5,-3,4,1,-2,3,1,-1,-1,-37,-4,-1,5,-3,0,-1,0,0,-1,-1,0,-1
KR_6763078593,420,-1,-17,2,-12,2,1,3,-3,3,0,-5,6,1,-6,9,3,0,1,1,-2,-13,-169,1,-4,3,1,0,-1,1,0,-1,-1,6,-1
KR_6725802419,420,-2,-75,-1,-7,-3,4,1,-1,3,2,-2,4,2,-1,2,1,0,0,0,0,-9,-36,-3,-3,6,21,0,-1,-1,-1,-1,-1,3,-1
KR_6661378986,440,1,-27,-30,-2,-3,5,2,2,3,5,-4,5,1,-1,2,1,4,1,5,0,3,-10,-1,-7,8,-1,0,0,-1,-1,1,-1,5,-1
KR_6653641636,420,1,23,-18,7,6,0,6,1,1,2,0,2,2,-1,2,1,1,1,2,0,0,15,2,-3,1,-1,0,1,-1,-1,1,1,6,-1
KR_6548526087,420,-5,-1,-7,-9,-1,1,0,-3,4,1,-4,4,0,0,1,1,-1,1,0,0,-7,10,3,-3,0,-3,0,-1,-1,-1,-1,-1,5,-1
KR_6717083244,420,-4,-27,-26,-18,-2,2,0,1,2,3,-5,5,0,-9,10,1,-3,4,1,0,-10,-6,-5,-1,6,2,0,-2,0,-1,-1,-1,0,-1
KR_6743092685,420,-3,-85,27,-15,-1,2,1,1,2,3,-7,7,0,-5,5,0,-3,3,0,-3,-9,-16,-9,-1,10,-1,0,-3,0,-1,-1,-1,0,-1
KR_6626652479,420,-1,16,13,-1,0,1,1,3,0,3,2,1,3,-6,8,2,0,0,0,0,-7,-1,-3,0,3,0,0,0,-1,1,0,-1,4,-1
KR_6650418105,420,0,-72,23,0,3,0,3,-2,3,1,0,3,3,0,0,0,-1,1,0,0,-1,-2,-5,0,5,-2,0,-1,-1,1,-1,-1,6,-1
KR_6730418482,420,-2,-39,-20,-7,-2,3,1,0,2,2,-2,4,2,-2,3,1,-1,1,0,-1,-11,-6,-2,0,2,0,0,0,-1,-1,0,-1,6,-1
KR_6739103474,420,-3,-49,-40,1,2,4,6,0,0,0,-5,5,0,4,2,6,0,2,2,0,0,2,1,-3,2,0,0,-1,-1,-1,-1,-1,5,-1
KR_6729524414,440,0,39,-12,4,-3,3,0,0,0,0,-2,3,1,3,2,5,6,0,6,0,3,7,-1,0,1,1,0,1,1,-1,1,1,6,-1
KR_6762372459,420,-1,-7,-20,-2,4,1,5,4,0,4,-5,7,2,-1,4,3,-4,4,0,0,0,1,0,-1,1,0,0,-1,-1,-1,-1,-1,4,-1
KR_6760661927,420,-2,-28,-44,-1,-2,5,3,-2,2,0,2,0,2,5,1,6,-4,6,2,2,7,-252,1,-2,1,5,0,-1,-1,-1,-1,1,4,-1
KR_6760778341,420,0,46,-9,-1,-1,3,2,-8,8,0,4,2,6,2,5,7,2,2,4,2,-4,55,1,-2,1,-26,0,1,-1,1,1,1,4,-1
KR_6628314295,420,-1,-47,4,-4,-2,3,1,-1,1,0,-3,3,0,3,2,5,-1,1,0,0,-1,-2,0,-4,4,2,0,0,1,-1,-1,-1,6,-1
KR_6762446999,420,1,-6,20,-3,2,1,3,1,0,1,-2,4,2,-2,4,2,-2,2,0,1,-4,16,-5,-1,6,0,0,0,-1,1,0,1,2,-1
KR_6749451775,420,0,-16,4,2,-2,2,0,-2,2,0,-1,2,1,5,3,8,2,0,2,0,3,-34,-1,0,1,36,0,1,0,0,1,1,0,-1
KR_6726035709,420,-1,-103,4,-15,1,2,3,0,2,2,-8,8,0,-8,10,2,0,1,1,-2,-18,2,-2,-3,5,-1,0,1,-1,-1,-1,-1,1,-1
KR_6686722160,420,0,-31,1,3,-2,4,2,2,0,2,3,2,5,0,1,1,0,0,0,0,5,3,0,-6,6,-1,0,0,1,1,-1,1,3,-1
KR_6667956407,420,-1,-103,-32,-1,1,1,2,1,1,2,-3,6,3,0,2,2,0,0,0,0,-1,4,0,-2,2,-1,0,-1,1,-1,-1,-1,1,-1
KR_6631356301,420,-7,-122,-11,-12,-1,2,1,-4,5,1,-5,6,1,-1,1,0,-1,1,0,0,-6,-328,-1,-1,2,-1,0,-4,-1,-1,-1,-1,3,-1
KR_6741741517,420,-5,-44,-21,-11,-4,5,1,0,1,1,-5,5,0,-2,3,1,0,1,1,0,-8,-1,0,-4,4,-1,0,0,-1,-1,-1,1,1,-1
KR_6737522753,420,4,1,-52,12,4,1,5,0,2,2,6,2,8,4,0,4,-2,2,0,0,6,248,1,-3,2,-1,0,1,1,1,1,1,2,-1
KR_6747757172,440,0,25,36,1,6,2,8,2,1,3,1,1,2,-3,3,0,-5,5,0,1,-10,-11,-1,-1,2,2,0,2,0,1,1,1,0,-1
KR_6668061982,420,-5,-46,-24,-10,-3,3,0,-1,1,0,-5,5,0,-1,2,1,0,0,0,0,-7,3,1,-1,0,2,0,-1,-1,-1,-1,-1,4,-1
KR_6762878517,420,-2,-25,-3,-1,0,0,0,1,2,3,0,0,0,-3,5,2,1,0,1,0,-4,-19,3,-6,3,-1,0,0,1,1,0,1,4,-1
KR_6651276393,420,-2,-67,8,-5,0,2,2,-1,1,0,-5,6,1,1,3,4,0,2,2,0,-1,4,-2,-1,3,1,0,-1,1,1,-1,1,3,-1
KR_6752017131,420,0,-52,-6,-6,4,0,4,-2,4,2,-6,9,3,-3,5,2,1,1,2,0,-3,-7,-3,-1,4,3,0,-1,1,-1,-1,-1,3,-1
KR_6611536882,420,-5,-45,11,-12,2,1,3,1,0,1,-3,3,0,-10,10,0,-2,3,1,0,-15,-11,-5,-1,6,0,0,-2,1,-1,-1,-1,4,-1
KR_6681283183,420,-3,3,32,-18,-4,4,0,-2,2,0,-5,6,1,-5,5,0,-2,2,0,-1,-16,0,1,-1,0,-2,0,-1,-1,1,-1,-1,5,-1
KR_6710712319,420,-2,-55,-16,5,0,1,1,4,0,4,5,2,7,-2,2,0,-2,6,4,0,4,1,6,-6,0,0,0,-1,1,1,-1,1,1,-1
KR_6755363212,420,-3,-83,7,-7,-2,2,0,-4,5,1,1,2,3,-1,1,0,-1,1,0,0,-7,-5,-2,-3,5,-4,0,0,-1,1,0,-1,4,-1
KR_6681706266,420,-1,42,0,2,-3,4,1,3,4,7,1,2,3,2,2,4,-1,3,2,-1,1,-2,-4,-2,6,3,0,-1,-1,-1,-1,-1,5,-1
KR_6671041637,420,-2,-72,-24,3,0,2,2,2,1,3,0,1,1,-2,4,2,3,0,3,0,6,0,-3,-1,4,2,0,0,-1,-1,0,1,4,-1
KR_6654146684,440,1,16,8,-4,-3,3,0,0,1,1,7,0,7,-7,7,0,-1,1,0,0,-3,1,-1,-2,3,2,0,0,-1,-1,0,-1,4,-1
KR_6756725259,420,1,-44,-8,3,-5,5,0,-1,5,4,0,2,2,4,1,5,5,0,5,0,7,1,3,-7,4,4,0,0,1,-1,-1,1,1,-1
KR_6756788654,420,-3,-33,-16,-10,-5,8,3,-3,3,0,1,1,2,-4,7,3,1,1,2,-1,-11,-6,-4,-3,7,1,0,-1,-1,-1,-1,-1,1,-1
KR_6743363069,420,-1,25,-20,-4,-1,1,0,-1,4,3,1,3,4,0,4,4,-3,3,0,-1,-8,-11,1,-2,1,-1,0,-2,-1,0,-1,-1,3,-1
KR_6741371508,420,1,-11,28,-3,-1,1,0,1,2,3,-1,4,3,0,1,1,-2,2,0,0,2,3,-3,0,3,-4,0,0,0,-1,0,-1,0,-1
KR_6638128196,420,4,-24,15,13,2,2,4,5,1,6,-2,8,6,8,0,8,0,0,0,3,21,3,5,-8,3,2,0,2,1,0,1,1,5,-1
KR_6747380976,420,-1,-48,15,3,-4,5,1,1,1,2,3,2,5,4,1,5,-1,1,0,0,6,162,1,-1,0,-1,0,-1,1,-1,-1,1,6,-1
KR_6624980454,420,1,33,0,-1,0,2,2,0,3,3,-1,2,1,-2,6,4,2,1,3,0,-5,2,-3,-3,6,0,0,1,-1,1,1,1,5,-1
KR_6736416097,420,1,25,16,0,0,1,1,2,1,3,3,1,4,-1,1,0,-4,4,0,0,1,-3,2,-3,1,-2,0,0,1,-1,-1,-1,3,-1
KR_6745157667,420,-3,18,-4,-10,6,1,7,-4,4,0,-11,12,1,-1,1,0,0,0,0,0,-15,11,3,-6,3,-6,0,0,-1,0,0,1,4,-1
KR_6761663929,420,0,-27,-11,-3,-1,1,0,2,3,5,-1,1,0,-1,6,5,-2,4,2,0,-8,-8,-3,-2,5,1,0,1,-1,-1,-1,-1,6,-1
KR_6610637530,420,0,9,0,-4,-3,4,1,1,2,3,-4,4,0,0,1,1,2,0,2,-1,-6,20,1,-2,1,-1,0,2,1,0,1,-1,4,-1
KR_6620376911,420,-1,2,-16,-1,1,1,2,-3,3,0,6,1,7,-5,5,0,0,0,0,0,-14,-3,0,-1,1,1,0,1,-1,1,1,1,5,-1
KR_6760300910,420,-2,-33,-10,-3,-1,2,1,-6,6,0,2,0,2,4,1,5,-2,4,2,0,-7,-112,-5,-1,6,-2,0,-1,-1,-1,-1,-1,3,-1
KR_6750308703,420,1,-13,0,-5,-2,3,1,-2,2,0,-2,3,1,-6,6,0,7,1,8,0,-3,26,0,-1,1,0,0,-1,0,0,-1,1,0,-1
KR_6626952373,420,1,54,16,-2,-1,1,0,-1,1,0,1,2,3,-2,2,0,1,1,2,0,-3,-40,0,-1,1,-2,0,1,0,1,1,-1,0,-1
KR_6682076560,440,-2,-12,-20,0,1,3,4,-4,7,3,0,3,3,2,0,2,1,2,3,0,1,3,1,-5,4,-4,0,-1,1,-1,-1,1,3,-1
KR_6760922309,420,-6,-73,24,-10,-3,3,0,-2,3,1,-2,6,4,-4,5,1,1,0,1,0,-2,-49,0,-1,1,17,0,-3,-1,0,-1,-1,6,-1
KR_6754576339,420,0,18,0,-4,1,0,1,0,1,1,-5,7,2,0,8,8,0,1,1,1,-3,6,-1,-1,2,-4,0,0,-1,1,0,1,3,-1
KR_6761971630,420,-5,-7,-43,-6,0,1,1,0,1,1,-2,3,1,-2,4,2,-2,2,0,0,-10,-14,2,-6,4,0,-1,-2,0,-1,-1,1,0,-1
KR_6706385334,420,2,36,30,0,5,0,5,-1,3,2,-1,2,1,-3,4,1,0,2,2,0,-5,-285,-1,-3,4,-2,0,1,0,1,-1,-1,0,-1
KR_6759267059,420,-1,-1,-33,-3,5,2,7,-1,1,0,-4,6,2,-3,3,0,0,0,0,0,-2,-8,0,-2,2,-1,0,-1,-1,-1,-1,1,4,-1
KR_6728961921,440,4,65,-16,-2,-2,4,2,-1,3,2,3,2,5,1,1,2,-3,4,1,1,-3,53,1,-2,1,-14,0,0,-1,1,1,1,3,-1
KR_6660978501,420,-3,-106,-30,-5,-1,1,0,1,1,2,-5,5,0,0,2,2,0,2,2,0,-2,-2,-2,-2,4,1,0,-1,1,1,-1,-1,4,-1
KR_6346934573,420,-4,-53,-20,-5,-8,9,1,-2,4,2,-3,5,2,1,4,5,7,0,7,0,4,-2,-1,-1,2,0,0,-3,-1,0,-1,1,1,-1
KR_6661768517,420,-3,-22,16,-4,-1,2,1,-3,4,1,1,1,2,-2,3,1,1,0,1,0,0,-358,0,-3,3,1,0,-1,1,-1,-1,-1,6,-1
KR_6755996238,420,-6,-79,-16,-1,3,1,4,-2,4,2,-6,6,0,0,2,2,4,0,4,1,-3,-7,-1,0,1,0,0,-2,-1,-1,-1,1,6,-1
KR_6728042687,440,-1,-55,-19,2,0,0,0,-3,4,1,-1,3,2,4,1,5,2,0,2,0,2,-6,-2,0,2,0,0,0,-1,0,0,1,5,-1
KR_6368146180,420,-5,-112,-38,-8,-3,3,0,1,0,1,-2,3,1,-3,3,0,-1,2,1,-1,-3,0,0,0,0,-2,0,-2,-1,-1,-1,-1,6,-1
KR_6637851574,420,-5,-98,-37,-13,-5,5,0,-2,5,3,-2,4,2,-3,5,2,-1,1,0,0,-9,-7,-5,0,5,-1,0,-1,-1,-1,-1,-1,5,-1
KR_6708875535,440,-4,-127,-4,-13,-9,9,0,0,1,1,0,0,0,-2,4,2,-2,3,1,0,-4,-5,-2,-2,4,-5,0,-2,-1,1,-1,-1,4,-1
KR_6747806654,420,2,26,0,3,1,0,1,0,0,0,1,3,4,1,2,3,0,1,1,0,4,165,2,-3,1,-3,0,0,-1,1,1,1,4,-1
KR_6640671922,420,0,-67,-14,2,-1,4,3,0,2,2,2,2,4,-2,4,2,3,0,3,0,4,-7,-1,-1,2,2,0,-2,1,-1,-1,1,3,-1
KR_6747083723,440,-4,-34,-20,-13,3,1,4,-7,10,3,-3,4,1,-5,5,0,-1,1,0,0,-10,-11,0,-1,1,0,0,0,-1,0,0,1,6,-1
KR_6755590379,440,-3,-76,-16,-12,-1,3,2,-4,6,2,4,0,4,-11,11,0,0,1,1,0,-15,42,-1,-3,4,-12,0,0,-1,-1,-1,1,4,-1
KR_6758572060,440,-4,-110,-4,-17,-7,8,1,-1,5,4,-1,3,2,-6,7,1,-2,2,0,-1,-10,35,1,-3,2,-4,0,-1,-1,1,-1,-1,5,-1
KR_6760449487,420,-1,21,-1,-12,2,2,4,-6,7,1,2,5,7,-10,11,1,0,0,0,0,-13,-161,-2,0,2,2,0,0,-1,1,-1,1,5,-1
KR_6593849762,420,-9,-141,-47,-18,-2,3,1,-12,13,1,-1,5,4,-5,7,2,2,0,2,0,-10,-30,-3,-3,6,6,0,-4,-1,-1,-1,-1,4,-1
KR_6718544240,420,-8,-21,-11,-18,-2,2,0,-6,8,2,-3,3,0,-5,7,2,-2,2,0,0,-19,2,0,-2,2,-3,0,-4,-1,-1,-1,-1,4,-1
KR_6674394099,420,-5,-117,-28,-8,-2,2,0,4,1,5,-3,4,1,-6,7,1,-1,2,1,0,-7,7,0,-3,3,-2,0,-2,-1,0,-1,1,6,-1
KR_6674866806,440,1,37,20,2,-5,7,2,-1,1,0,0,1,1,1,0,1,7,0,7,0,8,-20,0,-6,6,7,0,1,1,-1,1,-1,5,-1
KR_6757873860,420,-5,-59,-4,-11,2,1,3,-9,11,2,5,1,6,-4,4,0,-5,6,1,0,-12,0,-4,0,4,-2,0,0,-1,0,0,1,6,-1
KR_6659786091,420,0,-9,-8,2,0,2,2,2,0,2,-5,6,1,3,2,5,2,1,3,0,1,-20,-3,-2,5,0,0,0,-1,1,0,-1,4,-1
KR_6759825229,420,-2,-44,17,-3,2,2,4,3,1,4,-3,6,3,-8,8,0,3,1,4,1,-3,-3,-2,-2,4,0,0,-1,-1,0,-1,1,3,-1
KR_6673335874,420,2,33,20,1,-3,4,1,-3,4,1,2,1,3,3,0,3,2,1,3,-1,-8,35,0,0,0,-17,0,1,-1,-1,1,-1,2,-1
KR_6757661206,420,-4,-23,-12,-2,-4,5,1,0,2,2,-1,4,3,1,1,2,2,1,3,0,3,-7,2,-6,4,-1,0,0,-1,1,1,-1,2,-1
KR_6747558676,420,0,24,-20,-1,5,0,5,-4,5,1,-2,2,0,1,1,2,-1,1,0,0,0,-30,1,-4,3,26,0,1,-1,-1,1,1,6,-1
KR_6713035020,420,0,36,2,1,1,2,3,2,0,2,3,0,3,-5,8,3,0,0,0,0,1,29,2,-2,0,1,0,1,-1,-1,-1,-1,2,-1
KR_6761446699,420,4,30,8,9,-2,2,0,0,2,2,5,0,5,2,0,2,4,0,4,0,15,15,1,-3,2,-1,0,2,1,1,1,1,4,-1
KR_6662820375,440,-2,23,16,0,-4,5,1,5,2,7,1,4,5,-2,4,2,0,0,0,0,-1,-7,1,-5,4,1,0,2,1,1,1,1,5,-1
KR_6719309041,420,-2,-29,-47,1,-1,5,4,-2,4,2,-1,2,1,6,1,7,-1,1,0,0,2,19,-2,-4,6,-2,0,0,1,-1,0,1,3,-1
KR_6752506332,420,-3,-94,-12,-6,2,2,4,-2,2,0,-2,3,1,-3,4,1,-1,2,1,0,-1,-3,1,-4,3,-1,0,0,1,-1,-1,-1,2,-1
KR_6722247782,440,-1,-33,-18,3,-1,1,0,-1,3,2,-1,2,1,2,0,2,4,0,4,0,0,12,-1,-3,4,2,0,0,-1,-1,1,1,3,-1
KR_6660796479,420,-2,-17,-16,-8,-6,7,1,-1,2,1,-1,3,2,-1,2,1,1,2,3,0,0,2,-3,0,3,3,0,0,1,-1,-1,-1,6,-1
KR_6645174211,440,-3,-37,-13,-4,-3,3,0,1,3,4,-2,3,1,-2,3,1,2,1,3,-1,-4,-16,-2,-3,5,-3,0,-2,1,-1,-1,-1,2,-1
KR_6742014246,420,-1,-22,17,-2,1,0,1,1,0,1,1,5,6,-2,2,0,-3,4,1,0,-2,-14,4,-6,2,-3,0,-1,0,0,-1,-1,0,-1
KR_6727475078,420,-2,2,11,-4,-1,2,1,-1,2,1,-4,7,3,0,5,5,2,0,2,0,-6,271,-2,0,2,0,0,0,-1,1,1,-1,3,-1
KR_6756571032,420,-4,-55,0,-10,-2,3,1,0,4,4,2,0,2,-7,8,1,-3,3,0,-1,-8,21,-2,0,2,-18,0,-2,-1,-1,-1,-1,4,-1
KR_6756111486,420,-2,-22,-5,-1,-2,2,0,0,2,2,-2,2,0,5,0,5,-2,2,0,0,-9,8,-1,0,1,0,0,0,-1,0,0,-1,4,-1
KR_6661510585,420,-2,-5,-20,-6,1,0,1,-1,2,1,-7,7,0,0,1,1,1,0,1,0,-11,-20,-1,-1,2,6,0,-1,1,0,-1,-1,5,-1
KR_6752214673,440,1,62,0,1,-2,2,0,0,0,0,2,1,3,2,1,3,-1,1,0,0,0,6,0,-1,1,1,0,1,0,0,1,1,0,-1
KR_6707125997,420,1,-21,8,-4,3,1,4,-3,5,2,-4,4,0,-2,5,3,2,1,3,0,-11,-102,3,-3,0,0,0,0,1,1,0,-1,6,-1
KR_6761315357,420,-3,-66,2,-9,2,2,4,-8,11,3,-1,3,2,-2,4,2,0,1,1,0,-8,-43,1,-2,1,17,0,-1,-1,-1,-1,1,3,-1
KR_6758446158,420,-1,-32,-11,0,0,4,4,-1,5,4,-5,8,3,7,2,9,-1,2,1,0,0,-39,-2,-4,6,1,0,1,-1,0,1,-1,6,-1
KR_6661543901,420,-4,-29,-11,-14,-3,3,0,-1,3,2,-3,4,1,-8,8,0,1,0,1,-1,-13,-24,-2,-2,4,2,0,-2,1,-1,-1,-1,3,-1
KR_6763662665,440,1,-18,20,-3,-3,6,3,1,2,3,2,0,2,-3,3,0,0,1,1,0,-3,17,-1,-2,3,-3,0,-1,1,-1,-1,1,4,-1
KR_6680328985,440,-7,-87,-32,-9,-1,2,1,1,2,3,-3,4,1,-6,8,2,0,1,1,0,-4,-517,0,-1,1,2,0,-2,-1,0,-1,-1,4,-1
KR_6651980024,420,0,-33,-29,6,-3,3,0,3,1,4,-2,5,3,7,1,8,1,0,1,0,15,-163,1,-2,1,-2,0,0,-1,0,-1,-1,3,-1
KR_6751838633,420,-2,-8,-8,-8,-3,5,2,-3,3,0,-3,5,2,-1,4,3,2,0,2,0,-6,-3,3,-4,1,0,0,-1,-1,1,-1,-1,3,-1
KR_6682911274,420,-3,-14,22,-4,2,1,3,1,4,5,-7,7,0,-1,3,2,1,1,2,-1,-6,13,-3,-3,6,2,0,0,-1,0,0,-1,1,-1
KR_6760835010,420,-3,-1,4,-5,-1,3,2,0,0,0,3,0,3,-5,5,0,-2,2,0,0,-6,1,3,-6,3,1,0,-1,-1,-1,-1,-1,3,-1
KR_6761435070,420,-6,-111,-39,-7,-2,2,0,-2,3,1,-6,7,1,2,0,2,1,0,1,0,1,4,-3,-2,5,2,0,0,0,0,0,1,0,-1
KR_6653570017,420,-3,-75,8,-10,-3,3,0,-2,6,4,-1,3,2,-4,8,4,0,0,0,-1,-9,-2,-1,-1,2,0,0,-1,0,1,-1,-1,0,-1
KR_6753307199,420,-7,-109,-92,-4,-2,3,1,-3,3,0,2,2,4,-1,1,0,0,0,0,0,-3,-6,-4,-1,5,-3,0,-1,-1,-1,-1,-1,5,-1
KR_6737779510,420,-5,6,-20,-10,1,0,1,0,4,4,-8,9,1,-4,4,0,1,0,1,1,-10,2,-5,-2,7,0,0,-1,-1,1,-1,1,6,-1
KR_6764000279,420,3,17,-16,5,4,0,4,1,1,2,-1,3,2,3,0,3,-2,3,1,0,2,-1,-2,-2,4,-2,0,0,1,1,0,-1,1,-1
KR_6618608338,420,1,13,-28,9,0,1,1,2,2,4,0,1,1,3,2,5,4,0,4,0,8,-10,-3,-3,6,1,0,0,-1,0,0,-1,5,-1
KR_6753999775,420,2,47,-19,7,0,2,2,-3,3,0,4,3,7,4,2,6,2,0,2,0,1,-2,2,-4,2,1,0,1,0,1,1,1,0,-1
KR_6725612578,420,-6,-63,-32,-14,-6,6,0,-7,8,1,-1,4,3,-1,2,1,1,1,2,0,-4,-1,5,-5,0,4,0,0,-1,1,0,-1,5,-1
KR_6692370796,420,-1,75,0,-10,1,1,2,0,1,1,-8,10,2,-3,3,0,0,2,2,0,-8,35,1,-2,1,-22,0,0,-1,-1,0,1,6,-1
KR_6762584270,440,0,20,-10,2,0,0,0,-1,1,0,0,1,1,3,3,6,0,0,0,0,3,5,1,-3,2,0,0,1,-1,1,1,1,5,-1
KR_6674964224,420,-1,-42,-14,4,0,2,2,5,0,5,1,2,3,-2,2,0,0,2,2,1,3,33,1,-3,2,1,0,0,0,0,1,1,0,-1
KR_6738461200,420,-6,-66,-33,-16,-6,6,0,1,1,2,0,0,0,-9,10,1,-2,2,0,0,-13,83,-3,-1,4,-1,0,-2,-1,-1,-1,-1,1,-1
KR_6739388718,420,-5,-37,-29,-9,2,0,2,-4,4,0,-7,9,2,0,1,1,0,0,0,0,-15,-162,2,-3,1,-3,0,-2,-1,0,-1,-1,5,-1
KR_6756630572,420,-3,-23,30,1,-4,5,1,4,4,8,-1,2,1,4,2,6,-2,4,2,0,5,36,-2,-1,3,-24,0,0,1,-1,-1,1,6,-1
KR_6763942287,420,-5,-63,-26,-8,-1,1,0,-2,3,1,-1,4,3,-2,3,1,-2,2,0,0,-8,-316,0,-2,2,0,0,-2,1,-1,-1,-1,1,-1
KR_6590628258,420,-4,0,0,-13,-4,5,1,-1,3,2,-2,5,3,-4,5,1,-2,3,1,-1,-17,-7,-4,-2,6,1,0,-1,-1,-1,-1,-1,3,-1
KR_6760393348,420,-1,21,12,0,0,1,1,1,1,2,4,2,6,-3,4,1,-2,4,2,0,-1,-11,-1,-4,5,1,0,0,-1,1,-1,-1,2,-1
KR_6763531265,420,0,2,-20,7,1,0,1,0,1,1,3,1,4,3,1,4,0,1,1,0,6,-150,-2,0,2,0,0,-1,1,-1,-1,1,1,-1
KR_6759132744,420,0,44,-40,-4,2,1,3,-6,6,0,-4,5,1,2,3,5,2,1,3,-2,-8,5,-1,-1,2,1,0,-1,-1,1,-1,-1,3,-1
KR_6741222210,420,-2,-15,-4,-4,3,3,6,-1,2,1,-7,7,0,1,2,3,0,0,0,0,-12,-12,-1,0,1,0,0,-1,1,1,-1,1,1,-1
KR_6756979565,420,1,-52,-16,2,-1,6,5,1,1,2,5,1,6,-2,4,2,-1,1,0,-2,1,5,-2,-1,3,-2,0,1,-1,1,-1,-1,2,-1
KR_6661539620,420,-2,-12,-27,-4,0,4,4,2,1,3,2,3,5,-7,7,0,-1,2,1,1,-6,5,-1,-9,10,0,0,0,-1,0,-1,1,1,-1
KR_6640235628,420,0,-41,-40,8,1,1,2,-2,5,3,0,0,0,4,3,7,5,0,5,0,11,13,0,-3,3,0,0,-1,1,-1,-1,1,1,-1
KR_6638504253,420,-2,0,-12,-5,-3,5,2,-3,3,0,0,3,3,1,0,1,0,0,0,0,-4,32,1,-4,3,-7,0,0,-1,1,-1,1,6,-1
KR_6724665964,420,2,46,36,-1,1,1,2,0,2,2,-1,2,1,-2,3,1,1,0,1,0,-3,38,-2,-5,7,-15,0,0,-1,-1,-1,1,2,-1
KR_6645037668,440,-7,-124,-12,-16,-7,9,2,-3,4,1,-5,7,2,0,0,0,-1,1,0,-1,-13,10,-1,-2,3,-2,0,-4,-1,1,-1,-1,4,-1
KR_6755409416,440,-5,-61,-12,-14,-2,4,2,-1,1,0,-11,14,3,0,2,2,0,0,0,0,-1,-26,1,-3,2,-2,0,-1,-1,0,-1,-1,1,-1
KR_6760265796,420,-2,-53,-20,-2,4,2,6,-3,4,1,-1,5,4,-3,3,0,1,0,1,0,-5,0,-4,0,4,-1,0,-1,1,1,-1,1,6,-1
KR_6755770959,420,4,57,19,1,-1,1,0,-2,2,0,0,2,2,4,0,4,0,0,0,0,1,2,4,-5,1,-1,0,1,1,-1,1,-1,5,-1
KR_6760683396,420,-2,-97,0,-8,6,0,6,-6,6,0,-1,1,0,-5,6,1,-2,2,0,0,-10,-15,1,-5,4,-2,0,0,1,-1,-1,-1,2,-1
KR_6695075768,420,4,69,24,9,-2,3,1,3,3,6,-4,6,2,7,0,7,5,0,5,2,7,-2,0,-3,3,2,0,1,1,0,1,1,3,-1
KR_6720902564,440,-3,-41,-12,-8,2,1,3,-4,6,2,-1,2,1,-3,8,5,-2,2,0,0,-11,-20,0,-3,3,-4,0,0,1,-1,-1,-1,5,-1
KR_6685834724,420,5,7,20,9,1,1,2,-4,5,1,7,0,7,2,2,4,3,0,3,0,3,10,-2,-5,7,4,0,0,1,-1,1,-1,5,-1
KR_6760493751,440,2,-100,32,3,-1,2,1,7,1,8,0,2,2,-2,3,1,-1,1,0,0,3,3,-2,-3,5,-3,0,0,1,-1,-1,-1,1,-1
KR_6646436697,420,-1,-45,-8,1,-3,3,0,3,1,4,6,0,6,-4,4,0,-1,3,2,0,-2,11,0,-4,4,-3,0,-1,1,1,-1,1,2,-1
KR_6755742625,420,-2,3,11,-7,1,0,1,-3,5,2,-4,5,1,-2,3,1,1,0,1,0,-4,-7,-2,-4,6,2,0,0,0,-1,0,-1,0,-1
KR_6752560367,420,1,21,4,-1,1,1,2,2,2,4,-1,4,3,0,1,1,-3,3,0,0,-8,1,-2,-2,4,0,0,1,-1,1,1,1,5,-1
KR_6652178323,420,-8,-119,-22,-13,-3,5,2,0,1,1,-5,6,1,-1,4,3,-4,6,2,0,-7,-13,-1,-1,2,-2,0,-2,-1,-1,-1,1,2,-1
KR_6646167452,420,0,-10,-21,-6,0,2,2,2,3,5,0,1,1,-3,3,0,-5,6,1,0,-3,-1,1,-5,4,-1,0,-1,-1,1,-1,-1,5,-1
KR_6750158446,420,-1,75,-14,-8,-2,3,1,0,1,1,-3,4,1,-1,2,1,-2,3,1,0,-7,-185,-8,0,8,0,0,-1,1,-1,-1,-1,2,-1
KR_6661822998,420,-1,19,4,-6,4,0,4,-1,2,1,-1,1,0,-6,7,1,-2,2,0,0,-15,-3,-2,-2,4,0,0,0,-1,1,1,-1,4,-1
KR_6764508800,420,-3,-9,-31,-10,-3,3,0,0,1,1,-3,6,3,-3,5,2,-1,2,1,-2,-1,6,3,-3,0,-2,0,-1,-1,-1,-1,-1,3,-1
KR_6755317509,440,1,-3,28,7,-1,3,2,3,1,4,-2,4,2,5,0,5,2,0,2,1,11,-2,2,-5,3,-3,0,0,1,-1,0,1,5,-1
KR_6705132416,420,-7,-103,-13,-14,1,2,3,0,1,1,-1,3,2,-11,12,1,-3,3,0,0,-13,0,-2,-4,6,-2,0,-1,-1,1,-1,-1,5,-1
KR_6651502841,420,-2,-37,8,-6,-4,4,0,1,1,2,2,3,5,-3,4,1,-2,2,0,-2,-4,5,3,-4,1,-3,0,0,-1,0,-1,-1,3,-1
KR_6698211246,420,-3,-1,-1,-3,-2,2,0,-5,6,1,4,0,4,1,1,2,-1,1,0,0,-4,509,0,-2,2,0,0,2,1,1,1,-1,2,-1
KR_6760244426,420,-2,-83,3,-1,-8,10,2,5,1,6,3,4,7,0,3,3,-1,1,0,-1,16,-4,-6,0,6,-5,0,-1,0,1,-1,1,0,-1
KR_6699440706,420,-1,-40,4,-3,0,1,1,-1,1,0,-8,12,4,4,1,5,2,1,3,0,-3,-34,-2,-2,4,20,0,1,1,1,1,1,5,-1
KR_6757699051,420,-2,-90,20,-6,-5,8,3,1,4,5,-2,3,1,0,1,1,0,1,1,0,0,-15,-1,-3,4,-3,0,0,-1,-1,0,-1,1,-1
KR_6740492296,420,1,30,-4,6,-3,3,0,2,3,5,4,1,5,2,1,3,1,1,2,1,5,-103,-6,-2,8,-4,0,1,-1,0,1,1,1,-1
KR_6730889115,420,-10,-184,-32,-10,-3,3,0,0,2,2,-2,3,1,-4,5,1,-1,1,0,0,-6,-27,-2,-3,5,-2,0,-5,-1,-1,-1,-1,5,-1
KR_6674577793,420,-4,-52,0,-4,5,1,6,2,2,4,-3,6,3,-6,7,1,-2,2,0,0,-6,16,2,-6,4,-15,0,0,-1,1,-1,-1,3,-1
KR_6758718602,420,-1,0,-36,-7,0,0,0,-3,5,2,-4,5,1,-1,3,2,1,1,2,0,-7,-4,0,0,0,0,0,-2,-1,-1,-1,-1,6,-1
KR_6743589564,420,0,-23,3,-1,1,2,3,1,0,1,-4,4,0,1,0,1,0,0,0,0,8,8,1,-2,1,2,0,0,-1,-1,-1,-1,1,-1
KR_6755144155,420,-3,-28,4,-6,-2,3,1,-7,8,1,0,2,2,2,3,5,1,1,2,0,-6,239,2,-4,2,-1,0,1,1,1,1,1,1,-1
KR_6764089155,420,1,37,49,1,-1,3,2,-1,1,0,2,1,3,1,1,2,0,0,0,0,-4,10,6,-7,1,0,0,1,1,1,1,1,3,-1
KR_6655181866,420,-2,-54,-1,-5,-2,4,2,1,1,2,-2,5,3,-1,3,2,-1,1,0,0,-4,2,1,-3,2,-2,0,-1,-1,0,-1,1,5,-1
KR_6740318517,420,-5,-58,-11,-11,-5,7,2,3,1,4,-3,4,1,-3,5,2,-3,4,1,0,-19,-9,-4,-3,7,2,0,-2,1,-1,-1,1,2,-1
KR_6699667320,420,-1,-40,17,-6,-1,1,0,2,1,3,-2,2,0,-3,3,0,-2,2,0,-1,-7,36,0,-3,3,-25,0,-1,-1,-1,-1,-1,3,-1
KR_6738347265,420,-2,8,-20,1,-2,4,2,-1,1,0,3,3,6,-1,1,0,2,1,3,0,-1,-228,-3,-2,5,0,0,-1,0,-1,-1,-1,0,-1
KR_6738155952,420,-4,-107,12,-12,0,3,3,-1,1,0,-4,4,0,-4,4,0,-3,3,0,0,-11,-23,0,-1,1,0,0,-3,-1,-1,-1,-1,1,-1
KR_6737488325,420,-2,-16,-12,-3,2,0,2,-2,4,2,-2,2,0,0,3,3,-1,1,0,0,-3,122,-3,-4,7,-4,0,0,-1,-1,-1,1,1,-1
KR_6704163624,420,-2,-65,0,-1,4,1,5,0,4,4,-4,4,0,1,3,4,-2,5,3,0,-9,339,0,-3,3,0,0,-1,1,-1,-1,1,3,-1
KR_6762789652,420,-2,-49,-20,-10,-2,3,1,1,0,1,-2,4,2,-5,5,0,-2,2,0,0,-11,-17,-2,-1,3,4,0,0,-1,-1,0,-1,4,-1
KR_6739467656,420,-2,-34,1,-3,-3,3,0,1,3,4,-1,2,1,3,5,8,-3,5,2,0,-6,-24,-2,-3,5,5,0,0,-1,1,1,-1,6,-1
KR_6645127530,420,3,-8,21,5,0,2,2,-2,3,1,9,0,9,-2,2,0,0,1,1,0,4,-276,-1,-1,2,1,0,-2,1,-1,-1,-1,1,-1
KR_6758472017,440,-2,-97,-33,0,2,0,2,0,3,3,-4,5,1,1,3,4,1,2,3,1,11,40,5,-6,1,-2,0,-3,-1,-1,-1,1,3,-1
KR_6710259603,440,-8,-109,-20,-21,-6,6,0,-2,6,4,-6,6,0,-6,7,1,-1,1,0,-2,-5,5,-2,-3,5,-1,0,0,-1,-1,-1,-1,5,-1
KR_6660640621,420,-3,-35,-12,-2,-4,7,3,1,1,2,3,0,3,-2,2,0,0,0,0,0,0,-4,2,-4,2,-3,0,0,-1,1,0,-1,1,-1
KR_6760610709,420,0,-7,-4,-2,0,1,1,1,1,2,0,1,1,-4,6,2,1,1,2,0,1,4,1,-7,6,-2,0,-2,1,-1,-1,1,5,-1
KR_6753684628,440,-3,-132,-6,7,-1,2,1,8,0,8,-3,5,2,1,1,2,2,0,2,0,20,3,-1,-2,3,0,0,-1,1,-1,-1,-1,1,-1
KR_6695256546,440,-7,-153,-8,-8,-2,2,0,-7,8,1,-5,5,0,1,0,1,5,0,5,-1,-1,255,-1,0,1,0,0,-2,0,0,-1,-1,0,-1
KR_6620521079,420,-3,-61,-15,-5,-5,5,0,-1,3,2,1,3,4,0,0,0,0,0,0,1,-1,-9,-1,-2,3,1,0,-2,0,0,-1,1,0,-1
KR_6633272981,420,0,13,-28,-4,-1,1,0,-1,2,1,2,0,2,-3,7,4,-1,1,0,0,-4,-1,0,-2,2,1,0,-1,-1,-1,-1,-1,4,-1
KR_6675243941,420,-3,-64,-6,-8,-5,5,0,-5,6,1,-3,3,0,-1,2,1,6,2,8,0,-3,-2,-4,-2,6,1,0,-1,1,-1,-1,1,3,-1
KR_6710620537,420,-7,-97,-52,-4,1,2,3,-5,7,2,0,2,2,1,0,1,-1,3,2,0,-6,-387,-4,-1,5,-8,0,-1,-1,0,-1,1,6,-1
KR_6731798000,420,-5,-66,-8,-14,-3,3,0,1,3,4,-5,8,3,0,0,0,-7,7,0,0,-14,8,2,-3,1,-2,0,-3,-1,1,1,-1,3,-1
KR_6749421054,420,3,-9,12,11,11,0,11,1,2,3,-3,5,2,1,3,4,1,0,1,1,3,-6,-1,-2,3,0,0,2,1,1,1,1,3,-1
KR_6760852929,420,-4,-41,-16,-12,-3,3,0,-1,3,2,1,3,4,-8,8,0,-1,1,0,-1,-14,4,-2,0,2,-2,0,-1,-1,0,-1,-1,3,-1
KR_6750168931,420,3,54,-20,5,1,2,3,-1,2,1,7,0,7,-2,3,1,0,1,1,0,-4,2,-3,-1,4,-1,0,0,0,-1,0,1,0,-1
KR_6739728898,420,-4,-39,4,-12,-3,5,2,-3,4,1,-4,4,0,0,1,1,-2,2,0,-1,-9,-10,-4,-1,5,1,0,-1,-1,-1,-1,-1,3,-1
KR_6763801918,420,-2,0,-29,-5,1,1,2,0,1,1,-4,6,2,-3,3,0,1,0,1,0,-2,-3,-2,-3,5,-5,0,-1,-1,-1,-1,1,2,-1
KR_6730219999,420,-1,-72,4,-1,-4,4,0,3,0,3,-1,2,1,0,2,2,1,1,2,0,1,-16,-2,0,2,0,0,0,0,0,0,-1,0,-1
KR_6611687064,420,0,21,16,-7,-1,1,0,-3,4,1,1,1,2,-1,4,3,-3,3,0,-1,-7,-13,-4,-3,7,2,0,-2,-1,-1,-1,-1,1,-1
KR_6727102398,420,-4,-54,3,-10,-2,4,2,-4,5,1,-3,4,1,0,1,1,-1,1,0,-1,-5,-15,4,-5,1,-3,0,0,1,-1,1,-1,2,-1
KR_6746038511,420,-3,-52,-20,-9,-1,2,1,-2,3,1,0,3,3,-6,7,1,0,0,0,0,-6,-9,-2,0,2,0,0,-1,0,0,-1,1,0,-1
KR_6743360447,420,-1,-5,-4,-5,-2,2,0,7,3,10,-2,3,1,-3,6,3,-5,7,2,0,-3,399,-3,-1,4,-4,0,-2,-1,-1,-1,-1,5,-1
KR_6711842909,420,1,70,-7,-1,-2,2,0,1,3,4,-1,2,1,0,4,4,1,0,1,0,0,-38,3,-3,0,-1,0,0,-1,-1,-1,-1,5,-1
KR_6757341217,420,-5,-79,-14,-9,-9,9,0,3,1,4,5,0,5,-7,8,1,-1,2,1,0,-3,44,-4,-2,6,-21,0,-3,1,-1,-1,-1,2,-1
KR_6758100736,420,-4,-38,-10,-11,-2,4,2,0,3,3,-3,5,2,0,2,2,-6,9,3,-1,-11,345,1,-2,1,0,0,0,1,1,1,-1,2,-1
KR_6751462017,420,-2,-40,-28,-5,2,3,5,-6,7,1,2,1,3,-4,7,3,1,3,4,-1,-3,-12,-5,-2,7,-4,0,0,-1,1,0,-1,2,-1
KR_6762499179,420,-2,-5,16,-10,-1,2,1,-4,7,3,0,3,3,-1,2,1,-4,4,0,0,-6,-2,-4,-2,6,-3,0,-2,0,0,-1,-1,0,-1
KR_6675791481,420,0,17,-2,0,0,2,2,-1,3,2,-1,1,0,1,1,2,1,0,1,0,-1,5,2,-3,1,-3,0,0,0,1,0,1,0,-1
KR_6730613489,440,-2,-95,20,-3,-2,3,1,0,1,1,-1,3,2,1,0,1,-1,1,0,0,-2,-1,4,-5,1,-2,0,-1,1,0,-1,-1,6,-1
KR_6523556804,420,-2,-39,-17,-6,-5,5,0,-1,3,2,-5,6,1,3,1,4,2,1,3,0,-1,-5,-2,-3,5,0,0,-3,0,-1,-1,-1,0,-1
KR_6682937853,420,1,-4,20,-3,0,1,1,-2,3,1,-2,3,1,1,0,1,0,0,0,0,-3,153,-1,-4,5,-1,0,0,1,-1,-1,-1,6,-1
KR_6737899100,420,-5,6,-55,-6,7,1,8,-3,3,0,-7,8,1,0,2,2,-3,3,0,0,-4,10,2,-4,2,-1,0,0,-1,-1,-1,1,2,-1
KR_6752056429,420,2,89,8,-2,1,1,2,-4,5,1,4,0,4,-2,5,3,-1,1,0,1,-4,-3,-2,-1,3,2,0,-1,0,1,-1,1,0,-1
KR_6630091670,420,-2,-13,-16,-7,0,4,4,0,3,3,-7,7,0,-1,3,2,1,2,3,0,-9,-1,2,-4,2,0,0,-2,1,-1,-1,-1,5,-1
KR_6622853457,420,0,15,-12,-2,0,0,0,1,2,3,-4,8,4,0,3,3,1,0,1,0,0,6,5,-8,3,0,0,1,1,-1,1,-1,6,-1
KR_6737609365,420,1,26,-20,-4,2,0,2,-4,6,2,3,2,5,-3,6,3,-2,2,0,0,-6,7,4,-10,6,-2,0,-2,-1,-1,-1,-1,6,-1
KR_6062528794,420,2,-11,-12,6,2,1,3,5,0,5,-3,5,2,3,1,4,-1,2,1,0,2,1,4,-5,1,0,0,0,0,-1,0,1,0,-1
KR_6742673020,420,2,32,17,4,3,1,4,5,1,6,-6,6,0,-1,4,3,3,1,4,1,12,4,2,-3,1,1,0,1,1,0,1,1,6,-1
KR_6757226707,420,-2,21,-11,-9,-1,5,4,-3,7,4,-2,2,0,-2,3,1,-1,1,0,0,-5,-38,-2,-1,3,10,0,-1,-1,1,-1,1,4,-1
KR_6711477581,420,-1,-44,-18,-10,-1,1,0,-5,6,1,-4,4,0,-1,3,2,1,1,2,0,-10,17,4,-4,0,-4,0,-1,-1,1,-1,-1,2,-1
KR_6745451182,420,-3,-31,9,-6,0,0,0,-3,4,1,3,0,3,-3,4,1,-3,3,0,0,-7,-311,1,-3,2,-2,0,-1,1,1,-1,1,2,-1
KR_6762931468,420,-2,-85,8,-1,-2,2,0,3,1,4,-1,3,2,-2,3,1,1,1,2,0,1,-9,-2,-1,3,0,0,-2,1,-1,-1,1,4,-1
KR_6681900454,440,2,-23,-20,4,2,0,2,2,0,2,-1,1,0,-1,1,0,2,3,5,0,5,-4,3,-5,2,-4,0,0,-1,0,0,1,5,-1
KR_6762218336,420,-7,-22,-46,-20,-2,7,5,-3,3,0,-6,6,0,0,1,1,-9,9,0,-1,-8,19,-1,0,1,-2,0,-1,-1,0,-1,-1,1,-1
KR_6745149915,420,-2,6,12,-12,1,1,2,-1,1,0,-8,10,2,-2,3,1,-2,2,0,0,-15,-4,1,-1,0,-3,0,-1,-1,-1,-1,1,6,-1
KR_6737137642,440,-6,-70,-7,-13,0,0,0,1,2,3,-5,6,1,-7,11,4,-2,3,1,0,-14,95,-2,-2,4,0,0,0,1,-1,-1,-1,1,-1
KR_6763139431,420,0,-81,12,-2,3,0,3,-3,5,2,0,4,4,-2,3,1,0,1,1,0,-4,-19,5,-7,2,-1,0,-1,-1,1,-1,-1,2,-1
KR_6752096674,420,-2,-50,5,-4,-1,2,1,2,1,3,3,4,7,-7,11,4,-1,3,2,0,-4,-117,-3,-1,4,-1,0,-1,-1,-1,-1,1,5,-1
KR_6713783704,420,0,29,-16,-2,0,2,2,-1,4,3,2,0,2,-1,1,0,-2,2,0,0,-6,50,1,-3,2,-22,0,0,1,0,0,1,5,-1
KR_6759178059,420,-2,-41,-66,-2,0,1,1,-7,8,1,4,1,5,-2,4,2,3,0,3,0,-2,10,-2,-1,3,-2,0,1,1,-1,-1,-1,3,-1
KR_6756253669,420,-4,-113,0,-7,-3,5,2,-5,5,0,1,0,1,0,4,4,0,0,0,0,-2,-48,1,-1,0,22,0,-1,1,1,-1,-1,5,-1
KR_6523603020,420,3,46,32,2,-5,5,0,-4,6,2,-2,3,1,8,1,9,5,1,6,1,-3,-15,1,-5,4,2,0,0,0,1,1,1,0,-1
KR_6721907679,440,-2,-17,-28,3,-2,2,0,3,1,4,2,3,5,-1,1,0,1,1,2,0,4,2,1,-2,1,0,0,-1,-1,-1,-1,1,5,-1
KR_6725466096,440,-5,-73,0,-18,-2,2,0,-4,4,0,-4,6,2,-6,8,2,-2,4,2,-2,-12,-1,-3,-1,4,2,0,-2,-1,-1,-1,-1,6,-1
KR_6740950816,420,-1,30,8,-1,-2,2,0,-1,3,2,-1,1,0,1,0,1,2,0,2,0,0,6,-4,-2,6,5,0,0,1,1,1,1,3,-1
KR_6746412822,420,-2,10,-32,-6,-4,5,1,-1,3,2,1,3,4,-1,3,2,-1,1,0,-2,1,-3,4,-4,0,-1,0,0,-1,-1,0,-1,5,-1
KR_6657263799,420,-3,-49,-3,-9,-1,4,3,0,6,6,0,0,0,-8,8,0,0,0,0,0,-3,2,-2,-1,3,-1,0,1,-1,1,1,-1,3,-1
KR_6675713696,420,0,9,-20,-2,1,0,1,-2,3,1,2,3,5,-2,2,0,-1,2,1,0,-2,0,-3,0,3,-2,0,0,1,-1,-1,-1,3,-1
KR_6740190745,440,-6,-50,-20,-16,1,3,4,-8,9,1,0,1,1,-5,5,0,-4,4,0,1,-15,-397,-1,-1,2,-1,0,0,0,1,-1,1,0,-1
KR_6639630519,440,-3,-78,-20,-8,0,2,2,-4,5,1,-5,7,2,0,5,5,1,0,1,0,-1,-3,-1,-2,3,0,0,-2,-1,-1,-1,-1,2,-1
KR_6754160420,420,0,24,-16,5,1,3,4,1,3,4,4,1,5,-1,5,4,0,1,1,1,1,-3,-1,-1,2,1,0,0,-1,-1,0,1,2,-1
KR_6651857915,420,-3,-9,-21,-5,-2,4,2,2,3,5,0,4,4,-2,6,4,-3,3,0,0,1,263,-5,0,5,1,0,0,-1,1,1,-1,4,-1
KR_6718961536,420,-2,-35,-23,-7,-2,3,1,-2,3,1,1,1,2,-2,2,0,-2,2,0,0,-5,-173,0,-4,4,-23,0,-2,-1,-1,-1,-1,4,-1
KR_6674825419,440,2,37,-21,-1,2,0,2,-2,6,4,-2,2,0,1,5,6,0,0,0,0,5,3,-1,-5,6,-4,0,0,1,0,-1,-1,1,-1
KR_6749253436,420,5,-7,74,9,-1,1,0,0,2,2,2,1,3,5,2,7,3,0,3,0,5,-3,0,-3,3,1,0,1,0,1,1,1,0,-1
KR_6760246251,420,-1,-38,-12,-7,1,0,1,1,2,3,-3,5,2,-4,8,4,-2,3,1,0,-12,-3,2,-4,2,-3,0,-2,1,1,-1,-1,4,-1
KR_6748495246,420,1,7,0,7,-2,3,1,-3,5,2,-2,2,0,9,2,11,5,1,6,-1,8,-14,-6,0,6,6,0,0,1,-1,0,-1,5,-1
KR_6738891378,420,2,24,-2,3,2,2,4,3,1,4,-8,10,2,5,0,5,1,0,1,-2,-4,9,-1,-4,5,-4,0,0,1,-1,1,-1,2,-1
KR_6712986428,420,-4,-106,-12,-8,-2,2,0,5,2,7,-7,9,2,-2,4,2,-2,3,1,-1,-4,-10,-1,-5,6,-1,0,-3,-1,-1,-1,-1,4,-1
KR_6756557712,420,0,-33,-15,0,3,0,3,-3,4,1,-4,7,3,1,4,5,3,0,3,-1,-4,5,2,-4,2,-1,0,0,-1,0,0,1,3,-1
KR_6716017784,420,-2,0,-3,-9,5,0,5,-6,7,1,1,2,3,-6,8,2,-3,4,1,-2,-13,35,-2,-2,4,-14,0,-1,-1,1,1,1,6,-1
KR_6759840769,420,-4,-42,0,-13,-1,1,0,1,2,3,-3,8,5,-1,1,0,-9,9,0,-1,-15,-7,-2,-2,4,-5,0,-1,1,-1,-1,-1,2,-1
KR_6761112317,440,0,-60,-33,-2,-7,9,2,0,2,2,3,0,3,4,1,5,-2,3,1,0,4,30,-3,-3,6,-19,0,0,-1,-1,0,-1,2,-1
KR_6678453209,420,3,15,7,3,3,2,5,-1,6,5,4,1,5,-3,3,0,0,1,1,0,-2,30,7,-8,1,-4,0,1,0,1,1,-1,0,-1
KR_6749538831,420,-4,-99,-10,-9,-1,2,1,-4,4,0,-2,2,0,0,4,4,-2,2,0,0,-9,-2,-2,-3,5,-3,0,-1,-1,-1,-1,-1,1,-1
KR_6644277368,420,2,-17,12,2,-2,2,0,4,2,6,-1,3,2,0,3,3,1,0,1,-1,0,54,2,-4,2,1,0,-1,1,-1,-1,-1,4,-1
KR_6763023585,420,-5,-73,-10,-11,-4,4,0,-1,2,1,-8,8,0,1,0,1,1,0,1,0,-3,-4,-1,0,1,1,0,0,1,0,0,1,3,-1
KR_6722362220,420,-1,76,-3,1,7,1,8,-6,8,2,0,0,0,0,2,2,0,0,0,0,-3,-4,-2,-4,6,2,0,1,1,1,1,1,3,-1
KR_6723576304,420,3,10,68,4,-1,2,1,5,0,5,2,1,3,1,2,3,-3,3,0,0,-2,-5,-1,-2,3,0,0,0,-1,-1,-1,-1,1,-1
KR_6756163591,420,-2,-89,4,0,2,0,2,-1,2,1,-1,2,1,-3,5,2,3,1,4,0,-1,-2,-5,-2,7,-2,0,0,-1,-1,-1,-1,1,-1
KR_6755251927,420,-6,-26,-4,-16,1,1,2,0,1,1,-2,3,1,-7,10,3,-8,8,0,-1,-20,-10,-3,-1,4,-1,0,-1,-1,-1,-1,-1,1,-1
KR_6760005356,420,1,38,16,5,5,2,7,1,3,4,0,0,0,-5,7,2,4,0,4,0,10,-7,-5,-4,9,2,0,1,1,1,1,1,4,-1
KR_6710127766,420,-7,-101,-52,-16,0,0,0,-6,6,0,-4,5,1,-3,5,2,-3,5,2,0,-9,-3,-4,0,4,-2,0,0,-1,-1,-1,-1,1,-1
KR_6602486930,420,0,-23,13,1,0,2,2,-1,3,2,-1,5,4,4,1,5,-1,2,1,0,2,-114,2,-4,2,1,0,-2,1,0,-1,1,5,-1
KR_6685447555,440,2,14,-2,5,0,2,2,2,0,2,4,0,4,-1,1,0,0,0,0,0,0,3,1,-5,4,1,0,0,-1,-1,0,1,2,-1
KR_6757347927,420,-2,-57,-16,-3,-2,3,1,-5,6,1,-1,1,0,3,1,4,2,0,2,-1,-1,-26,-7,-1,8,1,0,-2,1,-1,-1,-1,5,-1
KR_6747816408,420,0,55,-24,4,-1,1,0,-3,5,2,3,2,5,3,3,6,2,0,2,0,2,-14,-1,-6,7,0,0,0,-1,-1,0,-1,2,-1
KR_6650756057,420,0,5,0,-4,1,0,1,-2,3,1,-1,3,2,-2,8,6,0,1,1,0,1,-37,-2,-4,6,21,0,0,1,1,0,1,2,-1
KR_6731940952,420,0,-67,-12,-7,-1,1,0,-5,7,2,4,1,5,-4,5,1,-1,2,1,-1,-4,1,1,-5,4,-3,0,-2,-1,-1,-1,-1,6,-1
KR_6725729564,420,-2,-80,-20,-2,-3,4,1,5,1,6,-2,3,1,2,0,2,-4,4,0,0,0,-8,0,-3,3,0,0,-1,1,1,-1,1,3,-1
KR_6643218637,440,-4,-60,-26,-12,-1,2,1,2,0,2,-4,9,5,-8,13,5,-1,2,1,0,-16,-1,0,-1,1,0,0,0,1,1,-1,-1,1,-1
KR_6755025416,420,-3,-67,4,-7,2,0,2,4,2,6,-9,11,2,-4,6,2,0,1,1,-1,-4,13,7,-8,1,-3,0,-2,1,-1,1,-1,5,-1
KR_6724798778,420,-1,25,1,-1,-2,2,0,2,4,6,-3,4,1,1,1,2,1,0,1,1,3,-3,3,-5,2,3,0,-1,1,0,-1,1,2,-1
KR_6728130096,420,-1,-67,-17,-4,-1,2,1,0,1,1,-3,4,1,-1,1,0,1,1,2,0,3,-3,-1,-2,3,-5,0,-1,-1,1,-1,-1,5,-1
KR_6636817092,420,-1,-26,-7,-3,0,2,2,1,3,4,1,2,3,-5,6,1,0,2,2,0,4,-5,0,-2,2,-4,0,-1,-1,1,-1,1,2,-1
KR_6762149910,420,-5,-48,-10,-6,0,2,2,-2,4,2,5,1,6,-8,8,0,-1,1,0,0,-11,4,-2,-2,4,1,0,-1,-1,0,-1,1,1,-1
KR_6756505230,420,-6,-64,-20,-9,-2,3,1,-2,3,1,1,2,3,-4,4,0,-2,2,0,0,-10,-4,0,-4,4,-3,0,-2,0,-1,-1,-1,0,-1
KR_6723108052,440,-5,-65,0,-7,-5,5,0,3,0,3,-8,8,0,3,1,4,0,2,2,0,1,8,5,-7,2,-1,0,-1,-1,-1,-1,-1,3,-1
KR_6678149100,420,0,22,-4,1,1,0,1,1,0,1,2,1,3,1,1,2,-4,4,0,0,2,-2,-2,-3,5,0,0,-1,-1,0,-1,1,2,-1
KR_6758601446,420,-3,33,-60,5,0,3,3,-3,3,0,-1,3,2,10,1,11,-1,2,1,-1,6,0,1,-1,0,0,0,-1,0,-1,-1,-1,0,-1
KR_6629781342,420,-2,43,-50,-6,0,2,2,-3,8,5,3,1,4,-1,2,1,-5,5,0,0,-7,309,0,-3,3,2,0,2,-1,1,1,-1,5,-1
KR_6756328636,420,2,20,0,6,0,2,2,1,2,3,2,4,6,2,6,8,1,0,1,-1,7,14,0,-4,4,2,0,0,1,-1,1,-1,3,-1
KR_6764165109,420,-4,-72,-29,-8,2,1,3,2,2,4,-7,8,1,-2,4,2,-3,3,0,0,-6,-16,1,-5,4,-1,0,-1,0,-1,-1,-1,0,-1
KR_6749557332,420,-2,-25,-16,3,-2,3,1,0,3,3,-2,2,0,6,4,10,1,0,1,1,10,-14,3,-5,2,-2,0,0,-1,-1,0,1,4,-1
KR_6761489202,420,0,31,-11,1,3,0,3,-2,3,1,-1,2,1,2,0,2,-1,2,1,2,5,-4,2,-4,2,1,0,0,0,0,1,1,0,-1
KR_6737809508,420,0,23,-16,1,1,1,2,-5,7,2,7,2,9,-1,2,1,-1,2,1,0,-2,-6,-1,-1,2,1,0,1,0,-1,1,1,0,-1
KR_6741012317,420,-1,-24,56,-4,-2,3,1,-1,1,0,-8,8,0,3,1,4,4,0,4,1,-1,0,-1,-1,2,2,0,-1,-1,-1,-1,1,6,-1
KR_6722008685,420,-6,-12,6,-15,0,3,3,-4,4,0,-1,2,1,-7,8,1,-3,3,0,0,-7,-8,1,-3,2,-2,0,-2,-1,1,-1,-1,5,-1
KR_6762015853,420,-4,-15,-32,-10,-2,3,1,-5,6,1,-2,2,0,-1,4,3,0,1,1,0,-5,-4,-1,-3,4,2,0,0,-1,-1,-1,1,3,-1
KR_6762038252,420,-2,16,8,-13,-2,5,3,-4,5,1,-4,5,1,-4,4,0,1,0,1,0,-11,-159,0,-1,1,0,0,0,-1,-1,-1,-1,4,-1
KR_6764252309,420,-7,-55,-21,-21,-2,2,0,-9,10,1,2,1,3,-7,7,0,-5,5,0,0,-17,-6,-6,0,6,1,0,-2,-1,-1,-1,-1,5,-1
KR_6656474458,420,-8,-105,-20,-20,-4,4,0,-7,7,0,-11,11,0,-1,4,3,3,1,4,0,-13,-44,-2,-3,5,-2,0,-3,1,1,-1,-1,3,-1
KR_6761099969,440,-2,38,-14,-1,-2,3,1,-1,5,4,5,1,6,-2,2,0,-1,2,1,0,2,9,-1,-1,2,0,0,0,-1,-1,0,-1,2,-1
KR_6657360768,420,4,51,-12,3,1,2,3,1,1,2,3,2,5,-2,3,1,0,1,1,0,4,-5,-2,0,2,-1,0,1,1,1,1,-1,2,-1
KR_6742164972,440,-2,-39,-6,-5,1,0,1,4,1,5,-6,6,0,0,1,1,-4,4,0,-1,-8,-2,-2,-3,5,0,0,0,-1,1,0,-1,6,-1
KR_6062900075,420,-2,-11,-12,-6,-2,4,2,-1,6,5,-1,2,1,-3,3,0,1,0,1,0,0,1,2,-4,2,0,0,-1,-1,1,-1,1,5,-1
KR_6741692850,420,0,-51,-16,1,-2,3,1,-1,1,0,1,1,2,1,1,2,2,1,3,0,1,6,0,-5,5,-3,0,-1,-1,-1,-1,-1,2,-1
KR_6743412740,420,-1,0,-24,7,-1,5,4,4,0,4,1,2,3,2,0,2,1,0,1,0,14,-9,0,-1,1,2,0,-1,-1,-1,-1,-1,4,-1
KR_6758638906,420,-1,35,4,-2,2,3,5,-1,4,3,1,0,1,2,0,2,-6,11,5,0,-13,3,1,-6,5,2,0,0,1,0,1,1,6,-1
KR_6689897412,420,-2,-16,-23,-3,-3,3,0,-1,1,0,1,3,4,-1,2,1,1,1,2,0,2,-249,-5,-4,9,3,0,-3,1,-1,-1,-1,1,-1
KR_6696693068,420,-4,-74,-14,-14,-9,11,2,0,2,2,-2,5,3,-1,5,4,-2,2,0,0,-10,-19,-4,-1,5,1,0,-3,-1,-1,-1,-1,3,-1
KR_6725410372,420,-3,-65,-8,-7,0,2,2,-2,2,0,-1,4,3,-3,4,1,-1,1,0,-1,-6,-8,-1,-1,2,-1,0,0,-1,-1,-1,-1,3,-1
KR_6647861414,440,3,64,16,1,5,1,6,-4,4,0,2,1,3,-1,2,1,-1,1,0,0,-4,-5,-4,-1,5,0,0,0,-1,0,1,-1,4,-1
KR_6762965617,420,-1,-8,8,-1,-4,4,0,-1,1,0,-2,2,0,3,2,5,3,0,3,0,0,0,0,-1,1,1,0,0,1,1,0,1,4,-1
KR_6672767873,420,-3,3,-24,-9,-5,5,0,-4,4,0,1,2,3,-2,2,0,1,0,1,0,-14,-36,1,-2,1,-1,0,0,-1,-1,0,1,4,-1
KR_6730309715,440,0,13,-2,4,3,1,4,-1,4,3,-2,3,1,4,1,5,0,0,0,0,-3,-7,-2,-3,5,1,0,1,1,0,1,-1,6,-1
KR_6757184500,420,-4,-24,-12,-5,-1,3,2,1,1,2,-2,4,2,-5,5,0,2,1,3,0,-6,4,3,-7,4,-2,0,-1,1,1,-1,-1,6,-1
KR_6690936089,420,-7,-67,-12,-7,-5,6,1,-2,2,0,0,2,2,2,3,5,-2,2,0,0,-6,-44,3,-5,2,20,0,-1,1,-1,-1,-1,4,-1
KR_6748701265,420,3,50,1,5,-1,2,1,0,1,1,4,0,4,0,2,2,2,0,2,0,4,-123,-1,-5,6,4,0,1,1,-1,1,1,4,-1
KR_6657324674,420,0,26,-3,0,3,1,4,1,3,4,-1,5,4,-3,3,0,0,0,0,0,-5,-16,-2,-2,4,0,0,0,-1,-1,0,-1,2,-1
KR_6758812902,420,-2,1,32,-2,-2,3,1,-1,1,0,0,1,1,-1,3,2,2,0,2,1,-2,164,-3,-1,4,2,0,0,-1,1,0,1,4,-1
KR_6763623980,420,-2,-83,4,-1,-2,3,1,2,1,3,0,1,1,1,0,1,-2,2,0,0,-2,-27,-1,-1,2,7,0,0,-1,-1,-1,-1,4,-1
KR_6671438285,440,4,58,20,4,-3,3,0,3,2,5,6,0,6,-1,3,2,-1,1,0,0,0,0,-1,-1,2,0,0,-1,1,-1,-1,-1,4,-1
KR_6729323453,440,2,42,28,0,2,1,3,-1,1,0,0,4,4,-2,4,2,1,2,3,-2,-5,10,-2,-3,5,1,0,0,1,1,-1,-1,4,-1
KR_6735720918,420,1,-6,-8,3,4,0,4,1,2,3,1,3,4,-3,4,1,0,1,1,0,1,-30,0,-2,2,2,0,1,-1,-1,1,1,3,-1
KR_6611412748,420,-5,-103,11,-9,-2,5,3,-2,4,2,-3,8,5,1,3,4,-3,3,0,0,-5,38,-3,-2,5,-16,0,-2,0,0,-1,1,0,-1
KR_6721884167,440,-2,-50,-24,-10,0,1,1,-2,4,2,-9,11,2,3,0,3,-2,3,1,0,-13,9,1,-3,2,1,0,-2,1,-1,-1,1,2,-1
KR_6740917343,420,-5,-128,-8,-16,-3,4,1,-2,5,3,-4,5,1,-5,5,0,-2,3,1,-4,-18,5,-1,-2,3,-1,0,-1,-1,-1,-1,-1,4,-1
KR_6665043206,420,-2,-83,-19,-7,0,0,0,-2,3,1,-4,4,0,-2,4,2,1,0,1,0,-8,2,0,-2,2,-1,0,0,-1,1,0,1,3,-1
KR_6752571441,420,-5,-154,16,-10,-4,6,2,-1,3,2,-1,3,2,-3,4,1,-1,1,0,0,-8,-2,0,-2,2,-1,0,-1,0,1,-1,-1,0,-1
KR_6752076307,420,1,28,-4,2,-1,3,2,1,2,3,0,2,2,-1,4,3,3,1,4,0,3,-1,1,-2,1,-3,0,0,-1,-1,0,1,3,-1
KR_6731083366,420,-4,-54,-40,-19,-2,3,1,-4,6,2,1,2,3,-13,13,0,-1,1,0,0,-11,7,5,-6,1,0,0,-2,1,-1,-1,-1,5,-1
KR_6619750021,420,0,82,-31,-1,0,0,0,-1,1,0,0,3,3,1,0,1,-1,2,1,0,1,3,2,-3,1,0,0,1,-1,0,1,-1,2,-1
KR_6676241488,420,-2,-10,-14,-6,-1,3,2,-2,3,1,0,2,2,0,4,4,-3,3,0,0,-8,10,3,-5,2,0,0,0,-1,-1,0,-1,2,-1
KR_6706169988,420,-3,-46,16,-3,-4,5,1,2,4,6,1,1,2,-1,2,1,-1,1,0,0,-4,14,-1,-3,4,-4,-1,-3,1,-1,-1,1,5,-1
KR_6754484451,440,-2,-37,-4,-6,1,3,4,0,4,4,-4,6,2,-5,9,4,2,0,2,-1,-14,-1,-1,-3,4,2,0,-2,1,0,-1,-1,5,-1
KR_6688222551,420,-6,-62,-24,-8,2,0,2,-7,8,1,-1,2,1,-3,4,1,1,1,2,0,-5,-5,-3,-1,4,-3,0,0,-1,-1,-1,-1,4,-1
KR_6738424063,420,-3,-45,-12,-7,0,4,4,-5,6,1,-1,6,5,2,2,4,-3,3,0,1,-6,-1,2,-4,2,1,0,0,-1,1,-1,1,5,-1
KR_6718259334,420,-7,-99,-20,-16,-2,4,2,-6,6,0,0,2,2,-2,2,0,-6,6,0,0,-9,2,-1,-5,6,-1,0,-1,-1,-1,-1,-1,6,-1
KR_6736240525,420,0,-63,3,-1,5,0,5,-10,13,3,0,2,2,4,1,5,0,3,3,1,-1,-2,-2,-2,4,3,0,-1,-1,-1,-1,1,6,-1
KR_6704501978,440,-1,-16,17,2,-4,5,1,2,1,3,5,1,6,0,0,0,-1,2,1,1,6,1,-1,-1,2,2,0,-2,1,-1,-1,1,1,-1
KR_6729468593,420,0,-24,-20,-6,-2,3,1,3,2,5,-2,4,2,-4,4,0,-1,1,0,0,-9,-3,2,-4,2,-3,0,1,1,-1,1,1,5,-1
KR_6754175476,420,-4,-62,24,-2,0,3,3,0,0,0,0,2,2,1,0,1,-3,3,0,0,-8,-5,-2,-2,4,-1,0,-1,-1,1,-1,1,5,-1
KR_6655653004,420,-5,-98,-45,0,-4,7,3,-5,6,1,12,0,12,-1,1,0,-2,2,0,-1,8,-117,-3,-1,4,0,0,-4,1,-1,-1,-1,5,-1
KR_6760035430,420,2,-20,12,6,1,2,3,3,0,3,2,4,6,0,1,1,0,1,1,0,3,6,2,-5,3,-2,0,0,1,1,0,1,1,-1
KR_6658980772,420,-2,-45,-20,-7,2,1,3,2,1,3,-8,8,0,-2,3,1,-1,1,0,0,-8,283,-2,-1,3,-1,0,-1,1,-1,-1,1,6,-1
KR_6727973878,440,1,18,31,6,0,4,4,-2,2,0,9,0,9,3,2,5,-4,4,0,0,1,0,1,-3,2,-5,0,0,0,-1,1,1,0,-1
KR_6650128632,420,1,4,43,2,0,1,1,0,1,1,6,2,8,-5,5,0,1,0,1,0,5,10,-3,-2,5,-4,0,-1,1,1,-1,1,2,-1
KR_6748096417,420,-4,-75,40,-5,-5,5,0,0,1,1,1,1,2,-1,2,1,0,0,0,0,-4,-1,1,-6,5,3,0,-1,-1,1,-1,1,4,-1
KR_6632782445,420,0,-122,-4,-3,-2,4,2,0,3,3,1,2,3,-1,3,2,-1,1,0,0,-3,-2,-4,-1,5,2,0,-1,-1,-1,-1,-1,5,-1
KR_6763774369,420,-3,1,-1,-15,1,1,2,-5,6,1,-3,4,1,-6,6,0,-2,2,0,-1,-13,3,-4,0,4,-1,0,0,-1,1,1,-1,3,-1
KR_6681960551,440,-3,-10,8,-7,-1,2,1,-3,3,0,-4,4,0,0,2,2,1,1,2,0,-6,2,-3,0,3,3,0,0,-1,-1,-1,1,5,-1
KR_6713842994,420,-8,-38,-24,-21,4,1,5,-1,3,2,-11,11,0,-11,11,0,-2,3,1,-1,-20,0,3,-8,5,-5,0,-2,-1,-1,-1,-1,2,-1
KR_6747634596,420,1,53,-30,0,-1,3,2,0,2,2,1,2,3,-1,2,1,1,1,2,-1,-7,24,1,-4,3,-3,0,1,-1,1,1,-1,5,-1
KR_6656400643,420,1,22,58,2,1,1,2,0,2,2,0,1,1,1,0,1,0,1,1,0,-1,-6,-4,-2,6,1,0,0,1,-1,-1,-1,4,-1
KR_6753450126,420,-2,-64,-24,-4,5,0,5,-2,6,4,-2,5,3,-2,4,2,-3,3,0,0,-3,40,-4,-2,6,-15,0,-1,-1,1,-1,-1,6,-1
KR_6671756885,420,-6,-114,-8,-10,-2,2,0,0,4,4,-4,5,1,-3,4,1,-1,1,0,0,-5,91,3,-6,3,23,0,-2,-1,1,-1,-1,6,-1
KR_6718729759,420,-7,-91,-32,-11,-2,2,0,-5,5,0,-3,3,0,-2,3,1,1,1,2,0,-9,-51,-4,-2,6,6,0,-1,-1,1,-1,-1,5,-1
KR_6727929961,420,0,6,0,-3,3,2,5,4,0,4,-2,5,3,-8,9,1,0,1,1,1,-6,-4,-1,0,1,0,0,2,-1,-1,1,1,1,-1
KR_6700208705,420,2,4,12,4,3,0,3,4,0,4,0,2,2,-2,2,0,-1,2,1,0,3,-3,-2,0,2,-2,0,0,1,1,-1,1,2,-1
KR_6732282408,420,0,99,-2,-2,-5,6,1,1,0,1,2,2,4,1,2,3,-1,2,1,1,-16,37,-1,-2,3,-43,0,0,-1,1,1,1,1,-1
KR_6759303865,420,-1,-43,0,1,-3,5,2,-1,2,1,2,4,6,3,0,3,0,0,0,0,-1,12,-3,-3,6,1,0,-1,0,-1,-1,-1,0,-1
KR_6755061312,420,-4,-149,2,-17,-3,3,0,-6,6,0,-3,4,1,-5,6,1,0,2,2,-2,-18,-3,-2,-3,5,1,0,-2,-1,-1,-1,-1,3,-1
KR_6690847664,420,-1,1,-19,-5,-3,3,0,2,4,6,1,3,4,-2,2,0,-3,5,2,-1,-8,-127,-4,0,4,-2,0,-2,-1,1,-1,-1,6,-1
KR_6609850374,420,-1,-30,-8,-4,2,0,2,-1,4,3,0,5,5,-3,3,0,-2,3,1,-2,-10,10,2,-2,0,-11,0,-2,-1,-1,-1,-1,2,-1
KR_6754104996,420,-6,-65,-94,-5,-5,5,0,-1,3,2,-1,1,0,3,1,4,-1,1,0,0,-9,-16,-3,0,3,-1,0,-3,0,-1,-1,-1,0,-1
KR_6737538456,420,-4,-6,-19,-14,-3,3,0,-6,8,2,-5,5,0,-1,3,2,1,2,3,-1,-14,1,2,-4,2,-1,0,-2,1,-1,-1,-1,3,-1
KR_6759511679,420,0,-45,16,-6,-1,3,2,0,4,4,0,4,4,-2,5,3,-3,3,0,0,-15,5,4,-5,1,-4,0,0,0,1,0,1,0,-1
KR_6761555447,440,3,-5,40,3,0,1,1,0,2,2,0,1,1,4,0,4,-1,1,0,0,2,-6,-3,-1,4,1,0,0,0,0,0,1,0,-1
KR_6727204118,420,-1,-2,21,-1,4,2,6,-3,3,0,5,0,5,-3,3,0,-4,6,2,0,-5,-4,-1,0,1,0,0,0,0,-1,1,-1,0,-1
KR_6761040759,420,-2,26,-44,0,5,0,5,-3,7,4,-5,5,0,3,0,3,0,1,1,0,7,4,7,-8,1,0,0,-1,-1,-1,-1,-1,6,-1
KR_6739445743,420,-1,-32,28,-10,0,1,1,-1,3,2,-2,5,3,-6,6,0,-1,1,0,0,-14,-6,-2,-2,4,2,0,-1,0,0,-1,-1,0,-1
KR_6619515241,420,0,-16,-16,-5,-3,4,1,-2,3,1,1,3,4,-1,5,4,0,1,1,0,-8,10,0,-3,3,0,0,-2,-1,1,-1,-1,6,-1
KR_6735550507,420,-1,22,-12,3,-1,1,0,3,0,3,-3,4,1,0,1,1,4,0,4,0,5,29,0,-3,3,-16,0,1,-1,1,1,1,3,-1
KR_6695684780,420,-2,-50,0,-5,-1,1,0,-4,5,1,1,2,3,0,3,3,-1,3,2,0,-3,7,2,-2,0,-2,0,0,0,0,1,-1,0,-1
KR_6760643245,440,0,-37,31,3,3,0,3,2,1,3,-2,3,1,-6,7,1,6,0,6,0,1,11,1,-3,2,1,0,0,-1,-1,0,1,3,-1
KR_6717691331,420,-1,-19,16,-5,-5,5,0,-2,3,1,4,1,5,-1,3,2,-1,1,0,0,-6,-3,1,-3,2,0,0,0,-1,-1,0,-1,4,-1
KR_6705696160,420,4,-33,24,1,3,1,4,0,2,2,-6,7,1,-2,4,2,6,0,6,1,-3,0,3,-3,0,0,0,0,0,0,0,1,0,-1
KR_6689042155,420,0,40,-33,-4,1,1,2,-2,3,1,-5,5,0,1,1,2,1,0,1,0,-5,-229,-2,-2,4,-3,0,0,-1,-1,0,-1,3,-1
KR_6724938931,440,-2,-6,-47,-6,2,0,2,7,1,8,-3,4,1,-11,13,2,-1,1,0,-1,-4,10,1,-6,5,-8,0,0,-1,1,-1,-1,2,-1
KR_6759405073,420,0,-34,4,-4,-4,4,0,0,2,2,-2,2,0,0,3,3,2,0,2,0,-1,19,3,-4,1,-1,0,0,1,1,0,-1,1,-1
KR_6737605896,420,-2,-26,-6,-5,-4,4,0,0,3,3,2,4,6,0,1,1,-3,4,1,0,-9,-11,5,-7,2,-2,0,-1,-1,1,-1,1,1,-1
KR_6630667656,420,-2,-22,20,-6,-1,1,0,-1,3,2,0,4,4,0,3,3,-4,4,0,0,-1,-47,-2,-2,4,1,0,-1,1,-1,-1,1,2,-1
KR_6752507224,420,-1,13,-2,-3,0,0,0,-3,3,0,0,2,2,2,4,6,-2,4,2,-1,-4,37,-1,-3,4,-33,0,2,-1,1,1,-1,2,-1
KR_6758735627,420,-1,19,-2,-5,0,1,1,0,2,2,0,3,3,-2,2,0,-3,4,1,0,0,0,-3,0,3,-3,0,0,1,0,1,-1,6,-1
KR_6764474093,420,-6,-73,-9,-5,2,0,2,-4,6,2,-2,4,2,-1,2,1,0,1,1,0,-4,8,2,-6,4,-3,0,-2,-1,-1,-1,1,6,-1
KR_6759942600,420,-4,-62,4,-6,-3,4,1,0,2,2,-7,7,0,3,1,4,1,1,2,0,5,18,4,-5,1,-2,0,-1,-1,-1,-1,1,1,-1
KR_6747065336,420,-3,-76,-7,-4,1,2,3,-5,5,0,4,0,4,-2,2,0,-2,2,0,0,-1,-10,-1,-1,2,1,0,0,0,-1,0,1,0,-1
KR_6742152753,420,-4,-73,4,-3,0,0,0,4,0,4,-3,4,1,-5,6,1,1,1,2,0,-7,-18,-6,-2,8,14,0,0,-1,1,0,1,4,-1
KR_6652083130,420,1,29,-7,-1,0,3,3,0,1,1,-1,1,0,-1,2,1,1,1,2,0,0,-6,-2,-2,4,0,0,0,1,0,0,-1,1,-1
KR_6651658460,420,1,-32,-9,6,-3,4,1,2,1,3,2,1,3,3,0,3,2,0,2,2,8,-1,1,-4,3,1,0,-1,1,-1,-1,1,5,-1
KR_6736216517,420,-7,-10,-13,-15,-1,2,1,-6,7,1,1,2,3,-6,7,1,-3,3,0,0,-14,-245,-3,0,3,-4,0,-1,-1,0,-1,-1,1,-1
KR_6688426518,420,-2,-26,-12,-7,3,1,4,-4,5,1,-5,5,0,-1,1,0,0,2,2,0,-6,-43,1,-5,4,22,0,0,-1,-1,0,-1,2,-1
KR_6612947913,420,1,0,-20,-2,1,2,3,2,0,2,-5,6,1,-1,1,0,1,0,1,0,-2,3,2,-6,4,-4,0,-2,-1,-1,-1,-1,4,-1
KR_6740744669,420,-5,-50,-12,-11,-4,4,0,2,2,4,0,1,1,-8,9,1,-1,2,1,0,-6,-40,-4,-1,5,17,0,-1,-1,1,-1,-1,3,-1
KR_6718297713,440,-4,-14,0,-3,1,1,2,4,0,4,-3,6,3,-6,6,0,1,0,1,0,-5,-51,0,-4,4,23,0,2,-1,1,-1,-1,6,-1
KR_6705365650,440,-5,-146,-16,-23,-2,3,1,-6,7,1,-2,2,0,-2,3,1,-11,12,1,-2,-16,0,0,-1,1,0,0,-1,0,0,-1,-1,0,-1
KR_6665485438,420,0,-12,8,-4,3,0,3,2,1,3,-5,6,1,-4,5,1,0,1,1,0,-7,0,-2,-4,6,-3,0,-1,1,-1,-1,1,1,-1
KR_6745708953,420,0,-21,10,-4,-3,5,2,-2,4,2,5,0,5,-1,1,0,-3,3,0,-1,-3,147,-2,-2,4,-3,0,0,-1,1,-1,-1,4,-1
KR_6752075437,420,-3,-23,21,-13,-1,4,3,1,1,2,-2,3,1,-7,7,0,-4,4,0,0,-12,-259,1,-1,0,1,0,-2,1,-1,-1,1,3,-1
KR_6354543311,440,2,34,-4,6,1,1,2,4,0,4,0,4,4,0,3,3,1,0,1,0,5,0,0,0,0,-1,0,0,1,0,0,-1,1,-1
KR_6652265688,420,1,-31,4,1,0,2,2,-2,3,1,0,4,4,-1,2,1,4,0,4,0,-6,-1,1,-1,0,1,0,0,-1,-1,0,-1,5,-1
KR_6675758712,440,-3,-84,-28,-8,-2,4,2,-6,7,1,0,2,2,0,2,2,0,2,2,0,-9,-36,-1,-2,3,23,0,-2,-1,0,-1,-1,2,-1
KR_6727930057,420,0,-49,16,-5,0,0,0,-1,4,3,-1,2,1,0,1,1,-3,3,0,0,-7,25,1,-6,5,-32,0,-1,1,-1,-1,-1,3,-1
KR_6746415110,420,-1,66,-36,0,1,1,2,-2,5,3,1,1,2,2,3,5,-2,5,3,-1,0,-4,-2,-2,4,5,0,0,1,-1,0,-1,5,-1
KR_6639635231,440,-2,31,-2,-11,5,0,5,-5,6,1,1,0,1,-9,11,2,-3,3,0,0,-15,3,-3,-2,5,0,0,0,-1,-1,-1,-1,3,-1
KR_6693073230,420,-3,-99,-10,4,-3,4,1,-3,5,2,2,0,2,5,0,5,3,1,4,0,11,-43,-4,-1,5,17,0,-1,-1,1,-1,-1,6,-1
KR_6639654889,440,1,-6,18,6,4,0,4,3,1,4,1,4,5,-1,4,3,-1,1,0,0,0,2,0,-1,1,1,0,0,-1,0,0,1,3,-1
KR_6758707319,420,-6,-29,-63,-11,0,0,0,-1,1,0,-7,8,1,-4,4,0,1,0,1,0,-8,5,-2,0,2,-4,0,-1,-1,-1,-1,-1,2,-1
KR_6761345831,420,-7,-83,-4,-19,-6,6,0,-2,4,2,-5,6,1,-5,5,0,-1,2,1,0,-17,-11,-2,0,2,0,0,0,-1,-1,-1,-1,2,-1
KR_6758448765,440,-7,-45,12,-17,-5,6,1,0,1,1,-10,10,0,-3,3,0,1,0,1,-1,-4,2,0,-3,3,-1,0,-2,0,-1,-1,-1,0,-1
KR_6753142463,420,-1,-13,64,-5,-2,3,1,0,1,1,-1,1,0,-2,4,2,0,2,2,1,-6,7,2,-4,2,-1,0,1,0,1,1,1,0,-1
KR_6714238483,420,-2,18,-20,-7,2,1,3,-1,2,1,-3,3,0,-3,3,0,-2,2,0,0,-7,-9,1,-6,5,1,0,0,-1,-1,1,-1,6,-1
KR_6762011246,420,-1,-81,-5,6,-3,4,1,2,3,5,2,0,2,5,2,7,0,1,1,0,2,-14,-2,-1,3,0,0,-1,-1,1,1,1,3,-1
KR_6630588444,420,0,51,0,-6,1,0,1,1,1,2,-7,8,1,-1,3,2,0,1,1,-2,-4,300,-2,-2,4,1,0,1,-1,1,1,-1,2,-1
KR_6761042275,420,-5,-38,-8,-8,-2,3,1,1,3,4,-11,13,2,2,0,2,2,1,3,0,-2,30,-3,0,3,-14,0,-1,-1,1,-1,-1,6,-1
KR_6651336450,420,0,-22,8,-2,0,0,0,8,3,11,-2,2,0,-4,5,1,-4,4,0,0,-9,3,4,-4,0,-3,0,-2,-1,-1,-1,-1,3,-1
KR_6606840940,420,1,-22,1,-6,-4,4,0,3,1,4,-2,3,1,-4,5,1,1,0,1,0,-2,-12,-1,-1,2,-1,0,-1,1,-1,-1,1,1,-1
KR_6740283457,420,-3,-43,4,-9,-1,1,0,0,3,3,-9,9,0,1,2,3,0,1,1,0,-8,222,1,-5,4,0,0,0,-1,1,0,-1,4,-1
KR_6715170712,420,-3,-15,4,-6,0,1,1,3,2,5,-1,2,1,-7,8,1,-1,2,1,1,-5,-95,4,-4,0,1,0,-1,1,-1,-1,1,6,-1
KR_6759566375,420,1,100,2,3,0,2,2,1,2,3,1,2,3,1,2,3,0,1,1,0,1,-2,-3,-2,5,3,0,0,1,-1,0,1,5,-1
KR_6646046725,420,-4,-105,-12,-8,0,1,1,-5,5,0,-1,4,3,-3,8,5,1,3,4,-1,-7,6,-3,-1,4,2,0,-2,-1,0,-1,-1,3,-1
KR_6736347531,420,-5,-19,-16,-11,3,0,3,-5,6,1,-3,4,1,-3,4,1,-3,3,0,0,-8,12,0,-2,2,-1,0,-1,0,0,-1,-1,0,-1
KR_6706261682,420,-5,-43,2,-19,-2,2,0,-3,6,3,-4,4,0,-9,9,0,-1,4,3,-2,-12,-14,0,0,0,0,0,-1,-1,-1,-1,-1,1,-1
KR_6680498967,420,-2,-2,-32,-6,2,1,3,4,1,5,-1,2,1,-11,11,0,0,1,1,0,0,-5,-2,-2,4,0,0,-1,-1,-1,-1,-1,6,-1
KR_6735552148,420,-3,-28,8,-3,-1,2,1,1,2,3,1,1,2,-4,4,0,0,2,2,0,-2,2,4,-5,1,-1,0,0,-1,1,1,1,5,-1
KR_6557798582,440,-2,45,-6,-9,2,1,3,-4,6,2,2,3,5,-5,7,2,-4,4,0,0,-12,0,-3,-4,7,-2,0,1,-1,1,-1,1,1,-1
KR_6704185206,420,-1,-9,4,-13,-5,5,0,-3,3,0,-1,1,0,-1,4,3,-3,3,0,-1,-12,-3,3,-4,1,1,0,0,-1,-1,0,-1,6,-1
KR_6761583062,440,-2,-50,-8,-8,-2,3,1,-4,4,0,1,1,2,3,1,4,-6,6,0,0,-5,-23,0,-2,2,3,0,0,-1,0,0,1,6,-1
KR_6688612526,420,0,5,-8,1,-5,5,0,3,3,6,7,2,9,-1,2,1,-3,4,1,0,0,0,2,-4,2,0,0,-1,1,1,-1,-1,3,-1
KR_6731210527,420,-1,-45,24,-7,-6,8,2,-1,1,0,-2,2,0,3,2,5,-1,1,0,0,-2,-1,-5,-1,6,-2,0,0,0,-1,-1,1,0,-1
KR_6756798921,420,0,4,-24,-3,5,2,7,-3,5,2,-3,3,0,-1,1,0,-1,2,1,1,-3,206,1,-6,5,-3,0,1,-1,1,1,1,1,-1
KR_6748349314,420,-4,-90,24,-10,-2,2,0,-2,2,0,0,3,3,-2,4,2,-4,4,0,0,-10,-9,-3,0,3,0,0,-1,0,0,-1,-1,0,-1
KR_6660451904,420,-2,-20,-16,-5,1,1,2,2,2,4,-1,2,1,-6,7,1,-1,2,1,0,-5,24,-2,-1,3,-1,0,0,-1,1,0,-1,3,-1
KR_6738388381,420,-3,-44,-16,-4,1,1,2,-5,5,0,0,2,2,0,1,1,0,0,0,0,-5,29,-2,0,2,-13,0,-1,-1,1,-1,-1,1,-1
KR_6760742546,420,-1,-11,-22,-6,-4,5,1,-3,4,1,2,2,4,-1,1,0,0,2,2,1,-8,-27,-6,-1,7,1,0,-1,-1,-1,-1,1,1,-1
KR_6758487462,420,-3,-47,24,-10,-3,5,2,-3,8,5,-2,4,2,-2,4,2,0,3,3,0,-11,14,-3,-3,6,-7,0,-3,0,-1,-1,-1,0,-1
KR_6737548887,440,0,34,5,-2,-1,2,1,3,0,3,-1,1,0,-3,4,1,0,4,4,0,0,-413,1,-4,3,1,0,1,-1,1,1,-1,5,-1
KR_6757369750,420,-1,-34,0,0,3,1,4,4,3,7,-6,8,2,0,2,2,-1,3,2,1,-2,8,0,0,0,1,0,-2,-1,-1,-1,1,5,-1
KR_6764223047,440,-5,-63,-30,-10,-1,2,1,-4,4,0,-4,4,0,0,6,6,-1,1,0,0,-9,-77,-4,0,4,1,0,0,0,-1,-1,-1,0,-1
KR_6611812682,420,0,-5,8,-5,0,3,3,-5,6,1,-2,3,1,0,5,5,2,1,3,-1,-10,7,1,-4,3,-2,0,1,-1,-1,1,-1,2,-1
KR_6745815083,440,-2,-75,24,-7,1,1,2,-4,5,1,-6,6,0,0,1,1,2,1,3,0,-6,-53,2,-6,4,30,0,-1,-1,-1,-1,-1,1,-1
KR_6761336549,420,-3,-17,-32,-3,-3,5,2,-1,1,0,-1,5,4,0,2,2,2,0,2,-1,8,14,4,-4,0,0,0,0,-1,-1,-1,-1,1,-1
KR_6746645462,420,-4,-50,-12,-1,-1,1,0,1,3,4,0,2,2,0,3,3,-1,1,0,0,-6,-6,-1,-2,3,0,0,0,-1,1,0,1,4,-1
KR_6725749092,420,-3,-78,-4,-13,-2,3,1,2,1,3,-6,8,2,-6,7,1,-1,2,1,-1,-6,15,1,-4,3,-3,0,-1,-1,0,-1,-1,1,-1
KR_6727428556,420,-3,-56,-25,-2,-3,3,0,2,2,4,1,1,2,-2,6,4,0,2,2,2,7,194,0,-4,4,1,0,1,-1,1,1,1,2,-1
KR_6759278850,420,-6,-83,0,-13,-1,4,3,0,2,2,-7,7,0,-4,4,0,-1,1,0,-1,-6,-14,-4,-2,6,2,0,-3,0,-1,-1,-1,0,-1
KR_6714297887,420,-1,55,-29,5,6,0,6,2,1,3,-2,3,1,0,3,3,-1,1,0,1,2,122,-3,-3,6,-1,0,-1,-1,-1,1,1,3,-1
KR_6597475749,420,-4,-66,-6,-14,-3,4,1,-3,4,1,-1,3,2,-8,11,3,1,1,2,0,-9,-21,-2,-1,3,2,0,-2,-1,-1,-1,-1,1,-1
KR_6647914628,420,1,25,-15,-4,0,1,1,-1,6,5,-3,4,1,-1,1,0,1,3,4,0,-1,284,2,-4,2,-2,0,0,1,1,0,1,4,-1
KR_6504856382,420,2,8,15,3,2,1,3,4,2,6,-1,2,1,-3,6,3,1,0,1,0,0,7,-1,-2,3,2,0,0,1,1,0,1,1,-1
KR_6614853085,420,0,38,5,-3,1,0,1,0,3,3,-4,6,2,0,1,1,0,0,0,0,-4,-14,-5,-1,6,6,0,1,-1,-1,1,1,5,-1
KR_6669824419,420,-10,-152,-56,-18,1,2,3,-8,8,0,-3,3,0,-1,1,0,-7,7,0,0,-7,5,-1,-5,6,-9,0,-4,-1,-1,-1,-1,5,-1
KR_6711706960,420,3,24,20,2,0,1,1,3,0,3,-1,3,2,0,0,0,0,0,0,0,1,439,1,-2,1,0,0,-1,0,-1,-1,-1,0,-1
KR_6504992853,420,-6,-119,-16,-15,-5,6,1,-1,1,0,-1,3,2,-6,7,1,-2,2,0,0,-7,-5,-1,-1,2,0,0,-2,-1,-1,-1,-1,5,-1
KR_6708261613,420,-1,-9,-23,-3,4,0,4,1,1,2,-8,8,0,-1,1,0,1,0,1,0,3,-26,6,-7,1,29,0,-3,-1,-1,-1,-1,3,-1
KR_6630557132,420,0,50,0,-1,0,1,1,3,5,8,4,0,4,-8,9,1,0,0,0,0,-2,-179,0,-6,6,2,0,0,-1,1,0,-1,5,-1
KR_6757086105,420,-2,-67,12,-2,1,1,2,-5,5,0,0,3,3,3,2,5,-1,3,2,0,-2,-7,-4,-3,7,4,0,-1,1,1,-1,-1,6,-1
KR_6755311183,420,-2,-2,-28,2,0,2,2,-1,4,3,0,0,0,2,0,2,1,0,1,0,7,-5,-1,-2,3,-3,0,-2,-1,-1,-1,-1,2,-1
KR_6734102327,420,-1,-37,-8,-6,0,1,1,-2,2,0,-4,4,0,3,1,4,-3,3,0,0,-7,-3,-3,-1,4,-4,0,0,-1,-1,-1,-1,3,-1
KR_6708163772,420,-1,-26,-24,3,-3,3,0,0,4,4,0,2,2,5,2,7,1,0,1,0,2,1,3,-6,3,2,0,0,-1,-1,0,-1,2,-1
KR_6654939899,420,0,51,-2,3,2,0,2,3,0,3,-1,2,1,-1,1,0,0,2,2,0,-1,-39,-3,0,3,-1,0,0,1,1,0,1,6,-1
KR_6752577926,420,1,-30,18,5,1,4,5,2,3,5,1,2,3,4,2,6,-3,3,0,0,4,2,1,-2,1,1,0,1,-1,1,1,1,4,-1
KR_6062562268,420,-1,40,11,-4,0,0,0,0,1,1,1,1,2,-5,5,0,0,0,0,0,-3,5,4,-8,4,-2,0,0,1,1,0,-1,4,-1
KR_6755386209,440,1,47,-12,-1,1,1,2,-2,3,1,1,2,3,0,6,6,-1,1,0,0,-2,-5,1,-3,2,1,0,0,-1,0,0,-1,2,-1
KR_6758904149,420,-4,-58,12,-10,-1,4,3,-3,6,3,-1,2,1,-4,5,1,-1,1,0,1,-5,-21,1,-4,3,-4,0,-1,0,-1,-1,1,0,-1
KR_6759953704,420,-1,5,-28,-3,3,1,4,1,2,3,-4,5,1,-3,5,2,0,0,0,0,-6,-3,3,-4,1,5,0,1,1,-1,1,-1,5,-1
KR_6737288760,420,-7,-29,-38,-15,1,0,1,-14,14,0,-3,4,1,-1,9,8,2,0,2,-1,-11,-62,6,-11,5,9,0,-2,-1,-1,-1,-1,4,-1
KR_6718393092,420,-4,-72,-6,-5,-4,4,0,2,1,3,1,3,4,-3,3,0,-1,1,0,0,-5,-10,-5,-2,7,0,0,-1,-1,0,-1,1,2,-1
KR_6761326182,420,2,46,27,-3,3,0,3,-5,6,1,0,2,2,0,1,1,-1,1,0,0,-11,56,4,-5,1,-25,0,0,0,0,0,-1,0,-1
KR_6762515862,420,0,-56,8,6,3,1,4,1,4,5,-1,3,2,3,0,3,0,0,0,0,7,-162,3,-4,1,1,0,0,1,1,-1,-1,2,-1
KR_6716987411,420,-1,-13,12,-6,-3,7,4,2,1,3,-4,6,2,0,3,3,-1,2,1,1,4,20,1,-3,2,3,0,-1,1,0,-1,1,3,-1
KR_6673489603,420,-4,-21,-17,-5,0,1,1,0,2,2,-3,3,0,1,1,2,-3,4,1,0,1,3,-1,-1,2,1,0,-2,-1,-1,-1,-1,2,-1
KR_6750285664,420,-1,-1,19,-6,0,2,2,1,1,2,-4,6,2,0,1,1,-3,3,0,0,-2,-5,0,0,0,-2,0,-2,-1,0,-1,-1,5,-1
KR_6755721863,420,2,56,-2,-3,-1,3,2,-2,6,4,2,2,4,-1,1,0,-1,1,0,0,-6,3,0,-4,4,-2,0,0,-1,-1,1,1,3,-1
KR_6743145954,420,1,-8,4,0,-3,4,1,-2,3,1,4,2,6,2,1,3,-1,1,0,0,4,13,5,-6,1,-3,0,0,-1,-1,0,1,3,-1
KR_6764053992,420,1,-52,8,9,7,0,7,4,0,4,-1,3,2,-2,2,0,1,0,1,0,9,-1,-1,-1,2,0,0,-1,1,-1,-1,1,5,-1
KR_6755291462,420,4,29,25,3,-3,3,0,2,1,3,-2,7,5,4,2,6,2,1,3,0,6,-6,-4,0,4,4,0,1,1,1,1,-1,1,-1
KR_6739500341,420,-3,-37,-27,-14,-5,6,1,2,2,4,-4,4,0,-6,7,1,-1,4,3,-3,-12,16,-5,0,5,-1,0,-1,-1,-1,-1,-1,4,-1
KR_6757804493,420,-2,-33,36,-6,-2,4,2,1,0,1,-1,2,1,-3,4,1,-1,1,0,0,-6,0,2,-4,2,-2,0,-1,1,-1,-1,1,6,-1
KR_6762235191,420,-1,-94,31,-5,1,2,3,4,3,7,0,3,3,-10,10,0,0,1,1,0,-3,-27,0,-3,3,-3,0,-1,0,0,-1,1,0,-1
KR_6757730224,420,-3,-16,-12,-1,2,2,4,-1,2,1,-7,7,0,1,1,2,4,1,5,0,4,-3,1,-3,2,-1,0,1,0,1,1,1,0,-1
KR_6641253450,420,-2,51,-2,-3,0,3,3,2,3,5,1,2,3,-2,3,1,-4,4,0,0,-2,0,-3,-3,6,3,0,0,-1,-1,0,1,5,-1
KR_6749526088,420,-1,30,-8,-4,2,0,2,-2,2,0,2,0,2,-6,6,0,0,0,0,0,-7,-40,-1,-3,4,1,0,-1,-1,1,-1,1,6,-1
KR_6751243052,440,-3,1,-25,-9,1,0,1,-4,8,4,-3,4,1,-1,5,4,-2,3,1,-1,-3,13,5,-6,1,-11,0,-2,-1,-1,-1,-1,1,-1
KR_6762490870,420,-6,-11,-16,-6,-2,2,0,0,1,1,-7,7,0,3,0,3,0,0,0,1,3,104,0,-3,3,1,0,-2,1,-1,-1,1,3,-1
KR_6536058967,420,0,61,13,-3,-1,3,2,0,5,5,-1,3,2,0,2,2,-1,1,0,0,-3,-37,2,-7,5,0,0,2,-1,1,1,-1,3,-1
KR_6620167768,420,-2,-3,-9,-2,0,0,0,-2,3,1,3,1,4,-3,4,1,0,2,2,0,-5,12,0,-2,2,-7,0,-1,-1,-1,-1,-1,6,-1
KR_6638459806,420,-2,-30,-29,-2,0,4,4,1,2,3,0,2,2,-2,3,1,-1,2,1,0,5,33,-3,0,3,-14,0,0,-1,-1,0,-1,6,-1
KR_6656731996,420,-4,-43,21,-8,-3,3,0,-1,3,2,-6,6,0,1,4,5,1,0,1,0,-14,30,-1,-1,2,-17,0,0,-1,1,0,-1,2,-1
KR_6710375400,440,-1,-106,-13,-4,-4,5,1,2,3,5,-6,6,0,1,1,2,3,0,3,0,-7,-23,-4,-3,7,-5,0,-1,-1,1,-1,1,1,-1
KR_6747786749,420,3,118,36,-1,-1,2,1,-4,6,2,3,3,6,1,1,2,0,0,0,0,-4,12,0,-2,2,1,0,1,0,0,1,-1,0,-1
KR_6717746791,420,2,57,4,3,2,0,2,2,3,5,3,2,5,1,1,2,-5,5,0,0,7,-229,1,-3,2,1,0,0,0,0,-1,-1,0,-1
KR_6746407067,420,1,98,12,8,-1,2,1,1,4,5,0,3,3,5,1,6,3,1,4,0,5,5,3,-6,3,2,0,0,0,0,-1,1,0,-1
KR_6694375699,440,-6,-111,-8,-12,-2,2,0,-3,3,0,-3,3,0,-6,6,0,2,0,2,0,-15,105,3,-3,0,-1,0,-1,-1,0,-1,-1,2,-1
KR_6756795290,420,-1,-53,8,-5,-3,3,0,-1,2,1,2,2,4,-8,9,1,5,0,5,0,-2,-9,-3,0,3,0,0,-1,0,-1,-1,1,0,-1
KR_6670327216,420,0,-24,-16,-4,1,3,4,-3,4,1,0,2,2,-5,6,1,3,0,3,1,-9,1,-1,-2,3,-1,0,0,1,-1,0,1,5,-1
KR_6648902881,420,1,-43,-15,-1,-3,3,0,4,0,4,0,2,2,-1,6,5,-1,2,1,0,2,-1,4,-7,3,-3,0,-1,1,-1,-1,-1,2,-1
KR_6762074689,440,1,20,16,1,3,0,3,-3,5,2,1,1,2,0,5,5,0,0,0,0,-7,7,0,-4,4,-1,0,0,-1,-1,0,1,4,-1
KR_6704761345,420,1,59,4,5,4,2,6,0,1,1,2,3,5,-1,1,0,0,1,1,2,3,-205,3,-7,4,0,0,0,1,-1,0,1,4,-1
KR_6740860620,420,2,36,7,4,-1,3,2,3,2,5,1,3,4,-1,2,1,2,0,2,0,1,10,-1,0,1,-1,0,1,-1,-1,1,-1,3,-1
KR_6741438677,420,-4,-49,4,-3,-2,3,1,-1,1,0,0,3,3,0,1,1,0,0,0,1,-2,2,0,-3,3,0,0,-1,-1,0,-1,1,1,-1
KR_6717271769,420,-4,-76,-30,-8,-2,3,1,-1,1,0,-7,8,1,3,0,3,-1,1,0,0,-4,-2,0,-4,4,-1,0,-2,-1,-1,-1,1,6,-1
KR_6760496277,420,-4,20,-41,-9,0,3,3,0,1,1,-4,6,2,-3,4,1,-2,3,1,0,-11,14,1,-2,1,3,0,-1,-1,1,-1,1,1,-1
KR_6725020931,420,-2,25,-12,-9,-4,4,0,-2,4,2,-3,4,1,2,0,2,-2,3,1,0,-6,0,0,-2,2,3,0,0,-1,0,0,-1,5,-1
KR_6643410365,420,1,15,9,6,-2,5,3,0,3,3,6,3,9,1,2,3,1,0,1,0,3,1,-1,-3,4,-1,0,0,1,-1,1,1,1,-1
KR_6664058012,420,-2,-33,8,0,0,2,2,3,0,3,1,3,4,-1,2,1,-3,3,0,0,-5,-3,3,-3,0,1,0,-1,1,-1,-1,1,1,-1
KR_6743644765,420,-1,3,4,-3,0,0,0,2,0,2,-5,5,0,1,1,2,-1,5,4,0,-6,1,1,-3,2,-1,0,0,1,-1,0,-1,2,-1
KR_6728198013,440,-2,22,-27,-7,1,1,2,-2,4,2,-7,7,0,0,0,0,1,0,1,0,-6,-54,-7,-2,9,4,0,1,1,-1,-1,1,6,-1
KR_6744308693,420,0,25,4,-3,-1,3,2,-4,5,1,3,1,4,2,2,4,-3,3,0,0,-5,18,0,-4,4,-1,0,-1,-1,-1,-1,-1,6,-1
KR_6591128992,420,-4,-35,-23,-11,-5,6,1,-6,7,1,0,3,3,0,3,3,0,0,0,0,-14,-9,-3,-3,6,0,0,-1,-1,-1,-1,1,6,-1
KR_6753110449,420,0,7,-9,-1,0,1,1,3,0,3,-6,6,0,1,3,4,1,2,3,1,6,-14,0,-1,1,-2,0,0,1,0,0,1,4,-1
KR_6598487132,420,-6,-163,-12,-19,-2,2,0,-2,2,0,-1,4,3,-13,14,1,-1,4,3,-1,-26,8,-1,-2,3,-2,0,-1,-1,-1,-1,-1,5,-1
KR_6760866820,420,-2,67,-16,-4,-1,5,4,3,1,4,-9,9,0,4,0,4,-1,1,0,0,1,109,0,-3,3,2,0,-1,1,-1,-1,1,2,-1
KR_6760235456,420,0,-3,-16,3,3,0,3,1,0,1,-4,6,2,1,3,4,2,0,2,1,6,-72,0,-3,3,0,0,1,1,1,1,1,5,-1
KR_6702077895,420,-8,-155,-41,-8,-1,2,1,1,2,3,-2,5,3,-3,3,0,-3,4,1,0,-12,4,-1,-1,2,-1,0,-4,-1,-1,-1,-1,5,-1
KR_6746382341,420,2,37,16,4,-1,4,3,-3,3,0,5,2,7,0,3,3,3,0,3,0,-8,-2,3,-4,1,0,0,1,1,1,1,-1,3,-1
KR_6716696830,420,0,38,-96,0,0,1,1,3,3,6,-6,6,0,1,0,1,2,0,2,0,2,17,-1,0,1,-3,0,0,-1,0,1,1,4,-1
KR_6740391030,420,-2,-78,-28,-8,0,1,1,0,2,2,2,1,3,-7,10,3,-3,3,0,-2,-13,-4,0,-3,3,0,0,-1,1,1,-1,-1,6,-1
KR_6750837863,420,-3,-104,7,-5,-4,4,0,-3,3,0,-3,7,4,-2,5,3,7,0,7,0,0,-5,-3,-1,4,-1,0,-2,0,-1,-1,1,0,-1
KR_6738167547,420,1,-43,6,4,0,3,3,4,0,4,1,1,2,2,2,4,-3,4,1,0,7,5,2,-5,3,0,0,-1,1,-1,-1,1,6,-1
KR_6378204577,420,-5,-22,-37,-16,-3,4,1,1,3,4,-3,3,0,-7,7,0,-4,5,1,0,-9,21,2,-3,1,0,0,-1,0,-1,-1,-1,0,-1
KR_6732914872,420,-1,5,-66,0,-5,5,0,-4,6,2,0,4,4,4,1,5,5,0,5,0,1,-11,1,-4,3,2,0,0,-1,-1,1,-1,5,-1
KR_6682251600,420,2,33,8,0,-2,3,1,1,2,3,-1,6,5,2,2,4,0,1,1,0,6,2,2,-4,2,2,0,-1,1,-1,-1,1,2,-1
KR_6737911659,420,3,13,48,1,-1,2,1,0,4,4,-3,4,1,2,3,5,3,1,4,0,-5,-18,-1,-2,3,2,0,0,1,-1,-1,-1,1,-1
KR_6718750218,420,-1,-54,45,-4,0,2,2,-3,4,1,3,0,3,-6,7,1,2,1,3,0,-3,-14,-1,-2,3,6,0,0,0,-1,0,-1,0,-1
KR_6706804981,420,-4,-44,-32,-9,0,0,0,1,1,2,-8,9,1,-2,3,1,0,1,1,0,3,-3,-1,0,1,-2,0,-1,-1,0,-1,1,4,-1
KR_6755682082,420,1,45,1,-1,0,2,2,0,2,2,2,0,2,-3,3,0,0,0,0,-1,-6,14,-2,-2,4,2,0,1,1,1,1,-1,4,-1
KR_6759544426,420,-3,-4,16,-13,-7,7,0,-2,3,1,-1,4,3,-2,3,1,-1,2,1,-1,-11,-1,-1,-3,4,-2,0,-1,-1,0,-1,-1,2,-1
KR_6685761922,420,-2,-6,-25,-1,3,1,4,-1,1,0,-2,3,1,-1,1,0,0,0,0,0,-4,35,1,-3,2,-17,0,0,-1,-1,-1,-1,6,-1
KR_6703368274,420,-2,24,8,-3,-3,3,0,0,3,3,-2,2,0,1,1,2,1,1,2,-1,-3,232,-2,-2,4,-3,0,0,-1,0,0,-1,1,-1
KR_6710756664,420,-1,5,-8,-2,-1,2,1,-1,2,1,3,1,4,-2,4,2,-1,2,1,0,-2,11,2,-5,3,-6,0,0,-1,-1,-1,-1,5,-1
KR_6727894755,420,-4,-33,-10,-3,-2,2,0,2,2,4,0,0,0,-5,6,1,2,0,2,0,-6,-39,1,-2,1,1,0,0,-1,1,0,-1,1,-1
KR_6760980975,420,-2,2,16,-3,-4,5,1,-2,4,2,3,1,4,0,1,1,0,1,1,1,-4,-1,2,-3,1,-2,0,0,-1,1,1,1,6,-1
KR_6671782245,420,-3,-62,4,-11,-3,3,0,-1,1,0,-3,3,0,-4,5,1,0,0,0,0,-10,-4,1,-3,2,1,0,0,-1,0,0,-1,6,-1
KR_6717105453,420,0,5,16,5,0,2,2,6,0,6,-1,2,1,0,1,1,0,2,2,0,6,-10,-5,0,5,5,0,1,0,0,1,1,0,-1
KR_6721016623,420,-1,34,4,-1,-1,1,0,2,1,3,-4,5,1,1,2,3,1,0,1,1,5,-3,2,-5,3,6,0,1,1,-1,1,1,3,-1
KR_6748840255,420,0,-34,-4,-3,0,1,1,-2,3,1,0,1,1,-3,5,2,2,0,2,0,-3,-4,-1,-3,4,2,0,0,0,0,0,-1,0,-1
KR_6715124445,420,-4,-28,-37,-9,1,0,1,-4,5,1,-2,3,1,-3,5,2,-1,2,1,0,0,8,3,-3,0,-2,0,0,-1,1,0,-1,4,-1
KR_6684164708,440,-6,-106,4,-16,-6,6,0,0,2,2,0,3,3,-9,9,0,-1,1,0,-1,-12,-4,-4,0,4,-6,0,-2,-1,-1,-1,-1,1,-1
KR_6758984681,420,-2,-55,2,-10,-2,4,2,0,2,2,-3,4,1,-5,7,2,0,1,1,0,-10,14,0,-4,4,-1,0,-2,-1,-1,-1,-1,2,-1
KR_6737152530,420,0,-37,7,2,-5,5,0,1,2,3,-1,2,1,6,0,6,1,0,1,0,9,3,3,-3,0,-1,0,0,0,1,0,-1,0,-1
KR_6747715583,420,0,-58,4,1,-3,4,1,0,2,2,2,0,2,1,2,3,1,2,3,-1,1,17,2,-5,3,-2,0,1,1,-1,1,-1,1,-1
KR_6705191475,420,-2,-24,-5,1,0,1,1,-8,8,0,2,1,3,6,0,6,1,0,1,0,3,2,1,-5,4,-2,0,-1,1,-1,-1,1,3,-1
KR_6735154936,420,1,27,-28,4,0,2,2,-2,2,0,4,2,6,2,1,3,0,0,0,0,2,15,-3,-3,6,-5,0,0,-1,1,1,-1,1,-1
KR_6761868917,420,-1,-62,-16,6,4,0,4,2,2,4,-1,4,3,-1,3,2,2,1,3,0,1,0,0,-4,4,-3,0,-1,1,-1,-1,-1,5,-1
KR_6656829669,420,0,49,21,-2,3,0,3,-1,2,1,-2,3,1,-1,2,1,-1,2,1,0,-5,-8,-5,-1,6,4,0,-1,1,-1,-1,1,4,-1
KR_6761645780,440,1,35,36,5,2,0,2,2,0,2,-1,2,1,3,8,11,-1,1,0,0,-11,8,1,-4,3,-1,0,2,1,1,1,1,2,-1
KR_6712408306,420,-1,-34,-15,-1,5,0,5,-1,5,4,-1,2,1,0,0,0,-4,4,0,0,-3,5,7,-8,1,-3,0,0,-1,1,-1,-1,6,-1
KR_6726893430,420,-5,-9,-31,-9,-3,4,1,0,3,3,3,2,5,-5,6,1,-4,5,1,0,0,-223,-2,-1,3,1,0,0,1,-1,0,1,1,-1
KR_6706691547,420,1,-28,0,0,-4,5,1,-1,6,5,2,3,5,2,1,3,1,0,1,0,4,13,-2,0,2,4,0,0,1,1,0,-1,6,-1
KR_6761122350,440,-1,44,13,-8,-1,3,2,1,1,2,-1,4,3,-5,5,0,-2,3,1,0,-15,-11,-5,-2,7,1,0,-1,-1,0,-1,-1,1,-1
KR_6740164521,420,-2,-29,-8,-6,3,3,6,1,2,3,-4,5,1,-6,8,2,0,0,0,1,-6,18,1,-8,7,-3,0,1,-1,1,1,1,3,-1
KR_6744006830,420,-7,-112,-4,-21,-7,9,2,0,0,0,-4,4,0,-5,6,1,-5,5,0,-1,-17,-9,0,-4,4,1,0,-2,-1,-1,-1,-1,2,-1
KR_6759916001,420,-4,-68,-32,-8,-5,7,2,1,2,3,-3,5,2,-1,2,1,0,0,0,0,-5,-3,-3,-1,4,0,0,-2,1,1,-1,-1,1,-1
KR_6713743165,420,1,-64,4,2,1,2,3,5,1,6,-3,4,1,-4,4,0,3,1,4,0,0,-3,-2,-3,5,-1,0,0,0,1,0,1,0,-1
KR_6628778008,420,2,57,15,-1,2,2,4,-1,5,4,-1,2,1,0,2,2,-1,1,0,0,-8,5,-2,0,2,-2,0,0,0,1,-1,1,0,-1
KR_6762458483,420,-5,-104,-12,-16,-4,6,2,0,4,4,-2,3,1,-6,6,0,-4,7,3,-1,-11,12,1,-1,0,0,0,-3,0,-1,-1,-1,0,-1
KR_6627034167,420,1,-20,0,3,-4,4,0,3,2,5,3,1,4,1,2,3,0,1,1,0,5,-4,1,-2,1,4,0,0,0,1,0,1,0,-1
KR_6759777543,420,-3,-97,-34,-8,-5,6,1,0,2,2,0,2,2,-2,4,2,-1,1,0,0,-3,-13,1,-5,4,-4,0,-1,-1,-1,-1,-1,1,-1
KR_6761519155,420,-2,-31,-16,-7,1,0,1,-2,2,0,1,3,4,-5,8,3,-2,4,2,-3,-1,-24,0,-2,2,-5,0,-1,-1,-1,-1,-1,1,-1
KR_6763544728,440,2,24,6,6,-3,4,1,2,3,5,5,1,6,1,1,2,1,2,3,0,2,274,-3,-2,5,7,0,0,-1,-1,0,1,3,-1
KR_6762156764,420,0,-35,-20,0,4,0,4,2,0,2,0,2,2,-2,6,4,-4,5,1,-2,0,1,2,-2,0,3,0,0,-1,-1,0,-1,4,-1
KR_6707500501,420,-2,-58,-5,-9,-4,5,1,-5,5,0,-3,5,2,2,5,7,1,0,1,-3,-11,178,-1,-4,5,0,0,-2,0,-1,-1,-1,0,-1
KR_6620888843,420,3,57,-12,10,0,1,1,-2,4,2,6,1,7,5,2,7,1,0,1,3,9,2,6,-7,1,-2,0,1,1,1,1,1,3,-1
KR_6751101157,420,-1,-2,-36,-8,5,1,6,-5,6,1,0,2,2,-9,10,1,1,1,2,0,-8,-14,0,-1,1,-3,0,1,-1,-1,1,1,4,-1
KR_6684274847,440,-1,-96,-14,-2,-4,4,0,0,5,5,-1,4,3,2,2,4,1,0,1,1,11,7,3,-7,4,-5,0,-3,-1,-1,-1,1,4,-1
KR_6613954967,420,-2,-46,23,-3,1,1,2,0,3,3,-5,5,0,0,3,3,1,2,3,0,-1,-343,-3,-2,5,-2,0,0,1,0,0,-1,4,-1
KR_6720596756,420,-3,-92,-4,-9,-2,2,0,-3,8,5,2,1,3,-5,6,1,-1,5,4,-1,-9,81,0,-1,1,-3,0,-1,-1,1,-1,-1,6,-1
KR_6762889611,420,-6,-83,-61,-18,-2,4,2,-6,6,0,-2,2,0,-9,10,1,1,1,2,0,-16,45,-7,0,7,21,0,-3,-1,-1,-1,-1,3,-1
KR_6724242751,420,1,22,35,-5,1,1,2,-4,5,1,-1,2,1,-2,4,2,1,1,2,0,-13,13,-4,-1,5,-5,0,0,1,1,0,1,6,-1
KR_6665623083,420,-4,-64,-28,-5,3,0,3,-1,4,3,-3,3,0,-4,4,0,0,1,1,0,-4,-261,-1,-2,3,-3,0,0,-1,-1,0,1,4,-1
KR_6720752936,420,-2,-9,-4,-2,1,1,2,-2,3,1,-2,2,0,0,1,1,1,0,1,0,-1,-11,-1,-2,3,-1,0,0,-1,-1,0,1,5,-1
KR_6762974584,420,-2,-53,-20,0,-2,3,1,-2,4,2,5,4,9,0,3,3,-1,1,0,0,6,-20,3,-5,2,21,0,0,1,-1,-1,-1,4,-1
KR_6764369351,420,0,-30,-16,-2,0,2,2,0,5,5,-2,4,2,1,1,2,-1,2,1,-1,-1,344,1,-4,3,0,0,-1,0,-1,-1,-1,0,-1
KR_6728889197,420,-8,-103,16,-4,-4,4,0,2,5,7,-5,5,0,1,1,2,2,0,2,0,-8,1,0,0,0,0,0,-1,-1,1,-1,-1,1,-1
KR_6696650703,420,-3,-85,-28,1,-3,4,1,3,0,3,5,0,5,-1,2,1,-3,3,0,0,3,-4,0,-3,3,-4,0,-1,0,1,-1,-1,0,-1
KR_6695688865,420,-3,13,-8,-5,1,2,3,-4,5,1,0,3,3,2,2,4,-4,4,0,0,-12,-4,2,-3,1,2,0,1,-1,0,1,1,1,-1
KR_6751465491,420,-6,-64,-8,-14,2,1,3,-6,7,1,-8,8,0,-1,4,3,-1,1,0,0,-15,12,-1,-4,5,4,0,-2,-1,-1,-1,-1,4,-1
KR_6751865864,420,2,56,-12,9,7,1,8,2,2,4,-3,4,1,3,3,6,0,1,1,0,0,42,-2,-1,3,-14,0,0,1,1,0,-1,4,-1
KR_6643394246,420,-2,-32,-12,-6,-1,2,1,-2,2,0,-2,2,0,0,3,3,-1,1,0,0,0,-9,-5,-3,8,5,0,-1,-1,1,-1,-1,1,-1
KR_6740469755,420,-3,-32,36,-2,6,2,8,-2,2,0,0,3,3,-3,5,2,-3,4,1,-1,-11,14,-3,-3,6,0,0,-2,1,-1,-1,-1,1,-1
KR_6760225338,420,-1,-20,-22,2,-1,1,0,3,2,5,1,0,1,0,1,1,-1,2,1,0,3,2,3,-6,3,-4,0,0,-1,0,0,-1,1,-1
KR_6756404099,420,-1,37,-1,0,1,2,3,-3,3,0,6,0,6,-4,5,1,0,1,1,0,-5,-25,2,-4,2,1,0,-1,1,1,1,1,2,-1
KR_6670236324,420,-5,-23,-47,-14,-1,2,1,-2,5,3,-6,8,2,-3,6,3,-2,4,2,0,-8,31,0,-3,3,-16,0,-2,-1,-1,-1,-1,1,-1
KR_6685479577,420,-1,-44,-3,-3,1,1,2,1,1,2,1,1,2,-2,5,3,-4,4,0,0,-6,-12,-5,0,5,3,0,-1,1,-1,-1,-1,2,-1
KR_6627738358,420,-4,-54,-20,-3,-2,4,2,6,0,6,-5,5,0,-3,5,2,1,0,1,0,-2,13,-2,-3,5,-1,0,-1,-1,1,1,-1,5,-1
KR_6689123636,420,-6,-26,-12,-9,-3,4,1,-8,8,0,0,1,1,4,2,6,-2,2,0,0,-11,5,1,-4,3,-3,0,-1,-1,1,-1,-1,2,-1
KR_6758923568,420,-5,-26,-24,-12,-1,2,1,1,1,2,-7,8,1,-3,4,1,-2,2,0,-1,-7,2,1,-5,4,-2,0,-2,-1,0,-1,-1,5,-1
KR_6658838833,420,0,41,20,-1,5,0,5,-1,6,5,0,7,7,-5,5,0,0,0,0,-1,-6,5,2,-4,2,4,0,0,1,0,0,-1,1,-1
KR_6620233743,420,2,48,-2,0,-5,5,0,0,2,2,2,4,6,3,0,3,0,1,1,0,10,19,-2,-1,3,3,0,0,1,-1,1,1,6,-1
KR_6525863463,420,-4,7,-24,-12,-6,6,0,-1,2,1,-5,7,2,-3,4,1,3,0,3,0,-7,3,4,-6,2,-5,0,-1,-1,-1,1,1,5,-1
KR_6760046557,420,1,-8,0,3,0,3,3,-2,4,2,2,4,6,0,0,0,3,0,3,1,0,-9,-3,-3,6,4,0,1,-1,1,1,1,3,-1
KR_6622813935,420,0,-29,-6,-6,-4,4,0,1,1,2,3,1,4,-4,7,3,-2,3,1,-2,-7,-7,-1,-1,2,-3,0,-1,-1,-1,-1,-1,5,-1
KR_6639764199,420,-4,-38,-5,-9,4,1,5,1,4,5,1,1,2,-8,9,1,-7,7,0,1,-23,-1,-3,0,3,1,0,-1,1,1,-1,1,3,-1
KR_6670816899,420,2,47,-34,3,5,0,5,0,4,4,2,2,4,-2,2,0,-2,2,0,0,-3,6,3,-6,3,0,0,1,0,0,1,1,0,-1
KR_6761196031,420,-3,15,-24,-11,-1,2,1,-2,6,4,-1,2,1,-6,6,0,-1,2,1,0,-10,-7,2,-5,3,3,0,0,-1,0,0,-1,4,-1
KR_6629293974,420,2,-9,4,5,1,0,1,2,0,2,-2,2,0,5,2,7,-1,6,5,0,14,6,-2,-2,4,-3,0,1,0,1,1,-1,0,-1
KR_6750596951,440,-4,-86,-50,-7,-1,2,1,0,2,2,-6,8,2,4,0,4,-4,5,1,-1,-4,-58,1,-4,3,31,0,0,-1,-1,-1,-1,1,-1
KR_6748994155,420,-1,-22,-28,5,0,4,4,2,1,3,1,3,4,1,1,2,1,1,2,0,13,-4,-1,-1,2,3,0,0,1,1,-1,1,4,-1
KR_6693135936,420,2,126,0,2,2,2,4,-3,4,1,1,1,2,2,1,3,0,2,2,1,2,-3,-1,-3,4,1,0,1,-1,-1,1,1,2,-1
KR_6762569297,420,1,5,-16,2,5,1,6,-1,1,0,6,1,7,-7,9,2,-1,2,1,0,-1,-4,-4,0,4,-1,0,0,0,0,-1,-1,0,-1
KR_6650974514,420,-1,-94,-15,-6,-1,1,0,-2,5,3,-7,9,2,3,1,4,1,1,2,0,-2,-132,-1,-1,2,2,0,-1,-1,-1,-1,-1,3,-1
KR_6641823843,420,0,6,-17,1,-1,1,0,-1,3,2,1,1,2,2,2,4,0,0,0,0,-4,2,-1,-1,2,1,0,0,-1,0,1,1,2,-1
KR_6762627282,420,1,-22,12,-3,4,1,5,-1,2,1,-3,4,1,-2,3,1,-1,3,2,0,3,20,-2,0,2,-3,0,0,-1,1,0,-1,5,-1
KR_6760001288,440,-2,-41,0,-10,0,2,2,0,0,0,-4,5,1,-4,6,2,-2,3,1,-1,-11,0,-1,-4,5,4,0,-2,-1,-1,-1,-1,6,-1
KR_6748267139,420,1,66,-8,2,7,1,8,-1,2,1,0,3,3,-3,3,0,-1,1,0,1,-4,6,0,-5,5,-1,0,1,0,-1,1,1,0,-1
KR_6726747472,420,2,-59,4,1,0,3,3,0,2,2,-1,5,4,3,0,3,-1,1,0,-1,-1,4,1,-2,1,-2,0,0,-1,-1,0,-1,5,-1
KR_6640896536,420,-4,-121,-4,-8,1,2,3,-4,5,1,1,1,2,-5,8,3,-1,3,2,-2,2,21,-4,0,4,0,0,-1,0,1,-1,-1,0,-1
KR_6669603068,420,-4,5,-12,-11,2,0,2,-2,2,0,1,3,4,-11,12,1,-1,4,3,0,-11,24,-2,-2,4,-3,0,-2,1,-1,-1,-1,1,-1
KR_6762339543,440,-4,-46,4,1,-4,6,2,1,2,3,1,0,1,3,1,4,0,0,0,0,2,18,1,-6,5,-3,0,-1,-1,-1,-1,1,6,-1
KR_6643613050,420,1,-14,-28,-8,1,0,1,1,1,2,0,2,2,-8,9,1,-2,2,0,0,-13,4,5,-6,1,-6,0,1,-1,-1,1,-1,1,-1
KR_6732391819,420,-3,-89,-16,-8,-7,8,1,0,4,4,1,1,2,-2,2,0,0,1,1,0,-3,-3,-5,-2,7,3,0,-3,-1,-1,-1,-1,4,-1
KR_6650634304,420,-1,-51,-29,-3,1,2,3,-3,3,0,0,4,4,-4,5,1,3,0,3,-1,5,-13,-5,0,5,2,0,-1,-1,-1,-1,-1,4,-1
KR_6712421000,420,1,-10,-16,0,2,0,2,1,1,2,-5,5,0,-1,4,3,3,0,3,0,1,-6,-3,-2,5,1,0,-1,1,-1,1,-1,6,-1
KR_6217661831,420,4,48,20,7,2,0,2,7,1,8,-4,4,0,2,1,3,0,3,3,0,2,-1,-1,-2,3,1,0,1,1,1,1,1,2,-1
KR_6726910208,420,-2,-45,-4,1,3,0,3,2,1,3,-2,4,2,-5,6,1,3,1,4,0,-1,-3,-1,-1,2,-2,0,-1,1,1,-1,-1,2,-1
KR_6760848936,420,-4,-54,0,-6,2,1,3,-1,1,0,-6,6,0,1,2,3,-2,3,1,1,-3,7,1,-3,2,-2,0,-1,-1,0,-1,1,3,-1
KR_6680098455,420,-3,-148,-13,-10,-1,1,0,3,1,4,-1,4,3,-11,15,4,0,1,1,0,3,-35,5,-5,0,21,0,-1,-1,-1,-1,-1,5,-1
KR_6730394728,440,-5,3,-44,-11,1,0,1,-4,4,0,-6,6,0,-3,3,0,1,1,2,0,-8,3,-1,-5,6,-2,0,-1,0,-1,-1,-1,0,-1
KR_6737224773,420,0,0,40,12,0,2,2,6,2,8,2,2,4,5,1,6,-1,1,0,1,24,9,-2,-2,4,1,0,-1,1,-1,1,1,4,-1
KR_6741140140,420,-1,-38,13,1,-3,3,0,0,1,1,3,3,6,4,2,6,-3,4,1,0,6,-7,1,-4,3,3,0,0,1,-1,-1,-1,5,-1
KR_6759205932,420,0,-68,13,-2,-1,2,1,4,0,4,1,1,2,-6,7,1,0,1,1,0,1,9,2,-4,2,-1,0,0,-1,0,0,-1,6,-1
KR_6671649042,420,1,-31,15,-3,-1,3,2,-1,1,0,-3,4,1,0,0,0,2,0,2,0,-3,-110,1,-5,4,-2,0,0,-1,-1,0,-1,2,-1
KR_6721058136,440,-3,-38,-12,-5,-1,3,2,-2,2,0,-2,5,3,0,0,0,0,2,2,1,9,94,-3,-3,6,4,0,1,1,1,1,1,1,-1
KR_6762124158,420,-3,-22,-24,-5,-5,7,2,0,1,1,-2,2,0,2,3,5,0,1,1,0,-2,-1,-3,0,3,-4,0,0,-1,-1,-1,1,1,-1
KR_6744251518,420,-4,-47,-28,-4,-3,4,1,-5,7,2,0,4,4,5,1,6,-1,1,0,0,2,5,4,-7,3,3,0,-2,1,-1,-1,-1,6,-1
KR_6739549301,420,-3,-12,7,-10,4,0,4,4,1,5,-6,7,1,-12,12,0,0,0,0,0,-11,-10,-2,-2,4,0,0,0,-1,1,1,-1,4,-1
KR_6761057362,420,2,37,8,4,7,0,7,0,1,1,1,1,2,-4,4,0,0,0,0,1,-7,8,0,-4,4,3,0,3,-1,1,1,1,1,-1
KR_6759218677,420,-3,-15,-1,-10,0,1,1,-1,1,0,-2,2,0,-7,7,0,0,0,0,0,-9,-11,-3,-1,4,-1,0,-1,-1,0,-1,-1,4,-1
KR_6054138643,420,-2,-37,-41,0,-2,4,2,-3,4,1,5,1,6,-1,2,1,1,1,2,0,1,1,-4,0,4,1,0,-1,-1,-1,-1,-1,1,-1
KR_6762333449,420,-3,-105,8,-11,-4,6,2,0,2,2,-3,3,0,-5,5,0,1,0,1,0,-4,-2,-2,-1,3,-1,0,-4,-1,0,-1,-1,5,-1
KR_6748859896,420,4,-2,8,2,1,1,2,-2,3,1,2,2,4,1,2,3,0,0,0,0,0,-2,0,-2,2,3,0,-1,1,-1,-1,1,1,-1
KR_6746014738,420,-1,70,24,-3,-1,2,1,2,0,2,1,2,3,-3,3,0,-2,2,0,0,-4,4,-1,-3,4,1,0,1,0,-1,1,-1,0,-1
KR_6763943787,420,-1,-30,10,0,0,1,1,1,2,3,0,1,1,4,0,4,-5,6,1,0,-1,11,-5,-5,10,3,0,0,1,-1,0,1,4,-1
KR_6734200345,420,2,-79,-18,3,3,0,3,-6,7,1,5,2,7,0,1,1,1,1,2,0,0,30,-1,-4,5,1,0,-1,1,0,-1,-1,5,-1
KR_6760758809,420,-2,-45,-12,-2,1,1,2,-1,3,2,-3,5,2,-1,2,1,2,2,4,1,2,372,2,-2,0,-39,0,0,1,-1,-1,1,4,-1
KR_6760688577,420,1,23,-7,-1,3,2,5,1,3,4,-1,3,2,-6,9,3,2,0,2,0,-2,10,0,-3,3,3,0,2,-1,1,1,1,3,-1
KR_6752176168,420,-2,-49,-32,-1,4,1,5,-7,8,1,0,2,2,0,2,2,2,0,2,0,-3,0,-1,-5,6,-1,0,-1,1,-1,-1,1,3,-1
KR_6734959372,420,-1,-1,-16,2,-3,3,0,3,3,6,0,2,2,2,1,3,0,2,2,0,5,2,5,-5,0,-3,0,1,-1,1,1,-1,1,-1
KR_6741015792,420,-3,-61,4,-7,1,1,2,-3,3,0,-3,3,0,2,2,4,-4,4,0,-1,-9,0,-8,-2,10,2,0,-1,-1,-1,-1,-1,6,-1
KR_6649388786,420,-4,28,28,-13,-3,4,1,-7,7,0,1,3,4,-2,5,3,-2,2,0,0,-23,0,-3,-3,6,-3,0,-1,1,-1,-1,-1,2,-1
KR_6636930803,420,1,-26,28,-6,0,2,2,-1,3,2,1,0,1,-5,5,0,-1,1,0,0,-10,6,1,-4,3,-2,0,0,1,1,1,-1,2,-1
KR_6514546008,420,-2,26,8,-4,-3,4,1,-2,4,2,-2,2,0,0,2,2,3,1,4,0,0,15,2,-5,3,2,0,0,1,1,1,1,6,-1
KR_6655027922,420,-4,10,28,-6,-1,1,0,-1,3,2,0,2,2,-2,3,1,-2,2,0,0,-8,-7,1,-3,2,-2,0,-1,-1,0,-1,1,1,-1
KR_6749158595,420,2,4,44,-1,-1,2,1,2,1,3,0,5,5,-2,2,0,0,1,1,1,-10,33,-1,-4,5,-19,0,-1,1,1,-1,1,1,-1
KR_6756264576,440,-3,-39,0,-4,-1,3,2,6,3,9,-1,1,0,-4,5,1,-4,4,0,0,-3,3,3,-4,1,-1,0,-2,-1,-1,-1,1,5,-1
KR_6729723957,420,-3,2,5,-8,-3,3,0,-7,7,0,1,0,1,-1,5,4,2,1,3,0,-10,-194,3,-4,1,-5,0,-2,-1,-1,-1,-1,4,-1
KR_6737003123,420,-1,15,16,-11,1,0,1,-7,7,0,-3,4,1,-2,4,2,0,2,2,0,-8,395,-3,-4,7,-1,0,0,1,-1,0,-1,4,-1
KR_6651328807,420,-4,-47,-2,-7,1,1,2,2,3,5,-8,9,1,2,3,5,-4,4,0,0,-1,-2,-2,-4,6,2,0,1,1,1,-1,-1,5,-1
KR_6749808556,420,-5,-55,9,-17,-7,7,0,-1,2,1,-5,5,0,-2,3,1,-2,2,0,0,-13,-21,-2,-2,4,2,0,-1,-1,-1,-1,-1,6,-1
KR_6740284772,420,0,-29,48,-1,-1,1,0,-5,6,1,-1,2,1,5,3,8,1,0,1,0,-7,-349,-2,-1,3,-2,0,-1,0,-1,-1,-1,0,-1
KR_6747909483,420,-5,-109,-5,-7,2,2,4,-4,6,2,-1,2,1,-3,3,0,-1,1,0,1,-3,-9,-5,0,5,3,0,-2,-1,-1,-1,1,1,-1
KR_6743505035,440,1,28,27,-2,-5,5,0,3,3,6,0,2,2,1,2,3,-1,1,0,-1,0,-2,-3,-4,7,3,0,-1,1,-1,-1,-1,3,-1
KR_6664218624,420,-6,15,-8,-23,-5,6,1,-9,11,2,-9,12,3,0,1,1,0,0,0,0,-15,-3,4,-5,1,0,0,-1,-1,-1,-1,-1,3,-1
KR_6708265089,420,-6,-56,-24,-10,1,0,1,-3,3,0,-3,4,1,-5,5,0,0,0,0,0,-10,-4,1,-4,3,-1,0,-3,-1,-1,-1,1,3,-1
KR_6528664754,420,-4,-116,14,-13,-5,6,1,-2,3,1,-4,4,0,-2,6,4,0,2,2,0,-5,-54,1,-4,3,-2,0,-2,-1,1,-1,-1,2,-1
KR_6760390643,420,-1,43,-42,-7,1,1,2,-2,6,4,-2,5,3,-5,7,2,1,0,1,0,-11,-6,-1,-2,3,-4,0,-1,-1,-1,-1,-1,5,-1
KR_6723065777,420,-2,-47,-36,-3,-1,1,0,1,1,2,2,0,2,-6,7,1,1,0,1,0,-1,-13,-7,0,7,2,0,0,-1,-1,-1,-1,5,-1
KR_6693276765,420,0,24,-20,1,3,3,6,3,3,6,-4,4,0,-1,1,0,0,2,2,0,0,-5,-1,0,1,1,0,0,-1,0,1,1,6,-1
KR_6762712739,420,2,32,28,0,0,0,0,1,0,1,1,4,5,0,6,6,-2,2,0,0,2,-53,1,-3,2,27,0,-1,0,1,-1,1,0,-1
KR_6740111356,440,-2,26,-8,-4,2,0,2,2,1,3,0,2,2,-1,3,2,-7,11,4,0,-8,1,-2,-1,3,-1,0,-1,0,-1,-1,-1,0,-1
KR_6758703275,440,-3,-47,-32,-9,-5,5,0,-7,8,1,1,1,2,2,4,6,0,1,1,2,-7,-4,-3,0,3,1,0,1,-1,1,1,1,5,-1
KR_6750973716,420,-3,-49,0,-16,-2,3,1,-2,4,2,-5,8,3,-4,4,0,-3,3,0,-2,-17,-4,-1,0,1,1,0,-2,0,0,-1,-1,0,-1
KR_6730524655,420,1,16,12,-4,-2,4,2,-3,5,2,-2,3,1,2,1,3,1,0,1,0,-5,114,-2,-4,6,-3,0,0,-1,-1,0,-1,6,-1
KR_6673006025,420,1,37,40,-1,1,0,1,0,5,5,-1,2,1,0,1,1,-1,1,0,0,-1,4,1,-1,0,-1,0,0,-1,-1,0,1,5,-1
KR_6715050426,420,0,66,-14,-3,-3,4,1,2,0,2,1,0,1,-1,1,0,-2,2,0,0,-5,3,-3,-1,4,0,0,0,1,-1,-1,-1,6,-1
KR_6682701442,420,-2,26,4,-4,-1,3,2,3,1,4,-6,6,0,-4,6,2,4,0,4,0,-3,1,-1,-2,3,0,0,0,-1,1,1,-1,4,-1
KR_6528749399,420,-3,8,7,-6,-1,2,1,5,1,6,-6,9,3,-1,4,3,-3,3,0,0,-4,-4,-1,-2,3,-2,0,-1,-1,-1,-1,1,4,-1
KR_6745686580,420,7,90,-12,3,-3,3,0,1,2,3,2,0,2,1,0,1,2,2,4,1,13,-3,-3,-3,6,4,0,1,1,-1,1,1,5,-1
KR_6762602143,420,5,75,16,7,5,0,5,4,0,4,4,1,5,-4,6,2,-2,2,0,0,0,-4,-2,-3,5,3,0,1,0,1,1,-1,0,-1
KR_6701307007,420,-1,0,47,-12,-1,1,0,0,3,3,-3,5,2,-6,7,1,-2,4,2,-3,-17,284,2,-3,1,-4,0,0,-1,1,-1,1,5,-1
KR_6737620424,420,-2,0,-4,1,1,1,2,-2,4,2,-2,4,2,4,0,4,0,0,0,0,-3,-1,3,-5,2,-1,0,-1,1,0,-1,-1,4,-1
KR_6750228399,440,-5,-92,-30,-11,-4,4,0,-3,3,0,-7,8,1,2,1,3,1,2,3,0,-2,-5,-8,0,8,-2,0,-1,0,-1,-1,-1,0,-1
KR_6755718535,420,-1,44,20,2,1,1,2,3,3,6,1,1,2,-2,3,1,-1,2,1,0,3,-5,4,-7,3,1,0,-1,0,1,1,1,0,-1
KR_6651755241,420,-5,-19,-8,-10,-3,3,0,1,1,2,0,1,1,-6,7,1,-2,2,0,0,-2,-31,1,-4,3,-5,0,-1,1,-1,-1,1,1,-1
KR_6747540778,440,-4,-13,-11,-6,-2,4,2,-5,7,2,-2,5,3,5,1,6,-2,5,3,1,-3,-281,-1,-1,2,-1,0,-1,-1,-1,-1,1,2,-1
KR_6693572510,420,1,3,-12,7,6,1,7,2,1,3,3,0,3,-2,2,0,-2,3,1,0,-5,-4,4,-7,3,2,0,1,0,1,1,1,0,-1
KR_6650695601,420,-3,-46,-3,-12,-2,4,2,-1,1,0,0,1,1,-3,5,2,-6,6,0,0,-8,8,-2,-3,5,-3,0,0,0,-1,-1,-1,0,-1
KR_6757051787,420,-4,-1,-60,0,1,1,2,-2,4,2,-2,5,3,4,1,5,-1,2,1,0,7,157,3,-4,1,-5,0,-1,-1,-1,-1,1,2,-1
KR_6762721928,420,-5,14,-15,-2,-4,4,0,2,2,4,6,0,6,-6,6,0,0,1,1,0,-5,7,1,-2,1,0,0,0,0,0,0,-1,0,-1
KR_6675207484,420,2,-24,0,1,1,1,2,4,1,5,-5,5,0,2,3,5,-1,2,1,0,1,-10,-2,-3,5,1,0,0,1,-1,-1,1,4,-1
KR_6763197532,420,-1,47,-34,-10,2,0,2,0,1,1,-2,5,3,-8,10,2,-2,2,0,0,-11,78,-3,-6,9,-4,0,0,-1,0,-1,-1,2,-1
KR_6752239607,420,-2,-31,-11,-5,-5,5,0,2,3,5,-1,4,3,4,1,5,-5,5,0,0,1,-2,2,-4,2,-4,0,-2,1,-1,-1,-1,6,-1
KR_6753985129,420,0,39,-8,-3,-1,2,1,-1,2,1,0,6,6,-2,4,2,1,0,1,0,2,-12,-1,-1,2,1,0,0,1,-1,0,1,6,-1
KR_6722100463,420,2,-64,12,1,2,1,3,-2,3,1,1,2,3,0,0,0,0,1,1,0,-2,-33,-1,-2,3,21,0,0,1,-1,0,1,6,-1
KR_6758639387,420,-4,-40,12,0,0,3,3,0,3,3,-2,2,0,5,1,6,-3,3,0,-2,3,-142,1,-2,1,0,0,-3,-1,1,-1,-1,5,-1
KR_6644635097,420,0,-48,-15,-2,0,1,1,3,1,4,-2,3,1,0,1,1,-3,4,1,0,-2,321,4,-8,4,-2,0,0,-1,-1,0,-1,1,-1
KR_6749814219,440,-1,-27,-23,1,-1,3,2,2,3,5,-1,2,1,-1,7,6,2,2,4,0,3,256,-1,-1,2,0,0,1,1,1,1,-1,3,-1
KR_6762636852,420,-3,31,-18,-7,-2,3,1,-3,3,0,1,3,4,-3,5,2,0,1,1,0,-4,1,3,-3,0,-2,0,0,-1,1,0,-1,4,-1
KR_6762858825,440,-9,-186,-48,-31,-4,6,2,-5,7,2,-3,5,2,-17,19,2,-2,2,0,-3,-25,-16,-3,-3,6,5,-2,-5,-1,-1,-1,1,3,-1
KR_6750616498,420,0,2,-16,-6,-5,6,1,-3,4,1,0,2,2,-2,2,0,4,3,7,0,-2,-2,-1,-3,4,-3,0,-1,-1,-1,-1,-1,3,-1
KR_6729126448,420,-1,-61,-5,-5,1,1,2,-2,3,1,-1,4,3,-3,4,1,0,0,0,0,-1,-4,-1,-4,5,-1,0,0,1,-1,0,-1,2,-1
KR_6756307129,420,-4,2,-16,-7,3,0,3,-4,4,0,0,1,1,-5,7,2,-1,2,1,0,-12,-41,1,-6,5,17,0,-1,-1,1,-1,-1,2,-1
KR_6763260635,420,-3,-49,-4,-8,-1,1,0,-4,5,1,-2,2,0,0,1,1,-1,1,0,0,-5,-1,4,-7,3,-3,0,0,-1,0,0,-1,3,-1
KR_6718778235,420,-1,-3,-8,3,0,2,2,0,4,4,1,1,2,3,2,5,-1,1,0,0,8,37,2,-2,0,-19,0,1,1,1,1,1,3,-1
KR_6752233382,420,0,21,5,1,-1,3,2,-1,4,3,3,0,3,-1,5,4,1,2,3,1,-1,10,2,-6,4,3,0,-1,1,-1,-1,1,2,-1
KR_6620317153,420,-2,-83,4,-6,-4,4,0,1,1,2,-3,4,1,0,1,1,0,0,0,0,-2,-3,0,-3,3,-1,0,-1,-1,0,-1,-1,2,-1
KR_6715608660,420,-1,-14,-12,-5,0,0,0,1,2,3,-2,3,1,-5,7,2,1,2,3,0,-3,-125,-2,-3,5,0,0,0,-1,-1,0,-1,4,-1
KR_6760898164,420,0,59,12,5,5,0,5,0,2,2,-2,2,0,1,0,1,1,0,1,0,5,-1,0,-1,1,4,0,1,1,1,1,1,4,-1
KR_6762728035,420,-1,-33,14,-6,-1,2,1,-8,8,0,3,1,4,0,0,0,0,0,0,0,-10,117,0,-3,3,1,0,-1,1,-1,-1,-1,2,-1
KR_6755439468,420,-1,-23,-32,0,4,0,4,2,3,5,1,1,2,-7,9,2,0,1,1,-1,2,0,1,-4,3,-1,0,0,-1,1,-1,-1,6,-1
KR_6685665306,420,1,48,-16,3,1,1,2,1,2,3,3,0,3,-3,5,2,1,2,3,0,3,-15,2,-4,2,1,0,1,1,1,1,1,6,-1
KR_6727421137,420,-3,-15,-4,-8,-6,6,0,1,1,2,-1,3,2,0,2,2,-2,2,0,0,-7,-9,2,-3,1,2,0,-1,-1,-1,-1,-1,4,-1
KR_6762862678,420,-1,-89,0,6,-5,6,1,0,4,4,4,0,4,6,2,8,1,0,1,2,19,2,2,-3,1,0,0,-1,1,-1,-1,1,1,-1
KR_6662467131,420,-4,-84,7,-8,-8,9,1,1,2,3,-3,4,1,4,0,4,-2,3,1,-1,6,4,-2,-1,3,-1,0,-2,-1,-1,-1,-1,1,-1
KR_6743619920,440,-3,-56,-4,-4,-4,4,0,-2,2,0,5,0,5,2,2,4,-5,5,0,-1,3,-39,-3,-1,4,-1,0,0,1,-1,0,-1,2,-1
KR_6651445458,420,-1,-3,-24,-3,2,1,3,-2,3,1,0,0,0,-1,4,3,-2,2,0,0,-6,-196,3,-6,3,-5,0,0,1,-1,0,-1,1,-1
KR_6726316307,420,-1,-30,56,0,-2,2,0,1,0,1,0,2,2,3,2,5,-2,2,0,0,0,-1,-2,-3,5,3,0,0,-1,-1,1,1,3,-1
KR_6760763524,420,0,23,2,-3,-1,3,2,-6,7,1,5,1,6,-1,4,3,0,0,0,0,-4,-7,-1,-2,3,5,0,0,-1,0,0,-1,4,-1
KR_6682555945,420,-2,-52,-21,-6,-4,4,0,1,0,1,1,1,2,-5,6,1,1,0,1,0,-7,13,1,-2,1,0,0,-1,-1,0,-1,-1,1,-1
KR_6706406584,420,-2,13,8,-3,-1,3,2,1,2,3,-1,2,1,1,3,4,-3,3,0,0,2,-114,1,-5,4,0,0,-1,0,-1,-1,1,0,-1
KR_6737611063,440,1,1,-3,3,1,1,2,-5,6,1,2,0,2,1,2,3,4,2,6,0,6,-12,-2,-4,6,-8,0,1,-1,1,1,1,6,-1
KR_6752215526,440,-6,-124,-32,-14,-2,2,0,-5,6,1,-7,8,1,-1,4,3,1,3,4,0,-4,-6,-2,0,2,1,0,-1,-1,-1,-1,-1,2,-1
KR_6763402389,420,2,-22,-15,3,2,2,4,-1,2,1,2,1,3,0,3,3,0,0,0,0,3,2,0,-3,3,2,0,-1,-1,-1,1,1,4,-1
KR_6749512084,420,-1,23,-12,-2,-3,4,1,1,1,2,2,6,8,-1,5,4,-1,2,1,0,2,0,-3,-1,4,2,0,0,0,0,1,1,0,-1
KR_6762862227,420,-2,-71,-21,1,0,1,1,0,9,9,-3,3,0,1,3,4,3,1,4,0,5,13,-1,-2,3,-1,0,-1,-1,1,-1,1,5,-1
KR_6756654091,420,-2,-71,-18,-3,2,2,4,-4,4,0,3,1,4,-3,3,0,-1,2,1,0,-2,7,-3,-1,4,-3,0,1,0,0,1,1,0,-1
KR_6753527864,420,2,-34,-3,2,-2,3,1,3,5,8,2,2,4,-2,3,1,1,0,1,0,14,280,0,-5,5,3,0,-2,1,-1,-1,-1,5,-1
KR_6759102308,420,-4,-9,-8,-4,2,1,3,1,1,2,-2,4,2,-6,7,1,1,0,1,0,3,-4,-3,-3,6,2,0,0,0,1,0,-1,0,-1
KR_6643660075,420,-4,-39,-75,-11,5,0,5,-10,12,2,-3,4,1,-1,2,1,-2,2,0,0,-5,-11,0,-1,1,-3,0,1,-1,-1,1,1,6,-1
KR_6732596835,420,0,-24,12,8,1,1,2,0,1,1,4,4,8,3,0,3,0,1,1,0,10,-4,-2,-1,3,-1,0,2,-1,1,1,1,1,-1
KR_6759986948,420,0,-19,-22,9,0,1,1,6,1,7,3,1,4,0,4,4,0,1,1,1,9,-18,1,-4,3,1,0,2,-1,1,1,1,6,-1
KR_6744094849,420,-5,-88,5,-6,-2,3,1,1,1,2,-2,6,4,-3,3,0,0,0,0,-1,-13,0,2,-6,4,0,0,-1,1,1,-1,-1,4,-1
KR_6755645972,420,0,-15,-4,-6,-1,3,2,-1,1,0,0,2,2,-3,5,2,-1,1,0,0,-1,-16,0,-3,3,1,0,0,-1,1,0,-1,5,-1
KR_6752673071,420,-1,-31,12,-11,0,1,1,-2,2,0,-2,3,1,-7,8,1,0,4,4,-1,-9,17,-1,-1,2,-3,0,0,-1,1,-1,-1,6,-1
KR_6689615013,440,-7,-21,-47,-21,0,1,1,-10,10,0,-5,6,1,-5,6,1,-1,1,0,0,-20,-5,-2,-2,4,-1,0,-1,-1,-1,-1,-1,6,-1
KR_6756919724,420,3,-25,28,2,1,2,3,3,1,4,-1,3,2,-2,2,0,1,0,1,0,5,9,0,0,0,-2,0,-2,-1,1,-1,1,2,-1
KR_6682791677,420,-1,25,-28,0,-4,4,0,0,2,2,3,1,4,2,2,4,-1,1,0,0,-1,3,2,-3,1,-2,0,0,-1,0,0,1,6,-1
KR_6762091288,420,2,1,1,2,6,0,6,-1,3,2,2,2,4,-4,5,1,-1,1,0,0,0,-15,1,-2,1,-3,0,1,-1,1,-1,1,6,-1
KR_6763983262,420,-1,29,1,-3,-3,5,2,-3,3,0,4,1,5,1,0,1,-2,2,0,0,-4,7,3,-3,0,3,0,-1,1,-1,-1,1,3,-1
KR_6695347572,420,-8,-78,-60,-16,-1,2,1,-4,4,0,-3,3,0,-2,2,0,-6,6,0,0,-14,-3,-1,-2,3,-1,0,-2,-1,1,-1,-1,1,-1
KR_6656855408,420,-3,-39,-20,-9,-5,5,0,0,2,2,0,2,2,-2,3,1,-2,3,1,0,-7,-24,-8,-2,10,4,0,-1,-1,-1,-1,-1,4,-1
KR_6717449622,420,-2,-57,-37,-5,-3,3,0,3,1,4,5,2,7,-4,6,2,-6,6,0,-1,3,4,1,-4,3,1,0,-2,0,-1,-1,-1,0,-1
KR_6760196037,420,0,22,-33,-2,1,1,2,1,1,2,-3,3,0,-3,3,0,2,0,2,0,-5,-7,0,-4,4,6,0,-1,-1,-1,-1,1,1,-1
KR_6764463008,420,0,-88,16,-4,-2,2,0,1,1,2,2,2,4,-4,7,3,-1,2,1,-1,-7,4,-2,-3,5,2,0,-1,1,1,-1,-1,5,-1
KR_6619875129,420,3,16,3,5,4,2,6,-3,6,3,0,1,1,3,1,4,1,1,2,0,2,11,0,-2,2,2,0,1,0,1,1,-1,0,-1
KR_6739578610,420,1,23,-1,5,-2,2,0,-3,4,1,1,3,4,5,2,7,4,1,5,0,2,-7,-3,-1,4,1,0,1,0,-1,1,1,0,-1
KR_6750484078,420,-2,-49,24,-4,-1,2,1,1,3,4,2,2,4,-6,6,0,0,3,3,0,1,-11,0,-2,2,1,0,-1,0,0,-1,-1,0,-1
KR_6725219670,420,1,0,8,11,5,0,5,-3,4,1,1,5,6,6,0,6,2,0,2,0,14,-167,0,-2,2,3,0,-1,0,-1,-1,1,0,-1
KR_6637446780,420,2,-30,16,0,-3,4,1,2,0,2,-4,6,2,3,2,5,2,1,3,0,7,-4,-6,-2,8,5,0,0,1,1,-1,-1,3,-1
KR_6695269141,420,3,18,4,3,2,0,2,-1,2,1,1,2,3,2,0,2,-1,1,0,0,2,-4,1,-1,0,0,0,0,-1,-1,0,1,5,-1
KR_6657813034,420,-2,-71,12,-8,1,2,3,-1,2,1,0,4,4,-7,7,0,-1,1,0,0,-9,41,2,-5,3,-27,0,-1,-1,1,-1,-1,3,-1
KR_6733239175,420,-2,-73,-11,-6,-1,2,1,1,2,3,-1,3,2,-3,4,1,-2,2,0,0,-2,-3,-2,-1,3,-2,0,0,-1,1,0,-1,5,-1
KR_6764239326,420,0,-37,-24,2,2,0,2,-2,3,1,1,0,1,2,2,4,-1,1,0,0,-3,6,2,-4,2,3,0,0,0,1,0,1,0,-1
KR_6681777085,420,-2,45,-28,-10,-2,3,1,-3,3,0,-1,2,1,-1,1,0,-3,3,0,0,-14,-2,2,-7,5,-4,0,-1,-1,-1,-1,-1,4,-1
KR_6735870057,420,-6,-63,-1,-2,-2,2,0,0,2,2,-1,1,0,1,0,1,0,0,0,0,0,-3,2,-7,5,4,0,0,1,1,0,1,2,-1
KR_6684971922,420,0,-36,12,0,1,2,3,7,1,8,-3,4,1,-1,1,0,-4,4,0,1,1,315,1,-3,2,-3,0,0,1,1,1,1,1,-1
KR_6652611003,420,0,-48,4,-3,-3,5,2,0,2,2,2,1,3,-1,4,3,-1,1,0,0,-4,7,0,-3,3,-2,0,0,1,1,-1,-1,3,-1
KR_6739447596,420,-2,-28,-24,-10,1,0,1,-2,4,2,-1,3,2,-7,7,0,-1,1,0,0,-14,-8,-2,-4,6,2,0,0,-1,-1,0,1,5,-1
KR_6719034822,440,2,55,-9,2,2,0,2,-2,5,3,-2,2,0,-5,5,0,9,0,9,1,-6,18,2,-5,3,1,0,0,-1,-1,0,1,6,-1
KR_6697019780,420,-2,-77,4,-7,-2,2,0,-4,5,1,1,3,4,-2,3,1,0,0,0,0,-10,3,0,-2,2,-5,0,-1,1,-1,-1,-1,2,-1
KR_6740211475,420,-3,27,-12,1,4,0,4,0,3,3,-2,2,0,0,2,2,-1,1,0,0,-2,-10,1,-2,1,0,0,0,1,-1,-1,-1,4,-1
KR_6723578742,440,-2,-78,-7,-5,-4,5,1,0,2,2,3,0,3,-4,4,0,0,0,0,1,-5,1,2,-3,1,-1,0,-1,1,1,-1,1,3,-1
KR_6713136840,420,-2,-130,13,-3,1,1,2,2,0,2,-4,5,1,-3,3,0,1,0,1,0,-7,-25,-3,-2,5,-2,0,0,-1,-1,0,-1,1,-1
KR_6751163803,420,-3,5,-12,-9,0,1,1,-5,7,2,-5,6,1,2,0,2,-1,1,0,0,-8,1,4,-10,6,-2,0,0,0,1,0,-1,0,-1
KR_6755069802,420,-2,18,-44,-4,-4,7,3,-1,1,0,3,0,3,-3,4,1,1,0,1,0,-3,-6,-5,0,5,1,0,0,-1,0,0,1,6,-1
KR_6644308437,420,1,-9,3,1,3,1,4,-2,7,5,2,2,4,-1,1,0,-1,2,1,-1,-3,-12,0,-2,2,-3,0,0,-1,0,0,-1,3,-1
KR_6754177453,420,0,10,10,-1,0,1,1,3,0,3,-7,9,2,2,0,2,1,2,3,1,10,-15,0,-2,2,-1,0,-1,-1,-1,-1,1,3,-1
KR_6665395128,420,-3,3,-8,-7,-2,3,1,-2,2,0,-3,5,2,-2,2,0,2,0,2,-1,-8,-21,0,-2,2,2,0,-2,1,1,-1,-1,6,-1
KR_6662530587,420,-3,-57,-4,-7,-1,5,4,-4,6,2,-1,4,3,-3,4,1,2,0,2,0,-5,0,-3,-3,6,-2,0,-1,-1,-1,-1,-1,6,-1
KR_6761791088,420,2,78,-15,5,3,0,3,0,2,2,2,1,3,-1,1,0,1,0,1,0,1,-158,2,-5,3,1,0,1,-1,-1,1,1,3,-1
KR_6759491165,420,-1,-5,0,2,-1,1,0,-1,2,1,-3,3,0,5,2,7,2,0,2,0,-2,3,4,-5,1,-1,0,-1,1,-1,-1,1,2,-1
KR_6748146460,440,-4,-97,8,-10,-3,4,1,-2,6,4,-1,4,3,0,3,3,-4,4,0,-2,-7,-20,-5,-2,7,1,0,-3,-1,1,-1,-1,6,-1
KR_6758965054,420,-3,-14,-8,-12,-1,4,3,-1,2,1,-3,6,3,-6,6,0,-1,3,2,0,-8,1,-5,-3,8,2,0,0,-1,-1,0,1,2,-1
KR_6728965592,420,-7,-86,-36,-9,5,1,6,-1,1,0,-7,7,0,-5,9,4,-1,1,0,0,-8,-9,-4,0,4,0,0,-2,-1,-1,-1,1,2,-1
KR_6685847547,420,2,-1,-8,4,0,0,0,0,0,0,2,0,2,-1,3,2,3,0,3,0,-1,20,0,-3,3,-4,0,-1,0,-1,-1,-1,0,-1
KR_6763116101,420,-4,-18,-28,-10,-3,3,0,-1,2,1,2,1,3,-5,6,1,-3,3,0,0,-5,0,0,-1,1,-1,0,-1,-1,-1,-1,-1,6,-1
KR_6747391385,440,-2,68,10,-7,0,3,3,-8,8,0,-3,4,1,2,2,4,2,1,3,0,-6,-2,-1,-3,4,-4,0,2,-1,1,1,-1,3,-1
KR_6730289300,420,-8,-84,-33,-26,-8,8,0,-12,12,0,0,4,4,0,1,1,-6,7,1,-3,-17,1,-2,0,2,-1,0,-4,-1,-1,-1,-1,6,-1
KR_6611978837,420,-1,-48,-32,-2,5,0,5,-4,7,3,-3,3,0,0,2,2,0,0,0,0,1,-5,-3,-5,8,-1,0,0,-1,1,0,1,3,-1
KR_6728463092,420,-1,-6,-4,-4,-4,4,0,-4,5,1,0,1,1,-1,1,0,5,0,5,1,-1,28,-1,-2,3,-21,0,0,0,-1,-1,1,0,-1
KR_6671583645,420,-4,34,-4,-8,-1,5,4,1,0,1,-9,12,3,2,2,4,-1,2,1,0,3,16,2,-6,4,-2,0,3,-1,1,1,-1,5,-1
KR_6642004223,420,0,4,0,-3,1,1,2,-1,2,1,-4,5,1,2,2,4,-1,2,1,0,2,-2,0,-2,2,0,0,0,-1,-1,-1,1,4,-1
KR_6751689938,420,-3,-37,-5,-8,-2,3,1,-3,4,1,-2,2,0,2,3,5,-3,4,1,0,0,-12,1,-4,3,-1,0,-1,-1,0,-1,1,1,-1
KR_6696845328,420,0,-43,28,4,0,2,2,3,1,4,2,1,3,-2,3,1,1,3,4,1,-3,-7,-1,-2,3,0,0,0,0,0,0,1,0,-1
KR_6689364700,440,-2,-4,-16,-5,-3,6,3,-6,6,0,3,2,5,0,2,2,1,3,4,-2,-10,-22,-2,-3,5,0,0,-2,-1,-1,-1,-1,2,-1
KR_6725534731,420,-4,-50,-8,-9,1,4,5,0,2,2,-3,5,2,-9,9,0,2,0,2,0,-12,-163,2,-2,0,-6,0,0,-1,1,-1,-1,5,-1
KR_6760754961,420,-3,-37,-8,-7,-2,3,1,-1,4,3,-2,3,1,-4,5,1,2,2,4,0,-2,13,-2,0,2,1,0,0,-1,1,-1,-1,4,-1
KR_6696067075,420,-2,-77,11,5,0,2,2,4,0,4,8,0,8,-5,5,0,-2,2,0,0,4,9,4,-5,1,-2,0,0,0,1,0,1,0,-1
KR_6641424102,420,1,-12,-33,3,1,0,1,-1,3,2,2,3,5,1,2,3,0,0,0,0,6,0,-1,-2,3,0,0,1,-1,-1,-1,-1,1,-1
KR_6742955045,420,-1,-77,16,-8,1,1,2,-2,3,1,3,1,4,-10,10,0,0,3,3,1,-13,12,0,-3,3,-1,0,-2,1,1,-1,1,4,-1
KR_6747813206,420,-2,-71,-14,-2,2,0,2,0,0,0,-2,3,1,0,2,2,-2,2,0,0,-3,-8,2,-2,0,3,0,-1,-1,1,-1,1,6,-1
KR_6633857551,420,3,29,-1,3,1,3,4,4,0,4,2,0,2,-3,5,2,-1,1,0,0,3,-19,0,-2,2,1,0,-1,0,1,-1,1,0,-1
KR_6758857731,420,-1,-48,-22,-5,-3,4,1,2,1,3,-1,2,1,-2,7,5,-1,1,0,-1,3,1,0,-2,2,2,0,-2,1,1,-1,-1,6,-1
KR_6710376909,420,0,10,-19,0,-3,3,0,1,0,1,3,2,5,-1,3,2,0,1,1,1,4,-3,-3,-2,5,3,0,-1,-1,-1,-1,1,5,-1
KR_6726690883,420,-3,-68,-36,-3,2,0,2,1,2,3,-3,3,0,-1,3,2,-2,3,1,0,-7,-6,-5,-1,6,3,0,-1,-1,-1,-1,-1,1,-1
KR_6736277350,420,0,49,-4,-4,-1,1,0,0,4,4,-3,5,2,0,1,1,0,0,0,-1,-9,18,-4,-1,5,-4,0,0,-1,0,0,-1,4,-1
KR_6738205568,420,0,-57,14,2,-1,2,1,6,0,6,-3,4,1,0,2,2,0,1,1,0,2,17,-1,-2,3,-4,0,0,-1,1,0,1,5,-1
KR_6762656146,420,-2,28,-30,-3,-2,6,4,3,0,3,-1,3,2,-4,4,0,1,0,1,0,-2,-3,-3,-1,4,-4,0,-1,-1,-1,-1,1,5,-1
KR_6749393112,420,-3,-101,-56,2,0,3,3,0,0,0,5,1,6,-3,3,0,0,0,0,0,-2,-40,1,-4,3,13,0,0,0,1,-1,1,0,-1
KR_6685253670,420,-5,-106,1,-16,-9,9,0,0,2,2,-6,6,0,-1,1,0,0,1,1,0,-10,-23,-1,-2,3,-3,0,-3,1,-1,-1,-1,3,-1
KR_6736231068,420,-1,-28,8,-1,-2,5,3,0,2,2,1,1,2,0,2,2,0,1,1,0,0,151,-1,-5,6,0,0,-1,1,-1,-1,1,5,-1
KR_6763635887,420,-2,-55,8,-2,-3,4,1,3,0,3,-2,4,2,-1,2,1,1,0,1,0,-2,3,2,-4,2,0,0,-1,-1,1,-1,1,5,-1
KR_6719192876,420,-3,-25,-32,-6,-2,4,2,-2,5,3,2,1,3,-1,1,0,-3,6,3,0,-4,7,-3,-1,4,-6,0,-1,-1,-1,-1,-1,3,-1
KR_6762940458,420,0,-24,-16,2,1,0,1,-2,3,1,3,0,3,1,2,3,-1,1,0,0,-2,-9,1,-3,2,-1,0,0,1,1,-1,1,3,-1
KR_6739793424,420,3,91,0,12,4,2,6,6,1,7,3,2,5,0,1,1,-1,4,3,1,3,-4,1,-2,1,-1,0,1,0,0,1,1,0,-1
KR_6748962729,420,1,-64,17,-3,-5,6,1,5,2,7,-3,5,2,1,4,5,-1,2,1,1,0,-124,-5,-2,7,1,0,0,1,1,1,1,6,-1
KR_6756356892,420,-5,-51,4,-7,-5,5,0,0,2,2,-3,6,3,1,3,4,0,2,2,-3,-2,-4,4,-5,1,-1,0,-1,1,1,-1,-1,5,-1
KR_6705236914,440,0,26,-20,1,6,0,6,-2,4,2,-2,2,0,-1,3,2,0,0,0,0,-4,10,2,-3,1,-4,0,0,1,-1,0,1,1,-1
KR_6658527798,420,-1,6,-22,-9,-1,3,2,-2,3,1,-1,1,0,-5,6,1,0,1,1,0,-6,-10,4,-6,2,4,0,0,-1,1,0,-1,2,-1
KR_6732152926,420,0,-71,7,-1,1,1,2,2,2,4,-3,4,1,-2,3,1,1,0,1,0,-2,-9,-3,-1,4,3,0,0,-1,0,0,-1,3,-1
KR_6760119031,420,-2,-45,-16,-7,0,2,2,-1,2,1,-2,8,6,-2,3,1,-2,2,0,-1,-7,-4,-2,-2,4,-1,0,-1,-1,0,-1,-1,6,-1
KR_6733274596,420,-4,-47,29,-8,-4,6,2,-1,2,1,2,5,7,-6,10,4,1,1,2,-1,-7,-30,1,-5,4,33,0,0,-1,1,-1,-1,5,-1
KR_6751922456,420,-4,-89,-24,-6,0,0,0,-4,6,2,0,2,2,1,2,3,-3,3,0,-1,-3,59,-1,-3,4,-1,0,-2,-1,-1,-1,-1,3,-1
KR_6749100053,440,1,-2,1,2,-2,5,3,1,2,3,1,3,4,-1,7,6,3,0,3,1,-7,16,3,-10,7,-4,0,0,1,-1,1,1,4,-1
KR_6753080515,420,-1,20,-4,1,1,0,1,4,1,5,-2,2,0,-1,4,3,-1,1,0,0,1,-8,1,-2,1,-1,0,0,-1,1,0,-1,5,-1
KR_6695737841,440,1,-58,0,3,3,1,4,4,1,5,-3,3,0,-2,3,1,1,0,1,0,3,1,0,-1,1,-1,0,1,1,1,1,-1,4,-1
KR_6696148882,440,-4,-61,-16,-5,0,3,3,-4,10,6,-3,3,0,1,2,3,1,1,2,1,-7,-1,1,-3,2,1,0,-2,1,0,-1,1,2,-1
KR_6739782644,440,-2,-138,-8,-2,-2,3,1,0,1,1,-3,3,0,3,3,6,0,1,1,0,3,-6,-1,-3,4,3,0,0,-1,1,0,-1,2,-1
KR_6649896389,420,-1,-15,-8,-8,1,2,3,-1,3,2,4,0,4,-7,8,1,-5,5,0,0,-8,-1,-4,0,4,0,0,-1,-1,-1,-1,-1,6,-1
KR_6738260252,440,3,38,4,-7,-1,1,0,1,0,1,-2,2,0,0,2,2,-5,6,1,0,-5,11,1,-5,4,0,0,1,0,0,1,-1,0,-1
KR_6736308173,420,-1,-73,-8,-7,1,1,2,1,0,1,-3,4,1,-3,5,2,-3,3,0,0,-3,-10,3,-3,0,3,0,1,-1,1,1,-1,6,-1
KR_6626297526,420,-6,-93,-15,-15,-1,1,0,-2,4,2,-8,9,1,-4,5,1,0,2,2,0,-14,327,0,-5,5,-2,0,-2,-1,0,-1,1,4,-1
KR_6751950751,420,1,-19,20,1,-2,3,1,0,1,1,1,2,3,-1,1,0,3,1,4,0,5,-117,-3,0,3,1,0,0,1,-1,-1,1,5,-1
KR_6712702098,420,-3,-28,-20,-4,0,0,0,-3,5,2,-2,4,2,0,2,2,1,2,3,1,3,0,1,-1,0,0,0,0,0,-1,0,-1,0,-1
KR_6638568396,420,-2,-94,-13,0,-2,2,0,3,1,4,-3,3,0,3,3,6,-1,1,0,0,3,0,2,-4,2,-1,0,-1,-1,-1,-1,-1,6,-1
KR_6738608447,420,-1,15,0,-6,4,0,4,-6,8,2,-9,9,0,3,0,3,2,0,2,0,-5,18,3,-4,1,-5,0,-1,-1,-1,-1,1,1,-1
KR_6753005335,420,-3,-43,-35,2,-6,6,0,1,2,3,6,0,6,-1,2,1,2,0,2,0,-1,139,-2,-2,4,-1,0,0,-1,0,0,1,4,-1
KR_6764483539,420,1,-23,-8,0,2,1,3,-3,4,1,-2,2,0,3,2,5,0,3,3,1,4,2,0,-5,5,-1,0,1,1,-1,1,1,1,-1
KR_6745747517,420,-5,-79,0,-7,-5,5,0,0,3,3,-2,4,2,-1,3,2,1,1,2,0,-3,280,-4,-2,6,-1,0,-1,1,-1,-1,1,2,-1
KR_6759665542,420,-4,-137,-9,-5,-9,10,1,5,2,7,1,3,4,-2,3,1,0,0,0,0,0,-7,3,-4,1,1,0,-3,-1,1,-1,-1,3,-1
KR_6740733763,420,-5,-92,-32,-10,-3,4,1,-4,7,3,-2,4,2,0,3,3,-1,1,0,-2,0,11,3,-5,2,0,0,-2,0,-1,-1,-1,0,-1
KR_6745584534,420,0,63,-60,9,4,1,5,3,1,4,0,0,0,2,1,3,0,0,0,0,4,8,2,-5,3,3,0,0,-1,-1,0,1,1,-1
KR_6727818166,420,-3,-16,3,-8,-3,4,1,-1,2,1,0,2,2,-1,3,2,-3,3,0,0,-9,-228,-1,-3,4,-2,0,1,-1,-1,1,-1,2,-1
KR_6759079617,420,-5,-117,-30,-10,-3,7,4,-3,4,1,-7,8,1,3,0,3,0,0,0,0,6,-9,-2,-4,6,3,0,-2,0,-1,-1,-1,0,-1
KR_6750793164,420,3,45,-3,0,1,4,5,-5,7,2,1,0,1,2,1,3,1,0,1,-1,0,-78,-5,-1,6,2,0,0,1,0,1,-1,5,-1
KR_6724711500,420,-4,-51,-28,-4,-2,3,1,-1,2,1,0,0,0,-3,3,0,2,0,2,0,-5,31,-3,-1,4,-17,0,-1,-1,-1,-1,1,3,-1
KR_6719171189,440,-4,-113,-23,-11,-2,2,0,-3,5,2,-2,6,4,0,4,4,-4,4,0,-1,-11,-12,-3,-2,5,3,0,0,-1,1,1,-1,6,-1
KR_6763910082,420,0,17,14,5,-5,6,1,7,1,8,2,0,2,0,1,1,1,0,1,0,11,115,4,-6,2,-1,0,1,-1,-1,1,-1,1,-1
KR_6664272195,440,-3,-94,-5,-11,-3,3,0,-8,8,0,0,1,1,-3,6,3,3,1,4,0,-12,-20,-6,0,6,1,0,-1,-1,0,-1,1,1,-1
KR_6752431940,420,-3,14,-4,-9,-2,3,1,-3,4,1,-3,3,0,-3,5,2,2,0,2,0,-8,-1,3,-6,3,-5,0,0,1,-1,0,1,3,-1
KR_6764405208,420,-1,44,4,-7,-6,8,2,-1,2,1,-3,3,0,3,0,3,0,1,1,0,0,46,5,-6,1,-7,0,0,1,0,0,-1,3,-1
KR_6752119604,420,0,5,-20,-8,-1,2,1,-2,2,0,-7,7,0,3,0,3,-1,1,0,0,-1,-9,0,-1,1,-1,0,2,1,-1,1,-1,6,-1
KR_6661274894,420,-3,-98,-24,-12,-5,5,0,-2,3,1,1,2,3,-1,1,0,-5,5,0,-1,-15,-4,1,-1,0,1,0,-1,-1,0,-1,-1,5,-1
KR_6720680213,440,-5,-30,-3,-10,-4,5,1,-1,5,4,1,0,1,-6,9,3,0,3,3,0,-11,-42,-2,-2,4,21,0,-2,0,-1,-1,-1,0,-1
KR_6678077300,420,1,65,-12,10,3,2,5,-1,3,2,5,1,6,2,4,6,1,1,2,-1,5,2,-1,-3,4,0,0,1,0,1,1,-1,0,-1
KR_6761400230,440,-2,23,-20,-7,0,2,2,-1,1,0,0,2,2,-2,3,1,-4,5,1,0,-12,-9,0,-4,4,1,0,0,-1,-1,-1,-1,1,-1
KR_6602924348,420,0,0,18,6,3,3,6,-1,3,2,0,2,2,4,0,4,0,0,0,2,3,0,2,-2,0,2,0,1,1,1,1,1,4,-1
KR_6759993917,420,-3,7,-1,-10,0,2,2,-3,4,1,-6,6,0,-1,2,1,0,0,0,0,-2,-12,-2,-1,3,0,0,-2,-1,-1,-1,-1,3,-1
KR_6670284009,420,-5,4,-17,-9,-2,4,2,-1,4,3,-1,5,4,-3,5,2,-2,3,1,0,-8,-37,1,-4,3,8,0,-1,0,-1,-1,-1,0,-1
KR_6629561111,420,-3,-73,36,-6,-4,5,1,-1,2,1,0,2,2,2,2,4,-3,4,1,0,1,-2,1,-2,1,-1,0,-3,-1,-1,-1,-1,5,-1
KR_6663528818,420,0,-43,8,-1,-2,3,1,-3,5,2,5,1,6,-1,3,2,0,0,0,-1,-1,-14,-5,-5,10,0,0,-1,0,0,-1,1,0,-1
KR_6762105815,420,-5,-81,-32,-6,0,4,4,0,2,2,0,3,3,-5,6,1,-1,3,2,0,-6,-7,0,-3,3,-2,0,0,-1,0,-1,-1,3,-1
KR_6736126829,420,0,-60,-8,-1,-4,4,0,0,1,1,0,1,1,2,0,2,1,0,1,0,7,-14,1,-2,1,3,0,-1,1,-1,-1,-1,6,-1
KR_6755079443,420,-3,-28,-21,-8,-3,3,0,0,2,2,-2,4,2,-2,6,4,-1,3,2,0,-9,-334,-3,-1,4,-1,0,0,-1,-1,-1,1,3,-1
KR_6761503013,420,-6,-81,-45,-13,-4,5,1,-2,2,0,0,0,0,-8,9,1,1,0,1,0,-12,-4,0,-4,4,1,0,-2,-1,-1,-1,-1,5,-1
KR_6743880112,420,-2,-23,38,-13,-4,6,2,-1,1,0,-3,3,0,-3,3,0,-2,3,1,-1,-16,-15,-1,-6,7,-3,0,-2,-1,-1,-1,-1,1,-1
KR_6726046888,420,-2,-34,-20,-6,0,3,3,-6,11,5,-1,2,1,1,2,3,0,0,0,0,0,13,2,-4,2,0,0,-1,1,0,-1,-1,2,-1
KR_6724055669,420,-4,-34,-48,-9,-4,4,0,-1,4,3,-1,4,3,-3,4,1,0,0,0,0,-9,169,3,-3,0,-2,0,-1,-1,1,-1,1,3,-1
KR_6629529267,420,-5,-93,-4,-4,1,1,2,1,1,2,-4,4,0,-2,2,0,0,0,0,0,-3,-464,0,-2,2,-3,0,-3,-1,-1,-1,-1,5,-1
KR_6752093659,420,-2,-49,-16,1,0,2,2,1,1,2,-3,4,1,3,3,6,0,2,2,1,5,2,-1,-1,2,-2,0,0,-1,1,1,1,2,-1
KR_6693620683,420,3,54,2,6,2,1,3,1,2,3,3,0,3,-2,3,1,2,0,2,0,0,-74,-3,-2,5,4,0,0,1,1,1,1,5,-1
KR_6656704103,420,-3,-28,-63,-4,2,0,2,0,2,2,1,3,4,-9,11,2,2,0,2,0,-3,-37,0,0,0,0,0,-1,1,1,-1,-1,4,-1
KR_6722984631,440,5,-83,56,4,3,1,4,0,2,2,2,3,5,-1,2,1,0,0,0,0,-4,0,-1,-1,2,2,0,0,0,1,0,-1,0,-1
KR_6757744117,420,0,-104,24,-6,0,3,3,2,1,3,-5,11,6,-2,3,1,-1,1,0,-1,-11,4,2,-2,0,-1,0,0,-1,1,0,-1,4,-1
KR_6760603514,420,-3,-30,-8,-8,-7,7,0,3,0,3,1,1,2,-4,4,0,-1,1,0,0,-6,3,3,-4,1,-2,0,-1,1,1,1,-1,6,-1
KR_6674302712,420,-1,27,-33,0,-1,2,1,-1,2,1,2,2,4,-2,4,2,2,0,2,0,3,0,-4,-2,6,1,0,0,-1,-1,0,1,3,-1
KR_6759768693,420,-2,-79,-6,-8,-8,10,2,0,0,0,-3,6,3,3,1,4,0,2,2,0,-1,-2,-2,-2,4,2,0,-2,-1,1,-1,-1,3,-1
KR_6745882368,420,-3,11,-12,-9,3,0,3,0,2,2,-3,4,1,-6,6,0,-3,3,0,0,-11,105,1,-2,1,0,0,-1,-1,1,-1,1,5,-1
KR_6729332346,420,-2,-5,0,-3,1,1,2,-2,4,2,1,0,1,-1,2,1,-2,2,0,0,-5,227,-1,-2,3,-2,0,0,-1,-1,-1,-1,5,-1
KR_6754142047,420,-1,-52,6,-3,0,0,0,0,2,2,1,1,2,-5,5,0,1,1,2,0,0,-3,4,-5,1,-1,0,0,0,0,0,-1,0,-1
KR_6634854083,420,-1,-1,-4,-3,-4,4,0,3,1,4,-1,2,1,-1,4,3,0,0,0,0,4,4,2,-8,6,-4,0,-1,0,-1,-1,-1,0,-1
KR_6727874246,420,3,29,-14,4,6,1,7,-1,3,2,-3,4,1,1,2,3,1,0,1,0,1,-12,4,-6,2,-1,0,1,1,-1,1,1,6,-1
KR_6750701018,420,6,88,8,8,4,0,4,-1,3,2,2,2,4,3,3,6,0,0,0,-1,8,-3,3,-4,1,0,0,0,1,0,0,-1,1,-1
KR_6744664970,420,-4,-28,-16,-6,-6,6,0,-1,2,1,-1,4,3,0,1,1,2,0,2,0,1,-2,1,-1,0,0,0,0,-1,-1,-1,-1,1,-1
KR_6705098733,420,0,-18,-4,-4,-1,2,1,0,1,1,-2,7,5,-2,3,1,1,0,1,0,0,10,0,-5,5,-1,0,-1,-1,0,-1,-1,3,-1
KR_6721263758,420,1,-52,0,-1,2,0,2,-3,6,3,1,0,1,-1,2,1,0,0,0,0,-2,-5,-2,-4,6,4,0,0,-1,1,0,-1,2,-1
KR_6749315721,440,2,38,13,1,1,3,4,1,7,8,-5,7,2,3,1,4,1,0,1,-1,5,-13,-1,-4,5,3,0,3,1,1,1,-1,6,-1
KR_6743724737,440,-9,-122,1,-18,-11,12,1,-1,3,2,-2,3,1,-4,6,2,0,0,0,0,-13,-47,1,-5,4,11,0,-4,0,-1,-1,-1,0,-1
KR_6665220745,420,-4,-57,-18,-5,-3,3,0,-1,1,0,-2,3,1,1,0,1,0,2,2,0,-5,-39,2,-3,1,12,0,-1,-1,1,-1,-1,1,-1
KR_6668694210,420,3,-17,-12,4,-2,2,0,3,1,4,2,1,3,1,3,4,0,3,3,0,1,4,3,-6,3,1,0,1,1,1,1,1,2,-1
KR_6725880443,420,-3,1,-35,-1,0,3,3,2,0,2,-3,4,1,0,0,0,0,0,0,0,2,-5,-1,-1,2,0,0,-2,-1,-1,-1,1,5,-1
KR_6693286595,420,-6,-75,-16,-12,1,1,2,4,0,4,-2,3,1,-12,13,1,-3,4,1,-1,-10,-7,0,-1,1,17,0,-2,-1,-1,-1,1,1,-1
KR_6685764565,440,-3,-51,0,-6,1,2,3,-3,4,1,-2,4,2,-4,7,3,2,2,4,-1,-3,-15,4,-4,0,-3,0,-2,-1,-1,-1,-1,2,-1
KR_6746246206,420,-3,-73,-12,3,2,2,4,1,0,1,4,1,5,-1,2,1,-3,3,0,0,3,-2,0,-2,2,4,0,-2,0,-1,-1,-1,0,-1
KR_6707436526,420,-2,-68,24,-9,-3,4,1,1,1,2,-3,3,0,-3,4,1,-1,1,0,0,-6,-8,-1,-3,4,-3,0,-2,-1,1,-1,-1,5,-1
KR_6752234363,420,-2,-67,-8,3,0,3,3,2,2,4,6,2,8,-4,6,2,-1,2,1,1,0,-19,-4,0,4,2,0,1,-1,1,1,-1,1,-1
KR_6684178071,440,-2,-111,21,-6,1,1,2,-3,8,5,-1,1,0,-3,12,9,0,0,0,3,3,-2,0,-1,1,-1,0,-1,0,0,-1,1,0,-1
KR_6756416288,420,-2,68,4,-3,4,0,4,3,0,3,0,3,3,-8,10,2,-2,3,1,0,-2,-28,-1,-2,3,4,0,0,-1,1,-1,1,3,-1
KR_6576282191,420,-6,-136,-38,-11,0,1,1,-3,5,2,-11,11,0,2,1,3,1,0,1,0,-2,-8,-1,0,1,0,0,-1,-1,0,-1,-1,2,-1
KR_6747569579,420,0,52,-8,-3,1,3,4,2,0,2,4,0,4,-4,5,1,-6,6,0,0,-6,-12,-4,-1,5,3,0,0,0,0,0,-1,0,-1
KR_6753965424,420,-6,-102,-7,-11,4,3,7,-2,2,0,-9,9,0,-1,2,1,-3,3,0,0,-6,-13,2,-5,3,-5,0,-1,-1,-1,-1,1,2,-1
KR_6517857671,420,-5,-120,-43,2,4,2,6,1,0,1,1,3,4,-1,3,2,-3,5,2,-1,3,330,2,-3,1,-3,0,-1,0,-1,-1,-1,0,-1
KR_6653086923,440,-2,-96,12,-4,0,1,1,-1,3,2,0,2,2,-3,5,2,0,0,0,0,-1,4,0,-3,3,-1,0,0,-1,0,0,-1,1,-1
KR_6749919080,420,-3,17,8,-8,-4,5,1,-1,2,1,-3,5,2,-1,4,3,1,0,1,0,-7,5,-3,-2,5,-1,0,-1,-1,1,-1,-1,2,-1
KR_6721989489,420,-5,-30,-36,-15,-7,7,0,-3,4,1,3,6,9,-4,5,1,-4,4,0,-2,-10,38,-2,0,2,-36,0,-1,-1,-1,-1,1,5,-1
KR_6758011809,420,-2,18,-21,-6,0,2,2,-3,4,1,-2,3,1,2,0,2,-3,3,0,0,-3,-21,-5,-1,6,0,0,0,-1,-1,-1,-1,4,-1
KR_6731287826,420,-1,10,-6,-5,-1,3,2,2,3,5,-4,4,0,-2,2,0,0,1,1,0,-11,4,0,-1,1,0,0,-2,1,-1,-1,-1,6,-1
KR_6759491358,440,-3,-69,-11,0,-3,4,1,6,3,9,-5,6,1,0,3,3,2,0,2,0,9,5,-3,-5,8,-4,0,-1,1,-1,-1,-1,2,-1
KR_6737453814,420,-4,-85,-16,-11,0,0,0,2,1,3,-5,6,1,-4,6,2,-4,4,0,-1,-11,124,-2,-5,7,-7,0,-1,-1,1,-1,-1,2,-1
KR_6699003897,420,-5,-50,48,-7,-3,3,0,-3,4,1,1,2,3,-2,5,3,0,0,0,0,-5,5,0,-2,2,0,0,0,1,-1,-1,1,2,-1
KR_6732392438,420,-3,-78,-4,-10,-4,6,2,1,1,2,-5,9,4,-1,3,2,-1,1,0,-1,-3,-3,1,-3,2,-3,0,-1,-1,-1,-1,-1,4,-1
KR_6757982111,420,-4,-98,-11,-15,0,0,0,-4,5,1,-5,6,1,-6,6,0,0,1,1,-1,-10,-483,0,-1,1,-2,0,-1,-1,-1,-1,-1,6,-1
KR_6748198136,420,-4,-65,0,-10,0,2,2,-1,3,2,-1,3,2,-8,12,4,0,0,0,0,-15,-44,-3,-2,5,25,0,-1,-1,1,-1,-1,3,-1
KR_6062409920,420,-3,-20,-40,-5,1,2,3,-1,2,1,-4,4,0,0,0,0,-1,1,0,-1,-5,-35,0,-4,4,14,0,0,-1,1,0,-1,2,-1
KR_6758671862,420,0,27,8,-4,4,0,4,-1,2,1,-1,1,0,-6,7,1,0,0,0,0,-7,3,-1,-1,2,-1,0,0,1,-1,0,-1,4,-1
KR_6640928843,420,-2,20,4,-4,-2,3,1,2,4,6,0,1,1,-2,3,1,-2,2,0,0,-6,21,0,-3,3,0,0,0,-1,1,1,1,5,-1
KR_6674505031,420,-5,-43,-20,-6,-1,1,0,-5,5,0,-2,2,0,1,1,2,1,0,1,0,-7,2,-5,0,5,-1,0,0,0,-1,0,-1,0,-1
KR_6762530864,420,1,-38,1,-1,2,0,2,6,3,9,-1,7,6,-3,6,3,-5,5,0,0,6,-6,2,-2,0,-1,0,0,-1,0,0,-1,4,-1
KR_6716666252,420,-2,-33,-19,-5,3,0,3,-3,4,1,-1,1,0,-4,5,1,0,1,1,0,-9,-13,-5,0,5,2,0,-1,-1,-1,-1,1,1,-1
KR_6763238783,420,-1,14,24,-6,-3,3,0,-2,3,1,2,1,3,-5,5,0,2,0,2,-1,-9,-10,2,-6,4,-3,0,0,-1,0,0,-1,3,-1
KR_6755177230,420,-2,-5,-8,-3,-1,4,3,2,2,4,-2,2,0,-3,5,2,1,2,3,0,7,5,2,-6,4,-2,0,0,1,0,0,1,5,-1
KR_6741488785,420,1,-21,-16,-4,-4,5,1,0,2,2,-2,4,2,1,3,4,1,1,2,0,0,2,-3,-3,6,-1,0,1,1,-1,1,-1,1,-1
KR_6747724075,420,-3,-46,5,-2,3,2,5,-2,3,1,-1,1,0,0,2,2,-2,3,1,0,-1,-2,-3,-3,6,-3,0,0,0,1,0,-1,0,-1
KR_6761225011,420,-2,13,24,-2,2,2,4,-1,2,1,-4,7,3,0,2,2,1,0,1,0,-5,44,0,-5,5,-20,0,0,1,1,1,-1,1,-1
KR_6752117982,420,-3,-64,-24,-15,0,1,1,-7,7,0,-1,2,1,-6,7,1,-1,2,1,0,-18,-34,0,-1,1,22,0,-1,-1,-1,-1,-1,3,-1
KR_6759380447,420,-3,-51,-33,0,-1,5,4,0,1,1,2,2,4,0,3,3,-1,2,1,1,-1,-2,-3,0,3,0,0,-1,0,-1,-1,1,0,-1
KR_6640935193,420,-1,28,25,-4,4,0,4,-2,6,4,0,2,2,-3,3,0,-3,3,0,0,-13,-8,1,-5,4,0,0,-1,-1,1,-1,1,4,-1
KR_6761261107,420,-4,9,4,-13,1,3,4,-4,4,0,-6,6,0,-3,6,3,-1,3,2,0,-16,4,-1,-4,5,-4,0,-1,-1,1,1,1,5,-1
KR_6739653800,420,-1,-42,-12,-4,2,1,3,-1,2,1,1,1,2,-2,2,0,-4,4,0,0,-8,-335,0,-1,1,1,0,-2,0,-1,-1,-1,0,-1
KR_6749980968,420,-1,-1,-25,5,-5,6,1,-2,4,2,4,3,7,6,1,7,2,1,3,1,7,6,5,-9,4,-2,0,0,1,1,1,1,5,-1
KR_6752725561,420,-1,-39,-9,-2,-1,3,2,2,0,2,0,2,2,-3,7,4,0,2,2,-1,1,3,2,-7,5,3,0,-1,1,-1,-1,-1,5,-1
KR_6632564981,420,-9,-92,-96,-14,2,0,2,-3,3,0,-2,3,1,-10,12,2,-1,1,0,0,-14,-9,0,-2,2,-2,0,-2,-1,-1,-1,-1,1,-1
KR_6758560572,420,3,76,12,-3,2,2,4,-1,3,2,-2,5,3,-2,4,2,0,4,4,1,-5,116,-1,-1,2,-1,0,1,-1,0,1,1,6,-1
KR_6762140016,420,-3,-100,-4,-13,0,0,0,1,1,2,-4,4,0,-2,4,2,-8,9,1,0,-6,-4,0,-1,1,1,0,-2,-1,-1,-1,-1,6,-1
KR_6746025956,420,0,25,-5,4,3,0,3,1,3,4,4,2,6,-1,2,1,-3,3,0,0,-4,7,4,-6,2,0,0,0,0,-1,1,1,0,-1
KR_6735324087,420,-2,-84,12,-10,0,2,2,-5,5,0,-5,8,3,0,1,1,0,1,1,0,-19,-104,-4,-1,5,0,0,0,-1,-1,-1,-1,2,-1
KR_6687906828,420,1,23,40,0,0,0,0,0,2,2,-2,3,1,3,1,4,-1,2,1,0,4,8,4,-7,3,-2,0,1,-1,1,1,-1,3,-1
KR_6718483792,420,3,-1,16,6,4,1,5,1,0,1,0,5,5,1,2,3,0,4,4,0,16,174,-3,-3,6,-2,0,1,1,0,1,-1,1,-1
KR_6759950315,420,-3,-57,-33,-12,3,0,3,-1,1,0,-1,1,0,-5,5,0,-8,8,0,0,-10,-33,-2,-2,4,1,0,-1,-1,-1,-1,-1,1,-1
KR_6648675618,420,1,3,4,0,-2,3,1,-3,4,1,-1,3,2,3,1,4,3,0,3,0,4,16,-2,-3,5,0,0,-1,1,1,-1,1,1,-1
KR_6762376903,420,-6,-125,16,-21,-2,3,1,-4,5,1,-6,6,0,-7,7,0,-2,2,0,0,-20,0,-5,0,5,-3,0,-3,0,-1,-1,-1,0,-1
KR_6760316087,420,-2,-7,-13,-13,0,1,1,0,3,3,-12,12,0,-1,4,3,0,1,1,0,-11,-11,-1,-3,4,-2,0,-1,-1,0,-1,1,2,-1
KR_6761523950,420,-5,-98,-6,-14,-8,9,1,-2,3,1,-4,4,0,-1,5,4,1,3,4,0,-1,2,0,-1,1,1,0,-3,-1,-1,-1,1,6,-1
KR_6753592804,420,-1,18,0,-9,2,1,3,-5,7,2,1,4,5,-6,7,1,-1,2,1,-2,-18,-11,-1,-3,4,3,0,-1,1,1,-1,-1,1,-1
KR_6703965272,420,0,4,-12,2,1,1,2,3,0,3,-2,5,3,1,2,3,-1,3,2,0,5,2,-2,-2,4,2,0,-2,-1,1,-1,-1,5,-1
KR_6641201997,420,-2,-56,4,-3,-3,3,0,3,2,5,-4,4,0,0,1,1,1,0,1,0,-1,4,1,-2,1,2,0,0,-1,1,0,1,4,-1
KR_6756228028,420,-3,-39,-24,-7,3,1,4,2,1,3,-4,6,2,-7,10,3,-1,2,1,-1,-5,-3,-5,-1,6,1,0,0,1,-1,-1,-1,4,-1
KR_6759927530,420,-1,9,-8,-3,1,3,4,-4,5,1,0,1,1,-1,4,3,1,0,1,-1,-3,7,5,-7,2,1,0,-1,1,-1,-1,-1,5,-1
KR_6756426036,420,-3,-46,-52,-5,0,1,1,-2,5,3,0,2,2,0,2,2,-3,3,0,0,0,-2,3,-7,4,0,0,0,-1,1,-1,1,5,-1
KR_6732874158,420,-4,-97,-34,-7,3,1,4,-3,5,2,-7,7,0,-1,1,0,1,0,1,0,2,228,-4,-1,5,-1,0,-1,0,0,-1,-1,0,-1
KR_6752170594,420,3,31,-20,10,9,1,10,-5,6,1,0,2,2,4,4,8,2,1,3,2,9,-5,1,-4,3,1,0,0,1,1,1,1,5,-1
KR_6763471220,420,-2,-11,0,-6,1,0,1,-2,4,2,2,1,3,-6,7,1,-1,1,0,-2,-11,221,-4,-2,6,6,0,0,-1,1,-1,-1,3,-1
KR_6724468961,420,-1,-17,-8,-1,2,1,3,1,1,2,-4,5,1,0,1,1,0,0,0,0,1,106,4,-7,3,-2,0,1,-1,1,1,1,2,-1
KR_6742633376,420,0,66,-25,-2,-3,4,1,5,0,5,0,1,1,3,0,3,-7,7,0,-1,-4,16,2,-2,0,2,0,1,-1,1,1,-1,6,-1
KR_6727984961,420,-2,-88,-22,-10,4,2,6,-3,3,0,-6,7,1,0,6,6,-5,5,0,-1,-9,-4,1,-3,2,-2,0,-1,-1,-1,-1,-1,4,-1
KR_6743905584,420,-3,-25,-26,-3,-3,4,1,-4,4,0,1,6,7,3,0,3,0,1,1,0,4,-173,2,-2,0,1,0,-1,-1,1,-1,1,5,-1
KR_6699969759,420,-5,-43,-12,-11,-4,4,0,1,2,3,-5,7,2,-2,2,0,-1,1,0,0,-8,-45,-1,0,1,1,0,0,0,0,0,-1,0,-1
KR_6603582307,420,1,3,-11,7,2,1,3,2,1,3,2,1,3,-4,4,0,5,1,6,0,11,7,-2,0,2,3,0,0,1,-1,1,-1,6,-1
KR_6762603483,440,-2,-48,2,-3,-4,5,1,2,1,3,1,3,4,0,2,2,-2,6,4,0,-4,4,0,-2,2,-3,0,-1,0,-1,-1,1,0,-1
KR_6725106716,420,1,-23,-39,5,4,2,6,-4,4,0,-4,8,4,7,4,11,2,0,2,0,4,-1,-4,-3,7,2,0,1,-1,0,1,1,4,-1
KR_6741350225,420,3,-1,28,9,0,0,0,2,3,5,2,0,2,5,0,5,0,1,1,0,7,11,4,-5,1,-3,0,0,0,-1,0,-1,0,-1
KR_6698057231,420,-5,-34,9,-6,1,0,1,2,1,3,-6,6,0,4,0,4,-7,9,2,0,1,-3,0,-1,1,0,0,-1,0,-1,-1,1,0,-1
KR_6734140371,440,-3,-22,-16,-6,-1,1,0,-1,3,2,-1,2,1,-1,1,0,-2,2,0,0,-4,-43,-2,0,2,2,0,-1,-1,-1,-1,1,2,-1
KR_6752027372,420,5,-63,12,13,-2,2,0,5,0,5,5,1,6,2,2,4,3,0,3,0,13,3,0,-1,1,-1,0,1,-1,0,1,1,6,-1
KR_6754266610,420,-1,-72,-4,-3,0,2,2,-2,2,0,0,0,0,-3,4,1,2,0,2,0,-3,-14,3,-3,0,1,0,0,-1,-1,0,-1,6,-1
KR_6761518715,420,-3,-45,10,-1,0,2,2,-3,4,1,-1,3,2,4,4,8,-1,1,0,1,7,-4,0,-3,3,0,0,0,1,-1,-1,1,6,-1
KR_6636452151,420,-2,-34,-29,1,0,1,1,-1,1,0,0,4,4,1,0,1,1,1,2,0,0,189,1,-4,3,1,0,0,1,-1,0,-1,2,-1
KR_6740961796,420,1,22,-4,2,0,1,1,4,3,7,2,3,5,-3,5,2,-1,2,1,0,6,-4,0,-4,4,2,0,0,1,1,0,-1,1,-1
KR_6760216262,420,0,-15,-8,2,-2,2,0,0,4,4,4,0,4,-4,6,2,4,0,4,0,1,4,0,-5,5,-3,0,1,-1,0,1,-1,6,-1
KR_6219291812,420,-2,30,-5,-2,-2,3,1,3,0,3,0,3,3,-4,7,3,1,0,1,0,-7,-1,-1,-1,2,1,0,1,1,0,1,-1,6,-1
KR_6610386219,420,0,-46,7,5,0,0,0,0,1,1,2,2,4,4,1,5,-1,1,0,0,-3,-19,-1,-1,2,5,0,0,-1,0,0,-1,2,-1
KR_6751009288,440,-1,2,8,-1,4,0,4,1,2,3,2,0,2,-8,8,0,0,1,1,0,0,-1,1,-5,4,0,0,-1,-1,-1,-1,1,4,-1
KR_6718580901,420,-2,-22,-18,-5,-3,3,0,5,2,7,3,3,6,-6,6,0,-4,4,0,0,-1,4,1,-2,1,-1,0,-1,-1,-1,-1,-1,3,-1
KR_6721779506,440,-4,-83,10,-6,-6,7,1,-3,6,3,1,2,3,-1,2,1,3,0,3,1,-4,-2,0,-3,3,-3,0,-1,-1,1,-1,1,2,-1
KR_6760772297,420,2,4,34,2,1,0,1,1,3,4,-3,3,0,4,3,7,-1,2,1,0,2,1,7,-8,1,1,0,0,1,1,0,-1,5,-1
KR_6665713235,420,-2,-94,25,4,2,0,2,2,3,5,-1,2,1,-1,3,2,2,1,3,2,12,-5,2,-3,1,-2,0,-1,1,1,-1,1,6,-1
KR_6724873287,420,-5,-25,16,-9,-3,4,1,-2,4,2,0,2,2,-6,6,0,2,0,2,0,-12,-8,-1,-1,2,1,0,0,-1,-1,0,-1,2,-1
KR_6630647759,420,-4,-95,-16,-11,-5,6,1,-4,7,3,1,1,2,0,3,3,-3,4,1,0,-6,-5,0,-1,1,-2,0,-1,1,1,-1,-1,6,-1
KR_6726682713,440,0,-66,-30,-4,-1,1,0,-1,1,0,-2,2,0,-1,3,2,1,0,1,-2,-8,1,3,-3,0,-3,0,-1,-1,1,-1,-1,4,-1
KR_6695872071,420,-5,-13,-4,-16,-2,2,0,-3,3,0,-3,4,1,-5,5,0,-3,3,0,0,-11,-10,-1,-2,3,1,0,0,-1,1,-1,-1,5,-1
KR_6634546465,420,1,46,16,3,2,2,4,0,2,2,4,1,5,-3,5,2,0,1,1,0,-2,4,-3,-1,4,-2,0,0,-1,-1,1,-1,1,-1
KR_6746466850,420,-1,-78,-4,-3,-3,5,2,3,2,5,1,2,3,-3,3,0,-1,1,0,0,-1,356,5,-8,3,-2,0,-1,1,1,-1,1,1,-1
KR_6762042559,420,-5,-59,-19,-2,0,3,3,1,1,2,-2,2,0,-2,2,0,1,0,1,0,0,-29,-1,-1,2,-1,0,-3,-1,-1,-1,-1,1,-1
KR_6743680534,420,-5,-116,-28,-14,-3,4,1,-2,2,0,-3,5,2,-2,2,0,-4,4,0,0,-14,-8,2,-3,1,-1,0,-2,-1,-1,-1,-1,4,-1
KR_6742201468,420,-4,-68,-56,-2,-2,3,1,0,3,3,2,2,4,-1,1,0,-1,1,0,0,-2,11,0,-2,2,-3,0,-1,-1,-1,-1,1,5,-1
KR_6644997414,420,-4,-48,-16,-5,-2,2,0,0,3,3,-1,1,0,-2,2,0,0,0,0,0,-6,-3,1,-3,2,2,0,-1,1,0,-1,-1,4,-1
KR_6762696266,420,-5,14,-1,-12,2,1,3,-1,1,0,-7,7,0,-5,5,0,-1,1,0,0,-11,16,4,-7,3,-8,0,-1,-1,-1,-1,-1,4,-1
KR_6760300434,440,-1,-61,-20,1,-5,10,5,4,0,4,3,2,5,1,1,2,-2,6,4,0,5,5,0,-3,3,-1,0,-1,1,-1,-1,-1,6,-1
KR_6763671773,420,-5,17,-8,-8,0,0,0,-1,2,1,3,2,5,-6,9,3,-4,4,0,0,-16,26,-3,-2,5,-9,0,0,0,0,0,1,0,-1
KR_6706934364,420,-2,-10,-52,-5,-3,3,0,0,2,2,-1,4,3,-2,5,3,1,2,3,0,1,31,4,-4,0,-8,0,0,-1,-1,1,-1,5,-1
KR_6731498759,420,-4,-58,12,-6,0,0,0,0,4,4,0,3,3,-3,3,0,-3,3,0,0,-7,50,-2,0,2,-5,0,-1,-1,-1,-1,-1,4,-1
KR_6751106389,420,1,2,-4,3,0,0,0,-1,6,5,2,1,3,0,0,0,2,0,2,0,2,0,1,-3,2,0,0,0,1,-1,0,1,6,-1
KR_6648789938,420,-2,-58,11,-5,-1,1,0,3,1,4,-1,3,2,-4,4,0,-2,2,0,0,-7,17,4,-5,1,-8,0,0,1,0,0,-1,1,-1
KR_6743204441,420,1,-5,7,-3,-4,4,0,-1,5,4,-2,3,1,1,3,4,3,1,4,0,-3,-35,0,-3,3,24,0,-1,-1,-1,-1,-1,1,-1
KR_6743223093,420,-5,-73,-6,-3,-4,5,1,-2,4,2,2,4,6,0,1,1,1,0,1,0,-1,3,-5,-4,9,1,0,-1,0,0,-1,-1,0,-1
KR_6686120228,420,-4,-22,-24,-11,1,0,1,1,4,5,-4,8,4,-6,7,1,-3,4,1,-1,1,-8,-3,-2,5,-2,0,-1,-1,-1,-1,-1,5,-1
KR_6733597334,420,-1,9,-12,-5,-3,4,1,-3,3,0,0,2,2,1,2,3,0,1,1,0,0,1,0,-2,2,1,0,0,-1,-1,0,1,2,-1
KR_6758784743,440,0,-5,-16,0,-1,3,2,1,2,3,-1,3,2,0,7,7,1,2,3,-1,6,-10,-2,0,2,2,0,0,-1,1,0,-1,3,-1
KR_6764279822,440,-3,-41,-35,-14,-4,4,0,1,3,4,-1,3,2,-5,11,6,-5,5,0,0,-11,3,0,-1,1,-5,0,-3,-1,-1,-1,-1,4,-1
KR_6633802943,420,-2,17,-16,-11,2,4,6,-6,7,1,1,1,2,-5,7,2,-3,3,0,-1,-10,-16,1,-4,3,-1,0,0,-1,-1,0,-1,5,-1
KR_6691677775,420,3,11,29,5,0,1,1,5,0,5,-4,7,3,6,2,8,-2,2,0,1,9,46,-1,-3,4,-11,0,2,-1,1,-1,1,2,-1
KR_6693433997,420,4,29,-10,8,-1,3,2,1,1,2,2,1,3,6,0,6,0,0,0,0,12,49,3,-4,1,-27,0,0,1,-1,1,1,2,-1
KR_6722825982,420,-1,39,-15,-7,0,4,4,-1,2,1,-7,7,0,3,1,4,-2,2,0,0,-2,1,-1,-2,3,-1,0,0,0,1,0,-1,0,-1
KR_6711076729,420,-3,-2,-13,2,2,1,3,-3,3,0,0,3,3,3,2,5,0,2,2,0,3,15,4,-5,1,0,0,-2,-1,-1,-1,-1,1,-1
KR_6671232729,420,-3,-82,-8,1,0,3,3,3,2,5,1,2,3,0,2,2,-3,3,0,0,2,-34,2,-3,1,20,0,-1,0,-1,-1,1,0,-1
KR_6730255330,440,-4,-53,3,-13,-5,6,1,-1,1,0,-13,13,0,3,0,3,3,0,3,0,-2,2,-5,-3,8,0,0,-2,-1,-1,-1,-1,5,-1
KR_6760762617,420,-1,-26,0,-3,-3,3,0,-1,4,3,2,0,2,-1,2,1,0,0,0,0,-10,2,-3,-2,5,-3,0,0,-1,0,0,-1,2,-1
KR_6695482574,420,-4,-142,-9,-13,-2,2,0,-3,3,0,-3,5,2,-5,6,1,0,1,1,0,-8,2,0,-4,4,-2,0,-3,-1,-1,-1,-1,2,-1
KR_6738067204,420,-1,-19,4,-4,-3,3,0,-1,3,2,1,0,1,-1,2,1,0,0,0,0,-1,-1,1,-5,4,-1,0,-1,-1,-1,-1,-1,4,-1
KR_6759858089,420,-4,18,-16,-10,1,1,2,-9,9,0,1,2,3,-3,4,1,0,0,0,0,-17,-3,-3,-4,7,1,0,-2,-1,-1,-1,1,4,-1
KR_6732076394,420,-2,-40,29,-7,0,1,1,0,2,2,-6,6,0,-2,2,0,1,2,3,0,-6,8,0,-3,3,-3,0,0,-1,1,0,-1,6,-1
KR_6715556058,420,-5,-101,-21,-10,-6,6,0,-4,6,2,1,3,4,-1,1,0,0,1,1,0,-8,-27,5,-5,0,8,0,-2,-1,-1,-1,-1,6,-1
KR_6708360693,420,-2,24,-11,-10,-6,8,2,-3,3,0,0,1,1,3,1,4,-4,4,0,0,-7,3,-2,-4,6,0,0,0,-1,-1,0,-1,4,-1
KR_6752749469,420,-6,-100,-49,-11,-5,6,1,-2,4,2,-5,5,0,2,2,4,-1,2,1,-1,0,-18,-2,-2,4,2,0,-4,-1,-1,-1,-1,1,-1
KR_6657218031,420,-1,-41,16,-10,0,4,4,-1,1,0,1,3,4,-7,9,2,-3,3,0,0,-8,-44,-2,-1,3,25,0,-1,1,0,-1,-1,2,-1
KR_6663829305,420,-7,-80,3,-12,0,2,2,0,2,2,-4,4,0,-2,3,1,-6,6,0,0,-5,-50,1,-1,0,18,0,-1,-1,-1,-1,-1,2,-1
KR_6756730314,420,-3,-29,14,-6,3,0,3,1,3,4,-2,4,2,-7,8,1,-1,3,2,0,-3,-3,-3,-3,6,-2,0,-1,-1,1,-1,-1,1,-1
KR_6760428566,420,0,-32,-4,4,1,1,2,-1,3,2,-1,1,0,3,0,3,2,0,2,0,4,-1,1,-4,3,4,0,0,-1,-1,0,-1,4,-1
KR_6759004661,420,2,48,11,2,5,0,5,-2,4,2,-5,10,5,4,0,4,0,1,1,-1,7,9,4,-5,1,1,0,1,-1,-1,1,-1,6,-1
KR_6692907928,420,1,-55,49,6,-3,5,2,5,0,5,0,5,5,4,2,6,0,4,4,1,15,-37,3,-5,2,-1,0,-1,1,1,-1,1,6,-1
KR_6663230378,420,-4,-136,-23,-10,-4,5,1,0,1,1,0,2,2,-5,5,0,-1,2,1,0,1,0,2,-2,0,0,0,-2,0,0,-1,-1,0,-1
KR_6727325329,420,-1,7,-5,2,7,2,9,0,0,0,-5,6,1,0,0,0,0,0,0,0,0,-9,0,-1,1,-1,0,-1,0,0,-1,-1,0,-1
KR_6668576793,420,2,-76,11,5,-2,2,0,1,5,6,-1,2,1,7,0,7,0,1,1,1,12,6,3,-5,2,-1,0,0,1,0,0,1,6,-1
KR_6709825409,420,-5,-64,-37,-6,0,1,1,-7,7,0,-1,6,5,-1,2,1,3,2,5,-3,-10,-8,-3,-1,4,1,0,-3,-1,-1,-1,-1,5,-1
KR_6762279298,420,-3,-74,-40,-1,2,1,3,0,3,3,-1,4,3,0,1,1,-2,2,0,0,0,-8,0,-6,6,-2,0,-1,1,-1,-1,1,3,-1
KR_6753349514,420,-3,26,8,-6,2,2,4,-2,3,1,0,2,2,0,3,3,-6,7,1,-1,-13,0,3,-5,2,0,0,1,-1,1,1,-1,6,-1
KR_6763635111,420,-3,-21,18,-12,-1,1,0,1,1,2,-4,5,1,-8,11,3,0,3,3,0,-12,6,5,-6,1,-2,0,0,0,0,0,-1,0,-1
KR_6634026607,420,-4,-156,-30,-8,-4,5,1,0,2,2,-1,1,0,-2,2,0,-1,1,0,0,-5,206,-2,-2,4,0,0,-2,-1,1,-1,-1,3,-1
KR_6653719951,420,-2,-28,-8,-2,-3,3,0,1,1,2,2,1,3,-2,2,0,0,1,1,1,-5,-7,1,-6,5,-1,0,0,-1,1,0,1,4,-1
KR_6759778728,420,-1,-32,2,-1,1,1,2,-1,4,3,0,2,2,-2,2,0,1,1,2,0,4,-2,1,-4,3,0,0,1,0,1,-1,-1,0,-1
KR_6732433427,420,-1,17,3,-4,-3,3,0,-3,3,0,-2,4,2,4,2,6,0,1,1,0,-6,36,1,-3,2,3,0,1,1,-1,1,1,5,-1
KR_6759348838,420,-1,44,-36,-2,4,4,8,1,2,3,-5,6,1,-1,3,2,-1,2,1,0,-8,-3,-1,-1,2,0,0,-1,0,-1,-1,-1,0,-1
KR_6747549757,420,-5,-61,8,-12,-4,4,0,-2,4,2,-5,6,1,0,0,0,-1,1,0,0,-10,-7,4,-5,1,-2,0,0,0,1,0,-1,0,-1
KR_6762653085,420,-4,-72,-34,-2,-3,4,1,-1,2,1,1,2,3,1,0,1,0,2,2,0,1,6,1,-4,3,-1,0,-1,-1,-1,-1,1,6,-1
KR_6667309294,420,-4,-78,-45,-5,1,1,2,-4,4,0,-3,6,3,1,1,2,0,3,3,0,0,-31,-3,-1,4,0,0,-1,1,0,-1,-1,4,-1
KR_6733343959,420,-1,7,4,4,-3,3,0,0,1,1,2,0,2,1,0,1,4,1,5,0,10,22,3,-4,1,2,0,1,-1,-1,1,-1,4,-1
KR_6759448896,420,1,-60,28,3,-2,2,0,7,1,8,-3,6,3,-1,6,5,2,0,2,0,18,-8,0,-1,1,-1,0,0,-1,1,1,1,2,-1
KR_6763587859,420,-4,-85,-41,-4,1,1,2,-2,3,1,-5,5,0,1,0,1,1,0,1,0,-2,-9,-2,-2,4,-2,0,1,-1,1,1,-1,2,-1
KR_6744304331,420,3,-17,0,12,-2,3,1,3,1,4,9,0,9,-2,7,5,4,0,4,1,5,-1,-1,-1,2,-2,0,0,1,-1,-1,1,2,-1
KR_6746974363,420,-2,11,-31,-7,-5,6,1,-4,5,1,2,4,6,-1,2,1,1,0,1,0,-10,-4,2,-5,3,1,0,-1,-1,-1,-1,1,5,-1
KR_6757767009,420,-2,2,-5,-10,0,1,1,3,2,5,-8,8,0,-3,4,1,-2,2,0,0,-2,-4,3,-3,0,-2,0,0,-1,0,1,1,1,-1
KR_6750359230,420,-2,-8,19,-4,-1,1,0,-4,4,0,2,2,4,0,2,2,-1,2,1,0,-6,224,-2,0,2,-4,0,-1,1,-1,-1,-1,2,-1
KR_6757523137,420,-1,-14,-7,-7,0,2,2,-1,3,2,-7,8,1,-3,3,0,4,1,5,0,-4,-8,-4,-2,6,-1,0,0,-1,1,1,1,5,-1
KR_6628958577,420,0,-84,-4,-10,1,1,2,-4,4,0,2,1,3,-8,13,5,-1,1,0,-1,-14,-48,-2,-3,5,24,0,-2,1,-1,-1,-1,5,-1
KR_6726572221,420,-5,-56,-11,-6,-1,1,0,1,1,2,-6,7,1,0,4,4,0,0,0,-1,-4,3,3,-3,0,-1,0,0,-1,1,0,-1,3,-1
KR_6750144439,420,1,99,-4,0,5,0,5,-2,4,2,-3,3,0,2,0,2,-2,2,0,2,-5,-2,2,-4,2,-4,0,0,-1,-1,0,1,2,-1
KR_6742981316,440,-3,-38,8,-6,-1,3,2,6,1,7,-2,2,0,-7,9,2,-2,2,0,0,-7,2,-2,-3,5,-2,0,-2,1,-1,-1,-1,1,-1
KR_6749295340,440,-3,13,-4,-11,-2,3,1,-5,6,1,-1,4,3,-4,4,0,1,2,3,1,-20,7,-2,-2,4,0,0,0,-1,0,0,1,4,-1
KR_6694062951,420,1,-41,8,-4,0,1,1,-2,5,3,4,1,5,-3,7,4,-3,3,0,0,-7,0,-1,-1,2,0,0,0,-1,1,-1,1,3,-1
KR_6713148094,420,1,-8,0,2,1,1,2,1,1,2,-1,2,1,3,2,5,-2,2,0,0,-1,-10,-2,-2,4,3,0,1,1,1,1,1,3,-1
KR_6563347820,420,-1,69,12,-7,4,0,4,-4,4,0,-2,3,1,-4,4,0,-1,2,1,0,-14,-1,-2,0,2,2,0,-1,1,0,-1,-1,4,-1
KR_6665059269,420,-1,-38,-8,-4,0,1,1,3,3,6,-4,5,1,0,1,1,-3,3,0,-1,-3,18,3,-5,2,-2,0,-1,0,-1,-1,-1,0,-1
KR_6756867181,420,-4,33,-32,-9,-1,2,1,2,1,3,-2,4,2,-8,9,1,0,0,0,1,-15,22,-2,-2,4,-3,0,-2,-1,-1,-1,1,5,-1
KR_6756373605,420,-1,-22,-4,-4,-2,5,3,1,2,3,0,3,3,-1,2,1,-2,2,0,0,3,-4,3,-3,0,1,0,-1,-1,-1,-1,1,3,-1
KR_6712382511,420,-3,-66,-16,-9,-1,2,1,3,3,6,-1,2,1,-7,8,1,-3,5,2,0,-7,-14,1,-3,2,3,0,0,-1,-1,0,-1,2,-1
KR_6728478109,420,-1,-69,0,0,-2,2,0,3,1,4,-1,1,0,1,1,2,-1,1,0,1,1,-2,3,-3,0,0,0,-1,0,-1,-1,1,0,-1
KR_6729243003,420,-6,-110,-26,-7,-5,5,0,1,0,1,-2,4,2,2,2,4,-3,3,0,1,-2,41,1,-5,4,1,0,0,-1,-1,-1,1,6,-1
KR_6760203392,420,0,-28,12,-5,-1,3,2,-2,2,0,-1,2,1,-2,2,0,1,0,1,0,-5,15,2,-3,1,-4,0,-1,-1,-1,-1,-1,1,-1
KR_6752491573,420,1,-24,12,4,5,1,6,-1,3,2,-5,8,3,6,1,7,-1,1,0,0,0,-4,5,-7,2,-5,0,0,1,1,0,-1,2,-1
KR_6613087642,420,-5,-50,8,-13,-2,3,1,-6,6,0,-6,7,1,1,2,3,0,0,0,-1,-10,0,1,-3,2,-3,0,-1,-1,0,-1,-1,3,-1
KR_6743012922,420,-7,-81,-4,-17,-7,7,0,-3,4,1,-6,6,0,-2,4,2,1,2,3,0,-7,-6,-3,-2,5,-2,0,-3,-1,-1,-1,1,4,-1
KR_6743436488,420,-2,-68,-12,-8,-3,6,3,-1,4,3,-4,6,2,1,2,3,-1,2,1,0,-3,-8,1,-4,3,0,0,0,1,0,0,-1,5,-1
KR_6763518131,420,-1,7,14,-6,3,2,5,4,2,6,-3,6,3,-7,9,2,-3,3,0,1,-4,-16,-7,-1,8,0,0,0,-1,1,1,1,4,-1
KR_6759483471,440,-3,-47,-16,-5,-1,1,0,-1,4,3,-2,4,2,-2,5,3,1,0,1,0,-5,114,4,-5,1,-6,0,0,1,-1,0,-1,1,-1
KR_6749728521,420,-8,-137,-33,-14,-3,5,2,-2,3,1,-6,6,0,0,0,0,-3,3,0,-1,-10,-22,-5,0,5,0,0,-3,-1,1,-1,-1,4,-1
KR_6745271581,420,-1,9,-9,-12,-1,2,1,-2,2,0,-4,6,2,-3,3,0,-2,2,0,0,-14,-1,-1,-3,4,-2,0,-1,-1,1,-1,-1,2,-1
KR_6665530074,420,-7,-80,5,-20,-1,1,0,-6,6,0,0,3,3,-12,13,1,-1,1,0,0,-16,-12,-3,-4,7,1,0,-2,-1,1,-1,-1,4,-1
KR_6738634020,420,-1,-13,-14,-6,1,1,2,-5,8,3,-3,3,0,0,1,1,1,0,1,0,-11,40,1,-2,1,-29,0,1,0,1,1,-1,0,-1
KR_6645797055,440,-2,3,-16,-2,6,0,6,-4,4,0,0,3,3,-3,3,0,-1,1,0,1,-8,328,-1,0,1,1,0,0,-1,-1,-1,1,6,-1
KR_6761093779,440,-6,-58,5,-18,-7,8,1,-8,8,0,2,3,5,-3,3,0,-2,2,0,0,-15,198,-1,-2,3,1,0,-1,-1,-1,-1,1,3,-1
KR_6733352571,420,-1,41,-1,-3,-3,3,0,-1,6,5,-1,3,2,3,3,6,-1,1,0,0,-6,2,1,-3,2,4,0,1,0,-1,1,1,0,-1
KR_6720354225,440,-3,-92,0,-14,-1,2,1,-2,6,4,0,2,2,-11,13,2,0,2,2,-1,-11,8,-3,-2,5,0,0,-1,-1,-1,-1,1,4,-1
KR_6540699298,420,-2,-23,-1,-1,1,2,3,-2,4,2,1,1,2,-5,5,0,4,3,7,1,0,-4,-1,0,1,0,0,0,0,0,-1,1,0,-1
KR_6741079860,420,-7,-128,6,-17,-5,6,1,2,0,2,-3,7,4,-11,12,1,0,0,0,0,-6,16,0,-2,2,1,0,-1,-1,-1,-1,-1,6,-1
KR_6710986224,420,-2,-83,12,-6,-6,6,0,6,1,7,-3,4,1,-1,1,0,-2,3,1,0,-6,-10,-2,-1,3,0,0,-3,-1,-1,-1,-1,6,-1
KR_6719239645,440,4,43,14,3,-1,1,0,0,3,3,6,2,8,0,2,2,-2,3,1,0,-1,30,1,-4,3,-12,0,1,1,-1,1,1,1,-1
KR_6624096355,420,-3,-26,-19,-1,-1,3,2,3,2,5,-2,2,0,-2,6,4,1,0,1,0,4,8,-5,-1,6,0,0,-1,-1,-1,-1,-1,4,-1
KR_6750014200,420,-4,-125,20,-15,-2,4,2,-6,6,0,0,3,3,-6,7,1,-1,3,2,0,-9,0,1,-3,2,-6,0,-1,-1,1,-1,1,6,-1
KR_6762957553,420,-1,36,-26,-3,1,3,4,0,4,4,-2,3,1,-1,3,2,-1,1,0,0,-7,-4,-1,-4,5,1,0,2,-1,1,1,-1,2,-1
KR_6727951409,420,-1,-18,-24,-2,-2,3,1,0,5,5,0,3,3,0,1,1,0,2,2,0,-2,4,0,-1,1,2,0,-1,1,-1,-1,-1,1,-1
KR_6747045147,420,-5,-119,-24,-4,-3,3,0,0,1,1,-1,3,2,-2,4,2,2,0,2,0,4,-150,-2,-1,3,-1,0,-2,-1,1,-1,1,4,-1
KR_6659161425,420,0,-9,-16,-7,2,1,3,-6,6,0,-1,3,2,-3,3,0,1,0,1,0,-6,8,-2,-1,3,2,0,-1,0,-1,-1,1,0,-1
KR_6681910917,420,1,-73,8,1,4,0,4,-4,6,2,1,0,1,0,0,0,0,0,0,0,-2,2,-1,-1,2,-2,0,0,-1,-1,-1,-1,2,-1
KR_6674875027,420,2,-17,0,1,-1,1,0,-1,3,2,3,3,6,0,0,0,0,0,0,-1,0,2,1,-6,5,-2,0,0,1,1,1,-1,2,-1
KR_6686577516,420,-1,-14,-45,5,-3,5,2,0,2,2,7,0,7,1,2,3,0,1,1,1,2,-22,0,-2,2,0,0,0,0,1,0,1,0,-1
KR_6761538938,420,-4,-37,-20,-2,-4,6,2,3,0,3,-2,4,2,4,2,6,-3,5,2,1,5,21,0,-4,4,0,0,0,-1,0,-1,1,2,-1
KR_6651474190,440,-6,-41,-48,-14,-6,7,1,-4,5,1,-3,5,2,-2,5,3,1,1,2,0,-4,-3,3,-4,1,0,0,-2,1,-1,-1,-1,1,-1
KR_6611320056,420,-3,-82,-25,-2,3,1,4,1,2,3,-2,3,1,1,1,2,-5,5,0,0,-3,-4,0,-1,1,1,0,-3,-1,-1,-1,-1,1,-1
KR_6764349730,420,-2,-92,14,-8,-1,3,2,-2,2,0,-5,5,0,-3,3,0,3,0,3,1,0,-27,-1,-1,2,15,0,-1,0,1,-1,1,0,-1
KR_6695859558,420,-1,46,-16,3,1,1,2,-2,3,1,1,0,1,5,2,7,-2,3,1,0,10,10,-5,-4,9,7,0,0,1,1,0,1,4,-1
KR_6714227619,420,-2,-35,4,-7,1,2,3,-6,6,0,-4,5,1,1,1,2,1,1,2,0,-2,-2,-2,-2,4,-2,0,-1,-1,-1,-1,1,2,-1
KR_6681230864,420,0,37,-8,-2,3,0,3,1,2,3,-7,7,0,1,1,2,0,1,1,-1,-2,3,4,-5,1,-2,0,0,-1,-1,-1,-1,3,-1
KR_6761372502,440,-5,-65,-20,-9,1,2,3,-10,11,1,0,2,2,4,2,6,-4,8,4,1,3,-36,0,-1,1,15,0,-2,-1,-1,-1,1,6,-1
KR_6605133526,420,-1,-28,-4,-3,-4,5,1,-4,4,0,2,3,5,2,0,2,1,1,2,0,-5,11,1,-4,3,-2,0,0,0,-1,0,1,0,-1
KR_6643542716,420,-2,-6,-2,-2,1,1,2,5,1,6,-4,4,0,-4,4,0,0,2,2,0,-2,-10,0,-4,4,0,0,-1,-1,-1,-1,-1,3,-1
KR_6675653725,420,1,21,-44,2,1,1,2,-1,1,0,4,0,4,-6,7,1,4,0,4,0,-1,-7,-3,-1,4,2,0,0,-1,1,1,-1,5,-1
KR_6741115995,440,1,87,25,3,0,2,2,-4,5,1,2,1,3,3,3,6,2,0,2,0,-2,-1,1,-5,4,1,0,2,1,1,1,-1,2,-1
KR_6752977091,420,-3,36,-24,-4,-1,3,2,-3,3,0,-1,2,1,3,0,3,-2,2,0,0,0,-177,0,-3,3,-8,0,1,-1,-1,1,1,1,-1
KR_6733419674,420,-1,27,4,-9,0,2,2,-1,2,1,-4,5,1,-3,5,2,-1,3,2,0,-5,0,-2,0,2,1,0,0,-1,0,0,-1,3,-1
KR_6751199449,440,-2,-82,29,-16,-4,5,1,-5,7,2,0,3,3,-7,8,1,0,0,0,0,-12,-6,-3,-3,6,-5,0,-2,-1,1,-1,-1,6,-1
KR_6742922558,420,-3,-43,-8,-6,0,4,4,-4,5,1,3,1,4,-4,7,3,-1,2,1,0,-3,-2,-3,0,3,5,0,-2,-1,-1,-1,-1,6,-1
KR_6754274273,420,-3,21,-12,-8,-4,4,0,3,0,3,0,2,2,-7,7,0,0,2,2,0,-5,-6,-1,-3,4,1,0,-1,1,0,-1,-1,4,-1
KR_6760329400,440,-2,-9,-16,-11,1,1,2,-5,6,1,-3,4,1,-4,5,1,0,1,1,0,-14,15,0,-5,5,3,0,-1,-1,1,-1,-1,1,-1
KR_6615420587,420,0,17,12,-1,4,2,6,-1,4,3,-3,3,0,0,0,0,-1,1,0,0,-4,-44,-4,-2,6,9,0,-1,-1,-1,-1,1,3,-1
KR_6574885177,420,-1,-64,-14,-2,1,0,1,-1,1,0,-3,6,3,0,3,3,1,0,1,0,5,203,-1,-4,5,-3,0,-1,0,-1,-1,-1,0,-1
KR_6643331069,420,-8,-76,-16,-17,-5,5,0,-1,2,1,-5,5,0,-3,3,0,-3,4,1,0,-12,-3,0,-1,1,-1,0,0,-1,-1,-1,-1,2,-1
KR_6749011120,420,-2,-87,-15,-4,-2,3,1,-2,6,4,-1,2,1,0,1,1,1,0,1,1,5,-34,1,-2,1,1,0,-1,0,0,-1,1,0,-1
KR_6763149203,420,-1,-29,24,0,-1,3,2,3,0,3,2,2,4,-1,2,1,-3,4,1,0,-1,1,2,-3,1,0,0,-1,-1,-1,-1,-1,6,-1
KR_6728532166,420,-4,-71,-16,-12,-4,4,0,-6,8,2,0,3,3,-2,3,1,0,0,0,1,-6,1,-3,0,3,-2,0,-1,-1,1,-1,1,6,-1
KR_6751109402,440,5,92,14,17,1,2,3,3,2,5,-2,4,2,10,1,11,5,0,5,1,18,-6,-3,-3,6,-3,0,2,1,1,1,1,1,-1
KR_6747120926,420,-1,-63,-4,-2,-5,5,0,-1,4,3,8,0,8,-5,5,0,1,1,2,0,-7,-18,-6,0,6,-1,0,-1,0,1,-1,-1,0,-1
KR_6756254621,420,-2,-19,12,-12,-7,8,1,-4,5,1,-1,5,4,-2,2,0,2,1,3,-2,-20,2,-3,-1,4,-2,0,-2,-1,-1,-1,-1,6,-1
KR_6756670416,420,-5,-88,-21,-14,-3,3,0,-2,3,1,-7,8,1,-2,3,1,0,0,0,0,-9,4,5,-5,0,-4,0,-3,-1,-1,-1,-1,3,-1
KR_6762573114,420,-4,-6,-13,-13,-4,5,1,-4,4,0,-3,4,1,-1,4,3,-1,1,0,0,-12,-26,-1,-5,6,-3,0,0,-1,-1,-1,1,2,-1
KR_6749357696,440,-2,-56,-31,-2,1,0,1,3,2,5,-4,4,0,-3,4,1,1,0,1,0,3,-31,4,-4,0,24,0,0,-1,1,0,-1,6,-1
KR_6746641925,420,1,-35,-1,3,0,1,1,8,1,9,1,0,1,-6,8,2,0,4,4,0,-1,-7,-2,-3,5,2,0,-1,-1,-1,-1,1,6,-1
KR_6719725556,420,-1,-74,-10,-3,1,2,3,-3,4,1,0,0,0,-2,2,0,1,0,1,0,-5,20,5,-8,3,-6,0,0,1,1,-1,-1,3,-1
KR_6729125022,420,-4,-78,-117,-4,3,1,4,-6,6,0,-2,7,5,-2,3,1,3,0,3,0,4,-5,-2,0,2,-1,0,-3,-1,-1,-1,-1,4,-1
KR_6725065913,420,-3,-7,-31,-11,-4,5,1,-1,3,2,-1,2,1,-5,7,2,0,2,2,0,-9,1,0,-4,4,-3,0,-1,-1,1,-1,-1,6,-1
KR_6743536568,420,-1,-92,26,-2,-3,3,0,6,1,7,-3,5,2,-1,3,2,-1,2,1,0,2,3,-1,-2,3,21,0,1,1,1,1,1,5,-1
KR_6753332194,420,-3,2,-23,-6,0,1,1,0,2,2,-6,10,4,1,1,2,-1,1,0,0,-8,-10,-1,-2,3,1,0,-1,1,1,-1,-1,4,-1
KR_6750656355,440,-1,-72,5,6,-2,4,2,4,1,5,5,0,5,-1,4,3,0,4,4,-1,8,-11,-2,-1,3,-3,0,-2,-1,1,-1,-1,6,-1
KR_6604206030,420,-4,-90,16,-10,-6,6,0,3,1,4,-1,1,0,-7,8,1,1,1,2,0,-1,-274,1,-3,2,0,0,0,-1,-1,1,-1,5,-1
KR_6737177101,420,-4,-75,-3,-10,-6,6,0,2,3,5,-7,8,1,2,2,4,-1,1,0,0,-6,-25,-3,0,3,1,0,-2,-1,1,-1,-1,6,-1
KR_6704103954,420,-1,31,-69,-13,-5,8,3,-6,6,0,2,0,2,1,3,4,-5,5,0,-2,-8,120,-1,-2,3,-2,0,-1,-1,-1,-1,-1,4,-1
KR_6756518529,420,-6,-122,-6,-14,-3,4,1,-6,8,2,-2,4,2,-2,3,1,-1,1,0,0,-4,34,3,-5,2,-1,0,-1,-1,0,-1,1,1,-1
KR_6639744553,420,-2,-40,-20,-5,-2,4,2,-2,3,1,2,0,2,-1,6,5,-2,2,0,0,-3,1,3,-4,1,-2,0,0,1,0,0,-1,3,-1
KR_6719006708,440,-2,-32,-8,0,0,3,3,0,2,2,0,1,1,1,2,3,-1,1,0,3,0,118,-6,-4,10,1,0,0,1,1,-1,1,1,-1
KR_6757973817,420,-2,-64,8,-3,-2,4,2,-1,5,4,-6,7,1,3,1,4,3,2,5,0,-1,-11,1,-4,3,3,0,-1,0,-1,-1,1,0,-1
KR_6751874530,420,-3,35,-16,-10,0,1,1,1,0,1,2,1,3,-13,13,0,0,0,0,0,-14,0,0,-1,1,1,0,0,1,-1,1,1,4,-1
KR_6674769067,440,1,3,12,1,2,0,2,3,2,5,2,1,3,-3,4,1,-3,5,2,1,7,-4,5,-8,3,-1,0,1,1,1,1,1,3,-1
KR_6748322762,420,-4,-142,-28,-8,0,1,1,0,3,3,-3,5,2,-2,4,2,-3,4,1,0,-10,-14,3,-4,1,0,0,-1,-1,0,-1,1,4,-1
KR_6741546501,420,-9,16,-80,-9,-4,5,1,-3,3,0,-1,2,1,-3,5,2,2,0,2,0,-10,33,3,-4,1,-30,0,-2,-1,-1,1,1,6,-1
KR_6749010270,420,-2,-9,-16,6,-1,4,3,-1,2,1,4,0,4,4,2,6,0,1,1,0,13,6,4,-6,2,-3,0,0,1,0,0,-1,3,-1
KR_6762693819,420,0,-14,-3,-1,1,1,2,-4,5,1,3,1,4,-4,6,2,3,1,4,0,-2,117,-3,-2,5,-2,0,0,0,1,0,1,0,-1
KR_6757927439,420,-3,-5,25,-11,-6,6,0,0,1,1,-3,3,0,0,1,1,-2,2,0,0,-4,-5,-5,0,5,1,0,-1,1,-1,-1,-1,6,-1
KR_6758751009,420,-7,-155,-36,-13,-13,13,0,-1,3,2,0,1,1,0,0,0,1,1,2,0,4,-30,-4,-1,5,4,0,-2,-1,0,-1,1,6,-1
KR_6760437146,440,1,-36,6,-4,0,0,0,0,2,2,-1,1,0,0,6,6,-3,3,0,0,0,6,-1,-4,5,2,0,0,-1,0,-1,1,4,-1
KR_6694997514,420,-1,-13,-26,1,1,1,2,-2,3,1,-2,5,3,0,1,1,4,0,4,0,3,0,3,-6,3,-1,0,0,-1,1,0,-1,6,-1
KR_6755419166,420,-5,-47,-5,-11,1,1,2,-2,5,3,-3,3,0,-10,10,0,3,0,3,0,-9,-301,-3,-2,5,-2,0,-3,-1,1,-1,-1,3,-1
KR_6647425807,420,-3,5,-16,-6,0,1,1,-3,4,1,-2,3,1,0,0,0,-1,2,1,0,-3,4,1,-1,0,0,0,0,0,-1,1,-1,0,-1
KR_6557886200,440,-6,-126,-40,-11,-5,6,1,-3,3,0,-1,1,0,-2,3,1,0,1,1,0,-6,16,3,-8,5,-9,0,-2,-1,-1,-1,-1,6,-1
KR_6744644980,420,1,20,32,2,0,4,4,2,0,2,1,5,6,-3,4,1,2,0,2,0,1,-145,-3,0,3,21,0,0,1,0,0,-1,1,-1
KR_6738470052,420,3,111,-4,11,4,0,4,3,1,4,4,1,5,2,2,4,-2,2,0,0,5,45,2,-5,3,-30,0,2,1,1,1,1,2,-1
KR_6756579469,420,-5,-50,-4,-13,0,2,2,-2,3,1,-5,5,0,-6,6,0,0,0,0,0,-20,-158,-4,-2,6,3,0,-2,-1,-1,-1,1,5,-1
KR_6660801363,420,2,-9,29,8,3,0,3,-3,4,1,7,2,9,0,2,2,1,0,1,0,2,-422,4,-4,0,-2,0,1,1,1,1,-1,6,-1
KR_6752571343,420,-3,-39,-20,-8,-4,5,1,0,4,4,-5,5,0,2,1,3,-1,3,2,0,-1,28,2,-3,1,-5,0,-2,-1,-1,-1,-1,6,-1
KR_6719840317,420,-2,-9,-12,-5,-1,2,1,0,2,2,0,2,2,-5,6,1,1,0,1,0,-3,190,2,-4,2,-1,0,0,-1,1,0,-1,4,-1
KR_6603954896,420,-2,85,-29,-2,0,2,2,0,3,3,-4,5,1,3,3,6,-1,4,3,-1,-7,-9,1,-3,2,1,0,0,-1,1,1,-1,1,-1
KR_6744583503,420,-4,-18,-4,-5,1,0,1,0,0,0,-2,3,1,-5,6,1,1,0,1,3,2,-1,-1,-2,3,0,0,0,-1,1,0,1,5,-1
KR_6626878808,420,0,-56,-1,-3,1,1,2,-2,2,0,-4,6,2,2,2,4,0,0,0,1,2,20,-1,-2,3,-2,0,-1,1,-1,-1,1,3,-1
KR_6744397498,420,-1,3,-48,0,-1,2,1,0,1,1,0,4,4,0,3,3,1,1,2,0,-5,23,2,-2,0,-3,0,0,0,0,0,1,0,-1
KR_6606778898,420,-2,-54,-5,-5,-1,4,3,3,0,3,5,3,8,-9,9,0,-3,4,1,1,-9,-1,1,-2,1,-4,0,0,0,-1,-1,1,0,-1
KR_6756042737,420,-1,-36,16,-3,2,0,2,-3,4,1,0,0,0,0,1,1,-2,2,0,0,-4,13,0,-3,3,-2,0,1,-1,0,1,-1,2,-1
KR_6642173151,420,-1,36,-8,-4,1,0,1,-5,9,4,-3,3,0,4,2,6,-1,4,3,0,3,0,1,-2,1,0,0,1,-1,1,1,1,6,-1
KR_6753857674,420,-1,-35,-4,-5,-1,1,0,1,2,3,0,2,2,-3,3,0,-2,3,1,0,-5,28,-4,0,4,-23,0,-1,-1,-1,-1,-1,6,-1
KR_6759847862,440,1,-26,28,3,3,1,4,1,0,1,-1,2,1,0,1,1,0,0,0,0,4,13,-1,-4,5,-2,0,0,1,-1,0,-1,3,-1
KR_6679106606,420,-5,-29,-30,-7,-2,5,3,-3,6,3,-1,2,1,-2,3,1,1,0,1,0,-1,-10,-3,-2,5,0,0,-1,0,-1,-1,-1,0,-1
KR_6762877517,440,-4,-2,-4,-9,2,5,7,0,2,2,-4,5,1,-5,8,3,-2,3,1,0,-12,-3,-2,-1,3,3,0,1,-1,-1,1,-1,4,-1
KR_6730861233,420,1,-70,36,1,3,1,4,3,1,4,-4,7,3,-3,6,3,2,0,2,0,5,189,-2,-2,4,-1,0,1,1,1,1,-1,1,-1
KR_6745011143,420,-4,-82,9,8,7,1,8,0,3,3,1,0,1,0,0,0,0,2,2,0,5,-138,2,-6,4,-4,0,-1,-1,1,-1,1,1,-1
KR_6652642111,420,-3,-31,-2,-5,-5,7,2,1,0,1,0,4,4,-1,1,0,0,1,1,0,-2,-5,-2,-2,4,0,0,-1,0,1,-1,-1,0,-1
KR_6695315611,420,0,5,-26,4,-4,6,2,-1,2,1,3,0,3,7,1,8,-1,2,1,0,5,-4,-2,-1,3,-3,0,-2,-1,-1,-1,-1,5,-1
KR_6736247726,420,-3,-1,-37,-6,2,3,5,-3,5,2,-1,3,2,-5,6,1,1,0,1,0,-2,7,1,-4,3,-2,0,1,-1,1,1,1,3,-1
KR_6746689485,420,3,31,18,4,0,4,4,0,2,2,6,1,7,-3,5,2,1,0,1,0,8,18,5,-5,0,-1,0,2,1,-1,1,1,1,-1
KR_6743269440,440,0,-38,24,-2,-2,4,2,0,3,3,-3,5,2,0,5,5,3,1,4,1,-6,8,-4,-2,6,-2,0,0,-1,-1,1,1,1,-1
KR_6755965324,420,-1,-96,23,2,-1,1,0,5,3,8,0,2,2,0,2,2,-2,2,0,0,-5,-17,2,-5,3,-1,0,-1,1,-1,-1,1,3,-1
KR_6761800804,440,-1,-81,-20,-5,1,0,1,1,1,2,-1,2,1,-5,6,1,-1,2,1,0,-4,6,2,-4,2,0,0,0,1,0,0,-1,6,-1
KR_6760302690,420,-4,-28,-6,0,-2,2,0,1,2,3,-3,6,3,2,2,4,2,1,3,1,-1,-4,2,-3,1,-1,0,-1,0,0,-1,1,0,-1
KR_6691144906,420,-4,-31,17,-16,-1,2,1,-2,3,1,-2,2,0,-7,8,1,-4,6,2,-1,-13,-38,-3,0,3,19,0,-2,-1,-1,-1,-1,2,-1
KR_6736366305,420,-4,-39,-44,-8,-2,3,1,0,1,1,-1,2,1,-1,4,3,-4,4,0,-1,-8,2,0,-1,1,-1,0,-1,-1,-1,-1,-1,4,-1
KR_6708337049,420,-3,-4,-4,-9,-8,8,0,0,4,4,1,2,3,0,2,2,-2,2,0,0,-1,-1,-2,0,2,0,0,-2,1,-1,-1,-1,4,-1
KR_6704181675,420,-5,-69,-28,-7,-1,1,0,-1,6,5,-3,4,1,0,4,4,-2,3,1,-1,-10,-119,-5,-1,6,0,0,-1,-1,-1,-1,-1,1,-1
KR_6759146103,440,-6,-144,-44,-10,-3,4,1,1,2,3,-6,8,2,2,0,2,-4,5,1,0,-1,-12,-4,-1,5,0,0,-3,-1,-1,-1,-1,4,-1
KR_6683777123,420,-1,45,-14,0,-1,1,0,-5,6,1,-3,3,0,8,2,10,1,1,2,1,3,-7,0,-2,2,-2,0,0,-1,0,0,1,5,-1
KR_6750992443,420,1,-18,-24,-4,-2,2,0,-3,9,6,0,4,4,0,1,1,1,0,1,-1,-4,-30,0,-6,6,-1,0,0,1,-1,1,-1,3,-1
KR_6683774807,420,-2,-57,7,-4,-8,8,0,2,1,3,0,1,1,1,4,5,1,0,1,0,6,-9,-4,-2,6,2,0,-1,-1,0,-1,-1,6,-1
KR_6732816935,420,-6,-54,-25,-15,0,1,1,-8,9,1,-1,2,1,-4,5,1,-2,2,0,0,-20,-21,-5,0,5,0,0,0,-1,1,1,1,1,-1
KR_6535927113,420,2,7,-31,3,1,1,2,-2,2,0,1,1,2,3,1,4,0,0,0,0,5,-48,-4,-1,5,0,0,1,1,-1,1,-1,1,-1
KR_6764460889,420,-5,-32,-24,-14,-1,2,1,-4,5,1,-2,4,2,-5,6,1,-2,2,0,0,-9,-14,4,-7,3,-7,0,-2,-1,1,-1,-1,5,-1
KR_6654432727,420,-1,-6,-11,1,-1,2,1,2,3,5,0,1,1,-1,1,0,1,1,2,0,5,-20,-2,-1,3,2,0,0,0,0,0,1,0,-1
KR_6681855674,420,2,10,-24,3,0,2,2,4,1,5,1,0,1,-2,2,0,0,0,0,0,4,-15,-5,0,5,3,0,-1,-1,-1,-1,1,1,-1
KR_6760116136,420,-3,-149,-15,-11,-5,6,1,-2,2,0,-3,5,2,-5,9,4,4,0,4,-1,-8,-3,-2,-4,6,0,0,-1,-1,1,-1,-1,5,-1
KR_6656644431,420,1,61,-6,0,0,1,1,0,1,1,-3,5,2,3,2,5,0,1,1,0,0,-3,-1,-6,7,5,0,1,1,1,1,-1,1,-1
KR_6723183372,420,-2,11,-22,-2,4,1,5,-3,5,2,-2,2,0,0,1,1,-1,2,1,0,-2,-145,0,-3,3,-3,0,-2,1,-1,-1,-1,1,-1
KR_6655892310,420,-3,31,-41,2,1,0,1,0,3,3,-1,5,4,2,2,4,0,0,0,0,9,-38,7,-10,3,18,0,-2,-1,-1,-1,1,6,-1
KR_6662775754,440,-2,-90,-8,-10,-5,5,0,1,0,1,-3,6,3,-6,9,3,3,0,3,-1,-8,-4,0,-1,1,-1,0,-2,1,1,-1,-1,6,-1
KR_6682591366,420,-3,-48,-24,-3,-1,2,1,-1,2,1,1,2,3,0,2,2,-2,2,0,0,-2,-41,0,-3,3,13,0,0,-1,1,-1,1,2,-1
KR_6762787466,420,-2,-25,1,-5,-5,7,2,3,2,5,-2,3,1,-1,1,0,0,0,0,0,2,-4,0,-4,4,-3,0,-1,0,-1,-1,-1,0,-1
KR_6761579507,420,-1,-6,-13,-1,-2,5,3,0,1,1,1,0,1,0,1,1,0,0,0,0,3,-2,2,-5,3,3,0,0,-1,1,-1,-1,5,-1
KR_6658245153,420,-5,-90,-8,-5,1,0,1,-1,2,1,-4,5,1,-2,6,4,1,1,2,1,-3,-8,1,-2,1,0,0,-3,1,-1,-1,1,1,-1
KR_6732448606,420,-2,-41,7,0,-1,2,1,1,3,4,0,3,3,-2,3,1,2,0,2,0,-1,-99,3,-3,0,-2,0,0,-1,1,1,-1,6,-1
KR_6761091883,420,-1,-28,-8,2,0,2,2,-1,1,0,1,2,3,1,3,4,1,0,1,0,2,-6,-2,-1,3,-2,0,-1,1,1,-1,1,3,-1
KR_6697684340,420,1,-14,-20,9,5,1,6,-1,1,0,1,1,2,3,0,3,1,0,1,0,8,-12,0,-7,7,1,0,-1,-1,-1,-1,1,1,-1
KR_6740108369,420,-1,-15,17,0,0,1,1,-3,3,0,-3,3,0,4,0,4,2,0,2,0,1,20,5,-6,1,3,0,0,-1,1,0,-1,1,-1
KR_6062476249,420,-5,-63,4,-13,-3,4,1,-3,5,2,1,1,2,-8,8,0,0,2,2,-2,-14,39,1,-3,2,-17,0,0,1,1,-1,-1,3,-1
KR_6654503149,420,-1,-17,-36,-6,-1,2,1,0,2,2,-3,3,0,0,3,3,-2,2,0,0,-1,2,3,-3,0,0,0,0,0,-1,0,1,0,-1
KR_6686835239,420,-4,-5,-8,-2,0,1,1,-4,4,0,1,2,3,2,2,4,-1,1,0,0,-1,-127,-7,-1,8,0,0,0,0,0,0,-1,0,-1
KR_6664134089,420,-2,-11,0,-5,0,2,2,-1,3,2,-1,2,1,1,2,3,-4,4,0,0,-1,1,1,-3,2,0,0,0,-1,1,-1,-1,2,-1
KR_6744303739,420,-4,-28,-28,-7,2,1,3,-4,5,1,-2,5,3,-3,4,1,0,2,2,0,-4,-12,-3,-4,7,-2,0,-1,-1,-1,-1,-1,3,-1
KR_6763323369,420,-2,52,22,-10,-2,3,1,-1,2,1,-5,5,0,0,1,1,-2,2,0,0,-11,2,-2,-1,3,-6,0,0,-1,0,0,-1,4,-1
KR_6682958761,420,-3,-75,9,-8,-2,4,2,-5,6,1,0,3,3,1,2,3,-2,3,1,0,-5,-1,0,0,0,-5,0,-3,1,0,-1,1,2,-1
KR_6739511500,420,-3,-81,-4,-7,-2,4,2,2,2,4,-4,4,0,-3,3,0,0,0,0,0,-3,1,2,-2,0,3,0,-1,-1,-1,-1,-1,5,-1
KR_6671745066,420,-11,-157,-59,-15,-6,7,1,-5,5,0,0,4,4,-4,6,2,0,0,0,0,-10,14,-1,-2,3,-3,0,-2,-1,1,-1,1,3,-1
KR_6717098967,420,-2,-41,-21,3,-1,2,1,-4,8,4,2,1,3,4,1,5,2,1,3,0,10,11,-3,-3,6,-1,0,0,-1,-1,0,1,3,-1
KR_6751521430,420,-1,36,-36,-4,-3,3,0,-3,6,3,-1,3,2,1,1,2,2,0,2,0,-2,-3,1,-5,4,-6,0,1,0,-1,1,-1,0,-1
KR_6760250538,420,-3,-24,-19,-3,-3,3,0,-3,5,2,0,1,1,3,0,3,0,0,0,0,2,16,-2,-1,3,1,0,-1,1,-1,-1,-1,2,-1
KR_6748714689,420,-1,46,-4,-7,0,2,2,-4,7,3,-4,7,3,2,1,3,-1,2,1,-2,-9,-18,0,-5,5,-2,0,-1,1,0,1,-1,2,-1
KR_6663876599,440,-1,-32,-21,-1,-2,3,1,0,1,1,-3,3,0,2,2,4,2,0,2,0,1,-27,-5,-2,7,3,0,0,-1,-1,-1,1,6,-1
KR_6748209969,420,-1,17,-12,-8,0,1,1,-2,3,1,-2,2,0,-6,7,1,2,3,5,0,-11,11,-3,-1,4,-5,0,-1,-1,1,-1,-1,5,-1
KR_6703208494,420,-1,-14,0,-1,1,3,4,1,2,3,-1,2,1,-1,5,4,-1,2,1,0,-2,232,0,-2,2,2,0,0,0,1,0,1,0,-1
KR_6685849492,420,-7,-129,-44,-12,-3,3,0,-3,5,2,-2,2,0,1,2,3,-5,6,1,1,-6,-13,-4,-1,5,1,0,-1,0,-1,-1,1,0,-1
KR_6759860998,420,-3,19,26,-2,-2,3,1,-4,6,2,3,4,7,0,5,5,1,1,2,0,-6,-213,3,-8,5,-3,0,-1,0,-1,-1,-1,0,-1
KR_6602536444,420,3,9,7,5,-1,3,2,5,2,7,0,5,5,1,1,2,0,0,0,1,3,171,-2,-1,3,2,0,1,1,-1,1,1,6,-1
KR_6739135796,420,-4,-74,8,-14,-1,3,2,-1,1,0,-5,5,0,-4,5,1,-3,4,1,0,-13,-14,1,-1,0,-1,0,-1,-1,-1,-1,-1,1,-1
KR_6728402639,420,-3,43,-28,-14,-3,3,0,3,2,5,-9,11,2,-4,6,2,-1,1,0,1,-12,5,0,-4,4,-6,0,0,-1,-1,0,1,2,-1
KR_6753060128,420,0,-36,-24,0,-2,3,1,0,2,2,2,1,3,0,3,3,0,1,1,0,0,4,1,-3,2,0,0,0,0,0,0,-1,0,-1
KR_6699513003,420,-7,57,-61,-13,-1,1,0,-5,5,0,0,2,2,-5,9,4,-2,3,1,0,-13,130,-1,-3,4,2,0,-1,-1,-1,-1,1,5,-1
KR_6726192600,420,-4,-50,-23,-8,-3,3,0,2,1,3,-5,6,1,-2,2,0,0,1,1,0,-10,5,-1,-2,3,-2,0,-2,-1,-1,-1,1,5,-1
KR_6741250153,420,-3,-9,-17,-11,3,0,3,0,4,4,-7,8,1,-2,5,3,-5,6,1,0,-1,4,0,-2,2,-5,0,-2,0,-1,-1,1,0,-1
KR_6733393328,420,3,-48,32,8,-2,2,0,-1,1,0,5,0,5,2,1,3,4,2,6,0,5,-45,0,0,0,2,0,1,1,-1,1,-1,6,-1
KR_6749116770,420,-3,-4,-12,-3,-2,3,1,2,2,4,-3,3,0,0,1,1,0,1,1,0,-3,338,0,-3,3,-4,0,0,-1,1,-1,-1,3,-1
KR_6732429458,420,-3,-18,-5,-4,0,2,2,-1,2,1,-3,4,1,-5,6,1,5,1,6,0,-5,5,0,-2,2,-1,0,0,-1,0,0,1,6,-1
KR_6726093282,420,3,41,2,5,7,1,8,-3,3,0,0,0,0,0,2,2,1,0,1,0,4,27,-4,-2,6,4,0,0,-1,-1,0,1,5,-1
KR_6742205741,440,-3,2,-24,-10,1,0,1,-4,4,0,-2,3,1,-4,5,1,-1,3,2,0,-13,2,2,-4,2,-4,0,0,0,-1,0,1,0,-1
KR_6740840339,420,-2,-67,0,0,1,1,2,0,1,1,-5,6,1,4,3,7,0,2,2,0,-2,1,-5,0,5,-1,0,0,0,0,0,-1,0,-1
KR_6696966732,420,0,43,-4,-6,1,1,2,-1,2,1,-2,3,1,-2,4,2,-2,2,0,0,-8,-9,-2,-3,5,-1,0,0,1,0,-1,-1,4,-1
KR_6754334186,420,-2,-45,4,1,-2,3,1,-2,3,1,0,2,2,3,1,4,2,0,2,0,5,-49,-3,-2,5,34,0,-1,1,-1,-1,-1,5,-1
KR_6750654594,420,3,39,-20,6,8,0,8,-1,2,1,-4,4,0,2,1,3,1,0,1,0,5,-3,-1,-3,4,0,0,0,0,0,0,1,0,-1
KR_6630057096,420,2,23,40,2,3,0,3,-2,2,0,-6,7,1,6,0,6,1,1,2,0,3,2,-1,0,1,3,0,1,1,0,1,-1,6,-1
KR_6663564455,420,3,-3,24,9,2,0,2,4,5,9,3,1,4,-4,6,2,4,0,4,3,10,13,5,-5,0,1,0,2,1,1,1,1,5,-1
KR_6618383247,420,-1,-101,-8,-3,-4,5,1,2,1,3,-3,4,1,1,2,3,1,0,1,-1,-4,-31,-3,-3,6,21,0,-1,-1,1,-1,-1,3,-1
KR_6745677687,420,2,-32,34,2,3,1,4,-6,7,1,0,0,0,4,0,4,1,2,3,0,4,-6,3,-5,2,2,0,0,1,-1,-1,1,1,-1
KR_6652415380,420,-3,-30,-20,-6,-6,6,0,-2,3,1,4,3,7,-2,7,5,0,3,3,0,-6,60,1,-5,4,6,0,1,-1,-1,1,1,3,-1
KR_6638338177,420,0,-25,-24,-8,-7,7,0,0,3,3,0,0,0,1,1,2,-2,2,0,0,-7,-3,-2,-1,3,-4,0,-2,-1,-1,-1,1,2,-1
KR_6639672170,440,0,19,-1,1,2,2,4,5,5,10,0,1,1,-3,4,1,-3,3,0,0,2,112,-1,-4,5,-2,0,2,-1,1,1,-1,2,-1
KR_6746122785,420,-5,-38,20,-13,-4,5,1,-3,6,3,-2,4,2,-5,6,1,1,3,4,-1,-4,-280,0,-1,1,0,0,-3,-1,1,-1,-1,3,-1
KR_6677697036,420,-11,-160,-16,-11,-5,5,0,-1,2,1,-1,1,0,-1,2,1,-3,3,0,-1,-9,-15,-4,0,4,2,-1,-6,0,-1,-1,-1,0,-1
KR_6724534764,420,-6,-143,-16,-10,2,3,5,-1,2,1,-5,6,1,-3,4,1,-3,3,0,1,-2,-18,-7,-2,9,6,0,-1,0,0,-1,1,0,-1
KR_6762838254,420,1,-14,12,4,-2,3,1,-3,4,1,2,1,3,0,2,2,7,0,7,0,7,37,2,-6,4,-16,0,1,1,1,1,1,5,-1
KR_6735813815,420,-1,-19,-16,3,1,1,2,0,2,2,0,1,1,2,0,2,0,1,1,0,3,-14,0,-3,3,1,0,0,1,-1,0,1,4,-1
KR_6655516409,420,-5,-77,-22,-12,-1,4,3,-2,4,2,-5,7,2,-3,4,1,-1,2,1,-1,-15,3,3,-3,0,-1,0,-3,-1,-1,-1,-1,3,-1
KR_6742696186,420,-1,-57,-20,-2,-5,5,0,3,2,5,-1,2,1,1,3,4,0,1,1,0,4,177,4,-5,1,-2,0,-1,1,-1,-1,-1,6,-1
KR_6764193446,420,-2,-63,-7,-12,-2,4,2,-3,5,2,1,3,4,-5,8,3,-3,4,1,0,-4,-7,1,-2,1,-2,0,-3,1,-1,-1,-1,6,-1
KR_6723791742,420,2,35,17,1,2,1,3,1,3,4,-6,7,1,3,1,4,1,0,1,0,5,2,1,-5,4,1,0,0,0,1,1,-1,0,-1
KR_6762404856,420,2,-42,5,1,4,0,4,-6,7,1,-1,1,0,1,1,2,3,0,3,0,2,9,5,-5,0,-1,0,0,1,-1,0,1,5,-1
KR_6758850184,420,-4,-6,-22,-3,1,0,1,-2,2,0,-5,7,2,2,4,6,1,1,2,2,9,-2,-2,-3,5,-2,0,0,-1,-1,0,1,1,-1
KR_6755009727,420,-5,-129,-52,-14,-9,9,0,1,2,3,2,0,2,-7,7,0,-1,3,2,0,-5,-45,0,-1,1,23,-1,-4,-1,-1,-1,-1,1,-1
KR_6744568715,420,-2,-14,-21,-12,2,0,2,-5,5,0,-2,3,1,-4,7,3,-3,5,2,0,-6,1,-1,-3,4,-3,0,-1,1,-1,-1,-1,2,-1
KR_6727277001,420,-2,-19,9,-3,6,1,7,-1,2,1,-3,5,2,-2,2,0,-3,3,0,1,-4,-2,-4,-2,6,-3,0,-2,-1,-1,-1,1,6,-1
KR_6740243131,440,6,63,21,7,-3,4,1,-2,4,2,4,0,4,5,0,5,3,0,3,0,3,2,-1,-1,2,0,0,0,-1,1,1,-1,2,-1
KR_6743697934,420,2,-5,22,5,-1,1,0,4,2,6,9,0,9,-3,5,2,-4,4,0,1,-8,13,0,-3,3,4,0,2,-1,1,1,1,5,-1
KR_6758765972,420,-2,-18,-16,-7,-5,5,0,-2,2,0,2,1,3,5,1,6,-7,10,3,-1,-14,16,-2,-1,3,2,0,-2,-1,-1,1,-1,2,-1
KR_6758891382,420,0,-7,-19,3,-2,2,0,-1,3,2,3,1,4,5,0,5,-2,2,0,0,5,-1,3,-5,2,0,0,0,-1,1,0,1,3,-1
KR_6733301375,420,-3,-75,8,-3,-5,5,0,0,1,1,2,1,3,-1,2,1,1,1,2,-1,0,327,0,-4,4,4,0,-1,1,1,-1,-1,5,-1
KR_6757937529,420,-2,21,16,-5,0,2,2,-2,2,0,-3,4,1,3,1,4,-3,4,1,-1,-7,41,2,-5,3,-27,0,-1,-1,-1,-1,-1,2,-1
KR_6624160372,440,-1,-15,-36,-4,2,0,2,-3,5,2,-1,3,2,-1,2,1,-1,2,1,0,-4,-5,-3,0,3,-2,0,-1,1,1,-1,-1,3,-1
KR_6762121438,420,3,59,80,-2,0,0,0,-3,5,2,0,3,3,3,1,4,-2,2,0,2,-8,13,0,-3,3,-2,0,0,0,0,0,1,0,-1
KR_6762381941,420,-1,-4,-51,2,-1,3,2,-1,4,3,5,2,7,-1,2,1,0,1,1,0,7,59,-4,-2,6,-11,0,0,1,-1,0,-1,6,-1
KR_6638560183,420,-3,-22,-12,-8,0,2,2,1,2,3,-4,5,1,-3,3,0,-2,2,0,-1,-17,-2,1,-4,3,-2,0,-2,0,-1,-1,-1,0,-1
KR_6657152256,420,-4,-48,21,-9,0,0,0,-3,4,1,0,1,1,-3,5,2,-3,3,0,0,-8,-232,5,-7,2,-6,0,-1,-1,-1,-1,-1,3,-1
KR_6737017119,420,1,-62,13,2,2,0,2,-3,4,1,5,1,6,-3,5,2,1,1,2,-1,-3,182,-5,0,5,0,0,0,1,1,0,-1,1,-1
KR_6626609877,420,1,0,42,-6,0,1,1,-4,5,1,-3,3,0,-1,2,1,2,2,4,0,-8,-2,-1,-3,4,1,0,0,1,1,0,-1,3,-1
KR_6747711842,420,-1,12,-55,1,1,0,1,-1,2,1,1,2,3,2,0,2,-2,2,0,0,-1,-11,-1,-2,3,2,0,0,-1,0,0,1,4,-1
KR_6705557039,420,1,-65,-12,7,-2,5,3,1,2,3,1,0,1,6,1,7,1,0,1,-1,14,12,3,-5,2,-1,0,-1,1,-1,-1,-1,4,-1
KR_6760692196,420,1,-28,0,1,3,1,4,1,1,2,-1,1,0,1,1,2,-3,6,3,0,-2,67,0,-5,5,-1,0,0,-1,0,0,1,3,-1
KR_6746569080,420,-3,-29,12,-6,-1,1,0,-4,5,1,-2,5,3,1,0,1,0,0,0,-1,-12,61,-1,-3,4,-2,0,-1,1,1,-1,-1,3,-1
KR_6764174258,420,-2,-7,46,-10,-1,4,3,-4,4,0,-4,6,2,-1,3,2,0,2,2,0,-6,-1,-2,-2,4,2,0,0,-1,0,0,-1,6,-1
KR_6627194628,420,1,55,-47,3,6,0,6,-2,2,0,-3,5,2,1,0,1,1,1,2,0,-2,5,0,-2,2,2,0,0,1,-1,0,-1,5,-1
KR_6738746507,420,1,-34,-3,-4,-2,3,1,1,3,4,2,1,3,-6,7,1,1,0,1,0,-5,0,-4,0,4,4,0,0,-1,-1,0,-1,2,-1
KR_6731425837,440,-1,-68,6,-4,-3,5,2,1,3,4,-1,3,2,0,3,3,-1,2,1,-1,-9,-19,-1,-6,7,0,0,0,1,1,0,-1,2,-1
KR_6723193985,420,-3,-83,16,-12,-5,5,0,-3,3,0,-1,4,3,-1,1,0,-2,2,0,0,-12,99,-2,-4,6,-3,0,-3,1,1,1,1,4,-1
KR_6693483565,420,0,-70,-2,4,0,2,2,2,0,2,-3,3,0,3,3,6,2,0,2,0,6,3,4,-4,0,-6,0,0,-1,1,0,1,3,-1
KR_6758697959,420,2,31,-1,12,1,0,1,0,1,1,2,2,4,4,2,6,5,2,7,2,13,-23,1,-1,0,6,0,1,-1,-1,1,1,2,-1
KR_6664990014,420,-3,-139,-24,-3,-1,3,2,-2,3,1,-2,2,0,4,0,4,-2,2,0,0,2,-41,-2,-2,4,14,0,-2,-1,-1,-1,1,4,-1
KR_6711042381,420,1,-33,1,0,-2,2,0,-1,2,1,7,0,7,-4,6,2,0,1,1,0,-4,124,-1,-5,6,0,0,0,0,-1,0,-1,0,-1
KR_6759187392,420,0,87,12,-6,0,1,1,-3,4,1,-4,5,1,-1,4,3,2,0,2,0,-11,6,1,-4,3,-4,0,1,-1,1,1,-1,5,-1
KR_6762100847,420,-1,-36,0,1,-6,7,1,9,1,10,-1,4,3,0,0,0,-1,1,0,0,-2,-1,1,-2,1,-2,0,-2,1,-1,-1,1,6,-1
KR_6698708044,420,-5,-17,-10,-16,-1,3,2,-4,5,1,0,4,4,-8,8,0,-3,3,0,0,-18,44,-4,-2,6,-15,0,0,-1,0,-1,-1,3,-1
KR_6761688388,420,-2,-28,-18,-9,-5,7,2,-2,4,2,-3,5,2,0,3,3,1,1,2,0,-4,62,1,-2,1,-17,0,-1,-1,-1,-1,-1,3,-1
KR_6751920469,420,-1,29,7,-2,0,2,2,3,0,3,-4,5,1,-2,3,1,1,0,1,0,2,2,-2,-2,4,0,0,0,-1,0,1,1,6,-1
KR_6665182337,420,-2,-84,8,-14,-3,5,2,2,2,4,-7,7,0,-6,7,1,0,0,0,0,-7,1,0,-4,4,2,0,0,-1,-1,-1,-1,3,-1
KR_6724985255,420,-1,-6,-16,-1,-1,4,3,5,1,6,-1,2,1,-2,3,1,-2,2,0,0,2,5,4,-6,2,-3,0,0,1,-1,0,1,5,-1
KR_6739517235,420,-1,-44,0,-7,0,3,3,0,3,3,3,0,3,-10,10,0,0,1,1,0,-14,38,-1,-2,3,-6,0,-1,-1,-1,-1,-1,1,-1
KR_6607855801,420,-5,-105,26,-13,-5,6,1,-5,8,3,-1,1,0,-2,5,3,0,0,0,-1,-11,35,-2,-2,4,-1,-1,-5,-1,1,-1,-1,3,-1
KR_6748706667,420,-3,-76,-21,-5,-5,5,0,0,3,3,-2,2,0,1,4,5,1,0,1,0,-1,-361,0,-3,3,-3,0,-1,-1,-1,-1,-1,3,-1
KR_6743046250,420,-1,-68,-20,-11,-5,5,0,2,1,3,1,1,2,-5,8,3,-4,6,2,-1,-12,1,1,-1,0,1,0,-2,-1,0,-1,-1,5,-1
KR_6689639551,420,-4,-61,24,-10,-2,4,2,-2,5,3,0,6,6,-6,7,1,0,0,0,0,-14,-1,-3,-4,7,0,0,-2,1,0,-1,-1,3,-1
KR_6666452006,420,-5,-78,-60,-9,-1,2,1,-6,6,0,0,2,2,-2,7,5,0,1,1,0,-5,179,0,-2,2,-2,0,0,-1,-1,-1,-1,5,-1
KR_6753903325,420,-3,-48,-12,-4,0,1,1,3,0,3,0,1,1,-2,3,1,-5,7,2,0,-6,-10,-2,-3,5,-6,0,-2,-1,-1,-1,-1,1,-1
KR_6742787304,420,-7,-106,0,-11,-11,11,0,1,1,2,-2,4,2,2,1,3,-1,2,1,0,6,44,1,-2,1,-5,0,-3,1,-1,-1,-1,6,-1
KR_6706500674,420,-2,-47,8,-4,-2,4,2,0,3,3,-2,2,0,2,1,3,-2,5,3,1,-1,27,-5,-1,6,-15,0,-1,-1,-1,-1,1,3,-1
KR_6673877642,420,-4,-39,14,-3,-2,3,1,0,5,5,1,0,1,-1,2,1,-1,2,1,0,-5,-2,-6,-1,7,2,0,0,1,1,-1,1,3,-1
KR_6762292824,440,-4,-17,-36,-12,-1,2,1,-3,3,0,-3,3,0,-3,3,0,-2,2,0,0,-9,1,-1,-1,2,-2,0,0,-1,0,-1,-1,1,-1
KR_6713182502,420,-4,-85,-4,-11,-3,3,0,-8,9,1,2,2,4,0,1,1,-2,2,0,0,-5,-25,1,-5,4,-2,0,-1,1,-1,-1,-1,1,-1
KR_6740947970,420,-7,-124,-37,-13,-3,4,1,-4,7,3,2,1,3,-3,4,1,-5,5,0,1,-4,-10,-6,0,6,0,0,-1,-1,-1,-1,1,4,-1
KR_6741992764,420,-1,-2,16,-3,-1,2,1,-1,1,0,2,0,2,-2,4,2,-1,2,1,0,-5,29,-3,-2,5,-3,0,0,1,1,0,1,4,-1
KR_6762193319,420,0,-69,12,-5,-4,5,1,-2,2,0,-3,4,1,-1,2,1,5,0,5,0,4,5,-3,0,3,1,0,-1,1,-1,-1,-1,3,-1
KR_6675909505,420,0,-55,-16,5,-2,4,2,6,1,7,1,1,2,-1,2,1,1,0,1,1,9,0,1,-2,1,-3,0,0,-1,0,-1,1,3,-1
KR_6703667196,420,-3,-92,-14,2,-3,6,3,4,1,5,0,0,0,2,1,3,-1,1,0,1,7,-39,1,-3,2,5,0,-2,1,1,-1,1,4,-1
KR_6756892370,420,-3,-43,-23,-10,-4,5,1,4,2,6,-3,3,0,-6,6,0,-1,1,0,0,-7,47,0,-2,2,-19,0,0,0,0,0,-1,0,-1
KR_6730775643,440,-5,-47,-11,-10,0,0,0,0,2,2,-1,2,1,-6,6,0,-3,3,0,0,-12,51,0,-4,4,-22,0,-1,-1,-1,-1,-1,6,-1
KR_6724879440,420,-3,-123,1,-4,0,0,0,3,1,4,-3,3,0,0,1,1,-4,4,0,-2,-3,217,1,-4,3,-1,0,1,-1,1,-1,-1,5,-1
KR_6758843046,420,2,6,43,6,4,2,6,1,1,2,1,4,5,2,1,3,-2,2,0,0,1,9,5,-7,2,-4,0,0,1,-1,0,1,1,-1
KR_6751069534,420,-5,-22,-24,-5,-2,3,1,-1,3,2,0,3,3,-2,4,2,0,1,1,0,-11,-13,2,-5,3,-9,0,-2,-1,-1,-1,1,1,-1
KR_6601481281,420,-1,-4,-4,-14,3,1,4,-7,9,2,0,3,3,-10,13,3,0,2,2,0,-13,-9,-2,-3,5,-2,0,-1,-1,1,-1,-1,1,-1
KR_6760807395,420,0,-19,-12,4,-3,4,1,4,0,4,-1,2,1,2,2,4,2,0,2,0,9,-5,2,-6,4,3,0,0,-1,-1,0,1,2,-1
KR_6760758599,420,0,3,2,-9,-4,5,1,-1,3,2,-6,6,0,1,2,3,1,1,2,0,-6,-4,2,-2,0,-1,0,-2,-1,-1,-1,-1,1,-1
KR_6660684460,440,2,1,7,3,-1,2,1,1,2,3,2,2,4,-1,3,2,2,1,3,0,0,7,0,-2,2,-1,0,1,0,1,1,1,0,-1
KR_6762341545,420,-1,-28,-20,2,-1,1,0,0,2,2,3,3,6,1,3,4,-1,2,1,0,0,-27,-2,-1,3,-2,0,0,1,0,0,1,5,-1
KR_6758484269,440,1,-50,12,7,-1,3,2,1,1,2,6,2,8,1,3,4,0,0,0,0,12,9,1,-2,1,0,0,1,1,1,1,1,3,-1
KR_6720715551,420,-5,-8,-8,-9,-1,1,0,-3,4,1,-5,5,0,0,2,2,0,2,2,0,-5,4,-1,-1,2,0,0,-1,-1,-1,-1,-1,3,-1
KR_6749923421,440,2,-29,5,4,-2,2,0,-1,2,1,0,1,1,5,1,6,2,0,2,0,5,4,-3,0,3,2,0,1,1,-1,1,1,4,-1
KR_6671210162,420,-4,-37,0,-6,-7,9,2,2,0,2,0,1,1,0,1,1,-1,2,1,0,-4,6,0,-1,1,1,0,0,-1,0,-1,-1,2,-1
KR_6733389076,440,-2,-66,-7,-6,-2,3,1,-1,3,2,2,5,7,-1,2,1,-4,7,3,0,-10,16,-2,-2,4,-3,0,-1,0,-1,-1,-1,0,-1
KR_6756078206,420,-1,-46,-10,5,2,1,3,0,2,2,-1,2,1,4,0,4,0,2,2,0,2,-11,-1,0,1,2,0,-2,-1,-1,-1,-1,6,-1
KR_6761277393,420,-1,-14,-37,2,-4,5,1,5,2,7,-5,9,4,1,0,1,5,0,5,0,3,-2,1,-1,0,3,0,0,0,-1,-1,-1,0,-1
KR_6750316611,440,0,-11,-4,0,-5,6,1,8,1,9,-5,5,0,-1,9,8,3,0,3,0,13,-5,-1,-2,3,-2,0,0,0,1,-1,1,0,-1
KR_6685287431,420,4,23,9,-6,1,0,1,0,2,2,-2,3,1,-6,7,1,1,0,1,0,-7,7,-1,-1,2,-1,0,0,-1,1,1,1,3,-1
KR_6703438711,440,-2,-38,-1,-6,6,0,6,-7,7,0,-1,3,2,-5,5,0,1,0,1,0,-8,2,4,-7,3,-3,0,-1,-1,-1,-1,1,4,-1
KR_6760712264,420,-3,-77,-1,-9,-3,3,0,-7,9,2,0,3,3,0,1,1,1,1,2,-1,-8,13,-4,-4,8,-5,0,-1,-1,-1,-1,-1,1,-1
KR_6650673570,420,-1,-6,-24,0,-1,2,1,-2,4,2,-4,5,1,5,4,9,2,0,2,0,2,0,-1,-1,2,2,0,0,1,-1,0,1,3,-1
KR_6760296914,420,-2,1,-58,-8,-1,4,3,-5,6,1,1,1,2,-2,6,4,-1,2,1,-2,-12,37,1,-3,2,-14,0,0,1,-1,0,-1,4,-1
KR_6731666187,420,4,33,45,-2,1,1,2,-3,4,1,6,0,6,-2,5,3,-4,4,0,0,-10,2,-3,-4,7,-4,0,1,-1,0,1,-1,5,-1
KR_6659660970,420,2,77,12,3,-1,1,0,2,1,3,-1,4,3,-3,5,2,6,1,7,0,-1,-10,-3,-2,5,2,0,1,-1,0,1,-1,6,-1
KR_6757895968,420,-4,-100,-46,-3,2,0,2,6,3,9,1,2,3,-9,9,0,-3,5,2,0,-8,5,1,-6,5,-4,0,-1,-1,-1,-1,-1,6,-1
KR_6752017556,420,1,-24,12,1,-2,2,0,2,2,4,0,3,3,1,1,2,0,2,2,0,5,185,1,-1,0,-2,0,0,-1,0,0,-1,4,-1
KR_6551305305,440,-4,17,-32,-11,-1,1,0,-5,7,2,-1,1,0,0,1,1,-4,5,1,0,-9,-27,3,-4,1,-1,0,0,0,0,0,1,0,-1
KR_6701985018,420,1,-8,52,5,1,1,2,-3,4,1,-1,4,3,7,1,8,1,1,2,1,5,14,-3,-3,6,3,0,0,1,1,0,1,6,-1
KR_6750474964,420,-4,-41,-32,-5,-1,2,1,1,1,2,3,0,3,-4,6,2,-4,4,0,0,-3,6,4,-9,5,-3,0,-1,-1,-1,-1,-1,1,-1
KR_6703963024,420,0,-1,33,-10,-1,4,3,-8,9,1,0,0,0,0,0,0,-1,2,1,0,-12,-7,-4,0,4,-2,0,-1,1,-1,-1,-1,6,-1
KR_6651312245,420,-3,-36,16,-9,1,2,3,0,2,2,-3,3,0,-6,10,4,-1,2,1,0,-11,-5,0,-4,4,-2,0,0,1,1,1,-1,3,-1
KR_6728265006,420,-4,-98,1,-7,-4,4,0,-1,2,1,-2,7,5,-1,4,3,1,1,2,1,-1,13,0,-4,4,-2,0,-1,-1,0,-1,1,5,-1
KR_6764528988,420,-1,-53,-24,-5,-1,1,0,-1,2,1,-2,5,3,0,2,2,-1,1,0,0,-2,20,1,-4,3,-5,0,-1,0,0,-1,-1,0,-1
KR_6734447213,440,3,21,23,6,-1,1,0,6,1,7,0,1,1,-1,1,0,2,0,2,1,8,-3,4,-7,3,1,0,0,1,1,0,1,2,-1
KR_6731884314,420,-5,-76,-22,-10,0,0,0,-5,10,5,-1,1,0,-1,2,1,-3,5,2,1,5,-120,-1,-1,2,2,0,-2,-1,-1,-1,1,4,-1
KR_6763403105,420,1,-4,32,-1,-1,2,1,2,2,4,3,2,5,-2,3,1,-3,3,0,0,-7,-21,-1,-4,5,-1,0,-1,1,-1,-1,-1,5,-1
KR_6748325830,420,0,60,-12,-7,-1,2,1,-5,5,0,-1,2,1,-1,3,2,1,0,1,-1,-11,-25,-2,-1,3,0,0,0,-1,1,0,-1,1,-1
KR_6741192635,440,-3,-8,-48,-12,3,2,5,-3,5,2,-5,6,1,-1,2,1,-6,6,0,0,-12,-5,-2,-4,6,1,0,-1,-1,1,-1,1,4,-1
KR_6761086464,420,-1,-22,2,3,-3,3,0,3,0,3,1,2,3,2,0,2,0,2,2,0,-2,-11,-2,-1,3,2,0,0,-1,1,0,1,4,-1
KR_6728422351,420,-1,-44,33,-8,-3,4,1,-2,2,0,-1,1,0,-2,4,2,0,0,0,0,-3,-4,-1,-1,2,1,0,0,1,-1,1,-1,2,-1
KR_6749760586,420,2,-30,-16,4,1,1,2,-2,4,2,-1,3,2,3,1,4,3,0,3,0,7,-336,3,-4,1,0,0,1,-1,1,1,-1,3,-1
KR_6741510907,440,-3,-55,4,-5,-1,3,2,2,4,6,4,2,6,-8,8,0,-2,3,1,1,-13,-375,-2,0,2,4,0,0,-1,1,0,1,1,-1
KR_6762814834,420,1,46,-28,-6,-2,2,0,-3,4,1,3,1,4,-2,2,0,-2,2,0,0,-4,104,-2,-1,3,-1,0,-1,-1,-1,-1,-1,4,-1
KR_6747413730,420,1,12,8,6,4,1,5,2,0,2,5,1,6,-4,6,2,-1,3,2,0,-1,-1,2,-3,1,-3,0,-1,1,1,1,-1,3,-1
KR_6759926771,440,-4,-127,-4,-9,-1,3,2,0,0,0,-1,4,3,-7,7,0,0,0,0,-1,-4,-10,-3,0,3,4,0,-1,-1,-1,-1,-1,6,-1
KR_6747232337,420,2,-8,13,-1,-1,1,0,1,3,4,0,2,2,-1,3,2,0,3,3,0,2,11,3,-3,0,-4,0,0,-1,-1,-1,-1,6,-1
KR_6761469609,420,2,-29,-12,0,-7,8,1,-1,2,1,3,1,4,1,0,1,4,0,4,0,-1,334,-4,-2,6,3,0,1,-1,1,-1,-1,1,-1
KR_6756811165,420,-3,-115,-4,-1,-3,5,2,4,0,4,1,3,4,-4,4,0,1,1,2,0,1,-386,3,-6,3,-1,0,0,-1,-1,-1,-1,6,-1
KR_6761123183,420,0,-7,-12,0,3,0,3,2,1,3,-1,3,2,-1,2,1,-3,3,0,0,-7,4,1,-1,0,-1,0,0,0,-1,0,-1,0,-1
KR_6754165896,420,2,-32,40,3,-4,4,0,3,2,5,0,1,1,3,1,4,1,0,1,1,10,-8,-3,-2,5,3,0,-1,0,0,-1,1,0,-1
KR_6746294466,420,-1,-37,16,-4,-4,4,0,3,1,4,1,0,1,-3,4,1,-1,3,2,-1,-5,5,2,-4,2,-4,0,-2,1,-1,-1,-1,4,-1
KR_6753895558,420,4,-6,-17,3,5,1,6,0,4,4,-1,3,2,-1,1,0,0,2,2,1,-1,-7,-1,-3,4,0,0,0,0,0,1,1,0,-1
KR_6745103128,420,-5,-28,-33,-19,-2,2,0,1,1,2,-4,5,1,-13,13,0,-1,1,0,0,-16,9,-3,0,3,0,0,-2,-1,0,-1,-1,3,-1
KR_6759401181,420,-3,-67,-7,-9,2,1,3,-6,6,0,-2,2,0,-4,4,0,1,0,1,0,-13,-6,-5,-1,6,0,0,-2,-1,-1,-1,-1,5,-1
KR_6686954040,420,4,7,18,3,3,0,3,1,1,2,-1,2,1,0,1,1,0,1,1,0,1,108,-6,0,6,5,0,1,-1,1,1,1,1,-1
KR_6655101527,420,-7,-115,-30,-3,-3,6,3,-1,3,2,-1,2,1,0,1,1,2,1,3,0,2,-4,-4,-1,5,-2,0,-1,-1,-1,-1,-1,6,-1
KR_6716821120,420,-1,16,45,-3,1,1,2,-4,4,0,-2,4,2,0,2,2,2,0,2,0,-2,9,2,-2,0,2,0,1,1,1,1,1,4,-1
KR_6755464108,420,3,78,39,6,4,0,4,-1,3,2,-3,5,2,4,1,5,2,0,2,0,1,6,-2,-3,5,-3,0,0,1,-1,1,1,5,-1
KR_6752132662,420,0,4,12,-2,-1,2,1,2,0,2,0,5,5,2,0,2,-5,5,0,0,-2,-121,1,-4,3,-3,0,0,-1,-1,-1,1,4,-1
KR_6754171063,420,0,-45,4,5,0,1,1,0,1,1,11,3,14,-4,4,0,-2,2,0,1,5,127,-1,-1,2,2,0,1,1,1,1,1,4,-1
KR_6676897097,420,0,8,-26,-1,4,1,5,0,2,2,-2,3,1,0,0,0,-3,3,0,0,-4,-1,2,-3,1,3,0,0,-1,1,1,-1,2,-1
KR_6712357788,420,-2,52,8,-8,-5,5,0,1,1,2,-4,5,1,0,2,2,0,0,0,0,-6,361,1,-4,3,4,0,1,1,1,1,-1,3,-1
KR_6670296558,420,-3,-116,-4,-3,0,0,0,-2,2,0,-1,2,1,-1,4,3,1,1,2,0,-3,-1,-2,-4,6,-1,0,-2,-1,-1,-1,1,6,-1
KR_6747660761,420,-1,50,-3,3,1,1,2,1,2,3,-4,8,4,1,3,4,4,2,6,0,-7,-373,5,-9,4,-2,0,0,-1,1,0,1,3,-1
KR_6615435825,420,1,-41,0,0,-1,2,1,1,5,6,0,2,2,0,2,2,0,0,0,0,5,-41,1,-5,4,10,0,-1,1,-1,-1,1,3,-1
KR_6749556432,420,-3,-77,0,-10,-1,2,1,-2,4,2,-3,4,1,1,4,5,-5,5,0,0,-3,-10,0,-3,3,-2,0,-1,-1,-1,-1,-1,6,-1
KR_6756760719,420,-5,-87,-25,-9,-5,5,0,-1,4,3,3,0,3,-6,6,0,0,0,0,0,-2,2,-4,-3,7,2,0,-2,-1,0,-1,-1,4,-1
KR_6645803576,420,-3,-68,-1,-1,4,0,4,1,3,4,-4,6,2,-4,6,2,2,0,2,-1,-2,-8,-1,-2,3,3,0,-1,1,1,-1,-1,5,-1
KR_6763522156,420,1,-8,20,4,0,0,0,4,0,4,-3,3,0,1,2,3,2,1,3,0,0,14,6,-8,2,-1,0,0,-1,-1,0,1,4,-1
KR_6732499468,420,-2,-79,-23,-6,0,0,0,-3,6,3,-4,8,4,1,1,2,0,1,1,-1,-11,-5,-5,0,5,1,0,-1,-1,-1,-1,-1,1,-1
KR_6653110132,420,0,82,-20,0,-1,1,0,-3,6,3,1,1,2,2,3,5,1,0,1,0,2,4,4,-5,1,-3,0,0,1,-1,0,1,4,-1
KR_6739608337,420,-3,-74,-36,-1,1,1,2,-4,4,0,-2,9,7,5,0,5,-1,2,1,0,2,-2,1,-1,0,-2,0,-2,-1,0,-1,-1,3,-1
KR_6749724815,420,-1,-56,24,-4,-5,6,1,2,4,6,-3,5,2,0,1,1,2,2,4,0,-1,21,2,-5,3,-3,0,0,1,-1,-1,1,1,-1
KR_6746999968,420,-4,-103,-28,-13,-1,2,1,-8,9,1,3,0,3,-2,5,3,-5,5,0,0,-13,-7,3,-4,1,-2,0,-5,1,-1,-1,-1,1,-1
KR_6641347781,420,0,-13,-1,-4,2,0,2,0,2,2,1,1,2,-7,7,0,0,1,1,0,-2,-43,0,-3,3,19,0,-1,0,1,-1,1,0,-1
KR_6757400733,420,-1,3,-58,-7,2,1,3,-4,5,1,-2,3,1,-7,8,1,4,2,6,-3,-3,-5,1,-5,4,1,0,0,-1,-1,-1,-1,6,-1
KR_6616242463,420,4,35,3,0,-1,2,1,5,1,6,1,3,4,-5,12,7,0,2,2,-3,-14,36,-4,0,4,-22,0,2,-1,1,1,-1,1,-1
KR_6739680040,420,-4,-64,-9,2,-2,3,1,1,1,2,-4,5,1,3,4,7,4,0,4,0,11,1,4,-4,0,-3,0,-3,0,-1,-1,1,0,-1
KR_6735482658,420,-2,-22,-5,-1,-4,4,0,2,0,2,1,1,2,-3,3,0,3,2,5,0,1,-5,-1,-1,2,-1,0,-1,0,-1,-1,1,0,-1
KR_6715232275,420,1,-11,-17,1,2,0,2,2,0,2,-1,3,2,-3,3,0,1,0,1,1,3,-150,2,-3,1,5,0,-1,-1,-1,-1,1,5,-1
KR_6683743766,420,2,-14,-6,2,-2,5,3,-2,3,1,7,0,7,0,1,1,-1,2,1,0,5,-3,-2,-3,5,-2,0,0,-1,-1,0,-1,4,-1
KR_6701477352,420,0,24,8,5,2,0,2,6,0,6,-2,3,1,-3,6,3,2,1,3,0,7,540,-1,-2,3,-31,0,1,-1,1,1,1,5,-1
KR_6660473429,420,-5,-140,-10,0,-1,3,2,2,1,3,0,1,1,-1,3,2,0,2,2,1,6,2,5,-6,1,-3,0,0,0,1,0,1,0,-1
KR_6754612796,420,0,-33,-40,2,1,1,2,-3,4,1,-2,2,0,6,1,7,0,0,0,0,6,113,-3,-2,5,0,0,0,-1,-1,-1,1,3,-1
KR_6741940970,440,-1,-7,0,-5,1,1,2,-2,3,1,-1,4,3,-2,3,1,-1,2,1,0,-11,-25,-1,-2,3,2,0,0,0,0,0,1,0,-1
KR_6623575888,420,0,-71,9,-5,-6,6,0,-4,4,0,0,2,2,5,2,7,0,0,0,1,-1,-2,0,-2,2,-1,0,0,-1,1,-1,1,2,-1
KR_6742150777,440,2,17,-11,2,6,3,9,-3,4,1,-1,5,4,1,2,3,-1,1,0,0,-6,-43,0,-3,3,18,0,-1,-1,-1,-1,1,6,-1
KR_6760695789,420,-3,-48,1,-8,-5,7,2,0,1,1,1,3,4,-3,4,1,-1,3,2,0,-6,-229,-2,-3,5,0,0,0,-1,-1,-1,-1,1,-1
KR_6764278034,420,0,35,19,-4,1,1,2,2,0,2,-7,7,0,3,3,6,-3,3,0,0,3,-45,5,-5,0,-3,0,1,-1,1,1,-1,4,-1
KR_6760658546,420,-4,-35,4,-6,3,0,3,-4,6,2,-2,4,2,-5,5,0,2,0,2,0,-19,89,-1,-4,5,0,0,1,-1,-1,1,1,6,-1
KR_6748704064,420,0,-71,25,1,1,3,4,-1,4,3,1,3,4,1,1,2,-1,1,0,-1,1,-1,0,0,0,0,0,0,-1,-1,0,-1,3,-1
KR_6641224204,420,-5,-109,-8,-10,0,0,0,0,1,1,-2,3,1,-5,7,2,-3,4,1,0,-9,-4,-2,-1,3,-2,0,-1,-1,0,-1,-1,1,-1
KR_6579831951,420,-5,-30,6,-11,1,1,2,-2,4,2,-2,3,1,0,2,2,-8,8,0,-1,-10,-2,2,-4,2,1,0,-1,-1,-1,-1,-1,3,-1
KR_6741081974,420,2,-42,19,9,6,2,8,1,1,2,0,1,1,1,3,4,1,1,2,0,0,307,0,-3,3,-4,0,0,1,1,1,1,1,-1
KR_6761930298,420,1,13,8,0,-4,4,0,1,0,1,1,1,2,2,1,3,0,1,1,0,5,-4,-1,-3,4,1,0,0,0,-1,-1,-1,0,-1
KR_6762140179,420,-1,-45,-32,-3,3,2,5,-3,5,2,-1,2,1,-2,2,0,0,1,1,0,-4,7,-1,0,1,-2,0,1,-1,1,1,1,6,-1
KR_6629825237,420,-5,-80,-8,-6,-5,6,1,-3,3,0,0,0,0,2,2,4,0,1,1,0,-3,2,0,-2,2,-2,0,-1,-1,-1,-1,-1,1,-1
KR_6743610206,420,-2,-55,-22,-1,-2,2,0,-1,5,4,5,1,6,-3,5,2,0,0,0,0,2,7,0,-3,3,1,0,0,-1,-1,0,-1,1,-1
KR_6633440502,420,-1,71,0,5,-1,4,3,-2,5,3,3,0,3,5,0,5,0,0,0,0,-1,1,1,-4,3,-6,0,1,1,1,1,1,4,-1
KR_6710502576,440,0,-24,13,-8,0,2,2,1,3,4,-2,3,1,-1,1,0,-6,6,0,0,-6,0,-3,-4,7,-2,0,0,-1,1,0,-1,3,-1
KR_6712900348,420,0,39,-24,2,-1,2,1,-5,5,0,-3,5,2,12,0,12,-1,2,1,0,11,-5,0,-3,3,5,0,0,0,-1,0,-1,0,-1
KR_6702482371,420,-6,-107,-12,-7,-1,2,1,0,1,1,-7,7,0,2,0,2,-1,1,0,0,-2,-3,0,-5,5,-2,0,-2,-1,-1,-1,-1,3,-1
KR_6763962135,420,-1,-7,-12,-6,-3,4,1,-1,3,2,0,0,0,-3,6,3,1,0,1,0,-7,14,-1,-3,4,1,0,0,1,-1,0,-1,6,-1
KR_6761391057,420,-1,48,-7,5,1,0,1,0,6,6,-1,1,0,1,2,3,4,0,4,0,9,-62,-1,-2,3,25,0,0,1,1,1,1,6,-1
KR_6618561855,420,2,-2,36,7,0,2,2,-2,3,1,2,2,4,2,0,2,5,2,7,0,0,0,-6,-4,10,-1,0,1,1,1,1,1,5,-1
KR_6684922969,420,-4,-78,-17,-8,-7,7,0,1,0,1,0,5,5,-1,2,1,-1,3,2,0,-3,4,1,-2,1,-1,0,-3,-1,-1,-1,-1,3,-1
KR_6718801293,420,-2,-54,-13,-4,-2,3,1,0,2,2,1,2,3,-2,3,1,-1,2,1,0,1,15,1,-5,4,-7,0,-1,-1,0,-1,-1,3,-1
KR_6762315905,420,3,36,12,9,-1,1,0,5,0,5,0,2,2,5,0,5,0,1,1,0,16,-51,3,-4,1,22,0,0,1,0,1,1,1,-1
KR_6678936439,420,1,27,25,-4,0,1,1,-2,3,1,2,2,4,-4,5,1,0,3,3,0,-6,-213,3,-4,1,0,0,-1,1,1,-1,-1,1,-1
KR_6738364324,420,1,104,0,-1,1,1,2,-3,4,1,1,1,2,-1,2,1,1,1,2,1,-2,-14,3,-5,2,0,0,0,1,-1,0,1,4,-1
KR_6761024138,420,0,-5,-5,-5,-2,3,1,-3,4,1,7,0,7,-4,5,1,-3,6,3,0,-9,1,0,-5,5,3,0,0,-1,-1,0,1,4,-1
KR_6759185577,440,-5,-38,-36,-15,1,0,1,-1,2,1,-8,10,2,-3,4,1,-4,5,1,0,-16,-3,0,-2,2,0,0,-1,-1,0,-1,1,4,-1
KR_6750854515,420,-6,-133,-4,-13,0,1,1,1,0,1,-2,4,2,-7,7,0,-5,5,0,0,-13,-29,3,-7,4,13,0,-2,-1,0,-1,-1,1,-1
KR_6732420049,420,1,-89,24,0,0,1,1,2,3,5,-1,2,1,1,1,2,-2,3,1,0,3,-3,2,-5,3,-7,0,0,0,-1,0,-1,0,-1
KR_6760592256,420,2,-19,24,7,-3,3,0,1,1,2,8,0,8,-1,2,1,2,0,2,0,6,3,-4,-1,5,5,0,-2,1,-1,-1,1,3,-1
KR_6728383432,420,0,-31,-55,6,1,1,2,-3,3,0,4,0,4,2,2,4,2,0,2,0,13,2,2,-5,3,3,0,0,1,-1,0,1,5,-1
KR_6730122143,420,0,5,14,-1,0,2,2,-4,5,1,2,0,2,2,6,8,-1,1,0,0,-3,19,-2,-2,4,-5,0,0,1,-1,0,-1,4,-1
KR_6606738426,420,-4,-122,-23,-17,-4,4,0,-6,6,0,0,1,1,-7,8,1,0,0,0,-1,-16,1,-1,-3,4,0,0,-2,-1,-1,-1,-1,3,-1
KR_6634703217,420,-13,-145,-108,-17,-6,6,0,-1,1,0,-5,6,1,-5,5,0,0,0,0,-1,-7,5,-1,0,1,-1,0,-6,-1,-1,-1,-1,4,-1
KR_6746385247,420,-4,-20,-8,-6,-1,1,0,-1,1,0,-4,5,1,0,1,1,0,1,1,0,-6,-3,-1,0,1,0,0,-1,0,0,-1,1,0,-1
KR_6760034888,420,-7,-41,-44,-12,-2,2,0,-8,10,2,-4,7,3,4,2,6,-2,2,0,1,-15,12,1,-3,2,-1,0,-4,1,-1,-1,1,3,-1
KR_6648154901,420,-2,27,-12,-4,-1,3,2,3,0,3,1,1,2,-3,4,1,-4,4,0,0,-3,-6,-3,-1,4,2,0,0,-1,0,-1,-1,6,-1
KR_6743173297,420,-2,54,-12,-2,0,3,3,3,2,5,5,1,6,-4,5,1,-6,6,0,2,-4,6,-1,-1,2,1,0,2,0,0,1,1,0,-1
KR_6658962858,420,3,59,0,6,5,0,5,-4,5,1,1,0,1,3,1,4,1,0,1,1,4,0,4,-5,1,2,0,1,-1,-1,1,1,3,-1
KR_6740350990,420,0,2,-8,-1,-1,3,2,0,2,2,2,2,4,-1,4,3,-1,2,1,0,0,27,0,-3,3,-2,0,0,1,-1,0,-1,2,-1
KR_6585273956,420,1,32,4,-2,2,1,3,4,0,4,2,3,5,-8,8,0,-2,2,0,0,-3,0,-2,-1,3,1,0,0,-1,-1,1,1,1,-1
KR_6743014562,420,0,-32,34,-1,1,1,2,3,3,6,-3,3,0,0,2,2,-2,2,0,0,-3,1,3,-4,1,-2,0,2,1,1,1,-1,1,-1
KR_6747693462,420,-5,1,-35,-5,-7,8,1,-3,4,1,3,0,3,1,1,2,1,1,2,0,-12,76,2,-3,1,0,0,-1,0,1,-1,-1,0,-1
KR_6732646443,420,-1,13,-12,-9,0,4,4,-3,3,0,-5,8,3,-1,2,1,0,2,2,-1,-6,8,0,-6,6,-2,0,-2,1,-1,-1,-1,2,-1
KR_6689384898,420,2,-10,16,8,2,2,4,0,4,4,2,1,3,5,3,8,-1,2,1,1,4,-1,1,-3,2,0,0,1,1,1,1,1,3,-1
KR_6758378218,440,-4,20,-1,-17,-4,5,1,-1,1,0,-5,6,1,-3,5,2,-4,5,1,-1,-17,8,-1,-5,6,-6,0,-1,-1,-1,-1,-1,6,-1
KR_6712845191,420,-8,-55,-22,-2,1,2,3,0,1,1,0,0,0,-4,5,1,1,1,2,0,-3,-6,-1,-3,4,-1,0,-2,-1,1,-1,-1,5,-1
KR_6662644839,420,-2,-60,12,-6,-2,3,1,-2,3,1,-1,5,4,-2,4,2,1,1,2,0,-4,8,-1,-2,3,-4,0,1,1,1,1,-1,2,-1
KR_6763453072,420,-3,-50,-14,-4,-5,7,2,0,2,2,-1,6,5,3,0,3,-1,1,0,0,-3,17,0,-2,2,-2,0,1,1,0,1,1,6,-1
KR_6626679489,420,2,38,8,5,-1,3,2,1,2,3,4,3,7,0,0,0,1,1,2,0,5,7,-1,-1,2,-1,0,-1,1,1,1,-1,4,-1
KR_6661060766,420,2,23,-1,-1,0,1,1,-2,4,2,-3,3,0,3,0,3,1,0,1,0,4,-5,-3,0,3,-1,0,1,-1,-1,1,-1,6,-1
KR_6630716310,420,-2,-50,-24,2,3,2,5,0,2,2,1,3,4,-1,2,1,-1,1,0,0,-3,-24,-3,-1,4,2,0,0,0,-1,1,1,0,-1
KR_6727177815,420,5,-13,-19,4,-2,3,1,-1,5,4,3,1,4,1,1,2,3,0,3,0,5,-24,-3,-3,6,4,0,0,1,-1,0,-1,5,-1
KR_6761586667,420,0,24,0,3,-1,2,1,1,2,3,2,2,4,1,3,4,0,0,0,0,-1,-31,-2,-3,5,28,0,2,1,1,1,-1,1,-1
KR_6715483471,420,-1,8,8,0,0,3,3,-5,6,1,8,0,8,-2,3,1,-1,1,0,-3,-6,13,0,-1,1,-2,0,0,-1,-1,0,-1,4,-1
KR_6761839513,440,1,46,8,-1,-1,3,2,-1,2,1,-1,2,1,2,0,2,0,0,0,-1,-7,-5,-2,-4,6,1,0,1,0,1,1,-1,0,-1
KR_6674100951,420,-6,-86,-11,-7,-1,4,3,2,2,4,-1,5,4,-8,8,0,1,0,1,0,-4,4,0,-3,3,-1,0,-2,-1,-1,-1,1,5,-1
KR_6705421942,420,0,15,8,3,-1,3,2,4,1,5,2,1,3,-2,2,0,0,0,0,0,2,-1,-3,0,3,0,0,0,1,1,1,1,2,-1
KR_6643472144,420,-3,-119,-23,-6,-5,6,1,-1,4,3,2,2,4,-6,6,0,4,0,4,0,1,-3,-1,-2,3,2,0,-3,1,-1,-1,-1,4,-1
KR_6737202351,420,0,-27,28,0,0,0,0,1,2,3,1,5,6,-2,3,1,0,2,2,0,-1,20,1,-2,1,1,0,-2,1,1,1,1,1,-1
KR_6728406963,420,-3,5,-16,-10,1,2,3,0,0,0,-4,5,1,-8,9,1,1,0,1,0,-5,-14,3,-4,1,-1,0,-1,-1,0,-1,-1,6,-1
KR_6683457364,420,-4,-42,-28,-8,2,1,3,-6,7,1,0,1,1,-1,3,2,-3,3,0,0,-15,-5,0,-4,4,0,0,-1,-1,-1,-1,-1,3,-1
KR_6723549170,440,-3,-121,-4,-13,-7,8,1,2,2,4,-4,5,1,-1,2,1,-3,3,0,0,-6,132,0,0,0,0,0,-2,1,-1,-1,1,5,-1
KR_6649983040,420,1,92,-40,0,1,1,2,-2,3,1,0,5,5,-1,2,1,2,2,4,0,4,6,3,-3,0,1,0,0,0,0,0,1,0,-1
KR_6732871528,420,0,-35,8,-1,-4,4,0,1,1,2,0,1,1,0,2,2,2,2,4,0,1,-8,-3,-2,5,3,0,0,1,-1,-1,1,2,-1
KR_6750462008,420,0,14,1,-3,2,1,3,0,2,2,-1,2,1,-3,3,0,-1,1,0,0,-5,6,-2,-1,3,1,0,0,1,1,0,-1,1,-1
KR_6670109360,420,1,23,39,-3,0,3,3,0,2,2,0,1,1,-3,3,0,0,0,0,-1,-5,11,-1,-1,2,1,0,2,1,1,1,-1,5,-1
KR_6759468592,420,-2,-57,-30,-6,3,1,4,-1,3,2,0,3,3,-5,6,1,-3,3,0,0,-11,-11,-2,-3,5,0,0,-3,-1,-1,-1,-1,2,-1
KR_6763456621,440,-3,-28,23,-3,-6,8,2,2,0,2,-2,3,1,2,2,4,1,0,1,-1,2,-5,-2,-2,4,2,0,-3,1,-1,-1,-1,6,-1
KR_6760329755,420,-2,-94,3,-4,-1,2,1,-4,4,0,2,0,2,0,3,3,-1,3,2,0,-3,-5,0,-1,1,2,0,-2,1,0,-1,1,5,-1
KR_6730315656,420,-2,-32,4,-3,6,0,6,-2,2,0,-4,5,1,-1,2,1,-2,2,0,0,-1,-16,-2,0,2,-3,0,0,-1,1,1,-1,6,-1
KR_6759326423,440,-3,-3,8,-1,0,3,3,1,0,1,-5,5,0,3,1,4,0,2,2,0,5,-277,1,-2,1,0,0,-1,0,0,-1,1,0,-1
KR_6676098319,420,0,-22,8,0,0,1,1,1,3,4,2,2,4,-4,4,0,1,0,1,0,1,0,0,-1,1,1,0,-1,1,-1,-1,1,6,-1
KR_6694969657,420,-2,35,-44,-11,1,2,3,-4,5,1,-6,6,0,-2,3,1,0,0,0,0,-8,-5,3,-3,0,-2,0,-1,-1,-1,-1,1,2,-1
KR_6671015121,420,-4,-3,-32,-6,-5,5,0,-1,1,0,-3,4,1,1,3,4,2,1,3,0,-2,-36,-2,-2,4,3,0,-1,-1,-1,-1,-1,5,-1
KR_6761298968,420,0,-46,-19,-6,0,1,1,-2,4,2,-6,7,1,-2,4,2,4,0,4,-1,2,-8,0,-1,1,-1,0,0,-1,0,0,-1,3,-1
KR_6755663050,420,1,12,-28,-4,-1,3,2,-4,4,0,3,4,7,0,0,0,-2,3,1,-1,-9,-3,-2,-3,5,-1,0,-1,-1,1,1,-1,4,-1
KR_6760667708,420,1,19,21,-5,3,1,4,0,1,1,-1,2,1,-9,9,0,2,0,2,0,-8,-9,2,-4,2,-1,0,0,1,-1,-1,-1,3,-1
KR_6611464018,420,-5,-53,-28,-11,-3,5,2,-7,8,1,1,1,2,1,1,2,-3,3,0,0,-11,4,0,-1,1,-1,0,-3,0,-1,-1,1,0,-1
KR_6729469460,440,0,-52,15,-2,2,0,2,1,7,8,0,1,1,-3,5,2,-2,2,0,0,-4,0,-3,0,3,-1,0,0,-1,-1,0,-1,2,-1
KR_6761145621,420,-7,-141,-15,-16,-1,2,1,-1,2,1,-7,7,0,-6,6,0,-1,3,2,0,-11,-122,-4,0,4,-1,0,-2,0,-1,-1,-1,0,-1
KR_6632712099,420,0,43,24,-5,-1,1,0,0,0,0,-1,4,3,-4,5,1,1,1,2,0,-6,-6,0,-5,5,5,0,0,-1,1,0,1,2,-1
KR_6762448964,420,-2,-39,-4,-2,-3,4,1,5,1,6,0,1,1,-3,3,0,-1,1,0,0,-3,-1,-3,-2,5,0,0,0,1,-1,0,-1,5,-1
KR_6752507208,420,-1,15,-19,-6,2,0,2,-2,3,1,1,3,4,-5,6,1,-2,3,1,0,-6,1,-2,0,2,2,0,-1,-1,-1,-1,1,2,-1
KR_6762153757,420,0,6,0,-6,-1,3,2,1,4,5,-7,8,1,3,3,6,-2,3,1,1,-3,-18,-2,-3,5,5,0,-1,-1,1,-1,1,3,-1
KR_6661737160,420,2,-85,75,2,1,0,1,2,0,2,4,3,7,-5,5,0,0,1,1,0,-7,236,-3,0,3,0,0,-1,0,1,-1,1,0,-1
KR_6703318430,420,-2,42,4,-6,-4,5,1,4,3,7,1,0,1,-6,6,0,-1,2,1,0,-8,-3,-1,-2,3,2,0,-2,0,-1,-1,-1,0,-1
KR_6695636963,420,0,-27,16,-3,-2,4,2,0,4,4,-1,3,2,1,2,3,-1,1,0,0,2,-347,0,-3,3,1,0,-1,-1,-1,-1,-1,3,-1
KR_6743422113,420,-2,14,0,-6,1,2,3,-2,3,1,0,2,2,-4,4,0,-1,2,1,0,-5,255,-2,0,2,1,0,0,1,1,0,-1,1,-1
KR_6640045234,420,-2,-11,-27,-11,1,1,2,-5,6,1,-1,2,1,0,2,2,-6,6,0,0,-13,158,-1,-2,3,0,0,-1,-1,0,-1,1,6,-1
KR_6727118107,420,-1,4,-40,2,-2,3,1,1,3,4,-1,3,2,4,3,7,0,1,1,0,2,-37,0,-1,1,-1,0,1,-1,1,1,1,3,-1
KR_6759671089,420,2,45,-12,11,3,2,5,-1,5,4,0,3,3,9,0,9,0,1,1,1,18,11,2,-2,0,-1,0,1,-1,1,1,1,4,-1
KR_6738583219,420,-3,-82,4,-1,-2,3,1,4,3,7,-2,2,0,-2,3,1,1,0,1,-1,2,-6,0,-2,2,-1,0,0,-1,1,0,-1,6,-1
KR_6717242373,420,-3,-67,-4,-9,0,2,2,2,1,3,-2,4,2,-7,8,1,-2,3,1,-2,-9,-6,0,-3,3,1,0,-2,0,-1,-1,-1,0,-1
KR_6687086575,420,-4,-65,2,-4,-2,2,0,1,0,1,-1,1,0,-1,2,1,-1,1,0,0,-5,-4,-1,-1,2,-1,0,-3,-1,-1,-1,1,2,-1
KR_6760703644,420,0,59,-28,5,9,0,9,-3,3,0,0,2,2,-2,2,0,1,0,1,0,1,4,1,-2,1,-2,0,1,1,1,1,1,4,-1
KR_6717665410,420,-4,-39,-35,-4,2,0,2,-2,3,1,4,0,4,-5,6,1,-3,3,0,0,-10,-44,1,-3,2,1,0,-2,-1,1,-1,1,4,-1
KR_6762691845,440,-6,-84,-10,-12,-5,6,1,-1,5,4,1,1,2,-5,7,2,-2,4,2,0,-17,-48,0,-2,2,16,0,-2,1,0,-1,-1,1,-1
KR_6741459248,420,-7,-86,-27,-18,0,2,2,1,4,5,-6,6,0,-9,11,2,-4,7,3,0,-16,6,-3,-4,7,-2,0,-3,-1,-1,-1,-1,3,-1
KR_6670988336,420,-3,-77,-19,-6,-2,2,0,0,1,1,-1,1,0,-2,4,2,-1,1,0,1,0,-24,-6,-3,9,-1,0,0,0,-1,0,1,0,-1
KR_6754049902,420,-8,-90,-24,-17,-4,5,1,-8,8,0,-4,6,2,0,6,6,-1,2,1,0,-12,10,0,-1,1,-1,0,-1,-1,0,-1,-1,2,-1
KR_6731136303,440,0,-18,-20,2,-1,1,0,3,0,3,-3,10,7,3,0,3,0,2,2,0,-1,-7,2,-4,2,-3,0,-1,-1,-1,-1,1,6,-1
KR_6747202310,440,-3,2,0,-6,0,2,2,0,1,1,-2,8,6,-5,6,1,1,0,1,2,-3,3,3,-5,2,0,0,-1,1,-1,-1,-1,1,-1
KR_6637982667,440,-2,-56,-13,-2,-2,2,0,-3,3,0,1,4,5,-1,3,2,3,0,3,0,2,-9,0,-3,3,-2,0,-2,-1,-1,-1,-1,2,-1
KR_6749121336,420,-1,-11,-5,-3,-1,2,1,2,2,4,5,1,6,-8,9,1,-1,1,0,-1,0,-1,0,-1,1,1,0,-1,-1,-1,-1,-1,6,-1
KR_6641763419,420,-1,-61,12,1,-1,4,3,2,1,3,-3,5,2,2,1,3,1,0,1,0,-4,-14,0,-1,1,0,0,-2,-1,1,-1,-1,2,-1
KR_6756877238,420,-1,-3,-25,-4,-1,2,1,6,1,7,-2,5,3,-5,5,0,-2,2,0,1,-2,296,2,-4,2,-1,0,-1,1,-1,-1,1,4,-1
KR_6720670591,420,-1,-6,-3,-3,1,0,1,0,2,2,-6,6,0,1,2,3,1,1,2,0,0,-4,1,-3,2,2,0,0,-1,-1,0,-1,3,-1
KR_6693341980,420,1,-36,-24,3,-1,1,0,3,1,4,4,3,7,-1,4,3,-2,2,0,0,5,-5,0,-1,1,2,0,-1,1,-1,-1,1,6,-1
KR_6757738752,420,-5,-93,-12,-7,-6,6,0,3,3,6,-3,3,0,-2,6,4,1,1,2,-1,0,5,-1,-2,3,0,0,-3,1,-1,-1,-1,1,-1
KR_6738536979,420,-5,3,-37,-4,3,1,4,-4,5,1,-4,5,1,0,1,1,1,2,3,1,-13,-7,-3,-4,7,5,0,1,-1,-1,-1,-1,1,-1
KR_6698624621,440,-5,-42,-23,-6,-4,5,1,-2,3,1,-2,5,3,1,2,3,1,0,1,1,0,11,3,-8,5,-5,0,-2,-1,-1,-1,1,1,-1
KR_6712335797,420,-4,-38,-20,-13,-4,6,2,-7,7,0,1,1,2,0,5,5,-3,3,0,0,-9,1,4,-6,2,-4,0,-1,1,-1,-1,-1,5,-1
KR_6761100929,420,-2,-104,0,-11,2,1,3,-6,9,3,0,1,1,-7,7,0,0,1,1,0,-13,-25,-6,0,6,1,0,0,-1,-1,-1,-1,1,-1
KR_6756459990,420,-1,-55,-8,-1,5,2,7,-4,7,3,1,4,5,-3,3,0,0,2,2,0,-7,-6,-5,-1,6,1,0,2,-1,-1,1,1,5,-1
KR_6747495153,420,0,-4,-20,3,-1,3,2,-1,5,4,2,2,4,1,3,4,2,0,2,0,7,-131,1,-1,0,0,0,1,1,1,1,1,1,-1
KR_6758144975,440,-1,-21,-35,-3,1,3,4,-1,3,2,-1,1,0,-1,3,2,-1,4,3,0,-3,-12,2,-6,4,1,0,1,-1,-1,1,-1,5,-1
KR_6741642759,420,0,50,-16,-3,2,2,4,-2,2,0,0,0,0,-2,3,1,-1,1,0,0,-5,3,-6,-1,7,1,0,1,1,-1,1,1,5,-1
KR_6759911404,420,-1,0,0,-7,0,0,0,0,3,3,3,0,3,-9,10,1,-1,2,1,1,-7,-119,0,-5,5,-7,0,1,-1,1,-1,1,2,-1
KR_6670042534,420,0,-37,-36,-2,6,0,6,-3,4,1,-4,6,2,-4,5,1,3,0,3,1,1,2,-3,-1,4,-1,0,-2,-1,-1,-1,1,5,-1
KR_6670168293,420,-2,-22,28,-10,-2,4,2,-6,7,1,-3,7,4,2,2,4,-1,1,0,0,-13,9,-1,-2,3,2,0,-1,1,1,-1,-1,3,-1
KR_6730230482,420,-2,-18,-17,-3,0,2,2,-4,5,1,0,1,1,0,2,2,1,0,1,0,-5,-3,-5,-2,7,-3,0,0,-1,0,0,-1,3,-1
KR_6763443916,440,3,3,-17,5,2,1,3,6,0,6,-1,2,1,-3,5,2,1,1,2,0,7,-1,1,-2,1,-2,0,1,1,-1,1,1,4,-1
KR_6762351174,440,2,80,-12,8,4,2,6,-1,2,1,3,1,4,2,1,3,0,0,0,1,4,-44,-1,0,1,28,0,0,-1,-1,0,1,1,-1
KR_6683537286,420,-3,11,-3,-9,0,1,1,-4,6,2,2,1,3,-6,9,3,-1,1,0,0,-11,-5,-2,-1,3,0,0,-1,1,1,-1,1,3,-1
KR_6736393451,420,-2,-24,5,-6,3,0,3,1,0,1,-12,13,1,0,1,1,2,0,2,-1,-7,-8,-2,-1,3,-1,0,-1,-1,-1,-1,-1,3,-1
KR_6760965197,420,-1,14,4,-5,-3,3,0,1,3,4,-3,6,3,-3,6,3,3,0,3,0,0,13,-4,-2,6,0,0,-1,1,-1,-1,1,5,-1
KR_6716788949,420,-2,-49,16,-8,8,0,8,0,4,4,-3,6,3,-12,12,0,-1,2,1,1,-15,0,0,-4,4,-2,0,-1,0,-1,1,-1,0,-1
KR_6763479454,420,-4,-50,16,-8,-1,1,0,-2,2,0,-6,6,0,2,1,3,-1,2,1,0,-3,-8,-2,0,2,1,0,-1,1,-1,-1,-1,5,-1
KR_6749121385,420,-4,-73,-23,-4,-2,4,2,-1,2,1,-1,2,1,-3,3,0,3,1,4,0,0,-1,-2,0,2,0,0,-1,-1,1,-1,-1,6,-1
KR_6709557790,420,-2,16,-4,-1,-1,3,2,-4,5,1,1,1,2,0,1,1,3,0,3,1,3,6,4,-9,5,-8,0,-1,-1,-1,-1,1,4,-1
KR_6741099188,420,-3,-37,-32,-3,-2,3,1,-4,4,0,-1,2,1,4,0,4,0,0,0,1,7,5,-1,-2,3,2,0,1,-1,-1,1,1,6,-1
KR_6674415227,420,5,54,53,5,-1,1,0,-2,2,0,6,0,6,2,2,4,0,0,0,0,3,-218,-1,-2,3,1,0,1,1,1,1,1,5,-1
KR_6737802982,420,-5,-65,-19,-13,-1,1,0,-1,3,2,-3,3,0,-7,8,1,-1,1,0,0,-9,24,1,-5,4,-1,0,0,-1,1,-1,-1,2,-1
KR_6740905283,420,-2,-17,-20,-7,-1,5,4,-2,4,2,2,3,5,-6,6,0,0,1,1,-1,-10,-1,-1,0,1,0,0,0,1,-1,0,-1,2,-1
KR_6736190240,420,-3,16,-27,-7,-2,2,0,-1,1,0,-4,5,1,1,2,3,-1,1,0,0,-8,142,-3,-1,4,-9,0,0,-1,-1,1,-1,4,-1
KR_6758797707,420,-2,-94,8,-5,-1,1,0,3,1,4,-6,6,0,0,2,2,-1,2,1,0,6,-12,4,-5,1,-2,0,-1,-1,-1,-1,-1,6,-1
KR_6762335091,420,-1,-84,4,1,-3,3,0,7,1,8,0,1,1,-3,3,0,0,1,1,0,1,-37,-2,0,2,28,0,-3,1,-1,-1,1,6,-1
KR_6738582408,420,-2,-102,16,-5,5,0,5,-4,7,3,-2,4,2,-5,6,1,1,0,1,0,-3,16,-2,-6,8,-4,0,-2,0,-1,-1,1,0,-1
KR_6732158746,420,-4,15,-2,-5,-2,2,0,-1,4,3,0,1,1,0,3,3,-2,3,1,0,1,-3,1,-3,2,0,0,0,-1,0,0,-1,6,-1
KR_6748591077,420,-1,-22,24,-8,-3,4,1,-3,3,0,1,2,3,-4,4,0,1,0,1,0,-6,-4,-4,-1,5,3,0,-1,1,0,-1,1,3,-1
KR_6709498431,420,1,85,-16,-2,1,0,1,-4,4,0,-1,3,2,2,0,2,0,1,1,0,-1,-54,0,-5,5,2,0,1,0,1,1,-1,0,-1
KR_6756743255,420,2,18,24,-1,2,2,4,3,1,4,-5,8,3,1,6,7,-2,3,1,0,4,-9,-6,0,6,-4,0,1,1,1,1,1,4,-1
KR_6760274895,420,0,-2,-16,-1,0,1,1,-3,4,1,0,3,3,0,3,3,2,3,5,0,-1,262,2,-3,1,2,0,0,0,-1,0,-1,0,-1
KR_6758706231,420,1,-3,-4,1,3,0,3,3,0,3,4,4,8,-7,9,2,-2,2,0,-2,-3,-17,3,-5,2,4,0,-2,-1,1,-1,-1,2,-1
KR_6062627152,420,-2,1,12,-5,-6,6,0,0,2,2,-1,2,1,1,0,1,1,0,1,0,-4,-10,-5,-3,8,-3,0,-3,-1,-1,-1,1,4,-1
KR_6763788789,420,-1,-21,-8,-10,5,0,5,-4,6,2,-8,9,1,-2,2,0,-1,1,0,0,-7,0,1,-5,4,-1,0,0,-1,0,-1,-1,2,-1
KR_6760966684,420,-1,-42,20,-5,1,0,1,-2,4,2,-2,6,4,-2,4,2,0,0,0,0,-12,-4,-6,-3,9,2,0,0,-1,1,0,-1,4,-1
KR_6732687928,440,-5,-14,-16,-8,-6,6,0,-6,6,0,1,0,1,2,0,2,1,0,1,0,-4,20,2,-5,3,-4,0,-1,-1,-1,-1,1,2,-1
KR_6728322328,420,0,52,-20,1,-7,7,0,3,1,4,0,1,1,2,2,4,3,0,3,0,8,-10,-2,-1,3,1,0,0,-1,-1,-1,1,4,-1
KR_6630363231,420,3,7,-8,4,-2,2,0,3,1,4,4,1,5,0,2,2,-1,1,0,0,-2,-4,-2,-1,3,-4,0,-1,-1,-1,-1,1,3,-1
KR_6733365921,420,0,-41,-9,-1,-6,6,0,4,1,5,3,2,5,-1,4,3,-1,1,0,0,2,-17,-5,-2,7,4,0,-2,-1,-1,-1,-1,4,-1
KR_6759909531,440,2,25,-3,11,5,0,5,8,0,8,-4,4,0,2,2,4,0,0,0,0,12,-2,-3,-1,4,2,0,-1,1,-1,-1,1,6,-1
KR_6760273925,420,-6,-147,24,-11,-1,2,1,1,0,1,-6,6,0,-4,6,2,-1,1,0,0,-5,1,2,-2,0,-2,0,-1,-1,-1,-1,-1,4,-1
KR_6763365380,420,-3,-68,-11,-12,-6,7,1,-3,3,0,4,3,7,-9,10,1,2,0,2,0,-2,-1,-3,-1,4,1,0,-1,-1,-1,-1,-1,4,-1
KR_6753706647,420,1,-52,4,-6,-6,6,0,-1,8,7,1,3,4,3,1,4,-3,7,4,-2,-4,-287,0,-2,2,1,0,0,1,1,0,-1,3,-1
KR_6701544069,420,-3,-14,-5,-10,-6,6,0,-1,4,3,1,2,3,-4,4,0,0,1,1,-1,2,-90,0,-4,4,-1,0,-1,1,-1,-1,-1,2,-1
KR_6660429455,440,3,-36,12,4,-1,2,1,-1,4,3,1,2,3,1,1,2,4,0,4,0,-1,-108,-3,-1,4,-4,0,1,-1,-1,1,1,4,-1
KR_6761351211,440,-6,-72,4,-13,-4,4,0,-3,4,1,1,2,3,-2,3,1,-5,5,0,-1,-20,-9,-1,-3,4,1,0,-2,1,-1,-1,-1,6,-1
KR_6762149587,420,-3,-35,-20,-2,-2,2,0,-2,2,0,3,1,4,1,4,5,-2,3,1,0,5,-253,1,-3,2,13,-1,-3,1,0,-1,-1,6,-1
KR_6734930192,420,-5,22,-8,-8,2,1,3,-6,8,2,-3,3,0,0,3,3,-1,1,0,1,-3,4,-1,-2,3,1,0,0,1,0,0,1,5,-1
KR_6752415990,420,-1,4,5,-2,2,1,3,2,2,4,-3,6,3,-3,3,0,0,1,1,-2,-7,-4,4,-6,2,0,0,0,1,-1,1,-1,3,-1
KR_6730114209,420,3,-127,31,-1,2,0,2,-2,6,4,0,6,6,0,1,1,-1,3,2,1,-6,16,-1,0,1,-3,0,-1,1,0,-1,1,2,-1
KR_6661277935,440,-3,29,-24,-12,0,1,1,-2,5,3,0,3,3,-9,9,0,-1,1,0,-2,-16,-10,1,-3,2,0,0,-1,0,0,-1,-1,0,-1
KR_6735604055,420,-2,-69,12,-8,-1,1,0,1,1,2,-6,6,0,0,0,0,-2,2,0,0,-10,-2,-4,-2,6,0,0,0,-1,1,0,-1,2,-1
KR_6721965679,420,-1,-78,-3,-6,-1,2,1,2,2,4,-8,8,0,3,3,6,-2,3,1,0,0,8,2,-2,0,-2,0,-2,-1,-1,-1,1,2,-1
KR_6706559494,420,-2,-19,18,-3,0,3,3,2,1,3,4,0,4,-9,12,3,0,0,0,-2,-1,-3,-1,-2,3,0,0,0,0,1,0,-1,0,-1
KR_6663871012,420,-1,-128,34,-10,-4,4,0,0,1,1,-1,4,3,-3,4,1,-2,3,1,0,-6,10,-3,0,3,0,0,-3,1,-1,-1,-1,3,-1
KR_6724902060,440,-4,-18,-21,-7,1,1,2,3,0,3,0,2,2,-6,6,0,-5,5,0,0,-11,11,1,-3,2,2,0,-1,-1,-1,-1,1,5,-1
KR_6755116776,420,-3,-89,-10,-4,-2,3,1,0,1,1,0,1,1,0,2,2,-2,3,1,0,1,2,1,-4,3,-4,0,0,-1,-1,-1,-1,6,-1
KR_6759194129,420,-4,-58,-5,-7,3,0,3,-2,2,0,-2,5,3,-3,4,1,-3,3,0,0,-3,4,5,-6,1,0,0,-1,1,-1,-1,-1,1,-1
KR_6750962878,420,-8,-115,-44,-8,-3,4,1,-6,6,0,1,0,1,-2,2,0,2,0,2,0,-2,-6,1,-4,3,-5,0,-3,1,1,-1,-1,4,-1
KR_6744879828,420,-4,-25,-20,-7,-4,4,0,-4,4,0,2,1,3,-1,2,1,0,2,2,0,-8,1,0,-2,2,4,0,0,-1,1,0,-1,6,-1
KR_6749697606,440,-4,-83,-64,-14,-5,5,0,-1,3,2,-7,8,1,-4,6,2,3,1,4,0,-1,-10,-1,-1,2,0,0,-3,0,0,-1,-1,0,-1
KR_6761266474,420,-3,-85,-9,-6,-1,5,4,3,0,3,-2,6,4,-6,9,3,0,5,5,0,-4,-24,1,-6,5,8,0,-1,0,1,-1,-1,0,-1
KR_6685230767,420,-8,-102,-23,-21,-8,8,0,-2,5,3,-4,4,0,-8,10,2,1,1,2,-1,-14,1,-2,0,2,-2,0,0,-1,-1,-1,-1,1,-1
KR_6750787122,420,-1,-42,36,1,-1,2,1,-3,4,1,2,4,6,2,1,3,1,2,3,0,0,-7,-2,-1,3,4,0,-1,1,0,-1,1,4,-1
KR_6757448083,420,2,63,12,3,1,1,2,1,0,1,-2,6,4,2,1,3,1,1,2,0,-6,-12,-5,-1,6,6,0,2,-1,1,1,1,1,-1
KR_6761365852,420,-5,-27,-18,-11,-1,3,2,-3,7,4,-5,5,0,-3,6,3,1,0,1,0,-7,170,4,-6,2,-2,0,1,-1,1,-1,1,5,-1
KR_6759321373,420,-1,46,7,2,-3,5,2,-1,3,2,-5,7,2,11,2,13,0,0,0,0,3,-6,-7,0,7,3,0,-1,-1,-1,1,1,2,-1
KR_6705182513,420,-3,26,-54,5,-1,1,0,1,5,6,1,0,1,4,1,5,0,1,1,0,6,195,0,-3,3,22,0,0,1,-1,0,1,1,-1
KR_6760849484,420,-2,-69,1,-5,0,1,1,0,0,0,-1,2,1,-2,2,0,-2,4,2,0,-7,-6,-5,-1,6,1,0,0,-1,-1,0,-1,6,-1
KR_6742614872,420,0,-7,20,-5,-3,4,1,-1,1,0,2,1,3,-1,2,1,-2,3,1,-1,-3,67,-5,-2,7,7,0,-1,-1,-1,-1,-1,5,-1
KR_6663838376,420,-4,-99,-4,-2,3,0,3,-2,2,0,-3,3,0,1,0,1,-1,3,2,0,-5,-132,0,-1,1,-1,0,-3,-1,-1,-1,1,4,-1
KR_6755348772,420,-1,23,-24,1,3,3,6,1,1,2,6,1,7,-7,8,1,-2,3,1,0,-1,-50,-4,-1,5,17,0,-1,-1,0,-1,1,2,-1
KR_6729345681,420,-1,31,-28,-5,-1,3,2,-4,5,1,1,1,2,-1,2,1,0,2,2,0,-4,0,-2,-1,3,-3,0,-1,-1,-1,-1,-1,2,-1
KR_6704834107,420,-2,-17,1,-1,-5,5,0,1,0,1,0,1,1,2,2,4,1,1,2,0,4,-29,-5,-1,6,7,0,0,1,-1,-1,1,2,-1
KR_6761762202,440,-2,-54,-12,-4,-2,4,2,0,1,1,2,1,3,-4,4,0,0,0,0,0,-6,-14,-2,0,2,0,0,-1,-1,-1,-1,-1,2,-1
KR_6757336394,420,-4,44,-28,5,4,0,4,-4,6,2,-1,2,1,5,2,7,1,0,1,1,4,3,1,-2,1,-1,0,0,1,-1,-1,1,5,-1
KR_6757607141,420,-1,58,10,-1,2,2,4,0,0,0,-3,4,1,1,2,3,-1,2,1,0,-3,0,-3,0,3,1,0,1,-1,1,1,1,4,-1
KR_6739107901,440,-1,-7,-24,-9,-2,2,0,-2,3,1,0,2,2,-6,6,0,1,0,1,0,-14,-5,5,-6,1,-2,0,-1,-1,-1,-1,1,5,-1
KR_6709529583,420,-1,-33,36,-6,-1,2,1,0,3,3,-3,4,1,-3,4,1,1,0,1,0,-5,59,-2,-1,3,2,0,-4,-1,-1,-1,1,1,-1
KR_6749992404,420,0,-23,-40,1,0,1,1,-1,1,0,3,4,7,-3,6,3,2,0,2,1,1,-5,-4,-2,6,3,0,-1,-1,-1,-1,1,3,-1
KR_6688185809,420,-4,-132,8,-8,-1,3,2,-1,3,2,-9,11,2,1,1,2,2,1,3,0,-6,120,1,-6,5,3,0,0,-1,1,-1,-1,3,-1
KR_6726137695,420,0,-40,8,-2,2,1,3,-5,8,3,0,2,2,1,2,3,0,0,0,0,5,-31,1,-5,4,13,0,-1,-1,1,1,-1,3,-1
KR_6702063898,420,0,31,30,-3,-6,7,1,0,1,1,6,0,6,1,2,3,-4,4,0,0,-2,-34,-3,-2,5,27,0,0,1,-1,1,-1,3,-1
KR_6743732794,440,-2,-60,32,-12,1,4,5,0,2,2,1,0,1,-10,11,1,-4,5,1,-1,-13,-17,-3,0,3,-4,0,-2,1,1,-1,-1,1,-1
KR_6736417246,440,-5,-43,-4,-19,1,1,2,-5,5,0,-8,10,2,-6,7,1,-1,1,0,0,-21,2,-1,-3,4,-1,0,0,-1,-1,-1,-1,6,-1
KR_6672504685,420,-3,-40,-32,-4,5,2,7,-6,7,1,1,0,1,-2,3,1,-2,2,0,0,-1,-41,1,-4,3,20,0,-3,1,-1,-1,1,6,-1
KR_6759985228,420,-2,-64,-4,-13,-3,5,2,-3,3,0,-4,6,2,-3,4,1,0,0,0,0,-11,-1,-4,-3,7,-2,0,0,1,0,-1,-1,1,-1
KR_6636084189,420,-1,25,-8,-9,2,0,2,-5,7,2,-2,5,3,-4,6,2,0,1,1,-1,-5,-108,-3,-1,4,0,0,-1,-1,-1,-1,-1,1,-1
KR_6733659521,420,1,-39,16,1,1,0,1,0,1,1,1,1,2,-4,5,1,3,0,3,0,-2,-2,-1,0,1,0,0,0,-1,1,0,1,2,-1
KR_6716767060,420,-3,-47,2,-8,0,1,1,1,1,2,-4,4,0,-2,4,2,-3,3,0,0,-10,-15,3,-6,3,-2,0,-1,-1,1,-1,-1,5,-1
KR_6591065147,420,-6,-43,-19,-7,-2,5,3,0,2,2,-3,5,2,1,5,6,-3,3,0,1,-10,-7,-5,-3,8,-1,0,0,-1,-1,1,1,4,-1
KR_6742636838,420,-6,-85,-29,-14,-4,4,0,-1,2,1,-4,4,0,-5,7,2,0,1,1,-1,-11,-6,-2,-2,4,-3,0,0,-1,-1,-1,-1,1,-1
KR_6723096744,420,0,-68,8,-5,0,1,1,-2,2,0,-4,4,0,-3,5,2,4,0,4,0,-3,-2,-1,-2,3,4,0,-1,-1,-1,-1,-1,1,-1
KR_6638382912,420,-4,-26,-37,-5,0,2,2,0,0,0,-2,2,0,-1,2,1,-2,2,0,0,-1,4,0,-1,1,-2,0,0,0,0,-1,-1,0,-1
KR_6719587308,420,0,4,-16,-4,-2,3,1,-2,7,5,0,3,3,1,2,3,-1,3,2,0,-3,348,-3,-1,4,-2,0,-1,-1,-1,-1,1,1,-1
KR_6763812903,420,-2,-6,12,-8,5,0,5,-1,2,1,0,2,2,-12,13,1,0,0,0,0,-14,-15,-5,-2,7,3,0,-1,1,1,-1,-1,6,-1
KR_6760224497,420,0,-57,18,1,9,0,9,-1,3,2,-5,6,1,-3,4,1,1,1,2,0,-1,9,2,-3,1,-1,0,1,1,1,1,1,2,-1
KR_6689524831,440,-1,11,28,-2,2,1,3,-1,3,2,-2,3,1,-2,6,4,1,1,2,0,-4,-27,4,-5,1,1,0,0,-1,1,0,1,3,-1
KR_6759100727,420,-2,-26,-10,-2,-2,2,0,-1,2,1,5,1,6,-4,5,1,0,1,1,0,2,-8,-6,-4,10,10,0,0,0,0,0,1,0,-1
KR_6696155781,420,-3,1,15,-2,3,0,3,-5,5,0,1,0,1,-1,1,0,0,0,0,0,-7,-34,2,-6,4,12,0,0,1,1,0,1,1,-1
KR_6756263125,440,-3,11,-26,-4,-1,1,0,-3,3,0,-1,5,4,1,0,1,0,1,1,0,-8,62,-1,-3,4,-21,0,0,-1,-1,0,1,3,-1
KR_6653161461,420,1,35,11,7,-1,3,2,1,0,1,6,0,6,3,0,3,-2,3,1,0,7,1,2,-2,0,-1,0,1,1,1,1,-1,1,-1
KR_6730832495,420,-8,-89,-96,-19,-8,8,0,0,1,1,-6,6,0,-6,8,2,1,0,1,0,-13,-54,-2,0,2,-21,0,-3,0,1,-1,-1,0,-1
KR_6744456752,420,-1,68,-29,0,3,0,3,-5,5,0,6,2,8,-4,5,1,0,1,1,0,-8,-22,-2,-2,4,-3,0,1,-1,-1,-1,1,6,-1
KR_6761325905,420,-2,-33,-6,-2,0,1,1,-7,7,0,2,1,3,5,1,6,-2,2,0,0,-7,-9,1,-1,0,3,0,1,-1,1,1,1,5,-1
KR_6692724474,420,-5,-48,-28,-8,-3,5,2,1,8,9,-2,2,0,-2,2,0,-2,2,0,3,-10,35,5,-6,1,-9,0,0,-1,-1,0,1,4,-1
KR_6762524801,420,-1,17,3,-1,2,2,4,1,2,3,-1,3,2,2,4,6,-5,5,0,1,-1,4,3,-4,1,-4,0,-1,0,-1,-1,-1,0,-1
KR_6748628014,420,-6,-92,-40,-7,-6,6,0,1,3,4,-1,1,0,-1,1,0,0,0,0,0,-8,-9,-3,-3,6,-4,0,-2,-1,1,-1,-1,6,-1
KR_6762555616,420,2,54,12,10,2,2,4,2,1,3,6,1,7,0,0,0,0,0,0,1,4,-4,2,-3,1,1,0,0,1,1,1,1,2,-1
KR_6760232049,420,-1,5,-12,3,-2,3,1,4,3,7,-1,2,1,-1,5,4,3,0,3,0,11,1,-3,-2,5,0,0,-1,1,-1,-1,-1,5,-1
KR_6613362697,420,-2,12,-30,-6,-2,2,0,4,1,5,-4,4,0,0,1,1,-4,5,1,0,-5,-4,7,-7,0,1,0,-1,-1,-1,-1,1,1,-1
KR_6760373636,420,5,38,-8,12,2,4,6,2,1,3,0,2,2,3,1,4,5,2,7,1,11,-313,3,-4,1,-4,0,1,-1,-1,1,1,5,-1
KR_6692382843,420,-4,-84,-31,-10,0,1,1,-3,3,0,-1,2,1,-6,6,0,0,1,1,-1,-8,-6,-2,-1,3,-1,0,-2,-1,0,-1,-1,6,-1
KR_6747752588,420,1,-13,-28,4,-4,4,0,-4,7,3,4,1,5,6,1,7,2,1,3,1,1,43,2,-4,2,-21,0,0,-1,-1,-1,1,3,-1
KR_6745235785,420,0,-20,-15,-2,-3,3,0,-3,4,1,1,1,2,0,2,2,3,0,3,0,0,21,-3,-3,6,2,0,-2,1,-1,-1,-1,2,-1
KR_6755083850,420,-2,-1,4,-8,3,0,3,-2,2,0,-1,3,2,-4,4,0,-4,4,0,0,-5,-24,1,-1,0,-1,0,-1,-1,-1,-1,-1,5,-1
KR_6684641188,420,2,-41,16,-5,1,2,3,0,2,2,-3,4,1,0,3,3,-3,3,0,0,-2,-4,-5,0,5,-2,0,0,-1,-1,0,-1,1,-1
KR_6746990549,420,-7,-57,-28,-14,3,1,4,-1,2,1,-8,8,0,-6,9,3,-2,4,2,0,-12,4,0,-3,3,3,0,-1,-1,-1,-1,-1,3,-1
KR_6737018645,420,-9,-56,-52,-12,3,0,3,-5,5,0,-2,2,0,-3,7,4,-5,6,1,1,-6,2,0,-5,5,-2,0,0,-1,-1,-1,1,4,-1
KR_6744848454,420,-6,-58,-59,-6,-3,3,0,-1,2,1,0,2,2,-2,5,3,0,4,4,2,-4,-16,-7,0,7,0,0,-4,-1,-1,-1,1,5,-1
KR_6736305292,420,1,47,-4,-1,-1,1,0,-1,2,1,1,0,1,1,6,7,-1,2,1,0,-3,-11,-3,-1,4,2,0,1,1,1,1,1,3,-1
KR_6745935904,440,-2,-46,-29,0,3,0,3,-3,4,1,5,1,6,-1,1,0,-4,5,1,0,-5,-5,-4,-2,6,1,0,0,-1,-1,0,-1,5,-1
KR_6654776855,420,-2,-41,8,-9,-7,7,0,1,2,3,-3,3,0,0,1,1,0,0,0,0,-6,8,-1,-1,2,-2,0,-2,-1,-1,-1,-1,1,-1
KR_6760919773,420,0,41,-32,-9,-3,7,4,-8,8,0,-2,3,1,1,1,2,3,0,3,0,-4,-6,-1,-1,2,-2,0,-1,-1,-1,-1,-1,2,-1
KR_6740834982,440,-2,-26,-5,-1,0,2,2,1,1,2,3,1,4,-7,7,0,2,1,3,0,1,-15,2,-4,2,-5,0,-1,1,0,-1,-1,3,-1
KR_6763513432,420,1,10,13,2,-1,5,4,4,0,4,1,1,2,-2,2,0,0,0,0,0,1,0,-1,-1,2,2,0,0,1,1,-1,-1,4,-1
KR_6721572132,420,-5,21,-52,-7,1,0,1,-6,6,0,-5,6,1,3,0,3,0,0,0,0,-7,36,-4,-3,7,-40,0,0,-1,-1,-1,-1,1,-1
KR_6747132167,440,-1,-15,-16,-8,-4,4,0,-2,3,1,-4,5,1,2,3,5,0,3,3,-1,-5,-9,-4,-2,6,0,0,1,-1,-1,1,-1,1,-1
KR_6611378318,420,0,31,0,0,1,0,1,-4,6,2,0,1,1,0,1,1,3,1,4,0,2,0,-3,-2,5,-3,0,0,-1,-1,0,-1,3,-1
KR_6749744989,420,-5,-76,-16,-9,-1,1,0,-3,6,3,-2,4,2,-3,3,0,0,1,1,-1,-3,12,1,-2,1,-2,0,-1,-1,0,-1,-1,2,-1
KR_6758686229,420,2,59,0,3,-3,5,2,-1,2,1,-1,3,2,5,1,6,3,0,3,0,5,14,-1,-3,4,-2,0,0,-1,1,0,-1,6,-1
KR_6761391149,420,-1,60,12,3,-3,3,0,0,1,1,3,1,4,2,0,2,1,0,1,0,5,-139,4,-5,1,-2,0,0,-1,0,0,1,6,-1
KR_6747080847,420,1,38,-4,-4,1,1,2,-1,4,3,2,2,4,-4,8,4,-2,2,0,0,-9,5,-1,-2,3,-2,0,-1,-1,-1,-1,-1,1,-1
KR_6764237640,420,0,-58,-4,-5,2,2,4,-3,4,1,-3,5,2,1,2,3,-2,2,0,-1,3,-7,0,-3,3,-5,0,-1,-1,-1,-1,-1,2,-1
KR_6745693704,420,-7,-82,-30,-10,-4,4,0,-5,7,2,-4,5,1,2,5,7,1,1,2,-1,-4,-153,-1,-2,3,-4,0,-2,-1,-1,-1,-1,1,-1
KR_6758878746,420,-4,-56,-12,-8,-4,4,0,-1,4,3,-5,7,2,2,0,2,0,0,0,0,5,-20,0,-4,4,4,0,-2,-1,-1,-1,-1,5,-1
KR_6715309157,440,3,43,63,9,-2,5,3,7,0,7,6,0,6,-3,9,6,1,1,2,2,9,-1,0,-1,1,1,0,1,-1,0,-1,-1,5,-1
KR_6741154825,420,-2,-79,12,-10,-4,4,0,0,2,2,-5,8,3,-1,2,1,0,0,0,0,-8,-10,8,-9,1,1,0,-1,1,1,-1,-1,3,-1
KR_6669444388,420,-1,-36,4,-7,1,0,1,1,2,3,-2,2,0,-5,6,1,-2,2,0,-2,-9,-17,-1,-3,4,2,0,0,1,1,0,-1,5,-1
KR_6729379474,420,-4,-20,-8,-5,-6,6,0,3,1,4,1,4,5,-1,1,0,-2,2,0,0,3,-9,0,-3,3,2,0,-1,0,0,-1,-1,0,-1
KR_6695084338,420,-3,2,-20,-9,-2,4,2,-4,6,2,-2,3,1,-2,5,3,1,0,1,0,-5,0,-4,-1,5,-3,0,-2,-1,-1,-1,-1,3,-1
KR_6729268307,420,-2,-32,-28,-4,-4,5,1,3,0,3,1,0,1,-4,4,0,0,0,0,0,-3,48,-1,-2,3,-20,0,-1,1,1,-1,-1,2,-1
KR_6652043697,420,0,-30,-32,-2,-3,5,2,2,3,5,-6,6,0,2,3,5,3,0,3,0,6,5,4,-5,1,-2,0,-2,1,-1,-1,-1,5,-1
KR_6743801794,420,1,40,4,-1,3,0,3,-1,3,2,-3,3,0,0,3,3,0,0,0,0,-1,5,-1,-3,4,-3,0,0,-1,1,1,1,6,-1
KR_6743393550,420,-1,6,-5,-8,-2,3,1,0,3,3,-5,6,1,-1,3,2,0,1,1,0,-8,7,3,-5,2,1,0,0,0,0,0,-1,0,-1
KR_6762635226,420,-1,-72,39,0,2,2,4,0,1,1,2,1,3,-3,5,2,-1,1,0,0,-3,-74,-5,0,5,16,0,-1,-1,0,-1,1,6,-1
KR_6693447265,420,-2,-39,-3,0,-3,3,0,-2,5,3,0,1,1,2,0,2,3,0,3,0,1,18,-3,0,3,0,0,0,-1,0,-1,-1,6,-1
KR_6623412173,420,-2,-41,16,1,-1,3,2,0,0,0,0,1,1,2,0,2,0,0,0,0,4,7,1,-4,3,1,0,0,1,1,0,1,3,-1
KR_6718988605,420,0,-34,-12,-3,1,2,3,1,4,5,-1,2,1,-3,4,1,-1,1,0,0,0,-2,6,-8,2,-6,0,0,-1,-1,0,1,1,-1
KR_6623131965,420,0,64,-2,1,0,1,1,2,4,6,-2,2,0,2,0,2,-1,1,0,0,3,-107,6,-6,0,-2,0,-1,-1,0,-1,1,5,-1
KR_6650070558,420,-5,-44,-6,-10,0,1,1,-5,8,3,-1,2,1,-4,4,0,0,2,2,0,-6,-21,-2,-1,3,1,0,-1,0,0,-1,-1,0,-1
KR_6750240373,440,-5,-52,-20,-16,-6,6,0,-4,6,2,1,4,5,-2,6,4,-5,5,0,-3,-26,-13,-1,0,1,0,0,-2,-1,0,-1,-1,5,-1
KR_6735417161,420,-4,-135,14,-12,-1,2,1,-1,1,0,-2,5,3,-5,6,1,-3,5,2,0,-16,20,2,-3,1,-5,0,-1,-1,0,-1,-1,4,-1
KR_6727073348,420,-5,-86,-8,-16,1,0,1,3,2,5,-4,4,0,-8,10,2,-8,8,0,0,-7,-182,2,-3,1,-1,0,-1,-1,1,-1,-1,4,-1
KR_6723900978,440,-2,21,-29,-10,-1,5,4,-4,4,0,-1,6,5,-2,2,0,-2,3,1,0,-6,388,-1,-1,2,0,0,-1,0,0,-1,1,0,-1
KR_6723537168,420,-2,27,-4,-4,3,0,3,-1,3,2,2,1,3,-6,9,3,-2,2,0,0,-6,0,3,-7,4,-2,0,0,-1,1,1,1,3,-1
KR_6665003377,420,1,-61,-36,1,-3,5,2,6,2,8,1,2,3,-2,4,2,-1,2,1,-1,6,-3,-1,-3,4,4,0,0,-1,1,-1,1,3,-1
KR_6684289480,440,-1,-77,5,-1,2,0,2,-5,8,3,-2,3,1,3,4,7,1,0,1,0,-5,-48,-5,-1,6,23,0,1,-1,1,1,-1,5,-1
KR_6732229475,440,-1,-74,-22,-1,1,0,1,-3,4,1,-1,2,1,1,0,1,1,1,2,0,-2,-22,-5,-2,7,-1,0,-1,1,1,-1,1,6,-1
KR_6763880657,420,-2,16,-19,-5,2,0,2,3,3,6,-2,4,2,-5,10,5,-3,4,1,0,-5,-249,2,-4,2,-1,0,0,0,0,-1,-1,0,-1
KR_6679831568,420,-1,17,0,-8,0,0,0,3,0,3,-6,7,1,-4,5,1,-1,2,1,0,-5,22,-3,-1,4,-1,0,-1,0,1,-1,-1,0,-1
KR_6762424113,420,-6,-79,-13,-10,-3,5,2,-2,3,1,-4,7,3,-2,4,2,1,1,2,0,6,17,1,-3,2,1,0,0,-1,-1,0,-1,3,-1
KR_6762808325,420,0,-33,-10,0,7,0,7,0,2,2,0,5,5,-6,6,0,-1,2,1,-1,-10,-6,1,-1,0,0,0,-1,-1,1,-1,-1,5,-1
KR_6755224423,420,-1,-12,-15,1,4,0,4,4,2,6,-3,4,1,-7,7,0,3,2,5,1,6,12,0,-2,2,-6,0,0,1,-1,-1,-1,2,-1
KR_6759246035,420,0,-34,-4,-4,-1,2,1,-6,7,1,2,2,4,1,4,5,0,2,2,0,0,-7,-3,-1,4,-1,0,-2,0,-1,-1,-1,0,-1
KR_6699143736,420,1,49,24,1,1,1,2,-1,1,0,0,0,0,3,1,4,-2,2,0,0,-3,-128,0,-2,2,-6,0,1,1,1,1,1,6,-1
KR_6743308909,420,3,62,4,1,6,0,6,-3,8,5,-1,3,2,0,0,0,-1,2,1,0,-1,6,5,-5,0,0,0,1,1,1,1,-1,6,-1
KR_6751296352,420,-2,-45,-2,-11,4,2,6,1,0,1,-1,1,0,-13,14,1,-2,3,1,-2,-18,22,-4,-1,5,-19,0,0,-1,0,1,-1,6,-1
KR_6644713360,420,-1,-22,13,0,1,0,1,-3,4,1,-3,3,0,3,0,3,2,0,2,0,5,-162,-3,-4,7,1,0,-2,1,-1,-1,-1,4,-1
KR_6688435322,420,0,-22,12,-2,6,0,6,-4,5,1,2,1,3,-6,6,0,0,1,1,1,-7,-8,-3,-1,4,-2,0,0,-1,-1,0,1,5,-1
KR_6751538183,420,-8,-76,-26,-18,-3,3,0,-1,2,1,-6,6,0,-8,8,0,0,0,0,0,-10,-2,0,0,0,-1,0,0,0,1,-1,-1,0,-1
KR_6764575867,420,0,-42,-8,3,-3,4,1,1,0,1,2,1,3,1,3,4,2,0,2,0,3,-81,1,-4,3,-1,0,0,1,1,0,1,3,-1
KR_6689848264,420,-1,2,-3,0,1,2,3,-1,5,4,-3,5,2,3,2,5,0,2,2,0,-2,0,-1,0,1,-1,0,-1,-1,1,-1,-1,4,-1
KR_6585311490,420,0,6,-12,1,1,3,4,-3,4,1,1,2,3,1,2,3,1,0,1,0,1,0,-1,-1,2,0,0,-1,1,-1,-1,1,2,-1
KR_6751168744,420,3,20,16,0,-1,5,4,0,2,2,3,2,5,-2,3,1,0,1,1,-1,-7,42,1,-5,4,-2,0,1,1,0,1,-1,3,-1
KR_6760452025,420,-4,-72,-32,-9,-1,1,0,-5,6,1,-5,5,0,0,2,2,2,1,3,0,-9,-337,1,-2,1,1,0,-1,-1,0,-1,-1,5,-1
KR_6745507150,420,-1,-40,-7,1,-1,1,0,0,1,1,-4,4,0,1,1,2,5,1,6,-2,7,22,1,-3,2,2,0,1,1,-1,1,-1,4,-1
KR_6762268089,420,-1,25,-16,-10,-2,5,3,0,2,2,-7,9,2,0,0,0,-1,1,0,-2,-15,-2,-4,-1,5,3,0,-1,-1,-1,-1,-1,1,-1
KR_6626036554,420,-2,-55,-24,-7,-4,6,2,0,3,3,0,2,2,-2,4,2,-1,2,1,0,-6,-10,-6,0,6,3,0,0,-1,-1,-1,-1,2,-1
KR_6742069559,440,-3,-70,-16,-4,-3,3,0,1,2,3,-3,3,0,-3,4,1,4,0,4,0,1,-1,-3,-2,5,4,0,-2,-1,-1,-1,1,6,-1
KR_6628706763,420,-2,-41,19,-6,-1,2,1,-2,3,1,2,4,6,-1,2,1,-4,4,0,0,-9,-5,0,-5,5,-3,0,0,-1,-1,-1,-1,3,-1
KR_6736717350,420,2,52,4,3,0,1,1,-3,9,6,2,0,2,2,0,2,2,2,4,0,5,-6,1,-2,1,3,0,-1,-1,-1,-1,-1,2,-1
KR_6764534211,420,-1,30,-39,2,-1,3,2,1,2,3,2,1,3,-1,1,0,1,0,1,0,-1,14,3,-6,3,4,0,0,-1,-1,0,1,3,-1
KR_6745239761,420,-1,20,-4,-6,-2,4,2,0,2,2,-1,1,0,0,1,1,-3,3,0,0,-5,287,3,-6,3,5,0,0,-1,-1,0,1,2,-1
KR_6763585412,420,1,63,-19,1,0,2,2,1,2,3,-2,2,0,1,2,3,1,2,3,0,-2,-27,-3,-3,6,3,0,1,-1,1,1,1,2,-1
KR_6739335098,440,-2,-80,-20,-14,2,0,2,-2,3,1,0,1,1,-8,10,2,-6,7,1,-2,-22,17,0,-6,6,-3,0,-3,-1,-1,-1,-1,4,-1
KR_6754242519,420,-3,-22,-7,-5,4,2,6,-1,2,1,-2,6,4,-4,7,3,-2,2,0,-1,-7,286,1,-2,1,-3,0,-1,1,1,-1,-1,5,-1
KR_6746239589,420,-5,-46,-12,-14,1,0,1,-9,11,2,-8,8,0,2,2,4,0,0,0,0,-14,-211,-1,-1,2,1,0,-1,1,1,-1,-1,2,-1
KR_6704360181,420,-6,-104,-44,-2,0,3,3,2,2,4,3,1,4,-4,4,0,-3,6,3,-2,-6,-5,1,-3,2,0,0,-2,-1,1,-1,-1,3,-1
KR_6761994801,420,-1,-44,-12,0,1,0,1,2,1,3,3,1,4,-4,10,6,-2,2,0,1,-4,-4,2,-7,5,-1,0,-2,1,-1,-1,1,4,-1
KR_6631768893,420,2,0,-33,-4,1,1,2,5,0,5,-11,14,3,0,5,5,1,0,1,0,3,-5,2,-4,2,0,0,-1,-1,-1,-1,-1,1,-1
KR_6753904444,420,-1,27,-24,-2,-1,2,1,-3,7,4,0,2,2,1,2,3,1,1,2,0,-1,6,-4,-1,5,1,0,1,-1,0,1,-1,1,-1
KR_6660527582,440,0,-32,12,-4,1,3,4,2,1,3,-2,4,2,-4,5,1,-1,2,1,0,-7,-348,1,-1,0,0,0,-1,-1,0,-1,-1,2,-1
KR_6750682662,440,0,-56,32,-3,-2,2,0,6,1,7,-1,1,0,-6,8,2,0,0,0,0,-7,3,-1,-1,2,2,0,0,0,-1,-1,-1,0,-1
KR_6763681819,420,1,-14,-8,0,-1,1,0,1,1,2,1,2,3,-1,1,0,0,0,0,0,0,1,0,-3,3,-1,0,0,-1,1,0,-1,2,-1
KR_6724749434,420,3,27,-5,1,0,3,3,3,2,5,-3,3,0,3,1,4,-2,6,4,0,2,135,0,-2,2,-2,0,2,-1,1,1,1,5,-1
KR_6759088310,420,-2,5,-12,-5,-1,2,1,-4,5,1,-3,4,1,1,2,3,2,1,3,0,-6,-101,3,-5,2,-2,0,0,1,-1,0,-1,6,-1
KR_6757640075,420,-3,-4,-13,2,3,1,4,-2,6,4,2,0,2,0,5,5,-1,1,0,0,-3,1,4,-4,0,-2,0,0,-1,1,1,1,6,-1
KR_6744441801,420,-1,-65,16,-6,-4,4,0,1,0,1,-4,4,0,2,2,4,-1,3,2,0,3,15,-2,-1,3,3,0,-1,1,-1,-1,-1,6,-1
KR_6760914089,420,0,-17,-8,-2,-1,3,2,-1,1,0,-1,3,2,-1,1,0,2,1,3,0,-4,20,4,-4,0,-3,0,-1,0,0,-1,-1,0,-1
KR_6639705190,440,1,34,-2,1,5,0,5,7,0,7,-1,1,0,-1,3,2,-9,12,3,-1,-7,-2,-2,0,2,5,0,2,-1,1,1,-1,6,-1
KR_6752625890,420,-3,-112,-40,0,6,1,7,0,2,2,1,1,2,-4,5,1,-3,3,0,0,-4,-14,-2,0,2,3,0,-2,-1,1,-1,1,2,-1
KR_6754151371,420,-3,-67,-32,-3,3,2,5,3,0,3,-4,5,1,-5,6,1,0,1,1,0,-3,-8,-6,-2,8,5,0,0,-1,1,0,-1,4,-1
KR_6753621358,420,-3,-69,4,-5,-2,2,0,-2,4,2,-1,3,2,2,0,2,-2,3,1,0,-8,0,-2,-3,5,1,0,-1,1,-1,-1,-1,6,-1
KR_6611928235,420,-4,-55,-20,-16,0,1,1,0,3,3,-7,7,0,-7,7,0,-2,3,1,-1,-14,2,2,-3,1,0,0,-2,0,-1,-1,-1,0,-1
KR_6650597008,420,-5,-48,-16,-5,-2,2,0,1,1,2,-1,3,2,-3,5,2,0,0,0,0,-4,2,-1,-2,3,-6,0,-3,-1,1,-1,-1,2,-1
KR_6760552364,420,0,12,-17,8,-3,4,1,4,1,5,-3,3,0,8,0,8,2,0,2,0,13,147,5,-6,1,5,0,0,-1,1,0,-1,1,-1
KR_6738461915,420,-3,-38,-32,-1,1,1,2,-2,3,1,-3,4,1,2,1,3,1,1,2,0,2,-3,0,-2,2,-1,0,1,-1,-1,1,1,5,-1
KR_6747353040,420,0,-14,11,-1,-6,6,0,0,2,2,1,3,4,5,1,6,-1,1,0,0,1,-1,4,-6,2,-1,0,-1,-1,0,-1,1,5,-1
KR_6624203301,420,-1,-24,-4,2,-3,5,2,3,0,3,1,1,2,1,0,1,0,0,0,0,5,122,4,-6,2,2,0,-1,-1,-1,-1,1,4,-1
KR_6722845976,420,0,42,-28,6,0,1,1,-2,2,0,-3,3,0,10,1,11,1,0,1,0,8,-169,-1,0,1,0,0,2,-1,1,1,1,1,-1
KR_6685192581,420,-4,-54,-16,-3,1,4,5,0,1,1,-2,3,1,-2,3,1,0,1,1,0,-6,-8,0,-2,2,-1,0,0,-1,0,0,1,1,-1
KR_6601669703,420,0,-9,24,-8,-2,3,1,3,2,5,2,0,2,-10,11,1,-1,2,1,-1,-11,-1,-2,-3,5,-1,0,-1,1,1,-1,-1,5,-1
KR_6760635295,440,0,-14,18,1,0,0,0,-1,3,2,2,1,3,1,0,1,-1,1,0,0,1,1,0,-1,1,-1,0,0,-1,1,1,-1,6,-1
KR_6753810555,420,-2,-47,8,-10,-1,3,2,-2,4,2,-3,6,3,-3,4,1,-1,1,0,0,-6,17,-3,-2,5,-4,0,0,-1,-1,0,-1,2,-1
KR_6618706483,420,-3,4,-14,-4,-12,14,2,1,3,4,0,1,1,4,3,7,3,0,3,0,0,-5,-2,-4,6,3,0,-4,-1,-1,-1,-1,5,-1
KR_6761593603,420,-1,26,-15,-3,-1,4,3,-3,4,1,-1,3,2,2,0,2,0,0,0,0,0,4,1,-3,2,-2,0,-1,0,-1,-1,-1,0,-1
KR_6683032213,440,0,-7,14,-2,2,1,3,-4,8,4,1,5,6,0,1,1,-1,2,1,0,-7,454,-1,-5,6,2,0,0,1,0,0,-1,3,-1
KR_6761799795,420,2,91,24,1,-1,2,1,3,2,5,-1,2,1,-1,2,1,1,1,2,0,-4,587,3,-3,0,1,0,1,1,1,1,1,6,-1
KR_6752445858,420,-1,-65,4,-1,-2,3,1,3,1,4,3,1,4,-4,7,3,-1,2,1,0,-6,-236,14,-16,2,1,0,0,-1,1,0,1,3,-1
KR_6757783594,420,-3,6,-11,-5,-3,4,1,1,5,6,-4,4,0,2,2,4,-1,2,1,0,0,-1,-6,-3,9,2,0,0,-1,-1,0,-1,5,-1
KR_6697639056,420,-1,13,13,-4,-1,2,1,-3,4,1,-2,3,1,1,2,3,1,0,1,0,0,27,0,-4,4,-9,0,1,-1,-1,1,1,1,-1
KR_6751973217,420,-4,27,20,-10,-3,3,0,-6,8,2,-3,3,0,1,0,1,1,0,1,0,-4,-13,-1,-1,2,4,0,-2,-1,-1,-1,-1,6,-1
KR_6741941760,420,-2,8,0,-7,-1,1,0,-2,4,2,-3,4,1,0,0,0,-1,1,0,0,-6,10,5,-8,3,-4,0,-1,-1,-1,-1,-1,3,-1
KR_6726396482,420,-4,-86,-44,0,3,0,3,-3,6,3,2,3,5,-1,3,2,-1,3,2,0,7,1,2,-6,4,-2,0,-2,-1,-1,-1,-1,5,-1
KR_6761015052,440,-2,-22,-12,-3,2,0,2,-1,3,2,1,1,2,-2,5,3,-3,3,0,0,-7,2,0,-3,3,1,0,-2,-1,0,-1,1,2,-1
KR_6722671450,420,1,-61,12,0,0,1,1,-3,6,3,4,0,4,-1,4,3,0,0,0,0,-6,51,-1,-5,6,-34,0,-1,-1,1,-1,-1,4,-1
KR_6756705678,420,-2,-12,12,-3,3,0,3,-1,2,1,-4,4,0,-1,3,2,0,0,0,0,-6,6,-4,-4,8,-2,0,0,1,0,0,1,1,-1
KR_6639834632,420,1,26,12,-1,1,1,2,1,0,1,1,3,4,-2,2,0,-2,2,0,0,1,-217,1,-4,3,-6,0,0,-1,1,0,1,6,-1
KR_6670198394,420,0,-45,4,-4,1,0,1,1,0,1,-3,4,1,-2,2,0,-1,1,0,0,-4,-4,0,-4,4,1,0,0,1,1,0,-1,1,-1
KR_6756195180,420,0,6,-15,-3,1,0,1,0,3,3,1,2,3,-3,5,2,-2,2,0,-1,-6,-5,0,-2,2,-1,0,0,0,-1,-1,-1,0,-1
KR_6748215454,420,-1,76,8,-3,-2,4,2,2,2,4,0,2,2,-2,2,0,-1,1,0,0,-7,6,1,-4,3,-3,0,2,-1,0,1,-1,2,-1
KR_6737444836,420,-3,65,-20,-6,0,1,1,-7,8,1,1,1,2,0,2,2,0,0,0,0,-6,-33,-8,-1,9,5,0,0,0,0,0,1,0,-1
KR_6716135417,420,-4,-40,-24,-16,-2,3,1,-3,4,1,-4,5,1,-4,6,2,-3,3,0,0,-16,-361,-6,0,6,-1,0,-3,-1,-1,-1,-1,5,-1
KR_6743169930,420,-2,-51,28,-6,-3,5,2,3,2,5,-1,3,2,-4,6,2,-1,3,2,0,-4,0,-4,-1,5,1,0,0,-1,0,-1,1,2,-1
KR_6654922568,420,-2,-114,-32,0,0,0,0,7,0,7,0,2,2,-4,5,1,-3,3,0,-1,1,155,-3,0,3,3,0,-2,-1,-1,-1,-1,5,-1
KR_6760251788,420,-4,7,5,-6,-3,4,1,-1,1,0,1,1,2,-2,2,0,-1,1,0,0,-9,-14,1,-4,3,-2,0,-1,1,-1,-1,1,3,-1
KR_6750687208,420,-2,-63,-9,-1,-4,7,3,2,1,3,-3,3,0,1,4,5,3,0,3,0,7,-1,4,-5,1,-3,0,-1,0,1,-1,-1,0,-1
KR_6720388154,440,-3,-65,21,-5,-4,5,1,-5,8,3,7,1,8,-2,5,3,-1,3,2,0,-9,-2,1,-7,6,-1,0,-1,0,1,1,-1,0,-1
KR_6739662733,420,-3,-69,-20,-6,-3,5,2,-3,6,3,-2,4,2,2,1,3,0,0,0,0,2,-5,2,-3,1,-1,0,0,-1,0,-1,-1,1,-1
KR_6754266493,420,-1,29,-64,1,1,0,1,-5,6,1,1,2,3,4,2,6,0,2,2,0,2,8,0,-1,1,0,0,1,1,1,1,1,1,-1
KR_6751092571,420,-2,-54,-10,-4,2,0,2,0,3,3,0,3,3,-4,6,2,-2,3,1,0,2,-6,0,0,0,-1,0,0,0,0,0,1,0,-1
KR_6694503132,420,1,10,19,-2,-2,2,0,2,3,5,-1,2,1,-1,1,0,0,0,0,0,-3,4,1,-6,5,0,0,0,-1,1,0,-1,5,-1
KR_6748924496,420,-2,8,-16,0,-1,4,3,-1,4,3,-1,1,0,1,0,1,2,1,3,0,0,-15,0,0,0,0,0,2,-1,1,1,1,1,-1
KR_6624613226,420,-2,-9,-39,-1,-5,6,1,-4,5,1,1,1,2,3,1,4,4,1,5,0,9,5,-1,0,1,-1,0,-1,-1,-1,-1,1,3,-1
KR_6709788358,440,-3,-82,-16,-7,-3,3,0,-4,4,0,-2,3,1,3,0,3,-1,1,0,0,-6,0,-1,-2,3,-2,0,0,-1,-1,0,1,4,-1
KR_6631963443,420,-3,19,8,-5,-7,8,1,-4,5,1,-3,5,2,3,1,4,6,1,7,-1,-16,-123,-2,-2,4,-3,0,0,1,0,-1,-1,3,-1
KR_6760253296,420,-5,-125,-8,-10,2,1,3,0,1,1,-3,6,3,-9,11,2,0,0,0,0,-10,-8,2,-3,1,-4,0,-2,-1,-1,-1,-1,5,-1
KR_6750315138,440,2,68,12,4,8,0,8,-3,3,0,-4,5,1,3,0,3,0,0,0,0,2,3,1,-4,3,-3,0,1,0,0,1,-1,0,-1
KR_6693364010,420,-1,-55,3,1,-3,3,0,1,3,4,0,2,2,1,0,1,2,0,2,0,2,6,3,-3,0,-1,0,0,-1,-1,0,1,4,-1
KR_6635208395,420,0,2,-5,-3,-2,3,1,-1,2,1,2,2,4,-3,4,1,1,0,1,0,-5,-3,3,-6,3,1,0,0,1,1,0,-1,5,-1
KR_6750082347,420,-1,108,2,-3,-2,4,2,-1,2,1,0,3,3,1,1,2,-1,2,1,0,-2,94,0,-1,1,-3,0,0,1,-1,0,-1,1,-1
KR_6762133710,420,1,78,8,-1,-4,4,0,-5,5,0,7,0,7,0,4,4,1,0,1,0,-4,27,1,-4,3,-1,0,0,0,-1,-1,-1,0,-1
KR_6689440637,440,2,36,-8,11,1,3,4,4,3,7,2,1,3,4,1,5,0,0,0,0,17,1,2,-3,1,0,0,0,0,-1,-1,1,0,-1
KR_6706280032,440,-5,66,-25,-6,-2,4,2,-2,3,1,-2,4,2,0,3,3,0,0,0,0,-13,444,0,-2,2,0,0,0,-1,0,1,1,4,-1
KR_6731004451,420,-9,-101,-50,-12,-4,4,0,1,2,3,0,1,1,-10,10,0,1,0,1,0,-4,-23,-1,-2,3,1,0,-4,-1,-1,-1,1,4,-1
KR_6688343055,420,-1,10,1,10,-5,7,2,1,2,3,9,1,10,3,1,4,2,0,2,0,12,169,-1,-3,4,4,0,0,1,0,0,1,1,-1
KR_6730552538,420,2,92,20,5,2,1,3,1,2,3,-1,1,0,1,2,3,2,1,3,0,6,-3,1,-4,3,-1,0,0,-1,0,0,1,2,-1
KR_6750283475,440,2,-7,-20,8,-3,6,3,4,4,8,1,2,3,4,1,5,2,1,3,0,20,5,1,-3,2,0,0,-1,-1,-1,-1,-1,3,-1
KR_6748980594,420,-4,-85,25,-4,-6,6,0,1,2,3,-3,4,1,4,1,5,0,1,1,0,2,6,4,-5,1,-1,0,-2,0,-1,-1,-1,0,-1
KR_6733143182,420,-5,-150,-16,-6,-2,3,1,0,1,1,-4,5,1,-1,4,3,1,0,1,0,-5,-16,-4,-1,5,5,0,-2,1,-1,-1,1,5,-1
KR_6725871781,420,1,30,-32,3,4,0,4,-3,3,0,-2,4,2,2,1,3,2,1,3,0,2,-10,1,-7,6,3,0,0,1,-1,0,-1,2,-1
KR_6503122511,420,-1,-79,-3,-4,-3,5,2,-3,3,0,0,1,1,2,1,3,0,0,0,0,-1,177,-2,-3,5,4,0,-1,-1,-1,-1,-1,5,-1
KR_6759709280,420,1,-103,-18,-3,-3,3,0,1,2,3,-2,2,0,-1,1,0,2,2,4,0,-5,3,-1,-3,4,-3,0,1,-1,0,1,-1,4,-1
KR_6632488134,420,-2,-6,-4,-8,0,1,1,-5,5,0,-7,7,0,-1,1,0,5,1,6,0,3,-2,0,-3,3,3,0,-1,-1,0,-1,-1,1,-1
KR_6698797045,420,-2,-4,8,-5,3,1,4,-7,7,0,-2,2,0,1,1,2,0,0,0,0,-10,4,0,-5,5,-1,0,0,-1,1,0,-1,5,-1
KR_6714793443,420,1,11,6,8,2,0,2,3,0,3,0,2,2,4,0,4,-1,1,0,0,10,-7,0,-5,5,0,0,1,1,1,1,1,2,-1
KR_6737439146,420,-5,-53,-15,-14,5,1,6,-5,5,0,-5,5,0,-6,8,2,-3,4,1,0,-14,-113,0,-3,3,0,0,-2,-1,-1,-1,-1,2,-1
KR_6648816926,420,1,32,-4,2,-2,6,4,0,1,1,-1,2,1,3,0,3,2,2,4,0,1,-3,-4,-1,5,6,0,1,1,-1,1,1,2,-1
KR_6740925107,420,-2,-57,-4,-8,-1,1,0,-4,6,2,2,2,4,-6,6,0,1,0,1,0,-5,0,-4,-1,5,2,0,0,0,-1,0,-1,0,-1
KR_6727701666,420,-2,-7,-16,0,-4,5,1,-1,2,1,0,2,2,2,2,4,3,0,3,0,6,-37,-4,0,4,16,0,0,1,1,-1,-1,3,-1
KR_6730652931,440,-7,-108,-5,-19,-4,4,0,-2,2,0,0,2,2,-13,17,4,0,0,0,-1,-18,38,-1,-2,3,-21,0,-2,-1,1,-1,-1,1,-1
KR_6756360849,420,-2,-85,-16,-7,-2,2,0,-4,4,0,2,0,2,-2,3,1,-1,1,0,0,-4,-38,-4,-2,6,-6,0,-1,0,-1,-1,-1,0,-1
KR_6757907518,440,-2,12,-16,3,5,2,7,0,2,2,4,0,4,-5,5,0,-1,1,0,1,-4,-4,2,-2,0,-1,0,2,0,0,1,1,0,-1
KR_6715075703,420,-3,-90,-12,-8,-1,3,2,0,2,2,-4,6,2,-2,3,1,-1,2,1,0,-3,-241,2,-3,1,0,0,0,1,-1,-1,-1,3,-1
KR_6634753419,420,0,-10,40,-1,0,2,2,-2,3,1,-2,5,3,0,1,1,3,0,3,0,0,-8,0,-1,1,3,0,-1,1,1,1,-1,6,-1
KR_6661108246,420,-3,20,-8,-4,4,1,5,0,2,2,-1,4,3,0,3,3,-7,8,1,0,-1,9,6,-7,1,2,0,0,0,0,0,-1,0,-1
KR_6710514387,420,0,-9,-4,1,-1,1,0,0,1,1,2,3,5,0,1,1,0,0,0,1,1,0,-3,-2,5,2,0,0,-1,0,0,1,6,-1
KR_6762515906,420,0,-22,-2,-8,-3,3,0,-3,5,2,-2,2,0,-1,2,1,1,1,2,-1,-9,23,-6,0,6,-27,0,-1,-1,-1,-1,-1,3,-1
KR_6653693529,420,-5,-7,-25,-21,-6,7,1,-7,9,2,1,1,2,-7,10,3,-2,2,0,0,-18,196,-2,-1,3,0,0,-1,-1,1,-1,-1,3,-1
KR_6762770310,420,-3,-24,-12,-12,-2,2,0,2,3,5,-1,6,5,-9,9,0,-2,2,0,-1,-15,6,0,-2,2,-32,0,0,0,0,-1,-1,0,-1
KR_6761448538,420,0,-60,-1,-3,0,1,1,-4,7,3,-1,2,1,0,4,4,2,1,3,2,-6,7,2,-3,1,0,0,0,-1,0,0,1,6,-1
KR_6758437037,440,-5,-57,-31,-15,-4,4,0,-3,3,0,-12,12,0,3,0,3,1,0,1,0,-7,1,-2,0,2,1,0,-2,-1,-1,-1,-1,6,-1
KR_6764568141,440,-1,-18,20,-7,-1,1,0,-2,3,1,0,0,0,-2,3,1,-2,2,0,0,-7,7,0,-2,2,-1,0,0,1,1,1,-1,4,-1
KR_6691045243,420,-5,-78,-47,0,0,1,1,2,4,6,-4,6,2,1,2,3,1,0,1,-1,10,202,-5,-1,6,-4,0,-1,-1,-1,-1,-1,1,-1
KR_6748967892,420,-2,-73,8,-6,-1,2,1,1,2,3,-3,6,3,-1,5,4,-2,2,0,0,-6,17,-4,-2,6,0,0,-2,1,-1,-1,-1,5,-1
KR_6729831119,420,-2,-86,4,3,1,2,3,5,1,6,2,0,2,-7,8,1,2,0,2,-1,5,-236,5,-6,1,-4,0,0,1,-1,1,-1,3,-1
KR_6694136697,440,-2,54,12,-7,-5,5,0,-9,10,1,6,1,7,2,0,2,-1,4,3,0,-3,28,5,-6,1,-3,0,0,1,-1,-1,-1,4,-1
KR_6762259361,440,-3,-18,2,-12,-8,8,0,-6,6,0,0,1,1,3,3,6,-1,2,1,0,-11,1,0,-5,5,-2,0,0,-1,0,-1,-1,5,-1
KR_6655914229,420,-1,-51,-16,-10,4,0,4,-4,5,1,-7,8,1,-5,6,1,2,1,3,-2,-9,69,-2,-1,3,1,0,-2,-1,-1,-1,-1,5,-1
KR_6763827544,420,1,-39,2,-4,0,1,1,0,1,1,3,1,4,-4,4,0,-3,3,0,0,-3,-22,-3,-2,5,-1,0,0,-1,1,-1,-1,4,-1
KR_6674328187,420,-3,15,-16,-3,-3,4,1,2,2,4,-7,8,1,3,1,4,2,1,3,0,0,2,-2,-2,4,-4,0,1,-1,1,1,-1,2,-1
KR_6726384064,420,-8,-57,-28,-11,0,1,1,-6,7,1,-3,3,0,-4,6,2,2,1,3,0,-4,5,2,-2,0,0,0,-3,-1,-1,-1,-1,4,-1
KR_6761316502,440,-3,-65,-3,-10,-1,3,2,0,3,3,-2,3,1,-3,3,0,-4,4,0,0,-4,-406,-2,-1,3,-1,0,0,0,1,0,1,0,-1
KR_6727328126,420,0,-44,-27,0,-1,1,0,-1,5,4,-1,2,1,0,2,2,3,1,4,0,2,-10,3,-4,1,-1,0,0,0,-1,-1,-1,0,-1
KR_6664519171,440,0,9,27,-1,5,1,6,-3,5,2,-1,1,0,-2,2,0,0,3,3,0,0,3,-2,-4,6,2,0,0,1,-1,0,1,4,-1
KR_6685558566,420,1,-19,-29,0,0,1,1,3,0,3,-3,3,0,1,0,1,-1,1,0,0,6,3,-1,0,1,1,0,0,-1,-1,0,1,4,-1
KR_6611870071,420,-3,-40,-16,-5,3,0,3,-2,3,1,-8,8,0,2,2,4,0,1,1,0,-5,-1,-6,-2,8,0,0,0,-1,0,0,1,4,-1
KR_6682833598,420,-6,-92,10,-25,-1,3,2,-4,5,1,-11,12,1,-7,8,1,-2,3,1,-1,-21,-1,2,-3,1,-1,0,-2,-1,0,-1,-1,2,-1
KR_6730193299,420,-1,-12,0,3,-2,2,0,4,3,7,2,1,3,-1,3,2,0,1,1,0,3,2,-5,0,5,-2,0,0,-1,1,0,-1,3,-1
KR_6756785817,440,-5,-129,-32,-10,-2,3,1,4,0,4,-1,3,2,-7,8,1,-4,5,1,0,-12,-11,-1,0,1,1,0,-1,-1,0,-1,-1,4,-1
KR_6741233206,440,-4,-2,-15,-6,-2,2,0,-1,5,4,-2,2,0,3,1,4,-4,4,0,0,-4,8,2,-6,4,-4,0,0,0,1,0,1,0,-1
KR_6751193564,440,2,38,24,4,-2,2,0,-1,3,2,2,1,3,3,1,4,2,0,2,0,0,5,1,-1,0,-2,0,1,-1,1,1,-1,5,-1
KR_6741074419,420,-2,-58,41,-9,-1,1,0,-4,4,0,-1,4,3,-4,6,2,1,1,2,0,-9,-42,1,-1,0,26,0,-1,0,1,-1,-1,0,-1
KR_6618565050,420,-3,-41,-4,-3,-1,1,0,-2,5,3,5,0,5,-5,5,0,0,0,0,-1,-3,-20,-1,-1,2,0,0,0,0,0,0,-1,0,-1
KR_6741072435,420,-4,-97,8,-7,1,4,5,-7,8,1,-2,5,3,1,2,3,0,0,0,0,-8,-12,-7,-2,9,-2,0,-2,-1,-1,-1,-1,1,-1
KR_6610303413,420,-3,-50,-20,-6,-1,2,1,0,3,3,0,2,2,-4,5,1,-1,2,1,0,-6,-15,-3,-1,4,0,0,1,0,0,1,1,0,-1
KR_6689750603,420,0,-65,15,-9,-1,1,0,-2,3,1,-5,6,1,-1,4,3,0,0,0,0,-2,22,-3,-4,7,-2,0,0,-1,0,1,1,6,-1
KR_6711974397,420,0,-7,1,2,-7,7,0,4,2,6,3,1,4,2,0,2,0,0,0,0,4,283,-1,-1,2,-6,0,1,-1,1,-1,1,4,-1
KR_6754016662,420,-3,58,0,-10,-2,4,2,-2,3,1,-1,3,2,-6,6,0,1,1,2,0,-9,-2,-2,-2,4,0,0,0,-1,-1,1,-1,1,-1
KR_6760793440,420,-6,-57,-20,-18,-5,6,1,-7,8,1,-5,6,1,-3,4,1,2,0,2,0,-5,-14,-2,-2,4,-1,0,-2,1,-1,-1,-1,2,-1
KR_6579899914,420,-6,-96,12,-13,1,0,1,-2,4,2,-8,8,0,-5,10,5,1,0,1,1,-12,1,-4,0,4,-2,0,-2,-1,-1,-1,1,5,-1
KR_6758744897,420,5,128,-32,7,1,1,2,-2,2,0,7,2,9,1,3,4,0,0,0,0,0,4,0,-5,5,2,0,1,-1,0,1,1,2,-1
KR_6750417346,420,6,-43,48,1,-4,5,1,3,0,3,0,3,3,1,2,3,1,0,1,0,6,-6,-4,-2,6,2,0,0,1,0,-1,1,5,-1
KR_6725807689,420,1,50,8,-2,2,1,3,-6,7,1,-1,2,1,4,3,7,-1,1,0,0,-5,-11,-1,-4,5,3,0,0,-1,-1,1,-1,3,-1
KR_6750742482,420,-3,16,-22,-14,-4,5,1,-4,4,0,0,3,3,-4,5,1,-2,3,1,0,-16,-3,-1,-1,2,-2,0,1,-1,1,1,-1,5,-1
KR_6727068396,420,-7,-105,2,-19,-4,6,2,-5,6,1,-4,5,1,-5,9,4,-1,1,0,-2,-9,-284,3,-6,3,-1,0,-2,1,-1,-1,-1,1,-1
KR_6752596188,420,-2,15,-13,-7,1,1,2,2,0,2,-5,6,1,-5,5,0,0,1,1,0,-4,-5,1,-4,3,-3,0,-1,0,-1,-1,-1,0,-1
KR_6759253095,420,-1,19,-32,2,-2,2,0,2,1,3,0,3,3,0,3,3,2,0,2,0,7,13,-1,-2,3,1,0,1,-1,-1,1,1,4,-1
KR_6747838980,420,-5,-82,-21,-10,-6,6,0,1,2,3,-1,3,2,-4,4,0,0,2,2,-1,-12,-11,-5,-1,6,-6,0,-1,-1,-1,-1,-1,5,-1
KR_6670633482,420,-2,-13,-22,-3,-2,3,1,2,1,3,0,3,3,-1,5,4,-2,2,0,0,0,0,3,-6,3,0,0,-1,-1,-1,-1,-1,4,-1
KR_6764244967,440,0,-23,-4,4,-3,5,2,1,0,1,0,0,0,8,0,8,-2,2,0,0,5,133,-4,-1,5,2,0,-2,1,-1,-1,1,2,-1
KR_6756325162,420,0,21,8,-1,-1,2,1,1,1,2,1,2,3,-4,5,1,2,0,2,-2,-2,-8,-3,-1,4,1,0,1,1,1,1,-1,3,-1
KR_6654858642,420,0,24,-4,-3,3,2,5,-2,4,2,-2,2,0,0,2,2,-2,2,0,0,-9,-10,-2,-2,4,4,0,0,-1,-1,1,-1,6,-1
KR_6726856917,420,-4,-58,-19,-19,-8,9,1,0,0,0,-2,2,0,-6,6,0,-3,3,0,-1,-15,-1,-2,-1,3,2,0,-3,-1,-1,-1,-1,3,-1
KR_6761764171,440,-1,1,12,-11,2,2,4,1,0,1,-6,7,1,-7,7,0,-1,1,0,0,-11,61,4,-9,5,-1,0,0,-1,1,0,-1,3,-1
KR_6693523372,420,-3,-49,-1,-15,-1,1,0,-3,4,1,-7,7,0,-6,8,2,2,0,2,0,-21,-29,-4,-3,7,-4,0,0,0,-1,-1,-1,0,-1
KR_6649268954,420,-3,-39,20,-9,-5,5,0,0,1,1,0,3,3,-4,4,0,0,1,1,0,-4,-6,0,-3,3,0,0,-1,1,-1,-1,-1,3,-1
KR_6715311901,420,-3,8,-9,-5,-4,5,1,2,1,3,-3,6,3,0,9,9,0,2,2,1,-2,-1,-4,-2,6,3,0,0,1,-1,-1,1,5,-1
KR_6704040094,420,2,26,8,8,3,0,3,3,3,6,-1,2,1,0,3,3,3,0,3,0,0,-8,-1,-3,4,-1,0,2,0,0,1,1,0,-1
KR_6730041999,440,1,-21,52,-2,-1,2,1,2,1,3,-2,3,1,1,1,2,-2,2,0,0,-4,-18,4,-5,1,2,0,1,0,1,1,1,0,-1
KR_6736114647,420,-1,-78,-8,4,-1,3,2,2,0,2,1,1,2,1,0,1,1,0,1,0,5,-4,-1,-1,2,1,0,0,1,0,0,-1,5,-1
KR_6755763625,420,0,-37,12,3,0,1,1,3,0,3,0,4,4,0,0,0,0,0,0,0,6,-98,-1,-2,3,1,0,-1,1,1,-1,-1,1,-1
KR_6757408871,440,-2,2,4,-1,0,0,0,1,3,4,-2,3,1,4,0,4,-4,4,0,0,0,-13,1,-3,2,3,0,-1,1,-1,-1,1,1,-1
KR_6746831719,420,1,-57,12,1,-1,1,0,0,1,1,2,3,5,1,0,1,-1,1,0,0,-4,1,1,-2,1,-3,0,1,0,-1,1,1,0,-1
KR_6756484893,420,4,23,37,10,2,3,5,1,0,1,1,1,2,2,1,3,4,0,4,0,7,20,2,-2,0,-2,0,1,0,1,1,1,0,-1
KR_6726266104,420,-1,1,-24,2,1,0,1,0,3,3,-5,5,0,6,3,9,0,1,1,0,7,17,2,-5,3,-4,0,1,-1,1,1,1,3,-1
KR_6737838933,420,1,-36,-30,-2,-4,5,1,1,3,4,4,3,7,-4,5,1,1,2,3,0,-3,-208,-1,0,1,-1,0,-1,-1,1,-1,1,6,-1
KR_6750356052,420,-1,51,-22,-2,-4,5,1,-4,5,1,2,2,4,4,3,7,0,1,1,2,-2,2,-2,-1,3,-2,0,0,-1,-1,-1,1,1,-1
KR_6750224445,440,-2,22,24,-6,-1,3,2,-3,5,2,-5,5,0,2,0,2,1,0,1,0,-3,43,3,-7,4,-13,0,0,-1,-1,0,-1,3,-1
KR_6761466943,420,3,-43,15,7,2,2,4,-1,1,0,0,0,0,5,0,5,1,0,1,0,7,1,-2,-1,3,2,0,0,0,0,0,1,0,-1
KR_6764154302,420,-2,-35,12,-8,-5,6,1,0,2,2,-4,5,1,2,3,5,-1,1,0,0,-5,-7,-4,-2,6,0,0,0,1,-1,-1,-1,4,-1
KR_6706120162,420,-6,-75,-28,-8,-4,4,0,0,2,2,-3,4,1,0,3,3,-1,5,4,-2,-10,-3,-4,-2,6,2,0,-3,-1,-1,-1,-1,5,-1
KR_6752673358,420,-2,-34,4,-6,-4,4,0,-3,3,0,-2,2,0,0,3,3,3,1,4,0,-3,-14,0,-4,4,-2,0,0,-1,0,0,1,2,-1
KR_6746236363,420,-3,-70,5,-12,-5,6,1,-2,3,1,-2,2,0,0,4,4,-3,4,1,0,-1,-5,0,-2,2,-3,0,-3,-1,1,-1,-1,1,-1
KR_6655229401,420,0,40,-84,6,1,4,5,2,3,5,-1,2,1,0,0,0,4,0,4,0,3,-9,-3,-1,4,0,0,1,-1,-1,1,1,3,-1
KR_6637816185,420,-1,-3,-12,-7,0,1,1,-4,6,2,-1,3,2,0,3,3,-2,3,1,0,-14,4,0,-5,5,-1,0,0,-1,-1,-1,-1,1,-1
KR_6751813689,420,-1,-28,0,-11,-4,4,0,-2,3,1,-1,6,5,-4,4,0,0,1,1,-1,-10,2,-2,-1,3,0,0,-1,-1,-1,-1,-1,5,-1
KR_6762020426,420,-3,-5,-4,-11,-5,5,0,-2,5,3,1,3,4,-3,5,2,-2,2,0,0,-11,8,-1,0,1,-28,0,1,-1,1,1,1,3,-1
KR_6656820904,420,0,19,18,-2,5,0,5,-1,1,0,-2,2,0,-1,1,0,-3,3,0,0,-7,1,2,-4,2,-4,0,1,-1,1,1,1,3,-1
KR_6693032553,420,1,64,-30,0,3,2,5,3,2,5,-4,5,1,-2,4,2,0,1,1,0,-7,-5,0,-1,1,-1,0,0,1,1,0,-1,5,-1
KR_6757006224,420,1,-58,5,-3,5,0,5,-5,9,4,-2,4,2,-2,2,0,1,1,2,0,-5,-12,-1,-1,2,1,0,0,0,0,0,1,0,-1
KR_6611586473,420,-5,-115,-18,-19,-4,4,0,0,1,1,-7,10,3,-3,3,0,-5,5,0,0,-15,-25,-3,0,3,-1,0,-1,-1,-1,-1,-1,2,-1
KR_6747860822,420,-2,2,-2,-9,-9,9,0,0,1,1,-1,1,0,0,3,3,1,1,2,0,-5,2,-3,-1,4,-1,0,0,1,1,-1,-1,1,-1
KR_6743992372,420,-5,-93,4,-9,-3,4,1,0,3,3,-2,2,0,-5,5,0,1,0,1,0,-6,40,-1,-4,5,-24,0,-2,-1,-1,-1,-1,5,-1
KR_6741513638,440,-4,-47,13,-5,0,1,1,-3,3,0,2,6,8,-3,5,2,-1,3,2,1,1,17,0,-1,1,-2,0,0,-1,1,-1,-1,1,-1
KR_6758608872,420,-8,-133,-64,-15,-6,6,0,-3,6,3,-1,3,2,-3,4,1,-2,6,4,-2,-27,6,2,-4,2,-4,0,-2,0,0,-1,-1,0,-1
KR_6700033931,420,3,86,12,3,2,1,3,-2,4,2,5,0,5,0,3,3,-2,2,0,0,-5,-106,3,-5,2,-2,0,-1,1,-1,1,1,4,-1
KR_6695419392,420,3,-61,-8,2,0,1,1,4,1,5,0,1,1,0,1,1,-2,2,0,0,2,41,2,-2,0,-41,0,0,1,-1,0,1,2,-1
KR_6744897777,420,0,-25,8,2,3,2,5,0,3,3,2,2,4,-2,2,0,-1,1,0,0,-2,-16,1,-5,4,-3,0,2,-1,1,1,1,5,-1
KR_6764241707,420,-2,5,13,-5,0,3,3,0,2,2,-3,4,1,-2,2,0,0,1,1,-1,-13,-10,-3,-3,6,-1,0,0,1,1,0,-1,2,-1
KR_6762642695,420,-1,1,-32,-7,7,1,8,-7,7,0,-3,7,4,-2,8,6,-2,2,0,-3,-26,-24,0,-3,3,2,0,-1,-1,-1,-1,-1,6,-1
KR_6730588820,420,-3,-105,12,-2,1,0,1,1,1,2,-7,8,1,3,1,4,0,1,1,1,5,-47,-6,0,6,21,0,-2,-1,-1,-1,1,3,-1
KR_6651130825,420,-2,55,-17,-11,-1,3,2,-3,5,2,-1,1,0,-8,10,2,2,1,3,0,-10,13,-1,-2,3,1,0,0,-1,0,0,-1,2,-1
KR_6728019573,420,-3,-42,-2,-10,-3,3,0,2,3,5,-2,3,1,-9,9,0,2,0,2,-1,-15,-7,-2,-3,5,2,0,-1,-1,-1,-1,-1,5,-1
KR_6762048034,420,-2,13,-10,-10,1,2,3,1,1,2,-4,4,0,-6,7,1,-2,2,0,-3,-14,-2,-4,-3,7,1,0,-1,-1,-1,-1,-1,1,-1
KR_6709080315,420,0,-52,-7,-1,0,0,0,2,3,5,-1,2,1,-2,5,3,0,2,2,-1,-3,-3,-6,-2,8,0,0,0,-1,-1,-1,-1,4,-1
KR_6761149696,420,-8,-127,-53,-5,1,0,1,-2,3,1,1,2,3,-5,5,0,0,0,0,0,-7,-14,0,-3,3,0,0,-3,0,0,-1,-1,0,-1
KR_6752761487,420,-1,-36,0,3,0,6,6,0,0,0,0,4,4,2,1,3,1,1,2,0,13,-4,2,-4,2,1,0,-1,-1,1,-1,-1,6,-1
KR_6749708214,420,-1,7,9,-7,-4,4,0,-3,3,0,3,2,5,-1,2,1,-2,3,1,0,-14,-2,-4,-1,5,-3,0,0,1,1,0,-1,5,-1
KR_6672044221,420,-2,-38,4,0,-4,5,1,-1,4,3,4,1,5,1,1,2,0,0,0,0,2,-228,-2,-3,5,2,0,0,0,-1,-1,-1,0,-1
KR_6740722299,420,-3,-62,-8,-6,-5,6,1,-3,3,0,-5,6,1,4,1,5,3,0,3,0,2,-7,-1,-2,3,0,0,-4,1,-1,-1,1,1,-1
KR_6761864773,420,-1,-51,8,-3,-2,3,1,2,0,2,0,1,1,-1,3,2,-2,2,0,0,-1,5,-2,-1,3,2,0,0,-1,-1,0,-1,1,-1
KR_6762834750,420,3,35,16,5,0,1,1,1,2,3,1,0,1,2,0,2,1,0,1,0,6,7,2,-2,0,3,0,1,1,1,1,1,1,-1
KR_6709933619,440,-1,-22,20,-4,-1,1,0,2,1,3,0,3,3,-4,5,1,-1,1,0,0,-5,19,1,-6,5,-5,0,-1,1,-1,-1,-1,4,-1
KR_6719370497,420,-6,-39,-17,-12,-1,1,0,-4,6,2,-1,2,1,-1,2,1,-5,5,0,0,-8,-4,0,-2,2,-3,0,-3,-1,-1,-1,-1,1,-1
KR_6756810998,420,0,2,-6,1,-2,3,1,-1,2,1,4,1,5,1,0,1,-1,2,1,0,0,2,1,-3,2,-2,0,-1,0,-1,-1,1,0,-1
KR_6669468512,420,-3,-13,19,-8,-6,8,2,-1,2,1,-1,2,1,0,2,2,0,1,1,0,-2,-10,3,-5,2,-3,0,-1,-1,1,-1,-1,4,-1
KR_6762416161,420,0,34,-24,0,-4,4,0,-1,3,2,0,3,3,1,2,3,4,1,5,-1,2,-4,-1,0,1,1,0,0,-1,-1,1,-1,3,-1
KR_6762300072,420,-2,-17,1,2,-4,4,0,1,4,5,0,1,1,2,2,4,3,0,3,-1,4,-12,-2,0,2,0,0,0,-1,0,0,-1,1,-1
KR_6762605083,420,3,42,57,4,0,1,1,0,2,2,9,0,9,-5,6,1,0,0,0,0,-6,-18,-2,-1,3,3,0,1,-1,-1,1,1,5,-1
KR_6676975773,420,3,19,-8,7,5,0,5,-3,4,1,0,2,2,0,3,3,5,0,5,0,2,-214,-2,0,2,0,0,0,-1,0,0,1,4,-1
KR_6751278209,420,0,-73,-29,-1,-7,7,0,2,0,2,-1,1,0,5,1,6,0,1,1,-1,11,-23,-3,-1,4,3,0,0,0,1,0,-1,0,-1
KR_6752453153,420,3,59,-9,4,-1,4,3,3,1,4,2,3,5,0,1,1,0,0,0,0,3,4,2,-2,0,0,0,0,-1,0,1,1,1,-1
KR_6699060138,420,-1,-27,6,-2,2,0,2,1,2,3,0,2,2,-6,7,1,1,2,3,-1,-7,1,0,-2,2,-2,0,0,-1,0,0,-1,4,-1
KR_6749982886,420,-2,-105,8,2,-3,4,1,3,2,5,5,0,5,-4,4,0,1,0,1,0,4,-43,-3,0,3,23,0,0,-1,1,-1,1,6,-1
KR_6732331697,420,-1,-2,-20,-6,-4,4,0,-6,9,3,-2,3,1,6,0,6,0,1,1,0,-3,-1,1,-2,1,1,0,1,-1,-1,1,-1,1,-1
KR_6674347428,420,0,5,-4,3,0,0,0,-2,3,1,4,0,4,-1,4,3,2,2,4,0,7,42,-1,-2,3,-26,0,1,1,-1,1,1,6,-1
KR_6743986732,420,-3,-22,-26,-4,0,1,1,1,1,2,-1,3,2,-3,4,1,-1,1,0,0,-1,-7,3,-3,0,4,0,0,-1,-1,0,-1,4,-1
KR_6695339115,440,0,-43,-1,10,5,1,6,1,1,2,1,1,2,1,1,2,2,2,4,0,9,-2,-3,-2,5,3,0,-2,0,0,1,-1,0,-1
KR_6762716409,420,0,-53,4,-2,5,2,7,-2,3,1,-1,3,2,-4,4,0,0,1,1,0,-1,-11,-1,-1,2,-1,0,1,-1,1,1,-1,2,-1
KR_6735213795,420,-3,8,-12,0,-3,3,0,2,4,6,0,3,3,0,1,1,1,2,3,0,3,10,0,-3,3,-3,0,0,0,1,0,-1,0,-1
KR_6674410512,420,-4,-61,-14,-6,-3,4,1,2,1,3,-3,3,0,-1,2,1,-1,2,1,0,-3,0,3,-6,3,-3,0,-1,1,1,-1,-1,5,-1
KR_6760560468,420,-3,7,15,-8,3,2,5,-6,6,0,0,2,2,-6,7,1,1,2,3,0,-14,12,5,-5,0,-4,0,0,-1,1,0,1,3,-1
KR_6764190848,420,-2,23,-40,-6,2,2,4,-2,5,3,-5,7,2,-2,4,2,1,0,1,0,-6,1,-2,0,2,3,0,1,-1,-1,-1,1,6,-1
KR_6664298263,440,-1,-78,4,-7,-4,4,0,1,0,1,0,4,4,-4,4,0,0,1,1,0,-3,4,-2,-2,4,0,0,-2,1,-1,-1,-1,1,-1
KR_6707716547,420,1,-4,20,3,-3,3,0,0,1,1,6,0,6,-1,3,2,1,1,2,-1,2,191,1,-4,3,0,0,0,1,0,0,-1,3,-1
KR_6613015932,420,-2,61,3,-1,-2,2,0,-1,3,2,-1,2,1,2,0,2,1,0,1,1,1,3,-1,-6,7,-2,0,-1,0,-1,-1,1,0,-1
KR_6748727626,420,-7,-143,-8,-2,-4,4,0,1,2,3,-1,3,2,-2,3,1,4,0,4,0,-2,-5,-2,-2,4,-2,0,-1,1,0,-1,-1,4,-1
KR_6709143751,440,-6,-105,1,-17,-2,2,0,1,0,1,-8,9,1,-8,10,2,0,1,1,0,-6,-7,0,-2,2,-2,0,-4,-1,-1,-1,-1,2,-1
KR_6751887403,420,-2,-37,-21,2,-2,2,0,-1,3,2,0,0,0,4,1,5,1,0,1,0,4,31,5,-5,0,0,0,-1,1,-1,1,1,1,-1
KR_6661152074,440,-2,-26,-4,-10,-1,3,2,-1,2,1,-2,2,0,-5,7,2,-1,2,1,0,-12,-10,-1,-2,3,-1,0,0,-1,1,-1,-1,5,-1
KR_6654437067,420,2,41,16,6,1,1,2,-5,7,2,0,3,3,9,6,15,1,3,4,1,-5,-12,-1,0,1,-1,0,1,1,-1,1,1,5,-1
KR_6631769039,420,-2,-55,-24,-5,0,3,3,1,4,5,-3,9,6,-2,3,1,-1,1,0,0,-3,105,1,-3,2,1,0,-1,-1,-1,-1,-1,4,-1
KR_6729438581,420,1,30,-3,4,-1,2,1,0,3,3,0,3,3,2,1,3,3,1,4,0,3,-4,-2,-3,5,2,0,0,1,1,1,1,5,-1
KR_6740203328,420,0,29,12,3,-3,4,1,0,0,0,-1,3,2,5,1,6,2,1,3,0,2,-185,-2,-2,4,-1,0,-1,1,-1,-1,-1,3,-1
KR_6655163422,420,3,11,43,8,-1,2,1,1,0,1,4,0,4,-2,2,0,6,0,6,0,11,65,0,-1,1,1,0,-1,1,1,-1,1,5,-1
KR_6760265200,420,2,24,40,-2,0,4,4,0,0,0,2,0,2,-4,6,2,0,0,0,0,-6,-13,0,-2,2,0,0,-1,1,1,-1,1,2,-1
KR_6729572225,420,-5,8,-16,-16,2,1,3,-10,10,0,-4,4,0,-5,6,1,1,1,2,0,-11,-141,-3,-3,6,0,0,-1,1,-1,-1,-1,3,-1
KR_6618438719,420,0,-36,-8,-3,0,1,1,-4,5,1,-1,2,1,3,2,5,-1,1,0,0,-6,-1,-4,-2,6,-1,0,-1,0,-1,-1,1,0,-1
KR_6755636466,440,-4,-96,-24,-3,-2,3,1,2,1,3,-2,3,1,-1,4,3,0,1,1,0,1,24,3,-9,6,0,0,-1,-1,1,-1,-1,4,-1
KR_6762593453,420,4,43,32,4,1,2,3,2,2,4,0,1,1,1,1,2,0,1,1,0,0,12,6,-8,2,0,0,1,0,1,1,-1,0,-1
KR_6681197172,420,-4,-39,-32,-4,-2,5,3,-2,2,0,4,3,7,-1,2,1,-3,3,0,0,-2,4,-3,0,3,3,0,0,1,-1,-1,-1,4,-1
KR_6676937638,420,-2,-63,-4,0,-1,1,0,0,3,3,0,2,2,-1,1,0,2,0,2,0,2,115,0,-4,4,0,0,0,-1,1,0,-1,2,-1
KR_6697240466,420,-4,-21,-17,-11,-8,9,1,-1,1,0,3,3,6,-3,3,0,-2,4,2,-1,-3,6,1,-2,1,0,0,1,0,-1,-1,-1,0,-1
KR_6758115881,420,0,24,16,0,-6,7,1,1,1,2,7,1,8,-2,2,0,0,0,0,-1,-3,-8,-2,-1,3,-4,0,-1,-1,1,-1,-1,6,-1
KR_6750258064,420,-2,-14,-36,0,-2,3,1,-1,3,2,-1,2,1,0,3,3,4,3,7,0,4,-27,1,-4,3,1,0,0,-1,1,0,-1,4,-1
KR_6305065915,440,2,42,-8,4,1,0,1,0,5,5,0,2,2,2,0,2,1,1,2,1,8,-5,1,-3,2,-1,0,0,-1,-1,0,1,2,-1
KR_6747567862,420,-4,-17,-44,-8,-3,3,0,-1,2,1,-2,6,4,-1,1,0,-1,2,1,0,-6,-2,-1,-3,4,-2,0,1,-1,1,1,-1,2,-1
KR_6751041015,420,-2,-73,6,-4,-1,1,0,7,0,7,-4,6,2,-7,8,1,1,0,1,-1,0,-5,-1,-2,3,-1,0,0,0,-1,-1,-1,0,-1
KR_6756180517,440,2,-57,-20,1,3,1,4,1,3,4,-1,3,2,0,2,2,-2,3,1,0,-1,-3,4,-5,1,3,0,1,-1,1,1,-1,4,-1
KR_6605692529,420,-1,-45,0,4,-1,2,1,1,1,2,4,4,8,-1,8,7,1,2,3,0,5,8,2,-4,2,-3,0,0,-1,1,0,-1,3,-1
KR_6694661117,420,-4,-109,-18,-10,-1,2,1,-5,8,3,-1,1,0,-2,2,0,-1,1,0,0,-5,-11,-3,-1,4,-2,0,-2,-1,1,-1,-1,3,-1
KR_6737169403,440,-1,-28,0,-12,-7,7,0,-7,7,0,0,4,4,-1,3,2,3,2,5,0,-4,-329,-3,-2,5,-3,0,-1,0,-1,-1,-1,0,-1
KR_6763631338,440,1,-31,-26,-3,2,1,3,-2,3,1,-2,3,1,0,5,5,-1,1,0,0,1,-189,-3,0,3,26,0,0,-1,-1,0,-1,2,-1
KR_6645083376,420,-6,-125,-30,-12,-1,2,1,-2,3,1,-4,5,1,-4,4,0,-1,1,0,0,-11,128,-4,0,4,1,0,-1,1,-1,-1,-1,6,-1
KR_6745255808,420,-2,75,2,-8,1,0,1,-1,1,0,-2,2,0,-4,4,0,-2,2,0,0,-11,8,-1,-3,4,-2,0,2,-1,1,1,-1,6,-1
KR_6756185832,420,-3,-45,-4,-14,-5,5,0,-3,4,1,-1,2,1,-4,4,0,-1,2,1,0,-11,34,-1,-1,2,-15,0,-1,0,-1,-1,-1,0,-1
KR_6699910408,440,-4,-7,-7,-4,-2,3,1,0,1,1,2,2,4,-4,4,0,0,0,0,0,-2,4,0,-4,4,-2,0,0,0,0,0,1,0,-1
KR_6728053072,440,0,-48,-8,-3,6,0,6,0,2,2,-2,2,0,3,2,5,-10,10,0,0,-7,-3,2,-4,2,-2,0,-1,0,-1,-1,1,0,-1
KR_6710459946,440,1,-26,-4,-1,0,0,0,-2,6,4,-1,1,0,3,1,4,-1,1,0,1,-5,3,-1,-3,4,0,0,0,1,-1,-1,1,6,-1
KR_6757237842,420,-4,-64,-15,-9,-3,4,1,0,1,1,-4,5,1,-2,2,0,0,0,0,0,-1,-34,0,-1,1,17,0,-1,-1,-1,-1,-1,1,-1
KR_6696898740,420,-3,-86,4,-8,-3,5,2,4,4,8,-5,5,0,-3,4,1,-1,2,1,0,-2,4,-1,-3,4,-2,0,-3,1,0,-1,-1,1,-1
KR_6745121524,420,3,-10,4,7,2,0,2,0,7,7,3,2,5,-1,1,0,3,0,3,0,11,-29,-2,-1,3,20,0,2,0,1,1,1,0,-1
KR_6719656684,420,-1,-97,16,-3,-4,4,0,2,0,2,-3,3,0,3,2,5,-1,2,1,0,-2,-4,-4,-2,6,-5,0,-2,1,-1,-1,-1,1,-1
KR_6661615700,420,0,-102,11,3,7,1,8,0,0,0,-3,4,1,-2,4,2,1,0,1,0,0,10,5,-5,0,0,0,0,0,-1,0,-1,0,-1
KR_6751285450,420,-3,8,-12,-10,1,1,2,0,1,1,-2,3,1,-8,10,2,-1,3,2,0,-12,106,3,-4,1,0,0,-1,-1,-1,-1,-1,3,-1
KR_6664543299,420,0,-2,11,-1,-1,5,4,-4,5,1,3,1,4,3,3,6,-2,2,0,0,0,2,1,-6,5,-1,0,-1,1,0,-1,-1,2,-1
KR_6741057890,420,-1,-17,14,-5,1,0,1,-4,5,1,-1,2,1,-1,2,1,0,0,0,0,-12,-21,1,-3,2,4,0,0,1,0,0,1,5,-1
KR_6689327576,420,-8,-129,-22,-19,-4,5,1,-1,3,2,-2,7,5,-7,7,0,-5,5,0,0,-11,-9,-6,-2,8,-1,0,-2,-1,1,-1,-1,6,-1
KR_6626124231,420,-1,69,-20,4,3,0,3,2,3,5,-5,5,0,3,0,3,1,1,2,1,6,-2,2,-6,4,0,0,-2,-1,-1,-1,1,3,-1
KR_6741546952,420,-1,20,-12,-3,3,0,3,0,0,0,-5,6,1,-1,1,0,0,0,0,0,-4,80,0,-2,2,-20,0,0,-1,0,1,-1,3,-1
KR_6614403002,420,-6,-80,-64,-5,-2,2,0,-2,3,1,-1,2,1,-2,6,4,2,0,2,0,2,-5,-5,0,5,0,0,-1,-1,-1,-1,-1,1,-1
KR_6736300702,420,-7,-78,-28,-15,0,2,2,-2,3,1,-2,2,0,-9,9,0,-2,2,0,0,-14,-10,-1,-2,3,-1,0,-1,-1,-1,-1,1,1,-1
KR_6743038085,420,2,99,9,-1,2,3,5,-2,3,1,2,3,5,-1,4,3,-2,2,0,0,-12,241,2,-3,1,-6,0,2,-1,1,1,1,5,-1
KR_6740018475,440,0,66,14,-9,2,0,2,-3,3,0,-1,1,0,-6,9,3,-1,1,0,0,-5,11,-1,-1,2,4,0,0,0,1,0,-1,0,-1
KR_6696977699,440,-1,-13,-2,-3,-2,3,1,1,3,4,-3,5,2,2,0,2,-1,1,0,-1,0,11,1,-1,0,2,0,0,0,0,0,-1,0,-1
KR_6669645127,420,1,-15,8,-5,1,2,3,-4,5,1,-1,2,1,0,7,7,-1,1,0,0,-5,-5,-2,0,2,1,0,-1,-1,1,-1,-1,5,-1
KR_6655672759,420,3,20,8,8,-1,4,3,-1,2,1,4,0,4,6,1,7,0,0,0,0,8,271,-3,-2,5,6,0,0,1,0,-1,1,1,-1
KR_6752411055,420,-2,21,-28,-7,-2,5,3,-1,1,0,1,2,3,-4,4,0,-1,2,1,0,-5,-2,-6,0,6,1,0,0,0,-1,-1,1,0,-1
KR_6724347100,420,3,-13,6,-1,-1,4,3,0,2,2,-3,5,2,1,0,1,2,0,2,0,7,-2,-2,0,2,1,0,-1,-1,1,-1,1,6,-1
KR_6743701310,420,-1,-45,-14,-2,5,0,5,0,2,2,-4,5,1,-3,3,0,0,0,0,0,-2,0,5,-5,0,-3,0,0,-1,0,0,-1,3,-1
KR_6748301797,420,-2,8,-24,-6,-5,7,2,-3,5,2,2,2,4,1,0,1,-1,1,0,-1,-5,-11,-2,-2,4,2,0,-1,-1,-1,-1,-1,4,-1
KR_6747875121,420,0,-19,8,-3,1,0,1,0,4,4,-1,2,1,-2,2,0,-1,4,3,0,-2,3,2,-5,3,4,0,0,0,0,0,1,0,-1
KR_6716559834,420,-2,14,-4,-8,-5,6,1,-1,4,3,1,0,1,0,2,2,-3,3,0,-1,-3,34,3,-5,2,-1,0,-1,-1,-1,-1,-1,3,-1
KR_6737582597,440,-2,-107,-4,-8,-3,4,1,-5,6,1,-3,4,1,3,1,4,0,0,0,0,-3,-29,-2,-1,3,-5,0,-3,-1,-1,-1,-1,5,-1
KR_6636733031,420,0,9,-8,-3,-3,3,0,0,2,2,-5,8,3,5,2,7,0,1,1,0,-6,-9,-2,-2,4,1,0,0,1,-1,1,-1,6,-1
KR_6655526709,420,-2,-91,-28,-4,-1,2,1,-1,2,1,0,0,0,-2,2,0,0,0,0,0,-4,-46,-2,0,2,22,0,0,1,0,-1,-1,2,-1
KR_6741118079,420,-4,-54,-58,-8,-1,2,1,2,0,2,-11,12,1,1,0,1,1,0,1,0,-3,-45,1,-3,2,24,0,-2,-1,-1,-1,-1,3,-1
KR_6740922152,420,-1,-35,-7,-5,-2,3,1,-1,2,1,3,1,4,-2,6,4,-3,3,0,0,7,0,0,-4,4,3,0,-3,-1,-1,-1,-1,3,-1
KR_6758746439,420,-1,-5,-8,4,0,1,1,-2,4,2,6,1,7,2,1,3,-2,3,1,0,6,99,1,-2,1,-1,0,0,0,1,1,1,0,-1
KR_6741261136,420,-2,-17,6,-3,-2,2,0,-1,2,1,3,0,3,-1,3,2,-2,2,0,0,-3,-7,0,-4,4,-1,0,-1,1,-1,-1,1,5,-1
KR_6667279398,420,0,37,8,4,-1,4,3,-1,3,2,4,1,5,1,4,5,1,0,1,2,3,-42,0,-5,5,17,0,1,1,-1,1,1,3,-1
KR_6583228898,420,1,-34,12,-1,2,1,3,2,0,2,0,2,2,-5,6,1,0,2,2,0,0,-12,4,-4,0,0,0,-1,-1,1,-1,-1,4,-1
KR_6689421961,420,3,71,-31,10,5,0,5,0,4,4,4,0,4,0,2,2,1,0,1,0,16,1,0,-1,1,0,0,0,1,-1,0,-1,4,-1
KR_6745812970,420,-2,-36,19,-4,-2,2,0,-3,9,6,3,3,6,1,4,5,-3,4,1,0,-2,-1,-3,-3,6,4,0,-1,0,-1,-1,-1,0,-1
KR_6746315534,420,-4,-65,-4,-4,3,1,4,0,0,0,-2,5,3,-4,4,0,-1,1,0,0,-7,-19,-1,-1,2,2,0,-2,-1,0,-1,1,3,-1
KR_6705221807,420,0,-21,-24,0,2,1,3,-5,5,0,0,1,1,0,1,1,3,0,3,0,1,-2,3,-4,1,-2,0,1,-1,1,1,-1,6,-1
KR_6764127364,420,2,-35,-12,2,-2,3,1,3,2,5,-3,3,0,3,4,7,1,0,1,0,1,-14,-2,-2,4,5,0,-1,1,-1,-1,1,3,-1
KR_6664510101,420,-3,-8,-12,-4,2,1,3,1,1,2,-4,4,0,0,2,2,-3,4,1,0,-10,5,1,-7,6,-4,0,0,0,-1,0,1,0,-1
KR_6743093796,420,-3,-24,-31,-14,-2,5,3,-9,11,2,-5,7,2,2,4,6,0,1,1,-1,0,-96,-4,-4,8,4,0,-1,-1,0,-1,-1,4,-1
KR_6742816551,420,-1,47,34,-4,0,0,0,-1,3,2,-1,2,1,1,3,4,-3,6,3,-2,-7,-13,-2,-1,3,8,0,0,1,1,0,-1,2,-1
KR_6743445980,440,0,-23,47,-2,-4,5,1,0,1,1,0,1,1,-1,3,2,3,1,4,0,2,3,4,-6,2,-2,0,0,1,-1,0,1,6,-1
KR_6759187456,420,-2,5,17,-2,-2,3,1,3,3,6,-3,3,0,2,1,3,-2,4,2,0,5,150,1,-4,3,2,0,-1,-1,-1,-1,1,3,-1
KR_6759802184,420,-8,-25,-63,-17,-5,6,1,-4,4,0,-5,7,2,-1,2,1,-2,2,0,0,-6,-10,-1,-1,2,0,0,-1,-1,-1,-1,-1,1,-1
KR_6645486370,420,-2,-1,-16,-10,-2,2,0,-4,4,0,1,1,2,-3,4,1,-2,2,0,0,-12,5,3,-6,3,1,0,0,1,-1,0,-1,1,-1
KR_6750126812,420,-1,-66,-4,-5,1,3,4,1,2,3,-3,3,0,-3,3,0,-1,1,0,-1,-3,-5,0,-1,1,-2,0,-2,-1,-1,-1,-1,3,-1
KR_6739420966,420,0,14,16,0,2,0,2,1,2,3,1,0,1,-1,3,2,-3,4,1,0,-2,5,0,-4,4,1,0,0,-1,1,0,1,2,-1
KR_6679931638,420,-1,-27,22,-5,1,2,3,-2,3,1,-8,8,0,2,4,6,2,0,2,0,-1,-112,-1,-2,3,1,0,-1,-1,1,-1,-1,6,-1
KR_6217691528,420,-3,88,9,-10,-2,3,1,-1,3,2,1,3,4,-4,5,1,-4,5,1,-1,-11,-2,2,-2,0,-1,0,-1,-1,-1,-1,-1,2,-1
KR_6759192968,420,3,60,-15,14,4,2,6,-8,9,1,1,4,5,16,3,19,1,2,3,-1,8,-7,2,-3,1,0,0,3,-1,0,1,-1,2,-1
KR_6707701139,420,-5,-32,-20,-6,3,1,4,-2,5,3,-5,5,0,-1,2,1,-1,2,1,0,-4,-278,5,-5,0,10,0,0,-1,1,0,-1,1,-1
KR_6742627456,440,0,-9,4,1,3,2,5,4,3,7,-5,5,0,1,2,3,-2,3,1,-1,7,-22,-1,-1,2,1,0,-1,-1,1,1,-1,2,-1
KR_6734527767,440,-1,-58,-4,-5,0,0,0,-3,5,2,-3,4,1,1,1,2,0,0,0,0,-3,7,-7,-5,12,1,0,0,0,-1,0,1,0,-1
KR_6674664522,420,-2,-27,-23,-2,0,2,2,0,1,1,0,2,2,-2,2,0,0,2,2,0,-6,5,4,-6,2,4,0,0,0,-1,0,1,0,-1
KR_6760624341,420,0,-29,-16,3,-1,1,0,4,3,7,4,0,4,-5,7,2,1,0,1,0,3,211,-3,0,3,18,0,0,1,0,-1,1,6,-1
KR_6762696467,420,-4,-60,-16,-7,-3,3,0,-1,1,0,3,1,4,-9,10,1,3,2,5,-1,-7,1,-2,-4,6,1,0,-2,-1,-1,-1,-1,4,-1
KR_6738389687,420,1,26,-20,2,1,2,3,2,4,6,4,1,5,-5,5,0,0,0,0,0,-5,-8,-2,0,2,-2,0,0,1,-1,1,1,6,-1
KR_6722754909,420,-2,-69,24,-8,1,1,2,-7,8,1,-1,2,1,0,4,4,-1,1,0,1,-13,-24,-3,-2,5,2,0,-1,-1,0,-1,1,3,-1
KR_6694300872,420,-3,-59,-32,-4,-1,4,3,-1,2,1,1,1,2,-1,3,2,-2,3,1,0,-2,7,-1,-3,4,0,0,-2,1,-1,-1,1,1,-1
KR_6761059915,420,4,-7,-13,10,4,1,5,1,1,2,1,3,4,-2,3,1,6,1,7,0,12,-1,2,-4,2,0,0,0,-1,0,0,-1,6,-1
KR_6729295341,440,-1,10,0,-1,-5,7,2,-4,6,2,1,0,1,4,0,4,3,2,5,1,0,-11,0,-2,2,0,0,0,-1,1,1,1,1,-1
KR_6635089200,420,1,14,18,-1,-4,4,0,1,1,2,-3,4,1,3,1,4,2,0,2,0,0,4,1,-3,2,-2,0,0,0,-1,0,-1,0,-1
KR_6610139088,420,2,26,-2,3,-2,2,0,2,3,5,-3,4,1,4,1,5,2,1,3,0,2,14,-1,-1,2,2,0,1,0,0,1,1,0,-1
KR_6746605989,420,-2,-16,0,-1,1,1,2,0,1,1,1,3,4,-1,3,2,-2,2,0,0,0,-1,-5,-2,7,-3,0,0,0,0,-1,1,0,-1
KR_6626746642,420,-4,-18,10,-4,-3,4,1,1,1,2,3,2,5,-3,3,0,-2,2,0,0,-5,-3,-1,-1,2,1,0,-3,-1,1,-1,-1,5,-1
KR_6694994962,420,-1,-4,20,3,-2,3,1,1,1,2,-3,4,1,7,2,9,0,2,2,1,8,-1,0,-4,4,2,0,0,0,1,1,1,0,-1
KR_6741664287,420,-2,-21,-14,0,0,0,0,2,2,4,-6,6,0,1,1,2,3,0,3,-1,3,31,0,-1,1,-25,0,-2,-1,-1,-1,-1,3,-1
KR_6763694045,440,3,51,16,0,-1,2,1,3,1,4,4,1,5,-2,3,1,-4,4,0,0,-8,0,0,-3,3,1,0,0,-1,0,1,-1,3,-1
KR_6755617972,420,0,-23,8,-5,0,0,0,-1,2,1,0,6,6,-2,2,0,-2,2,0,0,-4,9,5,-8,3,-2,0,0,1,0,0,1,1,-1
KR_6717438306,420,-3,-78,-8,0,-7,8,1,-2,5,3,5,2,7,3,4,7,1,0,1,-1,-3,-332,-1,-3,4,-2,0,-1,1,1,-1,-1,5,-1
KR_6759595041,440,-3,-125,25,-10,-1,2,1,2,0,2,-4,5,1,-3,3,0,-4,4,0,-2,-8,-4,5,-6,1,-2,0,-1,0,0,-1,-1,0,-1
KR_6624088438,440,-1,-22,0,0,-3,4,1,1,2,3,1,0,1,1,4,5,0,0,0,0,-1,7,4,-4,0,-2,0,-1,0,-1,-1,-1,0,-1
KR_6738173668,420,0,6,-8,3,2,0,2,-1,3,2,3,1,4,0,4,4,-1,1,0,0,4,-6,-1,-2,3,1,0,0,1,-1,0,1,5,-1
KR_6734907304,420,-3,49,-4,-5,0,4,4,-2,4,2,-3,4,1,-2,2,0,2,0,2,0,0,-8,-4,0,4,-2,0,-1,-1,0,-1,-1,2,-1
KR_6640614005,420,3,40,8,9,2,2,4,0,0,0,3,1,4,1,1,2,3,1,4,-2,3,-9,2,-4,2,5,0,0,0,-1,0,-1,0,-1
KR_6711185459,440,-6,12,-35,-5,-3,3,0,-4,6,2,1,1,2,1,4,5,0,2,2,0,2,57,0,-3,3,0,0,-1,0,-1,-1,-1,0,-1
KR_6748740207,420,-1,30,-26,-4,-4,4,0,-4,5,1,1,3,4,2,0,2,1,2,3,0,-10,2,-2,-5,7,5,0,2,-1,-1,1,-1,6,-1
KR_6753786420,420,-2,9,0,0,-1,1,0,-5,6,1,2,2,4,2,0,2,2,0,2,0,-3,43,-3,-1,4,-41,0,1,0,-1,1,1,0,-1
KR_6747780485,420,0,18,9,-3,0,0,0,1,3,4,-2,3,1,-1,5,4,-1,1,0,0,-2,15,-3,-3,6,1,0,0,-1,1,0,-1,5,-1
KR_6679791334,420,-10,-119,-72,-10,-1,2,1,-1,1,0,-3,8,5,-3,6,3,-2,4,2,-1,-9,-10,-7,-1,8,0,0,-2,-1,-1,-1,-1,4,-1
KR_6759385212,440,-2,-22,-28,-6,-2,3,1,-3,3,0,3,3,6,-4,7,3,0,2,2,-1,-4,-5,0,-1,1,-1,0,-1,-1,-1,-1,-1,4,-1
KR_6756506771,420,-3,-5,-20,-4,-2,3,1,-2,3,1,0,1,1,0,1,1,0,0,0,0,-2,2,2,-4,2,-2,0,-1,1,1,-1,1,5,-1
KR_6734484433,420,-2,-67,12,-1,0,1,1,5,0,5,-2,5,3,-2,4,2,-2,3,1,0,-3,-12,-1,-1,2,-4,0,-1,-1,1,-1,-1,5,-1
KR_6611518939,420,0,-12,-16,-4,-3,3,0,-3,4,1,0,1,1,0,3,3,2,1,3,0,-3,-1,0,-1,1,0,0,-1,-1,-1,-1,1,2,-1
KR_6711849180,420,-3,-33,-28,-12,-4,5,1,0,3,3,-3,5,2,-4,4,0,-1,2,1,0,-4,31,-4,0,4,-2,0,0,-1,0,-1,-1,4,-1
KR_6727757278,420,-2,37,-28,-5,0,2,2,-2,3,1,-3,4,1,0,0,0,0,0,0,-1,-10,12,1,-3,2,0,0,0,-1,0,0,-1,1,-1
KR_6760978048,420,1,17,2,6,0,1,1,2,0,2,3,0,3,3,2,5,-2,2,0,0,8,14,2,-2,0,-1,0,0,1,1,0,1,6,-1
KR_6740816246,420,-4,-94,-7,-8,-2,3,1,-2,2,0,-4,5,1,-1,2,1,1,1,2,0,-2,-50,-2,0,2,14,0,-1,-1,1,-1,-1,3,-1
KR_6747447544,420,-3,-27,-36,-7,2,1,3,-2,3,1,-6,7,1,0,0,0,-1,2,1,-1,-5,-43,-2,-4,6,18,0,-1,1,-1,-1,-1,6,-1
KR_6764032265,420,-4,-95,-4,-17,-2,6,4,-1,1,0,-7,8,1,-7,10,3,0,2,2,0,-13,4,0,-2,2,-3,0,-1,-1,-1,-1,1,2,-1
KR_6737849591,420,1,-26,8,-1,2,3,5,0,2,2,-4,4,0,0,1,1,1,0,1,-1,-4,2,-2,-1,3,-1,0,-1,-1,0,-1,-1,5,-1
KR_6666470103,420,0,16,-7,-2,0,1,1,1,1,2,-3,3,0,1,0,1,-1,1,0,1,-1,8,5,-7,2,-3,0,0,1,-1,0,1,5,-1
KR_6761102153,420,-6,-54,-30,-13,-7,7,0,1,0,1,-4,5,1,-3,3,0,0,1,1,0,-6,-15,-1,-3,4,1,0,-1,-1,-1,-1,1,5,-1
KR_6755783065,420,1,74,-8,-4,1,1,2,2,3,5,-1,6,5,-3,4,1,-3,3,0,-1,-8,0,4,-9,5,8,0,0,-1,0,0,-1,2,-1
KR_6755533552,440,-3,26,-24,-8,-2,3,1,1,2,3,-7,8,1,1,0,1,-1,1,0,0,-1,7,0,-2,2,4,0,0,0,-1,0,-1,0,-1
KR_6728124993,420,2,-54,14,0,-4,6,2,3,1,4,3,2,5,-2,2,0,0,0,0,1,7,98,-3,-1,4,1,0,1,1,-1,1,1,2,-1
KR_6703701631,420,-5,-66,-19,-11,-7,7,0,-1,4,3,0,2,2,-3,4,1,0,0,0,0,-10,-194,2,-6,4,-2,0,-1,-1,1,-1,-1,2,-1
KR_6737573812,420,2,-37,16,4,-1,3,2,1,1,2,-1,3,2,5,1,6,0,0,0,0,4,-35,2,-4,2,11,0,0,1,1,-1,1,3,-1
KR_6756630784,420,4,52,12,-2,3,1,4,-3,4,1,0,2,2,3,0,3,-5,8,3,0,-3,-4,5,-5,0,-1,0,1,-1,0,1,-1,6,-1
KR_6687030919,420,-7,-110,-43,-10,-2,2,0,-1,1,0,-2,3,1,-5,5,0,0,0,0,0,-6,11,-2,0,2,1,0,-4,-1,-1,-1,-1,3,-1
KR_6644675718,420,1,5,-28,-2,1,0,1,-4,8,4,0,2,2,1,4,5,0,1,1,0,-4,195,7,-8,1,-2,0,1,-1,0,1,1,3,-1
KR_6763177106,420,-2,-77,0,-6,-1,2,1,0,2,2,-2,4,2,-4,5,1,1,0,1,0,-3,-14,-4,0,4,1,0,-2,0,-1,-1,-1,0,-1
KR_6701350447,420,6,77,36,-2,-1,2,1,-5,7,2,2,0,2,-2,2,0,4,0,4,0,-7,324,-3,-3,6,5,0,0,1,0,1,-1,1,-1
KR_6607756806,420,1,-6,-16,-3,2,1,3,0,1,1,1,0,1,-6,7,1,0,0,0,0,-5,-109,-2,0,2,2,0,0,0,-1,0,-1,0,-1
KR_6755364303,420,0,14,-4,-2,3,1,4,-2,3,1,-1,6,5,-1,3,2,-1,1,0,-2,-9,-4,1,-2,1,-1,0,0,1,0,-1,-1,3,-1
KR_6590567884,420,-1,-30,-12,-3,0,4,4,2,0,2,-4,5,1,-1,1,0,0,1,1,-2,-1,-32,6,-6,0,11,0,0,0,0,0,-1,0,-1
KR_6705807744,420,2,-6,20,3,0,2,2,1,1,2,1,1,2,1,1,2,0,1,1,0,-1,-3,0,-6,6,-1,0,0,1,1,-1,-1,6,-1
KR_6762582223,420,-6,-106,-37,-10,-2,2,0,-4,5,1,-1,2,1,-2,5,3,-1,2,1,0,-11,-383,0,-1,1,-22,0,0,-1,-1,-1,-1,3,-1
KR_6710425826,440,-3,-52,8,-7,-2,2,0,0,1,1,-2,2,0,-2,5,3,-1,3,2,0,-8,-3,-3,-2,5,0,0,-1,1,0,-1,1,4,-1
KR_6627846909,420,-6,-82,5,-8,-3,3,0,0,2,2,-2,4,2,-3,7,4,0,0,0,0,0,28,-1,-4,5,-3,0,-2,0,-1,-1,-1,0,-1
KR_6677640285,420,-3,-82,-8,-9,0,0,0,-2,4,2,-6,7,1,-1,4,3,0,2,2,0,-8,-20,-4,-2,6,-4,0,0,1,1,0,-1,2,-1
KR_6634073464,420,-1,6,-2,-5,1,1,2,0,1,1,-5,6,1,-1,2,1,0,0,0,0,-3,17,2,-5,3,-2,0,0,-1,1,0,-1,2,-1
KR_6753960352,440,-6,-12,-12,-9,2,0,2,-5,6,1,1,1,2,-7,7,0,0,2,2,0,-12,-2,0,-2,2,1,0,0,0,0,0,-1,0,-1
KR_6652677541,420,-1,18,12,-9,-1,1,0,-3,3,0,0,1,1,-6,7,1,1,1,2,0,-10,-17,1,-5,4,2,0,-1,-1,0,-1,1,4,-1
KR_6730831671,420,0,-1,-7,1,-4,4,0,0,3,3,0,1,1,2,1,3,3,2,5,0,9,6,-1,-2,3,-2,0,-2,0,1,-1,-1,0,-1
KR_6739929812,440,3,4,12,-2,2,0,2,0,6,6,-1,4,3,-4,5,1,1,1,2,0,-5,-311,-5,0,5,2,0,1,-1,-1,1,-1,5,-1
KR_6751055900,440,5,79,44,5,-1,1,0,0,0,0,3,2,5,6,1,7,-3,5,2,0,-5,13,2,-3,1,1,0,1,1,-1,1,1,6,-1
KR_6750057282,420,0,-6,-41,3,-1,2,1,-1,1,0,-2,2,0,6,1,7,1,1,2,0,2,-176,1,-2,1,0,0,0,-1,-1,0,-1,2,-1
KR_6743765365,420,-2,4,3,-15,-8,10,2,-4,6,2,-7,9,2,3,0,3,1,1,2,-1,-2,9,-3,-6,9,-1,0,0,1,1,-1,-1,5,-1
KR_6733268616,420,1,6,28,2,1,2,3,2,2,4,-5,7,2,3,3,6,1,0,1,0,-5,10,6,-8,2,-7,0,2,0,1,1,1,0,-1
KR_6756774548,440,0,-16,-15,6,6,2,8,2,2,4,5,1,6,-4,7,3,-3,5,2,1,8,22,0,-2,2,-1,0,0,-1,-1,-1,1,5,-1
KR_6761170802,420,0,-41,-12,-2,2,2,4,-1,3,2,-1,3,2,-2,4,2,0,2,2,0,6,5,2,-3,1,0,0,0,0,1,-1,-1,0,-1
KR_6730631438,420,0,-25,-38,2,-3,4,1,1,3,4,2,0,2,4,2,6,-2,3,1,0,3,-118,-4,0,4,2,0,-1,1,-1,-1,1,2,-1
KR_6764206352,420,-1,-41,21,-9,-6,8,2,-1,4,3,0,7,7,-1,1,0,-1,1,0,0,-7,-303,-4,0,4,4,0,-1,-1,-1,-1,1,1,-1
KR_6759057234,420,1,34,-24,9,3,0,3,-5,9,4,5,1,6,2,2,4,4,0,4,0,8,10,2,-4,2,-1,0,2,-1,0,1,1,6,-1
KR_6745309839,420,-1,-42,19,-2,0,2,2,1,3,4,0,1,1,-3,3,0,0,0,0,0,-5,-132,0,-1,1,23,0,0,-1,1,-1,-1,5,-1
KR_6717301903,420,-6,-82,-79,-6,-1,4,3,2,3,5,-6,7,1,-1,2,1,0,2,2,0,0,2,0,-2,2,0,0,-1,1,1,1,1,1,-1
KR_6764292934,420,4,38,0,4,3,3,6,0,3,3,2,1,3,-1,2,1,0,1,1,2,3,-2,1,-3,2,4,0,1,1,-1,1,1,6,-1
KR_6691022252,420,0,-43,4,-3,3,0,3,-1,2,1,-6,6,0,1,0,1,0,0,0,0,-7,-2,2,-3,1,2,0,-1,-1,1,-1,-1,2,-1
KR_6759108604,420,0,-39,-8,0,2,1,3,3,3,6,-2,2,0,-2,2,0,-1,1,0,0,-5,-14,-7,-1,8,0,0,0,0,0,-1,1,0,-1
KR_6739303322,420,2,-71,8,-5,-3,4,1,3,1,4,-1,2,1,1,0,1,-5,5,0,0,-12,-43,1,-4,3,17,0,0,1,-1,0,-1,5,-1
KR_6750140750,420,4,-5,-16,10,5,0,5,-2,4,2,2,0,2,0,3,3,5,0,5,0,7,4,2,-3,1,1,0,0,-1,0,0,1,1,-1
KR_6749212941,440,-2,-62,-5,-9,-2,4,2,2,1,3,-6,6,0,-4,5,1,1,3,4,0,-7,-104,-3,-1,4,0,0,-1,-1,-1,-1,-1,6,-1
KR_6688019386,440,-2,-39,8,-8,-5,5,0,-5,5,0,3,3,6,-1,2,1,0,0,0,-1,-6,2,-1,-1,2,0,0,-1,1,0,-1,-1,6,-1
KR_6751832242,420,-5,-116,-4,-12,-6,9,3,0,0,0,0,1,1,-3,5,2,-3,3,0,-1,-4,-18,1,-4,3,-2,0,0,1,0,-1,-1,5,-1
KR_6710822227,420,-1,-64,16,-3,-1,1,0,-1,2,1,-1,4,3,1,2,3,-1,4,3,0,-5,-43,2,-6,4,11,0,-1,1,-1,-1,-1,1,-1
KR_6750293951,440,-4,-45,-27,-14,-3,4,1,3,3,6,-7,7,0,-5,8,3,-2,5,3,-1,-12,224,-1,-4,5,4,0,-1,1,-1,-1,-1,1,-1
KR_6620870434,420,-6,5,-50,3,3,0,3,-1,3,2,0,0,0,0,0,0,1,0,1,0,2,7,6,-9,3,-2,0,-1,0,-1,-1,-1,0,-1
KR_6684133385,440,-2,9,8,-5,1,2,3,-3,6,3,-5,5,0,1,4,5,1,0,1,0,-3,3,1,-2,1,-2,0,-1,1,-1,1,1,6,-1
KR_6757628735,420,2,42,52,-7,2,0,2,-4,4,0,-2,4,2,-4,4,0,1,0,1,0,-10,8,2,-2,0,-3,0,0,-1,0,0,1,2,-1
KR_6732466689,420,-3,-16,-20,-2,-4,6,2,1,3,4,2,0,2,0,2,2,-1,2,1,0,-2,373,4,-6,2,4,0,0,-1,1,1,1,6,-1
KR_6688713635,420,-1,-44,-28,3,-5,5,0,4,0,4,1,1,2,2,2,4,1,0,1,0,6,-11,2,-3,1,2,0,0,1,1,-1,-1,4,-1
KR_6762420431,420,3,-5,44,-3,3,2,5,4,0,4,-3,3,0,-7,8,1,0,0,0,0,-1,0,0,-2,2,-4,0,0,-1,1,-1,1,1,-1
KR_6628325475,440,1,-117,53,0,3,2,5,3,0,3,0,2,2,-7,9,2,1,0,1,0,5,1,-1,-2,3,-2,0,-2,1,0,-1,1,1,-1
KR_6628886260,420,3,-10,21,4,2,1,3,-2,5,3,1,3,4,3,0,3,0,0,0,0,-3,1,4,-5,1,1,0,0,1,1,1,1,6,-1
KR_6748808295,440,1,-13,-17,4,0,2,2,-1,2,1,4,1,5,2,0,2,-1,1,0,0,-1,-201,0,-1,1,1,0,2,-1,1,1,1,3,-1
KR_6724934240,420,-5,-16,-32,-5,0,2,2,-4,5,1,0,2,2,3,2,5,-4,7,3,1,-4,9,2,-6,4,0,0,-1,-1,-1,-1,1,2,-1
KR_6755132746,420,3,-13,12,1,0,0,0,2,2,4,-2,6,4,2,2,4,-1,1,0,0,1,0,-1,-1,2,0,0,0,-1,-1,1,-1,3,-1
KR_6673850556,420,1,46,8,-1,-3,3,0,2,1,3,0,5,5,-1,6,5,1,0,1,0,-2,7,1,-6,5,4,0,0,-1,0,0,1,1,-1
KR_6760638707,440,-2,-19,-15,-6,-1,3,2,3,1,4,2,5,7,1,3,4,-11,13,2,1,-5,-1,-1,-3,4,0,0,-2,-1,-1,-1,1,1,-1
KR_6749100866,420,-1,15,32,-2,0,1,1,1,1,2,5,1,6,-6,8,2,-2,2,0,1,0,2,2,-3,1,0,0,-1,-1,1,-1,1,5,-1
KR_6760761313,420,0,-47,12,0,-3,3,0,0,1,1,1,0,1,2,0,2,0,0,0,0,2,13,-2,-1,3,0,0,-2,-1,-1,-1,-1,6,-1
KR_6762774363,420,-3,9,-20,-7,-1,3,2,-5,8,3,1,4,5,-2,3,1,0,2,2,-1,-12,-39,-3,-1,4,9,0,2,-1,-1,-1,-1,6,-1
KR_6761422015,440,0,-27,7,3,-1,2,1,9,1,10,3,2,5,-7,8,1,-1,2,1,0,-3,-1,-1,-2,3,-5,0,1,-1,1,1,-1,1,-1
KR_6756464690,420,1,13,-8,-1,-7,8,1,1,0,1,3,1,4,2,0,2,0,1,1,-1,1,114,1,-2,1,-2,0,-1,1,0,-1,-1,3,-1
KR_6744853545,420,2,-2,-4,0,1,2,3,-2,2,0,2,0,2,3,2,5,-4,4,0,0,-2,-21,0,-3,3,-4,0,-1,-1,-1,-1,-1,5,-1
KR_6629529533,420,-2,-22,-12,-8,-4,4,0,0,1,1,-4,6,2,0,2,2,0,1,1,0,-10,-15,-5,0,5,1,0,1,1,1,1,1,4,-1
KR_6750468554,420,-7,-103,-15,-16,-5,8,3,-10,11,1,1,1,2,-1,4,3,-1,1,0,0,-13,-12,0,-3,3,0,0,-1,-1,1,-1,-1,4,-1
KR_6632064125,420,-2,-56,12,-2,0,1,1,2,1,3,-1,3,2,-3,4,1,0,1,1,1,-1,4,3,-5,2,-4,0,0,-1,-1,0,1,2,-1
KR_6739756729,420,1,16,-3,3,4,3,7,3,2,5,-1,3,2,-7,7,0,4,1,5,-3,-1,10,0,-3,3,-3,0,0,-1,-1,1,-1,3,-1
KR_6737011456,420,-3,-186,0,0,0,2,2,-3,5,2,1,0,1,1,1,2,1,3,4,0,-7,20,-4,-1,5,-1,0,0,-1,0,0,1,1,-1
KR_6764289899,420,-3,-9,-24,-6,-1,2,1,-1,2,1,-2,3,1,-1,2,1,-1,1,0,0,-6,12,4,-5,1,-2,0,-2,-1,-1,-1,-1,6,-1
KR_6670614204,420,3,28,-16,5,3,0,3,5,3,8,0,1,1,0,0,0,-3,3,0,0,1,5,3,-7,4,-3,0,-2,-1,-1,-1,-1,2,-1
KR_6665451513,420,-2,-34,-28,-3,0,2,2,-3,7,4,5,1,6,-3,4,1,-2,2,0,0,-3,-16,-2,-1,3,2,0,1,-1,0,1,1,4,-1
KR_6713634937,420,-4,-24,-8,-8,0,1,1,-2,3,1,-3,5,2,2,4,6,-5,6,1,0,-5,2,4,-8,4,1,0,-1,-1,1,-1,1,1,-1
KR_6744464902,420,-3,-96,-35,-6,-2,3,1,-2,2,0,-3,5,2,-1,4,3,2,1,3,0,-4,-9,1,-4,3,1,0,-1,-1,1,-1,1,1,-1
KR_6670740070,420,-3,-56,3,-4,-1,2,1,-4,5,1,1,2,3,-2,3,1,2,1,3,0,0,84,0,-4,4,-3,0,1,-1,1,1,-1,2,-1
KR_6730675719,420,-3,-128,-24,-7,-1,3,2,-1,2,1,-1,5,4,-3,5,2,-1,2,1,0,-4,211,-2,-2,4,-1,0,0,1,-1,-1,1,1,-1
KR_6750951391,420,-5,-91,-4,-9,-1,1,0,1,1,2,-5,7,2,-3,6,3,-1,3,2,0,-5,-112,-3,-1,4,1,0,0,0,-1,-1,1,0,-1
KR_6618528754,420,-5,-60,-2,0,-2,2,0,1,2,3,-1,4,3,0,4,4,2,0,2,0,3,42,2,-3,1,-2,0,-2,-1,-1,-1,1,4,-1
KR_6736927725,420,0,-39,8,7,-1,3,2,-1,2,1,1,3,4,3,2,5,5,0,5,1,5,-11,-1,-5,6,0,0,-1,-1,-1,-1,1,1,-1
KR_6687034675,420,2,46,-23,2,2,2,4,-3,4,1,2,2,4,1,0,1,0,0,0,0,1,36,-3,-2,5,-10,0,-1,1,-1,1,-1,1,-1
KR_6759161743,420,-1,-9,-14,-2,3,1,4,-6,7,1,4,2,6,-1,1,0,-2,2,0,0,-6,-36,1,-4,3,1,0,0,-1,-1,-1,1,6,-1
KR_6721941237,420,-2,-54,-26,-12,-4,5,1,-4,5,1,-6,6,0,-1,2,1,3,1,4,-1,-12,16,-1,-2,3,2,0,-2,1,-1,-1,1,1,-1
KR_6677057863,420,0,-78,-4,-6,4,1,5,-5,6,1,-3,3,0,-1,4,3,-1,1,0,0,-12,-9,-3,-1,4,0,0,0,1,-1,-1,1,2,-1
KR_6757307316,420,-2,-41,1,-2,0,2,2,-1,2,1,0,2,2,0,1,1,-1,1,0,0,-7,-254,-2,-2,4,-4,0,0,1,1,0,-1,3,-1
KR_6720247292,420,-1,44,-20,-8,0,2,2,-2,2,0,-3,5,2,3,3,6,-6,7,1,-1,-7,3,2,-3,1,-3,0,-1,1,-1,-1,-1,6,-1
KR_6725537614,440,-3,-42,8,-12,-8,10,2,3,0,3,-5,6,1,-1,2,1,-1,1,0,-1,-3,-6,1,-2,1,0,0,-2,-1,-1,-1,-1,6,-1
KR_6757875533,420,-4,20,26,-13,-1,2,1,-5,5,0,-1,2,1,-2,4,2,-4,4,0,0,-10,2,-1,-2,3,-1,0,-1,0,0,-1,-1,0,-1
KR_6759241133,420,-1,-14,12,0,-2,5,3,1,0,1,-3,5,2,7,1,8,-3,3,0,1,0,1,-1,-1,2,-1,0,-2,-1,-1,-1,1,2,-1
KR_6639709501,420,0,10,20,0,-2,2,0,-1,1,0,-1,2,1,5,0,5,-1,1,0,0,5,6,2,-4,2,1,0,0,1,0,0,1,1,-1
KR_6737573781,420,-2,35,-24,-1,2,1,3,-5,6,1,4,1,5,-3,4,1,1,1,2,0,-2,1,-2,0,2,-1,0,-1,-1,-1,-1,-1,3,-1
KR_6524131594,420,0,-29,10,-5,-5,5,0,4,2,6,0,5,5,-1,2,1,-3,3,0,0,0,24,6,-7,1,-9,-1,-3,-1,-1,-1,-1,1,-1
KR_6650569743,420,-2,-47,-16,-6,-1,2,1,-2,3,1,1,2,3,-3,5,2,-1,2,1,0,-14,-2,3,-3,0,-1,0,0,1,-1,0,1,6,-1
KR_6760682301,420,-3,-70,-24,-3,-5,5,0,-2,4,2,8,3,11,-2,4,2,-2,2,0,-2,-1,37,2,-2,0,-17,0,0,-1,-1,-1,-1,5,-1
KR_6673801659,420,-3,-55,16,-4,2,3,5,0,3,3,1,1,2,-6,9,3,-1,2,1,1,-1,6,-3,-2,5,-1,0,-1,-1,-1,-1,1,6,-1
KR_6750661711,420,1,-36,-12,9,-1,3,2,5,1,6,6,0,6,-1,2,1,0,2,2,0,5,2,2,-4,2,-2,0,1,1,-1,1,-1,1,-1
KR_6613535906,420,-4,-62,-32,-5,0,3,3,-3,3,0,0,3,3,-1,4,3,-1,2,1,0,-9,3,0,-1,1,0,0,-2,1,-1,-1,-1,3,-1
KR_6754857458,420,-7,-131,-28,-7,-4,4,0,2,0,2,-4,6,2,-1,4,3,0,3,3,0,1,-5,2,-4,2,1,0,-1,-1,1,-1,-1,3,-1
KR_6712315786,420,-1,-48,-9,-6,0,5,5,-2,5,3,-5,7,2,-1,3,2,2,0,2,0,4,5,-2,-2,4,0,0,-1,-1,-1,-1,-1,2,-1
KR_6748097748,420,-2,-33,-29,-2,10,0,10,3,1,4,-3,4,1,-12,15,3,0,0,0,1,-2,-5,-6,0,6,1,0,-2,-1,1,-1,1,2,-1
KR_6749569865,420,-3,-69,-19,-6,-2,3,1,0,2,2,-1,4,3,-3,3,0,0,0,0,0,0,-1,-4,-3,7,0,0,-1,1,-1,-1,1,6,-1
KR_6764241552,420,-2,-2,8,-8,-2,3,1,-3,3,0,1,1,2,-5,6,1,1,1,2,0,-9,323,2,-2,0,0,0,-1,-1,1,1,-1,2,-1
KR_6660040966,420,1,-8,12,-3,3,0,3,2,0,2,-5,5,0,-5,6,1,2,0,2,-1,-8,-53,-2,-1,3,2,0,0,1,-1,0,-1,1,-1
KR_6756310166,420,-4,-131,4,-7,0,1,1,1,3,4,-10,10,0,2,1,3,0,0,0,-1,2,4,-4,0,4,-4,0,0,-1,-1,-1,-1,4,-1
KR_6656428999,420,-5,-71,-1,-9,5,0,5,-5,6,1,-5,6,1,-4,5,1,0,0,0,-1,-11,2,-4,-1,5,-1,0,-2,-1,0,-1,-1,4,-1
KR_6759191067,420,0,30,-6,-4,2,0,2,1,1,2,2,2,4,-9,10,1,0,2,2,0,-7,-145,-5,-2,7,4,0,-1,0,0,-1,1,0,-1
KR_6761814425,420,-6,-65,0,-9,1,2,3,0,3,3,-1,4,3,-6,7,1,-3,5,2,-1,-9,6,-2,-1,3,0,0,-2,1,-1,-1,-1,6,-1
KR_6695618793,420,-1,-24,-8,0,2,0,2,0,3,3,-1,2,1,-4,4,0,3,1,4,0,6,11,-1,-3,4,-2,0,0,-1,1,1,-1,3,-1
KR_6761791973,440,1,60,-5,1,1,0,1,-3,5,2,0,0,0,5,1,6,-2,4,2,0,0,6,2,-4,2,0,0,-1,0,-1,-1,-1,0,-1
KR_6740115846,420,-2,-23,-9,-5,1,0,1,2,2,4,-7,9,2,-2,3,1,1,1,2,0,-5,-11,-3,-1,4,0,0,-1,-1,0,-1,-1,6,-1
KR_6646156660,440,-2,-65,-15,-7,0,0,0,0,4,4,-5,8,3,0,3,3,-2,4,2,0,-9,3,3,-3,0,-3,0,-1,-1,1,-1,-1,4,-1
KR_6698304196,420,2,-14,16,1,3,0,3,4,1,5,-1,3,2,-2,4,2,-3,4,1,0,-3,7,-1,-6,7,4,0,0,0,-1,0,1,0,-1
KR_6747387200,440,-3,-80,-20,-12,2,2,4,0,3,3,-5,6,1,-4,6,2,-5,7,2,-1,-3,-25,-1,0,1,2,0,-2,0,0,-1,-1,0,-1
KR_6739750844,420,-3,-80,-8,-5,-3,4,1,2,2,4,-7,8,1,5,2,7,-2,3,1,1,9,-41,2,-6,4,17,0,-3,1,-1,-1,1,6,-1
KR_6713579424,420,-4,-81,-25,2,-1,5,4,-2,2,0,7,2,9,1,1,2,-3,3,0,1,3,-3,5,-6,1,-2,0,-1,-1,1,-1,1,2,-1
KR_6763296891,440,0,46,-12,-9,0,1,1,-6,8,2,-1,2,1,-5,7,2,3,0,3,0,-6,-2,-6,0,6,2,0,-1,1,0,-1,1,5,-1
KR_6677541981,420,6,-7,36,8,3,1,4,4,1,5,-1,2,1,-1,1,0,3,0,3,-1,3,1,2,-6,4,6,0,0,0,0,0,-1,0,-1
KR_6751002477,440,-1,-26,20,-5,3,1,4,2,0,2,-4,7,3,-4,4,0,-2,3,1,0,0,-10,-1,-2,3,-1,0,-2,-1,-1,-1,1,6,-1
KR_6753671959,420,-1,-10,-4,-6,-5,6,1,2,0,2,-3,3,0,1,3,4,-1,1,0,0,1,3,4,-4,0,2,0,0,-1,-1,1,-1,1,-1
KR_6717159500,420,-2,-25,-8,-4,-1,3,2,2,2,4,-1,2,1,-3,6,3,-1,1,0,0,-5,156,-2,-2,4,-3,0,-1,-1,0,-1,-1,3,-1
KR_6751794549,420,0,-19,-39,0,-5,5,0,-2,2,0,3,0,3,5,0,5,-1,1,0,0,6,13,-5,-1,6,5,0,1,-1,-1,1,-1,1,-1
KR_6764513342,420,-5,-47,-42,-5,-4,5,1,-3,3,0,1,1,2,1,0,1,0,1,1,0,1,-24,1,-3,2,0,0,-1,-1,1,-1,1,2,-1
KR_6747082894,420,-5,-37,1,-10,-3,4,1,5,0,5,0,2,2,-12,13,1,0,1,1,0,-10,-6,-2,-1,3,0,0,-1,0,0,-1,-1,0,-1
KR_6720715911,440,-8,-72,8,-21,-4,5,1,-1,5,4,-8,8,0,-6,10,4,-2,3,1,-1,-14,1,-1,-1,2,-1,0,-4,-1,-1,-1,-1,2,-1
KR_6751651550,420,-2,-58,-60,-4,2,0,2,-4,4,0,-1,3,2,-1,1,0,0,0,0,-1,0,3,0,-3,3,-3,0,-1,0,-1,-1,-1,0,-1
KR_6761189622,440,-8,-87,-8,-19,-3,4,1,-8,8,0,-4,6,2,-3,3,0,-1,2,1,0,-20,0,-6,-1,7,1,0,-2,-1,-1,-1,-1,5,-1
KR_6607845456,420,-5,-75,-28,-16,-4,7,3,-2,2,0,-1,4,3,-10,11,1,1,2,3,-2,-18,6,1,-3,2,2,0,-1,-1,1,-1,-1,3,-1
KR_6727462917,440,-7,-109,8,-13,-3,3,0,-1,4,3,-8,8,0,0,6,6,-1,1,0,1,-12,1,-4,-1,5,1,0,-2,1,1,1,1,2,-1
KR_6651874871,420,-2,1,14,-9,-2,3,1,-2,3,1,-2,5,3,-3,4,1,0,0,0,1,-8,-2,-4,-2,6,3,0,0,1,1,0,1,6,-1
KR_6745892101,440,0,-37,29,2,-2,3,1,-3,5,2,-1,3,2,7,6,13,1,0,1,0,-2,-7,0,-2,2,0,0,0,-1,0,1,1,3,-1
KR_6655549882,420,1,63,-20,-4,3,0,3,0,1,1,-2,2,0,-5,7,2,0,0,0,0,-9,372,-4,-2,6,3,0,0,-1,0,0,1,2,-1
KR_6751145935,420,0,-47,-12,5,3,1,4,4,1,5,1,2,3,-4,5,1,1,1,2,0,1,3,6,-6,0,-2,0,0,1,0,0,1,3,-1
KR_6700437731,420,-1,-6,-20,2,1,1,2,-2,6,4,1,2,3,-1,4,3,3,1,4,0,-2,2,6,-7,1,2,0,0,1,1,0,-1,4,-1
KR_6661240496,440,0,-8,5,-5,-8,9,1,1,5,6,0,2,2,1,2,3,1,0,1,-1,1,0,-1,-2,3,1,0,0,1,1,-1,-1,1,-1
KR_6749959339,420,-4,-106,-8,-4,0,2,2,2,1,3,0,3,3,-7,7,0,1,0,1,0,1,-10,1,-2,1,-1,0,-1,-1,1,-1,-1,1,-1
KR_6739139369,420,-2,-55,-8,-5,0,1,1,0,2,2,-1,3,2,-5,5,0,1,1,2,1,-2,-1,-4,-3,7,0,0,0,0,0,0,1,0,-1
KR_6750946968,420,-1,-2,8,-4,1,2,3,0,5,5,-2,2,0,-2,5,3,-1,3,2,1,-1,-12,1,-7,6,4,0,0,1,1,0,1,1,-1
KR_6695956904,420,0,38,-12,4,-6,6,0,5,1,6,3,2,5,1,3,4,1,0,1,0,7,-7,-4,-3,7,-2,0,1,-1,-1,-1,1,2,-1
KR_6698018598,420,0,-7,32,-4,-2,4,2,2,2,4,-6,7,1,2,0,2,0,0,0,-2,0,-187,1,-4,3,3,0,0,-1,1,-1,-1,1,-1
KR_6732641068,420,-2,-54,11,-6,-3,3,0,2,1,3,-2,4,2,-3,6,3,0,0,0,0,-11,-1,1,-2,1,0,0,-1,-1,1,-1,-1,2,-1
KR_6742221129,440,-5,-46,-20,-17,-1,4,3,-3,3,0,-1,4,3,-7,8,1,-5,5,0,0,-13,-2,-5,0,5,-1,0,-1,1,-1,-1,-1,6,-1
KR_6749372259,420,3,-6,38,-3,0,3,3,1,0,1,4,0,4,-8,9,1,0,1,1,0,-12,6,0,-3,3,1,0,1,-1,1,1,-1,6,-1
KR_6665095114,420,-4,-28,-27,-9,-2,3,1,0,1,1,-4,10,6,-3,3,0,0,0,0,-2,-10,7,-2,0,2,-2,0,-1,1,-1,-1,-1,2,-1
KR_6661429455,440,-3,-42,-8,-8,2,0,2,-4,5,1,0,2,2,-5,5,0,-1,1,0,0,-12,44,3,-5,2,-16,0,-2,-1,-1,-1,-1,4,-1
KR_6626330181,420,-7,-7,-69,-13,-4,4,0,-1,1,0,-1,2,1,-7,7,0,0,1,1,0,-12,149,-1,-1,2,-1,0,-2,1,-1,-1,-1,2,-1
KR_6754777670,420,-4,-31,-23,-7,1,2,3,0,3,3,-10,10,0,3,0,3,-1,2,1,0,-4,-42,3,-3,0,13,0,-1,-1,0,-1,-1,2,-1
KR_6629583097,420,-3,-80,-20,-3,0,0,0,-1,3,2,-2,5,3,1,2,3,-1,1,0,0,0,-24,0,-2,2,0,0,-1,-1,0,-1,1,5,-1
KR_6726313910,420,0,-41,27,0,2,0,2,4,0,4,-3,3,0,-6,6,0,3,0,3,0,0,-299,2,-3,1,-2,0,-1,-1,-1,-1,1,3,-1
KR_6761206100,420,-2,22,-24,1,3,0,3,2,0,2,-2,3,1,-2,4,2,0,1,1,0,0,-3,-3,0,3,2,0,0,-1,-1,-1,1,6,-1
KR_6718487521,420,-2,-31,29,-5,1,2,3,-1,2,1,-3,3,0,0,1,1,-2,2,0,1,-7,5,-1,-3,4,-3,0,-1,1,1,-1,1,3,-1
KR_6724846433,420,-4,-85,0,-10,0,1,1,0,0,0,-2,4,2,-4,4,0,-4,4,0,0,-8,127,1,-2,1,-2,0,1,-1,1,1,-1,3,-1
KR_6633115485,420,0,6,20,-1,-1,3,2,-2,3,1,-2,3,1,1,3,4,3,1,4,0,-1,1,0,-3,3,-1,0,-1,1,1,-1,1,6,-1
KR_6623778326,420,0,-26,7,-1,-2,2,0,-1,3,2,0,2,2,0,1,1,2,1,3,1,4,-315,3,-4,1,-1,0,0,-1,1,0,1,6,-1
KR_6740826611,420,1,66,-8,2,0,1,1,3,3,6,1,1,2,-2,2,0,0,2,2,0,-3,-166,-2,-1,3,0,0,1,-1,1,1,-1,3,-1
KR_6656383036,440,0,2,8,8,-3,3,0,3,2,5,-1,1,0,8,2,10,1,2,3,0,5,-1,2,-5,3,-2,0,-1,0,1,-1,1,0,-1
KR_6736120404,420,0,-34,8,4,0,2,2,1,7,8,3,0,3,-1,2,1,1,0,1,-1,6,-7,1,-2,1,2,0,0,0,-1,-1,-1,0,-1
KR_6695556660,420,-3,-39,-24,-10,-2,3,1,-3,4,1,0,3,3,-5,6,1,0,0,0,0,-5,-3,1,-2,1,-2,0,1,-1,1,1,-1,4,-1
KR_6673736270,420,-1,7,-12,-2,-2,4,2,0,3,3,0,2,2,-2,5,3,2,0,2,-2,-5,150,6,-6,0,0,0,0,1,-1,-1,-1,4,-1
KR_6694185730,440,1,4,-8,-2,1,3,4,-2,2,0,1,3,4,-4,6,2,2,1,3,0,3,-4,0,0,0,0,0,0,-1,-1,-1,-1,4,-1
KR_6675821611,420,2,39,20,-5,1,2,3,1,1,2,1,0,1,-5,5,0,-3,4,1,0,-11,-19,0,-2,2,-2,0,0,1,-1,1,-1,2,-1
KR_6761815635,440,-2,-69,-16,-4,4,0,4,-1,4,3,1,1,2,-3,4,1,-5,5,0,0,-12,6,-3,-1,4,0,0,0,0,0,1,-1,0,-1
KR_6747803453,420,0,16,16,-2,-1,2,1,-7,10,3,3,3,6,1,0,1,2,1,3,1,-5,-3,1,-1,0,0,0,1,-1,1,1,1,5,-1
KR_6749059247,420,-1,-61,4,-6,-1,2,1,-3,3,0,1,1,2,-3,5,2,0,0,0,0,-5,-45,2,-4,2,-4,0,0,-1,1,0,-1,4,-1
KR_6710135990,420,-4,-25,-1,-14,-1,3,2,-4,4,0,-1,1,0,-7,8,1,-1,2,1,0,-11,128,-3,0,3,-2,0,0,-1,-1,-1,-1,2,-1
KR_6732644538,420,-3,-31,-44,-6,-1,3,2,-1,3,2,-2,2,0,0,2,2,-2,3,1,-1,-2,-4,0,-2,2,1,0,-1,-1,-1,-1,-1,5,-1
KR_6762167266,420,-2,-21,4,-4,3,1,4,1,1,2,0,0,0,-1,2,1,-7,7,0,0,-3,-3,1,-1,0,0,0,-2,-1,1,-1,1,6,-1
KR_6746879461,420,0,-48,12,4,1,1,2,0,2,2,6,1,7,-2,3,1,-1,2,1,0,-6,-2,0,-3,3,-3,0,0,-1,0,0,1,3,-1
KR_6758046558,440,-1,-60,20,-7,-5,6,1,1,2,3,5,2,7,-5,5,0,-3,4,1,0,-6,3,3,-3,0,-2,0,-2,0,-1,-1,-1,0,-1
KR_6717021442,420,-1,44,28,-2,-7,7,0,2,0,2,0,1,1,1,0,1,2,1,3,-1,4,7,3,-3,0,-1,0,1,1,1,-1,-1,6,-1
KR_6750638631,420,-2,-12,-27,-1,1,3,4,-1,3,2,-1,3,2,0,3,3,0,1,1,-1,4,18,2,-6,4,-3,0,0,1,1,0,-1,3,-1
KR_6735708987,420,-4,-18,-54,-1,-3,4,1,1,3,4,6,0,6,1,1,2,-6,7,1,0,4,82,0,-1,1,15,0,-2,-1,-1,1,-1,2,-1
KR_6750732405,420,-2,-72,-4,0,-1,1,0,1,1,2,0,6,6,1,3,4,-1,1,0,0,4,5,0,-2,2,-2,0,-1,-1,-1,-1,-1,3,-1
KR_6744745947,440,0,9,4,1,2,2,4,0,2,2,0,3,3,-2,5,3,1,1,2,0,-12,5,0,-4,4,-4,0,1,0,1,1,1,0,-1
KR_6743556212,420,3,66,42,-3,5,0,5,0,2,2,0,1,1,-7,7,0,-1,1,0,1,-11,6,0,-1,1,-1,0,-1,1,1,-1,1,4,-1
KR_6626826632,420,-4,-28,16,-10,-2,3,1,-4,6,2,1,0,1,-3,3,0,-2,2,0,0,-13,-168,-1,-3,4,4,0,0,-1,-1,0,-1,6,-1
KR_6709112933,440,-1,-56,-6,-2,2,2,4,-2,2,0,-2,3,1,0,4,4,0,0,0,0,-3,12,5,-8,3,-3,0,0,1,1,0,1,1,-1
KR_6761033949,420,3,-16,36,-1,2,2,4,5,1,6,-1,5,4,-7,7,0,0,0,0,0,1,-111,-3,-2,5,0,0,-1,1,-1,-1,-1,6,-1
KR_6761999031,420,-4,-111,-30,-12,-3,4,1,-1,4,3,0,1,1,-3,4,1,-5,5,0,-1,-5,1,0,-3,3,1,0,-3,1,-1,-1,-1,4,-1
KR_6761015519,420,-1,-24,32,1,-2,5,3,1,2,3,-2,3,1,2,0,2,2,0,2,0,4,-9,0,-1,1,-4,0,1,1,-1,-1,-1,1,-1
KR_6670211997,420,-1,9,-8,-3,-1,3,2,3,0,3,-4,7,3,-1,4,3,0,0,0,-1,-2,295,-2,-4,6,2,0,0,-1,-1,-1,-1,5,-1
KR_6756235355,420,1,-18,52,-9,-5,5,0,-1,3,2,-6,7,1,3,2,5,0,3,3,0,-8,-202,-3,-1,4,-1,0,-1,0,-1,-1,-1,0,-1
KR_6613648649,420,2,76,-8,1,3,0,3,-5,6,1,5,1,6,-1,1,0,-1,2,1,1,-7,11,1,-1,0,0,0,1,-1,1,1,1,5,-1
KR_6752547769,420,0,-8,21,-4,-6,6,0,-1,2,1,1,2,3,-1,1,0,3,0,3,0,4,-20,0,-4,4,-1,0,0,-1,1,0,-1,5,-1
KR_6709163204,420,1,-63,16,4,-1,2,1,3,1,4,3,2,5,1,1,2,-2,3,1,0,3,114,3,-6,3,-1,0,1,1,0,1,-1,4,-1
KR_6737447357,420,-1,-37,-20,3,1,0,1,3,2,5,-1,5,4,-1,1,0,1,0,1,0,9,2,-1,-1,2,1,0,1,-1,1,1,1,2,-1
KR_6733105594,420,-5,-42,-31,-10,-4,4,0,0,3,3,-3,6,3,-2,4,2,-1,3,2,-1,-10,29,-3,-2,5,-2,0,-2,1,1,-1,-1,5,-1
KR_6762272847,420,-1,-2,16,-1,4,1,5,0,2,2,-2,2,0,0,1,1,-3,3,0,-1,-6,6,0,-2,2,0,0,0,-1,1,0,-1,3,-1
KR_6757744331,420,-2,17,-8,-1,0,3,3,-4,5,1,2,0,2,-2,2,0,3,0,3,0,-3,7,2,-5,3,0,0,-1,0,0,-1,-1,0,-1
KR_6730754513,420,-1,0,-36,-5,-2,2,0,-2,3,1,2,1,3,-4,4,0,1,0,1,0,-7,23,-2,-2,4,2,0,0,0,1,0,-1,0,-1
KR_6639034057,420,-5,-81,0,-4,0,1,1,2,2,4,-1,2,1,-4,7,3,-1,2,1,0,0,-8,1,-4,3,-3,0,-2,-1,-1,-1,1,1,-1
KR_6722854809,420,-5,-56,-28,-8,0,0,0,0,1,1,-5,6,1,-2,4,2,-1,2,1,0,-7,2,1,-2,1,-4,0,-1,-1,1,-1,-1,5,-1
KR_6762392501,420,-4,-15,-15,-13,-2,2,0,-2,4,2,-2,2,0,-5,5,0,-2,3,1,0,-9,-8,-1,-3,4,2,0,-1,-1,-1,-1,-1,5,-1
KR_6762909205,420,4,53,-6,9,2,0,2,-4,4,0,6,2,8,2,0,2,3,1,4,1,0,0,-1,-1,2,-3,0,0,-1,-1,1,1,2,-1
KR_6756577712,420,-2,-62,-27,-5,-2,2,0,0,2,2,-1,2,1,-1,5,4,-1,2,1,0,-3,1,-1,-1,2,0,0,-1,-1,-1,-1,-1,4,-1
KR_6703738243,420,3,23,16,7,1,2,3,4,1,5,-3,6,3,6,1,7,-1,2,1,0,13,259,1,-3,2,1,0,2,1,1,1,1,2,-1
KR_6710250546,420,-7,-116,-50,-8,-4,7,3,-2,3,1,-7,7,0,6,1,7,-1,2,1,1,1,-26,0,-2,2,0,-1,-1,-1,-1,-1,1,1,-1
KR_6758762433,420,-7,-75,-18,-16,0,3,3,-1,3,2,-6,6,0,-8,8,0,-1,2,1,0,-9,4,-1,0,1,1,0,-1,-1,-1,-1,1,6,-1
KR_6746495367,420,-3,-85,-12,0,-2,2,0,1,0,1,2,0,2,-1,3,2,0,3,3,0,6,-5,2,-6,4,1,0,0,-1,-1,0,-1,5,-1
KR_6754465343,420,2,-23,-16,-1,0,1,1,1,3,4,0,3,3,-2,7,5,0,0,0,0,3,-2,-4,-3,7,2,0,0,-1,1,-1,-1,1,-1
KR_6668071887,420,-6,-56,20,-14,-9,9,0,0,1,1,0,5,5,-3,5,2,-2,2,0,0,-11,-3,2,-3,1,2,0,0,-1,-1,-1,-1,5,-1
KR_6664133998,420,-1,-79,12,-3,0,1,1,-2,5,3,1,5,6,-2,2,0,0,0,0,0,-4,5,6,-6,0,-7,0,-1,0,1,-1,1,0,-1
KR_6604370368,420,-4,-20,26,-13,-4,4,0,-3,3,0,-3,3,0,-2,3,1,-1,2,1,0,-8,-147,2,-3,1,1,0,0,-1,-1,-1,-1,4,-1
KR_6748347476,420,-1,-94,20,-4,-2,3,1,-2,3,1,-1,4,3,-2,3,1,3,4,7,-1,0,8,2,-3,1,-2,0,0,-1,1,0,-1,4,-1
KR_6637591547,420,2,56,41,10,0,2,2,0,1,1,3,1,4,2,4,6,5,0,5,1,9,3,-3,-1,4,-1,0,1,1,1,1,1,3,-1
KR_6763092110,420,-3,-29,-4,-5,0,1,1,0,1,1,-5,5,0,0,2,2,0,1,1,-1,1,-53,1,-4,3,34,0,-1,-1,-1,-1,-1,5,-1
KR_6706343667,440,-1,-5,-16,2,4,1,5,5,1,6,3,3,6,-9,10,1,-1,1,0,0,-6,44,2,-3,1,1,0,1,-1,1,1,1,6,-1
KR_6758783711,420,-5,-105,-20,-14,-2,4,2,4,1,5,-10,11,1,-6,7,1,0,1,1,-2,-6,4,4,-5,1,-3,0,-2,-1,-1,-1,-1,2,-1
KR_6718895775,420,-1,7,-24,5,0,2,2,-1,3,2,2,1,3,3,2,5,1,0,1,0,3,-5,1,-4,3,4,0,1,0,1,1,1,0,-1
KR_6730626436,420,0,-132,32,-1,-3,6,3,3,0,3,6,1,7,-8,10,2,1,1,2,-1,-3,-20,-3,0,3,-4,0,-1,1,-1,-1,-1,5,-1
KR_6689461830,420,2,32,-17,5,4,1,5,0,1,1,1,1,2,1,0,1,-1,1,0,0,3,-3,1,-2,1,1,0,1,-1,1,1,-1,2,-1
KR_6725401656,420,-2,-34,8,-5,-2,4,2,0,1,1,-1,1,0,0,0,0,-2,2,0,0,-4,-4,-4,-1,5,0,0,0,-1,-1,0,-1,1,-1
KR_6750538855,420,-1,-37,-20,-7,0,2,2,-1,2,1,-3,4,1,-3,3,0,0,2,2,0,-9,2,-5,-1,6,3,0,0,-1,1,0,-1,5,-1
KR_6694410428,420,-2,62,-12,-6,-4,6,2,-4,6,2,0,1,1,1,1,2,1,3,4,1,-2,-14,-4,-2,6,1,0,-1,-1,-1,-1,1,2,-1
KR_6701441067,420,1,61,20,-5,-5,7,2,2,2,4,-1,4,3,0,1,1,-1,2,1,0,-5,-343,2,-2,0,-3,0,0,-1,1,1,-1,3,-1
KR_6750139394,420,-1,3,7,0,-3,3,0,2,2,4,0,1,1,-1,2,1,2,0,2,0,-2,35,2,-3,1,0,0,-1,0,0,1,-1,0,-1
KR_6682856207,420,-3,-24,8,-7,-4,5,1,5,0,5,-3,7,4,-5,8,3,0,0,0,1,-6,-57,0,-2,2,0,0,-2,-1,-1,-1,1,2,-1
KR_6759610648,420,-5,-80,-5,-8,-6,7,1,3,0,3,1,2,3,-4,4,0,-2,3,1,0,-3,8,-4,0,4,-5,0,-1,-1,-1,-1,1,5,-1
KR_6684817749,440,-5,-37,-44,-7,-7,7,0,-1,2,1,-2,5,3,3,0,3,0,0,0,0,1,-2,3,-7,4,2,0,0,1,-1,0,1,2,-1
KR_6673204128,420,-3,-95,4,-6,-1,3,2,-2,3,1,1,1,2,1,0,1,-5,5,0,0,-5,-49,-2,-1,3,1,0,-3,0,-1,-1,-1,0,-1
KR_6740765102,420,0,57,13,-2,-3,3,0,0,0,0,0,3,3,1,4,5,0,1,1,0,-3,2,1,-2,1,1,0,-1,-1,-1,-1,-1,5,-1
KR_6644775227,420,0,12,14,0,0,3,3,0,2,2,3,1,4,-2,5,3,-1,1,0,-1,-7,147,-1,-3,4,-3,0,1,1,0,1,-1,4,-1
KR_6646044662,420,-6,-126,-13,-4,-3,4,1,-4,5,1,3,0,3,-3,3,0,3,0,3,0,-5,-43,-4,-1,5,16,0,-1,-1,0,-1,1,5,-1
KR_6714740178,420,-6,-113,-19,-19,-1,2,1,-2,5,3,-7,8,1,-9,11,2,0,0,0,0,-13,-15,-2,-1,3,0,0,-2,-1,-1,-1,-1,6,-1
KR_6643708123,420,1,32,12,1,-1,3,2,-2,4,2,-1,2,1,1,1,2,4,0,4,0,3,13,-5,0,5,0,0,0,0,-1,1,1,0,-1
KR_6683615535,420,1,32,0,0,-2,3,1,2,1,3,0,1,1,0,2,2,0,2,2,0,1,-13,4,-5,1,-2,0,0,-1,-1,-1,1,1,-1
KR_6749132387,440,4,104,-4,11,-3,4,1,4,0,4,2,0,2,6,3,9,2,0,2,0,11,13,-1,-2,3,1,0,2,0,0,1,1,0,-1
KR_6758848424,420,1,-95,12,6,-3,3,0,1,2,3,6,1,7,1,0,1,1,0,1,0,4,36,4,-5,1,-27,0,-1,1,1,-1,1,4,-1
KR_6762010447,420,-2,-65,7,-8,-1,3,2,-3,4,1,-1,2,1,-5,6,1,2,3,5,1,-5,-127,1,-4,3,0,0,-1,-1,1,-1,1,4,-1
KR_6678149066,420,-2,17,-4,-3,-5,5,0,2,1,3,0,7,7,-1,3,2,1,1,2,0,11,9,0,-2,2,-4,0,0,1,0,0,1,1,-1
KR_6746155999,420,-4,-52,-35,-9,-1,1,0,-1,3,2,-6,6,0,-2,4,2,1,1,2,-1,-5,-9,-4,-1,5,-1,0,-2,-1,-1,-1,-1,4,-1
KR_6762860058,420,-2,-19,-8,2,-2,6,4,-2,4,2,4,2,6,-1,3,2,3,2,5,2,2,7,2,-5,3,-3,0,1,-1,-1,-1,1,3,-1
KR_6750668791,420,-3,-20,-41,-16,0,2,2,-1,2,1,-1,3,2,-11,12,1,-3,3,0,0,-16,-1,-6,-2,8,-3,0,-1,-1,-1,1,-1,4,-1
KR_6740950772,420,-2,-53,40,-3,0,1,1,0,2,2,-1,5,4,-2,3,1,0,0,0,0,4,-7,-3,-2,5,0,0,-1,-1,-1,-1,-1,1,-1
KR_6643565516,420,-7,-91,-27,-18,-2,4,2,-3,3,0,-6,8,2,-4,5,1,-3,3,0,0,-9,3,1,-4,3,2,0,-2,-1,1,-1,-1,6,-1
KR_6764587066,440,1,16,12,1,5,2,7,-3,3,0,-2,3,1,0,1,1,1,0,1,0,-4,9,1,-3,2,-3,0,1,0,0,1,1,0,-1
KR_6763121339,420,-2,-22,10,-1,0,0,0,-2,5,3,-5,5,0,2,0,2,4,0,4,0,-1,-27,-1,-4,5,28,0,1,0,1,1,-1,0,-1
KR_6672741826,420,0,27,-34,-1,-3,3,0,-3,4,1,2,0,2,3,2,5,0,2,2,0,-3,-24,1,-2,1,17,0,1,0,-1,1,1,0,-1
KR_6751676370,420,0,-38,10,0,-4,4,0,4,2,6,4,1,5,-3,3,0,-1,1,0,0,-4,-27,0,-5,5,0,0,0,-1,1,1,-1,2,-1
KR_6694110245,420,-2,-114,-32,-7,-3,5,2,2,1,3,-2,3,1,-2,4,2,-2,3,1,0,-6,-5,4,-8,4,-2,0,-1,-1,0,-1,1,1,-1
KR_6760007681,420,4,54,12,5,3,0,3,1,0,1,3,0,3,-4,8,4,2,0,2,0,0,327,2,-6,4,-1,0,1,1,1,1,1,1,-1
KR_6214795757,420,-4,-62,-42,-10,-3,4,1,3,3,6,-1,1,0,-5,6,1,-4,4,0,1,-3,-9,-4,-1,5,3,0,-1,-1,0,-1,-1,2,-1
KR_6695121445,420,1,17,-4,2,1,1,2,-2,3,1,2,2,4,2,2,4,-1,1,0,0,-3,3,2,-2,0,1,0,1,0,1,1,1,0,-1
KR_6762341413,420,2,-23,4,0,-1,3,2,0,0,0,-5,6,1,6,1,7,0,0,0,0,1,-109,-1,-4,5,-5,0,1,0,1,1,1,0,-1
KR_6651382333,420,-3,-56,26,-5,-4,4,0,2,2,4,-2,2,0,-1,3,2,0,2,2,-1,4,-367,6,-7,1,-4,0,0,1,-1,0,-1,2,-1
KR_6738495954,420,1,54,9,0,3,0,3,2,1,3,1,5,6,-5,8,3,-1,1,0,0,-11,2,-1,-4,5,-4,0,1,-1,-1,1,1,1,-1
KR_6757829044,420,-2,-41,43,-13,-2,2,0,-2,6,4,-1,3,2,-6,6,0,-2,3,1,1,-10,-5,-2,-5,7,-1,0,0,-1,1,1,1,3,-1
KR_6763785761,420,-4,-16,-28,-8,-4,4,0,0,1,1,4,3,7,-7,7,0,-1,3,2,-1,-11,-6,-1,-3,4,2,0,-2,-1,1,-1,-1,5,-1
KR_6756369380,420,3,11,8,11,-1,1,0,2,3,5,5,0,5,4,2,6,1,0,1,0,9,8,3,-5,2,0,0,0,-1,-1,0,-1,5,-1
KR_6743707188,420,-5,-71,0,-16,-5,5,0,-3,3,0,-3,4,1,-5,8,3,0,1,1,0,-11,-9,-1,-1,2,-1,0,-1,-1,0,-1,-1,1,-1
KR_6755508589,420,-5,15,12,-17,-8,8,0,-5,6,1,-1,3,2,-1,1,0,-2,3,1,0,-16,1,3,-5,2,2,0,-2,0,0,-1,1,0,-1
KR_6737606099,440,-3,-28,-4,-6,-7,7,0,1,2,3,1,2,3,-2,3,1,1,0,1,0,2,35,-2,-1,3,-11,0,0,1,-1,0,-1,2,-1
KR_6661146609,420,0,-53,6,-6,1,1,2,-7,9,2,-3,4,1,1,3,4,2,0,2,0,-7,3,1,-2,1,-4,0,0,1,-1,-1,-1,1,-1
KR_6759863480,420,-3,-2,-40,-3,-3,3,0,1,2,3,2,3,5,0,3,3,-3,4,1,0,-7,58,-2,-5,7,0,0,1,-1,1,1,-1,3,-1
KR_6704804317,420,-1,-47,-17,-12,-4,4,0,-6,7,1,-6,6,0,3,1,4,1,1,2,0,-5,0,-3,0,3,-2,0,-1,-1,-1,-1,-1,3,-1
KR_6759925391,420,0,18,-2,-1,-2,3,1,0,1,1,2,3,5,-2,5,3,1,1,2,-1,1,496,-3,-4,7,3,0,1,1,1,1,-1,3,-1
KR_6638449099,420,-4,-43,-66,-6,0,1,1,-1,3,2,-5,5,0,-3,3,0,3,0,3,0,-2,4,3,-4,1,1,0,-1,1,-1,-1,-1,4,-1
KR_6696699096,420,-3,-54,24,-9,-4,4,0,-1,2,1,3,1,4,-3,3,0,-4,4,0,0,-12,36,-3,0,3,-41,0,-2,-1,0,-1,-1,3,-1
KR_6727623730,420,-1,65,-28,-1,0,1,1,-5,5,0,-1,2,1,4,3,7,1,1,2,0,2,3,-1,0,1,-1,0,1,-1,-1,1,1,1,-1
KR_6759217664,420,-3,10,-36,-4,-3,3,0,-1,3,2,3,1,4,-3,4,1,0,1,1,0,-1,-4,1,-5,4,-2,0,-1,1,-1,-1,-1,1,-1
KR_6755560056,420,-1,-115,20,-4,0,0,0,-3,4,1,4,1,5,-4,4,0,-1,1,0,0,-7,-7,-1,-4,5,1,0,-1,-1,-1,-1,1,6,-1
KR_6759909761,440,2,40,0,2,-8,8,0,1,3,4,-3,3,0,8,0,8,4,2,6,1,-3,1,0,-4,4,0,0,3,1,1,1,1,1,-1
KR_6723704499,440,0,-15,-12,2,1,2,3,-1,2,1,1,2,3,1,1,2,0,2,2,-2,-7,99,0,-1,1,0,0,1,-1,1,1,-1,1,-1
KR_6400756270,420,0,16,35,1,5,0,5,-2,2,0,2,4,6,-3,5,2,-1,1,0,0,-5,249,-1,-3,4,1,0,0,0,1,-1,1,0,-1
KR_6743786858,420,-4,-75,8,-11,-1,3,2,1,0,1,-8,8,0,-1,5,4,-2,3,1,-1,-11,-4,2,-3,1,-1,0,-1,-1,0,-1,-1,3,-1
KR_6761726685,420,0,-8,23,0,3,1,4,-1,2,1,-1,3,2,-4,4,0,3,0,3,0,-7,-300,4,-4,0,-1,0,1,-1,-1,1,1,3,-1
KR_6762548607,420,-5,-50,-23,-13,-1,2,1,1,1,2,-8,9,1,-4,5,1,-1,1,0,0,-5,34,2,-6,4,-14,0,-1,-1,1,-1,-1,5,-1
KR_6754461580,420,1,29,27,4,7,1,8,3,1,4,-2,4,2,-5,8,3,1,2,3,0,-9,1,-4,0,4,1,0,1,1,1,1,1,5,-1
KR_6688495144,440,1,-75,16,-2,1,0,1,-2,2,0,0,0,0,-2,2,0,1,1,2,0,-7,-5,-1,-3,4,1,0,0,-1,0,0,1,2,-1
KR_6740910330,420,-2,105,-12,-7,-2,2,0,0,2,2,-7,8,1,3,1,4,-1,1,0,0,-2,-121,1,-2,1,0,0,0,1,0,-1,-1,2,-1
KR_6762014344,420,0,-35,12,4,-2,2,0,0,2,2,-3,7,4,3,0,3,6,0,6,0,10,0,3,-6,3,2,0,0,1,-1,0,-1,6,-1
KR_6745034804,420,1,-21,29,-4,5,0,5,4,1,5,-6,9,3,-2,5,3,-5,5,0,-1,-16,0,-1,-4,5,2,0,0,1,1,1,-1,3,-1
KR_6727423949,420,-4,-20,-4,-10,-6,6,0,-2,2,0,1,2,3,-1,1,0,-2,2,0,0,-17,-12,-1,-4,5,-8,0,0,1,-1,0,-1,4,-1
KR_6505569368,420,1,42,-7,2,-1,2,1,0,2,2,1,2,3,0,1,1,2,1,3,0,2,11,0,-3,3,-3,0,1,-1,-1,1,1,5,-1
KR_6722552459,420,-2,-37,8,-12,5,1,6,-6,7,1,-5,6,1,-5,5,0,-1,1,0,0,-15,-3,-4,0,4,-2,0,0,-1,-1,-1,-1,5,-1
KR_6720879986,420,4,-37,4,8,1,1,2,5,3,8,-1,1,0,2,1,3,1,0,1,0,6,30,0,-3,3,-2,0,0,1,0,0,1,5,-1
KR_6725027768,420,-2,-74,4,-2,-2,3,1,1,0,1,-3,6,3,1,1,2,1,3,4,0,2,23,2,-6,4,-13,0,-2,0,-1,-1,1,0,-1
KR_6760347595,420,-2,-50,0,-13,-4,4,0,-2,3,1,2,3,5,-13,15,2,4,1,5,-1,-18,-19,1,-4,3,0,0,0,0,-1,-1,-1,0,-1
KR_6753642175,420,-3,-62,-24,-6,-3,4,1,0,2,2,-4,4,0,2,1,3,-1,1,0,-1,-4,-6,-2,-1,3,-1,0,-1,-1,-1,-1,-1,4,-1
KR_6664188452,420,-3,-43,20,-8,-2,4,2,-3,6,3,4,0,4,-6,10,4,-1,2,1,0,-5,-129,-3,0,3,1,0,-1,-1,1,-1,1,6,-1
KR_6761175836,420,-1,-37,-16,-5,3,1,4,0,1,1,-2,3,1,-5,6,1,-1,2,1,0,-8,-27,-3,-2,5,-1,0,-1,-1,1,-1,-1,5,-1
KR_6762351551,420,-2,-21,-16,-6,2,0,2,2,0,2,-3,5,2,-6,7,1,-1,3,2,2,5,2,3,-3,0,-2,0,0,1,-1,-1,1,3,-1
KR_6762222434,420,-2,40,-16,-8,1,0,1,1,1,2,-3,4,1,-4,4,0,-3,3,0,0,-8,5,1,-3,2,-3,0,0,1,-1,1,-1,2,-1
KR_6698539800,440,0,-30,-16,-8,6,1,7,0,2,2,0,3,3,-5,8,3,-9,9,0,1,-12,-10,-3,-4,7,-1,0,-1,1,0,-1,1,1,-1
KR_6762756428,420,1,-40,-5,6,-1,3,2,1,2,3,1,2,3,3,2,5,2,0,2,0,2,0,-5,0,5,3,0,1,0,0,1,1,0,-1
KR_6751234255,440,0,-6,4,-5,0,2,2,-9,9,0,0,0,0,5,4,9,-1,3,2,-1,-5,9,-1,0,1,-1,0,1,0,1,1,-1,0,-1
KR_6757835069,420,-3,-73,-24,0,2,1,3,-2,3,1,-1,3,2,0,2,2,1,1,2,0,2,-13,-4,-2,6,4,0,-1,-1,0,-1,-1,1,-1
KR_6759760694,420,2,-6,-9,0,-1,3,2,-3,3,0,6,1,7,0,5,5,-2,2,0,-2,-4,13,-4,-1,5,3,0,-1,-1,-1,-1,-1,3,-1
KR_6749158124,420,2,-1,4,3,-1,2,1,2,0,2,2,2,4,0,6,6,0,3,3,-1,-3,364,-1,0,1,1,0,1,1,0,1,-1,5,-1
KR_6759050941,440,0,5,19,-4,0,0,0,1,2,3,-5,6,1,2,2,4,-2,5,3,0,6,28,-1,-2,3,0,0,0,0,0,0,1,0,-1
KR_6759085477,420,0,-2,23,-2,-4,6,2,-3,4,1,4,3,7,2,1,3,-1,2,1,0,-3,1,-2,-2,4,-1,0,0,1,0,-1,-1,1,-1
KR_6602727495,420,1,71,-4,-2,5,0,5,1,1,2,-6,6,0,-1,2,1,-1,1,0,1,-8,38,0,0,0,-27,0,0,1,-1,1,1,6,-1
KR_6761479009,420,-2,-118,-32,4,-2,3,1,-1,4,3,6,2,8,1,3,4,0,1,1,0,5,-3,-5,-4,9,1,0,-3,0,-1,-1,1,0,-1
KR_6753735724,420,-6,-143,-21,-12,-4,7,3,0,1,1,-9,9,0,3,2,5,-2,2,0,0,-3,-3,2,-5,3,-1,0,-2,-1,0,-1,-1,1,-1
KR_6663276278,420,1,25,9,-3,-4,6,2,2,0,2,-1,2,1,-3,5,2,3,2,5,0,1,10,0,0,0,-1,0,0,-1,0,0,1,1,-1
KR_6726082297,420,-3,-50,-3,2,-3,4,1,-5,6,1,8,1,9,0,0,0,2,0,2,0,-1,1,1,-3,2,0,0,-1,1,-1,-1,1,3,-1
KR_6760015576,440,-3,39,-1,-13,0,2,2,-5,6,1,-6,7,1,-2,5,3,0,1,1,-1,-15,-3,0,-6,6,2,0,2,0,-1,1,-1,0,-1
KR_6707499841,420,-2,59,9,-5,3,1,4,-1,3,2,-1,2,1,-5,5,0,-1,2,1,0,-9,19,1,-4,3,-2,0,-2,-1,1,-1,1,3,-1
KR_6655097424,420,3,79,-8,9,5,1,6,-5,6,1,-2,4,2,10,1,11,1,2,3,0,0,-25,3,-4,1,-2,0,1,-1,1,1,1,2,-1
KR_6682809539,420,-5,-92,11,-20,-4,6,2,-6,8,2,-4,4,0,-10,10,0,4,1,5,0,-10,197,-5,0,5,-3,0,-1,1,-1,-1,-1,4,-1
KR_6591196514,420,-3,-20,-32,-1,1,0,1,2,2,4,-3,4,1,2,1,3,-3,3,0,1,0,3,3,-4,1,1,0,-3,0,0,-1,1,0,-1
KR_6726517431,420,-4,32,-24,-12,-3,3,0,0,2,2,-3,5,2,-3,4,1,-3,5,2,0,-7,3,-5,-1,6,1,0,-1,-1,-1,-1,-1,5,-1
KR_6760744388,440,-1,-42,4,-7,-2,3,1,1,1,2,-5,6,1,1,1,2,-2,2,0,0,-6,-4,1,-3,2,1,0,0,-1,-1,-1,-1,2,-1
KR_6742065963,440,0,-54,8,2,1,1,2,1,0,1,0,2,2,0,1,1,0,0,0,0,5,-1,4,-6,2,-1,0,0,-1,1,0,1,4,-1
KR_6613597649,420,-1,-20,20,-4,-2,3,1,2,2,4,-1,2,1,0,1,1,-3,6,3,0,3,139,-1,-2,3,2,0,-2,-1,-1,-1,-1,1,-1
KR_6733070334,420,2,65,-19,3,-2,2,0,-2,5,3,3,1,4,4,1,5,0,1,1,0,-5,183,-3,-3,6,-5,0,-1,-1,-1,-1,-1,3,-1
KR_6677363539,420,0,-33,4,-4,0,1,1,-5,8,3,-2,5,3,2,3,5,1,1,2,0,0,-24,-5,-2,7,-3,0,-1,0,-1,-1,-1,0,-1
KR_6748324329,420,2,4,22,1,-1,1,0,2,1,3,-6,7,1,3,1,4,3,1,4,0,0,12,0,-3,3,2,0,2,1,1,1,1,3,-1
KR_6689180237,420,-4,4,9,-11,-4,4,0,-1,3,2,1,0,1,-5,6,1,-2,2,0,0,-7,-28,-3,-2,5,-1,0,0,-1,-1,-1,-1,1,-1
KR_6760635491,420,-3,-14,-35,-15,-2,3,1,2,1,3,-9,12,3,-5,5,0,-1,2,1,1,-3,194,2,-3,1,-1,0,-1,-1,1,1,1,2,-1
KR_6760356735,420,0,27,-8,3,-1,3,2,0,1,1,4,2,6,2,1,3,-2,2,0,1,-3,-3,-1,-4,5,3,0,-1,-1,0,-1,1,2,-1
KR_6750915341,420,-3,-31,-24,-1,-3,3,0,2,0,2,-4,4,0,1,2,3,3,1,4,2,6,-13,-3,-2,5,32,0,-1,-1,-1,-1,1,4,-1
KR_6755730298,420,0,-67,4,0,3,0,3,0,1,1,-8,9,1,3,0,3,2,0,2,0,-3,-3,2,-5,3,-6,0,-1,1,-1,-1,-1,5,-1
KR_6764159910,420,0,-19,-26,6,2,0,2,5,1,6,-1,4,3,2,1,3,-2,2,0,-1,4,-22,0,-2,2,6,0,0,1,0,0,-1,5,-1
KR_6725832014,420,-5,-132,-12,-1,-1,3,2,4,0,4,0,2,2,-3,4,1,-1,1,0,1,8,6,0,-1,1,0,0,-2,-1,-1,-1,1,3,-1
KR_6656706185,420,-3,-93,-30,-1,0,0,0,-4,4,0,1,1,2,2,1,3,0,1,1,0,4,-616,5,-7,2,-5,0,0,-1,-1,-1,-1,1,-1
KR_6673268880,420,0,-55,24,1,4,1,5,1,0,1,-1,3,2,-3,3,0,0,2,2,0,0,-22,0,-2,2,11,0,1,0,1,1,1,0,-1
KR_6751920533,420,1,9,-8,0,1,3,4,-5,5,0,2,0,2,1,1,2,1,1,2,0,-1,-4,-6,0,6,7,0,-2,1,-1,-1,-1,2,-1
KR_6756596974,420,0,39,4,-7,0,4,4,1,2,3,-3,4,1,-2,6,4,-3,3,0,-1,-7,-36,-3,-2,5,0,0,-1,1,-1,-1,-1,3,-1
KR_6719754654,420,-2,10,-13,-9,3,0,3,-9,9,0,1,4,5,0,2,2,-4,4,0,-2,-10,8,-1,-3,4,-7,0,-1,-1,-1,1,-1,3,-1
KR_6707230426,420,-2,-39,12,-8,-2,2,0,0,3,3,-1,2,1,-3,4,1,-2,3,1,-1,-2,-8,2,-4,2,-1,0,-1,-1,1,-1,-1,4,-1
KR_6734548377,420,-1,-58,12,-7,-6,7,1,0,0,0,3,1,4,-6,6,0,2,0,2,-3,-15,6,1,-5,4,-5,0,-1,1,-1,-1,-1,1,-1
KR_6752677024,420,-4,-49,-36,2,-3,3,0,-1,1,0,0,3,3,1,1,2,5,1,6,0,7,-2,2,-2,0,-1,0,-1,-1,1,-1,1,1,-1
KR_6649693051,420,-4,12,-80,-10,0,0,0,0,4,4,-2,3,1,-9,9,0,1,1,2,0,-10,-14,-3,0,3,-2,0,-1,-1,0,-1,-1,3,-1
KR_6655581928,420,-4,6,-16,-8,-2,2,0,-5,7,2,-1,2,1,2,0,2,-2,3,1,0,-4,-1,-3,0,3,0,0,-2,1,-1,-1,-1,4,-1
KR_6597427221,420,-4,-74,-10,-9,-4,4,0,-1,2,1,-6,7,1,-1,4,3,3,0,3,0,-4,-5,1,-3,2,1,0,0,-1,1,-1,1,6,-1
KR_6738250923,420,0,-63,-8,5,-4,4,0,4,0,4,1,2,3,3,2,5,1,1,2,0,9,5,-1,-2,3,-2,0,0,0,-1,-1,1,0,-1
KR_6699985797,420,-2,-22,8,3,2,0,2,-2,3,1,3,3,6,-1,2,1,1,2,3,0,2,0,-2,-2,4,-1,0,0,1,-1,0,-1,1,-1
KR_6762427336,420,-3,-43,-4,-6,0,3,3,4,2,6,-4,5,1,-5,7,2,-1,1,0,0,-10,3,0,-4,4,0,0,0,1,1,0,1,3,-1
KR_6729589492,420,0,-18,7,-4,1,1,2,-8,11,3,-5,6,1,6,1,7,2,0,2,0,5,4,1,-4,3,-2,0,0,0,0,0,1,0,-1
KR_6515705576,420,0,-10,-4,4,0,1,1,6,2,8,-2,6,4,1,1,2,-1,1,0,0,4,-24,-4,-1,5,20,0,-1,-1,-1,-1,-1,2,-1
KR_6661061945,440,-3,-55,-7,-8,1,4,5,2,2,4,-2,5,3,-5,7,2,-4,4,0,0,1,7,4,-6,2,-8,0,-1,-1,1,1,-1,6,-1
KR_6756412694,420,-2,-69,12,1,-2,3,1,0,1,1,1,0,1,1,1,2,1,1,2,0,-1,-10,-5,-1,6,4,0,-1,1,-1,-1,1,5,-1
KR_6697129030,420,3,44,2,0,0,2,2,0,3,3,1,0,1,0,3,3,-1,1,0,0,-6,-4,0,-1,1,0,0,1,-1,-1,1,-1,3,-1
KR_6730151307,440,-5,10,-9,-14,-10,11,1,-1,1,0,-4,4,0,2,2,4,-1,1,0,-1,-3,355,-1,-1,2,-2,0,-1,-1,-1,-1,-1,5,-1
KR_6752145081,420,1,28,4,6,0,2,2,-1,2,1,-2,2,0,7,2,9,2,0,2,0,3,-406,4,-6,2,1,0,0,1,1,0,-1,4,-1
KR_6632543349,420,-2,-61,-52,-5,2,0,2,-3,3,0,1,1,2,-4,5,1,-1,1,0,0,-2,29,7,-7,0,-1,0,-1,-1,1,-1,-1,6,-1
KR_6764446581,420,1,33,4,3,0,2,2,2,1,3,-1,2,1,1,2,3,1,1,2,0,4,2,0,-3,3,4,0,0,-1,0,0,1,3,-1
KR_6755233297,420,-5,-182,0,-9,-2,3,1,0,2,2,-2,5,3,-3,5,2,-2,3,1,0,-13,-37,3,-3,0,28,0,-1,-1,1,-1,1,5,-1
KR_6686797037,420,-6,-93,-40,-15,-3,4,1,0,2,2,-4,6,2,-7,10,3,-1,1,0,0,-7,0,-1,-2,3,3,0,-2,-1,-1,-1,-1,1,-1
KR_6718824115,420,1,12,4,5,4,0,4,1,2,3,-1,4,3,1,1,2,0,0,0,1,1,-37,3,-3,0,16,0,0,1,-1,0,1,5,-1
KR_6661485512,440,-4,-103,4,-9,-2,2,0,4,0,4,-2,4,2,-6,6,0,-3,3,0,0,-7,-15,1,-4,3,1,0,-1,0,1,-1,1,0,-1
KR_6762925660,420,-8,-80,-41,-22,-13,13,0,-1,1,0,-7,9,2,1,5,6,-2,2,0,0,-17,-18,1,-1,0,0,0,-2,-1,-1,-1,-1,6,-1
KR_6757367043,420,1,-49,8,6,0,4,4,4,2,6,0,0,0,1,2,3,1,2,3,0,5,24,0,-5,5,1,0,0,-1,0,-1,1,2,-1
KR_6755173599,420,-2,-25,0,-4,-3,4,1,2,0,2,0,5,5,-7,7,0,4,0,4,0,-1,-2,3,-3,0,-1,0,-1,1,-1,-1,-1,6,-1
KR_6759269939,420,-1,4,-40,-7,0,2,2,-5,5,0,0,2,2,-2,5,3,0,1,1,0,-14,7,1,-3,2,-1,0,-1,-1,-1,-1,-1,4,-1
KR_6738690916,420,-5,-44,-23,-13,-1,3,2,-1,2,1,-6,7,1,-3,4,1,-2,2,0,-1,-10,21,1,-3,2,-6,0,-3,-1,-1,-1,-1,1,-1
KR_6745852440,440,0,-22,4,-3,-2,3,1,2,2,4,0,7,7,-1,1,0,-2,3,1,0,0,-1,-1,-2,3,-2,0,0,0,0,-1,-1,0,-1
KR_6757705124,420,-2,-58,-10,-9,0,1,1,-2,3,1,-4,4,0,-3,3,0,0,2,2,0,-8,-1,-3,-1,4,-1,0,-1,-1,-1,-1,-1,1,-1
KR_6759375790,420,-3,-100,-52,-7,1,1,2,-4,6,2,-3,3,0,-1,5,4,0,1,1,1,-1,-3,0,-4,4,0,0,-1,1,-1,-1,1,2,-1
KR_6752240045,420,-3,3,-5,-3,-1,3,2,3,0,3,-4,5,1,-1,3,2,0,1,1,0,6,-32,0,-1,1,13,0,-1,-1,-1,-1,-1,6,-1
KR_6759311993,420,-1,-25,-9,1,0,1,1,2,2,4,-5,8,3,3,2,5,1,1,2,0,-2,2,-3,-2,5,0,0,-1,1,1,1,-1,1,-1
KR_6661443566,440,0,37,16,2,4,1,5,4,0,4,-6,7,1,-1,3,2,1,2,3,1,5,-4,0,-3,3,1,0,2,1,1,1,1,3,-1
KR_6760791040,420,-4,-2,-7,-6,-3,3,0,-6,10,4,1,2,3,2,1,3,0,1,1,0,-4,0,-2,-2,4,1,0,0,0,1,0,-1,0,-1
KR_6742154348,420,2,-33,20,3,0,2,2,-1,2,1,4,0,4,1,0,1,-1,1,0,0,7,-2,-4,-1,5,0,0,0,1,-1,1,1,3,-1
KR_6593430335,420,-1,10,-12,4,0,2,2,-3,4,1,0,1,1,6,1,7,1,1,2,0,6,-10,2,-4,2,5,0,0,-1,0,0,-1,1,-1
KR_6750860126,420,-4,-13,-9,-8,-1,3,2,-1,3,2,-2,4,2,-4,5,1,0,0,0,0,-10,4,1,-3,2,-1,0,0,-1,1,0,-1,3,-1
KR_6663517335,420,-5,-59,-20,-7,-2,2,0,0,3,3,-4,4,0,1,2,3,-2,2,0,0,2,2,-1,-1,2,0,0,0,-1,1,0,1,4,-1
KR_6689368492,420,-5,-39,-32,-3,1,2,3,-1,3,2,0,2,2,-1,4,3,-2,2,0,0,-7,-2,0,-6,6,-2,0,-1,1,-1,-1,-1,3,-1
KR_6751335964,440,1,72,12,-4,3,1,4,-1,1,0,-3,3,0,1,2,3,-4,4,0,0,-5,3,2,-3,1,-1,0,0,-1,-1,0,-1,5,-1
KR_6727473109,420,-1,61,-24,-7,1,0,1,-4,5,1,4,2,6,-3,4,1,-5,7,2,0,-2,-3,4,-5,1,0,0,0,-1,-1,0,-1,6,-1
KR_6747670233,420,1,-14,-5,1,-8,8,0,-2,6,4,5,2,7,3,1,4,3,0,3,0,11,-5,-3,-2,5,2,0,1,1,1,1,1,4,-1
KR_6738255787,420,-3,31,-19,0,-1,1,0,0,1,1,-3,4,1,5,0,5,-1,2,1,0,5,58,4,-6,2,-29,0,1,1,-1,1,-1,2,-1
KR_6711039320,420,1,32,3,-2,-4,4,0,-2,3,1,-2,4,2,3,0,3,3,0,3,1,-1,3,0,-3,3,1,0,0,1,0,0,1,2,-1
KR_6760583762,420,2,-3,-1,4,4,1,5,-6,8,2,2,5,7,-1,1,0,5,0,5,0,-6,-1,-1,-1,2,-1,0,-1,0,0,-1,1,0,-1
KR_6747442523,420,-3,3,-27,-3,0,1,1,0,3,3,-2,3,1,-3,5,2,2,0,2,0,1,-117,3,-4,1,2,0,0,1,1,0,-1,3,-1
KR_6755397328,420,-1,-41,-8,0,4,1,5,-1,3,2,-1,2,1,-1,2,1,-1,1,0,0,-1,-356,1,-3,2,1,0,0,-1,-1,0,-1,4,-1
KR_6715096856,420,-2,13,-5,-9,-3,3,0,-8,9,1,-1,3,2,1,1,2,2,0,2,0,-6,-4,-4,0,4,4,0,-1,-1,-1,-1,-1,4,-1
KR_6639160467,420,-5,-38,-7,-16,-5,8,3,-1,1,0,0,2,2,-4,4,0,-6,6,0,0,-4,11,-2,-1,3,2,0,-1,1,0,-1,-1,2,-1
KR_6743885944,420,-1,-41,-3,3,0,2,2,2,0,2,-4,5,1,4,1,5,1,0,1,0,6,-3,-3,0,3,4,0,0,-1,-1,0,1,4,-1
KR_6696953711,440,-4,-25,-40,-8,-1,2,1,1,0,1,-3,5,2,-3,3,0,-2,2,0,0,-4,-12,-3,-1,4,1,0,0,-1,-1,-1,1,5,-1
KR_6650755949,420,-6,-134,3,-12,0,1,1,3,3,6,-2,4,2,-9,11,2,-4,4,0,1,-9,-14,-4,-1,5,2,0,-3,-1,-1,-1,1,3,-1
KR_6755738695,420,-3,-72,-11,-7,1,0,1,-6,6,0,-1,3,2,-1,1,0,0,0,0,0,-8,58,-3,-2,5,2,0,0,-1,1,0,-1,6,-1
KR_6756268001,420,-3,-130,8,-1,-2,2,0,2,0,2,0,1,1,0,3,3,-1,1,0,0,-1,5,2,-2,0,-3,0,0,0,1,0,1,0,-1
KR_6646133687,420,-1,-41,-26,-2,0,0,0,-4,5,1,-3,3,0,3,3,6,2,0,2,0,-1,-19,-2,-3,5,-2,0,0,-1,1,-1,-1,3,-1
KR_6721954210,420,-3,-34,28,-12,-4,5,1,-4,5,1,3,3,6,-6,9,3,-1,1,0,1,-4,-1,3,-4,1,-1,0,-3,-1,-1,-1,1,1,-1
KR_6726441724,420,-4,-5,-16,-14,-1,1,0,-1,2,1,-5,5,0,-4,9,5,-3,4,1,0,-15,8,-1,0,1,-4,0,0,-1,-1,0,1,4,-1
KR_6721867755,440,2,26,11,-1,-1,3,2,5,1,6,-6,7,1,4,0,4,-3,3,0,-1,0,2,-1,-2,3,-1,0,0,-1,-1,0,-1,4,-1
KR_6606934423,420,-3,-25,-4,-14,1,1,2,-1,4,3,-4,5,1,-7,7,0,-3,3,0,0,-13,-6,3,-6,3,-5,0,-2,0,-1,-1,1,0,-1
KR_6710222646,420,2,53,23,-2,-3,3,0,-4,6,2,7,0,7,-2,3,1,0,1,1,-1,-11,-28,4,-8,4,0,0,0,-1,1,0,-1,5,-1
KR_6663528554,420,2,18,16,-2,0,1,1,-1,2,1,0,2,2,-1,4,3,0,1,1,0,-12,-2,-2,0,2,0,0,-1,-1,-1,-1,-1,5,-1
KR_6727098023,420,0,-8,-24,2,-4,4,0,-1,3,2,5,0,5,2,0,2,0,0,0,0,5,18,4,-4,0,1,0,1,1,1,1,-1,4,-1
KR_6689334801,420,2,-83,12,0,-5,5,0,2,1,3,5,0,5,-2,3,1,0,1,1,0,6,-6,-4,-2,6,2,0,-2,-1,-1,-1,-1,3,-1
KR_6730644068,420,-3,-77,2,-6,2,1,3,-1,1,0,-6,7,1,2,0,2,-3,3,0,1,0,3,4,-6,2,-6,0,-1,1,-1,-1,1,4,-1
KR_6672621799,420,-2,-14,-16,-3,0,0,0,-5,6,1,-4,4,0,5,1,6,1,0,1,0,0,-16,0,-3,3,-1,0,-1,-1,-1,-1,-1,5,-1
KR_6719906678,420,2,20,8,5,2,1,3,5,1,6,-2,4,2,0,2,2,0,2,2,-1,1,-111,-1,-3,4,1,0,2,1,1,1,-1,3,-1
KR_6698236052,420,-4,-86,-13,-9,-3,4,1,-1,3,2,-1,2,1,-4,5,1,0,2,2,0,2,-7,1,-2,1,-1,0,-2,-1,-1,-1,-1,6,-1
KR_6722569570,420,-1,3,8,-2,-3,3,0,2,2,4,-2,5,3,1,2,3,0,0,0,0,4,-9,-4,-2,6,-1,0,0,-1,-1,-1,1,5,-1
KR_6758718006,420,2,16,6,-3,-3,4,1,1,4,5,0,4,4,-2,3,1,1,0,1,0,-4,2,2,-3,1,-3,0,0,-1,1,0,-1,2,-1
KR_6729896743,420,0,-43,17,-1,-5,5,0,4,0,4,-2,2,0,0,3,3,2,0,2,0,4,-13,-1,-1,2,4,0,-1,1,1,-1,1,1,-1
KR_6763560846,420,-6,-146,-12,-6,-5,5,0,1,1,2,-2,4,2,-1,4,3,1,3,4,0,1,-12,0,-3,3,-3,0,-4,-1,-1,-1,-1,3,-1
KR_6685020976,420,-5,-95,-24,-6,1,2,3,3,1,4,0,4,4,-5,6,1,-5,6,1,0,-5,2,-3,-2,5,-7,0,-1,-1,1,-1,-1,3,-1
KR_6735212843,420,-5,-17,-45,-10,-3,6,3,2,3,5,-6,7,1,-1,2,1,-2,4,2,0,-7,-18,-2,0,2,-1,0,-2,-1,-1,-1,-1,5,-1
KR_6724771970,420,-2,-11,1,0,-4,4,0,-5,6,1,4,3,7,5,0,5,0,1,1,2,5,8,3,-4,1,0,0,-1,1,1,-1,-1,6,-1
KR_6724060038,420,3,-36,32,1,0,1,1,0,2,2,0,2,2,2,0,2,-1,2,1,0,-1,-6,0,-2,2,1,0,0,1,-1,0,-1,2,-1
KR_6715499203,420,0,-17,-7,7,2,2,4,3,2,5,1,1,2,1,1,2,0,1,1,0,7,-15,2,-5,3,1,0,-1,1,-1,-1,1,4,-1
KR_6764400069,420,1,-82,1,5,-1,3,2,5,1,6,1,0,1,-1,2,1,1,2,3,0,7,6,1,-4,3,-1,0,0,-1,1,0,-1,1,-1
KR_6638014585,440,-3,-51,-22,-8,-2,4,2,-2,7,5,0,3,3,-4,6,2,0,2,2,1,-6,-14,-6,-2,8,0,0,-1,-1,-1,-1,1,6,-1
KR_6752714082,420,-1,65,11,-4,-3,3,0,1,5,6,2,2,4,-3,4,1,-1,2,1,0,-9,109,2,-4,2,-1,0,0,1,-1,1,-1,4,-1
KR_6674236712,420,-1,0,-25,2,2,2,4,-3,3,0,0,2,2,1,1,2,2,0,2,0,2,-2,-2,-3,5,0,0,-2,1,-1,-1,-1,2,-1
KR_6691708646,420,-3,-25,8,-5,-5,5,0,-3,4,1,2,4,6,0,4,4,1,0,1,0,-5,10,2,-3,1,-5,0,-1,1,-1,-1,-1,5,-1
KR_6682192374,420,-12,-147,-102,-31,-10,10,0,-6,7,1,-7,8,1,-1,2,1,-7,7,0,0,-10,36,2,-5,3,-11,0,-5,1,-1,-1,-1,3,-1
KR_6618856257,420,-2,-49,12,-4,-2,3,1,0,4,4,-2,5,3,0,0,0,0,1,1,0,-7,-8,-3,-2,5,4,0,1,1,1,-1,-1,3,-1
KR_6714656303,440,-2,3,-16,1,2,1,3,-3,5,2,1,1,2,-1,3,2,2,3,5,0,4,9,1,-4,3,5,0,-1,-1,-1,1,1,3,-1
KR_6641711439,420,5,-48,32,8,1,4,5,4,1,5,4,0,4,-2,2,0,1,0,1,0,6,4,-1,-2,3,-1,0,-1,1,-1,-1,-1,1,-1
KR_6641303370,420,2,-12,-12,2,1,2,3,4,0,4,-1,1,0,-2,3,1,0,0,0,0,-2,3,7,-8,1,1,0,0,-1,1,0,-1,2,-1
KR_6691305509,420,-1,-2,8,-7,0,1,1,-2,2,0,1,1,2,-4,5,1,-2,2,0,-1,-15,-5,-1,-2,3,2,0,1,-1,1,1,-1,5,-1
KR_6762939414,420,-1,-10,-16,-8,1,1,2,-4,4,0,-7,7,0,3,1,4,-1,2,1,0,-8,0,2,-5,3,-2,0,0,-1,-1,0,1,6,-1
KR_6759872525,420,0,-21,-28,6,3,0,3,0,2,2,3,3,6,2,2,4,-2,2,0,0,2,1,-1,-4,5,-1,0,1,-1,1,1,1,5,-1
KR_6735792354,420,-2,12,-8,-10,-2,4,2,-5,6,1,-4,5,1,-2,6,4,3,1,4,0,-3,10,-1,-2,3,-5,0,0,1,-1,-1,-1,4,-1
KR_6723629843,440,-4,-142,20,1,-1,2,1,2,1,3,1,3,4,-3,5,2,2,1,3,0,3,-16,-1,-1,2,0,0,-1,-1,-1,-1,1,3,-1
KR_6763558269,440,-2,-84,-7,-9,-2,2,0,0,1,1,1,3,4,-3,3,0,-5,7,2,0,-7,21,3,-4,1,-1,0,0,1,1,0,-1,4,-1
KR_6764455452,420,-3,-25,-20,-4,1,1,2,-3,4,1,-1,5,4,1,1,2,-2,2,0,0,-3,-5,-2,-5,7,1,0,-1,1,-1,-1,1,5,-1
KR_6744583794,420,-3,-35,8,-11,1,0,1,-7,7,0,-3,5,2,-2,3,1,0,1,1,0,-8,92,-3,-2,5,3,0,-1,1,-1,-1,1,6,-1
KR_6746521526,420,-2,-39,4,-8,2,2,4,-3,4,1,-6,8,2,0,1,1,-1,1,0,0,-9,-20,-5,0,5,2,0,-1,1,1,-1,-1,5,-1
KR_6706575196,440,-1,-26,11,-2,-3,4,1,-2,3,1,1,2,3,2,5,7,0,2,2,0,-3,-7,-4,-3,7,-1,0,0,-1,1,-1,1,1,-1
KR_6656164586,420,0,8,23,3,2,2,4,3,2,5,1,3,4,1,3,4,-4,4,0,-1,-3,-341,0,-1,1,-1,0,1,1,1,1,-1,6,-1
KR_6728383258,440,-4,10,-34,-2,-4,4,0,1,1,2,2,3,5,-2,3,1,1,1,2,0,3,-18,2,-5,3,-1,0,-1,1,1,-1,1,6,-1
KR_6683381608,420,-1,18,-16,-14,0,1,1,-6,8,2,-8,8,0,4,6,10,-4,4,0,-1,-14,-13,-2,-4,6,-1,0,1,-1,1,1,-1,4,-1
KR_6638098810,420,-1,-108,-39,-3,-1,3,2,0,2,2,-3,3,0,0,2,2,1,0,1,0,5,-1,1,-3,2,-1,0,-2,-1,-1,-1,-1,1,-1
KR_6650016097,420,-1,12,20,-1,0,2,2,-3,3,0,2,0,2,0,2,2,0,2,2,0,-5,-19,0,-2,2,-1,0,0,-1,1,0,1,1,-1
KR_6752505363,420,-3,-12,12,-9,0,3,3,1,0,1,2,1,3,-6,6,0,-6,6,0,-2,-16,-245,-2,-2,4,8,0,-1,-1,-1,-1,-1,1,-1
KR_6741314488,420,-2,-5,-8,-2,-4,4,0,1,1,2,-3,3,0,3,1,4,1,2,3,0,3,-20,-2,-1,3,1,0,-1,0,-1,-1,1,0,-1
KR_6752264968,440,-6,-51,-11,-10,-1,1,0,-2,3,1,0,4,4,-6,9,3,-1,3,2,0,-7,-40,3,-5,2,13,0,-1,0,0,-1,1,0,-1
KR_6696933714,420,-2,-96,-20,-1,1,2,3,-3,3,0,-1,2,1,0,2,2,2,0,2,0,-3,-18,-5,-3,8,1,0,0,1,0,-1,1,3,-1
KR_6716645375,420,-5,-64,-35,-9,-7,8,1,2,1,3,-4,5,1,0,2,2,0,1,1,0,-3,-6,-1,-5,6,-4,0,-3,1,-1,-1,-1,2,-1
KR_6664919860,420,-7,-10,-50,-16,-1,4,3,-6,7,1,-4,5,1,1,2,3,-6,9,3,-1,-18,11,1,-5,4,1,0,0,-1,-1,-1,-1,2,-1
KR_6691065626,420,-4,-25,-3,-8,-3,3,0,-3,4,1,-3,5,2,3,1,4,-2,2,0,0,-6,-37,1,-7,6,13,0,-1,1,1,-1,1,1,-1
KR_6730730227,420,-1,-14,17,-5,3,2,5,0,1,1,-7,9,2,-3,3,0,2,0,2,0,3,6,3,-4,1,-6,0,0,0,0,0,-1,0,-1
KR_6757685435,420,-1,-25,-35,-6,-1,2,1,1,0,1,-7,8,1,0,2,2,1,0,1,0,1,53,-1,-1,2,19,0,0,1,1,0,-1,4,-1
KR_6760366320,420,-3,-18,-29,-6,1,3,4,-4,5,1,-2,6,4,0,1,1,-1,1,0,0,2,-6,-6,-1,7,0,0,0,-1,-1,0,1,4,-1
KR_6646216681,420,-2,-43,12,-14,2,1,3,-2,2,0,-7,7,0,-5,5,0,-2,2,0,-1,-13,-6,-3,-1,4,-1,0,-2,-1,-1,-1,-1,2,-1
KR_6761469584,440,-4,0,-28,-7,-5,7,2,0,2,2,3,2,5,-3,7,4,-2,4,2,-1,-5,-12,-3,-5,8,-3,0,0,-1,-1,-1,-1,6,-1
KR_6603689229,420,-3,-12,-20,-10,-3,4,1,-4,4,0,-4,5,1,0,1,1,1,0,1,0,-8,-30,2,-7,5,1,0,-1,-1,-1,-1,1,3,-1
KR_6762404406,420,-1,-54,-26,2,-2,4,2,1,1,2,2,4,6,0,4,4,1,1,2,0,8,8,6,-6,0,0,0,0,1,-1,-1,1,1,-1
KR_6693156938,420,-3,-51,-17,-4,1,2,3,-4,7,3,-4,4,0,3,0,3,0,0,0,-1,-4,8,-5,-1,6,-3,0,0,0,-1,-1,-1,0,-1
KR_6708131623,420,-4,-23,25,-7,-4,4,0,-1,4,3,-1,5,4,-3,3,0,2,2,4,0,-1,-9,-2,-5,7,4,0,-1,-1,0,-1,-1,2,-1
KR_6747315731,440,-3,-66,4,-9,4,0,4,-2,2,0,-7,7,0,-6,7,1,2,0,2,1,-2,3,-1,-3,4,-7,0,1,1,1,1,1,3,-1
KR_6701962394,420,1,-52,68,-2,-1,2,1,0,1,1,0,1,1,-4,4,0,3,1,4,0,-5,-9,-1,-1,2,-1,0,-1,0,0,-1,1,0,-1
KR_6372458295,420,0,8,4,-5,-4,5,1,-2,2,0,3,2,5,-2,3,1,0,1,1,-2,-12,0,0,0,0,-1,0,-2,-1,1,-1,-1,4,-1
KR_6752847066,420,-3,-74,-22,-3,-1,1,0,-1,2,1,1,5,6,-4,7,3,2,1,3,0,-6,1,-2,-2,4,-1,0,0,0,0,0,-1,0,-1
KR_6760345539,420,-2,-35,-20,0,-2,3,1,-1,4,3,-2,4,2,2,1,3,3,1,4,0,4,0,0,-2,2,1,0,-1,1,-1,-1,1,5,-1
KR_6741654868,420,1,-9,-4,1,-1,1,0,0,3,3,-7,7,0,8,2,10,1,0,1,0,-7,3,-2,-3,5,3,0,0,-1,1,0,1,4,-1
KR_6694089363,420,-1,-18,1,-7,1,0,1,-3,4,1,-1,3,2,-2,2,0,-2,2,0,0,-10,11,-1,-2,3,-3,0,-1,-1,-1,-1,1,5,-1
KR_6693380291,420,0,-2,12,-6,-1,3,2,0,0,0,-4,6,2,-1,3,2,0,2,2,0,-4,-326,1,-3,2,-4,0,-2,-1,1,-1,-1,4,-1
KR_6604484266,440,-5,-63,25,-15,-6,8,2,0,1,1,-2,2,0,-5,7,2,-2,2,0,0,-7,3,0,-3,3,1,0,-2,-1,0,-1,-1,2,-1
KR_6699864060,420,-2,-39,-22,-8,3,0,3,-11,12,1,1,1,2,-1,4,3,0,3,3,0,-16,-8,1,-5,4,-1,0,0,-1,-1,0,-1,1,-1
KR_6651558926,420,-3,-67,-16,-8,5,2,7,-2,3,1,-5,6,1,-8,9,1,2,0,2,0,-5,-6,-1,-3,4,-2,0,-1,-1,-1,-1,-1,5,-1
KR_6715012470,420,-5,-7,-48,-6,0,2,2,2,1,3,-3,4,1,0,2,2,-5,5,0,0,-4,-24,0,-4,4,1,0,-3,-1,-1,-1,1,3,-1
KR_6652660070,420,-1,-27,3,-3,1,2,3,3,0,3,-5,5,0,0,3,3,-2,2,0,0,-6,-4,1,-2,1,-2,0,0,-1,-1,0,1,1,-1
KR_6739584737,420,-3,24,11,-8,-2,3,1,-1,4,3,-1,4,3,-4,5,1,0,1,1,0,-1,-2,2,-3,1,-1,0,-1,-1,-1,-1,-1,4,-1
KR_6732249534,420,-3,-103,24,-3,2,0,2,3,1,4,-5,6,1,-5,5,0,2,1,3,0,-12,-42,-3,-1,4,21,0,-1,-1,1,-1,1,5,-1
KR_6677115642,420,-4,-38,-28,-13,0,0,0,-1,2,1,-3,4,1,-7,8,1,-2,2,0,-1,-9,-5,1,-2,1,0,0,0,-1,-1,-1,-1,1,-1
KR_6732420724,440,-1,75,0,-9,4,0,4,-12,12,0,0,3,3,1,3,4,-2,3,1,-1,-18,-5,0,0,0,-3,0,1,-1,1,1,-1,1,-1
KR_6653206415,440,-1,-16,-5,-4,0,1,1,-5,7,2,3,1,4,-2,2,0,0,1,1,0,-3,2,1,-4,3,-3,0,0,-1,-1,0,1,5,-1
KR_6754840851,420,-2,-27,-12,-4,0,1,1,-4,5,1,-3,3,0,0,5,5,3,0,3,0,-3,4,-4,-1,5,-4,0,-1,1,-1,-1,-1,2,-1
KR_6669979378,420,0,89,-24,3,2,2,4,2,3,5,0,2,2,-1,2,1,0,2,2,0,4,-2,0,-1,1,0,0,0,1,1,1,1,4,-1
KR_6707261366,420,-2,-78,-14,-4,0,1,1,-2,2,0,1,1,2,0,2,2,-3,3,0,0,-9,-2,-2,-3,5,-2,0,-1,1,-1,-1,1,2,-1
KR_6749416702,440,-4,-80,0,-10,-5,5,0,1,1,2,-5,5,0,-1,3,2,0,0,0,0,-3,-1,0,-4,4,2,0,-2,-1,-1,-1,-1,4,-1
KR_6735934728,420,0,41,-19,-9,4,1,5,1,0,1,-1,3,2,-4,5,1,-9,9,0,-1,-18,-274,5,-8,3,-1,0,0,-1,-1,1,-1,2,-1
KR_6744969956,440,-4,-2,0,-16,-4,7,3,-4,6,2,-5,6,1,-3,3,0,0,2,2,-1,-3,-11,0,0,0,2,0,-2,0,0,-1,-1,0,-1
KR_6727954855,420,1,-13,40,-1,0,0,0,2,3,5,-1,2,1,-2,3,1,0,1,1,0,-3,2,-2,-1,3,-4,0,-1,-1,0,-1,1,5,-1
KR_6649482340,420,-2,31,3,-7,0,1,1,1,1,2,-7,7,0,-2,3,1,1,0,1,0,-2,236,-4,-2,6,-3,0,0,1,1,-1,1,4,-1
KR_6761427505,420,-1,-48,-9,2,-3,4,1,2,0,2,-2,3,1,-1,2,1,6,1,7,0,0,-114,-2,-1,3,-1,0,0,-1,1,0,1,4,-1
KR_6763282154,420,0,16,-13,-1,-1,3,2,1,4,5,-1,2,1,0,0,0,0,0,0,0,6,5,-1,-3,4,-4,0,0,0,-1,0,-1,0,-1
KR_6627557120,440,0,30,5,5,2,2,4,1,2,3,2,0,2,5,3,8,-5,6,1,1,7,-3,1,-2,1,1,0,0,-1,-1,0,1,5,-1
KR_6760482095,420,-1,66,0,-4,0,0,0,-4,5,1,-1,1,0,2,3,5,-1,1,0,0,-1,-6,-1,-3,4,-1,0,0,-1,-1,-1,-1,6,-1
KR_6747529430,420,-1,-46,-16,0,-3,5,2,1,0,1,-2,4,2,2,2,4,2,1,3,-1,2,-108,-6,0,6,0,0,-1,-1,-1,-1,-1,4,-1
KR_6666797585,420,-4,-29,-15,-5,-1,5,4,-1,1,0,3,1,4,-3,4,1,-3,3,0,0,-5,-15,-3,-1,4,-1,0,-2,-1,-1,-1,-1,5,-1
KR_6749357995,420,2,-6,-4,0,5,1,6,1,1,2,-4,4,0,-2,5,3,0,0,0,1,-3,-6,-1,-1,2,-2,0,1,-1,1,1,1,4,-1
KR_6747431523,420,-5,-114,-1,-9,0,2,2,-4,5,1,-1,3,2,-4,4,0,0,3,3,0,-14,-13,2,-6,4,0,0,0,0,0,0,-1,0,-1
KR_6740861504,420,2,19,-28,-3,1,1,2,-3,3,0,2,1,3,-2,5,3,-1,1,0,0,-4,40,-2,-3,5,-21,0,-1,-1,-1,-1,-1,3,-1
KR_6753761854,420,0,-64,16,1,4,1,5,0,1,1,1,1,2,-2,4,2,-2,2,0,0,-2,-3,-2,-3,5,-4,0,0,-1,0,0,1,2,-1
KR_6711141735,440,-2,-141,-28,3,-1,2,1,4,0,4,-2,2,0,2,3,5,0,1,1,0,10,-6,2,-4,2,0,0,0,1,0,-1,-1,5,-1
KR_6672912797,420,-3,3,3,-3,2,0,2,-3,6,3,0,6,6,1,0,1,-3,3,0,0,-12,-335,-1,-3,4,0,0,1,1,-1,1,1,5,-1
KR_6737603928,420,-5,-41,-25,-9,-1,3,2,-1,4,3,-3,4,1,-3,5,2,-1,2,1,0,-9,-22,2,-3,1,0,0,-1,1,-1,-1,1,4,-1
KR_6666557470,420,1,25,0,2,0,1,1,1,1,2,-1,5,4,0,1,1,2,1,3,0,-1,200,-3,-1,4,-1,0,0,1,1,0,-1,6,-1
KR_6603935273,420,-8,-35,-4,-24,-2,3,1,-9,9,0,-5,6,1,-8,8,0,0,2,2,0,-20,1,0,-2,2,-1,0,-2,-1,-1,-1,-1,2,-1
KR_6756836418,420,-4,-102,-8,-5,-3,3,0,-2,3,1,0,2,2,-2,4,2,2,0,2,0,-4,38,-7,0,7,-15,0,0,0,-1,0,-1,0,-1
KR_6748958867,440,-3,-86,-23,-14,-4,6,2,0,3,3,-3,9,6,-5,8,3,-2,2,0,-1,-16,291,0,-1,1,0,0,-2,-1,-1,-1,-1,1,-1
KR_6639098219,420,-4,-105,-18,-7,-3,4,1,0,1,1,-1,2,1,-4,4,0,1,0,1,0,-5,0,-3,-1,4,0,0,-2,0,1,-1,-1,0,-1
KR_6756247036,420,-1,28,-4,-2,-1,4,3,-1,4,3,1,1,2,-1,4,3,0,0,0,1,-12,-1,3,-10,7,-5,0,0,-1,-1,1,1,4,-1
KR_6740795471,420,-5,-61,-12,-10,1,0,1,-2,2,0,-2,4,2,-4,5,1,-3,3,0,0,-6,-15,-1,-1,2,-2,0,-1,0,-1,-1,-1,0,-1
KR_6751079937,420,1,22,8,2,0,3,3,1,1,2,-1,2,1,2,1,3,0,1,1,1,6,-3,-2,-1,3,1,0,1,-1,1,1,1,2,-1
KR_6753083729,420,-1,-46,38,-7,-4,5,1,-2,3,1,1,1,2,0,2,2,-2,3,1,-1,-3,4,-1,-7,8,-2,0,0,-1,1,0,-1,5,-1
KR_6748889784,440,0,17,-11,1,4,0,4,1,0,1,-2,3,1,-1,1,0,-1,1,0,-1,-5,5,-2,-2,4,-5,0,-1,1,-1,-1,-1,6,-1
KR_6758765294,420,-5,-2,-23,-20,-6,9,3,-2,7,5,-2,5,3,-5,6,1,-5,5,0,-1,-13,6,0,-2,2,-1,0,-2,1,-1,-1,-1,4,-1
KR_6717559637,420,-3,-50,8,-9,-1,2,1,-2,4,2,-7,7,0,2,4,6,-1,4,3,0,-10,24,0,-3,3,0,0,-2,1,-1,-1,-1,2,-1
KR_6608640619,420,-2,-83,14,-3,-3,4,1,1,0,1,4,3,7,-6,6,0,1,0,1,0,-17,-426,1,-2,1,22,0,-2,-1,-1,-1,1,2,-1
KR_6756533931,420,-1,-51,-6,-1,-5,5,0,2,3,5,-1,2,1,5,0,5,-2,2,0,0,3,-4,-2,-2,4,-6,0,-2,1,-1,-1,-1,1,-1
KR_6762109814,420,2,45,0,-2,10,0,10,0,1,1,-7,8,1,-5,7,2,0,0,0,0,-16,2,3,-4,1,-2,0,1,1,1,1,1,6,-1
KR_6726021189,420,-1,-4,7,-5,-2,2,0,1,2,3,-2,2,0,-3,4,1,1,0,1,0,-5,-2,4,-5,1,0,0,0,-1,1,-1,-1,2,-1
KR_6735623594,420,0,-19,-28,-2,1,2,3,-1,1,0,-1,4,3,-2,2,0,1,0,1,0,0,-14,0,-4,4,-3,0,1,-1,1,1,-1,6,-1
KR_6745872127,420,-3,-49,-10,-7,0,3,3,1,3,4,-3,3,0,-6,8,2,1,1,2,0,-6,-13,-4,0,4,3,0,0,-1,-1,-1,1,2,-1
KR_6761546485,420,-2,-30,28,-5,-4,4,0,1,3,4,-1,1,0,-1,4,3,0,1,1,0,1,2,-2,-4,6,2,0,-1,1,0,-1,-1,1,-1
KR_6754752717,420,-2,-3,-35,-6,-6,7,1,0,3,3,5,2,7,-4,7,3,-1,1,0,-2,5,-5,-1,-2,3,2,0,0,0,-1,-1,-1,0,-1
KR_6674075952,420,-3,-55,-32,-14,-1,3,2,-3,3,0,0,5,5,-6,8,2,-4,5,1,-2,-14,-9,-2,-3,5,3,0,-2,-1,-1,-1,-1,4,-1
KR_6714501395,420,-5,-40,-12,-13,-5,5,0,0,1,1,0,1,1,-6,7,1,-2,2,0,0,-11,4,1,-3,2,3,0,0,1,1,1,-1,4,-1
KR_6728107619,420,2,-3,22,-5,-3,4,1,3,1,4,-3,5,2,-5,5,0,3,0,3,0,-8,-21,4,-4,0,-3,0,0,1,-1,0,-1,6,-1
KR_6732541219,420,-3,-81,-9,-3,-5,5,0,0,3,3,3,0,3,-1,2,1,0,0,0,0,2,-235,3,-4,1,2,0,-1,-1,-1,-1,1,5,-1
KR_6760847158,420,3,33,12,1,-4,4,0,2,0,2,1,2,3,-1,1,0,3,0,3,0,0,19,-2,0,2,-2,0,0,0,0,1,1,0,-1
KR_6711216224,420,0,-76,-12,3,0,3,3,0,4,4,-4,4,0,7,0,7,0,0,0,0,8,-7,0,-2,2,-1,0,-1,-1,1,1,-1,5,-1
KR_6746526641,420,2,-77,4,-4,1,1,2,0,5,5,0,3,3,-2,2,0,-3,3,0,0,-5,104,0,-3,3,-3,0,0,-1,0,0,1,4,-1
KR_6727098021,420,0,20,-24,4,2,0,2,-3,3,0,2,2,4,3,0,3,0,1,1,0,1,-194,-2,-1,3,1,0,1,1,-1,1,1,4,-1
KR_6764150592,420,-6,-42,-23,-6,-1,1,0,-3,6,3,-1,1,0,-2,5,3,1,0,1,0,-4,-5,-3,-2,5,-3,0,0,-1,-1,0,-1,1,-1
KR_6761849400,440,-2,46,15,-4,-1,4,3,-2,3,1,0,1,1,-1,4,3,0,3,3,0,-9,-41,1,-3,2,-1,0,0,1,0,0,1,2,-1
KR_6760793580,420,-1,-48,20,3,-5,5,0,2,2,4,-2,3,1,4,0,4,4,1,5,1,13,-2,-1,-5,6,3,0,-1,-1,1,-1,1,4,-1
KR_6676130171,420,-3,-48,-41,-8,-6,6,0,2,1,3,-6,6,0,1,2,3,1,1,2,-1,0,5,0,-2,2,-1,0,-1,1,-1,-1,-1,4,-1
KR_6743017523,420,-5,-117,-11,-4,2,0,2,1,3,4,0,3,3,-7,7,0,0,2,2,0,-8,104,0,0,0,-1,0,-3,-1,-1,-1,1,6,-1
KR_6759237427,420,0,34,-19,-3,4,0,4,-4,4,0,8,0,8,-1,3,2,-10,10,0,0,-10,4,3,-7,4,0,0,2,-1,1,1,-1,1,-1
KR_6636751296,420,2,3,20,2,1,1,2,0,2,2,1,0,1,1,0,1,-1,2,1,-1,1,-12,-5,-1,6,2,0,0,-1,0,0,-1,6,-1
KR_6748164916,440,4,-20,40,-2,-8,9,1,3,3,6,-3,5,2,1,0,1,5,1,6,0,8,7,-2,-3,5,0,0,-1,1,-1,1,-1,6,-1
KR_6752134772,420,2,27,10,10,0,1,1,2,2,4,7,1,8,1,1,2,0,1,1,0,8,4,-1,-4,5,-4,0,1,-1,1,1,1,2,-1
KR_6757109114,420,0,-19,18,-3,-4,4,0,-3,4,1,4,1,5,1,0,1,-1,1,0,0,-2,1,-3,-1,4,-1,0,0,-1,-1,-1,-1,6,-1
KR_6752032112,420,-4,-48,-32,-17,-4,4,0,-3,4,1,-2,6,4,-6,7,1,-2,2,0,0,-12,-4,0,-7,7,0,0,0,0,1,1,-1,0,-1
KR_6753201336,420,-2,42,-8,-10,-3,3,0,1,1,2,-3,3,0,-3,6,3,-2,5,3,0,-9,12,1,-2,1,-5,0,0,-1,-1,0,-1,2,-1
KR_6713089588,420,-3,-34,-26,-6,2,0,2,-2,4,2,-6,7,1,0,1,1,0,2,2,0,-1,-311,3,-5,2,-33,0,-1,-1,-1,-1,-1,5,-1
KR_6764290351,420,-3,23,-10,-6,-1,2,1,-4,7,3,-5,5,0,4,0,4,0,0,0,0,3,1,2,-2,0,-4,0,0,-1,-1,0,1,6,-1
KR_6744536096,440,-4,-102,-50,-1,-2,2,0,-1,1,0,1,0,1,2,0,2,-1,1,0,0,0,-1,0,-3,3,2,0,0,-1,-1,0,-1,5,-1
KR_6745495146,420,-2,-27,-52,-5,4,0,4,-5,7,2,-5,5,0,-1,1,0,2,1,3,0,-1,-2,-1,0,1,-3,0,-1,-1,1,-1,-1,4,-1
KR_6762395117,420,0,-20,8,3,0,3,3,1,4,5,1,5,6,2,2,4,-1,3,2,-1,1,12,0,-1,1,-1,0,1,1,1,1,-1,5,-1
KR_6763849726,420,-2,-16,8,-3,0,3,3,4,2,6,5,0,5,-10,11,1,-2,2,0,0,-3,-2,0,-5,5,2,0,-2,1,-1,-1,-1,5,-1
KR_6709468871,420,-4,-41,-43,-9,-2,2,0,-1,3,2,-3,4,1,-2,4,2,-1,1,0,0,-5,-28,-1,-4,5,1,0,-2,-1,-1,-1,1,1,-1
KR_6729403371,420,-3,-82,0,-7,-4,4,0,-3,6,3,1,4,5,3,0,3,-4,8,4,0,-10,28,2,-4,2,-4,0,-2,-1,1,-1,1,3,-1
KR_6739515738,420,0,-35,-6,-5,-2,2,0,-1,2,1,1,2,3,-1,2,1,-2,3,1,0,-9,0,-2,-3,5,-4,0,0,-1,1,0,-1,6,-1
KR_6742943551,420,0,26,29,-7,5,1,6,3,0,3,-9,9,0,-4,5,1,-2,2,0,0,-8,-58,0,-4,4,1,0,0,-1,-1,0,1,3,-1
KR_6733683284,420,-1,-6,-2,-13,-1,1,0,-4,6,2,-7,8,1,2,2,4,-3,3,0,0,-7,11,-3,-2,5,2,0,-1,-1,-1,-1,-1,2,-1
KR_6758662972,420,-3,-71,-1,3,4,2,6,2,1,3,0,2,2,-2,3,1,-1,1,0,0,-5,-2,0,-3,3,0,0,1,1,1,1,1,3,-1
KR_6664134260,420,-2,-76,0,-9,-1,1,0,-2,4,2,-3,4,1,-2,3,1,-1,2,1,-1,-12,-22,-1,-4,5,1,0,0,-1,1,0,-1,1,-1
KR_6754494958,420,-3,-4,-31,-2,4,1,5,1,1,2,1,1,2,-7,7,0,-1,2,1,0,-3,-4,-1,-1,2,1,0,-1,-1,-1,-1,1,2,-1
KR_6760268733,420,-1,86,0,-10,0,4,4,0,3,3,-5,6,1,-4,8,4,-1,2,1,0,-14,0,-1,-1,2,-1,0,0,-1,-1,0,1,6,-1
KR_6759329835,420,-4,-31,-31,-1,0,4,4,1,3,4,-1,3,2,0,2,2,-1,2,1,0,-3,6,1,-3,2,1,0,-1,0,0,-1,-1,0,-1
KR_6646977006,420,2,70,3,12,-1,4,3,-1,2,1,-5,5,0,13,1,14,6,0,6,0,18,-44,-2,-1,3,-1,0,-1,1,-1,1,1,1,-1
KR_6615805499,420,-2,-11,-15,-1,-7,8,1,-1,2,1,6,0,6,1,2,3,0,2,2,-1,4,-1,-1,-2,3,-1,0,0,-1,0,1,-1,1,-1
KR_6723375515,420,-12,-155,-36,-18,-11,12,1,-1,5,4,-4,4,0,-1,3,2,-1,1,0,0,-9,-7,1,-3,2,-4,0,-2,-1,-1,-1,1,1,-1
KR_6513860951,420,2,93,-7,0,2,2,4,2,2,4,-2,3,1,-2,4,2,0,0,0,0,-5,254,0,-2,2,1,0,0,-1,-1,-1,-1,6,-1
KR_6706664199,420,-2,11,-36,-5,-2,2,0,-4,6,2,-3,4,1,3,1,4,1,0,1,0,-16,-3,-1,-3,4,-4,0,0,-1,1,0,-1,5,-1
KR_6762838128,420,-6,-58,-20,-6,0,0,0,-6,6,0,-3,4,1,3,0,3,0,2,2,1,-3,-18,2,-3,1,3,0,0,0,-1,-1,1,0,-1
KR_6711030428,420,-4,-35,-24,-5,0,1,1,-3,3,0,-5,6,1,1,0,1,2,0,2,0,-3,-2,-4,-1,5,-1,0,0,0,0,0,-1,0,-1
KR_6742984515,420,-2,11,12,-11,1,1,2,-5,7,2,-3,5,2,-4,6,2,0,0,0,0,-12,-3,0,-3,3,0,0,1,-1,0,1,1,2,-1
KR_6760781091,420,-1,-2,-21,5,0,3,3,3,0,3,0,2,2,2,1,3,0,4,4,0,7,9,2,-3,1,2,0,0,-1,1,0,-1,1,-1
KR_6717406937,420,-1,-19,-8,-5,-3,5,2,-5,6,1,5,0,5,0,4,4,-2,2,0,0,-10,1,3,-4,1,1,0,-1,1,-1,-1,1,4,-1
KR_6686784680,420,0,-56,12,-1,-1,2,1,2,0,2,-1,2,1,0,3,3,-1,2,1,-1,0,-41,-6,-1,7,2,0,0,-1,-1,0,-1,4,-1
KR_6752088184,420,-3,14,-11,-7,0,5,5,-6,9,3,1,0,1,-1,2,1,-1,1,0,0,-11,-4,0,-3,3,-2,0,-1,-1,1,-1,1,1,-1
KR_6731143585,420,0,4,2,-4,4,2,6,0,6,6,-6,6,0,-2,3,1,0,0,0,0,-12,-21,-1,0,1,1,0,1,-1,1,1,1,3,-1
KR_6695480308,420,6,34,19,6,0,0,0,-1,2,1,6,1,7,0,4,4,1,1,2,0,1,4,5,-5,0,0,0,1,0,0,1,-1,0,-1
KR_6621604314,420,-5,-27,-8,-9,-1,1,0,-1,2,1,-2,4,2,-3,3,0,-2,3,1,0,-8,-1,-1,-2,3,-1,0,1,-1,1,1,-1,6,-1
KR_6734705215,420,-10,-163,-44,-25,-5,5,0,-2,3,1,-2,3,1,-17,19,2,1,2,3,-1,-18,-2,0,-2,2,-1,-1,-4,-1,-1,-1,-1,5,-1
KR_6631265043,420,-4,-89,-16,-8,0,1,1,-1,3,2,-5,5,0,2,2,4,-4,5,1,0,-2,-20,2,-4,2,-1,0,-1,-1,1,-1,-1,1,-1
KR_6764094879,420,-2,-41,-8,-3,-4,4,0,1,0,1,0,3,3,1,0,1,-1,1,0,0,2,3,1,-1,0,2,0,-2,-1,-1,-1,-1,1,-1
KR_6749171843,440,0,-11,7,-9,-6,7,1,-2,2,0,1,6,7,-2,4,2,0,1,1,0,-3,-6,1,-2,1,2,0,-1,-1,-1,-1,-1,4,-1
KR_6718056337,420,-3,2,-29,-15,-6,7,1,1,0,1,-2,6,4,-7,8,1,-1,1,0,-1,-9,-18,-2,-1,3,-2,0,-3,-1,-1,-1,-1,4,-1
KR_6647595649,420,-1,-13,8,-2,0,2,2,3,2,5,-3,4,1,0,1,1,-2,2,0,0,-15,-7,-4,0,4,-1,0,-1,1,1,-1,-1,5,-1
KR_6713218289,420,-4,-140,-41,-10,-4,4,0,-5,5,0,-2,3,1,-2,4,2,3,0,3,0,-14,-34,-2,-3,5,20,0,-2,-1,-1,-1,1,4,-1
KR_6730703819,440,-2,-34,-4,-4,0,0,0,2,2,4,-2,2,0,-5,5,0,1,1,2,0,-5,-176,3,-4,1,1,0,0,-1,1,0,-1,4,-1
KR_6764358228,420,4,40,1,11,5,0,5,0,2,2,2,1,3,0,2,2,4,1,5,0,4,4,1,-1,0,1,0,1,1,1,1,1,6,-1
KR_6685594047,440,2,-69,16,-6,-4,4,0,-5,6,1,1,0,1,-2,2,0,4,1,5,0,-10,56,-5,0,5,1,0,-1,-1,-1,-1,-1,1,-1
KR_6685575577,420,-1,-47,0,-6,-3,6,3,0,2,2,1,2,3,0,2,2,-4,4,0,0,1,0,-2,0,2,1,0,-2,1,-1,-1,-1,6,-1
KR_6746150003,420,-1,-39,-12,-3,-3,5,2,0,2,2,-2,4,2,0,3,3,2,0,2,1,-5,8,0,-2,2,1,0,-1,1,1,-1,1,6,-1
KR_6724281518,420,-4,6,-15,1,4,0,4,3,1,4,-2,3,1,-3,3,0,-1,2,1,0,1,-8,-2,-1,3,0,0,-2,-1,-1,-1,1,5,-1
KR_6655472879,420,-6,-75,-45,-8,-2,2,0,0,5,5,-2,4,2,-1,2,1,-3,4,1,0,-5,17,2,-6,4,-5,0,-1,1,-1,-1,-1,1,-1
KR_6747299644,420,-3,-68,-4,-1,1,0,1,0,1,1,-4,5,1,2,1,3,0,0,0,0,-5,-6,-7,0,7,-1,0,-1,1,-1,-1,1,5,-1
KR_6717678420,420,-5,-50,-11,0,-2,3,1,1,2,3,-1,2,1,2,0,2,0,0,0,0,6,-29,-1,-3,4,3,0,0,-1,-1,-1,1,3,-1
KR_6655048214,420,-5,-39,3,-10,-4,4,0,-1,5,4,-2,3,1,-7,7,0,4,0,4,-2,-6,-297,8,-8,0,5,0,-1,-1,-1,-1,1,3,-1
KR_6687863840,420,1,-13,-16,-2,1,1,2,-1,3,2,1,0,1,-1,2,1,-2,2,0,-1,-8,0,-1,-4,5,-2,0,0,-1,-1,0,-1,1,-1
KR_6750682628,440,0,16,5,-8,-2,2,0,-6,9,3,-1,4,3,-1,6,5,2,0,2,0,-12,11,4,-4,0,0,0,0,-1,1,0,-1,4,-1
KR_6751759355,420,-2,-85,-33,-1,0,5,5,-2,3,1,3,0,3,-1,2,1,-1,2,1,1,-5,2,-1,-4,5,-3,0,-1,-1,0,-1,1,5,-1
KR_6744777583,420,-6,-31,-28,-10,-4,4,0,-2,5,3,2,0,2,-5,5,0,-1,1,0,0,-10,-4,-2,-2,4,-1,0,-1,1,0,-1,1,2,-1
KR_6601978949,420,2,12,0,2,0,1,1,-2,5,3,2,2,4,1,0,1,1,0,1,1,-1,-1,0,-1,1,1,0,0,1,1,0,1,5,-1
KR_6760314121,420,1,-32,-29,1,-2,3,1,-1,2,1,-4,7,3,8,0,8,0,1,1,3,20,5,-3,0,3,1,0,-1,1,0,-1,1,3,-1
KR_6763153859,420,-1,0,0,2,-4,4,0,0,3,3,1,2,3,2,2,4,3,0,3,0,1,-115,-5,-1,6,2,0,0,0,0,0,-1,0,-1
KR_6704892685,420,-3,23,-22,-4,1,0,1,-1,3,2,3,0,3,-5,6,1,-2,4,2,0,-7,3,1,-2,1,-2,0,-1,-1,-1,-1,1,3,-1
KR_6758737141,420,0,-26,16,-4,1,1,2,-1,2,1,0,2,2,-4,7,3,0,2,2,0,-9,-3,-5,0,5,3,0,-1,1,0,-1,1,4,-1
KR_6763346468,420,-2,-68,-19,2,-3,4,1,3,2,5,9,0,9,-6,8,2,-1,1,0,0,3,0,2,-3,1,3,0,-1,1,-1,-1,1,3,-1
KR_6718747047,420,-7,-100,20,-10,0,2,2,1,3,4,1,2,3,-2,3,1,-10,10,0,1,-10,5,5,-8,3,-2,0,-3,1,1,-1,1,6,-1
KR_6664633133,420,0,-65,-18,-6,-7,7,0,2,5,7,-2,5,3,0,1,1,1,0,1,-1,10,363,0,-3,3,-3,0,-3,1,-1,-1,-1,2,-1
KR_6635262655,420,1,-10,-8,5,-1,4,3,2,4,6,1,2,3,1,2,3,2,0,2,0,7,-25,-2,0,2,0,0,0,-1,0,1,-1,1,-1
KR_6672753612,420,-3,-32,36,-1,-2,4,2,8,0,8,-2,3,1,-4,5,1,-1,3,2,0,-2,29,-2,-3,5,0,0,-1,1,-1,-1,-1,6,-1
KR_6758830522,420,-1,39,-24,-10,-1,2,1,-2,2,0,-7,8,1,-1,6,5,1,0,1,0,-5,-19,1,-4,3,0,0,-1,-1,1,-1,-1,4,-1
KR_6743956005,420,-4,-32,28,-11,-3,3,0,1,0,1,1,2,3,-9,9,0,-1,2,1,0,-9,-242,0,-4,4,-20,0,0,-1,1,-1,-1,3,-1
KR_6682209718,420,-1,16,5,4,2,1,3,2,3,5,-1,1,0,2,0,2,-1,1,0,2,6,3,-1,-3,4,0,0,-1,0,0,-1,1,0,-1
KR_6656981618,420,2,7,16,-1,-4,6,2,1,1,2,4,0,4,-1,3,2,-1,5,4,0,-4,-14,-2,-3,5,-2,0,0,1,-1,-1,-1,6,-1
KR_6711229634,440,-3,-59,-4,-7,-5,7,2,-6,8,2,-3,3,0,7,3,10,0,1,1,1,-3,-5,0,-2,2,-1,0,-2,1,0,-1,1,1,-1
KR_6758029365,420,2,71,-4,7,1,2,3,0,2,2,-1,5,4,6,3,9,1,2,3,1,-8,-16,2,-3,1,4,0,0,-1,1,1,1,1,-1
KR_6667963434,420,0,-44,-63,4,-1,2,1,-2,3,1,4,0,4,1,0,1,2,0,2,0,11,-12,-5,-2,7,5,0,1,0,-1,1,-1,0,-1
KR_6738992107,420,-1,-85,-8,0,3,1,4,-3,4,1,2,3,5,-3,4,1,1,0,1,0,-1,-3,-1,-3,4,0,0,0,1,-1,0,1,2,-1
KR_6761182489,420,1,0,-8,0,1,4,5,-2,5,3,1,1,2,1,3,4,-1,1,0,-1,-5,-56,-1,-3,4,4,0,-1,0,-1,-1,-1,0,-1
KR_6611406622,420,-4,17,25,-4,2,1,3,-3,4,1,-3,5,2,-1,2,1,1,0,1,0,-8,-162,-1,-2,3,-1,0,-1,-1,1,-1,-1,1,-1
KR_6763637943,420,0,43,-17,0,0,0,0,2,2,4,1,1,2,1,6,7,-4,6,2,0,-7,56,2,-5,3,-1,0,0,0,1,0,1,0,-1
KR_6746955605,420,-6,-144,-31,-13,-6,8,2,-4,6,2,-2,3,1,-1,2,1,0,0,0,-1,-3,-10,-2,-1,3,-1,0,-2,1,-1,-1,-1,2,-1
KR_6660057178,420,-4,-47,-4,-2,1,2,3,-2,4,2,3,2,5,-3,4,1,-1,1,0,0,6,-46,0,-3,3,23,0,0,-1,1,-1,-1,4,-1
KR_6750284976,420,-1,-44,8,-3,-2,3,1,1,3,4,-1,3,2,-1,1,0,0,0,0,0,1,-286,0,-2,2,0,0,0,1,1,0,1,3,-1
KR_6725127489,420,-1,-27,4,3,1,0,1,2,4,6,-1,2,1,0,4,4,1,0,1,0,-3,-46,-6,0,6,14,0,0,0,1,0,1,0,-1
KR_6627740269,420,1,-46,40,3,0,2,2,5,0,5,-2,3,1,0,2,2,0,1,1,0,7,-8,2,-8,6,1,0,-1,-1,-1,-1,1,5,-1
KR_6751713877,420,-1,12,-11,-4,-1,2,1,-4,5,1,1,3,4,1,1,2,-1,1,0,0,-9,-3,-1,-5,6,-2,0,-1,-1,-1,-1,1,6,-1
KR_6710728820,420,1,1,0,3,0,2,2,0,2,2,-4,4,0,3,2,5,4,1,5,0,2,-6,-3,-4,7,4,0,-1,-1,0,-1,1,2,-1
KR_6661704226,420,-1,-99,2,-7,1,0,1,-5,8,3,-3,4,1,1,4,5,-1,2,1,0,-3,-11,-3,-2,5,-2,0,0,-1,1,-1,-1,1,-1
KR_6763955017,420,-2,-7,10,-12,-1,3,2,-9,9,0,-3,3,0,0,0,0,1,1,2,0,-3,31,-4,0,4,-19,0,-2,-1,-1,-1,-1,2,-1
KR_6739729946,440,4,28,14,11,9,0,9,-1,3,2,3,1,4,3,1,4,-3,4,1,0,4,3,-5,0,5,2,0,3,0,1,1,1,0,-1
KR_6758297212,420,0,-10,8,-3,2,1,3,-2,5,3,1,3,4,0,4,4,-4,5,1,2,-3,4,-2,-2,4,-3,0,0,-1,1,0,1,2,-1
KR_6737513986,420,-4,21,18,-10,-1,2,1,-7,8,1,-1,2,1,-1,4,3,0,1,1,-4,-15,18,6,-7,1,1,0,-1,1,-1,-1,-1,2,-1
KR_6671296952,420,3,39,14,4,3,2,5,-3,3,0,1,1,2,1,1,2,2,1,3,0,6,-7,-1,-2,3,3,0,0,1,0,0,1,3,-1
KR_6643658342,440,-6,-49,-36,-6,-1,3,2,3,3,6,-4,8,4,-3,3,0,-1,1,0,0,-4,-7,4,-6,2,-1,0,0,-1,0,-1,-1,4,-1
KR_6674902980,440,-5,-111,-55,-12,-3,4,1,0,4,4,-4,4,0,-6,7,1,1,1,2,0,-17,-5,-1,-5,6,-7,0,-4,-1,-1,-1,1,4,-1
KR_6688502861,420,-3,-30,12,-2,0,1,1,4,1,5,0,1,1,-6,6,0,0,0,0,0,-2,-7,-2,0,2,1,0,-1,-1,0,-1,1,3,-1
KR_6757465232,420,-2,47,13,-10,-1,3,2,-6,6,0,0,3,3,-5,5,0,2,1,3,0,-15,3,-3,0,3,0,0,-1,-1,1,1,1,2,-1
KR_6735853825,420,-4,58,-28,-4,-2,3,1,0,4,4,0,3,3,2,2,4,-4,4,0,0,-10,-1,-2,-5,7,1,0,1,-1,-1,1,1,1,-1
KR_6749102474,440,3,38,4,2,1,1,2,4,0,4,-3,3,0,1,3,4,-1,1,0,0,-2,-2,1,-3,2,4,0,1,0,0,1,-1,0,-1
KR_6757530810,420,-3,-47,0,-13,1,1,2,-2,2,0,-12,12,0,1,3,4,-1,1,0,1,-10,-1,0,-1,1,-2,0,-1,-1,-1,-1,1,6,-1
KR_6623069962,420,-4,-20,-20,-5,2,0,2,-5,7,2,-1,2,1,-3,4,1,2,2,4,0,-1,13,-1,0,1,-25,0,-1,1,-1,-1,-1,2,-1
KR_6754250141,420,3,105,24,7,5,1,6,2,0,2,-1,2,1,2,0,2,-1,2,1,0,3,-100,0,-3,3,4,0,1,1,0,1,1,5,-1
KR_6620499603,420,-1,86,-12,-14,4,2,6,-5,5,0,0,1,1,-9,10,1,-4,5,1,-1,-18,-201,-2,0,2,1,0,1,-1,-1,1,1,4,-1
KR_6723964132,440,-4,-133,8,-9,-1,2,1,-1,1,0,-7,8,1,4,1,5,-4,4,0,1,-1,5,2,-4,2,-4,0,-1,1,-1,-1,1,5,-1
KR_6761411584,440,-6,-62,-1,-18,-1,3,2,-10,11,1,0,4,4,-7,9,2,0,0,0,0,-18,15,-4,-1,5,-2,0,0,-1,-1,-1,-1,4,-1
KR_6764130047,420,0,-17,4,3,4,0,4,-1,2,1,-4,6,2,4,0,4,0,1,1,0,3,6,-5,0,5,1,0,0,1,-1,-1,-1,1,-1
KR_6711077426,420,0,-13,-48,3,-1,1,0,2,1,3,4,0,4,-2,2,0,0,1,1,0,0,-40,0,-3,3,26,0,0,1,-1,-1,1,3,-1
KR_6759997588,420,2,29,-4,1,2,0,2,-2,2,0,-2,2,0,3,1,4,0,0,0,0,-1,12,1,-5,4,-2,0,-1,-1,-1,-1,-1,2,-1
KR_6759212228,420,1,10,4,6,1,1,2,5,0,5,2,2,4,-3,5,2,1,2,3,1,3,-8,1,-4,3,-1,0,0,1,-1,1,1,6,-1
KR_6756155361,440,-1,-46,6,-11,0,1,1,-3,5,2,1,2,3,-7,8,1,-2,3,1,1,-10,1,-2,-3,5,2,0,-1,0,1,-1,1,0,-1
KR_6756940443,420,-5,-118,-23,-13,-8,8,0,1,0,1,1,1,2,0,0,0,-7,7,0,-1,-4,-282,0,-2,2,-3,0,-2,-1,0,-1,-1,3,-1
KR_6658540396,420,-3,-41,-29,-1,2,0,2,-3,5,2,1,1,2,-1,1,0,0,1,1,0,0,-33,-1,-1,2,3,0,0,0,0,0,-1,0,-1
KR_6738913152,420,-5,-28,-28,-11,0,5,5,2,1,3,-12,12,0,0,1,1,-1,2,1,0,-2,-5,-4,-2,6,0,0,0,-1,-1,0,-1,5,-1
KR_6662635459,420,-4,-36,13,-6,2,2,4,0,2,2,1,0,1,-7,7,0,-2,2,0,0,-9,-256,4,-5,1,2,0,-2,1,-1,-1,-1,3,-1
KR_6752409019,420,-3,-71,-24,-6,-2,4,2,-2,4,2,-3,5,2,1,3,4,0,0,0,0,4,-8,1,-3,2,0,0,-2,-1,1,-1,-1,5,-1
KR_6685893573,420,1,-14,21,-3,-3,3,0,0,2,2,-1,2,1,1,6,7,0,1,1,0,-5,-25,-3,-2,5,-1,0,0,1,-1,1,1,1,-1
KR_6720470735,440,2,-17,28,1,0,1,1,2,1,3,3,2,5,-6,7,1,2,0,2,0,3,12,0,-3,3,-5,0,0,1,-1,0,-1,1,-1
KR_6732361901,420,-2,-101,-36,-8,1,2,3,-2,5,3,-3,4,1,-2,2,0,-2,3,1,0,-6,31,-3,0,3,0,0,0,-1,-1,-1,-1,2,-1
KR_6713831361,420,-3,-58,16,-12,-3,7,4,-2,2,0,-3,3,0,-4,6,2,0,2,2,1,-12,-419,-3,0,3,-1,0,-1,1,1,-1,1,3,-1
KR_6763984848,420,-2,-115,-15,-6,-2,3,1,2,2,4,-7,7,0,-3,5,2,4,0,4,0,-2,-266,1,-3,2,-5,0,-2,-1,1,-1,-1,4,-1
KR_6742898625,420,0,-88,6,-5,-5,5,0,3,1,4,-2,2,0,-1,1,0,0,5,5,0,2,5,0,-3,3,-1,0,-2,1,0,-1,-1,6,-1
KR_6742037508,420,-6,-84,-20,-12,-1,2,1,4,3,7,-8,8,0,-9,11,2,2,1,3,-2,-9,11,2,-3,1,-6,0,-2,-1,-1,-1,-1,6,-1
KR_6707265414,420,-4,-53,-3,-6,-2,2,0,-1,6,5,-2,3,1,-1,1,0,0,0,0,0,-7,7,4,-5,1,-1,0,-1,1,-1,-1,1,2,-1
KR_6723056431,440,2,22,-12,4,-5,7,2,6,0,6,2,1,3,1,1,2,0,2,2,0,7,-129,1,-5,4,-3,0,-1,-1,1,-1,1,1,-1
KR_6743709928,420,-1,-12,8,-3,-11,12,1,0,0,0,6,1,7,1,3,4,1,0,1,0,0,6,2,-4,2,0,0,-1,1,1,-1,1,4,-1
KR_6743797680,420,-4,-95,16,-3,0,1,1,2,5,7,-5,7,2,-1,4,3,1,3,4,0,5,110,2,-3,1,1,0,-1,0,1,-1,1,0,-1
KR_6684000409,420,1,-31,-33,11,1,2,3,3,2,5,1,2,3,5,4,9,1,1,2,0,16,3,1,-3,2,1,0,0,1,-1,0,1,2,-1
KR_6745534050,420,1,-22,-3,0,3,2,5,-1,3,2,3,2,5,-3,3,0,-2,2,0,-1,-8,-42,2,-4,2,18,0,0,1,-1,0,-1,2,-1
KR_6619253803,420,-1,-34,0,-4,-4,4,0,-2,3,1,-3,3,0,5,1,6,0,0,0,0,3,7,4,-5,1,-2,0,-1,-1,-1,-1,-1,2,-1
KR_6658443890,420,-4,-69,7,-14,-7,7,0,-1,2,1,-5,7,2,-1,3,2,0,1,1,-1,-9,4,2,-3,1,-2,0,-1,-1,-1,-1,-1,2,-1
KR_6757370572,440,-3,10,-16,-15,-1,3,2,-2,4,2,-5,5,0,-6,7,1,-1,2,1,0,-16,4,-4,-1,5,3,0,0,-1,1,-1,1,1,-1
KR_6536161065,420,-3,-19,-65,-10,3,1,4,-5,7,2,-3,5,2,-3,4,1,-2,2,0,-1,-7,0,1,-3,2,-2,0,0,-1,0,1,-1,5,-1
KR_6657992037,420,-6,-67,-34,-5,-1,1,0,4,2,6,-2,4,2,-3,6,3,-3,4,1,1,-2,14,1,-4,3,2,0,-1,-1,-1,-1,1,4,-1
KR_6682826177,420,-2,-51,-8,-1,0,1,1,4,1,5,-4,5,1,-5,5,0,4,1,5,0,6,-2,-1,-5,6,2,0,-1,-1,-1,-1,-1,3,-1
KR_6661576182,420,-1,-35,4,2,1,2,3,2,1,3,-3,5,2,2,3,5,0,1,1,0,7,4,5,-7,2,-2,0,-1,1,-1,-1,-1,5,-1
KR_6755728569,420,0,-86,-8,-1,1,1,2,3,1,4,-2,5,3,-6,9,3,3,2,5,-3,1,-7,-2,-5,7,-3,0,-2,-1,-1,-1,-1,5,-1
KR_6762457501,420,-7,-94,-9,-15,-6,6,0,-3,4,1,-2,4,2,-3,6,3,-1,1,0,0,-16,0,1,-3,2,-3,0,-2,-1,0,-1,-1,2,-1
KR_6744611743,420,1,78,-8,2,2,0,2,-1,2,1,1,1,2,1,5,6,-1,3,2,0,0,16,2,-7,5,0,0,0,-1,1,1,1,2,-1
KR_6626722075,420,-6,-93,-6,-13,0,1,1,-5,5,0,-5,5,0,-3,5,2,0,0,0,-1,-9,-15,-6,0,6,0,0,-2,-1,-1,-1,-1,2,-1
KR_6745168749,420,0,-42,36,-6,-1,1,0,-2,4,2,-1,3,2,1,1,2,-3,3,0,0,-7,-2,1,-6,5,-4,0,-1,-1,-1,-1,-1,6,-1
KR_6756820997,420,1,9,13,-3,0,2,2,-1,4,3,-1,4,3,-1,3,2,0,0,0,0,-3,-6,-2,-1,3,-2,0,-1,1,-1,-1,-1,6,-1
KR_6648483315,420,-3,-34,-28,-4,-2,3,1,-4,5,1,1,2,3,0,2,2,1,0,1,0,0,-320,1,-3,2,2,0,0,-1,1,0,1,6,-1
KR_6651647035,420,-2,-24,-9,-6,-2,4,2,6,0,6,0,2,2,-6,6,0,-4,5,1,-1,-5,-4,-1,-1,2,0,0,-1,-1,-1,-1,-1,3,-1
KR_6762822880,440,-5,-68,-40,-11,1,3,4,-1,4,3,-7,9,2,-6,8,2,2,0,2,0,-8,0,-1,-1,2,0,0,0,-1,0,-1,-1,4,-1
KR_6625076723,440,-3,-62,-16,-7,-1,3,2,-5,5,0,2,0,2,-6,7,1,3,0,3,-1,-9,-4,-2,0,2,0,0,-2,1,1,-1,-1,6,-1
KR_6696121910,420,-1,48,-28,2,1,4,5,0,1,1,5,0,5,-4,4,0,0,0,0,0,-4,-4,-1,-2,3,2,0,0,0,1,0,1,0,-1
KR_6722586618,420,0,-34,-24,-3,0,1,1,-4,4,0,-2,3,1,2,0,2,1,1,2,0,-7,-190,-3,-2,5,2,0,-2,-1,-1,-1,-1,6,-1
KR_6672686378,420,-5,-79,-48,-10,-2,2,0,-6,7,1,-1,2,1,-1,3,2,0,0,0,0,-12,30,-1,-2,3,-23,0,0,-1,1,0,-1,4,-1
KR_6676066204,420,2,72,-5,-1,5,1,6,-4,8,4,-1,6,5,-1,1,0,0,1,1,0,-18,-16,-7,-3,10,8,0,1,-1,0,1,1,4,-1
KR_6727779667,420,2,15,-28,8,-1,4,3,2,0,2,5,1,6,1,2,3,1,0,1,0,4,-5,-4,0,4,5,0,2,1,1,1,1,2,-1
KR_6726623166,420,5,-35,14,-3,1,2,3,-2,6,4,3,0,3,-3,5,2,-2,3,1,-2,-6,7,0,-4,4,-2,0,0,-1,1,-1,-1,3,-1
KR_6741017235,420,-1,5,-32,-6,-5,5,0,-2,4,2,-2,3,1,0,2,2,3,0,3,0,0,-4,-2,-3,5,1,0,1,1,-1,1,-1,4,-1
KR_6732595833,440,-4,-56,-12,-15,-2,5,3,-1,2,1,-4,4,0,-3,5,2,-5,7,2,-2,-19,426,-3,-2,5,-2,0,0,1,1,0,-1,3,-1
KR_6755602621,440,0,-28,0,-2,2,1,3,-10,13,3,5,1,6,0,4,4,1,0,1,0,-3,-4,0,-3,3,0,0,0,1,-1,-1,-1,4,-1
KR_6597447438,420,0,17,-40,-1,0,1,1,-2,3,1,-7,7,0,4,0,4,4,0,4,0,2,5,5,-5,0,-2,0,-1,1,-1,-1,-1,1,-1
KR_6709680395,420,-1,-60,-16,9,0,0,0,3,0,3,-3,5,2,7,0,7,2,0,2,0,16,-31,-1,-3,4,0,0,0,1,-1,-1,1,6,-1
KR_6759810437,420,3,7,23,2,0,1,1,-7,10,3,1,1,2,3,0,3,5,0,5,0,3,-204,6,-8,2,1,0,0,1,-1,-1,1,6,-1
KR_6762585025,420,-4,-80,-17,-9,-4,4,0,0,1,1,-3,4,1,-3,4,1,1,0,1,-1,-7,-3,-2,-2,4,0,0,-1,-1,1,-1,-1,3,-1
KR_6761097581,440,-2,-54,-16,-1,2,1,3,-2,3,1,0,1,1,-1,2,1,0,0,0,0,3,0,0,-4,4,1,0,-1,0,-1,-1,-1,0,-1
KR_6735131785,420,-4,-20,-24,-8,-3,4,1,-5,5,0,2,1,3,5,1,6,-7,8,1,0,-9,-1,2,-5,3,-1,0,-1,-1,-1,-1,-1,6,-1
KR_6653202013,420,-1,-17,16,-2,3,0,3,-1,3,2,-2,2,0,0,1,1,-2,2,0,0,-5,-317,-1,-2,3,1,0,0,-1,0,0,-1,1,-1
KR_6727571747,420,-1,-13,-20,-3,-2,2,0,-5,6,1,1,2,3,3,0,3,0,3,3,0,-4,2,2,-4,2,-3,0,-2,-1,-1,-1,-1,6,-1
KR_6751436059,420,-1,0,8,-1,2,0,2,1,2,3,-1,2,1,0,3,3,-3,4,1,0,-5,-37,-2,0,2,0,0,0,-1,1,1,1,3,-1
KR_6719871336,420,-2,-53,-26,-2,-3,5,2,3,2,5,0,1,1,-3,3,0,1,0,1,0,-1,168,-4,-1,5,1,0,0,-1,1,1,1,4,-1
KR_6761372345,420,1,-26,-4,4,-3,3,0,3,2,5,-1,1,0,5,1,6,0,0,0,0,11,3,-1,-5,6,-2,0,0,1,-1,-1,1,4,-1
KR_6759007212,420,-4,-76,-24,-4,-1,1,0,-2,2,0,2,0,2,-1,2,1,-2,2,0,0,0,7,5,-7,2,1,0,0,1,-1,0,-1,2,-1
KR_6682023195,440,-5,-22,-16,-14,-2,3,1,-7,8,1,-3,3,0,0,1,1,-2,2,0,0,-10,1,1,-4,3,-4,0,-1,-1,-1,-1,-1,4,-1
KR_6615438474,420,0,8,-12,-2,-3,4,1,1,1,2,4,1,5,-1,1,0,-3,3,0,0,0,-38,-1,0,1,11,0,0,1,1,0,-1,2,-1
KR_6730033167,420,-4,-4,-7,-2,-2,3,1,-4,6,2,6,1,7,-1,3,2,-1,1,0,0,-2,-10,0,-1,1,1,0,-1,-1,-1,-1,1,2,-1
KR_6689432954,420,0,-71,16,-1,-3,4,1,2,4,6,1,3,4,-1,2,1,0,1,1,0,10,19,-1,-3,4,0,0,0,1,-1,-1,-1,1,-1
KR_6724417754,420,-1,22,-20,-1,-2,2,0,-4,4,0,2,1,3,2,1,3,1,0,1,0,1,2,0,-3,3,-2,0,0,1,-1,-1,-1,3,-1
KR_6726478205,420,-2,-77,-16,0,-1,3,2,0,5,5,-5,6,1,0,2,2,6,0,6,0,6,12,-1,-4,5,0,0,-2,-1,-1,-1,1,2,-1
KR_6751991938,420,-1,32,-40,-3,-2,3,1,0,3,3,-2,7,5,1,0,1,0,2,2,0,-4,-201,-4,0,4,0,0,-1,-1,-1,-1,-1,1,-1
KR_6685776011,440,-5,-99,-12,-5,-5,7,2,0,1,1,2,2,4,-3,5,2,1,3,4,0,-1,-22,1,-2,1,-3,0,-2,0,-1,-1,-1,0,-1
KR_6740217413,420,-8,-145,-51,-19,-5,5,0,-4,4,0,-2,3,1,-3,4,1,-5,5,0,-1,-13,-25,-3,0,3,-2,0,-3,-1,-1,-1,-1,1,-1
KR_6738438976,420,0,-87,-3,-2,2,2,4,-2,4,2,-2,2,0,0,3,3,0,2,2,0,5,-300,4,-7,3,-6,0,0,1,1,0,-1,5,-1
KR_6722634195,420,-1,-38,12,-5,0,2,2,-1,1,0,-7,7,0,2,1,3,1,0,1,0,-10,-3,-6,-1,7,2,0,0,0,-1,-1,1,0,-1
KR_6667466108,420,-2,-17,-16,-7,-3,3,0,2,1,3,-11,11,0,5,0,5,0,2,2,0,-4,2,1,-3,2,1,0,0,-1,1,1,-1,2,-1
KR_6741353980,440,0,30,24,-4,3,2,5,-5,7,2,-2,2,0,-1,2,1,1,1,2,0,-10,4,-4,-2,6,2,0,0,-1,1,1,-1,1,-1
KR_6745772785,420,2,14,73,5,0,0,0,-2,2,0,4,1,5,2,0,2,1,0,1,2,9,-92,2,-6,4,-21,0,0,1,1,-1,1,3,-1
KR_6634212215,420,-4,-19,12,-9,-4,5,1,-2,4,2,-3,3,0,1,1,2,-1,2,1,0,-6,-10,0,-3,3,3,0,0,-1,-1,-1,1,2,-1
KR_6757993606,420,-4,-32,0,-11,-2,3,1,0,2,2,-4,5,1,-4,5,1,-1,1,0,0,-6,6,-1,-1,2,1,0,0,1,1,0,1,5,-1
KR_6759584671,420,-2,-112,-11,-5,-2,3,1,0,1,1,-1,5,4,-6,8,2,4,0,4,0,-3,-2,-1,-2,3,1,0,-2,0,1,-1,-1,0,-1
KR_6535993507,420,1,97,-12,-6,1,2,3,-7,7,0,0,1,1,0,3,3,0,2,2,0,-3,-1,-4,-1,5,0,0,1,0,-1,1,1,0,-1
KR_6670069159,420,1,-75,24,-2,1,1,2,-6,7,1,2,2,4,1,0,1,0,0,0,0,-7,2,1,-3,2,-4,0,0,1,1,0,-1,6,-1
KR_6764551459,420,3,-11,0,2,0,0,0,-1,3,2,-2,3,1,3,1,4,2,0,2,0,3,-5,0,-1,1,2,0,1,1,-1,1,-1,4,-1
KR_6700840767,420,-3,-20,-40,-2,0,2,2,-1,5,4,-1,3,2,-1,1,0,1,0,1,1,2,-4,0,-3,3,-3,0,0,-1,-1,0,1,1,-1
KR_6694972478,440,-8,-98,-4,-21,0,1,1,-4,5,1,-5,6,1,-3,4,1,-9,10,1,-1,-25,-24,-3,0,3,0,0,-4,-1,-1,-1,-1,1,-1
KR_6665231000,420,-8,-120,-44,-16,-9,10,1,1,1,2,-2,2,0,-4,5,1,-2,2,0,0,-12,-13,-3,0,3,-1,0,-2,0,-1,-1,-1,0,-1
KR_6748597006,420,-3,-25,8,-6,1,3,4,-1,1,0,-3,4,1,-3,4,1,0,1,1,0,-4,164,-2,-1,3,0,0,-2,1,-1,-1,1,4,-1
KR_6695407013,440,-1,-11,28,-4,-5,5,0,7,3,10,2,1,3,-9,11,2,1,0,1,0,-3,2,-3,-3,6,1,0,0,0,1,0,1,0,-1
KR_6638283771,420,-4,-50,0,-11,0,2,2,-7,8,1,-2,3,1,-4,4,0,2,0,2,0,-15,-7,0,-2,2,-5,0,0,1,0,0,-1,1,-1
KR_6714340435,420,-1,55,5,1,3,2,5,-3,4,1,1,1,2,-1,3,2,1,0,1,1,-2,-2,3,-4,1,3,0,0,0,-1,1,1,0,-1
KR_6759961138,420,-3,-106,-8,-6,-5,5,0,-5,5,0,0,1,1,2,1,3,2,0,2,0,-7,-9,-3,0,3,5,0,-2,-1,-1,-1,-1,1,-1
KR_6726648516,420,-9,-76,-84,-29,1,1,2,-3,3,0,-8,8,0,-15,16,1,-4,4,0,0,-22,-4,-3,-1,4,-2,-1,-3,-1,-1,-1,-1,3,-1
KR_6750168831,420,2,53,11,2,-1,2,1,0,2,2,1,4,5,0,5,5,2,1,3,0,1,2,-1,-3,4,-3,0,0,-1,-1,0,-1,5,-1
KR_6710294323,420,2,-53,24,0,-3,5,2,-1,3,2,-4,4,0,2,5,7,6,0,6,-1,-2,-8,-4,0,4,4,0,-1,1,0,-1,-1,1,-1
KR_6736600798,420,1,-30,28,0,-3,4,1,4,3,7,2,3,5,-1,6,5,-2,2,0,0,-8,13,-5,-2,7,-1,0,0,-1,1,0,-1,1,-1
KR_6747322514,420,-1,-13,11,-8,-13,14,1,-2,3,1,5,1,6,5,0,5,-3,3,0,-1,5,-5,2,-6,4,1,0,-1,-1,1,-1,-1,6,-1
KR_6750857749,440,-7,-30,-13,-23,-10,10,0,0,2,2,-5,5,0,-9,11,2,1,4,5,0,-13,-3,-3,0,3,0,0,-1,-1,0,-1,-1,6,-1
KR_6684261614,440,1,1,24,-3,-1,1,0,3,1,4,-1,2,1,0,5,5,-4,4,0,0,-7,0,1,-5,4,3,0,1,1,-1,-1,-1,4,-1
KR_6753597692,420,0,-51,-9,-3,-1,4,3,-1,2,1,1,1,2,-3,5,2,1,1,2,0,1,-8,0,-2,2,-2,0,0,-1,-1,0,1,6,-1
KR_6646212272,420,-4,49,-36,-6,6,0,6,-10,10,0,-3,4,1,1,1,2,0,1,1,0,-2,318,2,-5,3,5,0,-1,0,-1,-1,1,0,-1
KR_6638286396,420,-1,-89,12,-5,-4,5,1,1,0,1,2,1,3,-2,3,1,-2,3,1,0,-3,24,3,-4,1,-5,0,0,1,-1,-1,1,5,-1
KR_6713640448,440,-4,-62,4,-7,-1,2,1,-3,5,2,-4,8,4,-2,3,1,3,0,3,-1,3,2,-4,-2,6,3,0,0,0,0,-1,-1,0,-1
KR_6705220468,420,-3,-11,-29,2,-2,2,0,3,2,5,-1,1,0,1,1,2,1,0,1,0,0,-8,1,-2,1,-1,0,0,-1,0,0,1,1,-1
KR_6759610017,420,-6,-59,-31,-11,-1,1,0,-3,5,2,-5,5,0,-2,2,0,0,0,0,0,-13,0,-1,0,1,0,0,-1,-1,0,-1,-1,1,-1
KR_6742947382,420,-1,-75,-12,5,-1,1,0,7,0,7,1,1,2,-1,3,2,-1,1,0,1,9,-1,0,-2,2,4,0,-1,1,1,-1,1,6,-1
KR_6749721360,440,0,-26,16,-2,1,4,5,-1,2,1,3,1,4,-2,3,1,-3,5,2,2,-5,-4,4,-5,1,-5,0,2,1,1,-1,1,2,-1
KR_6676183503,420,2,18,0,-1,-6,6,0,4,3,7,-1,4,3,3,2,5,-1,2,1,0,-8,23,-1,-4,5,5,0,2,1,-1,1,1,2,-1
KR_6753767542,420,-2,9,-12,-3,1,2,3,0,2,2,-5,5,0,1,6,7,0,1,1,0,2,5,-2,-2,4,-1,0,2,-1,0,1,1,6,-1
KR_6757226926,420,-1,8,0,-7,1,0,1,-7,8,1,2,1,3,-3,6,3,0,1,1,-1,-10,-23,0,-2,2,-1,0,0,0,-1,-1,-1,0,-1
KR_6753656119,420,0,0,-20,6,1,2,3,0,3,3,-1,4,3,7,4,11,-1,2,1,1,7,-7,-3,-1,4,-3,0,2,1,1,1,-1,5,-1
KR_6737783119,420,-1,-12,-31,-6,3,2,5,-7,8,1,0,1,1,-2,2,0,0,2,2,-1,-12,-6,1,-5,4,-1,0,0,1,1,1,-1,1,-1
KR_6729341102,420,2,36,4,-3,1,2,3,-3,4,1,-1,1,0,-1,1,0,1,1,2,0,-4,-3,-2,-2,4,2,0,0,-1,1,1,1,4,-1
KR_6719222891,440,0,2,-1,0,2,1,3,-8,9,1,7,1,8,1,4,5,-2,2,0,0,-4,33,-4,-1,5,-17,0,0,1,-1,0,-1,2,-1
KR_6724989527,420,-3,-104,-20,-2,-1,2,1,3,2,5,-5,6,1,0,4,4,1,1,2,0,-11,-3,3,-4,1,-2,0,-1,-1,1,-1,1,1,-1
KR_6760157712,420,-1,-19,-4,1,-2,2,0,-5,6,1,4,4,8,5,1,6,-1,2,1,2,-1,19,-2,-2,4,1,0,-1,1,-1,-1,1,1,-1
KR_6762885221,420,-6,-76,-20,-7,-7,7,0,1,2,3,-1,2,1,-1,1,0,1,1,2,0,7,-126,0,-2,2,2,0,-2,-1,-1,-1,-1,4,-1
KR_6727316121,420,-3,-46,-17,-7,-1,2,1,-6,6,0,1,3,4,0,1,1,-1,2,1,0,4,-10,-1,-1,2,1,0,-1,-1,-1,-1,-1,4,-1
KR_6685054788,420,1,-39,-5,-1,3,2,5,0,1,1,0,2,2,-5,5,0,1,0,1,0,0,-7,-4,-6,10,0,0,-1,1,-1,-1,-1,5,-1
KR_6687145718,420,2,43,0,6,-1,2,1,-1,2,1,6,1,7,2,1,3,0,1,1,2,2,3,2,-3,1,-1,0,0,-1,0,0,1,6,-1
KR_6762003484,420,-2,-15,-24,3,1,1,2,1,2,3,2,0,2,1,2,3,-2,3,1,0,5,-10,1,-6,5,3,0,1,-1,1,1,1,4,-1
KR_6759318156,420,-3,-43,-21,-12,-1,2,1,-3,3,0,-7,7,0,-1,5,4,0,1,1,0,-5,-2,-1,-4,5,-4,0,0,1,-1,0,-1,2,-1
KR_6745943380,420,-2,-33,-15,-9,-2,2,0,-1,4,3,5,1,6,-2,3,1,-9,9,0,0,-9,-163,-1,-1,2,-4,0,-1,0,1,-1,1,0,-1
KR_6761513158,420,-2,-84,8,-4,0,2,2,2,1,3,-3,3,0,-3,5,2,0,2,2,0,-4,-30,0,-1,1,-2,0,0,-1,1,0,-1,6,-1
KR_6718682428,440,0,-47,-8,-6,7,3,10,0,3,3,-5,7,2,-5,5,0,-3,3,0,0,0,-6,1,-2,1,0,0,-2,-1,-1,-1,1,5,-1
KR_6699110500,420,-6,-10,-45,-19,-7,8,1,-10,10,0,0,0,0,-2,3,1,0,1,1,0,-11,0,-2,-3,5,0,0,-2,-1,-1,-1,-1,2,-1
KR_6709206011,420,-4,-70,-12,-12,2,1,3,0,1,1,-7,8,1,-6,7,1,-1,2,1,0,-11,-2,-3,-1,4,-1,0,-1,0,0,-1,-1,0,-1
KR_6694407257,420,-6,-75,12,-15,-2,5,3,-1,2,1,-8,8,0,-3,6,3,-1,2,1,0,-16,29,-5,0,5,2,0,-2,-1,0,-1,-1,6,-1
KR_6759473424,440,1,47,-12,1,0,2,2,-3,4,1,0,4,4,0,5,5,4,1,5,-3,-6,-27,-3,-2,5,2,0,0,-1,0,1,-1,6,-1
KR_6722363734,440,-6,-42,11,-13,-1,1,0,2,0,2,-4,4,0,-1,1,0,-9,9,0,0,-10,1,-1,-5,6,-1,0,-1,-1,1,-1,-1,5,-1
KR_6707535108,420,-4,-54,-7,-9,-1,2,1,-1,2,1,-7,8,1,0,1,1,0,0,0,0,-1,8,3,-4,1,-4,0,-1,-1,-1,-1,-1,2,-1
KR_6735181446,420,-4,-140,7,-2,0,3,3,-2,3,1,-3,5,2,1,5,6,2,0,2,0,6,47,-1,-1,2,-5,0,-1,0,-1,-1,-1,0,-1
KR_6732067914,420,-1,-39,4,-2,-1,5,4,2,1,3,-2,5,3,-2,3,1,1,1,2,0,3,-2,2,-4,2,-4,0,-2,-1,-1,-1,-1,2,-1
KR_6660653967,420,0,22,-28,2,-1,2,1,-2,2,0,11,0,11,-6,8,2,0,0,0,0,-1,-33,0,-3,3,8,0,0,-1,-1,1,-1,2,-1
KR_6755491241,420,3,112,-4,2,4,2,6,0,2,2,1,2,3,-1,2,1,-2,4,2,0,-7,-4,0,-4,4,2,0,1,0,-1,1,1,0,-1
KR_6715073571,420,-2,-12,6,-3,0,1,1,3,0,3,5,1,6,-11,14,3,0,0,0,-1,-2,2,1,-4,3,-2,0,1,-1,0,1,-1,6,-1
KR_6758604820,420,-1,-37,16,0,2,2,4,-1,2,1,1,3,4,-2,3,1,0,1,1,-1,0,-50,-4,0,4,19,0,-1,0,-1,-1,-1,0,-1
KR_6640776861,420,-4,-112,-4,-7,-1,4,3,-2,4,2,4,2,6,-11,11,0,3,0,3,-1,0,-4,-5,-2,7,-2,0,-2,1,1,-1,-1,2,-1
KR_6756300020,420,-2,-33,15,0,0,3,3,1,1,2,-3,4,1,2,0,2,0,0,0,0,-1,-12,-1,-4,5,-2,0,-2,1,-1,-1,-1,3,-1
KR_6725127377,420,-3,-30,-30,-3,-2,6,4,-3,7,4,-3,3,0,2,2,4,3,0,3,0,5,9,1,-2,1,0,0,0,-1,1,1,-1,5,-1
KR_6685853757,440,-9,-76,-51,-7,-6,6,0,1,4,5,1,3,4,-2,3,1,-1,1,0,0,-1,-1,-3,-1,4,-2,0,-2,0,0,-1,1,0,-1
KR_6631434282,420,-5,-4,-48,0,-1,1,0,-2,3,1,-1,3,2,3,1,4,1,1,2,1,0,4,-1,-2,3,-2,0,-1,1,1,-1,1,2,-1
KR_6640366968,420,-2,-6,-3,-10,-4,4,0,2,1,3,-1,3,2,-7,7,0,0,0,0,-1,-9,3,-5,0,5,1,0,-1,-1,-1,-1,-1,5,-1
KR_6618733790,420,-4,-59,21,-13,1,2,3,-4,4,0,-4,6,2,-3,4,1,-3,3,0,0,-15,-10,-1,-3,4,1,0,0,0,0,-1,-1,0,-1
KR_6751933940,420,5,80,4,12,-1,1,0,5,2,7,0,0,0,6,1,7,2,0,2,0,3,-12,0,-1,1,0,0,1,0,-1,1,-1,0,-1
KR_6744621767,420,-1,-40,-27,-3,3,0,3,1,1,2,-2,2,0,-6,6,0,1,0,1,0,-4,8,3,-3,0,-1,0,0,-1,-1,-1,-1,2,-1
KR_6762452394,420,0,45,31,-1,1,2,3,-3,5,2,0,2,2,-1,2,1,2,2,4,0,-6,-236,0,-4,4,-1,0,1,-1,1,1,-1,2,-1
KR_6631349136,420,-2,-36,-19,-7,-1,3,2,-4,6,2,-3,5,2,-1,4,3,2,0,2,0,0,5,-3,0,3,-2,0,-1,-1,-1,-1,1,5,-1
KR_6763389183,420,0,-15,-8,-2,1,2,3,-2,2,0,0,2,2,-3,3,0,2,0,2,-1,-7,-7,-1,-2,3,2,0,1,-1,1,-1,-1,3,-1
KR_6652060926,420,-2,-73,-3,-7,-1,1,0,-3,4,1,-3,4,1,0,1,1,0,1,1,0,-7,2,2,-6,4,-3,0,-1,0,-1,-1,-1,0,-1
KR_6762031453,420,-2,17,-36,-9,1,2,3,-2,2,0,3,2,5,-8,8,0,-3,3,0,0,-6,0,4,-6,2,-1,0,-2,-1,-1,-1,-1,4,-1
KR_6748921653,440,0,-16,-16,4,-2,4,2,7,2,9,3,0,3,0,3,3,-4,4,0,0,0,-17,5,-8,3,-3,0,0,0,0,0,1,0,-1
KR_6747076758,420,-1,-20,8,-5,0,1,1,-6,6,0,-4,4,0,2,1,3,3,2,5,0,-7,40,-2,-3,5,-20,0,0,1,0,0,1,3,-1
KR_6753003534,420,-2,-91,-18,-10,0,1,1,-3,5,2,-8,8,0,2,3,5,-1,1,0,0,-5,-14,-2,-2,4,-1,0,0,-1,0,-1,-1,2,-1
KR_6729972541,440,-7,-108,-45,-11,0,2,2,-1,2,1,-6,7,1,-4,5,1,0,2,2,0,-9,-11,-2,-3,5,1,0,-2,0,0,-1,-1,0,-1
KR_6694459587,420,-5,-43,-27,-4,-3,5,2,0,1,1,4,2,6,-5,6,1,0,2,2,-1,-4,-4,0,-2,2,-2,0,0,-1,1,-1,-1,3,-1
KR_6668666969,420,0,-23,36,-2,1,0,1,-2,2,0,2,1,3,-2,2,0,-1,1,0,0,-7,21,-3,-2,5,-23,0,-1,-1,0,-1,1,1,-1
KR_6761079210,420,-3,-43,25,-13,-1,1,0,-1,2,1,-2,6,4,-7,9,2,-2,2,0,0,-11,-10,-1,-4,5,2,0,-1,-1,1,-1,1,5,-1
KR_6665808544,420,-4,-46,-52,-10,4,1,5,-3,3,0,-2,2,0,-7,8,1,-2,2,0,0,-12,-7,3,-5,2,0,0,0,-1,-1,-1,-1,1,-1
KR_6710371643,420,-1,-82,16,-3,-6,6,0,0,0,0,1,4,5,2,3,5,0,1,1,-2,-6,219,6,-8,2,-4,0,0,1,-1,-1,-1,4,-1
KR_6706581309,420,3,6,16,1,3,2,5,1,0,1,0,4,4,-1,4,3,-2,2,0,-2,-5,-3,6,-6,0,-2,0,2,-1,1,1,-1,3,-1
KR_6752594207,420,-2,18,-24,-5,-1,2,1,-2,2,0,-1,2,1,0,2,2,-1,1,0,2,-3,4,-1,-4,5,-2,0,1,1,0,1,1,3,-1
KR_6762961099,420,0,-50,-16,-4,-2,2,0,-1,2,1,0,1,1,-1,1,0,0,1,1,0,0,-13,0,-2,2,2,0,-1,0,1,-1,-1,0,-1
KR_6713686386,440,-2,-12,-36,-3,0,1,1,-4,7,3,2,2,4,-1,4,3,0,3,3,0,5,108,-3,-1,4,-4,0,-1,-1,0,-1,-1,6,-1
KR_6744731890,440,4,-20,25,11,12,2,14,1,3,4,0,0,0,-2,5,3,0,0,0,0,9,-247,-2,-2,4,1,0,0,1,1,1,1,6,-1
KR_6740816065,420,-1,30,-24,-4,6,0,6,-4,5,1,-5,5,0,-2,4,2,1,2,3,0,-7,16,1,-5,4,-1,0,0,-1,0,-1,-1,5,-1
KR_6757535506,420,-4,-18,-44,-15,-1,2,1,2,3,5,-6,6,0,-8,9,1,-2,2,0,0,-11,-20,0,-3,3,-1,0,-2,-1,-1,-1,-1,3,-1
KR_6757273380,420,-8,-34,-136,-10,-2,2,0,-2,2,0,0,2,2,-4,4,0,-2,2,0,0,-8,-2,2,-6,4,-4,0,-1,-1,-1,-1,-1,2,-1
KR_6654394702,420,0,14,-4,-2,3,0,3,-6,6,0,-2,2,0,1,3,4,2,1,3,0,-10,-6,0,-4,4,-3,0,0,-1,1,0,1,4,-1
KR_6656654121,420,0,122,-40,0,1,3,4,-4,7,3,3,2,5,0,1,1,0,1,1,0,-6,8,1,-3,2,1,0,2,-1,1,1,1,3,-1
KR_6697942846,420,1,-42,-8,5,1,0,1,0,1,1,2,1,3,1,3,4,1,0,1,0,5,-25,-1,-1,2,-1,0,-1,-1,-1,-1,-1,2,-1
KR_6618583690,420,-10,-152,20,-5,-1,4,3,6,0,6,-3,4,1,-4,4,0,-3,3,0,0,-7,171,0,0,0,0,0,-2,-1,1,-1,-1,6,-1
KR_6694150627,420,-3,-57,20,-4,-3,6,3,-2,6,4,1,2,3,0,3,3,0,0,0,0,-4,-145,3,-3,0,1,0,1,1,1,-1,1,2,-1
KR_6746486343,420,-1,-113,7,4,4,0,4,-5,6,1,3,1,4,3,1,4,-1,2,1,0,6,-40,-1,0,1,27,0,-1,-1,1,-1,-1,3,-1
KR_6719133151,440,-3,-31,-20,-6,-6,9,3,-1,9,8,0,2,2,2,0,2,-1,1,0,0,-1,-39,-1,-4,5,28,0,-1,-1,1,-1,-1,5,-1
KR_6736333691,420,-1,-34,7,-6,-2,3,1,-3,3,0,1,3,4,-3,4,1,1,0,1,0,-7,7,0,-4,4,-5,0,0,-1,-1,0,1,4,-1
KR_6726981807,420,2,-7,4,-3,4,0,4,-2,6,4,-4,5,1,0,1,1,-1,1,0,0,-5,7,-1,-1,2,-1,0,0,-1,1,1,-1,1,-1
KR_6642504945,420,-2,-25,-14,-8,-4,5,1,-4,4,0,-2,2,0,1,2,3,1,0,1,0,-2,21,-2,-1,3,-4,0,-1,0,-1,-1,1,0,-1
KR_6756533456,420,-2,-44,12,-8,-2,5,3,2,5,7,-2,2,0,-6,7,1,0,0,0,-2,-9,41,0,0,0,-10,0,0,0,0,0,-1,0,-1
KR_6729603943,440,2,36,29,4,-5,6,1,4,1,5,1,1,2,2,2,4,2,1,3,0,7,-13,0,-3,3,-2,0,-1,1,0,1,1,4,-1
KR_6737562798,420,3,31,0,7,2,1,3,-3,4,1,3,2,5,3,3,6,2,1,3,-1,7,61,-1,-7,8,2,0,1,-1,0,1,-1,2,-1
KR_6657221809,420,-1,-19,13,-3,0,3,3,-1,2,1,1,1,2,2,0,2,-5,5,0,-1,-6,22,2,-4,2,-22,0,0,-1,1,0,-1,1,-1
KR_6746817611,420,-1,-29,16,-1,-2,3,1,-4,5,1,-1,3,2,5,1,6,1,1,2,0,0,1,-2,-1,3,0,0,-1,-1,-1,-1,1,6,-1
KR_6761575773,420,-2,-51,-25,2,-3,5,2,1,2,3,2,3,5,3,0,3,-1,2,1,0,10,-6,-4,0,4,-1,0,-1,-1,-1,-1,1,3,-1
KR_6697015200,440,-3,-81,-24,-7,0,2,2,-1,2,1,-1,2,1,-3,5,2,-2,2,0,0,-6,-26,0,-2,2,2,0,-2,-1,-1,-1,-1,1,-1
KR_6706658731,420,-3,-47,-23,-5,-5,5,0,1,3,4,-2,5,3,0,2,2,1,1,2,0,-2,-6,0,-3,3,-1,0,-2,-1,-1,-1,1,5,-1
KR_6750596502,420,-1,25,4,-4,-2,2,0,0,0,0,0,3,3,1,4,5,-3,3,0,2,-4,-7,2,-6,4,3,0,0,-1,1,1,1,2,-1
KR_6650086418,420,-1,5,19,-7,-1,2,1,-1,3,2,-3,3,0,-2,2,0,0,1,1,0,-5,1,-3,-1,4,-1,0,-1,0,-1,-1,1,0,-1
KR_6756031412,420,-3,-12,-2,-4,-1,3,2,-5,6,1,-1,4,3,2,1,3,1,0,1,0,1,-17,1,-2,1,-5,0,0,-1,-1,0,-1,4,-1
KR_6759425466,420,-5,-107,-17,-4,-2,2,0,-5,7,2,2,2,4,3,3,6,-2,6,4,0,-4,-43,7,-7,0,12,0,-2,-1,-1,-1,1,2,-1
KR_6740814522,420,-2,-3,-24,-2,0,2,2,-2,4,2,1,1,2,-1,3,2,0,3,3,0,-5,102,1,-4,3,0,0,0,1,-1,0,1,5,-1
KR_6665787637,420,-5,-68,4,-4,-2,3,1,3,3,6,-2,2,0,-2,4,2,-1,2,1,1,-4,45,0,-3,3,-22,0,0,-1,1,0,1,1,-1
KR_6708402627,420,-5,-35,-40,-8,-1,1,0,-2,5,3,1,0,1,-2,3,1,-4,4,0,0,-8,7,1,-6,5,-1,0,-1,-1,1,-1,1,3,-1
KR_6742953991,420,-2,60,-35,0,1,1,2,-1,2,1,1,0,1,-1,3,2,0,0,0,0,-5,-60,-1,-2,3,6,0,0,1,1,0,1,3,-1
KR_6653329477,420,-6,-63,16,-7,-2,2,0,-3,5,2,-1,5,4,1,3,4,-2,2,0,0,-10,-11,1,-3,2,-2,0,-1,1,-1,-1,-1,1,-1
KR_6747045794,420,-3,-87,3,7,1,1,2,3,1,4,4,4,8,-4,4,0,3,3,6,0,13,20,0,-3,3,-3,0,-1,-1,-1,-1,1,2,-1
KR_6685568275,420,-2,-29,21,-7,-3,3,0,-2,3,1,2,1,3,-3,6,3,-1,2,1,-1,-5,-5,-2,-2,4,1,0,0,-1,1,-1,-1,2,-1
KR_6753976130,420,-3,-36,-21,-9,-5,6,1,-1,2,1,-1,5,4,0,2,2,-2,2,0,0,-8,5,-4,0,4,-4,0,-1,-1,-1,-1,1,3,-1
KR_6754055771,420,0,28,0,-5,-1,2,1,0,2,2,-6,7,1,0,2,2,2,0,2,0,5,-3,-1,-4,5,1,0,0,-1,-1,0,1,3,-1
KR_6761849896,440,-5,-77,0,-11,-2,2,0,-1,1,0,-2,3,1,-3,3,0,-3,3,0,0,-12,18,2,-4,2,-3,0,-1,-1,1,-1,-1,2,-1
KR_6728455851,420,-1,22,-20,-6,3,0,3,-5,7,2,-2,2,0,-2,4,2,0,2,2,0,-9,0,-5,0,5,2,0,0,1,0,0,1,3,-1
KR_6653390668,420,-3,-44,-24,-8,-4,5,1,-1,6,5,-6,6,0,2,0,2,1,0,1,0,-9,-190,2,-6,4,1,0,0,-1,-1,-1,-1,6,-1
KR_6743433750,420,2,41,4,2,3,1,4,1,0,1,2,1,3,-5,5,0,1,0,1,0,-3,-8,-6,-1,7,0,0,0,1,-1,0,1,2,-1
KR_6724089240,420,-4,-38,4,-2,-2,3,1,-1,2,1,-2,2,0,2,1,3,1,0,1,0,3,-49,-4,-2,6,5,0,-1,0,0,-1,1,0,-1
KR_6727395485,420,0,-26,29,-4,2,0,2,-1,2,1,-2,2,0,-2,2,0,-1,1,0,0,-9,-8,-4,-2,6,0,0,0,-1,1,0,1,4,-1
KR_6762678153,420,-6,-34,-7,-9,0,1,1,-7,7,0,0,2,2,-1,3,2,-1,1,0,-1,-9,1,2,-6,4,4,0,-1,1,-1,1,-1,4,-1
KR_6695765391,420,1,39,16,4,-2,4,2,3,0,3,5,1,6,-1,2,1,-1,2,1,0,-2,-37,-2,0,2,16,0,1,1,1,1,1,6,-1
KR_6667126403,420,-1,-55,-32,-6,2,1,3,-5,5,0,1,2,3,-1,4,3,-3,4,1,0,-4,-12,-2,-4,6,-5,0,0,0,0,-1,-1,0,-1
KR_6746414885,420,-1,38,-12,-4,1,1,2,0,2,2,-2,4,2,-3,5,2,0,1,1,-1,-5,-8,1,-3,2,-1,0,0,-1,1,0,-1,2,-1
KR_6693430279,420,0,-5,4,-1,0,3,3,-2,2,0,1,2,3,0,3,3,0,1,1,0,0,4,-2,-2,4,3,0,0,-1,-1,1,-1,4,-1
KR_6741846960,420,-6,-48,-32,-7,0,1,1,0,4,4,-6,7,1,3,2,5,-4,4,0,1,-5,-3,1,-2,1,-1,0,-1,-1,0,-1,1,5,-1
KR_6743507122,420,-4,-88,0,-6,-3,3,0,2,5,7,-4,4,0,0,1,1,-1,2,1,0,2,213,0,-1,1,-1,0,0,1,-1,-1,1,4,-1
KR_6659736997,420,-8,-32,-34,-20,-6,6,0,-6,6,0,-1,4,3,-2,5,3,-5,7,2,0,-11,-6,1,-1,0,-1,0,-1,1,-1,-1,1,3,-1
KR_6744811613,420,-3,-61,-3,-7,-4,4,0,-2,5,3,4,1,5,-5,6,1,0,1,1,-2,-7,-25,2,-5,3,6,0,-1,-1,-1,-1,-1,3,-1
KR_6630396016,420,-2,24,0,-10,-3,4,1,-9,9,0,0,3,3,-2,3,1,4,0,4,0,-9,-21,0,-3,3,3,0,-2,-1,-1,-1,1,4,-1
KR_6593915906,420,0,-61,-24,-5,-6,8,2,-2,2,0,0,2,2,3,0,3,0,2,2,0,-4,8,1,-3,2,2,0,-2,-1,-1,-1,-1,5,-1
KR_6684230120,440,-3,-42,-20,-2,-1,3,2,-1,2,1,-6,6,0,5,4,9,1,2,3,0,-1,-421,-2,-1,3,-3,0,-1,1,-1,-1,1,4,-1
KR_6683698798,420,-3,-44,-20,-5,1,0,1,-1,5,4,-3,5,2,-2,2,0,0,0,0,0,-6,-312,-1,-1,2,1,0,-1,-1,0,-1,-1,3,-1
KR_6756138858,420,-7,-100,-27,-8,2,2,4,-3,3,0,0,0,0,-7,7,0,0,1,1,0,-9,-38,-1,-2,3,0,0,-3,-1,0,-1,-1,2,-1
KR_6752478447,420,1,5,8,2,0,3,3,-1,2,1,2,0,2,1,0,1,0,0,0,0,-2,-15,-3,-1,4,0,0,1,1,0,1,1,2,-1
KR_6760831842,420,-9,-62,-120,-17,-2,2,0,-2,2,0,-1,2,1,-11,11,0,-1,3,2,1,-11,34,0,-1,1,-34,0,-3,-1,-1,-1,1,1,-1
KR_6737756298,440,2,-59,-4,3,-4,5,1,1,2,3,-1,3,2,5,2,7,2,1,3,0,7,2,-3,-2,5,1,0,-1,1,-1,-1,-1,3,-1
KR_6763646889,420,2,42,8,2,1,0,1,2,2,4,-1,3,2,0,0,0,0,0,0,0,2,-7,-1,-2,3,3,0,0,-1,-1,0,1,4,-1
KR_6757041064,420,-4,-36,-34,-5,-1,3,2,-5,6,1,2,1,3,1,0,1,-2,2,0,0,-7,3,2,-6,4,-2,0,0,-1,1,-1,1,6,-1
KR_6714823668,420,-4,-40,-30,-12,-7,8,1,0,1,1,-6,7,1,2,3,5,-1,3,2,0,-9,45,1,-4,3,1,0,-3,1,-1,-1,-1,3,-1
KR_6726149483,420,-3,4,-37,-16,2,1,3,-5,5,0,-4,5,1,-7,8,1,-2,2,0,0,-20,7,-1,-2,3,-6,0,0,-1,-1,-1,-1,5,-1
KR_6672658794,420,0,-72,10,0,-2,2,0,2,3,5,0,2,2,0,2,2,0,0,0,-1,0,31,-3,-3,6,-2,0,0,1,-1,0,-1,6,-1
KR_6671813857,420,-1,-9,40,-1,-2,2,0,0,1,1,-2,4,2,3,2,5,0,0,0,0,5,-3,-3,0,3,1,0,-1,-1,-1,-1,1,2,-1
KR_6709825766,440,1,-32,-21,10,0,0,0,4,8,12,1,3,4,4,1,5,1,2,3,2,13,30,0,-2,2,0,0,1,-1,1,1,1,6,-1
KR_6733793417,420,-4,-116,-33,-4,-1,2,1,-2,6,4,-4,5,1,2,1,3,1,0,1,0,5,1,5,-9,4,-5,0,0,0,0,-1,-1,0,-1
KR_6758894894,420,-5,-109,-16,-10,-6,7,1,0,2,2,-2,2,0,-2,4,2,0,0,0,0,-3,-4,-1,-2,3,-3,0,-2,0,1,-1,-1,0,-1
KR_6754879660,420,-7,-61,-56,-10,-6,7,1,-2,2,0,-2,4,2,0,1,1,0,1,1,0,-5,-2,-1,-2,3,-2,0,-3,-1,-1,-1,-1,4,-1
KR_6760259821,420,-5,-48,7,-13,-5,7,2,3,1,4,-8,8,0,-2,7,5,-1,2,1,0,-6,-8,-3,0,3,-2,0,0,-1,1,0,-1,6,-1
KR_6749222804,440,-4,13,-8,-7,-3,4,1,1,4,5,-3,5,2,-1,5,4,-1,1,0,-2,-16,5,2,-8,6,-5,0,0,1,-1,0,-1,5,-1
KR_6760730033,420,1,39,20,-6,2,3,5,1,2,3,0,4,4,-6,6,0,-3,3,0,0,-6,-33,0,-3,3,-4,0,-1,-1,1,-1,1,4,-1
KR_6628386483,420,0,-38,8,-3,-3,3,0,2,1,3,3,1,4,3,3,6,-8,8,0,-1,2,-284,-1,-1,2,-4,0,0,-1,-1,-1,-1,3,-1
KR_6749184437,420,0,-38,20,-4,1,2,3,-5,6,1,-1,3,2,-1,4,3,2,0,2,0,0,-333,-3,-2,5,0,0,0,-1,-1,0,1,4,-1
KR_6760662918,420,-5,-111,7,-12,-2,5,3,4,1,5,-5,8,3,-6,7,1,-3,3,0,0,-15,-124,2,-6,4,-1,0,-3,1,1,-1,-1,1,-1
KR_6701864865,440,5,63,20,19,7,0,7,2,1,3,2,4,6,8,0,8,0,1,1,0,13,-405,3,-4,1,0,0,2,-1,1,1,1,1,-1
KR_6743036531,420,-5,13,-34,-8,-6,6,0,-2,5,3,2,3,5,2,0,2,-4,4,0,-1,0,-4,2,-4,2,3,0,-1,-1,-1,-1,-1,6,-1
KR_6694991768,420,-2,21,-20,-5,0,0,0,-5,6,1,1,1,2,-1,1,0,0,0,0,0,-4,-6,0,-2,2,-4,0,0,-1,0,0,-1,3,-1
KR_6752813491,420,-1,15,4,6,-1,3,2,1,0,1,4,0,4,-2,3,1,4,0,4,0,6,6,-2,-1,3,2,0,0,0,0,-1,1,0,-1
KR_6747011395,420,-4,-18,13,-6,2,2,4,0,1,1,-3,3,0,-2,3,1,-3,5,2,0,-5,-17,-2,-5,7,2,0,0,-1,1,0,1,3,-1
KR_6601779714,420,3,-1,32,8,-2,3,1,4,0,4,4,0,4,1,0,1,1,0,1,0,4,5,-3,0,3,3,0,0,1,1,1,1,1,-1
KR_6762636096,420,1,-15,28,0,0,1,1,1,3,4,-1,4,3,-2,2,0,2,0,2,0,0,17,0,-4,4,-4,0,0,-1,1,1,1,1,-1
KR_6761463103,420,-1,-68,-40,-3,-6,7,1,5,0,5,-4,5,1,0,1,1,2,1,3,-1,8,-2,2,-3,1,-1,0,-2,1,-1,-1,-1,3,-1
KR_6668980107,440,-4,-23,-12,-9,-1,1,0,-1,2,1,-2,2,0,-4,5,1,-1,1,0,0,-9,-5,-3,-4,7,-3,0,-1,-1,1,-1,-1,6,-1
KR_6751150673,440,0,-58,12,1,3,0,3,0,0,0,-2,2,0,1,3,4,-1,1,0,0,3,-17,0,-1,1,-1,0,0,1,0,0,-1,3,-1
KR_6753996557,440,-1,17,-20,2,-2,3,1,-1,5,4,1,4,5,2,2,4,2,0,2,0,9,-5,-1,-2,3,3,0,1,0,0,1,-1,0,-1
KR_6753704822,420,2,27,24,6,0,1,1,2,0,2,-3,5,2,7,0,7,0,0,0,1,6,-2,5,-5,0,-1,0,2,0,0,1,1,0,-1
KR_6685787521,420,-6,-27,-40,-9,3,0,3,-1,2,1,-4,5,1,-4,5,1,-3,3,0,-2,-11,-112,0,-2,2,-1,0,0,-1,-1,0,-1,1,-1
KR_6601538417,420,-4,-54,-15,-6,-3,3,0,-7,7,0,-2,4,2,4,0,4,2,1,3,0,-2,-3,-1,-2,3,1,0,-3,-1,-1,-1,1,6,-1
KR_6748690119,420,-2,-98,36,-7,-5,5,0,2,0,2,-3,3,0,0,3,3,-1,1,0,0,-1,-11,-1,-1,2,-2,0,-1,-1,1,-1,-1,3,-1
KR_6754258722,420,-5,-74,8,-13,4,1,5,0,2,2,-10,11,1,-5,5,0,-2,2,0,0,-8,-14,0,-2,2,-2,0,-2,-1,-1,-1,-1,6,-1
KR_6684536641,420,0,-54,3,-8,-3,3,0,5,0,5,-6,7,1,-3,4,1,-1,4,3,0,-1,-2,5,-6,1,-3,0,-1,-1,0,-1,-1,1,-1
KR_6598586118,420,-1,36,-15,5,2,0,2,4,3,7,-1,1,0,1,2,3,-1,1,0,0,6,8,1,-3,2,0,0,0,1,-1,0,1,4,-1
KR_6740990160,420,-2,-40,-27,-3,3,0,3,-2,5,3,-4,6,2,0,2,2,0,1,1,0,1,-4,-1,-1,2,1,0,-1,-1,1,-1,1,4,-1
KR_6760017536,420,-3,-39,-21,-5,0,4,4,0,4,4,-3,3,0,-3,6,3,1,1,2,0,-2,-11,-2,-3,5,-2,0,1,-1,-1,1,-1,1,-1
KR_6735448243,420,-15,-143,-98,-32,-11,13,2,-4,4,0,-11,13,2,1,2,3,-7,7,0,-2,-22,-15,-1,0,1,1,-1,-6,-1,-1,-1,-1,6,-1
KR_6756300082,440,-5,-90,-4,-15,-2,2,0,-3,3,0,0,2,2,-8,8,0,-2,2,0,0,-12,-1,-5,-1,6,-5,0,-1,1,0,-1,1,2,-1
KR_6740850561,420,-3,5,-32,-4,-6,6,0,-5,7,2,-3,5,2,9,1,10,1,0,1,0,7,56,1,-4,3,-17,0,-2,-1,-1,-1,-1,4,-1
KR_6658613594,420,-5,-39,-59,-6,-7,7,0,0,0,0,1,0,1,0,0,0,0,0,0,0,0,2,5,-7,2,5,0,0,1,-1,-1,-1,2,-1
KR_6739169619,420,-4,-29,-52,-7,-7,7,0,-3,5,2,1,1,2,1,0,1,1,2,3,0,-2,-41,2,-4,2,17,0,0,-1,1,-1,-1,2,-1
KR_6685638553,420,1,-44,4,-6,2,2,4,0,2,2,1,1,2,-5,5,0,-4,5,1,0,-12,-2,-1,-1,2,2,0,0,0,1,-1,-1,0,-1
KR_6663903710,420,2,47,-4,2,1,1,2,-4,6,2,4,0,4,2,1,3,-1,1,0,-1,4,4,0,-2,2,1,0,0,-1,0,0,-1,6,-1
KR_6752362006,420,-8,-127,-60,-16,-4,6,2,4,0,4,-11,11,0,-5,9,4,0,0,0,-3,-13,11,2,-4,2,-2,0,-3,0,0,-1,-1,0,-1
KR_6762084461,420,0,-15,12,1,-1,3,2,3,0,3,0,0,0,0,2,2,-1,1,0,0,-9,113,-2,-1,3,-1,0,0,-1,1,1,1,4,-1
KR_6712261188,420,-2,6,7,4,1,1,2,2,1,3,-3,5,2,3,0,3,1,0,1,0,4,10,2,-3,1,-3,0,1,1,1,1,1,6,-1
KR_6745229622,420,1,-30,20,5,2,1,3,4,1,5,-7,7,0,1,3,4,5,0,5,0,8,-11,-2,-3,5,3,0,-1,1,-1,-1,-1,4,-1
KR_6737726287,420,-3,-52,6,-14,-5,5,0,-1,2,1,-3,3,0,-3,3,0,-2,2,0,0,-7,2,-2,0,2,0,0,-2,-1,-1,-1,1,2,-1
KR_6760231975,420,0,55,15,0,2,3,5,-1,2,1,0,5,5,-4,7,3,3,1,4,0,1,10,-2,-1,3,-1,0,2,1,1,1,1,5,-1
KR_6750553564,420,1,34,12,-3,2,0,2,0,3,3,3,2,5,-7,10,3,-1,2,1,1,-5,397,1,-4,3,-1,0,1,1,0,1,1,3,-1
KR_6761833062,420,0,10,0,0,0,2,2,3,0,3,-3,4,1,0,0,0,0,1,1,0,0,5,1,-2,1,-2,0,0,1,0,0,-1,2,-1
KR_6728029304,420,-4,-19,4,-9,-5,6,1,1,0,1,-4,5,1,0,1,1,-1,1,0,0,0,-8,0,-2,2,-3,0,-3,-1,1,-1,-1,4,-1
KR_6695215706,420,0,8,-2,0,3,1,4,-1,5,4,1,2,3,0,2,2,-3,3,0,0,-5,-13,-2,-4,6,-2,0,1,1,-1,1,-1,6,-1
KR_6655072956,420,0,-30,-16,0,6,1,7,-4,5,1,-1,3,2,0,4,4,-1,1,0,-1,-1,-11,-1,-1,2,2,0,1,1,1,1,-1,3,-1
KR_6725369076,420,-4,-54,-11,-12,1,0,1,-5,6,1,1,0,1,-5,6,1,-4,4,0,0,-15,-1,0,-7,7,-5,0,-2,1,1,-1,-1,5,-1
KR_6657354584,420,1,-26,63,-5,0,2,2,-1,1,0,-2,6,4,-3,5,2,1,1,2,0,-4,-13,-8,-2,10,1,0,0,-1,-1,0,-1,4,-1
KR_6764546626,420,-1,-47,-4,-3,-4,4,0,-1,3,2,2,2,4,0,1,1,0,1,1,-1,5,-5,1,-4,3,-3,0,-2,-1,-1,-1,-1,1,-1
KR_6715756294,420,-2,-87,32,-4,-6,6,0,3,3,6,-2,3,1,2,1,3,-1,2,1,3,-3,9,-2,-3,5,0,0,0,1,1,-1,1,4,-1
KR_6643487922,420,-2,24,25,-5,-1,4,3,-2,2,0,0,0,0,-2,5,3,0,1,1,0,-5,-5,-3,-2,5,3,0,0,-1,1,0,-1,3,-1
KR_6651334354,440,-1,-27,12,-5,0,4,4,2,0,2,-4,5,1,-4,5,1,1,1,2,0,-4,3,1,-2,1,-4,0,0,-1,0,0,-1,5,-1
KR_6747159041,420,2,42,0,2,-1,1,0,2,0,2,-3,3,0,4,1,5,0,0,0,0,1,1,-1,-3,4,-1,0,0,-1,0,0,1,3,-1
KR_6745831172,420,-2,-37,23,-10,-8,9,1,1,4,5,-3,4,1,-1,2,1,1,0,1,-1,-6,0,-6,-1,7,1,0,0,1,-1,-1,-1,6,-1
KR_6630379290,420,-4,-68,-28,-11,0,0,0,-2,5,3,-1,3,2,-8,8,0,0,1,1,0,-12,5,-6,-3,9,-6,0,-1,-1,1,-1,-1,3,-1
KR_6677559762,420,-2,-22,-32,-8,-4,5,1,0,2,2,2,1,3,-6,6,0,0,0,0,0,-6,1,-3,-2,5,1,0,0,1,-1,0,-1,1,-1
KR_6715789097,420,-4,-10,5,-1,-2,2,0,-2,4,2,2,0,2,1,1,2,0,1,1,0,-2,0,1,-1,0,-3,0,0,1,-1,0,1,2,-1
KR_6763019825,440,-3,-25,-28,-12,-13,14,1,1,1,2,2,1,3,1,4,5,-3,4,1,0,-2,-287,5,-5,0,-4,0,-1,0,0,-1,-1,0,-1
KR_6659200181,420,3,74,20,3,0,0,0,2,3,5,0,2,2,0,4,4,1,0,1,0,5,22,-1,-6,7,0,0,0,0,-1,1,-1,0,-1
KR_6707573266,420,-3,-1,4,-3,7,1,8,0,2,2,-3,3,0,-4,6,2,-3,3,0,0,-10,3,0,-2,2,-4,0,1,1,1,1,-1,2,-1
KR_6751234014,440,-2,7,-23,-17,-2,4,2,2,4,6,-9,9,0,-9,9,0,1,1,2,0,-10,103,2,-2,0,-1,0,0,0,0,1,-1,0,-1
KR_6758348726,440,-4,-19,1,-9,-7,7,0,0,2,2,1,0,1,0,4,4,-3,3,0,0,-8,8,1,-2,1,2,0,1,0,0,1,1,0,-1
KR_6611740711,420,2,16,23,3,1,0,1,-3,3,0,-2,3,1,7,1,8,0,5,5,0,4,2,1,-2,1,1,0,1,-1,1,1,1,2,-1
KR_6736154072,420,-2,-62,-32,-3,-2,5,3,-2,3,1,2,2,4,-1,3,2,0,2,2,-1,-8,5,-1,0,1,-2,0,0,1,-1,0,-1,6,-1
KR_6708282514,420,-1,-76,28,0,-3,3,0,1,1,2,-6,7,1,-1,2,1,9,0,9,0,5,401,-7,-1,8,2,0,0,-1,1,-1,-1,2,-1
KR_6723526464,420,-2,-14,0,-10,-5,7,2,-6,6,0,2,1,3,0,1,1,-1,2,1,0,-7,14,3,-3,0,-1,0,1,-1,-1,1,1,6,-1
KR_6596272892,420,-2,-25,-8,-3,-4,5,1,1,1,2,0,4,4,1,1,2,-1,1,0,0,6,16,-4,-3,7,-3,0,-1,-1,-1,-1,-1,2,-1
KR_6754854830,420,1,37,0,8,0,3,3,3,0,3,4,0,4,2,1,3,-1,5,4,0,10,-193,1,-2,1,4,0,1,1,-1,1,1,1,-1
KR_6670716220,420,-1,2,-16,0,4,0,4,0,2,2,-1,1,0,-2,3,1,-1,2,1,0,1,4,0,-3,3,0,0,1,1,-1,1,1,2,-1
KR_6644380836,420,-7,-70,-43,-11,-2,2,0,-8,10,2,-1,5,4,-1,1,0,1,2,3,1,-3,21,1,-4,3,-1,0,-1,0,-1,-1,1,0,-1
KR_6644458820,420,-2,-49,-8,-7,-4,5,1,0,5,5,2,0,2,-5,6,1,0,0,0,-1,-6,8,0,-3,3,1,0,-1,-1,-1,-1,-1,6,-1
KR_6700437169,420,-3,-59,-22,-1,-5,5,0,-2,2,0,7,3,10,0,0,0,-1,2,1,0,-2,1,-1,0,1,-3,0,-2,-1,-1,-1,1,1,-1
KR_6751517133,420,-2,-99,20,-4,1,3,4,1,1,2,2,1,3,-7,8,1,-1,1,0,0,-6,-5,3,-4,1,-1,0,0,1,1,0,1,5,-1
KR_6753833937,440,-2,-44,-8,-4,0,2,2,-3,4,1,1,1,2,3,2,5,-5,7,2,0,-8,-3,4,-4,0,2,0,1,1,-1,-1,-1,2,-1
KR_6700101994,420,-3,1,4,-7,0,2,2,-4,4,0,0,3,3,-1,1,0,-2,2,0,0,-6,0,1,-4,3,1,0,0,0,-1,0,-1,0,-1
KR_6707056125,420,1,5,-20,0,-2,3,1,-1,1,0,-2,2,0,2,2,4,3,0,3,0,2,2,1,-4,3,-1,0,0,-1,-1,0,-1,5,-1
KR_6651990840,420,-1,53,13,-9,3,1,4,-6,7,1,2,0,2,-4,6,2,-4,4,0,0,-14,-23,-1,-5,6,2,0,0,-1,-1,0,-1,2,-1
KR_6732936585,440,-5,-102,-26,-13,-1,2,1,-9,10,1,-1,2,1,-1,6,5,-1,1,0,-1,-9,-213,-2,-5,7,-4,0,-2,-1,-1,-1,-1,6,-1
KR_6674817682,420,-1,-2,16,-3,1,1,2,-3,3,0,3,2,5,-4,6,2,0,1,1,0,-3,2,-4,-2,6,-1,0,0,-1,-1,0,1,1,-1
KR_6651787654,420,1,-67,8,-6,1,0,1,-1,2,1,-4,6,2,-2,4,2,0,1,1,0,-3,-4,0,-4,4,-3,0,1,0,-1,-1,1,0,-1
KR_6741096126,420,-5,-82,-8,-9,-2,3,1,-3,4,1,-6,6,0,2,1,3,0,1,1,0,-2,-207,1,-2,1,0,0,0,0,1,-1,-1,0,-1
KR_6763034097,420,-7,-99,-8,-20,-5,5,0,0,2,2,-2,5,3,-13,13,0,0,1,1,-1,-11,10,-3,0,3,-4,0,-2,-1,-1,-1,-1,1,-1
KR_6752141916,420,-8,-101,-7,-16,-3,3,0,-5,7,2,0,3,3,-5,6,1,-3,3,0,0,-11,-4,5,-6,1,-3,0,-1,1,1,-1,-1,4,-1
KR_6764116036,420,-1,-39,0,4,0,0,0,-1,2,1,-5,5,0,9,0,9,1,0,1,0,7,21,0,-6,6,-5,0,1,1,1,1,1,5,-1
KR_6764258093,420,0,-63,-1,3,-5,5,0,2,2,4,7,0,7,0,3,3,-1,1,0,0,-3,9,2,-5,3,-2,0,-1,1,-1,-1,-1,3,-1
KR_6760281083,420,-4,-28,-7,-9,-4,5,1,-1,3,2,-3,3,0,-1,2,1,0,1,1,0,-2,-120,0,-3,3,0,0,-2,-1,-1,-1,-1,4,-1
KR_6723138547,420,-1,18,-12,-3,0,1,1,-1,1,0,0,1,1,-1,3,2,-1,1,0,0,-2,4,0,-1,1,-1,0,0,-1,1,0,1,1,-1
KR_6764092366,420,3,-39,12,4,-4,6,2,-1,3,2,7,1,8,3,2,5,-1,1,0,0,5,53,2,-8,6,-24,0,1,1,-1,1,-1,5,-1
KR_6695629182,420,-2,-9,0,3,-3,3,0,0,2,2,0,3,3,2,1,3,4,1,5,0,-3,29,-1,0,1,-19,0,0,-1,0,-1,1,1,-1
KR_6684096665,440,0,-14,20,0,0,0,0,2,3,5,0,2,2,0,3,3,-2,2,0,0,-2,300,0,-2,2,0,0,0,-1,1,-1,1,4,-1
KR_6698257662,420,0,38,10,-12,-2,2,0,-3,5,2,-3,4,1,-4,5,1,0,2,2,0,-14,42,0,-2,2,-18,0,2,0,1,1,-1,0,-1
KR_6763964421,420,-1,-44,-13,-2,-3,3,0,1,1,2,2,2,4,-2,3,1,0,1,1,0,-1,-6,1,-5,4,-1,0,0,-1,-1,0,-1,4,-1
KR_6704417849,420,-4,-24,-28,0,1,5,6,-4,4,0,-1,6,5,0,1,1,4,0,4,1,-1,-14,-1,-2,3,0,0,0,1,-1,0,1,3,-1
KR_6656699124,420,-2,9,0,-8,2,0,2,0,0,0,-3,5,2,-6,6,0,-1,1,0,0,-13,105,1,-9,8,1,0,-2,-1,-1,-1,-1,5,-1
KR_6755983283,420,1,-3,12,3,-3,4,1,2,1,3,2,2,4,3,0,3,-1,4,3,1,-3,-3,1,-3,2,4,0,-1,-1,1,-1,1,5,-1
KR_6759053832,420,-3,-25,6,-11,-1,2,1,1,1,2,-7,7,0,-6,8,2,2,0,2,-1,-9,7,1,-3,2,-3,0,0,-1,1,0,-1,4,-1
KR_6747518529,420,-6,-43,-26,-8,1,1,2,0,1,1,-1,5,4,-6,8,2,-2,2,0,0,-11,105,1,-4,3,-3,0,-1,-1,-1,-1,-1,2,-1
KR_6751146354,420,-1,31,10,-1,-4,4,0,-3,5,2,1,3,4,1,1,2,4,0,4,0,7,0,3,-9,6,-1,0,1,-1,-1,1,1,5,-1
KR_6738013967,420,-7,-65,-12,-16,-4,5,1,-6,6,0,1,2,3,-6,7,1,-1,3,2,1,-15,-11,-6,0,6,-2,0,-1,-1,-1,-1,1,1,-1
KR_6717208041,420,-3,-31,-15,1,1,0,1,0,2,2,-4,5,1,2,3,5,2,0,2,0,-2,-2,1,-2,1,-1,0,0,0,1,-1,1,0,-1
KR_6716657747,420,0,-5,-8,2,0,2,2,0,2,2,0,3,3,3,2,5,-1,1,0,0,5,5,2,-4,2,-5,0,1,-1,1,1,1,3,-1
KR_6681166156,420,-4,-110,-16,-3,-1,2,1,3,2,5,-2,5,3,-6,6,0,3,0,3,0,0,-2,1,-3,2,0,0,0,-1,1,0,-1,3,-1
KR_6687185356,420,-6,-112,-63,-10,2,1,3,-4,4,0,0,2,2,-8,8,0,0,0,0,-1,-9,6,4,-4,0,-2,0,0,-1,-1,-1,-1,3,-1
KR_6672786750,420,-3,-70,-53,-3,1,0,1,1,0,1,-5,6,1,2,0,2,-2,3,1,0,3,-123,0,-2,2,-3,0,0,-1,-1,0,1,4,-1
KR_6757645468,420,-1,-8,8,5,0,0,0,5,1,6,3,1,4,-1,2,1,-2,2,0,0,3,-2,0,0,0,0,0,0,1,-1,-1,1,5,-1
KR_6752194935,440,-2,-29,5,-11,-2,4,2,-4,6,2,-1,3,2,-5,8,3,1,0,1,-2,-15,0,-2,-6,8,4,0,-1,-1,0,-1,-1,5,-1
KR_6728702259,420,2,81,19,3,5,1,6,-6,7,1,0,2,2,5,0,5,-1,1,0,0,1,230,-1,-2,3,18,0,2,1,-1,1,1,2,-1
KR_6745778648,420,-5,-50,-12,-3,4,1,5,2,0,2,-1,2,1,-6,6,0,-2,2,0,0,-7,4,-2,-1,3,-1,0,0,-1,-1,-1,1,2,-1
KR_6714497449,420,0,49,-16,-2,-6,6,0,1,2,3,-3,4,1,4,0,4,2,1,3,0,2,4,1,-4,3,4,0,0,1,-1,-1,-1,3,-1
KR_6707727567,420,-8,-165,-2,-12,-5,5,0,-3,4,1,-4,5,1,0,3,3,0,1,1,-2,-5,-5,-3,-1,4,-1,0,-4,-1,1,-1,-1,6,-1
KR_6729324521,420,-4,-91,-12,-7,-5,5,0,-1,1,0,2,0,2,-3,7,4,0,2,2,0,-6,-11,2,-2,0,-1,0,0,-1,0,0,-1,2,-1
KR_6762638060,440,1,87,-3,-1,0,1,1,1,3,4,3,0,3,-5,5,0,0,1,1,0,-2,23,-5,-4,9,-17,0,-1,-1,0,-1,-1,6,-1
KR_6635099430,420,-5,-15,6,-12,-5,5,0,-3,5,2,0,3,3,-4,4,0,0,0,0,0,-7,-352,-6,-1,7,-4,0,-1,-1,-1,-1,-1,2,-1
KR_6750635843,420,-2,-80,-12,-4,-3,5,2,-1,1,0,1,0,1,-1,2,1,0,0,0,0,-3,8,-1,0,1,2,0,-2,-1,-1,-1,-1,4,-1
KR_6629261036,440,1,18,44,-1,-1,3,2,-1,3,2,4,0,4,0,4,4,-3,3,0,1,-6,5,-4,0,4,-1,0,-1,-1,-1,-1,1,5,-1
KR_6759992990,420,6,64,4,8,-2,2,0,6,1,7,4,2,6,1,0,1,-1,1,0,0,6,7,1,-2,1,-1,0,1,1,0,1,1,3,-1
KR_6630142184,420,-2,-48,-6,0,0,1,1,1,2,3,-1,1,0,-1,3,2,1,1,2,0,-4,1,3,-3,0,-3,0,-2,1,-1,-1,1,4,-1
KR_6733252775,420,-3,-25,-21,-9,-2,2,0,-1,2,1,-3,5,2,-3,5,2,0,3,3,0,-7,-8,-7,-1,8,1,0,-2,-1,-1,-1,1,3,-1
KR_6762359588,420,-7,-90,8,-14,-2,2,0,-6,7,1,-4,5,1,-1,4,3,-1,2,1,0,-16,12,4,-7,3,1,0,0,-1,1,-1,-1,2,-1
KR_6660376835,420,-3,-95,-4,-7,-2,3,1,5,1,6,-6,8,2,-2,2,0,-2,3,1,0,-2,31,2,-5,3,-20,0,0,-1,0,-1,1,2,-1
KR_6710993590,420,1,2,20,-6,0,3,3,2,2,4,-1,2,1,-6,6,0,-1,1,0,-2,-12,107,3,-5,2,-7,0,0,0,-1,-1,-1,0,-1
KR_6762197296,420,1,82,-24,1,0,3,3,-4,6,2,3,1,4,1,1,2,1,2,3,0,4,5,0,-2,2,-3,0,0,0,-1,0,-1,0,-1
KR_6719189918,440,-2,-112,8,-2,-7,8,1,5,1,6,4,3,7,-2,5,3,-2,2,0,0,1,96,0,-4,4,0,0,-1,1,-1,-1,-1,2,-1
KR_6754205758,420,-2,-51,-12,3,0,0,0,5,0,5,-3,5,2,2,3,5,-1,3,2,0,7,3,0,-2,2,-3,0,-1,1,-1,-1,1,5,-1
KR_6764116043,420,-2,37,-32,-5,2,1,3,-3,3,0,-4,6,2,-1,2,1,1,0,1,0,-8,10,-4,-3,7,-5,0,0,-1,-1,0,1,1,-1
KR_6695563770,420,-3,71,-40,-5,-1,4,3,-6,6,0,2,0,2,1,1,2,-1,1,0,0,-3,3,-1,-1,2,1,0,-1,-1,-1,-1,-1,4,-1
KR_6750844279,420,-2,-65,-28,-7,0,3,3,0,1,1,0,0,0,-4,7,3,-3,3,0,0,-5,16,-1,-1,2,-2,0,0,-1,0,0,-1,2,-1
KR_6611471366,420,-4,-75,-41,-3,3,0,3,-1,5,4,-4,6,2,0,3,3,-1,1,0,0,-2,-7,1,-3,2,0,0,-1,-1,-1,-1,1,6,-1
KR_6664395740,420,-1,-15,-4,-5,1,0,1,2,0,2,1,1,2,-7,10,3,-2,3,1,0,-8,2,0,-3,3,-2,0,0,-1,0,-1,1,4,-1
KR_6718449653,420,-2,-61,0,-5,2,4,6,-2,3,1,-3,4,1,0,1,1,-2,2,0,-1,-6,-28,-8,-2,10,-2,0,1,-1,1,1,-1,3,-1
KR_6730717235,420,-4,17,2,-12,-6,6,0,-2,3,1,-1,2,1,1,3,4,-4,5,1,0,-13,6,3,-4,1,-7,0,-2,-1,1,-1,-1,5,-1
KR_6763036702,420,0,26,-28,-3,-1,4,3,-3,4,1,1,1,2,1,0,1,-1,1,0,0,-2,-2,-6,-1,7,2,0,1,0,0,1,-1,0,-1
KR_6730459395,440,0,21,-20,-1,1,0,1,-4,6,2,0,3,3,1,0,1,1,5,6,-1,-10,-14,-2,-3,5,-2,0,0,0,1,0,-1,0,-1
KR_6706906410,420,-3,-56,-5,3,2,1,3,1,1,2,-3,3,0,4,1,5,-1,3,2,0,1,-11,-3,-2,5,3,0,0,0,-1,0,-1,0,-1
KR_6760726981,420,-1,-18,5,-6,3,2,5,-1,2,1,-6,7,1,-1,7,6,-1,1,0,1,-2,0,2,-4,2,0,0,-2,1,-1,-1,1,1,-1
KR_6703522205,420,-1,-47,12,0,-3,4,1,1,1,2,-1,3,2,1,2,3,2,0,2,1,2,-220,-6,-2,8,2,0,-1,-1,-1,-1,1,3,-1
KR_6634637173,420,-5,-18,-1,-13,-3,3,0,-5,6,1,-1,2,1,-3,4,1,-1,1,0,0,-12,-33,0,-3,3,2,0,0,-1,-1,-1,1,4,-1
KR_6759650432,440,-1,-10,-12,-7,-5,6,1,-1,4,3,-3,7,4,2,2,4,0,1,1,1,-7,-4,-3,0,3,1,0,0,0,0,0,1,0,-1
KR_6737184271,440,2,37,7,3,4,0,4,-1,3,2,5,1,6,-2,5,3,-3,3,0,1,1,-5,-2,-3,5,1,0,0,1,0,-1,1,6,-1
KR_6711013280,420,-3,68,-19,-1,2,0,2,-1,2,1,-4,4,0,0,1,1,2,1,3,0,-5,3,6,-6,0,2,0,1,-1,1,1,1,1,-1
KR_6738269501,440,-2,-34,-40,-14,-4,6,2,-5,6,1,-6,7,1,-1,4,3,2,0,2,0,-14,-6,-3,-1,4,-1,0,0,-1,-1,0,1,4,-1
KR_6724508001,420,-3,-81,-4,-3,2,1,3,-7,8,1,-2,2,0,1,0,1,3,2,5,0,-2,10,7,-9,2,-3,0,1,1,-1,1,-1,5,-1
KR_6763383233,420,-1,-29,29,6,-1,2,1,3,1,4,2,2,4,1,1,2,1,0,1,0,2,2,2,-5,3,-4,0,-3,-1,-1,-1,1,2,-1
KR_6754549619,420,-4,-32,-16,-7,0,0,0,0,1,1,1,2,3,-1,3,2,-7,7,0,0,-10,-5,-2,-3,5,-1,0,-3,0,0,-1,-1,0,-1
KR_6713542446,420,-4,15,-61,-12,0,0,0,-7,7,0,1,1,2,-7,9,2,1,1,2,0,-13,11,2,-4,2,2,0,0,-1,-1,-1,-1,1,-1
KR_6719541778,440,0,-27,-2,5,0,2,2,5,1,6,2,0,2,-4,5,1,2,3,5,2,9,-34,0,-4,4,12,0,0,1,0,0,1,1,-1
KR_6672362642,420,1,-58,-14,3,2,0,2,1,1,2,-2,3,1,2,1,3,0,0,0,0,0,-1,0,-5,5,-1,0,0,-1,-1,0,1,5,-1
KR_6727195479,420,-4,-153,-28,-6,1,0,1,-3,3,0,-4,5,1,0,0,0,0,0,0,0,-1,0,-6,0,6,3,0,-1,1,-1,-1,-1,2,-1
KR_6530738744,420,-1,0,-12,-4,2,0,2,0,4,4,0,1,1,-5,5,0,-1,2,1,0,-7,10,0,-4,4,-2,0,1,-1,1,1,-1,5,-1
KR_6754717778,420,-2,-57,2,-1,0,2,2,0,0,0,-1,3,2,0,1,1,0,2,2,0,0,-2,1,-4,3,-1,0,0,1,1,-1,-1,4,-1
KR_6726548910,420,-2,-64,-24,-9,0,0,0,-2,3,1,-3,4,1,-3,5,2,-1,1,0,0,-11,10,4,-6,2,-4,0,0,-1,-1,-1,-1,4,-1
KR_6732721613,420,0,93,-34,-5,3,1,4,3,1,4,-3,4,1,-3,5,2,-5,5,0,0,-2,0,1,-3,2,0,0,0,0,-1,0,1,0,-1
KR_6755501376,420,-1,8,-28,-4,1,2,3,-3,4,1,-1,3,2,0,4,4,-1,3,2,0,1,2,4,-7,3,-1,0,-1,1,-1,-1,-1,6,-1
KR_6727096268,420,-3,-64,11,-7,2,2,4,-6,7,1,-3,3,0,-2,4,2,2,2,4,1,-4,-254,3,-4,1,-3,0,-1,-1,-1,-1,1,3,-1
KR_6756069827,420,2,3,-28,12,2,0,2,-1,3,2,0,4,4,2,0,2,9,2,11,0,4,-10,4,-6,2,-1,0,1,0,1,1,-1,0,-1
KR_6758199419,420,-4,-112,9,-16,-4,4,0,-1,3,2,-1,3,2,-9,10,1,-1,2,1,0,-8,118,0,-5,5,-5,0,-1,0,1,-1,-1,0,-1
KR_6697096910,420,-3,-61,-4,-1,1,0,1,-3,4,1,-1,3,2,-1,3,2,3,0,3,0,-6,-4,-5,0,5,-2,0,0,-1,0,-1,1,5,-1
KR_6604401943,420,1,2,-3,0,2,4,6,4,0,4,-4,6,2,-1,4,3,-1,2,1,0,-2,-4,-1,-3,4,2,0,0,-1,0,-1,1,1,-1
KR_6691100430,420,-4,-70,-12,-9,-7,7,0,1,5,6,-2,4,2,-1,2,1,0,0,0,0,-2,-7,1,-6,5,4,0,-3,-1,-1,-1,1,6,-1
KR_6763244062,420,-1,-30,4,-2,1,0,1,1,0,1,-2,2,0,-2,3,1,0,0,0,0,-2,-183,1,-6,5,-4,0,0,-1,1,0,-1,6,-1
KR_6705642247,420,1,10,2,-2,-3,4,1,-2,4,2,-1,2,1,5,3,8,-1,1,0,0,-2,-12,-1,-4,5,4,0,0,1,-1,0,-1,2,-1
KR_6728335740,420,-2,-70,16,-3,-5,8,3,-3,3,0,6,1,7,-2,3,1,1,0,1,0,1,4,-2,-1,3,2,0,-1,1,0,-1,-1,1,-1
KR_6743093592,420,-4,3,-4,-9,-2,3,1,2,0,2,-7,7,0,0,0,0,-2,2,0,0,-10,10,-6,-1,7,-1,0,-1,-1,-1,-1,-1,5,-1
KR_6744315959,420,-4,-93,21,-14,3,0,3,-3,4,1,-12,14,2,-1,1,0,-1,2,1,-1,-5,-12,0,-4,4,-1,0,-1,1,-1,-1,-1,4,-1
KR_6618485724,420,-3,-83,-4,-10,-1,1,0,-3,5,2,-2,2,0,-3,3,0,-1,1,0,0,-4,18,3,-6,3,-4,0,0,1,0,0,-1,6,-1
KR_6743197135,420,-7,-86,-29,-14,-7,8,1,-4,4,0,0,1,1,-3,4,1,0,0,0,0,-12,-25,4,-4,0,0,0,-2,-1,-1,-1,1,3,-1
KR_6764033699,420,-4,-25,-20,-15,-1,3,2,-2,3,1,-3,5,2,-6,7,1,-3,3,0,0,-10,2,-3,0,3,-6,0,-2,-1,-1,-1,1,5,-1
KR_6755968601,420,1,-2,-1,-8,-6,7,1,0,4,4,-3,4,1,2,4,6,-1,2,1,-4,-21,4,-4,-3,7,1,0,0,-1,0,0,-1,1,-1
KR_6723341106,420,0,-89,20,-4,-2,3,1,2,3,5,-2,3,1,-1,3,2,-1,3,2,0,-3,-6,0,0,0,-1,0,0,-1,-1,0,-1,2,-1
KR_6745628912,420,4,82,23,7,3,2,5,3,1,4,1,0,1,-2,2,0,2,0,2,0,3,2,-3,-5,8,2,0,1,-1,-1,1,-1,5,-1
KR_6743911031,420,-1,-45,0,-2,3,0,3,-5,7,2,-4,5,1,3,3,6,1,0,1,-1,4,-9,-2,-2,4,1,0,0,0,-1,-1,-1,0,-1
KR_6747265139,420,-1,-56,-4,-6,-1,3,2,-2,2,0,-1,4,3,-1,3,2,-1,1,0,0,-6,-10,2,-2,0,-2,0,0,1,1,-1,1,3,-1
KR_6751045324,420,-7,-125,-50,-11,-6,6,0,-2,2,0,2,2,4,-4,6,2,-1,2,1,0,-3,-4,2,-4,2,-5,0,-1,1,1,-1,-1,6,-1
KR_6763602397,440,-3,-77,-23,-1,0,0,0,-3,5,2,-3,3,0,2,3,5,3,0,3,-1,-1,-7,-2,-1,3,-1,0,-1,-1,-1,-1,-1,1,-1
KR_6751376388,420,2,27,32,2,4,3,7,0,3,3,1,2,3,0,4,4,-3,5,2,0,0,-3,-2,-1,3,1,0,0,1,-1,1,1,5,-1
KR_6759484120,420,-1,19,-8,1,1,3,4,-1,3,2,-3,7,4,3,1,4,1,0,1,0,3,2,3,-5,2,0,0,1,-1,-1,1,1,5,-1
KR_6760840661,420,-1,-3,-20,2,0,0,0,-1,5,4,3,2,5,0,1,1,0,1,1,1,-4,-5,1,-2,1,2,0,0,-1,1,0,1,5,-1
KR_6749850547,420,1,25,24,2,0,2,2,-1,3,2,-1,5,4,3,2,5,1,2,3,0,0,0,5,-6,1,2,0,0,1,-1,1,1,6,-1
KR_6744107463,420,2,-46,10,-3,1,1,2,-1,3,2,1,1,2,0,3,3,-4,5,1,0,-8,38,1,-6,5,-18,0,0,-1,0,1,1,1,-1
KR_6723531713,420,-5,-175,0,-15,-5,6,1,-4,4,0,0,3,3,-3,7,4,-3,3,0,0,-6,-13,-6,0,6,1,0,-1,-1,-1,-1,-1,1,-1
KR_6751483029,440,-7,-52,-17,-11,-2,6,4,-3,4,1,-3,5,2,-5,6,1,2,2,4,0,-12,-3,1,-3,2,-1,0,0,-1,0,-1,-1,3,-1
KR_6736395216,420,-4,22,-15,-11,0,2,2,-3,4,1,-6,7,1,-1,4,3,-1,2,1,0,-7,8,-2,-2,4,3,0,0,-1,-1,0,1,5,-1
KR_6732940458,420,-1,-1,-40,-10,0,0,0,0,3,3,-1,2,1,-6,7,1,-3,3,0,0,-12,-6,-1,-1,2,-3,0,-1,-1,0,-1,1,6,-1
KR_6677464925,420,-3,-20,-12,-8,3,1,4,-2,5,3,-3,3,0,-2,5,3,-4,4,0,0,-4,250,-6,-2,8,2,0,-1,-1,1,1,-1,1,-1
KR_6662417721,420,-3,27,-24,-9,0,1,1,-6,6,0,0,7,7,-4,5,1,1,0,1,-1,-10,-6,-1,-1,2,-4,0,0,-1,-1,-1,-1,3,-1
KR_6659745900,420,-5,-81,-21,-14,0,1,1,1,1,2,-5,7,2,-10,10,0,0,0,0,0,-8,-13,-3,-1,4,-2,0,-2,-1,0,-1,-1,1,-1
KR_6646073709,420,0,74,-12,2,1,0,1,-2,2,0,-3,4,1,7,0,7,-1,2,1,0,5,-5,4,-4,0,-2,0,0,-1,-1,0,-1,1,-1
KR_6689648810,420,-6,-131,-6,-17,-6,6,0,-1,2,1,-3,3,0,-8,9,1,1,0,1,-1,-16,144,2,-6,4,-3,0,-4,-1,1,-1,-1,1,-1
KR_6684174788,440,5,15,37,4,1,0,1,1,1,2,7,0,7,0,2,2,-5,5,0,0,0,-2,-1,-4,5,-1,0,0,1,0,1,1,5,-1
KR_6744928539,420,-10,-185,-33,-18,-5,6,1,-5,9,4,-4,4,0,-3,3,0,-1,2,1,0,-4,-35,1,-2,1,12,0,-3,-1,-1,-1,-1,5,-1
KR_6745013288,420,0,23,-4,-3,0,2,2,0,2,2,0,1,1,-3,3,0,0,2,2,0,-8,2,-2,-1,3,-1,0,-1,-1,-1,-1,-1,3,-1
KR_6516518644,420,0,-20,-4,-3,-1,1,0,0,2,2,0,3,3,-2,3,1,0,0,0,0,0,-29,1,-2,1,-1,0,0,-1,1,0,1,2,-1
KR_6737929031,420,-5,-76,8,-6,-2,3,1,-1,1,0,1,1,2,-3,3,0,-1,1,0,0,-7,7,-4,0,4,-1,0,-1,1,0,-1,1,1,-1
KR_6693431052,420,-2,5,-8,-5,-1,2,1,-3,4,1,-3,4,1,0,2,2,2,3,5,0,-2,22,-1,-1,2,-19,0,0,0,-1,-1,-1,0,-1
KR_6697059138,420,-1,-50,-16,-1,-1,1,0,1,0,1,2,1,3,-3,3,0,0,0,0,0,-2,1,-2,-3,5,-2,0,-1,-1,1,-1,-1,1,-1
KR_6601590295,420,2,24,39,-2,-1,2,1,-5,6,1,-3,8,5,5,2,7,2,0,2,0,-3,-4,-8,-2,10,4,0,1,1,-1,1,-1,2,-1
KR_6754490033,420,0,48,10,2,-1,1,0,-3,4,1,2,0,2,2,0,2,2,1,3,0,-2,0,-3,-5,8,5,0,0,1,-1,-1,1,4,-1
KR_6756065466,420,2,26,-12,0,1,2,3,1,0,1,2,0,2,-2,4,2,-2,2,0,-1,1,16,1,-3,2,0,0,2,1,1,1,1,4,-1
KR_6727108744,420,-2,-27,-4,-10,-4,4,0,-1,3,2,1,1,2,-5,5,0,-1,2,1,0,-17,-114,3,-6,3,-3,0,0,-1,1,-1,-1,3,-1
KR_6644746587,420,-4,-114,-19,-6,-2,2,0,2,3,5,0,2,2,-4,7,3,-2,2,0,0,-2,-140,-3,-1,4,-4,0,-2,-1,0,-1,1,4,-1
KR_6624098473,420,-3,8,-28,-4,-1,3,2,-3,3,0,0,4,4,0,0,0,0,0,0,0,-1,0,2,-3,1,2,0,0,1,-1,0,-1,2,-1
KR_6733309232,420,1,11,16,-3,3,0,3,-6,7,1,0,4,4,0,0,0,0,0,0,0,-8,5,-3,-1,4,0,0,-2,0,0,1,-1,0,-1
KR_6652354879,420,-4,-72,-16,-12,-3,4,1,-2,3,1,-5,6,1,-1,5,4,-1,1,0,0,-5,-5,-4,-1,5,4,0,-1,-1,1,-1,-1,1,-1
KR_6752767609,420,-4,-115,-32,-17,1,1,2,0,3,3,-12,12,0,-1,2,1,-5,5,0,-1,-4,0,1,-2,1,-3,0,-2,-1,0,-1,-1,5,-1
KR_6764393653,420,1,-13,20,4,-2,3,1,2,0,2,-3,5,2,5,1,6,2,0,2,1,13,3,1,-3,2,2,0,0,-1,-1,1,1,2,-1
KR_6749450201,420,-2,-57,13,0,-4,5,1,-1,1,0,5,0,5,-1,3,2,1,0,1,0,5,7,7,-7,0,-1,0,-1,1,0,-1,-1,5,-1
KR_6708816555,440,-9,-108,-40,-24,-3,4,1,-3,3,0,-7,7,0,-9,11,2,-2,2,0,0,-20,-2,-5,-3,8,-4,0,-2,-1,-1,-1,-1,3,-1
KR_6731051762,420,-1,18,-11,2,0,2,2,0,2,2,4,0,4,-1,3,2,-1,2,1,1,-4,-10,1,-3,2,-1,0,-1,0,-1,-1,1,0,-1
KR_6727683231,420,1,-41,25,0,3,0,3,0,4,4,0,3,3,-4,6,2,1,1,2,0,-5,-37,0,-1,1,21,0,-1,-1,0,1,-1,2,-1
KR_6744654692,440,-3,-84,-52,-4,-1,1,0,0,1,1,0,0,0,-4,5,1,1,0,1,0,-1,-6,-5,-1,6,0,0,0,-1,0,0,-1,4,-1
KR_6696126550,420,-3,-44,-32,-8,-5,7,2,0,1,1,0,1,1,-2,3,1,-1,1,0,0,0,40,2,-2,0,-21,0,0,-1,0,-1,1,1,-1
KR_6761141189,420,-5,-74,12,-13,-3,3,0,0,0,0,-4,4,0,-4,4,0,-2,3,1,0,-8,-11,1,-3,2,-1,0,-2,-1,1,-1,-1,4,-1
KR_6750027149,420,3,13,-4,2,1,1,2,5,0,5,-1,4,3,0,3,3,-3,4,1,-1,0,0,0,-2,2,2,0,-1,-1,1,-1,-1,4,-1
KR_6758661852,420,-1,-11,4,-3,-3,5,2,1,2,3,-3,6,3,1,1,2,1,0,1,0,-2,-9,-3,-4,7,1,0,1,1,-1,-1,-1,1,-1
KR_6660835663,440,0,57,9,-5,0,2,2,1,4,5,-4,5,1,-4,7,3,2,0,2,0,-9,-7,-5,-2,7,5,0,0,-1,1,1,1,4,-1
KR_6747125147,420,-7,-66,-32,-23,-2,5,3,1,0,1,-10,11,1,-10,10,0,-2,2,0,0,-16,-22,-8,0,8,4,0,-4,-1,-1,-1,-1,6,-1
KR_6711047397,420,1,-69,-22,2,-2,3,1,4,0,4,3,0,3,-3,4,1,0,0,0,1,3,-5,0,-5,5,3,0,0,1,-1,-1,1,5,-1
KR_6753864010,420,0,-51,-12,-1,3,0,3,-1,3,2,-2,5,3,-3,3,0,2,1,3,0,-2,-133,2,-3,1,-2,0,0,1,0,0,-1,3,-1
KR_6641718407,420,-3,21,19,-14,-5,6,1,-4,6,2,-6,7,1,0,3,3,1,0,1,0,-16,-164,2,-2,0,0,0,-2,-1,-1,1,-1,3,-1
KR_6692929881,420,0,-8,22,-2,-5,5,0,1,1,2,0,2,2,1,3,4,1,0,1,0,3,-20,4,-8,4,-2,0,-1,1,1,-1,-1,6,-1
KR_6714684979,420,-4,-42,-12,2,4,1,5,1,0,1,-3,3,0,1,0,1,-1,2,1,1,-1,-7,-4,-1,5,3,0,-2,-1,1,-1,1,1,-1
KR_6655432533,420,-6,-29,-5,-15,0,3,3,-6,7,1,-6,7,1,-2,6,4,-1,3,2,-1,-14,-33,-5,-1,6,-3,0,0,0,-1,-1,-1,0,-1
KR_6656179343,420,-1,-2,-12,-4,3,0,3,-4,5,1,-3,5,2,-1,2,1,1,3,4,0,-3,-45,2,-5,3,20,0,1,-1,1,1,-1,6,-1
KR_6760425466,420,-2,-20,-10,-8,-7,8,1,2,1,3,-2,5,3,2,1,3,-3,3,0,-1,-1,17,3,-5,2,2,0,-1,-1,0,-1,-1,1,-1
KR_6695973261,420,-1,-86,15,-1,-5,6,1,1,1,2,5,2,7,-1,4,3,-1,1,0,0,3,-10,0,-2,2,3,0,-1,-1,1,-1,-1,6,-1
KR_6738522946,420,-2,-94,-28,-4,-3,3,0,1,1,2,-3,4,1,2,0,2,-1,1,0,0,1,36,-1,-3,4,-26,0,-2,-1,-1,-1,-1,5,-1
KR_6764251052,420,-1,12,3,1,-2,3,1,-4,5,1,3,1,4,2,1,3,2,2,4,-1,0,-261,-5,-1,6,-2,0,0,-1,1,0,-1,5,-1
KR_6754482868,440,-2,18,-4,-9,-2,5,3,-2,2,0,0,4,4,-3,4,1,-2,2,0,0,-13,2,2,-5,3,2,0,0,-1,1,0,-1,5,-1
KR_6759037838,420,-2,-88,-19,-5,0,2,2,-1,2,1,2,2,4,-8,9,1,2,0,2,0,0,2,0,-4,4,-7,0,-2,-1,1,-1,1,5,-1
KR_6735949599,420,1,26,10,-4,-1,1,0,0,3,3,-4,4,0,1,0,1,0,2,2,0,-12,12,-6,-1,7,0,0,0,0,1,0,1,0,-1
KR_6652974001,420,1,-93,4,-6,-2,3,1,0,3,3,-4,5,1,1,2,3,-1,1,0,-1,1,-2,-1,0,1,2,0,-1,-1,1,-1,-1,5,-1
KR_6764196155,420,0,-3,-4,5,-2,2,0,-2,4,2,6,1,7,2,3,5,1,1,2,1,9,4,0,-2,2,0,0,1,-1,1,1,1,2,-1
KR_6736397196,420,-5,-25,25,-12,-9,9,0,-1,3,2,-4,4,0,2,0,2,0,0,0,0,-6,-16,1,-3,2,-1,0,-1,1,-1,-1,1,6,-1
KR_6713885747,420,-5,-36,-16,-7,-3,4,1,-3,3,0,1,2,3,-2,5,3,0,0,0,0,-4,-11,2,-5,3,1,0,1,-1,-1,1,1,6,-1
KR_6710385107,420,0,50,-12,1,0,1,1,-4,5,1,-1,3,2,4,0,4,2,0,2,0,5,-4,1,-4,3,3,0,1,1,0,1,-1,3,-1
KR_6704309351,440,-4,-33,-20,-9,-1,2,1,-2,4,2,-2,8,6,-2,3,1,-2,3,1,0,-2,33,3,-5,2,0,0,-2,1,0,-1,-1,2,-1
KR_6713010466,420,1,64,0,3,0,1,1,0,3,3,1,3,4,0,1,1,2,0,2,0,6,7,1,-3,2,-2,0,0,1,0,0,1,1,-1
KR_6726426549,440,-10,-133,-39,-31,-7,7,0,-6,9,3,-7,9,2,-10,12,2,-1,4,3,-2,-22,412,-1,0,1,0,0,-4,0,-1,-1,-1,0,-1
KR_6626988533,420,-2,15,-24,-5,1,1,2,-3,4,1,-5,7,2,4,2,6,-2,3,1,0,2,1,1,-1,0,2,0,0,-1,1,1,-1,3,-1
KR_6749910827,420,-4,45,-19,-8,4,0,4,2,1,3,-4,4,0,-8,10,2,-2,2,0,1,-11,256,-6,-2,8,1,0,0,-1,1,-1,1,1,-1
KR_6756753424,420,-4,-41,-16,-8,0,1,1,-2,2,0,-3,7,4,0,1,1,-3,3,0,0,-3,3,-1,-1,2,0,0,-1,-1,-1,-1,1,1,-1
KR_6751343961,420,-3,-33,-32,-5,1,2,3,0,3,3,-4,4,0,-1,2,1,-1,2,1,0,0,-129,-1,0,1,0,0,-1,-1,-1,-1,-1,5,-1
KR_6557723944,420,-3,-39,-32,-9,1,0,1,-2,4,2,-7,7,0,-1,3,2,0,1,1,-1,-8,39,2,-5,3,-28,0,-1,1,-1,-1,1,5,-1
KR_6592301242,420,-1,-6,-24,-3,-6,6,0,3,3,6,1,2,3,2,0,2,-3,5,2,0,1,-3,-3,0,3,3,0,1,-1,1,1,-1,2,-1
KR_6756447644,420,-1,15,7,-4,-4,4,0,2,1,3,0,2,2,-2,3,1,0,1,1,-1,-6,21,5,-11,6,-3,0,0,1,1,0,-1,5,-1
KR_6761868247,420,1,-41,-12,6,1,3,4,0,2,2,3,2,5,3,0,3,-1,2,1,0,5,4,-1,-2,3,-1,0,0,0,1,0,-1,0,-1
KR_6757055251,420,-3,-90,-4,-6,-2,4,2,-3,3,0,0,4,4,-1,2,1,0,2,2,1,-6,-12,1,-4,3,-2,0,-1,-1,1,-1,1,4,-1
KR_6661087110,420,1,5,-10,6,-4,4,0,2,2,4,0,1,1,4,2,6,4,1,5,0,12,4,-4,-3,7,2,0,0,1,-1,-1,-1,4,-1
KR_6674864733,420,0,-67,-11,0,-2,3,1,2,0,2,-1,3,2,0,2,2,1,0,1,0,1,-5,-1,-2,3,-1,0,-1,-1,1,-1,1,5,-1
KR_6696628487,420,-1,-82,-24,4,-1,2,1,3,0,3,1,1,2,1,4,5,0,0,0,0,9,-390,0,-4,4,1,0,0,0,0,0,-1,0,-1
KR_6670339082,420,2,77,-6,-3,-1,2,1,2,1,3,-2,3,1,-2,5,3,0,1,1,0,3,13,3,-4,1,-2,0,0,1,-1,-1,-1,2,-1
KR_6747556098,420,2,23,42,3,4,0,4,-1,2,1,1,0,1,-1,1,0,0,1,1,0,-3,-1,-1,-1,2,-2,0,0,0,0,1,1,0,-1
KR_6672552280,420,-6,-87,12,-8,-1,2,1,-3,3,0,0,2,2,-4,5,1,0,3,3,0,-7,-291,2,-5,3,-7,0,-1,-1,-1,-1,1,3,-1
KR_6684572077,420,0,-18,17,0,1,1,2,5,0,5,-3,6,3,-2,3,1,-1,3,2,0,-2,4,-2,-1,3,-2,0,0,1,1,0,1,5,-1
KR_6712087198,420,-2,-12,-16,1,2,0,2,-3,5,2,4,1,5,-4,5,1,2,2,4,0,-9,3,0,-1,1,-3,0,0,-1,-1,0,1,2,-1
KR_6730699170,420,-1,17,4,-8,-2,3,1,-6,9,3,-1,1,0,0,1,1,1,0,1,-1,-6,-6,-6,0,6,3,0,0,-1,-1,-1,-1,2,-1
KR_6750755214,440,0,-11,19,1,-2,4,2,0,2,2,-2,4,2,3,1,4,2,2,4,-1,9,-2,-1,-1,2,-1,0,2,0,-1,1,-1,0,-1
KR_6726373782,420,-2,4,20,-6,0,2,2,-3,3,0,2,0,2,-3,3,0,-2,2,0,0,-6,-4,-4,-2,6,3,0,0,1,0,0,-1,5,-1
KR_6694551928,420,-3,24,-8,-7,4,0,4,-16,17,1,2,1,3,2,1,3,1,0,1,-2,-20,-7,-2,-1,3,3,0,-2,-1,-1,-1,-1,2,-1
KR_6759931245,420,1,18,-24,-3,-1,3,2,0,1,1,-4,5,1,2,2,4,0,2,2,0,0,-42,2,-3,1,25,0,0,-1,1,1,1,5,-1
KR_6755609904,420,-4,-22,-16,-8,-8,8,0,1,3,4,1,4,5,0,2,2,-2,2,0,1,-6,1,-7,0,7,1,0,-2,-1,1,-1,1,6,-1
KR_6758047230,420,-5,-25,-37,-13,-6,8,2,-1,7,6,-4,4,0,-2,8,6,0,2,2,-1,3,-4,1,-2,1,1,0,-2,-1,-1,-1,-1,4,-1
KR_6735752725,420,-2,2,-4,-5,-7,7,0,-1,3,2,6,0,6,-1,2,1,-2,2,0,0,-5,-539,7,-7,0,39,0,0,-1,-1,-1,1,1,-1
KR_6752266644,420,-2,15,4,-15,-1,2,1,1,1,2,-2,5,3,-10,10,0,-3,3,0,0,-10,-111,3,-4,1,2,0,-1,-1,1,-1,-1,2,-1
KR_6749867066,440,-5,-84,-12,-9,-4,5,1,-1,3,2,3,1,4,-6,6,0,-1,2,1,0,-9,2,5,-10,5,-3,0,0,-1,1,-1,-1,2,-1
KR_6753658991,420,-1,-51,-3,4,-2,2,0,0,1,1,0,3,3,7,0,7,-1,1,0,0,8,3,-1,-1,2,-2,0,0,1,0,0,1,3,-1
KR_6595300643,420,2,-23,0,3,0,1,1,0,1,1,-1,1,0,2,0,2,2,0,2,0,3,12,1,-4,3,-6,0,0,0,-1,0,1,0,-1
KR_6682533025,420,-5,-53,-27,-8,-2,2,0,-6,7,1,-3,5,2,1,4,5,2,3,5,0,4,-352,0,-3,3,-1,0,-3,-1,-1,-1,1,1,-1
KR_6756376541,420,0,2,-8,3,-1,1,0,6,0,6,0,2,2,-1,2,1,-1,2,1,0,1,-3,1,-5,4,-4,0,0,-1,1,0,-1,6,-1
KR_6596356189,420,-4,-68,-12,-10,-6,6,0,-3,5,2,-2,4,2,1,4,5,0,2,2,-2,-10,35,1,-2,1,-15,0,-1,-1,-1,-1,-1,6,-1
KR_6757590805,420,-1,-3,4,0,0,3,3,8,2,10,-3,4,1,-4,4,0,-1,1,0,0,-2,4,-3,-2,5,-1,0,2,-1,1,1,-1,1,-1
KR_6747327211,420,-3,-87,4,2,1,0,1,3,1,4,-2,4,2,-1,2,1,1,1,2,0,-2,7,0,-2,2,-3,0,0,-1,-1,-1,1,5,-1
KR_6759121162,440,-2,-37,-6,-3,3,2,5,2,0,2,4,2,6,-12,13,1,0,0,0,0,-15,-4,-3,-4,7,4,0,-1,1,1,1,1,3,-1
KR_6761349645,420,0,68,20,1,-1,1,0,5,0,5,1,2,3,-2,2,0,-2,2,0,0,1,-3,-4,0,4,1,0,0,-1,1,1,-1,1,-1
KR_6750988062,420,-4,-67,12,-6,-1,4,3,-2,3,1,-1,3,2,-3,5,2,1,1,2,0,-4,3,-2,-2,4,-1,0,-1,-1,-1,-1,-1,4,-1
KR_6736459932,420,-1,-77,-42,-3,4,3,7,-6,6,0,-2,3,1,0,1,1,1,1,2,0,1,-9,-3,-2,5,-3,0,-2,-1,-1,-1,-1,6,-1
KR_6761680965,420,-4,2,-52,-10,-3,3,0,-1,3,2,-5,7,2,-1,2,1,0,0,0,-1,-11,-10,-4,0,4,0,0,-1,0,1,-1,-1,0,-1
KR_6649341490,420,-3,-32,-4,-5,-5,5,0,-1,3,2,0,4,4,0,3,3,1,0,1,-1,-2,-263,2,-3,1,1,0,-1,-1,-1,-1,-1,1,-1
KR_6729151164,420,-3,-33,-12,-6,-6,6,0,4,1,5,0,0,0,-2,2,0,-2,3,1,0,0,-6,1,-3,2,-1,0,-1,-1,-1,-1,-1,2,-1
KR_6734388306,420,0,-95,-7,-1,-3,3,0,-3,4,1,0,4,4,1,0,1,4,0,4,0,4,3,-6,-2,8,-1,0,0,-1,0,1,-1,6,-1
KR_6745741172,420,0,50,-24,1,1,0,1,-2,2,0,-2,3,1,4,2,6,0,1,1,1,-3,2,1,-3,2,-5,0,0,1,-1,0,1,2,-1
KR_6700621682,420,-1,-73,8,-7,-6,7,1,0,1,1,-5,6,1,2,1,3,2,1,3,-1,4,4,8,-8,0,0,0,-3,-1,-1,-1,-1,4,-1
KR_6757143345,440,-3,-13,-16,-4,-6,7,1,0,1,1,-1,3,2,2,2,4,1,0,1,0,7,2,-10,-1,11,2,0,0,-1,-1,-1,-1,3,-1
KR_6762317921,420,-2,-78,-1,-3,-3,4,1,-1,2,1,3,1,4,-5,5,0,3,0,3,0,-7,8,-2,0,2,-2,0,-1,-1,-1,-1,-1,2,-1
KR_6607945581,420,1,14,-32,-2,4,0,4,-4,6,2,0,0,0,0,5,5,-2,3,1,0,-3,-103,-1,-1,2,0,0,0,-1,-1,1,-1,6,-1
KR_6649024157,420,1,85,16,1,1,1,2,-4,4,0,2,2,4,-1,1,0,3,0,3,0,-3,-208,-3,-2,5,2,0,1,1,1,1,1,2,-1
KR_6764237208,420,2,63,-5,9,3,2,5,-1,2,1,-1,2,1,7,1,8,1,1,2,0,11,-100,-4,-1,5,2,0,2,1,-1,1,-1,4,-1
KR_6762385305,420,-1,-47,-23,-4,0,3,3,0,2,2,3,1,4,-5,5,0,-2,2,0,0,-4,-136,0,-2,2,-1,0,-1,-1,0,-1,-1,3,-1
KR_6725027331,420,-1,-77,20,-4,4,1,5,0,1,1,0,3,3,-6,6,0,-2,2,0,-1,-13,1,2,-7,5,-1,0,0,1,-1,0,-1,5,-1
KR_6763578449,440,-1,-34,-12,-2,-4,4,0,-2,3,1,-3,3,0,4,1,5,3,2,5,-1,0,-12,-3,-1,4,-1,0,-1,-1,-1,-1,-1,4,-1
KR_6314920476,440,0,40,-8,-6,-5,6,1,-1,1,0,1,1,2,-3,8,5,2,2,4,0,-7,58,2,-5,3,-21,0,2,-1,1,1,1,2,-1
KR_6756027910,420,-1,2,-20,-5,-4,4,0,0,3,3,0,3,3,-2,3,1,1,1,2,0,4,-46,-6,0,6,19,0,0,1,1,-1,1,2,-1
KR_6717378462,420,-2,30,-28,0,2,0,2,-4,4,0,-1,2,1,1,1,2,2,1,3,0,1,-1,2,-3,1,0,0,0,0,0,0,1,0,-1
KR_6726448660,420,2,-18,-24,-4,4,1,5,1,2,3,-6,6,0,-2,2,0,-1,2,1,1,-2,-5,3,-4,1,0,0,2,-1,1,1,1,5,-1
KR_6757310191,420,-2,-73,-10,-7,0,2,2,-3,3,0,1,3,4,-1,2,1,-4,6,2,0,-7,-314,-2,0,2,-1,0,-1,0,0,-1,1,0,-1
KR_6764518022,420,0,-12,21,1,3,0,3,3,2,5,-3,4,1,-2,2,0,0,0,0,0,3,-26,0,-3,3,23,0,0,1,-1,0,-1,5,-1
KR_6739402379,420,-3,-66,-15,-8,-5,5,0,-4,5,1,-3,7,4,3,0,3,1,2,3,0,-2,-8,-1,-1,2,5,0,-2,0,0,-1,-1,0,-1
KR_6749621469,440,5,15,48,13,1,0,1,1,4,5,-2,7,5,4,1,5,9,2,11,0,10,-19,-7,0,7,5,0,1,1,1,1,1,2,-1
KR_6636677614,420,0,-86,16,-1,2,2,4,8,0,8,-5,7,2,-4,5,1,-2,3,1,0,1,-83,0,-2,2,-1,0,-1,-1,-1,-1,-1,5,-1
KR_6661701460,420,0,-129,2,1,-1,2,1,-2,3,1,6,2,8,-1,3,2,-1,1,0,0,1,-19,4,-5,1,27,0,-1,1,0,-1,1,5,-1
KR_6711464185,420,-3,-50,-32,-8,-5,6,1,-1,2,1,-1,2,1,1,0,1,-2,2,0,0,-3,0,3,-3,0,-1,0,0,0,1,1,-1,0,-1
KR_6641386997,420,-3,-16,-8,-7,1,0,1,-1,1,0,-8,8,0,1,4,5,0,2,2,0,-4,-13,-2,-3,5,1,0,-1,0,1,-1,-1,0,-1
KR_6686896369,420,-2,0,-4,-6,1,1,2,-2,2,0,2,0,2,-2,7,5,-5,5,0,0,-8,3,-3,0,3,0,0,0,-1,-1,0,-1,3,-1
KR_6736581788,420,-2,-27,4,-9,2,2,4,0,2,2,-2,3,1,-6,6,0,-3,4,1,0,-5,-1,-2,-1,3,0,0,-1,-1,-1,-1,1,4,-1
KR_6744318367,420,0,-7,-9,1,3,1,4,-1,2,1,1,2,3,-1,5,4,-1,1,0,0,-1,-4,-1,-3,4,0,0,0,-1,-1,1,1,4,-1
KR_6549109036,420,-1,-53,-11,-1,0,1,1,2,0,2,-3,4,1,-2,4,2,2,0,2,0,-1,-4,2,-5,3,-1,0,-1,-1,1,-1,-1,2,-1
KR_6763614239,420,-3,-79,-32,-7,-1,1,0,-1,2,1,-4,5,1,1,3,4,-2,3,1,0,-4,-12,1,-2,1,2,0,-2,-1,1,-1,-1,5,-1
KR_6734229264,420,3,-11,-16,5,-3,4,1,2,1,3,-1,1,0,2,1,3,5,0,5,0,8,-112,2,-5,3,3,0,-1,1,0,-1,1,1,-1
KR_6749244913,420,4,-8,-7,13,3,1,4,3,2,5,2,2,4,6,1,7,-1,1,0,-1,5,-1,-1,-2,3,3,0,0,0,1,0,-1,0,-1
KR_6720324058,420,0,-53,-22,3,2,2,4,-6,9,3,0,2,2,4,0,4,3,0,3,0,5,-17,2,-5,3,0,0,0,1,-1,-1,-1,1,-1
KR_6756963280,420,-1,-28,0,-5,1,0,1,-5,6,1,-4,5,1,3,2,5,0,1,1,0,-8,24,2,-8,6,0,0,0,0,1,1,-1,0,-1
KR_6758849487,420,-3,-66,12,-1,-6,7,1,2,1,3,6,3,9,0,3,3,-3,5,2,-1,3,-5,-1,-1,2,0,0,-2,1,-1,-1,-1,6,-1
KR_6703134911,440,-4,3,-60,-10,-1,2,1,-2,4,2,-1,3,2,-6,8,2,0,1,1,0,-8,45,2,-5,3,-26,0,-1,-1,1,-1,1,6,-1
KR_6689310145,440,-3,-31,4,-3,-3,3,0,-1,4,3,3,1,4,-4,6,2,2,0,2,0,1,6,-2,-4,6,4,0,1,0,1,1,-1,0,-1
KR_6746471937,420,-5,-87,-14,-9,-1,3,2,-1,2,1,-4,6,2,-4,4,0,1,0,1,0,-2,-5,-1,-2,3,-2,0,-1,-1,1,-1,-1,4,-1
KR_6609907574,420,2,-4,4,6,-1,2,1,-2,4,2,4,2,6,4,1,5,1,1,2,0,7,-5,3,-5,2,1,0,0,1,-1,-1,1,5,-1
KR_6756948072,440,-5,-71,-13,-8,-3,4,1,-2,2,0,0,3,3,0,3,3,-3,6,3,1,-5,-9,0,-8,8,2,0,-1,-1,1,-1,1,4,-1
KR_6718677483,440,-4,-66,-14,-6,1,1,2,0,3,3,-4,6,2,0,4,4,-3,4,1,0,1,1,3,-6,3,-7,0,0,1,-1,-1,1,5,-1
KR_6062813122,420,-5,-28,-107,-9,1,3,4,-1,4,3,-3,4,1,-5,5,0,-1,2,1,0,-6,-2,-6,0,6,2,0,-1,-1,-1,-1,1,1,-1
KR_6741149813,440,-3,-92,8,-15,2,1,3,-6,7,1,-3,3,0,-7,8,1,-1,1,0,0,-16,10,-5,-1,6,-5,0,-1,-1,-1,-1,1,4,-1
KR_6744713392,440,-3,-67,-60,-10,-2,7,5,-4,6,2,1,2,3,0,2,2,-5,6,1,0,-11,5,0,-1,1,0,0,0,-1,-1,-1,-1,3,-1
KR_6679876992,420,1,30,20,12,-2,6,4,0,1,1,11,2,13,1,1,2,2,1,3,-1,-4,-2,3,-4,1,-1,0,2,-1,1,1,-1,5,-1
KR_6758704161,420,-1,27,-1,4,3,2,5,-4,5,1,2,2,4,3,3,6,0,1,1,1,8,16,3,-6,3,-1,0,0,0,-1,0,1,0,-1
KR_6628524354,420,1,28,16,1,0,1,1,2,2,4,0,3,3,-2,6,4,1,1,2,0,0,5,-4,0,4,1,0,0,1,-1,1,-1,1,-1
KR_6726072964,420,-5,-91,3,-18,-5,5,0,-3,4,1,0,3,3,-9,9,0,-1,2,1,-1,-17,1,2,-4,2,-3,0,-2,-1,-1,-1,-1,4,-1
KR_6740980213,420,-6,-104,-4,-15,-1,2,1,4,2,6,-2,3,1,-13,13,0,-3,3,0,0,-16,113,4,-5,1,-2,0,-2,-1,0,-1,1,5,-1
KR_6741124016,420,-1,-13,-29,-6,-2,3,1,-3,3,0,-3,4,1,2,1,3,0,1,1,0,3,-3,1,-2,1,0,0,0,0,-1,-1,-1,0,-1
KR_6762477386,440,-2,-91,-17,-5,-4,5,1,-1,2,1,0,5,5,0,3,3,0,2,2,0,-1,0,-3,0,3,0,0,-2,1,0,-1,-1,4,-1
KR_6653612918,420,-5,-23,-24,-16,-1,2,1,0,5,5,-3,6,3,-8,8,0,-4,4,0,0,-19,-3,2,-7,5,0,0,-2,-1,-1,-1,1,5,-1
KR_6620915851,420,0,-46,-28,6,2,1,3,6,0,6,-3,5,2,-1,3,2,2,1,3,0,13,-6,3,-5,2,3,0,0,-1,1,1,1,6,-1
KR_6665724593,440,1,43,-25,6,0,0,0,-5,6,1,3,2,5,3,1,4,5,0,5,0,6,9,-3,-4,7,0,0,1,-1,1,1,-1,6,-1
KR_6664070562,440,1,3,24,-2,-4,5,1,0,1,1,2,0,2,0,2,2,0,3,3,0,5,250,1,-4,3,3,0,0,1,1,-1,1,2,-1
KR_6660184679,420,-6,-120,-39,-8,-4,6,2,-3,4,1,2,2,4,-2,3,1,-1,3,2,0,-2,30,-3,-1,4,-13,0,-3,0,-1,-1,1,0,-1
KR_6747326978,440,2,0,-4,-6,0,1,1,-1,3,2,-3,3,0,-7,9,2,5,0,5,0,-4,-11,0,-2,2,4,0,-1,0,0,-1,-1,0,-1
KR_6742917266,420,-4,-19,0,-12,-5,5,0,-1,2,1,2,1,3,-7,9,2,-1,2,1,1,-6,18,-6,-1,7,-4,0,-1,-1,-1,-1,1,2,-1
KR_6696412947,420,-2,-51,1,-6,-1,2,1,-1,3,2,-1,2,1,-2,4,2,-1,2,1,0,-6,-5,1,-4,3,1,0,-1,-1,1,-1,-1,3,-1
KR_6742172004,440,-7,-28,26,-19,-7,9,2,1,0,1,-5,7,2,5,2,7,-13,13,0,-2,-16,0,-1,0,1,1,-1,-2,-1,0,-1,-1,3,-1
KR_6738378965,420,-3,-76,-30,3,1,1,2,4,1,5,-5,5,0,0,3,3,3,0,3,1,5,5,4,-5,1,-6,0,1,0,0,1,1,0,-1
KR_6735161769,420,0,-38,-8,-4,3,3,6,0,0,0,-1,4,3,-6,7,1,0,1,1,0,-6,-3,-1,-2,3,-2,0,1,1,1,1,-1,4,-1
KR_6685607840,420,-4,-18,2,-7,-2,3,1,-2,3,1,-2,3,1,0,2,2,-1,2,1,0,-5,15,2,-4,2,-2,0,0,1,-1,-1,-1,4,-1
KR_6744152623,420,0,36,18,-1,2,0,2,-2,4,2,-3,4,1,2,2,4,0,1,1,0,-2,16,4,-5,1,-2,0,0,0,-1,0,1,0,-1
KR_6627588896,420,-2,58,-16,-3,5,0,5,2,1,3,-2,4,2,-6,6,0,-2,2,0,0,-8,-15,3,-6,3,-2,0,2,-1,1,1,1,4,-1
KR_6716000661,420,0,-19,-40,3,1,1,2,1,3,4,0,2,2,1,0,1,0,0,0,0,-2,-34,-1,-2,3,20,0,0,1,0,0,1,1,-1
KR_6654420287,420,-3,-46,-4,-6,-2,3,1,-2,3,1,-1,6,5,-1,2,1,0,2,2,0,-10,-7,0,-3,3,1,0,0,0,-1,-1,1,0,-1
KR_6749021277,420,-4,-63,-6,-10,-1,2,1,-1,3,2,6,0,6,-9,12,3,-5,7,2,0,-10,35,2,-4,2,0,0,-4,1,-1,-1,1,4,-1
KR_6734580893,420,0,-43,-12,1,1,0,1,-5,6,1,5,2,7,2,1,3,-2,5,3,0,-6,14,-3,-1,4,-1,0,0,1,0,0,-1,5,-1
KR_6652828174,420,1,18,-12,2,-4,4,0,1,3,4,6,0,6,0,5,5,-1,1,0,-1,3,15,0,-1,1,0,0,0,-1,1,1,-1,5,-1
KR_6731157554,440,-4,-2,-4,-6,-2,3,1,2,2,4,-2,6,4,0,0,0,-4,5,1,0,-14,-3,1,-1,0,-2,0,0,0,1,0,1,0,-1
KR_6752025635,420,5,63,24,10,-3,3,0,4,0,4,5,2,7,2,1,3,2,0,2,0,3,39,0,-1,1,-24,0,1,-1,0,1,-1,4,-1
KR_6742913063,420,1,84,-4,2,-5,5,0,2,1,3,-2,3,1,7,0,7,0,0,0,0,8,1,0,-4,4,1,0,0,1,-1,-1,1,5,-1
KR_6651759656,420,-2,-21,-16,-1,-1,3,2,0,1,1,0,4,4,0,0,0,0,1,1,0,1,-107,-4,-2,6,-3,0,-1,-1,1,-1,1,6,-1
KR_6697071530,420,-3,-32,16,-9,-5,5,0,1,1,2,0,1,1,-3,3,0,-2,2,0,0,-3,-3,-2,-2,4,-3,0,-1,-1,0,-1,-1,3,-1
KR_6760038512,440,-2,-55,-3,-4,-5,7,2,1,4,5,-1,4,3,-1,2,1,2,1,3,1,0,106,-4,-1,5,0,0,0,-1,-1,-1,1,1,-1
KR_6761225478,420,-1,31,4,-4,1,1,2,-3,5,2,0,3,3,-3,5,2,1,0,1,0,-3,-19,-5,-1,6,5,0,0,-1,1,0,1,1,-1
KR_6729149851,420,-1,65,-6,-9,0,0,0,-4,4,0,1,2,3,-6,7,1,0,2,2,0,-12,3,2,-3,1,0,0,0,-1,-1,-1,-1,3,-1
KR_6764209173,420,1,-10,4,-4,-2,5,3,-3,5,2,2,2,4,4,1,5,-5,6,1,1,-3,17,-1,-3,4,1,0,0,-1,1,0,1,3,-1
KR_6665874906,420,0,-133,36,-3,2,0,2,1,3,4,-1,2,1,-3,6,3,-2,2,0,0,-13,-11,-1,-3,4,1,0,-1,1,1,-1,-1,5,-1
KR_6750369589,440,-4,-58,6,-18,1,0,1,-8,8,0,1,3,4,-8,10,2,-4,5,1,-2,-15,11,4,-8,4,-5,0,-2,0,0,-1,-1,0,-1
KR_6756336455,420,-1,-22,-32,-2,-3,4,1,5,1,6,-3,6,3,2,2,4,-3,3,0,0,4,-20,1,-5,4,2,0,0,-1,0,0,1,6,-1
KR_6742133814,420,-6,-30,-64,-10,-2,2,0,0,4,4,-4,4,0,-2,2,0,-2,3,1,-1,-10,-4,2,-3,1,-2,0,-2,0,-1,-1,-1,0,-1
KR_6739080641,440,-2,-14,-16,-2,0,2,2,-1,3,2,4,3,7,-3,3,0,-2,3,1,0,-6,-10,0,-3,3,-4,0,-1,1,-1,-1,-1,5,-1
KR_6763019967,420,1,1,8,2,1,0,1,-2,3,1,-1,3,2,3,0,3,1,0,1,0,7,-2,0,-3,3,4,0,0,1,-1,0,1,4,-1
KR_6753107005,420,-3,-87,-16,3,-3,4,1,1,4,5,2,3,5,2,3,5,1,3,4,-1,10,0,0,-4,4,-2,0,-1,-1,-1,-1,-1,5,-1
KR_6763780356,420,-1,44,-1,-11,0,2,2,0,3,3,-4,4,0,-4,5,1,-3,3,0,0,-12,6,2,-2,0,1,0,-1,-1,-1,-1,1,2,-1
KR_6760573178,420,-3,-36,-8,-5,2,0,2,-3,5,2,-6,6,0,1,1,2,1,0,1,0,-1,-1,1,-3,2,0,0,0,1,0,0,-1,2,-1
KR_6705122921,420,-5,-101,-8,-8,-3,4,1,4,0,4,1,0,1,-4,5,1,-6,7,1,1,-6,2,-1,-2,3,2,0,-1,-1,1,-1,1,1,-1
KR_6754070633,420,0,17,-20,7,0,2,2,4,1,5,-1,3,2,3,2,5,1,1,2,1,11,-4,4,-6,2,-1,0,-1,-1,0,-1,1,3,-1
KR_6663996907,420,-3,-36,-26,-9,-7,7,0,-1,1,0,0,1,1,-2,6,4,1,0,1,0,-1,88,-6,0,6,-3,0,-2,0,-1,-1,-1,0,-1
KR_6675738324,420,-3,-84,-8,-14,-1,1,0,0,4,4,-7,9,2,-6,6,0,0,0,0,0,-19,-187,2,-4,2,1,0,-1,-1,1,-1,-1,5,-1
KR_6760802823,420,-5,-53,30,-17,-9,10,1,-2,2,0,-7,7,0,0,3,3,1,1,2,0,-2,-10,-2,0,2,-1,0,-2,1,-1,-1,1,5,-1
KR_6656407780,440,-4,-80,-12,-5,-6,7,1,-2,3,1,-5,5,0,7,0,7,1,2,3,-1,-1,-21,-3,-3,6,-1,0,-1,1,-1,-1,-1,5,-1
KR_6600488406,420,-3,-41,16,1,4,2,6,-3,3,0,1,3,4,-1,3,2,0,0,0,1,2,-12,-1,-3,4,0,0,0,1,0,0,1,2,-1
KR_6735159709,420,-5,-16,20,-7,1,2,3,0,1,1,3,3,6,-5,8,3,-6,6,0,-1,-5,-15,-2,-1,3,3,0,0,-1,1,-1,-1,3,-1
KR_6729774728,420,-2,3,-11,-7,1,2,3,-6,7,1,4,0,4,-6,6,0,0,2,2,0,-10,-44,2,-2,0,14,0,0,-1,-1,0,1,6,-1
KR_6746228450,420,-3,-57,41,-11,-3,6,3,-3,4,1,-6,6,0,0,1,1,1,0,1,0,-9,-20,-4,-1,5,1,0,-1,-1,1,-1,-1,1,-1
KR_6744601239,420,-6,-8,-24,-17,0,1,1,-2,4,2,-6,6,0,-9,10,1,0,1,1,-2,-22,-4,-2,-4,6,0,0,-3,-1,-1,-1,-1,1,-1
KR_6758121915,420,-1,37,8,-6,-3,4,1,-3,5,2,-1,3,2,0,1,1,1,1,2,0,-6,17,2,-6,4,-2,0,0,1,-1,1,-1,5,-1
KR_6624836423,420,-1,43,-12,8,1,4,5,-1,4,3,3,0,3,5,0,5,0,1,1,0,-4,3,2,-3,1,-3,0,0,1,-1,1,-1,5,-1
KR_6618741980,420,-3,13,-7,-4,1,3,4,-8,9,1,1,2,3,-1,2,1,3,0,3,2,-4,-35,4,-4,0,-2,0,0,-1,-1,-1,1,6,-1
KR_6750094062,420,-3,-27,-15,-5,-5,6,1,1,0,1,1,1,2,1,2,3,-3,3,0,0,-4,-9,-4,-2,6,1,0,-2,0,-1,-1,1,0,-1
KR_6709763217,440,-6,-46,-52,-10,-11,11,0,-3,3,0,3,2,5,-1,2,1,2,0,2,0,-8,-86,2,-6,4,-5,0,-1,-1,-1,-1,-1,1,-1
KR_6758590092,440,-8,-39,-9,-14,-4,5,1,-1,5,4,-2,4,2,-8,8,0,1,0,1,0,-17,-7,1,-5,4,-2,0,-1,-1,-1,-1,1,5,-1
KR_6660851451,420,2,23,23,6,0,1,1,4,2,6,5,1,6,-4,5,1,1,1,2,0,2,330,0,-1,1,-3,0,0,-1,1,1,-1,2,-1
KR_6744483414,420,1,-55,-8,3,2,0,2,-1,3,2,2,2,4,1,2,3,-1,2,1,0,0,26,2,-5,3,-4,0,0,-1,0,-1,-1,3,-1
KR_6705110382,420,0,-9,-3,1,-4,4,0,-1,3,2,3,1,4,4,0,4,-1,3,2,0,-3,-153,0,-2,2,0,0,1,1,1,1,-1,4,-1
KR_6628462136,420,2,17,-23,-3,0,2,2,-1,1,0,1,2,3,-1,1,0,-2,2,0,-1,-6,-4,-2,-2,4,3,0,1,-1,0,1,-1,6,-1
KR_6720420019,420,2,76,-36,-2,-1,3,2,3,4,7,-3,6,3,-3,5,2,2,0,2,1,3,22,1,-5,4,-4,0,-1,1,-1,-1,1,4,-1
KR_6738328994,420,-3,3,-9,-5,-2,2,0,0,3,3,-2,4,2,0,3,3,-1,3,2,0,-2,2,5,-6,1,-4,0,1,-1,0,1,1,2,-1
KR_6757745390,420,-1,-72,19,6,-1,1,0,-1,1,0,1,1,2,4,1,5,3,0,3,0,12,-1,0,-3,3,0,0,-1,-1,-1,-1,1,4,-1
KR_6062844882,420,-3,48,-89,-5,0,1,1,-1,1,0,1,2,3,-5,5,0,0,0,0,0,-2,-27,-2,-2,4,22,0,-1,-1,-1,-1,-1,2,-1
KR_6722050279,420,-7,-16,-22,-14,0,1,1,-3,6,3,4,2,6,-16,20,4,1,1,2,1,-13,-13,-4,0,4,-1,0,0,-1,1,1,1,2,-1
KR_6686671471,420,3,42,0,3,-3,3,0,2,2,4,4,1,5,0,0,0,0,0,0,0,2,94,-2,-2,4,2,0,0,-1,0,0,1,2,-1
KR_6552816477,440,-5,-50,-31,-14,0,2,2,-4,8,4,-5,7,2,-8,9,1,3,0,3,0,-11,-16,-3,-2,5,2,0,-1,-1,1,-1,-1,4,-1
KR_6732962513,420,1,49,-20,1,-5,6,1,3,1,4,3,1,4,1,4,5,-1,2,1,0,-5,4,3,-5,2,1,0,0,1,1,0,1,2,-1
KR_6743161503,420,0,38,3,-1,0,1,1,-2,3,1,-4,4,0,1,0,1,4,0,4,0,3,1,3,-6,3,-2,0,1,1,-1,1,-1,2,-1
KR_6717046793,420,0,3,-4,0,0,1,1,0,5,5,1,2,3,1,4,5,-2,4,2,0,2,10,2,-5,3,-1,0,0,0,-1,-1,-1,0,-1
KR_6760859627,420,-4,-65,-6,-12,3,0,3,-6,6,0,-6,6,0,-2,2,0,-1,2,1,0,-5,-40,-2,0,2,23,0,0,0,-1,0,-1,0,-1
KR_6713476750,420,-2,-23,0,-6,1,0,1,0,1,1,-1,2,1,-5,6,1,-1,2,1,0,-4,-7,-3,0,3,0,0,0,-1,1,1,1,4,-1
KR_6639922025,420,-4,0,4,-12,-2,4,2,0,2,2,-3,3,0,0,4,4,-7,8,1,0,-2,5,1,-3,2,-2,0,-2,-1,-1,-1,-1,3,-1
KR_6637794202,420,-1,-18,-28,5,2,0,2,4,0,4,-2,3,1,1,1,2,0,1,1,0,3,9,-1,-4,5,-4,0,0,-1,0,0,1,2,-1
KR_6710995855,420,-8,-82,-32,-11,-3,4,1,-2,6,4,2,0,2,-2,5,3,-6,6,0,0,-18,8,-2,0,2,-1,0,-3,0,-1,-1,1,0,-1
KR_6759719926,420,0,-54,-12,2,4,0,4,-1,3,2,-2,3,1,1,0,1,0,2,2,0,-2,-12,-1,0,1,1,0,0,-1,1,0,1,2,-1
KR_6744407941,420,-4,-77,13,-12,-3,3,0,-3,4,1,-5,5,0,-1,1,0,0,0,0,0,-8,17,-3,-3,6,3,0,-1,0,1,-1,1,0,-1
KR_6686086280,420,-1,-12,1,-8,-1,1,0,0,4,4,0,3,3,-6,6,0,-1,1,0,-3,-15,2,0,-5,5,-6,0,-2,-1,-1,-1,-1,6,-1
KR_6763789929,420,-2,-24,-11,-9,-5,7,2,2,3,5,0,2,2,-6,7,1,0,0,0,-1,-18,-21,-7,-1,8,0,0,-1,-1,-1,-1,-1,5,-1
KR_6664987017,420,-2,-79,1,0,-4,6,2,0,3,3,-2,4,2,3,0,3,3,0,3,0,7,10,0,-3,3,-3,0,-2,-1,0,-1,-1,1,-1
KR_6759863062,440,1,96,-4,4,1,0,1,-1,3,2,4,2,6,1,1,2,-1,2,1,-1,-4,12,-1,0,1,-3,0,2,1,1,1,-1,4,-1
KR_6754739710,420,-1,-31,-32,3,3,0,3,-6,6,0,1,3,4,4,1,5,1,0,1,0,2,-127,0,-3,3,-1,0,1,-1,1,1,-1,4,-1
KR_6635831873,420,0,-18,18,6,-2,2,0,-2,4,2,6,0,6,4,5,9,0,0,0,1,11,11,0,-2,2,0,0,-1,1,-1,1,1,3,-1
KR_6764005082,420,-2,-15,-20,-8,-3,4,1,-3,4,1,-5,5,0,1,2,3,2,2,4,-1,-9,-24,-2,-4,6,11,0,1,-1,-1,-1,-1,3,-1
KR_6715899649,420,0,-1,-15,2,-1,3,2,2,0,2,1,1,2,0,0,0,0,0,0,0,2,6,2,-7,5,3,0,0,-1,0,0,1,3,-1
KR_6727513739,420,1,-51,-12,2,-3,3,0,-2,6,4,2,5,7,4,1,5,1,1,2,0,10,49,-4,0,4,3,0,1,-1,1,1,-1,5,-1
KR_6742126251,420,2,-31,8,3,3,1,4,-2,3,1,0,3,3,2,1,3,0,1,1,-1,-5,-1,-2,-3,5,2,0,1,-1,0,1,1,2,-1
KR_6686102707,420,0,15,-13,-3,2,1,3,-1,2,1,0,5,5,-2,2,0,-2,2,0,0,-9,0,2,-3,1,1,0,0,-1,1,0,1,2,-1
KR_6717628563,440,-5,-27,-24,-12,-7,8,1,0,2,2,-4,4,0,0,2,2,-1,2,1,0,-6,-10,-1,-3,4,2,0,-2,0,-1,-1,-1,0,-1
KR_6683855905,420,1,15,-14,-2,-1,4,3,1,2,3,1,1,2,-2,2,0,-1,1,0,0,-6,12,7,-7,0,-3,0,2,-1,1,1,-1,6,-1
KR_6757116863,420,-3,-41,44,-9,1,2,3,-1,2,1,-5,5,0,-3,3,0,-1,1,0,0,-6,5,-3,-1,4,-1,0,-2,-1,0,-1,1,3,-1
KR_6755468336,440,1,13,33,1,-2,3,1,6,2,8,-2,2,0,-1,4,3,0,0,0,0,-2,-7,2,-2,0,0,0,0,1,1,0,-1,4,-1
KR_6652548713,420,-5,-64,-12,-4,0,2,2,-5,5,0,0,3,3,0,2,2,1,2,3,-1,-6,-7,-2,-4,6,8,0,-1,-1,1,-1,-1,6,-1
KR_6762902456,420,-3,-54,1,-1,-3,4,1,0,1,1,-3,3,0,3,0,3,2,1,3,0,4,9,0,-4,4,-1,0,-1,-1,-1,-1,1,2,-1
KR_6695270370,420,-4,-81,-28,-7,-5,6,1,-1,2,1,-1,2,1,3,2,5,-3,4,1,0,5,-1,1,-4,3,-2,0,-1,1,-1,-1,1,3,-1
KR_6643811793,420,-2,9,5,-3,-4,4,0,4,1,5,-6,7,1,2,2,4,1,1,2,0,-5,4,-2,-1,3,4,0,0,-1,1,0,1,4,-1
KR_6747350438,440,3,64,-3,8,-5,6,1,2,2,4,2,0,2,3,3,6,6,1,7,-1,11,2,2,-5,3,-3,0,0,1,-1,1,-1,5,-1
KR_6750068622,420,-1,-30,-25,5,4,1,5,1,1,2,1,0,1,-2,3,1,1,1,2,0,3,2,-1,0,1,2,0,0,0,0,0,1,0,-1
KR_6653151325,440,-2,-35,-23,-7,-1,1,0,-2,6,4,-2,2,0,-2,3,1,0,0,0,0,-4,-3,2,-5,3,0,0,0,-1,-1,-1,1,6,-1
KR_6623460977,420,-1,-20,-26,-5,1,0,1,-2,4,2,-1,3,2,-2,3,1,-1,1,0,0,-11,-2,0,-4,4,-2,0,0,-1,1,0,1,3,-1
KR_6643887661,420,0,15,22,2,-1,2,1,1,1,2,0,3,3,0,2,2,2,1,3,0,1,5,-3,-1,4,1,0,0,0,1,1,-1,0,-1
KR_6702908121,420,-1,-85,-42,-6,3,2,5,2,5,7,-4,6,2,-6,7,1,-1,3,2,0,-3,-2,-1,-2,3,0,0,-1,-1,-1,-1,-1,2,-1
KR_6756501518,420,-2,-68,8,-6,-4,5,1,0,2,2,-3,3,0,1,5,6,0,1,1,-2,-1,-16,-5,-2,7,5,0,0,1,-1,-1,-1,5,-1
KR_6727668206,420,-2,6,2,-12,-3,5,2,-1,3,2,-3,5,2,-5,5,0,0,2,2,0,-6,1,4,-6,2,-4,0,0,-1,1,-1,-1,2,-1
KR_6656340976,420,-5,-13,-5,-10,-6,7,1,-2,2,0,3,1,4,-5,7,2,0,0,0,0,-4,13,-2,-1,3,1,0,-1,-1,-1,-1,-1,5,-1
KR_6730541747,440,-2,-16,13,-10,-1,3,2,0,0,0,-6,7,1,1,1,2,-4,5,1,0,-10,39,-6,0,6,-13,0,0,1,-1,-1,-1,2,-1
KR_6756391814,420,-3,-72,-5,-3,-3,3,0,2,5,7,-1,4,3,-2,3,1,1,0,1,1,-3,-9,-2,-2,4,1,0,-1,1,0,-1,1,5,-1
KR_6721819534,440,-1,49,4,1,-1,3,2,-2,2,0,0,0,0,4,3,7,0,1,1,0,2,-1,1,-2,1,-1,0,0,1,-1,1,1,3,-1
KR_6686090734,420,-9,-70,-30,-14,0,4,4,2,0,2,-13,13,0,-4,4,0,1,1,2,0,-6,-71,-3,-1,4,15,0,-2,-1,0,-1,1,2,-1
KR_6729257848,420,-5,-103,11,-13,-1,3,2,-2,3,1,-3,4,1,-12,12,0,5,1,6,0,-10,6,0,0,0,0,0,-2,-1,0,-1,-1,3,-1
KR_6737134179,420,-3,-48,5,-6,-3,3,0,-2,4,2,-2,3,1,2,0,2,-1,1,0,0,-6,4,3,-6,3,3,0,0,1,0,0,-1,1,-1
KR_6657738673,420,-12,-194,-55,-7,-1,2,1,-1,1,0,-1,2,1,-4,5,1,0,0,0,0,-8,-12,-2,-1,3,-2,0,-4,-1,-1,-1,1,1,-1
KR_6740139238,440,2,34,11,4,-4,4,0,3,3,6,-2,6,4,4,2,6,3,0,3,0,8,8,-1,0,1,0,0,1,0,-1,1,-1,0,-1
KR_6714183671,420,2,62,16,6,-1,3,2,1,2,3,1,2,3,1,3,4,4,0,4,0,10,-10,-3,-2,5,1,0,1,0,1,-1,1,0,-1
KR_6763275909,420,-2,-59,-16,-10,-4,6,2,-4,6,2,-3,4,1,1,4,5,0,1,1,0,-6,-9,2,-6,4,2,0,-2,0,-1,-1,-1,0,-1
KR_6660732172,420,0,-16,-7,4,-2,2,0,-3,4,1,-1,5,4,5,0,5,5,0,5,1,0,-88,-1,-2,3,-30,0,-1,0,-1,-1,1,0,-1
KR_6754802416,420,-1,-54,-13,-3,-1,3,2,-1,3,2,-2,3,1,1,3,4,0,1,1,-1,1,-244,1,-7,6,4,0,1,0,1,1,-1,0,-1
KR_6749949161,420,-4,-35,2,-5,-5,6,1,2,2,4,-2,5,3,2,3,5,-2,2,0,0,3,-11,0,-4,4,1,0,-1,-1,-1,-1,1,4,-1
KR_6710040008,420,-2,17,-100,4,3,0,3,-2,3,1,2,1,3,0,0,0,1,0,1,0,4,-415,3,-4,1,-2,0,-1,-1,-1,-1,1,2,-1
KR_6726356722,440,0,-60,23,0,-1,2,1,0,3,3,1,4,5,2,1,3,-2,2,0,-1,1,20,3,-6,3,1,0,0,1,1,-1,-1,4,-1
KR_6669423253,420,-1,-3,-7,-3,0,2,2,-6,6,0,-1,2,1,4,2,6,0,2,2,1,-5,-8,-1,-5,6,3,0,0,1,-1,-1,1,6,-1
KR_6760884617,420,2,34,5,5,0,1,1,0,2,2,2,2,4,1,1,2,2,0,2,0,4,-3,0,-2,2,0,0,0,1,1,1,1,2,-1
KR_6749657069,420,-3,-62,4,-3,-3,8,5,-1,3,2,1,1,2,0,1,1,0,1,1,0,-5,-3,0,-3,3,3,0,-1,0,0,-1,-1,0,-1
KR_6732347149,420,0,27,-28,1,1,3,4,3,2,5,-1,2,1,-2,5,3,0,0,0,0,0,1,1,-8,7,-4,0,-1,-1,-1,-1,-1,5,-1
KR_6758895306,420,-1,5,31,-4,-1,1,0,2,1,3,-4,6,2,-1,1,0,0,0,0,-1,-2,-21,-3,0,3,1,0,0,0,1,-1,-1,0,-1
KR_6688864980,420,2,-33,5,-1,2,0,2,-1,3,2,-3,3,0,-1,3,2,2,0,2,1,-2,24,6,-7,1,-3,0,0,1,-1,-1,1,1,-1
KR_6752093658,420,-3,-7,-26,-8,-3,3,0,-5,6,1,2,0,2,-1,5,4,-1,3,2,0,-9,-102,-3,-4,7,-2,0,0,0,1,0,1,0,-1
KR_6685487027,420,1,7,4,1,2,1,3,-1,4,3,-2,2,0,2,0,2,0,0,0,0,0,-1,1,-6,5,-2,0,0,-1,1,0,-1,2,-1
KR_6714516513,420,-2,-26,-16,-2,-1,3,2,1,3,4,-1,5,4,0,1,1,-1,1,0,0,-5,-5,-3,-1,4,5,0,0,-1,0,0,1,1,-1
KR_6698769811,420,0,-31,12,-1,3,3,6,5,4,9,-2,3,1,-4,6,2,-3,3,0,-1,-7,5,-3,-2,5,0,0,-1,-1,0,-1,-1,1,-1
KR_6727069816,420,-3,-58,19,-7,-6,6,0,0,0,0,2,0,2,-3,5,2,0,0,0,0,-1,-16,-3,0,3,3,0,-1,0,-1,-1,-1,0,-1
KR_6729048656,420,3,81,-6,5,1,2,3,-4,5,1,1,1,2,3,0,3,4,0,4,0,4,5,-1,-1,2,1,0,0,-1,-1,0,-1,1,-1
KR_6726174589,420,1,9,-29,-1,3,1,4,-4,6,2,-3,3,0,4,2,6,-1,3,2,0,-4,-4,1,-2,1,-2,0,1,-1,-1,1,1,4,-1
KR_6639214615,420,1,-31,67,-1,-3,3,0,0,2,2,1,2,3,0,4,4,1,1,2,2,-1,-209,0,-2,2,0,0,-1,1,-1,-1,1,1,-1
KR_6748488602,440,-5,-10,-4,-7,-1,2,1,-5,6,1,-2,3,1,-1,1,0,2,0,2,0,-6,0,-5,-1,6,0,0,0,0,0,0,1,0,-1
KR_6746683415,420,-6,-95,-28,-9,-1,2,1,-2,4,2,-2,3,1,0,4,4,-4,4,0,-1,-7,-9,-3,-1,4,-6,0,-1,-1,-1,-1,-1,5,-1
KR_6707320310,420,3,82,-12,6,-1,1,0,1,3,4,3,0,3,2,0,2,1,0,1,0,6,10,4,-5,1,-1,0,0,-1,-1,0,1,3,-1
KR_6751626924,420,0,-87,3,2,3,3,6,0,1,1,-3,4,1,3,0,3,-1,1,0,1,13,-5,-1,-2,3,-3,0,-2,-1,1,-1,1,3,-1
KR_6624481725,420,-2,-80,8,-4,2,1,3,-1,7,6,-2,8,6,0,0,0,-3,3,0,0,6,-13,-1,-1,2,2,0,-2,1,-1,-1,-1,4,-1
KR_6672884652,440,-4,5,-28,-7,-2,5,3,-1,4,3,-1,2,1,0,1,1,-3,4,1,-2,-1,-246,3,-4,1,-1,0,0,-1,-1,0,-1,3,-1
KR_6655840744,420,-3,-51,-20,-9,-2,4,2,-4,5,1,-1,4,3,-2,3,1,0,0,0,1,-6,-14,-2,-3,5,-2,0,0,-1,-1,0,1,2,-1
KR_6725932219,420,0,26,7,-4,4,0,4,-2,2,0,-1,3,2,-1,3,2,-4,4,0,0,-7,-114,-5,-2,7,0,0,-1,-1,1,-1,-1,2,-1
KR_6740320760,420,-2,-2,6,0,2,1,3,-1,3,2,-3,5,2,3,0,3,-1,1,0,1,1,39,-2,-1,3,-25,0,-1,-1,-1,-1,1,5,-1
KR_6639060062,420,0,29,15,-5,-1,2,1,-1,3,2,1,3,4,-1,4,3,-3,3,0,0,-8,-2,1,-6,5,2,0,1,-1,1,1,1,2,-1
KR_6753684253,420,-2,29,24,-2,-1,4,3,-8,10,2,1,0,1,6,1,7,0,0,0,0,-9,5,1,-5,4,-1,0,-2,1,-1,-1,1,6,-1
KR_6707315034,420,-2,-6,-48,-2,1,1,2,-7,10,3,2,2,4,4,3,7,-2,2,0,1,-7,140,1,-4,3,0,0,0,1,1,1,1,5,-1
KR_6709009466,420,-3,-73,-20,-4,-3,3,0,-6,6,0,-2,2,0,3,1,4,4,0,4,0,1,-43,3,-4,1,28,0,0,1,-1,-1,1,2,-1
KR_6733446618,420,2,4,17,6,1,2,3,5,0,5,-4,6,2,7,1,8,-3,4,1,1,17,-63,-1,-1,2,2,0,1,1,1,-1,1,5,-1
KR_6693158356,420,-1,3,-3,0,0,1,1,0,3,3,2,1,3,-3,3,0,1,3,4,0,2,7,1,-4,3,1,0,0,-1,1,-1,-1,3,-1
KR_6757601997,420,-1,-13,-8,-4,0,3,3,1,4,5,-3,4,1,-2,4,2,0,1,1,0,8,-1,1,-4,3,-4,0,0,0,-1,0,1,0,-1
KR_6690959220,420,-3,-121,-33,-5,-5,5,0,-8,9,1,-4,5,1,6,0,6,6,2,8,0,-2,-2,2,-3,1,-1,0,-3,1,-1,-1,1,4,-1
KR_6750179710,440,-7,-111,-12,-17,-7,7,0,-2,4,2,-4,7,3,-4,6,2,0,1,1,0,-9,-6,0,0,0,0,0,-5,-1,-1,-1,-1,2,-1
KR_6662391868,420,-1,-41,21,0,0,0,0,0,1,1,-2,4,2,-3,5,2,5,1,6,0,4,-8,0,-1,1,1,0,0,-1,0,0,-1,5,-1
KR_6666015772,420,-2,-36,7,-9,-4,5,1,2,0,2,-4,4,0,-1,7,6,-2,3,1,-1,-4,-51,3,-5,2,25,0,1,1,-1,1,-1,2,-1
KR_6650749649,420,-1,-39,28,-4,0,4,4,-1,1,0,-4,9,5,1,0,1,0,1,1,0,2,-21,1,-5,4,1,0,-1,0,1,-1,1,0,-1
KR_6759094126,420,-1,-31,4,-2,-4,5,1,0,1,1,5,2,7,-2,2,0,-1,1,0,0,-4,-45,-1,-3,4,19,0,-1,1,-1,-1,-1,2,-1
KR_6752902898,420,2,39,-25,-6,3,0,3,-4,9,5,-6,7,1,3,0,3,-2,2,0,1,-2,38,-1,-1,2,-9,0,0,-1,1,1,1,1,-1
KR_6676466088,420,-3,-50,-20,-10,2,0,2,-7,7,0,-9,9,0,3,4,7,1,1,2,0,-6,-2,2,-5,3,-3,0,0,-1,-1,-1,1,2,-1
KR_6753727143,440,-1,13,-18,6,0,1,1,0,2,2,-1,1,0,4,3,7,3,2,5,1,5,2,1,-3,2,-2,0,0,-1,-1,1,1,1,-1
KR_6751279706,440,-4,-9,-16,-4,5,1,6,-2,4,2,-1,3,2,-4,4,0,-2,4,2,-1,-9,189,1,-1,0,-2,0,1,1,1,1,-1,2,-1
KR_6763510350,440,-1,-17,-4,-1,-1,3,2,-1,2,1,-3,5,2,1,1,2,3,1,4,0,1,-239,3,-5,2,-4,0,0,0,-1,-1,-1,0,-1
KR_6703069663,420,-3,-60,-8,-12,-1,1,0,-2,3,1,-2,7,5,-7,11,4,0,1,1,-1,-13,-13,-2,-6,8,4,0,-2,1,-1,-1,-1,5,-1
KR_6727454811,420,-1,-115,23,-6,-5,6,1,3,1,4,-4,6,2,-3,4,1,3,0,3,1,0,-5,-2,-1,3,-1,0,-1,1,1,-1,1,4,-1
KR_6743082758,420,-1,9,-7,-4,2,0,2,2,1,3,-1,5,4,-5,5,0,-2,3,1,-1,-6,-9,1,-4,3,0,0,-1,1,1,1,-1,5,-1
KR_6749238512,420,-2,-41,-1,-9,-2,2,0,-2,2,0,-4,6,2,1,1,2,-2,4,2,0,-5,0,-8,0,8,2,0,0,-1,-1,0,-1,1,-1
KR_6758323203,420,2,-39,28,5,-3,3,0,2,2,4,-1,2,1,5,1,6,2,1,3,0,3,4,2,-3,1,-2,0,0,-1,1,1,-1,1,-1
KR_6672943065,420,-3,-88,-36,-1,0,3,3,-2,3,1,2,0,2,0,0,0,-1,2,1,0,0,-4,-3,-1,4,-2,0,-2,-1,1,-1,1,6,-1
KR_6651933267,420,-3,26,-56,-10,0,1,1,-1,2,1,-3,4,1,-3,5,2,-3,4,1,0,-4,-28,1,-2,1,24,0,0,-1,-1,0,-1,3,-1
KR_6639202037,420,-7,-169,-23,-9,-1,2,1,-1,3,2,-8,8,0,1,2,3,0,1,1,0,-6,2,-1,-3,4,-3,0,-1,-1,-1,-1,1,3,-1
KR_6759669735,440,-1,-66,8,0,-3,3,0,4,1,5,0,1,1,1,0,1,-2,2,0,0,0,0,-1,-1,2,-2,0,-1,-1,-1,-1,1,5,-1
KR_6758692467,420,-4,-71,-44,-4,-1,2,1,1,4,5,-2,2,0,0,5,5,-2,7,5,1,-4,12,2,-4,2,-2,0,-2,-1,-1,-1,1,2,-1
KR_6663361752,420,-4,10,-84,-5,-2,2,0,-2,5,3,4,1,5,-2,3,1,-3,4,1,0,-6,-9,-5,-1,6,-2,0,-4,-1,-1,-1,-1,5,-1
KR_6647746062,420,0,-52,-4,-5,-1,3,2,2,0,2,0,0,0,-5,5,0,-1,3,2,0,-3,5,0,-1,1,0,0,0,1,1,0,-1,1,-1
KR_6687195880,420,5,21,20,9,-1,1,0,3,1,4,6,1,7,0,2,2,1,0,1,0,3,-271,-2,-1,3,2,0,0,1,-1,1,1,4,-1
KR_6762109406,420,-1,-49,9,-4,-2,4,2,-1,1,0,-1,4,3,-2,4,2,2,1,3,0,-3,-2,-2,-1,3,-2,0,-1,-1,0,-1,-1,4,-1
KR_6726288937,420,-1,-25,19,-4,2,0,2,-1,1,0,2,2,4,-1,2,1,-6,6,0,-1,-6,-56,-4,-1,5,25,0,-3,0,-1,-1,-1,0,-1
KR_6719791431,420,-2,-51,-1,-2,-3,3,0,1,4,5,-1,2,1,-1,3,2,2,0,2,0,-2,113,2,-4,2,0,0,1,1,1,1,-1,4,-1
KR_6706394975,420,-1,-65,16,-9,-5,5,0,-2,4,2,-3,5,2,0,0,0,1,3,4,0,-8,-3,-2,-1,3,-2,0,-2,-1,-1,-1,-1,2,-1
KR_6736370405,420,4,143,-5,6,-1,1,0,2,1,3,0,1,1,4,2,6,1,1,2,0,8,20,1,-3,2,-3,0,0,1,-1,0,-1,1,-1
KR_6763806150,420,1,22,-36,5,0,1,1,-1,2,1,6,1,7,-1,3,2,1,1,2,0,6,8,2,-4,2,-2,0,1,-1,1,1,-1,4,-1
KR_6755365934,420,-1,-45,24,7,0,0,0,1,2,3,4,0,4,3,1,4,-1,2,1,0,10,-19,1,-2,1,30,0,-1,-1,1,-1,1,5,-1
KR_6720985122,420,-1,-41,24,-6,-3,4,1,1,2,3,2,2,4,-4,5,1,-2,3,1,0,-6,-162,-2,-3,5,4,0,-2,1,-1,-1,-1,5,-1
KR_6742643306,420,-7,-92,-32,-13,-3,4,1,3,1,4,-2,3,1,-9,10,1,-2,2,0,0,-9,-10,4,-5,1,2,0,-2,-1,0,-1,1,6,-1
KR_6699796372,420,0,-3,8,-5,-1,3,2,2,0,2,-2,3,1,-3,3,0,-1,1,0,0,-6,-211,-2,-1,3,-1,0,0,-1,-1,-1,-1,1,-1
KR_6617091619,420,-3,-3,8,-15,-2,3,1,-2,5,3,-9,9,0,-1,3,2,-1,1,0,0,-11,-5,-3,-3,6,-1,0,-1,1,-1,-1,-1,4,-1
KR_6718325948,420,-1,60,-24,0,0,3,3,-7,7,0,3,1,4,1,1,2,3,0,3,0,0,5,0,-6,6,0,0,0,1,0,0,-1,6,-1
KR_6701825515,420,-1,-37,5,-6,1,2,3,-2,5,3,2,4,6,-6,7,1,-1,2,1,0,-9,-264,-2,0,2,1,0,0,1,0,0,1,6,-1
KR_6729634081,420,0,-4,-5,1,0,0,0,-3,5,2,3,1,4,1,2,3,0,0,0,0,3,-12,0,-5,5,-1,0,0,-1,-1,0,-1,4,-1
KR_6690321644,420,-5,-92,-4,-8,2,1,3,1,2,3,-6,8,2,-2,3,1,-3,5,2,2,-5,4,2,-4,2,-2,0,0,1,1,0,1,2,-1
KR_6742898088,420,7,71,33,4,-2,2,0,-1,2,1,5,0,5,-2,4,2,4,0,4,0,5,12,3,-5,2,3,0,1,1,1,1,1,6,-1
KR_6751028206,420,0,-45,-22,0,2,1,3,-1,1,0,3,1,4,-3,4,1,-1,3,2,0,-7,-16,-3,-6,9,-1,0,-1,-1,0,-1,1,4,-1
KR_6739633846,420,1,60,-6,0,-1,1,0,-1,3,2,1,2,3,0,0,0,1,0,1,0,-1,11,0,-1,1,1,0,0,0,0,1,1,0,-1
KR_6762080369,420,1,25,28,-3,0,1,1,-1,4,3,1,0,1,-2,2,0,-1,1,0,0,-4,-5,-1,-1,2,0,0,-1,0,-1,-1,1,0,-1
KR_6761325522,420,4,47,28,13,1,1,2,4,2,6,4,2,6,2,2,4,2,1,3,2,12,-3,4,-5,1,0,0,0,1,1,-1,-1,3,-1
KR_6760845660,420,-1,34,-8,-8,-4,5,1,2,1,3,-1,3,2,1,1,2,-6,6,0,0,-6,-2,0,-3,3,-1,0,-1,-1,0,-1,-1,5,-1
KR_6724486591,420,-5,-70,-23,-15,-5,5,0,1,4,5,0,1,1,-8,9,1,-3,3,0,0,-17,0,-3,-1,4,-6,0,-2,0,-1,-1,-1,0,-1
KR_6719315958,440,0,-69,-23,-6,3,1,4,-5,7,2,-7,7,0,-1,2,1,4,4,8,-1,-1,-3,-8,-1,9,4,0,-1,0,1,-1,-1,0,-1
KR_6633657043,420,0,-19,-7,10,-2,3,1,2,1,3,4,2,6,3,1,4,3,1,4,0,14,276,-1,-3,4,3,0,-2,-1,-1,-1,1,5,-1
KR_6754297413,420,-2,-58,4,-5,-1,2,1,2,3,5,-5,7,2,1,1,2,-2,4,2,0,-10,-5,-1,-2,3,-1,0,0,-1,1,0,-1,1,-1
KR_6751848344,420,-2,6,-20,-10,1,0,1,-3,4,1,-1,2,1,-6,6,0,-1,1,0,0,-11,2,5,-6,1,-4,0,-1,-1,1,-1,-1,6,-1
KR_6762252362,420,-4,0,-21,-9,0,1,1,-4,6,2,-2,4,2,-1,4,3,-2,2,0,0,-5,-4,-1,-3,4,-2,0,-3,-1,0,-1,-1,6,-1
KR_6668489695,420,-4,-86,-12,-13,0,1,1,-3,6,3,-6,7,1,-4,6,2,0,1,1,0,-12,-10,2,-4,2,-1,0,-1,-1,-1,-1,1,3,-1
KR_6713603325,440,-1,10,-2,-8,-6,6,0,0,2,2,1,5,6,1,3,4,-4,5,1,0,-5,1,1,-3,2,-5,-1,-2,0,-1,-1,1,0,-1
KR_6759049669,420,0,0,-18,2,2,1,3,-2,5,3,1,1,2,2,1,3,-1,2,1,-1,-6,-10,-2,-4,6,3,0,0,-1,-1,0,-1,3,-1
KR_6733191319,420,0,-19,-12,0,1,1,2,0,4,4,2,2,4,-7,7,0,4,0,4,1,7,42,-2,-3,5,1,0,0,1,-1,0,1,3,-1
KR_6625606845,420,-2,20,27,-5,1,3,4,-1,4,3,-1,1,0,-7,9,2,3,0,3,0,-7,4,0,-3,3,3,0,1,-1,1,1,1,6,-1
KR_6671437862,420,2,-32,-4,6,1,3,4,-1,4,3,1,2,3,4,2,6,1,0,1,0,5,-2,-2,-4,6,3,0,0,1,-1,1,1,3,-1
KR_6744502699,440,1,-53,52,-2,-9,9,0,2,0,2,3,2,5,0,0,0,2,0,2,-1,4,-3,1,-1,0,1,0,-1,0,0,-1,-1,0,-1
KR_6729300715,420,-3,-38,-8,-6,-1,5,4,4,3,7,-2,5,3,-4,6,2,-3,3,0,1,0,-7,-1,-2,3,1,0,-1,0,-1,-1,1,0,-1
KR_6693072238,420,1,-44,0,-3,-2,2,0,0,4,4,4,3,7,-2,2,0,-3,4,1,-2,-4,-3,-2,-3,5,-6,0,0,1,-1,0,-1,5,-1
KR_6760366442,420,-5,-3,-45,-13,-4,5,1,-3,3,0,-2,2,0,-3,7,4,-1,1,0,0,-6,-2,2,-2,0,-1,0,-1,-1,-1,-1,-1,4,-1
KR_6694960960,420,0,44,1,-3,-3,5,2,0,3,3,0,1,1,-1,2,1,1,2,3,1,0,6,0,-2,2,-3,0,1,-1,1,-1,1,3,-1
KR_6693517329,420,0,-23,-44,2,0,2,2,3,0,3,-1,1,0,1,1,2,-1,4,3,0,1,-9,0,-2,2,-1,0,0,-1,-1,0,1,3,-1
KR_6747253958,420,-1,-74,-48,0,3,2,5,0,1,1,-3,5,2,1,2,3,-1,2,1,1,4,-52,-4,-1,5,27,0,0,-1,1,-1,1,3,-1
KR_6641353712,420,0,-60,16,1,-2,2,0,3,0,3,1,1,2,-2,2,0,1,0,1,0,5,-16,-5,-3,8,3,0,0,1,1,1,-1,4,-1
KR_6759135960,420,-1,-5,-28,-12,-2,6,4,-8,8,0,2,2,4,-4,4,0,0,0,0,-3,-17,1,-4,-1,5,0,0,0,-1,0,-1,-1,6,-1
KR_6733230405,420,1,-19,-12,-4,2,2,4,-4,4,0,1,3,4,-4,6,2,1,0,1,0,-2,41,-1,-3,4,-21,0,0,0,0,0,-1,0,-1
KR_6636618745,420,-5,-28,-30,-6,-3,3,0,-1,1,0,6,1,7,-5,5,0,-3,3,0,0,-8,-4,-2,-1,3,0,0,0,-1,-1,0,1,5,-1
KR_6691243340,420,-8,-89,-39,-13,-1,2,1,-11,11,0,-3,4,1,2,3,5,0,3,3,0,-7,-4,-1,-3,4,0,0,-3,1,-1,-1,1,4,-1
KR_6754839086,420,1,29,-36,-1,-3,3,0,3,0,3,-1,6,5,0,0,0,0,0,0,0,-2,-5,2,-3,1,-4,0,1,-1,-1,1,1,6,-1
KR_6745088549,420,-1,28,-54,-5,-2,2,0,-1,2,1,-1,3,2,0,0,0,-1,2,1,0,-5,13,-1,-2,3,-1,0,-1,-1,-1,-1,-1,1,-1
KR_6694299759,440,-11,-39,-55,-23,-7,7,0,-7,7,0,-6,6,0,-3,4,1,0,0,0,0,-15,-115,-3,-3,6,1,0,-2,-1,-1,-1,-1,2,-1
KR_6763132373,420,3,118,-16,6,-1,1,0,-1,3,2,6,0,6,3,3,6,-1,2,1,0,0,-30,-2,-5,7,5,0,2,0,1,1,-1,0,-1
KR_6756224548,440,-1,-60,-11,-1,-2,4,2,1,0,1,-2,3,1,1,2,3,1,1,2,0,5,-2,-1,-2,3,0,0,-2,-1,1,-1,-1,2,-1
KR_6754338912,440,-2,-41,40,-10,-1,2,1,-6,9,3,-4,6,2,0,2,2,1,0,1,-2,-18,-14,-6,-1,7,0,0,0,0,0,0,-1,0,-1
KR_6763439939,440,-2,-76,-12,-6,-4,4,0,1,2,3,3,2,5,-1,1,0,-5,6,1,0,-6,-5,-4,-2,6,1,0,-1,-1,-1,-1,1,1,-1
KR_6664011331,420,-6,-95,14,-13,1,1,2,-4,8,4,0,3,3,-5,5,0,-5,5,0,0,-16,5,-4,-1,5,1,0,-2,-1,-1,-1,1,2,-1
KR_6728087994,420,0,14,38,-2,3,2,5,2,1,3,-6,6,0,-1,2,1,0,1,1,0,0,2,2,-4,2,0,0,0,-1,-1,0,-1,3,-1
KR_6755016999,420,0,-89,36,-1,-5,5,0,2,0,2,-1,1,0,0,3,3,3,1,4,0,5,49,-1,-3,4,2,0,-1,-1,1,-1,-1,5,-1
KR_6605640101,420,-3,-53,-5,-10,0,2,2,-2,4,2,-9,9,0,1,0,1,0,0,0,0,2,-247,-1,-2,3,-4,0,-1,1,-1,-1,-1,5,-1
KR_6742900579,420,-2,-82,-24,-2,-1,5,4,4,2,6,2,1,3,-3,5,2,-4,4,0,0,-4,9,1,-7,6,-3,0,-1,-1,-1,-1,1,2,-1
KR_6748768355,420,-1,-11,-4,-7,2,4,6,-1,1,0,-5,6,1,-5,5,0,2,1,3,0,-10,-4,-3,0,3,0,0,0,-1,-1,0,1,1,-1
KR_6638546614,420,2,-13,6,10,0,2,2,2,1,3,5,0,5,2,1,3,1,0,1,0,16,2,2,-4,2,1,0,-1,1,-1,-1,1,1,-1
KR_6745009642,440,-5,-50,17,0,-2,5,3,-3,3,0,0,2,2,0,3,3,5,0,5,0,0,12,1,-1,0,0,0,-3,0,-1,-1,1,0,-1
KR_6745818941,420,-2,-19,-16,-3,-7,7,0,3,1,4,-3,6,3,4,3,7,0,3,3,0,4,-32,-4,0,4,4,0,0,0,-1,-1,-1,0,-1
KR_6759297860,420,-1,-40,-8,-2,3,1,4,-1,2,1,-3,5,2,-3,6,3,2,0,2,0,2,-4,-3,-1,4,0,0,1,-1,1,1,-1,1,-1
KR_6764288025,420,-4,-50,-42,0,2,0,2,2,0,2,-1,3,2,-1,1,0,-2,2,0,0,1,-8,-1,-1,2,-1,0,-1,-1,1,-1,-1,4,-1
KR_6740570793,420,-5,-71,-10,-1,-2,2,0,2,0,2,-4,5,1,1,1,2,2,0,2,0,3,-37,4,-5,1,32,0,-2,1,-1,-1,1,6,-1
KR_6727137897,420,-4,-129,-21,-11,-3,4,1,2,1,3,-5,5,0,-5,6,1,0,0,0,-1,-6,-10,1,-1,0,-2,0,-1,-1,-1,-1,-1,6,-1
KR_6751272416,440,1,6,-12,-1,-3,6,3,1,2,3,0,1,1,1,3,4,0,1,1,1,1,-5,-1,-1,2,0,0,0,0,1,0,1,0,-1
KR_6757885870,420,-5,33,12,-13,-4,6,2,-4,4,0,1,0,1,0,2,2,-6,6,0,1,-20,-7,-1,-2,3,-1,0,-1,1,-1,-1,1,1,-1
KR_6762995862,420,-3,-23,-21,-1,0,1,1,-1,2,1,4,2,6,-4,5,1,0,0,0,0,-1,7,-1,-1,2,-1,0,-1,-1,1,-1,-1,6,-1
KR_6762382019,420,-4,-65,-20,-9,-2,3,1,-2,5,3,-2,3,1,-1,1,0,-2,2,0,0,-9,-361,4,-5,1,-2,0,-2,-1,-1,-1,-1,5,-1
KR_6645035272,420,1,44,40,-5,-1,1,0,-3,7,4,1,3,4,0,2,2,-2,4,2,0,-8,12,-1,-4,5,-2,0,0,-1,1,0,-1,4,-1
KR_6633948003,420,-1,28,40,0,-2,5,3,-3,4,1,8,0,8,-7,9,2,4,0,4,0,-3,13,0,-4,4,-4,0,-1,0,0,-1,-1,0,-1
KR_6667184003,420,3,80,4,0,3,0,3,-3,3,0,0,1,1,0,2,2,0,0,0,0,-5,53,2,-4,2,-5,0,0,1,-1,0,1,3,-1
KR_6760283172,420,1,36,7,2,0,0,0,1,2,3,4,2,6,-3,8,5,0,1,1,2,10,-5,-1,-1,2,4,0,2,1,1,1,1,2,-1
KR_6762774991,420,-4,-12,-28,-7,-4,7,3,-5,6,1,-2,2,0,2,2,4,2,0,2,0,-1,-121,0,-1,1,1,0,-2,1,-1,-1,-1,2,-1
KR_6731751185,420,0,2,-4,-1,1,1,2,-1,3,2,0,1,1,-1,1,0,0,1,1,0,-7,5,-3,0,3,2,0,0,1,1,0,1,3,-1
KR_6713898557,420,-3,-89,-72,-3,2,1,3,0,3,3,2,2,4,-3,9,6,-4,4,0,-1,6,-1,1,-2,1,1,0,-3,0,-1,-1,-1,0,-1
KR_6759121271,420,-1,-20,28,-6,-11,11,0,2,0,2,5,0,5,-1,2,1,-1,1,0,-1,11,14,1,-2,1,-1,0,-2,-1,-1,-1,-1,3,-1
KR_6726464072,440,-5,-115,-22,2,-1,1,0,-3,5,2,0,3,3,5,1,6,1,1,2,-1,11,-34,6,-10,4,14,0,-3,1,-1,-1,-1,5,-1
KR_6748257831,420,-2,4,-64,-5,-1,1,0,1,0,1,-1,2,1,-2,3,1,-2,4,2,0,-3,-216,-3,-2,5,3,0,0,-1,-1,0,-1,1,-1
KR_6760837880,420,1,12,-4,3,1,1,2,0,1,1,0,3,3,7,2,9,-5,5,0,0,-1,-22,4,-6,2,5,0,1,-1,0,1,-1,1,-1
KR_6755797551,420,-3,5,-5,-5,1,3,4,0,2,2,1,0,1,-2,2,0,-5,5,0,0,-7,-6,3,-6,3,-4,0,-1,1,-1,-1,-1,4,-1
KR_6370486367,420,0,23,6,-2,2,0,2,3,2,5,-4,4,0,-3,4,1,0,0,0,0,-4,0,0,0,0,2,0,0,-1,-1,0,1,5,-1
KR_6748666559,420,-3,-33,10,-9,-5,6,1,1,1,2,-2,2,0,-2,2,0,-1,2,1,0,-1,-5,-2,-2,4,0,0,-3,-1,-1,-1,-1,4,-1
KR_6619753741,420,5,99,-16,4,7,1,8,2,0,2,0,1,1,-3,3,0,-2,2,0,0,-2,-4,-2,0,2,-1,0,1,-1,1,1,-1,5,-1
KR_6763961134,420,-2,-20,-7,-5,0,5,5,-3,5,2,-3,3,0,0,1,1,1,1,2,0,-2,-2,-3,0,3,2,0,-1,0,1,-1,-1,0,-1
KR_6729170338,420,-5,-119,-46,-24,-12,12,0,-3,3,0,-2,3,1,-2,6,4,-5,5,0,-1,-15,226,1,-3,2,-5,0,-3,-1,-1,-1,-1,2,-1
KR_6694282656,420,-2,-18,-29,-5,-3,3,0,5,0,5,-9,11,2,2,0,2,0,2,2,0,5,-159,-2,-2,4,-4,0,-2,-1,-1,-1,-1,1,-1
KR_6743999116,420,-3,-134,32,2,-3,4,1,-1,2,1,4,1,5,0,2,2,2,0,2,0,5,-237,1,-2,1,-1,0,-1,-1,1,-1,-1,2,-1
KR_6709061227,440,-2,40,8,-1,0,2,2,-1,4,3,2,2,4,0,4,4,-2,3,1,1,1,7,-1,-3,4,2,0,0,1,1,0,1,4,-1
KR_6675455322,420,-2,-10,8,-12,-3,3,0,-3,6,3,0,3,3,-6,6,0,0,0,0,0,-10,-73,0,-2,2,-2,0,1,-1,0,1,-1,2,-1
KR_6719892591,420,-2,-75,-3,-3,-2,3,1,3,1,4,1,1,2,-3,5,2,-2,3,1,-2,-3,-34,5,-10,5,21,0,0,-1,1,0,-1,2,-1
KR_6514702495,420,-1,-24,-12,-5,-1,1,0,-2,4,2,-5,8,3,0,4,4,3,0,3,0,-4,0,-1,-4,5,1,0,0,1,-1,-1,1,6,-1
KR_6738641962,420,-8,-147,-37,-14,-5,5,0,-1,1,0,-7,7,0,-1,3,2,0,2,2,0,-6,11,-3,0,3,-4,0,-4,-1,-1,-1,-1,3,-1
KR_6755479958,420,-5,-113,-3,-6,2,1,3,-3,4,1,-7,8,1,1,0,1,1,0,1,0,-5,-24,-1,-1,2,1,0,-2,-1,1,-1,1,4,-1
KR_6724063173,420,-2,-8,29,-5,-3,3,0,-1,1,0,-2,2,0,-2,3,1,3,0,3,0,0,0,-3,-1,4,-3,0,0,-1,-1,0,-1,5,-1
KR_6747882001,420,3,35,-3,-1,-1,2,1,-4,8,4,2,3,5,0,7,7,2,0,2,2,7,-16,3,-5,2,-2,0,0,1,-1,1,1,4,-1
KR_6759124438,440,0,-5,-8,-4,7,0,7,-2,3,1,1,3,4,-9,12,3,-1,1,0,1,-3,2,2,-4,2,-2,0,0,-1,1,0,1,1,-1
KR_6758837300,420,-1,-59,7,-4,-1,3,2,-1,2,1,-2,2,0,-1,3,2,1,0,1,0,-1,5,-3,-1,4,2,0,-2,1,-1,-1,-1,6,-1
KR_6749320085,420,-2,-70,-16,-4,-3,4,1,0,1,1,6,0,6,-3,6,3,-4,5,1,0,-5,-12,3,-6,3,-1,0,-2,-1,-1,-1,-1,6,-1
KR_6693284091,420,-3,-21,12,-7,-7,7,0,-2,4,2,3,0,3,-2,4,2,1,3,4,0,-4,1,0,-2,2,-1,0,0,-1,1,-1,-1,5,-1
KR_6753730313,420,-1,-49,-8,2,1,1,2,1,1,2,2,0,2,-2,2,0,0,0,0,0,0,5,1,-3,2,0,0,-1,0,1,-1,1,0,-1
KR_6706233083,420,-5,-116,12,-12,-3,4,1,-1,8,7,-3,4,1,-3,3,0,-2,2,0,1,-1,1,-1,-1,2,-2,0,-2,-1,0,-1,1,2,-1
KR_6721508060,420,-3,-63,-22,-5,0,2,2,-4,8,4,-2,3,1,0,1,1,1,3,4,0,-8,-4,-1,-1,2,-1,0,1,-1,1,1,-1,1,-1
KR_6751899274,420,-4,-32,-20,-3,2,2,4,-8,8,0,-2,2,0,5,2,7,0,0,0,0,-1,-9,-2,-1,3,0,0,0,-1,0,1,-1,6,-1
KR_6682822348,420,1,5,16,-4,-2,4,2,-3,3,0,0,1,1,1,1,2,0,1,1,0,-3,-3,-5,-2,7,1,0,1,0,1,1,-1,0,-1
KR_6763384509,440,-1,-53,11,-4,-3,4,1,-3,6,3,1,1,2,0,4,4,1,1,2,0,-1,8,3,-6,3,3,0,-1,0,-1,-1,1,0,-1
KR_6759246321,420,-7,-104,36,-2,-4,4,0,2,2,4,0,1,1,-1,1,0,1,0,1,0,-5,22,1,-3,2,0,0,-2,0,-1,-1,-1,0,-1
KR_6761995902,440,-3,-67,9,-5,-1,2,1,0,2,2,2,4,6,-5,5,0,-1,3,2,-1,-11,-6,1,-1,0,-1,0,-1,-1,0,-1,-1,3,-1
KR_6757615927,420,0,7,-8,1,3,1,4,1,1,2,-1,4,3,-1,2,1,-1,2,1,-3,-2,2,1,-2,1,-2,0,1,-1,0,1,-1,5,-1
KR_6752416729,420,1,41,-14,5,2,0,2,0,0,0,4,3,7,-1,1,0,0,0,0,0,0,4,-2,-2,4,0,0,1,0,1,1,1,0,-1
KR_6638284595,420,1,-61,-24,3,-1,1,0,5,2,7,0,2,2,-2,2,0,1,0,1,0,10,-33,0,-4,4,1,0,0,1,-1,0,1,4,-1
KR_6731440379,420,1,1,5,2,0,0,0,-2,5,3,1,1,2,3,1,4,0,0,0,0,2,0,7,-7,0,0,0,0,0,1,0,1,0,-1
KR_6659387524,420,-1,-64,-24,2,0,2,2,1,2,3,-1,3,2,4,1,5,-2,3,1,-1,5,49,0,-2,2,1,0,0,-1,-1,-1,-1,2,-1
KR_6628514719,420,2,54,18,8,7,0,7,-1,3,2,-1,3,2,3,3,6,0,5,5,1,3,-42,0,-4,4,11,0,4,1,1,1,1,2,-1
KR_6718768313,420,-4,-66,4,-14,-3,5,2,-1,2,1,-1,3,2,-3,5,2,-6,6,0,0,-12,7,0,-2,2,-2,0,-3,-1,-1,-1,-1,6,-1
KR_6658132490,420,1,34,-4,-2,3,0,3,-9,9,0,-4,7,3,5,1,6,3,0,3,0,0,5,4,-5,1,-4,0,0,1,0,0,1,2,-1
KR_6756639508,420,-3,-19,-16,4,-3,3,0,3,0,3,5,3,8,-3,4,1,2,0,2,-1,3,-254,2,-4,2,-2,0,0,-1,0,-1,-1,3,-1
KR_6694036964,440,0,-52,-29,-6,1,2,3,-7,9,2,-2,4,2,3,1,4,-1,3,2,0,-3,1,-4,-2,6,4,0,1,0,1,1,1,0,-1
KR_6528704325,420,-4,-5,-36,-4,4,0,4,-2,3,1,-10,11,1,3,0,3,1,0,1,0,4,11,4,-7,3,-2,0,0,0,1,-1,-1,0,-1
KR_6760915642,420,-1,13,16,-6,-3,4,1,-1,2,1,-4,7,3,1,1,2,1,0,1,0,-8,-5,0,-4,4,2,0,-1,-1,-1,-1,-1,2,-1
KR_6618711269,420,3,-44,68,-2,5,1,6,0,0,0,-8,8,0,0,2,2,1,1,2,-1,2,8,0,0,0,0,0,0,1,1,-1,-1,5,-1
KR_6623510244,420,-1,-1,-2,-4,0,3,3,-4,5,1,5,2,7,-3,4,1,-2,3,1,-1,-8,-13,0,0,0,-2,0,0,1,1,1,-1,4,-1
KR_6733531544,420,0,27,-4,0,4,1,5,0,4,4,-4,5,1,-2,2,0,2,1,3,0,-11,-3,-1,0,1,-2,0,0,-1,1,0,-1,4,-1
KR_6735697582,420,0,-80,36,-3,3,3,6,-3,5,2,-6,6,0,0,3,3,3,0,3,0,-2,-5,4,-6,2,-2,0,-1,0,-1,-1,1,0,-1
KR_6728154169,440,1,52,-12,3,3,0,3,2,0,2,1,2,3,3,1,4,-6,9,3,1,3,-3,-3,-3,6,3,0,1,-1,1,1,1,6,-1
KR_6691143349,420,-3,41,-28,2,3,2,5,-2,2,0,3,0,3,1,1,2,-3,3,0,0,-2,6,4,-6,2,-2,0,1,-1,1,1,1,6,-1
KR_6760884325,420,0,5,4,8,0,0,0,5,2,7,4,0,4,-1,2,1,0,2,2,0,-1,-33,-4,0,4,3,0,1,-1,1,1,1,2,-1
KR_6735934008,420,0,-53,0,3,-1,3,2,-2,4,2,5,1,6,0,1,1,1,0,1,0,4,1,0,-2,2,-1,0,-1,1,-1,-1,-1,5,-1
KR_6617424538,420,-8,-117,-36,-20,-4,4,0,-1,2,1,-2,4,2,-9,11,2,-4,5,1,0,-10,0,0,-1,1,0,-1,-7,-1,-1,-1,-1,3,-1
KR_6651390335,420,0,-7,-8,2,-3,6,3,1,0,1,0,2,2,4,2,6,0,2,2,0,11,-2,-1,-2,3,1,0,-2,1,-1,-1,1,6,-1
KR_6734381143,420,-2,-54,-7,-5,-3,3,0,-4,5,1,2,3,5,0,4,4,0,1,1,0,-2,10,0,-2,2,-2,0,0,-1,-1,0,1,3,-1
KR_6736434544,420,-3,-4,-12,-18,-3,3,0,-2,7,5,-2,4,2,-9,10,1,-2,3,1,0,-13,-7,-3,0,3,0,0,0,-1,-1,1,-1,3,-1
KR_6697644713,420,-2,-3,-20,-12,2,0,2,1,2,3,-6,7,1,-10,13,3,1,0,1,-1,-10,-1,-1,0,1,-3,0,-1,-1,-1,-1,-1,5,-1
KR_6756386949,440,-5,-68,-72,-16,-8,8,0,0,1,1,-7,7,0,1,1,2,-2,3,1,-1,-14,-3,-4,-3,7,-1,0,-2,-1,-1,-1,-1,4,-1
KR_6730334236,420,-3,-39,-4,-14,-1,2,1,2,1,3,-4,5,1,-11,12,1,0,0,0,-1,-16,3,2,-4,2,-6,0,0,-1,-1,0,-1,6,-1
KR_6694271147,440,-3,-10,20,-8,-7,9,2,1,2,3,1,2,3,-2,3,1,-1,2,1,0,-11,-231,1,-2,1,-1,0,0,-1,1,0,1,3,-1
KR_6743531568,420,-4,-36,-5,-3,-2,2,0,0,3,3,2,0,2,-4,5,1,1,1,2,0,-4,-268,-1,-1,2,0,0,-1,-1,-1,-1,-1,6,-1
KR_6762389427,420,-2,-36,-4,-6,-2,2,0,1,0,1,-4,4,0,-3,3,0,2,1,3,0,-3,-26,0,-5,5,-2,0,0,0,-1,0,-1,0,-1
KR_6758719072,420,-1,-61,0,-3,2,0,2,2,5,7,-4,5,1,-4,6,2,1,0,1,0,0,18,0,-7,7,1,0,-1,-1,-1,-1,1,4,-1
KR_6760750894,420,0,-3,-4,-1,-1,1,0,-3,6,3,0,3,3,7,1,8,-4,6,2,0,-11,-2,1,-3,2,-3,0,0,0,0,0,-1,0,-1
KR_6640447272,420,2,30,11,-8,-1,1,0,1,2,3,-8,10,2,-2,2,0,2,0,2,0,-6,-4,-1,0,1,0,0,1,-1,1,1,-1,4,-1
KR_6663714435,420,-6,-80,-44,-5,-2,3,1,0,2,2,-2,5,3,-1,1,0,0,0,0,0,-6,-57,0,-1,1,18,0,-2,-1,1,-1,1,2,-1
KR_6758471951,420,1,12,-4,-3,-3,4,1,-1,2,1,-2,7,5,2,3,5,1,0,1,0,-6,6,3,-4,1,-4,0,-1,1,-1,-1,1,3,-1
KR_6062394268,420,-2,-46,-7,-10,1,1,2,1,2,3,-2,3,1,-7,8,1,-3,4,1,-1,-13,165,0,-3,3,2,0,-1,-1,1,-1,-1,4,-1
KR_6750849412,420,0,-42,3,4,4,1,5,-1,2,1,0,4,4,-1,6,5,2,0,2,0,2,10,4,-5,1,-2,0,0,1,1,1,-1,6,-1
KR_6748750147,440,1,-13,-32,-9,0,4,4,-3,6,3,1,1,2,-3,6,3,-4,4,0,0,-11,2,0,-2,2,2,0,0,-1,-1,0,1,1,-1
KR_6739579423,420,-2,8,28,-6,-3,5,2,7,1,8,-2,4,2,-5,5,0,-3,3,0,0,-2,12,1,-2,1,0,0,-1,-1,1,-1,-1,5,-1
KR_6704794190,420,-2,-61,-9,-3,1,2,3,-4,4,0,0,1,1,-2,5,3,2,1,3,0,-5,-6,3,-3,0,-3,0,0,1,1,-1,1,6,-1
KR_6683020689,420,-3,2,-20,-5,-2,2,0,-1,3,2,2,1,3,-3,5,2,-1,4,3,0,-9,400,-2,-4,6,-17,0,-1,1,0,-1,1,6,-1
KR_6641825818,420,-6,-40,-16,-15,-4,5,1,-4,4,0,0,2,2,-6,9,3,-1,1,0,0,-10,-33,-2,-2,4,16,0,-2,-1,-1,-1,1,1,-1
KR_6755334220,440,1,-87,16,7,2,1,3,3,3,6,-1,2,1,3,0,3,0,0,0,0,7,10,2,-7,5,3,0,-1,1,-1,-1,1,2,-1
KR_6684499633,420,-3,-40,-12,-5,-1,1,0,3,0,3,-1,2,1,-6,8,2,0,1,1,0,-5,-198,-1,-3,4,-2,0,-2,-1,-1,-1,-1,2,-1
KR_6620995201,420,-4,-14,9,-7,2,2,4,3,2,5,-1,3,2,-10,11,1,-1,3,2,0,-9,-5,3,-4,1,0,0,-2,0,-1,-1,-1,0,-1
KR_6673252481,420,0,66,16,1,2,0,2,0,0,0,-2,2,0,1,0,1,0,0,0,0,1,-173,0,-1,1,0,0,-1,0,-1,-1,-1,0,-1
KR_6713728294,440,-1,22,-23,1,9,0,9,2,1,3,-3,4,1,-5,5,0,-2,3,1,1,-10,-18,3,-4,1,4,0,1,-1,1,1,1,1,-1
KR_6698244715,420,-1,-6,3,-5,-1,2,1,-1,2,1,-2,6,4,-4,4,0,3,1,4,-1,-5,-1,0,0,0,2,0,-1,-1,-1,-1,-1,5,-1
KR_6761588172,420,0,-17,4,-3,0,4,4,-3,3,0,5,0,5,-5,8,3,0,2,2,-1,-9,4,6,-7,1,3,0,0,1,1,1,-1,1,-1
KR_6751364645,420,-3,-23,-32,1,-1,2,1,-2,2,0,-5,5,0,7,1,8,2,0,2,0,2,56,-1,-2,3,0,0,0,1,-1,1,1,3,-1
KR_6737841766,420,-6,-54,-35,-10,-3,3,0,-4,5,1,0,3,3,-2,2,0,-1,1,0,0,-9,-11,-3,0,3,2,0,0,-1,1,-1,1,3,-1
KR_6752137506,420,-6,-40,-64,-15,-4,5,1,-4,4,0,-3,3,0,-3,4,1,-1,1,0,0,-16,-11,-4,-1,5,0,0,-2,-1,-1,-1,-1,6,-1
KR_6724299324,440,0,31,-15,-1,-1,3,2,-1,2,1,-2,4,2,2,2,4,1,2,3,0,1,1,-1,-4,5,1,0,1,-1,-1,1,-1,3,-1
KR_6657787536,420,4,123,-28,1,2,1,3,-5,7,2,-4,5,1,4,2,6,4,3,7,0,0,-15,-1,-1,2,3,0,1,-1,-1,1,1,4,-1
KR_6759086641,420,-4,-64,-8,-8,-5,6,1,-1,2,1,2,1,3,-1,1,0,-3,3,0,0,0,-4,-3,-2,5,-4,0,0,-1,-1,-1,-1,5,-1
KR_6722771780,420,-2,-33,16,-2,-2,3,1,1,1,2,4,0,4,-4,5,1,-1,1,0,0,-3,-3,0,-1,1,-5,0,0,-1,1,-1,-1,5,-1
KR_6691105034,420,-5,-113,-22,-10,1,1,2,2,0,2,-8,10,2,-5,8,3,0,2,2,0,-4,-8,-4,-1,5,2,0,-2,1,-1,-1,-1,6,-1
KR_6625603129,420,-2,-60,-9,-3,0,2,2,4,3,7,-6,6,0,0,4,4,-1,2,1,-1,1,4,-3,-3,6,3,0,-2,0,-1,-1,-1,0,-1
KR_6705422002,420,1,-17,36,0,2,3,5,-1,4,3,-2,2,0,1,1,2,0,0,0,0,-1,-14,-6,-1,7,3,0,1,1,0,1,-1,2,-1
KR_6745807392,420,-2,-49,-35,-9,-3,3,0,2,1,3,-1,2,1,-5,8,3,-2,2,0,0,-8,-9,2,-4,2,-4,0,-1,-1,-1,-1,-1,4,-1
KR_6749191425,420,-5,-124,-4,-12,-2,4,2,-4,5,1,-1,1,0,1,3,4,-6,8,2,0,-6,5,-1,-3,4,-2,0,-2,-1,-1,-1,1,1,-1
KR_6645002003,420,-2,-58,-4,0,1,3,4,0,1,1,0,0,0,3,5,8,-4,4,0,0,3,10,0,-3,3,-2,0,-1,-1,-1,-1,1,5,-1
KR_6761098801,420,-1,-21,-64,-5,-4,5,1,-3,4,1,-1,2,1,2,4,6,1,1,2,0,2,2,-1,0,1,-2,0,0,-1,-1,0,-1,2,-1
KR_6762663235,420,-2,-49,-4,-5,-1,1,0,-2,3,1,1,0,1,-1,3,2,-2,2,0,0,-7,3,0,-1,1,-3,0,0,-1,-1,0,-1,2,-1
KR_6724167278,420,-3,11,-16,-1,-2,4,2,1,0,1,-3,5,2,1,1,2,2,0,2,0,5,17,1,-3,2,1,0,-1,1,-1,-1,-1,1,-1
KR_6727557442,420,1,17,-40,-1,-3,4,1,-1,3,2,0,0,0,3,3,6,0,2,2,-1,2,-5,-2,-1,3,8,0,1,-1,0,1,-1,5,-1
KR_6726301056,420,-2,-7,-22,-4,-2,2,0,-1,3,2,3,2,5,-2,3,1,-2,2,0,0,-7,-17,3,-5,2,-3,0,0,-1,-1,-1,-1,6,-1
KR_6654636641,420,-5,-44,-1,-15,-1,2,1,-4,4,0,0,5,5,-7,7,0,-3,5,2,0,-7,8,0,-3,3,0,0,0,-1,-1,-1,-1,2,-1
KR_6666959400,420,2,4,-20,5,-3,3,0,-1,2,1,-1,2,1,13,1,14,-3,3,0,0,12,6,1,-1,0,0,0,1,-1,-1,-1,-1,6,-1
KR_6606662502,420,-2,-24,-14,-5,1,1,2,-2,4,2,-1,2,1,-3,5,2,0,0,0,0,-4,-18,-3,-2,5,-3,0,0,-1,0,0,1,1,-1
KR_6744026692,420,0,-42,16,-1,0,0,0,2,1,3,-2,2,0,-3,3,0,2,0,2,0,-5,-57,2,-4,2,1,0,0,1,-1,0,1,1,-1
KR_6747144484,420,-1,-37,-8,-6,-2,2,0,-1,1,0,2,2,4,-3,3,0,-2,4,2,-1,-7,-3,0,0,0,0,0,0,-1,-1,-1,-1,3,-1
KR_6716142873,420,-3,-22,-40,-1,1,0,1,-5,7,2,3,3,6,0,3,3,0,1,1,0,1,-14,-1,-4,5,1,0,-1,-1,-1,-1,1,2,-1
KR_6718070123,420,-2,-63,-16,-3,2,3,5,1,5,6,0,3,3,-3,3,0,-3,3,0,0,-3,459,0,-6,6,1,0,-1,1,-1,-1,1,2,-1
KR_6729901547,420,-3,-28,-1,-5,-1,2,1,3,2,5,0,1,1,-6,7,1,-1,1,0,0,-5,28,5,-6,1,-2,0,-2,1,0,-1,-1,2,-1
KR_6671594120,420,-3,-81,8,-14,1,2,3,0,1,1,-6,8,2,-8,9,1,-1,2,1,0,-5,0,0,-2,2,0,0,-1,-1,-1,-1,-1,2,-1
KR_6762569141,440,0,-1,1,-3,-2,2,0,-1,2,1,0,1,1,1,2,3,-1,1,0,0,-5,25,0,-5,5,-3,0,0,-1,-1,0,1,3,-1
KR_6726130883,420,-6,-64,-40,-11,-2,3,1,-5,5,0,-2,2,0,-3,4,1,1,0,1,0,-6,3,-2,-1,3,1,0,0,-1,0,0,-1,5,-1
KR_6756283951,420,0,-42,2,-6,0,1,1,-4,6,2,0,3,3,-2,2,0,0,1,1,0,-1,-23,-2,-4,6,6,0,-1,-1,0,-1,-1,5,-1
KR_6737546681,420,-8,-7,-112,-14,-5,5,0,1,2,3,-8,9,1,-5,7,2,3,0,3,-1,-4,-15,-1,-1,2,-2,0,-1,-1,-1,-1,-1,6,-1
KR_6736095747,420,-1,15,-6,-1,-2,4,2,-3,5,2,4,1,5,1,1,2,-1,3,2,0,-3,-30,-3,-1,4,6,0,-2,1,-1,-1,-1,2,-1
KR_6759521203,420,-2,1,21,-5,1,3,4,-5,6,1,3,1,4,-2,2,0,-2,2,0,1,-4,9,-2,-3,5,1,0,-1,-1,-1,-1,1,3,-1
KR_6682008426,440,-3,-103,-24,-10,-3,5,2,-4,6,2,-6,6,0,1,5,6,2,0,2,0,-4,-4,2,-3,1,-2,0,-1,0,0,-1,-1,0,-1
KR_6628570253,420,0,0,20,-7,-1,1,0,-3,5,2,-1,2,1,1,3,4,-3,3,0,0,-2,3,2,-5,3,1,0,0,0,-1,0,-1,0,-1
KR_6623386451,420,0,-14,12,0,1,0,1,-1,5,4,-4,7,3,6,2,8,-2,4,2,2,-4,-107,5,-7,2,0,0,0,0,0,0,1,0,-1
KR_6761204481,420,-1,36,34,-5,-6,7,1,1,3,4,1,1,2,0,4,4,-1,2,1,0,-7,7,1,-1,0,-1,0,-1,0,0,-1,-1,0,-1
KR_6720857662,420,-3,-13,-24,-6,0,0,0,2,1,3,-6,6,0,1,5,6,-3,3,0,-1,-4,-3,-3,-2,5,0,0,0,-1,1,0,-1,3,-1
KR_6688594343,420,-3,2,-37,-6,0,0,0,1,1,2,-7,7,0,0,0,0,0,0,0,0,-6,-3,-1,-3,4,-4,0,0,1,-1,-1,-1,3,-1
KR_6761609690,420,-1,-25,-14,-6,-1,4,3,-2,4,2,-5,5,0,2,1,3,0,0,0,-2,-4,29,-1,-1,2,-20,0,-2,1,-1,-1,-1,5,-1
KR_6688284098,420,-3,-28,8,-2,-2,3,1,2,2,4,-3,3,0,2,1,3,-1,1,0,0,-4,-1,1,-5,4,0,0,0,0,-1,0,1,0,-1
KR_6722153811,420,3,-70,12,4,3,0,3,-2,4,2,4,1,5,-1,2,1,0,1,1,0,6,-12,-2,-3,5,4,0,0,1,0,0,-1,6,-1
KR_6719401595,440,-1,-39,-12,-4,-1,1,0,-3,4,1,3,0,3,-3,5,2,0,0,0,-1,-8,-13,-3,-3,6,1,0,-2,-1,-1,-1,-1,1,-1
KR_6674162785,420,-1,-6,-8,-5,1,0,1,-3,3,0,-1,1,0,-4,4,0,2,0,2,0,-5,0,-1,-3,4,1,0,-1,-1,-1,-1,1,3,-1
KR_6747403531,440,-3,-4,4,-3,-2,3,1,0,2,2,3,1,4,-2,7,5,-2,2,0,1,-3,-3,0,-4,4,-2,0,-1,-1,-1,-1,1,2,-1
KR_6743675139,440,-4,-38,-9,-11,-4,6,2,-6,6,0,1,0,1,-3,5,2,1,0,1,0,-8,8,4,-8,4,-3,0,-2,-1,-1,-1,-1,6,-1
KR_6724767245,440,2,-62,18,4,0,0,0,-1,2,1,5,0,5,1,1,2,-1,2,1,0,4,4,3,-5,2,-2,0,0,-1,1,0,1,3,-1
KR_6757948882,420,-2,-23,-2,-4,-1,2,1,4,0,4,-3,6,3,-3,4,1,-1,2,1,0,-2,6,-2,-1,3,-4,0,0,-1,0,0,-1,3,-1
KR_6723219005,420,1,-76,12,5,-6,6,0,4,0,4,1,0,1,8,2,10,-2,2,0,0,6,-29,1,-4,3,12,0,-1,0,1,-1,-1,0,-1
KR_6752377172,420,1,0,4,-3,2,1,3,-1,4,3,-3,4,1,-2,2,0,1,0,1,0,-2,-7,4,-4,0,0,0,0,-1,1,0,-1,6,-1
KR_6648601968,420,2,-41,-2,-3,-2,3,1,2,2,4,2,1,3,-2,4,2,-3,5,2,-2,-4,5,1,-7,6,-2,0,0,-1,1,0,-1,1,-1
KR_6752548133,420,0,-62,-8,-3,2,0,2,0,4,4,-5,6,1,-1,1,0,1,0,1,0,1,-2,-5,0,5,5,0,-1,-1,1,-1,-1,5,-1
KR_6751377752,420,-3,-27,-32,-2,-1,4,3,1,0,1,0,2,2,-1,1,0,-1,1,0,-1,-2,11,-3,-1,4,3,0,0,-1,-1,0,-1,3,-1
KR_6750973722,440,-1,-16,4,-8,-2,3,1,-3,6,3,-3,6,3,2,1,3,-2,3,1,0,-6,-101,0,-4,4,-1,0,0,-1,-1,0,-1,2,-1
KR_6761008671,420,1,7,11,1,-2,3,1,0,1,1,4,2,6,2,3,5,-3,3,0,0,-1,4,2,-5,3,-3,0,-1,-1,1,-1,1,3,-1
KR_6760216384,440,1,57,-2,5,-3,3,0,0,4,4,-2,4,2,8,0,8,2,2,4,-1,6,-419,2,-5,3,-2,0,1,-1,0,1,-1,3,-1
KR_6714444013,420,-5,-111,-12,-22,-6,7,1,0,2,2,-8,9,1,-6,7,1,-2,2,0,-1,-6,14,0,-3,3,-3,-1,-5,-1,-1,-1,-1,1,-1
KR_6750727851,440,-1,-57,17,10,0,1,1,0,0,0,2,3,5,6,0,6,2,3,5,2,15,-7,1,-3,2,-1,0,0,1,1,-1,1,5,-1
KR_6642743869,420,-2,-24,-7,-5,-4,4,0,0,3,3,-1,2,1,2,1,3,-2,5,3,-2,-4,7,-4,0,4,-1,0,-1,-1,-1,-1,-1,2,-1
KR_6758782244,420,-1,-15,-44,-2,-2,4,2,3,1,4,-6,7,1,3,1,4,0,2,2,-1,2,-2,1,-1,0,1,0,0,0,-1,-1,-1,0,-1
KR_6710962671,420,-4,-95,-3,-9,-7,7,0,-2,2,0,-1,4,3,1,4,5,0,2,2,-1,-4,-1,2,-4,2,0,0,-1,-1,-1,-1,-1,2,-1
KR_6710269973,420,-1,-9,4,-7,-3,4,1,-3,4,1,0,3,3,0,0,0,-1,1,0,0,-9,-31,-5,0,5,-1,0,-1,1,1,-1,-1,4,-1
KR_6758192581,420,-5,-55,-55,-17,0,2,2,-2,3,1,-13,14,1,-4,5,1,2,1,3,-1,-5,-155,-1,-3,4,1,0,-2,-1,-1,-1,-1,4,-1
KR_6715356216,420,-4,-46,10,-1,-2,3,1,1,2,3,4,2,6,-3,6,3,-1,3,2,0,-2,5,0,-4,4,-1,0,-2,1,-1,-1,1,5,-1
KR_6741592541,420,-5,-58,-70,-13,-1,2,1,-10,12,2,-4,5,1,1,2,3,1,2,3,-3,-11,3,-3,-1,4,-2,0,-2,-1,1,-1,-1,3,-1
KR_6640107452,420,-3,0,-36,-5,1,0,1,-3,3,0,-5,5,0,0,4,4,2,1,3,0,-3,227,1,-3,2,-3,0,0,0,-1,0,1,0,-1
KR_6762308984,420,-3,-43,-14,1,-5,6,1,3,2,5,-2,2,0,7,0,7,-2,2,0,0,9,11,3,-5,2,-2,0,1,1,-1,1,1,5,-1
KR_6552847919,440,0,4,-46,5,-2,3,1,3,0,3,0,2,2,3,3,6,1,2,3,0,9,-4,0,-2,2,-1,0,1,-1,0,1,-1,5,-1
KR_6733314592,440,1,4,-25,0,-6,9,3,0,4,4,3,0,3,-1,4,3,4,3,7,0,11,0,0,-2,2,2,0,1,-1,0,1,-1,4,-1
KR_6763942399,420,-6,-34,-3,-15,0,0,0,-2,4,2,-13,14,1,0,2,2,0,0,0,1,-7,7,-4,0,4,-3,0,-3,-1,-1,-1,1,3,-1
KR_6659231925,420,-1,-78,-36,2,0,1,1,2,3,5,4,3,7,-2,2,0,-2,4,2,0,0,2,1,-2,1,1,0,0,-1,1,-1,-1,1,-1
KR_6752729851,420,4,-48,-11,2,1,4,5,3,1,4,0,3,3,0,1,1,-2,3,1,0,0,-8,0,-1,1,1,0,1,-1,0,1,-1,3,-1
KR_6661909903,420,-6,-43,-20,-12,-7,7,0,-3,5,2,-1,4,3,0,1,1,-1,2,1,0,-6,-9,-2,-3,5,1,0,-2,1,-1,-1,1,6,-1
KR_6750548380,420,2,9,0,5,-5,5,0,1,0,1,5,1,6,3,1,4,1,0,1,0,8,-28,1,-4,3,-4,0,0,1,-1,-1,1,3,-1
KR_6725598161,420,-6,-76,-27,-9,0,1,1,-1,4,3,-5,6,1,1,1,2,-4,4,0,1,-6,-25,-2,-1,3,2,0,-1,-1,1,1,1,3,-1
KR_6723987315,420,-5,-29,-20,-10,0,2,2,-1,1,0,-4,5,1,-5,7,2,0,0,0,0,-8,-15,-1,-4,5,2,0,0,-1,-1,0,-1,4,-1
KR_6759543278,440,0,-37,-4,5,-3,4,1,0,2,2,0,4,4,8,2,10,0,0,0,2,-2,2,0,-1,1,1,0,0,1,-1,1,1,4,-1
KR_6762556805,440,-2,46,-28,-13,1,2,3,-4,6,2,-6,6,0,-2,2,0,-2,4,2,0,-8,-368,-1,-5,6,10,0,-1,-1,-1,-1,-1,6,-1
KR_6674425017,420,-4,-10,-20,-7,-1,3,2,-4,5,1,2,1,3,-2,5,3,-2,4,2,0,-12,-21,-3,0,3,1,0,0,-1,-1,0,-1,6,-1
KR_6752486319,420,-4,-90,-20,-7,-7,7,0,-1,3,2,-1,2,1,1,0,1,1,2,3,0,2,-31,1,-5,4,1,0,-1,1,1,-1,1,4,-1
KR_6757098380,420,-9,-88,-52,-17,-1,2,1,-2,3,1,-9,9,0,-3,3,0,-2,2,0,-2,-17,-3,0,-2,2,0,0,-1,-1,-1,-1,-1,3,-1
KR_6630507897,420,-2,-3,-11,-7,-3,4,1,-3,4,1,-5,6,1,2,3,5,2,2,4,1,1,-8,-3,0,3,0,0,-1,-1,-1,-1,1,3,-1
KR_6755345139,420,-1,-17,-24,-1,4,1,5,-1,4,3,-3,5,2,-1,3,2,0,0,0,0,0,-65,-5,-2,7,12,0,-1,-1,-1,-1,1,2,-1
KR_6757026123,420,1,10,28,6,-3,6,3,-1,4,3,4,3,7,3,2,5,3,0,3,3,6,1,4,-6,2,1,0,1,0,1,1,1,0,-1
KR_6758873626,420,-2,-64,-8,-6,-3,6,3,2,0,2,-1,2,1,-3,3,0,-1,1,0,0,-10,3,3,-5,2,2,0,-1,1,-1,-1,-1,3,-1
KR_6720689973,420,0,15,31,1,1,0,1,-1,3,2,-5,10,5,4,2,6,2,1,3,0,-1,-5,-4,-1,5,6,0,2,-1,1,1,-1,2,-1
KR_6729422125,420,-5,-117,-8,-12,-7,7,0,-2,2,0,-2,3,1,4,2,6,-5,5,0,0,-1,-330,3,-4,1,-1,0,-2,-1,-1,-1,-1,6,-1
KR_6378164246,420,-6,-93,-21,-12,-4,6,2,-5,6,1,-1,2,1,-1,6,5,-1,2,1,0,-8,-3,-1,-1,2,1,0,0,1,-1,-1,1,2,-1
KR_6669925332,420,1,53,-28,-5,-2,3,1,0,4,4,-4,4,0,0,0,0,1,1,2,0,-3,-6,-1,-1,2,1,0,1,-1,1,1,1,2,-1
KR_6750585385,420,0,37,-28,0,3,0,3,-2,2,0,-4,7,3,3,1,4,0,0,0,0,2,2,-3,-1,4,-1,0,0,-1,0,0,1,6,-1
KR_6762560486,420,-4,-31,-5,-9,-1,2,1,-2,3,1,1,1,2,-4,4,0,-3,3,0,0,-15,14,6,-7,1,-1,0,-1,-1,-1,-1,-1,1,-1
KR_6759618686,420,-3,-73,24,-6,1,1,2,2,1,3,2,2,4,-1,7,6,-10,11,1,0,-8,0,-2,-3,5,0,0,0,-1,-1,0,1,4,-1
KR_6764011379,420,-2,-50,-24,-7,5,0,5,-3,5,2,-3,4,1,-5,7,2,-1,5,4,0,-7,-24,0,-3,3,2,0,-3,-1,-1,-1,-1,4,-1
KR_6681492481,420,-3,-30,-28,-5,0,0,0,5,0,5,-5,7,2,-2,2,0,-3,3,0,-2,-5,4,1,-3,2,-1,0,0,1,-1,0,-1,1,-1
KR_6661222769,420,-2,-15,-31,-13,-8,8,0,-6,8,2,-4,5,1,7,2,9,-2,2,0,-1,-15,330,-1,-1,2,3,0,-2,-1,-1,-1,-1,2,-1
KR_6764299369,420,-3,-70,0,-7,0,1,1,-1,2,1,-3,4,1,0,2,2,-3,4,1,0,-3,-3,-2,-4,6,0,0,0,-1,-1,-1,-1,4,-1
KR_6740998895,420,-4,-47,-9,-11,-3,5,2,-4,5,1,-8,8,0,4,2,6,0,0,0,1,-13,-45,-2,-1,3,9,0,-1,1,-1,-1,1,5,-1
KR_6735334959,420,2,3,20,5,0,1,1,2,2,4,7,2,9,-4,6,2,0,0,0,0,4,-35,3,-3,0,20,0,0,1,0,0,-1,3,-1
KR_6744664238,420,0,-33,12,1,-4,6,2,2,2,4,-2,3,1,6,1,7,-1,2,1,0,7,1,-3,-1,4,2,0,-1,1,-1,-1,-1,3,-1
KR_6636187218,420,-3,-6,-36,-10,1,0,1,-3,4,1,-2,3,1,-6,6,0,0,0,0,-1,-16,11,0,-1,1,-7,0,-1,-1,1,-1,-1,4,-1
KR_6758011851,420,1,-4,-8,0,-1,2,1,1,3,4,-1,3,2,-1,2,1,2,0,2,0,-1,3,2,-3,1,-4,0,-1,-1,-1,-1,-1,6,-1
KR_6671014944,420,-2,-122,-40,-8,-3,7,4,-1,4,3,0,0,0,-4,9,5,0,1,1,0,-2,28,3,-6,3,-3,0,-2,1,1,-1,1,6,-1
KR_6746124484,420,-5,-33,-32,-4,-7,7,0,2,2,4,3,1,4,-1,6,5,-1,3,2,0,-4,120,2,-4,2,0,0,-1,-1,-1,-1,1,3,-1
KR_6696170299,420,0,-31,16,-3,3,0,3,0,1,1,-2,2,0,-4,5,1,0,0,0,0,-6,-137,3,-3,0,-2,0,-1,0,-1,-1,-1,0,-1
KR_6549237956,420,-5,-69,-19,-12,4,0,4,-6,6,0,-1,3,2,-3,3,0,-6,6,0,0,-9,-2,-4,-2,6,1,0,-2,-1,-1,-1,-1,1,-1
KR_6732735234,420,1,7,23,3,-4,5,1,-1,5,4,4,2,6,-1,2,1,5,1,6,1,0,17,-5,-4,9,7,0,0,1,-1,0,-1,4,-1
KR_6718943588,420,2,34,13,-6,2,1,3,0,2,2,-4,7,3,1,0,1,-5,5,0,-2,-9,7,-4,-3,7,2,0,0,-1,-1,0,-1,1,-1
KR_6719689580,420,-3,4,8,-5,-4,4,0,-2,3,1,0,1,1,1,1,2,0,1,1,0,-7,-5,1,-5,4,6,0,0,-1,1,0,-1,1,-1
KR_6747041557,420,1,-6,20,-5,-3,3,0,-3,6,3,-2,3,1,2,0,2,1,0,1,0,-5,-41,0,-3,3,-5,0,0,1,-1,1,-1,3,-1
KR_6725802187,420,-3,-53,0,-4,-4,4,0,1,2,3,4,0,4,-5,5,0,0,0,0,0,-7,-3,4,-5,1,0,0,0,-1,0,0,-1,2,-1
KR_6625029749,440,1,18,-15,-4,3,0,3,-5,5,0,-4,4,0,1,2,3,1,1,2,0,-7,-3,-3,-1,4,1,0,-1,1,-1,-1,1,6,-1
KR_6762191705,420,3,45,40,-2,1,3,4,-3,4,1,1,1,2,-3,7,4,2,1,3,0,-2,3,-1,-1,2,2,0,1,0,1,1,-1,0,-1
KR_6661458885,440,1,-7,10,2,-1,3,2,2,1,3,-1,1,0,1,0,1,1,0,1,0,4,6,4,-8,4,1,0,-1,1,1,-1,1,2,-1
KR_6752318469,420,-3,-46,-8,-2,-2,3,1,2,1,3,-2,6,4,0,2,2,0,1,1,0,0,9,1,-2,1,0,0,0,1,-1,0,1,3,-1
KR_6647080141,420,-3,-79,19,-9,-1,4,3,-2,2,0,0,2,2,-4,6,2,-2,3,1,0,-11,2,2,-5,3,-1,0,-1,-1,1,-1,1,3,-1
KR_6625252148,420,-4,-37,-32,-3,-2,2,0,3,1,4,-1,2,1,-2,4,2,-1,4,3,0,3,-9,-2,-1,3,-1,0,-3,-1,-1,-1,1,2,-1
KR_6761751079,420,-1,-23,16,-7,0,0,0,-2,6,4,-2,3,1,-2,5,3,-1,1,0,0,-4,109,1,-4,3,0,0,0,1,-1,0,-1,1,-1
KR_6627477396,440,-2,-46,4,-3,-2,4,2,-1,5,4,-1,2,1,0,3,3,1,2,3,0,-4,-4,-4,0,4,-1,0,0,-1,-1,0,-1,4,-1
KR_6763090616,420,0,-1,-4,6,-3,4,1,6,0,6,1,2,3,2,1,3,0,3,3,-1,8,41,-1,0,1,0,0,0,1,0,0,-1,6,-1
KR_6675792549,420,-4,-96,-16,-6,-2,3,1,-4,4,0,1,0,1,0,2,2,-1,2,1,0,-4,-11,-2,-4,6,-1,0,-2,-1,-1,-1,-1,5,-1
KR_6748384554,420,0,-21,-4,1,1,0,1,-4,4,0,-2,2,0,5,2,7,1,1,2,1,7,-35,-1,0,1,-1,0,1,-1,-1,-1,1,5,-1
KR_6759483620,420,-2,-28,4,2,-1,2,1,2,2,4,3,2,5,-2,3,1,0,0,0,0,-1,16,-3,-2,5,3,0,0,0,-1,0,-1,0,-1
KR_6761750225,420,-3,-101,12,-5,-3,5,2,3,1,4,-6,8,2,2,2,4,-1,2,1,0,4,-306,1,-2,1,-1,0,-2,1,-1,-1,-1,3,-1
KR_6651247447,420,-3,-46,-9,0,-1,1,0,3,2,5,1,2,3,-3,4,1,0,0,0,1,4,-75,6,-8,2,-3,0,-1,-1,1,-1,1,3,-1
KR_6763695084,420,-1,-55,10,-3,0,2,2,0,3,3,-1,1,0,0,2,2,-2,2,0,-2,-10,-2,2,-3,1,0,0,-1,1,0,-1,-1,1,-1
KR_6759843061,420,-4,-63,13,-11,1,1,2,-3,4,1,-7,7,0,-2,2,0,0,0,0,0,-13,-50,1,-3,2,24,0,-2,0,1,-1,-1,0,-1
KR_6755347577,420,0,19,12,-6,5,3,8,0,2,2,0,1,1,-11,12,1,0,1,1,-1,-14,3,0,-2,2,-4,0,-1,1,0,-1,-1,4,-1
KR_6736345181,420,-5,-98,8,-9,-5,5,0,-1,2,1,-4,4,0,1,2,3,0,2,2,-1,-3,-258,-1,0,1,2,0,-4,-1,-1,-1,-1,4,-1
KR_6755321928,420,0,-42,20,3,2,1,3,-1,1,0,3,2,5,-2,2,0,1,1,2,-1,-2,-14,2,-6,4,0,0,-2,-1,-1,-1,-1,4,-1
KR_6682129463,440,0,-23,17,-1,0,1,1,0,2,2,-1,1,0,0,1,1,0,2,2,0,-1,0,4,-7,3,-3,0,0,-1,1,0,1,3,-1
KR_6732878458,420,-6,-78,-26,-16,-6,8,2,-1,3,2,-3,4,1,-4,5,1,-2,2,0,-1,-9,3,-2,0,2,0,0,-2,-1,-1,-1,-1,5,-1
KR_6754531025,420,-2,-70,22,-5,-2,3,1,-3,3,0,0,2,2,0,2,2,0,2,2,0,-9,2,-2,-4,6,2,0,0,-1,0,0,-1,3,-1
KR_6745843948,440,-8,-104,-20,-19,-6,6,0,-2,5,3,-8,9,1,-1,4,3,-2,2,0,0,-7,12,1,-5,4,0,0,-4,-1,-1,-1,-1,3,-1
KR_6732412460,420,-3,-100,4,-6,-2,3,1,2,1,3,-5,5,0,0,1,1,-1,2,1,0,0,-147,-1,-1,2,2,0,-2,-1,-1,-1,-1,4,-1
KR_6719461632,420,-4,-56,3,-3,0,1,1,0,3,3,-1,4,3,-1,2,1,-1,1,0,0,-12,35,1,-3,2,-2,0,-1,-1,-1,-1,1,1,-1
KR_6741066301,420,-2,-16,-5,-4,0,0,0,-2,4,2,-2,4,2,-1,3,2,1,0,1,0,1,-3,0,-2,2,0,0,0,1,1,-1,1,4,-1
KR_6725840592,420,0,-28,0,1,2,1,3,-1,1,0,5,2,7,-6,6,0,1,1,2,0,0,-8,0,-3,3,-3,0,-2,-1,1,-1,-1,3,-1
KR_6691275443,420,-1,-31,-50,-2,-2,3,1,1,4,5,2,0,2,-3,5,2,0,1,1,0,1,12,1,-3,2,-3,0,-1,1,-1,-1,-1,1,-1
KR_6762542280,420,-3,-41,11,-6,-1,3,2,3,1,4,-4,5,1,-3,6,3,-1,1,0,0,-5,-14,1,-3,2,0,0,0,0,-1,0,1,0,-1
KR_6760822396,420,-3,2,7,-10,1,0,1,5,1,6,0,2,2,-12,12,0,-4,4,0,0,-17,21,-2,-2,4,-22,0,0,-1,-1,-1,-1,6,-1
KR_6748114121,420,-2,-78,15,-18,-5,5,0,0,1,1,-7,9,2,-2,4,2,-4,5,1,0,-9,-18,-2,-1,3,-1,0,-2,-1,0,-1,-1,2,-1
KR_6613553426,420,-2,32,-15,5,-3,5,2,4,0,4,2,2,4,2,3,5,0,3,3,0,4,31,-6,-2,8,4,0,1,-1,1,1,1,3,-1
KR_6742970978,420,-1,-20,-14,4,1,1,2,0,0,0,0,2,2,2,1,3,1,0,1,0,6,7,0,-3,3,1,0,0,-1,-1,0,-1,4,-1
KR_6639148372,420,-1,-66,-6,-8,-3,3,0,0,1,1,1,1,2,-4,4,0,-2,2,0,0,-8,28,1,-3,2,-19,0,0,-1,-1,0,-1,2,-1
KR_6752081132,420,-2,-57,-8,-2,-1,3,2,0,1,1,4,1,5,-4,4,0,-1,1,0,0,-1,-17,0,-2,2,-1,0,0,-1,0,0,-1,5,-1
KR_6660160404,420,1,43,-4,0,2,2,4,0,1,1,-2,3,1,0,0,0,0,1,1,0,0,-26,-4,-4,8,-3,0,0,0,0,0,1,0,-1
KR_6760062838,420,-2,34,-18,-3,-1,4,3,2,1,3,1,1,2,-2,3,1,-3,3,0,0,-1,3,2,-4,2,2,0,-1,-1,0,-1,-1,3,-1
KR_6757238981,420,-1,-103,88,-11,-3,3,0,-1,1,0,-7,8,1,0,1,1,0,0,0,0,-5,-22,2,-4,2,-1,0,0,1,1,-1,-1,2,-1
KR_6652663210,420,-1,22,-12,-12,-2,2,0,-3,4,1,-3,5,2,-1,3,2,-3,5,2,1,-1,-95,-2,0,2,1,0,0,-1,0,0,1,3,-1
KR_6712227511,420,-1,3,-12,4,-3,5,2,6,0,6,1,5,6,1,0,1,-1,1,0,0,7,30,1,-5,4,2,0,-1,-1,1,-1,-1,6,-1
KR_6737478985,420,1,-51,19,-5,-4,4,0,-2,3,1,0,2,2,1,0,1,0,1,1,0,-3,0,-6,-1,7,-1,0,0,0,0,0,-1,0,-1
KR_6730509570,440,-3,-2,-12,-7,-2,2,0,3,1,4,0,1,1,-11,12,1,3,1,4,0,-18,-2,-2,-1,3,-2,0,-1,0,-1,-1,1,0,-1
KR_6693219654,420,5,-38,-9,-2,-4,5,1,1,0,1,0,3,3,3,0,3,-2,2,0,-1,6,10,1,-2,1,-2,0,1,0,0,1,-1,0,-1
KR_6709880949,440,-1,18,11,2,0,4,4,0,0,0,-2,2,0,5,1,6,-1,2,1,0,5,-4,1,-4,3,3,0,0,0,0,1,1,0,-1
KR_6749626571,420,-1,-53,12,-10,0,2,2,-5,7,2,-2,3,1,-2,3,1,-1,3,2,0,-7,-304,-7,0,7,4,0,-1,1,-1,-1,-1,6,-1
KR_6759295188,420,-1,-107,19,-1,-2,2,0,0,4,4,0,0,0,1,1,2,0,0,0,0,-1,-6,-1,-2,3,0,0,0,0,0,0,1,0,-1
KR_6762185320,420,-1,-42,-11,-6,-2,3,1,-1,2,1,-4,4,0,2,2,4,-1,2,1,0,-1,-330,1,-2,1,0,0,0,-1,1,0,-1,2,-1
KR_6761380507,420,-3,5,-34,-3,-7,7,0,5,1,6,1,1,2,-4,4,0,2,1,3,1,3,-189,-1,-2,3,-1,0,0,-1,1,1,1,3,-1
KR_6733630535,420,0,-27,64,-7,2,1,3,0,1,1,-1,4,3,-4,6,2,-4,6,2,1,-10,129,5,-5,0,-7,0,-1,1,0,-1,1,1,-1
KR_6752652068,420,-2,-1,-26,-4,-3,4,1,0,2,2,-1,3,2,1,1,2,-1,3,2,-1,-2,1,2,-3,1,-1,0,-1,0,-1,-1,-1,0,-1
KR_6671941372,420,1,-3,-16,3,0,1,1,1,3,4,1,0,1,3,0,3,-2,2,0,0,10,-99,5,-8,3,-3,0,0,1,-1,-1,-1,4,-1
KR_6759740772,420,0,-23,8,-2,2,0,2,-2,5,3,3,3,6,-5,7,2,0,2,2,0,-1,9,0,-3,3,2,0,0,-1,1,0,-1,3,-1
KR_6725978309,420,-2,-102,-20,-1,-2,3,1,-1,4,3,0,3,3,1,3,4,1,1,2,2,6,6,5,-7,2,0,0,-2,1,-1,-1,1,5,-1
KR_6729341504,420,2,28,-26,5,4,1,5,-1,4,3,-3,3,0,6,1,7,-1,2,1,-1,-1,3,4,-5,1,1,0,1,-1,-1,1,-1,6,-1
KR_6760904472,440,1,6,26,0,0,0,0,0,4,4,-6,6,0,0,2,2,6,0,6,0,7,-5,-1,-1,2,-3,0,0,0,0,0,1,0,-1
KR_6728023941,420,2,21,16,3,4,1,5,0,3,3,-1,3,2,0,4,4,0,2,2,1,8,12,-1,-1,2,-1,0,0,-1,0,-1,1,5,-1
KR_6739614831,420,-9,-131,-4,-18,-6,7,1,-6,6,0,-6,6,0,0,4,4,0,0,0,0,-3,-7,-1,0,1,0,0,-2,1,-1,-1,-1,4,-1
KR_6677069037,420,-4,-122,-5,-8,-2,3,1,-1,2,1,-5,5,0,-2,3,1,2,1,3,0,0,0,-2,-1,3,-3,0,0,-1,0,-1,-1,6,-1
KR_6753816191,420,-1,-21,-4,4,3,2,5,-4,4,0,-2,10,8,3,1,4,4,0,4,-1,10,-11,3,-5,2,3,0,-1,-1,1,-1,-1,2,-1
KR_6731115136,420,-7,-27,-46,-12,-7,7,0,-4,4,0,-2,2,0,2,1,3,-1,1,0,0,-4,-161,-2,-1,3,-1,0,-4,0,-1,-1,1,0,-1
KR_6677115810,420,-1,-4,-38,-6,0,2,2,-2,3,1,-1,1,0,-3,4,1,0,0,0,0,-5,5,1,-1,0,-1,0,0,1,-1,0,-1,2,-1
KR_6735647473,420,-5,-21,-40,-7,-3,3,0,-2,3,1,1,2,3,1,1,2,-4,4,0,-1,-8,20,-1,-1,2,-15,0,0,-1,1,0,-1,6,-1
KR_6728155066,420,2,11,15,0,3,0,3,-3,3,0,-2,2,0,2,3,5,0,0,0,0,4,2,1,-3,2,1,0,2,-1,-1,1,-1,3,-1
KR_6760631639,440,0,66,-16,0,2,1,3,-1,3,2,-1,1,0,1,2,3,-1,1,0,0,0,13,-4,0,4,-4,0,0,0,-1,0,1,0,-1
KR_6611389939,420,-4,-87,-13,-5,-3,3,0,-3,4,1,-1,2,1,-2,5,3,4,0,4,0,2,-33,2,-2,0,19,0,1,-1,0,-1,1,6,-1
KR_6747240453,420,-2,-87,15,-9,0,0,0,4,3,7,-12,12,0,-3,3,0,2,1,3,-1,3,-439,0,-1,1,-3,0,-1,1,-1,-1,-1,5,-1
KR_6731494802,440,-1,31,24,-3,-4,6,2,5,4,9,-1,1,0,2,1,3,-5,8,3,-1,-14,23,0,-2,2,1,0,4,-1,1,1,-1,4,-1
KR_6744782965,420,0,-21,27,-3,4,1,5,0,1,1,-1,5,4,-2,4,2,-4,4,0,1,-9,5,-1,-1,2,1,0,-1,1,0,-1,1,5,-1
KR_6758765425,420,1,-10,32,-5,4,2,6,-1,1,0,-1,1,0,-6,6,0,-1,2,1,0,-8,0,-2,-1,3,2,0,-1,-1,1,-1,-1,4,-1
KR_6640158952,420,-5,-122,-19,-12,-5,5,0,2,2,4,-3,5,2,-1,1,0,-5,6,1,-1,-7,-12,-4,0,4,1,0,-1,-1,-1,-1,-1,3,-1
KR_6761545918,420,0,-95,-12,-3,0,1,1,0,0,0,-2,2,0,0,0,0,-1,1,0,0,-2,11,-1,-3,4,-2,0,0,-1,-1,0,-1,1,-1
KR_6642699909,420,1,-35,4,-1,-1,2,1,-3,3,0,2,1,3,-1,3,2,2,0,2,0,0,-305,3,-5,2,-2,0,0,0,-1,0,-1,0,-1
KR_6748135168,420,1,-34,11,0,4,1,5,1,2,3,-5,9,4,0,1,1,0,0,0,0,-8,-7,2,-6,4,-4,0,-3,0,-1,-1,1,0,-1
KR_6762115089,420,-5,-74,-16,-9,-2,3,1,-5,6,1,2,0,2,0,0,0,-4,6,2,-2,-17,30,1,-4,3,-30,0,-1,-1,1,-1,-1,5,-1
KR_6759272578,420,-1,-7,-13,-5,0,1,1,-5,5,0,0,1,1,1,1,2,-1,1,0,0,-7,16,0,-1,1,-3,0,1,-1,1,1,-1,6,-1
KR_6637809030,420,-2,5,-52,-3,-1,2,1,2,3,5,0,3,3,-5,7,2,1,1,2,0,-4,271,-2,-1,3,0,0,1,-1,-1,1,1,2,-1
KR_6695226956,420,-2,-91,1,3,1,3,4,8,1,9,-2,3,1,-4,6,2,0,1,1,-1,4,16,1,-6,5,-1,0,0,-1,1,1,-1,4,-1
KR_6684039770,440,-6,-90,-12,-15,-3,5,2,-9,9,0,2,1,3,2,2,4,-7,8,1,0,-7,-2,3,-4,1,-1,0,-2,0,0,-1,1,0,-1
KR_6745064397,440,-6,-37,-16,-19,-3,3,0,-7,7,0,-2,2,0,-4,6,2,-3,3,0,0,-17,114,-4,0,4,2,0,-2,-1,-1,-1,-1,5,-1
KR_6719079776,440,0,-28,27,-3,3,1,4,-2,4,2,-8,10,2,0,2,2,4,1,5,-1,8,-3,4,-7,3,0,0,-1,1,0,-1,-1,6,-1
KR_6758772547,420,0,51,14,7,3,1,4,2,3,5,-5,5,0,4,1,5,3,0,3,-1,2,-11,3,-3,0,1,0,2,-1,-1,1,1,6,-1
KR_6706851923,440,2,-31,40,-7,1,4,5,1,1,2,-3,4,1,-6,6,0,0,0,0,-3,-7,4,-3,-1,4,1,0,-1,0,-1,-1,-1,0,-1
KR_6728944732,420,-5,-36,11,-6,0,1,1,-4,7,3,2,1,3,1,3,4,-5,5,0,0,-12,-18,1,-3,2,-1,0,-1,1,-1,1,1,2,-1
KR_6660338001,420,-5,-51,8,-10,-3,5,2,-2,3,1,-4,4,0,-1,5,4,0,0,0,1,-6,-7,-4,-1,5,5,0,-3,-1,-1,-1,1,4,-1
KR_6665437395,420,-4,-87,-2,2,-1,2,1,0,4,4,-1,4,3,2,0,2,2,0,2,0,3,-29,3,-7,4,6,0,-2,1,-1,-1,1,6,-1
KR_6703357807,440,-6,-116,-60,-6,-3,4,1,0,3,3,-1,4,3,1,2,3,-3,7,4,0,-4,-14,-3,-1,4,-2,0,-1,-1,-1,-1,-1,3,-1
KR_6662299342,440,-3,37,-32,-11,1,0,1,-2,4,2,-4,4,0,-5,6,1,-1,3,2,0,-12,0,-3,0,3,2,0,-1,-1,-1,-1,-1,6,-1
KR_6750349760,420,-3,-35,-8,-15,2,2,4,-2,3,1,-3,4,1,-12,12,0,0,1,1,-1,-15,-12,0,-1,1,1,0,-2,-1,-1,-1,-1,4,-1
KR_6503068732,420,-2,-3,-16,-3,-2,3,1,3,2,5,-2,2,0,-1,6,5,-1,1,0,0,-2,-54,-4,-3,7,-1,0,0,-1,-1,-1,-1,1,-1
KR_6670119786,420,-2,-36,-12,0,3,0,3,-2,3,1,-1,6,5,1,0,1,-1,3,2,0,13,-11,0,-2,2,-2,0,-2,0,-1,-1,-1,0,-1
KR_6754267600,440,-5,-41,-30,-6,-2,5,3,-6,8,2,-2,4,2,6,0,6,-2,2,0,0,-1,-6,-1,-5,6,5,0,-1,-1,1,-1,-1,4,-1
KR_6737628599,420,-2,-29,-24,-3,0,3,3,1,4,5,0,1,1,-4,8,4,0,1,1,0,9,6,1,-2,1,-3,0,0,-1,-1,-1,-1,5,-1
KR_6725898898,420,-2,-36,-5,-3,-1,1,0,0,1,1,-1,4,3,1,2,3,-2,2,0,0,-6,-8,-2,-1,3,1,0,0,-1,0,0,-1,1,-1
KR_6695875664,420,-1,-80,12,-6,0,1,1,1,3,4,1,0,1,-8,8,0,0,0,0,0,-9,-5,-1,-3,4,-4,0,-2,-1,-1,-1,1,2,-1
KR_6759400332,420,-2,-28,-36,0,-2,2,0,-4,5,1,5,0,5,1,0,1,0,1,1,0,5,10,2,-3,1,2,0,-1,-1,-1,-1,1,4,-1
KR_6658877655,420,-3,-32,12,-4,2,0,2,2,2,4,-2,4,2,-5,5,0,-1,1,0,-1,-5,-13,-1,-3,4,-3,0,-1,-1,1,-1,-1,1,-1
KR_6723611881,420,-3,42,12,-4,1,1,2,-1,1,0,-4,4,0,-1,2,1,1,0,1,0,-1,3,0,-4,4,0,0,-1,1,-1,-1,1,4,-1
KR_6734949432,420,1,31,-4,2,-1,2,1,-1,5,4,1,2,3,4,0,4,-1,2,1,1,10,-2,-4,-1,5,0,0,0,0,-1,0,1,0,-1
KR_6663859657,420,-1,-92,-4,-2,-2,2,0,1,4,5,2,0,2,-1,1,0,-2,2,0,0,-5,15,2,-2,0,1,0,-1,1,-1,-1,-1,6,-1
KR_6678716458,420,-1,-57,12,-3,-7,7,0,4,1,5,-4,4,0,0,2,2,4,1,5,0,5,-6,-3,-1,4,1,0,-2,1,0,-1,-1,3,-1
KR_6644412642,420,-5,-26,-4,-8,1,2,3,0,0,0,-8,8,0,3,2,5,-4,5,1,1,6,-13,-1,-2,3,0,0,-1,0,-1,-1,1,0,-1
KR_6756789386,420,0,-24,12,-2,-2,2,0,0,4,4,3,0,3,0,2,2,-3,6,3,0,1,-7,-5,-3,8,2,0,-1,-1,-1,-1,-1,3,-1
KR_6734309221,420,2,7,16,-1,1,2,3,3,2,5,1,0,1,-2,6,4,-4,4,0,0,1,9,4,-6,2,-2,0,0,-1,1,0,-1,2,-1
KR_6671003131,420,-4,-41,-4,-17,-7,8,1,-2,5,3,-2,2,0,-3,5,2,-3,4,1,0,-7,37,1,-6,5,-15,0,-1,-1,1,-1,-1,6,-1
KR_6748914985,420,0,-30,12,-5,2,0,2,-1,2,1,-2,6,4,-3,3,0,-1,1,0,0,-4,-4,1,-4,3,3,0,1,0,-1,-1,-1,0,-1
KR_6760055075,420,1,80,1,-1,3,0,3,0,2,2,-6,7,1,3,3,6,-1,1,0,2,1,17,-1,-2,3,2,0,1,-1,-1,1,1,1,-1
KR_6762576926,440,-3,-58,-48,-4,0,3,3,0,1,1,5,3,8,-5,6,1,-4,5,1,0,-10,3,2,-5,3,1,0,0,0,0,0,1,0,-1
KR_6737274804,420,-1,4,11,-6,0,0,0,-6,7,1,5,3,8,-3,8,5,-2,4,2,0,-11,-3,-4,-1,5,1,0,-2,0,0,-1,-1,0,-1
KR_6747755174,420,-1,-14,-15,3,4,0,4,2,1,3,-1,3,2,-4,4,0,2,1,3,1,-1,-5,-3,-3,6,0,0,0,-1,-1,0,1,6,-1
KR_6682635422,420,-8,-16,-30,-11,-4,7,3,-2,3,1,-5,5,0,1,1,2,-1,1,0,0,-5,-2,3,-3,0,-1,0,-1,-1,0,-1,-1,2,-1
KR_6755140476,420,-1,-54,-21,0,1,1,2,-6,6,0,6,0,6,-1,4,3,0,0,0,0,-4,1,-2,-1,3,1,0,-2,-1,1,-1,1,5,-1
KR_6758685096,420,0,-48,12,-4,-3,7,4,2,0,2,-2,2,0,-1,4,3,0,0,0,0,-3,62,1,-4,3,-23,0,-1,-1,1,-1,-1,3,-1
KR_6732136891,420,-3,-24,12,-1,3,1,4,-2,3,1,-2,3,1,-1,4,3,1,0,1,0,-6,-2,-3,-4,7,-1,0,1,-1,1,1,1,2,-1
KR_6760839160,420,-2,19,20,-7,-8,8,0,-1,1,0,4,1,5,0,3,3,-2,2,0,-1,-14,-6,-3,-4,7,1,0,0,1,-1,-1,-1,2,-1
KR_6731381922,440,-4,-81,8,-14,-1,1,0,-3,4,1,-5,9,4,-5,5,0,0,1,1,-1,-16,-31,-4,-1,5,1,0,0,-1,-1,0,-1,1,-1
KR_6744958763,420,-1,-16,-9,-8,1,1,2,-4,6,2,-10,10,0,2,1,3,3,0,3,0,1,-101,0,-6,6,-2,0,-2,1,-1,-1,-1,1,-1
KR_6716997649,420,1,33,-12,4,-2,2,0,-1,2,1,-3,4,1,8,1,9,2,1,3,0,13,44,0,-1,1,-16,0,0,1,-1,0,-1,4,-1
KR_6709614092,420,2,-8,-19,9,4,0,4,-2,4,2,4,1,5,2,1,3,1,0,1,0,10,-4,1,-4,3,2,0,0,1,-1,0,1,3,-1
KR_6763482070,420,-3,-18,-19,-18,-10,10,0,-2,3,1,-4,5,1,-3,4,1,1,1,2,0,-11,-5,-2,-1,3,1,0,-3,1,-1,-1,-1,5,-1
KR_6744965904,420,-6,-89,-64,-12,-3,4,1,-1,3,2,-5,9,4,-3,6,3,0,1,1,-3,-2,8,1,-4,3,-3,0,-3,-1,-1,-1,-1,6,-1
KR_6648942517,440,2,-2,0,0,-1,1,0,1,2,3,-2,3,1,3,1,4,-1,1,0,0,4,2,-2,-3,5,-1,0,0,1,-1,0,-1,6,-1
KR_6756373686,420,-2,-54,-16,-6,-2,3,1,0,0,0,0,2,2,-4,4,0,0,0,0,0,-8,-345,0,-4,4,-1,0,-2,-1,-1,-1,-1,6,-1
KR_6709984322,440,-3,-97,-20,-4,4,0,4,-1,1,0,-4,4,0,-2,3,1,-1,1,0,0,-12,-108,0,-2,2,-2,0,1,-1,-1,1,-1,4,-1
KR_6668016868,420,3,19,4,8,1,1,2,5,1,6,-1,4,3,2,2,4,1,0,1,0,9,17,0,-2,2,-1,0,0,1,-1,0,1,5,-1
KR_6691155695,440,-2,67,8,-7,-3,3,0,3,3,6,0,0,0,-5,6,1,-2,2,0,0,-3,0,-1,-1,2,-2,0,1,-1,-1,1,-1,1,-1
KR_6503168483,420,-4,-96,0,-11,-2,4,2,-2,5,3,1,0,1,-8,10,2,0,0,0,0,-6,4,5,-8,3,-5,0,0,1,-1,-1,-1,5,-1
KR_6724466532,420,3,21,-33,8,4,0,4,5,0,5,1,2,3,-1,3,2,-1,1,0,0,3,212,-5,-3,8,-23,0,1,-1,1,1,1,2,-1
KR_6671528939,420,-3,0,-16,-7,-2,2,0,-3,3,0,0,2,2,0,4,4,-2,2,0,0,-6,2,-4,-1,5,3,0,0,-1,1,0,1,5,-1
KR_6683456110,420,-2,-30,36,-13,-2,3,1,-2,3,1,-7,7,0,-1,1,0,-1,1,0,0,-7,4,-1,-2,3,-7,0,0,1,-1,1,-1,6,-1
KR_6695458518,420,-5,-24,-26,-7,-5,5,0,-1,2,1,3,0,3,-2,2,0,-2,2,0,0,-4,135,-1,-1,2,-5,0,-1,1,-1,-1,-1,5,-1
KR_6750753315,420,-6,-97,-23,-6,-2,2,0,0,3,3,-5,5,0,3,1,4,-2,2,0,0,5,31,6,-9,3,3,0,-2,1,-1,-1,1,3,-1
KR_6625977295,420,1,-35,19,5,1,1,2,1,1,2,-3,3,0,2,0,2,4,0,4,0,3,1,-2,-4,6,-4,0,0,-1,1,-1,-1,5,-1
KR_6762394003,420,-2,16,-36,-3,-1,1,0,-1,5,4,2,0,2,-1,4,3,-2,2,0,0,1,-386,3,-5,2,4,0,-1,0,-1,-1,-1,0,-1
KR_6662660846,420,0,36,32,-1,0,2,2,4,4,8,-6,6,0,3,3,6,-2,2,0,2,1,-5,4,-5,1,-3,0,1,0,0,1,1,0,-1
KR_6664346430,420,-4,-47,3,-6,-1,2,1,2,1,3,-6,7,1,-1,2,1,0,1,1,0,-10,3,-1,-3,4,-1,0,-2,-1,1,-1,1,4,-1
KR_6741052521,420,-1,-6,16,-7,-4,5,1,2,1,3,2,1,3,-4,4,0,-3,5,2,0,-8,1,-5,0,5,2,0,-1,1,-1,-1,-1,4,-1
KR_6658373542,420,-3,-80,-20,-7,-5,5,0,-2,5,3,3,0,3,-3,3,0,0,1,1,0,-4,-4,4,-8,4,1,0,-1,1,-1,-1,1,6,-1
KR_6713404690,420,-1,35,-44,-4,2,0,2,-6,9,3,-1,4,3,-1,4,3,2,0,2,2,-8,232,3,-6,3,2,0,0,-1,-1,0,-1,4,-1
KR_6672713676,420,-3,-3,-24,-12,-2,4,2,-11,12,1,1,1,2,-1,4,3,1,0,1,0,-10,35,3,-4,1,0,0,0,0,0,-1,-1,0,-1
KR_6762427694,420,0,31,-65,-2,-1,3,2,2,3,5,-2,3,1,-1,2,1,0,2,2,0,2,-19,1,-2,1,1,0,-1,-1,0,-1,-1,2,-1
KR_6732808201,420,3,2,-24,4,2,4,6,0,3,3,-1,1,0,0,1,1,3,0,3,0,1,-25,-5,-1,6,23,0,2,-1,1,1,1,3,-1
KR_6728786269,420,-2,-81,32,-4,-7,7,0,4,1,5,-3,3,0,1,1,2,1,0,1,0,3,231,-5,-1,6,4,0,0,1,-1,0,1,1,-1
KR_6732252744,440,-3,-25,-16,0,-3,3,0,2,0,2,-2,6,4,6,2,8,-3,4,1,0,-3,141,2,-2,0,-3,0,0,0,0,-1,1,0,-1
KR_6763098350,420,-1,-48,0,-8,-7,9,2,-1,4,3,-1,2,1,-1,2,1,2,1,3,-1,2,2,2,-7,5,-4,0,-2,1,-1,-1,-1,5,-1
KR_6751968207,420,-6,-40,-44,-12,-1,2,1,-2,5,3,-2,2,0,-6,9,3,-1,1,0,-1,-11,-39,-4,-3,7,4,0,-2,-1,-1,-1,-1,4,-1
KR_6691218192,440,0,28,-36,2,4,0,4,-2,5,3,1,1,2,1,0,1,-2,3,1,-1,-3,24,3,-3,0,2,0,-1,1,-1,-1,-1,6,-1
KR_6705856856,420,-1,6,-12,0,2,3,5,4,0,4,1,2,3,-4,5,1,-3,4,1,0,-5,379,0,-3,3,2,0,2,1,1,1,-1,5,-1
KR_6694631595,420,0,37,2,4,3,1,4,0,3,3,0,1,1,3,1,4,-2,2,0,0,6,-58,1,-1,0,-2,0,1,1,-1,1,1,4,-1
KR_6749098369,420,1,-21,-8,-7,-1,3,2,-2,6,4,-3,5,2,1,1,2,-2,2,0,-1,-6,-9,3,-4,1,-4,0,-1,-1,-1,1,-1,5,-1
KR_6665430195,420,-1,-66,-14,0,1,1,2,-3,4,1,2,1,3,3,1,4,-3,4,1,0,0,224,-1,-3,4,1,0,0,1,1,0,-1,4,-1
KR_6711680182,420,-5,-21,-3,-8,-6,6,0,0,2,2,0,3,3,-1,1,0,-1,2,1,-1,-6,5,-1,-2,3,1,0,0,-1,-1,1,-1,3,-1
KR_6665697528,420,-2,-24,12,-8,-2,2,0,-2,4,2,-6,9,3,3,0,3,-1,1,0,0,-7,-6,-7,0,7,2,0,0,-1,-1,-1,-1,5,-1
KR_6750683530,420,-10,-41,-72,-5,1,0,1,6,0,6,-2,2,0,-8,9,1,-2,3,1,1,-9,-6,-3,-4,7,-4,0,0,0,-1,-1,1,0,-1
KR_6710286737,420,-3,-45,-28,0,-5,5,0,2,3,5,1,1,2,4,1,5,-2,4,2,0,3,13,-2,0,2,-2,0,1,-1,-1,1,-1,5,-1
KR_6689784376,420,-2,-51,-16,-8,0,4,4,3,0,3,-1,3,2,-5,5,0,-5,5,0,-1,-3,-307,4,-9,5,-4,0,0,0,1,0,-1,0,-1
KR_6659199486,420,1,-26,40,2,-3,5,2,2,2,4,0,3,3,5,0,5,-2,2,0,0,1,-2,-4,-3,7,2,0,0,1,-1,1,-1,3,-1
KR_6755209395,420,0,14,-20,-3,1,2,3,1,1,2,4,0,4,-8,10,2,-1,2,1,0,-6,0,3,-3,0,-1,0,0,-1,-1,1,-1,4,-1
KR_6740293297,420,0,-62,8,3,-1,1,0,0,2,2,0,2,2,1,1,2,3,0,3,0,2,3,2,-5,3,2,0,-1,-1,-1,-1,-1,1,-1
KR_6682072807,420,-4,-66,15,-4,-1,2,1,-3,4,1,-3,7,4,3,0,3,0,0,0,-2,-7,-8,-4,-3,7,-2,0,-1,-1,-1,-1,-1,6,-1
KR_6698876236,420,-2,-2,-8,-6,-2,2,0,0,2,2,1,0,1,-3,4,1,-2,3,1,0,-5,-48,1,-6,5,-4,0,0,-1,-1,0,-1,3,-1
KR_6603863923,420,2,-22,-9,-2,-1,2,1,3,3,6,2,2,4,-4,5,1,-2,2,0,0,-4,285,-1,-1,2,0,0,0,-1,0,0,-1,6,-1
KR_6760400714,420,-2,67,-4,2,0,0,0,1,3,4,-2,4,2,3,5,8,0,0,0,0,-3,6,6,-7,1,0,0,0,0,0,0,1,0,-1
KR_6729924589,420,1,8,-2,4,0,2,2,0,2,2,-6,7,1,3,1,4,7,3,10,1,11,6,-1,0,1,0,0,0,-1,-1,-1,1,5,-1
KR_6758826768,440,-6,-98,-27,-13,0,5,5,-7,7,0,-5,6,1,-4,5,1,3,0,3,0,-14,-5,0,-1,1,-1,0,-2,-1,0,-1,-1,5,-1
KR_6731962608,420,-1,-62,4,-7,-3,4,1,-3,6,3,-2,2,0,-3,6,3,4,0,4,-1,-8,7,1,-4,3,-2,0,0,0,1,-1,-1,0,-1
KR_6763584194,420,0,28,-8,2,2,0,2,-4,4,0,-2,4,2,5,0,5,1,0,1,0,0,-5,0,-1,1,-1,0,0,-1,-1,1,1,5,-1
KR_6751393365,440,-4,-50,8,-6,-5,7,2,-3,3,0,2,1,3,-2,3,1,2,3,5,0,-14,6,1,-4,3,0,0,-2,-1,0,-1,1,4,-1
KR_6735245822,440,-6,-117,-4,-18,-2,6,4,-1,2,1,-5,5,0,-6,8,2,-4,6,2,-1,-13,-127,-1,-2,3,0,0,-3,-1,0,-1,-1,6,-1
KR_6763276868,420,-3,-2,0,-5,-5,5,0,0,1,1,0,0,0,1,3,4,-1,2,1,0,-1,15,0,-5,5,0,0,-1,1,-1,-1,1,1,-1
KR_6694718133,420,0,-50,-21,-3,4,1,5,-3,4,1,-3,4,1,-2,2,0,1,3,4,-1,-2,54,-1,-4,5,-2,0,-1,1,-1,-1,-1,5,-1
KR_6761277212,420,-3,10,-16,-9,0,2,2,-1,3,2,0,1,1,-6,8,2,-2,4,2,0,-6,1,-2,0,2,0,0,-2,-1,-1,-1,1,6,-1
KR_6741258225,420,-3,10,-32,-8,3,0,3,-7,9,2,2,1,3,-5,5,0,-1,2,1,0,-12,27,1,-2,1,-20,0,0,-1,0,-1,-1,1,-1
KR_6733281146,420,0,-71,1,0,-2,2,0,3,1,4,3,4,7,-1,3,2,-3,3,0,0,8,-9,2,-3,1,1,0,0,-1,1,0,1,2,-1
KR_6728868998,420,0,-86,-4,-1,-2,4,2,-1,2,1,-3,4,1,2,3,5,3,2,5,0,-3,151,1,-2,1,1,0,0,-1,1,0,1,5,-1
KR_6761122408,420,-1,1,-16,-7,-2,4,2,-2,4,2,-4,7,3,1,3,4,0,1,1,-1,-14,298,-1,-2,3,-1,0,2,-1,1,1,-1,1,-1
KR_6751694312,420,1,-26,-1,-7,-1,1,0,-9,10,1,3,3,6,0,2,2,0,1,1,0,-9,11,2,-5,3,-7,0,0,0,1,0,1,0,-1
KR_6750157070,420,-2,-60,12,-6,-6,7,1,0,1,1,0,5,5,0,1,1,0,1,1,0,-8,4,5,-7,2,-4,0,0,-1,-1,-1,1,5,-1
KR_6754416028,440,-1,-12,20,0,-5,8,3,4,0,4,3,3,6,-1,3,2,-1,2,1,2,2,-1,2,-3,1,3,0,3,-1,1,1,1,5,-1
KR_6762028725,420,-1,13,4,-10,-4,5,1,0,1,1,-5,7,2,1,0,1,-2,2,0,-1,-8,-7,-2,-2,4,-1,0,-1,0,1,-1,-1,0,-1
KR_6718568288,420,3,-65,8,2,1,4,5,0,1,1,0,2,2,-1,2,1,2,0,2,0,3,1,-1,-1,2,-1,0,0,0,1,0,1,0,-1
KR_6641872845,420,-1,52,28,3,0,1,1,1,2,3,1,0,1,1,3,4,0,0,0,0,3,-16,1,-4,3,6,0,1,1,0,1,1,4,-1
KR_6638760376,420,1,1,8,4,1,0,1,1,3,4,-1,2,1,-1,2,1,4,1,5,2,7,5,-1,-2,3,2,0,0,0,-1,0,1,0,-1
KR_6726015549,420,1,-75,-5,4,5,0,5,-2,2,0,4,1,5,-3,3,0,0,2,2,0,-2,3,0,-3,3,-2,0,-1,1,1,1,1,5,-1
KR_6672578233,420,1,-16,-12,1,-5,5,0,2,1,3,1,0,1,2,2,4,1,1,2,0,5,-103,-2,-3,5,-24,0,0,-1,-1,0,1,3,-1
KR_6689569377,420,-6,-93,-49,-5,-3,6,3,1,0,1,-1,1,0,1,2,3,-3,3,0,0,-4,4,3,-5,2,-2,0,0,1,1,-1,-1,4,-1
KR_6611300620,420,-3,-24,7,-10,1,1,2,1,2,3,-5,5,0,-2,3,1,-5,5,0,0,-7,0,2,-3,1,1,0,-3,1,-1,-1,-1,5,-1
KR_6760948025,420,2,47,-45,5,1,1,2,-1,4,3,-1,1,0,8,0,8,-2,4,2,0,9,11,2,-5,3,-1,0,1,0,0,1,1,0,-1
KR_6759876392,420,1,-58,-20,-2,-6,6,0,1,1,2,2,2,4,0,2,2,1,1,2,0,5,-162,-1,-4,5,-5,0,0,1,1,0,-1,6,-1
KR_6693419487,420,-4,-37,-14,-10,-3,3,0,-6,7,1,-1,2,1,1,2,3,-1,2,1,0,-5,234,-5,0,5,0,0,-1,-1,-1,-1,1,4,-1
KR_6754547508,420,0,-3,28,-2,0,3,3,0,4,4,-5,5,0,2,1,3,1,1,2,0,-3,-44,-4,-3,7,3,0,1,-1,1,1,-1,4,-1
KR_6723512074,420,2,23,-12,3,1,1,2,-2,5,3,0,1,1,3,2,5,1,0,1,0,1,-364,2,-3,1,3,0,0,-1,-1,0,-1,5,-1
KR_6719479697,440,-2,-87,12,-4,-2,2,0,-1,1,0,0,0,0,-2,4,2,1,1,2,0,-4,-28,4,-7,3,-4,0,-1,-1,1,-1,-1,3,-1
KR_6628637644,420,0,-18,-18,-3,-3,3,0,-2,2,0,-3,5,2,4,0,4,1,1,2,0,-4,10,4,-7,3,0,0,1,0,-1,1,1,0,-1
KR_6715689461,420,-2,23,-12,-2,4,3,7,-4,5,1,2,3,5,-1,3,2,-3,3,0,0,-2,18,1,-6,5,3,0,0,-1,1,1,1,4,-1
KR_6758746582,420,1,21,16,-1,1,1,2,-1,1,0,-2,2,0,-2,3,1,3,4,7,0,0,-28,-1,-2,3,0,0,-1,-1,1,-1,-1,1,-1
KR_6731288188,420,5,14,16,16,4,1,5,-2,5,3,5,0,5,6,1,7,3,0,3,0,24,-20,3,-5,2,19,0,2,0,0,1,1,0,-1
KR_6749933563,420,-6,-53,-16,-9,1,2,3,1,1,2,-9,9,0,-3,3,0,1,2,3,0,-3,73,3,-3,0,-19,0,-1,-1,1,-1,1,4,-1
KR_6719761726,420,-2,-52,8,-4,3,0,3,-1,4,3,0,4,4,-2,3,1,-4,5,1,0,-9,-321,-5,-1,6,-2,0,-1,1,1,-1,1,2,-1
KR_6755760753,420,-1,-31,-1,-6,2,0,2,-3,3,0,1,2,3,-4,4,0,-2,3,1,0,-14,-5,-4,-2,6,1,0,-1,1,1,-1,-1,5,-1
KR_6739333882,420,0,7,68,-1,-3,3,0,0,3,3,3,0,3,0,1,1,-1,2,1,0,-5,121,-1,-5,6,0,0,0,-1,-1,1,1,4,-1
KR_6632039672,420,-1,-10,-28,1,-2,3,1,2,0,2,0,2,2,1,3,4,0,1,1,0,0,1,1,-4,3,2,0,-1,-1,-1,-1,-1,5,-1
KR_6660567009,420,0,3,-2,-5,4,1,5,2,1,3,-1,2,1,-8,11,3,-2,2,0,0,-7,380,3,-4,1,1,0,0,1,1,-1,-1,3,-1
KR_6655496650,420,-4,-91,29,-8,-2,3,1,-2,2,0,-3,6,3,0,0,0,-1,1,0,0,-6,-1,-1,-2,3,1,0,0,1,-1,-1,-1,2,-1
KR_6714505743,420,-3,-34,-10,-7,-2,2,0,-1,2,1,-2,2,0,-5,6,1,3,0,3,0,-9,3,2,-4,2,-7,0,0,-1,1,0,1,6,-1
KR_6762359854,420,-3,-34,16,-6,-1,1,0,1,1,2,-5,6,1,-1,1,0,0,2,2,0,-9,-2,2,-4,2,-2,0,-1,-1,0,-1,-1,3,-1
KR_6664661743,420,1,-40,19,4,0,1,1,3,3,6,0,2,2,0,1,1,1,0,1,0,3,-8,-5,-1,6,-1,0,-2,1,-1,-1,-1,2,-1
KR_6682042313,440,-4,-64,-41,-4,0,0,0,-3,5,2,2,5,7,-2,3,1,-1,1,0,-1,-9,-290,-2,0,2,0,0,-1,-1,-1,-1,-1,6,-1
KR_6749040856,440,2,28,19,1,3,3,6,-2,3,1,-7,11,4,2,0,2,5,2,7,0,-3,4,1,-3,2,0,0,-1,-1,-1,-1,-1,3,-1
KR_6655494238,420,-2,-39,-48,-3,0,4,4,-1,3,2,1,2,3,-3,3,0,0,0,0,0,1,-11,1,-4,3,0,0,0,-1,-1,0,-1,5,-1
KR_6665170171,420,0,-1,-40,2,-1,4,3,2,1,3,-3,3,0,3,0,3,1,0,1,-1,3,1,1,-3,2,0,0,0,-1,-1,-1,-1,1,-1
KR_6625673808,420,-6,-77,-20,-8,-2,2,0,-1,1,0,-4,7,3,-3,5,2,2,1,3,1,-5,-4,-2,-2,4,2,0,0,1,1,1,1,4,-1
KR_6745730353,420,0,-75,52,8,1,3,4,5,1,6,2,1,3,2,1,3,-2,2,0,1,7,-362,2,-3,1,1,0,1,1,1,1,1,4,-1
KR_6739090071,420,-2,-7,-12,-7,-2,3,1,-4,5,1,-3,5,2,2,2,4,0,0,0,0,-6,0,-2,-4,6,0,0,-2,-1,-1,1,-1,6,-1
KR_6691029395,420,-1,1,-28,-4,3,0,3,-1,2,1,-1,2,1,-5,7,2,0,0,0,0,-6,-1,-2,-7,9,5,0,0,1,-1,0,1,1,-1
KR_6743925729,420,-6,-13,-20,-20,-7,8,1,0,2,2,0,0,0,-10,13,3,-3,3,0,-2,-12,-3,2,-4,2,2,0,-1,-1,-1,-1,-1,4,-1
KR_6670176142,420,2,62,16,-1,3,2,5,-1,3,2,5,1,6,-2,4,2,-6,6,0,-1,-7,-3,3,-4,1,-2,0,2,-1,1,1,-1,6,-1
KR_6743154688,420,6,42,12,8,1,0,1,-1,3,2,5,0,5,1,1,2,2,0,2,0,1,55,2,-5,3,-13,0,1,-1,-1,1,-1,6,-1
KR_6743785036,420,-3,-47,20,-8,-2,3,1,-2,4,2,-3,3,0,-2,5,3,1,0,1,0,-5,-216,-4,-2,6,-1,0,-2,0,-1,-1,-1,0,-1
KR_6662924482,420,1,-63,8,-6,-2,3,1,2,1,3,-2,4,2,-5,5,0,1,0,1,0,-6,-2,3,-5,2,-1,0,0,-1,-1,-1,1,5,-1
KR_6666458828,420,-4,-113,8,-6,-2,2,0,-1,4,3,-4,6,2,1,0,1,0,0,0,1,-1,-6,0,-3,3,-3,0,0,-1,-1,-1,1,1,-1
KR_6310331751,440,5,45,36,6,1,1,2,4,0,4,2,0,2,-1,5,4,0,0,0,0,4,1,1,-5,4,-3,0,1,1,-1,1,-1,4,-1
KR_6679144472,420,-4,-55,8,-10,-3,5,2,-6,6,0,-8,10,2,5,1,6,2,1,3,0,0,-131,-3,-4,7,-7,0,-2,-1,-1,-1,-1,2,-1
KR_6761540098,440,5,56,13,6,-1,1,0,-1,1,0,2,2,4,2,6,8,4,0,4,0,11,-7,1,-1,0,1,0,1,1,-1,1,1,5,-1
KR_6760903605,420,0,5,4,1,-2,2,0,5,2,7,-4,5,1,0,6,6,2,1,3,0,4,160,-1,-2,3,-1,0,2,-1,0,1,1,1,-1
KR_6741320293,420,-3,-11,-20,-5,2,0,2,-2,3,1,-2,3,1,1,2,3,-4,4,0,0,-8,4,-4,-2,6,3,0,0,-1,-1,0,-1,1,-1
KR_6599471486,420,2,8,4,3,0,1,1,-3,3,0,1,2,3,4,3,7,1,1,2,0,1,-9,-4,-4,8,-1,0,-1,-1,-1,-1,1,3,-1
KR_6762779144,420,1,-3,17,3,1,2,3,2,1,3,-1,2,1,1,2,3,0,1,1,0,4,1,-2,0,2,-2,0,0,1,-1,0,-1,5,-1
KR_6750690097,440,-1,-41,-20,2,4,0,4,2,2,4,-1,2,1,2,2,4,-5,5,0,0,5,-7,-1,-6,7,-6,0,-1,-1,-1,-1,-1,4,-1
KR_6748950607,440,-5,-63,-4,-7,-1,2,1,-6,6,0,0,1,1,0,1,1,0,0,0,0,-4,-9,-1,-1,2,0,0,-1,-1,1,-1,-1,5,-1
KR_6730576678,440,-2,-24,-24,1,-3,6,3,2,1,3,-6,6,0,6,2,8,2,1,3,1,6,-156,-6,-1,7,3,0,-2,-1,-1,-1,1,3,-1
KR_6760642306,420,-7,-36,-22,-13,-3,3,0,-6,6,0,-2,3,1,-1,3,2,-1,2,1,0,-6,159,-3,0,3,-1,0,-2,-1,-1,-1,1,3,-1
KR_6752160634,420,2,-86,10,13,4,0,4,7,0,7,2,0,2,-3,8,5,3,6,9,0,8,5,4,-5,1,-1,0,0,1,-1,0,1,3,-1
KR_6750234500,440,0,-38,15,-4,6,0,6,-1,2,1,-4,4,0,-3,3,0,-2,2,0,0,-12,-3,-2,-2,4,1,0,0,-1,1,1,-1,1,-1
KR_6759785629,440,0,-48,-2,3,-2,3,1,3,1,4,1,4,5,0,1,1,1,0,1,0,11,0,2,-3,1,4,0,-1,0,-1,-1,-1,0,-1
KR_6746070028,420,0,-12,-24,1,-4,5,1,1,2,3,-1,4,3,6,0,6,-1,1,0,0,5,4,-1,-4,5,-3,0,-1,0,0,-1,1,0,-1
KR_6760203454,420,0,-21,-19,-2,-4,4,0,0,1,1,9,1,10,-4,4,0,-3,6,3,0,1,40,0,-2,2,-16,0,-2,0,-1,-1,-1,0,-1
KR_6652467965,420,2,-26,20,1,4,1,5,1,7,8,-4,6,2,-1,4,3,1,3,4,0,7,0,1,-1,0,-1,0,0,1,1,0,-1,4,-1
KR_6747072409,420,-2,-58,-8,-2,-2,3,1,1,1,2,-2,7,5,0,2,2,1,0,1,0,2,-3,-1,-1,2,1,0,0,1,-1,-1,1,3,-1
KR_6762873367,420,0,-66,-1,-4,-3,3,0,3,1,4,-1,5,4,-1,2,1,-2,2,0,0,-7,11,4,-5,1,-4,0,1,0,1,1,-1,0,-1
KR_6762426944,420,2,-10,14,3,3,0,3,3,2,5,-1,4,3,0,3,3,-2,2,0,0,7,-10,-2,-1,3,1,0,-1,-1,1,-1,1,5,-1
KR_6616535518,420,-1,9,-4,-5,0,2,2,2,1,3,-3,4,1,-2,5,3,-2,2,0,0,-2,-1,0,-4,4,-1,0,-1,-1,-1,-1,-1,6,-1
KR_6759117333,420,-1,-13,12,-4,1,1,2,5,2,7,1,2,3,-7,8,1,-4,4,0,0,-4,-7,-4,0,4,-2,0,-2,1,0,-1,-1,5,-1
KR_6718893252,420,-5,11,-44,-14,-11,11,0,-3,5,2,-3,3,0,3,2,5,0,1,1,0,-1,10,-1,-1,2,5,0,-2,-1,-1,-1,-1,3,-1
KR_6764393047,420,-1,-43,44,-1,0,2,2,1,0,1,-1,4,3,1,1,2,-2,2,0,0,3,-4,-1,-3,4,2,0,-1,0,0,-1,-1,0,-1
KR_6667205720,420,-3,-99,-23,-10,-2,4,2,-1,2,1,1,3,4,-6,6,0,-2,3,1,-2,-12,-2,-2,-4,6,-1,0,1,-1,1,1,-1,4,-1
KR_6718515985,440,-1,-25,-28,-3,0,3,3,-2,2,0,1,3,4,-3,3,0,1,0,1,0,-6,-8,-3,0,3,3,0,0,-1,1,0,1,5,-1
