matchId,queueId,Diff_LV,Diff_CS,Diff_jglCS,Diff-K,Diff-K-top,K-WIN-top,K-LOSE-top,Diff-K-jug,K-WIN-jug,K-LOSE-jug,Diff-K-mid,K-WIN-mid,K-LOSE-mid,Diff-K-ad,K-WIN-ad,K-LOSE-ad,Diff-K-sup,K-WIN-sup,K-LOSE-sup,invadeKill,Diff-A,Diff_WARDplaced,Diff-ControlWARDplaced,LOSE_controlWARDPlaced,WIN_controlWARDPlaced,Diff_WARDkill,Diff_Inhibitor,Diff_TOWERkill,Diff_FirstDRAGON,Diff_FirstHERALD,Diff_Firsttower,Diff_FirstBLOOD,dragonType,result
KR_6760872941,420,-4,-22,-12,-15,-5,5,0,-3,5,2,-2,3,1,-1,2,1,-4,4,0,0,-16,-2,-3,-1,4,2,0,-1,-1,1,-1,-1,4,-1
KR_6747221082,420,-2,57,8,-7,-2,2,0,-1,2,1,-5,6,1,-1,3,2,2,0,2,0,-6,2,-1,-2,3,0,0,1,1,1,1,1,1,-1
KR_6696278550,420,4,0,5,1,-2,4,2,4,3,7,2,2,4,-3,3,0,0,1,1,-1,3,1,0,-8,8,0,0,0,1,1,0,-1,5,-1
KR_6758506482,420,-4,-107,-28,-9,-5,5,0,4,2,6,-7,8,1,0,1,1,-1,1,0,-3,-10,35,-3,-2,5,-3,0,-1,0,-1,-1,-1,0,-1
KR_6737735876,420,-1,-26,12,6,1,0,1,4,1,5,0,2,2,-1,3,2,2,0,2,0,5,-2,0,-4,4,-1,0,1,0,1,1,1,0,-1
KR_6612942058,420,-3,-16,-9,-4,0,1,1,1,3,4,-4,6,2,0,1,1,-1,3,2,0,0,-201,3,-6,3,-3,0,0,-1,1,-1,-1,5,-1
KR_6724604289,420,-6,-42,-37,-11,2,2,4,-3,4,1,-5,6,1,-5,8,3,0,0,0,1,-9,-27,-5,-2,7,6,0,-4,-1,-1,-1,1,1,-1
KR_6705390961,440,-2,-57,38,-7,-1,4,3,3,0,3,0,1,1,-9,9,0,0,2,2,0,-9,139,1,-4,3,-28,0,-1,-1,0,-1,-1,3,-1
KR_6759655737,420,-2,-31,-32,4,0,1,1,4,2,6,-1,5,4,-1,3,2,2,3,5,0,0,-115,-2,-2,4,0,0,0,-1,-1,-1,-1,3,-1
KR_6712994762,420,-1,52,4,-5,0,4,4,-3,3,0,1,1,2,-3,5,2,0,0,0,0,-4,-1,-1,-3,4,-3,0,1,1,1,-1,-1,6,-1
KR_6721180529,420,-3,-15,-23,-10,-8,8,0,1,4,5,1,2,3,-3,3,0,-1,2,1,0,-7,5,3,-6,3,-4,0,-3,-1,-1,-1,-1,5,-1
KR_6627214952,420,-1,-53,4,-6,-1,2,1,0,2,2,1,2,3,-6,8,2,0,0,0,-1,-13,-18,-5,-2,7,0,0,-1,1,1,-1,-1,5,-1
KR_6554968057,420,-2,-10,-13,0,4,1,5,0,2,2,0,1,1,-3,4,1,-1,1,0,0,-4,9,1,-5,4,-2,0,1,-1,1,1,-1,4,-1
KR_6689632010,420,-3,19,-4,2,-3,3,0,-1,2,1,1,1,2,0,4,4,5,2,7,0,4,-15,2,-7,5,-6,0,-1,-1,1,-1,1,1,-1
KR_6634099950,420,0,-29,-12,0,1,1,2,-1,4,3,0,0,0,-1,3,2,1,1,2,0,4,-1,-2,-3,5,0,0,1,-1,1,1,-1,4,-1
KR_6759263656,420,2,70,12,3,0,2,2,0,2,2,1,1,2,2,0,2,0,3,3,0,-2,-3,2,-3,1,-5,0,0,-1,-1,0,1,2,-1
KR_6728303259,440,-1,-46,-16,-1,-1,7,6,4,2,6,-1,5,4,-3,5,2,0,1,1,-2,-8,2,1,-4,3,3,0,0,-1,1,-1,-1,3,-1
KR_6729697307,440,1,15,4,-5,0,2,2,-2,7,5,0,4,4,-4,12,8,1,0,1,-2,-9,28,0,-4,4,-7,0,2,0,1,1,1,0,-1
KR_6750798024,420,-6,-118,-28,-22,-1,2,1,-4,4,0,-11,12,1,-3,3,0,-3,3,0,-1,-20,-227,-5,0,5,1,0,-3,-1,-1,-1,-1,5,-1
KR_6627203642,420,-3,26,-9,-7,1,3,4,-4,5,1,-5,5,0,1,1,2,0,0,0,-1,-6,0,1,-6,5,1,0,0,1,-1,0,-1,4,-1
KR_6759527672,420,2,-66,78,-3,-2,5,3,8,1,9,-6,9,3,-3,4,1,0,3,3,2,-5,15,1,-7,6,3,0,-1,1,1,-1,-1,6,-1
KR_6761984290,420,-5,-47,20,-8,-1,2,1,-1,4,3,-4,4,0,0,2,2,-2,2,0,0,-7,-17,-6,-3,9,6,0,0,1,-1,0,1,1,-1
KR_6757578241,420,-4,-50,-4,-10,-1,3,2,-3,3,0,-1,1,0,-2,4,2,-3,3,0,-1,-11,-4,-2,-4,6,1,0,1,-1,1,1,-1,5,-1
KR_6754176073,420,-2,12,-3,-6,-1,2,1,1,3,4,-2,2,0,-1,1,0,-3,3,0,0,-8,-124,0,-3,3,-2,0,0,-1,1,0,1,3,-1
KR_6734493597,420,-7,-21,-40,-7,-3,4,1,1,1,2,-2,2,0,0,1,1,-3,3,0,0,-4,11,0,-4,4,-1,0,-1,-1,1,-1,1,2,-1
KR_6447843339,420,-2,-39,26,-14,0,2,2,-8,9,1,-5,5,0,0,7,7,-1,2,1,1,-12,-96,-7,-2,9,-4,0,-2,-1,-1,-1,1,5,-1
KR_6733720131,440,-3,-11,-36,-6,-4,5,1,-2,6,4,3,2,5,-2,2,0,-1,2,1,0,-7,13,1,-6,5,-1,0,0,1,-1,0,1,5,-1
KR_6661222511,420,-4,19,-11,-10,-4,6,2,-5,6,1,-3,3,0,3,2,5,-1,2,1,0,-6,-249,6,-9,3,1,0,-2,0,-1,-1,-1,0,-1
KR_6677215421,420,-2,3,20,-4,0,0,0,-2,2,0,-3,5,2,0,2,2,1,0,1,-1,-13,-1,-3,-3,6,-1,0,0,-1,1,0,-1,2,-1
KR_6727131136,420,0,-30,32,1,-2,4,2,1,1,2,-2,5,3,5,2,7,-1,1,0,0,2,-3,3,-5,2,3,0,-1,1,-1,-1,1,2,-1
KR_6561500934,420,-4,-53,-16,-3,-1,3,2,-2,3,1,6,0,6,-3,5,2,-3,4,1,-1,-9,-2,-3,-3,6,-1,0,-1,1,0,-1,-1,5,-1
KR_6747762055,420,4,31,12,5,2,5,7,3,0,3,-1,4,3,0,1,1,1,0,1,0,5,-3,4,-6,2,7,0,2,1,1,1,1,6,-1
KR_6699442687,420,-2,-20,-16,-2,-4,5,1,0,1,1,0,2,2,1,1,2,1,0,1,-1,1,-3,0,-4,4,3,0,-1,0,-1,-1,-1,0,-1
KR_6688583764,420,-4,-18,-9,-12,-1,3,2,-3,3,0,-3,3,0,-4,4,0,-1,1,0,-1,-9,-9,-2,-1,3,-1,0,-2,-1,-1,-1,-1,4,-1
KR_6599695293,420,0,-4,8,0,-2,2,0,-2,2,0,5,0,5,2,3,5,-3,4,1,0,-2,-8,-4,-4,8,4,0,0,-1,0,0,-1,2,-1
KR_6604253753,420,0,13,-3,2,0,2,2,2,2,4,-5,6,1,2,3,5,3,1,4,0,8,5,2,-4,2,-1,0,0,-1,1,-1,1,1,-1
KR_6629235109,420,0,19,1,5,-3,5,2,-1,3,2,0,3,3,6,1,7,3,0,3,1,5,0,5,-9,4,1,0,0,1,-1,-1,1,2,-1
KR_6764691358,420,2,60,8,-2,1,2,3,0,2,2,0,3,3,-2,2,0,-1,1,0,0,0,2,0,-3,3,0,0,-1,1,-1,-1,1,1,-1
KR_6750865411,420,-1,-27,-4,-1,2,3,5,0,2,2,1,0,1,-5,7,2,1,2,3,0,-6,-2,-1,-4,5,-3,0,-1,-1,1,-1,1,6,-1
KR_6744923119,440,0,30,-16,5,-3,3,0,0,3,3,3,0,3,4,0,4,1,0,1,0,3,8,5,-6,1,1,0,0,0,0,1,1,0,-1
KR_6691338702,420,-1,-2,-58,6,0,1,1,2,3,5,-2,4,2,3,2,5,3,1,4,-1,8,-12,3,-5,2,1,0,-1,1,-1,-1,-1,1,-1
KR_6724001205,420,2,-37,-4,2,-1,1,0,0,2,2,4,0,4,-1,4,3,0,0,0,-1,-1,3,2,-9,7,-3,0,0,1,-1,0,-1,4,-1
KR_6759336927,440,2,-3,32,-2,2,0,2,-2,5,3,-2,2,0,1,3,4,-1,1,0,0,-9,6,1,-4,3,23,0,0,0,1,0,-1,0,-1
KR_6742082940,440,-3,-12,-10,-5,1,2,3,-2,2,0,-1,1,0,1,2,3,-4,6,2,0,-5,-20,2,-6,4,4,0,-1,-1,1,1,-1,1,-1
KR_6686455200,420,-8,-126,-56,-19,-8,11,3,1,3,4,-1,3,2,-9,9,0,-2,2,0,0,-5,-1,0,-4,4,2,0,-4,-1,-1,-1,-1,3,-1
KR_6761802524,420,0,-24,4,-3,-3,4,1,-3,4,1,-1,1,0,6,2,8,-2,2,0,0,2,6,-1,-2,3,2,0,-1,1,-1,-1,-1,4,-1
KR_6752795741,420,-1,-5,-4,-1,-2,3,1,-2,5,3,0,1,1,1,2,3,2,0,2,0,-5,13,-2,-2,4,0,0,-1,0,0,-1,-1,0,-1
KR_6744083878,420,-2,-93,-1,-6,0,2,2,0,4,4,-2,3,1,-3,3,0,-1,1,0,0,-3,-224,1,-8,7,-8,0,0,-1,-1,-1,-1,5,-1
KR_6733605544,420,2,59,-4,8,0,2,2,1,1,2,4,1,5,2,2,4,1,1,2,0,7,1,-2,-2,4,0,0,1,1,1,1,1,2,-1
KR_6753987492,420,-8,-191,1,-16,-10,10,0,1,2,3,-2,4,2,-3,4,1,-2,2,0,0,-8,-7,3,-7,4,3,0,-1,-1,-1,-1,-1,5,-1
KR_6740498641,440,4,7,-14,6,0,1,1,3,1,4,-1,2,1,2,4,6,2,1,3,0,6,0,1,-4,3,4,0,1,0,1,1,1,0,-1
KR_6752589094,440,-1,-6,-17,-1,-3,4,1,-2,3,1,0,1,1,2,0,2,2,0,2,0,2,12,6,-7,1,1,0,0,0,0,-1,-1,0,-1
KR_6757360545,440,0,-39,-12,-1,-2,5,3,-1,2,1,5,1,6,2,3,5,-5,5,0,0,3,470,1,-3,2,0,0,-1,0,-1,-1,-1,0,-1
KR_6749986507,420,-1,10,-12,-6,2,0,2,-1,2,1,-1,1,0,-5,7,2,-1,1,0,0,-11,-21,-2,-4,6,3,0,0,-1,0,0,-1,2,-1
KR_6748668152,440,0,-17,-24,2,6,2,8,-1,2,1,-6,6,0,4,2,6,-1,3,2,0,1,16,-4,0,4,-2,0,0,-1,1,1,1,2,-1
KR_6730520761,420,-4,-70,29,-10,4,4,8,-5,6,1,0,2,2,-11,13,2,2,0,2,1,-14,-11,4,-8,4,-2,0,-1,1,-1,-1,1,2,-1
KR_6638411139,420,-5,-23,-32,-9,-2,2,0,-3,4,1,2,1,3,-2,5,3,-4,4,0,0,-14,-2,-4,-2,6,-1,0,0,-1,1,0,-1,1,-1
KR_6757436226,420,1,32,-1,6,1,2,3,-2,5,3,3,5,8,2,3,5,2,0,2,0,5,1,5,-6,1,-2,0,0,1,-1,-1,-1,3,-1
KR_6570502952,420,-3,-19,-17,0,-2,3,1,-3,4,1,0,1,1,3,0,3,2,0,2,0,3,-13,-1,-4,5,-6,0,-1,-1,-1,-1,1,5,-1
KR_6739429606,440,1,5,15,-3,-1,2,1,-1,4,3,-1,3,2,-1,2,1,1,2,3,0,-4,-34,3,-8,5,24,0,-2,-1,-1,-1,1,6,-1
KR_6762591151,420,-2,-42,12,2,1,0,1,1,3,4,2,1,3,0,4,4,-2,2,0,0,3,20,3,-6,3,1,0,-2,1,1,-1,-1,1,-1
KR_6755163517,420,-2,29,-15,-1,-1,4,3,0,3,3,3,2,5,-2,5,3,-1,2,1,0,3,-3,-1,-1,2,-1,0,1,0,-1,-1,-1,0,-1
KR_6539723535,420,1,-45,20,0,-3,4,1,-1,2,1,3,1,4,-1,5,4,2,0,2,1,-1,-4,-3,-5,8,-1,0,-1,-1,1,-1,1,6,-1
KR_6695690945,420,0,-28,4,1,-1,2,1,8,2,10,-2,7,5,-3,3,0,-1,3,2,1,1,32,1,-1,0,-1,0,1,-1,1,1,1,5,-1
KR_6761277152,420,-2,-3,9,-7,0,3,3,-3,4,1,-4,8,4,-2,3,1,2,0,2,0,-4,15,1,-2,1,-1,0,0,1,1,-1,-1,1,-1
KR_6658656722,440,-3,-37,-16,-11,-5,5,0,-2,3,1,-3,3,0,-4,5,1,3,0,3,0,-1,413,-5,-2,7,23,0,-2,-1,-1,-1,-1,4,-1
KR_6348338059,420,1,-29,11,-1,2,0,2,4,1,5,-5,5,0,-2,5,3,0,1,1,-1,-3,-2,-3,-4,7,-1,0,0,-1,1,0,-1,2,-1
KR_6686501864,420,0,14,-6,2,-1,5,4,-3,3,0,5,3,8,1,1,2,0,2,2,0,12,5,6,-10,4,0,0,0,-1,1,1,-1,3,-1
KR_6753887366,420,-1,47,-4,6,1,0,1,2,1,3,2,2,4,-1,4,3,2,0,2,2,11,0,1,-8,7,-2,0,1,-1,-1,1,-1,1,-1
KR_6675202381,420,-5,-80,-25,-1,-4,5,1,-1,3,2,3,0,3,1,2,3,0,2,2,1,2,2,2,-8,6,4,0,-1,1,1,-1,1,3,-1
KR_6740342989,420,-4,-25,-13,-9,-2,3,1,-8,11,3,0,1,1,-1,3,2,2,0,2,-1,-12,1,-1,-3,4,0,0,0,-1,1,1,-1,6,-1
KR_6714202997,420,-4,9,-28,-6,-2,2,0,2,1,3,-5,7,2,-1,1,0,0,0,0,0,-1,-33,-3,-3,6,0,0,0,0,-1,0,-1,0,-1
KR_6764452072,420,-2,3,1,-4,-9,9,0,7,2,9,-3,6,3,-4,5,1,5,1,6,0,0,-14,-1,-4,5,1,0,-1,0,0,-1,-1,0,-1
KR_6675389382,420,-2,-48,8,-8,-1,1,0,0,2,2,-3,3,0,-3,4,1,-1,1,0,0,-9,2,-1,-3,4,2,0,-1,1,-1,-1,-1,2,-1
KR_6758492029,440,-4,-54,-5,-15,-6,6,0,-2,3,1,-5,7,2,0,3,3,-2,2,0,0,-21,-8,-2,-6,8,-2,0,0,-1,1,-1,-1,2,-1
KR_6761314333,420,-1,-12,1,7,-2,3,1,0,1,1,2,2,4,6,3,9,1,1,2,0,13,-6,0,-4,4,3,0,-1,1,0,-1,-1,6,-1
KR_6720610218,420,1,-10,0,2,5,1,6,4,1,5,-2,3,1,-4,4,0,-1,1,0,0,0,-18,2,-4,2,-3,0,-1,-1,1,-1,1,2,-1
KR_6762716262,420,-2,19,-8,-7,0,1,1,1,3,4,-2,2,0,-7,7,0,1,0,1,0,-11,-35,3,-10,7,-16,0,0,-1,1,-1,-1,3,-1
KR_6761283158,420,-1,-20,-3,0,-1,1,0,-1,7,6,-1,3,2,3,3,6,0,1,1,0,2,-6,2,-9,7,1,0,1,1,1,-1,-1,2,-1
KR_6726635684,420,-2,-14,-25,-7,-1,4,3,0,1,1,-5,8,3,-3,3,0,2,3,5,0,-3,20,0,-6,6,1,0,-2,1,-1,-1,1,3,-1
KR_6716547951,420,-4,45,-43,-15,-6,6,0,-4,4,0,-4,10,6,-4,7,3,3,2,5,0,-15,10,-3,-3,6,-1,0,0,-1,-1,-1,1,1,-1
KR_6494768892,420,1,68,8,-2,1,0,1,1,4,5,1,2,3,1,2,3,-6,6,0,-1,-7,-49,4,-6,2,-6,0,0,-1,0,1,-1,3,-1
KR_6724333845,420,-6,-71,-31,-14,-5,5,0,-6,6,0,0,1,1,-3,5,2,0,0,0,0,-15,-11,-3,-1,4,2,0,-2,-1,-1,-1,-1,4,-1
KR_6756689382,420,0,-22,13,0,-1,3,2,0,3,3,1,1,2,-1,2,1,1,0,1,0,1,3,1,-5,4,1,0,-1,1,1,-1,1,1,-1
KR_6679890130,420,-2,-54,-4,-3,-2,3,1,0,1,1,-1,1,0,0,0,0,0,0,0,0,-1,-107,0,-5,5,1,0,0,0,-1,0,-1,0,-1
KR_6707108619,420,-3,-4,-23,-8,-4,4,0,1,0,1,3,1,4,-5,6,1,-3,3,0,0,-6,2,-4,-3,7,1,0,-2,-1,-1,-1,-1,4,-1
KR_6740337667,420,1,-42,0,-1,0,1,1,2,1,3,-5,6,1,1,2,3,1,1,2,0,2,-5,-5,-4,9,2,0,1,1,1,1,1,2,-1
KR_6712372198,420,-4,-56,-12,-5,-1,1,0,-3,4,1,1,1,2,-1,4,3,-1,3,2,0,-7,-10,1,-5,4,1,0,0,-1,1,0,-1,5,-1
KR_6697123107,420,-2,-117,36,0,-1,2,1,4,2,6,-2,3,1,-3,7,4,2,0,2,0,6,-1,1,-3,2,-4,0,-1,0,1,-1,-1,0,-1
KR_6349094159,420,-2,-27,-12,-3,3,1,4,0,3,3,3,2,5,-8,9,1,-1,1,0,0,-5,-131,-3,-6,9,-1,0,-1,-1,1,-1,-1,6,-1
KR_6758520327,420,-2,-20,-7,-7,1,2,3,-2,4,2,-2,2,0,-4,4,0,0,0,0,-1,-13,3,-3,-4,7,-3,0,-1,-1,-1,-1,-1,6,-1
KR_6604450791,420,-3,-63,-15,-7,0,1,1,-4,8,4,-6,7,1,1,3,4,2,0,2,0,-9,-4,-2,-3,5,-1,0,-1,-1,-1,-1,-1,3,-1
KR_6743542736,420,2,12,-16,0,5,0,5,-5,6,1,0,2,2,0,3,3,0,0,0,0,-4,6,3,-6,3,-3,0,-1,-1,-1,-1,-1,6,-1
KR_6757503723,440,4,23,0,13,-1,2,1,6,3,9,3,1,4,4,1,5,1,2,3,0,5,-4,2,-6,4,-3,0,1,0,1,-1,1,0,-1
KR_6645145403,420,0,-37,4,-1,6,0,6,-5,7,2,-3,4,1,0,1,1,1,0,1,0,-9,-7,-3,-2,5,0,0,-1,1,-1,-1,-1,4,-1
KR_6675252158,420,-6,10,-11,-16,0,1,1,0,3,3,-4,4,0,-7,8,1,-5,6,1,-1,-13,-13,1,-4,3,0,0,0,-1,-1,-1,-1,4,-1
KR_6753647962,420,2,22,0,6,-1,5,4,4,1,5,0,4,4,5,1,6,-2,3,1,0,13,-2,2,-6,4,-1,0,-1,1,-1,-1,-1,4,-1
KR_6657253224,440,1,16,12,9,-2,3,1,1,4,5,6,2,8,3,0,3,1,0,1,2,9,149,0,-2,2,33,0,0,1,1,1,1,1,-1
KR_6669803754,420,-3,43,-8,-4,1,1,2,-4,6,2,7,1,8,-3,3,0,-5,5,0,0,-4,2,-1,-3,4,1,0,-1,1,-1,-1,1,2,-1
KR_6701424287,440,2,45,-4,-2,-1,1,0,0,1,1,4,0,4,-3,5,2,-2,2,0,0,-7,-4,1,-8,7,0,0,1,-1,1,1,-1,3,-1
KR_6685443651,420,-1,-65,-24,-4,-5,5,0,-1,3,2,1,3,4,0,1,1,1,0,1,-2,-4,-29,1,-2,1,1,0,0,-1,1,0,-1,4,-1
KR_6734066942,440,-3,-12,-32,0,0,3,3,2,1,3,-7,12,5,7,1,8,-2,3,1,2,12,-1,6,-6,0,3,0,-1,-1,0,-1,1,6,-1
KR_6746274760,420,-1,14,-56,1,-4,4,0,-2,7,5,0,3,3,4,0,4,3,0,3,1,-2,4,-1,-6,7,-3,0,0,-1,-1,1,1,3,-1
KR_6714719560,420,2,57,30,5,3,0,3,-3,6,3,2,0,2,2,1,3,1,0,1,-1,2,-10,-5,-2,7,6,0,1,1,-1,1,-1,5,-1
KR_6695767813,420,-4,-84,0,-10,0,1,1,2,4,6,-8,10,2,-3,4,1,-1,1,0,0,-5,-122,-5,-4,9,3,0,-3,-1,-1,-1,1,4,-1
KR_6632548028,420,-4,-84,4,-12,-1,2,1,0,1,1,-2,4,2,-8,8,0,-1,1,0,0,-10,4,1,-4,3,-4,0,1,-1,-1,1,-1,4,-1
KR_6742258017,420,-2,-65,20,-11,-2,3,1,-3,3,0,3,0,3,-5,5,0,-4,4,0,0,-12,-19,2,-5,3,-4,0,-2,-1,-1,-1,-1,5,-1
KR_6759793649,440,-2,-34,-12,-5,-3,3,0,-1,3,2,-1,1,0,0,1,1,0,0,0,0,-1,-11,-3,-3,6,-3,0,0,0,-1,0,-1,0,-1
KR_6758098118,420,-1,53,-12,-7,-2,4,2,-4,4,0,2,3,5,-3,4,1,0,1,1,1,-5,-3,-1,-3,4,-1,0,-1,-1,-1,-1,1,2,-1
KR_6664142210,420,-3,-41,-16,-5,-5,5,0,-2,3,1,-1,3,2,1,1,2,2,0,2,0,0,-2,0,-6,6,0,0,0,1,-1,-1,1,4,-1
KR_6758544170,420,-4,-53,1,-8,-1,2,1,0,1,1,-6,6,0,-2,5,3,1,1,2,0,-3,0,-3,-3,6,-6,0,-1,-1,1,-1,-1,4,-1
KR_6739486935,440,1,-21,-15,2,-1,1,0,-1,1,0,0,2,2,0,2,2,4,0,4,0,0,-48,-2,-1,3,17,0,-1,-1,0,-1,-1,3,-1
KR_6761837538,420,-8,-35,-48,-8,-9,9,0,-2,4,2,2,0,2,1,6,7,0,0,0,0,-2,-1,1,-4,3,1,0,-1,-1,-1,-1,1,4,-1
KR_6505476263,440,1,-9,-5,1,-2,4,2,-1,2,1,1,3,4,1,4,5,2,0,2,0,0,4,2,-8,6,1,0,0,-1,1,1,-1,4,-1
KR_6520715110,420,-2,-15,-21,0,-3,4,1,5,0,5,-5,6,1,2,0,2,1,1,2,-1,6,-1,-1,-6,7,-5,0,-1,1,-1,-1,1,6,-1
KR_6740498592,420,-7,-82,-37,-18,-4,6,2,-8,11,3,-2,4,2,-4,6,2,0,1,1,0,-19,244,-6,-4,10,1,0,-1,-1,-1,-1,-1,5,-1
KR_6763667332,420,0,-5,12,-3,2,2,4,1,2,3,-3,3,0,-2,4,2,-1,3,2,0,-9,-12,-4,-1,5,1,0,0,0,-1,0,-1,0,-1
KR_6749908253,420,-1,-13,4,-5,0,3,3,2,0,2,-5,7,2,-3,3,0,1,0,1,1,-8,-1,2,-3,1,-2,0,-1,-1,-1,-1,1,6,-1
KR_6720070277,420,1,-11,-12,1,-2,4,2,1,0,1,4,1,5,0,2,2,-2,2,0,0,-1,-148,2,-5,3,-3,0,0,1,-1,-1,-1,5,-1
KR_6717824469,420,-3,-106,-3,0,-4,4,0,0,3,3,2,0,2,4,2,6,-2,3,1,0,3,-2,-1,-3,4,2,0,-3,0,1,-1,-1,0,-1
KR_6763533115,440,0,45,8,-2,1,0,1,1,2,3,-2,2,0,-2,7,5,0,2,2,0,-2,-19,-3,-4,7,2,0,0,-1,1,-1,-1,4,-1
KR_6759565625,420,-3,-12,-12,-9,-2,4,2,-4,5,1,0,1,1,-1,2,1,-2,2,0,1,-8,-9,-6,-2,8,1,0,-1,0,1,-1,1,0,-1
KR_6591657714,420,-4,2,-16,-9,-3,5,2,-1,2,1,-4,5,1,-2,2,0,1,2,3,0,-9,5,-4,-1,5,-5,0,2,-1,1,1,1,3,-1
KR_6731421712,440,-1,-37,-4,-4,0,0,0,2,0,2,-4,5,1,-2,2,0,0,2,2,0,-7,-17,-2,-3,5,-3,0,-2,-1,-1,-1,-1,5,-1
KR_6596893555,420,0,2,-4,5,2,0,2,5,6,11,-2,4,2,-1,4,3,1,2,3,0,6,-23,-3,-5,8,12,0,0,-1,-1,0,1,3,-1
KR_6745256226,420,-3,-25,-20,-6,0,3,3,0,3,3,0,1,1,-3,5,2,-3,5,2,1,-4,-2,-3,-3,6,1,0,0,0,0,-1,1,0,-1
KR_6732882484,420,0,-64,-33,3,0,0,0,1,1,2,0,0,0,1,1,2,1,2,3,-1,3,-43,1,-6,5,28,0,-1,-1,1,-1,-1,2,-1
KR_6761603681,420,-2,14,4,-1,3,1,4,-2,4,2,-2,2,0,0,1,1,0,1,1,0,-6,-9,-3,-1,4,1,0,0,-1,0,0,1,4,-1
KR_6667553036,420,-11,-223,-8,-15,-7,7,0,-2,2,0,-2,2,0,-3,3,0,-1,2,1,0,-12,-30,-2,-3,5,0,0,-5,0,-1,-1,-1,0,-1
KR_6761000676,420,-1,-53,16,-7,1,1,2,-5,7,2,-7,8,1,4,1,5,0,1,1,0,-5,12,0,-4,4,0,0,-1,-1,-1,-1,-1,6,-1
KR_6745336749,440,-3,-5,-20,-3,-2,2,0,-1,1,0,0,1,1,0,1,1,0,2,2,0,-2,26,-3,-4,7,4,0,0,-1,1,0,1,5,-1
KR_6733664893,440,0,-24,19,0,3,0,3,2,2,4,-1,5,4,-4,7,3,0,4,4,-1,-7,-28,0,-3,3,2,0,-2,-1,-1,-1,-1,2,-1
KR_6345060413,420,-2,-39,-2,-5,-2,4,2,-4,5,1,1,1,2,0,1,1,0,0,0,0,-3,-4,-2,-3,5,0,0,0,0,0,-1,-1,0,-1
KR_6720539019,420,-3,-76,-21,-7,-1,3,2,2,3,5,-7,7,0,-2,5,3,1,3,4,0,6,3,2,-8,6,-1,0,-1,0,-1,-1,-1,0,-1
KR_6694764109,420,-2,-76,-2,-3,-5,5,0,-4,5,1,1,1,2,6,1,7,-1,2,1,0,7,-16,2,-4,2,-1,0,-1,-1,-1,-1,1,5,-1
KR_6753323472,420,2,29,30,2,-3,4,1,4,2,6,0,4,4,1,0,1,0,0,0,0,2,-7,4,-7,3,0,0,1,0,0,1,1,0,-1
KR_6745742098,420,-5,-102,-24,-18,-1,2,1,-3,5,2,-5,5,0,-8,12,4,-1,1,0,-1,-8,-6,2,-7,5,-4,0,-2,-1,1,-1,-1,5,-1
KR_6756748453,420,-5,-182,-11,-17,-5,5,0,-1,2,1,-3,4,1,-5,6,1,-3,4,1,0,-11,-35,0,-4,4,-1,0,-4,-1,-1,-1,1,3,-1
KR_6709776229,420,2,16,14,4,0,2,2,3,2,5,4,1,5,-3,3,0,0,0,0,0,3,-16,1,-6,5,-1,0,0,-1,1,-1,1,5,-1
KR_6760997809,420,0,-31,-23,0,2,0,2,1,2,3,-2,4,2,-2,5,3,1,1,2,-1,5,1,2,-5,3,-2,0,1,-1,1,-1,-1,6,-1
KR_6705068200,420,-2,-45,8,-1,-3,4,1,-3,7,4,2,1,3,2,4,6,1,1,2,1,0,-99,1,-10,9,5,0,-1,1,0,-1,1,6,-1
KR_6711212567,420,-6,-68,-27,-11,-3,3,0,-10,12,2,0,0,0,1,1,2,1,0,1,0,-11,-5,-1,-4,5,1,0,0,1,1,0,-1,2,-1
KR_6759714198,420,-3,75,-11,-5,-2,5,3,1,1,2,-1,1,0,-3,4,1,0,2,2,1,-14,6,4,-7,3,0,0,1,1,1,1,1,2,-1
KR_6729076865,420,-6,-88,9,-15,-5,5,0,-2,4,2,-7,8,1,1,0,1,-2,2,0,0,-9,-18,-6,-3,9,6,0,-1,-1,-1,-1,-1,5,-1
KR_6723517867,420,-2,-17,-4,-1,-4,6,2,3,2,5,-1,2,1,3,4,7,-2,2,0,1,3,11,5,-9,4,-9,0,0,-1,1,1,1,5,-1
KR_6741568862,420,-2,71,-4,-3,1,1,2,-3,4,1,5,0,5,-6,7,1,0,0,0,0,-2,11,0,-3,3,2,0,1,1,1,1,-1,2,-1
KR_6695753749,420,-3,-56,7,-11,-3,3,0,0,2,2,-3,4,1,-5,6,1,0,0,0,0,-6,45,2,-6,4,-32,0,-2,-1,1,-1,-1,3,-1
KR_6751932103,420,1,16,24,3,4,1,5,2,4,6,-1,1,0,-4,4,0,2,1,3,0,-1,-3,-2,-3,5,0,0,0,0,1,-1,1,0,-1
KR_6764034369,420,-1,-25,9,-4,-1,1,0,-4,5,1,2,1,3,1,1,2,-2,2,0,0,-3,0,2,-4,2,1,0,0,-1,1,0,1,3,-1
KR_6741914008,440,-5,-69,3,-9,1,5,6,-4,6,2,-5,6,1,1,0,1,-2,3,1,0,-1,-43,1,-4,3,19,0,-1,-1,0,-1,-1,3,-1
KR_6631755220,420,-7,-22,-26,-14,-10,10,0,0,3,3,0,1,1,-1,5,4,-3,3,0,0,-10,-5,2,-4,2,-3,0,-1,-1,-1,-1,-1,4,-1
KR_6684681728,420,-1,-73,8,1,1,1,2,-4,6,2,2,2,4,0,2,2,2,0,2,0,-2,10,3,-6,3,-5,0,0,1,-1,0,1,1,-1
KR_6761274261,420,-1,48,-20,7,-1,1,0,-1,4,3,5,1,6,3,0,3,1,1,2,0,11,5,3,-5,2,2,0,-1,0,0,-1,1,0,-1
KR_6644629366,420,-2,4,-19,4,2,0,2,1,1,2,-1,2,1,2,3,5,0,0,0,0,9,4,-3,-3,6,-2,0,0,1,-1,0,1,3,-1
KR_6746865856,420,-6,-32,-14,-11,0,1,1,-3,4,1,-8,8,0,0,3,3,0,2,2,0,-2,15,1,-9,8,-9,0,-1,-1,-1,-1,1,3,-1
KR_6757395788,420,-1,3,15,-8,3,1,4,-2,4,2,-2,4,2,-5,5,0,-2,2,0,0,-15,-4,-2,-5,7,-2,0,-1,1,-1,-1,1,6,-1
KR_6660077849,440,-3,-100,-8,-6,-2,2,0,-5,6,1,2,0,2,1,2,3,-2,3,1,0,5,-3,2,-5,3,-5,0,0,-1,-1,-1,1,3,-1
KR_6761438338,440,2,-13,45,2,-1,1,0,-1,2,1,2,2,4,1,1,2,1,3,4,0,-3,-4,0,-8,8,3,0,0,-1,1,0,1,6,-1
KR_6752723465,420,-1,-14,-16,-5,-4,4,0,0,1,1,-3,6,3,1,2,3,1,0,1,1,-2,26,2,-6,4,-5,0,1,1,-1,1,1,4,-1
KR_6514528269,420,-6,-63,-24,-5,-5,5,0,4,2,6,0,2,2,-1,4,3,-3,3,0,0,-2,-20,-4,-4,8,1,0,-2,-1,-1,-1,1,5,-1
KR_6022269121,420,-5,-130,-27,-3,0,2,2,1,5,6,-3,3,0,3,2,5,-4,4,0,0,-7,-8,2,-6,4,-2,0,-3,-1,-1,-1,1,1,-1
KR_6608625604,420,-1,-42,-10,-1,-6,6,0,0,3,3,4,0,4,0,0,0,1,0,1,0,11,4,3,-10,7,-1,0,-1,-1,-1,-1,-1,3,-1
KR_6759843789,420,0,-56,12,-3,1,1,2,-2,3,1,3,1,4,-6,9,3,1,0,1,-1,0,-5,-4,-1,5,-3,0,0,0,-1,-1,-1,0,-1
KR_6756200087,440,-1,0,16,3,0,2,2,2,2,4,1,1,2,1,7,8,-1,1,0,-1,4,-1,3,-9,6,-2,0,0,1,-1,0,-1,4,-1
KR_6580100673,420,-3,-20,9,-6,-3,3,0,1,4,5,-1,2,1,-3,4,1,0,0,0,-1,-11,-16,3,-10,7,-2,0,0,-1,1,1,-1,2,-1
KR_6731292249,420,-3,1,-8,-10,4,1,5,-4,4,0,-1,4,3,-8,9,1,-1,1,0,0,-12,-1,-6,-1,7,3,0,1,-1,-1,1,-1,6,-1
KR_6708731417,440,-14,-176,-48,-14,-2,3,1,-4,4,0,-2,2,0,-3,5,2,-3,3,0,0,-14,-17,-1,0,1,1,0,-5,-1,-1,-1,-1,2,-1
KR_6753285601,420,-6,-83,12,-13,-3,3,0,-2,2,0,-3,3,0,-3,3,0,-2,2,0,0,-12,-9,-5,-3,8,-4,0,-2,1,-1,-1,-1,5,-1
KR_6736163263,420,-1,13,4,-6,-2,3,1,-3,4,1,0,2,2,1,2,3,-2,4,2,0,-7,10,-1,-5,6,-1,0,0,1,-1,-1,1,6,-1
KR_6274859371,420,-4,-77,-13,-10,1,1,2,-2,3,1,-4,5,1,-8,8,0,3,0,3,0,-17,-7,-4,-3,7,4,0,0,-1,1,1,1,3,-1
KR_6736653758,420,-3,-88,-52,-11,0,1,1,-2,2,0,-5,7,2,-1,2,1,-3,4,1,0,-3,-4,3,-5,2,-3,0,-1,0,1,-1,-1,0,-1
KR_6736305645,420,-3,-23,-8,1,-2,3,1,4,0,4,5,0,5,-6,8,2,0,0,0,0,-8,19,3,-5,2,-2,0,-1,0,1,1,1,0,-1
KR_6740248839,440,1,27,3,4,-1,1,0,2,1,3,-2,4,2,2,4,6,3,0,3,0,6,-10,-2,-4,6,4,0,-1,1,1,-1,-1,5,-1
KR_6657368177,420,-4,-66,-39,-6,-3,5,2,1,4,5,-6,7,1,1,2,3,1,1,2,-1,-3,0,-4,-5,9,-3,0,-3,-1,-1,-1,-1,3,-1
KR_6733702796,420,1,55,0,7,1,3,4,1,1,2,2,1,3,3,4,7,0,0,0,0,11,10,4,-6,2,1,0,0,1,1,1,1,4,-1
KR_6634312806,420,-1,-33,6,-6,-8,9,1,0,2,2,2,0,2,0,3,3,0,1,1,0,-7,-6,2,-4,2,3,0,-2,-1,-1,-1,1,1,-1
KR_6667669071,420,-2,-5,-48,1,-1,2,1,0,3,3,6,0,6,-4,5,1,0,0,0,1,8,-192,3,-6,3,0,0,0,-1,-1,0,1,3,-1
KR_6732213523,420,-2,-27,0,-3,1,1,2,-3,5,2,-2,3,1,0,3,3,1,1,2,0,-6,-2,-5,-2,7,0,0,1,-1,1,1,-1,3,-1
KR_6708774987,420,-3,-53,7,-8,-6,6,0,-4,7,3,2,2,4,-2,2,0,2,3,5,-1,-9,0,0,-6,6,-1,0,-1,1,-1,-1,-1,3,-1
KR_6656396456,420,0,15,5,2,3,1,4,3,0,3,-7,10,3,0,3,3,3,0,3,0,6,-65,0,-4,4,3,0,-1,1,1,-1,1,5,-1
KR_6762566230,420,0,46,-12,-9,0,1,1,1,4,5,-2,3,1,-9,10,1,1,1,2,0,-7,-229,-4,-1,5,2,0,0,-1,-1,0,-1,6,-1
KR_6734503505,420,1,42,28,1,2,3,5,2,2,4,1,4,5,-3,4,1,-1,2,1,0,-5,-4,-3,0,3,1,0,1,1,1,1,-1,2,-1
KR_6740287129,420,-5,-62,-16,-5,-5,7,2,-1,3,2,0,1,1,2,1,3,-1,1,0,1,-6,16,4,-10,6,1,0,-1,1,-1,-1,1,4,-1
KR_6749119814,420,-1,-11,12,-3,-1,3,2,1,1,2,0,1,1,-3,4,1,0,0,0,0,-7,-197,6,-8,2,0,0,-1,1,0,-1,-1,4,-1
KR_6751120830,420,1,25,-5,7,3,1,4,0,1,1,-4,5,1,-2,3,1,10,0,10,0,5,-21,-2,-2,4,-1,0,2,1,-1,1,1,5,-1
KR_6721063650,420,-3,-11,0,-5,-2,4,2,1,3,4,0,2,2,-4,7,3,0,3,3,0,0,-10,-5,-2,7,1,0,-1,1,-1,-1,1,6,-1
KR_6626414637,420,-6,-91,3,-12,-4,5,1,0,2,2,-2,3,1,-7,10,3,1,2,3,-1,-16,6,1,-4,3,-4,0,-2,-1,-1,-1,-1,1,-1
KR_6706798758,420,1,44,-16,4,0,2,2,-2,6,4,0,2,2,2,0,2,4,0,4,2,9,47,1,-7,6,-16,0,2,1,1,1,1,5,-1
KR_6762416531,420,-6,-47,-10,-11,-6,6,0,2,3,5,1,1,2,-6,6,0,-2,3,1,0,-2,-5,-6,-3,9,2,0,-2,1,-1,-1,1,6,-1
KR_6727081910,420,-1,9,10,-3,-3,6,3,2,2,4,2,1,3,-3,5,2,-1,1,0,0,-6,0,-1,-5,6,0,0,0,1,-1,1,1,3,-1
KR_6758437195,420,-1,53,-3,-6,-2,6,4,-3,5,2,-6,7,1,4,2,6,1,0,1,-1,-14,-33,-4,-3,7,-3,0,0,0,-1,1,-1,0,-1
KR_6648873822,420,-3,-18,4,-13,3,0,3,-6,6,0,-4,6,2,-7,8,1,1,1,2,0,-17,-7,1,-3,2,-4,0,-1,1,-1,-1,1,6,-1
KR_6667537379,420,-1,-109,16,-1,-5,5,0,2,1,3,0,2,2,1,0,1,1,0,1,0,7,19,4,-7,3,-7,0,0,1,-1,0,-1,2,-1
KR_6730546878,440,-2,-45,-8,-3,-2,4,2,-2,2,0,4,2,6,-2,2,0,-1,1,0,0,-2,-4,1,-3,2,-1,0,-1,1,-1,-1,-1,4,-1
KR_6651399156,420,2,-38,25,-11,1,1,2,-9,9,0,1,0,1,-2,3,1,-2,2,0,0,-18,33,0,-5,5,-25,0,0,-1,-1,-1,-1,2,-1
KR_6672205909,420,-2,-37,-4,-8,-1,1,0,-4,6,2,0,0,0,0,1,1,-3,3,0,0,-5,7,4,-5,1,-1,0,-3,-1,-1,-1,-1,5,-1
KR_6369753607,420,1,-67,32,-8,-2,2,0,-3,5,2,5,0,5,-6,7,1,-2,3,1,0,-20,0,0,0,0,2,0,0,-1,1,1,-1,2,-1
KR_6702567876,420,2,13,12,0,-4,5,1,-3,3,0,3,2,5,1,4,5,3,0,3,0,-2,-3,2,-4,2,2,0,-1,1,-1,-1,1,1,-1
KR_6658324815,420,-2,-66,-15,-3,-1,3,2,2,1,3,-4,6,2,0,0,0,0,0,0,-2,-5,-2,1,-6,5,5,0,0,-1,1,0,-1,6,-1
KR_6614899926,420,-5,-68,-13,-9,-8,8,0,-1,1,0,-6,6,0,4,1,5,2,1,3,0,3,133,0,-3,3,5,0,-1,1,-1,-1,-1,6,-1
KR_6615663599,420,3,12,4,0,2,0,2,1,3,4,3,0,3,-5,5,0,-1,1,0,0,-4,0,0,-5,5,2,0,0,0,-1,-1,-1,0,-1
KR_6605916708,420,1,57,17,-1,-2,6,4,-1,7,6,1,0,1,0,3,3,1,0,1,1,-5,-3,2,-7,5,-6,0,-2,-1,-1,-1,1,2,-1
KR_6608202320,420,-2,-16,4,-2,-3,3,0,2,3,5,-1,2,1,3,1,4,-3,3,0,0,-1,-109,-2,-3,5,1,0,0,-1,-1,-1,-1,4,-1
KR_6630200385,420,-4,-33,-27,-4,-2,4,2,0,4,4,-1,4,3,-1,4,3,0,0,0,0,1,3,-3,-4,7,-1,0,-1,-1,-1,-1,-1,6,-1
KR_6621550723,420,0,-71,-16,-3,0,0,0,0,3,3,0,1,1,-7,8,1,4,0,4,0,-5,33,5,-8,3,-3,0,-1,-1,-1,-1,-1,1,-1
KR_6738476891,440,0,54,-17,2,1,2,3,-3,6,3,2,0,2,2,1,3,0,0,0,0,2,-2,-5,-1,6,3,0,2,1,-1,1,-1,4,-1
KR_6621725232,420,-1,-52,16,-2,-2,3,1,3,4,7,4,0,4,-7,7,0,0,1,1,0,-2,20,4,-5,1,2,0,1,-1,1,1,1,3,-1
KR_6603984114,420,-3,-46,-23,1,-3,3,0,2,1,3,-1,2,1,1,2,3,2,0,2,0,3,-16,2,-5,3,1,0,0,0,1,0,1,0,-1
KR_6750313090,420,1,8,16,6,1,1,2,-2,3,1,1,1,2,4,2,6,2,0,2,0,0,8,1,-7,6,3,0,0,1,1,0,1,5,-1
KR_6715424889,420,0,-14,4,2,-1,3,2,4,2,6,-1,1,0,-4,7,3,4,0,4,1,7,-5,-3,-4,7,1,0,1,-1,1,1,1,3,-1
KR_6676049010,420,-3,-61,-19,-3,1,2,3,4,3,7,-6,7,1,-2,3,1,0,1,1,0,-5,-11,2,-7,5,2,0,0,1,1,-1,-1,3,-1
KR_6727247088,440,1,-38,20,4,3,0,3,-1,3,2,1,2,3,0,1,1,1,2,3,0,5,-6,2,-7,5,-1,0,0,1,1,1,1,3,-1
KR_6745093223,420,1,15,-29,7,1,3,4,0,2,2,-1,1,0,5,0,5,2,0,2,0,7,12,3,-8,5,5,0,0,1,-1,0,-1,3,-1
KR_6749208024,440,-2,-24,-16,-1,-2,4,2,1,0,1,0,3,3,1,2,3,-1,2,1,0,6,1,-2,-2,4,-3,0,0,-1,-1,0,1,6,-1
KR_6591556996,420,0,0,-24,-1,1,2,3,0,3,3,1,1,2,-2,3,1,-1,1,0,0,2,-4,6,-11,5,-1,0,-1,1,-1,1,-1,1,-1
KR_6755983564,420,-2,-32,4,-3,0,1,1,0,1,1,1,2,3,0,1,1,-4,4,0,0,-1,-3,4,-9,5,-2,0,-1,-1,-1,-1,-1,2,-1
KR_6702627598,420,-4,-62,-9,-10,-6,7,1,-1,2,1,-1,3,2,-1,3,2,-1,1,0,0,-5,-10,-3,-4,7,0,0,-1,-1,-1,-1,-1,4,-1
KR_6655122885,420,-4,-106,-22,-17,-6,8,2,-6,8,2,0,0,0,-5,6,1,0,0,0,0,-6,37,4,-5,1,-2,0,-2,-1,-1,-1,1,6,-1
KR_6714307961,420,-3,-14,-16,-4,-1,1,0,5,2,7,-5,6,1,-3,4,1,0,5,5,0,2,-6,-4,-2,6,4,0,0,-1,-1,0,-1,4,-1
KR_6703224267,420,-2,-35,6,-4,-2,2,0,1,2,3,-4,6,2,0,1,1,1,1,2,-1,-1,-1,-1,-5,6,-4,0,-1,-1,-1,-1,-1,5,-1
KR_6718125010,440,-1,14,-10,-3,-3,4,1,0,2,2,-1,1,0,1,3,4,0,0,0,0,-1,-231,-1,-1,2,1,0,0,1,-1,0,1,4,-1
KR_6709453303,420,-2,-20,16,-4,0,0,0,-2,4,2,2,0,2,-5,6,1,1,0,1,0,-1,1,0,-8,8,0,0,0,0,1,0,1,0,-1
KR_6731757684,440,-3,-32,-8,1,2,2,4,0,3,3,-2,2,0,2,2,4,-1,2,1,0,7,8,2,-5,3,-4,0,-2,1,1,-1,-1,6,-1
KR_6760819487,420,1,18,24,11,0,5,5,4,1,5,3,1,4,1,5,6,3,1,4,0,5,-18,2,-5,3,1,0,0,-1,-1,0,1,6,-1
KR_6727724616,440,4,36,28,2,1,0,1,4,0,4,2,2,4,-1,1,0,-4,5,1,0,0,-6,-2,-3,5,4,0,-1,-1,1,-1,-1,4,-1
KR_6743088354,420,0,-27,0,1,1,2,3,0,3,3,2,2,4,-2,2,0,0,0,0,0,-3,-19,-3,-4,7,-6,0,0,0,0,0,-1,0,-1
KR_6760558990,420,1,-2,-36,0,1,1,2,-3,4,1,1,2,3,0,2,2,1,0,1,0,-5,63,0,-3,3,-2,0,0,0,0,0,1,0,-1
KR_6757986981,420,2,22,30,-5,-4,4,0,-2,2,0,1,1,2,2,2,4,-2,3,1,0,-4,23,-1,-6,7,-5,0,0,1,1,0,1,1,-1
KR_6602338579,420,0,-19,15,-2,3,0,3,0,3,3,-4,6,2,-6,7,1,5,0,5,-1,-4,-2,-3,-4,7,4,0,-1,-1,-1,-1,-1,4,-1
KR_6696106561,420,1,32,-20,8,3,0,3,8,1,9,-2,5,3,0,1,1,-1,1,0,1,10,0,2,-5,3,7,0,1,-1,1,1,1,4,-1
KR_6759432162,420,3,44,-18,4,2,2,4,4,1,5,-4,4,0,2,5,7,0,0,0,0,4,3,5,-8,3,1,0,1,1,0,1,1,1,-1
KR_6764136676,420,-2,-48,-22,-5,-1,1,0,-1,1,0,1,2,3,-3,4,1,-1,1,0,0,-2,59,-3,-1,4,-3,0,-1,1,0,-1,-1,6,-1
KR_6751298230,440,0,-3,6,-1,-4,4,0,2,0,2,-2,2,0,0,0,0,3,0,3,0,2,0,4,-9,5,0,0,0,-1,-1,0,1,3,-1
KR_6748327785,420,1,-7,20,3,2,1,3,-2,5,3,4,0,4,-4,6,2,3,1,4,1,11,4,-4,-7,11,4,0,0,1,1,0,1,5,-1
KR_6755299909,440,2,76,-16,7,0,1,1,6,1,7,2,1,3,0,2,2,-1,3,2,1,9,1,-2,-2,4,0,0,1,1,1,1,1,6,-1
KR_6633468502,420,-1,-15,9,-6,-3,3,0,0,1,1,1,5,6,-7,10,3,3,1,4,0,-10,-1,-8,-1,9,4,0,-1,-1,0,-1,-1,4,-1
KR_6683332907,420,0,48,-16,-3,0,1,1,-4,5,1,4,1,5,-2,2,0,-1,1,0,0,-5,78,1,-4,3,-25,0,0,1,-1,0,1,3,-1
KR_6719478031,420,-3,-28,-20,-8,-2,2,0,2,1,3,-1,6,5,-5,8,3,-2,3,1,-3,-15,-107,6,-9,3,-4,0,-2,-1,-1,-1,-1,1,-1
KR_6714134519,420,-3,-57,-24,-6,-3,3,0,-2,6,4,-1,4,3,1,4,5,-1,1,0,-2,-8,-41,-6,-3,9,7,0,-1,-1,-1,-1,-1,6,-1
KR_6736701969,420,-1,-26,-8,-1,0,0,0,-1,5,4,-3,3,0,2,3,5,1,3,4,0,2,-1,0,-3,3,-6,0,-1,-1,0,-1,-1,3,-1
KR_6763061010,420,0,-11,-2,2,-5,5,0,2,3,5,5,0,5,1,1,2,-1,4,3,0,2,-111,-5,-1,6,0,0,-1,-1,-1,-1,1,6,-1
KR_6744785371,420,-1,-51,-34,-3,-2,4,2,-6,7,1,5,0,5,-3,5,2,3,1,4,0,-11,6,-2,-1,3,-3,0,-1,-1,-1,-1,-1,4,-1
KR_6471826618,420,-4,-70,-17,-9,-6,6,0,-1,2,1,-1,2,1,-1,3,2,0,1,1,1,0,-19,1,-6,5,-6,0,-1,0,-1,-1,1,0,-1
KR_6762629335,420,-1,19,8,-4,-2,4,2,3,1,4,-4,6,2,0,6,6,-1,2,1,-1,-8,-5,1,-5,4,-3,0,0,-1,0,0,1,3,-1
KR_6722000591,420,-2,37,12,-3,-2,3,1,-2,6,4,2,1,3,3,3,6,-4,5,1,1,-4,-2,1,-4,3,-2,0,-1,1,1,-1,1,1,-1
KR_6755216585,420,4,-10,6,12,2,1,3,5,1,6,1,2,3,4,0,4,0,1,1,0,12,11,0,-3,3,2,0,0,1,-1,0,-1,6,-1
KR_6692543982,420,2,-31,-2,-1,2,0,2,2,1,3,-2,3,1,-2,6,4,-1,2,1,0,3,1,1,-7,6,-3,0,-1,1,-1,-1,1,2,-1
KR_6726526860,420,-4,-53,3,-6,-2,2,0,-6,6,0,2,0,2,-4,4,0,4,0,4,0,-11,8,0,-5,5,0,0,1,1,-1,-1,1,1,-1
KR_6494260296,420,-2,-56,-15,-7,-2,4,2,1,1,2,4,1,5,-6,6,0,-4,4,0,0,-9,188,0,-4,4,-2,0,0,1,-1,0,-1,2,-1
KR_6745780583,420,-4,-87,-5,-6,-1,2,1,-3,4,1,0,3,3,-4,5,1,2,0,2,0,-2,0,-1,-4,5,-3,0,-2,-1,-1,-1,-1,1,-1
KR_6731816735,440,7,62,70,17,4,0,4,4,3,7,5,4,9,2,3,5,2,0,2,0,27,44,1,-3,2,-17,0,1,-1,1,1,1,3,-1
KR_6764170353,420,-5,-37,0,-11,-1,3,2,-6,6,0,-3,6,3,-2,3,1,1,0,1,0,-2,8,4,-7,3,-7,0,-2,1,-1,-1,-1,6,-1
KR_6760628589,420,-2,-52,-19,-6,2,0,2,-2,3,1,-2,3,1,-1,3,2,-3,5,2,0,-12,2,1,-5,4,-7,0,-2,-1,-1,-1,-1,2,-1
KR_6753624345,420,3,-14,-15,7,-2,2,0,1,0,1,5,0,5,1,2,3,2,0,2,0,13,1,-3,-1,4,2,0,0,-1,-1,0,1,4,-1
KR_6675058492,420,-1,46,-16,-5,-1,2,1,-5,7,2,-1,4,3,3,2,5,-1,2,1,1,-10,0,4,-7,3,-8,0,2,1,1,1,1,1,-1
KR_6626921111,420,-4,-82,-16,-10,-3,3,0,0,5,5,-3,3,0,-3,5,2,-1,4,3,0,3,40,3,-6,3,-20,0,-1,-1,1,-1,1,3,-1
KR_6712840688,420,-3,-30,-6,-3,1,0,1,0,3,3,1,2,3,-4,6,2,-1,2,1,0,-4,-7,1,-4,3,-1,0,-2,-1,-1,-1,1,6,-1
KR_6751762140,420,0,-18,8,0,2,0,2,0,0,0,-4,6,2,1,1,2,1,1,2,0,-1,-5,-4,-1,5,3,0,-1,1,-1,-1,-1,4,-1
KR_6760982962,420,-1,-17,-12,-1,0,3,3,-3,4,1,3,0,3,-1,2,1,0,0,0,0,-2,28,1,-4,3,-4,0,-2,-1,1,-1,-1,1,-1
KR_6664376787,420,-3,-83,-22,-10,-4,4,0,2,1,3,-1,2,1,-7,8,1,0,1,1,0,-10,5,4,-9,5,-1,0,-1,-1,1,-1,1,1,-1
KR_6633391364,420,-5,-59,-44,-9,-4,5,1,1,3,4,3,3,6,-8,8,0,-1,1,0,-2,-7,-4,1,-4,3,-5,0,-3,-1,1,-1,-1,5,-1
KR_6686678237,420,-4,18,-36,-7,-1,1,0,-1,5,4,-2,3,1,-2,5,3,-1,1,0,0,-8,12,-1,-6,7,1,0,0,-1,1,0,-1,2,-1
KR_6761052905,420,0,-3,-24,-3,-1,2,1,1,3,4,-2,4,2,3,1,4,-4,4,0,2,2,-8,1,-6,5,0,0,0,-1,-1,0,1,6,-1
KR_6645235406,420,2,-24,0,8,3,1,4,8,2,10,-1,4,3,-5,5,0,3,0,3,0,9,5,4,-8,4,3,0,0,-1,-1,0,1,2,-1
KR_6545524206,420,-4,-47,-20,-18,-2,4,2,-3,4,1,-6,7,1,-5,8,3,-2,2,0,0,-26,-6,0,-6,6,-8,0,-3,-1,-1,-1,1,4,-1
KR_6752877748,440,-1,-31,11,-5,-7,7,0,2,2,4,5,1,6,-8,9,1,3,2,5,-1,0,-6,-2,-2,4,1,0,0,1,-1,-1,-1,4,-1
KR_6760431229,440,-1,21,8,-9,2,1,3,-2,2,0,-4,5,1,-1,5,4,-4,6,2,-1,-8,-1,-6,-3,9,0,0,0,-1,0,0,-1,5,-1
KR_6755424831,420,0,-62,-15,1,-3,4,1,2,2,4,-1,2,1,4,1,5,-1,2,1,0,4,-14,-3,-1,4,2,0,0,-1,-1,-1,-1,1,-1
KR_6709266823,420,-4,-19,8,-5,0,2,2,-1,1,0,-1,1,0,-1,5,4,-2,3,1,0,-6,2,5,-8,3,-2,0,-1,1,-1,-1,1,5,-1
KR_6754384410,420,1,-21,-36,5,3,0,3,1,7,8,2,2,4,1,2,3,-2,2,0,0,0,98,0,-6,6,3,0,0,-1,0,0,-1,4,-1
KR_6762526967,440,-1,-16,11,0,1,2,3,-1,1,0,0,2,2,0,0,0,0,1,1,0,6,-2,0,-5,5,1,0,-1,-1,0,-1,1,3,-1
KR_6762109983,420,-2,32,-20,-6,0,1,1,-9,10,1,-9,10,1,11,1,12,1,3,4,1,-1,-342,-1,-4,5,0,0,0,-1,-1,1,1,4,-1
KR_6658923392,420,0,-21,26,-6,-1,1,0,-2,6,4,-4,7,3,1,1,2,0,1,1,-1,-8,5,0,-7,7,-6,0,-1,-1,-1,-1,-1,5,-1
KR_6626832027,420,-2,-31,8,-4,0,0,0,3,0,3,2,2,4,-7,8,1,-2,2,0,0,-4,37,-4,-3,7,-22,0,0,-1,1,0,-1,6,-1
KR_6746346486,420,-1,-17,12,-5,1,0,1,3,1,4,0,3,3,-11,12,1,2,0,2,0,-5,-14,2,-5,3,1,0,-2,-1,1,-1,-1,2,-1
KR_6657423280,420,0,13,5,-2,-1,3,2,2,3,5,3,2,5,-4,4,0,-2,2,0,0,-6,-4,-5,-4,9,-4,0,-1,-1,-1,-1,1,1,-1
KR_6758828371,420,-2,4,-20,6,1,2,3,3,3,6,-1,2,1,3,2,5,0,1,1,0,6,16,2,-6,4,1,0,1,1,1,1,1,1,-1
KR_6675271749,420,-2,-71,12,-5,-6,6,0,1,1,2,0,3,3,0,1,1,0,0,0,0,0,-3,-1,-4,5,1,0,-1,-1,-1,-1,1,2,-1
KR_6645563140,420,0,-15,-12,-1,-1,3,2,-4,7,3,1,0,1,1,0,1,2,0,2,0,1,0,3,-4,1,1,0,1,-1,0,1,1,3,-1
KR_6734576744,420,-2,-7,-24,-12,-5,5,0,-8,12,4,-3,4,1,3,1,4,1,0,1,0,-10,-5,1,-5,4,1,0,-2,-1,-1,-1,-1,4,-1
KR_6727669128,420,-6,-46,-1,-11,-1,1,0,0,3,3,-6,6,0,-3,5,2,-1,1,0,0,-11,-1,2,-5,3,-2,0,-2,1,-1,-1,-1,4,-1
KR_6763361129,420,-4,-47,-32,-4,-1,4,3,-2,2,0,0,1,1,-3,4,1,2,0,2,0,-6,260,7,-9,2,-6,0,1,-1,0,1,1,6,-1
KR_6746346198,420,-4,-43,22,-13,2,0,2,-2,2,0,-5,5,0,-7,7,0,-1,1,0,0,-13,-4,1,-8,7,-4,0,0,1,1,-1,-1,4,-1
KR_6747661722,420,-1,55,-5,-2,-1,1,0,-1,3,2,1,2,3,-2,3,1,1,0,1,-1,-5,6,1,-4,3,-8,0,0,1,0,0,-1,1,-1
KR_6745035401,420,2,26,-18,2,0,1,1,-3,4,1,2,2,4,3,3,6,0,2,2,-1,-2,3,2,-3,1,3,0,1,1,0,1,-1,6,-1
KR_6604889216,420,2,85,9,2,1,2,3,1,2,3,2,1,3,-3,4,1,1,0,1,0,-2,8,0,-7,7,-2,0,0,1,-1,0,1,5,-1
KR_6670069684,420,0,-18,-21,-5,2,1,3,0,4,4,-1,1,0,-6,6,0,0,0,0,0,-11,-29,-2,-3,5,3,0,0,-1,-1,-1,-1,6,-1
KR_6732578016,420,-2,-17,-44,-11,-2,3,1,-5,6,1,-1,2,1,-3,3,0,0,0,0,0,-7,3,-3,-1,4,1,0,-1,-1,-1,-1,-1,3,-1
KR_6660347930,440,-3,6,-21,-4,6,1,7,-3,5,2,-2,3,1,-5,6,1,0,0,0,0,0,-4,1,-3,2,0,0,-2,1,-1,-1,1,2,-1
KR_6761435215,420,-2,-3,-8,-4,-5,5,0,0,1,1,-1,2,1,2,5,7,0,1,1,0,-8,17,3,-5,2,1,0,1,1,1,1,1,2,-1
KR_6722685384,420,-5,-67,6,-13,2,2,4,-8,9,1,-2,6,4,-2,2,0,-3,3,0,0,-18,-16,-6,0,6,2,0,0,-1,1,-1,1,5,-1
KR_6760610491,440,-1,29,9,-5,-1,2,1,-3,3,0,5,0,5,-4,7,3,-2,3,1,-1,-15,315,5,-6,1,-3,0,-1,-1,1,-1,-1,5,-1
KR_6667724109,440,-1,8,-17,-7,-3,5,2,1,2,3,-1,3,2,-1,1,0,-3,4,1,0,-8,-9,-4,-4,8,-2,0,1,-1,1,1,-1,1,-1
KR_6667662576,420,-2,-116,15,-3,-2,4,2,-3,6,3,-2,4,2,2,0,2,2,0,2,0,-1,-9,-5,-4,9,1,0,-1,-1,-1,-1,1,3,-1
KR_6761955202,420,-3,-88,-6,-2,-1,1,0,0,1,1,-3,3,0,0,0,0,2,2,4,0,-3,-7,3,-5,2,-1,0,0,1,-1,0,-1,2,-1
KR_6668728359,420,3,4,19,2,3,1,4,-1,4,3,0,2,2,0,3,3,0,3,3,1,4,4,5,-9,4,-1,0,0,1,1,0,1,1,-1
KR_6632707595,420,0,-1,8,-1,-1,2,1,-1,3,2,0,2,2,1,5,6,0,0,0,0,-7,-21,-3,-5,8,1,0,0,-1,1,0,-1,1,-1
KR_6216388659,420,-1,-25,-8,-2,3,0,3,0,2,2,-7,8,1,1,0,1,1,0,1,0,-4,10,2,-4,2,6,0,-1,-1,-1,-1,-1,4,-1
KR_6758040227,420,0,-60,-15,0,1,1,2,-1,5,4,2,0,2,-1,2,1,-1,1,0,0,-5,-8,1,-5,4,5,0,-1,-1,-1,-1,1,1,-1
KR_6676453627,420,-3,-80,6,2,-6,7,1,3,2,5,0,0,0,5,1,6,0,1,1,-1,14,-11,7,-9,2,-2,0,-2,1,0,-1,-1,4,-1
KR_6724364097,420,-1,-22,5,-2,-3,5,2,1,1,2,1,0,1,0,2,2,-1,1,0,1,-1,-5,-5,-3,8,2,0,-1,1,1,-1,1,2,-1
KR_6715753248,420,-6,-120,-18,-16,-5,5,0,-1,1,0,-5,6,1,-6,7,1,1,1,2,-1,-10,19,5,-8,3,-7,0,-3,0,-1,-1,-1,0,-1
KR_6743324879,420,-3,-33,4,-6,1,2,3,-4,5,1,1,2,3,-5,7,2,1,2,3,0,-12,49,6,-10,4,-24,0,0,1,-1,1,1,1,-1
KR_6761974268,420,1,10,12,3,4,1,5,0,1,1,3,1,4,-4,6,2,0,0,0,0,-2,1,0,-3,3,2,0,0,1,1,1,1,1,-1
KR_6703679237,440,-1,9,-36,0,-1,4,3,7,0,7,-8,8,0,-1,3,2,3,3,6,1,4,0,-2,-4,6,-1,0,1,-1,1,1,1,2,-1
KR_6531342145,420,0,-24,-16,-1,-1,1,0,3,1,4,0,2,2,-1,5,4,-2,2,0,-1,3,-195,-4,-2,6,3,0,-1,-1,1,-1,-1,2,-1
KR_6736442549,420,-1,-13,-7,-1,0,4,4,0,2,2,1,0,1,0,2,2,-2,3,1,0,-2,-64,-2,-2,4,19,0,-1,-1,-1,-1,-1,4,-1
KR_6693484352,420,2,-11,49,2,0,1,1,-8,9,1,2,1,3,2,1,3,6,0,6,0,-9,-131,3,-6,3,-8,0,1,1,1,1,1,5,-1
KR_6705554228,420,0,-25,31,2,-4,4,0,3,0,3,3,1,4,0,2,2,0,0,0,0,0,-2,-1,-3,4,1,0,1,-1,1,1,1,5,-1
KR_6621647226,420,-6,-18,-8,-14,0,3,3,-5,6,1,-3,4,1,-5,6,1,-1,1,0,0,-11,1,0,-6,6,-4,0,1,-1,1,1,1,3,-1
KR_6716661313,420,-4,-76,-3,-8,-1,2,1,-1,1,0,-5,5,0,-1,1,0,0,1,1,0,-7,-18,-2,-1,3,-2,0,0,-1,1,0,-1,1,-1
KR_6760871582,420,-1,-54,1,-6,-2,3,1,2,3,5,-3,4,1,-3,7,4,0,2,2,0,-6,18,-2,-2,4,4,0,0,-1,1,0,1,6,-1
KR_6629777851,420,-1,-12,-4,-3,-3,3,0,2,1,3,-5,6,1,3,4,7,0,2,2,1,6,1,-3,-2,5,-2,0,0,-1,0,1,1,1,-1
KR_6762436764,420,-5,-53,-22,-10,-6,6,0,-3,4,1,1,2,3,-4,5,1,2,1,3,0,-8,-313,0,-7,7,1,0,-1,-1,1,-1,1,6,-1
KR_6506486095,420,-2,-26,-8,-5,1,0,1,1,5,6,0,2,2,-4,7,3,-3,4,1,0,-3,99,-1,-4,5,-1,0,0,1,1,-1,-1,1,-1
KR_6146651780,420,-3,-9,-32,-6,-1,2,1,3,1,4,-6,7,1,-3,4,1,1,0,1,0,-14,12,-6,-2,8,-2,0,-1,-1,-1,-1,1,2,-1
KR_6761723800,420,0,28,-4,-9,-6,7,1,1,2,3,-2,5,3,-2,7,5,0,2,2,-3,-20,-6,-5,-1,6,0,0,0,-1,-1,0,-1,2,-1
KR_6763753610,420,-7,-26,7,-7,0,1,1,-3,4,1,-2,6,4,-3,5,2,1,0,1,0,-3,-303,2,-3,1,3,0,-1,1,-1,-1,-1,6,-1
KR_6633314891,420,-7,-140,-40,-12,-3,5,2,-4,7,3,-1,2,1,-3,4,1,-1,2,1,1,-10,-6,-1,-3,4,-3,0,0,-1,1,-1,1,5,-1
KR_6756768705,420,-3,-62,20,-5,-5,5,0,-2,2,0,4,1,5,0,2,2,-2,3,1,0,-4,-7,-3,-1,4,1,0,-1,-1,1,-1,1,6,-1
KR_6592895165,420,-2,-79,-40,-1,-1,1,0,-3,6,3,-1,3,2,4,1,5,0,1,1,0,-2,5,-3,-2,5,-3,0,0,1,1,1,1,3,-1
KR_6670121341,420,-7,-65,-9,-11,-2,4,2,-6,6,0,-2,4,2,0,1,1,-1,2,1,-1,-5,-2,3,-8,5,-1,0,-2,-1,1,-1,-1,6,-1
KR_6762546707,420,2,53,-32,7,2,0,2,1,5,6,-1,3,2,4,1,5,1,0,1,0,7,5,5,-11,6,-3,0,1,1,-1,1,-1,5,-1
KR_6725282869,420,2,-34,36,5,4,0,4,-2,3,1,5,2,7,-1,3,2,-1,1,0,0,-4,28,-2,-3,5,3,0,1,-1,1,1,1,5,-1
KR_6728545643,420,-6,-93,-15,-14,1,2,3,-10,10,0,-3,5,2,-2,4,2,0,1,1,0,-18,8,1,-8,7,-8,0,-3,-1,0,-1,-1,2,-1
KR_6737869239,440,0,41,16,-6,2,0,2,-3,5,2,2,0,2,-5,5,0,-2,2,0,0,-5,8,1,-4,3,-4,0,1,1,1,1,-1,2,-1
KR_6733638721,420,0,-83,14,-1,1,2,3,3,1,4,-1,1,0,-4,5,1,0,2,2,0,-7,-1,-2,-4,6,-3,0,-1,1,-1,-1,-1,6,-1
KR_6752092372,420,0,2,-20,3,-1,3,2,2,1,3,-1,6,5,3,1,4,0,1,1,0,9,16,0,-3,3,-2,0,0,1,-1,-1,1,1,-1
KR_6753900098,420,-3,35,9,-5,-2,4,2,-9,9,0,4,1,5,3,0,3,-1,1,0,0,0,-8,2,-6,4,2,0,1,1,1,1,1,3,-1
KR_6748193143,420,-3,16,-24,-6,-2,4,2,-3,3,0,-1,2,1,2,0,2,-2,3,1,0,-5,1,1,-5,4,3,0,0,0,-1,1,-1,0,-1
KR_6760645656,420,-2,6,27,-8,-2,2,0,-1,2,1,4,0,4,-9,9,0,0,2,2,0,-16,8,0,-4,4,0,0,-1,-1,-1,-1,-1,3,-1
KR_6682937656,420,1,7,16,-2,4,3,7,-1,5,4,-5,6,1,4,1,5,-4,4,0,0,10,1,6,-9,3,3,0,0,1,1,0,1,2,-1
KR_6679799642,420,-1,36,1,-1,1,3,4,1,2,3,0,4,4,-3,3,0,0,0,0,0,1,11,0,-4,4,-2,0,0,-1,-1,0,1,3,-1
KR_6723063385,420,-4,-56,-19,-11,-4,4,0,-3,6,3,-4,5,1,0,3,3,0,0,0,0,-11,63,-2,-1,3,-27,0,-1,-1,-1,-1,-1,2,-1
KR_6745885002,420,-1,18,8,0,1,1,2,0,2,2,0,4,4,-2,3,1,1,0,1,0,-10,13,0,-6,6,2,0,0,-1,-1,0,1,5,-1
KR_6719660904,420,0,-1,-22,-7,-3,3,0,4,2,6,-2,3,1,-7,8,1,1,0,1,-1,-9,4,-3,-3,6,0,0,0,-1,-1,-1,-1,3,-1
KR_6612836191,420,-4,-32,22,-14,-6,6,0,-1,4,3,-2,3,1,-5,5,0,0,2,2,-2,-14,-1,-1,-3,4,-1,0,-1,-1,0,-1,-1,5,-1
KR_6759410871,420,0,-54,19,-1,-7,7,0,3,2,5,-2,3,1,3,2,5,2,1,3,-1,5,7,-3,-5,8,-4,0,-2,1,-1,-1,-1,1,-1
KR_6673102305,420,-3,-52,-6,-4,2,0,2,-1,4,3,-2,3,1,-2,5,3,-1,2,1,0,-4,-18,-7,0,7,4,0,-1,0,0,-1,-1,0,-1
KR_6745928686,420,2,-62,21,5,-1,2,1,1,2,3,-1,1,0,6,2,8,0,0,0,1,2,1,0,-4,4,2,0,0,-1,1,1,1,6,-1
KR_6758331910,420,4,97,44,4,7,3,10,-3,4,1,-1,5,4,0,0,0,1,0,1,0,0,-4,-4,-5,9,3,0,1,0,0,1,1,0,-1
KR_6761285588,420,-5,-97,-4,-8,-1,2,1,-2,2,0,-3,4,1,-1,2,1,-1,1,0,1,-8,-10,-3,-2,5,-1,0,-2,-1,-1,-1,1,4,-1
KR_6724107931,420,1,13,6,1,-3,3,0,2,0,2,2,1,3,0,2,2,0,1,1,0,1,-107,1,-3,2,0,0,0,1,1,1,1,2,-1
KR_6750139057,420,-2,-23,-8,-9,0,1,1,-3,3,0,-1,2,1,-1,4,3,-4,4,0,0,-11,-20,-6,-2,8,-5,0,1,0,0,-1,-1,0,-1
KR_6759937894,440,4,-33,61,3,1,3,4,1,3,4,2,2,4,-2,2,0,1,1,2,1,5,133,0,-2,2,3,0,1,1,1,1,1,6,-1
KR_6762854509,420,-3,-81,11,-9,-4,4,0,-2,4,2,1,2,3,0,1,1,-4,5,1,0,-2,-5,0,-6,6,0,0,-1,-1,-1,-1,-1,6,-1
KR_6745419355,420,0,16,4,-3,1,0,1,-3,5,2,1,1,2,-5,7,2,3,0,3,0,-6,-22,-4,-1,5,-2,0,0,0,-1,1,-1,0,-1
KR_6657912135,420,-1,-7,8,-3,-2,2,0,1,3,4,-2,3,1,1,2,3,-1,2,1,-1,-2,18,2,-6,4,-7,0,0,1,1,1,-1,1,-1
KR_6612880473,420,-4,-61,-8,-6,0,1,1,3,1,4,0,1,1,-5,5,0,-4,4,0,0,-9,-1,-2,-5,7,2,0,0,-1,-1,-1,-1,5,-1
KR_6708220663,420,-2,-58,-40,-1,-4,4,0,0,2,2,2,2,4,1,2,3,0,2,2,0,7,-12,-1,-2,3,3,0,-2,1,1,-1,-1,1,-1
KR_6593643634,420,-5,24,-28,-16,-4,5,1,-1,5,4,-1,2,1,-7,8,1,-3,5,2,0,-17,235,-6,-3,9,-1,0,0,-1,-1,-1,1,6,-1
KR_6749520698,420,-1,-55,-31,-2,-2,4,2,4,0,4,-6,6,0,1,1,2,1,0,1,0,7,-4,1,-7,6,1,0,-1,1,-1,-1,-1,5,-1
KR_6736487102,420,-3,-9,3,0,3,1,4,-3,4,1,-2,4,2,-3,3,0,5,0,5,1,-4,-23,1,-4,3,-2,0,1,1,1,-1,1,4,-1
KR_6731012570,420,-1,-39,14,-5,5,1,6,-2,4,2,-4,6,2,-4,5,1,0,0,0,0,-15,5,-4,-3,7,-5,0,-1,-1,-1,-1,-1,1,-1
KR_6568620829,420,-2,-76,-3,-5,0,2,2,3,0,3,-4,7,3,-5,5,0,1,0,1,0,-1,64,4,-7,3,-4,0,-2,-1,-1,-1,-1,5,-1
KR_6629226980,420,-5,-62,28,-15,-6,7,1,-2,3,1,0,2,2,-5,7,2,-2,3,1,-1,-22,-5,-4,-2,6,-7,0,-3,-1,-1,-1,-1,6,-1
KR_6761296861,420,-3,-11,-12,-12,1,0,1,-4,6,2,-8,8,0,-2,3,1,1,3,4,-1,-11,-3,-6,-4,10,-1,0,-3,-1,-1,-1,-1,4,-1
KR_6546391218,420,-4,-25,-22,-1,-2,4,2,-6,7,1,0,2,2,6,1,7,1,0,1,0,-3,-1,-3,-5,8,-3,0,0,0,-1,-1,-1,0,-1
KR_6763285423,420,0,7,16,5,2,1,3,3,1,4,-1,1,0,3,2,5,-2,2,0,0,5,145,1,-6,5,1,0,-1,1,-1,-1,-1,4,-1
KR_6730197796,420,5,73,12,8,-2,4,2,-1,3,2,3,1,4,5,0,5,3,0,3,0,9,-90,-1,-3,4,0,0,0,-1,1,-1,1,2,-1
KR_6738732493,420,1,11,-9,-5,1,1,2,-1,3,2,-3,5,2,-2,6,4,0,1,1,0,-5,-10,-4,-1,5,2,0,-1,1,-1,-1,-1,5,-1
KR_6660552702,420,-5,-22,3,-12,-1,1,0,-4,5,1,3,0,3,-10,10,0,0,2,2,-1,-15,132,1,-2,1,-2,-1,-4,-1,-1,-1,-1,3,-1
KR_6761060403,420,-2,-16,-11,-9,-1,3,2,-2,4,2,-6,6,0,-3,4,1,3,1,4,-1,-15,4,0,-4,4,-2,0,1,1,1,1,-1,4,-1
KR_6497303589,440,0,79,3,4,1,3,4,4,1,5,1,0,1,0,1,1,-2,3,1,1,2,38,-2,-2,4,-14,0,2,0,1,1,1,0,-1
KR_6691851930,440,-2,-47,-24,-3,-3,6,3,3,1,4,-4,5,1,3,0,3,-2,2,0,0,-2,23,2,-4,2,-1,0,-2,1,0,-1,-1,6,-1
KR_6691805864,440,-5,42,-38,-13,1,1,2,-2,2,0,-5,7,2,-1,1,0,-6,7,1,0,-22,-2,-1,-2,3,1,0,0,1,-1,-1,1,1,-1
KR_6745278300,420,-3,18,-36,-2,-4,4,0,-2,3,1,2,1,3,1,2,3,1,0,1,0,3,21,-5,-4,9,3,0,0,-1,-1,0,1,1,-1
KR_6719851150,420,3,-1,-11,4,-1,5,4,0,4,4,1,1,2,4,0,4,0,1,1,0,7,2,1,-5,4,5,0,0,1,-1,0,-1,4,-1
KR_6716486878,420,-6,-143,0,1,2,0,2,-1,3,2,4,1,5,-2,3,1,-2,2,0,0,1,-12,0,-1,1,1,-1,-8,-1,-1,-1,1,5,-1
KR_6761239372,420,-4,-12,-48,-4,2,1,3,-1,1,0,-3,3,0,-1,1,0,-1,1,0,0,-4,-7,2,-4,2,-2,0,0,1,-1,1,-1,3,-1
KR_6421487373,420,-11,-102,-11,-20,-3,3,0,-5,6,1,-6,7,1,-4,4,0,-2,3,1,-1,-18,2,-1,-2,3,-4,-1,-7,0,-1,-1,-1,0,-1
KR_6698389418,420,-1,-72,24,-3,-2,2,0,0,1,1,-1,2,1,-2,3,1,2,0,2,0,-4,27,-3,-3,6,-4,0,0,1,1,0,-1,6,-1
KR_6660154430,440,1,-39,-18,9,1,1,2,-4,6,2,3,3,6,6,2,8,3,0,3,0,15,-1,-2,-6,8,0,0,-2,0,-1,-1,-1,0,-1
KR_6694280080,420,-2,-28,-43,2,-1,2,1,1,0,1,-1,3,2,3,1,4,0,2,2,0,4,2,1,-7,6,0,0,1,-1,-1,1,1,2,-1
KR_6760127889,420,-3,-42,-20,-6,-3,3,0,-7,7,0,3,2,5,0,3,3,1,0,1,0,-5,-2,1,-5,4,-7,0,0,-1,0,-1,-1,4,-1
KR_6646464296,440,2,23,-8,11,0,0,0,4,0,4,5,0,5,1,3,4,1,2,3,0,6,5,0,-4,4,0,0,1,-1,1,1,1,1,-1
KR_6569792192,420,-7,-70,-20,-16,-2,4,2,-1,3,2,-9,11,2,-2,2,0,-2,2,0,0,-6,2,5,-10,5,-4,0,-1,1,1,-1,-1,6,-1
KR_6756550130,420,-3,-79,4,-13,-3,5,2,1,2,3,-5,5,0,-3,4,1,-3,3,0,0,-10,-252,-1,-5,6,-2,0,-1,1,-1,-1,1,1,-1
KR_6735350240,420,-4,-25,-17,-10,-1,3,2,4,1,5,-3,5,2,-8,8,0,-2,2,0,1,-8,-20,-3,-4,7,0,0,0,-1,-1,0,1,2,-1
KR_6762646426,420,-3,-6,23,-2,-1,2,1,1,2,3,-3,4,1,-3,4,1,4,0,4,0,-1,13,0,-6,6,-5,0,0,1,1,0,-1,4,-1
KR_6730531364,420,1,13,8,-5,1,1,2,-3,5,2,-1,1,0,-1,3,2,-1,1,0,0,-8,-6,-2,-5,7,-3,0,0,-1,-1,0,1,3,-1
KR_6764126261,420,-3,12,-27,-7,1,3,4,-5,7,2,-3,5,2,1,2,3,-1,1,0,0,-7,209,-4,-3,7,-3,0,-1,-1,1,1,-1,1,-1
KR_6738876430,420,-1,43,-32,-5,1,2,3,-2,6,4,-1,2,1,-1,5,4,-2,2,0,-2,-14,13,3,-7,4,-2,0,0,1,-1,1,-1,4,-1
KR_6731086995,420,-1,-70,9,1,2,3,5,-1,6,5,0,2,2,-1,4,3,1,1,2,0,5,-1,-2,-2,4,2,0,1,1,-1,1,-1,5,-1
KR_6755060872,420,0,70,-16,-3,0,1,1,0,4,4,-2,4,2,-1,4,3,0,0,0,-1,-7,-2,-3,-2,5,-1,0,1,-1,1,1,-1,3,-1
KR_6735465606,420,-3,-30,-36,-11,-2,3,1,-4,4,0,-5,6,1,0,1,1,0,2,2,0,-7,-114,-2,-2,4,0,0,-2,-1,-1,-1,-1,5,-1
KR_6754264025,420,-1,-14,-23,-2,-3,5,2,-2,3,1,1,0,1,0,1,1,2,1,3,0,-1,-31,-3,-4,7,2,0,0,1,-1,1,1,4,-1
KR_6706247356,420,0,43,-27,-6,5,0,5,0,1,1,-5,7,2,-7,8,1,1,1,2,0,-11,-16,-3,-3,6,0,0,0,-1,-1,-1,-1,4,-1
KR_6753341764,420,4,20,-40,4,-1,3,2,5,1,6,5,0,5,-4,6,2,-1,1,0,0,6,-5,-5,-4,9,3,0,-1,0,1,-1,-1,0,-1
KR_6318908427,420,-3,-30,-35,-5,2,2,4,-4,7,3,1,1,2,-2,3,1,-2,4,2,0,-12,-6,0,-3,3,-2,0,-1,-1,1,-1,-1,1,-1
KR_6627485870,420,-2,10,-5,-4,2,0,2,-4,6,2,4,1,5,-6,6,0,0,0,0,0,-2,-1,-4,-3,7,0,0,0,-1,1,0,1,6,-1
KR_6758281120,420,-3,-88,0,-10,0,0,0,-4,5,1,3,2,5,-8,8,0,-1,1,0,0,-14,14,-5,0,5,3,0,-3,1,-1,-1,-1,5,-1
KR_6761850918,420,-3,-39,-12,-4,-2,2,0,2,2,4,-4,4,0,0,2,2,0,3,3,0,-6,402,0,-4,4,2,0,0,1,-1,0,1,4,-1
KR_6730857313,440,2,36,-20,2,2,0,2,1,6,7,1,2,3,-1,5,4,-1,3,2,-3,-3,4,1,-4,3,-2,0,1,1,0,1,-1,4,-1
KR_6608686197,420,0,-42,-11,-1,1,0,1,-2,4,2,0,2,2,-4,4,0,4,2,6,0,-5,4,5,-9,4,-4,0,-1,1,1,-1,-1,6,-1
KR_6705728586,420,-6,-72,-12,-11,-2,2,0,0,3,3,-3,5,2,-5,5,0,-1,3,2,-2,-16,-186,1,-6,5,-2,0,-1,-1,-1,-1,-1,4,-1
KR_6752588076,420,-7,-79,16,-19,-7,7,0,0,1,1,-7,7,0,-4,5,1,-1,1,0,0,-10,-10,-3,-2,5,4,0,0,-1,-1,-1,-1,6,-1
KR_6686420349,420,3,-24,14,2,0,3,3,-3,4,1,0,3,3,4,1,5,1,0,1,1,5,7,0,-4,4,-3,0,-1,1,1,-1,1,4,-1
KR_6573119064,420,0,-70,1,-4,1,1,2,-1,4,3,-2,5,3,-7,8,1,5,1,6,0,-12,-22,0,-2,2,3,0,-1,-1,-1,-1,-1,1,-1
KR_6761875077,420,-4,-79,-26,-4,-2,3,1,1,4,5,-4,8,4,-1,4,3,2,0,2,0,2,1,1,-2,1,1,0,-1,-1,-1,-1,1,2,-1
KR_6610187466,420,-2,-30,-5,-2,-5,5,0,-3,5,2,6,0,6,0,1,1,0,0,0,0,0,10,1,-5,4,-2,0,0,1,-1,0,-1,6,-1
KR_6764749112,420,-2,24,16,-4,0,1,1,-1,2,1,-3,5,2,-1,2,1,1,0,1,0,-8,-2,-3,-5,8,2,0,1,-1,1,1,1,4,-1
KR_6647692880,420,0,-10,13,-1,-1,1,0,-1,1,0,0,0,0,0,2,2,1,0,1,0,1,-116,-1,-5,6,-4,0,-1,-1,-1,-1,-1,6,-1
KR_6606351330,420,-7,-53,-40,-14,-2,2,0,-5,7,2,-2,4,2,0,3,3,-5,6,1,-1,-18,-45,-2,-4,6,23,0,-2,-1,-1,-1,-1,5,-1
KR_6697061885,420,-5,-49,-36,-11,-1,2,1,-3,5,2,-5,5,0,-2,4,2,0,1,1,-1,-13,-2,5,-7,2,0,0,-1,-1,0,-1,-1,1,-1
KR_6716447441,420,-2,41,-13,-4,-1,4,3,1,0,1,-1,3,2,0,3,3,-3,4,1,0,-6,6,4,-7,3,1,0,1,-1,0,1,1,2,-1
KR_6760816720,420,0,13,20,-14,-1,2,1,-2,3,1,-6,7,1,-6,8,2,1,0,1,0,-14,-6,-4,-3,7,-1,0,0,1,0,-1,-1,5,-1
KR_6756355600,420,-1,40,-12,1,-1,1,0,-6,7,1,0,4,4,6,3,9,2,2,4,2,0,-6,-4,-2,6,1,0,-1,0,0,-1,1,0,-1
KR_6583930195,420,-4,-105,-21,-15,-4,5,1,-4,5,1,3,0,3,-9,9,0,-1,1,0,0,-11,-19,-4,-2,6,-1,0,-3,-1,-1,-1,-1,2,-1
KR_6732204850,420,2,46,-31,3,1,1,2,0,2,2,2,1,3,1,2,3,-1,2,1,1,3,-37,2,-7,5,30,0,0,-1,1,0,1,4,-1
KR_6687492620,420,0,7,20,-2,-1,2,1,0,2,2,1,1,2,-1,3,2,-1,2,1,0,-7,-17,2,-9,7,4,0,0,-1,1,-1,-1,6,-1
KR_6712327810,420,-4,-9,-3,-10,-1,3,2,-1,3,2,-9,10,1,0,3,3,1,1,2,0,-15,-23,-4,-2,6,1,0,-1,1,-1,-1,-1,3,-1
KR_6761378491,420,2,5,31,-4,-3,5,2,1,0,1,0,1,1,-2,3,1,0,0,0,-1,-7,-61,2,-4,2,4,0,0,0,-1,0,-1,0,-1
KR_6660230258,420,-1,-72,17,-7,0,1,1,2,2,4,-6,6,0,-2,3,1,-1,1,0,0,-11,-2,-1,-1,2,1,0,-3,-1,-1,-1,-1,4,-1
KR_6717910560,420,-3,-4,-8,-8,3,1,4,-1,3,2,-10,10,0,1,4,5,-1,2,1,0,-17,-10,-1,-5,6,-2,0,0,-1,1,1,1,6,-1
KR_6667812062,420,1,78,-12,0,0,2,2,0,3,3,0,1,1,2,1,3,-2,2,0,0,-2,-13,-2,-2,4,1,0,-1,-1,1,-1,1,6,-1
KR_6760425546,420,-3,-12,-12,-8,0,1,1,-1,3,2,-3,4,1,-3,3,0,-1,1,0,0,-3,-2,2,-6,4,0,0,1,-1,1,1,-1,4,-1
KR_6758992055,420,-2,-32,-6,-8,4,1,5,5,1,6,-14,14,0,-4,5,1,1,0,1,-1,0,-8,-3,-4,7,-1,0,-1,-1,1,-1,-1,2,-1
KR_6749528514,440,-3,-43,-8,-9,-1,3,2,-2,2,0,1,1,2,-9,9,0,2,0,2,0,-7,6,2,-5,3,-6,0,0,0,-1,0,-1,0,-1
KR_6670114572,420,-4,-4,-32,-5,-2,3,1,1,2,3,0,1,1,-3,6,3,-1,1,0,1,0,-11,-2,-4,6,2,0,-1,-1,1,-1,1,3,-1
KR_6660097401,440,-2,-87,2,-6,-2,2,0,5,0,5,-1,2,1,-7,9,2,-1,1,0,0,-8,-10,-4,0,4,2,0,0,1,0,-1,-1,1,-1
KR_6753507770,420,-7,-92,-42,-10,-2,3,1,-4,6,2,2,0,2,-5,5,0,-1,1,0,1,-11,158,2,-7,5,-3,0,-4,-1,-1,-1,1,1,-1
KR_6706184035,420,-4,-64,5,-3,-1,4,3,4,0,4,2,1,3,0,2,2,-8,8,0,0,-3,-2,0,-4,4,1,0,0,1,-1,-1,-1,5,-1
KR_6717156927,420,-1,-37,0,-7,2,1,3,2,1,3,-4,9,5,-3,6,3,-4,5,1,0,-13,73,2,-5,3,-5,0,-2,1,-1,-1,1,1,-1
KR_6730459048,440,1,1,-7,2,4,0,4,4,1,5,1,2,3,-5,5,0,-2,3,1,0,-7,8,-2,-4,6,-2,0,2,-1,1,1,1,1,-1
KR_6698126349,420,-1,-1,-19,-3,3,1,4,-2,4,2,3,0,3,-5,5,0,-2,2,0,0,-8,-5,5,-9,4,-3,0,0,1,-1,1,1,3,-1
KR_6718928357,420,-3,-10,21,-10,-2,4,2,-2,4,2,2,0,2,-4,5,1,-4,4,0,0,-2,97,-6,-2,8,-3,0,1,-1,-1,1,-1,5,-1
KR_6639264280,440,-6,-107,-45,-13,-1,3,2,1,1,2,-5,5,0,-8,9,1,0,0,0,0,-13,200,-4,-1,5,-1,0,-2,-1,-1,-1,-1,1,-1
KR_6726687008,420,-1,-13,24,-4,-4,4,0,0,2,2,-1,2,1,0,2,2,1,1,2,0,5,-22,2,-6,4,2,0,-1,-1,-1,-1,-1,2,-1
KR_6729236763,420,-2,-67,11,-3,-2,2,0,-1,5,4,5,2,7,-5,6,1,0,2,2,-1,-7,-30,-7,-1,8,-1,0,-1,1,1,-1,-1,1,-1
KR_6676991787,420,-1,34,-20,-4,-1,4,3,-3,6,3,2,3,5,0,1,1,-2,2,0,0,-4,32,-2,-4,6,-5,0,0,-1,-1,-1,-1,3,-1
KR_6761213537,420,-3,-20,4,-5,-1,2,1,0,2,2,0,3,3,1,6,7,-5,6,1,0,-11,4,2,-6,4,1,0,-2,0,1,-1,-1,0,-1
KR_6675269948,420,-6,3,-15,-9,-1,1,0,-2,2,0,-2,3,1,-3,3,0,-1,1,0,0,-7,0,-3,-1,4,-3,0,-2,1,-1,-1,-1,1,-1
KR_6671233856,420,0,32,16,-4,3,0,3,-2,3,1,-1,2,1,-4,5,1,0,1,1,0,-7,-13,0,-6,6,-3,0,0,-1,1,1,1,4,-1
KR_6678458342,420,-2,-57,4,1,1,1,2,0,2,2,-1,4,3,3,1,4,-2,3,1,0,5,-104,-3,-2,5,-2,0,1,1,1,1,-1,1,-1
KR_6688935126,420,0,-49,8,4,-1,2,1,1,1,2,0,1,1,2,2,4,2,0,2,0,7,-39,-6,-3,9,15,0,0,1,-1,0,1,5,-1
KR_6709785863,420,-3,-29,-32,-5,-1,1,0,4,3,7,-6,6,0,-1,2,1,-1,2,1,-1,-11,-55,-6,-3,9,15,0,-1,-1,-1,-1,-1,3,-1
KR_6082587627,420,2,75,1,2,3,0,3,-2,3,1,8,1,9,-3,4,1,-4,4,0,0,-10,-10,-1,-2,3,1,0,-1,1,-1,-1,1,1,-1
KR_6649776491,420,-1,-10,-29,-8,2,1,3,1,0,1,0,0,0,-11,13,2,0,2,2,-1,-13,35,-1,-3,4,-19,0,0,-1,-1,-1,-1,1,-1
KR_6728957569,420,4,54,16,5,1,0,1,3,4,7,-2,3,1,1,2,3,2,0,2,0,13,29,1,-3,2,2,0,0,1,0,0,1,4,-1
KR_6629138609,420,-3,-25,-28,-2,-2,3,1,-3,3,0,0,4,4,2,2,4,1,1,2,1,-5,-2,-1,-5,6,3,0,-1,0,-1,-1,1,0,-1
KR_6764111024,420,-3,39,-23,-2,1,0,1,-3,7,4,-1,3,2,0,1,1,1,0,1,0,1,4,3,-7,4,5,0,0,-1,1,0,1,1,-1
KR_6759052600,420,-2,-99,-7,-3,2,2,4,-2,4,2,3,2,5,-3,5,2,-3,4,1,0,-8,-5,-1,-2,3,-2,0,0,-1,0,0,1,2,-1
KR_6662897768,420,0,-16,-36,-1,-2,6,4,0,2,2,3,1,4,-4,5,1,2,0,2,0,2,-10,-5,-6,11,-3,0,2,1,1,-1,-1,1,-1
KR_6748547888,420,-2,-31,-32,-4,0,1,1,6,1,7,1,1,2,-7,9,2,-4,4,0,0,-3,-176,-3,-1,4,0,0,-1,-1,-1,-1,-1,1,-1
KR_6758329626,420,-1,-77,8,-2,-5,6,1,2,1,3,-2,4,2,0,1,1,3,1,4,-1,2,-9,-2,-4,6,-2,0,-1,-1,-1,-1,-1,6,-1
KR_6759118725,420,-3,-7,-8,-5,-5,7,2,-1,2,1,2,3,5,0,3,3,-1,2,1,0,3,11,1,-5,4,0,0,-1,-1,-1,-1,-1,5,-1
KR_6712899356,420,0,-27,36,-2,0,0,0,2,2,4,1,1,2,-7,10,3,2,1,3,-1,-10,1,-2,-4,6,3,0,-1,1,-1,-1,-1,4,-1
KR_6589064414,420,-8,-60,-16,-16,-4,5,1,-3,6,3,-2,3,1,-7,7,0,0,0,0,0,-13,79,0,-3,3,-15,0,-2,-1,-1,-1,1,1,-1
KR_6686157864,420,-1,0,-21,-6,-1,1,0,3,2,5,-2,3,1,-2,4,2,-4,4,0,0,-7,38,1,-4,3,-4,0,-1,0,-1,-1,1,0,-1
KR_6686562096,420,-1,-4,20,1,1,1,2,-4,8,4,-2,2,0,5,0,5,1,1,2,0,2,-14,-3,-4,7,6,0,0,1,-1,0,1,6,-1
KR_6579363563,420,3,-4,39,3,2,0,2,-2,4,2,1,2,3,0,3,3,2,2,4,0,1,-7,2,-6,4,-3,0,-1,-1,0,-1,-1,5,-1
KR_6707499052,420,-3,-75,-8,-3,0,2,2,-2,5,3,-1,3,2,2,1,3,-2,5,3,0,1,89,0,-5,5,-6,0,0,-1,1,1,-1,3,-1
KR_6658217056,420,-4,-66,-1,-10,3,1,4,3,1,4,-7,7,0,-3,4,1,-6,7,1,-1,-9,-8,-4,-3,7,3,0,-2,-1,-1,-1,-1,6,-1
KR_6750986535,440,-3,-70,-13,-5,-2,3,1,-4,5,1,-2,2,0,2,3,5,1,0,1,0,-1,-12,-2,-7,9,-1,0,-1,-1,-1,-1,1,4,-1
KR_6539648445,420,-2,-50,-17,-6,-1,4,3,-4,9,5,1,0,1,-2,3,1,0,2,2,0,-5,-216,3,-9,6,0,0,0,1,-1,0,1,3,-1
KR_6750676740,420,2,33,12,2,2,1,3,4,2,6,-3,6,3,0,3,3,-1,1,0,-1,-4,-9,0,-8,8,5,0,0,-1,-1,-1,-1,5,-1
KR_6764322663,420,-2,-102,-4,-12,1,1,2,-4,8,4,5,0,5,-9,15,6,-5,5,0,-2,-15,-10,-2,-3,5,-1,0,-3,1,-1,-1,-1,4,-1
KR_6723861696,420,0,-19,42,-5,2,4,6,-1,3,2,-7,7,0,4,0,4,-3,3,0,0,-1,14,0,-4,4,-1,0,-1,1,1,-1,-1,2,-1
KR_6713453379,420,-5,-44,-6,-17,-1,3,2,-4,8,4,-4,5,1,-2,4,2,-6,6,0,-3,-13,-8,2,-4,2,-5,0,-2,-1,1,-1,1,5,-1
KR_6740430297,420,-1,-21,8,-8,2,1,3,-2,4,2,-7,7,0,-1,3,2,0,0,0,0,-3,1,-1,-2,3,-1,0,-1,-1,-1,-1,1,3,-1
KR_6728936597,420,-3,-26,-4,-6,-1,2,1,-9,9,0,-1,3,2,6,0,6,-1,1,0,0,-6,0,-2,-4,6,-1,0,0,-1,-1,-1,-1,4,-1
KR_6733088572,420,-1,-8,-30,7,1,0,1,6,2,8,0,2,2,-1,3,2,1,1,2,0,5,1,-2,-6,8,-1,0,0,-1,-1,0,-1,6,-1
KR_6751708743,420,0,-50,-12,-1,-1,1,0,0,3,3,-2,4,2,1,3,4,1,1,2,0,-1,41,1,-6,5,-21,0,-1,1,1,-1,-1,4,-1
KR_6762888647,420,-1,-28,-3,-4,0,3,3,0,4,4,-1,2,1,-3,4,1,0,0,0,0,-2,1,-1,-3,4,-5,0,0,-1,1,0,-1,2,-1
KR_6668991318,420,1,23,7,5,2,1,3,-2,5,3,3,0,3,2,5,7,0,1,1,0,8,344,3,-8,5,-6,0,2,-1,0,1,-1,3,-1
KR_6303878680,420,-2,0,4,-7,4,1,5,-6,10,4,-3,4,1,-1,2,1,-1,1,0,0,-4,17,9,-13,4,-4,0,0,1,-1,-1,-1,4,-1
KR_6627088600,420,-1,-27,4,-2,0,4,4,-1,4,3,3,0,3,-4,4,0,0,3,3,0,-10,-3,0,-5,5,-2,0,-2,1,1,1,-1,1,-1
KR_6757741651,420,-2,11,-49,-2,1,0,1,-5,6,1,2,1,3,0,3,3,0,1,1,0,-1,-18,-5,-1,6,4,0,0,-1,-1,0,1,3,-1
KR_6683570067,420,-2,-63,-24,-6,-2,2,0,-1,2,1,0,0,0,-2,4,2,-1,1,0,0,-5,172,-3,-1,4,2,0,-1,1,-1,-1,-1,3,-1
KR_6717196387,420,-2,-10,-16,-7,-5,5,0,-1,4,3,-4,5,1,-1,2,1,4,0,4,0,-15,-8,0,-6,6,2,0,0,-1,1,1,-1,4,-1
KR_6733198856,420,-5,-33,-16,-11,0,1,1,-1,1,0,-8,8,0,-2,3,1,0,0,0,0,-11,-3,0,-3,3,1,0,-1,-1,-1,-1,1,3,-1
KR_6434617029,420,-1,30,12,2,-3,4,1,-2,6,4,0,1,1,6,0,6,1,0,1,0,7,5,6,-9,3,5,0,1,1,-1,-1,1,6,-1
KR_6699531332,420,0,-77,12,-5,-7,7,0,-4,5,1,2,0,2,4,2,6,0,3,3,0,-3,8,-2,-2,4,-9,0,0,-1,-1,-1,1,4,-1
KR_6651823546,420,1,34,3,-3,-1,2,1,0,3,3,-2,2,0,1,3,4,-1,3,2,-2,-7,-1,3,-6,3,4,0,-1,1,1,-1,-1,6,-1
KR_6667401339,420,-2,-109,-28,-11,1,2,3,0,3,3,-7,7,0,-6,8,2,1,0,1,0,-7,-1,-1,-4,5,2,0,-1,-1,-1,-1,-1,1,-1
KR_6660128895,420,-3,-34,-24,-7,-4,4,0,-1,4,3,-1,1,0,-2,4,2,1,0,1,0,-3,3,-1,-5,6,-1,0,0,1,-1,0,-1,6,-1
KR_6764515896,420,-1,-33,4,-10,-6,6,0,-3,4,1,-1,4,3,0,2,2,0,0,0,0,-12,-6,-2,-4,6,1,0,-2,-1,-1,-1,-1,2,-1
KR_6740470595,420,0,-41,4,-2,-2,4,2,-2,3,1,1,2,3,-1,2,1,2,1,3,1,7,-3,-5,-4,9,2,0,0,-1,1,0,1,1,-1
KR_6762792467,420,-1,33,-4,-2,-2,3,1,-2,3,1,0,1,1,2,4,6,0,0,0,0,-1,11,-5,-4,9,1,0,0,1,-1,-1,1,6,-1
KR_6742016211,420,-2,-83,-18,-3,-1,2,1,0,1,1,5,4,9,-5,5,0,-2,2,0,0,-3,-10,-2,-4,6,-2,0,-2,-1,-1,-1,-1,6,-1
KR_6741908838,440,-4,-80,-42,-13,-2,2,0,-3,3,0,-11,12,1,5,0,5,-2,3,1,0,-6,1,7,-10,3,-6,0,-1,-1,-1,-1,-1,1,-1
KR_6723920860,420,-1,19,-8,-12,2,0,2,-2,5,3,-1,1,0,-11,13,2,0,1,1,0,-14,-6,-4,-3,7,0,0,0,-1,1,1,-1,2,-1
KR_6759752876,420,-3,-28,-19,-4,-1,1,0,-2,2,0,1,2,3,-2,5,3,0,1,1,0,-8,-1,0,-6,6,-3,0,0,-1,1,0,-1,2,-1
KR_6739027411,420,0,13,-36,-4,-1,4,3,-2,2,0,-1,4,3,0,2,2,0,1,1,0,-2,269,3,-7,4,2,0,1,-1,-1,1,-1,4,-1
KR_6698962243,420,-3,-29,-25,-3,-4,4,0,1,1,2,-1,4,3,-1,1,0,2,0,2,0,-4,0,-1,-7,8,-4,0,-2,-1,-1,-1,1,3,-1
KR_6716132330,440,-1,-20,-16,-4,2,1,3,-2,5,3,-1,4,3,-3,3,0,0,0,0,0,-8,-5,-4,-1,5,-2,0,0,-1,1,0,-1,3,-1
KR_6747136462,420,-2,-87,2,-2,-5,5,0,4,0,4,-4,7,3,3,1,4,0,0,0,0,-1,4,1,-5,4,1,0,-1,1,-1,-1,-1,6,-1
KR_6709976798,420,2,20,-12,2,2,2,4,3,1,4,0,1,1,-1,3,2,-2,2,0,0,-1,-2,1,-7,6,2,0,1,-1,1,1,1,4,-1
KR_6728650209,440,-3,-31,-8,-4,3,1,4,-4,5,1,-3,3,0,-2,6,4,2,0,2,0,7,-338,1,-2,1,4,0,-1,-1,-1,-1,1,3,-1
KR_6764011585,420,-1,-5,-16,-4,1,1,2,-2,3,1,-3,4,1,0,2,2,0,2,2,0,-4,46,0,-3,3,-25,0,0,0,-1,1,1,0,-1
KR_6643484531,420,1,13,32,-1,2,1,3,-1,3,2,-6,6,0,1,0,1,3,0,3,0,-7,5,-1,-4,5,-2,0,-1,1,-1,-1,1,1,-1
KR_6760460015,440,1,36,-8,-2,3,3,6,-8,8,0,1,1,2,4,4,8,-2,3,1,0,-7,-1,0,-5,5,1,0,-1,1,-1,-1,1,3,-1
KR_6676323980,420,-1,-14,-11,-4,-1,1,0,0,3,3,-2,2,0,-1,5,4,0,1,1,0,-4,7,3,-5,2,-4,0,-1,1,-1,-1,-1,3,-1
KR_6538084860,420,-3,8,-20,-5,0,1,1,-1,4,3,0,2,2,-5,5,0,1,1,2,1,-1,5,-2,-7,9,-2,0,0,-1,1,0,1,1,-1
KR_6761535326,420,0,49,56,-5,3,1,4,-1,2,1,-1,2,1,-4,6,2,-2,2,0,0,-8,-7,-6,-1,7,-2,0,-2,0,1,-1,1,0,-1
KR_6714172709,440,-1,49,0,-10,-1,1,0,-2,5,3,-6,6,0,0,2,2,-1,1,0,0,-13,-11,1,-4,3,3,0,0,0,-1,-1,-1,0,-1
KR_6666047710,420,-1,-32,-8,-9,-1,3,2,-3,5,2,1,2,3,-2,6,4,-4,4,0,-2,-8,4,6,-11,5,-1,0,0,-1,-1,0,-1,2,-1
KR_6764524201,420,-3,-48,-18,-7,-2,3,1,-2,2,0,-3,3,0,-1,2,1,1,0,1,0,-6,-323,-2,-3,5,-19,0,2,-1,-1,1,-1,5,-1
KR_6736610695,420,-6,-147,-6,-13,-8,8,0,2,1,3,-4,4,0,-2,5,3,-1,1,0,0,1,-4,-1,-2,3,0,0,-1,0,-1,-1,-1,0,-1
KR_6644739557,440,-3,-65,-27,-5,-3,5,2,-3,11,8,0,1,1,1,3,4,0,2,2,0,-1,-5,-2,-3,5,2,0,-1,1,0,-1,1,5,-1
KR_6763002643,420,-1,5,16,-7,-4,4,0,-2,3,1,-2,3,1,-3,5,2,4,0,4,0,-8,4,-1,-4,5,0,0,0,1,-1,0,-1,5,-1
KR_6764449447,440,-1,7,20,1,2,1,3,4,0,4,-3,3,0,-3,6,3,1,1,2,0,-2,3,5,-6,1,-3,0,-1,0,1,-1,1,0,-1
KR_6730131922,420,5,35,36,3,-1,1,0,1,0,1,1,4,5,1,0,1,1,0,1,0,-1,-8,0,-5,5,4,0,0,1,-1,1,-1,1,-1
KR_6591695836,420,-3,-41,4,-3,0,1,1,2,1,3,-2,3,1,-2,2,0,-1,1,0,0,-4,-2,0,-6,6,-4,0,-1,0,-1,-1,-1,0,-1
KR_6724207427,420,-1,5,40,-2,3,1,4,-1,4,3,-2,3,1,-3,3,0,1,0,1,0,-8,2,-1,-3,4,-3,0,-1,-1,1,1,1,2,-1
KR_6028363355,420,-2,17,11,-8,-1,2,1,-4,5,1,0,2,2,-2,3,1,-1,1,0,0,-8,0,-5,-4,9,-2,0,1,-1,1,1,1,2,-1
KR_6617798961,420,2,63,-4,-2,1,1,2,-2,5,3,2,1,3,-1,4,3,-2,2,0,0,-1,-29,-3,-4,7,-2,0,0,1,-1,1,-1,5,-1
KR_6755724052,440,0,110,-77,6,2,1,3,2,1,3,4,2,6,3,1,4,-5,6,1,0,9,-12,-3,-4,7,7,0,1,0,-1,1,1,0,-1
KR_6654326928,420,0,24,7,4,4,2,6,1,0,1,0,2,2,2,1,3,-3,3,0,0,3,42,-3,-5,8,-25,0,0,0,-1,0,-1,0,-1
KR_6752368847,420,-2,34,2,-3,-3,6,3,0,5,5,1,0,1,-1,3,2,0,2,2,0,-9,8,0,-5,5,-4,0,0,-1,1,0,1,3,-1
KR_6758254848,420,0,9,11,-3,2,1,3,3,0,3,-4,4,0,-4,6,2,0,1,1,0,-3,16,2,-6,4,3,0,0,-1,1,0,1,4,-1
KR_6760780289,420,-2,-37,16,-9,-1,3,2,2,0,2,-5,6,1,-3,5,2,-2,3,1,0,-7,-24,-6,0,6,-4,0,0,-1,-1,-1,-1,6,-1
KR_6763305192,420,-2,-33,-12,-7,0,0,0,-3,4,1,-1,3,2,-3,5,2,0,1,1,1,-1,-7,-2,-3,5,1,0,-1,-1,-1,-1,1,5,-1
KR_6744073757,420,1,-29,-29,2,1,0,1,-2,5,3,0,2,2,1,4,5,2,0,2,0,0,-32,-6,-4,10,2,0,0,-1,1,0,-1,6,-1
KR_6740508732,420,-1,-41,35,-1,-2,4,2,4,1,5,-4,6,2,-2,4,2,3,3,6,0,-3,23,-2,-3,5,3,0,0,-1,0,1,-1,1,-1
KR_6698045302,420,2,14,40,8,0,1,1,1,4,5,0,2,2,6,3,9,1,1,2,2,16,-1,3,-9,6,3,0,0,-1,1,0,1,1,-1
KR_6676001666,420,-4,-54,-13,-6,1,1,2,0,3,3,-9,11,2,3,2,5,-1,1,0,0,2,5,1,-4,3,2,0,-2,1,-1,-1,-1,3,-1
KR_6348449546,420,-3,-72,-12,-5,-6,6,0,2,0,2,1,0,1,-1,3,2,-1,2,1,0,-2,2,0,-7,7,-5,0,-1,-1,1,-1,1,2,-1
KR_6709402038,420,0,11,-24,-5,2,2,4,0,1,1,0,0,0,-8,9,1,1,1,2,0,-13,4,0,-3,3,-1,0,0,-1,1,0,-1,6,-1
KR_6760319226,440,-1,-8,15,-10,-5,6,1,-6,9,3,0,2,2,0,2,2,1,0,1,1,-8,190,0,-4,4,-1,0,-1,-1,-1,-1,1,2,-1
KR_6750331621,440,2,92,-20,-2,4,0,4,1,1,2,-2,3,1,-4,6,2,-1,1,0,1,-7,24,-1,-3,4,-2,0,1,-1,1,1,1,5,-1
KR_6641377819,420,0,-44,12,-5,-1,1,0,2,2,4,-1,4,3,-7,7,0,2,0,2,0,-4,-2,1,-4,3,-4,0,-2,1,-1,-1,-1,1,-1
KR_6679844229,420,-1,-78,-13,-6,-2,2,0,-2,2,0,0,2,2,-2,2,0,0,2,2,-1,-4,6,-4,-5,9,-6,0,-2,-1,-1,-1,-1,5,-1
KR_6678604146,420,-2,-59,-3,-8,-7,7,0,0,3,3,-1,2,1,0,3,3,0,1,1,0,-9,-8,-6,-2,8,3,0,-2,-1,-1,-1,-1,1,-1
KR_6754436451,420,-4,-4,-36,-4,-2,3,1,-7,8,1,6,0,6,1,0,1,-2,2,0,0,-7,223,-1,0,1,1,0,-1,-1,-1,-1,-1,2,-1
KR_6546992753,420,0,37,-16,-8,1,3,4,-2,4,2,-1,2,1,-6,8,2,0,0,0,0,-9,-21,1,-9,8,-3,0,1,-1,-1,1,-1,1,-1
KR_6624006665,420,2,9,4,7,8,0,8,-1,3,2,-3,5,2,1,3,4,2,1,3,0,7,3,-2,-3,5,2,0,-1,-1,-1,-1,1,1,-1
KR_6741937025,420,-1,-8,-2,0,1,2,3,1,2,3,-3,3,0,0,2,2,1,0,1,0,0,22,1,-5,4,-1,0,-1,-1,-1,-1,-1,3,-1
KR_6726449140,420,0,-24,-23,6,-3,4,1,1,3,4,7,0,7,0,4,4,1,0,1,0,3,50,0,-4,4,-23,0,2,1,1,1,1,3,-1
KR_6764055474,420,2,47,12,3,-4,4,0,-1,1,0,-1,4,3,8,0,8,1,0,1,0,7,1,4,-5,1,-3,0,1,-1,1,1,1,5,-1
KR_6761067896,440,0,35,-8,-5,5,0,5,-3,3,0,-2,4,2,-6,8,2,1,1,2,0,-10,-4,-2,-3,5,-2,0,1,-1,1,1,1,2,-1
KR_6668183765,420,-5,-26,7,-7,3,2,5,1,1,2,-6,10,4,-4,4,0,-1,4,3,0,-9,231,0,-6,6,2,0,-2,-1,-1,-1,-1,5,-1
KR_6644681470,420,-4,-93,8,-9,0,1,1,-3,3,0,-3,3,0,-6,7,1,3,0,3,0,-10,1,-3,-3,6,1,0,-1,-1,-1,-1,-1,5,-1
KR_6723635476,420,-3,-8,-56,-5,-1,3,2,-5,7,2,-1,3,2,-1,1,0,3,1,4,0,-4,1,2,-4,2,-2,0,-1,-1,-1,-1,1,4,-1
KR_6732618772,420,-1,-39,-18,-2,-1,2,1,-2,8,6,1,1,2,0,0,0,0,0,0,1,0,36,4,-5,1,-23,0,-1,-1,1,-1,1,4,-1
KR_6672100140,420,-2,-38,-40,-2,1,0,1,3,3,6,0,2,2,-5,6,1,-1,1,0,0,2,7,3,-9,6,1,0,0,0,1,0,-1,0,-1
KR_6645511584,420,-5,-34,-16,-10,-4,4,0,2,1,3,1,0,1,-5,6,1,-4,4,0,0,-8,-5,-1,-3,4,-1,0,-2,-1,-1,-1,-1,4,-1
KR_6345142364,420,2,-5,29,2,0,2,2,-1,3,2,3,0,3,2,2,4,-2,2,0,0,0,13,4,-7,3,-2,0,0,0,-1,0,-1,0,-1
KR_6762916737,420,0,3,-4,1,1,3,4,-1,2,1,0,3,3,0,0,0,1,1,2,-1,-8,-4,0,-2,2,-5,0,0,1,1,0,-1,3,-1
KR_6759104946,420,-2,1,-16,-6,2,0,2,-2,2,0,-2,4,2,-2,3,1,-2,5,3,0,-8,1,1,-2,1,3,0,0,1,-1,-1,-1,3,-1
KR_6697897367,420,-5,-38,13,-4,-1,5,4,-4,4,0,3,0,3,-3,5,2,1,1,2,0,2,-1,-1,-5,6,-4,0,-2,1,-1,-1,1,5,-1
KR_6763075219,440,-5,-82,-36,-16,-9,10,1,-8,10,2,-2,4,2,0,1,1,3,1,4,-1,-15,4,3,-4,1,-3,0,-3,-1,-1,-1,-1,1,-1
KR_6703229609,420,-4,-30,-21,-4,-4,4,0,4,1,5,-2,4,2,-2,4,2,0,3,3,0,-6,18,1,-3,2,-2,0,1,-1,-1,1,-1,3,-1
KR_6756538379,420,-1,-77,-31,-7,-1,1,0,-4,5,1,4,2,6,-2,4,2,-4,4,0,-2,-10,-15,-3,-6,9,-4,0,1,-1,1,1,-1,5,-1
KR_6714377283,420,-2,-57,16,-5,1,2,3,-3,6,3,2,3,5,-7,7,0,2,0,2,2,-5,2,-3,-2,5,-3,0,0,-1,0,-1,1,6,-1
KR_6696191288,420,-2,-54,-17,-7,-2,2,0,-1,5,4,0,1,1,0,2,2,-4,4,0,0,-4,-2,1,-4,3,-5,0,-1,-1,-1,-1,-1,5,-1
KR_6662685145,420,-3,-2,-51,1,-4,4,0,-1,6,5,-3,4,1,9,5,14,0,4,4,-1,-3,-112,-2,-1,3,-2,0,-1,-1,-1,-1,-1,5,-1
KR_6740320624,440,-3,-17,-16,-5,-3,5,2,-4,8,4,3,0,3,0,3,3,-1,2,1,0,0,-20,0,-7,7,-1,0,-1,-1,-1,-1,1,4,-1
KR_6725238853,420,-1,-26,8,-9,-4,5,1,-2,3,1,-3,3,0,0,2,2,0,1,1,-1,-5,-2,-5,-3,8,3,0,0,1,-1,1,-1,1,-1
KR_6556447305,420,1,18,31,-5,-2,3,1,-1,5,4,0,1,1,0,4,4,-2,2,0,-1,-2,112,-1,-6,7,-4,0,-1,1,-1,-1,-1,1,-1
KR_6606024910,420,0,21,-6,-3,8,0,8,-4,6,2,-3,4,1,-3,4,1,-1,3,2,-1,-14,-273,-2,-1,3,0,0,1,-1,1,1,-1,1,-1
KR_6758487457,420,-2,-23,2,1,3,2,5,1,1,2,-2,3,1,1,2,3,-2,2,0,0,-7,-16,-1,-3,4,-3,0,-1,0,-1,-1,1,0,-1
KR_6714596242,420,-6,-121,12,-8,-3,4,1,-3,4,1,2,4,6,-3,4,1,-1,2,1,2,-3,8,-2,-1,3,2,0,0,-1,1,1,1,5,-1
KR_6764603304,440,-6,-105,-11,-16,0,1,1,-8,9,1,-4,5,1,-5,9,4,1,2,3,3,-7,-3,-3,-3,6,-2,0,-2,0,-1,-1,1,0,-1
KR_6618327302,420,-2,-53,4,-11,-3,5,2,-5,10,5,-3,5,2,0,2,2,0,1,1,0,-11,-15,-5,-2,7,4,0,-1,-1,-1,-1,-1,4,-1
KR_6761359318,440,-4,-28,-17,-7,-3,3,0,-2,5,3,0,3,3,-3,6,3,1,2,3,0,-6,-10,-5,-3,8,1,0,0,1,-1,-1,-1,6,-1
KR_6604192744,420,2,-21,8,0,-3,4,1,0,1,1,3,2,5,-1,2,1,1,0,1,0,-2,108,-2,-5,7,-3,0,0,0,1,1,-1,0,-1
KR_6675525861,420,-1,-9,-20,3,-2,4,2,4,3,7,0,3,3,1,0,1,0,1,1,0,12,7,3,-5,2,-1,0,-1,1,-1,-1,1,6,-1
KR_6710167721,420,-3,-33,-26,-16,-4,5,1,1,4,5,-3,3,0,-7,10,3,-3,3,0,-2,-19,-2,1,-6,5,1,0,-1,0,-1,-1,-1,0,-1
KR_6201587829,420,1,5,-8,-4,0,2,2,0,0,0,2,3,5,-4,6,2,-2,3,1,0,-8,1,-4,-2,6,4,0,-1,-1,1,-1,-1,5,-1
KR_6761631612,420,-1,13,-4,-7,-2,2,0,-1,3,2,-5,5,0,0,2,2,1,1,2,0,-8,-6,-3,-4,7,5,0,0,-1,-1,0,1,5,-1
KR_6743858158,420,-1,-36,-12,-2,0,1,1,-2,4,2,0,3,3,-2,2,0,2,0,2,0,-1,-19,6,-6,0,-38,0,1,-1,1,1,-1,3,-1
KR_6729105993,420,-2,-58,24,-5,1,2,3,0,3,3,-2,5,3,0,3,3,-4,5,1,0,-12,1,-1,-5,6,0,0,0,-1,1,1,-1,4,-1
KR_6691966299,420,0,-1,23,-3,-1,4,3,4,0,4,0,2,2,-9,11,2,3,0,3,0,7,-8,1,-8,7,0,0,0,-1,1,0,-1,2,-1
KR_6751232259,440,1,37,12,-2,-1,3,2,2,4,6,-3,4,1,-1,3,2,1,0,1,0,4,4,1,-6,5,2,0,-1,1,-1,-1,-1,5,-1
KR_6761500035,420,-2,-14,1,-4,2,2,4,1,2,3,0,2,2,-2,5,3,-5,6,1,0,-9,6,4,-7,3,2,0,0,1,1,0,-1,2,-1
KR_6697959308,420,-4,-82,-4,-9,-5,5,0,-5,5,0,-1,2,1,3,1,4,-1,2,1,-1,-7,120,-4,-7,11,-4,0,0,-1,-1,-1,-1,6,-1
KR_6112275974,420,-1,-22,28,-6,-4,5,1,1,3,4,-1,3,2,-2,2,0,0,0,0,-1,-6,11,0,-5,5,-3,0,-1,0,-1,-1,-1,0,-1
KR_6749491205,420,-3,10,4,-4,0,4,4,4,1,5,-3,3,0,-2,4,2,-3,4,1,0,-5,-6,0,-5,5,3,0,1,1,0,1,1,4,-1
KR_6695475928,420,0,-28,-5,0,0,2,2,2,4,6,-3,4,1,1,2,3,0,0,0,1,-1,10,5,-6,1,0,0,1,-1,1,1,1,4,-1
KR_6625959899,420,-2,-54,-20,-5,1,0,1,-2,3,1,1,3,4,-3,5,2,-2,3,1,0,-10,-15,0,-5,5,0,0,-3,-1,-1,-1,1,1,-1
KR_6745599480,420,1,49,8,-1,3,0,3,-4,5,1,0,3,3,0,1,1,0,1,1,1,-5,-86,-1,-4,5,-1,0,-1,1,-1,-1,1,2,-1
KR_6757906649,440,-2,-30,-4,-6,0,6,6,-6,7,1,-3,4,1,-1,1,0,4,0,4,0,-1,-29,-5,-3,8,5,0,0,-1,1,-1,1,5,-1
KR_6658142308,420,0,-37,-44,3,-3,4,1,5,1,6,-1,2,1,-1,3,2,3,0,3,0,8,5,0,-4,4,1,0,0,-1,-1,-1,-1,3,-1
KR_6535038431,440,-4,-16,0,-7,4,0,4,-8,9,1,1,2,3,-1,1,0,-3,4,1,0,-1,0,-4,-3,7,0,0,-1,0,-1,-1,-1,0,-1
KR_6758981805,420,0,24,-32,6,2,2,4,2,2,4,0,4,4,3,2,5,-1,2,1,0,4,-6,-2,-3,5,1,0,-1,-1,-1,-1,-1,4,-1
KR_6658619594,440,-8,-77,-57,-12,-2,4,2,-1,6,5,-2,3,1,-3,3,0,-4,4,0,0,-5,62,0,-7,7,-5,0,-3,-1,-1,-1,-1,3,-1
KR_6734771555,440,-2,-60,5,-3,0,1,1,-5,11,6,-2,5,3,-1,4,3,5,1,6,0,1,-74,-4,-5,9,0,0,-1,-1,0,-1,-1,4,-1
KR_6720219415,420,-5,-64,-28,-6,2,1,3,-6,7,1,-2,2,0,0,1,1,0,0,0,0,-5,15,3,-8,5,-4,0,0,-1,-1,0,1,2,-1
KR_6741292504,420,1,-43,18,3,1,2,3,-1,4,3,4,1,5,-1,3,2,0,0,0,0,4,-11,-3,-3,6,3,0,1,-1,1,1,1,2,-1
KR_6579352185,420,-1,28,-37,-5,-3,3,0,1,4,5,-1,1,0,1,3,4,-3,4,1,0,-5,4,-2,-4,6,-1,0,1,-1,1,1,-1,3,-1
KR_6761068216,420,-2,11,-39,-5,5,0,5,1,1,2,-3,5,2,-4,4,0,-4,6,2,0,-1,-4,-3,-4,7,-3,0,0,-1,1,1,-1,1,-1
KR_6694136815,420,-2,42,-21,3,1,2,3,3,4,7,0,5,5,-1,1,0,0,0,0,1,2,17,7,-10,3,-5,0,0,1,0,0,1,5,-1
KR_6729641741,420,-4,-40,0,-7,-3,4,1,-3,6,3,1,3,4,0,2,2,-2,2,0,0,-1,-62,-1,-5,6,13,0,-1,-1,-1,-1,-1,5,-1
KR_6760510333,420,3,15,0,0,2,0,2,3,0,3,-1,2,1,-2,3,1,-2,4,2,0,-7,2,4,-6,2,1,0,0,-1,-1,0,1,5,-1
KR_6413489414,420,-2,-7,-4,-10,0,1,1,-6,7,1,0,1,1,-6,6,0,2,0,2,-1,-17,0,0,-5,5,3,0,0,1,-1,-1,-1,3,-1
KR_6699976554,420,-2,67,0,-6,-1,2,1,-1,5,4,0,3,3,-1,4,3,-3,4,1,0,-4,-20,2,-8,6,-2,0,0,1,-1,-1,-1,3,-1
KR_6618892658,420,-2,-92,-8,-6,0,0,0,-5,5,0,-1,2,1,-3,6,3,3,0,3,0,-5,-4,0,-3,3,-2,0,0,-1,0,0,-1,5,-1
KR_6760939924,440,-1,43,10,-7,-1,3,2,1,1,2,0,0,0,-4,5,1,-3,6,3,0,-6,9,-4,-1,5,1,0,-1,1,-1,1,1,3,-1
KR_6740840050,420,-1,-50,-16,2,0,3,3,1,1,2,-2,2,0,1,0,1,2,1,3,0,4,6,1,-3,2,1,0,0,-1,1,0,1,2,-1
KR_6653834505,420,-2,-58,-16,-4,-4,5,1,-1,2,1,0,1,1,1,2,3,0,1,1,0,2,-195,3,-5,2,-26,0,0,-1,-1,-1,1,3,-1
KR_6749541524,420,2,81,9,2,3,1,4,-2,3,1,2,1,3,-1,2,1,0,1,1,0,-1,-12,-1,-4,5,4,0,0,-1,-1,1,-1,5,-1
KR_6745807511,420,-3,-86,-21,-2,1,2,3,-2,5,3,0,1,1,0,3,3,-1,2,1,-1,1,10,3,-7,4,1,0,0,-1,-1,-1,-1,3,-1
KR_6720612392,420,0,-16,20,2,-2,4,2,1,3,4,0,3,3,3,0,3,0,0,0,0,1,27,-5,-1,6,6,0,1,-1,1,1,1,5,-1
KR_6669931366,420,1,-8,12,-2,0,5,5,0,1,1,-1,2,1,-1,1,0,0,1,1,0,-4,4,1,-6,5,-6,0,0,1,1,1,-1,3,-1
KR_6592590078,420,-4,-112,-48,-8,1,0,1,-4,5,1,0,2,2,-5,7,2,0,1,1,0,-13,-187,2,-6,4,3,0,-2,1,1,-1,-1,4,-1
KR_6745198768,420,-2,-40,-31,-5,-3,3,0,0,2,2,0,1,1,-3,3,0,1,0,1,0,-4,2,-1,-3,4,2,0,-1,-1,1,-1,1,6,-1
KR_6634035108,420,-3,21,8,-3,0,4,4,-2,2,0,-1,1,0,0,1,1,0,1,1,-1,-4,-8,1,-5,4,1,0,-1,1,1,-1,-1,6,-1
KR_6692223526,420,-2,55,-16,-1,1,0,1,0,1,1,2,1,3,-3,7,4,-1,2,1,-1,-1,3,4,-9,5,-4,0,0,-1,0,0,-1,1,-1
KR_6763940188,420,-3,-4,-16,-4,-3,3,0,-1,2,1,0,1,1,0,2,2,0,1,1,1,1,4,1,-2,1,0,0,-1,0,0,-1,1,0,-1
KR_6761127601,420,-3,-14,-7,-7,0,1,1,-3,6,3,-4,4,0,0,2,2,0,0,0,0,-18,20,2,-5,3,-8,0,-1,-1,-1,-1,1,5,-1
KR_6704441877,420,2,-14,-16,1,0,2,2,-2,6,4,1,2,3,2,3,5,0,0,0,-1,3,-1,-2,-4,6,0,0,1,1,-1,1,-1,2,-1
KR_6665356445,420,1,-6,3,2,2,2,4,-1,3,2,0,1,1,2,3,5,-1,2,1,0,6,-4,1,-3,2,2,0,-1,1,-1,-1,-1,3,-1
KR_6016817322,420,0,-30,23,-4,-2,3,1,-1,1,0,-1,1,0,1,3,4,-1,1,0,0,-1,-3,-3,-6,9,0,0,0,1,-1,0,-1,5,-1
KR_6694422695,440,-3,-2,6,-1,4,0,4,-2,3,1,-2,4,2,2,1,3,-3,3,0,0,-3,8,3,-8,5,-2,0,0,-1,1,0,-1,6,-1
KR_6724490404,420,-4,-78,0,-5,-4,4,0,1,2,3,2,0,2,-1,1,0,-3,4,1,-1,-5,-57,0,-3,3,20,0,-1,1,-1,-1,-1,2,-1
KR_6761930554,420,-2,34,-4,-8,-6,6,0,-1,2,1,3,0,3,-4,6,2,0,1,1,0,-5,-6,0,-3,3,0,0,-2,-1,-1,-1,1,3,-1
KR_6679247392,440,-3,-33,-4,-10,0,1,1,-2,5,3,-5,5,0,-4,4,0,1,0,1,0,-13,8,-5,-2,7,-4,0,0,0,-1,0,-1,0,-1
KR_6741973788,420,0,11,-12,-1,-1,1,0,0,4,4,0,1,1,1,0,1,-1,1,0,1,0,0,-1,-5,6,6,0,1,1,1,1,1,2,-1
KR_6754607531,420,-1,-30,-32,2,-4,4,0,0,3,3,0,2,2,2,1,3,4,0,4,0,4,2,0,-5,5,-4,0,-2,1,1,-1,-1,2,-1
KR_6677194242,420,-2,-21,-16,-7,1,1,2,-3,5,2,-1,3,2,-4,4,0,0,0,0,-1,-12,-1,2,-8,6,-7,0,-3,1,-1,-1,-1,4,-1
KR_6760893118,420,0,-27,8,-1,0,1,1,0,2,2,3,0,3,-3,3,0,-1,1,0,0,-4,-136,2,-4,2,-2,0,-2,-1,-1,-1,-1,5,-1
KR_6739542327,440,-7,-8,-28,-11,0,1,1,1,2,3,-10,10,0,-1,1,0,-1,1,0,0,-9,-19,-2,-3,5,-1,0,-1,-1,-1,-1,-1,3,-1
KR_6751179942,420,1,-44,-8,-1,-3,3,0,0,2,2,-3,4,1,3,0,3,2,1,3,0,4,0,5,-7,2,-1,0,0,1,1,0,1,4,-1
KR_6727124171,420,0,10,-9,-1,-4,4,0,-1,3,2,1,3,4,3,2,5,0,2,2,0,1,24,1,-6,5,-9,0,-2,1,1,-1,-1,4,-1
KR_6725512975,420,-2,-12,-12,-4,0,4,4,-5,6,1,-1,2,1,0,0,0,2,0,2,0,-4,-30,-4,-1,5,9,0,-1,1,-1,-1,-1,2,-1
KR_6453864762,420,-5,-90,-4,-11,-2,4,2,-3,6,3,-4,4,0,-2,3,1,0,0,0,0,-11,-3,-1,-4,5,-3,0,0,1,-1,0,-1,6,-1
KR_6645294928,420,-1,-53,-17,3,0,1,1,1,2,3,-2,2,0,3,0,3,1,1,2,0,4,-20,1,-5,4,2,0,1,1,-1,1,-1,4,-1
KR_6506151969,420,-1,-51,0,3,0,0,0,0,2,2,-2,2,0,3,4,7,2,2,4,1,7,44,-3,-6,9,1,0,0,-1,-1,1,1,5,-1
KR_6762498414,420,-3,-18,-1,-4,6,1,7,-2,4,2,-4,5,1,-1,1,0,-3,6,3,0,-1,12,3,-6,3,-3,0,1,1,1,1,-1,3,-1
KR_6705512310,440,-2,-86,-14,-1,0,1,1,-1,3,2,1,2,3,-1,4,3,0,1,1,-1,-1,-1,4,-11,7,0,0,-1,1,-1,-1,-1,6,-1
KR_6728913129,420,4,28,24,-1,4,3,7,-3,3,0,-2,3,1,1,1,2,-1,1,0,0,-4,2,1,-8,7,2,0,1,-1,1,1,-1,3,-1
KR_6763588383,420,-6,-128,-12,-14,-3,4,1,-4,6,2,-1,2,1,-3,5,2,-3,3,0,0,-6,-6,-2,-2,4,-2,0,-1,0,-1,-1,-1,0,-1
KR_6688252985,420,-4,-71,-8,-7,-1,2,1,-4,6,2,1,1,2,-3,3,0,0,1,1,-1,-10,16,-2,-1,3,-1,0,-3,-1,-1,-1,-1,4,-1
KR_6681045773,420,-2,-26,28,-4,1,2,3,3,1,4,-7,7,0,-2,2,0,1,0,1,0,-8,-25,-2,-4,6,3,0,-2,-1,-1,-1,1,1,-1
KR_6628898959,420,-2,62,-26,-5,-2,3,1,3,0,3,2,2,4,-6,6,0,-2,4,2,0,-12,-126,-2,-3,5,2,0,-1,-1,0,-1,1,3,-1
KR_6762793186,420,-1,27,9,-5,3,2,5,0,3,3,1,1,2,-8,11,3,-1,1,0,0,-11,-4,-4,-5,9,-1,0,0,-1,0,0,1,2,-1
KR_6678473188,420,2,-12,19,5,-3,3,0,0,2,2,4,0,4,2,0,2,2,1,3,0,8,330,-1,-4,5,5,0,1,1,1,1,1,4,-1
KR_5800308911,420,-2,-47,15,-13,4,0,4,3,1,4,-8,8,0,-11,13,2,-1,2,1,-1,-7,-15,-2,-5,7,4,0,1,-1,1,1,-1,2,-1
KR_6734382890,420,-1,-26,12,-3,2,1,3,3,1,4,2,0,2,-10,10,0,0,1,1,0,-9,-6,3,-10,7,1,0,0,1,1,1,1,6,-1
KR_6755776630,420,-3,-87,4,-9,-2,2,0,4,1,5,1,2,3,-11,11,0,-1,1,0,-1,-11,35,-2,-8,10,-26,0,-1,-1,1,-1,-1,5,-1
KR_6760654833,420,-3,-72,0,-15,-4,4,0,-1,4,3,-7,9,2,-5,7,2,2,0,2,-2,-15,-4,-5,-1,6,-2,0,-2,-1,-1,-1,-1,4,-1
KR_6661697372,420,-3,-18,-4,-8,0,2,2,-1,3,2,-4,5,1,2,5,7,-5,6,1,-1,-8,-4,-4,-4,8,2,0,-1,-1,-1,-1,-1,4,-1
KR_6737215186,420,-2,-16,17,-11,-3,4,1,-8,10,2,3,1,4,-2,2,0,-1,1,0,-2,-22,57,-5,-1,6,-12,0,-2,-1,-1,-1,-1,4,-1
KR_6730222174,420,2,19,-4,4,0,2,2,4,2,6,0,3,3,-2,3,1,2,0,2,0,7,0,-3,-1,4,4,0,1,-1,1,1,1,6,-1
KR_6721144025,420,-2,-45,-12,-2,2,1,3,0,2,2,2,2,4,1,2,3,-7,8,1,3,4,-3,-2,-6,8,-5,0,-2,-1,-1,-1,1,3,-1
KR_6763923201,420,-1,17,20,-2,-1,2,1,2,2,4,-3,5,2,-3,5,2,3,0,3,0,-5,162,5,-8,3,-3,0,-1,-1,-1,-1,-1,4,-1
KR_6738079142,420,0,-57,-13,-3,-3,3,0,1,3,4,1,0,1,0,2,2,-2,2,0,-1,4,242,-6,-4,10,1,0,0,1,1,-1,1,1,-1
KR_6680097959,420,1,-12,12,12,1,3,4,13,2,15,1,2,3,2,3,5,-5,5,0,1,7,-7,-4,-1,5,2,0,0,1,-1,0,1,2,-1
KR_6737326996,420,0,7,25,-1,0,1,1,0,2,2,0,3,3,1,3,4,-2,2,0,0,2,-1,-3,-2,5,-4,0,0,-1,1,0,-1,4,-1
KR_6757118446,420,1,-38,-10,-1,-3,3,0,1,2,3,2,1,3,1,4,5,-2,3,1,0,-4,3,-2,-3,5,2,0,-1,-1,-1,-1,-1,6,-1
KR_6753537174,420,-3,-3,-33,-3,-2,3,1,3,1,4,-3,3,0,-1,2,1,0,0,0,0,5,-2,0,-2,2,0,0,-1,0,1,-1,-1,0,-1
KR_6745853286,420,1,24,30,-4,-3,5,2,-3,3,0,2,0,2,0,2,2,0,2,2,0,-11,31,-3,-2,5,-3,0,0,-1,1,1,1,2,-1
KR_6757764456,420,-1,-54,-2,-4,3,2,5,0,1,1,-1,3,2,-4,6,2,-2,3,1,-1,-7,-352,2,-3,1,-1,0,-1,0,1,-1,-1,0,-1
KR_6763213778,420,-2,29,-12,-6,0,2,2,-1,4,3,-3,4,1,2,4,6,-4,4,0,0,-7,-9,-9,0,9,4,0,-1,1,-1,-1,1,3,-1
KR_6738229591,420,1,38,17,0,1,0,1,-2,5,3,-2,2,0,3,2,5,0,2,2,0,1,35,4,-6,2,-18,0,0,-1,1,0,-1,3,-1
KR_6723463833,420,2,7,3,11,2,1,3,-2,5,3,4,0,4,3,1,4,4,0,4,0,11,2,-1,-4,5,1,0,1,1,-1,-1,1,5,-1
KR_6737321990,420,-5,-39,20,-15,-2,2,0,-4,4,0,-7,7,0,1,5,6,-3,4,1,0,-9,-97,-2,-2,4,-7,0,-1,-1,-1,-1,-1,5,-1
KR_6750156057,420,-3,2,4,-3,-3,4,1,1,0,1,1,1,2,-3,6,3,1,1,2,-3,-4,10,2,-5,3,1,0,-1,1,-1,-1,-1,2,-1
KR_6755046425,420,-1,3,-2,-6,4,2,6,-6,8,2,-4,4,0,-1,3,2,1,0,1,1,1,3,5,-6,1,-3,0,0,-1,-1,0,1,1,-1
KR_6741050541,440,-3,-66,-4,-5,-1,2,1,2,2,4,-4,6,2,-1,3,2,-1,1,0,0,-5,-8,-1,-3,4,1,0,-2,-1,-1,-1,-1,2,-1
KR_6690315042,420,1,23,8,3,0,4,4,4,1,5,5,1,6,-5,6,1,-1,2,1,0,-3,-10,-2,-3,5,7,0,1,1,1,1,-1,1,-1
KR_6762716101,420,-2,10,18,-2,-4,4,0,2,0,2,3,3,6,-1,2,1,-2,3,1,0,-6,8,-3,-3,6,-4,0,-1,-1,1,-1,1,4,-1
KR_6757066171,420,1,61,12,3,4,0,4,3,2,5,-2,4,2,-1,3,2,-1,1,0,0,1,14,-3,-2,5,3,0,0,1,0,0,1,4,-1
KR_6757148878,420,1,-8,1,2,6,1,7,-1,3,2,-2,2,0,-1,3,2,0,1,1,0,-5,8,1,-4,3,-4,0,2,1,1,1,-1,3,-1
KR_6759222612,420,2,81,-11,7,-1,2,1,-4,5,1,6,0,6,2,1,3,4,1,5,1,4,-5,-1,-5,6,4,0,0,-1,-1,1,1,4,-1
KR_6737502748,420,-4,-17,-9,-8,-3,5,2,-2,3,1,-2,8,6,5,0,5,-6,7,1,-2,0,-50,-1,-5,6,7,0,1,-1,1,1,-1,2,-1
KR_6759805620,440,-1,-60,20,-1,-4,4,0,2,0,2,-1,2,1,1,0,1,1,0,1,0,0,0,-2,-3,5,-5,0,-1,-1,-1,-1,1,2,-1
KR_6759894174,420,-4,-91,-1,-4,-3,3,0,0,5,5,-1,4,3,2,1,3,-2,2,0,0,1,8,3,-7,4,-1,0,-2,-1,1,-1,1,1,-1
KR_6762525546,420,-5,24,-10,-10,-5,7,2,-5,6,1,1,3,4,0,4,4,-1,2,1,0,-5,1,-2,-4,6,2,0,-3,-1,-1,-1,-1,4,-1
KR_6728441417,420,1,52,28,4,2,7,9,2,0,2,3,0,3,0,4,4,-3,3,0,1,0,-1,1,-2,1,-1,0,1,1,1,1,1,1,-1
KR_6744566927,420,0,-58,-21,-4,1,1,2,-4,5,1,1,2,3,-1,3,2,-1,2,1,0,-4,-5,-3,-3,6,2,0,0,-1,1,0,-1,5,-1
KR_6762689758,420,1,24,24,-7,-2,2,0,-3,3,0,2,2,4,-3,4,1,-1,2,1,0,-13,6,2,-7,5,6,0,-1,-1,1,-1,1,6,-1
KR_6742227388,420,-4,-96,-28,-17,-5,5,0,-2,3,1,1,0,1,-10,11,1,-1,1,0,0,-7,-1,0,-5,5,-5,0,-1,-1,-1,-1,-1,2,-1
KR_6543435976,420,-2,-3,-9,-4,1,0,1,-2,5,3,2,1,3,-4,4,0,-1,1,0,0,-7,122,0,-5,5,-3,0,0,1,1,-1,-1,6,-1
KR_6676368542,420,-7,-37,-2,-24,-2,3,1,-3,5,2,-4,6,2,-17,17,0,2,0,2,0,-23,-14,0,-4,4,-3,0,-4,-1,-1,-1,-1,2,-1
KR_6591589023,420,1,58,-3,-1,-4,4,0,1,4,5,0,4,4,2,2,4,0,2,2,0,-5,-29,-1,-4,5,1,0,0,1,-1,-1,-1,3,-1
KR_6762354071,420,-2,-47,-20,-5,-4,5,1,0,0,0,1,1,2,-2,3,1,0,0,0,0,-1,-35,1,-4,3,10,0,-2,1,-1,-1,-1,1,-1
KR_6703248718,440,-1,-11,9,-1,0,3,3,1,0,1,0,0,0,-3,6,3,1,1,2,0,1,-3,-1,-6,7,3,0,0,-1,-1,0,1,5,-1
KR_6755024231,420,-5,-42,-6,-10,-1,2,1,0,1,1,-2,5,3,-9,9,0,2,1,3,-1,-15,23,2,-5,3,-3,0,-1,-1,1,-1,-1,3,-1
KR_6694229520,420,1,38,-24,-3,2,2,4,-4,6,2,2,1,3,-3,4,1,0,1,1,0,-6,7,0,-6,6,-4,0,1,-1,-1,1,1,1,-1
KR_6763594158,420,0,74,-2,-4,-2,2,0,0,1,1,-1,2,1,-5,5,0,4,1,5,-1,-3,7,9,-13,4,-1,0,0,-1,1,0,-1,4,-1
KR_6752159213,440,-3,-5,-20,-10,-4,7,3,-2,2,0,1,2,3,-4,5,1,-1,3,2,-1,-8,-20,-10,-2,12,0,0,0,-1,-1,-1,-1,3,-1
KR_6762521064,420,-1,-32,-6,-2,2,0,2,-1,2,1,1,1,2,-4,6,2,0,2,2,-1,-9,-194,-3,-3,6,-1,0,-1,-1,1,-1,-1,3,-1
KR_6762800304,420,-3,6,-36,-6,-1,3,2,0,4,4,2,2,4,-5,6,1,-2,3,1,0,-1,-9,-2,-2,4,4,0,-1,-1,0,-1,1,5,-1
KR_6745022274,420,-5,-13,-19,-8,-8,8,0,-1,4,3,-1,1,0,-1,7,6,3,0,3,0,-1,-3,-1,-4,5,0,0,0,-1,0,-1,-1,4,-1
KR_6730628361,440,-2,25,36,-12,0,2,2,-7,7,0,0,1,1,-7,8,1,2,0,2,0,-10,2,1,-7,6,-1,0,0,1,-1,-1,-1,5,-1
KR_6670200838,420,0,31,8,-3,5,0,5,-3,5,2,0,0,0,-6,7,1,1,1,2,0,-10,0,-1,-3,4,3,0,0,1,-1,1,-1,1,-1
KR_6764683945,420,-1,42,-6,-5,-2,3,1,-4,5,1,-1,2,1,3,2,5,-1,3,2,0,-7,135,-2,-3,5,5,0,0,1,1,0,1,4,-1
KR_6716381385,440,-8,-9,-80,-12,-2,3,1,-5,8,3,-3,4,1,-4,6,2,2,1,3,1,-5,-1,0,-3,3,-3,0,0,-1,-1,0,1,5,-1
KR_6383243696,420,2,-13,26,2,3,1,4,0,0,0,2,0,2,-2,3,1,-1,1,0,0,-4,-20,-3,-3,6,2,0,0,0,1,1,1,0,-1
KR_6760544207,420,0,29,8,-2,0,1,1,0,4,4,-1,3,2,1,3,4,-2,3,1,-1,-3,-6,2,-3,1,2,0,0,-1,0,0,-1,4,-1
KR_6607824534,420,-1,29,-18,-2,-3,3,0,4,2,6,-1,5,4,-2,2,0,0,0,0,0,1,3,-4,-5,9,2,0,1,0,1,1,1,0,-1
KR_6604879501,420,2,-21,-21,4,3,0,3,2,0,2,5,1,6,-4,6,2,-2,2,0,0,3,102,2,-4,2,-2,0,0,-1,1,0,-1,5,-1
KR_6713273833,420,-4,-59,-8,-5,-1,2,1,-3,4,1,1,1,2,1,0,1,-3,5,2,0,-9,-46,-2,-5,7,1,0,-2,1,-1,-1,-1,4,-1
KR_6633171482,420,-4,-95,-44,-2,1,0,1,-5,6,1,-1,3,2,0,1,1,3,2,5,0,2,5,5,-7,2,-5,0,0,-1,-1,-1,1,5,-1
KR_6708469730,420,-3,-15,-28,-4,1,1,2,-4,5,1,-1,3,2,0,1,1,0,0,0,0,-4,-3,-2,-5,7,2,0,0,-1,-1,0,1,4,-1
KR_6762438166,420,3,76,9,5,3,1,4,2,1,3,3,2,5,-4,7,3,1,1,2,0,5,242,0,-4,4,1,0,0,1,-1,0,1,3,-1
KR_6471104069,420,-5,-58,-4,-17,-1,2,1,-4,5,1,-11,11,0,1,0,1,-2,4,2,0,-8,1,-1,-4,5,0,0,-1,-1,0,-1,-1,1,-1
KR_6737902753,420,-7,-13,-32,-12,0,3,3,-2,4,2,-3,5,2,-3,6,3,-4,4,0,0,-14,-16,6,-10,4,-2,0,-1,-1,-1,-1,-1,2,-1
KR_6749967844,420,-2,-107,3,2,4,0,4,-1,1,0,-1,2,1,0,1,1,0,3,3,0,9,-1,0,-4,4,-3,0,-2,-1,-1,-1,1,1,-1
KR_6724800286,420,-3,-57,14,-8,-5,5,0,0,4,4,1,0,1,-2,5,3,-2,3,1,1,-8,1,3,-7,4,-4,0,-3,1,-1,-1,1,4,-1
KR_6763199101,420,3,-25,6,6,2,1,3,8,1,9,-3,3,0,-1,3,2,0,2,2,0,10,-17,-5,-2,7,-2,0,0,-1,1,0,-1,3,-1
KR_6716132882,420,-3,-96,-26,1,-3,6,3,4,0,4,-1,4,3,1,1,2,0,3,3,0,5,-145,3,-7,4,12,0,-2,1,-1,-1,-1,6,-1
KR_6619309253,420,-4,-72,-17,-10,-2,3,1,-3,3,0,-3,4,1,-4,6,2,2,0,2,0,-10,-6,-3,-3,6,-7,0,-2,-1,-1,-1,-1,3,-1
KR_6745327300,420,-2,-16,-4,-2,-4,6,2,-1,6,5,2,0,2,1,1,2,0,1,1,1,5,5,1,-6,5,1,0,-3,0,-1,-1,1,0,-1
KR_6668512800,420,-2,-28,-32,2,-2,2,0,3,1,4,-4,4,0,5,2,7,0,1,1,0,5,10,-1,-9,10,2,0,0,-1,-1,0,1,2,-1
KR_6748011660,420,-3,15,8,-6,0,3,3,0,2,2,-9,10,1,3,2,5,0,3,3,1,8,1,2,-4,2,1,0,0,-1,-1,1,1,5,-1
KR_6688272659,420,1,18,1,2,3,1,4,2,0,2,-3,4,1,-1,4,3,1,1,2,0,-2,-7,-2,-3,5,-2,0,1,1,1,1,1,4,-1
KR_6729136107,420,0,62,-11,-3,1,2,3,-4,5,1,-7,7,0,7,0,7,0,1,1,0,-5,-32,-1,-5,6,-1,0,2,1,-1,1,1,1,-1
KR_6724563784,440,-2,-60,-14,-10,-5,6,1,-1,4,3,0,2,2,-3,5,2,-1,1,0,-1,-3,0,0,-5,5,-2,0,0,-1,-1,-1,-1,5,-1
KR_6522562696,420,-4,-63,-20,-1,1,0,1,-2,3,1,-3,4,1,0,1,1,3,0,3,0,5,10,0,-5,5,-1,0,-2,-1,-1,-1,-1,4,-1
KR_6626431348,420,0,50,-12,-3,2,0,2,-3,3,0,-3,5,2,1,2,3,0,0,0,0,-7,2,2,-7,5,-2,0,0,-1,-1,-1,-1,2,-1
KR_6732862753,420,1,16,-18,1,1,1,2,-3,3,0,-1,5,4,5,1,6,-1,3,2,0,0,-134,2,-4,2,2,0,0,1,-1,1,1,5,-1
KR_6742060331,420,-3,-56,-1,-10,-3,4,1,2,0,2,-3,5,2,-4,8,4,-2,4,2,0,-3,6,2,-6,4,-2,0,-1,1,-1,-1,-1,2,-1
KR_6505868325,420,-3,-15,-12,-5,0,0,0,-2,3,1,2,0,2,-5,6,1,0,1,1,0,-5,7,1,-6,5,-2,0,0,-1,0,-1,1,3,-1
KR_6692394051,440,-3,-53,-32,2,-2,2,0,0,2,2,3,2,5,0,9,9,1,2,3,-1,11,188,3,-7,4,-1,0,-2,1,0,-1,-1,3,-1
KR_6764151459,420,-1,-23,4,-4,-2,5,3,-3,4,1,1,4,5,-1,2,1,1,1,2,1,-6,-7,-5,-2,7,1,0,0,1,0,0,1,5,-1
KR_6703273351,420,-7,-53,-44,-18,-4,4,0,-2,2,0,-6,7,1,-3,5,2,-3,5,2,0,-17,3,2,-9,7,-6,0,-2,-1,-1,-1,-1,6,-1
KR_6153003172,420,-1,-60,6,2,0,1,1,6,0,6,-2,2,0,-1,2,1,-1,1,0,0,1,14,1,-6,5,0,0,1,1,1,1,-1,2,-1
KR_6580835842,420,2,-18,14,8,7,1,8,0,0,0,2,1,3,3,1,4,-4,4,0,2,4,-6,-4,-2,6,0,0,-1,-1,-1,1,1,3,-1
KR_6748176175,420,1,-3,0,7,2,2,4,2,2,4,1,1,2,0,0,0,2,0,2,1,4,-13,-1,-2,3,3,0,0,1,1,0,1,2,-1
KR_6522782762,420,-1,-9,-22,-2,3,2,5,-2,3,1,-1,4,3,0,0,0,-2,2,0,0,0,14,1,-5,4,-9,0,0,1,1,0,-1,2,-1
KR_6764380365,420,1,-36,1,-3,0,3,3,4,4,8,-2,5,3,-6,10,4,1,2,3,0,-15,-33,-5,-2,7,16,0,-1,-1,0,-1,-1,5,-1
KR_6597559420,420,-1,0,24,-5,1,0,1,-1,1,0,0,1,1,-3,4,1,-2,2,0,0,-5,7,3,-6,3,-4,0,0,-1,0,0,-1,4,-1
KR_6614949770,420,3,18,21,8,2,1,3,4,2,6,0,3,3,0,3,3,2,0,2,0,7,0,-5,-4,9,1,0,1,0,-1,1,1,0,-1
KR_6763650900,440,1,53,12,-1,-2,4,2,1,2,3,-3,3,0,1,2,3,2,1,3,0,-2,0,1,-8,7,1,0,0,-1,1,1,-1,1,-1
KR_6728337830,440,-5,-69,-24,-10,-1,3,2,-4,5,1,-1,1,0,-2,3,1,-2,5,3,-1,-9,-2,-7,-1,8,1,0,-3,-1,-1,-1,-1,2,-1
KR_6762265207,420,-3,-27,-4,-7,-1,2,1,-4,5,1,0,4,4,-2,3,1,0,0,0,0,-14,-137,-2,-4,6,-1,0,-1,0,-1,-1,-1,0,-1
KR_6749638234,420,0,-42,16,-3,3,0,3,-6,8,2,0,1,1,1,2,3,-1,2,1,0,-4,2,0,-4,4,2,0,0,1,-1,-1,-1,1,-1
KR_6611270902,420,-5,-78,-28,-10,-2,2,0,-8,9,1,0,1,1,0,3,3,0,0,0,0,-3,6,-2,-2,4,1,0,-1,0,-1,-1,1,0,-1
KR_6658128278,420,-5,-37,-11,-6,0,2,2,-1,2,1,-2,2,0,0,2,2,-3,3,0,0,-10,-10,-3,-4,7,-2,0,1,-1,-1,1,1,2,-1
KR_6760757579,420,1,37,0,9,-1,3,2,1,1,2,7,0,7,2,1,3,0,1,1,0,5,-1,-1,-2,3,-4,0,0,-1,1,1,1,5,-1
KR_6764683445,420,-1,4,16,0,2,0,2,-4,5,1,4,0,4,-2,4,2,0,0,0,0,-6,-2,-3,-6,9,-3,0,0,-1,1,0,-1,2,-1
KR_6560464410,420,-2,-15,-4,-7,-6,6,0,0,2,2,-1,3,2,-1,1,0,1,0,1,0,-6,-3,0,-4,4,2,0,0,0,-1,-1,-1,0,-1
KR_6754089284,440,2,-81,16,1,2,2,4,-3,4,1,-2,2,0,1,0,1,3,0,3,0,-4,4,0,-4,4,0,0,-1,-1,-1,-1,1,4,-1
KR_6682987058,420,1,-19,16,3,-2,4,2,-4,6,2,4,2,6,-2,3,1,7,0,7,-1,5,-26,-4,-5,9,4,0,-1,-1,-1,-1,-1,2,-1
KR_6619362368,420,-2,-80,-16,-5,-3,3,0,0,2,2,-2,4,2,-1,1,0,1,0,1,-1,-8,-11,-5,-2,7,5,0,-2,-1,1,-1,-1,4,-1
KR_6744838499,420,-1,-28,-9,-6,-3,3,0,0,4,4,0,4,4,-4,5,1,1,0,1,0,-2,-1,0,-5,5,-5,0,-1,1,-1,-1,-1,1,-1
KR_6762630537,420,-1,-32,12,-2,-5,6,1,3,1,4,1,2,3,-2,2,0,1,0,1,0,-1,-114,-3,-1,4,3,0,0,1,-1,-1,1,1,-1
KR_6764625520,420,-3,1,-7,-10,1,1,2,0,2,2,-2,5,3,-9,12,3,0,2,2,-1,-9,1,4,-5,1,0,0,0,-1,-1,-1,-1,4,-1
KR_6758106623,420,-1,-27,20,-1,5,3,8,-2,2,0,-1,4,3,-2,7,5,-1,1,0,0,-7,1,1,-8,7,-4,0,0,-1,1,1,-1,2,-1
KR_6729561356,420,-3,-41,-5,-5,-2,4,2,-3,4,1,-1,5,4,-1,2,1,2,0,2,1,1,-27,3,-5,2,2,0,0,1,1,1,1,4,-1
KR_6728566016,420,1,13,24,-2,-1,4,3,0,1,1,1,1,2,-3,4,1,1,0,1,0,-5,-3,-5,-4,9,1,0,1,-1,1,1,1,3,-1
KR_6754521763,440,-4,-60,0,-7,5,2,7,-12,14,2,-1,3,2,1,2,3,0,3,3,-1,-5,7,2,-6,4,1,0,0,0,0,0,-1,0,-1
KR_6752399010,420,-1,-27,-20,5,0,2,2,1,1,2,1,0,1,0,3,3,3,0,3,0,5,-1,8,-9,1,0,0,0,1,0,0,-1,4,-1
KR_6752869882,420,-3,-31,-17,0,1,3,4,1,1,2,1,2,3,-2,4,2,-1,3,2,0,5,36,-4,-2,6,-2,0,0,-1,1,1,1,2,-1
KR_6536897816,420,2,38,15,1,-2,2,0,3,2,5,0,2,2,1,2,3,-1,2,1,0,1,-7,-5,-3,8,3,0,-1,1,1,-1,-1,3,-1
KR_6747392468,440,-4,-38,-12,-5,1,0,1,1,0,1,2,0,2,-5,5,0,-4,4,0,0,-4,4,-1,-3,4,-3,0,0,-1,-1,0,-1,2,-1
KR_6726368772,420,0,-2,-12,2,0,0,0,1,1,2,-2,4,2,3,2,5,0,1,1,0,1,2,-1,-1,2,-1,0,1,1,1,1,-1,1,-1
KR_6675246714,420,-1,25,-20,-2,-1,1,0,-4,6,2,0,0,0,3,2,5,0,0,0,0,-2,1,-1,-4,5,-2,0,0,0,-1,0,1,0,-1
KR_6627051671,420,2,53,-12,15,-1,2,1,1,4,5,2,1,3,12,2,14,1,1,2,3,26,-115,4,-9,5,6,0,2,1,1,-1,1,5,-1
KR_6697031634,420,-3,18,-32,-9,0,3,3,-4,7,3,-4,7,3,1,3,4,-2,2,0,0,-6,-19,-4,-2,6,2,0,-1,1,-1,-1,-1,3,-1
KR_6741924127,420,-4,-43,8,-13,-4,5,1,-4,4,0,-1,2,1,-1,2,1,-3,3,0,0,-17,-11,-2,-4,6,4,0,-1,1,-1,-1,-1,1,-1
KR_6758468466,420,-6,-48,9,-17,-4,4,0,-3,5,2,-2,2,0,-7,8,1,-1,3,2,0,-22,-3,0,-5,5,-2,0,-2,-1,0,-1,-1,3,-1
KR_6757128898,420,-3,18,-24,-4,0,1,1,0,2,2,-2,2,0,-3,4,1,1,0,1,-1,-11,149,1,-9,8,7,0,0,1,1,0,-1,3,-1
KR_6626110059,420,-1,-21,-11,-7,1,2,3,-1,3,2,-6,8,2,-1,4,3,0,1,1,0,-2,-6,-4,-4,8,2,0,0,-1,-1,0,-1,4,-1
KR_6736549731,420,-3,-6,-20,-7,2,1,3,-5,7,2,-2,4,2,-1,1,0,-1,3,2,0,-7,-552,-4,-4,8,0,0,-2,-1,-1,-1,-1,1,-1
KR_6665707785,420,-3,-65,-23,-7,-2,2,0,-3,4,1,-2,3,1,-1,6,5,1,1,2,0,5,7,4,-6,2,-4,0,-1,1,-1,-1,1,1,-1
KR_6760594474,420,0,-13,16,-6,-2,4,2,1,1,2,6,0,6,-4,8,4,-7,7,0,0,-9,-2,-5,-5,10,3,0,-1,-1,1,-1,-1,4,-1
KR_6579210654,420,-5,-58,-21,-6,0,1,1,3,2,5,-6,7,1,0,3,3,-3,3,0,1,-4,6,6,-7,1,-5,0,-2,-1,-1,-1,1,1,-1
KR_6654740011,420,-1,2,0,-2,1,0,1,0,2,2,-3,6,3,-1,3,2,1,1,2,0,-1,110,0,-7,7,1,0,1,-1,1,1,1,1,-1
KR_6744634949,420,-5,-68,-2,-13,-4,7,3,-5,6,1,-3,4,1,-1,3,2,0,1,1,0,-4,-5,-1,-4,5,-1,0,-2,1,-1,-1,-1,5,-1
KR_6629159606,420,4,10,36,5,-1,1,0,-3,5,2,1,0,1,1,4,5,7,0,7,0,5,15,-2,-5,7,0,0,1,1,-1,1,-1,3,-1
KR_6758009782,420,2,63,-31,3,-2,3,1,-1,4,3,3,3,6,0,4,4,3,1,4,2,5,29,-2,-2,4,-23,0,0,1,-1,0,1,1,-1
KR_6623877096,420,-2,-43,-32,-2,1,1,2,-4,5,1,1,3,4,1,1,2,-1,1,0,0,8,120,4,-7,3,-2,0,0,1,-1,-1,1,2,-1
KR_6748288590,420,-2,-50,-4,-7,-4,4,0,-2,3,1,-2,3,1,2,0,2,-1,5,4,0,-2,125,2,-6,4,0,0,-1,1,-1,-1,-1,1,-1
KR_6681249564,420,-2,-14,-5,-6,-4,5,1,0,4,4,3,1,4,-4,7,3,-1,4,3,1,6,1,1,-6,5,-4,0,-1,-1,-1,-1,1,5,-1
KR_6754581259,420,-1,-26,4,-5,0,1,1,-5,7,2,-1,1,0,1,1,2,0,0,0,0,-6,-107,2,-6,4,-3,0,-1,1,-1,-1,-1,2,-1
KR_6715312254,420,-1,-38,-18,-1,-3,4,1,1,1,2,4,1,5,-1,2,1,-2,2,0,0,1,-38,-3,-3,6,24,0,-1,0,-1,-1,1,0,-1
KR_6726275777,420,-3,-48,-3,-1,-5,5,0,1,2,3,2,0,2,0,2,2,1,0,1,0,4,0,-1,-2,3,0,0,-1,-1,1,-1,1,2,-1
KR_6761605746,420,-3,-27,-15,-4,-2,2,0,2,2,4,-1,3,2,-3,6,3,0,0,0,0,-1,6,1,-7,6,1,0,0,1,-1,-1,1,3,-1
KR_6726104337,420,1,11,-11,-1,1,1,2,-5,6,1,3,2,5,-5,8,3,5,0,5,0,-4,36,1,-5,4,-12,0,0,-1,-1,0,-1,5,-1
KR_6742042857,440,-3,-69,-15,-5,2,0,2,-1,1,0,-1,2,1,1,0,1,-6,6,0,0,-1,-35,-1,-2,3,6,0,-1,1,-1,-1,-1,6,-1
KR_6738986024,420,0,-20,18,-2,-3,4,1,-1,5,4,1,2,3,1,1,2,0,1,1,0,2,-118,2,-4,2,2,0,0,1,0,0,-1,2,-1
KR_6669677783,420,-4,-17,-13,-1,2,2,4,-1,2,1,3,1,4,-2,3,1,-3,3,0,0,-3,-105,6,-9,3,-1,0,1,-1,1,1,1,4,-1
KR_6696349831,420,-4,-33,-45,-10,-1,4,3,-4,5,1,0,1,1,-4,5,1,-1,2,1,0,-17,-22,-1,-3,4,-2,0,-1,-1,-1,-1,-1,4,-1
KR_6755067558,420,1,-63,7,6,-7,8,1,-2,5,3,0,5,5,8,3,11,7,2,9,0,16,35,-7,-3,10,3,0,0,1,1,-1,1,2,-1
KR_6411022647,420,-6,-30,-56,-4,1,1,2,-2,3,1,3,1,4,-5,7,2,-1,1,0,0,2,-5,3,-3,0,0,0,-1,-1,-1,-1,-1,2,-1
KR_6657873163,420,4,-15,36,4,1,1,2,1,3,4,1,3,4,0,2,2,1,1,2,0,6,1,-4,-4,8,5,0,0,1,-1,1,-1,1,-1
KR_6724892128,420,-2,7,-19,0,1,1,2,3,0,3,1,2,3,-3,4,1,-2,2,0,0,4,3,1,-6,5,2,0,0,-1,1,-1,-1,3,-1
KR_6751025137,420,-4,-100,-16,-12,-3,4,1,-5,5,0,1,3,4,-5,5,0,0,0,0,0,-11,-6,1,-3,2,-2,0,-3,0,-1,-1,-1,0,-1
KR_6760020033,440,-5,-33,-27,-15,1,1,2,-1,1,0,-4,4,0,-7,9,2,-4,4,0,-2,-16,11,1,-4,3,-4,0,-2,0,-1,-1,-1,0,-1
KR_6759638283,420,-5,-125,0,-13,-2,2,0,-4,7,3,0,2,2,-2,3,1,-5,5,0,0,-6,0,3,-8,5,0,0,-2,-1,1,-1,-1,1,-1
KR_6504620308,420,-3,-58,-17,-7,-3,3,0,0,4,4,1,1,2,-1,5,4,-4,4,0,0,-9,-9,-7,-1,8,0,0,-2,-1,0,-1,1,2,-1
KR_6761425268,420,-1,-36,-24,-5,-3,4,1,-2,2,0,3,0,3,-2,2,0,-1,1,0,-1,-7,6,-3,-2,5,-6,0,0,1,1,0,-1,2,-1
KR_6751452187,420,0,-8,3,-4,1,1,2,-1,3,2,2,2,4,-6,9,3,0,0,0,0,-1,0,1,-7,6,2,0,0,-1,1,-1,-1,2,-1
KR_6744549322,420,-3,19,-57,-3,-1,3,2,-2,2,0,-2,2,0,2,0,2,0,0,0,0,-4,3,-1,-4,5,0,0,0,-1,-1,0,-1,5,-1
KR_6678757728,420,-1,22,-10,-5,3,0,3,-2,3,1,0,3,3,-6,9,3,0,1,1,-1,-9,4,6,-8,2,2,0,-1,-1,1,-1,-1,6,-1
KR_6762249286,420,-2,-61,23,-7,-5,6,1,-2,3,1,-3,3,0,2,3,5,1,1,2,0,-4,1,2,-6,4,-1,0,0,-1,-1,-1,-1,1,-1
KR_6616355073,420,-3,-64,0,-11,-3,5,2,4,0,4,-9,10,1,-1,3,2,-2,2,0,0,-1,-11,-2,-5,7,-2,0,-1,-1,-1,-1,-1,3,-1
KR_6742829400,420,1,-2,32,3,-1,2,1,1,2,3,2,1,3,1,3,4,0,2,2,0,5,13,5,-8,3,-7,0,-1,1,-1,-1,1,6,-1
KR_6717985679,420,-1,-37,20,-2,2,2,4,-1,3,2,0,4,4,-3,4,1,0,0,0,0,-6,19,-3,-5,8,-6,0,0,-1,1,0,-1,3,-1
KR_6684358485,440,-2,-44,4,-5,0,1,1,1,1,2,-3,4,1,-3,4,1,0,0,0,0,2,-4,3,-8,5,2,0,-2,-1,-1,-1,1,4,-1
KR_6751627867,420,2,80,4,3,2,0,2,0,2,2,0,2,2,2,2,4,-1,3,2,0,7,-7,1,-4,3,6,0,-1,1,-1,1,1,4,-1
KR_6762466704,420,-4,-24,-4,-7,-2,3,1,-2,5,3,-4,8,4,1,2,3,0,2,2,-2,-2,18,2,-5,3,0,0,-1,0,1,-1,-1,0,-1
KR_6404824471,420,-4,-40,-19,-5,-1,1,0,2,4,6,-5,6,1,1,0,1,-2,2,0,0,-3,-2,-2,-4,6,2,0,0,1,-1,0,-1,6,-1
KR_6752363010,420,3,3,-8,3,-3,4,1,-1,3,2,4,0,4,0,2,2,3,0,3,-1,5,-4,-4,-4,8,0,0,2,0,1,1,-1,0,-1
KR_6420826104,420,2,61,0,1,0,3,3,0,2,2,3,2,5,0,1,1,-2,2,0,0,-4,5,0,-3,3,7,0,0,-1,1,1,-1,5,-1
KR_6689763314,420,0,13,-18,3,5,0,5,-1,2,1,-2,2,0,1,1,2,0,3,3,-1,-1,9,10,-14,4,-2,0,1,-1,1,-1,-1,6,-1
KR_6713307221,420,-4,-45,-32,-8,-4,4,0,-2,3,1,-1,1,0,4,1,5,-5,5,0,0,-8,16,5,-7,2,-2,0,-1,-1,-1,-1,-1,5,-1
KR_6738130933,440,2,-25,20,3,-3,3,0,1,3,4,-2,3,1,5,0,5,2,0,2,0,2,-33,-1,-3,4,1,0,0,1,-1,1,-1,4,-1
KR_6639399567,420,0,-40,-3,2,-7,8,1,0,3,3,7,1,8,1,2,3,1,1,2,0,8,-103,0,-6,6,-2,0,-2,0,0,-1,1,0,-1
KR_6748609709,420,0,18,28,-2,1,2,3,-4,6,2,-1,4,3,2,2,4,0,3,3,1,1,39,-4,-1,5,-18,0,1,1,-1,1,1,1,-1
KR_6592067711,420,-1,-8,12,-7,-2,3,1,-3,5,2,2,1,3,-3,6,3,-1,1,0,0,-11,10,-3,-6,9,-2,0,-1,-1,1,-1,-1,4,-1
KR_6759537719,420,3,-4,16,12,-3,3,0,7,0,7,0,1,1,6,0,6,2,0,2,0,16,5,-5,-3,8,5,0,0,-1,-1,-1,1,5,-1
KR_6703091389,420,-1,7,-43,2,-1,2,1,7,2,9,-6,6,0,1,3,4,1,2,3,-2,7,-12,2,-10,8,-6,0,0,-1,-1,-1,-1,2,-1
KR_6759360119,420,-4,-41,-19,-4,3,0,3,-7,9,2,0,2,2,-2,3,1,2,1,3,0,6,-174,-4,-4,8,-2,0,-1,1,-1,-1,1,1,-1
KR_6761399648,420,-2,-21,-11,-2,-5,6,1,1,0,1,6,0,6,-2,3,1,-2,2,0,1,-1,-312,0,-6,6,-4,0,0,-1,1,0,1,6,-1
KR_6759594046,420,-2,50,-17,-13,-3,4,1,-1,2,1,-5,5,0,-6,8,2,2,0,2,0,-13,-11,-2,-5,7,6,0,0,-1,-1,-1,-1,6,-1
KR_6679531233,420,-5,-46,-19,-4,1,0,1,0,2,2,-5,5,0,0,0,0,0,0,0,0,-2,-18,2,-4,2,0,0,0,-1,-1,-1,-1,6,-1
KR_6506067531,420,-4,-44,19,-15,-1,2,1,-7,8,1,-3,4,1,-3,4,1,-1,1,0,-1,-24,-55,0,-7,7,-7,0,-1,-1,1,1,-1,1,-1
KR_6752976842,420,-4,31,0,-9,0,2,2,-1,2,1,-3,5,2,-4,8,4,-1,2,1,0,-12,3,1,-6,5,1,0,-1,-1,1,-1,-1,1,-1
KR_6434697334,420,1,46,-7,4,-1,1,0,0,3,3,-5,7,2,7,1,8,3,2,5,0,1,-4,-5,-6,11,7,0,1,1,-1,1,-1,2,-1
KR_6703428360,420,-1,-14,4,0,4,1,5,0,1,1,-4,4,0,-1,2,1,1,1,2,0,-6,-2,-3,-3,6,-1,0,1,-1,-1,1,-1,2,-1
KR_6750187958,420,0,-9,-28,4,-2,7,5,-2,3,1,3,2,5,2,2,4,3,0,3,-1,6,14,1,-4,3,-4,0,-1,-1,-1,-1,-1,3,-1
KR_6761839758,420,2,-95,16,4,0,0,0,2,0,2,5,0,5,-3,3,0,0,0,0,0,2,-3,1,-5,4,-1,0,-1,-1,1,-1,1,1,-1
KR_6706805298,420,-2,-103,8,-5,0,2,2,2,2,4,-1,4,3,-3,4,1,-3,5,2,0,-5,3,0,-6,6,-2,0,0,0,0,0,-1,0,-1
KR_6763214972,420,0,5,-5,-1,2,1,3,0,3,3,-1,3,2,-5,5,0,3,0,3,0,2,-24,-2,-4,6,2,0,0,1,1,0,-1,4,-1
KR_6749031160,420,-6,-59,-32,-10,-4,4,0,0,5,5,-4,4,0,-2,4,2,0,0,0,0,-2,-4,-1,-2,3,-3,0,-1,0,-1,-1,1,0,-1
KR_6710345972,440,1,-80,-31,7,0,0,0,4,0,4,3,1,4,0,1,1,0,0,0,0,5,50,-2,-8,10,3,0,-1,-1,-1,-1,1,3,-1
KR_6764243820,420,-2,36,-21,-4,1,0,1,-5,6,1,-3,5,2,3,0,3,0,0,0,0,-7,-8,-4,-1,5,1,0,-1,1,1,-1,-1,6,-1
KR_6661470381,420,-4,-15,-31,-5,2,1,3,3,1,4,-4,6,2,-8,8,0,2,0,2,0,-6,-31,-3,-2,5,8,0,-2,1,-1,-1,-1,2,-1
KR_6722102866,440,-1,50,0,0,-3,3,0,0,3,3,1,2,3,-1,5,4,3,0,3,0,9,7,5,-7,2,-7,0,1,1,0,1,1,4,-1
KR_6653600758,420,-9,-117,-16,-17,-7,8,1,-3,4,1,-2,3,1,-6,6,0,1,0,1,0,-10,-122,-4,-4,8,-4,0,-4,-1,-1,-1,-1,3,-1
KR_6571269848,420,-1,41,8,-3,-3,5,2,4,0,4,2,0,2,-4,6,2,-2,4,2,-2,-7,-6,1,-5,4,5,0,-1,-1,-1,-1,-1,5,-1
KR_6717078187,420,-2,-21,-14,-5,0,0,0,0,2,2,-4,4,0,-1,3,2,0,1,1,1,-1,-6,-5,-2,7,-2,0,-2,1,-1,-1,1,6,-1
KR_6751838554,420,-3,10,-28,-8,-3,6,3,-4,5,1,-3,5,2,1,5,6,1,0,1,0,-3,-22,2,-5,3,1,0,-1,-1,1,-1,1,2,-1
KR_6512702865,420,0,-25,8,2,2,1,3,-1,5,4,0,1,1,1,2,3,0,3,3,0,2,3,0,-7,7,-4,0,0,-1,1,0,1,3,-1
KR_6697746455,420,-1,-116,6,0,-5,6,1,4,0,4,0,1,1,1,5,6,0,2,2,0,7,-7,1,-5,4,-3,0,-3,1,1,-1,-1,3,-1
KR_6654237437,440,-2,-50,-12,-5,3,1,4,-1,1,0,2,1,3,-4,6,2,-5,6,1,0,4,-3,1,-3,2,0,0,-2,1,-1,-1,-1,5,-1
KR_6420748892,420,1,-19,17,3,1,0,1,-1,5,4,2,2,4,1,2,3,0,0,0,0,7,6,2,-7,5,2,0,0,1,1,0,1,1,-1
KR_6704374465,440,0,-4,-16,-1,4,1,5,-4,4,0,2,3,5,-1,2,1,-2,2,0,0,-8,-117,-3,-3,6,5,0,1,-1,1,1,-1,1,-1
KR_6633414628,420,-3,-19,-13,-5,0,0,0,2,1,3,-1,3,2,-4,5,1,-2,4,2,0,6,29,1,-6,5,10,0,-1,1,0,-1,-1,6,-1
KR_6759614231,420,-3,-61,-48,-4,-4,4,0,0,3,3,-4,6,2,4,1,5,0,1,1,0,-2,6,-2,-3,5,2,0,-1,-1,-1,-1,-1,2,-1
KR_6743980426,420,2,87,1,1,0,5,5,-3,3,0,5,0,5,-1,1,0,0,1,1,0,0,106,2,-6,4,4,0,2,0,1,1,1,0,-1
KR_6743541029,420,-5,-91,-16,-7,-3,3,0,2,1,3,0,1,1,-5,6,1,-1,1,0,0,-5,-1,-5,-3,8,-1,0,0,-1,1,-1,-1,6,-1
KR_6712303395,420,-4,-68,-20,-10,-11,11,0,-5,6,1,0,5,5,5,1,6,1,0,1,0,2,-9,-6,-2,8,-1,0,-1,-1,-1,-1,-1,2,-1
KR_6669196311,420,-3,6,-21,-11,2,1,3,-12,12,0,-3,4,1,1,0,1,1,1,2,0,-19,-17,-2,-5,7,2,0,-1,-1,-1,-1,-1,4,-1
KR_6646359432,420,-2,-65,-4,3,0,4,4,1,3,4,0,1,1,1,0,1,1,0,1,0,4,6,3,-7,4,-6,0,0,-1,1,0,1,4,-1
KR_6756701326,420,-1,-4,-16,-2,1,1,2,-3,3,0,-1,2,1,5,6,11,-4,4,0,0,1,1,4,-4,0,-1,0,1,1,1,1,-1,5,-1
KR_6758781069,420,-1,-71,-13,-2,0,1,1,2,1,3,-1,1,0,-5,7,2,2,2,4,-1,-3,7,5,-8,3,-9,0,-1,-1,-1,-1,-1,2,-1
KR_6586837694,420,0,41,3,2,1,4,5,-1,2,1,-1,2,1,0,1,1,3,0,3,0,-4,112,2,-5,3,0,0,1,1,-1,1,-1,6,-1
KR_6715490004,420,0,-39,20,3,0,1,1,4,1,5,2,1,3,-1,1,0,-2,3,1,0,6,22,-3,-4,7,-1,0,0,1,1,0,1,5,-1
KR_6761362047,440,2,43,4,5,2,1,3,4,1,5,-1,4,3,0,5,5,0,0,0,0,3,4,1,-2,1,1,0,0,-1,1,0,-1,6,-1
KR_6721864280,420,-4,-1,-48,-12,-7,8,1,0,1,1,-3,6,3,-1,3,2,-1,3,2,1,-7,283,-3,-1,4,-1,0,-2,1,-1,-1,1,1,-1
KR_6761883904,420,-2,9,-36,-2,5,1,6,-2,2,0,-3,3,0,0,1,1,-2,2,0,0,-10,117,3,-7,4,12,0,1,-1,-1,1,-1,4,-1
KR_6730604493,420,-1,39,-39,2,0,3,3,-3,3,0,0,0,0,5,0,5,0,0,0,0,-2,-8,-1,-3,4,4,0,1,1,-1,1,1,5,-1
KR_6756407470,420,0,46,17,3,-2,5,3,-4,7,3,3,2,5,4,1,5,2,0,2,0,3,-4,-2,-4,6,2,0,0,1,0,1,-1,5,-1
KR_6760764282,420,-2,-18,8,-3,2,1,3,0,2,2,-4,5,1,-2,3,1,1,0,1,1,-8,-1,-8,-1,9,-4,0,0,-1,-1,0,1,6,-1
KR_6730290499,420,-3,-28,-24,-2,0,4,4,-6,7,1,2,0,2,2,2,4,0,1,1,0,-1,2,6,-7,1,-6,0,0,-1,-1,0,-1,1,-1
KR_6730913943,420,-2,-37,11,-8,0,0,0,-3,6,3,-2,4,2,-1,4,3,-2,2,0,0,-18,-21,0,-5,5,-5,0,-1,-1,1,-1,1,3,-1
KR_6505818858,420,-2,-24,11,-5,0,2,2,-2,3,1,-2,2,0,0,1,1,-1,4,3,0,-1,52,2,-5,3,-19,0,0,-1,-1,0,-1,2,-1
KR_6732973931,420,-2,-115,11,-12,-7,9,2,-5,6,1,-2,2,0,3,1,4,-1,2,1,0,-5,3,-3,-1,4,-1,0,-2,-1,-1,-1,1,3,-1
KR_6753816209,420,-3,-24,-36,-3,0,1,1,-2,4,2,-2,4,2,0,1,1,1,0,1,0,2,-5,-1,-3,4,3,0,-2,1,1,-1,-1,5,-1
KR_6679961601,420,-5,-66,11,-5,-3,6,3,2,1,3,1,3,4,-5,5,0,0,0,0,1,4,24,3,-3,0,-3,0,-1,-1,1,-1,1,4,-1
KR_6761743291,420,-3,-29,-24,-6,-5,6,1,3,2,5,-2,3,1,-3,6,3,1,1,2,-1,-4,1,-3,-3,6,-3,0,0,0,-1,-1,-1,0,-1
KR_6755617453,420,0,-34,13,5,2,3,5,1,1,2,2,1,3,1,4,5,-1,1,0,0,6,-2,0,-4,4,2,0,-1,-1,-1,-1,1,6,-1
KR_6520227631,420,0,-27,12,3,-5,5,0,0,3,3,-1,3,2,5,1,6,4,0,4,0,9,9,3,-7,4,-6,0,0,1,-1,-1,-1,4,-1
KR_6649365401,420,0,1,16,-3,-3,6,3,-1,1,0,1,4,5,0,1,1,0,0,0,0,-3,-264,5,-8,3,1,0,-1,1,-1,-1,-1,6,-1
KR_6715517169,420,-3,15,12,-9,-3,3,0,-3,7,4,-6,7,1,0,2,2,3,0,3,0,-10,-11,-5,-5,10,2,0,0,1,1,-1,-1,4,-1
KR_6724611655,420,-1,-14,4,3,0,2,2,0,3,3,3,0,3,0,1,1,0,0,0,1,5,3,4,-6,2,4,0,0,0,1,0,1,0,-1
KR_6742922823,420,0,-14,40,-5,-4,6,2,0,4,4,6,0,6,-5,6,1,-2,3,1,0,-8,8,5,-8,3,-7,0,0,-1,1,-1,-1,5,-1
KR_6759178457,420,-4,-87,-44,-12,-1,2,1,0,7,7,-3,4,1,-5,7,2,-3,4,1,0,-11,22,-1,-3,4,2,0,-1,-1,1,-1,1,1,-1
KR_6658294068,420,-1,-15,16,-1,-2,4,2,-2,3,1,3,1,4,1,2,3,-1,3,2,0,1,3,-3,-4,7,0,0,-1,1,-1,-1,-1,4,-1
KR_6758466195,420,3,15,22,4,1,1,2,0,3,3,-2,2,0,4,0,4,1,0,1,0,6,-6,3,-6,3,27,0,0,1,1,0,-1,1,-1
KR_6760489709,420,-1,-47,8,-3,-2,2,0,1,2,3,-1,3,2,0,2,2,-1,1,0,0,-2,-1,-3,-3,6,-2,0,0,-1,-1,0,-1,6,-1
KR_6716012864,420,1,4,10,6,1,3,4,1,3,4,1,2,3,1,2,3,2,1,3,0,2,3,0,-2,2,0,0,1,1,1,1,1,1,-1
KR_6658128083,420,-1,-14,-16,-4,-2,2,0,1,2,3,-2,3,1,-3,7,4,2,0,2,-1,-7,4,-3,-2,5,-1,0,0,-1,-1,0,-1,5,-1
KR_6756289749,420,-5,-70,-31,-5,-1,2,1,-5,5,0,3,2,5,0,2,2,-2,3,1,0,0,-27,-5,-2,7,-5,0,0,-1,1,-1,-1,6,-1
KR_6704264376,420,0,47,8,-8,1,4,5,-5,5,0,-6,8,2,0,1,1,2,0,2,0,-10,-3,-4,-6,10,1,0,1,1,-1,1,1,5,-1
KR_6710299448,420,2,-22,8,-3,-2,3,1,-1,3,2,-4,6,2,3,0,3,1,0,1,0,-4,32,-1,-1,2,1,0,-1,-1,-1,-1,1,5,-1
KR_6736007126,420,-2,6,-12,-6,-5,5,0,-5,7,2,-2,5,3,8,3,11,-2,3,1,2,3,-6,-2,-6,8,4,0,-1,0,-1,-1,1,0,-1
KR_6750107883,420,-4,9,-4,-14,-1,2,1,-2,3,1,-5,8,3,-6,6,0,0,0,0,-2,-26,-6,-1,-5,6,-5,0,0,-1,1,0,-1,2,-1
KR_6749155870,440,-2,-39,4,-8,-1,3,2,-3,3,0,1,1,2,-6,6,0,1,1,2,1,-11,-6,-1,-5,6,1,0,0,-1,1,0,1,4,-1
KR_6760509138,420,-3,-34,-31,-6,-1,2,1,0,2,2,1,1,2,-2,3,1,-4,5,1,1,-1,-10,0,-4,4,3,0,0,-1,-1,0,1,4,-1
KR_6586680146,420,1,91,1,5,1,2,3,2,3,5,2,0,2,1,3,4,-1,1,0,-1,3,4,6,-10,4,5,0,2,1,1,1,-1,4,-1
KR_6700281171,420,-5,1,-20,-1,-5,5,0,-2,2,0,1,2,3,10,3,13,-5,5,0,2,4,14,6,-10,4,-8,0,-1,-1,-1,-1,1,2,-1
KR_6591534714,420,-8,20,-20,-16,-1,3,2,-1,2,1,-6,7,1,-7,8,1,-1,1,0,0,-13,16,1,-4,3,-5,0,-2,-1,-1,-1,1,5,-1
KR_6717819114,420,-1,-33,4,-3,-7,7,0,6,5,11,0,2,2,0,3,3,-2,5,3,0,5,-8,0,-7,7,2,0,0,-1,-1,-1,-1,5,-1
KR_6751907358,420,-5,-5,16,-15,1,1,2,-2,2,0,-3,6,3,-10,11,1,-1,1,0,-1,-22,-4,-1,-3,4,-7,0,-1,-1,-1,-1,-1,5,-1
KR_6692633883,420,-2,-20,0,-6,-2,2,0,-3,3,0,-2,3,1,0,1,1,1,0,1,0,-5,-292,0,-2,2,-1,0,0,-1,-1,0,-1,5,-1
KR_6698086606,420,-4,-71,-10,-12,-5,6,1,-2,3,1,-1,2,1,-3,3,0,-1,1,0,0,-15,-21,2,-6,4,-2,0,-1,1,-1,-1,-1,4,-1
KR_6762362039,420,-5,-65,-20,-4,1,1,2,1,1,2,-5,7,2,0,3,3,-1,1,0,-1,-18,-19,-7,-3,10,2,0,-1,-1,0,-1,-1,6,-1
KR_6761894857,420,-2,-46,7,-8,-1,2,1,-3,5,2,-4,5,1,0,1,1,0,0,0,0,-6,7,0,-4,4,-4,0,0,0,0,-1,1,0,-1
KR_6733684639,420,2,-37,3,-6,2,1,3,-3,4,1,2,1,3,-8,8,0,1,1,2,0,-7,-2,-2,-4,6,-5,0,1,-1,1,-1,-1,6,-1
KR_6737295402,420,0,26,-20,2,-1,4,3,-4,7,3,6,5,11,2,6,8,-1,2,1,1,10,-1,-1,-5,6,6,0,-2,0,-1,-1,1,0,-1
KR_6740136614,420,-1,25,21,0,1,2,3,-1,2,1,3,2,5,-5,5,0,2,2,4,0,1,4,-5,-2,7,-20,0,-1,-1,1,-1,-1,3,-1
KR_6723375897,420,-3,14,-12,-7,0,6,6,-3,3,0,-1,3,2,-3,5,2,0,0,0,0,-19,-269,-2,-3,5,7,0,0,-1,-1,-1,-1,4,-1
KR_6723247840,420,-1,53,-8,-4,4,0,4,0,1,1,-7,7,0,-1,5,4,0,2,2,0,-5,41,-2,-2,4,0,0,-1,-1,0,-1,-1,5,-1
KR_6739365786,420,0,31,-3,1,-1,3,2,0,7,7,-3,3,0,0,3,3,5,0,5,0,-8,22,-3,-4,7,1,0,0,-1,1,1,1,6,-1
KR_6761995905,420,-4,-62,0,-9,-6,8,2,2,2,4,-1,4,3,-5,7,2,1,1,2,0,-9,-7,2,-4,2,-1,0,-1,1,1,-1,-1,1,-1
KR_6734915745,420,-2,-36,8,-1,0,0,0,-2,3,1,2,2,4,-2,2,0,1,0,1,0,1,-6,3,-7,4,5,0,1,-1,-1,1,-1,2,-1
KR_6632295976,420,1,11,-20,-3,-3,3,0,1,2,3,0,1,1,0,5,5,-1,3,2,0,-2,-3,-1,-2,3,1,0,0,-1,-1,0,-1,2,-1
KR_6635043173,420,2,13,19,-1,-2,4,2,1,0,1,0,1,1,-1,1,0,1,0,1,0,0,-7,-3,-4,7,-3,0,-1,-1,0,-1,1,5,-1
KR_6752079285,440,2,-39,-19,9,5,0,5,-1,1,0,2,2,4,5,3,8,-2,2,0,1,11,10,6,-14,8,-1,0,0,0,0,0,1,0,-1
KR_6714359401,420,-1,64,7,-8,0,3,3,-3,3,0,-4,5,1,1,1,2,-2,3,1,0,-16,138,5,-8,3,-9,0,0,-1,-1,-1,1,4,-1
KR_6761254409,420,2,45,32,3,0,2,2,0,0,0,-2,7,5,4,0,4,1,0,1,0,3,11,0,-5,5,-4,0,2,-1,-1,1,1,3,-1
KR_6714246122,440,0,59,16,-5,-2,2,0,0,2,2,-1,2,1,-1,1,0,-1,2,1,0,-6,-8,-6,-2,8,7,0,0,-1,-1,0,-1,2,-1
KR_6749501842,420,-1,-15,-20,0,1,2,3,-1,2,1,-1,3,2,1,2,3,0,0,0,-1,-3,142,1,-7,6,6,0,0,-1,1,0,-1,1,-1
KR_6215823715,420,-1,-43,-7,0,-1,2,1,3,3,6,0,2,2,-2,2,0,0,1,1,0,3,163,-2,-3,5,3,0,-1,-1,1,-1,-1,2,-1
KR_6728813738,420,1,-16,-36,0,-2,4,2,-8,11,3,4,0,4,6,0,6,0,1,1,0,6,5,-1,-5,6,0,0,0,-1,1,0,1,5,-1
KR_6744015830,420,-1,-70,-8,-1,-1,3,2,0,3,3,3,0,3,-1,1,0,-2,2,0,-1,-3,-8,-1,-3,4,3,0,-1,-1,-1,-1,-1,5,-1
KR_6749757006,440,-1,-29,21,-3,2,3,5,-2,2,0,-2,3,1,-2,3,1,1,0,1,0,-9,6,4,-9,5,7,0,0,1,-1,-1,-1,5,-1
KR_6759090525,440,0,-47,4,0,0,1,1,-1,3,2,-1,3,2,0,7,7,2,0,2,0,-5,-13,1,-10,9,2,0,-1,-1,-1,-1,-1,1,-1
KR_6658219798,420,-1,-63,36,-5,4,2,6,1,4,5,-2,3,1,-5,8,3,-3,3,0,-1,-7,-5,-3,-2,5,-2,0,0,1,0,0,-1,3,-1
KR_6750807285,420,-1,12,7,-7,0,2,2,-2,4,2,-3,4,1,-1,2,1,-1,1,0,0,-5,0,-4,-4,8,-1,0,0,-1,-1,-1,1,6,-1
KR_6597188004,420,-7,-119,-44,-14,-4,4,0,-3,5,2,-1,2,1,-4,4,0,-2,2,0,0,-13,-15,1,-4,3,-4,0,-4,-1,-1,-1,-1,3,-1
KR_6756440490,420,-5,-10,-4,-11,-3,3,0,1,1,2,-2,2,0,-5,5,0,-2,2,0,0,-11,-5,1,-7,6,-5,0,-1,-1,1,-1,-1,4,-1
KR_6706488070,420,-1,41,-5,-1,-2,2,0,1,3,4,-2,3,1,5,2,7,-3,5,2,0,1,3,2,-6,4,-3,0,0,1,0,1,1,3,-1
KR_6762984577,440,2,-9,34,11,3,4,7,3,1,4,4,1,5,1,2,3,0,0,0,2,16,-44,2,-4,2,17,0,-1,-1,-1,-1,1,3,-1
KR_6395053707,440,-5,-51,-28,-20,-1,4,3,-9,9,0,0,0,0,-4,5,1,-6,6,0,0,-22,-8,0,-5,5,-5,0,-2,0,0,-1,-1,0,-1
KR_6759891031,420,1,30,4,4,2,1,3,1,3,4,3,1,4,-2,2,0,0,0,0,0,1,-1,0,-3,3,6,0,0,1,1,1,1,6,-1
KR_6763054178,420,2,34,44,0,3,0,3,-3,4,1,-1,1,0,0,0,0,1,1,2,0,-2,1,0,-4,4,1,0,0,-1,1,-1,-1,1,-1
KR_6037275214,420,-2,-36,2,-5,-5,7,2,2,0,2,-2,6,4,0,1,1,0,0,0,0,5,27,5,-9,4,-5,0,1,1,1,1,-1,4,-1
KR_6570806694,420,1,-84,-12,5,-5,8,3,7,0,7,1,4,5,2,1,3,0,1,1,-1,26,38,1,-3,2,4,0,0,1,-1,-1,-1,3,-1
KR_6757818668,440,-2,-58,16,-6,-2,3,1,-2,3,1,-2,5,3,3,2,5,-3,5,2,-1,-2,53,0,-5,5,-7,0,-1,-1,-1,-1,-1,1,-1
KR_6655198103,420,-3,-108,15,-5,-1,4,3,-1,2,1,-5,5,0,3,1,4,-1,2,1,0,2,-4,0,-7,7,3,0,0,1,-1,-1,-1,6,-1
KR_6685284772,420,-3,-11,-8,-6,-1,2,1,-2,2,0,3,1,4,-2,2,0,-4,4,0,0,-6,-2,-3,-4,7,-1,0,0,-1,-1,0,-1,3,-1
KR_6761900405,420,-4,-79,-16,-3,2,1,3,-6,6,0,-2,3,1,2,1,3,1,1,2,0,-6,-3,-2,-5,7,-9,0,-1,-1,0,-1,-1,2,-1
KR_6703288688,420,-3,-31,-9,-3,-2,2,0,3,3,6,-4,5,1,-1,3,2,1,2,3,0,-1,-22,-3,-5,8,0,0,-1,1,-1,-1,1,6,-1
KR_6757994467,440,1,-17,28,-7,2,0,2,3,1,4,-6,6,0,-6,6,0,0,0,0,0,-9,-26,0,-4,4,-1,0,-1,-1,-1,-1,1,6,-1
KR_6629813014,420,-5,-36,-8,-12,-2,3,1,-5,6,1,-1,2,1,-1,4,3,-3,3,0,0,-22,46,3,-5,2,-7,0,0,-1,1,0,-1,6,-1
KR_6661734140,420,1,-15,12,-1,1,2,3,2,1,3,-3,3,0,-2,6,4,1,0,1,0,1,2,-6,-1,7,2,0,-2,-1,1,-1,1,6,-1
KR_6711353794,420,0,1,-9,-1,-4,5,1,-2,4,2,7,0,7,-2,2,0,0,0,0,0,6,0,1,-4,3,2,0,1,1,1,-1,-1,6,-1
KR_6764776650,420,-3,-104,26,-7,-5,5,0,-1,2,1,-1,1,0,0,0,0,0,0,0,0,-2,-38,1,-3,2,21,0,-2,1,-1,-1,-1,4,-1
KR_6455053668,420,-3,-14,-26,-4,-5,6,1,-2,6,4,-2,3,1,4,2,6,1,1,2,-2,-9,-20,0,-4,4,0,0,-2,-1,-1,-1,-1,4,-1
KR_6510923234,420,-4,-62,0,-10,0,2,2,-2,6,4,0,4,4,-8,9,1,0,0,0,0,-12,5,-1,-5,6,3,0,0,-1,1,-1,-1,4,-1
KR_6699483071,420,-1,-35,4,-4,-1,2,1,0,3,3,4,1,5,-4,5,1,-3,3,0,-1,-10,4,-1,-4,5,0,0,0,-1,1,0,-1,2,-1
KR_6723770994,420,-2,-69,5,2,0,1,1,2,1,3,1,0,1,-2,5,3,1,0,1,0,5,0,3,-6,3,-1,0,0,1,-1,0,1,3,-1
KR_6762268938,420,0,-23,12,6,-2,2,0,2,2,4,-1,2,1,6,2,8,1,0,1,0,10,3,-3,-2,5,0,0,0,1,-1,0,1,5,-1
KR_6753064669,420,0,-13,-34,0,-1,2,1,-1,5,4,3,1,4,-1,3,2,0,2,2,0,1,3,-2,-4,6,-1,0,0,-1,-1,0,-1,6,-1
KR_6626393669,420,-1,-22,0,-9,2,3,5,-2,3,1,-3,4,1,-5,9,4,-1,1,0,0,-15,1,-1,-3,4,2,0,0,1,1,1,-1,2,-1
KR_6757508236,420,-2,-59,-29,-6,1,2,3,-3,4,1,-2,5,3,-2,4,2,0,2,2,-1,0,1,-3,-5,8,-1,0,-2,-1,-1,-1,-1,1,-1
KR_6626680549,420,3,30,23,3,1,1,2,-1,3,2,3,1,4,0,0,0,0,1,1,0,0,4,-2,-3,5,-2,0,0,1,-1,-1,1,6,-1
KR_6705800389,420,-3,-141,-10,-15,-4,5,1,-3,3,0,-4,6,2,-8,9,1,4,1,5,0,-14,-5,-4,-1,5,-5,0,-3,1,-1,-1,-1,6,-1
KR_6759708580,420,-1,39,-52,5,1,2,3,7,1,8,2,1,3,-5,7,2,0,3,3,0,0,6,4,-9,5,2,0,3,-1,1,1,1,3,-1
KR_6761505035,420,-2,-50,44,1,-5,5,0,1,3,4,3,2,5,3,2,5,-1,1,0,0,-1,-26,1,-4,3,-3,0,-1,1,1,-1,-1,5,-1
KR_6749317302,420,4,20,16,-3,-4,4,0,-2,4,2,0,3,3,1,1,2,2,0,2,-1,1,4,0,-5,5,-1,0,0,1,-1,0,-1,2,-1
KR_6679996114,420,-5,-77,-7,-12,1,2,3,-4,4,0,1,2,3,-9,9,0,-1,1,0,0,-14,0,-2,-2,4,-2,0,-1,-1,-1,-1,-1,2,-1
KR_6715665134,420,-2,-13,-12,-7,-2,3,1,1,2,3,-3,6,3,-2,4,2,-1,2,1,0,-2,1,0,-4,4,1,0,-1,1,-1,-1,-1,1,-1
KR_6764788672,420,0,14,-5,-3,0,0,0,-1,4,3,-2,5,3,-2,4,2,2,0,2,0,-4,-7,-1,-4,5,0,0,0,-1,1,1,1,6,-1
KR_6691281214,420,-1,-78,25,-1,-1,1,0,2,3,5,0,2,2,-2,4,2,0,2,2,0,1,6,-3,-1,4,0,0,-1,1,-1,-1,1,2,-1
KR_6761630659,440,-4,-30,-29,-11,-1,1,0,-3,4,1,-5,5,0,-1,3,2,-1,1,0,0,-4,-7,-2,-3,5,1,0,0,-1,-1,0,-1,5,-1
KR_6655128606,420,-2,12,-41,1,2,1,3,3,2,5,-4,5,1,1,2,3,-1,2,1,0,-2,2,-3,-4,7,-7,0,-1,1,1,-1,1,5,-1
KR_6761086305,420,1,-3,40,-5,0,2,2,2,2,4,-4,6,2,-3,5,2,0,2,2,0,-10,-368,0,-3,3,2,0,0,1,-1,0,1,5,-1
KR_6748573974,420,-3,-38,-20,-14,-2,2,0,-2,7,5,-5,7,2,-5,5,0,0,1,1,-4,-22,-66,-2,-4,6,-3,0,-2,-1,1,-1,-1,3,-1
KR_6731345002,420,4,1,4,5,4,0,4,2,4,6,1,0,1,-5,5,0,3,0,3,0,-3,-3,-3,-2,5,2,0,-1,-1,0,-1,1,5,-1
KR_6512625531,420,1,-43,33,-2,0,0,0,4,2,6,-2,3,1,-3,7,4,-1,2,1,0,-3,12,-6,-2,8,1,0,-1,1,-1,-1,1,2,-1
KR_6727384258,420,-3,30,-24,-10,2,0,2,-4,4,0,-3,5,2,-3,3,0,-2,2,0,-1,-21,-4,2,-8,6,-2,0,-2,-1,-1,-1,-1,4,-1
KR_6666887476,420,-4,-110,-4,-4,1,2,3,-3,5,2,0,5,5,-1,2,1,-1,2,1,0,9,3,0,-5,5,0,0,0,-1,0,0,-1,3,-1
KR_6705832886,420,-4,-61,-28,-8,-2,3,1,-2,2,0,0,1,1,-2,5,3,-2,2,0,0,-5,-4,-3,-2,5,-3,0,-3,-1,0,-1,-1,5,-1
KR_6657238452,420,-2,-29,12,-5,1,2,3,-2,4,2,-2,3,1,-3,7,4,1,1,2,0,-5,-17,-1,-4,5,-6,0,0,-1,-1,1,-1,1,-1
KR_6730761832,420,-2,-36,-13,-4,0,4,4,1,1,2,1,1,2,-6,6,0,0,1,1,0,-10,2,-2,-5,7,-2,0,0,1,-1,0,1,3,-1
KR_6728817773,420,-3,-41,-14,-12,0,0,0,-1,3,2,-4,4,0,-7,7,0,0,0,0,-1,-13,7,10,-11,1,-10,0,1,-1,1,1,-1,3,-1
KR_6758925448,420,-3,-15,-8,-5,2,2,4,1,3,4,-3,5,2,-4,4,0,-1,4,3,-2,-1,-5,1,-5,4,-5,0,-2,-1,1,-1,-1,1,-1
KR_6738501704,420,-2,-30,-22,-8,-3,3,0,-3,5,2,0,0,0,0,2,2,-2,4,2,0,-5,-27,-4,-3,7,1,0,-1,-1,1,-1,1,1,-1
KR_6500183720,420,-3,-90,20,-8,-4,4,0,0,2,2,1,2,3,1,1,2,-6,7,1,0,0,1,-1,-4,5,0,0,-1,1,-1,-1,-1,6,-1
KR_6689170122,420,0,-20,-12,-6,-2,5,3,-3,7,4,-1,2,1,1,1,2,-1,3,2,0,-8,-7,0,-1,1,0,0,0,-1,-1,-1,1,3,-1
KR_6669439244,420,-2,37,-36,-2,-4,5,1,-2,5,3,3,0,3,1,0,1,0,1,1,0,-6,1,2,-6,4,-5,0,-1,-1,-1,-1,-1,5,-1
KR_6757603186,440,1,-38,11,-2,1,1,2,1,4,5,-6,6,0,1,5,6,1,0,1,0,-1,-9,-1,-2,3,5,0,-1,-1,-1,-1,-1,2,-1
KR_6741114630,440,5,88,-24,7,5,1,6,-6,6,0,4,1,5,5,0,5,-1,2,1,0,4,14,-1,-1,2,2,0,1,1,0,1,1,5,-1
KR_6723147344,420,2,15,21,0,-4,5,1,-3,5,2,2,1,3,5,3,8,0,2,2,-1,5,-17,0,-3,3,2,0,1,0,-1,-1,-1,0,-1
KR_6710499796,440,-8,-36,-19,-16,-6,7,1,-7,8,1,-1,3,2,1,1,2,-3,3,0,0,-13,-46,-1,-6,7,-3,0,-3,-1,-1,-1,1,6,-1
KR_6762630533,420,4,71,6,7,4,1,5,1,3,4,1,1,2,1,1,2,0,1,1,0,5,6,3,-5,2,0,0,3,-1,1,1,1,2,-1
KR_6760225281,420,3,29,45,-1,0,2,2,-5,7,2,2,1,3,1,4,5,1,1,2,0,1,-4,-1,-7,8,4,0,0,0,1,0,1,0,-1
KR_6504844143,420,-3,-4,24,-10,2,1,3,-1,8,7,-6,6,0,-4,6,2,-1,1,0,-2,-26,-6,-2,-1,3,0,0,-1,-1,0,-1,-1,4,-1
KR_6752739204,420,-2,-59,-20,-2,3,0,3,1,0,1,-2,3,1,-2,3,1,-2,4,2,0,4,1,4,-7,3,0,0,-1,1,-1,-1,-1,3,-1
KR_6685405506,420,-1,-34,-19,-1,0,1,1,0,4,4,-2,2,0,1,2,3,0,2,2,0,3,-111,-2,-7,9,1,0,0,1,-1,0,-1,3,-1
KR_6662396607,420,0,-30,-19,5,0,1,1,2,2,4,0,0,0,3,0,3,0,0,0,0,9,-1,-2,-5,7,1,0,0,-1,-1,0,1,4,-1
KR_6700076411,420,-3,-71,-24,-5,-2,3,1,0,2,2,-1,1,0,-1,2,1,-1,1,0,0,-4,2,2,-8,6,-1,0,-2,-1,-1,-1,-1,2,-1
KR_6700458884,420,2,25,9,1,0,0,0,2,3,5,7,1,8,-8,8,0,0,0,0,1,3,-34,-3,-6,9,-6,0,1,-1,1,1,1,5,-1
KR_6740378002,420,-2,-91,4,-7,0,1,1,1,4,5,-1,2,1,-7,7,0,0,0,0,0,-11,1,-1,-5,6,-8,0,-1,-1,1,-1,-1,3,-1
KR_6695440743,420,-4,-63,-28,-3,-5,5,0,0,4,4,2,2,4,0,6,6,0,0,0,0,-3,-2,-2,-8,10,0,0,-2,-1,0,-1,-1,6,-1
KR_6708586827,420,-1,47,-19,-5,-1,2,1,-6,8,2,0,1,1,3,1,4,-1,1,0,0,-3,-9,-1,-4,5,4,0,0,-1,1,0,1,1,-1
KR_6752927672,440,1,-51,-20,1,3,1,4,-2,4,2,-1,2,1,1,4,5,0,1,1,0,3,5,5,-7,2,-4,0,1,1,-1,1,-1,2,-1
KR_6755773201,420,-2,-9,25,-2,1,2,3,-2,6,4,2,3,5,-4,4,0,1,0,1,0,-4,-1,4,-6,2,-4,0,0,0,1,-1,-1,0,-1
KR_6760504975,420,1,2,-38,1,-4,5,1,4,2,6,-1,2,1,1,3,4,1,0,1,0,10,6,-2,-3,5,1,0,-2,1,-1,-1,1,3,-1
KR_6708533002,420,2,10,0,5,-1,2,1,5,0,5,-4,4,0,4,0,4,1,1,2,0,8,15,6,-8,2,1,0,0,1,-1,0,-1,1,-1
KR_6625495976,420,-2,-15,15,-4,-2,4,2,-3,4,1,-5,6,1,4,1,5,2,1,3,-1,2,7,1,-6,5,5,0,0,1,-1,0,-1,1,-1
KR_6494400027,420,-2,-130,-16,2,0,2,2,3,3,6,3,2,5,-4,4,0,0,0,0,0,13,15,6,-8,2,28,0,-3,1,1,-1,-1,3,-1
KR_6759569094,420,-6,-20,-19,-13,-4,5,1,-2,4,2,-1,2,1,-3,4,1,-3,3,0,0,-9,6,-1,-5,6,-5,0,-3,-1,-1,-1,-1,4,-1
KR_6731782185,420,0,3,-1,-8,-1,1,0,-2,5,3,-4,5,1,0,2,2,-1,4,3,-3,-14,-15,9,-11,2,-2,0,-1,-1,1,-1,-1,5,-1
KR_6748446360,420,1,-18,-8,-6,-1,3,2,0,1,1,-3,5,2,-4,7,3,2,0,2,0,-1,0,-1,-5,6,-3,0,-1,-1,1,-1,-1,6,-1
KR_6697433318,440,-4,-89,-16,-15,-1,1,0,-2,3,1,-4,5,1,-4,5,1,-4,8,4,0,-1,2,6,-8,2,-1,0,-1,-1,0,-1,1,1,-1
KR_6749043482,420,-1,-61,-25,-6,-4,6,2,2,1,3,4,4,8,-7,7,0,-1,5,4,0,-5,14,3,-5,2,-3,0,0,-1,-1,-1,-1,2,-1
KR_6624539300,440,-4,-37,-20,-9,-3,6,3,-6,7,1,-1,3,2,1,2,3,0,1,1,1,2,-5,-1,-4,5,-5,0,-1,-1,1,-1,1,5,-1
KR_6697910690,420,-4,-12,-25,-6,-4,5,1,5,0,5,2,2,4,-9,10,1,0,1,1,0,-19,-8,3,-5,2,-1,0,-1,1,1,-1,1,6,-1
KR_6676904574,420,-1,3,-32,-1,-1,1,0,1,0,1,3,1,4,0,2,2,-4,5,1,0,3,6,1,-5,4,0,0,-1,-1,-1,-1,-1,6,-1
KR_6639177183,420,-2,-21,-21,-2,-1,3,2,6,1,7,-3,7,4,-5,8,3,1,1,2,-1,-1,17,4,-6,2,-3,0,-1,0,1,-1,-1,0,-1
KR_6602471742,420,-4,-71,-28,-7,-9,9,0,0,2,2,-3,5,2,4,0,4,1,0,1,0,-3,-10,0,-3,3,2,0,-2,1,-1,-1,-1,3,-1
KR_6761809792,420,1,15,11,1,0,2,2,-3,3,0,2,3,5,-1,6,5,3,0,3,0,2,-2,-2,-1,3,1,0,0,1,-1,-1,1,5,-1
KR_6669771561,420,-3,-25,14,-10,-5,6,1,2,3,5,-2,3,1,-3,4,1,-2,3,1,0,-6,4,1,-5,4,1,0,-1,1,-1,-1,-1,4,-1
KR_6545046417,420,0,46,25,-1,3,1,4,-6,8,2,2,0,2,-1,4,3,1,1,2,0,-2,-2,-4,-2,6,-2,0,1,-1,-1,1,-1,2,-1
KR_6752241752,420,0,3,-14,1,-4,5,1,4,1,5,4,3,7,-4,4,0,1,0,1,0,0,-2,-3,-3,6,1,0,1,1,1,1,-1,6,-1
KR_6759311254,420,-1,-83,-21,3,-4,4,0,5,0,5,3,1,4,-2,5,3,1,1,2,-1,6,18,0,-4,4,-28,0,-1,-1,-1,-1,-1,5,-1
KR_6759376710,420,-2,-72,-28,-5,2,1,3,0,2,2,-5,6,1,-2,3,1,0,3,3,0,4,-3,0,-4,4,-1,0,0,-1,1,0,-1,1,-1
KR_6612088382,420,1,-68,12,1,0,1,1,-1,3,2,1,0,1,3,1,4,-2,2,0,1,0,-26,-5,-4,9,2,0,-1,1,-1,-1,1,1,-1
KR_6388067013,440,-5,-47,-12,-10,-8,8,0,0,2,2,0,2,2,-3,5,2,1,1,2,1,-11,11,6,-12,6,-2,0,-1,0,0,-1,1,0,-1
KR_6697598557,420,-4,-8,-36,-5,1,2,3,-6,9,3,0,0,0,1,6,7,-1,1,0,0,-14,-14,3,-6,3,2,0,1,-1,-1,1,-1,1,-1
KR_6696560758,420,-4,20,1,-13,-6,6,0,-2,2,0,-2,2,0,-3,4,1,0,0,0,0,-24,-21,-3,-5,8,0,0,0,-1,-1,-1,-1,6,-1
KR_6759384811,420,1,-57,4,2,0,1,1,0,1,1,0,2,2,1,1,2,1,0,1,0,3,7,0,-3,3,0,0,-1,-1,-1,-1,-1,6,-1
KR_6727971379,440,0,-61,14,-4,-2,5,3,0,1,1,3,1,4,-5,6,1,0,1,1,0,0,-8,-3,-1,4,3,0,-1,1,-1,-1,1,2,-1
KR_6691041601,420,-2,31,-20,-1,-1,1,0,2,1,3,3,1,4,-5,8,3,0,1,1,0,-3,-1,4,-8,4,1,0,-1,-1,1,-1,1,2,-1
KR_6737858267,420,-3,-17,0,-10,4,0,4,-5,7,2,-3,4,1,-6,9,3,0,1,1,0,-30,4,-2,-3,5,-2,0,0,-1,1,-1,1,6,-1
KR_6706846110,440,6,131,41,9,6,5,11,8,2,10,2,0,2,-8,10,2,1,1,2,0,-5,39,-1,-3,4,6,0,4,1,0,1,1,6,-1
KR_6743742087,420,1,24,0,1,0,4,4,2,1,3,-2,2,0,1,3,4,0,0,0,-1,-2,-1,2,-4,2,2,0,0,1,-1,0,-1,4,-1
KR_6665462233,420,-7,-77,-12,-13,-3,6,3,-3,4,1,-2,3,1,-5,6,1,0,0,0,0,-1,-6,2,-5,3,1,0,-2,-1,-1,-1,-1,3,-1
KR_6750223701,420,-4,-66,-13,-15,-1,2,1,-5,6,1,-3,4,1,-5,6,1,-1,1,0,0,-18,-7,-1,-2,3,-2,0,-3,-1,-1,-1,-1,6,-1
KR_6678524735,420,-3,-46,3,-3,-3,6,3,-1,6,5,-1,1,0,3,0,3,-1,1,0,0,0,-122,-3,-1,4,-14,0,-1,0,-1,-1,1,0,-1
KR_6744203224,420,-6,-63,-49,-15,1,0,1,-8,11,3,-2,6,4,-4,8,4,-2,3,1,0,-14,-35,-1,-5,6,0,0,-1,-1,-1,-1,-1,2,-1
KR_6737736300,420,-3,27,-12,-7,2,0,2,-2,3,1,0,3,3,-7,7,0,0,0,0,0,-12,6,1,-5,4,-2,0,1,1,1,-1,1,6,-1
KR_6435680956,420,-2,-43,4,-3,3,0,3,-1,2,1,-9,9,0,4,2,6,0,2,2,0,-1,-38,-1,-1,2,27,0,0,-1,1,0,-1,2,-1
KR_6668898649,440,-1,-37,4,2,-1,2,1,1,3,4,-1,2,1,1,3,4,2,0,2,0,0,-6,-2,-5,7,-4,0,-1,-1,-1,-1,1,6,-1
KR_6746145657,420,-4,-23,-7,-8,-2,3,1,-4,6,2,-1,3,2,-1,6,5,0,2,2,0,-10,-5,1,-5,4,0,0,-1,1,-1,-1,1,3,-1
KR_6689609922,420,-1,-30,11,5,3,2,5,6,2,8,0,1,1,1,1,2,-5,5,0,1,10,8,6,-8,2,0,0,0,1,1,1,1,2,-1
KR_6727467039,440,-2,-67,-40,-5,3,1,4,2,1,3,-3,4,1,-6,9,3,-1,3,2,0,-4,5,-3,-3,6,0,0,0,-1,1,-1,1,6,-1
KR_6736465553,420,-6,14,8,-17,-2,3,1,-3,3,0,-2,2,0,-8,9,1,-2,2,0,0,-19,31,-3,-1,4,-17,0,-3,-1,-1,-1,-1,6,-1
KR_6761872007,420,-2,-60,-12,2,3,0,3,-1,1,0,1,1,2,-1,1,0,0,2,2,1,3,-110,-1,-3,4,-2,0,-2,-1,-1,-1,1,4,-1
KR_6757235768,420,0,-48,48,-8,0,0,0,-3,5,2,1,3,4,-4,5,1,-2,3,1,0,-13,-23,1,-5,4,3,0,0,-1,1,0,-1,2,-1
KR_6635341895,420,0,-28,4,-6,2,4,6,-5,6,1,-3,3,0,-1,2,1,1,0,1,0,-11,2,2,-5,3,-1,0,0,1,1,-1,-1,2,-1
KR_6571259485,420,-7,-69,-4,-13,-1,2,1,-3,4,1,-3,3,0,-4,5,1,-2,3,1,0,-17,-10,-2,-3,5,-1,0,-1,-1,-1,-1,1,2,-1
KR_6746023931,440,0,27,17,1,-3,3,0,0,2,2,4,2,6,-1,2,1,1,0,1,0,-2,2,3,-7,4,-1,0,2,-1,-1,1,-1,2,-1
KR_6721353971,420,-8,-130,5,-17,-5,5,0,3,1,4,-1,2,1,-15,15,0,1,0,1,-1,-14,-19,-4,-2,6,-2,0,-4,-1,0,-1,-1,6,-1
KR_6725319718,420,-1,-10,-13,1,1,3,4,1,2,3,-4,4,0,1,3,4,2,1,3,0,7,-12,4,-8,4,3,0,-1,1,1,-1,-1,1,-1
KR_6748898221,420,1,35,47,1,-2,4,2,4,0,4,0,2,2,1,1,2,-2,2,0,0,6,9,4,-6,2,2,0,0,1,-1,1,-1,4,-1
KR_6608417247,420,-2,-40,22,-7,-1,4,3,0,3,3,-1,2,1,-5,7,2,0,0,0,0,-13,-2,-2,-3,5,0,0,1,-1,1,1,1,2,-1
KR_6758372235,420,-3,-23,13,-12,4,0,4,-2,7,5,-4,8,4,-10,13,3,0,0,0,0,-13,-7,-10,-1,11,0,0,-1,-1,1,-1,-1,4,-1
KR_6730430174,420,-5,-9,-7,-6,-2,2,0,1,1,2,1,1,2,-5,6,1,-1,2,1,0,-2,1,0,-5,5,0,0,-1,-1,1,-1,-1,6,-1
KR_6626384386,420,-1,38,-28,12,0,1,1,0,3,3,5,1,6,3,4,7,4,0,4,0,12,7,2,-6,4,-2,0,0,1,-1,1,-1,3,-1
KR_6678155375,440,-3,-44,-10,-10,0,0,0,-1,2,1,-2,3,1,-5,8,3,-2,3,1,-2,-17,-22,-2,-4,6,-2,0,1,1,-1,-1,-1,3,-1
KR_6696279863,420,2,24,20,0,7,1,8,0,2,2,-5,6,1,0,1,1,-2,2,0,0,-5,107,-4,-2,6,6,0,0,1,-1,0,-1,3,-1
KR_6458955222,420,-4,-45,-40,-1,-1,2,1,-3,6,3,-4,5,1,4,2,6,3,0,3,0,-2,9,-3,-5,8,2,0,0,1,-1,-1,1,2,-1
KR_6709699573,420,-1,-31,-8,-6,-1,3,2,-5,5,0,2,3,5,-2,4,2,0,2,2,0,-9,31,-3,-4,7,-31,0,-1,-1,-1,-1,1,3,-1
KR_6722441836,420,-1,-56,0,-4,-1,3,2,1,2,3,2,2,4,-6,8,2,0,1,1,0,-9,9,0,-4,4,-3,0,-1,1,-1,-1,1,4,-1
KR_6737890694,420,0,-48,16,0,0,2,2,2,2,4,0,1,1,-4,4,0,2,0,2,0,4,4,3,-6,3,1,0,-1,1,1,-1,-1,5,-1
KR_6695626185,420,-7,-78,-38,-16,-4,4,0,-3,6,3,-1,4,3,-8,9,1,0,2,2,-1,-6,-1,-3,-2,5,-3,0,-2,0,-1,-1,-1,0,-1
KR_6760706192,420,0,17,-18,-2,-2,3,1,2,2,4,1,4,5,-3,4,1,0,0,0,0,-3,-1,5,-11,6,0,0,0,-1,1,1,-1,2,-1
KR_6474454977,440,-3,-7,-24,-3,1,0,1,0,5,5,-1,4,3,-2,4,2,-1,1,0,0,-5,6,-3,-2,5,-3,0,-1,-1,-1,-1,1,4,-1
KR_6748478985,420,-4,-96,8,-7,-2,3,1,1,0,1,1,1,2,-6,6,0,-1,2,1,0,-6,-4,-5,-1,6,1,0,-1,0,1,-1,-1,0,-1
KR_6729463131,420,-1,-84,6,1,-3,4,1,6,2,8,-1,3,2,1,1,2,-2,2,0,0,12,-43,0,-5,5,15,0,-1,1,-1,-1,-1,5,-1
KR_6724735807,420,0,52,12,1,0,3,3,1,3,4,0,1,1,-1,2,1,1,3,4,0,-7,8,3,-7,4,0,0,1,0,0,1,-1,0,-1
KR_6756592722,420,0,-66,5,-5,0,1,1,-1,1,0,-5,7,2,0,1,1,1,1,2,0,-7,-3,-6,-2,8,4,0,-1,-1,1,-1,-1,3,-1
KR_6746317289,420,0,-19,-48,-6,4,0,4,-3,9,6,-3,5,2,-4,4,0,0,2,2,-3,-13,-16,0,-7,7,2,0,0,0,-1,1,-1,0,-1
KR_6633444624,420,4,43,25,4,4,0,4,2,1,3,-2,5,3,0,1,1,0,0,0,0,0,319,1,-2,1,0,0,1,-1,1,1,-1,3,-1
KR_6741066574,420,-4,-51,-44,-8,-4,5,1,-3,5,2,-1,2,1,0,0,0,0,0,0,0,-6,3,0,-2,2,2,0,-1,-1,0,-1,1,5,-1
KR_6747275963,420,-1,-2,8,-4,-4,4,0,2,0,2,-1,2,1,-5,6,1,4,1,5,0,5,26,-3,-3,6,1,0,0,1,1,-1,1,4,-1
KR_6756958656,420,-7,-84,-20,-14,-1,2,1,-4,5,1,-6,6,0,-2,3,1,-1,1,0,0,-16,7,0,-3,3,1,0,0,-1,-1,-1,-1,2,-1
KR_6142636340,420,-2,-48,-40,-1,0,1,1,1,1,2,1,2,3,-1,2,1,-2,3,1,-1,0,-14,-2,-6,8,2,0,-2,-1,-1,-1,-1,5,-1
KR_6650246396,420,-1,-10,12,-5,-1,2,1,-4,4,0,-3,5,2,1,4,5,2,0,2,0,-3,3,1,-4,3,-2,0,0,1,-1,0,-1,4,-1
KR_6632618870,420,-2,-70,-24,1,-2,2,0,0,2,2,4,1,5,-1,5,4,0,1,1,0,1,-48,-2,-4,6,22,0,0,-1,-1,1,1,5,-1
KR_6672701305,420,-3,8,-28,-2,3,1,4,-2,3,1,0,1,1,-1,2,1,-2,2,0,0,-6,105,-3,-3,6,4,0,1,-1,0,1,1,2,-1
KR_6710732138,420,-3,-41,7,-12,-6,7,1,1,3,4,-5,9,4,-3,4,1,1,4,5,-1,-13,37,-2,-4,6,-14,0,-1,-1,-1,-1,-1,4,-1
KR_6726978202,420,-3,-21,-20,-12,1,0,1,-5,7,2,-5,5,0,0,0,0,-3,4,1,0,-9,-4,2,-5,3,-3,0,1,1,-1,-1,-1,2,-1
KR_6507685160,420,-7,-49,9,-20,-6,8,2,-5,7,2,-5,6,1,-3,5,2,-1,3,2,-1,-26,-3,-7,-1,8,3,0,-1,-1,-1,-1,-1,6,-1
KR_6647158994,420,1,-48,22,-2,-3,3,0,2,3,5,1,3,4,-3,6,3,1,2,3,-1,-8,-12,0,-4,4,6,0,-1,0,0,-1,-1,0,-1
KR_6726841589,420,3,119,20,1,1,1,2,-2,3,1,-1,4,3,1,1,2,2,0,2,0,-3,1,-2,-5,7,-3,0,0,1,0,0,1,1,-1
KR_6667599913,420,1,6,8,-1,3,1,4,-2,3,1,-2,3,1,1,0,1,-1,1,0,0,-5,10,4,-7,3,-3,0,1,1,1,1,1,4,-1
KR_6621463058,420,-5,-77,-37,-9,-2,2,0,0,3,3,-8,9,1,1,2,3,0,3,3,0,1,20,-4,-2,6,2,0,-1,-1,-1,-1,-1,3,-1
KR_6741355798,420,-3,17,-32,-6,-3,4,1,-2,3,1,-1,4,3,-1,1,0,1,1,2,0,-7,1,2,-5,3,1,0,1,-1,1,1,1,5,-1
KR_6702647849,420,0,-10,20,0,1,0,1,-2,4,2,7,3,10,-1,5,4,-5,6,1,0,1,-2,0,-3,3,5,0,0,0,0,-1,-1,0,-1
KR_6759501110,420,-4,-43,-14,-10,-3,3,0,-1,2,1,-3,4,1,-4,4,0,1,0,1,0,-6,-17,-6,-3,9,6,0,-1,-1,-1,-1,1,1,-1
KR_6675031202,420,0,-25,-8,-3,7,0,7,-2,4,2,2,2,4,-7,7,0,-3,4,1,0,-10,-13,5,-7,2,-7,0,0,1,-1,-1,-1,1,-1
KR_6750316781,420,-1,27,0,-3,0,3,3,0,5,5,0,1,1,-4,4,0,1,0,1,-4,-10,-14,-2,-4,6,4,0,0,1,0,0,-1,2,-1
KR_6738052326,420,-4,-63,-8,-8,-3,4,1,0,4,4,-1,2,1,0,1,1,-4,4,0,0,-3,-6,-4,-4,8,3,0,-1,-1,-1,-1,-1,2,-1
KR_6706096071,420,-2,-7,12,-7,-6,6,0,0,0,0,0,1,1,-2,3,1,1,2,3,0,-5,-81,8,-10,2,-3,0,-1,1,-1,-1,1,1,-1
KR_6673722164,420,-3,-57,-12,-5,-3,3,0,1,0,1,-2,2,0,0,1,1,-1,1,0,0,-4,-41,-3,-3,6,-1,0,0,0,-1,0,-1,0,-1
KR_6755713326,420,0,-37,3,-3,-1,1,0,-1,2,1,1,1,2,-2,3,1,0,0,0,0,4,-18,-6,-3,9,7,0,0,-1,-1,-1,-1,5,-1
KR_6749498108,420,-1,-4,12,-4,4,3,7,-3,4,1,-4,4,0,-2,4,2,1,1,2,0,-12,0,-3,-3,6,-4,0,1,-1,0,-1,1,3,-1
KR_6642866154,420,-1,-11,16,-2,1,2,3,-1,4,3,0,2,2,-2,2,0,0,3,3,0,-7,0,-3,-4,7,0,0,0,1,1,1,-1,3,-1
KR_6580152520,420,-4,-82,-4,-9,2,0,2,-7,7,0,-9,10,1,5,2,7,0,1,1,0,-5,64,8,-10,2,-23,0,-1,-1,1,-1,-1,4,-1
KR_6705941185,420,-2,-80,-42,-1,1,1,2,0,2,2,-3,6,3,2,2,4,-1,4,3,0,1,2,1,-5,4,-1,0,-2,0,-1,-1,-1,0,-1
KR_6741919597,420,-4,-75,-39,-3,-4,4,0,3,2,5,-3,3,0,0,1,1,1,0,1,0,-3,-3,-4,-2,6,2,0,-1,-1,-1,-1,-1,6,-1
KR_6703719238,440,-1,-18,-6,-10,-2,5,3,1,3,4,-3,3,0,-5,7,2,-1,1,0,0,-6,-42,-2,-4,6,25,0,0,-1,-1,0,-1,3,-1
KR_6662968337,420,-5,-106,12,-5,-14,14,0,5,2,7,2,1,3,-3,7,4,5,0,5,0,5,-5,-3,-2,5,-1,0,-1,1,-1,-1,1,1,-1
KR_6695881366,420,-2,53,-12,-3,-3,5,2,2,2,4,2,1,3,-3,4,1,-1,2,1,1,-4,-6,-2,-6,8,-1,0,0,0,1,1,1,0,-1
KR_6755834316,440,0,-65,10,-3,-1,3,2,-1,3,2,-2,5,3,-3,7,4,4,0,4,1,4,8,2,-6,4,0,0,0,-1,1,-1,1,5,-1
KR_6741842288,420,-1,-23,-4,-5,-4,5,1,0,4,4,-3,4,1,1,1,2,1,2,3,0,8,2,2,-6,4,-1,0,0,-1,-1,0,-1,4,-1
KR_6737703202,420,0,-47,-12,-8,-3,4,1,-3,4,1,-3,4,1,1,0,1,0,0,0,0,-4,-9,-4,-2,6,-2,0,-1,-1,-1,-1,-1,2,-1
KR_6763893635,420,-3,-24,-48,-4,-1,4,3,-1,3,2,-5,5,0,3,1,4,0,0,0,0,-2,-16,1,-6,5,3,0,-2,-1,-1,-1,1,1,-1
KR_6747609254,420,-3,-65,-27,-7,1,2,3,-5,6,1,-1,2,1,0,4,4,-2,2,0,-1,-7,10,4,-8,4,-2,0,0,1,-1,0,-1,5,-1
KR_6751662280,420,-2,-30,27,-6,-2,2,0,1,2,3,1,0,1,-6,6,0,0,1,1,0,-1,-12,4,-4,0,1,0,-1,-1,0,-1,-1,5,-1
KR_6741706109,420,-6,-96,-6,-18,-2,3,1,-1,4,3,-5,5,0,-3,6,3,-7,7,0,0,-11,-10,-5,0,5,2,0,-3,-1,-1,-1,-1,6,-1
KR_6621714862,420,-2,-30,0,-9,-3,3,0,-4,4,0,1,3,4,-1,3,2,-2,2,0,0,-13,-2,1,-5,4,3,0,-1,-1,-1,-1,-1,5,-1
KR_6757843820,420,-6,-17,-40,-14,-6,7,1,-4,5,1,-4,6,2,0,1,1,0,0,0,0,-10,8,0,-7,7,-3,0,-1,-1,1,-1,-1,2,-1
KR_6674365679,420,-6,-82,-7,-10,-5,5,0,-2,4,2,-1,2,1,-2,4,2,0,1,1,0,-5,123,1,-7,6,-1,0,0,-1,0,0,1,6,-1
KR_6763012710,420,-1,7,-1,3,-2,3,1,6,0,6,-3,5,2,3,1,4,-1,2,1,0,6,14,-3,-1,4,3,0,1,1,-1,1,-1,6,-1
KR_6747494330,440,-5,-54,-4,-13,-1,6,5,0,0,0,-2,2,0,2,0,2,-12,13,1,0,-10,2,1,-4,3,0,0,-2,-1,0,-1,-1,5,-1
KR_6606292170,420,4,22,-16,5,1,2,3,5,2,7,-3,3,0,5,1,6,-3,3,0,1,18,15,1,-2,1,1,0,0,-1,1,1,1,2,-1
KR_6730264931,440,-3,10,-12,3,2,3,5,0,2,2,-2,3,1,4,2,6,-1,4,3,0,9,-41,6,-12,6,-1,0,-1,-1,0,-1,1,1,-1
KR_6494267956,420,0,-33,0,3,-2,3,1,-2,6,4,3,0,3,2,3,5,2,0,2,0,3,-3,-7,-4,11,7,0,0,-1,-1,1,1,4,-1
KR_6670258459,420,-5,-36,-19,-10,0,1,1,-6,10,4,-1,2,1,-3,5,2,0,0,0,0,-10,75,2,-4,2,1,0,-1,1,0,-1,-1,4,-1
KR_6750502989,440,-3,-35,-32,-8,2,0,2,-3,3,0,-2,4,2,-8,9,1,3,1,4,0,-3,2,2,-6,4,-4,0,-2,0,-1,-1,-1,0,-1
KR_6586127048,420,-1,-82,-4,-3,-2,4,2,1,1,2,1,0,1,-3,6,3,0,0,0,0,8,22,3,-9,6,0,0,-1,-1,0,-1,-1,2,-1
KR_6670298615,420,0,-14,-10,3,2,0,2,2,1,3,-3,4,1,2,1,3,0,0,0,0,8,-18,2,-5,3,2,0,0,0,1,1,1,0,-1
KR_6757695138,440,-4,-77,-36,-5,-2,5,3,-4,6,2,-1,5,4,2,2,4,0,0,0,0,4,24,4,-8,4,-3,0,-1,-1,-1,-1,-1,3,-1
KR_6728558573,420,0,-33,5,-3,-2,2,0,-2,3,1,-4,5,1,3,2,5,2,1,3,0,4,-106,-3,-2,5,1,0,0,0,-1,0,-1,0,-1
KR_6759891629,440,-2,-41,-7,-6,0,3,3,-2,3,1,-2,3,1,0,0,0,-2,2,0,0,-1,-3,-1,-3,4,0,0,0,-1,-1,0,1,1,-1
KR_6425223223,420,2,15,-10,5,-2,2,0,-3,4,1,4,2,6,4,2,6,2,0,2,-1,7,5,3,-4,1,-3,1,2,-1,1,1,-1,5,-1
KR_6659887335,420,0,-10,40,0,2,3,5,1,1,2,-4,5,1,-3,4,1,4,0,4,0,-8,20,-2,-2,4,1,0,1,-1,0,1,1,4,-1
KR_6757808793,420,0,-45,15,0,1,3,4,3,3,6,-2,3,1,0,2,2,-2,2,0,0,-7,-4,1,-3,2,-1,0,0,-1,-1,0,-1,1,-1
KR_6761640474,420,3,12,0,4,-3,4,1,13,2,15,-6,11,5,0,1,1,0,1,1,-1,9,-16,-1,-3,4,3,0,0,-1,1,1,-1,1,-1
KR_6675774860,420,0,20,-24,6,2,2,4,0,2,2,2,2,4,6,2,8,-4,4,0,-1,7,9,-2,-6,8,-1,0,1,1,-1,-1,1,3,-1
KR_6760905451,440,-6,-71,-15,-23,-4,5,1,-4,4,0,-5,6,1,-6,7,1,-4,4,0,0,-26,7,-1,-3,4,-10,0,-3,-1,-1,-1,-1,1,-1
KR_6739641750,420,1,-49,20,2,1,3,4,-3,5,2,1,1,2,4,0,4,-1,2,1,0,0,2,5,-8,3,-1,0,-1,0,-1,-1,1,0,-1
KR_6757041714,440,-2,-11,12,-4,-1,3,2,-1,3,2,1,3,4,-3,4,1,0,1,1,0,-16,-114,-3,-2,5,6,0,0,-1,1,0,1,6,-1
KR_6763291287,420,-1,-73,4,-3,5,0,5,1,1,2,-2,3,1,-4,4,0,-3,4,1,0,-4,-9,1,-5,4,-3,0,0,-1,1,-1,1,4,-1
KR_6762282783,420,-5,22,-12,-6,-5,5,0,1,1,2,-1,4,3,1,1,2,-2,3,1,0,-3,5,4,-4,0,-3,0,0,1,-1,0,-1,4,-1
KR_6674132934,420,2,6,-16,8,3,0,3,1,2,3,1,1,2,-1,3,2,4,1,5,0,5,-47,-3,-2,5,18,0,0,-1,-1,1,-1,3,-1
KR_6753664003,420,-2,20,-8,-9,-4,5,1,-1,3,2,-7,8,1,5,1,6,-2,2,0,1,-8,-1,-6,-4,10,2,0,-1,-1,-1,-1,1,5,-1
KR_6752209658,420,-1,-22,11,-7,1,2,3,-3,5,2,-2,2,0,0,2,2,-3,3,0,0,-7,-1,-1,-4,5,-5,0,1,-1,-1,1,-1,1,-1
KR_6708192543,420,-4,-32,-18,-15,-1,3,2,-3,4,1,-3,3,0,-8,8,0,0,2,2,0,-16,0,-1,-5,6,-2,0,0,-1,0,-1,-1,5,-1
KR_6725654016,420,-2,-47,-33,-12,-1,3,2,-1,4,3,-5,6,1,-5,7,2,0,0,0,-5,-15,1,-2,-6,8,-3,0,-1,-1,-1,-1,-1,4,-1
KR_6637401855,420,-1,0,-4,-8,2,2,4,3,2,5,-7,7,0,-1,4,3,-5,5,0,0,-1,-1,-1,-7,8,-3,0,-2,-1,0,-1,-1,2,-1
KR_6761804054,420,-7,-45,7,-15,-3,3,0,-6,9,3,-3,3,0,-2,2,0,-1,2,1,0,-10,-4,-4,-1,5,0,0,-1,0,-1,-1,-1,0,-1
KR_6667039030,420,0,2,20,2,0,1,1,2,1,3,-2,4,2,1,1,2,1,0,1,0,6,12,5,-7,2,-5,0,0,-1,-1,0,1,6,-1
KR_6764064596,420,-2,-96,-2,-3,-4,4,0,-1,1,0,-4,4,0,5,1,6,1,1,2,0,6,-4,3,-7,4,-2,0,-2,-1,-1,-1,-1,6,-1
KR_6732417309,420,-2,-46,-30,4,0,1,1,-4,4,0,3,1,4,3,0,3,2,1,3,0,3,-45,2,-6,4,5,0,-1,0,-1,-1,-1,0,-1
KR_6652671776,420,-2,-34,16,-9,0,2,2,4,0,4,-15,16,1,0,5,5,2,1,3,0,4,2,-7,-3,10,-2,0,-2,-1,-1,-1,1,6,-1
KR_6760323215,420,-1,-20,-25,4,4,0,4,3,2,5,4,2,6,-7,9,2,0,3,3,2,7,-44,2,-4,2,41,0,-1,1,1,1,1,5,-1
KR_6763168044,420,0,-41,-8,4,0,1,1,2,0,2,1,0,1,1,2,3,0,1,1,0,4,-149,-1,-6,7,29,0,0,1,1,0,1,3,-1
KR_6755428932,420,1,49,22,0,4,1,5,0,3,3,0,3,3,-1,1,0,-3,3,0,0,-6,-5,2,-7,5,-3,0,0,0,1,1,1,0,-1
KR_6714316678,420,-8,-144,-50,-4,-3,3,0,-2,5,3,-2,5,3,3,2,5,0,0,0,0,5,-2,0,-2,2,1,0,-3,1,-1,-1,-1,5,-1
KR_6490093262,420,-3,-9,4,-8,-3,4,1,-6,8,2,3,0,3,-2,2,0,0,1,1,0,-2,-6,-2,-2,4,1,0,-1,-1,1,-1,1,5,-1
KR_6763794086,420,4,-1,21,10,0,0,0,2,3,5,6,0,6,-1,3,2,3,0,3,1,9,33,2,-4,2,-5,0,0,1,-1,0,1,4,-1
KR_6672838327,420,-1,-36,3,-4,-1,1,0,-1,4,3,0,0,0,-2,6,4,0,1,1,0,-1,141,-1,-3,4,0,0,0,-1,-1,0,-1,4,-1
KR_6754886951,420,-3,-41,-16,-1,0,2,2,-6,7,1,5,4,9,0,2,2,0,1,1,0,-3,5,4,-6,2,-2,0,0,0,-1,0,1,0,-1
KR_6759909600,420,-1,-49,6,1,1,3,4,0,4,4,-1,3,2,0,3,3,1,0,1,0,8,4,5,-9,4,-5,0,0,-1,1,1,-1,4,-1
KR_6741074048,440,0,-18,-14,2,0,1,1,4,2,6,-3,7,4,-2,2,0,3,1,4,0,-3,-2,5,-10,5,2,0,0,-1,1,0,-1,2,-1
KR_6731314131,440,-1,-4,-1,-6,0,2,2,-3,8,5,-3,3,0,-1,1,0,1,1,2,0,0,18,3,-6,3,12,0,-1,1,-1,-1,-1,6,-1
KR_6695144518,420,-1,5,-20,1,3,1,4,3,2,5,-3,4,1,1,3,4,-3,5,2,0,-2,-2,2,-5,3,1,0,-1,-1,1,1,1,3,-1
KR_6761874898,440,-8,-52,-16,-17,-2,2,0,-5,7,2,-3,3,0,-5,7,2,-2,2,0,-1,-13,0,0,-4,4,1,0,-3,1,-1,-1,-1,5,-1
KR_6639236045,420,-4,-31,-48,-1,1,0,1,0,3,3,-3,6,3,1,4,5,0,2,2,0,6,-3,-2,-4,6,-14,0,-2,-1,-1,-1,-1,3,-1
KR_6591551298,420,-5,-93,-4,-4,-3,4,1,2,2,4,-3,4,1,-1,2,1,1,3,4,0,-1,-114,5,-10,5,-5,0,-1,0,-1,-1,1,0,-1
KR_6710195195,440,0,-81,4,1,-1,2,1,0,1,1,2,0,2,4,1,5,-4,5,1,0,2,64,-1,-4,5,-7,0,0,1,-1,-1,-1,3,-1
KR_6763333550,420,0,-22,19,-5,-1,2,1,-1,2,1,-4,5,1,2,2,4,-1,4,3,0,-2,1,0,-5,5,3,0,1,1,1,1,1,5,-1
KR_6764345304,420,-1,5,4,-4,1,1,2,-5,6,1,-1,3,2,2,0,2,-1,1,0,0,-5,8,-1,-3,4,1,0,2,-1,1,1,-1,5,-1
KR_6716606290,420,-3,-90,8,-4,-2,3,1,-7,7,0,-1,1,0,4,1,5,2,0,2,0,1,-328,1,-2,1,-5,0,-3,1,-1,-1,1,6,-1
KR_6153747122,420,3,-45,16,1,1,2,3,0,4,4,2,0,2,-1,1,0,-1,1,0,0,2,-8,4,-9,5,-4,0,1,1,-1,1,1,5,-1
KR_6744916011,420,-5,-27,-45,-11,0,2,2,-6,7,1,-1,2,1,-4,4,0,0,0,0,0,-9,-43,0,-3,3,4,0,-1,1,-1,-1,-1,2,-1
KR_6750359991,420,-3,-107,-9,-3,-3,3,0,1,2,3,2,0,2,-2,3,1,-1,1,0,0,-5,-7,-4,-1,5,2,0,0,-1,0,0,-1,1,-1
KR_6688822253,420,-2,-59,-8,-8,0,2,2,-4,6,2,-2,5,3,-2,3,1,0,0,0,0,-6,21,-1,-2,3,0,0,-1,-1,-1,-1,-1,2,-1
KR_6729087523,420,-6,-49,-39,-16,-2,2,0,-1,5,4,-6,8,2,-1,2,1,-6,7,1,-3,-18,-138,-3,-3,6,0,0,-2,1,-1,-1,-1,2,-1
KR_6762322336,420,-4,-66,-20,-12,-3,3,0,0,1,1,-5,6,1,-2,2,0,-2,2,0,0,-10,-3,1,-5,4,-5,0,-2,-1,-1,-1,-1,3,-1
KR_6579289916,420,-3,10,-8,-4,-4,4,0,-1,1,0,0,4,4,1,2,3,0,2,2,0,1,-2,1,-8,7,4,0,0,1,0,0,1,2,-1
KR_6763736366,420,-1,-43,18,4,-3,3,0,2,2,4,2,2,4,1,3,4,2,2,4,0,8,-13,0,-3,3,-1,0,-1,-1,-1,-1,1,4,-1
KR_6700107601,420,-2,-51,9,-6,1,1,2,-5,6,1,1,1,2,-2,2,0,-1,1,0,0,-10,0,-5,-3,8,-4,0,-1,-1,0,-1,1,2,-1
KR_6704560598,440,-4,2,-32,-9,1,1,2,-4,6,2,-8,14,6,2,0,2,0,0,0,0,-11,-15,-1,-5,6,2,0,-3,1,-1,-1,1,5,-1
KR_6740202310,420,-2,-43,-23,0,-1,2,1,0,2,2,5,1,6,-3,4,1,-1,2,1,0,4,-6,3,-6,3,-2,0,-1,0,0,-1,1,0,-1
KR_6729069340,420,-5,-32,-5,-10,-2,2,0,-1,2,1,-1,1,0,-7,10,3,1,0,1,1,-2,-28,0,-4,4,1,0,0,-1,-1,-1,1,6,-1
KR_6749725151,440,-3,8,-4,-13,-7,7,0,1,2,3,-7,8,1,-1,4,3,1,0,1,0,-11,-1,-1,-6,7,-3,0,0,-1,0,0,-1,2,-1
KR_6596182770,420,-1,-12,-12,-3,3,3,6,-6,8,2,1,2,3,0,3,3,-1,1,0,0,-6,-15,-9,-2,11,2,0,0,-1,-1,0,1,3,-1
KR_6658061796,420,-3,-81,-17,-6,-2,2,0,4,2,6,-3,3,0,-1,1,0,-4,5,1,0,0,6,-3,-2,5,1,0,-2,-1,-1,-1,-1,2,-1
KR_6694077086,440,-3,-57,-30,-7,2,1,3,-2,5,3,-2,4,2,-4,7,3,-1,1,0,-2,-13,4,3,-7,4,-3,0,-2,0,1,-1,-1,0,-1
KR_6762736628,440,-5,-81,-16,-14,-8,9,1,0,2,2,-3,6,3,1,2,3,-4,6,2,0,-12,-7,-6,-3,9,-4,0,-2,1,-1,-1,-1,2,-1
KR_6759951401,420,-1,-56,10,-4,-5,6,1,2,0,2,-1,2,1,-2,2,0,2,0,2,0,0,1,-2,-5,7,-3,0,0,-1,0,0,1,6,-1
KR_6664179560,420,-1,-18,13,1,-1,1,0,-2,4,2,3,0,3,2,2,4,-1,3,2,1,2,-8,-8,-4,12,5,0,0,1,1,-1,1,2,-1
KR_6741173252,420,0,-61,-8,-1,3,1,4,-3,5,2,0,1,1,2,0,2,-3,3,0,0,3,19,6,-7,1,-2,0,0,-1,-1,0,1,1,-1
KR_6757141531,420,0,29,-20,-2,-1,3,2,3,0,3,-4,6,2,0,1,1,0,0,0,0,2,-1,-5,-6,11,0,0,0,1,-1,0,-1,2,-1
KR_6761205709,420,-1,-48,8,-7,-2,2,0,-1,2,1,0,0,0,-4,8,4,0,1,1,0,-2,-2,0,-7,7,-5,0,0,0,-1,0,-1,0,-1
KR_6676945613,420,-1,-22,-2,-3,1,2,3,-1,1,0,0,0,0,-3,4,1,0,2,2,0,-6,-9,-4,-3,7,1,0,-1,1,-1,-1,1,5,-1
KR_6628958121,420,-3,-113,-12,-5,1,2,3,1,0,1,-3,3,0,-3,4,1,-1,4,3,0,-6,-11,-2,-2,4,-1,0,-2,1,-1,-1,-1,4,-1
KR_6755121478,420,-4,-28,16,-11,-3,4,1,-5,6,1,-3,3,0,2,4,6,-2,4,2,0,-10,-17,-1,-2,3,2,0,0,-1,-1,-1,-1,6,-1
KR_6761204555,420,-4,67,-16,-13,0,3,3,-5,5,0,-6,7,1,-3,6,3,1,2,3,0,-15,3,-1,-4,5,2,0,0,-1,-1,1,-1,4,-1
KR_6698366801,420,-4,-55,0,-11,-3,3,0,-4,4,0,-4,5,1,0,2,2,0,1,1,0,-1,-2,-3,-2,5,-3,0,-1,-1,-1,-1,-1,1,-1
KR_6638224121,440,-3,-51,-8,-2,0,1,1,-4,5,1,1,2,3,2,1,3,-1,1,0,0,-2,-2,0,-6,6,2,0,-2,1,-1,-1,1,2,-1
KR_6713778028,420,-7,-79,-10,-11,-6,7,1,-3,6,3,-6,6,0,4,1,5,0,1,1,-1,-3,2,0,-3,3,-2,-1,-3,-1,-1,-1,1,1,-1
KR_6714506705,420,-5,11,-20,-9,0,2,2,-6,8,2,-3,4,1,-2,4,2,2,1,3,0,-10,1,3,-9,6,-3,0,-2,-1,-1,-1,-1,5,-1
KR_6749405983,420,-5,-60,20,-15,1,2,3,-7,9,2,1,2,3,-10,12,2,0,1,1,0,-15,-7,3,-7,4,-4,0,-1,0,-1,-1,1,0,-1
KR_6743472833,420,-2,-78,-16,2,1,2,3,-2,4,2,-6,6,0,5,1,6,4,0,4,0,1,-30,-5,0,5,0,0,-1,0,-1,-1,-1,0,-1
KR_6751833906,420,-6,-112,10,-6,-7,7,0,1,1,2,-1,4,3,0,4,4,1,1,2,0,1,6,0,-8,8,-12,0,-2,0,-1,-1,1,0,-1
KR_6745067056,440,1,55,-3,5,1,4,5,-1,1,0,-2,3,1,8,2,10,-1,1,0,0,6,-113,1,-4,3,-3,0,0,-1,-1,0,1,6,-1
KR_6704548152,440,-2,-26,-16,-11,-5,5,0,2,1,3,-8,8,0,-1,3,2,1,2,3,0,-6,-2,-5,-1,6,1,0,0,-1,0,-1,-1,3,-1
KR_6753976065,420,0,-25,-3,1,-3,3,0,5,0,5,-3,4,1,3,3,6,-1,1,0,0,6,-4,6,-9,3,-2,0,0,-1,-1,0,1,2,-1
KR_6706578299,420,-3,-3,-13,-9,-5,6,1,4,3,7,-2,4,2,-6,6,0,0,1,1,0,-10,-9,-1,-4,5,2,0,-1,1,-1,-1,1,1,-1
KR_6733013219,420,0,-2,-28,-2,2,1,3,-3,3,0,-3,3,0,3,1,4,-1,1,0,0,-2,2,1,-8,7,-4,0,-1,-1,-1,-1,1,1,-1
KR_6748840794,420,-3,-110,-9,-7,-3,4,1,-1,4,3,0,3,3,-2,5,3,-1,2,1,0,-4,21,0,-5,5,5,0,-2,1,-1,-1,1,6,-1
KR_6747687524,440,-1,-52,-34,-12,3,0,3,0,1,1,-5,6,1,-6,8,2,-4,5,1,0,-17,-25,1,-7,6,-5,0,-1,-1,-1,-1,-1,6,-1
KR_6750995728,440,-1,34,0,-5,0,4,4,-3,5,2,-5,5,0,0,0,0,3,0,3,0,-4,-27,1,-3,2,-3,0,0,-1,-1,1,-1,3,-1
KR_6702008548,420,0,32,-28,-5,3,2,5,0,4,4,-7,7,0,0,2,2,-1,1,0,0,-2,-8,-2,-1,3,1,0,-1,-1,-1,-1,1,5,-1
KR_6717577128,420,-1,64,-4,-1,-1,1,0,3,1,4,-3,3,0,1,3,4,-1,5,4,1,-9,-2,1,-4,3,2,0,0,-1,1,-1,1,1,-1
KR_6728397265,440,-2,-86,-8,-3,1,0,1,2,2,4,-3,5,2,0,3,3,-3,3,0,-1,1,-1,3,-6,3,-6,0,-1,-1,-1,-1,-1,6,-1
KR_6641823584,420,-12,-109,-59,-16,-4,4,0,-8,9,1,-3,3,0,-2,4,2,1,0,1,0,-15,-36,5,-7,2,-1,0,-4,-1,-1,-1,-1,5,-1
KR_6757135072,420,-3,-7,0,-10,-2,3,1,0,2,2,-4,4,0,-3,3,0,-1,1,0,0,-8,-3,-5,-2,7,-1,0,0,-1,0,-1,-1,4,-1
KR_6658592354,440,-4,-76,-28,-8,-4,5,1,0,2,2,-3,5,2,-1,4,3,0,1,1,-1,-3,2,2,-7,5,3,0,-3,-1,-1,-1,-1,3,-1
KR_6475101393,440,-1,-78,8,-7,1,0,1,1,4,5,-4,7,3,-1,4,3,-4,4,0,-1,-11,-10,-1,-5,6,4,0,-1,1,1,-1,-1,1,-1
KR_6764052961,420,1,35,24,1,-1,2,1,-2,3,1,7,1,8,-4,5,1,1,0,1,0,-3,48,-4,-2,6,-15,0,1,-1,-1,1,1,5,-1
KR_6764402687,420,-1,-2,-3,-6,2,1,3,-1,2,1,-1,2,1,-6,6,0,0,1,1,0,-16,8,3,-7,4,-3,0,0,1,-1,0,-1,3,-1
KR_6719394741,420,-3,-10,-20,-3,1,1,2,-1,7,6,-1,2,1,-2,6,4,0,1,1,0,0,-116,-2,-3,5,-3,0,-1,-1,-1,-1,1,6,-1
KR_6586552470,420,-5,-71,-41,-10,1,2,3,-6,6,0,-4,5,1,0,3,3,-1,4,3,0,-8,-1,2,-9,7,2,0,0,-1,-1,0,-1,4,-1
KR_6522022627,420,-3,-59,-18,-3,2,0,2,-1,4,3,0,2,2,-4,6,2,0,0,0,0,-2,44,1,-5,4,8,0,-1,-1,-1,-1,1,5,-1
KR_6434019072,420,0,-28,0,2,1,2,3,-5,5,0,3,1,4,3,0,3,0,0,0,0,1,-4,-2,-4,6,2,0,0,-1,-1,0,-1,1,-1
KR_6729326044,420,-1,-61,3,-6,-2,2,0,0,3,3,-1,5,4,-1,4,3,-2,2,0,-1,-3,-343,1,-7,6,1,0,-2,1,-1,-1,-1,4,-1
KR_6724521159,440,0,-33,-18,0,2,1,3,-5,5,0,4,0,4,-2,4,2,1,0,1,0,-4,1,4,-7,3,-2,0,0,-1,1,0,-1,4,-1
KR_6658161801,420,2,64,4,6,0,3,3,0,3,3,4,0,4,2,0,2,0,0,0,0,8,-3,-3,-3,6,3,0,1,-1,-1,-1,1,1,-1
KR_6764144395,420,2,38,16,2,1,0,1,4,1,5,2,1,3,-4,6,2,-1,3,2,0,5,2,2,-6,4,-3,0,-1,0,-1,-1,1,0,-1
KR_6630444994,420,-5,-51,2,-5,-1,3,2,-1,3,2,-5,8,3,-1,5,4,3,0,3,2,-13,8,-4,-4,8,-1,0,0,1,1,-1,1,4,-1
KR_6751838837,420,-2,-72,12,-5,0,1,1,0,5,5,0,1,1,-4,6,2,-1,3,2,0,-6,-7,0,-4,4,0,0,0,-1,-1,0,-1,1,-1
KR_6703735676,420,-1,-4,3,-2,3,3,6,3,2,5,-1,3,2,-3,5,2,-4,4,0,0,-4,10,4,-10,6,-2,0,1,-1,1,1,1,1,-1
KR_6747214860,440,-2,45,-10,-3,4,1,5,-2,4,2,1,3,4,-6,6,0,0,0,0,1,-8,13,4,-6,2,-3,0,0,1,0,0,1,6,-1
KR_6756244909,420,2,21,1,1,0,1,1,-1,2,1,-2,5,3,5,4,9,-1,1,0,0,2,34,5,-10,5,1,0,1,0,0,1,-1,0,-1
KR_6724909608,420,-4,-65,-17,-12,-2,2,0,-1,4,3,-6,6,0,-4,8,4,1,0,1,0,-21,6,2,-5,3,-3,0,0,-1,1,0,-1,3,-1
KR_6627864042,440,-3,-72,-15,-9,1,2,3,-4,4,0,0,1,1,-4,5,1,-2,3,1,0,-2,17,3,-7,4,-3,0,0,-1,-1,-1,1,3,-1
KR_6750723344,420,-2,-41,0,-4,-4,4,0,0,2,2,-1,5,4,2,0,2,-1,1,0,0,-6,32,1,-3,2,-1,0,-2,0,1,-1,1,0,-1
KR_6669161498,420,-3,-20,8,-6,-2,3,1,0,5,5,0,0,0,-3,5,2,-1,1,0,0,-9,2,1,-5,4,-4,0,0,1,-1,0,1,3,-1
KR_6752344426,420,-1,-12,3,-3,-1,2,1,1,5,6,-2,4,2,-3,6,3,2,0,2,2,7,-3,-1,-3,4,-2,0,0,1,-1,0,1,6,-1
KR_6297638179,420,0,11,9,-3,-1,2,1,0,1,1,-2,2,0,1,2,3,-1,3,2,0,-7,91,2,-4,2,-2,0,2,-1,1,1,-1,3,-1
KR_6758220187,420,-1,-37,-17,-3,-7,7,0,5,0,5,2,1,3,-3,5,2,0,1,1,0,-2,-1,-4,-3,7,0,0,-2,-1,-1,-1,1,5,-1
KR_6750638700,420,0,-28,8,5,-3,3,0,5,0,5,-1,4,3,3,1,4,1,1,2,1,4,-3,-8,-1,9,1,0,1,-1,1,1,1,5,-1
KR_6763922562,420,-1,-47,8,-3,1,2,3,-3,5,2,1,4,5,-3,7,4,1,0,1,0,-7,-122,2,-6,4,-1,0,1,1,1,1,-1,2,-1
KR_6657177656,420,-2,-52,-16,-9,-1,3,2,-5,8,3,-5,7,2,0,3,3,2,0,2,0,-3,5,2,-8,6,-4,0,-1,0,-1,-1,-1,0,-1
KR_6758805451,420,-3,-31,-19,-9,-3,4,1,1,1,2,4,1,5,-9,12,3,-2,3,1,0,-9,5,-3,-5,8,-5,0,-3,-1,1,-1,-1,4,-1
KR_6761903274,440,0,-22,19,9,2,2,4,4,2,6,-2,2,0,1,4,5,4,0,4,0,5,-8,3,-6,3,-5,0,-1,-1,1,-1,1,1,-1
KR_6745223363,420,1,23,-4,-2,2,3,5,-4,5,1,-2,2,0,3,1,4,-1,1,0,1,-9,-17,-3,-5,8,-7,0,0,-1,1,-1,1,2,-1
KR_6760824696,420,0,-30,1,-9,-2,2,0,-5,5,0,-2,3,1,0,4,4,0,1,1,0,-2,15,0,-7,7,2,0,0,-1,-1,0,-1,6,-1
KR_6764397066,420,0,21,-24,-2,-1,2,1,-2,5,3,4,0,4,-3,5,2,0,0,0,0,-5,-11,2,-3,1,-4,0,1,-1,1,1,-1,2,-1
KR_6724713932,440,-1,-76,32,-7,-1,4,3,-3,5,2,0,6,6,-3,6,3,0,4,4,0,-7,-10,2,-5,3,-1,0,-1,-1,-1,-1,-1,5,-1
KR_6752346513,420,-3,3,-36,0,0,0,0,3,2,5,1,2,3,-1,3,2,-3,5,2,0,0,261,0,-3,3,-9,0,-1,-1,1,-1,-1,5,-1
KR_6752611273,420,-6,-81,-56,-12,1,1,2,-4,7,3,-5,5,0,-1,1,0,-3,3,0,0,-17,-26,1,-4,3,-7,0,-4,-1,-1,-1,-1,6,-1
KR_6725204696,420,-7,-78,-71,-9,1,0,1,0,2,2,-1,2,1,-10,12,2,1,0,1,0,-6,322,-1,-4,5,-8,0,-1,-1,-1,-1,-1,5,-1
KR_6688882720,420,-2,-25,-14,-2,1,1,2,-3,5,2,3,1,4,-2,3,1,-1,1,0,0,-2,-9,-4,-2,6,0,0,0,-1,1,0,1,5,-1
KR_6715048349,420,0,5,4,-4,-1,2,1,-1,1,0,-1,3,2,-1,3,2,0,0,0,0,-3,-4,4,-8,4,-5,0,0,-1,1,0,-1,4,-1
KR_6761863771,420,-7,-120,1,-14,-2,4,2,-3,8,5,-4,4,0,-2,2,0,-3,3,0,0,-20,1,2,-6,4,-4,0,-3,-1,-1,-1,1,2,-1
KR_6520018486,420,-2,-41,-31,-8,-1,4,3,-2,3,1,-3,6,3,-3,8,5,1,0,1,0,-14,12,-4,-3,7,1,0,0,-1,0,-1,-1,1,-1
KR_6764226016,440,1,18,19,-3,-4,4,0,2,2,4,2,0,2,-2,3,1,-1,3,2,0,-7,31,-1,-1,2,-1,0,0,0,0,0,-1,0,-1
KR_6758806489,420,-4,-22,8,-15,0,5,5,-1,1,0,-8,8,0,-3,3,0,-3,3,0,0,-11,-1,-3,-3,6,0,0,-3,-1,-1,-1,1,4,-1
KR_6748470549,420,-6,-11,-17,-8,-3,3,0,-3,5,2,0,2,2,-2,5,3,0,1,1,0,-3,-109,7,-12,5,-6,0,-1,1,-1,-1,-1,2,-1
KR_6630318810,420,1,29,15,4,-3,3,0,4,1,5,-4,7,3,4,1,5,3,0,3,0,16,9,-1,-5,6,0,0,-1,-1,-1,-1,-1,2,-1
KR_6752626294,420,-4,-66,4,-11,-3,3,0,-8,9,1,2,3,5,-2,2,0,0,1,1,0,-14,-1,-2,-4,6,-1,0,0,-1,1,0,-1,5,-1
KR_6686164086,420,-4,-91,5,-8,2,1,3,2,0,2,-4,4,0,-7,7,0,-1,2,1,0,-2,-15,-1,-4,5,-9,0,0,-1,0,-1,-1,4,-1
KR_6754225393,440,0,-54,3,7,0,3,3,12,2,14,-1,4,3,-2,3,1,-2,2,0,0,9,2,1,-4,3,-2,0,0,0,-1,-1,-1,0,-1
KR_6730412456,420,0,49,-16,7,-4,4,0,2,2,4,4,1,5,2,2,4,3,0,3,0,10,-4,-1,-6,7,0,0,-1,1,1,1,1,5,-1
KR_6620031186,420,-2,-26,4,-5,1,2,3,2,1,3,-2,4,2,-6,6,0,0,1,1,0,-2,1,0,-5,5,0,0,-1,1,1,-1,1,3,-1
KR_6653373268,420,-4,-116,24,-7,-3,3,0,-3,5,2,0,3,3,-1,3,2,0,1,1,-1,-2,-11,-5,0,5,0,0,-1,1,1,-1,-1,1,-1
KR_6761801964,420,-3,-55,-5,-6,1,0,1,-7,7,0,3,2,5,-2,5,3,-1,1,0,0,-6,15,2,-5,3,-5,0,-2,-1,-1,-1,-1,6,-1
KR_6630407367,420,-3,-28,4,-5,-7,7,0,-2,5,3,3,2,5,0,1,1,1,1,2,0,-3,-14,-2,-5,7,-2,0,-1,-1,-1,-1,1,4,-1
KR_6755614167,420,-1,3,-18,5,-3,4,1,2,1,3,5,1,6,2,3,5,-1,2,1,0,8,-75,4,-7,3,23,0,0,-1,-1,-1,-1,1,-1
KR_6738483728,420,-5,-74,-16,-13,-4,5,1,-1,3,2,1,1,2,-6,8,2,-3,3,0,0,-2,-8,2,-6,4,-2,0,-1,-1,-1,-1,1,2,-1
KR_6399171173,420,-5,-108,-25,-9,1,3,4,-3,4,1,-5,7,2,-2,5,3,0,0,0,0,-15,-29,-2,-5,7,9,0,-2,-1,1,-1,-1,5,-1
KR_6663630346,420,-7,-54,-9,-14,-3,3,0,-5,7,2,-2,2,0,-5,7,2,1,0,1,0,-13,-8,1,-5,4,-3,0,-2,-1,-1,-1,1,2,-1
KR_6616630482,420,0,21,-21,-7,2,0,2,-1,3,2,-6,9,3,-2,3,1,0,0,0,1,-7,-10,-6,-1,7,1,0,-1,-1,1,-1,1,5,-1
KR_6759000797,440,-5,-95,0,-15,-3,4,1,-3,4,1,-5,5,0,-4,5,1,0,1,1,0,-14,3,-6,-1,7,2,0,-1,-1,-1,-1,-1,5,-1
KR_6747525852,420,-1,32,7,-7,-5,5,0,0,6,6,-1,1,0,0,4,4,-1,1,0,-1,-5,42,-3,-3,6,-7,0,0,-1,1,0,-1,4,-1
KR_6737976592,440,-2,6,24,-4,0,2,2,1,1,2,0,2,2,-3,3,0,-2,2,0,0,-4,-5,-4,-2,6,4,0,0,0,-1,1,1,0,-1
KR_6637904372,420,-3,-90,2,-5,-3,3,0,-2,3,1,-1,3,2,0,0,0,1,0,1,0,-6,-11,-1,-3,4,-4,0,-2,-1,1,-1,1,5,-1
KR_6545250081,420,-3,30,-24,-4,-2,2,0,4,2,6,-3,4,1,0,1,1,-3,3,0,0,-6,-5,-4,-6,10,1,0,0,1,-1,0,-1,6,-1
KR_6750107141,440,2,87,-4,5,2,1,3,1,4,5,-2,4,2,2,1,3,2,0,2,0,6,-177,2,-3,1,-4,0,1,-1,1,1,-1,3,-1
KR_6666335679,420,-2,-60,-25,-4,0,1,1,-1,2,1,1,0,1,-2,4,2,-2,2,0,0,-4,6,-5,-2,7,-1,0,-1,-1,-1,-1,-1,5,-1
KR_6710282582,440,0,-41,4,10,-2,3,1,0,2,2,0,2,2,8,1,9,4,0,4,1,17,45,1,-7,6,0,0,-2,1,-1,-1,1,1,-1
KR_6689693858,440,-1,-61,7,-9,1,1,2,-3,4,1,0,2,2,-2,3,1,-5,7,2,-2,-16,-42,-1,-5,6,-4,0,-1,-1,-1,-1,-1,1,-1
KR_6738690310,420,0,-34,8,-1,-1,1,0,0,3,3,0,3,3,-1,2,1,1,1,2,0,0,36,2,-3,1,-16,0,-2,0,-1,-1,-1,0,-1
KR_6750375619,420,0,30,-20,1,5,0,5,0,2,2,-1,4,3,-4,5,1,1,0,1,0,0,-57,1,-4,3,-2,0,1,1,1,1,-1,1,-1
KR_6759935276,440,1,-17,-24,-2,3,3,6,-1,2,1,0,0,0,-4,4,0,0,1,1,0,-5,-7,2,-3,1,-1,0,0,-1,-1,0,-1,5,-1
KR_6700714918,420,-1,-43,-4,-1,-1,2,1,1,5,6,-2,4,2,1,1,2,0,1,1,1,5,-7,-6,-2,8,-3,0,-1,1,-1,-1,1,4,-1
KR_6735235958,420,2,-52,12,4,1,1,2,4,1,5,1,1,2,-1,3,2,-1,2,1,0,1,-3,-2,-4,6,1,0,1,0,1,1,-1,0,-1
KR_6373574200,440,0,24,-9,4,2,1,3,-3,5,2,0,0,0,1,0,1,4,0,4,0,-1,0,0,0,0,3,0,0,1,-1,0,-1,2,-1
KR_6648248313,420,-2,-6,-9,-8,-1,3,2,-1,3,2,-6,7,1,0,0,0,0,0,0,0,-11,-101,2,-5,3,-4,0,-1,-1,-1,-1,1,1,-1
KR_6735876397,420,0,-18,-16,2,1,1,2,3,1,4,-5,5,0,4,1,5,-1,1,0,1,8,202,-3,-5,8,4,0,0,-1,1,0,1,1,-1
KR_6757237566,420,0,34,-7,0,4,0,4,-1,4,3,-5,5,0,3,0,3,-1,1,0,0,-5,-3,-1,-3,4,2,0,1,-1,1,1,1,2,-1
KR_6739495572,420,0,55,40,-2,1,0,1,-6,7,1,0,1,1,0,3,3,3,0,3,-1,2,17,4,-6,2,-4,0,0,-1,1,1,-1,1,-1
KR_6681465451,420,0,-24,-4,-2,-3,3,0,-1,1,0,-5,5,0,5,3,8,2,0,2,-1,-7,47,-4,-2,6,0,0,0,-1,1,1,-1,1,-1
KR_6737913325,420,-2,-60,-14,0,-3,4,1,5,1,6,-3,4,1,0,4,4,1,0,1,0,2,-6,5,-8,3,-7,0,-1,-1,-1,-1,-1,6,-1
KR_6682866006,420,-4,-80,-1,0,-2,3,1,0,1,1,0,0,0,0,0,0,2,0,2,0,1,-3,-4,-2,6,-4,0,0,1,-1,-1,1,6,-1
KR_6747754760,440,-3,-58,0,-8,-3,3,0,-1,2,1,-1,1,0,1,1,2,-4,5,1,0,-7,1,5,-8,3,-3,0,0,-1,0,-1,1,2,-1
KR_6730777586,420,1,-22,2,1,-5,6,1,2,2,4,0,2,2,3,0,3,1,1,2,0,3,6,-4,-3,7,4,0,0,0,-1,0,-1,0,-1
KR_6497821997,420,1,21,3,5,-3,5,2,5,2,7,0,2,2,3,1,4,0,0,0,0,14,1,6,-8,2,1,0,1,-1,1,-1,-1,5,-1
KR_6705833501,420,0,-49,-12,1,-5,5,0,0,3,3,1,1,2,2,1,3,3,0,3,0,12,44,6,-9,3,-1,0,0,0,1,-1,1,0,-1
KR_6686870034,420,-5,-59,-16,-11,-2,4,2,-2,3,1,3,1,4,-8,9,1,-2,2,0,0,-11,64,5,-8,3,18,0,0,-1,-1,0,-1,6,-1
KR_6758180311,420,-4,-3,0,-12,-3,4,1,1,1,2,1,2,3,-7,8,1,-4,4,0,0,-10,1,2,-3,1,-3,0,0,-1,1,-1,-1,2,-1
KR_6678589191,420,-2,-14,-20,-9,-9,9,0,2,0,2,-3,5,2,1,1,2,0,0,0,-1,1,20,-3,-3,6,2,0,-1,-1,-1,-1,-1,6,-1
KR_6646533548,420,1,15,-21,6,1,0,1,-2,2,0,-2,3,1,3,1,4,6,0,6,1,8,-103,2,-7,5,1,0,-1,1,-1,-1,1,4,-1
KR_6742983084,420,0,40,8,-7,1,0,1,-1,3,2,2,2,4,-8,8,0,-1,2,1,1,-13,-1,-3,-1,4,1,0,0,-1,0,-1,1,1,-1
KR_6756262045,420,-2,-37,-6,3,0,1,1,-1,4,3,2,2,4,2,1,3,0,1,1,0,1,4,0,-7,7,-1,0,0,0,1,1,-1,0,-1
KR_6757560460,440,-5,-61,-5,-12,-2,3,1,-4,5,1,-5,7,2,-1,7,6,0,0,0,-2,-20,1,5,-7,2,-2,0,-2,-1,1,-1,-1,6,-1
KR_6761250080,420,-2,-53,5,-7,-1,2,1,0,3,3,-2,3,1,-4,5,1,0,1,1,0,-8,1,5,-5,0,1,0,-1,-1,-1,-1,-1,5,-1
KR_6292866720,420,3,-22,4,1,0,2,2,-1,6,5,0,3,3,0,4,4,2,4,6,0,4,20,4,-6,2,-2,0,0,-1,1,0,-1,1,-1
KR_6736922080,420,-2,-67,-31,-4,-1,2,1,-4,5,1,0,3,3,2,1,3,-1,2,1,0,-3,-30,0,-6,6,2,0,-1,-1,-1,-1,1,4,-1
KR_6755252717,440,-9,-51,4,-10,-1,3,2,-8,9,1,1,1,2,-1,1,0,-1,1,0,0,-16,7,-2,-2,4,-1,0,-1,-1,1,-1,1,6,-1
KR_6764147531,420,-4,-93,-10,-9,-6,7,1,2,2,4,-2,4,2,-2,2,0,-1,2,1,0,-12,-51,2,-8,6,23,0,-2,-1,1,-1,1,4,-1
KR_6722606854,420,-7,-76,-34,-14,-6,6,0,-1,3,2,-6,8,2,-2,4,2,1,0,1,-1,-7,7,4,-6,2,1,0,-3,-1,-1,-1,-1,2,-1
KR_6753906183,420,-1,-94,17,-2,-1,1,0,-5,5,0,-1,3,2,5,0,5,0,0,0,0,4,-13,2,-8,6,-2,0,-1,1,1,-1,-1,2,-1
KR_6707623994,420,-1,28,-8,-9,2,0,2,-3,3,0,-3,3,0,-4,6,2,-1,2,1,0,-12,32,-4,-5,9,-5,0,0,0,0,0,-1,0,-1
KR_6761742966,420,-3,-81,-13,-1,0,2,2,1,0,1,0,6,6,-2,4,2,0,2,2,0,4,-19,1,-6,5,-1,0,-2,-1,1,-1,-1,4,-1
KR_6753862167,420,1,-6,-18,-4,1,0,1,-1,4,3,-1,5,4,-3,5,2,0,0,0,0,-2,-7,0,-6,6,-1,0,-1,1,-1,-1,-1,5,-1
KR_6628823525,420,-8,-56,0,-15,-3,3,0,-4,5,1,-1,2,1,-4,4,0,-3,4,1,-1,-16,0,-1,-2,3,-4,0,0,-1,-1,-1,-1,4,-1
KR_6758185370,420,-3,-39,-8,-11,-1,4,3,-8,8,0,2,2,4,-5,7,2,1,0,1,3,-10,-8,-1,-4,5,1,0,-3,-1,1,-1,1,6,-1
KR_6740507277,420,-4,-79,-8,-6,0,4,4,5,4,9,-7,8,1,-4,6,2,0,2,2,-2,-3,9,3,-6,3,-6,0,0,1,-1,-1,-1,2,-1
KR_6762063086,420,-4,-61,16,-12,1,3,4,-2,4,2,-4,4,0,-7,7,0,0,0,0,0,-11,-27,-4,-3,7,-1,0,-2,-1,-1,-1,-1,6,-1
KR_6756586346,420,-4,-60,-10,-2,1,1,2,-1,5,4,-1,2,1,-3,4,1,2,0,2,0,-3,-2,0,-4,4,-2,0,-2,-1,-1,-1,-1,5,-1
KR_6596989525,420,0,-17,-20,4,-3,4,1,4,4,8,-2,5,3,2,0,2,3,0,3,0,4,7,-3,-4,7,6,0,0,1,-1,-1,1,5,-1
KR_6747105317,420,-1,-71,-23,-7,1,0,1,-2,2,0,-6,6,0,0,0,0,0,0,0,0,-6,-8,-2,-4,6,-2,0,0,-1,-1,0,-1,6,-1
KR_6678878078,420,-4,40,-8,-5,0,1,1,-3,6,3,-4,4,0,0,1,1,2,0,2,0,-3,-1,-2,-3,5,2,0,1,0,1,1,-1,0,-1
KR_6737883380,420,-6,-43,-28,-8,-4,4,0,-1,1,0,0,3,3,-4,6,2,1,1,2,1,0,-8,-3,-2,5,-1,0,0,-1,-1,-1,1,5,-1
KR_6700437694,420,-2,-3,3,-9,-4,5,1,-2,5,3,0,1,1,-2,5,3,-1,1,0,0,-4,7,-4,-2,6,-1,0,0,-1,-1,-1,-1,4,-1
KR_6609359686,420,0,-44,11,1,0,1,1,1,0,1,0,1,1,0,2,2,0,0,0,-1,2,43,1,-8,7,-31,0,-1,-1,1,-1,-1,1,-1
KR_6615611516,420,3,15,-16,7,-2,3,1,2,5,7,4,0,4,3,3,6,0,4,4,-1,0,11,4,-9,5,-1,0,3,1,-1,1,-1,6,-1
KR_6752434893,420,-1,38,-4,-11,-1,1,0,-3,5,2,-5,6,1,-3,3,0,1,1,2,0,-13,-3,-4,-4,8,3,0,0,-1,-1,0,1,5,-1
KR_6658377949,420,-3,-68,-1,-5,-2,2,0,-2,3,1,-1,2,1,0,7,7,0,0,0,1,-6,5,6,-8,2,-1,0,0,-1,-1,0,1,4,-1
KR_6726195049,440,-1,44,16,-4,-3,6,3,-1,1,0,0,0,0,-1,3,2,1,0,1,0,-6,26,2,-3,1,-38,0,0,-1,0,0,-1,5,-1
KR_6630235982,420,-2,-19,23,-7,-2,2,0,1,2,3,-3,3,0,-2,5,3,-1,1,0,0,-7,176,0,-5,5,1,0,0,-1,1,-1,-1,5,-1
KR_6719238205,420,-3,-129,-7,-4,-1,1,0,-2,3,1,-1,3,2,0,3,3,0,1,1,0,0,-6,3,-8,5,-4,0,-2,1,-1,-1,-1,6,-1
KR_6733416243,440,-3,-101,-12,0,1,3,4,1,2,3,-2,4,2,0,0,0,0,0,0,0,-2,6,1,-4,3,0,0,-1,1,-1,-1,1,6,-1
KR_6756476637,440,-3,-70,-16,-3,4,1,5,0,4,4,-12,13,1,6,3,9,-1,2,1,0,-8,7,3,-5,2,-4,0,-1,1,-1,-1,1,4,-1
KR_6660012734,440,5,84,40,7,-1,4,3,0,0,0,4,1,5,1,3,4,3,3,6,0,5,5,0,-4,4,-3,0,2,1,0,1,1,3,-1
KR_6760890092,440,-1,23,-8,-3,-1,2,1,2,7,9,-1,2,1,-4,6,2,1,1,2,0,-8,8,3,-8,5,0,0,-1,0,0,-1,-1,0,-1
KR_6678115039,420,-4,-24,4,-5,1,3,4,-2,5,3,-1,4,3,-1,2,1,-2,2,0,0,-2,2,-2,-2,4,-4,0,0,-1,1,-1,1,1,-1
KR_6744897131,420,1,49,-12,-5,0,2,2,-4,5,1,1,1,2,0,2,2,-2,2,0,-1,-11,3,-1,-3,4,-2,0,-1,-1,-1,-1,-1,4,-1
KR_6680967200,420,-7,-92,-15,-14,-1,3,2,-1,3,2,-7,7,0,-4,5,1,-1,3,2,0,-3,114,-1,-8,9,-6,0,-3,-1,-1,-1,-1,3,-1
KR_6704494507,440,-1,-85,7,-8,-2,3,1,-2,4,2,-1,4,3,-2,3,1,-1,3,2,0,3,-2,-4,-1,5,0,0,-1,0,-1,-1,-1,0,-1
KR_6740543218,440,0,10,16,-1,4,1,5,1,1,2,-1,1,0,-3,3,0,-2,2,0,0,-6,5,0,-6,6,-3,0,0,0,-1,0,-1,0,-1
KR_6761960242,420,-4,-19,-28,-13,2,2,4,-7,8,1,0,1,1,-4,4,0,-4,4,0,0,-18,-45,-1,-2,3,-1,0,-4,-1,-1,-1,-1,2,-1
KR_6674013923,420,-2,-30,-37,-5,0,1,1,-3,5,2,-2,2,0,0,3,3,0,1,1,0,-1,-8,-3,-4,7,-1,0,-1,-1,-1,-1,-1,6,-1
KR_6608074490,420,0,11,30,4,6,0,6,3,1,4,-1,2,1,-3,5,2,-1,1,0,0,6,-319,0,-6,6,0,0,0,-1,1,1,1,5,-1
KR_6744177414,420,1,-11,0,2,-1,2,1,0,0,0,4,1,5,2,1,3,-3,6,3,0,-1,6,4,-7,3,-1,0,-2,1,1,-1,1,2,-1
KR_6748962699,420,-3,-37,-4,-10,0,1,1,-2,3,1,-3,4,1,-5,6,1,0,0,0,0,-11,187,-3,-3,6,-3,0,-1,-1,-1,-1,-1,2,-1
KR_6715545904,420,-3,-34,19,-2,-2,3,1,-1,2,1,0,4,4,0,3,3,1,0,1,-2,0,-29,-1,-4,5,20,0,-1,-1,1,-1,-1,1,-1
KR_6754686933,420,-4,-18,-24,-3,3,0,3,-4,4,0,-4,4,0,3,1,4,-1,1,0,0,-7,12,0,-6,6,-7,0,0,-1,-1,0,-1,4,-1
KR_6762358975,420,1,7,-9,7,2,3,5,0,4,4,-1,4,3,6,0,6,0,2,2,1,5,-1,-4,-4,8,-1,0,0,-1,-1,0,1,4,-1
KR_6761534035,420,-3,1,-52,1,2,1,3,0,0,0,-4,4,0,3,0,3,0,1,1,0,0,-11,1,-3,2,0,0,0,-1,-1,-1,1,3,-1
KR_6724856273,420,-4,-25,4,-21,-1,2,1,-6,6,0,-3,5,2,-12,12,0,1,1,2,0,-25,-2,-4,-3,7,0,0,-2,-1,-1,-1,-1,2,-1
KR_6764615465,420,2,-69,52,8,-3,4,1,1,1,2,2,0,2,2,1,3,6,1,7,0,7,-4,-5,-2,7,3,0,0,1,-1,1,-1,4,-1
KR_6743625754,420,-7,-67,-5,-14,-2,4,2,-4,8,4,-1,2,1,-8,8,0,1,0,1,0,-17,-2,1,-3,2,-3,0,-1,-1,1,-1,1,2,-1
KR_6733649375,420,-5,-106,-31,-5,-3,3,0,4,1,5,1,4,5,-8,8,0,1,1,2,-3,1,13,2,-6,4,2,0,-3,-1,-1,-1,-1,3,-1
KR_6759267390,440,-4,-65,-11,-4,0,4,4,0,0,0,-5,7,2,1,0,1,0,0,0,1,-2,-6,-1,-3,4,2,0,-1,-1,-1,-1,1,5,-1
KR_6694336085,440,-4,-16,-30,-4,2,2,4,-3,6,3,-1,2,1,-4,5,1,2,3,5,1,-3,0,1,-4,3,1,0,0,-1,1,1,1,6,-1
KR_6760491906,420,-3,-35,6,-4,-6,6,0,0,5,5,-1,3,2,0,2,2,3,1,4,0,-7,-9,0,-4,4,3,0,-1,0,1,-1,1,0,-1
KR_6728364173,420,0,35,14,-3,-4,4,0,0,1,1,1,2,3,0,3,3,0,0,0,0,-2,18,2,-6,4,-2,0,0,1,-1,-1,-1,5,-1
KR_6604759675,420,-1,-34,40,-7,-4,6,2,5,1,6,0,0,0,-4,4,0,-4,4,0,0,-6,-9,-3,-2,5,2,0,-2,0,-1,-1,-1,0,-1
KR_6737180817,420,-3,-30,-35,-3,-3,3,0,0,3,3,-2,3,1,2,1,3,0,0,0,0,5,-1,3,-8,5,2,0,-1,-1,-1,-1,1,3,-1
KR_6762265548,420,1,21,-30,1,0,4,4,1,3,4,-2,4,2,3,6,9,-1,2,1,0,-1,4,-1,-5,6,-1,0,1,-1,-1,1,-1,5,-1
KR_6712662389,420,-3,-40,-8,-2,2,0,2,2,2,4,-3,4,1,-1,1,0,-2,2,0,0,1,18,-3,-2,5,-1,0,-1,1,-1,-1,-1,2,-1
KR_6668896199,420,-3,-19,-36,-10,-6,6,0,-2,4,2,-4,10,6,4,0,4,-2,2,0,0,2,-16,-5,-3,8,3,0,-1,-1,-1,-1,-1,2,-1
KR_6755484759,420,-3,-18,6,-2,-2,2,0,-1,3,2,-3,3,0,0,1,1,4,1,5,0,-2,-2,0,-6,6,0,0,0,1,1,0,1,3,-1
KR_6686777244,420,0,48,-24,5,3,0,3,2,1,3,-2,5,3,3,2,5,-1,2,1,0,-1,-12,1,-4,3,-3,0,0,0,-1,1,1,0,-1
KR_6642847651,420,1,-13,-11,3,1,1,2,0,1,1,-1,5,4,2,0,2,1,2,3,0,-2,-12,0,-4,4,4,0,0,-1,-1,0,1,3,-1
KR_6680750681,420,-3,-85,-15,-3,-1,3,2,-4,6,2,5,1,6,-3,4,1,0,0,0,0,-7,1,-2,-4,6,0,0,-1,-1,1,-1,-1,3,-1
KR_6741998879,420,3,10,17,-2,-3,5,2,1,1,2,1,2,3,-1,2,1,0,0,0,0,-6,-48,1,-4,3,20,0,0,1,1,1,-1,2,-1
KR_6563027496,420,-5,-64,-36,-10,-6,7,1,-1,4,3,-1,1,0,-2,3,1,0,0,0,0,-7,-8,-1,-4,5,-4,0,-2,-1,-1,-1,1,1,-1
KR_6756361085,420,-5,1,-31,-8,0,2,2,1,1,2,-6,6,0,-2,3,1,-1,2,1,0,-7,-119,3,-5,2,2,0,-1,-1,-1,-1,-1,4,-1
KR_6739550218,440,-1,-32,-18,-2,1,2,3,0,3,3,0,5,5,-1,4,3,-2,2,0,0,-3,21,-4,-1,5,1,0,-1,0,-1,-1,-1,0,-1
KR_6764522321,420,0,-45,27,-3,-2,2,0,-1,1,0,-1,2,1,1,1,2,0,0,0,-1,-2,-44,2,-6,4,24,0,0,0,1,-1,-1,0,-1
KR_6761343727,420,-4,-38,-28,-10,2,1,3,-5,6,1,-1,2,1,-5,5,0,-1,1,0,0,-15,-1,-2,-4,6,2,0,0,-1,1,-1,-1,2,-1
KR_6763391594,420,3,-23,-7,6,-1,5,4,3,3,6,-1,3,2,6,0,6,-1,2,1,0,13,2,-1,-4,5,-3,0,0,1,1,-1,-1,5,-1
KR_6684497621,420,1,0,1,-3,1,4,5,-9,12,3,0,3,3,3,0,3,2,0,2,-1,-14,-3,-1,-4,5,2,0,-1,1,-1,-1,-1,5,-1
KR_6593961529,440,1,-9,-4,0,0,3,3,4,0,4,-3,3,0,-1,3,2,0,1,1,0,-2,8,1,-7,6,-5,0,0,-1,1,0,-1,5,-1
KR_6728599321,420,-1,24,23,-9,-2,3,1,-7,8,1,1,1,2,-2,2,0,1,0,1,0,-9,9,-5,-3,8,-8,0,-1,1,1,-1,-1,5,-1
KR_6691107427,420,-1,-3,-14,-9,-3,4,1,-7,7,0,2,2,4,-1,2,1,0,0,0,0,-9,-29,-5,-2,7,0,0,-2,-1,-1,-1,-1,4,-1
KR_6576416043,420,0,-43,14,-6,0,3,3,4,3,7,-8,12,4,-3,4,1,1,1,2,1,5,1,2,-4,2,0,0,-1,1,-1,-1,1,5,-1
KR_6660491983,420,-5,-26,-17,-11,0,0,0,-4,4,0,-2,3,1,-2,5,3,-3,3,0,0,-14,2,-1,-3,4,-2,0,0,-1,1,0,1,4,-1
KR_6712198192,420,-2,6,-15,-1,-3,5,2,1,2,3,-1,1,0,2,0,2,0,1,1,-1,-3,-2,1,-6,5,1,0,0,-1,1,0,-1,5,-1
KR_6703750611,420,3,51,3,2,3,3,6,1,2,3,2,1,3,-3,4,1,-1,2,1,0,2,-2,-2,-2,4,5,0,0,1,1,1,-1,5,-1
KR_6657710136,420,-6,-87,-70,-18,-6,7,1,-1,3,2,-6,6,0,-5,5,0,0,1,1,-3,-24,-7,-6,0,6,-2,0,-3,-1,-1,-1,1,2,-1
KR_6628748475,420,-3,-84,3,-10,4,0,4,-1,2,1,-3,3,0,-8,10,2,-2,2,0,0,-13,-2,1,-9,8,-4,0,-1,1,1,-1,1,4,-1
KR_6752604470,420,-2,-34,-5,-12,0,3,3,-2,4,2,-3,3,0,-5,6,1,-2,2,0,-1,-11,0,1,-6,5,8,0,-1,1,1,-1,-1,4,-1
KR_6714635769,420,-4,-68,-8,-18,-3,4,1,-1,3,2,-7,9,2,-7,8,1,0,1,1,0,-9,38,-4,-1,5,-15,0,0,0,-1,-1,-1,0,-1
KR_6752571576,420,-1,-75,-14,-5,-2,2,0,-1,2,1,0,2,2,-1,2,1,-1,2,1,0,-6,-40,1,-7,6,-3,0,0,-1,-1,0,1,2,-1
KR_6711166005,420,-8,-97,-67,-26,-3,3,0,-3,6,3,-14,16,2,-5,8,3,-1,1,0,0,-16,46,3,-6,3,-6,0,-2,-1,-1,-1,-1,1,-1
KR_6740872938,440,-6,-26,-27,-7,2,0,2,-3,3,0,-1,2,1,-8,8,0,3,1,4,0,-10,-2,-1,-7,8,-10,0,-2,1,1,-1,1,1,-1
KR_6663070996,420,0,6,-4,3,3,0,3,-1,3,2,3,2,5,0,1,1,-2,2,0,0,-2,-4,0,-6,6,-2,0,0,-1,1,-1,1,1,-1
KR_6751983006,440,-4,-41,-28,-6,-1,4,3,-1,1,0,-4,4,0,-1,1,0,1,1,2,0,-9,3,5,-11,6,-5,0,-3,-1,0,-1,-1,4,-1
KR_6761199015,420,-2,-26,-14,1,2,0,2,3,0,3,-1,2,1,-3,3,0,0,0,0,0,3,7,0,-3,3,2,0,0,-1,1,-1,1,1,-1
KR_6759318969,420,-4,-73,-12,-6,0,0,0,0,4,4,0,5,5,0,2,2,-6,6,0,0,-5,221,6,-6,0,-6,0,-2,1,0,-1,-1,4,-1
KR_6627435755,420,-1,-46,8,-3,-1,2,1,-1,3,2,1,0,1,-2,4,2,0,2,2,0,0,103,5,-6,1,1,0,0,1,-1,-1,-1,6,-1
KR_6557005927,420,0,-24,14,-4,0,3,3,-3,4,1,1,3,4,-1,2,1,-1,2,1,0,-6,-7,-2,-7,9,2,0,-1,-1,-1,-1,1,6,-1
KR_6672063813,420,-5,-47,-14,-8,-4,4,0,1,1,2,1,3,4,-3,3,0,-3,3,0,-1,-2,4,2,-5,3,-3,0,-2,1,-1,-1,-1,1,-1
KR_6750774467,420,-2,-14,0,-10,-4,5,1,1,3,4,0,2,2,-7,7,0,0,0,0,0,-5,4,-1,-6,7,-1,0,-1,-1,1,-1,1,6,-1
KR_6622873911,420,-1,-2,-19,-2,1,1,2,0,1,1,1,2,3,-3,7,4,-1,1,0,0,-5,34,1,-6,5,-6,0,-1,-1,-1,-1,1,6,-1
KR_6756060067,420,-5,-82,-62,-5,1,1,2,-1,2,1,-1,2,1,-3,6,3,-1,2,1,0,-5,7,2,-7,5,-1,0,-2,-1,-1,-1,1,6,-1
KR_6694886914,420,-3,-16,-7,-5,0,3,3,-1,2,1,-1,2,1,-2,3,1,-1,1,0,0,-6,3,1,-5,4,-2,0,-1,-1,-1,-1,-1,4,-1
KR_6741785531,440,-1,13,14,-1,-5,5,0,-2,2,0,3,1,4,0,1,1,3,1,4,0,-3,139,0,-4,4,-2,0,-1,1,-1,-1,1,4,-1
KR_6742098412,420,0,40,12,-7,-2,2,0,1,2,3,-2,2,0,-5,5,0,1,0,1,0,-9,1,1,-6,5,4,0,1,1,1,1,-1,4,-1
KR_6714558398,420,-1,-73,-16,-2,3,1,4,3,1,4,-1,4,3,-5,7,2,-2,2,0,0,-4,-1,1,-3,2,-2,0,0,-1,1,1,-1,4,-1
KR_6751144417,440,0,-19,16,-2,4,0,4,-4,5,1,-2,5,3,-4,9,5,4,0,4,0,-5,11,-2,-2,4,-1,0,1,-1,1,1,-1,1,-1
KR_6758036214,420,0,-19,4,-1,-5,5,0,-1,2,1,-2,2,0,6,0,6,1,0,1,0,6,-2,-7,-2,9,-5,0,1,1,-1,1,-1,6,-1
KR_6560063381,420,-3,-79,-11,-8,1,3,4,-6,6,0,1,1,2,-3,6,3,-1,1,0,0,-5,27,1,-5,4,0,0,0,1,-1,-1,-1,3,-1
KR_6720212354,420,0,-10,12,4,-3,4,1,0,3,3,4,0,4,1,1,2,2,0,2,0,11,-12,-3,-3,6,4,0,1,-1,1,1,-1,1,-1
KR_6724836100,420,0,-16,-27,4,-3,4,1,0,5,5,4,3,7,1,1,2,2,1,3,0,3,-2,-1,-4,5,3,0,-1,-1,1,-1,1,1,-1
KR_6754233281,420,0,29,7,6,0,2,2,-3,5,2,0,2,2,6,3,9,3,1,4,0,12,-47,0,-4,4,19,0,-1,-1,0,-1,1,1,-1
KR_6751787317,420,-2,-6,-13,-7,-1,2,1,-5,6,1,-1,1,0,0,0,0,0,0,0,0,-8,13,0,-4,4,-5,0,0,-1,-1,0,-1,3,-1
KR_6388012763,440,5,111,7,3,-5,9,4,-1,2,1,3,2,5,0,2,2,6,0,6,0,-7,2,-2,-4,6,3,0,2,0,-1,1,1,0,-1
KR_6714521609,420,-5,-54,-41,-8,-3,4,1,0,1,1,-3,8,5,0,3,3,-2,3,1,0,-3,2,6,-7,1,0,0,-1,-1,-1,-1,-1,6,-1
KR_6763779266,420,-1,8,-7,10,1,1,2,0,2,2,2,0,2,4,0,4,3,1,4,0,6,470,0,-4,4,2,0,1,1,1,1,1,2,-1
KR_6627170287,420,0,59,-12,-1,1,4,5,-3,4,1,-3,3,0,3,0,3,1,0,1,0,-2,7,0,-4,4,0,0,0,1,-1,-1,1,6,-1
KR_6666028441,420,-8,-104,-21,-17,-4,4,0,-2,3,1,-4,5,1,-6,7,1,-1,1,0,-2,-19,-4,-7,-1,8,-4,0,-3,-1,-1,-1,-1,6,-1
KR_6743216550,420,1,-33,0,6,0,3,3,8,1,9,1,2,3,-1,4,3,-2,2,0,1,8,30,4,-6,2,1,0,0,1,0,-1,1,1,-1
KR_6494412049,420,-1,16,-14,1,1,2,3,-1,6,5,0,1,1,-1,3,2,2,3,5,1,3,17,-1,-5,6,5,0,0,1,-1,0,1,4,-1
KR_6724925303,420,-1,22,-12,-4,2,2,4,-1,5,4,0,3,3,-2,5,3,-3,3,0,1,3,1,0,-4,4,-3,0,1,-1,1,1,1,1,-1
KR_6761954669,420,-3,6,-32,1,4,0,4,1,2,3,-1,2,1,-1,2,1,-2,2,0,0,-4,-19,7,-8,1,-8,0,-1,1,1,-1,1,1,-1
KR_6713133198,420,-2,15,-21,-12,1,0,1,-5,5,0,-5,6,1,-3,4,1,0,3,3,-1,-14,-11,-2,0,2,2,0,1,1,-1,1,-1,5,-1
KR_6606620441,420,2,13,-15,5,-1,1,0,0,2,2,3,0,3,7,1,8,-4,4,0,1,-1,38,4,-5,1,-1,0,1,1,-1,-1,1,3,-1
KR_6761510174,420,1,-50,-4,-5,-3,5,2,-2,3,1,2,3,5,-3,3,0,1,0,1,-1,-7,4,-2,-4,6,-2,0,0,-1,1,0,-1,5,-1
KR_6723683388,420,4,47,5,7,0,0,0,2,2,4,2,2,4,0,4,4,3,0,3,-1,3,7,3,-5,2,2,0,2,1,-1,1,-1,1,-1
KR_6705668419,420,-1,7,0,-3,0,2,2,-1,4,3,-1,3,2,2,3,5,-3,3,0,1,-7,-36,-1,-4,5,4,0,-1,-1,-1,-1,1,1,-1
KR_6761465151,420,-3,-22,5,-10,-3,5,2,0,2,2,-2,5,3,-6,9,3,1,0,1,-1,-11,-2,0,-7,7,-2,0,-1,-1,0,-1,-1,4,-1
KR_6753047460,420,-1,-50,-4,-2,0,2,2,2,0,2,-3,4,1,-1,4,3,0,0,0,1,0,-52,7,-10,3,0,0,-1,-1,1,-1,1,4,-1
KR_6761757799,420,-3,-7,-8,3,1,2,3,1,2,3,2,2,4,0,5,5,-1,1,0,1,-1,4,1,-2,1,0,0,0,1,-1,1,1,4,-1
KR_6730568537,420,-1,-8,-19,-1,0,1,1,0,2,2,1,1,2,-2,3,1,0,0,0,0,-4,7,4,-7,3,-5,0,0,1,1,0,-1,1,-1
KR_6756276157,420,-1,-23,-20,-2,1,3,4,-3,4,1,6,1,7,-3,3,0,-3,6,3,0,-2,-114,3,-7,4,-1,0,0,0,-1,1,1,0,-1
KR_6696732802,420,-7,-62,-26,-11,-2,3,1,-4,6,2,-4,6,2,-1,1,0,0,1,1,0,-12,32,6,-7,1,-2,0,-1,-1,-1,-1,1,2,-1
KR_6730376244,440,-5,-35,-48,-11,-1,1,0,0,1,1,-2,3,1,-5,9,4,-3,4,1,0,-11,-4,-3,-4,7,2,0,-3,-1,-1,-1,-1,5,-1
KR_6602365026,420,1,-23,16,-2,2,0,2,0,2,2,-2,3,1,-1,1,0,-1,2,1,0,-3,-35,4,-8,4,23,0,1,1,1,1,-1,1,-1
KR_6730395081,420,-1,-33,-8,0,-2,2,0,-1,2,1,3,3,6,0,0,0,0,2,2,0,-5,-11,-3,-4,7,1,0,-2,-1,-1,-1,1,1,-1
KR_6763349641,420,-4,-10,-4,-6,-4,4,0,1,2,3,3,1,4,-5,7,2,-1,1,0,-1,-10,87,0,-4,4,1,0,-1,-1,-1,-1,-1,4,-1
KR_6640966229,420,1,-18,-4,0,-1,1,0,-3,6,3,-1,3,2,3,1,4,2,2,4,-2,-5,-21,-3,-4,7,-1,0,0,0,-1,-1,-1,0,-1
KR_6606648556,420,-1,-17,-32,-2,1,1,2,2,1,3,1,4,5,-7,8,1,1,0,1,0,-1,-25,-3,-2,5,16,0,0,-1,0,-1,-1,2,-1
KR_6748972989,440,1,3,-24,0,-4,5,1,-2,2,0,2,1,3,2,3,5,2,0,2,0,5,6,-4,-4,8,0,0,-1,1,-1,-1,1,2,-1
KR_6758793186,420,-3,-47,12,-9,-3,5,2,0,1,1,-6,7,1,0,0,0,0,4,4,-1,-5,2,1,-4,3,2,0,0,-1,0,-1,-1,5,-1
KR_6633328490,420,1,5,-20,-2,-4,5,1,0,3,3,-2,3,1,4,3,7,0,0,0,-1,7,-5,1,-4,3,5,0,1,-1,-1,-1,-1,3,-1
KR_6688205199,420,-4,-19,-21,-2,-1,3,2,-5,6,1,8,3,11,-4,5,1,0,2,2,0,-4,-4,0,-5,5,1,0,-1,1,-1,-1,-1,4,-1
KR_6735932802,420,-1,-19,-8,-8,-1,4,3,1,3,4,-7,8,1,-1,2,1,0,0,0,0,-5,0,-1,-1,2,0,0,0,0,0,1,-1,0,-1
KR_6708928725,440,-3,-7,-24,-7,-2,3,1,-2,3,1,-1,3,2,-1,3,2,-1,1,0,-1,-7,-16,0,0,0,-1,0,-3,-1,-1,-1,-1,4,-1
KR_6728063329,420,-2,-2,4,3,-1,4,3,-2,4,2,-1,2,1,5,1,6,2,0,2,0,8,-2,2,-5,3,0,0,-1,1,-1,-1,1,4,-1
KR_6632472604,420,-1,3,8,-8,-3,5,2,1,2,3,2,2,4,-8,9,1,0,2,2,0,-11,3,0,-6,6,-6,0,-3,-1,-1,-1,-1,6,-1
KR_6760192676,420,1,36,12,6,-4,5,1,-2,3,1,7,0,7,4,0,4,1,2,3,1,5,26,-7,-1,8,7,0,0,0,-1,-1,1,0,-1
KR_6759776876,420,-1,-10,20,-6,-1,3,2,0,1,1,0,1,1,-6,9,3,1,1,2,0,-11,0,-1,-3,4,-6,0,0,-1,0,0,-1,3,-1
KR_6505701209,420,-4,-55,-31,-7,-2,4,2,-3,3,0,3,0,3,-2,2,0,-3,3,0,0,-1,6,1,-4,3,1,-1,-5,-1,-1,-1,-1,2,-1
KR_6763478195,420,-2,-12,-4,-10,-1,1,0,-2,2,0,0,1,1,-5,9,4,-2,2,0,0,-6,5,-4,-1,5,2,0,-1,1,-1,-1,-1,5,-1
KR_6655253570,420,-2,-9,-14,-10,-3,3,0,-6,6,0,0,1,1,0,4,4,-1,2,1,0,-12,-2,2,-6,4,3,0,0,1,-1,0,-1,2,-1
KR_6566390368,420,-3,-2,-9,-11,-7,7,0,-3,4,1,0,3,3,3,2,5,-4,5,1,-1,-13,2,0,-5,5,0,0,-2,-1,1,-1,-1,3,-1
KR_6714133414,420,-6,-49,-11,-12,0,3,3,-6,7,1,-8,9,1,2,0,2,0,2,2,0,-8,-3,5,-8,3,-4,0,-1,-1,-1,-1,-1,6,-1
KR_6764729324,420,0,-22,-16,-1,2,0,2,1,2,3,-3,3,0,-1,4,3,0,0,0,0,-6,5,2,-9,7,-4,0,0,1,-1,-1,-1,3,-1
KR_6695831158,420,-3,-54,16,-10,-6,7,1,-4,4,0,-2,4,2,2,1,3,0,0,0,0,-6,4,-1,-4,5,-4,0,0,-1,-1,-1,1,2,-1
KR_6756613135,420,4,77,24,10,3,2,5,0,3,3,1,3,4,6,1,7,0,2,2,0,11,2,5,-5,0,-3,0,2,1,-1,1,1,4,-1
KR_6764254602,420,-5,-38,15,-9,-5,5,0,-5,7,2,0,0,0,1,4,5,0,1,1,-1,-10,-2,0,-7,7,-1,0,0,-1,-1,-1,-1,3,-1
KR_6627105731,420,0,-19,-14,1,-3,4,1,6,1,7,-2,4,2,-2,5,3,2,0,2,1,0,4,-1,-4,5,-1,0,1,1,1,-1,1,3,-1
KR_6758705278,420,-1,-47,-8,3,-3,4,1,4,0,4,0,4,4,0,1,1,2,0,2,0,7,-32,2,-4,2,4,0,1,1,-1,1,1,3,-1
KR_6712258312,420,-6,-100,-22,-8,-6,6,0,3,3,6,0,3,3,-4,5,1,-1,2,1,0,-3,4,4,-7,3,-3,0,-2,1,1,-1,-1,6,-1
KR_6588246724,420,-6,-127,-35,-5,-2,2,0,-1,2,1,-2,2,0,0,2,2,0,0,0,0,-1,9,-2,-2,4,-2,0,-2,-1,-1,-1,-1,2,-1
KR_6558573038,420,-1,3,-26,3,-3,4,1,0,4,4,2,0,2,4,1,5,0,0,0,0,2,24,2,-8,6,2,0,0,1,-1,0,1,6,-1
KR_6688529164,440,2,60,16,-2,1,2,3,-3,3,0,-3,4,1,0,3,3,3,2,5,0,-9,3,-6,-3,9,0,0,0,-1,-1,1,-1,3,-1
KR_6764482006,420,-1,-8,-9,2,1,1,2,0,3,3,0,2,2,-1,3,2,2,0,2,2,9,-338,1,-5,4,-1,0,0,-1,1,0,1,6,-1
KR_6752423118,420,-1,-126,-13,-4,0,1,1,-1,3,2,-3,4,1,0,3,3,0,1,1,-1,0,5,1,-6,5,-5,0,-3,-1,-1,-1,-1,1,-1
KR_6627399982,420,-4,-95,-11,-8,-2,2,0,0,3,3,-1,3,2,-2,6,4,-3,3,0,1,-6,-14,-8,-4,12,1,0,-2,-1,-1,-1,1,5,-1
KR_6758499165,440,-2,11,12,-5,-10,11,1,2,0,2,2,2,4,3,1,4,-2,2,0,0,0,-29,4,-6,2,1,0,0,1,1,1,-1,5,-1
KR_6734637232,420,0,-63,44,1,-1,2,1,2,0,2,-2,3,1,2,0,2,0,0,0,0,8,11,5,-6,1,-4,0,0,1,-1,0,1,4,-1
KR_6746129290,440,-3,-43,-14,-8,-2,4,2,-1,3,2,-5,5,0,-4,6,2,4,6,10,0,-2,6,5,-6,1,-4,0,0,0,0,0,-1,0,-1
KR_6729762259,420,3,-2,-24,8,1,1,2,6,1,7,2,0,2,-1,3,2,0,0,0,0,7,-11,-3,-5,8,1,0,-1,-1,0,-1,-1,6,-1
KR_6721331144,420,-2,-41,-22,0,-1,4,3,0,4,4,2,1,3,0,2,2,-1,2,1,0,-2,-2,0,-4,4,0,0,0,0,1,1,1,0,-1
KR_6733544137,420,-7,-92,-4,-6,-3,3,0,-1,4,3,-1,4,3,0,1,1,-1,2,1,0,-8,1,3,-8,5,-1,0,-1,0,1,-1,1,0,-1
KR_6717156129,420,0,-46,12,-2,-2,3,1,3,0,3,-3,3,0,3,1,4,-3,3,0,0,-1,1,2,-6,4,3,0,0,1,1,0,1,4,-1
KR_6701315241,440,-4,-46,-32,-13,1,0,1,-6,6,0,-6,7,1,1,2,3,-3,3,0,-2,-16,4,-6,-7,13,3,0,-1,-1,-1,-1,-1,6,-1
KR_6692040101,420,-6,-72,-16,-5,-3,4,1,1,2,3,1,1,2,-4,6,2,0,0,0,0,-4,14,1,-6,5,0,0,-2,-1,-1,-1,-1,5,-1
KR_6724851815,420,-1,9,-9,-1,-1,3,2,4,2,6,-2,4,2,-1,2,1,-1,1,0,0,-2,-301,1,-3,2,0,0,0,-1,0,0,1,3,-1
KR_6735971602,420,-4,-53,0,-8,-4,5,1,-2,2,0,-1,3,2,0,3,3,-1,2,1,-1,-4,-11,-6,-4,10,3,0,-2,-1,-1,-1,-1,4,-1
KR_6649243827,420,-4,-7,11,-7,-2,3,1,-5,8,3,0,1,1,0,2,2,0,1,1,0,-6,-8,-7,-1,8,-3,0,0,-1,-1,-1,1,1,-1
KR_6753138931,420,1,-10,-7,-5,-3,8,5,4,3,7,-2,6,4,0,5,5,-4,4,0,-2,-2,114,-3,0,3,-3,0,0,-1,-1,-1,-1,4,-1
KR_6630496682,420,-4,-36,-23,-12,1,1,2,-7,8,1,-1,1,0,-1,4,3,-4,6,2,0,-15,-5,-2,-2,4,0,0,-1,-1,1,-1,-1,4,-1
KR_6750254991,420,0,-21,15,1,-1,3,2,0,3,3,8,1,9,-5,7,2,-1,3,2,0,2,-59,3,-5,2,26,0,-2,1,1,-1,1,6,-1
KR_6761943506,420,-1,-15,1,-4,-3,3,0,2,2,4,0,4,4,-3,6,3,0,0,0,0,-2,11,-2,-2,4,0,0,-1,1,-1,-1,1,4,-1
KR_6631706628,420,-2,-5,-22,2,-2,4,2,-1,1,0,5,3,8,0,0,0,0,0,0,0,6,-2,0,-4,4,5,0,0,1,1,0,-1,2,-1
KR_6730253514,440,-1,33,25,-3,-4,7,3,3,2,5,0,1,1,-1,1,0,-1,2,1,0,4,24,0,-3,3,-4,0,0,0,1,-1,-1,0,-1
KR_6599537580,420,-3,-64,-18,-4,-2,3,1,1,0,1,-1,1,0,-2,2,0,0,0,0,0,0,-3,-3,-2,5,-2,0,0,-1,-1,0,-1,5,-1
KR_6761769864,420,0,43,-8,1,0,0,0,3,3,6,1,0,1,-3,5,2,0,0,0,0,1,-5,-4,-7,11,1,0,1,-1,0,1,1,2,-1
KR_6745628197,420,-3,-64,-21,-10,3,0,3,-1,2,1,0,4,4,-12,13,1,0,1,1,-1,-8,4,-4,-1,5,-2,0,-2,-1,-1,-1,-1,2,-1
KR_6764070938,420,-1,31,-4,-6,-3,4,1,0,3,3,-4,5,1,-1,3,2,2,0,2,0,-8,-382,1,-2,1,-2,0,0,1,-1,-1,-1,1,-1
KR_6730298761,420,-2,-12,4,-7,1,0,1,-3,5,2,-3,3,0,0,2,2,-2,2,0,1,-6,1,-2,-3,5,0,0,0,1,0,-1,1,3,-1
KR_6640998866,420,1,0,8,1,5,0,5,-2,4,2,2,2,4,-6,7,1,2,1,3,0,-6,-7,-1,-4,5,0,0,0,1,-1,-1,-1,4,-1
KR_6757599038,420,-1,-43,28,1,1,2,3,-4,6,2,3,1,4,2,1,3,-1,2,1,0,-1,19,1,-7,6,-2,0,0,0,-1,-1,1,0,-1
KR_6758201203,420,-3,-72,20,-8,-5,5,0,-1,4,3,-1,3,2,-1,3,2,0,0,0,0,-3,-12,-3,-2,5,2,0,-2,0,-1,-1,1,0,-1
KR_6626088968,420,-1,8,-28,-3,-1,1,0,-2,4,2,0,0,0,2,1,3,-2,3,1,0,-2,-23,0,-5,5,5,0,-1,0,0,-1,-1,0,-1
KR_6710713127,420,-3,-80,-31,-5,2,3,5,1,2,3,-4,5,1,-2,3,1,-2,4,2,0,-8,-28,1,-4,3,0,0,-3,0,0,-1,-1,0,-1
KR_6760134575,420,-2,-80,-3,-11,-2,5,3,-3,4,1,-8,8,0,0,2,2,2,2,4,0,-15,1,3,-5,2,-5,0,-2,1,-1,-1,-1,1,-1
KR_6724646300,440,-3,-82,0,-8,0,0,0,-1,2,1,0,0,0,-6,6,0,-1,1,0,0,-7,-4,-2,-3,5,-5,0,-3,0,-1,-1,-1,0,-1
KR_6732107408,420,0,8,-4,-4,4,0,4,-3,6,3,-1,4,3,-3,4,1,-1,2,1,0,-8,2,0,-6,6,-1,0,1,1,1,1,-1,4,-1
KR_6763623496,420,2,-25,39,3,5,0,5,1,1,2,-3,4,1,0,2,2,0,1,1,0,6,-1,-5,-7,12,-2,0,0,-1,1,-1,-1,2,-1
KR_6530431360,420,-2,4,-33,-2,-1,2,1,5,0,5,-7,9,2,1,1,2,0,1,1,0,6,7,2,-7,5,0,0,-1,-1,-1,-1,1,2,-1
KR_6733251926,420,-4,-58,-56,-7,-2,3,1,-2,2,0,1,0,1,-4,4,0,0,0,0,0,-5,1,-3,-1,4,0,0,0,-1,-1,0,-1,2,-1
KR_6764555058,420,-1,-37,-27,0,1,1,2,-2,2,0,-1,4,3,0,2,2,2,0,2,0,-3,-8,2,-5,3,-8,0,-1,1,-1,-1,1,2,-1
KR_6521734190,420,0,18,11,0,2,4,6,0,5,5,-2,4,2,-1,4,3,1,0,1,0,-1,-48,-3,-3,6,12,0,0,-1,1,1,-1,2,-1
KR_6706892166,420,0,48,1,-2,0,0,0,1,2,3,-3,4,1,0,3,3,0,1,1,0,0,-10,-3,-5,8,6,0,-1,0,1,-1,1,0,-1
KR_6759135257,440,-1,-26,35,2,4,3,7,-3,4,1,-1,4,3,0,7,7,2,1,3,0,-3,0,-6,-5,11,-3,0,0,1,1,1,-1,5,-1
KR_6731054450,420,-5,-52,20,-9,-2,3,1,-4,4,0,0,3,3,-3,4,1,0,1,1,0,-11,-24,1,-4,3,-1,0,-1,-1,-1,-1,-1,5,-1
KR_6738529622,420,1,-63,16,1,1,1,2,-3,5,2,0,0,0,3,0,3,0,0,0,0,0,-8,0,-5,5,-2,0,1,-1,1,1,1,4,-1
KR_6742597224,420,2,-33,9,2,0,2,2,-1,2,1,1,1,2,3,2,5,-1,1,0,0,7,-9,0,-5,5,5,0,0,-1,-1,0,1,3,-1
KR_6759072305,440,5,75,18,11,-2,4,2,4,0,4,2,1,3,6,0,6,1,0,1,0,11,-9,2,-6,4,15,0,0,0,1,-1,-1,0,-1
KR_6623685271,420,2,7,-3,2,2,2,4,4,0,4,0,2,2,-3,5,2,-1,2,1,-1,9,-186,4,-8,4,4,0,-1,-1,0,-1,-1,2,-1
KR_6668999071,440,-5,-46,-25,-10,0,1,1,2,0,2,-1,1,0,-7,7,0,-4,5,1,0,-15,-23,1,-5,4,1,0,-2,-1,-1,-1,-1,2,-1
KR_6757012522,420,-5,-38,-26,-10,-5,5,0,-2,5,3,0,1,1,-2,6,4,-1,5,4,-1,-9,17,-3,-2,5,2,0,-2,0,1,-1,1,0,-1
KR_6680083944,420,5,22,12,6,3,1,4,2,1,3,-2,3,1,3,2,5,0,2,2,0,-2,-15,5,-8,3,2,0,0,1,0,0,-1,2,-1
KR_6732728222,420,-1,10,26,-2,-6,6,0,-3,6,3,2,1,3,6,0,6,-1,1,0,0,-4,-3,-2,-1,3,0,0,0,-1,-1,0,-1,1,-1
KR_6760761585,420,-1,11,-4,-7,-6,6,0,1,2,3,3,2,5,-6,8,2,1,1,2,0,-4,-7,-3,-2,5,1,0,-1,-1,-1,-1,-1,1,-1
KR_6732418144,420,-5,-93,21,-12,-7,8,1,0,3,3,-1,2,1,-4,4,0,0,0,0,0,-5,-7,-4,-3,7,-3,0,0,-1,1,-1,-1,1,-1
KR_6741118153,440,-2,22,16,-11,-4,5,1,-1,3,2,0,5,5,2,1,3,-8,10,2,1,0,-9,-8,0,8,5,0,-1,-1,1,-1,1,3,-1
KR_6759490016,420,-3,-41,2,-12,-4,6,2,5,2,7,-4,6,2,-4,4,0,-5,5,0,-4,-19,-6,-5,-3,8,0,0,-1,0,-1,-1,-1,0,-1
KR_6728692210,420,1,15,6,8,1,0,1,-2,5,3,5,0,5,1,3,4,3,0,3,0,-1,9,0,-7,7,-2,0,1,-1,1,1,1,3,-1
KR_6654267561,420,-4,-35,20,-11,0,2,2,-2,3,1,2,0,2,-3,4,1,-8,8,0,1,-12,-5,1,-6,5,-1,0,-1,0,1,-1,1,0,-1
KR_6338959707,440,2,-41,11,1,-3,3,0,-2,3,1,3,2,5,1,4,5,2,0,2,0,-6,6,-3,-4,7,6,0,0,-1,0,-1,-1,6,-1
KR_6759368641,420,-2,-60,0,-10,0,3,3,-2,2,0,-5,7,2,0,1,1,-3,4,1,0,-8,-10,0,-4,4,1,0,-2,-1,1,-1,1,3,-1
KR_6549132016,420,-4,-45,4,-8,-2,3,1,3,4,7,-2,3,1,-6,6,0,-1,1,0,0,-9,-8,-1,-3,4,1,0,-2,-1,1,-1,-1,5,-1
KR_6728721048,420,-6,-64,-52,-18,0,3,3,-3,4,1,-5,6,1,-9,10,1,-1,3,2,0,-17,0,-11,-1,12,-2,0,-2,-1,-1,-1,-1,6,-1
KR_6741984708,440,0,68,-40,-4,-3,3,0,0,1,1,-1,3,2,3,1,4,-3,3,0,-1,-3,2,-2,-2,4,-3,0,0,0,-1,0,-1,0,-1
KR_6713723100,420,0,-25,49,-1,-4,6,2,3,1,4,0,2,2,0,3,3,0,4,4,-1,3,15,5,-7,2,-6,0,0,0,1,1,1,0,-1
KR_6591914704,420,-3,-75,-21,-3,-2,2,0,2,0,2,0,2,2,-3,6,3,0,1,1,0,1,-98,0,-6,6,1,0,-1,-1,-1,-1,-1,2,-1
KR_6706540572,420,-3,-54,12,0,-1,3,2,-1,4,3,-4,4,0,4,2,6,2,0,2,-1,15,0,1,-5,4,0,0,-1,1,-1,-1,-1,6,-1
KR_6757786979,420,-4,-8,-17,-1,0,2,2,0,1,1,-2,2,0,2,2,4,-1,3,2,0,-2,-50,2,-7,5,22,0,0,-1,1,0,1,3,-1
KR_6715019649,440,-6,-132,-6,-15,-4,5,1,-3,7,4,1,1,2,-5,5,0,-4,5,1,0,-19,-25,0,-3,3,-1,0,-3,-1,-1,-1,-1,5,-1
KR_6749853572,420,2,1,16,6,-2,5,3,1,1,2,-2,3,1,3,1,4,6,1,7,0,9,-5,0,-4,4,0,0,1,-1,1,1,-1,1,-1
KR_6660156855,440,-4,-83,-43,2,-3,3,0,1,0,1,3,2,5,1,1,2,0,1,1,0,3,-5,4,-6,2,4,0,-2,1,-1,-1,1,4,-1
KR_6736664208,420,-1,16,-12,-6,-1,5,4,-1,5,4,1,1,2,-1,1,0,-4,4,0,1,-10,89,1,-5,4,0,0,0,-1,1,1,1,5,-1
KR_6748443315,420,-3,-37,-16,-3,0,4,4,1,2,3,0,1,1,-2,5,3,-2,3,1,0,-9,-9,-1,-5,6,-5,0,-1,-1,1,-1,-1,1,-1
KR_6682073090,440,2,39,8,-1,3,1,4,-6,7,1,-1,4,3,2,5,7,1,2,3,-3,-7,-3,3,-5,2,-1,0,1,1,0,1,-1,6,-1
KR_6663867588,420,0,-43,0,0,0,3,3,-4,6,2,3,1,4,1,0,1,0,0,0,0,-1,5,0,-3,3,-1,0,-1,1,1,-1,1,3,-1
KR_6730428954,420,-1,30,12,1,0,3,3,-1,3,2,-1,2,1,1,2,3,2,1,3,0,2,35,2,-4,2,-17,0,0,-1,-1,1,-1,2,-1
KR_6738166545,420,-1,36,-2,-5,1,0,1,-2,3,1,1,0,1,0,2,2,-5,6,1,1,-8,-4,-2,-3,5,4,0,0,-1,1,0,1,3,-1
KR_6677704615,420,-1,-38,17,-1,4,1,5,-4,6,2,2,4,6,-3,4,1,0,0,0,1,-7,-14,-9,-3,12,1,0,0,-1,0,-1,1,5,-1
KR_6680308413,420,1,-20,5,-3,6,1,7,-1,2,1,-4,5,1,-4,7,3,0,2,2,0,-6,-11,-4,-3,7,-2,0,0,-1,0,0,-1,2,-1
KR_6694229062,420,-4,-28,-12,-8,-4,4,0,-3,6,3,-2,2,0,0,4,4,1,1,2,0,-2,-38,-2,-4,6,-1,0,0,-1,-1,-1,-1,1,-1
KR_6764445258,420,-3,-69,-24,-5,-1,1,0,-5,6,1,1,2,3,-1,1,0,1,0,1,0,3,2,1,-4,3,1,0,-1,-1,1,-1,-1,4,-1
KR_6561607405,420,0,-2,3,-2,-3,3,0,1,2,3,-3,3,0,2,1,3,1,1,2,0,3,34,-2,-5,7,-2,0,0,-1,-1,-1,-1,6,-1
KR_6764487385,420,1,-5,7,3,4,1,5,-5,6,1,-3,6,3,7,1,8,0,4,4,0,0,-6,-6,0,6,2,0,1,1,0,1,1,1,-1
KR_6452471625,440,-2,-12,-18,-6,1,1,2,-2,4,2,-1,3,2,-4,4,0,0,1,1,0,-6,160,-1,-5,6,1,0,1,-1,-1,-1,1,1,-1
KR_6744287495,420,-3,10,-24,-3,2,3,5,-1,4,3,1,2,3,0,1,1,-5,5,0,0,-5,-325,-1,-6,7,-3,0,0,-1,-1,0,1,4,-1
KR_6606122056,420,-1,-65,-29,-3,-3,5,2,-2,5,3,3,1,4,-1,3,2,0,1,1,0,-1,-5,-2,-1,3,2,0,0,1,-1,-1,-1,5,-1
KR_6764366900,420,-3,-45,-12,-12,-1,2,1,-2,3,1,-3,4,1,-6,6,0,0,4,4,1,-8,-14,-1,-5,6,-3,0,0,-1,-1,-1,1,4,-1
KR_6514585862,420,0,-6,-4,-1,-1,3,2,0,3,3,2,1,3,-1,7,6,-1,1,0,0,3,1,-1,-7,8,-1,0,-1,-1,0,-1,1,5,-1
KR_6764602712,420,-4,-17,-38,-2,-3,4,1,1,1,2,1,1,2,-1,3,2,0,0,0,0,1,-2,2,-8,6,3,0,-1,1,-1,-1,-1,5,-1
KR_6644103453,420,-1,74,16,-3,2,2,4,0,4,4,-3,5,2,-2,5,3,0,1,1,0,-3,14,4,-10,6,-2,0,0,0,-1,0,-1,0,-1
KR_6742889172,420,-6,-95,-23,-7,-3,4,1,-1,3,2,-3,3,0,1,3,4,-1,3,2,0,-5,-6,2,-5,3,-1,0,-1,1,-1,-1,-1,2,-1
KR_6715371753,420,2,-47,15,-3,1,1,2,-1,2,1,1,1,2,-3,6,3,-1,2,1,0,1,1,0,-4,4,3,0,-1,1,-1,-1,-1,3,-1
KR_6500213470,420,-1,8,18,-5,-2,4,2,-3,3,0,-2,2,0,1,2,3,1,2,3,0,-5,-241,-5,-1,6,0,0,-2,-1,-1,-1,-1,3,-1
KR_6658267023,420,-2,5,-15,-5,1,1,2,-4,6,2,-1,1,0,-1,2,1,0,1,1,-1,-5,-18,-4,-4,8,-1,0,-1,-1,-1,-1,-1,4,-1
KR_6760955720,440,-4,-78,-28,-7,-3,4,1,0,5,5,-5,5,0,0,3,3,1,3,4,0,-7,-3,-4,-3,7,-2,0,0,1,-1,0,1,2,-1
KR_6715869008,420,-3,-66,-8,-5,3,3,6,-4,4,0,1,1,2,-5,6,1,0,2,2,1,-5,3,-3,-5,8,-2,0,-1,-1,1,-1,1,4,-1
KR_6674419384,420,-2,-24,-13,-4,-1,2,1,-3,7,4,1,2,3,-2,5,3,1,0,1,0,0,-10,-2,-2,4,1,0,0,-1,0,0,-1,4,-1
KR_6746891770,420,0,-48,12,1,-3,5,2,-3,4,1,5,1,6,-2,2,0,4,0,4,0,-3,2,-6,-3,9,-1,0,0,-1,1,0,-1,3,-1
KR_6644707884,440,-2,-26,20,-3,0,3,3,-1,5,4,-1,1,0,-2,6,4,1,0,1,0,-2,-3,-2,-5,7,-1,0,-1,1,-1,-1,1,5,-1
KR_6745949243,420,-4,-4,-10,-8,-2,3,1,-1,6,5,-2,3,1,-2,3,1,-1,1,0,0,-4,-144,-1,-3,4,2,0,-1,1,-1,-1,-1,1,-1
KR_6764334717,420,0,-7,3,0,6,1,7,-4,6,2,-3,4,1,1,2,3,0,0,0,0,4,-4,2,-5,3,4,0,0,0,1,0,-1,0,-1
KR_6452373525,440,-1,-29,8,-10,-2,5,3,-2,2,0,1,4,5,-6,6,0,-1,2,1,0,-12,2,1,-4,3,1,0,-1,1,1,-1,-1,4,-1
KR_6497271767,440,0,-30,-20,2,-1,1,0,-2,3,1,5,1,6,-2,2,0,2,1,3,0,0,6,2,-8,6,2,0,0,-1,-1,0,1,6,-1
KR_6708877872,440,-7,-71,-16,-8,-2,4,2,-1,2,1,-3,5,2,0,4,4,-2,2,0,0,-7,-1,-1,-1,2,-4,0,-3,1,-1,-1,1,3,-1
KR_6753431792,420,0,61,-12,-4,-3,3,0,3,2,5,2,3,5,-6,8,2,0,1,1,2,-10,11,-4,-3,7,6,0,0,-1,-1,0,-1,2,-1
KR_6216467987,420,-3,-2,-17,-4,2,0,2,-1,3,2,-1,3,2,-3,5,2,-1,2,1,0,-6,-35,3,-7,4,3,0,0,-1,0,0,1,4,-1
KR_6639013774,420,0,-69,-15,0,-4,4,0,-5,9,4,3,3,6,3,4,7,3,1,4,-1,-8,7,2,-6,4,-4,0,-1,-1,0,-1,-1,1,-1
KR_6754811469,420,-1,-28,-16,4,5,0,5,5,3,8,-5,7,2,-1,5,4,0,2,2,0,2,6,-1,-5,6,2,0,0,1,1,0,1,4,-1
KR_6740285840,420,-1,-47,-13,-3,2,0,2,1,1,2,-2,4,2,-3,6,3,-1,2,1,0,-2,8,-2,-4,6,3,0,1,-1,1,1,-1,4,-1
KR_6707113324,420,-1,-43,0,-1,-1,1,0,1,0,1,-6,6,0,-2,4,2,7,0,7,1,4,0,6,-7,1,-4,0,-1,1,-1,-1,1,3,-1
KR_6749959606,420,0,53,-12,3,3,0,3,-2,3,1,2,2,4,1,3,4,-1,1,0,0,-3,2,0,-5,5,5,0,1,-1,-1,1,1,1,-1
KR_6746250740,420,-2,74,-31,-3,1,2,3,-4,5,1,-3,7,4,1,2,3,2,0,2,0,4,3,1,-7,6,-3,0,1,-1,-1,1,-1,2,-1
KR_6628043527,420,-6,-134,-32,-14,-2,2,0,-3,3,0,-6,7,1,-4,4,0,1,0,1,0,-7,6,2,-6,4,-4,0,-3,-1,1,-1,-1,1,-1
KR_6654788021,420,1,-34,-16,1,0,0,0,1,1,2,3,1,4,-4,6,2,1,2,3,0,-6,-8,-2,-2,4,-1,0,0,-1,1,0,-1,6,-1
KR_6747821145,440,1,-8,-14,-1,-4,6,2,-1,2,1,0,2,2,2,0,2,2,0,2,0,5,2,6,-8,2,1,0,0,1,0,0,-1,2,-1
KR_6748932975,420,-1,-37,-4,-7,-1,1,0,3,0,3,-4,4,0,-4,6,2,-1,2,1,0,-2,-10,-5,-5,10,-1,0,-1,-1,-1,-1,-1,3,-1
KR_6577065522,420,1,93,7,-1,-1,4,3,-2,3,1,1,1,2,2,0,2,-1,2,1,0,-2,-7,2,-5,3,-2,0,0,-1,-1,0,1,2,-1
KR_6497814344,420,0,46,-15,-8,-3,3,0,4,2,6,-9,10,1,-1,5,4,1,2,3,-1,-11,5,2,-8,6,-3,0,-1,-1,1,-1,-1,3,-1
KR_6731636246,440,-2,-54,8,-6,-3,4,1,-6,9,3,0,1,1,-1,2,1,4,1,5,0,3,-42,-1,-5,6,1,0,0,1,-1,0,-1,4,-1
KR_6546272784,420,2,57,14,0,-2,3,1,1,1,2,3,0,3,1,0,1,-3,4,1,0,-2,21,-4,-4,8,5,0,0,1,-1,0,-1,6,-1
KR_6748315815,420,-3,-49,11,-8,-6,9,3,7,2,9,-3,4,1,-6,8,2,0,1,1,0,0,-315,0,-5,5,-2,0,-2,-1,-1,-1,-1,2,-1
KR_6652871934,420,-4,-101,-24,-5,0,3,3,-1,2,1,-2,5,3,-3,3,0,1,1,2,1,-5,0,1,-5,4,1,0,-1,1,-1,-1,1,1,-1
KR_6730646599,420,-3,-2,-11,-10,1,1,2,-4,6,2,-2,3,1,-7,7,0,2,0,2,0,-9,1,-1,-1,2,-1,0,-1,1,-1,-1,-1,1,-1
KR_6727262941,440,-4,8,-43,0,-2,3,1,-3,3,0,-1,1,0,3,1,4,3,1,4,0,5,-43,3,-7,4,-2,0,1,1,-1,-1,1,6,-1
KR_6758847394,420,-3,-41,-49,-4,-4,4,0,0,1,1,-3,3,0,3,2,5,0,1,1,-1,0,1,-3,-4,7,0,0,0,-1,-1,-1,-1,3,-1
KR_6734801008,420,1,-73,18,-1,-2,2,0,4,0,4,-1,1,0,-4,6,2,2,2,4,0,3,6,0,-4,4,-1,0,-1,0,-1,-1,-1,0,-1
KR_6737871014,440,3,2,28,-4,0,0,0,0,1,1,1,3,4,-6,8,2,1,2,3,0,-11,-10,-4,-3,7,5,0,0,-1,1,-1,-1,2,-1
KR_6673977350,420,-3,-79,9,-5,0,1,1,2,0,2,-2,5,3,-6,7,1,1,0,1,-1,-3,-5,-4,-2,6,-3,0,0,-1,-1,0,-1,1,-1
KR_6653666758,420,-8,-133,-12,-17,-4,4,0,-6,6,0,-3,3,0,-4,4,0,0,0,0,0,-16,-12,-6,-2,8,2,0,0,-1,-1,-1,-1,6,-1
KR_6747753150,420,0,-22,-4,-5,2,0,2,-3,5,2,1,3,4,-4,7,3,-1,3,2,0,-11,46,-1,-5,6,-23,0,-1,-1,1,-1,-1,3,-1
KR_6764271851,420,-3,-11,24,-9,-2,3,1,-5,6,1,1,0,1,-5,8,3,2,0,2,1,-5,-5,-1,-5,6,3,0,-1,1,-1,-1,1,3,-1
KR_6744165131,440,-1,-22,44,-6,0,1,1,-8,8,0,-3,3,0,5,0,5,0,1,1,0,-5,17,-1,-5,6,-1,0,-1,0,-1,-1,-1,0,-1
KR_6727776020,440,-5,14,-16,-6,-4,4,0,-1,2,1,-1,2,1,1,2,3,-1,1,0,0,1,22,3,-6,3,-5,0,0,-1,1,0,-1,3,-1
KR_6696371301,420,-1,8,-15,1,2,0,2,-1,1,0,3,0,3,-1,4,3,-2,3,1,0,4,15,-4,-3,7,-4,0,-1,-1,1,-1,1,5,-1
KR_6764713926,440,-2,-6,-46,-2,0,2,2,0,1,1,-2,3,1,-2,2,0,2,1,3,0,-4,9,-2,-3,5,4,0,-1,1,-1,-1,1,1,-1
KR_6729788237,440,1,34,28,6,1,2,3,1,1,2,-2,3,1,6,1,7,0,3,3,4,15,3,1,-5,4,2,0,0,1,-1,0,1,6,-1
KR_6664160245,420,-3,-48,-28,-12,3,0,3,3,2,5,-14,14,0,-3,3,0,-1,1,0,0,-12,-6,-1,-1,2,1,0,-2,1,-1,-1,1,5,-1
KR_6633370659,420,0,26,20,-5,-2,5,3,2,0,2,-6,6,0,4,0,4,-3,4,1,0,-8,-2,-6,-5,11,4,0,-1,-1,-1,1,1,2,-1
KR_6736762575,420,-2,-14,-5,-7,0,1,1,1,3,4,1,3,4,-7,8,1,-2,4,2,-1,-9,-5,-6,-4,10,-2,0,-1,-1,1,-1,-1,6,-1
KR_6759995321,420,1,46,17,3,1,2,3,0,0,0,0,2,2,0,1,1,2,2,4,0,2,-7,-3,-5,8,3,0,0,1,1,0,1,5,-1
KR_6759912358,420,-2,-58,-19,-4,0,1,1,-2,3,1,-3,3,0,1,5,6,0,1,1,0,-7,7,-5,-4,9,0,0,-1,-1,-1,-1,-1,3,-1
KR_6759956602,420,-2,-58,8,-6,-3,3,0,-4,5,1,1,2,3,1,1,2,-1,1,0,0,-1,114,-5,-6,11,-1,0,0,1,-1,1,-1,4,-1
KR_6744194946,420,-2,-93,0,-4,-1,1,0,-2,10,8,-4,5,1,1,3,4,2,0,2,0,-1,-8,-4,-2,6,0,0,-1,-1,1,-1,1,1,-1
KR_6759598008,420,-4,-86,-7,-11,-4,5,1,4,1,5,-2,3,1,-6,6,0,-3,3,0,0,-7,16,-1,-3,4,-3,0,-1,1,-1,-1,1,2,-1
KR_6720421063,420,1,27,-23,3,5,0,5,-2,3,1,-5,5,0,4,4,8,1,1,2,3,11,108,-1,-3,4,-3,0,1,-1,1,1,1,3,-1
KR_6577059715,420,-3,-22,2,-9,-1,1,0,-3,3,0,-4,6,2,-2,5,3,1,0,1,0,-10,34,1,-2,1,-9,0,-1,-1,-1,-1,-1,4,-1
KR_6754661275,420,-3,-6,-38,-3,-5,5,0,5,0,5,-2,2,0,-1,2,1,0,0,0,0,-1,-9,5,-7,2,2,0,0,-1,-1,0,-1,3,-1
KR_6764213643,420,-4,-129,12,-8,-1,4,3,-3,3,0,-1,1,0,-2,4,2,-1,1,0,0,-7,0,5,-8,3,1,0,-2,-1,-1,-1,-1,4,-1
KR_6761706487,420,-3,3,-8,-12,0,1,1,-8,9,1,-4,7,3,-1,3,2,1,0,1,0,-10,2,-4,-2,6,2,0,0,-1,-1,-1,1,3,-1
KR_6762252881,420,0,-6,8,0,0,1,1,1,0,1,1,1,2,0,1,1,-2,2,0,0,-7,-23,0,-4,4,1,0,0,1,-1,0,1,6,-1
KR_6494316053,420,-2,45,-58,7,-3,4,1,4,1,5,2,1,3,4,4,8,0,1,1,0,8,-11,0,-6,6,2,0,2,-1,0,1,-1,3,-1
KR_6752982102,420,1,11,-8,-2,0,2,2,4,1,5,0,0,0,-3,4,1,-3,4,1,0,0,-6,3,-8,5,-1,0,0,0,-1,-1,-1,0,-1
KR_6744094003,440,2,-19,-36,6,-2,4,2,2,2,4,1,1,2,5,2,7,0,2,2,0,7,8,5,-6,1,-6,0,-1,-1,1,1,-1,6,-1
KR_6404802129,420,0,-19,8,5,4,1,5,-4,4,0,0,0,0,5,0,5,0,0,0,0,8,-1,2,-6,4,3,0,-1,-1,1,-1,-1,2,-1
KR_6704196059,420,-3,-39,28,-4,-1,3,2,1,2,3,-3,3,0,-1,3,2,0,3,3,2,-2,-35,4,-6,2,11,0,0,-1,-1,1,1,2,-1
KR_6632744555,420,-3,-26,-17,-4,-5,5,0,-2,5,3,0,0,0,1,3,4,2,1,3,0,6,-3,0,-4,4,1,0,-2,-1,-1,-1,-1,2,-1
KR_6762410470,420,2,15,12,5,0,1,1,1,2,3,3,2,5,1,1,2,0,1,1,0,9,7,0,-6,6,-2,0,1,1,1,1,-1,5,-1
KR_6665940298,420,-2,-63,-4,-2,-1,2,1,1,2,3,-2,3,1,2,2,4,-2,2,0,0,-3,-7,0,-5,5,1,0,0,0,0,0,-1,0,-1
KR_6663868418,420,-5,-66,0,-3,-3,3,0,2,1,3,2,0,2,-3,3,0,-1,1,0,0,2,4,0,-5,5,0,0,-1,-1,1,-1,1,1,-1
KR_6761170226,420,-2,0,0,-8,2,1,3,-4,8,4,1,1,2,-8,8,0,1,0,1,0,-12,21,0,-3,3,-4,0,0,-1,0,-1,1,1,-1
KR_6707710276,420,1,-13,-4,4,0,0,0,2,0,2,-3,3,0,4,0,4,1,2,3,0,3,16,-1,-3,4,0,0,1,0,1,1,1,0,-1
KR_6662338212,420,-5,-104,-38,-8,-2,4,2,-5,7,2,-3,4,1,2,2,4,0,0,0,0,-5,3,-5,-7,12,2,0,-1,-1,-1,-1,1,6,-1
KR_6606440325,420,-3,24,-21,-2,7,1,8,0,3,3,0,0,0,-7,8,1,-2,5,3,0,-15,1,0,-2,2,-4,0,0,-1,-1,-1,1,1,-1
KR_6292596310,420,-4,-32,-7,-12,-1,4,3,-1,4,3,-2,4,2,-8,9,1,0,1,1,-1,-8,14,3,-5,2,1,0,-1,1,1,-1,-1,3,-1
KR_6546794377,420,-5,-59,-67,-10,2,0,2,-3,3,0,-7,8,1,-2,5,3,0,1,1,-1,-8,-16,-9,-2,11,0,0,-1,-1,1,-1,-1,1,-1
KR_6669191588,440,0,2,-16,-5,1,2,3,1,3,4,-4,4,0,-3,4,1,0,0,0,0,-11,5,1,-4,3,-7,0,1,-1,1,1,-1,2,-1
KR_6732359773,420,-2,-53,-8,1,-2,2,0,0,2,2,3,1,4,1,1,2,-1,1,0,0,-1,1,-5,-2,7,-1,0,-1,-1,-1,-1,1,2,-1
KR_6731574431,440,-3,-43,-28,-12,2,3,5,-4,8,4,3,1,4,-4,5,1,-9,9,0,-3,-10,-5,-1,-5,6,-1,0,-2,-1,-1,-1,-1,5,-1
KR_6722808633,420,-7,-128,-35,-9,-5,6,1,0,1,1,-1,6,5,-4,4,0,1,0,1,0,8,0,1,-6,5,2,0,-3,-1,-1,-1,-1,2,-1
KR_6742279992,420,-1,25,1,2,-2,3,1,4,1,5,-2,2,0,4,1,5,-2,2,0,0,3,-22,-2,-3,5,5,0,1,1,1,1,1,6,-1
KR_6755124071,420,0,-37,-35,-3,1,0,1,-2,3,1,-2,7,5,0,2,2,0,0,0,0,0,7,2,-5,3,0,0,0,-1,0,0,-1,3,-1
KR_6632682590,420,-1,-34,-14,-2,2,0,2,-3,6,3,-4,4,0,3,2,5,0,1,1,0,-1,10,0,-6,6,0,0,0,1,0,0,-1,1,-1
KR_6678716099,420,-1,-15,-2,-7,-2,3,1,-5,8,3,1,2,3,0,4,4,-1,1,0,0,-9,13,3,-7,4,-1,0,0,1,-1,-1,1,1,-1
KR_6756474947,420,-1,-78,4,-3,-1,2,1,-2,4,2,0,1,1,-2,4,2,2,0,2,0,1,-12,-4,-4,8,-4,0,-2,-1,-1,-1,-1,6,-1
KR_6668573302,420,-9,-103,-35,-21,-2,3,1,-11,13,2,-8,8,0,1,2,3,-1,1,0,0,-13,-11,2,-3,1,-3,0,-3,-1,-1,-1,-1,1,-1
KR_6588816738,420,-1,25,6,-6,1,0,1,-1,1,0,1,0,1,-4,7,3,-3,4,1,0,-7,46,6,-10,4,-27,0,-1,-1,-1,-1,-1,6,-1
KR_6757621606,420,-4,-43,-22,-5,2,0,2,-1,4,3,-2,4,2,1,2,3,-5,5,0,1,3,4,6,-10,4,-6,0,0,0,-1,0,1,0,-1
KR_6741293249,420,-4,-130,8,-9,-4,4,0,0,2,2,-1,4,3,-5,8,3,1,1,2,-2,-10,-4,2,-8,6,-4,0,0,-1,1,0,-1,4,-1
KR_6464802080,420,0,-5,-5,2,2,0,2,0,2,2,1,2,3,-1,1,0,0,1,1,0,2,-27,6,-8,2,-7,0,0,1,1,-1,1,4,-1
KR_6597270547,420,-2,26,4,-1,-3,4,1,0,3,3,-3,3,0,5,0,5,0,0,0,1,2,-6,0,-6,6,-4,0,0,0,0,0,1,0,-1
KR_6506384024,420,-7,-70,-51,-11,-2,2,0,-5,7,2,1,2,3,-1,2,1,-4,5,1,-1,-7,-21,2,-4,2,4,0,-2,-1,0,-1,-1,5,-1
KR_6686646815,420,-4,-105,23,-11,-8,10,2,2,1,3,-2,5,3,-2,2,0,-1,2,1,0,1,-8,-2,-3,5,-1,0,-1,-1,-1,-1,-1,1,-1
KR_6760556057,420,2,-42,11,5,1,0,1,0,4,4,4,2,6,1,1,2,-1,2,1,0,5,0,-3,-3,6,1,0,0,-1,-1,0,-1,3,-1
KR_6643004905,420,0,-36,-34,1,0,1,1,-6,8,2,7,2,9,-3,5,2,3,1,4,2,2,10,1,-5,4,-3,0,-1,1,-1,-1,1,4,-1
KR_6757561695,420,-5,-45,-16,-10,-2,2,0,-5,7,2,-4,6,2,2,1,3,-1,3,2,1,-12,-36,1,-5,4,17,0,0,1,1,0,1,6,-1
KR_6717340825,420,1,-1,28,2,1,0,1,0,1,1,-1,3,2,2,1,3,0,0,0,0,2,-2,3,-4,1,-1,0,0,-1,1,1,1,5,-1
KR_6571100479,420,0,-47,-16,1,-1,3,2,1,3,4,4,1,5,-2,2,0,-1,1,0,0,-3,-6,3,-6,3,4,0,0,-1,1,-1,1,6,-1
KR_6568953109,420,-1,30,-3,3,2,1,3,5,0,5,2,2,4,-5,5,0,-1,2,1,0,2,-37,-2,-4,6,23,0,0,-1,1,1,-1,3,-1
KR_6693475813,420,-4,-98,-13,-4,-2,2,0,-2,8,6,1,0,1,0,3,3,-1,1,0,0,-2,63,2,-4,2,2,0,-1,1,1,-1,-1,6,-1
KR_6750079017,420,-2,78,-24,-7,1,1,2,-1,2,1,-3,7,4,0,1,1,-4,5,1,0,-3,-27,0,-3,3,0,0,0,-1,-1,-1,1,1,-1
KR_6378208122,420,-3,-51,0,-8,2,0,2,-3,3,0,1,1,2,-6,6,0,-2,2,0,0,-11,-7,2,-9,7,1,0,-1,1,1,-1,-1,6,-1
KR_6729873502,420,-4,-81,-28,-7,-5,6,1,-2,6,4,2,2,4,-4,6,2,2,2,4,0,0,-53,-1,-5,6,17,0,-1,-1,-1,-1,1,5,-1
KR_6624589059,420,-2,4,-36,-5,1,1,2,1,4,5,-3,6,3,-4,6,2,0,0,0,-1,-5,10,3,-7,4,-2,0,-1,1,1,1,-1,6,-1
KR_6459213276,420,-8,-75,-45,-7,-2,2,0,-4,4,0,-2,4,2,6,0,6,-5,5,0,0,-10,1,-2,-5,7,-3,0,-1,-1,-1,-1,-1,1,-1
KR_6663966590,420,1,40,20,-4,-3,3,0,3,2,5,-2,2,0,-1,2,1,-1,1,0,0,3,-2,-1,-1,2,0,0,2,1,1,1,-1,6,-1
KR_6763106971,420,-3,-57,-8,-10,-2,2,0,1,1,2,-6,6,0,1,1,2,-4,5,1,0,-8,0,1,-5,4,0,0,-1,1,-1,-1,-1,4,-1
KR_6608463671,420,-3,-73,13,-12,-4,4,0,-7,8,1,-1,3,2,0,4,4,0,2,2,0,-17,2,-3,-5,8,-5,0,-1,-1,-1,-1,-1,2,-1
KR_6748459582,420,0,16,8,-1,-4,4,0,-2,4,2,1,3,4,3,1,4,1,1,2,1,0,7,0,-6,6,0,0,0,1,-1,-1,1,3,-1
KR_6695394422,420,1,99,-23,0,1,1,2,2,1,3,2,3,5,2,1,3,-7,8,1,-1,3,6,0,-5,5,-3,0,0,-1,-1,1,-1,1,-1
KR_6764501685,440,-1,-46,-17,0,-7,10,3,0,2,2,-3,7,4,8,1,9,2,0,2,1,7,24,-4,-4,8,-3,0,-2,0,1,1,-1,0,-1
KR_6712148354,420,2,29,-12,6,3,0,3,-2,6,4,4,0,4,1,2,3,0,0,0,0,2,11,1,-5,4,0,0,1,-1,-1,1,1,4,-1
KR_6734814243,420,1,44,33,-2,-4,4,0,2,4,6,5,0,5,-5,5,0,0,1,1,0,2,8,0,-4,4,0,0,-1,1,-1,-1,-1,3,-1
KR_6731348988,420,-4,1,-40,-8,-5,6,1,-5,7,2,-1,3,2,3,3,6,0,0,0,-1,-4,-7,-4,-5,9,-1,0,-1,-1,-1,-1,-1,1,-1
KR_6761122490,420,0,10,6,-3,-4,4,0,3,3,6,-3,4,1,2,5,7,-1,3,2,0,1,-106,-2,-2,4,0,0,-1,0,-1,-1,-1,0,-1
KR_6761994319,420,1,-3,40,1,-2,3,1,1,2,3,6,2,8,-4,7,3,0,1,1,-1,-3,19,-1,-1,2,-1,0,0,1,0,0,-1,6,-1
KR_6759779396,420,-2,-40,-18,-3,-4,4,0,1,2,3,-2,4,2,3,2,5,-1,2,1,0,9,-6,-4,-1,5,3,0,0,-1,-1,-1,-1,2,-1
KR_6726770325,420,2,-10,-27,6,5,2,7,4,2,6,2,2,4,-3,4,1,-2,2,0,1,7,2,-2,-3,5,2,0,0,0,-1,1,1,0,-1
KR_6750707995,420,1,-5,24,-7,-2,2,0,1,3,4,-1,4,3,-4,6,2,-1,1,0,0,-4,-4,5,-9,4,3,0,-2,-1,-1,-1,-1,1,-1
KR_6736867732,420,-3,-62,-47,-3,-3,5,2,-1,3,2,1,2,3,0,2,2,0,0,0,0,5,0,1,-4,3,2,0,-2,-1,1,-1,-1,2,-1
KR_6589824931,420,-2,3,-23,-5,2,2,4,-2,8,6,0,2,2,-4,4,0,-1,2,1,0,-3,1,1,-5,4,-3,0,-1,-1,-1,1,-1,2,-1
KR_6629254325,420,0,-17,13,4,-1,2,1,-1,3,2,1,2,3,1,1,2,4,0,4,0,7,-4,-5,-3,8,5,0,1,1,-1,1,1,3,-1
KR_6692525917,420,-1,-50,30,3,-2,2,0,0,2,2,5,1,6,-1,4,3,1,0,1,0,10,-4,-1,-7,8,3,0,-1,-1,-1,-1,-1,2,-1
KR_6761131210,420,-1,-66,3,-2,0,3,3,1,0,1,4,2,6,-5,7,2,-2,2,0,0,-3,-21,1,-2,1,0,0,-1,-1,-1,-1,-1,4,-1
KR_6741276535,420,-1,-49,-25,1,-5,5,0,-4,4,0,0,2,2,7,0,7,3,0,3,-2,4,4,5,-8,3,6,0,0,1,-1,-1,-1,5,-1
KR_6735558230,420,-2,24,34,-5,-1,1,0,1,1,2,0,1,1,-5,7,2,0,1,1,0,-9,-7,-5,-4,9,3,0,0,-1,1,1,1,4,-1
KR_6763497062,420,-4,-92,-23,-11,-7,7,0,-4,6,2,0,2,2,1,5,6,-1,1,0,-1,-7,0,3,-7,4,-4,0,-3,1,0,-1,-1,1,-1
KR_6729868475,420,0,-4,-20,4,3,0,3,0,3,3,2,0,2,0,5,5,-1,2,1,0,0,0,0,-4,4,2,0,0,-1,-1,1,-1,4,-1
KR_6620769698,420,2,-14,36,5,0,3,3,5,2,7,-1,3,2,1,1,2,0,1,1,0,2,46,1,-3,2,3,0,2,1,1,1,1,5,-1
KR_6724786925,420,-8,-109,-66,-12,-8,9,1,-3,3,0,-2,3,1,0,0,0,1,1,2,0,-6,11,-3,0,3,0,0,-3,-1,1,-1,-1,1,-1
KR_6753755867,420,2,38,34,4,11,2,13,1,2,3,-1,1,0,-5,5,0,-2,2,0,0,-5,-249,-1,-2,3,3,0,1,-1,1,1,1,3,-1
KR_6747191614,420,0,-9,-27,0,-1,2,1,-3,9,6,-1,2,1,5,1,6,0,1,1,0,2,0,3,-5,2,1,0,0,1,1,0,1,4,-1
KR_6764428050,420,0,3,32,1,-4,5,1,5,1,6,1,4,5,-1,2,1,0,1,1,0,2,10,2,-5,3,0,0,-1,1,-1,-1,1,5,-1
KR_6759965060,420,-1,-3,-8,0,0,1,1,-2,3,1,-1,5,4,3,1,4,0,0,0,0,-5,19,0,-5,5,2,0,0,1,-1,0,-1,5,-1
KR_6606325707,420,-1,-7,-8,-6,-3,3,0,-2,6,4,4,1,5,-1,2,1,-4,4,0,0,-4,53,-2,-5,7,17,0,-2,1,-1,-1,1,2,-1
KR_6750519683,420,-3,-2,16,-3,-1,3,2,0,2,2,-4,5,1,1,1,2,1,0,1,0,-5,-2,3,-9,6,4,0,-1,0,1,-1,-1,0,-1
KR_6649823566,420,-1,48,15,-7,0,1,1,-3,6,3,1,0,1,-3,5,2,-2,2,0,0,-16,-1,-3,-4,7,0,0,0,0,-1,1,-1,0,-1
KR_6398035521,420,-5,-31,8,-16,1,1,2,-5,6,1,-4,5,1,-5,5,0,-3,3,0,0,-20,-3,-4,-4,8,2,0,-2,1,-1,-1,-1,6,-1
KR_6644823176,420,-2,-7,3,-4,-5,6,1,0,1,1,-1,2,1,3,1,4,-1,3,2,-1,1,-8,0,-5,5,1,0,0,0,-1,0,-1,0,-1
KR_6636494054,420,-2,-58,23,-4,-1,1,0,1,0,1,-1,2,1,-2,2,0,-1,2,1,0,-2,3,2,-6,4,-3,0,-1,1,1,-1,-1,2,-1
KR_6764662755,420,0,19,-6,3,0,3,3,2,0,2,-3,7,4,6,0,6,-2,3,1,0,4,13,8,-10,2,-5,0,0,-1,-1,-1,-1,2,-1
KR_6697284965,420,-3,-53,-32,1,0,2,2,0,3,3,-1,2,1,2,1,3,0,1,1,0,0,1,3,-5,2,1,0,0,1,1,1,1,1,-1
KR_6719164084,420,-3,-66,-36,1,4,1,5,0,4,4,-3,7,4,-2,6,4,2,0,2,4,-4,2,-2,-4,6,0,0,-2,1,-1,-1,1,5,-1
KR_6033267839,420,2,-52,41,2,2,0,2,-1,5,4,0,2,2,1,5,6,0,2,2,-3,-9,-11,1,-4,3,2,0,1,1,1,1,-1,5,-1
KR_6760619675,420,-2,31,8,-2,2,2,4,-8,10,2,5,1,6,-2,4,2,1,0,1,1,-13,-8,3,-4,1,-2,0,0,0,1,-1,1,0,-1
KR_6751137956,420,1,7,0,0,0,4,4,0,2,2,1,0,1,-1,2,1,0,1,1,0,-3,0,0,-2,2,-1,0,0,1,1,1,1,1,-1
KR_6399112163,420,1,-5,24,1,-3,3,0,-2,4,2,0,3,3,1,0,1,5,1,6,0,7,-2,1,-5,4,-1,0,0,-1,-1,-1,-1,2,-1
KR_6348928657,420,-1,25,19,-2,0,1,1,-2,2,0,-3,4,1,4,2,6,-1,2,1,2,7,4,0,-2,2,-1,0,0,-1,0,1,1,3,-1
KR_6679825265,420,-3,6,-14,0,0,3,3,-1,3,2,2,1,3,-2,4,2,1,0,1,0,1,-8,-3,-3,6,5,0,0,0,-1,-1,1,0,-1
KR_6704627557,440,-5,10,-40,-15,-1,3,2,-6,6,0,-5,7,2,2,1,3,-5,6,1,0,-22,6,3,-5,2,-5,0,0,-1,-1,0,-1,4,-1
KR_6730369966,420,-1,-43,1,-1,1,1,2,1,1,2,-1,1,0,-1,3,2,-1,1,0,0,2,-2,-7,-3,10,-2,0,-1,-1,-1,-1,1,6,-1
KR_6661134252,420,-1,-5,12,-1,-5,5,0,-1,4,3,1,2,3,4,0,4,0,0,0,0,4,-4,0,-8,8,-2,0,-1,-1,-1,-1,1,6,-1
KR_6727566044,420,-4,-84,4,-9,-2,3,1,-1,3,2,-1,2,1,-4,5,1,-1,1,0,0,-9,-2,3,-7,4,-6,0,-1,-1,0,-1,-1,5,-1
KR_6721930629,420,0,1,10,-1,1,3,4,4,0,4,-3,3,0,-3,3,0,0,0,0,0,3,79,2,-5,3,-3,0,0,-1,1,1,1,4,-1
KR_6647243535,420,-1,-6,-4,-7,2,1,3,5,2,7,-8,8,0,0,4,4,-6,8,2,0,-8,4,-3,-3,6,0,0,1,-1,-1,1,-1,4,-1
KR_6760387343,420,-1,-9,-53,0,3,0,3,-2,8,6,-2,5,3,2,2,4,-1,4,3,0,12,-8,-2,-7,9,-3,0,1,-1,-1,1,1,5,-1
KR_6658503373,420,0,30,28,0,-6,7,1,-2,4,2,2,2,4,0,4,4,6,0,6,0,1,4,1,-7,6,-7,0,-1,1,1,-1,-1,5,-1
KR_6759783829,440,-1,12,20,-9,-3,5,2,-4,4,0,-2,2,0,-1,2,1,1,1,2,0,-10,-9,-2,-1,3,5,0,-1,1,-1,-1,-1,1,-1
KR_6734897852,420,-3,52,-20,-6,-4,4,0,2,2,4,-3,3,0,0,3,3,-1,1,0,-1,-7,31,-1,-7,8,1,0,0,-1,1,0,-1,2,-1
KR_6703962119,440,-5,-92,-12,-12,-3,4,1,-2,4,2,-2,3,1,-4,4,0,-1,1,0,0,-12,-6,0,-5,5,-4,0,-2,-1,1,-1,-1,1,-1
KR_6759681577,440,-1,-17,5,-9,-3,3,0,0,1,1,-4,4,0,-3,3,0,1,1,2,0,-9,0,2,-3,1,2,0,0,-1,-1,0,-1,4,-1
KR_6745073628,420,2,45,10,0,0,2,2,-2,5,3,0,7,7,1,1,2,1,0,1,0,-3,-5,-4,-1,5,0,0,-1,1,-1,-1,1,6,-1
KR_6634370915,420,0,55,4,1,0,3,3,3,2,5,3,2,5,-2,4,2,-3,3,0,0,-2,-60,3,-5,2,2,0,0,1,1,0,1,3,-1
KR_6715609966,420,0,29,27,4,-2,2,0,-2,3,1,5,1,6,3,2,5,0,2,2,0,-2,59,4,-8,4,-22,0,-1,1,-1,-1,1,5,-1
KR_6730691727,420,-3,-13,0,-9,-2,2,0,-5,6,1,-3,3,0,0,1,1,1,0,1,0,-11,-19,-2,-3,5,0,0,-1,-1,-1,-1,-1,6,-1
KR_6749293585,420,1,1,29,-1,-2,4,2,4,5,9,0,3,3,0,1,1,-3,3,0,0,8,-232,-1,-3,4,3,0,0,1,1,0,1,4,-1
KR_6759395327,440,0,23,-21,-1,4,1,5,-1,2,1,-3,4,1,-3,4,1,2,0,2,0,-7,-2,0,-2,2,-2,0,2,-1,-1,1,1,1,-1
KR_6577790486,420,-3,16,0,-9,1,1,2,-5,7,2,1,1,2,-5,6,1,-1,1,0,0,-21,7,1,-6,5,-2,0,-1,-1,-1,-1,-1,1,-1
KR_6752912718,420,-2,-51,-14,-9,-2,3,1,-4,5,1,0,3,3,-2,3,1,-1,2,1,0,-6,-4,-1,-4,5,6,0,-1,-1,-1,-1,-1,2,-1
KR_6756010971,420,1,-3,8,-7,0,3,3,-5,5,0,-3,5,2,1,1,2,0,0,0,-2,-4,-11,5,-9,4,4,0,1,1,1,1,-1,4,-1
KR_6721787962,420,-4,23,-38,-5,1,0,1,2,4,6,1,4,5,-3,4,1,-6,6,0,0,3,10,8,-13,5,1,0,0,1,1,-1,-1,2,-1
KR_6688272097,420,0,-11,7,-2,-2,4,2,-3,3,0,-1,1,0,3,1,4,1,0,1,0,0,-5,-2,-4,6,-4,0,-2,-1,-1,-1,1,2,-1
KR_6399216106,420,1,-20,2,-5,2,0,2,-1,5,4,-5,5,0,3,3,6,-4,4,0,0,-3,18,4,-8,4,1,0,2,-1,1,1,-1,6,-1
KR_6763913906,420,1,13,3,2,-2,2,0,-1,1,0,-1,4,3,1,1,2,5,0,5,2,6,-21,1,-4,3,1,0,0,1,-1,0,1,1,-1
KR_6757842865,420,-4,-25,-4,-7,-6,6,0,-1,2,1,2,0,2,1,3,4,-3,3,0,0,-1,-1,-3,-2,5,-1,0,-1,-1,-1,-1,-1,4,-1
KR_6716105051,420,-3,-54,-43,-6,3,1,4,1,3,4,-10,10,0,1,4,5,-1,2,1,0,-3,-2,-2,-5,7,-5,0,-1,-1,1,-1,1,6,-1
KR_6663855386,420,-5,-105,-21,-13,-3,3,0,-4,7,3,1,0,1,-5,6,1,-2,3,1,-1,-7,2,0,-7,7,-1,0,0,-1,1,-1,-1,2,-1
KR_6740008328,420,-1,-37,0,3,0,2,2,6,2,8,2,2,4,-3,6,3,-2,2,0,0,4,2,2,-6,4,-2,0,1,-1,1,1,1,6,-1
KR_6743270115,420,-1,-23,-32,3,0,1,1,4,1,5,-6,7,1,2,2,4,3,2,5,0,2,1,-2,-6,8,-2,0,-1,-1,-1,-1,1,6,-1
KR_6703075809,420,-5,16,-31,-13,-2,5,3,-7,9,2,-2,3,1,-2,2,0,0,1,1,-3,-11,119,-2,-2,4,-4,0,0,-1,-1,-1,-1,2,-1
KR_6634922352,420,-3,0,-12,-10,-3,4,1,-6,8,2,2,0,2,-1,5,4,-2,4,2,0,-10,15,-4,-4,8,3,0,-2,-1,-1,-1,1,6,-1
KR_6754367219,420,-2,-15,-6,-10,-6,6,0,-1,1,0,0,2,2,-2,5,3,-1,1,0,0,-9,-3,-5,0,5,2,0,0,0,-1,0,-1,0,-1
KR_6670610783,420,1,0,2,9,0,4,4,1,1,2,6,0,6,0,2,2,2,0,2,0,14,-10,0,-9,9,4,0,0,-1,0,1,1,4,-1
KR_6720131637,420,-6,-89,-5,-16,-2,2,0,0,2,2,-5,6,1,-6,6,0,-3,3,0,0,-8,-3,-1,-3,4,-3,0,-1,1,1,-1,-1,1,-1
KR_6729363870,420,0,32,-19,-4,-2,3,1,1,0,1,-1,6,5,-1,3,2,-1,1,0,0,-4,-4,3,-7,4,-1,0,0,-1,1,0,1,6,-1
KR_6752214459,420,0,36,16,0,0,1,1,2,3,5,-2,10,8,0,2,2,0,1,1,2,3,265,1,-4,3,-2,0,3,-1,1,1,-1,5,-1
KR_6764760859,420,2,54,23,3,0,1,1,-1,2,1,0,1,1,3,0,3,1,0,1,0,10,2,1,-7,6,1,0,0,1,-1,1,1,1,-1
KR_6709460061,420,-6,-21,-23,-10,-3,3,0,0,5,5,1,1,2,-7,10,3,-1,1,0,0,0,18,0,-5,5,-29,0,0,-1,-1,-1,1,3,-1
KR_6731329905,420,-4,-84,1,-8,-8,8,0,1,2,3,2,2,4,-2,2,0,-1,2,1,-1,-8,-55,1,-4,3,18,0,-3,1,-1,-1,-1,4,-1
KR_6692455076,420,-3,-59,-17,-8,-3,3,0,-1,1,0,-3,6,3,1,1,2,-2,2,0,0,1,-2,0,-5,5,0,0,0,-1,-1,0,-1,2,-1
KR_6594073415,440,1,21,-17,1,1,2,3,4,1,5,-1,1,0,-4,6,2,1,0,1,0,5,3,-2,-4,6,2,0,-1,1,-1,-1,1,5,-1
KR_6745789681,420,-2,4,-24,-5,-3,4,1,-1,2,1,0,2,2,-1,5,4,0,1,1,-1,-8,-23,3,-6,3,-1,0,1,1,1,1,-1,6,-1
KR_6661045176,420,0,2,8,3,2,0,2,-4,5,1,4,0,4,1,2,3,0,1,1,0,3,11,1,-6,5,1,0,0,1,1,0,1,2,-1
KR_6748560895,420,-3,-8,-9,-9,1,3,4,-1,2,1,-4,7,3,-4,7,3,-1,3,2,1,-7,-9,-2,-5,7,4,0,-1,1,-1,-1,-1,5,-1
KR_6702036632,420,0,-17,-21,2,3,1,4,-1,2,1,1,1,2,-3,8,5,2,1,3,0,1,-33,0,-4,4,0,0,-1,-1,1,1,1,4,-1
KR_6665983622,420,0,30,2,2,0,3,3,-1,1,0,2,0,2,-1,5,4,2,1,3,0,2,46,6,-9,3,-29,0,0,1,-1,0,-1,1,-1
KR_6682940702,420,-2,-48,-43,-9,1,1,2,-2,5,3,-7,7,0,-2,3,1,1,0,1,0,-7,0,1,-6,5,-4,0,0,-1,1,-1,1,4,-1
KR_6505928743,420,0,81,-7,6,-2,3,1,-2,5,3,2,1,3,8,0,8,0,0,0,0,10,-7,-3,-2,5,0,0,1,0,-1,1,1,0,-1
KR_6752659568,420,0,-43,7,-3,3,0,3,-2,4,2,-2,4,2,-2,3,1,0,0,0,1,1,9,7,-8,1,-1,0,1,-1,1,1,1,4,-1
KR_6747333967,420,-4,-22,0,-11,0,1,1,1,2,3,-6,9,3,-2,5,3,-4,4,0,0,-11,108,-1,-6,7,1,0,0,0,-1,-1,-1,0,-1
KR_6571499241,420,0,-20,19,0,-1,3,2,2,3,5,0,3,3,1,3,4,-2,5,3,-2,3,7,7,-9,2,-2,0,-1,1,1,-1,-1,3,-1
KR_6744763624,420,2,-73,8,-3,0,0,0,-2,3,1,-4,6,2,0,1,1,3,0,3,0,1,-19,0,-2,2,-1,0,-1,1,-1,-1,-1,1,-1
KR_6762689265,440,-2,-22,16,-8,2,0,2,-9,13,4,-1,1,0,2,3,5,-2,3,1,0,-11,6,2,-7,5,6,0,0,-1,1,0,1,3,-1
KR_6763274943,420,1,17,-28,5,3,2,5,2,2,4,2,1,3,-1,3,2,-1,2,1,0,0,267,-2,-1,3,1,0,0,1,-1,-1,1,2,-1
KR_6762596319,420,-5,-83,-20,-14,-2,6,4,-4,7,3,-2,6,4,-3,3,0,-3,3,0,0,-3,-4,-2,-2,4,-2,0,-2,-1,0,-1,-1,6,-1
KR_6612001071,420,-7,-82,-12,-16,-3,4,1,-3,4,1,-6,7,1,-4,4,0,0,1,1,0,-11,12,-3,-5,8,1,0,-2,-1,-1,-1,1,6,-1
KR_6628145131,420,0,36,-16,-1,1,1,2,0,1,1,0,2,2,-2,2,0,0,0,0,0,-3,20,0,-2,2,0,0,0,-1,-1,0,1,6,-1
KR_6667738751,420,-2,-25,50,-4,-6,6,0,3,4,7,1,1,2,-5,6,1,3,1,4,0,-5,9,-1,-6,7,0,0,-1,1,-1,-1,-1,2,-1
KR_6763607358,420,-7,-130,-4,-9,-1,4,3,-5,5,0,0,2,2,-2,2,0,-1,1,0,0,-7,-136,1,-2,1,1,0,0,0,1,0,-1,0,-1
KR_6682936867,420,0,4,5,2,4,1,5,-3,4,1,3,0,3,-1,2,1,-1,2,1,0,-2,-11,3,-6,3,6,0,0,-1,-1,0,1,5,-1
KR_6758527243,420,0,-5,32,-4,-3,4,1,0,1,1,-2,2,0,1,1,2,0,2,2,0,-1,-191,3,-5,2,-2,0,1,1,-1,1,-1,1,-1
KR_6754401920,420,-2,-25,12,-8,-2,2,0,-1,4,3,4,1,5,-11,12,1,2,3,5,-2,-7,-12,-6,0,6,5,0,-1,-1,0,-1,-1,3,-1
KR_6680123881,420,1,-2,-20,0,-3,4,1,-1,2,1,0,1,1,3,5,8,1,1,2,1,7,4,-1,-3,4,-2,0,-1,1,-1,-1,1,3,-1
KR_6707266236,420,0,16,12,-4,2,1,3,-2,3,1,0,2,2,-1,4,3,-3,5,2,2,-3,360,2,-5,3,-4,0,0,-1,1,0,1,2,-1
KR_6748349504,420,3,38,-9,6,5,1,6,2,3,5,-5,6,1,4,1,5,0,0,0,1,5,1,-1,-5,6,-2,0,1,1,1,1,1,1,-1
KR_6741146141,420,-3,-37,-24,-4,-2,5,3,-1,3,2,-3,3,0,2,1,3,0,0,0,0,4,-6,0,-5,5,2,0,-2,1,-1,-1,-1,5,-1
KR_6659676569,420,-7,-51,-25,-11,-2,3,1,2,3,5,-1,2,1,-5,6,1,-5,5,0,0,-9,-3,-1,-2,3,-5,0,-4,-1,-1,-1,-1,5,-1
KR_6746319533,420,-6,-74,-32,-11,0,3,3,-4,4,0,-1,1,0,-6,6,0,0,0,0,0,-11,-109,2,-5,3,0,0,-1,1,-1,-1,-1,5,-1
KR_6762452915,420,-1,-27,20,-7,3,2,5,-5,7,2,-3,4,1,-2,3,1,0,0,0,0,-10,-19,-5,-3,8,-2,0,0,-1,0,0,-1,6,-1
KR_6760075102,440,-2,-38,-14,1,1,3,4,0,1,1,3,1,4,2,0,2,-5,5,0,0,10,-51,1,-3,2,20,0,-2,1,-1,-1,-1,6,-1
KR_6721959019,420,-2,-30,-19,-2,1,2,3,4,2,6,-2,3,1,-5,5,0,0,1,1,0,-4,-4,-3,-3,6,0,0,0,-1,1,0,-1,6,-1
KR_6657487292,420,0,3,-4,-1,-1,1,0,-1,6,5,0,1,1,0,1,1,1,0,1,0,1,-7,-3,-4,7,1,0,-1,1,-1,-1,-1,2,-1
KR_5680929916,420,0,-89,-30,5,1,0,1,3,1,4,-2,3,1,6,1,7,-3,3,0,-1,7,-3,-1,-7,8,-2,0,-1,1,-1,-1,-1,5,-1
KR_6631691904,420,-1,22,-12,-3,-3,4,1,0,3,3,-4,5,1,4,3,7,0,2,2,0,7,-6,-2,-3,5,1,0,-1,-1,1,1,-1,4,-1
KR_6763687111,420,1,32,-4,3,0,4,4,1,2,3,0,2,2,-1,2,1,3,0,3,0,-2,3,-1,-2,3,0,0,1,-1,-1,1,1,1,-1
KR_6760988912,420,1,-46,56,-6,-1,2,1,2,1,3,-2,2,0,-6,7,1,1,0,1,0,-8,-16,-5,-3,8,-1,0,-2,-1,1,-1,-1,6,-1
KR_6758350298,420,0,-3,20,2,0,2,2,0,0,0,2,2,4,-1,3,2,1,1,2,0,-3,-6,-4,-6,10,6,0,-1,1,-1,-1,-1,6,-1
KR_6740769170,420,-1,-59,9,2,-2,5,3,0,3,3,3,0,3,-1,5,4,2,0,2,0,4,26,5,-9,4,1,0,-1,1,1,-1,-1,1,-1
KR_6763598827,420,-1,2,-48,-5,4,0,4,1,3,4,0,0,0,-7,9,2,-3,4,1,0,-6,8,5,-7,2,-3,0,2,-1,1,1,-1,6,-1
KR_6694476239,420,-2,-23,-42,-8,-4,4,0,1,3,4,-2,2,0,0,1,1,-3,3,0,-1,-5,3,0,-2,2,-2,0,-3,-1,0,-1,-1,2,-1
KR_6647730946,420,1,-5,-4,5,1,0,1,2,3,5,0,1,1,3,0,3,-1,1,0,0,5,-31,3,-5,2,1,0,0,1,1,0,-1,5,-1
KR_6758265557,420,-4,-89,-12,-7,-2,4,2,1,1,2,-1,1,0,-2,4,2,-3,4,1,0,-3,30,3,-4,1,-9,0,0,0,-1,0,1,0,-1
KR_6744772377,420,0,-9,16,6,1,1,2,5,1,6,0,2,2,0,4,4,0,1,1,0,10,0,-2,-5,7,2,0,0,1,-1,0,1,3,-1
KR_6740261914,420,2,-45,-11,0,-1,1,0,-1,3,2,1,3,4,1,1,2,0,2,2,0,3,1,2,-4,2,-2,0,-1,0,-1,-1,-1,0,-1
KR_6686378189,420,-2,-78,-6,-4,4,2,6,0,5,5,-8,9,1,0,6,6,0,0,0,-4,-10,4,-6,-4,10,1,0,-1,-1,0,-1,-1,3,-1
KR_6735622594,420,-2,-100,-9,-4,0,1,1,-5,6,1,-2,3,1,0,2,2,3,0,3,0,7,10,-2,-7,9,-5,0,-1,1,-1,-1,1,6,-1
KR_6710224890,420,-4,-15,-16,-7,-3,3,0,-1,5,4,-3,3,0,0,2,2,0,0,0,0,-6,-3,-3,-3,6,-5,0,0,-1,-1,-1,-1,3,-1
KR_6757557422,420,0,30,-33,4,1,1,2,9,1,10,-3,4,1,-2,3,1,-1,2,1,0,7,21,-2,-4,6,-1,0,0,-1,1,0,-1,3,-1
KR_6648813612,420,-1,49,-4,0,1,0,1,0,1,1,3,2,5,-1,3,2,-3,5,2,0,4,-209,0,-3,3,-5,0,2,-1,1,-1,-1,5,-1
KR_6609842624,420,-3,8,3,-5,-4,4,0,-3,5,2,3,0,3,0,1,1,-1,2,1,-1,-6,-16,-2,-3,5,-2,0,0,-1,-1,0,-1,1,-1
KR_6676362228,420,-2,-3,-19,-2,0,2,2,2,1,3,-4,4,0,-3,5,2,3,0,3,0,-7,3,2,-9,7,-1,0,1,-1,1,-1,1,5,-1
KR_6744160468,420,0,-24,-14,0,-3,3,0,2,2,4,3,1,4,-3,6,3,1,3,4,0,-2,-9,-5,-1,6,4,0,0,-1,-1,0,-1,1,-1
KR_6569824615,420,2,77,31,7,2,3,5,0,3,3,5,1,6,-1,6,5,1,1,2,0,5,-48,-3,-4,7,-1,0,1,-1,1,1,1,2,-1
KR_6715627187,420,-4,-46,-24,-7,-3,4,1,-1,2,1,0,4,4,-4,5,1,1,0,1,0,-1,-1,-2,-2,4,3,0,-2,-1,-1,-1,-1,5,-1
KR_6534916599,440,-3,-21,-37,-5,0,2,2,1,2,3,0,1,1,-5,5,0,-1,3,2,0,2,-19,2,-6,4,-1,0,0,-1,-1,-1,-1,2,-1
KR_6684048883,420,4,114,13,13,1,2,3,1,3,4,2,2,4,8,1,9,1,0,1,1,9,4,5,-9,4,0,0,1,-1,0,1,1,3,-1
KR_6619411690,420,2,62,12,3,-4,6,2,3,0,3,1,1,2,2,4,6,1,1,2,0,2,4,-1,-4,5,1,0,0,1,-1,1,-1,1,-1
KR_6665866307,420,-2,-41,-9,-5,-2,4,2,1,3,4,-2,3,1,-3,3,0,1,1,2,0,-1,2,-1,-6,7,-2,0,-1,-1,0,-1,1,1,-1
KR_6662513950,420,1,1,10,-5,1,1,2,1,3,4,-4,4,0,-2,7,5,-1,2,1,0,-4,8,0,-7,7,-2,0,1,-1,1,1,1,2,-1
KR_6720278912,420,3,-3,13,6,-1,2,1,3,1,4,7,1,8,-2,2,0,-1,1,0,0,1,2,1,-5,4,-1,0,0,0,0,-1,-1,0,-1
KR_6727667960,420,0,3,13,3,3,0,3,2,8,10,-3,3,0,2,1,3,-1,2,1,0,2,7,-5,-4,9,-1,0,0,0,1,0,1,0,-1
KR_6741721977,420,-4,-38,10,-3,-2,2,0,2,0,2,-4,6,2,0,0,0,1,0,1,1,6,8,2,-5,3,0,0,0,-1,1,0,1,2,-1
KR_6644830269,420,-2,-36,-23,-6,-1,1,0,-5,5,0,-2,2,0,-1,3,2,3,0,3,0,-9,39,0,-3,3,0,0,-1,-1,1,-1,-1,1,-1
KR_6603854645,420,-3,-50,-11,-2,-3,3,0,-2,3,1,0,5,5,2,0,2,1,3,4,1,0,-2,1,-4,3,1,0,0,-1,0,0,1,6,-1
KR_6692875224,420,-7,-99,-13,-11,-3,4,1,-2,6,4,-2,2,0,-3,5,2,-1,1,0,-1,-18,-253,0,-3,3,-4,0,-6,-1,-1,-1,-1,1,-1
KR_6763805682,420,-4,-47,0,-4,-3,3,0,-3,3,0,0,1,1,1,4,5,1,0,1,0,1,-9,1,-5,4,0,0,-1,1,-1,-1,-1,4,-1
KR_6677451435,420,1,2,-7,-2,-2,3,1,0,1,1,1,3,4,-1,2,1,0,1,1,0,1,23,0,-6,6,-5,0,-1,-1,1,-1,-1,2,-1
KR_6752038777,440,-4,-1,-23,-12,-3,4,1,-1,3,2,-3,3,0,-4,6,2,-1,2,1,0,-3,19,-4,-1,5,1,0,-1,-1,-1,-1,-1,5,-1
KR_6693731210,440,-7,-80,-55,-15,-4,4,0,-3,4,1,-5,6,1,-2,2,0,-1,1,0,0,-7,-8,3,-5,2,0,0,-1,-1,1,-1,-1,5,-1
KR_6685375498,420,-4,-55,8,-10,-4,4,0,-5,7,2,0,3,3,-2,3,1,1,0,1,1,-7,-4,-5,-4,9,1,0,-1,-1,-1,-1,1,4,-1
KR_6761682518,420,-2,47,8,2,2,2,4,2,1,3,2,0,2,-4,5,1,0,1,1,0,2,12,7,-10,3,-3,0,0,-1,1,1,1,4,-1
KR_6756308444,420,0,-21,12,-6,0,1,1,0,5,5,-1,2,1,-4,6,2,-1,2,1,0,-2,-1,0,-6,6,-1,0,0,-1,0,-1,-1,1,-1
KR_6692053190,420,-1,-58,-5,-2,0,1,1,-1,3,2,-1,3,2,-1,7,6,1,0,1,0,0,-214,-1,-5,6,2,0,-1,-1,1,-1,1,2,-1
KR_6757141779,420,-4,-53,-17,-2,4,1,5,2,1,3,-3,6,3,2,3,5,-7,7,0,0,-11,-5,3,-9,6,7,0,-1,-1,1,-1,-1,6,-1
KR_6627699691,420,0,24,4,-6,1,3,4,-4,5,1,1,0,1,-3,4,1,-1,1,0,0,-10,51,2,-3,1,-19,0,0,1,-1,0,-1,3,-1
KR_6760984264,420,-3,8,-28,-9,3,1,4,-2,5,3,-1,3,2,-10,10,0,1,1,2,0,-9,-6,3,-7,4,-4,0,0,0,-1,-1,-1,0,-1
KR_6669480746,420,1,-48,40,-2,3,0,3,2,1,3,-4,5,1,-5,8,3,2,0,2,1,2,-90,6,-13,7,-10,0,0,1,1,0,1,6,-1
KR_6714270441,420,-1,-19,-20,-4,4,1,5,-7,9,2,-1,2,1,0,1,1,0,0,0,0,-6,13,-2,-2,4,-5,0,-1,-1,0,-1,-1,5,-1
KR_6746633516,420,-3,-45,0,-18,-3,5,2,-1,4,3,1,3,4,-12,15,3,-3,3,0,-1,-18,0,-5,-2,7,-3,0,-3,1,-1,-1,-1,3,-1
KR_6761678917,420,-2,-29,23,-7,-1,2,1,-2,6,4,0,1,1,-4,4,0,0,1,1,0,-12,7,3,-10,7,-7,0,-1,-1,1,-1,-1,2,-1
KR_6490720903,420,-3,-88,42,-4,0,1,1,0,5,5,-2,3,1,-2,2,0,0,1,1,2,-1,1,1,-4,3,-2,0,-1,1,-1,-1,1,1,-1
KR_6757834645,420,-2,-64,-32,2,6,0,6,-4,4,0,0,2,2,0,2,2,0,0,0,-1,-7,5,-1,-4,5,-1,0,1,-1,1,1,-1,4,-1
KR_6683439246,420,-1,4,24,-4,-2,3,1,1,1,2,0,0,0,-2,3,1,-1,3,2,-2,-5,90,-5,-3,8,-1,0,-1,-1,-1,-1,-1,4,-1
KR_6727339544,420,-6,2,12,-13,1,1,2,-6,6,0,2,1,3,-10,10,0,0,0,0,0,-21,-2,-7,-4,11,-4,0,-1,-1,-1,-1,1,2,-1
KR_6750502252,420,-2,2,-20,-4,1,2,3,-8,8,0,1,3,4,1,1,2,1,1,2,0,-12,-3,-1,-4,5,0,0,-1,-1,1,-1,-1,6,-1
KR_6586711708,420,-1,-92,4,1,-1,2,1,4,2,6,4,1,5,-7,9,2,1,0,1,0,4,-4,-5,-5,10,1,0,-1,-1,-1,-1,1,6,-1
KR_6756353442,420,-1,-18,4,-5,2,2,4,0,4,4,-1,1,0,-4,8,4,-2,3,1,-4,-13,70,2,-4,2,-20,0,0,1,1,-1,-1,6,-1
KR_6633534416,420,0,-1,-5,-2,1,3,4,1,1,2,-1,3,2,-2,5,3,-1,2,1,0,-3,-20,-5,-1,6,3,0,-1,0,-1,-1,-1,0,-1
KR_6708625022,420,-1,-36,-41,-7,0,1,1,0,4,4,-5,6,1,-4,8,4,2,1,3,0,0,6,0,-6,6,1,0,0,1,0,0,-1,5,-1
KR_6745913203,420,0,-4,15,2,-3,3,0,0,4,4,4,1,5,2,1,3,-1,3,2,1,2,-4,2,-6,4,2,0,-1,1,0,-1,1,4,-1
KR_6651354084,420,-3,-37,20,-7,2,0,2,-3,4,1,-2,3,1,-4,5,1,0,1,1,0,-9,18,2,-4,2,-3,0,1,-1,1,1,-1,1,-1
KR_6692897309,420,-2,-76,-3,-3,-5,6,1,0,4,4,0,1,1,2,3,5,0,0,0,0,3,1,3,-6,3,-1,0,-1,1,-1,-1,-1,2,-1
KR_6629055353,420,-1,-1,-16,-7,-3,3,0,-1,2,1,-1,1,0,-2,2,0,0,0,0,0,-7,-193,-1,-5,6,-4,0,-1,1,-1,-1,-1,4,-1
KR_6737998694,420,0,-1,-20,3,1,1,2,1,4,5,2,0,2,-3,6,3,2,0,2,0,5,-2,-1,-3,4,-1,0,0,-1,1,0,-1,3,-1
KR_6749448305,420,-4,-40,-4,-11,-1,2,1,-1,1,0,-5,6,1,-1,5,4,-3,3,0,0,-12,-3,-3,-1,4,1,0,1,-1,1,1,-1,4,-1
KR_6759918490,420,-1,25,0,-2,0,1,1,-5,6,1,1,1,2,0,3,3,2,1,3,0,-4,1,2,-10,8,-1,0,1,-1,1,1,-1,5,-1
KR_6739045069,420,1,-63,28,0,0,4,4,4,2,6,-6,6,0,-2,6,4,4,0,4,0,7,17,3,-7,4,-5,0,0,1,-1,-1,-1,1,-1
KR_6696428165,420,-4,-52,-56,-7,-2,3,1,1,2,3,-1,3,2,-5,6,1,0,1,1,0,-7,-15,1,-6,5,4,0,0,-1,-1,0,-1,1,-1
KR_6759585538,440,5,124,8,6,6,0,6,-3,4,1,1,1,2,-1,2,1,3,0,3,0,-7,1,-2,-2,4,-2,0,2,-1,1,1,1,3,-1
KR_6703768513,420,-2,15,-27,-2,0,3,3,-1,2,1,-3,4,1,2,0,2,0,0,0,0,-2,-126,1,-5,4,-6,0,0,-1,1,1,-1,1,-1
KR_6712509374,420,0,66,-20,-1,-2,2,0,-2,3,1,1,1,2,1,3,4,1,0,1,0,-7,-5,-1,-4,5,0,0,0,-1,-1,0,1,1,-1
KR_6749744869,420,0,-60,8,6,2,1,3,0,0,0,-2,3,1,3,1,4,3,0,3,0,6,-119,-1,-4,5,-2,0,1,1,-1,1,-1,3,-1
KR_6760811759,420,-3,0,-4,-6,-2,2,0,-4,6,2,-6,9,3,3,1,4,3,2,5,0,3,-2,-1,-1,2,-1,0,0,1,-1,1,-1,5,-1
KR_6629664205,420,0,27,4,-3,-1,3,2,-3,3,0,2,1,3,-1,3,2,0,1,1,0,-7,-19,-2,-5,7,0,0,1,-1,-1,1,-1,5,-1
KR_6727958254,420,-4,2,-8,-15,-2,4,2,-2,3,1,0,1,1,-9,9,0,-2,2,0,0,-18,27,-1,-4,5,-20,0,0,0,-1,-1,-1,0,-1
KR_6759770347,420,0,25,-30,-3,-2,2,0,4,0,4,-2,3,1,-2,2,0,-1,3,2,1,1,226,1,-4,3,1,0,0,-1,1,0,1,6,-1
KR_6761213255,420,-1,58,-24,-4,-3,4,1,1,4,5,0,2,2,0,3,3,-2,2,0,0,-3,-5,-3,-2,5,-3,0,0,0,1,-1,-1,0,-1
KR_6751382792,440,1,-2,-15,1,-1,2,1,0,3,3,2,1,3,-1,2,1,1,0,1,0,-1,107,3,-7,4,1,0,-1,-1,1,-1,1,6,-1
KR_6728462331,420,-4,-74,-4,-10,-6,6,0,0,3,3,-3,3,0,-1,1,0,0,0,0,0,-2,-4,2,-4,2,2,0,0,-1,-1,-1,-1,5,-1
KR_6708477749,420,-2,-64,18,-7,-2,2,0,-3,4,1,3,0,3,-1,3,2,-4,4,0,0,-12,-5,-4,-4,8,1,0,-2,1,-1,-1,-1,2,-1
KR_6764674385,420,-7,-92,-43,-13,-4,4,0,0,3,3,-6,6,0,-2,4,2,-1,1,0,-1,-13,-4,-1,-4,5,-3,0,-1,-1,-1,-1,-1,4,-1
KR_6759592588,420,0,-67,0,2,-3,4,1,3,2,5,3,1,4,-1,2,1,0,1,1,1,4,24,2,-6,4,1,0,-1,-1,1,-1,1,6,-1
KR_6698888696,420,1,-14,13,-1,5,0,5,2,0,2,-1,3,2,-6,7,1,-1,4,3,1,-1,-8,0,-2,2,1,0,-1,1,-1,-1,1,5,-1
KR_6745064675,420,2,79,3,3,5,0,5,-2,5,3,1,2,3,-1,2,1,0,2,2,0,-11,-16,-5,-1,6,1,0,1,1,1,1,1,5,-1
KR_6518678243,420,2,35,32,-1,0,2,2,-2,5,3,-2,5,3,4,4,8,-1,1,0,-1,-9,36,-1,-5,6,-3,0,-1,1,-1,-1,-1,1,-1
KR_6679069940,440,-5,-21,-24,-14,-6,7,1,-2,6,4,-1,2,1,-2,4,2,-3,3,0,0,-12,14,1,-2,1,1,0,-1,0,-1,-1,-1,0,-1
KR_6696207690,420,-2,-35,16,-2,-3,3,0,0,2,2,0,5,5,5,1,6,-4,4,0,0,-1,-11,1,-4,3,-1,0,-1,1,-1,-1,-1,2,-1
KR_6741101321,420,-2,38,21,-7,0,2,2,-1,2,1,-7,7,0,1,3,4,0,0,0,0,-11,19,1,-4,3,0,0,0,1,1,1,1,4,-1
KR_6396659257,420,1,5,16,-4,-2,4,2,-5,8,3,-2,3,1,3,2,5,2,0,2,-1,-6,-7,-5,-7,12,5,0,-1,1,-1,1,1,1,-1
KR_6726504612,440,-3,16,-46,-5,-2,2,0,1,0,1,1,3,4,-5,6,1,0,0,0,1,0,-1,-1,-5,6,0,0,-1,-1,0,-1,1,2,-1
KR_6675854276,420,0,-58,-9,-4,-2,2,0,2,1,3,1,2,3,-5,5,0,0,0,0,0,2,1,-2,-4,6,-2,0,-1,-1,-1,-1,-1,3,-1
KR_6755085832,420,-2,-1,-8,-6,-2,2,0,4,1,5,-3,5,2,-3,5,2,-2,2,0,0,-5,-6,-8,-1,9,-3,0,0,-1,-1,0,-1,2,-1
KR_6665060458,420,-4,-77,-16,-7,-1,2,1,0,1,1,-1,1,0,-2,5,3,-3,3,0,0,-10,0,-2,-4,6,-1,0,-1,-1,-1,-1,-1,5,-1
KR_6758939828,420,-4,-57,-8,-2,-1,2,1,-2,6,4,6,0,6,-4,6,2,-1,2,1,0,-2,11,6,-10,4,-7,0,-1,0,1,-1,1,0,-1
KR_6752750941,420,0,-10,23,-4,3,0,3,1,1,2,-7,8,1,-3,3,0,2,0,2,0,1,-23,-1,-5,6,1,0,0,-1,0,-1,-1,6,-1
KR_6628671602,420,0,8,10,0,-2,2,0,-2,4,2,0,0,0,3,0,3,1,0,1,0,0,1,-3,-3,6,-2,0,0,-1,-1,0,-1,1,-1
KR_6474767735,420,-9,-153,-55,-15,-3,3,0,-3,4,1,-5,7,2,-3,8,5,-1,2,1,0,-5,102,-2,-1,3,-4,0,-2,-1,-1,-1,-1,2,-1
KR_6669310534,420,3,-2,-8,1,3,1,4,-3,5,2,1,2,3,-1,4,3,1,4,5,-1,-8,112,-6,-4,10,-1,0,1,1,-1,1,-1,2,-1
KR_6693593037,420,2,32,-12,3,2,2,4,-2,5,3,1,5,6,-1,3,2,3,0,3,-1,0,1,1,-5,4,-1,0,1,-1,1,1,-1,5,-1
KR_6597355868,420,-2,-7,2,-10,-2,4,2,-6,8,2,-4,6,2,0,4,4,2,0,2,1,-7,-22,-3,-3,6,7,0,-1,1,1,-1,1,4,-1
KR_6719037225,420,-7,-36,-32,-17,0,1,1,-4,7,3,-2,2,0,-10,11,1,-1,2,1,0,-20,-1,-2,-2,4,-2,0,-1,-1,-1,-1,-1,4,-1
KR_6740192115,420,-2,6,3,-6,-1,4,3,1,2,3,-1,2,1,-4,6,2,-1,3,2,0,-2,106,-3,-3,6,-1,0,0,-1,-1,1,1,5,-1
KR_6471029656,420,-1,48,-39,1,2,0,2,-3,6,3,-8,8,0,3,2,5,7,1,8,0,8,-21,3,-7,4,4,0,0,-1,-1,0,1,6,-1
KR_6547418835,420,-2,-84,11,-2,-3,3,0,1,2,3,0,2,2,3,0,3,-3,3,0,0,-2,11,-1,-2,3,-3,0,-1,0,-1,-1,1,0,-1
KR_6761839890,440,-1,-92,0,-4,-6,8,2,3,0,3,-1,4,3,2,1,3,-2,3,1,0,6,-2,-4,-2,6,2,0,-1,-1,1,-1,-1,5,-1
KR_6717237040,420,-4,-48,-28,-9,-1,6,5,-4,5,1,1,1,2,-3,3,0,-2,4,2,0,-5,6,1,-3,2,-2,0,-2,0,1,-1,1,0,-1
KR_6764092131,420,0,-3,1,3,-1,2,1,2,0,2,3,2,5,-1,5,4,0,3,3,0,5,-28,2,-4,2,1,0,0,1,-1,1,-1,4,-1
KR_6756993177,420,0,30,28,3,-1,2,1,3,2,5,0,3,3,1,2,3,0,1,1,0,14,-91,4,-8,4,-2,0,0,1,1,0,1,1,-1
KR_6761061167,420,-1,-75,2,1,1,1,2,1,0,1,-3,3,0,1,3,4,1,0,1,0,3,-49,-1,-6,7,18,0,1,1,-1,1,1,5,-1
KR_6725103539,420,0,40,4,-1,-1,3,2,-1,5,4,-4,5,1,5,4,9,0,0,0,0,-7,62,-3,-3,6,4,0,0,0,-1,1,-1,0,-1
KR_6496153956,420,1,31,-20,5,4,0,4,-3,5,2,0,4,4,4,0,4,0,1,1,0,3,-23,3,-9,6,6,0,0,1,-1,0,-1,1,-1
KR_6760433705,440,2,-31,24,0,4,1,5,2,2,4,0,1,1,-6,6,0,0,3,3,0,-8,-18,-1,-2,3,2,0,-1,-1,1,-1,-1,6,-1
KR_6581211461,420,-3,-9,-7,-7,-2,3,1,-2,2,0,-2,3,1,-3,5,2,2,2,4,0,-8,-31,2,-5,3,2,0,0,-1,1,1,1,2,-1
KR_6572199778,420,1,66,8,-1,0,2,2,-4,8,4,2,2,4,0,2,2,1,0,1,0,-1,-24,-8,-5,13,5,0,0,-1,1,0,1,2,-1
KR_6756150115,440,-4,-44,19,-14,-4,5,1,0,0,0,-2,2,0,-7,8,1,-1,2,1,0,-19,0,-3,-5,8,-3,0,-1,-1,1,-1,-1,5,-1
KR_6610086160,420,-4,-12,-24,-4,-4,4,0,-2,3,1,1,4,5,0,3,3,1,0,1,0,-4,17,-1,-3,4,-3,0,-1,-1,-1,-1,-1,6,-1
KR_6756976037,420,-2,-10,-6,-1,-3,3,0,3,2,5,2,3,5,-3,3,0,0,0,0,0,-4,-3,-5,-1,6,4,0,-1,-1,-1,-1,1,6,-1
KR_6757386689,420,-2,-1,-21,-3,10,4,14,-2,3,1,-2,2,0,-6,9,3,-3,3,0,0,0,-16,1,-5,4,3,0,-1,1,0,-1,-1,3,-1
KR_6601601918,420,2,41,1,9,0,0,0,7,3,10,2,2,4,-1,5,4,1,0,1,0,13,-3,2,-5,3,2,0,0,-1,1,0,1,4,-1
KR_6588228055,420,-2,24,-16,-8,0,1,1,-5,5,0,-2,3,1,-2,3,1,1,0,1,0,-14,-4,-4,-6,10,-5,0,0,1,1,0,-1,3,-1
KR_6764301493,420,-5,-25,22,-7,-1,3,2,-1,1,0,-2,2,0,-3,5,2,0,0,0,0,-6,11,-4,-1,5,-2,0,-1,1,1,-1,-1,5,-1
KR_6708786819,440,-2,-14,7,-5,4,2,6,-2,4,2,-1,4,3,-4,4,0,-2,2,0,-3,-15,-6,-5,-3,8,3,0,-1,-1,1,-1,-1,5,-1
KR_6755810149,420,2,-3,-7,6,-1,1,0,9,0,9,-8,8,0,4,0,4,2,0,2,0,14,-32,0,-4,4,23,0,0,1,1,0,-1,2,-1
KR_6762433071,420,-5,-45,-16,-15,2,0,2,-6,7,1,-2,2,0,-2,4,2,-7,7,0,-2,-23,-5,-6,-1,7,3,0,-3,-1,-1,-1,-1,4,-1
KR_6731294191,420,-1,-32,-20,0,0,1,1,-2,3,1,4,2,6,-2,4,2,0,0,0,0,-6,3,-3,-3,6,0,0,0,-1,1,0,1,2,-1
KR_6763575245,420,-2,-15,-20,-7,3,0,3,-2,2,0,-7,9,2,-1,1,0,0,2,2,0,-10,-19,-3,-2,5,-1,0,0,-1,-1,0,1,6,-1
KR_6760382454,420,-2,3,-4,-4,-1,3,2,0,1,1,-3,7,4,0,1,1,0,0,0,-1,1,219,1,-4,3,-1,0,0,1,1,0,-1,5,-1
KR_6754044175,420,-2,-13,-4,-2,0,2,2,3,0,3,-4,9,5,1,2,3,-2,3,1,1,-1,84,1,-9,8,0,0,-1,-1,-1,-1,-1,5,-1
KR_6708230467,420,-3,-38,-26,-7,-6,8,2,2,1,3,-2,2,0,-2,2,0,1,0,1,0,-4,5,-1,-5,6,-3,0,0,-1,-1,0,1,5,-1
KR_6764392359,440,-2,-30,0,1,-9,9,0,0,2,2,5,1,6,5,0,5,0,0,0,0,5,-1,2,-4,2,-1,0,0,0,-1,-1,-1,0,-1
KR_6057180588,420,-1,-6,8,-6,-2,3,1,-5,8,3,3,1,4,-2,3,1,0,2,2,0,-8,-51,-2,-3,5,6,0,-1,-1,0,-1,-1,2,-1
KR_6761372747,420,-4,1,-17,-3,-3,3,0,3,3,6,-2,6,4,-1,2,1,0,0,0,0,3,223,-2,-1,3,-1,0,-1,-1,-1,-1,-1,2,-1
KR_6724460403,440,-1,11,-13,4,-8,8,0,8,0,8,-4,7,3,3,1,4,5,0,5,1,20,32,0,-2,2,-1,0,-2,-1,-1,-1,-1,5,-1
KR_6695342676,420,1,10,12,-2,4,0,4,-7,10,3,-1,4,3,1,3,4,1,1,2,0,-12,-157,-1,-5,6,7,0,2,-1,1,1,-1,2,-1
KR_6761514571,420,0,-98,-5,3,1,2,3,3,4,7,1,1,2,-2,2,0,0,0,0,0,0,0,1,-5,4,-2,0,-2,-1,-1,-1,-1,5,-1
KR_6737723788,420,-7,-56,-33,-9,-3,3,0,-3,6,3,-4,5,1,3,4,7,-2,2,0,0,-8,-4,-2,-1,3,-4,0,-1,-1,-1,-1,-1,4,-1
KR_6728201929,440,-4,-29,-21,-6,0,2,2,-3,6,3,0,0,0,-2,3,1,-1,1,0,0,-3,224,2,-7,5,-6,0,0,0,-1,-1,-1,0,-1
KR_6676064103,440,0,29,12,1,1,0,1,-2,3,1,2,0,2,0,1,1,0,1,1,0,0,-4,-1,-3,4,1,0,-1,0,-1,-1,1,0,-1
KR_6730853065,420,0,-30,-1,-6,-5,6,1,-2,5,3,1,2,3,2,4,6,-2,3,1,0,-5,-10,-1,-6,7,-3,0,-2,1,-1,-1,-1,6,-1
KR_6757276786,420,-2,-1,0,0,-3,5,2,0,3,3,2,1,3,2,5,7,-1,2,1,0,1,2,-7,-2,9,3,0,0,-1,1,0,-1,1,-1
KR_6627020395,420,-1,-75,-12,-6,-5,5,0,-3,3,0,2,1,3,0,1,1,0,0,0,0,0,-2,-2,-4,6,-5,0,-1,1,-1,-1,1,1,-1
KR_6717114294,420,0,-74,-24,12,1,0,1,6,0,6,2,2,4,3,0,3,0,1,1,0,17,-26,1,-5,4,-4,0,0,-1,1,1,1,4,-1
KR_6697141173,420,3,52,39,2,0,3,3,-1,1,0,3,3,6,0,0,0,0,1,1,0,-2,11,-3,-4,7,-5,0,0,1,1,0,-1,5,-1
KR_6761729745,440,1,-54,88,-1,1,2,3,3,2,5,3,0,3,-7,7,0,-1,2,1,0,-5,305,-3,0,3,1,0,-1,1,0,-1,1,4,-1
KR_6703398588,420,-1,-23,20,-2,1,2,3,-2,3,1,0,3,3,-5,6,1,4,0,4,1,-5,257,8,-11,3,-5,0,0,-1,1,1,1,4,-1
KR_6760234143,420,-1,-35,-11,-7,0,4,4,-3,4,1,0,3,3,-3,5,2,-1,4,3,0,-7,-11,-4,-1,5,2,0,-2,-1,-1,-1,-1,3,-1
KR_6759354777,440,-3,-104,-28,-15,0,1,1,-6,7,1,1,2,3,-8,9,1,-2,2,0,0,-8,36,2,-3,1,-2,0,-1,-1,-1,-1,-1,4,-1
KR_6324917614,440,-1,51,-16,-4,1,3,4,-4,7,3,-4,5,1,2,1,3,1,2,3,0,-13,11,-6,-2,8,2,0,1,-1,1,1,1,6,-1
KR_6759756136,420,-3,-47,9,-8,-2,3,1,-1,1,0,-2,2,0,-6,8,2,3,0,3,1,-3,4,-5,-3,8,-3,0,-3,1,-1,-1,1,4,-1
KR_6746624852,420,0,-24,6,6,3,0,3,3,0,3,-1,2,1,2,2,4,-1,3,2,0,6,4,6,-8,2,-4,0,-2,-1,-1,-1,-1,4,-1
KR_6592120543,420,-2,-4,-3,-5,1,4,5,-9,9,0,0,2,2,3,0,3,0,0,0,0,-3,-3,-4,-4,8,0,0,-1,1,-1,-1,-1,1,-1
KR_6764420878,420,2,-23,12,5,-4,4,0,5,1,6,2,1,3,1,0,1,1,0,1,1,14,8,-4,-4,8,-1,0,1,1,1,1,1,3,-1
KR_6764661043,420,0,4,12,-4,2,3,5,-3,4,1,-4,5,1,1,5,6,0,3,3,0,-5,2,-5,-4,9,4,0,1,-1,1,1,1,1,-1
KR_6703355409,440,0,-41,9,-3,-3,3,0,0,0,0,-1,2,1,-1,4,3,2,0,2,0,-4,3,2,-6,4,-3,0,-1,1,-1,-1,-1,4,-1
KR_6729543298,420,-5,-122,-29,-9,-3,5,2,0,5,5,-2,6,4,-3,5,2,-1,2,1,0,-3,-5,-2,-4,6,-3,0,-1,-1,-1,-1,-1,2,-1
KR_6615478902,420,-4,-47,22,-5,3,2,5,3,0,3,-5,6,1,-5,6,1,-1,5,4,0,-11,7,6,-6,0,-1,0,1,-1,1,1,-1,2,-1
KR_6730397311,420,-1,26,-31,2,2,0,2,-6,9,3,3,1,4,5,0,5,-2,2,0,0,1,2,-8,-2,10,-4,0,-1,1,-1,-1,1,6,-1
KR_6571192824,420,-5,-9,-39,-10,-7,8,1,-2,3,1,-1,3,2,2,3,5,-2,2,0,0,-5,-5,1,-3,2,3,0,-1,-1,-1,-1,1,5,-1
KR_6568708597,420,-6,-116,-38,-12,-3,4,1,-4,8,4,1,1,2,-6,7,1,0,2,2,0,-8,-22,0,-3,3,-1,0,-1,-1,1,-1,-1,5,-1
KR_6747391601,420,-3,-12,-104,0,-2,4,2,-7,7,0,5,0,5,1,1,2,3,0,3,-1,-6,-29,-3,-1,4,-3,0,-1,-1,-1,1,-1,3,-1
KR_6729109497,420,0,-52,-5,2,2,0,2,4,2,6,-2,3,1,-1,3,2,-1,1,0,-2,8,78,-2,-4,6,3,0,-2,-1,-1,-1,-1,2,-1
KR_6733585952,420,-1,-24,16,-9,-5,6,1,-5,6,1,-3,6,3,2,3,5,2,0,2,1,-7,18,-1,-3,4,4,0,0,1,0,-1,1,2,-1
KR_6759666544,420,-2,-56,-12,4,1,1,2,0,4,4,1,1,2,1,3,4,1,0,1,0,1,-20,2,-5,3,-1,0,-1,0,0,-1,1,0,-1
KR_6741436914,440,-2,-38,-23,-3,4,1,5,-4,4,0,0,2,2,-3,3,0,0,1,1,0,2,-3,0,-5,5,-4,0,-1,-1,-1,-1,-1,6,-1
KR_6681093731,420,-1,-26,-35,-1,2,1,3,0,4,4,-2,3,1,0,2,2,-1,3,2,-1,-1,-10,-1,-6,7,-1,0,0,-1,-1,-1,-1,3,-1
KR_6627720796,420,-3,-15,-27,-3,-1,1,0,-2,4,2,-3,3,0,2,0,2,1,0,1,0,-1,6,1,-6,5,4,0,0,1,-1,0,-1,3,-1
KR_6604210595,420,0,-8,8,-1,2,0,2,-1,5,4,-1,3,2,0,2,2,-1,3,2,0,-1,508,0,-3,3,-4,0,-1,1,0,-1,1,2,-1
KR_6615557554,420,2,21,20,4,-6,7,1,5,1,6,1,2,3,6,0,6,-2,2,0,0,3,-2,0,-5,5,6,0,0,1,1,-1,-1,4,-1
KR_6752125043,420,0,43,8,-5,0,2,2,3,0,3,-2,2,0,-4,6,2,-2,2,0,0,-2,0,-4,-4,8,1,0,0,1,1,1,-1,4,-1
KR_6720155751,420,-1,-38,-27,1,-5,6,1,0,3,3,-3,4,1,11,1,12,-2,4,2,2,7,5,3,-5,2,-3,0,-2,1,-1,-1,1,2,-1
KR_6728961588,420,-1,18,-20,-4,0,3,3,-5,10,5,-2,3,1,5,2,7,-2,3,1,0,4,-15,2,-6,4,3,0,-2,0,-1,-1,1,0,-1
KR_6702831750,420,1,21,15,3,4,0,4,3,2,5,-3,5,2,-1,2,1,0,0,0,0,-11,-8,0,-4,4,-1,0,0,-1,1,0,1,4,-1
KR_6729870492,420,-1,-15,-37,-9,1,0,1,-4,6,2,-4,5,1,0,4,4,-2,2,0,0,-4,-8,-7,-3,10,-1,0,0,0,-1,0,-1,0,-1
KR_6576387383,420,0,-18,14,-4,5,2,7,1,2,3,0,0,0,-9,9,0,-1,3,2,0,-5,-50,-1,-4,5,11,0,-1,1,-1,-1,1,1,-1
KR_6660341954,420,-1,-25,7,-4,-1,3,2,2,2,4,1,1,2,-7,8,1,1,1,2,0,-6,-53,-7,-2,9,24,0,0,1,-1,-1,-1,1,-1
KR_6736283390,420,0,16,-24,-3,0,1,1,2,1,3,1,4,5,-5,7,2,-1,2,1,0,-8,-3,2,-5,3,-5,0,-1,-1,-1,-1,1,5,-1
KR_6735426975,420,-2,-89,-4,-2,5,0,5,-2,3,1,3,1,4,-6,7,1,-2,2,0,0,-4,0,-1,-2,3,0,0,-2,1,1,-1,1,4,-1
KR_6729999127,420,-2,-88,20,-10,0,0,0,-2,3,1,-3,8,5,-3,3,0,-2,2,0,0,-16,-3,1,-3,2,4,0,-3,1,0,-1,-1,5,-1
KR_6762927551,420,2,49,16,2,1,0,1,1,1,2,2,2,4,-2,3,1,0,0,0,0,-2,-33,-3,-1,4,24,0,0,0,1,0,1,0,-1
KR_6730638374,420,-2,-26,-24,-4,-6,6,0,-1,2,1,5,1,6,-2,9,7,0,1,1,1,-3,172,-1,-1,2,-2,0,0,-1,1,-1,1,5,-1
KR_6757975418,420,-3,-9,0,-9,-1,4,3,-2,3,1,4,0,4,-8,8,0,-2,2,0,0,-10,1,1,-4,3,-4,0,0,-1,0,0,1,5,-1
KR_6669067179,420,4,58,-34,3,-1,3,2,2,2,4,2,2,4,1,1,2,-1,3,2,0,8,-5,-5,-2,7,2,0,2,1,-1,1,-1,4,-1
KR_6604048100,420,-3,-74,-25,-16,-3,4,1,0,3,3,-5,5,0,-11,13,2,3,1,4,0,-16,4,0,-3,3,-2,0,-3,-1,-1,-1,-1,4,-1
KR_6641453886,420,1,27,24,5,-3,5,2,2,1,3,4,1,5,2,3,5,0,0,0,2,5,-2,0,-4,4,-1,0,0,1,0,1,1,4,-1
KR_6761225568,440,-5,-130,-40,-12,0,1,1,-4,5,1,-2,3,1,-8,8,0,2,1,3,0,-7,-3,-1,0,1,1,0,-3,-1,-1,-1,-1,2,-1
KR_6664095648,420,0,-21,19,2,-1,2,1,3,1,4,1,2,3,-4,8,4,3,0,3,1,2,6,5,-7,2,-6,0,0,1,1,-1,1,6,-1
KR_6761215767,420,3,14,16,3,0,1,1,2,0,2,-2,2,0,2,1,3,1,0,1,0,6,121,-5,-2,7,2,0,0,-1,1,1,1,4,-1
KR_6680300367,440,-2,-20,-12,-5,3,2,5,-2,4,2,-2,3,1,-1,2,1,-3,4,1,0,-9,-2,-1,-1,2,-2,0,1,-1,1,1,-1,3,-1
KR_6762978923,440,-3,-117,32,1,0,1,1,-9,9,0,7,4,11,0,2,2,3,5,8,1,-12,-5,-2,-2,4,0,0,-2,-1,1,-1,1,5,-1
KR_6756116193,420,-5,-67,4,-15,-6,7,1,-1,2,1,-4,5,1,-5,7,2,1,0,1,0,-14,50,3,-7,4,-21,0,-2,-1,-1,-1,1,1,-1
KR_6675865137,420,-4,17,-16,-13,-5,5,0,-3,3,0,-2,4,2,-3,3,0,0,2,2,0,-9,-5,-3,-3,6,-3,0,-1,1,-1,-1,-1,6,-1
KR_6761797107,420,-6,-71,-39,-11,-1,1,0,0,1,1,-5,5,0,-6,8,2,1,2,3,0,-2,125,2,-5,3,0,0,-1,-1,-1,-1,-1,1,-1
KR_6763751869,420,-2,-14,4,0,-1,1,0,-2,5,3,0,0,0,-1,1,0,4,1,5,0,-3,29,-3,-2,5,-7,0,-1,-1,0,-1,-1,2,-1
KR_6715990472,440,1,5,0,-2,-3,3,0,0,3,3,2,2,4,-1,2,1,0,1,1,0,-6,-1,-3,-1,4,-4,0,-1,1,-1,-1,1,1,-1
KR_6763646055,420,-2,-27,-4,-1,-7,7,0,2,1,3,1,1,2,2,0,2,1,1,2,0,6,8,-1,-2,3,1,0,-1,1,-1,-1,1,6,-1
KR_6723570861,420,-1,-14,1,-6,-1,2,1,-4,5,1,-1,2,1,2,1,3,-2,2,0,0,-5,-2,-3,-2,5,-1,0,0,-1,-1,0,-1,3,-1
KR_6726828812,420,-1,-36,31,-2,-3,3,0,-4,4,0,5,0,5,0,1,1,0,0,0,2,-1,8,3,-7,4,-1,0,-1,1,1,-1,1,6,-1
KR_6763248242,440,-1,19,20,-2,-2,6,4,3,4,7,0,4,4,-2,4,2,-1,2,1,-2,5,2,-1,-5,6,2,0,0,1,0,0,-1,6,-1
KR_6693773547,420,-8,-91,-51,-15,-7,7,0,-6,7,1,-2,2,0,0,0,0,0,0,0,0,-6,-353,-1,-2,3,0,0,-2,-1,-1,-1,-1,1,-1
KR_6761616622,420,-1,29,-20,-7,2,0,2,-4,5,1,1,1,2,-6,6,0,0,1,1,-3,-9,-2,-4,-4,8,-2,0,0,-1,-1,-1,-1,4,-1
KR_6727993788,420,-5,-71,-25,-3,-4,5,1,0,2,2,0,3,3,-1,2,1,2,1,3,0,-1,8,3,-6,3,-2,0,2,1,1,-1,-1,1,-1
KR_6764361181,420,0,25,16,-3,-1,3,2,0,6,6,-4,4,0,1,3,4,1,1,2,0,1,18,-2,-5,7,-8,0,0,-1,1,-1,-1,5,-1
KR_6749137681,440,-2,32,-7,-1,2,1,3,0,2,2,-3,5,2,3,0,3,-3,3,0,0,6,-5,5,-10,5,-2,0,0,-1,0,0,-1,4,-1
KR_6602916484,420,-3,-23,23,-6,0,0,0,-1,1,0,1,2,3,-4,4,0,-2,2,0,0,-10,0,1,-4,3,-2,0,0,1,-1,-1,-1,5,-1
KR_6678229197,420,-4,-56,-7,-3,-7,8,1,0,0,0,4,1,5,1,5,6,-1,2,1,0,-2,24,-1,-2,3,0,0,-1,-1,1,-1,1,5,-1
KR_6764052693,420,-3,-57,15,-5,1,2,3,-4,4,0,3,3,6,-6,6,0,1,0,1,0,-9,0,1,-4,3,-5,0,0,-1,1,-1,-1,3,-1
KR_6738857139,420,-7,-79,0,-11,0,3,3,-4,6,2,0,4,4,-7,7,0,0,0,0,-1,-19,98,1,-7,6,-7,0,-1,-1,1,-1,-1,5,-1
KR_6756264759,420,0,-13,-6,1,1,1,2,0,3,3,0,1,1,1,0,1,-1,1,0,0,0,-59,3,-3,0,1,0,0,0,-1,0,-1,0,-1
KR_6754599217,420,0,67,-11,-3,2,0,2,-5,6,1,-5,11,6,3,1,4,2,0,2,0,-5,6,-4,-4,8,-7,0,-1,-1,-1,-1,1,3,-1
KR_6679874450,420,-2,-48,-27,-3,-4,4,0,-1,3,2,1,1,2,1,4,5,0,3,3,-1,-1,29,0,-5,5,-6,0,0,1,1,0,-1,2,-1
KR_6703758863,420,-4,-29,3,-5,-6,8,2,3,3,6,5,0,5,-4,5,1,-3,3,0,0,-6,-5,0,-2,2,-2,0,-3,1,1,-1,-1,2,-1
KR_6755330256,420,-2,-35,38,-5,1,0,1,2,1,3,-2,2,0,-6,7,1,0,2,2,0,-2,-3,2,-4,2,5,0,-1,1,0,-1,-1,1,-1
KR_6587574442,420,-6,-56,-12,-9,5,0,5,0,1,1,1,3,4,-7,8,1,-8,8,0,0,-10,-1,3,-6,3,0,0,-2,-1,0,-1,-1,2,-1
KR_6757754989,440,0,35,-15,9,3,0,3,3,2,5,2,1,3,-4,5,1,5,0,5,1,13,7,4,-7,3,-1,0,0,1,1,0,-1,3,-1
KR_6669202998,420,0,58,-26,3,4,1,5,-2,7,5,-4,4,0,4,3,7,1,1,2,1,4,-42,6,-10,4,12,0,0,-1,1,0,1,2,-1
KR_5606205937,420,-4,-8,-8,-8,0,1,1,-6,8,2,0,4,4,-2,3,1,0,0,0,0,-14,6,4,-8,4,2,0,0,1,1,-1,1,3,-1
KR_6644458133,420,-2,-109,-36,-3,0,2,2,-7,10,3,1,1,2,2,4,6,1,1,2,-1,-15,6,1,-4,3,2,0,0,-1,1,1,-1,4,-1
KR_6752876945,420,-3,-63,-12,-5,-3,4,1,-1,2,1,3,1,4,0,6,6,-4,5,1,0,0,7,0,-6,6,2,0,-3,-1,-1,-1,1,1,-1
KR_6754627219,440,1,-39,5,-1,-2,4,2,7,2,9,-3,4,1,-2,2,0,-1,1,0,0,3,43,0,-6,6,-34,0,0,0,0,0,1,0,-1
KR_6751347739,420,-3,-42,16,-2,0,1,1,3,2,5,3,0,3,-8,9,1,0,0,0,0,-3,-4,-2,-5,7,-3,0,-1,1,-1,-1,-1,3,-1
KR_6754555428,440,-4,-35,-30,-13,-2,3,1,-9,12,3,-1,2,1,1,4,5,-2,2,0,0,-6,-6,-3,-2,5,1,0,0,-1,-1,-1,1,2,-1
KR_6751706541,420,-4,-35,10,-11,-2,4,2,2,2,4,-7,8,1,0,5,5,-4,5,1,0,-10,31,-6,-2,8,-10,0,-4,1,-1,-1,-1,2,-1
KR_6738259824,420,-2,-22,-10,-3,3,0,3,1,2,3,-2,3,1,-4,7,3,-1,3,2,1,-2,5,1,-5,4,-2,0,-1,0,0,-1,1,0,-1
KR_6728614262,420,-3,-32,3,-13,-7,7,0,-1,3,2,-2,3,1,-2,2,0,-1,1,0,2,-7,-117,1,-4,3,-1,0,0,1,-1,-1,1,3,-1
KR_6741141982,420,-6,-4,-19,-15,1,2,3,-9,11,2,-5,5,0,-2,2,0,0,1,1,0,-13,-14,2,-6,4,4,0,-1,1,-1,-1,-1,2,-1
KR_6764357463,420,-2,-12,-51,-10,2,0,2,-10,10,0,-3,7,4,1,4,5,0,1,1,0,-12,-15,-6,-2,8,7,0,-1,1,1,-1,1,5,-1
KR_6567613341,420,0,23,3,-4,2,2,4,-2,2,0,-3,4,1,0,4,4,-1,2,1,0,-5,-3,0,-5,5,-3,0,-1,1,-1,-1,1,6,-1
KR_6677247620,420,-4,-8,-19,-12,3,0,3,-5,5,0,-3,4,1,-3,3,0,-4,5,1,-1,-12,-45,0,-6,6,26,0,-1,-1,-1,-1,-1,1,-1
KR_6737536714,420,0,12,19,1,-1,4,3,2,2,4,1,4,5,-1,4,3,0,0,0,1,5,6,5,-10,5,2,0,-1,1,-1,-1,1,6,-1
KR_6749080269,440,2,-10,8,5,-2,3,1,3,1,4,5,1,6,-1,3,2,0,0,0,0,6,30,3,-6,3,-12,0,1,-1,1,1,1,6,-1
KR_6658124037,420,-2,-71,-13,-6,-5,7,2,-5,7,2,-2,4,2,5,0,5,1,0,1,-1,-9,5,3,-6,3,3,0,1,0,0,1,-1,0,-1
KR_6733911975,420,0,-78,6,-1,2,1,3,4,3,7,2,1,3,-6,6,0,-3,3,0,1,-3,110,3,-7,4,0,0,-1,-1,1,-1,1,1,-1
KR_6602402814,420,-2,6,-24,-2,0,4,4,-2,3,1,-4,4,0,6,2,8,-2,2,0,2,-1,-24,-3,-2,5,4,0,0,1,-1,0,-1,6,-1
KR_6761738227,440,5,45,8,11,2,0,2,3,3,6,0,1,1,6,3,9,0,5,5,0,2,-19,-2,-4,6,4,0,0,0,-1,0,1,0,-1
KR_6703612470,420,-1,-27,-12,-2,5,0,5,-1,5,4,-1,2,1,-5,7,2,0,1,1,0,-6,21,-2,-2,4,-3,0,1,-1,-1,1,1,4,-1
KR_6737446908,420,0,-37,10,-2,-4,5,1,3,1,4,-3,8,5,0,2,2,2,0,2,0,4,-5,2,-4,2,2,0,-1,1,-1,-1,1,1,-1
KR_6628097150,420,-1,19,-38,-1,4,1,5,0,2,2,-2,4,2,-3,7,4,0,0,0,0,1,2,-3,-6,9,-1,0,-1,-1,1,-1,-1,4,-1
KR_6741442339,420,-1,-44,-5,-6,1,1,2,0,4,4,-1,2,1,-3,4,1,-3,3,0,-1,-9,-9,2,-5,3,-2,0,0,0,1,0,-1,0,-1
KR_6754855096,420,1,-17,-2,1,-2,3,1,5,1,6,1,3,4,-4,9,5,1,1,2,0,6,3,0,-2,2,4,0,1,-1,-1,-1,1,2,-1
KR_6740289816,440,-1,27,-6,-2,-3,8,5,0,1,1,1,1,2,3,0,3,-3,3,0,0,-10,-3,1,-5,4,1,0,0,-1,-1,-1,-1,5,-1
KR_6638314641,420,-2,-64,-22,-12,-4,7,3,-4,5,1,-2,4,2,-1,1,0,-1,1,0,0,-8,0,-6,-2,8,-3,0,-1,-1,1,-1,-1,4,-1
KR_6760169040,420,-3,-100,3,-4,-2,3,1,-3,4,1,1,7,8,0,2,2,0,2,2,0,1,-58,-2,-2,4,18,0,-2,-1,-1,-1,-1,2,-1
KR_6742559033,420,1,-19,16,-2,-3,6,3,3,2,5,0,0,0,0,3,3,-2,2,0,0,2,-112,0,-8,8,-1,0,-1,1,-1,-1,1,1,-1
KR_6631737458,420,-4,-10,-16,-5,-4,4,0,-3,5,2,-2,4,2,2,6,8,2,1,3,0,-2,0,3,-6,3,-5,0,0,1,-1,-1,-1,2,-1
KR_6739062542,420,1,43,-10,4,3,1,4,1,2,3,0,2,2,0,1,1,0,2,2,0,-2,-1,-1,-6,7,-6,0,-1,1,-1,1,-1,5,-1
KR_6751786494,420,2,-19,-16,-1,-1,1,0,1,2,3,-1,3,2,4,2,6,-4,4,0,-1,2,-2,-7,-1,8,1,0,1,-1,-1,1,-1,3,-1
KR_6651110080,420,-1,3,12,-2,-1,1,0,2,5,7,-3,3,0,-1,3,2,1,2,3,0,-2,5,-4,-5,9,-2,0,-2,0,-1,-1,-1,0,-1
KR_6665123232,420,-1,35,12,-4,0,2,2,-1,2,1,-1,3,2,2,3,5,-4,5,1,0,-7,-2,0,-4,4,0,0,-1,1,-1,-1,1,6,-1
KR_6628388797,420,0,16,16,-3,-1,4,3,-2,4,2,-2,5,3,1,0,1,1,0,1,0,-7,4,-3,-3,6,-3,0,2,1,-1,1,-1,5,-1
KR_6744956247,420,-2,-39,-20,-10,0,3,3,0,2,2,-4,7,3,-3,3,0,-3,3,0,0,-4,5,-2,-3,5,-2,0,-1,0,-1,-1,-1,0,-1
KR_6745655016,420,-1,-66,11,2,-2,3,1,5,1,6,1,2,3,-2,3,1,0,0,0,0,4,-10,2,-5,3,1,0,-2,1,-1,-1,1,3,-1
KR_6659956031,420,1,2,24,5,5,0,5,-5,5,0,6,0,6,-2,2,0,1,1,2,0,-3,13,0,-3,3,-4,0,1,1,1,1,1,2,-1
KR_6762335966,420,0,-19,-8,7,2,0,2,-2,3,1,3,3,6,4,4,8,0,2,2,-1,2,-11,-2,-3,5,-1,0,1,-1,-1,1,-1,1,-1
KR_6709126485,420,-4,22,-6,-4,1,3,4,0,5,5,-2,2,0,-4,5,1,1,1,2,0,-8,4,4,-8,4,-2,0,0,1,-1,-1,-1,4,-1
KR_6686429886,420,2,6,-4,4,3,1,4,-1,1,0,-1,3,2,2,3,5,1,2,3,0,2,-24,-5,-1,6,3,0,0,0,-1,0,-1,0,-1
KR_6731464468,420,-6,-13,-50,-18,2,1,3,-8,8,0,-4,5,1,-5,7,2,-3,3,0,0,-25,0,-2,-7,9,-2,0,-2,-1,-1,-1,1,1,-1
KR_6762888888,420,2,18,-10,-4,3,1,4,-1,2,1,-2,5,3,-5,6,1,1,1,2,0,-4,-27,-8,-4,12,3,0,0,1,-1,1,-1,3,-1
KR_6731103847,420,-1,-27,-32,-1,-1,2,1,4,1,5,0,4,4,-4,4,0,0,2,2,0,2,-5,0,-2,2,1,0,0,-1,-1,-1,-1,3,-1
KR_6762500328,420,3,43,12,2,1,1,2,-2,4,2,3,2,5,1,1,2,-1,2,1,-1,7,-7,-3,-2,5,4,0,1,1,-1,-1,-1,2,-1
KR_6731639494,420,3,-14,8,0,0,0,0,-1,2,1,-1,3,2,1,1,2,1,2,3,0,-4,-14,-4,-4,8,25,0,0,0,1,0,-1,0,-1
KR_6729610173,420,-3,-57,-54,3,4,0,4,-5,8,3,-1,4,3,4,3,7,1,1,2,1,14,-112,3,-5,2,-7,0,-1,-1,-1,-1,1,3,-1
KR_6744745852,420,-3,-46,-15,-4,-3,3,0,1,0,1,-3,7,4,3,0,3,-2,2,0,0,-5,-2,-2,-3,5,-1,0,0,-1,1,0,1,1,-1
KR_6728132140,440,-4,-78,-30,-9,-4,6,2,1,1,2,0,4,4,-3,5,2,-3,3,0,0,-2,-4,-1,-3,4,1,0,-1,1,-1,-1,-1,6,-1
KR_6752994085,420,-5,-69,-5,-7,-3,6,3,-2,6,4,1,2,3,-2,4,2,-1,1,0,1,-7,0,3,-6,3,-2,0,-2,1,-1,-1,1,1,-1
KR_6582392792,420,-2,-36,-14,-6,2,0,2,1,1,2,-2,3,1,-9,11,2,2,1,3,0,-4,6,-1,-5,6,-8,0,0,1,-1,-1,-1,1,-1
KR_6757034441,420,-2,14,-4,-1,-1,4,3,1,4,5,5,0,5,-3,5,2,-3,4,1,0,2,-9,-1,-3,4,-1,0,0,-1,-1,0,-1,3,-1
KR_6657275292,420,-5,-81,-16,-10,-5,6,1,1,4,5,-7,10,3,1,3,4,0,0,0,1,-4,176,-1,-4,5,-2,0,-1,-1,0,-1,-1,3,-1
KR_6757157002,420,-1,-83,-12,-2,1,0,1,-1,3,2,-1,3,2,-2,3,1,1,0,1,0,-1,-24,-1,-2,3,1,0,-3,-1,-1,-1,-1,5,-1
KR_6763457738,420,-1,66,0,-3,-1,1,0,-1,2,1,0,2,2,-1,4,3,0,2,2,0,-1,-102,3,-8,5,-3,0,-1,0,-1,-1,1,0,-1
KR_6688649261,420,-6,-29,9,-10,-6,6,0,-4,5,1,2,2,4,0,1,1,-2,3,1,0,-5,40,-2,-2,4,-13,0,-2,1,-1,-1,1,1,-1
KR_6751730292,420,-3,29,-21,-11,0,1,1,-7,8,1,1,4,5,-7,8,1,2,1,3,1,-9,1,-1,-3,4,-2,0,-1,-1,0,-1,1,4,-1
KR_6757381121,420,-2,14,14,-5,1,2,3,1,2,3,-7,7,0,-1,2,1,1,0,1,0,-10,2,1,-6,5,9,0,1,1,1,1,1,6,-1
KR_6751104134,420,0,-2,-24,4,-2,3,1,2,2,4,2,2,4,1,1,2,1,0,1,0,2,67,-2,-2,4,18,0,-1,1,0,-1,1,4,-1
KR_6731813578,420,-5,-102,14,-10,-5,5,0,-3,4,1,3,2,5,-6,8,2,1,1,2,1,-5,-174,1,-4,3,-15,0,0,1,-1,-1,1,2,-1
KR_6388612528,420,-2,-57,-18,-2,-1,1,0,0,5,5,-2,2,0,1,4,5,0,2,2,0,-1,-17,-6,-3,9,0,0,-1,1,1,-1,-1,4,-1
KR_6761640621,440,3,0,16,1,-1,5,4,3,0,3,2,4,6,-1,2,1,-2,2,0,0,-5,3,1,-4,3,1,0,0,0,1,-1,1,0,-1
KR_6620287238,420,-1,-50,4,-1,-1,2,1,4,1,5,-3,3,0,-1,2,1,0,0,0,-1,2,1,-3,-4,7,-3,0,0,1,-1,0,-1,5,-1
KR_6728110887,440,-6,-29,-32,-5,-3,3,0,-1,1,0,-3,4,1,8,1,9,-6,6,0,1,-1,161,6,-7,1,-1,0,-1,1,1,1,1,3,-1
KR_6752719421,420,0,-5,-4,0,-3,4,1,-1,3,2,5,0,5,-1,2,1,0,1,1,0,0,6,2,-6,4,2,0,0,1,-1,-1,1,5,-1
KR_6707716234,440,2,-31,13,4,1,1,2,0,2,2,2,0,2,1,0,1,0,2,2,0,4,-1,2,-8,6,5,0,0,-1,1,0,1,1,-1
KR_6731086297,420,1,61,-6,0,-1,3,2,2,1,3,-2,4,2,0,3,3,1,1,2,0,0,-8,3,-6,3,3,0,0,-1,-1,0,1,6,-1
KR_6616419232,420,0,7,8,-2,3,1,4,1,1,2,0,2,2,-3,3,0,-3,4,1,0,-5,2,1,-5,4,-3,0,1,-1,-1,1,1,1,-1
KR_6626981620,420,-5,-45,24,-11,-2,2,0,0,2,2,-2,4,2,-3,5,2,-4,4,0,0,-16,-6,2,-5,3,-3,0,-3,-1,-1,-1,1,6,-1
KR_6755402899,420,0,0,8,5,1,2,3,5,0,5,2,0,2,-5,9,4,2,0,2,0,6,28,-2,-2,4,1,0,0,-1,-1,0,1,6,-1
KR_6675021245,420,0,-20,20,7,0,2,2,-2,5,3,4,2,6,8,0,8,-3,3,0,0,5,21,1,-6,5,1,0,1,-1,1,1,-1,6,-1
KR_6641380401,420,0,-6,-9,0,-2,3,1,-4,5,1,4,1,5,-2,3,1,4,0,4,0,0,-17,5,-9,4,6,0,-1,-1,-1,-1,1,1,-1
KR_6531303417,440,0,-47,0,-1,-1,1,0,1,0,1,-4,4,0,2,2,4,1,0,1,0,-1,1,-2,-4,6,2,0,0,-1,0,0,1,1,-1
KR_6678086582,420,-1,67,-20,-4,-4,6,2,0,2,2,5,0,5,-5,5,0,0,0,0,1,-2,-4,-3,-3,6,2,0,0,-1,1,-1,1,2,-1
KR_6667658921,420,-3,3,22,-14,-2,2,0,-7,8,1,-2,3,1,-2,3,1,-1,1,0,0,-19,-13,-5,-4,9,6,0,0,1,1,0,-1,5,-1
KR_6754613092,420,-2,-96,8,-10,-5,5,0,3,1,4,-7,7,0,-1,3,2,0,0,0,0,2,4,-4,-3,7,-2,0,-1,1,-1,-1,-1,2,-1
KR_6740800423,420,1,7,3,0,2,1,3,-1,1,0,1,2,3,-2,2,0,0,1,1,0,-11,5,4,-5,1,-3,0,0,-1,-1,-1,-1,6,-1
KR_6737365265,420,-1,1,-12,7,1,1,2,-1,5,4,2,0,2,3,1,4,2,0,2,0,8,17,2,-9,7,-7,0,0,1,-1,1,1,5,-1
KR_6764638877,440,0,-43,-1,5,-1,3,2,6,2,8,4,0,4,-5,6,1,1,2,3,0,-4,-9,-1,-5,6,6,0,-1,1,1,1,1,5,-1
KR_6700855127,420,1,10,-30,8,-3,4,1,7,1,8,3,0,3,0,2,2,1,0,1,1,10,-3,-2,-4,6,0,0,-1,0,-1,1,1,0,-1
KR_6622331615,420,-1,-1,-8,3,0,2,2,3,2,5,3,4,7,-3,6,3,0,0,0,0,-5,13,5,-7,2,-4,0,1,1,1,1,1,2,-1
KR_6669209887,420,-3,2,-36,-5,-1,3,2,-3,5,2,-1,1,0,1,1,2,-1,2,1,0,-11,-4,-3,-5,8,0,0,-2,1,-1,1,-1,3,-1
KR_6679030639,420,-4,51,-11,-8,-4,4,0,-10,11,1,0,3,3,-2,4,2,8,1,9,0,-5,4,3,-6,3,0,0,0,-1,-1,-1,-1,3,-1
KR_6724758454,440,-7,-81,-48,-15,-5,5,0,-2,4,2,-4,4,0,-2,5,3,-2,6,4,-3,-8,33,4,-6,2,-16,0,-1,-1,-1,-1,-1,6,-1
KR_6592010656,420,-4,-55,-6,-9,-3,3,0,0,5,5,-5,6,1,-4,7,3,3,0,3,0,0,6,5,-8,3,-4,0,0,-1,1,1,1,1,-1
KR_6764609808,420,-3,-29,9,-13,-5,5,0,-4,5,1,-1,2,1,-3,6,3,0,0,0,-1,-10,0,0,-4,4,0,0,-1,1,-1,-1,-1,1,-1
KR_6752132384,420,-2,-98,-5,-4,0,1,1,-1,2,1,-1,5,4,-7,7,0,5,0,5,0,-6,5,2,-3,1,-2,0,-2,-1,-1,-1,-1,4,-1
KR_6592276856,420,-1,-55,-35,-5,-2,2,0,0,3,3,1,4,5,-3,5,2,-1,1,0,0,-14,105,3,-10,7,-3,0,0,-1,1,0,-1,2,-1
KR_6744960043,420,-4,-40,7,-10,-3,7,4,-1,2,1,-1,2,1,-6,7,1,1,3,4,0,-12,22,0,-6,6,-7,0,-1,-1,-1,-1,1,2,-1
KR_6723809708,420,-1,-17,-12,-4,3,1,4,-2,3,1,-3,8,5,0,2,2,-2,2,0,-1,-1,2,0,-3,3,-1,0,1,1,1,1,-1,5,-1
KR_6754493761,420,0,38,11,0,-6,6,0,1,2,3,3,0,3,3,0,3,-1,1,0,0,3,-28,4,-6,2,-2,0,2,1,1,1,1,2,-1
KR_6717703336,420,-5,-58,-20,-6,-2,2,0,0,1,1,-5,5,0,0,3,3,1,0,1,-1,-5,3,-3,-3,6,-1,0,0,1,-1,-1,-1,1,-1
KR_6759853403,440,-3,-63,-24,-6,-2,2,0,3,0,3,-6,6,0,0,3,3,-1,1,0,-1,-9,3,0,-5,5,0,0,-1,-1,1,1,-1,1,-1
KR_6659312552,420,2,-10,30,-5,-1,2,1,3,2,5,1,1,2,-5,5,0,-3,3,0,0,-6,-3,-1,-4,5,-3,0,1,1,1,1,1,6,-1
KR_6753845190,440,-2,-1,-8,-3,2,1,3,-1,2,1,1,2,3,-3,5,2,-2,2,0,0,-5,-3,0,-8,8,0,0,0,0,0,-1,-1,0,-1
KR_6684581309,420,-2,-20,12,-12,-2,3,1,-3,4,1,1,3,4,-6,7,1,-2,2,0,0,-15,1,0,-3,3,-3,0,-2,-1,-1,-1,-1,4,-1
KR_6754352825,420,1,3,-36,3,0,0,0,-1,6,5,0,3,3,4,2,6,0,0,0,0,0,2,5,-11,6,-1,0,0,0,-1,0,1,0,-1
KR_6761008826,420,-5,-51,-17,-5,-5,5,0,-2,4,2,-2,3,1,1,1,2,3,0,3,0,0,-4,2,-4,2,-1,0,0,1,-1,-1,1,6,-1
KR_6756564637,440,-4,-97,4,-16,-4,4,0,0,1,1,-4,5,1,-7,8,1,-1,2,1,0,-11,91,1,-2,1,-3,0,-1,-1,0,-1,-1,2,-1
KR_6758004044,420,-3,-48,28,-1,-3,3,0,0,2,2,1,2,3,1,1,2,0,1,1,0,7,32,5,-7,2,-2,0,-2,-1,-1,-1,1,6,-1
KR_6657314008,440,-6,-89,-8,-12,-4,4,0,-4,4,0,-1,3,2,-4,4,0,1,1,2,-1,-17,-11,-3,-4,7,-1,0,0,-1,-1,-1,-1,4,-1
KR_6727660654,440,-3,-27,-14,-9,-3,4,1,-3,4,1,0,1,1,0,2,2,-3,4,1,0,-3,13,-1,-5,6,-5,0,-1,-1,-1,-1,-1,3,-1
KR_6661542838,420,-3,-89,18,-6,1,2,3,1,2,3,-4,5,1,-2,2,0,-2,2,0,0,-10,-22,-3,-2,5,2,0,-2,1,-1,-1,-1,6,-1
KR_6733527361,440,-5,-30,-40,-4,-1,1,0,-4,6,2,-1,2,1,0,5,5,2,1,3,0,-2,-11,-2,-2,4,0,0,0,1,0,-1,-1,2,-1
KR_6762452958,420,-1,-34,5,-6,0,2,2,1,3,4,-4,6,2,-3,4,1,0,2,2,0,2,25,-1,-3,4,-3,0,0,-1,0,-1,-1,2,-1
KR_6761475217,420,-1,-14,-40,0,-3,3,0,5,1,6,-2,4,2,3,0,3,-3,5,2,0,3,-8,3,-9,6,6,0,-2,-1,-1,-1,-1,2,-1
KR_6734293907,420,-3,-89,-25,-6,0,1,1,-3,3,0,-1,3,2,-3,4,1,1,1,2,0,-1,21,-4,-4,8,-6,0,-1,-1,-1,-1,-1,1,-1
KR_6505292063,420,-1,7,15,0,2,0,2,-2,5,3,-1,4,3,-1,2,1,2,0,2,0,-5,3,3,-7,4,-3,0,-1,1,-1,1,-1,2,-1
KR_6733502899,420,-1,-21,-1,-1,1,1,2,-2,3,1,0,1,1,-1,2,1,1,1,2,0,1,1,1,-6,5,0,0,0,1,-1,0,1,2,-1
KR_6711359516,420,1,-2,-12,-5,0,0,0,1,4,5,1,1,2,-3,4,1,-4,5,1,1,-8,147,2,-6,4,-24,0,0,1,0,0,1,6,-1
KR_6763604152,420,-4,-6,-4,-14,-1,3,2,-7,7,0,-4,4,0,-1,3,2,-1,1,0,0,-11,2,-3,0,3,-3,0,-2,-1,-1,-1,-1,3,-1
KR_6682914714,420,-7,-54,-40,-18,-5,6,1,1,1,2,-4,5,1,-7,7,0,-3,3,0,0,-11,176,-1,-3,4,2,0,-5,-1,-1,-1,-1,3,-1
KR_6755012724,420,0,-13,-4,0,2,0,2,0,2,2,0,2,2,0,0,0,-2,3,1,0,0,1,-2,-5,7,-6,0,-1,-1,0,-1,-1,3,-1
KR_6760506170,420,0,-1,-4,2,0,1,1,0,5,5,0,2,2,2,3,5,0,1,1,0,4,-2,-7,-2,9,1,0,-2,-1,-1,-1,1,6,-1
KR_6569798406,420,1,21,26,5,2,1,3,1,4,5,1,1,2,1,6,7,0,1,1,0,7,1,-4,-2,6,-3,0,-1,-1,1,-1,1,4,-1
KR_6761230451,440,-2,-3,4,-5,-3,3,0,2,2,4,-5,7,2,0,0,0,1,0,1,0,-7,5,4,-7,3,-2,0,0,0,0,0,-1,0,-1
KR_6761479187,440,-3,-63,1,-3,1,1,2,-1,1,0,-5,5,0,3,0,3,-1,2,1,0,-1,-14,-1,-3,4,3,0,-1,0,0,-1,-1,0,-1
KR_6736148223,420,-5,-62,-4,-12,-7,7,0,-2,2,0,-3,5,2,0,4,4,0,1,1,0,-2,-1,-4,-2,6,-4,0,-1,1,-1,1,1,4,-1
KR_6719638762,420,1,43,0,0,1,1,2,-2,5,3,0,1,1,1,2,3,0,1,1,0,-3,-144,-2,-5,7,1,0,0,1,-1,0,-1,4,-1
KR_6752856039,440,2,24,-17,8,1,0,1,-1,1,0,2,3,5,1,1,2,5,2,7,0,11,3,-4,-5,9,-2,0,-1,1,-1,-1,1,4,-1
KR_6759295645,420,-4,-58,-32,-13,-1,1,0,1,2,3,1,3,4,-11,13,2,-3,4,1,0,-4,22,-1,-3,4,1,0,0,-1,-1,-1,-1,2,-1
KR_6650651185,420,-2,-52,8,-1,1,0,1,-3,4,1,-1,2,1,2,1,3,0,0,0,0,-3,0,6,-11,5,4,0,0,1,1,0,-1,2,-1
KR_6757607594,420,0,48,-17,2,1,3,4,-2,10,8,2,4,6,2,1,3,-1,2,1,-1,8,-14,3,-6,3,3,0,1,1,0,-1,-1,5,-1
KR_6727508095,420,0,3,8,2,3,2,5,1,2,3,2,1,3,-5,5,0,1,1,2,0,-8,-1,5,-8,3,-5,0,1,0,0,1,1,0,-1
KR_6703583846,420,0,9,-22,-1,-1,3,2,-2,4,2,-2,6,4,3,1,4,1,1,2,0,-6,-3,-1,-7,8,-4,0,0,0,0,0,1,0,-1
KR_6749422290,420,1,38,16,1,2,2,4,2,3,5,-2,2,0,-1,1,0,0,1,1,0,-5,-38,-2,-1,3,14,0,-1,1,-1,-1,1,6,-1
KR_6757039269,420,-2,-85,-1,-5,-2,3,1,1,0,1,-5,6,1,2,1,3,-1,2,1,0,-7,-3,-2,-3,5,0,0,-1,1,-1,-1,-1,3,-1
KR_6754139640,420,-4,-66,-2,-9,-4,6,2,-3,4,1,-1,2,1,1,1,2,-2,3,1,-1,-2,0,-1,-2,3,1,0,-2,1,-1,-1,-1,1,-1
KR_6717216225,420,1,-53,16,-2,0,3,3,5,1,6,-6,8,2,-2,3,1,1,2,3,-3,-12,-9,-1,-3,4,1,0,0,-1,-1,-1,-1,1,-1
KR_6757071383,420,4,-23,-7,11,-1,3,2,0,2,2,5,2,7,4,4,8,3,2,5,0,9,3,0,-2,2,0,0,0,0,0,0,1,0,-1
KR_6758516221,420,0,11,6,7,-3,4,1,0,3,3,8,1,9,1,1,2,1,0,1,0,3,-20,0,-5,5,3,0,1,-1,-1,1,-1,5,-1
KR_6347732030,420,-4,-42,0,-14,-6,6,0,0,2,2,-3,3,0,-5,6,1,0,0,0,0,-14,21,-2,-5,7,-5,0,0,-1,1,-1,-1,6,-1
KR_6694243128,440,-3,-10,20,-5,-2,3,1,0,1,1,-3,3,0,-1,3,2,1,1,2,0,-2,-9,-5,-3,8,3,0,0,-1,1,0,1,1,-1
KR_6692439952,420,-1,-35,-39,-7,-4,4,0,3,2,5,-5,5,0,-1,6,5,0,0,0,-1,-10,-30,0,-6,6,3,0,-1,1,-1,-1,-1,4,-1
KR_6763274644,420,-3,-40,-8,-3,2,1,3,-2,2,0,-2,4,2,-3,4,1,2,0,2,0,-2,4,2,-6,4,0,0,-1,-1,0,-1,-1,3,-1
KR_6677031866,420,-8,-125,-20,-14,-8,8,0,-1,2,1,-1,4,3,-2,4,2,-2,2,0,0,-10,-204,-1,-5,6,2,0,-3,-1,-1,-1,-1,4,-1
KR_6651420983,420,-2,-19,-19,-3,-1,2,1,2,3,5,0,2,2,-3,3,0,-1,1,0,-1,-2,-1,-3,-5,8,-6,0,0,-1,-1,0,-1,1,-1
KR_6758848439,420,-1,-47,19,-1,1,3,4,-3,4,1,-3,4,1,2,2,4,2,1,3,0,1,-23,0,-7,7,-7,0,-1,-1,-1,-1,1,6,-1
KR_6761744570,420,0,-3,-17,-4,-1,1,0,1,2,3,-2,4,2,-2,8,6,0,1,1,0,2,-1,-3,-1,4,1,0,-1,-1,-1,-1,-1,5,-1
KR_6433841090,420,-1,-22,13,-9,-2,4,2,0,0,0,-4,4,0,-4,6,2,1,2,3,0,-12,174,0,-5,5,-2,0,1,1,1,1,-1,4,-1
KR_6732233006,420,-4,-25,24,-5,-2,2,0,0,2,2,-1,5,4,-4,8,4,2,1,3,0,4,107,-2,-4,6,2,0,0,-1,-1,0,-1,3,-1
KR_6746888079,420,-2,-35,-22,2,1,3,4,-1,4,3,5,0,5,-2,4,2,-1,2,1,0,-4,-8,2,-7,5,3,0,-1,-1,-1,-1,1,3,-1
KR_6734181828,420,-2,-41,-28,-7,-5,5,0,-2,4,2,-1,1,0,-1,4,3,2,3,5,1,-9,-11,-8,0,8,2,0,0,-1,1,0,1,1,-1
KR_6561795640,420,0,3,-2,-5,-1,2,1,-1,3,2,-1,3,2,-6,7,1,4,0,4,0,0,6,2,-5,3,4,0,0,-1,-1,-1,-1,1,-1
KR_6720775959,420,0,-11,-36,-3,-1,1,0,-1,3,2,-3,7,4,2,1,3,0,0,0,0,-6,-10,0,-4,4,2,0,-2,-1,1,-1,-1,5,-1
KR_6761250865,420,-4,-21,-40,-8,3,0,3,-4,4,0,-3,4,1,-5,5,0,1,0,1,0,-13,-8,-6,-3,9,4,0,-2,0,-1,-1,-1,0,-1
KR_6730965158,440,-10,-130,-39,-17,-3,6,3,-7,7,0,3,0,3,-4,5,1,-6,6,0,-2,-14,-13,-3,-1,4,2,0,-3,-1,-1,-1,-1,6,-1
KR_6660286799,420,-2,-39,1,-8,2,4,6,-4,5,1,-1,4,3,0,2,2,-5,7,2,-1,-8,-7,-1,-1,2,-1,0,-1,-1,0,-1,-1,3,-1
KR_6757601987,420,-3,32,-44,-12,1,2,3,1,0,1,-3,4,1,-11,11,0,0,0,0,0,-13,224,-1,-1,2,0,0,-1,1,-1,-1,-1,1,-1
KR_6757084271,420,-1,-6,24,-8,-3,6,3,-3,3,0,-1,2,1,1,1,2,-2,2,0,-1,-9,154,-10,-2,12,0,0,0,1,-1,-1,-1,5,-1
KR_6709836189,420,1,16,-12,3,4,1,5,5,0,5,-1,4,3,-4,6,2,-1,1,0,-2,-6,5,3,-10,7,-1,0,-1,-1,-1,-1,-1,5,-1
KR_6761113121,420,0,0,4,2,-4,5,1,5,1,6,0,4,4,-1,6,5,2,0,2,-1,7,-2,1,-3,2,2,0,1,1,-1,1,-1,6,-1
KR_6665159635,420,1,25,4,1,2,1,3,-1,3,2,1,1,2,1,1,2,-2,2,0,0,0,-12,-3,-3,6,1,0,1,1,-1,1,1,3,-1
KR_6755399498,440,-7,-127,26,-12,-1,3,2,-3,4,1,-5,6,1,-4,4,0,1,0,1,0,-10,-3,-5,-1,6,3,0,-2,-1,1,-1,-1,2,-1
KR_6763419094,420,-4,-48,-17,-6,0,3,3,1,5,6,-1,2,1,-6,7,1,0,4,4,4,6,-9,6,-8,2,-2,0,0,-1,1,-1,1,6,-1
KR_6690578873,420,-5,-69,-25,-11,-3,3,0,-1,3,2,-4,5,1,-2,3,1,-1,1,0,-1,-2,8,-2,-6,8,-1,0,-1,-1,0,-1,-1,3,-1
KR_6455107267,420,-3,-13,-42,-1,2,0,2,-10,12,2,3,5,8,1,2,3,3,1,4,0,-16,14,-8,-1,9,-5,0,-1,-1,-1,-1,-1,6,-1
KR_6683697309,420,-5,-44,-4,-4,-2,3,1,1,2,3,0,2,2,-2,2,0,-1,2,1,0,-1,3,2,-4,2,-1,0,0,-1,-1,0,1,1,-1
KR_6732814013,420,-5,-56,-32,-11,-3,4,1,-3,6,3,-1,4,3,-4,5,1,0,0,0,0,-4,-18,0,-4,4,0,0,-1,-1,1,-1,1,5,-1
KR_6740111857,420,2,-13,0,2,1,0,1,-2,4,2,3,3,6,-1,5,4,1,1,2,0,-3,9,3,-7,4,-1,0,1,-1,1,1,1,3,-1
KR_6726334077,420,-4,-88,-28,-10,-5,5,0,-3,5,2,-5,6,1,3,2,5,0,0,0,0,-3,-7,-2,-4,6,1,0,0,-1,1,1,-1,3,-1
KR_6717663806,420,-2,-47,-24,-2,-5,6,1,-1,3,2,1,2,3,3,1,4,0,0,0,0,-2,0,1,-2,1,0,0,-1,-1,1,-1,-1,6,-1
KR_6747843365,420,-1,-51,26,0,3,0,3,-1,5,4,-5,5,0,0,0,0,3,0,3,0,2,18,-1,-7,8,0,0,0,1,-1,1,-1,3,-1
KR_6610037359,420,-4,4,-31,-7,2,1,3,-4,7,3,-3,4,1,1,0,1,-3,4,1,0,-18,-4,0,-6,6,3,0,-1,-1,1,-1,1,4,-1
KR_6692999663,420,0,-42,30,-5,0,2,2,-6,7,1,1,2,3,-1,2,1,1,0,1,-1,-8,4,-4,-2,6,-1,0,0,1,1,0,-1,3,-1
KR_6725081746,420,-2,-64,3,2,4,0,4,3,3,6,-5,5,0,0,4,4,0,0,0,1,5,25,2,-7,5,2,0,0,-1,1,-1,1,2,-1
KR_6756975284,420,-2,-36,0,-2,3,2,5,4,1,5,-5,5,0,-3,3,0,-1,2,1,0,-3,-5,-4,-5,9,3,0,-1,1,-1,-1,1,5,-1
KR_6698275595,420,1,0,-3,-4,-1,2,1,1,2,3,-5,5,0,0,1,1,1,1,2,0,-1,-5,-2,-5,7,1,0,0,-1,-1,0,-1,6,-1
KR_6637338753,420,2,3,-26,-1,1,0,1,-1,4,3,1,0,1,-2,5,3,0,0,0,0,-3,6,0,-4,4,-1,0,-1,0,-1,-1,-1,0,-1
KR_6754600781,420,-3,-40,12,-6,-3,3,0,-1,2,1,-1,1,0,-1,1,0,0,0,0,0,-4,43,3,-5,2,-26,0,0,0,0,-1,-1,0,-1
KR_6735969814,420,2,60,32,-9,0,1,1,-1,3,2,-2,2,0,-5,5,0,-1,2,1,-1,-9,-76,-1,-3,4,1,0,-1,-1,-1,-1,-1,2,-1
KR_6702744354,420,-2,-44,-4,-5,2,1,3,-3,3,0,-1,3,2,-2,3,1,-1,2,1,0,-5,-11,-7,-1,8,3,0,0,-1,-1,0,-1,4,-1
KR_6761774028,440,-1,22,3,-6,-2,2,0,-3,4,1,0,1,1,0,2,2,-1,2,1,0,-10,-1,2,-5,3,3,0,-2,0,-1,-1,-1,0,-1
KR_6698031209,420,-3,-96,-1,-7,-1,1,0,-4,5,1,-4,4,0,-1,4,3,3,2,5,-1,2,12,-1,-3,4,0,0,-3,1,-1,-1,-1,5,-1
KR_6737043961,420,-3,-32,-38,-11,-4,4,0,-2,3,1,-1,2,1,-4,5,1,0,0,0,0,-8,3,-1,-3,4,-6,0,0,-1,-1,-1,-1,4,-1
KR_6641033907,420,0,-30,-27,0,-1,1,0,-2,6,4,-1,3,2,6,2,8,-2,2,0,0,-2,-2,-1,-3,4,-4,0,0,-1,1,0,-1,4,-1
KR_6755241392,420,0,-44,18,2,-2,2,0,-1,1,0,2,2,4,3,0,3,0,1,1,0,9,119,1,-4,3,-3,0,0,0,0,0,-1,0,-1
KR_6737455549,420,-1,-18,-3,-7,-2,2,0,-1,2,1,-3,4,1,1,3,4,-2,2,0,0,-15,-11,-2,-5,7,-2,0,-2,-1,-1,-1,1,3,-1
KR_6725774184,420,-5,-64,-30,-2,-3,4,1,-5,6,1,1,1,2,2,1,3,3,1,4,-1,0,22,3,-8,5,-2,0,-2,-1,-1,-1,-1,2,-1
KR_6756509810,420,1,-7,17,-3,1,0,1,-1,4,3,-1,1,0,-2,3,1,0,1,1,0,-5,-9,-1,-3,4,7,0,-1,-1,1,-1,-1,3,-1
KR_6705661993,420,-3,-13,21,-8,-2,2,0,-1,2,1,1,2,3,-7,7,0,1,0,1,0,-17,18,-4,-4,8,-2,0,-1,-1,1,1,1,6,-1
KR_6694110641,440,-2,-36,-20,0,1,0,1,0,6,6,-1,2,1,-2,2,0,2,2,4,0,1,-1,1,-4,3,-3,0,0,-1,1,0,1,3,-1
KR_6672752946,420,-3,-38,-8,0,-5,6,1,2,0,2,2,1,3,0,3,3,1,0,1,0,5,-38,0,-5,5,18,0,-1,-1,0,-1,-1,4,-1
KR_6761037086,420,-1,-63,-12,-1,2,1,3,-1,1,0,-1,1,0,0,2,2,-1,2,1,0,-5,-104,1,-6,5,-7,0,1,-1,1,1,1,6,-1
KR_6658455271,420,-1,0,-3,-3,0,2,2,-4,5,1,-1,3,2,-1,3,2,3,1,4,0,-5,0,-3,-3,6,0,0,-1,1,-1,-1,-1,1,-1
KR_6759710190,440,0,11,-8,2,2,1,3,1,0,1,1,4,5,-1,1,0,-1,2,1,0,3,6,3,-5,2,-5,0,0,-1,-1,0,-1,1,-1
KR_6627045035,420,-2,-15,-52,1,5,1,6,-1,3,2,-4,6,2,4,2,6,-3,3,0,0,0,6,2,-8,6,-4,0,0,-1,-1,-1,-1,5,-1
KR_6705827539,440,-1,43,-16,-10,4,1,5,-6,9,3,-2,3,1,-4,6,2,-2,2,0,0,-26,2,1,-5,4,1,0,-1,-1,0,1,1,6,-1
KR_6762424270,420,-6,-29,-18,-10,-2,4,2,2,1,3,-5,5,0,-1,1,0,-4,4,0,0,-9,-4,-1,-3,4,2,0,0,-1,-1,-1,-1,5,-1
KR_6658063450,420,-2,11,10,-3,-1,3,2,-2,3,1,-1,6,5,1,1,2,0,1,1,0,-5,3,4,-8,4,-3,0,0,1,-1,-1,1,2,-1
KR_6606453554,420,-5,-79,-22,-6,0,2,2,-2,2,0,-3,5,2,0,2,2,-1,2,1,0,-3,1,-3,-3,6,-3,0,-1,-1,-1,-1,-1,2,-1
KR_6761035493,420,0,-64,-52,1,2,0,2,-2,4,2,3,1,4,-2,3,1,0,0,0,2,7,-28,3,-5,2,-4,0,-1,-1,-1,-1,1,4,-1
KR_6760698923,420,-3,-39,-12,-5,2,0,2,-3,4,1,-1,3,2,-2,3,1,-1,1,0,0,-6,14,4,-7,3,-12,0,-1,-1,1,-1,-1,4,-1
KR_6690475598,420,-1,-30,20,-2,-3,3,0,2,0,2,0,1,1,0,3,3,-1,2,1,0,0,-68,2,-3,1,-3,0,-1,-1,-1,-1,-1,4,-1
KR_6152138410,440,2,34,16,0,-5,6,1,3,0,3,2,1,3,0,1,1,0,1,1,0,-2,25,1,-5,4,-17,0,-1,1,-1,-1,-1,4,-1
KR_6726291298,440,-2,-16,-32,-3,2,0,2,1,1,2,-3,3,0,-4,6,2,1,0,1,0,-11,-2,-1,-7,8,-1,0,-1,-1,-1,-1,1,3,-1
KR_6745842048,420,-7,-84,-8,-12,-4,4,0,1,2,3,-5,7,2,-2,5,3,-2,5,3,0,-8,-7,-5,-1,6,1,0,-1,-1,-1,-1,-1,2,-1
KR_6757639884,440,-3,-39,-32,-2,2,0,2,2,3,5,-4,6,2,-3,4,1,1,3,4,0,2,192,1,-5,4,-5,0,-1,-1,-1,-1,1,1,-1
KR_6756775743,420,-2,26,0,-9,-2,2,0,-7,8,1,0,3,3,1,2,3,-1,1,0,0,-9,-5,2,-4,2,4,0,0,-1,0,-1,-1,3,-1
KR_6627956068,420,1,18,-3,-2,1,2,3,-2,4,2,-1,3,2,0,0,0,0,0,0,0,-5,4,2,-5,3,1,0,0,-1,-1,-1,-1,2,-1
KR_6566719266,420,-5,-143,-32,-10,-3,3,0,0,3,3,-2,2,0,-4,6,2,-1,1,0,-1,-10,10,-2,-3,5,-4,0,-1,-1,-1,-1,-1,4,-1
KR_6760374504,420,0,40,0,4,-2,5,3,2,1,3,2,0,2,0,4,4,2,0,2,2,16,29,8,-9,1,-1,0,2,1,1,1,1,3,-1
KR_6759228897,420,-2,-13,20,-5,-2,3,1,-1,1,0,0,2,2,-3,3,0,1,1,2,0,-4,-40,-4,-4,8,20,0,0,-1,1,-1,1,5,-1
KR_6708251115,420,-3,-34,8,-13,-1,2,1,-5,7,2,-5,5,0,-1,3,2,-1,4,3,0,-8,2,-2,-3,5,-1,0,-1,1,1,-1,-1,5,-1
KR_6700025835,420,-7,-105,-35,-19,-4,5,1,0,5,5,0,3,3,-16,16,0,1,1,2,0,-21,-12,-7,-2,9,-6,0,-1,-1,-1,-1,-1,6,-1
KR_6717150174,420,-4,-46,2,-5,5,0,5,-2,4,2,-1,5,4,-6,6,0,-1,1,0,0,-11,-1,-1,-5,6,4,0,0,1,1,-1,-1,6,-1
KR_6618390996,420,3,33,-16,6,5,0,5,-2,2,0,-3,6,3,5,4,9,1,1,2,0,3,-1,3,-8,5,3,0,-1,1,-1,-1,1,2,-1
KR_6589107112,420,-3,-58,-5,-1,-1,3,2,1,0,1,0,0,0,1,1,2,-2,2,0,0,-1,-130,-2,-1,3,0,0,0,-1,1,-1,1,2,-1
KR_6759871370,420,2,62,25,-2,-1,3,2,-1,1,0,1,0,1,0,3,3,-1,1,0,0,-4,6,4,-7,3,1,0,-1,0,-1,-1,1,0,-1
KR_6287334202,440,2,35,28,0,0,3,3,0,1,1,1,1,2,1,1,2,-2,3,1,0,-2,5,0,-4,4,2,0,0,-1,1,0,-1,2,-1
KR_6760707559,420,-3,-26,-8,-6,0,2,2,1,1,2,-7,7,0,-1,2,1,1,1,2,0,-4,4,3,-6,3,-1,0,-1,-1,1,-1,-1,5,-1
KR_6759660557,420,-9,-98,-10,-14,-4,5,1,-1,3,2,-3,3,0,-3,4,1,-3,3,0,-1,-10,0,1,-6,5,-4,0,-3,-1,1,-1,-1,4,-1
KR_6759429170,440,1,-4,4,-3,-1,2,1,-1,2,1,4,1,5,-2,4,2,-3,4,1,0,-2,-117,0,-3,3,1,0,0,-1,1,0,-1,5,-1
KR_6706696068,420,1,55,4,3,0,0,0,-4,6,2,3,1,4,4,1,5,0,0,0,0,-2,8,-3,-3,6,1,0,0,-1,1,0,1,2,-1
KR_6761672552,420,-1,-41,-4,-1,1,0,1,-3,5,2,0,0,0,-1,4,3,2,0,2,1,-2,22,3,-7,4,2,0,0,1,-1,0,1,3,-1
KR_6679755595,420,3,28,20,6,-1,2,1,4,1,5,2,0,2,0,1,1,1,0,1,0,8,-136,3,-5,2,2,0,1,-1,1,1,1,2,-1
KR_6756595132,420,-7,-16,-64,-27,-2,3,1,-9,9,0,-10,13,3,-5,5,0,-1,1,0,0,-17,2,-3,-2,5,-3,0,-2,-1,-1,-1,-1,4,-1
KR_6660143884,420,-1,-2,15,-8,-3,4,1,-3,4,1,-1,5,4,-1,4,3,0,2,2,0,-9,-30,-1,-4,5,0,0,-1,-1,-1,-1,-1,6,-1
KR_6742809939,420,1,20,-28,-4,0,2,2,-2,3,1,-1,2,1,1,2,3,-2,2,0,0,-3,10,-3,-3,6,-4,0,0,1,1,0,-1,1,-1
KR_6711188577,420,3,8,-4,3,-6,8,2,5,1,6,0,0,0,2,3,5,2,0,2,0,15,-20,-5,-1,6,2,0,-1,1,-1,-1,-1,5,-1
KR_6675197331,420,-1,-22,4,-8,-1,1,0,-1,5,4,2,2,4,-6,8,2,-2,2,0,-1,-12,-6,0,-6,6,2,0,0,0,-1,1,-1,0,-1
KR_6751315167,420,-6,-87,-12,-20,-1,1,0,-10,10,0,-4,8,4,-3,4,1,-2,3,1,0,-30,106,4,-5,1,-3,0,-3,-1,-1,-1,1,6,-1
KR_6748250177,420,-5,-3,-31,-13,-2,4,2,-6,7,1,0,2,2,-5,8,3,0,1,1,0,-2,-4,-5,-4,9,3,0,0,-1,-1,0,-1,2,-1
KR_6692013154,420,-2,-77,-9,1,-1,2,1,2,2,4,5,1,6,-5,5,0,0,2,2,1,1,18,-1,-2,3,1,0,0,-1,-1,-1,1,3,-1
KR_6760744280,420,4,48,1,7,6,1,7,-4,7,3,2,0,2,4,2,6,-1,2,1,0,6,-28,2,-5,3,3,0,1,-1,1,1,1,2,-1
KR_6750582950,420,-1,16,-15,-8,2,1,3,1,5,6,-2,2,0,-2,5,3,-7,7,0,-1,-12,3,5,-7,2,2,0,1,-1,1,1,-1,1,-1
KR_6686605121,420,1,50,-8,0,0,2,2,2,2,4,-2,2,0,0,3,3,0,0,0,0,-3,6,-3,-1,4,5,0,1,1,-1,1,1,1,-1
KR_6760391384,420,5,83,12,12,0,3,3,1,3,4,1,2,3,6,3,9,4,0,4,0,-2,4,3,-4,1,4,0,1,1,-1,1,1,4,-1
KR_6760204373,420,-4,-86,2,-6,-3,3,0,-2,3,1,4,0,4,-3,4,1,-2,3,1,1,0,-12,4,-5,1,-3,0,-2,1,1,-1,1,6,-1
KR_6749461562,420,-1,-3,-12,-1,4,3,7,1,0,1,-5,5,0,0,1,1,-1,1,0,0,-3,-7,1,-7,6,3,0,1,0,0,1,-1,0,-1
KR_6714778937,420,1,8,-11,-1,-1,3,2,-2,6,4,4,0,4,-3,5,2,1,2,3,-2,-7,8,4,-8,4,0,0,0,1,1,1,-1,6,-1
KR_6742237497,440,0,-8,-8,-2,-5,5,0,2,1,3,2,0,2,-1,4,3,0,1,1,0,-4,6,3,-7,4,-4,0,-1,-1,-1,1,-1,2,-1
KR_6667712992,420,1,23,11,-3,2,0,2,0,3,3,-1,2,1,-2,5,3,-2,2,0,-1,-10,-6,2,-3,1,2,0,1,1,1,1,-1,1,-1
KR_6761464885,420,-7,-75,-41,-9,-2,3,1,1,0,1,-4,4,0,-2,2,0,-2,3,1,0,-3,16,-1,-3,4,-6,0,-2,-1,1,-1,-1,4,-1
KR_6685438518,420,0,-33,20,-4,0,2,2,-3,4,1,-2,2,0,-1,2,1,2,0,2,0,-6,1,0,-5,5,-4,0,1,-1,1,1,-1,5,-1
KR_6734539912,420,-1,-6,15,-7,-1,3,2,-3,4,1,1,0,1,-5,5,0,1,1,2,-2,-11,-1,1,-7,6,-3,0,-2,1,-1,-1,-1,2,-1
KR_6704997660,420,1,-5,25,-4,1,1,2,-5,5,0,-1,4,3,-1,2,1,2,2,4,0,-6,-13,-7,-1,8,2,0,0,-1,0,0,-1,2,-1
KR_6764319920,420,-1,-47,2,-6,-1,3,2,-4,6,2,3,1,4,-3,4,1,-1,1,0,0,-4,13,1,-6,5,1,0,-1,-1,-1,-1,-1,4,-1
KR_6586608244,420,1,72,6,0,4,3,7,1,2,3,1,2,3,-6,9,3,0,1,1,0,-13,-28,-4,-5,9,3,0,0,1,1,1,1,3,-1
KR_6762618927,420,-3,-69,16,-8,2,3,5,-2,4,2,-2,8,6,-5,6,1,-1,2,1,0,-6,12,3,-8,5,0,0,-1,1,-1,-1,-1,3,-1
KR_6691190890,420,-6,-56,-15,-17,1,1,2,-3,3,0,-4,8,4,-10,10,0,-1,2,1,-4,-35,-6,-4,-4,8,0,0,-2,-1,-1,-1,-1,4,-1
KR_6751516336,420,-2,-108,-12,-7,-2,4,2,4,0,4,-2,3,1,-3,4,1,-4,4,0,0,-3,2,2,-6,4,1,0,0,-1,1,-1,-1,1,-1
KR_6601790022,420,-4,-50,-21,-7,-4,4,0,2,8,10,2,1,3,-8,8,0,1,1,2,0,-6,-2,1,-5,4,0,0,-2,-1,0,-1,1,1,-1
KR_6723410295,420,-3,-115,-40,2,1,1,2,-1,2,1,-3,4,1,3,1,4,2,0,2,0,11,-49,4,-5,1,16,0,-2,-1,-1,-1,-1,5,-1
KR_6744292738,420,-5,-77,-12,-8,-4,6,2,-1,4,3,-2,3,1,-2,3,1,1,0,1,0,-3,9,2,-4,2,-1,0,-2,-1,-1,-1,1,1,-1
KR_6764604294,420,-1,-61,-3,1,2,1,3,1,5,6,-2,3,1,0,2,2,0,1,1,0,2,9,-4,-4,8,0,0,0,-1,-1,-1,-1,1,-1
KR_6764026541,420,-3,-16,-15,-6,-2,3,1,2,0,2,-2,3,1,-1,3,2,-3,3,0,0,-8,1,0,-4,4,1,0,-1,-1,-1,1,-1,2,-1
KR_6661305408,420,-2,40,-3,-5,3,0,3,2,4,6,-2,3,1,-5,7,2,-3,3,0,1,-6,3,0,-2,2,-1,0,-1,0,-1,1,1,0,-1
KR_6648131114,420,-2,-36,-4,0,-1,2,1,-2,5,3,2,1,3,4,1,5,-3,3,0,1,2,3,-1,-8,9,-3,0,-1,-1,-1,1,1,2,-1
KR_6663035140,420,-5,21,-7,-11,-3,5,2,-4,8,4,1,1,2,-3,3,0,-2,2,0,0,-13,388,5,-10,5,-3,0,-1,-1,-1,-1,1,5,-1
KR_6720242527,420,1,56,-35,-5,0,1,1,-2,3,1,-2,6,4,-1,1,0,0,0,0,0,-6,-1,-4,-1,5,-3,0,0,-1,-1,0,1,3,-1
KR_6739201905,420,-6,-50,6,-10,-3,3,0,-2,3,1,-4,5,1,1,3,4,-2,2,0,0,-2,-14,0,-5,5,3,0,-1,-1,-1,-1,-1,1,-1
KR_6730472030,420,-5,-97,-6,-6,-1,2,1,-4,8,4,-1,5,4,-1,1,0,1,1,2,-1,-4,-9,-2,-4,6,2,0,-2,-1,-1,-1,-1,4,-1
KR_6714289439,420,-5,-55,-17,-12,3,2,5,-4,4,0,-7,9,2,-2,2,0,-2,3,1,-3,-23,3,3,-6,3,-1,0,-1,-1,-1,-1,-1,1,-1
KR_6675127772,420,-2,-44,-7,0,-2,3,1,0,4,4,-1,3,2,-1,3,2,4,0,4,0,3,26,5,-7,2,15,0,0,0,-1,-1,1,0,-1
KR_6714785842,420,1,14,3,-1,-1,2,1,-1,4,3,0,2,2,-1,4,3,2,0,2,-1,-1,-4,-2,-2,4,-1,0,-1,-1,-1,-1,-1,4,-1
KR_6745741567,420,0,-10,-1,6,3,2,5,2,1,3,-1,6,5,1,1,2,1,0,1,0,-3,-12,-3,-3,6,2,0,-1,-1,1,-1,1,5,-1
KR_6758434014,420,-3,-10,0,-10,-2,4,2,-2,6,4,0,1,1,-6,6,0,0,1,1,0,-7,3,-5,-3,8,2,0,-1,1,-1,-1,-1,3,-1
KR_6752353432,420,1,79,-4,4,0,4,4,0,1,1,1,2,3,3,1,4,0,1,1,0,3,1,0,-4,4,-2,0,2,-1,1,1,1,2,-1
KR_6549266621,420,-4,-88,-9,-6,3,0,3,-2,3,1,4,1,5,-9,9,0,-2,2,0,0,-10,-78,-1,-4,5,3,0,-2,-1,1,-1,-1,3,-1
KR_6673646864,420,-5,-62,-29,-11,-7,8,1,0,2,2,-2,2,0,-2,3,1,0,0,0,0,-9,0,-2,-5,7,-2,0,-3,-1,-1,-1,-1,1,-1
KR_6715544411,420,-3,-53,-17,-7,2,0,2,-2,3,1,-7,7,0,0,5,5,0,2,2,0,-8,56,0,-4,4,-26,0,0,-1,1,0,1,1,-1
KR_6680361211,420,-5,-18,-20,-10,0,2,2,-1,4,3,3,3,6,-9,10,1,-3,6,3,-2,-27,88,1,-5,4,-5,0,-2,-1,-1,-1,-1,3,-1
KR_6669727533,420,-2,5,7,-10,0,2,2,-5,6,1,-1,3,2,-1,3,2,-3,5,2,0,-9,-3,-6,0,6,-2,0,0,0,-1,0,-1,0,-1
KR_6741429067,420,-3,-43,7,-2,0,2,2,0,3,3,-5,5,0,-2,2,0,5,1,6,1,0,-20,-2,-1,3,-6,0,-2,-1,1,-1,1,4,-1
KR_6638281062,440,2,18,15,1,1,3,4,3,1,4,2,2,4,-4,9,5,-1,3,2,-2,-11,-8,-1,-5,6,3,0,0,-1,-1,1,-1,2,-1
KR_6735919350,420,-2,7,-24,-6,3,1,4,-2,5,3,-3,3,0,-2,3,1,-2,2,0,0,-5,-1,-3,-1,4,-1,0,-1,-1,-1,-1,1,1,-1
KR_6762156271,420,-2,-29,-12,-1,2,2,4,-1,1,0,-8,9,1,5,0,5,1,1,2,1,3,1,2,-6,4,-3,0,0,1,-1,0,1,2,-1
KR_6755285264,420,-3,-66,-16,-8,-3,3,0,6,0,6,-3,4,1,-5,8,3,-3,4,1,0,-5,-1,-2,-2,4,-1,0,-1,-1,-1,-1,-1,6,-1
KR_6731326027,420,-6,-32,-12,-11,1,0,1,-1,1,0,-6,6,0,-4,6,2,-1,2,1,0,-8,-156,-3,-3,6,9,0,-1,-1,-1,-1,-1,3,-1
KR_6654630888,420,-4,-42,-44,-13,-2,3,1,-2,3,1,-5,8,3,-5,6,1,1,0,1,0,-16,-14,-3,-4,7,1,0,-2,-1,0,-1,-1,4,-1
KR_6756953541,420,1,-61,68,-3,-1,3,2,2,1,3,4,1,5,-4,4,0,-4,4,0,0,-7,1,-2,-4,6,-2,0,1,1,1,1,1,5,-1
KR_6760924150,420,-2,-77,7,-2,-3,3,0,0,2,2,-3,3,0,2,1,3,2,0,2,1,0,6,-2,-4,6,-4,0,0,-1,1,0,1,3,-1
KR_6694913152,420,-1,7,-21,6,-4,5,1,1,4,5,5,0,5,-2,3,1,6,2,8,0,3,18,0,-2,2,-2,0,0,-1,-1,0,-1,1,-1
KR_6726454775,440,-4,-42,-26,-7,-3,4,1,0,1,1,-1,2,1,-2,5,3,-1,1,0,0,-4,8,1,-5,4,-3,0,0,1,-1,-1,-1,3,-1
KR_6752474758,420,1,15,-3,1,1,0,1,1,2,3,3,0,3,3,2,5,-7,7,0,-1,-1,-5,0,-5,5,1,0,0,-1,1,0,-1,1,-1
KR_6697800652,420,0,6,-40,-1,5,1,6,-5,5,0,1,3,4,0,2,2,-2,4,2,0,-4,4,2,-4,2,4,0,0,-1,0,0,1,6,-1
KR_6201679332,420,-6,-84,-53,-10,-2,4,2,2,2,4,-3,3,0,-3,3,0,-4,4,0,0,-7,0,2,-5,3,-4,0,-2,1,-1,-1,-1,5,-1
KR_6665701911,420,0,47,16,-2,-1,3,2,-2,3,1,2,1,3,-1,1,0,0,1,1,-1,-9,-250,0,-5,5,-2,0,0,-1,1,0,-1,3,-1
KR_6758268564,420,-1,-11,16,1,2,0,2,0,4,4,0,1,1,-2,2,0,1,0,1,0,5,-98,4,-7,3,0,0,0,1,1,0,1,1,-1
KR_6758086529,420,-2,-49,-4,1,-2,4,2,0,3,3,0,2,2,1,0,1,2,0,2,-1,7,-8,-6,0,6,-1,0,0,-1,-1,-1,-1,6,-1
KR_6748269284,420,0,13,-24,1,-2,4,2,-1,2,1,3,0,3,1,2,3,0,0,0,0,5,3,2,-5,3,-2,0,0,1,1,0,1,2,-1
KR_6676851237,420,-5,-21,-36,-10,0,2,2,0,0,0,-7,7,0,-2,2,0,-1,1,0,0,-8,1,-1,-5,6,-2,0,0,1,-1,0,1,4,-1
KR_6661324172,420,-7,-165,-8,-8,-2,6,4,0,3,3,-2,3,1,-6,7,1,2,3,5,0,2,-33,4,-6,2,-1,0,-6,-1,-1,-1,1,3,-1
KR_6588863423,420,-1,-38,-15,-3,0,2,2,1,2,3,0,0,0,-4,5,1,0,1,1,1,1,26,6,-11,5,-1,0,0,-1,1,0,1,1,-1
KR_6671282750,420,-3,-27,-40,-10,-4,4,0,-2,2,0,2,2,4,-5,8,3,-1,2,1,0,-8,0,-2,-1,3,1,0,0,0,-1,0,-1,0,-1
KR_6762913967,420,-3,-47,-4,-6,-9,12,3,2,1,3,1,2,3,0,3,3,0,3,3,0,-6,-21,-3,-3,6,2,0,-3,1,1,-1,1,3,-1
KR_6705345640,440,1,0,-24,-2,-1,2,1,1,5,6,3,0,3,1,1,2,-6,7,1,0,-2,-33,0,-1,1,16,0,0,-1,0,0,1,6,-1
KR_6745830667,420,-2,-25,-20,-5,-2,2,0,-3,3,0,-1,2,1,0,3,3,1,0,1,1,-5,9,4,-7,3,1,0,0,-1,-1,0,1,1,-1
KR_6751248076,420,-5,-83,-16,-6,0,3,3,1,2,3,-3,4,1,-3,7,4,-1,1,0,-1,-2,23,3,-6,3,-7,0,0,-1,-1,-1,-1,3,-1
KR_6596455227,420,3,-33,-8,3,1,2,3,-2,4,2,1,0,1,3,0,3,0,2,2,0,-2,2,0,-4,4,0,0,0,1,-1,1,1,6,-1
KR_6669875131,420,1,55,-13,1,1,2,3,1,1,2,0,4,4,-1,2,1,0,1,1,1,-1,5,3,-4,1,-5,0,2,-1,1,1,1,6,-1
KR_6724175929,420,2,-73,29,5,-2,3,1,2,2,4,2,2,4,2,3,5,1,0,1,-1,6,30,1,-5,4,-3,0,0,1,0,0,-1,5,-1
KR_6761915466,440,0,9,5,8,2,1,3,-1,5,4,3,3,6,3,3,6,1,1,2,0,0,7,0,-6,6,-5,0,-2,0,-1,-1,1,0,-1
KR_6754719354,420,-3,54,-20,-12,0,2,2,1,0,1,-6,8,2,-5,5,0,-2,4,2,0,-14,-42,-1,-5,6,17,0,2,1,1,1,-1,3,-1
KR_6686419370,420,1,-52,-9,4,1,1,2,2,8,10,1,1,2,-2,2,0,2,1,3,0,4,1,6,-7,1,1,0,0,1,1,0,-1,6,-1
KR_6735989721,420,1,42,31,-2,-2,4,2,3,3,6,-2,5,3,-1,2,1,0,0,0,-1,-6,-13,5,-9,4,3,0,0,1,-1,0,-1,6,-1
KR_6757169479,420,0,-13,-14,2,-1,3,2,-1,3,2,4,0,4,-1,6,5,1,1,2,0,-2,11,4,-11,7,1,0,1,1,1,1,1,5,-1
KR_6758968099,420,-2,-19,-21,-7,-4,6,2,-6,8,2,1,1,2,0,2,2,2,1,3,-1,-1,2,0,-5,5,0,0,-1,1,-1,1,-1,6,-1
KR_6715787400,420,-8,-75,-14,-16,-5,8,3,-1,4,3,-4,7,3,-4,7,3,-2,2,0,-2,-7,34,2,-6,4,0,0,-2,-1,-1,-1,1,1,-1
KR_6761616191,420,-1,2,8,-2,0,0,0,1,3,4,-5,7,2,3,1,4,-1,1,0,0,-8,204,0,-5,5,4,0,-1,1,-1,-1,-1,3,-1
KR_6748270187,420,-4,-123,-27,-12,-1,1,0,-2,4,2,-8,9,1,0,4,4,-1,3,2,0,2,2,-1,-2,3,-4,0,-2,-1,-1,-1,-1,5,-1
KR_6733939932,420,-2,-48,-8,-7,-2,3,1,0,3,3,-1,6,5,-3,3,0,-1,3,2,0,-2,11,6,-9,3,-9,0,-1,1,0,-1,-1,2,-1
KR_6561677066,420,2,-3,-4,7,5,0,5,0,2,2,-1,4,3,2,1,3,1,0,1,0,-1,-43,1,-6,5,15,0,0,1,-1,-1,1,2,-1
KR_6736786264,420,-2,24,-4,-2,2,0,2,1,2,3,1,3,4,1,1,2,-7,8,1,0,6,76,1,-5,4,3,0,0,-1,0,0,-1,4,-1
KR_6743625930,420,-5,-109,-33,-17,-5,5,0,-3,5,2,-7,8,1,-2,3,1,0,0,0,0,-8,26,-4,-3,7,-2,0,-1,-1,-1,-1,-1,4,-1
KR_6681172825,420,0,-1,12,-3,-4,6,2,1,0,1,5,0,5,-4,5,1,-1,2,1,0,-2,-3,0,-2,2,1,0,-2,1,-1,-1,-1,3,-1
KR_6710448557,420,-1,-22,-4,-6,-4,4,0,2,0,2,-2,5,3,-2,6,4,0,1,1,2,-3,-6,-1,-5,6,1,0,1,1,1,1,1,2,-1
KR_6753303270,420,6,93,29,8,1,1,2,-2,4,2,5,2,7,0,3,3,4,1,5,0,-1,-11,0,-7,7,6,0,1,1,1,1,1,1,-1
KR_6714736370,420,-2,25,-4,-6,-2,3,1,0,2,2,-3,4,1,-3,3,0,2,1,3,0,-7,42,3,-4,1,-18,0,0,-1,0,0,1,2,-1
KR_6761126584,420,-2,-16,12,-3,0,2,2,-3,5,2,0,2,2,0,3,3,0,1,1,0,-4,3,-2,-4,6,-2,0,-3,1,-1,-1,-1,3,-1
KR_6579261123,420,2,0,5,5,-3,4,1,-3,5,2,2,0,2,1,1,2,8,1,9,1,2,34,2,-6,4,1,0,0,1,-1,0,1,6,-1
KR_6748849102,420,-2,-45,6,-6,-2,2,0,-5,5,0,3,3,6,-1,4,3,-1,1,0,0,-9,3,-2,-4,6,-6,0,0,-1,-1,0,1,2,-1
KR_6760004340,420,-4,-93,-24,-17,-4,5,1,1,1,2,-6,8,2,-3,6,3,-5,6,1,0,-3,-5,-1,-2,3,-1,0,-2,-1,1,-1,-1,3,-1
KR_6751196801,440,3,26,-20,8,3,0,3,-1,2,1,4,2,6,3,1,4,-1,3,2,-1,4,-12,1,-6,5,5,0,0,-1,1,0,-1,2,-1
KR_6758431080,420,-4,-112,9,0,-2,2,0,3,2,5,-4,4,0,1,3,4,2,0,2,-1,3,-31,0,-8,8,25,0,-1,1,-1,-1,-1,2,-1
KR_6697167369,420,-2,-45,15,-9,0,3,3,1,0,1,-6,6,0,-3,4,1,-1,1,0,0,-6,18,-1,-5,6,5,0,0,-1,1,-1,-1,2,-1
KR_6746236508,420,1,-47,40,-1,-2,2,0,-1,3,2,1,0,1,1,1,2,0,1,1,0,3,-87,-2,-4,6,-19,0,0,1,-1,0,-1,6,-1
KR_6700249075,420,-6,-97,-25,-8,2,0,2,-6,6,0,-2,2,0,-2,2,0,0,0,0,0,-10,31,2,-7,5,-5,0,-3,-1,1,-1,-1,5,-1
KR_6744605544,420,-2,-60,-7,-5,-1,2,1,-2,5,3,-1,4,3,-3,6,3,2,0,2,0,-3,46,-1,-5,6,-1,0,-1,-1,-1,-1,-1,1,-1
KR_6682077245,420,-1,-47,-20,-5,-2,2,0,-1,2,1,-1,1,0,3,1,4,-4,4,0,1,1,26,4,-7,3,-3,0,0,-1,1,0,1,3,-1
KR_6674650276,420,-2,-45,16,-11,3,2,5,-6,7,1,-5,5,0,-1,6,5,-2,3,1,-1,-11,-6,-2,-2,4,3,0,-1,-1,-1,-1,-1,6,-1
KR_6670791045,420,-2,50,8,-2,-3,5,2,-1,5,4,-2,3,1,2,2,4,2,1,3,0,7,2,2,-8,6,2,0,0,1,-1,1,-1,4,-1
KR_6761678188,420,-1,-21,3,-3,0,2,2,0,2,2,-2,2,0,-3,5,2,2,1,3,0,-3,0,-3,-5,8,-2,0,0,-1,0,0,1,6,-1
KR_6761089158,420,-3,38,10,-3,-2,4,2,2,1,3,0,1,1,-2,2,0,-1,1,0,-1,-5,-124,-1,-4,5,6,0,0,-1,1,0,-1,5,-1
KR_6606469716,420,-2,25,33,-8,1,1,2,-4,5,1,-3,4,1,-1,2,1,-1,1,0,0,-10,3,2,-3,1,-3,0,2,1,1,1,-1,3,-1
KR_6693002552,420,-5,-78,-4,-9,0,2,2,-2,4,2,-3,5,2,-6,7,1,2,0,2,0,-15,2,3,-4,1,0,0,0,-1,-1,-1,-1,2,-1
KR_6013992553,420,1,84,20,-1,-3,3,0,3,3,6,-5,8,3,2,1,3,2,1,3,1,1,-168,-2,-5,7,3,0,2,1,1,1,1,3,-1
KR_6757882094,440,-2,-41,-20,-8,-1,3,2,0,0,0,-2,2,0,-2,2,0,-3,3,0,0,-7,-40,3,-4,1,18,0,-1,-1,1,-1,-1,3,-1
KR_6727912612,440,-7,-52,-34,-6,-2,5,3,-5,5,0,1,2,3,0,2,2,0,4,4,2,0,-9,0,-3,3,1,0,-2,0,-1,-1,1,0,-1
KR_6748723152,420,-1,-69,-20,-7,0,0,0,-6,6,0,-1,3,2,-2,3,1,2,0,2,0,-4,27,-1,-4,5,-26,0,0,1,0,0,1,4,-1
KR_6736246813,420,-2,-18,-4,2,-3,4,1,1,2,3,3,1,4,0,3,3,1,1,2,0,4,-6,4,-5,1,-3,0,-1,-1,-1,-1,1,4,-1
KR_6521762015,420,-5,-38,7,-11,-2,2,0,-5,5,0,0,1,1,-3,4,1,-1,3,2,-1,-14,-384,-3,-3,6,-2,0,0,-1,-1,0,-1,3,-1
KR_6729715952,420,1,-38,-8,2,4,0,4,1,3,4,-3,4,1,1,3,4,-1,1,0,-1,2,21,5,-8,3,-3,0,-1,0,0,-1,-1,0,-1
KR_6749226834,420,1,-52,-2,2,-1,6,5,1,1,2,2,1,3,-2,4,2,2,2,4,0,5,5,4,-5,1,-5,0,0,0,-1,0,1,0,-1
KR_6761924127,440,-4,-29,-19,1,4,1,5,-2,4,2,0,1,1,-3,13,10,2,1,3,2,-1,-2,-3,-3,6,4,0,0,1,1,1,1,4,-1
KR_6475161273,440,3,31,5,8,6,0,6,1,0,1,-6,9,3,1,0,1,6,0,6,-1,4,0,-1,-4,5,3,0,0,-1,-1,0,-1,5,-1
KR_6763537567,420,5,47,0,4,6,0,6,-3,6,3,-2,3,1,-3,3,0,6,0,6,0,0,1,-1,-3,4,-1,0,1,0,1,1,1,0,-1
KR_6754955827,420,-6,-83,-45,-17,-3,6,3,1,2,3,-5,8,3,-6,7,1,-4,4,0,-4,-13,-27,0,-3,3,-1,0,-1,-1,-1,-1,-1,4,-1
KR_6671463639,420,1,-33,4,2,-2,2,0,7,3,10,-1,6,5,-1,2,1,-1,2,1,-1,3,39,1,-4,3,0,0,-1,0,-1,-1,-1,0,-1
KR_6726643114,420,0,-7,27,-4,1,0,1,1,3,4,-3,5,2,-2,4,2,-1,3,2,-1,-8,123,-2,-3,5,-3,0,0,-1,1,0,-1,4,-1
KR_6471179540,420,-4,-61,-27,-11,-3,5,2,-5,5,0,-2,2,0,-1,3,2,0,3,3,-2,-17,-1,-2,-1,3,-1,0,-4,-1,-1,-1,-1,1,-1
KR_6757645296,420,-1,-30,5,-3,1,0,1,-1,3,2,-2,2,0,-3,3,0,2,0,2,0,-5,1,0,-3,3,0,0,0,-1,1,-1,1,6,-1
KR_6757129523,420,3,61,4,2,0,3,3,1,2,3,0,1,1,1,2,3,0,3,3,0,2,-18,-1,-3,4,5,0,1,0,-1,1,-1,0,-1
KR_6634245992,420,0,-28,-28,3,-1,2,1,2,0,2,2,1,3,-1,1,0,1,1,2,0,-4,2,2,-7,5,0,0,0,-1,1,0,1,4,-1
KR_6722505276,420,1,72,-20,-6,2,1,3,-13,14,1,1,1,2,4,0,4,0,0,0,0,-12,4,-1,-4,5,3,0,0,0,-1,0,1,0,-1
KR_6742074283,420,-3,4,-8,-5,1,1,2,-1,3,2,1,1,2,-5,7,2,-1,2,1,-3,-17,-10,-4,-3,7,2,0,0,1,1,-1,-1,5,-1
KR_6758313044,420,-2,-24,-8,-9,-2,4,2,1,0,1,-1,2,1,-5,5,0,-2,3,1,-1,-10,-8,-2,-2,4,-3,0,-1,-1,-1,-1,-1,6,-1
KR_6733646161,420,1,-2,10,2,0,1,1,-3,5,2,4,2,6,-1,2,1,2,0,2,0,-2,-1,3,-6,3,1,0,1,-1,1,1,-1,2,-1
KR_6722258552,420,-4,-93,-20,-7,-1,4,3,1,2,3,-3,4,1,-3,4,1,-1,3,2,0,-9,8,2,-4,2,-1,0,-2,-1,-1,-1,-1,4,-1
KR_6677035578,420,-1,5,-1,0,0,0,0,-1,1,0,-1,2,1,2,2,4,0,2,2,0,1,-33,-2,-2,4,3,0,0,1,-1,0,1,3,-1
KR_6739300335,420,-1,-75,-43,0,2,1,3,-1,3,2,1,1,2,-2,3,1,0,0,0,0,-4,7,1,-7,6,-10,0,0,-1,1,0,1,3,-1
KR_6569854307,420,-2,1,-16,1,6,0,6,1,3,4,-3,4,1,-1,3,2,-2,2,0,0,-2,3,3,-6,3,-2,0,1,-1,1,-1,1,6,-1
KR_6538792648,420,-2,49,-32,-2,5,0,5,-6,6,0,1,1,2,3,1,4,-5,5,0,0,-6,9,4,-5,1,-3,0,1,1,-1,1,1,6,-1
KR_6733775817,420,-8,-139,-12,-18,-6,7,1,-5,6,1,-5,5,0,-1,4,3,-1,2,1,0,-16,-15,-5,-2,7,-1,0,-4,-1,-1,-1,-1,4,-1
KR_6583983569,420,0,17,12,-8,3,0,3,-3,5,2,3,0,3,-11,12,1,0,2,2,-2,-19,41,0,-4,4,-26,0,2,-1,1,1,-1,3,-1
KR_6696721946,420,-3,-79,-24,0,-5,6,1,0,5,5,1,0,1,2,1,3,2,0,2,-1,3,33,-1,-3,4,-3,0,-4,-1,-1,-1,-1,4,-1
KR_6666694739,420,-2,25,-5,-6,1,1,2,-4,4,0,2,0,2,-5,5,0,0,0,0,0,-8,-77,0,-2,2,3,0,0,0,-1,0,1,0,-1
KR_6761188359,420,2,35,8,4,1,1,2,3,3,6,-1,3,2,1,4,5,0,4,4,0,1,-3,-1,-3,4,-3,0,0,1,1,0,-1,6,-1
KR_6757715702,420,4,22,-8,5,0,3,3,2,5,7,0,3,3,1,4,5,2,0,2,1,9,20,0,-3,3,3,0,1,0,-1,1,1,0,-1
KR_6727006101,440,0,18,-23,2,-5,7,2,4,3,7,0,2,2,4,2,6,-1,1,0,1,5,-10,-1,-4,5,5,0,-1,0,0,-1,1,0,-1
KR_6689874563,420,-1,-23,-15,-2,5,1,6,-2,2,0,0,2,2,-2,6,4,-3,3,0,0,-3,-5,0,-6,6,4,0,-1,1,-1,-1,-1,2,-1
KR_6413510121,420,-2,-63,-12,-4,-5,7,2,6,3,9,-3,5,2,-1,1,0,-1,1,0,-2,1,5,-3,-6,9,0,0,-1,-1,1,-1,-1,1,-1
KR_6624531168,420,-2,-20,-8,-1,-1,1,0,-5,6,1,2,1,3,2,3,5,1,1,2,0,-3,-9,-4,-4,8,6,0,-1,-1,-1,-1,1,6,-1
KR_6687279905,420,-3,-21,-25,0,2,0,2,1,3,4,-1,3,2,-1,2,1,-1,1,0,0,-7,-15,-3,-4,7,-2,0,-1,-1,-1,-1,1,1,-1
KR_6756591263,420,1,2,8,-2,-2,3,1,2,2,4,-3,4,1,0,4,4,1,0,1,0,5,8,3,-7,4,1,0,0,0,1,0,1,0,-1
KR_6760591381,440,-1,26,-8,-6,2,0,2,-2,2,0,5,1,6,-7,9,2,-4,5,1,-1,-1,-7,-2,-5,7,0,0,-1,-1,-1,-1,-1,2,-1
KR_6709921195,420,0,-132,1,1,-1,1,0,1,3,4,2,0,2,1,3,4,-2,2,0,0,2,-29,0,-4,4,0,0,-1,-1,1,-1,-1,1,-1
KR_6748433811,420,-1,-57,-6,4,-7,8,1,4,1,5,0,3,3,6,2,8,1,0,1,2,8,-259,1,-6,5,1,0,-1,-1,1,-1,1,5,-1
KR_6760476810,420,-2,-40,4,-6,-3,3,0,0,2,2,2,4,6,-3,3,0,-2,2,0,0,-3,2,-1,-2,3,-3,0,0,-1,-1,0,-1,3,-1
KR_6658228762,420,-2,4,23,-3,-2,2,0,-2,3,1,-3,4,1,2,1,3,2,4,6,1,2,0,-2,-5,7,-8,0,-1,1,1,1,1,1,-1
KR_6758415895,420,1,-53,12,0,0,1,1,3,1,4,-4,6,2,3,3,6,-2,2,0,0,-6,8,0,-6,6,3,0,0,-1,1,-1,-1,4,-1
KR_6753614485,420,0,-76,20,-5,-2,3,1,-5,5,0,0,1,1,4,1,5,-2,4,2,-1,-2,4,2,-5,3,-2,0,-1,1,0,-1,-1,1,-1
KR_6695041484,420,-1,-23,6,-5,-1,1,0,-1,4,3,-3,4,1,-2,3,1,2,1,3,1,-5,13,-2,-2,4,0,0,-1,-1,-1,-1,1,6,-1
KR_6762426459,420,1,-1,-20,-4,7,2,9,-1,1,0,0,1,1,-8,10,2,-2,3,1,0,-14,-7,-4,0,4,2,0,-2,-1,-1,-1,-1,6,-1
KR_6664693833,420,2,34,-12,-2,-1,2,1,-4,8,4,0,2,2,2,1,3,1,0,1,-1,-2,5,3,-7,4,-6,0,0,1,0,1,-1,4,-1
KR_6730534398,420,-4,-23,-3,-7,-1,2,1,-3,5,2,-2,4,2,1,1,2,-2,2,0,0,-12,-58,0,-5,5,-2,0,-2,1,-1,-1,-1,6,-1
KR_6689281369,420,-8,-129,-44,-11,-1,2,1,-7,7,0,-1,1,0,-1,2,1,-1,1,0,0,-13,-41,-3,-2,5,-5,0,-4,-1,-1,-1,-1,1,-1
KR_6629460757,420,2,60,32,-1,-3,6,3,0,2,2,-1,3,2,4,1,5,-1,1,0,-4,-5,-3,0,-6,6,0,0,-1,0,-1,-1,-1,0,-1
KR_6740469275,420,0,-47,4,-5,-1,1,0,-6,8,2,7,2,9,-5,5,0,0,0,0,-1,-2,-8,-8,-2,10,2,0,-2,-1,-1,-1,-1,2,-1
KR_6692082364,420,-1,-14,-12,2,-2,4,2,4,1,5,-1,1,0,0,3,3,1,2,3,0,7,2,9,-12,3,-3,0,-1,-1,1,1,1,4,-1
KR_6606703959,420,-3,-73,-5,0,2,3,5,8,0,8,-2,3,1,-1,3,2,-7,7,0,0,-2,-11,4,-8,4,-6,0,-2,1,0,-1,1,1,-1
KR_6435969858,420,-2,11,-23,-7,-2,2,0,-1,7,6,-3,5,2,-1,6,5,0,1,1,-2,-12,5,-7,-8,15,-1,0,1,-1,1,1,-1,1,-1
KR_6733706974,420,-4,-68,-16,-6,2,3,5,2,2,4,-3,5,2,1,2,3,-8,8,0,0,1,-2,2,-4,2,-4,0,-1,-1,1,1,-1,2,-1
KR_6744137057,440,-1,-37,25,-4,-1,1,0,2,1,3,-2,2,0,-2,4,2,-1,1,0,0,-1,-9,-2,-5,7,-4,0,-1,-1,1,-1,-1,5,-1
KR_6683511714,420,4,15,23,5,-3,4,1,5,4,9,2,2,4,-1,2,1,2,0,2,0,0,-13,-3,-2,5,1,0,1,-1,1,1,1,3,-1
KR_6644578561,420,1,-16,8,2,3,0,3,3,1,4,1,2,3,-4,4,0,-1,2,1,0,-1,-174,-1,-5,6,0,0,-1,-1,-1,-1,1,5,-1
KR_6669325511,420,5,42,36,10,1,2,3,6,3,9,3,1,4,0,3,3,0,1,1,0,6,0,-5,-4,9,5,0,0,1,-1,1,1,6,-1
KR_6758151718,420,-4,-17,-28,-14,0,0,0,-3,3,0,-11,11,0,-1,5,4,1,2,3,-1,-4,-27,0,-5,5,0,0,-1,1,-1,-1,-1,2,-1
KR_6754473014,420,3,51,28,9,2,1,3,1,3,4,4,3,7,3,1,4,-1,1,0,0,11,-5,7,-9,2,-1,0,1,1,1,1,-1,4,-1
KR_6730480350,420,-5,-75,-14,-20,-2,2,0,-4,6,2,0,0,0,-10,11,1,-4,5,1,0,-17,3,1,-7,6,-8,0,-2,-1,-1,-1,-1,2,-1
KR_6710155919,440,-3,6,-18,-8,-1,3,2,0,2,2,-5,7,2,-2,7,5,0,1,1,0,-17,27,2,-6,4,-6,0,0,-1,1,1,1,1,-1
KR_6680186803,420,-3,-110,-5,-12,-10,10,0,0,2,2,1,2,3,-6,8,2,3,2,5,-1,-9,42,2,-5,3,-30,0,-3,-1,-1,-1,-1,6,-1
KR_6762244757,420,0,-28,-24,4,1,0,1,0,2,2,2,3,5,-2,4,2,3,0,3,0,5,31,-2,-2,4,4,0,-1,-1,1,-1,1,6,-1
KR_6708310039,420,3,41,0,6,-1,1,0,5,2,7,0,0,0,1,1,2,1,0,1,0,8,27,0,-6,6,0,0,0,1,1,0,1,6,-1
KR_6736540805,420,-5,27,-4,-13,0,1,1,-1,3,2,-7,9,2,-1,2,1,-4,4,0,0,-15,13,-2,-3,5,1,0,0,-1,-1,0,-1,1,-1
KR_6760497698,440,-7,-41,-28,-10,-2,3,1,-3,3,0,-4,7,3,0,3,3,-1,3,2,-1,-18,-3,0,-4,4,-2,0,0,1,1,-1,-1,1,-1
KR_6764271256,420,-2,22,-28,-7,-5,6,1,-2,4,2,-4,5,1,6,0,6,-2,3,1,-1,0,-2,1,-3,2,6,0,-1,1,-1,-1,-1,1,-1
KR_6659966974,420,1,-10,27,5,2,2,4,-1,4,3,2,2,4,0,2,2,2,0,2,0,1,-12,-5,-2,7,0,0,1,1,-1,1,-1,6,-1
KR_6670315121,420,1,68,-4,0,2,0,2,-3,6,3,-2,2,0,3,2,5,0,3,3,0,1,9,2,-8,6,-3,0,1,-1,1,1,1,2,-1
KR_6763542846,440,-3,-55,-33,-6,-2,3,1,-4,4,0,-8,9,1,8,1,9,0,3,3,0,-1,10,-4,-2,6,1,0,0,-1,0,1,-1,2,-1
KR_6669905325,420,-4,-12,-23,-6,-3,6,3,0,3,3,0,2,2,-1,2,1,-2,2,0,0,-2,-16,3,-6,3,5,0,0,-1,1,1,1,5,-1
KR_6763317350,420,1,-12,-8,3,4,0,4,-1,1,0,2,0,2,0,1,1,-2,2,0,0,-3,-2,6,-8,2,-2,0,0,-1,1,1,1,3,-1
KR_6740798984,420,0,15,-1,8,-3,3,0,0,1,1,0,1,1,1,3,4,10,0,10,0,9,19,3,-6,3,-2,0,0,1,0,1,1,3,-1
KR_6706471175,420,-3,-59,-17,-5,2,1,3,1,1,2,-2,3,1,-5,5,0,-1,2,1,0,-5,-6,-3,-4,7,-1,0,-1,-1,0,-1,-1,6,-1
KR_6744226383,420,0,-39,-14,-8,1,1,2,-8,8,0,1,4,5,-3,5,2,1,1,2,0,-4,-4,0,-6,6,-2,0,-2,-1,-1,-1,-1,6,-1
KR_6753728487,420,0,-3,-12,2,-3,4,1,1,2,3,1,1,2,1,3,4,2,0,2,-1,9,7,-1,-2,3,-1,0,0,-1,-1,-1,-1,5,-1
KR_6696595539,420,-3,-48,-10,-7,-2,3,1,0,1,1,5,0,5,-10,11,1,0,1,1,0,-7,-11,-5,0,5,2,0,-2,-1,-1,-1,-1,3,-1
KR_6717673167,420,-2,-15,-14,-4,2,0,2,-5,5,0,4,0,4,-1,4,3,-4,4,0,0,-8,72,5,-6,1,-3,0,1,-1,1,-1,-1,3,-1
KR_6689721772,440,-1,-16,-2,-5,-1,5,4,3,1,4,-3,4,1,-2,6,4,-2,2,0,0,-9,-19,0,-8,8,-2,0,-1,-1,0,-1,-1,4,-1
KR_6621594669,420,-3,-16,12,-13,-6,6,0,-7,8,1,0,2,2,0,3,3,0,3,3,0,-6,17,-3,-5,8,1,0,0,1,1,1,-1,2,-1
KR_6694660108,420,0,-24,-8,-2,-2,2,0,-1,6,5,-2,2,0,4,0,4,-1,1,0,0,1,4,-3,-2,5,-1,0,0,1,-1,0,1,4,-1
KR_6649427277,420,0,-24,13,3,-2,4,2,0,2,2,-2,5,3,3,0,3,4,0,4,0,2,-5,7,-8,1,2,0,1,-1,1,-1,-1,2,-1
KR_6761862022,440,-2,11,-44,0,-7,8,1,1,1,2,1,2,3,6,3,9,-1,2,1,1,-1,-28,-4,-2,6,-1,0,1,-1,0,1,1,4,-1
KR_6688126119,420,1,20,-11,6,2,2,4,-2,2,0,0,5,5,5,2,7,1,0,1,0,10,19,0,-8,8,3,0,0,-1,-1,1,1,5,-1
KR_6759316792,420,-2,10,-13,0,-2,2,0,0,3,3,-1,4,3,2,0,2,1,2,3,0,0,9,4,-9,5,-3,0,0,1,1,0,1,2,-1
KR_6755679925,440,-4,-61,-68,-7,1,0,1,-7,8,1,0,1,1,0,0,0,-1,5,4,0,-2,11,-2,-3,5,-7,0,0,-1,-1,-1,-1,1,-1
KR_6636264105,420,1,-30,-18,-1,-3,3,0,2,0,2,-1,1,0,-2,4,2,3,0,3,0,3,6,3,-5,2,0,0,0,1,-1,0,-1,6,-1
KR_6764387422,420,-2,31,-16,-7,0,0,0,-2,4,2,-3,4,1,-1,2,1,-1,1,0,0,-3,-131,-4,-3,7,1,0,0,-1,-1,0,1,4,-1
KR_6753652282,420,-6,22,-19,-17,-6,7,1,-8,8,0,-1,3,2,-3,4,1,1,2,3,0,-12,-6,-6,-2,8,-4,0,0,0,-1,0,1,0,-1
KR_6749259002,420,-2,-61,8,-3,-3,4,1,-2,4,2,0,2,2,1,1,2,1,1,2,0,1,-2,-2,-4,6,0,0,-1,0,1,-1,-1,0,-1
KR_6719639295,420,1,-9,24,7,2,2,4,-1,4,3,0,1,1,4,1,5,2,1,3,0,11,-6,0,-5,5,3,0,0,-1,-1,0,1,1,-1
KR_6706723058,420,-5,-39,-32,-14,-7,7,0,1,2,3,1,1,2,-6,7,1,-3,3,0,0,-8,2,-1,-5,6,-3,0,-1,1,-1,-1,1,4,-1
KR_6655027065,420,-5,-61,-14,-8,-1,3,2,-3,4,1,-2,2,0,0,2,2,-2,2,0,0,-5,1,3,-5,2,-1,0,0,0,1,-1,1,0,-1
KR_6737404888,420,0,34,-1,-1,-2,3,1,0,5,5,0,1,1,1,2,3,0,0,0,0,-4,-127,-3,-2,5,4,0,0,-1,-1,-1,-1,3,-1
KR_6635399759,420,1,-108,-13,-1,4,1,5,1,2,3,-5,5,0,0,0,0,-1,2,1,0,-3,21,-6,-5,11,0,0,-1,1,-1,-1,1,1,-1
KR_6729389974,440,1,15,16,7,1,1,2,-2,4,2,-1,3,2,4,7,11,5,1,6,2,9,3,-4,-4,8,1,0,0,1,-1,1,1,1,-1
KR_6759901726,420,2,45,44,4,7,1,8,1,2,3,-3,3,0,0,4,4,-1,2,1,2,-2,156,-1,-4,5,2,0,0,-1,-1,0,1,5,-1
KR_6762917044,440,-6,-62,-28,-12,-3,3,0,-1,2,1,-2,3,1,1,3,4,-7,7,0,0,-7,-53,-4,-1,5,30,0,-4,-1,-1,-1,-1,1,-1
KR_6733279185,420,2,14,-7,3,3,0,3,3,3,6,0,3,3,-3,3,0,0,0,0,0,-1,-4,0,-4,4,1,0,-1,0,-1,-1,1,0,-1
KR_6539422178,440,-1,-118,0,1,2,2,4,2,1,3,-5,7,2,1,4,5,1,0,1,-1,-2,-3,-1,-2,3,2,0,0,0,1,0,-1,0,-1
KR_6760381469,420,-3,-48,-1,-10,1,1,2,-2,6,4,2,4,6,-12,14,2,1,2,3,-2,-14,1,0,-3,3,1,0,1,-1,1,-1,-1,1,-1
KR_6741091034,420,-1,25,-17,0,-1,2,1,1,1,2,2,2,4,-2,2,0,0,2,2,1,-5,-7,-2,-3,5,0,0,-1,1,0,-1,1,4,-1
KR_6730724361,420,0,-98,12,0,-3,3,0,3,2,5,-1,1,0,0,4,4,1,1,2,-1,3,-33,5,-11,6,26,0,-1,1,1,-1,-1,4,-1
KR_6760874955,420,1,54,30,1,0,0,0,0,0,0,-1,1,0,-1,3,2,3,1,4,0,2,-169,-1,-2,3,0,0,0,-1,-1,-1,1,5,-1
KR_6756557222,440,-10,-144,-59,-12,-7,7,0,-3,3,0,1,1,2,-2,3,1,-1,2,1,-1,-10,-33,0,-2,2,2,0,-4,-1,-1,-1,-1,1,-1
KR_6703704848,420,1,3,34,1,-2,3,1,-2,3,1,2,1,3,2,1,3,1,0,1,0,-3,-50,5,-9,4,32,0,-1,1,-1,-1,1,2,-1
KR_6699576263,420,-4,-43,-18,-5,-4,6,2,3,1,4,-1,3,2,-3,4,1,0,0,0,0,-3,-4,-2,-5,7,0,0,-1,-1,-1,-1,1,5,-1
KR_6721706294,420,-3,-41,-16,-1,-1,1,0,-2,3,1,-4,5,1,6,0,6,0,0,0,0,-3,169,3,-8,5,-3,0,0,-1,-1,0,-1,3,-1
KR_6761580368,420,-5,24,-33,-11,-5,5,0,0,3,3,-1,6,5,-4,4,0,-1,1,0,0,-12,-117,0,-6,6,1,0,-2,-1,-1,-1,-1,3,-1
KR_6737953134,420,-3,-54,-38,-7,-1,2,1,2,3,5,-4,7,3,1,2,3,-5,7,2,0,3,-17,6,-8,2,-1,0,-2,-1,0,-1,-1,5,-1
KR_6724819787,420,-11,-58,17,-2,0,1,1,-2,2,0,-7,7,0,6,0,6,1,0,1,0,-7,0,2,-4,2,-1,0,-2,-1,1,-1,1,2,-1
KR_6761198138,420,-2,-134,-25,-4,-5,5,0,3,2,5,-2,4,2,2,0,2,-2,2,0,0,8,291,0,-6,6,5,0,-1,1,0,-1,-1,2,-1
KR_6761594299,420,-2,-9,5,4,2,0,2,-1,2,1,0,2,2,2,0,2,1,0,1,0,2,9,6,-8,2,-2,0,0,1,0,0,1,1,-1
KR_6731826003,420,0,3,-4,-1,-3,3,0,5,1,6,-1,2,1,0,1,1,-2,2,0,0,-4,1,-6,-3,9,3,0,0,1,1,0,1,6,-1
KR_6649868915,420,1,-1,18,3,-3,3,0,0,1,1,4,1,5,1,0,1,1,0,1,0,-1,4,3,-8,5,-4,0,0,1,1,1,1,4,-1
KR_6736334617,420,-1,-52,15,-5,-1,2,1,2,1,3,1,0,1,-5,6,1,-2,3,1,0,-7,-1,-3,-2,5,1,0,-1,1,-1,-1,-1,3,-1
KR_6556508882,420,-2,17,-6,-3,0,1,1,-2,6,4,-2,4,2,1,2,3,0,1,1,0,2,-63,3,-6,3,-3,0,0,1,-1,0,1,1,-1
KR_6747973829,420,0,-23,-7,0,5,0,5,1,0,1,1,1,2,-7,7,0,0,1,1,0,0,4,0,-3,3,-1,0,-3,1,1,-1,-1,3,-1
KR_6733449809,420,-3,-68,15,-4,-3,3,0,1,2,3,-1,4,3,-1,5,4,0,2,2,0,0,-20,-11,-3,14,-7,0,0,-1,1,-1,-1,3,-1
KR_6661338727,420,-2,-110,4,-16,-16,16,0,3,0,3,-1,3,2,-1,2,1,-1,3,2,0,2,-5,-1,-1,2,-3,0,-4,-1,-1,-1,-1,1,-1
KR_6731727518,420,4,-10,14,2,-1,2,1,-1,4,3,7,3,10,-3,4,1,0,1,1,0,1,224,-5,-4,9,3,0,0,-1,1,-1,1,1,-1
KR_6731391225,420,2,11,16,-2,3,1,4,2,2,4,0,5,5,-5,5,0,-2,4,2,0,2,1,1,-4,3,-2,0,0,1,1,-1,-1,3,-1
KR_6694547228,420,-3,-39,-23,-4,-1,3,2,-4,6,2,2,1,3,2,1,3,-3,5,2,0,-8,-12,0,-3,3,0,0,-2,0,0,-1,-1,0,-1
KR_6757542400,420,-2,-4,27,1,-4,4,0,5,1,6,-1,2,1,0,2,2,1,0,1,0,5,48,0,-1,1,-15,0,0,1,0,0,1,1,-1
KR_6759457401,420,-1,14,12,-1,-2,2,0,-2,3,1,-1,4,3,1,1,2,3,1,4,0,3,16,1,-7,6,-5,0,-1,1,-1,-1,-1,1,-1
KR_6764600596,420,0,1,-12,-2,-4,6,2,1,2,3,1,1,2,2,3,5,-2,4,2,1,-1,-3,-2,-3,5,5,0,0,-1,1,0,1,6,-1
KR_6760890614,420,-3,28,-4,-3,-3,4,1,0,2,2,2,0,2,-3,4,1,1,0,1,0,0,44,5,-8,3,-22,0,-1,-1,-1,-1,1,3,-1
KR_6294228027,440,5,56,4,12,1,3,4,-3,3,0,5,0,5,3,2,5,6,2,8,0,20,18,0,-7,7,-2,0,0,0,1,0,-1,0,-1
KR_6687157255,420,-2,-45,-24,-2,-4,5,1,3,5,8,4,1,5,-5,8,3,0,0,0,0,17,21,1,-3,2,-4,0,-1,1,-1,-1,-1,2,-1
KR_6754402124,440,-2,-35,0,-10,0,1,1,1,1,2,-9,9,0,-1,3,2,-1,1,0,0,-10,-6,-5,0,5,3,0,-1,-1,1,-1,-1,3,-1
KR_6650615868,420,-2,-86,-5,-5,-1,1,0,4,5,9,-2,2,0,-6,9,3,0,2,2,0,3,204,2,-6,4,-20,0,0,1,1,1,1,1,-1
KR_6761685509,420,0,79,8,5,3,1,4,-1,5,4,-1,4,3,3,2,5,1,1,2,0,1,2,-1,-2,3,6,0,1,1,0,1,1,1,-1
KR_6672584601,420,-2,-57,-5,-10,-5,5,0,-7,8,1,-2,3,1,1,0,1,3,0,3,0,-8,-9,-1,-4,5,-1,0,-2,1,-1,-1,1,4,-1
KR_6703583094,420,-6,-71,-32,-23,-6,7,1,-5,5,0,-1,1,0,-4,7,3,-7,7,0,-2,-24,3,-2,-2,4,0,0,-2,-1,0,-1,-1,3,-1
KR_6685717713,420,-6,-75,-17,-21,-3,4,1,-5,7,2,1,1,2,-8,10,2,-6,8,2,-1,-14,3,-1,-4,5,-5,0,-3,-1,1,-1,-1,2,-1
KR_6745612194,420,-2,-36,-22,-8,3,0,3,-9,9,0,-1,2,1,-2,7,5,1,1,2,1,-10,-15,5,-10,5,0,0,-1,-1,-1,-1,1,1,-1
KR_6752295617,420,-4,-36,1,-9,0,0,0,-1,1,0,-6,7,1,-1,7,6,-1,2,1,0,-13,-12,3,-9,6,-2,0,0,-1,1,-1,-1,1,-1
KR_6739585687,440,2,60,4,6,1,1,2,1,3,4,3,1,4,-1,1,0,2,3,5,0,7,21,6,-10,4,-5,0,1,-1,-1,1,1,5,-1
KR_6455406531,420,0,47,0,2,3,3,6,-1,7,6,1,1,2,2,1,3,-3,4,1,3,3,-2,1,-6,5,1,0,0,1,-1,0,1,3,-1
KR_6667615233,420,2,-16,-4,0,-1,1,0,-1,3,2,1,5,6,1,1,2,0,1,1,0,4,9,4,-8,4,-4,0,1,1,1,1,1,5,-1
KR_6757786291,420,2,42,8,-1,-1,2,1,-2,3,1,1,1,2,3,1,4,-2,3,1,0,-9,2,1,-5,4,0,0,0,1,-1,0,-1,3,-1
KR_6719319314,420,-4,3,-24,-8,2,0,2,1,4,5,-6,7,1,-6,9,3,1,0,1,0,-4,159,2,-3,1,4,0,1,1,1,-1,-1,1,-1
KR_6760589116,420,-2,-127,-4,1,0,4,4,-1,4,3,-2,4,2,2,2,4,2,0,2,1,3,-245,-1,-6,7,2,0,0,-1,-1,-1,1,4,-1
KR_6741100369,420,-2,-6,-44,-4,-3,3,0,-3,4,1,0,0,0,1,0,1,1,1,2,0,-1,-7,2,-8,6,-2,0,-1,0,-1,-1,-1,0,-1
KR_6737519379,420,-2,-20,-16,-6,-1,2,1,-2,5,3,0,3,3,-2,5,3,-1,2,1,0,-12,-9,-1,-7,8,0,0,0,-1,0,0,-1,1,-1
KR_6662111240,420,-3,-85,7,-18,-3,5,2,1,3,4,-3,4,1,-11,11,0,-2,3,1,-1,-14,-50,-5,-1,6,14,0,-3,-1,-1,-1,-1,3,-1
KR_6708998186,440,-2,-22,-26,0,-5,5,0,1,0,1,-1,1,0,3,2,5,2,0,2,0,4,4,4,-5,1,1,0,0,1,-1,1,1,5,-1
KR_6741117680,420,-4,-72,-15,-8,2,2,4,-1,2,1,-6,7,1,-2,3,1,-1,3,2,0,-2,-12,-2,-7,9,-2,0,-1,1,-1,-1,-1,5,-1
KR_6746644274,420,2,15,-28,-2,2,0,2,1,6,7,3,0,3,-2,3,1,-6,6,0,0,1,16,-1,-3,4,1,0,-2,1,-1,-1,-1,1,-1
KR_6751931315,440,-2,-29,-28,4,9,7,16,0,1,1,-4,4,0,-1,1,0,0,1,1,0,5,10,6,-10,4,-3,0,0,1,0,1,1,4,-1
KR_6762078385,420,0,15,-5,3,-5,6,1,1,0,1,5,1,6,-1,5,4,3,0,3,0,11,2,3,-4,1,-4,0,-1,1,-1,-1,-1,3,-1
KR_6750891635,420,-4,-65,-33,-3,1,1,2,-6,7,1,1,1,2,1,2,3,0,1,1,0,-8,-6,-3,-5,8,-5,0,0,-1,-1,-1,1,5,-1
KR_6630363806,420,-4,15,-38,-10,-3,5,2,-2,2,0,-3,3,0,-5,8,3,3,0,3,-1,-9,-6,0,-5,5,0,0,-1,-1,0,-1,-1,6,-1
KR_6740539957,420,-6,-99,8,-14,-3,3,0,-11,11,0,3,2,5,-1,1,0,-2,2,0,0,-10,-18,0,-3,3,-1,0,-1,-1,1,-1,-1,3,-1
KR_6760238772,420,-2,31,-48,-3,4,0,4,-2,2,0,-1,3,2,-2,6,4,-2,4,2,0,-6,-3,1,-3,2,-3,0,0,-1,0,-1,1,3,-1
KR_6716225196,420,0,-15,20,-5,1,0,1,-4,6,2,2,2,4,-3,4,1,-1,1,0,0,-2,-1,3,-8,5,2,0,0,-1,1,1,-1,3,-1
KR_6756318272,420,-3,-39,-19,-12,-3,5,2,-3,4,1,-2,4,2,-3,6,3,-1,2,1,1,-11,-2,1,-4,3,-4,0,0,-1,-1,-1,1,4,-1
KR_6757625872,420,-1,8,4,-1,3,4,7,-2,4,2,-4,4,0,1,3,4,1,0,1,-1,-11,-7,2,-5,3,0,0,3,1,1,1,-1,3,-1
KR_6755116756,440,-2,-31,-15,-4,0,0,0,2,0,2,-5,5,0,-1,2,1,0,1,1,0,-3,-9,-2,-2,4,-4,0,-1,-1,-1,-1,1,1,-1
KR_6754203062,420,-2,-39,4,0,0,1,1,-1,3,2,2,1,3,-4,4,0,3,0,3,0,3,9,-4,-3,7,-2,0,0,1,-1,0,1,4,-1
KR_6763593561,420,-3,-72,14,-5,1,1,2,2,3,5,0,1,1,-6,8,2,-2,2,0,0,-12,-15,-1,-2,3,-2,0,-1,-1,0,-1,1,2,-1
KR_6576600866,420,-2,14,-24,-4,5,1,6,-1,3,2,-2,3,1,-5,5,0,-1,2,1,-1,1,-3,-1,-6,7,-1,0,0,-1,-1,0,-1,2,-1
KR_6746112200,420,-1,21,8,-5,-3,4,1,-2,4,2,-1,2,1,1,2,3,0,1,1,0,-4,-3,-4,-1,5,2,0,2,-1,1,1,1,5,-1
KR_6714193139,420,5,41,28,7,2,0,2,5,1,6,0,3,3,-1,5,4,1,0,1,1,7,4,6,-7,1,-2,0,0,1,0,1,1,5,-1
KR_6747329675,420,-1,-18,-16,-3,-3,5,2,-1,1,0,1,4,5,1,3,4,-1,2,1,0,2,-109,-2,-1,3,-2,0,0,1,-1,0,-1,2,-1
KR_6425189763,420,2,44,-5,5,-1,1,0,10,0,10,-1,2,1,-3,7,4,0,1,1,1,10,-80,7,-8,1,4,0,-1,1,-1,-1,-1,1,-1
KR_6408253048,420,-1,0,32,-4,2,3,5,1,1,2,-5,7,2,3,1,4,-5,5,0,1,3,38,2,-7,5,-4,0,2,-1,1,1,1,4,-1
KR_6730290136,440,3,21,24,1,0,2,2,1,2,3,1,0,1,-2,2,0,1,0,1,0,1,0,-1,-3,4,3,0,0,-1,0,1,-1,5,-1
KR_6716482457,440,0,12,-12,-1,1,0,1,1,4,5,-6,8,2,1,1,2,2,0,2,0,-2,14,4,-6,2,0,0,0,-1,1,0,-1,1,-1
KR_6713493692,420,-1,-40,-9,-2,2,0,2,-3,6,3,-3,4,1,2,2,4,0,1,1,1,0,-23,1,-7,6,4,0,-1,1,-1,-1,1,2,-1
KR_6674627283,420,-3,-25,3,-5,1,2,3,0,1,1,0,2,2,-3,3,0,-3,4,1,0,-8,7,3,-8,5,-5,0,-1,-1,-1,1,-1,3,-1
KR_6347565065,420,-1,-30,8,-5,-1,1,0,1,0,1,0,2,2,-5,8,3,0,2,2,0,-6,-140,0,-7,7,6,0,-1,-1,1,-1,-1,1,-1
KR_6617190047,420,-4,-36,-5,-13,-7,8,1,2,3,5,0,3,3,-8,8,0,0,1,1,0,-11,-14,-7,-1,8,3,0,-2,1,-1,-1,-1,3,-1
KR_6707173837,420,-2,-6,-3,-6,-1,2,1,-4,6,2,-1,3,2,1,0,1,-1,2,1,0,-4,22,3,-6,3,-7,0,-2,-1,-1,-1,-1,1,-1
KR_6744304888,420,-1,5,-24,-6,0,2,2,2,2,4,-3,4,1,-3,3,0,-2,3,1,0,-6,3,6,-8,2,1,0,0,1,-1,-1,-1,5,-1
KR_6759954783,420,4,-17,32,4,6,1,7,2,3,5,2,0,2,-6,7,1,0,2,2,1,-6,24,5,-6,1,-5,0,0,-1,1,1,1,4,-1
KR_6733782090,440,0,-75,-3,-1,-4,5,1,2,1,3,-2,2,0,1,1,2,2,0,2,0,0,19,-1,-6,7,-3,0,-1,0,-1,-1,1,0,-1
KR_6761939826,440,2,-34,56,5,0,2,2,0,3,3,3,0,3,2,1,3,0,3,3,0,6,-238,0,-4,4,-6,0,-1,-1,-1,-1,-1,5,-1
KR_6756035943,420,-2,38,-5,-8,-2,2,0,-1,3,2,-1,2,1,-3,5,2,-1,1,0,0,-8,7,-1,-6,7,2,0,0,-1,-1,-1,-1,4,-1
KR_6657832897,420,2,53,23,1,2,1,3,1,6,7,-4,7,3,2,1,3,0,0,0,0,1,2,-2,-6,8,-2,0,0,-1,1,-1,1,3,-1
KR_6711031572,420,2,17,2,1,7,0,7,-5,5,0,1,3,4,0,1,1,-2,2,0,0,-9,-4,-1,-2,3,-1,0,1,1,-1,1,-1,5,-1
KR_6388675030,420,-7,-111,-4,-10,2,3,5,-1,3,2,-6,8,2,-3,3,0,-2,2,0,1,-6,1,0,-5,5,-3,0,0,1,1,1,1,2,-1
KR_6728270058,420,3,-34,13,5,0,4,4,1,1,2,1,2,3,3,3,6,0,1,1,0,7,3,0,-4,4,-1,0,2,1,-1,1,-1,5,-1
KR_6726368702,440,-2,-59,0,-13,-3,4,1,-1,2,1,-8,8,0,1,4,5,-2,2,0,0,-4,-6,-2,-2,4,-2,0,-1,-1,-1,-1,-1,4,-1
KR_6665287061,420,-1,-3,-3,-1,2,0,2,-5,6,1,4,0,4,-2,5,3,0,1,1,0,-5,9,-1,-3,4,1,0,1,-1,1,1,1,4,-1
KR_6568791260,420,0,13,13,6,2,1,3,-3,4,1,0,3,3,5,6,11,2,0,2,0,13,-1,-6,-2,8,4,0,-1,1,-1,-1,-1,2,-1
KR_6751438386,440,-3,-41,4,-9,-5,5,0,1,1,2,0,4,4,-5,5,0,0,3,3,1,-3,10,6,-9,3,-1,0,-1,-1,1,-1,1,6,-1
KR_6652658249,420,1,36,18,3,0,0,0,0,4,4,1,3,4,-3,6,3,5,1,6,0,-2,1,0,-5,5,-1,0,0,-1,1,1,1,3,-1
KR_6746184934,420,2,-2,9,2,2,3,5,2,1,3,-1,2,1,0,1,1,-1,1,0,0,-2,125,-1,-2,3,0,0,0,0,0,0,1,0,-1
KR_6762864290,420,2,38,-11,8,3,1,4,2,0,2,2,2,4,1,3,4,0,1,1,0,9,-3,-7,-2,9,0,0,0,1,1,1,-1,6,-1
KR_6688993035,420,0,-19,0,1,2,2,4,2,2,4,-1,2,1,-1,2,1,-1,1,0,-1,1,15,0,-4,4,-4,0,-2,1,-1,-1,-1,1,-1
KR_6755853051,440,1,17,-3,0,1,1,2,-1,2,1,-3,3,0,4,0,4,-1,1,0,0,6,3,5,-5,0,-2,0,-1,0,1,-1,1,0,-1
KR_6763517343,420,-1,-35,19,-7,2,3,5,-5,7,2,1,0,1,-5,6,1,0,2,2,0,-17,9,-5,-2,7,-5,0,0,1,1,0,-1,5,-1
KR_6752858063,420,2,7,22,0,0,0,0,2,1,3,0,2,2,-2,3,1,0,0,0,0,-4,2,1,-2,1,-1,0,1,-1,1,1,1,4,-1
KR_6751675698,420,0,-30,16,2,1,2,3,0,3,3,-1,1,0,2,4,6,0,2,2,0,3,18,-1,-1,2,2,0,0,-1,-1,0,-1,4,-1
KR_6661133626,420,2,-4,-1,6,4,0,4,4,0,4,-1,2,1,1,0,1,-2,3,1,0,-1,5,0,-4,4,-3,0,0,-1,1,1,1,5,-1
KR_6720061240,420,-5,-102,20,-16,-6,7,1,-1,5,4,-3,4,1,-8,10,2,2,2,4,-1,-16,-9,-1,-3,4,4,0,-2,-1,0,-1,-1,1,-1
KR_6750914700,420,-5,-43,-4,-4,0,1,1,4,0,4,-3,4,1,-3,5,2,-2,4,2,-2,-1,-4,1,-3,2,-2,0,0,-1,1,0,-1,3,-1
KR_6689128016,420,-1,-9,16,-1,3,1,4,0,2,2,2,1,3,-5,7,2,-1,3,2,0,-8,-58,3,-5,2,31,0,0,1,-1,0,1,2,-1
KR_6658200377,420,-3,13,-5,-6,-1,2,1,-2,2,0,-1,1,0,0,2,2,-2,2,0,0,-8,-51,6,-11,5,-3,0,-1,-1,1,1,-1,4,-1
KR_6724251295,420,-4,-83,-24,-9,0,3,3,-4,6,2,-4,4,0,-1,2,1,0,0,0,0,-10,-24,-2,-3,5,-2,0,-1,-1,-1,-1,-1,2,-1
KR_6471216559,420,0,-15,-5,2,1,2,3,2,4,6,-3,4,1,3,1,4,-1,2,1,1,5,4,1,-9,8,-3,0,1,1,1,1,1,2,-1
KR_6737125859,420,-3,36,-32,-8,-3,3,0,-5,5,0,2,1,3,-2,3,1,0,1,1,0,-15,-17,-4,-2,6,0,0,0,-1,-1,0,-1,4,-1
KR_6757133372,420,1,-28,-16,-5,0,3,3,-3,4,1,-1,2,1,-1,2,1,0,0,0,0,-5,-2,-1,-4,5,-2,0,1,-1,1,1,-1,3,-1
KR_6749646091,420,1,-14,8,-1,-2,6,4,1,0,1,2,1,3,-4,5,1,2,0,2,0,-2,-12,2,-4,2,0,0,0,-1,0,1,-1,1,-1
KR_6750312044,420,-1,-2,8,4,4,0,4,1,3,4,-1,5,4,1,6,7,-1,3,2,2,-4,1,5,-8,3,-5,0,-2,1,1,-1,1,1,-1
KR_6734493091,420,-1,2,-2,-1,-2,2,0,-5,9,4,0,2,2,5,0,5,1,1,2,-1,0,7,1,-7,6,7,0,-1,-1,1,-1,-1,3,-1
KR_6748925162,420,1,-18,-1,3,1,3,4,3,0,3,1,0,1,-2,2,0,0,3,3,0,6,36,3,-5,2,-1,0,0,1,1,0,1,4,-1
KR_6728665021,440,-1,12,-5,-9,-1,3,2,-3,5,2,-5,7,2,-1,2,1,1,2,3,-2,-17,-17,2,-7,5,1,0,0,-1,-1,0,-1,3,-1
KR_6643655994,420,2,-35,9,5,2,0,2,1,1,2,6,1,7,-2,5,3,-2,4,2,0,4,3,-1,-2,3,1,0,0,-1,1,1,-1,6,-1
KR_6754600102,420,2,10,31,2,-2,2,0,3,0,3,0,4,4,-1,3,2,2,1,3,0,13,1,3,-6,3,-2,0,0,1,-1,-1,1,3,-1
KR_6738322695,420,2,-4,-23,1,1,4,5,1,2,3,-1,3,2,0,1,1,0,1,1,0,-1,-8,-1,-3,4,4,0,-1,0,1,-1,1,0,-1
KR_6751127582,440,-1,-2,-7,0,-2,3,1,1,0,1,0,2,2,-1,5,4,2,0,2,0,-1,-298,-3,-4,7,1,0,0,0,-1,0,-1,0,-1
KR_6748988667,440,-1,-61,16,7,5,0,5,-2,2,0,2,1,3,1,0,1,1,0,1,0,5,-8,-1,-3,4,2,0,0,-1,0,0,1,2,-1
KR_6668957494,420,0,-56,12,1,1,4,5,0,2,2,-2,3,1,2,1,3,0,0,0,0,4,-110,4,-6,2,-8,0,-1,1,-1,-1,1,2,-1
KR_6762120444,420,-3,-16,0,-13,-1,3,2,-2,4,2,-6,6,0,-1,4,3,-3,4,1,0,-7,-117,6,-8,2,-5,0,-1,1,1,-1,-1,5,-1
KR_6753798028,420,-3,4,8,-5,-5,5,0,-1,3,2,3,1,4,1,3,4,-3,3,0,-1,-8,-1,1,-5,4,-1,0,0,-1,1,0,-1,3,-1
KR_6425160371,420,-1,-61,-14,-5,2,0,2,-2,2,0,1,2,3,-7,10,3,1,1,2,0,5,-19,0,-1,1,1,0,-1,-1,1,-1,1,3,-1
KR_6287273993,440,-5,-39,28,-13,-4,6,2,2,1,3,-1,2,1,-7,9,2,-3,3,0,0,-19,-234,1,-6,5,1,0,0,-1,1,-1,-1,5,-1
KR_6762887580,420,1,71,0,-4,1,1,2,-6,6,0,1,3,4,1,3,4,-1,2,1,0,-1,-5,-3,-3,6,-2,0,0,0,-1,0,-1,0,-1
KR_6580932082,420,-3,-23,-32,-10,1,2,3,-6,10,4,-6,7,1,1,4,5,0,2,2,0,-5,2,5,-11,6,2,0,-3,-1,-1,-1,-1,3,-1
KR_6644705552,420,-6,-77,-20,-10,-3,4,1,-3,4,1,-2,2,0,0,3,3,-2,2,0,0,-3,5,0,-4,4,2,0,-1,1,-1,-1,1,1,-1
KR_6694533622,420,2,-67,3,4,1,1,2,-1,3,2,-2,4,2,3,2,5,3,0,3,-2,1,7,4,-7,3,-1,0,0,-1,1,0,-1,3,-1
KR_6292107426,420,-1,-8,-4,0,-3,4,1,-1,7,6,4,1,5,-1,2,1,1,0,1,0,8,-8,-2,-3,5,-2,0,-1,-1,-1,-1,1,4,-1
KR_6748026553,420,-2,-51,-4,-9,-9,11,2,-1,2,1,6,1,7,-5,5,0,0,1,1,0,-9,-2,1,-5,4,-1,0,-1,1,-1,-1,-1,3,-1
KR_6757284285,420,2,-39,33,1,0,1,1,0,4,4,2,1,3,1,4,5,-2,3,1,0,-3,3,3,-6,3,-3,0,-1,1,-1,-1,-1,3,-1
KR_6742250693,440,-2,-71,11,-7,0,0,0,0,1,1,-5,5,0,0,2,2,-2,2,0,0,-11,33,-1,-4,5,-24,0,0,-1,-1,0,-1,3,-1
KR_6735765688,420,-1,-30,24,-4,-2,2,0,1,1,2,-2,3,1,-3,4,1,2,0,2,0,-2,-22,-4,-3,7,5,0,0,-1,1,0,-1,5,-1
KR_6708373461,420,-1,-12,-5,-11,0,2,2,0,2,2,-2,5,3,-10,10,0,1,1,2,1,-2,0,-1,-5,6,-4,0,-1,-1,-1,-1,1,4,-1
KR_6709794611,420,-4,-101,-15,-15,-3,4,1,-1,5,4,-4,4,0,-4,5,1,-3,3,0,-1,-16,-3,-6,-1,7,-2,0,-2,-1,-1,-1,-1,2,-1
KR_6709794611,420,-4,-101,-15,-15,-3,4,1,-1,5,4,-4,4,0,-4,5,1,-3,3,0,-1,-16,-3,-6,-1,7,-2,0,-2,-1,-1,-1,-1,2,-1
KR_6698195321,420,-1,-65,37,2,-2,2,0,2,3,5,2,2,4,0,1,1,0,0,0,0,4,-1,-1,-3,4,5,0,-1,-1,-1,-1,-1,2,-1
KR_6667716252,420,-4,-88,-20,-17,-1,2,1,0,2,2,-9,11,2,-7,8,1,0,2,2,0,-11,-244,-3,-2,5,2,0,-3,-1,-1,-1,-1,4,-1
KR_6760242665,440,0,-105,0,1,6,0,6,-1,4,3,0,3,3,-2,2,0,-2,2,0,0,-2,-1,1,-5,4,-1,0,-1,-1,1,-1,1,3,-1
KR_6601853746,420,0,14,-14,-3,-2,2,0,2,1,3,-2,3,1,0,1,1,-1,4,3,0,-7,141,3,-6,3,1,0,0,-1,1,0,-1,1,-1
KR_6747991965,440,-2,-58,-10,-3,0,1,1,1,2,3,-2,3,1,-3,5,2,1,0,1,0,2,12,0,-3,3,-2,0,0,0,0,-1,1,0,-1
KR_6556508720,420,-5,-64,-17,-10,-3,5,2,-3,5,2,-2,2,0,0,2,2,-2,2,0,0,-10,-11,-3,-5,8,2,0,-3,-1,-1,-1,-1,1,-1
KR_6620349263,420,-2,-43,-12,-10,2,0,2,-2,4,2,-4,4,0,-5,5,0,-1,1,0,0,-25,-9,-3,-4,7,3,0,-1,1,-1,-1,-1,2,-1
KR_6761574690,420,-2,7,-4,-4,-1,2,1,0,2,2,5,1,6,-9,12,3,1,0,1,-3,2,0,2,-5,3,-8,0,-1,1,-1,-1,-1,2,-1
KR_6763375656,420,-4,-68,-8,-7,-2,2,0,-3,3,0,2,0,2,-4,4,0,0,0,0,-1,-6,24,1,-4,3,-3,0,-2,-1,-1,-1,-1,3,-1
KR_6666884822,420,0,-16,4,-3,0,1,1,2,0,2,-1,2,1,-5,5,0,1,0,1,-1,-6,-12,-4,-3,7,5,0,-1,1,1,-1,-1,4,-1
KR_6755170308,440,-1,29,1,-5,0,3,3,-4,7,3,-2,3,1,0,3,3,1,1,2,0,5,1,2,-7,5,-3,0,0,1,0,0,-1,3,-1
KR_6675825550,420,-2,-108,27,-2,-3,4,1,0,2,2,1,2,3,-2,4,2,2,0,2,0,6,3,1,-7,6,-9,0,0,1,1,0,-1,4,-1
KR_6759166206,420,3,-7,8,9,-1,4,3,4,1,5,4,2,6,2,0,2,0,0,0,0,7,5,-3,-2,5,-1,0,0,-1,-1,0,1,5,-1
KR_6691799333,420,3,6,46,0,7,1,8,-1,3,2,-2,3,1,-2,4,2,-2,2,0,0,-7,2,2,-4,2,-1,0,0,1,1,1,-1,5,-1
KR_6715383746,420,-4,-77,20,-9,-1,1,0,-4,6,2,-2,5,3,1,2,3,-3,3,0,-1,-11,1,-6,-3,9,3,0,0,1,0,0,-1,5,-1
KR_6760950371,420,-3,41,4,-5,-2,4,2,5,2,7,-7,7,0,4,3,7,-5,6,1,2,1,-329,1,-6,5,-1,0,-1,-1,-1,-1,1,5,-1
KR_6710519750,440,-2,-89,-44,-7,0,2,2,-3,3,0,-2,4,2,-3,3,0,1,0,1,-1,-11,5,2,-6,4,4,0,0,-1,-1,-1,-1,5,-1
KR_6761510637,420,-3,-90,28,-8,0,3,3,-2,4,2,-3,5,2,-2,2,0,-1,2,1,0,-5,6,-7,-3,10,-1,0,-1,-1,-1,-1,-1,6,-1
KR_6699602800,420,0,-33,-5,-1,-4,4,0,1,5,6,1,0,1,1,2,3,0,0,0,0,1,146,4,-8,4,5,0,0,1,0,-1,1,5,-1
KR_6747960784,420,-3,-9,-7,-3,-3,4,1,2,2,4,-2,4,2,0,4,4,0,0,0,0,8,0,0,-4,4,1,0,-1,-1,1,-1,-1,5,-1
KR_6714128306,420,3,5,12,4,0,0,0,-3,5,2,-2,3,1,8,2,10,1,3,4,0,4,-1,1,-2,1,1,0,0,1,-1,-1,1,3,-1
KR_6689786369,420,1,-20,0,3,2,1,3,1,1,2,3,3,6,-3,4,1,0,0,0,0,4,-50,-2,-4,6,18,0,-3,-1,-1,-1,1,2,-1
KR_6675219595,420,-1,-27,0,3,3,1,4,2,0,2,0,1,1,-2,4,2,0,2,2,0,6,9,4,-5,1,3,0,1,1,1,1,-1,2,-1
KR_6732260453,420,0,62,-4,1,2,2,4,-4,7,3,2,0,2,1,3,4,0,5,5,0,-7,4,-1,-3,4,-1,0,2,-1,1,1,-1,5,-1
KR_6686483051,420,-1,14,-10,-1,-4,6,2,1,0,1,-4,7,3,5,2,7,1,0,1,1,9,-15,1,-6,5,2,0,0,-1,0,-1,1,6,-1
KR_6761482535,420,-2,2,-30,-4,3,3,6,-2,3,1,-2,4,2,-1,4,3,-2,2,0,0,-4,9,4,-6,2,-3,0,0,1,1,1,-1,2,-1
KR_6757162441,420,3,-50,-6,-4,0,3,3,3,1,4,-3,3,0,-4,6,2,0,2,2,0,3,-41,-4,-1,5,5,0,0,1,-1,-1,1,2,-1
KR_6620199302,420,-5,-81,-7,-10,0,1,1,-1,1,0,-1,1,0,-6,10,4,-2,2,0,0,-11,6,-1,-6,7,-2,0,-1,1,-1,-1,-1,5,-1
KR_6444731519,420,1,-5,11,7,6,1,7,1,1,2,-2,2,0,3,3,6,-1,1,0,0,4,-7,-3,-3,6,6,0,2,0,0,1,1,0,-1
KR_6653434115,420,1,63,23,-2,0,3,3,1,3,4,-5,7,2,3,4,7,-1,2,1,0,2,-117,2,-4,2,1,0,1,-1,1,1,-1,6,-1
KR_6626784977,420,-2,-86,1,-2,-1,3,2,2,0,2,-1,3,2,-3,4,1,1,1,2,0,2,-4,-4,-3,7,3,0,-1,-1,1,-1,-1,5,-1
KR_6752651876,420,-8,-61,-22,-24,-2,3,1,-6,8,2,-7,9,2,-7,9,2,-2,2,0,-4,-29,-11,1,-4,3,1,0,-1,-1,-1,-1,-1,4,-1
KR_6751024966,420,-9,-97,-46,-16,0,3,3,-4,7,3,-6,7,1,-6,6,0,0,3,3,0,-11,-10,-3,-1,4,-4,0,-4,-1,-1,-1,-1,4,-1
KR_6656042689,440,-6,-68,-15,-14,0,2,2,-1,1,0,-5,10,5,-2,2,0,-6,7,1,-1,-15,-1,-6,-4,10,1,0,0,-1,-1,-1,-1,1,-1
KR_6742392026,440,1,19,-24,7,1,1,2,1,0,1,-1,2,1,2,3,5,4,0,4,0,9,15,2,-6,4,4,0,-1,1,-1,-1,1,5,-1
KR_6763144732,420,-2,3,-23,-2,-3,4,1,2,0,2,-3,3,0,2,0,2,0,0,0,-1,3,16,-1,-4,5,5,0,1,0,-1,1,-1,0,-1
KR_6748433846,420,0,78,-20,0,0,2,2,-1,2,1,-4,4,0,2,2,4,3,0,3,0,3,0,1,-4,3,1,0,2,1,-1,1,1,6,-1
KR_6763948201,420,-4,12,9,-9,1,0,1,-4,6,2,-1,1,0,-5,5,0,0,0,0,0,-12,8,-3,-2,5,1,0,-2,1,-1,-1,-1,6,-1
KR_6566887930,420,0,87,8,-4,-1,1,0,-1,1,0,-2,3,1,-1,3,2,1,0,1,0,-3,2,-3,-4,7,0,0,0,-1,-1,0,-1,3,-1
KR_6670710648,420,2,-10,11,-3,0,4,4,2,2,4,0,1,1,-4,5,1,-1,1,0,0,-1,1,-6,-1,7,2,0,0,-1,1,0,-1,3,-1
KR_6634031509,420,0,-1,1,2,2,1,3,-1,3,2,1,3,4,-1,3,2,1,0,1,2,0,-13,-2,-6,8,-1,0,0,-1,-1,0,1,1,-1
KR_6734001165,420,-1,13,-4,1,1,1,2,1,3,4,-1,5,4,-1,6,5,1,0,1,-2,-2,-1,0,-8,8,-3,0,0,1,-1,-1,-1,1,-1
KR_6757681257,420,-3,56,-30,-3,-3,3,0,1,3,4,3,1,4,-4,4,0,0,1,1,0,0,-98,4,-6,2,-31,0,-1,1,-1,-1,-1,6,-1
KR_6676025465,420,-1,-2,-5,0,-5,5,0,1,3,4,-3,5,2,4,1,5,3,0,3,1,8,-8,-1,-4,5,3,0,-2,1,-1,-1,1,5,-1
KR_6752235443,420,-3,-75,-28,-12,-2,5,3,-2,6,4,-9,9,0,-1,6,5,2,0,2,1,-1,3,-1,-2,3,-2,0,-3,-1,-1,-1,1,2,-1
KR_6641752280,420,-2,-19,11,-7,-1,1,0,2,2,4,-4,6,2,-2,2,0,-2,7,5,0,-7,0,1,-5,4,0,0,0,-1,1,0,-1,1,-1
KR_6373477054,440,-2,-78,-52,1,-3,3,0,5,3,8,-6,6,0,5,4,9,0,1,1,-1,17,0,0,0,0,-1,0,-2,-1,-1,-1,-1,3,-1
KR_6762397514,420,-3,-25,-19,-6,-2,6,4,-2,4,2,1,3,4,0,4,4,-3,4,1,-3,-9,-328,-1,-5,6,-2,0,0,-1,-1,-1,-1,1,-1
KR_6633238886,420,-3,-113,-49,-2,2,0,2,-2,3,1,-5,5,0,3,4,7,0,2,2,0,2,-2,1,-3,2,0,0,-1,0,-1,-1,-1,0,-1
KR_6620126261,420,-2,-24,-8,1,-4,4,0,7,3,10,1,1,2,-4,6,2,1,0,1,1,5,11,5,-6,1,-1,0,-1,1,-1,-1,1,2,-1
KR_6694390223,420,-5,25,-9,-7,0,2,2,-3,6,3,0,1,1,-5,5,0,1,0,1,0,-6,-4,1,-6,5,-5,0,-2,-1,1,-1,-1,2,-1
KR_6661207282,420,-3,-5,-4,4,1,1,2,2,3,5,1,2,3,3,0,3,-3,6,3,0,7,-20,-3,-3,6,6,0,0,-1,1,0,1,5,-1
KR_6719169033,420,-2,-30,-20,-3,0,2,2,-1,3,2,3,0,3,-4,5,1,-1,1,0,0,1,-8,2,-7,5,1,0,-1,0,1,-1,-1,0,-1
KR_6661258875,420,0,20,-31,3,1,3,4,0,2,2,1,1,2,1,2,3,0,0,0,0,2,-108,7,-11,4,0,0,-1,-1,1,-1,1,4,-1
KR_6736447925,420,-4,-41,-44,-11,0,0,0,-8,8,0,-4,5,1,2,3,5,-1,1,0,0,-10,213,4,-6,2,-23,0,-1,-1,-1,-1,-1,5,-1
KR_6759404007,420,-3,-78,-20,-9,-3,3,0,-1,1,0,3,2,5,-5,8,3,-3,3,0,0,-15,-4,-2,-4,6,-1,0,-3,-1,-1,-1,-1,5,-1
KR_6749350439,420,6,28,16,16,1,3,4,3,0,3,-1,3,2,10,0,10,3,0,3,0,15,24,2,-6,4,4,0,2,1,1,1,1,4,-1
KR_6347648344,420,-1,-26,-12,-6,-3,3,0,0,3,3,0,1,1,-1,4,3,-2,2,0,0,-6,2,-2,-6,8,-1,0,-1,-1,-1,-1,-1,5,-1
KR_6719474252,420,2,16,-19,6,-1,1,0,6,1,7,5,1,6,-8,10,2,4,0,4,0,6,22,3,-6,3,2,0,0,1,1,1,-1,1,-1
KR_6721227832,420,0,-50,3,-7,-3,3,0,-7,10,3,5,4,9,-2,5,3,0,0,0,0,-7,12,4,-8,4,0,0,-1,1,-1,-1,-1,6,-1
KR_6650153364,440,-1,-31,-5,-7,-3,3,0,2,2,4,0,4,4,-3,4,1,-3,4,1,-1,-9,11,0,-5,5,-18,0,0,-1,1,1,-1,5,-1
KR_6733877515,420,1,79,-3,3,2,0,2,1,3,4,-1,5,4,1,2,3,0,0,0,0,-1,18,0,-5,5,1,0,0,-1,-1,0,1,2,-1
KR_6749463122,420,-5,-119,25,-9,-3,3,0,-5,8,3,1,0,1,-3,3,0,1,0,1,0,-7,-6,0,-2,2,-1,0,0,-1,-1,-1,-1,3,-1
KR_6488544425,440,0,90,-11,-2,-2,5,3,5,4,9,-1,4,3,-2,5,3,-2,4,2,4,3,-4,-4,-7,11,3,0,3,1,1,1,1,4,-1
KR_6730807322,420,-3,-33,-18,-12,-3,4,1,-4,4,0,0,2,2,-5,6,1,0,1,1,-3,-21,43,-1,-3,4,-2,0,-1,-1,-1,1,-1,3,-1
KR_6757145832,420,-3,-24,-16,-10,0,0,0,-3,5,2,-1,2,1,-5,8,3,-1,1,0,-1,-16,-4,-3,-1,4,0,0,-1,0,1,-1,-1,0,-1
KR_6751295766,440,-3,4,-1,-1,2,1,3,0,0,0,0,2,2,1,2,3,-4,5,1,0,3,-3,-3,-3,6,-1,0,1,-1,1,-1,1,4,-1
KR_6494842982,420,-6,-93,24,-21,-1,1,0,-12,13,1,0,3,3,-6,6,0,-2,2,0,-3,-30,-76,-2,-3,5,-2,0,-2,1,-1,-1,-1,5,-1
KR_6732128050,420,2,24,16,-2,3,0,3,0,3,3,-2,3,1,-3,3,0,0,1,1,0,0,0,-5,-1,6,-2,0,1,1,-1,1,-1,3,-1
KR_6711015533,420,-1,-11,-10,-4,3,1,4,0,2,2,-4,6,2,-3,3,0,0,0,0,0,-3,-34,3,-5,2,24,0,-1,-1,0,-1,1,2,-1
KR_6736740784,420,-1,-16,-27,2,2,0,2,-2,5,3,1,2,3,1,2,3,0,0,0,0,3,13,5,-8,3,2,0,0,1,0,0,1,3,-1
KR_6762535800,420,1,59,-25,-2,2,2,4,0,3,3,-2,3,1,-2,4,2,0,1,1,0,-1,-50,-1,-6,7,20,0,0,1,-1,0,-1,1,-1
KR_6492132115,420,-1,-49,16,3,-1,2,1,2,1,3,3,0,3,0,7,7,-1,2,1,0,3,-7,-4,-3,7,4,0,0,0,-1,-1,1,0,-1
KR_6755055477,420,-2,-46,-7,2,-2,5,3,3,1,4,2,1,3,0,1,1,-1,1,0,0,1,142,-1,-2,3,7,0,0,-1,1,-1,-1,3,-1
KR_6721233518,420,-1,-30,-18,0,-1,1,0,3,4,7,-3,4,1,-1,3,2,2,1,3,0,2,10,4,-7,3,-4,0,0,1,1,0,-1,5,-1
KR_6764293623,420,-1,-45,-24,1,-3,4,1,0,5,5,1,2,3,3,1,4,0,1,1,0,5,2,4,-8,4,-2,0,-1,-1,-1,-1,-1,2,-1
KR_6735940949,420,4,79,28,5,-1,3,2,1,2,3,5,1,6,0,0,0,0,1,1,0,2,-2,-1,-5,6,-1,0,1,1,1,1,1,2,-1
KR_6339119470,440,-2,10,23,-8,-2,3,1,-1,5,4,-2,2,0,-3,4,1,0,2,2,0,-11,-8,1,-6,5,-2,0,0,1,-1,0,1,4,-1
KR_6759683377,420,-2,42,13,4,2,2,4,-1,3,2,-2,2,0,4,2,6,1,0,1,1,-4,7,-3,-3,6,2,0,-1,1,-1,1,1,4,-1
KR_6446969733,420,-5,-30,-12,-8,-4,4,0,-1,1,0,0,2,2,0,2,2,-3,3,0,0,-3,-10,-1,-5,6,0,0,0,1,-1,0,-1,2,-1
KR_6709646158,420,2,36,-8,-1,-2,2,0,-3,5,2,4,1,5,0,3,3,0,0,0,0,-2,2,-2,-3,5,-3,0,0,1,-1,0,-1,3,-1
KR_6756073358,420,-2,-51,-24,-7,0,3,3,-5,7,2,-3,3,0,2,2,4,-1,2,1,0,2,-5,-1,-4,5,0,0,-2,0,-1,-1,1,0,-1
KR_6700934176,420,-3,-8,-4,-2,1,2,3,-2,2,0,0,3,3,-1,1,0,0,2,2,0,-5,-30,-4,-4,8,-1,0,-1,1,-1,-1,1,5,-1
KR_6744444344,420,-2,45,-40,1,0,1,1,0,0,0,-5,6,1,5,1,6,1,2,3,0,6,5,1,-8,7,-1,0,0,1,-1,0,1,4,-1
KR_6756541159,420,-4,20,-47,-9,-2,2,0,-10,10,0,-2,4,2,5,1,6,0,2,2,0,1,-10,0,-5,5,-1,0,0,-1,-1,-1,-1,3,-1
KR_6591619855,420,1,-16,12,7,0,2,2,4,0,4,0,3,3,0,3,3,3,0,3,0,8,1,3,-4,1,-1,0,0,1,0,0,1,2,-1
KR_6447903718,420,-4,-70,11,-12,-2,4,2,3,4,7,-4,4,0,-3,5,2,-6,6,0,-1,-10,-1,1,-5,4,-2,0,-1,-1,0,-1,-1,5,-1
KR_6760429901,420,-2,42,8,-1,-1,3,2,-5,5,0,-4,4,0,9,0,9,0,3,3,0,12,3,-4,0,4,4,0,0,1,-1,1,-1,3,-1
KR_6762460663,420,-2,-49,-12,1,-1,1,0,-1,3,2,1,3,4,3,3,6,-1,1,0,2,4,-3,-1,-6,7,7,0,0,-1,1,0,1,4,-1
KR_6700201067,420,-3,-71,-4,-6,-3,4,1,-2,3,1,-2,3,1,-1,3,2,2,0,2,0,-5,-6,-2,-2,4,1,0,-3,1,-1,-1,-1,3,-1
KR_6661784939,420,1,50,-7,2,0,0,0,3,6,9,1,3,4,-4,5,1,2,2,4,1,10,-3,-3,-7,10,6,0,0,-1,-1,1,1,5,-1
KR_6761989352,420,-6,-102,-36,-12,-5,6,1,1,2,3,-5,6,1,-2,4,2,-1,2,1,-1,-4,-52,1,-3,2,21,0,-1,0,0,-1,-1,0,-1
KR_6682020974,420,-4,-70,16,-12,-8,9,1,-4,4,0,-3,5,2,1,2,3,2,1,3,0,-5,-6,1,-5,4,-1,0,-3,-1,-1,-1,-1,3,-1
KR_6667310322,420,0,-39,4,-2,-3,4,1,0,0,0,1,2,3,0,0,0,0,0,0,-1,-3,252,2,-5,3,-1,0,0,1,-1,-1,-1,4,-1
KR_6761575041,420,2,-13,4,4,0,0,0,0,2,2,1,1,2,2,3,5,1,0,1,-1,12,-12,0,-7,7,6,0,-1,1,-1,-1,-1,4,-1
KR_6757021596,420,-1,-61,16,-1,-1,5,4,3,1,4,2,1,3,-4,7,3,-1,1,0,0,-3,173,6,-9,3,2,0,-1,-1,1,-1,1,3,-1
KR_6584954146,440,-4,6,-3,-2,-1,1,0,-5,5,0,3,1,4,3,3,6,-2,2,0,0,-5,-2,0,-2,2,0,0,0,1,-1,1,-1,4,-1
KR_6759925981,420,-2,-53,3,-3,-3,4,1,1,1,2,-3,3,0,1,2,3,1,0,1,0,4,8,0,-6,6,-2,0,0,-1,-1,-1,-1,5,-1
KR_6649497110,420,2,88,-53,-7,-7,8,1,-2,2,0,1,4,5,1,2,3,0,1,1,1,1,14,2,-3,1,-2,0,1,0,-1,-1,1,0,-1
KR_6762052346,420,-3,-11,-4,-14,-7,8,1,-2,3,1,-3,5,2,-2,4,2,0,0,0,-1,-7,-9,-6,0,6,-2,0,-2,1,-1,-1,-1,1,-1
KR_6761690715,420,-6,-40,-15,-10,-7,8,1,0,2,2,-1,3,2,0,1,1,-2,2,0,0,-9,6,1,-4,3,-2,0,0,0,1,0,1,0,-1
KR_6702935263,420,-1,10,-15,0,2,2,4,-6,7,1,1,1,2,1,1,2,2,0,2,0,-1,-41,-2,-7,9,0,0,-1,-1,1,-1,1,6,-1
KR_6649312254,420,3,14,-9,6,3,1,4,0,0,0,3,2,5,0,2,2,0,0,0,0,9,-12,-1,-3,4,-2,0,0,1,1,0,-1,4,-1
KR_6303252341,420,0,-18,4,1,-2,6,4,0,7,7,-1,2,1,0,0,0,4,0,4,0,4,-56,0,-1,1,14,0,-1,-1,0,-1,1,3,-1
KR_5681894694,420,-2,-37,-48,-2,3,1,4,-3,3,0,2,3,5,-3,4,1,-1,2,1,0,-7,2,0,-3,3,-3,0,-4,1,-1,-1,1,5,-1
KR_6665519571,420,0,18,11,-2,1,0,1,-1,4,3,-3,4,1,3,0,3,-2,2,0,0,0,4,4,-7,3,-2,0,0,0,1,0,-1,0,-1
KR_6726584856,420,-6,-114,-15,-14,1,1,2,-3,6,3,-4,5,1,-9,9,0,1,0,1,0,-9,14,1,-4,3,-4,0,-3,-1,-1,-1,1,1,-1
KR_6758489141,420,-6,-98,-11,-18,-5,5,0,-1,2,1,-9,9,0,-3,7,4,0,2,2,0,-14,23,3,-8,5,-4,0,-4,-1,-1,-1,1,2,-1
KR_6760252611,440,1,0,16,-2,5,0,5,1,3,4,-2,3,1,-5,5,0,-1,1,0,0,0,-3,-2,-3,5,1,0,0,-1,-1,0,-1,5,-1
KR_6661682894,420,0,-56,27,1,-1,2,1,2,1,3,1,0,1,-2,3,1,1,0,1,0,3,41,2,-7,5,-3,0,-1,-1,1,-1,1,4,-1
KR_6674135080,420,-4,-96,16,-9,-3,3,0,-2,6,4,-2,2,0,-1,3,2,-1,2,1,0,-15,-21,-1,-4,5,-3,0,-2,-1,1,-1,-1,4,-1
KR_6657381831,420,-6,21,-11,-13,-7,8,1,-1,3,2,-4,5,1,-2,3,1,1,0,1,0,-6,2,3,-5,2,-4,0,0,-1,-1,-1,-1,4,-1
KR_6584874351,440,-4,9,-17,-11,-2,3,1,1,2,3,-2,3,1,-5,6,1,-3,5,2,-1,-7,-1,4,-8,4,-6,0,0,-1,1,0,-1,1,-1
KR_6761011646,420,3,-80,20,0,-1,3,2,1,2,3,-2,2,0,-1,2,1,3,0,3,0,6,7,2,-6,4,-2,0,-1,1,-1,-1,-1,4,-1
KR_6692358554,420,-1,48,-4,-3,1,2,3,-2,3,1,1,0,1,-2,3,1,-1,2,1,0,-3,36,5,-9,4,-4,0,-1,1,0,-1,1,4,-1
KR_6703677320,420,1,-3,8,2,2,3,5,0,4,4,-2,4,2,3,2,5,-1,2,1,0,-2,8,0,-7,7,-5,0,0,1,0,0,-1,4,-1
KR_6733174265,440,-4,-107,-48,-4,-3,3,0,1,2,3,1,5,6,-2,2,0,-1,1,0,-1,7,8,6,-8,2,1,0,-2,-1,-1,-1,-1,5,-1
KR_6675074171,420,-1,-16,20,-4,-3,3,0,-2,4,2,-2,5,3,3,2,5,0,1,1,0,1,-4,-2,-3,5,-1,0,0,-1,-1,-1,-1,1,-1
KR_6741806414,420,-3,-30,-39,-13,-1,2,1,-7,10,3,-5,6,1,1,6,7,-1,3,2,-4,-12,-2,1,-4,3,-3,0,-2,-1,-1,-1,-1,6,-1
KR_6760665242,440,-2,-38,-10,-11,-6,7,1,-1,3,2,-3,3,0,-2,5,3,1,1,2,0,-10,-12,1,-5,4,4,0,0,-1,-1,-1,-1,1,-1
KR_6755345602,420,-3,-83,8,-9,-2,4,2,-1,2,1,2,0,2,-7,7,0,-1,1,0,0,-9,-164,-3,-2,5,-2,0,0,-1,-1,0,-1,3,-1
KR_6714908556,440,0,38,-16,4,-3,3,0,-5,9,4,4,1,5,6,2,8,2,1,3,0,13,27,-1,-4,5,1,0,-1,1,-1,-1,1,3,-1
KR_6730115598,420,0,24,4,-7,-5,5,0,-7,8,1,0,2,2,1,0,1,4,2,6,0,-6,20,-2,0,2,-9,0,1,1,1,1,-1,3,-1
KR_6729986476,420,-1,-21,4,-10,-2,2,0,-8,10,2,-1,2,1,0,1,1,1,4,5,0,-18,13,3,-4,1,0,0,1,0,1,1,-1,0,-1
KR_6760551657,420,-1,-30,-4,-4,-4,4,0,-1,4,3,-2,3,1,2,2,4,1,0,1,0,-2,-8,4,-9,5,-2,0,-1,1,-1,-1,-1,4,-1
KR_6557810475,420,2,-38,-4,0,1,2,3,-5,8,3,-3,5,2,5,0,5,2,0,2,0,-5,-20,-2,-3,5,1,0,0,-1,-1,0,1,6,-1
KR_6623347001,420,-4,-95,-24,-9,3,0,3,-3,4,1,-5,5,0,-4,8,4,0,0,0,0,-10,11,-6,-2,8,-2,0,-1,-1,-1,-1,1,1,-1
KR_6763712512,420,2,-2,12,7,-2,2,0,2,0,2,4,2,6,4,2,6,-1,1,0,0,-1,21,2,-5,3,-1,0,-1,1,0,-1,1,1,-1
KR_6760597170,420,-1,-40,-16,4,-2,3,1,1,2,3,3,1,4,-1,5,4,3,2,5,0,6,5,1,-4,3,-6,0,1,-1,-1,1,1,5,-1
KR_6681359610,420,2,-45,9,1,0,3,3,2,2,4,0,3,3,-1,1,0,0,1,1,0,4,-11,-1,-4,5,1,0,0,1,1,1,-1,1,-1
KR_6674184421,420,2,-9,13,1,2,0,2,-3,3,0,3,0,3,-2,5,3,1,3,4,0,-7,-7,-9,-2,11,4,0,0,1,1,0,1,6,-1
KR_6742486526,420,-4,-19,-38,-9,1,1,2,-1,3,2,-4,4,0,-3,5,2,-2,2,0,-1,-17,1,0,-3,3,1,0,-3,-1,-1,-1,-1,5,-1
KR_6576896318,420,5,117,12,6,1,3,4,6,1,7,1,4,5,-3,4,1,1,1,2,0,-1,107,3,-5,2,0,0,2,-1,-1,1,1,6,-1
KR_6758815546,420,-10,-6,-120,-18,-6,8,2,-6,7,1,-3,3,0,0,2,2,-3,5,2,0,-10,-4,-5,-2,7,-1,0,-3,-1,-1,-1,-1,2,-1
KR_6758884303,420,-2,49,-27,-5,-2,3,1,1,0,1,5,1,6,-7,7,0,-2,2,0,-1,-4,2,1,-5,4,-2,0,-2,1,-1,-1,-1,3,-1
KR_6730122820,420,-2,-18,-12,-8,1,1,2,4,1,5,-3,5,2,-7,7,0,-3,4,1,0,-11,-4,-4,-1,5,-3,0,0,-1,1,-1,-1,4,-1
KR_6705931064,420,-2,-24,9,-7,-6,6,0,-9,9,0,6,1,7,1,1,2,1,3,4,0,-4,5,-3,-2,5,2,0,0,1,-1,-1,1,3,-1
KR_6638329347,440,-4,-104,-44,-7,-7,9,2,7,1,8,-4,4,0,-4,6,2,1,1,2,0,7,-1,-2,-5,7,1,0,-1,-1,-1,-1,-1,3,-1
KR_6711319970,420,-6,-112,-16,-15,-8,8,0,-5,6,1,-2,3,1,-1,5,4,1,2,3,0,-7,-7,-2,-1,3,-1,0,-4,-1,-1,-1,-1,1,-1
KR_6757417844,420,-1,12,-24,-4,3,1,4,-4,4,0,-1,4,3,-2,2,0,0,0,0,-1,-2,4,0,-5,5,-4,0,0,-1,1,1,-1,5,-1
KR_6534976599,440,-4,13,-30,-9,-1,3,2,0,1,1,1,2,3,-7,8,1,-2,2,0,0,-19,62,1,-6,5,0,0,0,1,-1,-1,1,6,-1
KR_6716444926,440,-3,46,-8,-8,-2,5,3,0,1,1,-1,2,1,-3,4,1,-2,2,0,0,-10,-7,2,-3,1,0,0,0,-1,0,0,-1,5,-1
KR_6725824599,420,-1,-72,-12,9,-1,1,0,1,6,7,7,0,7,0,3,3,2,1,3,0,10,15,1,-4,3,2,0,-1,1,-1,-1,1,1,-1
KR_6729047654,420,-5,-65,-19,-13,2,0,2,-5,5,0,-5,8,3,-4,6,2,-1,2,1,0,-16,-5,1,-7,6,-3,0,-1,0,-1,-1,1,0,-1
KR_6763635140,420,-2,-20,-2,-9,0,2,2,1,2,3,-4,6,2,-6,9,3,0,1,1,1,-9,-5,-7,-4,11,4,0,-1,-1,-1,-1,1,3,-1
KR_6636153150,420,-2,-111,-16,-4,-3,3,0,-2,8,6,0,2,2,0,2,2,1,0,1,-2,-2,-1,2,-6,4,0,0,0,-1,-1,0,-1,5,-1
KR_6762213511,420,-1,20,8,-6,0,2,2,2,1,3,-8,9,1,0,2,2,0,1,1,1,-3,-365,2,-5,3,-3,0,-1,0,-1,-1,1,0,-1
KR_6502334495,420,-5,-69,-16,-7,-1,4,3,-1,2,1,-8,8,0,3,1,4,0,0,0,0,-5,-44,-3,-2,5,17,0,0,-1,0,0,1,1,-1
KR_6737952030,420,-3,-27,-32,-10,-3,3,0,0,1,1,-6,7,1,-2,5,3,1,0,1,0,-4,8,0,-5,5,-1,0,-1,-1,-1,-1,-1,4,-1
KR_6663571148,420,1,-24,-4,2,-3,4,1,-2,4,2,2,2,4,3,0,3,2,1,3,0,5,24,1,-4,3,-3,0,-1,-1,1,-1,1,5,-1
KR_6725543563,420,-2,-31,4,-9,-1,3,2,-1,2,1,-2,2,0,-3,4,1,-2,2,0,0,-10,-178,2,-5,3,-4,0,0,-1,-1,0,-1,1,-1
KR_6727480718,420,1,20,-8,-7,-1,2,1,-3,7,4,-1,3,2,0,4,4,-2,3,1,0,-8,-30,-1,-4,5,-2,0,-1,0,-1,-1,-1,0,-1
KR_6751967171,440,-1,-81,12,3,-1,3,2,4,1,5,1,5,6,-1,3,2,0,0,0,1,4,-4,-2,-4,6,15,0,0,0,1,0,1,0,-1
KR_6717493752,420,-4,-83,16,-10,-2,3,1,-3,4,1,1,2,3,-5,5,0,-1,1,0,0,-14,-5,0,-4,4,4,0,-1,-1,-1,-1,-1,3,-1
KR_6754307769,440,-8,-55,-8,-12,-5,5,0,-1,2,1,-5,6,1,1,7,8,-2,4,2,-1,-8,23,-2,-3,5,-25,0,-3,-1,-1,-1,-1,5,-1
KR_6752554840,420,-1,-28,8,-2,4,0,4,1,1,2,0,2,2,-6,6,0,-1,1,0,0,-8,1,-3,-1,4,-1,0,0,1,-1,-1,1,3,-1
KR_6730223445,420,2,57,4,1,1,2,3,0,4,4,3,0,3,-2,7,5,-1,2,1,0,-1,-3,1,-6,5,0,0,1,-1,-1,1,-1,5,-1
KR_6633138639,420,-1,-36,-9,-3,1,3,4,-2,2,0,0,2,2,-2,2,0,0,0,0,0,-6,20,-2,-4,6,-2,0,1,-1,1,1,1,2,-1
KR_6654185396,420,0,-38,9,0,3,1,4,-1,4,3,1,1,2,-1,2,1,-2,2,0,0,-5,-1,-5,-3,8,1,0,1,-1,1,1,1,6,-1
KR_6755832156,420,-4,-19,-30,-11,1,0,1,-2,4,2,-2,5,3,-8,8,0,0,0,0,0,-10,-4,-4,-4,8,0,0,-2,-1,-1,-1,-1,2,-1
KR_6629704003,420,-6,-60,-8,-11,-4,5,1,-8,11,3,3,2,5,-1,2,1,-1,3,2,-1,-11,4,-4,-1,5,-3,0,-2,-1,-1,-1,-1,1,-1
KR_6762454688,420,-1,-20,-29,-2,-3,4,1,-1,3,2,2,3,5,2,1,3,-2,2,0,0,-1,11,3,-4,1,-1,0,0,-1,-1,-1,-1,1,-1
KR_6599581930,420,-2,-24,-16,-20,-1,3,2,-5,7,2,2,2,4,-11,13,2,-5,5,0,-1,-34,-2,-1,-3,4,0,0,-1,-1,0,-1,-1,2,-1
KR_6736607343,440,-4,-43,-14,-7,-1,1,0,-3,3,0,-5,7,2,0,2,2,2,1,3,-1,-4,25,0,-4,4,1,0,-1,-1,-1,-1,-1,6,-1
KR_6703558304,420,-2,-21,-32,-2,-2,3,1,-1,3,2,1,3,4,-1,2,1,1,1,2,0,-4,-18,3,-6,3,2,0,1,-1,1,1,1,5,-1
KR_6649411753,420,-2,-18,7,-9,-3,3,0,2,1,3,0,1,1,-7,9,2,-1,2,1,0,-1,10,2,-6,4,-4,0,-1,-1,-1,-1,1,1,-1
KR_6741311192,420,-3,-19,-9,-11,0,0,0,-1,1,0,0,3,3,-8,9,1,-2,2,0,0,-17,-24,-2,-2,4,-7,0,-1,-1,-1,-1,-1,6,-1
KR_6733798656,420,-4,-89,0,-2,-3,4,1,3,0,3,-1,3,2,0,2,2,-1,1,0,0,2,-2,2,-4,2,0,0,-1,-1,-1,-1,-1,3,-1
KR_6723196641,420,-5,-55,-25,-4,-3,6,3,-1,3,2,-2,3,1,-1,3,2,3,1,4,0,6,13,-1,-4,5,3,0,0,1,-1,0,-1,1,-1
KR_6601137856,420,-8,-24,-28,-13,-3,3,0,-4,4,0,-6,8,2,1,4,5,-1,2,1,0,0,1,1,-3,2,0,0,-1,-1,-1,-1,-1,1,-1
KR_6506249421,420,1,22,-3,-3,3,1,4,-5,6,1,3,1,4,-1,3,2,-3,3,0,-1,-10,394,1,-7,6,-2,0,0,-1,0,0,-1,3,-1
KR_6757947186,420,-4,-104,-12,-25,-2,2,0,0,2,2,-6,10,4,-14,16,2,-3,5,2,-2,-40,-6,-3,0,3,-1,0,-1,-1,-1,-1,-1,5,-1
KR_6759039136,440,0,-67,13,-3,0,3,3,1,4,5,3,3,6,-9,10,1,2,1,3,-2,-8,-12,-9,-1,10,8,0,0,1,-1,0,1,5,-1
KR_6591965072,420,0,-30,-30,-2,2,0,2,-1,5,4,0,2,2,-3,5,2,0,3,3,0,-4,8,2,-5,3,-2,0,0,-1,0,0,1,5,-1
KR_6724357775,440,0,1,-8,-2,-3,3,0,-1,2,1,0,2,2,2,0,2,0,0,0,-1,-2,7,-4,-3,7,2,0,0,-1,1,0,-1,1,-1
KR_6759113147,420,-3,-16,-12,0,0,4,4,-2,2,0,-1,1,0,2,0,2,1,2,3,1,-3,22,0,-4,4,-4,0,1,-1,1,1,1,3,-1
KR_6749637834,420,3,27,4,0,0,1,1,0,3,3,1,2,3,0,6,6,-1,1,0,0,-7,-7,-5,0,5,0,0,1,1,-1,1,1,3,-1
KR_6763243417,420,-1,-47,-4,-7,0,2,2,0,4,4,-2,3,1,-2,5,3,-3,3,0,0,-7,-9,-1,-3,4,-3,0,-2,1,-1,-1,1,1,-1
KR_6339174171,440,1,-64,-5,3,-5,6,1,0,2,2,3,0,3,0,2,2,5,0,5,1,3,3,-1,-5,6,4,0,0,-1,0,-1,1,1,-1
KR_6727449041,420,1,-23,16,8,1,3,4,6,0,6,0,2,2,2,2,4,-1,1,0,0,11,3,-6,-3,9,0,0,0,1,0,1,-1,5,-1
KR_6633954460,420,-1,11,40,0,-1,1,0,-2,5,3,-3,5,2,1,2,3,5,0,5,0,3,-4,-3,-4,7,1,0,1,-1,1,1,-1,3,-1
KR_6764432686,440,-4,-113,-24,-5,-4,4,0,-2,2,0,1,1,2,2,1,3,-2,2,0,-2,-6,42,1,-4,3,-26,0,0,0,0,1,-1,0,-1
KR_6759011866,420,-6,-82,-8,-9,-1,3,2,1,0,1,-3,4,1,-5,9,4,-1,2,1,0,-6,-14,-1,-4,5,1,0,-2,1,1,-1,-1,5,-1
KR_6734391550,420,3,32,-8,7,3,1,4,-1,1,0,0,4,4,5,2,7,0,3,3,0,6,8,3,-5,2,-3,0,0,1,-1,0,1,2,-1
KR_6586808988,420,-3,-21,0,-5,-2,2,0,-2,5,3,0,2,2,-1,5,4,0,0,0,-1,-4,15,-2,-6,8,-2,0,-2,-1,-1,-1,-1,6,-1
KR_6763734310,420,-1,2,-8,-2,1,2,3,-6,6,0,1,1,2,0,0,0,2,1,3,0,1,322,-1,-4,5,0,0,0,1,-1,-1,1,2,-1
KR_6674091599,420,-3,-19,-16,-5,-3,4,1,-2,4,2,-2,4,2,-1,1,0,3,1,4,-1,-8,3,1,-3,2,-5,0,-1,-1,-1,-1,-1,6,-1
KR_6740561679,420,-5,-20,-32,-8,-2,3,1,0,2,2,-3,4,1,-3,7,4,0,2,2,-1,-6,-20,-6,-4,10,4,0,-1,-1,-1,-1,1,4,-1
KR_6760703194,420,0,-57,-13,2,2,1,3,1,1,2,-1,3,2,1,1,2,-1,1,0,0,1,5,3,-5,2,-1,0,1,1,1,1,1,5,-1
KR_6685775574,420,3,40,33,1,2,1,3,1,3,4,0,3,3,0,1,1,-2,2,0,0,-4,97,-4,-5,9,2,0,0,-1,1,1,1,3,-1
KR_6735401883,420,-3,-100,-17,-11,-1,2,1,-7,7,0,-1,1,0,-4,6,2,2,1,3,0,-5,-191,-3,-2,5,2,0,-1,-1,1,-1,-1,1,-1
KR_6751765149,420,-1,10,8,5,0,3,3,-3,5,2,-1,4,3,6,1,7,3,1,4,-1,5,23,-1,-6,7,1,0,1,1,1,1,-1,1,-1
KR_6633116277,420,-1,-15,5,-3,7,1,8,-3,5,2,0,2,2,-9,10,1,2,2,4,0,1,10,4,-8,4,3,0,0,-1,1,1,-1,4,-1
KR_6763231625,440,-1,-80,-14,-3,-3,5,2,2,2,4,0,3,3,-3,6,3,1,0,1,0,1,4,4,-7,3,-1,0,-1,-1,0,-1,-1,6,-1
KR_6681996736,440,0,94,-16,1,2,2,4,-5,5,0,-2,2,0,5,2,7,1,3,4,0,-2,-1,-3,-4,7,1,0,1,-1,0,1,1,4,-1
KR_6738946146,420,0,-20,44,2,0,0,0,-4,5,1,1,1,2,3,2,5,2,0,2,0,1,-73,3,-5,2,3,0,0,-1,-1,-1,-1,1,-1
KR_6665588875,420,1,12,52,-3,-8,8,0,-5,9,4,7,0,7,1,2,3,2,5,7,-1,0,-17,-2,-5,7,-4,0,1,-1,1,1,-1,3,-1
KR_6699513545,420,-5,-45,-33,-9,0,1,1,-4,6,2,-1,3,2,-3,4,1,-1,2,1,0,-9,1,3,-7,4,1,0,0,-1,-1,-1,-1,4,-1
KR_6636013928,420,-2,-35,9,-11,2,2,4,-4,6,2,-3,4,1,-4,8,4,-2,2,0,1,-17,-2,-1,-2,3,-1,0,-1,1,-1,-1,1,2,-1
KR_6759473096,420,-2,38,2,-5,1,3,4,-6,9,3,-1,1,0,3,1,4,-2,2,0,0,-4,-7,-5,-1,6,4,0,1,1,1,1,1,6,-1
KR_6669637650,420,-2,-38,-21,-12,0,1,1,-1,3,2,-5,5,0,-6,7,1,0,1,1,0,-10,-53,-2,-4,6,30,0,-1,-1,-1,-1,-1,1,-1
KR_6658385237,420,-2,-66,8,0,3,2,5,3,2,5,-1,2,1,-5,7,2,0,2,2,0,1,-26,0,-4,4,22,0,0,1,1,-1,-1,5,-1
KR_6629742529,420,-1,-85,9,-2,0,3,3,2,0,2,1,1,2,-3,4,1,-2,2,0,0,-2,7,3,-5,2,-4,0,-1,-1,0,-1,-1,1,-1
KR_6667772412,420,-2,-29,-8,-6,-1,1,0,-7,7,0,0,5,5,0,1,1,2,0,2,0,-11,-11,-7,-2,9,3,0,0,-1,-1,0,1,2,-1
KR_6739914099,420,2,-26,-8,2,-1,4,3,1,3,4,-1,3,2,2,1,3,1,0,1,1,5,9,3,-6,3,-4,0,1,-1,1,1,1,2,-1
KR_6683595928,420,-3,-53,23,-2,-2,4,2,-2,3,1,-6,7,1,9,0,9,-1,2,1,0,4,-170,1,-11,10,-1,0,-2,1,1,-1,1,4,-1
KR_6508350509,420,0,17,0,3,0,0,0,0,0,0,-4,4,0,5,2,7,2,0,2,1,3,87,0,-4,4,0,0,0,1,-1,1,1,5,-1
KR_6747698683,420,-1,16,-15,1,-3,4,1,4,1,5,-2,6,4,1,0,1,1,0,1,0,8,10,-4,-4,8,-3,0,0,-1,1,0,-1,5,-1
KR_6716263719,440,1,-43,-4,2,-1,5,4,1,1,2,0,2,2,4,1,5,-2,3,1,0,2,18,-3,-5,8,-2,0,0,1,1,0,-1,4,-1
KR_6749092126,420,-2,-33,-10,-9,1,3,4,-4,9,5,-5,6,1,-2,4,2,1,0,1,0,-15,-41,-5,-2,7,4,0,0,-1,-1,-1,-1,4,-1
KR_6667747512,420,-2,59,-15,-4,-3,3,0,-3,3,0,0,0,0,2,0,2,0,0,0,0,-1,-122,-2,-4,6,3,0,-1,0,-1,-1,-1,0,-1
KR_6730763532,420,-3,-25,-32,-9,1,4,5,-7,8,1,-2,5,3,-1,2,1,0,1,1,-1,-10,-13,2,-5,3,3,0,-2,1,-1,-1,1,6,-1
KR_6035625026,420,0,-22,22,-1,0,1,1,0,4,4,-2,3,1,2,2,4,-1,2,1,0,2,-28,1,-5,4,4,0,0,1,-1,-1,-1,4,-1
KR_6749601942,420,-1,-76,-1,-1,-3,4,1,-3,4,1,1,1,2,6,1,7,-2,2,0,0,3,6,7,-15,8,-2,0,-2,1,1,-1,1,5,-1
KR_6758352513,420,-4,-29,-28,-7,-2,2,0,-3,4,1,-3,3,0,2,2,4,-1,1,0,0,-11,-3,-2,-4,6,0,0,0,-1,-1,0,-1,6,-1
KR_6597387966,420,0,-11,17,-4,2,1,3,-2,5,3,-4,6,2,-2,2,0,2,0,2,0,-3,220,-1,-5,6,-5,0,0,1,1,0,-1,4,-1
KR_6762327901,420,0,-4,4,-1,-4,5,1,2,1,3,-1,1,0,1,3,4,1,0,1,0,-4,5,1,-4,3,0,0,-1,-1,1,-1,1,5,-1
KR_6758490356,420,-1,-1,-8,3,-1,3,2,4,0,4,0,3,3,1,4,5,-1,1,0,0,4,-3,4,-9,5,-1,0,0,1,-1,0,1,6,-1
KR_6758071334,440,0,-86,-11,-1,0,1,1,-2,3,1,2,0,2,1,1,2,-2,5,3,0,0,-5,1,-2,1,3,0,-1,0,-1,-1,1,0,-1
KR_6420062638,420,-4,-60,24,-4,0,1,1,1,2,3,-2,4,2,-3,3,0,0,0,0,0,3,34,1,-7,6,-7,0,-1,0,-1,-1,-1,0,-1
KR_6718791445,440,1,-41,-4,-1,0,0,0,0,4,4,1,0,1,-1,5,4,-1,2,1,0,-4,257,-2,-3,5,-1,0,1,-1,0,1,1,6,-1
KR_6748405067,420,-1,72,-16,3,-3,3,0,0,3,3,7,1,8,-1,2,1,0,1,1,-1,5,109,0,-4,4,8,0,0,-1,-1,1,-1,3,-1
KR_6686517581,420,-2,-45,-24,-8,-2,2,0,-2,3,1,-5,9,4,0,4,4,1,2,3,-1,-3,-3,-2,-4,6,-2,0,0,-1,-1,-1,-1,1,-1
KR_6725238409,420,2,47,-4,1,-2,3,1,-1,6,5,3,0,3,0,2,2,1,0,1,0,-6,-10,1,-5,4,0,0,0,-1,-1,-1,1,6,-1
KR_6761571859,420,2,40,0,-1,2,1,3,5,2,7,-2,3,1,-6,7,1,0,0,0,0,-7,-20,-1,-3,4,-2,0,1,-1,0,-1,-1,6,-1
KR_6758389907,420,0,-111,17,0,-1,4,3,2,2,4,0,2,2,0,5,5,-1,1,0,0,-1,-281,5,-7,2,-3,0,0,-1,-1,0,-1,5,-1
KR_6729451741,420,-1,2,-33,3,3,1,4,0,2,2,-1,2,1,1,3,4,0,2,2,0,0,-6,-2,-3,5,1,0,0,-1,1,0,-1,6,-1
KR_6759693988,440,1,-24,-4,0,0,0,0,1,1,2,-4,5,1,2,0,2,1,0,1,0,4,-6,-4,-3,7,6,0,0,1,-1,0,-1,5,-1
KR_6742169981,440,-4,-19,17,-12,-2,2,0,-4,4,0,-1,2,1,-3,3,0,-2,2,0,0,-12,13,-3,-6,9,0,0,0,-1,-1,-1,-1,2,-1
KR_6754216687,420,-2,17,-8,-2,-1,2,1,-3,3,0,3,2,5,-2,6,4,1,2,3,0,-10,22,0,-4,4,-1,0,0,-1,-1,0,-1,3,-1
KR_6757119552,420,-4,-73,-20,-10,-4,7,3,1,3,4,-4,5,1,-3,3,0,0,0,0,0,-3,2,-3,-2,5,1,0,-1,-1,-1,-1,-1,5,-1
KR_6728332075,440,-1,-49,-8,-5,2,1,3,-3,5,2,-2,2,0,0,4,4,-2,2,0,-1,-8,-41,-5,-2,7,25,0,0,1,-1,0,-1,3,-1
KR_6755766696,420,-1,-104,-4,3,-1,2,1,2,3,5,3,1,4,0,5,5,-1,2,1,0,5,-34,-1,-5,6,15,0,0,1,1,-1,-1,3,-1
KR_6751963379,420,0,-27,4,-4,-3,4,1,2,2,4,-5,8,3,2,3,5,0,2,2,0,5,23,2,-8,6,-3,0,-3,-1,1,-1,1,3,-1
KR_6546351176,420,-7,-104,-65,-11,0,2,2,-1,2,1,-2,4,2,-7,9,2,-1,1,0,0,-10,6,-4,-4,8,1,0,-2,-1,1,-1,1,5,-1
KR_6510858677,420,0,-12,-24,4,2,2,4,-1,3,2,-1,3,2,0,3,3,4,2,6,0,0,-30,-4,0,4,4,0,0,1,-1,-1,-1,5,-1
KR_6761719983,420,-3,34,22,-5,0,0,0,-1,4,3,2,2,4,-5,6,1,-1,2,1,0,-17,1,0,-2,2,0,0,0,1,1,0,1,5,-1
KR_6753118238,440,0,25,0,-6,-6,6,0,-3,5,2,-1,3,2,4,0,4,0,0,0,0,-1,7,0,-5,5,1,0,-1,1,-1,-1,-1,3,-1
KR_6758187556,420,-1,-52,0,-4,0,1,1,-1,2,1,0,2,2,-3,4,1,0,0,0,0,-3,-22,0,-6,6,-6,0,-1,-1,-1,-1,-1,5,-1
KR_6615416183,420,3,17,8,9,3,2,5,-1,4,3,0,1,1,4,2,6,3,1,4,0,6,6,0,-4,4,1,0,1,1,1,1,1,5,-1
KR_6512440272,420,-2,-21,-16,-4,-1,3,2,-5,6,1,-2,3,1,2,4,6,2,2,4,0,-3,10,2,-4,2,-7,0,-1,-1,-1,-1,-1,2,-1
KR_6738874917,420,-2,-20,16,-4,0,2,2,-5,6,1,-2,4,2,3,0,3,0,0,0,-1,-2,6,5,-6,1,0,0,-1,-1,1,-1,-1,6,-1
KR_6747857223,420,0,-14,-6,5,0,0,0,2,3,5,0,4,4,2,1,3,1,1,2,1,13,-3,0,-4,4,0,0,0,0,1,-1,1,0,-1
KR_6757451319,420,-8,-60,-49,-19,-3,5,2,-1,3,2,-6,7,1,-6,9,3,-3,4,1,0,-9,0,-4,-3,7,-5,0,-1,-1,-1,-1,-1,1,-1
KR_6760831686,420,-1,-4,13,-8,-2,3,1,-4,6,2,2,0,2,-2,5,3,-2,2,0,0,-8,11,1,-4,3,-4,0,-1,1,-1,-1,1,6,-1
KR_6717690683,420,-3,28,4,-8,1,2,3,-3,4,1,-5,6,1,-2,2,0,1,1,2,0,-11,-1,5,-8,3,-3,0,-1,1,-1,-1,1,4,-1
KR_6757392757,420,-1,-25,-7,1,-1,2,1,-1,4,3,-1,4,3,4,1,5,0,1,1,0,2,6,-3,-3,6,-2,0,0,1,1,0,1,2,-1
KR_6652919829,420,1,48,1,1,-1,2,1,3,3,6,-1,1,0,0,2,2,0,2,2,0,-1,-12,0,-6,6,-1,0,0,-1,1,1,1,1,-1
KR_6732483521,420,1,14,11,0,-1,2,1,5,1,6,-4,4,0,4,0,4,-4,6,2,0,4,4,0,-4,4,1,0,1,1,1,1,1,1,-1
KR_6632701009,440,-4,-44,4,-6,0,2,2,0,2,2,-5,5,0,-1,1,0,0,2,2,0,-1,4,2,-5,3,0,0,-2,-1,0,-1,-1,4,-1
KR_6592198110,420,-3,-82,-9,-11,1,0,1,-5,7,2,0,0,0,-5,6,1,-2,2,0,0,-16,-10,-5,-3,8,2,0,-1,-1,-1,-1,-1,2,-1
KR_6746392512,420,0,48,-4,1,3,1,4,1,1,2,-4,6,2,-1,4,3,2,1,3,1,0,24,3,-5,2,4,0,0,-1,-1,0,1,2,-1
KR_6700378403,420,2,31,17,0,-1,3,2,-3,4,1,0,1,1,6,1,7,-2,4,2,1,-3,-24,-3,-6,9,8,0,-1,1,-1,-1,1,4,-1
KR_6403891783,420,-4,-65,-13,-12,-3,3,0,-1,1,0,1,2,3,-8,8,0,-1,1,0,0,-18,-23,-2,-4,6,0,0,-1,-1,1,-1,-1,5,-1
KR_6762565933,420,0,54,-14,-2,-2,4,2,-4,6,2,2,0,2,-1,3,2,3,0,3,0,-5,-31,-3,-3,6,1,0,0,-1,-1,0,1,4,-1
KR_6274751251,420,2,-20,4,3,1,1,2,-1,2,1,0,2,2,1,3,4,2,2,4,-1,-3,7,0,-5,5,0,0,-1,0,1,-1,-1,0,-1
KR_6490958993,420,-2,3,8,-2,-1,3,2,0,4,4,-2,6,4,2,2,4,-1,1,0,0,-1,2,-2,-3,5,4,0,-1,-1,-1,-1,1,1,-1
KR_6675485652,420,4,-6,16,10,1,2,3,1,1,2,5,0,5,0,0,0,3,0,3,0,6,1,3,-5,2,2,0,0,-1,1,1,-1,1,-1
KR_6653119804,420,1,-3,49,-1,2,1,3,0,2,2,1,2,3,-1,3,2,-3,3,0,0,-8,-36,1,-3,2,1,0,0,-1,1,1,-1,4,-1
KR_6757691336,420,-4,21,-17,-9,-2,4,2,0,0,0,-4,9,5,-1,4,3,-2,2,0,0,-7,-10,-3,-6,9,0,0,1,0,-1,1,-1,0,-1
KR_6746290970,420,-7,-122,4,-6,-3,3,0,-1,4,3,2,2,4,-2,2,0,-2,2,0,0,-8,1,-3,-5,8,-3,0,-2,-1,-1,-1,-1,1,-1
KR_6649453929,420,-2,-2,-16,-4,1,0,1,1,1,2,-1,3,2,-4,7,3,-1,2,1,0,-6,6,5,-8,3,0,0,0,1,-1,0,-1,2,-1
KR_6728036684,440,-2,-55,0,3,0,1,1,0,2,2,-1,2,1,1,3,4,3,0,3,1,6,-3,3,-8,5,1,0,0,1,-1,0,1,6,-1
KR_6729752619,420,-1,-63,9,-7,-4,4,0,2,0,2,1,0,1,-5,6,1,-1,1,0,0,-2,-8,-3,-3,6,2,0,0,1,1,-1,-1,4,-1
KR_6733706348,420,0,-14,-4,3,2,0,2,-1,1,0,-2,5,3,4,1,5,0,0,0,0,5,-9,1,-5,4,3,0,0,0,-1,0,1,0,-1
KR_6760827214,420,-2,-12,-8,-5,-3,4,1,0,2,2,-3,4,1,0,1,1,1,0,1,0,-6,-12,1,-9,8,5,0,0,1,-1,-1,-1,3,-1
KR_6744588202,420,-3,-1,24,-7,-1,1,0,0,2,2,-5,6,1,-2,5,3,1,1,2,0,-3,1,1,-5,4,-2,0,-1,1,0,-1,1,2,-1
KR_6761431898,420,2,-36,11,6,-4,5,1,3,1,4,1,0,1,6,1,7,0,1,1,0,12,-8,-5,-3,8,4,0,0,1,-1,-1,1,4,-1
KR_6751807096,420,-7,-26,-44,-15,1,0,1,-5,7,2,-5,6,1,-3,5,2,-3,3,0,0,-15,-5,-3,-2,5,0,0,-2,-1,-1,-1,-1,5,-1
KR_6700197680,420,-4,-22,-43,-11,-3,4,1,-7,8,1,-2,4,2,0,1,1,1,0,1,0,-9,10,5,-8,3,-4,0,0,-1,1,0,-1,3,-1
KR_6664551828,420,-3,-5,-5,-5,2,0,2,-3,4,1,-1,5,4,-3,4,1,0,0,0,0,-4,-141,0,-7,7,2,0,-1,1,-1,-1,-1,2,-1
KR_6738064258,440,-3,-17,-14,-7,-1,2,1,0,4,4,-2,2,0,-6,6,0,2,0,2,0,-2,-5,-3,-2,5,0,0,-1,-1,0,-1,-1,1,-1
KR_6692980157,420,-1,-32,-8,0,-5,6,1,-2,2,0,5,0,5,1,1,2,1,3,4,0,5,-2,2,-5,3,1,0,-1,-1,0,-1,1,1,-1
KR_6742243589,420,-3,-106,-19,-7,-7,7,0,0,3,3,-6,7,1,3,0,3,3,0,3,0,-6,381,0,-4,4,20,0,0,1,-1,-1,-1,2,-1
KR_6725049642,420,-4,-13,-40,-8,-2,3,1,3,1,4,-1,2,1,-3,3,0,-5,5,0,0,1,-3,-2,-3,5,1,0,-1,0,1,-1,-1,0,-1
KR_6573875294,420,-3,-18,-22,-5,-1,4,3,0,2,2,0,1,1,0,2,2,-4,5,1,0,2,-9,-5,-4,9,4,0,0,-1,1,0,1,4,-1
KR_6760349691,420,-1,33,16,-5,0,2,2,3,1,4,-4,5,1,-3,3,0,-1,1,0,0,-4,-15,-2,-3,5,-1,0,-1,-1,1,-1,1,5,-1
KR_6762661416,420,2,-23,21,-2,0,2,2,-1,5,4,8,0,8,-9,10,1,0,1,1,-3,-10,-4,-1,-3,4,-2,0,-1,1,1,-1,-1,6,-1
KR_6545755184,420,2,11,2,-4,-2,2,0,-1,4,3,-3,4,1,3,0,3,-1,4,3,0,-5,-5,-5,-1,6,5,0,0,1,-1,1,-1,1,-1
KR_6631787045,420,2,60,20,3,4,0,4,0,1,1,1,2,3,-2,2,0,0,2,2,0,2,4,0,-4,4,2,0,0,1,1,0,1,5,-1
KR_6639209574,440,-5,-4,-20,-6,0,1,1,0,1,1,-4,4,0,1,2,3,-3,3,0,0,-4,2,0,-2,2,0,0,-1,-1,-1,-1,-1,6,-1
KR_6704328976,420,4,-20,5,4,2,1,3,0,4,4,-1,4,3,1,0,1,2,0,2,1,7,33,2,-5,3,-30,0,-1,0,0,-1,1,0,-1
KR_6633302629,420,-3,1,8,-2,-1,1,0,-1,3,2,-2,3,1,2,0,2,0,0,0,0,-1,-8,2,-5,3,3,0,0,-1,1,0,1,1,-1
KR_6764568489,420,1,-19,4,-3,0,1,1,-2,4,2,-4,8,4,4,2,6,-1,1,0,0,0,5,2,-3,1,-1,0,1,-1,1,1,1,5,-1
KR_6694479755,440,2,22,-1,7,2,0,2,3,2,5,6,1,7,-4,4,0,0,0,0,1,5,-3,1,-4,3,2,0,0,1,1,1,1,2,-1
KR_5832013866,420,-3,-2,-8,-5,-2,3,1,-5,7,2,2,0,2,3,4,7,-3,3,0,-1,-2,10,0,-4,4,-2,0,0,1,0,-1,-1,1,-1
KR_6736571101,440,-2,43,4,1,1,3,4,-3,5,2,-2,4,2,4,1,5,1,1,2,-2,0,4,-1,-1,2,5,0,-1,-1,1,-1,-1,6,-1
KR_6669600411,420,-2,-26,28,-5,1,4,5,-1,3,2,-1,4,3,-2,2,0,-2,2,0,0,-6,117,0,-2,2,-3,0,0,-1,1,1,1,1,-1
KR_6764132588,420,1,-27,12,4,1,1,2,4,2,6,1,1,2,-3,5,2,1,1,2,0,-1,24,3,-7,4,-8,0,0,-1,1,1,1,2,-1
KR_6739731343,420,-3,-116,4,-6,1,1,2,0,1,1,-7,7,0,0,3,3,0,1,1,0,-2,15,0,-3,3,-4,0,-2,-1,1,-1,-1,6,-1
KR_6763481891,420,-1,40,-8,-2,2,1,3,-1,5,4,-4,6,2,0,2,2,1,3,4,0,-6,-4,-3,-2,5,-1,0,1,-1,1,1,1,5,-1
KR_6745894468,420,0,-37,-28,-2,-1,1,0,0,2,2,-5,7,2,4,1,5,0,0,0,-1,1,9,2,-6,4,2,0,-1,-1,0,-1,-1,4,-1
KR_6721754251,420,-3,-89,-23,-2,-3,4,1,0,3,3,0,3,3,-2,2,0,3,0,3,-1,0,-3,1,-2,1,0,0,-2,-1,1,-1,-1,1,-1
KR_6719598119,420,-1,-2,-19,-2,2,1,3,-2,5,3,-3,5,2,0,3,3,1,0,1,-2,-10,-48,-5,-1,6,27,0,0,-1,-1,0,-1,4,-1
KR_6663927085,420,0,13,0,-2,-2,3,1,-2,5,3,0,4,4,2,1,3,0,1,1,0,-3,124,2,-4,2,1,0,1,1,1,1,-1,2,-1
KR_6746236040,440,-2,-39,24,-4,-2,4,2,-2,2,0,0,3,3,0,2,2,0,0,0,1,-1,8,0,-4,4,2,0,0,0,-1,0,1,0,-1
KR_6570672713,420,-3,-48,-21,-13,-2,2,0,-8,9,1,2,4,6,-4,6,2,-1,1,0,-1,-19,-32,5,-9,4,-6,0,-3,1,1,-1,-1,3,-1
KR_6740372699,440,1,-33,21,2,0,1,1,0,2,2,1,1,2,2,2,4,-1,1,0,0,-6,146,6,-8,2,-3,0,1,1,1,1,-1,3,-1
KR_6741866024,420,-3,-18,-9,-6,-4,4,0,6,0,6,-3,3,0,-4,6,2,-1,1,0,0,-6,4,-2,-3,5,-2,0,-1,1,-1,-1,-1,3,-1
KR_6676460778,440,-1,-48,8,-4,-3,4,1,-1,3,2,-3,3,0,0,0,0,3,0,3,0,-1,-3,-3,-2,5,1,0,0,0,1,0,-1,0,-1
KR_6750220049,420,-2,-23,-24,-1,-1,3,2,3,4,7,-3,4,1,0,4,4,0,0,0,0,1,2,0,-3,3,2,0,-2,1,-1,-1,1,6,-1
KR_6591798996,420,2,-47,-35,-2,1,1,2,-1,2,1,-1,4,3,-1,1,0,0,1,1,0,-3,-9,-3,-3,6,0,0,0,-1,1,-1,-1,1,-1
KR_6759269085,420,0,33,20,0,1,1,2,5,1,6,3,3,6,-7,7,0,-2,2,0,0,-6,32,5,-8,3,-2,0,0,1,1,0,1,5,-1
KR_6744666595,420,-2,-88,-8,-3,-2,4,2,1,1,2,0,4,4,-1,3,2,-1,1,0,1,3,184,-5,-3,8,-4,0,0,-1,1,-1,1,1,-1
KR_6582472200,420,-7,-54,-20,-16,-2,3,1,-8,10,2,-2,2,0,-4,5,1,0,2,2,-2,-18,-1,-1,-5,6,4,0,-2,-1,-1,-1,-1,1,-1
KR_6602844729,420,2,26,5,-5,-3,4,1,2,0,2,-5,5,0,1,4,5,0,4,4,-2,-4,-1,-3,-3,6,3,0,-1,1,-1,-1,-1,5,-1
KR_6538231507,420,-2,-23,-11,-3,-4,4,0,1,0,1,-3,5,2,2,0,2,1,0,1,0,5,-10,6,-7,1,5,0,0,1,-1,-1,-1,2,-1
KR_6570606198,420,-5,-75,-40,-9,-4,6,2,0,3,3,-5,5,0,-2,4,2,2,0,2,0,-8,218,2,-5,3,-3,0,-1,-1,-1,-1,-1,5,-1
KR_6762222821,420,-3,-69,8,-2,1,0,1,-2,4,2,2,0,2,-1,3,2,-2,3,1,0,-4,-6,-2,-2,4,2,0,-1,1,-1,-1,-1,2,-1
KR_6638158727,420,-1,-62,-16,-7,3,1,4,-2,4,2,2,2,4,-7,7,0,-3,3,0,-1,-9,-6,-2,-4,6,-3,0,0,1,-1,0,-1,2,-1
KR_6752546967,420,-2,-18,-24,-3,-2,4,2,0,2,2,1,4,5,0,2,2,-2,4,2,0,-3,-5,-4,-3,7,-4,0,-1,-1,1,1,-1,6,-1
KR_6761541394,420,0,3,5,-6,0,3,3,-9,9,0,1,0,1,1,0,1,1,0,1,0,-8,-39,2,-6,4,14,0,1,1,1,1,-1,6,-1
KR_6763937299,420,-5,-13,1,-8,-1,1,0,-2,2,0,0,1,1,-3,5,2,-2,3,1,-1,-12,120,2,-6,4,-7,0,1,-1,1,1,-1,1,-1
KR_6700814981,420,-5,-35,-31,-11,-2,4,2,-2,6,4,-1,3,2,-6,6,0,0,0,0,0,-7,28,-3,-4,7,-19,0,-3,0,-1,-1,-1,0,-1
KR_6663711534,420,-2,-67,2,-8,-3,3,0,-2,3,1,-1,3,2,-2,4,2,0,1,1,0,-4,-4,-4,-3,7,-4,0,-1,1,-1,-1,-1,5,-1
KR_6759450594,420,1,0,34,-4,2,2,4,-1,3,2,1,3,4,-6,12,6,0,1,1,-2,-11,5,-3,-5,8,-4,0,-1,0,-1,-1,-1,0,-1
KR_6733643810,420,-1,-53,-19,-2,-2,2,0,-2,3,1,1,2,3,2,5,7,-1,2,1,0,-10,345,-3,-3,6,-2,0,0,1,1,1,-1,3,-1
KR_6633334198,420,2,45,0,10,1,0,1,-3,9,6,4,2,6,7,1,8,1,1,2,0,17,13,-1,-6,7,-2,0,1,-1,0,1,1,4,-1
KR_6741558873,420,1,4,4,7,0,1,1,4,2,6,3,0,3,-1,2,1,1,5,6,0,5,1,2,-6,4,2,0,1,1,1,1,1,3,-1
KR_6721532073,420,-3,-94,12,-12,-4,5,1,-3,3,0,-1,4,3,0,3,3,-4,6,2,0,-2,-8,-2,-4,6,-6,0,-1,1,-1,-1,-1,1,-1
KR_6738900420,420,-1,-12,8,4,4,3,7,2,0,2,-2,4,2,2,2,4,-2,4,2,0,-1,-56,4,-5,1,12,0,1,1,1,1,1,5,-1
KR_6751443533,440,0,-13,6,1,-5,6,1,-4,6,2,3,2,5,3,0,3,4,1,5,2,3,7,2,-5,3,-2,0,-1,1,0,-1,1,6,-1
KR_6761565903,420,-4,-10,-32,-5,0,0,0,2,1,3,1,0,1,-6,9,3,-2,4,2,-1,-2,-10,-3,-3,6,2,0,-1,-1,1,-1,-1,6,-1
KR_6762076869,420,0,46,-9,6,1,0,1,1,1,2,-2,5,3,3,3,6,3,0,3,0,18,0,1,-4,3,4,0,1,1,1,1,1,4,-1
KR_6597462854,420,-2,46,0,-2,2,0,2,3,1,4,-1,1,0,1,2,3,-7,7,0,0,-4,-1,1,-4,3,-2,0,1,-1,-1,1,-1,1,-1
KR_6713694333,420,0,15,-20,3,5,1,6,-1,3,2,-1,3,2,0,2,2,0,1,1,0,4,0,4,-7,3,1,0,1,-1,0,1,1,6,-1
KR_6560426697,440,-6,-110,-23,-14,-2,3,1,2,0,2,-6,6,0,-5,7,2,-3,6,3,0,-16,18,-4,-2,6,3,0,-3,-1,-1,-1,-1,2,-1
KR_6616900182,420,1,-22,-10,-1,-2,3,1,-3,3,0,0,3,3,3,1,4,1,0,1,-1,-4,-2,-5,-3,8,5,0,2,-1,1,1,-1,3,-1
KR_6748014012,420,-6,-12,-24,-12,-1,3,2,-6,8,2,-6,6,0,4,0,4,-3,5,2,0,-8,-38,-1,-2,3,4,0,0,0,0,1,1,0,-1
KR_6759775715,420,2,-22,4,7,4,1,5,-1,5,4,5,1,6,3,1,4,-4,5,1,0,7,-5,2,-3,1,0,0,0,1,1,1,1,6,-1
KR_6760471348,420,-1,12,-4,-2,-5,6,1,-3,7,4,1,1,2,7,0,7,-2,2,0,1,8,-3,0,-2,2,0,0,0,0,0,-1,1,0,-1
KR_6760281018,420,-6,-31,-6,-17,-5,6,1,-2,2,0,-12,13,1,1,0,1,1,0,1,0,-15,-33,-1,-2,3,-5,0,0,1,-1,-1,-1,5,-1
KR_6761642997,420,-5,-97,-20,-7,-2,2,0,2,5,7,-2,5,3,-4,5,1,-1,1,0,0,0,-4,-1,-1,2,-3,0,-2,-1,0,-1,-1,3,-1
KR_6760302317,420,-7,-129,-17,-7,0,2,2,-4,4,0,-4,5,1,-1,5,4,2,2,4,1,-6,-28,-1,-1,2,0,0,-3,-1,-1,-1,1,1,-1
KR_6753604463,420,-8,-131,-25,-17,-8,9,1,-1,2,1,-4,5,1,-2,5,3,-2,2,0,0,-1,21,-5,-2,7,2,0,-4,-1,-1,-1,-1,3,-1
KR_6602413619,420,-3,1,-24,-6,0,2,2,-4,7,3,0,1,1,0,2,2,-2,3,1,0,-10,4,0,-5,5,-4,0,0,1,-1,0,-1,5,-1
KR_6758377934,420,-4,-47,-20,-14,0,2,2,-5,6,1,0,2,2,-5,5,0,-4,4,0,-1,-7,-6,2,-6,4,-2,0,-1,-1,-1,-1,-1,5,-1
KR_6750876084,420,-4,2,-32,-12,-6,7,1,0,2,2,1,1,2,-7,11,4,0,1,1,0,-10,-5,-1,-3,4,5,0,-1,-1,-1,-1,-1,4,-1
KR_6667630379,420,-4,-81,-29,-4,2,2,4,0,0,0,-3,6,3,-4,5,1,1,0,1,0,-3,-19,-2,-2,4,24,0,0,0,-1,-1,-1,0,-1
KR_6580997557,440,-5,-17,-12,-8,-4,5,1,-1,7,6,-2,2,0,0,3,3,-1,3,2,0,-1,17,-3,-5,8,-2,0,-1,1,-1,-1,-1,6,-1
KR_6747092945,420,0,-22,16,6,-1,2,1,1,1,2,1,1,2,4,1,5,1,0,1,0,13,-38,0,-5,5,-2,0,-1,1,-1,-1,1,3,-1
KR_6736710866,420,-3,-36,-40,-7,-2,2,0,-4,4,0,-1,2,1,0,1,1,0,0,0,0,-8,-1,-1,-5,6,1,0,0,-1,-1,-1,-1,5,-1
KR_6733451805,440,-1,-15,43,-4,1,2,3,-1,5,4,-1,2,1,-3,5,2,0,1,1,-1,-10,151,-2,-2,4,0,0,1,1,1,1,-1,5,-1
KR_6745067052,420,4,23,23,10,1,1,2,0,1,1,0,2,2,4,0,4,5,0,5,1,10,6,-5,-4,9,1,0,0,1,-1,-1,1,2,-1
KR_6679913113,420,-2,16,-4,2,0,0,0,-2,4,2,-1,3,2,1,1,2,4,1,5,0,-2,-38,5,-7,2,17,0,0,1,1,0,1,3,-1
KR_6601054888,420,-1,-6,4,-3,-2,4,2,-1,2,1,1,1,2,-2,4,2,1,0,1,0,-4,17,0,-5,5,0,0,-2,1,-1,-1,-1,4,-1
KR_6582804672,420,-4,-89,0,-3,-2,3,1,0,2,2,2,3,5,-3,6,3,0,1,1,1,7,-11,-7,-2,9,6,0,-2,-1,-1,-1,-1,1,-1
KR_6681203170,420,-1,65,13,-8,-1,2,1,-2,2,0,-4,6,2,-2,7,5,1,1,2,-1,-14,-4,4,-9,5,2,0,-1,1,-1,-1,-1,3,-1
KR_6764226268,420,2,70,22,-6,-1,1,0,-6,6,0,-1,2,1,1,1,2,1,0,1,0,-12,359,1,-5,4,0,0,1,-1,1,1,-1,3,-1
KR_6404813243,420,-3,-42,-4,-2,2,0,2,2,5,7,-4,4,0,-3,3,0,1,0,1,0,-3,8,0,-5,5,-8,0,0,-1,1,1,1,1,-1
KR_6764594580,420,-1,13,4,-7,1,1,2,1,2,3,-5,6,1,-5,7,2,1,0,1,1,-7,406,3,-7,4,-3,0,-1,1,1,-1,1,4,-1
KR_6216585571,420,2,-3,-13,3,0,1,1,0,4,4,1,3,4,0,2,2,2,0,2,0,2,8,5,-7,2,-1,0,-2,-1,-1,-1,-1,2,-1
KR_6512646733,420,2,7,-4,-1,5,1,6,-2,4,2,2,2,4,-3,4,1,-3,5,2,0,-5,6,-2,-7,9,-1,0,0,0,1,0,1,0,-1
KR_6759808441,420,1,-14,-8,-1,0,2,2,-6,8,2,0,5,5,1,3,4,4,0,4,0,-2,-37,2,-3,1,20,0,0,1,-1,-1,1,4,-1
KR_6672670321,420,2,5,-30,5,3,0,3,-1,4,3,-3,4,1,2,2,4,4,1,5,0,6,10,4,-9,5,-6,0,0,-1,-1,0,-1,2,-1
KR_6715918460,420,-2,-44,12,-3,0,1,1,2,1,3,-4,5,1,-4,5,1,3,2,5,0,6,-8,-3,-5,8,-2,0,0,0,0,0,-1,0,-1
KR_6708591147,420,1,-3,4,4,4,0,4,0,1,1,-2,2,0,1,2,3,1,0,1,1,5,-34,2,-6,4,-2,0,1,-1,1,1,1,5,-1
KR_6761511898,420,2,-13,4,6,0,4,4,-1,4,3,1,0,1,6,1,7,0,2,2,0,9,-23,-3,-3,6,-2,0,0,0,1,1,1,0,-1
KR_6760680124,440,-3,-11,5,-6,1,2,3,1,2,3,-3,6,3,-3,5,2,-2,3,1,0,-3,0,0,-3,3,-2,0,0,-1,-1,0,-1,6,-1
KR_6658085868,420,-1,-15,-36,-1,1,1,2,-1,4,3,-2,4,2,0,3,3,1,0,1,0,-6,37,-1,-3,4,-22,0,0,-1,1,0,1,1,-1
KR_6760481217,420,-2,-27,20,1,2,0,2,2,3,5,1,0,1,-3,6,3,-1,3,2,1,-2,3,0,-7,7,-6,0,0,-1,1,-1,1,2,-1
KR_6708264165,420,0,15,-9,-6,-4,4,0,5,1,6,3,3,6,-5,7,2,-5,6,1,0,8,46,6,-11,5,-9,0,-1,0,-1,-1,1,0,-1
KR_6762647480,420,0,31,-9,-1,-3,4,1,0,4,4,0,2,2,2,2,4,0,1,1,-1,5,39,-1,-2,3,6,0,0,-1,-1,0,-1,6,-1
KR_6696489704,420,-1,-35,5,-2,-6,6,0,2,4,6,2,4,6,0,1,1,0,0,0,0,-2,-92,-1,-3,4,0,0,-2,-1,1,-1,-1,1,-1
KR_6571838838,420,-3,-18,24,-8,-5,7,2,3,3,6,-2,2,0,-5,6,1,1,1,2,0,-15,-1,2,-8,6,-6,0,-1,0,1,-1,1,0,-1
KR_6716516679,420,-8,-118,-65,-16,-1,3,2,-2,2,0,0,3,3,-10,10,0,-3,4,1,0,-13,0,1,-4,3,-7,0,-3,-1,-1,-1,-1,3,-1
KR_6667497114,420,-7,-78,-12,-17,-1,2,1,2,0,2,-9,9,0,-8,8,0,-1,2,1,0,-10,-6,1,-3,2,-2,0,-1,-1,0,-1,-1,3,-1
KR_6742094567,420,-1,-27,0,-2,-3,3,0,-2,4,2,-1,2,1,4,0,4,0,1,1,0,3,-5,-1,-4,5,3,0,-1,1,-1,-1,-1,2,-1
KR_6668838530,420,-4,-58,-13,-5,0,2,2,1,2,3,-2,6,4,-5,6,1,1,1,2,-1,-9,181,0,-6,6,0,0,0,-1,1,-1,-1,6,-1
KR_6735990405,420,2,49,-16,1,2,1,3,4,1,5,0,2,2,-6,9,3,1,2,3,0,6,48,2,-4,2,-7,0,0,-1,1,-1,-1,4,-1
KR_5682300064,420,-2,19,-4,-2,1,0,1,-3,5,2,-1,3,2,0,1,1,1,2,3,0,-6,6,4,-9,5,-1,0,0,1,1,0,1,5,-1
KR_6744723943,420,0,48,-12,-6,1,3,4,-2,3,1,-1,3,2,-2,4,2,-2,2,0,0,-10,-15,1,-7,6,-5,0,0,-1,1,0,1,3,-1
KR_6759790388,420,-2,-86,-28,-2,-1,1,0,1,3,4,-1,2,1,-1,2,1,0,3,3,0,5,6,-5,-2,7,-5,0,0,-1,-1,-1,-1,2,-1
KR_6754781262,420,1,1,-3,-1,2,0,2,0,3,3,1,2,3,-3,4,1,-1,2,1,0,-3,-35,-3,-3,6,0,0,0,1,-1,0,-1,6,-1
KR_6749532434,420,0,-3,-16,-5,-1,4,3,-2,2,0,2,0,2,-2,5,3,-2,2,0,0,-8,-163,-1,-3,4,4,0,-1,-1,1,-1,-1,6,-1
KR_6689692503,420,3,77,-2,3,1,2,3,0,2,2,2,0,2,2,2,4,-2,4,2,0,4,23,4,-6,2,-2,0,0,-1,-1,-1,-1,6,-1
KR_6586753017,420,-3,-50,0,-11,1,2,3,-1,3,2,0,3,3,-10,13,3,-1,1,0,0,-9,0,3,-10,7,-3,0,-2,-1,1,-1,1,6,-1
KR_6755217420,420,0,7,-28,-2,0,1,1,1,3,4,-6,6,0,3,1,4,0,1,1,0,4,-6,1,-6,5,4,0,-1,-1,-1,-1,-1,4,-1
KR_6730508856,420,-5,-2,-52,-8,-1,2,1,-1,4,3,0,1,1,-7,7,0,1,0,1,1,-15,1,0,-3,3,1,0,-1,-1,-1,-1,1,1,-1
KR_6745447077,420,-3,-52,-12,1,1,0,1,-1,4,3,-1,3,2,2,1,3,0,0,0,1,6,-152,4,-9,5,-5,0,0,-1,1,0,1,1,-1
KR_6714731605,420,2,-27,-40,2,1,1,2,2,3,5,-3,5,2,2,4,6,0,1,1,0,2,-29,-2,-3,5,12,0,0,1,-1,1,-1,1,-1
KR_6633550229,420,-3,-24,-19,-2,-1,5,4,-2,4,2,-1,2,1,-3,5,2,5,2,7,0,-5,3,3,-7,4,-2,0,-2,0,0,-1,1,0,-1
KR_6738839391,420,-5,-28,-12,-9,-5,6,1,-2,2,0,-2,5,3,0,3,3,0,1,1,0,-7,-2,-1,-4,5,-2,0,-2,-1,-1,-1,1,6,-1
KR_6708644203,420,1,30,-28,0,4,0,4,2,6,8,-2,3,1,-7,7,0,3,0,3,-1,-16,1,8,-12,4,-6,0,-1,-1,1,-1,-1,4,-1
KR_6714553825,420,-3,49,-116,-5,2,0,2,-3,3,0,-3,4,1,-1,2,1,0,2,2,0,-6,-9,1,-2,1,-1,0,-1,-1,-1,-1,-1,1,-1
KR_6763556563,420,2,-19,16,3,-2,3,1,2,3,5,2,4,6,-1,3,2,2,1,3,0,-2,-6,2,-4,2,-4,0,1,-1,1,1,-1,6,-1
KR_6758115837,420,1,25,0,6,-2,2,0,-1,2,1,2,0,2,4,2,6,3,0,3,1,14,5,3,-8,5,-2,0,0,1,1,0,1,6,-1
KR_6739050560,420,4,18,21,6,-1,3,2,0,3,3,2,3,5,0,3,3,5,0,5,1,7,1,4,-7,3,-1,0,1,1,-1,1,1,1,-1
KR_6604364789,420,-2,-33,42,-3,-1,2,1,-1,4,3,-1,3,2,-1,3,2,1,1,2,0,-5,-9,-1,-2,3,6,0,1,1,-1,1,1,5,-1
KR_6695417252,420,-4,23,-43,-9,-1,1,0,-4,5,1,-1,4,3,-2,4,2,-1,1,0,-3,-11,17,0,-3,3,-4,0,1,-1,-1,-1,-1,6,-1
KR_6645200029,420,-7,-60,-11,-2,-1,2,1,-1,4,3,0,4,4,0,1,1,0,1,1,0,4,9,5,-7,2,-5,0,-1,1,-1,-1,1,6,-1
KR_6752973146,420,-2,-34,-11,-6,1,2,3,-8,8,0,0,2,2,1,1,2,0,3,3,-2,-3,9,4,-7,3,-5,0,1,1,1,-1,-1,6,-1
KR_6739573836,420,-1,-40,-29,4,0,1,1,-1,4,3,0,3,3,4,0,4,1,0,1,0,7,115,1,-2,1,3,0,1,1,-1,1,-1,5,-1
KR_6747124458,420,-3,3,-20,-9,-1,1,0,-6,7,1,-1,2,1,-2,3,1,1,0,1,-1,-13,5,0,-2,2,-2,0,-1,0,-1,-1,-1,0,-1
KR_6705733843,420,-1,-1,16,-7,-2,3,1,-3,3,0,0,2,2,3,1,4,-5,6,1,0,-11,2,2,-7,5,3,0,-2,1,-1,-1,-1,1,-1
KR_6756134355,420,-2,-41,26,-3,0,3,3,-1,1,0,-2,6,4,2,0,2,-2,2,0,0,-4,4,0,-4,4,-5,0,-1,-1,0,-1,-1,3,-1
KR_6751273155,420,-2,-33,0,-2,-1,1,0,1,0,1,-2,3,1,2,0,2,-2,2,0,0,-2,-132,3,-7,4,1,0,-1,1,-1,-1,-1,6,-1
KR_6660217516,440,1,58,22,0,2,0,2,3,0,3,-4,5,1,-1,2,1,0,0,0,-1,-8,3,-4,-1,5,0,0,0,-1,-1,0,-1,4,-1
KR_6686177181,420,-6,-16,-20,-9,-2,5,3,-1,1,0,-3,3,0,1,0,1,-4,4,0,0,-8,402,-2,-4,6,-14,0,-2,1,1,-1,-1,5,-1
KR_6656421547,420,-4,-99,20,-17,0,1,1,-13,15,2,2,2,4,-6,6,0,0,1,1,0,-15,-2,-1,-4,5,2,0,-2,-1,-1,-1,-1,3,-1
KR_6741183860,420,-2,-62,10,-8,0,2,2,-1,2,1,-5,5,0,-3,4,1,1,0,1,0,-1,-2,-2,-4,6,-1,0,-1,-1,-1,-1,-1,1,-1
KR_6726995600,440,-2,-38,-12,-2,-1,4,3,-3,7,4,6,2,8,-3,4,1,-1,2,1,3,1,-25,-1,-4,5,6,0,1,-1,1,-1,1,2,-1
KR_6729927956,420,-3,-50,0,-10,-2,3,1,-4,4,0,-2,3,1,-2,7,5,0,0,0,0,-4,-6,3,-6,3,-1,0,-1,1,1,-1,1,1,-1
KR_6761095065,420,-1,10,-37,1,5,0,5,0,3,3,-2,3,1,-2,5,3,0,0,0,0,5,0,-3,-4,7,-1,0,0,-1,-1,1,-1,5,-1
KR_6744033365,420,-4,-10,-16,-6,0,1,1,-1,2,1,-3,8,5,0,1,1,-2,2,0,0,-10,-25,-2,-1,3,1,0,-1,1,1,-1,-1,3,-1
KR_6759990816,420,-3,-79,8,-1,0,1,1,1,2,3,-7,7,0,4,0,4,1,1,2,0,0,20,0,-4,4,-2,0,0,-1,1,0,1,3,-1
KR_6733744942,440,-4,-16,-8,-13,-10,10,0,2,3,5,-1,3,2,-4,5,1,0,2,2,-2,-17,0,-1,-3,4,2,0,0,1,-1,-1,-1,1,-1
KR_6719926281,420,-3,-44,-37,-5,-2,3,1,-1,1,0,-1,3,2,0,3,3,-1,2,1,0,-1,-18,3,-6,3,2,0,-2,-1,-1,-1,-1,1,-1
KR_6636381788,420,-4,-38,-24,1,1,3,4,-2,3,1,4,0,4,-3,3,0,1,0,1,0,3,7,3,-7,4,-3,0,0,0,1,1,1,0,-1
KR_6757383925,420,-2,18,4,-8,-6,6,0,-3,4,1,-1,2,1,2,3,5,0,0,0,-1,-5,-7,3,-5,2,0,0,-1,1,-1,-1,-1,6,-1
KR_6632630101,420,2,62,-30,9,7,0,7,-2,6,4,-1,1,0,3,3,6,2,0,2,1,15,0,5,-10,5,3,0,0,1,1,-1,1,2,-1
KR_6743235272,420,2,48,13,1,-1,4,3,1,1,2,1,3,4,-1,2,1,1,0,1,1,6,310,-4,-3,7,5,0,0,0,-1,1,1,0,-1
KR_6674577556,420,-4,-17,-3,-1,-1,1,0,-1,4,3,-2,2,0,1,0,1,2,0,2,0,2,10,6,-12,6,-6,0,0,-1,-1,-1,-1,2,-1
KR_6733605403,440,-2,-40,0,-5,-3,3,0,0,3,3,1,3,4,-4,6,2,1,1,2,0,-4,-2,-3,-2,5,4,0,0,-1,1,0,-1,2,-1
KR_6676385762,420,-2,-14,6,-11,-5,5,0,-3,5,2,0,1,1,-1,6,5,-2,2,0,0,-6,188,-1,-8,9,-4,0,0,-1,-1,0,-1,3,-1
KR_6746300193,420,-1,30,-15,-6,0,4,4,1,2,3,0,1,1,-3,4,1,-4,4,0,0,-15,-7,-4,-5,9,1,0,1,1,1,1,1,2,-1
KR_6715455236,420,-2,-51,-14,-2,0,2,2,-2,4,2,2,0,2,0,0,0,-2,3,1,0,-7,-2,-3,-3,6,2,0,-2,1,-1,-1,-1,5,-1
KR_6761890460,420,-3,74,17,1,-1,3,2,2,2,4,-2,4,2,2,5,7,0,1,1,0,5,6,4,-6,2,-3,0,0,0,1,1,1,0,-1
KR_6653283548,420,-2,-21,-13,-6,-1,1,0,-1,7,6,0,1,1,-3,5,2,-1,3,2,0,-3,-2,-4,-5,9,0,0,0,1,0,0,1,4,-1
KR_6661237806,420,2,77,-12,4,4,0,4,1,2,3,2,1,3,-1,2,1,-2,2,0,0,3,-10,-1,-7,8,5,0,0,0,1,-1,1,0,-1
KR_6167808495,420,0,-9,-12,2,2,2,4,0,4,4,0,3,3,1,2,3,-1,1,0,0,3,8,3,-6,3,-1,0,1,1,0,1,1,5,-1
KR_6756822471,420,-3,41,-16,3,1,1,2,1,2,3,0,3,3,1,1,2,0,3,3,0,8,3,-1,-5,6,1,0,0,-1,1,1,-1,3,-1
KR_6706944039,440,-3,6,-20,-11,-6,6,0,1,2,3,2,0,2,-6,7,1,-2,2,0,1,-7,-3,4,-9,5,1,0,-2,1,-1,-1,1,2,-1
KR_6751978357,420,-3,-43,-2,-9,1,0,1,-3,4,1,1,1,2,-4,4,0,-4,4,0,0,-17,-12,-5,-1,6,-1,0,-1,-1,-1,-1,-1,3,-1
KR_6752638690,420,-2,-51,-20,-6,-2,3,1,-7,8,1,0,1,1,2,2,4,1,0,1,0,-11,39,-2,-6,8,-23,0,-2,-1,-1,-1,-1,6,-1
KR_6411333630,420,-2,-92,-24,-5,1,1,2,3,1,4,-1,5,4,-6,9,3,-2,2,0,0,-9,-15,-4,-5,9,-5,0,-1,-1,0,-1,-1,1,-1
KR_6763060121,420,-2,-36,-23,-9,2,0,2,-2,3,1,-4,4,0,-1,3,2,-4,4,0,0,-12,4,4,-7,3,-5,0,-2,-1,-1,-1,-1,5,-1
KR_6759635821,420,-2,-27,23,-8,-4,5,1,0,1,1,0,0,0,-3,5,2,-1,2,1,0,1,-6,-4,-3,7,5,0,-1,1,0,-1,-1,4,-1
KR_6622201434,420,0,12,7,-4,-2,2,0,0,1,1,-5,7,2,5,3,8,-2,2,0,0,-6,-1,-2,-4,6,2,0,1,-1,-1,1,-1,3,-1
KR_6761957872,420,-2,7,-2,-3,2,0,2,0,3,3,1,0,1,-4,6,2,-2,2,0,0,-5,502,3,-8,5,-4,0,0,-1,1,0,-1,3,-1
KR_6697158158,420,-1,-65,-21,4,-1,2,1,0,3,3,3,1,4,1,1,2,1,0,1,1,9,-28,1,-5,4,1,0,0,1,-1,0,1,5,-1
KR_6729863345,420,-4,14,-17,-10,-3,3,0,-3,5,2,-3,3,0,-3,4,1,2,1,3,0,0,-4,3,-6,3,1,0,-2,1,-1,-1,1,5,-1
KR_6318835192,420,-7,-37,-24,-18,-4,7,3,-3,5,2,-2,3,1,-8,9,1,-1,1,0,0,-8,-26,-3,0,3,-1,0,-2,0,-1,-1,1,0,-1
KR_6662832716,420,-3,-70,-32,-4,0,1,1,1,1,2,-3,3,0,-3,3,0,1,0,1,0,-1,1,3,-9,6,-1,0,0,1,-1,-1,-1,1,-1
KR_6681433013,420,2,57,-19,-2,1,2,3,3,1,4,-8,11,3,0,3,3,2,1,3,1,-5,0,0,-3,3,-2,0,1,1,1,-1,1,3,-1
KR_6545559365,420,-1,-15,-3,-2,1,1,2,-3,4,1,-3,3,0,4,3,7,-1,1,0,0,0,-16,-2,-3,5,1,0,-1,0,-1,-1,1,0,-1
KR_6737807893,420,0,-6,-7,0,-2,3,1,3,1,4,-4,5,1,0,4,4,3,1,4,0,-3,21,1,-4,3,-23,0,2,-1,1,1,1,3,-1
KR_6763131435,440,1,-4,-12,4,0,0,0,2,0,2,2,3,5,0,2,2,0,2,2,0,7,0,-1,-6,7,-4,0,0,-1,-1,0,1,5,-1
KR_6747865384,420,0,32,1,-3,-3,3,0,0,0,0,-1,1,0,2,0,2,-1,2,1,0,-4,1,2,-6,4,0,0,0,1,-1,0,-1,4,-1
KR_6216426075,420,-1,-78,4,-3,1,1,2,1,5,6,-1,2,1,-3,4,1,-1,2,1,0,-3,-14,1,-8,7,-2,0,-2,0,-1,-1,-1,0,-1
KR_6669442797,420,-5,-67,-5,-12,-1,2,1,-3,5,2,-1,4,3,-7,7,0,0,1,1,0,-11,-11,-3,-2,5,1,0,-2,-1,-1,-1,-1,4,-1
KR_6639893106,420,0,-22,-12,-3,-5,7,2,1,3,4,2,0,2,-1,2,1,0,0,0,0,0,-1,0,-5,5,1,0,-1,1,-1,-1,-1,3,-1
KR_6761681741,420,-4,-13,-12,-9,0,2,2,-4,4,0,-8,12,4,3,5,8,0,2,2,0,-8,10,1,-7,6,-3,0,-2,1,-1,-1,-1,4,-1
KR_6761803803,440,-3,-73,-2,-4,0,0,0,1,6,7,-4,5,1,1,2,3,-2,2,0,0,1,-10,-6,-4,10,-4,0,-2,1,-1,-1,-1,1,-1
KR_6760673136,420,0,18,-4,1,3,2,5,-1,2,1,0,2,2,0,0,0,-1,2,1,0,-1,-22,-1,-5,6,-1,0,-1,-1,-1,-1,1,1,-1
KR_6749343661,420,0,-8,-4,1,5,0,5,3,1,4,-1,4,3,-6,7,1,0,0,0,0,2,-7,-3,-1,4,2,0,-1,-1,1,-1,-1,5,-1
KR_6747358610,420,-3,38,-16,-12,1,0,1,-7,9,2,-2,3,1,-2,5,3,-2,4,2,0,-18,-32,-2,-3,5,-2,0,-1,-1,1,-1,-1,1,-1
KR_6754583604,420,1,15,-4,5,1,1,2,-2,2,0,3,4,7,4,0,4,-1,5,4,1,2,-38,-2,-1,3,16,0,0,1,1,1,1,1,-1
KR_6734767949,440,3,59,16,5,5,2,7,0,4,4,0,2,2,-2,2,0,2,1,3,1,-2,15,0,-5,5,-1,0,-1,-1,1,1,1,1,-1
KR_6692193668,420,0,-29,-14,4,5,0,5,0,3,3,1,1,2,-1,2,1,-1,1,0,0,-5,14,2,-5,3,1,0,-2,-1,-1,1,-1,3,-1
KR_6764754002,420,-6,-74,-28,-11,-2,3,1,-2,4,2,-1,3,2,-6,6,0,0,1,1,-1,-11,-50,-1,-2,3,0,0,0,-1,1,-1,-1,4,-1
KR_6758835335,420,-5,-2,-44,-9,0,2,2,0,2,2,-7,8,1,-1,1,0,-1,2,1,0,-11,-3,-6,0,6,-2,0,-1,-1,-1,-1,-1,3,-1
KR_6546828839,420,-4,-12,7,-14,-5,5,0,-4,6,2,-3,3,0,-2,3,1,0,1,1,0,-12,1,3,-8,5,3,0,0,-1,-1,0,-1,1,-1
KR_6669220750,440,-1,2,-17,-4,0,2,2,0,1,1,-2,2,0,-2,2,0,0,0,0,0,-4,6,2,-5,3,-7,0,0,-1,1,1,-1,5,-1
KR_6727008082,420,-6,-73,-5,-14,-5,5,0,-6,7,1,-3,4,1,0,5,5,0,1,1,1,-10,-18,-5,-3,8,1,0,-1,-1,1,-1,1,4,-1
KR_6756850446,420,-1,-8,-4,-10,1,1,2,-5,6,1,-2,4,2,-2,5,3,-2,2,0,0,-12,6,0,-6,6,-1,0,0,-1,1,0,1,6,-1
KR_6433919407,420,1,-15,0,2,-3,3,0,1,1,2,4,0,4,1,2,3,-1,2,1,0,4,0,5,-9,4,0,0,0,-1,1,0,1,1,-1
KR_6341832361,420,4,33,2,7,-1,1,0,-1,6,5,0,3,3,7,0,7,2,1,3,0,14,-2,-1,-2,3,2,0,-1,1,-1,1,-1,5,-1
KR_6724974466,420,0,24,-24,-6,0,3,3,-2,2,0,0,3,3,-3,7,4,-1,1,0,0,-2,120,-2,-3,5,-3,0,0,1,1,0,-1,3,-1
KR_6759520276,420,0,-23,17,-2,2,0,2,-1,2,1,-1,3,2,1,6,7,-3,4,1,0,-6,-133,-3,-4,7,-1,0,-1,1,1,-1,1,5,-1
KR_6764187474,420,-2,-5,-8,-7,3,1,4,-4,4,0,-3,5,2,-2,2,0,-1,1,0,0,-14,-34,0,-3,3,16,0,-1,-1,-1,-1,-1,3,-1
KR_6557065777,420,-4,-21,4,-10,0,2,2,-7,9,2,-1,1,0,-3,5,2,1,1,2,-1,-13,-10,-1,-5,6,-3,0,-1,1,-1,-1,-1,4,-1
KR_6754649229,420,1,6,16,4,2,0,2,0,1,1,-2,3,1,4,2,6,0,0,0,0,2,4,1,-5,4,-3,0,2,0,1,1,-1,0,-1
KR_6664274108,420,-6,-91,-23,-9,2,2,4,-6,7,1,-1,3,2,-3,4,1,-1,2,1,0,-11,-2,-4,-1,5,-2,0,-2,-1,-1,-1,-1,3,-1
KR_6759748064,420,0,-1,-20,-3,-8,8,0,2,0,2,2,1,3,0,2,2,1,1,2,0,0,-1,2,-5,3,1,0,1,-1,1,1,-1,1,-1
KR_6666976387,420,-2,36,16,-18,2,2,4,-9,9,0,-1,1,0,-5,8,3,-5,6,1,0,-21,-71,-1,-3,4,0,0,1,1,-1,-1,1,2,-1
KR_6574826894,420,-6,-91,-30,-14,-3,4,1,0,5,5,-5,7,2,-3,4,1,-3,3,0,0,-14,37,3,-6,3,-22,0,-2,-1,-1,-1,1,6,-1
KR_6704914101,420,1,-44,-5,1,1,1,2,-2,5,3,0,1,1,3,4,7,-1,3,2,0,4,-174,-1,-5,6,-3,0,-2,1,-1,-1,-1,2,-1
KR_6670341469,420,-1,57,25,-1,2,1,3,-5,7,2,1,3,4,-1,1,0,2,0,2,0,-6,8,0,-6,6,-3,0,0,0,1,0,1,0,-1
KR_6666642943,420,3,-7,-20,2,4,0,4,-2,4,2,1,3,4,-2,5,3,1,0,1,2,6,-1,-3,-7,10,0,0,0,-1,-1,0,1,3,-1
KR_6741366209,420,-2,-82,-20,-11,-4,4,0,-6,9,3,-3,3,0,4,1,5,-2,2,0,0,-10,-6,-1,-6,7,-2,0,-1,1,-1,-1,-1,5,-1
KR_6681042425,420,-2,8,-23,-2,2,2,4,-1,3,2,-1,1,0,-2,3,1,0,2,2,0,-2,12,0,-4,4,-4,0,-1,-1,1,1,1,3,-1
KR_6739741244,440,2,-13,23,7,3,0,3,0,4,4,0,5,5,4,5,9,0,0,0,0,1,-5,0,-2,2,4,0,2,-1,1,1,1,3,-1
KR_6747429966,440,1,32,10,-7,1,1,2,-1,1,0,-1,1,0,-5,5,0,-1,2,1,0,-8,100,-3,-3,6,0,0,0,1,-1,1,-1,2,-1
KR_6623045022,420,-6,-78,-24,-9,2,0,2,-2,3,1,-1,1,0,-3,4,1,-5,5,0,0,-10,50,8,-10,2,-27,0,-1,1,0,-1,1,3,-1
KR_6749259773,440,-4,-70,-22,-8,-1,2,1,-3,4,1,1,0,1,-4,4,0,-1,2,1,0,-10,-1,5,-10,5,-6,0,0,-1,0,-1,-1,1,-1
KR_6725075739,420,-3,-21,-1,-7,-1,1,0,4,1,5,-2,3,1,-7,7,0,-1,2,1,1,-6,-1,-2,-3,5,-2,0,-2,-1,-1,-1,1,5,-1
KR_6364970373,420,-2,-27,7,-4,-3,4,1,-1,4,3,2,1,3,0,3,3,-2,3,1,0,-4,0,0,0,0,-2,0,0,1,-1,-1,1,5,-1
KR_6726076070,420,-6,-14,-39,-12,-2,3,1,-3,4,1,-1,3,2,-6,6,0,0,1,1,0,-4,93,-1,-3,4,1,0,0,0,0,0,-1,0,-1
KR_6730699277,420,4,6,-8,4,1,0,1,7,3,10,2,1,3,-6,6,0,0,2,2,0,0,30,-5,-1,6,2,0,1,-1,1,1,-1,5,-1
KR_6762528163,420,4,8,44,4,0,2,2,3,1,4,1,1,2,-3,6,3,3,1,4,-1,-3,-12,-2,-4,6,3,0,-1,-1,-1,-1,-1,4,-1
KR_6759626314,440,-3,-67,-12,-4,-1,3,2,-3,3,0,-1,1,0,0,2,2,1,1,2,2,-3,-5,-1,-4,5,-4,0,-2,-1,-1,-1,1,5,-1
KR_6616893035,420,-2,12,-8,-6,3,0,3,1,1,2,-8,10,2,-4,4,0,2,1,3,0,-5,10,4,-6,2,-6,0,-1,-1,-1,-1,1,2,-1
KR_6680001055,420,-2,-49,-23,4,2,1,3,4,2,6,0,1,1,-4,8,4,2,0,2,0,10,23,-4,-4,8,6,0,1,-1,1,1,-1,5,-1
KR_6667498136,420,-4,-75,-12,-7,-5,5,0,0,4,4,-2,2,0,1,5,6,-1,2,1,0,-8,19,-4,-3,7,-16,0,-1,0,-1,-1,-1,0,-1
KR_6748246086,420,-1,-51,-17,3,-4,4,0,1,0,1,1,2,3,5,0,5,0,0,0,0,8,-9,-1,-6,7,2,0,-1,1,-1,-1,-1,3,-1
KR_6667081709,420,2,10,8,5,5,2,7,-2,4,2,0,4,4,0,2,2,2,1,3,1,3,1,-1,-9,10,2,0,3,1,1,1,1,2,-1
KR_6756793706,420,-2,-59,-8,3,1,1,2,0,2,2,-3,6,3,4,3,7,1,2,3,1,4,27,11,-12,1,-6,0,0,-1,-1,0,1,6,-1
KR_6742061950,420,-1,-2,3,-8,0,3,3,1,0,1,-3,4,1,-6,8,2,0,2,2,0,-14,101,2,-7,5,-3,0,-1,-1,-1,-1,1,4,-1
KR_6731602697,420,-6,-39,-23,-14,-4,4,0,-4,4,0,-4,5,1,3,0,3,-5,5,0,0,-10,128,2,-7,5,3,0,-1,-1,-1,-1,-1,6,-1
KR_6720143689,420,-4,-66,-29,-5,-1,2,1,-4,6,2,-1,4,3,-2,4,2,3,1,4,-1,-6,33,-7,-2,9,0,0,1,1,1,1,-1,6,-1
KR_6730949531,420,-1,-43,-2,-1,6,0,6,5,2,7,2,1,3,-8,9,1,-6,6,0,1,-5,4,5,-6,1,-7,0,-3,1,-1,-1,1,6,-1
KR_6761811885,420,-2,-77,14,-4,2,0,2,-1,2,1,-2,2,0,-2,3,1,-1,1,0,0,-7,0,-1,-3,4,-6,0,-1,-1,0,-1,-1,3,-1
KR_6711483655,420,-1,-68,28,5,-2,3,1,0,5,5,3,4,7,2,1,3,2,1,3,0,5,46,0,-4,4,-3,0,-2,0,1,-1,1,0,-1
KR_6761655090,420,-2,-5,-22,2,2,1,3,5,0,5,0,1,1,-3,6,3,-2,4,2,1,7,1,4,-7,3,-9,0,-2,1,-1,-1,1,6,-1
KR_6759768922,420,-1,-22,-15,2,2,1,3,1,2,3,2,2,4,-4,5,1,1,0,1,0,0,-8,-1,-4,5,-1,0,0,-1,-1,-1,1,1,-1
KR_6135422943,440,-4,-42,-12,-5,-5,6,1,-1,2,1,-7,7,0,4,1,5,4,0,4,0,-3,226,1,-4,3,-4,0,0,-1,-1,1,1,5,-1
KR_6759815771,420,-4,-42,16,-6,1,3,4,-3,6,3,-1,1,0,-2,3,1,-1,2,1,1,-7,-16,-1,-5,6,-3,0,0,1,1,-1,1,3,-1
KR_6730926995,420,-3,-9,-5,-7,1,2,3,0,2,2,-1,2,1,-7,8,1,0,1,1,0,-7,-4,2,-9,7,4,0,-1,-1,1,-1,-1,6,-1
KR_6274992598,420,0,30,8,-1,-1,1,0,-3,7,4,-3,4,1,3,2,5,3,1,4,1,3,3,3,-8,5,0,0,-1,1,-1,-1,1,1,-1
KR_6751937539,420,-2,-36,-20,-6,-2,3,1,-1,3,2,0,3,3,-2,3,1,-1,1,0,0,-8,-1,0,-3,3,-2,0,0,1,1,0,1,3,-1
KR_6740912812,420,-1,6,20,0,-4,7,3,-2,2,0,3,1,4,3,1,4,0,1,1,0,2,26,-3,-4,7,-6,0,0,-1,-1,1,1,6,-1
KR_6745623689,420,-2,-37,5,6,-4,4,0,1,0,1,0,2,2,6,0,6,3,0,3,0,6,4,4,-5,1,-2,0,-2,0,-1,-1,-1,0,-1
KR_6748320334,420,-4,-112,16,-12,0,3,3,-4,8,4,-8,9,1,-1,1,0,1,0,1,-1,-15,-41,1,-3,2,12,0,-3,-1,1,-1,-1,4,-1
KR_6605743239,420,-3,22,-26,-3,-1,2,1,-1,2,1,-2,5,3,-1,4,3,2,0,2,0,-3,-2,7,-9,2,3,0,1,1,-1,-1,1,2,-1
KR_6668186762,420,-2,-24,-40,-3,-4,7,3,-1,3,2,4,0,4,-5,6,1,3,0,3,0,0,-34,2,-7,5,1,0,-2,-1,-1,-1,1,3,-1
KR_6764073877,420,-8,-107,-34,-17,-3,4,1,-5,5,0,-4,5,1,1,2,3,-6,6,0,-1,-12,-11,-4,0,4,-4,0,-2,0,-1,-1,-1,0,-1
KR_6752173005,420,-3,-66,-8,-2,-5,5,0,2,0,2,-3,3,0,3,1,4,1,0,1,0,3,0,0,-5,5,-3,0,0,1,-1,0,-1,5,-1
KR_6680285274,420,-1,-92,8,-6,-4,5,1,0,3,3,-1,4,3,0,2,2,-1,1,0,0,-3,1,-3,-3,6,1,0,0,-1,0,0,-1,4,-1
KR_6701214321,420,-1,20,-18,-6,4,0,4,-1,2,1,-1,1,0,-1,4,3,-7,7,0,0,-1,-2,-2,-2,4,2,0,0,-1,-1,1,-1,1,-1
KR_6626358623,420,3,-8,-24,-1,-6,8,2,-1,3,2,1,1,2,1,1,2,4,0,4,-1,1,14,3,-6,3,-3,0,-1,-1,1,-1,-1,4,-1
KR_6566331940,420,-1,32,-9,6,1,1,2,-1,3,2,3,1,4,1,4,5,2,1,3,1,1,6,-4,-4,8,-1,0,0,1,-1,0,1,2,-1
KR_6751076588,440,-1,-77,-4,-5,-5,6,1,2,1,3,0,1,1,2,0,2,-4,4,0,0,2,1,-3,-5,8,-2,0,-1,-1,-1,-1,-1,4,-1
KR_6760971194,420,1,-6,-12,-4,1,0,1,0,1,1,0,3,3,-4,6,2,-1,2,1,1,-6,-25,-1,0,1,0,0,-1,1,-1,-1,1,4,-1
KR_6615718521,420,-1,12,16,-3,1,0,1,-5,6,1,-3,6,3,0,3,3,4,1,5,0,-7,3,-4,-4,8,-3,0,0,-1,1,1,-1,5,-1
KR_6712794673,420,-2,-68,18,-4,1,0,1,-1,6,5,2,1,3,-6,12,6,0,0,0,2,-2,-10,6,-8,2,1,0,-1,-1,1,-1,1,3,-1
KR_6604244012,420,-1,14,-1,-1,-1,2,1,1,2,3,0,1,1,-1,2,1,0,0,0,0,-1,113,3,-4,1,-1,0,0,1,-1,0,1,2,-1
KR_6711223629,420,0,39,-29,1,5,0,5,-1,1,0,-4,4,0,2,3,5,-1,1,0,0,-10,1,3,-3,0,-4,0,1,1,1,1,1,2,-1
KR_6704833589,420,0,10,-28,0,-3,3,0,-1,4,3,4,3,7,0,1,1,0,0,0,0,9,-5,-2,-1,3,3,0,0,-1,-1,0,-1,4,-1
KR_6741093141,420,-5,19,-18,-19,-1,5,4,-5,6,1,-4,4,0,-6,8,2,-3,4,1,-3,-21,65,3,-5,2,14,0,-1,-1,-1,-1,-1,1,-1
KR_6754062398,420,-3,-68,-39,-12,-2,3,1,-2,3,1,-4,5,1,-3,5,2,-1,1,0,-1,-6,-129,-5,-2,7,-4,0,-3,-1,-1,-1,-1,6,-1
KR_6750031664,420,1,-22,-8,2,3,0,3,0,2,2,2,6,8,-2,2,0,-1,4,3,0,2,1,1,-6,5,-2,0,-1,1,-1,-1,-1,5,-1
KR_6667242907,420,1,47,17,3,1,0,1,1,2,3,2,1,3,-1,2,1,0,1,1,0,-2,-1,-1,-2,3,6,0,2,1,1,1,1,6,-1
KR_6738855675,420,-2,-68,-36,-6,-4,4,0,1,5,6,1,3,4,-6,6,0,2,0,2,0,-10,-7,-6,-3,9,4,0,0,-1,1,-1,-1,1,-1
KR_6747493089,420,-1,-25,-1,-14,-1,2,1,-8,9,1,-1,3,2,-2,5,3,-2,3,1,-1,-20,-6,-4,-3,7,7,0,0,0,-1,0,-1,0,-1
KR_6671877892,420,-2,-42,-24,-8,0,2,2,-3,3,0,-4,5,1,-3,7,4,2,0,2,0,-3,-101,2,-5,3,-5,0,-1,-1,1,-1,-1,1,-1
KR_6618651901,420,-2,-43,13,-1,2,3,5,-1,6,5,2,0,2,-5,8,3,1,0,1,0,-2,-4,1,-7,6,3,0,-1,1,-1,-1,-1,3,-1
KR_6694538637,420,-1,-3,-15,-2,0,1,1,-1,3,2,-1,1,0,3,1,4,-3,4,1,0,-3,-12,4,-6,2,-4,0,1,-1,1,1,-1,2,-1
KR_6654966059,420,3,-4,2,3,-1,4,3,-1,2,1,2,1,3,0,2,2,3,1,4,-3,-4,10,-5,-4,9,-4,0,1,1,1,1,-1,2,-1
KR_6756998024,420,-1,-27,-4,-4,0,1,1,-2,4,2,-3,6,3,3,1,4,-2,2,0,0,1,2,1,-6,5,3,0,0,-1,-1,-1,-1,6,-1
KR_6692983989,420,-1,-11,-32,-5,0,1,1,1,2,3,-7,8,1,5,2,7,-4,5,1,0,-6,-15,-2,-3,5,2,0,-1,-1,-1,-1,-1,6,-1
KR_6758727156,420,-2,-59,-16,-1,-3,3,0,0,4,4,-1,5,4,6,2,8,-3,3,0,0,1,-2,-1,-3,4,-2,0,-1,1,1,-1,-1,2,-1
KR_6759262009,440,2,44,29,8,2,1,3,2,0,2,0,5,5,4,0,4,0,1,1,0,9,44,0,-3,3,1,0,-1,1,0,-1,1,6,-1
KR_6691242599,420,1,6,-7,0,2,1,3,-6,10,4,1,4,5,1,0,1,2,1,3,0,-4,6,5,-8,3,0,0,0,-1,-1,1,1,3,-1
KR_6744540007,420,-1,-30,1,5,2,0,2,6,0,6,-4,4,0,2,0,2,-1,1,0,0,10,7,0,-4,4,-1,0,-1,-1,0,-1,1,4,-1
KR_6678803172,420,2,5,8,0,-1,3,2,-3,3,0,-2,2,0,1,2,3,5,1,6,-2,-4,0,-1,-5,6,1,0,-1,-1,-1,-1,-1,4,-1
KR_6467586040,420,0,-19,0,-3,0,2,2,-1,4,3,0,2,2,-3,4,1,1,1,2,0,-1,-10,-4,-3,7,4,0,-3,1,-1,-1,-1,3,-1
KR_6740438943,420,0,-33,-2,-1,4,1,5,0,3,3,-2,3,1,-3,5,2,0,3,3,0,-6,299,-1,-4,5,4,0,0,1,1,0,-1,4,-1
KR_6763291682,420,0,10,9,-9,3,0,3,-1,1,0,-5,7,2,1,2,3,-7,8,1,-1,-10,-13,0,-4,4,0,0,-1,-1,-1,-1,-1,6,-1
KR_6739545857,440,-1,-11,-1,-7,-4,5,1,-4,5,1,1,2,3,-1,2,1,1,0,1,0,0,0,-2,-5,7,2,0,-1,-1,-1,1,-1,6,-1
KR_6764479898,420,3,19,5,3,5,2,7,1,2,3,2,0,2,-5,7,2,0,3,3,0,2,13,8,-9,1,-1,0,2,1,1,1,1,5,-1
KR_6751689747,420,1,-40,3,2,-1,1,0,-3,5,2,4,1,5,0,3,3,2,2,4,1,-2,1,-4,-3,7,2,0,0,0,1,0,1,0,-1
KR_6619874893,420,-4,29,-16,-8,-2,3,1,0,3,3,-3,4,1,-3,4,1,0,0,0,0,-6,-2,4,-7,3,-2,0,0,-1,0,0,-1,1,-1
KR_6706623671,420,0,-4,26,-8,0,0,0,2,2,4,-5,6,1,-3,4,1,-2,3,1,-2,-5,-8,-5,-3,8,-4,0,-2,-1,-1,-1,-1,6,-1
KR_6661843705,420,-2,62,0,0,-1,1,0,-2,5,3,2,3,5,1,1,2,0,1,1,0,-9,2,3,-6,3,-3,0,1,-1,-1,1,1,3,-1
KR_6756892125,420,0,-10,0,-1,-5,6,1,0,3,3,1,1,2,7,0,7,-4,4,0,0,-6,-3,1,-1,0,1,0,0,1,0,0,-1,6,-1
KR_6706884549,440,-3,-96,-4,-10,-1,4,3,-2,4,2,-3,6,3,-3,4,1,-1,4,3,-1,-10,5,1,-3,2,-2,0,-2,1,-1,-1,-1,2,-1
KR_6028384855,420,0,-77,0,-1,6,1,7,0,1,1,-3,3,0,-4,7,3,0,1,1,-1,-9,-20,-3,-3,6,6,0,0,-1,-1,-1,-1,4,-1
KR_6639078533,420,-2,7,-19,-2,-1,3,2,-3,5,2,1,3,4,0,2,2,1,1,2,0,1,-5,1,-4,3,3,0,-2,-1,-1,-1,-1,6,-1
KR_6757645785,420,0,13,35,-3,2,0,2,2,3,5,-7,8,1,2,3,5,-2,2,0,0,-7,49,-2,-5,7,-3,0,1,1,1,1,-1,3,-1
KR_6761348367,420,-1,-71,-18,-3,0,2,2,-3,3,0,3,1,4,-2,4,2,-1,1,0,0,-6,-25,-1,-1,2,17,0,-1,1,1,-1,-1,6,-1
KR_6757825209,420,-3,-32,-44,-5,-5,6,1,0,3,3,-1,1,0,3,1,4,-2,2,0,0,-2,-7,-1,-3,4,3,0,-1,-1,-1,1,-1,5,-1
KR_6755284330,440,-5,-27,-23,-4,2,2,4,-9,12,3,-2,4,2,5,1,6,0,0,0,0,-8,13,2,-9,7,-3,0,0,1,1,1,-1,2,-1
KR_6699977037,420,-2,-24,-3,-10,-3,4,1,1,3,4,-3,3,0,-5,6,1,0,1,1,0,-4,-25,-1,-5,6,-2,0,-1,-1,0,-1,-1,1,-1
KR_6658330025,420,1,-19,0,-7,3,4,7,-5,7,2,-1,3,2,-5,6,1,1,0,1,0,-10,21,-1,-3,4,-3,0,1,-1,1,-1,-1,6,-1
KR_6743030504,420,-1,-39,16,-2,-2,2,0,1,3,4,-3,4,1,0,3,3,2,0,2,1,6,34,1,-6,5,-14,0,0,-1,1,0,1,4,-1
KR_6587460529,420,-1,-15,15,-7,0,2,2,-2,4,2,-2,4,2,2,3,5,-5,6,1,-1,-10,-45,-3,-2,5,15,0,0,-1,1,0,-1,1,-1
KR_6755830809,420,-5,-18,-30,-4,0,2,2,-6,7,1,2,1,3,0,4,4,0,0,0,0,-4,4,-1,-5,6,-5,0,-2,-1,-1,-1,-1,4,-1
KR_6631073872,420,-4,-54,-28,-1,3,1,4,-2,2,0,4,0,4,-2,3,1,-4,6,2,0,-5,0,1,-4,3,-6,0,1,-1,1,1,-1,1,-1
KR_6764756549,420,-1,-7,16,-4,1,3,4,-4,5,1,1,1,2,-2,3,1,0,1,1,0,-6,100,1,-5,4,-1,0,-1,1,-1,-1,1,5,-1
KR_6664789225,420,-4,-101,0,-12,-3,4,1,-5,7,2,-6,6,0,1,5,6,1,2,3,0,-5,65,3,-6,3,-23,0,-1,-1,1,-1,-1,3,-1
KR_6710272134,420,0,13,24,-7,-1,4,3,-4,6,2,-1,2,1,-1,6,5,0,0,0,0,-8,-3,-2,-2,4,1,0,0,-1,1,-1,1,2,-1
KR_6696865201,420,-2,-55,35,-11,-8,8,0,0,3,3,0,1,1,-1,2,1,-2,2,0,0,-6,-161,1,-4,3,2,0,-4,0,-1,-1,-1,0,-1
KR_6730133060,440,3,59,5,10,5,0,5,3,0,3,1,4,5,0,2,2,1,2,3,0,6,-8,6,-9,3,-1,0,1,0,1,1,1,0,-1
KR_6681148688,420,1,-53,4,2,-4,4,0,1,7,8,6,2,8,-1,1,0,0,0,0,0,-9,-120,0,-7,7,-1,0,0,-1,-1,-1,1,3,-1
KR_6690294802,420,-4,-99,-11,-4,0,2,2,-1,5,4,-3,7,4,-1,2,1,1,0,1,0,-4,14,5,-7,2,-9,0,-1,-1,0,-1,-1,5,-1
KR_6694450974,420,0,-39,-4,0,-2,2,0,-1,2,1,-2,4,2,5,1,6,0,0,0,0,8,8,3,-9,6,-5,0,0,-1,-1,-1,-1,5,-1
KR_6714321998,440,2,34,23,11,1,1,2,11,0,11,0,1,1,0,1,1,-1,2,1,0,17,4,-1,-3,4,1,0,0,-1,0,0,1,6,-1
KR_6762654979,440,-1,16,27,-3,-3,3,0,-2,3,1,-1,2,1,1,1,2,2,1,3,0,-9,-31,-2,-1,3,5,0,0,0,0,0,1,0,-1
KR_6764107801,420,0,40,27,4,0,1,1,-2,3,1,0,2,2,5,2,7,1,0,1,0,2,6,1,-3,2,2,0,0,1,1,0,1,3,-1
KR_6577121397,420,-2,-49,-34,0,0,1,1,-3,4,1,0,1,1,5,2,7,-2,2,0,-1,-2,-48,-7,-1,8,20,0,-1,0,-1,-1,-1,0,-1
KR_6716739806,420,-2,-23,15,-11,1,0,1,-3,4,1,-2,2,0,-8,10,2,1,1,2,-1,-11,-11,-1,-2,3,0,0,-1,-1,-1,-1,-1,5,-1
KR_6566439663,420,-4,-24,-1,-13,-5,5,0,-2,5,3,-6,6,0,0,4,4,0,3,3,0,-5,3,-8,0,8,-1,0,0,1,0,-1,-1,3,-1
KR_6755800189,420,2,64,-8,4,2,0,2,2,2,4,2,1,3,0,8,8,-2,3,1,0,-3,-3,4,-6,2,2,0,2,1,1,1,1,3,-1
KR_6636208103,420,-4,-13,-12,-3,-1,2,1,2,2,4,-3,4,1,-2,3,1,1,0,1,0,-6,-50,2,-6,4,2,0,-1,1,-1,-1,-1,6,-1
KR_6744991450,440,-4,-31,16,-6,-4,4,0,0,3,3,-2,5,3,-1,1,0,1,1,2,0,-3,-2,0,-4,4,-2,0,0,1,-1,-1,1,5,-1
KR_6731144392,420,-4,-40,-22,-7,-1,2,1,-1,2,1,-2,2,0,-3,4,1,0,0,0,0,-9,4,1,-5,4,2,0,0,-1,0,0,-1,1,-1
KR_6664695787,420,1,-13,40,-1,0,2,2,-3,6,3,0,1,1,1,2,3,1,0,1,0,-5,1,-1,-3,4,0,0,0,1,1,0,1,6,-1
KR_6743752466,420,-6,-7,-9,-23,-1,2,1,-9,9,0,-2,2,0,-9,9,0,-2,2,0,0,-29,-2,0,-5,5,5,0,0,-1,1,0,-1,3,-1
KR_6739189644,420,3,21,4,-2,-1,2,1,0,3,3,1,1,2,-1,3,2,-1,2,1,-1,-5,-390,0,-4,4,-2,0,0,-1,-1,0,-1,4,-1
KR_6644119661,420,-1,-21,-8,1,1,1,2,0,4,4,0,2,2,0,0,0,0,0,0,0,2,5,-4,-3,7,-3,0,0,1,0,-1,1,6,-1
KR_6756014977,420,1,45,24,-4,0,3,3,0,1,1,-1,2,1,-3,4,1,0,0,0,0,-6,7,-3,-1,4,-2,0,-1,-1,-1,-1,-1,3,-1
KR_6724791574,420,-2,-4,-4,-8,-1,1,0,-4,5,1,-1,3,2,-3,4,1,1,0,1,0,-6,-5,-1,-3,4,0,0,0,-1,0,-1,-1,5,-1
KR_6727845044,420,-1,-27,-8,-4,1,1,2,-5,5,0,0,3,3,-1,2,1,1,0,1,-1,-10,-10,0,-2,2,5,0,-1,-1,-1,-1,-1,6,-1
KR_6703745244,420,5,31,12,4,5,0,5,3,1,4,0,0,0,-5,5,0,1,1,2,-2,0,-8,-6,0,6,1,0,0,-1,-1,1,-1,4,-1
KR_6748782238,420,-1,-50,-26,0,2,3,5,0,4,4,-3,4,1,0,2,2,1,2,3,0,0,1,-2,-3,5,6,0,0,1,-1,1,1,6,-1
KR_6760822036,420,-2,-8,-4,0,-4,6,2,5,2,7,2,2,4,0,2,2,-3,4,1,0,0,-8,-3,-5,8,3,0,-1,1,-1,-1,1,3,-1
KR_6369684424,420,0,-73,-24,1,0,3,3,3,1,4,1,4,5,-3,4,1,0,1,1,0,-1,0,0,0,0,-3,0,0,-1,-1,0,-1,5,-1
KR_6666402576,420,-6,-91,-32,-15,-1,1,0,0,1,1,-6,6,0,-5,9,4,-3,4,1,0,-22,126,-5,-4,9,-8,0,-2,-1,-1,-1,1,4,-1
KR_6691657418,420,-4,-28,-18,-9,3,2,5,-1,1,0,-1,2,1,-11,14,3,1,0,1,-1,-18,-11,-3,-4,7,0,0,0,-1,0,-1,-1,4,-1
KR_6662957716,420,1,-2,-30,10,-1,2,1,6,1,7,-4,4,0,7,0,7,2,0,2,1,15,4,0,-6,6,2,0,0,0,-1,1,1,0,-1
KR_6758504910,420,-3,-23,20,-10,-2,2,0,-3,3,0,-2,3,1,-2,4,2,-1,2,1,0,-12,-12,-1,-4,5,0,0,0,-1,1,-1,-1,3,-1
KR_6758391685,420,-2,-77,32,-4,-2,2,0,1,2,3,-3,5,2,0,3,3,0,1,1,2,3,36,1,-4,3,1,0,0,-1,-1,0,1,3,-1
KR_6640927021,420,2,22,0,-4,2,1,3,-1,3,2,1,1,2,-4,8,4,-2,2,0,1,-9,2,1,-5,4,0,0,0,-1,1,-1,1,3,-1
KR_6750829610,420,-2,-17,24,-5,-3,5,2,-1,5,4,-3,3,0,1,2,3,1,0,1,0,-1,4,1,-4,3,-3,0,0,1,0,0,-1,4,-1
KR_6733327162,420,-3,-63,-20,-8,2,2,4,-3,6,3,-3,3,0,-2,4,2,-2,3,1,0,-9,-10,-5,0,5,1,0,0,-1,-1,-1,1,3,-1
KR_6596090440,420,2,15,-39,4,1,1,2,1,3,4,-2,4,2,2,2,4,2,0,2,0,0,3,10,-15,5,-6,0,-1,1,-1,-1,-1,3,-1
KR_6758418743,420,-4,-34,3,-4,-3,6,3,-3,4,1,0,3,3,2,1,3,0,1,1,-1,-3,-8,2,-11,9,7,0,0,1,1,0,-1,6,-1
KR_6756864758,420,1,43,-8,0,-1,4,3,-1,2,1,4,0,4,-2,4,2,0,1,1,0,-4,0,-2,-3,5,1,0,0,1,-1,0,-1,4,-1
KR_6735720426,420,-1,-71,48,-5,1,0,1,-1,4,3,2,1,3,-7,7,0,0,0,0,0,-8,215,3,-5,2,1,0,-2,1,1,-1,-1,3,-1
KR_6760542169,420,-6,-70,-16,-13,-6,7,1,2,0,2,-2,3,1,-6,7,1,-1,2,1,0,-7,4,7,-9,2,0,0,-1,-1,-1,-1,-1,5,-1
KR_6689729948,420,-5,-144,-7,-8,-4,5,1,-1,1,0,-2,5,3,1,2,3,-2,2,0,-1,-11,8,-4,-5,9,-6,0,-4,-1,-1,-1,-1,4,-1
KR_6660123364,420,1,30,28,-1,0,1,1,2,3,5,0,2,2,-2,6,4,-1,1,0,0,-1,7,5,-8,3,-5,0,0,1,-1,0,-1,2,-1
KR_6722531835,420,-1,-37,16,-3,1,2,3,7,0,7,-5,6,1,-4,8,4,-2,2,0,1,3,-6,3,-6,3,-1,0,0,1,1,-1,1,2,-1
KR_6518587559,420,1,-27,-4,2,1,0,1,-3,3,0,-6,7,1,4,1,5,6,0,6,-1,4,4,-1,-3,4,-2,0,1,-1,1,-1,-1,4,-1
KR_6731234713,420,3,23,4,2,0,2,2,-1,3,2,3,0,3,1,1,2,-1,2,1,0,1,-298,-6,-3,9,3,0,0,-1,-1,1,-1,6,-1
KR_6750184643,420,5,72,28,15,-4,4,0,-1,2,1,13,0,13,1,2,3,6,1,7,1,9,5,-1,-4,5,0,0,1,1,0,1,1,2,-1
KR_6740724394,420,0,-53,16,7,-2,2,0,2,0,2,-1,3,2,1,1,2,7,0,7,1,9,-33,1,-4,3,6,0,0,1,0,0,1,5,-1
KR_6758874247,420,2,16,20,-3,-5,6,1,0,6,6,3,2,5,0,2,2,-1,1,0,0,-7,-6,0,-4,4,-1,0,-2,-1,1,-1,-1,6,-1
KR_6760639128,420,1,-15,24,1,1,1,2,-4,4,0,1,2,3,4,2,6,-1,4,3,-2,-1,2,2,-5,3,2,0,0,1,0,0,-1,1,-1
KR_6762199110,420,-2,-27,-32,0,3,4,7,-1,3,2,-1,3,2,-3,3,0,2,3,5,0,0,-4,-4,-2,6,-2,0,-2,-1,1,-1,1,5,-1
KR_6706193328,420,-5,-24,-14,-4,1,2,3,1,4,5,0,1,1,-1,2,1,-5,6,1,0,-2,-5,5,-10,5,2,0,-2,-1,-1,-1,-1,4,-1
KR_6720416421,420,-2,-54,-18,-7,-4,4,0,1,2,3,5,0,5,-5,6,1,-4,5,1,0,-3,-4,0,-2,2,-1,0,0,1,1,-1,1,6,-1
KR_6713180249,420,1,60,-7,-1,3,1,4,0,4,4,-3,3,0,-1,1,0,0,2,2,0,-6,-18,3,-5,2,1,0,1,-1,-1,1,-1,4,-1
KR_6680370174,440,-4,1,-13,-6,-1,4,3,-5,11,6,-2,2,0,-2,2,0,4,1,5,0,-7,-12,3,-4,1,3,0,0,-1,1,-1,1,4,-1
KR_6733206347,420,0,16,-3,5,2,2,4,-2,3,1,2,0,2,1,2,3,2,0,2,0,5,5,2,-5,3,0,0,0,-1,1,0,1,5,-1
KR_6688904938,420,-6,-67,-17,-10,-3,3,0,-3,3,0,0,1,1,-5,7,2,1,0,1,0,-6,-116,0,-7,7,-4,0,-1,-1,-1,-1,1,6,-1
KR_6689030885,420,-4,-127,-23,-5,-3,3,0,-3,5,2,4,3,7,-5,5,0,2,0,2,-1,0,-1,-2,-1,3,0,0,-3,1,-1,-1,-1,5,-1
KR_6689237588,420,1,6,1,-1,-1,3,2,3,1,4,0,2,2,-3,4,1,0,0,0,-1,-1,-9,0,-6,6,-4,0,0,1,-1,-1,-1,6,-1
KR_6755670315,420,-2,-41,-8,-6,-2,2,0,0,4,4,-1,2,1,-4,5,1,1,3,4,0,-4,25,-3,-5,8,-4,0,-1,0,-1,-1,-1,0,-1
KR_6691218730,420,-1,-42,13,-4,-5,7,2,2,1,3,2,3,5,-4,8,4,1,0,1,0,6,-8,-2,-5,7,0,0,-1,1,-1,-1,-1,5,-1
KR_6650351223,440,0,2,-16,3,2,1,3,-3,3,0,-1,1,0,5,1,6,0,0,0,0,5,3,8,-9,1,0,0,-1,1,-1,-1,1,6,-1
KR_6750132896,420,-3,-49,4,-9,0,5,5,-1,3,2,-3,3,0,-5,7,2,0,0,0,0,-10,34,1,-3,2,-16,0,-1,-1,0,-1,-1,4,-1
KR_6658001270,420,-4,-22,-40,-12,-5,5,0,0,3,3,-4,4,0,0,1,1,-3,3,0,0,-12,-8,-2,-4,6,1,0,-1,-1,-1,-1,-1,4,-1
KR_6649702223,420,0,26,-37,2,-4,5,1,-1,2,1,-1,1,0,7,0,7,1,1,2,-1,7,3,1,-6,5,-3,0,-1,-1,-1,-1,-1,3,-1
KR_6679157905,440,0,-56,-13,4,-1,3,2,-3,5,2,1,3,4,7,0,7,0,1,1,0,9,70,1,-7,6,-1,0,0,1,0,0,1,5,-1
KR_6749172932,420,0,-22,-29,0,2,1,3,-2,3,1,-2,4,2,0,1,1,2,0,2,-1,-5,-195,-1,-3,4,-1,0,0,-1,-1,0,-1,4,-1
KR_6756567947,420,-1,2,-17,-11,-5,6,1,-2,2,0,-3,4,1,-1,5,4,0,1,1,-1,-10,5,-4,-1,5,-3,0,-2,-1,-1,-1,-1,3,-1
KR_6710120534,440,-3,-44,-28,-3,-2,2,0,-2,3,1,-2,2,0,3,0,3,0,0,0,0,-1,0,2,-8,6,-3,0,0,-1,0,0,-1,6,-1
KR_6687973714,420,3,32,4,3,0,2,2,0,2,2,3,1,4,-1,4,3,1,2,3,0,7,-1,-1,-3,4,7,0,1,-1,1,1,1,3,-1
KR_6763020719,420,2,29,12,7,2,0,2,1,2,3,2,1,3,3,4,7,-1,1,0,0,2,-9,1,-4,3,0,0,2,1,1,1,-1,6,-1
KR_6691793352,420,-1,18,2,-2,2,1,3,-1,4,3,1,2,3,-4,5,1,0,1,1,-1,0,-50,-4,-3,7,2,0,0,-1,1,1,-1,4,-1
KR_6749316638,420,-2,-49,-2,-8,4,0,4,-5,6,1,-3,5,2,-3,4,1,-1,2,1,0,-10,-14,2,-6,4,-4,0,-1,0,-1,-1,-1,0,-1
KR_6744669738,420,-2,61,-31,-11,-1,2,1,0,2,2,1,2,3,-6,6,0,-5,6,1,0,-15,-9,-4,-3,7,3,0,0,-1,-1,0,1,4,-1
KR_6729947111,420,-5,-35,-20,-4,0,3,3,-2,5,3,-2,2,0,-1,2,1,1,0,1,0,-3,0,1,-5,4,-3,0,-1,-1,-1,-1,1,6,-1
KR_6741348759,440,-7,-81,-27,-10,-4,5,1,-3,4,1,0,2,2,-4,4,0,1,2,3,0,-4,-1,-6,-1,7,-2,0,-1,0,-1,-1,-1,0,-1
KR_6745478509,420,-2,54,-16,-6,-5,7,2,1,1,2,-1,2,1,2,0,2,-3,3,0,0,-9,-15,2,-4,2,-2,0,-1,-1,-1,-1,-1,5,-1
KR_6606229534,420,1,18,39,-1,2,2,4,-1,3,2,0,1,1,-1,3,2,-1,1,0,-1,-4,-12,-1,-2,3,-2,0,0,-1,1,0,-1,5,-1
KR_6724745091,420,1,52,-4,1,1,2,3,1,2,3,-4,6,2,0,1,1,3,0,3,0,-1,-39,-1,-6,7,14,0,0,-1,-1,1,-1,2,-1
KR_6576954340,440,-3,-49,-12,-1,-3,3,0,2,1,3,-2,2,0,1,1,2,1,0,1,-1,5,9,1,-4,3,-4,0,-1,-1,-1,-1,-1,2,-1
KR_6750968038,420,-2,-50,-16,0,-1,1,0,-2,3,1,-2,3,1,4,3,7,1,0,1,0,-1,4,4,-9,5,-5,0,0,-1,-1,0,1,6,-1
KR_6741883341,420,-8,-88,-33,-14,-2,4,2,1,5,6,-5,5,0,-6,8,2,-2,2,0,1,-11,-8,2,-2,0,-2,0,-2,-1,-1,-1,1,6,-1
KR_6751734624,420,-3,-108,-61,-11,3,3,6,-1,2,1,-3,5,2,-8,8,0,-2,3,1,-1,-9,-33,-4,0,4,1,0,-2,-1,-1,-1,-1,3,-1
KR_6762482631,420,-2,-23,-8,-9,-3,4,1,-2,2,0,-2,4,2,0,1,1,-2,2,0,0,-12,1,2,-6,4,-2,0,-1,-1,1,-1,-1,2,-1
KR_6735204678,420,-5,-57,-20,-4,-2,4,2,2,1,3,-2,3,1,-2,4,2,0,1,1,0,-2,2,1,-6,5,7,0,-1,-1,1,-1,-1,5,-1
KR_6494378113,420,0,-29,-34,1,4,1,5,-2,4,2,3,1,4,-2,2,0,-2,2,0,0,-6,9,0,-7,7,1,0,1,-1,-1,-1,1,6,-1
KR_6663760526,420,-1,-19,-4,-3,-4,4,0,5,1,6,0,5,5,-2,5,3,-2,3,1,0,-3,-2,-8,-1,9,-3,0,0,-1,1,0,-1,5,-1
KR_6747148552,420,-1,-48,-5,-3,-3,3,0,4,1,5,-1,3,2,-3,4,1,0,0,0,0,-2,-259,0,-6,6,0,0,0,-1,-1,0,-1,5,-1
KR_6708778560,420,0,0,8,-2,2,0,2,0,5,5,-3,4,1,0,4,4,-1,2,1,0,-2,7,1,-6,5,-3,0,0,1,1,0,1,3,-1
KR_6748333589,420,0,0,11,-3,3,4,7,-2,4,2,1,2,3,-1,6,5,-4,4,0,0,-6,-20,-1,-1,2,1,0,1,-1,1,1,1,5,-1
KR_6688537630,420,-2,-76,2,-3,-1,2,1,1,1,2,-2,3,1,-1,4,3,0,0,0,0,0,22,0,-5,5,3,0,-1,-1,1,1,-1,4,-1
KR_6549306020,420,-1,45,-6,-4,0,1,1,3,3,6,1,5,6,-2,4,2,-6,6,0,0,-14,-29,0,-4,4,-3,0,0,-1,-1,-1,1,6,-1
KR_6752502483,440,-1,42,-3,2,2,0,2,0,2,2,-1,1,0,2,0,2,-1,2,1,0,4,-15,0,-4,4,2,0,1,-1,1,1,1,3,-1
KR_6681132334,420,3,22,8,0,-2,3,1,1,1,2,1,2,3,-1,3,2,1,1,2,0,6,-2,-5,-3,8,2,0,0,-1,-1,-1,-1,4,-1
KR_6494384660,420,-5,-88,-3,-15,-4,4,0,-3,5,2,-2,4,2,-3,3,0,-3,3,0,0,-13,9,-4,-4,8,-3,0,-3,-1,-1,-1,-1,2,-1
KR_6730132948,440,-2,-47,8,0,1,4,5,2,2,4,0,1,1,-5,5,0,2,0,2,0,-10,-4,3,-8,5,-4,0,1,-1,1,1,-1,4,-1
KR_6733757443,420,-1,21,-43,-2,5,1,6,-4,5,1,0,4,4,-3,5,2,0,0,0,-1,-14,8,-3,-4,7,-2,0,0,-1,0,0,-1,5,-1
KR_6704255035,420,0,60,7,-2,1,3,4,-1,4,3,-1,3,2,1,2,3,-2,2,0,0,-4,-46,-1,-2,3,2,0,0,-1,0,0,1,1,-1
KR_6761318302,420,-1,-3,-24,-4,0,0,0,4,1,5,-2,2,0,-4,5,1,-2,2,0,0,-7,10,0,-5,5,-1,0,1,-1,1,1,1,2,-1
KR_6753815370,440,-3,-3,-6,-5,-1,3,2,-1,4,3,-1,3,2,0,5,5,-2,3,1,0,-8,7,8,-12,4,-4,0,0,0,0,-1,-1,0,-1
KR_6724489132,420,-1,-51,6,-6,-1,3,2,-2,5,3,2,3,5,-5,5,0,0,0,0,0,-5,-2,0,-3,3,2,0,-1,-1,-1,-1,-1,2,-1
KR_6764000624,420,2,-25,-37,2,4,3,7,-2,3,1,-8,9,1,6,1,7,2,0,2,0,5,-38,-2,-3,5,7,0,1,-1,0,1,1,4,-1
KR_6758287829,420,0,-37,28,-3,-1,3,2,-1,2,1,-2,2,0,-1,4,3,2,1,3,0,-7,19,1,-5,4,-2,0,0,-1,1,1,-1,4,-1
KR_6705524861,420,-1,-38,12,-3,2,0,2,1,4,5,-1,2,1,-4,4,0,-1,1,0,0,-6,-20,2,-5,3,-5,0,0,-1,1,-1,1,3,-1
KR_6590288736,420,-1,-87,-18,-1,1,0,1,4,1,5,-1,2,1,-4,5,1,-1,3,2,0,4,-4,-1,-5,6,-2,0,0,-1,1,1,-1,5,-1
KR_6646591611,420,-2,-38,-4,7,1,2,3,2,3,5,2,1,3,1,3,4,1,2,3,3,5,-17,3,-9,6,1,0,0,-1,1,0,1,6,-1
KR_6729107980,420,-2,42,-36,1,-3,5,2,-2,8,6,-2,4,2,6,2,8,2,1,3,0,2,-8,-2,-1,3,0,0,0,1,-1,1,1,3,-1
KR_6685344045,420,-2,4,-39,-3,-1,1,0,1,0,1,1,2,3,-2,3,1,-2,2,0,0,-4,-141,-4,-3,7,-1,0,-2,-1,-1,-1,-1,3,-1
KR_6758443991,420,-4,-115,0,-5,-2,6,4,-2,4,2,1,1,2,-1,2,1,-1,1,0,0,-3,269,-1,-4,5,-6,0,-1,-1,1,-1,1,2,-1
KR_6571251050,420,3,5,8,3,-1,3,2,-2,4,2,3,4,7,4,0,4,-1,3,2,0,2,-1,-4,-4,8,-5,0,1,1,1,-1,-1,1,-1
KR_6730044779,440,1,56,1,0,-1,1,0,-1,4,3,1,2,3,-1,7,6,2,0,2,0,-3,-4,0,-6,6,3,0,0,-1,1,0,1,5,-1
KR_6762519102,420,0,21,-7,-1,-1,1,0,-3,4,1,1,1,2,3,3,6,-1,2,1,1,-1,4,2,-3,1,-2,0,1,-1,1,1,1,5,-1
KR_6717033669,420,1,21,8,5,2,0,2,2,1,3,2,0,2,0,4,4,-1,2,1,0,2,2,-1,-3,4,5,0,1,-1,1,1,-1,1,-1
KR_6664445524,420,0,-54,-20,1,1,2,3,2,0,2,-3,4,1,-1,2,1,2,0,2,0,6,-6,-8,-4,12,2,0,1,1,0,1,1,1,-1
KR_6568152147,420,-2,9,11,-4,2,1,3,-1,2,1,-3,5,2,-2,4,2,0,0,0,0,-9,53,3,-5,2,-35,0,1,1,-1,1,-1,4,-1
KR_6749406944,420,4,-6,11,9,-4,5,1,4,0,4,1,3,4,6,0,6,2,1,3,0,10,-9,3,-4,1,1,0,1,-1,-1,1,-1,5,-1
KR_6395620768,420,-2,-38,0,-10,-2,2,0,0,1,1,-7,7,0,-2,4,2,1,1,2,0,-3,3,-3,-3,6,-6,0,-3,-1,-1,-1,-1,2,-1
KR_6664515938,420,-1,-26,8,-4,0,1,1,-2,2,0,3,1,4,-3,4,1,-2,2,0,1,-4,27,3,-4,1,-1,0,-1,0,-1,-1,1,0,-1
KR_6112347269,420,-1,-30,-6,-9,-4,5,1,-1,5,4,-5,7,2,1,2,3,0,0,0,-1,0,-13,2,-6,4,2,0,-1,0,-1,-1,-1,0,-1
KR_6625457695,420,-2,-64,19,-12,-1,3,2,0,1,1,-2,3,1,-3,5,2,-6,7,1,0,-10,3,-2,-3,5,-5,0,-1,-1,-1,-1,-1,5,-1
KR_6672368017,420,1,9,-21,-6,0,2,2,-6,6,0,1,3,4,0,3,3,-1,2,1,-3,-13,-8,-6,-3,9,3,0,-2,1,-1,-1,-1,6,-1
KR_6729126967,420,-2,1,-35,-14,-6,6,0,-6,10,4,0,2,2,-1,5,4,-1,2,1,0,-10,-6,-7,-2,9,6,0,-1,-1,1,-1,-1,4,-1
KR_6741171048,440,1,-26,-16,-9,-1,1,0,-3,3,0,-1,3,2,-4,7,3,0,0,0,0,-7,0,1,-7,6,-6,0,0,-1,-1,-1,-1,4,-1
KR_6720565141,420,0,-36,-3,5,-4,4,0,2,1,3,8,0,8,0,4,4,-1,1,0,-1,7,-2,2,-5,3,1,0,-1,1,-1,-1,-1,2,-1
KR_6742076132,420,2,17,-32,4,0,1,1,1,2,3,2,1,3,-3,6,3,4,1,5,0,8,216,-3,-2,5,-3,0,0,1,-1,0,1,1,-1
KR_6624166973,420,-1,2,-44,3,1,1,2,0,2,2,1,0,1,-3,5,2,4,0,4,0,1,-4,2,-2,0,-1,0,0,-1,1,0,1,4,-1
KR_6735934206,420,1,-45,-5,-2,1,2,3,2,1,3,-3,5,2,-2,3,1,0,0,0,0,-3,-7,5,-6,1,0,0,0,1,1,0,-1,4,-1
KR_6761645716,420,3,43,-28,11,-2,3,1,4,2,6,3,2,5,5,1,6,1,2,3,0,13,325,3,-4,1,4,0,0,-1,-1,-1,1,5,-1
KR_6601517706,420,-4,-40,-15,-12,-5,5,0,-2,3,1,-3,3,0,-4,8,4,2,1,3,0,-6,-11,5,-9,4,-3,0,-2,1,-1,-1,1,2,-1
KR_6737573240,420,-2,-43,13,-11,-3,5,2,-2,5,3,-3,5,2,-3,3,0,0,1,1,0,-11,-6,2,-5,3,2,0,-1,-1,1,-1,-1,5,-1
KR_6739557455,420,-4,-130,-56,-7,-3,4,1,-2,3,1,-4,4,0,0,2,2,2,0,2,0,-5,1,-4,-3,7,-1,0,-1,-1,-1,-1,-1,1,-1
KR_6749318458,440,1,-8,32,-4,0,2,2,-4,5,1,0,1,1,-1,2,1,1,0,1,0,-2,16,2,-5,3,-3,0,-2,1,-1,1,1,5,-1
KR_6762523684,440,-1,61,-8,5,-1,1,0,-1,4,3,5,0,5,4,1,5,-2,3,1,0,-3,3,-3,-3,6,-2,0,4,-1,1,1,1,1,-1
KR_6669832396,420,-9,-69,-12,-10,-4,4,0,-1,4,3,-2,3,1,0,1,1,-3,4,1,0,-10,20,5,-9,4,-21,0,-1,-1,1,-1,1,2,-1
KR_6740221005,420,-4,-20,16,-11,-3,4,1,-3,3,0,0,1,1,-3,4,1,-2,2,0,0,-15,68,-1,-5,6,-29,0,0,-1,0,1,-1,2,-1
KR_6763576331,440,-4,-3,10,-9,-5,5,0,1,1,2,1,1,2,-2,3,1,-4,6,2,0,-6,4,3,-4,1,-4,0,-1,0,0,-1,1,0,-1
KR_6737442174,420,-8,-87,-20,-18,-6,6,0,-3,6,3,-2,2,0,-7,8,1,0,2,2,0,-9,-19,2,-9,7,3,0,-2,-1,-1,-1,1,2,-1
KR_6662472421,420,-5,-93,-12,-13,-1,1,0,-3,4,1,-6,6,0,-2,3,1,-1,2,1,0,-14,2,-1,-5,6,-5,0,-3,-1,-1,-1,-1,2,-1
KR_6744272062,420,-2,-28,-4,-5,-2,3,1,-1,2,1,-3,3,0,1,2,3,0,1,1,0,1,0,1,-4,3,-1,0,0,-1,-1,-1,1,6,-1
KR_6686719629,420,0,4,-16,-1,0,3,3,1,1,2,1,3,4,-3,3,0,0,0,0,0,-4,-15,-3,-6,9,0,0,0,-1,1,-1,-1,3,-1
KR_6720222312,420,-5,-106,-8,-1,-1,3,2,-1,3,2,0,2,2,2,3,5,-1,4,3,0,6,-8,4,-7,3,-3,0,-1,-1,-1,-1,-1,5,-1
KR_6752970199,440,0,-28,-13,1,3,4,7,0,1,1,1,1,2,-3,8,5,0,0,0,-1,10,1,-1,-4,5,2,0,0,-1,1,0,-1,2,-1
KR_6473540903,420,-1,10,-17,-2,-4,5,1,0,3,3,4,1,5,-2,3,1,0,0,0,0,-4,-17,-3,-2,5,0,0,-1,-1,-1,-1,1,5,-1
KR_6738849059,420,-8,-61,-20,-19,-4,7,3,-7,7,0,-3,4,1,-5,6,1,0,0,0,0,-14,-1,-1,-3,4,-1,0,-1,-1,-1,-1,1,4,-1
KR_6761982125,420,2,-11,-8,-9,-4,5,1,3,1,4,2,0,2,-1,1,0,-9,9,0,0,-1,3,-1,-1,2,1,0,0,1,1,1,-1,6,-1
KR_6500314066,420,-1,-23,20,-1,0,1,1,1,3,4,1,2,3,1,4,5,-4,4,0,0,2,-5,-2,-3,5,-3,0,-1,1,-1,-1,-1,2,-1
KR_6714845814,420,-2,-60,-3,-6,-5,7,2,6,1,7,-4,6,2,1,1,2,-4,4,0,0,7,8,-4,-3,7,0,0,-1,-1,-1,-1,-1,4,-1
KR_6689483073,420,-2,-19,-34,-6,2,1,3,-1,2,1,-6,8,2,-1,2,1,0,0,0,0,-8,1,-3,-2,5,3,0,0,-1,0,0,1,6,-1
KR_6748558265,420,-1,-25,-28,5,0,0,0,-3,5,2,6,2,8,0,3,3,2,1,3,1,5,131,1,-8,7,4,0,-1,1,-1,-1,1,4,-1
KR_6732013484,420,-3,-7,-12,-10,0,2,2,1,4,5,0,1,1,-8,10,2,-3,3,0,-3,-25,-9,-4,-3,7,5,0,-2,1,0,-1,-1,2,-1
KR_6746197376,420,-4,-31,-32,-7,-4,5,1,-5,5,0,-2,4,2,2,1,3,2,1,3,0,-4,-21,3,-8,5,-5,0,0,0,-1,-1,1,0,-1
KR_6691357440,420,-2,46,-24,-7,1,2,3,-5,5,0,1,0,1,-3,5,2,-1,1,0,0,-15,-13,2,-8,6,6,0,1,-1,-1,1,-1,3,-1
KR_6608848530,420,-3,-48,7,-5,-8,8,0,1,3,4,0,0,0,3,1,4,-1,1,0,-1,4,-18,-2,-6,8,2,0,-4,1,-1,-1,-1,3,-1
KR_6745414677,420,0,10,8,1,-1,4,3,-1,1,0,8,1,9,-7,8,1,2,0,2,3,-2,-218,6,-9,3,-6,0,0,1,1,1,1,5,-1
KR_6726120079,420,-1,-31,0,0,-4,6,2,3,1,4,0,2,2,0,3,3,1,0,1,0,2,-14,-1,-3,4,0,0,-1,-1,-1,-1,1,4,-1
KR_6755614889,420,-2,-66,12,-4,-3,4,1,1,0,1,-1,2,1,3,1,4,-4,4,0,0,3,7,3,-6,3,-3,0,-1,-1,-1,-1,-1,3,-1
KR_6757774198,420,-9,-47,-36,-6,-2,4,2,-1,5,4,-8,9,1,3,3,6,2,2,4,3,4,-1,0,-6,6,-2,0,-1,-1,1,-1,1,5,-1
KR_6763309136,440,-2,-81,-20,-4,-5,8,3,3,1,4,1,0,1,-3,4,1,0,0,0,0,-1,5,5,-9,4,-3,0,-1,1,-1,-1,-1,3,-1
KR_6755989689,420,-5,-69,-12,-10,-5,5,0,2,1,3,-1,3,2,-6,7,1,0,0,0,0,-2,6,-1,-7,8,-1,0,-1,1,-1,-1,-1,6,-1
KR_6737787288,420,-2,-45,27,-2,-2,2,0,2,1,3,-2,5,3,0,1,1,0,2,2,0,0,300,-4,0,4,-14,0,-1,-1,1,-1,-1,2,-1
KR_6729222014,420,-4,-96,-37,-6,-3,7,4,-4,6,2,2,2,4,-1,4,3,0,1,1,0,-6,-73,-1,-4,5,5,0,-3,1,-1,-1,-1,4,-1
KR_6678725758,420,-3,6,0,-7,3,0,3,0,0,0,-6,6,0,-6,7,1,2,0,2,0,-13,-8,-5,-3,8,-1,0,0,-1,1,0,-1,4,-1
KR_6759530431,440,-3,-23,-29,-12,-3,3,0,-2,2,0,-2,3,1,-7,12,5,2,0,2,-2,-25,0,1,-3,2,1,0,0,-1,-1,-1,-1,4,-1
KR_6748274864,420,2,-25,12,0,-1,4,3,1,2,3,-1,2,1,1,3,4,0,1,1,-1,-3,25,-3,-3,6,0,0,0,0,0,0,-1,0,-1
KR_6644686877,440,-2,-23,-1,-14,-2,2,0,-1,3,2,-2,2,0,-9,9,0,0,1,1,0,-16,-9,-2,-4,6,2,0,-2,-1,-1,-1,-1,3,-1
KR_6628098338,420,-2,-20,12,-3,1,3,4,-5,9,4,-2,2,0,3,1,4,0,0,0,0,-1,-265,1,-6,5,-1,0,-1,-1,-1,-1,-1,4,-1
KR_6669826483,420,-1,-24,24,-4,1,3,4,-9,9,0,-3,8,5,5,1,6,2,0,2,-1,-7,8,1,-5,4,-3,0,0,1,-1,-1,-1,1,-1
KR_6591732716,420,4,33,12,3,0,0,0,0,2,2,-2,3,1,-1,3,2,6,0,6,1,6,6,-3,-5,8,0,0,0,1,1,0,1,6,-1
KR_6746186398,440,-3,-70,-12,-4,-5,7,2,0,1,1,2,6,8,1,3,4,-2,2,0,0,-5,4,3,-7,4,2,0,-1,-1,-1,-1,-1,5,-1
KR_6732180032,420,-4,-48,-11,-6,-3,4,1,-4,6,2,-1,2,1,2,0,2,0,0,0,0,-10,-249,1,-4,3,2,0,-3,-1,-1,-1,1,6,-1
KR_6749352320,420,-5,-64,-40,-8,-1,2,1,-2,4,2,-2,3,1,-3,3,0,0,1,1,0,-14,-6,-3,-2,5,0,0,-1,-1,-1,-1,-1,5,-1
KR_6761551757,420,1,16,10,2,0,0,0,-1,5,4,-2,4,2,1,1,2,4,0,4,0,-3,-22,1,-4,3,0,0,1,-1,1,1,-1,4,-1
KR_6750167366,420,-1,-14,16,0,1,0,1,0,3,3,0,2,2,-1,4,3,0,0,0,1,0,-293,6,-10,4,-1,0,0,-1,1,1,1,6,-1
KR_6704817395,420,4,36,8,4,4,0,4,0,2,2,0,1,1,1,2,3,-1,1,0,0,6,7,5,-8,3,-5,0,2,1,1,1,1,2,-1
KR_6729309163,420,-4,-46,-24,-13,-1,3,2,0,4,4,-1,1,0,-8,8,0,-3,4,1,-1,-15,6,-2,-3,5,1,0,0,-1,-1,-1,-1,5,-1
KR_6741909274,420,-1,-5,-40,-1,-3,4,1,-2,2,0,3,0,3,1,3,4,0,0,0,0,0,3,3,-4,1,1,0,0,1,1,1,-1,4,-1
KR_6714009130,420,-3,74,-23,-6,-2,3,1,-3,5,2,-3,5,2,0,2,2,2,0,2,0,1,-108,3,-6,3,-1,0,-2,-1,-1,-1,-1,2,-1
KR_6629285461,420,-1,-50,46,-7,-5,7,2,6,1,7,-3,4,1,-4,9,5,-1,2,1,1,0,-4,0,-4,4,-3,0,1,1,-1,-1,-1,5,-1
KR_6664642327,420,-1,-43,16,-2,-4,4,0,-1,3,2,4,0,4,-2,3,1,1,1,2,0,-3,-4,1,-5,4,1,0,-1,1,1,-1,1,2,-1
KR_6623917732,420,-3,-81,-36,-10,0,3,3,-3,4,1,-2,2,0,-4,8,4,-1,2,1,-1,-2,-8,1,-7,6,-3,0,-1,-1,-1,-1,-1,4,-1
KR_6713173078,420,-4,-6,4,-6,-3,4,1,0,5,5,-2,6,4,-1,1,0,0,1,1,0,-3,-2,6,-10,4,0,0,0,0,1,0,-1,0,-1
KR_6687024224,420,-3,-52,-29,-4,5,0,5,0,2,2,-7,7,0,-1,3,2,-1,1,0,0,-8,-18,0,-5,5,-1,0,-2,-1,-1,-1,-1,1,-1
KR_6754381412,420,-2,-7,0,0,-5,6,1,0,1,1,1,2,3,3,0,3,1,0,1,0,2,101,0,-2,2,2,0,2,-1,1,1,-1,2,-1
KR_6762436233,420,-1,43,-12,0,2,0,2,-2,3,1,1,2,3,1,2,3,-2,4,2,1,-1,17,4,-6,2,-1,0,1,-1,1,1,1,6,-1
KR_6731622059,420,-5,-60,-22,-8,-4,4,0,-2,5,3,-6,6,0,4,2,6,0,1,1,0,-4,1,-2,-2,4,-4,0,-1,-1,-1,-1,-1,3,-1
KR_6286939714,440,-4,-44,-13,-3,-2,4,2,-1,4,3,0,2,2,4,1,5,-4,4,0,0,3,-2,5,-7,2,-5,0,-1,-1,0,-1,1,4,-1
KR_6699148823,420,-2,-31,-17,0,-1,2,1,-1,2,1,-3,4,1,4,0,4,1,1,2,0,5,-11,0,-4,4,0,0,-3,1,1,-1,-1,3,-1
KR_6748490389,420,-1,-9,-28,-4,1,1,2,-2,4,2,-2,2,0,-4,6,2,3,2,5,0,-2,-22,1,-3,2,-1,0,-1,1,1,-1,1,5,-1
KR_6695547978,420,3,-11,-24,4,2,2,4,1,1,2,-1,4,3,2,1,3,0,3,3,0,8,32,-1,-3,4,-21,0,-1,-1,-1,-1,-1,2,-1
KR_6738678164,420,-7,-89,-56,-9,-8,9,1,-4,10,6,-1,1,0,3,2,5,1,3,4,1,4,-4,4,-7,3,-3,0,-2,-1,-1,-1,1,4,-1
KR_6661503030,420,1,-50,3,2,-2,3,1,3,2,5,3,1,4,-2,4,2,0,0,0,0,-1,-10,-1,-1,2,-2,0,0,-1,-1,-1,1,3,-1
KR_6724542973,420,-4,19,-20,0,-3,4,1,4,1,5,-1,4,3,-1,1,0,1,1,2,0,-2,-24,2,-4,2,2,0,1,-1,0,1,1,3,-1
KR_6686427199,420,-2,-50,-10,-8,-3,5,2,-2,5,3,1,1,2,-4,4,0,0,1,1,0,-11,-5,0,-4,4,4,0,0,-1,1,-1,-1,3,-1
KR_6656455033,420,-4,6,-8,-9,-3,4,1,-1,4,3,-3,4,1,-3,5,2,1,3,4,0,-10,-3,0,-5,5,-3,0,-1,-1,1,-1,1,4,-1
KR_6536827042,440,4,23,2,9,3,1,4,3,1,4,0,0,0,-1,4,3,4,1,5,0,4,-22,-2,-3,5,-1,0,3,-1,1,1,1,5,-1
KR_6734791186,420,0,-55,-4,0,-4,4,0,2,4,6,1,1,2,2,0,2,-1,1,0,0,0,24,-1,-5,6,-6,0,-2,1,-1,-1,-1,1,-1
KR_6702675794,420,-6,-105,-28,-18,-2,3,1,-5,8,3,-5,6,1,-3,3,0,-3,5,2,-1,-10,42,-2,-3,5,-10,0,-5,-1,-1,-1,-1,6,-1
KR_6741861722,420,1,59,6,1,2,0,2,-3,3,0,-1,3,2,5,1,6,-2,3,1,-1,0,5,6,-6,0,-1,0,-1,-1,-1,-1,1,2,-1
KR_6738680205,420,-1,-12,36,-3,0,2,2,-3,3,0,1,0,1,-2,3,1,1,3,4,0,1,5,0,-3,3,-3,0,0,-1,1,1,1,4,-1
KR_6737096379,420,-4,34,-10,-8,0,3,3,1,2,3,-4,4,0,-4,4,0,-1,1,0,0,-7,-2,-1,-4,5,0,0,-1,-1,-1,1,-1,6,-1
KR_6695235003,420,-2,-15,-33,0,-2,2,0,-2,3,1,4,2,6,0,5,5,0,1,1,-1,-8,-4,3,-4,1,-6,0,-1,-1,0,-1,-1,5,-1
KR_6539674449,420,-3,-33,-17,-6,-3,5,2,3,1,4,-1,3,2,-5,6,1,0,3,3,0,-1,0,1,-4,3,-1,0,0,1,-1,-1,-1,1,-1
KR_6754300634,420,-9,-102,-25,-13,0,1,1,-3,5,2,-3,4,1,-10,11,1,3,0,3,1,-12,-3,1,-6,5,-3,0,-1,-1,1,-1,1,1,-1
KR_6726037895,420,-2,34,-16,3,4,2,6,1,2,3,-1,2,1,1,2,3,-2,2,0,0,-6,285,4,-5,1,-25,0,0,-1,1,1,1,2,-1
KR_6714548052,420,-1,-34,-23,-8,2,0,2,-3,4,1,-2,3,1,-1,2,1,-4,6,2,0,-12,26,-3,-4,7,-1,0,-1,-1,-1,-1,-1,4,-1
KR_6709163333,420,0,-57,21,2,1,1,2,-2,5,3,3,0,3,0,2,2,0,1,1,0,-1,122,1,-7,6,3,0,-1,-1,1,-1,1,5,-1
KR_6492050868,420,0,-5,-19,3,2,0,2,3,1,4,-4,4,0,4,0,4,-2,2,0,0,3,-6,-4,-2,6,-1,0,-1,-1,-1,-1,-1,5,-1
KR_6764344469,420,0,-59,-16,-1,-1,3,2,0,4,4,-1,7,6,0,3,3,1,0,1,0,7,-7,-4,-1,5,1,0,-1,-1,-1,-1,-1,2,-1
KR_6644624661,420,-3,-26,14,-2,0,3,3,3,2,5,2,1,3,-3,6,3,-4,4,0,0,-4,7,-3,-3,6,-1,0,0,-1,1,-1,1,1,-1
KR_6748373731,420,-7,-84,-47,-14,-2,3,1,1,3,4,-5,9,4,-8,8,0,0,0,0,0,0,0,2,-6,4,-1,0,-1,-1,-1,-1,-1,1,-1
KR_6744505665,420,1,-17,-7,6,-1,3,2,0,1,1,2,2,4,3,1,4,2,0,2,1,11,0,4,-8,4,-1,0,0,1,0,-1,1,6,-1
KR_6754445876,420,-2,-44,13,-5,-2,3,1,-3,5,2,-2,4,2,0,3,3,2,0,2,-1,-9,19,-2,-5,7,-3,0,0,1,1,0,-1,6,-1
KR_6629370840,420,-1,-39,-22,1,-5,7,2,-2,2,0,-2,3,1,12,1,13,-2,3,1,0,8,-19,1,-5,4,-2,0,1,-1,1,1,-1,4,-1
KR_6723978985,420,-3,-20,-14,3,-2,2,0,1,3,4,0,2,2,2,3,5,2,1,3,-1,2,3,1,-8,7,3,0,1,-1,1,1,-1,6,-1
KR_6743966821,420,-3,-5,12,-10,-3,4,1,1,0,1,-4,5,1,-2,4,2,-2,2,0,0,-17,-6,-1,-7,8,-2,0,-2,-1,1,-1,1,1,-1
KR_6737176651,420,-2,-7,-4,-5,0,4,4,0,1,1,0,2,2,-4,5,1,-1,1,0,0,-12,-42,0,-2,2,14,0,-1,1,-1,-1,-1,4,-1
KR_6624474194,420,0,-12,6,1,-6,7,1,5,1,6,1,2,3,3,1,4,-2,3,1,0,7,-4,1,-3,2,4,0,0,1,-1,1,1,4,-1
KR_6696551267,420,2,70,26,7,2,1,3,6,0,6,-1,3,2,2,1,3,-2,4,2,0,4,104,0,-3,3,-2,0,1,1,1,1,1,3,-1
KR_6764442564,420,-1,-26,-27,-7,-3,4,1,-1,5,4,-2,7,5,0,1,1,-1,2,1,1,-3,-14,1,-5,4,1,0,2,0,1,-1,1,0,-1
KR_6724309705,420,-1,-68,12,1,1,2,3,3,1,4,-1,1,0,-1,2,1,-1,1,0,0,-1,-7,0,-4,4,1,0,-1,0,1,-1,1,0,-1
KR_6399065257,420,-1,21,-14,-5,1,2,3,0,3,3,-5,6,1,0,3,3,-1,4,3,0,-6,-1,1,-4,3,-2,0,0,-1,-1,0,-1,6,-1
KR_6762820819,420,-6,-96,-1,-14,-3,4,1,-5,7,2,0,1,1,-5,6,1,-1,3,2,0,-14,-12,2,-9,7,-9,0,-1,1,-1,-1,-1,5,-1
KR_6709073820,420,1,84,34,-6,2,0,2,0,6,6,1,1,2,-6,8,2,-3,3,0,0,-11,1,-1,-5,6,-5,0,1,-1,-1,1,-1,5,-1
KR_6730197662,440,-4,-30,1,-7,-2,3,1,-2,4,2,-5,8,3,-3,4,1,5,1,6,0,-1,6,2,-7,5,-3,0,0,1,-1,-1,1,2,-1
KR_6573626063,420,-1,-9,11,-6,-3,3,0,-2,4,2,2,0,2,-3,4,1,0,1,1,0,-6,1,-4,-6,10,-1,0,0,-1,1,0,-1,3,-1
KR_6746312405,420,-3,-51,-12,-8,-5,6,1,2,2,4,-3,4,1,0,0,0,-2,2,0,0,-5,251,-5,-2,7,7,0,0,-1,1,-1,-1,6,-1
KR_6752210710,420,-2,-22,-6,-8,1,1,2,-5,7,2,1,2,3,-4,4,0,-1,2,1,0,-9,-7,-1,-3,4,3,0,0,-1,1,0,-1,3,-1
KR_6752742716,420,-3,-14,-4,-9,0,1,1,2,3,5,-5,8,3,-4,4,0,-2,2,0,0,-13,243,-2,-3,5,-2,0,-2,-1,-1,-1,-1,3,-1
KR_6657354875,440,-1,-86,-7,3,0,3,3,1,1,2,-1,3,2,2,1,3,1,2,3,1,13,9,2,-3,1,-2,0,-1,-1,-1,-1,1,5,-1
KR_6749435131,420,2,8,0,9,0,1,1,0,3,3,2,1,3,5,2,7,2,0,2,-1,11,2,4,-5,1,3,0,0,1,1,0,-1,4,-1
KR_6759972729,440,-4,-64,-2,-1,-2,2,0,3,1,4,0,2,2,-1,2,1,-1,1,0,2,0,27,-1,-2,3,7,0,1,-1,1,1,1,6,-1
KR_6684882147,420,-4,-67,-19,-8,-3,6,3,1,1,2,-4,6,2,0,6,6,-2,2,0,0,0,118,1,-2,1,-1,0,-1,1,-1,-1,-1,3,-1
KR_6538296281,420,-1,26,1,2,1,0,1,1,0,1,4,3,7,-5,9,4,1,0,1,0,-2,31,-1,-4,5,1,0,1,-1,1,1,1,5,-1
KR_6732118368,420,-4,-86,17,-8,0,4,4,-4,5,1,-2,3,1,-1,5,4,-1,2,1,1,-12,-2,5,-6,1,-1,0,-1,-1,-1,-1,1,4,-1
KR_6655268097,420,2,81,34,1,-5,6,1,1,3,4,3,0,3,3,4,7,-1,2,1,0,-12,-5,-5,-1,6,3,0,0,0,0,1,1,0,-1
KR_6738545439,420,-1,10,-44,0,1,1,2,0,2,2,-1,3,2,2,3,5,-2,4,2,0,5,-3,-1,-3,4,-4,0,-1,1,0,-1,-1,6,-1
KR_6762359627,420,0,35,-8,0,3,0,3,-1,4,3,-1,4,3,0,0,0,-1,1,0,0,-1,-5,-2,-3,5,3,0,0,-1,-1,1,1,5,-1
KR_6494740628,420,-1,-76,16,-8,1,0,1,-5,6,1,0,0,0,-4,5,1,0,1,1,0,-13,-58,-1,-5,6,2,0,-1,1,1,-1,-1,2,-1
KR_6753275331,420,-1,49,12,-10,-2,4,2,-2,2,0,-6,9,3,1,0,1,-1,2,1,0,-5,-16,2,-3,1,-6,0,0,1,-1,0,-1,2,-1
KR_6578483852,420,0,-23,17,4,-3,5,2,5,2,7,-1,4,3,2,1,3,1,1,2,0,8,-2,1,-10,9,-2,0,-1,1,1,-1,-1,6,-1
KR_6750992564,420,-4,-111,-32,-8,-2,2,0,-1,3,2,-1,4,3,-4,5,1,0,2,2,0,-7,-34,-5,-1,6,23,0,-1,-1,-1,-1,-1,2,-1
KR_6473478439,420,-2,-2,-8,-4,0,0,0,1,0,1,-2,4,2,-2,2,0,-1,1,0,0,-7,10,-4,-2,6,3,0,-1,-1,-1,-1,-1,4,-1
KR_6763116390,420,3,12,4,9,2,0,2,-3,3,0,4,7,11,1,1,2,5,0,5,0,9,4,3,-5,2,2,0,0,1,-1,1,1,2,-1
KR_6749360928,440,-6,-26,12,-17,-4,4,0,-1,1,0,-7,7,0,-3,4,1,-2,2,0,-1,-20,-5,-5,0,5,3,0,0,-1,1,0,-1,5,-1
KR_6715002785,440,-3,-14,-12,-7,1,0,1,-1,5,4,-4,4,0,-1,1,0,-2,2,0,0,-7,19,2,-4,2,-2,0,0,-1,1,1,-1,3,-1
KR_6682620532,420,-5,-94,-8,-3,-1,4,3,3,0,3,0,2,2,-5,5,0,0,1,1,0,-3,-2,1,-4,3,-2,0,-2,-1,1,-1,1,5,-1
KR_6719002400,420,0,21,1,-3,-2,3,1,0,3,3,-1,5,4,2,2,4,-2,2,0,0,-3,0,1,-5,4,-2,0,-2,-1,-1,-1,1,5,-1
KR_6764052702,420,-3,-44,-18,-3,2,2,4,0,3,3,-7,7,0,1,0,1,1,1,2,-1,2,-250,2,-6,4,-1,0,0,-1,-1,1,-1,2,-1
KR_6739649165,440,-5,-16,-9,-12,-4,4,0,-7,9,2,-5,6,1,2,0,2,2,2,4,0,-1,-21,1,-3,2,-1,0,-1,-1,-1,-1,-1,4,-1
KR_6471289139,420,2,48,-10,0,2,0,2,-7,7,0,3,1,4,2,2,4,0,1,1,0,-3,6,4,-6,2,-5,0,-1,-1,1,-1,-1,1,-1
KR_6750963524,420,-6,-129,-44,-11,0,0,0,-6,6,0,0,2,2,-1,1,0,-4,4,0,0,-17,-19,-3,0,3,0,0,-1,-1,-1,-1,1,2,-1
KR_6455491884,420,-5,-22,-44,-3,-2,4,2,-4,7,3,5,2,7,-4,5,1,2,2,4,-1,-1,0,1,-5,4,-4,0,-1,-1,-1,-1,-1,2,-1
KR_6752520295,420,2,32,19,9,-2,3,1,2,0,2,3,3,6,2,1,3,4,0,4,0,14,32,5,-9,4,-2,0,0,1,0,1,1,4,-1
KR_6752066316,420,-3,5,-33,1,-2,3,1,3,1,4,0,0,0,0,3,3,0,1,1,0,5,-2,-2,-7,9,0,0,0,0,1,0,-1,0,-1
KR_6738569713,420,-2,-66,-28,-3,-2,2,0,3,4,7,-2,2,0,0,2,2,-2,2,0,0,-2,-533,-1,-3,4,1,0,0,-1,1,-1,-1,6,-1
KR_6747985758,420,-6,-67,-43,-9,-3,4,1,-3,5,2,0,4,4,-1,3,2,-2,2,0,0,-2,8,5,-7,2,-3,0,-2,-1,-1,-1,1,3,-1
KR_6678538760,420,-3,-40,-23,-8,0,1,1,-7,8,1,-2,3,1,2,3,5,-1,2,1,0,-5,29,-3,-3,6,1,0,0,-1,-1,0,-1,6,-1
KR_6763584672,420,-9,-81,-56,-23,-5,5,0,-2,3,1,-13,13,0,-2,3,1,-1,1,0,0,-14,-282,-5,-2,7,-1,0,-4,-1,-1,-1,-1,2,-1
KR_6608183849,420,-4,6,12,-8,-1,2,1,2,2,4,-6,7,1,-2,4,2,-1,1,0,0,-5,-2,-3,-6,9,1,0,0,-1,1,1,1,2,-1
KR_6754906128,420,0,17,-8,2,-1,6,5,0,1,1,1,1,2,2,0,2,0,2,2,0,1,29,2,-5,3,5,0,-1,1,-1,-1,1,1,-1
KR_6755185566,420,-3,-33,1,-7,-5,5,0,3,1,4,-2,2,0,-4,6,2,1,0,1,0,0,-6,-2,-3,5,-2,0,0,-1,-1,0,-1,6,-1
KR_6609973242,420,-2,-11,-13,-3,1,2,3,4,1,5,1,1,2,-8,8,0,-1,1,0,0,-12,-22,-1,-4,5,-1,0,-2,-1,-1,-1,1,1,-1
KR_6742179684,420,-4,-120,-4,-6,-3,4,1,-1,5,4,-1,4,3,-3,5,2,2,0,2,0,-5,0,-2,-2,4,-1,0,-3,-1,-1,-1,1,3,-1
KR_6674707133,420,-4,-5,-28,-13,-8,8,0,-4,6,2,-4,5,1,3,4,7,0,2,2,-1,-6,-9,0,-4,4,-1,0,0,1,-1,-1,-1,4,-1
KR_6619048644,420,-4,-21,-12,-11,-5,5,0,0,2,2,-3,3,0,-1,1,0,-2,2,0,0,-8,-1,4,-8,4,2,0,-1,0,0,-1,1,0,-1
KR_6661490178,420,-2,3,-23,-10,-1,2,1,-4,6,2,-6,7,1,1,1,2,0,0,0,0,-10,167,1,-5,4,-2,0,0,1,-1,0,-1,3,-1
KR_6506313122,420,-2,-41,24,-8,-1,2,1,2,1,3,-8,8,0,-1,4,3,0,0,0,0,-6,15,5,-8,3,-3,0,0,-1,1,0,-1,6,-1
KR_6582879767,420,-2,-14,20,-9,-1,2,1,1,2,3,-3,3,0,-3,3,0,-3,3,0,0,-16,-7,-2,-5,7,-1,0,-2,-1,1,-1,1,3,-1
KR_6654045045,420,0,-55,12,-3,0,1,1,-4,8,4,1,0,1,-2,4,2,2,0,2,-1,-6,21,1,-5,4,0,0,0,-1,1,1,-1,1,-1
KR_6570458233,420,-2,-69,-10,-7,-1,1,0,0,3,3,-3,3,0,-2,3,1,-1,1,0,0,-8,-5,0,-6,6,-1,0,-1,-1,-1,-1,-1,5,-1
KR_6764690739,420,-1,30,-23,-7,3,1,4,-5,8,3,-2,4,2,-1,5,4,-2,3,1,-2,0,4,1,-3,2,0,0,0,-1,-1,1,-1,2,-1
KR_6761566692,420,-1,-21,0,1,-2,2,0,1,3,4,-1,4,3,3,3,6,0,3,3,0,6,-11,0,-5,5,-1,0,0,1,-1,-1,1,1,-1
KR_6683981561,420,1,-29,-20,0,1,4,5,0,3,3,1,1,2,-3,3,0,1,0,1,0,-2,-9,-1,-1,2,-1,0,-1,-1,0,-1,-1,4,-1
KR_6761719880,420,-2,-10,3,-16,-1,3,2,-3,6,3,-10,10,0,-1,3,2,-1,2,1,0,-16,-29,0,-4,4,1,0,0,-1,-1,-1,-1,5,-1
KR_6658241830,420,0,-7,-1,0,1,2,3,-1,3,2,1,0,1,-2,5,3,1,1,2,0,-2,20,2,-6,4,5,0,1,-1,-1,1,-1,5,-1
KR_6708250825,420,2,21,3,2,-1,2,1,1,3,4,-2,6,4,4,2,6,0,0,0,0,0,-1,-5,-1,6,3,0,-2,1,-1,-1,1,2,-1
KR_6750271819,420,1,-48,15,4,-2,4,2,1,2,3,0,2,2,-1,3,2,6,1,7,0,6,0,0,-2,2,-2,0,-1,1,-1,-1,1,1,-1
KR_6715997736,420,-3,9,-29,-7,0,2,2,-2,2,0,-4,4,0,-1,3,2,0,0,0,0,-3,-46,1,-9,8,31,0,0,-1,1,0,-1,3,-1
KR_6757783323,420,-2,-35,-28,-2,-1,3,2,0,2,2,-1,2,1,5,1,6,-5,6,1,0,-4,-56,-3,-2,5,17,0,-1,-1,-1,-1,-1,3,-1
KR_6759318833,420,1,-55,5,0,0,0,0,-1,2,1,-2,4,2,3,1,4,0,1,1,0,4,2,-5,-1,6,4,0,0,-1,-1,0,-1,2,-1
KR_6762576335,420,0,-32,-8,-2,-2,3,1,-2,5,3,-4,4,0,5,2,7,1,1,2,0,2,212,0,-8,8,3,0,0,0,1,1,-1,0,-1
KR_6710112718,420,-1,-72,15,-5,-1,3,2,-1,3,2,-4,7,3,2,0,2,-1,3,2,0,-1,1,-2,-4,6,3,0,-4,-1,-1,-1,-1,1,-1
KR_6756160992,420,0,-29,-12,-5,4,2,6,-2,3,1,-3,6,3,-2,5,3,-2,3,1,0,-1,-6,0,-3,3,5,0,-2,-1,-1,-1,-1,2,-1
KR_6759914495,440,-1,-4,9,5,-2,3,1,-1,1,0,0,2,2,4,2,6,4,0,4,0,9,4,3,-6,3,-1,0,1,1,-1,1,1,6,-1
KR_6740802931,420,-4,-45,13,-8,-1,2,1,-3,4,1,-3,6,3,-1,2,1,0,2,2,0,-11,-44,-2,-3,5,1,0,0,-1,0,-1,-1,2,-1
KR_6619485589,440,-2,18,5,-5,-5,6,1,1,2,3,4,2,6,-3,5,2,-2,4,2,0,-3,-1,1,-5,4,-4,0,-2,1,-1,-1,-1,2,-1
KR_6695616414,420,-1,-26,4,-6,-1,1,0,-1,5,4,3,4,7,-3,4,1,-4,5,1,0,-13,5,6,-6,0,3,0,-1,-1,1,-1,1,6,-1
KR_6112362628,420,-3,-28,-22,-4,2,1,3,-2,5,3,-2,5,3,-2,2,0,0,1,1,0,0,16,2,-5,3,1,0,0,1,1,0,1,5,-1
KR_6702934881,420,1,-34,43,0,-3,3,0,1,1,2,-1,3,2,3,1,4,0,1,1,0,2,4,0,-4,4,-3,0,-2,0,-1,-1,-1,0,-1
KR_6738712025,420,-5,-69,-12,-13,-4,5,1,5,0,5,-3,3,0,-6,6,0,-5,5,0,1,-7,-11,0,-2,2,0,0,-1,-1,1,-1,1,1,-1
KR_6733232702,420,-3,9,-32,-9,1,0,1,-4,5,1,-2,5,3,-3,5,2,-1,1,0,-2,-9,109,-1,-4,5,4,0,-1,-1,-1,-1,-1,6,-1
KR_6745155502,420,-1,-1,8,-5,2,0,2,-3,7,4,2,0,2,-5,6,1,-1,3,2,0,-10,127,1,-8,7,5,0,-1,0,-1,-1,-1,0,-1
KR_6545715797,420,-3,-65,-8,-5,-4,5,1,-2,7,5,0,4,4,2,1,3,-1,1,0,2,2,-3,-1,-2,3,-4,0,-2,-1,-1,-1,1,3,-1
KR_6674184080,420,1,-24,24,-1,-3,3,0,1,3,4,-1,2,1,2,2,4,0,1,1,0,-3,-6,-4,-5,9,4,0,0,1,1,1,1,1,-1
KR_6651222863,420,1,9,22,-10,2,0,2,-7,8,1,2,1,3,-6,7,1,-1,1,0,0,-20,-7,-2,-4,6,-1,0,0,-1,-1,-1,1,3,-1
KR_6764327605,420,1,-25,-28,-3,-2,3,1,-1,4,3,1,1,2,-1,5,4,0,1,1,0,-4,-1,2,-4,2,0,0,0,-1,1,0,-1,1,-1
KR_6754313545,420,-4,22,-29,-12,-1,3,2,-6,8,2,-2,3,1,-3,3,0,0,1,1,0,-12,301,0,-4,4,0,0,-1,-1,1,-1,-1,2,-1
KR_6761862752,420,-4,-33,-28,-5,-5,6,1,1,2,3,-6,8,2,4,0,4,1,2,3,0,1,20,-1,-4,5,-2,0,-1,1,-1,-1,1,1,-1
KR_6764038599,420,1,21,25,-7,0,0,0,-1,3,2,2,1,3,-5,5,0,-3,5,2,-1,-8,-4,2,-4,2,-7,0,-1,-1,1,-1,-1,4,-1
KR_6718156256,440,-5,-62,-8,-13,-1,1,0,0,2,2,-4,5,1,-5,5,0,-3,5,2,-1,-10,-1,1,-4,3,0,0,0,0,1,0,1,0,-1
KR_6713663324,420,1,-73,8,1,5,1,6,2,0,2,-1,3,2,-4,5,1,-1,2,1,0,-8,2,-2,-3,5,1,0,1,-1,1,1,-1,2,-1
KR_6736398815,420,-2,-50,-16,-4,1,3,4,-3,4,1,-2,3,1,1,3,4,-1,2,1,0,0,-14,2,-6,4,-2,0,0,-1,1,0,-1,5,-1
KR_6761801239,420,-3,-71,12,2,-3,4,1,2,1,3,5,0,5,-1,1,0,-1,2,1,0,6,-12,-1,-3,4,4,0,-1,1,-1,-1,-1,5,-1
KR_6664061674,420,-4,-35,-56,-14,-3,4,1,-1,2,1,-4,6,2,-2,6,4,-4,5,1,-3,-12,-5,2,-3,1,-1,0,-1,-1,-1,-1,-1,5,-1
KR_6761371997,420,-3,-62,0,-1,1,3,4,-1,3,2,0,3,3,-1,4,3,0,0,0,0,1,0,-2,-4,6,1,0,0,0,1,-1,1,0,-1
KR_6669075967,420,2,-55,8,-1,6,0,6,-2,3,1,-5,5,0,-1,6,5,1,0,1,-1,0,-35,-1,-5,6,5,0,-1,1,1,1,-1,3,-1
KR_6723118141,440,-4,-103,-42,-9,-3,3,0,-2,6,4,-5,5,0,1,3,4,0,0,0,0,2,-13,2,-6,4,-1,0,-3,-1,1,-1,1,3,-1
KR_6751285592,420,0,14,-3,-8,1,1,2,-1,1,0,-6,7,1,-3,4,1,1,0,1,0,-6,5,-1,-6,7,-6,0,1,0,-1,1,-1,0,-1
KR_6235240365,420,-1,-73,24,2,-3,3,0,10,1,11,-2,3,1,-3,5,2,0,1,1,-1,5,261,2,-4,2,0,0,-1,-1,-1,-1,-1,1,-1
KR_6703310559,420,-5,-75,-15,-12,0,2,2,-1,3,2,1,2,3,-8,9,1,-4,4,0,-1,-10,8,3,-5,2,-3,0,-1,-1,-1,-1,-1,6,-1
KR_6752484560,420,-1,9,12,-4,6,1,7,-6,7,1,-4,5,1,0,0,0,0,0,0,0,-5,5,0,-2,2,1,0,1,1,0,1,-1,1,-1
KR_6760451259,420,-6,-33,-31,-8,-4,4,0,-2,5,3,-1,3,2,-1,4,3,0,0,0,-1,3,-3,-6,-4,10,-2,0,-2,-1,1,-1,-1,4,-1
KR_6760756644,420,2,5,-16,1,3,1,4,-1,3,2,-2,5,3,1,4,5,0,0,0,2,8,-15,-3,-5,8,1,0,0,-1,-1,-1,1,2,-1
KR_6734019484,420,-1,17,-4,2,1,2,3,1,1,2,0,4,4,1,4,5,-1,1,0,0,10,-368,4,-5,1,-3,0,1,1,-1,-1,-1,1,-1
KR_6760964492,420,-1,-36,-28,-1,0,2,2,0,2,2,1,2,3,-1,2,1,-1,1,0,0,-2,19,2,-8,6,-2,0,0,-1,1,0,-1,5,-1
KR_6591845750,420,0,-29,2,3,2,0,2,1,1,2,3,1,4,-3,3,0,0,1,1,0,0,6,2,-5,3,0,0,0,-1,0,0,1,2,-1
KR_6699544311,420,-1,-17,30,-1,-3,4,1,6,0,6,-4,5,1,0,3,3,0,0,0,0,0,-1,-5,-4,9,-2,0,0,0,-1,0,1,0,-1
KR_6740415381,420,-3,5,-22,-13,0,2,2,-7,8,1,-4,5,1,-2,3,1,0,1,1,0,-12,-2,-2,-2,4,2,0,0,-1,0,0,-1,5,-1
KR_6731114082,420,0,90,-44,7,-2,2,0,7,0,7,4,0,4,-3,5,2,1,0,1,0,9,17,0,-5,5,6,0,0,1,-1,-1,1,3,-1
KR_6740126705,420,-1,-11,43,-6,-1,2,1,4,4,8,-1,1,0,-8,8,0,0,1,1,0,-5,0,-3,-3,6,2,0,0,1,-1,1,-1,3,-1
KR_6679360985,440,-4,-20,-33,-12,-2,2,0,-1,2,1,1,1,2,-8,8,0,-2,3,1,0,-11,-9,-3,-2,5,1,0,-1,-1,-1,-1,-1,1,-1
KR_6729292142,420,-4,-30,-8,-8,-5,6,1,-4,7,3,-2,4,2,1,1,2,2,0,2,0,-6,-2,-5,-3,8,3,0,-1,-1,1,-1,-1,2,-1
KR_6592776336,420,-3,-27,-12,-6,-1,3,2,-4,5,1,-2,2,0,0,1,1,1,0,1,0,-7,218,-4,-2,6,-5,0,0,-1,1,0,-1,4,-1
KR_6753337443,420,-1,-74,24,-14,0,2,2,-4,5,1,-1,1,0,-6,8,2,-3,3,0,0,-10,-2,1,-4,3,0,0,-2,-1,-1,-1,-1,5,-1
KR_6741269627,420,-1,-14,18,-1,-1,2,1,-3,6,3,0,2,2,3,4,7,0,1,1,0,-2,-1,0,-4,4,-1,0,0,0,-1,1,-1,0,-1
KR_6695115838,420,-4,-37,-23,-13,-4,7,3,-6,6,0,1,2,3,-4,6,2,0,2,2,0,-8,-277,-3,-1,4,0,0,-1,-1,-1,-1,-1,4,-1
KR_6703011180,420,-4,15,-13,-6,-1,3,2,0,4,4,-5,8,3,2,2,4,-2,2,0,2,-10,5,4,-8,4,1,0,0,-1,1,0,1,1,-1
KR_6587838273,420,-3,-23,7,-4,-2,2,0,0,3,3,1,2,3,-3,8,5,0,0,0,0,-6,28,1,-6,5,-15,0,0,1,1,0,-1,1,-1
KR_6752270441,420,1,60,12,2,5,2,7,-6,6,0,6,1,7,-4,7,3,1,0,1,0,-2,167,0,-3,3,-22,0,1,-1,-1,1,-1,5,-1
KR_6756617966,420,-3,-8,-16,-7,-1,3,2,0,1,1,-2,3,1,-4,4,0,0,1,1,0,0,0,1,-6,5,-1,0,1,-1,1,1,-1,2,-1
KR_6425201898,420,-3,-92,0,-5,2,1,3,1,3,4,0,2,2,-7,8,1,-1,3,2,-1,-7,208,0,-6,6,0,0,-1,-1,1,-1,-1,2,-1
KR_6645707033,440,-2,-111,-13,-6,0,0,0,0,0,0,-1,1,0,-3,10,7,-2,3,1,0,-11,-12,7,-8,1,1,0,-2,-1,0,-1,1,5,-1
KR_6710218294,420,-2,11,0,-1,-2,3,1,-5,8,3,5,0,5,1,4,5,0,0,0,0,-8,-4,0,-5,5,0,0,-1,-1,-1,-1,-1,1,-1
KR_6762045741,420,-2,-52,-29,-2,5,0,5,-3,4,1,-3,3,0,4,0,4,-5,5,0,0,4,0,-2,-2,4,-6,0,-1,-1,1,1,-1,4,-1
KR_6730054064,420,-1,20,-15,-6,0,1,1,-3,3,0,-1,3,2,-3,6,3,1,0,1,0,-9,34,-3,-4,7,-3,0,1,-1,-1,1,1,4,-1
KR_6760570456,440,0,-10,0,4,-4,4,0,-1,2,1,4,0,4,5,0,5,0,1,1,0,6,11,2,-7,5,4,0,-1,1,-1,-1,-1,5,-1
KR_6740402998,420,0,-21,-24,-3,0,1,1,-1,2,1,2,0,2,-3,6,3,-1,1,0,0,-4,19,-2,-2,4,2,0,-1,-1,0,-1,-1,2,-1
KR_6724387651,420,-7,-56,-44,-9,-4,5,1,-2,4,2,-2,5,3,0,2,2,-1,2,1,0,-5,1,-4,-1,5,1,0,-1,-1,-1,-1,-1,3,-1
KR_6471763252,420,-4,-29,-37,-12,-2,2,0,-4,4,0,-1,2,1,-3,5,2,-2,3,1,-1,-17,-5,0,-6,6,-3,0,-3,-1,-1,-1,-1,6,-1
KR_6663972838,420,0,-41,42,2,0,1,1,0,4,4,-2,5,3,2,5,7,2,0,2,0,-7,-5,-2,-3,5,1,0,0,1,1,1,-1,5,-1
KR_6751539320,420,-4,-67,-4,-11,-4,6,2,0,2,2,-4,5,1,-2,3,1,-1,1,0,0,-7,0,-2,-3,5,1,0,0,-1,1,-1,1,3,-1
KR_6741478889,440,-3,-10,0,-11,0,1,1,-3,3,0,-8,8,0,0,1,1,0,0,0,0,-16,7,2,-7,5,-3,0,0,-1,1,0,-1,5,-1
KR_6759179889,420,0,-29,-9,0,1,2,3,0,2,2,-3,3,0,2,5,7,0,0,0,1,0,5,4,-5,1,-3,0,1,1,1,1,1,4,-1
KR_6751198700,420,-1,-15,-4,-2,0,2,2,-1,3,2,-2,4,2,1,4,5,0,2,2,0,3,27,-1,-4,5,-2,0,0,-1,1,0,1,5,-1
KR_6579825579,420,-11,-78,-46,-16,3,1,4,-2,3,1,0,3,3,-14,14,0,-3,3,0,-2,-22,4,1,-9,8,-6,0,-3,1,1,-1,-1,2,-1
KR_6728452802,420,-4,-72,16,1,-3,3,0,-2,4,2,2,2,4,-1,3,2,5,0,5,0,1,-32,1,-6,5,30,0,1,-1,1,-1,1,6,-1
KR_6633245126,420,-1,-115,4,-3,-1,2,1,1,2,3,0,2,2,-1,7,6,-2,3,1,-2,-11,-27,-3,-5,8,28,0,-2,-1,-1,-1,-1,3,-1
KR_6738263182,420,-4,-15,-16,-4,0,0,0,-1,5,4,-4,4,0,1,2,3,0,0,0,0,-6,-4,-4,-1,5,0,0,0,1,-1,0,1,1,-1
KR_6752647024,420,-1,7,-15,-10,-2,4,2,0,0,0,-6,7,1,-2,3,1,0,1,1,-1,-8,4,3,-8,5,-7,0,0,-1,-1,0,-1,5,-1
KR_6725800135,420,-6,-30,-4,-13,-1,3,2,-5,5,0,-2,3,1,-5,5,0,0,0,0,0,-16,53,1,-4,3,-20,0,-2,-1,1,-1,-1,1,-1
KR_6302118526,420,0,21,-33,3,0,1,1,2,1,3,2,3,5,0,3,3,-1,1,0,0,7,8,5,-9,4,-2,0,0,-1,1,1,-1,5,-1
KR_6153626368,420,2,-3,-39,0,3,3,6,-1,5,4,1,1,2,-2,5,3,-1,1,0,0,-6,7,1,-8,7,-4,0,0,-1,1,1,-1,1,-1
KR_6531413150,420,-1,43,-20,-3,4,1,5,-3,3,0,-2,3,1,-2,4,2,0,0,0,0,-6,5,0,-4,4,5,0,0,-1,1,0,1,6,-1
KR_6738336874,420,-3,-12,12,-11,0,1,1,-1,5,4,-4,5,1,-4,7,3,-2,2,0,0,-9,22,0,-4,4,-1,0,-1,-1,1,-1,-1,6,-1
KR_6722355979,420,-2,32,-10,-6,-1,2,1,-5,7,2,-1,3,2,-2,7,5,3,0,3,0,-4,-8,-3,-3,6,7,0,-1,-1,-1,-1,1,3,-1
KR_6741812698,420,1,-34,16,2,2,0,2,1,3,4,-3,5,2,0,3,3,2,0,2,0,7,0,-4,-4,8,3,0,0,-1,-1,-1,-1,6,-1
KR_6722189974,420,0,8,11,8,3,2,5,-5,8,3,1,3,4,7,3,10,2,0,2,0,3,2,-2,-5,7,-2,0,0,0,0,1,1,0,-1
KR_6743866482,420,-2,-37,-8,-2,2,3,5,1,5,6,-5,10,5,1,1,2,-1,1,0,1,2,-127,-1,-5,6,-1,0,0,-1,0,-1,1,5,-1
KR_6699890034,420,-5,-44,-24,-13,1,3,4,-3,3,0,-10,10,0,0,2,2,-1,1,0,0,-5,-10,-4,-1,5,3,0,-1,-1,-1,-1,-1,5,-1
KR_6764709445,420,-6,-94,-27,-16,-3,4,1,-6,7,1,2,1,3,-6,7,1,-3,4,1,-3,-11,-10,-5,-2,7,1,0,-3,1,-1,-1,-1,3,-1
KR_6748356122,420,-3,-83,-22,-4,-1,1,0,0,2,2,-1,4,3,-2,4,2,0,0,0,0,0,20,1,-8,7,-10,0,-2,-1,-1,-1,1,4,-1
KR_6747425753,420,-3,-12,-28,-8,-4,5,1,2,4,6,-2,3,1,-4,6,2,0,2,2,0,-2,8,-1,-4,5,0,0,-1,1,-1,-1,-1,1,-1
KR_6763531901,420,-1,-29,-24,-10,0,0,0,2,2,4,-5,5,0,-3,5,2,-4,4,0,0,-12,-130,3,-7,4,0,0,0,-1,-1,0,-1,6,-1
KR_6763713874,420,0,-11,-16,4,4,0,4,-2,7,5,-1,4,3,3,1,4,0,2,2,0,13,0,-2,-4,6,4,0,-2,1,-1,-1,1,5,-1
KR_6494196419,420,0,54,-12,-4,0,1,1,-1,4,3,3,2,5,-6,6,0,0,1,1,0,-11,-9,-6,-2,8,6,0,-1,-1,-1,-1,-1,2,-1
KR_6723641032,440,-2,-27,-8,-8,-6,7,1,4,2,6,1,0,1,-7,7,0,0,0,0,1,-13,-33,-1,-4,5,-6,0,-2,1,-1,-1,1,3,-1
KR_6654700670,420,1,-35,-4,-2,-2,4,2,-5,6,1,-2,2,0,5,0,5,2,2,4,0,-1,2,-2,-4,6,-1,0,1,-1,1,1,-1,3,-1
KR_6292813191,420,0,-9,-6,0,-2,2,0,-2,6,4,1,2,3,2,5,7,1,0,1,-1,-2,133,3,-4,1,0,0,1,-1,0,1,-1,2,-1
KR_6734640225,420,-3,-122,-12,-4,-1,2,1,0,2,2,-2,5,3,-2,5,3,1,1,2,-1,-6,22,5,-7,2,-4,0,-2,1,-1,-1,-1,2,-1
KR_6760565064,420,-6,-39,-65,-4,1,2,3,-3,4,1,-4,4,0,3,0,3,-1,3,2,0,3,-2,-3,-2,5,0,0,-1,-1,1,-1,1,4,-1
KR_6674031576,420,-1,-72,2,-7,-5,5,0,0,2,2,-6,8,2,3,2,5,1,0,1,0,-5,10,0,-4,4,-4,0,-1,1,-1,-1,1,4,-1
KR_6753790708,420,-1,-40,-9,-9,5,0,5,-4,4,0,-8,8,0,-7,7,0,5,0,5,0,-5,-4,-2,-1,3,0,0,-3,0,-1,-1,-1,0,-1
KR_6418297517,420,-2,-57,32,-1,2,1,3,1,2,3,-1,2,1,-3,3,0,0,2,2,1,0,-7,6,-11,5,20,0,0,-1,1,0,1,6,-1
KR_6724676153,420,-1,-1,-12,-8,-4,4,0,2,2,4,-2,3,1,-1,4,3,-3,3,0,-1,-9,-3,0,-7,7,1,0,0,-1,-1,0,-1,3,-1
KR_6453796095,420,4,-37,52,8,0,0,0,4,0,4,-4,4,0,8,0,8,0,0,0,0,11,20,0,-2,2,2,0,-1,1,-1,-1,1,6,-1
KR_6700867106,420,0,-4,0,0,3,0,3,-3,5,2,-4,4,0,4,3,7,0,0,0,0,-1,-4,-4,-2,6,3,0,1,-1,1,1,-1,4,-1
KR_6753974360,420,1,33,10,10,-1,1,0,-1,3,2,3,3,6,7,2,9,2,0,2,0,6,-13,0,-4,4,3,0,0,-1,0,0,1,4,-1
KR_6689682086,420,-1,0,-28,-5,2,0,2,-1,3,2,0,2,2,-3,5,2,-3,3,0,0,-9,3,0,-5,5,-5,0,0,-1,-1,-1,-1,4,-1
KR_6672752477,420,-1,-17,24,-9,-3,4,1,-4,5,1,1,3,4,-3,3,0,0,1,1,0,-12,-11,-7,0,7,1,0,-1,-1,1,-1,1,5,-1
KR_6742928716,420,2,44,31,2,3,1,4,0,5,5,0,1,1,0,1,1,-1,1,0,0,-8,17,-5,-4,9,-1,0,0,-1,1,1,1,5,-1
KR_6763267029,420,-1,-114,29,-6,-1,7,6,-3,4,1,-1,3,2,1,0,1,-2,3,1,0,-11,11,3,-5,2,1,0,-2,1,-1,-1,-1,3,-1
KR_6751373340,440,-2,-10,4,-8,0,2,2,-5,5,0,-1,2,1,-1,3,2,-1,1,0,-1,-14,-7,-4,-5,9,3,0,0,-1,1,0,-1,2,-1
KR_6678122600,440,-8,-103,-23,-13,-1,3,2,-1,3,2,2,2,4,-12,14,2,-1,1,0,0,-6,18,3,-5,2,-4,0,-1,-1,0,-1,-1,3,-1
KR_6719476482,420,-1,-23,-36,0,0,1,1,0,1,1,2,0,2,-2,3,1,0,0,0,0,-1,-19,1,-5,4,-1,0,0,1,1,1,1,1,-1
KR_6700765282,420,-4,-31,-16,-7,-3,3,0,-1,4,3,-3,4,1,0,1,1,0,2,2,0,0,-5,2,-5,3,3,0,0,-1,-1,0,-1,6,-1
KR_6572973827,420,-4,-109,-9,-10,-4,5,1,-5,7,2,-2,3,1,1,2,3,0,2,2,0,-7,1,-1,-6,7,2,0,-2,-1,-1,-1,-1,5,-1
KR_6737764393,420,-1,-45,-8,2,-9,10,1,4,1,5,2,3,5,2,0,2,3,0,3,1,10,13,3,-5,2,2,0,2,1,-1,-1,-1,6,-1
KR_6750706601,420,3,-28,48,-3,-1,3,2,-1,1,0,2,1,3,1,3,4,-4,5,1,0,-4,34,0,-4,4,-2,0,0,-1,-1,-1,-1,1,-1
KR_6713467641,420,0,27,-43,2,-1,2,1,2,7,9,1,1,2,3,2,5,-3,3,0,0,3,3,1,-6,5,0,0,0,1,-1,0,1,5,-1
KR_6691293829,420,-6,-97,-27,-19,-3,4,1,-8,8,0,-4,4,0,-4,7,3,0,2,2,0,-14,181,-4,-2,6,0,0,-4,-1,-1,-1,1,2,-1
KR_6675217725,420,-2,17,13,-7,-2,2,0,1,1,2,3,3,6,-7,8,1,-2,2,0,0,-9,-2,3,-6,3,-3,0,-1,-1,1,1,-1,6,-1
KR_6651494109,420,-1,-44,-2,-7,2,0,2,-1,2,1,-3,4,1,-3,5,2,-2,2,0,-1,-8,-26,1,-6,5,-4,0,-1,-1,1,-1,-1,2,-1
KR_6761739638,420,-2,-59,-16,-5,-1,1,0,0,1,1,-3,4,1,-1,3,2,0,0,0,0,-2,6,6,-10,4,-1,0,-2,-1,-1,-1,-1,1,-1
KR_6608411663,420,-6,-85,7,-11,-5,5,0,1,3,4,-2,4,2,-2,6,4,-3,7,4,0,-5,-1,-3,-6,9,0,0,-2,-1,-1,-1,1,3,-1
KR_6667784847,420,-1,-6,24,-5,-2,3,1,1,2,3,1,1,2,-4,4,0,-1,1,0,0,-10,2,-1,-3,4,-2,0,0,-1,1,1,-1,2,-1
KR_6684534220,420,-5,-24,-32,-13,-1,2,1,-5,5,0,-4,6,2,1,1,2,-4,5,1,0,-11,-8,-2,-3,5,-1,0,0,-1,1,-1,-1,4,-1
KR_6603928260,420,-1,2,-11,1,1,0,1,1,5,6,3,2,5,-3,5,2,-1,1,0,0,-1,-34,-1,-3,4,0,0,0,0,-1,0,-1,0,-1
KR_6666352661,420,-4,-49,-20,-11,-2,4,2,-2,2,0,-4,5,1,-3,3,0,0,1,1,0,-10,-8,-2,-3,5,-1,0,-2,1,-1,-1,-1,6,-1
KR_6762410493,420,-5,54,-5,-3,2,0,2,-5,9,4,1,5,6,-2,3,1,1,0,1,0,-12,-27,0,-5,5,-3,0,-1,1,1,1,1,1,-1
KR_6570739298,420,-5,-9,-35,-11,1,4,5,-1,5,4,-2,2,0,-10,12,2,1,0,1,0,-10,-23,3,-6,3,2,0,1,1,1,1,1,6,-1
KR_6700786774,420,-2,-65,20,8,-1,6,5,3,2,5,6,1,7,0,0,0,0,1,1,0,10,122,2,-4,2,-1,0,-1,-1,0,-1,1,3,-1
KR_6744248581,420,2,-44,16,1,-2,2,0,11,0,11,4,1,5,-5,5,0,-7,7,0,-1,-2,31,5,-10,5,-2,0,-1,-1,0,-1,-1,2,-1
KR_6759942773,440,-1,-49,19,-1,-4,6,2,4,0,4,-2,5,3,-1,7,6,2,1,3,-1,3,-38,4,-6,2,-3,0,-2,1,-1,-1,-1,3,-1
KR_6759459050,420,1,14,16,5,1,0,1,1,2,3,2,2,4,-2,5,3,3,2,5,2,7,1,1,-6,5,4,0,0,1,1,0,1,2,-1
KR_6759797028,420,-4,47,12,-15,-2,4,2,-6,8,2,-1,2,1,0,3,3,-6,6,0,-1,-12,19,4,-7,3,-3,0,-2,-1,-1,-1,-1,3,-1
KR_6686623865,420,4,29,8,8,0,0,0,2,4,6,1,1,2,5,1,6,0,2,2,0,12,-117,3,-5,2,-2,0,1,-1,-1,1,1,4,-1
KR_6744904805,420,-2,-28,21,-9,1,0,1,0,0,0,-2,3,1,-5,6,1,-3,4,1,0,-18,-155,1,-4,3,-1,0,-2,-1,-1,-1,-1,5,-1
KR_6756841580,420,1,62,8,-3,-2,2,0,3,1,4,-2,4,2,-2,4,2,0,3,3,-1,-3,6,0,-4,4,-2,0,0,1,-1,0,-1,3,-1
KR_6715892692,420,-2,-21,-7,-4,-1,4,3,1,5,6,-7,7,0,7,0,7,-4,4,0,0,2,118,3,-7,4,-1,0,-1,-1,-1,-1,-1,3,-1
KR_6763312652,440,-2,12,4,-4,-4,4,0,-1,5,4,0,1,1,1,3,4,0,1,1,0,1,-13,0,-4,4,3,0,1,1,1,1,1,1,-1
KR_6764288099,420,-1,11,-15,0,1,1,2,2,2,4,-1,1,0,-2,2,0,0,2,2,0,2,2,5,-11,6,1,0,-1,-1,-1,-1,-1,4,-1
KR_6630288007,420,-2,-51,55,-11,-2,4,2,-4,8,4,-6,6,0,0,2,2,1,4,5,-1,-11,-18,-5,-7,12,-6,0,-2,1,1,-1,-1,2,-1
KR_6753080942,420,-1,-5,-52,-4,-1,2,1,1,4,5,-3,6,3,0,3,3,-1,2,1,0,-3,-2,-1,-4,5,1,0,-1,-1,-1,-1,-1,3,-1
KR_6711864972,420,1,-9,4,0,-3,3,0,5,1,6,-2,3,1,1,1,2,-1,4,3,1,5,-7,1,-4,3,-2,0,0,-1,-1,-1,1,3,-1
KR_6743117468,420,-5,-99,20,-14,-2,2,0,0,3,3,-9,10,1,-5,8,3,2,1,3,0,-10,-10,0,-6,6,2,0,0,0,0,-1,1,0,-1
KR_6764373935,420,2,-63,-4,-1,0,1,1,2,3,5,-1,4,3,-3,5,2,1,0,1,0,-5,181,-2,-1,3,0,0,-1,1,1,-1,-1,2,-1
KR_6604864754,420,2,54,20,0,-1,1,0,6,0,6,-5,6,1,1,2,3,-1,1,0,0,-2,0,-2,-4,6,-2,0,0,0,-1,1,-1,0,-1
KR_6725718806,420,1,-32,-25,-1,4,1,5,-5,6,1,0,0,0,0,2,2,0,2,2,0,-2,-108,1,-4,3,-2,0,0,-1,1,1,1,6,-1
KR_6730369339,440,-5,-87,-20,-14,-4,5,1,0,2,2,-5,8,3,-3,4,1,-2,2,0,0,-8,-115,-2,-2,4,-1,0,0,-1,0,-1,-1,6,-1
KR_6734212426,420,-2,-18,19,-4,-5,5,0,3,1,4,3,0,3,-4,4,0,-1,1,0,0,-10,-1,-3,-6,9,-5,0,-1,-1,-1,-1,-1,2,-1
KR_6741182682,440,-6,-62,-24,-13,4,1,5,-2,4,2,-4,6,2,-10,10,0,-1,1,0,0,-17,0,4,-5,1,-3,0,-1,-1,-1,-1,1,5,-1
KR_6749026053,420,0,40,8,-4,-4,6,2,0,1,1,1,0,1,-2,4,2,1,1,2,1,-4,-1,1,-5,4,3,0,1,-1,-1,-1,1,4,-1
KR_6690384916,420,-2,-27,-10,0,-1,1,0,-5,7,2,5,1,6,0,1,1,1,1,2,0,-3,3,-1,-3,4,0,0,0,0,1,-1,1,0,-1
KR_6730931963,420,-5,-111,-11,-12,-6,9,3,1,2,3,-4,4,0,-2,3,1,-1,1,0,1,-1,103,-2,-3,5,3,0,-3,-1,1,-1,1,4,-1
KR_6755363014,420,-5,-40,-4,-20,3,0,3,-3,6,3,-12,13,1,-7,7,0,-1,1,0,0,-20,234,-3,-1,4,-1,0,-1,-1,-1,-1,-1,2,-1
KR_6762522780,420,-5,-79,-20,-6,-7,9,2,1,0,1,3,4,7,0,3,3,-3,3,0,0,-7,-7,0,-3,3,-1,0,0,-1,1,-1,-1,3,-1
KR_6729043059,420,1,43,-13,-1,0,1,1,-1,2,1,-1,3,2,1,3,4,0,2,2,0,-2,-2,7,-11,4,-3,0,0,-1,-1,-1,1,1,-1
KR_6750615124,420,-1,-22,36,-2,-2,3,1,3,0,3,-3,3,0,-1,1,0,1,0,1,0,0,24,0,-5,5,-1,0,0,1,1,0,-1,3,-1
KR_6733609269,420,-8,-117,-25,-19,-4,4,0,-4,6,2,-4,7,3,0,2,2,-7,7,0,1,-13,-5,-1,-4,5,-5,0,-2,-1,-1,-1,1,3,-1
KR_6619418057,420,1,22,-17,-2,-9,9,0,0,3,3,-1,3,2,4,0,4,4,1,5,-1,6,18,-1,-4,5,2,0,-2,1,-1,-1,-1,4,-1
KR_6725779396,420,0,2,-16,-3,-1,2,1,-2,5,3,1,0,1,1,1,2,-2,6,4,0,-7,488,0,-4,4,-1,0,2,1,-1,1,-1,6,-1
KR_6761193456,420,-1,10,-24,7,3,1,4,1,2,3,2,2,4,-1,3,2,2,0,2,0,5,-193,-4,-3,7,4,0,-1,-1,1,-1,1,2,-1
KR_6697942701,420,-3,-13,15,-3,-5,6,1,1,1,2,-1,2,1,0,0,0,2,0,2,0,1,10,0,-6,6,2,0,0,-1,-1,1,-1,2,-1
KR_6569022420,420,-3,-49,4,-7,-4,4,0,-2,5,3,0,2,2,-1,2,1,0,0,0,-1,-6,8,3,-9,6,-5,0,-1,-1,-1,-1,-1,3,-1
KR_6759728046,420,-1,-24,23,-4,-1,1,0,3,1,4,-1,3,2,-4,5,1,-1,4,3,0,-2,-6,-3,-4,7,1,0,-2,0,-1,-1,-1,0,-1
KR_6686512740,420,0,-82,0,2,-2,3,1,1,1,2,-1,5,4,3,1,4,1,0,1,0,4,21,8,-11,3,5,0,0,-1,1,1,-1,2,-1
KR_6725360272,420,-5,-54,1,-7,-2,2,0,-5,8,3,-2,3,1,2,2,4,0,2,2,0,-7,6,1,-6,5,-7,0,0,1,1,-1,1,5,-1
KR_6763539592,440,-1,-37,33,-6,0,2,2,0,0,0,-3,3,0,-3,3,0,0,0,0,0,-5,-5,-2,-6,8,0,0,-1,-1,0,-1,-1,4,-1
KR_6592709485,420,-1,-46,-4,-3,2,1,3,1,4,5,-2,2,0,-2,3,1,-2,2,0,0,-9,-11,-4,-3,7,2,0,0,-1,1,0,-1,1,-1
KR_6715724136,420,-1,23,10,-1,-6,7,1,0,1,1,6,0,6,-1,4,3,0,1,1,0,1,-4,1,-5,4,1,0,0,1,-1,1,1,6,-1
KR_6669495555,420,5,-10,13,6,-2,4,2,4,1,5,-2,2,0,4,2,6,2,0,2,2,12,-16,1,-5,4,8,0,1,1,-1,1,1,4,-1
KR_6657989020,420,-3,-40,8,-4,0,2,2,1,3,4,-6,8,2,0,1,1,1,0,1,0,-2,-14,1,-5,4,0,0,-2,-1,-1,-1,-1,4,-1
KR_6756286694,420,-3,-15,13,-5,4,2,6,0,2,2,-1,2,1,-8,8,0,0,1,1,0,-11,6,-6,-1,7,-4,0,0,-1,0,0,-1,1,-1
KR_6757365718,420,-1,-37,8,-2,-1,3,2,-2,3,1,-1,2,1,0,2,2,2,0,2,0,4,2,0,-4,4,3,0,-1,1,-1,-1,1,1,-1
KR_6683515627,420,-4,-64,-42,-11,0,3,3,1,4,5,-3,3,0,-6,6,0,-3,3,0,0,-9,-43,-5,-4,9,8,0,-3,1,-1,-1,1,2,-1
KR_6601265483,420,0,-12,16,5,-2,3,1,-1,4,3,3,2,5,3,0,3,2,0,2,0,8,8,1,-8,7,-6,0,-1,1,-1,-1,1,1,-1
KR_6754098835,420,-1,8,-15,-2,2,2,4,-2,2,0,5,2,7,-5,7,2,-2,3,1,0,-6,3,-4,-6,10,0,0,0,-1,0,-1,-1,2,-1
KR_6454884255,420,-2,19,-20,-2,1,0,1,-4,5,1,1,1,2,1,0,1,-1,1,0,0,-1,8,0,-5,5,0,0,0,-1,1,0,1,3,-1
KR_6724761039,420,-2,-63,-14,-6,-2,3,1,-2,3,1,1,2,3,-3,3,0,0,1,1,0,-3,-24,-4,-3,7,-3,0,-2,-1,-1,-1,1,2,-1
KR_6665267162,420,-2,-28,10,-3,-4,4,0,2,2,4,1,1,2,-1,3,2,-1,2,1,-1,2,-118,-7,-1,8,1,0,-1,-1,-1,-1,-1,4,-1
KR_6673684199,420,1,-10,16,-1,2,1,3,1,4,5,2,0,2,-4,4,0,-2,2,0,0,-6,28,0,-4,4,0,0,0,-1,1,0,-1,1,-1
KR_6762606238,420,-2,-32,8,-9,1,2,3,-4,4,0,0,1,1,-6,8,2,0,0,0,0,-16,37,0,-2,2,-16,0,-1,1,1,-1,-1,6,-1
KR_6625993569,420,-4,-113,37,-4,1,4,5,-2,3,1,-3,7,4,-2,3,1,2,3,5,0,2,-2,-4,-2,6,-1,0,-3,-1,-1,-1,-1,5,-1
KR_6747678246,420,-4,-76,0,-10,-2,6,4,-7,8,1,-1,1,0,0,3,3,0,0,0,0,-5,-10,-5,-3,8,0,0,-1,-1,-1,-1,-1,6,-1
KR_6733529053,420,4,-27,19,15,0,0,0,9,0,9,4,2,6,1,0,1,1,1,2,0,27,9,-2,-3,5,22,0,0,1,-1,0,1,5,-1
KR_6644268106,420,-5,-31,-45,-3,-1,3,2,1,4,5,-4,4,0,3,3,6,-2,2,0,0,1,-20,1,-4,3,-5,0,-1,1,1,-1,-1,2,-1
KR_6728430471,440,-2,-22,33,-5,1,3,4,1,1,2,-2,2,0,-3,4,1,-2,2,0,0,-2,-9,-3,-4,7,-2,0,0,-1,1,1,1,2,-1
KR_6728181886,420,-1,33,16,-8,3,1,4,-8,9,1,-4,6,2,0,2,2,1,1,2,0,-14,3,-4,-2,6,-2,0,-1,-1,-1,-1,1,1,-1
KR_6637936400,420,-1,3,33,-1,-1,4,3,2,1,3,-3,4,1,2,0,2,-1,1,0,1,0,9,1,-6,5,5,0,0,-1,0,0,1,6,-1
KR_6622810025,420,-3,40,-53,-3,0,2,2,-1,4,3,-6,7,1,3,3,6,1,1,2,1,3,201,0,-3,3,-2,0,-1,-1,-1,-1,1,1,-1
KR_6712268820,420,0,-3,-8,0,-2,3,1,-1,4,3,5,1,6,-1,1,0,-1,1,0,0,-7,-22,3,-5,2,-1,0,1,1,0,1,1,3,-1
KR_6749833217,420,-2,-44,0,-6,0,1,1,3,2,5,-2,6,4,-6,7,1,-1,1,0,-1,-2,32,-1,-3,4,-1,0,0,-1,1,-1,-1,3,-1
KR_6720463232,420,-3,-32,-11,-4,-1,2,1,1,1,2,-1,1,0,-4,4,0,1,0,1,-1,-8,7,6,-6,0,-4,0,1,-1,1,1,-1,4,-1
KR_6756987696,420,-3,-54,-9,-1,-3,4,1,-1,2,1,-1,3,2,4,2,6,0,1,1,1,2,-51,2,-5,3,20,0,-2,-1,-1,-1,1,1,-1
KR_6704692522,420,-2,20,-28,-2,0,0,0,0,2,2,-2,4,2,-1,2,1,1,1,2,0,-6,-2,-1,-4,5,5,0,-1,-1,-1,-1,-1,4,-1
KR_6757015120,420,-4,-43,-16,-3,-1,2,1,-3,5,2,0,1,1,2,6,8,-1,1,0,0,-4,-2,-1,-2,3,0,0,0,-1,1,-1,-1,1,-1
KR_6754337735,420,-2,-78,-31,2,-1,3,2,1,3,4,-1,4,3,2,0,2,1,0,1,1,8,4,5,-11,6,-3,0,-1,1,-1,-1,1,5,-1
KR_6729822838,420,-1,-10,-8,-3,2,1,3,-4,4,0,3,0,3,-3,3,0,-1,1,0,0,-7,-32,-9,-2,11,2,0,-1,-1,1,1,1,1,-1
KR_6722634342,420,-5,-84,-32,1,-2,3,1,3,2,5,-5,5,0,2,3,5,3,0,3,1,10,56,2,-6,4,-2,0,0,-1,1,1,1,2,-1
KR_6614861783,420,-1,-19,8,5,2,1,3,1,4,5,-3,6,3,3,0,3,2,0,2,0,8,-6,-5,-3,8,0,0,-1,1,1,1,1,3,-1
KR_6512322866,420,3,20,12,7,0,0,0,1,1,2,1,2,3,6,0,6,-1,1,0,0,8,9,2,-6,4,1,0,1,1,1,1,1,3,-1
KR_6628836719,420,0,-25,-28,7,-3,3,0,1,0,1,-1,3,2,6,0,6,4,2,6,0,16,6,4,-5,1,1,0,-2,1,-1,-1,-1,6,-1
KR_6731439015,420,-4,-5,-28,-8,1,1,2,-5,6,1,1,0,1,-3,4,1,-2,2,0,0,-13,-32,0,-5,5,4,0,-1,1,-1,-1,-1,5,-1
KR_6708839824,420,-3,-52,-3,-7,-1,1,0,-5,11,6,4,1,5,-7,8,1,2,0,2,0,0,-5,-1,-4,5,-2,0,-2,1,1,-1,-1,5,-1
KR_6759687172,420,-4,2,-27,-8,-1,2,1,0,2,2,-3,3,0,-3,4,1,-1,1,0,-1,-7,47,-2,-3,5,-39,0,1,0,1,1,-1,0,-1
KR_6730307698,420,-3,-29,-2,-10,-3,3,0,-4,4,0,-4,6,2,2,2,4,-1,2,1,0,-15,0,-2,-3,5,-4,0,-1,1,-1,-1,-1,4,-1
KR_6753260404,440,0,18,4,-1,1,4,5,-1,2,1,0,1,1,-1,1,0,0,3,3,0,1,20,2,-9,7,3,0,0,-1,1,1,-1,3,-1
KR_6724280310,420,-2,-62,15,-8,-3,3,0,-1,2,1,-5,5,0,1,1,2,0,2,2,0,-11,8,3,-9,6,-3,0,-1,-1,0,-1,1,5,-1
KR_6731856373,420,-3,-83,24,-13,-1,2,1,0,4,4,-3,4,1,-9,9,0,0,2,2,0,-8,-2,2,-5,3,-1,0,-1,0,1,-1,-1,0,-1
KR_6661932186,420,-1,20,31,-5,-3,4,1,3,2,5,0,1,1,-2,4,2,-3,3,0,0,-13,7,4,-5,1,-1,0,0,-1,1,1,-1,4,-1
KR_6761660951,420,0,42,3,-6,-1,1,0,-2,6,4,0,2,2,2,3,5,-5,5,0,0,-9,62,2,-4,2,-37,0,0,-1,1,0,-1,5,-1
KR_6654915711,420,-1,-31,17,-6,-1,2,1,-3,4,1,3,1,4,-4,4,0,-1,1,0,0,-2,2,-2,-6,8,-6,0,0,-1,1,0,-1,2,-1
KR_6685930251,420,-4,-66,16,-8,5,0,5,-4,5,1,-6,6,0,-2,2,0,-1,1,0,0,-8,0,3,-4,1,0,0,0,1,1,-1,1,1,-1
KR_6705599898,420,-4,-14,-56,-5,-5,5,0,-1,3,2,-1,1,0,1,1,2,1,3,4,0,-2,5,2,-5,3,-2,0,0,-1,1,0,-1,4,-1
KR_6761991057,420,0,-22,-13,0,0,0,0,-2,4,2,1,1,2,1,1,2,0,1,1,0,0,0,1,-7,6,-5,0,0,0,-1,0,-1,0,-1
KR_6696596085,420,-2,-112,-20,-6,-5,7,2,1,4,5,-4,5,1,2,1,3,0,0,0,0,4,-11,-3,-1,4,-2,0,-1,-1,-1,-1,1,3,-1
KR_6764014690,420,-4,-61,-20,-12,-5,7,2,-6,8,2,-2,2,0,1,1,2,0,1,1,0,-8,-4,-4,-4,8,-2,0,-1,-1,-1,-1,-1,6,-1
KR_6761630498,420,-1,-24,-19,-1,1,1,2,3,1,4,-4,5,1,0,3,3,-1,1,0,0,-3,-6,-1,-4,5,-4,0,0,0,0,0,1,0,-1
KR_6675452047,420,-2,48,-48,-2,2,0,2,2,2,4,0,1,1,-5,5,0,-1,3,2,0,-1,-8,-4,-4,8,2,0,0,-1,-1,-1,-1,5,-1
KR_6719732327,420,-3,-9,13,-5,-2,2,0,-1,4,3,-1,4,3,0,1,1,-1,1,0,0,-10,115,-1,-4,5,-1,0,0,0,-1,-1,1,0,-1
KR_6751046547,420,-1,-4,32,-2,2,4,6,2,5,7,-1,4,3,-4,4,0,-1,5,4,0,0,-29,-4,-1,5,5,0,0,-1,1,1,-1,4,-1
KR_6697357564,440,1,-91,28,0,-3,3,0,0,3,3,2,0,2,-2,2,0,3,1,4,0,-7,1,-4,-4,8,-2,0,1,0,1,1,-1,0,-1
KR_6724466853,420,3,-37,39,0,-2,2,0,0,3,3,3,1,4,0,7,7,-1,2,1,-1,4,-174,5,-6,1,-3,0,0,-1,1,0,-1,2,-1
KR_6606183022,420,-5,-18,-20,-8,-3,5,2,1,3,4,-6,8,2,1,2,3,-1,1,0,0,-8,5,-1,-6,7,-4,0,-1,1,-1,-1,-1,1,-1
KR_6731478374,440,2,37,-24,-1,1,1,2,-1,2,1,-1,3,2,-1,1,0,1,1,2,0,1,2,-2,-1,3,1,0,0,-1,-1,0,-1,1,-1
KR_6720192260,420,-6,-90,13,-17,-4,5,1,0,3,3,-6,6,0,-7,8,1,0,0,0,0,-13,2,0,-3,3,0,0,-1,1,-1,-1,-1,1,-1
KR_6522050234,420,0,-44,-8,-3,-1,1,0,2,4,6,-8,8,0,3,0,3,1,3,4,0,0,4,-4,-5,9,0,0,1,1,-1,1,-1,6,-1
KR_6764684969,420,-3,-43,16,-2,-3,4,1,-1,2,1,2,0,2,0,6,6,0,0,0,0,0,7,-1,-3,4,5,0,0,-1,0,0,-1,6,-1
KR_6722446767,420,-4,-53,8,-12,-1,3,2,-2,3,1,-7,7,0,-3,3,0,1,1,2,0,-8,-2,-2,-3,5,-5,0,-1,-1,1,-1,1,4,-1
KR_6639288189,420,-1,-110,5,-8,-5,5,0,-3,4,1,0,2,2,0,1,1,0,1,1,0,0,-116,-5,-2,7,1,0,-2,-1,-1,-1,-1,1,-1
KR_6710141561,420,-3,-12,-12,-8,0,1,1,-4,5,1,-1,3,2,-2,6,4,-1,2,1,0,-3,9,1,-5,4,-1,0,-1,-1,-1,-1,1,2,-1
KR_6649417313,420,0,7,3,2,0,1,1,5,1,6,-3,4,1,0,1,1,0,0,0,0,5,8,4,-5,1,0,0,0,1,0,0,1,2,-1
KR_6680069538,420,-6,-97,-15,-17,-4,6,2,-6,7,1,0,2,2,-6,6,0,-1,1,0,0,-15,-94,-3,-2,5,-13,0,-1,-1,1,-1,-1,5,-1
KR_6764430182,420,-1,10,-24,-7,3,1,4,-1,5,4,-5,6,1,-3,3,0,-1,1,0,0,-11,17,5,-7,2,0,0,0,-1,1,0,-1,5,-1
KR_6753059072,420,-2,-69,4,0,1,0,1,1,1,2,-4,4,0,0,2,2,2,0,2,0,0,290,0,-7,7,-2,0,0,-1,-1,1,1,4,-1
KR_6715339695,420,0,-27,-13,3,3,1,4,1,0,1,-8,9,1,6,0,6,1,1,2,0,0,-4,2,-6,4,0,0,0,1,1,0,1,3,-1
KR_6672418492,420,-4,-41,0,-9,-1,1,0,-2,2,0,-1,2,1,-3,3,0,-2,2,0,0,-10,-8,-1,-4,5,3,0,-1,-1,1,-1,-1,5,-1
KR_6737240241,420,0,51,35,-4,-4,5,1,0,1,1,-2,3,1,-2,3,1,4,1,5,0,-3,-12,-11,0,11,2,0,-1,-1,0,-1,-1,1,-1
KR_6754112493,420,-1,36,-22,1,2,2,4,-4,5,1,2,0,2,-1,3,2,2,0,2,0,2,-54,0,-6,6,8,0,0,0,1,-1,1,0,-1
KR_6660183765,420,-2,-29,-12,-3,2,2,4,-2,3,1,-3,3,0,-1,4,3,1,0,1,0,-2,45,0,-5,5,-23,0,1,1,-1,1,1,1,-1
KR_6655937818,440,0,-50,16,3,0,4,4,-1,2,1,1,0,1,2,6,8,1,5,6,1,17,1,-1,-6,7,-4,0,1,-1,1,1,1,2,-1
KR_6741522621,440,-4,2,-2,-8,1,0,1,-3,5,2,-6,6,0,0,3,3,0,2,2,-1,-12,-2,0,-3,3,-3,0,0,1,-1,-1,-1,2,-1
KR_6761328862,420,2,24,-8,6,3,0,3,3,1,4,0,4,4,2,0,2,-2,2,0,0,6,-2,-4,-3,7,2,0,0,1,1,-1,1,5,-1
KR_6737998919,420,-1,1,-4,-10,4,0,4,-10,11,1,-1,2,1,-3,3,0,0,1,1,0,-11,-7,0,-3,3,1,0,0,1,-1,0,-1,2,-1
KR_6760192250,420,-1,30,-8,-8,0,0,0,0,1,1,-6,6,0,-2,3,1,0,0,0,-1,-19,-72,-5,-1,6,3,0,0,1,0,-1,-1,6,-1
KR_6740473707,420,-3,-54,-12,-6,-1,3,2,1,1,2,-2,2,0,-4,4,0,0,1,1,0,-8,19,-4,-3,7,-3,0,0,-1,1,-1,-1,1,-1
KR_6745627996,420,-3,2,14,-6,-2,2,0,1,1,2,-5,5,0,5,5,10,-5,6,1,0,-10,5,2,-8,6,4,0,0,-1,1,1,1,4,-1
KR_6759997675,420,3,53,21,1,2,1,3,-2,2,0,0,2,2,0,1,1,1,0,1,0,-1,-9,-5,-3,8,-1,0,0,-1,0,0,1,5,-1
KR_6756087123,420,-1,-65,-48,-1,4,0,4,-4,6,2,1,3,4,-4,5,1,2,1,3,-1,-15,343,-3,-5,8,-1,0,0,-1,-1,-1,-1,3,-1
KR_6748775272,440,-1,5,5,-3,0,1,1,4,0,4,-6,7,1,-2,4,2,1,0,1,0,-5,-13,-1,-6,7,6,0,1,0,1,1,-1,0,-1
KR_6604839153,420,-7,-145,-27,-14,0,4,4,-4,4,0,-7,7,0,-4,8,4,1,1,2,0,-7,7,3,-6,3,-5,0,-4,-1,1,-1,-1,5,-1
KR_6674717070,420,1,-32,-12,-4,1,0,1,0,3,3,-1,1,0,-2,2,0,-2,3,1,0,-6,5,2,-4,2,-2,0,0,1,-1,0,-1,1,-1
KR_6660404515,420,-3,-25,-24,-9,-3,5,2,-3,7,4,-3,3,0,0,5,5,0,1,1,-1,-11,-7,0,-4,4,-2,0,-2,-1,-1,-1,-1,5,-1
KR_6724541623,420,-6,13,-60,-4,-3,3,0,-2,2,0,6,1,7,-4,10,6,-1,1,0,-1,-8,5,1,-2,1,4,0,-2,-1,-1,-1,-1,3,-1
KR_6679645811,440,-8,-106,-36,-11,-1,1,0,-2,4,2,-5,8,3,-1,2,1,-2,3,1,-1,-11,-9,0,-3,3,-2,0,-2,-1,-1,-1,-1,4,-1
KR_6634174404,420,0,2,2,-1,-3,3,0,0,3,3,0,1,1,2,1,3,0,0,0,0,4,20,0,-4,4,-2,0,0,1,-1,0,1,2,-1
KR_6664594813,420,-7,-107,-33,-7,-3,3,0,-5,8,3,-3,4,1,4,2,6,0,1,1,0,-8,-44,2,-5,3,19,0,-1,-1,1,-1,1,4,-1
KR_6751135820,420,-1,-21,0,-4,0,1,1,1,4,5,0,1,1,-4,5,1,-1,1,0,0,-10,0,-2,-2,4,1,0,0,-1,-1,-1,1,3,-1
KR_6737934552,420,-1,-53,14,-1,2,2,4,-1,2,1,-1,2,1,-4,4,0,3,0,3,0,2,-7,-2,-1,3,1,0,-2,-1,1,-1,-1,4,-1
KR_6760028892,420,-9,-177,4,-20,-2,2,0,-3,4,1,-8,8,0,-7,9,2,0,0,0,-1,-13,-42,-2,0,2,17,0,-4,1,-1,-1,-1,1,-1
KR_6738438249,420,2,18,-26,0,2,3,5,-3,4,1,3,0,3,-3,6,3,1,0,1,0,0,64,-1,-2,3,-22,0,-1,-1,1,1,-1,4,-1
KR_6681302284,420,1,29,-4,2,1,0,1,-1,4,3,0,5,5,-1,3,2,3,0,3,0,-2,9,3,-4,1,-2,0,0,-1,-1,0,-1,1,-1
KR_6733434220,420,-4,-20,8,-8,-4,4,0,0,4,4,-1,1,0,-3,4,1,0,1,1,0,-9,-43,-7,0,7,10,0,-1,-1,-1,-1,-1,5,-1
KR_6723008739,440,0,-53,-20,5,0,2,2,-1,6,5,5,1,6,2,1,3,-1,2,1,0,13,-45,4,-6,2,0,0,0,0,-1,-1,1,0,-1
KR_6732189857,420,-2,-47,24,-2,0,1,1,-3,5,2,-5,5,0,5,3,8,1,0,1,0,9,-6,6,-7,1,1,0,1,1,0,-1,-1,4,-1
KR_6760356655,440,-10,-59,-61,-16,-1,2,1,-3,3,0,-5,6,1,-3,6,3,-4,5,1,0,-16,-10,1,-3,2,-1,0,-2,-1,-1,-1,-1,2,-1
KR_6720331405,420,1,22,24,0,1,4,5,0,1,1,1,2,3,-1,4,3,-1,2,1,0,0,5,1,-2,1,-2,0,-1,0,-1,1,-1,0,-1
KR_6707527296,420,-4,17,-38,-7,0,0,0,-2,4,2,-4,4,0,-1,5,4,0,0,0,0,-5,9,3,-7,4,0,0,-1,-1,1,-1,1,2,-1
KR_6688483046,440,-4,-20,-36,-6,-5,5,0,1,0,1,-2,2,0,0,4,4,0,0,0,0,-2,-3,1,-4,3,1,0,-1,-1,-1,-1,1,2,-1
KR_6758524858,420,-1,93,-28,-1,0,1,1,0,2,2,-2,2,0,1,0,1,0,0,0,0,-4,-44,-3,-1,4,28,0,0,-1,-1,1,-1,2,-1
KR_6292940988,420,-4,-57,7,-16,-1,1,0,-8,9,1,-4,6,2,-1,3,2,-2,3,1,0,-25,-9,-2,-1,3,-1,-1,-4,-1,-1,-1,-1,5,-1
KR_6673551276,420,-3,-12,12,-2,1,2,3,-2,3,1,-2,3,1,2,1,3,-1,1,0,-2,-6,25,0,-6,6,-3,0,0,1,1,0,-1,2,-1
KR_6657230917,420,2,-68,2,3,0,1,1,4,0,4,-2,2,0,0,3,3,1,1,2,0,8,-3,-3,-6,9,-3,0,1,-1,1,1,-1,2,-1
KR_6495712477,420,-2,-89,-24,-3,1,0,1,-6,7,1,-4,4,0,7,3,10,-1,3,2,-1,3,60,-1,-3,4,-1,0,-2,-1,-1,-1,-1,3,-1
KR_6708338729,420,-5,-94,9,-13,-3,4,1,-5,5,0,1,2,3,-1,2,1,-5,5,0,-1,-19,0,-6,-1,7,-4,0,-2,-1,-1,-1,-1,1,-1
KR_6728763204,420,0,51,32,-10,-2,2,0,4,1,5,-4,4,0,-8,8,0,0,1,1,-2,-16,32,1,-5,4,-23,0,1,-1,-1,-1,-1,3,-1
KR_6711240189,420,3,84,20,9,3,1,4,4,1,5,-1,2,1,1,5,6,2,1,3,0,8,-10,4,-7,3,1,0,1,-1,1,1,1,1,-1
KR_6715830011,420,-1,-6,1,0,-2,3,1,2,4,6,-3,4,1,-1,4,3,4,1,5,0,0,119,-2,-4,6,3,0,1,1,1,1,1,2,-1
KR_6739621343,440,0,30,-12,1,0,1,1,-3,7,4,0,2,2,5,2,7,-1,2,1,1,5,-356,0,-4,4,1,0,0,0,-1,-1,1,0,-1
KR_6733752062,420,1,36,-2,0,0,0,0,3,1,4,-1,6,5,-2,3,1,0,1,1,0,-2,6,5,-8,3,-4,0,0,1,1,0,1,1,-1
KR_6736968489,420,-7,-56,-36,-6,-1,2,1,0,3,3,-1,1,0,-2,4,2,-2,2,0,0,-5,112,-2,-1,3,-2,0,-1,-1,1,-1,-1,1,-1
KR_6729385120,420,-3,-14,-6,-3,-3,4,1,-2,4,2,-1,4,3,3,1,4,0,1,1,0,-4,0,0,-4,4,-8,0,-1,-1,1,-1,1,1,-1
KR_6672797415,420,-2,-65,-31,-8,-2,3,1,-2,3,1,-1,3,2,-4,4,0,1,0,1,0,-7,11,-1,-2,3,2,0,-1,-1,-1,-1,-1,5,-1
KR_6596744506,420,-2,-46,0,-4,0,1,1,-2,4,2,3,0,3,-3,4,1,-2,3,1,0,-4,0,5,-9,4,-1,0,0,-1,1,0,-1,1,-1
KR_6663022403,420,-1,39,-4,-7,-9,10,1,0,3,3,-1,3,2,4,0,4,-1,1,0,0,-5,-346,6,-8,2,3,0,-1,1,-1,-1,-1,4,-1
KR_6717266584,420,2,24,-16,-2,-1,3,2,-1,5,4,2,2,4,-4,6,2,2,1,3,-2,2,289,-3,-4,7,3,0,0,1,1,0,-1,3,-1
KR_6661514806,420,-3,-67,-27,-6,2,5,7,2,3,5,-2,3,1,-7,7,0,-1,2,1,1,-23,-11,-1,-5,6,-2,0,-1,-1,-1,1,1,5,-1
KR_6753029475,440,2,32,42,3,3,2,5,-1,3,2,0,2,2,-2,5,3,3,3,6,1,0,-8,4,-6,2,-3,0,1,1,-1,1,1,1,-1
KR_6626281428,420,3,-46,29,5,-1,2,1,4,3,7,1,2,3,-1,4,3,2,0,2,0,8,79,5,-5,0,-2,0,0,1,1,-1,1,6,-1
KR_6759887532,420,-1,-80,-1,1,4,1,5,-1,5,4,-2,5,3,0,3,3,0,1,1,0,4,30,8,-13,5,2,0,2,1,1,1,-1,1,-1
KR_6762523482,420,-3,54,-6,-11,1,1,2,-5,5,0,3,1,4,-3,7,4,-7,8,1,0,-8,10,-5,-3,8,-15,0,-2,-1,-1,-1,-1,3,-1
KR_6734084976,420,-3,-11,2,-9,1,0,1,-2,2,0,-3,3,0,-3,3,0,-2,2,0,0,-12,-4,-2,-4,6,0,0,-3,-1,-1,-1,-1,5,-1
KR_6704455031,440,-2,-96,-28,0,3,1,4,-3,4,1,0,0,0,0,2,2,0,1,1,2,3,9,2,-5,3,-4,0,0,-1,1,0,1,3,-1
KR_6549396817,420,1,-54,-3,6,2,2,4,0,3,3,2,0,2,2,0,2,0,0,0,0,10,6,6,-8,2,-1,0,1,-1,1,1,1,4,-1
KR_6714586596,420,3,39,9,8,-3,4,1,5,0,5,3,3,6,2,4,6,1,0,1,-1,7,-3,-5,-1,6,4,0,1,1,-1,1,-1,4,-1
KR_6760394519,420,-4,-63,-8,-12,-3,3,0,2,1,3,-5,6,1,-5,5,0,-1,3,2,0,-9,13,-3,-2,5,-10,0,0,-1,1,-1,-1,6,-1
KR_6760971045,420,-6,-41,-6,-11,1,3,4,-2,3,1,-5,5,0,-3,5,2,-2,2,0,0,-15,7,2,-7,5,0,0,-3,-1,-1,-1,-1,2,-1
KR_6723674245,420,-4,-62,-20,-4,-3,3,0,2,4,6,-2,3,1,-2,3,1,1,0,1,0,-3,6,0,-5,5,-6,0,-2,-1,-1,-1,1,2,-1
KR_6675647295,420,-1,69,12,-7,0,1,1,-1,2,1,-5,7,2,-1,4,3,0,1,1,0,-6,-11,-6,-3,9,-1,0,0,-1,0,0,-1,5,-1
KR_6639946094,420,-1,-33,-18,-5,-8,8,0,0,2,2,-2,7,5,1,2,3,4,0,4,0,-8,-17,-4,-3,7,-5,0,-1,0,-1,-1,-1,0,-1
KR_6716044139,420,-4,-84,-28,-3,-1,5,4,2,3,5,-3,5,2,-1,2,1,0,1,1,-1,7,21,2,-4,2,-5,0,-1,-1,-1,-1,-1,2,-1
KR_6734728683,440,-5,-34,-16,-5,-2,3,1,-2,4,2,3,0,3,-3,3,0,-1,1,0,0,-4,-27,-1,-6,7,-1,0,0,-1,1,-1,1,4,-1
KR_6667866804,420,-2,-18,-7,-2,0,1,1,0,1,1,-1,3,2,1,0,1,-2,2,0,0,-2,-110,0,-5,5,1,0,0,-1,0,-1,-1,2,-1
KR_6671884191,420,-5,-178,13,-7,-3,5,2,2,3,5,-2,2,0,-1,3,2,-3,4,1,0,-6,13,0,-5,5,-3,0,-2,1,-1,-1,-1,5,-1
KR_6754449181,420,1,67,16,-4,1,1,2,-2,2,0,1,1,2,-1,2,1,-3,4,1,0,-7,-85,-4,-3,7,2,0,0,0,-1,1,-1,0,-1
KR_6731168046,420,-3,-11,-24,-5,-4,5,1,0,2,2,1,1,2,1,0,1,-3,3,0,0,-1,-2,-1,-4,5,-2,0,0,1,-1,-1,-1,6,-1
KR_6712238074,420,0,43,8,-4,-6,7,1,2,1,3,1,2,3,3,3,6,-4,4,0,0,-3,-2,-4,-1,5,4,0,0,-1,1,-1,-1,1,-1
KR_6668837091,420,-3,-46,-19,2,-1,3,2,5,0,5,-1,3,2,-3,6,3,2,0,2,0,6,6,-1,-6,7,-3,0,-1,1,-1,-1,1,1,-1
KR_6471120424,420,-6,-99,-33,-12,2,0,2,-5,6,1,1,1,2,-6,6,0,-4,4,0,0,-11,-13,-1,-3,4,1,0,-4,-1,-1,-1,-1,3,-1
KR_6733597726,440,-2,-12,-16,-2,4,2,6,-2,2,0,2,2,4,0,1,1,-6,7,1,0,-13,-8,-2,-3,5,-1,0,-1,0,1,1,-1,0,-1
KR_6724709861,420,5,61,-6,10,0,4,4,2,3,5,3,1,4,3,3,6,2,1,3,0,2,-1,-3,-3,6,3,0,1,1,-1,1,-1,5,-1
KR_6764147237,420,2,29,12,2,0,2,2,3,3,6,2,1,3,-2,3,1,-1,1,0,0,-4,8,0,-4,4,-1,0,1,-1,1,1,1,2,-1
KR_6743396188,420,-3,-23,25,-2,2,1,3,-4,7,3,0,5,5,-2,5,3,2,0,2,-1,-6,-132,0,-7,7,-3,0,-2,-1,1,-1,-1,6,-1
KR_6710186428,420,-3,-25,-11,-5,-4,4,0,1,4,5,-4,8,4,1,1,2,1,1,2,1,-3,122,1,-4,3,-3,0,-1,1,1,-1,1,4,-1
KR_6749203077,420,3,6,20,3,0,1,1,-2,4,2,2,2,4,5,2,7,-2,2,0,1,1,2,0,-4,4,0,0,0,1,1,0,1,5,-1
KR_6736025110,420,-10,-164,-20,-19,-5,7,2,-3,7,4,-9,10,1,-1,4,3,-1,2,1,0,-12,-21,-1,-5,6,-4,0,-2,1,1,-1,-1,6,-1
KR_6760883776,420,0,-21,1,-3,-2,3,1,0,2,2,-1,4,3,0,3,3,0,1,1,0,2,10,4,-4,0,-2,0,0,-1,1,-1,-1,1,-1
KR_6741973048,440,-3,-33,-14,-7,0,3,3,-3,5,2,-2,3,1,2,1,3,-4,7,3,0,-8,-44,-1,-3,4,21,0,0,1,1,-1,-1,3,-1
KR_6745290328,420,-2,-24,-14,-5,0,2,2,-2,7,5,-2,4,2,-2,2,0,1,2,3,0,-4,-25,-3,-3,6,0,0,-2,-1,-1,-1,-1,3,-1
KR_6705869023,420,0,-37,39,1,-1,2,1,0,2,2,0,3,3,-1,2,1,3,1,4,0,2,-15,5,-8,3,-1,0,0,1,1,0,-1,2,-1
KR_6737720973,420,-2,12,-5,-4,1,0,1,1,2,3,-4,6,2,-2,4,2,0,1,1,0,0,-75,0,-4,4,-3,0,-1,-1,-1,-1,-1,6,-1
KR_6670266725,420,-6,-79,-21,-8,0,2,2,-5,5,0,0,5,5,-3,5,2,0,0,0,0,-3,2,1,-4,3,-4,0,-2,-1,-1,-1,-1,6,-1
KR_6669259231,440,0,-25,5,-6,-1,1,0,1,2,3,-1,1,0,-3,3,0,-2,3,1,0,-13,-9,-3,-2,5,2,0,-1,-1,0,-1,-1,4,-1
KR_6757591387,420,-1,-7,47,-5,-2,3,1,1,6,7,-6,9,3,-3,5,2,5,0,5,0,-8,-42,-1,-3,4,20,0,0,0,0,-1,-1,0,-1
KR_6730889547,420,-7,-39,-16,-11,-4,4,0,-1,2,1,1,2,3,-7,7,0,0,0,0,0,-13,7,-4,-1,5,-1,0,-1,0,-1,-1,1,0,-1
KR_6715094849,420,1,34,9,1,3,1,4,-3,4,1,1,1,2,0,2,2,0,1,1,0,0,9,-4,-3,7,-4,0,-2,1,-1,-1,-1,1,-1
KR_6710396414,420,-6,-63,-28,-11,-3,3,0,-1,2,1,-1,3,2,-2,3,1,-4,4,0,-3,-8,-35,-3,-5,8,2,0,-2,-1,-1,-1,-1,2,-1
KR_6748423555,420,1,8,2,-1,-1,3,2,-2,3,1,0,3,3,0,2,2,2,0,2,-1,10,-11,2,-7,5,6,0,0,0,-1,0,-1,0,-1
KR_6707505392,420,-4,-66,12,-6,0,2,2,-2,4,2,-1,3,2,-2,3,1,-1,1,0,0,-5,-12,-8,-2,10,3,0,-1,1,1,-1,-1,4,-1
KR_6708197231,420,-2,-1,2,-7,1,2,3,-4,6,2,-3,3,0,-1,1,0,0,1,1,0,-7,20,1,-4,3,-6,0,1,-1,1,1,-1,2,-1
KR_6730799434,440,-1,37,-16,0,-2,5,3,0,4,4,1,2,3,2,0,2,-1,1,0,0,2,-9,-1,-4,5,4,0,0,-1,-1,1,-1,2,-1
KR_6701358458,440,-3,-14,-39,-10,0,2,2,-2,4,2,-5,5,0,-1,2,1,-2,3,1,0,-9,-10,1,-7,6,0,0,1,-1,1,1,1,5,-1
KR_6749240285,420,-1,21,16,-2,2,1,3,2,0,2,2,0,2,-7,10,3,-1,2,1,0,-2,-4,-2,-6,8,-2,0,-1,-1,1,-1,-1,1,-1
KR_6586523522,420,-3,-60,-18,-3,0,1,1,0,2,2,3,3,6,-6,7,1,0,1,1,0,-6,-53,4,-6,2,3,0,0,-1,1,0,1,5,-1
KR_6652884604,420,-3,-113,17,-11,-7,8,1,-5,6,1,-1,3,2,0,2,2,2,1,3,-1,-8,-1,0,-4,4,0,0,-1,-1,1,-1,-1,3,-1
KR_6753893915,420,4,99,20,2,3,1,4,-2,3,1,2,2,4,-1,1,0,0,0,0,0,-1,-4,-5,-1,6,1,0,0,1,0,1,-1,4,-1
KR_6729260568,420,-4,-27,-15,-7,5,0,5,-8,8,0,-3,5,2,-1,1,0,0,0,0,0,-6,-8,-4,-2,6,0,0,-3,-1,1,-1,-1,1,-1
KR_6700822361,420,0,20,16,-8,-1,1,0,-3,5,2,-2,3,1,0,1,1,-2,2,0,0,-12,47,1,-3,2,-26,0,0,-1,-1,1,1,6,-1
KR_6685241123,420,0,22,33,-2,-1,2,1,0,3,3,1,2,3,-2,8,6,0,3,3,0,-4,-12,0,-4,4,5,0,0,1,-1,-1,1,2,-1
KR_6759154463,420,2,22,36,10,2,4,6,1,0,1,5,1,6,1,3,4,1,0,1,0,12,0,1,-6,5,4,0,0,1,1,0,-1,1,-1
KR_6707413806,420,0,-35,4,1,-2,2,0,1,0,1,0,2,2,1,0,1,1,0,1,0,6,-11,-6,-1,7,-5,0,0,-1,-1,0,-1,5,-1
KR_6669099268,420,3,12,4,2,0,0,0,-1,3,2,3,1,4,-1,6,5,1,1,2,0,2,2,3,-6,3,0,0,1,-1,1,1,-1,5,-1
KR_6759706011,420,-3,27,-40,-5,0,1,1,-3,4,1,4,2,6,-2,4,2,-4,4,0,0,-9,125,3,-5,2,-3,0,1,-1,0,-1,-1,4,-1
KR_6678159087,420,1,-42,35,6,-3,4,1,7,0,7,-4,6,2,3,0,3,3,0,3,3,9,-3,-1,-4,5,-2,0,-2,0,1,-1,1,0,-1
KR_6756250006,420,-4,-26,-28,-9,-2,2,0,-3,5,2,0,1,1,-3,4,1,-1,1,0,0,-6,-38,3,-6,3,2,0,-1,-1,-1,-1,1,5,-1
KR_6752539111,420,0,-29,15,3,4,0,4,1,2,3,-5,5,0,3,1,4,0,1,1,0,6,1,3,-7,4,1,0,-1,1,-1,-1,1,6,-1
KR_6707348695,420,-3,-66,18,-4,-1,3,2,-2,4,2,0,2,2,-1,3,2,0,0,0,0,-4,-4,0,-5,5,-2,0,-3,-1,1,-1,-1,4,-1
KR_6648882198,420,-2,-93,-34,-4,0,1,1,-1,1,0,-3,3,0,0,0,0,0,0,0,0,-4,-4,-1,-1,2,-3,0,-2,-1,-1,-1,-1,4,-1
KR_6693979674,420,-1,-65,-5,-6,2,0,2,-4,6,2,-2,3,1,-2,3,1,0,0,0,0,-7,-10,2,-6,4,-6,0,0,-1,0,0,-1,1,-1
KR_6572920392,420,3,92,18,-1,2,1,3,-3,7,4,-3,4,1,1,2,3,2,1,3,2,3,-73,-3,-5,8,-1,0,0,-1,-1,0,1,1,-1
KR_6680040484,420,-4,-54,-28,-8,-2,3,1,0,3,3,-5,6,1,0,4,4,-1,1,0,0,0,-118,3,-6,3,2,0,-1,0,-1,-1,-1,0,-1
KR_6710396343,420,-3,-5,-4,-4,1,0,1,-4,5,1,1,2,3,-1,5,4,-1,2,1,0,-7,15,1,-4,3,-2,0,0,1,1,-1,1,4,-1
KR_6666805644,420,-1,43,-19,-5,0,3,3,-4,4,0,2,2,4,-3,4,1,0,2,2,0,-10,0,2,-5,3,4,0,1,-1,1,1,1,3,-1
KR_6761667036,420,1,48,-28,0,2,2,4,2,3,5,-1,2,1,-3,3,0,0,1,1,0,-5,-5,-1,-1,2,1,0,1,1,1,1,1,2,-1
KR_6707535760,420,0,49,-12,-3,0,3,3,-1,1,0,2,1,3,-4,5,1,0,0,0,0,-11,-119,-2,-5,7,-4,0,0,-1,0,0,1,5,-1
KR_6753473359,420,-5,-95,-5,-15,-8,8,0,2,2,4,-9,10,1,0,1,1,0,0,0,0,-6,-37,-1,-2,3,0,0,-1,1,-1,-1,-1,4,-1
KR_6756820385,420,-4,-45,-36,-4,0,0,0,-1,3,2,3,0,3,-3,4,1,-3,5,2,0,-2,112,1,-6,5,-3,0,0,0,0,0,-1,0,-1
KR_6742864876,420,-5,-110,5,-7,-8,8,0,-1,1,0,1,0,1,3,0,3,-2,2,0,0,-1,276,0,-2,2,1,0,-1,-1,-1,-1,-1,2,-1
KR_6741648160,420,0,-40,-14,1,-2,3,1,5,4,9,-1,4,3,-2,4,2,1,0,1,0,3,-4,3,-4,1,-2,0,-1,-1,-1,-1,-1,1,-1
KR_6689655461,440,-9,-112,-24,-20,-3,3,0,-3,3,0,-2,4,2,-8,9,1,-4,5,1,-1,-20,-3,-4,-2,6,0,0,-2,-1,1,-1,-1,3,-1
KR_6593813135,420,1,-10,0,-4,-2,2,0,2,2,4,-2,2,0,-1,3,2,-1,1,0,0,-2,-8,-1,-3,4,1,0,0,1,-1,-1,1,2,-1
KR_6141237487,440,-3,-37,-19,-12,-2,6,4,-2,5,3,-1,3,2,-6,7,1,-1,3,2,-2,-13,-7,-7,-1,8,-1,0,-1,0,0,-1,-1,0,-1
KR_6762677228,420,-5,-27,-23,-5,-2,3,1,-5,6,1,3,2,5,0,1,1,-1,1,0,0,-5,0,-3,-1,4,0,0,-1,-1,1,-1,1,4,-1
KR_6762737704,420,-5,-104,-9,-5,-7,8,1,1,0,1,-6,6,0,3,0,3,4,1,5,0,2,-13,0,-6,6,7,0,-3,-1,-1,-1,-1,6,-1
KR_6721113336,420,0,-33,-8,0,-2,4,2,1,1,2,3,2,5,-2,4,2,0,1,1,0,-2,-15,-3,-3,6,6,0,-1,1,-1,-1,-1,2,-1
KR_6704097514,420,-5,-34,-12,-21,-9,10,1,-3,6,3,-1,2,1,-5,5,0,-3,3,0,-3,-27,-13,-4,-1,5,-1,0,-2,-1,1,-1,-1,6,-1
KR_6690182009,420,-5,-67,-4,-12,-3,4,1,-3,8,5,-5,5,0,0,3,3,-1,2,1,0,-9,7,-2,-3,5,-6,0,-2,-1,-1,-1,-1,3,-1
KR_6759669997,420,1,40,2,-5,-2,2,0,-3,4,1,1,1,2,-2,6,4,1,0,1,0,-2,1,-1,-6,7,-5,0,0,1,-1,0,-1,5,-1
KR_6744145155,420,-3,-53,-16,-4,-2,3,1,0,2,2,-6,9,3,4,1,5,0,0,0,0,-2,-10,-1,-6,7,3,0,-1,1,-1,-1,-1,3,-1
KR_6755005313,420,-3,-83,-4,-7,-3,3,0,-4,5,1,3,0,3,0,6,6,-3,5,2,0,-2,176,-1,-3,4,2,0,0,-1,0,0,1,1,-1
KR_6612026840,420,-3,2,-8,-5,2,1,3,-5,5,0,-1,1,0,-2,5,3,1,0,1,0,-2,-7,-2,-5,7,-2,0,-3,-1,1,-1,1,4,-1
KR_6715994260,420,-1,7,-11,-10,0,4,4,1,4,5,-7,7,0,-3,5,2,-1,2,1,-1,-21,-12,-1,-2,3,3,0,2,-1,1,1,-1,3,-1
KR_6619365675,420,-4,-111,1,-8,-4,4,0,-2,4,2,1,1,2,-2,5,3,-1,1,0,0,-11,-5,-3,-4,7,-2,0,-2,-1,-1,-1,-1,6,-1
KR_6675545967,420,-3,-58,-8,-4,-2,3,1,-2,2,0,-2,4,2,2,2,4,0,1,1,0,-8,27,-1,-6,7,-9,0,-1,-1,-1,-1,1,5,-1
KR_6510826612,420,-5,-39,-10,-6,1,0,1,-1,4,3,-3,4,1,-3,3,0,0,0,0,0,-6,-16,-3,-5,8,-2,0,-1,-1,1,-1,-1,6,-1
KR_6725981109,420,-2,14,-20,-3,0,6,6,-6,8,2,-4,5,1,5,0,5,2,0,2,-1,-7,4,-5,-2,7,-5,0,1,-1,-1,1,1,4,-1
KR_6667357116,440,3,52,16,8,2,1,3,3,3,6,0,3,3,-1,3,2,4,0,4,0,9,32,0,-4,4,2,0,1,1,-1,1,1,1,-1
KR_6738638560,420,-1,21,2,-3,-1,4,3,0,2,2,2,2,4,-4,4,0,0,1,1,1,3,19,-3,-4,7,4,0,1,-1,-1,1,1,6,-1
KR_6729086563,420,-2,-50,-15,-8,-2,3,1,0,1,1,1,1,2,-4,5,1,-3,3,0,0,-6,1,0,-4,4,-2,0,-1,-1,1,-1,1,5,-1
KR_6711496855,420,-2,-53,-7,-12,-1,2,1,-4,7,3,-1,2,1,-7,9,2,1,0,1,0,-10,73,1,-7,6,-13,0,-1,-1,-1,-1,-1,6,-1
KR_6488299352,420,0,-17,0,-3,-1,5,4,-3,6,3,1,2,3,-1,2,1,1,0,1,0,-2,-2,-1,-4,5,3,0,0,1,-1,0,-1,5,-1
KR_6762739100,420,-2,-31,28,-16,-4,4,0,-4,10,6,-3,5,2,-4,4,0,-1,1,0,0,-15,-7,-3,-1,4,2,0,-1,-1,1,-1,-1,5,-1
KR_6545314929,420,-5,-39,28,-8,-1,3,2,-3,9,6,-3,4,1,0,4,4,-1,1,0,3,-5,10,1,-7,6,2,0,0,-1,1,0,1,2,-1
KR_6760343505,420,0,-8,11,-4,-1,2,1,0,3,3,-1,2,1,-2,5,3,0,1,1,0,-5,-1,-5,-1,6,-1,0,-1,-1,-1,-1,-1,3,-1
KR_5681091762,420,-1,-35,-4,-4,-1,1,0,-5,6,1,0,1,1,2,1,3,0,1,1,0,-6,-14,-6,-4,10,6,0,1,-1,1,1,1,5,-1
KR_6680017715,420,-2,-19,-8,-6,0,1,1,-2,4,2,-2,3,1,-1,2,1,-1,1,0,0,-9,114,0,-4,4,0,0,2,0,1,1,-1,0,-1
KR_6748413936,420,-3,-50,3,-6,2,2,4,0,4,4,-6,11,5,1,3,4,-3,3,0,1,11,-3,-5,-2,7,-1,0,-2,0,-1,-1,1,0,-1
KR_6762316066,420,-3,-85,-8,-1,0,2,2,-1,2,1,-2,3,1,1,5,6,1,3,4,0,7,-5,2,-5,3,1,0,0,-1,1,0,1,6,-1
KR_6757659345,420,-8,-119,-4,-24,-7,8,1,-5,5,0,-3,4,1,-9,9,0,0,2,2,0,-24,-4,-4,-1,5,-1,0,-3,-1,-1,-1,-1,5,-1
KR_6755691102,420,-4,-51,-9,-9,-2,3,1,-2,4,2,-2,3,1,-2,4,2,-1,1,0,0,-7,-1,3,-6,3,-5,0,0,-1,-1,-1,-1,3,-1
KR_6715139168,420,-4,-106,-12,0,0,1,1,-1,1,0,6,2,8,-4,4,0,-1,2,1,0,0,-9,0,-4,4,-1,0,-1,1,1,-1,1,3,-1
KR_6731171164,440,-5,-99,-32,-19,-1,3,2,-7,8,1,-1,2,1,-9,10,1,-1,6,5,-2,-15,-83,1,-3,2,-8,0,-2,1,0,-1,-1,2,-1
KR_6459111095,420,1,44,-4,6,-3,5,2,1,3,4,5,0,5,-1,2,1,4,1,5,0,6,-3,3,-4,1,0,0,1,-1,1,1,-1,2,-1
KR_6556359195,420,-3,-46,-28,-5,-8,8,0,-2,4,2,1,2,3,2,5,7,2,1,3,-1,3,-259,3,-7,4,9,0,-1,-1,1,-1,-1,5,-1
KR_6751999244,420,0,29,1,-1,-1,2,1,-2,2,0,-7,7,0,3,0,3,6,0,6,0,3,0,3,-7,4,-1,0,0,0,-1,-1,1,0,-1
KR_6752151214,440,-1,9,1,-4,3,0,3,-7,8,1,0,1,1,-2,3,1,2,0,2,1,-6,3,3,-7,4,0,0,1,1,1,1,1,5,-1
KR_6736583134,420,0,-63,8,-6,0,2,2,3,1,4,1,4,5,-7,10,3,-3,4,1,-1,-5,-1,3,-5,2,-2,0,-1,-1,1,1,-1,3,-1
KR_6665200357,420,0,5,13,-3,1,1,2,-8,9,1,1,1,2,2,0,2,1,0,1,0,-2,-5,-5,-5,10,-2,0,-1,-1,-1,-1,-1,1,-1
KR_6759273185,420,-4,6,-6,-9,-2,2,0,-5,6,1,-1,3,2,1,1,2,-2,4,2,0,-17,-3,2,-7,5,2,0,-1,-1,-1,-1,-1,1,-1
KR_6648225681,420,3,-12,0,17,5,0,5,4,6,10,-1,2,1,9,5,14,0,0,0,2,20,7,4,-7,3,1,0,1,0,-1,1,1,0,-1
KR_6751230570,420,-3,-55,-28,-1,-6,6,0,1,3,4,2,3,5,2,2,4,0,1,1,2,0,5,1,-4,3,-2,0,-1,1,-1,-1,1,3,-1
KR_6731969323,420,3,33,20,8,6,0,6,3,0,3,-2,6,4,1,2,3,0,2,2,0,4,3,-5,-1,6,0,0,0,1,-1,0,-1,4,-1
KR_6562328228,420,-1,-19,26,0,-1,1,0,-1,4,3,1,0,1,1,1,2,0,1,1,0,1,20,1,-5,4,-4,0,-2,-1,1,-1,-1,5,-1
KR_6708282069,420,0,-60,0,1,-1,1,0,-1,3,2,5,2,7,-4,5,1,2,1,3,0,-3,-1,0,-5,5,2,0,0,1,-1,-1,-1,5,-1
KR_6563512700,420,-2,-72,-14,0,1,0,1,-4,5,1,1,4,5,2,0,2,0,1,1,0,6,-15,-1,-4,5,1,0,-1,-1,1,-1,1,6,-1
KR_6743283690,420,6,26,10,10,1,2,3,2,1,3,3,0,3,3,0,3,1,1,2,0,8,-2,4,-8,4,-6,0,1,0,1,1,1,0,-1
KR_6733982529,420,1,5,-19,3,-2,3,1,9,1,10,-1,4,3,0,1,1,-3,3,0,-1,2,226,-3,-5,8,-1,0,-1,1,-1,-1,-1,4,-1
KR_6650264730,440,-3,-10,-7,-9,0,1,1,-2,5,3,-6,7,1,-2,3,1,1,0,1,0,-6,-47,-1,-6,7,19,0,-1,-1,1,-1,-1,5,-1
KR_6728536865,420,-1,-63,-8,1,3,3,6,1,2,3,-1,2,1,-4,5,1,2,0,2,-1,3,12,4,-5,1,0,0,0,1,-1,0,-1,3,-1
KR_6731178718,420,-4,-22,-36,-5,-1,5,4,-2,5,3,-1,2,1,-2,2,0,1,1,2,0,-2,5,-3,-3,6,-3,0,1,-1,1,1,1,1,-1
KR_6749328871,420,2,26,30,1,6,0,6,-4,5,1,-1,4,3,-2,4,2,2,1,3,-1,-6,3,-1,-3,4,-3,0,0,0,1,1,-1,0,-1
KR_6737827026,440,1,44,-34,1,5,0,5,-6,6,0,5,0,5,1,2,3,-4,4,0,-1,-6,11,2,-4,2,3,0,0,0,-1,1,-1,0,-1
KR_6749623498,420,-3,-64,-34,-8,-2,2,0,-2,2,0,-2,4,2,-1,1,0,-1,1,0,-1,-12,-4,1,-4,3,-4,0,-2,-1,0,-1,-1,3,-1
KR_6731406329,420,0,-3,7,2,0,1,1,-1,3,2,1,2,3,-1,1,0,3,0,3,0,3,-19,-3,-5,8,0,0,-1,-1,-1,-1,1,1,-1
KR_6664621947,420,1,-39,-1,-2,-1,1,0,-2,2,0,-1,3,2,1,2,3,1,1,2,0,3,27,4,-6,2,-19,0,0,-1,-1,0,-1,2,-1
KR_6668243166,420,1,-20,-16,5,-1,3,2,1,0,1,0,0,0,3,0,3,2,0,2,0,9,60,0,-3,3,3,0,-1,1,-1,-1,1,6,-1
KR_6761372543,420,0,-33,3,-8,-1,3,2,-5,5,0,-3,4,1,0,1,1,1,1,2,0,-7,40,-3,-2,5,-18,0,0,1,-1,0,-1,4,-1
KR_6629574828,420,-5,-126,-20,-7,-8,8,0,-1,6,5,5,2,7,-2,4,2,-1,2,1,0,0,33,-3,-2,5,-23,0,-3,1,-1,-1,-1,4,-1
KR_6695512343,420,2,2,-5,3,-1,3,2,-4,7,3,3,2,5,0,2,2,5,1,6,0,-1,4,-2,-4,6,2,0,0,1,-1,0,1,2,-1
KR_6732803083,420,-3,-42,17,-8,-4,5,1,0,4,4,-2,6,4,-1,3,2,-1,2,1,-1,-4,4,-3,-1,4,0,0,-2,-1,-1,-1,-1,1,-1
KR_6740736726,440,-2,-49,-23,1,1,0,1,-1,3,2,-3,3,0,2,0,2,2,1,3,0,-1,93,-3,-3,6,4,0,0,1,-1,0,-1,3,-1
KR_6612802268,440,-3,54,-5,-3,1,0,1,0,3,3,0,0,0,-4,6,2,0,0,0,2,-3,-4,2,-4,2,3,0,0,1,1,1,1,6,-1
KR_6675910323,420,-7,-145,-28,-8,-1,2,1,-4,7,3,-2,3,1,0,0,0,-1,1,0,0,-1,3,3,-7,4,-2,0,-2,1,-1,-1,-1,6,-1
KR_6720500729,420,0,31,15,-4,5,0,5,-4,5,1,-2,4,2,-4,7,3,1,0,1,0,-10,10,-1,-2,3,-2,0,0,-1,1,1,1,2,-1
KR_6672021728,420,-5,-88,-11,-8,-3,4,1,-5,7,2,0,1,1,0,3,3,0,0,0,0,-9,-1,2,-7,5,4,0,-2,-1,1,-1,1,6,-1
KR_6657129181,420,2,33,8,2,1,0,1,-1,3,2,0,4,4,6,1,7,-4,4,0,1,1,-12,2,-5,3,0,0,1,1,-1,1,1,1,-1
KR_6566989645,420,-1,52,45,-5,-4,5,1,-5,6,1,2,1,3,0,3,3,2,1,3,0,-7,-232,1,-7,6,-4,0,0,-1,1,1,-1,6,-1
KR_6736841161,420,1,10,34,-4,-2,4,2,1,4,5,1,4,5,-4,4,0,0,0,0,0,3,-10,-1,-2,3,2,0,-2,-1,-1,-1,-1,5,-1
KR_6675595342,420,-5,-25,-34,-5,1,0,1,-6,10,4,-1,3,2,1,3,4,0,0,0,0,-1,-2,-1,-3,4,2,0,-1,-1,-1,-1,-1,1,-1
KR_6663674921,420,0,-2,-24,-4,0,0,0,-2,2,0,-2,2,0,1,1,2,-1,2,1,0,-5,-8,0,-4,4,-2,0,-1,0,-1,-1,1,0,-1
KR_6764296182,420,-5,-127,-1,-6,-2,3,1,-4,6,2,1,2,3,1,1,2,-2,4,2,0,-3,3,2,-6,4,1,0,-1,-1,-1,-1,-1,6,-1
KR_6658015645,420,1,22,-9,2,5,1,6,3,0,3,-5,8,3,-1,4,3,0,0,0,0,-5,-2,-1,-3,4,2,0,1,-1,1,1,1,1,-1
KR_6707405062,420,-6,-63,-26,-8,-2,3,1,1,2,3,-6,6,0,-1,2,1,0,0,0,0,-2,-26,-1,-2,3,6,0,-1,-1,1,-1,-1,2,-1
KR_6751921938,420,2,-26,2,6,-8,8,0,6,1,7,4,4,8,4,0,4,0,0,0,0,19,30,3,-5,2,-6,0,-2,1,-1,-1,1,4,-1
KR_6761925548,420,0,36,16,10,-3,4,1,6,1,7,3,2,5,0,6,6,4,0,4,2,13,-8,-2,-6,8,2,0,0,1,-1,0,1,3,-1
KR_6756282885,420,-4,-33,8,-6,-6,7,1,2,1,3,0,4,4,1,4,5,-3,3,0,0,-9,7,5,-8,3,-6,0,-1,1,-1,-1,-1,6,-1
KR_6641693893,420,-4,-82,-16,-8,-3,5,2,-2,5,3,-2,2,0,2,3,5,-3,3,0,0,-7,-1,-1,-4,5,-1,0,-1,-1,-1,-1,1,1,-1
KR_6755845665,440,-1,-23,-12,3,-1,2,1,1,3,4,3,2,5,3,3,6,-3,5,2,0,8,5,1,-7,6,0,0,0,-1,0,1,1,4,-1
KR_6745159512,420,1,4,-12,2,3,1,4,-1,3,2,0,2,2,1,2,3,-1,1,0,-1,4,90,0,-5,5,2,0,0,1,-1,0,-1,1,-1
KR_6607937120,420,-6,-42,-16,-7,-2,3,1,-2,3,1,3,1,4,-5,5,0,-1,1,0,0,-6,-1,3,-7,4,-1,0,0,-1,-1,-1,-1,5,-1
KR_6739556330,440,1,18,-5,-2,0,4,4,2,3,5,-4,6,2,-1,2,1,1,0,1,0,-8,9,-3,-5,8,3,0,0,0,-1,0,1,0,-1
KR_6729915595,420,-2,-54,10,-3,2,1,3,-4,4,0,1,1,2,-1,7,6,-1,2,1,-1,-4,-15,1,-6,5,0,0,-1,1,-1,-1,-1,2,-1
KR_6746079117,440,-1,34,12,-11,-2,4,2,1,3,4,-2,2,0,-4,5,1,-4,5,1,-2,-15,-8,-3,-4,7,5,0,-2,-1,-1,-1,-1,6,-1
KR_6720227161,420,-6,-47,-64,-12,-3,4,1,-4,5,1,-8,8,0,2,2,4,1,1,2,0,-1,-210,-1,-3,4,0,0,-1,0,1,-1,-1,0,-1
KR_6642460203,420,2,27,16,4,-1,1,0,2,4,6,3,2,5,-1,1,0,1,1,2,0,6,10,4,-8,4,-5,0,0,-1,-1,0,1,1,-1
KR_6743289944,420,-2,43,-9,-3,-3,5,2,1,0,1,1,1,2,-3,3,0,1,0,1,-1,-5,2,1,-5,4,4,0,0,-1,1,0,-1,4,-1
KR_6756125195,440,-1,-107,3,-6,1,1,2,1,3,4,3,1,4,-8,11,3,-3,5,2,-1,-7,0,-1,-1,2,-2,0,-2,-1,-1,-1,-1,1,-1
KR_6703983315,440,-2,14,-18,-2,0,2,2,-1,4,3,-2,3,1,4,3,7,-3,6,3,0,-2,1,0,-5,5,-3,0,0,1,1,0,-1,6,-1
KR_6699235846,440,-1,-43,-16,-6,0,0,0,-3,9,6,2,1,3,-6,6,0,1,1,2,0,-13,-22,-1,-5,6,2,0,-2,-1,1,-1,-1,4,-1
KR_6758752620,420,1,28,42,-5,-1,2,1,-2,3,1,1,2,3,-2,6,4,-1,1,0,0,-13,-7,2,-6,4,-1,0,0,1,1,-1,-1,4,-1
KR_6761457963,420,-1,-43,11,-1,-1,3,2,0,3,3,2,1,3,-2,4,2,0,1,1,1,-4,126,1,-7,6,1,0,0,1,-1,0,1,1,-1
KR_6740775851,420,-4,-110,-18,-6,-5,5,0,-1,2,1,6,0,6,-3,4,1,-3,4,1,0,-4,-243,2,-4,2,5,0,-1,-1,0,-1,-1,5,-1
KR_6740799482,440,-1,-29,35,-5,4,0,4,-1,4,3,-4,4,0,-4,4,0,0,0,0,0,-9,9,-1,-2,3,2,0,0,-1,0,0,-1,6,-1
KR_6650700251,420,3,-35,23,2,-1,3,2,1,2,3,-2,4,2,4,0,4,0,0,0,0,3,37,1,-5,4,-20,0,0,1,0,-1,-1,4,-1
KR_6749784907,420,-3,-38,18,-9,-6,6,0,1,3,4,1,1,2,-5,7,2,0,1,1,0,-1,4,-3,-3,6,0,0,-2,1,-1,-1,-1,5,-1
KR_6748893336,420,-3,-11,0,-6,-7,8,1,-1,2,1,0,2,2,1,0,1,1,1,2,0,-5,-1,1,-4,3,2,0,0,1,-1,0,-1,3,-1
KR_6655603498,420,0,21,24,-3,1,2,3,-2,4,2,-1,4,3,1,2,3,-2,2,0,-1,-3,196,-3,-2,5,0,0,1,1,1,1,-1,3,-1
KR_6764626941,420,-1,1,-42,-7,-1,1,0,-2,4,2,1,2,3,-4,6,2,-1,2,1,0,-5,111,1,-4,3,-4,0,-3,-1,-1,-1,-1,4,-1
KR_6759790652,420,-1,34,-3,3,0,4,4,-1,3,2,0,3,3,3,0,3,1,0,1,0,5,-12,-2,-6,8,-2,0,0,-1,1,-1,-1,1,-1
KR_6725955181,440,-1,-27,4,-7,-2,4,2,0,2,2,0,3,3,-8,11,3,3,1,4,0,5,-2,1,-6,5,0,0,0,-1,1,-1,-1,1,-1
KR_6761163165,420,0,-83,24,2,1,3,4,-1,4,3,0,3,3,1,2,3,1,1,2,0,4,41,1,-5,4,-1,0,-1,1,1,1,-1,3,-1
KR_6365007081,420,-3,-88,28,-4,-1,2,1,1,1,2,1,1,2,-8,9,1,3,1,4,0,0,0,0,0,0,0,0,-2,1,-1,-1,-1,4,-1
KR_6542886438,420,-2,-14,20,-7,-4,5,1,0,1,1,-2,7,5,0,3,3,-1,4,3,0,-15,-2,0,-6,6,-3,0,-2,-1,1,-1,-1,5,-1
KR_6761674833,440,-4,-37,-15,-16,2,1,3,-3,4,1,2,1,3,-14,14,0,-3,4,1,0,-19,-128,1,-4,3,1,0,0,0,0,-1,-1,0,-1
KR_6696350770,420,2,38,-12,3,1,1,2,-3,4,1,7,2,9,-3,3,0,1,1,2,1,-3,-6,2,-5,3,0,0,2,-1,-1,1,1,1,-1
KR_6730204993,420,-2,-19,-31,-5,-4,4,0,0,3,3,0,2,2,-3,4,1,2,0,2,-1,-1,-3,-2,-4,6,-1,0,0,-1,-1,-1,-1,3,-1
KR_6753675175,420,-2,-57,-25,-3,2,0,2,-4,4,0,1,3,4,-1,3,2,-1,3,2,0,-2,6,7,-10,3,-3,0,-1,-1,-1,-1,-1,3,-1
KR_6763463480,420,0,-13,-3,-4,2,1,3,-6,7,1,1,0,1,-1,6,5,0,1,1,0,-5,1,1,-3,2,1,0,0,1,1,0,-1,5,-1
KR_6737762312,420,-3,-33,-1,-10,-2,3,1,-4,5,1,0,0,0,-3,3,0,-1,1,0,0,-11,29,9,-11,2,-7,0,-1,1,-1,-1,-1,2,-1
KR_6624506332,420,-1,-57,-25,-2,-3,4,1,-2,5,3,4,0,4,-2,2,0,1,0,1,0,-1,27,-3,-4,7,4,0,-2,1,-1,-1,1,2,-1
KR_6699738807,420,-5,-106,-8,-19,-1,2,1,-6,9,3,-3,6,3,-7,7,0,-2,2,0,0,-22,-6,-5,-3,8,7,0,-1,-1,-1,-1,-1,5,-1
KR_6662932320,420,-1,21,-6,-5,-3,3,0,0,4,4,-3,6,3,0,6,6,1,0,1,0,3,-18,0,-4,4,0,0,0,-1,-1,0,-1,2,-1
KR_6570945522,440,2,38,19,9,4,1,5,1,2,3,2,2,4,0,1,1,2,0,2,-1,10,-1,-2,-4,6,10,0,3,1,1,1,-1,5,-1
KR_6754480977,420,-4,-17,4,-11,-3,3,0,0,0,0,-1,2,1,-3,4,1,-4,4,0,0,-10,1,-4,-4,8,-5,0,-2,-1,1,-1,-1,1,-1
KR_6572658608,420,0,11,5,7,1,1,2,-7,9,2,6,0,6,5,1,6,2,0,2,0,16,150,-5,-6,11,10,0,-1,1,-1,1,-1,6,-1
KR_6764715882,440,1,98,-1,5,8,1,9,-4,5,1,0,0,0,1,1,2,0,0,0,0,-7,8,4,-5,1,-1,0,2,1,1,1,1,5,-1
KR_6679495530,420,-2,-13,-7,-7,-3,3,0,-4,5,1,-3,4,1,2,0,2,1,0,1,0,-10,-1,0,-6,6,-4,0,-1,1,-1,-1,-1,4,-1
KR_6698473705,420,-1,28,-10,-5,-5,7,2,-6,8,2,4,1,5,2,1,3,0,0,0,0,-3,49,1,-4,3,-18,0,0,1,-1,-1,-1,4,-1
KR_6726205880,420,-2,-61,4,-3,-3,5,2,-3,5,2,1,0,1,1,1,2,1,1,2,0,-5,-12,4,-6,2,3,0,0,-1,-1,-1,-1,6,-1
KR_6746677604,420,-9,-120,-30,-18,-4,4,0,-3,3,0,2,1,3,-3,3,0,-10,10,0,0,-17,16,0,-2,2,-4,0,-1,-1,-1,-1,-1,6,-1
KR_6753292518,440,1,-15,-1,-8,-1,2,1,1,3,4,0,2,2,-8,13,5,0,0,0,0,-14,-14,-1,-6,7,-2,0,-1,-1,-1,-1,-1,4,-1
KR_6742971344,420,-5,-26,8,-8,1,2,3,-1,4,3,-8,9,1,0,3,3,0,1,1,0,-7,-216,-2,-3,5,6,0,-3,-1,-1,-1,1,4,-1
KR_6660277521,440,-1,-10,12,0,-2,2,0,0,1,1,6,0,6,-2,2,0,-2,2,0,0,4,-3,4,-7,3,1,0,0,1,1,1,-1,5,-1
KR_6745665182,420,-2,-26,-7,-8,-3,5,2,0,3,3,0,2,2,-5,5,0,0,1,1,-1,-3,-6,0,-1,1,0,0,-2,-1,-1,-1,-1,4,-1
KR_6759615998,420,2,-37,32,9,0,0,0,3,0,3,4,0,4,1,0,1,1,1,2,0,17,-1,-3,-4,7,2,0,0,1,-1,-1,1,3,-1
KR_6759056817,420,-3,-11,8,-3,1,2,3,-2,3,1,-2,4,2,-3,4,1,3,2,5,0,-7,0,-2,-2,4,-3,0,1,-1,1,1,-1,3,-1
KR_6759552899,420,-5,-100,-24,-8,-2,2,0,-2,3,1,-5,6,1,1,2,3,0,0,0,-1,-2,-1,3,-5,2,0,0,-1,-1,-1,-1,-1,5,-1
KR_6716395785,440,-2,28,-1,-6,-2,5,3,0,2,2,-2,3,1,0,1,1,-2,3,1,0,0,-4,0,-1,1,3,0,-3,-1,-1,-1,-1,1,-1
KR_6752900265,420,-2,33,2,-4,0,0,0,-6,6,0,-2,3,1,3,1,4,1,0,1,0,-4,-1,-3,-4,7,0,0,1,-1,1,1,-1,2,-1
KR_6760500441,420,0,-19,0,4,0,1,1,0,0,0,-5,6,1,5,0,5,4,2,6,0,1,7,2,-4,2,0,0,0,0,1,1,1,0,-1
KR_6727011467,440,-3,-90,-20,-12,-5,9,4,-4,6,2,1,3,4,-3,5,2,-1,1,0,0,-5,-7,1,-4,3,1,0,-2,-1,-1,-1,1,2,-1
KR_6629063871,420,0,-76,-16,5,0,1,1,3,2,5,-1,1,0,3,1,4,0,0,0,0,15,-6,8,-10,2,-3,0,0,-1,-1,0,-1,4,-1
KR_6739803558,420,1,-5,4,-3,-2,2,0,4,3,7,-2,3,1,0,4,4,-3,3,0,-2,3,14,-2,-3,5,3,0,-1,-1,1,-1,1,2,-1
KR_6738933819,420,-2,-2,-32,1,-2,2,0,5,2,7,-1,2,1,-1,1,0,0,0,0,0,5,-7,-4,-3,7,0,0,-1,-1,-1,-1,1,2,-1
KR_6752957464,420,-3,-56,-20,-8,3,1,4,-5,7,2,-6,9,3,-1,4,3,1,0,1,0,-3,-8,-5,-2,7,1,0,-1,-1,1,-1,-1,4,-1
KR_6763489416,420,-1,-84,0,-5,1,1,2,0,2,2,-2,4,2,-4,4,0,0,0,0,0,0,25,-1,-4,5,-2,0,-2,-1,1,-1,-1,2,-1
KR_6761102684,420,-3,55,-22,-5,1,1,2,-1,2,1,0,3,3,-2,5,3,-3,3,0,0,-3,0,3,-5,2,0,0,-2,0,-1,-1,-1,0,-1
KR_6755486094,420,0,-42,-26,0,3,0,3,-3,5,2,-2,5,3,2,3,5,0,1,1,0,1,102,1,-7,6,-2,0,1,1,1,1,-1,3,-1
KR_6749648599,420,-3,-97,-24,-6,-3,7,4,-2,4,2,0,2,2,0,3,3,-1,1,0,0,0,105,-2,-2,4,-3,0,-1,-1,-1,-1,-1,5,-1
KR_6655069433,420,2,30,3,-3,4,0,4,-1,2,1,-6,7,1,-3,7,4,3,0,3,2,-4,-1,-4,-3,7,-1,0,0,-1,-1,-1,1,4,-1
KR_6736545126,420,-4,-59,-20,-13,-4,7,3,-5,7,2,-6,6,0,-1,5,4,3,1,4,-2,-7,-7,-5,-2,7,5,0,-1,-1,-1,-1,-1,1,-1
KR_6694622078,420,0,-34,26,-3,5,1,6,-2,3,1,-3,3,0,-4,7,3,1,1,2,0,-14,8,-1,-5,6,0,0,0,-1,1,-1,-1,6,-1
KR_6665951913,420,-1,-26,-28,-1,-1,2,1,-3,3,0,-3,6,3,6,0,6,0,0,0,0,5,-7,-3,-3,6,1,0,-1,1,-1,-1,1,5,-1
KR_6764562702,420,-3,6,12,-4,-6,6,0,2,1,3,3,0,3,1,3,4,-4,5,1,0,4,13,0,-7,7,0,0,-1,0,1,-1,1,0,-1
KR_6669977171,420,-2,-116,-23,-12,-4,4,0,-1,3,2,-7,7,0,-1,3,2,1,0,1,0,-2,12,-4,-4,8,-3,0,-2,-1,-1,-1,-1,6,-1
KR_6434156932,420,-4,2,4,-3,2,0,2,-3,5,2,1,1,2,-1,1,0,-2,3,1,0,-4,-3,0,-5,5,0,0,0,1,1,0,1,4,-1
KR_6731408836,420,1,19,1,8,-1,3,2,4,3,7,9,1,10,-2,4,2,-2,2,0,0,8,-1,1,-6,5,0,0,2,-1,-1,1,1,5,-1
KR_6681290274,420,2,-20,1,-1,1,1,2,1,2,3,2,1,3,-4,8,4,-1,1,0,0,-3,-5,4,-12,8,1,0,-1,-1,1,-1,-1,2,-1
KR_6659939811,440,0,32,-14,-5,3,0,3,1,2,3,-5,8,3,-5,5,0,1,0,1,0,2,-19,-8,-1,9,4,0,-1,-1,0,-1,-1,2,-1
KR_6633216840,420,2,-27,36,1,0,1,1,1,1,2,1,2,3,-2,4,2,1,1,2,0,-3,-102,-3,-5,8,-1,0,1,1,1,1,1,3,-1
KR_6667168006,420,1,8,-16,0,-1,3,2,1,3,4,2,1,3,-2,5,3,0,0,0,0,3,5,1,-6,5,-2,0,0,-1,-1,0,-1,4,-1
KR_6728622438,420,3,94,-2,3,2,0,2,3,2,5,2,2,4,-2,2,0,-2,2,0,0,-2,-9,2,-5,3,1,0,0,-1,-1,1,-1,3,-1
KR_6761285872,420,-4,-66,-8,-18,-3,5,2,-5,7,2,-2,2,0,-8,9,1,0,2,2,0,-12,-8,-2,-4,6,2,0,0,-1,0,-1,-1,3,-1
KR_6763484546,420,-3,-42,-14,-11,-2,3,1,-1,2,1,-3,4,1,-2,4,2,-3,4,1,0,-9,-5,-3,-5,8,-1,0,0,1,0,0,1,6,-1
KR_6732989365,420,-4,-41,20,-4,3,0,3,-5,9,4,0,3,3,-2,4,2,0,2,2,1,-8,-3,4,-9,5,0,0,0,1,1,-1,1,6,-1
KR_6661640100,420,7,45,64,2,-2,3,1,3,0,3,-4,5,1,3,0,3,2,2,4,0,9,-2,2,-7,5,-1,0,-1,1,-1,-1,1,1,-1
KR_6708447111,420,1,-25,6,-3,0,2,2,-3,4,1,0,4,4,-1,1,0,1,0,1,0,-6,3,-1,-2,3,2,0,0,-1,1,0,-1,2,-1
KR_6688479236,420,-1,36,-24,1,-4,6,2,0,2,2,2,0,2,1,2,3,2,1,3,0,3,-10,-5,-2,7,5,0,0,0,0,-1,1,0,-1
KR_6761499231,420,0,0,-11,0,-4,6,2,1,0,1,4,1,5,0,1,1,-1,1,0,-1,-1,-5,4,-7,3,-1,0,-2,1,1,1,-1,3,-1
KR_6733226511,420,-3,-56,-31,-8,-5,5,0,-4,6,2,-1,1,0,2,0,2,0,1,1,0,-5,-5,3,-7,4,-3,0,-1,1,-1,-1,-1,1,-1
KR_6764454910,420,-5,-31,-27,-3,-1,3,2,-1,1,0,-1,2,1,1,0,1,-1,1,0,0,0,-12,0,-4,4,3,0,-2,-1,-1,-1,1,6,-1
KR_6702504719,420,4,4,41,8,0,1,1,6,1,7,-5,6,1,6,1,7,1,1,2,1,18,0,-5,-4,9,-2,0,0,-1,-1,-1,1,2,-1
KR_6745608084,420,1,28,-11,-3,1,1,2,2,0,2,1,3,4,-4,5,1,-3,4,1,-1,-5,32,-6,-2,8,-29,0,0,-1,1,0,-1,6,-1
KR_6706334501,420,-3,-30,-28,-5,0,0,0,-5,6,1,-3,7,4,2,1,3,1,1,2,-1,-4,5,1,-3,2,-2,0,1,-1,1,1,-1,2,-1
KR_6561406376,420,-3,-33,-16,1,3,0,3,-6,6,0,-1,4,3,7,0,7,-2,2,0,0,6,-7,-4,-7,11,6,0,0,-1,-1,0,-1,3,-1
KR_6746799098,420,6,55,17,2,0,1,1,1,2,3,2,0,2,0,3,3,-1,2,1,1,2,-15,-2,-2,4,3,0,0,0,1,0,1,0,-1
KR_6303935204,420,0,15,-16,-7,-6,7,1,2,1,3,1,1,2,0,3,3,-4,4,0,-1,-1,4,-3,-2,5,-1,0,-1,1,0,-1,-1,1,-1
KR_6619660131,420,3,-6,28,3,-2,3,1,3,2,5,3,2,5,0,3,3,-1,1,0,0,3,9,6,-7,1,-1,0,-1,1,-1,-1,1,2,-1
KR_6627005781,420,-4,-38,-8,-7,-4,4,0,-1,3,2,-2,3,1,-1,1,0,1,0,1,-1,-8,32,2,-6,4,-14,0,-1,1,-1,-1,-1,3,-1
KR_6593686283,420,-1,13,0,-11,-1,2,1,1,3,4,-4,4,0,-6,7,1,-1,1,0,0,-10,-20,-1,-4,5,-5,0,0,-1,0,0,-1,2,-1
KR_6697571801,420,-4,-118,7,-11,1,2,3,-1,3,2,-3,5,2,-1,4,3,-7,7,0,0,-7,-8,-1,-4,5,0,0,-1,-1,-1,-1,1,5,-1
KR_6635827641,420,-2,-14,11,-9,-2,2,0,-3,7,4,0,2,2,-2,3,1,-2,3,1,-1,-7,-1,-3,-4,7,3,0,-1,-1,-1,-1,-1,2,-1
KR_6693339081,420,1,11,10,1,-2,3,1,2,0,2,3,1,4,-2,7,5,0,1,1,0,5,-69,-1,-3,4,21,0,-1,1,1,-1,1,1,-1
KR_6592860149,420,1,0,16,2,1,1,2,4,1,5,-4,4,0,-1,3,2,2,0,2,0,3,41,-1,-2,3,-1,0,1,1,-1,1,1,6,-1
KR_6732264868,420,-9,-71,-12,-21,-4,4,0,-6,6,0,-3,4,1,-4,4,0,-4,4,0,0,-18,-6,-1,-5,6,-5,0,-1,-1,-1,-1,1,4,-1
KR_6678581305,420,2,-27,-16,6,2,2,4,4,1,5,-2,3,1,2,2,4,0,0,0,-1,9,2,-1,-4,5,1,0,1,-1,1,1,-1,4,-1
KR_6590334158,420,-1,5,-9,-6,3,0,3,-7,9,2,-3,4,1,2,1,3,-1,1,0,0,-7,1,-2,-1,3,-2,0,-1,-1,-1,-1,1,2,-1
KR_6726117750,440,2,32,-2,2,2,1,3,1,0,1,0,3,3,-1,2,1,0,1,1,-1,0,120,-1,-7,8,3,0,1,-1,1,1,-1,5,-1
KR_6746894929,420,3,31,8,-1,2,1,3,-1,3,2,-1,2,1,0,4,4,-1,2,1,-2,-4,3,2,-7,5,-1,0,0,-1,-1,0,-1,4,-1
KR_6681215692,420,-5,-43,4,-14,-1,2,1,0,1,1,-2,5,3,-7,8,1,-4,7,3,-1,-17,-45,-2,-3,5,12,0,-1,-1,1,-1,-1,2,-1
KR_6729294233,420,0,15,44,-6,-1,3,2,4,1,5,-1,1,0,-7,7,0,-1,3,2,0,-8,11,-3,-3,6,1,0,0,1,1,1,1,1,-1
KR_6698486799,420,-6,-88,-24,-8,-4,4,0,0,2,2,-3,3,0,2,1,3,-3,3,0,0,-11,-32,-1,-4,5,1,0,-2,0,-1,-1,-1,0,-1
KR_6750914035,420,-2,-31,-29,-9,0,2,2,-4,5,1,-3,4,1,-1,2,1,-1,3,2,0,-4,0,-3,-2,5,-2,0,-1,-1,-1,-1,-1,6,-1
KR_6733867081,440,-5,-35,-27,-16,-9,10,1,-3,3,0,-2,7,5,0,3,3,-2,3,1,-1,-18,5,6,-8,2,-3,0,-2,-1,-1,-1,-1,3,-1
KR_6756773149,420,-6,-23,-42,-9,-1,2,1,-2,4,2,-2,5,3,-1,4,3,-3,5,2,-1,-2,-13,-10,-1,11,-1,0,-1,1,-1,-1,-1,2,-1
KR_6682553343,420,-1,16,16,-4,-3,4,1,2,2,4,-3,4,1,-5,5,0,5,1,6,0,-8,-22,-1,-4,5,5,0,0,-1,0,-1,1,6,-1
KR_6014085417,420,-2,36,-20,-3,-1,1,0,-6,7,1,-3,4,1,5,0,5,2,0,2,0,-4,2,3,-8,5,6,0,-1,-1,-1,-1,-1,5,-1
KR_6754923468,420,-4,-112,-12,-9,1,0,1,-1,2,1,-2,2,0,-7,7,0,0,1,1,-2,-9,-30,-2,-3,5,22,0,-1,-1,-1,-1,-1,5,-1
KR_6644782552,440,-5,-54,-20,-13,0,4,4,-6,7,1,-7,7,0,1,2,3,-1,1,0,0,-22,-4,-5,-4,9,-1,0,-1,-1,-1,-1,-1,5,-1
KR_6732888597,420,0,23,40,0,3,1,4,1,3,4,-1,4,3,-2,4,2,-1,3,2,0,-4,-3,-3,-3,6,1,0,-1,1,-1,-1,-1,3,-1
KR_6762241277,420,0,2,-6,-1,-1,1,0,2,1,3,-1,3,2,0,0,0,-1,1,0,0,-3,-8,-2,-2,4,-7,0,0,-1,0,0,1,2,-1
KR_6703436303,420,1,-56,7,-2,-6,7,1,-1,4,3,0,1,1,2,0,2,3,0,3,1,4,1,-4,0,4,4,0,0,1,-1,-1,1,2,-1
KR_6748893946,420,-3,25,-36,-2,2,2,4,-4,6,2,-2,4,2,4,1,5,-2,2,0,0,1,5,0,-4,4,1,0,1,1,-1,1,-1,3,-1
KR_6758858286,420,-4,2,-42,-4,1,1,2,-2,4,2,-5,5,0,1,1,2,1,1,2,0,-2,12,-1,0,1,-2,0,-1,-1,-1,-1,-1,1,-1
KR_6759125483,420,-4,-30,-36,-7,-1,2,1,-5,5,0,-3,3,0,1,2,3,1,1,2,0,-6,-3,-1,-3,4,5,0,-1,-1,-1,-1,1,1,-1
KR_6740962800,440,-5,-47,-23,-12,-8,8,0,1,3,4,-3,4,1,-2,3,1,0,1,1,0,-7,5,1,-8,7,-4,0,-2,-1,-1,-1,-1,6,-1
KR_6749208565,420,1,31,4,-1,-1,1,0,4,3,7,-4,6,2,0,2,2,0,0,0,0,4,-16,1,-4,3,-2,0,0,1,-1,-1,-1,2,-1
KR_6688692328,420,2,41,12,0,2,0,2,-2,5,3,2,1,3,-2,3,1,0,0,0,0,-4,11,1,-4,3,-2,0,1,-1,1,1,1,2,-1
KR_6234393870,420,-3,-74,0,-11,-2,5,3,-2,6,4,-8,8,0,1,2,3,0,0,0,0,0,21,-3,-4,7,-1,0,-2,1,-1,-1,-1,3,-1
KR_6687240242,420,0,0,30,-2,-4,5,1,-2,2,0,1,2,3,2,3,5,1,0,1,-1,0,1,-4,-4,8,2,0,0,1,0,1,-1,6,-1
KR_6689919662,420,-2,-27,-18,-6,-3,4,1,-1,2,1,-4,7,3,-1,4,3,3,0,3,0,-1,1,-1,-5,6,-4,0,-1,-1,-1,-1,-1,2,-1
KR_6681479541,420,-1,-26,12,6,0,1,1,8,2,10,-1,1,0,-3,4,1,2,3,5,1,8,3,4,-10,6,-5,0,0,1,1,-1,1,6,-1
KR_6757628238,420,0,50,4,-1,1,1,2,1,3,4,-2,4,2,1,3,4,-2,2,0,0,-6,99,0,-4,4,-2,0,-1,0,1,-1,-1,0,-1
KR_6749064389,440,-6,-112,-60,-15,0,3,3,-4,4,0,-7,7,0,-8,8,0,4,0,4,0,-19,219,-5,-3,8,-3,0,-1,1,-1,-1,1,4,-1
KR_6741189548,420,-6,-59,-8,-12,1,2,3,-4,6,2,-5,7,2,-4,5,1,0,2,2,1,-11,28,1,-7,6,-2,0,-1,-1,-1,-1,1,3,-1
KR_6421605806,420,-1,19,4,-5,1,3,4,-5,7,2,0,1,1,-1,2,1,0,2,2,0,-10,8,1,-6,5,1,0,0,0,0,0,-1,0,-1
KR_6591158842,420,-3,-62,-6,1,-5,5,0,2,1,3,6,0,6,0,3,3,-2,2,0,0,3,57,0,-5,5,2,0,0,-1,1,-1,-1,3,-1
KR_6561725819,420,1,24,4,11,1,2,3,-3,4,1,7,1,8,8,2,10,-2,2,0,-1,11,-3,2,-6,4,3,0,0,0,0,0,-1,0,-1
KR_6591635832,420,-3,43,-13,-1,-5,5,0,0,4,4,2,0,2,1,4,5,1,2,3,1,2,4,-1,-2,3,4,0,-1,-1,1,1,1,3,-1
KR_6626182448,420,1,45,-1,-4,5,0,5,-1,2,1,-1,2,1,-7,7,0,0,1,1,0,-10,-8,-3,-4,7,0,0,1,-1,1,1,1,2,-1
KR_6681168730,420,-5,-76,-13,-8,-5,5,0,-1,3,2,1,0,1,-4,6,2,1,1,2,0,1,0,-5,-2,7,-2,0,-2,-1,1,-1,-1,4,-1
KR_6704007777,440,-5,-47,-29,-8,-4,4,0,0,5,5,-3,4,1,0,2,2,-1,1,0,0,-7,29,-1,-3,4,-3,0,0,-1,1,-1,-1,5,-1
KR_5924413002,440,-2,-80,9,-4,0,1,1,-5,7,2,3,3,6,-2,4,2,0,0,0,0,0,-3,-5,-3,8,-2,0,-1,-1,-1,-1,-1,3,-1
KR_6759849760,420,-5,-46,-8,-10,-1,2,1,-1,2,1,-2,3,1,-5,5,0,-1,2,1,0,-15,-4,-1,-4,5,-2,0,-1,-1,0,-1,1,1,-1
KR_6568891277,420,-6,-49,-8,-7,-3,5,2,4,2,6,-8,9,1,1,4,5,-1,3,2,2,-7,13,-2,-2,4,-6,0,0,-1,1,-1,1,1,-1
KR_6762967442,420,-5,-79,-20,-8,-1,1,0,-5,8,3,-3,4,1,2,1,3,-1,1,0,0,-10,5,4,-7,3,0,0,-1,-1,1,-1,-1,1,-1
KR_6421700485,420,2,40,5,0,-1,3,2,4,3,7,0,2,2,-1,1,0,-2,2,0,0,1,-4,-2,-3,5,1,0,2,-1,1,1,1,4,-1
KR_6733977644,420,-1,-31,0,-5,-1,2,1,-1,4,3,-3,6,3,1,4,5,-1,3,2,-1,-5,-11,0,-4,4,-5,0,0,1,-1,-1,-1,4,-1
KR_6709821924,420,-2,-56,-37,-2,3,0,3,-2,3,1,-2,2,0,3,3,6,-4,4,0,0,-3,0,-1,-2,3,-3,0,-2,-1,-1,-1,1,2,-1
KR_6696495262,420,2,37,11,4,2,0,2,1,2,3,5,0,5,-6,6,0,2,0,2,-2,-6,1,2,-6,4,-2,0,2,-1,1,1,-1,6,-1
KR_6724987399,420,1,-27,3,3,7,0,7,-3,5,2,2,1,3,-2,2,0,-1,1,0,0,-3,1,4,-7,3,1,0,1,1,1,1,1,1,-1
KR_6734710945,420,-5,-90,-76,-16,-1,1,0,-6,8,2,-3,3,0,-5,5,0,-1,1,0,0,-13,-12,-3,-2,5,1,0,-3,-1,-1,-1,-1,4,-1
KR_6761197698,420,4,49,8,7,1,2,3,-1,2,1,3,0,3,4,2,6,0,0,0,0,10,-1,0,-3,3,4,0,2,1,1,1,1,4,-1
KR_6761637508,420,-3,-13,-27,-9,-3,4,1,0,2,2,-5,5,0,1,3,4,-2,2,0,0,-6,-9,-1,-2,3,1,0,-2,-1,-1,-1,-1,4,-1
KR_6538182444,420,-3,3,-41,-8,-8,9,1,0,4,4,-3,5,2,0,3,3,3,0,3,-1,0,1,-3,-5,8,-2,0,-1,1,-1,-1,-1,1,-1
KR_6756672055,420,-4,-8,-16,-7,1,1,2,-2,5,3,-2,3,1,-3,4,1,-1,2,1,0,-10,-5,-8,-2,10,7,0,0,1,-1,0,-1,1,-1
KR_6756166970,420,-1,23,-32,-5,2,1,3,-6,7,1,-5,6,1,1,3,4,3,0,3,0,-7,3,-2,-2,4,2,0,0,-1,-1,-1,-1,2,-1
KR_6667409749,420,1,-24,-22,-4,4,0,4,0,2,2,-2,2,0,-5,5,0,-1,1,0,0,-5,-35,-6,-3,9,1,0,-1,-1,-1,-1,-1,5,-1
KR_6757750938,420,-4,-39,-31,-9,-4,5,1,3,0,3,-2,3,1,-6,7,1,0,1,1,0,-7,-10,2,-5,3,4,0,-1,1,-1,-1,-1,1,-1
KR_6015816903,420,5,53,55,11,-1,2,1,-2,4,2,16,1,17,-2,3,1,0,0,0,1,7,-5,-2,-4,6,9,0,0,1,1,1,1,5,-1
KR_6421345989,420,5,17,28,5,2,0,2,-1,1,0,2,0,2,1,4,5,1,0,1,0,1,15,-1,-5,6,1,0,0,-1,1,0,1,3,-1
KR_6744220390,420,1,35,20,3,1,1,2,-6,7,1,1,1,2,6,2,8,1,2,3,1,-6,-36,-4,-5,9,-3,0,1,1,1,1,-1,3,-1
KR_6694181990,440,-7,-100,-8,-19,1,0,1,-1,3,2,-7,7,0,-9,10,1,-3,4,1,-1,-22,-10,-4,-2,6,0,0,-2,-1,-1,-1,-1,4,-1
KR_6690570172,420,2,14,19,4,-7,8,1,0,6,6,8,0,8,3,0,3,0,1,1,0,4,-5,-3,-2,5,0,0,1,1,-1,-1,-1,2,-1
KR_6750147010,420,-3,-61,1,-7,-3,3,0,0,2,2,1,0,1,-6,6,0,1,0,1,0,-6,-14,-9,-3,12,-2,0,-1,1,0,-1,1,4,-1
KR_6713138874,420,2,-36,9,7,-4,4,0,5,4,9,3,2,5,3,1,4,0,1,1,0,16,1,7,-8,1,2,0,-1,1,-1,-1,1,5,-1
KR_6697656248,420,-1,-32,15,-6,-2,3,1,2,2,4,-1,2,1,-4,4,0,-1,3,2,1,-6,-5,8,-12,4,-4,0,0,-1,0,0,1,6,-1
KR_6740518573,420,-6,-11,-28,-11,1,3,4,-9,10,1,-1,2,1,-2,4,2,0,3,3,-2,-17,-2,-2,-2,4,3,0,0,-1,-1,1,-1,3,-1
KR_6704221799,420,-2,-41,1,-7,-3,4,1,-3,3,0,4,3,7,-1,4,3,-4,4,0,0,-3,-8,-2,-4,6,-2,0,-1,1,-1,-1,-1,1,-1
KR_6763595084,440,0,-12,-8,2,-1,1,0,4,0,4,2,2,4,-2,2,0,-1,1,0,0,-1,10,4,-9,5,5,0,-1,0,0,-1,1,0,-1
KR_6647312448,420,3,35,40,1,3,0,3,0,1,1,-5,6,1,2,0,2,1,1,2,0,1,32,1,-6,5,26,0,0,-1,-1,-1,-1,6,-1
KR_6754663532,420,0,-9,12,-5,0,2,2,1,4,5,-1,2,1,-5,6,1,0,2,2,-1,-11,-4,4,-6,2,-1,0,-1,1,-1,-1,-1,6,-1
KR_6735757906,420,-3,-49,-22,-12,-3,3,0,-4,5,1,-1,2,1,-4,7,3,0,0,0,0,-12,-22,1,-6,5,-1,0,-1,-1,-1,-1,1,4,-1
KR_6676109934,420,-1,-59,16,-2,-1,1,0,-1,3,2,4,0,4,-1,1,0,-3,3,0,0,1,-116,1,-5,4,5,0,-1,-1,-1,-1,-1,4,-1
KR_6764023236,420,-3,-92,-5,-1,-2,2,0,0,3,3,1,2,3,2,0,2,-2,2,0,0,-4,-33,-5,0,5,1,0,-2,1,-1,-1,-1,3,-1
KR_6761762935,440,-3,-79,-12,-1,1,0,1,1,2,3,-3,3,0,1,2,3,-1,1,0,0,3,-115,2,-6,4,-4,0,0,1,0,-1,-1,6,-1
KR_6634211049,420,-2,-64,-24,-4,3,0,3,-5,11,6,3,2,5,-2,3,1,-3,5,2,2,9,-4,0,-8,8,2,0,-2,-1,-1,-1,1,6,-1
KR_6761512524,420,2,44,0,7,0,1,1,0,2,2,-3,5,2,9,0,9,1,1,2,2,8,4,4,-6,2,-2,0,3,1,1,1,1,2,-1
KR_6764264950,420,-3,-32,-12,-5,-6,8,2,1,4,5,0,2,2,0,1,1,0,2,2,0,-4,4,3,-7,4,-1,0,2,1,1,-1,1,2,-1
KR_6749276114,420,1,30,-6,-2,-2,4,2,-1,2,1,-4,5,1,6,1,7,-1,1,0,1,3,11,-1,-1,2,-2,0,-1,1,-1,-1,1,6,-1
KR_6636340299,420,-6,-98,22,-15,-4,4,0,-3,3,0,-3,3,0,-5,5,0,0,0,0,0,-14,-2,1,-4,3,-5,0,-3,1,-1,-1,-1,6,-1
KR_6760421079,420,-4,-31,-4,-6,-5,6,1,-3,7,4,-1,4,3,0,4,4,3,1,4,0,-3,5,3,-4,1,-3,0,-1,1,-1,-1,1,6,-1
KR_6698433838,420,-5,-64,-33,-12,-2,2,0,-9,10,1,-2,3,1,0,1,1,1,0,1,0,-10,0,2,-5,3,-1,0,-1,-1,-1,-1,-1,3,-1
KR_6538486141,420,-3,-46,28,-6,0,2,2,-5,6,1,-1,2,1,0,2,2,0,1,1,0,-8,-24,-1,-5,6,-1,0,0,-1,1,0,1,4,-1
KR_6697643574,420,-2,-30,-4,-4,0,2,2,-3,6,3,3,4,7,-2,2,0,-2,3,1,1,-2,-12,2,-7,5,4,0,-1,-1,-1,-1,1,6,-1
KR_6700279536,420,-2,-39,0,-10,0,3,3,-3,5,2,-4,5,1,-3,6,3,0,0,0,0,-11,3,-3,-2,5,-1,0,1,-1,-1,1,-1,6,-1
KR_6722749389,420,-2,28,-8,-1,3,2,5,-1,3,2,-1,4,3,-2,5,3,0,1,1,0,10,-5,-1,-5,6,3,0,0,1,1,1,-1,3,-1
KR_6601107670,420,-5,-52,-16,-10,-1,2,1,-9,9,0,-4,4,0,5,0,5,-1,1,0,0,-8,4,5,-8,3,-2,0,-2,0,-1,-1,1,0,-1
KR_6661450717,420,-2,50,-24,-7,2,1,3,-6,7,1,0,4,4,-1,3,2,-2,2,0,0,-7,-279,1,-5,4,-4,0,-1,-1,-1,-1,1,4,-1
KR_6731211477,420,-3,54,4,-7,2,2,4,-4,6,2,1,2,3,-2,3,1,-4,4,0,0,-16,6,1,-2,1,1,0,1,0,0,1,1,0,-1
KR_6703759070,420,-6,-111,-9,-14,-4,5,1,-3,4,1,-2,3,1,-7,9,2,2,2,4,0,-17,-6,0,-6,6,-3,0,-1,-1,-1,-1,-1,6,-1
KR_6737793977,420,1,5,-1,6,1,2,3,5,0,5,3,2,5,0,3,3,-3,3,0,0,8,2,2,-5,3,1,0,-2,-1,1,-1,-1,3,-1
KR_6752326752,420,-4,-58,-10,-9,-3,4,1,-1,1,0,-3,4,1,-4,4,0,2,0,2,0,-7,9,1,-5,4,-9,0,0,-1,-1,0,1,5,-1
KR_6670235525,420,0,35,0,-1,1,3,4,-6,6,0,1,1,2,4,0,4,-1,2,1,0,-10,-10,-3,-6,9,-2,0,-1,-1,-1,-1,-1,2,-1
KR_6763383709,440,-3,-69,5,-5,0,2,2,-6,6,0,0,0,0,-1,4,3,2,1,3,0,-5,17,2,-10,8,-3,0,-1,1,-1,-1,-1,1,-1
KR_6471141328,420,-2,-115,-8,-1,3,3,6,0,2,2,-3,4,1,-6,6,0,5,0,5,0,4,-3,0,-4,4,1,0,-1,-1,1,-1,1,1,-1
KR_6668520905,420,-2,31,-10,-4,0,0,0,4,5,9,2,1,3,-11,15,4,1,2,3,1,-1,-8,-5,-6,11,0,0,0,-1,-1,0,1,5,-1
KR_6538422015,420,-2,24,-16,0,4,0,4,-4,5,1,2,3,5,-3,3,0,1,0,1,-1,-2,3,1,-11,10,-2,0,0,-1,0,-1,-1,4,-1
KR_6747149462,420,-2,-45,12,-8,0,3,3,-1,3,2,-2,2,0,-3,3,0,-2,2,0,0,-8,-4,-5,-2,7,-3,0,0,-1,1,0,1,4,-1
KR_6606552525,420,-9,-127,-19,-7,-4,4,0,2,0,2,-2,2,0,-1,4,3,-2,2,0,0,-4,-20,-5,-1,6,3,0,-4,-1,-1,-1,-1,5,-1
KR_6653977359,420,-4,-50,-30,-4,-5,5,0,3,3,6,-3,4,1,0,0,0,1,0,1,0,3,11,1,-4,3,-2,0,0,-1,1,0,1,1,-1
KR_6738608463,420,2,91,-9,3,1,0,1,0,5,5,-1,2,1,2,0,2,1,0,1,0,1,-14,1,-7,6,1,0,0,-1,-1,1,-1,5,-1
KR_6591615297,420,-2,-79,-1,-7,-3,3,0,-4,6,2,2,1,3,-5,6,1,3,0,3,0,-9,5,1,-5,4,-1,0,-1,-1,-1,-1,-1,5,-1
KR_6664030678,420,0,-1,-26,-3,0,1,1,1,3,4,-1,2,1,-3,4,1,0,1,1,-1,-7,-9,-3,-4,7,1,0,2,-1,1,1,-1,4,-1
KR_6061811684,420,-7,-61,-46,-16,-2,3,1,-5,8,3,-3,4,1,-6,7,1,0,0,0,-1,-7,-2,-3,-6,9,-4,0,-1,-1,1,-1,-1,2,-1
KR_6547366997,420,-7,-61,-40,-17,-2,3,1,-4,7,3,-4,4,0,-8,10,2,1,0,1,0,-19,-22,-2,-3,5,-1,0,-1,-1,1,-1,-1,4,-1
KR_6760654846,440,1,-33,3,0,-3,3,0,3,0,3,0,3,3,-4,5,1,4,1,5,-1,-9,0,0,-3,3,-7,0,-2,0,1,-1,-1,0,-1
KR_6759064642,420,2,-23,15,-2,3,0,3,-1,2,1,0,2,2,1,2,3,-5,5,0,0,-8,5,3,-8,5,-4,0,-1,0,-1,-1,1,0,-1
KR_6754965966,420,1,8,-16,5,4,0,4,2,3,5,0,2,2,-4,5,1,3,1,4,0,0,-16,6,-10,4,-6,0,0,-1,1,0,1,4,-1
KR_6747102425,420,0,-77,36,0,-4,6,2,-1,2,1,1,1,2,-2,4,2,6,0,6,0,6,119,-7,-3,10,-1,0,1,1,-1,1,1,2,-1
KR_6752165528,420,2,67,32,3,2,1,3,-1,4,3,-1,4,3,0,1,1,3,0,3,0,6,2,-1,-4,5,-1,0,0,-1,-1,-1,1,4,-1
KR_6731127465,420,-1,16,16,-5,-4,5,1,-6,8,2,4,1,5,1,0,1,0,0,0,-1,0,100,4,-6,2,-6,0,-1,1,-1,-1,-1,5,-1
KR_6502234577,420,-2,-62,7,1,1,1,2,1,3,4,-3,5,2,2,2,4,0,0,0,0,6,-20,6,-10,4,-5,0,0,0,1,0,1,0,-1
KR_6763075042,440,-3,-5,-51,-8,-3,4,1,-2,5,3,-2,4,2,0,2,2,-1,1,0,1,-11,5,-2,-5,7,-1,0,0,-1,1,0,1,3,-1
KR_6751217523,440,0,-49,-15,-6,-3,3,0,-1,1,0,-4,5,1,3,1,4,-1,1,0,1,-6,-14,-3,-5,8,1,0,-1,-1,-1,-1,1,3,-1
KR_6764093817,420,-5,-57,-40,-7,-3,3,0,-5,8,3,-4,5,1,3,1,4,2,0,2,1,5,-34,-2,-2,4,29,0,-3,-1,0,-1,1,4,-1
KR_6732948953,420,0,20,-2,-2,-1,1,0,-2,3,1,-5,5,0,0,3,3,6,1,7,1,-6,-3,-4,-4,8,-3,0,1,-1,1,1,1,5,-1
KR_6741259212,420,-2,-96,3,-3,2,0,2,1,1,2,1,2,3,-4,4,0,-3,3,0,0,-6,105,0,-8,8,-3,0,-2,-1,1,-1,1,2,-1
KR_6758372657,420,-4,-29,-76,-11,-2,5,3,-1,2,1,-6,6,0,-1,2,1,-1,2,1,0,-6,31,-8,0,8,-10,0,-1,-1,-1,-1,-1,4,-1
KR_6610155637,420,-2,-18,-12,-11,-1,1,0,-2,6,4,-2,5,3,-4,6,2,-2,3,1,0,-4,7,1,-3,2,0,0,-1,-1,-1,-1,-1,4,-1
KR_6703387616,420,2,18,0,1,1,2,3,1,4,5,4,1,5,-6,8,2,1,1,2,-2,-12,-9,0,-4,4,2,0,3,-1,-1,1,1,3,-1
KR_6721389276,420,0,3,-9,-1,-3,4,1,-2,5,3,1,1,2,5,0,5,-2,3,1,-1,-2,-1,1,-3,2,2,0,-1,1,-1,-1,-1,2,-1
KR_6733072170,420,-2,1,17,-7,-6,7,1,-1,1,0,-4,6,2,1,0,1,3,2,5,0,-3,2,4,-5,1,0,0,-1,-1,1,-1,1,4,-1
KR_6761283342,440,1,28,38,-2,1,0,1,-1,3,2,-1,7,6,-2,5,3,1,2,3,0,3,2,8,-10,2,-2,0,0,1,1,0,1,5,-1
KR_6758441069,440,-1,49,-22,-5,1,0,1,4,2,6,-3,6,3,-5,7,2,-2,2,0,-1,1,-1,-4,-2,6,3,0,0,1,-1,0,-1,3,-1
KR_6652697831,420,-1,-64,0,-3,-2,2,0,-2,5,3,4,2,6,-4,4,0,1,0,1,0,2,3,-2,-4,6,-3,0,-1,-1,1,-1,-1,3,-1
KR_6728127782,420,-1,-42,-9,3,-2,4,2,4,2,6,1,3,4,0,1,1,0,1,1,0,6,-3,-1,-3,4,0,0,-1,1,1,-1,-1,6,-1
KR_6756329244,420,1,-42,-11,3,8,0,8,-1,1,0,1,2,3,-4,6,2,-1,1,0,-1,-8,-12,-2,-1,3,0,0,0,-1,1,1,-1,3,-1
KR_6693140516,420,3,14,8,0,2,1,3,-3,6,3,-1,4,3,1,2,3,1,2,3,0,8,-27,0,-3,3,2,0,2,1,1,1,-1,3,-1
KR_6645627481,440,-2,-58,-9,-5,-2,3,1,-1,1,0,-2,3,1,-3,4,1,3,3,6,0,-5,2,-1,-5,6,-1,0,-1,-1,-1,-1,1,3,-1
KR_6759577171,440,-3,-62,-7,-5,2,2,4,0,3,3,-3,3,0,-2,2,0,-2,3,1,0,-17,-37,3,-7,4,-1,0,-2,0,-1,-1,1,0,-1
KR_6724022772,420,-2,-23,-8,-4,-3,3,0,-4,8,4,1,1,2,2,4,6,0,0,0,0,5,95,-2,-1,3,2,0,1,1,1,1,1,6,-1
KR_6745204712,420,-1,-25,-10,-2,1,0,1,1,4,5,2,0,2,-5,5,0,-1,1,0,0,-2,-121,1,-4,3,-5,0,0,-1,0,0,-1,1,-1
KR_6631728614,420,0,-26,16,-2,-1,2,1,5,2,7,-2,5,3,-3,9,6,-1,1,0,-1,-8,6,2,-5,3,-6,0,-2,-1,0,-1,-1,6,-1
KR_6504673251,420,-2,26,13,-9,-2,3,1,-2,6,4,-4,5,1,1,4,5,-2,3,1,2,-10,-48,0,-4,4,-1,0,1,1,1,1,1,3,-1
KR_6724412109,420,-4,-49,-17,-4,0,1,1,0,5,5,-2,4,2,-1,5,4,-1,3,2,0,-3,-112,-2,-5,7,-3,0,0,-1,-1,-1,-1,3,-1
KR_6716181269,440,-1,11,-15,-2,0,0,0,-1,2,1,-3,3,0,2,2,4,0,0,0,0,-1,25,1,-7,6,-8,0,0,1,-1,0,1,4,-1
KR_6764534066,420,-7,-95,32,-19,-6,8,2,-1,2,1,0,2,2,-11,11,0,-1,2,1,0,-15,-7,-3,-1,4,-1,0,-2,-1,-1,-1,-1,2,-1
KR_6471063585,420,-1,22,4,-4,3,1,4,3,0,3,2,1,3,-3,4,1,-9,9,0,-1,-6,19,-1,-6,7,-4,0,1,-1,1,1,-1,5,-1
KR_6757110636,420,-1,-25,36,-9,-2,2,0,-3,4,1,-2,2,0,-1,1,0,-1,1,0,0,-12,-3,-3,-3,6,-1,0,0,-1,1,0,-1,2,-1
KR_6681994949,420,-1,31,-24,-3,-3,5,2,1,0,1,4,3,7,-5,5,0,0,1,1,1,-6,8,-5,-3,8,0,0,0,-1,0,0,1,6,-1
KR_6716394779,420,-1,-72,-8,3,4,1,5,-3,4,1,-1,6,5,0,4,4,3,0,3,0,12,39,-2,-4,6,-3,0,0,0,-1,0,-1,0,-1
KR_6729944052,420,-1,32,0,-3,0,1,1,-3,3,0,0,2,2,3,2,5,-3,3,0,0,2,-41,-2,-4,6,4,0,0,1,1,0,1,1,-1
KR_6655161178,420,-3,0,-14,-4,-1,2,1,-5,6,1,-2,4,2,4,3,7,0,0,0,0,1,2,2,-5,3,-1,0,1,-1,-1,1,1,2,-1
KR_6751930205,420,-4,1,4,-11,0,2,2,-5,5,0,-6,7,1,2,5,7,-2,2,0,0,-7,3,-1,-3,4,-4,0,-1,-1,-1,-1,-1,1,-1
KR_6752212144,440,-1,-33,1,-5,1,3,4,-4,5,1,2,2,4,-4,5,1,0,2,2,0,-4,0,3,-7,4,-1,0,-1,-1,1,-1,-1,6,-1
KR_6633487221,420,0,-32,35,1,-1,3,2,2,2,4,3,1,4,-2,2,0,-1,2,1,0,2,-4,-4,-4,8,1,0,-1,-1,-1,-1,-1,1,-1
KR_6756189765,420,-3,-4,20,-11,-10,10,0,1,0,1,-2,3,1,2,0,2,-2,2,0,0,-4,2,0,-3,3,4,0,0,1,1,-1,-1,2,-1
KR_6761812083,420,2,43,-6,9,0,0,0,8,2,10,6,2,8,-4,4,0,-1,1,0,0,7,-10,4,-8,4,5,0,0,1,1,0,1,5,-1
KR_6754927975,420,0,42,2,-3,2,0,2,-2,4,2,2,0,2,-5,6,1,0,2,2,0,-4,49,4,-9,5,-22,0,0,-1,-1,-1,1,4,-1
KR_6757583301,420,-4,-75,-54,-2,-4,4,0,-1,4,3,0,4,4,0,4,4,3,3,6,-1,11,-18,-3,-1,4,-1,0,-1,-1,-1,-1,-1,2,-1
KR_6728027347,440,0,-55,-20,-4,1,0,1,-3,4,1,1,0,1,4,0,4,-7,8,1,0,-3,6,4,-5,1,-2,0,-1,1,-1,-1,-1,6,-1
KR_6756630530,420,3,-7,32,-1,1,2,3,4,0,4,-5,10,5,-2,4,2,1,2,3,0,2,-12,3,-5,2,2,0,-1,1,1,-1,-1,4,-1
KR_6717107385,420,1,-27,21,4,1,0,1,4,0,4,0,5,5,-1,2,1,0,2,2,0,-1,-20,-4,0,4,2,0,0,1,1,1,1,4,-1
KR_6683330667,420,-2,-19,-10,-2,2,0,2,-1,3,2,-3,4,1,1,1,2,-1,4,3,1,2,-8,-3,-6,9,4,0,0,1,-1,0,1,2,-1
KR_6732322971,420,-2,-38,-10,-9,-6,6,0,-1,4,3,-2,2,0,1,2,3,-1,2,1,-2,-6,288,-1,-8,9,-1,0,-1,-1,-1,-1,-1,4,-1
KR_6706165551,420,-2,-50,-12,-11,-1,2,1,0,2,2,1,4,5,-11,13,2,0,1,1,0,-15,-3,-5,-3,8,-2,0,-1,-1,-1,-1,-1,3,-1
KR_6688186820,420,-2,22,-19,-7,1,2,3,-4,6,2,-5,5,0,1,2,3,0,0,0,-1,-14,-1,-1,-4,5,2,0,-2,1,-1,-1,-1,6,-1
KR_6733519964,420,-3,-45,-4,1,-2,2,0,0,1,1,6,1,7,-2,4,2,-1,1,0,0,8,-124,-1,-4,5,-1,0,0,-1,1,0,1,5,-1
KR_6724049771,420,-3,-66,1,-13,0,1,1,-3,6,3,-4,5,1,-6,7,1,0,0,0,0,-11,16,0,-6,6,-2,0,-1,-1,0,-1,-1,3,-1
KR_6297839623,420,2,-27,-22,2,1,0,1,4,3,7,-2,4,2,-1,4,3,0,0,0,-1,2,-11,-2,-5,7,1,0,-1,-1,-1,-1,-1,4,-1
KR_6672126455,420,0,-127,-16,3,1,1,2,2,3,5,-3,3,0,4,0,4,-1,1,0,0,9,16,4,-9,5,-4,0,1,1,1,1,-1,4,-1
KR_6762396558,420,2,53,4,1,2,1,3,-4,5,1,-1,1,0,1,1,2,3,0,3,0,2,5,-1,-6,7,3,0,1,-1,-1,1,-1,2,-1
KR_6756547552,420,2,11,9,1,3,1,4,1,2,3,0,4,4,-3,4,1,0,1,1,1,1,-7,1,-7,6,1,0,1,1,1,1,1,2,-1
KR_6753661485,420,1,-18,-4,1,1,1,2,3,0,3,-1,4,3,-2,4,2,0,0,0,0,4,-5,-4,-1,5,0,0,0,-1,0,0,1,2,-1
KR_6742274575,420,-3,-22,-34,-1,-5,7,2,4,1,5,-2,5,3,1,2,3,1,1,2,0,8,-3,-3,-2,5,1,0,-1,-1,0,-1,-1,2,-1
KR_6520063462,420,0,41,0,-3,-2,3,1,0,3,3,-2,3,1,3,2,5,-2,2,0,0,-2,8,4,-9,5,-1,0,-1,1,-1,-1,1,2,-1
KR_6722660408,440,-3,-43,0,-4,-2,2,0,-2,2,0,-2,2,0,3,2,5,-1,1,0,-1,-4,-8,-1,-4,5,-1,0,-1,-1,-1,-1,-1,6,-1
KR_6348998617,420,2,-2,20,5,2,0,2,5,0,5,3,2,5,-5,5,0,0,1,1,1,0,175,-4,-1,5,1,0,0,1,1,1,1,2,-1
KR_6741472440,420,1,-10,-17,2,-1,2,1,0,4,4,2,1,3,3,1,4,-2,2,0,0,8,-434,2,-7,5,0,0,0,-1,-1,0,1,2,-1
KR_6744811822,420,-3,-65,-4,-7,-3,5,2,-2,7,5,1,2,3,-3,5,2,0,1,1,0,-16,5,0,-5,5,1,0,-2,0,-1,-1,1,0,-1
KR_6693667585,440,-5,-37,-52,-20,-1,2,1,-11,16,5,-2,3,1,-1,4,3,-5,6,1,-2,-20,350,2,-3,1,3,0,-2,-1,-1,-1,-1,6,-1
KR_6728876173,420,-2,-11,-34,1,-2,6,4,2,1,3,2,2,4,-2,3,1,1,1,2,-1,8,28,-5,-1,6,-3,0,1,-1,-1,1,-1,5,-1
KR_6734031928,440,2,-59,25,-2,-2,5,3,0,4,4,3,2,5,-3,5,2,0,0,0,0,9,-17,1,-3,2,-2,0,0,-1,0,0,-1,5,-1
KR_6696455683,420,-7,-19,-12,-10,-2,2,0,-3,5,2,-5,5,0,-1,4,3,1,2,3,0,-10,4,2,-6,4,1,0,-1,-1,-1,-1,-1,3,-1
KR_6578434824,420,-2,-14,-1,-3,4,1,5,-3,5,2,-8,9,1,4,2,6,0,1,1,0,9,-29,-1,-5,6,3,0,1,1,1,1,-1,4,-1
KR_6704813008,440,1,59,26,-1,-2,2,0,6,3,9,-3,6,3,-2,6,4,0,1,1,-1,-6,1,4,-7,3,-5,0,1,-1,1,1,1,1,-1
KR_6710561049,440,1,68,8,3,6,2,8,-4,5,1,-1,1,0,4,2,6,-2,4,2,-1,-14,5,-1,-5,6,-8,0,2,-1,0,1,-1,6,-1
KR_6751222718,420,0,16,-40,2,1,0,1,1,3,4,-2,6,4,4,3,7,-2,3,1,2,5,-1,2,-3,1,0,0,0,0,-1,-1,1,0,-1
KR_6732743438,420,1,-50,32,4,4,2,6,3,0,3,1,2,3,-5,5,0,1,1,2,0,-3,68,6,-7,1,4,0,-1,-1,1,-1,-1,2,-1
KR_6648843626,420,2,-44,-12,1,-1,2,1,-5,8,3,9,0,9,-3,4,1,1,0,1,0,-2,-4,0,-4,4,2,0,1,1,1,1,-1,3,-1
KR_6749381380,420,-2,-107,-9,-6,2,0,2,2,1,3,-6,8,2,-2,4,2,-2,3,1,0,-9,-52,1,-6,5,20,0,-1,-1,-1,-1,-1,6,-1
KR_6685498151,420,0,-8,-8,0,1,0,1,4,1,5,5,0,5,-5,6,1,-5,6,1,1,1,143,1,-6,5,0,0,0,-1,1,-1,1,2,-1
KR_6574442014,420,-5,-59,-24,-7,-3,3,0,0,4,4,1,3,4,-5,7,2,0,0,0,0,-7,-6,1,-5,4,-4,0,0,-1,-1,0,1,2,-1
KR_6714738458,420,1,2,-20,2,3,0,3,-6,7,1,0,6,6,1,2,3,4,1,5,0,5,-10,-10,-2,12,0,0,1,1,-1,1,1,2,-1
KR_6653763183,420,-4,-71,-12,-10,-4,4,0,-2,3,1,-1,1,0,-4,4,0,1,1,2,0,-7,32,2,-5,3,-26,0,0,0,-1,0,-1,0,-1
KR_6731810419,420,-3,-26,7,-11,-3,3,0,-2,3,1,1,1,2,-5,5,0,-2,2,0,0,-13,13,-1,-4,5,-7,0,-3,-1,-1,-1,-1,1,-1
KR_6754798126,420,-5,-45,-29,-8,2,3,5,-2,3,1,-2,6,4,-7,7,0,1,0,1,0,-9,-1,2,-5,3,1,0,-2,-1,-1,-1,1,1,-1
KR_6718322886,420,1,36,-8,6,0,2,2,1,2,3,4,2,6,-1,5,4,2,0,2,3,11,24,7,-7,0,0,0,0,0,1,1,1,0,-1
KR_6723870946,420,1,40,4,-4,2,0,2,0,2,2,-1,2,1,-4,5,1,-1,1,0,1,-5,39,-4,-2,6,-22,0,2,-1,1,1,1,3,-1
KR_6669835988,420,6,19,-12,3,-1,2,1,3,1,4,-1,2,1,2,3,5,0,0,0,0,7,-157,-2,-7,9,3,0,0,-1,1,0,1,5,-1
KR_6761442910,420,-2,-24,-6,2,-1,2,1,-1,5,4,5,0,5,-2,6,4,1,0,1,0,0,-3,2,-6,4,1,0,0,1,-1,0,-1,2,-1
KR_6761390741,420,2,-5,20,6,3,0,3,-5,7,2,3,1,4,4,3,7,1,0,1,0,3,-9,3,-9,6,3,0,0,-1,1,0,1,5,-1
KR_6647379039,420,-4,-8,-4,-10,-2,3,1,3,1,4,-3,7,4,-5,6,1,-3,3,0,0,-18,-6,-6,-3,9,1,0,-1,-1,1,-1,-1,2,-1
KR_6743429091,420,-5,-8,-16,-8,-1,1,0,-4,4,0,3,0,3,-6,7,1,0,0,0,0,-5,-43,3,-7,4,0,0,0,-1,1,0,-1,4,-1
KR_6715425931,420,-4,-86,0,-10,-4,5,1,-1,4,3,-1,2,1,-3,5,2,-1,2,1,0,-9,-13,1,-8,7,6,0,-1,-1,-1,-1,-1,6,-1
KR_6508368833,420,2,-8,16,5,5,1,6,-1,6,5,5,0,5,-5,5,0,1,2,3,0,0,10,6,-8,2,-1,0,1,1,1,1,1,4,-1
KR_6737332988,420,2,49,-40,7,4,1,5,1,2,3,0,1,1,-1,3,2,3,0,3,0,0,-3,4,-5,1,-4,0,0,-1,-1,1,1,2,-1
KR_6670682360,440,-2,64,-16,-7,-1,1,0,-6,8,2,2,1,3,-2,2,0,0,0,0,0,-4,-258,2,-3,1,0,0,0,1,1,0,1,3,-1
KR_6760708532,420,-4,-113,-14,-5,3,0,3,-4,5,1,0,1,1,-2,5,3,-2,2,0,0,-5,-6,-3,-4,7,1,0,-1,-1,-1,-1,1,6,-1
KR_6725376440,420,-4,-41,-28,-15,-3,5,2,-5,7,2,-9,9,0,1,4,5,1,0,1,0,-6,122,-2,-2,4,3,0,-1,-1,-1,-1,1,1,-1
KR_6644516896,420,-2,-27,-5,-3,-3,3,0,-6,8,2,1,2,3,0,2,2,5,0,5,0,-1,7,3,-6,3,3,0,0,1,1,0,-1,2,-1
KR_6752276587,420,-2,-9,-34,2,-4,5,1,0,3,3,0,2,2,6,1,7,0,3,3,0,2,5,0,-3,3,-1,0,2,-1,1,1,1,2,-1
KR_6753008237,420,-6,-40,-66,-15,-4,4,0,0,2,2,-4,6,2,-4,5,1,-3,3,0,0,-7,-1,2,-5,3,-2,0,-1,-1,-1,-1,-1,1,-1
KR_6705893643,420,0,-52,8,-6,0,2,2,-4,8,4,2,5,7,-3,4,1,-1,1,0,0,-3,37,-2,-3,5,-3,0,-2,1,-1,-1,-1,4,-1
KR_6762253131,420,-7,-86,-8,-16,-4,4,0,-3,4,1,-3,3,0,-5,5,0,-1,2,1,0,-17,108,1,-5,4,-3,0,-2,-1,-1,-1,-1,5,-1
KR_6706407662,420,-1,56,16,-7,-1,3,2,-2,5,3,-1,1,0,-4,4,0,1,0,1,0,-9,-16,-3,-3,6,0,0,0,-1,1,1,-1,5,-1
KR_6737139899,420,-2,-79,1,-2,-5,7,2,4,1,5,0,3,3,-2,5,3,1,2,3,1,5,-10,-2,-4,6,0,0,-2,-1,1,-1,-1,4,-1
KR_5681902573,420,-8,-90,-49,-14,-3,3,0,-5,7,2,-2,3,1,-3,3,0,-1,2,1,0,-5,-18,-5,-1,6,-1,0,-4,-1,-1,-1,-1,4,-1
KR_6638348448,420,-3,-80,15,-9,-2,3,1,0,2,2,-3,4,1,-5,5,0,1,1,2,0,-13,7,-3,-2,5,-1,0,-2,-1,-1,-1,-1,3,-1
KR_6756832928,420,0,-8,24,-3,-3,3,0,-3,5,2,-5,7,2,8,0,8,0,2,2,0,-6,2,7,-9,2,1,0,0,1,1,0,1,5,-1
KR_6648915276,420,-1,-54,-7,-5,2,1,3,1,2,3,-3,4,1,-4,4,0,-1,1,0,0,-4,-108,-1,-1,2,-3,0,-1,0,1,-1,-1,0,-1
KR_6704033768,420,-2,-36,-16,0,2,2,4,0,3,3,1,3,4,0,2,2,-3,4,1,0,-2,-11,-4,-5,9,5,0,0,-1,0,0,-1,5,-1
KR_6667724386,420,-3,-105,-29,-8,2,0,2,-2,6,4,-3,3,0,-4,6,2,-1,2,1,0,-8,0,-5,-3,8,3,0,-2,-1,-1,-1,-1,4,-1
KR_6745362305,420,-3,-17,-28,-16,-5,5,0,-2,5,3,-3,5,2,-3,7,4,-3,5,2,-2,-19,2,-1,-5,6,-6,0,-1,-1,-1,-1,-1,5,-1
KR_6739678078,440,-3,-43,-15,-8,-4,6,2,1,5,6,0,4,4,-3,3,0,-2,2,0,0,-8,-115,5,-6,1,-2,0,0,-1,1,1,-1,2,-1
KR_6698410346,420,0,21,-19,3,1,1,2,2,3,5,4,0,4,-3,3,0,-1,2,1,0,3,-2,-3,-4,7,2,0,0,1,-1,0,-1,4,-1
KR_6761697545,420,-1,20,-15,-2,-6,8,2,0,1,1,1,2,3,4,0,4,-1,1,0,0,-5,-79,-2,-3,5,0,0,1,1,-1,1,-1,5,-1
KR_6680172610,420,-3,-62,12,-13,-3,4,1,-2,5,3,1,1,2,-8,8,0,-1,2,1,0,-11,17,0,-3,3,-4,0,-1,1,-1,-1,1,1,-1
KR_6748782451,420,1,-17,0,3,-4,4,0,2,0,2,0,4,4,3,2,5,2,0,2,0,1,0,-7,-3,10,6,0,0,1,1,0,1,3,-1
KR_6668955860,420,-1,4,-3,3,3,3,6,0,3,3,2,3,5,-4,5,1,2,1,3,0,-11,-5,-1,-5,6,7,0,2,0,1,1,1,0,-1
KR_6693132583,420,1,-8,4,3,0,3,3,3,4,7,-4,7,3,3,3,6,1,2,3,0,-3,-22,-3,-4,7,3,0,1,-1,1,1,1,5,-1
KR_6756603388,420,0,17,9,-6,-4,5,1,-3,4,1,-1,3,2,0,3,3,2,1,3,0,-6,3,2,-8,6,-4,0,0,-1,1,1,-1,3,-1
KR_6691744823,420,-3,1,-24,-4,5,0,5,-2,2,0,-2,3,1,-5,8,3,0,2,2,0,5,13,4,-7,3,-2,0,0,-1,0,0,-1,3,-1
KR_6708525338,420,1,-10,9,5,-3,3,0,4,0,4,-1,4,3,0,3,3,5,0,5,1,5,40,-4,-5,9,2,0,0,1,-1,0,1,4,-1
KR_6601435376,420,0,-18,-1,-2,-1,1,0,-3,7,4,2,1,3,-2,4,2,2,2,4,-1,-5,1,-5,-1,6,-5,0,-1,1,-1,-1,-1,2,-1
KR_6740441104,420,-3,33,-56,-3,1,0,1,-2,4,2,0,3,3,-2,3,1,0,0,0,0,-11,-4,-1,-5,6,-4,0,-1,1,-1,1,-1,5,-1
KR_6731358223,440,-1,-4,1,-5,-1,3,2,-1,4,3,0,1,1,-3,4,1,0,3,3,0,-7,-13,-1,-5,6,1,0,0,1,-1,0,-1,1,-1
KR_6672012560,420,-2,-85,4,-4,0,1,1,-2,3,1,-1,2,1,-1,6,5,0,0,0,0,1,2,-2,-6,8,-4,0,0,-1,-1,0,1,4,-1
KR_6751051213,440,-1,8,-13,2,1,1,2,3,1,4,-2,3,1,1,4,5,-1,1,0,0,7,-2,1,-4,3,-3,0,-1,1,-1,-1,1,5,-1
KR_6761621407,420,-4,-27,8,-8,0,2,2,-7,8,1,-4,5,1,1,1,2,2,0,2,0,-2,7,1,-3,2,-3,0,-1,0,0,-1,1,0,-1
KR_6657328016,420,-2,-17,20,-7,0,3,3,-2,3,1,0,0,0,-6,7,1,1,1,2,-1,-6,2,0,-7,7,0,0,1,0,1,1,-1,0,-1
KR_6714835077,420,-3,-121,-29,-11,-2,2,0,2,1,3,-3,5,2,-7,8,1,-1,2,1,0,-5,-3,0,-3,3,-6,0,-2,-1,-1,-1,-1,6,-1
KR_6709701439,420,-3,-13,-29,-2,5,1,6,-1,3,2,-3,5,2,-1,5,4,-2,3,1,-1,-8,-3,3,-7,4,2,0,1,-1,1,1,-1,2,-1
KR_6759693159,420,-2,38,-20,-1,-1,5,4,-2,5,3,0,1,1,2,3,5,0,2,2,1,3,-45,0,-6,6,4,0,-1,1,1,-1,1,3,-1
KR_6691723986,420,-3,-33,-32,-4,1,1,2,0,4,4,-4,4,0,0,4,4,-1,1,0,0,-3,-125,-2,-3,5,-2,0,0,-1,-1,-1,-1,2,-1
KR_6733469002,420,-1,-2,7,0,0,2,2,2,2,4,-3,3,0,0,2,2,1,0,1,0,-2,-4,-3,-2,5,5,0,-1,-1,-1,-1,1,6,-1
KR_6754246992,420,-2,-19,7,-4,-1,3,2,0,1,1,-6,6,0,3,0,3,0,2,2,0,-5,2,0,-6,6,2,0,0,1,1,0,1,6,-1
KR_6761452762,420,-3,-38,-16,-4,1,3,4,0,2,2,0,0,0,-1,1,0,-4,4,0,0,-6,-44,-2,-1,3,6,0,-2,-1,-1,-1,1,6,-1
KR_6723930291,420,2,-13,8,5,-1,3,2,3,1,4,3,1,4,0,2,2,0,1,1,0,5,-20,-2,-5,7,-2,0,0,-1,0,-1,-1,6,-1
KR_6678656557,420,-2,-62,-30,-1,3,2,5,0,1,1,-4,5,1,0,1,1,0,0,0,0,5,-28,-1,-3,4,-3,0,-2,-1,-1,-1,-1,4,-1
KR_6764518581,420,-5,-43,-27,-18,2,0,2,-5,6,1,-12,12,0,-3,3,0,0,1,1,-1,-7,12,-5,-4,9,-4,0,-1,-1,0,-1,-1,4,-1
KR_6303839785,420,-5,-89,-15,-15,-4,5,1,-6,9,3,-2,5,3,-3,5,2,0,2,2,0,-13,30,-6,-4,10,-18,0,-2,1,1,-1,-1,5,-1
KR_6761849344,420,-3,-19,-38,-12,0,1,1,-1,2,1,-5,8,3,-6,7,1,0,1,1,0,-11,-10,0,-1,1,0,0,-1,1,0,-1,-1,1,-1
KR_6631801623,420,4,23,22,7,0,2,2,3,1,4,0,1,1,3,3,6,1,0,1,1,5,1,2,-6,4,0,0,0,1,-1,1,1,2,-1
KR_6742191632,440,-4,-12,-8,-12,-2,4,2,0,1,1,2,2,4,-12,13,1,0,0,0,0,-16,-7,-1,-6,7,-4,0,0,-1,-1,-1,-1,6,-1
KR_6626338398,420,1,21,4,4,0,2,2,2,2,4,3,2,5,0,8,8,-1,1,0,0,5,-2,1,-4,3,-3,0,0,-1,1,-1,1,5,-1
KR_6732779809,420,-5,-102,-19,-3,-2,4,2,6,3,9,-1,3,2,-5,8,3,-1,4,3,-1,-6,25,1,-5,4,-1,0,0,-1,0,0,-1,6,-1
KR_6762900075,440,-1,-31,-8,-4,-5,5,0,0,3,3,3,0,3,-1,2,1,-1,3,2,0,-8,-4,-3,-3,6,2,0,-1,-1,-1,-1,-1,3,-1
KR_6758499967,420,-1,33,-18,-3,1,1,2,0,2,2,-2,4,2,-2,4,2,0,0,0,0,4,10,3,-8,5,0,0,1,-1,-1,-1,-1,3,-1
KR_6674364176,420,-9,-51,-39,-28,-2,4,2,-2,2,0,-6,6,0,-13,13,0,-5,5,0,-4,-34,1,-1,-4,5,-1,0,-2,-1,-1,-1,-1,4,-1
KR_6680457780,420,-2,-63,-30,-4,-6,7,1,-1,2,1,1,2,3,2,0,2,0,1,1,0,2,-1,-2,-3,5,-4,0,-1,-1,-1,-1,-1,2,-1
KR_6756880877,420,-4,-132,-52,-6,-6,6,0,-2,2,0,4,3,7,1,2,3,-3,4,1,0,-1,-2,2,-3,1,-1,0,-2,-1,1,-1,-1,5,-1
KR_6294287873,440,-4,-59,-40,-5,-1,1,0,1,1,2,-2,7,5,-2,3,1,-1,2,1,-1,-9,1,4,-5,1,-1,0,0,-1,-1,-1,-1,4,-1
KR_6712303487,420,-3,-27,-28,-9,-4,6,2,-5,8,3,-3,7,4,2,3,5,1,0,1,-1,5,5,-4,-2,6,-3,0,-2,-1,-1,-1,1,2,-1
KR_6689954894,420,-2,-39,-38,1,0,1,1,-5,6,1,3,3,6,4,1,5,-1,3,2,0,3,-13,-1,-6,7,2,0,-1,-1,-1,-1,-1,4,-1
KR_6751660681,420,-3,30,-8,2,2,0,2,-5,6,1,1,3,4,3,1,4,1,0,1,0,-6,39,0,-5,5,3,0,0,1,-1,0,-1,5,-1
KR_6666076298,420,-3,23,24,-2,-1,2,1,-4,5,1,3,1,4,2,1,3,-2,2,0,1,-4,1,0,-6,6,-6,0,-1,-1,1,-1,1,5,-1
KR_6698157188,420,-1,-38,-8,-4,-4,5,1,1,2,3,-3,6,3,1,6,7,1,2,3,1,-4,-120,-8,-4,12,2,0,-1,-1,-1,-1,1,5,-1
KR_6730906559,420,-3,-3,0,2,2,0,2,2,0,2,-1,1,0,-1,2,1,0,0,0,0,1,-7,-3,-3,6,0,0,0,-1,1,-1,-1,5,-1
KR_6628625241,420,2,32,26,2,-3,3,0,1,1,2,1,2,3,3,1,4,0,0,0,0,3,30,3,-5,2,-2,0,1,1,-1,1,-1,1,-1
KR_6715987537,420,-1,37,26,-6,2,2,4,-5,7,2,-4,6,2,0,2,2,1,0,1,0,-11,-5,-3,-4,7,-1,0,-1,1,-1,-1,-1,5,-1
KR_6761610445,420,-2,-118,-25,-4,1,3,4,0,1,1,-2,3,1,-2,2,0,-1,1,0,0,-1,-59,-2,-1,3,18,0,-2,-1,1,-1,-1,3,-1
KR_6741255095,420,-3,-43,4,-8,-2,2,0,-2,3,1,0,2,2,-5,8,3,1,2,3,0,-9,-8,-3,-7,10,-5,0,-2,1,1,-1,-1,3,-1
KR_6731391814,420,-5,-52,-38,-6,-3,5,2,-6,7,1,-3,3,0,4,2,6,2,2,4,2,-1,5,-3,-4,7,-6,0,1,-1,-1,-1,1,2,-1
KR_6761009168,440,-3,-36,-10,-12,0,3,3,-4,4,0,0,1,1,-3,4,1,-5,6,1,0,-9,-5,1,-3,2,2,0,-2,1,-1,-1,-1,4,-1
KR_6737839382,440,-5,-48,-17,-7,-1,2,1,0,2,2,-7,9,2,1,1,2,0,1,1,1,-10,-15,1,-5,4,-5,0,-1,-1,1,-1,1,6,-1
KR_6733819856,420,0,-32,8,3,-1,2,1,5,0,5,-3,6,3,1,1,2,1,0,1,1,10,2,-1,-4,5,-2,0,0,-1,1,0,1,4,-1
KR_6648280767,420,6,80,32,6,8,2,10,1,3,4,0,4,4,1,3,4,-4,6,2,1,0,-8,3,-6,3,4,0,2,-1,1,1,1,4,-1
KR_6732867133,420,-1,-10,26,-11,1,1,2,-4,4,0,-2,3,1,-7,9,2,1,2,3,0,-16,-132,-3,-2,5,-3,0,-1,0,-1,-1,-1,0,-1
KR_6739617165,440,2,20,-25,1,-1,1,0,1,3,4,-1,2,1,4,4,8,-2,4,2,-2,-2,-88,1,-5,4,1,0,0,-1,0,0,-1,5,-1
KR_6669956072,420,0,-24,52,4,-1,2,1,4,2,6,1,3,4,2,0,2,-2,3,1,0,3,3,1,-5,4,-2,0,0,-1,1,-1,-1,5,-1
KR_6760714594,420,-2,-26,-16,0,-1,2,1,-1,3,2,0,4,4,1,2,3,1,2,3,0,-1,7,4,-6,2,0,0,-1,-1,1,-1,-1,1,-1
KR_6724291384,420,-3,6,-31,-6,1,0,1,1,1,2,-7,7,0,-1,3,2,0,2,2,0,-1,27,-2,-4,6,-11,0,-1,1,-1,-1,1,1,-1
KR_6744129324,420,-3,-65,-32,-12,0,1,1,-3,5,2,-2,4,2,1,1,2,-8,8,0,0,-13,68,-6,-2,8,2,0,-2,-1,-1,-1,-1,5,-1
KR_6757003797,440,-1,-34,1,1,-3,7,4,1,0,1,-1,4,3,4,1,5,0,2,2,0,-2,-6,-2,-6,8,-1,0,-1,1,-1,-1,1,4,-1
KR_6764507638,420,0,-43,7,-3,-1,3,2,-2,2,0,-3,5,2,3,0,3,0,1,1,0,2,6,-3,-4,7,-1,0,-2,1,-1,-1,-1,6,-1
KR_6155373633,420,-5,-50,33,-11,1,3,4,-3,5,2,-4,5,1,-3,4,1,-2,4,2,0,-12,13,-3,-3,6,-2,0,0,0,-1,0,1,0,-1
KR_6719533648,420,-2,-54,-13,-4,-1,3,2,1,2,3,-1,2,1,-3,4,1,0,0,0,0,-3,8,2,-9,7,-6,0,-1,-1,-1,-1,-1,2,-1
KR_6751798221,420,-1,34,-7,0,1,0,1,5,1,6,2,1,3,-5,6,1,-3,3,0,0,-1,-2,-1,-5,6,1,0,0,-1,-1,0,-1,5,-1
KR_6507504015,420,1,-16,-16,-4,-1,1,0,-1,4,3,1,4,5,-5,5,0,2,1,3,0,-5,0,-5,-3,8,-1,0,0,-1,-1,1,1,5,-1
KR_6757169293,420,-1,27,-60,-3,-1,2,1,-5,7,2,5,1,6,-2,4,2,0,2,2,0,-4,-1,-3,-5,8,1,0,0,-1,-1,0,1,2,-1
KR_6571026583,420,-2,-44,-12,1,-2,3,1,-2,4,2,1,3,4,4,3,7,0,2,2,1,4,23,4,-8,4,-2,0,-2,1,1,-1,-1,5,-1
KR_6736060606,420,-1,29,-35,-2,-1,2,1,1,3,4,1,1,2,-2,3,1,-1,2,1,0,0,-179,-3,-3,6,-1,0,0,-1,1,-1,-1,3,-1
KR_6748393037,420,-2,-11,1,-7,1,2,3,-6,7,1,-5,5,0,0,1,1,3,1,4,0,-8,1,0,-4,4,-4,0,-1,-1,0,-1,-1,2,-1
KR_6751269131,420,1,41,21,-1,1,1,2,4,0,4,1,3,4,-4,7,3,-3,3,0,1,-11,-81,1,-3,2,34,0,1,1,1,1,1,6,-1
KR_6744953651,420,-6,-26,-36,-9,0,2,2,-6,7,1,1,1,2,-2,2,0,-2,2,0,0,-10,-26,-1,-4,5,0,0,0,1,-1,0,-1,1,-1
KR_6754458586,440,-3,-18,-8,-10,2,2,4,-3,6,3,1,2,3,-7,9,2,-3,4,1,0,-16,0,-4,-1,5,5,0,0,1,-1,-1,1,2,-1
KR_6614447863,420,-1,-18,12,-10,-1,2,1,-1,2,1,-2,4,2,-4,6,2,-2,2,0,-1,-11,3,1,-3,2,-1,0,0,1,-1,0,-1,4,-1
KR_6748839648,440,-3,-63,-3,-6,4,1,5,-5,7,2,-3,5,2,3,0,3,-5,5,0,0,2,-301,-4,-3,7,3,0,-1,-1,1,-1,-1,4,-1
KR_6709727989,420,-2,-128,0,-7,-5,6,1,2,4,6,0,2,2,-2,3,1,-2,2,0,-1,-6,2,-2,-5,7,-6,0,-1,-1,-1,-1,-1,4,-1
KR_6512585607,420,-2,-69,8,-7,1,1,2,-7,7,0,-4,5,1,0,3,3,3,0,3,0,-6,-8,-2,-2,4,3,0,0,1,-1,0,-1,2,-1
KR_6752621045,420,-1,-35,12,-6,-5,5,0,-2,2,0,-2,2,0,-2,8,6,5,0,5,-1,-10,-2,-3,-6,9,-2,0,-1,-1,1,1,-1,2,-1
KR_6635508761,420,-2,-30,2,-8,-2,3,1,-4,7,3,-1,3,2,-3,7,4,2,0,2,0,-13,-10,-9,-2,11,3,0,0,-1,-1,-1,1,4,-1
KR_6723579397,420,-4,65,-36,-3,1,2,3,-8,10,2,2,1,3,2,1,3,0,2,2,1,3,2,4,-6,2,2,0,1,-1,-1,1,1,2,-1
KR_6728186152,440,1,-25,-8,6,1,2,3,-2,4,2,3,3,6,5,1,6,-1,1,0,1,6,12,2,-8,6,-2,0,1,-1,1,1,1,1,-1
KR_6758700394,420,-7,-136,-7,-14,1,1,2,-3,6,3,0,1,1,-10,10,0,-2,2,0,0,-16,-110,0,-4,4,-4,0,-3,-1,1,-1,-1,5,-1
KR_6474526741,440,-7,-25,-34,-7,0,2,2,-3,6,3,-2,3,1,1,2,3,-3,3,0,0,-5,-97,4,-8,4,-4,0,0,-1,1,-1,1,3,-1
KR_6411052444,420,4,34,28,2,0,0,0,7,1,8,-4,4,0,0,3,3,-1,1,0,0,3,-1,-1,-5,6,4,0,0,-1,1,-1,-1,4,-1
KR_6741756511,420,-4,-21,-24,-2,6,0,6,-4,5,1,2,0,2,-5,7,2,-1,2,1,-1,-6,-1,3,-3,0,-2,0,1,-1,1,-1,-1,5,-1
KR_6714484096,420,-2,-39,-5,-6,-4,4,0,-1,2,1,-1,3,2,1,1,2,-1,1,0,0,-1,20,-2,-3,5,7,0,0,-1,1,1,-1,2,-1
KR_6756226915,440,2,116,4,2,1,1,2,3,1,4,0,1,1,1,4,5,-3,3,0,0,4,8,5,-9,4,-1,0,0,-1,0,0,-1,1,-1
KR_6705539822,440,-5,-78,-36,-8,1,2,3,-3,4,1,-6,8,2,-1,3,2,1,0,1,0,2,1,-1,-1,2,-1,0,0,-1,1,-1,-1,5,-1
KR_6740448146,440,0,-87,-5,-8,-5,6,1,-3,9,6,-1,1,0,-1,4,3,2,1,3,0,0,-9,-5,0,5,3,0,0,1,1,0,-1,2,-1
KR_6514700278,420,-2,-56,28,-3,-2,3,1,-5,7,2,3,1,4,1,1,2,0,2,2,0,-9,-10,1,-7,6,0,0,0,-1,1,0,-1,5,-1
KR_6749278352,440,-3,13,-5,-10,0,6,6,-4,10,6,-6,7,1,0,2,2,0,3,3,-1,-2,1,2,-3,1,-3,0,0,1,0,0,1,2,-1
KR_6741414161,420,-2,-87,12,-7,1,2,3,-5,6,1,-3,6,3,-1,1,0,1,0,1,-1,-7,6,0,-2,2,0,0,-1,-1,1,-1,-1,5,-1
KR_6763288386,420,-1,-6,27,-8,2,1,3,-10,10,0,-3,3,0,0,0,0,3,0,3,0,-9,0,0,-2,2,-2,0,0,-1,-1,0,-1,3,-1
KR_6669151824,420,-2,-26,12,-9,-7,7,0,4,0,4,-1,8,7,-4,7,3,-1,1,0,0,-13,-24,-3,-4,7,-1,0,0,-1,1,1,-1,4,-1
KR_6731971312,420,-2,-3,-20,-9,-3,3,0,1,4,5,-3,7,4,-4,7,3,0,0,0,-1,-12,-5,1,-5,4,0,0,0,1,-1,-1,-1,3,-1
KR_6764118637,420,-4,-96,-29,-10,6,0,6,-7,8,1,-1,1,0,-9,9,0,1,0,1,0,-9,14,-1,-3,4,0,0,-1,-1,-1,-1,1,6,-1
KR_6723863014,420,1,62,0,0,2,1,3,0,2,2,1,0,1,-3,3,0,0,0,0,0,0,-38,1,-4,3,25,0,-1,-1,-1,-1,-1,4,-1
KR_6739081815,420,-1,-130,-8,-3,-2,3,1,1,1,2,-4,9,5,3,3,6,-1,1,0,0,6,5,-5,-1,6,3,0,-2,0,-1,-1,-1,0,-1
KR_6403817883,420,-1,-41,-5,-4,0,1,1,1,1,2,-5,7,2,0,2,2,0,0,0,-1,0,108,-1,-4,5,0,0,0,1,-1,-1,-1,5,-1
KR_6742752788,420,-5,-92,19,-11,-7,7,0,-2,3,1,-1,1,0,-1,3,2,0,1,1,0,-6,109,0,-8,8,3,0,-2,-1,-1,-1,-1,3,-1
KR_6757080657,420,1,-6,-8,4,0,0,0,2,3,5,0,4,4,1,1,2,1,1,2,0,5,-39,3,-8,5,31,0,0,0,1,0,1,0,-1
KR_6753645812,420,-4,-42,20,-9,-2,2,0,-1,4,3,1,0,1,-7,9,2,0,1,1,0,-10,2,-3,-1,4,-1,0,-1,1,0,-1,-1,3,-1
KR_6411888058,420,-2,-37,-21,0,2,0,2,2,2,4,-4,8,4,2,2,4,-2,2,0,0,9,-1,-2,-4,6,1,0,-1,-1,-1,-1,-1,4,-1
KR_6743885892,420,0,46,-4,-6,-3,3,0,-4,5,1,-2,3,1,3,0,3,0,0,0,0,-4,-6,0,-5,5,1,0,0,-1,0,0,-1,5,-1
KR_6522640001,420,0,-86,16,1,-1,1,0,1,1,2,4,1,5,-3,4,1,0,1,1,0,2,-6,-1,-5,6,2,0,0,-1,1,-1,-1,6,-1
KR_6612894658,440,-3,-50,0,2,-5,5,0,1,3,4,1,4,5,5,0,5,0,0,0,2,19,-1,2,-6,4,-2,0,0,-1,0,-1,1,1,-1
KR_6711712017,420,0,-94,1,4,1,1,2,0,3,3,3,0,3,-1,1,0,1,0,1,0,-1,7,0,-4,4,-5,0,0,-1,1,0,-1,1,-1
KR_6748826633,420,-2,-70,-3,-6,-3,3,0,-2,2,0,4,0,4,-6,9,3,1,0,1,0,-4,-2,-1,-3,4,-4,0,-1,-1,1,-1,-1,5,-1
KR_6675130868,420,-4,-18,-8,-4,-4,5,1,-6,7,1,2,1,3,2,3,5,2,0,2,2,-2,4,2,-7,5,-3,0,0,0,-1,-1,1,0,-1
KR_6434087740,420,-2,-60,0,-5,0,0,0,-5,5,0,2,2,4,-2,3,1,0,0,0,0,-6,12,-2,-3,5,2,0,-1,1,-1,-1,-1,3,-1
KR_6633094955,420,-3,-31,-4,-8,-4,4,0,-2,3,1,1,2,3,-2,3,1,-1,1,0,0,-11,1,1,-5,4,-5,0,-1,-1,1,-1,-1,1,-1
KR_6749614986,420,-3,-68,-11,-15,-5,6,1,1,2,3,-6,7,1,-6,6,0,1,2,3,0,-15,-1,-2,-6,8,-2,0,-2,-1,-1,-1,-1,5,-1
KR_6703511109,420,-2,-104,4,-5,-2,2,0,1,2,3,-1,4,3,-3,6,3,0,1,1,1,0,-39,2,-4,2,18,0,0,-1,-1,-1,1,1,-1
KR_6723962534,420,-2,57,6,-2,-1,4,3,-2,3,1,-1,1,0,0,1,1,2,0,2,0,-4,68,2,-3,1,1,0,-1,1,-1,-1,1,6,-1
KR_6695300202,420,-4,-99,27,-10,-2,2,0,0,1,1,-4,5,1,-4,6,2,0,1,1,0,-9,-16,2,-5,3,-3,0,0,-1,-1,-1,-1,3,-1
KR_6753888073,420,0,-1,3,2,3,0,3,0,4,4,4,3,7,-5,8,3,0,0,0,1,9,-2,3,-7,4,-4,0,-1,-1,0,-1,-1,6,-1
KR_6737300786,420,-1,-92,-16,-7,-4,4,0,2,0,2,-8,9,1,-2,4,2,5,1,6,0,-6,-3,-1,-4,5,-5,0,-2,-1,-1,-1,-1,4,-1
KR_6724384501,420,-1,-61,-28,3,2,0,2,2,0,2,-2,4,2,-2,2,0,3,0,3,0,2,-122,-3,-2,5,2,0,-1,-1,-1,-1,1,6,-1
KR_6728917137,420,-3,-43,-32,-12,-3,5,2,-1,3,2,-5,7,2,-2,3,1,-1,2,1,-2,-4,1,2,-6,4,-1,0,0,1,-1,0,-1,2,-1
KR_6762805740,420,1,-12,5,4,5,0,5,0,3,3,-1,2,1,0,2,2,0,1,1,0,1,1,0,-5,5,0,0,1,1,-1,1,1,4,-1
KR_6751402535,420,-2,0,5,-2,-1,1,0,2,1,3,1,3,4,-3,3,0,-1,1,0,0,-6,-4,-2,-1,3,-1,0,0,-1,1,0,-1,4,-1
KR_6736444453,420,3,20,-4,9,7,0,7,-2,3,1,-2,5,3,2,2,4,4,0,4,0,7,-1,1,-5,4,-2,0,1,1,-1,-1,1,4,-1
KR_6674287108,420,-2,-7,-4,-10,-4,4,0,0,4,4,-1,3,2,-4,5,1,-1,1,0,-1,-13,-10,-6,0,6,0,0,1,1,1,1,-1,6,-1
KR_6758307950,420,-3,13,-10,-3,-3,3,0,-2,2,0,3,0,3,0,3,3,-1,3,2,0,-6,-38,-2,-3,5,6,0,0,1,-1,0,-1,3,-1
KR_6756498028,420,-2,5,0,-3,-3,4,1,1,3,4,-2,2,0,2,0,2,-1,1,0,-1,1,-19,1,-3,2,2,0,-2,0,-1,-1,-1,0,-1
KR_6760055149,420,-1,-6,-27,-4,2,1,3,-4,4,0,1,1,2,-1,2,1,-2,3,1,0,-10,2,1,-10,9,-3,0,-2,-1,-1,-1,-1,3,-1
KR_6738630304,420,2,23,38,-5,1,1,2,-1,4,3,3,0,3,-4,6,2,-4,5,1,-2,-19,-17,-1,-5,6,3,0,-1,-1,-1,-1,-1,5,-1
KR_6690743630,420,-1,-62,-28,-3,1,2,3,-1,1,0,1,1,2,-3,3,0,-1,1,0,0,-4,-2,-1,-2,3,1,0,0,-1,1,-1,1,6,-1
KR_6464832381,420,0,-12,-29,-5,4,0,4,-3,4,1,-3,3,0,-2,4,2,-1,1,0,-1,-8,-14,2,-6,4,-5,0,-1,-1,1,-1,-1,1,-1
KR_6727973780,420,1,27,-47,10,2,1,3,5,2,7,2,1,3,0,0,0,1,1,2,0,17,-1,1,-3,2,3,0,-1,-1,-1,-1,1,2,-1
KR_6751891085,420,-3,-50,-19,-6,-6,7,1,1,0,1,-4,6,2,2,3,5,1,0,1,0,-7,-265,-2,-1,3,-4,0,-1,-1,-1,-1,1,4,-1
KR_6730232716,420,-4,48,-9,-20,0,0,0,-1,3,2,-12,12,0,-7,8,1,0,0,0,0,-19,21,-10,0,10,-17,0,0,-1,-1,1,-1,3,-1
KR_6712942729,420,-1,-88,24,-1,1,2,3,4,2,6,0,2,2,-2,5,3,-4,6,2,0,-3,-27,3,-5,2,20,0,-2,0,-1,-1,-1,0,-1
KR_6747610056,420,-1,-4,4,-2,-6,7,1,1,0,1,3,1,4,2,0,2,-2,2,0,0,-2,15,-2,-2,4,-2,0,0,-1,-1,-1,1,4,-1
KR_6705139319,420,-2,-59,-12,-3,-5,5,0,3,0,3,-3,6,3,3,1,4,-1,1,0,0,8,-10,-3,0,3,-2,0,-1,-1,-1,-1,1,6,-1
KR_6749339548,420,0,-17,8,-2,0,1,1,-1,2,1,0,3,3,-1,3,2,0,0,0,0,1,-2,1,-3,2,6,0,-1,-1,-1,-1,-1,2,-1
KR_6746205280,420,0,10,20,-5,-4,4,0,-3,4,1,4,1,5,-2,4,2,0,2,2,0,-6,-21,-3,-7,10,-6,0,-2,1,-1,-1,-1,3,-1
KR_6647044954,420,-1,-1,-27,-2,-5,7,2,0,1,1,2,1,3,2,3,5,-1,1,0,1,5,19,0,-4,4,-2,0,0,1,-1,-1,1,2,-1
KR_6746689895,420,-2,40,0,0,0,1,1,-3,6,3,2,2,4,0,3,3,1,0,1,-1,0,13,-1,-4,5,1,0,-1,-1,-1,-1,-1,3,-1
KR_6641020361,420,1,-20,-27,-1,1,2,3,-2,4,2,-3,4,1,2,1,3,1,0,1,0,5,4,-1,-1,2,-4,0,-1,-1,1,-1,-1,3,-1
KR_6762738668,420,2,0,-20,12,3,0,3,1,2,3,2,1,3,6,1,7,0,0,0,0,10,7,1,-7,6,2,0,0,1,-1,1,1,6,-1
KR_6731206977,420,1,42,6,3,3,1,4,-3,4,1,3,1,4,1,3,4,-1,3,2,0,0,13,7,-10,3,-4,0,1,1,1,1,1,1,-1
KR_6761253217,420,-2,12,16,-6,-1,4,3,1,1,2,1,1,2,-6,7,1,-1,1,0,0,-4,-5,-2,-4,6,5,0,0,1,1,0,-1,6,-1
KR_6739998354,420,-3,-77,8,-7,-1,4,3,1,2,3,-2,3,1,-5,6,1,0,0,0,1,-6,-1,1,-5,4,-3,0,-2,0,0,-1,1,0,-1
KR_6752801610,420,-4,-19,-7,-15,-4,4,0,-5,6,1,-3,3,0,-3,4,1,0,2,2,0,-11,-12,0,-7,7,-4,0,0,-1,-1,-1,-1,1,-1
KR_6761554510,420,-3,-79,-10,-3,-1,1,0,-2,2,0,-3,4,1,0,3,3,3,1,4,0,-3,-219,2,-5,3,0,0,-3,-1,-1,-1,-1,1,-1
KR_6755324131,420,-2,-26,-15,-3,0,3,3,-2,5,3,-3,5,2,3,0,3,-1,2,1,0,-6,47,-5,-2,7,-16,0,-1,1,-1,-1,-1,6,-1
KR_6709940465,420,-2,-93,-15,-3,0,2,2,2,4,6,1,3,4,-4,7,3,-2,2,0,0,-8,-2,-3,-4,7,-6,0,0,1,1,-1,1,6,-1
KR_6742661106,420,0,-31,3,-1,2,1,3,-1,3,2,0,0,0,-1,1,0,-1,1,0,0,-1,-28,4,-7,3,-1,0,-1,-1,1,-1,1,1,-1
KR_6621139443,420,-2,27,-9,-9,-2,2,0,0,2,2,-3,4,1,1,3,4,-5,5,0,0,-9,-30,1,-3,2,3,0,0,1,-1,0,1,4,-1
KR_6288334394,420,-3,-87,38,-8,-3,4,1,2,1,3,-3,4,1,-5,5,0,1,0,1,0,-4,-3,-4,-3,7,6,0,0,-1,1,-1,-1,4,-1
KR_6758911517,420,-3,-33,5,0,-3,6,3,5,2,7,3,1,4,-3,3,0,-2,3,1,0,6,7,6,-8,2,-4,0,0,-1,1,-1,1,6,-1
KR_6488583274,440,-2,-27,-24,0,1,1,2,4,4,8,0,3,3,-3,4,1,-2,4,2,0,1,-225,4,-5,1,4,0,0,-1,0,0,-1,4,-1
KR_6750523596,420,-4,-91,10,-12,-4,6,2,-4,5,1,0,6,6,-4,4,0,0,0,0,0,-15,-19,-2,-5,7,1,0,-2,1,-1,-1,-1,4,-1
KR_6735633780,420,0,-52,40,1,0,0,0,-3,4,1,3,0,3,-3,3,0,4,1,5,0,0,-1,3,-7,4,-2,0,0,-1,1,0,1,6,-1
KR_6703787079,420,-5,-41,-54,-3,-5,7,2,3,3,6,1,1,2,-1,2,1,-1,1,0,-1,0,5,0,-5,5,-2,0,-2,1,-1,-1,-1,2,-1
KR_6761923090,420,-1,21,28,-8,-1,4,3,-5,5,0,-2,4,2,-2,2,0,2,0,2,0,-5,2,2,-5,3,-1,0,-1,1,0,-1,-1,4,-1
KR_6751768423,420,-3,-61,-10,-10,-8,9,1,3,3,6,-1,1,0,0,4,4,-4,4,0,-1,-7,-17,-1,-4,5,-1,0,-1,-1,-1,-1,-1,5,-1
KR_6761968752,420,-3,-24,-12,-7,1,1,2,0,0,0,-4,6,2,-3,3,0,-1,1,0,0,-8,2,-4,-2,6,-2,0,-1,-1,-1,-1,-1,4,-1
KR_6694004512,420,2,66,12,-3,2,4,6,0,1,1,6,0,6,-6,7,1,-5,5,0,0,-16,-4,-1,-3,4,5,0,1,-1,1,1,1,6,-1
KR_6740366197,420,0,43,0,1,-2,2,0,2,2,4,4,1,5,-1,4,3,-2,3,1,1,3,-111,1,-4,3,-2,0,0,1,1,1,1,4,-1
KR_6633177694,420,-3,-30,9,-6,-1,2,1,-2,2,0,0,2,2,-1,3,2,-2,4,2,-1,-12,45,-1,-3,4,-26,0,-2,-1,-1,-1,-1,4,-1
KR_6643550632,420,-4,2,-14,-7,-3,4,1,5,1,6,-5,8,3,-2,4,2,-2,3,1,1,3,-5,-5,-4,9,0,0,-2,1,-1,-1,1,1,-1
KR_6719888880,420,-5,-39,-12,-3,0,2,2,0,3,3,-5,5,0,1,2,3,1,0,1,0,-2,-39,-3,-4,7,11,0,1,-1,-1,-1,1,3,-1
KR_6761615286,420,-6,-118,-4,-12,-4,5,1,0,2,2,-5,6,1,-3,5,2,0,1,1,0,-6,-50,0,-5,5,15,0,-2,-1,-1,-1,-1,5,-1
KR_6601122655,420,-2,-62,-7,-8,1,2,3,-1,3,2,-3,4,1,-3,5,2,-2,2,0,0,3,-3,-2,-4,6,6,0,-2,-1,-1,-1,-1,6,-1
KR_6744498935,420,-1,6,21,-8,-1,4,3,-2,3,1,-1,4,3,-4,4,0,0,0,0,0,-9,-4,-4,-1,5,-3,0,-1,1,-1,-1,1,3,-1
KR_6681137409,420,-6,-51,11,-10,-7,7,0,6,1,7,0,4,4,-4,7,3,-5,5,0,0,-7,22,-3,-2,5,4,0,-2,-1,1,-1,-1,1,-1
KR_6757694789,420,-2,-18,-13,0,-1,3,2,0,4,4,1,5,6,2,1,3,-2,2,0,0,1,52,3,-7,4,-28,0,0,1,0,0,1,3,-1
KR_6715039038,420,0,-20,24,0,-3,4,1,5,1,6,-3,4,1,1,1,2,0,2,2,0,7,2,4,-5,1,-1,0,0,-1,1,0,1,4,-1
KR_6591521400,420,-1,-77,0,-3,0,1,1,-2,3,1,-3,4,1,0,2,2,2,4,6,0,-2,1,-4,-2,6,-3,0,-1,-1,1,-1,-1,4,-1
KR_6754618923,420,-3,-14,-44,-16,-2,2,0,-10,12,2,-2,3,1,-1,3,2,-1,2,1,0,-20,-141,6,-9,3,3,0,-1,0,-1,-1,-1,0,-1
KR_6745501475,420,-2,-15,-18,-3,-1,6,5,-2,5,3,-2,3,1,2,2,4,0,2,2,-1,1,3,-2,-6,8,-5,0,0,-1,1,0,-1,6,-1
KR_6745293593,420,-3,-61,0,-7,-3,3,0,-2,5,3,-2,5,3,-2,4,2,2,1,3,0,-13,3,2,-6,4,-3,0,-2,-1,1,-1,-1,2,-1
KR_6752315372,420,-3,0,16,-9,-1,2,1,0,2,2,-5,7,2,0,1,1,-3,4,1,1,-14,-3,-5,-3,8,-1,0,0,1,1,0,1,3,-1
KR_6667010631,420,-1,-41,-3,-6,-2,3,1,-5,7,2,0,5,5,1,1,2,0,1,1,-1,-6,-45,-3,-4,7,26,0,-1,-1,-1,-1,-1,1,-1
KR_6755079909,440,-3,-5,14,-4,2,0,2,-2,5,3,-4,4,0,1,8,9,-1,3,2,0,3,10,5,-8,3,-1,0,1,1,-1,1,-1,1,-1
KR_6756990395,420,0,28,-4,3,4,0,4,2,0,2,0,4,4,-4,4,0,1,1,2,0,-1,-1,1,-4,3,2,0,0,1,1,0,1,3,-1
KR_6751215218,420,0,-45,32,-1,0,1,1,-1,5,4,2,3,5,0,1,1,-2,2,0,0,-3,-7,1,-4,3,1,0,-1,-1,-1,-1,-1,3,-1
KR_6667545716,420,-5,-3,-16,-11,-5,7,2,-2,2,0,0,4,4,-2,5,3,-2,2,0,-1,-15,0,-3,0,3,1,0,-3,0,0,-1,-1,0,-1
KR_6725711827,420,-5,-45,-2,-12,-1,3,2,-2,2,0,-5,6,1,-3,6,3,-1,1,0,0,-15,104,1,-5,4,-2,0,-1,-1,-1,-1,-1,5,-1
KR_6741571078,420,3,41,-16,-4,2,0,2,-3,5,2,-4,4,0,3,3,6,-2,2,0,0,-7,336,-4,-4,8,1,0,-1,-1,-1,-1,1,5,-1
KR_6609948009,420,1,-9,-23,0,2,0,2,-2,3,1,1,3,4,-1,4,3,0,0,0,0,0,-9,1,-4,3,0,0,1,0,1,1,-1,0,-1
KR_6764130347,420,-6,-170,23,-16,-9,9,0,-3,3,0,-1,3,2,-6,7,1,3,0,3,0,-8,-30,0,-7,7,-8,0,-4,-1,1,-1,-1,2,-1
KR_6761608556,420,0,-108,-36,8,1,0,1,1,1,2,0,2,2,3,1,4,3,2,5,0,12,24,-1,-3,4,-3,0,0,-1,-1,0,1,4,-1
KR_6622839577,420,0,-55,18,0,1,3,4,2,2,4,-1,2,1,-2,5,3,0,0,0,1,-2,4,-1,-2,3,-4,0,0,-1,1,0,1,3,-1
KR_6730885961,420,0,-64,25,-6,-3,4,1,3,1,4,-3,3,0,-2,2,0,-1,1,0,0,-3,156,-2,-3,5,-2,0,-2,1,-1,-1,-1,2,-1
KR_6764557039,420,1,-9,1,-3,-1,3,2,-1,2,1,3,0,3,-4,8,4,0,1,1,0,-9,20,-7,-2,9,10,0,0,-1,0,0,-1,2,-1
KR_6711613311,420,-4,-72,-20,-4,-4,4,0,-3,3,0,2,2,4,1,2,3,0,0,0,0,-1,-3,1,-3,2,0,0,-1,1,-1,-1,-1,1,-1
KR_6682962111,420,-3,-90,-4,-13,0,5,5,-2,5,3,-3,4,1,-7,9,2,-1,2,1,0,-11,-3,-1,-5,6,-1,0,-3,-1,-1,-1,-1,3,-1
KR_6758877111,420,4,130,-12,4,0,1,1,4,0,4,0,1,1,0,5,5,0,1,1,0,-1,48,-3,-4,7,-16,0,3,-1,1,1,1,1,-1
KR_6725720897,420,-3,17,-16,-6,1,1,2,0,2,2,0,3,3,-4,8,4,-3,4,1,0,1,-32,0,-4,4,16,0,-1,-1,-1,-1,-1,6,-1
KR_6726998643,420,-4,-96,7,-7,-2,3,1,-1,2,1,-2,3,1,-2,2,0,0,0,0,0,-2,-5,-6,-3,9,3,0,-1,1,-1,-1,-1,6,-1
KR_6757054236,440,0,-59,12,-5,-1,2,1,1,2,3,2,3,5,-2,3,1,-5,9,4,0,-9,6,3,-7,4,-2,0,0,1,-1,0,-1,4,-1
KR_6762978340,420,-4,-48,4,-10,3,3,6,-2,4,2,-5,5,0,-6,8,2,0,1,1,-2,-17,-12,3,-7,4,-2,0,-2,-1,-1,-1,-1,4,-1
KR_6723824374,420,-2,-84,-16,-8,-3,4,1,2,3,5,1,3,4,-6,7,1,-2,2,0,1,4,0,0,-4,4,-4,0,-1,0,-1,-1,1,0,-1
KR_6655888640,440,1,-79,4,3,-3,4,1,5,3,8,0,2,2,2,0,2,-1,3,2,0,13,31,-5,-4,9,-1,0,-1,0,1,-1,-1,0,-1
KR_6349190297,420,-1,-38,-6,-8,-2,5,3,-5,6,1,-6,6,0,6,1,7,-1,1,0,0,4,-32,-3,-4,7,1,0,-2,0,-1,-1,1,0,-1
KR_6752357882,420,-4,-44,-9,-11,-6,7,1,-5,7,2,-3,3,0,4,2,6,-1,4,3,0,-5,-4,-1,-2,3,5,0,-1,-1,1,-1,1,6,-1
KR_6734589608,420,-4,-112,-47,-4,-3,3,0,-2,4,2,-1,2,1,-1,1,0,3,0,3,-1,-1,33,0,-4,4,-14,0,0,0,-1,-1,-1,0,-1
KR_6709423328,420,0,40,-19,-4,-2,2,0,0,0,0,-2,3,1,-1,2,1,1,0,1,0,-3,-35,-1,-5,6,-3,0,0,-1,1,0,-1,6,-1
KR_6728201877,420,-2,34,3,-5,0,2,2,1,1,2,2,0,2,-3,3,0,-5,5,0,0,-12,10,4,-10,6,4,0,1,1,-1,1,1,1,-1
KR_6373510535,440,-2,-47,-4,-1,3,0,3,2,1,3,-2,2,0,-5,9,4,1,1,2,0,3,0,0,0,0,-4,0,-1,1,1,-1,-1,1,-1
KR_6764760547,420,1,-16,-37,-1,-1,2,1,0,2,2,-3,3,0,2,1,3,1,1,2,0,2,-7,-4,-4,8,7,0,-1,-1,-1,-1,-1,5,-1
KR_6651733807,420,0,10,-24,5,1,1,2,-2,4,2,2,1,3,2,2,4,2,0,2,0,1,-3,-4,-6,10,1,0,0,-1,-1,0,-1,3,-1
KR_6703153115,440,0,8,-4,5,4,0,4,0,2,2,5,0,5,0,4,4,-4,4,0,1,-1,-2,-2,-6,8,6,0,0,1,-1,0,1,6,-1
KR_6761705469,420,-2,25,16,-11,2,3,5,-6,9,3,-5,7,2,1,1,2,-3,3,0,-3,-5,-12,-2,-2,4,0,0,-1,-1,0,1,1,6,-1
KR_6512270395,420,-3,-12,-20,-6,-6,6,0,-2,3,1,1,1,2,1,3,4,0,1,1,0,-7,1,3,-6,3,0,0,-1,1,-1,1,-1,2,-1
KR_6749141265,440,-4,-161,-40,-10,-3,3,0,1,0,1,-3,3,0,-5,9,4,0,1,1,1,-3,-10,-4,-6,10,-5,0,0,-1,-1,-1,1,1,-1
KR_6759492520,420,1,31,-1,-2,0,1,1,-1,2,1,1,2,3,-3,4,1,1,0,1,0,-1,27,-2,-1,3,0,0,-2,-1,-1,-1,-1,3,-1
KR_6754966962,420,-5,9,-19,-10,-1,4,3,0,1,1,-9,10,1,2,1,3,-2,3,1,1,-2,3,-5,-2,7,-5,0,-1,-1,-1,-1,1,6,-1
KR_6520007468,420,-4,1,-9,-11,0,1,1,-2,4,2,3,0,3,-10,11,1,-2,3,1,0,-12,132,1,-4,3,-5,0,-2,-1,-1,-1,-1,4,-1
KR_6763506237,420,-3,-32,8,-2,2,3,5,5,2,7,0,1,1,-7,7,0,-2,2,0,0,-7,-4,-2,-3,5,-1,0,-2,0,1,-1,1,0,-1
KR_6591677022,420,-5,-93,-8,-15,-2,4,2,0,3,3,-5,7,2,-7,10,3,-1,3,2,0,-6,8,-3,-4,7,4,0,0,-1,-1,0,-1,6,-1
KR_6761216845,420,-2,-3,-26,-2,-3,4,1,-1,7,6,4,1,5,0,3,3,-2,4,2,1,4,124,-1,-3,4,-2,0,-1,0,0,-1,1,0,-1
KR_6694262151,420,-4,-31,-5,-1,1,2,3,-5,5,0,-1,3,2,3,0,3,1,2,3,0,5,0,-1,-5,6,3,0,-1,-1,1,-1,-1,2,-1
KR_6692078773,420,-4,-141,-4,-6,-6,8,2,0,3,3,-2,2,0,0,2,2,2,1,3,0,3,-5,4,-7,3,0,0,-2,-1,1,1,-1,5,-1
KR_6763628013,440,3,51,29,4,2,1,3,7,1,8,-3,4,1,-2,3,1,0,2,2,3,14,-2,-3,-8,11,2,0,1,1,1,1,1,6,-1
KR_6758807842,420,1,77,-12,-3,0,3,3,0,2,2,1,3,4,-2,3,1,-2,2,0,0,-3,3,5,-5,0,-2,0,1,-1,1,1,1,6,-1
KR_6764103115,420,-4,-38,-8,-8,-6,9,3,0,2,2,-1,2,1,-1,3,2,0,2,2,0,0,2,-2,-3,5,-1,0,-2,-1,-1,-1,-1,5,-1
KR_6739433054,420,-1,10,-12,-1,2,0,2,-4,5,1,1,4,5,0,2,2,0,1,1,-1,4,2,0,-3,3,-5,0,1,0,1,1,-1,0,-1
KR_6455132976,420,-3,-3,-31,-2,0,2,2,-3,7,4,-1,4,3,2,1,3,0,2,2,0,3,-5,-4,-2,6,-1,0,0,-1,-1,0,1,1,-1
KR_6730006886,420,2,12,1,8,4,0,4,-1,2,1,2,2,4,2,2,4,1,0,1,0,4,13,1,-4,3,2,0,0,1,1,0,1,3,-1
KR_6490846775,420,-1,-50,-40,2,-2,2,0,2,4,6,3,0,3,0,2,2,-1,2,1,0,2,1,6,-10,4,-3,0,-1,-1,-1,-1,-1,6,-1
KR_6715081290,420,-1,-52,4,-7,-7,8,1,2,0,2,-1,3,2,-6,6,0,5,0,5,0,-4,-12,-1,-4,5,2,0,-2,-1,1,-1,-1,4,-1
KR_6745812299,420,-2,-40,8,-6,-2,2,0,2,0,2,-2,3,1,0,1,1,-4,4,0,0,0,111,2,-5,3,1,0,0,-1,1,0,1,6,-1
KR_6752208484,420,-2,33,-28,-2,-1,1,0,4,1,5,-3,6,3,-2,4,2,0,1,1,0,5,121,2,-7,5,-7,0,1,1,1,1,1,6,-1
KR_6597403921,420,0,-74,34,0,-3,3,0,4,1,5,0,0,0,0,1,1,-1,2,1,0,-1,-4,-3,-5,8,-1,0,0,0,0,0,1,0,-1
KR_6216544303,420,1,-19,9,-4,0,1,1,-2,2,0,1,1,2,-2,5,3,-1,1,0,-1,-11,64,-1,-6,7,-4,0,0,-1,-1,-1,-1,1,-1
KR_6760298713,420,-2,-128,-31,-6,-1,2,1,-3,7,4,4,4,8,-6,8,2,0,0,0,-2,-5,-4,1,-6,5,-3,0,0,-1,-1,-1,1,5,-1
KR_6750149008,420,-7,-175,9,-14,-6,6,0,-6,8,2,0,1,1,-3,6,3,1,1,2,0,-6,0,-1,-3,4,-5,0,-5,-1,-1,-1,-1,4,-1
KR_6667980259,420,-1,-11,-23,-1,5,0,5,-4,7,3,-2,6,4,1,2,3,-1,1,0,0,-10,-6,-3,-3,6,0,0,1,-1,-1,-1,-1,5,-1
KR_6761263785,420,-4,-26,-2,-9,-6,6,0,-2,5,3,0,4,4,0,6,6,-1,3,2,-1,-10,1,-6,-1,7,2,0,-2,-1,1,-1,-1,4,-1
KR_6747160496,420,-4,17,-28,-9,-9,9,0,0,2,2,2,3,5,-4,7,3,2,1,3,0,-6,-6,-1,-3,4,-2,0,-2,-1,-1,-1,-1,6,-1
KR_6760813735,420,-2,-23,-25,-8,-1,1,0,-2,2,0,-5,5,0,-1,4,3,1,0,1,0,-5,1,-2,-3,5,-1,0,-1,-1,-1,-1,1,3,-1
KR_6452561880,440,3,2,-16,1,0,0,0,-1,1,0,3,0,3,0,1,1,-1,1,0,0,1,-18,1,-6,5,2,0,-1,0,-1,-1,1,0,-1
KR_6578108005,420,-4,-92,18,-9,-5,5,0,0,0,0,-3,4,1,1,3,4,-2,2,0,0,-9,4,2,-5,3,-3,0,-2,-1,0,-1,-1,6,-1
KR_6739042594,420,-2,-23,32,-5,1,1,2,1,2,3,-4,5,1,-1,3,2,-2,4,2,0,-4,8,-1,-4,5,0,0,0,1,-1,0,-1,1,-1
KR_6708481949,420,-3,-51,-12,-7,-5,5,0,0,3,3,0,3,3,-2,3,1,0,0,0,0,-6,-4,-1,-4,5,-4,0,-1,1,-1,-1,-1,1,-1
KR_6755695048,420,-4,-31,24,-8,1,3,4,-1,4,3,-5,6,1,-3,5,2,0,1,1,-1,-11,-15,-1,-5,6,1,0,-2,-1,-1,-1,-1,5,-1
KR_6679855037,420,-3,-57,4,-4,-3,4,1,4,0,4,-3,5,2,-2,4,2,0,1,1,0,-2,3,-1,-3,4,-2,0,-1,-1,1,-1,-1,3,-1
KR_6297771429,420,-2,-67,0,-4,-5,5,0,0,3,3,-2,2,0,1,3,4,2,2,4,1,8,39,-4,-2,6,-26,0,-1,-1,-1,-1,1,4,-1
KR_6759832480,420,-4,-55,4,-2,0,1,1,-1,4,3,0,1,1,-2,2,0,1,0,1,0,-5,-13,-2,-1,3,-4,0,0,-1,1,0,-1,3,-1
KR_6649486718,420,1,4,4,0,-1,1,0,-3,4,1,1,1,2,2,1,3,1,1,2,0,-2,50,0,-6,6,-1,0,-1,1,-1,-1,1,3,-1
KR_6760686724,420,1,15,-3,3,0,3,3,0,3,3,5,0,5,0,2,2,-2,3,1,1,4,8,3,-5,2,-1,0,0,-1,0,1,1,6,-1
KR_6735855844,420,2,63,-4,5,2,1,3,2,2,4,0,0,0,-1,1,0,2,2,4,0,1,47,3,-6,3,-16,0,2,1,-1,1,1,5,-1
KR_6758752793,420,0,20,1,-1,-1,2,1,0,0,0,1,2,3,-1,3,2,0,0,0,0,-2,-40,3,-6,3,26,0,1,1,1,1,1,6,-1
KR_6634112400,420,2,-1,24,3,-1,3,2,2,5,7,2,1,3,1,2,3,-1,1,0,0,18,-14,-3,-4,7,1,0,-1,-1,1,-1,1,4,-1
KR_6760639829,420,1,24,-16,2,-3,4,1,6,3,9,1,1,2,-2,5,3,0,1,1,0,8,-3,-3,-3,6,2,0,0,1,-1,1,1,2,-1
KR_6764429084,420,-1,4,20,7,2,0,2,9,0,9,-2,9,7,-1,1,0,-1,2,1,0,-3,27,3,-7,4,-5,0,-1,1,1,-1,1,6,-1
KR_6728986752,420,-3,-63,-16,-6,-4,5,1,-3,6,3,4,1,5,4,0,4,-7,7,0,0,-4,-19,-4,-2,6,-2,0,-2,0,-1,-1,-1,0,-1
KR_6544590416,420,1,50,-31,-4,4,0,4,-3,4,1,2,2,4,-5,5,0,-2,2,0,0,-9,-11,-6,-1,7,-2,0,-1,-1,-1,-1,1,3,-1
KR_6722598786,440,-7,-129,-16,-16,0,3,3,-4,5,1,-3,3,0,-7,7,0,-2,2,0,0,-16,-1,0,-6,6,-4,0,-2,1,-1,-1,-1,4,-1
KR_6344498907,420,-5,-35,-28,-13,-3,4,1,-2,2,0,-6,7,1,-1,4,3,-1,2,1,0,-18,-11,-4,-4,8,3,0,-2,-1,-1,-1,-1,5,-1
KR_6747693387,420,-5,-104,1,-20,-4,4,0,1,1,2,-12,14,2,-6,11,5,1,0,1,0,-8,5,0,-3,3,0,0,-2,1,-1,-1,1,2,-1
KR_6705136138,420,0,-41,22,4,-2,3,1,5,0,5,0,4,4,-2,6,4,3,1,4,1,6,-160,-2,-4,6,1,0,-1,1,-1,-1,1,6,-1
KR_6682125562,420,-1,38,-12,-3,2,0,2,-3,5,2,0,3,3,-1,1,0,-1,1,0,0,-11,26,4,-8,4,-8,0,1,-1,1,1,1,2,-1
KR_6667662740,420,-3,-2,18,-7,-4,4,0,2,1,3,3,1,4,-8,8,0,0,0,0,0,-2,-38,0,-4,4,28,0,-1,1,-1,-1,-1,3,-1
KR_6649561404,420,-2,-17,-44,-3,0,0,0,-7,7,0,1,1,2,-1,2,1,4,0,4,0,0,33,-2,-1,3,3,0,0,1,1,0,1,5,-1
KR_6734116936,440,0,-16,0,9,-1,2,1,0,0,0,1,1,2,9,1,10,0,0,0,0,11,-1,-5,-1,6,0,0,-1,-1,-1,-1,1,1,-1
KR_6737954077,420,-2,-46,-16,-4,0,1,1,3,4,7,-2,5,3,-3,7,4,-2,2,0,0,-12,-1,2,-4,2,-3,0,-1,0,-1,-1,-1,0,-1
KR_6654911926,420,-6,-102,-8,-7,-4,5,1,-1,2,1,-3,3,0,-3,6,3,4,1,5,0,-8,1,3,-8,5,-9,0,0,-1,0,0,1,3,-1
KR_6494232585,420,3,6,-15,2,-4,5,1,0,1,1,2,0,2,2,1,3,2,1,3,-1,8,-9,0,-6,6,-3,0,-2,1,-1,-1,-1,4,-1
KR_6504622999,420,-5,-114,15,-11,-2,4,2,-2,3,1,-3,5,2,-3,4,1,-1,1,0,-1,-5,1,-7,0,7,-1,0,-3,-1,1,-1,-1,4,-1
KR_6585043028,440,-5,-99,-16,-8,-1,1,0,-4,5,1,1,1,2,-2,3,1,-2,3,1,0,-7,-305,1,-3,2,-1,0,-1,-1,1,-1,-1,1,-1
KR_6215733432,420,0,28,7,6,4,0,4,1,3,4,1,1,2,-1,4,3,1,0,1,0,8,0,1,-8,7,3,0,1,-1,1,1,1,2,-1
KR_6756786607,420,-2,-51,-20,-3,-3,3,0,3,2,5,-3,4,1,0,0,0,0,0,0,0,3,-7,1,-2,1,0,0,0,0,0,0,-1,0,-1
KR_6700051653,420,-7,-55,-8,-15,-5,5,0,-3,5,2,1,2,3,-2,2,0,-6,6,0,0,-10,-3,-2,-5,7,-1,0,-1,1,-1,-1,-1,5,-1
KR_6745219621,420,1,60,-16,1,2,1,3,1,3,4,1,0,1,0,5,5,-3,3,0,-1,-8,-20,-2,-6,8,0,0,0,0,0,0,-1,0,-1
KR_6702707385,420,0,20,-1,-4,1,1,2,-3,3,0,2,4,6,-3,7,4,-1,2,1,-1,-5,8,-5,-3,8,5,0,-1,-1,-1,-1,-1,1,-1
KR_6695288544,420,-4,-2,-20,-4,-4,5,1,2,3,5,-3,4,1,0,2,2,1,0,1,0,-4,-8,-1,-5,6,2,0,1,1,1,1,1,2,-1
KR_6726314666,420,0,-66,-4,-2,-5,6,1,2,0,2,-1,5,4,3,0,3,-1,2,1,-1,1,3,3,-7,4,-5,0,0,-1,-1,0,-1,2,-1
KR_6705787398,420,2,76,-3,0,3,0,3,2,1,3,-1,1,0,-5,5,0,1,0,1,0,-8,11,-6,-2,8,-2,0,0,-1,0,0,1,5,-1
KR_6654812909,420,-2,-32,-12,-7,-4,5,1,-4,6,2,-1,3,2,0,3,3,2,1,3,-1,-6,-5,-3,-2,5,0,0,0,-1,-1,0,-1,5,-1
KR_6760022800,420,-1,7,-16,1,-2,3,1,1,4,5,2,0,2,1,0,1,-1,3,2,-1,13,3,5,-8,3,-5,0,-1,1,-1,-1,-1,2,-1
KR_6748287130,420,-4,-52,18,-8,3,1,4,1,2,3,-1,2,1,-8,8,0,-3,3,0,-1,-17,-14,-1,-3,4,0,0,-1,0,1,-1,-1,0,-1
KR_6619471880,420,-2,-32,-20,-2,-1,3,2,-2,2,0,-1,2,1,2,1,3,0,0,0,0,-1,-12,-6,-2,8,4,0,-1,1,-1,-1,-1,4,-1
KR_6738411037,440,0,83,-76,3,5,0,5,1,1,2,0,3,3,-2,5,3,-1,1,0,0,2,25,-6,-2,8,-1,0,0,-1,-1,-1,1,4,-1
KR_6723207490,420,-3,-20,-7,-2,6,1,7,-2,4,2,5,2,7,-9,9,0,-2,3,1,0,-11,-5,-2,-2,4,1,0,2,-1,1,1,1,4,-1
KR_6679098600,420,-1,5,16,-1,0,2,2,4,0,4,1,2,3,-4,5,1,-2,4,2,1,-6,-7,5,-7,2,-3,0,0,0,1,1,1,0,-1
KR_6759257232,420,1,-60,8,-2,-5,5,0,1,1,2,2,1,3,0,1,1,0,0,0,0,-1,9,-1,-3,4,7,0,0,1,-1,0,-1,6,-1
KR_5681870443,440,-1,-36,-7,0,-2,2,0,-1,4,3,1,2,3,1,0,1,1,3,4,0,1,-9,-6,-2,8,1,0,0,0,-1,0,-1,0,-1
KR_6747910826,420,-2,8,-7,-4,-2,4,2,-3,5,2,1,1,2,3,0,3,-3,5,2,0,-4,-7,-2,-4,6,-2,0,0,-1,-1,0,1,4,-1
KR_6761577296,420,-4,-62,-13,-8,-3,3,0,-1,1,0,-3,4,1,-1,3,2,0,3,3,0,-4,1,4,-7,3,-3,0,-1,-1,0,-1,-1,4,-1
KR_6763113874,420,0,56,-24,5,1,3,4,-2,3,1,6,0,6,1,1,2,-1,4,3,1,8,339,3,-4,1,-2,0,-1,0,-1,-1,1,0,-1
KR_6754300661,420,-4,-42,-19,-8,1,0,1,-3,5,2,0,3,3,-4,4,0,-2,5,3,0,-11,-37,-2,-1,3,25,0,-3,-1,-1,-1,-1,1,-1
KR_6707784001,440,3,66,7,5,3,1,4,0,3,3,5,1,6,0,2,2,-3,3,0,-1,1,-3,-1,-5,6,-6,0,1,-1,1,1,-1,5,-1
KR_6650835676,420,-3,-28,-4,-3,-1,3,2,-2,3,1,-1,1,0,1,4,5,0,1,1,0,-4,3,-6,-3,9,-2,0,-1,1,-1,-1,1,2,-1
KR_6763083530,420,-4,6,0,-5,0,0,0,-1,4,3,0,0,0,-1,1,0,-3,4,1,0,-6,-140,-1,-2,3,-1,0,0,1,0,0,-1,6,-1
KR_6746413666,420,-4,5,-3,-11,-2,2,0,0,4,4,-6,6,0,-4,4,0,1,0,1,0,-10,2,-1,-4,5,1,0,-1,0,-1,-1,1,0,-1
KR_6694908112,420,-4,9,-36,-9,-1,4,3,-5,5,0,-3,5,2,2,2,4,-2,4,2,0,-9,0,1,-4,3,0,0,2,1,1,1,-1,4,-1
KR_6757154402,420,1,11,-17,5,-1,2,1,-2,3,1,0,1,1,6,2,8,2,1,3,0,1,4,-1,-4,5,1,0,2,0,-1,1,1,0,-1
KR_6663657147,420,-2,-32,-21,-5,-2,5,3,1,4,5,0,4,4,-3,5,2,-1,1,0,-1,-7,-12,1,-7,6,-2,0,0,1,0,-1,1,5,-1
KR_6751037275,420,-1,-7,-5,2,-2,2,0,-4,5,1,-1,4,3,8,1,9,1,0,1,0,7,8,-1,-6,7,0,0,0,1,-1,1,-1,1,-1
KR_6709187959,420,-6,-104,4,-9,-4,5,1,-1,2,1,0,5,5,-2,4,2,-2,3,1,0,-6,15,2,-5,3,1,0,-1,1,1,-1,-1,1,-1
KR_6729686977,420,-3,-91,-27,-4,-2,3,1,-3,6,3,0,5,5,0,2,2,1,1,2,-2,-6,-9,1,-5,4,1,0,-2,-1,-1,-1,-1,3,-1
KR_6576562625,420,-4,-96,15,-6,-2,3,1,-3,6,3,0,1,1,0,1,1,-1,1,0,0,-5,-33,-2,-5,7,1,0,-1,-1,-1,-1,-1,1,-1
KR_6763239902,420,1,-20,1,3,0,1,1,1,3,4,1,2,3,2,2,4,-1,1,0,0,2,54,3,-5,2,-17,0,2,1,1,1,-1,4,-1
KR_6659750537,420,-3,-10,-5,-14,0,2,2,-3,4,1,1,0,1,-7,8,1,-5,5,0,0,-18,-198,-6,-2,8,-3,0,0,-1,-1,-1,-1,1,-1
KR_6592749058,420,-2,-9,0,-8,0,3,3,-2,3,1,-6,6,0,0,1,1,0,0,0,0,-13,-9,1,-4,3,3,0,0,1,1,-1,1,4,-1
KR_6717802949,420,-2,11,36,-7,-4,4,0,0,3,3,-2,2,0,0,3,3,-1,4,3,0,-7,-122,-1,-6,7,-1,0,0,1,-1,-1,1,3,-1
KR_6348868653,420,-4,-64,-8,-10,0,2,2,-5,6,1,-1,2,1,-4,6,2,0,3,3,0,-11,-10,-3,-4,7,0,0,0,1,1,0,-1,2,-1
KR_6751255551,420,-1,-8,-37,4,-2,2,0,-3,5,2,-1,4,3,5,0,5,5,0,5,0,9,1,-2,-2,4,3,0,0,0,-1,-1,-1,0,-1
KR_6747809670,420,2,-47,20,6,3,0,3,2,4,6,4,2,6,-3,8,5,0,0,0,0,-1,-6,6,-7,1,0,0,-1,1,0,-1,1,5,-1
KR_6403732567,420,-4,-26,12,-11,-3,3,0,1,1,2,-4,5,1,-1,3,2,-4,4,0,0,-9,-118,3,-7,4,-4,0,-2,-1,-1,-1,-1,4,-1
KR_6758993663,420,1,-9,26,-7,1,3,4,-6,7,1,2,1,3,-5,5,0,1,1,2,0,-9,-35,1,-4,3,16,0,0,1,0,0,-1,1,-1
KR_6605565120,420,-1,-5,-23,4,1,2,3,-3,6,3,3,1,4,4,4,8,-1,1,0,0,8,4,0,-3,3,4,0,-1,1,0,-1,-1,3,-1
KR_6741369391,440,1,-14,4,-4,3,0,3,-3,4,1,-3,3,0,3,0,3,-4,4,0,1,-5,0,-5,-1,6,-3,0,1,-1,1,1,1,1,-1
KR_6698796285,420,0,19,0,1,3,0,3,-5,6,1,2,0,2,1,3,4,0,0,0,0,-4,2,3,-6,3,5,0,1,-1,1,1,1,5,-1
KR_6689536853,420,-2,6,-28,-1,1,0,1,-1,3,2,1,3,4,-5,5,0,3,1,4,0,1,-13,-1,-5,6,-2,0,1,1,1,-1,1,4,-1
KR_6761859547,420,-3,-25,13,-9,-5,5,0,-3,4,1,1,2,3,1,2,3,-3,3,0,0,-11,8,0,-5,5,0,0,0,-1,-1,0,-1,1,-1
KR_6464869510,420,-2,-33,-36,2,-2,2,0,2,0,2,2,2,4,1,2,3,-1,1,0,1,2,16,4,-7,3,0,0,-1,1,-1,-1,1,6,-1
KR_6762856725,440,0,59,3,2,0,3,3,0,0,0,0,2,2,1,4,5,1,0,1,0,3,-36,3,-7,4,0,0,0,0,-1,0,1,0,-1
KR_6694353028,420,0,-32,9,3,2,2,4,-1,3,2,2,1,3,-1,3,2,1,1,2,0,1,1,4,-5,1,7,0,0,-1,1,1,1,3,-1
KR_6752372750,420,1,0,0,1,0,1,1,-3,4,1,5,1,6,-1,1,0,0,0,0,0,-7,5,0,-5,5,2,0,0,0,0,0,1,0,-1
KR_6760943309,420,-3,-55,-17,-11,-1,3,2,0,3,3,-9,10,1,-1,4,3,0,0,0,1,-10,-48,-4,0,4,-2,0,0,-1,1,1,1,1,-1
KR_6755586113,420,-2,-28,13,-9,2,0,2,-1,1,0,-5,5,0,-1,1,0,-4,4,0,0,-11,-4,-3,-2,5,2,0,-1,-1,1,-1,-1,3,-1
KR_6705004823,420,-2,-34,-16,-7,-4,4,0,1,1,2,-3,6,3,-1,2,1,0,0,0,0,-7,342,-6,-2,8,1,0,0,-1,1,0,-1,2,-1
KR_6704889303,440,3,-17,22,-5,2,2,4,1,0,1,-3,4,1,-5,6,1,0,1,1,0,-3,-34,2,-5,3,10,0,1,0,1,1,-1,0,-1
KR_6685070197,420,1,-23,9,5,-4,4,0,3,2,5,3,1,4,4,2,6,-1,1,0,0,7,-13,-4,-3,7,3,0,-1,-1,-1,-1,1,1,-1
KR_6708681976,420,0,4,27,-2,3,0,3,4,3,7,-2,3,1,-5,7,2,-2,2,0,-1,-1,3,2,-8,6,4,0,1,1,-1,1,-1,2,-1
KR_6764257922,420,0,53,-39,-1,2,0,2,-5,6,1,2,0,2,1,1,2,-1,3,2,0,-1,10,1,-6,5,-4,0,0,1,-1,0,-1,1,-1
KR_6744173153,420,-5,-65,-15,-9,-6,7,1,0,3,3,-2,2,0,-3,5,2,2,1,3,-1,0,38,-2,-5,7,-3,0,-1,-1,1,-1,-1,1,-1
KR_6726984451,420,1,64,-44,1,1,0,1,-4,6,2,1,2,3,0,4,4,3,0,3,0,4,18,-4,-1,5,-1,0,1,0,0,1,-1,0,-1
KR_6495435516,420,1,34,16,2,1,1,2,-1,5,4,-1,2,1,0,1,1,3,1,4,2,4,29,-3,-5,8,-3,0,0,0,-1,0,1,0,-1
KR_6736896450,420,2,66,-11,0,-1,4,3,4,0,4,1,0,1,-2,6,4,-2,3,1,0,-2,-4,-1,-6,7,1,0,1,0,0,1,1,0,-1
KR_6669299171,420,-3,-54,-1,-3,-3,4,1,-1,2,1,-1,1,0,-1,4,3,3,0,3,0,5,18,-4,-4,8,0,0,-1,-1,1,-1,-1,3,-1
KR_6720202221,420,-2,-29,-26,-8,2,2,4,-2,5,3,-4,9,5,-4,6,2,0,1,1,-2,-3,47,2,-12,10,1,0,-1,-1,-1,-1,1,3,-1
KR_6744054147,420,-1,9,4,-4,-1,4,3,3,1,4,-2,5,3,-8,9,1,4,0,4,3,-1,39,1,-5,4,-17,0,-2,-1,-1,-1,1,5,-1
KR_6735390188,420,1,-20,11,-2,3,0,3,-4,6,2,0,1,1,-2,3,1,1,1,2,0,0,-9,0,-4,4,0,0,0,-1,0,0,-1,1,-1
KR_6703650246,420,1,-25,-25,-3,-4,5,1,-3,3,0,0,2,2,0,5,5,4,1,5,-2,3,-6,1,-5,4,-1,0,-1,-1,-1,-1,-1,4,-1
KR_6621668703,420,-4,-125,-12,-13,-2,2,0,-1,2,1,-2,4,2,-8,8,0,0,0,0,0,-12,0,0,-3,3,-1,0,-2,-1,-1,-1,-1,4,-1
KR_6693810414,420,-5,-21,-19,-5,0,1,1,-1,3,2,-2,6,4,-2,2,0,0,0,0,1,-11,-3,0,-3,3,-2,0,-1,0,-1,-1,1,0,-1
KR_6748755451,420,1,-2,12,3,4,0,4,0,6,6,-1,2,1,-1,1,0,1,1,2,0,-2,-272,1,-5,4,0,0,0,-1,-1,0,1,4,-1
KR_6597340531,420,-1,-24,12,-4,0,2,2,-2,6,4,-8,8,0,4,2,6,2,1,3,0,4,292,-1,-4,5,0,0,0,-1,-1,-1,1,4,-1
KR_6736770227,420,1,-9,21,-3,-2,2,0,1,3,4,0,1,1,-1,3,2,-1,1,0,0,-6,-13,-2,-5,7,-3,0,0,1,1,0,-1,2,-1
KR_6708372315,420,-3,-36,8,-7,3,0,3,2,2,4,-1,2,1,-9,9,0,-2,2,0,0,-12,-1,-2,-2,4,-3,0,0,-1,1,-1,1,2,-1
KR_6724610490,420,2,55,43,9,4,1,5,-4,4,0,-1,4,3,6,3,9,4,1,5,1,8,29,0,-5,5,3,0,2,1,1,1,1,1,-1
KR_6747180614,420,-5,-27,-52,-13,-5,6,1,-6,9,3,2,1,3,-4,4,0,0,0,0,-1,-14,279,-6,-1,7,6,0,-1,-1,-1,-1,-1,4,-1
KR_6396912190,440,-6,-66,-33,-14,0,2,2,-8,11,3,-5,6,1,-1,4,3,0,1,1,0,-20,6,4,-8,4,-4,0,-2,-1,-1,-1,-1,4,-1
KR_6734675771,420,-3,-53,-21,-6,1,3,4,1,0,1,-2,3,1,-4,4,0,-2,2,0,0,-10,79,-5,-2,7,-2,0,0,-1,-1,-1,-1,4,-1
KR_6112410656,420,1,-10,-19,-2,4,1,5,-2,3,1,1,4,5,-6,6,0,1,1,2,-1,-2,10,-1,-6,7,-2,0,0,0,1,1,-1,0,-1
KR_6763278227,420,-1,-28,9,-7,1,1,2,-1,1,0,-3,4,1,-1,1,0,-3,4,1,0,-9,3,-2,-4,6,-3,0,0,1,-1,0,-1,6,-1
KR_6686948704,420,-3,-64,-10,-10,-1,3,2,1,2,3,-3,4,1,-6,7,1,-1,1,0,-2,-12,-7,-4,-4,8,-2,0,-1,-1,1,-1,1,5,-1
KR_6712406324,420,-2,-21,8,-6,-4,7,3,-3,4,1,1,4,5,-2,3,1,2,0,2,0,-3,-4,1,-5,4,1,0,-1,-1,1,-1,1,3,-1
KR_6471115932,420,-2,20,11,-7,-3,3,0,1,2,3,-2,5,3,-3,5,2,0,0,0,0,-11,-58,-1,-4,5,-4,0,0,-1,1,-1,-1,2,-1
KR_6591409172,420,-3,-60,-4,-9,-3,5,2,-2,5,3,1,2,3,-5,5,0,0,0,0,1,-9,-14,-3,-2,5,0,0,-1,-1,-1,-1,1,4,-1
KR_6755716440,420,3,39,16,-2,3,1,4,-2,5,3,-5,7,2,2,0,2,0,2,2,0,-7,41,3,-9,6,0,0,2,-1,1,1,-1,3,-1
KR_6698883241,420,3,37,19,-3,1,1,2,-4,7,3,1,1,2,0,0,0,-1,1,0,0,-5,-4,-2,-2,4,4,0,1,1,-1,1,1,3,-1
KR_6749312901,420,0,-25,37,-3,-1,3,2,-1,2,1,3,0,3,0,1,1,-4,4,0,0,-3,14,-2,-3,5,-1,0,-1,-1,0,-1,1,3,-1
KR_6763440532,420,-3,-4,-8,-4,-6,6,0,2,0,2,1,1,2,2,3,5,-3,3,0,0,3,-4,1,-3,2,1,0,-1,-1,-1,-1,1,2,-1
KR_6764268798,420,-4,-115,7,-2,0,2,2,-4,5,1,-1,3,2,3,1,4,0,2,2,-1,-5,11,2,-6,4,-3,0,-1,-1,1,-1,1,1,-1
KR_6742781171,420,0,9,13,-6,9,0,9,-4,5,1,-2,2,0,-6,8,2,-3,3,0,1,-20,6,2,-4,2,-4,0,0,1,1,1,1,3,-1
KR_6589852375,420,-5,-129,-1,-12,-1,2,1,0,3,3,-3,3,0,-6,9,3,-2,2,0,0,-11,-3,-4,-4,8,-6,0,-2,1,-1,-1,-1,2,-1
KR_6667325531,420,-2,-48,8,-2,-3,4,1,1,2,3,-2,3,1,0,2,2,2,1,3,0,8,-19,-2,-3,5,-2,0,-1,1,-1,-1,-1,4,-1
KR_6740449731,420,-2,60,-47,5,-3,5,2,7,3,10,-3,4,1,4,1,5,0,1,1,1,1,-6,-2,-2,4,1,0,0,-1,1,0,1,4,-1
KR_6339061353,440,-8,-94,-33,-13,0,2,2,-9,9,0,0,2,2,-3,5,2,-1,2,1,1,-3,6,8,-10,2,-1,0,-2,-1,-1,-1,1,2,-1
KR_6658673929,440,0,36,-8,-4,2,0,2,-7,7,0,-2,2,0,2,5,7,1,0,1,0,6,-1,-2,-4,6,2,0,0,1,-1,0,-1,2,-1
KR_6714650347,420,1,9,-1,-4,3,1,4,-2,4,2,-3,3,0,-1,2,1,-1,2,1,1,-10,-3,-5,-1,6,5,0,0,-1,-1,1,1,4,-1
KR_6746072088,420,-4,-44,-17,-10,-3,5,2,0,1,1,-2,4,2,-4,6,2,-1,1,0,0,-11,-3,0,-5,5,-5,0,-1,-1,-1,-1,-1,5,-1
KR_6626856897,420,-6,-26,-124,-4,4,0,4,-2,2,0,-2,2,0,-3,3,0,-1,2,1,0,-7,5,-8,0,8,-3,0,0,-1,-1,1,-1,4,-1
KR_6591084516,420,-5,-51,-12,-16,-3,4,1,1,1,2,0,1,1,-15,18,3,1,1,2,-2,-23,0,-2,-5,7,-3,0,-3,-1,-1,-1,-1,1,-1
KR_6754846904,420,-3,4,-16,-4,-2,3,1,0,3,3,0,4,4,-2,7,5,0,1,1,0,-6,-12,-7,-2,9,6,0,0,-1,0,0,-1,2,-1
KR_6746972362,420,-2,-51,20,-7,-6,6,0,-1,3,2,2,1,3,-2,2,0,0,1,1,0,-6,184,-3,0,3,1,0,-2,-1,-1,-1,-1,5,-1
KR_6691320322,420,-3,10,-15,-3,-1,4,3,-3,3,0,0,2,2,1,0,1,0,0,0,0,-4,-41,-3,-1,4,0,0,-1,-1,-1,-1,-1,5,-1
KR_6633380532,420,3,23,7,5,-6,9,3,5,0,5,4,1,5,2,1,3,0,2,2,0,1,11,0,-3,3,0,0,0,1,1,1,-1,4,-1
KR_6756925961,420,-2,-58,-15,-7,-6,6,0,3,2,5,-1,4,3,-1,3,2,-2,2,0,0,6,1,1,-7,6,1,0,-2,-1,-1,-1,-1,5,-1
KR_6543389206,420,0,26,3,-7,2,1,3,-2,3,1,-5,6,1,2,1,3,-4,4,0,0,-8,20,3,-8,5,-8,0,0,-1,-1,0,-1,6,-1
KR_6730114273,440,-3,-166,-4,-11,-6,9,3,-1,3,2,-4,5,1,3,3,6,-3,3,0,0,-1,6,3,-4,1,-1,0,0,-1,-1,-1,-1,1,-1
KR_6665627045,420,1,22,4,1,0,3,3,3,3,6,-1,2,1,-1,5,4,0,1,1,0,-4,-3,0,-5,5,2,0,0,-1,1,1,-1,5,-1
KR_6146548231,420,0,20,-11,-4,0,1,1,3,3,6,0,1,1,-6,7,1,-1,2,1,0,-3,-96,6,-9,3,9,0,0,0,-1,-1,1,0,-1
KR_6658754124,440,-1,40,-31,-8,-1,1,0,1,1,2,-1,2,1,-5,11,6,-2,3,1,0,-10,-4,-3,-2,5,2,0,0,-1,-1,0,1,5,-1
KR_6736863802,420,-1,-37,8,-4,-1,3,2,-1,3,2,-1,1,0,-1,1,0,0,2,2,0,1,13,4,-6,2,1,0,-1,-1,1,-1,-1,3,-1
KR_6707150399,440,-5,-27,-24,-16,-4,6,2,-4,4,0,-1,2,1,-2,4,2,-5,5,0,0,-12,264,-4,-2,6,2,0,-3,1,0,-1,-1,1,-1
KR_6684960236,420,2,15,23,-3,4,0,4,2,2,4,-4,4,0,0,3,3,-5,6,1,0,-2,-5,-3,-5,8,0,0,-1,-1,-1,-1,-1,6,-1
KR_6696438412,420,-2,50,-10,-6,-2,2,0,4,4,8,-6,7,1,-1,3,2,-1,1,0,0,-1,-142,-6,-1,7,2,0,-1,-1,-1,-1,-1,2,-1
KR_6716697156,420,-2,-46,-29,-5,0,1,1,2,1,3,-2,4,2,-3,7,4,-2,2,0,-1,-4,0,1,-3,2,0,0,-2,-1,1,-1,-1,5,-1
KR_6762939670,420,-4,-41,0,-18,-6,7,1,-2,2,0,0,5,5,2,0,2,-12,14,2,-1,-21,-5,1,-3,2,-2,0,-3,0,-1,-1,-1,0,-1
KR_6763379712,420,0,25,-20,-4,1,0,1,-3,4,1,2,2,4,-3,3,0,-1,1,0,-1,-7,-29,-4,-4,8,4,0,0,-1,1,0,-1,2,-1
KR_6758190122,420,1,-32,11,1,0,0,0,3,1,4,1,0,1,-3,5,2,0,1,1,0,-2,49,0,-5,5,3,0,0,-1,0,0,1,3,-1
KR_6764015240,420,0,3,31,-2,-1,1,0,0,1,1,0,1,1,-1,5,4,0,0,0,-1,-7,-99,2,-6,4,-7,0,0,0,1,0,-1,0,-1
KR_6761164662,420,-4,-33,20,-9,-2,2,0,0,0,0,-6,7,1,0,1,1,-1,1,0,0,-2,7,1,-3,2,1,0,1,1,1,1,-1,3,-1
KR_6142797339,420,2,70,22,5,4,0,4,0,4,4,-1,3,2,4,0,4,-2,3,1,0,3,3,7,-12,5,1,0,1,1,1,1,-1,3,-1
KR_6747546716,440,2,19,32,2,-2,2,0,1,1,2,5,1,6,2,1,3,-4,10,6,0,-8,13,2,-8,6,1,0,0,1,1,1,1,5,-1
KR_6734486452,420,-3,-102,-17,-7,2,1,3,-2,9,7,-1,4,3,-3,4,1,-3,3,0,1,-7,1,5,-7,2,-3,0,-3,1,-1,-1,1,3,-1
KR_6760020064,420,-3,-81,6,-8,-1,1,0,-1,2,1,-1,1,0,-2,4,2,-3,3,0,0,-4,-15,-6,-4,10,2,0,-2,-1,0,-1,1,2,-1
KR_6752757093,440,-1,1,-4,2,3,2,5,-1,1,0,-1,2,1,0,1,1,1,0,1,1,-2,-5,-1,-5,6,0,0,1,-1,-1,1,1,4,-1
KR_6671530951,420,2,-62,20,7,8,0,8,-4,7,3,4,1,5,-4,4,0,3,0,3,0,4,19,-1,-4,5,-1,0,1,-1,1,1,1,6,-1
KR_6664186866,420,-1,-29,-31,2,-3,3,0,-3,3,0,3,3,6,4,2,6,1,2,3,0,11,-32,-2,-3,5,20,0,0,0,-1,-1,1,0,-1
KR_6610583637,420,-4,-29,-14,-5,1,1,2,-4,4,0,1,2,3,-4,9,5,1,0,1,0,1,34,-1,-6,7,5,0,0,-1,1,1,1,4,-1
KR_6717746496,420,-2,4,-22,0,-5,7,2,2,6,8,0,1,1,4,0,4,-1,2,1,0,0,82,0,-8,8,-12,0,-1,-1,-1,1,1,2,-1
KR_6759839918,420,2,10,-20,6,8,0,8,-5,6,1,2,1,3,2,4,6,-1,1,0,0,-9,-4,-8,0,8,-3,0,1,-1,-1,1,1,1,-1
KR_6699481573,420,1,-15,36,-8,-3,4,1,-1,2,1,-1,2,1,-2,3,1,-1,1,0,-1,-7,1,-6,-4,10,4,0,-1,-1,1,-1,-1,2,-1
KR_6732025281,420,-2,-83,34,-5,0,0,0,4,2,6,-3,5,2,-7,9,2,1,0,1,0,-6,-2,-1,-5,6,-5,0,-1,-1,1,-1,-1,1,-1
KR_6599446457,420,-4,-72,-13,-9,-1,2,1,-3,7,4,-3,3,0,-1,5,4,-1,1,0,0,-4,-9,-2,-5,7,-2,0,-1,-1,1,-1,1,5,-1
KR_6762732075,420,1,25,-4,1,0,1,1,-4,5,1,5,3,8,0,2,2,0,2,2,0,-3,-19,0,-7,7,-1,0,-1,-1,1,-1,1,6,-1
KR_6715475497,420,-1,-15,-37,-5,1,0,1,-4,7,3,-2,5,3,1,3,4,-1,1,0,0,-5,-145,-2,-5,7,2,0,0,-1,1,0,-1,3,-1
KR_6274921722,420,-3,-72,9,-14,-4,4,0,-1,5,4,-7,9,2,-2,6,4,0,1,1,-3,-16,2,3,-7,4,-3,0,-1,1,1,-1,1,3,-1
KR_6732334642,420,-4,-87,4,-14,-6,6,0,-3,5,2,-7,7,0,0,2,2,2,0,2,-1,-7,3,-2,-3,5,0,0,-2,-1,0,-1,-1,4,-1
KR_6624105997,420,-4,-31,-36,-10,-4,5,1,-2,2,0,-1,1,0,-3,4,1,0,2,2,0,-6,-5,1,-5,4,0,0,-1,-1,0,-1,-1,2,-1
KR_6658147456,420,0,-49,-5,4,3,0,3,-3,4,1,0,0,0,3,3,6,1,0,1,0,2,5,3,-6,3,-2,0,0,-1,-1,-1,-1,4,-1
KR_6670392193,420,4,-9,-8,6,-1,3,2,-3,6,3,5,1,6,4,1,5,1,1,2,0,4,15,6,-6,0,-4,0,0,1,-1,1,1,1,-1
KR_6741003862,440,1,-2,-9,-1,-3,4,1,1,2,3,3,0,3,-2,5,3,0,1,1,2,-1,1,3,-6,3,-3,0,0,1,-1,0,1,4,-1
KR_6762306156,420,2,100,6,1,6,1,7,2,2,4,-2,3,1,-1,1,0,-4,5,1,1,-1,6,6,-9,3,0,0,1,-1,-1,1,1,4,-1
KR_6764238504,420,1,5,-20,5,-2,3,1,1,1,2,-1,3,2,7,2,9,0,0,0,0,8,-16,0,-5,5,3,0,0,1,-1,-1,-1,6,-1
KR_6669273742,420,-3,-60,-2,-4,-4,5,1,0,2,2,-7,10,3,7,2,9,0,0,0,0,3,4,-9,-3,12,0,0,-2,1,-1,-1,-1,6,-1
KR_6760695814,420,-1,8,-8,-3,-1,2,1,-4,7,3,0,1,1,-1,6,5,3,0,3,0,-2,0,-3,-3,6,3,0,0,-1,1,0,-1,2,-1
KR_6756525682,440,-2,-108,-38,-3,0,2,2,1,1,2,-9,11,2,4,2,6,1,2,3,0,7,-12,-2,-2,4,-2,0,-3,1,-1,-1,1,3,-1
KR_6748491157,420,-3,-44,-2,-5,-3,6,3,-3,5,2,-4,5,1,3,2,5,2,0,2,0,-2,-21,0,-4,4,0,0,0,-1,-1,1,1,2,-1
KR_6690675857,420,-2,-15,13,-6,6,1,7,-5,5,0,-2,3,1,-3,4,1,-2,2,0,0,-13,7,7,-8,1,-5,0,0,1,0,0,-1,4,-1
KR_6717854787,420,-5,-61,-3,-10,-8,9,1,-3,3,0,1,0,1,-1,3,2,1,0,1,0,-1,11,-2,-2,4,-10,0,0,-1,-1,-1,1,3,-1
KR_6754863288,420,1,-19,5,0,-1,1,0,3,0,3,-4,6,2,0,0,0,2,1,3,0,-2,-1,1,-4,3,-3,0,-1,0,-1,-1,1,0,-1
KR_6740963505,440,0,-2,12,1,6,1,7,1,0,1,-5,5,0,-3,4,1,2,0,2,0,5,0,4,-10,6,1,0,-1,0,1,-1,-1,0,-1
KR_6749435181,440,-1,-70,-20,-3,1,1,2,0,1,1,-6,6,0,1,2,3,1,2,3,0,-5,-5,-4,-2,6,-2,0,0,-1,0,0,1,5,-1
KR_6399018649,420,-4,76,-20,-7,4,0,4,-5,8,3,-5,6,1,-1,4,3,0,0,0,0,-15,-3,-1,-4,5,2,0,-1,1,0,-1,1,3,-1
KR_6747473585,420,3,-55,0,-3,-4,5,1,1,2,3,1,1,2,-1,6,5,0,1,1,-1,-5,-6,-2,-1,3,-6,0,1,-1,-1,1,-1,3,-1
KR_6631711962,420,-5,-99,4,-7,-2,3,1,-6,8,2,1,1,2,-2,2,0,2,0,2,0,-7,-1,0,-7,7,-1,0,0,0,1,-1,-1,0,-1
KR_6736860828,420,-2,-37,-8,0,0,3,3,-3,5,2,2,0,2,2,1,3,-1,1,0,0,-2,3,8,-8,0,-2,0,0,1,1,0,1,4,-1
KR_6741234742,420,-4,-37,-23,-12,-5,5,0,0,2,2,-2,3,1,-5,7,2,0,2,2,0,-5,66,1,-6,5,-5,0,-1,-1,-1,-1,-1,1,-1
KR_6724342856,420,-3,2,4,-6,-4,5,1,2,2,4,2,0,2,-5,5,0,-1,1,0,0,2,-8,-1,-5,6,-2,0,-1,-1,-1,-1,-1,4,-1
KR_6545769097,420,3,24,-8,3,-1,2,1,-1,3,2,4,2,6,1,1,2,0,1,1,0,7,0,1,-6,5,1,0,-1,1,-1,-1,1,5,-1
KR_6741473951,420,-9,-113,-25,-22,-4,5,1,-5,5,0,-2,3,1,-2,2,0,-9,10,1,-1,-21,-4,-1,-2,3,-1,0,-3,-1,-1,-1,-1,5,-1
KR_6753798753,420,0,-22,0,4,1,1,2,0,2,2,-1,3,2,2,0,2,2,0,2,3,9,-16,2,-3,1,0,0,0,-1,-1,0,1,2,-1
KR_6749839975,420,0,-61,-6,0,-4,4,0,-1,1,0,0,2,2,4,1,5,1,0,1,0,3,-1,1,-3,2,2,0,0,1,1,0,1,3,-1
KR_6758386969,420,1,-29,0,-6,1,0,1,-2,2,0,-3,5,2,0,3,3,-2,2,0,0,-11,-11,3,-7,4,4,0,0,-1,1,0,1,5,-1
KR_6750693863,420,2,-50,31,3,-2,2,0,0,1,1,1,2,3,3,2,5,1,0,1,0,-1,0,2,-4,2,-3,0,-1,1,-1,-1,1,1,-1
KR_6752866413,420,-5,-35,-12,-14,-6,6,0,0,1,1,-8,9,1,1,1,2,-1,2,1,0,-6,-7,0,-5,5,-3,0,-2,-1,-1,-1,-1,4,-1
KR_6739617481,420,-1,-68,33,-9,-1,1,0,-1,2,1,0,4,4,-7,10,3,0,0,0,0,-10,15,-1,-2,3,1,0,-2,1,-1,-1,-1,1,-1
KR_6681298099,420,-6,-47,-15,-10,-1,3,2,-5,5,0,0,2,2,-3,4,1,-1,1,0,0,-9,27,2,-5,3,-2,0,-1,-1,-1,-1,1,1,-1
KR_6729805507,420,1,8,35,-5,2,2,4,3,2,5,-2,2,0,-6,7,1,-2,3,1,0,-8,-1,-2,-7,9,-4,0,0,-1,-1,-1,-1,1,-1
KR_6744863065,420,-1,30,-20,0,2,2,4,3,1,4,1,1,2,-7,9,2,1,1,2,3,1,-9,-2,-4,6,-3,0,-1,-1,1,1,1,4,-1
KR_6433381749,420,-4,-17,-36,-5,0,1,1,-1,5,4,-3,4,1,-1,2,1,0,0,0,0,-2,-41,8,-11,3,-10,0,0,-1,1,0,1,3,-1
KR_6762249601,420,1,-22,-12,2,6,2,8,0,1,1,-3,5,2,0,0,0,-1,2,1,1,-1,-3,-1,-1,2,-4,0,1,-1,1,1,1,5,-1
KR_6751177786,420,-2,-56,2,-6,-4,4,0,-3,4,1,1,4,5,-2,2,0,2,0,2,0,-2,7,0,-5,5,2,0,0,-1,1,1,-1,4,-1
KR_6599639751,420,-1,-22,20,-10,-1,1,0,-3,6,3,-8,8,0,0,2,2,2,1,3,0,1,-10,0,-3,3,1,0,0,1,-1,-1,-1,5,-1
KR_6718086246,420,-2,-3,10,-9,-8,8,0,1,2,3,-2,3,1,-1,3,2,1,0,1,0,-5,-9,0,-5,5,4,0,0,-1,1,0,-1,4,-1
KR_6756623724,420,-1,55,-4,-6,-8,10,2,-2,2,0,3,1,4,2,1,3,-1,2,1,0,-4,-55,0,-5,5,0,0,0,-1,1,0,1,2,-1
KR_6695623331,420,-2,-1,-3,-6,2,0,2,-7,8,1,-4,4,0,3,3,6,0,5,5,0,-5,15,-3,-3,6,5,0,0,-1,1,0,-1,4,-1
KR_6762969869,420,0,-8,-23,-4,3,1,4,0,2,2,-4,5,1,-4,7,3,1,0,1,0,-3,-1,1,-3,2,-1,0,-1,-1,1,1,1,1,-1
KR_6711257754,420,-2,13,-2,2,1,1,2,0,2,2,-3,8,5,3,2,5,1,1,2,1,9,1,-1,-8,9,-1,0,0,1,-1,0,1,5,-1
KR_6761593495,420,0,16,-44,-8,1,2,3,-8,8,0,2,3,5,0,1,1,-3,3,0,-3,-15,-14,5,-9,4,1,0,-2,-1,-1,-1,-1,3,-1
KR_6759088084,440,-1,64,-24,-7,1,1,2,2,1,3,-1,1,0,-6,14,8,-3,4,1,1,-3,7,2,-4,2,1,0,-2,0,0,-1,1,0,-1
KR_6758072227,420,2,15,16,1,0,1,1,-1,4,3,3,1,4,-1,2,1,0,0,0,0,-2,-34,4,-6,2,20,0,1,1,1,1,1,6,-1
KR_6729069191,420,3,55,-1,3,-2,2,0,5,1,6,-3,7,4,0,2,2,3,0,3,0,2,2,-1,-4,5,6,0,0,-1,-1,0,-1,2,-1
KR_6746379659,420,-1,-85,24,7,0,0,0,5,3,8,-1,2,1,1,2,3,2,1,3,0,5,-6,-6,-5,11,-1,0,0,1,1,0,1,2,-1
KR_6669467398,420,-1,-10,4,-1,3,1,4,-6,7,1,0,1,1,0,2,2,2,0,2,-1,-3,-3,0,-4,4,-2,0,0,0,-1,0,-1,0,-1
KR_6759015719,420,-1,-3,-16,0,0,3,3,2,0,2,2,3,5,-3,8,5,-1,1,0,0,4,7,3,-8,5,-4,0,1,0,-1,-1,-1,0,-1
KR_6727846307,420,0,-42,-5,3,1,0,1,-4,7,3,-1,4,3,8,2,10,-1,2,1,0,6,-106,-1,-6,7,2,0,1,-1,1,1,-1,2,-1
KR_6726927737,420,-1,-45,0,0,-4,4,0,4,2,6,3,3,6,-2,4,2,-1,1,0,0,-4,-24,1,-4,3,5,0,0,1,0,-1,1,5,-1
KR_6651203048,420,-11,-88,-44,-24,-2,2,0,-6,6,0,-9,11,2,-3,5,2,-4,4,0,-1,-18,-9,-2,-5,7,-5,0,-2,-1,0,-1,-1,4,-1
KR_6761971385,420,1,42,9,-4,1,1,2,-2,6,4,-6,7,1,6,0,6,-3,3,0,2,2,18,-3,-4,7,3,0,1,-1,1,1,1,4,-1
KR_6617212977,420,-1,20,8,1,2,0,2,2,0,2,1,3,4,-5,7,2,1,2,3,0,1,-1,-2,-4,6,0,0,0,-1,1,0,1,2,-1
KR_6585696976,420,-4,-25,-4,-2,-5,5,0,-2,5,3,0,0,0,4,1,5,1,2,3,0,2,-9,-5,-1,6,4,0,-1,-1,-1,-1,-1,3,-1
KR_6750409187,440,-2,-14,-36,1,0,1,1,-3,4,1,3,1,4,3,2,5,-2,2,0,0,10,-3,1,-4,3,-1,0,-1,1,0,-1,1,1,-1
KR_6760940239,440,-4,-91,-15,-6,-3,3,0,5,2,7,-4,5,1,-2,2,0,-2,3,1,-1,4,-4,0,-5,5,1,0,0,-1,-1,-1,-1,5,-1
KR_6745980754,420,4,78,39,0,5,1,6,-2,2,0,0,2,2,-6,6,0,3,0,3,0,-5,-52,2,-6,4,2,0,-1,1,1,1,1,5,-1
KR_6746946038,420,1,13,16,-8,3,0,3,-4,5,1,-4,7,3,-4,4,0,1,0,1,0,-10,6,1,-8,7,1,0,0,-1,-1,0,-1,4,-1
KR_6755117055,420,-3,-13,7,-3,-4,5,1,0,3,3,3,2,5,-1,2,1,-1,1,0,0,-5,-31,1,-5,4,3,0,-1,0,-1,-1,-1,0,-1
KR_6667879887,420,-3,-102,-4,-10,-1,2,1,-3,5,2,-5,8,3,-1,2,1,0,3,3,0,-9,19,-2,-3,5,-3,0,-1,0,-1,-1,1,0,-1
KR_6754372080,440,2,-14,-24,5,1,0,1,2,1,3,1,2,3,0,5,5,1,0,1,0,3,-11,-1,-4,5,2,0,0,0,0,0,-1,0,-1
KR_6573077502,420,-5,-44,-5,-7,-2,3,1,-2,4,2,-2,2,0,-1,1,0,0,0,0,0,-4,-30,4,-6,2,-1,0,-2,1,-1,-1,-1,5,-1
KR_6750843441,420,0,-34,20,-11,-5,5,0,1,3,4,-2,9,7,-3,4,1,-2,2,0,-1,-13,-8,-2,-3,5,1,0,-2,-1,-1,-1,-1,3,-1
KR_6742794855,420,-1,19,-8,-5,-3,4,1,-2,3,1,0,0,0,0,0,0,0,0,0,0,-5,1,-3,-2,5,-1,0,0,-1,1,-1,-1,4,-1
KR_6658084235,420,-2,-2,15,-4,0,1,1,0,0,0,0,4,4,-3,3,0,-1,2,1,0,-5,-12,-4,-6,10,7,0,-2,-1,1,-1,-1,3,-1
KR_6711918574,420,-2,29,19,-6,3,1,4,-1,2,1,-5,6,1,-5,7,2,2,0,2,0,-12,-3,1,-6,5,-1,0,1,1,1,1,1,5,-1
KR_6740430504,420,-4,-76,-23,-7,0,2,2,-6,7,1,-4,5,1,4,0,4,-1,1,0,0,4,2,-2,-2,4,0,0,0,-1,-1,-1,-1,6,-1
KR_6764194076,420,-4,-56,4,-11,-7,7,0,1,0,1,1,0,1,-5,6,1,-1,2,1,0,-6,-9,-3,-4,7,-1,0,-3,1,-1,-1,-1,2,-1
KR_6762651526,420,0,5,-5,-3,-3,4,1,-4,6,2,-1,2,1,5,1,6,0,1,1,-1,-2,-330,-6,-2,8,-1,0,-1,-1,1,-1,-1,4,-1
KR_6761739950,420,1,35,-9,-2,2,0,2,-3,6,3,1,1,2,1,1,2,-3,3,0,0,-3,1,1,-4,3,-1,0,1,1,-1,1,-1,5,-1
KR_6668901139,420,-2,82,3,-3,3,0,3,-5,6,1,-2,4,2,0,2,2,1,0,1,0,-2,46,1,-4,3,-28,0,-1,1,0,1,-1,1,-1
KR_6713765412,420,-1,16,16,0,0,1,1,-6,7,1,-1,1,0,7,0,7,0,0,0,0,3,-59,2,-6,4,-25,0,0,1,1,0,1,3,-1
KR_6751974513,420,-1,-43,-13,-2,3,1,4,0,1,1,-4,5,1,-2,4,2,1,1,2,0,-7,-9,-1,-2,3,-1,0,-1,-1,1,-1,1,2,-1
KR_6763458105,420,-4,-77,-12,-4,-2,2,0,-2,2,0,1,1,2,-1,3,2,0,0,0,0,0,-117,-2,-3,5,1,0,-2,-1,-1,-1,1,4,-1
KR_6736002837,420,0,57,21,11,6,1,7,0,2,2,8,3,11,-5,6,1,2,4,6,0,-4,255,-1,-3,4,3,0,1,1,-1,1,1,5,-1
KR_6666373002,420,0,-28,15,-5,-2,2,0,-1,3,2,0,3,3,0,2,2,-2,2,0,0,-18,5,0,-6,6,-4,0,0,-1,1,0,1,1,-1
KR_6763952422,420,-6,-118,17,-9,1,2,3,-4,4,0,-4,5,1,-3,5,2,1,2,3,0,-4,87,2,-4,2,-4,0,0,1,1,-1,1,1,-1
KR_6710889843,420,1,-11,29,-3,2,1,3,-1,6,5,1,1,2,-5,6,1,0,0,0,0,-6,-4,5,-9,4,1,0,0,1,1,1,-1,4,-1
KR_6591386074,420,2,-2,10,16,2,1,3,3,1,4,0,3,3,6,1,7,5,0,5,0,15,-90,7,-10,3,-2,0,1,1,1,1,1,5,-1
KR_6750661025,440,-2,0,-32,-6,-4,5,1,0,3,3,-1,3,2,-2,3,1,1,0,1,0,1,3,6,-6,0,-2,0,0,1,-1,0,1,6,-1
KR_6734702858,440,-1,48,-21,-4,-2,2,0,-2,3,1,1,1,2,-2,3,1,1,0,1,0,-10,-2,-1,-3,4,-5,0,-1,-1,0,-1,-1,3,-1
KR_6648903503,420,1,55,11,-3,2,1,3,-4,8,4,-3,6,3,0,0,0,2,0,2,0,1,-7,3,-4,1,0,0,0,0,0,0,1,0,-1
KR_6473926042,420,-6,-115,-18,-15,-1,1,0,-9,11,2,1,0,1,0,1,1,-6,7,1,-1,-16,-49,-6,-2,8,1,0,-1,-1,-1,-1,-1,3,-1
KR_6715067184,420,0,-55,4,0,1,1,2,2,2,4,-3,5,2,2,0,2,-2,3,1,0,1,-5,1,-5,4,-2,0,1,1,1,1,1,2,-1
KR_6745506127,420,-5,-70,-24,-3,0,1,1,-1,2,1,2,2,4,-5,7,2,1,1,2,0,-1,5,-2,-1,3,2,0,0,0,-1,-1,-1,0,-1
KR_6757501565,420,-1,-61,8,-3,-6,7,1,2,0,2,0,1,1,0,2,2,1,0,1,0,5,29,-2,-2,4,-10,0,0,1,1,-1,-1,5,-1
KR_6654688483,420,-1,-59,-13,1,3,0,3,5,2,7,-5,7,2,1,1,2,-3,4,1,0,-5,-3,3,-6,3,0,0,0,-1,1,1,-1,4,-1
KR_6690622096,420,1,-17,12,3,0,3,3,0,1,1,6,2,8,-3,4,1,0,0,0,0,-2,2,0,-6,6,-5,0,-1,0,-1,-1,-1,0,-1
KR_6731129320,440,-3,-9,-20,-6,-3,3,0,-1,3,2,-2,2,0,0,0,0,0,0,0,0,-6,2,-1,-3,4,-1,0,-1,-1,-1,-1,-1,4,-1
KR_6751486405,420,-5,-92,-17,-11,-5,5,0,-1,2,1,1,1,2,-2,5,3,-4,4,0,0,-9,-52,0,-6,6,-5,0,-2,-1,1,-1,-1,1,-1
KR_6754100589,420,-3,19,24,-11,2,1,3,-4,5,1,-5,5,0,-5,6,1,1,0,1,0,-12,-125,-4,-4,8,0,0,0,-1,0,0,1,5,-1
KR_6679755115,420,-4,-39,-20,-6,-1,3,2,-4,7,3,0,2,2,-3,5,2,2,0,2,0,-5,-13,2,-4,2,2,0,-1,-1,-1,-1,-1,3,-1
KR_6549211788,420,-3,-33,-12,-5,-3,5,2,-1,3,2,-2,4,2,1,1,2,0,1,1,2,0,-31,-4,-3,7,4,0,-1,1,-1,-1,1,4,-1
KR_6763852002,420,-4,-16,-36,-2,-3,5,2,-5,5,0,1,2,3,4,0,4,1,0,1,0,0,-28,-1,-3,4,2,0,0,1,-1,-1,1,1,-1
KR_6734037711,420,-3,-14,4,-7,1,2,3,-4,5,1,-5,5,0,4,1,5,-3,3,0,0,-12,1,-1,-2,3,3,0,0,1,-1,-1,-1,6,-1
KR_6561551443,420,0,47,0,-2,3,0,3,2,3,5,-9,11,2,1,4,5,1,0,1,0,-8,-6,-1,-5,6,-2,0,1,1,-1,1,1,2,-1
KR_6724548473,420,0,-22,19,-5,-1,3,2,-2,5,3,1,1,2,-1,3,2,-2,2,0,0,-9,50,6,-8,2,-22,0,1,1,1,1,-1,5,-1
KR_6709876661,420,-6,-137,4,-14,-4,4,0,-5,6,1,-3,6,3,0,5,5,-2,2,0,1,-11,-16,-4,-2,6,0,0,-2,-1,-1,-1,1,5,-1
KR_6745695380,420,-4,-47,-16,-6,-1,1,0,-4,7,3,0,1,1,0,4,4,-1,1,0,0,-6,7,2,-5,3,-4,0,0,0,0,1,1,0,-1
KR_6033252606,420,2,38,12,0,1,3,4,-1,2,1,4,1,5,-5,7,2,1,0,1,-1,-6,2,-6,-1,7,0,0,2,-1,-1,1,-1,1,-1
KR_6502439972,420,-5,-58,-8,-11,-3,5,2,-6,6,0,-1,3,2,-1,2,1,0,1,1,0,-10,10,-2,-5,7,-3,0,0,-1,-1,-1,1,6,-1
KR_6715886795,420,2,46,-24,6,1,2,3,2,0,2,2,0,2,-1,2,1,2,1,3,0,6,1,3,-6,3,0,0,1,-1,1,1,1,4,-1
KR_6655211361,420,-2,-27,0,-1,1,0,1,2,2,4,-1,4,3,-3,3,0,0,0,0,0,-3,-17,1,-4,3,-3,0,-1,-1,-1,-1,-1,4,-1
KR_6494362034,420,-4,-29,-8,-9,-1,2,1,-4,6,2,-4,5,1,0,4,4,0,0,0,0,-9,-4,11,-12,1,-6,0,0,-1,-1,-1,1,1,-1
KR_6566789925,420,-1,-5,-20,-6,-3,3,0,1,2,3,-4,4,0,1,1,2,-1,1,0,0,-5,6,-2,-2,4,0,0,0,-1,-1,-1,-1,6,-1
KR_6747371042,420,-1,43,-8,-1,0,1,1,-2,4,2,2,3,5,1,2,3,-2,2,0,0,-10,-2,2,-5,3,3,0,0,-1,0,-1,-1,6,-1
KR_6724936074,420,-1,-24,28,-6,-6,6,0,0,2,2,-2,3,1,-1,6,5,3,0,3,-1,-14,235,-2,-2,4,2,0,-1,-1,1,1,-1,4,-1
KR_6726716335,420,2,19,11,-6,-2,3,1,-8,9,1,0,1,1,4,2,6,0,1,1,1,-7,19,-1,-5,6,-4,0,1,-1,1,1,-1,2,-1
KR_6697858330,420,1,37,1,0,-5,5,0,1,1,2,5,1,6,-1,3,2,0,0,0,-1,-1,-14,-2,-3,5,3,0,-2,1,-1,-1,-1,2,-1
KR_6729812450,420,1,25,-9,3,1,2,3,1,1,2,-5,5,0,5,1,6,1,1,2,1,8,0,4,-6,2,4,0,1,1,-1,1,1,2,-1
KR_6717591917,420,-6,-105,-9,-14,-4,5,1,-3,5,2,-4,4,0,-3,5,2,0,2,2,0,-11,10,-2,-2,4,-1,0,-2,-1,-1,-1,-1,1,-1
KR_6275101698,420,4,-10,32,9,0,2,2,0,1,1,1,1,2,4,2,6,4,0,4,0,9,-1,3,-6,3,0,0,0,1,-1,1,1,5,-1
KR_6716566341,440,-2,-69,4,-7,1,1,2,1,0,1,-3,4,1,-4,5,1,-2,2,0,0,-1,-7,-1,-5,6,-2,0,-1,-1,-1,-1,-1,4,-1
KR_6764504330,420,-1,39,-18,1,1,2,3,0,2,2,0,2,2,0,1,1,0,1,1,-1,0,380,-1,-2,3,4,0,1,1,-1,1,1,2,-1
KR_6740859283,420,0,29,-5,-3,2,0,2,-1,5,4,-6,6,0,2,3,5,0,0,0,-1,-4,-4,0,-5,5,-4,0,-1,-1,-1,-1,-1,1,-1
KR_6588288637,420,4,25,-19,8,-1,2,1,2,1,3,-1,2,1,5,2,7,3,2,5,0,12,-1,-4,-1,5,2,0,1,-1,1,1,1,4,-1
KR_6726032573,440,2,-20,-4,4,0,1,1,1,0,1,-1,4,3,1,1,2,3,0,3,0,8,-9,-3,-1,4,2,0,0,0,-1,1,1,0,-1
KR_6761093558,420,-4,-57,-20,-17,-4,5,1,0,4,4,-2,5,3,-10,10,0,-1,3,2,-4,-18,-25,0,-4,4,0,0,-3,-1,-1,-1,-1,3,-1
KR_6731591915,420,-2,-58,-16,3,-1,4,3,3,0,3,-1,2,1,1,2,3,1,1,2,0,13,38,3,-6,3,-8,0,0,-1,0,0,-1,3,-1
KR_6610681422,420,-3,-58,20,-3,-2,2,0,0,3,3,1,0,1,-2,3,1,0,2,2,0,-5,-234,1,-7,6,-4,0,0,-1,1,0,-1,5,-1
KR_6711398898,420,-2,21,-28,0,2,1,3,-1,3,2,1,2,3,-1,3,2,-1,1,0,0,-3,-12,-2,-5,7,4,0,0,-1,-1,-1,-1,4,-1
KR_6722517787,420,-6,-1,-23,-7,0,3,3,-5,5,0,-1,3,2,0,3,3,-1,1,0,0,-10,-5,0,-5,5,1,0,1,-1,-1,1,1,4,-1
KR_6754986291,420,0,-5,15,-16,-11,11,0,1,0,1,-1,3,2,-4,5,1,-1,2,1,0,-9,-1,1,-4,3,-2,0,-1,0,0,-1,-1,0,-1
KR_6759349446,440,-5,-62,-16,-11,0,1,1,-2,3,1,-7,8,1,-2,4,2,0,0,0,0,-7,-27,-1,-2,3,-2,0,0,-1,-1,0,-1,4,-1
KR_6471568066,420,-2,-23,8,-6,-1,1,0,-5,6,1,-3,3,0,-1,1,0,4,0,4,0,-7,-2,-3,-4,7,-4,0,-1,1,1,-1,-1,6,-1
KR_6754817432,420,2,1,23,3,1,1,2,1,0,1,2,1,3,0,1,1,-1,1,0,0,-1,6,2,-5,3,-1,0,0,0,1,0,1,0,-1
KR_6741864043,420,-3,-28,-18,-4,-2,4,2,0,3,3,-1,2,1,0,2,2,-1,2,1,0,2,-2,5,-8,3,-3,0,-1,-1,-1,-1,-1,4,-1
KR_6741029026,440,-2,-37,-1,-7,1,0,1,2,0,2,-5,7,2,-6,8,2,1,2,3,0,-6,13,2,-4,2,-5,0,0,-1,0,0,1,3,-1
KR_6745259544,420,-2,-47,-12,-2,0,3,3,-1,4,3,-2,4,2,-1,3,2,2,1,3,0,1,23,0,-4,4,-7,0,0,0,1,0,-1,0,-1
KR_6724454773,440,-2,-37,-12,-6,1,0,1,1,3,4,-1,1,0,-8,8,0,1,0,1,0,-6,0,0,-7,7,-1,0,0,-1,-1,-1,-1,4,-1
KR_6730356998,420,0,2,-10,-3,3,0,3,2,2,4,-5,5,0,-4,5,1,1,1,2,0,-5,-11,-2,-4,6,-3,0,0,-1,-1,-1,-1,2,-1
KR_6539457485,440,-3,-72,0,1,-3,3,0,0,5,5,5,1,6,-2,3,1,1,1,2,0,-7,-5,-1,-5,6,-1,0,-1,0,1,-1,1,0,-1
KR_6760536753,420,-2,2,6,-5,-3,5,2,3,1,4,-4,5,1,-1,2,1,0,1,1,0,-8,-5,2,-4,2,0,0,-1,1,-1,-1,-1,4,-1
KR_6757049480,420,4,-9,20,7,1,1,2,2,3,5,2,3,5,3,3,6,-1,1,0,0,-8,7,-5,-2,7,3,0,1,1,1,1,1,3,-1
KR_6669928266,420,2,8,10,2,6,0,6,4,1,5,-3,5,2,-6,7,1,1,2,3,0,9,-18,-6,-3,9,1,0,0,-1,1,1,1,1,-1
KR_6749335581,420,0,-37,0,-7,2,1,3,-1,3,2,-3,4,1,-4,4,0,-1,2,1,0,-10,4,-1,-3,4,-4,0,0,-1,-1,1,-1,6,-1
KR_6703686659,420,3,17,28,2,-3,5,2,-1,6,5,0,1,1,3,0,3,3,0,3,-1,4,-295,1,-5,4,5,0,1,1,1,1,-1,4,-1
KR_6710449374,440,0,11,20,-3,-3,4,1,0,3,3,1,3,4,-2,4,2,1,1,2,-1,-7,32,0,-4,4,-2,0,0,1,-1,0,-1,3,-1
KR_6759100467,420,-1,-30,4,-4,-2,2,0,-2,2,0,1,2,3,-2,3,1,1,1,2,0,-5,-1,4,-6,2,2,0,-1,0,-1,-1,1,0,-1
KR_6746917557,420,-5,-59,-32,-17,-3,4,1,0,3,3,-5,5,0,-6,7,1,-3,3,0,0,-16,286,-1,-3,4,-2,0,-1,-1,-1,-1,-1,1,-1
KR_6753844641,420,-1,-43,12,-4,-7,8,1,0,1,1,-1,1,0,2,1,3,2,0,2,-1,6,-123,-2,-6,8,7,0,-1,-1,1,-1,-1,1,-1
KR_6679222609,440,-2,-76,-12,-9,-2,2,0,-4,5,1,0,1,1,-2,6,4,-1,1,0,0,-3,2,1,-6,5,0,0,-1,-1,-1,-1,-1,1,-1
KR_6658997618,420,-6,-41,-36,-11,-5,5,0,-3,3,0,-2,2,0,0,0,0,-1,1,0,-1,-16,-3,-3,-1,4,-3,0,-1,-1,-1,-1,-1,4,-1
KR_6700338011,420,-1,20,4,-5,1,2,3,-2,2,0,-2,2,0,-2,4,2,0,1,1,-1,-9,-37,3,-7,4,-1,0,2,-1,1,1,-1,5,-1
KR_6728077763,420,-4,-22,-12,-8,0,2,2,-2,3,1,-2,2,0,-3,3,0,-1,1,0,0,-11,35,4,-7,3,-21,0,-2,-1,-1,-1,-1,4,-1
KR_6732025528,420,-3,-24,-20,-7,1,1,2,-5,6,1,-2,2,0,-1,4,3,0,0,0,0,-7,149,-2,-5,7,-19,0,0,0,-1,0,-1,0,-1
KR_6750827406,420,-1,19,-8,3,3,0,3,5,1,6,-1,4,3,1,3,4,-5,6,1,0,4,10,6,-6,0,-6,0,0,1,1,0,1,1,-1
KR_6741699760,420,0,-3,-15,-2,-2,4,2,0,2,2,-1,3,2,-2,2,0,3,0,3,-1,0,25,0,-5,5,-2,0,1,1,-1,1,-1,1,-1
KR_6749289149,420,1,-38,-12,-1,2,2,4,1,2,3,-2,4,2,-3,3,0,1,0,1,0,1,11,3,-8,5,-1,0,0,-1,-1,0,-1,4,-1
KR_6761113316,420,3,10,12,14,0,1,1,-2,4,2,5,0,5,8,1,9,3,0,3,0,13,6,0,-4,4,2,0,0,1,1,0,1,6,-1
KR_6471609337,420,6,40,48,-1,-1,1,0,0,4,4,-1,3,2,1,1,2,0,1,1,0,0,49,4,-6,2,-26,0,1,1,-1,1,-1,4,-1
KR_6582737052,420,0,7,-9,2,-1,1,0,3,1,4,-2,2,0,0,1,1,2,1,3,0,6,20,-1,-3,4,-4,0,0,1,-1,0,1,2,-1
KR_6737023471,420,0,22,16,2,0,2,2,-1,2,1,-1,1,0,0,2,2,4,2,6,0,8,21,0,-6,6,-10,0,0,1,-1,-1,1,1,-1
KR_6763417701,420,-1,-38,20,-2,-2,4,2,-3,4,1,-3,6,3,2,1,3,4,1,5,-1,-3,-276,-2,-2,4,1,0,0,0,-1,-1,-1,0,-1
KR_6754643311,420,-5,-56,28,-13,-4,5,1,-4,6,2,0,3,3,-2,5,3,-3,4,1,0,-5,30,1,-5,4,-2,0,-1,1,-1,-1,-1,5,-1
KR_6755114428,420,-1,18,-13,-9,2,2,4,-2,3,1,-6,6,0,1,1,2,-4,4,0,0,-11,-5,1,-4,3,3,0,-1,-1,-1,-1,-1,6,-1
KR_6660356000,420,1,30,12,4,4,0,4,-1,3,2,-1,3,2,2,1,3,0,4,4,1,0,-6,3,-6,3,-1,0,1,1,1,1,1,4,-1
KR_6504578331,420,-5,1,-52,-4,-1,3,2,-5,6,1,1,0,1,0,2,2,1,1,2,0,-7,-30,1,-5,4,1,0,0,-1,0,0,1,4,-1
KR_6676343666,420,-1,37,-8,-11,-3,6,3,0,3,3,-3,3,0,-5,6,1,0,1,1,0,-12,-8,0,-4,4,6,0,-2,-1,-1,-1,-1,2,-1
KR_6744729686,440,-6,-110,-26,-13,-1,1,0,-2,8,6,0,3,3,-11,12,1,1,1,2,0,-13,73,-1,-5,6,-3,0,-2,-1,-1,-1,-1,3,-1
KR_6745447350,420,0,39,-32,3,3,0,3,-4,8,4,5,0,5,-2,2,0,1,1,2,0,-3,-69,-4,-5,9,25,0,0,1,1,1,-1,1,-1
KR_6705624340,440,-9,-156,-40,-20,-10,10,0,1,3,4,-12,12,0,2,1,3,-1,1,0,0,1,-1,-2,-7,9,-3,0,-6,-1,-1,-1,-1,3,-1
KR_6672476561,420,2,19,6,3,-2,3,1,0,4,4,3,1,4,2,0,2,0,1,1,0,6,6,4,-8,4,5,0,0,-1,-1,0,1,6,-1
KR_6673868544,420,-1,-70,1,0,1,1,2,1,1,2,-5,5,0,5,1,6,-2,3,1,0,2,19,2,-4,2,-2,0,0,1,1,1,1,3,-1
KR_6505737706,420,1,72,15,-5,1,0,1,1,4,5,-5,5,0,-1,3,2,-1,2,1,0,-8,-1,-1,-2,3,1,0,1,1,0,1,-1,1,-1
KR_6680498671,420,-1,4,-11,-3,2,0,2,0,2,2,0,2,2,-4,5,1,-1,1,0,-1,-9,2,2,-6,4,-8,0,-1,-1,0,-1,-1,2,-1
KR_6142592170,420,-5,-35,-10,-14,0,0,0,0,3,3,-4,4,0,-7,7,0,-3,3,0,0,-10,-28,1,-5,4,-1,0,0,-1,1,-1,-1,5,-1
KR_6683624679,420,-7,-113,-19,-18,-5,5,0,-2,5,3,-10,12,2,0,3,3,-1,1,0,0,-15,3,-1,-3,4,-5,0,-1,0,0,-1,-1,0,-1
KR_6762606948,420,6,97,4,5,3,0,3,2,3,5,-1,4,3,3,1,4,-2,2,0,0,6,-20,2,-5,3,1,0,1,0,1,1,-1,0,-1
KR_6591882969,420,-5,-55,-4,-8,-1,2,1,-1,3,2,-2,6,4,-4,4,0,0,1,1,-1,-1,-8,-1,-6,7,-2,0,-2,-1,-1,-1,-1,4,-1
KR_6635144417,420,-1,-11,-15,0,-2,2,0,4,1,5,-1,1,0,-1,2,1,0,0,0,0,-1,32,-3,-3,6,-26,0,-1,1,-1,-1,1,2,-1
KR_6735721452,420,-2,-25,-24,-8,5,1,6,-2,5,3,-5,6,1,-8,9,1,2,0,2,-3,-3,5,-2,-3,5,0,0,-2,-1,-1,-1,-1,5,-1
KR_6494173317,420,-3,-89,12,-5,0,3,3,-1,2,1,1,0,1,-4,4,0,-1,1,0,0,-1,55,-3,-4,7,-3,0,0,-1,1,0,-1,3,-1
KR_6569065452,420,2,-73,4,-5,1,1,2,-5,6,1,0,2,2,0,0,0,-1,1,0,0,-9,-39,-2,-4,6,35,0,-1,-1,-1,-1,-1,4,-1
KR_6751312283,440,-1,-2,12,6,2,1,3,1,2,3,1,0,1,-1,3,2,3,1,4,2,4,-2,-2,-5,7,1,0,0,-1,1,1,1,1,-1
KR_6736418639,420,-3,-38,4,-2,3,0,3,-4,5,1,-1,3,2,0,3,3,0,1,1,0,1,0,-2,-2,4,-4,0,-2,-1,-1,-1,-1,2,-1
KR_6763059636,420,-3,-41,-8,-8,-3,3,0,3,2,5,-2,3,1,-4,4,0,-2,2,0,0,-6,1,1,-6,5,-6,0,0,-1,0,0,-1,5,-1
KR_6659604790,420,3,20,14,1,4,0,4,-2,6,4,-2,4,2,2,2,4,-1,1,0,0,-6,-212,-3,-3,6,6,0,1,-1,1,-1,1,1,-1
KR_6727903059,420,-1,-6,4,-6,1,2,3,-1,8,7,-2,2,0,-4,4,0,0,0,0,0,-10,11,0,-3,3,-4,0,0,-1,0,1,-1,5,-1
KR_6539469399,420,-3,-55,-1,-7,1,1,2,-2,4,2,-1,2,1,-4,5,1,-1,2,1,0,-4,120,3,-7,4,16,0,-2,-1,-1,-1,-1,4,-1
KR_6715632774,420,-2,-15,-7,1,0,1,1,2,1,3,-1,2,1,0,1,1,0,2,2,0,6,15,3,-6,3,-5,0,0,-1,1,0,1,6,-1
KR_6735992067,420,0,28,-37,-6,1,0,1,-2,3,1,0,3,3,-3,4,1,-2,4,2,0,-12,12,-1,-4,5,-1,0,-1,-1,1,-1,-1,4,-1
KR_6731021481,420,0,-36,10,-2,4,3,7,2,2,4,-3,4,1,-7,8,1,2,0,2,-1,-6,-202,0,-4,4,-4,0,1,-1,1,1,-1,2,-1
KR_6344419616,420,2,-31,44,1,2,0,2,-1,4,3,2,2,4,-3,5,2,1,0,1,1,4,1,-1,-5,6,-3,0,-1,1,-1,-1,1,2,-1
KR_6360326933,420,0,-81,-16,-2,-2,3,1,4,2,6,-2,5,3,-2,3,1,0,1,1,0,7,0,0,0,0,1,0,-1,-1,-1,-1,-1,4,-1
KR_6762058989,420,-1,-11,-11,-11,-7,7,0,-6,7,1,3,1,4,0,3,3,-1,1,0,-1,-5,-169,0,-4,4,-4,0,0,-1,-1,-1,-1,5,-1
KR_6759608156,420,-3,-41,-8,-7,-2,2,0,-4,8,4,1,1,2,-1,4,3,-1,2,1,0,-4,-4,-2,-2,4,-2,0,-1,-1,1,-1,-1,4,-1
KR_6764548461,420,2,70,-2,4,2,1,3,0,0,0,2,1,3,1,1,2,-1,1,0,0,0,26,-5,-4,9,-10,0,1,-1,1,1,1,6,-1
KR_6588917761,420,-6,23,-4,-8,-4,4,0,-1,4,3,1,2,3,-2,4,2,-2,2,0,0,-3,-1,2,-6,4,-2,0,0,-1,1,0,-1,3,-1
KR_6761511761,420,1,-1,61,-6,0,3,3,-2,6,4,-5,6,1,0,2,2,1,0,1,0,-4,0,1,-5,4,6,0,0,-1,1,1,-1,2,-1
KR_6703566271,420,-1,-48,17,-3,2,2,4,0,1,1,-4,6,2,-2,3,1,1,0,1,1,6,55,1,-4,3,-4,0,1,0,-1,-1,1,0,-1
KR_6687084241,420,-3,-63,16,-8,-2,5,3,1,2,3,0,2,2,-5,8,3,-2,4,2,0,-11,6,-3,-6,9,-2,0,0,-1,1,1,1,1,-1
KR_6568008508,420,0,51,5,4,1,0,1,-2,3,1,1,2,3,4,0,4,0,0,0,0,-1,-10,1,-3,2,1,0,0,-1,0,0,1,1,-1
KR_6761382196,420,-2,-33,-12,-12,-2,2,0,-1,1,0,0,2,2,-7,10,3,-2,2,0,0,-15,0,-3,-2,5,-2,0,-1,-1,-1,-1,1,5,-1
KR_6586823567,420,0,13,-17,0,-1,3,2,2,3,5,-2,2,0,1,2,3,0,0,0,-1,-1,-5,-4,-3,7,2,0,0,1,-1,0,-1,6,-1
KR_6745997099,420,2,103,-20,-6,3,0,3,-3,5,2,-5,5,0,1,1,2,-2,3,1,0,0,2,3,-6,3,3,0,1,1,1,1,1,5,-1
KR_6566369320,420,3,-22,32,3,-6,7,1,3,0,3,-1,3,2,4,3,7,3,0,3,2,15,-8,-1,-5,6,-1,0,1,1,1,1,1,1,-1
KR_6471675697,420,2,81,9,3,2,1,3,-2,4,2,0,3,3,0,2,2,3,1,4,0,7,-8,0,-7,7,1,0,1,1,-1,1,1,2,-1
KR_6740291122,420,-2,-22,-23,-6,-1,3,2,-3,3,0,-2,5,3,0,2,2,0,0,0,0,-6,-13,-4,-3,7,4,0,0,-1,0,0,-1,3,-1
KR_6720253701,420,-3,-74,3,-5,-2,2,0,-1,2,1,-1,2,1,-3,5,2,2,1,3,-1,-7,-223,1,-5,4,1,0,0,-1,-1,0,-1,5,-1
KR_6737917129,440,1,-11,-32,5,1,1,2,4,1,5,-1,2,1,-1,5,4,2,1,3,0,7,1,2,-5,3,-3,0,-2,1,1,-1,1,3,-1
KR_6737979889,420,0,4,11,-5,-7,8,1,-4,4,0,4,1,5,-1,5,4,3,1,4,1,-2,12,3,-7,4,-3,0,0,1,1,1,1,1,-1
KR_6730537386,420,4,19,29,5,3,2,5,0,5,5,3,2,5,-3,4,1,2,0,2,0,1,7,1,-6,5,1,0,3,1,1,1,-1,4,-1
KR_6759666421,420,-4,-38,-40,-5,-3,4,1,-1,6,5,-2,6,4,-1,6,5,2,0,2,0,13,-575,3,-5,2,-3,0,-3,-1,-1,-1,-1,1,-1
KR_6712956115,420,0,-13,-8,2,-2,3,1,1,5,6,-3,4,1,4,0,4,2,0,2,0,1,332,1,-3,2,1,0,0,1,1,1,-1,2,-1
KR_6675969680,420,-4,-62,-16,-7,-4,5,1,2,1,3,2,0,2,-3,4,1,-4,6,2,-1,1,89,-3,-3,6,2,0,-1,-1,-1,-1,-1,4,-1
KR_6627759224,420,-2,-30,13,-7,3,0,3,2,3,5,-6,6,0,-4,7,3,-2,2,0,1,-11,4,0,-6,6,1,0,0,-1,1,-1,1,3,-1
KR_6679116743,440,-4,-27,-24,-14,-12,12,0,-1,4,3,2,2,4,-4,4,0,1,2,3,0,-9,0,-1,-2,3,0,0,-3,-1,1,-1,1,4,-1
KR_6748974749,420,-1,-30,-16,0,4,1,5,-2,4,2,-4,6,2,3,1,4,-1,1,0,0,-4,6,1,-5,4,-3,0,1,-1,-1,1,-1,2,-1
KR_6707345194,420,0,-22,-9,4,-2,2,0,1,0,1,0,2,2,3,0,3,2,0,2,0,5,-11,3,-6,3,0,0,-1,-1,-1,-1,1,6,-1
KR_6737281320,420,-2,57,-38,-8,0,1,1,-3,6,3,-3,4,1,0,3,3,-2,2,0,0,-11,6,3,-6,3,0,0,0,1,-1,0,-1,3,-1
KR_6759957333,420,2,26,8,5,3,1,4,1,2,3,1,3,4,0,3,3,0,0,0,-1,5,8,-2,-1,3,-2,0,2,1,1,1,-1,1,-1
KR_6727754987,440,-2,-50,-19,-6,1,2,3,1,3,4,-3,6,3,-4,6,2,-1,1,0,0,2,2,-2,-5,7,-5,0,0,-1,-1,0,1,5,-1
KR_6686371999,420,0,-67,4,-1,2,1,3,2,1,3,-3,3,0,-1,3,2,-1,2,1,0,1,-12,0,-4,4,0,0,0,-1,1,0,1,4,-1
KR_6755222775,420,-4,-31,-10,-3,4,0,4,0,1,1,0,1,1,-3,4,1,-4,5,1,0,0,0,3,-5,2,-3,0,0,1,-1,-1,-1,6,-1
KR_6721370699,420,-1,4,-28,-3,-1,3,2,0,4,4,0,4,4,-2,3,1,0,0,0,1,-8,-243,3,-3,0,4,0,0,-1,1,0,1,1,-1
KR_6560337592,440,-3,-67,-10,-13,-1,2,1,1,2,3,-4,4,0,-2,2,0,-7,7,0,0,-10,-14,3,-6,3,-1,0,1,-1,-1,-1,-1,3,-1
KR_6679880313,420,-9,-80,-32,-20,-2,4,2,-3,4,1,-2,5,3,-8,11,3,-5,6,1,0,-16,-2,2,-5,3,0,0,-2,-1,-1,-1,-1,2,-1
KR_6684537428,420,-2,9,-37,-5,-1,4,3,-3,5,2,3,4,7,-2,4,2,-2,2,0,1,0,1,5,-7,2,3,0,0,-1,1,0,1,4,-1
KR_6725169340,420,1,80,19,9,0,0,0,1,3,4,0,4,4,6,0,6,2,0,2,1,13,38,-2,-2,4,-31,0,0,1,-1,1,1,3,-1
KR_6692090570,420,-1,-42,4,-3,2,2,4,-4,5,1,0,1,1,-1,1,0,0,0,0,0,-1,-269,0,-3,3,2,0,0,1,-1,0,-1,4,-1
KR_6748357295,420,-3,9,6,-10,-2,2,0,2,0,2,-5,5,0,-5,5,0,0,1,1,0,-6,-6,-6,-2,8,1,0,-1,0,1,-1,-1,0,-1
KR_6648914874,420,1,61,7,-2,5,0,5,-4,5,1,-1,2,1,-2,4,2,0,2,2,0,-4,-102,4,-6,2,0,0,0,0,-1,-1,1,0,-1
KR_6530400901,420,-5,-1,18,-12,-3,4,1,-2,3,1,-3,3,0,1,1,2,-5,5,0,0,-13,-7,-1,-2,3,1,0,-1,0,-1,-1,-1,0,-1
KR_6730200919,440,-2,-5,-16,-2,0,0,0,2,1,3,0,2,2,-5,5,0,1,3,4,0,-1,-6,2,-4,2,-3,0,-1,-1,1,-1,-1,5,-1
KR_6656501726,420,-1,61,-21,-1,2,2,4,0,4,4,4,2,6,-5,8,3,-2,2,0,0,1,-4,3,-9,6,0,0,1,-1,1,1,-1,3,-1
KR_6654960393,420,-4,-18,-20,-9,-3,5,2,0,4,4,-3,3,0,-3,4,1,0,1,1,0,-2,-1,1,-3,2,0,0,-1,-1,-1,-1,1,5,-1
KR_6759621213,420,-1,4,19,-1,-2,3,1,1,5,6,2,1,3,-3,4,1,1,0,1,-1,-8,-10,-1,-5,6,2,0,-1,1,-1,-1,-1,6,-1
KR_6633524139,420,-2,-38,8,-11,0,2,2,-4,6,2,-3,6,3,-2,4,2,-2,3,1,0,-13,-24,-5,-1,6,7,0,-1,-1,1,-1,-1,6,-1
KR_6760511852,440,0,-5,12,-2,-3,3,0,4,0,4,0,1,1,-1,5,4,-2,3,1,0,-5,-1,1,-4,3,-2,0,1,1,-1,1,-1,6,-1
KR_6708189762,420,-3,28,-4,-11,-2,3,1,0,0,0,-3,4,1,-1,3,2,-5,5,0,0,-12,-11,-3,-3,6,1,0,-1,-1,-1,-1,-1,6,-1
KR_6764189701,420,1,49,-1,-4,-2,3,1,-3,3,0,-1,3,2,0,2,2,2,1,3,0,-9,7,-1,-4,5,-2,0,1,1,-1,1,-1,5,-1
KR_6693173309,420,-1,-18,0,-6,-3,3,0,-3,6,3,-3,4,1,4,1,5,-1,2,1,0,-7,18,2,-4,2,1,0,0,-1,0,0,-1,5,-1
KR_6728541362,440,-2,35,-4,-6,0,0,0,-8,8,0,1,2,3,1,2,3,0,0,0,0,-4,2,4,-8,4,-2,0,0,-1,-1,0,-1,5,-1
KR_6726955523,420,-1,14,1,-1,2,2,4,-2,4,2,-5,6,1,2,0,2,2,1,3,0,-6,0,4,-7,3,3,0,-1,-1,-1,-1,-1,6,-1
KR_6703006817,420,-4,34,-25,-8,-1,1,0,-3,6,3,-3,4,1,0,1,1,-1,1,0,-1,-11,-9,0,-5,5,0,0,0,1,1,0,-1,4,-1
KR_6706711326,420,0,-33,-8,1,6,0,6,-7,8,1,7,1,8,-3,7,4,-2,2,0,0,-2,-234,5,-6,1,3,0,-1,-1,1,-1,-1,6,-1
KR_6743046646,420,1,-9,30,-6,1,0,1,-4,4,0,2,1,3,-2,3,1,-3,3,0,0,-5,-344,-3,-3,6,4,0,0,0,-1,0,1,0,-1
KR_6764586143,420,-3,7,-29,-8,-2,2,0,-3,4,1,0,1,1,-4,5,1,1,1,2,0,-11,1,3,-5,2,2,0,0,-1,0,0,-1,4,-1
KR_6657153580,420,-3,0,-32,-8,-4,5,1,-3,5,2,-1,4,3,1,0,1,-1,1,0,0,-10,6,2,-9,7,-5,0,-1,1,-1,-1,-1,6,-1
KR_6758309967,420,-7,-183,-48,-18,-7,7,0,-2,3,1,-2,2,0,-5,5,0,-2,2,0,-1,-16,0,-5,-3,8,-5,0,-3,1,-1,-1,-1,6,-1
KR_6714680521,420,-2,-25,-7,-5,1,0,1,-4,4,0,-2,4,2,0,0,0,0,1,1,0,-2,-12,-9,-5,14,-2,0,1,-1,-1,1,-1,2,-1
KR_6301972196,420,2,21,24,4,-3,3,0,4,3,7,-1,3,2,3,2,5,1,0,1,1,10,12,3,-7,4,3,0,0,-1,-1,0,1,3,-1
KR_6755351032,420,-4,-45,2,-6,-1,1,0,0,3,3,-2,6,4,-2,4,2,-1,1,0,2,-3,0,2,-8,6,-1,0,-2,1,-1,-1,1,6,-1
KR_6723587774,440,-5,-36,15,-9,-1,5,4,-4,5,1,-2,2,0,-3,6,3,1,0,1,0,-16,2,-2,-4,6,2,0,0,1,-1,0,1,1,-1
KR_6702589397,420,-3,-6,-32,-2,2,0,2,-3,3,0,-4,4,0,4,3,7,-1,1,0,-3,-8,-1,-1,-4,5,-3,0,0,-1,-1,0,-1,3,-1
KR_6686576898,420,-9,-67,-33,-16,-4,6,2,-3,5,2,-1,3,2,-5,9,4,-3,3,0,0,5,7,-2,-1,3,0,0,-4,1,0,-1,-1,1,-1
KR_6764775981,420,0,-33,12,-5,1,1,2,-4,5,1,-3,3,0,0,1,1,1,0,1,0,-10,-9,-7,-2,9,1,0,0,0,-1,0,-1,0,-1
KR_6730914468,420,-2,-14,-16,-6,1,1,2,-3,5,2,-2,3,1,-1,1,0,-1,1,0,0,-12,19,-1,-3,4,-5,0,-1,-1,-1,-1,1,6,-1
KR_6757389799,420,-4,-13,-12,-6,-2,3,1,-2,3,1,1,1,2,-5,5,0,2,0,2,0,-5,7,-4,-1,5,-1,0,0,-1,-1,0,-1,5,-1
KR_6490796538,420,-3,-1,-24,-6,1,0,1,-4,5,1,-8,8,0,4,2,6,1,1,2,0,2,140,-1,-6,7,-3,0,-1,-1,-1,1,1,6,-1
KR_6750091648,420,2,85,-4,4,1,1,2,-1,2,1,1,3,4,1,2,3,2,1,3,0,8,7,3,-5,2,-3,0,0,-1,-1,0,-1,5,-1
KR_6718625427,420,1,39,-6,4,5,0,5,-2,3,1,0,1,1,0,2,2,1,1,2,0,-2,2,4,-9,5,3,0,1,1,1,1,1,1,-1
KR_6626045498,420,-6,-97,-16,-10,-1,1,0,2,4,6,3,0,3,-11,13,2,-3,3,0,0,-6,-34,4,-8,4,26,0,-1,-1,-1,-1,-1,1,-1
KR_6733562112,420,-2,-94,-4,-7,2,0,2,-3,7,4,-2,4,2,-3,4,1,-1,1,0,0,-8,-1,-5,-2,7,0,0,0,-1,0,0,-1,3,-1
KR_6736494862,440,-8,-163,-31,-15,-2,2,0,3,3,6,-7,8,1,-3,6,3,-6,7,1,1,-8,-6,-4,-2,6,0,0,-1,-1,-1,-1,1,3,-1
KR_6649398091,420,-3,-91,-4,-3,-4,6,2,-2,3,1,-2,3,1,2,0,2,3,0,3,0,7,28,5,-6,1,-2,0,-2,1,-1,-1,-1,5,-1
KR_6730224165,420,-4,-48,-21,-9,-2,3,1,0,3,3,-1,3,2,-4,5,1,-2,3,1,0,-12,177,0,-3,3,0,0,-2,-1,-1,-1,-1,4,-1
KR_6709656062,420,0,29,4,-1,1,2,3,4,1,5,0,2,2,-4,4,0,-2,2,0,0,-5,-1,3,-5,2,-4,0,0,1,0,0,1,4,-1
KR_6741647840,420,-5,-29,-20,-10,1,1,2,-7,8,1,-1,1,0,-2,3,1,-1,1,0,0,-12,6,1,-5,4,-2,0,-1,-1,-1,-1,-1,2,-1
KR_6633248979,420,0,30,-21,4,4,0,4,2,1,3,-3,4,1,-1,3,2,2,2,4,1,2,-4,-2,-5,7,1,0,1,1,1,1,-1,3,-1
KR_6762385948,420,-2,-74,5,0,5,0,5,1,3,4,-1,3,2,-4,5,1,-1,1,0,0,-10,-5,-2,-5,7,2,0,-1,-1,1,-1,1,4,-1
KR_6597089029,420,1,-39,-4,6,-2,4,2,7,1,8,0,2,2,2,0,2,-1,2,1,0,9,37,8,-10,2,5,0,1,1,1,1,-1,3,-1
KR_6756598955,440,3,-13,-3,14,2,3,5,4,0,4,5,0,5,2,3,5,1,0,1,0,13,2,2,-4,2,3,0,0,0,-1,-1,1,0,-1
KR_6730315405,420,0,0,1,0,-4,4,0,2,1,3,0,1,1,4,1,5,-2,2,0,0,9,-6,1,-6,5,3,0,0,-1,-1,-1,-1,4,-1
KR_6732767299,420,-6,-64,-11,-17,-6,6,0,2,2,4,-3,5,2,-4,5,1,-6,6,0,-1,-17,-4,0,-3,3,1,0,-4,-1,-1,-1,-1,4,-1
KR_6669256107,420,1,20,29,7,1,2,3,-1,6,5,2,1,3,2,4,6,3,1,4,3,6,0,0,-7,7,-2,0,1,1,1,1,1,2,-1
KR_6722218730,420,-1,13,21,-2,-1,1,0,0,3,3,1,1,2,-3,4,1,1,1,2,0,-2,0,-1,-6,7,1,0,0,1,1,0,1,5,-1
KR_6742722210,420,-2,33,-10,-1,-3,3,0,4,0,4,-1,2,1,-1,3,2,0,2,2,0,4,-221,2,-8,6,-1,0,-1,1,1,-1,1,6,-1
KR_6348813101,420,-8,-153,8,-19,-7,7,0,-1,4,3,-3,3,0,-6,7,1,-2,3,1,0,-12,1,0,-4,4,-5,0,-3,-1,1,-1,-1,3,-1
KR_6545136958,420,3,87,6,1,-8,8,0,8,0,8,-1,2,1,2,1,3,0,0,0,0,-3,-15,-2,-4,6,5,0,0,1,-1,1,1,3,-1
KR_6601211369,420,-3,-68,-4,-8,-2,2,0,0,1,1,-4,4,0,-2,7,5,0,0,0,1,-11,5,1,-9,8,3,0,-2,-1,1,-1,1,1,-1
KR_6729252389,420,2,10,4,4,-4,5,1,1,0,1,1,5,6,5,2,7,1,1,2,0,0,341,0,-4,4,-6,0,0,1,1,1,1,6,-1
KR_6633377257,420,0,46,-4,4,0,3,3,3,1,4,6,1,7,-4,5,1,-1,3,2,0,8,10,1,-4,3,1,0,1,-1,1,1,1,3,-1
KR_6721660320,420,-2,-12,-12,-4,3,0,3,-1,2,1,-4,6,2,-1,1,0,-1,1,0,0,-7,29,1,-3,2,-28,0,-1,-1,-1,-1,-1,4,-1
KR_6216367252,420,-4,-63,10,-7,-3,4,1,1,1,2,-5,6,1,-1,3,2,1,1,2,0,1,1,1,-4,3,-4,0,-2,-1,-1,-1,-1,5,-1
KR_6706491809,420,-4,-53,6,-10,-2,2,0,-3,3,0,-4,4,0,-3,5,2,2,1,3,0,-7,-5,0,-5,5,1,0,-3,-1,-1,-1,-1,4,-1
KR_6490673856,420,-6,-94,-42,-14,-3,5,2,-7,7,0,-1,3,2,-2,4,2,-1,1,0,-1,-14,13,3,-8,5,-1,0,-2,1,-1,-1,-1,1,-1
KR_6710594055,440,-3,-84,-23,-3,4,2,6,-1,1,0,-2,2,0,-1,2,1,-3,3,0,0,6,32,-1,-3,4,-4,0,-1,0,0,-1,1,0,-1
KR_6658005178,420,-5,-60,-20,-10,0,2,2,-1,3,2,-1,4,3,-5,6,1,-3,3,0,0,-9,-5,-6,-1,7,-1,0,-3,-1,1,-1,-1,4,-1
KR_6739074659,420,0,-42,-32,4,0,1,1,3,2,5,-1,5,4,0,5,5,2,0,2,3,24,-20,-1,-1,2,2,0,0,0,-1,0,1,0,-1
KR_6408531763,420,0,-5,-22,1,1,0,1,0,2,2,-2,2,0,2,2,4,0,1,1,1,4,-5,0,-4,4,0,0,1,-1,1,1,1,3,-1
KR_6757030067,420,-4,-40,-24,-11,-6,6,0,-1,3,2,-3,4,1,2,2,4,-3,3,0,0,1,-7,0,-3,3,2,0,-2,0,-1,-1,1,0,-1
KR_6504540681,420,-1,59,20,-4,0,2,2,-2,6,4,-4,7,3,-1,4,3,3,0,3,0,-5,4,-1,-3,4,3,0,1,1,1,1,-1,1,-1
KR_6714424550,440,2,-4,26,3,3,0,3,2,0,2,3,3,6,-1,4,3,-4,5,1,0,0,105,-1,-7,8,2,0,-1,0,-1,-1,-1,0,-1
KR_6749293219,420,-8,-77,-24,-19,-6,8,2,-4,4,0,1,3,4,-10,10,0,0,0,0,0,-10,13,-3,-4,7,0,0,-2,-1,1,-1,-1,6,-1
KR_6669389067,420,1,31,-12,3,3,1,4,-3,4,1,1,1,2,3,0,3,-1,1,0,0,3,-4,1,-7,6,3,0,1,1,1,1,-1,3,-1
KR_6762182216,420,0,-14,23,3,-1,2,1,1,1,2,3,1,4,-1,3,2,1,0,1,0,3,20,-1,-4,5,2,0,0,1,1,0,-1,1,-1
KR_6715562752,420,-1,-29,-20,-8,-1,9,8,5,2,7,0,2,2,-6,6,0,-6,6,0,0,6,7,2,-4,2,-5,0,0,-1,1,-1,-1,3,-1
KR_6688112103,420,-3,29,-12,-6,-1,2,1,-1,2,1,-2,5,3,0,3,3,-2,2,0,0,-2,3,2,-6,4,0,0,0,-1,0,0,-1,2,-1
KR_6672582093,420,0,6,-21,0,-2,4,2,2,2,4,-1,1,0,1,3,4,0,0,0,0,0,6,1,-5,4,1,0,0,1,1,0,-1,2,-1
KR_6684570634,420,0,12,26,-4,-2,2,0,-2,3,1,4,1,5,-5,5,0,1,0,1,0,-14,29,-2,-4,6,-5,0,1,-1,1,1,-1,2,-1
KR_6763201034,420,-1,-41,-8,-10,-5,5,0,-5,7,2,0,3,3,-1,2,1,1,0,1,-1,-16,-10,-4,-1,5,-2,0,-2,-1,-1,-1,-1,1,-1
KR_6659671247,420,-3,-8,4,-1,0,1,1,0,3,3,0,3,3,-1,2,1,0,0,0,0,3,5,2,-5,3,-2,0,-1,-1,1,-1,1,5,-1
KR_6668730804,420,0,53,8,-2,4,0,4,-1,4,3,-1,2,1,-3,3,0,-1,1,0,0,-3,-103,0,-8,8,-1,0,1,0,1,1,1,0,-1
KR_6627279420,420,-8,-151,21,-19,-6,7,1,-3,5,2,-1,3,2,-8,8,0,-1,1,0,0,-13,-2,0,-6,6,-6,0,-2,-1,-1,-1,-1,6,-1
KR_6695581649,420,-3,22,5,-1,1,1,2,1,3,4,-3,3,0,2,1,3,-2,4,2,0,-4,4,-2,-3,5,-2,0,0,-1,1,0,-1,4,-1
KR_6664032667,420,0,3,8,-4,-1,1,0,-3,5,2,-1,1,0,0,2,2,1,0,1,0,-2,14,-7,-1,8,2,0,-1,0,-1,-1,-1,0,-1
KR_6757478770,420,2,-1,5,1,3,3,6,3,0,3,-2,3,1,-7,8,1,4,0,4,-1,-1,-19,-3,-1,4,1,0,0,0,0,0,-1,0,-1
KR_6710630210,420,-5,-119,-4,-9,-8,9,1,0,1,1,1,2,3,0,2,2,-2,2,0,-1,-4,-12,1,-5,4,-1,0,0,-1,-1,-1,-1,6,-1
KR_6753109326,420,0,-32,11,-1,-2,3,1,0,2,2,2,0,2,-1,2,1,0,0,0,0,-2,17,2,-3,1,-6,0,1,-1,1,1,-1,2,-1
KR_6717140470,420,2,37,-4,4,5,0,5,1,4,5,-4,4,0,0,0,0,2,0,2,0,6,3,-1,-5,6,0,0,2,-1,1,1,-1,5,-1
KR_6694045381,420,-2,84,-7,-4,3,0,3,-1,4,3,-4,6,2,-1,2,1,-1,1,0,0,-7,12,2,-7,5,-27,0,0,-1,1,-1,1,4,-1
KR_6684503415,420,-6,-124,-13,-16,1,2,3,2,5,7,-5,6,1,-10,12,2,-4,5,1,0,-19,-18,-8,0,8,0,0,-1,-1,1,-1,-1,2,-1
KR_6627467116,420,-1,-7,-6,-2,0,0,0,-1,2,1,-1,4,3,1,2,3,-1,1,0,0,-2,-65,1,-6,5,5,0,0,-1,-1,0,-1,6,-1
KR_6763959938,420,-2,0,-28,-7,-2,2,0,-1,2,1,-1,5,4,-2,4,2,-1,1,0,0,-12,29,-1,-3,4,-26,0,0,0,-1,0,-1,0,-1
KR_6752817809,420,-2,-63,-35,-7,1,3,4,-8,10,2,1,1,2,1,3,4,-2,3,1,-2,-4,12,3,-8,5,-6,0,-1,1,-1,1,-1,4,-1
KR_6749608296,440,-2,33,-22,0,1,1,2,-1,3,2,0,5,5,-1,5,4,1,0,1,0,2,-5,1,-3,2,4,0,0,1,-1,1,-1,2,-1
KR_6663544384,420,-1,39,-13,-4,1,0,1,-2,2,0,0,3,3,-2,6,4,-1,2,1,-1,-10,-9,-1,-3,4,-1,0,0,-1,0,0,-1,5,-1
KR_6588137913,420,0,-8,6,-3,0,1,1,-3,4,1,1,2,3,-1,1,0,0,0,0,0,-5,-29,-1,-3,4,-4,0,0,-1,-1,-1,-1,2,-1
KR_6666764353,420,4,62,25,7,2,2,4,4,2,6,-1,2,1,2,0,2,0,1,1,0,8,-3,1,-3,2,1,0,1,1,1,1,1,6,-1
KR_6763198009,420,-3,12,-4,-8,1,1,2,0,3,3,-4,5,1,-5,10,5,0,0,0,-4,-19,-3,-2,-1,3,4,0,-2,-1,1,-1,-1,3,-1
KR_6676958039,420,1,-6,-12,0,1,1,2,-4,5,1,0,1,1,2,0,2,1,0,1,0,3,4,1,-6,5,-2,0,0,-1,-1,0,-1,5,-1
KR_6753828086,420,0,-11,-7,1,5,1,6,0,1,1,-5,5,0,1,1,2,0,0,0,0,0,184,-1,-2,3,-1,0,0,0,-1,0,1,0,-1
KR_6522735694,420,-4,-45,-9,-10,-6,7,1,-3,3,0,-3,4,1,3,0,3,-1,1,0,0,-5,3,-1,-4,5,-2,0,-2,0,-1,-1,-1,0,-1
KR_6726106372,420,-1,-21,-19,-11,-1,4,3,-1,3,2,-5,7,2,-3,5,2,-1,1,0,-1,-17,-4,-2,-4,6,-1,0,-2,-1,1,-1,-1,5,-1
KR_6725479928,420,1,3,8,6,1,0,1,-2,3,1,3,1,4,2,1,3,2,0,2,0,11,45,3,-6,3,2,0,0,1,-1,1,1,6,-1
KR_6292766116,420,-6,-73,13,-21,1,3,4,0,0,0,-13,13,0,-10,12,2,1,1,2,0,-14,1,-4,-1,5,-1,0,-3,-1,-1,-1,-1,4,-1
KR_6760584814,420,-3,49,-24,-7,-3,4,1,1,6,7,-8,8,0,4,3,7,-1,2,1,0,-4,-7,6,-8,2,4,0,-2,0,-1,-1,1,0,-1
KR_6745616356,420,-3,-16,-56,-11,2,1,3,-7,8,1,-4,6,2,-2,2,0,0,2,2,0,-11,-1,-2,-4,6,-3,0,-1,1,-1,-1,1,1,-1
KR_6757832843,420,-1,31,-16,-3,4,0,4,-2,4,2,-3,6,3,-2,3,1,0,1,1,1,2,2,-6,-1,7,3,0,1,-1,-1,1,1,3,-1
KR_6753690689,420,2,-1,-32,5,4,0,4,3,2,5,-2,2,0,-1,3,2,1,0,1,0,7,4,3,-5,2,-3,0,-1,0,-1,-1,1,0,-1
KR_6755349126,420,0,12,14,2,-2,3,1,-1,2,1,6,1,7,0,2,2,-1,2,1,0,3,-2,0,-5,5,4,0,0,-1,1,0,1,3,-1
KR_6601177432,420,-6,-52,-16,-14,-4,4,0,-1,2,1,0,3,3,-8,9,1,-1,3,2,0,-11,-5,-4,-5,9,-3,0,-3,-1,1,-1,-1,4,-1
KR_6761393130,420,-1,-32,5,1,-1,2,1,0,5,5,4,1,5,-3,6,3,1,1,2,0,9,2,-2,-6,8,1,0,0,1,1,-1,1,2,-1
KR_6569915916,420,1,11,-14,-1,-3,3,0,-4,7,3,-1,3,2,5,1,6,2,0,2,-1,6,-2,-2,-3,5,2,0,-1,1,0,-1,-1,1,-1
KR_6756460058,420,-4,-80,16,-9,-2,2,0,-1,1,0,-7,7,0,-1,7,6,2,0,2,0,-8,-3,-4,-1,5,0,0,-1,1,0,-1,-1,6,-1
KR_6667399057,420,2,-18,-8,3,0,1,1,0,3,3,2,2,4,2,0,2,-1,1,0,0,6,-5,-2,-2,4,3,0,0,1,-1,-1,-1,1,-1
KR_6738466218,420,-7,-81,-7,-16,-3,3,0,-3,3,0,-5,5,0,-4,4,0,-1,2,1,0,-13,-16,2,-6,4,-1,0,-3,-1,-1,-1,-1,4,-1
KR_6740112657,420,-5,-127,-32,-9,-2,2,0,0,2,2,-5,8,3,-1,3,2,-1,2,1,0,-3,-4,-2,-2,4,-6,0,-2,-1,-1,-1,-1,5,-1
KR_6744845472,420,-1,-58,4,-2,-4,5,1,5,2,7,0,2,2,-2,3,1,-1,1,0,0,-1,-39,1,-3,2,20,0,-2,-1,1,-1,1,1,-1
KR_6707308199,420,-2,28,-14,-1,-1,2,1,-2,3,1,-5,6,1,3,2,5,4,1,5,0,6,1,-1,-4,5,-2,0,0,1,1,0,1,1,-1
KR_6718798802,420,-5,-129,-8,-14,-5,5,0,-4,5,1,1,3,4,-5,6,1,-1,3,2,-2,-13,-5,2,-5,3,-1,0,-1,-1,-1,-1,-1,1,-1
KR_6754610880,440,-6,-68,-44,-15,-3,3,0,-8,10,2,-1,2,1,-4,8,4,1,0,1,-1,-13,-2,-5,-3,8,1,0,-1,-1,0,-1,-1,6,-1
KR_6764400333,420,0,-20,40,-5,-7,7,0,3,2,5,3,1,4,-3,3,0,-1,1,0,-1,-1,-16,1,-2,1,4,0,0,0,1,1,-1,0,-1
KR_6700173816,420,1,-34,-2,-3,-2,4,2,2,3,5,0,1,1,-3,5,2,0,1,1,0,-8,-1,1,-4,3,3,0,-1,-1,-1,-1,-1,1,-1
KR_6741401883,420,2,3,16,5,-1,2,1,-3,5,2,3,2,5,3,1,4,3,1,4,1,-1,7,2,-4,2,-1,0,1,1,-1,1,1,2,-1
KR_6720268240,420,2,101,-12,-3,1,2,3,-6,8,2,-1,3,2,-1,2,1,4,0,4,-2,-14,-14,-1,-6,7,-3,0,1,1,-1,1,-1,1,-1
KR_6586468947,420,-1,7,-12,-7,-2,4,2,-2,2,0,0,0,0,1,1,2,-4,5,1,0,-8,-4,2,-5,3,-5,0,-1,-1,-1,-1,1,6,-1
KR_6699030140,420,-2,-79,12,-2,2,3,5,1,3,4,-5,6,1,0,1,1,0,1,1,0,-10,-2,-5,-3,8,7,0,-3,-1,-1,-1,-1,1,-1
KR_6759120506,440,-4,-38,-19,-10,-3,5,2,3,1,4,-2,4,2,-7,7,0,-1,2,1,1,-20,-20,2,-8,6,6,0,0,1,0,0,1,3,-1
KR_6751365674,420,-2,31,-4,-4,0,0,0,-3,3,0,0,1,1,-2,4,2,1,1,2,0,-5,35,0,-2,2,-15,0,0,1,-1,0,1,6,-1
KR_6616547012,420,-2,-1,-5,-3,-3,4,1,1,3,4,0,2,2,-3,3,0,2,1,3,0,-1,-5,0,-3,3,1,0,-1,-1,-1,-1,-1,6,-1
KR_6659064979,420,-2,-65,-15,-5,-1,2,1,-3,4,1,-2,4,2,-1,3,2,2,1,3,-1,-8,-5,0,-7,7,0,0,0,1,1,0,-1,4,-1
KR_6731248018,440,0,-5,-12,0,0,1,1,2,4,6,1,1,2,-3,8,5,0,0,0,0,-3,-17,1,-7,6,3,0,0,0,1,0,-1,0,-1
KR_6749557863,420,-1,19,-24,-6,-2,2,0,-2,3,1,0,4,4,-2,2,0,0,0,0,0,-10,-6,-3,-2,5,0,0,-1,-1,-1,1,1,5,-1
KR_6729345146,420,-5,-126,-1,-7,-3,4,1,-1,2,1,-4,4,0,-1,1,0,2,1,3,0,-6,3,2,-5,3,-8,0,-2,-1,-1,-1,-1,2,-1
KR_6649405546,420,-3,-35,-7,-11,2,1,3,-2,2,0,-5,5,0,-7,8,1,1,1,2,0,-13,-15,-1,-5,6,-1,0,-2,-1,-1,-1,1,3,-1
KR_6623746565,420,-4,-32,-23,-10,-4,5,1,-3,5,2,-5,6,1,1,0,1,1,0,1,0,-10,-34,0,-3,3,-3,0,-1,1,-1,-1,-1,2,-1
KR_6739995146,420,4,-23,3,8,2,1,3,-1,2,1,6,1,7,1,4,5,0,0,0,1,2,19,-4,-3,7,1,0,2,-1,1,1,1,2,-1
KR_6762962676,420,-1,-28,-16,-5,-3,4,1,1,0,1,-1,2,1,-1,1,0,-1,2,1,0,-3,16,1,-4,3,-10,0,0,-1,1,1,-1,2,-1
KR_6690322765,420,-2,-11,-7,-4,-2,2,0,-1,7,6,-1,4,3,1,1,2,-1,1,0,0,4,123,5,-7,2,-2,0,0,-1,-1,0,-1,3,-1
